galfind/configs/Brown_Dwarf_templates/sonora_bobcat/m0.0/56g/sp_t300g56nc_m0.0_resample.dat
# %ECSV 1.0
# ---
# datatype:
# - {name: wav, unit: Angstrom, datatype: float64}
# - {name: flux_nu, unit: erg / (cm2 Hz s), datatype: float64}
# meta: {C/O: '1.00', Kzz: '1.0000E+05', Teff: '300.', Y: '0.28', '[Fe/H]': '0.00', f_hole: '1.00', f_rain: '0.00', grav: '56.'}
# schema: astropy-2.0
wav flux_nu
[from data line 498]
28900.056 2.1558758624535215e-12
28950.056 3.0289147792391853e-12
29000.056 1.4604150966453155e-12
29050.056 2.7754193023177256e-12
29100.056 1.0537079766268211e-12
29150.056 9.560566382908842e-13
29200.056 8.15505672674839e-12
29250.056 4.28500364454439e-12
29300.056 2.4181209440236204e-12
29350.056 6.786210518684072e-12
29400.056 3.940147252920184e-12
29450.056 9.714855808871373e-13
29500.056 8.917054626249809e-12
29550.056 2.0396622859067984e-12
29600.056 1.95855491599218e-12
29650.056 1.2024372466581645e-11
29700.056 1.4884564587702671e-12
29750.056 9.598216931338932e-12
29800.056 3.862048786477196e-12
29850.056 1.0241249992115412e-11
29900.056 3.299083228658577e-12
29950.056 4.893091246087487e-12
30000.056 3.572476444632734e-14
30050.056 5.286485319999408e-13
30100.056 3.4497412180124157e-12
30150.056 1.3939754083389345e-11
30200.056 7.342028123971176e-12
30250.056 1.1115834454497037e-11
30300.056 1.9649815957334236e-11
30350.056 2.3898847314990092e-12
30400.056 1.8061549149428254e-11
30450.056 1.903384798186201e-11
30500.056 4.2301411960657475e-12
30550.056 4.184266914155664e-12
30600.056 9.3316018185771e-11
30650.056 2.9215713162261226e-11
30700.056 8.031379645953431e-12
30750.056 2.599708989834163e-11
30800.056 3.480253257543795e-11
30850.056 3.467071737137001e-11
30900.056 1.4268862797857002e-11
30950.056 9.628619101912867e-12
31000.056 1.5104522079883124e-11
31050.056 4.97120837392994e-12
31100.056 4.607788943639734e-12
31150.056 8.906332146680203e-12
31200.056 5.0347648761813465e-11
31250.056 2.49362252785995e-11
31300.056 9.420752470038754e-12
31350.056 4.556962703690195e-11
31400.056 3.1136066253154044e-11
31450.056 2.7853281140483686e-11
31500.056 7.395438421438572e-12
31550.056 1.57517744770826e-11
31600.056 1.2790966731032242e-11
31650.056 9.972194348538646e-12
31700.056 6.632972213279701e-12
31750.056 3.799083679560293e-12
31800.056 6.3304268508178796e-12
31850.056 8.168638593295153e-13
31900.056 1.9898512099614473e-12
31950.056 1.365751268691915e-12
32000.056 5.894417985364814e-13
32050.056 1.0669467859099833e-12
32100.056 9.75270277588918e-13
32150.056 6.515926922342183e-13
32200.056 2.6160542710828357e-13
32250.056 6.502046479122846e-13
32300.056 1.3844873010110076e-13
32350.056 5.691614545223885e-13
32400.056 3.403277476485386e-14
32450.056 3.119348638825886e-13
32500.056 2.982013922883566e-14
32550.056 2.2854564496518787e-13
32600.056 1.8654556018719153e-14
32650.056 7.01924011692886e-13
32700.056 3.69455793069363e-14
32750.056 2.0433803404832607e-12
32800.056 6.741230431903359e-13
32850.056 6.90203541416978e-12
32900.056 4.945692566612032e-12
32950.056 5.2069404080857e-12
33000.056 1.0683666546577077e-12
33050.056 8.392985392884696e-13
33100.056 1.1794280767105356e-13
33150.056 6.176093738175262e-17
33200.056 7.43931964367835e-15
33250.056 1.4122323207300208e-14
33300.056 3.2631329162508987e-13
33350.056 5.86992421110989e-13
33400.056 3.5632778209828e-12
33450.056 5.971117847728088e-13
33500.056 3.9025320648187665e-12
33550.056 4.772299980656877e-13
33600.056 1.6759023727820096e-12
33650.056 1.6537198580683099e-12
33700.056 2.3903727249260756e-13
33750.056 2.3145269007809236e-12
33800.056 7.97571418815096e-14
33850.056 1.0551226754967452e-12
33900.056 1.2470872436555886e-12
33950.056 1.1724495660424428e-12
34000.056 3.181033028582681e-12
34050.056 4.473878689471946e-13
34100.056 3.6646052137801716e-12
34150.056 1.2011116620366464e-12
34200.056 5.243258350653068e-12
34250.056 1.802053221482801e-12
34300.056 2.772728897109169e-12
34350.056 1.1854197706046136e-11
34400.056 1.7477629078667646e-12
34450.056 8.59709817025783e-12
34500.056 2.5951162456567866e-12
34550.056 4.854173882149686e-12
34600.056 2.4704139213096267e-11
34650.056 1.2815696052737065e-12
34700.056 1.2435187301547568e-11
34750.056 6.92253257136559e-12
34800.056 5.849929894945775e-12
34850.056 2.5396935120284678e-11
34900.056 2.2007755185074546e-12
34950.056 2.843694106619523e-11
35000.056 3.627080531450215e-11
35050.056 2.877355294836302e-11
35100.056 5.41717959589616e-11
35150.056 4.197287410988479e-11
35200.056 3.294461729869496e-11
35250.056 6.991232984166053e-11
35300.056 1.9681267591680203e-11
35350.056 1.605136869397339e-11
35400.056 9.905888521524735e-12
35450.056 1.1387486615300627e-11
35500.056 5.004297779860289e-11
35550.056 2.390963923450753e-11
35600.056 4.9840940052966894e-11
35650.056 8.005136465691799e-11
35700.056 8.368765217406753e-11
35750.056 6.636828140018525e-11
35800.056 3.819136659901126e-11
35850.056 1.560218075823212e-11
35900.056 1.881487039109209e-11
35950.056 3.418604119760663e-11
36000.056 5.003559520435813e-11
36050.056 3.098287238512389e-11
36100.056 2.975481364705093e-11
36150.056 1.3673616453521855e-10
36200.056 1.118871914610808e-10
36250.056 6.065795615949698e-11
36300.056 2.2615301060335982e-10
36350.056 1.0161675874673099e-10
36400.056 1.8785115396467105e-10
36450.056 1.5454622773486221e-10
36500.056 1.5087563717129957e-10
36550.056 3.4670823630683725e-10
36600.056 2.990027577931654e-10
36650.056 1.7249521662414068e-10
36700.056 2.606568682642457e-10
36750.056 3.417048703615099e-10
36800.056 4.4410182098303704e-10
36850.056 1.3279177642796873e-10
36900.056 2.5852232178512457e-10
36950.056 4.4637584872757017e-10
37000.056 2.5090155007535006e-10
37050.056 4.922370529760841e-10
37100.056 1.7752812398470335e-10
37150.056 2.460241878049871e-10
37200.056 6.461656938519703e-10
37250.056 3.4195658445151516e-10
37300.056 1.462403895029905e-10
37350.056 3.1317172416663337e-10
37400.056 5.452005989144206e-10
37450.056 1.6076913955722025e-10
37500.056 3.2321715634239894e-10
37550.056 7.65707600941471e-10
37600.056 1.496700793436744e-09
37650.056 2.594010647159945e-10
37700.056 5.705935323137575e-10
37750.056 4.4705441711854675e-10
37800.056 3.5407539671928455e-10
37850.056 1.5954461202305768e-10
37900.056 1.9798529561483741e-10
37950.056 5.222771346029697e-10
38000.056 4.850401895056708e-10
38050.056 1.0213576623704674e-09
38100.056 1.162935996817415e-09
38150.056 1.624660310446515e-09
38200.056 1.0292245274651085e-09
38250.056 1.5722366619489345e-09
38300.056 2.4707429468429206e-09
38350.056 1.6677254149861744e-09
38400.056 4.227869652740415e-10
38450.056 1.0576547226395206e-10
38500.056 9.099745261719e-11
38550.056 5.92489976865851e-10
38600.056 6.98720181994096e-10
38650.056 8.190646938678161e-10
38700.056 3.5933511301406836e-10
38750.056 6.527740861566063e-10
38800.056 6.147829010654769e-10
38850.056 8.748978273395935e-10
38900.056 1.040347819217372e-09
38950.056 5.246206418199023e-10
39000.056 1.3713782764757853e-09
39050.056 3.957830745871839e-10
39100.056 9.190312305821649e-10
39150.056 1.6518918184062823e-09
39200.056 8.95658774357975e-10
39250.056 1.9738107263028922e-09
39300.056 8.929289894487345e-10
39350.056 2.419712747297849e-09
39400.056 9.746355487638111e-10
39450.056 1.861621559239001e-09
39500.056 1.713819469086246e-09
39550.056 5.502810014582906e-10
39600.056 1.8407462375336724e-09
39650.056 2.145269586250688e-09
39700.056 2.3586898533925516e-09
39750.056 7.959400504296117e-10
39800.056 8.546053874813299e-10
39850.056 2.5969346621606443e-09
39900.056 3.6972364400103474e-09
39950.056 9.53354959991627e-10
40000.056 2.1938120743990737e-09
40050.056 2.764758900477852e-09
40100.056 7.037288903446146e-10
40150.056 2.3910112016616073e-09
40200.056 2.7117423503600584e-09
40250.056 3.188484973971641e-09
40300.056 3.2769964475796843e-09
40350.056 1.5222242196332963e-09
40400.056 2.221560654345373e-09
40450.056 8.176277680619337e-10
40500.056 3.4509339530587458e-09
40550.056 3.7786320441570315e-09
40600.056 2.8021714077900186e-09
40650.056 1.8741662060498948e-09
40700.056 4.100010419440732e-09
40750.056 2.66409716284494e-09
40800.056 1.392339355099754e-09
40850.056 6.035076396881605e-09
40900.056 4.9581460067790874e-09
40950.056 4.129066779179301e-09
41000.056 2.600882196592518e-09
41050.056 6.48670104282823e-09
41100.056 5.216650988449927e-09
41150.056 1.3424804719954255e-09
41200.056 6.8782126429812265e-09
41250.056 4.584789605746991e-09
41300.056 4.843584203473586e-09
41350.056 7.598224704499452e-09
41400.056 5.649825739459425e-09
41450.056 8.894769836077632e-09
41500.056 4.791724995669396e-09
41550.056 3.945530335704725e-09
41600.056 4.38076668529505e-09
41650.056 7.374948466802066e-09
41700.056 1.1000286278297637e-08
41750.056 7.473224671458737e-09
41800.056 7.083131483301313e-09
41850.056 7.26727528806115e-09
41900.056 5.137557197649114e-09
41950.056 4.833076166585044e-09
42000.056 1.4704989365103478e-09
42050.056 2.9217944788884907e-09
42100.056 3.216683736448421e-09
42150.056 4.44778929555469e-09
42200.056 6.340379825698264e-09
42250.056 4.4722274640615145e-09
42300.056 3.8096343860394966e-09
42350.056 7.90683992971023e-09
42400.056 1.0449884503801314e-08
42450.056 1.134041639830226e-08
42500.056 1.1627624924198354e-08
42550.056 9.413961329098249e-09
42600.056 8.764523039294009e-09
42650.056 1.4071039737156138e-08
42700.056 4.9225706739686155e-09
42750.056 1.1113150106602144e-08
42800.056 1.821550332240183e-08
42850.056 1.7690374894295994e-08
42900.056 1.743523242510259e-08
42950.056 1.4266934787899784e-08
43000.056 1.669421505260143e-08
43050.056 7.291985521170195e-09
43100.056 1.229732965229965e-08
43150.056 1.0164692478210996e-08
43200.056 1.8376172394401682e-08
43250.056 2.255137911770088e-08
43300.056 2.12826532574e-08
43350.056 1.1445597931896615e-08
43400.056 1.7158440046201298e-08
43450.056 9.47701630916015e-09
43500.056 8.270998012816261e-09
43550.056 1.0447405247731234e-08
43600.056 2.0364228945602505e-08
43650.056 1.1579436648689837e-08
43700.056 2.286988803890689e-08
43750.056 2.264243258279724e-08
43800.056 1.856661422679775e-08
43850.056 1.6383854511501475e-08
43900.056 1.088923822246889e-08
43950.056 6.940067543099423e-09
44000.056 7.942594201199265e-09
44050.056 2.2966651036800155e-08
44100.056 2.9167322373999952e-08
44150.056 2.597661192777895e-08
44200.056 2.4891864012700976e-08
44250.056 1.1678699921998344e-08
44300.056 8.98009948881114e-09
44350.056 9.26464830730038e-09
44400.056 8.165365544499422e-09
44450.056 1.8481168927401967e-08
44500.056 1.673958578828211e-08
44550.056 2.4029483318999154e-08
44600.056 1.9195425419259426e-08
44650.056 1.7212119987201806e-08
44700.056 1.172622270619844e-08
44750.056 2.0914136412603802e-08
44800.056 1.1442383758960791e-08
44850.056 1.567841766950085e-08
44900.056 1.6182749484500298e-08
44950.056 1.9490163180602873e-08
45000.056 2.5265765061000958e-08
45050.056 2.0071387279897206e-08
45100.056 1.7985996503600145e-08
45150.056 1.4374451682247138e-08
45200.056 1.0950255092251145e-08
45250.056 1.3671642318616443e-08
45300.056 1.3265398128601741e-08
45350.056 8.755545017682712e-09
45400.056 3.12589486900035e-08
45450.056 2.2269234686802095e-08
45500.056 3.048175322700193e-08
45550.056 3.1227985365992016e-08
45600.056 2.439146185300409e-08
45650.056 2.0666750786399886e-08
45700.056 1.2402339722578821e-08
45750.056 1.140559441109098e-08
45800.056 3.04087487159015e-08
45850.056 2.0989561160610388e-08
45900.056 3.135026407279783e-08
45950.056 3.049328177349879e-08
46000.056 2.9384349205103035e-08
46050.056 2.042580480430363e-08
46100.056 3.8266594999997434e-08
46150.056 2.05076122341004e-08
46200.056 1.571346268834711e-08
46250.056 5.348160034932619e-09
46300.056 1.9687708610000435e-08
46350.056 1.9639557849203076e-08
46400.056 1.9359565095200484e-08
46450.056 1.7307821105442567e-08
46500.056 2.052493871040368e-08
46550.056 8.957395590389788e-09
46600.056 1.300899107534011e-08
46650.056 2.2698015829201187e-08
46700.056 1.4508785583296307e-08
46750.056 5.58968840505103e-09
46800.056 3.2951408535098656e-09
46850.056 2.0137505758103364e-08
46900.056 2.4396868977899042e-08
46950.056 2.528618638439851e-08
47000.056 2.5315941858103004e-08
47050.056 1.5104434121199585e-08
47100.056 1.1144027957841254e-08
47150.056 1.966426142184233e-08
47200.056 2.1062166860998178e-08
47250.056 9.402594329088348e-09
47300.056 6.159143297584593e-09
47350.056 2.289811151420224e-08
47400.056 2.2724423853797658e-08
47450.056 1.3890615501926676e-08
47500.056 2.5605345716380697e-08
47550.056 2.336668406960086e-08
47600.056 1.789537618164782e-08
47650.056 2.0798591541447635e-08
47700.056 1.5310954767494025e-08
47750.056 1.1323690489200227e-08
47800.056 7.90073429410129e-09
47850.056 3.0146902832026627e-09
47900.056 5.68101950613797e-09
47950.056 1.7163913085600917e-08
48000.056 2.3831572389899126e-08
48050.056 1.7924733103580484e-08
48100.056 7.238008587608919e-09
48150.056 1.5443472803900626e-08
48200.056 8.177708482685135e-09
48250.056 1.1925199230999541e-08
48300.056 2.273346191699912e-08
48350.056 1.1943469748298162e-08
48400.056 2.071302678526359e-09
48450.056 4.433476340017169e-09
48500.056 8.99055655009779e-09
48550.056 1.0897801348451534e-08
48600.056 1.9777633739399007e-08
48650.056 2.5520847264998302e-08
48700.056 1.5453745790103107e-08
48750.056 1.2728810401302502e-08
48800.056 2.0586507795800602e-08
48850.056 9.318643908868514e-09
48900.056 9.36342831131891e-09
48950.056 4.418908368079847e-09
49000.056 2.4923284936255863e-09
49050.056 9.962251708218682e-09
49100.056 1.515907933174288e-08
49150.056 1.1606491479471435e-08
49200.056 2.1010313317003104e-08
49250.056 2.1458570250599914e-08
49300.056 1.6812170648099325e-08
49350.056 5.2695818992661015e-09
49400.056 8.285245701917577e-09
49450.056 6.936514651466578e-09
49500.056 5.0006278310210175e-09
49550.056 6.96062150730012e-10
49600.056 2.326653166108497e-09
49650.056 9.024072149501325e-09
49700.056 1.135658128599695e-08
49750.056 8.574427648955237e-09
49800.056 4.798248023182204e-09
49850.056 1.3918072358982061e-08
49900.056 1.349928850029917e-08
49950.056 1.3444004995800129e-08
50000.056 6.958779296935753e-09
50050.056 8.820612769540807e-09
50100.056 7.3650567693993756e-09
50150.056 2.4968246696354416e-09
50200.056 2.898885524573327e-10
50250.056 2.3406669773000057e-09
50300.056 1.5198622324813571e-09
50350.056 8.511906894201641e-09
50400.056 1.0945216501218178e-08
50450.056 9.00752616288127e-09
50500.056 1.4461778007700202e-08
50550.056 1.3054238871800914e-08
50600.056 8.390629056657666e-09
50650.056 1.5787552542202057e-08
50700.056 1.3638508137298779e-08
50750.056 7.267718627400132e-09
50800.056 1.6232264251216397e-09
50850.056 6.470813528853315e-10
50900.056 6.461213204700807e-09
50950.056 7.3058125128990876e-09
51000.056 4.821432301816549e-09
51050.056 9.713317615698951e-09
51100.056 2.883673067752061e-09
51150.056 2.4387183466655803e-09
51200.056 1.1339784735399979e-08
51250.056 8.521436667888722e-09
51300.056 5.257240410691317e-09
51350.056 3.6847364337172805e-09
51400.056 7.191539120431674e-10
51450.056 6.542735168271748e-10
51500.056 6.714446727410797e-10
51550.056 3.4359031407808134e-09
51600.056 4.034973947431085e-09
51650.056 6.552164314000104e-09
51700.056 5.854675144793263e-09
51750.056 3.513237373020831e-09
51800.056 8.141297858899303e-09
51850.056 6.250972167069591e-09
51900.056 5.569487794599853e-09
51950.056 2.3769353179396797e-09
52000.056 1.8302108550394203e-10
52050.056 1.1008377913601126e-09
52100.056 5.210266053158866e-10
52150.056 2.6776824619051384e-10
52200.056 1.460868898670006e-09
52250.056 2.7706513858506204e-09
52300.056 2.9336685050997478e-09
52350.056 6.105168210917111e-10
52400.056 7.349088730729997e-10
52450.056 4.216562923600299e-09
52500.056 2.6998112572764163e-09
52550.056 4.777329019999836e-09
52600.056 4.113704787160095e-09
52650.056 4.932175063660142e-09
52700.056 2.8744842442896764e-09
52750.056 6.387507150095587e-10
52800.056 1.5651262890003123e-09
52850.056 1.889254813109526e-09
52900.056 4.713075527949515e-10
52950.056 9.735751447541802e-10
53000.056 2.4570667488004056e-09
53050.056 7.530713147897931e-10
53100.056 3.883973301299897e-09
53150.056 3.6290296044561718e-09
53200.056 1.6808737449272303e-09
53250.056 2.825316975270991e-09
53300.056 3.5173708267777365e-09
53350.056 2.616552508974195e-09
53400.056 1.493535168909548e-09
53450.056 3.8958758176386936e-10
53500.056 6.72929298169786e-11
53550.056 1.503594372932052e-10
