galfind/configs/Brown_Dwarf_templates/sonora_bobcat/m0.0/56g/sp_t550g56nc_m0.0_resample.dat
# %ECSV 1.0
# ---
# datatype:
# - {name: wav, unit: Angstrom, datatype: float64}
# - {name: flux_nu, unit: erg / (cm2 Hz s), datatype: float64}
# meta: {C/O: '1.00', Kzz: '1.0000E+05', Teff: '550.', Y: '0.28', '[Fe/H]': '0.00', f_hole: '1.00', f_rain: '0.00', grav: '56.'}
# schema: astropy-2.0
wav flux_nu
4000.0559999999996 nan
4050.0559999999996 3.441750354144293e-16
4100.056 6.0600608162601e-14
4150.056 4.804370284900077e-13
4200.056 4.4993244085677473e-13
4250.056 2.627899829700022e-12
4300.056 4.844287476200122e-12
4350.056 7.017923014000084e-12
4400.056 9.864846552500094e-12
4450.056 1.3664677127800067e-11
4500.056 1.62187011380003e-11
4550.056 1.6175934839674673e-11
4600.056 6.807857196199986e-12
4650.056 4.3186681598999564e-12
4700.056 2.169271430499981e-12
4750.056 5.57840918329992e-13
4800.056 1.2668430296499837e-13
4850.056 2.975956030699961e-14
4900.056 1.0136887735099918e-14
4950.056 4.537730575599971e-15
5000.056 2.1294384800999806e-15
5050.056 1.344880328010004e-15
5100.056 1.398498671000013e-15
5150.056 1.5451127256000142e-15
5200.056 1.716474273000005e-15
5250.056 1.8956100059000024e-15
5300.056 2.106074839400002e-15
5350.056 2.358337810100003e-15
5400.056 2.6298788458000026e-15
5450.056 2.9445143643000163e-15
5500.056 3.2896437906000223e-15
5550.056 3.645098889600008e-15
5600.056 3.972740229900004e-15
5650.056 4.232643950099995e-15
5700.056 4.322562317300002e-15
5750.056 4.2543218981e-15
5800.056 3.8139629559999905e-15
5850.056 2.689514005599962e-15
5900.056 8.553841766136511e-16
5950.056 5.32751388040016e-15
6000.056 1.1308864932599908e-14
6050.056 2.003151528600032e-14
6100.056 3.2228048846000325e-14
6150.056 4.871701264500033e-14
6200.056 7.067918441400039e-14
6250.056 9.833778551800016e-14
6300.056 1.3670974191500036e-13
6350.056 1.874928399200011e-13
6400.056 2.5425046932000143e-13
6450.056 3.245343559399918e-13
6500.056 4.394554665309966e-13
6550.056 6.034047909199939e-13
6600.056 8.339704499200303e-13
6650.056 1.1598825364600098e-12
6700.056 1.5251914519100157e-12
6750.056 2.181161391800014e-12
6800.056 2.773533489600033e-12
6850.056 3.1552267475000084e-12
6900.056 2.938374268300074e-12
6950.056 2.5815331973699615e-12
7000.056 2.7797375303100227e-12
7050.056 2.9906963715199422e-12
7100.056 3.3203038858499376e-12
7150.056 3.0635038574077108e-12
7200.056 2.9038972044900157e-12
7250.056 3.114413280158268e-12
7300.056 3.1528194342847146e-12
7350.056 3.389659683794775e-12
7400.056 3.6213965110101842e-12
7450.056 3.8817636894002e-12
7500.056 4.0063771724999735e-12
7550.056 3.931053015899984e-12
7600.056 3.609056836599983e-12
7650.056 1.2068506073059484e-12
7700.056 8.520674205710368e-13
7750.056 3.890868582900057e-12
7800.056 5.873843564839993e-12
7850.056 8.82804178409998e-12
7900.056 1.166009992659974e-11
7950.056 1.3325684894020052e-11
8000.056 1.8799885693800176e-11
8050.056 2.3291335500800604e-11
8100.056 2.4168197130719722e-11
8150.056 2.7041300129897618e-11
8200.056 3.9178168147464205e-11
8250.056 4.6514748316620133e-11
8300.056 5.868934015920434e-11
8350.056 6.787886299609436e-11
8400.056 8.392822045934109e-11
8450.056 1.1129058910339699e-10
8500.056 1.293413412789918e-10
8550.056 1.7450124115000308e-10
8600.056 2.255478424000029e-10
8650.056 2.75408476160005e-10
8700.056 3.195302155700041e-10
8750.056 3.819083208300027e-10
8800.056 4.328410045800089e-10
8850.056 4.198035760899854e-10
8900.056 1.8899780151288172e-10
8950.056 2.1295724746446153e-10
9000.056 1.993805316265668e-10
9050.056 4.95257558244997e-10
9100.056 6.243757376627672e-10
9150.056 7.205572374370878e-10
9200.056 1.0471174044939453e-09
9250.056 1.036556664331262e-09
9300.056 2.6637499917130913e-10
9350.056 3.294649381574147e-10
9400.056 6.071802209453468e-10
9450.056 7.446676227706483e-10
9500.056 6.58253669847408e-10
9550.056 7.72884587894559e-10
9600.056 7.478127875576088e-10
9650.056 9.94389589917625e-10
9700.056 1.518662094034701e-09
9750.056 1.5283655884469134e-09
9800.056 1.7287335393108108e-09
9850.056 1.96659800612787e-09
9900.056 2.5316463667033703e-09
9950.056 2.52075421909642e-09
10000.056 2.7088934027396218e-09
10050.056 3.5091282524701608e-09
10100.056 4.457163990969667e-09
10150.056 4.956939717299842e-09
10200.056 5.421694417500451e-09
10250.056 6.473402373669506e-09
10300.056 8.16719140786231e-09
10350.056 8.847409209319964e-09
10400.056 1.2089343812100481e-08
10450.056 1.4563467957896882e-08
10500.056 1.6971239791299748e-08
10550.056 1.977195866070053e-08
10600.056 2.122342747309916e-08
10650.056 2.2547968623500798e-08
10700.056 2.2183910687080612e-08
10750.056 2.2946487087102504e-08
10800.056 2.2271291502780415e-08
10850.056 1.9932371419870075e-08
10900.056 1.4014340426728598e-08
10950.056 6.778458391575971e-09
11000.056 4.593608625434239e-09
11050.056 2.79803223655757e-09
11100.056 1.6219860080886153e-09
11150.056 6.896315419976355e-10
11200.056 4.749656208215203e-10
11250.056 5.695218121732605e-10
11300.056 8.275246905744136e-10
11350.056 2.742613196040579e-10
11400.056 7.560890557356957e-10
11450.056 5.634345500805785e-10
11500.056 3.789569562050442e-10
11550.056 9.076255864708819e-11
11600.056 8.53388361137233e-11
11650.056 2.70015648449366e-10
11700.056 3.0228540602414116e-10
11750.056 5.573315011476083e-11
11800.056 3.582317229256156e-10
11850.056 6.418102731281184e-10
11900.056 7.555902981351229e-10
11950.056 1.2490445108036342e-09
12000.056 2.1151385376338307e-09
12050.056 3.474704475419914e-09
12100.056 5.4925028794440434e-09
12150.056 8.373307828997742e-09
12200.056 1.0723754981597432e-08
12250.056 1.560323529996078e-08
12300.056 2.220004126265682e-08
12350.056 2.385369721073977e-08
12400.056 3.32537766142977e-08
12450.056 4.200485889660396e-08
12500.056 4.6561477906904855e-08
12550.056 5.311172871030059e-08
12600.056 5.960476716200445e-08
12650.056 5.9175123961897426e-08
12700.056 5.8503364900846414e-08
12750.056 4.897474853130727e-08
12800.056 4.183544173642095e-08
12850.056 2.8721989549447794e-08
12900.056 2.1906120779689917e-08
12950.056 1.8693641547621733e-08
13000.056 1.7249861722645128e-08
13050.056 1.17176381116052e-08
13100.056 1.032925509839417e-08
13150.056 6.927503711022963e-09
13200.056 5.952592107127486e-09
13250.056 4.286972365289333e-09
13300.056 1.6423430364862884e-09
13350.056 4.796125071982342e-10
13400.056 3.0025254759006203e-10
13450.056 1.1318592730090886e-10
13500.056 5.343455453279147e-11
13550.056 2.640025952654837e-11
13600.056 6.676198696222775e-12
13650.056 3.910049400844506e-11
13700.056 2.3883184661798598e-11
13750.056 3.389863221673266e-11
13800.056 3.168722433106575e-11
13850.056 2.0570459648669566e-11
13900.056 2.7646335207778555e-11
13950.056 2.1377751005717675e-11
14000.056 2.4148691412728144e-11
14050.056 3.8557324584079514e-11
14100.056 4.1916718606513706e-11
14150.056 7.471140484837124e-11
14200.056 4.9600522829092336e-11
14250.056 6.853046886116548e-11
14300.056 1.4644860346736296e-10
14350.056 1.571323831109241e-10
14400.056 1.7668945164463593e-10
14450.056 2.5108120688469067e-10
14500.056 5.202651689280948e-10
14550.056 5.911582710612743e-10
14600.056 7.532782091351723e-10
14650.056 5.682323430576591e-10
14700.056 3.197743863145966e-10
14750.056 2.4115305683067374e-10
14800.056 4.427563308008202e-10
14850.056 5.538210811896168e-10
14900.056 5.868394400181977e-10
14950.056 5.384373602533021e-10
15000.056 1.032084580479886e-09
15050.056 9.116341197705367e-10
15100.056 7.59280377018303e-10
15150.056 6.965519219687954e-10
15200.056 1.1044146582382926e-09
15250.056 2.14914125869976e-09
15300.056 2.6736472536722693e-09
15350.056 3.3834809304978608e-09
15400.056 4.413849085679924e-09
15450.056 5.602285707948579e-09
15500.056 6.403564133397331e-09
15550.056 9.11255396916573e-09
15600.056 1.134921316667981e-08
15650.056 1.473383501523911e-08
15700.056 1.9277900394492112e-08
15750.056 2.240998756706786e-08
15800.056 2.395042216820146e-08
15850.056 2.6490791538604063e-08
15900.056 2.33836112802004e-08
15950.056 2.0977812268596537e-08
16000.056 1.4967677077802416e-08
16050.056 8.18943563980913e-09
16100.056 5.101463025609204e-09
16150.056 2.7904416465708974e-09
16200.056 1.5308118652506468e-09
16250.056 1.072267425840593e-09
16300.056 6.955125394124035e-10
16350.056 8.272911134018911e-10
16400.056 1.0495365490611e-09
16450.056 9.584698710265948e-10
16500.056 8.854399153734576e-10
16550.056 9.167594469009633e-10
16600.056 1.1618384715495816e-09
16650.056 8.762934970962092e-10
16700.056 1.501603842723882e-10
16750.056 4.2085756238263866e-10
16800.056 7.453286995853901e-10
16850.056 8.714551425437443e-10
16900.056 4.84940522516489e-10
16950.056 2.9899097578798406e-10
17000.056 1.7652177367782957e-10
17050.056 3.538979583030065e-10
17100.056 5.861484601697945e-10
17150.056 3.266722712697862e-10
17200.056 9.702774804680587e-10
17250.056 6.489441863151143e-10
17300.056 3.99897099511644e-10
17350.056 4.135227554661409e-10
17400.056 6.533432414382556e-10
17450.056 8.841382214815033e-10
17500.056 1.1574853252284733e-09
17550.056 1.0699655060112586e-09
17600.056 8.184344060852166e-10
17650.056 7.85999600511139e-10
17700.056 5.737854297129094e-10
17750.056 5.871758195961708e-10
17800.056 1.258625788132373e-09
17850.056 6.563153552752085e-10
17900.056 4.936641720236098e-10
17950.056 4.0709525861720103e-10
18000.056 5.95781065973455e-10
18050.056 5.425208743161432e-10
18100.056 6.727190360517324e-10
18150.056 6.75324014092795e-10
18200.056 4.5047207695291127e-10
18250.056 1.2843088032285663e-09
18300.056 4.516375746542716e-10
18350.056 3.4185583161944844e-10
18400.056 2.894960132197411e-10
18450.056 7.771796881210467e-10
18500.056 7.809030006999737e-10
18550.056 5.18224619405424e-10
18600.056 5.89038071958203e-10
18650.056 4.6403564841707243e-10
18700.056 2.0947660863685516e-10
18750.056 4.427545713468015e-10
18800.056 1.254726968144904e-09
18850.056 1.3222398531766289e-09
18900.056 1.151557848968167e-09
18950.056 1.8159100516660563e-09
19000.056 7.339767915618916e-10
19050.056 4.1504615184558413e-10
19100.056 8.439524981116372e-10
19150.056 4.3353875870544336e-10
19200.056 5.909479451950926e-10
19250.056 4.2381150904751627e-10
19300.056 3.10894828780062e-10
19350.056 2.624783328855541e-10
19400.056 2.312260518348992e-10
19450.056 4.160347265600878e-10
19500.056 2.995555275275001e-10
19550.056 3.3100497046895186e-10
19600.056 6.997765175901738e-10
19650.056 5.543929593567329e-10
19700.056 6.083995462205589e-10
19750.056 1.0211391797434933e-09
19800.056 7.78777891246562e-10
19850.056 1.0733667887709266e-09
19900.056 1.1557038023349406e-09
19950.056 1.6657969723344542e-09
20000.056 2.0811708290578532e-09
20050.056 1.7852590976977066e-09
20100.056 2.8750636703613723e-09
20150.056 1.672046130950666e-09
20200.056 1.4619190362997082e-09
20250.056 2.5981544735798375e-09
20300.056 2.9852422549893564e-09
20350.056 3.1973513209593608e-09
20400.056 2.9055442119597065e-09
20450.056 4.51757674776452e-09
20500.056 5.344328006772675e-09
20550.056 5.8323073713265865e-09
20600.056 6.1973880846657106e-09
20650.056 7.500799138958587e-09
20700.056 8.208337520013345e-09
20750.056 9.159819786858659e-09
20800.056 9.072165566502237e-09
20850.056 9.84214596263091e-09
20900.056 1.0581543166406804e-08
20950.056 1.0006134685800563e-08
21000.056 9.689397670712517e-09
21050.056 1.0036825498897987e-08
21100.056 9.293649487431124e-09
21150.056 9.342899714268284e-09
21200.056 8.519245736691559e-09
21250.056 7.776364376840159e-09
21300.056 6.352526464471165e-09
21350.056 6.352362082746762e-09
21400.056 5.932750368271042e-09
21450.056 4.85257138855344e-09
21500.056 4.263562636588661e-09
21550.056 3.7507769940440225e-09
21600.056 3.110438163854491e-09
21650.056 2.34313385257772e-09
21700.056 2.1700313250265304e-09
21750.056 2.0021539042032593e-09
21800.056 1.4752016496393165e-09
21850.056 1.3872248501354773e-09
21900.056 9.323865467818305e-10
21950.056 3.7695783110592555e-10
22000.056 9.084255843242236e-11
22050.056 8.511402181481865e-11
22100.056 2.8848706640959766e-10
22150.056 3.1617845245656404e-10
22200.056 3.5013084343764773e-10
22250.056 2.6776205782103053e-10
22300.056 1.5902028292158173e-10
22350.056 1.933074723395475e-10
22400.056 8.57527521801277e-11
22450.056 1.0689941176035392e-10
22500.056 8.401306728008003e-11
22550.056 5.760665485869335e-11
22600.056 4.790243102783766e-11
22650.056 8.277077874726217e-11
22700.056 6.432607368651125e-11
22750.056 6.882475400472137e-11
22800.056 6.976520144788212e-11
22850.056 5.3948487901973234e-11
22900.056 3.981525809533162e-11
22950.056 3.760196489894135e-11
23000.056 5.2540819985349935e-11
23050.056 6.922993280472928e-11
23100.056 2.5766825967467726e-10
23150.056 2.603935092363265e-10
23200.056 1.831787887032661e-11
23250.056 4.683733303756484e-11
23300.056 4.677269010882394e-11
23350.056 6.455012098435e-11
23400.056 6.036446678142224e-11
23450.056 4.2831497642591834e-11
23500.056 4.6579991837902305e-11
23550.056 8.013852290246564e-11
23600.056 1.2134936355288057e-10
23650.056 1.9178762967014556e-10
23700.056 5.4488715807043403e-11
23750.056 4.2025504914065246e-11
23800.056 1.2744057704844039e-10
23850.056 1.0533811103764621e-10
23900.056 2.143866869687085e-10
23950.056 1.5906472788887824e-10
24000.056 2.6469002754439407e-10
24050.056 3.4249043415177524e-10
24100.056 3.4890128732714216e-10
24150.056 4.865526067702953e-10
24200.056 3.5922398050189853e-10
24250.056 2.945968504832376e-10
24300.056 4.664581034001823e-10
24350.056 3.984358341379822e-10
24400.056 7.519615224751667e-10
24450.056 8.239074348442786e-10
24500.056 7.793564029510958e-10
24550.056 1.1054260821365268e-09
24600.056 1.1343729220233783e-09
24650.056 1.6996772726192646e-09
24700.056 1.0182652884057214e-09
24750.056 1.3281289626378967e-09
24800.056 1.2567900776536136e-09
24850.056 1.994299829981564e-09
24900.056 9.97409069170543e-10
24950.056 2.019452735850007e-09
25000.056 1.9099279579264214e-09
25050.056 1.278099465893316e-09
25100.056 1.9498657750472683e-09
25150.056 1.0093964610927993e-09
25200.056 1.5061072403610989e-09
25250.056 7.110409147998788e-10
25300.056 1.121200583115433e-09
25350.056 5.262293237111329e-10
25400.056 1.2755262434427572e-09
25450.056 4.5024343256982e-10
25500.056 4.1162862537044253e-10
25550.056 6.913745969507904e-10
25600.056 4.0134388543560465e-10
25650.056 2.372215005244622e-10
25700.056 3.8964325975680746e-10
25750.056 1.1142555819412229e-10
25800.056 5.104410861729269e-10
25850.056 1.19263901875623e-10
25900.056 1.7202415090120818e-10
25950.056 5.382081980555799e-11
26000.056 4.941493332664372e-10
26050.056 8.988759111421005e-11
26100.056 3.5529813308761257e-10
26150.056 1.872303024033975e-10
26200.056 2.394957440276091e-10
26250.056 1.0528604112374014e-09
26300.056 3.2215640370342915e-10
26350.056 1.4348012558827965e-09
26400.056 1.736623063695012e-09
26450.056 1.5425454233340938e-09
26500.056 2.477463183159213e-09
26550.056 4.905545874135134e-10
26600.056 6.911802572894705e-10
26650.056 1.3145469956516149e-10
26700.056 8.621526539679231e-11
26750.056 8.989555184789012e-11
26800.056 2.4543418200461013e-10
26850.056 1.3156423556875704e-10
26900.056 5.817617848229226e-10
26950.056 2.0878626472332367e-10
27000.056 1.0434786775605742e-09
27050.056 9.778080147277042e-10
27100.056 2.2185297667995898e-10
27150.056 1.3656548274807163e-09
27200.056 2.2118516619329053e-10
27250.056 5.672275596083667e-10
27300.056 2.8120003842350376e-09
27350.056 1.2301788039135853e-09
27400.056 8.76867260280746e-11
27450.056 1.5248936497531503e-09
27500.056 1.6505286018793426e-09
27550.056 3.3380619512458877e-10
27600.056 8.80175024437071e-10
27650.056 2.597109964561615e-10
27700.056 2.0643933877653661e-10
27750.056 1.1617965189042256e-09
27800.056 3.255507030713348e-10
27850.056 5.342850257942507e-10
27900.056 5.223852633088405e-10
27950.056 1.3402862301897952e-09
28000.056 1.1317759463249074e-09
28050.056 1.6718327465809603e-10
28100.056 1.0893082318851192e-09
28150.056 8.048002457545394e-10
28200.056 2.5620818956275046e-10
28250.056 1.4425743749805597e-09
28300.056 1.446432599850675e-09
28350.056 3.462513430687692e-10
28400.056 1.0275645550095687e-09
28450.056 1.6393225536116346e-09
28500.056 1.0944135158836553e-09
28550.056 2.684625440683307e-10
28600.056 1.8272430100772994e-09
28650.056 1.2977792001597193e-09
28700.056 1.5895778535746024e-09
28750.056 2.38825628554722e-09
28800.056 1.2300749504371807e-09
28850.056 2.2012875742286016e-09
