galfind/configs/Brown_Dwarf_templates/sonora_bobcat/m0.0/56g/sp_t1600g56nc_m0.0_resample.dat
# %ECSV 1.0
# ---
# datatype:
# - {name: wav, unit: Angstrom, datatype: float64}
# - {name: flux_nu, unit: erg / (cm2 Hz s), datatype: float64}
# meta: {C/O: '1.00', Kzz: '1.0000E+05', Teff: '1600.', Y: '0.28', '[Fe/H]': '0.00', f_hole: '1.00', f_rain: '0.00', grav: '56.'}
# schema: astropy-2.0
wav flux_nu
4000.0559999999996 nan
4050.0559999999996 3.192027383633878e-10
4100.056 6.282473668629606e-10
4150.056 5.327472521130824e-10
4200.056 4.0651827021523194e-10
4250.056 4.1977295293917915e-10
4300.056 3.4006320411008257e-10
4350.056 3.7598176615101e-10
4400.056 4.325876517240975e-10
4450.056 3.390629524120114e-10
4500.056 3.636923503950222e-10
4550.056 4.623929781871053e-10
4600.056 4.495704644800144e-10
4650.056 4.136854473979463e-10
4700.056 5.033424921700896e-10
4750.056 5.661688840559364e-10
4800.056 4.0393999018703154e-10
4850.056 4.5682431305001866e-10
4900.056 6.046305264399939e-10
4950.056 5.978947948500172e-10
5000.056 3.0833327891596574e-10
5050.056 2.2558963680102117e-10
5100.056 2.372861061650316e-10
5150.056 2.1189699449005462e-10
5200.056 1.9229465124999305e-10
5250.056 1.8712941716101448e-10
5300.056 1.7552339435900283e-10
5350.056 1.6021927503500938e-10
5400.056 1.3929857143500002e-10
5450.056 1.0440534165599839e-10
5500.056 7.224623879999824e-11
5550.056 5.7004950830997707e-11
5600.056 4.107886321300013e-11
5650.056 2.6866706503999737e-11
5700.056 1.5930462730999872e-11
5750.056 8.365124229799911e-12
5800.056 3.75795391929995e-12
5850.056 1.2348276158299732e-12
5900.056 1.7678581107765244e-13
5950.056 3.0874864821500743e-12
6000.056 1.3872185768800256e-11
6050.056 4.65131081220007e-11
6100.056 1.1957702626800333e-10
6150.056 2.6306834290000145e-10
6200.056 4.903389113600039e-10
6250.056 8.413010382700156e-10
6300.056 1.3833757889600188e-09
6350.056 2.0909238669000283e-09
6400.056 2.994546626999997e-09
6450.056 4.1876633141997995e-09
6500.056 5.064124882599665e-09
6550.056 6.474957829399539e-09
6600.056 7.660543655900229e-09
6650.056 8.354534350800548e-09
6700.056 5.634840377240554e-09
6750.056 1.0236064653600414e-08
6800.056 1.2464953173000392e-08
6850.056 1.4626056952999965e-08
6900.056 1.5110071291600208e-08
6950.056 1.5354713208299128e-08
7000.056 1.6711170566699136e-08
7050.056 1.6843622122300384e-08
7100.056 1.4834393581899548e-08
7150.056 1.4735758294000207e-08
7200.056 1.7898079148599938e-08
7250.056 2.1524865316000887e-08
7300.056 2.498751064500182e-08
7350.056 2.389081596750083e-08
7400.056 1.912308946570034e-08
7450.056 1.544539119189835e-08
7500.056 1.350638674269963e-08
7550.056 1.1335929942100068e-08
7600.056 6.9373814783998256e-09
7650.056 7.468627173053138e-10
7700.056 2.1362276565056465e-10
7750.056 4.127013597400123e-09
7800.056 1.0708637314977685e-08
7850.056 2.1807372215000395e-08
7900.056 2.730343032400278e-08
7950.056 2.693397645063464e-08
8000.056 3.832333708199874e-08
8050.056 5.525163217099516e-08
8100.056 7.935202372700381e-08
8150.056 1.1135474067900618e-07
8200.056 1.0954158186219668e-07
8250.056 1.376338447160026e-07
8300.056 1.410309179210199e-07
8350.056 1.5875663753500947e-07
8400.056 1.7157254478799998e-07
8450.056 1.4233670872398692e-07
8500.056 1.3627206238227172e-07
8550.056 1.591499219180107e-07
8600.056 1.6823492196896398e-07
8650.056 1.677619334339591e-07
8700.056 1.647610532760259e-07
8750.056 1.9158549679100847e-07
8800.056 2.519802016270301e-07
8850.056 2.719365397309847e-07
8900.056 2.4248877387700144e-07
8950.056 2.4715500112904443e-07
9000.056 3.177448237640256e-07
9050.056 3.317940134989867e-07
9100.056 4.038598783810043e-07
9150.056 4.5391615513701394e-07
9200.056 4.6017208635200426e-07
9250.056 3.5588559637426114e-07
9300.056 2.713300174348431e-07
9350.056 3.032015084284056e-07
9400.056 3.4564511526068386e-07
9450.056 3.9233991033580025e-07
9500.056 4.332003380102471e-07
9550.056 4.82334157012253e-07
9600.056 4.724347935673483e-07
9650.056 5.304874247845934e-07
9700.056 5.801784990665429e-07
9750.056 4.938701263727794e-07
9800.056 5.453070414202818e-07
9850.056 5.659294514099534e-07
9900.056 4.920753029769756e-07
9950.056 4.318855153159794e-07
10000.056 4.21918571529947e-07
10050.056 4.6347611953599024e-07
10100.056 5.741528730500575e-07
10150.056 5.853271415698821e-07
10200.056 6.454178760099654e-07
10250.056 6.537704149398544e-07
10300.056 6.472932539999552e-07
10350.056 7.463593015399499e-07
10400.056 8.377106797499556e-07
10450.056 8.7823535981014e-07
10500.056 8.133781413299665e-07
10550.056 8.163577390201868e-07
10600.056 8.898451930501501e-07
10650.056 9.598897206100466e-07
10700.056 1.035052899940084e-06
10750.056 1.17318514689009e-06
10800.056 1.29606256622996e-06
10850.056 1.4423452264298134e-06
10900.056 1.3722657200999015e-06
10950.056 1.196187830209869e-06
11000.056 1.1522323982959736e-06
11050.056 8.911212700509662e-07
11100.056 9.250862939516791e-07
11150.056 9.380032287615458e-07
11200.056 9.527729424592176e-07
11250.056 1.114350894105399e-06
11300.056 1.0957197312196334e-06
11350.056 9.187002946550255e-07
11400.056 8.437439846480926e-07
11450.056 1.0460207781771032e-06
11500.056 1.2246816879912554e-06
11550.056 1.131425333305927e-06
11600.056 1.2159121174285388e-06
11650.056 1.2443334123522767e-06
11700.056 9.773233787570978e-07
11750.056 9.767631149725407e-07
11800.056 1.0066852555567973e-06
11850.056 1.3057524085769408e-06
11900.056 1.3663858805060806e-06
11950.056 1.419753341504878e-06
12000.056 1.3072635849290238e-06
12050.056 1.5442737405992002e-06
12100.056 1.5459584663498727e-06
12150.056 1.7691479349098266e-06
12200.056 1.8169294351495437e-06
12250.056 1.9975035359596305e-06
12300.056 2.1156115822403405e-06
12350.056 2.1442223790501652e-06
12400.056 1.9399067053698704e-06
12450.056 1.6900542757300615e-06
12500.056 1.8369551267997535e-06
12550.056 1.8745930417900745e-06
12600.056 2.1275231986700493e-06
12650.056 2.212448761709794e-06
12700.056 2.4127334805301644e-06
12750.056 2.379715853990076e-06
12800.056 2.560248154309966e-06
12850.056 2.4417951097101486e-06
12900.056 2.303605284729725e-06
12950.056 2.4102453094477346e-06
13000.056 2.4608886506693798e-06
13050.056 2.5187872371517672e-06
13100.056 2.502087780657711e-06
13150.056 2.4495741694009503e-06
13200.056 2.319754045865903e-06
13250.056 2.084181487220927e-06
13300.056 1.6356813420916792e-06
13350.056 8.672210423760391e-07
13400.056 7.296798641057356e-07
13450.056 5.858540842273789e-07
13500.056 5.490086847504359e-07
13550.056 4.911857288354257e-07
13600.056 4.2713488141957476e-07
13650.056 5.306005765915759e-07
13700.056 4.503678599259128e-07
13750.056 4.4946117763303117e-07
13800.056 5.451109450373457e-07
13850.056 5.244729745280398e-07
13900.056 5.27777076819034e-07
13950.056 4.960160378871971e-07
14000.056 4.6071079149852263e-07
14050.056 4.658893706968549e-07
14100.056 3.987707329099508e-07
14150.056 4.249529066030731e-07
14200.056 3.810330710190752e-07
14250.056 3.748393149458427e-07
14300.056 4.0628847294281865e-07
14350.056 3.9761102948451793e-07
14400.056 4.432273912239688e-07
14450.056 4.594136142495738e-07
14500.056 5.581594868702063e-07
14550.056 5.812722999042857e-07
14600.056 6.242782295576931e-07
14650.056 6.223799750986018e-07
14700.056 5.62352886424605e-07
14750.056 6.183872250701246e-07
14800.056 6.729885901904885e-07
14850.056 7.353539035027504e-07
14900.056 7.425245087554331e-07
14950.056 7.533438016751216e-07
15000.056 7.908344511122611e-07
15050.056 8.906189208326849e-07
15100.056 9.14226821738135e-07
15150.056 9.910594281371024e-07
15200.056 1.0145569913628962e-06
15250.056 1.046106911629884e-06
15300.056 1.1323241545488872e-06
15350.056 1.1830148340749753e-06
15400.056 1.2621339677310606e-06
15450.056 1.34834099422414e-06
15500.056 1.3889117009797239e-06
15550.056 1.5010391379999147e-06
15600.056 1.4745121256201673e-06
15650.056 1.583466492180122e-06
15700.056 1.749289249580711e-06
15750.056 1.8520098338598668e-06
15800.056 1.8444943055105574e-06
15850.056 1.8398998738899792e-06
15900.056 1.8934894105402546e-06
15950.056 1.9707513338198083e-06
16000.056 2.0142084134298794e-06
16050.056 2.078357556940081e-06
16100.056 2.1692914580501853e-06
16150.056 2.1167905297702194e-06
16200.056 2.200420925199728e-06
16250.056 2.2082885861599486e-06
16300.056 2.2159898822999864e-06
16350.056 2.351599334549919e-06
16400.056 2.352492776020283e-06
16450.056 2.4081255573200774e-06
16500.056 2.527378943070401e-06
16550.056 2.6246754452000775e-06
16600.056 2.490763125580515e-06
16650.056 2.6750157721099388e-06
16700.056 2.5561288194597225e-06
16750.056 2.626858906359709e-06
16800.056 2.7750454151399063e-06
16850.056 2.7562955404419734e-06
16900.056 2.6770627467200825e-06
16950.056 2.650381536559793e-06
17000.056 2.6257030802602596e-06
17050.056 2.6013261979500174e-06
17100.056 2.428417877080651e-06
17150.056 2.3451140801398736e-06
17200.056 2.1263082506198125e-06
17250.056 1.9690838981988107e-06
17300.056 1.9734114718406313e-06
17350.056 1.8513033914191139e-06
17400.056 1.9031129802400412e-06
17450.056 1.7212346059620367e-06
17500.056 1.6427728813133308e-06
17550.056 1.6283263556041256e-06
17600.056 1.537067138274941e-06
17650.056 1.5395061687757411e-06
17700.056 1.272459011722355e-06
17750.056 1.1855553230762772e-06
17800.056 1.2373778104261164e-06
17850.056 1.0550239082502552e-06
17900.056 1.0865013721140583e-06
17950.056 1.0385555037918601e-06
18000.056 9.391967171486421e-07
18050.056 9.220788947205066e-07
18100.056 8.791089392414492e-07
18150.056 1.0438445177035012e-06
18200.056 7.748103252129066e-07
18250.056 1.0183302702888763e-06
18300.056 9.465469853451938e-07
18350.056 8.440383270579421e-07
18400.056 8.399307068635052e-07
18450.056 7.569976667095849e-07
18500.056 8.024431099236888e-07
18550.056 7.288261488012041e-07
18600.056 6.022420725515658e-07
18650.056 6.937492421242508e-07
18700.056 7.58976082881973e-07
18750.056 7.362292944783017e-07
18800.056 8.007374559582536e-07
18850.056 9.368604926960108e-07
18900.056 9.062041567545459e-07
18950.056 9.50378775174988e-07
19000.056 9.939658892548643e-07
19050.056 9.348127933546892e-07
19100.056 1.0185823876433357e-06
19150.056 1.03556371364133e-06
19200.056 1.029476554570193e-06
19250.056 9.638302168316e-07
19300.056 1.0192659240610617e-06
19350.056 9.555809323230949e-07
19400.056 8.073103916024994e-07
19450.056 1.0037874194549075e-06
19500.056 9.865926541669701e-07
19550.056 7.969250121403285e-07
19600.056 9.684643776081593e-07
19650.056 9.676286018929677e-07
19700.056 9.780108552324062e-07
19750.056 9.121281252982287e-07
19800.056 9.654214666397954e-07
19850.056 1.014834164118618e-06
19900.056 8.668470307711656e-07
19950.056 1.0812772705530495e-06
20000.056 9.464090196321389e-07
20050.056 1.0338628879785978e-06
20100.056 1.10134243499629e-06
20150.056 1.096007367021979e-06
20200.056 1.1451526048656345e-06
20250.056 1.2250021241629494e-06
20300.056 1.22888947933203e-06
20350.056 1.294732137161769e-06
20400.056 1.2835777555993772e-06
20450.056 1.406985733174784e-06
20500.056 1.4094511506451317e-06
20550.056 1.4378987305100907e-06
20600.056 1.5748727786203848e-06
20650.056 1.5460061837205063e-06
20700.056 1.6216535938202455e-06
20750.056 1.6821455168096971e-06
20800.056 1.7595536787201431e-06
20850.056 1.7458378467498509e-06
20900.056 1.8478374539496888e-06
20950.056 1.882617752829947e-06
21000.056 1.9918686373499406e-06
21050.056 1.9984718700100295e-06
21100.056 2.0295804828599626e-06
21150.056 2.1594732251900433e-06
21200.056 2.1243006661301502e-06
21250.056 2.2533735724398157e-06
21300.056 2.1656827721398947e-06
21350.056 2.3500745395400176e-06
21400.056 2.2373018817003536e-06
21450.056 2.4690120694899895e-06
21500.056 2.3279785324002384e-06
21550.056 2.3787455045398773e-06
21600.056 2.4412468498803485e-06
21650.056 2.3888895751402493e-06
21700.056 2.538286715809935e-06
21750.056 2.4267141517899423e-06
21800.056 2.4081844478896905e-06
21850.056 2.3945254278998956e-06
21900.056 2.446553205440248e-06
21950.056 2.32141965510022e-06
22000.056 2.2869067400801644e-06
22050.056 2.127496447719534e-06
22100.056 2.2699411484700976e-06
22150.056 2.295817277380164e-06
22200.056 2.2092365890505272e-06
22250.056 2.3173815977603896e-06
22300.056 2.2695682515497968e-06
22350.056 2.1720093545203065e-06
22400.056 2.2386677173101055e-06
22450.056 2.159644471309769e-06
22500.056 2.210999009770002e-06
22550.056 2.1090049134994284e-06
22600.056 2.1518467309901178e-06
22650.056 2.0816466706106326e-06
22700.056 2.0475759062505046e-06
22750.056 2.135650404199995e-06
22800.056 2.001962607479964e-06
22850.056 1.9999950425603474e-06
22900.056 2.0510676470268304e-06
22950.056 1.3701469590581418e-06
23000.056 1.5539456067881437e-06
23050.056 1.6835657127917136e-06
23100.056 1.6385156694208297e-06
23150.056 1.7061435332473469e-06
23200.056 1.53531562548911e-06
23250.056 1.2817023217647697e-06
23300.056 1.3335342718422264e-06
23350.056 1.379527675715032e-06
23400.056 1.317672145034183e-06
23450.056 1.3964360622130343e-06
23500.056 1.3970055157398756e-06
23550.056 1.2884024458673665e-06
23600.056 1.2991344126231768e-06
23650.056 1.4244574674088955e-06
23700.056 1.2969660381568608e-06
23750.056 1.2899584931142775e-06
23800.056 1.2579180164201215e-06
23850.056 1.1082155343641512e-06
23900.056 1.307888584120913e-06
23950.056 1.3699373564765018e-06
24000.056 1.2976950808465178e-06
24050.056 1.3293422167840304e-06
24100.056 1.1738870265047023e-06
24150.056 1.17830700108956e-06
24200.056 1.2001480792984336e-06
24250.056 1.1409367706732052e-06
24300.056 1.1304493575850383e-06
24350.056 1.0108258800121454e-06
24400.056 1.1563222163018971e-06
24450.056 9.987338768047227e-07
24500.056 9.374444283148758e-07
24550.056 9.264771766301404e-07
24600.056 9.76868351473175e-07
24650.056 1.065594794175991e-06
24700.056 8.48422553175898e-07
24750.056 8.193652555703724e-07
24800.056 7.887844652612304e-07
24850.056 9.605013646679334e-07
24900.056 6.813245292215012e-07
24950.056 9.041778415148458e-07
25000.056 7.976582991280463e-07
25050.056 6.041134318571481e-07
25100.056 7.528222330020276e-07
25150.056 6.213103363989738e-07
25200.056 6.76126575196861e-07
25250.056 6.182042133258857e-07
25300.056 7.115952697480404e-07
25350.056 5.524912069580102e-07
25400.056 6.616346652822355e-07
25450.056 5.518373322819737e-07
25500.056 5.959491282662022e-07
25550.056 5.612945546000744e-07
25600.056 5.771778493800308e-07
25650.056 5.015574063749673e-07
25700.056 6.880979358827116e-07
25750.056 4.5814106086710766e-07
25800.056 6.619364237661512e-07
25850.056 5.337197343348532e-07
25900.056 6.340424847670471e-07
25950.056 5.146776050229528e-07
26000.056 6.666426332712581e-07
26050.056 6.678676995240346e-07
26100.056 6.974178911739261e-07
26150.056 6.766616278018156e-07
26200.056 6.500639813169839e-07
26250.056 6.911645865061276e-07
26300.056 6.741722810310716e-07
26350.056 7.238972627469332e-07
26400.056 7.504591378277235e-07
26450.056 7.472162006781113e-07
26500.056 7.82852913566646e-07
26550.056 7.050577841947326e-07
26600.056 8.747263800147615e-07
26650.056 6.225461714608931e-07
26700.056 6.335082447910643e-07
26750.056 5.236978908117533e-07
26800.056 6.369449989647731e-07
26850.056 4.806041703609879e-07
26900.056 6.78772379680088e-07
26950.056 4.515233384289474e-07
27000.056 6.557330566001751e-07
27050.056 5.41035166167038e-07
27100.056 5.439516271858672e-07
27150.056 6.127116734210014e-07
27200.056 5.834752510612125e-07
27250.056 5.564743142062756e-07
27300.056 6.943412684749839e-07
27350.056 6.542059655837855e-07
27400.056 5.059081151969434e-07
27450.056 7.52332642169667e-07
27500.056 6.883236451558605e-07
27550.056 6.079141883309592e-07
27600.056 7.713046129758424e-07
27650.056 5.517806684529096e-07
27700.056 5.261496954611043e-07
27750.056 7.601437192296474e-07
27800.056 5.130098432339159e-07
27850.056 5.882295383975964e-07
27900.056 6.176225720870973e-07
27950.056 7.372961572669524e-07
28000.056 6.900466301962519e-07
28050.056 4.885941785511526e-07
28100.056 7.856914358862624e-07
28150.056 6.020096997980472e-07
28200.056 4.946094568450493e-07
28250.056 6.898545963090637e-07
28300.056 8.166778770050642e-07
28350.056 5.772547313427927e-07
28400.056 6.332429924769475e-07
28450.056 6.80109994997797e-07
28500.056 6.758431915588222e-07
28550.056 4.570457582988182e-07
28600.056 8.011480871869097e-07
28650.056 7.284673915999011e-07
28700.056 6.519665173428444e-07
28750.056 7.602938704570176e-07
28800.056 6.973038988001925e-07
28850.056 7.630003741491064e-07
