galfind/configs/Brown_Dwarf_templates/sonora_bobcat/m0.0/56g/sp_t275g56nc_m0.0_resample.dat
# %ECSV 1.0
# ---
# datatype:
# - {name: wav, unit: Angstrom, datatype: float64}
# - {name: flux_nu, unit: erg / (cm2 Hz s), datatype: float64}
# meta: {C/O: '1.00', Kzz: '1.0000E+05', Teff: '275.', Y: '0.28', '[Fe/H]': '0.00', f_hole: '1.00', f_rain: '0.00', grav: '56.'}
# schema: astropy-2.0
wav flux_nu
4000.0559999999996 nan
4050.0559999999996 1.0310199567100203e-19
4100.056 2.330487337710036e-18
4150.056 1.1684494584700094e-17
4200.056 1.3537555954800066e-17
4250.056 8.395782419600063e-17
4300.056 1.8917935424000048e-16
4350.056 3.541346974100015e-16
4400.056 5.853043449300003e-16
4450.056 9.12354467239999e-16
4500.056 1.5139973103000056e-15
4550.056 1.9603834172599992e-15
4600.056 1.3938103934999983e-15
4650.056 1.2137652834999974e-15
4700.056 8.90784293509999e-16
4750.056 6.013521917799999e-16
4800.056 4.2582280293999853e-16
4850.056 2.392431689999988e-16
4900.056 1.5574390891999982e-16
4950.056 1.2008647445e-16
5000.056 8.548558485399972e-17
5050.056 6.395813714300043e-17
5100.056 7.671987542600131e-17
5150.056 9.864191991200025e-17
5200.056 1.2176126083000047e-16
5250.056 1.4304655306000023e-16
5300.056 1.6776967234000047e-16
5350.056 1.965630447100003e-16
5400.056 2.2002927809000061e-16
5450.056 2.550577267700028e-16
5500.056 3.0185550797000107e-16
5550.056 3.5680789074000045e-16
5600.056 4.093434748300007e-16
5650.056 4.521160047599998e-16
5700.056 4.444996622700007e-16
5750.056 4.495941903100009e-16
5800.056 4.0260750893999794e-16
5850.056 2.5240586754899556e-16
5900.056 4.9414453053675903e-17
5950.056 4.404649277110224e-16
6000.056 1.1450565635299853e-15
6050.056 2.4084095047000283e-15
6100.056 4.192451682200044e-15
6150.056 6.555246358300042e-15
6200.056 9.68033499690005e-15
6250.056 1.2980986113799982e-14
6300.056 1.806285982759997e-14
6350.056 2.450059905499997e-14
6400.056 3.226643597600005e-14
6450.056 3.2887020483499203e-14
6500.056 4.088730471070075e-14
6550.056 5.65573746273973e-14
6600.056 8.014758899590253e-14
6650.056 1.1971580567700137e-13
6700.056 1.69845258220001e-13
6750.056 2.373926093500015e-13
6800.056 2.823838822300024e-13
6850.056 2.9781927647000014e-13
6900.056 2.2464203464600243e-13
6950.056 1.3492618739833411e-13
7000.056 1.708571911450922e-13
7050.056 1.7069058670620286e-13
7100.056 2.0013077839699555e-13
7150.056 1.2526338262591554e-13
7200.056 6.094631113150844e-14
7250.056 7.819522731881028e-14
7300.056 8.615079995965244e-14
7350.056 1.4567254163829004e-13
7400.056 2.2664757463741112e-13
7450.056 3.955663849890259e-13
7500.056 5.717202896900022e-13
7550.056 7.226284428500025e-13
7600.056 8.058159457e-13
7650.056 4.353985729379898e-13
7700.056 4.264562503550108e-13
7750.056 1.031888153510009e-12
7800.056 1.201952402599997e-12
7850.056 1.3269854770999708e-12
7900.056 1.4728605636879709e-12
7950.056 1.676908471729985e-12
8000.056 1.7743900503399988e-12
8050.056 1.923100440130026e-12
8100.056 9.103321609993117e-13
8150.056 3.9202411702753106e-13
8200.056 1.1110511872458846e-12
8250.056 1.1750407325408404e-12
8300.056 1.122628960263823e-12
8350.056 1.1426905276832004e-12
8400.056 1.4902035900868316e-12
8450.056 2.6276180310799937e-12
8500.056 3.413986393050007e-12
8550.056 4.5063717194000835e-12
8600.056 5.549350798600017e-12
8650.056 5.922343563700026e-12
8700.056 4.7724736522000426e-12
8750.056 4.2693605370999966e-12
8800.056 3.122085849219858e-12
8850.056 1.7290772231998568e-12
8900.056 5.210254714080463e-14
8950.056 1.5126183573088742e-14
9000.056 1.4843775836205656e-14
9050.056 1.1350958666969524e-13
9100.056 1.7588463011314082e-13
9150.056 3.5752928734911737e-13
9200.056 1.3400610948769547e-12
9250.056 9.105520278663405e-13
9300.056 2.9110143550197254e-15
9350.056 2.7695851049576896e-15
9400.056 5.018451710481366e-14
9450.056 3.104413493990405e-14
9500.056 2.7139239948506773e-14
9550.056 2.5496252054576996e-14
9600.056 4.223734979948138e-14
9650.056 1.4311394655016787e-13
9700.056 8.698751204111393e-13
9750.056 4.438997128706431e-13
9800.056 4.398971015461086e-13
9850.056 4.647205189958649e-13
9900.056 6.875280508927903e-13
9950.056 6.005176437475166e-13
10000.056 6.040137008604037e-13
10050.056 6.093274354299987e-13
10100.056 5.037654800639934e-13
10150.056 2.1874439275871087e-13
10200.056 3.72107745475017e-14
10250.056 4.919933953039106e-14
10300.056 1.4742141470587592e-13
10350.056 4.2816635568589175e-14
10400.056 2.772646430050208e-13
10450.056 6.65057487912752e-13
10500.056 1.6474825019826986e-12
10550.056 4.145371829075121e-12
10600.056 6.5945495707003525e-12
10650.056 7.493726876400047e-12
10700.056 5.896314380399742e-12
10750.056 6.1075821539617926e-12
10800.056 5.7324342878492206e-12
10850.056 4.564931039442148e-12
10900.056 3.125243875287628e-12
10950.056 1.4862245770567514e-12
11000.056 6.54574882140585e-13
11050.056 2.7198012564351546e-13
11100.056 7.288275557687803e-14
11150.056 1.2751925950369406e-14
11200.056 2.958624163903227e-15
11250.056 1.6718413107677762e-15
11300.056 1.1066459699161544e-14
11350.056 8.386399948471038e-16
11400.056 1.9681030312335653e-14
11450.056 8.042880556273994e-15
11500.056 7.76007536498443e-15
11550.056 9.58796440356836e-16
11600.056 1.219859582626277e-16
11650.056 2.4517760367762924e-15
11700.056 3.627508816315339e-15
11750.056 6.779073549702058e-16
11800.056 5.582835467023314e-15
11850.056 4.489574932750707e-15
11900.056 4.306524306960626e-15
11950.056 8.739146175002733e-15
12000.056 1.4320927953926067e-14
12050.056 2.511059318266437e-14
12100.056 3.2162773525193284e-14
12150.056 4.536076610865596e-14
12200.056 4.804943945029672e-14
12250.056 1.634017204407764e-13
12300.056 4.569609946869733e-13
12350.056 6.115786849007491e-13
12400.056 1.4596373671354023e-12
12450.056 3.60743881582011e-12
12500.056 4.726673650915392e-12
12550.056 5.412544927059018e-12
12600.056 1.119802644658923e-11
12650.056 2.4186651268706925e-11
12700.056 2.7512784244380487e-11
12750.056 1.2878745315635169e-11
12800.056 5.022719536135085e-12
12850.056 1.6751029002030545e-12
12900.056 9.375773766212532e-13
12950.056 6.84584696145287e-13
13000.056 7.28704049258731e-13
13050.056 3.8084212527899906e-13
13100.056 2.996830953389963e-13
13150.056 1.1815759842462887e-13
13200.056 1.6847175635842202e-13
13250.056 2.0324573202777359e-13
13300.056 7.244671236736627e-14
13350.056 3.0659599345021496e-14
13400.056 1.2807870055944223e-14
13450.056 1.6977362781127577e-15
13500.056 2.1209108202998584e-16
13550.056 2.0312939807332154e-17
13600.056 9.215071118928758e-19
13650.056 1.6421517587610388e-17
13700.056 4.611236478234381e-18
13750.056 4.575305577282265e-17
13800.056 3.300077746221756e-17
13850.056 1.0174573052172762e-17
13900.056 4.609754464081961e-17
13950.056 2.4300808672936718e-17
14000.056 6.707300090406437e-17
14050.056 8.078053785468137e-17
14100.056 1.1311025546171697e-16
14150.056 7.744048288756826e-16
14200.056 4.568300436481345e-16
14250.056 1.012979490413515e-15
14300.056 4.0975346681940656e-15
14350.056 3.3250663406548382e-15
14400.056 3.1915798245916565e-15
14450.056 8.661750324220679e-15
14500.056 2.5949664991019004e-14
14550.056 4.10837099147805e-14
14600.056 4.2759346416483794e-14
14650.056 1.0560409174433716e-14
14700.056 3.607686912663489e-15
14750.056 5.312508206968361e-16
14800.056 1.0552096006810302e-15
14850.056 1.163806191151701e-15
14900.056 9.535508006937017e-16
14950.056 4.374053480696389e-16
15000.056 2.16638713762048e-15
15050.056 3.67392307653964e-15
15100.056 7.87019565008097e-16
15150.056 1.6207151683899956e-16
15200.056 2.3317284652340057e-15
15250.056 5.555667560277883e-15
15300.056 8.88755526116674e-15
15350.056 1.9377812852321226e-14
15400.056 1.8077855898306522e-14
15450.056 3.1657016720902484e-14
15500.056 4.652506143050492e-14
15550.056 2.072061662934193e-13
15600.056 4.466684559355183e-13
15650.056 1.2202535414050052e-12
15700.056 3.2330742172218035e-12
15750.056 5.553849823840984e-12
15800.056 7.414286269854588e-12
15850.056 1.1137553011282074e-11
15900.056 1.506297698004886e-11
15950.056 2.1789438054798588e-11
16000.056 2.063378221415116e-11
16050.056 1.2792157933948817e-11
16100.056 6.154567109471724e-12
16150.056 2.2854199217675495e-12
16200.056 7.291185812565597e-13
16250.056 2.5646554572168957e-13
16300.056 8.058522671759881e-14
16350.056 1.1173407671463008e-13
16400.056 1.4862944771311423e-13
16450.056 1.2197902787836886e-13
16500.056 8.823235859071507e-14
16550.056 7.281879411106432e-14
16600.056 3.382680325457162e-13
16650.056 1.532683057330597e-13
16700.056 1.5997567679468094e-14
16750.056 6.474208737469096e-14
16800.056 1.4061979174204344e-13
16850.056 1.4408766059201016e-13
16900.056 3.001233488269507e-14
16950.056 1.3551419429314416e-14
17000.056 4.205620743147609e-15
17050.056 9.509267892865957e-15
17100.056 3.8375087415071747e-14
17150.056 1.479131570398715e-14
17200.056 1.2436350402973073e-13
17250.056 1.983386275397991e-14
17300.056 1.4700277176864638e-14
17350.056 2.5282061897736066e-14
17400.056 8.167178229027324e-14
17450.056 1.0985858920431156e-13
17500.056 2.2170704285573958e-13
17550.056 1.977732683396849e-13
17600.056 1.6392723780200027e-13
17650.056 8.573514249291879e-14
17700.056 7.026580667389757e-14
17750.056 6.286875435393767e-14
17800.056 3.299970676127327e-13
17850.056 6.131662866880204e-14
17900.056 4.433821929144041e-14
17950.056 3.19934997137209e-14
18000.056 6.055866918077884e-14
18050.056 3.789272316560646e-14
18100.056 4.860264259959594e-14
18150.056 1.812030569262503e-14
18200.056 1.4024461148490909e-14
18250.056 9.164971091099256e-14
18300.056 4.221691553594887e-15
18350.056 3.47670132725406e-15
18400.056 1.0767198997265985e-15
18450.056 2.6041218127182172e-14
18500.056 2.0910638892791485e-14
18550.056 7.590745513594732e-15
18600.056 2.4573043777825042e-14
18650.056 1.896864314608066e-14
18700.056 5.616601913483317e-16
18750.056 1.2762407687968616e-15
18800.056 6.494598322878613e-14
18850.056 4.832805189082767e-14
18900.056 7.499276447777863e-14
18950.056 8.715604414889133e-14
19000.056 7.0750046756499606e-15
19050.056 2.6962938667008563e-15
19100.056 1.3778923027081796e-14
19150.056 4.749459916394468e-15
19200.056 1.3651376716975738e-14
19250.056 9.138210118343922e-15
19300.056 4.1762300238362294e-15
19350.056 4.3284405325900304e-15
19400.056 2.873502322918226e-15
19450.056 4.3195311249514314e-15
19500.056 2.0845166986881574e-15
19550.056 9.583569644974008e-15
19600.056 3.018980926933118e-14
19650.056 1.6793209972528285e-14
19700.056 2.748710218855904e-14
19750.056 5.0532087817602336e-14
19800.056 2.3400004417816132e-14
19850.056 2.858324601798905e-14
19900.056 5.915431044159292e-14
19950.056 8.130237032056555e-14
20000.056 1.0536160815994383e-13
20050.056 6.795481502011768e-14
20100.056 1.0803426261697283e-13
20150.056 6.722770286675339e-14
20200.056 3.495231128699235e-14
20250.056 1.1651270777592977e-13
20300.056 1.6463777503198602e-13
20350.056 1.9051100932958523e-13
20400.056 1.4620451630667917e-13
20450.056 2.7742759189162055e-13
20500.056 3.137058973870983e-13
20550.056 3.4782762381043177e-13
20600.056 3.6933153595695604e-13
20650.056 4.315611659391063e-13
20700.056 4.60845843805242e-13
20750.056 4.866906981639631e-13
20800.056 4.3551247333493227e-13
20850.056 5.014653314340102e-13
20900.056 5.118363144799737e-13
20950.056 4.731223267190103e-13
21000.056 4.4740838997801283e-13
21050.056 4.732116609799786e-13
21100.056 4.567351529390129e-13
21150.056 4.634903211500079e-13
21200.056 4.510561577260483e-13
21250.056 4.5468133470294354e-13
21300.056 4.172275807640096e-13
21350.056 4.284369257373513e-13
21400.056 4.66479649229638e-13
21450.056 3.821544001463315e-13
21500.056 3.3975643443029556e-13
21550.056 3.6435822719953415e-13
21600.056 3.0906892148463527e-13
21650.056 2.189637114298456e-13
21700.056 1.6104156815331698e-13
21750.056 2.0882402343466693e-13
21800.056 1.4009273332357057e-13
21850.056 1.4143381034733532e-13
21900.056 1.0215257772042252e-13
21950.056 2.760902296944117e-14
22000.056 1.2071781850864138e-15
22050.056 4.3300816720349164e-15
22100.056 2.0953906295561596e-14
22150.056 1.0748680528472465e-14
22200.056 9.091991754591636e-15
22250.056 6.552300878028867e-15
22300.056 1.820457535408489e-15
22350.056 4.008264422168199e-15
22400.056 9.370570090004344e-16
22450.056 2.097962271330983e-15
22500.056 1.531845606418606e-15
22550.056 3.5954425135859587e-16
22600.056 2.4876105180209696e-16
22650.056 5.013934864774956e-16
22700.056 5.823676244541376e-16
22750.056 1.4291254817980195e-15
22800.056 1.8862901744506425e-15
22850.056 1.145479920668558e-15
22900.056 6.588291047551798e-16
22950.056 2.788999014633669e-16
23000.056 5.444609192600937e-16
23050.056 3.3271492468778846e-16
23100.056 1.1338045684631524e-14
23150.056 1.4270015540360247e-14
23200.056 1.3074460364797967e-16
23250.056 1.5267196899546089e-15
23300.056 9.011418646606113e-16
23350.056 1.996879168172791e-15
23400.056 1.5592819684327495e-15
23450.056 3.789282426043632e-16
23500.056 4.276413152005228e-16
23550.056 1.5010071918712915e-15
23600.056 6.3404322106131815e-15
23650.056 9.034342788853695e-15
23700.056 5.811394530539512e-16
23750.056 8.818618135585071e-16
23800.056 9.68471312194324e-15
23850.056 4.173672587914298e-15
23900.056 1.2631904352479712e-14
23950.056 3.320229964692275e-15
24000.056 1.7519606185453505e-14
24050.056 2.151590159391865e-14
24100.056 4.428206433451311e-14
24150.056 6.351900507122339e-14
24200.056 2.983185250042862e-14
24250.056 2.206938362245442e-14
24300.056 5.592850736979225e-14
24350.056 5.233876098902885e-14
24400.056 1.7693367148780115e-13
24450.056 2.2210640491539896e-13
24500.056 1.9236143638819547e-13
24550.056 3.6684298773413623e-13
24600.056 4.706130156722468e-13
24650.056 8.26334020030037e-13
24700.056 5.762399367442962e-13
24750.056 8.750570305939345e-13
24800.056 7.095162130940294e-13
24850.056 1.1581725824728332e-12
24900.056 6.508328979959352e-13
24950.056 1.0297559052838118e-12
25000.056 1.4775299907799818e-12
25050.056 9.598311351770594e-13
25100.056 1.3816990420940217e-12
25150.056 5.587036308234849e-13
25200.056 9.07719376744911e-13
25250.056 3.378752348508935e-13
25300.056 2.89541363304585e-13
25350.056 1.6179809162518787e-13
25400.056 3.9143322774687877e-13
25450.056 7.605107948553156e-14
25500.056 5.591883651560746e-14
25550.056 1.7348863648440701e-13
25600.056 5.278855741278664e-14
25650.056 1.9397481358870983e-14
25700.056 1.1479035853842911e-14
25750.056 3.876065086071868e-15
25800.056 2.2160590506786067e-14
25850.056 2.9518744777994622e-15
25900.056 3.256068642258601e-15
25950.056 1.3690164863963116e-15
26000.056 1.2388297932693954e-14
26050.056 1.684274334951319e-15
26100.056 5.9115663235630155e-15
26150.056 2.5264382522488373e-15
26200.056 3.381954407313192e-15
26250.056 2.3356466582797073e-14
26300.056 4.3926913029115726e-15
26350.056 8.121344255803826e-14
26400.056 2.2770621101084233e-13
26450.056 1.0030185620795664e-13
26500.056 3.8375068937587513e-13
26550.056 1.717907569350519e-14
26600.056 1.5430494710869468e-14
26650.056 2.977442407313558e-15
26700.056 3.1260264728682733e-15
26750.056 4.988692951130415e-15
26800.056 1.9058410626462123e-14
26850.056 1.1792655658616017e-14
26900.056 5.290404314330123e-14
26950.056 1.1309465092608469e-14
27000.056 6.364923503527505e-14
27050.056 1.4201973353459198e-13
27100.056 6.680323245957799e-15
27150.056 9.641364900419477e-14
27200.056 8.425242656744778e-15
27250.056 2.994197190049612e-14
27300.056 4.103388800453796e-13
27350.056 9.529355528905285e-14
27400.056 7.337291990421331e-15
27450.056 1.697682007939487e-13
27500.056 2.1678387648462015e-13
27550.056 3.229547524121043e-14
27600.056 1.084285683297758e-13
27650.056 2.7706959618301905e-14
27700.056 3.560405030643274e-14
27750.056 2.289437583801989e-13
27800.056 6.59372582789749e-14
27850.056 1.576686435611481e-13
27900.056 2.0121092004367017e-13
27950.056 3.8788139622414084e-13
28000.056 6.122457539836306e-13
28050.056 3.567835065302893e-14
28100.056 5.943001109440397e-13
28150.056 4.457914362246757e-13
28200.056 6.337180835393181e-14
28250.056 7.970527784901505e-13
28300.056 6.871875387181436e-13
28350.056 7.457074108937757e-14
28400.056 3.8439539358909916e-13
28450.056 7.959586969104952e-13
28500.056 3.015650449089207e-13
28550.056 7.28046097708888e-14
28600.056 7.972473893736701e-13
28650.056 2.7607420128760225e-13
28700.056 8.642176176975737e-13
28750.056 1.1768597890810656e-12
28800.056 2.1704939496715017e-13
28850.056 2.5158974195754234e-12
