galfind/configs/Brown_Dwarf_templates/sonora_bobcat/m0.0/56g/sp_t475g56nc_m0.0_resample.dat
# %ECSV 1.0
# ---
# datatype:
# - {name: wav, unit: Angstrom, datatype: float64}
# - {name: flux_nu, unit: erg / (cm2 Hz s), datatype: float64}
# meta: {C/O: '1.00', Kzz: '1.0000E+05', Teff: '475.', Y: '0.28', '[Fe/H]': '0.00', f_hole: '1.00', f_rain: '0.00', grav: '56.'}
# schema: astropy-2.0
wav flux_nu
4000.0559999999996 nan
4050.0559999999996 3.329912351740493e-17
4100.056 8.050391784200168e-15
4150.056 7.53306601380008e-14
4200.056 7.36813633945255e-14
4250.056 5.629949013200026e-13
4300.056 1.1776829011300143e-12
4350.056 1.933106249800012e-12
4400.056 2.944945385500019e-12
4450.056 4.3472631408000205e-12
4500.056 5.710915411200062e-12
4550.056 5.530631575251726e-12
4600.056 1.4324178623499942e-12
4650.056 8.160313789299943e-13
4700.056 3.587659640199967e-13
4750.056 9.175041272199876e-14
4800.056 2.4843227998999725e-14
4850.056 7.216897732599921e-15
4900.056 2.9841176936999833e-15
4950.056 1.6597950610999933e-15
5000.056 9.744959860599929e-16
5050.056 7.05807424910003e-16
5100.056 7.688433658700089e-16
5150.056 8.788223696100076e-16
5200.056 1.001339893680003e-15
5250.056 1.1265342105000016e-15
5300.056 1.2700138177000017e-15
5350.056 1.439031947100002e-15
5400.056 1.6183622145000023e-15
5450.056 1.8304626129000125e-15
5500.056 2.0683945462000137e-15
5550.056 2.3178713709000048e-15
5600.056 2.550126286000003e-15
5650.056 2.7360011977999968e-15
5700.056 2.797206485400001e-15
5750.056 2.7717859699000004e-15
5800.056 2.508238214699993e-15
5850.056 1.7625465946599742e-15
5900.056 5.396234248426814e-16
5950.056 3.48600081390012e-15
6000.056 7.457542832199928e-15
6050.056 1.3346211404000222e-14
6100.056 2.1627239839000226e-14
6150.056 3.2713071902000216e-14
6200.056 4.7399636969000254e-14
6250.056 6.56961027190001e-14
6300.056 9.129374352300015e-14
6350.056 1.247292945770006e-13
6400.056 1.6762917931000082e-13
6450.056 2.0714837809299497e-13
6500.056 2.747715085099988e-13
6550.056 3.7095740353199314e-13
6600.056 5.024494192800194e-13
6650.056 6.858301122200059e-13
6700.056 8.924886401900077e-13
6750.056 1.231210625610007e-12
6800.056 1.5243187674000188e-12
6850.056 1.7064288493000038e-12
6900.056 1.566570849850045e-12
6950.056 1.3617369036549844e-12
7000.056 1.5079657472599996e-12
7050.056 1.612155607759975e-12
7100.056 1.7994425443399606e-12
7150.056 1.5802440358527214e-12
7200.056 1.451329360389273e-12
7250.056 1.6256743822556214e-12
7300.056 1.6813451212369784e-12
7350.056 1.9231994587218786e-12
7400.056 2.1601709278201223e-12
7450.056 2.4707232134601544e-12
7500.056 2.6840179488999864e-12
7550.056 2.7492947823999923e-12
7600.056 2.6157269056999893e-12
7650.056 9.474737130639628e-13
7700.056 7.140025693720275e-13
7750.056 2.8875893259000398e-12
7800.056 4.1808720309099854e-12
7850.056 6.018321931799981e-12
7900.056 7.735523519699783e-12
7950.056 8.681490033340001e-12
8000.056 1.1539878553500086e-11
8050.056 1.3719142751200313e-11
8100.056 1.270758110717563e-11
8150.056 1.2927028067022115e-11
8200.056 1.9261978945654888e-11
8250.056 2.167896943744964e-11
8300.056 2.640725470484833e-11
8350.056 2.89260019167105e-11
8400.056 3.473684433339478e-11
8450.056 4.6043272313699076e-11
8500.056 5.361873894249761e-11
8550.056 7.0256075846001e-11
8600.056 8.821631502200094e-11
8650.056 1.0498663447300161e-10
8700.056 1.1681471325300168e-10
8750.056 1.3568688935400076e-10
8800.056 1.4803188206500145e-10
8850.056 1.345481307239941e-10
8900.056 4.428175457241594e-11
8950.056 4.990072825326256e-11
9000.056 4.309713519340687e-11
9050.056 1.276405184953838e-10
9100.056 1.639905307389366e-10
9150.056 1.9906500426966592e-10
9200.056 3.1896174427862434e-10
9250.056 3.0851242920429756e-10
9300.056 5.228177938692598e-11
9350.056 6.654081087780708e-11
9400.056 1.4957491984945737e-10
9450.056 1.7836894403075216e-10
9500.056 1.522474226890866e-10
9550.056 1.785928928012257e-10
9600.056 1.7440848496616226e-10
9650.056 2.5430240972854483e-10
9700.056 4.516553701293398e-10
9750.056 4.3627251970669777e-10
9800.056 4.932264062642176e-10
9850.056 5.625302629820713e-10
9900.056 7.453711203863726e-10
9950.056 7.273984014604896e-10
10000.056 7.91805831536909e-10
10050.056 1.0168328077500512e-09
10100.056 1.2990588766099244e-09
10150.056 1.3453551200899904e-09
10200.056 1.347709880010136e-09
10250.056 1.684819103632779e-09
10300.056 2.261531628595885e-09
10350.056 2.2814818736604323e-09
10400.056 3.5666100557183326e-09
10450.056 4.652443497583837e-09
10500.056 5.75672818529995e-09
10550.056 7.124311595000228e-09
10600.056 7.876661533999766e-09
10650.056 8.443642054550308e-09
10700.056 8.157113305580109e-09
10750.056 8.476628658562134e-09
10800.056 8.116656054913686e-09
10850.056 7.080112052822159e-09
10900.056 4.821479625141641e-09
10950.056 2.171592382250813e-09
11000.056 1.3281423663927064e-09
11050.056 7.335687097367711e-10
11100.056 3.803256173915691e-10
11150.056 1.3878739623694663e-10
11200.056 8.254013499703704e-11
11250.056 9.708263963960604e-11
11300.056 1.672540741282138e-10
11350.056 4.5823918613447795e-11
11400.056 1.640692318652508e-10
11450.056 1.1584175819625998e-10
11500.056 7.728375378012892e-11
11550.056 1.484888640448163e-11
11600.056 1.1455870977777262e-11
11650.056 4.7454443703514126e-11
11700.056 5.403909074981572e-11
11750.056 9.029736198916805e-12
11800.056 6.595188145931106e-11
11850.056 1.1189625273720708e-10
11900.056 1.2222277059183845e-10
11950.056 2.0849554489764334e-10
12000.056 3.790504447198972e-10
12050.056 6.78852683121742e-10
12100.056 1.1241471911738766e-09
12150.056 1.829290637358622e-09
12200.056 2.3814597073401212e-09
12250.056 3.8262018664984e-09
12300.056 6.071768405871113e-09
12350.056 6.706300045977901e-09
12400.056 1.0287295571979346e-08
12450.056 1.4349565087501397e-08
12500.056 1.634548780612237e-08
12550.056 1.9423951925289974e-08
12600.056 2.253812290838188e-08
12650.056 2.336164749693877e-08
12700.056 2.3175494328402147e-08
12750.056 1.7766964570872808e-08
12800.056 1.3603809588886019e-08
12850.056 8.212191294906077e-09
12900.056 6.051405778675422e-09
12950.056 4.848765768728839e-09
13000.056 4.635493995279941e-09
13050.056 2.8188224350727933e-09
13100.056 2.468581997450828e-09
13150.056 1.521356153569494e-09
13200.056 1.3776624281471872e-09
13250.056 1.0103961837673125e-09
13300.056 3.6819201021425137e-10
13350.056 1.0742910078782823e-10
13400.056 6.198903577569443e-11
13450.056 1.988619864956739e-11
13500.056 8.01765290695128e-12
13550.056 3.2399328036055538e-12
13600.056 6.367302263509064e-13
13650.056 5.159408025221735e-12
13700.056 2.7645475611297294e-12
13750.056 5.04153803112801e-12
13800.056 4.350813129732583e-12
13850.056 2.514918454814917e-12
13900.056 3.951974865045305e-12
13950.056 2.927242333941249e-12
14000.056 3.4569137936153e-12
14050.056 6.058577696087771e-12
14100.056 6.630847392477702e-12
14150.056 1.3377099129825175e-11
14200.056 8.07643650351466e-12
14250.056 1.2153977760119956e-11
14300.056 2.9646382308287986e-11
14350.056 3.062459300129655e-11
14400.056 3.3560783644171534e-11
14450.056 5.455436287695213e-11
14500.056 1.1934757317977193e-10
14550.056 1.306651699858185e-10
14600.056 1.5921607850251395e-10
14650.056 9.672084174815116e-11
14700.056 4.5233841661707864e-11
14750.056 2.346249933234322e-11
14800.056 4.7620736182565195e-11
14850.056 6.449539636853642e-11
14900.056 6.625104067765169e-11
14950.056 5.030968073287715e-11
15000.056 1.2851335866935291e-10
15050.056 1.0350732817481376e-10
15100.056 6.932098353342301e-11
15150.056 5.004476396398589e-11
15200.056 1.0789673601287336e-10
15250.056 2.462900526102555e-10
15300.056 3.0766624507356257e-10
15350.056 4.203689378083088e-10
15400.056 5.883934671161228e-10
15450.056 8.090494769101256e-10
15500.056 9.343541708745315e-10
15550.056 1.6050136371359518e-09
15600.056 2.201639047912797e-09
15650.056 3.3700768262486306e-09
15700.056 4.933922855081042e-09
15750.056 6.311537726362601e-09
15800.056 7.183736967860299e-09
15850.056 8.449045750661418e-09
15900.056 7.91684983427016e-09
15950.056 7.51610832289875e-09
16000.056 5.484992185380959e-09
16050.056 2.9478791927596047e-09
16100.056 1.7715871845806805e-09
16150.056 8.994807387142107e-10
16200.056 4.584622399233341e-10
16250.056 2.966975668366405e-10
16300.056 1.7836826569877106e-10
16350.056 2.22559735966087e-10
16400.056 2.8406818052656135e-10
16450.056 2.410519598507416e-10
16500.056 2.0754482011417047e-10
16550.056 2.1429733175822447e-10
16600.056 3.2275381190117983e-10
16650.056 2.38994233658925e-10
16700.056 3.3177170340774195e-11
16750.056 1.1491175771390452e-10
16800.056 1.9939620064293762e-10
16850.056 2.349822334644812e-10
16900.056 1.1251476738527422e-10
16950.056 6.405393961101401e-11
17000.056 3.46703057801654e-11
17050.056 7.457848869797785e-11
17100.056 1.3647460490414074e-10
17150.056 6.986410591700257e-11
17200.056 2.5734403723823767e-10
17250.056 1.470085175335222e-10
17300.056 8.746611287287858e-11
17350.056 9.579568611327045e-11
17400.056 1.7133243934467322e-10
17450.056 2.347968036748506e-10
17500.056 3.1876062348871345e-10
17550.056 2.9128580882077223e-10
17600.056 2.172779459802291e-10
17650.056 1.9932244286475438e-10
17700.056 1.473082752109337e-10
17750.056 1.5053531454779907e-10
17800.056 3.6877342006022386e-10
17850.056 1.6926663218871936e-10
17900.056 1.2254557657882993e-10
17950.056 9.871341586006959e-11
18000.056 1.5393262992426377e-10
18050.056 1.2984148020088602e-10
18100.056 1.654087802788495e-10
18150.056 1.4523409110472708e-10
18200.056 9.958805239290623e-11
18250.056 3.2769150089988446e-10
18300.056 8.386523744377704e-11
18350.056 6.27180470197719e-11
18400.056 4.771289678162537e-11
18450.056 1.8600701313269723e-10
18500.056 1.8280462463896074e-10
18550.056 1.0883241287621906e-10
18600.056 1.40836956619521e-10
18650.056 1.0127545759754826e-10
18700.056 3.200807046747252e-11
18750.056 7.541579871933632e-11
18800.056 2.884240414325706e-10
18850.056 2.945013948135349e-10
18900.056 2.5258353254401665e-10
18950.056 3.9711850754512574e-10
19000.056 1.281358440182244e-10
19050.056 6.27030563171599e-11
19100.056 1.3836544289784358e-10
19150.056 6.377028626408115e-11
19200.056 8.831964597612232e-11
19250.056 6.601340460397992e-11
19300.056 4.5472277341831996e-11
19350.056 3.8610953156838236e-11
19400.056 3.499832796441809e-11
19450.056 6.24576756830809e-11
19500.056 3.8890924887054005e-11
19550.056 5.825007238379146e-11
19600.056 1.413669553475375e-10
19650.056 9.440213918585462e-11
19700.056 1.1146150144010964e-10
19750.056 1.9497083946309285e-10
19800.056 1.3485546401805103e-10
19850.056 1.75494135442079e-10
19900.056 2.2160925004449517e-10
19950.056 3.141920663982695e-10
20000.056 4.1743646562796494e-10
20050.056 3.2144510695593036e-10
20100.056 5.708702361734864e-10
20150.056 2.938912525650477e-10
20200.056 2.2435139054407742e-10
20250.056 4.587754220972455e-10
20300.056 5.489988996722975e-10
20350.056 5.939013004167928e-10
20400.056 5.112532720104647e-10
20450.056 8.816007651383926e-10
20500.056 1.0708715618656452e-09
20550.056 1.2300335440567202e-09
20600.056 1.2983289682039444e-09
20650.056 1.672050050131846e-09
20700.056 1.8793901663004337e-09
20750.056 2.17848985919445e-09
20800.056 2.12843951113983e-09
20850.056 2.451213088574181e-09
20900.056 2.6821878402692536e-09
20950.056 2.55131510672019e-09
21000.056 2.5072831440925075e-09
21050.056 2.6730642607294887e-09
21100.056 2.494187442210282e-09
21150.056 2.516907229127632e-09
21200.056 2.316073822765482e-09
21250.056 2.126020102433574e-09
21300.056 1.7523825443866009e-09
21350.056 1.7501652773080607e-09
21400.056 1.6593032327612974e-09
21450.056 1.313731971595129e-09
21500.056 1.1460585531833695e-09
21550.056 1.0148365935421116e-09
21600.056 8.379240917869117e-10
21650.056 6.094224865792197e-10
21700.056 5.39788831955733e-10
21750.056 5.183973369130442e-10
21800.056 3.6003968625396737e-10
21850.056 3.4922814950240565e-10
21900.056 2.376187590252979e-10
21950.056 8.573284732688478e-11
22000.056 1.678148296303619e-11
22050.056 2.010670762374484e-11
22100.056 7.908782940437367e-11
22150.056 7.200769361668698e-11
22200.056 7.763475952143386e-11
22250.056 6.055430035831657e-11
22300.056 3.167655641981692e-11
22350.056 4.156303287294129e-11
22400.056 1.6183352178999454e-11
22450.056 2.2427065083661738e-11
22500.056 1.7385399436056503e-11
22550.056 1.0820857797081672e-11
22600.056 8.52049535929717e-12
22650.056 1.6696324999693497e-11
22700.056 1.3253422476503275e-11
22750.056 1.5228487117218686e-11
22800.056 1.602217944265857e-11
22850.056 1.171721058559067e-11
22900.056 8.405606727337691e-12
22950.056 7.463846464149231e-12
23000.056 1.0528324799131931e-11
23050.056 1.3593560062146157e-11
23100.056 6.367544608557314e-11
23150.056 6.261322746653078e-11
23200.056 3.187012545117555e-12
23250.056 1.0675369745869541e-11
23300.056 1.0488132670849679e-11
23350.056 1.5900783812348202e-11
23400.056 1.3245340112319342e-11
23450.056 8.503094137003349e-12
23500.056 9.149088934714224e-12
23550.056 1.761184680140536e-11
23600.056 3.147057450273708e-11
23650.056 4.786657670582922e-11
23700.056 1.0753605003834587e-11
23750.056 8.950460483262393e-12
23800.056 3.524757872083919e-11
23850.056 2.6139312975880968e-11
23900.056 5.68128765585822e-11
23950.056 3.5508566931422483e-11
24000.056 6.947030250982866e-11
24050.056 8.835279878587142e-11
24100.056 9.755681898541063e-11
24150.056 1.4049535391800973e-10
24200.056 9.497784329436855e-11
24250.056 7.661658675375162e-11
24300.056 1.3238077276917195e-10
24350.056 1.1184962816148834e-10
24400.056 2.3580316151994713e-10
24450.056 2.6831717822415687e-10
24500.056 2.4492116076546913e-10
24550.056 3.614009490042493e-10
24600.056 3.778801390240236e-10
24650.056 5.894852417370877e-10
24700.056 3.417726693464752e-10
24750.056 4.6053092320231913e-10
24800.056 4.177602708098794e-10
24850.056 6.929897919252012e-10
24900.056 3.2832286687107247e-10
24950.056 6.793578707248607e-10
25000.056 6.632362856323072e-10
25050.056 4.3432310601581763e-10
25100.056 6.782054189484536e-10
25150.056 3.2249970246106517e-10
25200.056 4.947105774148924e-10
25250.056 2.1151685509453652e-10
25300.056 3.1802752728317103e-10
25350.056 1.4478747626187767e-10
25400.056 3.702653802797375e-10
25450.056 1.1512899272949218e-10
25500.056 1.0033924274175124e-10
25550.056 1.9416665517576091e-10
25600.056 9.891355770777054e-11
25650.056 5.5128033261468266e-11
25700.056 7.512577732775376e-11
25750.056 1.994567596884728e-11
25800.056 1.1030617664007972e-10
25850.056 2.0437687102719336e-11
25900.056 2.925241580403368e-11
25950.056 7.339365998301257e-12
26000.056 1.0019253549382374e-10
26050.056 1.2208895205330338e-11
26100.056 6.193426596561026e-11
26150.056 2.7656022777867512e-11
26200.056 3.726612689053996e-11
26250.056 2.380363191001834e-10
26300.056 5.3001064820340144e-11
26350.056 3.5754766790828495e-10
26400.056 4.974380107960963e-10
26450.056 3.8828473693762853e-10
26500.056 7.645678156083371e-10
26550.056 9.772007990093988e-11
26600.056 1.2913454406997988e-10
26650.056 1.842155245175586e-11
26700.056 1.0743267072535732e-11
26750.056 1.4957836661025186e-11
26800.056 4.815961847374832e-11
26850.056 2.6066937505548882e-11
26900.056 1.3598816739024057e-10
26950.056 4.348579603782993e-11
27000.056 2.5305198870331746e-10
27050.056 2.703771886152471e-10
27100.056 3.607588459343449e-11
27150.056 3.447582695958117e-10
27200.056 3.5398633847650264e-11
27250.056 1.2027048855661098e-10
27300.056 8.032801031133136e-10
27350.056 2.86144204684924e-10
27400.056 1.4481218195023568e-11
27450.056 3.6554674438034005e-10
27500.056 4.2074770418807496e-10
27550.056 6.787951476208878e-11
27600.056 2.035832675101289e-10
27650.056 5.1664738578564494e-11
27700.056 4.409016370878121e-11
27750.056 2.9722188860182563e-10
27800.056 7.860999523939962e-11
27850.056 1.3716510969160154e-10
27900.056 1.3335352531110252e-10
27950.056 3.623447293903012e-10
28000.056 3.2769696126205564e-10
28050.056 3.8596142698369214e-11
28100.056 3.0329644810157627e-10
28150.056 2.3250329575028585e-10
28200.056 6.298226049830166e-11
28250.056 4.2043682776182756e-10
28300.056 3.9356209657984555e-10
28350.056 8.414278163334984e-11
28400.056 2.8514012938382594e-10
28450.056 4.886028524383111e-10
28500.056 3.0870713704707687e-10
28550.056 6.82038751875727e-11
28600.056 5.217269767850172e-10
28650.056 3.4427278685502427e-10
28700.056 4.988780370676752e-10
28750.056 7.200687506295911e-10
28800.056 3.2382451731294814e-10
