galfind/configs/Brown_Dwarf_templates/sonora_bobcat/m0.0/56g/sp_t2200g56nc_m0.0_resample.dat
# %ECSV 1.0
# ---
# datatype:
# - {name: wav, unit: Angstrom, datatype: float64}
# - {name: flux_nu, unit: erg / (cm2 Hz s), datatype: float64}
# meta: {C/O: '1.00', Kzz: '1.0000E+05', Teff: '2200.', Y: '0.28', '[Fe/H]': '0.00', f_hole: '1.00', f_rain: '0.00', grav: '56.'}
# schema: astropy-2.0
wav flux_nu
[from data line 500]
29000.056 2.5686049196490886e-06
29050.056 2.644938147789825e-06
29100.056 2.3071961731600885e-06
29150.056 2.7755718544802257e-06
29200.056 2.5731212620903355e-06
29250.056 2.7820384665100394e-06
29300.056 2.4789076223086834e-06
29350.056 3.019803563389537e-06
29400.056 2.603062540609859e-06
29450.056 2.5696902971098445e-06
29500.056 2.750663072309724e-06
29550.056 2.6447100864502935e-06
29600.056 2.7658054540099987e-06
29650.056 2.7518417285699903e-06
29700.056 2.454255601439818e-06
29750.056 2.9983794978311117e-06
29800.056 2.9039316617898826e-06
29850.056 2.8295569871996447e-06
29900.056 2.5728514893206393e-06
29950.056 3.0053161402994786e-06
30000.056 2.9692239755690182e-06
30050.056 2.8068882324999517e-06
30100.056 2.311824594739428e-06
30150.056 3.367234603099735e-06
30200.056 3.0651229231502593e-06
30250.056 2.8987354430406815e-06
30300.056 2.9661851658098244e-06
30350.056 2.8344981609405554e-06
30400.056 3.2807546188204873e-06
30450.056 2.6906274887103276e-06
30500.056 2.633041324020418e-06
30550.056 3.4118919613006724e-06
30600.056 3.242127902370329e-06
30650.056 3.2118059820801693e-06
30700.056 3.018200636209985e-06
30750.056 2.9129367084501292e-06
30800.056 3.431409259260959e-06
30850.056 3.0205086579799804e-06
30900.056 3.0537215057497542e-06
30950.056 2.946849353750333e-06
31000.056 3.344037302349907e-06
31050.056 2.88913980201007e-06
31100.056 3.2299650533399712e-06
31150.056 3.271895999719705e-06
31200.056 3.348833352599646e-06
31250.056 3.5442371817006864e-06
31300.056 3.1865314293997605e-06
31350.056 3.178769704859996e-06
31400.056 3.300227013300543e-06
31450.056 3.306994083440201e-06
31500.056 3.3933483165905553e-06
31550.056 3.123671701199965e-06
31600.056 3.291384731079849e-06
31650.056 3.423731175999933e-06
31700.056 3.5083513310999333e-06
31750.056 3.0934119550001687e-06
31800.056 3.4990456122002917e-06
31850.056 3.8028392846999275e-06
31900.056 3.6909060267997263e-06
31950.056 3.073924320399678e-06
32000.056 3.2901295608007436e-06
32050.056 3.724728586000388e-06
32100.056 3.7519545117996144e-06
32150.056 3.7071368110001227e-06
32200.056 3.5811591868499324e-06
32250.056 3.401979072700165e-06
32300.056 3.6825563346401387e-06
32350.056 3.885730347300501e-06
32400.056 3.5502822116399652e-06
32450.056 3.4337920779003147e-06
32500.056 3.734815488700237e-06
32550.056 4.058182542400145e-06
32600.056 3.9617298147997665e-06
32650.056 3.865877073601077e-06
32700.056 3.692756544700124e-06
32750.056 3.8650335294000285e-06
32800.056 3.5785920397004682e-06
32850.056 4.1484704503997245e-06
32900.056 3.990621816300072e-06
32950.056 3.5203826516998496e-06
33000.056 3.817643208160268e-06
33050.056 3.887761293059566e-06
33100.056 4.004540243539e-06
33150.056 3.972062741600268e-06
33200.056 3.7249986201006787e-06
33250.056 3.976515501380189e-06
33300.056 4.299073851520302e-06
33350.056 4.010896065600296e-06
33400.056 3.748219602499633e-06
33450.056 4.082244112598812e-06
33500.056 4.039365844500266e-06
33550.056 3.988421984599365e-06
33600.056 4.04251725970066e-06
33650.056 4.142679450300805e-06
33700.056 4.290860866359412e-06
33750.056 4.255661249200178e-06
33800.056 4.177486423099985e-06
33850.056 4.029885697500043e-06
33900.056 4.473017531199494e-06
33950.056 4.011972151099531e-06
34000.056 4.080174822799137e-06
34050.056 4.177003759000099e-06
34100.056 4.423294443200501e-06
34150.056 4.318400112799541e-06
34200.056 4.104241681599424e-06
34250.056 4.522614712499389e-06
34300.056 4.233080545399499e-06
34350.056 4.399808972599464e-06
34400.056 4.109049458899506e-06
34450.056 4.130657706400036e-06
34500.056 4.255887661400853e-06
34550.056 4.16271940319978e-06
34600.056 4.306817444399992e-06
34650.056 4.3291534570999e-06
34700.056 4.157180965599432e-06
34750.056 4.447524791300289e-06
34800.056 4.571511849399583e-06
34850.056 4.167133206600057e-06
34900.056 4.453633191600378e-06
34950.056 4.327892789899134e-06
35000.056 4.222652730499505e-06
35050.056 4.613729539600597e-06
35100.056 4.488368223799136e-06
35150.056 4.399711523399642e-06
35200.056 4.508604161499682e-06
35250.056 4.061882448200359e-06
35300.056 4.450622560600431e-06
35350.056 4.640014407499672e-06
35400.056 4.3945330722997825e-06
35450.056 4.283196232400305e-06
35500.056 4.549888556599978e-06
35550.056 4.387817053599918e-06
35600.056 4.299607560699228e-06
35650.056 4.690144084800532e-06
35700.056 4.307158435100371e-06
35750.056 4.387892248299693e-06
35800.056 4.542834567399658e-06
35850.056 4.633642411699696e-06
35900.056 4.734127628699525e-06
35950.056 4.598346470399569e-06
36000.056 4.232670083099519e-06
36050.056 4.727215607800241e-06
36100.056 4.88326789369993e-06
36150.056 4.426107509000366e-06
36200.056 4.7499190781995135e-06
36250.056 4.438762631399275e-06
36300.056 5.0098771094008e-06
36350.056 4.824067036199322e-06
36400.056 4.652469914199863e-06
36450.056 4.96431125969965e-06
36500.056 4.652593088600325e-06
36550.056 4.538968849600526e-06
36600.056 4.612119188100442e-06
36650.056 4.764606610100513e-06
36700.056 4.98179272140018e-06
36750.056 4.63431398540056e-06
36800.056 4.760223248199529e-06
36850.056 4.826429328600054e-06
36900.056 4.882034697600695e-06
36950.056 4.873117974200083e-06
37000.056 4.91148958130019e-06
37050.056 5.022730421899935e-06
37100.056 4.828971521000372e-06
37150.056 4.792036737999088e-06
37200.056 5.00135334550012e-06
37250.056 5.017360883400334e-06
37300.056 5.007474170700887e-06
37350.056 4.7813448467005705e-06
37400.056 5.000680568399697e-06
37450.056 4.972203912000381e-06
37500.056 5.0982847724997556e-06
37550.056 4.95317744229921e-06
37600.056 5.184173540499379e-06
37650.056 4.79854530869954e-06
37700.056 4.884915411000185e-06
37750.056 5.173695226199236e-06
37800.056 5.26365773119993e-06
37850.056 5.066752413099763e-06
37900.056 5.160499034200369e-06
37950.056 5.199765729200268e-06
38000.056 5.080033636300659e-06
38050.056 5.111684401000363e-06
38100.056 4.955957893800194e-06
38150.056 5.26410257849931e-06
38200.056 5.369513683299336e-06
38250.056 5.0378041649006134e-06
38300.056 4.9703430575999216e-06
38350.056 5.165376341999972e-06
38400.056 5.212284077399808e-06
38450.056 5.200633539400514e-06
38500.056 5.125539785699753e-06
38550.056 5.1514895794003714e-06
38600.056 5.512773219699754e-06
38650.056 4.923115439400197e-06
38700.056 5.018431682500652e-06
38750.056 5.268321654299996e-06
38800.056 5.148121006100715e-06
38850.056 5.195343210000273e-06
38900.056 5.00381730299993e-06
38950.056 5.223279824399601e-06
39000.056 5.142488768300137e-06
39050.056 5.188151114699948e-06
39100.056 4.9445215134999284e-06
39150.056 5.079296965800246e-06
39200.056 5.207729076800212e-06
39250.056 5.190708625099338e-06
39300.056 5.198228698499137e-06
39350.056 5.153031421900516e-06
39400.056 5.0489059757001585e-06
39450.056 5.097028328199768e-06
39500.056 5.045948895999861e-06
39550.056 4.949551293999036e-06
39600.056 5.32242118770035e-06
39650.056 4.911006886900145e-06
39700.056 5.085456775699942e-06
39750.056 5.084606091699496e-06
39800.056 4.847215449800285e-06
39850.056 4.9795167683997565e-06
39900.056 4.8645629181997095e-06
39950.056 5.078660592299815e-06
40000.056 4.806173468399715e-06
40050.056 4.4852393293998645e-06
40100.056 4.8207624449997625e-06
40150.056 4.519320954899161e-06
40200.056 4.7397019883996764e-06
40250.056 4.7214883654986666e-06
40300.056 4.378618997400322e-06
40350.056 4.597517367200207e-06
40400.056 4.690524695699961e-06
40450.056 4.323217934000915e-06
40500.056 4.120522963999972e-06
40550.056 4.715542040499717e-06
40600.056 4.309704861400308e-06
40650.056 4.4443475290009714e-06
40700.056 4.651385363600312e-06
40750.056 4.130282880598892e-06
40800.056 4.098447164900558e-06
40850.056 3.893443672200849e-06
40900.056 3.831731657200688e-06
40950.056 4.1568116125000035e-06
41000.056 4.309146068300386e-06
41050.056 4.188485994899208e-06
41100.056 3.9933460070005625e-06
41150.056 4.2954008164002036e-06
41200.056 4.006440823700085e-06
41250.056 4.103006876700208e-06
41300.056 3.6489523938996626e-06
41350.056 4.2057516029002385e-06
41400.056 4.0231178698999615e-06
41450.056 3.846442363499955e-06
41500.056 4.135066367800071e-06
41550.056 4.112996504300064e-06
41600.056 4.254672549799888e-06
41650.056 3.779716047900549e-06
41700.056 3.6807913646996615e-06
41750.056 3.944099937600073e-06
41800.056 3.743662645299756e-06
41850.056 3.5453823587004384e-06
41900.056 3.988093724699388e-06
41950.056 3.615772296300498e-06
42000.056 3.843884725800283e-06
42050.056 3.56312341209885e-06
42100.056 3.909881030700368e-06
42150.056 3.3694172039992284e-06
42200.056 3.4379605839001925e-06
42250.056 3.6932153368997974e-06
42300.056 3.4036037006000536e-06
42350.056 3.7686983183006493e-06
42400.056 3.4316225910002132e-06
42450.056 3.003324300600203e-06
42500.056 3.152006677200287e-06
42550.056 3.4305492427997475e-06
42600.056 3.3134176770004824e-06
42650.056 3.1722156071989056e-06
42700.056 3.370858109000825e-06
42750.056 3.19434191670005e-06
42800.056 3.2144296156003325e-06
42850.056 3.436017996499735e-06
42900.056 3.3208689503002796e-06
42950.056 2.9911696791987432e-06
43000.056 3.1969748691999153e-06
43050.056 3.0999777215112694e-06
43100.056 3.2129473608995084e-06
43150.056 3.328981750700762e-06
43200.056 3.1627531626000095e-06
43250.056 3.171247503100572e-06
43300.056 3.244658293900178e-06
43350.056 3.054115637199573e-06
43400.056 2.988015135899761e-06
43450.056 3.063407053200892e-06
43500.056 2.9755694731993006e-06
43550.056 3.0777636536199406e-06
43600.056 3.2004242360000277e-06
43650.056 2.9210007066604365e-06
43700.056 2.8676963351999295e-06
43750.056 2.931191399700061e-06
43800.056 2.8447613058000175e-06
43850.056 2.933812599900495e-06
43900.056 2.949963996759915e-06
43950.056 2.814286221850399e-06
44000.056 2.638609251300252e-06
44050.056 2.6602761527000923e-06
44100.056 2.756734198000607e-06
44150.056 2.941640266299528e-06
44200.056 2.7463404883601218e-06
44250.056 2.616052253539818e-06
44300.056 2.55410916762054e-06
44350.056 2.607355227920102e-06
44400.056 2.6082980983000336e-06
44450.056 2.781058307500107e-06
44500.056 2.815452475300559e-06
44550.056 2.516316406479412e-06
44600.056 2.581718729590343e-06
44650.056 2.743589515700109e-06
44700.056 2.517461826380276e-06
44750.056 2.730043284919597e-06
44800.056 2.708664210499897e-06
44850.056 2.762329393200148e-06
44900.056 2.5954836332004323e-06
44950.056 2.4083369099999692e-06
45000.056 2.6438401979999694e-06
45050.056 2.608517100199618e-06
45100.056 2.706437948799771e-06
45150.056 2.637507472950069e-06
45200.056 2.4311462069498395e-06
45250.056 2.4968467217895727e-06
45300.056 2.535064819010101e-06
45350.056 2.6942788975295525e-06
45400.056 2.6237476478403326e-06
45450.056 2.4250595726996227e-06
45500.056 2.4254822645399144e-06
45550.056 2.6768752910695863e-06
45600.056 2.5624577990099344e-06
45650.056 2.323450687499307e-06
45700.056 2.520317747380359e-06
45750.056 2.4887205883998154e-06
45800.056 2.4735847995399487e-06
45850.056 2.735061578020071e-06
45900.056 2.6928989973000552e-06
45950.056 2.415588130599906e-06
46000.056 2.7137419887799943e-06
46050.056 2.7262278753106255e-06
46100.056 2.4244221821101344e-06
46150.056 2.480704540539954e-06
46200.056 2.7405882014205954e-06
46250.056 2.3374304751098915e-06
46300.056 2.785451442339847e-06
46350.056 2.3177619799097785e-06
46400.056 2.528294040519687e-06
46450.056 2.449026626820595e-06
46500.056 2.3926571051799802e-06
46550.056 2.664652958499834e-06
46600.056 2.4448060472697612e-06
46650.056 2.916755869940006e-06
46700.056 2.734501061430721e-06
46750.056 2.384800344949899e-06
46800.056 2.611201246320446e-06
46850.056 2.6482824168800493e-06
46900.056 2.582460408039493e-06
46950.056 2.735798218790214e-06
47000.056 2.616971128820005e-06
47050.056 2.626412446349689e-06
47100.056 2.496819823490102e-06
47150.056 2.5780851630605074e-06
47200.056 2.54114650098067e-06
47250.056 2.5242010957992422e-06
47300.056 2.520012766509278e-06
47350.056 2.2841136847995453e-06
47400.056 2.6229663958293586e-06
47450.056 2.7162245709298206e-06
47500.056 2.490952547579299e-06
47550.056 2.5111680978094137e-06
47600.056 2.7034118405999344e-06
47650.056 2.1134057889094527e-06
47700.056 2.6806070366600995e-06
47750.056 2.0580209682406457e-06
47800.056 2.695955258199751e-06
47850.056 2.221318255679096e-06
47900.056 2.751057158340147e-06
47950.056 2.141237630110596e-06
48000.056 2.85950959100005e-06
48050.056 2.2886513095304947e-06
48100.056 2.405043438450035e-06
48150.056 2.2720063437402444e-06
48200.056 2.709420708420742e-06
48250.056 2.329740070419677e-06
48300.056 2.8464536347997684e-06
48350.056 2.1034677089295437e-06
48400.056 2.6849720625599512e-06
48450.056 2.4070853078402185e-06
48500.056 2.8070550753600576e-06
48550.056 2.2050267479100245e-06
48600.056 2.6527107968997504e-06
48650.056 2.157421857699986e-06
48700.056 2.497911451900055e-06
48750.056 2.031495537060389e-06
48800.056 2.8128599049401465e-06
48850.056 2.219475877339594e-06
48900.056 2.6324235938000403e-06
48950.056 2.509186960600356e-06
49000.056 2.4171255203398634e-06
49050.056 2.4629824759997683e-06
49100.056 2.4031876598200913e-06
49150.056 2.398543624600107e-06
49200.056 2.546587012299944e-06
49250.056 2.411387614750203e-06
49300.056 2.2622808629296493e-06
49350.056 2.2075432693000498e-06
49400.056 2.60917643220042e-06
49450.056 2.314859905720545e-06
49500.056 2.3737969071003784e-06
49550.056 2.200634842179979e-06
49600.056 2.272520853730411e-06
49650.056 2.314010620860398e-06
49700.056 2.049717185959767e-06
49750.056 2.756015508199461e-06
49800.056 2.374478887720021e-06
49850.056 2.651149696100045e-06
49900.056 2.2675912258801146e-06
49950.056 2.4183940309992297e-06
50000.056 2.2792587349794627e-06
50050.056 2.403509809560122e-06
50100.056 2.404985193999771e-06
50150.056 2.2473624281199157e-06
50200.056 2.0519008787001394e-06
50250.056 2.1649857332401883e-06
50300.056 2.171871334389603e-06
50350.056 2.332081639329972e-06
50400.056 2.2810365990001213e-06
50450.056 2.157637601840224e-06
50500.056 2.6953915949003993e-06
50550.056 2.291878689819813e-06
50600.056 2.3535927487902235e-06
50650.056 2.2857559590005944e-06
50700.056 2.422749095799278e-06
50750.056 2.3394110062002775e-06
50800.056 2.0605758722599116e-06
50850.056 2.260359214980331e-06
50900.056 2.2385343113999498e-06
50950.056 2.419701627600365e-06
51000.056 2.6034170280802694e-06
51050.056 2.1215049725403915e-06
51100.056 2.128446639689886e-06
51150.056 2.366298361750117e-06
51200.056 2.2446985898598216e-06
51250.056 2.412624370470077e-06
51300.056 2.1765260864906233e-06
51350.056 2.341573040399732e-06
51400.056 2.250666074079373e-06
51450.056 1.7488403585097696e-06
51500.056 2.334512968099907e-06
51550.056 2.6261441607802417e-06
51600.056 1.9330966244199007e-06
51650.056 2.2728723193996674e-06
51700.056 2.0269706418093535e-06
51750.056 2.0819511342001553e-06
51800.056 2.2947540616997303e-06
51850.056 2.355407216299919e-06
51900.056 2.424110978500292e-06
51950.056 2.1727068953997446e-06
52000.056 2.0372116421099744e-06
52050.056 2.318305028169829e-06
52100.056 2.2529578427494713e-06
52150.056 2.2503476592303706e-06
52200.056 2.154402151540113e-06
52250.056 2.1268011124299687e-06
52300.056 2.193038051509986e-06
52350.056 2.4870944231802423e-06
52400.056 1.9703378710399963e-06
52450.056 2.17129021263996e-06
52500.056 2.282729947609328e-06
52550.056 2.123845545399457e-06
52600.056 2.255174108140156e-06
52650.056 2.511009959180484e-06
52700.056 2.2079322060200728e-06
52750.056 1.8448680100398244e-06
52800.056 2.0652848837002475e-06
52850.056 1.9869218557398957e-06
52900.056 2.1799666034602806e-06
52950.056 2.124313617899567e-06
53000.056 2.3186120189896766e-06
53050.056 2.2367736261496785e-06
53100.056 1.961006798869518e-06
53150.056 2.3499572926004913e-06
53200.056 1.831410745730372e-06
53250.056 2.4521961489999093e-06
53300.056 2.327577217700764e-06
53350.056 2.3640340898998036e-06
53400.056 2.0909921675001544e-06
53450.056 1.99650351850002e-06
53500.056 1.886813182319671e-06
53550.056 2.2796496597999214e-06
53600.056 2.2608074963203666e-06
53650.056 2.0292505372406364e-06
