galfind/configs/Brown_Dwarf_templates/sonora_bobcat/m0.0/56g/sp_t1000g56nc_m0.0_resample.dat
# %ECSV 1.0
# ---
# datatype:
# - {name: wav, unit: Angstrom, datatype: float64}
# - {name: flux_nu, unit: erg / (cm2 Hz s), datatype: float64}
# meta: {C/O: '1.00', Kzz: '1.0000E+05', Teff: '1000.', Y: '0.28', '[Fe/H]': '0.00', f_hole: '1.00', f_rain: '0.00', grav: '56.'}
# schema: astropy-2.0
wav flux_nu
[from data line 499]
28950.056 1.6286469904038705e-07
29000.056 1.3043851705167053e-07
29050.056 1.390663841032341e-07
29100.056 1.0270431544421801e-07
29150.056 1.6763667077878978e-07
29200.056 1.2693724045459802e-07
29250.056 1.7220419981017635e-07
29300.056 1.1008003394667006e-07
29350.056 2.2766774406555783e-07
29400.056 1.4121656014459348e-07
29450.056 1.5565867859280903e-07
29500.056 1.6666468712145443e-07
29550.056 1.5219604513962806e-07
29600.056 1.7461821995743438e-07
29650.056 1.7091457223707727e-07
29700.056 1.3215015304873126e-07
29750.056 1.7817043174744055e-07
29800.056 1.8561559188668628e-07
29850.056 1.8897041303625496e-07
29900.056 1.726625823603073e-07
29950.056 1.8395604281873697e-07
30000.056 1.3755153086730165e-07
30050.056 1.4000311410959654e-07
30100.056 1.2931653460705183e-07
30150.056 1.9131893891298228e-07
30200.056 1.4769085362159925e-07
30250.056 1.98390960223549e-07
30300.056 1.6727259926901173e-07
30350.056 1.466049407724086e-07
30400.056 1.7317531033550078e-07
30450.056 1.323575698344207e-07
30500.056 1.0640448480290878e-07
30550.056 1.1461067184260356e-07
30600.056 1.268815156259931e-07
30650.056 1.0584827885327341e-07
30700.056 1.0482657757698103e-07
30750.056 9.957366892448466e-08
30800.056 8.621414601891756e-08
30850.056 7.861244834596594e-08
30900.056 7.633234335168591e-08
30950.056 6.866122598111929e-08
31000.056 6.091519392650278e-08
31050.056 6.386203018800466e-08
31100.056 4.969048286339436e-08
31150.056 5.671046269579671e-08
31200.056 6.159910433301082e-08
31250.056 4.5601300875190846e-08
31300.056 4.512604330229302e-08
31350.056 4.408448715100049e-08
31400.056 3.583606359190126e-08
31450.056 3.7878917063793295e-08
31500.056 3.160613402519101e-08
31550.056 3.484485757259774e-08
31600.056 2.8130042654898913e-08
31650.056 2.6557626060702026e-08
31700.056 2.64331551881951e-08
31750.056 2.2980342412409656e-08
31800.056 2.7832881184796186e-08
31850.056 2.412505199200361e-08
31900.056 2.7312364372298066e-08
31950.056 1.8199681692201408e-08
32000.056 2.3441978028297116e-08
32050.056 2.496779671240087e-08
32100.056 2.470213130660521e-08
32150.056 2.5423292358296243e-08
32200.056 2.266520099620087e-08
32250.056 2.832575896010388e-08
32300.056 2.2402871468399026e-08
32350.056 2.995290598449514e-08
32400.056 2.1782829628294602e-08
32450.056 2.795742173799025e-08
32500.056 2.710031465210433e-08
32550.056 2.538149866059703e-08
32600.056 2.998497005770129e-08
32650.056 4.037870214259365e-08
32700.056 3.534012727450667e-08
32750.056 3.95317052076052e-08
32800.056 3.7401077928104886e-08
32850.056 4.1170122835893395e-08
32900.056 4.6426167919793433e-08
32950.056 4.760511420509558e-08
33000.056 4.002550431078641e-08
33050.056 3.7122510539620177e-08
33100.056 2.139796583629647e-08
33150.056 1.1080458282600667e-08
33200.056 8.756889916098543e-09
33250.056 5.3409357264985264e-09
33300.056 5.826183564201181e-09
33350.056 8.71996870280031e-09
33400.056 1.1740068318596004e-08
33450.056 1.5974574405099075e-08
33500.056 2.309615380301068e-08
33550.056 2.2784762349608715e-08
33600.056 3.281728187869581e-08
33650.056 3.392096126429515e-08
33700.056 3.0462600713494144e-08
33750.056 4.069942003110724e-08
33800.056 3.737072896120351e-08
33850.056 4.1114821930795056e-08
33900.056 3.421374179719942e-08
33950.056 3.44395284793961e-08
34000.056 4.215396798001373e-08
34050.056 2.7968584099487944e-08
34100.056 4.2238055241196257e-08
34150.056 3.6251466803697565e-08
34200.056 3.4403238950186224e-08
34250.056 3.6689675366679635e-08
34300.056 3.371337262328249e-08
34350.056 2.8896157802599657e-08
34400.056 2.804769586539553e-08
34450.056 3.552680972399126e-08
34500.056 3.3612489203402585e-08
34550.056 2.98429710102023e-08
34600.056 4.155997460999727e-08
34650.056 3.3414928376599585e-08
34700.056 3.6469414584397194e-08
34750.056 3.7380546240789156e-08
34800.056 3.5076444338190085e-08
34850.056 3.625738696001152e-08
34900.056 4.104470271678663e-08
34950.056 4.151117047699126e-08
35000.056 5.5393361738015186e-08
35050.056 3.862732486459477e-08
35100.056 4.591106264100388e-08
35150.056 4.439160670360595e-08
35200.056 4.856347882979571e-08
35250.056 5.863852003638392e-08
35300.056 5.078356724311062e-08
35350.056 4.8608118989783786e-08
35400.056 5.3636450212005063e-08
35450.056 3.918482689811895e-08
35500.056 6.663916341140107e-08
35550.056 6.456100180968849e-08
35600.056 5.5634856365924145e-08
35650.056 6.283967105119634e-08
35700.056 5.827810392009168e-08
35750.056 7.030592685298795e-08
35800.056 9.135757327460036e-08
35850.056 6.037785582879128e-08
35900.056 7.746302423500081e-08
35950.056 7.244097266498637e-08
36000.056 7.384642645701329e-08
36050.056 7.030957277597936e-08
36100.056 7.559245709735536e-08
36150.056 7.706142753698333e-08
36200.056 8.270852321997997e-08
36250.056 7.996445823137225e-08
36300.056 9.014842520300604e-08
36350.056 8.814382932460645e-08
36400.056 8.618836255659143e-08
36450.056 1.032171136925081e-07
36500.056 1.071520321455928e-07
36550.056 1.076142166120296e-07
36600.056 1.2448270326600204e-07
36650.056 1.2371439454977334e-07
36700.056 1.3160519535698088e-07
36750.056 1.3979903033506863e-07
36800.056 1.3931341445799888e-07
36850.056 1.3621619395536753e-07
36900.056 1.4163028739298185e-07
36950.056 1.612507961289782e-07
37000.056 1.5639276707299028e-07
37050.056 1.5269642444098336e-07
37100.056 1.7230358928999478e-07
37150.056 1.4786766710100015e-07
37200.056 1.7034253472398737e-07
37250.056 1.7773150752996936e-07
37300.056 1.5852984942323368e-07
37350.056 1.6058922218003404e-07
37400.056 2.2334691489599436e-07
37450.056 1.8530546221060753e-07
37500.056 1.839396300434759e-07
37550.056 2.1061719542111157e-07
37600.056 2.2592531744201185e-07
37650.056 1.8541302120599637e-07
37700.056 2.4697180013902724e-07
37750.056 1.987800842629963e-07
37800.056 2.097719652601349e-07
37850.056 1.7607540927700984e-07
37900.056 1.8825744222307283e-07
37950.056 2.125193079589523e-07
38000.056 2.548369521720058e-07
38050.056 2.520550925080477e-07
38100.056 2.3373843265205126e-07
38150.056 2.7681353074598276e-07
38200.056 2.878392359940673e-07
38250.056 2.750871246240208e-07
38300.056 3.3069806471196347e-07
38350.056 3.4320956657402653e-07
38400.056 2.5364408846292293e-07
38450.056 2.742524331779565e-07
38500.056 2.1370909940803815e-07
38550.056 2.9251671975005137e-07
38600.056 3.0347666112301383e-07
38650.056 2.924367143849661e-07
38700.056 3.1396974987598e-07
38750.056 3.375833122920129e-07
38800.056 2.9199657514280614e-07
38850.056 2.9382994429802673e-07
38900.056 3.6475365682604104e-07
38950.056 3.280762461349697e-07
39000.056 3.5220044806798967e-07
39050.056 3.3043627694996913e-07
39100.056 3.47516018791049e-07
39150.056 3.4878145287899923e-07
39200.056 3.682079530299805e-07
39250.056 3.981631620719101e-07
39300.056 3.484928212148489e-07
39350.056 4.2100536660201803e-07
39400.056 3.940738484740877e-07
39450.056 3.969697648519863e-07
39500.056 3.7800333145407105e-07
39550.056 4.049434550840599e-07
39600.056 4.216276116038612e-07
39650.056 4.439030014599926e-07
39700.056 4.3338755705002335e-07
39750.056 3.8659993374507724e-07
39800.056 4.354331316498724e-07
39850.056 4.828524667699914e-07
39900.056 4.6939877872003843e-07
39950.056 4.532869767938817e-07
40000.056 5.328933932201013e-07
40050.056 4.830812094200228e-07
40100.056 4.4993806189600757e-07
40150.056 5.065157484119313e-07
40200.056 5.139201826798392e-07
40250.056 4.834236241098657e-07
40300.056 4.881320798900708e-07
40350.056 5.196247481270087e-07
40400.056 5.604798677339893e-07
40450.056 5.368699412631116e-07
40500.056 5.394069795300227e-07
40550.056 5.579418933439279e-07
40600.056 5.36016459380072e-07
40650.056 5.144486043238874e-07
40700.056 6.238352650049882e-07
40750.056 5.529955329598919e-07
40800.056 4.849903983378198e-07
40850.056 6.110972661801366e-07
40900.056 5.716407889900359e-07
40950.056 5.537355925420296e-07
41000.056 5.740723493300246e-07
41050.056 6.410976807999508e-07
41100.056 5.611277633900128e-07
41150.056 4.942763722659407e-07
41200.056 6.1928121180995e-07
41250.056 5.592111614559637e-07
41300.056 5.174665579598762e-07
41350.056 6.543795809300797e-07
41400.056 6.104470999440938e-07
41450.056 6.202035563701394e-07
41500.056 5.546944600199955e-07
41550.056 5.643551719720589e-07
41600.056 6.512480739790578e-07
41650.056 6.218444350500597e-07
41700.056 5.736534374098262e-07
41750.056 5.982134288399765e-07
41800.056 6.439029806299347e-07
41850.056 4.917366000290418e-07
41900.056 5.699992107939238e-07
41950.056 5.293635904801231e-07
42000.056 5.385856354300367e-07
42050.056 4.841707669299564e-07
42100.056 6.21597026780051e-07
42150.056 4.769360884399225e-07
42200.056 4.7411593361898984e-07
42250.056 4.784365001799003e-07
42300.056 4.525910149240093e-07
42350.056 5.477466313700969e-07
42400.056 4.817541568901347e-07
42450.056 4.4976305540002305e-07
42500.056 4.51974557940013e-07
42550.056 4.496793044819382e-07
42600.056 4.489530103321169e-07
42650.056 4.779422506698312e-07
42700.056 4.70144056238064e-07
42750.056 4.347878541699721e-07
42800.056 4.473468259760887e-07
42850.056 5.105054554798421e-07
42900.056 5.12813426380107e-07
42950.056 4.551914867598142e-07
43000.056 4.910866011500032e-07
43050.056 3.919183400041955e-07
43100.056 4.630608314499608e-07
43150.056 4.4783507698907153e-07
43200.056 4.966325533800339e-07
43250.056 5.222647879399822e-07
43300.056 5.351438345200091e-07
43350.056 4.354338702999212e-07
43400.056 4.716846292429554e-07
43450.056 4.5056695851207585e-07
43500.056 4.299333767889641e-07
43550.056 4.512680340230803e-07
43600.056 5.377641825140358e-07
43650.056 4.5624208394201086e-07
43700.056 4.917479445600031e-07
43750.056 4.906774609811128e-07
43800.056 4.5781790974895335e-07
43850.056 4.4695333399008817e-07
43900.056 4.787566934899358e-07
43950.056 3.932971812839984e-07
44000.056 3.7873859072301137e-07
44050.056 4.703574176700404e-07
44100.056 5.205762343900353e-07
44150.056 4.926197465719065e-07
44200.056 4.7423250515600135e-07
44250.056 4.272664400410081e-07
44300.056 4.008432936260751e-07
44350.056 4.110061545620819e-07
44400.056 4.3513293547699714e-07
44450.056 4.565002170289743e-07
44500.056 4.748160054101052e-07
44550.056 4.953699918999206e-07
44600.056 4.3382599541806173e-07
44650.056 4.803519828290859e-07
44700.056 3.9616965276001576e-07
44750.056 4.641667217759963e-07
44800.056 4.44019344730025e-07
44850.056 4.573758912500798e-07
44900.056 4.0874871334603667e-07
44950.056 4.3075119368602834e-07
45000.056 4.5309632185995607e-07
45050.056 4.5264469374999456e-07
45100.056 4.549938386919916e-07
45150.056 4.42895446770969e-07
45200.056 3.974739307800287e-07
45250.056 4.220210393898966e-07
45300.056 4.0760645052005104e-07
45350.056 4.169495961879536e-07
45400.056 4.70195605250041e-07
45450.056 4.2794693757994146e-07
45500.056 4.4005632866698646e-07
45550.056 4.832019329799074e-07
45600.056 4.6903125599001773e-07
45650.056 3.948211036649255e-07
45700.056 4.292514637440588e-07
45750.056 3.9615516276798566e-07
45800.056 4.5435143117999407e-07
45850.056 4.991254451799895e-07
45900.056 5.069040052100119e-07
45950.056 4.3238385247600325e-07
46000.056 4.911917895950189e-07
46050.056 4.600294263860389e-07
46100.056 4.601145679599984e-07
46150.056 4.392006752649779e-07
46200.056 4.4531871819007936e-07
46250.056 3.686698553189559e-07
46300.056 4.795012945659804e-07
46350.056 4.3701456784000497e-07
46400.056 4.381785717599987e-07
46450.056 4.3626772258105774e-07
46500.056 4.207287897960415e-07
46550.056 4.4752172193998134e-07
46600.056 4.5709277891000237e-07
46650.056 5.767497971099305e-07
46700.056 5.018374628900922e-07
46750.056 3.885763984499907e-07
46800.056 3.809709329330428e-07
46850.056 5.41527042350098e-07
46900.056 4.975835059399294e-07
46950.056 5.259821105100182e-07
47000.056 4.5800269999001e-07
47050.056 4.954153026598473e-07
47100.056 3.8117407193806073e-07
47150.056 4.2802566492303605e-07
47200.056 4.880782860900501e-07
47250.056 4.1641948635998356e-07
47300.056 3.737188398999603e-07
47350.056 4.56684130699949e-07
47400.056 4.963583820399329e-07
47450.056 4.540329577250177e-07
47500.056 5.100765848599189e-07
47550.056 4.5401999913998144e-07
47600.056 4.7350355107995574e-07
47650.056 3.917450259449103e-07
47700.056 4.804037330911018e-07
47750.056 3.399057579950311e-07
47800.056 4.3846570183798923e-07
47850.056 3.379323220639749e-07
47900.056 4.226792855499591e-07
47950.056 3.8760327679204174e-07
48000.056 5.37566541960059e-07
48050.056 4.698160456600321e-07
48100.056 4.0345877706801023e-07
48150.056 4.3217735017004527e-07
48200.056 4.48436335600027e-07
48250.056 4.111497874200022e-07
48300.056 5.062338837898401e-07
48350.056 3.6170713268002484e-07
48400.056 3.47972453659967e-07
48450.056 4.0498228133309754e-07
48500.056 5.155924359299625e-07
48550.056 3.875081681339999e-07
48600.056 4.6039953519000016e-07
48650.056 4.223190112499709e-07
48700.056 4.451934635259998e-07
48750.056 3.2817810196811695e-07
48800.056 5.460574926929985e-07
48850.056 3.6615530907992224e-07
48900.056 5.028309173900172e-07
48950.056 4.3289114099005103e-07
49000.056 3.235788090179242e-07
49050.056 4.5959380968998626e-07
49100.056 4.4976822072007333e-07
49150.056 4.373302809520203e-07
49200.056 4.7022897695002955e-07
49250.056 4.7663064311005367e-07
49300.056 4.159820280939899e-07
49350.056 3.481079866450426e-07
49400.056 4.350307579099827e-07
49450.056 4.130429587531309e-07
49500.056 3.806227472499672e-07
49550.056 2.874554796040255e-07
49600.056 3.763602706700852e-07
49650.056 4.0777435237998905e-07
49700.056 3.705647696469052e-07
49750.056 4.717276941298908e-07
49800.056 3.922430635840247e-07
49850.056 5.180303360401047e-07
49900.056 4.179281016659975e-07
49950.056 4.245372095899637e-07
50000.056 4.0808634272995506e-07
50050.056 4.5467775666000734e-07
50100.056 4.180125970970058e-07
50150.056 3.193632675499764e-07
50200.056 2.1830825990500826e-07
50250.056 4.1561234875995494e-07
50300.056 3.559012605420111e-07
50350.056 4.855902384160271e-07
50400.056 4.13377967119973e-07
50450.056 3.6471030644606575e-07
50500.056 4.4441890028006126e-07
50550.056 3.9834502227001506e-07
50600.056 3.9052901778293704e-07
50650.056 4.4513795069010236e-07
50700.056 4.774718727998368e-07
50750.056 4.399527260680772e-07
50800.056 2.964147824069696e-07
50850.056 3.130766401320868e-07
50900.056 4.6979915873000206e-07
50950.056 3.963744804500837e-07
51000.056 4.5577538426104524e-07
51050.056 3.8325240941001635e-07
51100.056 2.8249978458496567e-07
51150.056 3.7155747113894957e-07
51200.056 4.839443249999774e-07
51250.056 3.8841583301691006e-07
51300.056 3.334571480831692e-07
51350.056 3.5229110759297736e-07
51400.056 2.543204462119764e-07
51450.056 2.1818922019093986e-07
51500.056 2.622659822400723e-07
51550.056 4.562639747920435e-07
51600.056 3.319250605150476e-07
51650.056 3.4402740318993824e-07
51700.056 3.5589901470191246e-07
51750.056 2.835029312730351e-07
51800.056 3.9124324190989566e-07
51850.056 3.7687196694999033e-07
51900.056 4.7266991865811403e-07
51950.056 3.95327089099959e-07
52000.056 2.1823649297497747e-07
52050.056 3.4418688295903064e-07
52100.056 2.7045093062995855e-07
52150.056 2.5958442427801507e-07
52200.056 2.58073946339989e-07
52250.056 3.089581893470343e-07
52300.056 4.206093654899656e-07
52350.056 3.553214254920241e-07
52400.056 2.471257709590171e-07
52450.056 3.651111684600219e-07
52500.056 3.7311418575290956e-07
52550.056 3.9290459833989006e-07
52600.056 3.3596723716806483e-07
52650.056 3.584155883030828e-07
52700.056 3.258566897280013e-07
52750.056 2.3986875645298314e-07
52800.056 2.915772681300366e-07
52850.056 2.932734613789191e-07
52900.056 2.9180838508402946e-07
52950.056 3.029324117359835e-07
53000.056 3.761898998339905e-07
53050.056 2.437423137249042e-07
53100.056 2.831563259349244e-07
53150.056 4.1523100068003846e-07
53200.056 2.3178099746899417e-07
53250.056 3.9369180019003025e-07
53300.056 3.820006626431988e-07
53350.056 3.755537471899708e-07
53400.056 3.7416777392003617e-07
53450.056 2.4328727529500905e-07
53500.056 1.7325717287994535e-07
53550.056 2.560926070979468e-07
53600.056 3.347957447620541e-07
