galfind/configs/Brown_Dwarf_templates/sonora_bobcat/m0.0/56g/sp_t2000g56nc_m0.0_resample.dat
# %ECSV 1.0
# ---
# datatype:
# - {name: wav, unit: Angstrom, datatype: float64}
# - {name: flux_nu, unit: erg / (cm2 Hz s), datatype: float64}
# meta: {C/O: '1.00', Kzz: '1.0000E+05', Teff: '2000.', Y: '0.28', '[Fe/H]': '0.00', f_hole: '1.00', f_rain: '0.00', grav: '56.'}
# schema: astropy-2.0
wav flux_nu
[from data line 497]
28850.056 1.8636268240002413e-06
28900.056 1.5314201459101502e-06
28950.056 2.074176656709738e-06
29000.056 1.6786251846194201e-06
29050.056 1.732416524449764e-06
29100.056 1.463416301510111e-06
29150.056 1.8451083447002761e-06
29200.056 1.6672008486403982e-06
29250.056 1.8634208282800788e-06
29300.056 1.5850975018490946e-06
29350.056 2.076720770879631e-06
29400.056 1.7115500383498315e-06
29450.056 1.7281015533099118e-06
29500.056 1.838824447249794e-06
29550.056 1.759760145520166e-06
29600.056 1.869743039069891e-06
29650.056 1.8393485570799103e-06
29700.056 1.6135316956398046e-06
29750.056 2.04439465731098e-06
29800.056 1.995250949739927e-06
29850.056 1.9330708334897648e-06
29900.056 1.7428251530204607e-06
29950.056 2.0664968768196214e-06
30000.056 2.0434127782793885e-06
30050.056 1.916440250329896e-06
30100.056 1.5661091986395593e-06
30150.056 2.375490251209808e-06
30200.056 2.1099753705701975e-06
30250.056 2.0358686492605926e-06
30300.056 2.0628667574998034e-06
30350.056 1.9402173408903463e-06
30400.056 2.3419111232604366e-06
30450.056 1.879999430980206e-06
30500.056 1.7925005018102904e-06
30550.056 2.4275916062905383e-06
30600.056 2.312471256300304e-06
30650.056 2.3177598513600998e-06
30700.056 2.1610461274299512e-06
30750.056 2.0724088183700774e-06
30800.056 2.4908023577006575e-06
30850.056 2.156355092639945e-06
30900.056 2.1789965968298167e-06
30950.056 2.0997186622302775e-06
31000.056 2.4290369212099273e-06
31050.056 2.062561005160007e-06
31100.056 2.304945041389905e-06
31150.056 2.3981857504197005e-06
31200.056 2.394012999479717e-06
31250.056 2.6110042652005183e-06
31300.056 2.314043058529798e-06
31350.056 2.339811914629995e-06
31400.056 2.3723089216104984e-06
31450.056 2.4113785802501154e-06
31500.056 2.4576273014004456e-06
31550.056 2.2748518136099828e-06
31600.056 2.4148822077598456e-06
31650.056 2.5349724540399746e-06
31700.056 2.552047866759894e-06
31750.056 2.237261238840203e-06
31800.056 2.614220961700226e-06
31850.056 2.830690393520079e-06
31900.056 2.765844101179798e-06
31950.056 2.1851148945097644e-06
32000.056 2.397940836000617e-06
32050.056 2.781483419830267e-06
32100.056 2.7903588794896113e-06
32150.056 2.7731673533301e-06
32200.056 2.68328013835995e-06
32250.056 2.521707606610201e-06
32300.056 2.766955812500138e-06
32350.056 2.932242959600413e-06
32400.056 2.6534969973999847e-06
32450.056 2.5720048534102594e-06
32500.056 2.822242592980264e-06
32550.056 3.114020506080125e-06
32600.056 3.0627348913798057e-06
32650.056 2.9550679416909455e-06
32700.056 2.8240979938201676e-06
32750.056 2.9512394021000475e-06
32800.056 2.702501680060249e-06
32850.056 3.2074374304597297e-06
32900.056 3.08124686821e-06
32950.056 2.644173761449811e-06
33000.056 2.886101926630305e-06
33050.056 2.9741875967396425e-06
33100.056 3.0786481602891197e-06
33150.056 3.003096205240175e-06
33200.056 2.7531176630006147e-06
33250.056 3.0221435498200805e-06
33300.056 3.262298846220241e-06
33350.056 3.0406244696601892e-06
33400.056 2.7997592834596594e-06
33450.056 3.066569397349068e-06
33500.056 3.114358877500289e-06
33550.056 3.0150388719995688e-06
33600.056 3.0971355830206866e-06
33650.056 3.2195123657607543e-06
33700.056 3.3380880253195325e-06
33750.056 3.3095107211201076e-06
33800.056 3.200327222860052e-06
33850.056 3.0958542345401183e-06
33900.056 3.5143933799995035e-06
33950.056 3.1003232219995942e-06
34000.056 3.1541800594392615e-06
34050.056 3.2163036085800037e-06
34100.056 3.4380542016404517e-06
34150.056 3.3476229226996012e-06
34200.056 3.16998874151946e-06
34250.056 3.5461008245995492e-06
34300.056 3.292821148999566e-06
34350.056 3.407258374799667e-06
34400.056 3.1625139851195685e-06
34450.056 3.181166507260014e-06
34500.056 3.3282528946006797e-06
34550.056 3.204615402899788e-06
34600.056 3.357426360160059e-06
34650.056 3.3866656813999952e-06
34700.056 3.2631676597993493e-06
34750.056 3.4927945137402705e-06
34800.056 3.617171071099562e-06
34850.056 3.234701478440096e-06
34900.056 3.470935810300267e-06
34950.056 3.376403884899236e-06
35000.056 3.2649610972495447e-06
35050.056 3.682979604600576e-06
35100.056 3.476900089799223e-06
35150.056 3.4921123484798017e-06
35200.056 3.5517034696997187e-06
35250.056 3.1650896651802068e-06
35300.056 3.4965683763803125e-06
35350.056 3.6686136790997247e-06
35400.056 3.422967373899729e-06
35450.056 3.335818204960407e-06
35500.056 3.619564931099855e-06
35550.056 3.436285288999874e-06
35600.056 3.31132948029944e-06
35650.056 3.7458262375004643e-06
35700.056 3.3422920276004076e-06
35750.056 3.4880976238797014e-06
35800.056 3.596748764599656e-06
35850.056 3.639658595099758e-06
35900.056 3.815361788099542e-06
35950.056 3.636809688799799e-06
36000.056 3.3187858233996033e-06
36050.056 3.798539464800306e-06
36100.056 3.904232098299713e-06
36150.056 3.5039519112003995e-06
36200.056 3.8098585367995352e-06
36250.056 3.5030854370993192e-06
36300.056 4.053895363020768e-06
36350.056 3.843603942399445e-06
36400.056 3.7022676096999307e-06
36450.056 4.021024843899645e-06
36500.056 3.7404488908002923e-06
36550.056 3.6265487680005495e-06
36600.056 3.7105383248003373e-06
36650.056 3.84280080490043e-06
36700.056 4.054159461100159e-06
36750.056 3.7357248625004e-06
36800.056 3.842157086399602e-06
36850.056 3.873240162000252e-06
36900.056 3.952327260200632e-06
36950.056 3.9321713286e-06
37000.056 4.013982777100117e-06
37050.056 4.077657682499897e-06
37100.056 3.945092325100386e-06
37150.056 3.921055880299174e-06
37200.056 4.098882591300079e-06
37250.056 4.117758309300292e-06
37300.056 4.139243077900789e-06
37350.056 3.885259931000536e-06
37400.056 4.088501692699668e-06
37450.056 4.066645123600339e-06
37500.056 4.163583464199735e-06
37550.056 4.0506972610992606e-06
37600.056 4.269421715999447e-06
37650.056 3.953258356899612e-06
37700.056 4.032210821500112e-06
37750.056 4.282396439999401e-06
37800.056 4.361846955199886e-06
37850.056 4.159877627999797e-06
37900.056 4.257735634600335e-06
37950.056 4.3052927815002e-06
38000.056 4.190137854900586e-06
38050.056 4.234868455000306e-06
38100.056 4.079895354300235e-06
38150.056 4.395417372299405e-06
38200.056 4.485291193899387e-06
38250.056 4.1337149702005975e-06
38300.056 4.080514835099931e-06
38350.056 4.255095847999888e-06
38400.056 4.327887928399779e-06
38450.056 4.3703718980004185e-06
38500.056 4.254230225499777e-06
38550.056 4.26533350750027e-06
38600.056 4.6453990893997724e-06
38650.056 4.088160195000175e-06
38700.056 4.179021927600684e-06
38750.056 4.380448202499977e-06
38800.056 4.303584772700578e-06
38850.056 4.2959297601003075e-06
38900.056 4.156923275699879e-06
38950.056 4.384829645499613e-06
39000.056 4.271367304200139e-06
39050.056 4.341554465999917e-06
39100.056 4.105106446599963e-06
39150.056 4.242913706100201e-06
39200.056 4.383302277400186e-06
39250.056 4.3527618433993166e-06
39300.056 4.347227160499182e-06
39350.056 4.319692170400471e-06
39400.056 4.236862546800126e-06
39450.056 4.2656821834997545e-06
39500.056 4.214087033599757e-06
39550.056 4.129292036499211e-06
39600.056 4.500442816900233e-06
39650.056 4.061429352000096e-06
39700.056 4.240187401699866e-06
39750.056 4.226341190399516e-06
39800.056 4.008011074800262e-06
39850.056 4.136307815699722e-06
39900.056 4.05706174959982e-06
39950.056 4.263160678899834e-06
40000.056 3.937703060999749e-06
40050.056 3.695294031199914e-06
40100.056 3.991352516199762e-06
40150.056 3.732553460999241e-06
40200.056 3.904933325599664e-06
40250.056 3.895908820498863e-06
40300.056 3.5743932132003117e-06
40350.056 3.8250340729003195e-06
40400.056 3.88580623009988e-06
40450.056 3.563707059900736e-06
40500.056 3.3569164681000926e-06
40550.056 3.910177297599732e-06
40600.056 3.492221892400322e-06
40650.056 3.622800319400741e-06
40700.056 3.8117381257002802e-06
40750.056 3.357271059698975e-06
40800.056 3.3304964550004803e-06
40850.056 3.1402675156007173e-06
40900.056 3.125481156600595e-06
40950.056 3.3766341727999674e-06
41000.056 3.494380149300283e-06
41050.056 3.4017746983993147e-06
41100.056 3.214735289400414e-06
41150.056 3.4737279905001704e-06
41200.056 3.2316173120000443e-06
41250.056 3.304551616500263e-06
41300.056 2.885632606099639e-06
41350.056 3.4070556550001797e-06
41400.056 3.2178024565000674e-06
41450.056 3.0855937404999996e-06
41500.056 3.3460666056001143e-06
41550.056 3.2725442313800692e-06
41600.056 3.4051589254999735e-06
41650.056 3.0022502508005276e-06
41700.056 2.8991204932396498e-06
41750.056 3.0966492769999878e-06
41800.056 2.977409161739626e-06
41850.056 2.773534446590436e-06
41900.056 3.174019981359602e-06
41950.056 2.7915325727005766e-06
42000.056 2.9898736699302235e-06
42050.056 2.7315180577990072e-06
42100.056 3.063967172100373e-06
42150.056 2.4704990487391847e-06
42200.056 2.6143802614001394e-06
42250.056 2.81731176725983e-06
42300.056 2.4615872043600487e-06
42350.056 2.867033057500656e-06
42400.056 2.5211386531504303e-06
42450.056 2.152152292610168e-06
42500.056 2.325201287630328e-06
42550.056 2.49372751751988e-06
42600.056 2.4051038317504565e-06
42650.056 2.1717762575089625e-06
42700.056 2.4728485531108344e-06
42750.056 2.2905611761000536e-06
42800.056 2.2863236894005177e-06
42850.056 2.4529199234997056e-06
42900.056 2.370138642760175e-06
42950.056 2.1460331922989925e-06
43000.056 2.2565146283798443e-06
43050.056 2.190574908211141e-06
43100.056 2.3210716897498755e-06
43150.056 2.379268283040532e-06
43200.056 2.2941209436501165e-06
43250.056 2.2595865703501534e-06
43300.056 2.346205053140186e-06
43350.056 2.1240985952298032e-06
43400.056 2.152092654649812e-06
43450.056 2.19879700097077e-06
43500.056 2.1250346469995816e-06
43550.056 2.2197754848500043e-06
43600.056 2.2888261551400913e-06
43650.056 2.036052931160336e-06
43700.056 1.947751241939729e-06
43750.056 2.0468516868201715e-06
43800.056 1.947241698810151e-06
43850.056 2.002067594500497e-06
43900.056 2.052619918499916e-06
43950.056 1.9351356041803425e-06
44000.056 1.8041252777902349e-06
44050.056 1.8060613504201162e-06
44100.056 1.9072164288604055e-06
44150.056 2.01055773692962e-06
44200.056 1.8691634667300343e-06
44250.056 1.804523043109974e-06
44300.056 1.7530311195103593e-06
44350.056 1.7561250874001183e-06
44400.056 1.8070696953299556e-06
44450.056 1.896029953060067e-06
44500.056 1.914077724320322e-06
44550.056 1.6950935075195718e-06
44600.056 1.744474764950207e-06
44650.056 1.8756114622601295e-06
44700.056 1.7070968515301965e-06
44750.056 1.8300426668997364e-06
44800.056 1.8473911119999304e-06
44850.056 1.8435806656800824e-06
44900.056 1.7207511258302839e-06
44950.056 1.6079157868199766e-06
45000.056 1.7818518406999163e-06
45050.056 1.7727813506997503e-06
45100.056 1.832958303559873e-06
45150.056 1.738724828640004e-06
45200.056 1.5890757374499326e-06
45250.056 1.6506025668097467e-06
45300.056 1.7447341417701163e-06
45350.056 1.828979279859791e-06
45400.056 1.7408336813002522e-06
45450.056 1.5836199832397598e-06
45500.056 1.6225599491399273e-06
45550.056 1.8276984479398043e-06
45600.056 1.6938315421199471e-06
45650.056 1.5168159512496166e-06
45700.056 1.7524025082401981e-06
45750.056 1.6368997470699132e-06
45800.056 1.6154310922699572e-06
45850.056 1.8798682602600144e-06
45900.056 1.8748230953000911e-06
45950.056 1.6312168767099476e-06
46000.056 1.926621837089985e-06
46050.056 1.9007802026704294e-06
46100.056 1.6127044555901183e-06
46150.056 1.6817005298399516e-06
46200.056 1.8791306987304292e-06
46250.056 1.5405000242799257e-06
46300.056 1.9722767627098982e-06
46350.056 1.5999302807498305e-06
46400.056 1.7120096002797703e-06
46450.056 1.7021901291204011e-06
46500.056 1.6067904545899014e-06
46550.056 1.8919498709799378e-06
46600.056 1.737253297899924e-06
46650.056 2.168008141839949e-06
46700.056 2.0192096736005586e-06
46750.056 1.6573141313198686e-06
46800.056 1.8400464075603223e-06
46850.056 1.921429899470116e-06
46900.056 1.8362938954596237e-06
46950.056 2.0160210591801526e-06
47000.056 1.8072241296499585e-06
47050.056 1.950087054569697e-06
47100.056 1.6902070931801145e-06
47150.056 1.8326772225103757e-06
47200.056 1.8497873292105586e-06
47250.056 1.7446683466495338e-06
47300.056 1.8127452928795023e-06
47350.056 1.5401591786696514e-06
47400.056 1.887178169559502e-06
47450.056 1.8349567511798494e-06
47500.056 1.8112406498695332e-06
47550.056 1.7364556046596622e-06
47600.056 1.9417066452999e-06
47650.056 1.4126710102395902e-06
47700.056 1.9424366210400795e-06
47750.056 1.3690037098504172e-06
47800.056 1.920333413449804e-06
47850.056 1.4917674837195508e-06
47900.056 1.964262353710131e-06
47950.056 1.4375252257903596e-06
48000.056 2.1260736722000087e-06
48050.056 1.5788989234303364e-06
48100.056 1.724905795849978e-06
48150.056 1.5767649614602122e-06
48200.056 1.9531342227304366e-06
48250.056 1.608796866409779e-06
48300.056 2.0942094898897342e-06
48350.056 1.4294097999497405e-06
48400.056 1.9259590856799705e-06
48450.056 1.6166563091701392e-06
48500.056 2.0904393908600377e-06
48550.056 1.4796999237100593e-06
48600.056 1.937429116589807e-06
48650.056 1.4915910955799779e-06
48700.056 1.840080382430074e-06
48750.056 1.3577923218302462e-06
48800.056 2.109752061620136e-06
48850.056 1.5051967787697064e-06
48900.056 1.9072705423001015e-06
48950.056 1.7580102886201463e-06
49000.056 1.7273559572998596e-06
49050.056 1.7858452685898579e-06
49100.056 1.688999048620159e-06
49150.056 1.7353596919600828e-06
49200.056 1.7577113465699365e-06
49250.056 1.7206888107200826e-06
49300.056 1.5534132684297459e-06
49350.056 1.595882641269993e-06
49400.056 1.9118972513302363e-06
49450.056 1.6314616974304035e-06
49500.056 1.7101809739102206e-06
49550.056 1.5206997798399867e-06
49600.056 1.632594315390371e-06
49650.056 1.680378275040207e-06
49700.056 1.4489042288498712e-06
49750.056 2.1194036030996132e-06
49800.056 1.674673897470058e-06
49850.056 2.0069322613600282e-06
49900.056 1.6417236377401357e-06
49950.056 1.7486264517094437e-06
50000.056 1.679801940969585e-06
50050.056 1.729271201090145e-06
50100.056 1.8036237789098439e-06
50150.056 1.5968397875799947e-06
50200.056 1.4586513818001537e-06
50250.056 1.625752574750131e-06
50300.056 1.5613565197997813e-06
50350.056 1.7694600576700012e-06
50400.056 1.6368757746200482e-06
50450.056 1.5824340542502088e-06
50500.056 2.0509597777803304e-06
50550.056 1.664722277099865e-06
50600.056 1.770091506900123e-06
50650.056 1.678460632960443e-06
50700.056 1.8311204110594034e-06
50750.056 1.8075592443202397e-06
50800.056 1.4503024489098986e-06
50850.056 1.6819773470802776e-06
50900.056 1.715359693529954e-06
50950.056 1.8117100773102823e-06
51000.056 2.0259912566202143e-06
51050.056 1.566359492260275e-06
51100.056 1.5611817645698955e-06
51150.056 1.777398757839994e-06
51200.056 1.6663293656198855e-06
51250.056 1.8491360124499973e-06
51300.056 1.5840105191405142e-06
51350.056 1.7656213566697365e-06
51400.056 1.6733496885195084e-06
51450.056 1.2436671151198085e-06
51500.056 1.726372865799945e-06
51550.056 2.0615721332602004e-06
51600.056 1.4116531208099742e-06
51650.056 1.695839849399715e-06
51700.056 1.5335439702294973e-06
51750.056 1.5304589967501158e-06
51800.056 1.76896847749978e-06
51850.056 1.791033812299869e-06
51900.056 1.8596218493002945e-06
51950.056 1.6724528255998117e-06
52000.056 1.5071755150599642e-06
52050.056 1.7439838007398645e-06
52100.056 1.66775000411963e-06
52150.056 1.6809682448302283e-06
52200.056 1.6111635394001008e-06
52250.056 1.627884673699978e-06
52300.056 1.705473035159983e-06
52350.056 1.925766723330219e-06
52400.056 1.4403691150500864e-06
52450.056 1.6472110855699528e-06
52500.056 1.7840114486995258e-06
52550.056 1.642980286779519e-06
52600.056 1.7335691353001787e-06
52650.056 1.9543021103003574e-06
52700.056 1.6763793671400475e-06
52750.056 1.3694525218298384e-06
52800.056 1.5526331205501731e-06
52850.056 1.47009335466987e-06
52900.056 1.645841978920171e-06
52950.056 1.6109625234196913e-06
53000.056 1.7951378050097894e-06
53050.056 1.6705772021197087e-06
53100.056 1.5022312368096312e-06
53150.056 1.8502689524203927e-06
53200.056 1.344260817970282e-06
53250.056 1.8937403144299062e-06
53300.056 1.8161994495007207e-06
53350.056 1.8122638448398106e-06
53400.056 1.626078102470142e-06
