galfind/configs/Brown_Dwarf_templates/sonora_bobcat/m0.0/56g/sp_t750g56nc_m0.0_resample.dat
# %ECSV 1.0
# ---
# datatype:
# - {name: wav, unit: Angstrom, datatype: float64}
# - {name: flux_nu, unit: erg / (cm2 Hz s), datatype: float64}
# meta: {C/O: '1.00', Kzz: '1.0000E+05', Teff: '750.', Y: '0.28', '[Fe/H]': '0.00', f_hole: '1.00', f_rain: '0.00', grav: '56.'}
# schema: astropy-2.0
wav flux_nu
[from data line 499]
28950.056 2.3324711485957667e-08
29000.056 1.8470498716311384e-08
29050.056 2.1472357520375578e-08
29100.056 1.5124321857499757e-08
29150.056 2.5537231011517454e-08
29200.056 1.9245555275991643e-08
29250.056 2.9188208991907653e-08
29300.056 1.4582481130055339e-08
29350.056 4.2471330120946104e-08
29400.056 2.1596369890481508e-08
29450.056 2.3611233886689736e-08
29500.056 2.828707220535054e-08
29550.056 2.268852560210779e-08
29600.056 2.83795512072126e-08
29650.056 3.241418394580787e-08
29700.056 2.0438473294897137e-08
29750.056 3.168055199259014e-08
29800.056 3.180381488605332e-08
29850.056 3.569192188959496e-08
29900.056 3.211993645373811e-08
29950.056 3.02007019794203e-08
30000.056 7.501225342906508e-09
30050.056 1.198642998492193e-08
30100.056 1.3638579021204092e-08
30150.056 2.7550097118996108e-08
30200.056 2.194288646750845e-08
30250.056 4.028125302563668e-08
30300.056 3.793121083584725e-08
30350.056 2.868340781364764e-08
30400.056 4.031306716524574e-08
30450.056 2.641115373258886e-08
30500.056 2.443814330166633e-08
30550.056 2.4924104190504323e-08
30600.056 3.275767712768097e-08
30650.056 2.3105398991166464e-08
30700.056 2.0970825303342063e-08
30750.056 2.6516636701058345e-08
30800.056 2.0294689616259017e-08
30850.056 2.0136184179379352e-08
30900.056 1.47381098311718e-08
30950.056 1.63357290131216e-08
31000.056 1.3680451308432521e-08
31050.056 1.362191790131943e-08
31100.056 1.06969468370305e-08
31150.056 1.4935654673689065e-08
31200.056 1.580599796910378e-08
31250.056 1.1442662605633418e-08
31300.056 9.754518957266343e-09
31350.056 1.1335678396056668e-08
31400.056 8.680424455566103e-09
31450.056 9.240079316337433e-09
31500.056 6.673946314274454e-09
31550.056 7.964160201961243e-09
31600.056 5.565074062540661e-09
31650.056 5.357272197582863e-09
31700.056 5.645704132359637e-09
31750.056 4.1658568709791745e-09
31800.056 5.986178791090411e-09
31850.056 3.6392181803703734e-09
31900.056 4.758588904905762e-09
31950.056 3.065714431492851e-09
32000.056 3.958092419102956e-09
32050.056 4.505726111384206e-09
32100.056 4.297010317128693e-09
32150.056 4.756701069198626e-09
32200.056 3.623333489958637e-09
32250.056 5.624736420737054e-09
32300.056 3.5364745570736545e-09
32350.056 5.671127195419029e-09
32400.056 3.39798559166866e-09
32450.056 5.1990522364554535e-09
32500.056 4.111436195328905e-09
32550.056 4.368443966993917e-09
32600.056 5.254696668386759e-09
32650.056 8.537487751943972e-09
32700.056 6.45557303230192e-09
32750.056 9.30610644379193e-09
32800.056 8.25796946836309e-09
32850.056 1.0258737642638946e-08
32900.056 1.1001208817691207e-08
32950.056 1.1924865047295007e-08
33000.056 9.30839475002744e-09
33050.056 9.43635601171563e-09
33100.056 3.879915420155208e-09
33150.056 4.769764291869959e-10
33200.056 6.496462930616537e-10
33250.056 3.719156884109553e-10
33300.056 5.702516016231173e-10
33350.056 1.2927115739439433e-09
33400.056 2.2647142167088228e-09
33450.056 3.3257713450603535e-09
33500.056 6.129739792004751e-09
33550.056 4.3888681452365975e-09
33600.056 7.9834911154131e-09
33650.056 7.727370374328838e-09
33700.056 6.2519642309478266e-09
33750.056 9.916351722491065e-09
33800.056 6.428591916229343e-09
33850.056 8.49100719463697e-09
33900.056 6.900335921217258e-09
33950.056 6.944933489407585e-09
34000.056 9.82603281213472e-09
34050.056 4.208936940232382e-09
34100.056 9.43922965884971e-09
34150.056 6.746325259559544e-09
34200.056 8.032021054795761e-09
34250.056 7.546375463325132e-09
34300.056 6.705599067159962e-09
34350.056 6.454079675009651e-09
34400.056 4.994823041744568e-09
34450.056 7.880154517515625e-09
34500.056 6.969425865591973e-09
34550.056 4.9049714102805984e-09
34600.056 9.90393594370011e-09
34650.056 5.7780271512926815e-09
34700.056 8.513834294519031e-09
34750.056 7.794748730036777e-09
34800.056 6.797792450197919e-09
34850.056 8.809966647082977e-09
34900.056 8.497486937752741e-09
34950.056 9.953733304117057e-09
35000.056 1.5813345740883905e-08
35050.056 8.652939092852113e-09
35100.056 1.2741514143102575e-08
35150.056 1.1364136611696255e-08
35200.056 1.2366319586028195e-08
35250.056 1.710353159841699e-08
35300.056 1.2213155921650266e-08
35350.056 1.2739606606653716e-08
35400.056 1.4547390556976933e-08
35450.056 9.776605149820245e-09
35500.056 2.139571903391772e-08
35550.056 1.8863219179785286e-08
35600.056 1.5798978953000767e-08
35650.056 1.796539317227081e-08
35700.056 1.6554544740981443e-08
35750.056 2.2368603534897305e-08
35800.056 2.8422061902280947e-08
35850.056 1.5742092649986693e-08
35900.056 2.132385147525318e-08
35950.056 2.0927187991221294e-08
36000.056 2.106751066870355e-08
36050.056 1.8482124081192495e-08
36100.056 1.954202241299489e-08
36150.056 2.2548657276253048e-08
36200.056 2.4449807671051296e-08
36250.056 2.2166593784321988e-08
36300.056 2.92097431669782e-08
36350.056 2.5864778029526324e-08
36400.056 2.6668452239252585e-08
36450.056 3.258224627943502e-08
36500.056 3.5406980270634294e-08
36550.056 3.528526216841047e-08
36600.056 4.263608409199358e-08
36650.056 3.9981926972416114e-08
36700.056 4.2771472612242175e-08
36750.056 4.713892707883192e-08
36800.056 4.704707843880009e-08
36850.056 4.1339360904733625e-08
36900.056 4.928724408177269e-08
36950.056 5.311783126878946e-08
37000.056 4.754095960589081e-08
37050.056 5.028727144329427e-08
37100.056 5.4681130951252636e-08
37150.056 4.575300156809378e-08
37200.056 5.711253113938706e-08
37250.056 5.53163092855901e-08
37300.056 4.826195135280517e-08
37350.056 5.360734823277293e-08
37400.056 7.869861112063846e-08
37450.056 5.561435387117248e-08
37500.056 5.6689333970136205e-08
37550.056 7.085517099345469e-08
37600.056 8.15026422308109e-08
37650.056 5.3181303235300385e-08
37700.056 8.444503341000836e-08
37750.056 6.110343425240018e-08
37800.056 6.517467597610596e-08
37850.056 4.5041788005006116e-08
37900.056 5.43903929309148e-08
37950.056 7.022647672123275e-08
38000.056 8.1955398930899e-08
38050.056 8.158776129922569e-08
38100.056 8.313903962291876e-08
38150.056 9.522662063099874e-08
38200.056 9.978521944622646e-08
38250.056 9.208332875921052e-08
38300.056 1.2282578308897716e-07
38350.056 1.246256978660232e-07
38400.056 7.706730079086238e-08
38450.056 7.751646196636783e-08
38500.056 5.410378458570057e-08
38550.056 8.705051312103137e-08
38600.056 8.972442505070229e-08
38650.056 8.696720156108093e-08
38700.056 9.123749380779994e-08
38750.056 9.976557258041123e-08
38800.056 8.859058547613435e-08
38850.056 9.217742140191344e-08
38900.056 1.2297363019560345e-07
38950.056 9.615723654138548e-08
39000.056 1.1102350805359282e-07
39050.056 9.767287255800726e-08
39100.056 1.0981939176729949e-07
39150.056 1.1297640467260499e-07
39200.056 1.133135691581861e-07
39250.056 1.3218494341737963e-07
39300.056 1.0632256183105128e-07
39350.056 1.4849481205600888e-07
39400.056 1.1883329029485956e-07
39450.056 1.3148666996408735e-07
39500.056 1.3146327429773624e-07
39550.056 1.2699531754211902e-07
39600.056 1.4145424686526428e-07
39650.056 1.5216375313798113e-07
39700.056 1.472290950340213e-07
39750.056 1.193372887818492e-07
39800.056 1.381946486899758e-07
39850.056 1.7492813557500517e-07
39900.056 1.736503771900115e-07
39950.056 1.4553298299496034e-07
40000.056 1.9734963479104433e-07
40050.056 1.721610926869964e-07
40100.056 1.3657832909350142e-07
40150.056 1.7810763414058147e-07
40200.056 1.8276112599392859e-07
40250.056 1.8480010307492974e-07
40300.056 1.8280321097103038e-07
40350.056 1.8301723897267763e-07
40400.056 2.1459899783805434e-07
40450.056 1.7760347997281697e-07
40500.056 2.1599920093597647e-07
40550.056 2.1718027704673823e-07
40600.056 2.070155583070296e-07
40650.056 1.8090959965869821e-07
40700.056 2.5395678106499083e-07
40750.056 2.0585508131496834e-07
40800.056 1.666466872589089e-07
40850.056 2.686669678300725e-07
40900.056 2.462075654582206e-07
40950.056 2.260998990670137e-07
41000.056 2.2417057243899345e-07
41050.056 2.832617930799511e-07
41100.056 2.403325805020097e-07
41150.056 1.7665005117537553e-07
41200.056 2.780749593279817e-07
41250.056 2.3217181469847272e-07
41300.056 2.1386593353195052e-07
41350.056 2.969319542700284e-07
41400.056 2.6620781197604385e-07
41450.056 2.8916502619401443e-07
41500.056 2.315349685732131e-07
41550.056 2.3139581675555822e-07
41600.056 2.764496361975515e-07
41650.056 2.8402791936900774e-07
41700.056 2.623030667398999e-07
41750.056 2.6796012747997705e-07
41800.056 3.069498507900126e-07
41850.056 2.3011903843479618e-07
41900.056 2.5972158665994405e-07
41950.056 2.52540012671054e-07
42000.056 2.4128521257251116e-07
42050.056 2.2350400733643663e-07
42100.056 3.0406792155798515e-07
42150.056 2.3592762010700355e-07
42200.056 2.2459901404401001e-07
42250.056 2.330560896774601e-07
42300.056 2.3084982257480404e-07
42350.056 2.831922628890446e-07
42400.056 2.7163027342607027e-07
42450.056 2.432337891810536e-07
42500.056 2.3673554938198485e-07
42550.056 2.2807461077796e-07
42600.056 2.455306931682617e-07
42650.056 3.0365168177588144e-07
42700.056 2.519150140459667e-07
42750.056 2.3956982982000157e-07
42800.056 2.6935466473104453e-07
42850.056 2.998339013378973e-07
42900.056 3.1700871070408903e-07
42950.056 2.577283081199243e-07
43000.056 2.8931894043803644e-07
43050.056 1.9997370388107787e-07
43100.056 2.572513160269404e-07
43150.056 2.4162146086303284e-07
43200.056 2.945481463560046e-07
43250.056 3.4977786885002297e-07
43300.056 3.4562497673000904e-07
43350.056 2.3267584516694273e-07
43400.056 2.799850112399752e-07
43450.056 2.4201025890884504e-07
43500.056 2.3114618924500862e-07
43550.056 2.4583703211336145e-07
43600.056 3.3112595299803744e-07
43650.056 2.5027650498200655e-07
43700.056 3.2527075155305256e-07
43750.056 3.030358544730479e-07
43800.056 2.852147131329622e-07
43850.056 2.520660776680346e-07
43900.056 2.6924319036897414e-07
43950.056 1.9605057024999136e-07
44000.056 1.8956342416249434e-07
44050.056 3.104386155440135e-07
44100.056 3.6916222163002116e-07
44150.056 3.4316663041195964e-07
44200.056 3.0901961912499336e-07
44250.056 2.3503114920201137e-07
44300.056 2.0710226470404008e-07
44350.056 2.3123510042306552e-07
44400.056 2.30094094086993e-07
44450.056 2.8537203714995733e-07
44500.056 2.900201883570771e-07
44550.056 3.4924347528995375e-07
44600.056 2.9278231685833124e-07
44650.056 3.057454201450623e-07
44700.056 2.2489068966600386e-07
44750.056 2.9617201094904147e-07
44800.056 2.563501671130232e-07
44850.056 3.014912355800467e-07
44900.056 2.54899293343022e-07
44950.056 2.8475883049801197e-07
45000.056 3.012741928399846e-07
45050.056 2.942345594369905e-07
45100.056 2.868950477199967e-07
45150.056 2.90114157119058e-07
45200.056 2.405837120660221e-07
45250.056 2.639069646809133e-07
45300.056 2.340578112370441e-07
45350.056 2.403000310150061e-07
45400.056 3.475633156070303e-07
45450.056 3.0451799281798935e-07
45500.056 3.158836626420097e-07
45550.056 3.5025006025990175e-07
45600.056 3.439218401000455e-07
45650.056 2.7711724560197175e-07
45700.056 2.4766248713401676e-07
45750.056 2.3804481748699964e-07
45800.056 3.4877917613699874e-07
45850.056 3.5140910809699527e-07
45900.056 3.7152184218999896e-07
45950.056 3.066391672349886e-07
46000.056 3.5138554519801567e-07
46050.056 3.026103539680251e-07
46100.056 3.5853132775997074e-07
46150.056 2.848802321229931e-07
46200.056 2.7226839340600855e-07
46250.056 1.847102959460642e-07
46300.056 3.079236872720034e-07
46350.056 2.9462821064202985e-07
46400.056 2.7996945448800884e-07
46450.056 2.6524308759504556e-07
46500.056 2.857562270360646e-07
46550.056 2.2581126442699454e-07
46600.056 2.7759406645278603e-07
46650.056 3.805653513909873e-07
46700.056 2.8400608971197986e-07
46750.056 2.084891200430023e-07
46800.056 1.6661218363241847e-07
46850.056 3.7868011484807394e-07
46900.056 3.3477275138896933e-07
46950.056 3.344848531479912e-07
47000.056 3.0933708901204086e-07
47050.056 2.910434072648923e-07
47100.056 2.0882921177823454e-07
47150.056 2.607330086040364e-07
47200.056 3.120192856180121e-07
47250.056 2.3640369525398138e-07
47300.056 1.8128187769380993e-07
47350.056 3.392710667279694e-07
47400.056 3.128588274439678e-07
47450.056 3.071257075276305e-07
47500.056 3.461938247409504e-07
47550.056 3.086123154000055e-07
47600.056 3.0470792874498637e-07
47650.056 2.741434576647571e-07
47700.056 2.813366577741757e-07
47750.056 2.0736061818600832e-07
47800.056 2.2164351858401044e-07
47850.056 1.6255744789001116e-07
47900.056 2.0949204703996483e-07
47950.056 2.640858903880304e-07
48000.056 3.644493802500604e-07
48050.056 3.2648397409400346e-07
48100.056 2.0015655713581773e-07
48150.056 2.717152067820185e-07
48200.056 2.400959397230034e-07
48250.056 2.460899913240135e-07
48300.056 3.3031496042990743e-07
48350.056 2.174652033840184e-07
48400.056 1.3679163568577267e-07
48450.056 2.2826671569526742e-07
48500.056 2.944430243739531e-07
48550.056 2.494979185660054e-07
48600.056 2.7457377919000394e-07
48650.056 2.9226661023997613e-07
48700.056 2.5327866652299386e-07
48750.056 1.7407891384509357e-07
48800.056 3.349982333529923e-07
48850.056 2.0955024581695998e-07
48900.056 3.0886579006999405e-07
48950.056 2.1771725847402695e-07
49000.056 1.2961304833997443e-07
49050.056 2.590068318919759e-07
49100.056 2.8721705896905617e-07
49150.056 2.398636722959302e-07
49200.056 3.14962381370047e-07
49250.056 3.0050388531004485e-07
49300.056 2.6366271714599786e-07
49350.056 1.5976917374642854e-07
49400.056 2.1401386318396897e-07
49450.056 2.2540031521957317e-07
49500.056 1.8406865664798108e-07
49550.056 9.65852810834122e-08
49600.056 1.6806457122764074e-07
49650.056 2.165591839169903e-07
49700.056 2.068815091869357e-07
49750.056 2.469727455079524e-07
49800.056 2.0028843705201497e-07
49850.056 2.975835207950755e-07
49900.056 2.3798005318497519e-07
49950.056 2.3389667588899965e-07
50000.056 2.122658426289722e-07
50050.056 2.55251640635e-07
50100.056 2.0764417401101198e-07
50150.056 1.3979491562697982e-07
50200.056 6.468634989461272e-08
50250.056 1.8877882444097498e-07
50300.056 1.466886067537173e-07
50350.056 2.5409984836902754e-07
50400.056 2.2424185618498372e-07
50450.056 1.7909393324841843e-07
50500.056 2.3324290089203266e-07
50550.056 2.131822134920161e-07
50600.056 1.804615073119533e-07
50650.056 2.4597463487205234e-07
50700.056 2.598894225959047e-07
50750.056 2.0210179737903083e-07
50800.056 1.181870231243893e-07
50850.056 1.0531961628303834e-07
50900.056 2.477844249879984e-07
50950.056 1.899544552800244e-07
51000.056 2.0102838325571412e-07
51050.056 2.030660544829941e-07
51100.056 1.1071579427908733e-07
51150.056 1.5397025372158733e-07
51200.056 2.76249913919982e-07
51250.056 1.8067883329095987e-07
51300.056 1.4882339660107204e-07
51350.056 1.5761917051098855e-07
51400.056 9.050116660000021e-08
51450.056 7.645390627697805e-08
51500.056 8.289107879153122e-08
51550.056 1.939866879598135e-07
51600.056 1.3824291168872995e-07
51650.056 1.4560531712396716e-07
51700.056 1.6259242719968502e-07
51750.056 1.1705280424651717e-07
51800.056 1.7528498543296425e-07
51850.056 1.5992856988199114e-07
51900.056 2.2774086539602058e-07
51950.056 1.6812302736598612e-07
52000.056 5.701061017698726e-08
52050.056 1.2100538992801864e-07
52100.056 9.060818393799144e-08
52150.056 7.675906794660768e-08
52200.056 9.390106638210079e-08
52250.056 1.2440084649902652e-07
52300.056 1.8053778267998958e-07
52350.056 1.1878293303140476e-07
52400.056 8.895822857900863e-08
52450.056 1.7423870901701052e-07
52500.056 1.6127623026795467e-07
52550.056 1.6164258858196534e-07
52600.056 1.3387201463601477e-07
52650.056 1.433177587370215e-07
52700.056 1.2391550171099673e-07
52750.056 7.995209019179764e-08
52800.056 1.0502090179901688e-07
52850.056 1.1387080944196225e-07
52900.056 9.434615338438496e-08
52950.056 1.0716239087280385e-07
53000.056 1.4864543887001715e-07
53050.056 7.712356362857877e-08
53100.056 1.2147710831596395e-07
53150.056 1.6655919082602108e-07
53200.056 7.981399433339896e-08
53250.056 1.513193546300078e-07
53300.056 1.6832349188139038e-07
53350.056 1.510291576899962e-07
53400.056 1.2969133035399672e-07
53450.056 7.11747502599861e-08
53500.056 3.7171380267489317e-08
53550.056 6.531984934299351e-08
