galfind/configs/Brown_Dwarf_templates/sonora_bobcat/m0.0/56g/sp_t225g56nc_m0.0_resample.dat
# %ECSV 1.0
# ---
# datatype:
# - {name: wav, unit: Angstrom, datatype: float64}
# - {name: flux_nu, unit: erg / (cm2 Hz s), datatype: float64}
# meta: {C/O: '1.00', Kzz: '1.0000E+05', Teff: '225.', Y: '0.28', '[Fe/H]': '0.00', f_hole: '1.00', f_rain: '0.00', grav: '56.'}
# schema: astropy-2.0
wav flux_nu
4000.0559999999996 nan
4050.0559999999996 2.3242324623400402e-20
4100.056 3.4811088050000437e-19
4150.056 1.2359542923300089e-18
4200.056 1.6374315207500086e-18
4250.056 7.701353316900051e-18
4300.056 1.7111224841000044e-17
4350.056 3.2149178893000147e-17
4400.056 4.8797327680999956e-17
4450.056 6.99364189209999e-17
4500.056 1.2767728389200057e-16
4550.056 1.9977241378000055e-16
4600.056 2.3671383403000017e-16
4650.056 2.551646915199998e-16
4700.056 2.2065247633000025e-16
4750.056 1.8606661404000036e-16
4800.056 1.646864924899997e-16
4850.056 9.986987874399939e-17
4900.056 6.899314760699994e-17
4950.056 5.589029452100005e-17
5000.056 3.752360996699984e-17
5050.056 2.4155786795700036e-17
5100.056 3.0491870648000533e-17
5150.056 4.378111352900004e-17
5200.056 5.753477194900023e-17
5250.056 6.797546399800013e-17
5300.056 8.037979306100023e-17
5350.056 9.501117962600014e-17
5400.056 1.0219355189900023e-16
5450.056 1.1920346544100146e-16
5500.056 1.468932699600003e-16
5550.056 1.8194947675000018e-16
5600.056 2.133955285900003e-16
5650.056 2.3504712358999985e-16
5700.056 2.1196768465300037e-16
5750.056 2.2022040479000065e-16
5800.056 2.0815656447999925e-16
5850.056 1.3064499828299735e-16
5900.056 1.8285394816651966e-17
5950.056 1.8009802114500884e-16
6000.056 4.937925656669956e-16
6050.056 1.2094364838300122e-15
6100.056 2.3203141546000247e-15
6150.056 3.752784924600024e-15
6200.056 5.533579301700028e-15
6250.056 6.976063665399977e-15
6300.056 9.571205962199975e-15
6350.056 1.2893604024699944e-14
6400.056 1.6647989525000018e-14
6450.056 1.4156928507299616e-14
6500.056 1.6226159253890352e-14
6550.056 2.3061730395798876e-14
6600.056 3.5158075062930903e-14
6650.056 5.916521540300071e-14
6700.056 9.268803175400071e-14
6750.056 1.36345750256001e-13
6800.056 1.6055688170000089e-13
6850.056 1.6375069892999996e-13
6900.056 1.0724674244899942e-13
6950.056 4.3156550216056316e-14
7000.056 5.870043652789625e-14
7050.056 5.520929527603173e-14
7100.056 6.787981852859866e-14
7150.056 3.467947125352804e-14
7200.056 8.477686478860846e-15
7250.056 9.660062973052614e-15
7300.056 1.252068461326995e-14
7350.056 2.8501732200386714e-14
7400.056 6.216948453113223e-14
7450.056 1.623859322590096e-13
7500.056 2.9358071461600167e-13
7550.056 4.27717609610002e-13
7600.056 5.23049081100001e-13
7650.056 3.3503333305799457e-13
7700.056 3.526802568920072e-13
7750.056 7.40824212440005e-13
7800.056 7.599975561299976e-13
7850.056 6.681827211199802e-13
7900.056 6.409342497500003e-13
7950.056 7.883308159339909e-13
8000.056 6.791136839569978e-13
8050.056 7.027252536500076e-13
8100.056 2.0453980408656686e-13
8150.056 2.816494496469098e-14
8200.056 1.658723359730961e-13
8250.056 2.0048787396946611e-13
8300.056 1.2636810278263443e-13
8350.056 1.4156268536386563e-13
8400.056 2.356030801796245e-13
8450.056 5.616782797486053e-13
8500.056 8.15247414940003e-13
8550.056 1.1391877136200223e-12
8600.056 1.4426494294900078e-12
8650.056 1.4605268069999984e-12
8700.056 9.20018366539996e-13
8750.056 6.705027144599934e-13
8800.056 3.5441013112797584e-13
8850.056 1.5088722706788601e-13
8900.056 1.26041380682154e-15
8950.056 8.191225820765218e-17
9000.056 9.009839042639383e-17
9050.056 1.147021242417399e-15
9100.056 2.4570022814166355e-15
9150.056 7.494711529814517e-15
9200.056 5.299283858453313e-14
9250.056 2.944339225318148e-14
9300.056 2.2088543435237583e-17
9350.056 7.396585465875939e-18
9400.056 4.177360280316066e-16
9450.056 1.3684567031770496e-16
9500.056 1.7519164828595414e-16
9550.056 1.3824680193202302e-16
9600.056 4.212590752793103e-16
9650.056 2.136682818453565e-15
9700.056 2.791281177627346e-14
9750.056 9.949236986497792e-15
9800.056 9.650887340687942e-15
9850.056 9.83912700231347e-15
9900.056 1.402058798410815e-14
9950.056 1.1885068977174403e-14
10000.056 1.076436021082702e-14
10050.056 1.0557115181049833e-14
10100.056 7.777680967710095e-15
10150.056 2.898665242112104e-15
10200.056 2.1305449963540075e-16
10250.056 1.6392002136182964e-16
10300.056 8.132478188886709e-16
10350.056 1.9246594638994823e-16
10400.056 2.3776014986998243e-15
10450.056 6.333422593280481e-15
10500.056 2.258990695446231e-14
10550.056 7.973262769580153e-14
10600.056 1.397848180690086e-13
10650.056 1.509548946049991e-13
10700.056 9.94455906199954e-14
10750.056 8.962218768178554e-14
10800.056 8.039452130914108e-14
10850.056 6.024173789525581e-14
10900.056 4.2053916838244144e-14
10950.056 2.1050444667603737e-14
11000.056 8.800768560597052e-15
11050.056 3.5007877868870285e-15
11100.056 7.175428451327035e-16
11150.056 8.405489402359467e-17
11200.056 1.1996265031265736e-17
11250.056 3.4092669204014267e-18
11300.056 4.97943087823642e-17
11350.056 2.081757549506724e-18
11400.056 1.0743300721187615e-16
11450.056 3.993165994021034e-17
11500.056 4.499093249682053e-17
11550.056 6.4323963125499225e-18
11600.056 3.5936362928531775e-19
11650.056 1.0481960265891717e-17
11700.056 2.0445067352233375e-17
11750.056 4.749708917116728e-18
11800.056 3.733145828521981e-17
11850.056 2.19812420673478e-17
11900.056 2.979414249244977e-17
11950.056 7.05180035928667e-17
12000.056 9.326926791299663e-17
12050.056 1.428247837299893e-16
12100.056 1.6839903457026116e-16
12150.056 2.358000574335881e-16
12200.056 2.491395311981882e-16
12250.056 1.4991716332508328e-15
12300.056 5.007521861257432e-15
12350.056 6.612310871108607e-15
12400.056 2.1165511520502347e-14
12450.056 7.203111832930216e-14
12500.056 1.0379034411402315e-13
12550.056 1.0392238205309864e-13
12600.056 2.3334409256154117e-13
12650.056 6.92324784732985e-13
12700.056 8.366111569877008e-13
12750.056 3.677562782130987e-13
12800.056 1.5196565888727045e-13
12850.056 4.021489265137917e-14
12900.056 1.5479661747720097e-14
12950.056 1.1374162152871351e-14
13000.056 1.1332229961643092e-14
13050.056 5.548166793603218e-15
13100.056 4.122310154844775e-15
13150.056 1.1784862155021666e-15
13200.056 1.898830897873208e-15
13250.056 3.2001663366000158e-15
13300.056 9.572592976302406e-16
13350.056 4.64630360442618e-16
13400.056 1.9474162308729182e-16
13450.056 1.9996441791344115e-17
13500.056 1.126318004956902e-18
13550.056 5.78966107414617e-20
13600.056 1.4337663602256252e-21
13650.056 2.1018994203617442e-20
13700.056 5.3582817612214695e-21
13750.056 8.804166005902586e-20
13800.056 7.617990443150401e-20
13850.056 1.8352932791675745e-20
13900.056 1.0813085069815141e-19
13950.056 4.39141865544524e-20
14000.056 2.996516263331561e-19
14050.056 2.1028478064411577e-19
14100.056 3.6569703199978702e-19
14150.056 5.03184682617115e-18
14200.056 3.868765695338455e-18
14250.056 9.736230745941888e-18
14300.056 4.139712653801906e-17
14350.056 3.1027410418552026e-17
14400.056 2.826625127183716e-17
14450.056 7.758060344514604e-17
14500.056 2.759834944946851e-16
14550.056 8.216004035415661e-16
14600.056 7.127000795429095e-16
14650.056 1.2183708445751777e-16
14700.056 3.733068094707308e-17
14750.056 4.098171362721226e-18
14800.056 8.317671627122846e-18
14850.056 6.785498298846892e-18
14900.056 4.287730496630966e-18
14950.056 1.369704705462826e-18
15000.056 7.737466483945495e-18
15050.056 3.8578175575016385e-17
15100.056 3.351947398507334e-18
15150.056 3.9026283582501528e-19
15200.056 1.8629417692314964e-17
15250.056 3.780261961641884e-17
15300.056 8.519952553658304e-17
15350.056 2.6739672369972123e-16
15400.056 1.7070431258233371e-16
15450.056 4.116464458027445e-16
15500.056 6.900471327385601e-16
15550.056 5.419665675493683e-15
15600.056 1.5597049312158898e-14
15650.056 5.260506224699532e-14
15700.056 1.7648141818097941e-13
15750.056 2.957307859643264e-13
15800.056 4.0028015469473316e-13
15850.056 6.490475081725466e-13
15900.056 9.327327918937867e-13
15950.056 1.5384088185799494e-12
16000.056 1.551077666265006e-12
16050.056 9.616799240949488e-13
16100.056 4.2278478277671164e-13
16150.056 1.4278575500407434e-13
16200.056 3.290497086447926e-14
16250.056 7.718717592160174e-15
16300.056 1.4575955811245158e-15
16350.056 1.4719239789768274e-15
16400.056 1.9183577367543776e-15
16450.056 1.819135166037351e-15
16500.056 1.4579501102062174e-15
16550.056 1.2752655851662719e-15
16600.056 9.944253034735672e-15
16650.056 2.436210530861042e-15
16700.056 3.5532720295642743e-16
16750.056 9.686459985816036e-16
16800.056 2.992204387835602e-15
16850.056 2.79999727477759e-15
16900.056 3.662477193537113e-16
16950.056 1.7507541109826644e-16
17000.056 4.6216034080213626e-17
17050.056 7.484701166842392e-17
17100.056 5.474625496079953e-16
17150.056 1.700243092349695e-16
17200.056 1.8607255536184696e-15
17250.056 1.0871471066987637e-16
17300.056 1.3434606399276085e-16
17350.056 3.475729596115112e-16
17400.056 1.3327499682288592e-15
17450.056 1.8945426755845543e-15
17500.056 5.121074947403942e-15
17550.056 4.601260508473555e-15
17600.056 4.785017206519599e-15
17650.056 1.4834617778888403e-15
17700.056 1.1812210087104247e-15
17750.056 8.456088891567678e-16
17800.056 7.705241125056204e-15
17850.056 7.902442451671554e-16
17900.056 5.799512778837374e-16
17950.056 4.92161998535082e-16
18000.056 8.695508400508807e-16
18050.056 6.123831907864559e-16
18100.056 7.301453522088359e-16
18150.056 1.9349255669498914e-16
18200.056 1.6755061771098991e-16
18250.056 1.3026656396144359e-15
18300.056 4.1967197335577604e-17
18350.056 3.455957727814349e-17
18400.056 8.74459303046191e-18
18450.056 2.116207330750368e-16
18500.056 1.3062174045572154e-16
18550.056 5.058498093869472e-17
18600.056 2.5281225657816273e-16
18650.056 2.7740088790827597e-16
18700.056 8.103110349469087e-18
18750.056 1.2152666318708167e-17
18800.056 7.726183233396438e-16
18850.056 4.433240690457425e-16
18900.056 1.1333681031539423e-15
18950.056 1.009323733176544e-15
19000.056 6.711795506025509e-17
19050.056 2.932189647093277e-17
19100.056 1.6380721795967748e-16
19150.056 6.684055831420918e-17
19200.056 2.0729283518453643e-16
19250.056 1.327252596489475e-16
19300.056 5.372445225868421e-17
19350.056 5.989864090937887e-17
19400.056 3.2489941475297347e-17
19450.056 2.6547694826323e-17
19500.056 1.4896514003023146e-17
19550.056 8.960380157581126e-17
19600.056 2.5651849542243344e-16
19650.056 1.364246084421861e-16
19700.056 2.8459413474152884e-16
19750.056 5.402730960690163e-16
19800.056 2.3470045205149285e-16
19850.056 2.989456112329078e-16
19900.056 6.881879095260554e-16
19950.056 8.56570268219649e-16
20000.056 9.543984823082937e-16
20050.056 7.185591132152414e-16
20100.056 1.0503106518196627e-15
20150.056 7.089104804544043e-16
20200.056 3.6190189874138833e-16
20250.056 1.3758098085685462e-15
20300.056 2.048446841270663e-15
20350.056 2.3356120351841814e-15
20400.056 1.9023952495302534e-15
20450.056 3.2488620263199388e-15
20500.056 3.344020116745589e-15
20550.056 3.480633665851596e-15
20600.056 3.4857334951142686e-15
20650.056 3.632638313381467e-15
20700.056 3.667831301587835e-15
20750.056 3.4503700430298338e-15
20800.056 2.974911956739639e-15
20850.056 3.091240300380018e-15
20900.056 2.8978261102999615e-15
20950.056 2.540924160949975e-15
21000.056 2.2790222638399963e-15
21050.056 2.2786019949999413e-15
21100.056 2.2206572401000234e-15
21150.056 2.32040136640008e-15
21200.056 2.4159538358001624e-15
21250.056 2.6711731650998534e-15
21300.056 2.7269896664499936e-15
21350.056 3.003683028592336e-15
21400.056 3.562658723860359e-15
21450.056 3.1866722356784103e-15
21500.056 2.922657343272278e-15
21550.056 3.3851122728582342e-15
21600.056 3.0229986673498532e-15
21650.056 2.2429750719404895e-15
21700.056 1.5063736406024065e-15
21750.056 2.1271177091257135e-15
21800.056 1.5790878879169567e-15
21850.056 1.6435286514558844e-15
21900.056 1.1981168983499807e-15
21950.056 3.4000359033563112e-16
22000.056 1.0269048611931717e-17
22050.056 3.095432301090785e-17
22100.056 1.4623681695663327e-16
22150.056 6.341641002165376e-17
22200.056 4.9407347011061455e-17
22250.056 3.492040716552379e-17
22300.056 5.873961813989044e-18
22350.056 1.9728591447596902e-17
22400.056 5.021005596405025e-18
22450.056 1.189233424308806e-17
22500.056 8.743325413483485e-18
22550.056 1.2387310019283086e-18
22600.056 7.0312553814002145e-19
22650.056 9.187154916054057e-19
22700.056 1.68407468785327e-18
22750.056 5.392782195603703e-18
22800.056 8.46483901487332e-18
22850.056 4.839265152922149e-18
22900.056 2.497607778297942e-18
22950.056 8.891396637937396e-19
23000.056 1.3542824332948092e-18
23050.056 4.360793050020602e-19
23100.056 7.664854944584282e-17
23150.056 1.0483388537827688e-16
23200.056 5.327055915728739e-19
23250.056 1.0031121446993459e-17
23300.056 3.589666987148849e-18
23350.056 9.868462076609602e-18
23400.056 1.1300112073351497e-17
23450.056 1.49401614826446e-18
23500.056 1.7731652789230885e-18
23550.056 6.400518168115329e-18
23600.056 3.40435002005361e-17
23650.056 6.428260246157103e-17
23700.056 2.3711699806929407e-18
23750.056 4.910911963268864e-18
23800.056 6.459797861347103e-17
23850.056 2.2817467777655185e-17
23900.056 8.052480778628799e-17
23950.056 1.8600447235053018e-17
24000.056 1.416094255799461e-16
24050.056 1.6214747905340364e-16
24100.056 4.559694867934253e-16
24150.056 6.694172202014367e-16
24200.056 3.128551952522466e-16
24250.056 2.1758082689909795e-16
24300.056 6.133484855551243e-16
24350.056 7.865069880912116e-16
24400.056 2.3983302355939523e-15
24450.056 3.478482666700916e-15
24500.056 3.313018376502889e-15
24550.056 6.7564582370583e-15
24600.056 1.0256241090680011e-14
24650.056 1.9075493124113e-14
24700.056 1.47810701903075e-14
24750.056 2.4512301772339744e-14
24800.056 2.228312608745871e-14
24850.056 3.221254018624285e-14
24900.056 2.440595182598707e-14
24950.056 3.378571290568719e-14
25000.056 5.3069524675642375e-14
25050.056 4.101961508715335e-14
25100.056 4.9759246810459877e-14
25150.056 2.3270421685239076e-14
25200.056 3.7808314220074395e-14
25250.056 1.7923679303366506e-14
25300.056 1.2584556610550049e-14
25350.056 9.830098628970294e-15
25400.056 1.8926058661389163e-14
25450.056 4.878956277015209e-15
25500.056 3.664847410768838e-15
25550.056 8.56490979867211e-15
25600.056 2.8140670407900924e-15
25650.056 1.1357679046967702e-15
25700.056 1.0019114423380103e-15
25750.056 4.017607381635627e-16
25800.056 2.121204196897438e-15
25850.056 3.6076966848375107e-16
25900.056 2.751544057819825e-16
25950.056 3.2905529678985393e-16
26000.056 1.2126604670878758e-15
26050.056 3.8019323984817956e-16
26100.056 8.943297245979735e-16
26150.056 5.488898352714748e-16
26200.056 7.091576031740894e-16
26250.056 2.471932980542916e-15
26300.056 9.84272397138238e-16
26350.056 4.231944436255455e-15
26400.056 1.053044519868256e-14
26450.056 8.260482625770525e-15
26500.056 1.8112691574202594e-14
26550.056 2.8372270047799006e-15
26600.056 2.927792776430248e-15
26650.056 9.456425350984166e-16
26700.056 1.1783850249268305e-15
26750.056 1.604318337558661e-15
26800.056 4.3005586186015855e-15
26850.056 3.086180788429523e-15
26900.056 8.042927114138449e-15
26950.056 2.6026794376538098e-15
27000.056 8.728217392855178e-15
27050.056 1.5930640803269e-14
27100.056 2.1848637434848127e-15
27150.056 1.3085728219948835e-14
27200.056 2.827966855816972e-15
27250.056 6.234506225288065e-15
27300.056 3.4874743759871805e-14
27350.056 1.4807607209965387e-14
27400.056 2.8077271546931616e-15
27450.056 2.1703427071242883e-14
27500.056 2.50494177585979e-14
27550.056 8.275884572022717e-15
27600.056 1.9108337763550372e-14
27650.056 7.792146961779136e-15
27700.056 9.603647711868114e-15
27750.056 2.998841731764764e-14
27800.056 1.380708333875958e-14
27850.056 2.4078584858472764e-14
27900.056 2.8057496925872093e-14
27950.056 3.731127358616376e-14
28000.056 6.062926460904309e-14
28050.056 6.919397127978089e-15
28100.056 5.174457284074788e-14
28150.056 4.34150984830377e-14
28200.056 9.2034154645885e-15
28250.056 5.1449161886217225e-14
28300.056 4.076726006554919e-14
28350.056 6.7976533736572496e-15
28400.056 2.8825575979828e-14
28450.056 2.9127130926251423e-14
28500.056 1.3428382096848892e-14
28550.056 9.258732381234314e-15
28600.056 4.471359980104786e-14
28650.056 1.0983072556695126e-14
28700.056 3.860821846186875e-14
28750.056 4.140261832148038e-14
28800.056 6.930114697510884e-15
28850.056 1.6596434813246308e-13
