galfind/configs/Brown_Dwarf_templates/sonora_bobcat/m0.0/56g/sp_t475g56nc_m0.0_resample.dat
# %ECSV 1.0
# ---
# datatype:
# - {name: wav, unit: Angstrom, datatype: float64}
# - {name: flux_nu, unit: erg / (cm2 Hz s), datatype: float64}
# meta: {C/O: '1.00', Kzz: '1.0000E+05', Teff: '475.', Y: '0.28', '[Fe/H]': '0.00', f_hole: '1.00', f_rain: '0.00', grav: '56.'}
# schema: astropy-2.0
wav flux_nu
[from data line 498]
28900.056 3.5630096727251537e-10
28950.056 5.879719633804123e-10
29000.056 4.0876847209026187e-10
29050.056 6.101713693036819e-10
29100.056 3.429093118756729e-10
29150.056 4.563513826843141e-10
29200.056 6.618820127127463e-10
29250.056 9.71667532680224e-10
29300.056 4.2397723358375916e-10
29350.056 1.2575739684945453e-09
29400.056 5.90729342449876e-10
29450.056 4.922399359909691e-10
29500.056 1.060817204823037e-09
29550.056 4.985741627451231e-10
29600.056 7.074261632992068e-10
29650.056 1.4697035202850166e-09
29700.056 4.686909114017377e-10
29750.056 1.1268735573626889e-09
29800.056 9.897469848561933e-10
29850.056 1.2682805170066097e-09
29900.056 8.298793677331187e-10
29950.056 9.621502761844005e-10
30000.056 2.715339677811518e-11
30050.056 1.164880013716235e-10
30100.056 3.656926897983102e-10
30150.056 1.0342026009707957e-09
30200.056 7.815830067189072e-10
30250.056 1.6326551750578496e-09
30300.056 2.140968059346326e-09
30350.056 7.733971648396815e-10
30400.056 2.051725632236164e-09
30450.056 1.2723489553557646e-09
30500.056 1.185532387972669e-09
30550.056 9.903292146845379e-10
30600.056 2.9957856397944556e-09
30650.056 1.6019901097180847e-09
30700.056 1.1297814974230692e-09
30750.056 2.1091018596791032e-09
30800.056 1.4310311296007768e-09
30850.056 1.658542379403947e-09
30900.056 8.926844582503859e-10
30950.056 1.0213591154339703e-09
31000.056 1.044867381242345e-09
31050.056 8.650683273914539e-10
31100.056 5.342261327523713e-10
31150.056 9.845188534782158e-10
31200.056 1.8101068631336161e-09
31250.056 1.1657571622519823e-09
31300.056 7.57129452235923e-10
31350.056 1.306859212383187e-09
31400.056 9.186928988162399e-10
31450.056 9.598112329851012e-10
31500.056 4.368196305447288e-10
31550.056 6.642578210474095e-10
31600.056 4.2860634595238426e-10
31650.056 4.287101212996011e-10
31700.056 4.336031498197366e-10
31750.056 2.1749474545272645e-10
31800.056 4.3884721177324804e-10
31850.056 1.0443772832814173e-10
31900.056 2.2547971972398185e-10
31950.056 1.3925998780740566e-10
32000.056 1.2974063772027815e-10
32050.056 1.9054524386736422e-10
32100.056 1.681045468640896e-10
32150.056 1.9999216762122982e-10
32200.056 9.92905754696704e-11
32250.056 2.6208132557370807e-10
32300.056 9.035793399807882e-11
32350.056 2.3867893255432953e-10
32400.056 5.991329112347508e-11
32450.056 1.955763918202657e-10
32500.056 7.457299188396738e-11
32550.056 1.485113443712837e-10
32600.056 9.766990558384283e-11
32650.056 3.9893111411915614e-10
32700.056 1.4096932077504554e-10
32750.056 6.408303973512514e-10
32800.056 3.963850710506272e-10
32850.056 9.387408440348357e-10
32900.056 8.268178862320769e-10
32950.056 9.435837161025448e-10
33000.056 4.210359303331934e-10
33050.056 5.763795405782622e-10
33100.056 1.3802095303138158e-10
33150.056 1.625726805915522e-13
33200.056 3.737314997252248e-12
33250.056 3.686147540871781e-12
33300.056 2.1252418409729606e-11
33350.056 7.108150468622098e-11
33400.056 2.3461331494963386e-10
33450.056 2.1103389588182517e-10
33500.056 6.641593500602317e-10
33550.056 1.729171670700133e-10
33600.056 4.824221403069154e-10
33650.056 4.375544741816408e-10
33700.056 2.1123619628382646e-10
33750.056 6.47002240009877e-10
33800.056 1.0532474376268041e-10
33850.056 3.5408029842610905e-10
33900.056 3.568279540114524e-10
33950.056 2.8179281781661434e-10
34000.056 6.106836857260191e-10
34050.056 1.1524413382101405e-10
34100.056 5.443890937490888e-10
34150.056 2.658894515797496e-10
34200.056 5.871638862068958e-10
34250.056 3.8792552395997345e-10
34300.056 3.734608900656759e-10
34350.056 5.876295423366033e-10
34400.056 2.3373524165049525e-10
34450.056 6.244612052769089e-10
34500.056 3.7468426566576636e-10
34550.056 2.1760424840463272e-10
34600.056 9.167855342552754e-10
34650.056 2.269476290193284e-10
34700.056 7.264959866696239e-10
34750.056 4.807146641348195e-10
34800.056 4.3196893175687444e-10
34850.056 9.86156596930493e-10
34900.056 4.0793075492197796e-10
34950.056 9.436179798384078e-10
35000.056 1.8413446544909186e-09
35050.056 7.865322828951749e-10
35100.056 1.7152386461686429e-09
35150.056 1.3563902335715056e-09
35200.056 1.3005159523115417e-09
35250.056 2.194495593740662e-09
35300.056 1.074152888149371e-09
35350.056 1.2848167567546795e-09
35400.056 1.1847559845819344e-09
35450.056 9.167849204605009e-10
35500.056 3.0559969588385093e-09
35550.056 1.976488826496151e-09
35600.056 1.9359217906748367e-09
35650.056 1.998277568399625e-09
35700.056 2.128799974398433e-09
35750.056 3.100375397401579e-09
35800.056 3.240376508603822e-09
35850.056 1.2827087974127365e-09
35900.056 1.7800928351205768e-09
35950.056 2.1169858481627298e-09
36000.056 2.4516182507552764e-09
36050.056 1.7628353390538334e-09
36100.056 1.700762024335803e-09
36150.056 3.120090636849839e-09
36200.056 3.4140682147373383e-09
36250.056 2.5140724030364424e-09
36300.056 4.940611879003958e-09
36350.056 3.1327477477345935e-09
36400.056 4.499901241424837e-09
36450.056 4.906634647355307e-09
36500.056 5.5672192461550105e-09
36550.056 6.5223953600871705e-09
36600.056 7.34297080550472e-09
36650.056 5.7850215739625625e-09
36700.056 6.282260213198713e-09
36750.056 7.596675791614185e-09
36800.056 8.397644827978709e-09
36850.056 5.215292688741133e-09
36900.056 8.36331751500166e-09
36950.056 8.66394499578537e-09
37000.056 6.3963292036572465e-09
37050.056 9.087588535781277e-09
37100.056 7.685835380207554e-09
37150.056 6.679706162947115e-09
37200.056 1.0554501098966255e-08
37250.056 7.579479338939097e-09
37300.056 6.028288052998602e-09
37350.056 9.338581097602027e-09
37400.056 1.3876732614037563e-08
37450.056 6.620477996158923e-09
37500.056 8.366213819655686e-09
37550.056 1.3313914258366241e-08
37600.056 1.8332439440768387e-08
37650.056 7.142429855151789e-09
37700.056 1.3949688012847216e-08
37750.056 9.139400922305829e-09
37800.056 9.502754795245581e-09
37850.056 5.168616516727907e-09
37900.056 7.027495246781296e-09
37950.056 1.2503562973559753e-08
38000.056 1.2532116805142855e-08
38050.056 1.5707661641564676e-08
38100.056 1.7850398015852952e-08
38150.056 1.9495972900399592e-08
38200.056 1.7976095815038427e-08
38250.056 1.7957170136377643e-08
38300.056 2.6647343397711205e-08
38350.056 2.605353373655096e-08
38400.056 1.1961744400046957e-08
38450.056 7.77090667005171e-09
38500.056 4.865289238033577e-09
38550.056 1.3087721821574378e-08
38600.056 1.3293673923936706e-08
38650.056 1.4871320404070788e-08
38700.056 1.2147033710776491e-08
38750.056 1.374026122217168e-08
38800.056 1.3995520562675077e-08
38850.056 1.5185016326407923e-08
38900.056 2.0154341966873752e-08
38950.056 1.3135370961842146e-08
39000.056 2.0083730839710182e-08
39050.056 1.3400857854917723e-08
39100.056 1.8463564090529176e-08
39150.056 2.226337355338589e-08
39200.056 1.7566264578190068e-08
39250.056 2.5963813425690503e-08
39300.056 1.761372617313881e-08
39350.056 3.108877824530009e-08
39400.056 1.8604358116790326e-08
39450.056 2.5184277870395844e-08
39500.056 2.6145330531308933e-08
39550.056 1.6433982984149004e-08
39600.056 2.594853108760152e-08
39650.056 3.027581023069253e-08
39700.056 2.8943833194704893e-08
39750.056 1.7732243601083826e-08
39800.056 2.0429386940050457e-08
39850.056 3.608014373230444e-08
39900.056 3.939732815650243e-08
39950.056 2.1354490087755622e-08
40000.056 3.55430674203283e-08
40050.056 3.5035194039297774e-08
40100.056 1.7449291164358908e-08
40150.056 3.447335591900537e-08
40200.056 3.6042654339994826e-08
40250.056 3.9590435552941694e-08
40300.056 3.804493153449917e-08
40350.056 2.8741124945963423e-08
40400.056 3.9397526875694915e-08
40450.056 2.4133476027931942e-08
40500.056 4.465986354049692e-08
40550.056 4.723685563095923e-08
40600.056 3.796503995440352e-08
40650.056 3.0393270183241476e-08
40700.056 5.600416304709478e-08
40750.056 3.80660339234907e-08
40800.056 2.6918157600224848e-08
40850.056 6.399521822032038e-08
40900.056 5.313968107493987e-08
40950.056 4.7943822305166964e-08
41000.056 4.0829832637141546e-08
41050.056 6.678555897297767e-08
41100.056 5.5209614841301187e-08
41150.056 2.7653804794358686e-08
41200.056 6.742526583240689e-08
41250.056 5.055679984766213e-08
41300.056 5.0911962932364966e-08
41350.056 6.851383199419322e-08
41400.056 5.979216300760418e-08
41450.056 7.615649360298346e-08
41500.056 5.219472170828465e-08
41550.056 4.922486350129053e-08
41600.056 5.3705786860112416e-08
41650.056 6.613634501310349e-08
41700.056 7.31116630439742e-08
41750.056 6.316889887368734e-08
41800.056 6.902472689191964e-08
41850.056 6.06488790426178e-08
41900.056 5.9169194226058834e-08
41950.056 5.9364201507207845e-08
42000.056 4.30671188300341e-08
42050.056 4.677081895634684e-08
42100.056 5.7007145892441376e-08
42150.056 5.287902919670177e-08
42200.056 5.647151958309918e-08
42250.056 4.9570803491853505e-08
42300.056 4.979706173852104e-08
42350.056 7.019245643260588e-08
42400.056 7.595967819601286e-08
42450.056 6.990129524002614e-08
42500.056 6.70689331514885e-08
42550.056 5.907635526598177e-08
42600.056 6.606206825509029e-08
42650.056 9.869372607695991e-08
42700.056 5.720870896397904e-08
42750.056 6.96529568890081e-08
42800.056 9.393276121681676e-08
42850.056 9.726132594896852e-08
42900.056 1.0421044655022651e-07
42950.056 8.249332442098467e-08
43000.056 9.261777647941992e-08
43050.056 5.279669484620956e-08
43100.056 7.690204759348594e-08
43150.056 6.507967819921001e-08
43200.056 9.785496367200712e-08
43250.056 1.2231970437500572e-07
43300.056 1.1833355815199533e-07
43350.056 6.797437140218001e-08
43400.056 9.301631661170099e-08
43450.056 6.513227728140652e-08
43500.056 6.43855248109159e-08
43550.056 7.161771223671527e-08
43600.056 1.0905069231901465e-07
43650.056 7.397433924790337e-08
43700.056 1.230359907190292e-07
43750.056 1.0656279722599663e-07
43800.056 9.910419393418938e-08
43850.056 8.597908497400579e-08
43900.056 7.786593373679046e-08
43950.056 5.061774772199538e-08
44000.056 5.0861102003595933e-08
44050.056 1.1613686592600179e-07
44100.056 1.4935215270799627e-07
44150.056 1.3345088469580122e-07
44200.056 1.1762929640799867e-07
44250.056 6.977050881169868e-08
44300.056 5.8373763848510336e-08
44350.056 6.613587322188751e-08
44400.056 6.101753049869213e-08
44450.056 1.01642450019993e-07
44500.056 9.634238362222023e-08
44550.056 1.3482798886198666e-07
44600.056 1.1703510223189973e-07
44650.056 1.0200445177651649e-07
44700.056 6.89949681819987e-08
44750.056 1.0860528114302519e-07
44800.056 7.656252142420852e-08
44850.056 1.022363665260098e-07
44900.056 8.696929950180581e-08
44950.056 1.0452733592280856e-07
45000.056 1.1792235380900457e-07
45050.056 1.076530010469861e-07
45100.056 9.817606029079962e-08
45150.056 9.310328069859995e-08
45200.056 7.411532265250412e-08
45250.056 8.534311726067276e-08
45300.056 7.443189943041303e-08
45350.056 6.668581496941908e-08
45400.056 1.5077957313701871e-07
45450.056 1.2212512818801083e-07
45500.056 1.4634353138880816e-07
45550.056 1.5240050450794905e-07
45600.056 1.388340889720297e-07
45650.056 1.1128176424480119e-07
45700.056 7.662118690559582e-08
45750.056 7.328804146570295e-08
45800.056 1.6078881395200014e-07
45850.056 1.32169936298991e-07
45900.056 1.6018748661398956e-07
45950.056 1.3447619193499888e-07
46000.056 1.4998170824151395e-07
46050.056 1.1248630311450743e-07
46100.056 1.7407275181498093e-07
46150.056 1.0731322212400858e-07
46200.056 9.446525578438866e-08
46250.056 4.3628598465113247e-08
46300.056 1.1074128353100107e-07
46350.056 1.1589160625701595e-07
46400.056 1.0110512046100151e-07
46450.056 9.42210860423116e-08
46500.056 1.1001883847362649e-07
46550.056 6.218968355660464e-08
46600.056 9.211074698834766e-08
46650.056 1.3947743095100941e-07
46700.056 9.026122660497448e-08
46750.056 5.209751755204793e-08
46800.056 3.526523917012233e-08
46850.056 1.3741457566802348e-07
46900.056 1.2932124082799582e-07
46950.056 1.2818714020598866e-07
47000.056 1.2413521489602293e-07
47050.056 9.368552829040102e-08
47100.056 6.524338614421973e-08
47150.056 9.807026710781469e-08
47200.056 1.151713215029955e-07
47250.056 6.981665330129257e-08
47300.056 4.66396244197875e-08
47350.056 1.3718091181199703e-07
47400.056 1.1469972024498924e-07
47450.056 1.0197368242743123e-07
47500.056 1.3879611721978485e-07
47550.056 1.200485459770086e-07
47600.056 1.1531419340649463e-07
47650.056 1.1680798012485384e-07
47700.056 9.297708161326911e-08
47750.056 6.952687558240393e-08
47800.056 6.090223934700706e-08
47850.056 3.320078718440671e-08
47900.056 5.049163146433315e-08
47950.056 1.0111140570000808e-07
48000.056 1.4121933431901718e-07
48050.056 1.2031568069840265e-07
48100.056 5.312097624248672e-08
48150.056 9.421417309400237e-08
48200.056 6.626930982411997e-08
48250.056 7.883728660900126e-08
48300.056 1.3146742701997993e-07
48350.056 7.87247336412973e-08
48400.056 2.5362079866553302e-08
48450.056 5.2018692825474045e-08
48500.056 8.133530323298096e-08
48550.056 8.346250394500742e-08
48600.056 1.0032859214999891e-07
48650.056 1.260128864269871e-07
48700.056 8.640072230100924e-08
48750.056 5.879629780542788e-08
48800.056 1.1760551773700046e-07
48850.056 6.516309736518846e-08
48900.056 9.18811410593891e-08
48950.056 5.1424390337002675e-08
49000.056 2.6358276862700898e-08
49050.056 7.975743039518868e-08
49100.056 1.0078787437391969e-07
49150.056 7.476597921083038e-08
49200.056 1.1754712307302375e-07
49250.056 1.1574946765401275e-07
49300.056 9.806540598659919e-08
49350.056 4.09547309570793e-08
49400.056 6.055373019938372e-08
49450.056 6.118143772221783e-08
49500.056 4.714355851905503e-08
49550.056 1.2399581045770797e-08
49600.056 3.3070720498886685e-08
49650.056 6.702545532700055e-08
49700.056 7.054906406357439e-08
49750.056 7.413217984439704e-08
49800.056 4.9947511438462547e-08
49850.056 9.823906077202065e-08
49900.056 7.776869167539063e-08
49950.056 7.854319139700248e-08
50000.056 6.223900151480166e-08
50050.056 7.652823821700163e-08
50100.056 5.972558972099751e-08
50150.056 3.072864955489357e-08
50200.056 6.6133985890127004e-09
50250.056 3.731710698799735e-08
50300.056 2.4571685372633833e-08
50350.056 7.140696626270987e-08
50400.056 7.022846742019091e-08
50450.056 5.449094989520397e-08
50500.056 8.168986539650733e-08
50550.056 7.008915047500638e-08
50600.056 5.238564256638608e-08
50650.056 8.588070419401448e-08
50700.056 8.531645469197934e-08
50750.056 5.6815295293806375e-08
50800.056 2.188385813647784e-08
50850.056 1.3142061673606342e-08
50900.056 6.572701159500138e-08
50950.056 5.416771514899834e-08
51000.056 4.696474040399354e-08
51050.056 6.48980991219919e-08
51100.056 2.5644856869231136e-08
51150.056 3.15100979290785e-08
51200.056 8.307797679499763e-08
51250.056 5.580483527345048e-08
51300.056 4.0004056629818154e-08
51350.056 3.873610302906526e-08
51400.056 1.4753622682841842e-08
51450.056 1.157581872947501e-08
51500.056 1.157048190187905e-08
51550.056 4.174562914364591e-08
51600.056 3.254660267792933e-08
51650.056 4.058382798499434e-08
51700.056 4.3976513422104686e-08
51750.056 2.8845696900506172e-08
51800.056 5.095540268799204e-08
51850.056 4.2143020771696357e-08
51900.056 5.6359763273995885e-08
51950.056 3.36706710446959e-08
52000.056 4.238028072137402e-09
52050.056 1.92683471774028e-08
52100.056 1.18826792428985e-08
52150.056 7.14625911954985e-09
52200.056 1.818904930451992e-08
52250.056 2.6988021358708424e-08
52300.056 3.779336900099774e-08
52350.056 1.4723968431875837e-08
52400.056 1.429436571574074e-08
52450.056 4.542872589010369e-08
52500.056 3.5477133949989756e-08
52550.056 3.8753811768996325e-08
52600.056 2.9096332598798988e-08
52650.056 3.477975266850345e-08
52700.056 2.6013443866498815e-08
52750.056 1.1102839967615545e-08
52800.056 1.943264878400258e-08
52850.056 2.206782281959357e-08
52900.056 1.1135555305126907e-08
52950.056 1.6932051166201932e-08
53000.056 2.767977893460643e-08
53050.056 1.121651454276674e-08
53100.056 3.1170840649994817e-08
53150.056 3.410361336300235e-08
53200.056 1.590140569984908e-08
53250.056 3.195150239810235e-08
53300.056 3.9128070990445876e-08
53350.056 2.9602261322981865e-08
53400.056 1.9947267433794847e-08
53450.056 7.8772607413473e-09
53500.056 1.5909775896164486e-09
53550.056 4.339671357604053e-09
