galfind/configs/Brown_Dwarf_templates/sonora_bobcat/m0.0/56g/sp_t1300g56nc_m0.0_resample.dat
# %ECSV 1.0
# ---
# datatype:
# - {name: wav, unit: Angstrom, datatype: float64}
# - {name: flux_nu, unit: erg / (cm2 Hz s), datatype: float64}
# meta: {C/O: '1.00', Kzz: '1.0000E+05', Teff: '1300.', Y: '0.28', '[Fe/H]': '0.00', f_hole: '1.00', f_rain: '0.00', grav: '56.'}
# schema: astropy-2.0
wav flux_nu
4000.0559999999996 nan
4050.0559999999996 2.6382473899272146e-11
4100.056 1.3659715465469065e-10
4150.056 1.6396901547201398e-10
4200.056 1.40421239539534e-10
4250.056 1.7619500282403835e-10
4300.056 1.7809855393602845e-10
4350.056 1.9381515076100848e-10
4400.056 2.3041991843803161e-10
4450.056 2.151247890110049e-10
4500.056 2.237220331800152e-10
4550.056 2.761477468099536e-10
4600.056 2.903770391686083e-10
4650.056 2.7576173360796557e-10
4700.056 3.243876801660306e-10
4750.056 3.1732423067398275e-10
4800.056 1.94422490962009e-10
4850.056 1.4270248923999867e-10
4900.056 1.0990297574099967e-10
4950.056 6.430146218299964e-11
5000.056 2.207290645069913e-11
5050.056 8.124406416400147e-12
5100.056 6.510694428900091e-12
5150.056 5.605937656100167e-12
5200.056 4.8879654931999175e-12
5250.056 4.066015388700004e-12
5300.056 3.331078859099996e-12
5350.056 2.7509734135999954e-12
5400.056 2.288892070799995e-12
5450.056 1.898170297799996e-12
5500.056 1.559323573499997e-12
5550.056 1.270174396199997e-12
5600.056 1.015388080169997e-12
5650.056 7.845559523999971e-13
5700.056 5.773124887199975e-13
5750.056 3.954236876399979e-13
5800.056 2.462114211999981e-13
5850.056 1.2736711975299816e-13
5900.056 3.448433403761428e-14
5950.056 2.7033557418000497e-13
6000.056 8.159679446300102e-13
6050.056 2.079884630900026e-12
6100.056 4.602345750900051e-12
6150.056 9.297946270900088e-12
6200.056 1.745235871000014e-11
6250.056 3.0922780314000246e-11
6300.056 5.2692142124000406e-11
6350.056 8.665771595700063e-11
6400.056 1.3783481869000096e-10
6450.056 2.126099709900005e-10
6500.056 3.1938085622000106e-10
6550.056 4.733294270600002e-10
6600.056 6.888166419700085e-10
6650.056 9.58101389400015e-10
6700.056 7.772193920537428e-10
6750.056 1.6583969029000202e-09
6800.056 2.22444138230003e-09
6850.056 2.5229649655000057e-09
6900.056 2.3749179885000153e-09
6950.056 2.1094954738999577e-09
7000.056 2.0881694851000015e-09
7050.056 2.2496695708000016e-09
7100.056 2.428579198799987e-09
7150.056 2.5181947995599745e-09
7200.056 2.6071756820100306e-09
7250.056 2.5464476854999438e-09
7300.056 2.293200428400005e-09
7350.056 1.952547950549981e-09
7400.056 1.6311895253000123e-09
7450.056 1.3326138686999997e-09
7500.056 1.0422074040499915e-09
7550.056 7.585637308799942e-10
7600.056 4.771406143399935e-10
7650.056 7.290009001767586e-11
7700.056 3.052223410924862e-11
7750.056 3.420503137800093e-10
7800.056 7.74211159043615e-10
7850.056 1.7421586145000173e-09
7900.056 2.800136804100037e-09
7950.056 3.3050440113564388e-09
8000.056 5.916664183700009e-09
8050.056 8.314955600999907e-09
8100.056 1.1096260843200006e-08
8150.056 1.4678049084800162e-08
8200.056 1.78549691727007e-08
8250.056 2.3820341482100853e-08
8300.056 2.903385403180212e-08
8350.056 3.514324073899872e-08
8400.056 4.1548987949598323e-08
8450.056 4.522561725399785e-08
8500.056 4.6151047910289135e-08
8550.056 5.6235927721002076e-08
8600.056 6.22096150089962e-08
8650.056 6.021342488399123e-08
8700.056 6.293664134399612e-08
8750.056 7.1862641087004e-08
8800.056 8.787985150600764e-08
8850.056 9.975404995799197e-08
8900.056 1.0319365598399938e-07
8950.056 9.679646459866408e-08
9000.056 1.2964959981299308e-07
9050.056 1.4181251181600452e-07
9100.056 1.6301418315390394e-07
9150.056 1.7337084670870616e-07
9200.056 1.8834020374138277e-07
9250.056 1.7334438496203277e-07
9300.056 1.1611193287733294e-07
9350.056 1.3093497152006494e-07
9400.056 1.552349937247023e-07
9450.056 1.7970410567037323e-07
9500.056 1.8635645812749947e-07
9550.056 2.0352462532487256e-07
9600.056 1.9245552958533756e-07
9650.056 2.0892052632960913e-07
9700.056 2.2810023916207645e-07
9750.056 2.223539519558983e-07
9800.056 2.4218808394041034e-07
9850.056 2.615092686749965e-07
9900.056 2.3216091230197506e-07
9950.056 2.1219581174697907e-07
10000.056 1.9551791192696905e-07
10050.056 2.3348356614499975e-07
10100.056 2.8181993845598034e-07
10150.056 3.0085799360993893e-07
10200.056 3.3646297629997617e-07
10250.056 3.533733330599565e-07
10300.056 3.5915294020000593e-07
10350.056 4.10943301199994e-07
10400.056 4.609774171099809e-07
10450.056 4.733471759400352e-07
10500.056 4.464520630999927e-07
10550.056 4.450134065000511e-07
10600.056 4.751906094500244e-07
10650.056 5.158651444900199e-07
10700.056 5.497070697000415e-07
10750.056 6.087123378500348e-07
10800.056 6.646269204699993e-07
10850.056 7.263094648699208e-07
10900.056 6.606821460719537e-07
10950.056 5.166763358531115e-07
11000.056 4.949259617059576e-07
11050.056 4.2677894029124464e-07
11100.056 4.0478730997113883e-07
11150.056 3.7299207976516894e-07
11200.056 3.756857059851244e-07
11250.056 4.4244654893582605e-07
11300.056 4.2850250522413115e-07
11350.056 3.065625986619116e-07
11400.056 3.3146107496717754e-07
11450.056 3.7616874260214937e-07
11500.056 4.451965035957255e-07
11550.056 3.787486292311199e-07
11600.056 4.15012383243669e-07
11650.056 4.2876011222834957e-07
11700.056 3.474806432378985e-07
11750.056 3.234226566681153e-07
11800.056 3.694898164753314e-07
11850.056 4.982264230838333e-07
11900.056 5.327696806764994e-07
11950.056 5.981081775879574e-07
12000.056 5.895434880650174e-07
12050.056 6.952888028431202e-07
12100.056 7.222387652559665e-07
12150.056 8.292807150219144e-07
12200.056 8.769409850157745e-07
12250.056 9.684964929298055e-07
12300.056 1.0483249601101576e-06
12350.056 1.0715266011200551e-06
12400.056 1.0254096931299635e-06
12450.056 9.402621869800465e-07
12500.056 1.0113436970299377e-06
12550.056 1.045351440660069e-06
12600.056 1.233218221010047e-06
12650.056 1.2468586106399369e-06
12700.056 1.345961704630185e-06
12750.056 1.3253772960190452e-06
12800.056 1.3970592966780656e-06
12850.056 1.3014636230841464e-06
12900.056 1.2079507836709367e-06
12950.056 1.259557790804494e-06
13000.056 1.255066711296653e-06
13050.056 1.264853051210641e-06
13100.056 1.2354515418025518e-06
13150.056 1.159542624569181e-06
13200.056 1.0812205257427976e-06
13250.056 9.314507432840198e-07
13300.056 6.471193192074892e-07
13350.056 2.794850104144431e-07
13400.056 2.13034775621155e-07
13450.056 1.558776892030804e-07
13500.056 1.37102534596061e-07
13550.056 1.174053886644407e-07
13600.056 9.586967759656704e-08
13650.056 1.3651776901986614e-07
13700.056 1.1399770609474969e-07
13750.056 1.1536860698049399e-07
13800.056 1.414781408865592e-07
13850.056 1.3189014260905521e-07
13900.056 1.345607340703444e-07
13950.056 1.2696901662117485e-07
14000.056 1.189329595665877e-07
14050.056 1.2246529882405562e-07
14100.056 1.0357046776199422e-07
14150.056 1.1838807547584935e-07
14200.056 1.0250374384434561e-07
14250.056 1.0270752501161737e-07
14300.056 1.207410969410281e-07
14350.056 1.1730883359931496e-07
14400.056 1.3292968465311098e-07
14450.056 1.3769906626653329e-07
14500.056 1.8146477129484318e-07
14550.056 1.932301429858688e-07
14600.056 2.1482731902969932e-07
14650.056 2.190786787403893e-07
14700.056 1.9372736206523656e-07
14750.056 2.1977675205435892e-07
14800.056 2.5146716474593993e-07
14850.056 2.7642564183811915e-07
14900.056 2.7948066907640126e-07
14950.056 2.8902718248794316e-07
15000.056 3.076132035563031e-07
15050.056 3.5428650288486593e-07
15100.056 3.747128203729503e-07
15150.056 4.1471020022823834e-07
15200.056 4.1852353665974415e-07
15250.056 4.4920400905224977e-07
15300.056 4.931563159267438e-07
15350.056 5.258130653549562e-07
15400.056 5.742150689680281e-07
15450.056 6.214815589830657e-07
15500.056 6.463004675148919e-07
15550.056 7.10988014130962e-07
15600.056 6.923524529460601e-07
15650.056 7.53896372969075e-07
15700.056 8.538917160083522e-07
15750.056 9.170054659299466e-07
15800.056 8.975145695502815e-07
15850.056 9.61308926019927e-07
15900.056 9.764503249401287e-07
15950.056 1.0344748034198513e-06
16000.056 1.031190537559963e-06
16050.056 1.013606129540006e-06
16100.056 1.0229837321800526e-06
16150.056 9.631898124100625e-07
16200.056 9.412750549757517e-07
16250.056 9.415075378089088e-07
16300.056 9.180571083239582e-07
16350.056 9.768604750551912e-07
16400.056 1.0318816487357431e-06
16450.056 1.0635160942290134e-06
16500.056 1.1320361617031808e-06
16550.056 1.1348160682810917e-06
16600.056 1.0947110622082926e-06
16650.056 1.070704144197903e-06
16700.056 9.280987885050409e-07
16750.056 9.921861838489023e-07
16800.056 1.1401294038169789e-06
16850.056 1.1176135314540168e-06
16900.056 1.0861542968460132e-06
16950.056 1.0295959140309557e-06
17000.056 9.648026959101678e-07
17050.056 1.0203974632070697e-06
17100.056 9.66804849154252e-07
17150.056 8.827845858308732e-07
17200.056 8.412768364988706e-07
17250.056 7.672447370818042e-07
17300.056 7.297097585168976e-07
17350.056 6.658061684925414e-07
17400.056 6.87843449700985e-07
17450.056 6.162766756236766e-07
17500.056 6.083048203757872e-07
17550.056 5.93550013997632e-07
17600.056 5.595413783660459e-07
17650.056 5.48841376716388e-07
17700.056 4.344549954794882e-07
17750.056 3.982138160388168e-07
17800.056 4.476326395489029e-07
17850.056 3.56372253001647e-07
17900.056 3.647386279702839e-07
17950.056 3.40063333563443e-07
18000.056 3.241937391177048e-07
18050.056 3.12701040682171e-07
18100.056 3.036518999935914e-07
18150.056 3.7357376548004213e-07
18200.056 2.6484612452699464e-07
18250.056 3.752027266942549e-07
18300.056 3.352604338235085e-07
18350.056 2.941751710508899e-07
18400.056 2.95937594199208e-07
18450.056 2.7448267426098707e-07
18500.056 2.944451731708971e-07
18550.056 2.6601011830537416e-07
18600.056 2.2252882291426543e-07
18650.056 2.4823006957897103e-07
18700.056 2.690201756103775e-07
18750.056 2.7265103509822956e-07
18800.056 3.1326575234547403e-07
18850.056 3.623583411189824e-07
18900.056 3.515219431511858e-07
18950.056 3.9080223570889975e-07
19000.056 3.900965018159673e-07
19050.056 3.5742494093077645e-07
19100.056 4.159573943080613e-07
19150.056 4.0520079183823155e-07
19200.056 4.1553769334318257e-07
19250.056 3.8142255926976623e-07
19300.056 3.9848601462280317e-07
19350.056 3.604576692084218e-07
19400.056 3.0052728941741505e-07
19450.056 3.9035798962993265e-07
19500.056 3.846906440761987e-07
19550.056 3.057107438010621e-07
19600.056 3.761884274734904e-07
19650.056 3.850709640317882e-07
19700.056 3.919450832191332e-07
19750.056 3.7256062555539425e-07
19800.056 3.9546868898671497e-07
19850.056 4.306748323818107e-07
19900.056 3.640945959387547e-07
19950.056 4.6658769972202646e-07
20000.056 4.1383043243804026e-07
20050.056 4.555720404982368e-07
20100.056 4.87327609150708e-07
20150.056 4.937405042189875e-07
20200.056 5.218903487258894e-07
20250.056 5.631575250709553e-07
20300.056 5.621600484300119e-07
20350.056 6.075711010388618e-07
20400.056 6.007805372937565e-07
20450.056 6.610142417968595e-07
20500.056 6.736369801710159e-07
20550.056 6.795277755480147e-07
20600.056 7.528164468802008e-07
20650.056 7.405570454462527e-07
20700.056 7.731171270881459e-07
20750.056 8.058266747738846e-07
20800.056 8.385824354000543e-07
20850.056 8.253890271249262e-07
20900.056 8.698805205968225e-07
20950.056 8.799909903099533e-07
21000.056 9.154791410300269e-07
21050.056 9.168212435099995e-07
21100.056 9.156248078200007e-07
21150.056 9.638211260799412e-07
21200.056 9.338938452100203e-07
21250.056 9.728663486899023e-07
21300.056 9.164254465598747e-07
21350.056 9.763556433699914e-07
21400.056 9.230375976502261e-07
21450.056 9.781685631199983e-07
21500.056 9.182666089901845e-07
21550.056 9.123329919000096e-07
21600.056 9.024555139001877e-07
21650.056 8.616400727900719e-07
21700.056 8.976303436799853e-07
21750.056 8.243176128619939e-07
21800.056 7.85209922419779e-07
21850.056 7.49479075140036e-07
21900.056 7.017392748099831e-07
21950.056 5.930713727821139e-07
22000.056 4.5259293042809007e-07
22050.056 3.665881581237847e-07
22100.056 4.227916143621702e-07
22150.056 4.787773945780329e-07
22200.056 4.915206940160306e-07
22250.056 4.926022900662452e-07
22300.056 4.60616055112945e-07
22350.056 4.3530758834605117e-07
22400.056 4.008206050619901e-07
22450.056 3.6752332162389273e-07
22500.056 3.7245563431112307e-07
22550.056 3.326683279428333e-07
22600.056 3.457956728361517e-07
22650.056 3.331098483210495e-07
22700.056 3.111535486570209e-07
22750.056 3.195918138210643e-07
22800.056 2.8933252859094166e-07
22850.056 2.708037680020789e-07
22900.056 2.632664031229237e-07
22950.056 2.085868431799702e-07
23000.056 2.413823724430084e-07
23050.056 2.893934257319237e-07
23100.056 3.3382044747803023e-07
23150.056 3.4978882320101916e-07
23200.056 2.1788175975901992e-07
23250.056 2.0511180113602064e-07
23300.056 1.8359678891707643e-07
23350.056 1.810022701109964e-07
23400.056 1.8617357619106256e-07
23450.056 1.976620568160247e-07
23500.056 2.0978028668204503e-07
23550.056 2.2998711780806187e-07
23600.056 2.4220227821098806e-07
23650.056 2.782167276729543e-07
23700.056 2.252046702340079e-07
23750.056 2.05468599097053e-07
23800.056 1.8719158213402003e-07
23850.056 1.9757810454201993e-07
23900.056 2.547090974380142e-07
23950.056 2.8002377623909646e-07
24000.056 2.880947750128663e-07
24050.056 3.17191963168962e-07
24100.056 2.8974069682290477e-07
24150.056 3.053347966181756e-07
24200.056 3.155651196648822e-07
24250.056 2.9240957129604245e-07
24300.056 3.0974346201205845e-07
24350.056 2.7277428700598e-07
24400.056 3.2039891314806894e-07
24450.056 2.932119922548354e-07
24500.056 2.9072737445695835e-07
24550.056 3.04170323434103e-07
24600.056 3.180942644350533e-07
24650.056 3.5532978386702123e-07
24700.056 2.917366994039087e-07
24750.056 2.998267429271139e-07
24800.056 2.964434786760632e-07
24850.056 3.5436541973302435e-07
24900.056 2.680857754611861e-07
24950.056 3.51266553480002e-07
25000.056 3.22451847650059e-07
25050.056 2.5889590420002756e-07
25100.056 3.1348785751499227e-07
25150.056 2.623018968159703e-07
25200.056 2.943716488409932e-07
25250.056 2.665579702519843e-07
25300.056 3.109243469330229e-07
25350.056 2.460724533100083e-07
25400.056 3.031333098730865e-07
25450.056 2.5009837288697057e-07
25500.056 2.6194259816807106e-07
25550.056 2.5331777661898756e-07
25600.056 2.5403778368699303e-07
25650.056 2.2506012035198964e-07
25700.056 2.9987292758286563e-07
25750.056 2.081387514240704e-07
25800.056 2.936662767300491e-07
25850.056 2.3344840753194265e-07
25900.056 2.7334824514098893e-07
25950.056 2.2608493946801698e-07
26000.056 3.042033981611163e-07
26050.056 2.9395183898196985e-07
26100.056 3.123300533929693e-07
26150.056 2.953788421869586e-07
26200.056 2.939938785539878e-07
26250.056 3.238248904999909e-07
26300.056 3.0567513079503464e-07
26350.056 3.4868809146294304e-07
26400.056 3.589562625059173e-07
26450.056 3.644004679720515e-07
26500.056 3.799192564008534e-07
26550.056 3.2754486574285033e-07
26600.056 4.0553716638890867e-07
26650.056 2.8859572421796024e-07
26700.056 2.9139950232003273e-07
26750.056 2.4271911634189094e-07
26800.056 3.0113676702992e-07
26850.056 2.2890761506298358e-07
26900.056 3.237866027420381e-07
26950.056 2.22905120322954e-07
27000.056 3.2232658707607527e-07
27050.056 2.7387987028603166e-07
27100.056 2.703297605599367e-07
27150.056 3.1722532069901903e-07
27200.056 2.915314607200919e-07
27250.056 2.895391827351309e-07
27300.056 3.688840011080121e-07
27350.056 3.43747641848914e-07
27400.056 2.5579734677895893e-07
27450.056 4.004381841818443e-07
27500.056 3.704774008028949e-07
27550.056 3.083778017449612e-07
27600.056 4.0377020069493045e-07
27650.056 2.8852229807895603e-07
27700.056 2.7202518293105647e-07
27750.056 3.976258365208627e-07
27800.056 2.715103805819546e-07
27850.056 3.067380871218036e-07
27900.056 3.221921649390426e-07
27950.056 3.9588626439097673e-07
28000.056 3.657296036651101e-07
28050.056 2.522756077050604e-07
28100.056 4.187089942161222e-07
28150.056 3.2023105900904454e-07
28200.056 2.597793965450315e-07
28250.056 3.7780905160102606e-07
28300.056 4.4488669866602216e-07
28350.056 3.022671173539167e-07
28400.056 3.3985900478696107e-07
28450.056 3.78925407945886e-07
28500.056 3.676628808049123e-07
28550.056 2.455105628019091e-07
28600.056 4.311438821609334e-07
28650.056 3.9540689242795e-07
28700.056 3.6225279413393923e-07
28750.056 4.1863836653102364e-07
28800.056 3.849398488521002e-07
28850.056 4.2391304153006465e-07
