galfind/configs/Brown_Dwarf_templates/sonora_bobcat/m0.0/56g/sp_t425g56nc_m0.0_resample.dat
# %ECSV 1.0
# ---
# datatype:
# - {name: wav, unit: Angstrom, datatype: float64}
# - {name: flux_nu, unit: erg / (cm2 Hz s), datatype: float64}
# meta: {C/O: '1.00', Kzz: '1.0000E+05', Teff: '425.', Y: '0.28', '[Fe/H]': '0.00', f_hole: '1.00', f_rain: '0.00', grav: '56.'}
# schema: astropy-2.0
wav flux_nu
4000.0559999999996 nan
4050.0559999999996 6.716778975102359e-18
4100.056 1.3387666980870295e-15
4150.056 1.447215775410015e-14
4200.056 1.465106069101512e-14
4250.056 1.3537194576600098e-13
4300.056 3.110887370700021e-13
4350.056 5.590787464400024e-13
4400.056 9.098977104100037e-13
4450.056 1.4115665736000041e-12
4500.056 2.021451892300013e-12
4550.056 1.949468449895183e-12
4600.056 3.6303218574199807e-13
4650.056 1.907252123999987e-13
4700.056 7.815651897299932e-14
4750.056 2.305083232299976e-14
4800.056 8.119378869699929e-15
4850.056 2.895549806499975e-15
4900.056 1.4125396974999948e-15
4950.056 8.971165782399976e-16
5000.056 5.785771670799963e-16
5050.056 4.4085373796000227e-16
5100.056 4.907939882100065e-16
5150.056 5.710122443600045e-16
5200.056 6.583482969000024e-16
5250.056 7.45984634900001e-16
5300.056 8.460523477900013e-16
5350.056 9.640404604400015e-16
5400.056 1.088289278460002e-15
5450.056 1.2393251054000093e-15
5500.056 1.413048754000009e-15
5550.056 1.598577963700003e-15
5600.056 1.7720732657000025e-15
5650.056 1.9081870182999977e-15
5700.056 1.938247132000001e-15
5750.056 1.9125751902000008e-15
5800.056 1.7385623241999954e-15
5850.056 1.2266995977699822e-15
5900.056 3.5468084265589156e-16
5950.056 2.4115256215600923e-15
6000.056 5.181178416399943e-15
6050.056 9.498719398800162e-15
6100.056 1.5579110806000165e-14
6150.056 2.358195917800015e-14
6200.056 3.4139200066000186e-14
6250.056 4.721310445200006e-14
6300.056 6.579932498600005e-14
6350.056 9.007025629500039e-14
6400.056 1.2096780321300058e-13
6450.056 1.4615610417699658e-13
6500.056 1.9223060818899984e-13
6550.056 2.5888247329299347e-13
6600.056 3.4928321168001374e-13
6650.056 4.763234076100043e-13
6700.056 6.207440621400047e-13
6750.056 8.455974085600048e-13
6800.056 1.0331105556300125e-12
6850.056 1.1425646096200024e-12
6900.056 1.0279750862800302e-12
6950.056 8.72169333543994e-13
7000.056 9.865508195199924e-13
7050.056 1.0474745580829882e-12
7100.056 1.175461358639972e-12
7150.056 9.832663194893224e-13
7200.056 8.604137412929115e-13
7250.056 9.918714866542156e-13
7300.056 1.0325916548722183e-12
7350.056 1.239003750272645e-12
7400.056 1.4446183786300856e-12
7450.056 1.7400459658101189e-12
7500.056 1.9665837376699933e-12
7550.056 2.0837595922999964e-12
7600.056 2.0465783476999934e-12
7650.056 7.912172172799709e-13
7700.056 6.228619866840218e-13
7750.056 2.3118235323000302e-12
7800.056 3.217173577829986e-12
7850.056 4.4598684414999784e-12
7900.056 5.634939607839827e-12
7950.056 6.287668798419987e-12
8000.056 8.099610281600047e-12
8050.056 9.452293097300192e-12
8100.056 7.993298378378154e-12
8150.056 7.513000309598643e-12
8200.056 1.1802588413694095e-11
8250.056 1.2896633329740622e-11
8300.056 1.539720854634226e-11
8350.056 1.6328559333032167e-11
8400.056 1.9381033848889732e-11
8450.056 2.6093380265719594e-11
8500.056 3.056178184149905e-11
8550.056 3.9390931271000505e-11
8600.056 4.8544709277000426e-11
8650.056 5.640974564100077e-11
8700.056 6.00315781660009e-11
8750.056 6.737625043100032e-11
8800.056 7.018816581899998e-11
8850.056 5.958070039799692e-11
8900.056 1.4389898792783721e-11
8950.056 1.548168706292609e-11
9000.056 1.2728660502335452e-11
9050.056 4.3461207869674816e-11
9100.056 5.642948218805317e-11
9150.056 7.197284723133133e-11
9200.056 1.2602769112130128e-10
9250.056 1.1790324413800734e-10
9300.056 1.2793284383434355e-11
9350.056 1.667219064559293e-11
9400.056 4.627733825428462e-11
9450.056 5.2868970071758416e-11
9500.056 4.388604935072896e-11
9550.056 5.088958527468498e-11
9600.056 5.0784559680426765e-11
9650.056 8.102422592281327e-11
9700.056 1.6644045335252762e-10
9750.056 1.5202343495718798e-10
9800.056 1.70040453640547e-10
9850.056 1.932075497135898e-10
9900.056 2.6122869999361834e-10
9950.056 2.5058339767192583e-10
10000.056 2.730990983527746e-10
10050.056 3.4269348937201644e-10
10100.056 4.2758539711697975e-10
10150.056 3.98821730285004e-10
10200.056 3.46299182898939e-10
10250.056 4.535895563735422e-10
10300.056 6.517528983496692e-10
10350.056 5.828031927199709e-10
10400.056 1.0602613590869538e-09
10450.056 1.510000537811104e-09
10500.056 2.0024799829800127e-09
10550.056 2.655723591100098e-09
10600.056 3.0484973280499505e-09
10650.056 3.299281455960115e-09
10700.056 3.1269363803839987e-09
10750.056 3.272307454884034e-09
10800.056 3.1120552365136145e-09
10850.056 2.6678984233199823e-09
10900.056 1.7874804626940357e-09
10950.056 7.799827817324667e-10
11000.056 4.4124669757579407e-10
11050.056 2.2791870510050433e-10
11100.056 1.0745470159221597e-10
11150.056 3.482767386156799e-11
11200.056 1.806449650148522e-11
11250.056 2.0370725641518982e-11
11300.056 4.159106869609312e-11
11350.056 9.51055832626167e-12
11400.056 4.409363923972217e-11
11450.056 2.907305057471554e-11
11500.056 1.974687736738635e-11
11550.056 3.2338926764787114e-12
11600.056 2.00090560188239e-12
11650.056 1.067095010492516e-11
11700.056 1.2352118358529489e-11
11750.056 1.976065866737131e-12
11800.056 1.544965082295341e-11
11850.056 2.4026491535953002e-11
11900.056 2.4317741749092925e-11
11950.056 4.2076033602503207e-11
12000.056 7.888423999823364e-11
12050.056 1.4849894129134866e-10
12100.056 2.442107797573269e-10
12150.056 4.0657146851259593e-10
12200.056 5.230353221357284e-10
12250.056 9.147978017237308e-10
12300.056 1.6052065733661045e-09
12350.056 1.8423809714098468e-09
12400.056 3.0499803414978435e-09
12450.056 4.613383279906423e-09
12500.056 5.386818850900889e-09
12550.056 6.642472790870007e-09
12600.056 8.282305953341773e-09
12650.056 9.221126487395529e-09
12700.056 9.267819655340725e-09
12750.056 6.49596495064701e-09
12800.056 4.390857751879859e-09
12850.056 2.3533361780591646e-09
12900.056 1.7105621378974348e-09
12950.056 1.3070750627797346e-09
13000.056 1.3084999776427618e-09
13050.056 7.34605358693851e-10
13100.056 6.388580873434793e-10
13150.056 3.6626994581135916e-10
13200.056 3.574749931868866e-10
13250.056 2.7364937795068915e-10
13300.056 9.843358346969219e-11
13350.056 2.944337672176616e-11
13400.056 1.582922238436576e-11
13450.056 4.414996011904192e-12
13500.056 1.5450900317629405e-12
13550.056 5.134924099498548e-13
13600.056 8.138633263889191e-14
13650.056 8.333901240059299e-13
13700.056 4.0203785508382407e-13
13750.056 9.31823928933975e-13
13800.056 7.443124822706854e-13
13850.056 3.910946244973411e-13
13900.056 7.200568727249657e-13
13950.056 5.144869623057048e-13
14000.056 6.373889309144647e-13
14050.056 1.1783694807981486e-12
14100.056 1.300282126097961e-12
14150.056 2.990440288119358e-12
14200.056 1.692820956595813e-12
14250.056 2.7387283977139627e-12
14300.056 7.416586204441201e-12
14350.056 7.333634199274192e-12
14400.056 7.8680127483371e-12
14450.056 1.4297818841119726e-11
14500.056 3.261948757386673e-11
14550.056 3.494982354413814e-11
14600.056 4.0552285450001626e-11
14650.056 2.0491326793007925e-11
14700.056 8.570919091477943e-12
14750.056 3.256791574627814e-12
14800.056 6.634320817777276e-12
14850.056 9.542940833325289e-12
14900.056 9.43721112856647e-12
14950.056 6.0951662548102984e-12
15000.056 1.9114765645076985e-11
15050.056 1.494712017011549e-11
15100.056 8.47382536417831e-12
15150.056 4.751175045108811e-12
15200.056 1.366405415655444e-11
15250.056 3.31485715229735e-11
15300.056 4.137825128494621e-11
15350.056 6.06355677476052e-11
15400.056 8.666697402709917e-11
15450.056 1.2502314401614292e-10
15500.056 1.4584595771203713e-10
15550.056 3.060453757313758e-10
15600.056 4.525903827723072e-10
15650.056 8.126193540882645e-10
15700.056 1.3366519119130282e-09
15750.056 1.8929131808177656e-09
15800.056 2.276784683530065e-09
15850.056 2.848542014421477e-09
15900.056 2.8850664327450595e-09
15950.056 2.9466655027795187e-09
16000.056 2.2363665512703872e-09
16050.056 1.2111694846358219e-09
16100.056 7.047012670063704e-10
16150.056 3.3724148650368533e-10
16200.056 1.6144245051095812e-10
16250.056 9.718931779351319e-11
16300.056 5.444179550470958e-11
16350.056 7.103052323180984e-11
16400.056 9.108984374856361e-11
16450.056 7.336273884725167e-11
16500.056 5.899172146352132e-11
16550.056 5.983659426272805e-11
16600.056 1.075468949617235e-10
16650.056 7.745649676735009e-11
16700.056 9.424386620325465e-12
16750.056 3.726636819447081e-11
16800.056 6.355263335763948e-11
16850.056 7.498366976409022e-11
16900.056 3.162047937942374e-11
16950.056 1.69296387877623e-11
17000.056 8.44227305604528e-12
17050.056 1.907580285527228e-11
17100.056 3.853635508679456e-11
17150.056 1.8569057465684133e-11
17200.056 8.114825008218909e-11
17250.056 3.970133165353505e-11
17300.056 2.3212671469868745e-11
17350.056 2.691870572291327e-11
17400.056 5.3603727694551126e-11
17450.056 7.340147615523063e-11
17500.056 1.0364106426827499e-10
17550.056 9.401967779612973e-11
17600.056 6.930454607746783e-11
17650.056 6.037631107401814e-11
17700.056 4.54430588587072e-11
17750.056 4.614411341741061e-11
17800.056 1.2640198117150318e-10
17850.056 5.179725228774817e-11
17900.056 3.668187122196272e-11
17950.056 2.881758614366976e-11
18000.056 4.71154768980705e-11
18050.056 3.721575303242599e-11
18100.056 4.8115579981157064e-11
18150.056 3.7180134081999326e-11
18200.056 2.611465677860146e-11
18250.056 9.685193437393312e-11
18300.056 1.871334004708723e-11
18350.056 1.4000277560314773e-11
18400.056 9.57631527072294e-12
18450.056 5.170042117518727e-11
18500.056 5.037394097480986e-11
18550.056 2.7119040892546125e-11
18600.056 3.9666537374665476e-11
18650.056 2.6952455658299318e-11
18700.056 6.088324862756222e-12
18750.056 1.522194892832634e-11
18800.056 7.974197800265953e-11
18850.056 7.950718415293063e-11
18900.056 6.91704144436111e-11
18950.056 1.0738042677468019e-10
19000.056 2.8776905532566683e-11
19050.056 1.268859637812331e-11
19100.056 3.103048395889712e-11
19150.056 1.3256460043025546e-11
19200.056 1.9476023327408186e-11
19250.056 1.4852145144358232e-11
19300.056 9.719014628067445e-12
19350.056 8.355688392367378e-12
19400.056 7.5315651927514e-12
19450.056 1.3422312067217129e-11
19500.056 7.744553498680105e-12
19550.056 1.4342952271012692e-11
19600.056 3.7720589879652987e-11
19650.056 2.319933842811921e-11
19700.056 2.8695868997730858e-11
19750.056 5.11503451536228e-11
19800.056 3.27919346367196e-11
19850.056 4.0856353325408804e-11
19900.056 5.748317995137589e-11
19950.056 8.14324163943126e-11
20000.056 1.0995224606745147e-10
20050.056 7.861859396550459e-11
20100.056 1.4593743873814984e-10
20150.056 7.299973766631624e-11
20200.056 5.0822944955920985e-11
20250.056 1.1408834574539436e-10
20300.056 1.398530120791584e-10
20350.056 1.558764288895547e-10
20400.056 1.2802936088812657e-10
20450.056 2.3213241770188803e-10
20500.056 2.850205666465659e-10
20550.056 3.3407912184746076e-10
20600.056 3.5447794082517747e-10
20650.056 4.652932590583868e-10
20700.056 5.277801969020238e-10
20750.056 6.226466081788653e-10
20800.056 5.987890290384999e-10
20850.056 7.141022549880393e-10
20900.056 7.847085810478103e-10
20950.056 7.48663910755059e-10
21000.056 7.415830162301174e-10
21050.056 8.036293326598656e-10
21100.056 7.547312837000769e-10
21150.056 7.620263780389154e-10
21200.056 7.05877998427948e-10
21250.056 6.531365470570988e-10
21300.056 5.453025300946126e-10
21350.056 5.436780128262407e-10
21400.056 5.249398891524985e-10
21450.056 4.090692916590294e-10
21500.056 3.565532122784119e-10
21550.056 3.2176896755728615e-10
21600.056 2.6460117118192445e-10
21650.056 1.8868189926127764e-10
21700.056 1.613637077017456e-10
21750.056 1.620661429054507e-10
21800.056 1.0874661659183904e-10
21850.056 1.0758570244546322e-10
21900.056 7.401282356647036e-11
21950.056 2.4723066989354023e-11
22000.056 3.9004745478756306e-12
22050.056 5.833615383130559e-12
22100.056 2.5172477642201305e-11
22150.056 1.989962709791421e-11
22200.056 2.0812434008415383e-11
22250.056 1.6444163661292522e-11
22300.056 7.75336592337386e-12
22350.056 1.0816314825339306e-11
22400.056 3.7986147004432775e-12
22450.056 5.698251234359326e-12
22500.056 4.4095303826840575e-12
22550.056 2.4507602562920863e-12
22600.056 1.8735714488073018e-12
22650.056 3.997005007368936e-12
22700.056 3.2508846872351542e-12
22750.056 4.082035120644506e-12
22800.056 4.417837446281296e-12
22850.056 3.0811278659012453e-12
22900.056 2.1540981879350623e-12
22950.056 1.7525221622572216e-12
23000.056 2.5606949097983636e-12
23050.056 3.1775938140548707e-12
23100.056 1.8493872078714534e-11
23150.056 1.834010121736035e-11
23200.056 6.960330083350263e-13
23250.056 2.9373149534174795e-12
23300.056 2.7913036669966573e-12
23350.056 4.554849832074062e-12
23400.056 3.4747786168431577e-12
23450.056 2.0119317152913845e-12
23500.056 2.1502976456937822e-12
23550.056 4.600437202588785e-12
23600.056 9.59916888052302e-12
23650.056 1.3988533012846667e-11
23700.056 2.56576904764046e-12
23750.056 2.3234103802115124e-12
23800.056 1.1192688849997286e-11
23850.056 7.598742683464397e-12
23900.056 1.7428883953678354e-11
23950.056 9.355620647012203e-12
24000.056 2.125128377332464e-11
24050.056 2.684001247863235e-11
24100.056 3.2082842001727915e-11
24150.056 4.6897315878707504e-11
24200.056 2.958168977154966e-11
24250.056 2.3420047787422667e-11
24300.056 4.3564009774587594e-11
24350.056 3.640168844060677e-11
24400.056 8.46601538093046e-11
24450.056 9.883610368087127e-11
24500.056 8.79371536942105e-11
24550.056 1.3464217545611383e-10
24600.056 1.4358648694079324e-10
24650.056 2.3008136930258957e-10
24700.056 1.333378914688712e-10
24750.056 1.8342803580205202e-10
24800.056 1.6074747673619845e-10
24850.056 2.73843078882811e-10
24900.056 1.259085923878167e-10
24950.056 2.5992694882700863e-10
25000.056 2.640599489508832e-10
25050.056 1.7017732780163065e-10
25100.056 2.6911884752624223e-10
25150.056 1.201984960790177e-10
25200.056 1.878019700864624e-10
25250.056 7.486965519473443e-11
25300.056 1.0599520124170039e-10
25350.056 4.776635039420483e-11
25400.056 1.2560435602825827e-10
25450.056 3.526904008673396e-11
25500.056 2.952516808297169e-11
25550.056 6.432436364024098e-11
25600.056 2.926386068819186e-11
25650.056 1.5405900594278166e-11
25700.056 1.7399364964382683e-11
25750.056 4.422107992254179e-12
25800.056 2.7842548847014638e-11
25850.056 4.280190834642196e-12
25900.056 6.090056869256252e-12
25950.056 1.2656967273188456e-12
26000.056 2.3639831970212963e-11
26050.056 2.08439320574437e-12
26100.056 1.2649158056037543e-11
26150.056 4.853228047086175e-12
26200.056 6.964104636031929e-12
26250.056 5.893461985041491e-11
26300.056 9.897175542479226e-12
26350.056 1.009230587587341e-10
26400.056 1.6193049740337478e-10
26450.056 1.118670890771951e-10
26500.056 2.628969511113313e-10
26550.056 2.2830961510469928e-11
26600.056 2.824062956506729e-11
26650.056 3.2229674929754184e-12
26700.056 1.7555949835355914e-12
26750.056 3.122513117388745e-12
26800.056 1.1791268892181543e-11
26850.056 6.3431475203215645e-12
26900.056 3.757894461911511e-11
26950.056 1.0723769162747398e-11
27000.056 6.988883620322423e-11
27050.056 8.525295233331043e-11
27100.056 7.019800861469473e-12
27150.056 9.781274440867534e-11
27200.056 6.883094900644852e-12
27250.056 2.9923147558717167e-11
27300.056 2.6013766046807066e-10
27350.056 7.754957085603376e-11
27400.056 3.0702651227066474e-12
27450.056 1.0575165202341338e-10
27500.056 1.2780274838234449e-10
27550.056 1.700069618398287e-11
27600.056 5.711632998723906e-11
27650.056 1.2726763282844484e-11
27700.056 1.1740992408473501e-11
27750.056 9.169054868390258e-11
27800.056 2.3072245899143556e-11
27850.056 4.323248129880506e-11
27900.056 4.261564471840947e-11
27950.056 1.203225550924806e-10
28000.056 1.1590959159637811e-10
28050.056 1.1071267325694837e-11
28100.056 1.0714310713260222e-10
28150.056 8.239740408946423e-11
28200.056 1.9046752621625284e-11
28250.056 1.5235329733999106e-10
28300.056 1.3802617241862923e-10
28350.056 2.547996539548339e-11
28400.056 9.724089601999732e-11
28450.056 1.7932296542925642e-10
28500.056 1.0563940653578096e-10
28550.056 2.1080169380322078e-11
28600.056 1.8306332371704314e-10
28650.056 1.1334918174690465e-10
28700.056 1.8755787782173358e-10
28750.056 2.67067607119326e-10
28800.056 1.051593117085757e-10
28850.056 2.867886039034792e-10
