galfind/configs/Brown_Dwarf_templates/sonora_bobcat/m0.0/56g/sp_t950g56nc_m0.0_resample.dat
# %ECSV 1.0
# ---
# datatype:
# - {name: wav, unit: Angstrom, datatype: float64}
# - {name: flux_nu, unit: erg / (cm2 Hz s), datatype: float64}
# meta: {C/O: '1.00', Kzz: '1.0000E+05', Teff: '950.', Y: '0.28', '[Fe/H]': '0.00', f_hole: '1.00', f_rain: '0.00', grav: '56.'}
# schema: astropy-2.0
wav flux_nu
[from data line 499]
28950.056 1.1718328105462113e-07
29000.056 9.369750906924807e-08
29050.056 1.0085222990035548e-07
29100.056 7.334442244408039e-08
29150.056 1.2404350526686427e-07
29200.056 9.145698052903063e-08
29250.056 1.2751134313821424e-07
29300.056 7.694095329179225e-08
29350.056 1.7475832327198582e-07
29400.056 1.0244154568657135e-07
29450.056 1.134425230472755e-07
29500.056 1.240780521214422e-07
29550.056 1.1043501276782875e-07
29600.056 1.2884065366004605e-07
29650.056 1.2858728371626748e-07
29700.056 9.634903027704436e-08
29750.056 1.3297782418279314e-07
29800.056 1.3821190213066816e-07
29850.056 1.4344518459645972e-07
29900.056 1.3086757417256734e-07
29950.056 1.3662548015240488e-07
30000.056 8.78235811772433e-08
30050.056 9.51027398052043e-08
30100.056 8.678931010277208e-08
30150.056 1.3876454877608344e-07
30200.056 1.0610466506400209e-07
30250.056 1.517825868335381e-07
30300.056 1.2873876521901272e-07
30350.056 1.1109720556480646e-07
30400.056 1.331003503810003e-07
30450.056 9.86950199191549e-08
30500.056 8.061048815600566e-08
30550.056 8.665182517500118e-08
30600.056 9.871264382399517e-08
30650.056 8.000007958948084e-08
30700.056 7.839264543438354e-08
30750.056 7.739645398038726e-08
30800.056 6.581061599901363e-08
30850.056 6.069366342377165e-08
30900.056 5.6485205111089934e-08
30950.056 5.2456767952654653e-08
31000.056 4.615209554830294e-08
31050.056 4.7356478361002376e-08
31100.056 3.7080264849795714e-08
31150.056 4.3714453211897646e-08
31200.056 4.7085642542009257e-08
31250.056 3.453476770608303e-08
31300.056 3.3677765630484475e-08
31350.056 3.354902775234057e-08
31400.056 2.66791490065107e-08
31450.056 2.8619196577994646e-08
31500.056 2.3195155935883597e-08
31550.056 2.6004857398917936e-08
31600.056 2.0364116879849743e-08
31650.056 1.919962325468258e-08
31700.056 1.9182975911396776e-08
31750.056 1.6329549026326816e-08
31800.056 2.027999914929776e-08
31850.056 1.6793531026662457e-08
31900.056 1.9389712829798624e-08
31950.056 1.2539159157460617e-08
32000.056 1.646458571399827e-08
32050.056 1.7691671255920584e-08
32100.056 1.734663120105353e-08
32150.056 1.807710683949759e-08
32200.056 1.575821833614098e-08
32250.056 2.0333522648202953e-08
32300.056 1.545382918825855e-08
32350.056 2.139939369499649e-08
32400.056 1.5075519237595648e-08
32450.056 1.976209955609326e-08
32500.056 1.8708159997023277e-08
32550.056 1.76491464723979e-08
32600.056 2.1247799587101202e-08
32650.056 2.9457068172195017e-08
32700.056 2.5218013288005134e-08
32750.056 2.9188114269404526e-08
32800.056 2.740467858379412e-08
32850.056 3.062941280179563e-08
32900.056 3.4515911947094515e-08
32950.056 3.5752401121097124e-08
33000.056 2.9616878002819618e-08
33050.056 2.7808215662316154e-08
33100.056 1.4844406134896759e-08
33150.056 6.218363418820334e-09
33200.056 5.191213455288831e-09
33250.056 3.0529818566392003e-09
33300.056 3.488750977080747e-09
33350.056 5.681291055000201e-09
33400.056 8.02131934819686e-09
33450.056 1.1333362818999205e-08
33500.056 1.715262012480923e-08
33550.056 1.620140870632695e-08
33600.056 2.44579303868967e-08
33650.056 2.490046528129583e-08
33700.056 2.2008463613595683e-08
33750.056 3.032449960980686e-08
33800.056 2.657923032780397e-08
33850.056 2.981319892309653e-08
33900.056 2.445288890129973e-08
33950.056 2.4763871565296142e-08
34000.056 3.114754016821155e-08
34050.056 1.8977100802781442e-08
34100.056 3.1033618294898494e-08
34150.056 2.578211511006875e-08
34200.056 2.5250902689789077e-08
34250.056 2.644137791588436e-08
34300.056 2.417347282318774e-08
34350.056 2.0886458931099597e-08
34400.056 1.9588526639996402e-08
34450.056 2.5768405990992066e-08
34500.056 2.4208051253502754e-08
34550.056 2.0608017646201932e-08
34600.056 3.072139594559772e-08
34650.056 2.327695661850044e-08
34700.056 2.6727752767497824e-08
34750.056 2.7006717603091155e-08
34800.056 2.48972217885919e-08
34850.056 2.673417468340921e-08
34900.056 2.9690610065888657e-08
34950.056 3.071417656449315e-08
35000.056 4.2402475150012044e-08
35050.056 2.8188857609696763e-08
35100.056 3.4702638611703895e-08
35150.056 3.3080429264606135e-08
35200.056 3.627686846879597e-08
35250.056 4.5068680080786166e-08
35300.056 3.7839770767908105e-08
35350.056 3.6677920972786814e-08
35400.056 4.0934030552801777e-08
35450.056 2.9085350524015184e-08
35500.056 5.232867081199951e-08
35550.056 4.98857454045902e-08
35600.056 4.2540303861620545e-08
35650.056 4.8312742644496346e-08
35700.056 4.46502023743914e-08
35750.056 5.512527162939043e-08
35800.056 7.18157039062004e-08
35850.056 4.5735564570493115e-08
35900.056 5.957171685700211e-08
35950.056 5.579744203698675e-08
36000.056 5.6625193466010414e-08
36050.056 5.315483741478199e-08
36100.056 5.72099690881656e-08
36150.056 5.927211396048566e-08
36200.056 6.357392742078258e-08
36250.056 6.097742179467776e-08
36300.056 7.05551978997034e-08
36350.056 6.814281844260742e-08
36400.056 6.6618148093791e-08
36450.056 8.079294570580701e-08
36500.056 8.433594329849641e-08
36550.056 8.441306499302372e-08
36600.056 9.904450569499947e-08
36650.056 9.760280542097797e-08
36700.056 1.0397654413938149e-07
36750.056 1.1098463850805989e-07
36800.056 1.1026111444599967e-07
36850.056 1.059680575889754e-07
36900.056 1.1299320371538414e-07
36950.056 1.2732555445098036e-07
37000.056 1.219424879029895e-07
37050.056 1.1997379622598629e-07
37100.056 1.3504613773299748e-07
37150.056 1.1524004451359667e-07
37200.056 1.3432525147798582e-07
37250.056 1.3908874233597525e-07
37300.056 1.2336247203624513e-07
37350.056 1.2640292013602785e-07
37400.056 1.7877401085499508e-07
37450.056 1.4430256634580152e-07
37500.056 1.4355297151988197e-07
37550.056 1.6627110008909888e-07
37600.056 1.802066541780119e-07
37650.056 1.4290877949499752e-07
37700.056 1.964470741190208e-07
37750.056 1.545773314829965e-07
37800.056 1.6366462697410602e-07
37850.056 1.3219794525700837e-07
37900.056 1.4433998364305494e-07
37950.056 1.6706876331706011e-07
38000.056 2.0048018440000417e-07
38050.056 1.9759628646303964e-07
38100.056 1.8592515606324208e-07
38150.056 2.1940129991298774e-07
38200.056 2.2904634375305686e-07
38250.056 2.1858068879401705e-07
38300.056 2.6745967733196723e-07
38350.056 2.7623375776102697e-07
38400.056 1.968582998709347e-07
38450.056 2.1102774545095714e-07
38500.056 1.6042699655302262e-07
38550.056 2.2618072110604834e-07
38600.056 2.3439585770001284e-07
38650.056 2.2605115740296902e-07
38700.056 2.4243717213498545e-07
38750.056 2.628238056830118e-07
38800.056 2.2603844709183792e-07
38850.056 2.2917472292302518e-07
38900.056 2.915249583580311e-07
38950.056 2.538286412809717e-07
39000.056 2.7605885602199144e-07
39050.056 2.5547782222598203e-07
39100.056 2.7408844896703366e-07
39150.056 2.7474606758200075e-07
39200.056 2.8807905115698244e-07
39250.056 3.1607784497593084e-07
39300.056 2.727753867618784e-07
39350.056 3.384201156620133e-07
39400.056 3.0885556123908227e-07
39450.056 3.1574123384598895e-07
39500.056 3.0271838853606034e-07
39550.056 3.211427950112602e-07
39600.056 3.3653379992289054e-07
39650.056 3.582279278109899e-07
39700.056 3.4742354457802737e-07
39750.056 3.0513285529107516e-07
39800.056 3.4745478082789623e-07
39850.056 3.932599036999961e-07
39900.056 3.837555211800298e-07
39950.056 3.62404409363901e-07
40000.056 4.4249036731409135e-07
40050.056 3.939009562000143e-07
40100.056 3.5692670970960633e-07
40150.056 4.152339885599444e-07
40200.056 4.225281212598551e-07
40250.056 4.0076827386987863e-07
40300.056 4.0344452627006674e-07
40350.056 4.273852219979941e-07
40400.056 4.693766992671915e-07
40450.056 4.404880830480917e-07
40500.056 4.5466240317000793e-07
40550.056 4.663505164999275e-07
40600.056 4.5089106957006085e-07
40650.056 4.258711647198942e-07
40700.056 5.312657958399935e-07
40750.056 4.633659915299155e-07
40800.056 3.99907041705835e-07
40850.056 5.284235894801252e-07
40900.056 4.923843108020382e-07
40950.056 4.6983652297402914e-07
41000.056 4.876443211960168e-07
41050.056 5.563865462899543e-07
41100.056 4.81378193040013e-07
41150.056 4.122063858549468e-07
41200.056 5.383716744159527e-07
41250.056 4.783208061249624e-07
41300.056 4.4317292080989116e-07
41350.056 5.712071150600754e-07
41400.056 5.283079946860845e-07
41450.056 5.422137794901116e-07
41500.056 4.7573228957000286e-07
41550.056 4.814251091790672e-07
41600.056 5.65122613823061e-07
41650.056 5.449392980200455e-07
41700.056 5.005952972178343e-07
41750.056 5.228573476299801e-07
41800.056 5.704939559999498e-07
41850.056 4.299945705550313e-07
41900.056 4.98175482175926e-07
41950.056 4.659858463701031e-07
42000.056 4.702611553299963e-07
42050.056 4.245201403489763e-07
42100.056 5.559607416400396e-07
42150.056 4.2545561027994726e-07
42200.056 4.1763861917799274e-07
42250.056 4.2393950719490184e-07
42300.056 4.058104278080045e-07
42350.056 4.915527261100865e-07
42400.056 4.3840887842012477e-07
42450.056 4.0712470316002445e-07
42500.056 4.064865486350026e-07
42550.056 4.0233156627793834e-07
42600.056 4.0660352593509783e-07
42650.056 4.457026821548409e-07
42700.056 4.263141756280388e-07
42750.056 3.9360802100997827e-07
42800.056 4.1143584383307733e-07
42850.056 4.692549134898479e-07
42900.056 4.7632755390011036e-07
42950.056 4.142567127788365e-07
43000.056 4.5302694995400826e-07
43050.056 3.5019678387617123e-07
43100.056 4.220173052099481e-07
43150.056 4.062872502370649e-07
43200.056 4.5749329898002517e-07
43250.056 4.928489717499966e-07
43300.056 5.010016906900088e-07
43350.056 3.9270026057591925e-07
43400.056 4.346806358139552e-07
43450.056 4.089707602530722e-07
43500.056 3.8956890702397253e-07
43550.056 4.079267091990832e-07
43600.056 5.010711207220367e-07
43650.056 4.1514446015400444e-07
43700.056 4.606730239300223e-07
43750.056 4.5616793723410145e-07
43800.056 4.255660918369495e-07
43850.056 4.0618609476007753e-07
43900.056 4.386307151399404e-07
43950.056 3.509735703819959e-07
44000.056 3.374425353970045e-07
44050.056 4.4126223603003296e-07
44100.056 4.949829701600328e-07
44150.056 4.664257489919151e-07
44200.056 4.4460308815399994e-07
44250.056 3.8804911481900944e-07
44300.056 3.600773364370703e-07
44350.056 3.7452957970308554e-07
44400.056 3.9442430799599837e-07
44450.056 4.2341866569696866e-07
44500.056 4.3929492805010766e-07
44550.056 4.7058712566992517e-07
44600.056 4.0516163238205813e-07
44650.056 4.4856122701608536e-07
44700.056 3.599738477100132e-07
44750.056 4.3215452448000903e-07
44800.056 4.070131487580311e-07
44850.056 4.290052201000775e-07
44900.056 3.7823528509003576e-07
44950.056 4.034701079460246e-07
45000.056 4.2433427318995913e-07
45050.056 4.2227787212899677e-07
45100.056 4.225302641439927e-07
45150.056 4.1493249423196497e-07
45200.056 3.6654138341402884e-07
45250.056 3.9238609425389495e-07
45300.056 3.716544357820534e-07
45350.056 3.8048796773596175e-07
45400.056 4.481366775600398e-07
45450.056 4.054436143099521e-07
45500.056 4.160307156179921e-07
45550.056 4.5920794201990246e-07
45600.056 4.4737631374002383e-07
45650.056 3.718103545349348e-07
45700.056 3.923033727180503e-07
45750.056 3.6490123798098637e-07
45800.056 4.359649783899963e-07
45850.056 4.719374232799934e-07
45900.056 4.827753666400096e-07
45950.056 4.091390916219979e-07
46000.056 4.657311502950182e-07
46050.056 4.2997742456803455e-07
46100.056 4.429352067099908e-07
46150.056 4.0816364401497894e-07
46200.056 4.104490400800633e-07
46250.056 3.314279837679543e-07
46300.056 4.463858481599865e-07
46350.056 4.1010941891001346e-07
46400.056 4.076216681000032e-07
46450.056 4.015607525730562e-07
46500.056 3.946240844450522e-07
46550.056 3.9904462436098336e-07
46600.056 4.2167426609e-07
46650.056 5.389392036899427e-07
46700.056 4.5783866435006495e-07
46750.056 3.5031042470599155e-07
46800.056 3.296045489160365e-07
46850.056 5.134150539800972e-07
46900.056 4.672921686099366e-07
46950.056 4.890386863600116e-07
47000.056 4.2870903267001737e-07
47050.056 4.5482262573185053e-07
47100.056 3.4381927340405735e-07
47150.056 3.925031745210365e-07
47200.056 4.5436995833004265e-07
47250.056 3.7932146590998206e-07
47300.056 3.283293902361753e-07
47350.056 4.3633107880995295e-07
47400.056 4.6081002726993945e-07
47450.056 4.279296785800218e-07
47500.056 4.79633070421924e-07
47550.056 4.2698369441998825e-07
47600.056 4.3888976440996233e-07
47650.056 3.689556428759189e-07
47700.056 4.402502265560996e-07
47750.056 3.11751389046024e-07
47800.056 3.9072787979199935e-07
47850.056 2.996393298229871e-07
47900.056 3.760443202719564e-07
47950.056 3.6394374879604093e-07
48000.056 5.048032737600622e-07
48050.056 4.4542292367002587e-07
48100.056 3.5821204214401336e-07
48150.056 4.0002715970003994e-07
48200.056 4.038341299650185e-07
48250.056 3.777684551100054e-07
48300.056 4.7086721389984835e-07
48350.056 3.3017047406402587e-07
48400.056 2.9404625423696655e-07
48450.056 3.7130590428209704e-07
48500.056 4.7185875622995487e-07
48550.056 3.596734756079975e-07
48600.056 4.2128793652000323e-07
48650.056 3.9654972094997215e-07
48700.056 4.048287433549941e-07
48750.056 2.9350344695412066e-07
48800.056 5.056488939829963e-07
48850.056 3.3219998323793093e-07
48900.056 4.647645944400107e-07
48950.056 3.874022867100485e-07
49000.056 2.7449186340793726e-07
49050.056 4.1784801630998193e-07
49100.056 4.186463860730751e-07
49150.056 3.9568074477602713e-07
49200.056 4.4121979616003515e-07
49250.056 4.40868422860054e-07
49300.056 3.8486137906599344e-07
49350.056 3.022169486210433e-07
49400.056 3.8455581933497805e-07
49450.056 3.744189675751217e-07
49500.056 3.342581895449675e-07
49550.056 2.367774488810243e-07
49600.056 3.281654717080773e-07
49650.056 3.643585106079894e-07
49700.056 3.3380633091891023e-07
49750.056 4.2001691914989923e-07
49800.056 3.4924642197002453e-07
49850.056 4.7212169305010334e-07
49900.056 3.8003786629998873e-07
49950.056 3.8091927245597393e-07
50000.056 3.6305512817996494e-07
50050.056 4.131765828600033e-07
50100.056 3.6913089793701357e-07
50150.056 2.7420661363997496e-07
50200.056 1.7288339079401314e-07
50250.056 3.642208618999567e-07
50300.056 3.054973693920166e-07
50350.056 4.3544681667903025e-07
50400.056 3.7162985427397376e-07
50450.056 3.196534573220544e-07
50500.056 3.936161895100551e-07
50550.056 3.55499717740017e-07
50600.056 3.3868990588793484e-07
50650.056 4.004253054300942e-07
50700.056 4.2966188944984593e-07
50750.056 3.8168505980406783e-07
50800.056 2.4950645427597653e-07
50850.056 2.56548471392078e-07
50900.056 4.2232670213000235e-07
50950.056 3.4624118818406786e-07
51000.056 3.9418762913303583e-07
51050.056 3.417505961860096e-07
51100.056 2.343962329539718e-07
51150.056 3.160540291459583e-07
51200.056 4.4073291380997656e-07
51250.056 3.362985572759179e-07
51300.056 2.852140789331474e-07
51350.056 3.0343262475298323e-07
51400.056 2.0683598638098535e-07
51450.056 1.78268812732951e-07
51500.056 2.0929967192006593e-07
51550.056 3.9205431190003327e-07
51600.056 2.836975944700445e-07
51650.056 2.911088893199432e-07
51700.056 3.0764284762693247e-07
51750.056 2.3714062614103094e-07
51800.056 3.3662006572991177e-07
51850.056 3.202106334549923e-07
51900.056 4.18231908608099e-07
51950.056 3.401784684899661e-07
52000.056 1.686412785479786e-07
52050.056 2.8461737107003174e-07
52100.056 2.188222728689689e-07
52150.056 2.0584374890901277e-07
52200.056 2.1168368266399436e-07
52250.056 2.598124805040339e-07
52300.056 3.642718999699682e-07
52350.056 2.9051502673001846e-07
52400.056 2.022295870450131e-07
52450.056 3.170967341300196e-07
52500.056 3.1875033163791714e-07
52550.056 3.349562364099085e-07
52600.056 2.8336796379405416e-07
52650.056 3.0020573312406496e-07
52700.056 2.7168886275099944e-07
52750.056 1.938143011069888e-07
52800.056 2.3950955529903257e-07
52850.056 2.4527650543092776e-07
52900.056 2.369276597370177e-07
52950.056 2.4872579862199057e-07
53000.056 3.1997547031499585e-07
53050.056 1.944344696209251e-07
53100.056 2.4003653223393307e-07
53150.056 3.547443367400355e-07
53200.056 1.889744319829934e-07
53250.056 3.3084696044002743e-07
53300.056 3.2704770642117453e-07
53350.056 3.193140235579784e-07
53400.056 3.136193351200278e-07
53450.056 1.9245045006999906e-07
53500.056 1.3028619614495855e-07
