galfind/configs/Brown_Dwarf_templates/sonora_bobcat/m0.0/56g/sp_t1200g56nc_m0.0_resample.dat
# %ECSV 1.0
# ---
# datatype:
# - {name: wav, unit: Angstrom, datatype: float64}
# - {name: flux_nu, unit: erg / (cm2 Hz s), datatype: float64}
# meta: {C/O: '1.00', Kzz: '1.0000E+05', Teff: '1200.', Y: '0.28', '[Fe/H]': '0.00', f_hole: '1.00', f_rain: '0.00', grav: '56.'}
# schema: astropy-2.0
wav flux_nu
[from data line 499]
28950.056 3.685651204200075e-07
29000.056 3.041810267149256e-07
29050.056 3.1876405041094143e-07
29100.056 2.557136084060488e-07
29150.056 3.557683396721064e-07
29200.056 2.9852656190305775e-07
29250.056 3.679274629500054e-07
29300.056 2.7655818089485447e-07
29350.056 4.398767767338808e-07
29400.056 3.236053174579326e-07
29450.056 3.4589426918997616e-07
29500.056 3.5604703457694485e-07
29550.056 3.4170661167400185e-07
29600.056 3.7699348347489693e-07
29650.056 3.605674951029505e-07
29700.056 3.0731431856788065e-07
29750.056 3.878243930141688e-07
29800.056 3.9945147115296233e-07
29850.056 3.900626834109402e-07
29900.056 3.603853444381557e-07
29950.056 4.011205034649207e-07
30000.056 3.886449684349517e-07
30050.056 3.6123758164597367e-07
30100.056 3.2163498047688523e-07
30150.056 4.340169117749736e-07
30200.056 3.6373335000900186e-07
30250.056 4.1351001697610013e-07
30300.056 3.681845704349901e-07
30350.056 3.4019474357802484e-07
30400.056 3.8757540888801505e-07
30450.056 3.1832321012704833e-07
30500.056 2.6666194427203516e-07
30550.056 2.934375673000314e-07
30600.056 3.0446488845999957e-07
30650.056 2.755076251209442e-07
30700.056 2.698683470599814e-07
30750.056 2.513443005769776e-07
30800.056 2.3389522373004714e-07
30850.056 2.0926466495194154e-07
30900.056 2.1696480875696275e-07
30950.056 1.9097277888404277e-07
31000.056 1.7618009098299967e-07
31050.056 1.8902815718601193e-07
31100.056 1.55382120560985e-07
31150.056 1.667927453019886e-07
31200.056 1.7932135229801867e-07
31250.056 1.4445917514697907e-07
31300.056 1.4499955517298482e-07
31350.056 1.3662333888600147e-07
31400.056 1.2274641652301156e-07
31450.056 1.2236385925898312e-07
31500.056 1.136234353899736e-07
31550.056 1.1795374962399905e-07
31600.056 1.044122856979924e-07
31650.056 9.971442903799909e-08
31700.056 9.976320752598558e-08
31750.056 9.11379325130311e-08
31800.056 1.0446476539898405e-07
31850.056 9.565649525801185e-08
31900.056 1.0590345900999587e-07
31950.056 8.140029361501e-08
32000.056 9.498813951898734e-08
32050.056 1.0008244389100416e-07
32100.056 1.0121868179701619e-07
32150.056 1.0287997012498604e-07
32200.056 9.474447784399869e-08
32250.056 1.1225614574301068e-07
32300.056 9.579971462099968e-08
32350.056 1.174182773819864e-07
32400.056 9.391313145599186e-08
32450.056 1.1501491331695984e-07
32500.056 1.1554538329001603e-07
32550.056 1.1128450891499302e-07
32600.056 1.1953049896399943e-07
32650.056 1.4768885959298557e-07
32700.056 1.3676520839802055e-07
32750.056 1.4476753031900622e-07
32800.056 1.401700032540115e-07
32850.056 1.476040500459732e-07
32900.056 1.630114423499882e-07
32950.056 1.6114776476998278e-07
33000.056 1.4567194700396168e-07
33050.056 1.3204275190204407e-07
33100.056 9.966826187899294e-08
33150.056 7.48862454400019e-08
33200.056 5.726942927499308e-08
33250.056 4.195726080199059e-08
33300.056 4.0583565033005014e-08
33350.056 4.855431576500035e-08
33400.056 5.711646738498955e-08
33450.056 6.795219209499854e-08
33500.056 8.55909754970183e-08
33550.056 9.135936711502079e-08
33600.056 1.1251933851499137e-07
33650.056 1.22354949031999e-07
33700.056 1.1642447230898261e-07
33750.056 1.428846283190055e-07
33800.056 1.4132286135199235e-07
33850.056 1.5253663293798128e-07
33900.056 1.3587794733999467e-07
33950.056 1.332788920319913e-07
34000.056 1.501357269260187e-07
34050.056 1.243330849529648e-07
34100.056 1.5272277227897708e-07
34150.056 1.4131921701798827e-07
34200.056 1.2626622286296118e-07
34250.056 1.4040131007894728e-07
34300.056 1.2850600459193245e-07
34350.056 1.1431374542699726e-07
34400.056 1.153166056819963e-07
34450.056 1.3439014059298514e-07
34500.056 1.2915423436799902e-07
34550.056 1.2522170739299852e-07
34600.056 1.4808292036100088e-07
34650.056 1.3747283617698482e-07
34700.056 1.348232616169891e-07
34750.056 1.426724283879818e-07
34800.056 1.3854690828397485e-07
34850.056 1.3166570912602017e-07
34900.056 1.527467785379773e-07
34950.056 1.4546299150697514e-07
35000.056 1.7777629556102973e-07
35050.056 1.421046881169759e-07
35100.056 1.5549490371100035e-07
35150.056 1.5794605085000275e-07
35200.056 1.6692404291000226e-07
35250.056 1.8298061616196972e-07
35300.056 1.704122423330261e-07
35350.056 1.6080175405296385e-07
35400.056 1.7074939575003322e-07
35450.056 1.379150603430516e-07
35500.056 1.94474321373015e-07
35550.056 1.9549172968097718e-07
35600.056 1.7690215712204696e-07
35650.056 1.9607922999100025e-07
35700.056 1.8174253897399716e-07
35750.056 2.0310771662896436e-07
35800.056 2.5450391958800803e-07
35850.056 1.9506884299697977e-07
35900.056 2.3622484547498334e-07
35950.056 2.240008443209877e-07
36000.056 2.2790670774602578e-07
36050.056 2.2957115023997433e-07
36100.056 2.402252813598666e-07
36150.056 2.392301908509842e-07
36200.056 2.612311252199685e-07
36250.056 2.532372282519455e-07
36300.056 2.7106433638802203e-07
36350.056 2.677780141219866e-07
36400.056 2.6728185854199797e-07
36450.056 3.0032423510300994e-07
36500.056 3.048868511899726e-07
36550.056 3.150011767450824e-07
36600.056 3.405061070700145e-07
36650.056 3.4346191855893285e-07
36700.056 3.635726006439811e-07
36750.056 3.792763836801042e-07
36800.056 3.8596931108998925e-07
36850.056 3.872559022699422e-07
36900.056 3.8473714708599186e-07
36950.056 4.4118378755996264e-07
37000.056 4.40185217309985e-07
37050.056 4.295617032999742e-07
37100.056 4.750312332650164e-07
37150.056 4.309023701700316e-07
37200.056 4.7589844540001125e-07
37250.056 4.949277188499411e-07
37300.056 4.5579612801588396e-07
37350.056 4.5202739358008863e-07
37400.056 5.697341578299745e-07
37450.056 5.165891242760632e-07
37500.056 5.144641520929304e-07
37550.056 5.697802381001239e-07
37600.056 6.030939394900003e-07
37650.056 5.373602153999942e-07
37700.056 6.412493929500683e-07
37750.056 5.733177803400099e-07
37800.056 5.989918917402679e-07
37850.056 5.500323486600014e-07
37900.056 5.697126798001651e-07
37950.056 5.89206615471923e-07
38000.056 6.80126036010029e-07
38050.056 6.776624420900902e-07
38100.056 6.259076671501073e-07
38150.056 7.350206174099619e-07
38200.056 7.568321815400893e-07
38250.056 6.953424798700665e-07
38300.056 7.777116137799389e-07
38350.056 8.187530582500004e-07
38400.056 7.066552478098414e-07
38450.056 7.829041434299877e-07
38500.056 6.745263268001478e-07
38550.056 8.05781702240058e-07
38600.056 8.46896286199951e-07
38650.056 7.93825786849964e-07
38700.056 8.491807837600323e-07
38750.056 8.675290416500213e-07
38800.056 8.100698903897753e-07
38850.056 7.986136210200341e-07
38900.056 8.640199244800395e-07
38950.056 8.848170737699556e-07
39000.056 8.87539541960001e-07
39050.056 8.961720465798926e-07
39100.056 8.561031041301313e-07
39150.056 8.84959728900003e-07
39200.056 9.392810114600001e-07
39250.056 9.649832954697807e-07
39300.056 8.936534697397275e-07
39350.056 9.76173720870082e-07
39400.056 9.61520133940078e-07
39450.056 9.530191970799463e-07
39500.056 9.01153896080047e-07
39550.056 9.499059167000266e-07
39600.056 1.0014100146697523e-06
39650.056 9.711268303599867e-07
39700.056 9.818246524999698e-07
39750.056 9.203243725000313e-07
39800.056 9.611069811498548e-07
39850.056 1.0170459449199536e-06
39900.056 9.936756793100931e-07
39950.056 1.0144548416398152e-06
40000.056 1.0120404305900892e-06
40050.056 9.868805786600548e-07
40100.056 1.0062356399199998e-06
40150.056 1.0006129846198721e-06
40200.056 1.0073731150598055e-06
40250.056 9.531802852997697e-07
40300.056 9.503933477600792e-07
40350.056 1.026781469600103e-06
40400.056 1.0305989124500443e-06
40450.056 1.025302671250157e-06
40500.056 9.681395096401116e-07
40550.056 1.054991488259931e-06
40600.056 9.539487438701358e-07
40650.056 9.614017321498746e-07
40700.056 1.0800046882499856e-06
40750.056 9.728828440597157e-07
40800.056 8.958963545998687e-07
40850.056 9.90505488090196e-07
40900.056 9.456191240100169e-07
40950.056 9.709639803399983e-07
41000.056 9.78097845160006e-07
41050.056 1.0241450896899075e-06
41100.056 9.431830887799909e-07
41150.056 8.986378414799602e-07
41200.056 9.803891153199728e-07
41250.056 9.498375084300118e-07
41300.056 8.573846964298022e-07
41350.056 1.0252301315200633e-06
41400.056 9.658870876301391e-07
41450.056 9.710174438902218e-07
41500.056 9.193792319199832e-07
41550.056 9.322358658800191e-07
41600.056 1.006203195380041e-06
41650.056 9.484943077001407e-07
41700.056 8.922159583198326e-07
41750.056 9.094312392099339e-07
41800.056 9.466347420798711e-07
41850.056 7.628120564300937e-07
41900.056 8.901597425899277e-07
41950.056 8.007860634202247e-07
42000.056 8.151575994201062e-07
42050.056 7.25249211239852e-07
42100.056 8.85147800160093e-07
42150.056 6.653210797047992e-07
42200.056 7.000252874910063e-07
42250.056 7.139924330599682e-07
42300.056 6.251408995500403e-07
42350.056 7.673085676501538e-07
42400.056 6.510186400601648e-07
42450.056 6.018383817800585e-07
42500.056 6.257978990500792e-07
42550.056 6.260122572699631e-07
42600.056 6.12662910500189e-07
42650.056 5.817713051897556e-07
42700.056 6.297115660301779e-07
42750.056 5.874662386499572e-07
42800.056 5.712395346111815e-07
42850.056 6.43371189919816e-07
42900.056 6.278592266800586e-07
42950.056 5.92720913529736e-07
43000.056 6.0534522429001e-07
43050.056 5.391210429902601e-07
43100.056 6.071119384200499e-07
43150.056 5.872309609700855e-07
43200.056 6.253478335400744e-07
43250.056 6.113215952898827e-07
43300.056 6.438014940000281e-07
43350.056 5.768947440599627e-07
43400.056 5.926812755999814e-07
43450.056 5.885782980901128e-07
43500.056 5.691291236199461e-07
43550.056 6.06981686347063e-07
43600.056 6.423641876100359e-07
43650.056 5.750507656500474e-07
43700.056 5.859627344998701e-07
43750.056 5.972101180001407e-07
43800.056 5.558887689000236e-07
43850.056 5.711311314601139e-07
43900.056 5.950980155499374e-07
43950.056 5.299594311700468e-07
44000.056 5.226341580900569e-07
44050.056 5.634351420900601e-07
44100.056 5.934715444400536e-07
44150.056 5.834827330998749e-07
44200.056 5.650542262599895e-07
44250.056 5.495727623900161e-07
44300.056 5.340369139500642e-07
44350.056 5.280200667220481e-07
44400.056 5.593984809099864e-07
44450.056 5.646261581299844e-07
44500.056 5.856465300200642e-07
44550.056 5.639201076699047e-07
44600.056 5.391142348800633e-07
44650.056 5.78899096490075e-07
44700.056 5.237703910000246e-07
44750.056 5.675555295099533e-07
44800.056 5.683243075399926e-07
44850.056 5.564229863600788e-07
44900.056 5.179960593700428e-07
44950.056 5.191714643100265e-07
45000.056 5.505484253599584e-07
45050.056 5.540009059899764e-07
45100.056 5.670353205299867e-07
45150.056 5.355111555899803e-07
45200.056 5.00061158740028e-07
45250.056 5.167059528099228e-07
45300.056 5.320102212300343e-07
45350.056 5.475476874599553e-07
45400.056 5.462938126240497e-07
45450.056 5.03772836735916e-07
45500.056 5.24600025489974e-07
45550.056 5.657873297299408e-07
45600.056 5.353157519600033e-07
45650.056 4.804769375099087e-07
45700.056 5.542674234700611e-07
45750.056 4.996548969500048e-07
45800.056 5.180515080199821e-07
45850.056 5.923341706699727e-07
45900.056 5.899671398900234e-07
45950.056 5.112318581100072e-07
46000.056 5.828906802080222e-07
46050.056 5.682539502500821e-07
46100.056 5.141339750200318e-07
46150.056 5.457920653799792e-07
46200.056 5.622953575341047e-07
46250.056 4.82340522103977e-07
46300.056 5.979428689799854e-07
46350.056 5.272806690599677e-07
46400.056 5.389753107899682e-07
46450.056 5.591498939700623e-07
46500.056 5.108278388499914e-07
46550.056 6.072779726199741e-07
46600.056 5.748460041600162e-07
46650.056 7.151331798798822e-07
46700.056 6.522500158801951e-07
46750.056 5.252824676399729e-07
46800.056 5.59914217720067e-07
46850.056 6.396160309700857e-07
46900.056 6.027370241599059e-07
46950.056 6.519165428200208e-07
47000.056 5.588143751999968e-07
47050.056 6.473446917398624e-07
47100.056 5.0628844442006e-07
47150.056 5.545140192500464e-07
47200.056 6.056355160480804e-07
47250.056 5.398422148199768e-07
47300.056 5.360159250289056e-07
47350.056 5.263167854199258e-07
47400.056 6.152362142899123e-07
47450.056 5.384238538999938e-07
47500.056 6.192149184299148e-07
47550.056 5.453105294899566e-07
47600.056 6.031879406899572e-07
47650.056 4.688185056588991e-07
47700.056 6.186884954900837e-07
47750.056 4.4340602335006966e-07
47800.056 6.030992012099466e-07
47850.056 4.710415359099232e-07
47900.056 5.842273576100039e-07
47950.056 4.735851086200514e-07
48000.056 6.641557791600301e-07
48050.056 5.420904882580524e-07
48100.056 5.635544617800002e-07
48150.056 5.375504797100663e-07
48200.056 6.026906227400599e-07
48250.056 5.190007245000097e-07
48300.056 6.461740009898408e-07
48350.056 4.756121297799982e-07
48400.056 5.562036306799765e-07
48450.056 5.150685029300623e-07
48500.056 6.684147591400032e-07
48550.056 4.867764638920082e-07
48600.056 6.066738975899734e-07
48650.056 5.16572616979969e-07
48700.056 5.951173332500271e-07
48750.056 4.518194897100719e-07
48800.056 6.844779489700129e-07
48850.056 4.897184797599047e-07
48900.056 6.376609672500457e-07
48950.056 5.798278163200384e-07
49000.056 5.129484758818985e-07
49050.056 6.056792317200027e-07
49100.056 5.566100578900508e-07
49150.056 5.849076731759894e-07
49200.056 5.695176641400005e-07
49250.056 6.009127337400378e-07
49300.056 5.231168820999704e-07
49350.056 5.2536349066002e-07
49400.056 6.148665649700166e-07
49450.056 5.501321849201403e-07
49500.056 5.553597316599861e-07
49550.056 4.771389475200151e-07
49600.056 5.468094123321127e-07
49650.056 5.673800900699947e-07
49700.056 5.034211050499119e-07
49750.056 6.79575663749887e-07
49800.056 5.442505028460226e-07
49850.056 6.894989614700859e-07
49900.056 5.536447692100237e-07
49950.056 5.935294591099108e-07
50000.056 5.779842666199024e-07
50050.056 5.988789485200288e-07
50100.056 6.041845492199732e-07
50150.056 5.006925299199993e-07
50200.056 4.3938770473001545e-07
50250.056 5.90697961499977e-07
50300.056 5.454180865699838e-07
50350.056 6.578851676200091e-07
50400.056 5.672337824699759e-07
50450.056 5.422960396240935e-07
50500.056 6.548116223600881e-07
50550.056 5.685759361000002e-07
50600.056 5.958102661399674e-07
50650.056 6.059158935901115e-07
50700.056 6.517120265598357e-07
50750.056 6.558155584100872e-07
50800.056 4.847262159999386e-07
50850.056 5.471460287701069e-07
50900.056 6.463433445399896e-07
50950.056 6.008536587901371e-07
51000.056 6.943341789400764e-07
51050.056 5.44381961820044e-07
51100.056 4.978353548299465e-07
51150.056 5.953186148479421e-07
51200.056 6.404564568499795e-07
51250.056 6.051725929899279e-07
51300.056 5.296763428902089e-07
51350.056 5.590187577999328e-07
51400.056 4.811163708999273e-07
51450.056 4.0195286217490264e-07
51500.056 5.077283434560633e-07
51550.056 6.998031020800736e-07
51600.056 5.10578308866058e-07
51650.056 5.643521779499306e-07
51700.056 5.481567468348532e-07
51750.056 4.962105303150466e-07
51800.056 6.116719473398418e-07
51850.056 6.071106277899633e-07
51900.056 6.736519288101374e-07
51950.056 6.056197291899476e-07
52000.056 4.6121043314998277e-07
52050.056 5.722871860799968e-07
52100.056 5.0463840103992e-07
52150.056 5.09667539320025e-07
52200.056 4.716764046499776e-07
52250.056 5.267873509400214e-07
52300.056 6.309053019599757e-07
52350.056 6.217984182080433e-07
52400.056 4.564162543570561e-07
52450.056 5.673913606700148e-07
52500.056 6.070415527598878e-07
52550.056 6.095718929198364e-07
52600.056 5.612720133800864e-07
52650.056 6.086907755601331e-07
52700.056 5.512120991200037e-07
52750.056 4.5469854384996524e-07
52800.056 5.186263876800468e-07
52850.056 5.022374050099144e-07
52900.056 5.322061630700457e-07
52950.056 5.372403175399527e-07
53000.056 6.079623829299633e-07
53050.056 4.87048294589862e-07
53100.056 4.808559660898865e-07
53150.056 6.531456931600598e-07
53200.056 4.367045276810169e-07
53250.056 6.414509722600165e-07
53300.056 6.132604449102653e-07
53350.056 6.072200499199433e-07
53400.056 5.974808895100616e-07
53450.056 4.825754809700347e-07
53500.056 4.0295374681190175e-07
53550.056 5.159660974799066e-07
53600.056 5.760812159300979e-07
53650.056 4.852300402880119e-07
53700.056 4.925483965201075e-07
53750.056 5.095013539500356e-07
