galfind/configs/Brown_Dwarf_templates/sonora_bobcat/m0.0/56g/sp_t1900g56nc_m0.0_resample.dat
# %ECSV 1.0
# ---
# datatype:
# - {name: wav, unit: Angstrom, datatype: float64}
# - {name: flux_nu, unit: erg / (cm2 Hz s), datatype: float64}
# meta: {C/O: '1.00', Kzz: '1.0000E+05', Teff: '1900.', Y: '0.28', '[Fe/H]': '0.00', f_hole: '1.00', f_rain: '0.00', grav: '56.'}
# schema: astropy-2.0
wav flux_nu
[from data line 497]
28850.056 1.5009156878602163e-06
28900.056 1.1929431810901043e-06
28950.056 1.6755062894498403e-06
29000.056 1.3508263764895514e-06
29050.056 1.397423027869781e-06
29100.056 1.1623351391401172e-06
29150.056 1.497797970660281e-06
29200.056 1.334826461520365e-06
29250.056 1.5183308098600686e-06
29300.056 1.260401094039277e-06
29350.056 1.7175234824296777e-06
29400.056 1.3846295527498153e-06
29450.056 1.4149049207499385e-06
29500.056 1.496876761579818e-06
29550.056 1.4313729782301206e-06
29600.056 1.5342671856498468e-06
29650.056 1.4971480531298973e-06
29700.056 1.3081111395897978e-06
29750.056 1.6759900223208747e-06
29800.056 1.649146638209929e-06
29850.056 1.5919739257298056e-06
29900.056 1.4326831965103995e-06
29950.056 1.7057102592796967e-06
30000.056 1.6881451552395326e-06
30050.056 1.5780137064798826e-06
30100.056 1.2923844202596202e-06
30150.056 1.980391010219841e-06
30200.056 1.739661615070164e-06
30250.056 1.703686657470527e-06
30300.056 1.7127610873398028e-06
30350.056 1.6023883718402645e-06
30400.056 1.9697364458604007e-06
30450.056 1.5671023673101604e-06
30500.056 1.4715645770302378e-06
30550.056 2.0246416703404634e-06
30600.056 1.9360885190602757e-06
30650.056 1.953799851500069e-06
30700.056 1.8130071945299389e-06
30750.056 1.737472699420058e-06
30800.056 2.092381349810521e-06
30850.056 1.7940417675999294e-06
30900.056 1.8148358942098462e-06
30950.056 1.7439405711502444e-06
31000.056 2.0327332890799315e-06
31050.056 1.7282569577399867e-06
31100.056 1.8931146431598914e-06
31150.056 2.010505975919698e-06
31200.056 1.9898155713797632e-06
31250.056 2.1647739387603977e-06
31300.056 1.9243925851998064e-06
31350.056 1.957876274359993e-06
31400.056 1.9454499768704717e-06
31450.056 2.0035129183200802e-06
31500.056 2.016465074820355e-06
31550.056 1.8838254979399952e-06
31600.056 1.985593772629837e-06
31650.056 2.1037606985999746e-06
31700.056 2.1026616204098868e-06
31750.056 1.8296099154302414e-06
31800.056 2.1841082550201763e-06
31850.056 2.3263506314201703e-06
31900.056 2.3299525452998326e-06
31950.056 1.7635280690598084e-06
32000.056 1.968011250300445e-06
32050.056 2.319214935740252e-06
32100.056 2.3182718601796653e-06
32150.056 2.3357797982000636e-06
32200.056 2.2268185883099256e-06
32250.056 2.1247205780402176e-06
32300.056 2.303401256370105e-06
32350.056 2.4835098152503746e-06
32400.056 2.193152824760048e-06
32450.056 2.175050582580182e-06
32500.056 2.3760390159602838e-06
32550.056 2.6510572505201096e-06
32600.056 2.6136093461598187e-06
32650.056 2.5314496913008474e-06
32700.056 2.4177289819302037e-06
32750.056 2.522117998280048e-06
32800.056 2.2970212196201876e-06
32850.056 2.7675205233497376e-06
32900.056 2.662407542999993e-06
32950.056 2.2629420757598083e-06
33000.056 2.464420312560292e-06
33050.056 2.5468408271597164e-06
33100.056 2.629956812809234e-06
33150.056 2.4394900070201924e-06
33200.056 2.1155927170502416e-06
33250.056 2.3657333718798768e-06
33300.056 2.5072205699803084e-06
33350.056 2.4057904870501492e-06
33400.056 2.2488336929596763e-06
33450.056 2.467983862029229e-06
33500.056 2.6040078109902985e-06
33550.056 2.499329316319732e-06
33600.056 2.618333208340636e-06
33650.056 2.756168976550706e-06
33700.056 2.8252543548495724e-06
33750.056 2.8504853079100673e-06
33800.056 2.712218961649971e-06
33850.056 2.6548263789901376e-06
33900.056 3.0271616390995313e-06
33950.056 2.6621870152996495e-06
34000.056 2.702402344719338e-06
34050.056 2.7236886097098724e-06
34100.056 2.9569849202204036e-06
34150.056 2.8636727610996166e-06
34200.056 2.7033320840994353e-06
34250.056 3.0559639210996284e-06
34300.056 2.7595739548194053e-06
34350.056 2.904654698919788e-06
34400.056 2.6764647254996317e-06
34450.056 2.7128905784200074e-06
34500.056 2.868926275100561e-06
34550.056 2.7148624921498007e-06
34600.056 2.8902739430200697e-06
34650.056 2.9144369438000254e-06
34700.056 2.8153904488593694e-06
34750.056 3.0265811415802612e-06
34800.056 3.1180413426995843e-06
34850.056 2.7724798983401132e-06
34900.056 2.95622921319025e-06
34950.056 2.8880798526393135e-06
35000.056 2.809277818579623e-06
35050.056 3.207910924100597e-06
35100.056 2.971956768169293e-06
35150.056 3.0213485751098952e-06
35200.056 3.0712405872997555e-06
35250.056 2.747609208340131e-06
35300.056 3.0199562588702173e-06
35350.056 3.1786514885997484e-06
35400.056 2.939776942279777e-06
35450.056 2.8616473833204426e-06
35500.056 3.1634960331998182e-06
35550.056 2.9791582593998746e-06
35600.056 2.834810508859579e-06
35650.056 3.280318595300413e-06
35700.056 2.875055421400404e-06
35750.056 3.048922440159703e-06
35800.056 3.149431830199675e-06
35850.056 3.1469911247998033e-06
35900.056 3.3689615237995666e-06
35950.056 3.1669248472999222e-06
36000.056 2.8882666685996635e-06
36050.056 3.3476968365003255e-06
36100.056 3.4269261371996025e-06
36150.056 3.065418151430395e-06
36200.056 3.3603574255795637e-06
36250.056 3.063153840799377e-06
36300.056 3.5876099421507143e-06
36350.056 3.3714543790995675e-06
36400.056 3.249495594699962e-06
36450.056 3.5670584408996516e-06
36500.056 3.306939456200265e-06
36550.056 3.2034892115005455e-06
36600.056 3.286737590300278e-06
36650.056 3.4070800220003605e-06
36700.056 3.605172337100137e-06
36750.056 3.313892937900321e-06
36800.056 3.4103953936996654e-06
36850.056 3.431736372000321e-06
36900.056 3.512761347600576e-06
36950.056 3.4898226517999592e-06
37000.056 3.5870910834000662e-06
37050.056 3.6273324920998784e-06
37100.056 3.5284093077003895e-06
37150.056 3.513124654499256e-06
37200.056 3.666489967600065e-06
37250.056 3.691646122200256e-06
37300.056 3.7211190193007055e-06
37350.056 3.4663285441005025e-06
37400.056 3.653960788899672e-06
37450.056 3.634526473600313e-06
37500.056 3.7174394285997273e-06
37550.056 3.625182464199326e-06
37600.056 3.829733778399499e-06
37650.056 3.5577945017996587e-06
37700.056 3.634898019700074e-06
37750.056 3.8515668196995075e-06
37800.056 3.924482314999877e-06
37850.056 3.7250224710998243e-06
37900.056 3.8231849415003055e-06
37950.056 3.872577262100153e-06
38000.056 3.7695214758005255e-06
38050.056 3.816915919300267e-06
38100.056 3.6647360155002468e-06
38150.056 3.977526649199478e-06
38200.056 4.056795753399444e-06
38250.056 3.7075176395005615e-06
38300.056 3.6616485780999347e-06
38350.056 3.8230655322998545e-06
38400.056 3.90217161599977e-06
38450.056 3.972586613300358e-06
38500.056 3.841198755499801e-06
38550.056 3.848884300500212e-06
38600.056 4.221023442099787e-06
38650.056 3.698136016700155e-06
38700.056 3.7820499201006667e-06
38750.056 3.956482243599972e-06
38800.056 3.901159700100491e-06
38850.056 3.866389673500307e-06
38900.056 3.7525518022998583e-06
38950.056 3.982881493799646e-06
39000.056 3.8543903412001305e-06
39050.056 3.936658973099906e-06
39100.056 3.707783537799991e-06
39150.056 3.844696854700166e-06
39200.056 3.983484283500171e-06
39250.056 3.9498020680993326e-06
39300.056 3.936683907599228e-06
39350.056 3.920402534900428e-06
39400.056 3.84619757590011e-06
39450.056 3.867985085299767e-06
39500.056 3.813627027299728e-06
39550.056 3.738781133499323e-06
39600.056 4.097003650200165e-06
39650.056 3.6606481859000665e-06
39700.056 3.8313337363998364e-06
39750.056 3.8135640718995448e-06
39800.056 3.6078402555002293e-06
39850.056 3.7322573122997217e-06
39900.056 3.670839410399892e-06
39950.056 3.865499842599842e-06
40000.056 3.5271181200997806e-06
40050.056 3.331036385399934e-06
40100.056 3.5995351791997814e-06
40150.056 3.3650185059993054e-06
40200.056 3.511532840099675e-06
40250.056 3.4930375291989913e-06
40300.056 3.2091075363002924e-06
40350.056 3.4609239461003476e-06
40400.056 3.497098994099875e-06
40450.056 3.2148765154006194e-06
40500.056 3.0091844403001506e-06
40550.056 3.5246989431997426e-06
40600.056 3.109920457660324e-06
40650.056 3.2388640393005922e-06
40700.056 3.417682514800249e-06
40750.056 3.004640481399025e-06
40800.056 2.9790115768404268e-06
40850.056 2.807979501340644e-06
40900.056 2.8099994658005214e-06
40950.056 3.021456654359963e-06
41000.056 3.1143942191002164e-06
41050.056 3.0363033352993927e-06
41100.056 2.8651767266003174e-06
41150.056 3.0889457258001433e-06
41200.056 2.8800681256500335e-06
41250.056 2.941086491500261e-06
41300.056 2.5548645274996423e-06
41350.056 3.037322934700153e-06
41400.056 2.8476257399001207e-06
41450.056 2.7509939886000515e-06
41500.056 2.9814189836201313e-06
41550.056 2.8900732728300564e-06
41600.056 3.008998405400007e-06
41650.056 2.6596712509004937e-06
41700.056 2.553904741719662e-06
41750.056 2.7155176627399417e-06
41800.056 2.6397731256595896e-06
41850.056 2.4305026566804294e-06
41900.056 2.7980970058897115e-06
41950.056 2.434212751800571e-06
42000.056 2.6078922053901917e-06
42050.056 2.360273603839131e-06
42100.056 2.6826934015603545e-06
42150.056 2.092518846619241e-06
42200.056 2.257662602300108e-06
42250.056 2.4343646140798766e-06
42300.056 2.073759709820048e-06
42350.056 2.466373109030629e-06
42400.056 2.134529702080459e-06
42450.056 1.8149603268801683e-06
42500.056 1.967619574160329e-06
42550.056 2.0865027957399535e-06
42600.056 2.0238355639004315e-06
42650.056 1.7865611413590165e-06
42700.056 2.0821083555807727e-06
42750.056 1.9127016037600324e-06
42800.056 1.8960692757305396e-06
42850.056 2.0294528777296688e-06
42900.056 1.963941530920128e-06
42950.056 1.785084010069119e-06
43000.056 1.8663196910099005e-06
43050.056 1.7918727047209898e-06
43100.056 1.9298854199300274e-06
43150.056 1.964844686350424e-06
43200.056 1.91401483186016e-06
43250.056 1.8706463429400178e-06
43300.056 1.954013282290176e-06
43350.056 1.7436831525698717e-06
43400.056 1.7944564984798443e-06
43450.056 1.8262054235406707e-06
43500.056 1.7669783866696892e-06
43550.056 1.8519339360300306e-06
43600.056 1.8996649127601161e-06
43650.056 1.668415602910268e-06
43700.056 1.5898331778696847e-06
43750.056 1.6907327552202132e-06
43800.056 1.5818255509701892e-06
43850.056 1.6320950904804436e-06
43900.056 1.6890263694599049e-06
43950.056 1.5777328798403144e-06
44000.056 1.4796319036302169e-06
44050.056 1.474780759070123e-06
44100.056 1.5588943529703189e-06
44150.056 1.6364641662396641e-06
44200.056 1.5206357955500046e-06
44250.056 1.479895049970023e-06
44300.056 1.438100940450264e-06
44350.056 1.4229968169500924e-06
44400.056 1.4873214430699426e-06
44450.056 1.5442353760000487e-06
44500.056 1.5581860310002319e-06
44550.056 1.380630198089652e-06
44600.056 1.4244812366301629e-06
44650.056 1.5264760827201177e-06
44700.056 1.3933535627801556e-06
44750.056 1.479876780749801e-06
44800.056 1.502978114349939e-06
44850.056 1.4884239299900855e-06
44900.056 1.38925638195022e-06
44950.056 1.302635978679987e-06
45000.056 1.4460368893899071e-06
45050.056 1.441703455739816e-06
45100.056 1.489933016219913e-06
45150.056 1.395278519889982e-06
45200.056 1.2758791892899643e-06
45250.056 1.3271724436098172e-06
45300.056 1.4235573568401022e-06
45350.056 1.4869217383098622e-06
45400.056 1.4033693092202037e-06
45450.056 1.272829670449802e-06
45500.056 1.3152934010399452e-06
45550.056 1.481154007489872e-06
45600.056 1.358613211259955e-06
45650.056 1.2180145538597183e-06
45700.056 1.437991113510138e-06
45750.056 1.316269139029953e-06
45800.056 1.2936014718199613e-06
45850.056 1.5340691209399875e-06
45900.056 1.5395716924000874e-06
45950.056 1.3225723124699667e-06
46000.056 1.5867131176499902e-06
46050.056 1.559234445900332e-06
46100.056 1.2951565346101163e-06
46150.056 1.3778843166899478e-06
46200.056 1.5304877186603508e-06
46250.056 1.2402573625399512e-06
46300.056 1.6271385078699203e-06
46350.056 1.3203550598598577e-06
46400.056 1.3918727859798204e-06
46450.056 1.4105220286303053e-06
46500.056 1.304504002759901e-06
46550.056 1.5814308416799675e-06
46600.056 1.4481460588299834e-06
46650.056 1.8451179960799135e-06
46700.056 1.711269005730482e-06
46750.056 1.3669345434098757e-06
46800.056 1.5242199613702655e-06
46850.056 1.6159492824201318e-06
46900.056 1.5254354690496915e-06
46950.056 1.7046880416501136e-06
47000.056 1.4776906088799686e-06
47050.056 1.6648873238697248e-06
47100.056 1.3700646383101158e-06
47150.056 1.51686228384029e-06
47200.056 1.5646724668904661e-06
47250.056 1.4302195308296692e-06
47300.056 1.5075561546296034e-06
47350.056 1.2580677464897155e-06
47400.056 1.5811791267796005e-06
47450.056 1.4725544711898785e-06
47500.056 1.5263806421496491e-06
47550.056 1.4206526203297722e-06
47600.056 1.6145004419198985e-06
47650.056 1.14963025517966e-06
47700.056 1.6299071080500717e-06
47750.056 1.10828448191032e-06
47800.056 1.5960585811498287e-06
47850.056 1.2150916049897013e-06
47900.056 1.627183238420104e-06
47950.056 1.1706978286002756e-06
48000.056 1.7964944520999987e-06
48050.056 1.3069889706502665e-06
48100.056 1.4463791712899656e-06
48150.056 1.3103992698601865e-06
48200.056 1.6246268114503111e-06
48250.056 1.3235290470298547e-06
48300.056 1.7652798646497453e-06
48350.056 1.1712306452698278e-06
48400.056 1.6017584994599742e-06
48450.056 1.3042131757500942e-06
48500.056 1.7710032988700356e-06
48550.056 1.2081737571300563e-06
48600.056 1.6293393977498373e-06
48650.056 1.2337614737399718e-06
48700.056 1.5566696232400895e-06
48750.056 1.1093233216601755e-06
48800.056 1.7901876066901207e-06
48850.056 1.232310240099752e-06
48900.056 1.604211321360116e-06
48950.056 1.4572420558700798e-06
49000.056 1.4433312985898577e-06
49050.056 1.5073296456098932e-06
49100.056 1.4018869563801615e-06
49150.056 1.4645919788300604e-06
49200.056 1.4389395206899447e-06
49250.056 1.4490900414600429e-06
49300.056 1.2784261338098151e-06
49350.056 1.3467548188899836e-06
49400.056 1.6165545426201708e-06
49450.056 1.3612778513303352e-06
49500.056 1.4406912808201574e-06
49550.056 1.256959641089989e-06
49600.056 1.3737999837203286e-06
49650.056 1.4246164816601343e-06
49700.056 1.2150345553698973e-06
49750.056 1.8351933467396868e-06
49800.056 1.3948132457500678e-06
49850.056 1.735411911600036e-06
49900.056 1.3833046098401248e-06
49950.056 1.4824479765995494e-06
50000.056 1.4335954863996478e-06
50050.056 1.4598778967901319e-06
50100.056 1.549986337319878e-06
50150.056 1.3357878730700212e-06
50200.056 1.2282119138001453e-06
50250.056 1.4037809377401067e-06
50300.056 1.3222525215298514e-06
50350.056 1.5366681977400033e-06
50400.056 1.3818283409600178e-06
50450.056 1.3543743816201946e-06
50500.056 1.7693736775402936e-06
50550.056 1.4179939638198955e-06
50600.056 1.5296255462900856e-06
50650.056 1.4368540240703756e-06
50700.056 1.5822734936094895e-06
50750.056 1.5882663624402198e-06
50800.056 1.2211948876598967e-06
50850.056 1.444633095640253e-06
50900.056 1.501108596199953e-06
50950.056 1.5624827286402486e-06
51000.056 1.7774146719701819e-06
51050.056 1.3454076928602255e-06
51100.056 1.3334640049498988e-06
51150.056 1.5361891966399495e-06
51200.056 1.4406495609699133e-06
51250.056 1.6102179931299721e-06
51300.056 1.3470955800704512e-06
51350.056 1.5231644413697347e-06
51400.056 1.4345128640095853e-06
51450.056 1.053457473859829e-06
51500.056 1.473744480959964e-06
51550.056 1.8110265719201768e-06
51600.056 1.2095620628700094e-06
51650.056 1.463271868549748e-06
51700.056 1.3363666471595635e-06
51750.056 1.3098302093600997e-06
51800.056 1.5520764684697898e-06
51850.056 1.5546962072298532e-06
51900.056 1.6239551741602828e-06
51950.056 1.4676705182798416e-06
52000.056 1.2901494553799566e-06
52050.056 1.5063908399098877e-06
52100.056 1.4245176142096926e-06
52150.056 1.4410965110901637e-06
52200.056 1.3854833529800881e-06
52250.056 1.4173814869199883e-06
52300.056 1.5062156377499803e-06
52350.056 1.68229907185021e-06
52400.056 1.2286208233401197e-06
52450.056 1.4307592610199591e-06
52500.056 1.5731729859996185e-06
52550.056 1.443289823049551e-06
52600.056 1.5127674138801837e-06
52650.056 1.713432975120294e-06
52700.056 1.4518219343300355e-06
52750.056 1.1794517586798475e-06
52800.056 1.343373153930146e-06
52850.056 1.2682153574798682e-06
52900.056 1.428366366630127e-06
52950.056 1.4009125864597465e-06
53000.056 1.5786810319798326e-06
53050.056 1.4302471786897268e-06
53100.056 1.312300549049672e-06
53150.056 1.6358135672903329e-06
53200.056 1.1542132875202291e-06
53250.056 1.6560410642099183e-06
