galfind/configs/Brown_Dwarf_templates/sonora_bobcat/m0.0/56g/sp_t1700g56nc_m0.0_resample.dat
# %ECSV 1.0
# ---
# datatype:
# - {name: wav, unit: Angstrom, datatype: float64}
# - {name: flux_nu, unit: erg / (cm2 Hz s), datatype: float64}
# meta: {C/O: '1.00', Kzz: '1.0000E+05', Teff: '1700.', Y: '0.28', '[Fe/H]': '0.00', f_hole: '1.00', f_rain: '0.00', grav: '56.'}
# schema: astropy-2.0
wav flux_nu
[from data line 499]
28950.056 1.071281702601954e-06
29000.056 8.670646045567553e-07
29050.056 9.012904389868479e-07
29100.056 7.372915362500986e-07
29150.056 9.757520754102313e-07
29200.056 8.486178339962504e-07
29250.056 9.953367472910352e-07
29300.056 7.922902769875662e-07
29350.056 1.1588219200997599e-06
29400.056 8.988384760498225e-07
29450.056 9.377680934599673e-07
29500.056 9.802289681948856e-07
29550.056 9.377342691600505e-07
29600.056 1.0198730173648322e-06
29650.056 9.794987313699068e-07
29700.056 8.569319026818183e-07
29750.056 1.1027991447406027e-06
29800.056 1.10688333950293e-06
29850.056 1.0643628196998714e-06
29900.056 9.585994310102764e-07
29950.056 1.1415342610198082e-06
30000.056 1.1272673694417678e-06
30050.056 1.0485891108798812e-06
30100.056 8.726453446797402e-07
30150.056 1.3339189927598943e-06
30200.056 1.1481207201801006e-06
30250.056 1.1666175885203802e-06
30300.056 1.1493771198898393e-06
30350.056 1.0653386137801463e-06
30400.056 1.3392480416502743e-06
30450.056 1.0453377096200991e-06
30500.056 9.576150583501636e-07
30550.056 1.3213728152303202e-06
30600.056 1.2754574585601858e-06
30650.056 1.2950681582500018e-06
30700.056 1.1882444432699493e-06
30750.056 1.1321493782200434e-06
30800.056 1.3352804797302942e-06
30850.056 1.1131584349999012e-06
30900.056 1.1420607730798934e-06
30950.056 1.0786094531001708e-06
31000.056 1.2227160363899315e-06
31050.056 1.0953438991899815e-06
31100.056 1.0755953145199102e-06
31150.056 1.211535830139748e-06
31200.056 1.2066270630798894e-06
31250.056 1.239252187690117e-06
31300.056 1.1312734091098365e-06
31350.056 1.1172873190299618e-06
31400.056 1.069222831800304e-06
31450.056 1.0977123082900076e-06
31500.056 1.1228429370600484e-06
31550.056 1.0348009463300213e-06
31600.056 1.050643268049897e-06
31650.056 1.0709513107499723e-06
31700.056 1.079742671279904e-06
31750.056 9.467074571702556e-07
31800.056 1.1532116017100053e-06
31850.056 1.167441765400156e-06
31900.056 1.2843154537199308e-06
31950.056 8.769286472898963e-07
32000.056 1.0426236170101252e-06
32050.056 1.2476615374100997e-06
32100.056 1.215070950589874e-06
32150.056 1.3052289151299628e-06
32200.056 1.2126901129199303e-06
32250.056 1.2480545743302098e-06
32300.056 1.2166648109400016e-06
32350.056 1.4343866053002454e-06
32400.056 1.1593606913900168e-06
32450.056 1.2666657782198646e-06
32500.056 1.3564206856303041e-06
32550.056 1.5272565470500918e-06
32600.056 1.5342662290599058e-06
32650.056 1.5585597267705035e-06
32700.056 1.4897919697702222e-06
32750.056 1.5173440090500018e-06
32800.056 1.4225815650701111e-06
32850.056 1.7273499956197411e-06
32900.056 1.7204192934099803e-06
32950.056 1.438702385679822e-06
33000.056 1.5382494335901283e-06
33050.056 1.5537070570399638e-06
33100.056 1.4980861720896113e-06
33150.056 1.0943536333701328e-06
33200.056 7.934734447397979e-07
33250.056 6.903634134995848e-07
33300.056 6.183709641801437e-07
33350.056 7.062485883501012e-07
33400.056 7.558191837498588e-07
33450.056 8.718395707197752e-07
33500.056 1.1275311702902765e-06
33550.056 1.1726099993300152e-06
33600.056 1.3637825579902905e-06
33650.056 1.5347054136704964e-06
33700.056 1.5047107663497165e-06
33750.056 1.7296211408399583e-06
33800.056 1.607461129639751e-06
33850.056 1.647964283120041e-06
33900.056 1.749714906509676e-06
33950.056 1.5762587415299146e-06
34000.056 1.6104521399795013e-06
34050.056 1.56703073401959e-06
34100.056 1.8344334505401836e-06
34150.056 1.6897673948896105e-06
34200.056 1.5459616938694145e-06
34250.056 1.7967910116897197e-06
34300.056 1.5150818861890254e-06
34350.056 1.59669843166001e-06
34400.056 1.4801686944299158e-06
34450.056 1.5845564515499676e-06
34500.056 1.681839712230193e-06
34550.056 1.4763538224099273e-06
34600.056 1.7317744917200381e-06
34650.056 1.7149075409600273e-06
34700.056 1.6311339530896544e-06
34750.056 1.8413909648502664e-06
34800.056 1.8093015003995314e-06
34850.056 1.6165607468601016e-06
34900.056 1.7357739041203475e-06
34950.056 1.6409483651295425e-06
35000.056 1.771897272209804e-06
35050.056 1.937824138640392e-06
35100.056 1.7248569630894971e-06
35150.056 1.8366226558199815e-06
35200.056 1.8713537749199638e-06
35250.056 1.7576200067799505e-06
35300.056 1.8249553957300367e-06
35350.056 1.9046416344398098e-06
35400.056 1.7980829893100746e-06
35450.056 1.633976142740549e-06
35500.056 2.0183271914398205e-06
35550.056 1.8654489278799638e-06
35600.056 1.7154046404399574e-06
35650.056 2.1303559459202443e-06
35700.056 1.7477993497903161e-06
35750.056 1.9655975493396845e-06
35800.056 2.1268990055797966e-06
35850.056 1.9617938487399232e-06
35900.056 2.2863912745996482e-06
35950.056 2.0745442527101277e-06
36000.056 1.9064383910398733e-06
36050.056 2.2796976110702917e-06
36100.056 2.296676936799289e-06
36150.056 2.0714351143403174e-06
36200.056 2.341609556759675e-06
36250.056 2.0722322877095893e-06
36300.056 2.5191355116505335e-06
36350.056 2.3185234616598435e-06
36400.056 2.2320595132600325e-06
36450.056 2.5374668980997032e-06
36500.056 2.337357471060149e-06
36550.056 2.2860659725605383e-06
36600.056 2.3733244798601634e-06
36650.056 2.4580330694001176e-06
36700.056 2.6131930000000693e-06
36750.056 2.423763296000209e-06
36800.056 2.495865065499805e-06
36850.056 2.5140726646003305e-06
36900.056 2.571542874600441e-06
36950.056 2.581296553419879e-06
37000.056 2.6825202880999677e-06
37050.056 2.6794557982998695e-06
37100.056 2.654776912200361e-06
37150.056 2.652328187199485e-06
37200.056 2.759240099600071e-06
37250.056 2.8014224568201482e-06
37300.056 2.8030094870004145e-06
37350.056 2.598765031800416e-06
37400.056 2.7627743690997133e-06
37450.056 2.7339672540602427e-06
37500.056 2.7956948814997365e-06
37550.056 2.764593041799515e-06
37600.056 2.930132911999638e-06
37650.056 2.739267473899772e-06
37700.056 2.8282681403000256e-06
37750.056 2.9504224917997436e-06
37800.056 3.022434815999934e-06
37850.056 2.8330391006998777e-06
37900.056 2.928984141400241e-06
37950.056 2.969745329900044e-06
38000.056 2.9208913398003664e-06
38050.056 2.963811318000172e-06
38100.056 2.8194452871002613e-06
38150.056 3.1229955687996525e-06
38200.056 3.1827031569996264e-06
38250.056 2.8548511858004595e-06
38300.056 2.838592630599943e-06
38350.056 2.9765192758998284e-06
38400.056 3.0358657325597535e-06
38450.056 3.1584383044002253e-06
38500.056 3.010760030099873e-06
38550.056 3.029804412900113e-06
38600.056 3.3467066023998136e-06
38650.056 2.9255117741001014e-06
38700.056 2.9962933973005744e-06
38750.056 3.111485231099982e-06
38800.056 3.0917901080002934e-06
38850.056 3.014514624200262e-06
38900.056 2.9469819807998343e-06
38950.056 3.177684613999756e-06
39000.056 3.0321839778000973e-06
39050.056 3.1327828706998845e-06
39100.056 2.9218809650200766e-06
39150.056 3.052617438400094e-06
39200.056 3.1798757121001407e-06
39250.056 3.1454520305994046e-06
39300.056 3.1141110585993546e-06
39350.056 3.125593888110325e-06
39400.056 3.0672428633000786e-06
39450.056 3.078678993199816e-06
39500.056 3.012796639699722e-06
39550.056 2.9676197902795715e-06
39600.056 3.276927337800023e-06
39650.056 2.8876726207000055e-06
39700.056 3.023593466699824e-06
39750.056 2.9963093967396336e-06
39800.056 2.829579367500136e-06
39850.056 2.9419700361997567e-06
39900.056 2.9112292547000437e-06
39950.056 3.06675547549985e-06
40000.056 2.7427357353998683e-06
40050.056 2.6444514378999714e-06
40100.056 2.8529943106998452e-06
40150.056 2.6579942260994745e-06
40200.056 2.7528755105997157e-06
40250.056 2.7041358812392484e-06
40300.056 2.521204195150235e-06
40350.056 2.7565688831003292e-06
40400.056 2.7360017464199457e-06
40450.056 2.569404121800399e-06
40500.056 2.363436829300236e-06
40550.056 2.7843847382997856e-06
40600.056 2.404808225810314e-06
40650.056 2.5180906179202825e-06
40700.056 2.678324653800174e-06
40750.056 2.350016943999129e-06
40800.056 2.3157183520003187e-06
40850.056 2.216555830140521e-06
40900.056 2.223838636500344e-06
40950.056 2.371275914719958e-06
41000.056 2.407059638900077e-06
41050.056 2.3569929429495723e-06
41100.056 2.231978041200134e-06
41150.056 2.37603512770008e-06
41200.056 2.237701540500032e-06
41250.056 2.2821487323202105e-06
41300.056 1.9688492002396467e-06
41350.056 2.3546915189000945e-06
41400.056 2.1814158492001905e-06
41450.056 2.153415100420187e-06
41500.056 2.3037868218601287e-06
41550.056 2.2035434140400163e-06
41600.056 2.293972186300042e-06
41650.056 2.0559647345804146e-06
41700.056 1.957474372179718e-06
41750.056 2.048600884659877e-06
41800.056 2.049310156529626e-06
41850.056 1.8114780700603678e-06
41900.056 2.118662481729871e-06
41950.056 1.817922745190507e-06
42000.056 1.9356596525801546e-06
42050.056 1.7189779972994125e-06
42100.056 2.0081570312602883e-06
42150.056 1.487260771599443e-06
42200.056 1.641658481740046e-06
42250.056 1.7657203757499894e-06
42300.056 1.4624323522600366e-06
42350.056 1.7801519873605014e-06
42400.056 1.5028838433303937e-06
42450.056 1.285525014540175e-06
42500.056 1.3879595885102798e-06
42550.056 1.4300939685000328e-06
42600.056 1.41956122941037e-06
42650.056 1.23312035470919e-06
42700.056 1.448829309730558e-06
42750.056 1.3173276768699866e-06
42800.056 1.2898608048904602e-06
42850.056 1.3801090277096492e-06
42900.056 1.3377323491000715e-06
42950.056 1.2252329959993581e-06
43000.056 1.2712254651700215e-06
43050.056 1.176178907040644e-06
43100.056 1.3084108717001722e-06
43150.056 1.3067840194502606e-06
43200.056 1.3062436426801787e-06
43250.056 1.266643435239897e-06
43300.056 1.3252588533601292e-06
43350.056 1.1772108058999232e-06
43400.056 1.230208279169908e-06
43450.056 1.2336267920604431e-06
43500.056 1.2042397693698345e-06
43550.056 1.2662594552600548e-06
43600.056 1.2904979773101167e-06
43650.056 1.1230776687801345e-06
43700.056 1.0872917807097272e-06
43750.056 1.1568995602702179e-06
43800.056 1.0551887146201793e-06
43850.056 1.0983983686303053e-06
43900.056 1.1483225156999132e-06
43950.056 1.059325548320237e-06
44000.056 1.0094368846401583e-06
44050.056 1.007742089470112e-06
44100.056 1.0542764364601768e-06
44150.056 1.096258765559758e-06
44200.056 1.0245006466899768e-06
44250.056 1.008437466770046e-06
44300.056 9.865695906401257e-07
44350.056 9.584289148100408e-07
44400.056 1.018778134379949e-06
44450.056 1.0373050186400179e-06
44500.056 1.0505297036201135e-06
44550.056 9.426486493397884e-07
44600.056 9.728435818701051e-07
44650.056 1.0267693286800893e-06
44700.056 9.497414225100867e-07
44750.056 9.960629263098924e-07
44800.056 1.0146144696899544e-06
44850.056 9.961667290800825e-07
44900.056 9.363451365901238e-07
44950.056 8.880856051300026e-07
45000.056 9.747282592899227e-07
45050.056 9.754961954999069e-07
45100.056 1.0048920724999599e-06
45150.056 9.336336700599747e-07
45200.056 8.626719054200025e-07
45250.056 8.932043690599107e-07
45300.056 9.631700326600556e-07
45350.056 9.995952237099359e-07
45400.056 9.442258931001215e-07
45450.056 8.629643511998677e-07
45500.056 8.963930811099711e-07
45550.056 9.887176081399373e-07
45600.056 9.071092362199758e-07
45650.056 8.276203525398415e-07
45700.056 9.804524510200683e-07
45750.056 8.852815214800006e-07
45800.056 8.728485015299708e-07
45850.056 1.0362774397799665e-06
45900.056 1.0432259848000542e-06
45950.056 8.920659257099925e-07
46000.056 1.0676668371600126e-06
46050.056 1.0506156789301932e-06
46100.056 8.667221868700907e-07
46150.056 9.517604912599612e-07
46200.056 1.0265623789702152e-06
46250.056 8.400308567099863e-07
46300.056 1.1021356267699583e-06
46350.056 9.175343117699086e-07
46400.056 9.459705570098934e-07
46450.056 9.847733715201635e-07
46500.056 8.901534812699241e-07
46550.056 1.1107326085299848e-06
46600.056 1.0156119686400351e-06
46650.056 1.3194292938898637e-06
46700.056 1.2150650507603521e-06
46750.056 9.48806839499906e-07
46800.056 1.052446916040166e-06
46850.056 1.1397681301001228e-06
46900.056 1.0607004746698037e-06
46950.056 1.2008202018900556e-06
47000.056 9.997594243399869e-07
47050.056 1.1989964985197973e-06
47100.056 9.261822197100933e-07
47150.056 1.0378501506601528e-06
47200.056 1.1117471149602746e-06
47250.056 9.76528404709857e-07
47300.056 1.029656433539756e-06
47350.056 8.727543145498267e-07
47400.056 1.1036019631297753e-06
47450.056 9.640119608599315e-07
47500.056 1.0810419359698183e-06
47550.056 9.625338075399e-07
47600.056 1.1106443458299265e-06
47650.056 7.971182270097926e-07
47700.056 1.134785125730053e-06
47750.056 7.667840325001816e-07
47800.056 1.1049326074798844e-06
47850.056 8.396394103498566e-07
47900.056 1.1084683308700565e-06
47950.056 8.124036777001582e-07
48000.056 1.2523524889799948e-06
48050.056 9.183395767101549e-07
48100.056 1.0228685295699736e-06
48150.056 9.277565003301338e-07
48200.056 1.1181791270101556e-06
48250.056 9.16308564899963e-07
48300.056 1.2288242049197932e-06
48350.056 8.195650247199251e-07
48400.056 1.1001061506999877e-06
48450.056 8.869318704100415e-07
48500.056 1.2444032659400316e-06
48550.056 8.409463010200304e-07
48600.056 1.1392495404998991e-06
48650.056 8.718398937999714e-07
48700.056 1.1080997993600824e-06
48750.056 7.814513499600825e-07
48800.056 1.2632039403600768e-06
48850.056 8.594804636798305e-07
48900.056 1.1380969182101016e-06
48950.056 1.018885948440023e-06
49000.056 1.0087281355198767e-06
49050.056 1.0776603277299495e-06
49100.056 9.819461424701204e-07
49150.056 1.0510673517300183e-06
49200.056 9.844844107099606e-07
49250.056 1.0425858887900135e-06
49300.056 8.96410347289911e-07
49350.056 9.677597003199872e-07
49400.056 1.1517385811500873e-06
49450.056 9.67264788690226e-07
49500.056 1.0303536824900668e-06
49550.056 8.849244526499945e-07
49600.056 9.844165795502385e-07
49650.056 1.0317807169200454e-06
49700.056 8.778079902999255e-07
49750.056 1.343408764349802e-06
49800.056 9.826630020700591e-07
49850.056 1.2833891473400536e-06
49900.056 9.927181989500842e-07
49950.056 1.073685624649721e-06
50000.056 1.0483195745397684e-06
50050.056 1.0525395791600907e-06
50100.056 1.1425794842099305e-06
50150.056 9.485043032800367e-07
50200.056 8.881013133301108e-07
50250.056 1.0508055653300592e-06
50300.056 9.68929986029934e-07
50350.056 1.1598054453300028e-06
50400.056 1.002793806399979e-06
50450.056 1.0000711668301624e-06
50500.056 1.2973854877802127e-06
50550.056 1.0426926973799503e-06
50600.056 1.1395392466100273e-06
50650.056 1.0636567113802541e-06
50700.056 1.180355568149655e-06
50750.056 1.2165183822401748e-06
50800.056 8.873193676299022e-07
50850.056 1.0652681439202e-06
50900.056 1.1495943469399586e-06
50950.056 1.1635881001801931e-06
51000.056 1.3526624722701195e-06
51050.056 9.987086788201392e-07
51100.056 9.79066470199917e-07
51150.056 1.1443488654399132e-06
51200.056 1.0914516322499437e-06
51250.056 1.21054213993994e-06
51300.056 9.839393774603377e-07
51350.056 1.1282959550497849e-06
51400.056 1.0448549326297331e-06
51450.056 7.777412778398663e-07
51500.056 1.0635861193999973e-06
51550.056 1.378914668440129e-06
51600.056 9.041266262700538e-07
51650.056 1.0892253423198228e-06
51700.056 1.0185272759596845e-06
51750.056 9.671184835000828e-07
51800.056 1.1854875943297914e-06
51850.056 1.1674329364198574e-06
51900.056 1.236762550730237e-06
51950.056 1.1308494742098926e-06
52000.056 9.461419530599445e-07
52050.056 1.1165165949899357e-06
52100.056 1.0352199409497884e-06
52150.056 1.0511978419800752e-06
52200.056 1.0147738278200533e-06
52250.056 1.0644803948200018e-06
52300.056 1.1694510158799875e-06
52350.056 1.2673634546501689e-06
52400.056 9.051756305901386e-07
52450.056 1.0779696504699802e-06
52500.056 1.2122666899597684e-06
52550.056 1.1108198957896419e-06
52600.056 1.1398202918301663e-06
52650.056 1.295827311370194e-06
52700.056 1.082739482060021e-06
52750.056 8.856762478898915e-07
52800.056 1.0051294126701071e-06
52850.056 9.528178054498777e-07
52900.056 1.0738575780300683e-06
52950.056 1.0572303317098388e-06
53000.056 1.213011303759896e-06
53050.056 1.0421014328897838e-06
53100.056 9.932850096597491e-07
53150.056 1.2670370129502337e-06
53200.056 8.610765638801354e-07
53250.056 1.2554888749999562e-06
53300.056 1.2280000677205337e-06
53350.056 1.2027108230498554e-06
53400.056 1.1133788587900987e-06
