galfind/configs/Brown_Dwarf_templates/sonora_bobcat/m0.0/56g/sp_t800g56nc_m0.0_resample.dat
# %ECSV 1.0
# ---
# datatype:
# - {name: wav, unit: Angstrom, datatype: float64}
# - {name: flux_nu, unit: erg / (cm2 Hz s), datatype: float64}
# meta: {C/O: '1.00', Kzz: '1.0000E+05', Teff: '800.', Y: '0.28', '[Fe/H]': '0.00', f_hole: '1.00', f_rain: '0.00', grav: '56.'}
# schema: astropy-2.0
wav flux_nu
[from data line 497]
28850.056 3.2121773405660316e-08
28900.056 1.6480098462530875e-08
28950.056 3.60681869364129e-08
29000.056 2.8763454974895148e-08
29050.056 3.254488928726429e-08
29100.056 2.3183794735945355e-08
29150.056 3.9994713228419044e-08
29200.056 2.9239367011584998e-08
29250.056 4.338701835321711e-08
29300.056 2.2823752524679885e-08
29350.056 6.324151697493946e-08
29400.056 3.3029027182688664e-08
29450.056 3.623425245421967e-08
29500.056 4.237855737742745e-08
29550.056 3.501099249353899e-08
29600.056 4.302234886212204e-08
29650.056 4.7098075141455697e-08
29700.056 3.139119914413843e-08
29750.056 4.689854443234077e-08
29800.056 4.769178125468358e-08
29850.056 5.2516041883273234e-08
29900.056 4.7623085915079286e-08
29950.056 4.582394352344114e-08
30000.056 1.5444610836546274e-08
30050.056 2.1486072999662922e-08
30100.056 2.1809937355088078e-08
30150.056 4.257360494497356e-08
30200.056 3.3618060003598464e-08
30250.056 5.817446678274877e-08
30300.056 5.287903326460948e-08
30350.056 4.224600554175117e-08
30400.056 5.579342887888702e-08
30450.056 3.769586686376628e-08
30500.056 3.371292694817916e-08
30550.056 3.501127945638896e-08
30600.056 4.40354741098003e-08
30650.056 3.21058801486745e-08
30700.056 2.9760654093030082e-08
30750.056 3.5292302257613755e-08
30800.056 2.7853722768325756e-08
30850.056 2.692756889756544e-08
30900.056 2.1012896637485983e-08
30950.056 2.2331634915965375e-08
31000.056 1.8846127719732845e-08
31050.056 1.8598852572219502e-08
31100.056 1.4939373497404e-08
31150.056 1.990011955550894e-08
31200.056 2.0817387817705075e-08
31250.056 1.513169362532748e-08
31300.056 1.344630835511572e-08
31350.056 1.490713771744074e-08
31400.056 1.1494615449768175e-08
31450.056 1.2327992017376886e-08
31500.056 9.216751803379858e-09
31550.056 1.0814536915732974e-08
31600.056 7.77235388016566e-09
31650.056 7.384413058727125e-09
31700.056 7.635355201909359e-09
31750.056 5.939105962879964e-09
31800.056 8.14009572268017e-09
31850.056 5.440563010379597e-09
31900.056 6.8411454034495895e-09
31950.056 4.386140528061853e-09
32000.056 5.7056542866548335e-09
32050.056 6.425628473020241e-09
32100.056 6.167055731966088e-09
32150.056 6.699830290209393e-09
32200.056 5.331205496607769e-09
32250.056 7.798188613661336e-09
32300.056 5.198355936200462e-09
32350.056 7.980488335818665e-09
32400.056 5.046605807618129e-09
32450.056 7.309045507717731e-09
32500.056 6.147929075852305e-09
32550.056 6.242846958689621e-09
32600.056 7.600199829004886e-09
32650.056 1.1726990874867485e-08
32700.056 9.236200158142453e-09
32750.056 1.2395963286142467e-08
32800.056 1.1231612926566467e-08
32850.056 1.3445048798478591e-08
32900.056 1.4693392773150706e-08
32950.056 1.5743446609699646e-08
33000.056 1.2539340483514294e-08
33050.056 1.2382529377187548e-08
33100.056 5.446927171857863e-09
33150.056 1.024625148779003e-09
33200.056 1.1589939549575115e-09
33250.056 6.622901670198978e-10
33300.056 9.07354759120191e-10
33350.056 1.8660177866599845e-09
33400.056 3.0578148991484905e-09
33450.056 4.520624251901337e-09
33500.056 7.848853121265638e-09
33550.056 6.158802323323382e-09
33600.056 1.0616404365238637e-08
33650.056 1.039134700551826e-08
33700.056 8.661362861222337e-09
33750.056 1.3153120821154827e-08
33800.056 9.416413968200902e-09
33850.056 1.1731665906498625e-08
33900.056 9.49341900346021e-09
33950.056 9.625081061047136e-09
34000.056 1.316125108178607e-08
34050.056 6.1974246086253825e-09
34100.056 1.2787665197821462e-08
34150.056 9.551696893069435e-09
34200.056 1.0672409660174557e-08
34250.056 1.0375822369223357e-08
34300.056 9.298434751664683e-09
34350.056 8.61608120179961e-09
34400.056 7.082600739434199e-09
34450.056 1.0567032590954868e-08
34500.056 9.565369545072238e-09
34550.056 7.100496985320836e-09
34600.056 1.314643026159966e-08
34650.056 8.264734477440802e-09
34700.056 1.1305240875898834e-08
34750.056 1.069540791993576e-08
34800.056 9.443551103986019e-09
34850.056 1.1571480293804114e-08
34900.056 1.1705899164853538e-08
34950.056 1.3183965644496434e-08
35000.056 2.0183099344555362e-08
35050.056 1.162807842799971e-08
35100.056 1.6241040436412963e-08
35150.056 1.4767771116844878e-08
35200.056 1.6141223120927645e-08
35250.056 2.1720591300571635e-08
35300.056 1.6233430059503163e-08
35350.056 1.659456200614321e-08
35400.056 1.892845473019732e-08
35450.056 1.280918734811779e-08
35500.056 2.668481852741777e-08
35550.056 2.4081290490774237e-08
35600.056 2.0168854337612705e-08
35650.056 2.3040367291897325e-08
35700.056 2.1175735950512658e-08
35750.056 2.799984283809607e-08
35800.056 3.595838166082087e-08
35850.056 2.0668799354936875e-08
35900.056 2.7788417948053194e-08
35950.056 2.680931534352994e-08
36000.056 2.6941423680504826e-08
36050.056 2.4117483967290247e-08
36100.056 2.5675831400583368e-08
36150.056 2.8612810975901614e-08
36200.056 3.088779637198947e-08
36250.056 2.852616588689948e-08
36300.056 3.623515437421882e-08
36350.056 3.295479679708696e-08
36400.056 3.3241724016511966e-08
36450.056 4.082107942372531e-08
36500.056 4.380785595844175e-08
36550.056 4.36109516124629e-08
36600.056 5.251902806199446e-08
36650.056 5.00526930387763e-08
36700.056 5.347777901174474e-08
36750.056 5.8332719184737916e-08
36800.056 5.796653819550023e-08
36850.056 5.232763770229067e-08
36900.056 6.053879458179082e-08
36950.056 6.597271763978725e-08
37000.056 6.02366834769901e-08
37050.056 6.215555594029281e-08
37100.056 6.846155873950217e-08
37150.056 5.7543313929373654e-08
37200.056 7.036223186528617e-08
37250.056 6.96911109455874e-08
37300.056 6.104953767253946e-08
37350.056 6.60204005376157e-08
37400.056 9.640996144059752e-08
37450.056 7.077478208281322e-08
37500.056 7.144629962603381e-08
37550.056 8.715429048426453e-08
37600.056 9.854601918161124e-08
37650.056 6.807638638970005e-08
37700.056 1.0410055699801029e-07
37750.056 7.688194807649927e-08
37800.056 8.193370448234814e-08
37850.056 5.878398830590644e-08
37900.056 6.923227335542128e-08
37950.056 8.671209149147838e-08
38000.056 1.0231229987139988e-07
38050.056 1.0095594026612771e-07
38100.056 1.008235527460231e-07
38150.056 1.164558666459972e-07
38200.056 1.2229435828803252e-07
38250.056 1.139787224076121e-07
38300.056 1.4840400927897503e-07
38350.056 1.512210420400244e-07
38400.056 9.709918092965727e-08
38450.056 9.988491821706462e-08
38500.056 7.107212809640287e-08
38550.056 1.0992400942703622e-07
38600.056 1.135195360165046e-07
38650.056 1.09450959884678e-07
38700.056 1.1622071114499846e-07
38750.056 1.2702537128801122e-07
38800.056 1.11212035347116e-07
38850.056 1.1511255125561666e-07
38900.056 1.5258752168900812e-07
38950.056 1.2223784640728185e-07
39000.056 1.3853161828149332e-07
39050.056 1.2367593468700346e-07
39100.056 1.3770964841400493e-07
39150.056 1.4007638891560434e-07
39200.056 1.4271878200948597e-07
39250.056 1.634337943711713e-07
39300.056 1.340292220529395e-07
39350.056 1.814548821980096e-07
39400.056 1.504832151532655e-07
39450.056 1.6298810269188817e-07
39500.056 1.6113690149363982e-07
39550.056 1.6068218825845345e-07
39600.056 1.7505778585395143e-07
39650.056 1.8832748834298245e-07
39700.056 1.817651498080243e-07
39750.056 1.508719233293566e-07
39800.056 1.7433867562196155e-07
39850.056 2.1363692263500411e-07
39900.056 2.1124078790701437e-07
39950.056 1.8329287395394914e-07
40000.056 2.4335610212405425e-07
40050.056 2.1171860131599888e-07
40100.056 1.743913713424819e-07
40150.056 2.2097420717917467e-07
40200.056 2.252069753159108e-07
40250.056 2.246855937629162e-07
40300.056 2.2344084986504069e-07
40350.056 2.2846093948397736e-07
40400.056 2.629855521702131e-07
40450.056 2.2576871186962898e-07
40500.056 2.62434954792981e-07
40550.056 2.644346230071338e-07
40600.056 2.5419817890003587e-07
40650.056 2.269129080662264e-07
40700.056 3.0918124981599316e-07
40750.056 2.549739207599598e-07
40800.056 2.089345891428917e-07
40850.056 3.2212846526008573e-07
40900.056 2.9658484010482637e-07
40950.056 2.743491163650171e-07
41000.056 2.762993370519946e-07
41050.056 3.40217693889952e-07
41100.056 2.8873150103801067e-07
41150.056 2.2149051722076943e-07
41200.056 3.317671084669733e-07
41250.056 2.818704138219694e-07
41300.056 2.594576936439373e-07
41350.056 3.553090591900415e-07
41400.056 3.1981723008005486e-07
41450.056 3.4249336206603354e-07
41500.056 2.8033549625171395e-07
41550.056 2.8086925534546434e-07
41600.056 3.3692291879975763e-07
41650.056 3.3998543780101426e-07
41700.056 3.119763515238823e-07
41750.056 3.219939059619787e-07
41800.056 3.6519994789399847e-07
41850.056 2.7184528828300286e-07
41900.056 3.1045219464633897e-07
41950.056 2.9871587398906293e-07
42000.056 2.88330071959909e-07
42050.056 2.656928190506276e-07
42100.056 3.612800164699954e-07
42150.056 2.7838372797999716e-07
42200.056 2.654101014640094e-07
42250.056 2.7554739814894464e-07
42300.056 2.7084753842620256e-07
42350.056 3.308537072110548e-07
42400.056 3.1148176495008496e-07
42450.056 2.809909167910472e-07
42500.056 2.7529851568298717e-07
42550.056 2.6727373635795457e-07
42600.056 2.8327145534106587e-07
42650.056 3.3975252151886903e-07
42700.056 2.936192850151779e-07
42750.056 2.751377480189973e-07
42800.056 3.0320921732805156e-07
42850.056 3.4021035199988275e-07
42900.056 3.5662935522609737e-07
42950.056 2.9377823141390584e-07
43000.056 3.2895656826403096e-07
43050.056 2.332862307610979e-07
43100.056 2.9590527933093687e-07
43150.056 2.7980181468103976e-07
43200.056 3.3360213932600726e-07
43250.056 3.8790622915002035e-07
43300.056 3.8542163623001076e-07
43350.056 2.686229911249353e-07
43400.056 3.171662048059693e-07
43450.056 2.8098424233805297e-07
43500.056 2.678007936500008e-07
43550.056 2.8282380586526965e-07
43600.056 3.739094661340391e-07
43650.056 2.881701403900049e-07
43700.056 3.592751660600499e-07
43750.056 3.4078241825906084e-07
43800.056 3.1995781998095705e-07
43850.056 2.8681702020404384e-07
43900.056 3.0955220869896617e-07
43950.056 2.298673027049916e-07
44000.056 2.219381537924956e-07
44050.056 3.43615183753017e-07
44100.056 4.0283596341002514e-07
44150.056 3.760219096279474e-07
44200.056 3.432715543799944e-07
44250.056 2.7000891717901174e-07
44300.056 2.412672792650474e-07
44350.056 2.649525339346736e-07
44400.056 2.679538899249953e-07
44450.056 3.186975168099569e-07
44500.056 3.2622982488608755e-07
44550.056 3.815520261899461e-07
44600.056 3.201247832466386e-07
44650.056 3.418010619990697e-07
44700.056 2.5603958166600546e-07
44750.056 3.296535795100369e-07
44800.056 2.92207439873027e-07
44850.056 3.344658605570567e-07
44900.056 2.849344283110262e-07
44950.056 3.1456966446201427e-07
45000.056 3.32064117319978e-07
45050.056 3.259324726779933e-07
45100.056 3.205266756979959e-07
45150.056 3.223819937387581e-07
45200.056 2.7126278021402525e-07
45250.056 2.959100408099059e-07
45300.056 2.6614384595104854e-07
45350.056 2.735463181059957e-07
45400.056 3.744583912560329e-07
45450.056 3.309412087199818e-07
45500.056 3.4100033268000666e-07
45550.056 3.7893659440589936e-07
45600.056 3.7202305813004136e-07
45650.056 3.012169614459634e-07
45700.056 2.8177352853602416e-07
45750.056 2.687887801899967e-07
45800.056 3.7259038770899877e-07
45850.056 3.831310898459965e-07
45900.056 4.013301066400018e-07
45950.056 3.3299490434498844e-07
46000.056 3.8119209617751563e-07
46050.056 3.345865143350276e-07
46100.056 3.818663523499736e-07
46150.056 3.1488602013898884e-07
46200.056 3.0505186112001856e-07
46250.056 2.181647739747598e-07
46300.056 3.423510917800013e-07
46350.056 3.2361944863802835e-07
46400.056 3.1152167013000886e-07
46450.056 2.9763454003004934e-07
46500.056 3.1339343628306597e-07
46550.056 2.633942462929911e-07
46600.056 3.1219403776998924e-07
46650.056 4.204855042429774e-07
46700.056 3.242825406609939e-07
46750.056 2.4127369253599916e-07
46800.056 1.9980293568802174e-07
46850.056 4.150285726470818e-07
46900.056 3.685546864599616e-07
46950.056 3.720707971179941e-07
47000.056 3.3892235171603753e-07
47050.056 3.3023540608707947e-07
47100.056 2.388211694551403e-07
47150.056 2.912602239570381e-07
47200.056 3.4703079641801884e-07
47250.056 2.6971261153498055e-07
47300.056 2.1228748482140513e-07
47350.056 3.660067840399653e-07
47400.056 3.4877926879996134e-07
47450.056 3.3900468589743e-07
47500.056 3.7992124390294394e-07
47550.056 3.390277274400026e-07
47600.056 3.3694064167498197e-07
47650.056 2.9793314899254824e-07
47700.056 3.1865915134978317e-07
47750.056 2.3211240790001062e-07
47800.056 2.5840008882400994e-07
47850.056 1.9314877389700834e-07
47900.056 2.461730293219611e-07
47950.056 2.8948640218603406e-07
48000.056 4.001203858800631e-07
48050.056 3.5836866116800725e-07
48100.056 2.3429849203501815e-07
48150.056 3.029124696600232e-07
48200.056 2.770406193650051e-07
48250.056 2.772818499980133e-07
48300.056 3.6439105896989155e-07
48350.056 2.430450291920214e-07
48400.056 1.6734198860276985e-07
48450.056 2.6370378562907695e-07
48500.056 3.369872946799507e-07
48550.056 2.7662195278400256e-07
48600.056 3.084385750740046e-07
48650.056 3.1810715732997523e-07
48700.056 2.8783143148999126e-07
48750.056 1.99887265256104e-07
48800.056 3.7645895135899223e-07
48850.056 2.3766558739495377e-07
48900.056 3.471952595959973e-07
48950.056 2.5545239878003263e-07
49000.056 1.578036443603676e-07
49050.056 2.954849098999759e-07
49100.056 3.196771545810624e-07
49150.056 2.751851174025322e-07
49200.056 3.470795934900458e-07
49250.056 3.338476263740486e-07
49300.056 2.9267198601199763e-07
49350.056 1.887341037590329e-07
49400.056 2.500496948479698e-07
49450.056 2.59999651125085e-07
49500.056 2.1545911167297731e-07
49550.056 1.2242938957701555e-07
49600.056 2.0175456320304944e-07
49650.056 2.4853703566298944e-07
49700.056 2.3485540631292935e-07
49750.056 2.843003173039395e-07
49800.056 2.3317406386721786e-07
49850.056 3.378181573240844e-07
49900.056 2.706113365409755e-07
49950.056 2.660250150289957e-07
50000.056 2.447080655459726e-07
50050.056 2.9171807343999975e-07
50100.056 2.4157637059101505e-07
50150.056 1.6675441169397771e-07
50200.056 8.358473617001443e-08
50250.056 2.2570874859197003e-07
50300.056 1.791874748600194e-07
50350.056 2.9412107992903e-07
50400.056 2.570452294959814e-07
50450.056 2.079931630860249e-07
50500.056 2.6661940747703774e-07
50550.056 2.438880651970171e-07
50600.056 2.1223781663694696e-07
50650.056 2.7960781501006187e-07
50700.056 2.972992544088897e-07
50750.056 2.3794275571003782e-07
50800.056 1.4384125598058786e-07
50850.056 1.3323040531104688e-07
50900.056 2.871539131639991e-07
50950.056 2.2198627340103238e-07
51000.056 2.4006743323701735e-07
51050.056 2.3294284155899654e-07
51100.056 1.334693809264845e-07
51150.056 1.857207450647818e-07
51200.056 3.1467581574997946e-07
51250.056 2.115916802209507e-07
51300.056 1.7557871340608658e-07
51350.056 1.86881856065988e-07
51400.056 1.1146656385999837e-07
51450.056 9.511997813717318e-08
51500.056 1.0501517229593875e-07
51550.056 2.333057061566161e-07
51600.056 1.668196445640335e-07
51650.056 1.7314014624796178e-07
51700.056 1.9169144134007635e-07
51750.056 1.396115160205197e-07
51800.056 2.0692934787995445e-07
51850.056 1.9075989787299146e-07
51900.056 2.687641016200374e-07
51950.056 2.0295334553198332e-07
52000.056 7.570931857898492e-08
52050.056 1.5113800412502275e-07
52100.056 1.1369875115798822e-07
52150.056 9.938507776440864e-08
52200.056 1.1519653495180057e-07
52250.056 1.505040001660286e-07
52300.056 2.1825478570598524e-07
52350.056 1.5015831325780674e-07
52400.056 1.097116503605096e-07
52450.056 2.0334139377601206e-07
52500.056 1.9261432959394563e-07
52550.056 1.9517457202195455e-07
52600.056 1.6291372524202268e-07
52650.056 1.7259048615102796e-07
52700.056 1.515268494749968e-07
52750.056 1.0039103977919721e-07
52800.056 1.2959104328102074e-07
52850.056 1.3922378479095483e-07
52900.056 1.2019907277038899e-07
52950.056 1.3321276704160262e-07
53000.056 1.8288453957201316e-07
53050.056 9.761397828647041e-08
53100.056 1.4445088687495717e-07
53150.056 2.0462771045002557e-07
53200.056 9.95486549046976e-08
53250.056 1.8514827992101142e-07
53300.056 1.9974615959180844e-07
53350.056 1.8465534285499358e-07
53400.056 1.6496083029300363e-07
