galfind/configs/Brown_Dwarf_templates/sonora_bobcat/m0.0/56g/sp_t375g56nc_m0.0_resample.dat
# %ECSV 1.0
# ---
# datatype:
# - {name: wav, unit: Angstrom, datatype: float64}
# - {name: flux_nu, unit: erg / (cm2 Hz s), datatype: float64}
# meta: {C/O: '1.00', Kzz: '1.0000E+05', Teff: '375.', Y: '0.28', '[Fe/H]': '0.00', f_hole: '1.00', f_rain: '0.00', grav: '56.'}
# schema: astropy-2.0
wav flux_nu
[from data line 498]
28900.056 3.7984385772361536e-11
28950.056 5.468175792167798e-11
29000.056 3.282005352801925e-11
29050.056 5.452099651509708e-11
29100.056 2.6223481824559388e-11
29150.056 3.205051716003577e-11
29200.056 8.778395057137096e-11
29250.056 8.897610523994048e-11
29300.056 4.5169583275649095e-11
29350.056 1.23689710717983e-10
29400.056 5.993933998808689e-11
29450.056 3.1144213948309113e-11
29500.056 1.2831357331565035e-10
29550.056 4.196609815045101e-11
29600.056 5.3978476542456997e-11
29650.056 1.8124454126932622e-10
29700.056 3.63733459379237e-11
29750.056 1.3089036428743216e-10
29800.056 8.722921059637728e-11
29850.056 1.4884186634325207e-10
29900.056 6.98459392501866e-11
29950.056 9.507095660478533e-11
30000.056 1.3832430509030191e-12
30050.056 9.783615482073648e-12
30100.056 4.440380483815329e-11
30150.056 1.5923235838834037e-10
30200.056 9.858865243886362e-11
30250.056 1.8507367011497304e-10
30300.056 2.783653974159008e-10
30350.056 6.02085773094385e-11
30400.056 2.499964278953534e-10
30450.056 1.8589479393723638e-10
30500.056 1.086669573014265e-10
30550.056 9.097636858259897e-11
30600.056 6.24906805407114e-10
30650.056 2.654116348282493e-10
30700.056 1.4135890657401771e-10
30750.056 3.200984267339846e-10
30800.056 2.5771871912532945e-10
30850.056 3.010829285527229e-10
30900.056 1.4062721491815227e-10
30950.056 1.3514117526199128e-10
31000.056 1.6870402364868488e-10
31050.056 9.885268014946543e-11
31100.056 6.746793324390384e-11
31150.056 1.280403263435434e-10
31200.056 3.845658394223324e-10
31250.056 2.1198628651580116e-10
31300.056 1.2128157487783388e-10
31350.056 3.034585385586994e-10
31400.056 2.0468064930730038e-10
31450.056 2.0314527962562026e-10
31500.056 7.249629516998533e-11
31550.056 1.2723130340906045e-10
31600.056 8.956401128736537e-11
31650.056 7.898453613315306e-11
31700.056 6.894457397324658e-11
31750.056 3.5850628570912884e-11
31800.056 6.841678267803948e-11
31850.056 1.1591375207021096e-11
31900.056 2.8005545438340228e-11
31950.056 1.8406450800997642e-11
32000.056 1.178326401551525e-11
32050.056 2.05630613944328e-11
32100.056 1.7953691440052898e-11
32150.056 1.7338418598127202e-11
32200.056 7.80109155393694e-12
32250.056 2.0910008176843896e-11
32300.056 5.661017008556345e-12
32350.056 1.9770364125976764e-11
32400.056 2.5373110856154253e-12
32450.056 1.3641669721327781e-11
32500.056 2.7826546988879295e-12
32550.056 1.0145312130411315e-11
32600.056 2.85692330188881e-12
32650.056 3.075266795180108e-11
32700.056 4.630202005594265e-12
32750.056 6.591498423633672e-11
32800.056 2.983639639386232e-11
32850.056 1.3337229368033734e-10
32900.056 1.0674254505932384e-10
32950.056 1.1513482575887104e-10
33000.056 3.212505892408691e-11
33050.056 4.183709917167519e-11
33100.056 7.631469878646293e-12
33150.056 1.515261725177698e-15
33200.056 2.0125417067480812e-13
33250.056 3.047576392746602e-13
33300.056 3.6069065707183953e-12
33350.056 1.0747925220096687e-11
33400.056 4.6081270778463016e-11
33450.056 2.2984740438256106e-11
33500.056 9.075823138896105e-11
33550.056 1.5424660097224572e-11
33600.056 4.741404855606491e-11
33650.056 4.2594579295735867e-11
33700.056 1.2584638653418885e-11
33750.056 6.461168998857816e-11
33800.056 4.7909527887206325e-12
33850.056 3.0515730020272024e-11
33900.056 3.4482460993526955e-11
33950.056 2.6809577024925547e-11
34000.056 6.717754388025904e-11
34050.056 9.423169767124221e-12
34100.056 6.458925160289714e-11
34150.056 2.5648052995516817e-11
34200.056 7.947254685504629e-11
34250.056 4.0539414977195834e-11
34300.056 4.644762030444339e-11
34350.056 1.1113638905304878e-10
34400.056 2.8127362289188223e-11
34450.056 1.004363784919945e-10
34500.056 4.504698077335587e-11
34550.056 3.6894295492720005e-11
34600.056 1.852315340317553e-10
34650.056 2.3549404718622053e-11
34700.056 1.2317196446064109e-10
34750.056 7.452701054290401e-11
34800.056 6.996632983848534e-11
34850.056 2.1992248951977068e-10
34900.056 4.21269223422663e-11
34950.056 1.9891154429822301e-10
35000.056 3.508315711920823e-10
35050.056 1.7857136804491552e-10
35100.056 3.9425342890802087e-10
35150.056 3.0612716180469264e-10
35200.056 2.611090213299707e-10
35250.056 4.851240392436615e-10
35300.056 1.902826670435914e-10
35350.056 2.2498411677383853e-10
35400.056 1.647286168280037e-10
35450.056 1.5811817791626323e-10
35500.056 5.797100763670972e-10
35550.056 3.127889704383499e-10
35600.056 4.029849653483742e-10
35650.056 4.826433402825292e-10
35700.056 5.230105604131548e-10
35750.056 6.40608399041947e-10
35800.056 5.27584213703414e-10
35850.056 1.9439930076283465e-10
35900.056 2.529072020783443e-10
35950.056 3.498324306702922e-10
36000.056 4.659433584057087e-10
36050.056 3.0337946758109766e-10
36100.056 2.8592534003626296e-10
36150.056 7.619632074613033e-10
36200.056 7.774182227124672e-10
36250.056 5.08687234877222e-10
36300.056 1.3085016769254375e-09
36350.056 6.659863592037386e-10
36400.056 1.1677772708716216e-09
36450.056 1.1400694945655969e-09
36500.056 1.2086958695420378e-09
36550.056 1.8517892489027044e-09
36600.056 1.849842965535057e-09
36650.056 1.2943951297409943e-09
36700.056 1.5286364221215632e-09
36750.056 1.923645275436676e-09
36800.056 2.303273348618978e-09
36850.056 1.0404813009688216e-09
36900.056 1.949713825033562e-09
36950.056 2.2909574003850415e-09
37000.056 1.4813471594513324e-09
37050.056 2.520987096990404e-09
37100.056 1.552201762745141e-09
37150.056 1.559878737678935e-09
37200.056 3.0295763312361964e-09
37250.056 1.8069333942330435e-09
37300.056 1.177679142088059e-09
37350.056 2.23270881174118e-09
37400.056 3.5124813450272365e-09
37450.056 1.302216070503399e-09
37500.056 2.043719051850826e-09
37550.056 3.7575729705588445e-09
37600.056 6.064835860501796e-09
37650.056 1.67118944342266e-09
37700.056 3.44804530678256e-09
37750.056 2.356812931491545e-09
37800.056 2.2268877648086357e-09
37850.056 1.0897278217945943e-09
37900.056 1.5020713918637938e-09
37950.056 3.2375678677240335e-09
38000.056 3.037543849581312e-09
38050.056 4.723148992998535e-09
38100.056 5.459968895139835e-09
38150.056 6.32857743406715e-09
38200.056 4.9824201246523805e-09
38250.056 5.870414023665545e-09
38300.056 8.847940613240593e-09
38350.056 7.970911577519859e-09
38400.056 2.924131826351742e-09
38450.056 1.2269185700019288e-09
38500.056 8.067364855338261e-10
38550.056 3.2804657300306852e-09
38600.056 3.4374156441062643e-09
38650.056 4.127972993749459e-09
38700.056 2.615728912301821e-09
38750.056 3.458841948337026e-09
38800.056 3.554215993021776e-09
38850.056 4.228568786676517e-09
38900.056 5.329301829754385e-09
38950.056 3.1161369506069142e-09
39000.056 5.9641781811187615e-09
39050.056 2.936314334689084e-09
39100.056 4.931447352513919e-09
39150.056 6.964440357453011e-09
39200.056 4.577158682497539e-09
39250.056 8.173447423656395e-09
39300.056 4.723949058777296e-09
39350.056 9.906413048249456e-09
39400.056 4.958035201373284e-09
39450.056 7.77325691919701e-09
39500.056 7.70569831396407e-09
39550.056 3.5445839336144274e-09
39600.056 7.738261884199171e-09
39650.056 9.1690696197882e-09
39700.056 9.174911560961675e-09
39750.056 4.4271443824158006e-09
39800.056 4.9615772136519246e-09
39850.056 1.113438047190214e-08
39900.056 1.3522482239430749e-08
39950.056 5.217684203823869e-09
40000.056 1.0057960853852913e-08
40050.056 1.1233839870009293e-08
40100.056 4.023543711461441e-09
40150.056 1.0356412161460442e-08
40200.056 1.102300603002624e-08
40250.056 1.2573608190198406e-08
40300.056 1.23550478078489e-08
40350.056 7.480183162077571e-09
40400.056 1.072141404941514e-08
40450.056 5.281801440353821e-09
40500.056 1.3830633012711212e-08
40550.056 1.5304910289414384e-08
40600.056 1.1104516915600477e-08
40650.056 8.48426059874801e-09
40700.056 1.7553263075257656e-08
40750.056 1.1325991506136212e-08
40800.056 7.005534317406783e-09
40850.056 2.1785413469606166e-08
40900.056 1.7522026022878318e-08
40950.056 1.557983310614648e-08
41000.056 1.152945291536386e-08
41050.056 2.284800608327262e-08
41100.056 1.8544658207700173e-08
41150.056 7.0533408169343656e-09
41200.056 2.328648442943343e-08
41250.056 1.672971055991634e-08
41300.056 1.76405767067641e-08
41350.056 2.4019080800897045e-08
41400.056 1.9819084869999475e-08
41450.056 2.8546962346492974e-08
41500.056 1.7660654593473466e-08
41550.056 1.5728773307478924e-08
41600.056 1.6612769012695535e-08
41650.056 2.3499764069682287e-08
41700.056 3.0511765471190734e-08
41750.056 2.304653504489539e-08
41800.056 2.3062307743305782e-08
41850.056 2.2970435347193418e-08
41900.056 1.949157651224112e-08
41950.056 1.8934690194900724e-08
42000.056 1.0078873623608517e-08
42050.056 1.3932658599184253e-08
42100.056 1.4833945161776128e-08
42150.056 1.7297526540709856e-08
42200.056 2.0649892602869964e-08
42250.056 1.6010687501788432e-08
42300.056 1.5189026674367133e-08
42350.056 2.5023602910601038e-08
42400.056 2.985963337280392e-08
42450.056 2.9004986024208284e-08
42500.056 2.8698817343295084e-08
42550.056 2.4245870814393346e-08
42600.056 2.540593614865212e-08
42650.056 3.9901943212485925e-08
42700.056 1.8483044042482575e-08
42750.056 2.9039578263804946e-08
42800.056 4.3273292571606626e-08
42850.056 4.304171727998761e-08
42900.056 4.4826051336408956e-08
42950.056 3.6082291443795946e-08
43000.056 4.114859331660654e-08
43050.056 2.085732083904219e-08
43100.056 3.295245284029624e-08
43150.056 2.6521645605203853e-08
43200.056 4.404414647100415e-08
43250.056 5.465836642800168e-08
43300.056 5.251238832259841e-08
43350.056 2.8912647173791115e-08
43400.056 4.2184494875202306e-08
43450.056 2.616070414640148e-08
43500.056 2.532523130460602e-08
43550.056 2.9155496412894774e-08
43600.056 4.929611878300691e-08
43650.056 3.105072104710039e-08
43700.056 5.6469712662015127e-08
43750.056 5.100579732399519e-08
43800.056 4.5692822562194614e-08
43850.056 4.007628844120269e-08
43900.056 3.1299855753485516e-08
43950.056 1.962711071809796e-08
44000.056 2.0935370712298246e-08
44050.056 5.4642211221e-08
44100.056 6.959773752199823e-08
44150.056 6.197677317039967e-08
44200.056 5.7118384321000743e-08
44250.056 2.9738149627497094e-08
44300.056 2.4343082570503806e-08
44350.056 2.6406983703822695e-08
44400.056 2.3828328233496985e-08
44450.056 4.5452764361701367e-08
44500.056 4.215825826940703e-08
44550.056 6.018997196799593e-08
44600.056 5.100972280960841e-08
44650.056 4.410147389590564e-08
44700.056 2.9545900750397966e-08
44750.056 5.0094184839910906e-08
44800.056 3.12132075201229e-08
44850.056 4.1942146451203214e-08
44900.056 3.9213867022302077e-08
44950.056 4.727213782610569e-08
45000.056 5.7142125210002695e-08
45050.056 4.908758329099284e-08
45100.056 4.374714357959979e-08
45150.056 3.8089320616771905e-08
45200.056 3.0001700287302534e-08
45250.056 3.597784730758974e-08
45300.056 3.323657260450512e-08
45350.056 2.5224912192128183e-08
45400.056 7.265949379800948e-08
45450.056 5.5569362499405466e-08
45500.056 7.223215643950487e-08
45550.056 7.374055241527754e-08
45600.056 6.183131251301249e-08
45650.056 5.041148388460078e-08
45700.056 3.238464023663702e-08
45750.056 3.0540638316802133e-08
45800.056 7.531479452270237e-08
45850.056 5.621983281879752e-08
45900.056 7.576480977099385e-08
45950.056 6.742561348399886e-08
46000.056 7.068509090550736e-08
46050.056 5.115419678730598e-08
46100.056 8.798131191099235e-08
46150.056 4.967301259930285e-08
46200.056 4.119196771489307e-08
46250.056 1.6220443829908136e-08
46300.056 4.96806874384005e-08
46350.056 5.1651760513307824e-08
46400.056 4.689888366960062e-08
46450.056 4.3698189797052064e-08
46500.056 5.034842348771102e-08
46550.056 2.479987216650123e-08
46600.056 3.8008774097334456e-08
46650.056 6.042532628710403e-08
46700.056 3.873101803388917e-08
46750.056 1.84663020414035e-08
46800.056 1.1711728679100088e-08
46850.056 5.72618277233094e-08
46900.056 6.017842769399822e-08
46950.056 6.079590076999499e-08
47000.056 5.8927300915509213e-08
47050.056 4.0253147613507857e-08
47100.056 2.8415108381064024e-08
47150.056 4.7303424786506117e-08
47200.056 5.248217805799626e-08
47250.056 2.763383963249637e-08
47300.056 1.7961368137844904e-08
47350.056 6.068255762100269e-08
47400.056 5.400217864999409e-08
47450.056 4.0627702255913485e-08
47500.056 6.504213460191639e-08
47550.056 5.65878730173037e-08
47600.056 5.029242631604571e-08
47650.056 5.409420213845841e-08
47700.056 4.062751383115425e-08
47750.056 2.994537278540143e-08
47800.056 2.3744666750703647e-08
47850.056 1.0804087178182345e-08
47900.056 1.8203864056918693e-08
47950.056 4.541701771060299e-08
48000.056 6.354024359800251e-08
48050.056 5.113798333240138e-08
48100.056 2.0864068336862786e-08
48150.056 4.1010695248401294e-08
48200.056 2.5344779153239015e-08
48250.056 3.30366383274988e-08
48300.056 6.096568600799458e-08
48350.056 3.441086788729605e-08
48400.056 7.897840962953751e-09
48450.056 1.6793412401260345e-08
48500.056 2.985071861019256e-08
48550.056 3.3267265905763344e-08
48600.056 4.792228505399815e-08
48650.056 6.210506996399434e-08
48700.056 3.935317467370676e-08
48750.056 2.8568691072210078e-08
48800.056 5.3393369819601304e-08
48850.056 2.6893530881645415e-08
48900.056 3.305836575789631e-08
48950.056 1.7084116294300016e-08
49000.056 8.870629595796859e-09
49050.056 3.1520585662795636e-08
49100.056 4.315544586881839e-08
49150.056 3.194863559738431e-08
49200.056 5.361008111400989e-08
49250.056 5.4552418945002656e-08
49300.056 4.4748407814399374e-08
49350.056 1.5831700046283888e-08
49400.056 2.4531883069402776e-08
49450.056 2.2798289086295855e-08
49500.056 1.7144482665917536e-08
49550.056 3.1651009465470988e-09
49600.056 9.863664731635952e-09
49650.056 2.7590005550402217e-08
49700.056 3.122185117988918e-08
49750.056 2.860368450296038e-08
49800.056 1.7345486801240136e-08
49850.056 4.133035053580706e-08
49900.056 3.486625948759676e-08
49950.056 3.535701765150078e-08
50000.056 2.3745262868008334e-08
50050.056 2.9919545212601375e-08
50100.056 2.3620993768898295e-08
50150.056 1.001014412661783e-08
50200.056 1.4590316790026984e-09
50250.056 1.0645352458399727e-08
50300.056 6.7809352151142976e-09
50350.056 2.7741749644504832e-08
50400.056 3.061927535649517e-08
50450.056 2.385741206442245e-08
50500.056 3.797590493357181e-08
50550.056 3.233344230100275e-08
50600.056 2.3104649932543565e-08
50650.056 4.0465514641006044e-08
50700.056 3.7890758964994455e-08
50750.056 2.283898949910161e-08
50800.056 6.724041509844623e-09
50850.056 3.183753014693644e-09
50900.056 2.3641698906601757e-08
50950.056 2.2172061016397735e-08
51000.056 1.6890322751435622e-08
51050.056 2.800757487129611e-08
51100.056 9.481464108321286e-09
51150.056 9.924805429555658e-09
51200.056 3.4299861224999454e-08
51250.056 2.4575486475506075e-08
51300.056 1.613020041394617e-08
51350.056 1.3968291092950886e-08
51400.056 3.806669627135723e-09
51450.056 3.102113265950439e-09
51500.056 3.082098025686546e-09
51550.056 1.3665413796742697e-08
51600.056 1.2589084709463552e-08
51650.056 1.774517209749914e-08
51700.056 1.7881707448990338e-08
51750.056 1.1141454263517554e-08
51800.056 2.2365379045996993e-08
51850.056 1.778447478849866e-08
51900.056 2.022691472319891e-08
51950.056 1.0350484976598828e-08
52000.056 8.478188883466585e-10
52050.056 5.262181012730714e-09
52100.056 2.751631103289475e-09
52150.056 1.4357798543697403e-09
52200.056 5.830934862609892e-09
52250.056 9.777309140582682e-09
52300.056 1.2155952824499195e-08
52350.056 3.322314376199438e-09
52400.056 3.7011618037130225e-09
52450.056 1.627027593010124e-08
52500.056 1.1466099876052897e-08
52550.056 1.51296814800991e-08
52600.056 1.1646901636439721e-08
52650.056 1.4113549612900977e-08
52700.056 9.53683444977928e-09
52750.056 2.9448590635910306e-09
52800.056 6.244828984331107e-09
52850.056 7.3383586918180425e-09
52900.056 2.4991047664518048e-09
52950.056 4.669417462110695e-09
53000.056 9.265918175701894e-09
53050.056 3.1826964477709868e-09
53100.056 1.2381026385298918e-08
53150.056 1.2449698161920756e-08
53200.056 5.8304792550716185e-09
53250.056 1.0939488489956517e-08
53300.056 1.3584188037194353e-08
53350.056 1.0155236431180795e-08
53400.056 6.19731035709817e-09
53450.056 1.8565510809042778e-09
53500.056 2.5048116443640387e-10
