galfind/configs/Brown_Dwarf_templates/sonora_bobcat/m0.0/56g/sp_t200g56nc_m0.0_resample.dat
# %ECSV 1.0
# ---
# datatype:
# - {name: wav, unit: Angstrom, datatype: float64}
# - {name: flux_nu, unit: erg / (cm2 Hz s), datatype: float64}
# meta: {C/O: '1.00', Kzz: '1.0000E+05', Teff: '200.', Y: '0.28', '[Fe/H]': '0.00', f_hole: '1.00', f_rain: '0.00', grav: '56.'}
# schema: astropy-2.0
wav flux_nu
[from data line 499]
28950.056 3.5408775137819184e-15
29000.056 2.0826600436183012e-15
29050.056 4.55109401686572e-15
29100.056 3.484772865111716e-16
29150.056 1.156488790679937e-16
29200.056 2.1736282059377558e-14
29250.056 4.0729745687534005e-15
29300.056 6.598201849830079e-16
29350.056 5.584422559651849e-15
29400.056 7.078255966515854e-15
29450.056 7.397558519792643e-16
29500.056 1.0656942174196024e-14
29550.056 4.378317163037715e-15
29600.056 6.618197052087415e-16
29650.056 7.799675316253325e-15
29700.056 3.661173827438101e-15
29750.056 2.4177051875058018e-14
29800.056 2.3615280594977006e-15
29850.056 1.4302805853893616e-14
29900.056 3.193485247440254e-15
29950.056 3.717408462504181e-15
30000.056 6.385705733780489e-18
30050.056 1.5650444418815353e-15
30100.056 7.386951121630716e-15
30150.056 1.2618930914060336e-14
30200.056 2.7464626849094554e-14
30250.056 1.1696891219403282e-14
30300.056 1.8546278613902627e-14
30350.056 7.213097998078648e-15
30400.056 3.678394614484116e-14
30450.056 8.259448133896096e-14
30500.056 3.938341266031596e-15
30550.056 4.9564877697905975e-15
30600.056 6.29860243503156e-13
30650.056 1.423879401270753e-13
30700.056 3.1894440467116452e-15
30750.056 4.130200734411901e-14
30800.056 3.0692128656676766e-13
30850.056 1.9790198687678035e-13
30900.056 6.741419906019526e-14
30950.056 3.728469206226659e-14
31000.056 4.053561600591453e-14
31050.056 5.375232246819683e-15
31100.056 4.7674399666461965e-15
31150.056 3.006385631476459e-14
31200.056 2.347351808286142e-13
31250.056 2.2429618936098105e-13
31300.056 1.481194376579012e-14
31350.056 2.6673066434037987e-13
31400.056 2.3315484288835507e-13
31450.056 1.5433816482487876e-13
31500.056 2.942148456988755e-14
31550.056 9.819389664576755e-14
31600.056 1.0734658400052663e-13
31650.056 6.318787654204131e-14
31700.056 3.2086212959793084e-14
31750.056 1.824652794968556e-14
31800.056 2.3806297909311638e-14
31850.056 1.4565625652659687e-15
31900.056 5.325714179397136e-15
31950.056 2.638179870287179e-15
32000.056 1.3409675308378577e-15
32050.056 9.395884777125888e-16
32100.056 8.826870818536635e-16
32150.056 2.7604687204885414e-16
32200.056 6.954835922756332e-17
32250.056 1.823212174995004e-16
32300.056 1.7455083071434812e-17
32350.056 5.3347685997365943e-17
32400.056 2.883641755686265e-18
32450.056 2.6837211459177148e-17
32500.056 2.102233890266713e-18
32550.056 1.3245569869367015e-17
32600.056 8.194407492446372e-19
32650.056 2.0699182392893518e-17
32700.056 1.1212485941143443e-18
32750.056 6.415953171207361e-17
32800.056 1.278180113175045e-17
32850.056 5.704111462030408e-16
32900.056 1.9871898291847763e-16
32950.056 6.180484540936887e-16
33000.056 1.3040534441332608e-16
33050.056 3.138686429153193e-17
33100.056 5.098080681649465e-18
33150.056 1.1786799954962324e-20
33200.056 4.177808109303216e-18
33250.056 5.665245787382978e-18
33300.056 1.934030648997261e-16
33350.056 4.550775772102988e-17
33400.056 7.571861296386776e-16
33450.056 1.5310216628801837e-17
33500.056 3.0969088082457944e-16
33550.056 3.140945927079552e-17
33600.056 1.5796482417765434e-16
33650.056 2.428148992550626e-16
33700.056 1.8208870049279297e-17
33750.056 3.1541876827682775e-16
33800.056 1.0540368268015123e-17
33850.056 1.6264022050900306e-16
33900.056 2.1079697776984062e-16
33950.056 3.3549219063668466e-16
34000.056 1.3085813467237664e-15
34050.056 1.8631117691897288e-16
34100.056 2.0182959266948188e-15
34150.056 7.534954809588799e-16
34200.056 5.2839886927158765e-15
34250.056 7.976262702982437e-16
34300.056 1.8663842897959885e-15
34350.056 3.583586821798982e-14
34400.056 1.7054578063725832e-15
34450.056 1.2555367550881525e-14
34500.056 1.948096366818608e-15
34550.056 2.2225489833619776e-14
34600.056 1.4784372192750793e-13
34650.056 9.089703547784257e-16
34700.056 4.14650615491307e-14
34750.056 1.1779140491384418e-14
34800.056 7.778897670396575e-15
34850.056 3.7232429092233365e-14
34900.056 4.639760655985575e-15
34950.056 1.0203399589360629e-13
35000.056 6.301156499951271e-14
35050.056 1.8558480071238345e-13
35100.056 1.9327153279742258e-13
35150.056 1.957843374137513e-13
35200.056 2.843786167764201e-13
35250.056 5.473699743792204e-13
35300.056 4.309113973841149e-14
35350.056 5.028747194264993e-15
35400.056 3.2796069023816427e-15
35450.056 4.987470647893048e-15
35500.056 4.660772973401163e-14
35550.056 3.09840728296404e-14
35600.056 1.3454886474133527e-13
35650.056 2.859993467103107e-13
35700.056 4.1531131335538354e-13
35750.056 9.063336764388456e-14
35800.056 3.322425067821776e-14
35850.056 1.7830468521969558e-14
35900.056 3.181881874817079e-14
35950.056 1.166178980633039e-13
36000.056 1.8569451142059601e-13
36050.056 1.5082146974236218e-13
36100.056 1.2304077868179024e-13
36150.056 2.3546633890624217e-12
36200.056 6.11269334750126e-13
36250.056 2.0242731989112185e-13
36300.056 1.7532467739339405e-12
36350.056 1.2872505974262996e-12
36400.056 1.0911479148661569e-12
36450.056 8.307440925140379e-13
36500.056 5.780357188864731e-13
36550.056 4.029831874932119e-12
36600.056 3.0447873742288327e-12
36650.056 9.634982802284462e-13
36700.056 3.2529841372731717e-12
36750.056 5.098405853576209e-12
36800.056 6.9661936840610765e-12
36850.056 1.016217138242277e-12
36900.056 1.239099278755485e-12
36950.056 8.192454886334987e-12
37000.056 5.221836631519264e-12
37050.056 8.803985800655618e-12
37100.056 7.137378105984831e-13
37150.056 1.8453107250920945e-12
37200.056 1.4825877575882522e-11
37250.056 8.033792580330725e-12
37300.056 1.007474199485714e-12
37350.056 1.4313763298620325e-12
37400.056 2.774141711052398e-12
37450.056 9.612276300727685e-13
37500.056 2.216810591210422e-12
37550.056 1.2642849786610347e-11
37600.056 3.748758383159548e-11
37650.056 1.8817034097350324e-12
37700.056 5.474088725531808e-12
37750.056 6.752638816760602e-12
37800.056 3.371903197661675e-12
37850.056 2.0297848215736606e-12
37900.056 1.2016951431811807e-12
37950.056 3.4129422220378863e-12
38000.056 2.6681558834335307e-12
38050.056 1.584551014677424e-11
38100.056 1.8613352190301944e-11
38150.056 4.200277914441884e-11
38200.056 1.9258142050649274e-11
38250.056 4.7710552749388384e-11
38300.056 1.0542009941503156e-10
38350.056 1.8629727341953032e-11
38400.056 1.5082854902126068e-12
38450.056 2.2316558300924817e-13
38500.056 7.274729377802588e-13
38550.056 1.0034312293285689e-11
38600.056 1.9885109787440034e-11
38650.056 1.2317861451247139e-11
38700.056 1.7152367022083642e-12
38750.056 9.960534176162863e-12
38800.056 7.286982650276205e-12
38850.056 1.467052416714979e-11
38900.056 2.0171444245067007e-11
38950.056 6.6333760261737365e-12
39000.056 4.048239992266826e-11
39050.056 2.1579427665155014e-12
39100.056 9.793227136239252e-12
39150.056 3.711532745845818e-11
39200.056 1.978107046142771e-11
39250.056 3.740153268506163e-11
39300.056 1.2777147542037016e-11
39350.056 7.03168172745331e-11
39400.056 1.4676991730486116e-11
39450.056 4.985080291474302e-11
39500.056 5.0515851528103044e-11
39550.056 7.336694926125526e-12
39600.056 5.401363590040738e-11
39650.056 7.480817671908304e-11
39700.056 9.56461750843625e-11
39750.056 1.385932916491205e-11
39800.056 1.0140055804696358e-11
39850.056 6.325579617251592e-11
39900.056 1.6176524189852544e-10
39950.056 1.9847229316093104e-11
40000.056 5.492878359539606e-11
40050.056 8.653824877631428e-11
40100.056 1.1604325981914365e-11
40150.056 6.621881405680309e-11
40200.056 8.831356631746549e-11
40250.056 1.1934117756706147e-10
40300.056 1.5047382388409184e-10
40350.056 3.7527581161970744e-11
40400.056 3.8788951470995424e-11
40450.056 1.0038024731663338e-11
40500.056 1.4125413024760465e-10
40550.056 1.246031119080152e-10
40600.056 1.5821044978599548e-10
40650.056 6.283881452789123e-11
40700.056 8.303489819997436e-11
40750.056 7.317528492793257e-11
40800.056 3.326838126264242e-11
40850.056 3.1027755980887245e-10
40900.056 2.7146509806891867e-10
40950.056 1.788910125503267e-10
41000.056 7.147366844722915e-11
41050.056 3.3592235528255845e-10
41100.056 2.827305794459046e-10
41150.056 2.80140755077069e-11
41200.056 4.5586904227848767e-10
41250.056 2.696384451246616e-10
41300.056 1.9352289086225816e-10
41350.056 6.477265912200348e-10
41400.056 3.8955255618993935e-10
41450.056 5.554510769468541e-10
41500.056 2.1756844955011627e-10
41550.056 1.4608641691022304e-10
41600.056 2.0033888962486423e-10
41650.056 5.965731251006188e-10
41700.056 9.860722444799262e-10
41750.056 6.76763099346962e-10
41800.056 6.26647510700017e-10
41850.056 4.721779223634221e-10
41900.056 2.2692871721090077e-10
41950.056 1.8939577457709115e-10
42000.056 6.789931826793169e-12
42050.056 4.114760309453048e-11
42100.056 8.810946799893021e-11
42150.056 1.535508568154827e-10
42200.056 4.1033701889895887e-10
42250.056 2.7647550308211247e-10
42300.056 1.8116050155376273e-10
42350.056 6.463079448040082e-10
42400.056 1.1242985968801495e-09
42450.056 1.636589655320154e-09
42500.056 1.788522948249942e-09
42550.056 1.3476811419699068e-09
42600.056 8.464262198562989e-10
42650.056 1.2816999300357192e-09
42700.056 2.5006125113724616e-10
42750.056 1.4629143130502147e-09
42800.056 2.924270174400166e-09
42850.056 2.7700643340996906e-09
42900.056 2.272701437330173e-09
42950.056 1.9225327954302192e-09
43000.056 2.2748600520200116e-09
43050.056 7.649345589544319e-10
43100.056 1.1703284245502341e-09
43150.056 1.4989128967700699e-09
43200.056 3.0391709665001293e-09
43250.056 3.115566936270071e-09
43300.056 3.030715645800004e-09
43350.056 1.8296179994296473e-09
43400.056 2.199101974510086e-09
43450.056 8.518127426009445e-10
43500.056 5.543674080129688e-10
43550.056 1.1847106206200633e-09
43600.056 2.847496496500075e-09
43650.056 1.4628127676200589e-09
43700.056 3.047868377280889e-09
43750.056 3.827372423899632e-09
43800.056 2.35555553222985e-09
43850.056 1.918666811402172e-09
43900.056 9.973661232125723e-10
43950.056 8.679544051460317e-10
44000.056 1.2303790997898893e-09
44050.056 3.438988665740225e-09
44100.056 4.3319815696000755e-09
44150.056 3.7921437678597985e-09
44200.056 3.637465252000088e-09
44250.056 1.7497021955198535e-09
44300.056 1.1323536708100955e-09
44350.056 9.554046525292243e-10
44400.056 8.667239620060727e-10
44450.056 2.7244116850904084e-09
44500.056 2.492917383670095e-09
44550.056 3.4312764224000562e-09
44600.056 2.4633839287899565e-09
44650.056 2.3332472696601942e-09
44700.056 1.886231390039645e-09
44750.056 3.2659329457302213e-09
44800.056 1.5134130934320358e-09
44850.056 1.9552131699200523e-09
44900.056 2.4375281239799905e-09
44950.056 3.1719147190504384e-09
45000.056 4.329552859000025e-09
45050.056 3.0848351625196346e-09
45100.056 2.8693683172601263e-09
45150.056 2.110849972899722e-09
45200.056 1.5212007327800852e-09
45250.056 1.9154153562796365e-09
45300.056 1.8475422687901489e-09
45350.056 1.0454798305702245e-09
45400.056 4.585001237700217e-09
45450.056 2.895048629160298e-09
45500.056 4.405071037200198e-09
45550.056 4.442929826999268e-09
45600.056 3.5072192842002837e-09
45650.056 3.382950331799808e-09
45700.056 1.779446572799872e-09
45750.056 1.5734718561701703e-09
45800.056 4.065413130500086e-09
45850.056 2.4920512174602515e-09
45900.056 4.525576992999892e-09
45950.056 5.214120610599661e-09
46000.056 4.349284524100308e-09
46050.056 2.6317203548304566e-09
46100.056 5.491584445199795e-09
46150.056 3.187347141419967e-09
46200.056 2.1469482053896683e-09
46250.056 6.289371413930037e-10
46300.056 2.6762317419001603e-09
46350.056 2.523854667440221e-09
46400.056 2.785870140520131e-09
46450.056 1.970186964189875e-09
46500.056 2.927021074000246e-09
46550.056 1.2776304986897896e-09
46600.056 1.2814480040318697e-09
46650.056 2.7763851761501225e-09
46700.056 1.9329046196697086e-09
46750.056 5.426417786150433e-10
46800.056 2.913470140779842e-10
46850.056 2.1122319500403735e-09
46900.056 3.334348387199928e-09
46950.056 3.6756274063999424e-09
47000.056 3.973674965700192e-09
47050.056 1.8350922792555326e-09
47100.056 1.7144237369500404e-09
47150.056 2.5154149740302557e-09
47200.056 2.8875932031998292e-09
47250.056 1.0417689471487598e-09
47300.056 7.439696174852355e-10
47350.056 2.8092194459002834e-09
47400.056 3.3640181199998673e-09
47450.056 1.4768167833839372e-09
47500.056 2.9551007242604076e-09
47550.056 3.3004917692999644e-09
47600.056 1.7473874556957578e-09
47650.056 2.278300715115903e-09
47700.056 1.8118066091272365e-09
47750.056 1.5531153771599724e-09
47800.056 8.587702673500322e-10
47850.056 2.7319842879705593e-10
47900.056 5.704761770960312e-10
47950.056 2.017019798600141e-09
48000.056 2.5237378170797406e-09
48050.056 1.8152085237100767e-09
48100.056 9.072285760100531e-10
48150.056 1.8582674382500781e-09
48200.056 7.367348413498276e-10
48250.056 1.263861203960076e-09
48300.056 2.1649886841999544e-09
48350.056 1.0809406266598378e-09
48400.056 1.8482317747495158e-10
48450.056 3.3295982415808193e-10
48500.056 7.002483214938994e-10
48550.056 8.840399771041967e-10
48600.056 2.3370364989999748e-09
48650.056 2.8556902995999376e-09
48700.056 2.0142984683302553e-09
48750.056 2.158733798800004e-09
48800.056 2.3070921027000093e-09
48850.056 9.309078224078575e-10
48900.056 6.366452311159169e-10
48950.056 3.033690799839929e-10
49000.056 2.2928364383105507e-10
49050.056 8.414538251629098e-10
49100.056 1.4288933430592469e-09
49150.056 1.2860581512700695e-09
49200.056 2.3953034540001644e-09
49250.056 2.253084569999888e-09
49300.056 1.5772433125798559e-09
49350.056 5.261387803311588e-10
49400.056 7.766704661338167e-10
49450.056 5.911668977261117e-10
49500.056 3.949192481619198e-10
49550.056 8.999712699699737e-11
49600.056 1.7794818985703428e-10
49650.056 7.107400881501224e-10
49700.056 1.1054392193599404e-09
49750.056 6.108997618249777e-10
49800.056 3.709822369520389e-10
49850.056 1.1741591861201467e-09
49900.056 1.5265312303799714e-09
49950.056 1.3820838725399552e-09
50000.056 5.083732102168659e-10
50050.056 5.331357437300848e-10
50100.056 5.514550096999617e-10
50150.056 1.8975598965296733e-10
50200.056 5.027850373460768e-11
50250.056 1.8310869563000307e-10
50300.056 1.4066016068102253e-10
50350.056 6.326708263800842e-10
50400.056 9.629264290599075e-10
50450.056 1.058830057910114e-09
50500.056 1.3164442986399945e-09
50550.056 1.4314094249000035e-09
50600.056 6.928332197599284e-10
50650.056 1.4337670756000672e-09
50700.056 1.1060987793099257e-09
50750.056 5.633978975499652e-10
50800.056 1.5044524143996604e-10
50850.056 8.425698713802223e-11
50900.056 4.2574331143005417e-10
50950.056 5.613751199499492e-10
51000.056 3.4695971709004664e-10
51050.056 8.177791344199692e-10
51100.056 2.964617541329731e-10
51150.056 2.014026816290439e-10
51200.056 8.105424555500382e-10
51250.056 6.701318551599201e-10
51300.056 4.3834035477001214e-10
51350.056 2.2994198589795097e-10
51400.056 8.593539533001405e-11
51450.056 8.411657678248262e-11
51500.056 8.883221179202099e-11
51550.056 2.553157153300269e-10
51600.056 3.8711997429005393e-10
51650.056 6.233179181100237e-10
51700.056 4.867737649809022e-10
51750.056 3.467517965860718e-10
51800.056 7.08451722159997e-10
51850.056 5.534566610999766e-10
51900.056 3.8900314413998456e-10
51950.056 1.9820709448797568e-10
52000.056 5.0744678606993344e-11
52050.056 1.1574988500500009e-10
52100.056 7.968678592499685e-11
52150.056 5.415012567061338e-11
52200.056 1.624970505300095e-10
52250.056 2.425392567500225e-10
52300.056 2.32756886179984e-10
52350.056 8.64709704439962e-11
52400.056 1.0169662528800084e-10
52450.056 2.916762511700229e-10
52500.056 1.8905678549398594e-10
52550.056 3.8982828988000403e-10
52600.056 4.5306924484002577e-10
52650.056 4.909506485099791e-10
52700.056 2.869642577699689e-10
52750.056 8.660873011298685e-11
52800.056 1.653558053990173e-10
52850.056 1.8750240689997406e-10
52900.056 7.522155057138239e-11
52950.056 1.159943619760162e-10
53000.056 2.1747173840001496e-10
53050.056 1.1525224869199289e-10
53100.056 3.1461167517000984e-10
53150.056 1.7471756920296666e-10
53200.056 9.850927797076966e-11
53250.056 1.4250161029000726e-10
53300.056 2.0434292774522064e-10
53350.056 1.771644256400063e-10
53400.056 1.465655161799785e-10
53450.056 7.26618214609912e-11
53500.056 2.5549110738792585e-11
