galfind/configs/Brown_Dwarf_templates/sonora_bobcat/m0.0/56g/sp_t2400g56nc_m0.0_resample.dat
# %ECSV 1.0
# ---
# datatype:
# - {name: wav, unit: Angstrom, datatype: float64}
# - {name: flux_nu, unit: erg / (cm2 Hz s), datatype: float64}
# meta: {C/O: '1.00', Kzz: '1.0000E+05', Teff: '2400.', Y: '0.28', '[Fe/H]': '0.00', f_hole: '1.00', f_rain: '0.00', grav: '56.'}
# schema: astropy-2.0
wav flux_nu
[from data line 503]
29150.056 4.155052402100096e-06
29200.056 3.920350267300113e-06
29250.056 4.108155135799887e-06
29300.056 3.8056783615984152e-06
29350.056 4.377432415999513e-06
29400.056 3.9384679739998456e-06
29450.056 3.82932746839982e-06
29500.056 4.073950154999593e-06
29550.056 3.957590594600405e-06
29600.056 4.0985027961001195e-06
29650.056 4.064700515000099e-06
29700.056 3.7472342262997495e-06
29750.056 4.336842440701051e-06
29800.056 4.2176687670997595e-06
29850.056 4.112910219299505e-06
29900.056 3.804197978800918e-06
29950.056 4.339155388399384e-06
30000.056 4.279236022498615e-06
30050.056 4.10614725580004e-06
30100.056 3.4796201226993e-06
30150.056 4.7072531275997075e-06
30200.056 4.415891115900284e-06
30250.056 4.143476744600626e-06
30300.056 4.239016074799902e-06
30350.056 4.158348453300746e-06
30400.056 4.587442482700486e-06
30450.056 3.880979191700484e-06
30500.056 3.882821594600517e-06
30550.056 4.734189356900703e-06
30600.056 4.501957955400293e-06
30650.056 4.458435961200244e-06
30700.056 4.201632220800002e-06
30750.056 4.13663641400015e-06
30800.056 4.687597805901218e-06
30850.056 4.232653716000043e-06
30900.056 4.251345931399723e-06
30950.056 4.113463638300308e-06
31000.056 4.606513800299888e-06
31050.056 4.116708159600139e-06
31100.056 4.462265294900072e-06
31150.056 4.4641882042997425e-06
31200.056 4.610792876599555e-06
31250.056 4.760616957600789e-06
31300.056 4.38276118009972e-06
31350.056 4.3020901327999905e-06
31400.056 4.5432122756005164e-06
31450.056 4.51085063510031e-06
31500.056 4.61960371650054e-06
31550.056 4.27775130969996e-06
31600.056 4.45824931579989e-06
31650.056 4.609444001699844e-06
31700.056 4.7526289435000125e-06
31750.056 4.268916721000084e-06
31800.056 4.6507649428003425e-06
31850.056 5.003533874199783e-06
31900.056 4.886252335699643e-06
31950.056 4.305762337099633e-06
32000.056 4.464635282300658e-06
32050.056 4.911358250500536e-06
32100.056 4.978069630799648e-06
32150.056 4.923856066700107e-06
32200.056 4.739233085899899e-06
32250.056 4.5787722297001355e-06
32300.056 4.840102879700088e-06
32350.056 5.096874036400562e-06
32400.056 4.706276489099991e-06
32450.056 4.59110891760031e-06
32500.056 4.900469715100175e-06
32550.056 5.220169649700144e-06
32600.056 5.080576476899717e-06
32650.056 5.0209563772010385e-06
32700.056 4.81698097700009e-06
32750.056 5.016015139499974e-06
32800.056 4.7052211428006495e-06
32850.056 5.297599262899785e-06
32900.056 5.130684366500213e-06
32950.056 4.704839480499923e-06
33000.056 4.993991414800224e-06
33050.056 5.029923233199603e-06
33100.056 5.136757498899046e-06
33150.056 5.121031233600358e-06
33200.056 4.887205127500552e-06
33250.056 5.087002306500291e-06
33300.056 5.4405457951003014e-06
33350.056 5.1424387356003555e-06
33400.056 4.9062736551996564e-06
33450.056 5.240044804498708e-06
33500.056 5.157372218300181e-06
33550.056 5.13389433559926e-06
33600.056 5.176634978400483e-06
33650.056 5.248963956800796e-06
33700.056 5.387898865899307e-06
33750.056 5.363176382000243e-06
33800.056 5.318297990399883e-06
33850.056 5.160160650499956e-06
33900.056 5.588002291999537e-06
33950.056 5.147423607699501e-06
34000.056 5.183746250699186e-06
34050.056 5.328604392200152e-06
34100.056 5.537771038600465e-06
34150.056 5.457078538299533e-06
34200.056 5.223849390799462e-06
34250.056 5.643155359299302e-06
34300.056 5.339746178799447e-06
34350.056 5.547290128299379e-06
34400.056 5.256757246099514e-06
34450.056 5.241154422800098e-06
34500.056 5.374252450500912e-06
34550.056 5.3029091075997965e-06
34600.056 5.423455817299882e-06
34650.056 5.446801673699802e-06
34700.056 5.249961163699612e-06
34750.056 5.563230588000268e-06
34800.056 5.648925167999673e-06
34850.056 5.27651961839999e-06
34900.056 5.567341523900435e-06
34950.056 5.440685871699158e-06
35000.056 5.358977146599609e-06
35050.056 5.691826238900545e-06
35100.056 5.6369302643991675e-06
35150.056 5.464704189799522e-06
35200.056 5.596977286599739e-06
35250.056 5.174206737900472e-06
35300.056 5.5544357763004814e-06
35350.056 5.734741470999616e-06
35400.056 5.513743342899919e-06
35450.056 5.401433702800154e-06
35500.056 5.631035052000119e-06
35550.056 5.505973178699958e-06
35600.056 5.459158262899144e-06
35650.056 5.757404212100498e-06
35700.056 5.4399396428002986e-06
35750.056 5.448536600099692e-06
35800.056 5.642544220899712e-06
35850.056 5.748324061999716e-06
35900.056 5.7770783183995705e-06
35950.056 5.6799308703994124e-06
36000.056 5.3306224646994955e-06
36050.056 5.768270937700158e-06
36100.056 5.961031725200109e-06
36150.056 5.4880271294002835e-06
36200.056 5.805117229099511e-06
36250.056 5.525760704799317e-06
36300.056 6.043988169300734e-06
36350.056 5.892977082699383e-06
36400.056 5.722525911399834e-06
36450.056 5.999726688999694e-06
36500.056 5.689787085000321e-06
36550.056 5.592583558000451e-06
36600.056 5.636416672500494e-06
36650.056 5.792073452600512e-06
36700.056 5.997454367200152e-06
36750.056 5.64739564880066e-06
36800.056 5.792937353299564e-06
36850.056 5.881004550999876e-06
36900.056 5.909805616900655e-06
36950.056 5.900967534000144e-06
37000.056 5.906864232900198e-06
37050.056 6.039991079199926e-06
37100.056 5.818036097400339e-06
37150.056 5.7779636845991e-06
37200.056 5.97698742960014e-06
37250.056 6.003658070300318e-06
37300.056 5.963798348100872e-06
37350.056 5.789035405200563e-06
37400.056 5.987635751999755e-06
37450.056 5.9630891029003835e-06
37500.056 6.10942066789978e-06
37550.056 5.938512058999264e-06
37600.056 6.154790657599376e-06
37650.056 5.750162808499514e-06
37700.056 5.840494845200229e-06
37750.056 6.123744668899173e-06
37800.056 6.20881525619998e-06
37850.056 6.041977358399777e-06
37900.056 6.11943157270035e-06
37950.056 6.15080989040029e-06
38000.056 6.041477268700652e-06
38050.056 6.053362153100373e-06
38100.056 5.915482575100155e-06
38150.056 6.18755527949929e-06
38200.056 6.298679489399358e-06
38250.056 6.014154128300552e-06
38300.056 5.931930599999915e-06
38350.056 6.127956799400053e-06
38400.056 6.150431941799865e-06
38450.056 6.094477123800575e-06
38500.056 6.06030137999975e-06
38550.056 6.108405998300427e-06
38600.056 6.414175129199753e-06
38650.056 5.846225024400199e-06
38700.056 5.936683133100541e-06
38750.056 6.20472676750002e-06
38800.056 6.054793079200766e-06
38850.056 6.14815516020022e-06
38900.056 5.9187843215e-06
38950.056 6.111613649999631e-06
39000.056 6.0654294860000915e-06
39050.056 6.084288519899992e-06
39100.056 5.85330948269991e-06
39150.056 5.97595456950024e-06
39200.056 6.072614573200217e-06
39250.056 6.076381132699418e-06
39300.056 6.094632973199152e-06
39350.056 6.0430234830005e-06
39400.056 5.910044048100175e-06
39450.056 5.982324875199822e-06
39500.056 5.930269990699963e-06
39550.056 5.826296293198987e-06
39600.056 6.16973012570042e-06
39650.056 5.81455140090017e-06
39700.056 5.9669644742000085e-06
39750.056 5.991571951399525e-06
39800.056 5.737669353800244e-06
39850.056 5.871463840499794e-06
39900.056 5.730895177499675e-06
39950.056 5.931009021699798e-06
40000.056 5.723324664499709e-06
40050.056 5.391155848899824e-06
40100.056 5.722403314299861e-06
40150.056 5.411905213999243e-06
40200.056 5.645420239699732e-06
40250.056 5.590597891998651e-06
40300.056 5.32366502980017e-06
40350.056 5.467034844200173e-06
40400.056 5.568873056500085e-06
40450.056 5.219602150400951e-06
40500.056 5.032133156699896e-06
40550.056 5.593225016699692e-06
40600.056 5.206689370900283e-06
40650.056 5.337026646401031e-06
40700.056 5.562971962700287e-06
40750.056 5.025680407598893e-06
40800.056 5.005347314700512e-06
40850.056 4.803639835200902e-06
40900.056 4.7058259607006615e-06
40950.056 5.057259186300059e-06
41000.056 5.210141135200385e-06
41050.056 5.091078701599232e-06
41100.056 4.909446542900528e-06
41150.056 5.195209422300218e-06
41200.056 4.911709440800076e-06
41250.056 5.0144798628001505e-06
41300.056 4.582385023999759e-06
41350.056 5.098015569500297e-06
41400.056 4.9294503377999054e-06
41450.056 4.7682325870000424e-06
41500.056 5.012116718400013e-06
41550.056 5.032892608400057e-06
41600.056 5.156068186899809e-06
41650.056 4.702902555600511e-06
41700.056 4.610015169899747e-06
41750.056 4.891142508400102e-06
41800.056 4.660088240099891e-06
41850.056 4.467526783600498e-06
41900.056 4.880427382899305e-06
41950.056 4.600577283500382e-06
42000.056 4.8067597156002736e-06
42050.056 4.521007700698873e-06
42100.056 4.854131686500325e-06
42150.056 4.416827216999416e-06
42200.056 4.441186839200169e-06
42250.056 4.714279424699863e-06
42300.056 4.508117160600064e-06
42350.056 4.763597346200604e-06
42400.056 4.471934069300004e-06
42450.056 4.094642038000259e-06
42500.056 4.1228906971001985e-06
42550.056 4.479090482999684e-06
42600.056 4.375811991900485e-06
42650.056 4.372930384299128e-06
42700.056 4.4056533221006494e-06
42750.056 4.258566420199978e-06
42800.056 4.32898776839997e-06
42850.056 4.529896797299706e-06
42900.056 4.397915350900346e-06
42950.056 3.980859273298671e-06
43000.056 4.246455011399977e-06
43050.056 4.108383774901176e-06
43100.056 4.214914067699283e-06
43150.056 4.369741897700858e-06
43200.056 4.157410556999862e-06
43250.056 4.228822831601001e-06
43300.056 4.27002199040017e-06
43350.056 4.104906365699442e-06
43400.056 4.007667703499726e-06
43450.056 4.082098601000837e-06
43500.056 3.98039109289906e-06
43550.056 4.06405705729988e-06
43600.056 4.233616702299959e-06
43650.056 3.9563461646004226e-06
43700.056 3.98377916560018e-06
43750.056 3.973716640499944e-06
43800.056 3.901249163899924e-06
43850.056 4.0583393210003375e-06
43900.056 4.025783077299871e-06
43950.056 3.851885253200414e-06
44000.056 3.694118657900262e-06
44050.056 3.749414062600119e-06
44100.056 3.780596118100729e-06
44150.056 4.058525836299466e-06
44200.056 3.810191391300232e-06
44250.056 3.62180606419972e-06
44300.056 3.583982806200656e-06
44350.056 3.6634516109000637e-06
44400.056 3.6149645155000373e-06
44450.056 3.841462266200132e-06
44500.056 3.911885972900705e-06
44550.056 3.5564695975992795e-06
44600.056 3.6403563527005055e-06
44650.056 3.7676727233000028e-06
44700.056 3.5412292741003363e-06
44750.056 3.7818757717995767e-06
44800.056 3.7189690331998516e-06
44850.056 3.860596711700387e-06
44900.056 3.699604157600519e-06
44950.056 3.417953776600061e-06
45000.056 3.699527672200024e-06
45050.056 3.623050361999545e-06
45100.056 3.756802106299712e-06
45150.056 3.7251973501001577e-06
45200.056 3.4823679134997307e-06
45250.056 3.5333091721995025e-06
45300.056 3.4916840825000116e-06
45350.056 3.7086737435992893e-06
45400.056 3.705353426500313e-06
45450.056 3.496204586399359e-06
45500.056 3.442350669499879e-06
45550.056 3.666444146899309e-06
45600.056 3.611612907499949e-06
45650.056 3.3985166162990423e-06
45700.056 3.4506338760005215e-06
45750.056 3.5400721476997577e-06
45800.056 3.5624798766999898e-06
45850.056 3.727963216300144e-06
45900.056 3.666397953499872e-06
45950.056 3.3863807863999637e-06
46000.056 3.5876714640000557e-06
46050.056 3.694250686600868e-06
46100.056 3.406633448800168e-06
46150.056 3.460485735699963e-06
46200.056 3.7053375385006917e-06
46250.056 3.311753140699932e-06
46300.056 3.6985565718998253e-06
46350.056 3.254524533599772e-06
46400.056 3.498218441399616e-06
46450.056 3.369161606200693e-06
46500.056 3.3403122332000885e-06
46550.056 3.581382043599833e-06
46600.056 3.3058758252996627e-06
46650.056 3.7679495448999743e-06
46700.056 3.5573270505008572e-06
46750.056 3.2732052448999914e-06
46800.056 3.484175134900553e-06
46850.056 3.526009733999953e-06
46900.056 3.4551665993994294e-06
46950.056 3.5656609070001815e-06
47000.056 3.5375061130000843e-06
47050.056 3.470157570599787e-06
47100.056 3.4364028183001386e-06
47150.056 3.4465853046004615e-06
47200.056 3.3980400548007224e-06
47250.056 3.464768244999086e-06
47300.056 3.333721610899119e-06
47350.056 3.230880292599529e-06
47400.056 3.5073315682994075e-06
47450.056 3.670732142399833e-06
47500.056 3.3021726802991775e-06
47550.056 3.445648688399301e-06
47600.056 3.5482336597999582e-06
47650.056 3.043532596399374e-06
47700.056 3.545827154000095e-06
47750.056 2.9603286577008464e-06
47800.056 3.56025321969975e-06
47850.056 3.134261052598684e-06
47900.056 3.602715894100134e-06
47950.056 3.0613528416007644e-06
48000.056 3.6540790180000718e-06
48050.056 3.226355601600608e-06
48100.056 3.225707304300078e-06
48150.056 3.178957402900334e-06
48200.056 3.530525531800917e-06
48250.056 3.23131643549979e-06
48300.056 3.6869545227998723e-06
48350.056 2.9479507982993465e-06
48400.056 3.5037349916998872e-06
48450.056 3.336877554000237e-06
48500.056 3.588674717000023e-06
48550.056 3.1196505817999766e-06
48600.056 3.4791821488997435e-06
48650.056 3.030003679599952e-06
48700.056 3.2649701052000937e-06
48750.056 2.913019210500506e-06
48800.056 3.5417799117001792e-06
48850.056 3.108504801299396e-06
48900.056 3.4558135515000194e-06
48950.056 3.3805338352005313e-06
49000.056 3.2434946832998135e-06
49050.056 3.270883111299752e-06
49100.056 3.2422857609000207e-06
49150.056 3.1769641950000827e-06
49200.056 3.4543823980000307e-06
49250.056 3.2424205964003254e-06
49300.056 3.1262929805996887e-06
49350.056 2.974172536700042e-06
49400.056 3.4089550737005554e-06
49450.056 3.156624977700615e-06
49500.056 3.1549271842004334e-06
49550.056 3.0549270743999833e-06
49600.056 3.0532047280003003e-06
49650.056 3.1082201037006156e-06
49700.056 2.817920253399655e-06
49750.056 3.482593051599395e-06
49800.056 3.2266952114999557e-06
49850.056 3.422242510500102e-06
49900.056 3.051572188500032e-06
49950.056 3.2254161084990274e-06
50000.056 3.014105750699354e-06
50050.056 3.2371104797000337e-06
50100.056 3.136433300999733e-06
50150.056 3.034446504599805e-06
50200.056 2.822504444300134e-06
50250.056 2.856269027700235e-06
50300.056 2.946012109699448e-06
50350.056 3.029569793699933e-06
50400.056 3.0739994828001846e-06
50450.056 2.8886226506001664e-06
50500.056 3.422765335600441e-06
50550.056 3.085640466799763e-06
50600.056 3.0793903524003356e-06
50650.056 3.027071041900665e-06
50700.056 3.13490464919931e-06
50750.056 3.02183899590027e-06
50800.056 2.8344439215999415e-06
50850.056 2.965853131300325e-06
50900.056 2.9438857315999855e-06
50950.056 3.150605150200445e-06
51000.056 3.2826049368002935e-06
51050.056 2.8449961046004978e-06
51100.056 2.8488944546998677e-06
51150.056 3.08753696910024e-06
51200.056 2.983532110299812e-06
51250.056 3.0915324365002317e-06
51300.056 2.908076797400622e-06
51350.056 3.033799178499749e-06
51400.056 2.9602806673993393e-06
51450.056 2.432752313699779e-06
51500.056 3.0589059001998984e-06
51550.056 3.271574655600251e-06
51600.056 2.6268898667998524e-06
51650.056 3.010332319299683e-06
51700.056 2.690365679699239e-06
51750.056 2.782751387100187e-06
51800.056 2.9556341360996783e-06
51850.056 3.0361356143999654e-06
51900.056 3.108034874700265e-06
51950.056 2.815290537999706e-06
52000.056 2.6962820735000307e-06
52050.056 3.0184984173997784e-06
52100.056 2.960159011099369e-06
52150.056 2.92999202720046e-06
52200.056 2.8171589870000943e-06
52250.056 2.7691630066999706e-06
52300.056 2.819601045999952e-06
52350.056 3.121370741100276e-06
52400.056 2.6549617174999607e-06
52450.056 2.8414064299000224e-06
52500.056 2.9084541523991608e-06
52550.056 2.7485473631994174e-06
52600.056 2.9050261445001405e-06
52650.056 3.156667895700557e-06
52700.056 2.854202877000097e-06
52750.056 2.449137461899823e-06
52800.056 2.719617894900297e-06
52850.056 2.6380460476999345e-06
52900.056 2.880360380900341e-06
52950.056 2.7719003857995094e-06
53000.056 2.9629862985994968e-06
53050.056 2.9043790587996463e-06
53100.056 2.5485645464994424e-06
53150.056 2.9592408842004724e-06
53200.056 2.4757362921004465e-06
53250.056 3.0977531662999568e-06
53300.056 2.945794166400739e-06
53350.056 3.044922917799846e-06
53400.056 2.7214090769001633e-06
53450.056 2.6170007434999844e-06
53500.056 2.5313048640996793e-06
53550.056 2.9508971452000994e-06
53600.056 2.8543928969004293e-06
53650.056 2.6877021368007395e-06
53700.056 2.693181959900598e-06
53750.056 2.971579005099711e-06
53800.056 2.9827742688003774e-06
53850.056 2.9082079155990988e-06
53900.056 2.4783702617006414e-06
