galfind/configs/Brown_Dwarf_templates/sonora_bobcat/m0.0/56g/sp_t850g56nc_m0.0_resample.dat
# %ECSV 1.0
# ---
# datatype:
# - {name: wav, unit: Angstrom, datatype: float64}
# - {name: flux_nu, unit: erg / (cm2 Hz s), datatype: float64}
# meta: {C/O: '1.00', Kzz: '1.0000E+05', Teff: '850.', Y: '0.28', '[Fe/H]': '0.00', f_hole: '1.00', f_rain: '0.00', grav: '56.'}
# schema: astropy-2.0
wav flux_nu
4000.0559999999996 nan
4050.0559999999996 8.826971004412709e-14
4100.056 5.488292828929769e-12
4150.056 1.820078159870116e-11
4200.056 1.5399841914235425e-11
4250.056 3.443567166890297e-11
4300.056 4.599301986000353e-11
4350.056 5.234729013700217e-11
4400.056 6.455485756100217e-11
4450.056 7.580150979600008e-11
4500.056 7.770178642600379e-11
4550.056 8.828565450243189e-11
4600.056 8.915336428768013e-11
4650.056 7.753908042599438e-11
4700.056 6.769949291900088e-11
4750.056 3.2384562147999956e-11
4800.056 8.604091530199876e-12
4850.056 2.2039227890999722e-12
4900.056 8.84635885969993e-13
4950.056 3.919116235499965e-13
5000.056 1.357503403819983e-13
5050.056 5.0825325931999835e-14
5100.056 4.018447394100004e-14
5150.056 3.504019682300011e-14
5200.056 3.096523327699999e-14
5250.056 2.7211186408999968e-14
5300.056 2.440549115899997e-14
5350.056 2.2678168603999985e-14
5400.056 2.166042880999998e-14
5450.056 2.1190498495000027e-14
5500.056 2.1102834721000084e-14
5550.056 2.127663534300002e-14
5600.056 2.1495912695e-14
5650.056 2.1538190765999975e-14
5700.056 2.1080958589999996e-14
5750.056 1.994472147399998e-14
5800.056 1.7394584020999948e-14
5850.056 1.1884462391399834e-14
5900.056 3.589861445354511e-15
5950.056 2.3574503024000504e-14
6000.056 4.987879181699995e-14
6050.056 8.863744035500112e-14
6100.056 1.4688081077000137e-13
6150.056 2.3637095964000176e-13
6200.056 3.7789086087000255e-13
6250.056 6.01540185690003e-13
6300.056 9.699881759700065e-13
6350.056 1.5655089637000134e-12
6400.056 2.512585256400021e-12
6450.056 3.922217292499953e-12
6500.056 6.1631615528999925e-12
6550.056 9.546544991400039e-12
6600.056 1.4583746197900283e-11
6650.056 2.182048686300016e-11
6700.056 2.6957103781920192e-11
6750.056 4.459410315800027e-11
6800.056 5.897745477000039e-11
6850.056 6.863516314100014e-11
6900.056 6.712025860000086e-11
6950.056 6.112544134499954e-11
7000.056 6.275822544700079e-11
7050.056 6.865420468899902e-11
7100.056 7.59515221919996e-11
7150.056 7.657741967809865e-11
7200.056 7.470508653714096e-11
7250.056 7.210382139299561e-11
7300.056 6.527404241419993e-11
7350.056 5.825605338829838e-11
7400.056 5.121279248600136e-11
7450.056 4.323536295700083e-11
7500.056 3.4814771599999647e-11
7550.056 2.6219776605999794e-11
7600.056 1.885236994499983e-11
7650.056 4.686679018794764e-12
7700.056 2.9607623597861478e-12
7750.056 1.712644960600033e-11
7800.056 3.2505431401400396e-11
7850.056 6.883916898700031e-11
7900.056 1.1413997180299987e-10
7950.056 1.4273720937866178e-10
8000.056 2.652685720700034e-10
8050.056 3.7344517165000884e-10
8100.056 4.768027083720025e-10
8150.056 6.114582976034949e-10
8200.056 8.2853156224006e-10
8250.056 1.0339839372899317e-09
8300.056 1.30260865583121e-09
8350.056 1.5724789976528552e-09
8400.056 1.91441576436594e-09
8450.056 2.3770739775799027e-09
8500.056 2.5923702352137837e-09
8550.056 3.3563425081000603e-09
8600.056 4.171259526100024e-09
8650.056 4.865647391900041e-09
8700.056 5.626659511899937e-09
8750.056 6.538774083200069e-09
8800.056 7.455642105500166e-09
8850.056 7.989331392999841e-09
8900.056 6.4998545567695645e-09
8950.056 6.337639044111582e-09
9000.056 7.38020708908366e-09
9050.056 1.1266746933494652e-08
9100.056 1.292791943452434e-08
9150.056 1.3695939956313673e-08
9200.056 1.6372854018779826e-08
9250.056 1.6431930608751662e-08
9300.056 8.469650869111334e-09
9350.056 9.942797364746785e-09
9400.056 1.3348642453502917e-08
9450.056 1.6171591102222642e-08
9500.056 1.5708073564897556e-08
9550.056 1.7872647243518416e-08
9600.056 1.774241587398036e-08
9650.056 2.032992375365874e-08
9700.056 2.4378721361822303e-08
9750.056 2.5449193708004146e-08
9800.056 2.8275636929233605e-08
9850.056 3.18514713924563e-08
9900.056 3.582471907102381e-08
9950.056 3.702970838443824e-08
10000.056 3.548456189409421e-08
10050.056 4.48236779948008e-08
10100.056 5.368189477899367e-08
10150.056 6.127828924899152e-08
10200.056 7.070618039499885e-08
10250.056 7.922643814600024e-08
10300.056 8.961998233000028e-08
10350.056 1.0252503933199947e-07
10400.056 1.1635924991699721e-07
10450.056 1.2553039941099614e-07
10500.056 1.322882317220021e-07
10550.056 1.3978980000700507e-07
10600.056 1.476835803059934e-07
10650.056 1.582382174770055e-07
10700.056 1.6396221468301e-07
10750.056 1.7339402990860504e-07
10800.056 1.7867658171660358e-07
10850.056 1.7626817653158965e-07
10900.056 1.3734775676619422e-07
10950.056 8.098850720986959e-08
11000.056 6.883861964853657e-08
11050.056 5.4711815741485546e-08
11100.056 4.2183447997194566e-08
11150.056 2.8512443295834727e-08
11200.056 2.6321099902085443e-08
11250.056 3.0864906777543994e-08
11300.056 3.3365096252190936e-08
11350.056 1.704727637853784e-08
11400.056 2.796383769959883e-08
11450.056 2.4944501065777964e-08
11500.056 2.228699274902302e-08
11550.056 1.0858634994523943e-08
11600.056 1.23688830611165e-08
11650.056 1.970951370976267e-08
11700.056 1.894322955348321e-08
11750.056 7.488799809026141e-09
11800.056 2.222388705637366e-08
11850.056 3.4417772931629825e-08
11900.056 4.00605720772177e-08
11950.056 5.711218852699868e-08
12000.056 7.369857692359456e-08
12050.056 9.481639772142534e-08
12100.056 1.1747949151124152e-07
12150.056 1.448987348230919e-07
12200.056 1.7020966210136994e-07
12250.056 1.9884549074825036e-07
12300.056 2.3260267460102807e-07
12350.056 2.454916715530088e-07
12400.056 2.729790841479926e-07
12450.056 2.7010224037701864e-07
12500.056 2.91192314203001e-07
12550.056 3.152376744860286e-07
12600.056 3.7912811066501627e-07
12650.056 3.7331399588899754e-07
12700.056 3.8185212673805875e-07
12750.056 3.659435128926323e-07
12800.056 3.63539612342015e-07
12850.056 3.093321142821804e-07
12900.056 2.696151332666193e-07
12950.056 2.6591716236754784e-07
13000.056 2.4722419696694315e-07
13050.056 2.178078245791082e-07
13100.056 1.971620900758856e-07
13150.056 1.6055794502889125e-07
13200.056 1.387519737264621e-07
13250.056 1.0674875660952993e-07
13300.056 5.33115171451115e-08
13350.056 1.841588721763908e-08
13400.056 1.3511402095853182e-08
13450.056 7.44074093753172e-09
13500.056 5.078937242816114e-09
13550.056 3.523068522655483e-09
13600.056 1.6071445414671275e-09
13650.056 4.128863052436448e-09
13700.056 3.308437478394189e-09
13750.056 3.2285482057264926e-09
13800.056 3.47415357201154e-09
13850.056 2.8496033901644697e-09
13900.056 3.026797532060651e-09
13950.056 2.61178339007396e-09
14000.056 2.6464157004662874e-09
14050.056 3.3317925123574436e-09
14100.056 3.3118356706348516e-09
14150.056 4.734005929334592e-09
14200.056 3.76453267035166e-09
14250.056 4.344319742534526e-09
14300.056 6.840171327542737e-09
14350.056 7.199104122490891e-09
14400.056 8.488895014846635e-09
14450.056 9.474080205668553e-09
14500.056 1.6065863752747568e-08
14550.056 1.853598490982826e-08
14600.056 2.3254923434836736e-08
14650.056 2.3742110607509358e-08
14700.056 1.962212799315802e-08
14750.056 2.2835443872979854e-08
14800.056 2.9813868817861724e-08
14850.056 3.29898643198131e-08
14900.056 3.512365626567485e-08
14950.056 3.888577378405946e-08
15000.056 4.594176312061575e-08
15050.056 5.120871781993393e-08
15100.056 5.5576736691264055e-08
15150.056 6.180982531367529e-08
15200.056 6.514789867504284e-08
15250.056 8.103392148803648e-08
15300.056 9.213427213926943e-08
15350.056 1.0319997272214898e-07
15400.056 1.1799927243842243e-07
15450.056 1.314727376780154e-07
15500.056 1.3881960043337093e-07
15550.056 1.5766188269710544e-07
15600.056 1.617960474208056e-07
15650.056 1.754129605640113e-07
15700.056 2.018944794960632e-07
15750.056 2.1586865052999075e-07
15800.056 2.1126710024504528e-07
15850.056 2.267479177569974e-07
15900.056 2.0912000917601288e-07
15950.056 1.986245915499615e-07
16000.056 1.6120045555400722e-07
16050.056 1.1215439003669667e-07
16100.056 8.197678282329254e-08
16150.056 5.5298664142372424e-08
16200.056 3.6681329279379986e-08
16250.056 3.0483252307231645e-08
16300.056 2.3174315981586097e-08
16350.056 2.603005686383401e-08
16400.056 3.214086435635164e-08
16450.056 3.3930362275366325e-08
16500.056 3.60342946328256e-08
16550.056 3.5598059837302896e-08
16600.056 3.4532453113307356e-08
16650.056 2.8066897076982784e-08
16700.056 8.284261355766636e-09
16750.056 1.2049578513589788e-08
16800.056 2.1834213875558347e-08
16850.056 2.5230066606894153e-08
16900.056 1.8978982235629033e-08
16950.056 1.4142064044186747e-08
17000.056 9.881359107738428e-09
17050.056 1.670207841295151e-08
17100.056 2.3068365908220932e-08
17150.056 1.6002143573902772e-08
17200.056 2.7975770283204107e-08
17250.056 2.4299737306939698e-08
17300.056 1.7277912958903854e-08
17350.056 1.5716706926508358e-08
17400.056 1.9322617502579843e-08
17450.056 2.336176235170031e-08
17500.056 2.8334015988354557e-08
17550.056 2.721792057451363e-08
17600.056 2.2837175428268928e-08
17650.056 2.2995616368089006e-08
17700.056 1.6692187319916124e-08
17750.056 1.6748485171539856e-08
17800.056 2.63463473263988e-08
17850.056 1.7863043477876914e-08
17900.056 1.5106008140965078e-08
17950.056 1.2973518108603897e-08
18000.056 1.5941653002374548e-08
18050.056 1.6536186575141045e-08
18100.056 1.8616149296469278e-08
18150.056 2.3537843884397905e-08
18200.056 1.5091095907190286e-08
18250.056 3.040803225453274e-08
18300.056 2.008302858556784e-08
18350.056 1.6253363855246702e-08
18400.056 1.637375731760693e-08
18450.056 2.0699012074130033e-08
18500.056 2.273781070425191e-08
18550.056 1.814494523731705e-08
18600.056 1.6276625021628282e-08
18650.056 1.654217628864834e-08
18700.056 1.4674496637010713e-08
18750.056 2.020854334715532e-08
18800.056 3.3172273839228325e-08
18850.056 3.8293624314314674e-08
18900.056 3.652181466061663e-08
18950.056 5.0931750475169584e-08
19000.056 3.8336273657289697e-08
19050.056 2.9486677371934755e-08
19100.056 4.6335355831137946e-08
19150.056 3.5829563347284945e-08
19200.056 4.2765507330231556e-08
19250.056 3.40075944023316e-08
19300.056 3.1949417995934584e-08
19350.056 2.7027845897226703e-08
19400.056 2.1000498428797618e-08
19450.056 3.5785191945227105e-08
19500.056 3.435380400464154e-08
19550.056 2.469168740110481e-08
19600.056 3.6434062261115985e-08
19650.056 3.936798156954272e-08
19700.056 4.1061562243230494e-08
19750.056 4.5552220724979616e-08
19800.056 4.59726852659323e-08
19850.056 5.773913252099458e-08
19900.056 4.698995078045174e-08
19950.056 7.208666368701332e-08
20000.056 6.616737779779035e-08
20050.056 7.138133531195749e-08
20100.056 8.612972328379352e-08
20150.056 8.013674180954237e-08
20200.056 8.743093364796113e-08
20250.056 1.0417086810771885e-07
20300.056 1.0471448969313689e-07
20350.056 1.1756868758180107e-07
20400.056 1.129812218985588e-07
20450.056 1.3376328714456323e-07
20500.056 1.4346864790770059e-07
20550.056 1.4263415468421747e-07
20600.056 1.5887294456771314e-07
20650.056 1.597904921353431e-07
20700.056 1.651451561247135e-07
20750.056 1.7220615836857801e-07
20800.056 1.7376192732258714e-07
20850.056 1.6891829153699684e-07
20900.056 1.742900599380496e-07
20950.056 1.660583344649867e-07
21000.056 1.5982400537604058e-07
21050.056 1.5756171949358582e-07
21100.056 1.4664111487491702e-07
21150.056 1.4770139521567008e-07
21200.056 1.3389730871740427e-07
21250.056 1.2467845635598205e-07
21300.056 1.047500175448322e-07
21350.056 1.0540275730185808e-07
21400.056 9.679067561842837e-08
21450.056 8.763246358995507e-08
21500.056 7.867846993969416e-08
21550.056 7.08866263500246e-08
21600.056 5.992429288106984e-08
21650.056 5.029931722335107e-08
21700.056 4.9728181843992266e-08
21750.056 4.317530843485341e-08
21800.056 3.5753325406108236e-08
21850.056 3.21196115608189e-08
21900.056 2.2669746542754644e-08
21950.056 1.3175656572857249e-08
22000.056 5.163360049065982e-09
22050.056 3.520502553571622e-09
22100.056 6.360358890315886e-09
22150.056 9.289605261373702e-09
22200.056 1.0777932995601713e-08
22250.056 8.930028403531502e-09
22300.056 7.0536364722817416e-09
22350.056 6.9563220177622284e-09
22400.056 4.758435684286003e-09
22450.056 4.326860726831147e-09
22500.056 3.8796981960495934e-09
22550.056 3.1268749302419563e-09
22600.056 3.2207437929716793e-09
22650.056 3.7070655875721344e-09
22700.056 3.056872652278723e-09
22750.056 3.2554463062872737e-09
22800.056 2.9833515923813962e-09
22850.056 2.5968363121688897e-09
22900.056 2.182019544997279e-09
22950.056 2.0755627803296056e-09
23000.056 2.75488210738703e-09
23050.056 3.6341800927274363e-09
23100.056 7.05591074097109e-09
23150.056 8.053900811585552e-09
23200.056 1.7577754181056745e-09
23250.056 2.3270175396526978e-09
23300.056 2.1771666068171246e-09
23350.056 2.2713889437739844e-09
23400.056 2.5343397520516107e-09
23450.056 2.316553628640147e-09
23500.056 2.5452608295753455e-09
23550.056 3.3501098313858274e-09
23600.056 3.863703065825793e-09
23650.056 5.440634090442628e-09
23700.056 3.0954836353108833e-09
23750.056 2.421052177456605e-09
23800.056 3.0961042530871458e-09
23850.056 3.446587410721938e-09
23900.056 5.422847398576471e-09
23950.056 5.836473846755369e-09
24000.056 6.701747882662824e-09
24050.056 8.710701077077727e-09
24100.056 8.054019066533318e-09
24150.056 9.565344324176913e-09
24200.056 8.99128789978145e-09
24250.056 7.511732886966005e-09
24300.056 9.59354497496968e-09
24350.056 8.203727027531506e-09
24400.056 1.1644960928740362e-08
24450.056 1.1810300404055565e-08
24500.056 1.2012908355172345e-08
24550.056 1.5017883790943506e-08
24600.056 1.522659826295898e-08
24650.056 1.9517553887008687e-08
24700.056 1.4692599977557792e-08
24750.056 1.7220152384048725e-08
24800.056 1.778796108199295e-08
24850.056 2.3420754197505626e-08
24900.056 1.536942071014095e-08
24950.056 2.5341075855642557e-08
25000.056 2.3389185030433746e-08
25050.056 1.7627540068499045e-08
25100.056 2.408436068041041e-08
25150.056 1.6375212914292638e-08
25200.056 2.1740316103667852e-08
25250.056 1.4996985513830684e-08
25300.056 2.184982813175622e-08
25350.056 1.3120497606593934e-08
25400.056 2.316194205739947e-08
25450.056 1.3065872184611742e-08
25500.056 1.3000597005860807e-08
25550.056 1.5179888379150676e-08
25600.056 1.2026820414487122e-08
25650.056 9.096050561058379e-09
25700.056 1.612630959816521e-08
25750.056 7.231609478285994e-09
25800.056 1.624054016352233e-08
25850.056 7.935334529284492e-09
25900.056 1.0603373904552856e-08
25950.056 6.291803987232727e-09
26000.056 1.7928390239139588e-08
26050.056 9.699896005050847e-09
26100.056 1.623628643515888e-08
26150.056 1.2305434153334824e-08
26200.056 1.4581198096312892e-08
26250.056 2.4125393480863187e-08
26300.056 1.5792390283072537e-08
26350.056 2.995357250558402e-08
26400.056 3.054039053942842e-08
26450.056 3.282601525843612e-08
26500.056 3.675111236907201e-08
26550.056 1.941452892605568e-08
26600.056 2.8133805897338085e-08
26650.056 1.2277418312348131e-08
26700.056 1.1438838401720616e-08
26750.056 8.011143140341282e-09
26800.056 1.4133107620455928e-08
26850.056 8.140722620353948e-09
26900.056 1.94819280619296e-08
26950.056 9.888228580651574e-09
27000.056 2.6164180105660322e-08
27050.056 2.0533039007366412e-08
27100.056 1.4072582441807825e-08
27150.056 2.9807901048502625e-08
27200.056 1.531295491288302e-08
27250.056 1.993689271011134e-08
27300.056 4.717915797226764e-08
27350.056 3.294286173274046e-08
27400.056 9.434513827959428e-09
27450.056 4.2801250818117506e-08
27500.056 4.108752027861136e-08
27550.056 1.7678644366042963e-08
27600.056 3.3451328900238136e-08
27650.056 1.520504142521068e-08
27700.056 1.2358232128174826e-08
27750.056 3.557037944067123e-08
27800.056 1.4898227975926573e-08
27850.056 1.9750414943283367e-08
27900.056 2.103742234346982e-08
27950.056 3.817833221733027e-08
28000.056 3.061542401790254e-08
28050.056 1.0325933407167126e-08
28100.056 3.8400907698917194e-08
28150.056 2.4231300985165598e-08
28200.056 1.2157619141504677e-08
28250.056 3.862141395505596e-08
28300.056 4.880825577736474e-08
28350.056 1.7048734761350433e-08
28400.056 2.996020301423881e-08
28450.056 4.031350635816066e-08
28500.056 3.147695399312395e-08
28550.056 1.2309672903863897e-08
28600.056 4.561156440342445e-08
28650.056 3.853497255232003e-08
28700.056 3.486330778398497e-08
28750.056 5.117351053255169e-08
28800.056 3.908073984601015e-08
