galfind/configs/Brown_Dwarf_templates/sonora_bobcat/m0.0/56g/sp_t350g56nc_m0.0_resample.dat
# %ECSV 1.0
# ---
# datatype:
# - {name: wav, unit: Angstrom, datatype: float64}
# - {name: flux_nu, unit: erg / (cm2 Hz s), datatype: float64}
# meta: {C/O: '1.00', Kzz: '1.0000E+05', Teff: '350.', Y: '0.28', '[Fe/H]': '0.00', f_hole: '1.00', f_rain: '0.00', grav: '56.'}
# schema: astropy-2.0
wav flux_nu
[from data line 499]
28950.056 2.4000366708503817e-11
29000.056 1.351715405718201e-11
29050.056 2.3349349647735027e-11
29100.056 1.0524666359215438e-11
29150.056 1.2163204706224224e-11
29200.056 4.448897727566448e-11
29250.056 3.7977638637256184e-11
29300.056 2.019941042455319e-11
29350.056 5.488333801018949e-11
29400.056 2.73287663788216e-11
29450.056 1.1551112078900426e-11
29500.056 6.080925445225719e-11
29550.056 1.7691925416856502e-11
29600.056 2.128355246794002e-11
29650.056 8.566214646200753e-11
29700.056 1.4592377491801125e-11
29750.056 6.236710179294414e-11
29800.056 3.6540752329279824e-11
29850.056 7.02897799086136e-11
29900.056 2.9320442926219456e-11
29950.056 4.151141891223633e-11
30000.056 4.900785480795849e-13
30050.056 4.1978774372918175e-12
30100.056 2.1505134798860182e-11
30150.056 8.222629600162681e-11
30200.056 4.7439430787824626e-11
30250.056 8.481154396171669e-11
30300.056 1.3369941310109998e-10
30350.056 2.3964802991019016e-11
30400.056 1.1954441433859106e-10
30450.056 9.675190328943703e-11
30500.056 4.438265124347609e-11
30550.056 3.818964005931528e-11
30600.056 3.652918145175695e-10
30650.056 1.418230292590889e-10
30700.056 6.493434118056406e-11
30750.056 1.6016977456023864e-10
30800.056 1.4428209532054409e-10
30850.056 1.643205896903343e-10
30900.056 7.338478423504835e-11
30950.056 6.458601303913747e-11
31000.056 8.671955037737455e-11
31050.056 4.3269137197181365e-11
31100.056 3.2055978898416413e-11
31150.056 6.03268453127086e-11
31200.056 2.1862817637846365e-10
31250.056 1.1462312709242999e-10
31300.056 6.056481094456137e-11
31350.056 1.7948785079214443e-10
31400.056 1.2081835937646592e-10
31450.056 1.1639037647734221e-10
31500.056 3.82565699638379e-11
31550.056 7.064193572815387e-11
31600.056 5.178712203306139e-11
31650.056 4.3756574981909443e-11
31700.056 3.556474276054478e-11
31750.056 1.908795059073023e-11
31800.056 3.5018984888605714e-11
31850.056 5.467536066460532e-12
31900.056 1.323031204241013e-11
31950.056 8.887411312190764e-12
32000.056 5.002364014703829e-12
32050.056 9.015506311264897e-12
32100.056 7.932275564427672e-12
32150.056 6.913721578118478e-12
32200.056 3.034099644079893e-12
32250.056 7.924492359536713e-12
32300.056 2.00267953568855e-12
32350.056 7.539183501916727e-12
32400.056 7.532151806935616e-13
32450.056 4.8218926354238866e-12
32500.056 7.684680295565338e-13
32550.056 3.588577205209485e-12
32600.056 6.912940484042342e-13
32650.056 1.1135764197227222e-11
32700.056 1.181837252541536e-12
32750.056 2.6358899311995677e-11
32800.056 1.0769682197575974e-11
32850.056 6.11883589144435e-11
32900.056 4.761283636324177e-11
32950.056 5.027588732176666e-11
33000.056 1.2325690897497147e-11
33050.056 1.450641224526186e-11
33100.056 2.4283810215430716e-12
33150.056 5.440238137433225e-16
33200.056 7.211928612230197e-14
33250.056 1.2423173604599762e-13
33300.056 1.8876176468429382e-12
33350.056 5.065301606399647e-12
33400.056 2.375686669096149e-11
33450.056 8.979405217402646e-12
33500.056 3.9667091931501663e-11
33550.056 6.0197623811750446e-12
33600.056 1.9068226486070342e-11
33650.056 1.746435856912525e-11
33700.056 4.209642452188832e-12
33750.056 2.6189581576089643e-11
33800.056 1.5001756209260538e-12
33850.056 1.2095865177519066e-11
33900.056 1.3991294712239036e-11
33950.056 1.129093543254902e-11
34000.056 2.900797528351197e-11
34050.056 3.937711419284403e-12
34100.056 2.92514082735696e-11
34150.056 1.0871891168339838e-11
34200.056 3.752179094159065e-11
34250.056 1.7147683056560035e-11
34300.056 2.1328635440376097e-11
34350.056 5.992158278476856e-11
34400.056 1.2954059332100957e-11
34450.056 5.105122810641133e-11
34500.056 2.0454908039104773e-11
34550.056 2.0554300203664103e-11
34600.056 1.0495436847477781e-10
34650.056 1.0370006684448123e-11
34700.056 6.462906672967938e-11
34750.056 3.8336569398098516e-11
34800.056 3.5574785815037636e-11
34850.056 1.2396247584125798e-10
34900.056 1.8185898113043415e-11
34950.056 1.148381767219822e-10
35000.056 1.88192802309199e-10
35050.056 1.0674912152671834e-10
35100.056 2.2815250947934103e-10
35150.056 1.7750288175066595e-10
35200.056 1.4599337266976035e-10
35250.056 2.81242554845703e-10
35300.056 1.0121400913043507e-10
35350.056 1.1262587545763207e-10
35400.056 7.72181095936705e-11
35450.056 7.916255945986342e-11
35500.056 3.008877714221099e-10
35550.056 1.5459439844512887e-10
35600.056 2.2630758333195642e-10
35650.056 2.95829818662319e-10
35700.056 3.158320318608268e-10
35750.056 3.4843308650043997e-10
35800.056 2.5983574977910865e-10
35850.056 9.699318482753106e-11
35900.056 1.225781456477478e-10
35950.056 1.821414948700427e-10
36000.056 2.5133117713510294e-10
36050.056 1.5940660543626192e-10
36100.056 1.509510963996729e-10
36150.056 4.6554535160014236e-10
36200.056 4.5381706521426206e-10
36250.056 2.831839760492454e-10
36300.056 8.062761172779053e-10
36350.056 3.87179845802419e-10
36400.056 7.079095906638045e-10
36450.056 6.590089647687942e-10
36500.056 6.818239773906702e-10
36550.056 1.1674197902949207e-09
36600.056 1.11472156457202e-09
36650.056 7.426764883707254e-10
36700.056 9.275198629945929e-10
36750.056 1.1806665659160458e-09
36800.056 1.4507126582762806e-09
36850.056 5.817639860431925e-10
36900.056 1.1225682863024326e-09
36950.056 1.4378952423950461e-09
37000.056 8.878766983987947e-10
37050.056 1.5924074409030737e-09
37100.056 8.52756840747049e-10
37150.056 9.277594847829702e-10
37200.056 1.9529191376555892e-09
37250.056 1.1105373843607304e-09
37300.056 6.531363494665065e-10
37350.056 1.3043873156385022e-09
37400.056 2.112880499974451e-09
37450.056 7.239449227258916e-10
37500.056 1.2270986587121245e-09
37550.056 2.3928311815786157e-09
37600.056 4.093879910098976e-09
37650.056 9.926078498101638e-10
37700.056 2.0837742346864523e-09
37750.056 1.4695993036342281e-09
37800.056 1.3268515964578006e-09
37850.056 6.297978833128022e-10
37900.056 8.562760445829273e-10
37950.056 1.96286243426376e-09
38000.056 1.8268493713971745e-09
38050.056 3.079027730930096e-09
38100.056 3.551101665518407e-09
38150.056 4.297442068271022e-09
38200.056 3.180467286978259e-09
38250.056 4.018429253761805e-09
38300.056 6.106122454897591e-09
38350.056 5.1870882179475615e-09
38400.056 1.7281170448751669e-09
38450.056 6.205510010765066e-10
38500.056 4.301563953419487e-10
38550.056 2.01911030279234e-09
38600.056 2.166516524295091e-09
38650.056 2.6204658108791014e-09
38700.056 1.5038801598544593e-09
38750.056 2.152132520573023e-09
38800.056 2.174954718719902e-09
38850.056 2.7091335391696643e-09
38900.056 3.346357682153956e-09
38950.056 1.882043541114944e-09
39000.056 3.917016643019367e-09
39050.056 1.6859263947467183e-09
39100.056 3.0810595861256603e-09
39150.056 4.63869952035241e-09
39200.056 2.868242917771592e-09
39250.056 5.477422760039417e-09
39300.056 2.959798998665301e-09
39350.056 6.643297085187563e-09
39400.056 3.1297795580002433e-09
39450.056 5.174787665316423e-09
39500.056 5.018659802945176e-09
39550.056 2.0787623960062954e-09
39600.056 5.1222488036043884e-09
39650.056 6.045869374668928e-09
39700.056 6.204740379897213e-09
39750.056 2.719722266168379e-09
39800.056 3.014579386389347e-09
39850.056 7.3785966061015645e-09
39900.056 9.338361323780579e-09
39950.056 3.20457410463453e-09
40000.056 6.510758347951906e-09
40050.056 7.554617857579544e-09
40100.056 2.4366284879586826e-09
40150.056 6.819960811535413e-09
40200.056 7.3623391770820105e-09
40250.056 8.480585041828002e-09
40300.056 8.42055184519918e-09
40350.056 4.7270377388182795e-09
40400.056 6.844505725540315e-09
40450.056 3.104280972413436e-09
40500.056 9.255496698811221e-09
40550.056 1.0302671911797784e-08
40600.056 7.3915918110802264e-09
40650.056 5.4888359912114155e-09
40700.056 1.1655637512722348e-08
40750.056 7.4803141822473e-09
40800.056 4.408201577812066e-09
40850.056 1.5047234771904123e-08
40900.056 1.2115697312358512e-08
40950.056 1.0622875024229677e-08
41000.056 7.502921980094482e-09
41050.056 1.5873566975495077e-08
41100.056 1.2820552850480053e-08
41150.056 4.389282420413969e-09
41200.056 1.627902648387256e-08
41250.056 1.148701572817268e-08
41300.056 1.22113300795021e-08
41350.056 1.7066220821698056e-08
41400.056 1.3703282460799275e-08
41450.056 2.0405091138794904e-08
41500.056 1.2151932954948457e-08
41550.056 1.0602062627859158e-08
41600.056 1.1249275352333731e-08
41650.056 1.669313982623175e-08
41700.056 2.2723317936093614e-08
41750.056 1.6517494199696802e-08
41800.056 1.6192186938203772e-08
41850.056 1.6499391045406918e-08
41900.056 1.3295364371750227e-08
41950.056 1.276283706223029e-08
42000.056 5.934697747295124e-09
42050.056 9.061650349081216e-09
42100.056 9.49957543667966e-09
42150.056 1.1763026552611719e-08
42200.056 1.4676333933530128e-08
42250.056 1.1015217900107816e-08
42300.056 1.0163472587055166e-08
42350.056 1.780997961952063e-08
42400.056 2.190446987880274e-08
42450.056 2.1876868955505617e-08
42500.056 2.188267161059637e-08
42550.056 1.8256985395395418e-08
42600.056 1.8559854894438796e-08
42650.056 2.9399280776390374e-08
42700.056 1.2603919208075965e-08
42750.056 2.182928989120395e-08
42800.056 3.347530422370463e-08
42850.056 3.300164594719104e-08
42900.056 3.389327716730622e-08
42950.056 2.7430878873897702e-08
43000.056 3.15259269698043e-08
43050.056 1.5318192406821266e-08
43100.056 2.478639547099776e-08
43150.056 1.9878472427502666e-08
43200.056 3.392190511300323e-08
43250.056 4.20139740010014e-08
43300.056 4.019320838719918e-08
43350.056 2.19009508433933e-08
43400.056 3.242518922450208e-08
43450.056 1.939926872150087e-08
43500.056 1.8372582697573985e-08
43550.056 2.1573183107823214e-08
43600.056 3.7983454422405255e-08
43650.056 2.3241925910120017e-08
43700.056 4.3343284210612067e-08
43750.056 4.009586214899576e-08
43800.056 3.517986456759574e-08
43850.056 3.095808846900224e-08
43900.056 2.302022590168683e-08
43950.056 1.4395169242598553e-08
44000.056 1.5666225873198654e-08
44050.056 4.2390172959999944e-08
44100.056 5.382034007799899e-08
44150.056 4.795807608779923e-08
44200.056 4.4833765461000994e-08
44250.056 2.2506612357797377e-08
44300.056 1.8163436723302678e-08
44350.056 1.9414743968922814e-08
44400.056 1.7396912657898e-08
44450.056 3.481376726730198e-08
44500.056 3.206009603460496e-08
44550.056 4.588729589899733e-08
44600.056 3.826455842588874e-08
44650.056 3.341563696420399e-08
44700.056 2.2411330875198028e-08
44750.056 3.869835145730812e-08
44800.056 2.3183393943161998e-08
44850.056 3.1300345159802185e-08
44900.056 3.020502873760132e-08
44950.056 3.635004565400472e-08
45000.056 4.4910016971002064e-08
45050.056 3.7716183598694495e-08
45100.056 3.356409689239994e-08
45150.056 2.8453510099844036e-08
45200.056 2.2232714320402083e-08
45250.056 2.7013690719492536e-08
45300.056 2.5396270066303735e-08
45350.056 1.8395544909865962e-08
45400.056 5.676520759700722e-08
45450.056 4.254998184140413e-08
45500.056 5.623290672360389e-08
45550.056 5.740087830288331e-08
45600.056 4.700201731000913e-08
45650.056 3.8655951371000444e-08
45700.056 2.436393286407764e-08
45750.056 2.2819290657901734e-08
45800.056 5.781102105670229e-08
45850.056 4.2083971405698866e-08
45900.056 5.8545306154995354e-08
45950.056 5.338812019599878e-08
46000.056 5.4624687098005726e-08
46050.056 3.91415103846054e-08
46100.056 6.918796804499447e-08
46150.056 3.830708278730171e-08
46200.056 3.104127092129452e-08
46250.056 1.1675089973327809e-08
46300.056 3.7910817252600484e-08
46350.056 3.8974311341006047e-08
46400.056 3.6214112709800565e-08
46450.056 3.352961743442076e-08
46500.056 3.8695279107508105e-08
46550.056 1.828993274435057e-08
46600.056 2.790770986735589e-08
46650.056 4.539978299660282e-08
46700.056 2.904843490349204e-08
46750.056 1.2993015438922498e-08
46800.056 8.068462067229923e-09
46850.056 4.228365478760693e-08
46900.056 4.6293025956698496e-08
46950.056 4.709956676499641e-08
47000.056 4.594302615750669e-08
47050.056 3.0230797392067026e-08
47100.056 2.153873709502292e-08
47150.056 3.6785549305104584e-08
47200.056 4.019542053179687e-08
47250.056 2.0150080245497102e-08
47300.056 1.3079852126674994e-08
47350.056 4.572984787700292e-08
47400.056 4.191762305599535e-08
47450.056 2.9690653778794245e-08
47500.056 4.9826958754498376e-08
47550.056 4.3761016610402523e-08
47600.056 3.744005328859636e-08
47650.056 4.1149546583555e-08
47700.056 3.0607189821758677e-08
47750.056 2.250075834270092e-08
47800.056 1.720663949880277e-08
47850.056 7.413247742081616e-09
47900.056 1.291549002279935e-08
47950.056 3.431493528780212e-08
48000.056 4.800298921900067e-08
48050.056 3.7822515245001e-08
48100.056 1.525843861578203e-08
48150.056 3.086706547200104e-08
48200.056 1.823699495097098e-08
48250.056 2.4564234411298913e-08
48300.056 4.620628738199671e-08
48350.056 2.5538571204796622e-08
48400.056 5.324682527180445e-09
48450.056 1.1384473916644954e-08
48500.056 2.109991000449471e-08
48550.056 2.4150988239082645e-08
48600.056 3.719241313099833e-08
48650.056 4.832271956699594e-08
48700.056 3.0032442039905564e-08
48750.056 2.250670046890691e-08
48800.056 4.063913068530113e-08
48850.056 1.9808148427166688e-08
48900.056 2.3022270438961394e-08
48950.056 1.158737440949985e-08
49000.056 6.120991630896877e-09
49050.056 2.2676402150296897e-08
49100.056 3.20215505439662e-08
49150.056 2.384995474399317e-08
49200.056 4.094224246800718e-08
49250.056 4.188462450800128e-08
49300.056 3.392136145859933e-08
49350.056 1.1471278538200905e-08
49400.056 1.794763944000468e-08
49450.056 1.6169168181363993e-08
49500.056 1.203962651190607e-08
49550.056 2.006058048925053e-09
49600.056 6.475096514567305e-09
49650.056 2.0129700408902074e-08
49700.056 2.341791029449227e-08
49750.056 2.0331963940570453e-08
49800.056 1.1976810095506187e-08
49850.056 3.037908955140492e-08
49900.056 2.6526763779097792e-08
49950.056 2.6829874622700502e-08
50000.056 1.6778832056242545e-08
50050.056 2.1293952516101228e-08
50100.056 1.6988248473198704e-08
50150.056 6.721209856878532e-09
50200.056 8.831668730544311e-10
50250.056 6.850366498199898e-09
50300.056 4.361917458706898e-09
50350.056 1.986674169480366e-08
50400.056 2.2917362403896268e-08
50450.056 1.8004002340522062e-08
50500.056 2.8970732351481035e-08
50550.056 2.4910146415702035e-08
50600.056 1.740012114566507e-08
50650.056 3.108955438530448e-08
50700.056 2.846481752099649e-08
50750.056 1.6537626740600914e-08
50800.056 4.448782931883076e-09
50850.056 1.9700312789750314e-09
50900.056 1.6400000907301507e-08
50950.056 1.6218108135598148e-08
51000.056 1.1829894163790208e-08
51050.056 2.079150044089722e-08
51100.056 6.719635114414264e-09
51150.056 6.6184989907812685e-09
51200.056 2.515572217099968e-08
51250.056 1.831794089677713e-08
51300.056 1.1743933946834082e-08
51350.056 9.645614911848438e-09
51400.056 2.335203764301485e-09
51450.056 1.95956098286327e-09
51500.056 1.9570233076428512e-09
51550.056 9.211386235461957e-09
51600.056 9.083675647232537e-09
51650.056 1.3368979938799677e-08
51700.056 1.3049504280742172e-08
51750.056 8.002815856796848e-09
51800.056 1.682079741499793e-08
51850.056 1.3226775753999045e-08
51900.056 1.4052099858299393e-08
51950.056 6.79155076209921e-09
52000.056 5.082640697587985e-10
52050.056 3.3285765874504255e-09
52100.056 1.6578454092396556e-09
52150.056 8.420054659131458e-10
52200.056 3.907227725239935e-09
52250.056 6.8434563520917755e-09
52300.056 8.112366715499425e-09
52350.056 1.9894607978153483e-09
52400.056 2.289134479763003e-09
52450.056 1.116763120350082e-08
52500.056 7.62385039673603e-09
52550.056 1.0919721208799435e-08
52600.056 8.602901730519905e-09
52650.056 1.0421625139500604e-08
52700.056 6.754655143089411e-09
52750.056 1.8655631278883374e-09
52800.056 4.188631062750792e-09
52850.056 4.977894018688704e-09
52900.056 1.4998248979757507e-09
52950.056 2.9508913007564765e-09
53000.056 6.337250959201224e-09
53050.056 2.067039396559348e-09
53100.056 8.933231466399395e-09
53150.056 8.789519452040515e-09
53200.056 4.1009683964227016e-09
53250.056 7.46819151898024e-09
53300.056 9.297349537179683e-09
53350.056 6.935218445020544e-09
53400.056 4.113828547698754e-09
53450.056 1.1404918620595557e-09
53500.056 1.47246383046945e-10
53550.056 4.319054757400132e-10
