galfind/configs/Brown_Dwarf_templates/sonora_bobcat/m0.0/56g/sp_t650g56nc_m0.0_resample.dat
# %ECSV 1.0
# ---
# datatype:
# - {name: wav, unit: Angstrom, datatype: float64}
# - {name: flux_nu, unit: erg / (cm2 Hz s), datatype: float64}
# meta: {C/O: '1.00', Kzz: '1.0000E+05', Teff: '650.', Y: '0.28', '[Fe/H]': '0.00', f_hole: '1.00', f_rain: '0.00', grav: '56.'}
# schema: astropy-2.0
wav flux_nu
4000.0559999999996 nan
4050.0559999999996 3.4633550424204363e-15
4100.056 3.790119046110008e-13
4150.056 2.319600588060071e-12
4200.056 2.0615850852283596e-12
4250.056 8.378378407600225e-12
4300.056 1.3546479927200564e-11
4350.056 1.7519263031400373e-11
4400.056 2.3086589385000304e-11
4450.056 3.015592405600008e-11
4500.056 3.318898702400092e-11
4550.056 3.475937495545427e-11
4600.056 2.325214959283999e-11
4650.056 1.7026837511999562e-11
4700.056 1.0396905578599946e-11
4750.056 3.1138158703999628e-12
4800.056 7.104416380899904e-13
4850.056 1.6213274728599778e-13
4900.056 5.143414831799951e-14
4950.056 1.894801050699981e-14
5000.056 6.324967464199922e-15
5050.056 3.0130729391000013e-15
5100.056 2.881523839900019e-15
5150.056 3.0132607866000263e-15
5200.056 3.209732545500008e-15
5250.056 3.4258614337000027e-15
5300.056 3.697876434100002e-15
5350.056 4.0402591456000045e-15
5400.056 4.4174978930000026e-15
5450.056 4.8574109883000205e-15
5500.056 5.343988258700034e-15
5550.056 5.855280653800013e-15
5600.056 6.340599038800005e-15
5650.056 6.733067917799993e-15
5700.056 6.870504302300003e-15
5750.056 6.711362652899998e-15
5800.056 5.997409124999986e-15
5850.056 4.280305803899941e-15
5900.056 1.3774298006948153e-15
5950.056 8.42353080470022e-15
6000.056 1.7568872947599898e-14
6050.056 3.086373270500047e-14
6100.056 4.9075237918000474e-14
6150.056 7.382313731900049e-14
6200.056 1.0773945317200059e-13
6250.056 1.5219381612000033e-13
6300.056 2.1480090694000078e-13
6350.056 2.9991995444000207e-13
6400.056 4.160548048600028e-13
6450.056 5.550041897399868e-13
6500.056 7.807442075299935e-13
6550.056 1.115678323279996e-12
6600.056 1.6150801092000523e-12
6650.056 2.3554938859000194e-12
6700.056 3.1671225817100328e-12
6750.056 4.873932770700034e-12
6800.056 6.477436036800072e-12
6850.056 7.56272334320002e-12
6900.056 7.1507371522001484e-12
6950.056 6.27968361257991e-12
7000.056 6.562493946700085e-12
7050.056 7.116416732299858e-12
7100.056 7.882154365599889e-12
7150.056 7.555614685257819e-12
7200.056 7.207806989368526e-12
7250.056 7.29389743072959e-12
7300.056 7.020262480704172e-12
7350.056 6.975783425331756e-12
7400.056 6.9542897288003e-12
7450.056 6.8982949481002744e-12
7500.056 6.668173051799947e-12
7550.056 6.175401548199969e-12
7600.056 5.426566583399971e-12
7650.056 1.7380388866899235e-12
7700.056 1.2011481084210536e-12
7750.056 5.734082218500086e-12
7800.056 8.965145346340015e-12
7850.056 1.4364274406799988e-11
7900.056 1.9991534956099697e-11
7950.056 2.358329236298018e-11
8000.056 3.7001760950000425e-11
8050.056 4.937950503600136e-11
8100.056 5.8164400375640025e-11
8150.056 7.225839509863511e-11
8200.056 1.0537569708416571e-10
8250.056 1.3314438619222228e-10
8300.056 1.7448875439532983e-10
8350.056 2.127232151918648e-10
8400.056 2.694757587685396e-10
8450.056 3.5653343193098783e-10
8500.056 4.0910279052046745e-10
8550.056 5.579196482400112e-10
8600.056 7.272892835500101e-10
8650.056 8.894654940700175e-10
8700.056 1.04563724870001e-09
8750.056 1.250519788090011e-09
8800.056 1.4333000582400368e-09
8850.056 1.4541500570399621e-09
8900.056 8.508787531149173e-10
8950.056 9.171986752677154e-10
9000.056 9.331193068028355e-10
9050.056 1.9051274880306813e-09
9100.056 2.3138620049563818e-09
9150.056 2.554831944853487e-09
9200.056 3.3894786530619366e-09
9250.056 3.388346867204017e-09
9300.056 1.2165499207199614e-09
9350.056 1.4633228350481857e-09
9400.056 2.303141061473657e-09
9450.056 2.8323740472098233e-09
9500.056 2.597426801509471e-09
9550.056 3.0162130299121657e-09
9600.056 2.939154538060915e-09
9650.056 3.624923342418929e-09
9700.056 4.905889513360546e-09
9750.056 5.0432643152272055e-09
9800.056 5.665439094781227e-09
9850.056 6.40945244237878e-09
9900.056 7.971076107358394e-09
9950.056 8.10504694164528e-09
10000.056 8.477524533268669e-09
10050.056 1.0892935819800376e-08
10100.056 1.3454181581198707e-08
10150.056 1.5345430565898994e-08
10200.056 1.7366304359300963e-08
10250.056 2.0072723084891265e-08
10300.056 2.4111240517398092e-08
10350.056 2.6838048249900257e-08
10400.056 3.32014140784001e-08
10450.056 3.7814218094994355e-08
10500.056 4.221881346219981e-08
10550.056 4.708062112200121e-08
10600.056 4.979734136899777e-08
10650.056 5.2746232396801745e-08
10700.056 5.285088642650211e-08
10750.056 5.4816684783701404e-08
10800.056 5.4248616759201376e-08
10850.056 5.011618717613896e-08
10900.056 3.663541102777893e-08
10950.056 1.9306802161694465e-08
11000.056 1.4475089402782977e-08
11050.056 9.863642601068749e-09
11100.056 6.434385453597326e-09
11150.056 3.2584495323868617e-09
11200.056 2.5552846775048734e-09
11250.056 3.0560463165790314e-09
11300.056 3.877251055838251e-09
11350.056 1.5272841742901974e-09
11400.056 3.39520364971094e-09
11450.056 2.6455368412299782e-09
11500.056 1.875177529831132e-09
11550.056 5.650244328714e-10
11600.056 6.116694689342687e-10
11650.056 1.5148743569770523e-09
11700.056 1.6419988056713632e-09
11750.056 3.543206768867836e-10
11800.056 1.9090702489805743e-09
11850.056 3.3893976178278986e-09
11900.056 4.111938470878633e-09
11950.056 6.469366986537852e-09
12000.056 9.94774656992908e-09
12050.056 1.4806758572500578e-08
12100.056 2.1417684112512904e-08
12150.056 2.994401467131644e-08
12200.056 3.7163224057522284e-08
12250.056 4.8960031889716376e-08
12300.056 6.343345862367976e-08
12350.056 6.741053657959986e-08
12400.056 8.542421913179491e-08
12450.056 9.731354507100801e-08
12500.056 1.0588064115050628e-07
12550.056 1.1750506748540487e-07
12600.056 1.3343244996150822e-07
12650.056 1.3080054179039692e-07
12700.056 1.3027900209811644e-07
12750.056 1.1667852783234509e-07
12800.056 1.0737607249804337e-07
12850.056 8.175823113129972e-08
12900.056 6.567220118858837e-08
12950.056 5.957086167310502e-08
13000.056 5.437453224341527e-08
13050.056 4.1242180939687556e-08
13100.056 3.6654838288492885e-08
13150.056 2.6647892258172595e-08
13200.056 2.2551692943500904e-08
13250.056 1.6419039920375772e-08
13300.056 6.8271486525398266e-09
13350.056 2.013636266984536e-09
13400.056 1.3360317336676293e-09
13450.056 5.782833318150292e-10
13500.056 3.169223434974457e-10
13550.056 1.8300127768392086e-10
13600.056 5.964052817917006e-11
13650.056 2.4592118333781155e-10
13700.056 1.7140641003888433e-10
13750.056 1.9868397380017137e-10
13800.056 1.9728901927563096e-10
13850.056 1.4282390894545207e-10
13900.056 1.6972914016884466e-10
13950.056 1.3775895385488807e-10
14000.056 1.4914453764133884e-10
14050.056 2.1543274614830976e-10
14100.056 2.3025319869336704e-10
14150.056 3.717953347907987e-10
14200.056 2.696119374986914e-10
14250.056 3.448488402613136e-10
14300.056 6.534654348090251e-10
14350.056 7.066116953720635e-10
14400.056 8.145848853566636e-10
14450.056 1.0377634267885713e-09
14500.056 2.018472351073587e-09
14550.056 2.3586533475545784e-09
14600.056 3.059409461950762e-09
14650.056 2.7343314090723305e-09
14700.056 1.8288243814023066e-09
14750.056 1.7937226117189983e-09
14800.056 2.9195611196326985e-09
14850.056 3.4446514995323817e-09
14900.056 3.693359168439678e-09
14950.056 3.855856715382391e-09
15000.056 5.7997253956342805e-09
15050.056 5.685124259728161e-09
15100.056 5.655871909516676e-09
15150.056 5.91483439535362e-09
15200.056 7.485749588596555e-09
15250.056 1.1995087715875908e-08
15300.056 1.4558385906459861e-08
15350.056 1.7414871051079256e-08
15400.056 2.1375122641433292e-08
15450.056 2.5449499684067476e-08
15500.056 2.8188450430378293e-08
15550.056 3.550861146066469e-08
15600.056 4.0537476506610056e-08
15650.056 4.734541453454114e-08
15700.056 5.769384762221229e-08
15750.056 6.356720355099392e-08
15800.056 6.480992389700689e-08
15850.056 6.937077835600706e-08
15900.056 6.045241836100163e-08
15950.056 5.355324404899064e-08
16000.056 3.858136100000493e-08
16050.056 2.200447378824845e-08
16100.056 1.4107738136058256e-08
16150.056 8.19486750009463e-09
16200.056 4.773748026701215e-09
16250.056 3.572874372430796e-09
16300.056 2.4652478106377268e-09
16350.056 2.8448042171165544e-09
16400.056 3.580853238486919e-09
16450.056 3.5006104582118824e-09
16500.056 3.4483550805316222e-09
16550.056 3.5234233769824616e-09
16600.056 3.8971447731250424e-09
16650.056 3.013592587723868e-09
16700.056 6.476712825749564e-10
16750.056 1.4073580358656278e-09
16800.056 2.528293498354835e-09
16850.056 2.944138991657913e-09
16900.056 1.8744980477360537e-09
16950.056 1.253780002456314e-09
17000.056 8.055749270573531e-10
17050.056 1.4961215917183352e-09
17100.056 2.282955569658616e-09
17150.056 1.394932009323478e-09
17200.056 3.340772586967062e-09
17250.056 2.5589355262129752e-09
17300.056 1.6548931518127618e-09
17350.056 1.6197095824022028e-09
17400.056 2.2817079654495283e-09
17450.056 3.0120688980763753e-09
17500.056 3.833003417617453e-09
17550.056 3.599906359701445e-09
17600.056 2.8467171071102896e-09
17650.056 2.8177931534387137e-09
17700.056 2.0584828859935875e-09
17750.056 2.1080220646871284e-09
17800.056 3.954612543099231e-09
17850.056 2.3357799949964217e-09
17900.056 1.8412556444210605e-09
17950.056 1.5439619513555099e-09
18000.056 2.1076035731868027e-09
18050.056 2.0602964080526393e-09
18100.056 2.4659292421822e-09
18150.056 2.769256500319233e-09
18200.056 1.8155209722579515e-09
18250.056 4.4540783172413985e-09
18300.056 2.108103194917925e-09
18350.056 1.645233626686746e-09
18400.056 1.5280095762751234e-09
18450.056 2.8761878565391257e-09
18500.056 2.999921478092624e-09
18550.056 2.183167982611979e-09
18600.056 2.2164673805940673e-09
18650.056 1.943135343569083e-09
18700.056 1.2238746044246373e-09
18750.056 2.18562042171666e-09
18800.056 4.77655603817443e-09
18850.056 5.22360670947117e-09
18900.056 4.720112096582412e-09
18950.056 7.252486933851715e-09
19000.056 3.807275252429793e-09
19050.056 2.4945000486332375e-09
19100.056 4.616418239746139e-09
19150.056 2.7942508509119912e-09
19200.056 3.6983526506310687e-09
19250.056 2.6835360742846914e-09
19300.056 2.162591792438522e-09
19350.056 1.822365704750119e-09
19400.056 1.535030912337578e-09
19450.056 2.752356317475917e-09
19500.056 2.3463800439635133e-09
19550.056 1.9676035211162133e-09
19600.056 3.450822806418879e-09
19650.056 3.3041477872064315e-09
19700.056 3.4755812767844466e-09
19750.056 5.054158893880484e-09
19800.056 4.364739102387223e-09
19850.056 6.053355544017878e-09
19900.056 5.5728753813725325e-09
19950.056 8.375910109877845e-09
20000.056 9.153098619338112e-09
20050.056 8.733397200927482e-09
20100.056 1.247436790997403e-08
20150.056 8.931914289479233e-09
20200.056 8.945205444917278e-09
20250.056 1.3233892272957219e-08
20300.056 1.4310857832016878e-08
20350.056 1.57535421487791e-08
20400.056 1.4739362403918758e-08
20450.056 2.007618012957859e-08
20500.056 2.2974855198454144e-08
20550.056 2.3663720757584236e-08
20600.056 2.5757746349729213e-08
20650.056 2.858232732572291e-08
20700.056 3.0352138402145426e-08
20750.056 3.267597249312689e-08
20800.056 3.26450345789932e-08
20850.056 3.3370053565902614e-08
20900.056 3.510611921409954e-08
20950.056 3.304874010860043e-08
21000.056 3.1604331251709524e-08
21050.056 3.1840646326694215e-08
21100.056 2.9317522266603635e-08
21150.056 2.937254118963392e-08
21200.056 2.6562953873673483e-08
21250.056 2.4227852819923068e-08
21300.056 1.9808466929502312e-08
21350.056 1.9827297144393278e-08
21400.056 1.8340772203754155e-08
21450.056 1.5617864045201947e-08
21500.056 1.3871366042244861e-08
21550.056 1.229077594748994e-08
21600.056 1.0249237584705289e-08
21650.056 8.094906821689576e-09
21700.056 7.824192899107126e-09
21750.056 7.0342833388092e-09
21800.056 5.5671333304544614e-09
21850.056 5.130441921281883e-09
21900.056 3.4894061932590197e-09
21950.056 1.6845990348539518e-09
22000.056 5.197338587532392e-10
22050.056 4.03870684930201e-10
22100.056 1.0423689523553694e-09
22150.056 1.3600973654650277e-09
22200.056 1.5257178723775729e-09
22250.056 1.1885585226988284e-09
22300.056 8.20961555394404e-10
22350.056 9.048319831882043e-10
22400.056 4.963649331152369e-10
22450.056 5.316514813121309e-10
22500.056 4.394021244177695e-10
22550.056 3.3355148610943666e-10
22600.056 3.0913601199902406e-10
22650.056 4.3559754198451695e-10
22700.056 3.4098126821583735e-10
22750.056 3.5744758164396193e-10
22800.056 3.5017689832972306e-10
22850.056 2.888754209730082e-10
22900.056 2.2437105733929158e-10
22950.056 2.1626817669728356e-10
23000.056 2.9945015014249084e-10
23050.056 3.89636613080132e-10
23100.056 1.062106379040253e-09
23150.056 1.1297728945979791e-09
23200.056 1.360978546627548e-10
23250.056 2.494229756122202e-10
23300.056 2.462969148591371e-10
23350.056 2.9746158070431305e-10
23400.056 3.128825667709961e-10
23450.056 2.5000681628143323e-10
23500.056 2.723186648074056e-10
23550.056 4.080134110581226e-10
23600.056 5.193453558166768e-10
23650.056 8.069250410252889e-10
23700.056 3.193860810610611e-10
23750.056 2.462310580871346e-10
23800.056 4.994784720664185e-10
23850.056 4.757189289173672e-10
23900.056 8.547070959776026e-10
23950.056 7.645641648972579e-10
24000.056 1.0561483292065914e-09
24050.056 1.3764916119422546e-09
24100.056 1.3163845247213627e-09
24150.056 1.7092049606602426e-09
24200.056 1.4156099205319854e-09
24250.056 1.1787594620656506e-09
24300.056 1.6737093425882638e-09
24350.056 1.4521556559269364e-09
24400.056 2.374085478797048e-09
24450.056 2.4918916881181613e-09
24500.056 2.462855660389844e-09
24550.056 3.2885445519906024e-09
24600.056 3.331071303528923e-09
24650.056 4.655465236248752e-09
24700.056 3.073057794631289e-09
24750.056 3.7997300364034926e-09
24800.056 3.771015895321286e-09
24850.056 5.515516435875912e-09
24900.056 3.0893006603917392e-09
24950.056 5.762836716313024e-09
25000.056 5.362727562859022e-09
25050.056 3.77449440401315e-09
25100.056 5.484523871906141e-09
25150.056 3.217404249665365e-09
25200.056 4.579262600314072e-09
25250.056 2.5573807309564233e-09
25300.056 3.97969994331339e-09
25350.056 2.0705336932555384e-09
25400.056 4.376059447831416e-09
25450.056 1.917131170526364e-09
25500.056 1.8374925970385652e-09
25550.056 2.5831875982495515e-09
25600.056 1.7284056452431565e-09
25650.056 1.1567419757459367e-09
25700.056 2.0960682441765464e-09
25750.056 7.38234837877364e-10
25800.056 2.405756254907573e-09
25850.056 7.960773619967168e-10
25900.056 1.1278068425763473e-09
25950.056 4.902854913317809e-10
26000.056 2.4511033993175596e-09
26050.056 7.887947432602471e-10
26100.056 2.0460187377338888e-09
26150.056 1.3044013756566058e-09
26200.056 1.6181378206159972e-09
26250.056 4.2431415630348155e-09
26300.056 1.918660233436364e-09
26350.056 5.402184151918184e-09
26400.056 5.810787955807042e-09
26450.056 5.876759849026454e-09
26500.056 7.672191095190053e-09
26550.056 2.5404054994213207e-09
26600.056 3.607379325884511e-09
26650.056 1.0622135808824206e-09
26700.056 8.669469803405469e-10
26750.056 6.845673882554465e-10
26800.056 1.5091884267767235e-09
26850.056 8.280908992784687e-10
26900.056 2.7008256636038185e-09
26950.056 1.1603971881317468e-09
27000.056 4.256877171158585e-09
27050.056 3.6540937495636805e-09
27100.056 1.4930248874751726e-09
27150.056 5.319846725083899e-09
27200.056 1.545783422862998e-09
27250.056 2.79326602935763e-09
27300.056 9.442867748659508e-09
27350.056 5.292204492959293e-09
27400.056 7.223594347700532e-10
27450.056 6.534512826636703e-09
27500.056 6.658108558105697e-09
27550.056 1.938464858465971e-09
27600.056 4.208114677166186e-09
27650.056 1.5902366325093857e-09
27700.056 1.245038173690719e-09
27750.056 4.954696851330751e-09
27800.056 1.6679331710516453e-09
27850.056 2.4643402452112267e-09
27900.056 2.4937579358164648e-09
27950.056 5.5154437146503795e-09
28000.056 4.4521783003633e-09
28050.056 9.651530606979267e-10
28100.056 4.746458282706211e-09
28150.056 3.308199399379573e-09
28200.056 1.337255979670596e-09
28250.056 5.646871387098547e-09
28300.056 6.291930821082787e-09
28350.056 1.8483383092807573e-09
28400.056 4.269307417217319e-09
28450.056 6.1994835410582984e-09
28500.056 4.4299992175345725e-09
28550.056 1.3828331346205781e-09
28600.056 7.070972502254634e-09
28650.056 5.444937644566781e-09
28700.056 5.694122855246755e-09
28750.056 8.635267084432956e-09
28800.056 5.377204083056693e-09
