galfind/configs/Brown_Dwarf_templates/sonora_bobcat/m0.0/56g/sp_t1100g56nc_m0.0_resample.dat
# %ECSV 1.0
# ---
# datatype:
# - {name: wav, unit: Angstrom, datatype: float64}
# - {name: flux_nu, unit: erg / (cm2 Hz s), datatype: float64}
# meta: {C/O: '1.00', Kzz: '1.0000E+05', Teff: '1100.', Y: '0.28', '[Fe/H]': '0.00', f_hole: '1.00', f_rain: '0.00', grav: '56.'}
# schema: astropy-2.0
wav flux_nu
4000.0559999999996 nan
4050.0559999999996 3.1071077752409168e-12
4100.056 4.629097026169682e-11
4150.056 7.78442540700066e-11
4200.056 6.726085102158664e-11
4250.056 9.962477934401564e-11
4300.056 1.1271692022601383e-10
4350.056 1.2299757717600688e-10
4400.056 1.4740144335801247e-10
4450.056 1.51955663038002e-10
4500.056 1.5508821697601045e-10
4550.056 1.8627011581950835e-10
4600.056 2.0287171529160252e-10
4650.056 1.907770315619799e-10
4700.056 2.0977534977900856e-10
4750.056 1.650720614569963e-10
4800.056 7.273966187300105e-11
4850.056 2.889704492099936e-11
4900.056 1.3333513133099842e-11
4950.056 6.028350942299936e-12
5000.056 2.121353143299971e-12
5050.056 8.601958813599971e-13
5100.056 7.070965599399996e-13
5150.056 6.264550038000005e-13
5200.056 5.543374391999988e-13
5250.056 4.753933486099992e-13
5300.056 4.0471915979999927e-13
5350.056 3.4842697202999946e-13
5400.056 3.025396334099994e-13
5450.056 2.6281201800999967e-13
5500.056 2.275025514199999e-13
5550.056 1.9645652200999969e-13
5600.056 1.6812279232999965e-13
5650.056 1.4135113851999965e-13
5700.056 1.160768269899997e-13
5750.056 9.241625422999972e-14
5800.056 7.03388775669997e-14
5850.056 4.532596544599941e-14
5900.056 1.357616422842734e-14
5950.056 8.950292584300153e-14
6000.056 2.1134812714000152e-13
6050.056 4.560413914400055e-13
6100.056 9.226675002100097e-13
6150.056 1.7725150777000163e-12
6200.056 3.2397753887000253e-12
6250.056 5.649508254500041e-12
6300.056 9.526907712700071e-12
6350.056 1.5553543076000118e-11
6400.056 2.462004262000017e-11
6450.056 3.770757485899998e-11
6500.056 5.671645215800019e-11
6550.056 8.377240612500042e-11
6600.056 1.218025045710013e-10
6650.056 1.7317262647000104e-10
6700.056 1.772032653296808e-10
6750.056 3.207103641900021e-10
6800.056 4.19694006660002e-10
6850.056 4.752245992400006e-10
6900.056 4.5832092296000294e-10
6950.056 4.1831868936999755e-10
7000.056 4.238593778800032e-10
7050.056 4.625289026499971e-10
7100.056 5.094419266399995e-10
7150.056 5.276784401099934e-10
7200.056 5.283312580490086e-10
7250.056 5.1201785868998e-10
7300.056 4.666900962299984e-10
7350.056 4.165810144179929e-10
7400.056 3.6653540383000504e-10
7450.056 3.095660992900025e-10
7500.056 2.4839186777999816e-10
7550.056 1.843756149699986e-10
7600.056 1.2225190624299857e-10
7650.056 2.163980407926462e-11
7700.056 1.079709484226146e-11
7750.056 9.511839676800239e-11
7800.056 2.0433763950888356e-10
7850.056 4.4513246833000355e-10
7900.056 7.116564370100041e-10
7950.056 8.523819340857497e-10
8000.056 1.5200701767000135e-09
8050.056 2.0697629490000286e-09
8100.056 2.6389695090800024e-09
8150.056 3.3540635775999968e-09
8200.056 4.269324195220194e-09
8250.056 5.382036515430159e-09
8300.056 6.668771903270498e-09
8350.056 8.103928046239541e-09
8400.056 9.803310037099614e-09
8450.056 1.1909708795299545e-08
8500.056 1.2664645392499949e-08
8550.056 1.610087406830037e-08
8600.056 1.9216355547999866e-08
8650.056 2.0406972308098973e-08
8700.056 2.314539359099829e-08
8750.056 2.6792346631000996e-08
8800.056 3.167636826200174e-08
8850.056 3.6044504222998473e-08
8900.056 3.641609123979892e-08
8950.056 3.316342529600294e-08
9000.056 4.46464147917935e-08
9050.056 5.503520816733182e-08
9100.056 6.257245152184222e-08
9150.056 6.58517027216429e-08
9200.056 7.464538479626855e-08
9250.056 7.350561051358295e-08
9300.056 4.3912658354655495e-08
9350.056 5.084158844136093e-08
9400.056 6.366123712428205e-08
9450.056 7.581523505148258e-08
9500.056 7.66830347213972e-08
9550.056 8.525078286522002e-08
9600.056 8.172396195480137e-08
9650.056 8.986784370522222e-08
9700.056 1.0051077493875367e-07
9750.056 1.0342774767128634e-07
9800.056 1.1349810110040122e-07
9850.056 1.2602628637040047e-07
9900.056 1.2039854161728259e-07
9950.056 1.1673283276558868e-07
10000.056 1.044099405479824e-07
10050.056 1.2987620780900138e-07
10100.056 1.56460152560981e-07
10150.056 1.730679277389652e-07
10200.056 1.9763158483998717e-07
10250.056 2.1393241911798631e-07
10300.056 2.2635074739000758e-07
10350.056 2.6064561554999863e-07
10400.056 2.918853997299882e-07
10450.056 3.0229215500001003e-07
10500.056 2.9583591925999957e-07
10550.056 2.9900255011002064e-07
10600.056 3.174989188899973e-07
10650.056 3.448179655780123e-07
10700.056 3.6543403334002616e-07
10750.056 3.9667622751601877e-07
10800.056 4.2499720113400307e-07
10850.056 4.489435491199593e-07
10900.056 3.843352674469751e-07
10950.056 2.6580089172882687e-07
11000.056 2.4665272093167507e-07
11050.056 2.138263784430841e-07
11100.056 1.8745411592742535e-07
11150.056 1.5551353757645276e-07
11200.056 1.5454250403778874e-07
11250.056 1.8245849758018266e-07
11300.056 1.7920028876770008e-07
11350.056 1.1021199146202396e-07
11400.056 1.3850957773215595e-07
11450.056 1.453613937240195e-07
11500.056 1.6266437070912717e-07
11550.056 1.1840521294645673e-07
11600.056 1.3113803314625528e-07
11650.056 1.4829471107126565e-07
11700.056 1.2613092050796556e-07
11750.056 9.440918583612869e-08
11800.056 1.4068078373055037e-07
11850.056 1.9929070586470795e-07
11900.056 2.1924652892379363e-07
11950.056 2.734171325208818e-07
12000.056 2.973589599432982e-07
12050.056 3.5309452891937624e-07
12100.056 3.8797366756398986e-07
12150.056 4.4965645307995934e-07
12200.056 4.958846213338898e-07
12250.056 5.506811901618728e-07
12300.056 6.100593659730814e-07
12350.056 6.328069489210316e-07
12400.056 6.414615603499842e-07
12450.056 5.994325210400363e-07
12500.056 6.453865702999832e-07
12550.056 6.790543283200599e-07
12600.056 8.21747384810035e-07
12650.056 8.181699426299817e-07
12700.056 8.637446078401426e-07
12750.056 8.476406308560467e-07
12800.056 8.757139907930514e-07
12850.056 7.949762117385209e-07
12900.056 7.281281026716064e-07
12950.056 7.51076982231243e-07
13000.056 7.274177064051123e-07
13050.056 7.066734545365047e-07
13100.056 6.704690217020985e-07
13150.056 5.980211044839463e-07
13200.056 5.429316366221988e-07
13250.056 4.473930775264599e-07
13300.056 2.706936865761061e-07
13350.056 1.0315751154649067e-07
13400.056 7.7024464891781e-08
13450.056 5.3090836783582764e-08
13500.056 4.431229260298643e-08
13550.056 3.64879388771176e-08
13600.056 2.621518226797651e-08
13650.056 4.2126542908769946e-08
13700.056 3.585787566762868e-08
13750.056 3.531955446574954e-08
13800.056 4.1240655843680044e-08
13850.056 3.7455387205663386e-08
13900.056 3.88604428357172e-08
13950.056 3.616429659901772e-08
14000.056 3.45311818516074e-08
14050.056 3.761988494277494e-08
14100.056 3.376284179698859e-08
14150.056 4.082408134031925e-08
14200.056 3.510682118608765e-08
14250.056 3.644174580856739e-08
14300.056 4.5848611929309513e-08
14350.056 4.56211263995519e-08
14400.056 5.231089113560394e-08
14450.056 5.4967609858831975e-08
14500.056 7.650615680541403e-08
14550.056 8.339674279135426e-08
14600.056 9.597775732822179e-08
14650.056 9.90917340357397e-08
14700.056 8.809770445131397e-08
14750.056 1.0184792099919993e-07
14800.056 1.1975079487936858e-07
14850.056 1.3098731484534627e-07
14900.056 1.3490395848131883e-07
14950.056 1.4267935354435934e-07
15000.056 1.5356566114503984e-07
15050.056 1.7731805439179793e-07
15100.056 1.9194185524325578e-07
15150.056 2.1355289123899538e-07
15200.056 2.147374571324037e-07
15250.056 2.3849469928977337e-07
15300.056 2.635628423790713e-07
15350.056 2.85032170935366e-07
15400.056 3.15376714383019e-07
15450.056 3.4315437887923497e-07
15500.056 3.577959246309463e-07
15550.056 3.9616165473497937e-07
15600.056 3.8763394194402567e-07
15650.056 4.20322181062041e-07
15700.056 4.792605977611834e-07
15750.056 5.15447364504978e-07
15800.056 4.996953295921436e-07
15850.056 5.488209904649535e-07
15900.056 5.423790089240624e-07
15950.056 5.633709074199012e-07
16000.056 5.287514322129948e-07
16050.056 4.6802455309499673e-07
16100.056 4.2711753730199365e-07
16150.056 3.632493935912063e-07
16200.056 3.123924467151045e-07
16250.056 2.991905978822529e-07
16300.056 2.7143652126150113e-07
16350.056 2.943931736251901e-07
16400.056 3.338623770347532e-07
16450.056 3.5093209063490015e-07
16500.056 3.7784797936966856e-07
16550.056 3.678773632218779e-07
16600.056 3.539228907299869e-07
16650.056 3.218042294870295e-07
16700.056 1.9121912381468715e-07
16750.056 2.1810471567517256e-07
16800.056 3.047242151730168e-07
16850.056 3.1006918635335343e-07
16900.056 2.837127439065151e-07
16950.056 2.4849428794109205e-07
17000.056 2.0666268869634098e-07
17050.056 2.585002927790757e-07
17100.056 2.7452928679965116e-07
17150.056 2.2858695150146237e-07
17200.056 2.611415972683125e-07
17250.056 2.3475199805774994e-07
17300.056 2.035235036108251e-07
17350.056 1.8319802879634167e-07
17400.056 1.988086108076254e-07
17450.056 1.9517940773371434e-07
17500.056 2.068550069717702e-07
17550.056 2.0077303313510962e-07
17600.056 1.8472338850431662e-07
17650.056 1.8284327240173097e-07
17700.056 1.42626302163053e-07
17750.056 1.3548211381958821e-07
17800.056 1.675505408679948e-07
17850.056 1.306117911620792e-07
17900.056 1.2472409742291601e-07
17950.056 1.1467198036821973e-07
18000.056 1.1976615114996833e-07
18050.056 1.2013047603874698e-07
18100.056 1.222858698025964e-07
18150.056 1.5115691955061443e-07
18200.056 1.0700464315570346e-07
18250.056 1.6116491180545776e-07
18300.056 1.3802316119447765e-07
18350.056 1.204011021524898e-07
18400.056 1.2155595796744007e-07
18450.056 1.2095743108019773e-07
18500.056 1.308374970755753e-07
18550.056 1.165938710270002e-07
18600.056 1.0015640067798024e-07
18650.056 1.0923097833753898e-07
18700.056 1.1529512397283827e-07
18750.056 1.2318713849482482e-07
18800.056 1.539326771471235e-07
18850.056 1.7614725820105873e-07
18900.056 1.7278119386985432e-07
18950.056 2.0205142550727175e-07
19000.056 1.9253034732974384e-07
19050.056 1.7150676579928493e-07
19100.056 2.1231754555089398e-07
19150.056 1.9829179311676966e-07
19200.056 2.100616307038598e-07
19250.056 1.8868870897480633e-07
19300.056 1.935552648635997e-07
19350.056 1.742506919940308e-07
19400.056 1.426972429852673e-07
19450.056 1.9458380333466946e-07
19500.056 1.9132184466827725e-07
19550.056 1.5079572394766356e-07
19600.056 1.9116714479136782e-07
19650.056 2.0019711727135815e-07
19700.056 2.0528137440310595e-07
19750.056 1.9910294463097225e-07
19800.056 2.120286882664334e-07
19850.056 2.3840457062143456e-07
19900.056 1.999546546421409e-07
19950.056 2.634918133416223e-07
20000.056 2.3551684664891528e-07
20050.056 2.601679063163449e-07
20100.056 2.818323208206369e-07
20150.056 2.8455732911750666e-07
20200.056 3.0396161999377275e-07
20250.056 3.325087707133648e-07
20300.056 3.286245164681031e-07
20350.056 3.608207179819033e-07
20400.056 3.554779679237766e-07
20450.056 3.913862493689048e-07
20500.056 4.0277253812447805e-07
20550.056 4.0340141363198946e-07
20600.056 4.449429066581303e-07
20650.056 4.3764890320216135e-07
20700.056 4.525125949130988e-07
20750.056 4.6968032497394074e-07
20800.056 4.822304807500246e-07
20850.056 4.712725378559632e-07
20900.056 4.899653156968795e-07
20950.056 4.859296983419555e-07
21000.056 4.899744535500545e-07
21050.056 4.871688866049921e-07
21100.056 4.7404547322502704e-07
21150.056 4.894466071789358e-07
21200.056 4.6369204320599803e-07
21250.056 4.625314551809185e-07
21300.056 4.212027466848957e-07
21350.056 4.3541396173678126e-07
21400.056 4.096038860191463e-07
21450.056 4.075403297121786e-07
21500.056 3.792507369793517e-07
21550.056 3.607037140460412e-07
21600.056 3.3698462993441355e-07
21650.056 3.0933314320161983e-07
21700.056 3.1325934789098644e-07
21750.056 2.785556370359243e-07
21800.056 2.493225865783238e-07
21850.056 2.289223767616009e-07
21900.056 1.869768343611391e-07
21950.056 1.3403571139186037e-07
22000.056 7.38499007211087e-08
22050.056 5.022857412552801e-08
22100.056 6.602691222906337e-08
22150.056 9.095812988078129e-08
22200.056 1.029941466670016e-07
22250.056 9.556055368418663e-08
22300.056 8.3481647529193e-08
22350.056 7.860930330392896e-08
22400.056 6.394125932551999e-08
22450.056 5.543957858291886e-08
22500.056 5.3659662903429225e-08
22550.056 4.571866408353843e-08
22600.056 4.760186526234308e-08
22650.056 4.796750470744608e-08
22700.056 4.322794785028594e-08
22750.056 4.4688504730020684e-08
22800.056 3.944405478379829e-08
22850.056 3.533873386052236e-08
22900.056 3.196833743898225e-08
22950.056 2.9342918142790796e-08
23000.056 3.5870299443398834e-08
23050.056 4.649137839019415e-08
23100.056 6.703025951881469e-08
23150.056 7.521215962850191e-08
23200.056 3.000619925830128e-08
23250.056 3.0887706342907125e-08
23300.056 2.7022300042813964e-08
23350.056 2.649195452509605e-08
23400.056 2.8771880431910966e-08
23450.056 2.9502838503897214e-08
23500.056 3.233872130861753e-08
23550.056 3.899903031091099e-08
23600.056 4.345017129199593e-08
23650.056 5.3901937326390936e-08
23700.056 3.97254719290962e-08
23750.056 3.2322285495104004e-08
23800.056 3.0285326147102876e-08
23850.056 3.5231316158799965e-08
23900.056 4.983592329160394e-08
23950.056 5.729418732912004e-08
24000.056 6.022839125178633e-08
24050.056 7.356784175857587e-08
24100.056 6.875806659756852e-08
24150.056 7.589765368292657e-08
24200.056 7.719092698656133e-08
24250.056 6.780634076519348e-08
24300.056 7.73692920663283e-08
24350.056 6.722268812197794e-08
24400.056 8.37251045387455e-08
24450.056 8.200747178623225e-08
24500.056 8.375741662345782e-08
24550.056 9.548820601714066e-08
24600.056 9.82996726618014e-08
24650.056 1.1540276097450764e-07
24700.056 9.596731447915249e-08
24750.056 1.0524317470183859e-07
24800.056 1.0786965115221212e-07
24850.056 1.3086086858822787e-07
24900.056 1.0009693315538185e-07
24950.056 1.3923680075271517e-07
25000.056 1.301272775983403e-07
25050.056 1.0554252442311051e-07
25100.056 1.3277610784608733e-07
25150.056 1.0546203395997346e-07
25200.056 1.270014553498229e-07
25250.056 1.0904214188961283e-07
25300.056 1.360092495651071e-07
25350.056 9.957110284480481e-08
25400.056 1.3821482902053712e-07
25450.056 1.037427268807729e-07
25500.056 1.0533720128771856e-07
25550.056 1.059722002190714e-07
25600.056 9.845836252719428e-08
25650.056 8.593252907248977e-08
25700.056 1.237572055705511e-07
25750.056 7.619873162643158e-08
25800.056 1.192717428503181e-07
25850.056 8.516951941938285e-08
25900.056 1.0217734385724769e-07
25950.056 7.943129076162947e-08
26000.056 1.3084155512474726e-07
26050.056 1.1245046602984412e-07
26100.056 1.285096494006796e-07
26150.056 1.1378620098020868e-07
26200.056 1.222335922122048e-07
26250.056 1.4560402795434911e-07
26300.056 1.282081707875298e-07
26350.056 1.6633179308735104e-07
26400.056 1.6947855652376791e-07
26450.056 1.794984895944479e-07
26500.056 1.8850436801652671e-07
26550.056 1.479759867692095e-07
26600.056 1.9274294463157765e-07
26650.056 1.22414157561293e-07
26700.056 1.245899115537276e-07
26750.056 9.525429834166907e-08
26800.056 1.3314068490206376e-07
26850.056 8.94632888886006e-08
26900.056 1.4953858917902866e-07
26950.056 9.274885010186239e-08
27000.056 1.5968908054085314e-07
27050.056 1.306925550518217e-07
27100.056 1.2234981790697173e-07
27150.056 1.648076721519239e-07
27200.056 1.339738609232478e-07
27250.056 1.396863534994677e-07
27300.056 2.0724821338181544e-07
27350.056 1.8164041395085348e-07
27400.056 1.0777089353628118e-07
27450.056 2.2211625055731997e-07
27500.056 2.050420409615309e-07
27550.056 1.457318516441554e-07
27600.056 2.1698608903546886e-07
27650.056 1.3397111963238404e-07
27700.056 1.2022220868362255e-07
27750.056 2.145130181625538e-07
27800.056 1.273746497099719e-07
27850.056 1.4833797706658673e-07
27900.056 1.5925955909853516e-07
27950.056 2.1750908689530047e-07
28000.056 1.930945363016498e-07
28050.056 1.0873341447812972e-07
28100.056 2.3076648673903903e-07
28150.056 1.6379686663413305e-07
28200.056 1.1530227667851866e-07
28250.056 2.1001928219181322e-07
28300.056 2.5522547778290815e-07
28350.056 1.423159573488467e-07
28400.056 1.785241631487681e-07
28450.056 2.1215416014510816e-07
28500.056 1.950035939271366e-07
28550.056 1.0816701816495128e-07
28600.056 2.409020022727444e-07
28650.056 2.1641757490628324e-07
28700.056 1.9616599989645656e-07
28750.056 2.39261467483825e-07
28800.056 2.1250252999536125e-07
28850.056 2.409821386920395e-07
