galfind/configs/Brown_Dwarf_templates/sonora_bobcat/m0.0/56g/sp_t900g56nc_m0.0_resample.dat
# %ECSV 1.0
# ---
# datatype:
# - {name: wav, unit: Angstrom, datatype: float64}
# - {name: flux_nu, unit: erg / (cm2 Hz s), datatype: float64}
# meta: {C/O: '1.00', Kzz: '1.0000E+05', Teff: '900.', Y: '0.28', '[Fe/H]': '0.00', f_hole: '1.00', f_rain: '0.00', grav: '56.'}
# schema: astropy-2.0
wav flux_nu
[from data line 498]
28900.056 3.781597868146815e-08
28950.056 8.0576021580932e-08
29000.056 6.449500426120235e-08
29050.056 7.026298177781072e-08
29100.056 5.0718078032275035e-08
29150.056 8.755559216803437e-08
29200.056 6.341394294551255e-08
29250.056 9.056823094045725e-08
29300.056 5.1935744030623206e-08
29350.056 1.281102900177744e-07
29400.056 7.146078020455077e-08
29450.056 7.917192168430436e-08
29500.056 8.853525795245498e-08
29550.056 7.670379003182564e-08
29600.056 9.125544191352997e-08
29650.056 9.349723080871422e-08
29700.056 6.764546283336017e-08
29750.056 9.577422660605924e-08
29800.056 9.910425576875364e-08
29850.056 1.0482634712033865e-07
29900.056 9.563250526225972e-08
29950.056 9.7343718748056e-08
30000.056 5.223247866558531e-08
30050.056 6.038493898522327e-08
30100.056 5.4975379024086413e-08
30150.056 9.558899774918624e-08
30200.056 7.35808039005434e-08
30250.056 1.1231858933602678e-07
30300.056 9.682893674131245e-08
30350.056 8.224608245774498e-08
30400.056 1.0036830880750917e-07
30450.056 7.210765603507065e-08
30500.056 6.052286448990413e-08
30550.056 6.453724118915943e-08
30600.056 7.584674299199734e-08
30650.056 5.941253084658695e-08
30700.056 5.7274845763246e-08
30750.056 5.976279657088966e-08
30800.056 4.970529589901043e-08
30850.056 4.646343917627681e-08
30900.056 4.0959253514192774e-08
30950.056 3.971220040460078e-08
31000.056 3.450259865530304e-08
31050.056 3.456240800070069e-08
31100.056 2.7499351558866727e-08
31150.056 3.3652002655728336e-08
31200.056 3.579022535650786e-08
31250.056 2.6131456072234845e-08
31300.056 2.4871267569475792e-08
31350.056 2.5478621531680722e-08
31400.056 1.9971392999430414e-08
31450.056 2.157271514159561e-08
31500.056 1.7012438851345564e-08
31550.056 1.938516450987826e-08
31600.056 1.4728115346900264e-08
31650.056 1.3880316902412978e-08
31700.056 1.3960473377698044e-08
31750.056 1.1608087408704635e-08
31800.056 1.4838508921098926e-08
31850.056 1.1557829430741557e-08
31900.056 1.3682120497319045e-08
31950.056 8.723083249990157e-09
32000.056 1.1512833800069068e-08
32050.056 1.2549514879730403e-08
32100.056 1.2204814816352373e-08
32150.056 1.289409051581849e-08
32200.056 1.0941081304570963e-08
32250.056 1.4654483177352233e-08
32300.056 1.0676503996038347e-08
32350.056 1.531444319045749e-08
32400.056 1.0432094905296642e-08
32450.056 1.4049530278945343e-08
32500.056 1.2882425253602448e-08
32550.056 1.2351622708378642e-08
32600.056 1.504003113350109e-08
32650.056 2.1531625881176068e-08
32700.056 1.797664965830397e-08
32750.056 2.1716525864603785e-08
32800.056 2.0199838396883445e-08
32850.056 2.299952453959711e-08
32900.056 2.5763811981115408e-08
32950.056 2.6995242105418275e-08
33000.056 2.207413002382206e-08
33050.056 2.1016375028212687e-08
33100.056 1.0463974752867115e-08
33150.056 3.444679353840128e-09
33200.056 3.116963360259104e-09
33250.056 1.799866578909585e-09
33300.056 2.1648026984404687e-09
33350.056 3.815398858200105e-09
33400.056 5.6496541089975495e-09
33450.056 8.19601572331928e-09
33500.056 1.2973224801607854e-08
33550.056 1.1621382439905482e-08
33600.056 1.8349622791737476e-08
33650.056 1.8413329693996712e-08
33700.056 1.5999653539056856e-08
33750.056 2.2746337832056282e-08
33800.056 1.8818260093863847e-08
33850.056 2.1687370775747524e-08
33900.056 1.7622631023189955e-08
33950.056 1.790986390399636e-08
34000.056 2.3158120178089474e-08
34050.056 1.2922486934734117e-08
34100.056 2.2904282348720022e-08
34150.056 1.8386523770079648e-08
34200.056 1.870655090100135e-08
34250.056 1.916098691568819e-08
34300.056 1.7411601383321434e-08
34350.056 1.5304188491699568e-08
34400.056 1.378457655075717e-08
34450.056 1.8875949971393038e-08
34500.056 1.7567762463032674e-08
34550.056 1.4298432402721512e-08
34600.056 2.289043885469841e-08
34650.056 1.6304120298900795e-08
34700.056 1.979425683219827e-08
34750.056 1.9636162681193e-08
34800.056 1.7803760608673543e-08
34850.056 1.993206271870717e-08
34900.056 2.157837668684052e-08
34950.056 2.290055155689458e-08
35000.056 3.274056506600933e-08
35050.056 2.0730197265858173e-08
35100.056 2.6549397541203684e-08
35150.056 2.4936741709845923e-08
35200.056 2.7352076963816477e-08
35250.056 3.4944306936628244e-08
35300.056 2.8303671611706023e-08
35350.056 2.7872336067619362e-08
35400.056 3.141787646589949e-08
35450.056 2.1826361521392102e-08
35500.056 4.140072269189851e-08
35550.056 3.879917704009172e-08
35600.056 3.2797604036117485e-08
35650.056 3.741994763664654e-08
35700.056 3.4468033499391536e-08
35750.056 4.357650895839265e-08
35800.056 5.667573948290059e-08
35850.056 3.484970343539464e-08
35900.056 4.597189727020279e-08
35950.056 4.332867370838755e-08
36000.056 4.3756338748508106e-08
36050.056 4.0467305557384925e-08
36100.056 4.3487657175873274e-08
36150.056 4.5992074967987945e-08
36200.056 4.9371027433285144e-08
36250.056 4.6865023916982537e-08
36300.056 5.5836410827401274e-08
36350.056 5.302384160580768e-08
36400.056 5.2104687711591054e-08
36450.056 6.37333642222062e-08
36500.056 6.702431098929906e-08
36550.056 6.691047167351918e-08
36600.056 7.942295627399731e-08
36650.056 7.751143791198152e-08
36700.056 8.26544881673824e-08
36750.056 8.875178809545168e-08
36800.056 8.801727436400012e-08
36850.056 8.295885406888192e-08
36900.056 9.087835524408655e-08
36950.056 1.0124655052798269e-07
37000.056 9.556718737698929e-08
37050.056 9.515567422998889e-08
37100.056 1.0657119839749972e-07
37150.056 9.04760818503948e-08
37200.056 1.0693382932598534e-07
37250.056 1.0947477278398021e-07
37300.056 9.664157963325486e-08
37350.056 1.004814529802229e-07
37400.056 1.4407954394459578e-07
37450.056 1.129052824577974e-07
37500.056 1.126798927350869e-07
37550.056 1.3240569783908636e-07
37600.056 1.4533904982501173e-07
37650.056 1.1064271588799863e-07
37700.056 1.5736889810521606e-07
37750.056 1.2115678284199734e-07
37800.056 1.2864674383428208e-07
37850.056 9.978089164950727e-08
37900.056 1.1163644544884058e-07
37950.056 1.325763546531673e-07
38000.056 1.5866040707910262e-07
38050.056 1.5601655043323398e-07
38100.056 1.495604511556344e-07
38150.056 1.7544439951999182e-07
38200.056 1.838645770340475e-07
38250.056 1.744625963460147e-07
38300.056 2.1765966618897023e-07
38350.056 2.2375515939602655e-07
38400.056 1.5390179322314396e-07
38450.056 1.6321161134975916e-07
38500.056 1.211122938100127e-07
38550.056 1.7594218774604472e-07
38600.056 1.8217747342701014e-07
38650.056 1.75526345050972e-07
38700.056 1.8807675203799117e-07
38750.056 2.0489236861301123e-07
38800.056 1.7629694894686825e-07
38850.056 1.8025739406502283e-07
38900.056 2.335592705390218e-07
38950.056 1.9723888497297472e-07
39000.056 2.1724060080299283e-07
39050.056 1.9863657929799176e-07
39100.056 2.1658785634302115e-07
39150.056 2.175276692000023e-07
39200.056 2.261640340903842e-07
39250.056 2.518506738709475e-07
39300.056 2.1394691461590363e-07
39350.056 2.7307456091401104e-07
39400.056 2.4178937529107674e-07
39450.056 2.5177226870098954e-07
39500.056 2.435320438640511e-07
39550.056 2.543636842231589e-07
39600.056 2.692259267069156e-07
39650.056 2.885774442459868e-07
39700.056 2.786210911050282e-07
39750.056 2.403979817336706e-07
39800.056 2.759023564889209e-07
39850.056 3.1996647589999987e-07
39900.056 3.1363879627102314e-07
39950.056 2.8864225078591897e-07
40000.056 3.6454028135007927e-07
40050.056 3.199596722980075e-07
40100.056 2.813108706828048e-07
40150.056 3.3772415928995614e-07
40200.056 3.437254083448723e-07
40250.056 3.3094183637489044e-07
40300.056 3.3177117955006e-07
40350.056 3.4881521161098457e-07
40400.056 3.8950490654239897e-07
40450.056 3.562256629352692e-07
40500.056 3.806232514999964e-07
40550.056 3.8754473113792793e-07
40600.056 3.753247616400515e-07
40650.056 3.4824445566380316e-07
40700.056 4.4790261568499585e-07
40750.056 3.8302586580993364e-07
40800.056 3.244710523148535e-07
40850.056 4.523905852201133e-07
40900.056 4.1975676122803667e-07
40950.056 3.954539208720261e-07
41000.056 4.0823974093200673e-07
41050.056 4.775270007999548e-07
41100.056 4.090705757500124e-07
41150.056 3.386262647945546e-07
41200.056 4.6262737551995797e-07
41250.056 4.048560333969637e-07
41300.056 3.7463888461590624e-07
41350.056 4.931315420500666e-07
41400.056 4.514313749220756e-07
41450.056 4.695354072680835e-07
41500.056 4.027415101405091e-07
41550.056 4.055776840710708e-07
41600.056 4.825505043062627e-07
41650.056 4.715009268300333e-07
41700.056 4.31853325163847e-07
41750.056 4.504801122899811e-07
41800.056 4.986491540299661e-07
41850.056 3.7197845388202083e-07
41900.056 4.3033790262792923e-07
41950.056 4.0583684479408674e-07
42000.056 4.033912170599519e-07
42050.056 3.664469049189946e-07
42100.056 4.897803520300256e-07
42150.056 3.738944841799686e-07
42200.056 3.6272078226899886e-07
42250.056 3.7141529574491154e-07
42300.056 3.5889929180400197e-07
42350.056 4.359186527400763e-07
42400.056 3.952875828601135e-07
42450.056 3.6386463531803055e-07
42500.056 3.609580934579955e-07
42550.056 3.550385643799419e-07
42600.056 3.642906990830828e-07
42650.056 4.116853822038483e-07
42700.056 3.8160666513101473e-07
42750.056 3.525420734479852e-07
42800.056 3.7477921178406814e-07
42850.056 4.261206525398565e-07
42900.056 4.3761908822610946e-07
42950.056 3.7270781300486066e-07
43000.056 4.122008641440159e-07
43050.056 3.0866248151314533e-07
43100.056 3.7940461884493955e-07
43150.056 3.631101824340563e-07
43200.056 4.1622122596001767e-07
43250.056 4.6061596915000773e-07
43300.056 4.6439757465001006e-07
43350.056 3.4920489501092233e-07
43400.056 3.9560621211995803e-07
43450.056 3.654359323230674e-07
43500.056 3.4782384495698235e-07
43550.056 3.643797865030824e-07
43600.056 4.605925003260385e-07
43650.056 3.7168614573300215e-07
43700.056 4.27758158110036e-07
43750.056 4.186963097170885e-07
43800.056 3.910731328129499e-07
43850.056 3.643761434200658e-07
43900.056 3.954888009099476e-07
43950.056 3.07723991660994e-07
44000.056 2.960487487899999e-07
44050.056 4.097782021700263e-07
44100.056 4.666841055600309e-07
44150.056 4.383539739959248e-07
44200.056 4.120228187119977e-07
44250.056 3.4709160837801077e-07
44300.056 3.1830927704006304e-07
44350.056 3.3690730114488506e-07
44400.056 3.5110941241499824e-07
44450.056 3.8830406516696267e-07
44500.056 4.0144745578010466e-07
44550.056 4.429356866799309e-07
44600.056 3.761800740290528e-07
44650.056 4.1397371355108214e-07
44700.056 3.236678624600103e-07
44750.056 3.982338219060206e-07
44800.056 3.6818964761603315e-07
44850.056 3.9865044182007295e-07
44900.056 3.466500278840335e-07
44950.056 3.7421908341602064e-07
45000.056 3.939477568399642e-07
45050.056 3.90264893422997e-07
45100.056 3.887163459359939e-07
45150.056 3.849556336439613e-07
45200.056 3.3421551995202865e-07
45250.056 3.60472894770896e-07
45300.056 3.3503327947305386e-07
45350.056 3.4368107890397284e-07
45400.056 4.2473808328003805e-07
45450.056 3.8132546676996307e-07
45500.056 3.9109707088299777e-07
45550.056 4.3365459469989936e-07
45600.056 4.237965931400302e-07
45650.056 3.482689211019449e-07
45700.056 3.5418344399104116e-07
45750.056 3.3220493378298913e-07
45800.056 4.1602660585999787e-07
45850.056 4.434530340799958e-07
45900.056 4.5716583889000743e-07
45950.056 3.8421984924899287e-07
46000.056 4.388526070650175e-07
46050.056 3.986460576190322e-07
46100.056 4.240026713099836e-07
46150.056 3.762523532799814e-07
46200.056 3.7437089009204615e-07
46250.056 2.920327774461545e-07
46300.056 4.119944150019931e-07
46350.056 3.815402290200204e-07
46400.056 3.7549643361000626e-07
46450.056 3.659350813960545e-07
46500.056 3.676015182750598e-07
46550.056 3.5024574291298533e-07
46600.056 3.8464688991199697e-07
46650.056 5.001158852499548e-07
46700.056 4.120861594500378e-07
46750.056 3.120815991699934e-07
46800.056 2.805415408910306e-07
46850.056 4.830349603000941e-07
46900.056 4.352015692599447e-07
46950.056 4.5017989993000404e-07
47000.056 3.9851262810002585e-07
47050.056 4.129804940098573e-07
47100.056 3.0610667253305216e-07
47150.056 3.56953363857038e-07
47200.056 4.1886499266803465e-07
47250.056 3.412763560999804e-07
47300.056 2.851762003340882e-07
47350.056 4.143582612599569e-07
47400.056 4.2327434612994676e-07
47450.056 3.996368228340255e-07
47500.056 4.4731735973293005e-07
47550.056 3.983985725499943e-07
47600.056 4.0408469975996966e-07
47650.056 3.450233696079286e-07
47700.056 3.9866751984809535e-07
47750.056 2.837761817880184e-07
47800.056 3.4301290989800555e-07
47850.056 2.615628547709969e-07
47900.056 3.295025904979564e-07
47950.056 3.391517776960398e-07
48000.056 4.70825734460064e-07
48050.056 4.1814581548001916e-07
48100.056 3.13383896854016e-07
48150.056 3.669036714400342e-07
48200.056 3.5899166363501214e-07
48250.056 3.430364723400092e-07
48300.056 4.349022827698603e-07
48350.056 2.988781316300252e-07
48400.056 2.4486064944436673e-07
48450.056 3.355028878990927e-07
48500.056 4.2642967026795057e-07
48550.056 3.312461472799975e-07
48600.056 3.8196018140000457e-07
48650.056 3.699856675799734e-07
48700.056 3.6393093100399074e-07
48750.056 2.5931180419211887e-07
48800.056 4.628594634499944e-07
48850.056 2.9857137287293946e-07
48900.056 4.254164372380055e-07
48950.056 3.40521854060044e-07
49000.056 2.292930666239495e-07
49050.056 3.7512929952997893e-07
49100.056 3.856736594800731e-07
49150.056 3.5344490111273147e-07
49200.056 4.104073625600397e-07
49250.056 4.041722758500534e-07
49300.056 3.5300771529599543e-07
49350.056 2.5909683457804105e-07
49400.056 3.3507376382397453e-07
49450.056 3.3475118818261006e-07
49500.056 2.898308304179698e-07
49550.056 1.9113357010402192e-07
49600.056 2.813826827168683e-07
49650.056 3.2200142137198925e-07
49700.056 2.977998970309164e-07
49750.056 3.7057216418991143e-07
49800.056 3.071473625884231e-07
49850.056 4.2563306098409925e-07
49900.056 3.415806316879815e-07
49950.056 3.389600803319829e-07
50000.056 3.196873392239703e-07
50050.056 3.707768815400008e-07
50100.056 3.219943873910173e-07
50150.056 2.3288354920097483e-07
50200.056 1.3557427516201544e-07
50250.056 3.132233132499607e-07
50300.056 2.579656437010198e-07
50350.056 3.849953153650317e-07
50400.056 3.3039753608797565e-07
50450.056 2.77411978746043e-07
50500.056 3.4613944867604903e-07
50550.056 3.1449720775601793e-07
50600.056 2.9046567119893643e-07
50650.056 3.5635326023008375e-07
50700.056 3.8225489459785887e-07
50750.056 3.269322395050567e-07
50800.056 2.0791145107898165e-07
50850.056 2.0701604458406718e-07
50900.056 3.747707173660015e-07
50950.056 2.9930991902605364e-07
51000.056 3.361291846930278e-07
51050.056 3.0171531734500413e-07
51100.056 1.9334396541497708e-07
51150.056 2.6552793399496724e-07
51200.056 3.968690496399765e-07
51250.056 2.884907444649284e-07
51300.056 2.421986496011242e-07
51350.056 2.586744398549861e-07
51400.056 1.6744307274299162e-07
51450.056 1.4438493932866008e-07
51500.056 1.6582198119045692e-07
51550.056 3.315769538640252e-07
51600.056 2.3860536284504083e-07
51650.056 2.441948154479495e-07
51700.056 2.631539963890506e-07
51750.056 1.9772348761052655e-07
51800.056 2.8643762934192787e-07
51850.056 2.6930989434999264e-07
51900.056 3.643068064180792e-07
51950.056 2.8821290290497313e-07
52000.056 1.289549784309805e-07
52050.056 2.3120656888402995e-07
52100.056 1.7564090207997766e-07
52150.056 1.6140943772601106e-07
52200.056 1.7219709073699786e-07
52250.056 2.1651426750703235e-07
52300.056 3.0992529697997324e-07
52350.056 2.3374682085481344e-07
52400.056 1.6441782585701114e-07
52450.056 2.733347214570168e-07
52500.056 2.699385676809261e-07
52550.056 2.809348454939263e-07
52600.056 2.3618209177204256e-07
52650.056 2.49040415412049e-07
52700.056 2.2371108621499798e-07
52750.056 1.5530286196999314e-07
52800.056 1.948965417020284e-07
52850.056 2.0332862446493762e-07
52900.056 1.8954545791160577e-07
52950.056 2.019800694999963e-07
53000.056 2.6776318049100155e-07
53050.056 1.5404104360494402e-07
53100.056 2.022901517859418e-07
53150.056 2.9788918237003267e-07
53200.056 1.5265408539529424e-07
53250.056 2.7352785434002215e-07
53300.056 2.7741630048715033e-07
53350.056 2.6765383744798497e-07
53400.056 2.563636895500195e-07
53450.056 1.505853299259917e-07
