galfind/configs/Brown_Dwarf_templates/sonora_bobcat/m0.0/56g/sp_t1500g56nc_m0.0_resample.dat
# %ECSV 1.0
# ---
# datatype:
# - {name: wav, unit: Angstrom, datatype: float64}
# - {name: flux_nu, unit: erg / (cm2 Hz s), datatype: float64}
# meta: {C/O: '1.00', Kzz: '1.0000E+05', Teff: '1500.', Y: '0.28', '[Fe/H]': '0.00', f_hole: '1.00', f_rain: '0.00', grav: '56.'}
# schema: astropy-2.0
wav flux_nu
[from data line 500]
29000.056 5.955449776428572e-07
29050.056 6.207090402599133e-07
29100.056 5.132554438650757e-07
29150.056 6.708082919361562e-07
29200.056 5.845536432881363e-07
29250.056 6.878809080610078e-07
29300.056 5.469454444857248e-07
29350.056 8.034136310898285e-07
29400.056 6.24225786665874e-07
29450.056 6.550183375269807e-07
29500.056 6.769773672149139e-07
29550.056 6.525526811130225e-07
29600.056 7.095733430198696e-07
29650.056 6.788270664879322e-07
29700.056 6.013686993978585e-07
29750.056 7.518173572703619e-07
29800.056 7.642221800779472e-07
29850.056 7.381403247909055e-07
29900.056 6.76343952966203e-07
29950.056 7.83409852499874e-07
30000.056 7.729632785398669e-07
30050.056 7.259147965799143e-07
30100.056 6.211787236298206e-07
30150.056 8.958642225399321e-07
30200.056 7.721753708800489e-07
30250.056 8.093216793702337e-07
30300.056 7.802234872099132e-07
30350.056 7.242571710800759e-07
30400.056 8.828208331001378e-07
30450.056 7.05142005510072e-07
30500.056 6.364089231300945e-07
30550.056 8.143987831601799e-07
30600.056 8.075297279300918e-07
30650.056 7.996327214999584e-07
30700.056 7.384868113399843e-07
30750.056 7.076951794800136e-07
30800.056 7.740111275801443e-07
30850.056 6.586492317099115e-07
30900.056 6.82819809519924e-07
30950.056 6.267828313561021e-07
31000.056 6.61707248539962e-07
31050.056 6.367935225799906e-07
31100.056 5.895169995399588e-07
31150.056 6.550046331198989e-07
31200.056 6.642672801399702e-07
31250.056 6.375330011600065e-07
31300.056 5.978261416599168e-07
31350.056 5.698688439599854e-07
31400.056 5.385238447001249e-07
31450.056 5.414918688199659e-07
31500.056 5.520201683699625e-07
31550.056 5.282024391100142e-07
31600.056 5.030469058899551e-07
31650.056 5.010286340999922e-07
31700.056 5.020740631499572e-07
31750.056 4.5864209453012516e-07
31800.056 5.345898060099704e-07
31850.056 5.048507607800609e-07
31900.056 5.681828126999925e-07
31950.056 4.241703538499993e-07
32000.056 4.964957703699815e-07
32050.056 5.61582233320037e-07
32100.056 5.41736517830002e-07
32150.056 5.838165817299651e-07
32200.056 5.350608286799812e-07
32250.056 6.047232112600855e-07
32300.056 5.424438813799729e-07
32350.056 6.592168279300445e-07
32400.056 5.257826994999943e-07
32450.056 6.208325600898532e-07
32500.056 6.493974052701447e-07
32550.056 7.063559420900194e-07
32600.056 7.111237789799713e-07
32650.056 7.668133904401109e-07
32700.056 7.333384916400966e-07
32750.056 7.514260407499979e-07
32800.056 7.330313178500218e-07
32850.056 8.213798975798501e-07
32900.056 8.695407415199598e-07
32950.056 7.523006460999129e-07
33000.056 7.665547890199765e-07
33050.056 7.312014308300537e-07
33100.056 6.413218788398964e-07
33150.056 4.544270127400324e-07
33200.056 3.3780047586992253e-07
33250.056 2.832291461599037e-07
33300.056 2.627854612400391e-07
33350.056 2.9715161065001324e-07
33400.056 3.1525577260996234e-07
33450.056 3.540185744399787e-07
33500.056 4.2950919735008315e-07
33550.056 4.629804518100472e-07
33600.056 5.476087923800514e-07
33650.056 6.286867787001182e-07
33700.056 6.376641502099216e-07
33750.056 7.736505305699889e-07
33800.056 7.482455781498904e-07
33850.056 7.932123788499743e-07
33900.056 7.960313506398852e-07
33950.056 7.321377010999627e-07
34000.056 7.793028263698345e-07
34050.056 7.368921446598267e-07
34100.056 8.629875455999944e-07
34150.056 7.79692256819818e-07
34200.056 6.801867783297516e-07
34250.056 8.06962877369825e-07
34300.056 6.963615114195336e-07
34350.056 6.59464274369992e-07
34400.056 6.469489345900117e-07
34450.056 7.255611465599683e-07
34500.056 7.348719438900108e-07
34550.056 6.612158033400023e-07
34600.056 7.94743727490035e-07
34650.056 7.674451107399632e-07
34700.056 7.362702333198566e-07
34750.056 8.245055417601188e-07
34800.056 7.977911469697271e-07
34850.056 7.277563275300133e-07
34900.056 8.274659728300855e-07
34950.056 7.445440227898094e-07
35000.056 8.724387292699869e-07
35050.056 8.407787599999797e-07
35100.056 7.871045470598038e-07
35150.056 8.847287565199953e-07
35200.056 8.737409310100864e-07
35250.056 8.749592746299143e-07
35300.056 8.580175194700762e-07
35350.056 8.528453659598797e-07
35400.056 8.699746087801088e-07
35450.056 7.174598037503656e-07
35500.056 9.654175345699536e-07
35550.056 9.123029230899705e-07
35600.056 8.376205187800627e-07
35650.056 1.029831644630074e-06
35700.056 8.516692204101227e-07
35750.056 9.63650753859736e-07
35800.056 1.1243361119999637e-06
35850.056 9.46860358639956e-07
35900.056 1.1777988270298148e-06
35950.056 1.0841274625100928e-06
36000.056 1.0213589656199769e-06
36050.056 1.1911133021701222e-06
36100.056 1.1938894052293519e-06
36150.056 1.1303558839101483e-06
36200.056 1.2941412364198366e-06
36250.056 1.1517339242498099e-06
36300.056 1.3921173246802699e-06
36350.056 1.2875932150399272e-06
36400.056 1.2430677018900453e-06
36450.056 1.4390207147798663e-06
36500.056 1.3445903561500182e-06
36550.056 1.3575423895704213e-06
36600.056 1.4278045320700757e-06
36650.056 1.4691130372599032e-06
36700.056 1.5767372957099895e-06
36750.056 1.5070483655201601e-06
36800.056 1.5519219726799015e-06
36850.056 1.5776257774901584e-06
36900.056 1.5974606080002505e-06
36950.056 1.6565154027798625e-06
37000.056 1.7249694348199299e-06
37050.056 1.7024608094199162e-06
37100.056 1.7396312997402437e-06
37150.056 1.7367550735797509e-06
37200.056 1.8086913576500862e-06
37250.056 1.8542900288400312e-06
37300.056 1.805203966400072e-06
37350.056 1.7077109622803088e-06
37400.056 1.8573048059997995e-06
37450.056 1.8151657394001745e-06
37500.056 1.858409782619786e-06
37550.056 1.88884222423975e-06
37600.056 2.004949809139806e-06
37650.056 1.8722991391998867e-06
37700.056 1.9833076448000357e-06
37750.056 2.0078693792399385e-06
37800.056 2.0834863098000635e-06
37850.056 1.927355396669932e-06
37900.056 2.0062500477201977e-06
37950.056 2.029789643399964e-06
38000.056 2.0587013227102073e-06
38050.056 2.080613126740091e-06
38100.056 1.9656042208502452e-06
38150.056 2.227430123999818e-06
38200.056 2.272426098899837e-06
38250.056 2.009809532220318e-06
38300.056 2.0337876918499423e-06
38350.056 2.1465666864998595e-06
38400.056 2.1514747099397645e-06
38450.056 2.297904950900113e-06
38500.056 2.1600037511999635e-06
38550.056 2.213104859600056e-06
38600.056 2.4335446435998305e-06
38650.056 2.144993903400048e-06
38700.056 2.210893997380412e-06
38750.056 2.2676683871000084e-06
38800.056 2.263958491800094e-06
38850.056 2.181246798110171e-06
38900.056 2.1520764900398675e-06
38950.056 2.3546011030998687e-06
39000.056 2.2266981274000527e-06
39050.056 2.3260681023998666e-06
39100.056 2.1459218217201486e-06
39150.056 2.258798352600046e-06
39200.056 2.364880103760104e-06
39250.056 2.337597320899518e-06
39300.056 2.2948941750995048e-06
39350.056 2.3289710807302192e-06
39400.056 2.2867032326000605e-06
39450.056 2.293268101899867e-06
39500.056 2.221354579749785e-06
39550.056 2.2117525618497874e-06
39600.056 2.4394804160999073e-06
39650.056 2.1501964338999694e-06
39700.056 2.239992291599861e-06
39750.056 2.2020321784597588e-06
39800.056 2.092798170600043e-06
39850.056 2.186414238149825e-06
39900.056 2.173444882460138e-06
39950.056 2.2760065273998427e-06
40000.056 2.0267354193399565e-06
40050.056 2.0009976852000026e-06
40100.056 2.152394948699913e-06
40150.056 1.9928363362996556e-06
40200.056 2.045615046599767e-06
40250.056 1.980926854829484e-06
40300.056 1.8883186720201596e-06
40350.056 2.0797904203002575e-06
40400.056 2.0281094054300465e-06
40450.056 1.968243624700235e-06
40500.056 1.7880935060102381e-06
40550.056 2.0925278803998565e-06
40600.056 1.7849439455902715e-06
40650.056 1.8749851707000628e-06
40700.056 2.010000941800098e-06
40750.056 1.7668197991393142e-06
40800.056 1.715340746140197e-06
40850.056 1.6965707809403886e-06
40900.056 1.6884912660401812e-06
40950.056 1.789451152739962e-06
41000.056 1.7861988548199855e-06
41050.056 1.7703588099497465e-06
41100.056 1.683810621350024e-06
41150.056 1.7501748221000275e-06
41200.056 1.6854321869900304e-06
41250.056 1.7080660678701394e-06
41300.056 1.4854132554196833e-06
41350.056 1.7638671181600493e-06
41400.056 1.6356455125002028e-06
41450.056 1.6413842784102545e-06
41500.056 1.708360298160092e-06
41550.056 1.6383783215900066e-06
41600.056 1.7000971339800475e-06
41650.056 1.5590425917903061e-06
41700.056 1.4805042339997943e-06
41750.056 1.518105763749874e-06
41800.056 1.5535193629897302e-06
41850.056 1.322131723140254e-06
41900.056 1.562947976689941e-06
41950.056 1.349609984140388e-06
42000.056 1.4107506090401358e-06
42050.056 1.2454687565196477e-06
42100.056 1.471566098620217e-06
42150.056 1.0811413294196381e-06
42200.056 1.1876988520200246e-06
42250.056 1.26353665068007e-06
42300.056 1.052823130840034e-06
42350.056 1.2796721389503364e-06
42400.056 1.0754552875902767e-06
42450.056 9.458232255201477e-07
42500.056 1.0078366116502001e-06
42550.056 1.01786055204002e-06
42600.056 1.0229942933702785e-06
42650.056 9.027293047294488e-07
42700.056 1.0306635073503553e-06
42750.056 9.486396145699637e-07
42800.056 9.216915571603199e-07
42850.056 9.931603647997269e-07
42900.056 9.601700096200428e-07
42950.056 8.984780667795709e-07
43000.056 9.153253833100438e-07
43050.056 8.413299154503911e-07
43100.056 9.376233548901506e-07
43150.056 9.223547231201535e-07
43200.056 9.418871779201363e-07
43250.056 9.072800556098596e-07
43300.056 9.512716906800808e-07
43350.056 8.608771391199592e-07
43400.056 8.944484499999618e-07
43450.056 8.937862838402566e-07
43500.056 8.769078598498989e-07
43550.056 9.248279691900508e-07
43600.056 9.351215328900742e-07
43650.056 8.296524355100697e-07
43700.056 8.235514425397793e-07
43750.056 8.597271762001743e-07
43800.056 7.918116226301227e-07
43850.056 8.223020363601871e-07
43900.056 8.537083737999283e-07
43950.056 7.904633216001514e-07
44000.056 7.709394006501094e-07
44050.056 7.770725045800825e-07
44100.056 8.037932157101046e-07
44150.056 8.224589044798277e-07
44200.056 7.832973252599707e-07
44250.056 7.738804212200314e-07
44300.056 7.611507691400666e-07
44350.056 7.427007392900214e-07
44400.056 7.838643051799691e-07
44450.056 7.927429714900003e-07
44500.056 8.066737259400625e-07
44550.056 7.427714792198584e-07
44600.056 7.573497209800763e-07
44650.056 7.901767017100702e-07
44700.056 7.402773129900473e-07
44750.056 7.758703216699289e-07
44800.056 7.896371331399657e-07
44850.056 7.713373013300761e-07
44900.056 7.314366135000746e-07
44950.056 7.055851900700132e-07
45000.056 7.603113305999504e-07
45050.056 7.597895953199451e-07
45100.056 7.837977186299757e-07
45150.056 7.34647142239981e-07
45200.056 6.885496646600146e-07
45250.056 7.058998930899408e-07
45300.056 7.499928253600292e-07
45350.056 7.736614392499549e-07
45400.056 7.437589434500755e-07
45450.056 6.892647385899066e-07
45500.056 7.111841028499777e-07
45550.056 7.673888596299578e-07
45600.056 7.152582101699858e-07
45650.056 6.643188978798871e-07
45700.056 7.708568820800489e-07
45750.056 6.993821073500085e-07
45800.056 6.955086014199729e-07
45850.056 8.048325416399677e-07
45900.056 8.010986571000302e-07
45950.056 7.016079739700011e-07
46000.056 8.112613695600244e-07
46050.056 8.00458690940124e-07
46100.056 6.843539546600702e-07
46150.056 7.52830495509975e-07
46200.056 7.883207795001366e-07
46250.056 6.70678924869991e-07
46300.056 8.397884441099838e-07
46350.056 7.220231977899318e-07
46400.056 7.423022984799275e-07
46450.056 7.746644725300931e-07
46500.056 7.0493777735995e-07
46550.056 8.560661306399804e-07
46600.056 7.926200307700335e-07
46650.056 1.0002806509098613e-06
46700.056 9.250207031002772e-07
46750.056 7.445850944999353e-07
46800.056 8.123782136101069e-07
46850.056 8.748996429400919e-07
46900.056 8.24836480859867e-07
46950.056 9.106934636200253e-07
47000.056 7.741108373599957e-07
47050.056 9.20992048569862e-07
47100.056 7.253164982600667e-07
47150.056 7.927614596800828e-07
47200.056 8.519272233201593e-07
47250.056 7.588150274899357e-07
47300.056 7.819544949998346e-07
47350.056 7.022506139098809e-07
47400.056 8.512079835498696e-07
47450.056 7.425892442299589e-07
47500.056 8.434854213198906e-07
47550.056 7.528219314599399e-07
47600.056 8.485319540299515e-07
47650.056 6.434816273698658e-07
47700.056 8.695130033700502e-07
47750.056 6.244945327101234e-07
47800.056 8.560897144899155e-07
47850.056 6.72635921189901e-07
47900.056 8.419341763900395e-07
47950.056 6.556967130900975e-07
48000.056 9.413702768000063e-07
48050.056 7.272651709300953e-07
48100.056 8.020068746399905e-07
48150.056 7.347716951600981e-07
48200.056 8.563355871700975e-07
48250.056 7.220620356500061e-07
48300.056 9.29144419179841e-07
48350.056 6.627329734699576e-07
48400.056 8.348258189899948e-07
48450.056 7.049826651100185e-07
48500.056 9.44322822260031e-07
48550.056 6.776192661300153e-07
48600.056 8.685905511599334e-07
48650.056 7.045016086199733e-07
48700.056 8.558325161500528e-07
48750.056 6.390637598300491e-07
48800.056 9.575327454400398e-07
48850.056 6.886679697098739e-07
48900.056 8.85342743350073e-07
48950.056 8.057509681500185e-07
49000.056 7.761446920798988e-07
49050.056 8.461504688199864e-07
49100.056 7.718445690100647e-07
49150.056 8.251809485999897e-07
49200.056 7.77167861519974e-07
49250.056 8.239884262600162e-07
49300.056 7.173488228699498e-07
49350.056 7.70650858109994e-07
49400.056 8.883778868300533e-07
49450.056 7.699306138701665e-07
49500.056 8.079632925700229e-07
49550.056 7.065843407099997e-07
49600.056 7.796471747901667e-07
49650.056 8.144776925500159e-07
49700.056 7.10175996459936e-07
49750.056 1.0190635863898683e-06
49800.056 7.756365870400408e-07
49850.056 9.906602520600573e-07
49900.056 7.842840978700472e-07
49950.056 8.477831166098211e-07
50000.056 8.278599466198383e-07
50050.056 8.332977358300542e-07
50100.056 8.905914093599514e-07
50150.056 7.520024101900275e-07
50200.056 7.100156016100766e-07
50250.056 8.397362874000252e-07
50300.056 7.827093277599587e-07
50350.056 9.217021638600015e-07
50400.056 8.020976943399769e-07
50450.056 7.961971712001215e-07
50500.056 9.916563335101458e-07
50550.056 8.300047806499756e-07
50600.056 8.944525222100089e-07
50650.056 8.50058594340163e-07
50700.056 9.291132027997805e-07
50750.056 9.590893222301218e-07
50800.056 7.157050185799144e-07
50850.056 8.381351878901509e-07
50900.056 9.191403589699671e-07
50950.056 9.128445486601562e-07
51000.056 1.0504034098700866e-06
51050.056 7.97436581290088e-07
51100.056 7.749353554299338e-07
51150.056 8.964385040799311e-07
51200.056 8.836414203199665e-07
51250.056 9.400622800099517e-07
51300.056 7.853962404402555e-07
51350.056 8.763174621798533e-07
51400.056 8.044434186198355e-07
51450.056 6.340392879898898e-07
51500.056 8.194403112700216e-07
51550.056 1.06418091878009e-06
51600.056 7.378256054000638e-07
51650.056 8.601340496098856e-07
51700.056 8.188556897097805e-07
51750.056 7.717837070500636e-07
51800.056 9.320759049998095e-07
51850.056 9.19080541409904e-07
51900.056 9.785071634001785e-07
51950.056 9.005196459199308e-07
52000.056 7.491375702899604e-07
52050.056 8.712424821899576e-07
52100.056 8.071199682998641e-07
52150.056 8.175723063700415e-07
52200.056 7.860080405300222e-07
52250.056 8.374546784500073e-07
52300.056 9.328348850299909e-07
52350.056 9.80352360090103e-07
52400.056 7.239004087301145e-07
52450.056 8.559058131799897e-07
52500.056 9.511218794998465e-07
52550.056 8.907407956197457e-07
52600.056 8.881814082801245e-07
52650.056 9.94570951610141e-07
52700.056 8.517411382000112e-07
52750.056 7.140069688299295e-07
52800.056 8.007762287000739e-07
52850.056 7.644379701899015e-07
52900.056 8.437966849800465e-07
52950.056 8.386915837299018e-07
53000.056 9.523592618999253e-07
53050.056 8.077058420698413e-07
53100.056 7.822773943298258e-07
53150.056 9.96456065280144e-07
53200.056 6.96170594440077e-07
53250.056 9.821369675199802e-07
53300.056 9.590640178503877e-07
53350.056 9.424605014898988e-07
53400.056 8.932152415800763e-07
53450.056 7.81315244990035e-07
53500.056 6.715070345098819e-07
53550.056 8.376117909999135e-07
53600.056 9.175703698501516e-07
53650.056 7.50176783720092e-07
53700.056 7.848846989901568e-07
53750.056 8.504982632600154e-07
53800.056 8.458791642301089e-07
