galfind/configs/Brown_Dwarf_templates/sonora_bobcat/m0.0/56g/sp_t250g56nc_m0.0_resample.dat
# %ECSV 1.0
# ---
# datatype:
# - {name: wav, unit: Angstrom, datatype: float64}
# - {name: flux_nu, unit: erg / (cm2 Hz s), datatype: float64}
# meta: {C/O: '1.00', Kzz: '1.0000E+05', Teff: '250.', Y: '0.28', '[Fe/H]': '0.00', f_hole: '1.00', f_rain: '0.00', grav: '56.'}
# schema: astropy-2.0
wav flux_nu
4000.0559999999996 nan
4050.0559999999996 5.0152408398000924e-20
4100.056 9.234429951300129e-19
4150.056 3.8958369670000295e-18
4200.056 4.7692153088700245e-18
4250.056 2.6006154986000186e-17
4300.056 5.806288215200015e-17
4350.056 1.0863824371800048e-16
4400.056 1.7283756989999998e-16
4450.056 2.6044198264999967e-16
4500.056 4.483018948200018e-16
4550.056 6.343494544500009e-16
4600.056 5.962498499799998e-16
4650.056 5.774632669799992e-16
4700.056 4.579358779999999e-16
4750.056 3.414806450800002e-16
4800.056 2.6691167900999926e-16
4850.056 1.554336638599991e-16
4900.056 1.0465863439899992e-16
4950.056 8.250583313500005e-17
5000.056 5.76150314949998e-17
5050.056 4.0877470371000197e-17
5100.056 5.016882108500085e-17
5150.056 6.722501720500011e-17
5200.056 8.494684455400035e-17
5250.056 1.0048324706400019e-16
5300.056 1.1879786411000034e-16
5350.056 1.4026352717000025e-16
5400.056 1.5557073531000042e-16
5450.056 1.812384659400021e-16
5500.056 2.1786590463000062e-16
5550.056 2.6187637207000024e-16
5600.056 3.033966342700005e-16
5650.056 3.3710417418999997e-16
5700.056 3.2679956204000075e-16
5750.056 3.394088386900009e-16
5800.056 3.144812837199986e-16
5850.056 1.960263482069963e-16
5900.056 3.333265659399387e-17
5950.056 3.1551434108601606e-16
6000.056 8.307835452999903e-16
6050.056 1.805402589970019e-15
6100.056 3.214177271200033e-15
6150.056 5.076906864800033e-15
6200.056 7.49623754240004e-15
6250.056 9.817956600899976e-15
6300.056 1.3554931821599971e-14
6350.056 1.8281134408999953e-14
6400.056 2.3851255947000028e-14
6450.056 2.2597870649499426e-14
6500.056 2.7240493090800555e-14
6550.056 3.808725088439816e-14
6600.056 5.5431871288601576e-14
6650.056 8.6652716616001e-14
6700.056 1.2791249906200082e-13
6750.056 1.8238794744000126e-13
6800.056 2.1579629070000144e-13
6850.056 2.2417353440000001e-13
6900.056 1.590587444434005e-13
6950.056 8.168219316547331e-14
7000.056 1.0716180564359426e-13
7050.056 1.0467974542444247e-13
7100.056 1.2522319852099735e-13
7150.056 7.198764547482424e-14
7200.056 2.6501039248732428e-14
7250.056 3.346255709646162e-14
7300.056 3.8996431759809704e-14
7350.056 7.474790697756092e-14
7400.056 1.3229126077018576e-13
7450.056 2.691662076110166e-13
7500.056 4.24868450670002e-13
7550.056 5.692268558500021e-13
7600.056 6.603061636300005e-13
7650.056 3.9154171339899265e-13
7700.056 4.117290161130086e-13
7750.056 8.770542200800071e-13
7800.056 9.748183564299973e-13
7850.056 9.81059991039975e-13
7900.056 1.0291724813959876e-12
7950.056 1.2053200883869876e-12
8000.056 1.176321261747998e-12
8050.056 1.2501451690200148e-12
8100.056 4.824866279884028e-13
8150.056 1.3596249812689177e-13
8200.056 5.115755956931869e-13
8250.056 5.630364216944254e-13
8300.056 4.614515624040072e-13
8350.056 4.833408754306537e-13
8400.056 6.858603124310143e-13
8450.056 1.3633757637080038e-12
8500.056 1.851990593780007e-12
8550.056 2.4937722429100486e-12
8600.056 3.099156474300012e-12
8650.056 3.230048046800007e-12
8700.056 2.350582326600008e-12
8750.056 1.9311944427999915e-12
8800.056 1.232620526429932e-12
8850.056 6.047541150139468e-13
8900.056 9.831736540629967e-15
8950.056 1.47315599688925e-15
9000.056 1.5695731364159081e-15
9050.056 1.5331911143011517e-14
9100.056 2.6736581275072748e-14
9150.056 6.523924863109606e-14
9200.056 3.265615067729682e-13
9250.056 2.0192908404391296e-13
9300.056 2.9279752125822496e-16
9350.056 1.8884226108786087e-16
9400.056 5.871074437788876e-15
9450.056 2.7409787026976117e-15
9500.056 2.7594418238103565e-15
9550.056 2.3929370282216294e-15
9600.056 5.1654419102186346e-15
9650.056 2.138995999077129e-14
9700.056 1.847887428807456e-13
9750.056 7.935457183711481e-14
9800.056 7.716524076864078e-14
9850.056 8.007225767950183e-14
9900.056 1.1780745179037243e-13
9950.056 1.0108599863652008e-13
10000.056 9.746003251562485e-14
10050.056 9.556670272099907e-14
10100.056 7.344185275529988e-14
10150.056 2.907264587279133e-14
10200.056 3.2940689533367255e-15
10250.056 3.5294098345796637e-15
10300.056 1.3318246718110125e-14
10350.056 3.403358518907959e-15
10400.056 2.980814324799478e-14
10450.056 7.574472840777218e-14
10500.056 2.2173289983884103e-13
10550.056 6.581045294330158e-13
10600.056 1.1098950673300656e-12
10650.056 1.2448644500000004e-12
10700.056 9.077481953239587e-13
10750.056 8.938481583282622e-13
10800.056 8.255557571026467e-13
10850.056 6.414903326408659e-13
10900.056 4.4563774048454087e-13
10950.056 2.192636544749489e-13
11000.056 9.415363823230292e-14
11050.056 3.8062597125370234e-14
11100.056 8.904787791469266e-15
11150.056 1.3017965221881582e-15
11200.056 2.418272882325168e-16
11250.056 1.0151928021362393e-16
11300.056 9.641037086342883e-16
11350.056 5.4454359102299617e-17
11400.056 1.9028792320675737e-15
11450.056 7.295473207518844e-16
11500.056 7.659086412214272e-16
11550.056 9.915870525754725e-17
11600.056 8.381771319988197e-18
11650.056 2.1171252528353893e-16
11700.056 3.5267783306772045e-16
11750.056 7.250119974408165e-17
11800.056 5.888367654872749e-16
11850.056 4.0529204420570596e-16
11900.056 4.4125624683176306e-16
11950.056 9.66314388762776e-16
12000.056 1.4636793064130955e-15
12050.056 2.4251137613747647e-15
12100.056 2.9851338501068143e-15
12150.056 4.159053182531464e-15
12200.056 4.363645901768925e-15
12250.056 1.9004380541200736e-14
12300.056 5.81519481654298e-14
12350.056 7.754291070792196e-14
12400.056 2.0956992757750142e-13
12450.056 5.987046119386165e-13
12500.056 8.159832150749461e-13
12550.056 8.774027566799953e-13
12600.056 1.9075268323863333e-12
12650.056 4.784862245159216e-12
12700.056 5.592244857106051e-12
12750.056 2.520852493621612e-12
12800.056 9.878653753768113e-13
12850.056 2.9660481237763363e-13
12900.056 1.4189364855773921e-13
12950.056 1.0385453350841334e-13
13000.056 1.0736491976140341e-13
13050.056 5.5005543460285373e-14
13100.056 4.2055401423103465e-14
13150.056 1.4469804941940902e-14
13200.056 2.191423760119711e-14
13250.056 3.040707886608295e-14
13300.056 1.0129509023046153e-14
13350.056 4.586724079284748e-15
13400.056 1.888812340606297e-15
13450.056 2.167587407973567e-16
13500.056 1.8808036017995053e-17
13550.056 1.3012229892903567e-18
13600.056 4.200453374639507e-20
13650.056 7.256458190565282e-19
13700.056 1.8524296765929963e-19
13750.056 2.554740089348005e-18
13800.056 2.010063736249187e-18
13850.056 5.378222919118045e-19
13900.056 2.878591701668745e-18
13950.056 1.33777955629254e-18
14000.056 5.564984222456357e-18
14050.056 5.1559820018102745e-18
14100.056 7.987503444031547e-18
14150.056 7.688437070517016e-17
14200.056 5.031707550157135e-17
14250.056 1.1896769302303685e-16
14300.056 5.04001157803186e-16
14350.056 3.931925871295767e-16
14400.056 3.670741546407355e-16
14450.056 1.0295848443730376e-15
14500.056 3.3447689022255647e-15
14550.056 6.8550374979610824e-15
14600.056 6.7279592315928615e-15
14650.056 1.3922073792681612e-15
14700.056 4.505708265735942e-16
14750.056 5.671330350156333e-17
14800.056 1.1479799255747377e-16
14850.056 1.0980252723406338e-16
14900.056 8.118548514950284e-17
14950.056 3.288717559229268e-17
15000.056 1.7539043687105264e-16
15050.056 4.645900250295123e-16
15100.056 6.642270350218188e-17
15150.056 1.0463596099898723e-17
15200.056 2.5987372195272626e-16
15250.056 5.819436209243974e-16
15300.056 1.0731857935379072e-15
15350.056 2.7737969185515003e-15
15400.056 2.159166859933961e-15
15450.056 4.30003439850568e-15
15500.056 6.707257242652934e-15
15550.056 3.8479432551193755e-14
15600.056 9.454505095828169e-14
15650.056 2.8351017651230994e-13
15700.056 8.43671150369714e-13
15750.056 1.4411149345356706e-12
15800.056 1.942238693597968e-12
15850.056 3.0135600699947535e-12
15900.056 4.2029107961775765e-12
15950.056 6.459602580749696e-12
16000.056 6.304930191170176e-12
16050.056 3.922676636359718e-12
16100.056 1.7986620497809859e-12
16150.056 6.335472210078799e-13
16200.056 1.7501433604061667e-13
16250.056 5.1173176643284824e-14
16300.056 1.2826910826749423e-14
16350.056 1.6132341428085242e-14
16400.056 2.1411498032882366e-14
16450.056 1.8793026527892593e-14
16500.056 1.4249624244701195e-14
16550.056 1.180365571737799e-14
16600.056 6.885449362577526e-14
16650.056 2.4290847157696424e-14
16700.056 2.8442961400678925e-15
16750.056 9.840651798391459e-15
16800.056 2.4889217936019418e-14
16850.056 2.4262143467544266e-14
16900.056 4.091857386172153e-15
16950.056 1.8698665661620268e-15
17000.056 5.312026060495938e-16
17050.056 1.0773815759153706e-15
17100.056 5.528998141041531e-15
17150.056 1.9667133398668164e-15
17200.056 1.8657212920167147e-14
17250.056 1.9562583693964633e-15
17300.056 1.7733007370917476e-15
17350.056 3.58126309821563e-15
17400.056 1.2634340250037684e-14
17450.056 1.727932367563774e-14
17500.056 3.967523610898976e-14
17550.056 3.5441227329166934e-14
17600.056 3.22468897044594e-14
17650.056 1.3551385663820554e-14
17700.056 1.1056541799895504e-14
17750.056 9.100427493063905e-15
17800.056 6.030030585779135e-14
17850.056 8.536773821389493e-15
17900.056 6.222336541572314e-15
17950.056 4.740632678806894e-15
18000.056 8.858597483763138e-15
18050.056 5.64935312046053e-15
18100.056 7.055416452203878e-15
18150.056 2.2025804342536113e-15
18200.056 1.7708261987819632e-15
18250.056 1.286249068428066e-14
18300.056 4.530931665711509e-16
18350.056 3.8015880160906026e-16
18400.056 9.721970343354385e-17
18450.056 2.784487823065283e-15
18500.056 1.9648059601692927e-15
18550.056 6.964775361741633e-16
18600.056 2.9151985168243824e-15
18650.056 2.5942855423203726e-15
18700.056 5.858122336054134e-17
18750.056 1.1114786998967207e-16
18800.056 8.418238141760967e-15
18850.056 5.468539734263253e-15
18900.056 1.0983669465925853e-14
18950.056 1.1183532303516094e-14
19000.056 7.260036768243873e-16
19050.056 2.902649577882498e-16
19100.056 1.673451919543746e-15
19150.056 6.064378917788626e-16
19200.056 1.9466413507459435e-15
19250.056 1.2651147937534685e-15
19300.056 5.349072031049292e-16
19350.056 5.876697255922958e-16
19400.056 3.5206337137114417e-16
19450.056 4.2536571158903445e-16
19500.056 2.1491247366552298e-16
19550.056 1.157525725124956e-15
19600.056 3.5509984484716086e-15
19650.056 1.951202596497381e-15
19700.056 3.564094579790356e-15
19750.056 6.560323099323215e-15
19800.056 2.912202948092361e-15
19850.056 3.620816877133763e-15
19900.056 7.990476556861722e-15
19950.056 1.0590113561954533e-14
20000.056 1.2916864940061943e-14
20050.056 8.812843809361442e-15
20100.056 1.322908026869829e-14
20150.056 8.678380676689012e-15
20200.056 4.422585628564481e-15
20250.056 1.579335973467082e-14
20300.056 2.2998763771845638e-14
20350.056 2.6408174369712618e-14
20400.056 2.0735353479789717e-14
20450.056 3.7892540699481955e-14
20500.056 4.110416471524465e-14
20550.056 4.433891099834831e-14
20600.056 4.6062350401246704e-14
20650.056 5.1002793947507225e-14
20700.056 5.320030453741291e-14
20750.056 5.332734582829685e-14
20800.056 4.701447832039343e-14
20850.056 5.188344303020078e-14
20900.056 5.11304197149986e-14
20950.056 4.6268644282000235e-14
21000.056 4.270817236320052e-14
21050.056 4.4152439188998517e-14
21100.056 4.2851249219000716e-14
21150.056 4.40133494990013e-14
21200.056 4.403648079520379e-14
21250.056 4.6165179828695923e-14
21300.056 4.4207330727200365e-14
21350.056 4.6656883608979464e-14
21400.056 5.269675373923488e-14
21450.056 4.476800295921682e-14
21500.056 4.0209302963883454e-14
21550.056 4.489837982789752e-14
21600.056 3.8940148256123333e-14
21650.056 2.8081123707665603e-14
21700.056 1.9877010929541432e-14
21750.056 2.706193938007278e-14
21800.056 1.8883520673599114e-14
21850.056 1.9260048029113226e-14
21900.056 1.4023341119581395e-14
21950.056 3.8300774018929054e-15
22000.056 1.3470885176101306e-16
22050.056 4.785817299764867e-16
22100.056 2.279330883762207e-15
22150.056 1.085233526086211e-15
22200.056 8.795319747954417e-16
22250.056 6.230097510732404e-16
22300.056 1.4065287440496217e-16
22350.056 3.697510723009442e-16
22400.056 8.703777616499114e-17
22450.056 2.044025390845512e-16
22500.056 1.4764845789943683e-16
22550.056 2.736392526511764e-17
22600.056 1.745406870022408e-17
22650.056 3.0008109851770344e-17
22700.056 4.207075989319599e-17
22750.056 1.192714439646511e-16
22800.056 1.7062997504490391e-16
22850.056 1.0102285232009737e-16
22900.056 5.4961595319212017e-17
22950.056 2.085361464307335e-17
23000.056 3.825569590829089e-17
23050.056 1.7594589787293135e-17
23100.056 1.2131391240899795e-15
23150.056 1.6034578979901917e-15
23200.056 1.0909349804697433e-17
23250.056 1.591892648520043e-16
23300.056 7.655665774026062e-17
23350.056 1.8341671944862844e-16
23400.056 1.6781292657069644e-16
23450.056 3.040904744658509e-17
23500.056 3.5793879617695975e-17
23550.056 1.302810943524655e-16
23600.056 6.24824465160763e-16
23650.056 9.872834409726275e-16
23700.056 4.885529620251906e-17
23750.056 8.504810570938362e-17
23800.056 1.0456104249980487e-15
23850.056 4.1135002271936927e-16
23900.056 1.326531692269283e-15
23950.056 3.1851196776064163e-16
24000.056 2.023941262529686e-15
24050.056 2.4209667891139267e-15
24100.056 5.79000507781636e-15
24150.056 8.30953037271153e-15
24200.056 3.808350283612299e-15
24250.056 2.757067644988546e-15
24300.056 7.38109168584179e-15
24350.056 7.755729919451772e-15
24400.056 2.5969508427947766e-14
24450.056 3.4136204645909996e-14
24500.056 3.048806254685999e-14
24550.056 6.068966767960567e-14
24600.056 8.387292821305775e-14
24650.056 1.5077594019374524e-13
24700.056 1.1032975601134473e-13
24750.056 1.7434970952612663e-13
24800.056 1.4649413017233964e-13
24850.056 2.2610719972106121e-13
24900.056 1.4577548303701903e-13
24950.056 2.1255957238269801e-13
25000.056 3.271323698648922e-13
25050.056 2.2501560337334977e-13
25100.056 3.01657814110434e-13
25150.056 1.2756046072945714e-13
25200.056 2.080341393652342e-13
25250.056 8.403075499044402e-14
25300.056 6.292736389028046e-14
25350.056 4.074108370683235e-14
25400.056 8.996291826867391e-14
25450.056 1.8503611919532262e-14
25500.056 1.3781352627824044e-14
25550.056 3.9506170487432163e-14
25600.056 1.2082547127888388e-14
25650.056 4.5259738580765675e-15
25700.056 3.1707424612187095e-15
25750.056 1.248967635264343e-15
25800.056 6.173007231210333e-15
25850.056 1.018504246697513e-15
25900.056 9.533553826078115e-16
25950.056 6.665727928178958e-16
26000.056 3.533945723689554e-15
26050.056 7.859585696787694e-16
26100.056 2.147263358054622e-15
26150.056 1.1241424093451829e-15
26200.056 1.4487598471399616e-15
26250.056 6.510560867606188e-15
26300.056 1.950529017540622e-15
26350.056 1.6264714475566376e-14
26400.056 4.4476557061869514e-14
26450.056 2.4030790269055734e-14
26500.056 7.378739965576004e-14
26550.056 6.2012823625090084e-15
26600.056 5.880329381575683e-15
26650.056 1.5804087432825981e-15
26700.056 1.849873127875032e-15
26750.056 2.660966630941252e-15
26800.056 8.10922713205852e-15
26850.056 5.574023839949931e-15
26900.056 1.8088554658961648e-14
26950.056 4.8207486265400974e-15
27000.056 1.982332183060389e-14
27050.056 4.039739841547817e-14
27100.056 3.556352772490682e-15
27150.056 2.985082282116649e-14
27200.056 4.572742496416014e-15
27250.056 1.1823852035584696e-14
27300.056 1.0164037391987953e-13
27350.056 3.2180466670451886e-14
27400.056 4.290477963182781e-15
27450.056 5.1507410714637505e-14
27500.056 6.26297997044527e-14
27550.056 1.475624829232488e-14
27600.056 3.95087362093155e-14
27650.056 1.3434790136620018e-14
27700.056 1.7015516840388302e-14
27750.056 7.249187904478958e-14
27800.056 2.7020572735867005e-14
27850.056 5.532253848545282e-14
27900.056 6.965736080654037e-14
27950.056 1.1006892664778302e-13
28000.056 1.8431884644133146e-13
28050.056 1.4883871993136385e-14
28100.056 1.735355692609468e-13
28150.056 1.3493352408479506e-13
28200.056 2.2748043253939428e-14
28250.056 2.110281248949539e-13
28300.056 1.790173580677365e-13
28350.056 2.2611911767297646e-14
28400.056 1.0521089166088927e-13
28450.056 1.7355736448461502e-13
28500.056 6.684758411499178e-14
28550.056 2.5544024125051858e-14
28600.056 2.025420953935619e-13
28650.056 5.809477745333661e-14
28700.056 1.9947649432716888e-13
28750.056 2.4691253724511276e-13
28800.056 4.2159300765603235e-14
