galfind/configs/Brown_Dwarf_templates/sonora_bobcat/m0.0/56g/sp_t700g56nc_m0.0_resample.dat
# %ECSV 1.0
# ---
# datatype:
# - {name: wav, unit: Angstrom, datatype: float64}
# - {name: flux_nu, unit: erg / (cm2 Hz s), datatype: float64}
# meta: {C/O: '1.00', Kzz: '1.0000E+05', Teff: '700.', Y: '0.28', '[Fe/H]': '0.00', f_hole: '1.00', f_rain: '0.00', grav: '56.'}
# schema: astropy-2.0
wav flux_nu
[from data line 500]
29000.056 1.1258698815777792e-08
29050.056 1.35384409549435e-08
29100.056 9.358302044560885e-09
29150.056 1.523199093254504e-08
29200.056 1.2119874354383165e-08
29250.056 1.8830207254234418e-08
29300.056 8.88708469899034e-09
29350.056 2.6985209447444804e-08
29400.056 1.3395233225453908e-08
29450.056 1.4590828927702345e-08
29500.056 1.804247348622449e-08
29550.056 1.3872558618330998e-08
29600.056 1.7748423457346113e-08
29650.056 2.1462412860771775e-08
29700.056 1.255991626224075e-08
29750.056 2.045467855418077e-08
29800.056 2.0245910040232304e-08
29850.056 2.3066630450732365e-08
29900.056 2.0483081935412234e-08
29950.056 1.9008756560176885e-08
30000.056 3.2568508980976648e-09
30050.056 6.168448931539308e-09
30100.056 8.19427324401517e-09
30150.056 1.7083002441600775e-08
30200.056 1.3757160704596115e-08
30250.056 2.660252421470575e-08
30300.056 2.6183641760414914e-08
30350.056 1.827352363041639e-08
30400.056 2.789827008537894e-08
30450.056 1.77408315211256e-08
30500.056 1.698110245550711e-08
30550.056 1.689398351301664e-08
30600.056 2.368579624684118e-08
30650.056 1.6176133877666474e-08
30700.056 1.4284552166729967e-08
30750.056 1.9331513185381595e-08
30800.056 1.4283969711027612e-08
30850.056 1.4645365831834905e-08
30900.056 1.0003802249468135e-08
30950.056 1.1545702724954243e-08
31000.056 9.703852324062093e-09
31050.056 9.684445796027415e-09
31100.056 7.329985348380199e-09
31150.056 1.076703886846915e-08
31200.056 1.1813136880022655e-08
31250.056 8.485665412324121e-09
31300.056 6.8848196833701e-09
31350.056 8.43895664614462e-09
31400.056 6.4135298233060315e-09
31450.056 6.791693101678002e-09
31500.056 4.662632601619862e-09
31550.056 5.703611981455219e-09
31600.056 3.865414199370585e-09
31650.056 3.8043436700197205e-09
31700.056 4.067993551189804e-09
31750.056 2.795366294090408e-09
31800.056 4.278083542590489e-09
31850.056 2.3054269243942095e-09
31900.056 3.1867300720378747e-09
31950.056 2.0405047117214016e-09
32000.056 2.6197264400824892e-09
32050.056 3.005767210885384e-09
32100.056 2.843656368127471e-09
32150.056 3.2352373517897865e-09
32200.056 2.3167857172123875e-09
32250.056 3.9057686707838156e-09
32300.056 2.2642390485249163e-09
32350.056 3.8645034877393395e-09
32400.056 2.128395277853103e-09
32450.056 3.5339170142320118e-09
32500.056 2.5636229063469916e-09
32550.056 2.907457901621128e-09
32600.056 3.4071482403621754e-09
32650.056 5.9685770996123695e-09
32700.056 4.241098149543461e-09
32750.056 6.779932156311472e-09
32800.056 5.830724205652618e-09
32850.056 7.639463902139184e-09
32900.056 7.983384916646258e-09
32950.056 8.786283973145215e-09
33000.056 6.630440771314509e-09
33050.056 6.963537626065973e-09
33100.056 2.6440783155735437e-09
33150.056 1.7247727130399732e-10
33200.056 3.15449667643179e-10
33250.056 1.8631242997328105e-10
33300.056 3.3878180672806495e-10
33350.056 8.550117531979103e-10
33400.056 1.632509919930117e-09
33450.056 2.339487306036687e-09
33500.056 4.680091378103899e-09
33550.056 2.9530368204622896e-09
33600.056 5.7638560007215116e-09
33650.056 5.5200342706093035e-09
33700.056 4.279814221372041e-09
33750.056 7.229238122055312e-09
33800.056 4.067004145788364e-09
33850.056 5.860134266270152e-09
33900.056 4.822298713270282e-09
33950.056 4.7687483892756815e-09
34000.056 7.077232154051529e-09
34050.056 2.695354964235924e-09
34100.056 6.691421831461769e-09
34150.056 4.525963625672981e-09
34200.056 5.85238996717683e-09
34250.056 5.258044493415596e-09
34300.056 4.633977871115132e-09
34350.056 4.693958632005673e-09
34400.056 3.3504968964305058e-09
34450.056 5.6955834777353235e-09
34500.056 4.8593280485826775e-09
34550.056 3.206186532994398e-09
34600.056 7.23887259842043e-09
34650.056 3.831667748886534e-09
34700.056 6.228134702006214e-09
34750.056 5.4510021662106466e-09
34800.056 4.695193380269687e-09
34850.056 6.536536582841979e-09
34900.056 5.8902344897168476e-09
34950.056 7.2919860008575536e-09
35000.056 1.2113038451862667e-08
35050.056 6.229331486824381e-09
35100.056 9.815328745012186e-09
35150.056 8.561857552395592e-09
35200.056 9.246712862696708e-09
35250.056 1.3190484451938239e-08
35300.056 8.932120656489645e-09
35350.056 9.513891910808076e-09
35400.056 1.0826427909236821e-08
35450.056 7.237287038444907e-09
35500.056 1.6856704996581744e-08
35550.056 1.4416777450086234e-08
35600.056 1.2114662801649014e-08
35650.056 1.3654769210482309e-08
35700.056 1.2673252304061339e-08
35750.056 1.7521247476558323e-08
35800.056 2.1927822419440987e-08
35850.056 1.161688823789537e-08
35900.056 1.584815207048314e-08
35950.056 1.592131209245866e-08
36000.056 1.6109928616102487e-08
36050.056 1.376896756995448e-08
36100.056 1.444327377628983e-08
36150.056 1.7467403946444357e-08
36200.056 1.9038234226042974e-08
36250.056 1.683372283440914e-08
36300.056 2.3222300907929813e-08
36350.056 1.9867038543985626e-08
36400.056 2.1143509424657238e-08
36450.056 2.5552465720579735e-08
36500.056 2.818713165491253e-08
36550.056 2.822613800345826e-08
36600.056 3.4134902839593096e-08
36650.056 3.134567435846987e-08
36700.056 3.35761495690118e-08
36750.056 3.7484179805026374e-08
36800.056 3.7683083315299846e-08
36850.056 3.199888558453596e-08
36900.056 3.9511944950974404e-08
36950.056 4.2097625140891636e-08
37000.056 3.677340722789162e-08
37050.056 4.016421690609551e-08
37100.056 4.287883667450277e-08
37150.056 3.577199678974015e-08
37200.056 4.5751189177588175e-08
37250.056 4.3056959842992484e-08
37300.056 3.738365307162024e-08
37350.056 4.297167366478057e-08
37400.056 6.326790756835937e-08
37450.056 4.2750653201098376e-08
37500.056 4.4213505312981e-08
37550.056 5.6916211741845235e-08
37600.056 6.67993219180105e-08
37650.056 4.08163084381905e-08
37700.056 6.736454157122672e-08
37750.056 4.773783423690105e-08
37800.056 5.095235092443605e-08
37850.056 3.388093939090564e-08
37900.056 4.1922576533829725e-08
37950.056 5.614141918717661e-08
38000.056 6.45383820310785e-08
38050.056 6.526995360552355e-08
38100.056 6.786301592565483e-08
38150.056 7.70144244549997e-08
38200.056 8.021514442482089e-08
38250.056 7.346624111172875e-08
38300.056 1.0050784521557925e-07
38350.056 1.0145814120022196e-07
38400.056 6.017815994751705e-08
38450.056 5.8638807162751585e-08
38500.056 4.011172316422918e-08
38550.056 6.792583000402608e-08
38600.056 6.981155743370036e-08
38650.056 6.840154975128392e-08
38700.056 7.039152646190031e-08
38750.056 7.691289492391102e-08
38800.056 6.95662806247505e-08
38850.056 7.269739117211022e-08
38900.056 9.742468494719993e-08
38950.056 7.426451888502911e-08
39000.056 8.793276697779207e-08
39050.056 7.580374176501014e-08
39100.056 8.642156590019532e-08
39150.056 9.028795844540541e-08
39200.056 8.85681547438264e-08
39250.056 1.0584962474928643e-07
39300.056 8.33525802460609e-08
39350.056 1.2037059645740783e-07
39400.056 9.260603479524212e-08
39450.056 1.0490479366761709e-07
39500.056 1.0616354492213266e-07
39550.056 9.835728925746309e-08
39600.056 1.1297896549977513e-07
39650.056 1.2179936675238072e-07
39700.056 1.18079248111218e-07
39750.056 9.292124032355154e-08
39800.056 1.0785317326398647e-07
39850.056 1.418860789370057e-07
39900.056 1.4157266904500936e-07
39950.056 1.1370092959096944e-07
40000.056 1.577547561302359e-07
40050.056 1.3852364661579498e-07
40100.056 1.0500337846188157e-07
40150.056 1.4222702051378746e-07
40200.056 1.472213234449437e-07
40250.056 1.506332856894435e-07
40300.056 1.47904350718521e-07
40350.056 1.4410931938087933e-07
40400.056 1.7298376598141118e-07
40450.056 1.3743329464708965e-07
40500.056 1.7537801051297462e-07
40550.056 1.7655523432034316e-07
40600.056 1.6614330671602382e-07
40650.056 1.420985664818792e-07
40700.056 2.0649063673498967e-07
40750.056 1.6395703909097462e-07
40800.056 1.3129069760892486e-07
40850.056 2.21695625177061e-07
40900.056 2.0168642882921552e-07
40950.056 1.8395336723681187e-07
41000.056 1.7939045147669327e-07
41050.056 2.3323994287995168e-07
41100.056 1.9781897187400807e-07
41150.056 1.385250116645608e-07
41200.056 2.3062834855998959e-07
41250.056 1.8879660984117662e-07
41300.056 1.75151363303961e-07
41350.056 2.4472401716401644e-07
41400.056 2.1901366199403397e-07
41450.056 2.4155296836599945e-07
41500.056 1.8914358667740067e-07
41550.056 1.883557468060522e-07
41600.056 2.230546041145237e-07
41650.056 2.3402478077000327e-07
41700.056 2.1851842781591628e-07
41750.056 2.1993296260297569e-07
41800.056 2.54092844359024e-07
41850.056 1.9254892699699103e-07
41900.056 2.141713905935502e-07
41950.056 2.103635189500459e-07
42000.056 1.9786809690591808e-07
42050.056 1.8478261019815934e-07
42100.056 2.509944007719801e-07
42150.056 1.9596291390100604e-07
42200.056 1.8754356445300808e-07
42250.056 1.9305263891647322e-07
42300.056 1.9247477753940548e-07
42350.056 2.3797350854503547e-07
42400.056 2.3227132096705624e-07
42450.056 2.0724234944605712e-07
42500.056 2.0033368148398333e-07
42550.056 1.9100040748196373e-07
42600.056 2.0873794169795896e-07
42650.056 2.667216074358947e-07
42700.056 2.1100205216616042e-07
42750.056 2.0508196204700464e-07
42800.056 2.3590661978003867e-07
42850.056 2.603170613899118e-07
42900.056 2.7722720699707915e-07
42950.056 2.2293110070694e-07
43000.056 2.5040813488803944e-07
43050.056 1.6835160511405973e-07
43100.056 2.1993573929894683e-07
43150.056 2.0474211476752695e-07
43200.056 2.5632876741600387e-07
43250.056 3.0997630996002304e-07
43300.056 3.048933539920064e-07
43350.056 1.984566946309503e-07
43400.056 2.4344502449298136e-07
43450.056 2.0457443201323674e-07
43500.056 1.9613026849001466e-07
43550.056 2.1030613527445283e-07
43600.056 2.8835659564003467e-07
43650.056 2.1399166681650753e-07
43700.056 2.9043569976705246e-07
43750.056 2.654568361730353e-07
43800.056 2.5021544517496807e-07
43850.056 2.1879771348602665e-07
43900.056 2.3036913389497998e-07
43950.056 1.6444230541999168e-07
44000.056 1.5914064158849356e-07
44050.056 2.762305697630106e-07
44100.056 3.3370177034001654e-07
44150.056 3.08562395903972e-07
44200.056 2.7422351343199317e-07
44250.056 2.0119957479501027e-07
44300.056 1.749353695540333e-07
44350.056 1.9807193773005665e-07
44400.056 1.9395256653839077e-07
44450.056 2.5188556853396007e-07
44500.056 2.5361774461306613e-07
44550.056 3.148773836199605e-07
44600.056 2.6438652991522414e-07
44650.056 2.6884143148305423e-07
44700.056 1.9427033170200266e-07
44750.056 2.622874872870433e-07
44800.056 2.2108501863702061e-07
44850.056 2.671734000650374e-07
44900.056 2.2417045404701783e-07
44950.056 2.5368141725501026e-07
45000.056 2.693566687799908e-07
45050.056 2.614598346389875e-07
45100.056 2.5251731921899767e-07
45150.056 2.558693811498589e-07
45200.056 2.0919667833201814e-07
45250.056 2.3089096446892228e-07
45300.056 2.0237605916903883e-07
45350.056 2.07002792693015e-07
45400.056 3.18080689528028e-07
45450.056 2.758160825709962e-07
45500.056 2.8942472972401153e-07
45550.056 3.194898847819057e-07
45600.056 3.1283021266004847e-07
45650.056 2.510834261739795e-07
45700.056 2.1388854592641045e-07
45750.056 2.0663820840200153e-07
45800.056 3.2213086764699845e-07
45850.056 3.170380838609933e-07
45900.056 3.392775118399964e-07
45950.056 2.785939547049896e-07
46000.056 3.1978344332601606e-07
46050.056 2.695925235200219e-07
46100.056 3.323905207499692e-07
46150.056 2.537912698549977e-07
46200.056 2.39324152617001e-07
46250.056 1.5292228575296983e-07
46300.056 2.727209497720043e-07
46350.056 2.643977675490297e-07
46400.056 2.47565497643008e-07
46450.056 2.328671727250407e-07
46500.056 2.5643030216106073e-07
46550.056 1.906100441429981e-07
46600.056 2.428824209637838e-07
46650.056 3.3971363679599516e-07
46700.056 2.451253772319708e-07
46750.056 1.762705548532052e-07
46800.056 1.3630292697621531e-07
46850.056 3.397983934490653e-07
46900.056 2.996711337049762e-07
46950.056 2.97036806955989e-07
47000.056 2.7847146425404243e-07
47050.056 2.5265701906630624e-07
47100.056 1.7976999235682877e-07
47150.056 2.303613592570338e-07
47200.056 2.7663995806200665e-07
47250.056 2.035006936999824e-07
47300.056 1.5220270967766268e-07
47350.056 3.0936384599397377e-07
47400.056 2.7665172955797375e-07
47450.056 2.7273321096382945e-07
47500.056 3.1125866632695665e-07
47550.056 2.764767953880079e-07
47600.056 2.720131273929898e-07
47650.056 2.488696771849656e-07
47700.056 2.446991044635673e-07
47750.056 1.8194398570400704e-07
47800.056 1.8718727712501046e-07
47850.056 1.3328578641211248e-07
47900.056 1.747823416589694e-07
47950.056 2.368478239100263e-07
48000.056 3.273804672900559e-07
48050.056 2.9214254175800145e-07
48100.056 1.6824358918781645e-07
48150.056 2.3955630817701417e-07
48200.056 2.0442965791900262e-07
48250.056 2.145233978340129e-07
48300.056 2.9578380270992314e-07
48350.056 1.919340246220145e-07
48400.056 1.0964820447877632e-07
48450.056 1.9211734419565694e-07
48500.056 2.523160237109565e-07
48550.056 2.208041789350076e-07
48600.056 2.413881923890031e-07
48650.056 2.6499881137997716e-07
48700.056 2.1992596615799752e-07
48750.056 1.4977272060408168e-07
48800.056 2.93804991944993e-07
48850.056 1.8147908437696573e-07
48900.056 2.6962061611379153e-07
48950.056 1.8184746435402122e-07
49000.056 1.0462778255918049e-07
49050.056 2.2349816465097644e-07
49100.056 2.5380640747204967e-07
49150.056 2.0602736199522727e-07
49200.056 2.811874966420464e-07
49250.056 2.671374654490403e-07
49300.056 2.3396078257499796e-07
49350.056 1.333408134002242e-07
49400.056 1.8072534442196932e-07
49450.056 1.916170535205618e-07
49500.056 1.5465884397198446e-07
49550.056 7.428821296030907e-08
49600.056 1.3690617249155255e-07
49650.056 1.8608348554199147e-07
49700.056 1.7994960807394224e-07
49750.056 2.11926159852964e-07
49800.056 1.685918349736116e-07
49850.056 2.586645359130658e-07
49900.056 2.060344627251763e-07
49950.056 2.0306709779800214e-07
50000.056 1.8155853246497176e-07
50050.056 2.1956418129000054e-07
50100.056 1.7629889763600835e-07
50150.056 1.1520152289598211e-07
50200.056 4.842309882361079e-08
50250.056 1.5477465938798002e-07
50300.056 1.1718070961011459e-07
50350.056 2.1612160897802428e-07
50400.056 1.9266199702098534e-07
50450.056 1.5243862375641346e-07
50500.056 2.0237229448602744e-07
50550.056 1.8405043406201498e-07
50600.056 1.5173645700895996e-07
50650.056 2.1381531876004343e-07
50700.056 2.244408391039197e-07
50750.056 1.6991076616702496e-07
50800.056 9.497708767739009e-08
50850.056 8.099911757883075e-08
50900.056 2.1015660788599823e-07
50950.056 1.6061824131101739e-07
51000.056 1.6585478717021137e-07
51050.056 1.7477975749799227e-07
51100.056 9.073575618780993e-08
51150.056 1.254817572102322e-07
51200.056 2.3826554009998496e-07
51250.056 1.530076894999676e-07
51300.056 1.2458996531305952e-07
51350.056 1.3093052689778925e-07
51400.056 7.206938823620149e-08
51450.056 6.003223129728233e-08
51500.056 6.389435000282458e-08
51550.056 1.5882356764101168e-07
51600.056 1.1300512049642647e-07
51650.056 1.214156557349724e-07
51700.056 1.3620275635029162e-07
51750.056 9.691782869051487e-08
51800.056 1.4713194524697213e-07
51850.056 1.3258381884099103e-07
51900.056 1.8988726051200778e-07
51950.056 1.3673133512898798e-07
52000.056 4.1160674793589585e-08
52050.056 9.516815077371463e-08
52100.056 7.046160437599381e-08
52150.056 5.729828554650675e-08
52200.056 7.542343990280077e-08
52250.056 1.0113176622002412e-07
52300.056 1.4681604759699257e-07
52350.056 9.155208649548332e-08
52400.056 7.065000572900734e-08
52450.056 1.471775258860092e-07
52500.056 1.3279276657496288e-07
52550.056 1.3235492334697443e-07
52600.056 1.0807652649600838e-07
52650.056 1.1764734636401678e-07
52700.056 9.984115781399689e-08
52750.056 6.203418619799739e-08
52800.056 8.372270329201312e-08
52850.056 9.142415163186948e-08
52900.056 7.205199079878334e-08
52950.056 8.437895226180428e-08
53000.056 1.1832010050701875e-07
53050.056 5.958127292998485e-08
53100.056 1.0087919953097062e-07
53150.056 1.3297896257101623e-07
53200.056 6.305672904469965e-08
53250.056 1.2221037358900586e-07
53300.056 1.396540466778734e-07
53350.056 1.210144185249983e-07
53400.056 9.966420166799174e-08
53450.056 5.348385948898777e-08
53500.056 2.4943993703213184e-08
53550.056 4.655646002599606e-08
