galfind/configs/Brown_Dwarf_templates/sonora_bobcat/m0.0/56g/sp_t1800g56nc_m0.0_resample.dat
# %ECSV 1.0
# ---
# datatype:
# - {name: wav, unit: Angstrom, datatype: float64}
# - {name: flux_nu, unit: erg / (cm2 Hz s), datatype: float64}
# meta: {C/O: '1.00', Kzz: '1.0000E+05', Teff: '1800.', Y: '0.28', '[Fe/H]': '0.00', f_hole: '1.00', f_rain: '0.00', grav: '56.'}
# schema: astropy-2.0
wav flux_nu
[from data line 497]
28850.056 1.2026686168631766e-06
28900.056 9.273202699640723e-07
28950.056 1.3442797104599108e-06
29000.056 1.083945715779665e-06
29050.056 1.1238404933498098e-06
29100.056 9.244215342701112e-07
29150.056 1.2114292736302653e-06
29200.056 1.065270156670313e-06
29250.056 1.2320785677900525e-06
29300.056 9.994510944794376e-07
29350.056 1.4151588672897217e-06
29400.056 1.11702943603981e-06
29450.056 1.1545300843999562e-06
29500.056 1.2139187789198514e-06
29550.056 1.1607589342300822e-06
29600.056 1.2541804523798261e-06
29650.056 1.213540872709899e-06
29700.056 1.0596854527798047e-06
29750.056 1.3650635890007465e-06
29800.056 1.356517814639927e-06
29850.056 1.3057305094798415e-06
29900.056 1.1741689057303352e-06
29950.056 1.4008517105297608e-06
30000.056 1.3860465474796647e-06
30050.056 1.2910681565898777e-06
30100.056 1.0643643547596829e-06
30150.056 1.6363292602398697e-06
30200.056 1.4220567146701322e-06
30250.056 1.417184047420456e-06
30300.056 1.4114371880698126e-06
30350.056 1.3143781399601987e-06
30400.056 1.6401684415703464e-06
30450.056 1.2916593080301243e-06
30500.056 1.1967306678301989e-06
30550.056 1.6602094395203913e-06
30600.056 1.5941039171702359e-06
30650.056 1.6177679706700379e-06
30700.056 1.4929020978199368e-06
30750.056 1.427803629550049e-06
30800.056 1.7112728100703995e-06
30850.056 1.4462693681899136e-06
30900.056 1.4710190351698747e-06
30950.056 1.405773989330208e-06
31000.056 1.6305446913199312e-06
31050.056 1.4100996654399786e-06
31100.056 1.474436663539894e-06
31150.056 1.613700747049704e-06
31200.056 1.597532571909823e-06
31250.056 1.6912567381502372e-06
31300.056 1.5288253690998145e-06
31350.056 1.551105392249979e-06
31400.056 1.5019407116404053e-06
31450.056 1.5634898913000477e-06
31500.056 1.5673055458802137e-06
31550.056 1.4646421363700078e-06
31600.056 1.5213966613598603e-06
31650.056 1.603409622849971e-06
31700.056 1.6049540508098872e-06
31750.056 1.3908865152302729e-06
31800.056 1.6882236149400921e-06
31850.056 1.756555427330203e-06
31900.056 1.839003104229872e-06
31950.056 1.3185527528598406e-06
32000.056 1.5148929447602857e-06
32050.056 1.8006165657901996e-06
32100.056 1.7799674682797759e-06
32150.056 1.8493326858400073e-06
32200.056 1.7357559530699124e-06
32250.056 1.7065490121502306e-06
32300.056 1.775268558650055e-06
32350.056 1.9889854305703325e-06
32400.056 1.6888819992800692e-06
32450.056 1.7416060178000318e-06
32500.056 1.8749653300603137e-06
32550.056 2.1187422706901014e-06
32600.056 2.102657558319853e-06
32650.056 2.0734218413207166e-06
32700.056 1.9807085922202326e-06
32750.056 2.049533284380031e-06
32800.056 1.870209039790177e-06
32850.056 2.2883351083697363e-06
32900.056 2.219996112599995e-06
32950.056 1.8713792217798068e-06
33000.056 2.025354060060238e-06
33050.056 2.084541111029829e-06
33100.056 2.1155233597093978e-06
33150.056 1.744484130010193e-06
33200.056 1.367523263609808e-06
33250.056 1.448918601539559e-06
33300.056 1.4490561628103122e-06
33350.056 1.5125178167301546e-06
33400.056 1.5061519581897312e-06
33450.056 1.6731046802294578e-06
33500.056 1.92508331604031e-06
33550.056 1.874456569189918e-06
33600.056 2.0452148508305033e-06
33650.056 2.2057371501806368e-06
33700.056 2.1921656223596023e-06
33750.056 2.3384786885600128e-06
33800.056 2.17974989272979e-06
33850.056 2.1834965097501145e-06
33900.056 2.441535035819586e-06
33950.056 2.16202505298977e-06
34000.056 2.191742145069398e-06
34050.056 2.158405710059669e-06
34100.056 2.4341320754203207e-06
34150.056 2.309513496299606e-06
34200.056 2.1636769426293676e-06
34250.056 2.4812250865496886e-06
34300.056 2.1234569946090833e-06
34350.056 2.3091600197999174e-06
34400.056 2.106994580449733e-06
34450.056 2.184767514679988e-06
34500.056 2.3324356470603957e-06
34550.056 2.128231884559834e-06
34600.056 2.358639646290061e-06
34650.056 2.3603547006000435e-06
34700.056 2.27552839553948e-06
34750.056 2.4923491809602642e-06
34800.056 2.5164598381095855e-06
34850.056 2.241236532870126e-06
34900.056 2.3589575653503306e-06
34950.056 2.3075212764194143e-06
35000.056 2.3240406264597063e-06
35050.056 2.6363812993006153e-06
35100.056 2.395200032279376e-06
35150.056 2.46011445023997e-06
35200.056 2.5158033763398145e-06
35250.056 2.291113247600042e-06
35300.056 2.465927049270088e-06
35350.056 2.604541493699776e-06
35400.056 2.402026633339918e-06
35450.056 2.3010812561904876e-06
35500.056 2.6448527034998036e-06
35550.056 2.467599236999907e-06
35600.056 2.3066009267797665e-06
35650.056 2.7587324850703435e-06
35700.056 2.349880978000376e-06
35750.056 2.5556220249397013e-06
35800.056 2.672566518699718e-06
35850.056 2.597710460099861e-06
35900.056 2.8763630074995994e-06
35950.056 2.652556906600047e-06
36000.056 2.427335440899755e-06
36050.056 2.856857928500328e-06
36100.056 2.906040055899462e-06
36150.056 2.5989637819703714e-06
36200.056 2.8844746601596094e-06
36250.056 2.5965184431594664e-06
36300.056 3.090937208010637e-06
36350.056 2.874687334899713e-06
36400.056 2.7712878151999955e-06
36450.056 3.0868097316996667e-06
36500.056 2.8519482303802212e-06
36550.056 2.7681386090805393e-06
36600.056 2.851865179920219e-06
36650.056 2.9573451854002603e-06
36700.056 3.1358084237001065e-06
36750.056 2.885966867200254e-06
36800.056 2.9710490038997375e-06
36850.056 2.9893699524003543e-06
36900.056 3.062716716300514e-06
36950.056 3.0483014650199186e-06
37000.056 3.1520345140000132e-06
37050.056 3.170210070899867e-06
37100.056 3.1066487890003853e-06
37150.056 3.099766916799361e-06
37200.056 3.2280891584000616e-06
37250.056 3.26153619090021e-06
37300.056 3.2870221778005905e-06
37350.056 3.0456254733004613e-06
37400.056 3.218295207799687e-06
37450.056 3.1981494562602837e-06
37500.056 3.2685872567997273e-06
37550.056 3.2031628676994114e-06
37600.056 3.3893734918995627e-06
37650.056 3.1616802162997116e-06
37700.056 3.2408322057000416e-06
37750.056 3.414485493899623e-06
37800.056 3.4845561671998887e-06
37850.056 3.2890070840998517e-06
37900.056 3.3867362702002714e-06
37950.056 3.4345222441000982e-06
38000.056 3.3521517141004495e-06
38050.056 3.399464489600223e-06
38100.056 3.2501251301002547e-06
38150.056 3.5591116142995624e-06
38200.056 3.6279567253995254e-06
38250.056 3.2863352493005146e-06
38300.056 3.2519994245999403e-06
38350.056 3.400795993199835e-06
38400.056 3.4772292472997606e-06
38450.056 3.5741813565002925e-06
38500.056 3.432625888899832e-06
38550.056 3.4417145136001576e-06
38600.056 3.7927133963998025e-06
38650.056 3.3157351064001294e-06
38700.056 3.391875750900631e-06
38750.056 3.5374634704999733e-06
38800.056 3.5020128444003972e-06
38850.056 3.4429510078002917e-06
38900.056 3.3526917160998416e-06
38950.056 3.5850741922996957e-06
39000.056 3.4447484838001163e-06
39050.056 3.537704429099896e-06
39100.056 3.317261835000029e-06
39150.056 3.452002670100129e-06
39200.056 3.5858066664001556e-06
39250.056 3.550775368399363e-06
39300.056 3.5292870551992878e-06
39350.056 3.5260303441003774e-06
39400.056 3.4596742470000914e-06
39450.056 3.4759731720997893e-06
39500.056 3.4162601005997157e-06
39550.056 3.354668472199444e-06
39600.056 3.692386726100095e-06
39650.056 3.2724955100000356e-06
39700.056 3.428195878899823e-06
39750.056 3.406462401239583e-06
39800.056 3.2173242251001864e-06
39850.056 3.3362416565997335e-06
39900.056 3.2914747583999692e-06
39950.056 3.4691666048998494e-06
40000.056 3.130353305499821e-06
40050.056 2.9852470887999544e-06
40100.056 3.224202050499813e-06
40150.056 3.010184095899386e-06
40200.056 3.129988075199694e-06
40250.056 3.0964682001191205e-06
40300.056 2.8616591080002634e-06
40350.056 3.1082721098003473e-06
40400.056 3.115605847599899e-06
40450.056 2.8885997157005035e-06
40500.056 2.681507480700203e-06
40550.056 3.15222244989976e-06
40600.056 2.749725111610322e-06
40650.056 2.872745642500434e-06
40700.056 3.0422615334002135e-06
40750.056 2.6719516242990724e-06
40800.056 2.6440179492203728e-06
40850.056 2.50499749190058e-06
40900.056 2.513352433960434e-06
40950.056 2.6903687275799587e-06
41000.056 2.7541223753001444e-06
41050.056 2.68965814609948e-06
41100.056 2.5413477596202194e-06
41150.056 2.7256207444001126e-06
41200.056 2.5511939923500313e-06
41250.056 2.604370841920242e-06
41300.056 2.252326347129642e-06
41350.056 2.6880570416001246e-06
41400.056 2.503200898700162e-06
41450.056 2.4437190384101226e-06
41500.056 2.6369306408401376e-06
41550.056 2.5351533679900356e-06
41600.056 2.6400705961000287e-06
41650.056 2.3467359727204565e-06
41700.056 2.242900274599687e-06
41750.056 2.3681857340099016e-06
41800.056 2.3344317183395943e-06
41850.056 2.1113038784304087e-06
41900.056 2.447559387269804e-06
41950.056 2.111912991150546e-06
42000.056 2.258313471210169e-06
42050.056 2.023650305969273e-06
42100.056 2.3331874472703245e-06
42150.056 1.7680850433693357e-06
42200.056 1.935859833070074e-06
42250.056 2.0858126282899322e-06
42300.056 1.7457483007600416e-06
42350.056 2.1057351653505755e-06
42400.056 1.7974928322804405e-06
42450.056 1.5295838641001714e-06
42500.056 1.6572334491403105e-06
42550.056 1.7323304362800085e-06
42600.056 1.6991189844104053e-06
42650.056 1.4810728320490881e-06
42700.056 1.7433737333906734e-06
42750.056 1.590242981220008e-06
42800.056 1.566584834180514e-06
42850.056 1.6734850604296473e-06
42900.056 1.6219265250500949e-06
42950.056 1.4787012800092408e-06
43000.056 1.541969434959973e-06
43050.056 1.4526364516908137e-06
43100.056 1.592084423360127e-06
43150.056 1.6070822201903341e-06
43200.056 1.5843381206201806e-06
43250.056 1.5411859444799437e-06
43300.056 1.6130968697801557e-06
43350.056 1.4310890444899031e-06
43400.056 1.4874722437498755e-06
43450.056 1.503481456370559e-06
43500.056 1.4605109694297734e-06
43550.056 1.5329931872900473e-06
43600.056 1.5674288744801264e-06
43650.056 1.3651646495501954e-06
43700.056 1.3071258577696972e-06
43750.056 1.396168499000228e-06
43800.056 1.2854284055901963e-06
43850.056 1.3330036449703773e-06
43900.056 1.3892530132999038e-06
43950.056 1.2878188338902803e-06
44000.056 1.216089906720189e-06
44050.056 1.2104839139201216e-06
44100.056 1.2743624066002415e-06
44150.056 1.3324083386097122e-06
44200.056 1.2398544597799857e-06
44250.056 1.2149742536000442e-06
44300.056 1.183771540570183e-06
44350.056 1.1579904577100622e-06
44400.056 1.2246723931499424e-06
44450.056 1.2576478187300328e-06
44500.056 1.2702935643801635e-06
44550.056 1.1301986982697274e-06
44600.056 1.1682414115901294e-06
44650.056 1.2427635234901031e-06
44700.056 1.1414417373401188e-06
44750.056 1.202515277769854e-06
44800.056 1.224280525179947e-06
44850.056 1.2064483060300844e-06
44900.056 1.1291771329501668e-06
44950.056 1.0637739652299938e-06
45000.056 1.1767458842099097e-06
45050.056 1.1758979166498694e-06
45100.056 1.2127709995899421e-06
45150.056 1.1276652434099737e-06
45200.056 1.0350359536899868e-06
45250.056 1.0755485214498737e-06
45300.056 1.1619753725800796e-06
45350.056 1.2096690267099097e-06
45400.056 1.138366561590159e-06
45450.056 1.0345703117198393e-06
45500.056 1.0739466954099621e-06
45550.056 1.1994817274199134e-06
45600.056 1.096831914959965e-06
45650.056 9.902199372897935e-07
45700.056 1.177901024200094e-06
45750.056 1.0670097978599815e-06
45800.056 1.047915993589968e-06
45850.056 1.2511633179099722e-06
45900.056 1.260574641330072e-06
45950.056 1.0757031009399827e-06
46000.056 1.2974334468200002e-06
46050.056 1.274199617450251e-06
46100.056 1.046912667770105e-06
46150.056 1.1350678413199522e-06
46200.056 1.2455536393302783e-06
46250.056 1.0078279147999739e-06
46300.056 1.3342227548899396e-06
46350.056 1.0933043481198864e-06
46400.056 1.1366406316898625e-06
46450.056 1.1713570612902254e-06
46500.056 1.0668958564899104e-06
46550.056 1.3210566225399826e-06
46600.056 1.2074279141500198e-06
46650.056 1.5607139705998846e-06
46700.056 1.4414969999304082e-06
46750.056 1.1310068339398902e-06
46800.056 1.2609263743902112e-06
46850.056 1.3544729904601335e-06
46900.056 1.2651797960597537e-06
46950.056 1.4310849157500817e-06
47000.056 1.2070373103699796e-06
47050.056 1.4132662553997593e-06
47100.056 1.1162523677701077e-06
47150.056 1.2504175184802128e-06
47200.056 1.3180716923603644e-06
47250.056 1.1734104491697782e-06
47300.056 1.2447017598396892e-06
47350.056 1.0361270070397772e-06
47400.056 1.317799597919696e-06
47450.056 1.1806815181099079e-06
47500.056 1.281045315669747e-06
47550.056 1.1605186536298526e-06
47600.056 1.3352056536099095e-06
47650.056 9.465461821697309e-07
47700.056 1.3579325421300592e-06
47750.056 9.091970597302388e-07
47800.056 1.3221508943898581e-06
47850.056 9.991836310498012e-07
47900.056 1.339178866970076e-06
47950.056 9.635947802102093e-07
48000.056 1.501121334369994e-06
48050.056 1.0883758911102053e-06
48100.056 1.2114401565899654e-06
48150.056 1.0954889412801588e-06
48200.056 1.3435892715402174e-06
48250.056 1.093369766809916e-06
48300.056 1.4729943829197671e-06
48350.056 9.69134211989889e-07
48400.056 1.3250691135999813e-06
48450.056 1.0626390403300637e-06
48500.056 1.485672277370033e-06
48550.056 9.97196915410045e-07
48600.056 1.3612775433998707e-06
48650.056 1.0273881693399707e-06
48700.056 1.3114193750500926e-06
48750.056 9.196271692301203e-07
48800.056 1.5050796590300995e-06
48850.056 1.0188494264497968e-06
48900.056 1.346672434290114e-06
48950.056 1.2099053019800403e-06
49000.056 1.2037288690698658e-06
49050.056 1.2701092169199236e-06
49100.056 1.166066640780148e-06
49150.056 1.2367798987200393e-06
49200.056 1.1797040498799525e-06
49250.056 1.2239456944900213e-06
49300.056 1.060825272579872e-06
49350.056 1.1365358081599841e-06
49400.056 1.3622471507901212e-06
49450.056 1.1401565468402734e-06
49500.056 1.2141953611301066e-06
49550.056 1.0460774395499914e-06
49600.056 1.157765793310283e-06
49650.056 1.2084800781300802e-06
49700.056 1.025864671259916e-06
49750.056 1.5749180085197505e-06
49800.056 1.1641329295200676e-06
49850.056 1.4939667544700458e-06
49900.056 1.166807912590106e-06
49950.056 1.257404270149643e-06
50000.056 1.2229038423597124e-06
50050.056 1.2340331500301128e-06
50100.056 1.3303133979199074e-06
50150.056 1.119538475580035e-06
50200.056 1.0389955251401288e-06
50250.056 1.2125656579400821e-06
50300.056 1.124958245079902e-06
50350.056 1.3338012624200023e-06
50400.056 1.1707883850099937e-06
50450.056 1.1613056194901798e-06
50500.056 1.5177865342502535e-06
50550.056 1.211344766239925e-06
50600.056 1.319855806650051e-06
50650.056 1.2322624415603136e-06
50700.056 1.3657086730995752e-06
50750.056 1.3921426145901994e-06
50800.056 1.0353532979799e-06
50850.056 1.239385704180226e-06
50900.056 1.3130315933299548e-06
50950.056 1.3472748606802173e-06
51000.056 1.5537471767101472e-06
51050.056 1.1566034531001799e-06
51100.056 1.140624396179907e-06
51150.056 1.3262462759399213e-06
51200.056 1.2497250026999314e-06
51250.056 1.3984159319899508e-06
51300.056 1.1475901708503903e-06
51350.056 1.3116928724497517e-06
51400.056 1.2261114056496628e-06
51450.056 9.007565467898501e-07
51500.056 1.2531556158099805e-06
51550.056 1.584393898780152e-06
51600.056 1.0416144948100354e-06
51650.056 1.2615752438197841e-06
51700.056 1.1658966182296276e-06
51750.056 1.122871888290088e-06
51800.056 1.3592876676897935e-06
51850.056 1.3469980100398482e-06
51900.056 1.4170610106602622e-06
51950.056 1.2888734424698694e-06
52000.056 1.1034416915599466e-06
52050.056 1.2978556607899128e-06
52100.056 1.2136841869797435e-06
52150.056 1.2310957013301122e-06
52200.056 1.187965891800072e-06
52250.056 1.229944153809997e-06
52300.056 1.3286333759299828e-06
52350.056 1.4634990964601953e-06
52400.056 1.0515656981601355e-06
52450.056 1.2416303077199698e-06
52500.056 1.3841351459397019e-06
52550.056 1.2663380260695924e-06
52600.056 1.315547908940179e-06
52650.056 1.4951699844102365e-06
52700.056 1.2540057335600272e-06
52750.056 1.020044260989866e-06
52800.056 1.1611938751101252e-06
52850.056 1.0975807968098714e-06
52900.056 1.2392096403300934e-06
52950.056 1.2172111183797957e-06
53000.056 1.3863171356798701e-06
53050.056 1.221274335499754e-06
53100.056 1.14443818652971e-06
53150.056 1.442665822090282e-06
53200.056 9.945318004501787e-07
53250.056 1.443909399289937e-06
