galfind/configs/Brown_Dwarf_templates/sonora_bobcat/m0.0/56g/sp_t575g56nc_m0.0_resample.dat
# %ECSV 1.0
# ---
# datatype:
# - {name: wav, unit: Angstrom, datatype: float64}
# - {name: flux_nu, unit: erg / (cm2 Hz s), datatype: float64}
# meta: {C/O: '1.00', Kzz: '1.0000E+05', Teff: '575.', Y: '0.28', '[Fe/H]': '0.00', f_hole: '1.00', f_rain: '0.00', grav: '56.'}
# schema: astropy-2.0
wav flux_nu
[from data line 499]
28950.056 3.0854230601788127e-09
29000.056 2.2872186368656435e-09
29050.056 3.1159400899218055e-09
29100.056 1.9152063979533667e-09
29150.056 2.7831077307016356e-09
29200.056 2.8870197919838975e-09
29250.056 4.71768570836208e-09
29300.056 1.955892737170901e-09
29350.056 6.3316783302206715e-09
29400.056 2.9143620386524693e-09
29450.056 2.984983085185237e-09
29500.056 4.550361397758685e-09
29550.056 2.78924726152746e-09
29600.056 3.873041401954444e-09
29650.056 6.0316062649935925e-09
29700.056 2.559588912436635e-09
29750.056 5.1506611911892746e-09
29800.056 4.926450107415274e-09
29850.056 5.764474859693043e-09
29900.056 4.5609171926326145e-09
29950.056 4.56392653042136e-09
30000.056 2.4742516827297885e-10
30050.056 7.317645118103666e-10
30100.056 1.7088589789005966e-09
30150.056 4.141708401424433e-09
30200.056 3.341406428926527e-09
30250.056 7.163380990894157e-09
30300.056 8.183278565542732e-09
30350.056 4.046083180713697e-09
30400.056 8.47487426620364e-09
30450.056 5.015520090368719e-09
30500.056 5.103595629145551e-09
30550.056 4.546751149044238e-09
30600.056 8.936102362280828e-09
30650.056 5.428695984275649e-09
30700.056 4.282501560907404e-09
30750.056 7.0354508415486605e-09
30800.056 4.753074404826243e-09
30850.056 5.258564642747772e-09
30900.056 3.0467245188873162e-09
30950.056 3.664120274495699e-09
31000.056 3.3484690896841254e-09
31050.056 3.144725665377145e-09
31100.056 2.046361094983042e-09
31150.056 3.4924475192769176e-09
31200.056 4.874665074767703e-09
31250.056 3.331750423166054e-09
31300.056 2.316377324489658e-09
31350.056 3.402334645098173e-09
31400.056 2.4773307753843e-09
31450.056 2.6062295837997052e-09
31500.056 1.409932977480478e-09
31550.056 1.937759654977258e-09
31600.056 1.2295160679638854e-09
31650.056 1.2751988191818727e-09
31700.056 1.3446047167460177e-09
31750.056 7.169989738285906e-10
31800.056 1.3841044582063432e-09
31850.056 4.570290603476559e-10
31900.056 8.190982673714593e-10
31950.056 4.948621934620052e-10
32000.056 5.768429345135152e-10
32050.056 7.327935005489229e-10
32100.056 6.675436007652004e-10
32150.056 8.151514125023873e-10
32200.056 4.5958000988024423e-10
32250.056 1.0603148301027456e-09
32300.056 4.497400717110827e-10
32350.056 9.836759297010686e-10
32400.056 3.6103802202344466e-10
32450.056 8.600486073042548e-10
32500.056 4.4707929993125287e-10
32550.056 6.624195796063844e-10
32600.056 6.281304552578575e-10
32650.056 1.634654815029189e-09
32700.056 8.436840109016118e-10
32750.056 2.2391917928916455e-09
32800.056 1.655713847514552e-09
32850.056 2.8279931958505776e-09
32900.056 2.6877601553236073e-09
32950.056 3.1003958539931305e-09
33000.056 1.8553909401380225e-09
33050.056 2.2542779218260207e-09
33100.056 6.57490301241825e-10
33150.056 4.653356674934744e-12
33200.056 2.7985965549530062e-11
33250.056 2.1276267882243687e-11
33300.056 7.166254493138434e-11
33350.056 2.2145794689553188e-10
33400.056 5.730022726821879e-10
33450.056 6.817132400786259e-10
33500.056 1.838201665734727e-09
33550.056 6.984168582283374e-10
33600.056 1.736954994448683e-09
33650.056 1.6246378754578917e-09
33700.056 1.0082393712832093e-09
33750.056 2.31867956583852e-09
33800.056 6.599467526909006e-10
33850.056 1.484809360302494e-09
33900.056 1.3572239592450336e-09
33950.056 1.1718855832320303e-09
34000.056 2.1745844549876728e-09
34050.056 5.449344535133739e-10
34100.056 1.939339734525643e-09
34150.056 1.0944598687578543e-09
34200.056 1.8814201073184502e-09
34250.056 1.435646571796231e-09
34300.056 1.3015766136252451e-09
34350.056 1.613561741304368e-09
34400.056 8.521563966383388e-10
34450.056 1.8803228066813682e-09
34500.056 1.3421684846953813e-09
34550.056 7.501269369834756e-10
34600.056 2.5398630299195637e-09
34650.056 9.096765519230311e-10
34700.056 2.140714511684363e-09
34750.056 1.5743700885073931e-09
34800.056 1.3599751019264035e-09
34850.056 2.475904973853018e-09
34900.056 1.565947285076619e-09
34950.056 2.576420980787604e-09
35000.056 4.952285373923205e-09
35050.056 2.1042600908118295e-09
35100.056 4.200218397626543e-09
35150.056 3.4441780743274015e-09
35200.056 3.530579227401194e-09
35250.056 5.600524342014003e-09
35300.056 3.1122461290571855e-09
35350.056 3.5669709677027008e-09
35400.056 3.803303841950202e-09
35450.056 2.5944156073785305e-09
35500.056 7.771835362111704e-09
35550.056 5.744744125897152e-09
35600.056 5.034434853438765e-09
35650.056 5.390607349417914e-09
35700.056 5.300662932832972e-09
35750.056 7.859659159876014e-09
35800.056 9.17736905159731e-09
35850.056 4.047397598973049e-09
35900.056 5.6878564055571804e-09
35950.056 6.3032427465895326e-09
36000.056 6.6519840629569774e-09
36050.056 5.148491084570373e-09
36100.056 5.182069528414638e-09
36150.056 7.75302688338536e-09
36200.056 8.548034723665767e-09
36250.056 6.810778987770861e-09
36300.056 1.1381264117910824e-08
36350.056 8.354766207228959e-09
36400.056 1.0338605849369272e-08
36450.056 1.1907212034019517e-08
36500.056 1.3705660797715435e-08
36550.056 1.4423516784124573e-08
36600.056 1.709302997561393e-08
36650.056 1.449195079004054e-08
36700.056 1.5581084450750693e-08
36750.056 1.821712406774419e-08
36800.056 1.9091465741618785e-08
36850.056 1.4096645409431573e-08
36900.056 1.978472631405955e-08
36950.056 2.0510046117856698e-08
37000.056 1.641114661999427e-08
37050.056 2.044310957762966e-08
37100.056 1.9895161977875313e-08
37150.056 1.6697934867009654e-08
37200.056 2.3518566382311988e-08
37250.056 1.9473892349117164e-08
37300.056 1.6455175800443042e-08
37350.056 2.1860261704735243e-08
37400.056 3.227386002400102e-08
37450.056 1.8330102789601872e-08
37500.056 2.055518925947199e-08
37550.056 2.9548950827353886e-08
37600.056 3.739014514020885e-08
37650.056 1.819520863627595e-08
37700.056 3.339301735318318e-08
37750.056 2.232448940535262e-08
37800.056 2.3832704624195735e-08
37850.056 1.4070778343638713e-08
37900.056 1.850442783718139e-08
37950.056 2.8658475025153355e-08
38000.056 3.0819651336533666e-08
38050.056 3.401380290559685e-08
38100.056 3.731378421697276e-08
38150.056 4.1261978467200155e-08
38200.056 4.1123279438159374e-08
38250.056 3.821675067486328e-08
38300.056 5.5505101041384874e-08
38350.056 5.499149691021807e-08
38400.056 2.8547412059595597e-08
38450.056 2.367397456452781e-08
38500.056 1.5271438504166675e-08
38550.056 3.207246064211279e-08
38600.056 3.2672481488928104e-08
38650.056 3.3951380120641466e-08
38700.056 3.175864205468916e-08
38750.056 3.466968641245804e-08
38800.056 3.3517172421264706e-08
38850.056 3.549219510080252e-08
38900.056 4.782486316245698e-08
38950.056 3.354796172414735e-08
39000.056 4.460341424396137e-08
39050.056 3.450786322081286e-08
39100.056 4.264062863726081e-08
39150.056 4.754061435604553e-08
39200.056 4.229933405524901e-08
39250.056 5.5603520493467186e-08
39300.056 4.094110650449046e-08
39350.056 6.533369519200298e-08
39400.056 4.4355176985165034e-08
39450.056 5.451551260366272e-08
39500.056 5.671055468218019e-08
39550.056 4.413127580994102e-08
39600.056 5.801981011164452e-08
39650.056 6.46660916498848e-08
39700.056 6.22506937464903e-08
39750.056 4.3519537005688855e-08
39800.056 5.0787115477799384e-08
39850.056 7.691935766400598e-08
39900.056 7.914836387210537e-08
39950.056 5.347181279134558e-08
40000.056 8.083367558211697e-08
40050.056 7.39237813640954e-08
40100.056 4.642304071726847e-08
40150.056 7.480008224659824e-08
40200.056 7.835348209889132e-08
40250.056 8.298315174097417e-08
40300.056 7.984948025850468e-08
40350.056 6.964181140118684e-08
40400.056 9.029067872187621e-08
40450.056 6.322722710354522e-08
40500.056 9.483243518288449e-08
40550.056 9.714089211043809e-08
40600.056 8.597432033951118e-08
40650.056 7.024656733008666e-08
40700.056 1.1486103801549171e-07
40750.056 8.432541674098422e-08
40800.056 6.440028250786082e-08
40850.056 1.2737458503303907e-07
40900.056 1.1132528169892613e-07
40950.056 1.0028456252697124e-07
41000.056 9.286605753939094e-08
41050.056 1.3347191600096112e-07
41100.056 1.1206384086780338e-07
41150.056 6.660797391954293e-08
41200.056 1.3356476688280452e-07
41250.056 1.0396657048256696e-07
41300.056 1.0020530169186011e-07
41350.056 1.3851762867999664e-07
41400.056 1.229821739570153e-07
41450.056 1.4357678690598052e-07
41500.056 1.0533912885616514e-07
41550.056 1.0296624890725707e-07
41600.056 1.1738408428201098e-07
41650.056 1.3220395233660154e-07
41700.056 1.3147344840895067e-07
41750.056 1.2421744194897844e-07
41800.056 1.4339782777993323e-07
41850.056 1.1441325886276512e-07
41900.056 1.2068237620884803e-07
41950.056 1.2085379222352444e-07
42000.056 1.0284037803302703e-07
42050.056 1.0112149988975745e-07
42100.056 1.3420096720510872e-07
42150.056 1.0948028393550459e-07
42200.056 1.0941503761270114e-07
42250.056 1.0597843324389612e-07
42300.056 1.0686392269266473e-07
42350.056 1.3865283143201736e-07
42400.056 1.4143835593202825e-07
42450.056 1.2754300335004807e-07
42500.056 1.2186481896098325e-07
42550.056 1.1153939770997093e-07
42600.056 1.2527110081974827e-07
42650.056 1.7448142443892926e-07
42700.056 1.1888509508756385e-07
42750.056 1.2661816190950862e-07
42800.056 1.5677866303102682e-07
42850.056 1.6817527011794458e-07
42900.056 1.8070175947005072e-07
42950.056 1.4304954128696828e-07
43000.056 1.6038433775903376e-07
43050.056 9.91800587398253e-08
43100.056 1.3644315841196953e-07
43150.056 1.2203304372371677e-07
43200.056 1.669379787360064e-07
43250.056 2.0771382429501565e-07
43300.056 2.0239507578199812e-07
43350.056 1.2223641773696722e-07
43400.056 1.5811162243649446e-07
43450.056 1.2176382707901765e-07
43500.056 1.1858724130032126e-07
43550.056 1.2985915406173094e-07
43600.056 1.8670937120702425e-07
43650.056 1.323536738669063e-07
43700.056 2.0060308800704293e-07
43750.056 1.7622373345000885e-07
43800.056 1.6539559664618142e-07
43850.056 1.4332669535301284e-07
43900.056 1.4202197687908684e-07
43950.056 9.642400454899325e-08
44000.056 9.410936649509386e-08
44050.056 1.8933626852900534e-07
44100.056 2.3785907929600298e-07
44150.056 2.1618513714459503e-07
44200.056 1.887041036429959e-07
44250.056 1.24860019948104e-07
44300.056 1.0565128251601963e-07
44350.056 1.2139765145383453e-07
44400.056 1.1477370547468892e-07
44450.056 1.701248205909772e-07
44500.056 1.6579415326703996e-07
44550.056 2.21199813509975e-07
44600.056 1.8927680975470797e-07
44650.056 1.765823096278329e-07
44700.056 1.2259269252700022e-07
44750.056 1.7865328679603909e-07
44800.056 1.3863174845761503e-07
44850.056 1.791511328500198e-07
44900.056 1.483844912266102e-07
44950.056 1.7378146862800914e-07
45000.056 1.8838908353000216e-07
45050.056 1.782626759729829e-07
45100.056 1.6726991163699968e-07
45150.056 1.6688273795556664e-07
45200.056 1.333005913510083e-07
45250.056 1.499599630799491e-07
45300.056 1.287736948010244e-07
45350.056 1.2685435043322453e-07
45400.056 2.344526904320241e-07
45450.056 1.9726637510500937e-07
45500.056 2.184569051031113e-07
45550.056 2.3501701985392346e-07
45600.056 2.2497548499004509e-07
45650.056 1.8002533307669536e-07
45700.056 1.3564135042109903e-07
45750.056 1.3113244403520283e-07
45800.056 2.450393844819984e-07
45850.056 2.2137355293598943e-07
45900.056 2.4919905768799097e-07
45950.056 2.0503798816899575e-07
46000.056 2.3395304858651681e-07
46050.056 1.8495537013521187e-07
46100.056 2.566216357899719e-07
46150.056 1.751162684560081e-07
46200.056 1.5948659328799044e-07
46250.056 8.575853011951437e-08
46300.056 1.8472205936420244e-07
46350.056 1.8678134657402432e-07
46400.056 1.671417909370043e-07
46450.056 1.5554063955512498e-07
46500.056 1.7956823267264486e-07
46550.056 1.14578886092005e-07
46600.056 1.592351280263827e-07
46650.056 2.3325178360900886e-07
46700.056 1.5668327008196389e-07
46750.056 1.0240820414190966e-07
46800.056 7.321374978308746e-08
46850.056 2.3318020696704193e-07
46900.056 2.0881629933698937e-07
46950.056 2.0543596234698578e-07
47000.056 1.9797348024403622e-07
47050.056 1.62299040486622e-07
47100.056 1.1386005332501707e-07
47150.056 1.5748908366402489e-07
47200.056 1.894802728389979e-07
47250.056 1.265474569289872e-07
47300.056 8.852530611002262e-08
47350.056 2.2283888771998662e-07
47400.056 1.8771637309098385e-07
47450.056 1.80698172891561e-07
47500.056 2.2031214417717183e-07
47550.056 1.9298080858301052e-07
47600.056 1.88626989228994e-07
47650.056 1.8204311017306393e-07
47700.056 1.5886715052240403e-07
47750.056 1.1951860487300556e-07
47800.056 1.1250398466000975e-07
47850.056 7.037720942901139e-08
47900.056 9.944980693658289e-08
47950.056 1.6516609729201532e-07
48000.056 2.295664162100373e-07
48050.056 2.009417582460011e-07
48100.056 9.926041989261145e-08
48150.056 1.5989620862100578e-07
48200.056 1.2333878182520162e-07
48250.056 1.3831159570500708e-07
48300.056 2.087817320899579e-07
48350.056 1.3033736405200362e-07
48400.056 5.5135781063986475e-08
48450.056 1.0760281264277106e-07
48500.056 1.5350502224696802e-07
48550.056 1.466127708436105e-07
48600.056 1.6294409929400084e-07
48650.056 1.935630056779814e-07
48700.056 1.440846503782065e-07
48750.056 9.685029006985137e-08
48800.056 1.9549441526099718e-07
48850.056 1.1507741841777894e-07
48900.056 1.7064639250528797e-07
48950.056 1.0325771295200901e-07
49000.056 5.460193766881347e-08
49050.056 1.418336513499808e-07
49100.056 1.7046683732593362e-07
49150.056 1.3006506393209825e-07
49200.056 1.9355140740103768e-07
49250.056 1.8538520959702607e-07
49300.056 1.6026072069499842e-07
49350.056 7.723189738457512e-08
49400.056 1.0950101003537468e-07
49450.056 1.1496846518273588e-07
49500.056 9.034121460229139e-08
49550.056 3.116258945590338e-08
49600.056 7.155159954266773e-08
49650.056 1.1766055090399626e-07
49700.056 1.1831706936795839e-07
49750.056 1.3301366054648635e-07
49800.056 9.775388262636398e-08
49850.056 1.6860705158024035e-07
49900.056 1.3279033517758346e-07
49950.056 1.3247996381200396e-07
50000.056 1.1245442958437335e-07
50050.056 1.3745563967300171e-07
50100.056 1.0810903427000009e-07
50150.056 6.263907002798786e-08
50200.056 1.8148850229726272e-08
50250.056 8.208221621899133e-08
50300.056 5.678846049576803e-08
50350.056 1.315531604620162e-07
50400.056 1.2183246848278777e-07
50450.056 9.481026226080643e-08
50500.056 1.342108480090156e-07
50550.056 1.1873397137001099e-07
50600.056 9.194823573697515e-08
50650.056 1.4148601924102597e-07
50700.056 1.4507286191795495e-07
50750.056 1.02642929915414e-07
50800.056 4.7436019770672674e-08
50850.056 3.372792261221553e-08
50900.056 1.2567484012899972e-07
50950.056 9.779563906200394e-08
51000.056 9.265969979696602e-08
51050.056 1.1166764200798968e-07
51100.056 4.973751088315404e-08
51150.056 6.629145233641242e-08
51200.056 1.4943261335999275e-07
51250.056 9.578797423728203e-08
51300.056 7.330568055113504e-08
51350.056 7.454230411499249e-08
51400.056 3.397631260300268e-08
51450.056 2.7076774778414377e-08
51500.056 2.761554499839187e-08
51550.056 8.613203156960869e-08
51600.056 6.240495966661709e-08
51650.056 7.21741468499853e-08
51700.056 8.053393481861044e-08
51750.056 5.457241684706012e-08
51800.056 8.951640452998467e-08
51850.056 7.692954305539292e-08
51900.056 1.0952190208699495e-07
51950.056 7.174533473799156e-08
52000.056 1.2824171550405569e-08
52050.056 4.447513932820669e-08
52100.056 2.992672076839705e-08
52150.056 2.066046806133384e-08
52200.056 3.801246098390035e-08
52250.056 5.3671406042616446e-08
52300.056 7.858205355499595e-08
52350.056 3.849393270920168e-08
52400.056 3.312836418396329e-08
52450.056 8.671299873100619e-08
52500.056 7.2371748205679e-08
52550.056 7.390077512098968e-08
52600.056 5.6787354216000235e-08
52650.056 6.563782983510824e-08
52700.056 5.19767024895979e-08
52750.056 2.674279203265628e-08
52800.056 4.113317842790536e-08
52850.056 4.5963352700785224e-08
52900.056 2.9408538900895826e-08
52950.056 3.8710726689543424e-08
53000.056 5.879917431201402e-08
53050.056 2.577041938327318e-08
53100.056 5.780542016378622e-08
53150.056 6.863932495100604e-08
53200.056 3.130018489427852e-08
53250.056 6.487713762480471e-08
53300.056 7.790403178459667e-08
53350.056 6.142394189720158e-08
53400.056 4.466054555799031e-08
53450.056 2.0365018623443814e-08
53500.056 5.854793799601316e-09
