galfind/configs/Brown_Dwarf_templates/sonora_bobcat/m0.0/56g/sp_t800g56nc_m0.0_resample.dat
# %ECSV 1.0
# ---
# datatype:
# - {name: wav, unit: Angstrom, datatype: float64}
# - {name: flux_nu, unit: erg / (cm2 Hz s), datatype: float64}
# meta: {C/O: '1.00', Kzz: '1.0000E+05', Teff: '800.', Y: '0.28', '[Fe/H]': '0.00', f_hole: '1.00', f_rain: '0.00', grav: '56.'}
# schema: astropy-2.0
wav flux_nu
4000.0559999999996 nan
4050.0559999999996 4.2299648140743464e-14
4100.056 3.0667420092998974e-12
4150.056 1.1936091535200675e-11
4200.056 1.0141743599373162e-11
4250.056 2.5657382149601814e-11
4300.056 3.576884592070243e-11
4350.056 4.149796045400154e-11
4400.056 5.1751894865001323e-11
4450.056 6.251497206999995e-11
4500.056 6.458945705000282e-11
4550.056 7.217921462602188e-11
4600.056 6.887289042760002e-11
4650.056 5.796971316799631e-11
4700.056 4.689625281300038e-11
4750.056 1.983222894789994e-11
4800.056 4.9553811093999254e-12
4850.056 1.2436822004899844e-12
4900.056 4.770070382699961e-13
4950.056 2.0005439334999812e-13
5000.056 6.415968892599914e-14
5050.056 2.2459654937999927e-14
5100.056 1.7715478504000032e-14
5150.056 1.5725161684000067e-14
5200.056 1.4374607113000002e-14
5250.056 1.3301805409999993e-14
5300.056 1.2709837362999997e-14
5350.056 1.2610122775000002e-14
5400.056 1.2815440006999997e-14
5450.056 1.3282417956000032e-14
5500.056 1.3929991085000067e-14
5550.056 1.4686563140000024e-14
5600.056 1.5406816964000004e-14
5650.056 1.5903612890999987e-14
5700.056 1.584700134e-14
5750.056 1.508883301699999e-14
5800.056 1.3195723804999966e-14
5850.056 9.142761531799872e-15
5900.056 2.820222878155612e-15
5950.056 1.8082118518500408e-14
6000.056 3.815509511899991e-14
6050.056 6.768751964100089e-14
6100.056 1.0913700946700099e-13
6150.056 1.6766143074000115e-13
6200.056 2.533177022900015e-13
6250.056 3.7911588819000147e-13
6300.056 5.763671275500033e-13
6350.056 8.848910698300072e-13
6400.056 1.370721853400011e-12
6450.056 2.090769335199969e-12
6500.056 3.2762465047999905e-12
6550.056 5.120393412600016e-12
6600.056 7.95499706580018e-12
6650.056 1.2158648698100099e-11
6700.056 1.5669042266310128e-11
6750.056 2.598945959400017e-11
6800.056 3.487062313900026e-11
6850.056 4.095821457400009e-11
6900.056 3.9856019587000574e-11
6950.056 3.5852893892999685e-11
7000.056 3.6774091694000484e-11
7050.056 4.0217292813999365e-11
7100.056 4.45328166639997e-11
7150.056 4.4420680263899165e-11
7200.056 4.282518328078041e-11
7250.056 4.11037688700974e-11
7300.056 3.69707806629201e-11
7350.056 3.296007943309901e-11
7400.056 2.9079072677000872e-11
7450.056 2.4886156160000578e-11
7500.056 2.06002586539998e-11
7550.056 1.6316972140999887e-11
7600.056 1.264942079319991e-11
7650.056 3.5723577270148313e-12
7700.056 2.344657437563113e-12
7750.056 1.2359408990500208e-11
7800.056 2.1404320441720187e-11
7850.056 4.188389291600014e-11
7900.056 6.810519145899975e-11
7950.056 8.584776674028108e-11
8000.056 1.6063412706700212e-10
8050.056 2.2988891479000595e-10
8100.056 2.9561808026200174e-10
8150.056 3.8361577644544607e-10
8200.056 5.335054993000422e-10
8250.056 6.728753365261516e-10
8300.056 8.5953659214727e-10
8350.056 1.0441146239129956e-09
8400.056 1.2841240135569668e-09
8450.056 1.6158824027099344e-09
8500.056 1.7792927695433495e-09
8550.056 2.3286353330200435e-09
8600.056 2.9226245518000234e-09
8650.056 3.4482079388000446e-09
8700.056 3.998397540599986e-09
8750.056 4.669228535100046e-09
8800.056 5.321355840800123e-09
8850.056 5.632347162199889e-09
8900.056 4.2972699332096724e-09
8950.056 4.284363395978326e-09
9000.056 4.827050675164992e-09
9050.056 7.803281073718795e-09
9100.056 9.040428153142846e-09
9150.056 9.635601850950827e-09
9200.056 1.1725937895304531e-08
9250.056 1.1766819930042546e-08
9300.056 5.721794986530528e-09
9350.056 6.7328749377302245e-09
9400.056 9.263628667272849e-09
9450.056 1.1253474033563074e-08
9500.056 1.0798794264849324e-08
9550.056 1.2330057296952182e-08
9600.056 1.221639251613891e-08
9650.056 1.4162137694911435e-08
9700.056 1.733930221003694e-08
9750.056 1.8061363002944838e-08
9800.056 2.0111791046999216e-08
9850.056 2.265836831388269e-08
9900.056 2.6263848903717468e-08
9950.056 2.7180041666599143e-08
10000.056 2.6696075602195656e-08
10050.056 3.3814200248800693e-08
10100.056 4.0613698296795374e-08
10150.056 4.644790536399439e-08
10200.056 5.3449737506999966e-08
10250.056 6.022136440100103e-08
10300.056 6.900874965799895e-08
10350.056 7.851187744799987e-08
10400.056 9.013835977699828e-08
10450.056 9.822695889199476e-08
10500.056 1.0493871282000146e-07
10550.056 1.1213537241200369e-07
10600.056 1.1832472283699458e-07
10650.056 1.263202922380043e-07
10700.056 1.2992980872860736e-07
10750.056 1.366606841536037e-07
10800.056 1.3947179908580323e-07
10850.056 1.3539494037189317e-07
10900.056 1.0381473293689612e-07
10950.056 5.973430557907961e-08
11000.056 4.955387809669615e-08
11050.056 3.826853202605498e-08
11100.056 2.8577268523739236e-08
11150.056 1.820483461218e-08
11200.056 1.6313604066019838e-08
11250.056 1.9172071829028174e-08
11300.056 2.1392067670350913e-08
11350.056 1.0399176164532223e-08
11400.056 1.8225589914689196e-08
11450.056 1.5662714843986515e-08
11500.056 1.3167886539749249e-08
11550.056 5.7524241962796505e-09
11600.056 6.572476920518386e-09
11650.056 1.1555699996829478e-08
11700.056 1.1458360152313691e-08
11750.056 3.852963087863296e-09
11800.056 1.3433246530969759e-08
11850.056 2.144531491157824e-08
11900.056 2.5305831063330732e-08
11950.056 3.688355210638027e-08
12000.056 4.949436142648617e-08
12050.056 6.551073783638766e-08
12100.056 8.385112986774646e-08
12150.056 1.0585088636068439e-07
12200.056 1.259370423673477e-07
12250.056 1.5023156224456225e-07
12300.056 1.7890649346292237e-07
12350.056 1.8917172598360502e-07
12400.056 2.15904482890993e-07
12450.056 2.193058518680154e-07
12500.056 2.36510891223003e-07
12550.056 2.5739564584102144e-07
12600.056 3.059261671280138e-07
12650.056 3.006550181379979e-07
12700.056 3.05408857349945e-07
12750.056 2.8950149390542815e-07
12800.056 2.8369614508051056e-07
12850.056 2.3652070015969988e-07
12900.056 2.027713598881664e-07
12950.056 1.9672675246027435e-07
13000.056 1.8164049772160993e-07
13050.056 1.553042699995148e-07
13100.056 1.397562592046409e-07
13150.056 1.1119016084765564e-07
13200.056 9.536405948455279e-08
13250.056 7.241680698928082e-08
13300.056 3.4710150757306905e-08
13350.056 1.1526284327392721e-08
13400.056 8.250199958937625e-09
13450.056 4.24224136675009e-09
13500.056 2.74624076420145e-09
13550.056 1.8147052356244242e-09
13600.056 7.52208378436964e-10
13650.056 2.178172291480663e-09
13700.056 1.6931025298391446e-09
13750.056 1.6995403514799744e-09
13800.056 1.7968084680592742e-09
13850.056 1.4360254107510466e-09
13900.056 1.5448042566399423e-09
13950.056 1.3133172189201569e-09
14000.056 1.3518432036057303e-09
14050.056 1.7598889504194597e-09
14100.056 1.7852820233133964e-09
14150.056 2.636582516808137e-09
14200.056 2.0512618208743713e-09
14250.056 2.4283660731827015e-09
14300.056 4.037477410099685e-09
14350.056 4.279875638434484e-09
14400.056 5.042480810383081e-09
14450.056 5.786653995215614e-09
14500.056 1.0251998182928045e-08
14550.056 1.1947235769458077e-08
14600.056 1.523436266889002e-08
14650.056 1.5326474544767017e-08
14700.056 1.214626879420701e-08
14750.056 1.389708182166531e-08
14800.056 1.9036807032908916e-08
14850.056 2.1309406149667446e-08
14900.056 2.2776857034179818e-08
14950.056 2.5214319164476675e-08
15000.056 3.111690762361914e-08
15050.056 3.3930302263902164e-08
15100.056 3.650922591882096e-08
15150.056 4.03878162729016e-08
15200.056 4.3758318444559475e-08
15250.056 5.716225796064053e-08
15300.056 6.593719392006396e-08
15350.056 7.481441677608216e-08
15400.056 8.659702307736906e-08
15450.056 9.76183383950733e-08
15500.056 1.0396512549567603e-07
15550.056 1.1991241719331041e-07
15600.056 1.2556756002740307e-07
15650.056 1.3745744466600703e-07
15700.056 1.5954472678804732e-07
15750.056 1.7101748239399095e-07
15800.056 1.6842812130503228e-07
15850.056 1.799205316740023e-07
15900.056 1.6313872395000848e-07
15950.056 1.5164603111697087e-07
16000.056 1.1888040405200735e-07
16050.056 7.811428243509725e-08
16100.056 5.462563621766462e-08
16150.056 3.5129757720811297e-08
16200.056 2.2255352594761607e-08
16250.056 1.794626793817623e-08
16300.056 1.3225179996889277e-08
16350.056 1.496885733823441e-08
16400.056 1.8640920755041476e-08
16450.056 1.9455751844834234e-08
16500.056 2.0438477129491463e-08
16550.056 2.0333424839618273e-08
16600.056 2.0089585965006088e-08
16650.056 1.6076558824121103e-08
16700.056 4.30207337838298e-09
16750.056 6.85652845920412e-09
16800.056 1.2534361318863084e-08
16850.056 1.4629428797818989e-08
16900.056 1.0568184422359297e-08
16950.056 7.662618486524339e-09
17000.056 5.247593502151204e-09
17050.056 9.140299895858516e-09
17100.056 1.3059589505704314e-08
17150.056 8.762521207087512e-09
17200.056 1.6626719688716776e-08
17250.056 1.4161354205071473e-08
17300.056 9.77106485613326e-09
17350.056 8.986408782336744e-09
17400.056 1.1377247694574548e-08
17450.056 1.4188612688020896e-08
17500.056 1.7522093225448294e-08
17550.056 1.6764274614214105e-08
17600.056 1.3823818731915983e-08
17650.056 1.3900694770460436e-08
17700.056 1.0055037876693697e-08
17750.056 1.0171181346156584e-08
17800.056 1.6721342010464557e-08
17850.056 1.0993981064674676e-08
17900.056 9.133343176201731e-09
17950.056 7.767001604672392e-09
18000.056 9.826948623406986e-09
18050.056 1.0103706741538616e-08
18100.056 1.1576367612266755e-08
18150.056 1.4392313570242478e-08
18200.056 9.214945220915464e-09
18250.056 1.9575957244726492e-08
18300.056 1.1996456939265865e-08
18350.056 9.620543621197306e-09
18400.056 9.590961078397783e-09
18450.056 1.3126477351532698e-08
18500.056 1.4294881258832353e-08
18550.056 1.117922258023138e-08
18600.056 1.0252869762661432e-08
18650.056 1.011696330977529e-08
18700.056 8.398549832793542e-09
18750.056 1.2335862334913162e-08
18800.056 2.1534811503289342e-08
18850.056 2.4672232919238458e-08
18900.056 2.3217301298768147e-08
18950.056 3.3585487009416094e-08
19000.056 2.3352042396474252e-08
19050.056 1.7333710514263456e-08
19100.056 2.8639783741065268e-08
19150.056 2.0961687368732e-08
19200.056 2.580498189714229e-08
19250.056 1.9910240485531337e-08
19300.056 1.8036637312130858e-08
19350.056 1.5144698905644322e-08
19400.056 1.1975964029914602e-08
19450.056 2.0954939586246854e-08
19500.056 1.983402790959982e-08
19550.056 1.4335776772847482e-08
19600.056 2.1867700734244612e-08
19650.056 2.336004024691906e-08
19700.056 2.4550926954155876e-08
19750.056 2.8670076740981357e-08
19800.056 2.8185353048320104e-08
19850.056 3.646929639630244e-08
19900.056 3.001724023712817e-08
19950.056 4.67150655130761e-08
20000.056 4.405804851877656e-08
20050.056 4.641871780194478e-08
20100.056 5.811350388247817e-08
20150.056 5.1945851576020444e-08
20200.056 5.6214781847240726e-08
20250.056 6.965047928158028e-08
20300.056 7.0924880026867e-08
20350.056 7.972890358397579e-08
20400.056 7.592588717605133e-08
20450.056 9.237947430601271e-08
20500.056 1.0065708283451905e-07
20550.056 1.0012992496741671e-07
20600.056 1.1164369244589891e-07
20650.056 1.1396645628172583e-07
20700.056 1.1825450306044919e-07
20750.056 1.2391064778068575e-07
20800.056 1.2470927420766476e-07
20850.056 1.218410193262006e-07
20900.056 1.2597285126596382e-07
20950.056 1.1925507869139266e-07
21000.056 1.1408204919103161e-07
21050.056 1.126224157783873e-07
21100.056 1.0409798051291245e-07
21150.056 1.0450442471137816e-07
21200.056 9.424330226360485e-08
21250.056 8.692420028252158e-08
21300.056 7.209401257570971e-08
21350.056 7.234091702003047e-08
21400.056 6.633657711344379e-08
21450.056 5.909339599601613e-08
21500.056 5.28350060055135e-08
21550.056 4.7323048672317415e-08
21600.056 3.9697277363304005e-08
21650.056 3.2817730414307164e-08
21700.056 3.2382569081703783e-08
21750.056 2.8320495071417454e-08
21800.056 2.3343884542992843e-08
21850.056 2.1108843274846095e-08
21900.056 1.4761894475869536e-08
21950.056 8.304769780849275e-09
22000.056 3.0967516877737103e-09
22050.056 2.1527828261179116e-09
22100.056 4.190130113856863e-09
22150.056 6.0481887615601224e-09
22200.056 6.9603666326939235e-09
22250.056 5.673613876096803e-09
22300.056 4.367764614393218e-09
22350.056 4.3990822326029234e-09
22400.056 2.8861025225121246e-09
22450.056 2.7058696074174387e-09
22500.056 2.3829009138179045e-09
22550.056 1.9037338385403907e-09
22600.056 1.9312163684253364e-09
22650.056 2.3070587625824764e-09
22700.056 1.870891101843333e-09
22750.056 1.9842591334833494e-09
22800.056 1.847925190083258e-09
22850.056 1.593135104350738e-09
22900.056 1.319141394521582e-09
22950.056 1.258589190199708e-09
23000.056 1.6886864682690093e-09
23050.056 2.218491285218314e-09
23100.056 4.603978190982771e-09
23150.056 5.215482898444581e-09
23200.056 1.009088624861634e-09
23250.056 1.415303979358828e-09
23300.056 1.3436919197044434e-09
23350.056 1.4377689735231395e-09
23400.056 1.5992703984787354e-09
23450.056 1.4235002720860542e-09
23500.056 1.5605901895163865e-09
23550.056 2.098228092095238e-09
23600.056 2.4450763160444816e-09
23650.056 3.5313452090297066e-09
23700.056 1.8770629222035967e-09
23750.056 1.4689781909878692e-09
23800.056 2.0453894420635e-09
23850.056 2.2134029125141685e-09
23900.056 3.568246701823623e-09
23950.056 3.726364409557419e-09
24000.056 4.4188257794182984e-09
24050.056 5.766454198682349e-09
24100.056 5.338265367958371e-09
24150.056 6.45468613696195e-09
24200.056 5.923055819093929e-09
24250.056 4.950296985393828e-09
24300.056 6.446249255462086e-09
24350.056 5.535265163090886e-09
24400.056 8.079235522488374e-09
24450.056 8.231945108204432e-09
24500.056 8.353865046203015e-09
24550.056 1.059093262942475e-08
24600.056 1.0722632211326733e-08
24650.056 1.3998663978678499e-08
24700.056 1.0250014068022272e-08
24750.056 1.2136293310350506e-08
24800.056 1.2471371448531235e-08
24850.056 1.6780816370904727e-08
24900.056 1.0618019505818128e-08
24950.056 1.804324369422595e-08
25000.056 1.6653495184291095e-08
25050.056 1.2359691632878774e-08
25100.056 1.7114286215099357e-08
25150.056 1.1279987122634254e-08
25200.056 1.5209274796044567e-08
25250.056 1.0011385871223123e-08
25300.056 1.4887556586120854e-08
25350.056 8.655426319639143e-09
25400.056 1.5903872066114634e-08
25450.056 8.504228157122762e-09
25500.056 8.416681722356251e-09
25550.056 1.0173049614444802e-08
25600.056 7.801994520187789e-09
25650.056 5.764599287603337e-09
25700.056 1.0363286961149782e-08
25750.056 4.4403618233411235e-09
25800.056 1.068603470869228e-08
25850.056 4.846772400163793e-09
25900.056 6.55375205999752e-09
25950.056 3.6911468669676708e-09
26000.056 1.1606365818204378e-08
26050.056 5.724453809089003e-09
26100.056 1.0382466111285701e-08
26150.056 7.643127089103136e-09
26200.056 9.155411290657429e-09
26250.056 1.6428126275408174e-08
26300.056 1.0031291761797283e-08
26350.056 2.0476581530770635e-08
26400.056 2.0979533011562506e-08
26450.056 2.242165257528962e-08
26500.056 2.568848000576273e-08
26550.056 1.2433160141702161e-08
26600.056 1.79553790056317e-08
26650.056 7.328588557320774e-09
26700.056 6.684405305398817e-09
26750.056 4.756115631214584e-09
26800.056 8.70631733486934e-09
26850.056 4.980907807276679e-09
26900.056 1.2545268698895655e-08
26950.056 6.216195539267697e-09
27000.056 1.7476194835152615e-08
27050.056 1.3922760484172221e-08
27100.056 8.731491664026815e-09
27150.056 2.0345915688146803e-08
27200.056 9.407825967986811e-09
27250.056 1.3020024574416435e-08
27300.056 3.300560609004654e-08
27350.056 2.2098393378487147e-08
27400.056 5.513558299169139e-09
27450.056 2.845538532518895e-08
27500.056 2.7652865349117324e-08
27550.056 1.0937905198200437e-08
27600.056 2.1145578291515508e-08
27650.056 9.337666448687244e-09
27700.056 7.50803734941206e-09
27750.056 2.2931912955295045e-08
27800.056 9.19529987359812e-09
27850.056 1.2415332401542858e-08
27900.056 1.3067871533840929e-08
27950.056 2.491404875750294e-08
28000.056 1.982030672516268e-08
28050.056 6.123350854225739e-09
28100.056 2.4194469367424955e-08
28150.056 1.5495649414004346e-08
28200.056 7.461890163030822e-09
28250.056 2.5261374452780814e-08
28300.056 3.134231151152409e-08
28350.056 1.0512072327437942e-08
28400.056 1.9519714787712864e-08
28450.056 2.672253758884789e-08
28500.056 2.0425768459475857e-08
28550.056 7.668520440218344e-09
28600.056 3.017895351042846e-08
28650.056 2.515381951634302e-08
28700.056 2.321491865088579e-08
28750.056 3.4567076121988076e-08
