galfind/configs/Brown_Dwarf_templates/sonora_bobcat/m0.0/56g/sp_t275g56nc_m0.0_resample.dat
# %ECSV 1.0
# ---
# datatype:
# - {name: wav, unit: Angstrom, datatype: float64}
# - {name: flux_nu, unit: erg / (cm2 Hz s), datatype: float64}
# meta: {C/O: '1.00', Kzz: '1.0000E+05', Teff: '275.', Y: '0.28', '[Fe/H]': '0.00', f_hole: '1.00', f_rain: '0.00', grav: '56.'}
# schema: astropy-2.0
wav flux_nu
[from data line 499]
28950.056 8.270796195780868e-13
29000.056 3.7248143451673825e-13
29050.056 7.452958402992578e-13
29100.056 2.4805454872133734e-13
29150.056 1.8162494503914303e-13
29200.056 2.780823542718608e-12
29250.056 1.0750039501966297e-12
29300.056 5.830627522267485e-13
29350.056 1.7713779093320145e-12
29400.056 1.1968358732727839e-12
29450.056 2.1652052932410131e-13
29500.056 2.5877367347524786e-12
29550.056 5.440415282039299e-13
29600.056 4.3137194183575833e-13
29650.056 3.293004178351702e-12
29700.056 3.762566571958873e-13
29750.056 2.951981848708021e-12
29800.056 9.217485144683812e-13
29850.056 2.9726750789476183e-12
29900.056 8.478954505026124e-13
29950.056 1.2504227305949814e-12
30000.056 6.8363045385543085e-15
30050.056 1.5451822261743246e-13
30100.056 1.0863577326027623e-12
30150.056 4.137347386112599e-12
30200.056 2.277471398730724e-12
30250.056 2.98823187673584e-12
30300.056 5.571602384762986e-12
30350.056 5.979372742408591e-13
30400.056 5.39627801399287e-12
30450.056 6.882701034986357e-12
30500.056 9.444902185590033e-13
30550.056 1.0546791013510099e-12
30600.056 3.844780525507055e-11
30650.056 1.0764373884367983e-11
30700.056 1.9711932782246615e-12
30750.056 7.878706843061872e-12
30800.056 1.4474592570153478e-11
30850.056 1.2750084293983393e-11
30900.056 5.107109606643222e-12
30950.056 2.9060555650829447e-12
31000.056 4.799388790916004e-12
31050.056 1.2562483834641287e-12
31100.056 1.2780529459250685e-12
31150.056 2.749391122412058e-12
31200.056 1.93073409427822e-11
31250.056 9.878070124891656e-12
31300.056 2.765620762553712e-12
31350.056 1.837137389143126e-11
31400.056 1.2704806041019651e-11
31450.056 1.1013132107991716e-11
31500.056 2.590830139989892e-12
31550.056 6.078013703123133e-12
31600.056 5.249042209964546e-12
31650.056 3.942139020561069e-12
31700.056 2.327465354262682e-12
31750.056 1.3663396257068155e-12
31800.056 2.1536371154830314e-12
31850.056 2.4460835957586137e-13
31900.056 6.187513080317884e-13
31950.056 4.162475976684824e-13
32000.056 1.640543955721807e-13
32050.056 2.7786934328861117e-13
32100.056 2.6096928849307833e-13
32150.056 1.4975483597764992e-13
32200.056 5.498527715291355e-14
32250.056 1.376243797539493e-13
32300.056 2.539464104459515e-14
32350.056 1.0258891773366604e-13
32400.056 5.072026949910285e-15
32450.056 5.433991540943511e-14
32500.056 4.240490845710995e-15
32550.056 3.7316250232595416e-14
32600.056 2.2807864305316232e-15
32650.056 1.0765433120769934e-13
32700.056 4.516830955871429e-15
32750.056 3.4583395941599746e-13
32800.056 1.008144565440918e-13
32850.056 1.491915388535267e-12
32900.056 9.792607292326358e-13
32950.056 1.12088610991556e-12
33000.056 2.27823723401584e-13
33050.056 1.277618538168293e-13
33100.056 1.661905889873788e-14
33150.056 1.554300525737286e-17
33200.056 1.9696412775242385e-15
33250.056 3.710625367943295e-15
33300.056 9.908545361667164e-14
33350.056 1.2327440874996446e-13
33400.056 9.276159240044374e-13
33450.056 8.871462197212204e-14
33500.056 7.824670745570818e-13
33550.056 8.617958563193805e-14
33600.056 3.3340904200462255e-13
33650.056 3.489182751615714e-13
33700.056 3.768255668072671e-14
33750.056 4.622182880112621e-13
33800.056 1.3225679239398416e-14
33850.056 2.126137719581385e-13
33900.056 2.5112015370700177e-13
33950.056 2.6580188540487446e-13
34000.056 7.560123222355306e-13
34050.056 1.1176176068758377e-13
34100.056 9.452236364900086e-13
34150.056 2.9736178644735535e-13
34200.056 1.4638485180519567e-12
34250.056 4.2258945305953813e-13
34300.056 7.349488476938601e-13
34350.056 4.146600865006485e-12
34400.056 4.849541043057968e-13
34450.056 2.684204613730866e-12
34500.056 6.836473029574772e-13
34550.056 1.9317189971983582e-12
34600.056 9.834373527443405e-12
34650.056 3.3858165366304656e-13
34700.056 4.380401991660588e-12
34750.056 2.2825481209415138e-12
34800.056 1.763909105500162e-12
34850.056 8.468982186150033e-12
34900.056 6.135888429258301e-13
34950.056 1.1538645561096776e-11
35000.056 1.2260768248490716e-11
35050.056 1.2274826186035108e-11
35100.056 2.1174320509009702e-11
35150.056 1.6014800306097533e-11
35200.056 1.291626023355603e-11
35250.056 2.875664719616558e-11
35300.056 6.7762992897796715e-12
35350.056 4.100644531713982e-12
35400.056 2.468197943811038e-12
35450.056 2.985871741404214e-12
35500.056 1.480642211013393e-11
35550.056 7.107701310276404e-12
35600.056 1.8264947134788263e-11
35650.056 3.225182665559301e-11
35700.056 3.4444874687212905e-11
35750.056 2.1399899565439798e-11
35800.056 1.0593771978166644e-11
35850.056 4.668928748005178e-12
35900.056 5.6678799840487305e-12
35950.056 1.1727266335022026e-11
36000.056 1.7566129504527847e-11
36050.056 1.1118977037452851e-11
36100.056 1.065514506700949e-11
36150.056 6.405124449262746e-11
36200.056 4.475572265270997e-11
36250.056 2.1763762186543414e-11
36300.056 9.739521352334823e-11
36350.056 4.478345126930284e-11
36400.056 7.739214552719491e-11
36450.056 5.959556335855923e-11
36500.056 5.573721582948273e-11
36550.056 1.5560300880382883e-10
36600.056 1.2763294879658224e-10
36650.056 6.63158428739886e-11
36700.056 1.1607902107927461e-10
36750.056 1.553706530060411e-10
36800.056 2.078096331901153e-10
36850.056 5.238913294848384e-11
36900.056 9.795074617955761e-11
36950.056 2.138301921490952e-10
37000.056 1.1653369957003472e-10
37050.056 2.328416222278658e-10
37100.056 6.402206146570405e-11
37150.056 1.0445762202509043e-10
37200.056 3.2164018371791956e-10
37250.056 1.6768913705425357e-10
37300.056 5.6928819962605434e-11
37350.056 1.21009419854241e-10
37400.056 2.183671585562648e-10
37450.056 6.140586830058352e-11
37500.056 1.3360549107586436e-10
37550.056 3.717536417607591e-10
37600.056 7.82106547051846e-10
37650.056 1.0861887205933969e-10
37700.056 2.468379666274699e-10
37750.056 2.0962696631385525e-10
37800.056 1.5178885876636573e-10
37850.056 6.811128592649206e-11
37900.056 7.629721012733767e-11
37950.056 2.162958413844796e-10
38000.056 2.0033790468067858e-10
38050.056 4.965891212259773e-10
38100.056 5.609036807500693e-10
38150.056 8.690198334348945e-10
38200.056 5.028763815970546e-10
38250.056 8.668457008180857e-10
38300.056 1.4067736255532213e-09
38350.056 7.78179534834465e-10
38400.056 1.6327592097959146e-10
38450.056 3.370096073231172e-11
38500.056 3.5181110275989964e-11
38550.056 2.731129533358135e-10
38600.056 3.4994845446169667e-10
38650.056 3.869200166652087e-10
38700.056 1.4064418304877665e-10
38750.056 3.053421513555497e-10
38800.056 2.719665753747836e-10
38850.056 4.229094250380501e-10
38900.056 4.995569515849748e-10
38950.056 2.322859645004818e-10
39000.056 7.101988985554618e-10
39050.056 1.5364423969878858e-10
39100.056 4.175196472933219e-10
39150.056 8.486530796519494e-10
39200.056 4.3404776538367815e-10
39250.056 1.0095900248730642e-09
39300.056 4.121792777236346e-10
39350.056 1.2693186025573441e-09
39400.056 4.601905941322192e-10
39450.056 9.70014033005673e-10
39500.056 8.753551845366757e-10
39550.056 2.4069543559517345e-10
39600.056 9.666709713878634e-10
39650.056 1.1261957017738485e-09
39700.056 1.290801484636329e-09
39750.056 3.673765432818242e-10
39800.056 3.8247657435435596e-10
39850.056 1.3275846679603474e-09
39900.056 2.060481439579244e-09
39950.056 4.4921617227312497e-10
40000.056 1.1036615278143606e-09
40050.056 1.4556468082539242e-09
40100.056 3.24218681603901e-10
40150.056 1.2311756619889934e-09
40200.056 1.44764779948629e-09
40250.056 1.7253628535265059e-09
40300.056 1.825603275769843e-09
40350.056 7.522044004786784e-10
40400.056 1.0801991888642373e-09
40450.056 3.5362966597877806e-10
40500.056 1.876164217212865e-09
40550.056 1.992828502215808e-09
40600.056 1.5706555810899937e-09
40650.056 9.648826969966765e-10
40700.056 2.073853317866293e-09
40750.056 1.3860659304636554e-09
40800.056 6.780966911110139e-10
40850.056 3.4184393821709067e-09
40900.056 2.8606712465573754e-09
40950.056 2.2898358358931232e-09
41000.056 1.3383850758546766e-09
41050.056 3.715050656839084e-09
41100.056 2.998567432447924e-09
41150.056 6.39373217085082e-10
41200.056 4.073642416820763e-09
41250.056 2.6158506130765236e-09
41300.056 2.6863414395456572e-09
41350.056 4.678621022699806e-09
41400.056 3.3104398305796008e-09
41450.056 5.285357834948529e-09
41500.056 2.6741152601105596e-09
41550.056 2.1141061729272755e-09
41600.056 2.4518565322236537e-09
41650.056 4.505908215574298e-09
41700.056 6.991909752798793e-09
41750.056 4.646500774149309e-09
41800.056 4.343912755790665e-09
41850.056 4.3472333241957856e-09
41900.056 2.8314897888101183e-09
41950.056 2.6453838255690045e-09
42000.056 5.770468993320491e-10
42050.056 1.3712140150458319e-09
42100.056 1.638262277833081e-09
42150.056 2.3908703813725748e-09
42200.056 3.766728703533246e-09
42250.056 2.586357806905971e-09
42300.056 2.0866453248396723e-09
42350.056 4.838951553296128e-09
42400.056 6.699245871800881e-09
42450.056 7.69944204740132e-09
42500.056 8.018045804799043e-09
42550.056 6.376871581499051e-09
42600.056 5.565072525332451e-09
42650.056 8.954726156817744e-09
42700.056 2.75360850444965e-09
42750.056 7.433093587671422e-09
42800.056 1.2674978500301027e-08
42850.056 1.2227993241297571e-08
42900.056 1.169002473980153e-08
42950.056 9.628454947370233e-09
43000.056 1.1358051476740687e-08
43050.056 4.663202992928751e-09
43100.056 7.931305408146065e-09
43150.056 6.8758452697005124e-09
43200.056 1.2799570205601087e-08
43250.056 1.5477299959400625e-08
43300.056 1.4511781147800102e-08
43350.056 7.83940102779778e-09
43400.056 1.1616856307150887e-08
43450.056 6.114673901039992e-09
43500.056 5.0106513796745774e-09
43550.056 6.753619337050684e-09
43600.056 1.3948782474401498e-08
43650.056 7.613537375329917e-09
43700.056 1.5484402126704787e-08
43750.056 1.6056296129598006e-08
43800.056 1.2509314311398571e-08
43850.056 1.1001646478441085e-08
43900.056 6.886056250611524e-09
43950.056 4.524435328879694e-09
44000.056 5.352119071389484e-09
44050.056 1.584814812430027e-08
44100.056 2.0160912462600145e-08
44150.056 1.79043423360391e-08
44200.056 1.7308489960300766e-08
44250.056 7.940480527598864e-09
44300.056 5.889674575880691e-09
44350.056 5.9303338694565144e-09
44400.056 5.188405589579802e-09
44450.056 1.2658748122891598e-08
44500.056 1.1379597687701233e-08
44550.056 1.6314908315999638e-08
44600.056 1.2693880328299673e-08
44650.056 1.1547079474801133e-08
44700.056 8.030692061198743e-09
44750.056 1.447329624800231e-08
44800.056 7.541817876280438e-09
44850.056 1.0385130754550474e-08
44900.056 1.1108393666080065e-08
44950.056 1.346167226070207e-08
45000.056 1.7865456396400548e-08
45050.056 1.3760441679298163e-08
45100.056 1.243520882803019e-08
45150.056 9.646763935158167e-09
45200.056 7.227642817600748e-09
45250.056 9.131779055257706e-09
45300.056 8.956464974851092e-09
45350.056 5.648966270721672e-09
45400.056 2.168189420900216e-08
45450.056 1.4981515279901418e-08
45500.056 2.0934347042401194e-08
45550.056 2.1491370069894968e-08
45600.056 1.6475002663002447e-08
45650.056 1.429358527189974e-08
45700.056 8.320996423259263e-09
45750.056 7.565850745110687e-09
45800.056 2.0535711422501003e-08
45850.056 1.3777504887210609e-08
45900.056 2.1435191435598698e-08
45950.056 2.1724545087898927e-08
46000.056 2.0191127314302007e-08
46050.056 1.3720787585212604e-08
46100.056 2.6474686636998382e-08
46150.056 1.4096642657900126e-08
46200.056 1.0468435677188097e-08
46250.056 3.3787247361808187e-09
46300.056 1.3228962880300385e-08
46350.056 1.2984185667941974e-08
46400.056 1.3223039048000419e-08
46450.056 1.1434787684992493e-08
46500.056 1.398823883880221e-08
46550.056 5.919533054169647e-09
46600.056 8.153463106970852e-09
46650.056 1.4918422061600716e-08
46700.056 9.583205251697714e-09
46750.056 3.3896431358105806e-09
46800.056 1.9385681778898995e-09
46850.056 1.2823041523102182e-08
46900.056 1.6498496400499322e-08
46950.056 1.7305697857099165e-08
47000.056 1.7664056357801818e-08
47050.056 9.93025960236712e-09
47100.056 7.553880709350712e-09
47150.056 1.328545559894156e-08
47200.056 1.4237290968298773e-08
47250.056 5.9628966383588485e-09
47300.056 3.951216885780095e-09
47350.056 1.5049385054801637e-08
47400.056 1.5672003394398555e-08
47450.056 8.793479396484271e-09
47500.056 1.6903350633801027e-08
47550.056 1.5922938325200396e-08
47600.056 1.1312812125948497e-08
47650.056 1.3592887972265756e-08
47700.056 1.0032700092233848e-08
47750.056 7.521896209600059e-09
47800.056 4.963398249400758e-09
47850.056 1.7752697888243914e-09
47900.056 3.489930646112058e-09
47950.056 1.122274778470058e-08
48000.056 1.5405849349699085e-08
48050.056 1.1342555732080327e-08
48100.056 4.660432547278555e-09
48150.056 1.0137200658500446e-08
48200.056 5.029155541289298e-09
48250.056 7.67411297454983e-09
48300.056 1.4484279516999608e-08
48350.056 7.409947562198831e-09
48400.056 1.1916995374736239e-09
48450.056 2.524952261189671e-09
48500.056 5.340176532018747e-09
48550.056 6.649283841529081e-09
48600.056 1.3294713455199366e-08
48650.056 1.6965548591399042e-08
48700.056 1.029458890350206e-08
48750.056 9.026003867001231e-09
48800.056 1.3480248322300363e-08
48850.056 5.866527607489084e-09
48900.056 5.390225933581359e-09
48950.056 2.459315142239902e-09
49000.056 1.4628704587483931e-09
49050.056 6.0050606649992265e-09
49100.056 9.516339561601783e-09
49150.056 7.46378907785085e-09
49200.056 1.3889183314401795e-08
49250.056 1.4037198950199736e-08
49300.056 1.0773488340899414e-08
49350.056 3.3031802487213544e-09
49400.056 5.150125884148532e-09
49450.056 4.146719797485906e-09
49500.056 2.9171439012173817e-09
49550.056 3.910288126440033e-10
49600.056 1.2720516697262785e-09
49650.056 5.4410073362009e-09
49700.056 7.221123415198406e-09
49750.056 5.00478601500211e-09
49800.056 2.7576086771521655e-09
49850.056 8.51884870880123e-09
49900.056 8.874908113599558e-09
49950.056 8.712419889300015e-09
50000.056 4.028341085915712e-09
50050.056 5.013146667100563e-09
50100.056 4.357958575799619e-09
50150.056 1.3720057025336927e-09
50200.056 1.663557235870661e-10
50250.056 1.2468418586900102e-09
50300.056 8.299718392412007e-10
50350.056 4.999502459800945e-09
50400.056 6.826658028678892e-09
50450.056 5.889080351540887e-09
50500.056 9.233289924980051e-09
50550.056 8.678403166600513e-09
50600.056 5.2202720696636445e-09
50650.056 1.016746568190121e-08
50700.056 8.478814293699322e-09
50750.056 4.32450135459998e-09
50800.056 8.995940536087895e-10
50850.056 3.5622797512316946e-10
50900.056 3.6104372153004956e-09
50950.056 4.384718880499463e-09
51000.056 2.7523680808273293e-09
51050.056 5.981257430099464e-09
51100.056 1.732479549832981e-09
51150.056 1.3443681762173431e-09
51200.056 6.783169041200056e-09
51250.056 5.185830470269238e-09
51300.056 3.1548552196206105e-09
51350.056 1.9906245969425706e-09
51400.056 3.775310209920876e-10
51450.056 3.5755373255658717e-10
51500.056 3.740394840395459e-10
51550.056 1.883973171560449e-09
51600.056 2.444658359050626e-09
51650.056 4.154447730600121e-09
51700.056 3.5217368283574472e-09
51750.056 2.121213210060511e-09
51800.056 5.097395680599697e-09
51850.056 3.871069895169763e-09
51900.056 3.1235452367999235e-09
51950.056 1.271070480059814e-09
52000.056 1.1889120669797006e-10
52050.056 5.907971088900487e-10
52100.056 2.896001850209427e-10
52150.056 1.5737587041966094e-10
52200.056 8.224165187600189e-10
52250.056 1.5788778273003173e-09
52300.056 1.5819771223998523e-09
52350.056 3.308025104683549e-10
52400.056 4.0045972492299936e-10
52450.056 2.2832136469001662e-09
52500.056 1.4223952774577398e-09
52550.056 2.8260616456399287e-09
52600.056 2.622483634800109e-09
52650.056 3.103436546310034e-09
52700.056 1.709221141749787e-09
52750.056 3.5732387440067327e-10
52800.056 8.780785394701688e-10
52850.056 1.0567313058497397e-09
52900.056 2.626120529278784e-10
52950.056 5.257318920850986e-10
53000.056 1.3839481466902043e-09
53050.056 4.3601726542389907e-10
53100.056 2.29251991804999e-09
53150.056 2.0561600880928746e-09
53200.056 9.594853923512788e-10
53250.056 1.5338768962311754e-09
53300.056 1.904460560503318e-09
53350.056 1.4259905056401e-09
53400.056 8.23798741949763e-10
53450.056 2.3137967909793667e-10
53500.056 5.156899008598444e-11
53550.056 1.0000366572960372e-10
