galfind/configs/Brown_Dwarf_templates/sonora_bobcat/m0.0/1000g/co0.5/sp_t2300g1000nc_m+0.0_co0.5_resample.dat
# %ECSV 1.0
# ---
# datatype:
# - {name: wav, unit: Angstrom, datatype: float64}
# - {name: flux_nu, unit: erg / (cm2 Hz s), datatype: float64}
# meta: {C/O: '0.50', Kzz: '1.0000E+05', Teff: '2300.', Y: '0.28', '[Fe/H]': '0.00', f_hole: '1.00', f_rain: '0.00', grav: '1000.'}
# schema: astropy-2.0
wav flux_nu
4000.0559999999996 nan
4050.0559999999996 4.158948974287543e-08
4100.056 5.282399682677521e-08
4150.056 4.500007739187579e-08
4200.056 3.493525910834529e-08
4250.056 3.001216937970733e-08
4300.056 2.0718786778557202e-08
4350.056 1.9198670857042206e-08
4400.056 1.8020410258005988e-08
4450.056 9.895815443291707e-09
4500.056 9.795072225322286e-09
4550.056 1.2381893888026154e-08
4600.056 9.469134638217491e-09
4650.056 6.716848260519724e-09
4700.056 8.784776709301855e-09
4750.056 1.1046249226425368e-08
4800.056 5.331150865121379e-09
4850.056 7.255151282062485e-09
4900.056 1.8168724080697123e-08
4950.056 2.3710619246117606e-08
5000.056 6.6753638301686695e-09
5050.056 1.063155439702222e-08
5100.056 1.818417275419347e-08
5150.056 1.7455105204565786e-08
5200.056 1.0118169805610102e-08
5250.056 1.6749108544499984e-08
5300.056 2.1917839258000343e-08
5350.056 2.234165638350232e-08
5400.056 2.451883467320021e-08
5450.056 1.829897094409763e-08
5500.056 1.3046002862698941e-08
5550.056 1.7475058461000088e-08
5600.056 1.4136932919501368e-08
5650.056 1.1883932331900393e-08
5700.056 1.32898585965006e-08
5750.056 1.1232378650999266e-08
5800.056 8.655098123599774e-09
5850.056 3.475057206609988e-09
5900.056 3.667051769918252e-10
5950.056 5.644188292899998e-09
6000.056 1.3656735097499633e-08
6050.056 2.5020139332001502e-08
6100.056 3.6321016293000327e-08
6150.056 3.916532639259492e-08
6200.056 2.3410666636800372e-08
6250.056 2.65822261260019e-08
6300.056 4.0570111215000935e-08
6350.056 5.456740127200463e-08
6400.056 6.88843394830029e-08
6450.056 8.501490513597945e-08
6500.056 8.875575113497998e-08
6550.056 1.1123561397498179e-07
6600.056 9.713466232000544e-08
6650.056 7.491598043700922e-08
6700.056 5.0113731667796916e-08
6750.056 6.339498749400687e-08
6800.056 7.390666950200655e-08
6850.056 1.0170274262800371e-07
6900.056 1.497624702569973e-07
6950.056 2.038113529019913e-07
7000.056 3.038603464889819e-07
7050.056 2.5742256708602353e-07
7100.056 1.0312293727199451e-07
7150.056 7.978819934000717e-08
7200.056 1.1752791934299478e-07
7250.056 1.8847954463002987e-07
7300.056 3.331724037870638e-07
7350.056 5.360212457299722e-07
7400.056 7.398023301500139e-07
7450.056 8.299961302999534e-07
7500.056 8.955306057100072e-07
7550.056 9.065133091200217e-07
7600.056 5.049517286769941e-07
7650.056 9.709700551687542e-08
7700.056 4.4566234374172905e-08
7750.056 2.425538718050225e-07
7800.056 3.4955643816987326e-07
7850.056 4.3837795056999755e-07
7900.056 5.370408781800631e-07
7950.056 5.844107004578604e-07
8000.056 7.740941887999067e-07
8050.056 1.128753569029955e-06
8100.056 1.5264165093302098e-06
8150.056 1.929495398110034e-06
8200.056 1.167690516229866e-06
8250.056 1.6848142466099075e-06
8300.056 1.4064756129003567e-06
8350.056 1.4972414451903776e-06
8400.056 1.5075665139201915e-06
8450.056 8.732529348098926e-07
8500.056 7.611860710572357e-07
8550.056 1.0107037006000887e-06
8600.056 1.2840978389395968e-06
8650.056 1.6458828210398222e-06
8700.056 1.7253609756500269e-06
8750.056 2.0112348769202376e-06
8800.056 2.5598683772003455e-06
8850.056 2.379586862690072e-06
8900.056 1.631105452880162e-06
8950.056 1.804848011697632e-06
9000.056 2.25897782952022e-06
9050.056 2.314608677029644e-06
9100.056 2.9027535347600763e-06
9150.056 3.3568321703400526e-06
9200.056 3.3067620221905955e-06
9250.056 2.494889188910013e-06
9300.056 2.1371451515401405e-06
9350.056 2.3577732037198183e-06
9400.056 2.578061423130453e-06
9450.056 2.909350345459397e-06
9500.056 3.3962427367498514e-06
9550.056 3.6867524013802903e-06
9600.056 3.959780373460524e-06
9650.056 4.350397522860685e-06
9700.056 4.657850202009698e-06
9750.056 3.8830118886799445e-06
9800.056 4.1194393863997464e-06
9850.056 4.012776389699844e-06
9900.056 3.2092874392797997e-06
9950.056 2.7766840473701562e-06
10000.056 2.8032237676198698e-06
10050.056 2.8047391454298362e-06
10100.056 3.4130511339408707e-06
10150.056 3.3520162606799175e-06
10200.056 3.632170682449759e-06
10250.056 3.5399579777190678e-06
10300.056 3.3930380589495715e-06
10350.056 3.878580354399907e-06
10400.056 4.232903684289903e-06
10450.056 4.459308845650627e-06
10500.056 4.616300447149183e-06
10550.056 4.864762447200322e-06
10600.056 5.242055824100297e-06
10650.056 5.199515196859805e-06
10700.056 5.324940220100225e-06
10750.056 5.675705650440388e-06
10800.056 6.014901552179526e-06
10850.056 6.3340955145197425e-06
10900.056 6.376040648889708e-06
10950.056 6.2837672943989864e-06
11000.056 6.002635752000126e-06
11050.056 4.815953525239824e-06
11100.056 5.149255135430725e-06
11150.056 5.449668928249698e-06
11200.056 5.511762970140518e-06
11250.056 6.1380599699200375e-06
11300.056 6.094465110999946e-06
11350.056 5.689376767709728e-06
11400.056 4.119256537929944e-06
11450.056 6.097137539549278e-06
11500.056 6.849043719599474e-06
11550.056 6.703434239829962e-06
11600.056 6.937276476518954e-06
11650.056 6.991210746710623e-06
11700.056 5.455012453429967e-06
11750.056 5.729063569859531e-06
11800.056 5.791289572640407e-06
11850.056 7.2285509164002815e-06
11900.056 7.541898306198888e-06
11950.056 7.221776543999889e-06
12000.056 6.693690316900321e-06
12050.056 7.4198091859001346e-06
12100.056 7.324878797799704e-06
12150.056 7.98530742589963e-06
12200.056 7.973233155399489e-06
12250.056 8.391320495499558e-06
12300.056 8.518747567100709e-06
12350.056 8.48712415180037e-06
12400.056 7.6291913987996254e-06
12450.056 6.512538160460112e-06
12500.056 7.032233902498953e-06
12550.056 7.054229456530167e-06
12600.056 8.045977822800028e-06
12650.056 8.252309432499524e-06
12700.056 8.62217282789987e-06
12750.056 8.665431122899946e-06
12800.056 9.1080889817994e-06
12850.056 8.90007403150023e-06
12900.056 8.654609324799313e-06
12950.056 8.836432440999586e-06
13000.056 9.136703736399247e-06
13050.056 9.335228944899629e-06
13100.056 9.319819415799558e-06
13150.056 9.397445055899698e-06
13200.056 9.13332946949989e-06
13250.056 8.637327173350144e-06
13300.056 7.797147843789027e-06
13350.056 5.285803400470606e-06
13400.056 5.062265702963077e-06
13450.056 4.590988815370893e-06
13500.056 4.49155341246046e-06
13550.056 4.293460176161645e-06
13600.056 4.099809814040086e-06
13650.056 4.5006014767088366e-06
13700.056 4.1973950006885864e-06
13750.056 4.332981613849149e-06
13800.056 4.803944397236714e-06
13850.056 4.6981153532075706e-06
13900.056 4.4997132592172405e-06
13950.056 4.304327369213949e-06
14000.056 4.0568633418601196e-06
14050.056 4.183539427277951e-06
14100.056 3.7586187785273746e-06
14150.056 3.855472575764255e-06
14200.056 3.6000931474844345e-06
14250.056 3.553140401172229e-06
14300.056 3.6362903565564837e-06
14350.056 3.6942176357293126e-06
14400.056 3.8250117218552435e-06
14450.056 3.97185050385629e-06
14500.056 4.270938893639688e-06
14550.056 4.299026411519796e-06
14600.056 4.517377231881036e-06
14650.056 4.441072742748506e-06
14700.056 4.14601550912965e-06
14750.056 4.364128841690732e-06
14800.056 4.4578396526708765e-06
14850.056 4.7512108933492105e-06
14900.056 4.715148758349688e-06
14950.056 4.7549289979208045e-06
15000.056 4.879084593150528e-06
15050.056 5.297140176839182e-06
15100.056 5.248334164190475e-06
15150.056 5.3271335439603325e-06
15200.056 5.618700845419665e-06
15250.056 5.641849741899849e-06
15300.056 5.864198199499919e-06
15350.056 6.055599187300116e-06
15400.056 6.181931575400022e-06
15450.056 6.397083319200302e-06
15500.056 6.50499005629948e-06
15550.056 6.769938434899639e-06
15600.056 6.843093963700701e-06
15650.056 7.025103908499943e-06
15700.056 7.361728975501591e-06
15750.056 7.5667020712993934e-06
15800.056 7.734598250100733e-06
15850.056 7.236096306300601e-06
15900.056 7.4258700921004436e-06
15950.056 7.508389140299943e-06
16000.056 7.695433720999742e-06
16050.056 7.881650696500652e-06
16100.056 8.04077882390013e-06
16150.056 7.861308657400313e-06
16200.056 8.163701021999792e-06
16250.056 8.05008727099997e-06
16300.056 8.137389467500056e-06
16350.056 8.523214911799673e-06
16400.056 8.414347009800692e-06
16450.056 8.658089031700577e-06
16500.056 8.82315033740029e-06
16550.056 9.172573041099515e-06
16600.056 8.81017773400043e-06
16650.056 9.398451344900568e-06
16700.056 9.088680843899009e-06
16750.056 9.173201022999572e-06
16800.056 9.38164922589986e-06
16850.056 9.466235349199461e-06
16900.056 9.224564349800277e-06
16950.056 9.162605131599326e-06
17000.056 9.162713169700827e-06
17050.056 9.040809543000476e-06
17100.056 8.682718571000417e-06
17150.056 8.532445992500239e-06
17200.056 7.994059235999552e-06
17250.056 7.626488017499897e-06
17300.056 7.731766274829138e-06
17350.056 7.459042983610581e-06
17400.056 7.434749542409875e-06
17450.056 7.009973559047353e-06
17500.056 6.806820040869343e-06
17550.056 6.615436429600859e-06
17600.056 6.3876654343700395e-06
17650.056 6.491849533499462e-06
17700.056 5.705669282989127e-06
17750.056 5.5953464015597834e-06
17800.056 5.4966746373712076e-06
17850.056 5.1472011475404854e-06
17900.056 5.2335234979801534e-06
17950.056 5.096522591559558e-06
18000.056 4.73795145397031e-06
18050.056 4.774819847441235e-06
18100.056 4.613647283039634e-06
18150.056 5.019957264681394e-06
18200.056 4.306065345780346e-06
18250.056 4.9739248734691705e-06
18300.056 4.75099462408984e-06
18350.056 4.597978371650115e-06
18400.056 4.478346133740104e-06
18450.056 4.082678027941882e-06
18500.056 4.239143810270596e-06
18550.056 3.987424113880126e-06
18600.056 3.4271059220286723e-06
18650.056 3.930388795920816e-06
18700.056 4.246977311360738e-06
18750.056 4.0631239714512915e-06
18800.056 4.16810489268137e-06
18850.056 4.726876915369644e-06
18900.056 4.537730665198325e-06
18950.056 4.639453311699661e-06
19000.056 4.88470748112918e-06
19050.056 4.7433535266400684e-06
19100.056 4.8793257730611255e-06
19150.056 5.015972917659904e-06
19200.056 4.9645807470912615e-06
19250.056 4.7764633066091865e-06
19300.056 5.01205625437907e-06
19350.056 5.026882482829759e-06
19400.056 4.4750127024091525e-06
19450.056 5.01448772640041e-06
19500.056 5.047750574499591e-06
19550.056 4.410191570020877e-06
19600.056 4.93202737112947e-06
19650.056 4.862022334727519e-06
19700.056 4.876499907960263e-06
19750.056 4.530989782880329e-06
19800.056 4.774905351759403e-06
19850.056 4.805061782120754e-06
19900.056 4.364962392291061e-06
19950.056 4.940902023729706e-06
20000.056 4.411946463350601e-06
20050.056 4.742225524821057e-06
20100.056 4.7347762845677415e-06
20150.056 4.754104128540866e-06
20200.056 4.852470801999085e-06
20250.056 4.998142748739769e-06
20300.056 5.0448738746104665e-06
20350.056 5.1339134345594055e-06
20400.056 5.130149019357845e-06
20450.056 5.308818597899345e-06
20500.056 5.362627842239958e-06
20550.056 5.4685686344798475e-06
20600.056 5.715201762620395e-06
20650.056 5.579306390440568e-06
20700.056 5.823177099900435e-06
20750.056 5.85508663847938e-06
20800.056 6.0750775682999645e-06
20850.056 6.0113172285000186e-06
20900.056 6.3117039786998515e-06
20950.056 6.3504081345996446e-06
21000.056 6.563209336399711e-06
21050.056 6.650727162100152e-06
21100.056 6.662981678199984e-06
21150.056 6.935010621800194e-06
21200.056 6.956779961300361e-06
21250.056 7.220885637999447e-06
21300.056 7.040217128400084e-06
21350.056 7.438739182300309e-06
21400.056 7.238790665200289e-06
21450.056 7.846917519800023e-06
21500.056 7.486182119100294e-06
21550.056 7.690723298699622e-06
21600.056 7.879193413800521e-06
21650.056 7.859362790000238e-06
21700.056 8.127135048999778e-06
21750.056 7.976075750500029e-06
21800.056 8.030818004699617e-06
21850.056 8.084231773299738e-06
21900.056 8.286382018000609e-06
21950.056 8.172416767900185e-06
22000.056 8.41279039829967e-06
22050.056 8.039041788299379e-06
22100.056 8.279022574099812e-06
22150.056 8.453808274700464e-06
22200.056 8.258847450100948e-06
22250.056 8.685800863500476e-06
22300.056 8.581029462499863e-06
22350.056 8.354189694400243e-06
22400.056 8.697609196300154e-06
22450.056 8.574798881999339e-06
22500.056 8.67682497529985e-06
22550.056 8.622557046399169e-06
22600.056 8.613728901199774e-06
22650.056 8.537359617601067e-06
22700.056 8.532564995801122e-06
22750.056 8.793952844499612e-06
22800.056 8.482095769700107e-06
22850.056 8.647431870800462e-06
22900.056 8.780477512799684e-06
22950.056 7.1962074587008405e-06
23000.056 7.704418516950387e-06
23050.056 7.884814937879007e-06
23100.056 7.599470300840159e-06
23150.056 7.723102532190387e-06
23200.056 7.703044965690307e-06
23250.056 6.895545556928602e-06
23300.056 7.0737174648301604e-06
23350.056 7.227414199650053e-06
23400.056 6.9829715795000665e-06
23450.056 7.135996301300272e-06
23500.056 7.01477519463896e-06
23550.056 6.472676502081423e-06
23600.056 6.4051186698613475e-06
23650.056 6.897172041019067e-06
23700.056 6.7129121410786305e-06
23750.056 6.739735206870663e-06
23800.056 6.640547332660361e-06
23850.056 5.821611421880391e-06
23900.056 6.199247192199982e-06
23950.056 6.323779066701111e-06
24000.056 5.920994131908573e-06
24050.056 5.799925021380761e-06
24100.056 5.319830697248792e-06
24150.056 5.262419104510663e-06
24200.056 5.223235927109024e-06
24250.056 5.112684540160128e-06
24300.056 4.88980566767044e-06
24350.056 4.544491859090203e-06
24400.056 4.975170821859869e-06
24450.056 4.481397949420072e-06
24500.056 4.2054954040502355e-06
24550.056 4.0795634778102525e-06
24600.056 4.112253151610569e-06
24650.056 4.460641609550001e-06
24700.056 3.7792122145700106e-06
24750.056 3.5499614002805712e-06
24800.056 3.522811993190271e-06
24850.056 4.05539719874011e-06
24900.056 3.1477099104515665e-06
24950.056 3.889142291719734e-06
25000.056 3.481292891020306e-06
25050.056 2.8476283929208118e-06
25100.056 3.391921786119915e-06
25150.056 2.9934820548897934e-06
25200.056 3.179129621129776e-06
25250.056 3.007607538509221e-06
25300.056 3.214637234030298e-06
25350.056 2.7428925862299275e-06
25400.056 2.999247231061105e-06
25450.056 2.76232480577001e-06
25500.056 2.944828013050864e-06
25550.056 2.798888196270144e-06
25600.056 2.8653500381100422e-06
25650.056 2.591504160649832e-06
25700.056 3.2419818053389568e-06
25750.056 2.425746408580402e-06
25800.056 3.035057827710325e-06
25850.056 2.830010577849769e-06
25900.056 3.0366070838606658e-06
25950.056 2.7156577492902736e-06
26000.056 3.0222972541208287e-06
26050.056 3.2077091121699654e-06
26100.056 3.168142743230439e-06
26150.056 3.1731756351192497e-06
26200.056 3.0074697674201937e-06
26250.056 3.1216957048304055e-06
26300.056 3.1271452825998567e-06
26350.056 3.1541413316798508e-06
26400.056 3.2105818832896186e-06
26450.056 3.1445744576403145e-06
26500.056 3.321198504649118e-06
26550.056 3.3445327209694597e-06
26600.056 3.838032967869363e-06
26650.056 3.088251350049459e-06
26700.056 3.1807460103799634e-06
26750.056 2.841097247868801e-06
26800.056 3.1542302996792176e-06
26850.056 2.591646430900392e-06
26900.056 3.2805214873699716e-06
26950.056 2.314774615610011e-06
27000.056 3.0792483968305187e-06
27050.056 2.6128497440696873e-06
27100.056 2.638416310689476e-06
27150.056 2.7684534652699624e-06
27200.056 2.7600211541704507e-06
27250.056 2.497637940061029e-06
27300.056 2.8801980085002944e-06
27350.056 2.749326772629089e-06
27400.056 2.3712950224999896e-06
27450.056 3.038298770089081e-06
27500.056 2.7755578090102155e-06
27550.056 2.6677958103698306e-06
27600.056 3.038317940999715e-06
27650.056 2.4672595850397736e-06
27700.056 2.402397048900128e-06
27750.056 3.102720651708703e-06
27800.056 2.345885161889979e-06
27850.056 2.544069604589188e-06
27900.056 2.5758541437100037e-06
27950.056 2.9741441955998047e-06
28000.056 2.783511269620718e-06
28050.056 2.202011872820546e-06
28100.056 3.0624269216811448e-06
28150.056 2.4917159458000492e-06
28200.056 2.1704411055001043e-06
28250.056 2.6861169493400214e-06
28300.056 3.0481616375706245e-06
28350.056 2.4227819403291753e-06
28400.056 2.5991290111300625e-06
28450.056 2.6369703929496e-06
28500.056 2.6710327727094903e-06
28550.056 2.01314708774937e-06
28600.056 3.041616730940185e-06
28650.056 2.7855711968898193e-06
28700.056 2.4681956627296207e-06
28750.056 2.771030683939825e-06
28800.056 2.702794457980475e-06
28850.056 2.776080834460266e-06
28900.056 2.2419440648001173e-06
