galfind/configs/Brown_Dwarf_templates/sonora_bobcat/m0.0/1000g/co0.5/sp_t275g1000nc_m+0.0_co0.5_resample.dat
# %ECSV 1.0
# ---
# datatype:
# - {name: wav, unit: Angstrom, datatype: float64}
# - {name: flux_nu, unit: erg / (cm2 Hz s), datatype: float64}
# meta: {C/O: '0.50', Kzz: '1.0000E+05', Teff: '275.', Y: '0.28', '[Fe/H]': '0.00', f_hole: '1.00', f_rain: '0.00', grav: '1000.'}
# schema: astropy-2.0
wav flux_nu
4000.0559999999996 nan
4050.0559999999996 5.89732846250009e-19
4100.056 1.0707772447000141e-17
4150.056 4.864772774800037e-17
4200.056 9.493295461600049e-17
4250.056 2.6302933046000154e-16
4300.056 5.156529143600022e-16
4350.056 8.898625468200032e-16
4400.056 1.4636280946000053e-15
4450.056 2.290139135000008e-15
4500.056 3.4906940736000105e-15
4550.056 5.020543397600009e-15
4600.056 6.0936547881000126e-15
4650.056 7.291689151200007e-15
4700.056 7.7331402851e-15
4750.056 7.0438999229999914e-15
4800.056 6.09105308799999e-15
4850.056 4.846950414199988e-15
4900.056 4.0393865540999935e-15
4950.056 3.3779700767999928e-15
5000.056 2.426135475699989e-15
5050.056 1.734934837399998e-15
5100.056 1.7920542858000028e-15
5150.056 1.958483390800002e-15
5200.056 2.191035942600002e-15
5250.056 2.383329056100002e-15
5300.056 2.5764361270000014e-15
5350.056 2.7927670815000024e-15
5400.056 2.9692325334000022e-15
5450.056 3.2345975099000046e-15
5500.056 3.5659559575000036e-15
5550.056 3.916147205500004e-15
5600.056 4.235907310500004e-15
5650.056 4.517663449400002e-15
5700.056 4.564146871200003e-15
5750.056 4.614373538199998e-15
5800.056 4.276106049499993e-15
5850.056 3.135026040299967e-15
5900.056 9.826396698310307e-16
5950.056 5.582187771800085e-15
6000.056 1.1382198581500085e-14
6050.056 2.0950606430000162e-14
6100.056 3.468018452600023e-14
6150.056 5.368851597600031e-14
6200.056 8.00158295250004e-14
6250.056 1.1111610458200044e-13
6300.056 1.5779050671000066e-13
6350.056 2.2030399708000096e-13
6400.056 3.0064471413000147e-13
6450.056 3.5573546143999966e-13
6500.056 4.700851686100045e-13
6550.056 6.587676666999992e-13
6600.056 9.156781019400086e-13
6650.056 1.3019894013000069e-12
6700.056 1.6813382625000079e-12
6750.056 2.26893675250001e-12
6800.056 2.6205570215000023e-12
6850.056 2.491731186199994e-12
6900.056 1.743803144059977e-12
6950.056 1.0386930989800086e-12
7000.056 1.107340682429986e-12
7050.056 1.0688814082800028e-12
7100.056 1.192140660509999e-12
7150.056 7.885825017069781e-13
7200.056 4.1868287940300307e-13
7250.056 4.655162590209774e-13
7300.056 4.698686078260185e-13
7350.056 7.411249299000041e-13
7400.056 1.0772794385500057e-12
7450.056 1.5418353161000154e-12
7500.056 1.933481329900004e-12
7550.056 2.212144982500005e-12
7600.056 2.345268067700001e-12
7650.056 1.5193267671399819e-12
7700.056 1.5774047938700202e-12
7750.056 2.8818223922000234e-12
7800.056 3.649431928000014e-12
7850.056 4.176068493599993e-12
7900.056 4.931236843900022e-12
7950.056 5.807646772700007e-12
8000.056 6.984364431200025e-12
8050.056 8.114195621000019e-12
8100.056 5.0554613822998684e-12
8150.056 1.956075585500143e-12
8200.056 6.149758049550004e-12
8250.056 6.726372466966234e-12
8300.056 6.741596880599867e-12
8350.056 9.03387132710014e-12
8400.056 1.4832067343500504e-11
8450.056 2.5559404254000323e-11
8500.056 3.5458963244000324e-11
8550.056 4.646722444900046e-11
8600.056 5.853641922300045e-11
8650.056 6.768584926200028e-11
8700.056 7.074969785800017e-11
8750.056 7.326098805000012e-11
8800.056 6.987442629399967e-11
8850.056 5.7919673508998337e-11
8900.056 1.2475026141198842e-11
8950.056 1.9662289623599916e-12
9000.056 2.299508898278252e-12
9050.056 1.8433117526429937e-11
9100.056 1.2353315883391348e-11
9150.056 1.1617393001408994e-11
9200.056 1.9232150613631657e-11
9250.056 1.1040371055498514e-11
9300.056 1.2054805675428874e-14
9350.056 4.938952496641946e-15
9400.056 3.790676619916233e-13
9450.056 4.223303433518964e-14
9500.056 6.22588396008284e-14
9550.056 4.7558751534161863e-14
9600.056 1.3283840475549292e-13
9650.056 5.391303378977477e-13
9700.056 5.483556058985871e-12
9750.056 5.164370251220693e-12
9800.056 8.746837673169685e-12
9850.056 1.5689492389000036e-11
9900.056 2.967058458450148e-11
9950.056 4.5551576850001336e-11
10000.056 3.2882056094782095e-11
10050.056 2.4112149594998896e-11
10100.056 1.4594460950999748e-11
10150.056 6.658700751099672e-12
10200.056 1.6786373620199972e-12
10250.056 1.6471995049500334e-12
10300.056 3.2857750437298435e-12
10350.056 1.1095109244200629e-12
10400.056 2.645898604820078e-12
10450.056 3.718795473399873e-12
10500.056 4.774334288200075e-12
10550.056 6.2210125555000235e-12
10600.056 6.415697882299999e-12
10650.056 5.568336918099939e-12
10700.056 4.1493025202999375e-12
10750.056 3.353031049299938e-12
10800.056 2.7692188820000248e-12
10850.056 2.260789524299977e-12
10900.056 1.8596265155999553e-12
10950.056 1.2051097625499887e-12
11000.056 6.614382081899639e-13
11050.056 2.4567376664099146e-13
11100.056 5.5954886684309656e-14
11150.056 8.505941113534824e-15
11200.056 3.007187959996523e-15
11250.056 4.341675994616042e-15
11300.056 1.490028843885373e-14
11350.056 5.174684071824027e-15
11400.056 4.3239873120291227e-14
11450.056 1.6604078577609355e-14
11500.056 1.6805360855647695e-14
11550.056 7.760738819959573e-15
11600.056 4.10204760740776e-15
11650.056 2.5174144604076685e-14
11700.056 5.178426618030206e-14
11750.056 4.179608794912234e-14
11800.056 1.5188875620380003e-13
11850.056 1.5946923396300045e-13
11900.056 1.7844484217700157e-13
11950.056 1.8727453828499858e-13
12000.056 1.731795325480054e-13
12050.056 2.2023309532800308e-13
12100.056 2.1791598348200072e-13
12150.056 2.952225602460046e-13
12200.056 3.558214687519963e-13
12250.056 6.699751615810238e-13
12300.056 1.2330396959800506e-12
12350.056 1.6516724202500528e-12
12400.056 2.8532925423000617e-12
12450.056 5.080084243900138e-12
12500.056 6.749057804399909e-12
12550.056 7.404714273700147e-12
12600.056 1.151146245310037e-11
12650.056 1.8749393632200486e-11
12700.056 2.322333051699981e-11
12750.056 1.8951694202199957e-11
12800.056 1.429594589959961e-11
12850.056 8.212490079899645e-12
12900.056 4.890462685499904e-12
12950.056 3.854806259440021e-12
13000.056 4.350816719900275e-12
13050.056 2.5326022235548577e-12
13100.056 3.3437668491098363e-12
13150.056 1.4982581070701312e-12
13200.056 1.7406073453898384e-12
13250.056 2.027642741955274e-12
13300.056 5.655292444592903e-13
13350.056 3.5187241820890743e-13
13400.056 4.8525704778276373e-14
13450.056 3.2657349896596777e-15
13500.056 2.3491361375095067e-16
13550.056 6.7467363720532504e-18
13600.056 6.727809006404954e-19
13650.056 4.817721652097813e-18
13700.056 1.4946396492326912e-18
13750.056 5.416546540666022e-17
13800.056 8.738101668166076e-17
13850.056 9.029907298044193e-18
13900.056 6.295854965060709e-17
13950.056 2.810307915973053e-17
14000.056 2.1462269638583732e-16
14050.056 1.6094114941319482e-16
14100.056 1.4390386918894107e-16
14150.056 1.2431650979731776e-15
14200.056 9.821743679875623e-16
14250.056 2.0154052639375986e-15
14300.056 1.0295081454726444e-14
14350.056 6.8227135460028025e-15
14400.056 6.235522500213183e-15
14450.056 1.9465658693248143e-14
14500.056 6.815990977907391e-14
14550.056 1.7447042911761162e-13
14600.056 3.5691886023043345e-13
14650.056 6.373447900933851e-14
14700.056 1.7829789556499636e-14
14750.056 7.382321152556344e-15
14800.056 4.4245390018832264e-15
14850.056 4.36858473964956e-15
14900.056 2.6981083755494715e-15
14950.056 9.54795759220872e-16
15000.056 6.606235804133855e-15
15050.056 2.0839794386592364e-14
15100.056 4.236423924013274e-15
15150.056 7.862962372798514e-16
15200.056 8.905516005943882e-15
15250.056 2.3451851068557255e-14
15300.056 5.328342062078522e-14
15350.056 7.760486703595976e-14
15400.056 9.76496736615791e-14
15450.056 2.1534869496425526e-13
15500.056 4.969978001019975e-13
15550.056 1.6589397627803069e-12
15600.056 4.257299883209886e-12
15650.056 1.077633838620112e-11
15700.056 2.2061065761400774e-11
15750.056 3.04202386250005e-11
15800.056 4.05412909560004e-11
15850.056 5.3529161158001936e-11
15900.056 5.969448510199994e-11
15950.056 7.403856805400031e-11
16000.056 7.190618371599928e-11
16050.056 6.090463920899871e-11
16100.056 4.075740234200003e-11
16150.056 2.4523173677998294e-11
16200.056 8.523414979299692e-12
16250.056 3.3769100742699126e-12
16300.056 1.164243633093559e-12
16350.056 8.279346167118831e-13
16400.056 6.657776609572008e-13
16450.056 9.764402987706163e-13
16500.056 6.634619488350086e-13
16550.056 9.45580907197544e-13
16600.056 3.3628017984445135e-12
16650.056 1.281303313370206e-12
16700.056 4.657836642245256e-13
16750.056 1.2292324983050601e-12
16800.056 1.6130852013992055e-12
16850.056 1.5894593976641413e-12
16900.056 7.326263584951634e-13
16950.056 5.541469748189279e-13
17000.056 3.1029411954049986e-13
17050.056 4.940352262106828e-13
17100.056 1.0463340176529821e-12
17150.056 8.199948962952994e-13
17200.056 2.340762312616578e-12
17250.056 5.341926532858181e-13
17300.056 5.462469737175833e-13
17350.056 8.606619678700297e-13
17400.056 1.4924890288223502e-12
17450.056 1.7135954082480379e-12
17500.056 2.749516995590097e-12
17550.056 2.1634492006669002e-12
17600.056 2.298389244860101e-12
17650.056 1.206401803080487e-12
17700.056 1.042032806109927e-12
17750.056 6.084214549480097e-13
17800.056 8.61386444874657e-13
17850.056 3.873036172165744e-13
17900.056 2.3690758915553795e-13
17950.056 9.294242451538946e-14
18000.056 1.756236314192824e-13
18050.056 3.6273240324818574e-14
18100.056 3.141959249565196e-14
18150.056 1.4288569456362424e-14
18200.056 7.28951317467603e-15
18250.056 3.4463562100735273e-14
18300.056 1.3392072399416237e-15
18350.056 1.4783070010204426e-15
18400.056 3.1601024256460567e-16
18450.056 8.172101413996991e-15
18500.056 5.263055665670175e-15
18550.056 1.2945199772071979e-15
18600.056 5.924099794996415e-15
18650.056 5.0671629201078305e-15
18700.056 1.0634227179659464e-16
18750.056 2.1051298017368614e-16
18800.056 2.043959345668475e-14
18850.056 1.237399096902366e-14
18900.056 2.7379320397814374e-14
18950.056 2.8285866543619396e-14
19000.056 1.5137719632231766e-15
19050.056 7.2455667360117e-16
19100.056 5.271160078182021e-15
19150.056 2.0527316247744152e-15
19200.056 7.6575062957461e-15
19250.056 5.5556083340096e-15
19300.056 2.1962124978837475e-15
19350.056 3.490489579086693e-15
19400.056 1.6617016445966703e-15
19450.056 1.3568384704794758e-15
19500.056 1.5328977362686143e-15
19550.056 5.139736201095506e-15
19600.056 1.0970862624206076e-14
19650.056 9.053502345176372e-15
19700.056 1.7275862345782966e-14
19750.056 2.0053825890380652e-14
19800.056 1.0137317494280348e-14
19850.056 1.5557572964201862e-14
19900.056 3.198038597044783e-14
19950.056 3.0508094691721914e-14
20000.056 3.4457418717106954e-14
20050.056 2.7217980709642238e-14
20100.056 4.3797276564734716e-14
20150.056 3.180166277134315e-14
20200.056 2.126133700309912e-14
20250.056 4.9985479851418096e-14
20300.056 6.009723215353082e-14
20350.056 6.5948892587194e-14
20400.056 6.993400908500059e-14
20450.056 9.782815898301246e-14
20500.056 9.773610323900243e-14
20550.056 9.744448777699463e-14
20600.056 9.645886626800629e-14
20650.056 9.349740180099529e-14
20700.056 9.014375696199833e-14
20750.056 8.250357486099935e-14
20800.056 7.435853504899832e-14
20850.056 7.047873870599963e-14
20900.056 6.448546236799977e-14
20950.056 5.854447288399951e-14
21000.056 5.408394232899963e-14
21050.056 5.2815567963999827e-14
21100.056 5.19678945879999e-14
21150.056 5.370068430500034e-14
21200.056 5.6680370300000534e-14
21250.056 6.2034351838e-14
21300.056 6.763920625100094e-14
21350.056 7.400243701699905e-14
21400.056 8.526687571100254e-14
21450.056 8.643304731900204e-14
21500.056 8.689007922769984e-14
21550.056 9.0384511023399e-14
21600.056 8.940996616188722e-14
21650.056 8.596520456382409e-14
21700.056 8.644386681499595e-14
21750.056 8.147083736702975e-14
21800.056 6.273748277074233e-14
21850.056 5.594539987741994e-14
21900.056 4.1863934785053146e-14
21950.056 2.1327029976268685e-14
22000.056 2.226664705736194e-15
22050.056 3.3045713484876236e-15
22100.056 7.508581064277383e-15
22150.056 4.920462116558176e-15
22200.056 4.779272315145681e-15
22250.056 3.900800481890902e-15
22300.056 1.1318882557196126e-15
22350.056 3.747541575879194e-15
22400.056 1.3102876010728468e-15
22450.056 2.725645285428424e-15
22500.056 1.5617129779979982e-15
22550.056 5.183056211103988e-16
22600.056 3.623374329216399e-16
22650.056 2.5421059368571536e-16
22700.056 6.363754308812627e-16
22750.056 1.573644806443176e-15
22800.056 2.178388359790463e-15
22850.056 1.2360109114258225e-15
22900.056 1.0307781401928095e-15
22950.056 7.272896017142187e-16
23000.056 7.024097043090829e-16
23050.056 4.538612024181893e-16
23100.056 9.074451993831382e-15
23150.056 7.638985810380017e-15
23200.056 4.3395449537541093e-16
23250.056 3.0418797735868425e-15
23300.056 1.3756513342043527e-15
23350.056 2.6630357631973435e-15
23400.056 1.978769004642155e-15
23450.056 1.0355807110264161e-15
23500.056 8.477215212226635e-16
23550.056 2.4459837153105545e-15
23600.056 6.841263129513592e-15
23650.056 9.977295184312415e-15
23700.056 1.089879767386492e-15
23750.056 2.0674684127686264e-15
23800.056 1.235444385533725e-14
23850.056 4.582364545682308e-15
23900.056 1.1965591927011869e-14
23950.056 4.717675533047462e-15
24000.056 1.6585831637789042e-14
24050.056 1.736756580036823e-14
24100.056 2.728714256991287e-14
24150.056 4.036187101828092e-14
24200.056 3.2616876900001566e-14
24250.056 3.1779609653505847e-14
24300.056 6.148376016732718e-14
24350.056 5.349790320889629e-14
24400.056 1.2978514914450294e-13
24450.056 1.3796486664550407e-13
24500.056 1.3171182305839578e-13
24550.056 2.4241980829921247e-13
24600.056 3.57628753659975e-13
24650.056 4.3341220609303463e-13
24700.056 3.816616527312639e-13
24750.056 5.328247398472443e-13
24800.056 5.086567916070244e-13
24850.056 5.670732676759758e-13
24900.056 4.038476803632324e-13
24950.056 5.608316653143633e-13
25000.056 9.29180148989928e-13
25050.056 4.3474638139698937e-13
25100.056 6.748435318333428e-13
25150.056 3.1223829231719137e-13
25200.056 5.0669250313904e-13
25250.056 1.7006724226145355e-13
25300.056 1.2678471132278462e-13
25350.056 7.209987086899776e-14
25400.056 1.8172928810689838e-13
25450.056 3.860253903615558e-14
25500.056 3.097762270156067e-14
25550.056 1.1745311809894477e-13
25600.056 4.319185437328831e-14
25650.056 1.424466985578152e-14
25700.056 1.0693739881117302e-14
25750.056 5.0141496140117e-15
25800.056 1.653286670765798e-14
25850.056 4.130198468354515e-15
25900.056 5.379248106497946e-15
25950.056 2.4283190780383216e-15
26000.056 1.1456794400841377e-14
26050.056 3.051398717627611e-15
26100.056 7.687838206330372e-15
26150.056 4.537854337873083e-15
26200.056 5.261783415778818e-15
26250.056 1.8347021118641656e-14
26300.056 6.1828831609368286e-15
26350.056 3.991409085440525e-14
26400.056 9.74140771239249e-14
26450.056 3.970275748222483e-14
26500.056 1.0512790368208802e-13
26550.056 1.749839949499929e-14
26600.056 1.4067938672805231e-14
26650.056 4.892000434321444e-15
26700.056 5.19278501247395e-15
26750.056 7.019216914719009e-15
26800.056 1.7413056620163367e-14
26850.056 1.3977603837564089e-14
26900.056 3.746503048579881e-14
26950.056 1.1973062225472149e-14
27000.056 4.154735107808126e-14
27050.056 7.701449226979616e-14
27100.056 9.506832784118915e-15
27150.056 5.840766096839871e-14
27200.056 1.0133273245390131e-14
27250.056 2.1781968699255317e-14
27300.056 1.725319761439998e-13
27350.056 5.3658153216194166e-14
27400.056 9.790314362919041e-15
27450.056 8.020302365171144e-14
27500.056 1.0221929560978679e-13
27550.056 2.780946094643677e-14
27600.056 6.890894944810319e-14
27650.056 2.6121332209612122e-14
27700.056 3.206262581721755e-14
27750.056 1.1790318789800701e-13
27800.056 5.376342266620272e-14
27850.056 9.930620832219377e-14
27900.056 1.5165351561643683e-13
27950.056 1.9449418592899222e-13
28000.056 2.8362177956669435e-13
28050.056 3.5773824201110433e-14
28100.056 3.7549000517795207e-13
28150.056 2.73649102091291e-13
28200.056 5.824866281706337e-14
28250.056 5.146970598400886e-13
28300.056 4.590167603655893e-13
28350.056 5.93045051055649e-14
28400.056 3.247238835378393e-13
28450.056 4.2535368144205954e-13
28500.056 1.540331557363429e-13
28550.056 6.900583519410456e-14
28600.056 5.514322675535266e-13
28650.056 1.190264914419418e-13
28700.056 4.911831268254889e-13
28750.056 8.91626307830351e-13
28800.056 1.3014616327192775e-13
28850.056 1.4266190743651923e-12
