galfind/configs/Brown_Dwarf_templates/sonora_bobcat/m0.0/1000g/co0.5/sp_t550g1000nc_m+0.0_co0.5_resample.dat
# %ECSV 1.0
# ---
# datatype:
# - {name: wav, unit: Angstrom, datatype: float64}
# - {name: flux_nu, unit: erg / (cm2 Hz s), datatype: float64}
# meta: {C/O: '0.50', Kzz: '1.0000E+05', Teff: '550.', Y: '0.28', '[Fe/H]': '0.00', f_hole: '1.00', f_rain: '0.00', grav: '1000.'}
# schema: astropy-2.0
wav flux_nu
4000.0559999999996 nan
4050.0559999999996 7.210285470291551e-17
4100.056 1.1035914552940244e-14
4150.056 1.4708720221900174e-13
4200.056 1.565832067653811e-13
4250.056 1.8546441718100174e-12
4300.056 4.549078912300013e-12
4350.056 8.207671894600034e-12
4400.056 1.325045340000005e-11
4450.056 2.0099306756000064e-11
4500.056 2.7526032724000043e-11
4550.056 2.6567946712299835e-11
4600.056 5.12589235649997e-12
4650.056 2.1339823433999803e-12
4700.056 6.765649762499915e-13
4750.056 1.5503837272999818e-13
4800.056 5.629898389099958e-14
4850.056 2.5772320107999825e-14
4900.056 1.481267436499993e-14
4950.056 9.483367467999956e-15
5000.056 5.605424407299969e-15
5050.056 3.7847748443999996e-15
5100.056 3.802738460700009e-15
5150.056 4.018885490100002e-15
5200.056 4.262659293600002e-15
5250.056 4.548821043800003e-15
5300.056 4.8755674113e-15
5350.056 5.272472594600006e-15
5400.056 5.761585625000006e-15
5450.056 6.262541872000006e-15
5500.056 6.777602976700006e-15
5550.056 7.288801962900008e-15
5600.056 7.791901046700005e-15
5650.056 8.233787204300003e-15
5700.056 8.479658358800004e-15
5750.056 8.20500974889999e-15
5800.056 7.18823908189998e-15
5850.056 5.0053664567999465e-15
5900.056 1.6555033932912596e-15
5950.056 1.0035125704500156e-14
6000.056 2.1400043016000135e-14
6050.056 3.7518595397000285e-14
6100.056 5.931885960000039e-14
6150.056 8.94025313650005e-14
6200.056 1.3163909298000063e-13
6250.056 1.8967674430000078e-13
6300.056 2.6923046383000113e-13
6350.056 3.764674925200016e-13
6400.056 5.210210867500025e-13
6450.056 6.891466988400001e-13
6500.056 9.40233844580007e-13
6550.056 1.2901344390999957e-12
6600.056 1.7612162716000186e-12
6650.056 2.4057578713000147e-12
6700.056 3.060660606400017e-12
6750.056 4.163157896100016e-12
6800.056 4.973328958200014e-12
6850.056 5.107182489899993e-12
6900.056 4.2984225668000015e-12
6950.056 3.4914062858000023e-12
7000.056 3.5326273545999774e-12
7050.056 3.7051839096999896e-12
7100.056 4.046507618999989e-12
7150.056 3.739050393899948e-12
7200.056 3.4756750926899933e-12
7250.056 3.650371275599871e-12
7300.056 3.6145725435201416e-12
7350.056 3.926773607379992e-12
7400.056 4.2281562002000556e-12
7450.056 4.632830144600075e-12
7500.056 4.908603337300004e-12
7550.056 5.016260752700003e-12
7600.056 4.946903795599994e-12
7650.056 2.3224552401659367e-12
7700.056 2.051137077880055e-12
7750.056 5.524108576000058e-12
7800.056 7.389873347300038e-12
7850.056 1.0336244001599989e-11
7900.056 1.3252236772500033e-11
7950.056 1.503061936120008e-11
8000.056 2.058964610200012e-11
8050.056 2.5238839087000162e-11
8100.056 2.6203887593199573e-11
8150.056 2.754718718290048e-11
8200.056 4.074075736200104e-11
8250.056 4.7140465463499756e-11
8300.056 5.829798927230109e-11
8350.056 7.225428952599993e-11
8400.056 9.061305307000023e-11
8450.056 1.1753110547500019e-10
8500.056 1.390570557699986e-10
8550.056 1.7649726886000333e-10
8600.056 2.188523943600016e-10
8650.056 2.625621627100019e-10
8700.056 3.094356455100025e-10
8750.056 3.6521285337000273e-10
8800.056 4.247442173800021e-10
8850.056 4.768510531000001e-10
8900.056 4.1569744128999085e-10
8950.056 3.5461350677299116e-10
9000.056 4.3945233760097863e-10
9050.056 7.250205383230113e-10
9100.056 7.921882466454246e-10
9150.056 8.535206522190112e-10
9200.056 1.0444204712010253e-09
9250.056 9.877444776439742e-10
9300.056 1.6473942017673238e-10
9350.056 2.615092610425016e-10
9400.056 7.328509489003007e-10
9450.056 6.239198422116775e-10
9500.056 5.780027481198064e-10
9550.056 6.199550530237713e-10
9600.056 7.111047550053655e-10
9650.056 1.032795560562656e-09
9700.056 1.869326538353904e-09
9750.056 1.9795028322452337e-09
9800.056 2.4476770818789546e-09
9850.056 3.0330879338299443e-09
9900.056 3.93790182810012e-09
9950.056 4.66800143950009e-09
10000.056 4.1833474735750065e-09
10050.056 6.012487152300023e-09
10100.056 6.471069016600041e-09
10150.056 6.446971595200014e-09
10200.056 6.066034998300188e-09
10250.056 7.120082788200087e-09
10300.056 8.679552480499666e-09
10350.056 7.914066722500246e-09
10400.056 9.711884213200081e-09
10450.056 1.1035308746999433e-08
10500.056 1.224712155169989e-08
10550.056 1.3660513323000059e-08
10600.056 1.4481256232000049e-08
10650.056 1.502727131000006e-08
10700.056 1.4918417499000025e-08
10750.056 1.5287123954100006e-08
10800.056 1.5281695433400087e-08
10850.056 1.4768156020200065e-08
10900.056 1.2587947999799741e-08
10950.056 7.70276642669998e-09
11000.056 4.781895599189539e-09
11050.056 2.4956424725419015e-09
11100.056 1.2825880882804257e-09
11150.056 6.285605057579432e-10
11200.056 6.580809978222476e-10
11250.056 1.0804075895744396e-09
11300.056 1.1753229950608237e-09
11350.056 4.689404580874793e-10
11400.056 1.971867971848181e-09
11450.056 1.0311538372463634e-09
11500.056 1.2978946314359557e-09
11550.056 6.028279685513128e-10
11600.056 4.810633734790992e-10
11650.056 9.551495290957972e-10
11700.056 1.1990341003972634e-09
11750.056 8.201199573967424e-10
11800.056 2.236359734363936e-09
11850.056 3.2565065084098693e-09
11900.056 3.901244614559875e-09
11950.056 5.061990578960289e-09
12000.056 6.2666450923103125e-09
12050.056 7.959301853000066e-09
12100.056 9.007828810999658e-09
12150.056 1.1029224372599772e-08
12200.056 1.2312026276900142e-08
12250.056 1.491650972259942e-08
12300.056 1.8926888537900523e-08
12350.056 2.0961348564899987e-08
12400.056 2.575643687899981e-08
12450.056 3.076211117900026e-08
12500.056 3.410008516100092e-08
12550.056 3.841209818399999e-08
12600.056 4.2721003925000524e-08
12650.056 4.56784474659999e-08
12700.056 4.626587955800001e-08
12750.056 3.938839956600036e-08
12800.056 3.342109026799959e-08
12850.056 2.4372774832099508e-08
12900.056 2.0298783186400184e-08
12950.056 1.7502264419800624e-08
13000.056 1.915514350980152e-08
13050.056 1.4986020354370242e-08
13100.056 1.5864071597408697e-08
13150.056 1.1044859026620004e-08
13200.056 1.1449060644841352e-08
13250.056 8.122974981049212e-09
13300.056 3.5849592570294455e-09
13350.056 1.083774678316978e-09
13400.056 2.337648278217799e-10
13450.056 8.236372347758308e-11
13500.056 3.455368753918449e-11
13550.056 1.1961122630371634e-11
13600.056 5.35302697868764e-12
13650.056 2.5101221677255474e-11
13700.056 1.4457039597615606e-11
13750.056 5.348458478819756e-11
13800.056 6.237950315443732e-11
13850.056 2.3986369022395802e-11
13900.056 3.287784386799308e-11
13950.056 3.442647520909541e-11
14000.056 4.3300072603573645e-11
14050.056 5.89373208952415e-11
14100.056 4.254512458220162e-11
14150.056 8.07067076760215e-11
14200.056 5.245705130788314e-11
14250.056 6.635700411391553e-11
14300.056 2.134585311517178e-10
14350.056 1.573949770634003e-10
14400.056 1.5426781011233378e-10
14450.056 2.8457026994454524e-10
14500.056 5.759689778134958e-10
14550.056 5.760790358794267e-10
14600.056 9.68167722630264e-10
14650.056 5.434671238133986e-10
14700.056 2.624304995268679e-10
14750.056 1.982234210760217e-10
14800.056 2.5276615718883755e-10
14850.056 2.7715065236507586e-10
14900.056 2.865302993227649e-10
14950.056 2.757841053189386e-10
15000.056 6.199019441393777e-10
15050.056 6.431866103544968e-10
15100.056 3.9992088806207964e-10
15150.056 2.413777421476888e-10
15200.056 5.635122463575769e-10
15250.056 1.0989294055564448e-09
15300.056 1.3786715441719613e-09
15350.056 1.7508904276549394e-09
15400.056 2.2600421927058137e-09
15450.056 2.945743468159345e-09
15500.056 3.6766632476644942e-09
15550.056 5.428508706000726e-09
15600.056 7.725585700999521e-09
15650.056 1.107157739900083e-08
15700.056 1.538064974800019e-08
15750.056 1.8123687327300433e-08
15800.056 2.105161215199985e-08
15850.056 2.4288984971000754e-08
15900.056 2.5419917893000167e-08
15950.056 2.6903092582999866e-08
16000.056 2.5147036582000227e-08
16050.056 2.0412364466999705e-08
16100.056 1.5620815875799776e-08
16150.056 1.0847293646199318e-08
16200.056 6.525651079840297e-09
16250.056 4.9707460263788e-09
16300.056 3.6654331244207697e-09
16350.056 4.232296997321633e-09
16400.056 4.616796070254223e-09
16450.056 5.033277348177288e-09
16500.056 5.011890208228684e-09
16550.056 4.943862796287555e-09
16600.056 6.5850897257486795e-09
16650.056 3.983709458354352e-09
16700.056 1.450095539107484e-09
16750.056 3.3578824558632464e-09
16800.056 4.554395306793135e-09
16850.056 4.57684598346885e-09
16900.056 3.304286195829935e-09
16950.056 2.6025567924911356e-09
17000.056 1.9963376337832716e-09
17050.056 3.0124578433701688e-09
17100.056 3.850698541278159e-09
17150.056 3.071680852028136e-09
17200.056 5.314919958850131e-09
17250.056 3.6371196433149863e-09
17300.056 3.185665908151771e-09
17350.056 3.1151809305858724e-09
17400.056 3.6654381923970322e-09
17450.056 3.794979575067233e-09
17500.056 4.126002482550722e-09
17550.056 3.2832832829123412e-09
17600.056 2.9946891875663966e-09
17650.056 2.4291530792643685e-09
17700.056 1.902796371484765e-09
17750.056 1.3740554284432897e-09
17800.056 1.915376075954814e-09
17850.056 1.0688266073332507e-09
17900.056 1.0652997051447825e-09
17950.056 6.24981380924192e-10
18000.056 9.475394622171481e-10
18050.056 4.366562016160139e-10
18100.056 5.194544013280927e-10
18150.056 5.09468878223991e-10
18200.056 3.036361255808149e-10
18250.056 9.299089405892726e-10
18300.056 2.349752726055843e-10
18350.056 2.0961856208642335e-10
18400.056 1.4841885090267768e-10
18450.056 5.425854752659112e-10
18500.056 4.975765590744362e-10
18550.056 2.8071070693234576e-10
18600.056 3.287439504263154e-10
18650.056 2.1021710488566854e-10
18700.056 7.404951818451803e-11
18750.056 1.6515389628191214e-10
18800.056 7.837341147349404e-10
18850.056 7.233537886042992e-10
18900.056 6.134402615610294e-10
18950.056 1.0678944707117945e-09
19000.056 3.5252098499528226e-10
19050.056 1.6763759862444482e-10
19100.056 3.9270929812155375e-10
19150.056 1.7510111981362853e-10
19200.056 2.7814203516800524e-10
19250.056 1.864091858217521e-10
19300.056 1.3163932786376622e-10
19350.056 1.21723263440181e-10
19400.056 9.540942789652518e-11
19450.056 1.5546995884293002e-10
19500.056 1.412484685849736e-10
19550.056 1.9425280819728828e-10
19600.056 3.4171096661745006e-10
19650.056 2.8524944956479335e-10
19700.056 3.7458033164461495e-10
19750.056 5.391098389261201e-10
19800.056 3.79815117086991e-10
19850.056 4.888177544290572e-10
19900.056 6.111136144359758e-10
19950.056 8.638591201323623e-10
20000.056 9.866030097282493e-10
20050.056 8.359706471562922e-10
20100.056 1.3656121557909675e-09
20150.056 8.831779603334613e-10
20200.056 6.666237092503854e-10
20250.056 1.1688890639828821e-09
20300.056 1.3090995902629855e-09
20350.056 1.3552384456372188e-09
20400.056 1.264101792497903e-09
20450.056 2.0505838415185095e-09
20500.056 2.2928183405997763e-09
20550.056 2.5041828845301302e-09
20600.056 2.7049330352102843e-09
20650.056 3.15596474213988e-09
20700.056 3.4409767114400394e-09
20750.056 3.670067076799881e-09
20800.056 3.6788443413996053e-09
20850.056 4.0832978236000716e-09
20900.056 4.227038142299882e-09
20950.056 4.195323971200111e-09
21000.056 4.188889524600019e-09
21050.056 4.361279911599925e-09
21100.056 4.32326621400002e-09
21150.056 4.334676249899871e-09
21200.056 4.245980670600096e-09
21250.056 4.19659716029984e-09
21300.056 3.978591247900009e-09
21350.056 3.869059275579893e-09
21400.056 3.876432610700261e-09
21450.056 3.4851517565200843e-09
21500.056 3.2355595404051026e-09
21550.056 2.9646678509399324e-09
21600.056 2.7343352913860377e-09
21650.056 2.2150584337758374e-09
21700.056 2.1773096888298437e-09
21750.056 1.8029468242826114e-09
21800.056 1.3554252899368339e-09
21850.056 1.2550499757933244e-09
21900.056 9.90402817643596e-10
21950.056 6.110713335040909e-10
22000.056 2.005051034087394e-10
22050.056 2.529688195732499e-10
22100.056 6.043113409114576e-10
22150.056 4.675863189288738e-10
22200.056 5.026035437727299e-10
22250.056 4.52122905761068e-10
22300.056 2.6987623534703073e-10
22350.056 3.790012015951855e-10
22400.056 1.5741731286326154e-10
22450.056 2.5879797957119337e-10
22500.056 1.9557714357649833e-10
22550.056 1.32792802650704e-10
22600.056 1.0746955204008414e-10
22650.056 1.4920309859900801e-10
22700.056 1.4924299473201506e-10
22750.056 2.0393011945035177e-10
22800.056 2.2203718544308373e-10
22850.056 1.6355604492936186e-10
22900.056 1.4812172007357517e-10
22950.056 1.4450928952043474e-10
23000.056 1.5814354203274314e-10
23050.056 2.0594112234929454e-10
23100.056 6.17297422507734e-10
23150.056 4.061751120948353e-10
23200.056 5.596237766114101e-11
23250.056 1.7109239393758612e-10
23300.056 1.356223751618246e-10
23350.056 1.8102131378015528e-10
23400.056 1.3878932620631384e-10
23450.056 1.2291760860956484e-10
23500.056 1.3459872426656947e-10
23550.056 2.443163986675436e-10
23600.056 3.685393188783256e-10
23650.056 4.660321091823265e-10
23700.056 1.2143147018064712e-10
23750.056 1.4451854021791853e-10
23800.056 4.623388698101572e-10
23850.056 3.1019733597461836e-10
23900.056 5.85246463631999e-10
23950.056 3.8163707811488636e-10
24000.056 7.313460346624144e-10
24050.056 7.269629044083789e-10
24100.056 7.111088218672948e-10
24150.056 9.994817946129872e-10
24200.056 7.209186859228249e-10
24250.056 7.875167347699599e-10
24300.056 1.1554896282918895e-09
24350.056 8.819756075297637e-10
24400.056 1.6293046806258944e-09
24450.056 1.4688555488957005e-09
24500.056 1.3353029443397423e-09
24550.056 1.909417582472698e-09
24600.056 2.033174974781747e-09
24650.056 2.56113097751059e-09
24700.056 1.6706659027212415e-09
24750.056 1.8038449856514012e-09
24800.056 1.5863314974170856e-09
24850.056 2.5567465170053912e-09
24900.056 9.712127989233567e-10
24950.056 2.0014442379442654e-09
25000.056 1.8554492015134518e-09
25050.056 9.584934024560416e-10
25100.056 1.6586325654422027e-09
25150.056 8.17614948701593e-10
25200.056 1.1258609760841645e-09
25250.056 4.0004704587136865e-10
25300.056 6.341418667644445e-10
25350.056 2.6730754868159123e-10
25400.056 7.310752599469822e-10
25450.056 2.3267829098745316e-10
25500.056 2.07330970039471e-10
25550.056 4.836537921291806e-10
25600.056 3.385860895062155e-10
25650.056 1.150691660637131e-10
25700.056 1.644973200064932e-10
25750.056 4.294842082540872e-11
25800.056 2.5025756416929206e-10
25850.056 5.000775374459662e-11
25900.056 8.721215896365591e-11
25950.056 1.7498547356434122e-11
26000.056 2.4913734623943806e-10
26050.056 3.088606690506151e-11
26100.056 1.7661512894899204e-10
26150.056 7.338579703991799e-11
26200.056 9.057999649810212e-11
26250.056 6.085133440090127e-10
26300.056 1.3115452494408652e-10
26350.056 1.0371627496461022e-09
26400.056 1.266389796198028e-09
26450.056 7.507105014036995e-10
26500.056 1.6220923635976638e-09
26550.056 2.1111923788187502e-10
26600.056 2.517448030606497e-10
26650.056 3.706631909673862e-11
26700.056 2.283525430090226e-11
26750.056 2.7510625128986528e-11
26800.056 8.418433698226482e-11
26850.056 4.51096606476184e-11
26900.056 2.3221381646326418e-10
26950.056 7.961841427448062e-11
27000.056 4.473742086271463e-10
27050.056 5.029480328972659e-10
27100.056 6.891114743886018e-11
27150.056 6.727777839565676e-10
27200.056 6.6816919072966e-11
27250.056 2.2310478423809725e-10
27300.056 1.535521041706976e-09
27350.056 5.104146471318616e-10
27400.056 2.918705299587452e-11
27450.056 6.482878493284643e-10
27500.056 8.452611205259484e-10
27550.056 1.1557021247578267e-10
27600.056 3.5261037209879346e-10
27650.056 9.015672878240711e-11
27700.056 7.763099669417947e-11
27750.056 5.254058969829283e-10
27800.056 1.56624160186237e-10
27850.056 2.5166488605301347e-10
27900.056 2.8283847355195546e-10
27950.056 6.937382542677362e-10
28000.056 5.647772616084242e-10
28050.056 7.496783301537351e-11
28100.056 6.46803534763229e-10
28150.056 4.3278913423342333e-10
28200.056 1.2427690486175462e-10
28250.056 8.764870517058158e-10
28300.056 8.390929153662219e-10
28350.056 1.5615191671285778e-10
28400.056 5.951344169109952e-10
28450.056 1.0636718487235493e-09
28500.056 6.311558401013704e-10
28550.056 1.2881443540376126e-10
28600.056 1.0671625477549824e-09
28650.056 6.769341953873055e-10
28700.056 9.3068882721328e-10
28750.056 1.6114860159261583e-09
28800.056 7.385222379278129e-10
28850.056 1.4383993891203301e-09
