galfind/configs/Brown_Dwarf_templates/sonora_bobcat/m0.0/1000g/co0.5/sp_t450g1000nc_m+0.0_co0.5_resample.dat
# %ECSV 1.0
# ---
# datatype:
# - {name: wav, unit: Angstrom, datatype: float64}
# - {name: flux_nu, unit: erg / (cm2 Hz s), datatype: float64}
# meta: {C/O: '0.50', Kzz: '1.0000E+05', Teff: '450.', Y: '0.28', '[Fe/H]': '0.00', f_hole: '1.00', f_rain: '0.00', grav: '1000.'}
# schema: astropy-2.0
wav flux_nu
[from data line 499]
28950.056 1.782320795924246e-10
29000.056 1.2825005586650882e-10
29050.056 2.1667818861537004e-10
29100.056 8.957983327276377e-11
29150.056 1.616303465113782e-10
29200.056 3.2782031015311077e-10
29250.056 3.210939668108703e-10
29300.056 1.9520447727673687e-10
29350.056 5.493263504766995e-10
29400.056 2.0130081101143226e-10
29450.056 1.183648480874769e-10
29500.056 5.492269038110254e-10
29550.056 1.7976918562399818e-10
29600.056 2.3822663722079395e-10
29650.056 8.480609824083861e-10
29700.056 1.4441461489638415e-10
29750.056 5.206131512783346e-10
29800.056 3.4769221126162123e-10
29850.056 7.66143244060331e-10
29900.056 3.411735379360866e-10
29950.056 3.542705090780994e-10
30000.056 6.7124377102940805e-12
30050.056 4.8623924918947486e-11
30100.056 1.9453854348351243e-10
30150.056 7.018074400100457e-10
30200.056 4.627151718534999e-10
30250.056 8.877393930089027e-10
30300.056 1.0370132960782314e-09
30350.056 2.3844054912303053e-10
30400.056 1.1925125341009368e-09
30450.056 8.104737905115457e-10
30500.056 5.023929819119562e-10
30550.056 3.8377281615520693e-10
30600.056 3.3027556843549827e-09
30650.056 1.2814248183009202e-09
30700.056 7.42988760348645e-10
30750.056 1.4699641245796725e-09
30800.056 1.383294750320404e-09
30850.056 1.59147308425581e-09
30900.056 8.515675361903928e-10
30950.056 6.456479166301956e-10
31000.056 8.88671431922444e-10
31050.056 6.761523545651826e-10
31100.056 3.6315359966836395e-10
31150.056 7.618868182247667e-10
31200.056 2.3446032424498185e-09
31250.056 1.0063121915573634e-09
31300.056 6.486299820091096e-10
31350.056 1.7282387930019187e-09
31400.056 1.1541971044779982e-09
31450.056 1.2279838490875188e-09
31500.056 4.1586861984883986e-10
31550.056 9.294315894954764e-10
31600.056 6.572290631856365e-10
31650.056 5.237289320280966e-10
31700.056 4.782534120011616e-10
31750.056 2.6262052292579067e-10
31800.056 5.863518894940746e-10
31850.056 1.2213386355568203e-10
31900.056 2.8754786530774097e-10
31950.056 1.5605939703503468e-10
32000.056 1.1547041824274317e-10
32050.056 1.54297625900982e-10
32100.056 1.238692441990371e-10
32150.056 1.440360263242452e-10
32200.056 7.783100290509255e-11
32250.056 1.7246376529521762e-10
32300.056 5.876808861940943e-11
32350.056 2.2358554339012032e-10
32400.056 3.763186519487213e-11
32450.056 1.5652362959794567e-10
32500.056 4.6380631152067787e-11
32550.056 1.8026666079800657e-10
32600.056 5.552208608860476e-11
32650.056 2.9175210228396127e-10
32700.056 7.761197400407078e-11
32750.056 6.503853380812169e-10
32800.056 4.138373612014998e-10
32850.056 1.215872555913267e-09
32900.056 1.0750225827280201e-09
32950.056 9.968031534648072e-10
33000.056 2.937332948458915e-10
33050.056 4.438036127370472e-10
33100.056 8.905215764573496e-11
33150.056 4.9762407760303664e-14
33200.056 2.5771553393930857e-12
33250.056 5.363324850228885e-12
33300.056 5.32497721142153e-11
33350.056 1.657757847393846e-10
33400.056 4.772956772195071e-10
33450.056 2.5482557896198356e-10
33500.056 1.0258295732802454e-09
33550.056 2.2000582942207355e-10
33600.056 4.89177205905598e-10
33650.056 5.437595555449338e-10
33700.056 1.574999740991939e-10
33750.056 7.252756400578014e-10
33800.056 6.477350634414566e-11
33850.056 3.37196163673158e-10
33900.056 3.5138696629436316e-10
33950.056 2.9407738029601195e-10
34000.056 6.61838613203926e-10
34050.056 1.0165517481948144e-10
34100.056 5.574583768656566e-10
34150.056 1.909034326651352e-10
34200.056 6.160374657096752e-10
34250.056 3.940848471601149e-10
34300.056 3.505193524882921e-10
34350.056 9.686609259607626e-10
34400.056 2.3191635369916952e-10
34450.056 9.672277533913666e-10
34500.056 4.892363999508967e-10
34550.056 3.9307778464322166e-10
34600.056 1.8407023796640604e-09
34650.056 2.2107436183178793e-10
34700.056 1.3406856489829267e-09
34750.056 7.189369658384547e-10
34800.056 5.072244836087387e-10
34850.056 2.06531886835428e-09
34900.056 3.857627741861966e-10
34950.056 1.9556135061298334e-09
35000.056 2.7740200113472602e-09
35050.056 1.340273965099173e-09
35100.056 3.778778946618918e-09
35150.056 2.9917951325595813e-09
35200.056 2.4467264839530477e-09
35250.056 4.615650304539169e-09
35300.056 1.1890758209995047e-09
35350.056 2.106034607477181e-09
35400.056 1.6139289592837862e-09
35450.056 1.2411646887916394e-09
35500.056 4.667528159796634e-09
35550.056 2.5656705034768635e-09
35600.056 3.7239572288479644e-09
35650.056 4.07314829185689e-09
35700.056 3.7515704043424184e-09
35750.056 6.717742160508191e-09
35800.056 3.98774628967948e-09
35850.056 2.150983590802738e-09
35900.056 3.5392550706617166e-09
35950.056 5.011157738691399e-09
36000.056 5.264639946870937e-09
36050.056 4.048717980112712e-09
36100.056 3.50420596823126e-09
36150.056 8.401542781389632e-09
36200.056 8.951140150941065e-09
36250.056 5.380009905815045e-09
36300.056 1.2149068264519274e-08
36350.056 8.419354608460873e-09
36400.056 1.1722032472137519e-08
36450.056 8.60294507347065e-09
36500.056 9.98285714873717e-09
36550.056 1.6597852449500566e-08
36600.056 1.919822577839698e-08
36650.056 1.1025229123133439e-08
36700.056 1.2069671616962777e-08
36750.056 1.8213454956302968e-08
36800.056 1.9996711009598102e-08
36850.056 1.1705544052007617e-08
36900.056 1.5080022122825025e-08
36950.056 2.0672731798095813e-08
37000.056 1.537013932185901e-08
37050.056 2.096765523771849e-08
37100.056 1.1137654265382145e-08
37150.056 1.61347295864707e-08
37200.056 2.7068507701997885e-08
37250.056 1.3958068307686694e-08
37300.056 1.0681164835719521e-08
37350.056 1.9535714466924125e-08
37400.056 2.6732768267898463e-08
37450.056 1.306620480875086e-08
37500.056 1.5549590731949028e-08
37550.056 3.0949773562306296e-08
37600.056 4.191134230100202e-08
37650.056 1.4014256585531578e-08
37700.056 2.5301774552002545e-08
37750.056 1.915546006435161e-08
37800.056 2.155102641990321e-08
37850.056 1.2826692444599842e-08
37900.056 1.534447988279973e-08
37950.056 2.2713203706900354e-08
38000.056 1.9829840128569104e-08
38050.056 2.6168943712503756e-08
38100.056 3.620874336000016e-08
38150.056 3.913398678599743e-08
38200.056 2.7382617537249994e-08
38250.056 3.2518801325603847e-08
38300.056 4.9550650709991896e-08
38350.056 4.5218900322008605e-08
38400.056 2.392216682098991e-08
38450.056 1.213598244689654e-08
38500.056 1.1904717870942454e-08
38550.056 2.9734157154003498e-08
38600.056 2.992238945499589e-08
38650.056 2.980591582519703e-08
38700.056 3.1661992096297105e-08
38750.056 2.5488393776999577e-08
38800.056 2.9216355679000023e-08
38850.056 3.1128705939000564e-08
38900.056 3.610807138385633e-08
38950.056 2.759408843070242e-08
39000.056 3.211470311329305e-08
39050.056 2.7621538940611555e-08
39100.056 3.1032925831896154e-08
39150.056 4.7134026411997426e-08
39200.056 3.3891140648998895e-08
39250.056 4.23266063978018e-08
39300.056 3.493838661109976e-08
39350.056 5.0056422423000105e-08
39400.056 3.383886403249718e-08
39450.056 4.9088514851602274e-08
39500.056 5.1430656655998095e-08
39550.056 2.622716643119875e-08
39600.056 4.172458496600479e-08
39650.056 5.863044609899863e-08
39700.056 5.315128868500464e-08
39750.056 2.818919476850423e-08
39800.056 3.090191341615186e-08
39850.056 5.987431922000224e-08
39900.056 6.510584015100352e-08
39950.056 3.49374366849989e-08
40000.056 4.898584878999753e-08
40050.056 5.7153109672998184e-08
40100.056 2.387928288916368e-08
40150.056 4.965457897800187e-08
40200.056 5.2553758920995544e-08
40250.056 5.8248187754993146e-08
40300.056 6.134758244300576e-08
40350.056 3.762899030109247e-08
40400.056 4.959946675207672e-08
40450.056 2.7366735119295738e-08
40500.056 5.126545049599879e-08
40550.056 6.586323952799225e-08
40600.056 5.919964964599937e-08
40650.056 4.732939264129587e-08
40700.056 7.379496233799733e-08
40750.056 5.513140432099449e-08
40800.056 4.0410045264993987e-08
40850.056 7.651137504600765e-08
40900.056 7.337744452999336e-08
40950.056 6.146877477300462e-08
41000.056 4.7597144391196944e-08
41050.056 8.095792607099825e-08
41100.056 7.859874935699477e-08
41150.056 3.8965278234998976e-08
41200.056 7.749986960300647e-08
41250.056 7.53132489292913e-08
41300.056 7.51493784020049e-08
41350.056 9.248006265999902e-08
41400.056 7.208651044900064e-08
41450.056 9.737601971299955e-08
41500.056 6.81335055887883e-08
41550.056 6.111902222601058e-08
41600.056 5.847469805840077e-08
41650.056 8.193147677000789e-08
41700.056 9.911886611299261e-08
41750.056 8.081732895299661e-08
41800.056 7.902762146900333e-08
41850.056 7.097548274699563e-08
41900.056 6.946107986998569e-08
41950.056 6.995394639199725e-08
42000.056 3.8988171411679456e-08
42050.056 4.4380169143606755e-08
42100.056 5.559769233599489e-08
42150.056 5.4626877789297673e-08
42200.056 6.014707020299604e-08
42250.056 6.087532234700739e-08
42300.056 5.853970292499746e-08
42350.056 7.427808356300137e-08
42400.056 8.282124185500325e-08
42450.056 7.401128689600615e-08
42500.056 7.835490998799797e-08
42550.056 6.96471304579973e-08
42600.056 8.009145318301477e-08
42650.056 1.0245778206299137e-07
42700.056 6.438767235498821e-08
42750.056 6.321749927600944e-08
42800.056 8.885987162500117e-08
42850.056 9.683017965298878e-08
42900.056 9.698148070800597e-08
42950.056 8.087663162099903e-08
43000.056 9.205445834399814e-08
43050.056 4.9482731089005366e-08
43100.056 8.699200664499916e-08
43150.056 7.136062896000084e-08
43200.056 8.294923646200421e-08
43250.056 1.2164107244000333e-07
43300.056 1.0970653535299852e-07
43350.056 5.617738105999597e-08
43400.056 8.923461282100467e-08
43450.056 6.39036948730054e-08
43500.056 6.463662459500276e-08
43550.056 6.934468006600365e-08
43600.056 1.0041366874900183e-07
43650.056 5.509999343899637e-08
43700.056 1.0471839699701439e-07
43750.056 1.062748552639959e-07
43800.056 9.101997474499555e-08
43850.056 8.39347699330107e-08
43900.056 6.850831425599589e-08
43950.056 5.1040257311995565e-08
44000.056 4.542461323899926e-08
44050.056 9.962946090100771e-08
44100.056 1.3318958610400307e-07
44150.056 1.237710651459954e-07
44200.056 1.174868646520021e-07
44250.056 6.420399689399602e-08
44300.056 4.46702344900027e-08
44350.056 5.1941850383304406e-08
44400.056 5.356467554199852e-08
44450.056 8.827494477200765e-08
44500.056 7.40951352140064e-08
44550.056 1.0872840210900013e-07
44600.056 8.586344023740195e-08
44650.056 8.835070315899465e-08
44700.056 5.98181248729925e-08
44750.056 8.008885064000973e-08
44800.056 5.787467029340303e-08
44850.056 8.862982059600374e-08
44900.056 7.342287460499715e-08
44950.056 8.398320512400668e-08
45000.056 9.903591324499981e-08
45050.056 9.05305019889932e-08
45100.056 8.257808521200588e-08
45150.056 7.566519922099644e-08
45200.056 5.1036864917502805e-08
45250.056 6.140471603499269e-08
45300.056 6.094817386900586e-08
45350.056 4.427140722900533e-08
45400.056 1.1525818463200664e-07
45450.056 9.954821544400932e-08
45500.056 1.1400227350100582e-07
45550.056 1.260097406289853e-07
45600.056 1.116642298830046e-07
45650.056 9.50900047789934e-08
45700.056 5.4413386999196384e-08
45750.056 4.6898900285003727e-08
45800.056 1.1716728965700433e-07
45850.056 9.788746754700348e-08
45900.056 1.2116875851799658e-07
45950.056 1.0626919732799409e-07
46000.056 1.1565060224500868e-07
46050.056 9.312822681500594e-08
46100.056 1.3094758338999328e-07
46150.056 7.71018954950003e-08
46200.056 6.220111892479252e-08
46250.056 2.3877808106308636e-08
46300.056 7.669876017800471e-08
46350.056 8.565781874100786e-08
46400.056 8.448276065000222e-08
46450.056 7.059563131419408e-08
46500.056 8.021706435300915e-08
46550.056 4.6246001942598155e-08
46600.056 5.456660254399317e-08
46650.056 8.67896319420042e-08
46700.056 6.215633457299158e-08
46750.056 2.7098368353304252e-08
46800.056 1.805356830677796e-08
46850.056 7.846550066401071e-08
46900.056 9.76177691999964e-08
46950.056 9.466626554799559e-08
47000.056 9.445860893400605e-08
47050.056 6.343319333778284e-08
47100.056 4.7853534171001165e-08
47150.056 7.570265285200911e-08
47200.056 8.500590793299658e-08
47250.056 3.803535155549298e-08
47300.056 2.6288030042996908e-08
47350.056 8.762536579000555e-08
47400.056 9.166481241599686e-08
47450.056 6.006091685260628e-08
47500.056 1.0460542371300006e-07
47550.056 8.695394625200267e-08
47600.056 7.537053841929195e-08
47650.056 8.49895992641965e-08
47700.056 6.565320646490958e-08
47750.056 4.78715761240001e-08
47800.056 3.648908360300293e-08
47850.056 1.5009859885622433e-08
47900.056 2.5767735708859776e-08
47950.056 7.212500875200507e-08
48000.056 9.328694433799496e-08
48050.056 7.225705921179772e-08
48100.056 3.2421021939061005e-08
48150.056 5.95814779340031e-08
48200.056 4.148118667899626e-08
48250.056 6.091613778700075e-08
48300.056 8.870870800800061e-08
48350.056 5.395932450199346e-08
48400.056 1.0935499227212055e-08
48450.056 2.3395864466067584e-08
48500.056 4.5176136696391126e-08
48550.056 5.344154570278879e-08
48600.056 7.979873409400163e-08
48650.056 9.877535652799787e-08
48700.056 6.768272459500622e-08
48750.056 4.653350447700352e-08
48800.056 7.717477281300372e-08
48850.056 3.913277177709427e-08
48900.056 4.550669595437548e-08
48950.056 2.5306127797598605e-08
49000.056 1.4410942596439473e-08
49050.056 4.6657663950194984e-08
49100.056 6.242609973120947e-08
49150.056 4.8577901842099025e-08
49200.056 7.878629462300657e-08
49250.056 8.314637913300078e-08
49300.056 6.730038116899604e-08
49350.056 2.7180813834774697e-08
49400.056 3.8722790374692404e-08
49450.056 3.220985676420695e-08
49500.056 2.671461919991534e-08
49550.056 4.638272195009972e-09
49600.056 1.4214608268908605e-08
49650.056 4.150925415900272e-08
49700.056 5.1658407309994444e-08
49750.056 4.5800546767697044e-08
49800.056 2.579528840173957e-08
49850.056 6.105531878500593e-08
49900.056 6.173885290699887e-08
49950.056 5.5231768373998114e-08
50000.056 3.7636217842005085e-08
50050.056 4.552615460900407e-08
50100.056 3.849620582499799e-08
50150.056 1.5487570655017177e-08
50200.056 2.225505737145084e-09
50250.056 1.557082993079986e-08
50300.056 1.0631047055083151e-08
50350.056 4.2908470325004895e-08
50400.056 5.1669898085997785e-08
50450.056 3.650317934300056e-08
50500.056 6.039408822200321e-08
50550.056 6.454519876200129e-08
50600.056 3.9155348043388754e-08
50650.056 6.102434795400788e-08
50700.056 6.129952762599862e-08
50750.056 3.520567913599933e-08
50800.056 1.04711880166379e-08
50850.056 4.796383682414412e-09
50900.056 3.669728701200332e-08
50950.056 4.158134698799725e-08
51000.056 2.779883412871462e-08
51050.056 4.435091235639411e-08
51100.056 1.6178483583380224e-08
51150.056 1.509522763105561e-08
51200.056 5.37229439250002e-08
51250.056 4.192172751899346e-08
51300.056 2.5476398707503073e-08
51350.056 2.4244750582353746e-08
51400.056 6.570344266733424e-09
51450.056 5.315091112405329e-09
51500.056 4.6920399408558544e-09
51550.056 2.1234367929703705e-08
51600.056 2.2172547033402844e-08
51650.056 3.1066219752598914e-08
51700.056 2.8822254601056045e-08
51750.056 2.1678580657779824e-08
51800.056 4.269924128699711e-08
51850.056 3.173604426249872e-08
51900.056 3.362614651400141e-08
51950.056 1.7246295555497093e-08
52000.056 1.3585852054274425e-09
52050.056 8.543887047200956e-09
52100.056 4.421706908199036e-09
52150.056 2.421870849168788e-09
52200.056 1.0252291108599641e-08
52250.056 1.880489698970328e-08
52300.056 2.3059840574998454e-08
52350.056 5.200267364341481e-09
52400.056 5.957028185953957e-09
52450.056 2.7336181550903303e-08
52500.056 2.0693699455346655e-08
52550.056 2.604403229899796e-08
52600.056 2.1066659070102336e-08
52650.056 2.8059388204599943e-08
52700.056 1.4826133860399618e-08
52750.056 5.130053753834163e-09
52800.056 1.0002526898801917e-08
52850.056 1.2700989417497056e-08
52900.056 4.1274980587860365e-09
52950.056 7.818038043111366e-09
53000.056 1.820136499970066e-08
53050.056 6.0625507482794885e-09
53100.056 2.7102261940001636e-08
53150.056 2.6736564677999555e-08
53200.056 9.961884770639361e-09
53250.056 2.2084140451000287e-08
53300.056 2.487490182092489e-08
53350.056 2.0724689517999775e-08
53400.056 1.2772435459598456e-08
53450.056 3.2514885977239074e-09
53500.056 5.481480609908196e-10
53550.056 1.4163345144339948e-09
53600.056 7.849356014569672e-09
