galfind/configs/Brown_Dwarf_templates/sonora_bobcat/m0.0/1000g/co0.5/sp_t2400g1000nc_m+0.0_co0.5_resample.dat
# %ECSV 1.0
# ---
# datatype:
# - {name: wav, unit: Angstrom, datatype: float64}
# - {name: flux_nu, unit: erg / (cm2 Hz s), datatype: float64}
# meta: {C/O: '0.50', Kzz: '1.0000E+05', Teff: '2400.', Y: '0.28', '[Fe/H]': '0.00', f_hole: '1.00', f_rain: '0.00', grav: '1000.'}
# schema: astropy-2.0
wav flux_nu
[from data line 501]
29050.056 3.3036044632800628e-06
29100.056 2.7781617403702814e-06
29150.056 3.4477114791001043e-06
29200.056 3.098173396220268e-06
29250.056 3.2977911242299068e-06
29300.056 2.9312482998589524e-06
29350.056 3.6865755061996964e-06
29400.056 3.1850409459898518e-06
29450.056 3.1130602577399363e-06
29500.056 3.28687624761972e-06
29550.056 3.200938750470295e-06
29600.056 3.41312259562993e-06
29650.056 3.2469203099399203e-06
29700.056 3.0458126025598887e-06
29750.056 3.5843829227409205e-06
29800.056 3.5524477661097474e-06
29850.056 3.348214214189674e-06
29900.056 3.0887400090607805e-06
29950.056 3.6647945810394736e-06
30000.056 3.5609197667891463e-06
30050.056 3.372761476000066e-06
30100.056 2.88140221730935e-06
30150.056 4.034094695899856e-06
30200.056 3.6776808013502164e-06
30250.056 3.4973995628005385e-06
30300.056 3.4445507417997646e-06
30350.056 3.515596490980625e-06
30400.056 4.003999636800446e-06
30450.056 3.2528831398103765e-06
30500.056 3.197555641160366e-06
30550.056 4.044204126600509e-06
30600.056 3.821412210880324e-06
30650.056 3.846021631400207e-06
30700.056 3.55604346425987e-06
30750.056 3.534406384200069e-06
30800.056 4.154428016200896e-06
30850.056 3.6566763024000175e-06
30900.056 3.5861547644998133e-06
30950.056 3.5506218343202426e-06
31000.056 4.062146082799948e-06
31050.056 3.6811926101001033e-06
31100.056 3.804659822999994e-06
31150.056 3.891666083799586e-06
31200.056 3.897586118099627e-06
31250.056 4.303096078800702e-06
31300.056 3.813916544199803e-06
31350.056 3.806572041440009e-06
31400.056 3.972293109900555e-06
31450.056 3.9724441237001646e-06
31500.056 4.075144283800373e-06
31550.056 3.7514334837999127e-06
31600.056 3.9616436070998565e-06
31650.056 4.135886729099804e-06
31700.056 4.1171810369999186e-06
31750.056 3.8116574222000105e-06
31800.056 4.157483437400253e-06
31850.056 4.506749551199987e-06
31900.056 4.392041978799622e-06
31950.056 3.810472338499809e-06
32000.056 3.951206185300645e-06
32050.056 4.4060094468004466e-06
32100.056 4.483328335999619e-06
32150.056 4.445225797899933e-06
32200.056 4.2781079085999975e-06
32250.056 4.117971891800128e-06
32300.056 4.385599552300054e-06
32350.056 4.66154595700064e-06
32400.056 4.272957785299901e-06
32450.056 4.176492767500316e-06
32500.056 4.499832388300162e-06
32550.056 4.835702194500084e-06
32600.056 4.7328033428997085e-06
32650.056 4.607143648900923e-06
32700.056 4.4659029762001595e-06
32750.056 4.589129360100015e-06
32800.056 4.265751119200352e-06
32850.056 4.900157373899705e-06
32900.056 4.7607670934001335e-06
32950.056 4.300982046999842e-06
33000.056 4.6193068337002266e-06
33050.056 4.673437524999518e-06
33100.056 4.708864190599022e-06
33150.056 4.733478337400104e-06
33200.056 4.522746714600663e-06
33250.056 4.827721505700443e-06
33300.056 5.172023792100257e-06
33350.056 4.849820484400081e-06
33400.056 4.491114681699568e-06
33450.056 4.797077966298977e-06
33500.056 4.8904765676001815e-06
33550.056 4.739621833499476e-06
33600.056 4.843567272300584e-06
33650.056 4.923368259800843e-06
33700.056 5.062973140999452e-06
33750.056 5.0096109418001955e-06
33800.056 4.867626476300106e-06
33850.056 4.853850437900197e-06
33900.056 5.361664711099471e-06
33950.056 4.881825263899494e-06
34000.056 4.9002673983992075e-06
34050.056 5.042611575000064e-06
34100.056 5.144848211400576e-06
34150.056 5.065890577299375e-06
34200.056 4.910499828199499e-06
34250.056 5.365746749299381e-06
34300.056 5.07090041109966e-06
34350.056 5.18041050089962e-06
34400.056 5.024382706299595e-06
34450.056 4.814653398800238e-06
34500.056 5.197352548500872e-06
34550.056 5.007168880599784e-06
34600.056 5.10531140249984e-06
34650.056 5.2001823365000045e-06
34700.056 5.094834324799325e-06
34750.056 5.378201727300258e-06
34800.056 5.357196298199682e-06
34850.056 5.00091550249992e-06
34900.056 5.258223367900235e-06
34950.056 5.177961855999263e-06
35000.056 5.047031391999512e-06
35050.056 5.6170696478006635e-06
35100.056 5.338709345899367e-06
35150.056 5.339837867299631e-06
35200.056 5.331828389099815e-06
35250.056 4.9965689449005135e-06
35300.056 5.3638529302004475e-06
35350.056 5.5112595360997574e-06
35400.056 5.248809322399695e-06
35450.056 5.217768964900199e-06
35500.056 5.499427223300051e-06
35550.056 5.349757240599832e-06
35600.056 5.207435510099195e-06
35650.056 5.622113982600544e-06
35700.056 5.259130641200299e-06
35750.056 5.299896050199664e-06
35800.056 5.514037091099701e-06
35850.056 5.513509802699962e-06
35900.056 5.700632134299584e-06
35950.056 5.502046584899591e-06
36000.056 5.180355467399497e-06
36050.056 5.6796640723002835e-06
36100.056 5.866926146599858e-06
36150.056 5.245519967600475e-06
36200.056 5.668558610299606e-06
36250.056 5.399322033399368e-06
36300.056 5.945480067100589e-06
36350.056 5.6452946910993064e-06
36400.056 5.603688272099936e-06
36450.056 5.949706038199689e-06
36500.056 5.552573291200307e-06
36550.056 5.523766889800583e-06
36600.056 5.4694008747003905e-06
36650.056 5.680175571600496e-06
36700.056 5.990115307900028e-06
36750.056 5.453338498400528e-06
36800.056 5.676131343399762e-06
36850.056 5.8352493923999944e-06
36900.056 5.773191580800611e-06
36950.056 5.766588494300081e-06
37000.056 5.846626854899985e-06
37050.056 5.9966316910998e-06
37100.056 5.7585508720004395e-06
37150.056 5.760736120499112e-06
37200.056 5.892797222900026e-06
37250.056 5.941755255500155e-06
37300.056 5.9865687285008595e-06
37350.056 5.664770319200552e-06
37400.056 5.933691863299856e-06
37450.056 5.836975426000271e-06
37500.056 6.085626601399706e-06
37550.056 5.890835053499183e-06
37600.056 6.141514524599479e-06
37650.056 5.745957661399668e-06
37700.056 5.935750582700116e-06
37750.056 6.081901737399349e-06
37800.056 6.1637591931998615e-06
37850.056 6.044101115199843e-06
37900.056 6.0858320456003815e-06
37950.056 6.1209957926002485e-06
38000.056 6.094300530700547e-06
38050.056 6.053759701900398e-06
38100.056 5.898302741900234e-06
38150.056 6.208537572399488e-06
38200.056 6.260508065499472e-06
38250.056 5.9379744609005475e-06
38300.056 5.876683216599944e-06
38350.056 6.063588801500006e-06
38400.056 6.153649672299839e-06
38450.056 6.194179460900434e-06
38500.056 6.037489214399788e-06
38550.056 6.1020551286003976e-06
38600.056 6.505021327899802e-06
38650.056 5.866830573500144e-06
38700.056 5.928366582200702e-06
38750.056 6.212000030399936e-06
38800.056 6.09080586650077e-06
38850.056 6.159631145200141e-06
38900.056 5.900929869299978e-06
38950.056 6.17042885589981e-06
39000.056 6.075684759500095e-06
39050.056 6.13442012549994e-06
39100.056 5.854275342499992e-06
39150.056 5.990728945900209e-06
39200.056 6.110140317500157e-06
39250.056 6.100895669099415e-06
39300.056 6.118712417899226e-06
39350.056 6.058316179900447e-06
39400.056 5.9718303970001315e-06
39450.056 6.034462742199891e-06
39500.056 5.906347768599804e-06
39550.056 5.8165128894991444e-06
39600.056 6.211802720800175e-06
39650.056 5.7428105369001855e-06
39700.056 5.90331959239997e-06
39750.056 5.985860949199517e-06
39800.056 5.645624568400282e-06
39850.056 5.859999924899768e-06
39900.056 5.682593770599699e-06
39950.056 5.902996187399786e-06
40000.056 5.595949010199689e-06
40050.056 5.411739260399941e-06
40100.056 5.703670568499918e-06
40150.056 5.3708103837992454e-06
40200.056 5.601361340699793e-06
40250.056 5.461512177698664e-06
40300.056 5.259626194400207e-06
40350.056 5.416509441100232e-06
40400.056 5.473176983200153e-06
40450.056 5.192643145500573e-06
40500.056 4.964524079100095e-06
40550.056 5.544229316399589e-06
40600.056 4.981925844200364e-06
40650.056 5.246623367900833e-06
40700.056 5.4748888644001825e-06
40750.056 4.892931166298838e-06
40800.056 4.8526837182003535e-06
40850.056 4.663289505600984e-06
40900.056 4.5952622268005095e-06
40950.056 4.869299806399968e-06
41000.056 5.0040871224001025e-06
41050.056 4.960189479299215e-06
41100.056 4.694883911400199e-06
41150.056 4.994850929900152e-06
41200.056 4.737648032800062e-06
41250.056 4.87333554840022e-06
41300.056 4.350544838699577e-06
41350.056 4.898382077800199e-06
41400.056 4.662855207100098e-06
41450.056 4.592849395600192e-06
41500.056 4.835214268500228e-06
41550.056 4.759006173800134e-06
41600.056 4.77438776460001e-06
41650.056 4.430761646800492e-06
41700.056 4.335163650499732e-06
41750.056 4.657243087099986e-06
41800.056 4.579472311899922e-06
41850.056 4.156917259200513e-06
41900.056 4.682086214599445e-06
41950.056 4.487666498100297e-06
42000.056 4.579340340900305e-06
42050.056 4.232690843699081e-06
42100.056 4.667448478000381e-06
42150.056 4.0889390432996195e-06
42200.056 4.141395918700142e-06
42250.056 4.5916266156998465e-06
42300.056 4.303662043100015e-06
42350.056 4.589352191500685e-06
42400.056 4.238338839300138e-06
42450.056 3.879564202700102e-06
42500.056 3.900791545000243e-06
42550.056 4.1783597167997936e-06
42600.056 4.118527975200502e-06
42650.056 4.205447190799166e-06
42700.056 4.193497535000401e-06
42750.056 4.008722844700018e-06
42800.056 4.161239325500047e-06
42850.056 4.35352297049963e-06
42900.056 4.267646203700309e-06
42950.056 3.7473551062987683e-06
43000.056 4.084966548700163e-06
43050.056 3.8063090588012224e-06
43100.056 3.986786408499386e-06
43150.056 4.07018628190079e-06
43200.056 3.8893636121999e-06
43250.056 4.0251373819008125e-06
43300.056 4.015996069100145e-06
43350.056 3.7673257462992177e-06
43400.056 3.7749469218997657e-06
43450.056 3.7342341685006787e-06
43500.056 3.7100986676993017e-06
43550.056 3.7537143815999493e-06
43600.056 3.95872186540005e-06
43650.056 3.578576023800297e-06
43700.056 3.6593157325001727e-06
43750.056 3.6161687095999662e-06
43800.056 3.5283420447997924e-06
43850.056 3.5655928613005917e-06
43900.056 3.6882758374198406e-06
43950.056 3.4809885963501545e-06
44000.056 3.2391986609001166e-06
44050.056 3.2676879097000847e-06
44100.056 3.440100736400663e-06
44150.056 3.6356007458996735e-06
44200.056 3.3532541610402648e-06
44250.056 3.2177464212997263e-06
44300.056 3.149970770500555e-06
44350.056 3.1401693467001286e-06
44400.056 3.2006378224000127e-06
44450.056 3.390582051100163e-06
44500.056 3.353009061500603e-06
44550.056 3.101047029799392e-06
44600.056 3.1122271868003985e-06
44650.056 3.3282741925999792e-06
44700.056 3.043368401200265e-06
44750.056 3.309897407299619e-06
44800.056 3.2197106398499434e-06
44850.056 3.3355910466003475e-06
44900.056 3.0538389444003807e-06
44950.056 2.9049387955001862e-06
45000.056 3.132989202900007e-06
45050.056 3.055321999199622e-06
45100.056 3.2582729505998663e-06
45150.056 3.1627504269000343e-06
45200.056 2.8961015331998816e-06
45250.056 3.0028227883795605e-06
45300.056 3.0726041244001445e-06
45350.056 3.1467680105495015e-06
45400.056 3.0842562880603207e-06
45450.056 2.8986482089395464e-06
45500.056 2.937888764799736e-06
45550.056 3.180439935799548e-06
45600.056 3.073443566899985e-06
45650.056 2.8093363218993096e-06
45700.056 2.989423203400491e-06
45750.056 2.966047691909873e-06
45800.056 2.936400413719933e-06
45850.056 3.2864976811000115e-06
45900.056 3.1402509851399428e-06
45950.056 2.8060631266999135e-06
46000.056 3.1822033298900147e-06
46050.056 3.2721961616007646e-06
46100.056 2.910063156960051e-06
46150.056 2.9047875794798e-06
46200.056 3.1417574327908275e-06
46250.056 2.7571957027299077e-06
46300.056 3.274994596899933e-06
46350.056 2.8139925762998126e-06
46400.056 3.0270139284997525e-06
46450.056 2.920400056400491e-06
46500.056 2.809137773130019e-06
46550.056 3.1160045869999328e-06
46600.056 2.96287810909986e-06
46650.056 3.3927470322799318e-06
46700.056 3.2080664957408836e-06
46750.056 2.8201259384800858e-06
46800.056 3.0308537343004834e-06
46850.056 3.108176896920092e-06
46900.056 3.0558236975395646e-06
46950.056 3.317546676800088e-06
47000.056 3.047151344000061e-06
47050.056 3.122512767899677e-06
47100.056 2.8355378276000863e-06
47150.056 3.051763079800379e-06
47200.056 2.967028843720627e-06
47250.056 2.965617490599414e-06
47300.056 3.0192052051593802e-06
47350.056 2.7655851335995918e-06
47400.056 3.0938053368994526e-06
47450.056 3.205680061079978e-06
47500.056 2.946738847399455e-06
47550.056 2.963253463999597e-06
47600.056 3.120683064799762e-06
47650.056 2.6007134760594745e-06
47700.056 3.1205931614799597e-06
47750.056 2.4453997673806587e-06
47800.056 3.030490049999837e-06
47850.056 2.549333596339269e-06
47900.056 3.132891498299988e-06
47950.056 2.631008110620439e-06
48000.056 3.3068591124001074e-06
48050.056 2.7412702766204454e-06
48100.056 2.8146615411000037e-06
48150.056 2.6777639528602684e-06
48200.056 3.1218513799004947e-06
48250.056 2.710364245079925e-06
48300.056 3.314691632599849e-06
48350.056 2.402721220459552e-06
48400.056 2.9715866036598953e-06
48450.056 2.785868937420216e-06
48500.056 3.216238626699939e-06
48550.056 2.508437295399928e-06
48600.056 3.1229533420998118e-06
48650.056 2.535293691379901e-06
48700.056 2.9629574715000254e-06
48750.056 2.3070314001603205e-06
48800.056 3.1742948583001428e-06
48850.056 2.512329717479477e-06
48900.056 3.1570748153001656e-06
48950.056 2.782940506200277e-06
49000.056 2.7819280559399294e-06
49050.056 2.927158994999829e-06
49100.056 2.7713641151401075e-06
49150.056 2.7466227135999846e-06
49200.056 2.917920949929935e-06
49250.056 2.7600411847502287e-06
49300.056 2.6022961605196247e-06
49350.056 2.5468814605999973e-06
49400.056 2.9940384469002414e-06
49450.056 2.712279030250553e-06
49500.056 2.6547572983003938e-06
49550.056 2.5152153147999603e-06
49600.056 2.602069045830375e-06
49650.056 2.6296471878002945e-06
49700.056 2.378038183099768e-06
49750.056 3.1777711389995137e-06
49800.056 2.6714132531800297e-06
49850.056 3.0625210061801174e-06
49900.056 2.6429651101000128e-06
49950.056 2.626870698899429e-06
50000.056 2.5836923179995106e-06
50050.056 2.755245755100021e-06
50100.056 2.7492087778998605e-06
50150.056 2.510462713299913e-06
50200.056 2.3092003417000707e-06
50250.056 2.468535943800203e-06
50300.056 2.4987355070996645e-06
50350.056 2.7318782554999684e-06
50400.056 2.5749791084999836e-06
50450.056 2.4211921751402368e-06
50500.056 3.012336120900305e-06
50550.056 2.6063018947398556e-06
50600.056 2.5914626834001624e-06
50650.056 2.599782241800547e-06
50700.056 2.7903923098994134e-06
50750.056 2.75703723320026e-06
50800.056 2.262552133129795e-06
50850.056 2.527056666200306e-06
50900.056 2.588030567099945e-06
50950.056 2.66090865930042e-06
51000.056 2.964533227600264e-06
51050.056 2.467043562920351e-06
51100.056 2.3541129507998966e-06
51150.056 2.6642505946100524e-06
51200.056 2.5381043138998774e-06
51250.056 2.653711803770054e-06
51300.056 2.3514942445505855e-06
51350.056 2.6860076639997404e-06
51400.056 2.4911239130994556e-06
51450.056 2.0015280235897085e-06
51500.056 2.5735703814000865e-06
51550.056 2.9809327581002177e-06
51600.056 2.1894722111999324e-06
51650.056 2.5227489649996803e-06
51700.056 2.360063787589302e-06
51750.056 2.3237027378501e-06
51800.056 2.6041818516996394e-06
51850.056 2.6051962654998117e-06
51900.056 2.785968968800218e-06
51950.056 2.4281255772997603e-06
52000.056 2.2433790397800156e-06
52050.056 2.624903930639831e-06
52100.056 2.4818079126996725e-06
52150.056 2.5000468786002772e-06
52200.056 2.398686708640135e-06
52250.056 2.4007816926999673e-06
52300.056 2.5365112694998946e-06
52350.056 2.738673754600216e-06
52400.056 2.1252972891601655e-06
52450.056 2.3939599326001103e-06
52500.056 2.5931981904393852e-06
52550.056 2.4550913531994533e-06
52600.056 2.5194566131001373e-06
52650.056 2.76131091097042e-06
52700.056 2.4138701155700786e-06
52750.056 2.0985468390198105e-06
52800.056 2.300965903600195e-06
52850.056 2.1738254270999065e-06
52900.056 2.4637955450401645e-06
52950.056 2.3471285312996966e-06
53000.056 2.640785439119823e-06
53050.056 2.4512458389896275e-06
53100.056 2.2503249330996577e-06
53150.056 2.6712921851004463e-06
53200.056 1.9750887342603546e-06
53250.056 2.671687835299978e-06
53300.056 2.58527142380063e-06
53350.056 2.601785047799751e-06
53400.056 2.3544158371000994e-06
53450.056 2.2720470431000457e-06
53500.056 2.015023676909688e-06
53550.056 2.534329785099916e-06
53600.056 2.5046826853003673e-06
53650.056 2.1624398411004126e-06
53700.056 2.25065973282047e-06
