galfind/configs/Brown_Dwarf_templates/sonora_bobcat/m0.0/1000g/co0.5/sp_t1800g1000nc_m+0.0_co0.5_resample.dat
# %ECSV 1.0
# ---
# datatype:
# - {name: wav, unit: Angstrom, datatype: float64}
# - {name: flux_nu, unit: erg / (cm2 Hz s), datatype: float64}
# meta: {C/O: '0.50', Kzz: '1.0000E+05', Teff: '1800.', Y: '0.28', '[Fe/H]': '0.00', f_hole: '1.00', f_rain: '0.00', grav: '1000.'}
# schema: astropy-2.0
wav flux_nu
[from data line 498]
28900.056 7.372872844090013e-07
28950.056 1.1397393442399543e-06
29000.056 9.487783902997949e-07
29050.056 1.021134439980008e-06
29100.056 8.022359081901294e-07
29150.056 1.1002453814500987e-06
29200.056 9.166634167100921e-07
29250.056 1.0541690723699698e-06
29300.056 8.323388264397451e-07
29350.056 1.2867199166398687e-06
29400.056 9.998277325298925e-07
29450.056 1.015748354219982e-06
29500.056 1.0493302045599156e-06
29550.056 1.0267030022300316e-06
29600.056 1.1402895142297257e-06
29650.056 1.042459460299935e-06
29700.056 9.82563183429863e-07
29750.056 1.1685214290703158e-06
29800.056 1.2171028943398257e-06
29850.056 1.127074216789869e-06
29900.056 1.061158806850374e-06
29950.056 1.2716948835898034e-06
30000.056 1.2312474917698136e-06
30050.056 1.134818693329969e-06
30100.056 1.0015869051097385e-06
30150.056 1.4587742047499623e-06
30200.056 1.24746971327008e-06
30250.056 1.284382226160232e-06
30300.056 1.2061374496598577e-06
30350.056 1.2433193578801596e-06
30400.056 1.5044358619002335e-06
30450.056 1.169163807090139e-06
30500.056 1.0956192050600888e-06
30550.056 1.4317027387501942e-06
30600.056 1.3957209186301246e-06
30650.056 1.443933617150024e-06
30700.056 1.3025579902598721e-06
30750.056 1.3102538380699918e-06
30800.056 1.5253539858302252e-06
30850.056 1.295824240449881e-06
30900.056 1.2563305577098906e-06
30950.056 1.1897463532501563e-06
31000.056 1.4531356563100004e-06
31050.056 1.3715934548899874e-06
31100.056 1.2308162407299346e-06
31150.056 1.3704198159297275e-06
31200.056 1.369087867739904e-06
31250.056 1.481541947620109e-06
31300.056 1.334827925039856e-06
31350.056 1.3123626860599332e-06
31400.056 1.258786413650318e-06
31450.056 1.3200053219099294e-06
31500.056 1.3159758109999693e-06
31550.056 1.2611737328199714e-06
31600.056 1.2397235846099187e-06
31650.056 1.3176623787599419e-06
31700.056 1.265170581049909e-06
31750.056 1.181767092640195e-06
31800.056 1.3921252206899505e-06
31850.056 1.3793266650702e-06
31900.056 1.527888964369973e-06
31950.056 1.1289993420999874e-06
32000.056 1.2241156661500342e-06
32050.056 1.4278833524301757e-06
32100.056 1.4451392235198248e-06
32150.056 1.5487692326799206e-06
32200.056 1.4497400473199616e-06
32250.056 1.4904590747701835e-06
32300.056 1.4073008422999718e-06
32350.056 1.7256850907803358e-06
32400.056 1.4282965320699868e-06
32450.056 1.5375310428998834e-06
32500.056 1.6461671902902975e-06
32550.056 1.9009956513400095e-06
32600.056 1.8160479144599302e-06
32650.056 1.847803841900342e-06
32700.056 1.7650545739102207e-06
32750.056 1.7780884643100147e-06
32800.056 1.658735642020156e-06
32850.056 2.022408980949771e-06
32900.056 2.0270678645600115e-06
32950.056 1.7429493532599011e-06
33000.056 1.8123193522401172e-06
33050.056 1.8059985442198507e-06
33100.056 1.7344413788997225e-06
33150.056 1.2252505908701394e-06
33200.056 9.403305200097249e-07
33250.056 8.647910061596049e-07
33300.056 8.071773633301873e-07
33350.056 9.140091000700547e-07
33400.056 9.267063839498861e-07
33450.056 1.054426517019852e-06
33500.056 1.4061719875402322e-06
33550.056 1.3721902676700284e-06
33600.056 1.6033797484101922e-06
33650.056 1.826881642370452e-06
33700.056 1.7700922270999178e-06
33750.056 1.974936738099973e-06
33800.056 1.7997697854698124e-06
33850.056 1.8950894212901674e-06
33900.056 2.077339031299699e-06
33950.056 1.8817883121599496e-06
34000.056 1.9338907171796573e-06
34050.056 1.878603043459661e-06
34100.056 2.0265118473302064e-06
34150.056 1.8929935867594742e-06
34200.056 1.839689317579583e-06
34250.056 2.0941448213997897e-06
34300.056 1.7860990828391693e-06
34350.056 1.8391349563401179e-06
34400.056 1.812255959090046e-06
34450.056 1.7766061949601026e-06
34500.056 2.126737480200197e-06
34550.056 1.7601182077199104e-06
34600.056 2.01637552182005e-06
34650.056 2.010939837620118e-06
34700.056 2.0292439125396045e-06
34750.056 2.2357083671002125e-06
34800.056 2.027222985869705e-06
34850.056 1.95251572522011e-06
34900.056 2.004745799610211e-06
34950.056 1.9713818249896407e-06
35000.056 2.084276967589884e-06
35050.056 2.390248940800459e-06
35100.056 2.0976568002297897e-06
35150.056 2.262376911119974e-06
35200.056 2.2407222685299947e-06
35250.056 2.210298877430077e-06
35300.056 2.2085021556100475e-06
35350.056 2.3444699809999267e-06
35400.056 2.184224347540046e-06
35450.056 2.029887691420397e-06
35500.056 2.4974755964998865e-06
35550.056 2.380566326199944e-06
35600.056 2.1942067985898784e-06
35650.056 2.60959637023023e-06
35700.056 2.226291063500115e-06
35750.056 2.4046547611297398e-06
35800.056 2.6524124982998798e-06
35850.056 2.4195486241001664e-06
35900.056 2.8069695689998247e-06
35950.056 2.567318443379962e-06
36000.056 2.4259201762999495e-06
36050.056 2.830127323900304e-06
36100.056 2.837210251299221e-06
36150.056 2.472702005630403e-06
36200.056 2.869204871899796e-06
36250.056 2.6130866359597556e-06
36300.056 3.030885842680218e-06
36350.056 2.791573168299714e-06
36400.056 2.798044536500034e-06
36450.056 3.1577669845997003e-06
36500.056 2.855540469500117e-06
36550.056 2.862666646300547e-06
36600.056 2.854390773600096e-06
36650.056 2.9858476610999976e-06
36700.056 3.255543470399909e-06
36750.056 2.8605246560001055e-06
36800.056 3.0361632562999123e-06
36850.056 3.1968648869001586e-06
36900.056 3.1069620366002906e-06
36950.056 3.1117702151998626e-06
37000.056 3.221157378799885e-06
37050.056 3.296983583499848e-06
37100.056 3.208433634300247e-06
37150.056 3.243129187799643e-06
37200.056 3.3560988576999892e-06
37250.056 3.36996056259999e-06
37300.056 3.4120775603003535e-06
37350.056 3.1407764620003816e-06
37400.056 3.357997528199919e-06
37450.056 3.2077031935001453e-06
37500.056 3.429436739899759e-06
37550.056 3.3583182218996113e-06
37600.056 3.5389336408998333e-06
37650.056 3.3424659707999313e-06
37700.056 3.527293557199939e-06
37750.056 3.5279312804999427e-06
37800.056 3.6044022188998615e-06
37850.056 3.4637973425998866e-06
37900.056 3.514807915200282e-06
37950.056 3.5422929747000715e-06
38000.056 3.616265994000266e-06
38050.056 3.5737874358002067e-06
38100.056 3.3844471058002304e-06
38150.056 3.710042588099912e-06
38200.056 3.6843745709998285e-06
38250.056 3.4243800792003026e-06
38300.056 3.401084107099975e-06
38350.056 3.5477120015999756e-06
38400.056 3.6287082405998305e-06
38450.056 3.8003210694001074e-06
38500.056 3.5728193068999567e-06
38550.056 3.637259625400176e-06
38600.056 4.004300692999924e-06
38650.056 3.5510736482999957e-06
38700.056 3.535913054400475e-06
38750.056 3.7709513171999704e-06
38800.056 3.6960178487003156e-06
38850.056 3.6539875815000444e-06
38900.056 3.4699472135998807e-06
38950.056 3.7787468586999375e-06
39000.056 3.6431121813001236e-06
39050.056 3.746161739399892e-06
39100.056 3.480302037100122e-06
39150.056 3.66100746590009e-06
39200.056 3.7310697984000216e-06
39250.056 3.6868037488996045e-06
39300.056 3.6753736990996517e-06
39350.056 3.679869733000251e-06
39400.056 3.6265465246000963e-06
39450.056 3.6878489189999066e-06
39500.056 3.5248068219997362e-06
39550.056 3.507866562499662e-06
39600.056 3.826952380499951e-06
39650.056 3.414056825500078e-06
39700.056 3.5169069203999256e-06
39750.056 3.522757443599713e-06
39800.056 3.272020456600133e-06
39850.056 3.4972990621998165e-06
39900.056 3.3746824890000106e-06
39950.056 3.5364962837998457e-06
40000.056 3.180214733299901e-06
40050.056 3.1753345321999754e-06
40100.056 3.419110735999917e-06
40150.056 3.1497235872996275e-06
40200.056 3.2935512534998432e-06
40250.056 3.0230209599992333e-06
40300.056 3.007790785600235e-06
40350.056 3.1842636142002056e-06
40400.056 3.1606487355000723e-06
40450.056 3.0488724596000545e-06
40500.056 2.7835906722002716e-06
40550.056 3.2301861218997323e-06
40600.056 2.66639883970025e-06
40650.056 3.0001232463002153e-06
40700.056 3.1420064129000895e-06
40750.056 2.7018803899991857e-06
40800.056 2.6603581194700256e-06
40850.056 2.567778258500511e-06
40900.056 2.60712904860017e-06
40950.056 2.6869744471999248e-06
41000.056 2.7405276772999058e-06
41050.056 2.706387555539627e-06
41100.056 2.5108878301999227e-06
41150.056 2.7339042884999558e-06
41200.056 2.5594916582500812e-06
41250.056 2.6261119346001652e-06
41300.056 2.2318736477996122e-06
41350.056 2.634940124400064e-06
41400.056 2.4158390864002594e-06
41450.056 2.463365046300264e-06
41500.056 2.59420487910017e-06
41550.056 2.4742930439200443e-06
41600.056 2.4187824092001116e-06
41650.056 2.313431413700278e-06
41700.056 2.197374797079802e-06
41750.056 2.3548675517798414e-06
41800.056 2.4645877790197836e-06
41850.056 1.953201211940304e-06
41900.056 2.404647676429872e-06
41950.056 2.320668943750384e-06
42000.056 2.2690623956303514e-06
42050.056 2.0121155285396013e-06
42100.056 2.327396584200306e-06
42150.056 1.7746659114897287e-06
42200.056 1.8637356286001335e-06
42250.056 2.2116928107899005e-06
42300.056 1.8978622072200531e-06
42350.056 2.177803394200393e-06
42400.056 1.9019033111602817e-06
42450.056 1.6774238165200516e-06
42500.056 1.7562699418102033e-06
42550.056 1.8051958801799608e-06
42600.056 1.837448995970207e-06
42650.056 1.8378596921093362e-06
42700.056 1.8939397562802715e-06
42750.056 1.7533005552999755e-06
42800.056 1.8110877414704237e-06
42850.056 1.9696871304996314e-06
42900.056 1.9443530576600816e-06
42950.056 1.6663945867094e-06
43000.056 1.8054549541799822e-06
43050.056 1.5846596584506326e-06
43100.056 1.7669189316699894e-06
43150.056 1.7516877826501918e-06
43200.056 1.685102846230129e-06
43250.056 1.7558853762198433e-06
43300.056 1.8024603786701343e-06
43350.056 1.5276379331697275e-06
43400.056 1.6392786248199458e-06
43450.056 1.5690158586003215e-06
43500.056 1.5887466266998397e-06
43550.056 1.6320579990500563e-06
43600.056 1.733564960480068e-06
43650.056 1.4783972105500515e-06
43700.056 1.5494369219398268e-06
43750.056 1.5419210294101538e-06
43800.056 1.4659670155699968e-06
43850.056 1.4392724470103338e-06
43900.056 1.5351210180098844e-06
43950.056 1.387981761069991e-06
44000.056 1.2696585058400797e-06
44050.056 1.3139331962100527e-06
44100.056 1.4208570659902023e-06
44150.056 1.4821768555498506e-06
44200.056 1.362236427790058e-06
44250.056 1.2973014745299956e-06
44300.056 1.2610679375201495e-06
44350.056 1.232343968100093e-06
44400.056 1.2893648805499395e-06
44450.056 1.3220523214900574e-06
44500.056 1.292818432780181e-06
44550.056 1.2200858969097914e-06
44600.056 1.2070912768201413e-06
44650.056 1.3092995947400617e-06
44700.056 1.1684810042500727e-06
44750.056 1.2407027734498823e-06
44800.056 1.2255196546999644e-06
44850.056 1.235821336630118e-06
44900.056 1.128493684120122e-06
44950.056 1.105570182500056e-06
45000.056 1.1796941098999558e-06
45050.056 1.1791688857699195e-06
45100.056 1.2357803090000048e-06
45150.056 1.1302433076799907e-06
45200.056 1.0284286758200087e-06
45250.056 1.0910001814698915e-06
45300.056 1.180436149790057e-06
45350.056 1.1896326589499027e-06
45400.056 1.124859904440135e-06
45450.056 1.052462236019842e-06
45500.056 1.0980069552099389e-06
45550.056 1.2001124233899424e-06
45600.056 1.1122325669399828e-06
45650.056 1.0042903640898213e-06
45700.056 1.1608225552501019e-06
45750.056 1.0579007149400114e-06
45800.056 1.0449536967899765e-06
45850.056 1.257450153099967e-06
45900.056 1.2381124336100403e-06
45950.056 1.0532771787399808e-06
46000.056 1.268998934500024e-06
46050.056 1.2634744850802533e-06
46100.056 1.0497929596700656e-06
46150.056 1.1148640352299036e-06
46200.056 1.1912326816902757e-06
46250.056 1.0053001425899832e-06
46300.056 1.2946435727299905e-06
46350.056 1.1116384950699154e-06
46400.056 1.146751292249915e-06
46450.056 1.1715953205701126e-06
46500.056 1.0568074604399762e-06
46550.056 1.2776656414400148e-06
46600.056 1.2235557524400711e-06
46650.056 1.5391948045698313e-06
46700.056 1.4150667485204237e-06
46750.056 1.1322756787099818e-06
46800.056 1.1870546921401327e-06
46850.056 1.3555542211201758e-06
46900.056 1.2611118679298038e-06
46950.056 1.444254270299941e-06
47000.056 1.1805968879900435e-06
47050.056 1.4215921264598157e-06
47100.056 1.058414901230092e-06
47150.056 1.211539852150127e-06
47200.056 1.3177633943902405e-06
47250.056 1.1538201841398488e-06
47300.056 1.1931829587998088e-06
47350.056 1.0741438679298628e-06
47400.056 1.3125628402797828e-06
47450.056 1.1652726501499509e-06
47500.056 1.2961712499098599e-06
47550.056 1.1572027594499327e-06
47600.056 1.2996802421898643e-06
47650.056 9.844864988298013e-07
47700.056 1.3287658539300642e-06
47750.056 9.170910837201626e-07
47800.056 1.2559901183399315e-06
47850.056 9.69061524429907e-07
47900.056 1.2441849808000097e-06
47950.056 1.0200157663901264e-06
48000.056 1.4546971315199966e-06
48050.056 1.1029313943501548e-06
48100.056 1.1892305018299726e-06
48150.056 1.0799876165201456e-06
48200.056 1.2769940259500682e-06
48250.056 1.0609902448400365e-06
48300.056 1.4446968328198121e-06
48350.056 9.497870499999185e-07
48400.056 1.1913820521899707e-06
48450.056 1.0430830248000614e-06
48500.056 1.4247560000299752e-06
48550.056 9.642464455299799e-07
48600.056 1.316172713309913e-06
48650.056 1.0212338989299647e-06
48700.056 1.3177012399900693e-06
48750.056 8.956781904600935e-07
48800.056 1.4355168901100689e-06
48850.056 9.775596775697905e-07
48900.056 1.3728582297701128e-06
48950.056 1.141143351250023e-06
49000.056 1.1308408378599545e-06
49050.056 1.2901899204799484e-06
49100.056 1.1401078770201134e-06
49150.056 1.1989919120499847e-06
49200.056 1.1378943652699491e-06
49250.056 1.2008281475500369e-06
49300.056 1.0375097969298999e-06
49350.056 1.0916426815100087e-06
49400.056 1.3024784744600036e-06
49450.056 1.1394744931502613e-06
49500.056 1.1297819603800344e-06
49550.056 9.951162984799736e-07
49600.056 1.1046522422301985e-06
49650.056 1.1351824986199927e-06
49700.056 1.0073846119499157e-06
49750.056 1.536210686079801e-06
49800.056 1.1018094116700532e-06
49850.056 1.4412987916101035e-06
49900.056 1.1560327012299933e-06
49950.056 1.1426790748797951e-06
50000.056 1.1677976302598034e-06
50050.056 1.1943867065900396e-06
50100.056 1.2888592944699517e-06
50150.056 1.0463351880200044e-06
50200.056 9.56348880600097e-07
50250.056 1.1765567384200427e-06
50300.056 1.0945711929699478e-06
50350.056 1.3271337963599834e-06
50400.056 1.1087985508999214e-06
50450.056 1.0823653644501389e-06
50500.056 1.4005201777101431e-06
50550.056 1.165529633309983e-06
50600.056 1.1947531580199526e-06
50650.056 1.1772329908801987e-06
50700.056 1.3287027650997539e-06
50750.056 1.3445414490101474e-06
50800.056 9.41394905359868e-07
50850.056 1.1264664696601715e-06
50900.056 1.2971616076799494e-06
50950.056 1.2565980935902167e-06
51000.056 1.4833438929201097e-06
51050.056 1.1408320154501073e-06
51100.056 1.0123226437699325e-06
51150.056 1.221418743339936e-06
51200.056 1.2409244698199582e-06
51250.056 1.2543676549899708e-06
51300.056 1.0093161785202902e-06
51350.056 1.2513462389598294e-06
51400.056 1.0618092034498295e-06
51450.056 8.505748846798759e-07
51500.056 1.0803233402401046e-06
51550.056 1.4636120676500998e-06
51600.056 9.891361780100597e-07
51650.056 1.13160907595984e-06
51700.056 1.133371938849705e-06
51750.056 1.030932991810052e-06
51800.056 1.2785081363697574e-06
51850.056 1.2235939051098642e-06
51900.056 1.3847838259601397e-06
51950.056 1.1864623390199034e-06
52000.056 9.561910551899475e-07
52050.056 1.1795593397399331e-06
52100.056 1.0648393489098984e-06
52150.056 1.062436224450042e-06
52200.056 1.0530056090800421e-06
52250.056 1.1052742854199933e-06
52300.056 1.314320377829932e-06
52350.056 1.3179280828901128e-06
52400.056 9.299811367201415e-07
52450.056 1.1182307662900634e-06
52500.056 1.3094484170197989e-06
52550.056 1.2124392538497443e-06
52600.056 1.197055677840132e-06
52650.056 1.3420974114001306e-06
52700.056 1.104140781020036e-06
52750.056 9.349204999699225e-07
52800.056 1.031044386110088e-06
52850.056 9.892657418098682e-07
52900.056 1.122951288609996e-06
52950.056 1.0918584482999277e-06
53000.056 1.3229050017800344e-06
53050.056 1.0548230469698038e-06
53100.056 1.1084182245498492e-06
53150.056 1.369499808380153e-06
53200.056 8.776521962300759e-07
53250.056 1.2782197648300093e-06
53300.056 1.2680750370904542e-06
53350.056 1.2517116829998543e-06
