galfind/configs/Brown_Dwarf_templates/sonora_bobcat/m0.0/1000g/co0.5/sp_t900g1000nc_m+0.0_co0.5_resample.dat
# %ECSV 1.0
# ---
# datatype:
# - {name: wav, unit: Angstrom, datatype: float64}
# - {name: flux_nu, unit: erg / (cm2 Hz s), datatype: float64}
# meta: {C/O: '0.50', Kzz: '1.0000E+05', Teff: '900.', Y: '0.28', '[Fe/H]': '0.00', f_hole: '1.00', f_rain: '0.00', grav: '1000.'}
# schema: astropy-2.0
wav flux_nu
4000.0559999999996 nan
4050.0559999999996 5.4494394901773635e-14
4100.056 8.831463932990058e-12
4150.056 4.583036779300088e-11
4200.056 3.9629392262713184e-11
4250.056 1.1721362414900126e-10
4300.056 1.7215876383000452e-10
4350.056 2.026170784420009e-10
4400.056 2.498119539800011e-10
4450.056 3.0606971854000404e-10
4500.056 3.1441609547000507e-10
4550.056 3.2696480368599566e-10
4600.056 1.9933247858399907e-10
4650.056 1.389782656199997e-10
4700.056 8.239547771199938e-11
4750.056 2.5285167493999667e-11
4800.056 4.892026712299922e-12
4850.056 9.508431612599866e-13
4900.056 3.2301914081999706e-13
4950.056 1.3598001226899876e-13
5000.056 5.093586913999946e-14
5050.056 2.3337319699999935e-14
5100.056 2.0224005908000005e-14
5150.056 1.9066906357999994e-14
5200.056 1.8241714034999985e-14
5250.056 1.758029868399998e-14
5300.056 1.7215060723999986e-14
5350.056 1.7258701381000008e-14
5400.056 1.7692749094e-14
5450.056 1.8234367853999988e-14
5500.056 1.884663689500002e-14
5550.056 1.9480205262000018e-14
5600.056 2.008466288599998e-14
5650.056 2.0498224550000004e-14
5700.056 2.055973826500001e-14
5750.056 1.9507725954999975e-14
5800.056 1.7115975162999962e-14
5850.056 1.2165841625599878e-14
5900.056 4.28058544581171e-15
5950.056 2.3940664144000342e-14
6000.056 4.939986085000024e-14
6050.056 8.641608613100084e-14
6100.056 1.3905032389000082e-13
6150.056 2.151497790200013e-13
6200.056 3.273376715300017e-13
6250.056 4.935844167300026e-13
6300.056 7.390090464800039e-13
6350.056 1.1031038860100066e-12
6400.056 1.64261185050001e-12
6450.056 2.416608538200005e-12
6500.056 3.565187449600016e-12
6550.056 5.231766406300022e-12
6600.056 7.626800627200074e-12
6650.056 1.1012186851600066e-11
6700.056 1.4436169740700149e-11
6750.056 2.1433949382000097e-11
6800.056 2.7626533265000093e-11
6850.056 3.100211714200001e-11
6900.056 2.8927064513000018e-11
6950.056 2.5178833677999926e-11
7000.056 2.445677884500007e-11
7050.056 2.629620207099991e-11
7100.056 2.8552862598999986e-11
7150.056 2.931908779799977e-11
7200.056 2.858949836300032e-11
7250.056 2.699609280699932e-11
7300.056 2.4347975906000336e-11
7350.056 2.2039756794999846e-11
7400.056 1.99376544570002e-11
7450.056 1.7998266169000182e-11
7500.056 1.6058060798999954e-11
7550.056 1.3981321083999954e-11
7600.056 1.1918258065599942e-11
7650.056 4.105936317632842e-12
7700.056 3.1195593962681243e-12
7750.056 1.192654526890017e-11
7800.056 1.873863922712015e-11
7850.056 3.190815930600022e-11
7900.056 4.6935273305000155e-11
7950.056 5.6949458426400586e-11
8000.056 9.847866092100084e-11
8050.056 1.3933630383000135e-10
8100.056 1.8843048239999952e-10
8150.056 2.507811403800005e-10
8200.056 3.4820579213000873e-10
8250.056 4.517272057880038e-10
8300.056 5.902344845900294e-10
8350.056 7.565014621199956e-10
8400.056 9.611748879799933e-10
8450.056 1.2256815046800003e-09
8500.056 1.3822740277489506e-09
8550.056 1.8366882528600558e-09
8600.056 2.3591213857000217e-09
8650.056 2.891826600500029e-09
8700.056 3.4836392933000363e-09
8750.056 4.17986565060003e-09
8800.056 4.953482394300042e-09
8850.056 5.739870875300027e-09
8900.056 6.015215174699882e-09
8950.056 5.499779768719822e-09
9000.056 7.485208581199732e-09
9050.056 9.850395063500158e-09
9100.056 1.1116240091880243e-08
9150.056 1.213210752560036e-08
9200.056 1.4059587320899463e-08
9250.056 1.42518477787892e-08
9300.056 6.7579000485206284e-09
9350.056 9.093557431998365e-09
9400.056 1.4757621456186684e-08
9450.056 1.5366657035130077e-08
9500.056 1.5260500310094103e-08
9550.056 1.6905105855678512e-08
9600.056 1.792438562584137e-08
9650.056 2.148472832520419e-08
9700.056 2.8092676330341888e-08
9750.056 3.0758374614252686e-08
9800.056 3.545458441158817e-08
9850.056 4.115035953919955e-08
9900.056 4.876786626400023e-08
9950.056 5.421086548700044e-08
10000.056 4.9649988705899716e-08
10050.056 6.682744499500017e-08
10100.056 7.554208231700037e-08
10150.056 8.367346897399959e-08
10200.056 9.149467524600109e-08
10250.056 1.0174793235100091e-07
10300.056 1.1440065345799834e-07
10350.056 1.2331424671000166e-07
10400.056 1.3484467756999998e-07
10450.056 1.4480470093999778e-07
10500.056 1.5414545043999973e-07
10550.056 1.6380639365000011e-07
10600.056 1.721738395599993e-07
10650.056 1.8162757662000238e-07
10700.056 1.8842989441000184e-07
10750.056 1.9690642540000187e-07
10800.056 2.0288384151000183e-07
10850.056 2.0340329607000097e-07
10900.056 1.742625654519975e-07
10950.056 1.1430167049100018e-07
11000.056 8.695863749419061e-08
11050.056 6.106829152856841e-08
11100.056 4.3755433878334884e-08
11150.056 3.1206594133313734e-08
11200.056 3.6021387072817056e-08
11250.056 4.826626682113012e-08
11300.056 4.7612822797872724e-08
11350.056 2.3223368638329274e-08
11400.056 5.4052249732429664e-08
11450.056 4.079631287781631e-08
11500.056 4.9359516328860904e-08
11550.056 3.23235402057704e-08
11600.056 3.2483538205258106e-08
11650.056 4.095793905607466e-08
11700.056 4.126845343629255e-08
11750.056 3.3610834142789296e-08
11800.056 5.68424956353888e-08
11850.056 8.258109971349669e-08
11900.056 9.840450074869196e-08
11950.056 1.3046434233300951e-07
12000.056 1.5479360563300082e-07
12050.056 1.844814868390078e-07
12100.056 2.1078618618299324e-07
12150.056 2.431819584499937e-07
12200.056 2.730113866319934e-07
12250.056 3.043110108299933e-07
12300.056 3.4263295438000716e-07
12350.056 3.591822936300002e-07
12400.056 3.8138155794999343e-07
12450.056 3.852585592500062e-07
12500.056 3.9616927816000363e-07
12550.056 4.317338110900079e-07
12600.056 5.063342360800052e-07
12650.056 5.123720655200016e-07
12700.056 5.171222980600102e-07
12750.056 4.885601094800065e-07
12800.056 4.781300774800003e-07
12850.056 4.04568683548002e-07
12900.056 3.650280701660084e-07
12950.056 3.4872124240600224e-07
13000.056 3.5156111158800737e-07
13050.056 3.1847129436009785e-07
13100.056 3.124996524457048e-07
13150.056 2.546480241058609e-07
13200.056 2.3270496187319918e-07
13250.056 1.6579159475999315e-07
13300.056 8.750283308890848e-08
13350.056 2.6654935846519207e-08
13400.056 1.0847245824822962e-08
13450.056 6.243890740062611e-09
13500.056 3.7145923423245886e-09
13550.056 2.4311283924029577e-09
13600.056 1.6628569329816587e-09
13650.056 4.3465544518669915e-09
13700.056 3.068595088754125e-09
13750.056 5.113619828662291e-09
13800.056 6.646376649328336e-09
13850.056 4.38147417087249e-09
13900.056 4.45768468037586e-09
13950.056 4.497472306739692e-09
14000.056 4.407092231439867e-09
14050.056 5.439009444833245e-09
14100.056 4.087746257410803e-09
14150.056 5.965044866091707e-09
14200.056 4.425789851627922e-09
14250.056 4.592709746711412e-09
14300.056 8.776309088135444e-09
14350.056 8.163335486398449e-09
14400.056 8.444936583616085e-09
14450.056 1.0723817537080254e-08
14500.056 1.8422300832995326e-08
14550.056 1.9187034945075736e-08
14600.056 2.7555620974949646e-08
14650.056 2.5225447598038662e-08
14700.056 1.8216484384198215e-08
14750.056 2.2409417780262822e-08
14800.056 2.882884213238098e-08
14850.056 3.050287583147877e-08
14900.056 3.130756810516472e-08
14950.056 3.6696064561571006e-08
15000.056 4.550482224839299e-08
15050.056 5.191733699007008e-08
15100.056 5.477476292489975e-08
15150.056 5.9120447788844956e-08
15200.056 6.537776290662344e-08
15250.056 8.887271305860344e-08
15300.056 9.996785817309031e-08
15350.056 1.2063641046499724e-07
15400.056 1.3805436932701725e-07
15450.056 1.5583972328561175e-07
15500.056 1.6802117354199072e-07
15550.056 1.9605755066200472e-07
15600.056 2.1825669993299775e-07
15650.056 2.3348101207600711e-07
15700.056 2.6486802868000764e-07
15750.056 2.803196694300004e-07
15800.056 2.8963238596000163e-07
15850.056 3.0890207353000177e-07
15900.056 3.0126135269000375e-07
15950.056 2.9810629419999106e-07
16000.056 2.769613267700051e-07
16050.056 2.3170585943999737e-07
16100.056 1.9522458341999263e-07
16150.056 1.550629362179944e-07
16200.056 1.1852604817039778e-07
16250.056 1.0897720060689e-07
16300.056 9.570479887396111e-08
16350.056 1.0426867383789202e-07
16400.056 1.1532318739643267e-07
16450.056 1.226131309100652e-07
16500.056 1.326583094331749e-07
16550.056 1.2801810032695527e-07
16600.056 1.32619079076804e-07
16650.056 9.457488469474983e-08
16700.056 5.364917940415075e-08
16750.056 7.633405779870302e-08
16800.056 1.035316671614712e-07
16850.056 1.0368171890617583e-07
16900.056 9.166876774416863e-08
16950.056 8.12794292457891e-08
17000.056 6.986020182291086e-08
17050.056 9.025976720690493e-08
17100.056 9.952097183160257e-08
17150.056 8.53727156565976e-08
17200.056 1.0521319685199288e-07
17250.056 8.892794606237775e-08
17300.056 7.85038104068091e-08
17350.056 7.016417460035635e-08
17400.056 7.260575358139677e-08
17450.056 6.925706758219028e-08
17500.056 7.197945286371101e-08
17550.056 6.194186760426308e-08
17600.056 5.747186106354663e-08
17650.056 5.392018289541184e-08
17700.056 4.076713543782299e-08
17750.056 3.358718488443958e-08
17800.056 4.1017251952752076e-08
17850.056 2.662349759141799e-08
17900.056 3.006859090456383e-08
17950.056 2.2018225771058408e-08
18000.056 2.5848279127109434e-08
18050.056 1.8693944302749034e-08
18100.056 2.0267114277689133e-08
18150.056 2.4845131264095626e-08
18200.056 1.5053516649243155e-08
18250.056 3.2922080917242166e-08
18300.056 1.7469055087076443e-08
18350.056 1.556899199682905e-08
18400.056 1.3765535714112052e-08
18450.056 2.0257642534410957e-08
18500.056 2.016941739214766e-08
18550.056 1.5248358308230085e-08
18600.056 1.3452474581927913e-08
18650.056 1.16575041757724e-08
18700.056 9.6119788674079e-09
18750.056 1.4459997037746016e-08
18800.056 2.869522948880546e-08
18850.056 3.064091371792584e-08
18900.056 2.7053638028844852e-08
18950.056 4.480774504054945e-08
19000.056 2.6431519673037954e-08
19050.056 1.9126070398972944e-08
19100.056 3.2276936161135986e-08
19150.056 2.0769349092186683e-08
19200.056 2.810921834253591e-08
19250.056 1.964963088454667e-08
19300.056 1.7102565559519993e-08
19350.056 1.5488962792579358e-08
19400.056 1.1214502629513535e-08
19450.056 1.9232919408327133e-08
19500.056 1.8846924529116308e-08
19550.056 1.5521332307731673e-08
19600.056 2.0133224546443762e-08
19650.056 2.3790940257447424e-08
19700.056 2.357634879075415e-08
19750.056 2.8428271997023e-08
19800.056 2.784419755398472e-08
19850.056 3.675880112514208e-08
19900.056 3.1367367759632964e-08
19950.056 4.630986499923952e-08
20000.056 4.439283048101119e-08
20050.056 4.9095738850868763e-08
20100.056 5.8340328756584146e-08
20150.056 5.28640345542464e-08
20200.056 5.6381941615056424e-08
20250.056 6.897543972481681e-08
20300.056 7.027470319733241e-08
20350.056 7.778929161919671e-08
20400.056 7.642846627379366e-08
20450.056 9.288944049990159e-08
20500.056 1.0072891556147544e-07
20550.056 1.0224671082501178e-07
20600.056 1.1318970139501064e-07
20650.056 1.1771921338400056e-07
20700.056 1.2136027771700613e-07
20750.056 1.2591031879399456e-07
20800.056 1.3017263618598817e-07
20850.056 1.3173649385099955e-07
20900.056 1.3731434269598757e-07
20950.056 1.3542200213500597e-07
21000.056 1.352839162430036e-07
21050.056 1.3523700463299455e-07
21100.056 1.3393383504900085e-07
21150.056 1.3472501695898695e-07
21200.056 1.2971374450700445e-07
21250.056 1.2893410029598981e-07
21300.056 1.2083799363599645e-07
21350.056 1.1988400980999767e-07
21400.056 1.164282702000137e-07
21450.056 1.1095532123720157e-07
21500.056 1.0520966519290712e-07
21550.056 9.982213690200194e-08
21600.056 9.340620867500651e-08
21650.056 8.444350313389907e-08
21700.056 8.458799880300049e-08
21750.056 7.480381094410459e-08
21800.056 6.639395390270381e-08
21850.056 6.078761016684636e-08
21900.056 5.1543578832943506e-08
21950.056 3.7752399823268006e-08
22000.056 2.0304522183289534e-08
22050.056 1.7857019733842504e-08
22100.056 2.870784189103823e-08
22150.056 3.045750049364845e-08
22200.056 3.2452655372594135e-08
22250.056 3.041179911212171e-08
22300.056 2.4235541128018262e-08
22350.056 2.566271605305838e-08
22400.056 1.844451629649566e-08
22450.056 1.8474193370971512e-08
22500.056 1.8130698829436683e-08
22550.056 1.5090252949760106e-08
22600.056 1.4957762157195135e-08
22650.056 1.656935832087135e-08
22700.056 1.4585307459026497e-08
22750.056 1.5303461285773104e-08
22800.056 1.5272392202807863e-08
22850.056 1.3313434679107765e-08
22900.056 1.2809453624997444e-08
22950.056 1.1949363444124418e-08
23000.056 1.4218972705539497e-08
23050.056 1.7759787112460157e-08
23100.056 2.983695124756296e-08
23150.056 2.6161292596131368e-08
23200.056 8.374587951144139e-09
23250.056 1.264327036858654e-08
23300.056 1.0861564277831144e-08
23350.056 1.1662425230392208e-08
23400.056 1.1550833786932694e-08
23450.056 1.0891159575490648e-08
23500.056 1.1992995078233924e-08
23550.056 1.5409181222079344e-08
23600.056 1.813350710081941e-08
23650.056 2.2269893253575105e-08
23700.056 1.1422632737778025e-08
23750.056 1.1264224782875209e-08
23800.056 1.5614971743475833e-08
23850.056 1.5416271695158098e-08
23900.056 2.2847704663988722e-08
23950.056 2.151388699751339e-08
24000.056 2.7353246809412802e-08
24050.056 2.8639162124014578e-08
24100.056 2.5980182307715546e-08
24150.056 3.098908876908722e-08
24200.056 2.8502381508792447e-08
24250.056 2.7996504654961874e-08
24300.056 3.290115491407543e-08
24350.056 2.763040259033801e-08
24400.056 3.832041652026063e-08
24450.056 3.280942886995767e-08
24500.056 3.3130039716652225e-08
24550.056 3.775328804905007e-08
24600.056 3.851220566239684e-08
24650.056 4.698257313327476e-08
24700.056 3.1268907247623975e-08
24750.056 3.225436125939361e-08
24800.056 3.15295976185831e-08
24850.056 4.553448440383184e-08
24900.056 2.2736973843034136e-08
24950.056 3.998002727526021e-08
25000.056 3.419641660691492e-08
25050.056 2.1676754146031743e-08
25100.056 3.159724324614846e-08
25150.056 2.0909939982404546e-08
25200.056 2.6123654020766212e-08
25250.056 1.5436566840205443e-08
25300.056 2.2408529265163437e-08
25350.056 1.3134663823634876e-08
25400.056 2.4271994547904852e-08
25450.056 1.2777984526140597e-08
25500.056 1.3314389464649169e-08
25550.056 1.6610157272891667e-08
25600.056 1.5731155045724725e-08
25650.056 9.169959388647001e-09
25700.056 1.7252758733710108e-08
25750.056 7.463375040308338e-09
25800.056 2.0184845341171886e-08
25850.056 8.520350486509786e-09
25900.056 1.3283915942260897e-08
25950.056 6.390372083147772e-09
26000.056 2.0215305738137638e-08
26050.056 9.870312984720517e-09
26100.056 2.038042231525108e-08
26150.056 1.4576703787304626e-08
26200.056 1.5640151399908922e-08
26250.056 3.065985085616561e-08
26300.056 1.7687250642658967e-08
26350.056 3.6417934861310225e-08
26400.056 3.519089153011348e-08
26450.056 3.2779636936438985e-08
26500.056 3.970339636413277e-08
26550.056 1.858208551030903e-08
26600.056 2.5039521933884014e-08
26650.056 1.052975207345278e-08
26700.056 9.397803459729987e-09
26750.056 6.846397613368166e-09
26800.056 1.1514713474433059e-08
26850.056 6.773382145549474e-09
26900.056 1.633345255695137e-08
26950.056 8.44901665626045e-09
27000.056 2.1940751503692603e-08
27050.056 1.851745991270858e-08
27100.056 1.1782956594320659e-08
27150.056 2.5656068933568318e-08
27200.056 1.2469190244631617e-08
27250.056 1.748992139115806e-08
27300.056 4.193938477800886e-08
27350.056 2.8229892500154682e-08
27400.056 7.423419522873968e-09
27450.056 3.3156725996254515e-08
27500.056 3.498411191637386e-08
27550.056 1.3641074772255999e-08
27600.056 2.5314171562356174e-08
27650.056 1.2315945915807438e-08
27700.056 9.955766883369539e-09
27750.056 2.773000362005711e-08
27800.056 1.2741797863110722e-08
27850.056 1.558218174482669e-08
27900.056 1.6965781874717035e-08
27950.056 3.0180270139344487e-08
28000.056 2.3268892447562426e-08
28050.056 8.37562663851858e-09
28100.056 2.8537604483473228e-08
28150.056 1.893182588821182e-08
28200.056 1.0157984384810025e-08
28250.056 3.0648738916925435e-08
28300.056 3.419080800769085e-08
28350.056 1.2712692386835294e-08
28400.056 2.4133561353795288e-08
28450.056 3.3746101263457686e-08
28500.056 2.4764476169023852e-08
28550.056 1.005647429978354e-08
28600.056 3.634601611086212e-08
28650.056 2.889551456695141e-08
28700.056 2.7787310521148048e-08
28750.056 4.034071748232585e-08
