galfind/configs/Brown_Dwarf_templates/sonora_bobcat/m0.0/1000g/co0.5/sp_t750g1000nc_m+0.0_co0.5_resample.dat
# %ECSV 1.0
# ---
# datatype:
# - {name: wav, unit: Angstrom, datatype: float64}
# - {name: flux_nu, unit: erg / (cm2 Hz s), datatype: float64}
# meta: {C/O: '0.50', Kzz: '1.0000E+05', Teff: '750.', Y: '0.28', '[Fe/H]': '0.00', f_hole: '1.00', f_rain: '0.00', grav: '1000.'}
# schema: astropy-2.0
wav flux_nu
4000.0559999999996 nan
4050.0559999999996 3.3814956079947422e-15
4100.056 8.708187407360197e-13
4150.056 7.973422490900093e-12
4200.056 7.280547607211718e-12
4250.056 3.877986732700032e-11
4300.056 6.703044744800088e-11
4350.056 9.001622105100022e-11
4400.056 1.1936453713800045e-10
4450.056 1.5750611799000148e-10
4500.056 1.7620607726000112e-10
4550.056 1.7168660893099867e-10
4600.056 6.015209621999974e-11
4650.056 3.282865626999989e-11
4700.056 1.3963583059599853e-11
4750.056 3.0791245650999504e-12
4800.056 5.776469726799919e-13
4850.056 1.426275430419984e-13
4900.056 6.080222890299958e-14
4950.056 3.1782900180999786e-14
5000.056 1.5184058648999877e-14
5050.056 8.627465106999988e-15
5100.056 8.130656316800015e-15
5150.056 8.194416872900005e-15
5200.056 8.335962597999998e-15
5250.056 8.550550007799999e-15
5300.056 8.864331764999997e-15
5350.056 9.335960929100008e-15
5400.056 9.991999467600006e-15
5450.056 1.0687719888000003e-14
5500.056 1.1417343898000015e-14
5550.056 1.2144178771000012e-14
5600.056 1.2833402354999995e-14
5650.056 1.3371003759000002e-14
5700.056 1.3607863955000003e-14
5750.056 1.3066931632999986e-14
5800.056 1.1599030321999974e-14
5850.056 8.265697777699916e-15
5900.056 2.8962301608624814e-15
5950.056 1.6357092802200242e-14
6000.056 3.3650994149000166e-14
6050.056 5.854832105200056e-14
6100.056 9.294738887800055e-14
6150.056 1.4035457656000078e-13
6200.056 2.07144520770001e-13
6250.056 3.0153000919000137e-13
6300.056 4.34350692890002e-13
6350.056 6.211076179600031e-13
6400.056 8.836689190600048e-13
6450.056 1.228242508500001e-12
6500.056 1.732452063700009e-12
6550.056 2.4430160250000008e-12
6600.056 3.4295200652000376e-12
6650.056 4.789360238300028e-12
6700.056 6.194134961300055e-12
6750.056 8.734986274400036e-12
6800.056 1.0845907456700038e-11
6850.056 1.1668704992999996e-11
6900.056 1.039912782530002e-11
6950.056 8.812049493599976e-12
7000.056 8.641103143100001e-12
7050.056 9.180858368699963e-12
7100.056 9.93947782039998e-12
7150.056 9.857438858899895e-12
7200.056 9.550505297300051e-12
7250.056 9.470955420999736e-12
7300.056 9.000368722600267e-12
7350.056 8.900899938599944e-12
7400.056 8.816711596500134e-12
7450.056 8.824333414900154e-12
7500.056 8.684229247099993e-12
7550.056 8.317452988199989e-12
7600.056 7.723978480999976e-12
7650.056 3.0737646318658974e-12
7700.056 2.512153959312084e-12
7750.056 8.141155654600104e-12
7800.056 1.178878074130006e-11
7850.056 1.782350470200006e-11
7900.056 2.3953522874000017e-11
7950.056 2.7756942413600183e-11
8000.056 4.17180229120003e-11
8050.056 5.4496525121000435e-11
8100.056 6.615345877199927e-11
8150.056 8.129000967800038e-11
8200.056 1.1304872660300296e-10
8250.056 1.4104144992900025e-10
8300.056 1.8122717758600767e-10
8350.056 2.2955710565499858e-10
8400.056 2.9022454289999883e-10
8450.056 3.7115245501000044e-10
8500.056 4.27551064469989e-10
8550.056 5.622194499100145e-10
8600.056 7.155046621100062e-10
8650.056 8.77184983570008e-10
8700.056 1.0620536061700094e-09
8750.056 1.2829336953000102e-09
8800.056 1.530395884700012e-09
8850.056 1.7776936716000063e-09
8900.056 1.8054048245999642e-09
8950.056 1.6562665888099514e-09
9000.056 2.2058943816899066e-09
9050.056 3.0967161018100503e-09
9100.056 3.5050434416300795e-09
9150.056 3.853043385400096e-09
9200.056 4.570947780059926e-09
9250.056 4.605389789916826e-09
9300.056 1.711788826358989e-09
9350.056 2.412753582554667e-09
9400.056 4.521765811775973e-09
9450.056 4.5203217439708394e-09
9500.056 4.4113202131056595e-09
9550.056 4.8746189133884335e-09
9600.056 5.264446237750669e-09
9650.056 6.68131159704528e-09
9700.056 9.593500246905372e-09
9750.056 1.0494746626358085e-08
9800.056 1.2417954718829539e-08
9850.056 1.4734841473799779e-08
9900.056 1.826167567930034e-08
9950.056 2.0809930889000296e-08
10000.056 1.9480457383009925e-08
10050.056 2.7126156819000145e-08
10100.056 3.0468156074000195e-08
10150.056 3.345953080200008e-08
10200.056 3.583738955900064e-08
10250.056 4.058445778800049e-08
10300.056 4.667189508699867e-08
10350.056 4.877755036000099e-08
10400.056 5.4659981126000226e-08
10450.056 5.945682197399805e-08
10500.056 6.412492399299938e-08
10550.056 6.919040683300012e-08
10600.056 7.265126899799995e-08
10650.056 7.62072240600006e-08
10700.056 7.785188071300051e-08
10750.056 8.081042521500053e-08
10800.056 8.235212775800059e-08
10850.056 8.119910883400053e-08
10900.056 6.891386086999879e-08
10950.056 4.359261172340004e-08
11000.056 3.086941581199676e-08
11050.056 1.9665323059740924e-08
11100.056 1.2819003671855992e-08
11150.056 8.186781471934135e-09
11200.056 9.313027865728246e-09
11250.056 1.3319186030544354e-08
11300.056 1.3463540249872085e-08
11350.056 6.0969599569312445e-09
11400.056 1.747834641077069e-08
11450.056 1.1692776989567018e-08
11500.056 1.4113206147700321e-08
11550.056 8.21591439511927e-09
11600.056 7.821759053226071e-09
11650.056 1.1298964553510565e-08
11700.056 1.2632396254235244e-08
11750.056 9.544385414449922e-09
11800.056 1.9115540899822505e-08
11850.056 2.785192935575869e-08
11900.056 3.384537614529785e-08
11950.056 4.546571192270366e-08
12000.056 5.546824128020096e-08
12050.056 6.796602565800153e-08
12100.056 7.863162554299675e-08
12150.056 9.273326553099686e-08
12200.056 1.0467234236399873e-07
12250.056 1.1959169646899628e-07
12300.056 1.3901581783800313e-07
12350.056 1.477677665959994e-07
12400.056 1.672491045199974e-07
12450.056 1.819626486700024e-07
12500.056 1.925452442000053e-07
12550.056 2.1203747843999997e-07
12600.056 2.3107086674000193e-07
12650.056 2.3269298325999988e-07
12700.056 2.3188516229000242e-07
12750.056 2.116575201750027e-07
12800.056 1.9917966460799979e-07
12850.056 1.6091781360400013e-07
12900.056 1.4063164520200343e-07
12950.056 1.291727288731023e-07
13000.056 1.3332402492000692e-07
13050.056 1.1496986484620145e-07
13100.056 1.1619294345563262e-07
13150.056 9.055601517003273e-08
13200.056 8.569956899339885e-08
13250.056 5.999759211252463e-08
13300.056 2.9832083253764184e-08
13350.056 8.873148444462196e-09
13400.056 2.8746023440238375e-09
13450.056 1.4512291852337043e-09
13500.056 7.747751230085133e-10
13550.056 4.3187432806176526e-10
13600.056 2.638893379429439e-10
13650.056 8.259897461143763e-10
13700.056 5.511709956292624e-10
13750.056 1.1539133032409164e-09
13800.056 1.4623279186111942e-09
13850.056 8.224899790429738e-10
13900.056 8.813778885423168e-10
13950.056 9.165364254115282e-10
14000.056 9.542775643360893e-10
14050.056 1.2416328010544423e-09
14100.056 9.157134949977561e-10
14150.056 1.4236374126922786e-09
14200.056 1.0071224724458653e-09
14250.056 1.1078887983220168e-09
14300.056 2.5084608221911454e-09
14350.056 2.1829263676157902e-09
14400.056 2.2182960700464596e-09
14450.056 3.1633041127345685e-09
14500.056 5.795450967723604e-09
14550.056 5.909264192164524e-09
14600.056 9.011875285011423e-09
14650.056 7.309741243170413e-09
14700.056 4.569183549354875e-09
14750.056 5.165057613498298e-09
14800.056 6.883472165537395e-09
14850.056 7.268789960838827e-09
14900.056 7.586724197881663e-09
14950.056 8.653796741753047e-09
15000.056 1.2858394706551117e-08
15050.056 1.367845891465686e-08
15100.056 1.3025806976238497e-08
15150.056 1.2615820395585581e-08
15200.056 1.646784484302834e-08
15250.056 2.5346843974256033e-08
15300.056 2.943121381449736e-08
15350.056 3.664289294249903e-08
15400.056 4.35620634383066e-08
15450.056 5.095427766430609e-08
15500.056 5.719071636249412e-08
15550.056 7.024013005200586e-08
15600.056 8.296488056999731e-08
15650.056 9.464242571800341e-08
15700.056 1.1211260671000117e-07
15750.056 1.211169358600014e-07
15800.056 1.2829710113099933e-07
15850.056 1.3868000030600192e-07
15900.056 1.360889619140011e-07
15950.056 1.354673873699972e-07
16000.056 1.2422344282500234e-07
16050.056 1.0076690104699857e-07
16100.056 8.153282480099737e-08
16150.056 6.134924389879709e-08
16200.056 4.339589083780041e-08
16250.056 3.794140613297661e-08
16300.056 3.182669786021089e-08
16350.056 3.538819378667102e-08
16400.056 3.9311958756292446e-08
16450.056 4.181559503151684e-08
16500.056 4.4937210318349096e-08
16550.056 4.33284305927702e-08
16600.056 4.7739274791971335e-08
16650.056 3.1970473135834084e-08
16700.056 1.5326632141352793e-08
16750.056 2.602106129531197e-08
16800.056 3.601262280641776e-08
16850.056 3.600482811311059e-08
16900.056 3.0068084182478024e-08
16950.056 2.5685170680937396e-08
17000.056 2.1239195485863275e-08
17050.056 2.8940621306801265e-08
17100.056 3.340609531000084e-08
17150.056 2.79463115604298e-08
17200.056 3.853445020769891e-08
17250.056 3.087086365924187e-08
17300.056 2.707328917018905e-08
17350.056 2.45818476188585e-08
17400.056 2.6314120340119094e-08
17450.056 2.5951760215267236e-08
17500.056 2.7198476336255053e-08
17550.056 2.2759324542889862e-08
17600.056 2.0881005522724998e-08
17650.056 1.8854901029803838e-08
17700.056 1.4365453735544268e-08
17750.056 1.143479406299897e-08
17800.056 1.4484523025011826e-08
17850.056 8.972702287324077e-09
17900.056 9.876304004624167e-09
17950.056 6.748960749073871e-09
18000.056 8.582434556956328e-09
18050.056 5.446182941651586e-09
18100.056 6.163200095629663e-09
18150.056 7.1537177274584235e-09
18200.056 4.3178255098327125e-09
18250.056 1.0456559579533678e-08
18300.056 4.521904665362951e-09
18350.056 4.040154263743145e-09
18400.056 3.3457574735944086e-09
18450.056 6.402496926014133e-09
18500.056 6.105251424909081e-09
18550.056 4.34393013401569e-09
18600.056 4.10194860202144e-09
18650.056 3.200484187846884e-09
18700.056 2.1605942209772354e-09
18750.056 3.694862888482036e-09
18800.056 9.082726305286814e-09
18850.056 9.165862204442602e-09
18900.056 7.929951283991215e-09
18950.056 1.3526324408955556e-08
19000.056 6.6922404075669e-09
19050.056 4.259752560950585e-09
19100.056 7.619864800265419e-09
19150.056 4.3454060394913575e-09
19200.056 6.0439385311420155e-09
19250.056 4.102929195720073e-09
19300.056 3.3843732307858618e-09
19350.056 3.0698395413418146e-09
19400.056 2.371979536317935e-09
19450.056 3.9783410530494514e-09
19500.056 3.685485343730801e-09
19550.056 3.562695073773262e-09
19600.056 4.99076813042261e-09
19650.056 5.342421359487756e-09
19700.056 5.577890094695059e-09
19750.056 7.541451870299969e-09
19800.056 6.591370088719264e-09
19850.056 8.786699616837329e-09
19900.056 8.5381407547375e-09
19950.056 1.22598641740841e-08
20000.056 1.278071587449548e-08
20050.056 1.3044985594407224e-08
20100.056 1.762803923169917e-08
20150.056 1.3445766352394532e-08
20200.056 1.2932221563021444e-08
20250.056 1.7979382851172524e-08
20300.056 1.9110023916336122e-08
20350.056 2.013206926281382e-08
20400.056 1.9610173608199048e-08
20450.056 2.6585685830034114e-08
20500.056 2.922677391719334e-08
20550.056 3.0577765434603604e-08
20600.056 3.323662779900366e-08
20650.056 3.6568556035999515e-08
20700.056 3.8519802850701784e-08
20750.056 4.054312657799808e-08
20800.056 4.151633014799517e-08
20850.056 4.37347630240006e-08
20900.056 4.5441784863996815e-08
20950.056 4.501166947200207e-08
21000.056 4.50094433200008e-08
21050.056 4.569884859799824e-08
21100.056 4.534943879500032e-08
21150.056 4.547585414899657e-08
21200.056 4.406548713900159e-08
21250.056 4.358117351699698e-08
21300.056 4.098565771099917e-08
21350.056 4.026287860639868e-08
21400.056 3.946352100700401e-08
21450.056 3.667984615760048e-08
21500.056 3.443937361545196e-08
21550.056 3.209613262730025e-08
21600.056 2.977176300232165e-08
21650.056 2.558896579160855e-08
21700.056 2.5520511984999242e-08
21750.056 2.1942555027260594e-08
21800.056 1.8485504804425838e-08
21850.056 1.70348665512214e-08
21900.056 1.4128624167935246e-08
21950.056 9.777824288730976e-09
22000.056 4.747701621478492e-09
22050.056 4.564353708344668e-09
22100.056 8.534198637959463e-09
22150.056 8.146511518293716e-09
22200.056 8.78785120661771e-09
22250.056 8.067715956980186e-09
22300.056 5.935752414535455e-09
22350.056 6.876443798053853e-09
22400.056 4.167965945099563e-09
22450.056 4.8621888618575495e-09
22500.056 4.417241737942861e-09
22550.056 3.554471226675924e-09
22600.056 3.2989667918926105e-09
22650.056 3.950646249538371e-09
22700.056 3.508702629055987e-09
22750.056 3.875775040324367e-09
22800.056 3.988063290658472e-09
22850.056 3.358444584590887e-09
22900.056 3.2139344299627553e-09
22950.056 3.053552289416219e-09
23000.056 3.5372581010736085e-09
23050.056 4.455514152218738e-09
23100.056 8.858548963396578e-09
23150.056 6.884007663887189e-09
23200.056 1.7649102581081595e-09
23250.056 3.2558352256022606e-09
23300.056 2.7387851412053594e-09
23350.056 3.2076775582761164e-09
23400.056 3.005765169926389e-09
23450.056 2.756959939246356e-09
23500.056 3.0823415286200435e-09
23550.056 4.299329303796071e-09
23600.056 5.253938516854519e-09
23650.056 6.627715662022189e-09
23700.056 2.786438959064584e-09
23750.056 2.9030377302003865e-09
23800.056 5.241247052792322e-09
23850.056 4.65199837295538e-09
23900.056 7.3550341226462824e-09
23950.056 6.224586064545714e-09
24000.056 8.922345624966534e-09
24050.056 9.144264041188321e-09
24100.056 8.460071293314697e-09
24150.056 1.065410368211033e-08
24200.056 8.990424191423844e-09
24250.056 9.274923221123982e-09
24300.056 1.1573959699551362e-08
24350.056 9.602378933215023e-09
24400.056 1.4289040701339516e-08
24450.056 1.2484141735756116e-08
24500.056 1.224796114177794e-08
24550.056 1.4795745647053318e-08
24600.056 1.52077914342281e-08
24650.056 1.893316278110594e-08
24700.056 1.2217590139728763e-08
24750.056 1.280346901855394e-08
24800.056 1.211985031123467e-08
24850.056 1.8487724689416932e-08
24900.056 8.368596846854836e-09
24950.056 1.570174511582058e-08
25000.056 1.350357669742237e-08
25050.056 8.1270536154596e-09
25100.056 1.249127410480187e-08
25150.056 7.564812723303274e-09
25200.056 9.806931743149299e-09
25250.056 4.993127531223957e-09
25300.056 7.563832184802267e-09
25350.056 4.000420023647014e-09
25400.056 8.383535876078749e-09
25450.056 3.810536823253049e-09
25500.056 3.8195985923958865e-09
25550.056 5.6309403447959546e-09
25600.056 4.88102340788006e-09
25650.056 2.4421886008190633e-09
25700.056 4.635017567641508e-09
25750.056 1.6998944923824265e-09
25800.056 5.880465511448353e-09
25850.056 1.964661429505757e-09
25900.056 3.2255775564993396e-09
25950.056 1.2287796046778443e-09
26000.056 5.822722560721036e-09
26050.056 1.9984710050491513e-09
26100.056 5.525803080635491e-09
26150.056 3.4659233290314944e-09
26200.056 3.800847629707253e-09
26250.056 1.0326875117319721e-08
26300.056 4.7536470148716824e-09
26350.056 1.2878587256916402e-08
26400.056 1.2740463012100768e-08
26450.056 1.1114656080701163e-08
26500.056 1.5256875576865888e-08
26550.056 5.210804937993723e-09
26600.056 6.834915302477765e-09
26650.056 2.1799687265655872e-09
26700.056 1.7976203667871904e-09
26750.056 1.38872825512452e-09
26800.056 2.7530178625625886e-09
26850.056 1.52686164902971e-09
26900.056 4.7088874173738715e-09
26950.056 2.146728679892132e-09
27000.056 7.124518523509331e-09
27050.056 6.404863251016536e-09
27100.056 2.8494343034505805e-09
27150.056 9.11376963375731e-09
27200.056 2.9555557710969243e-09
27250.056 5.14425147722367e-09
27300.056 1.5866397569518982e-08
27350.056 9.100664002062818e-09
27400.056 1.4667188692864463e-09
27450.056 1.0425018527273207e-08
27500.056 1.167843081981657e-08
27550.056 3.4345903208525875e-09
27600.056 7.159908624191156e-09
27650.056 2.978707667264926e-09
27700.056 2.353208362878248e-09
27750.056 8.442483510832533e-09
27800.056 3.3677938678558255e-09
27850.056 4.393984108743718e-09
27900.056 4.715300742553562e-09
27950.056 9.314242861008161e-09
28000.056 7.272682323340183e-09
28050.056 1.9118644146109124e-09
28100.056 8.16604293738994e-09
28150.056 5.647651446864179e-09
28200.056 2.5687962816492625e-09
28250.056 9.703051520186239e-09
28300.056 1.0068491514658822e-08
28350.056 3.239923680359258e-09
28400.056 7.488395847238359e-09
28450.056 1.09439013032408e-08
28500.056 7.740688078309167e-09
28550.056 2.5603997567334895e-09
28600.056 1.1958414271197531e-08
28650.056 8.832363248548761e-09
28700.056 9.42645019936979e-09
28750.056 1.4057840123208626e-08
28800.056 9.614957928236811e-09
28850.056 1.281952876097155e-08
