galfind/configs/Brown_Dwarf_templates/sonora_bobcat/m0.0/1000g/co0.5/sp_t575g1000nc_m+0.0_co0.5_resample.dat
# %ECSV 1.0
# ---
# datatype:
# - {name: wav, unit: Angstrom, datatype: float64}
# - {name: flux_nu, unit: erg / (cm2 Hz s), datatype: float64}
# meta: {C/O: '0.50', Kzz: '1.0000E+05', Teff: '575.', Y: '0.28', '[Fe/H]': '0.00', f_hole: '1.00', f_rain: '0.00', grav: '1000.'}
# schema: astropy-2.0
wav flux_nu
[from data line 499]
28950.056 1.6898980740341878e-09
29000.056 1.3831325141532653e-09
29050.056 1.962444343708979e-09
29100.056 1.0514152983574567e-09
29150.056 1.9143323286037727e-09
29200.056 2.10088896597303e-09
29250.056 2.83515249460167e-09
29300.056 1.4878143847503412e-09
29350.056 4.507659373577689e-09
29400.056 1.6932598647893609e-09
29450.056 1.5908461749631261e-09
29500.056 3.6555759931250644e-09
29550.056 1.7391886051462335e-09
29600.056 2.3923964754294315e-09
29650.056 5.076297479723137e-09
29700.056 1.6464020813513604e-09
29750.056 3.855160141553443e-09
29800.056 3.303330390924163e-09
29850.056 4.879459544313741e-09
29900.056 3.1749750658160298e-09
29950.056 3.0837511125156606e-09
30000.056 1.2711406148227944e-10
30050.056 4.858753760290434e-10
30100.056 1.3555815762276221e-09
30150.056 4.051088242979406e-09
30200.056 3.2427506407677764e-09
30250.056 6.469581578965073e-09
30300.056 6.710186667783953e-09
30350.056 2.688556133110671e-09
30400.056 7.818915533186686e-09
30450.056 4.888736346631412e-09
30500.056 4.411542694802234e-09
30550.056 3.515746643904408e-09
30600.056 1.3180361594821207e-08
30650.056 6.313720231465243e-09
30700.056 4.9192355990715625e-09
30750.056 8.19759271861987e-09
30800.056 6.455044296218034e-09
30850.056 7.466049701368742e-09
30900.056 4.475762755339073e-09
30950.056 4.022771884379845e-09
31000.056 4.816406615553024e-09
31050.056 4.791328253808293e-09
31100.056 2.582429012351309e-09
31150.056 4.928338204119527e-09
31200.056 9.910420834860347e-09
31250.056 5.220041069961599e-09
31300.056 4.119801436203072e-09
31350.056 6.6681202566774014e-09
31400.056 5.004757196736287e-09
31450.056 5.616561031640844e-09
31500.056 2.2891169247603433e-09
31550.056 4.160796212042469e-09
31600.056 2.9090939826628403e-09
31650.056 2.4977497210637948e-09
31700.056 2.551983002120661e-09
31750.056 1.5240909228421515e-09
31800.056 3.158841727040319e-09
31850.056 9.143743875205625e-10
31900.056 1.8565836577200212e-09
31950.056 1.020500451189328e-09
32000.056 1.0657119466063454e-09
32050.056 1.2981529320207716e-09
32100.056 1.0655269049792007e-09
32150.056 1.4174294391162451e-09
32200.056 8.32552034193587e-10
32250.056 1.8327592544355724e-09
32300.056 6.880314169655119e-10
32350.056 2.182034306384324e-09
32400.056 6.107276116469544e-10
32450.056 1.7876203600103336e-09
32500.056 8.785764887464937e-10
32550.056 1.7670365273359205e-09
32600.056 1.1854321631785768e-09
32650.056 2.7400965000269903e-09
32700.056 1.5303222996521969e-09
32750.056 4.5977865116213274e-09
32800.056 3.955629701250768e-09
32850.056 6.994448774400779e-09
32900.056 6.663951286251047e-09
32950.056 6.462050441974358e-09
33000.056 3.2120287976873566e-09
33050.056 4.45880572411022e-09
33100.056 1.2478338240960763e-09
33150.056 5.339399916631609e-12
33200.056 4.211801377338323e-11
33250.056 6.021191613165953e-11
33300.056 2.5886557649575445e-10
33350.056 8.130844666908424e-10
33400.056 1.9756814063489764e-09
33450.056 1.7988947442851626e-09
33500.056 5.445588369211708e-09
33550.056 1.9137911766219004e-09
33600.056 4.024469266715352e-09
33650.056 4.1542164929799215e-09
33700.056 1.8268074203088284e-09
33750.056 5.518011263192036e-09
33800.056 9.555729256935266e-10
33850.056 2.9245040086043712e-09
33900.056 2.9376105306690264e-09
33950.056 2.474438632901098e-09
34000.056 4.54229516411871e-09
34050.056 1.020519026952959e-09
34100.056 3.73896196473499e-09
34150.056 1.6885480957054885e-09
34200.056 3.771636295157925e-09
34250.056 3.086286382570787e-09
34300.056 2.2908996568588872e-09
34350.056 4.511962855066704e-09
34400.056 1.7648079794099095e-09
34450.056 5.003771183594326e-09
34500.056 3.2396354836486853e-09
34550.056 1.803305566255762e-09
34600.056 7.152409777700042e-09
34650.056 1.6424057744151e-09
34700.056 5.533568179531295e-09
34750.056 3.736053301777405e-09
34800.056 2.6450924300797116e-09
34850.056 8.1921772521754e-09
34900.056 2.9149220455939417e-09
34950.056 6.9350779614791276e-09
35000.056 1.1268992194902345e-08
35050.056 4.856728060604937e-09
35100.056 1.2427378313788961e-08
35150.056 1.0463594265225913e-08
35200.056 8.713244165282844e-09
35250.056 1.537033752856502e-08
35300.056 5.604039063939616e-09
35350.056 9.407155544978706e-09
35400.056 8.756274027977843e-09
35450.056 6.0114942468534335e-09
35500.056 1.8035966230422445e-08
35550.056 1.1147502135017171e-08
35600.056 1.3360498247605005e-08
35650.056 1.507289620759859e-08
35700.056 1.2222686463588375e-08
35750.056 2.1732774476539827e-08
35800.056 1.8438624426942116e-08
35850.056 1.008142994586142e-08
35900.056 1.62071113367513e-08
35950.056 1.9089232170088075e-08
36000.056 1.889879530780335e-08
36050.056 1.6717162891985272e-08
36100.056 1.4280040754082633e-08
36150.056 2.502374924839814e-08
36200.056 2.8305469676515714e-08
36250.056 1.9665960160579248e-08
36300.056 3.512810933599201e-08
36350.056 2.790679826354293e-08
36400.056 3.423648058677294e-08
36450.056 2.9233467089648635e-08
36500.056 3.3503481802099375e-08
36550.056 4.539025953550589e-08
36600.056 5.1605442066991134e-08
36650.056 3.649521344759666e-08
36700.056 3.837812321806238e-08
36750.056 5.0610385968006347e-08
36800.056 5.398548456009707e-08
36850.056 3.940437172148104e-08
36900.056 4.7582855506520614e-08
36950.056 5.58811217639888e-08
37000.056 4.6036233648396304e-08
37050.056 5.7129640948799126e-08
37100.056 4.153072168330428e-08
37150.056 4.944435950140334e-08
37200.056 6.91175698289928e-08
37250.056 4.406214949958991e-08
37300.056 3.836826768371409e-08
37350.056 5.833920024941041e-08
37400.056 7.413881371899798e-08
37450.056 4.3475993233118184e-08
37500.056 4.9930635085416746e-08
37550.056 8.002457181101978e-08
37600.056 9.714280386000878e-08
37650.056 4.482679174820605e-08
37700.056 7.327986493880653e-08
37750.056 5.592472867700717e-08
37800.056 6.344798630111096e-08
37850.056 4.2100896342300765e-08
37900.056 4.942306487320268e-08
37950.056 6.694950585639993e-08
38000.056 6.280529310069803e-08
38050.056 7.246411000501156e-08
38100.056 9.103130267660375e-08
38150.056 9.561698138399683e-08
38200.056 7.892985217599853e-08
38250.056 8.10562213639127e-08
38300.056 1.1424310259597975e-07
38350.056 1.1281249103701781e-07
38400.056 7.098781377267456e-08
38450.056 4.9493278873683675e-08
38500.056 4.447143971860978e-08
38550.056 8.362206635401258e-08
38600.056 7.994380380998763e-08
38650.056 8.315352024998999e-08
38700.056 9.249510833999864e-08
38750.056 7.53368749860024e-08
38800.056 8.306060913799685e-08
38850.056 8.651759054300008e-08
38900.056 9.98737049829875e-08
38950.056 8.243740019300413e-08
39000.056 8.882952862698071e-08
39050.056 8.79210542060305e-08
39100.056 8.948396451379246e-08
39150.056 1.1943725699899414e-07
39200.056 9.209682266099488e-08
39250.056 1.1346490421200503e-07
39300.056 9.914637658999662e-08
39350.056 1.256722591340001e-07
39400.056 9.660727444940388e-08
39450.056 1.2270401876680143e-07
39500.056 1.2708990466999772e-07
39550.056 8.280591939002907e-08
39600.056 1.1323861347100569e-07
39650.056 1.432423710179951e-07
39700.056 1.2982714137401213e-07
39750.056 8.646183740861842e-08
39800.056 9.51215273580049e-08
39850.056 1.4717328787200358e-07
39900.056 1.5548415838700907e-07
39950.056 1.0367646814599269e-07
40000.056 1.321014798609936e-07
40050.056 1.4081459856199808e-07
40100.056 8.066306133937179e-08
40150.056 1.333166877770055e-07
40200.056 1.3674890466398677e-07
40250.056 1.4385310916097817e-07
40300.056 1.4763168478801378e-07
40350.056 1.0955073099498267e-07
40400.056 1.3753936929439531e-07
40450.056 9.160594857898636e-08
40500.056 1.3442995212599361e-07
40550.056 1.6324979402297826e-07
40600.056 1.4324819833600266e-07
40650.056 1.267215559216831e-07
40700.056 1.8311526987399277e-07
40750.056 1.3929946530097966e-07
40800.056 1.1123947105497741e-07
40850.056 1.7992566639101876e-07
40900.056 1.7296361646798461e-07
40950.056 1.5246581437401155e-07
41000.056 1.2927702212599213e-07
41050.056 1.8341223930198548e-07
41100.056 1.766838051099885e-07
41150.056 1.1073931293499719e-07
41200.056 1.7991202677601092e-07
41250.056 1.702088539929863e-07
41300.056 1.6068291415200543e-07
41350.056 1.9768917477999647e-07
41400.056 1.6502656404600995e-07
41450.056 2.0501933716399428e-07
41500.056 1.5773626386497462e-07
41550.056 1.4129025477402587e-07
41600.056 1.4210488487930876e-07
41650.056 1.7912714446501651e-07
41700.056 1.8828057117998028e-07
41750.056 1.6764501603798693e-07
41800.056 1.721024481000161e-07
41850.056 1.420907948769911e-07
41900.056 1.5694389765896956e-07
41950.056 1.6808961592100036e-07
42000.056 1.2183616907494538e-07
42050.056 1.1696690545801733e-07
42100.056 1.4900177256498148e-07
42150.056 1.2537318908299906e-07
42200.056 1.295402231419894e-07
42250.056 1.4126367365001273e-07
42300.056 1.347103668839953e-07
42350.056 1.5740253050400714e-07
42400.056 1.709718057700075e-07
42450.056 1.4137627382701768e-07
42500.056 1.4799433753799562e-07
42550.056 1.328080505959938e-07
42600.056 1.6285515691103255e-07
42650.056 2.0535140650997761e-07
42700.056 1.4334347852696977e-07
42750.056 1.253662494350201e-07
42800.056 1.6613828297500448e-07
42850.056 1.8487439424197158e-07
42900.056 1.9097801587001526e-07
42950.056 1.536711082889885e-07
43000.056 1.7653241355199896e-07
43050.056 1.0198386094802028e-07
43100.056 1.6668458554999519e-07
43150.056 1.3473913884500597e-07
43200.056 1.572633580590083e-07
43250.056 2.2493461836000881e-07
43300.056 2.0895916960000216e-07
43350.056 1.0950534585798364e-07
43400.056 1.6753550602300974e-07
43450.056 1.2494887695601654e-07
43500.056 1.35631967537008e-07
43550.056 1.409287810800052e-07
43600.056 1.8782482148401007e-07
43650.056 1.1150533031899655e-07
43700.056 2.0587195987402496e-07
43750.056 1.9071461478399538e-07
43800.056 1.7088926539798677e-07
43850.056 1.579066662790229e-07
43900.056 1.4219583622098759e-07
43950.056 1.0453649932598737e-07
44000.056 9.195652941300016e-08
44050.056 1.8553344995001168e-07
44100.056 2.436132958000059e-07
44150.056 2.3657618179799176e-07
44200.056 2.1258628662000498e-07
44250.056 1.2336158594299415e-07
44300.056 9.407319406901095e-08
44350.056 1.123512342220142e-07
44400.056 1.0913966225399515e-07
44450.056 1.7150773396901195e-07
44500.056 1.469503506520205e-07
44550.056 2.0975230051999608e-07
44600.056 1.8114189479490504e-07
44650.056 1.7178100093699316e-07
44700.056 1.195315872729856e-07
44750.056 1.552621722860253e-07
44800.056 1.2374995443860933e-07
44850.056 1.8327271620000833e-07
44900.056 1.4195196254899728e-07
44950.056 1.5940617707301284e-07
45000.056 1.830228748900026e-07
45050.056 1.723893409679869e-07
45100.056 1.6150948036201022e-07
45150.056 1.5368392330699092e-07
45200.056 1.1120921584400805e-07
45250.056 1.309664445579808e-07
45300.056 1.245720857650148e-07
45350.056 1.0156327452080882e-07
45400.056 2.1628645754001786e-07
45450.056 1.9518324874301646e-07
45500.056 2.1792380220401218e-07
45550.056 2.387722912199671e-07
45600.056 2.197280700000125e-07
45650.056 1.8470969197199165e-07
45700.056 1.1709032830619461e-07
45750.056 1.049769152671059e-07
45800.056 2.340736522870106e-07
45850.056 2.0375033025500174e-07
45900.056 2.3236929768999383e-07
45950.056 1.9013902867599243e-07
46000.056 2.2158640222402254e-07
46050.056 1.7528179917800438e-07
46100.056 2.511004104299882e-07
46150.056 1.5376324893300044e-07
46200.056 1.3436634735898682e-07
46250.056 6.139454174975462e-08
46300.056 1.577993936090049e-07
46350.056 1.7124348854801601e-07
46400.056 1.6265151348300603e-07
46450.056 1.4125685635259153e-07
46500.056 1.5496276216102471e-07
46550.056 9.792138964000192e-08
46600.056 1.255317303527832e-07
46650.056 1.8671575711000974e-07
46700.056 1.3324528772397884e-07
46750.056 7.069164752341101e-08
46800.056 5.093791499679781e-08
46850.056 1.7786488064202165e-07
46900.056 1.9351414261299142e-07
46950.056 1.8338859679498777e-07
47000.056 1.7814499961401641e-07
47050.056 1.33167699807961e-07
47100.056 9.876786179700446e-08
47150.056 1.5011491703401873e-07
47200.056 1.7189105107199183e-07
47250.056 9.175430951238763e-08
47300.056 6.360042380748172e-08
47350.056 1.8538122039000763e-07
47400.056 1.7624905008999077e-07
47450.056 1.3625392648691776e-07
47500.056 2.016471784099916e-07
47550.056 1.6783828841100636e-07
47600.056 1.6344206461598503e-07
47650.056 1.7191089286519068e-07
47700.056 1.3487955509442546e-07
47750.056 1.0097778655300057e-07
47800.056 8.77456176380103e-08
47850.056 4.505130186020595e-08
47900.056 6.878153931129719e-08
47950.056 1.5428422539800766e-07
48000.056 1.9548132836999649e-07
48050.056 1.6226785531899132e-07
48100.056 7.534472630280298e-08
48150.056 1.2505582248800477e-07
48200.056 9.596170382139494e-08
48250.056 1.2532548921300054e-07
48300.056 1.9025213433000047e-07
48350.056 1.2079112435998907e-07
48400.056 3.485723007804228e-08
48450.056 7.029206919467536e-08
48500.056 1.1344022828397625e-07
48550.056 1.2437710712541447e-07
48600.056 1.518293602860034e-07
48650.056 1.9141624570999574e-07
48700.056 1.341336812900132e-07
48750.056 8.599697954601642e-08
48800.056 1.5770018405700979e-07
48850.056 9.094434405828544e-08
48900.056 1.2138116918226913e-07
48950.056 7.487579735699746e-08
49000.056 4.211124235234716e-08
49050.056 1.176656799909869e-07
49100.056 1.4201937955772024e-07
49150.056 1.0684421229619836e-07
49200.056 1.5920812270901554e-07
49250.056 1.6162692693800544e-07
49300.056 1.3545736965599457e-07
49350.056 6.390158753291257e-08
49400.056 9.35016460363812e-08
49450.056 8.528634559276915e-08
49500.056 7.173847907879044e-08
49550.056 1.8779741122489888e-08
49600.056 4.792769372752762e-08
49650.056 9.516309670400007e-08
49700.056 1.0704417411897942e-07
49750.056 1.1386954772549258e-07
49800.056 7.33647997979376e-08
49850.056 1.3810653579201306e-07
49900.056 1.2513878833299702e-07
49950.056 1.1217323341899723e-07
50000.056 9.324618001779052e-08
50050.056 1.1278387614900363e-07
50100.056 9.250316873299476e-08
50150.056 4.7003989891592884e-08
50200.056 1.0718023233044313e-08
50250.056 5.555281225499881e-08
50300.056 3.766090086465584e-08
50350.056 1.0508561765701243e-07
50400.056 1.1156626954899455e-07
50450.056 7.765557538040099e-08
50500.056 1.2663218105800745e-07
50550.056 1.2752010768700337e-07
50600.056 8.253120051797813e-08
50650.056 1.27217265867019e-07
50700.056 1.3360002322099675e-07
50750.056 8.49306953790029e-08
50800.056 3.391129222353405e-08
50850.056 2.073021498928888e-08
50900.056 1.014279131810039e-07
50950.056 9.866107479799709e-08
51000.056 7.606542544695906e-08
51050.056 1.0341561360698686e-07
51100.056 4.1321642585427724e-08
51150.056 4.7383398806908873e-08
51200.056 1.2706823263999613e-07
51250.056 9.288690104698499e-08
51300.056 6.08345575919116e-08
51350.056 6.799626552680927e-08
51400.056 2.6942584479134673e-08
51450.056 2.0785707908988895e-08
51500.056 1.8277223076736712e-08
51550.056 6.269966084060858e-08
51600.056 5.2769285293407127e-08
51650.056 6.679631998299548e-08
51700.056 7.205582156673e-08
51750.056 5.2918764292510166e-08
51800.056 9.322524920998744e-08
51850.056 7.252294922449791e-08
51900.056 9.252198099200378e-08
51950.056 5.720816316199319e-08
52000.056 7.48641539364735e-09
52050.056 3.134803482460385e-08
52100.056 1.96668014952971e-08
52150.056 1.2358599299742548e-08
52200.056 3.231446310039901e-08
52250.056 5.035587736110901e-08
52300.056 7.123366062599709e-08
52350.056 2.4195044485106896e-08
52400.056 2.4794064140249923e-08
52450.056 7.528205578200872e-08
52500.056 6.362150510578542e-08
52550.056 6.519445181999541e-08
52600.056 5.043902138920335e-08
52650.056 6.485469810250327e-08
52700.056 3.975275306159998e-08
52750.056 1.9005315312875175e-08
52800.056 3.059711154000492e-08
52850.056 3.734899751139044e-08
52900.056 1.9366913828770427e-08
52950.056 2.9429303317803306e-08
53000.056 5.136428034600227e-08
53050.056 2.149570180237675e-08
53100.056 6.628402522699993e-08
53150.056 6.736118611800292e-08
53200.056 2.6231203733477418e-08
53250.056 5.7631255854003314e-08
53300.056 6.892291131289002e-08
53350.056 5.5685198177999417e-08
53400.056 3.998859344099604e-08
53450.056 1.4457326020695849e-08
53500.056 3.918054237508594e-09
