galfind/configs/Brown_Dwarf_templates/sonora_bobcat/m0.0/1000g/co0.5/sp_t525g1000nc_m+0.0_co0.5_resample.dat
# %ECSV 1.0
# ---
# datatype:
# - {name: wav, unit: Angstrom, datatype: float64}
# - {name: flux_nu, unit: erg / (cm2 Hz s), datatype: float64}
# meta: {C/O: '0.50', Kzz: '1.0000E+05', Teff: '525.', Y: '0.28', '[Fe/H]': '0.00', f_hole: '1.00', f_rain: '0.00', grav: '1000.'}
# schema: astropy-2.0
wav flux_nu
4000.0559999999996 nan
4050.0559999999996 4.626132874396653e-17
4100.056 5.9969359462601295e-15
4150.056 7.869677022700093e-14
4200.056 8.522030510300059e-14
4250.056 1.0432721186700097e-12
4300.056 2.656054207100007e-12
4350.056 4.988474154400022e-12
4400.056 8.305386256200033e-12
4450.056 1.2889003969000034e-11
4500.056 1.825659321100003e-11
4550.056 1.785523121279989e-11
4600.056 3.47299254809998e-12
4650.056 1.4534965331099865e-12
4700.056 4.657558638999944e-13
4750.056 1.1475876593999875e-13
4800.056 4.571539995099969e-14
4850.056 2.200149717999986e-14
4900.056 1.2919158023999943e-14
4950.056 8.421513700199964e-15
5000.056 5.071390030899973e-15
5050.056 3.4682055238999998e-15
5100.056 3.503471559200009e-15
5150.056 3.719313910000002e-15
5200.056 3.959744960500002e-15
5250.056 4.235059409300003e-15
5300.056 4.543990192100002e-15
5350.056 4.9186894494000046e-15
5400.056 5.382954768300007e-15
5450.056 5.873677029000008e-15
5500.056 6.394959944700006e-15
5550.056 6.921242499900007e-15
5600.056 7.430188540900006e-15
5650.056 7.854124457400003e-15
5700.056 8.050717232600003e-15
5750.056 7.746905569799993e-15
5800.056 6.829138907299982e-15
5850.056 4.790598342399947e-15
5900.056 1.5661134691350577e-15
5950.056 9.585678821700148e-15
6000.056 2.0219100146000126e-14
6050.056 3.5835773146000274e-14
6100.056 5.695621923500036e-14
6150.056 8.536894381400046e-14
6200.056 1.248007023300006e-13
6250.056 1.7903710405000073e-13
6300.056 2.54181567910001e-13
6350.056 3.5557229627000153e-13
6400.056 4.914426230900023e-13
6450.056 6.461729754800001e-13
6500.056 8.789004557800067e-13
6550.056 1.2043095922899958e-12
6600.056 1.6419310174000172e-12
6650.056 2.2416987266000134e-12
6700.056 2.8469331240000146e-12
6750.056 3.864254399300015e-12
6800.056 4.595834960200013e-12
6850.056 4.688492540899993e-12
6900.056 3.909769051699998e-12
6950.056 3.147345484200003e-12
7000.056 3.1943036660999776e-12
7050.056 3.342257656799991e-12
7100.056 3.654931162599991e-12
7150.056 3.338475316679951e-12
7200.056 3.0705261262999927e-12
7250.056 3.2428931740698818e-12
7300.056 3.2206346726901273e-12
7350.056 3.5411362065499944e-12
7400.056 3.854872629100049e-12
7450.056 4.276048370100066e-12
7500.056 4.5913645960000055e-12
7550.056 4.774020202800005e-12
7600.056 4.780440295399993e-12
7650.056 2.2498516095079394e-12
7700.056 2.0291967952300505e-12
7750.056 5.277874297400059e-12
7800.056 7.102515750800036e-12
7850.056 9.727552786299984e-12
7900.056 1.229989880160003e-11
7950.056 1.3920969140200069e-11
8000.056 1.8914646513000112e-11
8050.056 2.3091559251000147e-11
8100.056 2.3519106067399608e-11
8150.056 2.4109011640800467e-11
8200.056 3.6245242995000906e-11
8250.056 4.1566425292799774e-11
8300.056 5.1163826907600785e-11
8350.056 6.338857633499999e-11
8400.056 7.967145125500029e-11
8450.056 1.0391295699600022e-10
8500.056 1.2357310125699896e-10
8550.056 1.563284732900028e-10
8600.056 1.935143925900014e-10
8650.056 2.3161276066000165e-10
8700.056 2.7183237649000216e-10
8750.056 3.196246653200024e-10
8800.056 3.699991064700017e-10
8850.056 4.1261005715999975e-10
8900.056 3.4723049943999206e-10
8950.056 2.8926711018199305e-10
9000.056 3.551877350149829e-10
9050.056 6.085299442020094e-10
9100.056 6.594766013979226e-10
9150.056 7.069738669430077e-10
9200.056 8.711239600130261e-10
9250.056 8.100188164569777e-10
9300.056 1.1082428541500894e-10
9350.056 1.8118425243586412e-10
9400.056 5.591321433157564e-10
9450.056 4.575757756509952e-10
9500.056 4.189465736260109e-10
9550.056 4.4584045338503226e-10
9600.056 5.193388662454611e-10
9650.056 7.773641967910189e-10
9700.056 1.4809154720594255e-09
9750.056 1.5551498219111853e-09
9800.056 1.939469665953967e-09
9850.056 2.4257757399799557e-09
9900.056 3.184250208830101e-09
9950.056 3.804978806400076e-09
10000.056 3.3729138456160065e-09
10050.056 4.851775326300015e-09
10100.056 5.1516562392000305e-09
10150.056 4.996422072600003e-09
10200.056 4.530589604400147e-09
10250.056 5.356431177700064e-09
10300.056 6.622957154299741e-09
10350.056 5.818009771900187e-09
10400.056 7.2970194492000646e-09
10450.056 8.372791414699563e-09
10500.056 9.350603926299931e-09
10550.056 1.0508143776800049e-08
10600.056 1.1158451225900044e-08
10650.056 1.1537590927500034e-08
10700.056 1.1366043258900012e-08
10750.056 1.1597292655899989e-08
10800.056 1.1533887734500062e-08
10850.056 1.1085796396900043e-08
10900.056 9.434949463699803e-09
10950.056 5.72796722309998e-09
11000.056 3.4694073746796726e-09
11050.056 1.7409613286096013e-09
11100.056 8.514312986603762e-10
11150.056 3.942949519217756e-10
11200.056 4.0382460153475254e-10
11250.056 6.789531193122238e-10
11300.056 7.524136439125294e-10
11350.056 2.947852668993349e-10
11400.056 1.3271075631347828e-09
11450.056 6.601305901752731e-10
11500.056 8.391261964002636e-10
11550.056 3.7583231537896774e-10
11600.056 2.8953879055762546e-10
11650.056 6.12772795319462e-10
11700.056 7.842501242473055e-10
11750.056 5.301696939035048e-10
11800.056 1.5197059070119568e-09
11850.056 2.1998283878399182e-09
11900.056 2.6125502934399264e-09
11950.056 3.350648787150172e-09
12000.056 4.141113451700218e-09
12050.056 5.287809158600047e-09
12100.056 5.936024955339793e-09
12150.056 7.320690614099881e-09
12200.056 8.14981291330009e-09
12250.056 1.0012052294299631e-08
12300.056 1.296410576480038e-08
12350.056 1.450875075640001e-08
12400.056 1.808363382219989e-08
12450.056 2.195625833800018e-08
12500.056 2.450406426400058e-08
12550.056 2.772333464300005e-08
12600.056 3.136184123600043e-08
12650.056 3.414438334699995e-08
12700.056 3.478902514399996e-08
12750.056 2.9241150121000237e-08
12800.056 2.4274636681999656e-08
12850.056 1.73195911489996e-08
12900.056 1.4288147301900073e-08
12950.056 1.2195411854400435e-08
13000.056 1.3471603779701083e-08
13050.056 1.0347196285130136e-08
13100.056 1.1019841558329079e-08
13150.056 7.481186423168685e-09
13200.056 7.884352364367502e-09
13250.056 5.641116880843701e-09
13300.056 2.440675032809938e-09
13350.056 7.518019684402109e-10
13400.056 1.5272012973835404e-10
13450.056 4.963702585479077e-11
13500.056 1.9744488671851287e-11
13550.056 6.1216418459559164e-12
13600.056 2.5632325300171073e-12
13650.056 1.3004044968615812e-11
13700.056 7.2406776077105415e-12
13750.056 3.016155927621501e-11
13800.056 3.480215154036139e-11
13850.056 1.2338523469070846e-11
13900.056 1.7993814701691897e-11
13950.056 1.8758479628656748e-11
14000.056 2.4752756698869522e-11
14050.056 3.3449272096695673e-11
14100.056 2.413370158603505e-11
14150.056 4.8163963337385115e-11
14200.056 3.0932103236097796e-11
14250.056 4.017598961048875e-11
14300.056 1.3776081689875247e-10
14350.056 9.854067307552483e-11
14400.056 9.600190155037133e-11
14450.056 1.8584354192249873e-10
14500.056 3.826620248506304e-10
14550.056 3.8560544721973095e-10
14600.056 6.594552020737308e-10
14650.056 3.455936837202326e-10
14700.056 1.6136023133141e-10
14750.056 1.1318296084481254e-10
14800.056 1.41021863151816e-10
14850.056 1.5489478796836817e-10
14900.056 1.5946963500237848e-10
14950.056 1.4810360712332374e-10
15000.056 3.5385329406805915e-10
15050.056 3.7374654781783133e-10
15100.056 2.152432302919832e-10
15150.056 1.1931195801029099e-10
15200.056 3.0809004191232566e-10
15250.056 6.172497924202648e-10
15300.056 7.874499189796519e-10
15350.056 9.969194758678708e-10
15400.056 1.2962469489680777e-09
15450.056 1.7220387066149528e-09
15500.056 2.192251353209696e-09
15550.056 3.3725076791404754e-09
15600.056 4.975876933259665e-09
15650.056 7.4463552917006075e-09
15700.056 1.0689144571700156e-08
15750.056 1.2815572387200308e-08
15800.056 1.5157825394699906e-08
15850.056 1.7726976542000597e-08
15900.056 1.8805189489000114e-08
15950.056 2.0170273943999938e-08
16000.056 1.8966331454000136e-08
16050.056 1.5465050314999777e-08
16100.056 1.1738283091199867e-08
16150.056 8.058759708899476e-09
16200.056 4.707197629500227e-09
16250.056 3.4850442990418915e-09
16300.056 2.5007401835902353e-09
16350.056 2.895708189628703e-09
16400.056 3.1407921787738032e-09
16450.056 3.4594587046433572e-09
16500.056 3.3719574054015283e-09
16550.056 3.356779966897368e-09
16600.056 4.65536634149991e-09
16650.056 2.7676292314058335e-09
16700.056 9.710031937819372e-10
16750.056 2.349736161567704e-09
16800.056 3.1638165363236138e-09
16850.056 3.1855998242945276e-09
16900.056 2.2364574870596973e-09
16950.056 1.738032920188892e-09
17000.056 1.3153947223891736e-09
17050.056 2.0188608828761235e-09
17100.056 2.635082838982107e-09
17150.056 2.085124986808115e-09
17200.056 3.747705413690113e-09
17250.056 2.4755293105913043e-09
17300.056 2.1687333053408385e-09
17350.056 2.1562660728519265e-09
17400.056 2.5890652601610413e-09
17450.056 2.696553471139823e-09
17500.056 2.9641934221704944e-09
17550.056 2.338374581154715e-09
17600.056 2.1357323335212697e-09
17650.056 1.6932544327868166e-09
17700.056 1.3334218658425677e-09
17750.056 9.427376991234802e-10
17800.056 1.338469402519746e-09
17850.056 7.323039393165133e-10
17900.056 7.135219750937263e-10
17950.056 4.055806079480214e-10
18000.056 6.368188154331077e-10
18050.056 2.7472151393211617e-10
18100.056 3.274205922174578e-10
18150.056 3.1070719385303547e-10
18200.056 1.8438490854903542e-10
18250.056 5.89855252554686e-10
18300.056 1.331326639431256e-10
18350.056 1.1905810678238972e-10
18400.056 8.180587488986631e-11
18450.056 3.3922625679074226e-10
18500.056 3.112208299089622e-10
18550.056 1.6560509309533584e-10
18600.056 2.033530343646352e-10
18650.056 1.2658386596347583e-10
18700.056 3.852076682600837e-11
18750.056 8.949601719242663e-11
18800.056 4.942398707302969e-10
18850.056 4.5097096227165477e-10
18900.056 3.849101427082756e-10
18950.056 6.701644755865859e-10
19000.056 2.0262149462776416e-10
19050.056 9.231730810278685e-11
19100.056 2.3155158329207616e-10
19150.056 9.878544069488396e-11
19200.056 1.649518410124362e-10
19250.056 1.0981043149810054e-10
19300.056 7.474252632864213e-11
19350.056 7.009652199458074e-11
19400.056 5.410704080864432e-11
19450.056 8.803032828605418e-11
19500.056 8.067604320051578e-11
19550.056 1.171271621615794e-10
19600.056 2.134573381147512e-10
19650.056 1.736921109816829e-10
19700.056 2.36313507068933e-10
19750.056 3.396495836152909e-10
19800.056 2.3253378826284058e-10
19850.056 2.9839179153660085e-10
19900.056 3.8731071637119823e-10
19950.056 5.468721971962601e-10
20000.056 6.278225723753411e-10
20050.056 5.193351631047687e-10
20100.056 8.597742356635879e-10
20150.056 5.540130721773894e-10
20200.056 4.064030330876717e-10
20250.056 7.335790266779421e-10
20300.056 8.262783330803575e-10
20350.056 8.581821356559196e-10
20400.056 7.974715902529424e-10
20450.056 1.3145974873453255e-09
20500.056 1.4697007784748824e-09
20550.056 1.6083675110700652e-09
20600.056 1.7391459316901802e-09
20650.056 2.027574942219915e-09
20700.056 2.2109398384600138e-09
20750.056 2.3528330950999353e-09
20800.056 2.347805767599761e-09
20850.056 2.6095721218000414e-09
20900.056 2.69417118649994e-09
20950.056 2.669570699900061e-09
21000.056 2.6600119487000083e-09
21050.056 2.771972883799961e-09
21100.056 2.7453195778000093e-09
21150.056 2.7522859679999338e-09
21200.056 2.699919054500055e-09
21250.056 2.6709657600999102e-09
21300.056 2.537378521300012e-09
21350.056 2.467261730849936e-09
21400.056 2.4834831960601573e-09
21450.056 2.2283979562500593e-09
21500.056 2.0703532697280576e-09
21550.056 1.9008941414959502e-09
21600.056 1.7551429124900158e-09
21650.056 1.4211744690014965e-09
21700.056 1.3954385580598976e-09
21750.056 1.1544123021729047e-09
21800.056 8.560140904957797e-10
21850.056 7.890765533711883e-10
21900.056 6.175963377549064e-10
21950.056 3.7471275255270965e-10
22000.056 1.1357182727316301e-10
22050.056 1.4979416186336943e-10
22100.056 3.675298300854748e-10
22150.056 2.7790165832093497e-10
22200.056 2.971625816147787e-10
22250.056 2.664042790154319e-10
22300.056 1.5308272891612577e-10
22350.056 2.22145569031217e-10
22400.056 8.763850465067328e-11
22450.056 1.5131401858683933e-10
22500.056 1.1114395644821936e-10
22550.056 7.281170183228539e-11
22600.056 5.7927577759460296e-11
22650.056 8.139058311702575e-11
22700.056 8.397054300737327e-11
22750.056 1.1969654349393272e-10
22800.056 1.3145684271488612e-10
22850.056 9.481446464663154e-11
22900.056 8.474242581405334e-11
22950.056 8.230023011382536e-11
23000.056 8.946194131652239e-11
23050.056 1.1609411661816148e-10
23100.056 3.7526840015701707e-10
23150.056 2.453703376491184e-10
23200.056 3.0761466214739905e-11
23250.056 1.0136459023401507e-10
23300.056 7.949748714788645e-11
23350.056 1.0701155888097034e-10
23400.056 7.986294207294407e-11
23450.056 7.008051611989353e-11
23500.056 7.576695682205075e-11
23550.056 1.4432177826633347e-10
23600.056 2.2674014458107684e-10
23650.056 2.854319563124846e-10
23700.056 6.945524596938464e-11
23750.056 8.497854993605385e-11
23800.056 2.9312889801995317e-10
23850.056 1.880031871745499e-10
23900.056 3.635368318543106e-10
23950.056 2.268026557293571e-10
24000.056 4.5528177826490556e-10
24050.056 4.512426859157631e-10
24100.056 4.4807228100450167e-10
24150.056 6.374156728553002e-10
24200.056 4.524125644259209e-10
24250.056 4.953079129582042e-10
24300.056 7.469167127569362e-10
24350.056 5.617439651944389e-10
24400.056 1.0768166894059341e-09
24450.056 9.746172020982104e-10
24500.056 8.759704839472101e-10
24550.056 1.2924305054517487e-09
24600.056 1.3894039326418322e-09
24650.056 1.7443613732572539e-09
24700.056 1.1548139885885173e-09
24750.056 1.2534341077981964e-09
24800.056 1.091241144085771e-09
24850.056 1.7506073440794002e-09
24900.056 6.571486167278406e-10
24950.056 1.3556704848779968e-09
25000.056 1.285942045975723e-09
25050.056 6.488975595013281e-10
25100.056 1.138026074999218e-09
25150.056 5.451646437655159e-10
25200.056 7.57814501896697e-10
25250.056 2.5814369629329763e-10
25300.056 4.0500625011249633e-10
25350.056 1.6700960880256013e-10
25400.056 4.674926103298567e-10
25450.056 1.420643863299344e-10
25500.056 1.2422510795162357e-10
25550.056 3.1113830576859686e-10
25600.056 2.0823165523784053e-10
25650.056 6.785638469903774e-11
25700.056 8.91934866659207e-11
25750.056 2.2603410319447183e-11
25800.056 1.383956744348113e-10
25850.056 2.5869093093657405e-11
25900.056 4.5384817580384573e-11
25950.056 8.231442153847599e-12
26000.056 1.35789708961155e-10
26050.056 1.4561461131718447e-11
26100.056 9.097660794768787e-11
26150.056 3.5193115925886096e-11
26200.056 4.527822455412023e-11
26250.056 3.4081794288173796e-10
26300.056 6.422552325013115e-11
26350.056 6.30304138985587e-10
26400.056 8.104295452299519e-10
26450.056 4.433423668610173e-10
26500.056 1.0410048638171047e-09
26550.056 1.1589814509369553e-10
26600.056 1.3316603301879796e-10
26650.056 1.769234925613116e-11
26700.056 1.0576900050637139e-11
26750.056 1.3964311386809067e-11
26800.056 4.640542028467498e-11
26850.056 2.4769043366017852e-11
26900.056 1.3522414101588255e-10
26950.056 4.445111249857368e-11
27000.056 2.6326835674339215e-10
27050.056 3.130013072922136e-10
27100.056 3.458413388939073e-11
27150.056 4.0416474732831937e-10
27200.056 3.3231834067043716e-11
27250.056 1.2314719460127746e-10
27300.056 9.70662791767318e-10
27350.056 2.947532919701739e-10
27400.056 1.4839503624101043e-11
27450.056 3.8429883201984133e-10
27500.056 5.131964007118154e-10
27550.056 6.346776492743524e-11
27600.056 2.0486111457586118e-10
27650.056 4.903496003605088e-11
27700.056 4.365546534934806e-11
27750.056 3.1738880751811814e-10
27800.056 9.222912785219267e-11
27850.056 1.5433435788554865e-10
27900.056 1.7729864140463572e-10
27950.056 4.3844880005701865e-10
28000.056 3.6395292324883773e-10
28050.056 4.396608755571598e-11
28100.056 4.259385344151755e-10
28150.056 2.826103439833366e-10
28200.056 7.555451561206218e-11
28250.056 5.809708704120016e-10
28300.056 5.539805233504892e-10
28350.056 9.470681483230082e-11
28400.056 3.863505612174906e-10
28450.056 7.142519447234394e-10
28500.056 4.072436150097671e-10
28550.056 7.908208255176899e-11
28600.056 6.998954483287981e-10
28650.056 4.3081440123700884e-10
28700.056 6.242937032016211e-10
28750.056 1.1097702695478167e-09
28800.056 4.737748165764724e-10
