galfind/configs/Brown_Dwarf_templates/sonora_bobcat/m0.0/1000g/co0.5/sp_t1600g1000nc_m+0.0_co0.5_resample.dat
# %ECSV 1.0
# ---
# datatype:
# - {name: wav, unit: Angstrom, datatype: float64}
# - {name: flux_nu, unit: erg / (cm2 Hz s), datatype: float64}
# meta: {C/O: '0.50', Kzz: '1.0000E+05', Teff: '1600.', Y: '0.28', '[Fe/H]': '0.00', f_hole: '1.00', f_rain: '0.00', grav: '1000.'}
# schema: astropy-2.0
wav flux_nu
4000.0559999999996 nan
4050.0559999999996 4.84842015282481e-10
4100.056 1.9274127487077844e-09
4150.056 1.7683380565581242e-09
4200.056 1.298651040973696e-09
4250.056 1.2864854549852901e-09
4300.056 1.0164420285861827e-09
4350.056 9.893689721200863e-10
4400.056 1.0881402746601547e-09
4450.056 8.887079410800389e-10
4500.056 9.01742382240072e-10
4550.056 1.1132562567968161e-09
4600.056 1.103978546069966e-09
4650.056 1.036237267899908e-09
4700.056 1.255500449800025e-09
4750.056 1.2957498422499136e-09
4800.056 7.804300717500524e-10
4850.056 7.67061971860005e-10
4900.056 8.352063098299887e-10
4950.056 6.071519728599942e-10
5000.056 2.5749808144998487e-10
5050.056 1.1304431801800107e-10
5100.056 8.826964030000195e-11
5150.056 7.397448479100301e-11
5200.056 6.88211809199982e-11
5250.056 5.905035698999991e-11
5300.056 4.638927837299988e-11
5350.056 3.631457780699987e-11
5400.056 2.8538940357999915e-11
5450.056 2.2395680943999943e-11
5500.056 1.7269706279999946e-11
5550.056 1.2996913106999968e-11
5600.056 9.522627332099956e-12
5650.056 6.637983329399969e-12
5700.056 4.295893250399973e-12
5750.056 2.48463097139998e-12
5800.056 1.2334776738699862e-12
5850.056 4.832927447299918e-13
5900.056 1.0116699409742662e-13
5950.056 1.1324905911500226e-12
6000.056 4.478886250700084e-12
6050.056 1.3653926455500177e-11
6100.056 3.343339347200036e-11
6150.056 7.185032286900071e-11
6200.056 1.399841387960012e-10
6250.056 2.5368772308000205e-10
6300.056 4.369746352500034e-10
6350.056 7.225263290900044e-10
6400.056 1.1426693157000075e-09
6450.056 1.739282888800013e-09
6500.056 2.537597937500022e-09
6550.056 3.6184462202000174e-09
6600.056 5.0347492344000416e-09
6650.056 6.557616837100103e-09
6700.056 4.595141771681331e-09
6750.056 9.813612420400075e-09
6800.056 1.2753293900000266e-08
6850.056 1.4546603654000159e-08
6900.056 1.4385179470000102e-08
6950.056 1.316170199300004e-08
7000.056 1.2984250689000036e-08
7050.056 1.3594316920000054e-08
7100.056 1.4108185540999997e-08
7150.056 1.4680223121999972e-08
7200.056 1.6021802628000053e-08
7250.056 1.612584401099999e-08
7300.056 1.4967178793000045e-08
7350.056 1.2748933347999947e-08
7400.056 1.0387630872500013e-08
7450.056 8.323757719599956e-09
7500.056 6.366081673199954e-09
7550.056 4.515319263799966e-09
7600.056 2.6225701608999587e-09
7650.056 3.241787783147502e-10
7700.056 1.0804983244278953e-10
7750.056 1.6011304192200485e-09
7800.056 4.03912805647329e-09
7850.056 9.612039394300097e-09
7900.056 1.5300070271000105e-08
7950.056 1.749670682483203e-08
8000.056 3.007735500200028e-08
8050.056 4.171394120699968e-08
8100.056 5.589222185499994e-08
8150.056 7.270195359900013e-08
8200.056 7.701307779000075e-08
8250.056 1.0620834495800105e-07
8300.056 1.2218203711000417e-07
8350.056 1.419945217080004e-07
8400.056 1.607157790199981e-07
8450.056 1.6206235938999813e-07
8500.056 1.5932635885505322e-07
8550.056 1.9040888378100675e-07
8600.056 2.0602945608099457e-07
8650.056 1.9670193765498635e-07
8700.056 1.9455818691097647e-07
8750.056 2.1541103675901055e-07
8800.056 2.6649445163501043e-07
8850.056 2.900737863779831e-07
8900.056 2.908579568870019e-07
8950.056 2.860020707945338e-07
9000.056 3.728899334699994e-07
9050.056 3.741400060100124e-07
9100.056 4.3670345148000003e-07
9150.056 4.86386402090007e-07
9200.056 5.173925004899852e-07
9250.056 4.72030479936978e-07
9300.056 3.641902612951843e-07
9350.056 4.20561283894117e-07
9400.056 4.944340068859801e-07
9450.056 5.475905043419165e-07
9500.056 5.964882915780647e-07
9550.056 6.394009741556663e-07
9600.056 6.517737606720423e-07
9650.056 7.115889289086052e-07
9700.056 7.9749144494894e-07
9750.056 7.383870475569792e-07
9800.056 7.910661953269338e-07
9850.056 8.062631004800017e-07
9900.056 6.034479505099621e-07
9950.056 4.6949131963999816e-07
10000.056 4.4528006001998355e-07
10050.056 5.142180541199952e-07
10100.056 6.08713358650016e-07
10150.056 6.128377192999564e-07
10200.056 6.692777427599898e-07
10250.056 7.026758748899854e-07
10300.056 6.829104565999979e-07
10350.056 7.849969717600325e-07
10400.056 8.810041100499737e-07
10450.056 9.061863777800343e-07
10500.056 8.953009494099787e-07
10550.056 9.387948454500341e-07
10600.056 1.0071006908400092e-06
10650.056 1.0508675894200572e-06
10700.056 1.1004472886400368e-06
10750.056 1.2100489516500447e-06
10800.056 1.3141548534499842e-06
10850.056 1.466085872009943e-06
10900.056 1.4502031918799725e-06
10950.056 1.3357035868099548e-06
11000.056 1.2509486461799522e-06
11050.056 1.0620777074639747e-06
11100.056 1.0425869813727977e-06
11150.056 1.0479491366792314e-06
11200.056 1.072315366916612e-06
11250.056 1.3083367667713876e-06
11300.056 1.2446392377489493e-06
11350.056 9.77896156995713e-07
11400.056 9.197874848100559e-07
11450.056 1.201937625347749e-06
11500.056 1.5092370171902972e-06
11550.056 1.3526234918832326e-06
11600.056 1.4403863751369663e-06
11650.056 1.3945361594830092e-06
11700.056 9.907245595735573e-07
11750.056 1.0452692364833263e-06
11800.056 1.1130476698480553e-06
11850.056 1.5965163324970565e-06
11900.056 1.7796450162157856e-06
11950.056 1.6876811511000245e-06
12000.056 1.508698521070029e-06
12050.056 1.8394673676800667e-06
12100.056 1.8357212281699159e-06
12150.056 2.1473263939099117e-06
12200.056 2.12774062775976e-06
12250.056 2.3497807638999002e-06
12300.056 2.47015532810013e-06
12350.056 2.409015416299992e-06
12400.056 2.123423125599959e-06
12450.056 1.867847473100023e-06
12500.056 1.965363884709918e-06
12550.056 2.034949352690124e-06
12600.056 2.540105592800024e-06
12650.056 2.57807180329994e-06
12700.056 2.852738843900214e-06
12750.056 2.7886690844999372e-06
12800.056 2.9448421739000794e-06
12850.056 2.7801860862399456e-06
12900.056 2.5813363406199687e-06
12950.056 2.6638657123499578e-06
13000.056 2.7861596848798063e-06
13050.056 2.9053927032899263e-06
13100.056 2.9140172348919346e-06
13150.056 2.8392397206058907e-06
13200.056 2.6770720981700118e-06
13250.056 2.3447621753580227e-06
13300.056 1.7847592447783602e-06
13350.056 7.894515880983096e-07
13400.056 5.914112244774487e-07
13450.056 4.6008733042476605e-07
13500.056 3.950142198746708e-07
13550.056 3.4318844727554487e-07
13600.056 3.213895205629944e-07
13650.056 4.620389547417462e-07
13700.056 3.8770859163221337e-07
13750.056 4.239499932513882e-07
13800.056 5.299617298089175e-07
13850.056 4.782057167435213e-07
13900.056 4.741832258623352e-07
13950.056 4.3917805179965354e-07
14000.056 4.035396102429462e-07
14050.056 4.2917845111921346e-07
14100.056 3.4426576827039923e-07
14150.056 4.0681360290044893e-07
14200.056 3.4456760134086083e-07
14250.056 3.326603721387826e-07
14300.056 3.9301893658683577e-07
14350.056 3.9520316690594805e-07
14400.056 4.190546193096193e-07
14450.056 4.4036557115334197e-07
14500.056 5.593492760787536e-07
14550.056 5.769583782104633e-07
14600.056 6.693448156013942e-07
14650.056 6.63897736386352e-07
14700.056 5.891369034877833e-07
14750.056 6.602210427713077e-07
14800.056 7.356655326408018e-07
14850.056 8.084120881438798e-07
14900.056 7.84208197213265e-07
14950.056 8.193086623351196e-07
15000.056 8.656926519010978e-07
15050.056 1.0080917440268324e-06
15100.056 1.0308504782350365e-06
15150.056 1.1249243760690899e-06
15200.056 1.1522324160698904e-06
15250.056 1.2425303518799917e-06
15300.056 1.3318360589219266e-06
15350.056 1.4437505578599548e-06
15400.056 1.5452256351300271e-06
15450.056 1.6502532013400785e-06
15500.056 1.719949839759989e-06
15550.056 1.8655345685098516e-06
15600.056 1.9237511413401136e-06
15650.056 2.013917924280074e-06
15700.056 2.198430626730329e-06
15750.056 2.31526463851989e-06
15800.056 2.3673460485401766e-06
15850.056 2.2645694065800288e-06
15900.056 2.338865584200097e-06
15950.056 2.3934868677998747e-06
16000.056 2.475872261299987e-06
16050.056 2.5177089953000874e-06
16100.056 2.5896348144999943e-06
16150.056 2.4879356851000825e-06
16200.056 2.5874463450998545e-06
16250.056 2.5470266326999516e-06
16300.056 2.5376189668999853e-06
16350.056 2.6627703851000233e-06
16400.056 2.6778136315000235e-06
16450.056 2.7492122750001017e-06
16500.056 2.817913444200169e-06
16550.056 2.890460771800017e-06
16600.056 2.7413675211001815e-06
16650.056 2.8829945853599724e-06
16700.056 2.7289371378398854e-06
16750.056 2.769261621619971e-06
16800.056 2.921217787999865e-06
16850.056 2.8994338911599287e-06
16900.056 2.808980345229957e-06
16950.056 2.738167539170018e-06
17000.056 2.7214356035002183e-06
17050.056 2.724319413849961e-06
17100.056 2.5282469873502008e-06
17150.056 2.3780646778399922e-06
17200.056 2.1956274021298695e-06
17250.056 1.9996945981598967e-06
17300.056 1.9400245357999034e-06
17350.056 1.8194828554161414e-06
17400.056 1.7767725919139817e-06
17450.056 1.5500520023665185e-06
17500.056 1.52027390410085e-06
17550.056 1.4110667962692391e-06
17600.056 1.3508774064649502e-06
17650.056 1.3462930455600268e-06
17700.056 1.0716609128469236e-06
17750.056 9.8011330996499e-07
17800.056 1.0416715687392032e-06
17850.056 8.218816991220416e-07
17900.056 9.074321605459391e-07
17950.056 8.219536061548891e-07
18000.056 7.728351933169965e-07
18050.056 7.355637134137615e-07
18100.056 7.091120728447343e-07
18150.056 8.433389582155864e-07
18200.056 6.019006349389707e-07
18250.056 8.721931309266949e-07
18300.056 7.507659692017072e-07
18350.056 6.934681035722798e-07
18400.056 6.772207495364273e-07
18450.056 6.059370540233144e-07
18500.056 6.548035024080088e-07
18550.056 5.790315791159403e-07
18600.056 4.773097281786359e-07
18650.056 5.297770907520817e-07
18700.056 5.938732160260971e-07
18750.056 6.021869366560184e-07
18800.056 6.930456987191438e-07
18850.056 8.156799085010991e-07
18900.056 7.684291372609409e-07
18950.056 9.045641742189942e-07
19000.056 8.794733298549284e-07
19050.056 8.034239235635467e-07
19100.056 9.556729188010437e-07
19150.056 9.01085172050175e-07
19200.056 9.406437151913111e-07
19250.056 8.400903261049899e-07
19300.056 8.831817840504461e-07
19350.056 8.017577653323362e-07
19400.056 6.205242185795261e-07
19450.056 8.337719191881613e-07
19500.056 8.463391594309533e-07
19550.056 6.564487349316459e-07
19600.056 7.744478222759842e-07
19650.056 8.147135449305589e-07
19700.056 8.146809128740752e-07
19750.056 7.597158328020655e-07
19800.056 8.262220166899034e-07
19850.056 9.074507282050814e-07
19900.056 7.460509068700941e-07
19950.056 9.605833064869615e-07
20000.056 8.472817102660681e-07
20050.056 9.611566514861215e-07
20100.056 9.604911433815967e-07
20150.056 1.030064562196099e-06
20200.056 1.0881328025019134e-06
20250.056 1.1497960906028488e-06
20300.056 1.154648997227113e-06
20350.056 1.2606766064798792e-06
20400.056 1.2595380212615976e-06
20450.056 1.3408606909897617e-06
20500.056 1.4090001935399074e-06
20550.056 1.4167093130100506e-06
20600.056 1.5760418978401138e-06
20650.056 1.5446119158100893e-06
20700.056 1.632688016680166e-06
20750.056 1.6648762979298967e-06
20800.056 1.7655693571299385e-06
20850.056 1.7287171121299572e-06
20900.056 1.8628582217798179e-06
20950.056 1.8770234159699731e-06
21000.056 1.9494097755000013e-06
21050.056 1.980270262209984e-06
21100.056 1.9849080526099783e-06
21150.056 2.087065334579921e-06
21200.056 2.058137466080058e-06
21250.056 2.1647013789998977e-06
21300.056 2.0740718853600336e-06
21350.056 2.2086359093200116e-06
21400.056 2.116496332100159e-06
21450.056 2.2718938634999867e-06
21500.056 2.1646681174500964e-06
21550.056 2.1940856085599775e-06
21600.056 2.217040257800125e-06
21650.056 2.1735861624000094e-06
21700.056 2.2488517422000275e-06
21750.056 2.148536272829995e-06
21800.056 2.1333289025598346e-06
21850.056 2.094805912639951e-06
21900.056 2.120594775160074e-06
21950.056 1.9836978709200453e-06
22000.056 1.8956716481000648e-06
22050.056 1.7813202622098382e-06
22100.056 1.857330151870117e-06
22150.056 1.8918365882300328e-06
22200.056 1.804094953640133e-06
22250.056 1.8966272154202102e-06
22300.056 1.846397702159972e-06
22350.056 1.7585070212501768e-06
22400.056 1.76816046418996e-06
22450.056 1.6754969862099544e-06
22500.056 1.7190086812201026e-06
22550.056 1.6521903284897992e-06
22600.056 1.685325040180105e-06
22650.056 1.5952537859402317e-06
22700.056 1.5506157425301951e-06
22750.056 1.631686932770047e-06
22800.056 1.5285198201399597e-06
22850.056 1.5192039992500983e-06
22900.056 1.5187695442499148e-06
22950.056 1.2104472034500611e-06
23000.056 1.262630447620067e-06
23050.056 1.38019748115983e-06
23100.056 1.3541407582399866e-06
23150.056 1.3883985426500585e-06
23200.056 1.2209008436170538e-06
23250.056 1.1508314781099134e-06
23300.056 1.091848383115139e-06
23350.056 1.1296176330900088e-06
23400.056 1.083671802106083e-06
23450.056 1.1153056514801345e-06
23500.056 1.1640840271240316e-06
23550.056 1.1648128884261321e-06
23600.056 1.1464187043351127e-06
23650.056 1.2505079213998755e-06
23700.056 1.0778416687920368e-06
23750.056 1.1060289591401414e-06
23800.056 1.0619562934519333e-06
23850.056 9.68795753440104e-07
23900.056 1.1404007508871343e-06
23950.056 1.1840735209501458e-06
24000.056 1.1672015844196352e-06
24050.056 1.1649359216111347e-06
24100.056 1.0283207739878903e-06
24150.056 1.045543184906267e-06
24200.056 1.0341436128057551e-06
24250.056 1.0065949316700375e-06
24300.056 9.983618044900695e-07
24350.056 8.658953839440066e-07
24400.056 1.0326164384230428e-06
24450.056 8.545784112639267e-07
24500.056 8.411789076679316e-07
24550.056 8.130404206172003e-07
24600.056 8.475935076270645e-07
24650.056 9.288717996800566e-07
24700.056 7.137561830169434e-07
24750.056 6.783829142621027e-07
24800.056 6.79188500125079e-07
24850.056 8.360449141340213e-07
24900.056 5.599411046722412e-07
24950.056 7.708682771189878e-07
25000.056 6.872839296921095e-07
25050.056 5.106244613901382e-07
25100.056 6.380139797979709e-07
25150.056 5.327537136589489e-07
25200.056 5.799144216550426e-07
25250.056 5.025162691499043e-07
25300.056 5.929083193500248e-07
25350.056 4.658737942039953e-07
25400.056 5.714296978631265e-07
25450.056 4.6117858640197427e-07
25500.056 4.972922010801114e-07
25550.056 4.818312110770077e-07
25600.056 5.046268413789528e-07
25650.056 4.18280616398983e-07
25700.056 6.082004292348056e-07
25750.056 3.919044594840985e-07
25800.056 5.955998200730883e-07
25850.056 4.565232472619406e-07
25900.056 5.62872266704064e-07
25950.056 4.2826398469102345e-07
26000.056 5.981749564632194e-07
26050.056 5.57441462727993e-07
26100.056 6.358138857400142e-07
26150.056 5.891423901939519e-07
26200.056 5.771202578639949e-07
26250.056 6.481995652389618e-07
26300.056 5.910943542860343e-07
26350.056 6.973292485289841e-07
26400.056 7.022441772079041e-07
26450.056 6.747419696470535e-07
26500.056 7.215108856258089e-07
26550.056 6.212943788118912e-07
26600.056 7.935324659299059e-07
26650.056 5.467935721818947e-07
26700.056 5.53195547368031e-07
26750.056 4.353210351428111e-07
26800.056 5.330679300959141e-07
26850.056 3.945126076330192e-07
26900.056 5.685122627070131e-07
26950.056 3.8030499833693643e-07
27000.056 5.622386940230871e-07
27050.056 4.7315802914899313e-07
27100.056 4.6752628674690707e-07
27150.056 5.357861446780249e-07
27200.056 5.018338240360592e-07
27250.056 4.855114848851475e-07
27300.056 6.516546039310703e-07
27350.056 5.828125965888533e-07
27400.056 4.255777145289495e-07
27450.056 6.860857555348495e-07
27500.056 6.326745675999684e-07
27550.056 5.154196767999083e-07
27600.056 6.862167529379573e-07
27650.056 4.865892865159825e-07
27700.056 4.5226038846501567e-07
27750.056 6.888319759838657e-07
27800.056 4.6232741798198323e-07
27850.056 5.122752222098506e-07
27900.056 5.3921712993502e-07
27950.056 6.75086651816982e-07
28000.056 5.989686520641021e-07
28050.056 4.141990185260977e-07
28100.056 7.146936090921395e-07
28150.056 5.301333008210461e-07
28200.056 4.237790581610069e-07
28250.056 6.369604026269858e-07
28300.056 7.468265139751122e-07
28350.056 4.7603115540289844e-07
28400.056 5.757026492359934e-07
28450.056 6.445161607568915e-07
28500.056 6.00899198661884e-07
28550.056 3.9147515367989937e-07
28600.056 7.19982322916964e-07
28650.056 6.406325539449941e-07
28700.056 5.704465323889312e-07
28750.056 6.748759951970058e-07
28800.056 6.338017517131375e-07
28850.056 6.813214031690453e-07
