galfind/configs/Brown_Dwarf_templates/sonora_bobcat/m0.0/1000g/co0.5/sp_t350g1000nc_m+0.0_co0.5_resample.dat
# %ECSV 1.0
# ---
# datatype:
# - {name: wav, unit: Angstrom, datatype: float64}
# - {name: flux_nu, unit: erg / (cm2 Hz s), datatype: float64}
# meta: {C/O: '0.50', Kzz: '1.0000E+05', Teff: '350.', Y: '0.28', '[Fe/H]': '0.00', f_hole: '1.00', f_rain: '0.00', grav: '1000.'}
# schema: astropy-2.0
wav flux_nu
[from data line 498]
28900.056 9.172935904991436e-12
28950.056 1.1149896148729948e-11
29000.056 6.431665316554866e-12
29050.056 1.3973634299940621e-11
29100.056 4.2417357388195344e-12
29150.056 5.933100946877618e-12
29200.056 3.1815800716531e-11
29250.056 1.8368985382320536e-11
29300.056 1.2164715185694819e-11
29350.056 3.5517160862437143e-11
29400.056 1.7287157417026685e-11
29450.056 4.587875710993001e-12
29500.056 4.5953933596398006e-11
29550.056 1.0605999507305186e-11
29600.056 1.1928665757291043e-11
29650.056 7.039933687239299e-11
29700.056 7.0201733954471465e-12
29750.056 3.9191984785705955e-11
29800.056 1.7908571326849897e-11
29850.056 6.592866478631484e-11
29900.056 2.1116189828673245e-11
29950.056 2.165704553264616e-11
30000.056 2.005807365417639e-13
30050.056 3.8049783855378315e-12
30100.056 1.7517908167450665e-11
30150.056 6.05652354534533e-11
30200.056 3.737804753285903e-11
30250.056 6.339299366509301e-11
30300.056 8.513432319245604e-11
30350.056 1.179156807534069e-11
30400.056 1.0238561714056452e-10
30450.056 8.806747941515237e-11
30500.056 2.647500536260158e-11
30550.056 2.3197102228775238e-11
30600.056 5.155088826387603e-10
30650.056 1.740428669901909e-10
30700.056 5.5929872965658885e-11
30750.056 1.5216694161223883e-10
30800.056 2.0909710385753708e-10
30850.056 2.0403351917288231e-10
30900.056 9.408782329334678e-11
30950.056 6.133030246420209e-11
31000.056 9.778907698982105e-11
31050.056 4.380013861376159e-11
31100.056 2.4939280331275736e-11
31150.056 7.358235522451232e-11
31200.056 3.3538034101795183e-10
31250.056 1.271226648795889e-10
31300.056 4.8794667172444054e-11
31350.056 2.7649171284053343e-10
31400.056 1.566432213688389e-10
31450.056 1.602455442561597e-10
31500.056 4.727458224715983e-11
31550.056 1.2973539597904195e-10
31600.056 9.724704571163151e-11
31650.056 7.036575118130036e-11
31700.056 5.725121577401985e-11
31750.056 2.854351976990135e-11
31800.056 6.369150941710445e-11
31850.056 9.906672444693247e-12
31900.056 2.6878738919732026e-11
31950.056 1.3190282754535202e-11
32000.056 6.8863935702155095e-12
32050.056 9.07739340161491e-12
32100.056 7.860660002351544e-12
32150.056 7.324047386700453e-12
32200.056 3.224438459198757e-12
32250.056 7.276224161534143e-12
32300.056 2.102837014899566e-12
32350.056 8.782680045225425e-12
32400.056 7.425678820135548e-13
32450.056 5.014109467679035e-12
32500.056 7.688954360050007e-13
32550.056 6.9345566563804706e-12
32600.056 6.235726355625653e-13
32650.056 1.1677416120830046e-11
32700.056 1.0361521208405372e-12
32750.056 3.4239039567208904e-11
32800.056 1.3623695484123004e-11
32850.056 8.37107622629206e-11
32900.056 6.345808455364188e-11
32950.056 6.18257623997459e-11
33000.056 1.1356615386596715e-11
33050.056 1.3961517748682834e-11
33100.056 2.0776467101422233e-12
33150.056 1.052716335938982e-15
33200.056 8.963445987207598e-14
33250.056 2.762951732129904e-13
33300.056 7.372081325051904e-12
33350.056 1.3915338310109379e-11
33400.056 4.935046566319623e-11
33450.056 9.730087331767227e-12
33500.056 6.503666530161013e-11
33550.056 8.826301573158318e-12
33600.056 2.404553116035242e-11
33650.056 2.883227185631767e-11
33700.056 4.655950091270285e-12
33750.056 3.781106348814106e-11
33800.056 1.600701142895401e-12
33850.056 1.687824163416551e-11
33900.056 1.6199176970370558e-11
33950.056 1.6912407666944583e-11
34000.056 4.4535724965356535e-11
34050.056 6.336927350237786e-12
34100.056 4.318228290221242e-11
34150.056 1.1466558269138784e-11
34200.056 5.654300277307651e-11
34250.056 2.4027548017591104e-11
34300.056 2.976422008843496e-11
34350.056 1.2170636132758185e-10
34400.056 1.6800248099030878e-11
34450.056 1.0434214220188027e-10
34500.056 3.479383056084342e-11
34550.056 6.044893522796596e-11
34600.056 3.11088609289674e-10
34650.056 1.8282276825600823e-11
34700.056 2.1298927543734772e-10
34750.056 8.893151612189488e-11
34800.056 5.761358071534098e-11
34850.056 2.8234488673471513e-10
34900.056 2.681901866009846e-11
34950.056 3.589281282402003e-10
35000.056 3.8209389993948075e-10
35050.056 2.806131665758973e-10
35100.056 7.229470930068475e-10
35150.056 5.69250615132888e-10
35200.056 5.003878641860486e-10
35250.056 9.763308322637403e-10
35300.056 1.7756697689750053e-10
35350.056 2.1972623051605628e-10
35400.056 1.41650550001595e-10
35450.056 1.2065817967009045e-10
35500.056 6.028635434575533e-10
35550.056 3.749486882683614e-10
35600.056 6.68548482179658e-10
35650.056 7.340535415057749e-10
35700.056 8.159465329606171e-10
35750.056 1.1862471628983955e-09
35800.056 4.034500103102861e-10
35850.056 2.571139122535311e-10
35900.056 4.2837117214179713e-10
35950.056 8.06220274002224e-10
36000.056 9.421133913491136e-10
36050.056 6.323810838598338e-10
36100.056 5.829018195989211e-10
36150.056 2.0740463901879534e-09
36200.056 1.8658785586739095e-09
36250.056 9.303832508310451e-10
36300.056 2.7009510214358266e-09
36350.056 1.717007087095125e-09
36400.056 2.5942392188195427e-09
36450.056 1.554092490831647e-09
36500.056 1.7122818150017478e-09
36550.056 4.086468114619917e-09
36600.056 4.867303162499501e-09
36650.056 2.0236684083427937e-09
36700.056 2.6166523864454566e-09
36750.056 4.715098391000817e-09
36800.056 5.1164428001193545e-09
36850.056 2.2074717586398454e-09
36900.056 2.8995774895421144e-09
36950.056 5.5149301672490825e-09
37000.056 3.73978970436004e-09
37050.056 5.380944909352416e-09
37100.056 1.7458776815212668e-09
37150.056 3.3889555884338376e-09
37200.056 7.761409030799948e-09
37250.056 3.3807678518251676e-09
37300.056 1.9256097546821366e-09
37350.056 4.182977289448593e-09
37400.056 6.411867860039473e-09
37450.056 2.8019809192497057e-09
37500.056 3.1407095687218314e-09
37550.056 8.761301170641562e-09
37600.056 1.3709846153199842e-08
37650.056 3.0265068503853755e-09
37700.056 6.0767939660007684e-09
37750.056 4.7125086481600594e-09
37800.056 5.284549732160732e-09
37850.056 2.9045024968599087e-09
37900.056 3.349793576438842e-09
37950.056 5.203823664600082e-09
38000.056 4.375429450025543e-09
38050.056 7.138318169510857e-09
38100.056 1.0683241228039644e-08
38150.056 1.2213322579118992e-08
38200.056 7.18691561681794e-09
38250.056 1.0147146815370925e-08
38300.056 1.7394568637397526e-08
38350.056 1.3375871117902632e-08
38400.056 5.5685910859073665e-09
38450.056 2.025420862309514e-09
38500.056 2.30643810570243e-09
38550.056 8.075093073100711e-09
38600.056 9.11548671969902e-09
38650.056 8.250601207199528e-09
38700.056 7.505852359858732e-09
38750.056 6.932009467239685e-09
38800.056 7.782929700300156e-09
38850.056 8.573783228000474e-09
38900.056 9.721711977165107e-09
38950.056 6.79834912575089e-09
39000.056 9.450806407398362e-09
39050.056 5.941154843302403e-09
39100.056 7.640403395217259e-09
39150.056 1.3782367050799415e-08
39200.056 9.992098110399969e-09
39250.056 1.1660493979880327e-08
39300.056 9.00107957877021e-09
39350.056 1.5790532772800193e-08
39400.056 9.090585277198502e-09
39450.056 1.504755071933103e-08
39500.056 1.6104671098299155e-08
39550.056 6.519566410973859e-09
39600.056 1.176524434894197e-08
39650.056 1.9142862139999647e-08
39700.056 1.7525455223100973e-08
39750.056 6.900279757640143e-09
39800.056 7.0506701843705916e-09
39850.056 1.8903487432001177e-08
39900.056 2.152631188000077e-08
39950.056 9.388051485100094e-09
40000.056 1.4196824630599699e-08
40050.056 1.8006769289799124e-08
40100.056 5.417444848438579e-09
40150.056 1.4628781851400702e-08
40200.056 1.601624911789867e-08
40250.056 1.904127552809821e-08
40300.056 2.0689257752001677e-08
40350.056 1.0226049866677669e-08
40400.056 1.3330519838718862e-08
40450.056 6.231891359419248e-09
40500.056 1.569988204280028e-08
40550.056 2.1526294160998144e-08
40600.056 2.088836599599944e-08
40650.056 1.4392856392479063e-08
40700.056 2.269483729279929e-08
40750.056 1.7122056783898927e-08
40800.056 1.1650668849798599e-08
40850.056 2.6396693469002516e-08
40900.056 2.6012791402998122e-08
40950.056 1.9319430828640957e-08
41000.056 1.3913334152079e-08
41050.056 2.869186397500078e-08
41100.056 2.7776302456797844e-08
41150.056 1.0400739586999554e-08
41200.056 2.724918582640282e-08
41250.056 2.6983535745796518e-08
41300.056 2.768266790500226e-08
41350.056 3.625415002799995e-08
41400.056 2.6388595480999076e-08
41450.056 3.672345090200018e-08
41500.056 2.3173901336996258e-08
41550.056 2.0752403515203077e-08
41600.056 1.9781426968599156e-08
41650.056 3.11391515648031e-08
41700.056 4.237917850899839e-08
41750.056 3.2947000285999726e-08
41800.056 3.189077018600001e-08
41850.056 2.8369622493598448e-08
41900.056 2.44722016791953e-08
41950.056 2.2611918609598245e-08
42000.056 8.253633349355609e-09
42050.056 1.1523427890821371e-08
42100.056 1.662474091689911e-08
42150.056 1.8973494694899195e-08
42200.056 2.3117767863799555e-08
42250.056 2.1903506494102413e-08
42300.056 2.0973980128998975e-08
42350.056 2.997272877500033e-08
42400.056 3.441894643700111e-08
42450.056 3.421944806200184e-08
42500.056 3.6853504033999394e-08
42550.056 3.2850669734999246e-08
42600.056 3.3150032874004686e-08
42650.056 4.236299889699688e-08
42700.056 2.367780950329713e-08
42750.056 2.922949938700349e-08
42800.056 4.237536318800036e-08
42850.056 4.429876156199674e-08
42900.056 4.253990921900168e-08
42950.056 3.698191400200092e-08
43000.056 4.1268527558998906e-08
43050.056 2.1701133382000172e-08
43100.056 3.7700942763000935e-08
43150.056 3.412709716099997e-08
43200.056 3.904706087700145e-08
43250.056 5.495075123000086e-08
43300.056 4.870853537499844e-08
43350.056 2.681245428199962e-08
43400.056 4.0770012312001176e-08
43450.056 2.8526791960001087e-08
43500.056 2.566072129910061e-08
43550.056 2.9759124304001635e-08
43600.056 4.5535231120999664e-08
43650.056 2.401207495879814e-08
43700.056 4.4095380663006127e-08
43750.056 5.054143266499838e-08
43800.056 4.126398496099862e-08
43850.056 3.731804203600361e-08
43900.056 2.8606457378999444e-08
43950.056 2.1937756045998765e-08
44000.056 2.0564246005999677e-08
44050.056 4.5330372925003755e-08
44100.056 5.990273999900083e-08
44150.056 5.433974065399855e-08
44200.056 5.349305335600021e-08
44250.056 3.0099402299998224e-08
44300.056 1.92490018942001e-08
44350.056 2.065241658530101e-08
44400.056 2.327652751499973e-08
44450.056 3.8684925382003426e-08
44500.056 3.289908673700086e-08
44550.056 4.6481878794000565e-08
44600.056 3.485325412350052e-08
44650.056 3.903800825699788e-08
44700.056 2.7253682096997013e-08
44750.056 3.5970859136002717e-08
44800.056 2.4258750508700266e-08
44850.056 3.685674523900159e-08
44900.056 3.308264148599885e-08
44950.056 3.939223712200259e-08
45000.056 4.623846983399957e-08
45050.056 4.055245059899704e-08
45100.056 3.664758758000263e-08
45150.056 3.3235764506998835e-08
45200.056 2.0863882387300372e-08
45250.056 2.580617703199805e-08
45300.056 2.5466273987401344e-08
45350.056 1.69075046867022e-08
45400.056 5.009472857100174e-08
45450.056 4.183195633900362e-08
45500.056 4.963018859400212e-08
45550.056 5.3937860000995043e-08
45600.056 4.79243510870013e-08
45650.056 4.188259014299684e-08
45700.056 2.2075341062397887e-08
45750.056 1.873114458670185e-08
45800.056 4.7955435763000984e-08
45850.056 3.844248747180208e-08
45900.056 5.3196496094999034e-08
45950.056 5.0996087398997464e-08
46000.056 5.017272129300209e-08
46050.056 4.112749083600324e-08
46100.056 5.51822258529973e-08
46150.056 3.326188387300002e-08
46200.056 2.4412371887196877e-08
46250.056 8.313664217869857e-09
46300.056 3.080213584060241e-08
46350.056 3.578580836300218e-08
46400.056 3.666110035700073e-08
46450.056 2.849849169259778e-08
46500.056 3.526046724500199e-08
46550.056 1.9465688793598125e-08
46600.056 1.9286466992158134e-08
46650.056 3.338982621900154e-08
46700.056 2.4498032313997333e-08
46750.056 8.87541820660117e-09
46800.056 5.4135769931992044e-09
46850.056 2.7422751851704228e-08
46900.056 4.0267171353999484e-08
46950.056 4.1066325475998985e-08
47000.056 4.237898085900142e-08
47050.056 2.5600392468994262e-08
47100.056 2.0707997236000335e-08
47150.056 3.102861786760319e-08
47200.056 3.433807970399883e-08
47250.056 1.3269837474297015e-08
47300.056 9.321168356422928e-09
47350.056 3.364807003300223e-08
47400.056 3.894845058999935e-08
47450.056 2.2409948717201143e-08
47500.056 4.262136018700206e-08
47550.056 3.832641466200053e-08
47600.056 2.7726984060197125e-08
47650.056 3.330633342779854e-08
47700.056 2.6284702980802923e-08
47750.056 1.9790253093199973e-08
47800.056 1.2639002402999961e-08
47850.056 4.167372091690797e-09
47900.056 8.04174826052017e-09
47950.056 2.6715036173002297e-08
48000.056 3.422948335999751e-08
48050.056 2.557006015099982e-08
48100.056 1.2130025670260025e-08
48150.056 2.3881196053001317e-08
48200.056 1.4346848842998143e-08
48250.056 2.386926305500059e-08
48300.056 3.1332727545999717e-08
48350.056 1.7771351561997583e-08
48400.056 2.8331225821701312e-09
48450.056 6.108841999832556e-09
48500.056 1.3745730725897923e-08
48550.056 1.7294868444993614e-08
48600.056 3.313706447000082e-08
48650.056 3.939106023799936e-08
48700.056 2.861704170700169e-08
48750.056 2.25626626690003e-08
48800.056 3.0560088158000456e-08
48850.056 1.3522867618788083e-08
48900.056 1.2889283406118565e-08
48950.056 6.33883234481965e-09
49000.056 4.006700971887108e-09
49050.056 1.4236370871798559e-08
49100.056 2.1204108037363342e-08
49150.056 1.7875811260399554e-08
49200.056 3.1264948138002114e-08
49250.056 3.357653037099986e-08
49300.056 2.6161249082997898e-08
49350.056 9.69375803988155e-09
49400.056 1.2784189185967594e-08
49450.056 9.531803274891974e-09
49500.056 7.476936180528513e-09
49550.056 9.915465456689943e-10
49600.056 3.2599653558726734e-09
49650.056 1.3511858257701474e-08
49700.056 1.932900410899951e-08
49750.056 1.375522769120903e-08
49800.056 7.07380793190009e-09
49850.056 2.077224740700203e-08
49900.056 2.417538341799975e-08
49950.056 2.1726237157999052e-08
50000.056 1.1557201476820035e-08
50050.056 1.2953994196381849e-08
50100.056 1.1675589364499295e-08
50150.056 3.6980472930692208e-09
50200.056 4.242637024582e-10
50250.056 3.2969633265999993e-09
50300.056 2.4027238839295745e-09
50350.056 1.2716352735301363e-08
50400.056 1.815294745299968e-08
50450.056 1.4725598152900149e-08
50500.056 2.2206645865901113e-08
50550.056 2.515238799800013e-08
50600.056 1.4461590178696738e-08
50650.056 2.274159595000187e-08
50700.056 2.060178805199916e-08
50750.056 1.0935552697299276e-08
50800.056 2.4743563597573354e-09
50850.056 9.286723575804779e-10
50900.056 9.332237444501205e-09
50950.056 1.2221260551198942e-08
51000.056 7.472882165062537e-09
51050.056 1.4376918853998371e-08
51100.056 5.258765306900115e-09
51150.056 3.6318883039869587e-09
51200.056 1.6390844250000716e-08
51250.056 1.4084124074098633e-08
51300.056 8.10102624270027e-09
51350.056 5.739092096251803e-09
51400.056 1.1206483877192628e-09
51450.056 1.0031919940306889e-09
51500.056 9.824415765183887e-10
51550.056 5.382121391000978e-09
51600.056 7.457381497700626e-09
51650.056 1.1269310165999915e-08
51700.056 8.649985305538293e-09
51750.056 6.791816063261576e-09
51800.056 1.4303925654999796e-08
51850.056 1.0469849255799424e-08
51900.056 8.720072305600029e-09
51950.056 3.670807737179213e-09
52000.056 2.689301771099153e-10
52050.056 1.7602922529401482e-09
52100.056 8.024069153597821e-10
52150.056 4.1740852877415884e-10
52200.056 2.4178648957000324e-09
52250.056 4.977103528220691e-09
52300.056 5.201178323299512e-09
52350.056 8.950462081408806e-10
52400.056 1.1042781652520397e-09
52450.056 6.512924530600844e-09
52500.056 4.582641403371647e-09
52550.056 7.83345925919933e-09
52600.056 7.150074247560955e-09
52650.056 9.543626796099633e-09
52700.056 4.431043764229642e-09
52750.056 1.0771805096625692e-09
52800.056 2.471502309660492e-09
52850.056 3.1304874490893147e-09
52900.056 7.136988805116657e-10
52950.056 1.5071398418503325e-09
53000.056 4.636342024900122e-09
53050.056 1.3957188095839235e-09
53100.056 7.814412064900808e-09
53150.056 8.071838262799646e-09
53200.056 3.121880924649834e-09
53250.056 6.438401100099852e-09
53300.056 6.308998716920752e-09
53350.056 5.440252560699839e-09
53400.056 2.9732254175996145e-09
53450.056 6.408170198198026e-10
53500.056 1.2804057365297471e-10
