galfind/configs/Brown_Dwarf_templates/sonora_bobcat/m0.0/1000g/co0.5/sp_t425g1000nc_m+0.0_co0.5_resample.dat
# %ECSV 1.0
# ---
# datatype:
# - {name: wav, unit: Angstrom, datatype: float64}
# - {name: flux_nu, unit: erg / (cm2 Hz s), datatype: float64}
# meta: {C/O: '0.50', Kzz: '1.0000E+05', Teff: '425.', Y: '0.28', '[Fe/H]': '0.00', f_hole: '1.00', f_rain: '0.00', grav: '1000.'}
# schema: astropy-2.0
wav flux_nu
4000.0559999999996 nan
4050.0559999999996 7.717828404396201e-18
4100.056 4.830037498480088e-16
4150.056 4.235533678900046e-15
4200.056 5.039677055040033e-15
4250.056 4.578322147600042e-14
4300.056 1.1731793315600065e-13
4350.056 2.33039794300001e-13
4400.056 4.1723072028000175e-13
4450.056 6.936705357100026e-13
4500.056 1.0934530013700036e-12
4550.056 1.2392386655399945e-12
4600.056 4.2524658722999836e-13
4650.056 2.3516445243999865e-13
4700.056 1.0744449256399911e-13
4750.056 4.2935340729999687e-14
4800.056 2.2523851503999887e-14
4850.056 1.2619059994899932e-14
4900.056 8.181873784599971e-15
4950.056 5.7513166044999785e-15
5000.056 3.694517293999983e-15
5050.056 2.6047976396000003e-15
5100.056 2.663240156600005e-15
5150.056 2.856258508100001e-15
5200.056 3.0835517335000026e-15
5250.056 3.327660067000003e-15
5300.056 3.5925797659000025e-15
5350.056 3.907145977600005e-15
5400.056 4.281148595400006e-15
5450.056 4.693941165600008e-15
5500.056 5.1455168515000054e-15
5550.056 5.608491090900006e-15
5600.056 6.058946157000005e-15
5650.056 6.4475189901000036e-15
5700.056 6.626504489300003e-15
5750.056 6.457648997099995e-15
5800.056 5.770951928299985e-15
5850.056 4.070694499499955e-15
5900.056 1.3032696374250498e-15
5950.056 8.05769498710013e-15
6000.056 1.6829414406000108e-14
6050.056 2.9896492802000215e-14
6100.056 4.768664683400031e-14
6150.056 7.149992185900039e-14
6200.056 1.0440536858700051e-13
6250.056 1.485629009200006e-13
6300.056 2.105814189600009e-13
6350.056 2.9347216839000114e-13
6400.056 4.0286740800000186e-13
6450.056 5.154636849299997e-13
6500.056 6.945543320600055e-13
6550.056 9.512329884599977e-13
6600.056 1.2953347660800125e-12
6650.056 1.7753700644000098e-12
6700.056 2.245159892500009e-12
6750.056 3.037718464600012e-12
6800.056 3.5558706067000073e-12
6850.056 3.532932461799994e-12
6900.056 2.813836667099988e-12
6950.056 2.137809280800004e-12
7000.056 2.1966189283999795e-12
7050.056 2.2590338212999966e-12
7100.056 2.4862444368999942e-12
7150.056 2.118073422319961e-12
7200.056 1.800025968509998e-12
7250.056 1.9466585217499194e-12
7300.056 1.9501330740400743e-12
7350.056 2.289411539619999e-12
7400.056 2.6374895355000227e-12
7450.056 3.100070153200036e-12
7500.056 3.4759337266000042e-12
7550.056 3.739813642400004e-12
7600.056 3.835459923099997e-12
7650.056 2.016838607139957e-12
7700.056 1.9669782551100383e-12
7750.056 4.3749722132000436e-12
7800.056 5.6948339955000314e-12
7850.056 7.478878159099985e-12
7900.056 9.239795290300025e-12
7950.056 1.0436026172500043e-11
8000.056 1.371561176100007e-11
8050.056 1.6465269157000097e-11
8100.056 1.5084166392199728e-11
8150.056 1.325695898720042e-11
8200.056 2.2439141539700476e-11
8250.056 2.4788161640320002e-11
8300.056 2.9724486343700084e-11
8350.056 3.709848352300011e-11
8400.056 4.792255283100053e-11
8450.056 6.524560274900032e-11
8500.056 7.99230390729999e-11
8550.056 1.0039541060500147e-10
8600.056 1.239381208800009e-10
8650.056 1.4671058040000097e-10
8700.056 1.6811152237000116e-10
8750.056 1.9314608884000123e-10
8800.056 2.1683227394000068e-10
8850.056 2.3091100500999884e-10
8900.056 1.528657763639953e-10
8950.056 1.0489820584299795e-10
9000.056 1.2415041638879517e-10
9050.056 2.7441047118210263e-10
9100.056 2.798625645196155e-10
9150.056 2.902536111937984e-10
9200.056 3.749698481478195e-10
9250.056 3.1148445134298523e-10
9300.056 1.1465503344337072e-11
9350.056 2.18004658967447e-11
9400.056 1.2932783772076666e-10
9450.056 7.930280584085434e-11
9500.056 6.839992164592613e-11
9550.056 6.895813034289922e-11
9600.056 9.047603422570511e-11
9650.056 1.6570529894423735e-10
9700.056 4.4207492920217897e-10
9750.056 4.4276273564805285e-10
9800.056 5.845191001959902e-10
9850.056 7.797138893859894e-10
9900.056 1.1043343673700414e-09
9950.056 1.390383026850031e-09
10000.056 1.1595977450610017e-09
10050.056 1.6030557863999935e-09
10100.056 1.536243212700001e-09
10150.056 1.2399295308399867e-09
10200.056 8.649892942800324e-10
10250.056 1.0584524697400128e-09
10300.056 1.434090368619938e-09
10350.056 9.790764917900345e-10
10400.056 1.4080002482700148e-09
10450.056 1.7091145600599157e-09
10500.056 1.9739805516000022e-09
10550.056 2.3130630433000095e-09
10600.056 2.4636214257000118e-09
10650.056 2.467162188999996e-09
10700.056 2.2923560221999933e-09
10750.056 2.250997561899983e-09
10800.056 2.1499612850000146e-09
10850.056 1.9837979216700007e-09
10900.056 1.6618823402999617e-09
10950.056 9.751657113499904e-10
11000.056 5.284454495459545e-10
11050.056 2.1996500954849925e-10
11100.056 8.321435818249601e-11
11150.056 2.8335429706150114e-11
11200.056 2.5027933005113752e-11
11250.056 4.540050925302839e-11
11300.056 5.840459813420077e-11
11350.056 2.184993125749529e-11
11400.056 1.3253201398405037e-10
11450.056 5.247784167165668e-11
11500.056 6.865921225078076e-11
11550.056 2.7065105705662454e-11
11600.056 1.7671850028113957e-11
11650.056 5.239177181136367e-11
11700.056 7.460468964954907e-11
11750.056 4.949771900164236e-11
11800.056 1.72858998503896e-10
11850.056 2.3219352266099497e-10
11900.056 2.5893449083899725e-10
11950.056 3.059204817510072e-10
12000.056 3.638623915540212e-10
12050.056 4.709148221800065e-10
12100.056 5.012066044199911e-10
12150.056 6.3830508725e-10
12200.056 7.023142534200008e-10
12250.056 9.433152788119826e-10
12300.056 1.37269783792005e-09
12350.056 1.6374242164000164e-09
12400.056 2.2131090553e-09
12450.056 2.963569696400033e-09
12500.056 3.4379679862000197e-09
12550.056 3.934555985900048e-09
12600.056 4.960040893500104e-09
12650.056 6.058840700600025e-09
12700.056 6.4400295213999636e-09
12750.056 5.110583739100011e-09
12800.056 3.809860686099909e-09
12850.056 2.4384512744999197e-09
12900.056 1.8962948963599816e-09
12950.056 1.5553115327500445e-09
13000.056 1.7830441008701393e-09
13050.056 1.2530326357329918e-09
13100.056 1.3812748030378868e-09
13150.056 8.270180489989752e-10
13200.056 9.413335345977202e-10
13250.056 7.4196860454038e-10
13300.056 2.94834425418845e-10
13350.056 1.0960251259275678e-10
13400.056 1.7409969532250925e-11
13450.056 3.6276249477219235e-12
13500.056 1.0410522168412179e-12
13550.056 1.768608705307306e-13
13600.056 5.1591307896890865e-14
13650.056 3.6329209631487787e-13
13700.056 1.7301738122137382e-13
13750.056 1.3069939521744647e-12
13800.056 1.516205435558322e-12
13850.056 3.4779768278251406e-13
13900.056 7.439815560396086e-13
13950.056 7.220151406081437e-13
14000.056 1.3331188167733875e-12
14050.056 1.5601830606444258e-12
14100.056 1.1699662280194798e-12
14150.056 3.202925138841213e-12
14200.056 2.0204605438189805e-12
14250.056 2.989937912024352e-12
14300.056 1.3369326470385737e-11
14350.056 8.520177943589411e-12
14400.056 8.070875528318679e-12
14450.056 1.9578467685738145e-11
14500.056 4.414929330034962e-11
14550.056 5.0027934660719345e-11
14600.056 9.393018333865538e-11
14650.056 3.588790932306871e-11
14700.056 1.4717233656962524e-11
14750.056 7.803865878904517e-12
14800.056 8.40057756750411e-12
14850.056 8.881257032023954e-12
14900.056 8.819302742486062e-12
14950.056 6.805939594038077e-12
15000.056 2.1559192909023714e-11
15050.056 2.6775117176801037e-11
15100.056 1.1207051671870572e-11
15150.056 4.558680560017637e-12
15200.056 1.7639406092942527e-11
15250.056 3.868375260080097e-11
15300.056 5.456982405417408e-11
15350.056 6.812179935407938e-11
15400.056 8.862860695220124e-11
15450.056 1.2835588824513633e-10
15500.056 1.8178083675147767e-10
15550.056 3.4226580346155834e-10
15600.056 5.925646758559537e-10
15650.056 1.06276807336011e-09
15700.056 1.7637080735800445e-09
15750.056 2.2696958283300505e-09
15800.056 2.8942646658e-09
15850.056 3.5965771584001514e-09
15900.056 4.022501296200009e-09
15950.056 4.589376307400017e-09
16000.056 4.4312530500999976e-09
16050.056 3.698995608799941e-09
16100.056 2.6943766037699994e-09
16150.056 1.7522126001198722e-09
16200.056 8.775727816190382e-10
16250.056 5.546606132330999e-10
16300.056 3.407327035935701e-10
16350.056 3.848500152632732e-10
16400.056 4.0206443033092657e-10
16450.056 4.768159984646102e-10
16500.056 4.109146548229605e-10
16550.056 4.387832078814002e-10
16600.056 7.58350104238628e-10
16650.056 4.1132824230736054e-10
16700.056 1.272690020509364e-10
16750.056 3.6078895303807255e-10
16800.056 4.694902782590206e-10
16850.056 4.749302541499403e-10
16900.056 2.8987457275754455e-10
16950.056 2.1402074402061912e-10
17000.056 1.505344174796166e-10
17050.056 2.4693556753942434e-10
17100.056 3.622972525753076e-10
17150.056 2.7659522580967177e-10
17200.056 5.893531476156274e-10
17250.056 3.139092992599067e-10
17300.056 2.7622962647678e-10
17350.056 3.0263288585499983e-10
17400.056 4.0604177141061597e-10
17450.056 4.323887483116815e-10
17500.056 5.143985517225613e-10
17550.056 3.9182166261636855e-10
17600.056 3.6570480489903345e-10
17650.056 2.571248889937764e-10
17700.056 2.095422666573893e-10
17750.056 1.3418462025600183e-10
17800.056 2.0424474941509937e-10
17850.056 1.033796754097077e-10
17900.056 8.830458942486774e-11
17950.056 4.336377369514702e-11
18000.056 7.891871105415117e-11
18050.056 2.5005428526483994e-11
18100.056 2.8903196712235522e-11
18150.056 2.296941516332903e-11
18200.056 1.3308105026957427e-11
18250.056 5.129484742617704e-11
18300.056 6.6079595969542315e-12
18350.056 6.102542399171366e-12
18400.056 3.456018381152656e-12
18450.056 2.6760132159317437e-11
18500.056 2.45582182585697e-11
18550.056 9.553788413945034e-12
18600.056 1.5357242456324777e-11
18650.056 9.024239104286785e-12
18700.056 1.2027307577039976e-12
18750.056 3.209418986693744e-12
18800.056 4.210960481103596e-11
18850.056 3.630325017390571e-11
18900.056 3.4958154151552215e-11
18950.056 5.7289915500502354e-11
19000.056 1.048083394395272e-11
19050.056 4.265260947313768e-12
19100.056 1.5088989215053444e-11
19150.056 5.417095024735455e-12
19200.056 1.223930245845971e-11
19250.056 7.883173718528425e-12
19300.056 4.4158011968372964e-12
19350.056 4.654212463121572e-12
19400.056 3.1882829195010732e-12
19450.056 4.949282285618861e-12
19500.056 4.811641921066012e-12
19550.056 9.096465481694133e-12
19600.056 1.8842076935725006e-11
19650.056 1.458052415446624e-11
19700.056 2.2749564786746253e-11
19750.056 3.136614877058606e-11
19800.056 1.9170545439362254e-11
19850.056 2.4860190107618374e-11
19900.056 3.8593367571137334e-11
19950.056 5.2071519749618e-11
20000.056 6.042773979860139e-11
20050.056 4.6211684777808396e-11
20100.056 7.687062509817314e-11
20150.056 5.1135993111270434e-11
20200.056 3.44755999528141e-11
20250.056 6.916283878081949e-11
20300.056 7.987256371143715e-11
20350.056 8.398332662229683e-11
20400.056 7.903121959919725e-11
20450.056 1.3347078234912926e-10
20500.056 1.4678205100999788e-10
20550.056 1.5954648567499878e-10
20600.056 1.7236162704101632e-10
20650.056 1.9363171263698944e-10
20700.056 2.0694838481399744e-10
20750.056 2.1389147363999787e-10
20800.056 2.085365373399856e-10
20850.056 2.2674969794000204e-10
20900.056 2.28864887949999e-10
20950.056 2.23490619300002e-10
21000.056 2.1913857799999964e-10
21050.056 2.2637684340999873e-10
21100.056 2.232607147599996e-10
21150.056 2.2406474346999901e-10
21200.056 2.2199456605000282e-10
21250.056 2.2217185751999608e-10
21300.056 2.150217052200025e-10
21350.056 2.1103259736699547e-10
21400.056 2.183503186020105e-10
21450.056 1.9753590321500651e-10
21500.056 1.8602251993100192e-10
21550.056 1.7581518245199497e-10
21600.056 1.6461207103176826e-10
21650.056 1.3769275427079013e-10
21700.056 1.3551862514699079e-10
21750.056 1.1416005274267765e-10
21800.056 8.187122830368254e-11
21850.056 7.290230529083702e-11
21900.056 5.541324520495145e-11
21950.056 3.1360840313562246e-11
22000.056 6.533968607731272e-12
22050.056 1.0237527045176192e-11
22100.056 2.6727251260306876e-11
22150.056 1.901574395823705e-11
22200.056 1.9561529521164707e-11
22250.056 1.7249057530600895e-11
22300.056 8.230337590602512e-12
22350.056 1.4236156083299395e-11
22400.056 4.731950348114811e-12
22450.056 9.726563445217707e-12
22500.056 6.3131642521871e-12
22550.056 3.4791384827251633e-12
22600.056 2.557685040125816e-12
22650.056 3.5101406654501625e-12
22700.056 4.413282629686239e-12
22750.056 7.675207348414118e-12
22800.056 8.859388265406767e-12
22850.056 5.863401140375721e-12
22900.056 4.907674288249166e-12
22950.056 4.490237907495311e-12
23000.056 4.804932704987491e-12
23050.056 5.723038088707593e-12
23100.056 2.7912038979326764e-11
23150.056 1.8802277737079756e-11
23200.056 1.6182955962581925e-12
23250.056 7.240457761676755e-12
23300.056 5.258807486119117e-12
23350.056 7.26875907384999e-12
23400.056 5.047339416808534e-12
23450.056 4.045600938402945e-12
23500.056 4.059199094097665e-12
23550.056 9.70113443683498e-12
23600.056 1.8388671133850133e-11
23650.056 2.2865416563689254e-11
23700.056 4.173670524504207e-12
23750.056 5.8656130527387124e-12
23800.056 2.684024302853313e-11
23850.056 1.415098532676572e-11
23900.056 3.015804112167087e-11
23950.056 1.535778520839878e-11
24000.056 3.7884986004942894e-11
24050.056 3.7230580505035545e-11
24100.056 4.1013893882074684e-11
24150.056 5.997986563470799e-11
24200.056 4.136236121998273e-11
24250.056 4.459745499533954e-11
24300.056 7.555704837662404e-11
24350.056 5.4370957649023646e-11
24400.056 1.2084631261719664e-10
24450.056 1.1155960385966724e-10
24500.056 9.669898763191786e-11
24550.056 1.6271910835117225e-10
24600.056 1.8753818862998168e-10
24650.056 2.2807440044163062e-10
24700.056 1.67314063086457e-10
24750.056 1.888277163008679e-10
24800.056 1.602447752283698e-10
24850.056 2.3703292565523035e-10
24900.056 9.280135520757427e-11
24950.056 1.8020982538802382e-10
25000.056 1.9922371409179435e-10
25050.056 9.189269566015432e-11
25100.056 1.6477725357430383e-10
25150.056 7.156408022044521e-11
25200.056 1.0516535906600865e-10
25250.056 3.132519149524375e-11
25300.056 4.384907475851725e-11
25350.056 1.717621454318451e-11
25400.056 5.0812909405821125e-11
25450.056 1.2483770663691945e-11
25500.056 1.0081694580642868e-11
25550.056 3.48312934057011e-11
25600.056 1.8417709945725238e-11
25650.056 5.09302083205842e-12
25700.056 4.293107464418081e-12
25750.056 9.748904435310612e-13
25800.056 7.06936492437618e-12
25850.056 9.663240835554927e-13
25900.056 1.7536033459811624e-12
25950.056 1.9767306802202584e-13
26000.056 5.904309595387341e-12
26050.056 3.4803390339099376e-13
26100.056 2.958131280959509e-12
26150.056 8.383792968079196e-13
26200.056 1.3271699198597893e-12
26250.056 1.5071114746276677e-11
26300.056 1.5286607507505766e-12
26350.056 4.390429274656411e-11
26400.056 7.438551691084914e-11
26450.056 2.8063593308823378e-11
26500.056 9.400176437622412e-11
26550.056 5.410357240580051e-12
26600.056 4.972698979852661e-12
26650.056 4.4400654328131183e-13
26700.056 2.5013603239411757e-13
26750.056 4.963882020460329e-13
26800.056 2.5734464988566665e-12
26850.056 1.2882264824474274e-12
26900.056 8.859324686692264e-12
26950.056 2.236021386268226e-12
27000.056 1.6494993476289145e-11
27050.056 2.6655599750734743e-11
27100.056 1.0207720237831744e-12
27150.056 2.6526704426351692e-11
27200.056 9.804679878809989e-13
27250.056 5.783903615324914e-12
27300.056 8.427600887679338e-11
27350.056 1.75706635733545e-11
27400.056 5.342728922862785e-13
27450.056 2.630881644306687e-11
27500.056 3.861367880189259e-11
27550.056 3.2834843360668483e-12
27600.056 1.3706928590450673e-11
27650.056 2.4696823188617033e-12
27700.056 2.6746670433056377e-12
27750.056 2.5699745863166007e-11
27800.056 6.686596733267219e-12
27850.056 1.4312128065028086e-11
27900.056 1.917705168199985e-11
27950.056 4.453537360327701e-11
28000.056 4.320544692186121e-11
28050.056 3.2869478694835186e-12
28100.056 5.6804630368740985e-11
28150.056 3.6416313653099276e-11
28200.056 6.859122724101319e-12
28250.056 7.795824871892364e-11
28300.056 7.495144315680621e-11
28350.056 8.570060613595838e-12
28400.056 4.759357906705581e-11
28450.056 9.997859620585027e-11
28500.056 4.5601391984017157e-11
28550.056 7.547870402608964e-12
28600.056 8.946825788079375e-11
28650.056 4.4881667087881145e-11
28700.056 8.661009823034547e-11
28750.056 1.7351919693776423e-10
28800.056 5.1780472538339155e-11
