galfind/configs/Brown_Dwarf_templates/sonora_bobcat/m0.0/1000g/co0.5/sp_t1400g1000nc_m+0.0_co0.5_resample.dat
# %ECSV 1.0
# ---
# datatype:
# - {name: wav, unit: Angstrom, datatype: float64}
# - {name: flux_nu, unit: erg / (cm2 Hz s), datatype: float64}
# meta: {C/O: '0.50', Kzz: '1.0000E+05', Teff: '1400.', Y: '0.28', '[Fe/H]': '0.00', f_hole: '1.00', f_rain: '0.00', grav: '1000.'}
# schema: astropy-2.0
wav flux_nu
[from data line 499]
28950.056 4.6462868799897626e-07
29000.056 3.8478094203391865e-07
29050.056 4.20901753764018e-07
29100.056 3.2254725044506056e-07
29150.056 4.828514868850526e-07
29200.056 3.7551770877602984e-07
29250.056 4.5603655199400283e-07
29300.056 3.3651982605391026e-07
29350.056 5.939598737049283e-07
29400.056 4.229258077499488e-07
29450.056 4.4147196947898076e-07
29500.056 4.5475898276897467e-07
29550.056 4.4659616165501263e-07
29600.056 5.012620461298325e-07
29650.056 4.5930127288596385e-07
29700.056 4.230164161969127e-07
29750.056 5.028084150480999e-07
29800.056 5.338093034529085e-07
29850.056 5.058544716619274e-07
29900.056 4.918641669292236e-07
29950.056 5.609042150179021e-07
30000.056 5.344403319099427e-07
30050.056 4.891248746899855e-07
30100.056 4.6049145833287247e-07
30150.056 6.341127009699816e-07
30200.056 5.208438327950103e-07
30250.056 5.889616685500865e-07
30300.056 5.275258255499691e-07
30350.056 5.281056504080416e-07
30400.056 6.135269619400409e-07
30450.056 4.817909346560858e-07
30500.056 4.3428204177003346e-07
30550.056 4.920908099700531e-07
30600.056 5.197613188500114e-07
30650.056 4.926427520399535e-07
30700.056 4.549656689839614e-07
30750.056 4.4417182716496845e-07
30800.056 4.4031067303408774e-07
30850.056 3.820363296599268e-07
30900.056 3.922119743409359e-07
30950.056 3.3459782575906237e-07
31000.056 3.432348950790137e-07
31050.056 3.7327042103001117e-07
31100.056 3.01889496868985e-07
31150.056 3.2540718456597995e-07
31200.056 3.4865094770002417e-07
31250.056 2.9023047841098204e-07
31300.056 2.9164583201096306e-07
31350.056 2.7222686244400413e-07
31400.056 2.441036465550314e-07
31450.056 2.536857177859618e-07
31500.056 2.3194541855895269e-07
31550.056 2.401815180209903e-07
31600.056 2.169473234159969e-07
31650.056 2.0480953333701286e-07
31700.056 2.1102067757297045e-07
31750.056 1.877898890700582e-07
31800.056 2.2236256919096023e-07
31850.056 1.9176397956002978e-07
31900.056 2.2076980820101458e-07
31950.056 1.7128579896601818e-07
32000.056 2.0292846412196376e-07
32050.056 2.0918485217401312e-07
32100.056 2.0579522352501282e-07
32150.056 2.2330088939598048e-07
32200.056 1.9585545073599447e-07
32250.056 2.4470010243402907e-07
32300.056 1.9164605695198127e-07
32350.056 2.5984335445399385e-07
32400.056 1.9915255938599858e-07
32450.056 2.555989867259192e-07
32500.056 2.484806489750474e-07
32550.056 2.545149653599898e-07
32600.056 2.6562775433799503e-07
32650.056 3.1027477491896975e-07
32700.056 2.988814573900375e-07
32750.056 3.1862887261901324e-07
32800.056 3.161127317740324e-07
32850.056 3.342890326099652e-07
32900.056 3.621676892499952e-07
32950.056 3.501454702249842e-07
33000.056 3.249874736059412e-07
33050.056 2.9699563876002554e-07
33100.056 2.345374204409808e-07
33150.056 1.2869719257201746e-07
33200.056 1.0505667266696579e-07
33250.056 8.458648361397605e-08
33300.056 8.332465753301495e-08
33350.056 1.007995944280013e-07
33400.056 1.1761976282898196e-07
33450.056 1.3779187016999824e-07
33500.056 1.7393019543002848e-07
33550.056 1.882207795200326e-07
33600.056 2.2881093089599082e-07
33650.056 2.596591911020234e-07
33700.056 2.4328679035697294e-07
33750.056 3.096437655899933e-07
33800.056 2.856237469079866e-07
33850.056 3.2283124938797816e-07
33900.056 2.859728202029872e-07
33950.056 2.873641538839812e-07
34000.056 3.212110595590042e-07
34050.056 2.6034845581795783e-07
34100.056 3.2541014777997785e-07
34150.056 2.8357171159796207e-07
34200.056 2.65091543791929e-07
34250.056 2.8799669669492983e-07
34300.056 2.502591821508731e-07
34350.056 2.4548556906600174e-07
34400.056 2.3277633780000433e-07
34450.056 2.7766992727398157e-07
34500.056 2.768350248999799e-07
34550.056 2.417774169440002e-07
34600.056 3.0470589238000006e-07
34650.056 2.705476314499784e-07
34700.056 2.766316119849716e-07
34750.056 3.010751515999831e-07
34800.056 2.7007018138996614e-07
34850.056 2.79243360620006e-07
34900.056 3.0344318957097204e-07
34950.056 2.9013972582993843e-07
35000.056 3.6265614926503375e-07
35050.056 2.8440688651399544e-07
35100.056 3.193875107299882e-07
35150.056 3.427666131780035e-07
35200.056 3.356681132400295e-07
35250.056 3.8230466557995076e-07
35300.056 3.268633965020453e-07
35350.056 3.264853811899487e-07
35400.056 3.656388332100733e-07
35450.056 2.796541715801098e-07
35500.056 4.0293792297002776e-07
35550.056 3.91324043199975e-07
35600.056 3.688564607900762e-07
35650.056 4.1769066581001507e-07
35700.056 3.687875565099949e-07
35750.056 4.063082388899468e-07
35800.056 5.130612504800185e-07
35850.056 3.9293382196000263e-07
35900.056 4.991958257299868e-07
35950.056 4.85655367329968e-07
36000.056 4.831835284100659e-07
36050.056 5.148736619400018e-07
36100.056 5.072292339197311e-07
36150.056 5.364221045900387e-07
36200.056 6.020946807999747e-07
36250.056 5.510425343299537e-07
36300.056 6.239031696300295e-07
36350.056 6.096068877499331e-07
36400.056 6.192398516200208e-07
36450.056 6.942533365899761e-07
36500.056 6.747622636199401e-07
36550.056 7.442826073002017e-07
36600.056 7.699175226800328e-07
36650.056 7.558698060698677e-07
36700.056 8.442895272799655e-07
36750.056 8.560857739800796e-07
36800.056 8.792353872499549e-07
36850.056 9.154798464898835e-07
36900.056 8.937002168500128e-07
36950.056 9.987304999099167e-07
37000.056 1.0014292101599475e-06
37050.056 1.0191529327900036e-06
37100.056 1.0599429290499972e-06
37150.056 1.0512036342300476e-06
37200.056 1.1376993707800131e-06
37250.056 1.1282806359898893e-06
37300.056 1.0714680555898344e-06
37350.056 1.0865799714901498e-06
37400.056 1.2688394963399664e-06
37450.056 1.1446781249800583e-06
37500.056 1.2011118103999256e-06
37550.056 1.303171618300103e-06
37600.056 1.3752713821800321e-06
37650.056 1.2394745891900545e-06
37700.056 1.4056138396800697e-06
37750.056 1.3119664451401075e-06
37800.056 1.3964545509201962e-06
37850.056 1.28502910653999e-06
37900.056 1.344655625880253e-06
37950.056 1.3566558328499524e-06
38000.056 1.4978344573600464e-06
38050.056 1.4672898832801106e-06
38100.056 1.3999494843201283e-06
38150.056 1.5680088832999856e-06
38200.056 1.5688891496000757e-06
38250.056 1.4694476705200695e-06
38300.056 1.5622379273699148e-06
38350.056 1.6245040006000652e-06
38400.056 1.529087082519879e-06
38450.056 1.676913328999971e-06
38500.056 1.542584750000129e-06
38550.056 1.6738799494000833e-06
38600.056 1.762891158539904e-06
38650.056 1.6648924739999572e-06
38700.056 1.6925570123901068e-06
38750.056 1.7701083637000075e-06
38800.056 1.693104579999911e-06
38850.056 1.688819741070016e-06
38900.056 1.6747713275999887e-06
38950.056 1.7832013711999787e-06
39000.056 1.7600067888000408e-06
39050.056 1.8026298259999145e-06
39100.056 1.6753060574301802e-06
39150.056 1.803778982400036e-06
39200.056 1.7987019637999693e-06
39250.056 1.8243328232998327e-06
39300.056 1.7731726888998072e-06
39350.056 1.8388709475501249e-06
39400.056 1.8034832430000655e-06
39450.056 1.8380837877999514e-06
39500.056 1.7454912992999195e-06
39550.056 1.7641580605799951e-06
39600.056 1.909743500099827e-06
39650.056 1.7911314376000181e-06
39700.056 1.7939010895000191e-06
39750.056 1.7359575598800053e-06
39800.056 1.6852728853999588e-06
39850.056 1.8261902729999375e-06
39900.056 1.7685296331800503e-06
39950.056 1.841842554499869e-06
40000.056 1.690123437700035e-06
40050.056 1.7334544556000107e-06
40100.056 1.8215445741000096e-06
40150.056 1.7276395071999267e-06
40200.056 1.7929396892998623e-06
40250.056 1.5978748242596306e-06
40300.056 1.630956049950118e-06
40350.056 1.7236048950000546e-06
40400.056 1.7079641393200688e-06
40450.056 1.7174423153000222e-06
40500.056 1.551163823200181e-06
40550.056 1.792650864299897e-06
40600.056 1.4712721753101123e-06
40650.056 1.655190959029939e-06
40700.056 1.7764431889000259e-06
40750.056 1.5050349405596096e-06
40800.056 1.4496973548598318e-06
40850.056 1.4883664617602246e-06
40900.056 1.5093628628400162e-06
40950.056 1.517683988419945e-06
41000.056 1.5344826308799617e-06
41050.056 1.5355001488998375e-06
41100.056 1.4192880045399158e-06
41150.056 1.4718189679999261e-06
41200.056 1.4655049974900348e-06
41250.056 1.4521044068200434e-06
41300.056 1.2500838937797853e-06
41350.056 1.4969899276900614e-06
41400.056 1.3697051469201698e-06
41450.056 1.4186514975401605e-06
41500.056 1.4025125463299891e-06
41550.056 1.3554512516200364e-06
41600.056 1.3508867566000598e-06
41650.056 1.3408041655401266e-06
41700.056 1.2429169576498792e-06
41750.056 1.307950651879918e-06
41800.056 1.4371278585399213e-06
41850.056 1.057701074440107e-06
41900.056 1.320813012409909e-06
41950.056 1.3363442212801617e-06
42000.056 1.2836438440802162e-06
42050.056 1.1193128883798477e-06
42100.056 1.3366163339201563e-06
42150.056 1.0209670547199596e-06
42200.056 1.0392014272200332e-06
42250.056 1.223887775579949e-06
42300.056 1.0833306808000038e-06
42350.056 1.2104347077101856e-06
42400.056 1.098807211140132e-06
42450.056 9.724802367100168e-07
42500.056 1.0060530472900574e-06
42550.056 1.004925320859989e-06
42600.056 1.0739990860101151e-06
42650.056 1.1481904958297264e-06
42700.056 1.0958992491400534e-06
42750.056 9.935312516400135e-07
42800.056 1.043379922820156e-06
42850.056 1.1513003477597854e-06
42900.056 1.1488627890500797e-06
42950.056 9.668283075497e-07
43000.056 1.0609918182000311e-06
43050.056 8.789598232603232e-07
43100.056 1.0106458226399697e-06
43150.056 9.838103217600946e-07
43200.056 9.841510731600332e-07
43250.056 1.0757976947099617e-06
43300.056 1.0865082978800408e-06
43350.056 8.819995363197962e-07
43400.056 9.792656493299637e-07
43450.056 9.194526984401666e-07
43500.056 9.422617006499429e-07
43550.056 9.568476452700202e-07
43600.056 1.0495755182100565e-06
43650.056 8.749988549700175e-07
43700.056 9.994555034099931e-07
43750.056 9.717954394301234e-07
43800.056 9.232665914599266e-07
43850.056 8.854264745901874e-07
43900.056 9.521945696999036e-07
43950.056 8.253835915099273e-07
44000.056 7.55022258070043e-07
44050.056 8.645308440300226e-07
44100.056 9.4696976528009e-07
44150.056 9.585912321499329e-07
44200.056 8.91263302840025e-07
44250.056 8.044519147800048e-07
44300.056 7.727542825301011e-07
44350.056 7.922294019000848e-07
44400.056 8.006882148899626e-07
44450.056 8.324281840600116e-07
44500.056 8.28346289720133e-07
44550.056 8.424201243999105e-07
44600.056 7.973951392500756e-07
44650.056 8.473240721900603e-07
44700.056 7.368553869300111e-07
44750.056 8.070683321599783e-07
44800.056 7.977358544900036e-07
44850.056 8.194602908300933e-07
44900.056 7.265818605400693e-07
44950.056 7.429923871100398e-07
45000.056 7.75996028269984e-07
45050.056 7.788198668799812e-07
45100.056 8.121096424800008e-07
45150.056 7.605932628299894e-07
45200.056 6.868206756000314e-07
45250.056 7.320795331399024e-07
45300.056 7.572596560100387e-07
45350.056 7.541903014399229e-07
45400.056 7.642482394700677e-07
45450.056 7.255025139598979e-07
45500.056 7.422943507199692e-07
45550.056 8.102407356399146e-07
45600.056 7.729589059900129e-07
45650.056 6.838184302798806e-07
45700.056 7.556118886500759e-07
45750.056 7.026447971100067e-07
45800.056 7.332944548499872e-07
45850.056 8.416944670199791e-07
45900.056 8.332818458500284e-07
45950.056 7.092199423100006e-07
46000.056 8.245886935200331e-07
46050.056 8.040049200801166e-07
46100.056 7.446011237699991e-07
46150.056 7.436274517599412e-07
46200.056 7.692990904301466e-07
46250.056 6.622876730599527e-07
46300.056 8.197784617799753e-07
46350.056 7.414230045599832e-07
46400.056 7.689537350999895e-07
46450.056 7.731896758400411e-07
46500.056 7.078578466000407e-07
46550.056 7.865633167799966e-07
46600.056 7.928331204600177e-07
46650.056 9.808971514199006e-07
46700.056 8.771474115201684e-07
46750.056 7.168951657200357e-07
46800.056 7.042353250700591e-07
46850.056 8.973256122801196e-07
46900.056 8.381040481298912e-07
46950.056 9.12342238900001e-07
47000.056 7.701385233600355e-07
47050.056 8.861290785498436e-07
47100.056 6.669950466800724e-07
47150.056 7.607732158400747e-07
47200.056 8.487345232200753e-07
47250.056 7.35174375709954e-07
47300.056 7.0162812984994e-07
47350.056 7.587650349399448e-07
47400.056 8.595835254799261e-07
47450.056 7.605611300800174e-07
47500.056 8.593295596699412e-07
47550.056 7.597448814799695e-07
47600.056 8.331062120399226e-07
47650.056 6.816278266198679e-07
47700.056 8.342802143701175e-07
47750.056 6.08981644560054e-07
47800.056 7.715573270199798e-07
47850.056 6.102574193499576e-07
47900.056 7.526154937599506e-07
47950.056 6.972432514000365e-07
48000.056 9.155491473400235e-07
48050.056 7.595226752800552e-07
48100.056 7.271745258800003e-07
48150.056 7.134062722300812e-07
48200.056 7.8641951011002e-07
48250.056 6.922934754100192e-07
48300.056 9.200252993198859e-07
48350.056 6.303713277300025e-07
48400.056 6.680722239799434e-07
48450.056 6.961256612600743e-07
48500.056 8.834516498599538e-07
48550.056 6.539910645399879e-07
48600.056 8.194793201499827e-07
48650.056 7.102064189699661e-07
48700.056 8.201820572000199e-07
48750.056 5.765303653901055e-07
48800.056 9.053322694900303e-07
48850.056 6.396019158798585e-07
48900.056 8.831366685600321e-07
48950.056 7.400824965100335e-07
49000.056 6.495727685399331e-07
49050.056 8.369819926399681e-07
49100.056 7.598166809900819e-07
49150.056 7.711308658099844e-07
49200.056 7.684063456800105e-07
49250.056 7.988292023200638e-07
49300.056 7.016717231799607e-07
49350.056 6.571848390300527e-07
49400.056 8.041644283899534e-07
49450.056 7.432077369501912e-07
49500.056 6.972068199099889e-07
49550.056 5.835479566300052e-07
49600.056 6.934883767701051e-07
49650.056 7.066454442599636e-07
49700.056 6.61545089729889e-07
49750.056 9.261009446698743e-07
49800.056 7.01417609960025e-07
49850.056 9.030686103800969e-07
49900.056 7.512402478499843e-07
49950.056 7.251632252699114e-07
50000.056 7.393114815099266e-07
50050.056 7.856950846199848e-07
50100.056 7.914773542799753e-07
50150.056 6.325097276600012e-07
50200.056 5.162799668000496e-07
50250.056 7.535495442199824e-07
50300.056 6.914319491399898e-07
50350.056 8.526316984500346e-07
50400.056 7.192107779499534e-07
50450.056 6.637871681200654e-07
50500.056 8.43136752430084e-07
50550.056 7.502680174300205e-07
50600.056 7.119783179199251e-07
50650.056 7.691085019901079e-07
50700.056 8.506316519898484e-07
50750.056 8.011304080500878e-07
50800.056 5.701143892999176e-07
50850.056 6.452599354901004e-07
50900.056 8.464309198199625e-07
50950.056 7.721873307101257e-07
51000.056 8.822633901800727e-07
51050.056 7.293591994000268e-07
51100.056 5.667512584999427e-07
51150.056 7.108143286799731e-07
51200.056 8.564368630099601e-07
51250.056 7.385106173699708e-07
51300.056 6.065771895701715e-07
51350.056 7.349481431999093e-07
51400.056 5.652579479299385e-07
51450.056 4.88299375039916e-07
51500.056 5.724326868200968e-07
51550.056 8.40358198710064e-07
51600.056 6.153401118600382e-07
51650.056 6.545734686799145e-07
51700.056 6.991756131798389e-07
51750.056 5.924043919800276e-07
51800.056 7.616363027198089e-07
51850.056 7.268689851499496e-07
51900.056 8.764358009200972e-07
51950.056 7.296480938299509e-07
52000.056 5.08016637579968e-07
52050.056 6.760947948899866e-07
52100.056 5.903276676999844e-07
52150.056 5.658118931100161e-07
52200.056 5.764083193199932e-07
52250.056 6.37398328360017e-07
52300.056 8.32238395349954e-07
52350.056 7.423534677580327e-07
52400.056 5.317694680700736e-07
52450.056 6.870038847600403e-07
52500.056 7.816253245498762e-07
52550.056 7.398345335198863e-07
52600.056 6.880157540200863e-07
52650.056 7.472173436801027e-07
52700.056 6.336548951700095e-07
52750.056 5.183816513099769e-07
52800.056 5.825407863000401e-07
52850.056 5.880531228598857e-07
52900.056 6.207615204219776e-07
52950.056 6.312881515799797e-07
53000.056 7.825991369000357e-07
53050.056 5.605199991998703e-07
53100.056 6.412955570199151e-07
53150.056 8.289035507900467e-07
53200.056 4.88170498800005e-07
53250.056 7.580333717300227e-07
53300.056 7.518880325402946e-07
53350.056 7.386954999299363e-07
53400.056 7.424154227500188e-07
53450.056 5.683870358500091e-07
53500.056 4.389937893479243e-07
53550.056 5.959328290199338e-07
53600.056 6.773684093701139e-07
53650.056 5.381021460120029e-07
