galfind/configs/Brown_Dwarf_templates/sonora_bobcat/m0.0/1000g/co0.5/sp_t750g1000nc_m+0.0_co0.5_resample.dat
# %ECSV 1.0
# ---
# datatype:
# - {name: wav, unit: Angstrom, datatype: float64}
# - {name: flux_nu, unit: erg / (cm2 Hz s), datatype: float64}
# meta: {C/O: '0.50', Kzz: '1.0000E+05', Teff: '750.', Y: '0.28', '[Fe/H]': '0.00', f_hole: '1.00', f_rain: '0.00', grav: '1000.'}
# schema: astropy-2.0
wav flux_nu
[from data line 499]
28950.056 1.2934382632105526e-08
29000.056 1.1118485627650457e-08
29050.056 1.3713080858086667e-08
29100.056 9.030947876291903e-09
29150.056 1.59967517345609e-08
29200.056 1.2379079450341004e-08
29250.056 1.821086586233857e-08
29300.056 9.32364030047111e-09
29350.056 2.8511833197672238e-08
29400.056 1.2687299536379237e-08
29450.056 1.3855493667743959e-08
29500.056 1.9778488539666704e-08
29550.056 1.3766592908833403e-08
29600.056 1.7348717233487012e-08
29650.056 2.390949558154738e-08
29700.056 1.3523498955848118e-08
29750.056 2.2423815930665695e-08
29800.056 2.1813731231218626e-08
29850.056 2.5605864659754334e-08
29900.056 2.2905878976252122e-08
29950.056 2.081069552601053e-08
30000.056 2.488329109761377e-09
30050.056 5.519903167259936e-09
30100.056 9.560210009900573e-09
30150.056 2.1083365215399193e-08
30200.056 1.8890659531343e-08
30250.056 3.520824318837002e-08
30300.056 3.335808560102077e-08
30350.056 2.1545581261080544e-08
30400.056 3.965459994527605e-08
30450.056 2.501482624597697e-08
30500.056 2.5046592301030323e-08
30550.056 2.310661271702831e-08
30600.056 4.506808619930584e-08
30650.056 2.7708995273451046e-08
30700.056 2.4775476805401908e-08
30750.056 3.4376165167664884e-08
30800.056 2.748283303550483e-08
30850.056 2.8599519534215038e-08
30900.056 2.0130639554597675e-08
30950.056 1.9674912520892855e-08
31000.056 2.143191454100397e-08
31050.056 2.2972260018898e-08
31100.056 1.4495565436851786e-08
31150.056 2.3172573353778327e-08
31200.056 3.2051706848104894e-08
31250.056 2.0348232889598923e-08
31300.056 1.7515367082930484e-08
31350.056 2.1448453381223626e-08
31400.056 1.7055751512781465e-08
31450.056 1.964445324019485e-08
31500.056 1.1017278927071987e-08
31550.056 1.550261878847107e-08
31600.056 1.1550408173321776e-08
31650.056 1.0554313244527973e-08
31700.056 1.1316008556701326e-08
31750.056 7.768282479419921e-09
31800.056 1.3200020429299893e-08
31850.056 6.223617588845537e-09
31900.056 9.748241248600906e-09
31950.056 5.863782209117143e-09
32000.056 7.438442938950384e-09
32050.056 8.092822247588288e-09
32100.056 7.24457422618273e-09
32150.056 9.323767866349692e-09
32200.056 6.407083638849596e-09
32250.056 1.1602998537574435e-08
32300.056 5.601006220189419e-09
32350.056 1.3015366174201152e-08
32400.056 5.9299444273005804e-09
32450.056 1.1373523132902697e-08
32500.056 8.375596859329985e-09
32550.056 1.0889253957968879e-08
32600.056 1.1083112096326997e-08
32650.056 1.5678844977644168e-08
32700.056 1.3075010294653514e-08
32750.056 2.0387756605403632e-08
32800.056 2.001223687926833e-08
32850.056 2.564993234970043e-08
32900.056 2.6154378319733817e-08
32950.056 2.591404278962885e-08
33000.056 1.9167859728975693e-08
33050.056 2.1908437666102118e-08
33100.056 9.079862170176339e-09
33150.056 3.0871536182289943e-10
33200.056 7.017401458086666e-10
33250.056 6.622497226918069e-10
33300.056 1.4779807342144234e-09
33350.056 3.5686704080100067e-09
33400.056 6.5489494712090325e-09
33450.056 8.256841632282388e-09
33500.056 1.7225461261705816e-08
33550.056 1.0447319487927149e-08
33600.056 1.848796607171823e-08
33650.056 1.9386153766902504e-08
33700.056 1.2230490904850439e-08
33750.056 2.429342973588216e-08
33800.056 9.502196901065799e-09
33850.056 1.6918016525031332e-08
33900.056 1.463253258652947e-08
33950.056 1.4640546288151405e-08
34000.056 2.079712594518439e-08
34050.056 8.339875409108283e-09
34100.056 1.8440989438144143e-08
34150.056 1.1011713136318113e-08
34200.056 1.735499779312208e-08
34250.056 1.589070851179512e-08
34300.056 1.1792503247003717e-08
34350.056 1.6478980220142363e-08
34400.056 1.0020566411803783e-08
34450.056 1.9304859666224405e-08
34500.056 1.531288110248051e-08
34550.056 8.855020019228279e-09
34600.056 2.3721978517200066e-08
34650.056 1.0065447894130204e-08
34700.056 1.929618477775145e-08
34750.056 1.6550411959254034e-08
34800.056 1.2223876954748735e-08
34850.056 2.450786360900112e-08
34900.056 1.5518078070885605e-08
34950.056 2.1706325914696414e-08
35000.056 3.4347084044805624e-08
35050.056 1.742070193319768e-08
35100.056 3.2622275401991756e-08
35150.056 3.0579640506882916e-08
35200.056 2.735829000495969e-08
35250.056 4.228259253342731e-08
35300.056 2.2173405239782864e-08
35350.056 3.0199773523384976e-08
35400.056 3.263744403469364e-08
35450.056 2.1310377216399757e-08
35500.056 4.8748144304192924e-08
35550.056 3.662931005680143e-08
35600.056 3.856094028061484e-08
35650.056 4.4750717629228656e-08
35700.056 3.515220162640425e-08
35750.056 5.3593934687198944e-08
35800.056 5.715494535360324e-08
35850.056 3.4600921099499516e-08
35900.056 5.252940350731061e-08
35950.056 5.4106046115794343e-08
36000.056 5.285607515200711e-08
36050.056 5.2213082108390616e-08
36100.056 4.615574793565932e-08
36150.056 6.28125513258938e-08
36200.056 7.122754603178841e-08
36250.056 5.622206648527951e-08
36300.056 8.165775019488809e-08
36350.056 7.257859744780452e-08
36400.056 7.995107479298905e-08
36450.056 7.826554506952004e-08
36500.056 8.381508131715974e-08
36550.056 1.016424977730222e-07
36600.056 1.1434427821998674e-07
36650.056 9.270413494524997e-08
36700.056 9.888862850690985e-08
36750.056 1.1789997533001251e-07
36800.056 1.2089722055899725e-07
36850.056 1.0265871422218831e-07
36900.056 1.1606496317659742e-07
36950.056 1.2959841264198001e-07
37000.056 1.1601585866099272e-07
37050.056 1.3114035958900683e-07
37100.056 1.1592718098590133e-07
37150.056 1.224373105380116e-07
37200.056 1.518216726799889e-07
37250.056 1.1873121679577445e-07
37300.056 1.0799732595357426e-07
37350.056 1.3940924448101398e-07
37400.056 1.7231058572799688e-07
37450.056 1.208898956836599e-07
37500.056 1.298935982399931e-07
37550.056 1.7798411142405044e-07
37600.056 2.0170191577001864e-07
37650.056 1.2222973327901955e-07
37700.056 1.7728580324401652e-07
37750.056 1.4005834009301662e-07
37800.056 1.5900988201403262e-07
37850.056 1.1707478436000322e-07
37900.056 1.3425754492901716e-07
37950.056 1.629142368289932e-07
38000.056 1.6855918607198778e-07
38050.056 1.754071365870279e-07
38100.056 1.9988173158401285e-07
38150.056 2.0929821479599935e-07
38200.056 1.970192462360028e-07
38250.056 1.8698572975902636e-07
38300.056 2.4376384939996006e-07
38350.056 2.4716692338002876e-07
38400.056 1.7699061837595292e-07
38450.056 1.6123460870495258e-07
38500.056 1.3858146925402626e-07
38550.056 2.0583939754003317e-07
38600.056 1.9583965880897133e-07
38650.056 2.0663364564398068e-07
38700.056 2.2709226976000548e-07
38750.056 2.0480622278301123e-07
38800.056 2.0552365131998135e-07
38850.056 2.1555167874000485e-07
38900.056 2.4333770017997e-07
38950.056 2.1212708219200155e-07
39000.056 2.2380399178396968e-07
39050.056 2.296569440960439e-07
39100.056 2.2399365298099147e-07
39150.056 2.6573275598999186e-07
39200.056 2.2755113322998673e-07
39250.056 2.667947115220044e-07
39300.056 2.4219988749698456e-07
39350.056 2.8626927822000676e-07
39400.056 2.432967403300363e-07
39450.056 2.750634346089944e-07
39500.056 2.8140937877000054e-07
39550.056 2.322952900610699e-07
39600.056 2.7654962029999024e-07
39650.056 3.154639788499865e-07
39700.056 2.9136758768002275e-07
39750.056 2.3123294549404608e-07
39800.056 2.4830868646000816e-07
39850.056 3.264513952600054e-07
39900.056 3.3341928349001335e-07
39950.056 2.77514380253979e-07
40000.056 3.173381899999971e-07
40050.056 3.1322953772499924e-07
40100.056 2.388385730314152e-07
40150.056 3.1714328093201336e-07
40200.056 3.231565785799655e-07
40250.056 3.230481654199365e-07
40300.056 3.258478407100283e-07
40350.056 2.8583917692396884e-07
40400.056 3.32629438224011e-07
40450.056 2.6665598516597423e-07
40500.056 3.1829288204999e-07
40550.056 3.6514906139996006e-07
40600.056 3.2264899440001485e-07
40650.056 3.091852377349484e-07
40700.056 4.02547085909988e-07
40750.056 3.1763452004994207e-07
40800.056 2.735708152799271e-07
40850.056 3.793110261500394e-07
40900.056 3.763005446299793e-07
40950.056 3.366991797320122e-07
41000.056 3.165562778149835e-07
41050.056 3.798111547999585e-07
41100.056 3.5878328512997445e-07
41150.056 2.737904087779865e-07
41200.056 3.7587007385001116e-07
41250.056 3.486667938379863e-07
41300.056 3.130765192599898e-07
41350.056 3.935302093899974e-07
41400.056 3.4415998466003293e-07
41450.056 3.9185546884998866e-07
41500.056 3.2492510877095904e-07
41550.056 2.946337822070473e-07
41600.056 3.156258640410289e-07
41650.056 3.5918934729003016e-07
41700.056 3.3551742605996073e-07
41750.056 3.2790908622997024e-07
41800.056 3.6539454537003417e-07
41850.056 2.641221673089907e-07
41900.056 3.2141309565394847e-07
41950.056 3.5680939548001474e-07
42000.056 3.0736237644591526e-07
42050.056 2.6209945128401795e-07
42100.056 3.5708450789996346e-07
42150.056 2.617405961760097e-07
42200.056 2.612736069849877e-07
42250.056 3.067901310810104e-07
42300.056 2.8381727081999286e-07
42350.056 3.1965257327002997e-07
42400.056 3.3192446350001775e-07
42450.056 2.631092494260409e-07
42500.056 2.739476055199962e-07
42550.056 2.5162979593999416e-07
42600.056 3.099785425550548e-07
42650.056 3.82913785174948e-07
42700.056 2.935565467739447e-07
42750.056 2.4542817776103597e-07
42800.056 3.019333821920139e-07
42850.056 3.3881817141993855e-07
42900.056 3.553889988480345e-07
42950.056 2.773410363659579e-07
43000.056 3.222507790660048e-07
43050.056 2.0134096268605907e-07
43100.056 2.99854485249988e-07
43150.056 2.517891729220161e-07
43200.056 2.861531110000116e-07
43250.056 3.9597479111002215e-07
43300.056 3.764104285600135e-07
43350.056 2.103352934699541e-07
43400.056 2.9974946313001297e-07
43450.056 2.372802207390436e-07
43500.056 2.6375634996001377e-07
43550.056 2.7054158312400526e-07
43600.056 3.3520819612802714e-07
43650.056 2.150045012860019e-07
43700.056 3.735820046500375e-07
43750.056 3.29165699186008e-07
43800.056 3.032067847319671e-07
43850.056 2.7858320195704655e-07
43900.056 2.7971963857297764e-07
43950.056 2.05635557954969e-07
44000.056 1.784798976230055e-07
44050.056 3.2818815569001666e-07
44100.056 4.176950333000092e-07
44150.056 4.23445212321983e-07
44200.056 3.6154426563000755e-07
44250.056 2.3023302838899603e-07
44300.056 1.8762083820702878e-07
44350.056 2.2624911804273573e-07
44400.056 2.1219367502098843e-07
44450.056 3.120328659860134e-07
44500.056 2.7885683507404937e-07
44550.056 3.750090729099826e-07
44600.056 3.438154715530125e-07
44650.056 3.1483478028999914e-07
44700.056 2.304081870339768e-07
44750.056 2.879074597650534e-07
44800.056 2.5170662477602253e-07
44850.056 3.5581125435002303e-07
44900.056 2.5906290165400397e-07
44950.056 2.895953485240206e-07
45000.056 3.205849824900092e-07
45050.056 3.0822539849997674e-07
45100.056 3.0144308939201533e-07
45150.056 2.995127189349797e-07
45200.056 2.277419631610162e-07
45250.056 2.61861954650955e-07
45300.056 2.3689964876702817e-07
45350.056 2.1755482624600804e-07
45400.056 3.7275770955003674e-07
45450.056 3.480807923300199e-07
45500.056 3.6877174876702087e-07
45550.056 4.0689079822993974e-07
45600.056 3.924696745500271e-07
45650.056 3.2998484340298713e-07
45700.056 2.3622192875899553e-07
45750.056 2.1887509226600728e-07
45800.056 4.130733051800169e-07
45850.056 3.7870139429299224e-07
45900.056 4.0958195597000026e-07
45950.056 3.2186141093799426e-07
46000.056 3.861463865650426e-07
46050.056 3.0780215609000003e-07
46100.056 4.269859291099774e-07
46150.056 2.8344857684499947e-07
46200.056 2.6252171267098833e-07
46250.056 1.439947824586839e-07
46300.056 2.9637683206400044e-07
46350.056 3.0992863871002426e-07
46400.056 2.9136493386901386e-07
46450.056 2.5647748922899713e-07
46500.056 2.8150077270405407e-07
46550.056 1.954048961250104e-07
46600.056 2.5474093918996697e-07
46650.056 3.6401550824102144e-07
46700.056 2.58775708891953e-07
46750.056 1.6499341373602104e-07
46800.056 1.2814605942600364e-07
46850.056 3.509061106000416e-07
46900.056 3.49279500019985e-07
46950.056 3.294693860699729e-07
47000.056 3.168364707220369e-07
47050.056 2.583345168159231e-07
47100.056 1.9015641943301302e-07
47150.056 2.6741522606503587e-07
47200.056 3.147379143599869e-07
47250.056 1.988085852369795e-07
47300.056 1.4277041498701623e-07
47350.056 3.500230583600005e-07
47400.056 3.12212275629979e-07
47450.056 2.787589195720375e-07
47500.056 3.4690217959997846e-07
47550.056 3.0217907397801124e-07
47600.056 3.130864684569763e-07
47650.056 3.0498440801797406e-07
47700.056 2.5324887349605935e-07
47750.056 1.970645515530029e-07
47800.056 1.8455441203801813e-07
47850.056 1.1904120258161112e-07
47900.056 1.6039892111918768e-07
47950.056 2.8759050952000786e-07
48000.056 3.574432675900119e-07
48050.056 3.1531390579597895e-07
48100.056 1.609836560736059e-07
48150.056 2.406882312610058e-07
48200.056 1.98835068164996e-07
48250.056 2.3587049715000078e-07
48300.056 3.510434722999916e-07
48350.056 2.2266584948099168e-07
48400.056 9.72452192305823e-08
48450.056 1.7713332848373477e-07
48500.056 2.4183470888495654e-07
48550.056 2.4908390974101894e-07
48600.056 2.635682856420078e-07
48650.056 3.3079080958999284e-07
48700.056 2.431497232440175e-07
48750.056 1.5298486167604856e-07
48800.056 2.9168686826901614e-07
48850.056 1.8660449492996855e-07
48900.056 2.694300954435821e-07
48950.056 1.7578829118600172e-07
49000.056 1.0683165467220409e-07
49050.056 2.4679159150297335e-07
49100.056 2.785641917840373e-07
49150.056 2.090412887458983e-07
49200.056 2.942729880900347e-07
49250.056 2.843693177500205e-07
49300.056 2.457576123479914e-07
49350.056 1.3614559800782699e-07
49400.056 1.9632236641696132e-07
49450.056 1.9082190602154618e-07
49500.056 1.6034092656398557e-07
49550.056 6.869650869720067e-08
49600.056 1.3093341283701973e-07
49650.056 1.8704468890898888e-07
49700.056 1.9664648933595288e-07
49750.056 2.3910930114598235e-07
49800.056 1.744745193841957e-07
49850.056 2.7002625115802776e-07
49900.056 2.312125385679935e-07
49950.056 2.058947611259949e-07
50000.056 1.9212571397798684e-07
50050.056 2.3314225055499408e-07
50100.056 1.8857803053898963e-07
50150.056 1.171816855209877e-07
50200.056 4.5637460366412055e-08
50250.056 1.5176004834799477e-07
50300.056 1.1171324270601131e-07
50350.056 2.1651873226902398e-07
50400.056 2.1164218345299096e-07
50450.056 1.5358384923760035e-07
50500.056 2.342116087160179e-07
50550.056 2.2854817932000852e-07
50600.056 1.587062043799646e-07
50650.056 2.3735085186803768e-07
50700.056 2.505605002299829e-07
50750.056 1.7610725310201355e-07
50800.056 9.311903022818443e-08
50850.056 7.600730006062362e-08
50900.056 2.2298804953999815e-07
50950.056 1.9446308409500263e-07
51000.056 1.7632785559201435e-07
51050.056 2.0351902003698146e-07
51100.056 9.479917864488855e-08
51150.056 1.2282195111177327e-07
51200.056 2.586213839099855e-07
51250.056 1.7745052492297957e-07
51300.056 1.266597138330306e-07
51350.056 1.5335178544817678e-07
51400.056 8.155906106280797e-08
51450.056 6.561877616768418e-08
51500.056 6.203075639741901e-08
51550.056 1.5297510603821423e-07
51600.056 1.1510849171431295e-07
51650.056 1.321310645479856e-07
51700.056 1.5379725890558203e-07
51750.056 1.1310080024801535e-07
51800.056 1.7975447735396656e-07
51850.056 1.485662522209953e-07
51900.056 2.0750533573400733e-07
51950.056 1.4686644600998757e-07
52000.056 3.7917418944690237e-08
52050.056 9.522010508401035e-08
52100.056 7.094122862899557e-08
52150.056 5.343743295930691e-08
52200.056 8.566510794979995e-08
52250.056 1.1515886888401706e-07
52300.056 1.7517667176999687e-07
52350.056 8.922580223855966e-08
52400.056 7.834271860180455e-08
52450.056 1.61324396059015e-07
52500.056 1.5612993995196344e-07
52550.056 1.4348960266898827e-07
52600.056 1.1606195608900337e-07
52650.056 1.3789508919701474e-07
52700.056 9.854591688499973e-08
52750.056 6.126633961589307e-08
52800.056 8.316482230901042e-08
52850.056 9.566177811897396e-08
52900.056 7.251395296976076e-08
52950.056 8.943355019880546e-08
53000.056 1.2872658606500307e-07
53050.056 6.694022996228799e-08
53100.056 1.3861887939598893e-07
53150.056 1.5643530790101553e-07
53200.056 6.660306902929338e-08
53250.056 1.3438673138801132e-07
53300.056 1.576155130978608e-07
53350.056 1.326196304209976e-07
53400.056 1.1200449794099363e-07
53450.056 5.6818952036988114e-08
53500.056 2.452987185947157e-08
