galfind/configs/Brown_Dwarf_templates/sonora_bobcat/m0.0/1000g/co0.5/sp_t1000g1000nc_m+0.0_co0.5_resample.dat
# %ECSV 1.0
# ---
# datatype:
# - {name: wav, unit: Angstrom, datatype: float64}
# - {name: flux_nu, unit: erg / (cm2 Hz s), datatype: float64}
# meta: {C/O: '0.50', Kzz: '1.0000E+05', Teff: '1000.', Y: '0.28', '[Fe/H]': '0.00', f_hole: '1.00', f_rain: '0.00', grav: '1000.'}
# schema: astropy-2.0
wav flux_nu
[from data line 500]
29000.056 6.409616691706595e-08
29050.056 7.318078580638215e-08
29100.056 5.202091789916882e-08
29150.056 9.601035124909923e-08
29200.056 6.443647442051331e-08
29250.056 8.868396214869423e-08
29300.056 5.2178754223116864e-08
29350.056 1.417735494773163e-07
29400.056 7.420654276655712e-08
29450.056 8.130572427430173e-08
29500.056 9.29844915648645e-08
29550.056 8.250135380442832e-08
29600.056 9.592023123506266e-08
29650.056 9.991228980289743e-08
29700.056 7.795901062641451e-08
29750.056 1.0535756001218773e-07
29800.056 1.0889313319326321e-07
29850.056 1.1501550883786786e-07
29900.056 1.1523975307736196e-07
29950.056 1.1278681398795938e-07
30000.056 4.7547324268669546e-08
30050.056 6.361282282501006e-08
30100.056 7.18580493155981e-08
30150.056 1.2220711648699183e-07
30200.056 9.824856410610349e-08
30250.056 1.5194246753602008e-07
30300.056 1.3327692882660004e-07
30350.056 1.1682399223240401e-07
30400.056 1.5557426154321304e-07
30450.056 1.068692696971126e-07
30500.056 1.0014107718779988e-07
30550.056 1.0749079782240113e-07
30600.056 1.4127784742600742e-07
30650.056 1.1114583588499396e-07
30700.056 1.0253596161598379e-07
30750.056 1.1410692317508391e-07
30800.056 1.0232990674832335e-07
30850.056 9.417768501897671e-08
30900.056 8.470147054698302e-08
30950.056 7.311555378811687e-08
31000.056 7.902166886120935e-08
31050.056 8.610137204999902e-08
31100.056 6.178446171259738e-08
31150.056 7.830158792719439e-08
31200.056 9.103161581901517e-08
31250.056 6.47045979293962e-08
31300.056 6.365200418272873e-08
31350.056 6.401953372360443e-08
31400.056 5.0866545559207656e-08
31450.056 5.89964113903862e-08
31500.056 4.384450853444136e-08
31550.056 5.0255494145073114e-08
31600.056 4.145534898810358e-08
31650.056 3.8006171887930426e-08
31700.056 4.036855134819756e-08
31750.056 3.123483074268792e-08
31800.056 4.3948603857693884e-08
31850.056 3.002519814192552e-08
31900.056 3.9087664712904874e-08
31950.056 2.5363429416094246e-08
32000.056 3.348111970019566e-08
32050.056 3.4546598495182696e-08
32100.056 3.2252345411270525e-08
32150.056 3.831036275019786e-08
32200.056 3.032071091660175e-08
32250.056 4.42260891154121e-08
32300.056 2.7442605794152177e-08
32350.056 4.8464790803401437e-08
32400.056 3.0015514011297665e-08
32450.056 4.430648852588686e-08
32500.056 3.9862307989810666e-08
32550.056 4.2951459567595987e-08
32600.056 4.772123717164266e-08
32650.056 5.761521406468635e-08
32700.056 5.4260419179410984e-08
32750.056 6.515472541490792e-08
32800.056 6.562996231456998e-08
32850.056 7.32086630489973e-08
32900.056 7.859101410397744e-08
32950.056 7.732673799879796e-08
33000.056 6.639183753958795e-08
33050.056 6.652340020320761e-08
33100.056 3.772076463749107e-08
33150.056 6.997540452420948e-09
33200.056 7.605602627305647e-09
33250.056 5.865479915898061e-09
33300.056 7.95793912090233e-09
33350.056 1.3565964726501018e-08
33400.056 1.956269338619592e-08
33450.056 2.7008815904619426e-08
33500.056 4.258012025501278e-08
33550.056 3.7398552064548304e-08
33600.056 5.5045347381394824e-08
33650.056 6.075244286860877e-08
33700.056 4.7351851466951954e-08
33750.056 7.238050792610242e-08
33800.056 4.736823546550807e-08
33850.056 6.221676491779421e-08
33900.056 5.114686173959658e-08
33950.056 5.385950945699156e-08
34000.056 6.665324725200947e-08
34050.056 3.9054571461637926e-08
34100.056 6.369648257340437e-08
34150.056 4.659024439918502e-08
34200.056 5.51573439417795e-08
34250.056 5.5016591622883705e-08
34300.056 4.4300948672320455e-08
34350.056 4.91806165946042e-08
34400.056 3.948244084117607e-08
34450.056 5.8047443559388806e-08
34500.056 5.26807995882973e-08
34550.056 3.698399013980072e-08
34600.056 6.745236518899883e-08
34650.056 4.296997393119917e-08
34700.056 5.705559400479597e-08
34750.056 5.6522130844985295e-08
34800.056 4.620714411789479e-08
34850.056 6.373891582200234e-08
34900.056 5.6565014008283455e-08
34950.056 6.18607399919874e-08
35000.056 8.878767593550771e-08
35050.056 5.556811974540882e-08
35100.056 7.792703615099853e-08
35150.056 7.971427052520693e-08
35200.056 7.591377520400126e-08
35250.056 1.0165439536777299e-07
35300.056 6.907036298861106e-08
35350.056 7.907376123068572e-08
35400.056 8.98440406100036e-08
35450.056 6.138669780472973e-08
35500.056 1.1253284293799435e-07
35550.056 9.73177633229977e-08
35600.056 9.581474094903005e-08
35650.056 1.1012879551711649e-07
35700.056 9.114667717739364e-08
35750.056 1.1737892616999363e-07
35800.056 1.415116927670023e-07
35850.056 9.396097374960154e-08
35900.056 1.3339040701400958e-07
35950.056 1.298653137959843e-07
36000.056 1.273091020930172e-07
36050.056 1.3300033797298592e-07
36100.056 1.227067763307402e-07
36150.056 1.4441461967699053e-07
36200.056 1.6073940592597915e-07
36250.056 1.3837205637597808e-07
36300.056 1.7410773291021482e-07
36350.056 1.6503030227199943e-07
36400.056 1.7157930254999142e-07
36450.056 1.8273038846138988e-07
36500.056 1.8520389808598813e-07
36550.056 2.1263383414005174e-07
36600.056 2.3328410184999434e-07
36650.056 2.077025274604726e-07
36700.056 2.2399475945798353e-07
36750.056 2.5091804318002893e-07
36800.056 2.512013200499951e-07
36850.056 2.3480204653496237e-07
36900.056 2.494061061679898e-07
36950.056 2.7964404388997184e-07
37000.056 2.639682573339871e-07
37050.056 2.7894691622201827e-07
37100.056 2.756349551339878e-07
37150.056 2.74361355896028e-07
37200.056 3.1403658881999183e-07
37250.056 2.838334438359505e-07
37300.056 2.618945385029328e-07
37350.056 3.011196875960203e-07
37400.056 3.6595932603999014e-07
37450.056 2.9739150904780465e-07
37500.056 3.0367645896298614e-07
37550.056 3.711742156000989e-07
37600.056 4.0290881813002443e-07
37650.056 3.0529037125503715e-07
37700.056 3.8778742844803193e-07
37750.056 3.2603658261703403e-07
37800.056 3.6340627774008815e-07
37850.056 2.97282950065004e-07
37900.056 3.303470586800629e-07
37950.056 3.632181213399705e-07
38000.056 3.981568768979828e-07
38050.056 3.955851085340518e-07
38100.056 4.1546238595402826e-07
38150.056 4.4039375340999354e-07
38200.056 4.434594530900303e-07
38250.056 4.20680001400021e-07
38300.056 4.993236963299375e-07
38350.056 5.084916178500465e-07
38400.056 4.0843018303993484e-07
38450.056 4.292496470099286e-07
38500.056 3.7653642230006015e-07
38550.056 4.726574282600522e-07
38600.056 4.583392388899498e-07
38650.056 4.791540542399749e-07
38700.056 5.098373021800094e-07
38750.056 5.050493165000007e-07
38800.056 4.709859964099411e-07
38850.056 4.988264116900272e-07
38900.056 5.406207723899679e-07
38950.056 5.00960849399993e-07
39000.056 5.261849629999821e-07
39050.056 5.315439519500241e-07
39100.056 5.179118238700288e-07
39150.056 5.685147859299962e-07
39200.056 5.279144256399803e-07
39250.056 5.854801690099835e-07
39300.056 5.515522772799436e-07
39350.056 6.121268135000297e-07
39400.056 5.65441876330056e-07
39450.056 5.935806075599922e-07
39500.056 5.91984408379993e-07
39550.056 5.677316988600891e-07
39600.056 6.217279593199373e-07
39650.056 6.550547000699868e-07
39700.056 6.244595249900398e-07
39750.056 5.546896654200762e-07
39800.056 5.792949427599811e-07
39850.056 6.765687532300004e-07
39900.056 6.74803687950009e-07
39950.056 6.531649729399591e-07
40000.056 6.764205691900208e-07
40050.056 6.57974971440005e-07
40100.056 6.06563081820022e-07
40150.056 6.81518752840017e-07
40200.056 7.014992811899249e-07
40250.056 6.605707994798697e-07
40300.056 6.67992638520059e-07
40350.056 6.558658542699675e-07
40400.056 7.037756952000329e-07
40450.056 6.56925641860008e-07
40500.056 6.682949160000384e-07
40550.056 7.4654884635995e-07
40600.056 6.591450021900349e-07
40650.056 6.785712647199045e-07
40700.056 7.971416938299914e-07
40750.056 6.582778274798652e-07
40800.056 6.024737025298455e-07
40850.056 7.21560781820081e-07
40900.056 7.333049954299928e-07
40950.056 6.762318738299926e-07
41000.056 6.834363912099804e-07
41050.056 7.290912235899291e-07
41100.056 6.752558254299446e-07
41150.056 6.031938909999574e-07
41200.056 7.132912716700057e-07
41250.056 6.67980501169996e-07
41300.056 5.892033951199291e-07
41350.056 7.321712069100257e-07
41400.056 6.580874290100649e-07
41450.056 7.059850128200201e-07
41500.056 6.271751959379516e-07
41550.056 5.860451752720649e-07
41600.056 6.374940600940475e-07
41650.056 6.689177295900471e-07
41700.056 5.969624619699331e-07
41750.056 6.205730626599589e-07
41800.056 7.219491582500023e-07
41850.056 4.878768968300092e-07
41900.056 6.22894874139921e-07
41950.056 6.816592799500386e-07
42000.056 6.474636147600016e-07
42050.056 5.336613801799729e-07
42100.056 7.215792877700303e-07
42150.056 5.111135580300207e-07
42200.056 5.132454250379845e-07
42250.056 6.177620694799868e-07
42300.056 5.577809165599858e-07
42350.056 6.20181813070088e-07
42400.056 6.108373718100489e-07
42450.056 4.931079413700418e-07
42500.056 5.124998670600126e-07
42550.056 4.872979502300088e-07
42600.056 5.722481257000661e-07
42650.056 6.785833348298905e-07
42700.056 5.720416567499305e-07
42750.056 4.829952695300566e-07
42800.056 5.510765589520355e-07
42850.056 6.133423090298818e-07
42900.056 6.41224314584066e-07
42950.056 4.969121596198847e-07
43000.056 5.800853896260226e-07
43050.056 3.994480258911451e-07
43100.056 5.373522915899668e-07
43150.056 4.808748236320336e-07
43200.056 5.173467036500066e-07
43250.056 6.692313923100408e-07
43300.056 6.516145181600336e-07
43350.056 4.1219527425788866e-07
43400.056 5.382476575500027e-07
43450.056 4.573639059741026e-07
43500.056 4.980727956200083e-07
43550.056 5.076362016500006e-07
43600.056 5.956464709900509e-07
43650.056 4.190705992100131e-07
43700.056 6.298761426500488e-07
43750.056 5.688836019600506e-07
43800.056 5.347281741999295e-07
43850.056 4.83977939980103e-07
43900.056 5.295465983999554e-07
43950.056 4.005892231899307e-07
44000.056 3.5238116728601844e-07
44050.056 5.532541262700173e-07
44100.056 6.542416269300354e-07
44150.056 6.701089347899589e-07
44200.056 5.802071432300109e-07
44250.056 4.2614184002800405e-07
44300.056 3.730148541870585e-07
44350.056 4.3707781791507385e-07
44400.056 4.112265461189816e-07
44450.056 5.173774551400005e-07
44500.056 4.953418001960944e-07
44550.056 6.023512521699644e-07
44600.056 5.494655113210288e-07
44650.056 5.372985714560214e-07
44700.056 4.2048246597997224e-07
44750.056 4.991605788590673e-07
44800.056 4.7408970937005094e-07
44850.056 5.876169355000635e-07
44900.056 4.45175906098031e-07
44950.056 4.830460078100256e-07
45000.056 5.187974969100107e-07
45050.056 5.096486142099798e-07
45100.056 5.218138382400146e-07
45150.056 5.176965482129737e-07
45200.056 4.171502266710317e-07
45250.056 4.6719586958390973e-07
45300.056 4.354617288000452e-07
45350.056 4.221005609919728e-07
45400.056 5.650969001400514e-07
45450.056 5.375100877699942e-07
45500.056 5.37573244396021e-07
45550.056 6.057885799599111e-07
45600.056 5.928274687700351e-07
45650.056 5.031799777129477e-07
45700.056 4.397860625350139e-07
45750.056 4.2029459271300597e-07
45800.056 5.932234500200158e-07
45850.056 6.005361161799893e-07
45900.056 6.247277248900254e-07
45950.056 4.957981117099874e-07
46000.056 5.91662756565052e-07
46050.056 5.100040592600098e-07
46100.056 6.109751824299642e-07
46150.056 4.763498373499762e-07
46200.056 4.63326732916024e-07
46250.056 3.209976396129567e-07
46300.056 5.105824811499912e-07
46350.056 4.962121294200292e-07
46400.056 4.958327600100217e-07
46450.056 4.5280880024101807e-07
46500.056 4.720262412140927e-07
46550.056 3.800277277000091e-07
46600.056 4.652157345679616e-07
46650.056 6.335720053900145e-07
46700.056 4.790451516299419e-07
46750.056 3.549745700530292e-07
46800.056 2.9154066749801955e-07
46850.056 6.103224994400763e-07
46900.056 5.734561576399624e-07
46950.056 5.60713242899969e-07
47000.056 5.142720596600596e-07
47050.056 4.829821988918638e-07
47100.056 3.52666401317031e-07
47150.056 4.5197103768406454e-07
47200.056 5.324160665299969e-07
47250.056 3.9626212805996556e-07
47300.056 3.0580183694401646e-07
47350.056 5.70628736959982e-07
47400.056 5.32852152529961e-07
47450.056 5.00100485718054e-07
47500.056 5.599309827899669e-07
47550.056 5.043757641000105e-07
47600.056 5.272023405899596e-07
47650.056 4.7281218589393083e-07
47700.056 4.6120151908811443e-07
47750.056 3.57795861534007e-07
47800.056 3.6556477400001996e-07
47850.056 2.8058819728201107e-07
47900.056 3.4481854563496136e-07
47950.056 4.800073444100103e-07
48000.056 5.933236348300369e-07
48050.056 5.298243166899834e-07
48100.056 3.29143627272012e-07
48150.056 4.288313952000193e-07
48200.056 3.937050025819928e-07
48250.056 4.1344668760000864e-07
48300.056 5.913854879999592e-07
48350.056 3.7300895619000347e-07
48400.056 2.3720211648395869e-07
48450.056 3.8874751110907286e-07
48500.056 4.7398132530993365e-07
48550.056 4.2833015730201363e-07
48600.056 4.5410856603001003e-07
48650.056 5.1105157211998e-07
48700.056 4.3537491274000794e-07
48750.056 2.790142302381065e-07
48800.056 5.214875415400221e-07
48850.056 3.527149171439338e-07
48900.056 5.202729787099833e-07
48950.056 3.6154874559001886e-07
49000.056 2.4458726807798694e-07
49050.056 4.6613628165995855e-07
49100.056 4.822779838540644e-07
49150.056 3.9631063297100273e-07
49200.056 5.072003530700582e-07
49250.056 4.782625806100477e-07
49300.056 4.2434986747598366e-07
49350.056 2.761968861570497e-07
49400.056 3.888826360349358e-07
49450.056 3.9118920017510305e-07
49500.056 3.2519216509398136e-07
49550.056 1.9048233971400987e-07
49600.056 3.0154442432805014e-07
49650.056 3.479403906099712e-07
49700.056 3.503069352399186e-07
49750.056 4.6188274807994717e-07
49800.056 3.5859183511200547e-07
49850.056 4.951695128500594e-07
49900.056 4.1904622514398364e-07
49950.056 3.7008254483998215e-07
50000.056 3.613614768999864e-07
50050.056 4.442078509299717e-07
50100.056 3.6706372318399145e-07
50150.056 2.5488192692998375e-07
50200.056 1.4180903327002694e-07
50250.056 3.3303578560998393e-07
50300.056 2.792588046050204e-07
50350.056 4.236159419270438e-07
50400.056 3.866416651799869e-07
50450.056 2.9737344232000165e-07
50500.056 4.1939770266004067e-07
50550.056 4.0460838123002e-07
50600.056 3.045431782489364e-07
50650.056 4.2331741966007167e-07
50700.056 4.5326939471993476e-07
50750.056 3.4514117259203664e-07
50800.056 2.1984716480696957e-07
50850.056 2.0862304939605015e-07
50900.056 4.369039533199856e-07
50950.056 3.6451200259002206e-07
51000.056 3.7468111834302325e-07
51050.056 3.7369546383998375e-07
51100.056 2.0125714862997111e-07
51150.056 2.7500327950760805e-07
51200.056 4.953735599499615e-07
51250.056 3.280635049819731e-07
51300.056 2.491237840360675e-07
51350.056 3.170692135639571e-07
51400.056 1.9038902616700156e-07
51450.056 1.6257045639896826e-07
51500.056 1.6940747562404446e-07
51550.056 3.3338048405002147e-07
51600.056 2.430963281730182e-07
51650.056 2.5985583594996416e-07
51700.056 3.0529903917995704e-07
51750.056 2.2819567725102034e-07
51800.056 3.408854752199217e-07
51850.056 2.996119754769881e-07
51900.056 4.234111305900344e-07
51950.056 3.1554565070997633e-07
52000.056 1.3000660213897798e-07
52050.056 2.344671004400159e-07
52100.056 1.8774470637099655e-07
52150.056 1.6112952439101215e-07
52200.056 1.9648249636099816e-07
52250.056 2.453965808850247e-07
52300.056 3.8065094823998805e-07
52350.056 2.451562020661998e-07
52400.056 1.876233536560195e-07
52450.056 3.121741728600255e-07
52500.056 3.333179527459306e-07
52550.056 3.003368944299671e-07
52600.056 2.6386265774802256e-07
52650.056 2.871832175630383e-07
52700.056 2.264300588840013e-07
52750.056 1.622926522539929e-07
52800.056 1.9772253599902196e-07
52850.056 2.1823609344394182e-07
52900.056 1.9919717142996313e-07
52950.056 2.2129305951000558e-07
53000.056 3.064558273010033e-07
53050.056 1.7282421935996085e-07
53100.056 2.7364190089497323e-07
53150.056 3.5064054193002706e-07
53200.056 1.5955762571398445e-07
53250.056 2.986925064300223e-07
53300.056 3.210361892071479e-07
53350.056 3.015213543599912e-07
53400.056 2.917445085099983e-07
53450.056 1.6645207847498408e-07
53500.056 1.0136033976197254e-07
53550.056 1.581123378699893e-07
53600.056 2.434946036660348e-07
53650.056 1.7937745498498363e-07
53700.056 1.7552147755000391e-07
