galfind/configs/Brown_Dwarf_templates/sonora_bobcat/m0.0/1000g/co0.5/sp_t325g1000nc_m+0.0_co0.5_resample.dat
# %ECSV 1.0
# ---
# datatype:
# - {name: wav, unit: Angstrom, datatype: float64}
# - {name: flux_nu, unit: erg / (cm2 Hz s), datatype: float64}
# meta: {C/O: '0.50', Kzz: '1.0000E+05', Teff: '325.', Y: '0.28', '[Fe/H]': '0.00', f_hole: '1.00', f_rain: '0.00', grav: '1000.'}
# schema: astropy-2.0
wav flux_nu
[from data line 498]
28900.056 3.652817238111027e-12
28950.056 4.32197909045536e-12
29000.056 2.3112480035917595e-12
29050.056 5.445827011852616e-12
29100.056 1.4986961955385366e-12
29150.056 1.838074630875621e-12
29200.056 1.3797890754936917e-11
29250.056 6.6066885132432286e-12
29300.056 4.284204631745071e-12
29350.056 1.3481701888372579e-11
29400.056 7.647517932041588e-12
29450.056 1.5626244227897774e-12
29500.056 1.8829224899411483e-11
29550.056 4.0320827307035895e-12
29600.056 4.168465906124791e-12
29650.056 2.7636300963197838e-11
29700.056 2.58161814861214e-12
29750.056 1.5817454085671746e-11
29800.056 6.33814684506861e-12
29850.056 2.698605380960068e-11
29900.056 8.113259173836144e-12
29950.056 8.142089719444964e-12
30000.056 6.18043751784363e-14
30050.056 1.676558202066421e-12
30100.056 7.58921960425783e-12
30150.056 2.4139719202284424e-11
30200.056 1.5576100374728037e-11
30250.056 2.512313410738331e-11
30300.056 3.491475091449757e-11
30350.056 4.426639912049897e-12
30400.056 4.330878699391156e-11
30450.056 4.111417753100306e-11
30500.056 9.391497039218569e-12
30550.056 8.967804756687145e-12
30600.056 2.5912815321478776e-10
30650.056 8.532947831648359e-11
30700.056 2.1453343546845356e-11
30750.056 6.806087257247007e-11
30800.056 1.0724301067532636e-10
30850.056 9.665636442371345e-11
30900.056 4.201561310238809e-11
30950.056 2.6921598938077584e-11
31000.056 4.435391520922877e-11
31050.056 1.6262024652893072e-11
31100.056 9.254868587536661e-12
31150.056 3.367477176136525e-11
31200.056 1.661405369512752e-10
31250.056 6.380878465065248e-11
31300.056 1.9592155122765436e-11
31350.056 1.4081699123079457e-10
31400.056 7.544110676075495e-11
31450.056 7.708840943679418e-11
31500.056 2.2038925076412323e-11
31550.056 6.418896657325409e-11
31600.056 4.9116487930513774e-11
31650.056 3.4146597925610084e-11
31700.056 2.7338830732009275e-11
31750.056 1.3179392664578231e-11
31800.056 2.903194329700131e-11
31850.056 4.143553603186894e-12
31900.056 1.1691010340802077e-11
31950.056 5.4246721031215e-12
32000.056 2.676823783045735e-12
32050.056 3.368769253172936e-12
32100.056 2.985345163355604e-12
32150.056 2.6180175782132627e-12
32200.056 1.0658267720540036e-12
32250.056 2.4268460982396252e-12
32300.056 6.336516641516537e-13
32350.056 2.6426806341815042e-12
32400.056 1.8541496671618399e-13
32450.056 1.500376027698519e-12
32500.056 1.8745202967816305e-13
32550.056 2.0363031931091343e-12
32600.056 1.2977646324939568e-13
32650.056 3.4450138877900535e-12
32700.056 2.316148906812143e-13
32750.056 1.0803545619812466e-11
32800.056 3.675976216642375e-12
32850.056 2.924764112780683e-11
32900.056 2.055383544751857e-11
32950.056 2.154463271592208e-11
33000.056 3.6806772423082895e-12
33050.056 3.87680674676085e-12
33100.056 5.38429793139729e-13
33150.056 3.7901800391397697e-16
33200.056 3.36033919160552e-14
33250.056 1.0552519626545013e-13
33300.056 3.3858511825580523e-12
33350.056 5.000649056662449e-12
33400.056 1.9665354176348048e-11
33450.056 2.625075746306559e-12
33500.056 2.1711756777003017e-11
33550.056 2.6374261556960584e-12
33600.056 8.023804808030081e-12
33650.056 9.701454543291377e-12
33700.056 1.2966259734640783e-12
33750.056 1.2567444164046801e-11
33800.056 4.279875521150995e-13
33850.056 5.568932817495622e-12
33900.056 5.225782691494974e-12
33950.056 5.943788049736876e-12
34000.056 1.6417709463751106e-11
34050.056 2.3660312021306723e-12
34100.056 1.702047292476842e-11
34150.056 4.270457836312984e-12
34200.056 2.371090414999099e-11
34250.056 8.922316209805284e-12
34300.056 1.226447657877185e-11
34350.056 5.700328688265647e-11
34400.056 6.6704972095974445e-12
34450.056 4.654239613781922e-11
34500.056 1.3279553730731872e-11
34550.056 3.072151358901826e-11
34600.056 1.6272358661965288e-10
34650.056 7.74763642730659e-12
34700.056 1.0979532350825178e-10
34750.056 4.191026370125372e-11
34800.056 2.630748403658536e-11
34850.056 1.3322092156552807e-10
34900.056 1.0842307414123956e-11
34950.056 1.9065924648380572e-10
35000.056 1.8288471351990532e-10
35050.056 1.6092458355025405e-10
35100.056 3.8961553845371864e-10
35150.056 3.122287333689394e-10
35200.056 2.8681485854703415e-10
35250.056 5.60543030259878e-10
35300.056 9.245251429446419e-11
35350.056 9.097276733769675e-11
35400.056 5.6460056716180327e-11
35450.056 4.959249559474341e-11
35500.056 2.7653579565825967e-10
35550.056 1.930438201061113e-10
35600.056 3.543089349229919e-10
35650.056 3.8536989560544635e-10
35700.056 4.6456269939236184e-10
35750.056 6.059754451800271e-10
35800.056 1.7125156005628488e-10
35850.056 1.1756376076392774e-10
35900.056 2.008078104292872e-10
35950.056 4.203245560897695e-10
36000.056 5.093514925380526e-10
36050.056 3.3142445214801176e-10
36100.056 3.082426661509247e-10
36150.056 1.2655055096839785e-09
36200.056 1.0533396670779603e-09
36250.056 4.898624781451064e-10
36300.056 1.5376413081472187e-09
36350.056 9.77635069479059e-10
36400.056 1.4761460307957593e-09
36450.056 8.290372673450975e-10
36500.056 8.853337789328134e-10
36550.056 2.441823777719942e-09
36600.056 2.9424568506997473e-09
36650.056 1.0866461323490328e-09
36700.056 1.5128643759565817e-09
36750.056 2.9167853437004873e-09
36800.056 3.115043125869587e-09
36850.056 1.2153251808345932e-09
36900.056 1.5797391171639132e-09
36950.056 3.420364584589487e-09
37000.056 2.283024834244092e-09
37050.056 3.2839580367108113e-09
37100.056 8.906302370523313e-10
37150.056 1.9032314239319683e-09
37200.056 4.95817261130008e-09
37250.056 2.0772191110714855e-09
37300.056 1.047188602421707e-09
37350.056 2.364808818613654e-09
37400.056 3.769475212801688e-09
37450.056 1.6383155964238263e-09
37500.056 1.7589319705969077e-09
37550.056 5.5866315828209855e-09
37600.056 9.147365402599737e-09
37650.056 1.7482158943502287e-09
37700.056 3.6452914157804777e-09
37750.056 2.8651431977799863e-09
37800.056 3.2174059931904547e-09
37850.056 1.7561766173399409e-09
37900.056 1.9601932056979148e-09
37950.056 3.05729327510004e-09
38000.056 2.5310398064794082e-09
38050.056 4.5310850997505025e-09
38100.056 6.921940849779701e-09
38150.056 8.068760051419334e-09
38200.056 4.52613022047218e-09
38250.056 6.731843900387624e-09
38300.056 1.206998460189834e-08
38350.056 8.646967629401673e-09
38400.056 3.309265424463385e-09
38450.056 1.0830490233977408e-09
38500.056 1.3225396944722454e-09
38550.056 5.161478017900432e-09
38600.056 6.102879760999392e-09
38650.056 5.2816363454397546e-09
38700.056 4.476513586769175e-09
38750.056 4.445161195809787e-09
38800.056 4.93237648070011e-09
38850.056 5.481391512300368e-09
38900.056 6.108625757827423e-09
38950.056 4.186650118100611e-09
39000.056 6.262700133299009e-09
39050.056 3.4517910540013308e-09
39100.056 4.5988865223709174e-09
39150.056 8.906899478899684e-09
39200.056 6.590770807400026e-09
39250.056 7.360756155600177e-09
39300.056 5.606613883400185e-09
39350.056 1.0579064497000152e-08
39400.056 5.777068047993955e-09
39450.056 9.941891555135721e-09
39500.056 1.073521681689939e-08
39550.056 4.0542949047200936e-09
39600.056 7.54409359108139e-09
39650.056 1.3045532685499785e-08
39700.056 1.1969807223700517e-08
39750.056 4.262225299319902e-09
39800.056 4.165288453025388e-09
39850.056 1.2576090643200894e-08
39900.056 1.4709776636600418e-08
39950.056 6.024486776700103e-09
40000.056 9.253730793799935e-09
40050.056 1.2010932866799345e-08
40100.056 3.2785820327829663e-09
40150.056 9.635079641000505e-09
40200.056 1.0621350245899095e-08
40250.056 1.2972103534698874e-08
40300.056 1.4243687418301066e-08
40350.056 6.567803486178473e-09
40400.056 8.358110844759262e-09
40450.056 3.755556535819608e-09
40500.056 1.0472633436100348e-08
40550.056 1.4762882885498864e-08
40600.056 1.4769944770999579e-08
40650.056 9.62799567476937e-09
40700.056 1.4940790103099514e-08
40750.056 1.1366977964799364e-08
40800.056 7.638009048699138e-09
40850.056 1.84031136442017e-08
40900.056 1.8318464259998766e-08
40950.056 1.2960128542880511e-08
41000.056 9.114710109719317e-09
41050.056 1.999112655120075e-08
41100.056 1.9353721032498414e-08
41150.056 6.629791819299684e-09
41200.056 1.910600613480208e-08
41250.056 1.903991714789756e-08
41300.056 1.9451588358301692e-08
41350.056 2.6401936582000024e-08
41400.056 1.8959488520999174e-08
41450.056 2.619891849800013e-08
41500.056 1.6058014043397497e-08
41550.056 1.4284798084902e-08
41600.056 1.3718855383299217e-08
41650.056 2.2485920159602254e-08
41700.056 3.138797550999907e-08
41750.056 2.433375062399996e-08
41800.056 2.3586179231999834e-08
41850.056 2.0521155693398907e-08
41900.056 1.7120138639296838e-08
41950.056 1.5229671865098647e-08
42000.056 4.693744777927527e-09
42050.056 7.05400836394076e-09
42100.056 1.09748456109995e-08
42150.056 1.3136124335299525e-08
42200.056 1.662967178049991e-08
42250.056 1.5527863517001562e-08
42300.056 1.487728012879928e-08
42350.056 2.205827172020026e-08
42400.056 2.5737255508000767e-08
42450.056 2.6486459408001243e-08
42500.056 2.862665482099962e-08
42550.056 2.556313277099949e-08
42600.056 2.468950379200311e-08
42650.056 3.12716377399977e-08
42700.056 1.6921213160798327e-08
42750.056 2.279444964000247e-08
42800.056 3.315166333900029e-08
42850.056 3.42148467199979e-08
42900.056 3.249082084900105e-08
42950.056 2.857459254300084e-08
43000.056 3.159488769499916e-08
43050.056 1.6703310263599648e-08
43100.056 2.8323899831000996e-08
43150.056 2.6763087453000004e-08
43200.056 3.059691910000099e-08
43250.056 4.179276964100053e-08
43300.056 3.70835096859987e-08
43350.056 2.1222068589099925e-08
43400.056 3.131120298600065e-08
43450.056 2.1696762409000558e-08
43500.056 1.8768137254100362e-08
43550.056 2.265217603360121e-08
43600.056 3.4805559825999606e-08
43650.056 1.843897937029863e-08
43700.056 3.304845403860448e-08
43750.056 3.915300211899892e-08
43800.056 3.1656543571999e-08
43850.056 2.83361932060024e-08
43900.056 2.1498372894999792e-08
43950.056 1.6699374340399198e-08
44000.056 1.606867298949979e-08
44050.056 3.471025587500286e-08
44100.056 4.545706878500048e-08
44150.056 4.1163000149999115e-08
44200.056 4.0713482848e-08
44250.056 2.3495532864998685e-08
44300.056 1.4791857954499894e-08
44350.056 1.5300577100800643e-08
44400.056 1.775128486299987e-08
44450.056 2.9381482808002504e-08
44500.056 2.52829885500003e-08
44550.056 3.488413432500048e-08
44600.056 2.6125034547000313e-08
44650.056 2.982432260599856e-08
44700.056 2.1276936795397867e-08
44750.056 2.7631109658001765e-08
44800.056 1.8480544276599964e-08
44850.056 2.76209447690012e-08
44900.056 2.5550381294999235e-08
44950.056 3.0749144575001824e-08
45000.056 3.583033404199966e-08
45050.056 3.1044344010997803e-08
45100.056 2.8066575425001947e-08
45150.056 2.5492754411999168e-08
45200.056 1.577211521710009e-08
45250.056 1.9623272316998802e-08
45300.056 1.9144461912900718e-08
45350.056 1.2467456439701604e-08
45400.056 3.750387847900113e-08
45450.056 3.122519889600254e-08
45500.056 3.760909122700151e-08
45550.056 4.039170101099662e-08
45600.056 3.6211359219000876e-08
45650.056 3.190330202099768e-08
45700.056 1.653626980859824e-08
45750.056 1.407803300650146e-08
45800.056 3.5484412326000536e-08
45850.056 2.8170315181801584e-08
45900.056 4.032806580899945e-08
45950.056 3.953992430899824e-08
46000.056 3.79414779760012e-08
46050.056 3.1122596826002393e-08
46100.056 4.1095231607998095e-08
46150.056 2.531789463599997e-08
46200.056 1.800842659969767e-08
46250.056 6.000950353949971e-09
46300.056 2.2717114046001827e-08
46350.056 2.672099716200129e-08
46400.056 2.7658722295000536e-08
46450.056 2.083625340229849e-08
46500.056 2.6708955240001098e-08
46550.056 1.4733397438298437e-08
46600.056 1.3705346502378841e-08
46650.056 2.4377297197601103e-08
46700.056 1.8016003991098142e-08
46750.056 6.232005063020747e-09
46800.056 3.6860223492794632e-09
46850.056 1.9295409477703074e-08
46900.056 2.980329140999987e-08
46950.056 3.097819644199941e-08
47000.056 3.220123182200082e-08
47050.056 1.895091365029605e-08
47100.056 1.585149995290026e-08
47150.056 2.293873146660216e-08
47200.056 2.5208091196999133e-08
47250.056 9.424754991957804e-09
47300.056 6.6558596358921395e-09
47350.056 2.43938110270016e-08
47400.056 2.8973228314999622e-08
47450.056 1.632934971470058e-08
47500.056 3.11529453760018e-08
47550.056 2.904781679200023e-08
47600.056 1.978091402279804e-08
47650.056 2.403857590749889e-08
47700.056 1.9213817559701988e-08
47750.056 1.4803190949699943e-08
47800.056 8.908305476399714e-09
47850.056 2.762604739000552e-09
47900.056 5.5213818367101635e-09
47950.056 1.9049569678001706e-08
48000.056 2.422554691799817e-08
48050.056 1.8087325784000014e-08
48100.056 8.825954444419916e-09
48150.056 1.752104793700092e-08
48200.056 9.941089360098607e-09
48250.056 1.7124296079500514e-08
48300.056 2.1795657365999666e-08
48350.056 1.207884247709831e-08
48400.056 1.8398597866744219e-09
48450.056 3.929180012615011e-09
48500.056 9.125533106998742e-09
48550.056 1.1654158992442564e-08
48600.056 2.406470914700065e-08
48650.056 2.8357388413999613e-08
48700.056 2.1326601807001014e-08
48750.056 1.76099078530001e-08
48800.056 2.2146251322000084e-08
48850.056 9.459190290448656e-09
48900.056 8.415597380539029e-09
48950.056 3.991470371139789e-09
49000.056 2.6326695343047467e-09
49050.056 9.554959719099063e-09
49100.056 1.4644428330012317e-08
49150.056 1.2765058558399683e-08
49200.056 2.2552223542001428e-08
49250.056 2.4177706376999835e-08
49300.056 1.85434648396984e-08
49350.056 6.810461527791086e-09
49400.056 8.782046752028369e-09
49450.056 6.35274939120129e-09
49500.056 4.851192486719013e-09
49550.056 6.242784387459942e-10
49600.056 2.0186687950824258e-09
49650.056 9.042535707101056e-09
49700.056 1.3512685024999892e-08
49750.056 9.052368867069342e-09
49800.056 4.619778082200108e-09
49850.056 1.4271068387901378e-08
49900.056 1.7252834885999867e-08
49950.056 1.551827886449932e-08
50000.056 7.698966938628591e-09
50050.056 8.247649433021273e-09
50100.056 7.610303340699509e-09
50150.056 2.2767481439395076e-09
50200.056 2.7473204562311355e-10
50250.056 1.9865551261000033e-09
50300.056 1.495270466178364e-09
50350.056 8.283317115000881e-09
50400.056 1.243888070959992e-08
50450.056 1.0801498841900085e-08
50500.056 1.551019834130074e-08
50550.056 1.771987197299998e-08
50600.056 1.0060682152548099e-08
50650.056 1.5876081077001018e-08
50700.056 1.3830134356999354e-08
50750.056 7.209346948599446e-09
50800.056 1.5338981725915579e-09
50850.056 5.742581753592767e-10
50900.056 5.814084890400793e-09
50950.056 7.847680012299301e-09
51000.056 4.751373013782021e-09
51050.056 9.681870760298977e-09
51100.056 3.6198650858900238e-09
51150.056 2.2663328505246046e-09
51200.056 1.0685981668000572e-08
51250.056 9.47535160629923e-09
51300.056 5.411649888520037e-09
51350.056 3.4362836556892473e-09
51400.056 6.555574712031481e-10
51450.056 6.003233089388199e-10
51500.056 6.134052818502315e-10
51550.056 3.370683137300601e-09
51600.056 5.077609766200368e-09
51650.056 7.748224580000005e-09
51700.056 5.680343909938853e-09
51750.056 4.5226429287910425e-09
51800.056 9.520525454999943e-09
51850.056 7.011545980499598e-09
51900.056 5.4522076534999226e-09
51950.056 2.193318686339516e-09
52000.056 1.9412434806395254e-10
52050.056 1.0598324585100776e-09
52100.056 4.954846096298715e-10
52150.056 2.677141686190935e-10
52200.056 1.4930868917100527e-09
52250.056 3.103780746850383e-09
52300.056 3.118864600599693e-09
52350.056 5.420895164989304e-10
52400.056 6.726666118300291e-10
52450.056 3.928884959500515e-09
52500.056 2.7147204503158317e-09
52550.056 5.10597613219958e-09
52600.056 4.889291428940653e-09
52650.056 6.4557170553997176e-09
52700.056 2.93017504509971e-09
52750.056 6.666593545757469e-10
52800.056 1.5485519102203e-09
52850.056 1.9373707702895953e-09
52900.056 4.387290611778106e-10
52950.056 9.022364099201968e-10
53000.056 2.8599355618000724e-09
53050.056 8.908092210999467e-10
53100.056 4.9473179347005576e-09
53150.056 5.220245464299762e-09
53200.056 2.1108038767998873e-09
53250.056 4.152863367399876e-09
53300.056 3.882764025970396e-09
53350.056 3.3606804037998756e-09
53400.056 1.8035404282997687e-09
53450.056 4.209609204198901e-10
53500.056 1.0721989575698166e-10
53550.056 1.824374524340002e-10
