galfind/configs/Brown_Dwarf_templates/sonora_bobcat/m0.0/1000g/co0.5/sp_t2400g1000nc_m+0.0_co0.5_resample.dat
# %ECSV 1.0
# ---
# datatype:
# - {name: wav, unit: Angstrom, datatype: float64}
# - {name: flux_nu, unit: erg / (cm2 Hz s), datatype: float64}
# meta: {C/O: '0.50', Kzz: '1.0000E+05', Teff: '2400.', Y: '0.28', '[Fe/H]': '0.00', f_hole: '1.00', f_rain: '0.00', grav: '1000.'}
# schema: astropy-2.0
wav flux_nu
4000.0559999999996 nan
4050.0559999999996 6.091119184560293e-08
4100.056 7.328470136539401e-08
4150.056 6.425233031410788e-08
4200.056 5.168597526467908e-08
4250.056 4.524658213000922e-08
4300.056 3.272415286651102e-08
4350.056 3.048485948810311e-08
4400.056 2.8710361112008933e-08
4450.056 1.644164793341277e-08
4500.056 1.613100789586401e-08
4550.056 2.010229678852391e-08
4600.056 1.5352249986125926e-08
4650.056 1.075791528949956e-08
4700.056 1.4060737150943415e-08
4750.056 1.7365056533572346e-08
4800.056 8.469316853942515e-09
4850.056 1.1487602844914614e-08
4900.056 2.936546013069531e-08
4950.056 3.760335047860622e-08
5000.056 1.0614138684467802e-08
5050.056 1.7477776541804506e-08
5100.056 3.13419184572058e-08
5150.056 3.094096345674011e-08
5200.056 1.6947529147420376e-08
5250.056 2.8620815345699467e-08
5300.056 3.7191072598700954e-08
5350.056 3.700044893050432e-08
5400.056 4.0569814449000154e-08
5450.056 2.9788952454595103e-08
5500.056 2.095900646149757e-08
5550.056 2.9471059673100458e-08
5600.056 2.2315064482202482e-08
5650.056 1.7807976523101292e-08
5700.056 2.2312804424401686e-08
5750.056 2.1799995735198176e-08
5800.056 2.0077345097099406e-08
5850.056 9.870951369400332e-09
5900.056 1.3756530977547302e-09
5950.056 1.1620106856300106e-08
6000.056 2.3532185111998863e-08
6050.056 4.143444932000365e-08
6100.056 6.010079978799953e-08
6150.056 6.095547813598894e-08
6200.056 2.8085851961301186e-08
6250.056 3.051045393900343e-08
6300.056 4.95539697430015e-08
6350.056 7.061986053500737e-08
6400.056 9.24880329230062e-08
6450.056 1.1697859122196425e-07
6500.056 1.1924442032996668e-07
6550.056 1.5258969927897066e-07
6600.056 1.258076719300099e-07
6650.056 8.935667296401304e-08
6700.056 5.879768985254006e-08
6750.056 7.134116187101068e-08
6800.056 8.444205697000755e-08
6850.056 1.2283080753200396e-07
6900.056 1.9313337188799542e-07
6950.056 2.742864008029863e-07
7000.056 4.233209068519722e-07
7050.056 3.5796479569403687e-07
7100.056 1.286574270249915e-07
7150.056 8.784461193001227e-08
7200.056 1.3897946733499212e-07
7250.056 2.411596333460452e-07
7300.056 4.553430206531018e-07
7350.056 7.553767113199522e-07
7400.056 1.0806327709200128e-06
7450.056 1.2539131454299407e-06
7500.056 1.3897809035600233e-06
7550.056 1.4467211836300412e-06
7600.056 8.293583528799951e-07
7650.056 1.8089825620415867e-07
7700.056 9.448109612957173e-08
7750.056 3.715110701800532e-07
7800.056 5.033739212053249e-07
7850.056 6.053385172199913e-07
7900.056 7.534130332100949e-07
7950.056 8.344570965516907e-07
8000.056 1.0909510494098602e-06
8050.056 1.5565813699599434e-06
8100.056 2.0553783451402927e-06
8150.056 2.5354199675700426e-06
8200.056 1.5414901780718158e-06
8250.056 2.210762844789869e-06
8300.056 1.8484103933604429e-06
8350.056 1.952126056770488e-06
8400.056 1.9564943532802743e-06
8450.056 1.1159664096698595e-06
8500.056 9.772802442273706e-07
8550.056 1.302051597330085e-06
8600.056 1.6594787137194932e-06
8650.056 2.129664612819776e-06
8700.056 2.276600538810059e-06
8750.056 2.634392118190283e-06
8800.056 3.2629050619004292e-06
8850.056 3.013221197220113e-06
8900.056 2.115296679600218e-06
8950.056 2.3337958840386093e-06
9000.056 2.8624457838002895e-06
9050.056 2.955054827059466e-06
9100.056 3.6291792432901068e-06
9150.056 4.13978576587006e-06
9200.056 4.078773326980781e-06
9250.056 3.1639257903500085e-06
9300.056 2.7488293707802265e-06
9350.056 3.0038800017497613e-06
9400.056 3.25051228920061e-06
9450.056 3.622189214439204e-06
9500.056 4.173485084699877e-06
9550.056 4.499625349400355e-06
9600.056 4.8084105906006455e-06
9650.056 5.231694620000843e-06
9700.056 5.550643301399678e-06
9750.056 4.716235921599989e-06
9800.056 4.976378561299697e-06
9850.056 4.857130552099868e-06
9900.056 4.020898679819809e-06
9950.056 3.6485784368802254e-06
10000.056 3.688519027609835e-06
10050.056 3.652262451999798e-06
10100.056 4.334082691741189e-06
10150.056 4.261657561369886e-06
10200.056 4.583945627569538e-06
10250.056 4.46384434741871e-06
10300.056 4.3289514509994974e-06
10350.056 4.861407511849888e-06
10400.056 5.222389397119941e-06
10450.056 5.481278058970705e-06
10500.056 5.676749578518858e-06
10550.056 5.928275180470336e-06
10600.056 6.3274068849403105e-06
10650.056 6.287339346649594e-06
10700.056 6.434086497520253e-06
10750.056 6.775397163950397e-06
10800.056 7.115363271779459e-06
10850.056 7.4204699979898095e-06
10900.056 7.470420218999634e-06
10950.056 7.384807992798739e-06
11000.056 7.089626909800175e-06
11050.056 5.814098869699716e-06
11100.056 6.187997754160863e-06
11150.056 6.508928647899605e-06
11200.056 6.577300872040412e-06
11250.056 7.212744900410098e-06
11300.056 7.189644488399935e-06
11350.056 6.794588731169728e-06
11400.056 4.967076071619896e-06
11450.056 7.208719692099182e-06
11500.056 7.952014063549458e-06
11550.056 7.829300382499904e-06
11600.056 8.06453587023897e-06
11650.056 8.172183824010693e-06
11700.056 6.627202850959892e-06
11750.056 6.908955068319457e-06
11800.056 6.955042437150462e-06
11850.056 8.387839504500236e-06
11900.056 8.676728110598787e-06
11950.056 8.382732148099834e-06
12000.056 7.904291799400426e-06
12050.056 8.586169841300194e-06
12100.056 8.510658476099791e-06
12150.056 9.139608694299649e-06
12200.056 9.156359629899631e-06
12250.056 9.550818815099549e-06
12300.056 9.665808643700801e-06
12350.056 9.661119055200419e-06
12400.056 8.851508551899541e-06
12450.056 7.684913601240119e-06
12500.056 8.24854680049878e-06
12550.056 8.257303104010148e-06
12600.056 9.210253882800025e-06
12650.056 9.41905920659949e-06
12700.056 9.717804004299715e-06
12750.056 9.820182118599995e-06
12800.056 1.0265646849099243e-05
12850.056 1.0083222898700302e-05
12900.056 9.87277272419925e-06
12950.056 1.0058817281799492e-05
13000.056 1.0351760187399211e-05
13050.056 1.0536763958299615e-05
13100.056 1.0513115996399483e-05
13150.056 1.0604059231499682e-05
13200.056 1.0350284712599805e-05
13250.056 9.874430988900138e-06
13300.056 9.044348649188867e-06
13350.056 6.433565657510748e-06
13400.056 6.2481657745001995e-06
13450.056 5.752295009003883e-06
13500.056 5.67591527755947e-06
13550.056 5.48098491256997e-06
13600.056 5.244029224032098e-06
13650.056 5.64487798091987e-06
13700.056 5.3334222461306295e-06
13750.056 5.495156743969027e-06
13800.056 5.985634439500875e-06
13850.056 5.886994343699471e-06
13900.056 5.632567493259205e-06
13950.056 5.423102466089985e-06
14000.056 5.14506832639022e-06
14050.056 5.292301902871102e-06
14100.056 4.822814882200566e-06
14150.056 4.893256732160276e-06
14200.056 4.622178732720496e-06
14250.056 4.576880577329147e-06
14300.056 4.6521361625293376e-06
14350.056 4.7242074978603585e-06
14400.056 4.863674683050236e-06
14450.056 5.040981123860353e-06
14500.056 5.3343647457796265e-06
14550.056 5.353318209269787e-06
14600.056 5.577706119761124e-06
14650.056 5.487857643598298e-06
14700.056 5.156921179419523e-06
14750.056 5.392503223720739e-06
14800.056 5.466377573820933e-06
14850.056 5.791022441369094e-06
14900.056 5.761266268659612e-06
14950.056 5.8001974870209055e-06
15000.056 5.9286954131006045e-06
15050.056 6.379236396999107e-06
15100.056 6.312302164900572e-06
15150.056 6.3617068780003636e-06
15200.056 6.705710183199624e-06
15250.056 6.7079604784998375e-06
15300.056 6.9409054238999486e-06
15350.056 7.134941879600168e-06
15400.056 7.246332194400011e-06
15450.056 7.467306089800347e-06
15500.056 7.572322307699379e-06
15550.056 7.842675821599635e-06
15600.056 7.911978440300809e-06
15650.056 8.097288504999893e-06
15700.056 8.441560440501784e-06
15750.056 8.648863541299303e-06
15800.056 8.832370351100767e-06
15850.056 8.36432335050071e-06
15900.056 8.555506393500532e-06
15950.056 8.653161230199983e-06
16000.056 8.846214881999679e-06
16050.056 9.044911024100692e-06
16100.056 9.192013916400141e-06
16150.056 9.047378947600318e-06
16200.056 9.339753975999727e-06
16250.056 9.25369655539995e-06
16300.056 9.345548619600058e-06
16350.056 9.735756977799588e-06
16400.056 9.639934648100875e-06
16450.056 9.89726533220064e-06
16500.056 1.0055078033900328e-05
16550.056 1.0414681505699366e-05
16600.056 1.0070206973600446e-05
16650.056 1.0667049806900743e-05
16700.056 1.037212663049885e-05
16750.056 1.0468718952299528e-05
16800.056 1.0667605209199934e-05
16850.056 1.0747528384799409e-05
16900.056 1.0512966730800272e-05
16950.056 1.0440679557199173e-05
17000.056 1.0418253774700931e-05
17050.056 1.0286040212300543e-05
17100.056 9.910446810900206e-06
17150.056 9.744006209900217e-06
17200.056 9.197342732399575e-06
17250.056 8.84411435799984e-06
17300.056 8.97056338289903e-06
17350.056 8.66054931160051e-06
17400.056 8.654233281739899e-06
17450.056 8.209857684147107e-06
17500.056 7.98779975152937e-06
17550.056 7.790511096070873e-06
17600.056 7.54878972680015e-06
17650.056 7.662462895069196e-06
17700.056 6.845173298758894e-06
17750.056 6.727581117469752e-06
17800.056 6.594898734711405e-06
17850.056 6.27403431946059e-06
17900.056 6.3324852698702185e-06
17950.056 6.187053415619482e-06
18000.056 5.803327218260421e-06
18050.056 5.8503620186315825e-06
18100.056 5.667910327829623e-06
18150.056 6.093773304641679e-06
18200.056 5.344360255000203e-06
18250.056 6.03141477000905e-06
18300.056 5.80264958013971e-06
18350.056 5.653228415850081e-06
18400.056 5.511171676410107e-06
18450.056 5.064257242492172e-06
18500.056 5.2271480015306715e-06
18550.056 4.965596532589997e-06
18600.056 4.324330014188423e-06
18650.056 4.913444859520967e-06
18700.056 5.250884811010817e-06
18750.056 5.028164154911673e-06
18800.056 5.126642649961663e-06
18850.056 5.738927434619504e-06
18900.056 5.5220901874781816e-06
18950.056 5.603668999379554e-06
19000.056 5.887998890079026e-06
19050.056 5.74365307665013e-06
19100.056 5.857944437461437e-06
19150.056 6.026435822109902e-06
19200.056 5.970752243631426e-06
19250.056 5.7711913458290015e-06
19300.056 6.0203147953991585e-06
19350.056 6.087148395469584e-06
19400.056 5.540816082479015e-06
19450.056 6.054135813350597e-06
19500.056 6.096955755409528e-06
19550.056 5.445915657720951e-06
19600.056 6.011286170989309e-06
19650.056 5.9088275986472454e-06
19700.056 5.930427624990292e-06
19750.056 5.555327081490296e-06
19800.056 5.815199381969325e-06
19850.056 5.810123008250844e-06
19900.056 5.372111726961407e-06
19950.056 5.954568278299664e-06
20000.056 5.365593522330706e-06
20050.056 5.713812124691198e-06
20100.056 5.699103614937306e-06
20150.056 5.691935560901107e-06
20200.056 5.789656948998897e-06
20250.056 5.94038887542983e-06
20300.056 5.9835361402005645e-06
20350.056 6.050721797679297e-06
20400.056 6.041917304437519e-06
20450.056 6.222648728799289e-06
20500.056 6.264965091299939e-06
20550.056 6.381773794799702e-06
20600.056 6.616527307700425e-06
20650.056 6.458963649100683e-06
20700.056 6.711064907800381e-06
20750.056 6.729027960799284e-06
20800.056 6.9535846787999814e-06
20850.056 6.889690249400043e-06
20900.056 7.188103443299921e-06
20950.056 7.22706247329956e-06
21000.056 7.441416072899651e-06
21050.056 7.527163970500187e-06
21100.056 7.536437078100007e-06
21150.056 7.810239446400245e-06
21200.056 7.839978884000393e-06
21250.056 8.09954168929936e-06
21300.056 7.914992309300065e-06
21350.056 8.316390459900382e-06
21400.056 8.11897114740026e-06
21450.056 8.745334649300048e-06
21500.056 8.372853848300295e-06
21550.056 8.587508098299573e-06
21600.056 8.784696882800546e-06
21650.056 8.774935292300283e-06
21700.056 9.036459394299717e-06
21750.056 8.898566849900037e-06
21800.056 8.953817262599631e-06
21850.056 9.02401984839976e-06
21900.056 9.21917509230066e-06
21950.056 9.122516051800235e-06
22000.056 9.378836579099603e-06
22050.056 8.956177009999345e-06
22100.056 9.21058863759975e-06
22150.056 9.434619783400522e-06
22200.056 9.258509511601003e-06
22250.056 9.69870831770047e-06
22300.056 9.586239573799846e-06
22350.056 9.374957396000254e-06
22400.056 9.727883481000121e-06
22450.056 9.613789897299319e-06
22500.056 9.717788453299837e-06
22550.056 9.67422404639912e-06
22600.056 9.64689181099972e-06
22650.056 9.611191459601144e-06
22700.056 9.603339889001153e-06
22750.056 9.858039954799527e-06
22800.056 9.561570397200074e-06
22850.056 9.723371517300512e-06
22900.056 9.8657588634996e-06
22950.056 8.264244952900897e-06
23000.056 8.810255050500465e-06
23050.056 8.974826104798838e-06
23100.056 8.702843546860287e-06
23150.056 8.806796698560456e-06
23200.056 8.790770548430311e-06
23250.056 7.925299365868405e-06
23300.056 8.130630370300192e-06
23350.056 8.255222323000035e-06
23400.056 8.014696563200142e-06
23450.056 8.191708416700264e-06
23500.056 8.036061235598817e-06
23550.056 7.4523482484016676e-06
23600.056 7.414661387001495e-06
23650.056 7.940635244998934e-06
23700.056 7.75511913609851e-06
23750.056 7.769361857200626e-06
23800.056 7.663728351340463e-06
23850.056 6.776811886600384e-06
23900.056 7.142015806499901e-06
23950.056 7.282017667101327e-06
24000.056 6.859625653498404e-06
24050.056 6.711141329170979e-06
24100.056 6.221146865198534e-06
24150.056 6.153594296800736e-06
24200.056 6.12690853129898e-06
24250.056 6.0174922988802275e-06
24300.056 5.755558949500534e-06
24350.056 5.40774345674018e-06
24400.056 5.84440211215981e-06
24450.056 5.3540852975901436e-06
24500.056 5.032429172500399e-06
24550.056 4.902164471580232e-06
24600.056 4.904751109880662e-06
24650.056 5.3020864721399575e-06
24700.056 4.590180080500003e-06
24750.056 4.330325582270671e-06
24800.056 4.304417203830227e-06
24850.056 4.862632525100265e-06
24900.056 3.917617811651903e-06
24950.056 4.714924814919704e-06
25000.056 4.243636823550364e-06
25050.056 3.5801690595409175e-06
25100.056 4.182513737569874e-06
25150.056 3.733000876939803e-06
25200.056 3.9549417362297024e-06
25250.056 3.7843582006290496e-06
25300.056 3.966290697310438e-06
25350.056 3.4825091213199363e-06
25400.056 3.7242147171713452e-06
25450.056 3.507021977170034e-06
25500.056 3.7006040401211202e-06
25550.056 3.5404699265001223e-06
25600.056 3.603373698390059e-06
25650.056 3.306771648769756e-06
25700.056 3.9926649931487045e-06
25750.056 3.130312719040538e-06
25800.056 3.756017068910362e-06
25850.056 3.5756713003397017e-06
25900.056 3.768671398720895e-06
25950.056 3.4581302824905006e-06
26000.056 3.7266499600708543e-06
26050.056 3.993898706449934e-06
26100.056 3.889931844540622e-06
26150.056 3.920976254159096e-06
26200.056 3.719539880390273e-06
26250.056 3.837554629770558e-06
26300.056 3.862915222349744e-06
26350.056 3.842728170859796e-06
26400.056 3.911081056469579e-06
26450.056 3.84432346945031e-06
26500.056 4.032265782898991e-06
26550.056 4.114494342689342e-06
26600.056 4.6087309011092145e-06
26650.056 3.8540000159392905e-06
26700.056 3.940495679989853e-06
26750.056 3.6336337064085688e-06
26800.056 3.9426249472990544e-06
26850.056 3.3761542113305355e-06
26900.056 4.1011456778499256e-06
26950.056 3.0070573738100776e-06
27000.056 3.861626408850603e-06
27050.056 3.338346608329542e-06
27100.056 3.360520665319415e-06
27150.056 3.4983460673799328e-06
27200.056 3.489440551400568e-06
27250.056 3.171394788751302e-06
27300.056 3.5452861987503673e-06
27350.056 3.423222992508884e-06
27400.056 3.0302912160900095e-06
27450.056 3.728462953428892e-06
27500.056 3.421303468000315e-06
27550.056 3.3448928390398325e-06
27600.056 3.6976914355196714e-06
27650.056 3.108269106079747e-06
27700.056 3.0552447442802003e-06
27750.056 3.7822370937383618e-06
27800.056 2.97555861893001e-06
27850.056 3.1868568125790753e-06
27900.056 3.2020839423599392e-06
27950.056 3.6366088444797526e-06
28000.056 3.4372038502508485e-06
28050.056 2.8031657304606217e-06
28100.056 3.72141046564149e-06
28150.056 3.1031701151900788e-06
28200.056 2.7463387530201185e-06
28250.056 3.2889884655999765e-06
28300.056 3.6801968356608136e-06
28350.056 3.056996805129003e-06
28400.056 3.2150319749300992e-06
28450.056 3.2284933337995465e-06
28500.056 3.286982126249459e-06
28550.056 2.5905525107892404e-06
28600.056 3.67475590047031e-06
28650.056 3.4192848762297787e-06
28700.056 3.054769560709575e-06
28750.056 3.3720267011797428e-06
28800.056 3.327971859370506e-06
28850.056 3.3832074537502864e-06
28900.056 2.8244073410701825e-06
28950.056 3.7414557997896257e-06
