galfind/configs/Brown_Dwarf_templates/sonora_bobcat/m0.0/1000g/co0.5/sp_t225g1000nc_m+0.0_co0.5_resample.dat
# %ECSV 1.0
# ---
# datatype:
# - {name: wav, unit: Angstrom, datatype: float64}
# - {name: flux_nu, unit: erg / (cm2 Hz s), datatype: float64}
# meta: {C/O: '0.50', Kzz: '1.0000E+05', Teff: '225.', Y: '0.28', '[Fe/H]': '0.00', f_hole: '1.00', f_rain: '0.00', grav: '1000.'}
# schema: astropy-2.0
wav flux_nu
4000.0559999999996 nan
4050.0559999999996 2.853392891300033e-19
4100.056 3.1705588799600367e-18
4150.056 1.2027205183900086e-17
4200.056 2.7458952251000155e-17
4250.056 6.241689330000033e-17
4300.056 1.201959456640005e-16
4350.056 2.0835286407000076e-16
4400.056 3.3875655393000113e-16
4450.056 5.256485062400019e-16
4500.056 8.209943244600026e-16
4550.056 1.1971066624000019e-15
4600.056 1.4487469006000036e-15
4650.056 1.8750358661000036e-15
4700.056 2.2717464601000032e-15
4750.056 2.4840955486000013e-15
4800.056 2.5481817135e-15
4850.056 2.372747881899998e-15
4900.056 2.2420773632999985e-15
4950.056 2.0768290397999974e-15
5000.056 1.5981100244999934e-15
5050.056 1.1412722084299983e-15
5100.056 1.2207576635000023e-15
5150.056 1.4129220328000023e-15
5200.056 1.636571233100002e-15
5250.056 1.7791247362000017e-15
5300.056 1.9173556571000014e-15
5350.056 2.0685813972000013e-15
5400.056 2.1439273846000016e-15
5450.056 2.3487788498000033e-15
5500.056 2.6523935439000035e-15
5550.056 2.9934697442000037e-15
5600.056 3.273622085400003e-15
5650.056 3.4709491410000006e-15
5700.056 3.3708518418000023e-15
5750.056 3.468825435e-15
5800.056 3.3091987375999972e-15
5850.056 2.470117161499974e-15
5900.056 7.276292742042186e-16
5950.056 3.8796646268000555e-15
6000.056 7.916517281400067e-15
6050.056 1.543333753500013e-14
6100.056 2.679914059600019e-14
6150.056 4.222508535700025e-14
6200.056 6.24922670350003e-14
6250.056 8.421770720400026e-14
6300.056 1.1939985244400058e-13
6350.056 1.6807996534000074e-13
6400.056 2.2910380792000105e-13
6450.056 2.5184373459999934e-13
6500.056 3.236830179600033e-13
6550.056 4.625201371699999e-13
6600.056 6.614003569700065e-13
6650.056 9.849060499300057e-13
6700.056 1.3525163722000056e-12
6750.056 1.7879397745000071e-12
6800.056 2.0658720643000015e-12
6850.056 1.9214906389999944e-12
6900.056 1.2144549847099788e-12
6950.056 5.92101805520009e-13
7000.056 6.789758564699911e-13
7050.056 6.401499783900029e-13
7100.056 7.178773841699992e-13
7150.056 3.906462875483871e-13
7200.056 1.305371806916026e-13
7250.056 1.3624541499799273e-13
7300.056 1.3927697367100607e-13
7350.056 3.0374014206400367e-13
7400.056 5.639307738100045e-13
7450.056 9.751435319700119e-13
7500.056 1.3542664088000046e-12
7550.056 1.626945617100005e-12
7600.056 1.759160523900001e-12
7650.056 1.2103848599299863e-12
7700.056 1.2408551471300127e-12
7750.056 2.166822798700015e-12
7800.056 2.696922032500008e-12
7850.056 2.765267647099992e-12
7900.056 3.0855582549000215e-12
7950.056 3.820241472099998e-12
8000.056 4.136859034800013e-12
8050.056 4.596822316699999e-12
8100.056 2.0747621394899215e-12
8150.056 3.3000849840402864e-13
8200.056 1.800684673259985e-12
8250.056 2.1287872718520894e-12
8300.056 1.7255402970699479e-12
8350.056 2.4969932675900637e-12
8400.056 5.4341171441002646e-12
8450.056 1.1745185905400229e-11
8500.056 1.8239433644000234e-11
8550.056 2.520509418600027e-11
8600.056 3.2515255079000274e-11
8650.056 3.695633520500007e-11
8700.056 3.540371293199993e-11
8750.056 3.2826163834999867e-11
8800.056 2.616294850399964e-11
8850.056 1.6745378096099215e-11
8900.056 1.5189990021707777e-12
8950.056 5.404001431809947e-14
9000.056 6.112568440094327e-14
9050.056 1.3466633546109975e-12
9100.056 6.055481900050711e-13
9150.056 5.804619778639395e-13
9200.056 1.2218511551831046e-12
9250.056 6.271412186253988e-13
9300.056 4.2566659978229805e-16
9350.056 1.8185176209376525e-17
9400.056 5.225591894755645e-15
9450.056 2.0695722486215972e-16
9500.056 6.805028853464369e-16
9550.056 4.485646650866495e-16
9600.056 2.0747937237490497e-15
9650.056 1.4079844673795982e-14
9700.056 2.783575632988978e-13
9750.056 2.5606368927303567e-13
9800.056 5.070764457079828e-13
9850.056 1.0891279171000116e-12
9900.056 2.3515219466001204e-12
9950.056 3.939066566800129e-12
10000.056 2.7268489169826125e-12
10050.056 1.2354763481399142e-12
10100.056 6.139287952299862e-13
10150.056 2.376058132429847e-13
10200.056 3.8084606989998226e-14
10250.056 2.5007784230200492e-14
10300.056 6.43159129970974e-14
10350.056 1.761950375170133e-14
10400.056 5.744131107300248e-14
10450.056 8.632344650099803e-14
10500.056 1.1845355524500224e-13
10550.056 1.586545347200006e-13
10600.056 1.5486211958999933e-13
10650.056 1.2128215171999806e-13
10700.056 7.934734534199819e-14
10750.056 5.576096090299872e-14
10800.056 4.2301372079000266e-14
10850.056 3.2196343835999446e-14
10900.056 2.51180969239993e-14
10950.056 1.598234550839985e-14
11000.056 8.763364419899624e-15
11050.056 3.4351383842898654e-15
11100.056 7.031315043317065e-16
11150.056 7.421801384953523e-17
11200.056 1.1917030692046348e-17
11250.056 1.1491978200172862e-17
11300.056 8.33974178524684e-17
11350.056 2.6074513509351767e-17
11400.056 2.1770463895425933e-16
11450.056 9.818670901701825e-17
11500.056 8.272181960286407e-17
11550.056 5.461228515746283e-17
11600.056 2.965721232476951e-17
11650.056 1.9727208251840757e-16
11700.056 5.219576723638337e-16
11750.056 4.768304335847462e-16
11800.056 1.4422040336840056e-15
11850.056 1.4442525785900171e-15
11900.056 1.8478820214000234e-15
11950.056 1.874404614579966e-15
12000.056 1.4152337733100245e-15
12050.056 1.8109170530800336e-15
12100.056 1.847086516540024e-15
12150.056 2.634171613130055e-15
12200.056 3.583067459339998e-15
12250.056 8.365150798310464e-15
12300.056 1.6172211974100552e-14
12350.056 2.240336831300095e-14
12400.056 4.5563271604001685e-14
12450.056 9.630367892500353e-14
12500.056 1.4523537678999863e-13
12550.056 1.7186176393000395e-13
12600.056 2.9493468511001007e-13
12650.056 5.605486843400214e-13
12700.056 7.677082778199952e-13
12750.056 6.588053132400004e-13
12800.056 5.483592297399864e-13
12850.056 3.0778186825998495e-13
12900.056 1.5175749620699584e-13
12950.056 1.16906018956999e-13
13000.056 1.2881103208400712e-13
13050.056 6.733506520479457e-14
13100.056 1.0096678790699699e-13
13150.056 3.9621370052002707e-14
13200.056 4.22172868838965e-14
13250.056 6.216207537452162e-14
13300.056 1.3984198691236273e-14
13350.056 1.0039136770714776e-14
13400.056 1.6835985569450577e-15
13450.056 8.674903436404008e-17
13500.056 2.6200047822341723e-18
13550.056 5.2382865325217405e-20
13600.056 5.841758413792634e-21
13650.056 2.1712771812610577e-20
13700.056 6.921288881901262e-21
13750.056 2.002494798534541e-19
13800.056 2.831337022685937e-19
13850.056 5.225830417147557e-20
13900.056 3.7873933432012204e-19
13950.056 1.2219373580346223e-19
14000.056 1.2539224488824217e-18
14050.056 1.171553093251815e-18
14100.056 1.3548961894512617e-18
14150.056 1.6562084121290228e-17
14200.056 1.7352293696615096e-17
14250.056 3.824464731576615e-17
14300.056 1.3752721601327272e-16
14350.056 1.129285529571131e-16
14400.056 1.0549391153122978e-16
14450.056 2.789969462162784e-16
14500.056 1.3268381768880997e-15
14550.056 5.8486714206986075e-15
14600.056 1.1153832875734173e-14
14650.056 1.3311788189706727e-15
14700.056 3.52163069660829e-16
14750.056 1.440471245499974e-16
14800.056 5.784802029989277e-17
14850.056 6.068133273811232e-17
14900.056 2.2387891035623622e-17
14950.056 4.038774610302473e-18
15000.056 3.461266704546442e-17
15050.056 2.1385926138357663e-16
15100.056 3.552175481614952e-17
15150.056 4.5917861325734766e-18
15200.056 8.139671456613756e-17
15250.056 2.311076711025427e-16
15300.056 7.663912822571719e-16
15350.056 1.3023025531465108e-15
15400.056 1.8282412125190306e-15
15450.056 5.741700269177143e-15
15500.056 2.0264863285601552e-14
15550.056 9.315431357851605e-14
15600.056 2.90314643629003e-13
15650.056 8.494778527100783e-13
15700.056 1.8068718382900748e-12
15750.056 2.4935334906000304e-12
15800.056 3.221627907600034e-12
15850.056 4.244793474800137e-12
15900.056 4.6724431293000185e-12
15950.056 5.9874735232000095e-12
16000.056 5.80742343839995e-12
16050.056 4.911711820799886e-12
16100.056 3.2634551140999865e-12
16150.056 1.9958989724998795e-12
16200.056 6.213855809499496e-13
16250.056 1.982974455829875e-13
16300.056 4.6051425661115136e-14
16350.056 2.0230186206739593e-14
16400.056 1.1962343751258894e-14
16450.056 1.707911608931096e-14
16500.056 1.0818583068824212e-14
16550.056 1.9126654289182874e-14
16600.056 1.1197503085229405e-13
16650.056 3.145260367435456e-14
16700.056 1.605599949306745e-14
16750.056 3.441725593412616e-14
16800.056 4.789262416485851e-14
16850.056 4.743159669975056e-14
16900.056 2.0434594239478718e-14
16950.056 1.7040084314045e-14
17000.056 8.52825447772042e-15
17050.056 1.1069546495774998e-14
17100.056 2.8374903497031678e-14
17150.056 2.5731029612109964e-14
17200.056 7.996209404303534e-14
17250.056 1.0287144531654521e-14
17300.056 1.3310519938797867e-14
17350.056 2.7229001294161032e-14
17400.056 5.1875277993781523e-14
17450.056 6.49940879867036e-14
17500.056 1.2146377419000076e-13
17550.056 1.0302971671839609e-13
17600.056 1.1523190293800394e-13
17650.056 5.1840205110109026e-14
17700.056 4.403130212139807e-14
17750.056 2.6014915065198012e-14
17800.056 3.2889607852211757e-14
17850.056 1.471012406982521e-14
17900.056 8.175010834364608e-15
17950.056 3.4620438097204843e-15
18000.056 5.336306484629433e-15
18050.056 1.3103288082457936e-15
18100.056 9.2027267816495e-16
18150.056 3.471223828699757e-16
18200.056 1.8977589363358595e-16
18250.056 7.160356963750627e-16
18300.056 4.701101003361125e-17
18350.056 4.722562572138562e-17
18400.056 1.4143779527269603e-17
18450.056 1.457945641945465e-16
18500.056 8.640041019988518e-17
18550.056 3.501663127063301e-17
18600.056 1.4146496541834815e-16
18650.056 1.8402291801288087e-16
18700.056 1.1765480664041248e-17
18750.056 1.6079905797469827e-17
18800.056 3.974278156892816e-16
18850.056 2.434616656137572e-16
18900.056 5.291977348352585e-16
18950.056 5.33194331978002e-16
19000.056 5.4828310037094715e-17
19050.056 3.208428735848718e-17
19100.056 1.5614473083960038e-16
19150.056 8.118078666581465e-17
19200.056 1.9469029832777293e-16
19250.056 1.5785257049450803e-16
19300.056 7.199329992176479e-17
19350.056 9.672026232675145e-17
19400.056 4.123426021046647e-17
19450.056 1.5250317215668423e-17
19500.056 1.6233692337278054e-17
19550.056 5.943188382472924e-17
19600.056 1.1268068260823767e-16
19650.056 8.263483992417915e-17
19700.056 1.918985707362987e-16
19750.056 2.1323655098118184e-16
19800.056 1.0425750580898977e-16
19850.056 1.9032711379787866e-16
19900.056 3.601930857912303e-16
19950.056 2.7021853855572505e-16
20000.056 2.9743190191332694e-16
20050.056 2.6817620194512485e-16
20100.056 4.552901898029723e-16
20150.056 3.330601083668318e-16
20200.056 2.3281404886519326e-16
20250.056 5.945522624462882e-16
20300.056 7.124271227992783e-16
20350.056 7.852397137529532e-16
20400.056 8.396453675200046e-16
20450.056 9.972203229600885e-16
20500.056 9.384900806100113e-16
20550.056 8.696909982799464e-16
20600.056 8.019845091700363e-16
20650.056 7.194607900199724e-16
20700.056 6.389295663799878e-16
20750.056 5.370695610699914e-16
20800.056 4.488134597199909e-16
20850.056 3.847823355399949e-16
20900.056 3.2397973333999604e-16
20950.056 2.7617958486999613e-16
21000.056 2.441296289899979e-16
21050.056 2.27545106349999e-16
21100.056 2.2314895875000037e-16
21150.056 2.366093848500019e-16
21200.056 2.6502882947000316e-16
21250.056 3.1310642171000336e-16
21300.056 3.7795036406000764e-16
21350.056 4.601505825100003e-16
21400.056 5.81481260850016e-16
21450.056 6.574750462000142e-16
21500.056 7.07603868510002e-16
21550.056 7.70876269797996e-16
21600.056 7.841718544095771e-16
21650.056 8.007969125826464e-16
21700.056 8.032537814189672e-16
21750.056 7.856904932420891e-16
21800.056 6.346256330654108e-16
21850.056 6.093438343298921e-16
21900.056 4.590644811685804e-16
21950.056 2.381080130686348e-16
22000.056 2.061671810066156e-17
22050.056 2.3102237613718552e-17
22100.056 4.59608603484656e-17
22150.056 2.6113918907002297e-17
22200.056 2.5041386984578437e-17
22250.056 1.8236244673389155e-17
22300.056 3.9611715836191814e-18
22350.056 2.0855878153957834e-17
22400.056 8.829408954924895e-18
22450.056 1.6677399754890717e-17
22500.056 1.0281660867911559e-17
22550.056 2.358044088212811e-18
22600.056 2.0550617414949456e-18
22650.056 8.078029998595677e-19
22700.056 2.5421993753031344e-18
22750.056 7.10958994863575e-18
22800.056 1.0886474445234953e-17
22850.056 5.96831457588255e-18
22900.056 5.096326439801176e-18
22950.056 3.450882088072339e-18
23000.056 2.7725000824286323e-18
23050.056 1.1961996805740167e-18
23100.056 5.857569989881467e-17
23150.056 5.561278964143466e-17
23200.056 3.2353978056433248e-18
23250.056 2.5158225033207615e-17
23300.056 7.256926767897296e-18
23350.056 2.1444672609759767e-17
23400.056 1.6781166798780716e-17
23450.056 7.521780294232915e-18
23500.056 4.697087073161376e-18
23550.056 1.2318172524443847e-17
23600.056 3.9357579299483416e-17
23650.056 6.77013899686214e-17
23700.056 6.416682363256696e-18
23750.056 1.3835910509430295e-17
23800.056 8.285955257934617e-17
23850.056 2.657803057597357e-17
23900.056 7.681509010632236e-17
23950.056 3.16234602423395e-17
24000.056 1.2611415864468375e-16
24050.056 1.4582335579810757e-16
24100.056 2.6326457762402143e-16
24150.056 4.1739981169700446e-16
24200.056 3.812619225970062e-16
24250.056 3.580398711160645e-16
24300.056 6.984802903854593e-16
24350.056 8.905228277999612e-16
24400.056 1.767334581388075e-15
24450.056 2.377604945910173e-15
24500.056 2.721362056619951e-15
24550.056 4.533294693290287e-15
24600.056 7.25609785539977e-15
24650.056 9.706255506900585e-15
24700.056 9.580624627469295e-15
24750.056 1.446804444330141e-14
24800.056 1.67812873497008e-14
24850.056 1.843282450969916e-14
24900.056 1.9020102588760882e-14
24950.056 2.4464776406502283e-14
25000.056 3.936162337199751e-14
25050.056 2.6710529992703428e-14
25100.056 3.560565258699556e-14
25150.056 2.251369900589798e-14
25200.056 3.501809506060353e-14
25250.056 1.9685528230796596e-14
25300.056 1.4081533637798586e-14
25350.056 1.1158616275890766e-14
25400.056 2.2318510377999502e-14
25450.056 8.301106182599276e-15
25500.056 7.0616610607199794e-15
25550.056 1.5742362691780932e-14
25600.056 6.6664538025981215e-15
25650.056 3.045040810487143e-15
25700.056 3.1331170840301393e-15
25750.056 1.841203770314961e-15
25800.056 5.330063580483952e-15
25850.056 1.4864447991481636e-15
25900.056 1.6406299657840416e-15
25950.056 1.3194504489042117e-15
26000.056 4.0860282144402505e-15
26050.056 1.6168478431544593e-15
26100.056 3.3493919094303602e-15
26150.056 2.5585249738796032e-15
26200.056 2.804138220180575e-15
26250.056 6.8620324641796544e-15
26300.056 3.4151775092643368e-15
26350.056 9.992989264482631e-15
26400.056 2.1066357156597108e-14
26450.056 1.3761303775301451e-14
26500.056 2.4060579419177973e-14
26550.056 8.78703558065159e-15
26600.056 7.667956741488553e-15
26650.056 3.2754665409195777e-15
26700.056 3.548589312430587e-15
26750.056 4.927916405689508e-15
26800.056 9.345010554720793e-15
26850.056 9.236979117601451e-15
26900.056 1.782215420729909e-14
26950.056 6.863557265421019e-15
27000.056 1.8830837505800208e-14
27050.056 3.069717799699902e-14
27100.056 6.4500701870901874e-15
27150.056 2.5112829595199654e-14
27200.056 6.78295464133047e-15
27250.056 1.1698096340172404e-14
27300.056 5.58513230640003e-14
27350.056 2.458445779717823e-14
27400.056 7.011025589658804e-15
27450.056 3.766293266940445e-14
27500.056 4.042605965769647e-14
27550.056 1.6684331696898626e-14
27600.056 3.5208966516399676e-14
27650.056 1.7186760311101703e-14
27700.056 1.96714439347987e-14
27750.056 4.9812996792901925e-14
27800.056 3.12663299151017e-14
27850.056 4.280401327309724e-14
27900.056 5.5813745887612784e-14
27950.056 6.185882709599228e-14
28000.056 8.234030250229816e-14
28050.056 1.751757754170315e-14
28100.056 7.831298682712211e-14
28150.056 6.446887322473329e-14
28200.056 2.227955658753459e-14
28250.056 7.253524649203232e-14
28300.056 4.807070940471282e-14
28350.056 1.282286533427935e-14
28400.056 5.4995207216833986e-14
28450.056 2.2945093517155064e-14
28500.056 1.3843102432903752e-14
28550.056 1.7736873574645512e-14
28600.056 5.4602749220631994e-14
28650.056 1.0226065104192002e-14
28700.056 5.080380921808509e-14
28750.056 6.133126387167186e-14
28800.056 8.507691771414815e-15
