galfind/configs/Brown_Dwarf_templates/sonora_bobcat/m0.0/1000g/co0.5/sp_t850g1000nc_m+0.0_co0.5_resample.dat
# %ECSV 1.0
# ---
# datatype:
# - {name: wav, unit: Angstrom, datatype: float64}
# - {name: flux_nu, unit: erg / (cm2 Hz s), datatype: float64}
# meta: {C/O: '0.50', Kzz: '1.0000E+05', Teff: '850.', Y: '0.28', '[Fe/H]': '0.00', f_hole: '1.00', f_rain: '0.00', grav: '1000.'}
# schema: astropy-2.0
wav flux_nu
4000.0559999999996 nan
4050.0559999999996 2.281115772122088e-14
4100.056 4.5286370219800665e-12
4150.056 2.8440846801000454e-11
4200.056 2.4767109095532046e-11
4250.056 8.69812584660008e-11
4300.056 1.335431926450029e-10
4350.056 1.6292555898700057e-10
4400.056 2.0464530124000085e-10
4450.056 2.568456673300032e-10
4500.056 2.6994204987000333e-10
4550.056 2.74429293854997e-10
4600.056 1.425851830039994e-10
4650.056 9.23435765379999e-11
4700.056 4.8995470944999574e-11
4750.056 1.3253851801399803e-11
4800.056 2.4471031970199625e-12
4850.056 4.916845745499933e-13
4900.056 1.7584996451999851e-13
4950.056 7.915443895899934e-14
5000.056 3.230759647899968e-14
5050.056 1.6035417192999966e-14
5100.056 1.434197536400001e-14
5150.056 1.3872375235000002e-14
5200.056 1.359534049299999e-14
5250.056 1.3430232176999992e-14
5300.056 1.3456994588999993e-14
5350.056 1.3765572395000007e-14
5400.056 1.4363395626000003e-14
5450.056 1.5032341889999993e-14
5500.056 1.5749127969000018e-14
5550.056 1.6471616111000013e-14
5600.056 1.7164135180999988e-14
5650.056 1.7698796269000002e-14
5700.056 1.7926196931000008e-14
5750.056 1.7179209210999977e-14
5800.056 1.515934664199997e-14
5850.056 1.0803897765299892e-14
5900.056 3.7943593972639e-15
5950.056 2.127641908000031e-14
6000.056 4.376541264800021e-14
6050.056 7.579777907800073e-14
6100.056 1.2070333406200073e-13
6150.056 1.8471572515000108e-13
6200.056 2.774077793500014e-13
6250.056 4.120358778300021e-13
6300.056 6.069667328200032e-13
6350.056 8.903063545600051e-13
6400.056 1.3019212573000075e-12
6450.056 1.874697920100003e-12
6500.056 2.718685408900013e-12
6550.056 3.929173808900012e-12
6600.056 5.646833426300057e-12
6650.056 8.050870330700046e-12
6700.056 1.0519185320000107e-11
6750.056 1.5304953159000067e-11
6800.056 1.947621975300007e-11
6850.056 2.1553203307000003e-11
6900.056 1.9810747509000018e-11
6950.056 1.7089031707999944e-11
7000.056 1.661455745800004e-11
7050.056 1.7782191052999934e-11
7100.056 1.9263839169999978e-11
7150.056 1.957996583339983e-11
7200.056 1.9062026702000184e-11
7250.056 1.8271185352799528e-11
7300.056 1.6775813035400324e-11
7350.056 1.565251505279989e-11
7400.056 1.463054189200018e-11
7450.056 1.3723014742000184e-11
7500.056 1.2715823471999972e-11
7550.056 1.149247770999997e-11
7600.056 1.0124473286099955e-11
7650.056 3.703423884762865e-12
7700.056 2.9031891940641097e-12
7750.056 1.037553809620014e-11
7800.056 1.5750811278600104e-11
7850.056 2.5584549484000142e-11
7900.056 3.629283151100007e-11
7950.056 4.323365851780038e-11
8000.056 7.094402174500057e-11
8050.056 9.763977801100088e-11
8100.056 1.2788586632499933e-10
8150.056 1.666457112790004e-10
8200.056 2.313584847980059e-10
8250.056 2.9755000412200195e-10
8300.056 3.8787615429101884e-10
8350.056 4.96667162889997e-10
8400.056 6.316111241499961e-10
8450.056 8.076885011000006e-10
8500.056 9.185200132749701e-10
8550.056 1.2207347013600355e-09
8600.056 1.5681400923000145e-09
8650.056 1.928253907900019e-09
8700.056 2.3334227502000235e-09
8750.056 2.813744748300021e-09
8800.056 3.3503132027000283e-09
8850.056 3.8947921662000165e-09
8900.056 4.05612408859992e-09
8950.056 3.719812561409883e-09
9000.056 5.0439806436998095e-09
9050.056 6.7708996033301085e-09
9100.056 7.66204213130017e-09
9150.056 8.39010182680024e-09
9200.056 9.800722803719693e-09
9250.056 9.926888714429507e-09
9300.056 4.397098334682231e-09
9350.056 6.0012833564246535e-09
9400.056 1.0151619156939929e-08
9450.056 1.0463437045568905e-08
9500.056 1.0336793283247042e-08
9550.056 1.1450420727288917e-08
9600.056 1.2198214828727592e-08
9650.056 1.4868310453056087e-08
9700.056 1.9977825138060553e-08
9750.056 2.1883965215057038e-08
9800.056 2.54281685770588e-08
9850.056 2.970596328569964e-08
9900.056 3.591808256300036e-08
9950.056 4.0289913491000417e-08
10000.056 3.73206047989998e-08
10050.056 5.079712498600018e-08
10100.056 5.727224257000031e-08
10150.056 6.345014137599987e-08
10200.056 6.905536452700095e-08
10250.056 7.722356023400076e-08
10300.056 8.745716736999831e-08
10350.056 9.345419955300141e-08
10400.056 1.0280922730200015e-07
10450.056 1.1079261361999772e-07
10500.056 1.1853348787999947e-07
10550.056 1.2665287484000012e-07
10600.056 1.330050894299996e-07
10650.056 1.3999891256000155e-07
10700.056 1.4443910745100124e-07
10750.056 1.5056231848800126e-07
10800.056 1.5451794748600133e-07
10850.056 1.538435421160009e-07
10900.056 1.3104496691299797e-07
10950.056 8.46793161062001e-08
11000.056 6.299832496369322e-08
11050.056 4.292472435933968e-08
11100.056 2.9915884519306123e-08
11150.056 2.0640690243468384e-08
11200.056 2.376570515814876e-08
11250.056 3.246043046143198e-08
11300.056 3.224868527418987e-08
11350.056 1.536630727488375e-08
11400.056 3.8317841509655157e-08
11450.056 2.7753596668746943e-08
11500.056 3.3465509738647236e-08
11550.056 2.1134518457373905e-08
11600.056 2.0959695334107887e-08
11650.056 2.7540777748625374e-08
11700.056 2.8843920130395264e-08
11750.056 2.288685340345079e-08
11800.056 4.083761005727906e-08
11850.056 5.926203514374744e-08
11900.056 7.111602131679458e-08
11950.056 9.49101687546073e-08
12000.056 1.1382805271000081e-07
12050.056 1.3688587370300494e-07
12100.056 1.5730883434599446e-07
12150.056 1.8270793042699474e-07
12200.056 2.0575761937999547e-07
12250.056 2.3103314888399456e-07
12300.056 2.625479635000056e-07
12350.056 2.7650023549999966e-07
12400.056 3.000374067499949e-07
12450.056 3.108416492600047e-07
12500.056 3.2211737196000514e-07
12550.056 3.52265025560004e-07
12600.056 4.0199968940000385e-07
12650.056 4.0560899312000084e-07
12700.056 4.0702296554000665e-07
12750.056 3.8069087772000517e-07
12800.056 3.6839749016000007e-07
12850.056 3.071470112480015e-07
12900.056 2.742794045640066e-07
12950.056 2.5873958824200233e-07
13000.056 2.622275113110081e-07
13050.056 2.3382936263349995e-07
13100.056 2.313612126828877e-07
13150.056 1.8585605950837093e-07
13200.056 1.7137031570299924e-07
13250.056 1.2121827751637828e-07
13300.056 6.284096943972193e-08
13350.056 1.8967134265440932e-08
13400.056 7.1817198248094795e-09
13450.056 3.977894433710523e-09
13500.056 2.2858622364391614e-09
13550.056 1.4293461927261627e-09
13600.056 9.453687245318683e-10
13650.056 2.6158389162392445e-09
13700.056 1.8135541207085114e-09
13750.056 3.235455064736859e-09
13800.056 4.184467548453027e-09
13850.056 2.6291846333213522e-09
13900.056 2.7052353810301866e-09
13950.056 2.7600545973659286e-09
14000.056 2.74996217560817e-09
14050.056 3.4540537039463646e-09
14100.056 2.57912266980074e-09
14150.056 3.833960967753293e-09
14200.056 2.802851370756832e-09
14250.056 2.9575047112124076e-09
14300.056 5.958243982440112e-09
14350.056 5.437317557016727e-09
14400.056 5.595612479619523e-09
14450.056 7.355797023350327e-09
14500.056 1.2918009854293535e-08
14550.056 1.3376563024522025e-08
14600.056 1.960049063742463e-08
14650.056 1.739600367856025e-08
14700.056 1.2038211999191785e-08
14750.056 1.4580639130519764e-08
14800.056 1.9020053693466117e-08
14850.056 2.00600220968612e-08
14900.056 2.0731715893377655e-08
14950.056 2.4245024246749665e-08
15000.056 3.156414050522143e-08
15050.056 3.5244963739827296e-08
15100.056 3.6399469211509376e-08
15150.056 3.838356356815085e-08
15200.056 4.41733875111081e-08
15250.056 6.228081458102338e-08
15300.056 7.069933418279364e-08
15350.056 8.625539104029819e-08
15400.056 9.975230868421394e-08
15450.056 1.1371591077001007e-07
15500.056 1.2390363422799103e-07
15550.056 1.4655228993100665e-07
15600.056 1.6575608285099695e-07
15650.056 1.8004115495200555e-07
15700.056 2.064263671580044e-07
15750.056 2.1944323737000096e-07
15800.056 2.280837212800002e-07
15850.056 2.43843676170002e-07
15900.056 2.3768275812000254e-07
15950.056 2.3502491247999364e-07
16000.056 2.1693270421000418e-07
16050.056 1.7912755736599772e-07
16100.056 1.4874179168299462e-07
16150.056 1.1595530858909539e-07
16200.056 8.647515981459921e-08
16250.056 7.836104160495269e-08
16300.056 6.791455914862974e-08
16350.056 7.44533088202961e-08
16400.056 8.25701615377097e-08
16450.056 8.782585677511556e-08
16500.056 9.504493079011932e-08
16550.056 9.166099444607493e-08
16600.056 9.652074840650257e-08
16650.056 6.738042965259722e-08
16700.056 3.6215404981707315e-08
16750.056 5.4389400887192315e-08
16800.056 7.448382706392009e-08
16850.056 7.459314759285718e-08
16900.056 6.48921810739567e-08
16950.056 5.690930527596982e-08
17000.056 4.833511309500754e-08
17050.056 6.354189242840318e-08
17100.056 7.11149840409017e-08
17150.056 6.053598650309866e-08
17200.056 7.721087170139575e-08
17250.056 6.42961206295236e-08
17300.056 5.659704495470896e-08
17350.056 5.0726235227557154e-08
17400.056 5.299641580779775e-08
17450.056 5.109884495549344e-08
17500.056 5.324064322180884e-08
17550.056 4.540423885331438e-08
17600.056 4.195880930438532e-08
17650.056 3.8941920905584483e-08
17700.056 2.9478230040311606e-08
17750.056 2.4039317423061398e-08
17800.056 2.9673968392828875e-08
17850.056 1.897871580762505e-08
17900.056 2.1309908362803757e-08
17950.056 1.5265902649961905e-08
18000.056 1.8377586162610213e-08
18050.056 1.2774425747075389e-08
18100.056 1.4047627372401143e-08
18150.056 1.698851486511726e-08
18200.056 1.0270830597587305e-08
18250.056 2.318650310196873e-08
18300.056 1.1571594649727097e-08
18350.056 1.032200386812224e-08
18400.056 8.955734535955934e-09
18450.056 1.4243319649117437e-08
18500.056 1.39758889614924e-08
18550.056 1.0392172372336106e-08
18600.056 9.341210641755477e-09
18650.056 7.838056708871052e-09
18700.056 6.114534092589601e-09
18750.056 9.575847099116103e-09
18800.056 2.0217844917789348e-08
18850.056 2.1212162877702618e-08
18900.056 1.860879639246895e-08
18950.056 3.123331372648899e-08
19000.056 1.7421693163515786e-08
19050.056 1.215523050469274e-08
19100.056 2.088271920534897e-08
19150.056 1.2921972446069069e-08
19200.056 1.771008951427558e-08
19250.056 1.2205808606588309e-08
19300.056 1.0437885170417808e-08
19350.056 9.474220731783522e-09
19400.056 6.999548776059072e-09
19450.056 1.1962499183713707e-08
19500.056 1.152082707600947e-08
19550.056 9.902658150339341e-09
19600.056 1.3081151948342733e-08
19650.056 1.512958971472064e-08
19700.056 1.512706579342996e-08
19750.056 1.8971929690172994e-08
19800.056 1.8008389771617885e-08
19850.056 2.394618867408089e-08
19900.056 2.1184663460240546e-08
19950.056 3.105751605533644e-08
20000.056 3.0516345261490665e-08
20050.056 3.3066387405327606e-08
20100.056 4.0805582319257035e-08
20150.056 3.50411707558209e-08
20200.056 3.648958989115086e-08
20250.056 4.6268850030089596e-08
20300.056 4.7752388665330875e-08
20350.056 5.201684675212054e-08
20400.056 5.105370067465691e-08
20450.056 6.399925208450405e-08
20500.056 6.969393630398257e-08
20550.056 7.133822263700876e-08
20600.056 7.849997976900804e-08
20650.056 8.303007413199979e-08
20700.056 8.604453670800435e-08
20750.056 8.964564273599601e-08
20800.056 9.239660698199063e-08
20850.056 9.461071843100028e-08
20900.056 9.845222111599168e-08
20950.056 9.719700413200448e-08
21000.056 9.708614029900238e-08
21050.056 9.744030828499597e-08
21100.056 9.656255467700065e-08
21150.056 9.698572624299118e-08
21200.056 9.353768505900336e-08
21250.056 9.278664723899287e-08
21300.056 8.703645353199763e-08
21350.056 8.605874688499785e-08
21400.056 8.380716097000951e-08
21450.056 7.92408938892011e-08
21500.056 7.493119327680484e-08
21550.056 7.071335317240109e-08
21600.056 6.597068904190447e-08
21650.056 5.873549365489841e-08
21700.056 5.880386824979972e-08
21750.056 5.157098806936291e-08
21800.056 4.514110944738526e-08
21850.056 4.136837077565495e-08
21900.056 3.484292057061371e-08
21950.056 2.5098471133371236e-08
22000.056 1.3127380937009701e-08
22050.056 1.1807366825171798e-08
22100.056 1.9900914610837704e-08
22150.056 2.0513704915053358e-08
22200.056 2.1952241449543524e-08
22250.056 2.041879903804159e-08
22300.056 1.590587073163929e-08
22350.056 1.7276110858175594e-08
22400.056 1.1833999835960847e-08
22450.056 1.2364463205558595e-08
22500.056 1.188097009812015e-08
22550.056 9.808616476451788e-09
22600.056 9.55435102195503e-09
22650.056 1.082838196195618e-08
22700.056 9.516974478036127e-09
22750.056 1.0102263327855158e-08
22800.056 1.0176426676384096e-08
22850.056 8.803331895248512e-09
22900.056 8.466353613274027e-09
22950.056 7.92934526759446e-09
23000.056 9.368221952221951e-09
23050.056 1.1716351538412286e-08
23100.056 2.068320916649853e-08
23150.056 1.753408169068811e-08
23200.056 5.2643760953547315e-09
23250.056 8.403422916785162e-09
23300.056 7.18662438367169e-09
23350.056 7.910425443105173e-09
23400.056 7.74489464116776e-09
23450.056 7.233531489302074e-09
23500.056 8.005301907134626e-09
23550.056 1.0498394210589066e-08
23600.056 1.2447755168496495e-08
23650.056 1.5434758164875795e-08
23700.056 7.492747659042855e-09
23750.056 7.503316200294676e-09
23800.056 1.1214200845997969e-08
23850.056 1.0760606888351825e-08
23900.056 1.6226108011214833e-08
23950.056 1.4832988379236078e-08
24000.056 1.9494044612917448e-08
24050.056 2.028619788092289e-08
24100.056 1.8497619992739067e-08
24150.056 2.241612264012078e-08
24200.056 2.0109616903305624e-08
24250.056 2.0057046753461542e-08
24300.056 2.3968987862647563e-08
24350.056 2.0091310395059833e-08
24400.056 2.8393094302519943e-08
24450.056 2.4451804863156732e-08
24500.056 2.4504708898613653e-08
24550.056 2.8388293123337235e-08
24600.056 2.9005888559077098e-08
24650.056 3.562992279917981e-08
24700.056 2.3446701460919224e-08
24750.056 2.4301771670438e-08
24800.056 2.354317338941857e-08
24850.056 3.4596604328595965e-08
24900.056 1.67715137453388e-08
24950.056 3.008642256092461e-08
25000.056 2.5729355793363377e-08
25050.056 1.608462276518861e-08
25100.056 2.3801549194682382e-08
25150.056 1.5361387303543195e-08
25200.056 1.9406514801637285e-08
25250.056 1.100697852593828e-08
25300.056 1.618324024590819e-08
25350.056 9.224841282067069e-09
25400.056 1.765476106296677e-08
25450.056 8.933136888082918e-09
25500.056 9.216872510947662e-09
25550.056 1.2008387132425612e-08
25600.056 1.1099810407189119e-08
25650.056 6.223770564923478e-09
25700.056 1.1773021985213732e-08
25750.056 4.885915601882719e-09
25800.056 1.408878939327698e-08
25850.056 5.5841156775787e-09
25900.056 8.837592480590717e-09
25950.056 4.0156552355622485e-09
26000.056 1.4042106298759252e-08
26050.056 6.2798221040132985e-09
26100.056 1.3975136939413143e-08
26150.056 9.6675561513104e-09
26200.056 1.0442310722644923e-08
26250.056 2.226422501778771e-08
26300.056 1.2120056006833893e-08
26350.056 2.6734051833432248e-08
26400.056 2.5914139081316792e-08
26450.056 2.3812680144468424e-08
26500.056 2.9756119590873187e-08
26550.056 1.2830724519221804e-08
26600.056 1.7123049468190086e-08
26650.056 6.727136457172804e-09
26700.056 5.915197466058453e-09
26750.056 4.3554149374157406e-09
26800.056 7.639382910533345e-09
26850.056 4.419833057008767e-09
26900.056 1.1351160866474593e-08
26950.056 5.694264527057804e-09
27000.056 1.574658319638955e-08
27050.056 1.3520696551638914e-08
27100.056 7.872430264996394e-09
27150.056 1.8912431784732393e-08
27200.056 8.279233336540804e-09
27250.056 1.2277937945475243e-08
27300.056 3.1379043599443407e-08
27350.056 2.0290479994425788e-08
27400.056 4.6879036602913794e-09
27450.056 2.3556536749350327e-08
27500.056 2.5288392018594925e-08
27550.056 9.158277585465268e-09
27600.056 1.7445848023291246e-08
27650.056 8.194709683116799e-09
27700.056 6.5711690220560024e-09
27750.056 1.9473737791054067e-08
27800.056 8.624628757394274e-09
27850.056 1.0717082285306854e-08
27900.056 1.159988169769512e-08
27950.056 2.1235827443743505e-08
28000.056 1.6425709361956664e-08
28050.056 5.430250155446496e-09
28100.056 1.952378794412401e-08
28150.056 1.3168414203729829e-08
28200.056 6.786290865914865e-09
28250.056 2.1646444447534844e-08
28300.056 2.3605705718453854e-08
28350.056 8.517050705118217e-09
28400.056 1.6999019758665803e-08
28450.056 2.401976921244532e-08
28500.056 1.745884899627933e-08
28550.056 6.7425912267703075e-09
28600.056 2.6021066147773454e-08
28650.056 2.0253271996174333e-08
28700.056 2.006838134012839e-08
28750.056 2.9302608159614632e-08
28800.056 2.207990883272435e-08
