galfind/configs/Brown_Dwarf_templates/sonora_bobcat/m0.0/1000g/co0.5/sp_t250g1000nc_m+0.0_co0.5_resample.dat
# %ECSV 1.0
# ---
# datatype:
# - {name: wav, unit: Angstrom, datatype: float64}
# - {name: flux_nu, unit: erg / (cm2 Hz s), datatype: float64}
# meta: {C/O: '0.50', Kzz: '1.0000E+05', Teff: '250.', Y: '0.28', '[Fe/H]': '0.00', f_hole: '1.00', f_rain: '0.00', grav: '1000.'}
# schema: astropy-2.0
wav flux_nu
[from data line 499]
28950.056 1.0242852927066416e-13
29000.056 5.4466187094556496e-14
29050.056 1.4859134963703427e-13
29100.056 1.7025923412667203e-14
29150.056 1.6191731640049132e-14
29200.056 4.2946224030825157e-13
29250.056 1.231949439697931e-13
29300.056 4.411217969480055e-14
29350.056 2.7324196271076e-13
29400.056 2.677196455266139e-13
29450.056 3.1699048111987736e-14
29500.056 4.682706939316815e-13
29550.056 1.2599968140509633e-13
29600.056 5.868879505988537e-14
29650.056 4.742945509350221e-13
29700.056 8.842576025629077e-14
29750.056 4.963033876435352e-13
29800.056 1.0935029908322158e-13
29850.056 6.593735338234762e-13
29900.056 1.8075332998732608e-13
29950.056 1.5471469035574626e-13
30000.056 6.178222183491331e-16
30050.056 7.749656086394812e-14
30100.056 2.771959838223506e-13
30150.056 4.845888603268857e-13
30200.056 6.649029845229758e-13
30250.056 6.805735701822654e-13
30300.056 9.415138216398553e-13
30350.056 1.8600827512850625e-13
30400.056 1.5472619577209767e-12
30450.056 2.016190849892525e-12
30500.056 1.9284171652206316e-13
30550.056 2.742276474735721e-13
30600.056 1.3648103535316967e-11
30650.056 4.313977207516338e-12
30700.056 3.55459762954035e-13
30750.056 2.5463728954685328e-12
30800.056 6.48216288209918e-12
30850.056 4.721119889400782e-12
30900.056 1.417128880357279e-12
30950.056 1.2322074225933138e-12
31000.056 1.906073806362126e-12
31050.056 3.531351878358262e-13
31100.056 1.6335674134819553e-13
31150.056 1.6170921980467002e-12
31200.056 8.443979211239066e-12
31250.056 4.676794959778178e-12
31300.056 5.853719778578149e-13
31350.056 7.876083237894485e-12
31400.056 3.859687671670294e-12
31450.056 3.7865435668795475e-12
31500.056 1.0684925042781869e-12
31550.056 3.827680805083717e-12
31600.056 3.0666681609937817e-12
31650.056 1.6904869303022482e-12
31700.056 1.503066696350412e-12
31750.056 6.440118147294506e-13
31800.056 1.2900632508599392e-12
31850.056 1.4128261684194952e-13
31900.056 4.407232395189211e-13
31950.056 1.5710427391446893e-13
32000.056 9.812792579365182e-14
32050.056 7.778107678803488e-14
32100.056 6.565311693937613e-14
32150.056 4.392918165907812e-14
32200.056 1.4065598465054122e-14
32250.056 3.4175341939454836e-14
32300.056 4.254508164913601e-15
32350.056 1.6404571958297422e-14
32400.056 7.659209840961431e-16
32450.056 1.1127877819022332e-14
32500.056 7.166950391565809e-16
32550.056 8.878662012450398e-15
32600.056 3.332726975063153e-16
32650.056 1.3818629294600465e-14
32700.056 5.682900877731984e-16
32750.056 5.261338327120926e-14
32800.056 1.0751016543867009e-14
32850.056 2.4546258852643554e-13
32900.056 1.1299983378503532e-13
32950.056 2.397225733720124e-13
33000.056 4.9881490292892147e-14
33050.056 1.752843774393469e-14
33100.056 1.9078641097108886e-15
33150.056 3.655605374073497e-18
33200.056 5.969118893988834e-16
33250.056 1.6093600647661662e-15
33300.056 8.108181912125686e-14
33350.056 3.874989003301848e-14
33400.056 2.803880393409757e-13
33450.056 8.429891327517602e-15
33500.056 1.524943065623106e-13
33550.056 1.4419223782730103e-14
33600.056 6.852783510641396e-14
33650.056 9.475015702399172e-14
33700.056 6.574788726664062e-15
33750.056 1.1098973876880265e-13
33800.056 2.1733280575219577e-15
33850.056 4.861206246805946e-14
33900.056 4.6722166534975694e-14
33950.056 7.220327970344862e-14
34000.056 2.4601200522304126e-13
34050.056 3.588199422019391e-14
34100.056 3.3885869292707377e-13
34150.056 7.698086854689053e-14
34200.056 6.243524572668305e-13
34250.056 1.6721991303625827e-13
34300.056 3.073605766536393e-13
34350.056 2.2554106490089645e-12
34400.056 1.5899832796581827e-13
34450.056 1.4613260203825194e-12
34500.056 2.5692788831166127e-13
34550.056 1.6889309709960277e-12
34600.056 1.0306936124639781e-11
34650.056 2.4132213047608665e-13
34700.056 6.4921793882954084e-12
34750.056 1.6194964083040513e-12
34800.056 1.065223630806775e-12
34850.056 5.008750968329075e-12
34900.056 4.088021699581318e-13
34950.056 1.0451933385837942e-11
35000.056 7.465009060412195e-12
35050.056 1.4526222232952514e-11
35100.056 2.3071989190802348e-11
35150.056 2.5061086733297114e-11
35200.056 2.9084462214204435e-11
35250.056 5.18146174220627e-11
35300.056 5.913845119303077e-12
35350.056 1.7544711832416136e-12
35400.056 9.700593356869373e-13
35450.056 1.0058652383927528e-12
35500.056 9.621084739489348e-12
35550.056 1.222062870162315e-11
35600.056 2.0713749331803254e-11
35650.056 1.957737966139006e-11
35700.056 3.340544923705208e-11
35750.056 2.9303521024643825e-11
35800.056 4.893140097695635e-12
35850.056 4.129170785562117e-12
35900.056 9.483387604844655e-12
35950.056 3.0469725539660996e-11
36000.056 4.1783173314602823e-11
36050.056 2.3770479945649792e-11
36100.056 2.0728317074028494e-11
36150.056 1.5768777349514088e-10
36200.056 9.145853228495637e-11
36250.056 3.21662593494526e-11
36300.056 1.2885327681023636e-10
36350.056 9.475175985235104e-11
36400.056 1.2605976760198623e-10
36450.056 5.711338078706948e-11
36500.056 5.421694286896065e-11
36550.056 2.748597543730001e-10
36600.056 3.385128483699881e-10
36650.056 8.07884599262342e-11
36700.056 1.4853026050848485e-10
36750.056 3.935199196600494e-10
36800.056 3.767446617209458e-10
36850.056 1.0501183935199861e-10
36900.056 1.2043787656943244e-10
36950.056 4.4287925458696356e-10
37000.056 3.0242450757344123e-10
37050.056 4.0015619072444145e-10
37100.056 5.52886612649409e-11
37150.056 1.5552672417048526e-10
37200.056 7.300666873400524e-10
37250.056 2.7249491498123337e-10
37300.056 8.721794116011237e-11
37350.056 1.986716724089009e-10
37400.056 3.751970519713809e-10
37450.056 1.8758566092798267e-10
37500.056 1.613170679520506e-10
37550.056 8.051521709341575e-10
37600.056 1.5359816409598885e-09
37650.056 1.76805790560428e-10
37700.056 4.3037705488004943e-10
37750.056 3.631858663819863e-10
37800.056 4.1452586196407634e-10
37850.056 2.5052788050699216e-10
37900.056 2.1985540475519756e-10
37950.056 3.320067985649979e-10
38000.056 2.4652711837425676e-10
38050.056 6.712082022990479e-10
38100.056 1.1027378428919195e-09
38150.056 1.3351554734179097e-09
38200.056 6.652293435849356e-10
38250.056 1.1621949241713476e-09
38300.056 2.49595887391968e-09
38350.056 1.3128281825502225e-09
38400.056 3.619298914280008e-10
38450.056 7.839612258567847e-11
38500.056 1.5046296442982974e-10
38550.056 8.513445290200721e-10
38600.056 1.2137597738099035e-09
38650.056 8.244605998679831e-10
38700.056 4.950977457978998e-10
38750.056 7.152199319249723e-10
38800.056 7.713159671000196e-10
38850.056 8.726663042300829e-10
38900.056 8.560889990606938e-10
38950.056 5.885936618251186e-10
39000.056 1.179059463689866e-09
39050.056 3.683897498671007e-10
39100.056 5.067918576802194e-10
39150.056 1.4067777079599955e-09
39200.056 1.2150404637600166e-09
39250.056 1.0315880098480126e-09
39300.056 8.165455720090579e-10
39350.056 1.99049855539003e-09
39400.056 9.05712886083303e-10
39450.056 1.7536956032416432e-09
39500.056 1.984697090669853e-09
39550.056 5.908305134999277e-10
39600.056 1.1860139398732895e-09
39650.056 2.707508814299996e-09
39700.056 2.4872328754999992e-09
39750.056 6.163107525169015e-10
39800.056 4.578798453800512e-10
39850.056 2.223215349020227e-09
39900.056 3.075833583799988e-09
39950.056 1.0558822911600209e-09
40000.056 1.617932029160097e-09
40050.056 2.1939534494998305e-09
40100.056 4.43194882606672e-10
40150.056 1.7657961921501146e-09
40200.056 1.9616196173998186e-09
40250.056 2.6885041717998562e-09
40300.056 3.055153609900152e-09
40350.056 1.1204537672707391e-09
40400.056 1.166549107319899e-09
40450.056 4.889598650519768e-10
40500.056 1.979301898660183e-09
40550.056 3.2589182880998633e-09
40600.056 3.6733454952999037e-09
40650.056 1.9345421161498297e-09
40700.056 2.5369453140198906e-09
40750.056 2.044283484989907e-09
40800.056 1.4287819307598976e-09
40850.056 4.29500429190033e-09
40900.056 4.425227829699778e-09
40950.056 2.563779542079984e-09
41000.056 1.5881633604538594e-09
41050.056 4.380883124590272e-09
41100.056 4.338946141659592e-09
41150.056 1.1399487726699364e-09
41200.056 4.507372397520556e-09
41250.056 4.697226845999442e-09
41300.056 4.473408044800458e-09
41350.056 7.249836752500077e-09
41400.056 5.307619541399775e-09
41450.056 6.644516999400056e-09
41500.056 3.752237126899522e-09
41550.056 3.2116547553003343e-09
41600.056 3.208335314149701e-09
41650.056 6.038819951820601e-09
41700.056 8.915614287999872e-09
41750.056 7.160242861000067e-09
41800.056 7.047325946699892e-09
41850.056 5.380211613099738e-09
41900.056 4.099946140799421e-09
41950.056 2.882445508559615e-09
42000.056 4.2369500377979514e-10
42050.056 9.178869923820749e-10
42100.056 2.015388012929953e-09
42150.056 2.917925278700007e-09
42200.056 4.2842813614001114e-09
42250.056 3.987470418000235e-09
42300.056 3.918758846199857e-09
42350.056 6.424153226600146e-09
42400.056 8.152760589700194e-09
42450.056 9.40480390490024e-09
42500.056 1.0130341245699964e-08
42550.056 9.134481411799833e-09
42600.056 7.739438805900536e-09
42650.056 8.901830415599296e-09
42700.056 4.516492465559949e-09
42750.056 8.434164581900607e-09
42800.056 1.206944393900013e-08
42850.056 1.2139503118199665e-08
42900.056 1.1293913122600112e-08
42950.056 1.0289102663700224e-08
43000.056 1.0876289006899767e-08
43050.056 6.063125578199423e-09
43100.056 8.905729587700562e-09
43150.056 1.0005530894100114e-08
43200.056 1.1601827648100198e-08
43250.056 1.369575272200007e-08
43300.056 1.2472763024999588e-08
43350.056 8.582383041200091e-09
43400.056 1.064959363709994e-08
43450.056 6.9383476894999825e-09
43500.056 5.282138327200054e-09
43550.056 7.953969604800379e-09
43600.056 1.1652604629999819e-08
43650.056 6.995298446999655e-09
43700.056 1.0767135736401137e-08
43750.056 1.3581828790999827e-08
43800.056 1.0946271005199672e-08
43850.056 9.337739783700375e-09
43900.056 6.999603030300038e-09
43950.056 5.972843206499914e-09
44000.056 6.476426028200005e-09
44050.056 1.1818534447300798e-08
44100.056 1.4736373386000035e-08
44150.056 1.3522675847999918e-08
44200.056 1.3286456631999832e-08
44250.056 8.74817771839965e-09
44300.056 5.59101193239982e-09
44350.056 4.984866604800126e-09
44400.056 6.189281484200045e-09
44450.056 9.933095939700607e-09
44500.056 9.164774600699862e-09
44550.056 1.1252351665000147e-08
44600.056 8.961002866000014e-09
44650.056 1.0374681607399754e-08
44700.056 8.310088872499517e-09
44750.056 9.817587098600313e-09
44800.056 6.8134721943997866e-09
44850.056 9.037202605300375e-09
44900.056 9.480456472999918e-09
44950.056 1.1411634436500416e-08
45000.056 1.2781532499999917e-08
45050.056 1.084401167879941e-08
45100.056 9.931583990400482e-09
45150.056 9.114225386399783e-09
45200.056 5.7724865603998655e-09
45250.056 7.032539682299869e-09
45300.056 6.503003473399934e-09
45350.056 4.216570938400444e-09
45400.056 1.159792319930025e-08
45450.056 9.982012449100563e-09
45500.056 1.2584100490400381e-08
45550.056 1.2801344834399326e-08
45600.056 1.2008790921000208e-08
45650.056 1.0864006923599414e-08
45700.056 5.687333265299245e-09
45750.056 5.07387367010056e-09
45800.056 1.0830730579599989e-08
45850.056 8.588421439400453e-09
45900.056 1.3229045428000059e-08
45950.056 1.360273216699968e-08
46000.056 1.2536693169000045e-08
46050.056 1.0234095853300516e-08
46100.056 1.2678202934999601e-08
46150.056 8.882149049599918e-09
46200.056 5.7441011441992545e-09
46250.056 1.9627499210100567e-09
46300.056 6.971561182600545e-09
46350.056 8.481180966000054e-09
46400.056 9.010688963000146e-09
46450.056 6.059651530399686e-09
46500.056 8.724118736000092e-09
46550.056 5.125810835899459e-09
46600.056 3.871590415439867e-09
46650.056 7.238842690800277e-09
46700.056 5.485592533099508e-09
46750.056 1.8088807651101077e-09
46800.056 9.906970633899005e-10
46850.056 5.01174269240085e-09
46900.056 8.920878299400188e-09
46950.056 9.939748396399974e-09
47000.056 1.0388512405900042e-08
47050.056 5.9500267532991625e-09
47100.056 5.75513808280011e-09
47150.056 7.045066440900401e-09
47200.056 7.376799667399704e-09
47250.056 2.6482381231493746e-09
47300.056 1.9303103803005922e-09
47350.056 6.92709996630042e-09
47400.056 8.726210115299962e-09
47450.056 5.151162456599961e-09
47500.056 8.782300301500635e-09
47550.056 9.261971518999926e-09
47600.056 5.33887970719959e-09
47650.056 6.485330605499691e-09
47700.056 5.523653836300431e-09
47750.056 4.708898317599902e-09
47800.056 2.353394257119719e-09
47850.056 6.658261406401316e-10
47900.056 1.438845922700077e-09
47950.056 5.055759410300476e-09
48000.056 6.2235880150995354e-09
48050.056 4.864689708900122e-09
48100.056 2.7363938880598856e-09
48150.056 5.0649008351001636e-09
48200.056 2.379791765279624e-09
48250.056 4.381338242300219e-09
48300.056 5.110738210399843e-09
48350.056 2.6969743359996035e-09
48400.056 4.3860864878887894e-10
48450.056 8.06866774018197e-10
48500.056 1.875171045189806e-09
48550.056 2.467730039630589e-09
48600.056 6.176361790600225e-09
48650.056 7.319936248099983e-09
48700.056 6.423309323400085e-09
48750.056 6.045629989499983e-09
48800.056 5.93228721909984e-09
48850.056 2.4616326732796822e-09
48900.056 1.693106964979783e-09
48950.056 7.730998840999692e-10
49000.056 5.996018625551574e-10
49050.056 2.1456116763798553e-09
49100.056 3.498236555940506e-09
49150.056 3.5622838790999528e-09
49200.056 5.865003446900276e-09
49250.056 6.076313881299912e-09
49300.056 4.322489135099578e-09
49350.056 1.6814983310102556e-09
49400.056 2.074737852239653e-09
49450.056 1.4193120680302423e-09
49500.056 9.959018494798083e-10
49550.056 1.9581613385799274e-10
49600.056 4.1090764023007875e-10
49650.056 1.8395275316002275e-09
49700.056 3.041414631200064e-09
49750.056 1.8418568163298604e-09
49800.056 1.031748330580054e-09
49850.056 3.2311673653002722e-09
49900.056 4.179344355399999e-09
49950.056 3.6996265114998624e-09
50000.056 1.5822205091496816e-09
50050.056 1.4316088149302314e-09
50100.056 1.4193323083398984e-09
50150.056 4.4746663332991806e-10
50200.056 1.1263039809801792e-10
50250.056 4.0046417988000317e-10
50300.056 3.446794832960626e-10
50350.056 1.6004497329201618e-09
50400.056 2.680465628400086e-09
50450.056 2.989740661999999e-09
50500.056 3.5710676150001096e-09
50550.056 3.962465224499912e-09
50600.056 2.2680477431198536e-09
50650.056 3.4538345800000384e-09
50700.056 2.7097459899998397e-09
50750.056 1.4027122325098742e-09
50800.056 3.357139283479131e-10
50850.056 1.804581325430484e-10
50900.056 1.0306388643801362e-09
50950.056 1.429369988969883e-09
51000.056 9.233818585301922e-10
51050.056 2.0439627935198585e-09
51100.056 9.61654742299944e-10
51150.056 4.917904759601046e-10
51200.056 1.9644757422001307e-09
51250.056 1.9076375395999255e-09
51300.056 1.1735280467899316e-09
51350.056 5.680081672918817e-10
51400.056 1.8979151614902485e-10
51450.056 1.7265436852096544e-10
51500.056 1.874406568280428e-10
51550.056 6.593816003500815e-10
51600.056 1.1417087597500534e-09
51650.056 1.6483645563000374e-09
51700.056 1.1666373686097827e-09
51750.056 1.0081459727901841e-09
51800.056 1.8054856104999976e-09
51850.056 1.4245497775799237e-09
51900.056 9.784858749399425e-10
51950.056 4.4043107957992393e-10
52000.056 1.1038903487098832e-10
52050.056 2.687184956400085e-10
52100.056 1.684210092939762e-10
52150.056 1.1269892486702415e-10
52200.056 3.5379728048002887e-10
52250.056 6.087879872600335e-10
52300.056 5.75375699179957e-10
52350.056 1.7958249976799247e-10
52400.056 2.1570485999900845e-10
52450.056 6.889724505500721e-10
52500.056 4.945636060799798e-10
52550.056 1.022738536379959e-09
52600.056 1.1266128665201038e-09
52650.056 1.323332719999943e-09
52700.056 6.892814447299246e-10
52750.056 2.0189489001296242e-10
52800.056 3.8374817170004983e-10
52850.056 4.399235980299579e-10
52900.056 1.55096916057964e-10
52950.056 2.447440766920372e-10
53000.056 5.600020264900127e-10
53050.056 2.8612790051999187e-10
53100.056 8.803641035000929e-10
53150.056 9.001723469099552e-10
53200.056 5.185263108599757e-10
53250.056 7.697723942899821e-10
53300.056 6.923954669000315e-10
53350.056 6.085068581699741e-10
53400.056 3.9061391644996844e-10
53450.056 1.7423978007997762e-10
53500.056 7.209262161699256e-11
53550.056 1.0720322031000271e-10
53600.056 2.369417972880489e-10
