galfind/configs/Brown_Dwarf_templates/sonora_bobcat/m0.0/1000g/co0.5/sp_t900g1000nc_m+0.0_co0.5_resample.dat
# %ECSV 1.0
# ---
# datatype:
# - {name: wav, unit: Angstrom, datatype: float64}
# - {name: flux_nu, unit: erg / (cm2 Hz s), datatype: float64}
# meta: {C/O: '0.50', Kzz: '1.0000E+05', Teff: '900.', Y: '0.28', '[Fe/H]': '0.00', f_hole: '1.00', f_rain: '0.00', grav: '1000.'}
# schema: astropy-2.0
wav flux_nu
[from data line 497]
28850.056 3.767178332095453e-08
28900.056 2.0725500848347393e-08
28950.056 4.1597292630078487e-08
29000.056 3.490793358728142e-08
29050.056 4.0702035844034316e-08
29100.056 2.846223708840609e-08
29150.056 5.2268530440464225e-08
29200.056 3.597961447549649e-08
29250.056 5.101497281022801e-08
29300.056 2.821103378681521e-08
29350.056 8.196650302929174e-08
29400.056 4.0197357033125107e-08
29450.056 4.424140110763827e-08
29500.056 5.380198814795357e-08
29550.056 4.450301210013888e-08
29600.056 5.2977633365881684e-08
29650.056 6.017469451775016e-08
29700.056 4.277951660347978e-08
29750.056 6.159824108257672e-08
29800.056 6.23292346029234e-08
29850.056 6.821484213627903e-08
29900.056 6.697529033032491e-08
29950.056 6.269642439366287e-08
30000.056 1.686693173931864e-08
30050.056 2.701027824092834e-08
30100.056 3.451423452910483e-08
30150.056 6.463393585869598e-08
30200.056 5.481931188452314e-08
30250.056 9.237586210260847e-08
30300.056 8.292297342220118e-08
30350.056 6.700645050332219e-08
30400.056 9.764593232080992e-08
30450.056 6.44248636086048e-08
30500.056 6.24445271536811e-08
30550.056 6.403864201057816e-08
30600.056 9.450996534330823e-08
30650.056 6.81066012888993e-08
30700.056 6.220225912948694e-08
30750.056 7.562524762618893e-08
30800.056 6.492863911691425e-08
30850.056 6.210913377138541e-08
30900.056 5.079214526838803e-08
30950.056 4.6517590337489884e-08
31000.056 5.029027075130743e-08
31050.056 5.412163250899756e-08
31100.056 3.7683595383658956e-08
31150.056 5.1859114042396584e-08
31200.056 6.257172129601139e-08
31250.056 4.2981328601147705e-08
31300.056 4.007230290609267e-08
31350.056 4.309871949582459e-08
31400.056 3.425292140088537e-08
31450.056 3.9811864011189883e-08
31500.056 2.7166235019395895e-08
31550.056 3.306059205827489e-08
31600.056 2.6265966716202956e-08
31650.056 2.4119977055528717e-08
31700.056 2.5747888801000287e-08
31750.056 1.9212724916875604e-08
31800.056 2.8696353140897334e-08
31850.056 1.7530211529566557e-08
31900.056 2.4014010510002907e-08
31950.056 1.5318481690742286e-08
32000.056 2.002050365978215e-08
32050.056 2.104672524266404e-08
32100.056 1.9441981192679763e-08
32150.056 2.367171274910894e-08
32200.056 1.7982242550582546e-08
32250.056 2.798847179030877e-08
32300.056 1.6082845779468186e-08
32350.056 3.0889019100201545e-08
32400.056 1.7570235988418453e-08
32450.056 2.7805387461972538e-08
32500.056 2.3818984798858813e-08
32550.056 2.6815789304537255e-08
32600.056 2.9510556439382826e-08
32650.056 3.681206586058964e-08
32700.056 3.386447150550768e-08
32750.056 4.335410548420604e-08
32800.056 4.364990118779661e-08
32850.056 5.037881964379906e-08
32900.056 5.330542193815763e-08
32950.056 5.262374964523897e-08
33000.056 4.3589571402512837e-08
33050.056 4.539194817940513e-08
33100.056 2.3268629374193274e-08
33150.056 2.697084726912342e-09
33200.056 3.53945481618758e-09
33250.056 2.831207055969095e-09
33300.056 4.418765870451324e-09
33350.056 8.469535475350572e-09
33400.056 1.3143463353097378e-08
33450.056 1.8046312133008318e-08
33500.056 3.0783596746009806e-08
33550.056 2.430103147758309e-08
33600.056 3.792042440389618e-08
33650.056 4.109419665510614e-08
33700.056 3.0125398563879436e-08
33750.056 4.958700788480272e-08
33800.056 2.802561012296767e-08
33850.056 3.993495939984555e-08
33900.056 3.298555630759796e-08
33950.056 3.461459060789388e-08
34000.056 4.448811233760777e-08
34050.056 2.3305661891263097e-08
34100.056 4.1534105924004985e-08
34150.056 2.8534117595567947e-08
34200.056 3.697795866928527e-08
34250.056 3.587871661668927e-08
34300.056 2.803940236322831e-08
34350.056 3.3268905926003594e-08
34400.056 2.4661219876496484e-08
34450.056 3.9325858731491034e-08
34500.056 3.429649062499915e-08
34550.056 2.2501831854420465e-08
34600.056 4.64021650719995e-08
34650.056 2.6201241745059787e-08
34700.056 3.867902693569895e-08
34750.056 3.683957073308894e-08
34800.056 2.9070108971396925e-08
34850.056 4.500495936900168e-08
34900.056 3.632747876763656e-08
34950.056 4.2352154263991884e-08
35000.056 6.308626078880423e-08
35050.056 3.679374240080784e-08
35100.056 5.6449366934900237e-08
35150.056 5.6346612934765566e-08
35200.056 5.259609414390025e-08
35250.056 7.41006485349787e-08
35300.056 4.632254853570686e-08
35350.056 5.6119850371490037e-08
35400.056 6.321677096099745e-08
35450.056 4.219713378382056e-08
35500.056 8.319678910699286e-08
35550.056 6.886596415459957e-08
35600.056 6.908465230282352e-08
35650.056 7.991524844811377e-08
35700.056 6.461348681699343e-08
35750.056 8.820188101799645e-08
35800.056 1.0290349425240271e-07
35850.056 6.603476369180088e-08
35900.056 9.633162104301083e-08
35950.056 9.499210289998894e-08
36000.056 9.284338855701221e-08
36050.056 9.566301061998729e-08
36100.056 8.6773297505159e-08
36150.056 1.0665442088599102e-07
36200.056 1.1960532012598245e-07
36250.056 1.0014821572848288e-07
36300.056 1.3208388154971205e-07
36350.056 1.2277436635400248e-07
36400.056 1.2967918726798942e-07
36450.056 1.3504795864639386e-07
36500.056 1.3903204814619417e-07
36550.056 1.6226529488003942e-07
36600.056 1.8017280087998983e-07
36650.056 1.5553426000208032e-07
36700.056 1.6732469716818505e-07
36750.056 1.9113550164402145e-07
36800.056 1.924592517489966e-07
36850.056 1.745267638957746e-07
36900.056 1.8959681527679278e-07
36950.056 2.1173457442997476e-07
37000.056 1.9654869986798967e-07
37050.056 2.121524987250147e-07
37100.056 2.028023115894945e-07
37150.056 2.0511646525502083e-07
37200.056 2.409627371399899e-07
37250.056 2.081208619439601e-07
37300.056 1.91156224087951e-07
37350.056 2.279438042100163e-07
37400.056 2.7908759848999333e-07
37450.056 2.1592368203540217e-07
37500.056 2.2369937663648945e-07
37550.056 2.8377334387007956e-07
37600.056 3.1257663665002254e-07
37650.056 2.1981943065303134e-07
37700.056 2.9268759546602574e-07
37750.056 2.4000450951302565e-07
37800.056 2.6988718004906256e-07
37850.056 2.119314190770035e-07
37900.056 2.389566588780401e-07
37950.056 2.71615765691981e-07
38000.056 2.9316927962898136e-07
38050.056 2.943681573180421e-07
38100.056 3.178596036500215e-07
38150.056 3.349350844199979e-07
38200.056 3.3179885619501713e-07
38250.056 3.1307394626502677e-07
38300.056 3.843500730899459e-07
38350.056 3.9100197414003875e-07
38400.056 3.0145110206594127e-07
38450.056 3.0515485688593335e-07
38500.056 2.6405468260004473e-07
38550.056 3.491368244000477e-07
38600.056 3.359221532099582e-07
38650.056 3.528149539199769e-07
38700.056 3.804580175300087e-07
38750.056 3.664219684700075e-07
38800.056 3.4833391347995984e-07
38850.056 3.69085869820018e-07
38900.056 4.062799219399651e-07
38950.056 3.6703706489999625e-07
39000.056 3.862498806599762e-07
39050.056 3.9303002833003555e-07
39100.056 3.8287143267800926e-07
39150.056 4.29092206749993e-07
39200.056 3.8907694296998223e-07
39250.056 4.3965908472999504e-07
39300.056 4.088300635799649e-07
39350.056 4.645062317400195e-07
39400.056 4.166899279400561e-07
39450.056 4.474975732299919e-07
39500.056 4.509934378499983e-07
39550.056 4.152338982720883e-07
39600.056 4.6464907330996185e-07
39650.056 5.023097785399846e-07
39700.056 4.733212904500324e-07
39750.056 4.060836289500664e-07
39800.056 4.288169698099972e-07
39850.056 5.200197095300042e-07
39900.056 5.227127207900106e-07
39950.056 4.841399704799688e-07
40000.056 5.191336306900092e-07
40050.056 5.034707946100011e-07
40100.056 4.3824806651601837e-07
40150.056 5.19416912590018e-07
40200.056 5.319249337999418e-07
40250.056 5.130101021598956e-07
40300.056 5.174079962900454e-07
40350.056 4.91131529729964e-07
40400.056 5.419504262120313e-07
40450.056 4.818662619399869e-07
40500.056 5.170467501100128e-07
40550.056 5.796822616099529e-07
40600.056 5.139560099700265e-07
40650.056 5.156302087719192e-07
40700.056 6.271485188799884e-07
40750.056 5.096474647598995e-07
40800.056 4.565385699998771e-07
40850.056 5.766773839000607e-07
40900.056 5.829837371599857e-07
40950.056 5.292336387060011e-07
41000.056 5.245192737699772e-07
41050.056 5.793282032499409e-07
41100.056 5.399835539099576e-07
41150.056 4.5759711924996943e-07
41200.056 5.698701800500067e-07
41250.056 5.300767125099909e-07
41300.056 4.6878511589995797e-07
41350.056 5.884669014200117e-07
41400.056 5.240682614700519e-07
41450.056 5.726898092400015e-07
41500.056 4.957631956279528e-07
41550.056 4.5728736841205995e-07
41600.056 4.992504536710426e-07
41650.056 5.374012425800403e-07
41700.056 4.827887702899451e-07
41750.056 4.935061356499623e-07
41800.056 5.706028072400217e-07
41850.056 3.8924487991999914e-07
41900.056 4.919263934599318e-07
41950.056 5.446861200100292e-07
42000.056 5.029584543199449e-07
42050.056 4.147938862999951e-07
42100.056 5.71643830619992e-07
42150.056 4.0381860823901804e-07
42200.056 4.0264934240598916e-07
42250.056 4.84870790479999e-07
42300.056 4.4016220382998947e-07
42350.056 4.912908193600621e-07
42400.056 4.935738027700341e-07
42450.056 3.9215826825004736e-07
42500.056 4.0785125562000455e-07
42550.056 3.828170525500022e-07
42600.056 4.6009843345006294e-07
42650.056 5.551964066099163e-07
42700.056 4.521901558099321e-07
42750.056 3.779118865200489e-07
42800.056 4.4259556272402524e-07
42850.056 4.953146446599055e-07
42900.056 5.199790477140533e-07
42950.056 4.017013497899185e-07
43000.056 4.69691762508014e-07
43050.056 3.1061517690410707e-07
43100.056 4.346846060399766e-07
43150.056 3.7962188264202536e-07
43200.056 4.172732047400099e-07
43250.056 5.577667837500348e-07
43300.056 5.379228292600265e-07
43350.056 3.21625619954919e-07
43400.056 4.352131845200095e-07
43450.056 3.598131216160764e-07
43500.056 3.967582425200126e-07
43550.056 4.05436784806003e-07
43600.056 4.845822786760417e-07
43650.056 3.277861607350086e-07
43700.056 5.27575280880045e-07
43750.056 4.672249749500317e-07
43800.056 4.360968858709457e-07
43850.056 3.968257523100767e-07
43900.056 4.238488378069675e-07
43950.056 3.153169154299475e-07
44000.056 2.7428891227601286e-07
44050.056 4.632652152600188e-07
44100.056 5.645919790200215e-07
44150.056 5.791848655599687e-07
44200.056 4.940677141200095e-07
44250.056 3.4204306753100084e-07
44300.056 2.901276404760458e-07
44350.056 3.4721176655405807e-07
44400.056 3.2373728338698405e-07
44450.056 4.3706436245000665e-07
44500.056 4.0755859329007645e-07
44550.056 5.177066374399703e-07
44600.056 4.7427199402002153e-07
44650.056 4.490611077240103e-07
44700.056 3.4261898711397237e-07
44750.056 4.147334873340684e-07
44800.056 3.834191834620404e-07
44850.056 5.04500313390046e-07
44900.056 3.7036970517801704e-07
44950.056 4.073751517520242e-07
45000.056 4.422122372900118e-07
45050.056 4.312681333399746e-07
45100.056 4.3486577220601683e-07
45150.056 4.348857566169738e-07
45200.056 3.415891608530258e-07
45250.056 3.861680562679271e-07
45300.056 3.519223829260391e-07
45350.056 3.374911754419928e-07
45400.056 4.958892712500477e-07
45450.056 4.6955102795000964e-07
45500.056 4.771335764620235e-07
45550.056 5.348414433399218e-07
45600.056 5.232627597700344e-07
45650.056 4.42380267976968e-07
45700.056 3.5667007227100324e-07
45750.056 3.37451689747008e-07
45800.056 5.350167244000175e-07
45850.056 5.198078130399883e-07
45900.056 5.486634596900158e-07
45950.056 4.303118672999913e-07
46000.056 5.167500466750511e-07
46050.056 4.292002353230029e-07
46100.056 5.499508957999676e-07
46150.056 4.0064114410398916e-07
46200.056 3.822542324220043e-07
46250.056 2.4030750121836933e-07
46300.056 4.256070184659956e-07
46350.056 4.255578280500287e-07
46400.056 4.1376764239002003e-07
46450.056 3.698144288790086e-07
46500.056 3.983848755150803e-07
46550.056 2.987988618750124e-07
46600.056 3.7955745816595925e-07
46650.056 5.291067193200236e-07
46700.056 3.852494722899371e-07
46750.056 2.7172213000802675e-07
46800.056 2.177300383740126e-07
46850.056 5.104342642600621e-07
46900.056 4.877597374799745e-07
46950.056 4.6672960961996603e-07
47000.056 4.3937756614005326e-07
47050.056 3.872949236408873e-07
47100.056 2.8306820437702247e-07
47150.056 3.761024293440535e-07
47200.056 4.4545014991998934e-07
47250.056 3.119593237599702e-07
47300.056 2.328088518340191e-07
47350.056 4.910062676299892e-07
47400.056 4.424409352199679e-07
47450.056 4.141537742690507e-07
47500.056 4.751232523699702e-07
47550.056 4.252057647400125e-07
47600.056 4.446486039749675e-07
47650.056 4.099532972799508e-07
47700.056 3.725420018800927e-07
47750.056 2.919211357990052e-07
47800.056 2.852017352120201e-07
47850.056 2.077889444390131e-07
47900.056 2.6210797255197406e-07
47950.056 4.0606831636000823e-07
48000.056 5.012710661800291e-07
48050.056 4.488823798099752e-07
48100.056 2.5396551191000954e-07
48150.056 3.526944585200111e-07
48200.056 3.082997173059956e-07
48250.056 3.416099401100045e-07
48300.056 4.960581922499751e-07
48350.056 3.1177934850999824e-07
48400.056 1.725298134605695e-07
48450.056 2.97839301337056e-07
48500.056 3.74493998689942e-07
48550.056 3.601888746780189e-07
48600.056 3.7260284935001064e-07
48650.056 4.449515455699871e-07
48700.056 3.517910911020135e-07
48750.056 2.2262371063908292e-07
48800.056 4.2431425014901975e-07
48850.056 2.8332623817695095e-07
48900.056 4.177339200599809e-07
48950.056 2.7979046309001094e-07
49000.056 1.811775712619947e-07
49050.056 3.736528401019632e-07
49100.056 4.0242553955405336e-07
49150.056 3.139250351849007e-07
49200.056 4.2311430487005194e-07
49250.056 3.988397923500375e-07
49300.056 3.5109111151398654e-07
49350.056 2.1297121393904006e-07
49400.056 3.037829590369447e-07
49450.056 3.0343463823907733e-07
49500.056 2.5274693482498254e-07
49550.056 1.3379876557200488e-07
49600.056 2.249299817254355e-07
49650.056 2.7802437314197795e-07
49700.056 2.839620360309321e-07
49750.056 3.656796833649653e-07
49800.056 2.809039367615998e-07
49850.056 3.999154539200453e-07
49900.056 3.3873355961798826e-07
49950.056 2.9898029038998973e-07
50000.056 2.880722884549856e-07
50050.056 3.548017215699814e-07
50100.056 2.876491276019896e-07
50150.056 1.929310550919849e-07
50200.056 9.657713621602008e-08
50250.056 2.5255242201998915e-07
50300.056 2.0196380427201664e-07
50350.056 3.3220492346003507e-07
50400.056 3.1186238454598924e-07
50450.056 2.3347055711199946e-07
50500.056 3.389625644100307e-07
50550.056 3.291229969000151e-07
50600.056 2.389300018819488e-07
50650.056 3.4529543889005743e-07
50700.056 3.656220296099578e-07
50750.056 2.697787483600259e-07
50800.056 1.6228978965397596e-07
50850.056 1.4751740605003818e-07
50900.056 3.4468139188999065e-07
50950.056 2.895868165800122e-07
51000.056 2.8588835841001916e-07
51050.056 3.0008340221998185e-07
51100.056 1.5288522734797856e-07
51150.056 2.0650466303381184e-07
51200.056 3.9525827529997174e-07
51250.056 2.6132900427597695e-07
51300.056 1.9442323981305066e-07
51350.056 2.4401281471196535e-07
51400.056 1.4154015502400564e-07
51450.056 1.186064746425753e-07
51500.056 1.193874872972328e-07
51550.056 2.5171340558801783e-07
51600.056 1.8444818982301671e-07
51650.056 2.0198727345197374e-07
51700.056 2.3819936179766995e-07
51750.056 1.763354334055184e-07
51800.056 2.6920773881994273e-07
51850.056 2.3136062451799131e-07
51900.056 3.2829055560001965e-07
51950.056 2.4124959590298157e-07
52000.056 8.662314869098318e-08
52050.056 1.7023455274601456e-07
52100.056 1.3444371224999603e-07
52150.056 1.1114967481301024e-07
52200.056 1.4553725173900022e-07
52250.056 1.8651564464702195e-07
52300.056 2.893437145599942e-07
52350.056 1.7290633556999946e-07
52400.056 1.386335563670126e-07
52450.056 2.4586581919002056e-07
52500.056 2.550430102549445e-07
52550.056 2.2906916189997732e-07
52600.056 1.9608123588401078e-07
52650.056 2.191840379970277e-07
52700.056 1.677856328160002e-07
52750.056 1.1584134393899396e-07
52800.056 1.4521891290101705e-07
52850.056 1.628047244099561e-07
52900.056 1.409755111803689e-07
52950.056 1.6123731142200645e-07
53000.056 2.244339922360016e-07
53050.056 1.2402138895397464e-07
53100.056 2.1374342109497868e-07
53150.056 2.627623981800248e-07
53200.056 1.1652802419868847e-07
53250.056 2.233183731200183e-07
53300.056 2.492727761281095e-07
53350.056 2.2484353934999515e-07
53400.056 2.0774168914999587e-07
53450.056 1.1531939485298361e-07
53500.056 6.395656376668069e-08
