galfind/configs/Brown_Dwarf_templates/sonora_bobcat/m0.0/1000g/co0.5/sp_t950g1000nc_m+0.0_co0.5_resample.dat
# %ECSV 1.0
# ---
# datatype:
# - {name: wav, unit: Angstrom, datatype: float64}
# - {name: flux_nu, unit: erg / (cm2 Hz s), datatype: float64}
# meta: {C/O: '0.50', Kzz: '1.0000E+05', Teff: '950.', Y: '0.28', '[Fe/H]': '0.00', f_hole: '1.00', f_rain: '0.00', grav: '1000.'}
# schema: astropy-2.0
wav flux_nu
4000.0559999999996 nan
4050.0559999999996 1.2386241137717234e-13
4100.056 1.5817855925899942e-11
4150.056 6.866885958500157e-11
4200.056 5.941732504416671e-11
4250.056 1.5121335966200207e-10
4300.056 2.1374882791900664e-10
4350.056 2.4397536245000157e-10
4400.056 2.9638951706000145e-10
4450.056 3.5438530888000484e-10
4500.056 3.573628919500073e-10
4550.056 3.7991719143199363e-10
4600.056 2.642902369499985e-10
4650.056 1.9619959493999894e-10
4700.056 1.2921325920999915e-10
4750.056 4.5295136258999496e-11
4800.056 9.396829915599846e-12
4850.056 1.831702410269974e-12
4900.056 6.115439569499942e-13
4950.056 2.460677021699976e-13
5000.056 8.528159405299901e-14
5050.056 3.595636223499988e-14
5100.056 3.0107739095999987e-14
5150.056 2.756805963899998e-14
5200.056 2.562590380299997e-14
5250.056 2.3952982226999968e-14
5300.056 2.2772152571999973e-14
5350.056 2.2227385868000003e-14
5400.056 2.2245772875999987e-14
5450.056 2.243819967199997e-14
5500.056 2.274524214400002e-14
5550.056 2.3109136730000014e-14
5600.056 2.346305652699997e-14
5650.056 2.3615764370000005e-14
5700.056 2.3418790026000006e-14
5750.056 2.204722699999997e-14
5800.056 1.929951763299996e-14
5850.056 1.3709353188199866e-14
5900.056 4.834174980861923e-15
5950.056 2.6929209308000374e-14
6000.056 5.553326112600028e-14
6050.056 9.789005458200095e-14
6100.056 1.5983456368000096e-13
6150.056 2.5181684333000155e-13
6200.056 3.9105714100000213e-13
6250.056 6.029990523400034e-13
6300.056 9.237587600900056e-13
6350.056 1.4113040286000091e-12
6400.056 2.149954710300014e-12
6450.056 3.2406749905000086e-12
6500.056 4.874174128600023e-12
6550.056 7.2734350557000395e-12
6600.056 1.0763833885900097e-11
6650.056 1.5745807533000093e-11
6700.056 2.0636066927600213e-11
6750.056 3.134317851800015e-11
6800.056 4.086276099400014e-11
6850.056 4.642997569700003e-11
6900.056 4.392884842800002e-11
6950.056 3.8601746503999894e-11
7000.056 3.7591887086000126e-11
7050.056 4.061925253099988e-11
7100.056 4.4263362961e-11
7150.056 4.580975952999968e-11
7200.056 4.475649323200054e-11
7250.056 4.181871336599901e-11
7300.056 3.7145783424000333e-11
7350.056 3.271381845799977e-11
7400.056 2.8643270679000206e-11
7450.056 2.4819716068000165e-11
7500.056 2.118511597399992e-11
7550.056 1.7596137624999924e-11
7600.056 1.4343269384999917e-11
7650.056 4.596434779209813e-12
7700.056 3.383185970546142e-12
7750.056 1.3862902939800215e-11
7800.056 2.2867630496600233e-11
7850.056 4.146015778300034e-11
7900.056 6.378276592700032e-11
7950.056 7.900230338040094e-11
8000.056 1.4411197070000133e-10
8050.056 2.086822365400021e-10
8100.056 2.882046818999998e-10
8150.056 3.8817186499000083e-10
8200.056 5.376053812000132e-10
8250.056 6.989266077100066e-10
8300.056 9.109337474700455e-10
8350.056 1.163488908399993e-09
8400.056 1.471582831189988e-09
8450.056 1.8658535807999986e-09
8500.056 2.0837321801299207e-09
8550.056 2.757527943550085e-09
8600.056 3.5283814355000324e-09
8650.056 4.296158695700044e-09
8700.056 5.143395276800055e-09
8750.056 6.129573522800043e-09
8800.056 7.219542034700064e-09
8850.056 8.32828202920004e-09
8900.056 8.767185813899835e-09
8950.056 7.986950207739733e-09
9000.056 1.089011662899963e-08
9050.056 1.406983836240023e-08
9100.056 1.5826017758450342e-08
9150.056 1.7218623741500523e-08
9200.056 1.9807230134999132e-08
9250.056 2.009342406441874e-08
9300.056 1.0112101929694544e-08
9350.056 1.3436630852439004e-08
9400.056 2.1034161250892668e-08
9450.056 2.2081748110796414e-08
9500.056 2.204153764272993e-08
9550.056 2.4410922601079177e-08
9600.056 2.577960625066777e-08
9650.056 3.044912608802149e-08
9700.056 3.886565132866798e-08
9750.056 4.2524187819043446e-08
9800.056 4.866669317061728e-08
9850.056 5.616480832099946e-08
9900.056 6.477373713799996e-08
9950.056 7.119547629400041e-08
10000.056 6.436489707689962e-08
10050.056 8.57129432040001e-08
10100.056 9.723653581400048e-08
10150.056 1.0741946231999905e-07
10200.056 1.1787613138800122e-07
10250.056 1.3042581843400103e-07
10300.056 1.455309265599985e-07
10350.056 1.5817737237000204e-07
10400.056 1.7221183215999966e-07
10450.056 1.8430541147999797e-07
10500.056 1.9492325594000014e-07
10550.056 2.058597277300002e-07
10600.056 2.1661023050999874e-07
10650.056 2.2908859423000354e-07
10700.056 2.3905375202000265e-07
10750.056 2.5048352653000263e-07
10800.056 2.5919510229000244e-07
10850.056 2.620400226800009e-07
10900.056 2.26419493865997e-07
10950.056 1.5133432179600024e-07
11000.056 1.176087851665873e-07
11050.056 8.502583114218797e-08
11100.056 6.250323260680933e-08
11150.056 4.5973865910789175e-08
11200.056 5.3071287261713356e-08
11250.056 6.993019728509888e-08
11300.056 6.852697806352033e-08
11350.056 3.4189106431394816e-08
11400.056 7.414149956892774e-08
11450.056 5.849828510271227e-08
11500.056 7.116690018897443e-08
11550.056 4.8218314451117376e-08
11600.056 4.892354447096761e-08
11650.056 5.934841545010382e-08
11700.056 5.732320029412061e-08
11750.056 4.7980517700977123e-08
11800.056 7.704021969184859e-08
11850.056 1.1229700262123586e-07
11900.056 1.3290128397928851e-07
11950.056 1.745985615722119e-07
12000.056 2.04551042503001e-07
12050.056 2.417623075730115e-07
12100.056 2.742713628569919e-07
12150.056 3.1458245966399276e-07
12200.056 3.5155578869999107e-07
12250.056 3.8935592157999153e-07
12300.056 4.3477497129000894e-07
12350.056 4.53519556070001e-07
12400.056 4.716002958199917e-07
12450.056 4.6501496835000786e-07
12500.056 4.756330405600014e-07
12550.056 5.163827800900131e-07
12600.056 6.215534403600069e-07
12650.056 6.305874356300024e-07
12700.056 6.40579177450015e-07
12750.056 6.103269803200079e-07
12800.056 6.031457748000009e-07
12850.056 5.177150719930023e-07
12900.056 4.715597373180105e-07
12950.056 4.558796602500019e-07
13000.056 4.583136434220052e-07
13050.056 4.216187328560948e-07
13100.056 4.112425493693016e-07
13150.056 3.401416995697343e-07
13200.056 3.090032445105987e-07
13250.056 2.2221345211058947e-07
13300.056 1.1929409995651643e-07
13350.056 3.669860115816131e-08
13400.056 1.6004274116681115e-08
13450.056 9.54716453146578e-09
13500.056 5.8808717912747404e-09
13550.056 4.008057602684704e-09
13600.056 2.8312191173101967e-09
13650.056 6.992620808115192e-09
13700.056 5.029510052202926e-09
13750.056 7.869170715432074e-09
13800.056 1.0246665775596736e-08
13850.056 7.062870536512398e-09
13900.056 7.135187412268303e-09
13950.056 7.1156874472541685e-09
14000.056 6.8776879954127246e-09
14050.056 8.340895187396623e-09
14100.056 6.3123273427681186e-09
14150.056 9.051267046314511e-09
14200.056 6.81130303491716e-09
14250.056 6.967221665097784e-09
14300.056 1.2649439858485637e-08
14350.056 1.1964833761068152e-08
14400.056 1.243345413082113e-08
14450.056 1.5300334443406007e-08
14500.056 2.5678464054202554e-08
14550.056 2.6863001468137505e-08
14600.056 3.779917106329893e-08
14650.056 3.544200071878926e-08
14700.056 2.6574678725678568e-08
14750.056 3.291432064444632e-08
14800.056 4.172306376830745e-08
14850.056 4.435576072065563e-08
14900.056 4.5190143561283046e-08
14950.056 5.281412454212419e-08
15000.056 6.297362805739983e-08
15050.056 7.31368504800155e-08
15100.056 7.816127626408043e-08
15150.056 8.563809863733023e-08
15200.056 9.197939714013879e-08
15250.056 1.2104886527270303e-07
15300.056 1.3509658541248693e-07
15350.056 1.6121437077399552e-07
15400.056 1.828511666530193e-07
15450.056 2.0466581420901337e-07
15500.056 2.188716771879917e-07
15550.056 2.525360375050011e-07
15600.056 2.774392814899994e-07
15650.056 2.936200016500091e-07
15700.056 3.304638737100124e-07
15750.056 3.4877456818999957e-07
15800.056 3.588149413800039e-07
15850.056 3.823555337600015e-07
15900.056 3.738091503800054e-07
15950.056 3.7095632800998774e-07
16000.056 3.4755162765000603e-07
16050.056 2.9535140193999736e-07
16100.056 2.5289922672499005e-07
16150.056 2.0493908694699337e-07
16200.056 1.6059496759459527e-07
16250.056 1.496380675054866e-07
16300.056 1.330024583166713e-07
16350.056 1.4403332688924893e-07
16400.056 1.5866156706889733e-07
16450.056 1.6848173569159102e-07
16500.056 1.81873285614757e-07
16550.056 1.7563921235352808e-07
16600.056 1.795643223272067e-07
16650.056 1.309876993076675e-07
16700.056 7.839753916133514e-08
16750.056 1.0615258694190346e-07
16800.056 1.4213488074337256e-07
16850.056 1.421648992097736e-07
16900.056 1.274710704332904e-07
16950.056 1.1415275104009792e-07
17000.056 9.921819043951536e-08
17050.056 1.2587179049500741e-07
17100.056 1.3661082958300388e-07
17150.056 1.18023001870096e-07
17200.056 1.408007861739888e-07
17250.056 1.205319454537705e-07
17300.056 1.0679014251841944e-07
17350.056 9.536242955061549e-08
17400.056 9.785180344519548e-08
17450.056 9.236420865513588e-08
17500.056 9.572952507161323e-08
17550.056 8.31169191110323e-08
17600.056 7.744176246216796e-08
17650.056 7.334689146453217e-08
17700.056 5.5473559961909494e-08
17750.056 4.615552729907668e-08
17800.056 5.578975777325231e-08
17850.056 3.675972824769356e-08
17900.056 4.16679772620666e-08
17950.056 3.1183183591878014e-08
18000.056 3.5715145138730566e-08
18050.056 2.681680503256857e-08
18100.056 2.866590198090156e-08
18150.056 3.547987785006663e-08
18200.056 2.1585698316422262e-08
18250.056 4.572460263655486e-08
18300.056 2.5709220072245597e-08
18350.056 2.2904797090934483e-08
18400.056 2.059221043661457e-08
18450.056 2.8225469063049963e-08
18500.056 2.851112743537884e-08
18550.056 2.1878611393957276e-08
18600.056 1.8997272806180418e-08
18650.056 1.6968822082482987e-08
18700.056 1.4691031275064211e-08
18750.056 2.1236946329962316e-08
18800.056 3.9791817287937304e-08
18850.056 4.318122172339051e-08
18900.056 3.837528534388316e-08
18950.056 6.24351750089531e-08
19000.056 3.892978155853776e-08
19050.056 2.9075945448929243e-08
19100.056 4.8088486368308695e-08
19150.056 3.2181505150009106e-08
19200.056 4.281164947996344e-08
19250.056 3.048856673768619e-08
19300.056 2.703164895228345e-08
19350.056 2.439415226200988e-08
19400.056 1.7377209870575098e-08
19450.056 2.9747451301040502e-08
19500.056 2.957177241788239e-08
19550.056 2.3556858053149423e-08
19600.056 3.016441984857891e-08
19650.056 3.605512048903831e-08
19700.056 3.5578319151203026e-08
19750.056 4.13319427026998e-08
19800.056 4.153560628484294e-08
19850.056 5.426736646613885e-08
19900.056 4.499397317623142e-08
19950.056 6.66040645425697e-08
20000.056 6.255759626428881e-08
20050.056 7.027950534786651e-08
20100.056 8.079084914179462e-08
20150.056 7.672196925381796e-08
20200.056 8.302635391736018e-08
20250.056 9.86653363754407e-08
20300.056 9.943748149066517e-08
20350.056 1.1157599017468205e-07
20400.056 1.0965466158138764e-07
20450.056 1.2984369778799665e-07
20500.056 1.40248023925968e-07
20550.056 1.4144201172101453e-07
20600.056 1.5736591171001333e-07
20650.056 1.6134753713100207e-07
20700.056 1.658002595850083e-07
20750.056 1.7141053772499272e-07
20800.056 1.7773197015998575e-07
20850.056 1.781219687449983e-07
20900.056 1.8605720896298212e-07
20950.056 1.8341771784400744e-07
21000.056 1.833638201500052e-07
21050.056 1.82805415309993e-07
21100.056 1.8096946729000106e-07
21150.056 1.824031550879816e-07
21200.056 1.7543225502600566e-07
21250.056 1.7480690274998595e-07
21300.056 1.637697010569949e-07
21350.056 1.6305199774599786e-07
21400.056 1.579761306860192e-07
21450.056 1.5169657771200217e-07
21500.056 1.441669217943102e-07
21550.056 1.3744415444000323e-07
21600.056 1.29020700701609e-07
21650.056 1.1822029516940036e-07
21700.056 1.1841533687900168e-07
21750.056 1.0549852884150631e-07
21800.056 9.471116604649214e-08
21850.056 8.673682137491614e-08
21900.056 7.403391088900202e-08
21950.056 5.5054529872511325e-08
22000.056 3.041437336988942e-08
22050.056 2.625705847906845e-08
22100.056 4.035748738824095e-08
22150.056 4.3828581988171775e-08
22200.056 4.650517225850866e-08
22250.056 4.3924172547191065e-08
22300.056 3.571384145318792e-08
22350.056 3.702406517246618e-08
22400.056 2.7732769861877498e-08
22450.056 2.6833244099659472e-08
22500.056 2.679685056110275e-08
22550.056 2.2464954544134007e-08
22600.056 2.2562239948903877e-08
22650.056 2.4489536327128893e-08
22700.056 2.1661140532150464e-08
22750.056 2.2536225237297742e-08
22800.056 2.229358780794184e-08
22850.056 1.954061371331169e-08
22900.056 1.8799445024738045e-08
22950.056 1.7502018912035016e-08
23000.056 2.0928947403198765e-08
23050.056 2.611431801390442e-08
23100.056 4.191181569183255e-08
23150.056 3.777460111306767e-08
23200.056 1.2867994658012967e-08
23250.056 1.8481785034991193e-08
23300.056 1.5915141260367078e-08
23350.056 1.6743223382890432e-08
23400.056 1.6699437966499854e-08
23450.056 1.5899913387723226e-08
23500.056 1.7425529077677268e-08
23550.056 2.203276172299335e-08
23600.056 2.5779542383024126e-08
23650.056 3.1350767326307064e-08
23700.056 1.6878923700596012e-08
23750.056 1.6434947656828533e-08
23800.056 2.1314039255799606e-08
23850.056 2.1542185389711023e-08
23900.056 3.143881155724202e-08
23950.056 3.035627292097102e-08
24000.056 3.752515649991265e-08
24050.056 3.949358949657537e-08
24100.056 3.5695344873400964e-08
24150.056 4.196542815290708e-08
24200.056 3.94377067794351e-08
24250.056 3.822380624808227e-08
24300.056 4.424507956030796e-08
24350.056 3.720755553143918e-08
24400.056 5.077319666580187e-08
24450.056 4.326395305058697e-08
24500.056 4.395572492354907e-08
24550.056 4.9345444936573705e-08
24600.056 5.0287381182496906e-08
24650.056 6.093125083034581e-08
24700.056 4.104306603249582e-08
24750.056 4.2145149305070684e-08
24800.056 4.151728320832192e-08
24850.056 5.8973342850881056e-08
24900.056 3.0293216233900136e-08
24950.056 5.224600982123058e-08
25000.056 4.475601054931697e-08
25050.056 2.8727405754941374e-08
25100.056 4.1308314049858976e-08
25150.056 2.7957813152568945e-08
25200.056 3.457421874058269e-08
25250.056 2.1189742457229444e-08
25300.056 3.038230574730716e-08
25350.056 1.82492868430746e-08
25400.056 3.2674242669559894e-08
25450.056 1.781044488881768e-08
25500.056 1.8706101434670063e-08
25550.056 2.251137217772246e-08
25600.056 2.174701002542499e-08
25650.056 1.3093429570382029e-08
25700.056 2.449745054544119e-08
25750.056 1.0952676596765881e-08
25800.056 2.8091425495709723e-08
25850.056 1.2507165633465301e-08
25900.056 1.9254140782670355e-08
25950.056 9.685065340269784e-09
26000.056 2.8265654600659225e-08
26050.056 1.4828261201087246e-08
26100.056 2.8765105885216627e-08
26150.056 2.1138697211917116e-08
26200.056 2.2549335915161756e-08
26250.056 4.1190532123189366e-08
26300.056 2.4959306257454447e-08
26350.056 4.8518238200015595e-08
26400.056 4.68460098709268e-08
26450.056 4.406753297424438e-08
26500.056 5.2061959555870854e-08
26550.056 2.611753269614674e-08
26600.056 3.552768032927481e-08
26650.056 1.5765693523666984e-08
26700.056 1.4220453226844284e-08
26750.056 1.0269669443535405e-08
26800.056 1.671294785446835e-08
26850.056 9.958208943074594e-09
26900.056 2.2845504064447778e-08
26950.056 1.2087339680482073e-08
27000.056 2.9828279688096334e-08
27050.056 2.4816257583794375e-08
27100.056 1.6948148523418697e-08
27150.056 3.404653161251838e-08
27200.056 1.8038225364192723e-08
27250.056 2.4148180439988184e-08
27300.056 5.4929163081926314e-08
27350.056 3.8213482697474524e-08
27400.056 1.1189948543737128e-08
27450.056 4.543495462436519e-08
27500.056 4.716438215166967e-08
27550.056 1.96095346897914e-08
27600.056 3.56846063125969e-08
27650.056 1.7816859944468303e-08
27700.056 1.4513343344727255e-08
27750.056 3.849130698185222e-08
27800.056 1.8229598506537885e-08
27850.056 2.2013043444249137e-08
27900.056 2.411008874672587e-08
27950.056 4.178632493881369e-08
28000.056 3.21827591540001e-08
28050.056 1.2441608846898248e-08
28100.056 4.06429672987217e-08
28150.056 2.653626402836256e-08
28200.056 1.4695832018875243e-08
28250.056 4.2359189182303433e-08
28300.056 4.822310459247742e-08
28350.056 1.833636972191341e-08
28400.056 3.340273430510442e-08
28450.056 4.624138805842933e-08
28500.056 3.4269964237059604e-08
28550.056 1.44759144696103e-08
28600.056 4.957381066201983e-08
28650.056 4.015353184842121e-08
28700.056 3.762562106500392e-08
28750.056 5.429961006498688e-08
28800.056 4.3551964018039426e-08
