galfind/configs/Brown_Dwarf_templates/sonora_bobcat/m0.0/1000g/co0.5/sp_t850g1000nc_m+0.0_co0.5_resample.dat
# %ECSV 1.0
# ---
# datatype:
# - {name: wav, unit: Angstrom, datatype: float64}
# - {name: flux_nu, unit: erg / (cm2 Hz s), datatype: float64}
# meta: {C/O: '0.50', Kzz: '1.0000E+05', Teff: '850.', Y: '0.28', '[Fe/H]': '0.00', f_hole: '1.00', f_rain: '0.00', grav: '1000.'}
# schema: astropy-2.0
wav flux_nu
[from data line 498]
28900.056 1.4858206080535584e-08
28950.056 2.9252794161776055e-08
29000.056 2.480707678347961e-08
29050.056 2.9348780530228606e-08
29100.056 2.0254550068234857e-08
29150.056 3.678915990840708e-08
29200.056 2.6027358001344324e-08
29250.056 3.7450620867975433e-08
29300.056 2.011112220933459e-08
29350.056 5.979608847453686e-08
29400.056 2.8444274700106574e-08
29450.056 3.1321668402189826e-08
29500.056 3.96719162970008e-08
29550.056 3.134364619304502e-08
29600.056 3.7886776955616326e-08
29650.056 4.5413105588680905e-08
29700.056 3.0380565275757945e-08
29750.056 4.5466030875821474e-08
29800.056 4.5484093235024656e-08
29850.056 5.0754077818923954e-08
29900.056 4.885597336320454e-08
29950.056 4.496166651415609e-08
30000.056 9.381403801385146e-09
30050.056 1.6598033186648072e-08
30100.056 2.3160470284645152e-08
30150.056 4.5487203755697475e-08
30200.056 3.9599667235782454e-08
30250.056 6.928679097360428e-08
30300.056 6.317703213230123e-08
30350.056 4.8097711031021386e-08
30400.056 7.476225756901814e-08
30450.056 4.8467263385882874e-08
30500.056 4.768726907664639e-08
30550.056 4.741124234969709e-08
30600.056 7.54391303470079e-08
30650.056 5.176655636440051e-08
30700.056 4.7072561826248436e-08
30750.056 5.982055956234118e-08
30800.056 5.015105593461049e-08
30850.056 4.915391720082917e-08
30900.056 3.820779370697012e-08
30950.056 3.6036153352087084e-08
31000.056 3.89137308438063e-08
31050.056 4.17888302459975e-08
31100.056 2.8404733511959647e-08
31150.056 4.0971112060337326e-08
31200.056 5.09800196420092e-08
31250.056 3.429655209520821e-08
31300.056 3.1063099993174195e-08
31350.056 3.477141485918443e-08
31400.056 2.7686060716724333e-08
31450.056 3.20999967525916e-08
31500.056 2.0751744839967393e-08
31550.056 2.627023432837168e-08
31600.056 2.0450648905627582e-08
31650.056 1.878648016474764e-08
31700.056 2.011490596140095e-08
31750.056 1.4671827077940127e-08
31800.056 2.2724180024598495e-08
31850.056 1.2933382215269552e-08
31900.056 1.8334588334802117e-08
31950.056 1.1551008093444871e-08
32000.056 1.4990030520082644e-08
32050.056 1.59111519303838e-08
32100.056 1.4592672920487487e-08
32150.056 1.804495704707928e-08
32200.056 1.3348585233456332e-08
32250.056 2.165668372183726e-08
32300.056 1.1855902989657174e-08
32350.056 2.4000216479701482e-08
32400.056 1.2895708618466805e-08
32450.056 2.142069724483463e-08
32500.056 1.7690664983943265e-08
32550.056 2.0602793185587843e-08
32600.056 2.2364070291406608e-08
32650.056 2.8668564049261163e-08
32700.056 2.5833938591946217e-08
32750.056 3.464399929310517e-08
32800.056 3.473424464284553e-08
32850.056 4.112184926829964e-08
32900.056 4.308082233960977e-08
32950.056 4.2591549143429347e-08
33000.056 3.436850648160476e-08
33050.056 3.6693421376304057e-08
33100.056 1.771439369465432e-08
33150.056 1.4726609025381971e-09
33200.056 2.228825552475319e-09
33250.056 1.8442893134594239e-09
33300.056 3.178530900800953e-09
33350.056 6.542902745210361e-09
33400.056 1.0639959274197987e-08
33450.056 1.4383124459527287e-08
33500.056 2.5861712636808443e-08
33550.056 1.903444395804962e-08
33600.056 3.077834973057687e-08
33650.056 3.30075575103049e-08
33700.056 2.326280773593955e-08
33750.056 4.020057456520263e-08
33800.056 2.0656259398311704e-08
33850.056 3.1116798087336146e-08
33900.056 2.5907863519678528e-08
33950.056 2.6984323417975054e-08
34000.056 3.555966201380675e-08
34050.056 1.734676107388369e-08
34100.056 3.2729580164404934e-08
34150.056 2.1627972733028948e-08
34200.056 2.962916490850772e-08
34250.056 2.8272994044191505e-08
34300.056 2.1723164991402243e-08
34350.056 2.6934138111003237e-08
34400.056 1.893762043777281e-08
34450.056 3.179696309569216e-08
34500.056 2.703653957589977e-08
34550.056 1.7062390956280394e-08
34600.056 3.789671449699975e-08
34650.056 1.98109254731e-08
34700.056 3.134980422050006e-08
34750.056 2.9068134140090692e-08
34800.056 2.2474769538887695e-08
34850.056 3.7390615876001454e-08
34900.056 2.8339130301648157e-08
34950.056 3.4556284176993655e-08
35000.056 5.247319206095284e-08
35050.056 2.9382276677427202e-08
35100.056 4.7655451525600865e-08
35150.056 4.676803990574474e-08
35200.056 4.313655252607997e-08
35250.056 6.249447989382155e-08
35300.056 3.718927620850526e-08
35350.056 4.659260094977183e-08
35400.056 5.201932387549544e-08
35450.056 3.439007369662666e-08
35500.056 7.07161442899926e-08
35550.056 5.6996544443200366e-08
35600.056 5.789943840622055e-08
35650.056 6.71242513771822e-08
35700.056 5.3677552875293555e-08
35750.056 7.573513898839749e-08
35800.056 8.63323844856029e-08
35850.056 5.443453745330048e-08
35900.056 8.0448251490011e-08
35950.056 8.013109113399097e-08
36000.056 7.827690333301021e-08
36050.056 7.981676879998829e-08
36100.056 7.178053705936662e-08
36150.056 9.066410988099168e-08
36200.056 1.0206658687098434e-07
36250.056 8.406481895688516e-08
36300.056 1.1394630109261074e-07
36350.056 1.0464090383120346e-07
36400.056 1.1172495537838894e-07
36450.056 1.1451203673909597e-07
36500.056 1.1914118560355645e-07
36550.056 1.404673850250335e-07
36600.056 1.5676201635998825e-07
36650.056 1.3290389062032371e-07
36700.056 1.4269676114826637e-07
36750.056 1.649516626300181e-07
36800.056 1.6686256000999702e-07
36850.056 1.4858340733217974e-07
36900.056 1.633884324921944e-07
36950.056 1.8220652613597636e-07
37000.056 1.6744570645599073e-07
37050.056 1.8310476289801232e-07
37100.056 1.713831980709972e-07
37150.056 1.752513606440176e-07
37200.056 2.091015942799893e-07
37250.056 1.756346522209649e-07
37300.056 1.6090975250505925e-07
37350.056 1.962063473940152e-07
37400.056 2.410096243899947e-07
37450.056 1.8117204849320126e-07
37500.056 1.8959092903959082e-07
37550.056 2.459171567000699e-07
37600.056 2.7311686722002154e-07
37650.056 1.8383443409002776e-07
37700.056 2.5137590558202274e-07
37750.056 2.0354270971502227e-07
37800.056 2.297573061960514e-07
37850.056 1.7672600041500357e-07
37900.056 2.0050537142603113e-07
37950.056 2.3236062000098557e-07
38000.056 2.4810306885698237e-07
38050.056 2.5123209316003753e-07
38100.056 2.756394285120185e-07
38150.056 2.8974212103999914e-07
38200.056 2.834332292900115e-07
38250.056 2.67113912881028e-07
38300.056 3.342315943699503e-07
38350.056 3.3985219967003525e-07
38400.056 2.5616053252694466e-07
38450.056 2.524330550119381e-07
38500.056 2.1740456218003797e-07
38550.056 2.9696602176004384e-07
38600.056 2.846343249299624e-07
38650.056 2.994983300599779e-07
38700.056 3.250820835800082e-07
38750.056 3.0738442550001017e-07
38800.056 2.9647594567996785e-07
38850.056 3.1346971087001324e-07
38900.056 3.478565209439654e-07
38950.056 3.1055849127999804e-07
39000.056 3.269853970589732e-07
39050.056 3.3401640365003966e-07
39100.056 3.2512492714200165e-07
39150.056 3.6995140259999225e-07
39200.056 3.302224734699832e-07
39250.056 3.772798590699992e-07
39300.056 3.481863597999727e-07
39350.056 4.00657596440015e-07
39400.056 3.535025934250525e-07
39450.056 3.851188327649919e-07
39500.056 3.901046435299999e-07
39550.056 3.4901450483408494e-07
39600.056 3.9691398608997245e-07
39650.056 4.355335162799844e-07
39700.056 4.078186077000288e-07
39750.056 3.424835804050603e-07
39800.056 3.6353888746500264e-07
39850.056 4.5118852307000515e-07
39900.056 4.555204224600118e-07
39950.056 4.098692975799724e-07
40000.056 4.4800107273000456e-07
40050.056 4.3547731729e-07
40100.056 3.6559370741581703e-07
40150.056 4.4734357197001675e-07
40200.056 4.571146932499501e-07
40250.056 4.4622063282990864e-07
40300.056 4.497063980100392e-07
40350.056 4.177109237499645e-07
40400.056 4.6841445217802637e-07
40450.056 4.039917284799793e-07
40500.056 4.4737976016000225e-07
40550.056 5.041637457499546e-07
40600.056 4.469327615500226e-07
40650.056 4.4213770864492814e-07
40700.056 5.487982054699876e-07
40750.056 4.4192252958991466e-07
40800.056 3.911873814198936e-07
40850.056 5.085982228100527e-07
40900.056 5.117613323499827e-07
40950.056 4.618207122920052e-07
41000.056 4.512069813799784e-07
41050.056 5.098370910799462e-07
41100.056 4.771264982599637e-07
41150.056 3.921271891379755e-07
41200.056 5.027688025300079e-07
41250.056 4.66664005027989e-07
41300.056 4.138349525599703e-07
41350.056 5.210766816400058e-07
41400.056 4.616954416800456e-07
41450.056 5.103193664899953e-07
41500.056 4.358642604639543e-07
41550.056 3.9958980830005627e-07
41600.056 4.3503486951403897e-07
41650.056 4.757668526700372e-07
41700.056 4.309999498799505e-07
41750.056 4.3529595550996426e-07
41800.056 4.991205813400289e-07
41850.056 3.449629471219956e-07
41900.056 4.3197795073393733e-07
41950.056 4.798204829600246e-07
42000.056 4.347630877499274e-07
42050.056 3.6084564838200487e-07
42100.056 4.981365077199769e-07
42150.056 3.5402820795701595e-07
42200.056 3.523472261279896e-07
42250.056 4.22435609580004e-07
42300.056 3.85359652079991e-07
42350.056 4.3108613140005046e-07
42400.056 4.3762843688002787e-07
42450.056 3.462926472160475e-07
42500.056 3.602458370500011e-07
42550.056 3.358164908299991e-07
42600.056 4.07640729970061e-07
42650.056 4.959009435299277e-07
42700.056 3.9636917883993527e-07
42750.056 3.3051063345004447e-07
42800.056 3.9289571127802097e-07
42850.056 4.40501831549917e-07
42900.056 4.6274999910604713e-07
42950.056 3.58038233839933e-07
43000.056 4.181343426960104e-07
43050.056 2.713012692400897e-07
43100.056 3.872815118799811e-07
43150.056 3.33929484536022e-07
43200.056 3.7119198080001093e-07
43250.056 5.028411450000309e-07
43300.056 4.826495234500222e-07
43350.056 2.81551698117932e-07
43400.056 3.874871518600115e-07
43450.056 3.1590935865306455e-07
43500.056 3.498628142100136e-07
43550.056 3.5796877470700397e-07
43600.056 4.3232629663003694e-07
43650.056 2.872323274800063e-07
43700.056 4.760735703700428e-07
43750.056 4.191165715000231e-07
43800.056 3.8961109246995336e-07
43850.056 3.558028773830655e-07
43900.056 3.7352740387697195e-07
43950.056 2.764124837759553e-07
44000.056 2.3967792133701023e-07
44050.056 4.1777427460001867e-07
44100.056 5.170978209500161e-07
44150.056 5.295541570899738e-07
44200.056 4.5011412428000885e-07
44250.056 3.027966465159992e-07
44300.056 2.5321614403304e-07
44350.056 3.046733641000502e-07
44400.056 2.838966322449853e-07
44450.056 3.9589326582000954e-07
44500.056 3.639458972280676e-07
44550.056 4.7172348254997386e-07
44600.056 4.331073932600183e-07
44650.056 4.0413515252700585e-07
44700.056 3.0424449322797333e-07
44750.056 3.7214687711306546e-07
44800.056 3.3831974651603413e-07
44850.056 4.575089617300374e-07
44900.056 3.328613050980116e-07
44950.056 3.684655946880232e-07
45000.056 4.0229820463001145e-07
45050.056 3.9062284914997396e-07
45100.056 3.9022861064401695e-07
45150.056 3.90627183206975e-07
45200.056 3.033764995750224e-07
45250.056 3.4468150337693653e-07
45300.056 3.118631739360356e-07
45350.056 2.9624733437399997e-07
45400.056 4.572869088500448e-07
45450.056 4.3147698787001483e-07
45500.056 4.436327506120236e-07
45550.056 4.949874232299274e-07
45600.056 4.831287094900328e-07
45650.056 4.076898810649762e-07
45700.056 3.155486638269996e-07
45750.056 2.96626181673008e-07
45800.056 4.991988672400177e-07
45850.056 4.752347846999887e-07
45900.056 5.053745421200104e-07
45950.056 3.95473016609993e-07
46000.056 4.755476209800494e-07
46050.056 3.88503761242001e-07
46100.056 5.131931112299704e-07
46150.056 3.6182774118799406e-07
46200.056 3.4194136186999725e-07
46250.056 2.0505580739287492e-07
46300.056 3.824132775019974e-07
46350.056 3.8824110869002754e-07
46400.056 3.7238006460001836e-07
46450.056 3.303490604780043e-07
46500.056 3.598068553570722e-07
46550.056 2.621077924850127e-07
46600.056 3.3722211012996045e-07
46650.056 4.7450133766202475e-07
46700.056 3.4113255049994015e-07
46750.056 2.3353842081702521e-07
46800.056 1.8532742455200942e-07
46850.056 4.576505199400551e-07
46900.056 4.4235786687997897e-07
46950.056 4.20239466119967e-07
47000.056 3.995574752160484e-07
47050.056 3.4214709877189936e-07
47100.056 2.5059449151601904e-07
47150.056 3.390988934320476e-07
47200.056 4.0167589172998756e-07
47250.056 2.722625565589732e-07
47300.056 2.0039550402691862e-07
47350.056 4.4612027398999306e-07
47400.056 3.9792262050997157e-07
47450.056 3.6921003581204723e-07
47500.056 4.322487417399724e-07
47550.056 3.843240328800126e-07
47600.056 4.016277067499708e-07
47650.056 3.7647461402195953e-07
47700.056 3.308515144990814e-07
47750.056 2.5951772248000444e-07
47800.056 2.4933291860401974e-07
47850.056 1.7546942093501292e-07
47900.056 2.2545127754697933e-07
47950.056 3.6705555512000776e-07
48000.056 4.536796836300238e-07
48050.056 4.0548786206197463e-07
48100.056 2.206394410480082e-07
48150.056 3.147848180100084e-07
48200.056 2.693657830529962e-07
48250.056 3.0587382205000276e-07
48300.056 4.4753658207998144e-07
48350.056 2.81782991470996e-07
48400.056 1.450422995657742e-07
48450.056 2.548585781850483e-07
48500.056 3.278658984899468e-07
48550.056 3.2401523326201983e-07
48600.056 3.3452140513001005e-07
48650.056 4.086107280299897e-07
48700.056 3.1351061059001557e-07
48750.056 1.97702550426071e-07
48800.056 3.781663781570186e-07
48850.056 2.498811306339577e-07
48900.056 3.669581504859807e-07
48950.056 2.429368249500074e-07
49000.056 1.541516264759981e-07
49050.056 3.296820042729662e-07
49100.056 3.613999062110479e-07
49150.056 2.7667564834579967e-07
49200.056 3.7984720524004684e-07
49250.056 3.599231065800319e-07
49300.056 3.151373447619881e-07
49350.056 1.8542402092103557e-07
49400.056 2.6551994487095e-07
49450.056 2.6331054528856603e-07
49500.056 2.1997897442198345e-07
49550.056 1.0999025232600297e-07
49600.056 1.9111010253442953e-07
49650.056 2.4608838593298145e-07
49700.056 2.533813525439389e-07
49750.056 3.212954874489723e-07
49800.056 2.4387110305339775e-07
49850.056 3.5480224481203896e-07
49900.056 3.0104399057999027e-07
49950.056 2.66288955210992e-07
50000.056 2.5458792060798567e-07
50050.056 3.122895119849861e-07
50100.056 2.5234745697298917e-07
50150.056 1.659018339419858e-07
50200.056 7.76733241786171e-08
50250.056 2.1684154961999133e-07
50300.056 1.6893181794701475e-07
50350.056 2.910222386940311e-07
50400.056 2.7675978201298983e-07
50450.056 2.0499215401499957e-07
50500.056 3.022498377800262e-07
50550.056 2.9391114405001283e-07
50600.056 2.102039409479545e-07
50650.056 3.0799286462205047e-07
50700.056 3.252171939199674e-07
50750.056 2.364841481600213e-07
50800.056 1.3727847064397877e-07
50850.056 1.2149015476803292e-07
50900.056 3.020534861399933e-07
50950.056 2.559582398600084e-07
51000.056 2.466787687780175e-07
51050.056 2.663055597439814e-07
51100.056 1.3203902651698203e-07
51150.056 1.7655033227021282e-07
51200.056 3.474031935799768e-07
51250.056 2.3165272830197821e-07
51300.056 1.7034878881604344e-07
51350.056 2.1161295112396916e-07
51400.056 1.202609939400069e-07
51450.056 9.957969035747831e-08
51500.056 9.835084904202783e-08
51550.056 2.1621248130001658e-07
51600.056 1.5933076642501568e-07
51650.056 1.7687250318197806e-07
51700.056 2.082915537498748e-07
51750.056 1.5376623786551742e-07
51800.056 2.373465196299516e-07
51850.056 2.015524896739928e-07
51900.056 2.853350969480142e-07
51950.056 2.0787035218198379e-07
52000.056 6.847220280498558e-08
52050.056 1.4302035596601343e-07
52100.056 1.1157113956399584e-07
52150.056 8.996745330860923e-08
52200.056 1.2390028046110046e-07
52250.056 1.608441424900205e-07
52300.056 2.484152467399958e-07
52350.056 1.4229476277159958e-07
52400.056 1.1717959757700964e-07
52450.056 2.1609146378001852e-07
52500.056 2.19967976801951e-07
52550.056 1.981824294299815e-07
52600.056 1.66772113899007e-07
52650.056 1.897983596820231e-07
52700.056 1.4262844098199982e-07
52750.056 9.595238756339381e-08
52800.056 1.227481686940147e-07
52850.056 1.3861779326096243e-07
52900.056 1.1604834829121259e-07
52950.056 1.352958564840063e-07
53000.056 1.89184736648002e-07
53050.056 1.0321593479897991e-07
53100.056 1.8704718719298178e-07
53150.056 2.240126213800224e-07
53200.056 9.823491823179033e-08
53250.056 1.9086071976101592e-07
53300.056 2.1698143632209206e-07
53350.056 1.9121333108999618e-07
53400.056 1.7194475709999464e-07
53450.056 9.38037941424845e-08
53500.056 4.871371721738452e-08
