galfind/configs/Brown_Dwarf_templates/sonora_bobcat/m0.0/1000g/co0.5/sp_t475g1000nc_m+0.0_co0.5_resample.dat
# %ECSV 1.0
# ---
# datatype:
# - {name: wav, unit: Angstrom, datatype: float64}
# - {name: flux_nu, unit: erg / (cm2 Hz s), datatype: float64}
# meta: {C/O: '0.50', Kzz: '1.0000E+05', Teff: '475.', Y: '0.28', '[Fe/H]': '0.00', f_hole: '1.00', f_rain: '0.00', grav: '1000.'}
# schema: astropy-2.0
wav flux_nu
[from data line 499]
28950.056 2.992146326396681e-10
29000.056 2.230357564887381e-10
29050.056 3.609199652943707e-10
29100.056 1.5853992197930433e-10
29150.056 2.9049798686458644e-10
29200.056 5.016000801912446e-10
29250.056 5.358153636185156e-10
29300.056 3.151120033092514e-10
29350.056 8.997381401658837e-10
29400.056 3.2521475783841107e-10
29450.056 2.1797797551430312e-10
29500.056 8.556909171726643e-10
29550.056 3.0375621943222923e-10
29600.056 4.0998586557434617e-10
29650.056 1.2989840858264009e-09
29700.056 2.5477651918395487e-10
29750.056 8.319569280355916e-10
29800.056 5.927347239695307e-10
29850.056 1.1824247068644042e-09
29900.056 5.71587841915052e-10
29950.056 5.878226836538266e-10
30000.056 1.3065429113456789e-11
30050.056 8.101086508119001e-11
30100.056 3.033222867703496e-10
30150.056 1.0642635557579386e-09
30200.056 7.297237101060261e-10
30250.056 1.4224152221273995e-09
30300.056 1.614285570569414e-09
30350.056 4.205673618839044e-10
30400.056 1.855832020138408e-09
30450.056 1.2259370042381983e-09
30500.056 8.465960180872153e-10
30550.056 6.449690500355375e-10
30600.056 4.5708900293030714e-09
30650.056 1.8478889939247563e-09
30700.056 1.1635770155814408e-09
30750.056 2.207926673634496e-09
30800.056 1.9640920801076213e-09
30850.056 2.2896491738289377e-09
30900.056 1.256491475163457e-09
30950.056 9.908607617471547e-10
31000.056 1.3191881412488587e-09
31050.056 1.0860461822994131e-09
31100.056 5.773956680436963e-10
31150.056 1.1807413648872156e-09
31200.056 3.3066253039598153e-09
31250.056 1.4824644979203249e-09
31300.056 1.0183668139996852e-09
31350.056 2.379220472092863e-09
31400.056 1.6372636902222933e-09
31450.056 1.7636676254261225e-09
31500.056 6.18034264378884e-10
31550.056 1.322162686334152e-09
31600.056 9.280385745168154e-10
31650.056 7.518973182597811e-10
31700.056 7.062076632802314e-10
31750.056 3.948783159108851e-10
31800.056 8.730628457001129e-10
31850.056 1.9398398146561589e-10
31900.056 4.4376716372041833e-10
31950.056 2.4219275541902606e-10
32000.056 1.9422481003286327e-10
32050.056 2.557800923474985e-10
32100.056 2.0445813923046395e-10
32150.056 2.476332461334902e-10
32200.056 1.3677446995562255e-10
32250.056 3.040157009444495e-10
32300.056 1.0533189120638843e-10
32350.056 3.880175180447494e-10
32400.056 7.361422302794978e-11
32450.056 2.841677287897389e-10
32500.056 9.47541949431524e-11
32550.056 3.1311744696800696e-10
32600.056 1.1816565817883408e-10
32650.056 5.022943085244075e-10
32700.056 1.621546038289468e-10
32750.056 1.0520483887823514e-09
32800.056 7.251355674357274e-10
32850.056 1.876368201840374e-09
32900.056 1.6915593082471256e-09
32950.056 1.5818046016909032e-09
33000.056 5.231402926039172e-10
33050.056 7.899992851824676e-10
33100.056 1.6963958000434542e-10
33150.056 1.4880737225668804e-13
33200.056 4.866117280169291e-12
33250.056 9.331374103187815e-12
33300.056 7.539042763854932e-11
33350.056 2.439850371668203e-10
33400.056 6.808059918870148e-10
33450.056 4.186875212020797e-10
33500.056 1.5758949451904058e-09
33550.056 3.749369066142445e-10
33600.056 8.227920507413833e-10
33650.056 8.947104403428987e-10
33700.056 2.863301418180379e-10
33750.056 1.1951337196178711e-09
33800.056 1.2256026939657847e-10
33850.056 5.651698901507946e-10
33900.056 5.918858344705341e-10
33950.056 4.857579800865199e-10
34000.056 1.0532322017929321e-09
34050.056 1.7071825165312662e-10
34100.056 8.748891631817006e-10
34150.056 3.1801200232471515e-10
34200.056 9.423953842824895e-10
34250.056 6.463260425519028e-10
34300.056 5.443647946222303e-10
34350.056 1.3958927881705687e-09
34400.056 3.732638588805278e-10
34450.056 1.4319060447066997e-09
34500.056 7.712899118044648e-10
34550.056 5.537092049380936e-10
34600.056 2.5276244546500564e-09
34650.056 3.511101769898114e-10
34700.056 1.8672178835881124e-09
34750.056 1.0515528167153656e-09
34800.056 7.461048691001405e-10
34850.056 2.888643458368115e-09
34900.056 6.244578064354659e-10
34950.056 2.632873087343746e-09
35000.056 3.89425027418418e-09
35050.056 1.791680611595041e-09
35100.056 5.027777443838161e-09
35150.056 4.0186505640265345e-09
35200.056 3.2795556925610238e-09
35250.056 6.11772024141012e-09
35300.056 1.6988389403221434e-09
35350.056 3.042912131571752e-09
35400.056 2.4330364650280885e-09
35450.056 1.826231810390427e-09
35500.056 6.5354227379174566e-09
35550.056 3.638331816511858e-09
35600.056 5.03919911838244e-09
35650.056 5.5259598242942555e-09
35700.056 4.9327192246261306e-09
35750.056 8.957701537843782e-09
35800.056 5.833859692380622e-09
35850.056 3.116048695487999e-09
35900.056 5.117591725372431e-09
35950.056 6.91929991682919e-09
36000.056 7.146140895441311e-09
36050.056 5.673731156635178e-09
36100.056 4.8645643463831786e-09
36150.056 1.0848721110069462e-08
36200.056 1.1792197231858622e-08
36250.056 7.326745825849187e-09
36300.056 1.5711348128902922e-08
36350.056 1.1204167214601195e-08
36400.056 1.5187179561906735e-08
36450.056 1.1560087005903337e-08
36500.056 1.3444095310722787e-08
36550.056 2.115664671920112e-08
36600.056 2.4361636149995976e-08
36650.056 1.4754883662679544e-08
36700.056 1.5876580792850393e-08
36750.056 2.320808647800361e-08
36800.056 2.5379601677897807e-08
36850.056 1.5697858413698955e-08
36900.056 1.997440192819271e-08
36950.056 2.6149194108094616e-08
37000.056 1.9894953955098554e-08
37050.056 2.663111892538835e-08
37100.056 1.5342735701599692e-08
37150.056 2.112652758368096e-08
37200.056 3.3811254336997e-08
37250.056 1.8212288455615727e-08
37300.056 1.4496810594793998e-08
37350.056 2.5459978390605403e-08
37400.056 3.4147988508998276e-08
37450.056 1.731729488969463e-08
37500.056 2.0565382726768683e-08
37550.056 3.876916633320821e-08
37600.056 5.108870238900303e-08
37650.056 1.8425846402902107e-08
37700.056 3.258142315950313e-08
37750.056 2.465104403822241e-08
37800.056 2.778294800530428e-08
37850.056 1.6922977789299898e-08
37900.056 2.0204634870199914e-08
37950.056 2.9419279411400405e-08
38000.056 2.5972649838099077e-08
38050.056 3.319080413030489e-08
38100.056 4.502696988190057e-08
38150.056 4.825041467019712e-08
38200.056 3.5039836760999714e-08
38250.056 4.018587246630512e-08
38300.056 6.007359736298991e-08
38350.056 5.61366721480104e-08
38400.056 3.099825976428731e-08
38450.056 1.686049739709497e-08
38500.056 1.618053936390342e-08
38550.056 3.783546521800474e-08
38600.056 3.747339249199465e-08
38650.056 3.778668487639595e-08
38700.056 4.085733420099701e-08
38750.056 3.260589532129976e-08
38800.056 3.728052007099977e-08
38850.056 3.94581634880005e-08
38900.056 4.577855364599514e-08
38950.056 3.565965333090285e-08
39000.056 4.052372368449103e-08
39050.056 3.636718749001491e-08
39100.056 3.9812909181457295e-08
39150.056 5.8725120708996776e-08
39200.056 4.262931492499837e-08
39250.056 5.334555686670241e-08
39300.056 4.4671589329699425e-08
39350.056 6.192040325400003e-08
39400.056 4.315072234099742e-08
39450.056 6.08314476896024e-08
39500.056 6.353515322499786e-08
39550.056 3.410398222589162e-08
39600.056 5.25747643270054e-08
39650.056 7.21282641239982e-08
39700.056 6.530359261900592e-08
39750.056 3.657694482750623e-08
39800.056 4.027468059055233e-08
39850.056 7.38007678560025e-08
39900.056 7.97802526560045e-08
39950.056 4.478525573099816e-08
40000.056 6.158974356199673e-08
40050.056 7.0522855240998e-08
40100.056 3.157398037982691e-08
40150.056 6.237426054200234e-08
40200.056 6.548390169299429e-08
40250.056 7.171200403799115e-08
40300.056 7.508602431600712e-08
40350.056 4.806331168599077e-08
40400.056 6.28957657617162e-08
40450.056 3.610936306999433e-08
40500.056 6.396034946699807e-08
40550.056 8.122370118998998e-08
40600.056 7.230747671399964e-08
40650.056 5.926857242499433e-08
40700.056 9.124894971599654e-08
40750.056 6.829740669899248e-08
40800.056 5.101662916799197e-08
40850.056 9.32814472700094e-08
40900.056 8.922483021199173e-08
40950.056 7.598924552500592e-08
41000.056 5.986197670759619e-08
41050.056 9.786252055799663e-08
41100.056 9.497855408199379e-08
41150.056 4.9733695370398765e-08
41200.056 9.416837126800744e-08
41250.056 9.105242710259005e-08
41300.056 8.986517040300548e-08
41350.056 1.1014364794899863e-07
41400.056 8.724027985100172e-08
41450.056 1.1607695392299897e-07
41500.056 8.302616916418578e-08
41550.056 7.439661627601316e-08
41600.056 7.168856879000178e-08
41650.056 9.817124301800938e-08
41700.056 1.1528388023699049e-07
41750.056 9.557293875199521e-08
41800.056 9.406902389500501e-08
41850.056 8.357279820799472e-08
41900.056 8.407571489898267e-08
41950.056 8.589884436499732e-08
42000.056 5.1168242106873545e-08
42050.056 5.601271066340873e-08
42100.056 6.9663463927993e-08
42150.056 6.62759206770975e-08
42200.056 7.178371134699476e-08
42250.056 7.380446610000874e-08
42300.056 7.097976134399704e-08
42350.056 8.811855106900197e-08
42400.056 9.781280535100393e-08
42450.056 8.570946134500779e-08
42500.056 9.04546662359975e-08
42550.056 8.047131064499664e-08
42600.056 9.442759445601796e-08
42650.056 1.204621889519893e-07
42700.056 7.755460644798504e-08
42750.056 7.363209456101133e-08
42800.056 1.0240571177400154e-07
42850.056 1.1230066678998598e-07
42900.056 1.1339374191200744e-07
42950.056 9.376774129999776e-08
43000.056 1.0698656372599811e-07
43050.056 5.8252193603007496e-08
43100.056 1.0130682869399845e-07
43150.056 8.22995418420015e-08
43200.056 9.595959745500504e-08
43250.056 1.4042516372000423e-07
43300.056 1.2746087411899892e-07
43350.056 6.51559804149943e-08
43400.056 1.0324815183900577e-07
43450.056 7.441804214000706e-08
43500.056 7.676333317800362e-08
43550.056 8.160806475900409e-08
43600.056 1.1615035211400297e-07
43650.056 6.473468278099614e-08
43700.056 1.2280263436801659e-07
43750.056 1.2173320691099542e-07
43800.056 1.0541256325799427e-07
43850.056 9.735304025001286e-08
43900.056 8.099766048599453e-08
43950.056 6.009466538499434e-08
44000.056 5.324592639799926e-08
44050.056 1.1516580924900858e-07
44100.056 1.5365285550400372e-07
44150.056 1.4398841048999457e-07
44200.056 1.351986769610027e-07
44250.056 7.44007279299955e-08
44300.056 5.285476066700386e-08
44350.056 6.201780511250582e-08
44400.056 6.296930022999802e-08
44450.056 1.0298248201900861e-07
44500.056 8.663075485900857e-08
44550.056 1.269595958799997e-07
44600.056 1.0208277118080244e-07
44650.056 1.0305713631899402e-07
44700.056 6.993305971899121e-08
44750.056 9.323791512301224e-08
44800.056 6.876505085960407e-08
44850.056 1.047178814010044e-07
44900.056 8.548855630899687e-08
44950.056 9.716749970700785e-08
45000.056 1.1416922255700011e-07
45050.056 1.0517098290699208e-07
45100.056 9.634928235500673e-08
45150.056 8.883374662699559e-08
45200.056 6.09231632085037e-08
45250.056 7.290537539199081e-08
45300.056 7.194000320800741e-08
45350.056 5.347823049140617e-08
45400.056 1.3376866049000848e-07
45450.056 1.1665861914501083e-07
45500.056 1.3290675044200697e-07
45550.056 1.4678783940798216e-07
45600.056 1.3079684714000582e-07
45650.056 1.1092891557299282e-07
45700.056 6.485133017059599e-08
45750.056 5.632167409490421e-08
45800.056 1.3800461197400548e-07
45850.056 1.1635363182700353e-07
45900.056 1.4110297178099592e-07
45950.056 1.2157560885799346e-07
46000.056 1.34856040949011e-07
46050.056 1.0806834496700613e-07
46100.056 1.5299458122999225e-07
46150.056 9.050379457400032e-08
46200.056 7.437096987769127e-08
46250.056 2.95445660163281e-08
46300.056 9.087553854700505e-08
46350.056 1.0076121934700948e-07
46400.056 9.85300718490028e-08
46450.056 8.320068303499324e-08
46500.056 9.348521285301174e-08
46550.056 5.482195783249857e-08
46600.056 6.638112435459146e-08
46650.056 1.0388289947200507e-07
46700.056 7.421097379598951e-08
46750.056 3.3758326347505366e-08
46800.056 2.287491011917772e-08
46850.056 9.532979298901267e-08
46900.056 1.1479457441199542e-07
46950.056 1.1052479631099435e-07
47000.056 1.094949767990077e-07
47050.056 7.53295202208791e-08
47100.056 5.644506167700158e-08
47150.056 8.910527049201084e-08
47200.056 1.0037621941299577e-07
47250.056 4.660818347029188e-08
47300.056 3.216123789283796e-08
47350.056 1.046158240240063e-07
47400.056 1.0701172606699588e-07
47450.056 7.263748981220818e-08
47500.056 1.2258644679199872e-07
47550.056 1.0133730011000335e-07
47600.056 9.058491982849051e-08
47650.056 1.0054871844459571e-07
47700.056 7.772741569321199e-08
47750.056 5.680537324300016e-08
47800.056 4.4714732366004135e-08
47850.056 1.929566050218301e-08
47900.056 3.230271548469951e-08
47950.056 8.649160498000572e-08
48000.056 1.1156735918699466e-07
48050.056 8.760809616219678e-08
48100.056 3.928800657240135e-08
48150.056 7.076283277500351e-08
48200.056 5.046112176879589e-08
48250.056 7.216433009600073e-08
48300.056 1.0674456427900086e-07
48350.056 6.571654184699235e-08
48400.056 1.42535785318663e-08
48450.056 3.023227291550709e-08
48500.056 5.61938822209886e-08
48550.056 6.541902940079007e-08
48600.056 9.304971573100189e-08
48650.056 1.1591644751699745e-07
48700.056 7.942174411800763e-08
48750.056 5.346684763900518e-08
48800.056 9.136115032400487e-08
48850.056 4.770137264279291e-08
48900.056 5.746824143079442e-08
48950.056 3.275382478439828e-08
49000.056 1.8443766673832237e-08
49050.056 5.81496317692937e-08
49100.056 7.597117075891139e-08
49150.056 5.847411597849889e-08
49200.056 9.303694052900807e-08
49250.056 9.747573993000132e-08
49300.056 7.948889984799568e-08
49350.056 3.30715950620759e-08
49400.056 4.761290139179059e-08
49450.056 4.0494856671108797e-08
49500.056 3.3769373941494365e-08
49550.056 6.347722423029957e-09
49600.056 1.8863146831865345e-08
49650.056 5.063267723900265e-08
49700.056 6.144643510099221e-08
49750.056 5.692259295409636e-08
49800.056 3.2961932539439284e-08
49850.056 7.419411580400713e-08
49900.056 7.296170208699855e-08
49950.056 6.528240337099792e-08
50000.056 4.6736400396424235e-08
50050.056 5.671375670980437e-08
50100.056 4.751523416499753e-08
50150.056 2.015230188701646e-08
50200.056 3.1691133903194936e-09
50250.056 2.0963423884999763e-08
50300.056 1.4224512744162741e-08
50350.056 5.324123809400615e-08
50400.056 6.212174007499719e-08
50450.056 4.338762300300065e-08
50500.056 7.208268267000388e-08
50550.056 7.595251444200163e-08
50600.056 4.669334995148657e-08
50650.056 7.266395891600983e-08
50700.056 7.403000404099848e-08
50750.056 4.3400390750999664e-08
50800.056 1.376171496331736e-08
50850.056 6.693491671713273e-09
50900.056 4.692120956800375e-08
50950.056 5.133742503199696e-08
51000.056 3.5294425115690524e-08
51050.056 5.431240691639273e-08
51100.056 2.0074176938830035e-08
51150.056 1.974006722495055e-08
51200.056 6.60992959479997e-08
51250.056 5.075499373799172e-08
51300.056 3.13020992673043e-08
51350.056 3.116172378717069e-08
51400.056 9.209022100420924e-09
51450.056 7.318831554272715e-09
51500.056 6.4049934994305016e-09
51550.056 2.7394240761804612e-08
51600.056 2.7095596317503617e-08
51650.056 3.7158332979998466e-08
51700.056 3.582291410172807e-08
51750.056 2.6760942807755833e-08
51800.056 5.1499947552995754e-08
51850.056 3.859586049229856e-08
51900.056 4.28663505960019e-08
51950.056 2.2965989257796395e-08
52000.056 1.989404634896197e-09
52050.056 1.1556319013401337e-08
52100.056 6.244817578378739e-09
52150.056 3.5121260273250454e-09
52200.056 1.3423606478499485e-08
52250.056 2.3793809474604233e-08
52300.056 3.020904242799815e-08
52350.056 7.417321237255343e-09
52400.056 8.322051622789898e-09
52450.056 3.5080560153004214e-08
52500.056 2.7111655434935124e-08
52550.056 3.2321763290997544e-08
52600.056 2.5720030061702632e-08
52650.056 3.4087170508300283e-08
52700.056 1.8592126641999678e-08
52750.056 6.947057989317654e-09
52800.056 1.2977106375202424e-08
52850.056 1.637885007389615e-08
52900.056 5.897045003627616e-09
52950.056 1.0693849448221714e-08
53000.056 2.3246238677000905e-08
53050.056 8.106622220731194e-09
53100.056 3.360311782200164e-08
53150.056 3.314119530799978e-08
53200.056 1.241868590205912e-08
53250.056 2.762065426800062e-08
53300.056 3.1743397644956865e-08
53350.056 2.6214831135999765e-08
53400.056 1.6677554778998046e-08
53450.056 4.571780053148505e-09
53500.056 8.456215983847087e-10
53550.056 2.1481564878279966e-09
53600.056 1.0834218381785177e-08
