galfind/configs/Brown_Dwarf_templates/sonora_bobcat/m0.0/1000g/co0.5/sp_t375g1000nc_m+0.0_co0.5_resample.dat
# %ECSV 1.0
# ---
# datatype:
# - {name: wav, unit: Angstrom, datatype: float64}
# - {name: flux_nu, unit: erg / (cm2 Hz s), datatype: float64}
# meta: {C/O: '0.50', Kzz: '1.0000E+05', Teff: '375.', Y: '0.28', '[Fe/H]': '0.00', f_hole: '1.00', f_rain: '0.00', grav: '1000.'}
# schema: astropy-2.0
wav flux_nu
[from data line 499]
28950.056 2.5522267413936714e-11
29000.056 1.5762076952734437e-11
29050.056 3.176307973582512e-11
29100.056 1.0515650157283575e-11
29150.056 1.6306918260078077e-11
29200.056 6.489968396218247e-11
29250.056 4.4147584819730157e-11
29300.056 2.909653235214603e-11
29350.056 8.185373147153858e-11
29400.056 3.543736802261431e-11
29450.056 1.1957141188044002e-11
29500.056 9.848882655792493e-11
29550.056 2.4749157676028797e-11
29600.056 2.9588152510855306e-11
29650.056 1.5406902087566906e-10
29700.056 1.713391224812083e-11
29750.056 8.595844509964315e-11
29800.056 4.409358908200584e-11
29850.056 1.4079007895063573e-10
29900.056 4.864863516808121e-11
29950.056 5.0567487534544045e-11
30000.056 5.656409537372608e-13
30050.056 7.924464872688778e-12
30100.056 3.622761436675719e-11
30150.056 1.3115087441398211e-10
30200.056 8.009174402462336e-11
30250.056 1.4160657296009665e-10
30300.056 1.8338816933213067e-10
30350.056 2.844483785538389e-11
30400.056 2.1596081788980676e-10
30450.056 1.712363661442295e-10
30500.056 6.495564451265339e-11
30550.056 5.3593109610191535e-11
30600.056 9.20256361672142e-10
30650.056 3.1981756635428067e-10
30700.056 1.2541369236093123e-10
30750.056 3.0410599452011504e-10
30800.056 3.705807939957806e-10
30850.056 3.848932050236898e-10
30900.056 1.8619393388588967e-10
30950.056 1.2506057056485066e-10
31000.056 1.9247425941828338e-10
31050.056 1.0222835874405378e-10
31100.056 5.756766179585195e-11
31150.056 1.4691812319399562e-10
31200.056 6.106045999639194e-10
31250.056 2.3442778592891984e-10
31300.056 1.0785537282999608e-10
31350.056 4.89309290039128e-10
31400.056 2.9098922524095426e-10
31450.056 2.994317036289515e-10
31500.056 9.148117285457983e-11
31550.056 2.373000618658734e-10
31600.056 1.7464607757713292e-10
31650.056 1.3041629817268183e-10
31700.056 1.0880258714803803e-10
31750.056 5.583118619286354e-11
31800.056 1.2550281395751147e-10
31850.056 2.114612934522235e-11
31900.056 5.5149409446780954e-11
31950.056 2.822184563087561e-11
32000.056 1.5948855780232467e-11
32050.056 2.1506425907016967e-11
32100.056 1.8149621580729973e-11
32150.056 1.7968749931560484e-11
32200.056 8.491931288797585e-12
32250.056 1.8985856865853138e-11
32300.056 5.873597043422725e-12
32350.056 2.4237419894976437e-11
32400.056 2.4973243964417616e-12
32450.056 1.4385827115025014e-11
32500.056 2.6798311352733107e-12
32550.056 1.935189913135125e-11
32600.056 2.4988196114356082e-12
32650.056 3.22966089564295e-11
32700.056 3.8927647341710964e-12
32750.056 8.836028373172558e-11
32800.056 4.050765975144046e-11
32850.056 1.9867107630504994e-10
32900.056 1.592323246698857e-10
32950.056 1.4943617303637357e-10
33000.056 3.0514936440658886e-11
33050.056 4.144910175011755e-11
33100.056 6.647779846036718e-12
33150.056 2.6281719186810663e-15
33200.056 2.2878025293318543e-13
33250.056 6.526215740893665e-13
33300.056 1.385971298526943e-11
33350.056 3.162866151096539e-11
33400.056 1.04101602299095e-10
33450.056 2.8579361976156034e-11
33500.056 1.6011363021402806e-10
33550.056 2.4418573645313925e-11
33600.056 6.113253538849522e-11
33650.056 7.243168068929281e-11
33700.056 1.3942687895519348e-11
33750.056 9.568799462984236e-11
33800.056 5.0299916173429395e-12
33850.056 4.3040527465126826e-11
33900.056 4.241703226312454e-11
33950.056 4.1024603864862146e-11
34000.056 1.0352862336338133e-10
34050.056 1.4693783957908297e-11
34100.056 9.527764576078172e-11
34150.056 2.691884232831528e-11
34200.056 1.182457374319468e-10
34250.056 5.654622804646263e-11
34300.056 6.349839949569985e-11
34350.056 2.3149952447708974e-10
34400.056 3.729736936623716e-11
34450.056 2.0750873677771432e-10
34500.056 7.918968431600604e-11
34550.056 1.0735486192831724e-10
34600.056 5.389680726965372e-10
34650.056 3.861707368062597e-11
34700.056 3.745957786712006e-10
34750.056 1.6861116296391187e-10
34800.056 1.1263847016696524e-10
34850.056 5.295012487501219e-10
34900.056 5.979023513936459e-11
34950.056 6.091252768979834e-10
35000.056 7.111480275159625e-10
35050.056 4.513670286696393e-10
35100.056 1.21331038829592e-09
35150.056 9.495898105788184e-10
35200.056 8.0905182620906e-10
35250.056 1.5690394543462975e-09
35300.056 3.1357697231889116e-10
35350.056 4.550280052718711e-10
35400.056 3.0568085851433485e-10
35450.056 2.533918514268349e-10
35500.056 1.157306435231863e-09
35550.056 6.695444300256664e-10
35600.056 1.1401837962553071e-09
35650.056 1.2527758065584861e-09
35700.056 1.3078248739400614e-09
35750.056 2.065310319464576e-09
35800.056 8.324435861423132e-10
35850.056 4.977473058283571e-10
35900.056 8.217130882353926e-10
35950.056 1.4130499450368456e-09
36000.056 1.5981679605302218e-09
36050.056 1.1087505470095486e-09
36100.056 1.0061958086406865e-09
36150.056 3.172569380169913e-09
36200.056 3.0319113842398123e-09
36250.056 1.6027407387481936e-09
36300.056 4.331963638383351e-09
36350.056 2.7886717804802326e-09
36400.056 4.1641825114392175e-09
36450.056 2.648030893054477e-09
36500.056 2.983657463783703e-09
36550.056 6.323138351899926e-09
36600.056 7.456820711899115e-09
36650.056 3.432692161142101e-09
36700.056 4.179523213447099e-09
36750.056 7.125410920401248e-09
36800.056 7.802755974339073e-09
36850.056 3.686525252361629e-09
36900.056 4.8532736610165445e-09
36950.056 8.283044671548514e-09
37000.056 5.735112581579913e-09
37050.056 8.191327350700188e-09
37100.056 3.1020401238032473e-09
37150.056 5.514471385061312e-09
37200.056 1.1384546011299674e-08
37250.056 5.1643863220067405e-09
37300.056 3.252487608094128e-09
37350.056 6.769145546209151e-09
37400.056 1.0026345377019218e-08
37450.056 4.462908867319541e-09
37500.056 5.151982444391713e-09
37550.056 1.2884756885402353e-08
37600.056 1.93373586262001e-08
37650.056 4.843458436520573e-09
37700.056 9.415997602101127e-09
37750.056 7.230295550240229e-09
37800.056 8.106211289931122e-09
37850.056 4.523438788919875e-09
37900.056 5.321684278379757e-09
37950.056 8.199074749200139e-09
38000.056 6.967675577513379e-09
38050.056 1.0573671484851352e-08
38100.056 1.551192756941963e-08
38150.056 1.74211373804586e-08
38200.056 1.0745752990833944e-08
38250.056 1.4449207577611365e-08
38300.056 2.3849523321396486e-08
38350.056 1.9427009739603843e-08
38400.056 8.702005584076002e-09
38450.056 3.4781352004191405e-09
38500.056 3.761548082390714e-09
38550.056 1.1938489525401126e-08
38600.056 1.2970084190498497e-08
38650.056 1.2146609670999164e-08
38700.056 1.167667677769824e-08
38750.056 1.0217010758499588e-08
38800.056 1.1582061358600191e-08
38850.056 1.264521081930056e-08
38900.056 1.4495163222218663e-08
38950.056 1.0368559592501221e-08
39000.056 1.357298563709746e-08
39050.056 9.490655027703954e-09
39100.056 1.176189648037946e-08
39150.056 2.0056357236899044e-08
39200.056 1.4380305161799842e-08
39250.056 1.7288757568000553e-08
39300.056 1.3572144770520203e-08
39350.056 2.2346936218500213e-08
39400.056 1.3489088755428012e-08
39450.056 2.1528351817201375e-08
39500.056 2.287902006349889e-08
39550.056 9.872844612201961e-09
39600.056 1.7266376840402643e-08
39650.056 2.6758360440999468e-08
39700.056 2.4433842979601622e-08
39750.056 1.0517298302130635e-08
39800.056 1.1075409040900838e-08
39850.056 2.6832864641001453e-08
39900.056 3.0004626763001267e-08
39950.056 1.387022647010001e-08
40000.056 2.0599341172799338e-08
40050.056 2.5544058384198884e-08
40100.056 8.421699853634149e-09
40150.056 2.107265597420093e-08
40200.056 2.288690644999812e-08
40250.056 2.6609979612997328e-08
40300.056 2.864402355300247e-08
40350.056 1.5076376862596664e-08
40400.056 1.9896714430658382e-08
40450.056 9.700045152198694e-09
40500.056 2.23543230001001e-08
40550.056 3.000112507999715e-08
40600.056 2.8376478878999318e-08
40650.056 2.049340921979861e-08
40700.056 3.250103193379898e-08
40750.056 2.438805793409828e-08
40800.056 1.687673284249785e-08
40850.056 3.6236136015003526e-08
40900.056 3.538974627099725e-08
40950.056 2.7360963437301588e-08
41000.056 2.0108097672498614e-08
41050.056 3.923487149100063e-08
41100.056 3.801360262499718e-08
41150.056 1.5441297117099414e-08
41200.056 3.720155198240364e-08
41250.056 3.665338337759531e-08
41300.056 3.752859623500289e-08
41350.056 4.789483266599981e-08
41400.056 3.5444317541999126e-08
41450.056 4.929255516000019e-08
41500.056 3.199274430739469e-08
41550.056 2.874051027200448e-08
41600.056 2.7297293593399228e-08
41650.056 4.148918492580411e-08
41700.056 5.4901921516997414e-08
41750.056 4.301463075199931e-08
41800.056 4.164552367200039e-08
41850.056 3.75255899229979e-08
41900.056 3.346466419749338e-08
41950.056 3.181812675799786e-08
42000.056 1.3340483435542865e-08
42050.056 1.7514088123882263e-08
42100.056 2.38666110967985e-08
42150.056 2.6110043378098796e-08
42200.056 3.080245526899899e-08
42250.056 2.9664730296503454e-08
42300.056 2.8429063704998627e-08
42350.056 3.924398834500045e-08
42400.056 4.4566172389001534e-08
42450.056 4.294597759900261e-08
42500.056 4.604441465399912e-08
42550.056 4.098463830599891e-08
42600.056 4.304509144200667e-08
42650.056 5.520868019299586e-08
42700.056 3.187368366239552e-08
42750.056 3.65311681300047e-08
42800.056 5.265634372700046e-08
42850.056 5.573645853899525e-08
42900.056 5.41411093840025e-08
42950.056 4.654307443500083e-08
43000.056 5.230602908899865e-08
43050.056 2.7506974726000983e-08
43100.056 4.845015702900071e-08
43150.056 4.235072132699999e-08
43200.056 4.8600959096002e-08
43250.056 6.980165525700131e-08
43300.056 6.199437375999826e-08
43350.056 3.314153380699911e-08
43400.056 5.144681603500186e-08
43450.056 3.625177486500183e-08
43500.056 3.378697839000097e-08
43550.056 3.805693443700212e-08
43600.056 5.765804922999988e-08
43650.056 3.0532651750597635e-08
43700.056 5.698672250500798e-08
43750.056 6.316781147999781e-08
43800.056 5.217543879899811e-08
43850.056 4.75529514620051e-08
43900.056 3.6925817290998884e-08
43950.056 2.80512196109982e-08
44000.056 2.5779195673999553e-08
44050.056 5.733676938300472e-08
44100.056 7.623682542100127e-08
44150.056 6.943140201999785e-08
44200.056 6.786776755100054e-08
44250.056 3.7539138699997716e-08
44300.056 2.448456755700046e-08
44350.056 2.7039745119201538e-08
44400.056 2.9673397264999526e-08
44450.056 4.938353729800443e-08
44500.056 4.1678914608001736e-08
44550.056 5.990577197600062e-08
44600.056 4.52693030985008e-08
44650.056 4.96367531799971e-08
44700.056 3.4137879190996025e-08
44750.056 4.550779429100397e-08
44800.056 3.111018061660072e-08
44850.056 4.768439092700203e-08
44900.056 4.1750054437998405e-08
44950.056 4.913525518300346e-08
45000.056 5.793784459599951e-08
45050.056 5.1420823451996204e-08
45100.056 4.651136143000339e-08
45150.056 4.218756533199839e-08
45200.056 2.6955541740000788e-08
45250.056 3.310006273799706e-08
45300.056 3.2893207118402195e-08
45350.056 2.231552553500289e-08
45400.056 6.447635630200258e-08
45450.056 5.418509841600489e-08
45500.056 6.350119114100285e-08
45550.056 6.958481769599308e-08
45600.056 6.150097848100185e-08
45650.056 5.334148243399594e-08
45700.056 2.8671046004397528e-08
45750.056 2.4341899321202287e-08
45800.056 6.25869056510016e-08
45850.056 5.070888638990254e-08
45900.056 6.79322293339985e-08
45950.056 6.360819740799663e-08
46000.056 6.42867328990033e-08
46050.056 5.254438078200409e-08
46100.056 7.152779592499639e-08
46150.056 4.25168966120001e-08
46200.056 3.2088801437395945e-08
46250.056 1.1220909262559674e-08
46300.056 4.036708260100303e-08
46350.056 4.635616790200335e-08
46400.056 4.701959992600099e-08
46450.056 3.747365318779692e-08
46500.056 4.503137525100325e-08
46550.056 2.5009356260597902e-08
46600.056 2.6188170077077203e-08
46650.056 4.4219904678002074e-08
46700.056 3.221080497099627e-08
46750.056 1.224097556730173e-08
46800.056 7.665373560518902e-09
46850.056 3.7464417534005596e-08
46900.056 5.247087893399892e-08
46950.056 5.2648034885998395e-08
47000.056 5.387670571400224e-08
47050.056 3.344479347479203e-08
47100.056 2.636847818600045e-08
47150.056 4.0509934160004433e-08
47200.056 4.505174912699843e-08
47250.056 1.8040779876886106e-08
47300.056 1.2608767336443832e-08
47350.056 4.472337984600298e-08
47400.056 5.042597950499893e-08
47450.056 2.983663881200198e-08
47500.056 5.599644598200209e-08
47550.056 4.888899781800092e-08
47600.056 3.735565795219602e-08
47650.056 4.424046813749814e-08
47700.056 3.458359842490415e-08
47750.056 2.5622820801000008e-08
47800.056 1.7255175370800396e-08
47850.056 6.0377951096011045e-09
47900.056 1.1283823765370145e-08
47950.056 3.597279578200296e-08
48000.056 4.63473013519968e-08
48050.056 3.478966542799952e-08
48100.056 1.6143314905240196e-08
48150.056 3.134470873900175e-08
48200.056 1.9743857349757654e-08
48250.056 3.175300570300065e-08
48300.056 4.297785060499984e-08
48350.056 2.4902736620996703e-08
48400.056 4.1838777185837535e-09
48450.056 9.057904800312276e-09
48500.056 1.9660017254496767e-08
48550.056 2.4363884042844817e-08
48600.056 4.3498883298001e-08
48650.056 5.227337485399904e-08
48700.056 3.701587795500258e-08
48750.056 2.7976494084000675e-08
48800.056 4.0427157938001026e-08
48850.056 1.8552028144137362e-08
48900.056 1.8772920072877973e-08
48950.056 9.553814475099456e-09
49000.056 5.826392588651567e-09
49050.056 2.0266663342597905e-08
49100.056 2.9341720159254594e-08
49150.056 2.408311104149942e-08
49200.056 4.143585058100298e-08
49250.056 4.442926254499995e-08
49300.056 3.503859874799739e-08
49350.056 1.3167753383492125e-08
49400.056 1.7790442694156614e-08
49450.056 1.3666059082912874e-08
49500.056 1.0943861768147878e-08
49550.056 1.5250454833719943e-09
49600.056 5.008080896859008e-09
49650.056 1.9078162335001914e-08
49700.056 2.619754033099882e-08
49750.056 1.9797756063888643e-08
49800.056 1.034873780810004e-08
49850.056 2.879358908700283e-08
49900.056 3.224833200599959e-08
49950.056 2.8933089775998783e-08
50000.056 1.6470427947457387e-08
50050.056 1.908410222816248e-08
50100.056 1.685377551599904e-08
50150.056 5.670031243568843e-09
50200.056 6.558929013103302e-10
50250.056 5.186435585399987e-09
50300.056 3.686874404714854e-09
50350.056 1.8438874619002e-08
50400.056 2.507183025199932e-08
50450.056 1.9288282430900236e-08
50500.056 3.020658439700156e-08
50550.056 3.377794093900036e-08
50600.056 1.9672077793595015e-08
50650.056 3.085032240900303e-08
50700.056 2.8916301740998993e-08
50750.056 1.5638688345199144e-08
50800.056 3.782149387056061e-09
50850.056 1.462486775226773e-09
50900.056 1.4118177642601707e-08
50950.056 1.786990090309851e-08
51000.056 1.1103267562438175e-08
51050.056 2.024905460009758e-08
51100.056 7.311823976580216e-09
51150.056 5.5251662676394346e-09
51200.056 2.3652492863000776e-08
51250.056 1.9734604024397752e-08
51300.056 1.1482151866100666e-08
51350.056 8.933689655279229e-09
51400.056 1.8514212655754352e-09
51450.056 1.614864292841491e-09
51500.056 1.5239005892086148e-09
51550.056 8.107096760301487e-09
51600.056 1.0374408410101002e-08
51650.056 1.5446484861499767e-08
51700.056 1.2460696677257611e-08
51750.056 9.654755068422237e-09
51800.056 2.0157978443999488e-08
51850.056 1.4741180604299244e-08
51900.056 1.3121508217000231e-08
51950.056 5.800720024398813e-09
52000.056 3.904398710588565e-10
52050.056 2.78271124261026e-09
52100.056 1.2781456434396577e-09
52150.056 6.590441934962555e-10
52200.056 3.703582771399983e-09
52250.056 7.474399978591134e-09
52300.056 8.137882310699292e-09
52350.056 1.4504839910688097e-09
52400.056 1.7648699805190443e-09
52450.056 1.010212372750128e-08
52500.056 7.227163971298301e-09
52550.056 1.1305437045699034e-08
52600.056 9.915628347341297e-09
52650.056 1.3289591571299585e-08
52700.056 6.3537980234295926e-09
52750.056 1.6793281426323222e-09
52800.056 3.73830407782075e-09
52850.056 4.7679136511789316e-09
52900.056 1.1492895831964507e-09
52950.056 2.4174098274305186e-09
53000.056 7.0333731651001985e-09
53050.056 2.1125872038418833e-09
53100.056 1.1507884924401078e-08
53150.056 1.1677893631599531e-08
53200.056 4.402613595029763e-09
53250.056 9.37356616829986e-09
53300.056 9.592209131211319e-09
53350.056 8.213224579499808e-09
53400.056 4.602517439499405e-09
53450.056 9.802216455846704e-10
53500.056 1.6527790683496228e-10
53550.056 3.644721808729966e-10
