galfind/configs/Brown_Dwarf_templates/sonora_bobcat/m0.0/1000g/co0.5/sp_t500g1000nc_m+0.0_co0.5_resample.dat
# %ECSV 1.0
# ---
# datatype:
# - {name: wav, unit: Angstrom, datatype: float64}
# - {name: flux_nu, unit: erg / (cm2 Hz s), datatype: float64}
# meta: {C/O: '0.50', Kzz: '1.0000E+05', Teff: '500.', Y: '0.28', '[Fe/H]': '0.00', f_hole: '1.00', f_rain: '0.00', grav: '1000.'}
# schema: astropy-2.0
wav flux_nu
[from data line 498]
28900.056 3.174482551305844e-10
28950.056 4.868646310665186e-10
29000.056 3.741741052956177e-10
29050.056 5.821217270923822e-10
29100.056 2.709239262252196e-10
29150.056 4.988184021154998e-10
29200.056 7.476301639059607e-10
29250.056 8.611240187275331e-10
29300.056 4.902038088351933e-10
29350.056 1.4207504437587157e-09
29400.056 5.137680826963404e-10
29450.056 3.852194071057103e-10
29500.056 1.2903100070240675e-09
29550.056 4.966192906935383e-10
29600.056 6.785697727924977e-10
29650.056 1.9180888984452735e-09
29700.056 4.332336084923397e-10
29750.056 1.2849842755060041e-09
29800.056 9.696937242506246e-10
29850.056 1.7660326356203786e-09
29900.056 9.265016547656079e-10
29950.056 9.408777120239994e-10
30000.056 2.4559313517426842e-11
30050.056 1.324359057783792e-10
30100.056 4.6056726810333605e-10
30150.056 1.5568886524201402e-09
30200.056 1.113213492395408e-09
30250.056 2.193108884336357e-09
30300.056 2.423246135927301e-09
30350.056 7.136600550108854e-10
30400.056 2.7899850885900285e-09
30450.056 1.8055625872785864e-09
30500.056 1.3649070912978409e-09
30550.056 1.0455048011393936e-09
30600.056 6.158498149400226e-09
30650.056 2.6019975126944443e-09
30700.056 1.7561476451824038e-09
30750.056 3.2108636860082347e-09
30800.056 2.730012986546835e-09
30850.056 3.201912894144872e-09
30900.056 1.799778162780559e-09
30950.056 1.4752541735128152e-09
31000.056 1.9029526081288237e-09
31050.056 1.671480609461719e-09
31100.056 8.851228200056291e-10
31150.056 1.7745145244648455e-09
31200.056 4.52996987703985e-09
31250.056 2.1244148777182785e-09
31300.056 1.5344174123485742e-09
31350.056 3.191664682336446e-09
31400.056 2.2567972670873138e-09
31450.056 2.460935272082786e-09
31500.056 8.948577499464226e-10
31550.056 1.8330444732069153e-09
31600.056 1.2809799901939397e-09
31650.056 1.0545578408228712e-09
31700.056 1.0169019929903192e-09
31750.056 5.786622006952424e-10
31800.056 1.2625524761241603e-09
31850.056 2.997729103718488e-10
31900.056 6.661049259240185e-10
31950.056 3.6455069486233377e-10
32000.056 3.155713689543244e-10
32050.056 4.0829535310242086e-10
32100.056 3.266429449236988e-10
32150.056 4.095687993126827e-10
32200.056 2.3022864881092006e-10
32250.056 5.129332639111872e-10
32300.056 1.8076293582606692e-10
32350.056 6.427226767875117e-10
32400.056 1.362553588780937e-10
32450.056 4.892067025813747e-10
32500.056 1.8232800498559386e-10
32550.056 5.190946927520031e-10
32600.056 2.3432033866131265e-10
32650.056 8.253049542648034e-10
32700.056 3.1623892898149564e-10
32750.056 1.6251568262085326e-09
32800.056 1.2021984268612025e-09
32850.056 2.7716069018804884e-09
32900.056 2.539686308033136e-09
32950.056 2.39928947584088e-09
33000.056 8.892402914663635e-10
33050.056 1.3278741963170912e-09
33100.056 3.0545663082079145e-10
33150.056 4.132537965320261e-13
33200.056 8.811710244653823e-12
33250.056 1.569344055796276e-11
33300.056 1.0537714227011563e-10
33350.056 3.460520287403953e-10
33400.056 9.350753232808197e-10
33450.056 6.495062035871831e-10
33500.056 2.301524525400632e-09
33550.056 6.072212735951908e-10
33600.056 1.3194603374853548e-09
33650.056 1.4070151119578638e-09
33700.056 4.936539863485128e-10
33750.056 1.8800774902600215e-09
33800.056 2.2102961334479645e-10
33850.056 9.094743705697223e-10
33900.056 9.502713595068566e-10
33950.056 7.742475408281239e-10
34000.056 1.6123632565586075e-09
34050.056 2.801689188132733e-10
34100.056 1.3280262214446157e-09
34150.056 5.120869413801998e-10
34200.056 1.4002584953312284e-09
34250.056 1.0189542614376788e-09
34300.056 8.200522496668524e-10
34350.056 1.9565995449182613e-09
34400.056 5.819380826164863e-10
34450.056 2.0557040074788934e-09
34500.056 1.1705296050430615e-09
34550.056 7.663891306158525e-10
34600.056 3.3951965212500496e-09
34650.056 5.425938679492859e-10
34700.056 2.542347387295806e-09
34750.056 1.5027048683645628e-09
34800.056 1.068148330769722e-09
34850.056 3.917590438205163e-09
34900.056 9.74661239949349e-10
34950.056 3.467678273479632e-09
35000.056 5.3037002858865926e-09
35050.056 2.359243250848293e-09
35100.056 6.528168778433197e-09
35150.056 5.2752622087935306e-09
35200.056 4.3151203713179875e-09
35250.056 7.941625170047705e-09
35300.056 2.3774517705497944e-09
35350.056 4.2383650222256385e-09
35400.056 3.5329979406558595e-09
35450.056 2.589320274556472e-09
35500.056 8.826694994042027e-09
35550.056 5.021026179368585e-09
35600.056 6.657795280632078e-09
35650.056 7.33465505282765e-09
35700.056 6.364799647226681e-09
35750.056 1.160157857850979e-08
35800.056 8.200020318390937e-09
35850.056 4.376980029025102e-09
35900.056 7.156383888893282e-09
35950.056 9.284547385888955e-09
36000.056 9.451952579901755e-09
36050.056 7.73793330807454e-09
36100.056 6.600383268254876e-09
36150.056 1.3737384403799235e-08
36200.056 1.5161794381698064e-08
36250.056 9.722631708657748e-09
36300.056 1.9819184172609088e-08
36350.056 1.4554975089611577e-08
36400.056 1.919918329575585e-08
36450.056 1.5107254785708654e-08
36500.056 1.7562869426814993e-08
36550.056 2.6353423787901912e-08
36600.056 3.022774496799484e-08
36650.056 1.9193913251399993e-08
36700.056 2.041515179399245e-08
36750.056 2.8968067098004276e-08
36800.056 3.1510190076097556e-08
36850.056 2.0484408684615476e-08
36900.056 2.5717638114264757e-08
36950.056 3.242328788399329e-08
37000.056 2.5226522152398043e-08
37050.056 3.310940403469831e-08
37100.056 2.049158026882021e-08
37150.056 2.697542991182134e-08
37200.056 4.1424022208996004e-08
37250.056 2.3324813959354574e-08
37300.056 1.916217718252323e-08
37350.056 3.234511304538672e-08
37400.056 4.2629289717398135e-08
37450.056 2.2459116192968426e-08
37500.056 2.6518728954518272e-08
37550.056 4.762953564201052e-08
37600.056 6.123127737500425e-08
37650.056 2.3689625740702796e-08
37700.056 4.10393123190038e-08
37750.056 3.1072209721403395e-08
37800.056 3.508428605700557e-08
37850.056 2.1873868521400007e-08
37900.056 2.6021387768300268e-08
37950.056 3.722171551870041e-08
38000.056 3.3300851153999024e-08
38050.056 4.132721699190623e-08
38100.056 5.495606774500115e-08
38150.056 5.847868132219691e-08
38200.056 4.400695962154939e-08
38250.056 4.885799986790667e-08
38300.056 7.180066441298768e-08
38350.056 6.840017445601226e-08
38400.056 3.926421870788443e-08
38450.056 2.2856842945692916e-08
38500.056 2.150909549740464e-08
38550.056 4.7265220333006276e-08
38600.056 4.6215859020993195e-08
38650.056 4.708009760019468e-08
38700.056 5.1561638160997126e-08
38750.056 4.10604509690001e-08
38800.056 4.668877127199937e-08
38850.056 4.913172883300039e-08
38900.056 5.6969130603993685e-08
38950.056 4.516084376000326e-08
39000.056 5.034860372198873e-08
39050.056 4.676962147801861e-08
39100.056 5.0033264391486254e-08
39150.056 7.179927786599613e-08
39200.056 5.277673256599769e-08
39250.056 6.598010586200309e-08
39300.056 5.596898760169895e-08
39350.056 7.540191688999995e-08
39400.056 5.405067326759812e-08
39450.056 7.40892363414024e-08
39500.056 7.717662305599766e-08
39550.056 4.359313072732509e-08
39600.056 6.510717709000585e-08
39650.056 8.735871416899765e-08
39700.056 7.903515999700734e-08
39750.056 4.654978088490867e-08
39800.056 5.135906784950286e-08
39850.056 8.949767930500273e-08
39900.056 9.620520219300556e-08
39950.056 5.6477139913997147e-08
40000.056 7.616208932599587e-08
40050.056 8.558959444599792e-08
40100.056 4.0973574029308184e-08
40150.056 7.707749482100292e-08
40200.056 8.03210563279928e-08
40250.056 8.698958331998868e-08
40300.056 9.05741234420086e-08
40350.056 6.038517417598893e-08
40400.056 7.830377969319571e-08
40450.056 4.676294104239267e-08
40500.056 7.858687933599719e-08
40550.056 9.86561253579874e-08
40600.056 8.722054330900007e-08
40650.056 7.311343765779231e-08
40700.056 1.1093857468699562e-07
40750.056 8.328182749599e-08
40800.056 6.336138668898939e-08
40850.056 1.1206336355801138e-07
40900.056 1.0708315831498995e-07
40950.056 9.238841713420734e-08
41000.056 7.41045231379953e-08
41050.056 1.1659521813099455e-07
41100.056 1.1304470048999269e-07
41150.056 6.229547591679852e-08
41200.056 1.1279530735100843e-07
41250.056 1.084796982386889e-07
41300.056 1.0584666112300588e-07
41350.056 1.2953260997699817e-07
41400.056 1.0416036777900317e-07
41450.056 1.3630513031799814e-07
41500.056 9.953283989108306e-08
41550.056 8.912085593501604e-08
41600.056 8.665792158480309e-08
41650.056 1.1607143883201097e-07
41700.056 1.3234214513998813e-07
41750.056 1.1166475477899349e-07
41800.056 1.1082228368200719e-07
41850.056 9.703886137499379e-08
41900.056 1.002099256339795e-07
41950.056 1.0376221846399768e-07
42000.056 6.556812943436697e-08
42050.056 6.916589066541091e-08
42100.056 8.597662939799069e-08
42150.056 7.921811133799751e-08
42200.056 8.456251269299338e-08
42250.056 8.830415027301002e-08
42300.056 8.486165399799662e-08
42350.056 1.0334486592600279e-07
42400.056 1.1417288023700472e-07
42450.056 9.829594218800976e-08
42500.056 1.0346473614799699e-07
42550.056 9.217797431299588e-08
42600.056 1.0993739425302141e-07
42650.056 1.398361452359869e-07
42700.056 9.209753350298154e-08
42750.056 8.504705404401332e-08
42800.056 1.1693457461000209e-07
42850.056 1.2888882792098286e-07
42900.056 1.3108164823400916e-07
42950.056 1.0754538180899608e-07
43000.056 1.2295641399699817e-07
43050.056 6.791482461001004e-08
43100.056 1.1650109647699768e-07
43150.056 9.409824593400236e-08
43200.056 1.099465545560059e-07
43250.056 1.6019637753000522e-07
43300.056 1.4633931155999946e-07
43350.056 7.498027955299222e-08
43400.056 1.1814375964300681e-07
43450.056 8.579055389500898e-08
43500.056 8.999269026300462e-08
43550.056 9.495753736200447e-08
43600.056 1.3281726988000438e-07
43650.056 7.523794830799605e-08
43700.056 1.4209467110801878e-07
43750.056 1.3794419655499508e-07
43800.056 1.206728815519928e-07
43850.056 1.1153387903501515e-07
43900.056 9.466422529999291e-08
43950.056 6.999781106499291e-08
44000.056 6.183764812299933e-08
44050.056 1.3159422401100942e-07
44100.056 1.7501772714000438e-07
44150.056 1.654664444419938e-07
44200.056 1.5364130253000331e-07
44250.056 8.543663084499503e-08
44300.056 6.192399614600527e-08
44350.056 7.31528602586075e-08
44400.056 7.326198763699745e-08
44450.056 1.1873138603000953e-07
44500.056 1.0023028927901111e-07
44550.056 1.462942533399991e-07
44600.056 1.1984844673350298e-07
44650.056 1.1883012114499351e-07
44700.056 8.099632991798986e-08
44750.056 1.0737929828801507e-07
44800.056 8.084421410260524e-08
44850.056 1.222792524780052e-07
44900.056 9.843940284199672e-08
44950.056 1.1134703612500905e-07
45000.056 1.3020130526800055e-07
45050.056 1.2075774988499087e-07
45100.056 1.111796677400076e-07
45150.056 1.0324968507899462e-07
45200.056 7.19260873680047e-08
45250.056 8.565921462198869e-08
45300.056 8.387338017300907e-08
45350.056 6.384390354580694e-08
45400.056 1.5323180035001053e-07
45450.056 1.3490322308501232e-07
45500.056 1.5295467670100822e-07
45550.056 1.6863652947497872e-07
45600.056 1.5131592820000728e-07
45650.056 1.2790509450699234e-07
45700.056 7.63941756383956e-08
45750.056 6.689034091950468e-08
45800.056 1.6030989708200672e-07
45850.056 1.3634144071800338e-07
45900.056 1.6233015136799523e-07
45950.056 1.3766657237499294e-07
46000.056 1.5521522974201355e-07
46050.056 1.23838551273006e-07
46100.056 1.762521089499913e-07
46150.056 1.0497414447200035e-07
46200.056 8.777595533749005e-08
46250.056 3.615142900106743e-08
46300.056 1.0619540496900527e-07
46350.056 1.1699924503401113e-07
46400.056 1.1346474258400348e-07
46450.056 9.668227609119252e-08
46500.056 1.076684896200146e-07
46550.056 6.43179199984992e-08
46600.056 7.95150949971896e-08
46650.056 1.2258511203000608e-07
46700.056 8.74490149779872e-08
46750.056 4.148586404890662e-08
46800.056 2.8591059501237557e-08
46850.056 1.1391242956601472e-07
46900.056 1.331268974399944e-07
46950.056 1.274441249799929e-07
47000.056 1.254547580940096e-07
47050.056 8.833970372937497e-08
47100.056 6.589086413400211e-08
47150.056 1.0339024826901269e-07
47200.056 1.1688243516899484e-07
47250.056 5.633844806689078e-08
47300.056 3.8860189224418986e-08
47350.056 1.2306417666600694e-07
47400.056 1.2325508408199476e-07
47450.056 8.665161445701037e-08
47500.056 1.414610242749971e-07
47550.056 1.1671650706100408e-07
47600.056 1.0717433995598907e-07
47650.056 1.1718378281639474e-07
47700.056 9.078437314781481e-08
47750.056 6.664821458400023e-08
47800.056 5.403514698900552e-08
47850.056 2.4450796437593658e-08
47900.056 3.9918696782019136e-08
47950.056 1.0207337600400634e-07
48000.056 1.3116412543699467e-07
48050.056 1.0449243787339569e-07
48100.056 4.705947296890173e-08
48150.056 8.298263409400388e-08
48200.056 6.047601286425556e-08
48250.056 8.430370491700071e-08
48300.056 1.26174208667001e-07
48350.056 7.849163743499129e-08
48400.056 1.8304629232365435e-08
48450.056 3.838296324584885e-08
48500.056 6.865774209098577e-08
48550.056 7.86471095421713e-08
48600.056 1.069692317400022e-07
48650.056 1.33914834982997e-07
48700.056 9.203679985800908e-08
48750.056 6.090712599400732e-08
48800.056 1.0663861548500608e-07
48850.056 5.726259842469133e-08
48900.056 7.118623241169322e-08
48950.056 4.154547307159796e-08
49000.056 2.3255282557457035e-08
49050.056 7.116148215629223e-08
49100.056 9.087961088891346e-08
49150.056 6.935714985739873e-08
49200.056 1.083136925820097e-07
49250.056 1.1260869180600204e-07
49300.056 9.249976759799536e-08
49350.056 3.9742650133917294e-08
49400.056 5.763387340868854e-08
49450.056 5.004131105246097e-08
49500.056 4.189795224322337e-08
49550.056 8.573055413789937e-09
49600.056 2.457548046154822e-08
49650.056 6.068112058900237e-08
49700.056 7.197646447198953e-08
49750.056 6.943416343989558e-08
49800.056 4.137880827615895e-08
49850.056 8.863358693800842e-08
49900.056 8.499204971999822e-08
49950.056 7.609020619399775e-08
50000.056 5.699215107013332e-08
50050.056 6.91949195784045e-08
50100.056 5.755081017499698e-08
50150.056 2.570137458199565e-08
50200.056 4.4465920230400215e-09
50250.056 2.7691833424999625e-08
50300.056 1.8713283484693423e-08
50350.056 6.47722539510076e-08
50400.056 7.345332339199653e-08
50450.056 5.1006484817800764e-08
50500.056 8.46723708840046e-08
50550.056 8.8026267187002e-08
50600.056 5.4863616159984424e-08
50650.056 8.520951760101192e-08
50700.056 8.777915869199828e-08
50750.056 5.258045681000019e-08
50800.056 1.7774081441220713e-08
50850.056 9.188289674104356e-09
50900.056 5.868036149500405e-08
50950.056 6.207535599199678e-08
51000.056 4.394833929509644e-08
51050.056 6.534897262599126e-08
51100.056 2.459135300867969e-08
51150.056 2.5334963283277582e-08
51200.056 7.9760299342999e-08
51250.056 6.038357514998992e-08
51300.056 3.783770390210577e-08
51350.056 3.911531256964351e-08
51400.056 1.2583264519692523e-08
51450.056 9.865392951464946e-09
51500.056 8.599897175319312e-09
51550.056 3.469986607640558e-08
51600.056 3.267732895210445e-08
51650.056 4.383942062899791e-08
51700.056 4.3746563494885045e-08
51750.056 3.2503434745706905e-08
51800.056 6.10386678689941e-08
51850.056 4.618033388639842e-08
51900.056 5.351560958100241e-08
51950.056 2.990719451799565e-08
52000.056 2.8723982853608706e-09
52050.056 1.534352348190182e-08
52100.056 8.647187296898383e-09
52150.056 4.998458484565353e-09
52200.056 1.7257265120499333e-08
52250.056 2.9528132347205304e-08
52300.056 3.870425874099784e-08
52350.056 1.03690254020832e-08
52400.056 1.1383900488689836e-08
52450.056 4.3928746273005245e-08
52500.056 3.47013882870532e-08
52550.056 3.945735485099708e-08
52600.056 3.1015988097502896e-08
52650.056 4.084192988020079e-08
52700.056 2.3006073981299754e-08
52750.056 9.23590101821708e-09
52800.056 1.655220777290299e-08
52850.056 2.073265967709503e-08
52900.056 8.257453760569246e-09
52950.056 1.43071946503021e-08
53000.056 2.9142891693001197e-08
53050.056 1.0668182689398776e-08
53100.056 4.08775532560015e-08
53150.056 4.0442597017000223e-08
53200.056 1.5296662738998808e-08
53250.056 3.4008911144001085e-08
53300.056 3.968850026161937e-08
53350.056 3.252657401499974e-08
53400.056 2.1379381576997578e-08
53450.056 6.317575901867996e-09
53500.056 1.2911311409105412e-09
53550.056 3.193892799533999e-09
53600.056 1.4641499104122768e-08
