galfind/configs/Brown_Dwarf_templates/sonora_bobcat/m0.0/1000g/co0.5/sp_t1600g1000nc_m+0.0_co0.5_resample.dat
# %ECSV 1.0
# ---
# datatype:
# - {name: wav, unit: Angstrom, datatype: float64}
# - {name: flux_nu, unit: erg / (cm2 Hz s), datatype: float64}
# meta: {C/O: '0.50', Kzz: '1.0000E+05', Teff: '1600.', Y: '0.28', '[Fe/H]': '0.00', f_hole: '1.00', f_rain: '0.00', grav: '1000.'}
# schema: astropy-2.0
wav flux_nu
[from data line 499]
28950.056 7.54390871580971e-07
29000.056 6.331466060038705e-07
29050.056 6.846376828930142e-07
29100.056 5.375651374540897e-07
29150.056 7.510095986700702e-07
29200.056 6.160757016970532e-07
29250.056 7.198130019699819e-07
29300.056 5.582516243838371e-07
29350.056 8.933235689999015e-07
29400.056 6.788984669659213e-07
29450.056 6.96367637797984e-07
29500.056 7.158734993139455e-07
29550.056 7.045436934600187e-07
29600.056 7.825908067347857e-07
29650.056 7.166498443829522e-07
29700.056 6.737106265968904e-07
29750.056 7.926615846801844e-07
29800.056 8.323822941278708e-07
29850.056 7.786632462479016e-07
29900.056 7.455264956402855e-07
29950.056 8.711026041398614e-07
30000.056 8.447045438368827e-07
30050.056 7.78851528709974e-07
30100.056 7.052809853298151e-07
30150.056 9.912042813899715e-07
30200.056 8.389930434400391e-07
30250.056 8.954510513501423e-07
30300.056 8.26277757639924e-07
30350.056 8.429443099300859e-07
30400.056 9.983267870101198e-07
30450.056 7.863261809501094e-07
30500.056 7.260521851200567e-07
30550.056 8.914043870301218e-07
30600.056 8.978102171300559e-07
30650.056 9.006515189999726e-07
30700.056 8.161121743199242e-07
30750.056 8.13070694359983e-07
30800.056 8.790995645001482e-07
30850.056 7.534990976798999e-07
30900.056 7.513138974699093e-07
30950.056 6.728736769521085e-07
31000.056 7.595653000100042e-07
31050.056 7.72050341439993e-07
31100.056 6.560124771899714e-07
31150.056 7.199823822499056e-07
31200.056 7.454356967599895e-07
31250.056 7.158928741100085e-07
31300.056 6.689780665199094e-07
31350.056 6.341606658599753e-07
31400.056 5.90935182570126e-07
31450.056 6.111815592399276e-07
31500.056 5.982331664999232e-07
31550.056 5.909669433299891e-07
31600.056 5.495703647899784e-07
31650.056 5.407396097400096e-07
31700.056 5.415417465199465e-07
31750.056 5.006562861481299e-07
31800.056 5.877760646699333e-07
31850.056 5.299631068940747e-07
31900.056 6.065282152200389e-07
31950.056 4.673273776500321e-07
32000.056 5.370363773049372e-07
32050.056 5.85594047430055e-07
32100.056 5.779800864999918e-07
32150.056 6.38247925379956e-07
32200.056 5.666426169419869e-07
32250.056 6.716842753600875e-07
32300.056 5.506789565579406e-07
32350.056 7.399772779500749e-07
32400.056 5.751094174499882e-07
32450.056 7.039402758998303e-07
32500.056 7.15036019840161e-07
32550.056 8.021054516599928e-07
32600.056 7.894885119179953e-07
32650.056 8.587320213600314e-07
32700.056 8.211606783300991e-07
32750.056 8.425521325900153e-07
32800.056 8.323153584100695e-07
32850.056 9.338114078998848e-07
32900.056 9.956859352999862e-07
32950.056 8.826841260199511e-07
33000.056 8.713405922499602e-07
33050.056 8.195098947099905e-07
33100.056 6.972634448999313e-07
33150.056 4.0215932527005235e-07
33200.056 3.11702130415898e-07
33250.056 2.594892376599193e-07
33300.056 2.463967036300424e-07
33350.056 2.852056051600074e-07
33400.056 3.1236685810996856e-07
33450.056 3.52775690939997e-07
33500.056 4.352153528100631e-07
33550.056 4.769943037800561e-07
33600.056 5.754885050200226e-07
33650.056 6.867902943101192e-07
33700.056 6.822352950299764e-07
33750.056 8.481052923899901e-07
33800.056 7.912636810899313e-07
33850.056 8.720008144100098e-07
33900.056 8.495925432099212e-07
33950.056 8.117289367599747e-07
34000.056 8.844558870398958e-07
34050.056 7.948258538598664e-07
34100.056 9.228052314099956e-07
34150.056 8.103168613198017e-07
34200.056 7.426507209398021e-07
34250.056 8.544375902198379e-07
34300.056 7.197714765095931e-07
34350.056 7.009102224000298e-07
34400.056 6.875443014200382e-07
34450.056 7.610842541900062e-07
34500.056 8.380436392599986e-07
34550.056 6.854287822799922e-07
34600.056 8.55041326290042e-07
34650.056 8.004686160799731e-07
34700.056 8.068590616998615e-07
34750.056 9.211488783600825e-07
34800.056 7.905789729798188e-07
34850.056 8.040701935900247e-07
34900.056 8.663133336700241e-07
34950.056 8.06430417009803e-07
35000.056 9.720847546600084e-07
35050.056 9.01585796230037e-07
35100.056 8.867519632999249e-07
35150.056 1.0121306775999649e-06
35200.056 9.653843558901018e-07
35250.056 1.0320000204299354e-06
35300.056 9.295205224701098e-07
35350.056 9.531027161499183e-07
35400.056 1.0160251492901314e-06
35450.056 7.907538651803442e-07
35500.056 1.1349922450699957e-06
35550.056 1.0759629913599768e-06
35600.056 1.0017167531100882e-06
35650.056 1.2110849947500694e-06
35700.056 1.0075761744900112e-06
35750.056 1.114222256289784e-06
35800.056 1.359161916700011e-06
35850.056 1.0974699851301014e-06
35900.056 1.397881928529919e-06
35950.056 1.3115573616399606e-06
36000.056 1.2510272494101048e-06
36050.056 1.456421952600127e-06
36100.056 1.4252764894992468e-06
36150.056 1.3511292481602212e-06
36200.056 1.5906644489599059e-06
36250.056 1.4198138886699227e-06
36300.056 1.676675907230111e-06
36350.056 1.566794847159831e-06
36400.056 1.5655211806200623e-06
36450.056 1.8178926221998647e-06
36500.056 1.6541073460799541e-06
36550.056 1.7250163077204652e-06
36600.056 1.7534166337600644e-06
36650.056 1.797237656879788e-06
36700.056 1.999031513259918e-06
36750.056 1.8272454707000929e-06
36800.056 1.931223752399918e-06
36850.056 2.0415589918000024e-06
36900.056 1.979092458600139e-06
36950.056 2.051185007879832e-06
37000.056 2.119284775699905e-06
37050.056 2.1588907137999247e-06
37100.056 2.151747870000121e-06
37150.056 2.174059725899872e-06
37200.056 2.2900831761000145e-06
37250.056 2.289366923499927e-06
37300.056 2.2577023878999864e-06
37350.056 2.135268333300287e-06
37400.056 2.3472040284999357e-06
37450.056 2.188583621380089e-06
37500.056 2.3533891344998396e-06
37550.056 2.378065814499852e-06
37600.056 2.5053809978999524e-06
37650.056 2.3475710159000155e-06
37700.056 2.5322200634999986e-06
37750.056 2.481191106300079e-06
37800.056 2.573833264600008e-06
37850.056 2.4303893028999293e-06
37900.056 2.491980948900264e-06
37950.056 2.5058577136000168e-06
38000.056 2.621799072800146e-06
38050.056 2.5870302918001343e-06
38100.056 2.434015900300192e-06
38150.056 2.7097692646999764e-06
38200.056 2.689079144599968e-06
38250.056 2.4957118437001858e-06
38300.056 2.521728328299953e-06
38350.056 2.6350027746000126e-06
38400.056 2.646306153599851e-06
38450.056 2.8273039055000333e-06
38500.056 2.6379076553000306e-06
38550.056 2.721022734900116e-06
38600.056 2.9727901833999234e-06
38650.056 2.6771671067999725e-06
38700.056 2.6704209025002963e-06
38750.056 2.8376190578000024e-06
38800.056 2.7699711990001143e-06
38850.056 2.721889992900015e-06
38900.056 2.606904667999919e-06
38950.056 2.8574803543999663e-06
39000.056 2.752166975200092e-06
39050.056 2.841125699299891e-06
39100.056 2.624340656500167e-06
39150.056 2.7928481808000595e-06
39200.056 2.8304953862999914e-06
39250.056 2.802129170599719e-06
39300.056 2.7740218355997596e-06
39350.056 2.8043554727001837e-06
39400.056 2.7592714280000776e-06
39450.056 2.8141017048999248e-06
39500.056 2.6714678567998147e-06
39550.056 2.6776507733198268e-06
39600.056 2.9188716765999033e-06
39650.056 2.629066948600043e-06
39700.056 2.682828591999961e-06
39750.056 2.6541426825998486e-06
39800.056 2.49158615760005e-06
39850.056 2.6761437767998753e-06
39900.056 2.5868611927000613e-06
39950.056 2.7085648136998605e-06
40000.056 2.422082236999977e-06
40050.056 2.47246973959998e-06
40100.056 2.6589835669999658e-06
40150.056 2.4410471092998117e-06
40200.056 2.5469413589998593e-06
40250.056 2.288760823099424e-06
40300.056 2.3118130970501672e-06
40350.056 2.4615861676001256e-06
40400.056 2.4248632182000874e-06
40450.056 2.3982615676999995e-06
40500.056 2.152416783300252e-06
40550.056 2.5115823626998313e-06
40600.056 2.034839713680181e-06
40650.056 2.3253744089000734e-06
40700.056 2.444716085000068e-06
40750.056 2.0762348076993907e-06
40800.056 2.0305782747399394e-06
40850.056 2.0014843988603493e-06
40900.056 2.0364902139000816e-06
40950.056 2.0851081995999297e-06
41000.056 2.108071911899912e-06
41050.056 2.0833256697797517e-06
41100.056 1.9334527640299138e-06
41150.056 2.0830718302999302e-06
41200.056 1.976784608450071e-06
41250.056 2.0050475086001023e-06
41300.056 1.7008362461896914e-06
41350.056 2.025026649510057e-06
41400.056 1.8500778437002346e-06
41450.056 1.9037891410802293e-06
41500.056 1.9701449367400852e-06
41550.056 1.8788567446800295e-06
41600.056 1.8343642506000835e-06
41650.056 1.7852880457201964e-06
41700.056 1.6776267508498505e-06
41750.056 1.7790321335998705e-06
41800.056 1.9057211611598474e-06
41850.056 1.4509846095001917e-06
41900.056 1.811186570699919e-06
41950.056 1.7787132865902807e-06
42000.056 1.7131521617503017e-06
42050.056 1.5060115940397409e-06
42100.056 1.759444270600232e-06
42150.056 1.3274300802198398e-06
42200.056 1.3799280412300928e-06
42250.056 1.6463791161099483e-06
42300.056 1.4122600505000346e-06
42350.056 1.6122049699702687e-06
42400.056 1.4191519387102033e-06
42450.056 1.2559399259100376e-06
42500.056 1.3109987998901336e-06
42550.056 1.33176065900997e-06
42600.056 1.3800036456801396e-06
42650.056 1.4058465498595298e-06
42700.056 1.4154332108801695e-06
42750.056 1.3052440571799814e-06
42800.056 1.343761314590312e-06
42850.056 1.4811924607197068e-06
42900.056 1.462039826410063e-06
42950.056 1.254744651499577e-06
43000.056 1.3525515091899922e-06
43050.056 1.1690291162204356e-06
43100.056 1.3123941236900027e-06
43150.056 1.2923094219701207e-06
43200.056 1.2612623220600949e-06
43250.056 1.3251239407398427e-06
43300.056 1.3595572567300823e-06
43350.056 1.1419043791198005e-06
43400.056 1.2362348401999687e-06
43450.056 1.1793139757202157e-06
43500.056 1.1998128124199029e-06
43550.056 1.2274300571400488e-06
43600.056 1.3130262886000498e-06
43650.056 1.118989853720021e-06
43700.056 1.2046611028498828e-06
43750.056 1.1909735507901404e-06
43800.056 1.133394634909976e-06
43850.056 1.1057250568202262e-06
43900.056 1.1764750008398902e-06
43950.056 1.0552684943699668e-06
44000.056 9.723761278400599e-07
44050.056 1.0351068524600339e-06
44100.056 1.1170775820801281e-06
44150.056 1.1497552517499026e-06
44200.056 1.0698490456300344e-06
44250.056 1.0045039057500053e-06
44300.056 9.763123800301077e-07
44350.056 9.694900068300764e-07
44400.056 9.999249781999522e-07
44450.056 1.0221683696600285e-06
44500.056 1.0074094991301368e-06
44550.056 9.756998485298643e-07
44600.056 9.51183112890102e-07
44650.056 1.021958325460061e-06
44700.056 9.115535992800355e-07
44750.056 9.728946912699282e-07
44800.056 9.629633535599738e-07
44850.056 9.677996809300995e-07
44900.056 8.848577688000847e-07
44950.056 8.808542800300438e-07
45000.056 9.264673199599704e-07
45050.056 9.306357380599582e-07
45100.056 9.727663134600017e-07
45150.056 8.947718357599933e-07
45200.056 8.210940524200241e-07
45250.056 8.666189464299127e-07
45300.056 9.226730653200371e-07
45350.056 9.262974849599253e-07
45400.056 8.916397151600917e-07
45450.056 8.422328944098722e-07
45500.056 8.741302945399542e-07
45550.056 9.452454668699453e-07
45600.056 8.863691872199977e-07
45650.056 8.024469624198631e-07
45700.056 9.169353079300811e-07
45750.056 8.381925592400175e-07
45800.056 8.388017683699761e-07
45850.056 9.901944830999694e-07
45900.056 9.721709537400304e-07
45950.056 8.347073785399916e-07
46000.056 9.819331809100318e-07
46050.056 9.752495738801868e-07
46100.056 8.409953392500368e-07
46150.056 8.878436903199301e-07
46200.056 9.321610383001912e-07
46250.056 8.017391741299768e-07
46300.056 9.990796848699923e-07
46350.056 8.817113048299485e-07
46400.056 9.105888834099549e-07
46450.056 9.324076065900616e-07
46500.056 8.365278789499941e-07
46550.056 9.931492299799996e-07
46600.056 9.630873198800499e-07
46650.056 1.1951941177398388e-06
46700.056 1.0946571689403143e-06
46750.056 8.898682491400106e-07
46800.056 9.154082753900847e-07
46850.056 1.0669020997301386e-06
46900.056 9.95962993149854e-07
46950.056 1.1128500709499706e-06
47000.056 9.237295652100319e-07
47050.056 1.1080091844298492e-06
47100.056 8.29624211380078e-07
47150.056 9.360123481800846e-07
47200.056 1.0317841076901396e-06
47250.056 9.026224259499223e-07
47300.056 9.083810743398834e-07
47350.056 8.678607357399075e-07
47400.056 1.0328363151198742e-06
47450.056 9.042473561999824e-07
47500.056 1.0296033563899136e-06
47550.056 9.053981112399518e-07
47600.056 1.0160102375499064e-06
47650.056 7.953183620398545e-07
47700.056 1.0315376327900845e-06
47750.056 7.365351592601032e-07
47800.056 9.79358741239956e-07
47850.056 7.673724542999392e-07
47900.056 9.584362427199856e-07
47950.056 8.173402317700729e-07
48000.056 1.1211742096000044e-06
48050.056 8.823719417600967e-07
48100.056 9.309899640899899e-07
48150.056 8.582710834801143e-07
48200.056 9.891308472700449e-07
48250.056 8.384864343600359e-07
48300.056 1.1219828784698616e-06
48350.056 7.651536154399647e-07
48400.056 9.031280505599634e-07
48450.056 8.312077976300523e-07
48500.056 1.101895488319976e-06
48550.056 7.770315611699757e-07
48600.056 1.0205083670799495e-06
48650.056 8.285032136799676e-07
48700.056 1.0287538207300473e-06
48750.056 7.211529582600784e-07
48800.056 1.114981395050044e-06
48850.056 7.815447259498288e-07
48900.056 1.0764001238500682e-06
48950.056 9.12272947070023e-07
49000.056 8.650744541799382e-07
49050.056 1.0236527610999684e-06
49100.056 9.084665289200836e-07
49150.056 9.532807494299763e-07
49200.056 9.080109313099747e-07
49250.056 9.639959416900456e-07
49300.056 8.379793496999394e-07
49350.056 8.574707763000265e-07
49400.056 1.0168424381399802e-06
49450.056 9.079622897102135e-07
49500.056 8.896381570900032e-07
49550.056 7.785569031099861e-07
49600.056 8.760031062301368e-07
49650.056 8.962714033199747e-07
49700.056 8.143333645499104e-07
49750.056 1.189574612349852e-06
49800.056 8.73745363020033e-07
49850.056 1.1287580474100934e-06
49900.056 9.216655507099885e-07
49950.056 9.13082527869864e-07
50000.056 9.316355085398705e-07
50050.056 9.554376066900155e-07
50100.056 1.016183946939962e-06
50150.056 8.238111425400027e-07
50200.056 7.385243562000708e-07
50250.056 9.457169227000138e-07
50300.056 8.785036128999688e-07
50350.056 1.0611516803100045e-06
50400.056 8.90363200139939e-07
50450.056 8.58813537070103e-07
50500.056 1.088885463570108e-06
50550.056 9.344581077500027e-07
50600.056 9.377008793499447e-07
50650.056 9.474644988101349e-07
50700.056 1.057360645599825e-06
50750.056 1.0522548597601093e-06
50800.056 7.486784874998907e-07
50850.056 8.787676225701286e-07
50900.056 1.0484265686299539e-06
50950.056 9.956334995701647e-07
51000.056 1.1580083142900906e-06
51050.056 9.145589659100637e-07
51100.056 7.858608796399412e-07
51150.056 9.498262101399602e-07
51200.056 1.0209667899399664e-06
51250.056 9.800361340099773e-07
51300.056 8.009486014202223e-07
51350.056 9.739081071498748e-07
51400.056 8.052395111198904e-07
51450.056 6.704811323498967e-07
51500.056 8.166211903901014e-07
51550.056 1.12461818342008e-06
51600.056 7.96203941960057e-07
51650.056 8.838254311198877e-07
51700.056 9.072272056197765e-07
51750.056 8.059536845000406e-07
51800.056 1.0032193727697877e-06
51850.056 9.623042240899131e-07
51900.056 1.105524926650114e-06
51950.056 9.464959154599359e-07
52000.056 7.351647509199633e-07
52050.056 9.12009289649958e-07
52100.056 8.221324541099504e-07
52150.056 8.081887614900247e-07
52200.056 8.072606160300166e-07
52250.056 8.633695437700051e-07
52300.056 1.0564045512999473e-06
52350.056 1.015179003450063e-06
52400.056 7.305826777201082e-07
52450.056 8.908018358100467e-07
52500.056 1.0313448102198481e-06
52550.056 9.653539086598283e-07
52600.056 9.291947412001041e-07
52650.056 1.0304771703401076e-06
52700.056 8.614278630000177e-07
52750.056 7.278422733399575e-07
52800.056 8.036888466100582e-07
52850.056 7.869908835098804e-07
52900.056 8.634405853799856e-07
52950.056 8.571074071699586e-07
53000.056 1.0396259941700345e-06
53050.056 8.012049969998456e-07
53100.056 8.685577131398848e-07
53150.056 1.0814450602100874e-06
53200.056 6.863162706200376e-07
53250.056 1.0029793519400146e-06
53300.056 9.945484547003558e-07
53350.056 9.80282218489901e-07
53400.056 9.61189107700032e-07
53450.056 8.013689130500173e-07
53500.056 6.453828355399046e-07
53550.056 8.503051867599339e-07
53600.056 9.250279989501397e-07
53650.056 7.442005196500345e-07
