galfind/configs/Brown_Dwarf_templates/sonora_bobcat/m0.0/1000g/co0.5/sp_t2200g1000nc_m+0.0_co0.5_resample.dat
# %ECSV 1.0
# ---
# datatype:
# - {name: wav, unit: Angstrom, datatype: float64}
# - {name: flux_nu, unit: erg / (cm2 Hz s), datatype: float64}
# meta: {C/O: '0.50', Kzz: '1.0000E+05', Teff: '2200.', Y: '0.28', '[Fe/H]': '0.00', f_hole: '1.00', f_rain: '0.00', grav: '1000.'}
# schema: astropy-2.0
wav flux_nu
4000.0559999999996 nan
4050.0559999999996 2.7142040102015906e-08
4100.056 3.692214401075633e-08
4150.056 3.049095142620406e-08
4200.056 2.2783674740384133e-08
4250.056 1.9235344201935527e-08
4300.056 1.2630517448974412e-08
4350.056 1.1647355500021481e-08
4400.056 1.0953365794923837e-08
4450.056 5.830765695150978e-09
4500.056 5.843601462211202e-09
4550.056 7.481586010197619e-09
4600.056 5.788276483138549e-09
4650.056 4.229811503389791e-09
4700.056 5.517577920720926e-09
4750.056 6.994339319877361e-09
4800.056 3.466460485090739e-09
4850.056 4.704610435341263e-09
4900.056 1.1079411141598359e-08
4950.056 1.4572606119498615e-08
5000.056 4.378208195529186e-09
5050.056 6.461366466391022e-09
5100.056 1.023778054228192e-08
5150.056 9.488869162713066e-09
5200.056 6.086372840560004e-09
5250.056 9.635931679600198e-09
5300.056 1.2455938043600084e-08
5350.056 1.292685238990113e-08
5400.056 1.4020900822400164e-08
5450.056 1.0672283317599003e-08
5500.056 7.773604031499585e-09
5550.056 9.683772198199952e-09
5600.056 8.182569741700624e-09
5650.056 6.96541915930007e-09
5700.056 6.7898455541001535e-09
5750.056 4.939338588999753e-09
5800.056 3.1014299528999328e-09
5850.056 1.0178756821699745e-09
5900.056 9.146556378664594e-11
5950.056 2.110465061500013e-09
6000.056 6.439176939999946e-09
6050.056 1.3084610612800502e-08
6100.056 1.9952043486600393e-08
6150.056 2.3629022375198048e-08
6200.056 1.8187943128600068e-08
6250.056 2.1605495299000982e-08
6300.056 3.1579730759000544e-08
6350.056 4.101250090700271e-08
6400.056 5.0581563329001194e-08
6450.056 6.137179337798893e-08
6500.056 6.56077685409885e-08
6550.056 8.062756094298945e-08
6600.056 7.478653435500278e-08
6650.056 6.216621992800637e-08
6700.056 4.19406799695314e-08
6750.056 5.563510032900435e-08
6800.056 6.432902375700539e-08
6850.056 8.457207603200308e-08
6900.056 1.1667435003899901e-07
6950.056 1.5088906745699548e-07
7000.056 2.1425182709398944e-07
7050.056 1.831344285460142e-07
7100.056 8.502295213599657e-08
7150.056 7.194656013800424e-08
7200.056 1.0008972004799663e-07
7250.056 1.4833745196901938e-07
7300.056 2.413472182680381e-07
7350.056 3.6779324427998605e-07
7400.056 4.79940195530012e-07
7450.056 5.139412729399682e-07
7500.056 5.341550262599991e-07
7550.056 5.221361287900098e-07
7600.056 2.9013075094199507e-07
7650.056 5.0395090769071775e-08
7700.056 1.986715833692476e-08
7750.056 1.5173559269300861e-07
7800.056 2.3514748674071853e-07
7850.056 3.1080806217000097e-07
7900.056 3.744262228100385e-07
7950.056 3.9932822027849704e-07
8000.056 5.337278518699435e-07
8050.056 7.886552303699663e-07
8100.056 1.0880081300401354e-06
8150.056 1.4102590689700258e-06
8200.056 8.667762100179059e-07
8250.056 1.2429134672199427e-06
8300.056 1.045024371010263e-06
8350.056 1.1223319653502687e-06
8400.056 1.1380077250801237e-06
8450.056 6.815823049799251e-07
8500.056 5.954619579404378e-07
8550.056 7.81397236490077e-07
8600.056 9.825407769297017e-07
8650.056 1.2479320272098636e-06
8700.056 1.2776272380100039e-06
8750.056 1.4958059259301774e-06
8800.056 1.9533372194302644e-06
8850.056 1.8323278558600274e-06
8900.056 1.2378046365101132e-06
8950.056 1.3712294677241894e-06
9000.056 1.748937155680161e-06
9050.056 1.7765295984097838e-06
9100.056 2.270303279290049e-06
9150.056 2.6592433922600414e-06
9200.056 2.62245271437043e-06
9250.056 1.9286006617800113e-06
9300.056 1.6333115930500725e-06
9350.056 1.8189235787098723e-06
9400.056 2.010647415140313e-06
9450.056 2.2969278311695745e-06
9500.056 2.713502060049846e-06
9550.056 2.9648564085402398e-06
9600.056 3.2000149366204104e-06
9650.056 3.5488837115005244e-06
9700.056 3.839149143189735e-06
9750.056 3.140298261529913e-06
9800.056 3.350938530539792e-06
9850.056 3.2590393505998474e-06
9900.056 2.530913534039813e-06
9950.056 2.068140114300102e-06
10000.056 2.0830880893399036e-06
10050.056 2.114098918359872e-06
10100.056 2.6308108033806034e-06
10150.056 2.5812019164999287e-06
10200.056 2.8142888154098933e-06
10250.056 2.7554474084193664e-06
10300.056 2.606945063969682e-06
10350.056 3.0312465986299373e-06
10400.056 3.3675559856998936e-06
10450.056 3.557990568120522e-06
10500.056 3.6728073947494515e-06
10550.056 3.911247131080292e-06
10600.056 4.252318249550267e-06
10650.056 4.215412142139972e-06
10700.056 4.317670534060188e-06
10750.056 4.665170050620355e-06
10800.056 4.992551773289613e-06
10850.056 5.3177498189497094e-06
10900.056 5.352601535929778e-06
10950.056 5.25955625569923e-06
11000.056 5.0048472394300825e-06
11050.056 3.928945562449908e-06
11100.056 4.215585101230579e-06
11150.056 4.490554202679775e-06
11200.056 4.544672239640563e-06
11250.056 5.148864158339997e-06
11300.056 5.089801399589954e-06
11350.056 4.694155630909772e-06
11400.056 3.3959948396999844e-06
11450.056 5.087463643219397e-06
11500.056 5.8249532138995004e-06
11550.056 5.6605787138600135e-06
11600.056 5.887940795749005e-06
11650.056 5.890078575750536e-06
11700.056 4.440261454835025e-06
11750.056 4.691052118599605e-06
11800.056 4.765427236640341e-06
11850.056 6.146498410680304e-06
11900.056 6.4759261041890204e-06
11950.056 6.136527734899938e-06
12000.056 5.5783651002002156e-06
12050.056 6.327650752200088e-06
12100.056 6.219633445699663e-06
12150.056 6.893748937599634e-06
12200.056 6.854082656799394e-06
12250.056 7.286884397799584e-06
12300.056 7.423369111800611e-06
12350.056 7.365885074300301e-06
12400.056 6.491862022199708e-06
12450.056 5.469853714660094e-06
12500.056 5.930265293199142e-06
12550.056 5.96564840932018e-06
12600.056 6.950687419200027e-06
12650.056 7.151362782699571e-06
12700.056 7.578173097100014e-06
12750.056 7.570421553299905e-06
12800.056 8.000378995199557e-06
12850.056 7.774666401000145e-06
12900.056 7.500392061899404e-06
12950.056 7.676864006699679e-06
13000.056 7.977784415099305e-06
13050.056 8.187581274299655e-06
13100.056 8.181191042799642e-06
13150.056 8.24398410549972e-06
13200.056 7.975987949299967e-06
13250.056 7.472374560230138e-06
13300.056 6.639540313246196e-06
13350.056 4.278457305112466e-06
13400.056 4.024696619546976e-06
13450.056 3.591797594334902e-06
13500.056 3.4765440918314976e-06
13550.056 3.2871229931363123e-06
13600.056 3.1364551067180882e-06
13650.056 3.525830882987826e-06
13700.056 3.2452419409575114e-06
13750.056 3.359673055478294e-06
13800.056 3.7923986318185584e-06
13850.056 3.681321272346653e-06
13900.056 3.533506452426248e-06
13950.056 3.3580072165299184e-06
14000.056 3.146667582257028e-06
14050.056 3.2552352245927884e-06
14100.056 2.879815925324237e-06
14150.056 2.995661277003208e-06
14200.056 2.7630455212183714e-06
14250.056 2.716959729410333e-06
14300.056 2.8067950233336084e-06
14350.056 2.8513518553282666e-06
14400.056 2.968588302378225e-06
14450.056 3.0848996220302327e-06
14500.056 3.377726714920746e-06
14550.056 3.4104933300658123e-06
14600.056 3.6181294592809104e-06
14650.056 3.556264287618737e-06
14700.056 3.299090177099756e-06
14750.056 3.4957400115306893e-06
14800.056 3.602583747840782e-06
14850.056 3.862304736769336e-06
14900.056 3.821157825009762e-06
14950.056 3.861615260140678e-06
15000.056 3.978318167960449e-06
15050.056 4.358162120899283e-06
15100.056 4.3268589054303736e-06
15150.056 4.429999454190295e-06
15200.056 4.666280512399706e-06
15250.056 4.707501330999871e-06
15300.056 4.914927032879898e-06
15350.056 5.09970950550007e-06
15400.056 5.234690470700027e-06
15450.056 5.439448472600258e-06
15500.056 5.547850949199588e-06
15550.056 5.80237295299966e-06
15600.056 5.877323971300592e-06
15650.056 6.052896353999984e-06
15700.056 6.376569170501382e-06
15750.056 6.57640855859948e-06
15800.056 6.726974941200664e-06
15850.056 6.212179358900478e-06
15900.056 6.397198257300356e-06
15950.056 6.464140500899898e-06
16000.056 6.641920370199796e-06
16050.056 6.812606475000576e-06
16100.056 6.979839217800104e-06
16150.056 6.772695325100292e-06
16200.056 7.0760336392998465e-06
16250.056 6.941756952799996e-06
16300.056 7.022248896100045e-06
16350.056 7.394263270099754e-06
16400.056 7.278292196000505e-06
16450.056 7.505718612400506e-06
16500.056 7.671586926000246e-06
16550.056 8.005797119299662e-06
16600.056 7.633352639900397e-06
16650.056 8.199971226500385e-06
16700.056 7.884512742899188e-06
16750.056 7.954425044099633e-06
16800.056 8.167146903899811e-06
16850.056 8.254165728999525e-06
16900.056 8.013747338500245e-06
16950.056 7.959814421899489e-06
17000.056 7.980982209800706e-06
17050.056 7.871024672800381e-06
17100.056 7.5361592517005585e-06
17150.056 7.401067410800252e-06
17200.056 6.883650838699565e-06
17250.056 6.51195110006994e-06
17300.056 6.595888411639274e-06
17350.056 6.358668142080586e-06
17400.056 6.318525293989863e-06
17450.056 5.918640136997693e-06
17500.056 5.740055420899374e-06
17550.056 5.55447784872081e-06
17600.056 5.347421914929948e-06
17650.056 5.436121365449689e-06
17700.056 4.703097719009324e-06
17750.056 4.596803644029824e-06
17800.056 4.534189892951023e-06
17850.056 4.169081647826385e-06
17900.056 4.278387678089112e-06
17950.056 4.148100203152647e-06
18000.056 3.829262950440225e-06
18050.056 3.851490763218911e-06
18100.056 3.7144543272506665e-06
18150.056 4.0920371143581456e-06
18200.056 3.4276921757313815e-06
18250.056 4.061616951545304e-06
18300.056 3.847844942868909e-06
18350.056 3.698209594693151e-06
18400.056 3.6010144114781113e-06
18450.056 3.2579483076015672e-06
18500.056 3.4057356918304983e-06
18550.056 3.1708472612621766e-06
18600.056 2.696779125268929e-06
18650.056 3.1094295611686563e-06
18700.056 3.393812374824628e-06
18750.056 3.249764009471973e-06
18800.056 3.3626294119610883e-06
18850.056 3.854027132329742e-06
18900.056 3.6929646194625182e-06
18950.056 3.815546892769751e-06
19000.056 4.014720260599345e-06
19050.056 3.876183193632019e-06
19100.056 4.032316881500828e-06
19150.056 4.1318398928309345e-06
19200.056 4.090416661994065e-06
19250.056 3.914056894152379e-06
19300.056 4.129842872925081e-06
19350.056 4.098049236975858e-06
19400.056 3.563618824749307e-06
19450.056 4.1031712704562544e-06
19500.056 4.129737102379673e-06
19550.056 3.530507755475767e-06
19600.056 3.994053892569616e-06
19650.056 3.954270533947864e-06
19700.056 3.964080305250231e-06
19750.056 3.6600193623103184e-06
19800.056 3.880806348159489e-06
19850.056 3.938957581520628e-06
19900.056 3.5154609259707837e-06
19950.056 4.064695912299753e-06
20000.056 3.6032877051304842e-06
20050.056 3.9085734944308754e-06
20100.056 3.904113388848137e-06
20150.056 3.94808111692066e-06
20200.056 4.044518021309278e-06
20250.056 4.1805417260197325e-06
20300.056 4.2271256393403845e-06
20350.056 4.3341072183294995e-06
20400.056 4.3337211885081875e-06
20450.056 4.504662674549408e-06
20500.056 4.56883633041996e-06
20550.056 4.659459028989951e-06
20600.056 4.910644923060347e-06
20650.056 4.795973863440448e-06
20700.056 5.025463192820451e-06
20750.056 5.066589182149476e-06
20800.056 5.277340624599941e-06
20850.056 5.213974212999993e-06
20900.056 5.507839669699802e-06
20950.056 5.5452005485997245e-06
21000.056 5.749450680499772e-06
21050.056 5.836395090400115e-06
21100.056 5.850289359699964e-06
21150.056 6.113048594500142e-06
21200.056 6.1266061858003214e-06
21250.056 6.3873870810995375e-06
21300.056 6.213823171700102e-06
21350.056 6.59883633100024e-06
21400.056 6.401248185400293e-06
21450.056 6.976702461200003e-06
21500.056 6.635328594300279e-06
21550.056 6.8250350127996815e-06
21600.056 7.000068457300469e-06
21650.056 6.971300933100188e-06
21700.056 7.23611100839984e-06
21750.056 7.0767576709000205e-06
21800.056 7.12859379259963e-06
21850.056 7.164919894599733e-06
21900.056 7.366860120800534e-06
21950.056 7.239644891700135e-06
22000.056 7.4566401426997416e-06
22050.056 7.139394624099437e-06
22100.056 7.3580373376998744e-06
22150.056 7.482264627900403e-06
22200.056 7.274397220400866e-06
22250.056 7.67660239230045e-06
22300.056 7.5817657237998865e-06
22350.056 7.347536198800222e-06
22400.056 7.670362884600163e-06
22450.056 7.541730133899386e-06
22500.056 7.639033133099868e-06
22550.056 7.5771965671992476e-06
22600.056 7.584811966699829e-06
22650.056 7.472253341900948e-06
22700.056 7.468366558901035e-06
22750.056 7.729359104199702e-06
22800.056 7.413207101360127e-06
22850.056 7.576250288800404e-06
22900.056 7.693275644699763e-06
22950.056 6.180076711530746e-06
23000.056 6.628164139180315e-06
23050.056 6.816349154659172e-06
23100.056 6.52925128189005e-06
23150.056 6.666051402070313e-06
23200.056 6.642022427360297e-06
23250.056 5.918954744728823e-06
23300.056 6.065887755290118e-06
23350.056 6.2361747567900725e-06
23400.056 5.998017023660013e-06
23450.056 6.126051267790263e-06
23500.056 6.045043839269131e-06
23550.056 5.5584328875711615e-06
23600.056 5.467713764291173e-06
23650.056 5.910888186939218e-06
23700.056 5.7307893096888075e-06
23750.056 5.769121079920655e-06
23800.056 5.678723675970241e-06
23850.056 4.944354020000371e-06
23900.056 5.320199039900045e-06
23950.056 5.429432546690898e-06
24000.056 5.061027568708758e-06
24050.056 4.962794859700582e-06
24100.056 4.507594850809049e-06
24150.056 4.461794691810569e-06
24200.056 4.413558219519106e-06
24250.056 4.307184854170079e-06
24300.056 4.125483105400355e-06
24350.056 3.7925524388902e-06
24400.056 4.204327173069899e-06
24450.056 3.7239475198800356e-06
24500.056 3.4986782009600866e-06
24550.056 3.380256249610282e-06
24600.056 3.4334101940504666e-06
24650.056 3.7298129530400394e-06
24700.056 3.097659152560005e-06
24750.056 2.901769751410496e-06
24800.056 2.8768003815602675e-06
24850.056 3.365202274990031e-06
24900.056 2.5232145252712537e-06
24950.056 3.1913036168597755e-06
25000.056 2.8476793941302655e-06
25050.056 2.2664828939606843e-06
25100.056 2.7440172986999404e-06
25150.056 2.39746446654981e-06
25200.056 2.5478238445798526e-06
25250.056 2.382813213401385e-06
25300.056 2.597140133140206e-06
25350.056 2.1616772753319317e-06
25400.056 2.413347818920866e-06
25450.056 2.173444840547999e-06
25500.056 2.336642823935661e-06
25550.056 2.2097154272051327e-06
25600.056 2.2743801730850075e-06
25650.056 2.028218020275877e-06
25700.056 2.625570304339161e-06
25750.056 1.8832957554093255e-06
25800.056 2.454074770350289e-06
25850.056 2.2307076159358065e-06
25900.056 2.4430866945105086e-06
25950.056 2.126904971850143e-06
26000.056 2.44919892607077e-06
26050.056 2.564132823489991e-06
26100.056 2.578776931720293e-06
26150.056 2.5597846046394206e-06
26200.056 2.4275910677741256e-06
26250.056 2.539672639160276e-06
26300.056 2.5247869192299458e-06
26350.056 2.5924073662698996e-06
26400.056 2.6359254830696755e-06
26450.056 2.573806803900278e-06
26500.056 2.7327627018292504e-06
26550.056 2.7037335137295533e-06
26600.056 3.1759867504894925e-06
26650.056 2.4652085141375813e-06
26700.056 2.553917506676028e-06
26750.056 2.2065514229590195e-06
26800.056 2.506894607539383e-06
26850.056 1.9861240273502714e-06
26900.056 2.6084437860499937e-06
26950.056 1.783100588589954e-06
27000.056 2.44612045658042e-06
27050.056 2.049085595749792e-06
27100.056 2.0725546430895527e-06
27150.056 2.195327676829986e-06
27200.056 2.1826737135203524e-06
27250.056 1.9760370038007984e-06
27300.056 2.346783048910239e-06
27350.056 2.213752075779272e-06
27400.056 1.8604019080199584e-06
27450.056 2.480583932839255e-06
27500.056 2.260838314220128e-06
27550.056 2.129686174099828e-06
27600.056 2.4986010941397626e-06
27650.056 1.9668992869698166e-06
27700.056 1.8975530060000945e-06
27750.056 2.5447650174790024e-06
27800.056 1.860221647499969e-06
27850.056 2.0358416528693217e-06
27900.056 2.0780336356700314e-06
27950.056 2.4368328572698513e-06
28000.056 2.2582236790805904e-06
28050.056 1.7365202206204608e-06
28100.056 2.5237193073708754e-06
28150.056 2.0079150528100416e-06
28200.056 1.7222533584500748e-06
28250.056 2.203185063380034e-06
28300.056 2.5298055262604794e-06
28350.056 1.9268363646493394e-06
28400.056 2.1081715751600383e-06
28450.056 2.167840146699649e-06
28500.056 2.1788341571095416e-06
28550.056 1.5760659209594896e-06
28600.056 2.5187905530801076e-06
28650.056 2.275181910779859e-06
28700.056 2.0071956303596807e-06
28750.056 2.284820419759888e-06
28800.056 2.2056035226504315e-06
28850.056 2.2889738408302325e-06
28900.056 1.791591521440076e-06
