galfind/configs/Brown_Dwarf_templates/sonora_bobcat/m0.0/1000g/co0.5/sp_t200g1000nc_m+0.0_co0.5_resample.dat
# %ECSV 1.0
# ---
# datatype:
# - {name: wav, unit: Angstrom, datatype: float64}
# - {name: flux_nu, unit: erg / (cm2 Hz s), datatype: float64}
# meta: {C/O: '0.50', Kzz: '1.0000E+05', Teff: '200.', Y: '0.28', '[Fe/H]': '0.00', f_hole: '1.00', f_rain: '0.00', grav: '1000.'}
# schema: astropy-2.0
wav flux_nu
[from data line 498]
28900.056 3.0410892594442365e-15
28950.056 2.686080674530971e-15
29000.056 2.5127407046481177e-15
29050.056 5.63282076421544e-15
29100.056 1.114256015142863e-16
29150.056 1.6523976516426657e-16
29200.056 1.6054167637553644e-14
29250.056 4.223183637171665e-15
29300.056 4.644260341102567e-16
29350.056 7.127079239945705e-15
29400.056 7.501314974597916e-15
29450.056 9.436845698630464e-16
29500.056 1.3188000336185058e-14
29550.056 8.540433946287253e-15
29600.056 8.94145166938298e-16
29650.056 7.889177528010999e-15
29700.056 7.10778456695007e-15
29750.056 2.7548638667563503e-14
29800.056 2.090455670324628e-15
29850.056 1.925219031179428e-14
29900.056 4.5806503564424416e-15
29950.056 2.93782440330051e-15
30000.056 9.84503065197554e-18
30050.056 3.85031193414649e-15
30100.056 1.2077407494825073e-14
30150.056 1.2263615973924657e-14
30200.056 7.55708943072044e-14
30250.056 3.343482066290936e-14
30300.056 3.1310804603954403e-14
30350.056 2.324505292070616e-14
30400.056 1.1019187462731666e-13
30450.056 1.2892049003826553e-13
30500.056 8.858971484277993e-15
30550.056 1.461693977194711e-14
30600.056 7.935088849172592e-13
30650.056 2.6347900888601427e-13
30700.056 6.722129792305744e-15
30750.056 1.2427644537331208e-13
30800.056 4.552788958760238e-13
30850.056 4.215461401444445e-13
30900.056 6.06546724815672e-14
30950.056 1.2052675606668267e-13
31000.056 1.5160874875478736e-13
31050.056 1.598563259568698e-14
31100.056 4.677340790374537e-15
31150.056 1.143999940207716e-13
31200.056 4.567706510269852e-13
31250.056 4.4457772779791596e-13
31300.056 2.6377811860831175e-14
31350.056 4.5327162305421864e-13
31400.056 3.693027603700145e-13
31450.056 2.669027128269781e-13
31500.056 7.146783474963563e-14
31550.056 3.113527546656845e-13
31600.056 2.3617224236341414e-13
31650.056 9.630951851726884e-14
31700.056 1.0815680514602365e-13
31750.056 4.3131299094884595e-14
31800.056 7.682146926599177e-14
31850.056 7.103906267673911e-15
31900.056 2.218968186679657e-14
31950.056 6.195939360416734e-15
32000.056 4.690281507608517e-15
32050.056 2.207755513765202e-15
32100.056 1.5300172864176048e-15
32150.056 7.084717276390165e-16
32200.056 1.7249185854468766e-16
32250.056 4.018964507518495e-16
32300.056 2.9744795007100743e-17
32350.056 1.0343701643727462e-16
32400.056 3.2361398854409246e-18
32450.056 5.417477365701136e-17
32500.056 2.4719728097208772e-18
32550.056 2.8495952140121097e-17
32600.056 7.380939997533619e-19
32650.056 3.2095001862001224e-17
32700.056 1.0571666331771206e-18
32750.056 1.2870590513142242e-16
32800.056 1.927861231127819e-17
32850.056 1.1703448722741185e-15
32900.056 3.604463942652923e-16
32950.056 1.445589627756039e-15
33000.056 2.9934743720664155e-16
33050.056 5.1517876556373864e-17
33100.056 5.661001872614645e-18
33150.056 1.7197333387559337e-20
33200.056 5.56647424710321e-18
33250.056 1.658195179277636e-17
33300.056 8.938420371993854e-16
33350.056 1.7400169164289544e-16
33400.056 1.9379562791698867e-15
33450.056 2.0919418865441812e-17
33500.056 6.3876191712944e-16
33550.056 6.284869538689778e-17
33600.056 3.7617521302540893e-16
33650.056 6.722408983896177e-16
33700.056 3.408849478578553e-17
33750.056 8.71828552809685e-16
33800.056 1.1543733012972111e-17
33850.056 4.1043116309008673e-16
33900.056 4.61901702101217e-16
33950.056 9.582143932498823e-16
34000.056 4.175066351540142e-15
34050.056 5.098058865453561e-16
34100.056 6.892429114266257e-15
34150.056 1.7058191520944594e-15
34200.056 1.8892210740056402e-14
34250.056 4.317363215445693e-15
34300.056 8.83024690365769e-15
34350.056 8.821677259209964e-14
34400.056 4.906701626008509e-15
34450.056 4.0998730915698036e-14
34500.056 6.559035414097798e-15
34550.056 8.974697258298624e-14
34600.056 6.336588837870238e-13
34650.056 7.962257539854467e-15
34700.056 3.525753906683867e-13
34750.056 5.138929939296257e-14
34800.056 5.375077945094279e-14
34850.056 1.7446925504470782e-13
34900.056 2.966852906613657e-14
34950.056 3.8950039063995436e-13
35000.056 2.6134663859272353e-13
35050.056 1.0190675219953143e-12
35100.056 8.914884747046539e-13
35150.056 2.267883340504072e-12
35200.056 3.1042331067304005e-12
35250.056 4.1741560942460034e-12
35300.056 2.655793887844334e-13
35350.056 2.5335889311771364e-14
35400.056 1.2642920243156617e-14
35450.056 1.7969385712481337e-14
35500.056 3.2661129587470105e-13
35550.056 6.104237606000589e-13
35600.056 9.2109100902933e-13
35650.056 7.097772822983989e-13
35700.056 1.5483221511003936e-12
35750.056 1.2664591445411051e-12
35800.056 1.7495454764528297e-13
35850.056 1.5081438651177423e-13
35900.056 5.569521124250561e-13
35950.056 2.605792761461278e-12
36000.056 3.853087241020122e-12
36050.056 1.645946795977837e-12
36100.056 1.2325639572344572e-12
36150.056 1.7634804398122412e-11
36200.056 7.654957586345468e-12
36250.056 2.1130008241726046e-12
36300.056 9.766794087420517e-12
36350.056 9.415105599989696e-12
36400.056 1.0423995639899292e-11
36450.056 3.8329894868108e-12
36500.056 3.7015990639419884e-12
36550.056 3.14741956470011e-11
36600.056 3.761079994599949e-11
36650.056 6.494484302572608e-12
36700.056 1.4545471076294843e-11
36750.056 5.328225156500496e-11
36800.056 4.550437585689338e-11
36850.056 9.928321163551382e-12
36900.056 9.450535999440682e-12
36950.056 5.571174698089803e-11
37000.056 4.276807479576756e-11
37050.056 4.901645229313211e-11
37100.056 3.959965177229754e-12
37150.056 1.2094511015872853e-11
37200.056 1.0244271190400849e-10
37250.056 3.5243865609191645e-11
37300.056 8.53791908096075e-12
37350.056 1.5678863429694305e-11
37400.056 3.7240816391619515e-11
37450.056 2.5397257787998392e-11
37500.056 1.771527539169844e-11
37550.056 1.0656678060482466e-10
37600.056 2.2648202495098014e-10
37650.056 1.8529377580899226e-11
37700.056 5.3103132913903884e-11
37750.056 4.833437979919759e-11
37800.056 5.559036067201429e-11
37850.056 4.355122589199882e-11
37900.056 2.691007289245978e-11
37950.056 3.8002671028598595e-11
38000.056 2.5217165327384144e-11
38050.056 9.392248775040438e-11
38100.056 1.6745894991018513e-10
38150.056 1.930567260031898e-10
38200.056 9.113727733692546e-11
38250.056 1.7836281213930276e-10
38300.056 4.5184818459594546e-10
38350.056 1.7817762316602603e-10
38400.056 3.709247981459713e-11
38450.056 5.458416214968364e-12
38500.056 2.052149677804454e-11
38550.056 1.5171861481101524e-10
38600.056 2.480373302199821e-10
38650.056 1.249054260621983e-10
38700.056 5.267586743369018e-11
38750.056 1.1406169596829705e-10
38800.056 1.2685914263200308e-10
38850.056 1.444731288850138e-10
38900.056 1.1697633402690057e-10
38950.056 9.072514109802165e-11
39000.056 2.2056287460197736e-10
39050.056 4.194652329800636e-11
39100.056 5.0221746985889245e-11
39150.056 2.196087230550049e-10
39200.056 2.3326782455000107e-10
39250.056 1.4199619303779977e-10
39300.056 1.3050779243241457e-10
39350.056 3.759951882400041e-10
39400.056 1.5209692145429428e-10
39450.056 3.103190597264387e-10
39500.056 3.725882736949679e-10
39550.056 9.23373002572967e-11
39600.056 1.9501210537905472e-10
39650.056 5.79343089160009e-10
39700.056 5.267275792599858e-10
39750.056 9.837085234327744e-11
39800.056 5.269635170585553e-11
39850.056 3.8804340818204574e-10
39900.056 6.61152399729983e-10
39950.056 2.202156022700024e-10
40000.056 3.1047651900003165e-10
40050.056 3.9901310410996336e-10
40100.056 6.619588371123106e-11
40150.056 3.4584123392002336e-10
40200.056 3.8916572486996803e-10
40250.056 5.834641176899895e-10
40300.056 6.7326245356002e-10
40350.056 2.142578281769523e-10
40400.056 1.6986827582679036e-10
40450.056 7.15826663658012e-11
40500.056 3.8334388121005466e-10
40550.056 7.746128905699942e-10
40600.056 9.527129911799791e-10
40650.056 4.307407801169494e-10
40700.056 4.434536376099745e-10
40750.056 3.7882105989998736e-10
40800.056 3.0517516459999385e-10
40850.056 1.0619860863400644e-09
40900.056 1.1286848360799556e-09
40950.056 5.592206901149688e-10
41000.056 2.8833814360296853e-10
41050.056 9.401887086240707e-10
41100.056 1.0001589492399024e-09
41150.056 2.457959012599889e-10
41200.056 1.1134808511501426e-09
41250.056 1.2481744525898703e-09
41300.056 1.0938854188901076e-09
41350.056 2.0499162901000385e-09
41400.056 1.6563520856999483e-09
41450.056 1.8105381970000091e-09
41500.056 9.964660947098985e-10
41550.056 8.263270283700655e-10
41600.056 8.483512117299298e-10
41650.056 1.6873871769401559e-09
41700.056 2.5522289182999707e-09
41750.056 2.1993696034000183e-09
41800.056 2.1723517610999714e-09
41850.056 1.4812298835999295e-09
41900.056 1.0604322685598928e-09
41950.056 5.41977479866907e-10
42000.056 4.2575810157486414e-11
42050.056 1.3576125862801134e-10
42100.056 4.027445955800018e-10
42150.056 6.972812542700308e-10
42200.056 1.14092967851004e-09
42250.056 1.1465421530700353e-09
42300.056 1.1870452189999773e-09
42350.056 1.9982641986000673e-09
42400.056 2.731183409400063e-09
42450.056 3.3387390756000493e-09
42500.056 3.5506524923000022e-09
42550.056 3.2342343523999393e-09
42600.056 2.6096142661000773e-09
42650.056 2.5519755360197815e-09
42700.056 1.3331192912200792e-09
42750.056 3.0809310722001594e-09
42800.056 4.2905002415000456e-09
42850.056 4.3585744640999515e-09
42900.056 4.083868603299995e-09
42950.056 3.809419186700035e-09
43000.056 3.8531975030999395e-09
43050.056 2.242024071899748e-09
43100.056 2.9218310890002076e-09
43150.056 3.72604161400006e-09
43200.056 4.382869297100043e-09
43250.056 4.630274074800008e-09
43300.056 4.377124056399908e-09
43350.056 3.515668090400013e-09
43400.056 3.6180430089999093e-09
43450.056 2.1895620555999522e-09
43500.056 1.5438808590200045e-09
43550.056 2.9416629445001395e-09
43600.056 3.994251320399964e-09
43650.056 2.9408327550999222e-09
43700.056 3.850204753400256e-09
43750.056 4.708053568599976e-09
43800.056 3.880805534399883e-09
43850.056 3.1748311136000233e-09
43900.056 2.4152377178000137e-09
43950.056 2.372522235100035e-09
44000.056 2.802540731600024e-09
44050.056 4.182019499600195e-09
44100.056 4.949897909799998e-09
44150.056 4.662880463099998e-09
44200.056 4.476491845599932e-09
44250.056 3.3350144005999233e-09
44300.056 2.3313777223999194e-09
44350.056 1.9143292105000223e-09
44400.056 2.2939174290000352e-09
44450.056 3.5854061188001386e-09
44500.056 3.5691697188999503e-09
44550.056 3.96529262260003e-09
44600.056 3.4776773876999925e-09
44650.056 3.824399134699972e-09
44700.056 3.412722578999911e-09
44750.056 3.6958466017000484e-09
44800.056 2.8233609662999087e-09
44850.056 3.2637650099001114e-09
44900.056 3.719334796700021e-09
44950.056 4.299605056900092e-09
45000.056 4.6323604025999855e-09
45050.056 4.034683423899868e-09
45100.056 3.773288376300085e-09
45150.056 3.4817373101999443e-09
45200.056 2.490025956699939e-09
45250.056 2.8031945427999965e-09
45300.056 2.5338004869999296e-09
45350.056 1.8214550037001266e-09
45400.056 3.862685455400068e-09
45450.056 3.578669944900116e-09
45500.056 4.441426776600091e-09
45550.056 4.388993130299871e-09
45600.056 4.24602067490005e-09
45650.056 3.919035298299859e-09
45700.056 2.324605268599738e-09
45750.056 2.183598108400187e-09
45800.056 3.6514638660999714e-09
45850.056 3.0690829076001156e-09
45900.056 4.510325698200058e-09
45950.056 4.676418937299957e-09
46000.056 4.360301063499967e-09
46050.056 3.6344948516000674e-09
46100.056 4.194747705899932e-09
46150.056 3.340820304099952e-09
46200.056 2.1684464228997603e-09
46250.056 9.380835783300273e-10
46300.056 2.4361830109001554e-09
46350.056 2.9749396547999756e-09
46400.056 3.1316277909000277e-09
46450.056 2.1169367999999303e-09
46500.056 3.010273358100019e-09
46550.056 2.0373028783998514e-09
46600.056 1.4577568127599917e-09
46650.056 2.44576843970007e-09
46700.056 1.9229279522998544e-09
46750.056 7.951493323800042e-10
46800.056 4.852230618299795e-10
46850.056 1.6129868785902458e-09
46900.056 2.8957956812000878e-09
46950.056 3.3432986484000183e-09
47000.056 3.4406260497999827e-09
47050.056 2.1880346223998344e-09
47100.056 2.279261318100035e-09
47150.056 2.465840523400068e-09
47200.056 2.4099073700998983e-09
47250.056 9.908950830398147e-10
47300.056 7.822724686301719e-10
47350.056 2.2488650971001186e-09
47400.056 2.8269641289999965e-09
47450.056 1.9931927825999666e-09
47500.056 2.742324286800151e-09
47550.056 2.9958196562999614e-09
47600.056 1.7946748869999105e-09
47650.056 2.0287351123999327e-09
47700.056 1.8385087596000887e-09
47750.056 1.6444906920999435e-09
47800.056 8.274202453498923e-10
47850.056 3.164019165600364e-10
47900.056 6.082263010200341e-10
47950.056 1.5935344565001273e-09
48000.056 1.906601626099898e-09
48050.056 1.6404744646000447e-09
48100.056 1.119209572509956e-09
48150.056 1.642751845300018e-09
48200.056 8.380848368399055e-10
48250.056 1.3426998173300642e-09
48300.056 1.451066223399955e-09
48350.056 8.335038045498998e-10
48400.056 2.313900578429616e-10
48450.056 3.2520482855105784e-10
48500.056 6.094475553399578e-10
48550.056 7.578180492701452e-10
48600.056 1.7415933666000659e-09
48650.056 2.0978837926000106e-09
48700.056 2.054742781200001e-09
48750.056 2.0026127162999894e-09
48800.056 1.769152511299942e-09
48850.056 9.034210893199287e-10
48900.056 5.688894002899385e-10
48950.056 3.3032557227998806e-10
49000.056 2.7871724528004544e-10
49050.056 7.410022303899937e-10
49100.056 1.1138337407701066e-09
49150.056 1.2651005955300006e-09
49200.056 1.713303224200049e-09
49250.056 1.7068436393999706e-09
49300.056 1.208581885129905e-09
49350.056 6.265034544900554e-10
49400.056 7.126428724799206e-10
49450.056 5.427425020000513e-10
49500.056 3.9565050184995126e-10
49550.056 1.5025436449399266e-10
49600.056 2.0817888529602604e-10
49650.056 5.966950715500537e-10
49700.056 8.946151520100183e-10
49750.056 6.418278043699696e-10
49800.056 4.670261587200163e-10
49850.056 9.848466814100566e-10
49900.056 1.186139873900001e-09
49950.056 1.0456222851599688e-09
50000.056 5.324787807599242e-10
50050.056 4.806852900300542e-10
50100.056 4.849022793199757e-10
50150.056 2.2495289394997272e-10
50200.056 9.395629192300715e-11
50250.056 2.1618074015000317e-10
50300.056 2.0315697431002065e-10
50350.056 5.488303387500387e-10
50400.056 8.165290653800286e-10
50450.056 9.64003186680003e-10
50500.056 1.054624171320018e-09
50550.056 1.0896413087299752e-09
50600.056 7.635595559199861e-10
50650.056 9.592524234699989e-10
50700.056 7.854987868999647e-10
50750.056 4.968596918799698e-10
50800.056 1.9050502674996786e-10
50850.056 1.3824197659602205e-10
50900.056 4.0133550587003494e-10
50950.056 5.080703602799751e-10
51000.056 3.981158780500473e-10
51050.056 6.81429815589984e-10
51100.056 4.67639783359971e-10
51150.056 2.778038100500296e-10
51200.056 6.258109994000272e-10
51250.056 6.303924006999871e-10
51300.056 4.759513242199779e-10
51350.056 2.6264871216996535e-10
51400.056 1.4565451400000937e-10
51450.056 1.225169373949835e-10
51500.056 1.3245993926001983e-10
51550.056 3.0795042209002114e-10
51600.056 4.60182177410016e-10
51650.056 5.742521252800102e-10
51700.056 4.700494689299491e-10
51750.056 4.469727245500423e-10
51800.056 5.924103860899976e-10
51850.056 5.175161968499834e-10
51900.056 3.9922717281998204e-10
51950.056 2.393554516299723e-10
52000.056 9.962014359399429e-11
52050.056 1.6978556131000197e-10
52100.056 1.183532008449889e-10
52150.056 8.907261393401357e-11
52200.056 2.0964494923001558e-10
52250.056 3.003150587600076e-10
52300.056 2.8796984704998736e-10
52350.056 1.3842186656599782e-10
52400.056 1.6442652226000566e-10
52450.056 3.234253279300212e-10
52500.056 2.768523213499946e-10
52550.056 4.3604345967000155e-10
52600.056 4.796347774400171e-10
52650.056 4.948948692099886e-10
52700.056 3.4399936796997484e-10
52750.056 1.4736896093598513e-10
52800.056 2.2997227148001987e-10
52850.056 2.4928428672999e-10
52900.056 1.1686122342698103e-10
52950.056 1.612413934130184e-10
53000.056 2.8220345202000497e-10
53050.056 2.0725906694999898e-10
53100.056 3.568764810200204e-10
53150.056 2.8404271080998147e-10
53200.056 2.2202271363999293e-10
53250.056 2.764612240300059e-10
53300.056 2.918435829900009e-10
53350.056 2.6977539826999285e-10
53400.056 2.1599072431999112e-10
53450.056 1.2650371233298678e-10
53500.056 6.166156961199666e-11
53550.056 9.052935554000335e-11
