galfind/configs/Brown_Dwarf_templates/sonora_bobcat/m0.0/1000g/co0.5/sp_t225g1000nc_m+0.0_co0.5_resample.dat
# %ECSV 1.0
# ---
# datatype:
# - {name: wav, unit: Angstrom, datatype: float64}
# - {name: flux_nu, unit: erg / (cm2 Hz s), datatype: float64}
# meta: {C/O: '0.50', Kzz: '1.0000E+05', Teff: '225.', Y: '0.28', '[Fe/H]': '0.00', f_hole: '1.00', f_rain: '0.00', grav: '1000.'}
# schema: astropy-2.0
wav flux_nu
[from data line 498]
28900.056 1.7048580825831876e-14
28950.056 1.9405017582339907e-14
29000.056 1.3032181780230383e-14
29050.056 3.286420461554e-14
29100.056 1.7106480401489985e-15
29150.056 1.8753120185802998e-15
29200.056 9.272502021327518e-14
29250.056 2.5132467830587097e-14
29300.056 5.110307501413572e-15
29350.056 4.9593958104551807e-14
29400.056 5.349475816776143e-14
29450.056 6.486899629181452e-15
29500.056 8.841264714662685e-14
29550.056 3.5941809596941143e-14
29600.056 8.326453033049439e-15
29650.056 7.022723700372016e-14
29700.056 2.690254659827245e-14
29750.056 1.2750891293970949e-13
29800.056 1.784513793094267e-14
29850.056 1.2561621340972816e-13
29900.056 3.2570632315902675e-14
29950.056 2.4845521880985585e-14
30000.056 8.085349578313507e-17
30050.056 1.9526826255611113e-14
30100.056 6.401823586835953e-14
30150.056 8.363709530218578e-14
30200.056 2.278543624190032e-13
30250.056 1.5569785390247892e-13
30300.056 1.894812371883284e-13
30350.056 6.936190121952705e-14
30400.056 4.190222382366028e-13
30450.056 5.491369268340692e-13
30500.056 4.450900182632118e-14
30550.056 6.870668726470851e-14
30600.056 3.5711997149890735e-12
30650.056 1.1459635874361713e-12
30700.056 5.44727722089468e-14
30750.056 6.022681501584529e-13
30800.056 1.829796119132573e-12
30850.056 1.4328033099422e-12
30900.056 3.1859440723498937e-13
30950.056 3.980944655664573e-13
31000.056 5.41943889052996e-13
31050.056 7.893456947536194e-14
31100.056 3.0063975607360063e-14
31150.056 4.514138510152943e-13
31200.056 2.134267655422834e-12
31250.056 1.54404085797313e-12
31300.056 1.3387595981348524e-13
31350.056 2.0687511079621072e-12
31400.056 1.1942638825350764e-12
31450.056 1.044851701342894e-12
31500.056 2.9255284534708707e-13
31550.056 1.15447791160093e-12
31600.056 9.112635268993379e-13
31650.056 4.36437856751074e-13
31700.056 4.318528759581065e-13
31750.056 1.7876301592660923e-13
31800.056 3.391066627129732e-13
31850.056 3.37848764788882e-14
31900.056 1.0792382281418175e-13
31950.056 3.404184187165268e-14
32000.056 2.4602061790549293e-14
32050.056 1.500400620208898e-14
32100.056 1.1643771796706289e-14
32150.056 6.540716910624154e-15
32200.056 1.876832712517242e-15
32250.056 4.607341525866622e-15
32300.056 4.3385211915390576e-16
32350.056 1.5986304974291913e-15
32400.056 6.674129308940268e-17
32450.056 1.0083188035393317e-15
32500.056 5.841514927973621e-17
32550.056 6.603808736220252e-16
32600.056 2.3444968246566773e-17
32650.056 9.014936646870341e-16
32700.056 3.583055811789594e-17
32750.056 3.573773804610624e-15
32800.056 6.286794388261414e-16
32850.056 2.2600807956172572e-14
32900.056 8.526532756435417e-15
32950.056 2.6106072622060876e-14
33000.056 5.69192440204906e-15
33050.056 1.2929062358713482e-15
33100.056 1.420268460008361e-16
33150.056 2.649202988734034e-19
33200.056 8.000036576790778e-17
33250.056 2.0688763717709843e-16
33300.056 1.1043854291139126e-14
33350.056 3.396101711121942e-15
33400.056 3.115531586639771e-14
33450.056 5.631337001675189e-16
33500.056 1.3016543028240766e-14
33550.056 1.2319772076755459e-15
33600.056 6.555534766164125e-15
33650.056 1.0238059011386849e-14
33700.056 5.9998883358962e-16
33750.056 1.2004774410098404e-14
33800.056 2.0911374294491787e-16
33850.056 5.393585675602126e-15
33900.056 5.5114137596179415e-15
33950.056 9.684557336127623e-15
34000.056 3.6703299719911714e-14
34050.056 5.009844090027251e-15
34100.056 5.530989496759386e-14
34150.056 1.2873250963671448e-14
34200.056 1.2109410196967172e-13
34250.056 2.9671918174776983e-14
34300.056 5.821939858260722e-14
34350.056 5.020364908075367e-13
34400.056 3.078701205866518e-14
34450.056 2.826728279965907e-13
34500.056 4.5481043347097385e-14
34550.056 4.3385420260873046e-13
34600.056 2.8474100781533655e-12
34650.056 4.9825365224170233e-14
34700.056 1.7068709854717729e-12
34750.056 3.3710698459312995e-13
34800.056 2.59875117890489e-13
34850.056 1.0643008850270647e-12
34900.056 1.169195623932967e-13
34950.056 2.381104680166122e-12
35000.056 1.623872877825985e-12
35050.056 4.43831987930559e-12
35100.056 5.406912436074668e-12
35150.056 8.077201725609584e-12
35200.056 1.031234719810151e-11
35250.056 1.6486274838850454e-11
35300.056 1.5014238154753275e-12
35350.056 2.5634750106222747e-13
35400.056 1.3493929450181913e-13
35450.056 1.5739929320189327e-13
35500.056 2.0178210360208142e-12
35550.056 3.178364222312319e-12
35600.056 5.061904135457046e-12
35650.056 4.362494492075117e-12
35700.056 8.418246729065268e-12
35750.056 6.870414996535628e-12
35800.056 1.0161723147298475e-12
35850.056 8.847862105875593e-13
35900.056 2.497837624491005e-12
35950.056 9.611721473700689e-12
36000.056 1.3739235916750743e-11
36050.056 7.011945158188381e-12
36100.056 5.732589618687509e-12
36150.056 5.837694997836087e-11
36200.056 2.911424219693846e-11
36250.056 9.130338479085103e-12
36300.056 3.9314893312340936e-11
36350.056 3.25106593365497e-11
36400.056 3.966731348969648e-11
36450.056 1.6412510446847412e-11
36500.056 1.5375174539662198e-11
36550.056 1.0056832742200174e-10
36600.056 1.227959271129973e-10
36650.056 2.491708842427916e-11
36700.056 5.061097752998785e-11
36750.056 1.56301255038017e-10
36800.056 1.4144003757197944e-10
36850.056 3.496893989379063e-11
36900.056 3.688968829997141e-11
36950.056 1.7005859336099022e-10
37000.056 1.214926574672395e-10
37050.056 1.5095365965401674e-10
37100.056 1.6020693904404236e-11
37150.056 4.780464577053589e-11
37200.056 2.9589930119002356e-10
37250.056 1.0577435610477446e-10
37300.056 2.913525429701359e-11
37350.056 6.159895920872693e-11
37400.056 1.2834454634379567e-10
37450.056 7.278403796699415e-11
37500.056 5.6646453426236134e-11
37550.056 3.188833468875679e-10
37600.056 6.426153347239476e-10
37650.056 6.214141678717041e-11
37700.056 1.6282488812801563e-10
37750.056 1.421423427039938e-10
37800.056 1.6348554786303544e-10
37850.056 1.0960903534199678e-10
37900.056 8.261997780289959e-11
37950.056 1.2115259529699775e-10
38000.056 8.506056334145637e-11
38050.056 2.730729991435158e-10
38100.056 4.6529916557536206e-10
38150.056 5.562509821247668e-10
38200.056 2.698159986018137e-10
38250.056 4.976272007633752e-10
38300.056 1.1547014763238554e-09
38350.056 5.295726604340835e-10
38400.056 1.27320109265216e-10
38450.056 2.2957143393733376e-11
38500.056 5.888014506949223e-11
38550.056 3.813169760800348e-10
38600.056 5.837652927999564e-10
38650.056 3.469497175675945e-10
38700.056 1.7632610755206534e-10
38750.056 3.0718450316009025e-10
38800.056 3.3375334020900843e-10
38850.056 3.78262090470037e-10
38900.056 3.4179959310741133e-10
38950.056 2.456743505560543e-10
39000.056 5.463685393489427e-10
39050.056 1.3404390253602904e-10
39100.056 1.7603666943368958e-10
39150.056 5.95963080300006e-10
39200.056 5.649837158400061e-10
39250.056 4.118518487020026e-10
39300.056 3.462003523016308e-10
39350.056 9.195100289000124e-10
39400.056 3.925290553725102e-10
39450.056 7.860007935007668e-10
39500.056 9.134276240499267e-10
39550.056 2.4849546331974924e-10
39600.056 5.103361587161351e-10
39650.056 1.3221149783000094e-09
39700.056 1.210697326399983e-09
39750.056 2.61272444499748e-10
39800.056 1.669012636840185e-10
39850.056 9.88762500100111e-10
39900.056 1.5059763214099769e-09
39950.056 5.008911015400072e-10
40000.056 7.442687165000632e-10
40050.056 9.975779928759144e-10
40100.056 1.824979024884427e-10
40150.056 8.235526437000552e-10
40200.056 9.160052474399165e-10
40250.056 1.3177423113099503e-09
40300.056 1.5120252219300622e-09
40350.056 5.150965310128825e-10
40400.056 4.722379149129632e-10
40450.056 1.973882481449954e-10
40500.056 9.231312159821081e-10
40550.056 1.6662472404999577e-09
40600.056 1.962775514599953e-09
40650.056 9.548544846299023e-10
40700.056 1.1161571060599433e-09
40750.056 9.283385810999611e-10
40800.056 6.893545390499667e-10
40850.056 2.239223003060156e-09
40900.056 2.3388176301998965e-09
40950.056 1.251648348279965e-09
41000.056 7.126648741129295e-10
41050.056 2.155059952530149e-09
41100.056 2.193283706559788e-09
41150.056 5.452430255799715e-10
41200.056 2.349127907590297e-09
41250.056 2.525689458719715e-09
41300.056 2.3012492407402386e-09
41350.056 4.0323966162000585e-09
41400.056 3.073459157199888e-09
41450.056 3.61095481140003e-09
41500.056 2.0024540162997692e-09
41550.056 1.686898631470154e-09
41600.056 1.7070791646598335e-09
41650.056 3.3348447486203296e-09
41700.056 4.993630214899934e-09
41750.056 4.1346746781000384e-09
41800.056 4.088686695399943e-09
41850.056 2.944864774099859e-09
41900.056 2.1809945178997378e-09
41950.056 1.3273922071597968e-09
42000.056 1.4010249784563897e-10
42050.056 3.701772808580295e-10
42100.056 9.428936709799884e-10
42150.056 1.4885643116700324e-09
42200.056 2.3120791700000723e-09
42250.056 2.212423315900097e-09
42300.056 2.2230632853999365e-09
42350.056 3.7172295182001058e-09
42400.056 4.898031499800114e-09
42450.056 5.841688573500112e-09
42500.056 6.253690236399992e-09
42550.056 5.667418971199894e-09
42600.056 4.655966085500226e-09
42650.056 4.991719200099589e-09
42700.056 2.539888503440062e-09
42750.056 5.324118385600323e-09
42800.056 7.516363145600082e-09
42850.056 7.571880859899859e-09
42900.056 7.053409668900024e-09
42950.056 6.5018969872001e-09
43000.056 6.7298593370998755e-09
43050.056 3.833598736499575e-09
43100.056 5.299578846000366e-09
43150.056 6.357067402300092e-09
43200.056 7.430586772300098e-09
43250.056 8.275954306700023e-09
43300.056 7.666757364299789e-09
43350.056 5.706076250400047e-09
43400.056 6.4781045182999e-09
43450.056 4.067858123499961e-09
43500.056 2.9741162522300253e-09
43550.056 5.023375184100236e-09
43600.056 7.092566599999908e-09
43650.056 4.668469819399823e-09
43700.056 6.642019864200581e-09
43750.056 8.326435683499932e-09
43800.056 6.776843804899791e-09
43850.056 5.659030919100135e-09
43900.056 4.255459004100022e-09
43950.056 3.869850545599997e-09
44000.056 4.393720857700024e-09
44050.056 7.28762691780042e-09
44100.056 8.866345893200005e-09
44150.056 8.23144949769998e-09
44200.056 8.005487293499882e-09
44250.056 5.597691721799819e-09
44300.056 3.7110186925998705e-09
44350.056 3.1528120635000597e-09
44400.056 3.894372431000045e-09
44450.056 6.169009747600305e-09
44500.056 5.900271240299904e-09
44550.056 6.886665037700073e-09
44600.056 5.738308758799995e-09
44650.056 6.5135344143999035e-09
44700.056 5.504448174399774e-09
44750.056 6.226019411300138e-09
44800.056 4.502495896899846e-09
44850.056 5.592191754400215e-09
44900.056 6.141868388499995e-09
44950.056 7.270041641900208e-09
45000.056 7.993504023299963e-09
45050.056 6.831744678799696e-09
45100.056 6.31558140240023e-09
45150.056 5.812704403099883e-09
45200.056 3.8661403776998995e-09
45250.056 4.558029894199963e-09
45300.056 4.15056901789991e-09
45350.056 2.794931819500251e-09
45400.056 6.910241949100135e-09
45450.056 6.1394842925002744e-09
45500.056 7.7467805906002e-09
45550.056 7.742929617099684e-09
45600.056 7.38680829200011e-09
45650.056 6.747485926599695e-09
45700.056 3.6980017689995222e-09
45750.056 3.3855032595003473e-09
45800.056 6.480241637099965e-09
45850.056 5.247402617700243e-09
45900.056 8.016438632200076e-09
45950.056 8.295466050899868e-09
46000.056 7.665100118299978e-09
46050.056 6.288521731000215e-09
46100.056 7.54738835829982e-09
46150.056 5.629434625099931e-09
46200.056 3.5970671676995543e-09
46250.056 1.337812526880044e-09
46300.056 4.222537911000306e-09
46350.056 5.167159957699983e-09
46400.056 5.488565257300073e-09
46450.056 3.6321227307998427e-09
46500.056 5.2968463406000395e-09
46550.056 3.2997016265996968e-09
46600.056 2.3786431064899587e-09
46650.056 4.318649035800146e-09
46700.056 3.3189917656997194e-09
46750.056 1.1794528697700368e-09
46800.056 6.656153040299522e-10
46850.056 2.883107414140478e-09
46900.056 5.245400433300141e-09
46950.056 5.972271155100012e-09
47000.056 6.204105535999992e-09
47050.056 3.6778771315996e-09
47100.056 3.7239306664000677e-09
47150.056 4.26988664160018e-09
47200.056 4.334472614799818e-09
47250.056 1.6184243874496442e-09
47300.056 1.2155701730103322e-09
47350.056 4.0478594563002335e-09
47400.056 5.127743678599986e-09
47450.056 3.2603376409999515e-09
47500.056 5.049543267700337e-09
47550.056 5.472448226299938e-09
47600.056 3.127870410699798e-09
47650.056 3.702719075299844e-09
47700.056 3.2507860339002116e-09
47750.056 2.855435833799918e-09
47800.056 1.3906722714898136e-09
47850.056 4.3456285872007073e-10
47900.056 9.080488088200521e-10
47950.056 2.8910649089002595e-09
48000.056 3.5126753630997637e-09
48050.056 2.8618344525000847e-09
48100.056 1.7488931203099214e-09
48150.056 2.9514335062000635e-09
48200.056 1.3827219480998002e-09
48250.056 2.454222490800129e-09
48300.056 2.7664187370999104e-09
48350.056 1.4874865021197923e-09
48400.056 3.0019947502593366e-10
48450.056 4.852467214641057e-10
48500.056 1.0361337275099075e-09
48550.056 1.3434109963403043e-09
48600.056 3.361683924800129e-09
48650.056 4.029764810300007e-09
48700.056 3.74798961410002e-09
48750.056 3.6149847552999845e-09
48800.056 3.3210956957998927e-09
48850.056 1.4766319913898389e-09
48900.056 9.458009817598822e-10
48950.056 4.745853597799828e-10
49000.056 3.8566255823708395e-10
49050.056 1.2326721151999497e-09
49100.056 1.973037755210248e-09
49150.056 2.139644881099986e-09
49200.056 3.2450177518001263e-09
49250.056 3.2961796915999457e-09
49300.056 2.301142389619787e-09
49350.056 9.947436395501266e-10
49400.056 1.192597738559825e-09
49450.056 8.428463043601181e-10
49500.056 5.955430806799034e-10
49550.056 1.6527340960299258e-10
49600.056 2.7427458349804404e-10
49650.056 1.011478387270113e-09
49700.056 1.6350772887000367e-09
49750.056 1.04512540807993e-09
49800.056 6.571322261200312e-10
49850.056 1.771812025000131e-09
49900.056 2.2473101340000024e-09
49950.056 1.9728149385999323e-09
50000.056 8.797321930398411e-10
50050.056 7.815312341001129e-10
50100.056 7.871036900299502e-10
50150.056 2.986568026199551e-10
50200.056 1.0026376148201112e-10
50250.056 2.792175264100031e-10
50300.056 2.4985496341803436e-10
50350.056 8.953800638900794e-10
50400.056 1.4515345419000552e-09
50450.056 1.7052102837e-09
50500.056 1.935407305600046e-09
50550.056 2.0750278492999473e-09
50600.056 1.2774607957899531e-09
50650.056 1.8021978261000042e-09
50700.056 1.4193416868999215e-09
50750.056 7.926495804899382e-10
50800.056 2.3927240065994933e-10
50850.056 1.5222061714503199e-10
50900.056 6.04581912720067e-10
50950.056 8.051217095499462e-10
51000.056 5.67002021490096e-10
51050.056 1.1401427720199466e-09
51100.056 6.456929628599585e-10
51150.056 3.471426765900553e-10
51200.056 1.057693285720061e-09
51250.056 1.0510841642199702e-09
51300.056 7.125928370099596e-10
51350.056 3.589090498349385e-10
51400.056 1.605834185480156e-10
51450.056 1.414111132499769e-10
51500.056 1.5329301458802798e-10
51550.056 4.2646770289003895e-10
51600.056 6.925074187600277e-10
51650.056 9.308303465900207e-10
51700.056 7.003936556098916e-10
51750.056 6.3714370957009e-10
51800.056 9.835896024399967e-10
51850.056 8.164640428799644e-10
51900.056 5.882163724099679e-10
51950.056 3.0955793608995663e-10
52000.056 1.0292107294899154e-10
52050.056 2.0741056159000427e-10
52100.056 1.389488664769844e-10
52150.056 9.896299803501782e-11
52200.056 2.629692493700208e-10
52250.056 4.0588599363001455e-10
52300.056 3.8577446569997796e-10
52350.056 1.532254820459963e-10
52400.056 1.8297683438000692e-10
52450.056 4.4428121052003703e-10
52500.056 3.463157734199896e-10
52550.056 6.319831199499898e-10
52600.056 7.008062540900433e-10
52650.056 7.684008590299746e-10
52700.056 4.665364773599581e-10
52750.056 1.668723231479774e-10
52800.056 2.871152635800304e-10
52850.056 3.193178567099809e-10
52900.056 1.3229190841797447e-10
52950.056 1.9367048257702537e-10
53000.056 3.790181206700076e-10
53050.056 2.371328543799971e-10
53100.056 5.307072510000433e-10
53150.056 4.821263419699732e-10
53200.056 3.308610298699869e-10
53250.056 4.4195743392999865e-10
53300.056 4.2912583823000986e-10
53350.056 3.860479129899868e-10
53400.056 2.8110904311998376e-10
53450.056 1.4741557732698314e-10
53500.056 6.695793154699497e-11
53550.056 9.812735213500292e-11
53600.056 1.8718864708103152e-10
