galfind/configs/Brown_Dwarf_templates/sonora_bobcat/m0.0/1000g/co0.5/sp_t1700g1000nc_m+0.0_co0.5_resample.dat
# %ECSV 1.0
# ---
# datatype:
# - {name: wav, unit: Angstrom, datatype: float64}
# - {name: flux_nu, unit: erg / (cm2 Hz s), datatype: float64}
# meta: {C/O: '0.50', Kzz: '1.0000E+05', Teff: '1700.', Y: '0.28', '[Fe/H]': '0.00', f_hole: '1.00', f_rain: '0.00', grav: '1000.'}
# schema: astropy-2.0
wav flux_nu
[from data line 498]
28900.056 5.908859714059945e-07
28950.056 9.211731302469637e-07
29000.056 7.689271580268374e-07
29050.056 8.302461612770122e-07
29100.056 6.500144580381069e-07
29150.056 9.032638101900829e-07
29200.056 7.450187586310696e-07
29250.056 8.654369901829746e-07
29300.056 6.747070339237941e-07
29350.056 1.067618606399886e-06
29400.056 8.181311469699054e-07
29450.056 8.354169913299828e-07
29500.056 8.608285738129321e-07
29550.056 8.449914805200239e-07
29600.056 9.395190201397563e-07
29650.056 8.585190885379429e-07
29700.056 8.080519926678765e-07
29750.056 9.567285990962388e-07
29800.056 1.0013648652658485e-06
29850.056 9.314437644098864e-07
29900.056 8.847093628703285e-07
29950.056 1.0480543506798333e-06
30000.056 1.0155179145138515e-06
30050.056 9.359685313599703e-07
30100.056 8.357793660997789e-07
30150.056 1.200057317099967e-06
30200.056 1.019012283540057e-06
30250.056 1.0693149210001826e-06
30300.056 9.947970443798929e-07
30350.056 1.0207965422301166e-06
30400.056 1.226176517910173e-06
30450.056 9.55790234350124e-07
30500.056 8.885360350300702e-07
30550.056 1.1334684717201575e-06
30600.056 1.1207716311800867e-06
30650.056 1.1459158871799914e-06
30700.056 1.032732693979896e-06
30750.056 1.034235392819989e-06
30800.056 1.1642184363901865e-06
30850.056 9.89412627939884e-07
30900.056 9.712392417898943e-07
30950.056 8.92871521118137e-07
31000.056 1.0543779336899972e-06
31050.056 1.0374723300099887e-06
31100.056 8.934197778599549e-07
31150.056 9.949683268798204e-07
31200.056 1.0158843677799562e-06
31250.056 1.0390872871900427e-06
31300.056 9.453607194598739e-07
31350.056 9.074984990399498e-07
31400.056 8.564665441202164e-07
31450.056 8.911877781199162e-07
31500.056 8.873413803199136e-07
31550.056 8.55414246249986e-07
31600.056 8.128435098849548e-07
31650.056 8.261214044999861e-07
31700.056 8.105868138599249e-07
31750.056 7.515476584181867e-07
31800.056 8.946177713099193e-07
31850.056 8.375856835381249e-07
31900.056 9.639293252400368e-07
31950.056 7.044955802600259e-07
32000.056 7.981966776549477e-07
32050.056 9.111792669500994e-07
32100.056 9.078075220299343e-07
32150.056 1.0017789258499325e-06
32200.056 9.070568711509776e-07
32250.056 1.0114524362001463e-06
32300.056 8.707414808459347e-07
32350.056 1.1474868757301964e-06
32400.056 8.985835968699756e-07
32450.056 1.0484700148997964e-06
32500.056 1.0993296396402515e-06
32550.056 1.2662226518500094e-06
32600.056 1.2218407182759762e-06
32650.056 1.28901792914016e-06
32700.056 1.2292635493301718e-06
32750.056 1.2393338253800128e-06
32800.056 1.198442196670113e-06
32850.056 1.413219079529828e-06
32900.056 1.467070407980003e-06
32950.056 1.2662559493999266e-06
33000.056 1.2866764512800112e-06
33050.056 1.2455871014499504e-06
33100.056 1.1115435016098597e-06
33150.056 6.624619097711099e-07
33200.056 4.797687536558049e-07
33250.056 3.882956686898291e-07
33300.056 3.5286184899008086e-07
33350.056 4.1968761733001807e-07
33400.056 4.571629339499539e-07
33450.056 5.293360676899761e-07
33500.056 7.134806338701409e-07
33550.056 7.659710121500648e-07
33600.056 9.440950567600708e-07
33650.056 1.129586406690274e-06
33700.056 1.102620972989965e-06
33750.056 1.32814788905997e-06
33800.056 1.216771792347863e-06
33850.056 1.3177026909000607e-06
33900.056 1.3442359820698303e-06
33950.056 1.256321885329994e-06
34000.056 1.331351057059777e-06
34050.056 1.2445641108997397e-06
34100.056 1.4076744724200631e-06
34150.056 1.257451210479615e-06
34200.056 1.1854114512196816e-06
34250.056 1.366556211469784e-06
34300.056 1.1470593659593117e-06
34350.056 1.1406537106400924e-06
34400.056 1.129697840680068e-06
34450.056 1.180087790470044e-06
34500.056 1.3711219992800555e-06
34550.056 1.096710086759991e-06
34600.056 1.3424279871500458e-06
34650.056 1.2933128282600227e-06
34700.056 1.3045026599497581e-06
34750.056 1.480987598750168e-06
34800.056 1.2878436458497161e-06
34850.056 1.2763442016500805e-06
34900.056 1.3473412385901207e-06
34950.056 1.2759999665697036e-06
35000.056 1.4649079724999613e-06
35050.056 1.525083745950166e-06
35100.056 1.3884012045298577e-06
35150.056 1.560474556719945e-06
35200.056 1.5214655062601026e-06
35250.056 1.563048330259968e-06
35300.056 1.4748621498700924e-06
35350.056 1.5415318332099127e-06
35400.056 1.532919178330148e-06
35450.056 1.2883244999104485e-06
35500.056 1.7520964936999345e-06
35550.056 1.6527565047999937e-06
35600.056 1.528474100430033e-06
35650.056 1.8569000020701354e-06
35700.056 1.5387321884300592e-06
35750.056 1.6994919023197334e-06
35800.056 1.9803685843999606e-06
35850.056 1.6838872955201643e-06
35900.056 2.070736428899868e-06
35950.056 1.9036892942799582e-06
36000.056 1.801927908800072e-06
36050.056 2.1232203179002204e-06
36100.056 2.0927398610990943e-06
36150.056 1.886367815520321e-06
36200.056 2.2224602064998483e-06
36250.056 1.988917695439856e-06
36300.056 2.3473631263401655e-06
36350.056 2.167696209399781e-06
36400.056 2.165770063300062e-06
36450.056 2.4931992710997713e-06
36500.056 2.2496330236800155e-06
36550.056 2.2911546405405374e-06
36600.056 2.3082859913200773e-06
36650.056 2.3955734104998514e-06
36700.056 2.6349562257999092e-06
36750.056 2.3491259450000975e-06
36800.056 2.4933011363999154e-06
36850.056 2.629573034800088e-06
36900.056 2.551636792600214e-06
36950.056 2.5900401221998323e-06
37000.056 2.6842661055998916e-06
37050.056 2.7393269851998817e-06
37100.056 2.693308613300184e-06
37150.056 2.7220395665997613e-06
37200.056 2.841131344600004e-06
37250.056 2.8472650725999545e-06
37300.056 2.847262753700146e-06
37350.056 2.6473848014003388e-06
37400.056 2.864840464399927e-06
37450.056 2.7031141429001083e-06
37500.056 2.9038265473997986e-06
37550.056 2.8807715079997285e-06
37600.056 3.0365763032998954e-06
37650.056 2.859722461999979e-06
37700.056 3.0472284343999646e-06
37750.056 3.0205826270000234e-06
37800.056 3.1055636737999326e-06
37850.056 2.9601259437999045e-06
37900.056 3.0171796004002745e-06
37950.056 3.036616450300045e-06
38000.056 3.1342042122002035e-06
38050.056 3.0956570676001653e-06
38100.056 2.917695485700216e-06
38150.056 3.226047105099952e-06
38200.056 3.200199176799902e-06
38250.056 2.9690341402002454e-06
38300.056 2.9687119539999653e-06
38350.056 3.1012787686999926e-06
38400.056 3.149616770699837e-06
38450.056 3.3315869673000655e-06
38500.056 3.1172191196999944e-06
38550.056 3.1907317325001443e-06
38600.056 3.506807548399927e-06
38650.056 3.126184950899981e-06
38700.056 3.1123682146003877e-06
38750.056 3.317480241599988e-06
38800.056 3.246521047600212e-06
38850.056 3.196341207300027e-06
38900.056 3.0437105889998936e-06
38950.056 3.3313606092999536e-06
39000.056 3.20623880280011e-06
39050.056 3.3054372782998874e-06
39100.056 3.0597783046001474e-06
39150.056 3.2370790297000727e-06
39200.056 3.2921846689000063e-06
39250.056 3.2526831174996616e-06
39300.056 3.2321965140997115e-06
39350.056 3.2503334203002166e-06
39400.056 3.200567821700087e-06
39450.056 3.2599182819999135e-06
39500.056 3.1035095089997722e-06
39550.056 3.0990671857997503e-06
39600.056 3.3827829468999253e-06
39650.056 3.025026922100058e-06
39700.056 3.1040103509999405e-06
39750.056 3.09097087699978e-06
39800.056 2.881829479800091e-06
39850.056 3.0892851845998457e-06
39900.056 2.9828445602000437e-06
39950.056 3.1254061011998534e-06
40000.056 2.796913697199942e-06
40050.056 2.8235019096999764e-06
40100.056 3.041564213899941e-06
40150.056 2.793043647799726e-06
40200.056 2.918609759799852e-06
40250.056 2.648009773799327e-06
40300.056 2.6559560356002007e-06
40350.056 2.8216969520001673e-06
40400.056 2.788612600700083e-06
40450.056 2.7225431229000167e-06
40500.056 2.4616118417002683e-06
40550.056 2.867208562999783e-06
40600.056 2.340361468240216e-06
40650.056 2.6585081421001364e-06
40700.056 2.7882849425000788e-06
40750.056 2.380845190299284e-06
40800.056 2.3371985145199797e-06
40850.056 2.2772364572404273e-06
40900.056 2.3157654854001214e-06
40950.056 2.3790989695799264e-06
41000.056 2.4156129121999028e-06
41050.056 2.384466611499694e-06
41100.056 2.2121999120999133e-06
41150.056 2.400915466099939e-06
41200.056 2.258074942850077e-06
41250.056 2.305458107500133e-06
41300.056 1.9541064860796466e-06
41350.056 2.318943297670059e-06
41400.056 2.1200924635002527e-06
41450.056 2.173355312610253e-06
41500.056 2.2716718843201262e-06
41550.056 2.1640990059300344e-06
41600.056 2.111498369300099e-06
41650.056 2.037693989660236e-06
41700.056 1.9240986663998266e-06
41750.056 2.0524517276998527e-06
41800.056 2.1745185204398133e-06
41850.056 1.6830985824002427e-06
41900.056 2.0928023899799013e-06
41950.056 2.036413197400335e-06
42000.056 1.974943967530332e-06
42050.056 1.740467842199676e-06
42100.056 2.025309118500272e-06
42150.056 1.5292293135797869e-06
42200.056 1.600147297650113e-06
42250.056 1.91091157209993e-06
42300.056 1.6329474418400436e-06
42350.056 1.8737272188803298e-06
42400.056 1.6383961966102428e-06
42450.056 1.4449921544500467e-06
42500.056 1.5123470679601682e-06
42550.056 1.544332685359965e-06
42600.056 1.5865004792901686e-06
42650.056 1.6007476599394349e-06
42700.056 1.6326313526602193e-06
42750.056 1.507424794309976e-06
42800.056 1.5529587110403762e-06
42850.056 1.703316913799664e-06
42900.056 1.6817145137000701e-06
42950.056 1.4401227437694937e-06
43000.056 1.5569188007899854e-06
43050.056 1.3528714530605267e-06
43100.056 1.5160449500200037e-06
43150.056 1.4975191875101488e-06
43200.056 1.4489749194701153e-06
43250.056 1.5169520185498329e-06
43300.056 1.5575762190401076e-06
43350.056 1.3115515038797701e-06
43400.056 1.4146107173999598e-06
43450.056 1.3500652850802614e-06
43500.056 1.3717865298398762e-06
43550.056 1.406068632680055e-06
43600.056 1.499592844730059e-06
43650.056 1.2765380608900323e-06
43700.056 1.3558640771498529e-06
43750.056 1.3453310031501497e-06
43800.056 1.2775312273499865e-06
43850.056 1.2510349988902722e-06
43900.056 1.3333191815298873e-06
43950.056 1.1998031454699773e-06
44000.056 1.1002179308700707e-06
44050.056 1.1544423826100428e-06
44100.056 1.2465550140901581e-06
44150.056 1.2920730909498804e-06
44200.056 1.195041364710045e-06
44250.056 1.130835092790002e-06
44300.056 1.099189749230125e-06
44350.056 1.0810619845200838e-06
44400.056 1.1239301079699442e-06
44450.056 1.1493860347200414e-06
44500.056 1.1279715250701544e-06
44550.056 1.0775507784698335e-06
44600.056 1.0583349560301193e-06
44650.056 1.143064571290062e-06
44700.056 1.0201304761300496e-06
44750.056 1.0850702157499084e-06
44800.056 1.073170720489968e-06
44850.056 1.0782491485601078e-06
44900.056 9.864419653200995e-07
44950.056 9.735538457100502e-07
45000.056 1.0313763760699633e-06
45050.056 1.0342630178799423e-06
45100.056 1.0822508503500033e-06
45150.056 9.906584495799927e-07
45200.056 9.064752089000185e-07
45250.056 9.588197574599052e-07
45300.056 1.0303455400300438e-06
45350.056 1.0367729562499168e-06
45400.056 9.86230150820111e-07
45450.056 9.275627291298567e-07
45500.056 9.664889110999464e-07
45550.056 1.0497490481999465e-06
45600.056 9.775941682599912e-07
45650.056 8.843495182798457e-07
45700.056 1.01877620791009e-06
45750.056 9.279646470100176e-07
45800.056 9.218956441999744e-07
45850.056 1.100614898719967e-06
45900.056 1.0821320462000353e-06
45950.056 9.242438065499886e-07
46000.056 1.1003165146800282e-06
46050.056 1.0955156571902183e-06
46100.056 9.2478316243005e-07
46150.056 9.830819040799194e-07
46200.056 1.0404706630502276e-06
46250.056 8.848364066499779e-07
46300.056 1.1229255670299909e-06
46350.056 9.784921564499343e-07
46400.056 1.0091335484699383e-06
46450.056 1.0342573075000823e-06
46500.056 9.273213155399858e-07
46550.056 1.1165978128200068e-06
46600.056 1.073283082110061e-06
46650.056 1.3461836346698295e-06
46700.056 1.2349796016803642e-06
46750.056 9.934063920599998e-07
46800.056 1.0309982691501073e-06
46850.056 1.1909350033301573e-06
46900.056 1.1078781377198308e-06
46950.056 1.256022493029956e-06
47000.056 1.030604516850036e-06
47050.056 1.2457250020098343e-06
47100.056 9.245245933100854e-07
47150.056 1.0523418012901016e-06
47200.056 1.1555481852501822e-06
47250.056 1.0087978001798931e-06
47300.056 1.0288466639498534e-06
47350.056 9.524599931598904e-07
47400.056 1.1527632938498357e-06
47450.056 1.0095649979199684e-06
47500.056 1.1438283942298913e-06
47550.056 1.0085687875799424e-06
47600.056 1.1371592495098886e-06
47650.056 8.728271906598313e-07
47700.056 1.1591082258600787e-06
47750.056 8.112853064001275e-07
47800.056 1.0990271332799442e-06
47850.056 8.513938620599238e-07
47900.056 1.0805341653999971e-06
47950.056 9.010658659800952e-07
48000.056 1.264709643799999e-06
48050.056 9.742927008301204e-07
48100.056 1.0434081689499822e-06
48150.056 9.526630447001295e-07
48200.056 1.1121311641200556e-06
48250.056 9.320939840500372e-07
48300.056 1.2606533728798397e-06
48350.056 8.433660154499471e-07
48400.056 1.0268377983899642e-06
48450.056 9.188388746600559e-07
48500.056 1.241813735909977e-06
48550.056 8.542529303899777e-07
48600.056 1.1481352139999343e-06
48650.056 9.087825785699663e-07
48700.056 1.15438566863006e-06
48750.056 7.945133280100828e-07
48800.056 1.2538449322800546e-06
48850.056 8.638970889798109e-07
48900.056 1.20313271679009e-06
48950.056 1.0107698139400213e-06
49000.056 9.782701255199412e-07
49050.056 1.13975557580996e-06
49100.056 1.0064755468800965e-06
49150.056 1.0591948574699771e-06
49200.056 1.0033391506499622e-06
49250.056 1.0672087056500424e-06
49300.056 9.219571292799227e-07
49350.056 9.59330135220019e-07
49400.056 1.1417079467299893e-06
49450.056 1.0056392259402397e-06
49500.056 9.944101063500154e-07
49550.056 8.719456423599791e-07
49600.056 9.750180967701643e-07
49650.056 1.0009138683499795e-06
49700.056 8.974691978699093e-07
49750.056 1.3456409691398298e-06
49800.056 9.707455246000416e-07
49850.056 1.2679935927500987e-06
49900.056 1.0227621948499906e-06
49950.056 1.014273973079835e-06
50000.056 1.03598535702984e-06
50050.056 1.0587981800300272e-06
50100.056 1.1381417105899564e-06
50150.056 9.210932777600037e-07
50200.056 8.342239725300841e-07
50250.056 1.0494759618200257e-06
50300.056 9.735230552599607e-07
50350.056 1.1806755991999952e-06
50400.056 9.853571564199294e-07
50450.056 9.567404012301236e-07
50500.056 1.228307832400124e-06
50550.056 1.0366113064699947e-06
50600.056 1.0526862213199485e-06
50650.056 1.0486508623301619e-06
50700.056 1.1784988950897952e-06
50750.056 1.184879893540127e-06
50800.056 8.316519003598748e-07
50850.056 9.893146561701486e-07
50900.056 1.1611699201499508e-06
50950.056 1.11343338420019e-06
51000.056 1.3067113260501042e-06
51050.056 1.0152885250800832e-06
51100.056 8.854932800299358e-07
51150.056 1.0698258138299515e-06
51200.056 1.119448599529963e-06
51250.056 1.1036424606999749e-06
51300.056 8.923807544102558e-07
51350.056 1.0984979486698524e-06
51400.056 9.180135670298624e-07
51450.056 7.473791937698835e-07
51500.056 9.302453677001081e-07
51550.056 1.2787749093600924e-06
51600.056 8.807444795900594e-07
51650.056 9.950617475198663e-07
51700.056 1.009163326039732e-06
51750.056 9.047041558100511e-07
51800.056 1.1285230741197706e-06
51850.056 1.0806840077498903e-06
51900.056 1.2326953775701255e-06
51950.056 1.0558599666799218e-06
52000.056 8.320213386399572e-07
52050.056 1.0309389376299471e-06
52100.056 9.30198543159928e-07
52150.056 9.200008894600322e-07
52200.056 9.142449022300275e-07
52250.056 9.7119054827e-07
52300.056 1.1753907926899402e-06
52350.056 1.1516607415400802e-06
52400.056 8.17908412000128e-07
52450.056 9.929212765500542e-07
52500.056 1.1592466697598246e-06
52550.056 1.07816146834979e-06
52600.056 1.0501313386801184e-06
52650.056 1.1730673538901193e-06
52700.056 9.694396234400245e-07
52750.056 8.182365261899466e-07
52800.056 9.050343648400716e-07
52850.056 8.776605913398725e-07
52900.056 9.780802433799853e-07
52950.056 9.62879251169945e-07
53000.056 1.169481083720033e-06
53050.056 9.120655700998217e-07
53100.056 9.773794647998665e-07
53150.056 1.2144238037601157e-06
53200.056 7.684372444700551e-07
53250.056 1.1281603047200124e-06
53300.056 1.1191354124004068e-06
53350.056 1.1036046046098793e-06
53400.056 1.0699208312200367e-06
53450.056 9.068719192000233e-07
