galfind/configs/Brown_Dwarf_templates/sonora_bobcat/m0.0/1000g/co0.5/sp_t650g1000nc_m+0.0_co0.5_resample.dat
# %ECSV 1.0
# ---
# datatype:
# - {name: wav, unit: Angstrom, datatype: float64}
# - {name: flux_nu, unit: erg / (cm2 Hz s), datatype: float64}
# meta: {C/O: '0.50', Kzz: '1.0000E+05', Teff: '650.', Y: '0.28', '[Fe/H]': '0.00', f_hole: '1.00', f_rain: '0.00', grav: '1000.'}
# schema: astropy-2.0
wav flux_nu
4000.0559999999996 nan
4050.0559999999996 4.580103036899186e-16
4100.056 1.1127687672310251e-13
4150.056 1.258333152550013e-12
4200.056 1.2417764530969036e-12
4250.056 1.0408185830000092e-11
4300.056 2.137791742300012e-11
4350.056 3.310094766100011e-11
4400.056 4.7993593874000186e-11
4450.056 6.752620587100037e-11
4500.056 8.296964677200018e-11
4550.056 7.87828859429995e-11
4600.056 1.8359120745999903e-11
4650.056 8.55316065009994e-12
4700.056 3.0781430975999635e-12
4750.056 6.387771427399903e-13
4800.056 1.5575809623199836e-13
4850.056 5.4056238493999524e-14
4900.056 2.7441519632999846e-14
4950.056 1.613277395199991e-14
5000.056 8.718263918599942e-15
5050.056 5.491023479499996e-15
5100.056 5.375210072300013e-15
5150.056 5.5697518022000036e-15
5200.056 5.801818017400001e-15
5250.056 6.089561601200001e-15
5300.056 6.4390693675999996e-15
5350.056 6.892021347200008e-15
5400.056 7.474629492700007e-15
5450.056 8.070457978800005e-15
5500.056 8.67304149760001e-15
5550.056 9.25492771310001e-15
5600.056 9.8097437505e-15
5650.056 1.0277013397000001e-14
5700.056 1.0535669364200003e-14
5750.056 1.0185084550199989e-14
5800.056 8.975479611199977e-15
5850.056 6.3100620794999334e-15
5900.056 2.1570371554568693e-15
5950.056 1.2596150252800194e-14
6000.056 2.6448356461000146e-14
6050.056 4.597759483800039e-14
6100.056 7.290402592700047e-14
6150.056 1.1045829173400062e-13
6200.056 1.631147304600008e-13
6250.056 2.3604037963000104e-13
6300.056 3.366474592500014e-13
6350.056 4.749867767400021e-13
6400.056 6.651699685500033e-13
6450.056 9.001288905800004e-13
6500.056 1.244982189490008e-12
6550.056 1.7255126257999962e-12
6600.056 2.3804588902000265e-12
6650.056 3.2760312147000197e-12
6700.056 4.19812687650003e-12
6750.056 5.787340140500023e-12
6800.056 7.0376247810000244e-12
6850.056 7.394296645299994e-12
6900.056 6.4093077895000115e-12
6950.056 5.334729717099994e-12
7000.056 5.316710117899982e-12
7050.056 5.61469119859998e-12
7100.056 6.100567206799984e-12
7150.056 5.8538868558999255e-12
7200.056 5.591194133700005e-12
7250.056 5.724574004899821e-12
7300.056 5.576483110200204e-12
7350.056 5.793870363899976e-12
7400.056 6.002401217800093e-12
7450.056 6.312541730100116e-12
7500.056 6.472826459099999e-12
7550.056 6.408234376699997e-12
7600.056 6.090041492999985e-12
7650.056 2.6217530684059205e-12
7700.056 2.2278093407300692e-12
7750.056 6.557641976800076e-12
7800.056 9.197961518400047e-12
7850.056 1.346006284000001e-11
7900.056 1.7595932498000023e-11
7950.056 2.008648199700011e-11
8000.056 2.852348993000018e-11
8050.056 3.586341859500026e-11
8100.056 4.0150595129999394e-11
8150.056 4.588600029080047e-11
8200.056 6.504819664080171e-11
8250.056 7.808851034199977e-11
8300.056 9.839746751800309e-11
8350.056 1.2289757065999944e-10
8400.056 1.541586910399998e-10
8450.056 1.9754958351000025e-10
8500.056 2.3019797421099588e-10
8550.056 2.971013238000065e-10
8600.056 3.72510243820003e-10
8650.056 4.518987222300037e-10
8700.056 5.410148230700047e-10
8750.056 6.47551549090005e-10
8800.056 7.651612573900051e-10
8850.056 8.775198338300018e-10
8900.056 8.437599134999828e-10
8950.056 7.602477431429792e-10
9000.056 9.792879517799543e-10
9050.056 1.459966617073024e-09
9100.056 1.6333273344800403e-09
9150.056 1.7857373817700358e-09
9200.056 2.1465394707500057e-09
9250.056 2.1212299913669394e-09
9300.056 5.94745200267892e-10
9350.056 8.745565226214676e-10
9400.056 1.899435171885562e-09
9450.056 1.7954506076481742e-09
9500.056 1.718940065480145e-09
9550.056 1.881982595148006e-09
9600.056 2.076537034428386e-09
9650.056 2.7783852348788134e-09
9700.056 4.365536820324948e-09
9750.056 4.73059085016053e-09
9800.056 5.708525880849848e-09
9850.056 6.897912692559878e-09
9900.056 8.711435640000224e-09
9950.056 1.009552101090017e-08
10000.056 9.341242068769991e-09
10050.056 1.3263458759000072e-08
10100.056 1.4738482659000109e-08
10150.056 1.572028711300007e-08
10200.056 1.6200376397700382e-08
10250.056 1.8615615660800243e-08
10300.056 2.1857698884099237e-08
10350.056 2.188203780900057e-08
10400.056 2.531377364200016e-08
10450.056 2.7971234544998764e-08
10500.056 3.048229989899963e-08
10550.056 3.32886421180001e-08
10600.056 3.5063537562000044e-08
10650.056 3.6653035815000224e-08
10700.056 3.7061321477000155e-08
10750.056 3.831036301800016e-08
10800.056 3.876309643600025e-08
10850.056 3.7937391327000226e-08
10900.056 3.230489398199938e-08
10950.056 2.01396059702e-08
11000.056 1.3470687313878635e-08
11050.056 7.901269717524993e-09
11100.056 4.694320905585577e-09
11150.056 2.7039296233393457e-09
11200.056 2.994444605393573e-09
11250.056 4.539622186129907e-09
11300.056 4.712133257538552e-09
11350.056 2.014546985183599e-09
11400.056 6.79312583107288e-09
11450.056 4.125208851827548e-09
11500.056 5.043618900871361e-09
11550.056 2.660416429363792e-09
11600.056 2.3673181320323846e-09
11650.056 3.880169512479684e-09
11700.056 4.582720196735589e-09
11750.056 3.2981918968717224e-09
11800.056 7.567824060332789e-09
11850.056 1.1086021648489482e-08
11900.056 1.3509816929459345e-08
11950.056 1.8028645796801344e-08
12000.056 2.2251930648100762e-08
12050.056 2.7745530567800316e-08
12100.056 3.2000314626198596e-08
12150.056 3.835682570799877e-08
12200.056 4.317132983100013e-08
12250.056 5.042866608599803e-08
12300.056 6.054041901700144e-08
12350.056 6.524758903799975e-08
12400.056 7.673840709799907e-08
12450.056 8.720922723000093e-08
12500.056 9.444147605600309e-08
12550.056 1.0489273507299949e-07
12600.056 1.12736588986001e-07
12650.056 1.1522194276999972e-07
12700.056 1.150843923810006e-07
12750.056 1.0199841985300118e-07
12800.056 9.225968116499954e-08
12850.056 7.16669071759994e-08
12900.056 6.132509382540126e-08
12950.056 5.473043795950158e-08
13000.056 5.798886343200405e-08
13050.056 4.802402844892097e-08
13100.056 4.967310327552632e-08
13150.056 3.7127328510631176e-08
13200.056 3.6482655592878834e-08
13250.056 2.5493519741489315e-08
13300.056 1.2037712316917208e-08
13350.056 3.56073494601546e-09
13400.056 9.589022081828068e-10
13450.056 4.2292339645805033e-10
13500.056 2.0561390278303677e-10
13550.056 9.628540876116963e-11
13600.056 5.232667268235418e-11
13650.056 1.9244414276983046e-10
13700.056 1.2177677921169946e-10
13750.056 3.1810293778061805e-10
13800.056 3.8894071941562746e-10
13850.056 1.8862174104285554e-10
13900.056 2.1935575629891452e-10
13950.056 2.3061634771505855e-10
14000.056 2.5678723583168827e-10
14050.056 3.4533301708413943e-10
14100.056 2.5158578901674004e-10
14150.056 4.1916719010486035e-10
14200.056 2.8512628087159385e-10
14250.056 3.3214710194613475e-10
14300.056 8.717994096008192e-10
14350.056 7.089225337364215e-10
14400.056 7.090506120421508e-10
14450.056 1.1253639634746702e-09
14500.056 2.1560516947871247e-09
14550.056 2.1609755645056753e-09
14600.056 3.4402809130032357e-09
14650.056 2.4129515299895742e-09
14700.056 1.3326002260877814e-09
14750.056 1.2966774323869556e-09
14800.056 1.732177921830456e-09
14850.056 1.8576515688278725e-09
14900.056 1.9403827460287062e-09
14950.056 2.0819194159582327e-09
15000.056 3.726700426390189e-09
15050.056 3.81676467553788e-09
15100.056 3.0886376951442847e-09
15150.056 2.5141970815798617e-09
15200.056 4.109722535434327e-09
15250.056 7.081015260508895e-09
15300.056 8.476876723928857e-09
15350.056 1.0726524213982608e-08
15400.056 1.3261722822921943e-08
15450.056 1.617143048166738e-08
15500.056 1.896475803509763e-08
15550.056 2.484937781490274e-08
15600.056 3.149913449959861e-08
15650.056 3.919813219200199e-08
15700.056 4.921130301200035e-08
15750.056 5.487596220800106e-08
15800.056 6.016269115099956e-08
15850.056 6.657057854700141e-08
15900.056 6.67808654460005e-08
15950.056 6.78908216679991e-08
16000.056 6.248248722900095e-08
16050.056 5.036890236699927e-08
16100.056 3.9719295023998976e-08
16150.056 2.879032462749842e-08
16200.056 1.9040799590040547e-08
16250.056 1.5787741923918868e-08
16300.056 1.2611844863685027e-08
16350.056 1.4282572634871303e-08
16400.056 1.5799538356255987e-08
16450.056 1.6873839398828022e-08
16500.056 1.7731715134284343e-08
16550.056 1.7171226553697653e-08
16600.056 2.032161236411969e-08
16650.056 1.3010306902551378e-08
16700.056 5.470764720841721e-09
16750.056 1.073459128957578e-08
16800.056 1.4829688053491991e-08
16850.056 1.4825953557638592e-08
16900.056 1.1677864397897707e-08
16950.056 9.633803441605362e-09
17000.056 7.71106069103114e-09
17050.056 1.0982318797910488e-08
17100.056 1.319741197314044e-08
17150.056 1.0810743128920141e-08
17200.056 1.6448658768299978e-08
17250.056 1.242383525056663e-08
17300.056 1.0877188279949401e-08
17350.056 1.0139994801641414e-08
17400.056 1.1253109669959801e-08
17450.056 1.1368328823874008e-08
17500.056 1.2046203105652306e-08
17550.056 9.86050497982986e-09
17600.056 8.998871758485323e-09
17650.056 7.800775767985549e-09
17700.056 6.009694513123997e-09
17750.056 4.613618895670645e-09
17800.056 6.068991140673214e-09
17850.056 3.6040417180292055e-09
17900.056 3.8277178912104796e-09
17950.056 2.462379858895538e-09
18000.056 3.3595456956200856e-09
18050.056 1.8819536480277905e-09
18100.056 2.1911878971228e-09
18150.056 2.3812773537503524e-09
18200.056 1.4327227416126343e-09
18250.056 3.815814295331835e-09
18300.056 1.3449865404052474e-09
18350.056 1.2002995663395869e-09
18400.056 9.31699295011917e-10
18450.056 2.306855432444345e-09
18500.056 2.1441422855700653e-09
18550.056 1.4120095374270822e-09
18600.056 1.4423892856774045e-09
18650.056 1.028072244548989e-09
18700.056 5.489305613325169e-10
18750.056 1.05262496603821e-09
18800.056 3.2771351168447314e-09
18850.056 3.166299823331381e-09
18900.056 2.6970641315971743e-09
18950.056 4.648164477554401e-09
19000.056 1.968131157874679e-09
19050.056 1.1035459916349766e-09
19100.056 2.143807705065912e-09
19150.056 1.1051780283496272e-09
19200.056 1.5773579874866266e-09
19250.056 1.0677117006809609e-09
19300.056 8.354660386183476e-10
19350.056 7.563424813391192e-10
19400.056 6.030357322675071e-10
19450.056 9.904561466290642e-10
19500.056 8.920162026681546e-10
19550.056 1.012120159946054e-09
19600.056 1.5611337852326123e-09
19650.056 1.480431154864223e-09
19700.056 1.7000886964352042e-09
19750.056 2.413298617271032e-09
19800.056 1.901268716825616e-09
19850.056 2.4977781326174987e-09
19900.056 2.7297582464520124e-09
19950.056 3.863343031602521e-09
20000.056 4.261570118653877e-09
20050.056 3.98819231308992e-09
20100.056 5.978688866470838e-09
20150.056 4.097861592745296e-09
20200.056 3.508704182527823e-09
20250.056 5.4610256584681945e-09
20300.056 5.971868863658851e-09
20350.056 6.162870426992913e-09
20400.056 5.8862873273455905e-09
20450.056 8.770367011121966e-09
20500.056 9.740877942698359e-09
20550.056 1.044939404522096e-08
20600.056 1.127482496530123e-08
20650.056 1.2896427301599687e-08
20700.056 1.387103378580045e-08
20750.056 1.4753991357899327e-08
20800.056 1.498494789159821e-08
20850.056 1.628117598930031e-08
20900.056 1.691720595599914e-08
20950.056 1.6808958362000655e-08
21000.056 1.682883014900017e-08
21050.056 1.7333493592999487e-08
21100.056 1.721068166000012e-08
21150.056 1.7255899499999072e-08
21200.056 1.681164017200053e-08
21250.056 1.6601553097899074e-08
21300.056 1.5662568894799852e-08
21350.056 1.5292690933399494e-08
21400.056 1.5118507733101288e-08
21450.056 1.3796693940000219e-08
21500.056 1.2853513381830592e-08
21550.056 1.1828455784599938e-08
21600.056 1.0919267051450385e-08
21650.056 9.048485363141348e-09
21700.056 8.959171211559506e-09
21750.056 7.534837763577999e-09
21800.056 6.01730522776422e-09
21850.056 5.587521501535545e-09
21900.056 4.539264414749723e-09
21950.056 2.9830115000233688e-09
22000.056 1.2587956499215112e-09
22050.056 1.353218175487225e-09
22100.056 2.851336437891808e-09
22150.056 2.4586931712497795e-09
22200.056 2.6624232151970286e-09
22250.056 2.42057104838919e-09
22300.056 1.6378930847411928e-09
22350.056 2.062863113585648e-09
22400.056 1.0571954836862855e-09
22450.056 1.4344364475467889e-09
22500.056 1.2034499024934948e-09
22550.056 9.150156101633179e-10
22600.056 7.958927555170637e-10
22650.056 1.0239695901244561e-09
22700.056 9.436499202149127e-10
22750.056 1.126539803806987e-09
22800.056 1.1900063140882163e-09
22850.056 9.501957505778073e-10
22900.056 8.939846176913152e-10
22950.056 8.663327611804195e-10
23000.056 9.774132359650241e-10
23050.056 1.2532999811609558e-09
23100.056 2.9418665295743167e-09
23150.056 2.072625501537831e-09
23200.056 4.128207293418213e-10
23250.056 9.444701040363537e-10
23300.056 7.746783161602698e-10
23350.056 9.74727731762311e-10
23400.056 8.401514438339064e-10
23450.056 7.588163488444126e-10
23500.056 8.508893681464742e-10
23550.056 1.3156576360448824e-09
23600.056 1.7310217830926002e-09
23650.056 2.2049964444186164e-09
23700.056 7.518969893266897e-10
23750.056 8.262512667219333e-10
23800.056 1.93176417080924e-09
23850.056 1.5246141334467313e-09
23900.056 2.6001435482795607e-09
23950.056 1.972878709844757e-09
24000.056 3.200151363266246e-09
24050.056 3.2256189187152963e-09
24100.056 3.0442112496291255e-09
24150.056 4.036475244126294e-09
24200.056 3.155423447319081e-09
24250.056 3.3655373733185146e-09
24300.056 4.486340193951916e-09
24350.056 3.61430826404122e-09
24400.056 5.858756047548651e-09
24450.056 5.201146079585917e-09
24500.056 4.939814116484888e-09
24550.056 6.370948089493945e-09
24600.056 6.625372121981123e-09
24650.056 8.33975567737373e-09
24700.056 5.3261211617236835e-09
24750.056 5.6575585844817964e-09
24800.056 5.183195647735965e-09
24850.056 8.212107581898782e-09
24900.056 3.4040734426557405e-09
24950.056 6.733569433783719e-09
25000.056 5.910251654816394e-09
25050.056 3.3417189614560044e-09
25100.056 5.419744203811256e-09
25150.056 2.9984147827228072e-09
25200.056 4.001413152955337e-09
25250.056 1.734404078285294e-09
25300.056 2.7195409015042893e-09
25350.056 1.2917693717087004e-09
25400.056 3.076508010820614e-09
25450.056 1.1926727713858976e-09
25500.056 1.139445969153857e-09
25550.056 2.0389973377907704e-09
25600.056 1.6227062692137582e-09
25650.056 6.791978294977893e-10
25700.056 1.2131488056386575e-09
25750.056 3.735614205931149e-10
25800.056 1.6736928517795074e-09
25850.056 4.414164743895079e-10
25900.056 7.494659231798444e-10
25950.056 2.159921232625321e-10
26000.056 1.6692936940491122e-09
26050.056 3.694826166738512e-10
26100.056 1.4252908640300151e-09
26150.056 7.606481768703112e-10
26200.056 8.553486832116575e-10
26250.056 3.456089696156632e-09
26300.056 1.1883870906321103e-09
26350.056 4.723991254487469e-09
26400.056 4.981366175307284e-09
26450.056 3.819362140326312e-09
26500.056 6.218106291406237e-09
26550.056 1.4414070037571312e-09
26600.056 1.8504071067564738e-09
26650.056 4.2053810446304534e-10
26700.056 3.018193394291782e-10
26750.056 2.714045636175286e-10
26800.056 6.428666582589259e-10
26850.056 3.466688250346175e-10
26900.056 1.3731696950090766e-09
26950.056 5.470338495468738e-10
27000.056 2.355114139999116e-09
27050.056 2.2834695502363805e-09
27100.056 6.398423964021614e-10
27150.056 3.249678712571868e-09
27200.056 6.488910366565888e-10
27250.056 1.4732782932083047e-09
27300.056 6.246304788185522e-09
27350.056 2.8948318798273775e-09
27400.056 2.8474652193479373e-10
27450.056 3.39148710901409e-09
27500.056 4.0451851509731435e-09
27550.056 8.527957866991777e-10
27600.056 2.089054201048399e-09
27650.056 7.019832735597381e-10
27700.056 5.594148753718182e-10
27750.056 2.7030674681198854e-09
27800.056 9.315234613723251e-10
27850.056 1.3188029141363518e-09
27900.056 1.4197634454221202e-09
27950.056 3.1351327223473556e-09
28000.056 2.4733695598019347e-09
28050.056 4.753875675296436e-10
28100.056 2.7116174538867813e-09
28150.056 1.874086656025147e-09
28200.056 6.993392481529802e-10
28250.056 3.4701152208216474e-09
28300.056 3.4339646266312786e-09
28350.056 8.835744129617583e-10
28400.056 2.5544428547614185e-09
28450.056 4.021177531640062e-09
28500.056 2.6843844593117334e-09
28550.056 7.041954996303287e-10
28600.056 4.322189042193965e-09
28650.056 2.991016630416337e-09
28700.056 3.527048066484989e-09
28750.056 5.547325185743275e-09
28800.056 3.2387436871797314e-09
28850.056 4.993878060159232e-09
