galfind/configs/Brown_Dwarf_templates/sonora_bobcat/m0.0/316g/sp_t450g316nc_m0.0_resample.dat
# %ECSV 1.0
# ---
# datatype:
# - {name: wav, unit: Angstrom, datatype: float64}
# - {name: flux_nu, unit: erg / (cm2 Hz s), datatype: float64}
# meta: {C/O: '1.00', Kzz: '1.0000E+05', Teff: '450.', Y: '0.28', '[Fe/H]': '0.00', f_hole: '1.00', f_rain: '0.00', grav: '316.'}
# schema: astropy-2.0
wav flux_nu
[from data line 498]
28900.056 1.7300161272240893e-10
28950.056 2.628238927626923e-10
29000.056 1.8699999063247205e-10
29050.056 2.9234948583623313e-10
29100.056 1.419633918176431e-10
29150.056 2.2654881100901516e-10
29200.056 3.973922047428698e-10
29250.056 4.4999107877890954e-10
29300.056 2.4497738749997964e-10
29350.056 6.953466487919131e-10
29400.056 2.742397140543012e-10
29450.056 1.91172916381846e-10
29500.056 6.395033208094587e-10
29550.056 2.375086866702446e-10
29600.056 3.2065562136294905e-10
29650.056 9.49595485718116e-10
29700.056 2.1302089957650057e-10
29750.056 6.533338250960568e-10
29800.056 4.878219375058066e-10
29850.056 8.238193616818565e-10
29900.056 4.221588117652429e-10
29950.056 4.809048018181181e-10
30000.056 1.0589069993635632e-11
30050.056 5.978052222366196e-11
30100.056 2.1844972315868964e-10
30150.056 7.806281354224554e-10
30200.056 5.347699926979801e-10
30250.056 1.021682244426464e-09
30300.056 1.2691137635689117e-09
30350.056 3.408144902861612e-10
30400.056 1.335466682122877e-09
30450.056 8.660449068416174e-10
30500.056 6.289015224310572e-10
30550.056 4.92320050192445e-10
30600.056 2.8663672253583e-09
30650.056 1.186097015252511e-09
30700.056 7.886446054527369e-10
30750.056 1.4791909843717072e-09
30800.056 1.2152237007283937e-09
30850.056 1.3454964636231825e-09
30900.056 7.404693538424688e-10
30950.056 6.470391258682728e-10
31000.056 7.639939998286295e-10
31050.056 6.047931215492234e-10
31100.056 3.574158916829244e-10
31150.056 6.737909184607259e-10
31200.056 1.7447894689131238e-09
31250.056 8.350870427617313e-10
31300.056 5.634743210135026e-10
31350.056 1.1748337870757096e-09
31400.056 7.769208472017143e-10
31450.056 8.452333678440735e-10
31500.056 3.0200356511492346e-10
31550.056 5.458177192786308e-10
31600.056 3.7691248050367005e-10
31650.056 3.1332710622223667e-10
31700.056 3.012814692174986e-10
31750.056 1.4747395780325572e-10
31800.056 3.139977104342769e-10
31850.056 6.228472821935564e-11
31900.056 1.4956384836492267e-10
31950.056 8.354234219990096e-11
32000.056 7.3006125395825e-11
32050.056 1.0096826934850166e-10
32100.056 8.170726263546029e-11
32150.056 9.346960231950586e-11
32200.056 4.571024959551536e-11
32250.056 1.1692278887814174e-10
32300.056 3.4383875815728086e-11
32350.056 1.1875423538544546e-10
32400.056 2.0115955125736256e-11
32450.056 9.136460727758233e-11
32500.056 2.5006411701506828e-11
32550.056 7.540466971130513e-11
32600.056 2.9997655935674795e-11
32650.056 1.7536939320784662e-10
32700.056 4.606296365227657e-11
32750.056 3.4872418110776583e-10
32800.056 2.1238528899932615e-10
32850.056 6.206617746710506e-10
32900.056 5.501844144853645e-10
32950.056 5.719022503812573e-10
33000.056 1.959011135777894e-10
33050.056 2.4856119724672306e-10
33100.056 5.318477060190393e-11
33150.056 2.9768986652756514e-14
33200.056 1.5678474405518344e-12
33250.056 2.379516564422124e-12
33300.056 1.9094780427989665e-11
33350.056 6.176402411607341e-11
33400.056 2.1104718466854582e-10
33450.056 1.2705333034305647e-10
33500.056 4.659393218133181e-10
33550.056 9.917621540979894e-11
33600.056 2.620275584825494e-10
33650.056 2.4694006539904186e-10
33700.056 8.39406156440419e-11
33750.056 3.4716904680243885e-10
33800.056 3.4570901356720935e-11
33850.056 1.6851424497183366e-10
33900.056 1.8220316939558617e-10
33950.056 1.4369105553722338e-10
34000.056 3.2289464931707823e-10
34050.056 5.04037722513238e-11
34100.056 3.012821474197406e-10
34150.056 1.1528105010887005e-10
34200.056 3.2670836122950217e-10
34250.056 1.9998486985515468e-10
34300.056 1.9490437382229534e-10
34350.056 4.640710054076418e-10
34400.056 1.2584216977531443e-10
34450.056 4.485195142857358e-10
34500.056 2.2497917280160354e-10
34550.056 1.6353781864089114e-10
34600.056 7.852162733051267e-10
34650.056 1.13662767401873e-10
34700.056 5.384022773839956e-10
34750.056 3.2809821158771303e-10
34800.056 2.5880139275819205e-10
34850.056 9.114905776384835e-10
34900.056 2.0252570941360183e-10
34950.056 8.058393059065388e-10
35000.056 1.3890354687574985e-09
35050.056 6.442703167237604e-10
35100.056 1.5780401516107152e-09
35150.056 1.3344663087695715e-09
35200.056 9.944136490939196e-10
35250.056 1.9147650340928983e-09
35300.056 6.7854031876146e-10
35350.056 9.688472647228547e-10
35400.056 7.734696698514823e-10
35450.056 6.418997230954821e-10
35500.056 2.289666412179804e-09
35550.056 1.2960403953954999e-09
35600.056 1.61994113380552e-09
35650.056 1.8171674532239822e-09
35700.056 1.8241503325766682e-09
35750.056 2.6892340138728e-09
35800.056 2.0870192291762515e-09
35850.056 8.952566965547589e-10
35900.056 1.2894293378289738e-09
35950.056 1.8530556104504742e-09
36000.056 1.996996672894271e-09
36050.056 1.437060515845101e-09
36100.056 1.322820123568554e-09
36150.056 3.169555325562055e-09
36200.056 3.4407897294778124e-09
36250.056 2.207202736018809e-09
36300.056 5.256759830505558e-09
36350.056 3.04220518615841e-09
36400.056 4.791171453441083e-09
36450.056 4.204254285206782e-09
36500.056 4.666512063357471e-09
36550.056 7.236970012848728e-09
36600.056 7.784442064577412e-09
36650.056 5.3504612576667075e-09
36700.056 5.646642263171397e-09
36750.056 7.671696983603583e-09
36800.056 9.053049268668949e-09
36850.056 4.8806472085511285e-09
36900.056 7.351512455727841e-09
36950.056 9.115404115848434e-09
37000.056 6.16145378058372e-09
37050.056 9.961477733225862e-09
37100.056 5.8136681500891065e-09
37150.056 6.916011915540803e-09
37200.056 1.1707725608897947e-08
37250.056 6.892887383720668e-09
37300.056 4.993034654636128e-09
37350.056 8.795662823876524e-09
37400.056 1.3602170200491538e-08
37450.056 5.490307057970719e-09
37500.056 7.63952661186323e-09
37550.056 1.514851442434001e-08
37600.056 2.2011820488683563e-08
37650.056 6.749210964757781e-09
37700.056 1.3071564049201286e-08
37750.056 9.126191224062595e-09
37800.056 9.434042901311026e-09
37850.056 5.1546851963851465e-09
37900.056 6.33638448508084e-09
37950.056 1.2018022182425768e-08
38000.056 1.0943080408114294e-08
38050.056 1.566271728068502e-08
38100.056 1.9828702604094276e-08
38150.056 2.1451700012178603e-08
38200.056 1.6878493887530035e-08
38250.056 1.9134461787842198e-08
38300.056 2.968961313163115e-08
38350.056 2.6826252587489207e-08
38400.056 1.1671999861227719e-08
38450.056 5.7357294705683445e-09
38500.056 4.095137584322563e-09
38550.056 1.3309031387403299e-08
38600.056 1.4169517063486973e-08
38650.056 1.5995205151699334e-08
38700.056 1.404968465649663e-08
38750.056 1.4286289829301081e-08
38800.056 1.4416523146279891e-08
38850.056 1.6504757616581567e-08
38900.056 2.0772376055175643e-08
38950.056 1.2703839967955223e-08
39000.056 1.996067149037502e-08
39050.056 1.2777584249568434e-08
39100.056 1.829236264685394e-08
39150.056 2.523407306085054e-08
39200.056 1.7519741880516766e-08
39250.056 2.6601806546820582e-08
39300.056 1.894312550931798e-08
39350.056 3.231285019269945e-08
39400.056 1.9506676078363978e-08
39450.056 2.751943711149324e-08
39500.056 2.9015563423002983e-08
39550.056 1.4506535949132404e-08
39600.056 2.631416106798195e-08
39650.056 3.54783748957974e-08
39700.056 3.218260780040433e-08
39750.056 1.5818262786527237e-08
39800.056 1.8301452923764955e-08
39850.056 3.9277068179003205e-08
39900.056 4.343358208720226e-08
39950.056 2.069556109261828e-08
40000.056 3.5060558722199816e-08
40050.056 3.7927588104599055e-08
40100.056 1.4459491562361183e-08
40150.056 3.42227657396017e-08
40200.056 3.700847189899245e-08
40250.056 4.09980152549912e-08
40300.056 4.116801865200401e-08
40350.056 2.5280361856633455e-08
40400.056 3.696484918075184e-08
40450.056 1.9174457028946517e-08
40500.056 4.24910898411992e-08
40550.056 4.591254482030349e-08
40600.056 3.896141644700086e-08
40650.056 3.109880188191967e-08
40700.056 5.776853681409539e-08
40750.056 3.867699773499243e-08
40800.056 2.386851968569241e-08
40850.056 6.344091307501228e-08
40900.056 5.523635736659405e-08
40950.056 4.4926531031407004e-08
41000.056 3.737807316109521e-08
41050.056 6.745927443098968e-08
41100.056 5.7070185698597924e-08
41150.056 2.3995823709615935e-08
41200.056 6.450486898400681e-08
41250.056 5.491613475535201e-08
41300.056 5.633317120280314e-08
41350.056 7.207973504299694e-08
41400.056 5.885529065800108e-08
41450.056 7.708621384799287e-08
41500.056 4.839181243619154e-08
41550.056 4.4507222374154035e-08
41600.056 4.9231469527730914e-08
41650.056 6.581115269800621e-08
41700.056 8.033043862698588e-08
41750.056 6.259047736199392e-08
41800.056 6.803574350101085e-08
41850.056 5.867761065459118e-08
41900.056 5.3546669380245604e-08
41950.056 5.6341256051900306e-08
42000.056 3.5593458478191306e-08
42050.056 4.0031689583977384e-08
42100.056 5.0989678207397015e-08
42150.056 4.931648518639955e-08
42200.056 5.2775844066596224e-08
42250.056 4.702137756560697e-08
42300.056 4.270410638499769e-08
42350.056 6.497017298660381e-08
42400.056 7.429902023200622e-08
42450.056 6.881732263201208e-08
42500.056 7.041389937799461e-08
42550.056 6.052681379599267e-08
42600.056 6.463567600702128e-08
42650.056 9.51210739239819e-08
42700.056 4.90908592791827e-08
42750.056 6.189788971601016e-08
42800.056 8.77711906230065e-08
42850.056 9.423854961997995e-08
42900.056 9.967968446401146e-08
42950.056 7.52316023559941e-08
43000.056 8.794508619700224e-08
43050.056 4.483810921460506e-08
43100.056 7.523766489599525e-08
43150.056 6.113839415600519e-08
43200.056 8.640112305200637e-08
43250.056 1.1901209733600636e-07
43300.056 1.0858583312300073e-07
43350.056 5.721376338398793e-08
43400.056 8.574575829100471e-08
43450.056 5.792632466400487e-08
43500.056 5.984531477701008e-08
43550.056 6.408425416850541e-08
43600.056 1.0127046965500851e-07
43650.056 5.986534612359874e-08
43700.056 1.1402181903601937e-07
43750.056 1.0305605829499491e-07
43800.056 9.127292693299406e-08
43850.056 8.281463042901024e-08
43900.056 6.61791979869929e-08
43950.056 4.5693182161995266e-08
44000.056 4.400787650199898e-08
44050.056 1.0392702878000418e-07
44100.056 1.3912985859300236e-07
44150.056 1.2583475786799538e-07
44200.056 1.1434762202500274e-07
44250.056 6.323621741699525e-08
44300.056 4.7995476679006764e-08
44350.056 5.462521647665943e-08
44400.056 5.185285116099639e-08
44450.056 9.194865802800601e-08
44500.056 8.069064076261188e-08
44550.056 1.1696886945899471e-07
44600.056 9.841886524720131e-08
44650.056 9.185794033500096e-08
44700.056 6.066384854099316e-08
44750.056 8.972647896701599e-08
44800.056 6.279462239730535e-08
44850.056 9.071125776800447e-08
44900.056 7.695689303739967e-08
44950.056 8.90718151230085e-08
45000.056 1.0532268068300273e-07
45050.056 9.507012870199082e-08
45100.056 8.709937929000451e-08
45150.056 7.844385682779133e-08
45200.056 5.784714229390553e-08
45250.056 6.897174384828629e-08
45300.056 6.468137463890868e-08
45350.056 5.165190241840926e-08
45400.056 1.2901403440301297e-07
45450.056 1.0752913552001085e-07
45500.056 1.2843231359700755e-07
45550.056 1.370585546759721e-07
45600.056 1.2016743054301376e-07
45650.056 9.957029856899791e-08
45700.056 6.229714515659596e-08
45750.056 5.5802244812403286e-08
45800.056 1.3605299240000628e-07
45850.056 1.1060383850819875e-07
45900.056 1.3583459148199518e-07
45950.056 1.1566841892699554e-07
46000.056 1.294752339060135e-07
46050.056 9.678807484400607e-08
46100.056 1.5207811822999075e-07
46150.056 8.817232760500081e-08
46200.056 7.423368625018996e-08
46250.056 2.9997793082247295e-08
46300.056 8.964812885800286e-08
46350.056 9.508325387001143e-08
46400.056 9.040384164700324e-08
46450.056 7.945182390489755e-08
46500.056 8.952995433481652e-08
46550.056 4.88160346422011e-08
46600.056 6.813126325865013e-08
46650.056 1.0775751822000587e-07
46700.056 7.11540557399849e-08
46750.056 3.442360589160595e-08
46800.056 2.3003572132658834e-08
46850.056 1.0093382381901446e-07
46900.056 1.1052626604799538e-07
46950.056 1.0741510238699203e-07
47000.056 1.047702476990124e-07
47050.056 7.35480302041972e-08
47100.056 5.249545081760405e-08
47150.056 8.522173718321149e-08
47200.056 9.655754481499457e-08
47250.056 4.8557045420192545e-08
47300.056 3.255541616522713e-08
47350.056 1.0640905584200555e-07
47400.056 9.999262205799251e-08
47450.056 7.369399990280857e-08
47500.056 1.177263055479944e-07
47550.056 9.876311731600388e-08
47600.056 9.035068700369047e-08
47650.056 9.721592384171612e-08
47700.056 7.397506089400518e-08
47750.056 5.396027117220114e-08
47800.056 4.379623121800593e-08
47850.056 2.051521114833358e-08
47900.056 3.346199580817876e-08
47950.056 8.349438851400458e-08
48000.056 1.1263827259699897e-07
48050.056 9.049052026479779e-08
48100.056 3.823757139390277e-08
48150.056 7.041151405100277e-08
48200.056 4.836074241757723e-08
48250.056 6.443353781200014e-08
48300.056 1.0711571288699626e-07
48350.056 6.359522543999294e-08
48400.056 1.520994698587601e-08
48450.056 3.2265734399013776e-08
48500.056 5.6594027197986694e-08
48550.056 6.413445029578753e-08
48600.056 8.658376652300089e-08
48650.056 1.1012779453199557e-07
48700.056 7.273595252701038e-08
48750.056 4.8906598976012136e-08
48800.056 9.21288620860048e-08
48850.056 4.810039274219205e-08
48900.056 6.143804155007405e-08
48950.056 3.366740486839922e-08
49000.056 1.8008943160503245e-08
49050.056 5.89296149004926e-08
49100.056 7.678417415790304e-08
49150.056 5.783957868724113e-08
49200.056 9.198299815601247e-08
49250.056 9.485645012600437e-08
49300.056 7.744357259099727e-08
49350.056 3.044281676162729e-08
49400.056 4.582000960368901e-08
49450.056 4.196230085055998e-08
49500.056 3.3471652674565126e-08
49550.056 6.791907606170082e-09
49600.056 2.002351307537164e-08
49650.056 4.957510620400187e-08
49700.056 5.7215649253985885e-08
49750.056 5.532890348459807e-08
49800.056 3.384399153719934e-08
49850.056 7.385761600400974e-08
49900.056 6.553486133399661e-08
49950.056 6.222989081499936e-08
50000.056 4.555508601645061e-08
50050.056 5.607239516060286e-08
50100.056 4.5161409926997316e-08
50150.056 1.9943603417656235e-08
50200.056 3.3986813935135893e-09
50250.056 2.2122327785999508e-08
50300.056 1.4761932491882648e-08
50350.056 5.2309358401007695e-08
50400.056 5.803800419879466e-08
50450.056 4.202542599940175e-08
50500.056 6.785869212190349e-08
50550.056 6.240503593600291e-08
50600.056 4.286718684458714e-08
50650.056 7.037205911301088e-08
50700.056 7.043069412599567e-08
50750.056 4.238478484320188e-08
50800.056 1.3840224352201483e-08
50850.056 7.15091655291351e-09
50900.056 4.6982537047002956e-08
50950.056 4.450618841999674e-08
51000.056 3.432331487665311e-08
51050.056 5.1903297822592775e-08
51100.056 1.8655218405629e-08
51150.056 2.0207900031289985e-08
51200.056 6.46169006159983e-08
51250.056 4.675005508969159e-08
51300.056 2.996516509270759e-08
51350.056 2.8802698494847632e-08
51400.056 9.109016178569813e-09
51450.056 7.231930663934553e-09
51500.056 6.692453385096739e-09
51550.056 2.744219585750475e-08
51600.056 2.506398266200481e-08
51650.056 3.365458890839826e-08
51700.056 3.440730908414822e-08
51750.056 2.254731682870439e-08
51800.056 4.364843726599422e-08
51850.056 3.4337971275798275e-08
51900.056 4.167452922300095e-08
51950.056 2.272506780159709e-08
52000.056 2.0918682316021516e-09
52050.056 1.1760568106801512e-08
52100.056 6.478250820618804e-09
52150.056 3.633289116366076e-09
52200.056 1.2652646220199609e-08
52250.056 2.1308356839004493e-08
52300.056 2.801019999299827e-08
52350.056 7.875235407220976e-09
52400.056 8.552315256189936e-09
52450.056 3.342544255800357e-08
52500.056 2.5331852832443798e-08
52550.056 3.0336840334998114e-08
52600.056 2.2924205611500954e-08
52650.056 2.7747826616301932e-08
52700.056 1.8171128950999295e-08
52750.056 6.8041930067158955e-09
52800.056 1.2831726553502261e-08
52850.056 1.5535792572245825e-08
52900.056 6.127665005609753e-09
52950.056 1.0566638939921499e-08
53000.056 2.0426100954702345e-08
53050.056 7.42415854270207e-09
53100.056 2.6899511020000128e-08
53150.056 2.821291160400128e-08
53200.056 1.170895282653947e-08
53250.056 2.4379833056200474e-08
53300.056 2.8920859874278628e-08
53350.056 2.277736740240064e-08
53400.056 1.473894125329765e-08
53450.056 4.577925619688365e-09
53500.056 7.88974319000692e-10
53550.056 2.1499976641800167e-09
53600.056 1.0817853428215965e-08
