galfind/configs/Brown_Dwarf_templates/sonora_bobcat/m0.0/316g/sp_t600g316nc_m0.0_resample.dat
# %ECSV 1.0
# ---
# datatype:
# - {name: wav, unit: Angstrom, datatype: float64}
# - {name: flux_nu, unit: erg / (cm2 Hz s), datatype: float64}
# meta: {C/O: '1.00', Kzz: '1.0000E+05', Teff: '600.', Y: '0.28', '[Fe/H]': '0.00', f_hole: '1.00', f_rain: '0.00', grav: '316.'}
# schema: astropy-2.0
wav flux_nu
4000.0559999999996 nan
4050.0559999999996 6.035003157753764e-16
4100.056 1.089153115918021e-13
4150.056 9.822985002700134e-13
4200.056 9.278372789060475e-13
4250.056 6.123549649200056e-12
4300.056 1.1786277900500209e-11
4350.056 1.7286831678000103e-11
4400.056 2.455723502200016e-11
4450.056 3.408062183000028e-11
4500.056 4.026211341000044e-11
4550.056 3.827175420254953e-11
4600.056 9.351176744499956e-12
4650.056 5.2583280214999685e-12
4700.056 2.4674099967999778e-12
4750.056 6.702913918399912e-13
4800.056 1.7014497787299808e-13
4850.056 5.232871438999948e-14
4900.056 2.375848424499985e-14
4950.056 1.2570088355399922e-14
5000.056 6.048856247299949e-15
5050.056 3.570786134699998e-15
5100.056 3.5315345592000173e-15
5150.056 3.747408883900012e-15
5200.056 4.020865628500007e-15
5250.056 4.307681966200004e-15
5300.056 4.653169810900005e-15
5350.056 5.076992654400006e-15
5400.056 5.537435132200008e-15
5450.056 6.061383819400021e-15
5500.056 6.623568337400019e-15
5550.056 7.189853960700008e-15
5600.056 7.689004260200006e-15
5650.056 8.032724084799996e-15
5700.056 8.037410839299997e-15
5750.056 7.654631752499993e-15
5800.056 6.582611541599978e-15
5850.056 4.596171354099952e-15
5900.056 1.6350785188984281e-15
5950.056 9.0061155661002e-15
6000.056 1.966420971100001e-14
6050.056 3.5666232844000425e-14
6100.056 5.790589397100049e-14
6150.056 8.827223113300056e-14
6200.056 1.295404820200007e-13
6250.056 1.8329600607000065e-13
6300.056 2.581556861300007e-13
6350.056 3.593021393800015e-13
6400.056 4.965110078500026e-13
6450.056 6.56238771929996e-13
6500.056 9.035402382200035e-13
6550.056 1.2584157842099907e-12
6600.056 1.7563443377500346e-12
6650.056 2.4608140735000172e-12
6700.056 3.1946046756100287e-12
6750.056 4.565893106200023e-12
6800.056 5.689634344000034e-12
6850.056 6.167525814100002e-12
6900.056 5.458343887100053e-12
6950.056 4.58106181599998e-12
7000.056 4.7080741890999944e-12
7050.056 5.008871221499953e-12
7100.056 5.494321794999961e-12
7150.056 5.1643639870399e-12
7200.056 4.878990133329949e-12
7250.056 5.085345179939799e-12
7300.056 5.005951455530262e-12
7350.056 5.297954931929919e-12
7400.056 5.569384157400169e-12
7450.056 5.9316522151001955e-12
7500.056 6.119180599999991e-12
7550.056 6.04488526779999e-12
7600.056 5.6454171668999804e-12
7650.056 2.1246790730129244e-12
7700.056 1.666441280142059e-12
7750.056 5.9861841913000805e-12
7800.056 8.733123329640019e-12
7850.056 1.2918515468100012e-11
7900.056 1.6885869521999876e-11
7950.056 1.9184967625200087e-11
8000.056 2.7232366309000234e-11
8050.056 3.4121277484000406e-11
8100.056 3.70340191541991e-11
8150.056 4.1629191410450245e-11
8200.056 6.026541406948275e-11
8250.056 7.196041386564932e-11
8300.056 9.088578359827333e-11
8350.056 1.10390006093496e-10
8400.056 1.3799130639799883e-10
8450.056 1.7991695335999878e-10
8500.056 2.084588651529926e-10
8550.056 2.7432973577000597e-10
8600.056 3.469280556600032e-10
8650.056 4.1959529297000423e-10
8700.056 4.928574711400044e-10
8750.056 5.858759051300041e-10
8800.056 6.764494739200056e-10
8850.056 7.190486711599932e-10
8900.056 5.041269613299719e-10
8950.056 4.895176148598623e-10
9000.056 5.455581050594205e-10
9050.056 1.022733956728601e-09
9100.056 1.1966643467809485e-09
9150.056 1.3451700309818881e-09
9200.056 1.7355319741167582e-09
9250.056 1.7074071217053799e-09
9300.056 4.762640085790114e-10
9350.056 6.460134981328479e-10
9400.056 1.3022030304884127e-09
9450.056 1.375831228126707e-09
9500.056 1.2624595233856289e-09
9550.056 1.4066135208662206e-09
9600.056 1.473017597468537e-09
9650.056 1.9459449722561037e-09
9700.056 3.0486518190026775e-09
9750.056 3.1851940634769215e-09
9800.056 3.741208157728179e-09
9850.056 4.40021845837896e-09
9900.056 5.56215836834003e-09
9950.056 6.038875984230159e-09
10000.056 5.939274847099832e-09
10050.056 8.057965879000097e-09
10100.056 9.40500829529998e-09
10150.056 1.0182879740499966e-08
10200.056 1.076237428740049e-08
10250.056 1.2471607784340364e-08
10300.056 1.5011690154899052e-08
10350.056 1.5536039437000494e-08
10400.056 1.9123364555200208e-08
10450.056 2.1791791259997935e-08
10500.056 2.4350560659799536e-08
10550.056 2.72154374180002e-08
10600.056 2.892171248699976e-08
10650.056 3.042752568200055e-08
10700.056 3.0548188454000425e-08
10750.056 3.15319085966004e-08
10800.056 3.139021421580039e-08
10850.056 2.9784428879600224e-08
10900.056 2.3802615428399454e-08
10950.056 1.3565380407850227e-08
11000.056 9.091165448466537e-09
11050.056 5.478508730312761e-09
11100.056 3.324021771823409e-09
11150.056 1.7055831269385941e-09
11200.056 1.5428206866121863e-09
11250.056 2.006469749801338e-09
11300.056 2.418697003579036e-09
11350.056 9.134361269292416e-10
11400.056 2.8289180288328567e-09
11450.056 1.8997459481077645e-09
11500.056 1.7024740036127964e-09
11550.056 6.044870528912184e-10
11600.056 5.101145731232242e-10
11650.056 1.205049970470456e-09
11700.056 1.4228661901211227e-09
11750.056 4.802242336978439e-10
11800.056 1.9951088887562607e-09
11850.056 3.2196829388338644e-09
11900.056 4.002156236099685e-09
11950.056 6.052470361880857e-09
12000.056 8.703871968230647e-09
12050.056 1.2319112289200798e-08
12100.056 1.6340930065607967e-08
12150.056 2.171177118289885e-08
12200.056 2.598824392379967e-08
12250.056 3.329291991409672e-08
12300.056 4.286894372230253e-08
12350.056 4.5920870413199423e-08
12400.056 5.7881214770998164e-08
12450.056 6.812217499400199e-08
12500.056 7.423727449300435e-08
12550.056 8.301213764499948e-08
12600.056 9.127551707500267e-08
12650.056 9.184866320499898e-08
12700.056 9.072524156300316e-08
12750.056 7.831629193300325e-08
12800.056 6.930637390079976e-08
12850.056 5.087398905750218e-08
12900.056 4.115953238548424e-08
12950.056 3.585184454535133e-08
13000.056 3.6361238375543625e-08
13050.056 2.7425501861743448e-08
13100.056 2.614140912583728e-08
13150.056 1.8757694016550283e-08
13200.056 1.729176194935513e-08
13250.056 1.2609651760901275e-08
13300.056 5.3247567012481054e-09
13350.056 1.6165027990549398e-09
13400.056 6.748622477677982e-10
13450.056 2.7252062795675095e-10
13500.056 1.2671687789136171e-10
13550.056 6.095775822068805e-11
13600.056 2.3200946431676386e-11
13650.056 1.0685197810056339e-10
13700.056 6.49869576654904e-11
13750.056 1.2776762738946356e-10
13800.056 1.3772532514266093e-10
13850.056 7.768512718256766e-11
13900.056 9.610092949810322e-11
13950.056 8.96334963408114e-11
14000.056 9.765446355728773e-11
14050.056 1.4714820959014415e-10
14100.056 1.2675960608508907e-10
14150.056 2.1974230492704506e-10
14200.056 1.499886757116615e-10
14250.056 1.839199707084627e-10
14300.056 4.445444591040063e-10
14350.056 4.141861812218334e-10
14400.056 4.370831710173402e-10
14450.056 6.52216238318492e-10
14500.056 1.3080657184717832e-09
14550.056 1.3926554829863157e-09
14600.056 2.021895766269733e-09
14650.056 1.479485756367521e-09
14700.056 8.320832879466109e-10
14750.056 7.27765560742829e-10
14800.056 1.1059163513272046e-09
14850.056 1.2388753679304444e-09
14900.056 1.2986455397062043e-09
14950.056 1.286000981427384e-09
15000.056 2.4504570887552626e-09
15050.056 2.331424505240842e-09
15100.056 1.938610895422935e-09
15150.056 1.644181752758404e-09
15200.056 2.633094777652461e-09
15250.056 4.846759947679109e-09
15300.056 5.9596669970372754e-09
15350.056 7.509340243435484e-09
15400.056 9.466049800283823e-09
15450.056 1.1784647340887391e-08
15500.056 1.3700381540859537e-08
15550.056 1.866292784371348e-08
15600.056 2.3636769091148843e-08
15650.056 2.9750372159801793e-08
15700.056 3.795231048060158e-08
15750.056 4.274206282109983e-08
15800.056 4.611366833500024e-08
15850.056 5.04500412650023e-08
15900.056 4.731865145500062e-08
15950.056 4.44139681139976e-08
16000.056 3.52180072290018e-08
16050.056 2.2620376136698664e-08
16100.056 1.490895187859884e-08
16150.056 8.83475723554843e-09
16200.056 5.033324185647754e-09
16250.056 3.7229263022329e-09
16300.056 2.624297545505757e-09
16350.056 3.2019207645293537e-09
16400.056 3.876217363272215e-09
16450.056 3.856372860749171e-09
16500.056 3.865682390450646e-09
16550.056 3.823640175720746e-09
16600.056 4.916316691673227e-09
16650.056 3.475233568063845e-09
16700.056 7.508304270712908e-10
16750.056 1.961564677687748e-09
16800.056 3.1941000660502784e-09
16850.056 3.453582134545964e-09
16900.056 2.2021276744547215e-09
16950.056 1.5564607086265639e-09
17000.056 9.874966299446747e-10
17050.056 1.7960098253462338e-09
17100.056 2.6807714788631176e-09
17150.056 1.759978274627943e-09
17200.056 4.056827645329066e-09
17250.056 2.7088831217040327e-09
17300.056 1.9513443224269055e-09
17350.056 1.97236891353188e-09
17400.056 2.7337294682028717e-09
17450.056 3.3338804099822777e-09
17500.056 4.049963252341215e-09
17550.056 3.525403325858493e-09
17600.056 2.87747317613866e-09
17650.056 2.598205839223166e-09
17700.056 2.0540269230861506e-09
17750.056 1.8183363155456544e-09
17800.056 3.121004676688724e-09
17850.056 1.7711137353154692e-09
17900.056 1.469868532397675e-09
17950.056 1.1069611238648458e-09
18000.056 1.6162675503509753e-09
18050.056 1.148056366189038e-09
18100.056 1.3732474172147128e-09
18150.056 1.4105166012348026e-09
18200.056 9.01566102908487e-10
18250.056 2.5501170050586745e-09
18300.056 8.797554820735302e-10
18350.056 7.340830176506882e-10
18400.056 5.912560170119452e-10
18450.056 1.5352675871039454e-09
18500.056 1.4995895232405126e-09
18550.056 9.86728623015853e-10
18600.056 1.0328341916885965e-09
18650.056 7.794874512543716e-10
18700.056 3.9241726891065464e-10
18750.056 7.725268329766381e-10
18800.056 2.3381214214364425e-09
18850.056 2.348196505310258e-09
18900.056 2.0406002899412785e-09
18950.056 3.4372898287440876e-09
19000.056 1.4177517246389062e-09
19050.056 7.884393589643141e-10
19100.056 1.583464933273911e-09
19150.056 8.042414383281274e-10
19200.056 1.1380280988202552e-09
19250.056 7.73312556478207e-10
19300.056 5.89153426574117e-10
19350.056 5.142174431722389e-10
19400.056 4.3028454184569963e-10
19450.056 7.290916901234485e-10
19500.056 5.967885726335858e-10
19550.056 6.934061219182658e-10
19600.056 1.18218630852565e-09
19650.056 1.0434230364843494e-09
19700.056 1.1777122264108338e-09
19750.056 1.7926263527025646e-09
19800.056 1.4006677873685846e-09
19850.056 1.8453912078875238e-09
19900.056 2.0421744135470247e-09
19950.056 2.9321433585706024e-09
20000.056 3.4478308429119914e-09
20050.056 3.0626894348934165e-09
20100.056 4.7609562116098485e-09
20150.056 3.033109045443673e-09
20200.056 2.602803642934331e-09
20250.056 4.3366456944750835e-09
20300.056 4.875959341050448e-09
20350.056 5.074438493463442e-09
20400.056 4.704255622643699e-09
20450.056 7.263441205852951e-09
20500.056 8.265748349068311e-09
20550.056 8.900419554726888e-09
20600.056 9.604176467222278e-09
20650.056 1.1246313560489661e-08
20700.056 1.21972793518608e-08
20750.056 1.3208466834198808e-08
20800.056 1.3322177562277474e-08
20850.056 1.4495175963000423e-08
20900.056 1.524098145519794e-08
20950.056 1.4820786122700983e-08
21000.056 1.4555928040601014e-08
21050.056 1.492726147649885e-08
21100.056 1.4295312848600604e-08
21150.056 1.4293293580498073e-08
21200.056 1.3427239900701119e-08
21250.056 1.260968506340784e-08
21300.056 1.1016220371949895e-08
21350.056 1.0811368981810024e-08
21400.056 1.0422169309771686e-08
21450.056 8.933484017172786e-09
21500.056 8.070878434523266e-09
21550.056 7.251491299756264e-09
21600.056 6.35296496029432e-09
21650.056 4.975430939048785e-09
21700.056 4.815887612028355e-09
21750.056 4.225496786214656e-09
21800.056 3.219855422615474e-09
21850.056 2.9561947326265856e-09
21900.056 2.1608301458814143e-09
21950.056 1.0775199629708045e-09
22000.056 2.8773797583876156e-10
22050.056 3.0079633956702965e-10
22100.056 9.291592582069986e-10
22150.056 8.619470364203419e-10
22200.056 9.421805241105223e-10
22250.056 7.76800942578046e-10
22300.056 4.714913673974413e-10
22350.056 5.582507815530743e-10
22400.056 2.609713376598358e-10
22450.056 3.337589359038344e-10
22500.056 2.7842225597224516e-10
22550.056 1.92343711912707e-10
22600.056 1.6659642014547375e-10
22650.056 2.7094622476828584e-10
22700.056 2.1640333066309064e-10
22750.056 2.444193950011034e-10
22800.056 2.580681228749911e-10
22850.056 1.979301214729849e-10
22900.056 1.5694780308985933e-10
22950.056 1.4573267322137205e-10
23000.056 1.8845661943316885e-10
23050.056 2.4895377601223727e-10
23100.056 8.670746708938486e-10
23150.056 7.812366434250574e-10
23200.056 6.246629182061733e-11
23250.056 1.841189892401414e-10
23300.056 1.6439142521568476e-10
23350.056 2.103238672309466e-10
23400.056 1.864162303619085e-10
23450.056 1.400019956123004e-10
23500.056 1.5896263196088002e-10
23550.056 2.591515029804781e-10
23600.056 4.0639501948769097e-10
23650.056 5.69746696172519e-10
23700.056 1.6278765518764702e-10
23750.056 1.4564470015584636e-10
23800.056 4.150780497709416e-10
23850.056 3.375560897757765e-10
23900.056 6.74144775783306e-10
23950.056 4.819945927743728e-10
24000.056 8.151824270816757e-10
24050.056 9.40492587905421e-10
24100.056 9.373976950322318e-10
24150.056 1.3091707803675737e-09
24200.056 9.952277068597538e-10
24250.056 8.456463992895104e-10
24300.056 1.3629965142825915e-09
24350.056 1.1071615189485725e-09
24400.056 1.9939769858396866e-09
24450.056 2.046355538414035e-09
24500.056 1.9063308079847387e-09
24550.056 2.692931635632214e-09
24600.056 2.7744478307319474e-09
24650.056 3.8945816659164995e-09
24700.056 2.421399313065445e-09
24750.056 2.9708501180546694e-09
24800.056 2.729637157518962e-09
24850.056 4.4197862915570045e-09
24900.056 1.9663688785475747e-09
24950.056 4.049626570117386e-09
25000.056 3.6290615025650117e-09
25050.056 2.265898027024566e-09
25100.056 3.5838437393202073e-09
25150.056 1.8947612977882694e-09
25200.056 2.7067800666765613e-09
25250.056 1.212247152894941e-09
25300.056 1.8992744773307563e-09
25350.056 8.952525899445168e-10
25400.056 2.1653965268525302e-09
25450.056 7.969122625322312e-10
25500.056 7.243139040146855e-10
25550.056 1.2288660572639034e-09
25600.056 8.140763851867723e-10
25650.056 4.2498480590150503e-10
25700.056 7.30285178989007e-10
25750.056 2.1370485524773815e-10
25800.056 9.965681491897516e-10
25850.056 2.388468061334353e-10
25900.056 3.5735609903099316e-10
25950.056 1.1153762511775902e-10
26000.056 9.5842591298836e-10
26050.056 1.8823163725084463e-10
26100.056 7.474197087463375e-10
26150.056 4.0236911398552994e-10
26200.056 4.739567391361537e-10
26250.056 2.0711172537804145e-09
26300.056 6.59485206879507e-10
26350.056 2.791400988798821e-09
26400.056 3.1498427163105868e-09
26450.056 2.6128304929204925e-09
26500.056 4.2854428272742075e-09
26550.056 9.039643974575485e-10
26600.056 1.2528403448835267e-09
26650.056 2.5108387769165297e-10
26700.056 1.6957580877711577e-10
26750.056 1.6333755722915623e-10
26800.056 4.184639586683215e-10
26850.056 2.2277233475344854e-10
26900.056 9.602933260151206e-10
26950.056 3.524800093557915e-10
27000.056 1.6887044205180053e-09
27050.056 1.6041750293430068e-09
27100.056 3.9929515172922227e-10
27150.056 2.259593829250115e-09
27200.056 4.032743328912326e-10
27250.056 9.815792294550624e-10
27300.056 4.543593495592188e-09
27350.056 2.0482073714279387e-09
27400.056 1.652896224899715e-10
27450.056 2.473210687006465e-09
27500.056 2.8347326203409985e-09
27550.056 5.678570895024365e-10
27600.056 1.4727419661888488e-09
27650.056 4.544799346319658e-10
27700.056 3.5904013286711967e-10
27750.056 1.928648634510832e-09
27800.056 5.932991271484446e-10
27850.056 9.065002156504075e-10
27900.056 9.235533845098307e-10
27950.056 2.236839613526591e-09
28000.056 1.8027981534061203e-09
28050.056 2.960723539705359e-10
28100.056 1.8654401067215482e-09
28150.056 1.3184572308422736e-09
28200.056 4.408641724321381e-10
28250.056 2.4431727728212435e-09
28300.056 2.4242755693514206e-09
28350.056 5.846979664068659e-10
28400.056 1.757650903328323e-09
28450.056 2.8140924957354043e-09
28500.056 1.874301715365903e-09
28550.056 4.5219987191069254e-10
28600.056 3.0555272646522117e-09
28650.056 2.1488468888998776e-09
28700.056 2.5802232182075198e-09
28750.056 3.916157042875812e-09
28800.056 2.163722512250552e-09
28850.056 3.5975390219604335e-09
