galfind/configs/Brown_Dwarf_templates/sonora_bobcat/m0.0/316g/sp_t2300g316nc_m0.0_resample.dat
# %ECSV 1.0
# ---
# datatype:
# - {name: wav, unit: Angstrom, datatype: float64}
# - {name: flux_nu, unit: erg / (cm2 Hz s), datatype: float64}
# meta: {C/O: '1.00', Kzz: '1.0000E+05', Teff: '2300.', Y: '0.28', '[Fe/H]': '0.00', f_hole: '1.00', f_rain: '0.00', grav: '316.'}
# schema: astropy-2.0
wav flux_nu
4000.0559999999996 nan
4050.0559999999996 2.563949920115685e-08
4100.056 2.87867184148542e-08
4150.056 2.467460693309232e-08
4200.056 1.8993079676280133e-08
4250.056 1.6825719610692882e-08
4300.056 1.1281884857154636e-08
4350.056 1.1551843731880382e-08
4400.056 1.1651583243224361e-08
4450.056 6.353449868530751e-09
4500.056 6.5193324962912725e-09
4550.056 8.27364456122763e-09
4600.056 6.460765088768917e-09
4650.056 4.72477905293986e-09
4700.056 5.865913684761133e-09
4750.056 7.508562609457284e-09
4800.056 4.0686376385512796e-09
4850.056 5.437619660712256e-09
4900.056 1.188643448511854e-08
4950.056 1.4642929049200203e-08
5000.056 5.285729202749478e-09
5050.056 8.182388879862293e-09
5100.056 1.6507789627844025e-08
5150.056 1.760318655928523e-08
5200.056 8.950897746240327e-09
5250.056 1.3665831028198778e-08
5300.056 1.736903523960033e-08
5350.056 1.6999500848002472e-08
5400.056 1.9088120743699775e-08
5450.056 1.4317684392037667e-08
5500.056 1.0297721447798489e-08
5550.056 1.4397735642399481e-08
5600.056 1.0771837579700925e-08
5650.056 8.727949794800698e-09
5700.056 1.0955593594900926e-08
5750.056 1.0443353612799111e-08
5800.056 9.95395439789964e-09
5850.056 4.813933725520189e-09
5900.056 6.170690667097875e-10
5950.056 5.6162266615000645e-09
6000.056 1.1795995445899435e-08
6050.056 2.130108821420189e-08
6100.056 3.04545599491004e-08
6150.056 3.143445627389384e-08
6200.056 1.5550468374600838e-08
6250.056 1.7216943428201985e-08
6300.056 2.682472915300122e-08
6350.056 3.686675031100251e-08
6400.056 4.776601151900243e-08
6450.056 6.488099088698164e-08
6500.056 6.603215710498206e-08
6550.056 8.467026111897975e-08
6600.056 6.922378890000719e-08
6650.056 5.1369417423007253e-08
6700.056 3.4991264612988086e-08
6750.056 4.386829821200565e-08
6800.056 5.002042662400114e-08
6850.056 6.291154138899691e-08
6900.056 8.173194379700064e-08
6950.056 1.1899710350899227e-07
7000.056 2.1195196780397485e-07
7050.056 2.010578732030214e-07
7100.056 8.19646053119934e-08
7150.056 5.788768129800861e-08
7200.056 8.895153597699458e-08
7250.056 1.46987427902022e-07
7300.056 2.685946703480546e-07
7350.056 4.2083445059999355e-07
7400.056 5.616693454000555e-07
7450.056 6.249327963499671e-07
7500.056 6.958467828700285e-07
7550.056 7.599921394700216e-07
7600.056 4.6135708019997235e-07
7650.056 1.0644299754451039e-07
7700.056 5.6092167686718536e-08
7750.056 2.291981467490399e-07
7800.056 3.1083170505928064e-07
7850.056 3.6686515125999103e-07
7900.056 4.3837641087907185e-07
7950.056 4.7053406681805695e-07
8000.056 6.098565839698983e-07
8050.056 9.163196827999246e-07
8100.056 1.2834946968302353e-06
8150.056 1.6965990941300258e-06
8200.056 1.1086911225518482e-06
8250.056 1.4357093499698942e-06
8300.056 1.1687043606703485e-06
8350.056 1.2472237425303748e-06
8400.056 1.2596904527101944e-06
8450.056 7.005048642798659e-07
8500.056 6.079099456787554e-07
8550.056 8.038099224100606e-07
8600.056 1.0166740466496235e-06
8650.056 1.3252017576598261e-06
8700.056 1.4928995448201544e-06
8750.056 1.8020530903002115e-06
8800.056 2.30622914594039e-06
8850.056 2.1541167879401755e-06
8900.056 1.4693750426500842e-06
8950.056 1.6169419803257426e-06
9000.056 2.0110382392902217e-06
9050.056 2.1195729520195344e-06
9100.056 2.6469345089901293e-06
9150.056 3.054271860200025e-06
9200.056 2.9627224135606273e-06
9250.056 2.120910445649934e-06
9300.056 1.8114570205401725e-06
9350.056 2.014914264219728e-06
9400.056 2.215419561140542e-06
9450.056 2.490750858619319e-06
9500.056 2.941767484449819e-06
9550.056 3.247573109400415e-06
9600.056 3.4997448858406597e-06
9650.056 3.887138589700854e-06
9700.056 4.173738107849666e-06
9750.056 3.4129196308700572e-06
9800.056 3.6724280778697418e-06
9850.056 3.577527007499851e-06
9900.056 3.1109736320398944e-06
9950.056 2.921282892840213e-06
10000.056 2.9381487319198263e-06
10050.056 2.878240822149857e-06
10100.056 3.4308434422911397e-06
10150.056 3.36177090045982e-06
10200.056 3.6307007429695437e-06
10250.056 3.547096120488807e-06
10300.056 3.4897417933795242e-06
10350.056 3.912933959079727e-06
10400.056 4.185326349449961e-06
10450.056 4.434468816040643e-06
10500.056 4.550954938829024e-06
10550.056 4.730746946280411e-06
10600.056 5.05651951225039e-06
10650.056 5.095990948299515e-06
10700.056 5.284094812800217e-06
10750.056 5.589608242070388e-06
10800.056 5.863906053699514e-06
10850.056 6.14213512274985e-06
10900.056 6.148802625739629e-06
10950.056 6.045193000398662e-06
11000.056 5.800942429100206e-06
11050.056 4.565515519509744e-06
11100.056 4.9219226429408165e-06
11150.056 5.184519758339641e-06
11200.056 5.266443450180341e-06
11250.056 5.8093908667100105e-06
11300.056 5.840499628150055e-06
11350.056 5.554159572799855e-06
11400.056 4.2724949765999405e-06
11450.056 5.934506325199094e-06
11500.056 6.509401439799459e-06
11550.056 6.4033301480699775e-06
11600.056 6.601834645698906e-06
11650.056 6.74014743688069e-06
11700.056 5.564224400879927e-06
11750.056 5.760893022699566e-06
11800.056 5.789051453500306e-06
11850.056 6.90397412760017e-06
11900.056 7.135157380398834e-06
11950.056 6.969872763799781e-06
12000.056 6.595085752300401e-06
12050.056 7.161278898700287e-06
12100.056 7.104098886599832e-06
12150.056 7.634145873699743e-06
12200.056 7.669580720099773e-06
12250.056 8.022944431899524e-06
12300.056 8.149250250300816e-06
12350.056 8.17846680700041e-06
12400.056 7.51241503679943e-06
12450.056 6.485275512600093e-06
12500.056 6.976707635698848e-06
12550.056 6.991433757980102e-06
12600.056 7.644347637900036e-06
12650.056 7.881592200299532e-06
12700.056 8.151853627399568e-06
12750.056 8.21641747710016e-06
12800.056 8.636303216099124e-06
12850.056 8.491638171600241e-06
12900.056 8.324510673999258e-06
12950.056 8.517557590299265e-06
13000.056 8.763123905899198e-06
13050.056 8.928260498999569e-06
13100.056 8.932789104399401e-06
13150.056 9.010282600999636e-06
13200.056 8.799767924099616e-06
13250.056 8.394243070440145e-06
13300.056 7.68340312738893e-06
13350.056 5.506686125990701e-06
13400.056 5.3397881520920194e-06
13450.056 4.8937997215578455e-06
13500.056 4.856995474910475e-06
13550.056 4.6693367487759705e-06
13600.056 4.407002732138032e-06
13650.056 4.728385520028945e-06
13700.056 4.424968353652509e-06
13750.056 4.526460741589088e-06
13800.056 4.963493052057922e-06
13850.056 4.914789155456492e-06
13900.056 4.7356087624241605e-06
13950.056 4.558519708126898e-06
14000.056 4.314087933490152e-06
14050.056 4.415932058775114e-06
14100.056 4.039800782219492e-06
14150.056 4.070884386488334e-06
14200.056 3.848872439662506e-06
14250.056 3.8180882980591505e-06
14300.056 3.875085893507381e-06
14350.056 3.924611089645384e-06
14400.056 4.058007264470266e-06
14450.056 4.225775135920288e-06
14500.056 4.485752644989619e-06
14550.056 4.5126881697098684e-06
14600.056 4.687205752511116e-06
14650.056 4.6146251132784585e-06
14700.056 4.334346926689522e-06
14750.056 4.538962215710695e-06
14800.056 4.609934008200938e-06
14850.056 4.89036276428911e-06
14900.056 4.8834643661496525e-06
14950.056 4.921815889170852e-06
15000.056 5.029975850800644e-06
15050.056 5.418556491539129e-06
15100.056 5.373577281600603e-06
15150.056 5.45256087094035e-06
15200.056 5.726588803339661e-06
15250.056 5.732467490499796e-06
15300.056 5.9491058764999155e-06
15350.056 6.113662397700191e-06
15400.056 6.229947310300043e-06
15450.056 6.435027466900368e-06
15500.056 6.526146912799276e-06
15550.056 6.779192937899677e-06
15600.056 6.7743871244007425e-06
15650.056 6.986934780399976e-06
15700.056 7.3214520625018e-06
15750.056 7.519099108099367e-06
15800.056 7.597172002500876e-06
15850.056 7.230137270100646e-06
15900.056 7.408064556100626e-06
15950.056 7.499427340499989e-06
16000.056 7.620844805299629e-06
16050.056 7.830709423500647e-06
16100.056 7.993967418300263e-06
16150.056 7.869707346400308e-06
16200.056 8.099386020499662e-06
16250.056 8.057680346099905e-06
16300.056 8.150113732100113e-06
16350.056 8.50688629209954e-06
16400.056 8.38194608830103e-06
16450.056 8.606034174300568e-06
16500.056 8.78230962290047e-06
16550.056 9.11434873129941e-06
16600.056 8.793237036800461e-06
16650.056 9.336970905900792e-06
16700.056 9.070669976598701e-06
16750.056 9.173242436999433e-06
16800.056 9.368316228500174e-06
16850.056 9.42844807749938e-06
16900.056 9.207041257100345e-06
16950.056 9.17558209319903e-06
17000.056 9.161910365500976e-06
17050.056 9.050531416500553e-06
17100.056 8.718364949500384e-06
17150.056 8.59892943880018e-06
17200.056 8.097681457299629e-06
17250.056 7.784881082399882e-06
17300.056 7.914362068659055e-06
17350.056 7.642977355260575e-06
17400.056 7.687618433749995e-06
17450.056 7.305567338437092e-06
17500.056 7.074057354389137e-06
17550.056 6.9578659415307245e-06
17600.056 6.734455813250221e-06
17650.056 6.847997350049034e-06
17700.056 6.117142316468959e-06
17750.056 5.995994917199867e-06
17800.056 5.885452922001237e-06
17850.056 5.628903259810665e-06
17900.056 5.649790210470046e-06
17950.056 5.513351046809365e-06
18000.056 5.155632915930489e-06
18050.056 5.213098256921835e-06
18100.056 5.0383187350297906e-06
18150.056 5.4237167415915575e-06
18200.056 4.7645836473402e-06
18250.056 5.346044458949064e-06
18300.056 5.156944405239703e-06
18350.056 5.000852945520068e-06
18400.056 4.888300537980035e-06
18450.056 4.501078476352259e-06
18500.056 4.638492532340689e-06
18550.056 4.41716995791017e-06
18600.056 3.8339429304082685e-06
18650.056 4.371040333710972e-06
18700.056 4.663393590690783e-06
18750.056 4.464126114961651e-06
18800.056 4.544558257671676e-06
18850.056 5.097033555519543e-06
18900.056 4.913030574558264e-06
18950.056 4.953423727779645e-06
19000.056 5.221275885679045e-06
19050.056 5.0982999480601006e-06
19100.056 5.1840866099015404e-06
19150.056 5.3501468440397935e-06
19200.056 5.306326813801441e-06
19250.056 5.108410289698933e-06
19300.056 5.323071663389128e-06
19350.056 5.395621519419696e-06
19400.056 4.945698578438911e-06
19450.056 5.37584160623067e-06
19500.056 5.405049607669482e-06
19550.056 4.842583015740923e-06
19600.056 5.366253785039346e-06
19650.056 5.275268176407259e-06
19700.056 5.304204385310343e-06
19750.056 4.983068100190321e-06
19800.056 5.209510185229377e-06
19850.056 5.191055720201202e-06
19900.056 4.819454359701428e-06
19950.056 5.337847419489745e-06
20000.056 4.806987463280695e-06
20050.056 5.096443882011284e-06
20100.056 5.1419536074573495e-06
20150.056 5.096122327881048e-06
20200.056 5.190813423438783e-06
20250.056 5.3502547827899395e-06
20300.056 5.372563073050519e-06
20350.056 5.423228958669399e-06
20400.056 5.402871326477547e-06
20450.056 5.607737132849425e-06
20500.056 5.614617588160071e-06
20550.056 5.727321472399731e-06
20600.056 5.950400778840547e-06
20650.056 5.8066541144209e-06
20700.056 6.0271643806002936e-06
20750.056 6.054642726099267e-06
20800.056 6.254771782000115e-06
20850.056 6.217430525700016e-06
20900.056 6.466893084299833e-06
20950.056 6.511695579499604e-06
21000.056 6.727490731799633e-06
21050.056 6.776420632600199e-06
21100.056 6.806293491500037e-06
21150.056 7.069261957300262e-06
21200.056 7.073920345800435e-06
21250.056 7.320480674599351e-06
21300.056 7.14805544259996e-06
21350.056 7.519780134700388e-06
21400.056 7.33934159460033e-06
21450.056 7.901105304600048e-06
21500.056 7.573560477700313e-06
21550.056 7.756970007699563e-06
21600.056 7.940035937400601e-06
21650.056 7.928032959400359e-06
21700.056 8.174622223199661e-06
21750.056 8.051263953799994e-06
21800.056 8.088971378799655e-06
21850.056 8.159866574899769e-06
21900.056 8.338321861100682e-06
21950.056 8.244248446200315e-06
22000.056 8.485774406099584e-06
22050.056 8.132420596499292e-06
22100.056 8.360309571999731e-06
22150.056 8.539899149500538e-06
22200.056 8.365709701101108e-06
22250.056 8.763111369700487e-06
22300.056 8.669208978699759e-06
22350.056 8.484900467200264e-06
22400.056 8.805195839100173e-06
22450.056 8.699252953299246e-06
22500.056 8.805158863099809e-06
22550.056 8.746945081299031e-06
22600.056 8.729750680699716e-06
22650.056 8.71020331210124e-06
22700.056 8.697426236301262e-06
22750.056 8.924236467999476e-06
22800.056 8.659366470400065e-06
22850.056 8.794277249800584e-06
22900.056 8.938682828899538e-06
22950.056 6.939954471790766e-06
23000.056 7.664731976010386e-06
23050.056 7.902082272088915e-06
23100.056 7.648713114449898e-06
23150.056 7.838596346150756e-06
23200.056 7.806558645320166e-06
23250.056 6.582913900588597e-06
23300.056 7.074888359160162e-06
23350.056 7.234808553820006e-06
23400.056 7.073374718910204e-06
23450.056 7.252632964080319e-06
23500.056 7.105240706058743e-06
23550.056 6.3156342762818015e-06
23600.056 6.4893966641712945e-06
23650.056 6.92870521542901e-06
23700.056 6.832270054718398e-06
23750.056 6.843814136660769e-06
23800.056 6.7516933289408965e-06
23850.056 5.821177290220571e-06
23900.056 6.258912102369658e-06
23950.056 6.422886528671572e-06
24000.056 6.069240339918898e-06
24050.056 5.982606607121028e-06
24100.056 5.561291552018493e-06
24150.056 5.435619680500728e-06
24200.056 5.4724536629185254e-06
24250.056 5.389528150280396e-06
24300.056 5.166312896100318e-06
24350.056 4.893545677370156e-06
24400.056 5.259888154309831e-06
24450.056 4.8519492935899306e-06
24500.056 4.5150338563903636e-06
24550.056 4.436783589819928e-06
24600.056 4.44630372233076e-06
24650.056 4.804991258259872e-06
24700.056 4.154936784600018e-06
24750.056 3.965643139280812e-06
24800.056 3.892308141320324e-06
24850.056 4.405654996870207e-06
24900.056 3.571706954151919e-06
24950.056 4.306275789879528e-06
25000.056 3.860952896300323e-06
25050.056 3.2533465087608516e-06
25100.056 3.816703907349836e-06
25150.056 3.384788954919951e-06
25200.056 3.6043818629695336e-06
25250.056 3.454897719239041e-06
25300.056 3.6061257718403114e-06
25350.056 3.162974203539952e-06
25400.056 3.3948662272813664e-06
25450.056 3.190590656280059e-06
25500.056 3.3628653799811313e-06
25550.056 3.19492684353016e-06
25600.056 3.2747365144601183e-06
25650.056 2.9945732487699047e-06
25700.056 3.609354919588666e-06
25750.056 2.8365197493105085e-06
25800.056 3.4100043156805144e-06
25850.056 3.224356093589727e-06
25900.056 3.4223672450008455e-06
25950.056 3.1330945949804163e-06
26000.056 3.3655390226108616e-06
26050.056 3.651911890710012e-06
26100.056 3.5137897203906475e-06
26150.056 3.560945201159046e-06
26200.056 3.3686156488502557e-06
26250.056 3.456022163840683e-06
26300.056 3.4949379486098656e-06
26350.056 3.4448210427296993e-06
26400.056 3.522899159569425e-06
26450.056 3.4643402098403825e-06
26500.056 3.629936711248931e-06
26550.056 3.7025394075092744e-06
26600.056 4.154744900659137e-06
26650.056 3.4753812688092786e-06
26700.056 3.5394340246097855e-06
26750.056 3.300564914378647e-06
26800.056 3.5713730703989904e-06
26850.056 3.0863452968104818e-06
26900.056 3.7292164874100067e-06
26950.056 2.7358011077101296e-06
27000.056 3.5208166160907705e-06
27050.056 3.0461263201895377e-06
27100.056 3.0612456671494587e-06
27150.056 3.1948774868398852e-06
27200.056 3.181326990330635e-06
27250.056 2.90286765082134e-06
27300.056 3.219162555860248e-06
27350.056 3.1335673456188537e-06
27400.056 2.769259817640043e-06
27450.056 3.397605161888833e-06
27500.056 3.1169071612102728e-06
27550.056 3.061620766539897e-06
27600.056 3.3703806982796264e-06
27650.056 2.814706411149721e-06
27700.056 2.783072362360235e-06
27750.056 3.4387588384782534e-06
27800.056 2.678253647289951e-06
27850.056 2.902382670988929e-06
27900.056 2.9101647611200513e-06
27950.056 3.298378195009733e-06
28000.056 3.141859722100807e-06
28050.056 2.548675584120592e-06
28100.056 3.389267636141504e-06
28150.056 2.8195999446700876e-06
28200.056 2.4798717735301598e-06
28250.056 2.9781369024300083e-06
28300.056 3.34288932880077e-06
28350.056 2.803119465498981e-06
28400.056 2.909075553240071e-06
28450.056 2.9188887816595036e-06
28500.056 2.984810337159459e-06
28550.056 2.3645927748492336e-06
28600.056 3.331889265100283e-06
28650.056 3.1229918391997343e-06
28700.056 2.7948723348394845e-06
28750.056 3.074879331909743e-06
28800.056 3.0232217986705153e-06
28850.056 3.096191277720278e-06
28900.056 2.5956551332102198e-06
28950.056 3.4290295251895973e-06
