galfind/configs/Brown_Dwarf_templates/sonora_bobcat/m0.0/316g/sp_t2300g316nc_m0.0_resample.dat
# %ECSV 1.0
# ---
# datatype:
# - {name: wav, unit: Angstrom, datatype: float64}
# - {name: flux_nu, unit: erg / (cm2 Hz s), datatype: float64}
# meta: {C/O: '1.00', Kzz: '1.0000E+05', Teff: '2300.', Y: '0.28', '[Fe/H]': '0.00', f_hole: '1.00', f_rain: '0.00', grav: '316.'}
# schema: astropy-2.0
wav flux_nu
[from data line 501]
29050.056 2.981554788669983e-06
29100.056 2.5180857641902374e-06
29150.056 3.1258158920001684e-06
29200.056 2.821422686480309e-06
29250.056 3.030973088979962e-06
29300.056 2.676146450458878e-06
29350.056 3.374310159079642e-06
29400.056 2.892257736099849e-06
29450.056 2.841480871299906e-06
29500.056 3.0146669128897225e-06
29550.056 2.9208610391802927e-06
29600.056 3.1044173408499303e-06
29650.056 2.9892697825799213e-06
29700.056 2.752760439209857e-06
29750.056 3.2964837328010005e-06
29800.056 3.2494582433197874e-06
29850.056 3.088868998439672e-06
29900.056 2.828353940620733e-06
29950.056 3.35509093211947e-06
30000.056 3.275750550609123e-06
30050.056 3.0934637971000193e-06
30100.056 2.610504580489374e-06
30150.056 3.7261975770998122e-06
30200.056 3.384321464000225e-06
30250.056 3.2177150124005953e-06
30300.056 3.196694369199765e-06
30350.056 3.202157094840597e-06
30400.056 3.6833288140004782e-06
30450.056 2.984336478530354e-06
30500.056 2.92476797198038e-06
30550.056 3.7520240871005814e-06
30600.056 3.550095020150336e-06
30650.056 3.5602444526001933e-06
30700.056 3.301774027339905e-06
30750.056 3.2500477278500863e-06
30800.056 3.834319053510917e-06
30850.056 3.3657830755600088e-06
30900.056 3.3373961260997887e-06
30950.056 3.271286377760289e-06
31000.056 3.7463660233999337e-06
31050.056 3.3349692255000886e-06
31100.056 3.534108538699973e-06
31150.056 3.612642431399613e-06
31200.056 3.6373945499996405e-06
31250.056 3.9754490695007e-06
31300.056 3.535593006599794e-06
31350.056 3.522827772420001e-06
31400.056 3.6674081667005615e-06
31450.056 3.676460128360167e-06
31500.056 3.7703001937004313e-06
31550.056 3.4721295541999303e-06
31600.056 3.6619540209598373e-06
31650.056 3.826699667499856e-06
31700.056 3.8341940031999125e-06
31750.056 3.4941195833000726e-06
31800.056 3.873371674600266e-06
31850.056 4.199774252899981e-06
31900.056 4.086461750899657e-06
31950.056 3.481535321399758e-06
32000.056 3.6541099513007006e-06
32050.056 4.104386314300431e-06
32100.056 4.165615342299618e-06
32150.056 4.124482177099997e-06
32200.056 3.976808552999978e-06
32250.056 3.8045955101001464e-06
32300.056 4.076164817200082e-06
32350.056 4.338073511600593e-06
32400.056 3.960037770799925e-06
32450.056 3.853713130600319e-06
32500.056 4.180509677900193e-06
32550.056 4.516899194200111e-06
32600.056 4.408478761899731e-06
32650.056 4.29333097840099e-06
32700.056 4.141763787000152e-06
32750.056 4.280893932300028e-06
32800.056 3.96685402900037e-06
32850.056 4.5859018089997125e-06
32900.056 4.442013826700109e-06
32950.056 3.963967545399856e-06
33000.056 4.2753318096002415e-06
33050.056 4.339546574999511e-06
33100.056 4.4087486935989965e-06
33150.056 4.4054253871001575e-06
33200.056 4.170095800700674e-06
33250.056 4.467293525800339e-06
33300.056 4.796866308700298e-06
33350.056 4.491647159500159e-06
33400.056 4.15598102949958e-06
33450.056 4.479797179098921e-06
33500.056 4.534883366500233e-06
33550.056 4.411905058199445e-06
33600.056 4.500700031400633e-06
33650.056 4.595682654700846e-06
33700.056 4.738754553799439e-06
33750.056 4.6881129771001955e-06
33800.056 4.565144303300071e-06
33850.056 4.4988256579001566e-06
33900.056 4.994902303999471e-06
33950.056 4.5165702689995084e-06
34000.056 4.5513543998991784e-06
34050.056 4.677651410300082e-06
34100.056 4.83572112680055e-06
34150.056 4.74998401519942e-06
34200.056 4.56751236449947e-06
34250.056 5.015747338699384e-06
34300.056 4.7196577403995974e-06
34350.056 4.840330353899569e-06
34400.056 4.640241338599562e-06
34450.056 4.513310647300168e-06
34500.056 4.807098732000881e-06
34550.056 4.648360212399762e-06
34600.056 4.764077501599888e-06
34650.056 4.835555766699968e-06
34700.056 4.7032682311993475e-06
34750.056 4.993163442100271e-06
34800.056 5.026297502399646e-06
34850.056 4.64425577179997e-06
34900.056 4.915011243600282e-06
34950.056 4.814910726199219e-06
35000.056 4.693266310599497e-06
35050.056 5.207423960500656e-06
35100.056 4.970941206799272e-06
35150.056 4.948788117199636e-06
35200.056 4.983006234299777e-06
35250.056 4.604391786100449e-06
35300.056 4.9803515019004425e-06
35350.056 5.1449561779997145e-06
35400.056 4.880916334499703e-06
35450.056 4.8246368944002465e-06
35500.056 5.104879668100028e-06
35550.056 4.951134078999848e-06
35600.056 4.818979361899227e-06
35650.056 5.232713764700547e-06
35700.056 4.857537056000325e-06
35750.056 4.91880289409966e-06
35800.056 5.10989895479968e-06
35850.056 5.1349668843998645e-06
35900.056 5.302778471099555e-06
35950.056 5.121836100799596e-06
36000.056 4.7801318404994924e-06
36050.056 5.28420892020027e-06
36100.056 5.4516766345998564e-06
36150.056 4.9007215671004474e-06
36200.056 5.281912721299553e-06
36250.056 4.994981414599332e-06
36300.056 5.5546927654006706e-06
36350.056 5.295232483899314e-06
36400.056 5.206619951299916e-06
36450.056 5.539477406399671e-06
36500.056 5.174875514800307e-06
36550.056 5.112272193100577e-06
36600.056 5.1099856085004166e-06
36650.056 5.296215394500494e-06
36700.056 5.568347729700085e-06
36750.056 5.107671654000539e-06
36800.056 5.294115273099685e-06
36850.056 5.412859968600043e-06
36900.056 5.398638718400646e-06
36950.056 5.391230672100076e-06
37000.056 5.4584388905000454e-06
37050.056 5.586924116099845e-06
37100.056 5.367142246500435e-06
37150.056 5.35925906529911e-06
37200.056 5.520323524100061e-06
37250.056 5.5534874666002214e-06
37300.056 5.580954645700867e-06
37350.056 5.284571455500542e-06
37400.056 5.540677018199794e-06
37450.056 5.468229702800308e-06
37500.056 5.668773681199716e-06
37550.056 5.499776323899205e-06
37600.056 5.739292014399444e-06
37650.056 5.354155834199617e-06
37700.056 5.502346433900141e-06
37750.056 5.697014481899303e-06
37800.056 5.779102492299884e-06
37850.056 5.62685739339981e-06
37900.056 5.693586107300377e-06
37950.056 5.732482263500246e-06
38000.056 5.666803114000576e-06
38050.056 5.659354222500392e-06
38100.056 5.501222460100217e-06
38150.056 5.808202437699425e-06
38200.056 5.879309380999436e-06
38250.056 5.5563240038005685e-06
38300.056 5.495845486699936e-06
38350.056 5.680688094199989e-06
38400.056 5.757295338199824e-06
38450.056 5.781044080200459e-06
38500.056 5.6549906248997725e-06
38550.056 5.702034021200376e-06
38600.056 6.080146690199791e-06
38650.056 5.469430421300165e-06
38700.056 5.5437799964007025e-06
38750.056 5.80889222549995e-06
38800.056 5.6920495552007444e-06
38850.056 5.745926722200193e-06
38900.056 5.5190296302999514e-06
38950.056 5.7750148768997454e-06
39000.056 5.676336752100104e-06
39050.056 5.735058739699943e-06
39100.056 5.470049670299981e-06
39150.056 5.605648458200215e-06
39200.056 5.7272539732001785e-06
39250.056 5.713575198199395e-06
39300.056 5.727096237999199e-06
39350.056 5.672238994100471e-06
39400.056 5.583768280000138e-06
39450.056 5.639723678999854e-06
39500.056 5.539874080299823e-06
39550.056 5.446407728899114e-06
39600.056 5.8296679816002305e-06
39650.056 5.390415635500159e-06
39700.056 5.551461674799952e-06
39750.056 5.598255136199514e-06
39800.056 5.307278189700277e-06
39850.056 5.479546712999768e-06
39900.056 5.3364079798997104e-06
39950.056 5.551643830899796e-06
40000.056 5.254836148399702e-06
40050.056 4.974922592099906e-06
40100.056 5.2868277761998234e-06
40150.056 4.984219178799156e-06
40200.056 5.219098455699763e-06
40250.056 5.124515756798708e-06
40300.056 4.862873097900351e-06
40350.056 5.049043049600155e-06
40400.056 5.117206028100071e-06
40450.056 4.749754967900745e-06
40500.056 4.555037274400025e-06
40550.056 5.148360679399647e-06
40600.056 4.669424590200335e-06
40650.056 4.8852780571008655e-06
40700.056 5.095552454600208e-06
40750.056 4.549226483898863e-06
40800.056 4.515376340000454e-06
40850.056 4.28376298450091e-06
40900.056 4.238125196600606e-06
40950.056 4.532539896299996e-06
41000.056 4.673331358300245e-06
41050.056 4.596534134299189e-06
41100.056 4.354761009000336e-06
41150.056 4.6654224382001705e-06
41200.056 4.406612231000094e-06
41250.056 4.487485302400215e-06
41300.056 4.015578715899641e-06
41350.056 4.571864086400197e-06
41400.056 4.347141710500035e-06
41450.056 4.2360874204000084e-06
41500.056 4.507922716300171e-06
41550.056 4.456490803000115e-06
41600.056 4.518614542599975e-06
41650.056 4.120045958300494e-06
41700.056 4.005375549199649e-06
41750.056 4.309213026500026e-06
41800.056 4.173162704399795e-06
41850.056 3.860447915300468e-06
41900.056 4.3454151082994525e-06
41950.056 4.065269538300438e-06
42000.056 4.194681718500303e-06
42050.056 3.902326216098977e-06
42100.056 4.2697911627003185e-06
42150.056 3.699957950599399e-06
42200.056 3.754829235500202e-06
42250.056 4.12434821719976e-06
42300.056 3.82620341910006e-06
42350.056 4.15270045280065e-06
42400.056 3.814324116900178e-06
42450.056 3.431102584600158e-06
42500.056 3.5162298076002598e-06
42550.056 3.7755353812997718e-06
42600.056 3.6981668447004798e-06
42650.056 3.647534832798963e-06
42700.056 3.7579146333006066e-06
42750.056 3.5798637372999897e-06
42800.056 3.6599979085002603e-06
42850.056 3.873653732099688e-06
42900.056 3.768888564400271e-06
42950.056 3.3155525193988258e-06
43000.056 3.5658587411000136e-06
43050.056 3.38381028410121e-06
43100.056 3.524460849999548e-06
43150.056 3.6212076888007334e-06
43200.056 3.431273152499961e-06
43250.056 3.5025423055005935e-06
43300.056 3.5243941110001516e-06
43350.056 3.3168112938994392e-06
43400.056 3.2727777877997764e-06
43450.056 3.296799910200677e-06
43500.056 3.223757189999382e-06
43550.056 3.260413247899964e-06
43600.056 3.4199511201001015e-06
43650.056 3.100943615100268e-06
43700.056 3.0986112312000345e-06
43750.056 3.1287823708000694e-06
43800.056 2.999231877699967e-06
43850.056 3.066678116900514e-06
43900.056 3.124964848079949e-06
43950.056 2.965736435520201e-06
44000.056 2.757480016500116e-06
44050.056 2.7547354579001117e-06
44100.056 2.878566278600556e-06
44150.056 3.0525911371996865e-06
44200.056 2.804877647910188e-06
44250.056 2.747563050799831e-06
44300.056 2.656752541300541e-06
44350.056 2.6333805445001816e-06
44400.056 2.7031220988999292e-06
44450.056 2.8493884982001693e-06
44500.056 2.812691299500445e-06
44550.056 2.54569440481944e-06
44600.056 2.583006929530313e-06
44650.056 2.7835991533199825e-06
44700.056 2.564265449600221e-06
44750.056 2.7209283082196236e-06
44800.056 2.683564320289956e-06
44850.056 2.7247307510001895e-06
44900.056 2.566835251500333e-06
44950.056 2.388812129720062e-06
45000.056 2.6165432461999678e-06
45050.056 2.5735758115996623e-06
45100.056 2.696811023899911e-06
45150.056 2.560939880180043e-06
45200.056 2.358427032199868e-06
45250.056 2.4442753496897058e-06
45300.056 2.5796818359001096e-06
45350.056 2.6527556298296536e-06
45400.056 2.5363967676403033e-06
45450.056 2.352764374379627e-06
45500.056 2.405749028999854e-06
45550.056 2.654672974509729e-06
45600.056 2.5024639465999543e-06
45650.056 2.2927725739994843e-06
45700.056 2.5100114486002983e-06
45750.056 2.407575709569911e-06
45800.056 2.3811742032399376e-06
45850.056 2.7187859735000315e-06
45900.056 2.629646087140016e-06
45950.056 2.36733575085994e-06
46000.056 2.714852508379998e-06
46050.056 2.7689030811906717e-06
46100.056 2.360189771750138e-06
46150.056 2.4152326050099194e-06
46200.056 2.6572596011506116e-06
46250.056 2.2685338814699423e-06
46300.056 2.7940184999999217e-06
46350.056 2.347207614139787e-06
46400.056 2.5184776691197327e-06
46450.056 2.46709301938049e-06
46500.056 2.3710697570899104e-06
46550.056 2.6843087748199077e-06
46600.056 2.500718295339886e-06
46650.056 2.96457105979994e-06
46700.056 2.826235755530783e-06
46750.056 2.399171750679955e-06
46800.056 2.6084044914204152e-06
46850.056 2.6793111134300855e-06
46900.056 2.588889926239562e-06
46950.056 2.8546798502201476e-06
47000.056 2.5865022495500134e-06
47050.056 2.7194439325997555e-06
47100.056 2.428201392400058e-06
47150.056 2.626084441960404e-06
47200.056 2.587752445220674e-06
47250.056 2.5276322514994046e-06
47300.056 2.631270259069366e-06
47350.056 2.280882157619615e-06
47400.056 2.641979085349419e-06
47450.056 2.6858169635198754e-06
47500.056 2.54896752349947e-06
47550.056 2.5164897916696036e-06
47600.056 2.730880389399838e-06
47650.056 2.1161325658894877e-06
47700.056 2.726855945759979e-06
47750.056 2.050467236860586e-06
47800.056 2.6994792807997994e-06
47850.056 2.160823172309377e-06
47900.056 2.7703499542001125e-06
47950.056 2.1497389654005154e-06
48000.056 2.928562631800033e-06
48050.056 2.2970745675403996e-06
48100.056 2.476091524369978e-06
48150.056 2.272084214840236e-06
48200.056 2.7522305597405157e-06
48250.056 2.3180521918998554e-06
48300.056 2.8977015400998147e-06
48350.056 2.0735406113395194e-06
48400.056 2.6766401276699454e-06
48450.056 2.3287290836701708e-06
48500.056 2.881958675180016e-06
48550.056 2.1242715437299983e-06
48600.056 2.7677861384997582e-06
48650.056 2.14339572771998e-06
48700.056 2.6250267539000786e-06
48750.056 1.968521349470283e-06
48800.056 2.84676118684017e-06
48850.056 2.1386851237896108e-06
48900.056 2.706488007200131e-06
48950.056 2.4537033019201725e-06
49000.056 2.4383742739599115e-06
49050.056 2.5353142265997966e-06
49100.056 2.3986194228201406e-06
49150.056 2.4097973264699983e-06
49200.056 2.469407998469882e-06
49250.056 2.4055107630001117e-06
49300.056 2.22638292337964e-06
49350.056 2.2707918146999496e-06
49400.056 2.6542486961002857e-06
49450.056 2.3158081559505323e-06
49500.056 2.3640626541003355e-06
49550.056 2.1813616309999054e-06
49600.056 2.2707184114803597e-06
49650.056 2.3519319508002635e-06
49700.056 2.059302232499787e-06
49750.056 2.8921558976995747e-06
49800.056 2.332362194780048e-06
49850.056 2.747464373220061e-06
49900.056 2.2848044923600952e-06
49950.056 2.386478622899441e-06
50000.056 2.3115588129794688e-06
50050.056 2.3994352531601144e-06
50100.056 2.470606185699844e-06
50150.056 2.2292109141799612e-06
50200.056 2.0732722659001578e-06
50250.056 2.243534670330207e-06
50300.056 2.165779795689725e-06
50350.056 2.4381110410399365e-06
50400.056 2.2802476708000066e-06
50450.056 2.1949285095002495e-06
50500.056 2.7669742340003433e-06
50550.056 2.291247716399843e-06
50600.056 2.4084223329201406e-06
50650.056 2.299990825200533e-06
50700.056 2.512233353419433e-06
50750.056 2.49668343452028e-06
50800.056 2.011005505899827e-06
50850.056 2.321636026260298e-06
50900.056 2.337887661199926e-06
50950.056 2.4264726001003917e-06
51000.056 2.7126827189402613e-06
51050.056 2.1896947640403167e-06
51100.056 2.1790331302999e-06
51150.056 2.456437613530058e-06
51200.056 2.2440623525398785e-06
51250.056 2.4946138622400706e-06
51300.056 2.1638192654505557e-06
51350.056 2.4111442552998312e-06
51400.056 2.3353304453994185e-06
51450.056 1.7606766967097472e-06
51500.056 2.3890736690800245e-06
51550.056 2.7528334593002267e-06
51600.056 1.9379681047399263e-06
51650.056 2.35652532019968e-06
51700.056 2.127812273699331e-06
51750.056 2.1211569178701163e-06
51800.056 2.420644804199676e-06
51850.056 2.4019635019997857e-06
51900.056 2.517281685500275e-06
51950.056 2.275121330999758e-06
52000.056 2.0641763468199906e-06
52050.056 2.3932986788998117e-06
52100.056 2.302100398899579e-06
52150.056 2.3102378723202615e-06
52200.056 2.218033519190117e-06
52250.056 2.2034933879999584e-06
52300.056 2.3186334961199688e-06
52350.056 2.545697212420233e-06
52400.056 1.969761220950101e-06
52450.056 2.2207234561000144e-06
52500.056 2.4072891689594273e-06
52550.056 2.2299913071994904e-06
52600.056 2.3355731077601177e-06
52650.056 2.592829330580419e-06
52700.056 2.2425387928000762e-06
52750.056 1.927003524469841e-06
52800.056 2.125345632000173e-06
52850.056 2.0341630726799415e-06
52900.056 2.2988626580801844e-06
52950.056 2.1736683784996676e-06
53000.056 2.420771551049716e-06
53050.056 2.301562309069645e-06
53100.056 2.0679689113696146e-06
53150.056 2.472310868600445e-06
53200.056 1.8611526117603571e-06
53250.056 2.4810395656999418e-06
53300.056 2.418069106000708e-06
53350.056 2.448227207399748e-06
53400.056 2.1779690728001427e-06
53450.056 2.1045000497500587e-06
53500.056 1.8985674574596868e-06
53550.056 2.350760208399922e-06
53600.056 2.366812159200365e-06
53650.056 2.0330381050804367e-06
53700.056 2.115427215090475e-06
