galfind/configs/Brown_Dwarf_templates/sonora_bobcat/m0.0/316g/sp_t525g316nc_m0.0_resample.dat
# %ECSV 1.0
# ---
# datatype:
# - {name: wav, unit: Angstrom, datatype: float64}
# - {name: flux_nu, unit: erg / (cm2 Hz s), datatype: float64}
# meta: {C/O: '1.00', Kzz: '1.0000E+05', Teff: '525.', Y: '0.28', '[Fe/H]': '0.00', f_hole: '1.00', f_rain: '0.00', grav: '316.'}
# schema: astropy-2.0
wav flux_nu
[from data line 498]
28900.056 6.145633458967086e-10
28950.056 1.033242724951579e-09
29000.056 7.931645988001104e-10
29050.056 1.1441929847046247e-09
29100.056 6.235112128896697e-10
29150.056 1.0149105240362123e-09
29200.056 1.2550275759678865e-09
29250.056 1.7288103034365029e-09
29300.056 8.482342639829608e-10
29350.056 2.5983664232497322e-09
29400.056 1.0270131798729708e-09
29450.056 9.214477835178549e-10
29500.056 2.104025467901594e-09
29550.056 9.705412453688865e-10
29600.056 1.352004860206955e-09
29650.056 2.96941350717327e-09
29700.056 9.208916993674504e-10
29750.056 2.243555227350852e-09
29800.056 1.9419685057088854e-09
29850.056 2.695393164924003e-09
29900.056 1.7169837217507563e-09
29950.056 1.8132239761666015e-09
30000.056 6.192086743554318e-11
30050.056 2.4897985347890437e-10
30100.056 7.308289219607479e-10
30150.056 2.2900331150370727e-09
30200.056 1.7557142727671906e-09
30250.056 3.5324478578511855e-09
30300.056 4.0286990176329405e-09
30350.056 1.4735885780079927e-09
30400.056 4.342101588490147e-09
30450.056 2.6515251159142787e-09
30500.056 2.368321057062135e-09
30550.056 1.904662095628398e-09
30600.056 6.813795082361566e-09
30650.056 3.2434923119526753e-09
30700.056 2.4726986452084595e-09
30750.056 4.200059309691534e-09
30800.056 3.186472256101015e-09
30850.056 3.481284291426374e-09
30900.056 2.037931549752993e-09
30950.056 1.9822958769912276e-09
31000.056 2.132272262002777e-09
31050.056 1.9574174983159096e-09
31100.056 1.1267021130324267e-09
31150.056 2.086273872553566e-09
31200.056 4.133379291439153e-09
31250.056 2.213587945898027e-09
31300.056 1.5826395865932282e-09
31350.056 2.6600543167966884e-09
31400.056 1.845149379170654e-09
31450.056 2.0645402010475945e-09
31500.056 8.393637781831297e-10
31550.056 1.3809328609804636e-09
31600.056 9.309185499006905e-10
31650.056 8.159436879795061e-10
31700.056 8.507195156522078e-10
31750.056 4.2619152558003044e-10
31800.056 9.061500641551846e-10
31850.056 2.2080447579881618e-10
31900.056 4.91328099703052e-10
31950.056 2.7245750025336877e-10
32000.056 2.9125058691632563e-10
32050.056 3.7256434301095977e-10
32100.056 3.0574801966411377e-10
32150.056 3.8792810145776985e-10
32200.056 1.9920004709544178e-10
32250.056 5.056499802197321e-10
32300.056 1.680552377635953e-10
32350.056 5.013240565782294e-10
32400.056 1.204202749294191e-10
32450.056 4.1702185432569313e-10
32500.056 1.6332503314010094e-10
32550.056 3.3940024318778975e-10
32600.056 2.146820774425254e-10
32650.056 7.404350638544321e-10
32700.056 3.070630916815134e-10
32750.056 1.2473575753514911e-09
32800.056 9.016376137682523e-10
32850.056 1.8788323732109487e-09
32900.056 1.7414374161612668e-09
32950.056 1.867548178756018e-09
33000.056 8.418079521701168e-10
33050.056 1.0795805265161649e-09
33100.056 2.7752373543204014e-10
33150.056 6.250812907789435e-13
33200.056 8.950088618129106e-12
33250.056 1.0899928160657086e-11
33300.056 5.468519400425239e-11
33350.056 1.774658921957356e-10
33400.056 5.176190827013874e-10
33450.056 4.351148503775747e-10
33500.056 1.3749603332109985e-09
33550.056 3.922227647419494e-10
33600.056 9.780524617917455e-10
33650.056 9.183512940438735e-10
33700.056 4.090909403506299e-10
33750.056 1.2910311660562637e-09
33800.056 1.997260302232036e-10
33850.056 6.82476723456933e-10
33900.056 6.96121458095025e-10
33950.056 5.587984913673092e-10
34000.056 1.1407767012211686e-09
34050.056 2.2159316260985675e-10
34100.056 1.01833200186455e-09
34150.056 4.535353707527413e-10
34200.056 1.0509949920923714e-09
34250.056 7.414705561697946e-10
34300.056 6.518227264353969e-10
34350.056 1.2240903370845138e-09
34400.056 4.4340453386584395e-10
34450.056 1.2881892622520374e-09
34500.056 7.536753587735319e-10
34550.056 4.428949263622062e-10
34600.056 1.936402631130243e-09
34650.056 4.1863608966441807e-10
34700.056 1.428273707649337e-09
34750.056 9.628466345330733e-10
34800.056 7.463191069263049e-10
34850.056 2.1648746530873805e-09
34900.056 7.494369524850576e-10
34950.056 1.894682679306325e-09
35000.056 3.5036756647221278e-09
35050.056 1.491191396105726e-09
35100.056 3.5375913090743893e-09
35150.056 3.073015809389492e-09
35200.056 2.4212784721960394e-09
35250.056 4.4237603031992634e-09
35300.056 1.8458402556552856e-09
35350.056 2.582993583125075e-09
35400.056 2.3538726906542656e-09
35450.056 1.7550152757333826e-09
35500.056 5.7396817617107706e-09
35550.056 3.554170953667996e-09
35600.056 3.873639945619435e-09
35650.056 4.179156764312081e-09
35700.056 4.02110195059979e-09
35750.056 6.29628311789003e-09
35800.056 5.837774979461645e-09
35850.056 2.5744177543674123e-09
35900.056 3.8016297984463565e-09
35950.056 4.883609676923985e-09
36000.056 5.010783815890829e-09
36050.056 3.886695621097664e-09
36100.056 3.591467799695572e-09
36150.056 6.890529079144387e-09
36200.056 7.776701474025256e-09
36250.056 5.403394851735753e-09
36300.056 1.09919498498889e-08
36350.056 7.2074777232159965e-09
36400.056 1.0197860542882562e-08
36450.056 9.615240279852184e-09
36500.056 1.092025752455655e-08
36550.056 1.4692865201639437e-08
36600.056 1.6302141843794563e-08
36650.056 1.2292408159653938e-08
36700.056 1.2571475748200258e-08
36750.056 1.629500755850721e-08
36800.056 1.8440375157766996e-08
36850.056 1.1676392614634225e-08
36900.056 1.6633264845334893e-08
36950.056 1.8821771794996393e-08
37000.056 1.3816443498615397e-08
37050.056 2.017662898726636e-08
37100.056 1.440370463851073e-08
37150.056 1.542507312864345e-08
37200.056 2.328746336659535e-08
37250.056 1.5376205948166895e-08
37300.056 1.234175432146048e-08
37350.056 1.9427586666521803e-08
37400.056 2.8511614487260785e-08
37450.056 1.3464387476045118e-08
37500.056 1.7104903846521312e-08
37550.056 2.9888250108693236e-08
37600.056 4.013396334460776e-08
37650.056 1.5302354372754217e-08
37700.056 2.8128904264822342e-08
37750.056 1.947050258803376e-08
37800.056 2.0892737311803458e-08
37850.056 1.2144460844015805e-08
37900.056 1.49198448058903e-08
37950.056 2.5554188393118386e-08
38000.056 2.4425217203026192e-08
38050.056 3.1095319152970604e-08
38100.056 3.793649865178818e-08
38150.056 3.99078531511184e-08
38200.056 3.48231670924928e-08
38250.056 3.5555611838054156e-08
38300.056 5.3484692840184725e-08
38350.056 5.11364305515161e-08
38400.056 2.5450709875249673e-08
38450.056 1.5895767735418976e-08
38500.056 1.101673192673189e-08
38550.056 2.8512200658208387e-08
38600.056 2.9124092709694135e-08
38650.056 3.296464168142378e-08
38700.056 3.119724155679564e-08
38750.056 3.044663967810307e-08
38800.056 3.051982311241708e-08
38850.056 3.3688493482702886e-08
38900.056 4.3008418483478364e-08
38950.056 2.8087573683421197e-08
39000.056 3.9788510163290174e-08
39050.056 2.971770540371688e-08
39100.056 3.764621705862886e-08
39150.056 4.8088220681100984e-08
39200.056 3.628495714909331e-08
39250.056 5.131071265700056e-08
39300.056 3.9282321925593844e-08
39350.056 6.061013865350034e-08
39400.056 4.034635230868786e-08
39450.056 5.225784402515845e-08
39500.056 5.5081823832607304e-08
39550.056 3.323672374501958e-08
39600.056 5.1786159663601285e-08
39650.056 6.630897349599398e-08
39700.056 5.985503328020761e-08
39750.056 3.449749076073858e-08
39800.056 4.055254549544965e-08
39850.056 7.35224678830049e-08
39900.056 7.784926416000364e-08
39950.056 4.492248706409429e-08
40000.056 6.914800265020188e-08
40050.056 7.034089173209906e-08
40100.056 3.379575636268642e-08
40150.056 6.705217940000356e-08
40200.056 7.055000944278401e-08
40250.056 7.637043035848202e-08
40300.056 7.589612876900724e-08
40350.056 5.341929800568852e-08
40400.056 7.474090428130786e-08
40450.056 4.454159648565527e-08
40500.056 8.095420258199507e-08
40550.056 8.696505195305053e-08
40600.056 7.457391306000361e-08
40650.056 6.245409028267017e-08
40700.056 1.0764347567999249e-07
40750.056 7.429001775798544e-08
40800.056 5.036215248358132e-08
40850.056 1.1468249001702261e-07
40900.056 1.0082370749179268e-07
40950.056 8.431494803083271e-08
41000.056 7.425098922209271e-08
41050.056 1.1975819071797854e-07
41100.056 1.0161640689299574e-07
41150.056 5.093073575191605e-08
41200.056 1.1545879711401003e-07
41250.056 9.862862564780836e-08
41300.056 9.693170036799982e-08
41350.056 1.2428040206399485e-07
41400.056 1.0553160774800618e-07
41450.056 1.3021390209698699e-07
41500.056 8.79666272255561e-08
41550.056 8.212821552709613e-08
41600.056 9.296426671268743e-08
41650.056 1.1449412632400891e-07
41700.056 1.2652104510997532e-07
41750.056 1.0655591544198788e-07
41800.056 1.1977173175602246e-07
41850.056 9.732779336438635e-08
41900.056 9.695849378199524e-08
41950.056 1.043902865600056e-07
42000.056 7.708384289349596e-08
42050.056 7.723675146513825e-08
42100.056 1.0306882073679073e-07
42150.056 8.808184392160232e-08
42200.056 9.072535694849379e-08
42250.056 8.638081306900761e-08
42300.056 8.058258416399738e-08
42350.056 1.1204697210200907e-07
42400.056 1.2268225017901122e-07
42450.056 1.087182890160234e-07
42500.056 1.1034952872999183e-07
42550.056 9.626856518198708e-08
42600.056 1.0772783681973465e-07
42650.056 1.5425542481496584e-07
42700.056 8.950680532996894e-08
42750.056 1.000985483810153e-07
42800.056 1.3457858731301233e-07
42850.056 1.4627619907196488e-07
42900.056 1.5705776550802132e-07
42950.056 1.1797880254198481e-07
43000.056 1.3727258933200627e-07
43050.056 7.446780250541295e-08
43100.056 1.1858752529698993e-07
43150.056 9.799524500000965e-08
43200.056 1.334878506670091e-07
43250.056 1.8192976489001154e-07
43300.056 1.6925802316400225e-07
43350.056 9.115966074597809e-08
43400.056 1.3213074461500567e-07
43450.056 9.38705645070101e-08
43500.056 9.958712440201768e-08
43550.056 1.0488561360110967e-07
43600.056 1.549611218280153e-07
43650.056 9.60407247147e-08
43700.056 1.7592968274202707e-07
43750.056 1.5346381627099694e-07
43800.056 1.3918954264998923e-07
43850.056 1.2555299333601616e-07
43900.056 1.094328486759878e-07
43950.056 7.527493480599154e-08
44000.056 7.119323267349881e-08
44050.056 1.5725853997300518e-07
44100.056 2.0785509428700327e-07
44150.056 1.924622542079945e-07
44200.056 1.6933764280400267e-07
44250.056 9.93340588069954e-08
44300.056 7.867611115401252e-08
44350.056 9.074626408961862e-08
44400.056 8.527185516209347e-08
44450.056 1.4220005556100493e-07
44500.056 1.274990296130221e-07
44550.056 1.7990913036198826e-07
44600.056 1.5694593984080302e-07
44650.056 1.4350488353200534e-07
44700.056 9.653935642999106e-08
44750.056 1.3869648325002662e-07
44800.056 1.0369893315700993e-07
44850.056 1.4710630185100903e-07
44900.056 1.1891863888000188e-07
44950.056 1.369034482940109e-07
45000.056 1.57255004158005e-07
45050.056 1.4553298255198593e-07
45100.056 1.3598099691400646e-07
45150.056 1.2699603160738526e-07
45200.056 9.603139359900873e-08
45250.056 1.1247087914797576e-07
45300.056 1.0205615559201439e-07
45350.056 8.868359420661399e-08
45400.056 1.9215903410902088e-07
45450.056 1.6502885910201448e-07
45500.056 1.901676628760113e-07
45550.056 2.039099830749557e-07
45600.056 1.8610334297002372e-07
45650.056 1.53001487529998e-07
45700.056 1.0161732613659457e-07
45750.056 9.285236739080423e-08
45800.056 2.0754443465000862e-07
45850.056 1.759423128889946e-07
45900.056 2.0574774410599479e-07
45950.056 1.691981425159954e-07
46000.056 1.9583721854202097e-07
46050.056 1.478674224740055e-07
46100.056 2.240708041099854e-07
46150.056 1.3622379833100187e-07
46200.056 1.1966566877468675e-07
46250.056 5.387760638794407e-08
46300.056 1.4114685493400273e-07
46350.056 1.485983228180168e-07
46400.056 1.3819471016700523e-07
46450.056 1.2301595796310073e-07
46500.056 1.3796261274002825e-07
46550.056 8.086957022250388e-08
46600.056 1.1389964688698377e-07
46650.056 1.7440197825801023e-07
46700.056 1.1555045351497422e-07
46750.056 6.290481857271011e-08
46800.056 4.3718794701819475e-08
46850.056 1.671026545110235e-07
46900.056 1.7022549176799316e-07
46950.056 1.64006681585986e-07
47000.056 1.581046514970218e-07
47050.056 1.1878952046192161e-07
47100.056 8.382491270740775e-08
47150.056 1.2965381030001852e-07
47200.056 1.5060620984599285e-07
47250.056 8.35928322503889e-08
47300.056 5.6656612783600434e-08
47350.056 1.6972280527000398e-07
47400.056 1.5199992194398764e-07
47450.056 1.2438992122241637e-07
47500.056 1.782105134639863e-07
47550.056 1.5089443959300634e-07
47600.056 1.456443835769872e-07
47650.056 1.4962008298043166e-07
47700.056 1.176342448570076e-07
47750.056 8.727510384800242e-08
47800.056 7.562320159900974e-08
47850.056 3.9854161622406555e-08
47900.056 6.093167074947582e-08
47950.056 1.321695614160062e-07
48000.056 1.7731563739000526e-07
48050.056 1.4800305842679497e-07
48100.056 6.539086029840484e-08
48150.056 1.1303247191200365e-07
48200.056 8.284114087379732e-08
48250.056 1.0366353821600141e-07
48300.056 1.6808162567998953e-07
48350.056 1.0243228135499188e-07
48400.056 3.037751374843259e-08
48450.056 6.269897058829475e-08
48500.056 1.0034355333097731e-07
48550.056 1.0772890121461038e-07
48600.056 1.3050225482300207e-07
48650.056 1.6453644588799285e-07
48700.056 1.130355381550142e-07
48750.056 7.319677068502423e-08
48800.056 1.444686710630069e-07
48850.056 8.052542462148616e-08
48900.056 1.1152043889904998e-07
48950.056 6.390976321900009e-08
49000.056 3.414593686510591e-08
49050.056 1.0208808672598645e-07
49100.056 1.2565828609112127e-07
49150.056 9.425732746095246e-08
49200.056 1.4364471614602132e-07
49250.056 1.445099402130103e-07
49300.056 1.2067075403899678e-07
49350.056 5.237034797534179e-08
49400.056 7.761829697678155e-08
49450.056 7.518052906556901e-08
49500.056 6.036293940419278e-08
49550.056 1.5353235866210366e-08
49600.056 4.10418464744592e-08
49650.056 8.242891267299981e-08
49700.056 9.046809261397489e-08
49750.056 9.58649115143955e-08
49800.056 6.309669403663848e-08
49850.056 1.2178290668301735e-07
49900.056 1.0275338566199376e-07
49950.056 9.756739575499926e-08
50000.056 7.914856974358462e-08
50050.056 9.665303095100243e-08
50100.056 7.6942140878996e-08
50150.056 3.8231079064493144e-08
50200.056 8.437523027843547e-09
50250.056 4.636495597799819e-08
50300.056 3.13686076557149e-08
50350.056 9.015812294301254e-08
50400.056 9.305529166299163e-08
50450.056 6.756136538500212e-08
50500.056 1.06195766934007e-07
50550.056 9.58485179140047e-08
50600.056 6.834561891198056e-08
50650.056 1.09647834416018e-07
50700.056 1.1269305571098977e-07
50750.056 7.215600644620544e-08
50800.056 2.7693003484835104e-08
50850.056 1.6719495419227643e-08
50900.056 8.56605708240028e-08
50950.056 7.420178216899647e-08
51000.056 6.250635476308595e-08
51050.056 8.527388195798868e-08
51100.056 3.3053984255076475e-08
51150.056 3.974486530596612e-08
51200.056 1.0853965575299562e-07
51250.056 7.540198357918651e-08
51300.056 5.0488366874615125e-08
51350.056 5.2166204464153095e-08
51400.056 2.009603153242336e-08
51450.056 1.5685295916772938e-08
51500.056 1.4713645914695917e-08
51550.056 5.25048522456075e-08
51600.056 4.289715533140833e-08
51650.056 5.402343114299538e-08
51700.056 5.8750119870065224e-08
51750.056 3.873978745605662e-08
51800.056 7.024971266098831e-08
51850.056 5.6567135801297006e-08
51900.056 7.606367358500112e-08
51950.056 4.547592572799468e-08
52000.056 5.580408559667918e-09
52050.056 2.5087489117803422e-08
52100.056 1.5337190377797726e-08
52150.056 9.392018171450167e-09
52200.056 2.4473668562099463e-08
52250.056 3.812809445580827e-08
52300.056 5.4326415559997195e-08
52350.056 1.9091001318470375e-08
52400.056 1.913317041834024e-08
52450.056 6.012269655000644e-08
52500.056 4.8924926479516726e-08
52550.056 5.249869119899605e-08
52600.056 3.903630245790083e-08
52650.056 4.6321326202504534e-08
52700.056 3.265931743529903e-08
52750.056 1.4666870884676423e-08
52800.056 2.4759643710603812e-08
52850.056 2.9284981822391628e-08
52900.056 1.489420631479581e-08
52950.056 2.2490582439042603e-08
53000.056 3.8184104581004826e-08
53050.056 1.5550146852195766e-08
53100.056 4.5514940149998294e-08
53150.056 5.0336766327003827e-08
53200.056 2.0921573326578532e-08
53250.056 4.4180061395201994e-08
53300.056 5.300788587673874e-08
53350.056 4.171639082000086e-08
53400.056 2.8943189952995975e-08
53450.056 1.0795443972246439e-08
53500.056 2.4743755336930504e-09
