galfind/configs/Brown_Dwarf_templates/sonora_bobcat/m0.0/316g/sp_t1100g316nc_m0.0_resample.dat
# %ECSV 1.0
# ---
# datatype:
# - {name: wav, unit: Angstrom, datatype: float64}
# - {name: flux_nu, unit: erg / (cm2 Hz s), datatype: float64}
# meta: {C/O: '1.00', Kzz: '1.0000E+05', Teff: '1100.', Y: '0.28', '[Fe/H]': '0.00', f_hole: '1.00', f_rain: '0.00', grav: '316.'}
# schema: astropy-2.0
wav flux_nu
[from data line 499]
28950.056 2.008210258436761e-07
29000.056 1.6111639512306497e-07
29050.056 1.7692485011809758e-07
29100.056 1.2905202217792352e-07
29150.056 2.1584736946736666e-07
29200.056 1.569827718363184e-07
29250.056 2.0785879890191514e-07
29300.056 1.3555870903507434e-07
29350.056 2.912564747024664e-07
29400.056 1.795040238217893e-07
29450.056 1.9450353504987665e-07
29500.056 2.06759640738098e-07
29550.056 1.9386332133489287e-07
29600.056 2.2249956265671292e-07
29650.056 2.1297442159337755e-07
29700.056 1.7547439754804176e-07
29750.056 2.2560193140595843e-07
29800.056 2.3837407319686506e-07
29850.056 2.3834124980274975e-07
29900.056 2.2671691999073026e-07
29950.056 2.438776535404276e-07
30000.056 1.853959248146004e-07
30050.056 1.865342195839983e-07
30100.056 1.8235692653494426e-07
30150.056 2.613900093049859e-07
30200.056 2.0473557832379859e-07
30250.056 2.6454761328704787e-07
30300.056 2.2538191114200554e-07
30350.056 2.0522611693801094e-07
30400.056 2.420174678940013e-07
30450.056 1.848458748993347e-07
30500.056 1.5645145983980797e-07
30550.056 1.6676868657500535e-07
30600.056 1.845619650999936e-07
30650.056 1.5951301770997107e-07
30700.056 1.5293622875318103e-07
30750.056 1.4649803334097947e-07
30800.056 1.3353418232702948e-07
30850.056 1.1923044760595985e-07
30900.056 1.1844285510427624e-07
30950.056 1.0340979597302537e-07
31000.056 9.640276610690567e-08
31050.056 1.0611701118000719e-07
31100.056 8.075059475129411e-08
31150.056 9.111987732229456e-08
31200.056 1.0032184915201615e-07
31250.056 7.526384307188921e-08
31300.056 7.549343328658858e-08
31350.056 7.289403219040278e-08
31400.056 5.972678285410443e-08
31450.056 6.460945002798762e-08
31500.056 5.3873681312685936e-08
31550.056 5.846564281639477e-08
31600.056 4.929148887720098e-08
31650.056 4.560034125060497e-08
31700.056 4.7044904678991654e-08
31750.056 3.965246817411436e-08
31800.056 4.917676187179161e-08
31850.056 4.06211005604075e-08
31900.056 4.799042823960077e-08
31950.056 3.303511608100288e-08
32000.056 4.2270298651694063e-08
32050.056 4.360940697370198e-08
32100.056 4.240915000260589e-08
32150.056 4.572778007999478e-08
32200.056 3.958542687300091e-08
32250.056 5.1335415284207955e-08
32300.056 3.8196117510595366e-08
32350.056 5.412466764199555e-08
32400.056 3.8755132281094654e-08
32450.056 5.130870502298214e-08
32500.056 4.8941233422809174e-08
32550.056 4.79629722457949e-08
32600.056 5.403272846920013e-08
32650.056 6.908060656768906e-08
32700.056 6.301098680201145e-08
32750.056 7.079864328490648e-08
32800.056 6.800844708980733e-08
32850.056 7.378075823499043e-08
32900.056 8.18981579785939e-08
32950.056 8.297245914659345e-08
33000.056 7.178843785828004e-08
33050.056 6.637948699702426e-08
33100.056 4.190359403019361e-08
33150.056 1.844598897770209e-08
33200.056 1.5628810293495572e-08
33250.056 1.0646847546796767e-08
33300.056 1.1821534070702798e-08
33350.056 1.7004993716600766e-08
33400.056 2.2369278130994144e-08
33450.056 2.9312969043298682e-08
33500.056 4.1536357865014656e-08
33550.056 4.138645090321216e-08
33600.056 5.7175724657594055e-08
33650.056 6.16477731367994e-08
33700.056 5.3897233801189996e-08
33750.056 7.304251074800657e-08
33800.056 6.25340932936054e-08
33850.056 7.191680931819211e-08
33900.056 5.9552325122797236e-08
33950.056 6.119659127659246e-08
34000.056 7.32413947124153e-08
34050.056 4.9902397938686865e-08
34100.056 7.303763678699623e-08
34150.056 6.061014747669336e-08
34200.056 6.034276291297769e-08
34250.056 6.361325708917378e-08
34300.056 5.607204497957213e-08
34350.056 5.2583697169000784e-08
34400.056 4.89731330965956e-08
34450.056 6.312315280998751e-08
34500.056 5.9350790069000626e-08
34550.056 5.012388054880181e-08
34600.056 7.245409091599893e-08
34650.056 5.64746504229981e-08
34700.056 6.335006547499573e-08
34750.056 6.467540393298389e-08
34800.056 5.902702921948924e-08
34850.056 6.403940258901202e-08
34900.056 6.900305361698161e-08
34950.056 6.944840175098633e-08
35000.056 9.294890674751859e-08
35050.056 6.546935149959753e-08
35100.056 7.842293639000063e-08
35150.056 7.954080582910907e-08
35200.056 8.245567140709865e-08
35250.056 9.94173863789764e-08
35300.056 8.215301123581583e-08
35350.056 8.158200661497846e-08
35400.056 9.051100673801327e-08
35450.056 6.708151281673079e-08
35500.056 1.1024390695900205e-07
35550.056 1.0461634420398855e-07
35600.056 9.526426839703285e-08
35650.056 1.0642202225900442e-07
35700.056 9.636992593399271e-08
35750.056 1.1401095540698682e-07
35800.056 1.4465561382200264e-07
35850.056 9.979744721099316e-08
35900.056 1.2998559234200198e-07
35950.056 1.237712247919828e-07
36000.056 1.2442674941001937e-07
36050.056 1.2380570938797727e-07
36100.056 1.266475004979295e-07
36150.056 1.3329449479898256e-07
36200.056 1.4556521491797754e-07
36250.056 1.3626332817697007e-07
36300.056 1.5560776477101125e-07
36350.056 1.510266416250003e-07
36400.056 1.5282788584299356e-07
36450.056 1.7255695157299932e-07
36500.056 1.759860551609889e-07
36550.056 1.881081934670493e-07
36600.056 2.0832857744000012e-07
36650.056 2.008767443309651e-07
36700.056 2.1232002290997722e-07
36750.056 2.2943681844706615e-07
36800.056 2.2988998850999558e-07
36850.056 2.2290724273695075e-07
36900.056 2.30359992551983e-07
36950.056 2.619912539039746e-07
37000.056 2.5309433715098866e-07
37050.056 2.559740927759963e-07
37100.056 2.7321462365198364e-07
37150.056 2.481745367290187e-07
37200.056 2.842339466029953e-07
37250.056 2.8203553560195196e-07
37300.056 2.5757124249891056e-07
37350.056 2.6935575446903986e-07
37400.056 3.4938870603999165e-07
37450.056 2.969424233290087e-07
37500.056 2.940114018939717e-07
37550.056 3.4376025521012656e-07
37600.056 3.7054439865002155e-07
37650.056 3.0185175621901253e-07
37700.056 3.8144196987003725e-07
37750.056 3.2017357337901625e-07
37800.056 3.414787783931583e-07
37850.056 2.9455580422101206e-07
37900.056 3.166506892961084e-07
37950.056 3.435844034949437e-07
38000.056 4.000997776059977e-07
38050.056 3.9482601202406906e-07
38100.056 3.8709093226005097e-07
38150.056 4.294742582199791e-07
38200.056 4.431119562240715e-07
38250.056 4.1937225549501225e-07
38300.056 4.966558313799422e-07
38350.056 5.099764240700492e-07
38400.056 4.0297409256491e-07
38450.056 4.3454326369993504e-07
38500.056 3.631792721500852e-07
38550.056 4.6890270088006424e-07
38600.056 4.67449170753979e-07
38650.056 4.7553873825996083e-07
38700.056 5.04926118119991e-07
38750.056 5.247164801799982e-07
38800.056 4.651655234598341e-07
38850.056 4.855428907700344e-07
38900.056 5.526786941400208e-07
38950.056 5.064039666199795e-07
39000.056 5.466931368499826e-07
39050.056 5.268573621999777e-07
39100.056 5.290247113600554e-07
39150.056 5.547015217399991e-07
39200.056 5.498244307459741e-07
39250.056 5.993472604499263e-07
39300.056 5.503446997098539e-07
39350.056 6.260208523500442e-07
39400.056 5.955277017000639e-07
39450.056 6.000459780899854e-07
39500.056 5.831668543700374e-07
39550.056 5.983004052030704e-07
39600.056 6.37349685479848e-07
39650.056 6.652091269299946e-07
39700.056 6.44242538830038e-07
39750.056 5.849496617070952e-07
39800.056 6.336442067398919e-07
39850.056 7.083778480199932e-07
39900.056 6.893594376100171e-07
39950.056 6.843481028798957e-07
40000.056 7.405816534800811e-07
40050.056 6.999875317100347e-07
40100.056 6.599501194900207e-07
40150.056 7.282162640699651e-07
40200.056 7.445594158998501e-07
40250.056 7.007628794098477e-07
40300.056 7.091297420200734e-07
40350.056 7.247044290299981e-07
40400.056 7.768802186059994e-07
40450.056 7.429270746500909e-07
40500.056 7.509180819200495e-07
40550.056 7.938518178099278e-07
40600.056 7.376850036700703e-07
40650.056 7.385233517408962e-07
40700.056 8.680917207299767e-07
40750.056 7.501395862498448e-07
40800.056 6.765732836297922e-07
40850.056 8.216817929001429e-07
40900.056 7.907125006800168e-07
40950.056 7.567077165300097e-07
41000.056 7.821303203200131e-07
41050.056 8.514819448699279e-07
41100.056 7.535716587199584e-07
41150.056 6.786285648179397e-07
41200.056 8.178735231599785e-07
41250.056 7.610351185999814e-07
41300.056 6.93361344819861e-07
41350.056 8.475473499800705e-07
41400.056 7.841134158200872e-07
41450.056 8.084606831401087e-07
41500.056 7.213570260189723e-07
41550.056 7.231694901520761e-07
41600.056 8.079212183200586e-07
41650.056 7.931645150500681e-07
41700.056 7.312441022298534e-07
41750.056 7.556978676599697e-07
41800.056 8.448275355699556e-07
41850.056 6.148519218800276e-07
41900.056 7.406797193878984e-07
41950.056 7.33689291070125e-07
42000.056 7.271437589900779e-07
42050.056 6.400051860899395e-07
42100.056 8.084878520900794e-07
42150.056 6.136336051599658e-07
42200.056 6.183753318139884e-07
42250.056 6.565949947099102e-07
42300.056 6.115771964999985e-07
42350.056 7.102343881601106e-07
42400.056 6.524860062801185e-07
42450.056 5.943185054200183e-07
42500.056 6.028988882600042e-07
42550.056 5.895214714199489e-07
42600.056 6.135312851211138e-07
42650.056 6.849618183398079e-07
42700.056 6.315510180180149e-07
42750.056 5.84347632109997e-07
42800.056 6.183392543440928e-07
42850.056 6.933529024798245e-07
42900.056 7.067248226801035e-07
42950.056 5.928616309897961e-07
43000.056 6.55146922788013e-07
43050.056 5.058761875292133e-07
43100.056 6.112575401599589e-07
43150.056 5.896443579640695e-07
43200.056 6.309481123700234e-07
43250.056 7.008898656099999e-07
43300.056 7.063614177700183e-07
43350.056 5.471840610298669e-07
43400.056 6.150264655499639e-07
43450.056 5.709995415800973e-07
43500.056 5.738735180099717e-07
43550.056 5.840738964370645e-07
43600.056 6.874060276900471e-07
43650.056 5.590564570890084e-07
43700.056 6.598037705300151e-07
43750.056 6.328807935801052e-07
43800.056 5.963465015049368e-07
43850.056 5.632712194001165e-07
43900.056 6.096262608099282e-07
43950.056 4.951728647699528e-07
44000.056 4.6218905570101664e-07
44050.056 5.892696196300217e-07
44100.056 6.615840024000524e-07
44150.056 6.459062866399346e-07
44200.056 5.983796479600109e-07
44250.056 5.231969091560055e-07
44300.056 4.896983866020824e-07
44350.056 5.117432951210899e-07
44400.056 5.204638818259808e-07
44450.056 5.592178497899895e-07
44500.056 5.682008578001181e-07
44550.056 6.085857719899255e-07
44600.056 5.44647851484061e-07
44650.056 5.846290072180687e-07
44700.056 4.81512371110004e-07
44750.056 5.583665849100126e-07
44800.056 5.3685149284003e-07
44850.056 5.68848115890082e-07
44900.056 4.939821164240509e-07
44950.056 5.201210356680285e-07
45000.056 5.455408395599735e-07
45050.056 5.445780977899879e-07
45100.056 5.577009876299988e-07
45150.056 5.34738730896976e-07
45200.056 4.693445310300296e-07
45250.056 5.058868750698974e-07
45300.056 4.989770613200469e-07
45350.056 5.006468528899427e-07
45400.056 5.606330161400473e-07
45450.056 5.215545569799421e-07
45500.056 5.308704041699874e-07
45550.056 5.866875425399027e-07
45600.056 5.663534213700247e-07
45650.056 4.836551055449182e-07
45700.056 5.084540783070551e-07
45750.056 4.773967401249932e-07
45800.056 5.455637731099999e-07
45850.056 6.028270911499925e-07
45900.056 6.078583325500188e-07
45950.056 5.137176988900028e-07
46000.056 5.939863217900296e-07
46050.056 5.558297185500483e-07
46100.056 5.56804044659987e-07
46150.056 5.199186332299695e-07
46200.056 5.274860747700862e-07
46250.056 4.317943976529521e-07
46300.056 5.685622986299762e-07
46350.056 5.24340154480008e-07
46400.056 5.356306070500018e-07
46450.056 5.265917132400467e-07
46500.056 5.044453286700618e-07
46550.056 5.136281929599965e-07
46600.056 5.418415371260021e-07
46650.056 6.878582425699537e-07
46700.056 5.909612206300674e-07
46750.056 4.6397092825601716e-07
46800.056 4.3320987000004103e-07
46850.056 6.450245362500973e-07
46900.056 5.962708159699317e-07
46950.056 6.284160429299995e-07
47000.056 5.441300867000292e-07
47050.056 5.898445729698421e-07
47100.056 4.4338605978706275e-07
47150.056 5.129146943140557e-07
47200.056 5.893367290600457e-07
47250.056 4.911026557199688e-07
47300.056 4.334374790969709e-07
47350.056 5.569008988299578e-07
47400.056 5.948032345399379e-07
47450.056 5.387888210420294e-07
47500.056 6.110795464399403e-07
47550.056 5.407092257499871e-07
47600.056 5.706355243099445e-07
47650.056 4.794885522618992e-07
47700.056 5.656206868391206e-07
47750.056 4.090327884630241e-07
47800.056 5.046142098599971e-07
47850.056 3.8921619610598453e-07
47900.056 4.852368344879511e-07
47950.056 4.821481845100283e-07
48000.056 6.428546655000463e-07
48050.056 5.567743946300288e-07
48100.056 4.644661972300093e-07
48150.056 5.002730440500487e-07
48200.056 5.198222462700124e-07
48250.056 4.801389998500051e-07
48300.056 6.212456902898662e-07
48350.056 4.296759503900173e-07
48400.056 3.9234386490095683e-07
48450.056 4.7556555770808703e-07
48500.056 5.989810812599472e-07
48550.056 4.589155133680046e-07
48600.056 5.495179212400001e-07
48650.056 5.081464126099752e-07
48700.056 5.377690803900129e-07
48750.056 3.768523170421211e-07
48800.056 6.316187017900108e-07
48850.056 4.289971406349069e-07
48900.056 6.039697876300097e-07
48950.056 4.929099440700396e-07
49000.056 3.7411030898194074e-07
49050.056 5.543615204999624e-07
49100.056 5.309413758100755e-07
49150.056 5.14516367675005e-07
49200.056 5.512565113200318e-07
49250.056 5.594696308600603e-07
49300.056 4.901241780099819e-07
49350.056 4.0217062301505e-07
49400.056 5.066318716499636e-07
49450.056 4.915885487501467e-07
49500.056 4.423321621199736e-07
49550.056 3.280851432080197e-07
49600.056 4.3568164970008183e-07
49650.056 4.6750281630997263e-07
49700.056 4.369977508998993e-07
49750.056 5.732133784698978e-07
49800.056 4.5676006857001824e-07
49850.056 6.071729182501002e-07
49900.056 4.975230112459917e-07
49950.056 4.851769186099575e-07
50000.056 4.797707491399611e-07
50050.056 5.327363360299872e-07
50100.056 4.943206810000043e-07
50150.056 3.7323864428998197e-07
50200.056 2.5783494949802565e-07
50250.056 4.818066248499601e-07
50300.056 4.1847547691301287e-07
50350.056 5.66278541170038e-07
50400.056 4.794710496499637e-07
50450.056 4.1826301414605094e-07
50500.056 5.321433752300594e-07
50550.056 4.768699040800254e-07
50600.056 4.43654852792923e-07
50650.056 5.138524271900931e-07
50700.056 5.640759508798546e-07
50750.056 5.019792684940765e-07
50800.056 3.377403967759552e-07
50850.056 3.596536825300849e-07
50900.056 5.584020684399862e-07
50950.056 4.6863731776007697e-07
51000.056 5.370650367790456e-07
51050.056 4.619903299000023e-07
51100.056 3.208127009459564e-07
51150.056 4.263691146869693e-07
51200.056 5.808966492099655e-07
51250.056 4.5200988945593947e-07
51300.056 3.734070709661456e-07
51350.056 4.214362125999709e-07
51400.056 2.998333850239816e-07
51450.056 2.587644004599422e-07
51500.056 3.0168358529507596e-07
51550.056 5.174755116060432e-07
51600.056 3.7580155294903613e-07
51650.056 3.9132049554993565e-07
51700.056 4.2346504480591605e-07
51750.056 3.3191778064001684e-07
51800.056 4.628840307398761e-07
51850.056 4.3374415892997734e-07
51900.056 5.642205277600952e-07
51950.056 4.5891490038995736e-07
52000.056 2.5071354752497234e-07
52050.056 3.917382089590182e-07
52100.056 3.158623777199761e-07
52150.056 2.954706526220144e-07
52200.056 3.0476079187498386e-07
52250.056 3.6602027882702825e-07
52300.056 5.123008337899623e-07
52350.056 4.1236618132601673e-07
52400.056 2.939716102640319e-07
52450.056 4.280048079200268e-07
52500.056 4.511195385859056e-07
52550.056 4.540630730899112e-07
52600.056 3.9426365980006235e-07
52650.056 4.1235498088008086e-07
52700.056 3.6662683374200435e-07
52750.056 2.777526960279847e-07
52800.056 3.303537500900336e-07
52850.056 3.4101920421291247e-07
52900.056 3.383397440419968e-07
52950.056 3.521022018379901e-07
53000.056 4.48995129203005e-07
53050.056 2.8742233635590214e-07
53100.056 3.5219443643994915e-07
53150.056 5.004477792200324e-07
53200.056 2.660483657149876e-07
53250.056 4.5619998463003064e-07
53300.056 4.4833936332322165e-07
53350.056 4.437767015299714e-07
53400.056 4.412011781000232e-07
53450.056 2.895480179950036e-07
53500.056 2.0397644719894684e-07
53550.056 2.9760603708595177e-07
53600.056 3.878258113810659e-07
53650.056 3.0172352596797946e-07
53700.056 2.993980910650426e-07
