galfind/configs/Brown_Dwarf_templates/sonora_bobcat/m0.0/316g/sp_t1700g316nc_m0.0_resample.dat
# %ECSV 1.0
# ---
# datatype:
# - {name: wav, unit: Angstrom, datatype: float64}
# - {name: flux_nu, unit: erg / (cm2 Hz s), datatype: float64}
# meta: {C/O: '1.00', Kzz: '1.0000E+05', Teff: '1700.', Y: '0.28', '[Fe/H]': '0.00', f_hole: '1.00', f_rain: '0.00', grav: '316.'}
# schema: astropy-2.0
wav flux_nu
[from data line 498]
28900.056 7.000843140120163e-07
28950.056 1.0526988459299637e-06
29000.056 8.75456979999805e-07
29050.056 9.304296647799678e-07
29100.056 7.460936427061171e-07
29150.056 1.0017468298001353e-06
29200.056 8.505691357141161e-07
29250.056 9.81129629041984e-07
29300.056 7.821974305837086e-07
29350.056 1.1746509576998483e-06
29400.056 9.180300794658786e-07
29450.056 9.413481035319813e-07
29500.056 9.729370906799008e-07
29550.056 9.460323152700315e-07
29600.056 1.0417965506497824e-06
29650.056 9.69239609829923e-07
29700.056 8.94253017119856e-07
29750.056 1.08070923650036e-06
29800.056 1.1140929397298675e-06
29850.056 1.0466402187098776e-06
29900.056 9.733453792703226e-07
29950.056 1.1531565088398114e-06
30000.056 1.1212635738298082e-06
30050.056 1.0424687920699472e-06
30100.056 9.07836560419754e-07
30150.056 1.3089871846199464e-06
30200.056 1.129007764360067e-06
30250.056 1.1616447567102462e-06
30300.056 1.0978238324198812e-06
30350.056 1.0901382035601324e-06
30400.056 1.3087653615801825e-06
30450.056 1.0300838964001239e-06
30500.056 9.509746271801068e-07
30550.056 1.2156168307302145e-06
30600.056 1.1882016017501122e-06
30650.056 1.2014052181099814e-06
30700.056 1.090681223419923e-06
30750.056 1.0673961528300067e-06
30800.056 1.1969597296602155e-06
30850.056 1.0159563000498858e-06
30900.056 1.0212906119198926e-06
30950.056 9.485253609201443e-07
31000.056 1.053199925129975e-06
31050.056 1.0267041585299916e-06
31100.056 9.212731996299488e-07
31150.056 1.0176817313598348e-06
31200.056 1.02975983460995e-06
31250.056 1.0351353121500466e-06
31300.056 9.480823919998817e-07
31350.056 9.126144721199646e-07
31400.056 8.727673098602015e-07
31450.056 8.886685301999381e-07
31500.056 8.978944775399424e-07
31550.056 8.539878465500005e-07
31600.056 8.220911286599457e-07
31650.056 8.291630891699839e-07
31700.056 8.279593813999257e-07
31750.056 7.615581871501774e-07
31800.056 8.880444341499426e-07
31850.056 8.512785101401007e-07
31900.056 9.58699168730009e-07
31950.056 7.187480564899959e-07
32000.056 8.22175359879976e-07
32050.056 9.341247984900766e-07
32100.056 9.160333395699501e-07
32150.056 9.979136747699397e-07
32200.056 9.066724434699734e-07
32250.056 1.0104131527501342e-06
32300.056 9.00929926489946e-07
32350.056 1.126647624160157e-06
32400.056 8.964654309299891e-07
32450.056 1.0418564562898118e-06
32500.056 1.0891884533602304e-06
32550.056 1.2189123727300309e-06
32600.056 1.2063539475699572e-06
32650.056 1.2657293501802066e-06
32700.056 1.2198887128201541e-06
32750.056 1.235992368550003e-06
32800.056 1.191080554590074e-06
32850.056 1.3802447841198052e-06
32900.056 1.4299622158699822e-06
32950.056 1.2372773639599002e-06
33000.056 1.2747811462000167e-06
33050.056 1.2284463443999763e-06
33100.056 1.1124520032998228e-06
33150.056 7.376343614200937e-07
33200.056 5.564034859598462e-07
33250.056 4.723282654798344e-07
33300.056 4.3281001112007397e-07
33350.056 4.852960743400222e-07
33400.056 5.110160977999536e-07
33450.056 5.71803607189969e-07
33500.056 7.120036129501296e-07
33550.056 7.733457783200459e-07
33600.056 9.229623228100926e-07
33650.056 1.079184781630247e-06
33700.056 1.0857944535499145e-06
33750.056 1.2983559480699889e-06
33800.056 1.219087935269844e-06
33850.056 1.3106477149800314e-06
33900.056 1.3367658910498234e-06
33950.056 1.2483100733799656e-06
34000.056 1.309690993689724e-06
34050.056 1.2365636007397345e-06
34100.056 1.421800992790065e-06
34150.056 1.2779082503296535e-06
34200.056 1.1706749818996448e-06
34250.056 1.3539328678597602e-06
34300.056 1.153825740009314e-06
34350.056 1.1480877126300351e-06
34400.056 1.111941435150043e-06
34450.056 1.1892966468300145e-06
34500.056 1.2969024804300515e-06
34550.056 1.1046438692499935e-06
34600.056 1.32125397640003e-06
34650.056 1.284194729180002e-06
34700.056 1.2588678999297744e-06
34750.056 1.4277567911601932e-06
34800.056 1.3041456768096591e-06
34850.056 1.244711148370063e-06
34900.056 1.3497295389601518e-06
34950.056 1.2523568661996887e-06
35000.056 1.4285481313499497e-06
35050.056 1.452504148180133e-06
35100.056 1.336563413219761e-06
35150.056 1.491015059209937e-06
35200.056 1.4586356328401002e-06
35250.056 1.4667408876999485e-06
35300.056 1.4266635448700984e-06
35350.056 1.4534512234598655e-06
35400.056 1.4685578534201276e-06
35450.056 1.2381778690904736e-06
35500.056 1.6334456300899132e-06
35550.056 1.540154963539981e-06
35600.056 1.4233136487800383e-06
35650.056 1.7321558163001357e-06
35700.056 1.4441893486701176e-06
35750.056 1.5970948598497068e-06
35800.056 1.8395977006999402e-06
35850.056 1.5853984803400758e-06
35900.056 1.925865448049793e-06
35950.056 1.7770999685900357e-06
36000.056 1.67821810777003e-06
36050.056 1.963643800390224e-06
36100.056 1.955797333059142e-06
36150.056 1.8048457196902948e-06
36200.056 2.0725562238798046e-06
36250.056 1.8591629573997904e-06
36300.056 2.2158826892002666e-06
36350.056 2.042641483739833e-06
36400.056 2.018312026800071e-06
36450.056 2.309126469199787e-06
36500.056 2.1197433303600556e-06
36550.056 2.1447754118805577e-06
36600.056 2.1904129567101124e-06
36650.056 2.260518464799915e-06
36700.056 2.4676294454999505e-06
36750.056 2.2530414160001526e-06
36800.056 2.3613335822998876e-06
36850.056 2.454158553700158e-06
36900.056 2.4221965040002904e-06
36950.056 2.4734740060198422e-06
37000.056 2.5630758472999024e-06
37050.056 2.5983488328998788e-06
37100.056 2.571596041900259e-06
37150.056 2.5906898885996923e-06
37200.056 2.6885606867000294e-06
37250.056 2.720107024300005e-06
37300.056 2.713840951900226e-06
37350.056 2.5389914781003674e-06
37400.056 2.737012047099849e-06
37450.056 2.6351495452001637e-06
37500.056 2.7703019524997616e-06
37550.056 2.7629845156996644e-06
37600.056 2.914138404099819e-06
37650.056 2.7384317898998983e-06
37700.056 2.8962876120000026e-06
37750.056 2.906897880499917e-06
37800.056 2.987649728899952e-06
37850.056 2.835414015599906e-06
37900.056 2.907575465100263e-06
37950.056 2.935265904900024e-06
38000.056 2.9860101184002497e-06
38050.056 2.9754235337001787e-06
38100.056 2.826569931300244e-06
38150.056 3.1227504005998493e-06
38200.056 3.130593162499829e-06
38250.056 2.8750739201003277e-06
38300.056 2.886755053899956e-06
38350.056 3.0110854666999354e-06
38400.056 3.052662959199808e-06
38450.056 3.2100151121001163e-06
38500.056 3.0325119610999586e-06
38550.056 3.092889934000136e-06
38600.056 3.3837659214998863e-06
38650.056 3.012900530900025e-06
38700.056 3.036854140900467e-06
38750.056 3.1945008123999834e-06
38800.056 3.1467495781002425e-06
38850.056 3.091904476500105e-06
38900.056 2.9856717541998882e-06
38950.056 3.237599445999911e-06
39000.056 3.1097136785000865e-06
39050.056 3.2077880618998893e-06
39100.056 2.978933717500139e-06
39150.056 3.1385001355000818e-06
39200.056 3.2149683427000523e-06
39250.056 3.1800223736995664e-06
39300.056 3.1559162549995743e-06
39350.056 3.178705892300256e-06
39400.056 3.129994145800092e-06
39450.056 3.164761294499896e-06
39500.056 3.043618963899752e-06
39550.056 3.0293727384996895e-06
39600.056 3.3055629774999383e-06
39650.056 2.9570423887000383e-06
39700.056 3.051024691799906e-06
39750.056 3.0396543078997326e-06
39800.056 2.8557397247001034e-06
39850.056 3.0187401024998206e-06
39900.056 2.946296870100043e-06
39950.056 3.0793857281998303e-06
40000.056 2.7799778497999185e-06
40050.056 2.7144410845999998e-06
40100.056 2.90607690139989e-06
40150.056 2.7160014286995734e-06
40200.056 2.825708137599821e-06
40250.056 2.6558358659993426e-06
40300.056 2.5914711574002493e-06
40350.056 2.774543258000218e-06
40400.056 2.743041401000041e-06
40450.056 2.611182049000179e-06
40500.056 2.4027889313002184e-06
40550.056 2.788297042199775e-06
40600.056 2.367964915030248e-06
40650.056 2.5805048220001673e-06
40700.056 2.717686764400076e-06
40750.056 2.3810162207992367e-06
40800.056 2.329746736630126e-06
40850.056 2.2603938606804776e-06
40900.056 2.2756647896001916e-06
40950.056 2.372875749899955e-06
41000.056 2.403293869899962e-06
41050.056 2.377059108359659e-06
41100.056 2.22410453966997e-06
41150.056 2.383905498499994e-06
41200.056 2.2668092778000647e-06
41250.056 2.295346609700157e-06
41300.056 1.9934409653796564e-06
41350.056 2.341333707800055e-06
41400.056 2.1555241872002006e-06
41450.056 2.1859017209902133e-06
41500.056 2.289094569060147e-06
41550.056 2.2055336476400393e-06
41600.056 2.2008478936000857e-06
41650.056 2.0721525199602957e-06
41700.056 1.969568644539766e-06
41750.056 2.0686707648298666e-06
41800.056 2.1271992070197265e-06
41850.056 1.7629140761202907e-06
41900.056 2.1106747304399082e-06
41950.056 1.9447014368504354e-06
42000.056 1.946132117700214e-06
42050.056 1.7370262204695992e-06
42100.056 1.987055965680232e-06
42150.056 1.5072429795296282e-06
42200.056 1.6261926359500811e-06
42250.056 1.82741267814996e-06
42300.056 1.5499292588700615e-06
42350.056 1.8134734844603936e-06
42400.056 1.5551851110003166e-06
42450.056 1.3915123003901017e-06
42500.056 1.4638347444001893e-06
42550.056 1.487559594569949e-06
42600.056 1.4948661464602668e-06
42650.056 1.4063210319093696e-06
42700.056 1.5308722412903983e-06
42750.056 1.420129602189923e-06
42800.056 1.4234048940304186e-06
42850.056 1.547336860059662e-06
42900.056 1.5088840469800665e-06
42950.056 1.3540078375494561e-06
43000.056 1.416598482719972e-06
43050.056 1.2781313551505493e-06
43100.056 1.4032751523301144e-06
43150.056 1.4050416812001844e-06
43200.056 1.3668592142501433e-06
43250.056 1.3652773957198352e-06
43300.056 1.4232256607601082e-06
43350.056 1.2438573044998839e-06
43400.056 1.3072568133099432e-06
43450.056 1.2743797889302715e-06
43500.056 1.2719187451798712e-06
43550.056 1.3036107708700822e-06
43600.056 1.3563575569400668e-06
43650.056 1.1880580489300532e-06
43700.056 1.1934128720297776e-06
43750.056 1.2188033272501856e-06
43800.056 1.1352849677200978e-06
43850.056 1.1548564247002312e-06
43900.056 1.195506800559913e-06
43950.056 1.1020906558800739e-06
44000.056 1.0395642140100881e-06
44050.056 1.0455295616300682e-06
44100.056 1.1012045073001445e-06
44150.056 1.1381177541298626e-06
44200.056 1.0646309220600086e-06
44250.056 1.0480497730300159e-06
44300.056 1.0200436525600988e-06
44350.056 9.900445097600493e-07
44400.056 1.0382927113199453e-06
44450.056 1.0513608968700356e-06
44500.056 1.0386463968100969e-06
44550.056 9.653119112198364e-07
44600.056 9.695424322900996e-07
44650.056 1.0293947789300421e-06
44700.056 9.554289980400487e-07
44750.056 9.926060697999099e-07
44800.056 9.894303352499622e-07
44850.056 9.775574692900895e-07
44900.056 9.27077147610087e-07
44950.056 8.909036648100397e-07
45000.056 9.521533244599573e-07
45050.056 9.554700190099336e-07
45100.056 9.878033657299954e-07
45150.056 9.094480923599926e-07
45200.056 8.496799262800066e-07
45250.056 8.799168179099402e-07
45300.056 9.477741669200317e-07
45350.056 9.695607757699378e-07
45400.056 9.145620711800966e-07
45450.056 8.554688969998799e-07
45500.056 8.920763549999623e-07
45550.056 9.589342661899713e-07
45600.056 8.880074850099833e-07
45650.056 8.256825344198691e-07
45700.056 9.4944047147006e-07
45750.056 8.630464025500254e-07
45800.056 8.553024449999664e-07
45850.056 1.0037739238799681e-06
45900.056 9.851450800500263e-07
45950.056 8.675838806199999e-07
46000.056 1.008598561390023e-06
46050.056 1.0102216034101903e-06
46100.056 8.448002293800721e-07
46150.056 9.26617648119953e-07
46200.056 9.712660864401813e-07
46250.056 8.268494682899989e-07
46300.056 1.044789907779987e-06
46350.056 9.077141029399203e-07
46400.056 9.310712335399191e-07
46450.056 9.676777600101018e-07
46500.056 8.758188337499427e-07
46550.056 1.0651813277099996e-06
46600.056 9.898311953700456e-07
46650.056 1.248739294459845e-06
46700.056 1.1717070479603534e-06
46750.056 9.368363432999625e-07
46800.056 1.0046712288501167e-06
46850.056 1.0916220071301256e-06
46900.056 1.0194862695798504e-06
46950.056 1.1538114737700003e-06
47000.056 9.586279704300016e-07
47050.056 1.1582348632998794e-06
47100.056 8.936558863500688e-07
47150.056 9.952278844400882e-07
47200.056 1.073850911410203e-06
47250.056 9.522208182599087e-07
47300.056 9.89188726729822e-07
47350.056 8.720682288298834e-07
47400.056 1.0596276249698458e-06
47450.056 9.227942615399351e-07
47500.056 1.0578718110998883e-06
47550.056 9.319556037599358e-07
47600.056 1.0647029642099213e-06
47650.056 8.087692997798523e-07
47700.056 1.0862337726800404e-06
47750.056 7.770041131701463e-07
47800.056 1.0610763522499201e-06
47850.056 8.217326909199201e-07
47900.056 1.044905327090042e-06
47950.056 8.263428658601186e-07
48000.056 1.1750752574799936e-06
48050.056 9.030762439101105e-07
48100.056 1.0070504371399779e-06
48150.056 9.03806610360118e-07
48200.056 1.0676976152200931e-06
48250.056 8.932245009200245e-07
48300.056 1.1575011575698382e-06
48350.056 8.183776698599278e-07
48400.056 1.0324828989899868e-06
48450.056 8.593645344700189e-07
48500.056 1.173260590990025e-06
48550.056 8.2146161541e-07
48600.056 1.09814708489992e-06
48650.056 8.558423792999779e-07
48700.056 1.091645607880077e-06
48750.056 7.758191008500484e-07
48800.056 1.1779816384500503e-06
48850.056 8.332269627998439e-07
48900.056 1.1122409602600908e-06
48950.056 9.741379899800018e-07
49000.056 9.581764983999216e-07
49050.056 1.0542261093799635e-06
49100.056 9.503019931000751e-07
49150.056 1.0145286925699696e-06
49200.056 9.383440468999608e-07
49250.056 1.013107543720008e-06
49300.056 8.81794648629927e-07
49350.056 9.54571262719983e-07
49400.056 1.0923071632300359e-06
49450.056 9.443389193901983e-07
49500.056 9.890029421700275e-07
49550.056 8.667621389299714e-07
49600.056 9.547563804301764e-07
49650.056 9.990629246699972e-07
49700.056 8.711116658599273e-07
49750.056 1.2887740116198673e-06
49800.056 9.431008040200346e-07
49850.056 1.2237694730000696e-06
49900.056 9.699792710400377e-07
49950.056 1.0232623425498273e-06
50000.056 1.018357755829801e-06
50050.056 1.0064842094700586e-06
50100.056 1.1102623465499406e-06
50150.056 9.16992191540019e-07
50200.056 8.740485227800989e-07
50250.056 1.0368614312800369e-06
50300.056 9.445813965999622e-07
50350.056 1.1506144002799782e-06
50400.056 9.730948709499397e-07
50450.056 9.791962060601356e-07
50500.056 1.2271930107701485e-06
50550.056 1.0098113349599832e-06
50600.056 1.0990790914999776e-06
50650.056 1.0282446047201683e-06
50700.056 1.1508900496997937e-06
50750.056 1.2033692406901466e-06
50800.056 8.597326580598896e-07
50850.056 1.0341231498701472e-06
50900.056 1.1330125097399504e-06
50950.056 1.113662254870192e-06
51000.056 1.311397936010106e-06
51050.056 9.944417528600912e-07
51100.056 9.585876179099303e-07
51150.056 1.109956081979933e-06
51200.056 1.0695270489699768e-06
51250.056 1.168856468199981e-06
51300.056 9.446570351402648e-07
51350.056 1.0972365517498679e-06
51400.056 1.0076266401898198e-06
51450.056 7.754002689898811e-07
51500.056 1.015121887960054e-06
51550.056 1.3215066347601078e-06
51600.056 8.929919314400479e-07
51650.056 1.067717927249856e-06
51700.056 1.0210456062997259e-06
51750.056 9.491055016700551e-07
51800.056 1.1724852627097765e-06
51850.056 1.1208030244298594e-06
51900.056 1.2166308914401637e-06
51950.056 1.1133932015199082e-06
52000.056 9.090898377099573e-07
52050.056 1.0826982549299355e-06
52100.056 9.964765456898603e-07
52150.056 1.0065224552000445e-06
52200.056 9.738345916700305e-07
52250.056 1.029432959569996e-06
52300.056 1.1724480867599795e-06
52350.056 1.207096885570111e-06
52400.056 8.831752113001326e-07
52450.056 1.0414415139900102e-06
52500.056 1.1878241986298217e-06
52550.056 1.1048539617597405e-06
52600.056 1.1037215416001195e-06
52650.056 1.2344742316701462e-06
52700.056 1.034023752020029e-06
52750.056 8.844936323599276e-07
52800.056 9.778700071800836e-07
52850.056 9.384848049898964e-07
52900.056 1.0569433095700232e-06
52950.056 1.025528857929908e-06
53000.056 1.1868928770299474e-06
53050.056 1.003024634349804e-06
53100.056 1.0024601761198407e-06
53150.056 1.2472617985301575e-06
53200.056 8.465989301100852e-07
53250.056 1.1897678609099907e-06
53300.056 1.1853540932304435e-06
53350.056 1.1737064817398627e-06
53400.056 1.1036973323900656e-06
53450.056 9.76605676350042e-07
53500.056 8.146615762698721e-07
