galfind/configs/Brown_Dwarf_templates/sonora_bobcat/m0.0/316g/sp_t575g316nc_m0.0_resample.dat
# %ECSV 1.0
# ---
# datatype:
# - {name: wav, unit: Angstrom, datatype: float64}
# - {name: flux_nu, unit: erg / (cm2 Hz s), datatype: float64}
# meta: {C/O: '1.00', Kzz: '1.0000E+05', Teff: '575.', Y: '0.28', '[Fe/H]': '0.00', f_hole: '1.00', f_rain: '0.00', grav: '316.'}
# schema: astropy-2.0
wav flux_nu
[from data line 499]
28950.056 2.3104865173679623e-09
29000.056 1.8294097176172266e-09
29050.056 2.5220913575657594e-09
29100.056 1.4645310379912624e-09
29150.056 2.4006777355363575e-09
29200.056 2.5046414224454994e-09
29250.056 3.7075654314634615e-09
29300.056 1.74765404721708e-09
29350.056 5.5077257461844035e-09
29400.056 2.2506201601869343e-09
29450.056 2.2296162184788067e-09
29500.056 4.181561371077032e-09
29550.056 2.221587483318689e-09
29600.056 3.0598515322894047e-09
29650.056 5.668466875407586e-09
29700.056 2.131996160696748e-09
29750.056 4.5843161118568645e-09
29800.056 4.207366726679364e-09
29850.056 5.3762416494774085e-09
29900.056 3.876438337122249e-09
29950.056 3.88556073710001e-09
30000.056 1.823591920034801e-10
30050.056 6.001986524751347e-10
30100.056 1.5239747776529905e-09
30150.056 4.316588224549777e-09
30200.056 3.521624751622592e-09
30250.056 7.07592553489988e-09
30300.056 7.664171494635514e-09
30350.056 3.3674403438403717e-09
30400.056 8.410303082071748e-09
30450.056 5.095921747502422e-09
30500.056 4.864875655110781e-09
30550.056 4.0684783169864755e-09
30600.056 1.113727627747311e-08
30650.056 5.821647633502703e-09
30700.056 4.689606872627059e-09
30750.056 7.510466849790915e-09
30800.056 5.630126514269083e-09
30850.056 6.025084392580041e-09
30900.056 3.6585528397534578e-09
30950.056 3.748697573819983e-09
31000.056 3.834292437065983e-09
31050.056 3.7136404012403405e-09
31100.056 2.1800474340102527e-09
31150.056 3.919184519305341e-09
31200.056 6.6823489741309e-09
31250.056 3.816972788885889e-09
31300.056 2.792086935016949e-09
31350.056 4.266855703226769e-09
31400.056 3.0287089027853674e-09
31450.056 3.422904441209218e-09
31500.056 1.5248411585628226e-09
31550.056 2.361745702908724e-09
31600.056 1.5896780551181052e-09
31650.056 1.4302986955401977e-09
31700.056 1.5350887124472903e-09
31750.056 7.958615068148037e-10
31800.056 1.651748610110276e-09
31850.056 4.70472955896467e-10
31900.056 9.704673085339798e-10
31950.056 5.391166303401353e-10
32000.056 6.37750381305663e-10
32050.056 7.73597927347087e-10
32100.056 6.478654385744527e-10
32150.056 8.459414826022452e-10
32200.056 4.553710109177824e-10
32250.056 1.108184824340129e-09
32300.056 4.0435705506536247e-10
32350.056 1.0934368440520264e-09
32400.056 3.193660201283027e-10
32450.056 9.339167446779075e-10
32500.056 4.422870285547767e-10
32550.056 7.648156283531502e-10
32600.056 5.983795459967563e-10
32650.056 1.5982730663200841e-09
32700.056 8.211233799396023e-10
32750.056 2.4586292417378268e-09
32800.056 1.9301124112572854e-09
32850.056 3.3995682862697613e-09
32900.056 3.2380203165051397e-09
32950.056 3.520677066714568e-09
33000.056 1.8660978764581752e-09
33050.056 2.2998851811477897e-09
33100.056 6.62033177965767e-10
33150.056 3.3396681323003356e-12
33200.056 2.5303028231825906e-11
33250.056 2.6804801788450562e-11
33300.056 1.0428769334034968e-10
33350.056 3.2150025413756203e-10
33400.056 8.375141094239812e-10
33450.056 8.295330833441202e-10
33500.056 2.389299080991748e-09
33550.056 8.288228602258842e-10
33600.056 1.9602918158745193e-09
33650.056 1.8658805365468577e-09
33700.056 9.569801834234484e-10
33750.056 2.5943918786362698e-09
33800.056 5.322720136234842e-10
33850.056 1.4775016673728652e-09
33900.056 1.4324039115516301e-09
33950.056 1.2014375431684406e-09
34000.056 2.2768285889413284e-09
34050.056 5.243014157756051e-10
34100.056 2.011857182722163e-09
34150.056 9.80294587780129e-10
34200.056 2.0138076584608237e-09
34250.056 1.5186782270927101e-09
34300.056 1.2838807752771237e-09
34350.056 2.1087302026266315e-09
34400.056 9.049102635712465e-10
34450.056 2.3256408486542993e-09
34500.056 1.483314089088518e-09
34550.056 8.236913583237818e-10
34600.056 3.272083864630368e-09
34650.056 8.832400018642345e-10
34700.056 2.4929160083637188e-09
34750.056 1.7935504136876773e-09
34800.056 1.3738431383814265e-09
34850.056 3.492448583448508e-09
34900.056 1.545823852036927e-09
34950.056 3.116521093248908e-09
35000.056 5.8338997305395e-09
35050.056 2.4691918788066447e-09
35100.056 5.5588308650833425e-09
35150.056 4.928677904841367e-09
35200.056 4.04502898102209e-09
35250.056 7.119775420137865e-09
35300.056 3.2653873474126593e-09
35350.056 4.399922780824135e-09
35400.056 4.323536873270982e-09
35450.056 3.0364330605657386e-09
35500.056 9.338052043829287e-09
35550.056 6.1770469060836096e-09
35600.056 6.322085707424277e-09
35650.056 6.8506977821203075e-09
35700.056 6.356415640309918e-09
35750.056 9.982364688685349e-09
35800.056 1.0087919453946906e-08
35850.056 4.634618902644119e-09
35900.056 6.87262917181767e-09
35950.056 8.327991749177265e-09
36000.056 8.339111334501406e-09
36050.056 6.763952159784878e-09
36100.056 6.344761280489843e-09
36150.056 1.0770509842984305e-08
36200.056 1.2249632445368917e-08
36250.056 8.920548424550187e-09
36300.056 1.6502180268538077e-08
36350.056 1.1710739399023028e-08
36400.056 1.5431328404546886e-08
36450.056 1.508060870502632e-08
36500.056 1.721113482149291e-08
36550.056 2.1596916962059023e-08
36600.056 2.4320431922692356e-08
36650.056 1.9250121036025892e-08
36700.056 1.96082584443391e-08
36750.056 2.466923524471056e-08
36800.056 2.711539047191671e-08
36850.056 1.8752300159398198e-08
36900.056 2.54628916579089e-08
36950.056 2.8084911250494302e-08
37000.056 2.16836045104737e-08
37050.056 2.9526263283638108e-08
37100.056 2.3244519441858303e-08
37150.056 2.3782266666740234e-08
37200.056 3.3803034903393414e-08
37250.056 2.4136890325814956e-08
37300.056 2.0204593103044798e-08
37350.056 2.944926027181868e-08
37400.056 4.203134445623965e-08
37450.056 2.210650173566465e-08
37500.056 2.6487146460911464e-08
37550.056 4.2842134138439955e-08
37600.056 5.5094254139010586e-08
37650.056 2.398278727791208e-08
37700.056 4.2251861406463595e-08
37750.056 2.9614933012995295e-08
37800.056 3.217616151506648e-08
37850.056 1.9578885844851648e-08
37900.056 2.380702085898344e-08
37950.056 3.7958394021456464e-08
38000.056 3.7682187170298075e-08
38050.056 4.4895958872955094e-08
38100.056 5.320593699194718e-08
38150.056 5.575437046939849e-08
38200.056 5.119602224395444e-08
38250.056 4.9894801284548295e-08
38300.056 7.320130405838037e-08
38350.056 7.133882982522041e-08
38400.056 3.828442521677065e-08
38450.056 2.7500266322034472e-08
38500.056 1.9102185562723418e-08
38550.056 4.309923905401348e-08
38600.056 4.339817293079205e-08
38650.056 4.8450002294690446e-08
38700.056 4.753192791739587e-08
38750.056 4.622495514870498e-08
38800.056 4.5617311489592654e-08
38850.056 4.946205966690433e-08
38900.056 6.321722666327159e-08
38950.056 4.3205392398540425e-08
39000.056 5.776286689258674e-08
39050.056 4.6305504588422326e-08
39100.056 5.509025936769938e-08
39150.056 6.7369456699601e-08
39200.056 5.385671606335071e-08
39250.056 7.247274456059988e-08
39300.056 5.753014606558932e-08
39350.056 8.425279381920189e-08
39400.056 5.949935565532194e-08
39450.056 7.327486190295532e-08
39500.056 7.70436022620111e-08
39550.056 5.2135741705425686e-08
39600.056 7.42409014951988e-08
39650.056 9.1733492167991e-08
39700.056 8.317367073400996e-08
39750.056 5.245589493771992e-08
39800.056 6.172894117859915e-08
39850.056 1.0167435435700593e-07
39900.056 1.0520535222300431e-07
39950.056 6.80303576153904e-08
40000.056 9.859039548000523e-08
40050.056 9.708591400299927e-08
40100.056 5.3552095932013284e-08
40150.056 9.499741838920465e-08
40200.056 9.896797972597708e-08
40250.056 1.0555038674097373e-07
40300.056 1.0445796247400992e-07
40350.056 7.944347161758471e-08
40400.056 1.074649233195065e-07
40450.056 6.954549523207251e-08
40500.056 1.1319936973799057e-07
40550.056 1.2044409338936255e-07
40600.056 1.0535631328100669e-07
40650.056 9.031578630219603e-08
40700.056 1.4720302151499076e-07
40750.056 1.0461886221998012e-07
40800.056 7.501137028456992e-08
40850.056 1.5464571135002988e-07
40900.056 1.379045571667931e-07
40950.056 1.1687646299621585e-07
41000.056 1.0649093503619182e-07
41050.056 1.6042534030797062e-07
41100.056 1.3661501246099387e-07
41150.056 7.573025050775431e-08
41200.056 1.5527121322301088e-07
41250.056 1.3315357907038646e-07
41300.056 1.2794424842999543e-07
41350.056 1.648133878129946e-07
41400.056 1.426243683110112e-07
41450.056 1.6966603144498398e-07
41500.056 1.1954154234565456e-07
41550.056 1.1293213962743486e-07
41600.056 1.2950584764698303e-07
41650.056 1.5249636336801036e-07
41700.056 1.5967513941596767e-07
41750.056 1.4083895368798358e-07
41800.056 1.6166387077303024e-07
41850.056 1.263010409864838e-07
41900.056 1.3176679294036772e-07
41950.056 1.4246382577001197e-07
42000.056 1.1359665202864131e-07
42050.056 1.0841298729714376e-07
42100.056 1.4796109079198408e-07
42150.056 1.1921173438040542e-07
42200.056 1.2056208411799328e-07
42250.056 1.1924798372410573e-07
42300.056 1.1237029760659739e-07
42350.056 1.491983216340141e-07
42400.056 1.5915354671801553e-07
42450.056 1.388394587370317e-07
42500.056 1.4033767352899055e-07
42550.056 1.2411069872198373e-07
42600.056 1.4051166192844324e-07
42650.056 1.9671843239795371e-07
42700.056 1.2262391508996e-07
42750.056 1.2959500342901835e-07
42800.056 1.6800132947001652e-07
42850.056 1.8365691224795414e-07
42900.056 1.9792672258902914e-07
42950.056 1.4913921763897687e-07
43000.056 1.7286303037800956e-07
43050.056 9.814632062002058e-08
43100.056 1.502274163229857e-07
43150.056 1.266739913490126e-07
43200.056 1.6740273326601013e-07
43250.056 2.2585906275001583e-07
43300.056 2.122741484840039e-07
43350.056 1.1759220335897053e-07
43400.056 1.653378588790052e-07
43450.056 1.2191647248901463e-07
43500.056 1.299494643670218e-07
43550.056 1.3596295798181292e-07
43600.056 1.9301312625802002e-07
43650.056 1.2363682501920137e-07
43700.056 2.1838171767003113e-07
43750.056 1.8850053708800065e-07
43800.056 1.7286420128398529e-07
43850.056 1.5557137706402074e-07
43900.056 1.4264587458998493e-07
43950.056 9.909199273998869e-08
44000.056 9.295155998099902e-08
44050.056 1.942313211820058e-07
44100.056 2.5342278849000443e-07
44150.056 2.3770674691899346e-07
44200.056 2.0619805613900213e-07
44250.056 1.267652234179963e-07
44300.056 1.0289437095721724e-07
44350.056 1.1890785957002594e-07
44400.056 1.1168497980179132e-07
44450.056 1.775058809000026e-07
44500.056 1.6190666436003018e-07
44550.056 2.2312927094998314e-07
44600.056 1.97098689216505e-07
44650.056 1.8053222459600977e-07
44700.056 1.2394661026099002e-07
44750.056 1.737922131710338e-07
44800.056 1.3533594499581285e-07
44850.056 1.8837767887401321e-07
44900.056 1.4934176121900425e-07
44950.056 1.7093764120501208e-07
45000.056 1.9283140816100607e-07
45050.056 1.8095515643298316e-07
45100.056 1.714205606020075e-07
45150.056 1.636244187234811e-07
45200.056 1.2570647508801062e-07
45250.056 1.4532579590496713e-07
45300.056 1.3002085623301856e-07
45350.056 1.1858281622361531e-07
45400.056 2.3372352069602523e-07
45450.056 2.0403683915901552e-07
45500.056 2.289270563760132e-07
45550.056 2.4705873493894534e-07
45600.056 2.305975371500304e-07
45650.056 1.895934136799968e-07
45700.056 1.3175262482479485e-07
45750.056 1.2212469853270414e-07
45800.056 2.533509443170095e-07
45850.056 2.2124295353999217e-07
45900.056 2.5187222148799585e-07
45950.056 2.046308931839954e-07
46000.056 2.3960541457202533e-07
46050.056 1.8363573283900463e-07
46100.056 2.6869960823998166e-07
46150.056 1.7014418943600234e-07
46200.056 1.5290960893798707e-07
46250.056 7.498663282420096e-08
46300.056 1.7792005487800175e-07
46350.056 1.8537370258902007e-07
46400.056 1.7195722094900662e-07
46450.056 1.539646591292045e-07
46500.056 1.7241021542303656e-07
46550.056 1.0669058098400581e-07
46600.056 1.480753705413799e-07
46650.056 2.219208877300131e-07
46700.056 1.488547155739674e-07
46750.056 8.731773543671266e-08
46800.056 6.265237883636104e-08
46850.056 2.146430075520298e-07
46900.056 2.1109046326499143e-07
46950.056 2.031223948079823e-07
47000.056 1.950489092020282e-07
47050.056 1.5250731957214992e-07
47100.056 1.0823729889441077e-07
47150.056 1.604069328970236e-07
47200.056 1.886327311539925e-07
47250.056 1.1177816765798665e-07
47300.056 7.6953509469032e-08
47350.056 2.1391084474600124e-07
47400.056 1.8835307842298447e-07
47450.056 1.6279014617102214e-07
47500.056 2.185217311169807e-07
47550.056 1.8729563946900767e-07
47600.056 1.8461771675848563e-07
47650.056 1.846514485277472e-07
47700.056 1.498974767269576e-07
47750.056 1.1294624320100308e-07
47800.056 1.0174393119101189e-07
47850.056 5.791270937420858e-08
47900.056 8.491116952119241e-08
47950.056 1.664238171140069e-07
48000.056 2.2169685897001167e-07
48050.056 1.8886128355599254e-07
48100.056 8.805036984240632e-08
48150.056 1.4495689240400427e-07
48200.056 1.1058070236099771e-07
48250.056 1.3346584165500265e-07
48300.056 2.0934504487998316e-07
48350.056 1.3034037386699287e-07
48400.056 4.496794316402973e-08
48450.056 8.983308201892086e-08
48500.056 1.3544271106197114e-07
48550.056 1.403825613316121e-07
48600.056 1.6134159623200302e-07
48650.056 2.005338721079912e-07
48700.056 1.4240083173801563e-07
48750.056 9.213530196103374e-08
48800.056 1.8182813944600761e-07
48850.056 1.0600538644408127e-07
48900.056 1.5101145728096746e-07
48950.056 9.01839551930016e-08
49000.056 4.910420693266323e-08
49050.056 1.3546856294298162e-07
49100.056 1.6122739032752687e-07
49150.056 1.2209547192930364e-07
49200.056 1.8070305220802735e-07
49250.056 1.789938977650153e-07
49300.056 1.5175194461199618e-07
49350.056 7.118150759591507e-08
49400.056 1.0333191869027621e-07
49450.056 1.0261717695812689e-07
49500.056 8.308680570349128e-08
49550.056 2.486254870916091e-08
49600.056 6.093266051233057e-08
49650.056 1.0815394910399728e-07
49700.056 1.1538771841296674e-07
49750.056 1.2739122769509248e-07
49800.056 8.821395871291823e-08
49850.056 1.5726702269802357e-07
49900.056 1.3071642999699194e-07
49950.056 1.2408388560299912e-07
50000.056 1.0552773604228126e-07
50050.056 1.2828916800300135e-07
50100.056 1.0236985633699503e-07
50150.056 5.496380911369064e-08
50200.056 1.4400235618205538e-08
50250.056 6.981548087899645e-08
50300.056 4.7999117333016747e-08
50350.056 1.2042208180201587e-07
50400.056 1.1964842204298974e-07
50450.056 8.810168034080259e-08
50500.056 1.343267186990099e-07
50550.056 1.2118164734700623e-07
50600.056 8.861565828097625e-08
50650.056 1.3853189556502307e-07
50700.056 1.437835863129834e-07
50750.056 9.621496513340902e-08
50800.056 4.1127068346672874e-08
50850.056 2.7342103454651834e-08
50900.056 1.1738665672600185e-07
50950.056 9.790259121099737e-08
51000.056 8.671176446344715e-08
51050.056 1.109965457619863e-07
51100.056 4.59822494584166e-08
51150.056 5.7858361006954935e-08
51200.056 1.427264608949933e-07
51250.056 9.742026744718315e-08
51300.056 6.779657426572192e-08
51350.056 7.199504545375122e-08
51400.056 3.110135827189449e-08
51450.056 2.435665118908751e-08
51500.056 2.322588199604911e-08
51550.056 7.528781238340941e-08
51600.056 5.863473434881106e-08
51650.056 7.10657614469923e-08
51700.056 7.902853911419445e-08
51750.056 5.285542289890805e-08
51800.056 9.170414740298339e-08
51850.056 7.525363946879571e-08
51900.056 1.0520438487400134e-07
51950.056 6.663701325099259e-08
52000.056 1.0012234664996507e-08
52050.056 3.8651676675905316e-08
52100.056 2.5018391390996816e-08
52150.056 1.6321494307221196e-08
52200.056 3.562996937919954e-08
52250.056 5.3151725445711305e-08
52300.056 7.818090214799654e-08
52350.056 3.1618649554200976e-08
52400.056 2.992851282701101e-08
52450.056 8.246512607800819e-08
52500.056 6.986428957038054e-08
52550.056 7.181083671099363e-08
52600.056 5.375456646300086e-08
52650.056 6.270490010100734e-08
52700.056 4.6176381558598716e-08
52750.056 2.2895894217735432e-08
52800.056 3.624050620510512e-08
52850.056 4.2256094672487516e-08
52900.056 2.4763307628625022e-08
52950.056 3.4483101388803476e-08
53000.056 5.5036764041007025e-08
53050.056 2.389107913043358e-08
53100.056 6.135871596499581e-08
53150.056 7.051160645700661e-08
53200.056 2.9473303003707654e-08
53250.056 6.215682272900357e-08
53300.056 7.421756830541871e-08
53350.056 5.9204381731000754e-08
53400.056 4.30509734269948e-08
53450.056 1.7800161123144514e-08
53500.056 4.864685050738203e-09
