galfind/configs/Brown_Dwarf_templates/sonora_bobcat/m0.0/316g/sp_t2000g316nc_m0.0_resample.dat
# %ECSV 1.0
# ---
# datatype:
# - {name: wav, unit: Angstrom, datatype: float64}
# - {name: flux_nu, unit: erg / (cm2 Hz s), datatype: float64}
# meta: {C/O: '1.00', Kzz: '1.0000E+05', Teff: '2000.', Y: '0.28', '[Fe/H]': '0.00', f_hole: '1.00', f_rain: '0.00', grav: '316.'}
# schema: astropy-2.0
wav flux_nu
4000.0559999999996 nan
4050.0559999999996 5.096887141834816e-09
4100.056 7.031049865952769e-09
4150.056 5.7969269874406765e-09
4200.056 4.1534062622010535e-09
4250.056 3.653932883481161e-09
4300.056 2.3326024844209084e-09
4350.056 2.476653034640106e-09
4400.056 2.6474748407209386e-09
4450.056 1.5607785192801323e-09
4500.056 1.6303138571501719e-09
4550.056 2.1003132318194254e-09
4600.056 1.7854812305098708e-09
4650.056 1.4884449939298288e-09
4700.056 1.8480278679402453e-09
4750.056 2.2320003945495252e-09
4800.056 1.367838544000243e-09
4850.056 1.770798070470299e-09
4900.056 3.047101702889793e-09
4950.056 3.5745834285900856e-09
5000.056 1.637130434259749e-09
5050.056 1.9698012662202156e-09
5100.056 2.8435803301005776e-09
5150.056 2.678623605964792e-09
5200.056 1.9633790621099986e-09
5250.056 2.6434353776901153e-09
5300.056 3.164355984089977e-09
5350.056 3.3139370647402838e-09
5400.056 3.5163891059000264e-09
5450.056 2.713457677889825e-09
5500.056 1.9882676481498897e-09
5550.056 2.1995033937799165e-09
5600.056 1.8494974067101078e-09
5650.056 1.4802180597999936e-09
5700.056 1.1899164725900116e-09
5750.056 7.001184460299713e-10
5800.056 3.443992532799919e-10
5850.056 9.566273352099736e-11
5900.056 8.616676601260729e-12
5950.056 2.3351241177100433e-10
6000.056 9.792854929000055e-10
6050.056 2.549131636900067e-09
6100.056 4.478159430100194e-09
6150.056 6.303203106899694e-09
6200.056 6.486695198200017e-09
6250.056 8.424043650400352e-09
6300.056 1.2409529985400286e-08
6350.056 1.6185479720100646e-08
6400.056 2.0188129916000054e-08
6450.056 2.5701227189996888e-08
6500.056 2.8080949832995985e-08
6550.056 3.418633109499598e-08
6600.056 3.431643721600105e-08
6650.056 3.1163999597002814e-08
6700.056 2.0707493117509076e-08
6750.056 3.029836562100186e-08
6800.056 3.469693607700171e-08
6850.056 4.083880247399967e-08
6900.056 4.5430825130000524e-08
6950.056 5.542415537299764e-08
7000.056 7.768783122899416e-08
7050.056 7.545075933400437e-08
7100.056 4.617309392799813e-08
7150.056 4.15635705560021e-08
7200.056 5.563831666399864e-08
7250.056 7.626183543800734e-08
7300.056 1.0881522948401339e-07
7350.056 1.3751142936800303e-07
7400.056 1.4566912164301113e-07
7450.056 1.3724204976798645e-07
7500.056 1.3632891108399996e-07
7550.056 1.3426280620300235e-07
7600.056 8.465696761999572e-08
7650.056 1.3207390864891918e-08
7700.056 4.276637318711985e-09
7750.056 5.155244798700212e-08
7800.056 9.237345544577874e-08
7850.056 1.3312736735400096e-07
7900.056 1.5120020964801826e-07
7950.056 1.5024374392980403e-07
8000.056 1.9723846382798063e-07
8050.056 2.9565788737397606e-07
8100.056 4.289827103200548e-07
8150.056 5.975905168700136e-07
8200.056 4.269521585899561e-07
8250.056 5.527584615499799e-07
8300.056 4.817020027401201e-07
8350.056 5.260287838101153e-07
8400.056 5.447155942000419e-07
8450.056 3.6263363600995303e-07
8500.056 3.277605084638534e-07
8550.056 4.0702704756003817e-07
8600.056 4.77645624869861e-07
8650.056 5.669573028179163e-07
8700.056 5.847178698400532e-07
8750.056 7.046257711500843e-07
8800.056 9.547486596701563e-07
8850.056 9.350982053200321e-07
8900.056 6.558247182800311e-07
8950.056 7.126856714424493e-07
9000.056 9.187427620700875e-07
9050.056 9.449988154598883e-07
9100.056 1.218571385420026e-06
9150.056 1.4424494027500208e-06
9200.056 1.4125525088302049e-06
9250.056 9.84871211549973e-07
9300.056 8.2190345388604e-07
9350.056 9.275965001079073e-07
9400.056 1.043456735640149e-06
9450.056 1.1947737415497688e-06
9500.056 1.4270300019198582e-06
9550.056 1.599422579542214e-06
9600.056 1.7181680074503073e-06
9650.056 1.95609529153036e-06
9700.056 2.156176217969796e-06
9750.056 1.6941959679399566e-06
9800.056 1.8518105082298496e-06
9850.056 1.813501749129855e-06
9900.056 1.4594112282499038e-06
9950.056 1.1972379574700481e-06
10000.056 1.1886570520799195e-06
10050.056 1.2234217841399375e-06
10100.056 1.541493311800372e-06
10150.056 1.516999648449884e-06
10200.056 1.6638950692199447e-06
10250.056 1.6438045781295998e-06
10300.056 1.5740397406598016e-06
10350.056 1.8373583783698857e-06
10400.056 2.0566199438399267e-06
10450.056 2.192582973510378e-06
10500.056 2.2043481951297216e-06
10550.056 2.3314924166102945e-06
10600.056 2.5563678897702787e-06
10650.056 2.5922915289400087e-06
10700.056 2.7059718851101422e-06
10750.056 2.9818345754202754e-06
10800.056 3.228571816289743e-06
10850.056 3.4953940214897424e-06
10900.056 3.4956742737198416e-06
10950.056 3.387867868569394e-06
11000.056 3.2159599604400512e-06
11050.056 2.4019105444500133e-06
11100.056 2.6041634628504e-06
11150.056 2.7800676801248403e-06
11200.056 2.834741617314465e-06
11250.056 3.274194125281932e-06
11300.056 3.2537960742340547e-06
11350.056 2.9764793415739408e-06
11400.056 2.2758714199100343e-06
11450.056 3.2874841692144437e-06
11500.056 3.807230738959535e-06
11550.056 3.665799536945088e-06
11600.056 3.84268369003115e-06
11650.056 3.857079960379462e-06
11700.056 2.8823629383531024e-06
11750.056 3.025419622743796e-06
11800.056 3.074546963714175e-06
11850.056 4.031528165090257e-06
11900.056 4.279286257309212e-06
11950.056 4.084622756059919e-06
12000.056 3.6544977006800997e-06
12050.056 4.246959007900115e-06
12100.056 4.157750812499694e-06
12150.056 4.691830454399712e-06
12200.056 4.663552907199431e-06
12250.056 5.032847520999573e-06
12300.056 5.180016945500517e-06
12350.056 5.150826429600237e-06
12400.056 4.48531637789971e-06
12450.056 3.7267571283200636e-06
12500.056 4.06219272572936e-06
12550.056 4.10045971432014e-06
12600.056 4.757323270400021e-06
12650.056 4.946102655299653e-06
12700.056 5.324612351100014e-06
12750.056 5.282520002799992e-06
12800.056 5.650259274899616e-06
12850.056 5.456219994200073e-06
12900.056 5.219745792399466e-06
12950.056 5.381890994499633e-06
13000.056 5.611249728399335e-06
13050.056 5.789258159409633e-06
13100.056 5.811876118179656e-06
13150.056 5.846267914479701e-06
13200.056 5.635247175199886e-06
13250.056 5.2223233708601194e-06
13300.056 4.55648010809746e-06
13350.056 2.8314536542973117e-06
13400.056 2.602197821981792e-06
13450.056 2.270752913796099e-06
13500.056 2.1891903937096916e-06
13550.056 2.0397077332994826e-06
13600.056 1.908124444788857e-06
13650.056 2.18722525461851e-06
13700.056 1.9666938903689157e-06
13750.056 2.022124322108485e-06
13800.056 2.33479203957894e-06
13850.056 2.2667296198472255e-06
13900.056 2.2033872902838164e-06
13950.056 2.0842121683916473e-06
14000.056 1.9415541084699273e-06
14050.056 1.998880915942745e-06
14100.056 1.7544425545289292e-06
14150.056 1.8334035595387623e-06
14200.056 1.6782107422449358e-06
14250.056 1.6499275399374572e-06
14300.056 1.719440977902731e-06
14350.056 1.7359388291362426e-06
14400.056 1.8313965402341975e-06
14450.056 1.909016122989152e-06
14500.056 2.1396953451327885e-06
14550.056 2.1755199160638853e-06
14600.056 2.3147781598487278e-06
14650.056 2.2786508145961003e-06
14700.056 2.102738709702806e-06
14750.056 2.2457165420985455e-06
14800.056 2.3429359356166456e-06
14850.056 2.527558229009465e-06
14900.056 2.5073768308128792e-06
14950.056 2.5409364275104773e-06
15000.056 2.626525616970422e-06
15050.056 2.900330984409408e-06
15100.056 2.900004648890306e-06
15150.056 3.010921094790234e-06
15200.056 3.15296215099978e-06
15250.056 3.198588310829863e-06
15300.056 3.3666488925298615e-06
15350.056 3.5033985950200534e-06
15400.056 3.6313863395300476e-06
15450.056 3.798582724760226e-06
15500.056 3.884439924449587e-06
15550.056 4.096341220459753e-06
15600.056 4.08260989810043e-06
15650.056 4.271072990000099e-06
15700.056 4.560170450801198e-06
15750.056 4.737675389099605e-06
15800.056 4.76463499330069e-06
15850.056 4.386369262700304e-06
15900.056 4.539058872700338e-06
15950.056 4.5901346156998536e-06
16000.056 4.685877512599793e-06
16050.056 4.83849902480042e-06
16100.056 5.008521202100183e-06
16150.056 4.8277474565002515e-06
16200.056 5.046149900599828e-06
16250.056 4.958407745199965e-06
16300.056 5.024656507100059e-06
16350.056 5.321625856699774e-06
16400.056 5.1986113198004535e-06
16450.056 5.362403949500367e-06
16500.056 5.535001787200305e-06
16550.056 5.804913376899829e-06
16600.056 5.4860886155003955e-06
16650.056 5.934386035500265e-06
16700.056 5.669565580599285e-06
16750.056 5.734153957699623e-06
16800.056 5.925317832799954e-06
16850.056 5.9880705997996305e-06
16900.056 5.7828669679002294e-06
16950.056 5.772777362699518e-06
17000.056 5.802456494100555e-06
17050.056 5.7249980729002715e-06
17100.056 5.470583895700769e-06
17150.056 5.395405377010213e-06
17200.056 4.969828933779623e-06
17250.056 4.664974128989971e-06
17300.056 4.733879456749418e-06
17350.056 4.5591772540005685e-06
17400.056 4.561689441739929e-06
17450.056 4.261825920788101e-06
17500.056 4.099466034069268e-06
17550.056 4.001370199478587e-06
17600.056 3.8344113364959316e-06
17650.056 3.902548952731724e-06
17700.056 3.333930961542511e-06
17750.056 3.237248289398925e-06
17800.056 3.21882642901073e-06
17850.056 2.9248511565733414e-06
17900.056 3.0047054144289664e-06
17950.056 2.9004645030676386e-06
18000.056 2.656273737736217e-06
18050.056 2.6696127457897725e-06
18100.056 2.5667162602938065e-06
18150.056 2.864960372243856e-06
18200.056 2.3503619303143654e-06
18250.056 2.835100375150467e-06
18300.056 2.6760853957689434e-06
18350.056 2.5329613514701755e-06
18400.056 2.4778621114880874e-06
18450.056 2.2442756098463636e-06
18500.056 2.354581377486422e-06
18550.056 2.1783592247372775e-06
18600.056 1.840518275093089e-06
18650.056 2.126964801366494e-06
18700.056 2.3248612907684816e-06
18750.056 2.231053800718649e-06
18800.056 2.334450404284835e-06
18850.056 2.6880846450017905e-06
18900.056 2.58181221069382e-06
18950.056 2.6733042524898803e-06
19000.056 2.8119300933195338e-06
19050.056 2.70208858549398e-06
19100.056 2.833869627382658e-06
19150.056 2.9004562760739526e-06
19200.056 2.8746133659979065e-06
19250.056 2.7293666530155076e-06
19300.056 2.8850633046961505e-06
19350.056 2.8342083460709813e-06
19400.056 2.4421690169674013e-06
19450.056 2.8637591331342084e-06
19500.056 2.8695766336047145e-06
19550.056 2.4220557720236434e-06
19600.056 2.7796368597297697e-06
19650.056 2.765528025144264e-06
19700.056 2.7754620071022118e-06
19750.056 2.567376613350306e-06
19800.056 2.726224833638625e-06
19850.056 2.7845677136607705e-06
19900.056 2.462625130113564e-06
19950.056 2.8962854579998828e-06
20000.056 2.5591413491303344e-06
20050.056 2.7785578066707874e-06
20100.056 2.8216742272285276e-06
20150.056 2.841958598410422e-06
20200.056 2.9234710673893885e-06
20250.056 3.048157210189793e-06
20300.056 3.074505385670269e-06
20350.056 3.1692475511196196e-06
20400.056 3.1611661306985655e-06
20450.056 3.328928408259571e-06
20500.056 3.3643072741100576e-06
20550.056 3.4332961409800224e-06
20600.056 3.6495403368404e-06
20650.056 3.5699914401805307e-06
20700.056 3.739559894070374e-06
20750.056 3.7928306610395468e-06
20800.056 3.955615133840043e-06
20850.056 3.917552818509943e-06
20900.056 4.1371390094997165e-06
20950.056 4.175710043299815e-06
21000.056 4.354416939399822e-06
21050.056 4.401067260300083e-06
21100.056 4.429666932579972e-06
21150.056 4.649007546400115e-06
21200.056 4.6356841100002834e-06
21250.056 4.855806489299627e-06
21300.056 4.713669794200017e-06
21350.056 5.025854428300179e-06
21400.056 4.859850961700336e-06
21450.056 5.304882789599985e-06
21500.056 5.04441162880027e-06
21550.056 5.177146243199734e-06
21600.056 5.312755593900453e-06
21650.056 5.27558159750022e-06
21700.056 5.499482492099853e-06
21750.056 5.360524260999978e-06
21800.056 5.385467016699668e-06
21850.056 5.406405683199763e-06
21900.056 5.565479674300461e-06
21950.056 5.44364492570017e-06
22000.056 5.598049319599828e-06
22050.056 5.3731244064994454e-06
22100.056 5.543061917599917e-06
22150.056 5.605197084600334e-06
22200.056 5.421829864880826e-06
22250.056 5.7197387559004135e-06
22300.056 5.6541753417998314e-06
22350.056 5.467654444700215e-06
22400.056 5.7096779106802e-06
22450.056 5.595597110919452e-06
22500.056 5.68066421021986e-06
22550.056 5.60326026289928e-06
22600.056 5.624835532699891e-06
22650.056 5.5217060511008774e-06
22700.056 5.509206570740974e-06
22750.056 5.71182721277975e-06
22800.056 5.457334895790112e-06
22850.056 5.56692185108041e-06
22900.056 5.6630941300697995e-06
22950.056 4.0165323132004506e-06
23000.056 4.473338688520255e-06
23050.056 4.685768575509473e-06
23100.056 4.465035194139676e-06
23150.056 4.664152609060545e-06
23200.056 4.601493450130174e-06
23250.056 3.784718681389279e-06
23300.056 4.085653849130072e-06
23350.056 4.2555071867801036e-06
23400.056 4.132078563580045e-06
23450.056 4.246248112840132e-06
23500.056 4.218981581529291e-06
23550.056 3.702591048790875e-06
23600.056 3.7369081403607107e-06
23650.056 4.023591540189494e-06
23700.056 3.938155947999074e-06
23750.056 3.968830014400685e-06
23800.056 3.913796932870288e-06
23850.056 3.3425373911103925e-06
23900.056 3.6841713528398345e-06
23950.056 3.804963803150859e-06
24000.056 3.5465802112992842e-06
24050.056 3.5314013240104324e-06
24100.056 3.2053694221092673e-06
24150.056 3.156711545400522e-06
24200.056 3.1564754692189737e-06
24250.056 3.0729367992402224e-06
24300.056 2.97881805451017e-06
24350.056 2.7346105950202132e-06
24400.056 3.0306400174598564e-06
24450.056 2.685391366999833e-06
24500.056 2.5068652280199258e-06
24550.056 2.4377825091801103e-06
24600.056 2.505449585100394e-06
24650.056 2.7154074880599982e-06
24700.056 2.232757396999966e-06
24750.056 2.121681460800528e-06
24800.056 2.0762905800983253e-06
24850.056 2.4491698719899603e-06
24900.056 1.8121761165690117e-06
24950.056 2.3238361133597316e-06
25000.056 2.068862829830185e-06
25050.056 1.61311924059448e-06
25100.056 1.9850842259979587e-06
25150.056 1.7032361566689114e-06
25200.056 1.8256058028658106e-06
25250.056 1.6924907921925729e-06
25300.056 1.869600427008108e-06
25350.056 1.5244792204969877e-06
25400.056 1.741340770496654e-06
25450.056 1.5288044025499895e-06
25500.056 1.6507274156185244e-06
25550.056 1.5508751889571538e-06
25600.056 1.6093442028280357e-06
25650.056 1.4153398796019719e-06
25700.056 1.8719752009513184e-06
25750.056 1.3059136304612462e-06
25800.056 1.7628684232583266e-06
25850.056 1.5486136328498023e-06
25900.056 1.7445353699033412e-06
25950.056 1.4796312286210157e-06
26000.056 1.7595929863706608e-06
26050.056 1.8311765487870607e-06
26100.056 1.8535355861931454e-06
26150.056 1.8353629540595323e-06
26200.056 1.7435865208430586e-06
26250.056 1.824802289199251e-06
26300.056 1.8058033873480988e-06
26350.056 1.870977812409881e-06
26400.056 1.911840744739622e-06
26450.056 1.8749445059002461e-06
26500.056 1.986356755339351e-06
26550.056 1.920038582049575e-06
26600.056 2.29496724830456e-06
26650.056 1.7327429319766988e-06
26700.056 1.7898845425950212e-06
26750.056 1.524978912188294e-06
26800.056 1.7670850194895043e-06
26850.056 1.3700513629831323e-06
26900.056 1.8474019726760636e-06
26950.056 1.241738170967935e-06
27000.056 1.7420401837214014e-06
27050.056 1.4504865057498924e-06
27100.056 1.462992339705653e-06
27150.056 1.5759023201699895e-06
27200.056 1.5515815473863355e-06
27250.056 1.4214490938206203e-06
27300.056 1.714687227140114e-06
27350.056 1.6135359248474223e-06
27400.056 1.3221401905559476e-06
27450.056 1.82678894547936e-06
27500.056 1.6620317979300028e-06
27550.056 1.5379580829508802e-06
27600.056 1.8495938295197644e-06
27650.056 1.4083379985268453e-06
27700.056 1.35303396946811e-06
27750.056 1.8695240212991844e-06
27800.056 1.3221268864719214e-06
27850.056 1.4720317265323421e-06
27900.056 1.5140322801661045e-06
27950.056 1.7907123168998832e-06
28000.056 1.6613311834484675e-06
28050.056 1.2392240833803556e-06
28100.056 1.87037911654467e-06
28150.056 1.4646855692900505e-06
28200.056 1.2334999069690692e-06
28250.056 1.628496083000064e-06
28300.056 1.8870927646103102e-06
28350.056 1.4001107651814759e-06
28400.056 1.5385224417179923e-06
28450.056 1.6049318216896773e-06
28500.056 1.6071401686696135e-06
28550.056 1.1273534811645937e-06
28600.056 1.8758898889500172e-06
28650.056 1.6924686731298659e-06
28700.056 1.4957639242996988e-06
28750.056 1.7133785155999431e-06
28800.056 1.633712917050375e-06
