galfind/configs/Brown_Dwarf_templates/sonora_bobcat/m0.0/316g/sp_t575g316nc_m0.0_resample.dat
# %ECSV 1.0
# ---
# datatype:
# - {name: wav, unit: Angstrom, datatype: float64}
# - {name: flux_nu, unit: erg / (cm2 Hz s), datatype: float64}
# meta: {C/O: '1.00', Kzz: '1.0000E+05', Teff: '575.', Y: '0.28', '[Fe/H]': '0.00', f_hole: '1.00', f_rain: '0.00', grav: '316.'}
# schema: astropy-2.0
wav flux_nu
4000.0559999999996 nan
4050.0559999999996 3.4596568049559725e-16
4100.056 6.206618563810125e-14
4150.056 5.812846264900071e-13
4200.056 5.570620774875628e-13
4250.056 3.9906677486000355e-12
4300.056 7.97684273460012e-12
4350.056 1.2155975499600065e-11
4400.056 1.768589913200011e-11
4450.056 2.5008822059000193e-11
4500.056 3.045804234300029e-11
4550.056 2.8786301628119674e-11
4600.056 6.21665672069997e-12
4650.056 3.37793565299998e-12
4700.056 1.5353543298499857e-12
4750.056 4.2021894762999466e-13
4800.056 1.1477581970199878e-13
4850.056 3.827414473999965e-14
4900.056 1.8215642463999893e-14
4950.056 1.0020177975299942e-14
5000.056 5.043259396499961e-15
5050.056 3.0519416804999987e-15
5100.056 3.0399483515000154e-15
5150.056 3.24453807090001e-15
5200.056 3.4999680861000057e-15
5250.056 3.770396931600003e-15
5300.056 4.096580806500005e-15
5350.056 4.495837875500006e-15
5400.056 4.933248138400007e-15
5450.056 5.438284590500018e-15
5500.056 5.993434285500016e-15
5550.056 6.572177140900009e-15
5600.056 7.111434598000005e-15
5650.056 7.526139633099997e-15
5700.056 7.633027885699999e-15
5750.056 7.390590694099996e-15
5800.056 6.50442495209998e-15
5850.056 4.431805567799946e-15
5900.056 1.3986955647846666e-15
5950.056 8.881812733800204e-15
6000.056 1.9107387568000006e-14
6050.056 3.397270739100039e-14
6100.056 5.427998366400043e-14
6150.056 8.16449505250005e-14
6200.056 1.187581261150006e-13
6250.056 1.6702363270000057e-13
6300.056 2.3399739067000064e-13
6350.056 3.238074032900013e-13
6400.056 4.4482917998000227e-13
6450.056 5.827919794199963e-13
6500.056 7.983907713800033e-13
6550.056 1.1085215656299905e-12
6600.056 1.5429333720200309e-12
6650.056 2.1578744918000158e-12
6700.056 2.802876942270024e-12
6750.056 3.981192785500019e-12
6800.056 4.929196355800031e-12
6850.056 5.311030384900001e-12
6900.056 4.654929421500045e-12
6950.056 3.873468716299984e-12
7000.056 4.00898679139999e-12
7050.056 4.258540612999962e-12
7100.056 4.680052484099966e-12
7150.056 4.3510248131499125e-12
7200.056 4.088011314353946e-12
7250.056 4.308962197759832e-12
7300.056 4.280314462850237e-12
7350.056 4.61107388443993e-12
7400.056 4.926295826300151e-12
7450.056 5.3412217320001794e-12
7500.056 5.593238235499996e-12
7550.056 5.601373158499993e-12
7600.056 5.314714205899984e-12
7650.056 2.076277044009926e-12
7700.056 1.6400135396320593e-12
7750.056 5.750633873600074e-12
7800.056 8.181533912600015e-12
7850.056 1.1876358412800003e-11
7900.056 1.5342025491099884e-11
7950.056 1.7343863769600068e-11
8000.056 2.40850145880002e-11
8050.056 2.979439781900035e-11
8100.056 3.148084811149918e-11
8150.056 3.4488427797610294e-11
8200.056 5.029556063898227e-11
8250.056 5.927227567644929e-11
8300.056 7.427975222790228e-11
8350.056 8.94713834495968e-11
8400.056 1.1142411800399925e-10
8450.056 1.4554753973999907e-10
8500.056 1.691461460879945e-10
8550.056 2.2152717768000463e-10
8600.056 2.7896287911000246e-10
8650.056 3.362234614900033e-10
8700.056 3.926600575300036e-10
8750.056 4.6504635603000324e-10
8800.056 5.34263185040004e-10
8850.056 5.627173497099941e-10
8900.056 3.771202818119788e-10
8950.056 3.645495276812975e-10
9000.056 3.9989454105632863e-10
9050.056 7.774455571372213e-10
9100.056 9.104793416827465e-10
9150.056 1.0286577787716664e-09
9200.056 1.3438275556751782e-09
9250.056 1.3140137441232435e-09
9300.056 3.32289606571107e-10
9350.056 4.5593397178985687e-10
9400.056 9.661144161173653e-10
9450.056 1.0070662497573515e-09
9500.056 9.172025687149375e-10
9550.056 1.0190695905549878e-09
9600.056 1.0736497460242586e-09
9650.056 1.4462306399858009e-09
9700.056 2.3438587478088877e-09
9750.056 2.4327842848356255e-09
9800.056 2.869706259855546e-09
9850.056 3.3909471041509615e-09
9900.056 4.3184674981200496e-09
9950.056 4.6933100191401345e-09
10000.056 4.6111134479198795e-09
10050.056 6.273666665400082e-09
10100.056 7.310847477599998e-09
10150.056 7.820684022999995e-09
10200.056 8.126907704900404e-09
10250.056 9.472346593270274e-09
10300.056 1.1524413763799255e-08
10350.056 1.1735555764800389e-08
10400.056 1.4732553213700199e-08
10450.056 1.6960672368598282e-08
10500.056 1.9103348389999622e-08
10550.056 2.1528950981000172e-08
10600.056 2.2961623157999845e-08
10650.056 2.4165305429000426e-08
10700.056 2.4180443297300304e-08
10750.056 2.4951257854300284e-08
10800.056 2.4782314594200293e-08
10850.056 2.343191651320021e-08
10900.056 1.8692242891499554e-08
10950.056 1.0545441573580149e-08
11000.056 6.916760704786903e-09
11050.056 4.056695990105107e-09
11100.056 2.3907094619579274e-09
11150.056 1.182639568090278e-09
11200.056 1.0465227031499954e-09
11250.056 1.3672499316938044e-09
11300.056 1.6892471352528204e-09
11350.056 6.150406695746585e-10
11400.056 2.028709935509852e-09
11450.056 1.329858142535698e-09
11500.056 1.1909202394604397e-09
11550.056 4.015355932949781e-10
11600.056 3.2386185265566194e-10
11650.056 8.166672157188373e-10
11700.056 9.77484788633048e-10
11750.056 3.190169700846713e-10
11800.056 1.3938999684718843e-09
11850.056 2.248474632921903e-09
11900.056 2.7860365837197833e-09
11950.056 4.245060228700616e-09
12000.056 6.190855786811558e-09
12050.056 8.893553811170505e-09
12100.056 1.1858777022088451e-08
12150.056 1.592777146679922e-08
12200.056 1.909167134029994e-08
12250.056 2.4803794457897546e-08
12300.056 3.247453158820194e-08
12350.056 3.4969800702999545e-08
12400.056 4.479599468799864e-08
12450.056 5.369181521700152e-08
12500.056 5.8903834093003664e-08
12550.056 6.616679544599942e-08
12600.056 7.274297887800221e-08
12650.056 7.378430309999908e-08
12700.056 7.298102226700229e-08
12750.056 6.216816638900255e-08
12800.056 5.410282518419967e-08
12850.056 3.894105042590138e-08
12900.056 3.1230526834863266e-08
12950.056 2.6888860439041246e-08
13000.056 2.7520346993503094e-08
13050.056 2.0361885641264875e-08
13100.056 1.9466224490465517e-08
13150.056 1.3704940894521265e-08
13200.056 1.278552530539571e-08
13250.056 9.328516830163037e-09
13300.056 3.851933130794927e-09
13350.056 1.1688795158798793e-09
13400.056 4.702028035959485e-10
13450.056 1.8104946700628804e-10
13500.056 8.075467966536685e-11
13550.056 3.637425077922877e-11
13600.056 1.296336500078954e-11
13650.056 6.501082099547335e-11
13700.056 3.8327545872202887e-11
13750.056 8.124879881686963e-11
13800.056 8.623369632195571e-11
13850.056 4.648574484321369e-11
13900.056 5.954776284864743e-11
13950.056 5.535784157238869e-11
14000.056 6.133992538971373e-11
14050.056 9.471372558194918e-11
14100.056 8.131299773318646e-11
14150.056 1.453497643573876e-10
14200.056 9.748597671557777e-11
14250.056 1.220975175327451e-10
14300.056 3.093755125935256e-10
14350.056 2.8354247124110456e-10
14400.056 2.975255409393257e-10
14450.056 4.602886496608541e-10
14500.056 9.372958092420672e-10
14550.056 9.909375960962222e-10
14600.056 1.4481311683882079e-09
14650.056 1.0062625119706025e-09
14700.056 5.431103786030411e-10
14750.056 4.415900222160864e-10
14800.056 6.760742309358877e-10
14850.056 7.667489750461986e-10
14900.056 7.984082487683971e-10
14950.056 7.646031753979138e-10
15000.056 1.5642180682387971e-09
15050.056 1.4650284170527884e-09
15100.056 1.1463941683473872e-09
15150.056 9.093594001337401e-10
15200.056 1.591203527228139e-09
15250.056 3.0524460929297173e-09
15300.056 3.784086285159204e-09
15350.056 4.807683417412077e-09
15400.056 6.148982243906223e-09
15450.056 7.792832944820231e-09
15500.056 9.160092527989319e-09
15550.056 1.2893518356362499e-08
15600.056 1.677982170339907e-08
15650.056 2.1861233979301524e-08
15700.056 2.8583569956401016e-08
15750.056 3.2688321234200025e-08
15800.056 3.57695601280001e-08
15850.056 3.956521088600195e-08
15900.056 3.7471425852000476e-08
15950.056 3.551084709599821e-08
16000.056 2.820768587100142e-08
16050.056 1.8036915787298914e-08
16100.056 1.1747344884319116e-08
16150.056 6.840479978961531e-09
16200.056 3.807339349927967e-09
16250.056 2.7507132285136557e-09
16300.056 1.899942786241327e-09
16350.056 2.3445474368851587e-09
16400.056 2.840030311293604e-09
16450.056 2.801020002778696e-09
16500.056 2.7568946525770434e-09
16550.056 2.7364373347629192e-09
16600.056 3.6626178222590825e-09
16650.056 2.571889651043274e-09
16700.056 5.219355241277645e-10
16750.056 1.4486833786794469e-09
16800.056 2.3529467423423734e-09
16850.056 2.54747028787041e-09
16900.056 1.563346617589263e-09
16950.056 1.086017559703826e-09
17000.056 6.707985378657429e-10
17050.056 1.2488225326180191e-09
17100.056 1.9124345767367687e-09
17150.056 1.229219042964381e-09
17200.056 2.9851333642642208e-09
17250.056 1.915070362475789e-09
17300.056 1.366806828656471e-09
17350.056 1.4037064525870334e-09
17400.056 2.0022098441884468e-09
17450.056 2.4627697907380394e-09
17500.056 3.0200263270129614e-09
17550.056 2.6137222281458512e-09
17600.056 2.1209798614406827e-09
17650.056 1.8849096414284304e-09
17700.056 1.496156801082254e-09
17750.056 1.3131221134304514e-09
17800.056 2.3236453700825694e-09
17850.056 1.2845278834279049e-09
17900.056 1.0428973665910715e-09
17950.056 7.757471714188706e-10
18000.056 1.1653730345443197e-09
18050.056 7.982409346987642e-10
18100.056 9.640944091160462e-10
18150.056 9.599814323158522e-10
18200.056 6.147644660815723e-10
18250.056 1.8180756619853854e-09
18300.056 5.716591878548935e-10
18350.056 4.759375470993461e-10
18400.056 3.7323661870317496e-10
18450.056 1.07761333780277e-09
18500.056 1.0461328567211463e-09
18550.056 6.657075031121995e-10
18600.056 7.190120833443772e-10
18650.056 5.264379136857468e-10
18700.056 2.3995168695264115e-10
18750.056 4.928012317879504e-10
18800.056 1.64023882044535e-09
18850.056 1.627802008156771e-09
18900.056 1.4059845907597514e-09
18950.056 2.385449406977523e-09
19000.056 9.206572442021639e-10
19050.056 4.87832558615268e-10
19100.056 1.0177634436369604e-09
19150.056 4.95861744833252e-10
19200.056 7.117963653320785e-10
19250.056 4.834287972358574e-10
19300.056 3.597347557429886e-10
19350.056 3.1390966729402533e-10
19400.056 2.6491595771330246e-10
19450.056 4.496344974413137e-10
19500.056 3.5900804147748265e-10
19550.056 4.4703191699953915e-10
19600.056 7.938721823043671e-10
19650.056 6.680476051678182e-10
19700.056 7.789489096828754e-10
19750.056 1.2031646952694774e-09
19800.056 9.101934722133106e-10
19850.056 1.1894833814358067e-09
19900.056 1.3706232738859254e-09
19950.056 1.9691815406847714e-09
20000.056 2.359687257780186e-09
20050.056 2.029267948310004e-09
20100.056 3.258597423210922e-09
20150.056 2.006419413123503e-09
20200.056 1.6538057072852313e-09
20250.056 2.873665504920489e-09
20300.056 3.267262485595912e-09
20350.056 3.3931396920382634e-09
20400.056 3.10549218021277e-09
20450.056 4.9590541599989525e-09
20500.056 5.6617256299770294e-09
20550.056 6.15964487254253e-09
20600.056 6.632928496221572e-09
20650.056 7.875990751209677e-09
20700.056 8.603116818820483e-09
20750.056 9.36719239899914e-09
20800.056 9.41873424909821e-09
20850.056 1.0382253162100311e-08
20900.056 1.0930796601498603e-08
20950.056 1.0642282401300706e-08
21000.056 1.0466643628700667e-08
21050.056 1.0793219587599201e-08
21100.056 1.0343801077500419e-08
21150.056 1.0341052575298696e-08
21200.056 9.727938462100817e-09
21250.056 9.132557232688486e-09
21300.056 7.979704718469978e-09
21350.056 7.820851508523302e-09
21400.056 7.562080197327147e-09
21450.056 6.425382626856167e-09
21500.056 5.788095017668077e-09
21550.056 5.193928537073931e-09
21600.056 4.540009129284476e-09
21650.056 3.512930102255055e-09
21700.056 3.374779564273836e-09
21750.056 2.969576427693973e-09
21800.056 2.221722285708541e-09
21850.056 2.048672152778628e-09
21900.056 1.490262709660944e-09
21950.056 7.181239952005385e-10
22000.056 1.7713119604933407e-10
22050.056 1.956314162207962e-10
22100.056 6.419649634563185e-10
22150.056 5.684564590171339e-10
22200.056 6.177985920674766e-10
22250.056 5.085774093463735e-10
22300.056 2.9659657628525735e-10
22350.056 3.581075160696582e-10
22400.056 1.5811949379411578e-10
22450.056 2.1146091127775603e-10
22500.056 1.7420319402106798e-10
22550.056 1.1619427326357007e-10
22600.056 9.878212101518575e-11
22650.056 1.6811737273124813e-10
22700.056 1.347481041415229e-10
22750.056 1.56045598109965e-10
22800.056 1.661400956154982e-10
22850.056 1.2483450495268639e-10
22900.056 9.766262747096659e-11
22950.056 8.972161537606496e-11
23000.056 1.1586542643386442e-10
23050.056 1.5360599517397883e-10
23100.056 5.818425180199673e-10
23150.056 5.194819380415454e-10
23200.056 3.643781230101656e-11
23250.056 1.1729274917360447e-10
23300.056 1.0423586473915881e-10
23350.056 1.3677255691832502e-10
23400.056 1.168341424300465e-10
23450.056 8.5586382703023e-11
23500.056 9.71386580417668e-11
23550.056 1.6434504056588117e-10
23600.056 2.713228304550816e-10
23650.056 3.7765769368518953e-10
23700.056 9.924430594226296e-11
23750.056 9.073227019274338e-11
23800.056 2.839810291369862e-10
23850.056 2.218514713716508e-10
23900.056 4.561361140474998e-10
23950.056 3.1029132667893446e-10
24000.056 5.515076609714008e-10
24050.056 6.350189893754816e-10
24100.056 6.443618802170485e-10
24150.056 9.139571515472235e-10
24200.056 6.760951259782837e-10
24250.056 5.711401849750302e-10
24300.056 9.529911339326225e-10
24350.056 7.654367394058046e-10
24400.056 1.4368702336534752e-09
24450.056 1.4869180404603171e-09
24500.056 1.3680003433200977e-09
24550.056 1.9782590505505394e-09
24600.056 2.048864672998762e-09
24650.056 2.9121319062391088e-09
24700.056 1.7874154293026377e-09
24750.056 2.2196561437371585e-09
24800.056 2.010800612555265e-09
24850.056 3.3158451614996506e-09
24900.056 1.427025231409976e-09
24950.056 2.9993137945656095e-09
25000.056 2.705260659187112e-09
25050.056 1.6589326183778637e-09
25100.056 2.6684781349279016e-09
25150.056 1.3652949735160054e-09
25200.056 1.9664831661769762e-09
25250.056 8.396608139487439e-10
25300.056 1.316628157558182e-09
25350.056 6.057411172178102e-10
25400.056 1.5149455523594777e-09
25450.056 5.295796322560601e-10
25500.056 4.737317394235681e-10
25550.056 8.459492791826334e-10
25600.056 5.417855825553846e-10
25650.056 2.729248755534898e-10
25700.056 4.458342227062847e-10
25750.056 1.2577651148840384e-10
25800.056 6.29611564182858e-10
25850.056 1.3978940515961422e-10
25900.056 2.0878921907392705e-10
25950.056 6.063356116140171e-11
26000.056 6.007851814878473e-10
26050.056 1.0253397958377519e-10
26100.056 4.4728522799595423e-10
26150.056 2.285956972309183e-10
26200.056 2.7268941895567565e-10
26250.056 1.3643836639858287e-09
26300.056 3.896384102703548e-10
26350.056 1.9084648714629465e-09
26400.056 2.2393807008731177e-09
26450.056 1.7629841085548987e-09
26500.056 3.0947322183597717e-09
26550.056 5.638657883938238e-10
26600.056 7.7327654963915e-10
26650.056 1.3882008986922456e-10
26700.056 8.992711379134951e-11
26750.056 9.36514956711968e-11
26800.056 2.5352623347371625e-10
26850.056 1.3516344213453967e-10
26900.056 6.209043567269875e-10
26950.056 2.1953438040162515e-10
27000.056 1.124716807028305e-09
27050.056 1.1021011763610071e-09
27100.056 2.3268448471161298e-10
27150.056 1.5293140809451977e-09
27200.056 2.3272406446235422e-10
27250.056 6.210181929797843e-10
27300.056 3.2132509882432097e-09
27350.056 1.3412896075221035e-09
27400.056 9.457004106681521e-11
27450.056 1.6421645183494495e-09
27500.056 1.9220660508711586e-09
27550.056 3.4827203224252223e-10
27600.056 9.48939861138509e-10
27650.056 2.758417949330615e-10
27700.056 2.2149376817550646e-10
27750.056 1.2877667501310268e-09
27800.056 3.8272663645012794e-10
27850.056 5.984886886414286e-10
27900.056 6.100140214405179e-10
27950.056 1.524910435735111e-09
28000.056 1.2421641395317174e-09
28050.056 1.8709352701824264e-10
28100.056 1.277197518634421e-09
28150.056 9.047466032376853e-10
28200.056 2.857560969940565e-10
28250.056 1.7092668662759257e-09
28300.056 1.6646293158856737e-09
28350.056 3.7810670895013924e-10
28400.056 1.2044384973809298e-09
28450.056 1.986654471761679e-09
28500.056 1.2948519230262459e-09
28550.056 2.9577984006607105e-10
28600.056 2.1278693048831563e-09
28650.056 1.4712180368558817e-09
28700.056 1.834029416868787e-09
28750.056 2.8070533701632135e-09
28800.056 1.4692063412046278e-09
28850.056 2.5972678249090517e-09
