galfind/configs/Brown_Dwarf_templates/sonora_bobcat/m0.0/316g/sp_t475g316nc_m0.0_resample.dat
# %ECSV 1.0
# ---
# datatype:
# - {name: wav, unit: Angstrom, datatype: float64}
# - {name: flux_nu, unit: erg / (cm2 Hz s), datatype: float64}
# meta: {C/O: '1.00', Kzz: '1.0000E+05', Teff: '475.', Y: '0.28', '[Fe/H]': '0.00', f_hole: '1.00', f_rain: '0.00', grav: '316.'}
# schema: astropy-2.0
wav flux_nu
[from data line 498]
28900.056 2.736169834334105e-10
28950.056 4.297417883129576e-10
29000.056 3.15122587393329e-10
29050.056 4.780785520977074e-10
29100.056 2.424370188264224e-10
29150.056 3.906349474453656e-10
29200.056 5.986447461030568e-10
29250.056 7.325811150622888e-10
29300.056 3.8404731374476636e-10
29350.056 1.118632674201053e-09
29400.056 4.3976993838923586e-10
29450.056 3.390481120664698e-10
29500.056 9.828324105239556e-10
29550.056 3.9386395188991444e-10
29600.056 5.410383344116326e-10
29650.056 1.43547717194046e-09
29700.056 3.6241595258223513e-10
29750.056 1.0184309690614728e-09
29800.056 8.058555110631989e-10
29850.056 1.2616324703568612e-09
29900.056 6.990564762853758e-10
29950.056 7.767723766812736e-10
30000.056 1.986799859520615e-11
30050.056 9.92347302506272e-11
30100.056 3.359377640160619e-10
30150.056 1.1502863282152362e-09
30200.056 8.206299747204514e-10
30250.056 1.6036396670581758e-09
30300.056 1.931846840894494e-09
30350.056 5.80927329093933e-10
30400.056 2.046495475164902e-09
30450.056 1.292645076027677e-09
30500.056 1.025104068019157e-09
30550.056 8.060920835017311e-10
30600.056 3.9170046702851125e-09
30650.056 1.702275062132293e-09
30700.056 1.1980915157650153e-09
30750.056 2.1653657932715237e-09
30800.056 1.7141783146395155e-09
30850.056 1.89755404494414e-09
30900.056 1.067608427076547e-09
30950.056 9.727557135925413e-10
31000.056 1.1093788143377207e-09
31050.056 9.339383123165666e-10
31100.056 5.425480271221565e-10
31150.056 1.019527902441752e-09
31200.056 2.394071933445675e-09
31250.056 1.1933752896060238e-09
31300.056 8.262848185378057e-10
31350.056 1.5808018962571681e-09
31400.056 1.0645469004644241e-09
31450.056 1.1716317979257064e-09
31500.056 4.3690307949724984e-10
31550.056 7.643886520950503e-10
31600.056 5.21806736329955e-10
31650.056 4.4214474879362485e-10
31700.056 4.396773342041315e-10
31750.056 2.159938524675065e-10
31800.056 4.621381349111077e-10
31850.056 9.784290212340462e-11
31900.056 2.3026893021681822e-10
31950.056 1.2811792055717643e-10
32000.056 1.2079072288303582e-10
32050.056 1.6290390169901913e-10
32100.056 1.320457712680309e-10
32150.056 1.578889598098156e-10
32200.056 7.831079020428889e-11
32250.056 2.0135737254189108e-10
32300.056 6.154380877784217e-11
32350.056 2.0253702988701926e-10
32400.056 3.894952469921401e-11
32450.056 1.6110281897457983e-10
32500.056 5.032757465433014e-11
32550.056 1.3170555815999163e-10
32600.056 6.283789155999586e-11
32650.056 3.000830037644877e-10
32700.056 9.403447687254611e-11
32750.056 5.618548044452526e-10
32800.056 3.6521348362347715e-10
32850.056 9.390699280530367e-10
32900.056 8.459240333568187e-10
32950.056 8.89522988610645e-10
33000.056 3.3535285961561383e-10
33050.056 4.326320007890876e-10
33100.056 9.868396280730618e-11
33150.056 8.938015642216423e-14
33200.056 2.9234069307048593e-12
33250.056 4.106088571188682e-12
33300.056 2.7646599228736705e-11
33350.056 9.097544767132923e-11
33400.056 2.9520476313479783e-10
33450.056 2.0241191765599237e-10
33500.056 7.03136935586494e-10
33550.056 1.652540208294156e-10
33600.056 4.290687110059052e-10
33650.056 4.019686309249178e-10
33700.056 1.512448341546732e-10
33750.056 5.669401602447074e-10
33800.056 6.56264247916817e-11
33850.056 2.819471117132879e-10
33900.056 3.000076078941445e-10
33950.056 2.3581449774483265e-10
34000.056 5.144762149455503e-10
34050.056 8.560024293145526e-11
34100.056 4.706560545845362e-10
34150.056 1.899964682156231e-10
34200.056 5.011237960136962e-10
34250.056 3.2452204695009385e-10
34300.056 3.0305605055959055e-10
34350.056 6.619629716398231e-10
34400.056 1.9897803045832615e-10
34450.056 6.600907823983716e-10
34500.056 3.504918455323221e-10
34550.056 2.320139675113488e-10
34600.056 1.0879820708351585e-09
34650.056 1.8226534446311936e-10
34700.056 7.674264433179756e-10
34750.056 4.842104822316849e-10
34800.056 3.8042544092640874e-10
34850.056 1.2555482022292231e-09
34900.056 3.2747187857937474e-10
34950.056 1.0978132935356246e-09
35000.056 1.9547135167146646e-09
35050.056 8.688294283741365e-10
35100.056 2.1225299907140437e-09
35150.056 1.8094372341120943e-09
35200.056 1.3725763694739336e-09
35250.056 2.5974706731576185e-09
35300.056 9.76076209213366e-10
35350.056 1.396310257063651e-09
35400.056 1.1682540170656662e-09
35450.056 9.331493793474562e-10
35500.056 3.2303953587863117e-09
35550.056 1.8809974630445134e-09
35600.056 2.2289546839142327e-09
35650.056 2.4484037960156955e-09
35700.056 2.429269954711791e-09
35750.056 3.688455933458106e-09
35800.056 3.0638475793009003e-09
35850.056 1.3196548317469783e-09
35900.056 1.9220700097297237e-09
35950.056 2.645630928658667e-09
36000.056 2.7997772093564206e-09
36050.056 2.068481016010516e-09
36100.056 1.900820406392324e-09
36150.056 4.1959463182441e-09
36200.056 4.6367750868339456e-09
36250.056 3.062974850993843e-09
36300.056 6.889599425218157e-09
36350.056 4.162824587863218e-09
36400.056 6.326722369927354e-09
36450.056 5.703090117592944e-09
36500.056 6.392079020077126e-09
36550.056 9.388588430502126e-09
36600.056 1.0213322274556552e-08
36650.056 7.272156919178273e-09
36700.056 7.554346287859782e-09
36750.056 1.0096734433604625e-08
36800.056 1.1748485022314594e-08
36850.056 6.719491452341451e-09
36900.056 9.960163637094736e-09
36950.056 1.186315131839788e-08
37000.056 8.25556558346701e-09
37050.056 1.2899557177775747e-08
37100.056 8.135496229062915e-09
37150.056 9.280750835046379e-09
37200.056 1.5046649031597167e-08
37250.056 9.204714438448197e-09
37300.056 6.951360847111917e-09
37350.056 1.1796187211761724e-08
37400.056 1.7881571257798276e-08
37450.056 7.610898250064726e-09
37500.056 1.026635094051229e-08
37550.056 1.944499461800804e-08
37600.056 2.7442847303524864e-08
37650.056 9.097392368464935e-09
37700.056 1.7320671251921566e-08
37750.056 1.2014177919789247e-08
37800.056 1.260988808540689e-08
37850.056 7.0336832006252925e-09
37900.056 8.665999786934685e-09
37950.056 1.588033976073946e-08
38000.056 1.4673389543421353e-08
38050.056 2.0126113182066642e-08
38100.056 2.5189908504491324e-08
38150.056 2.6893930298978493e-08
38200.056 2.199774693363686e-08
38250.056 2.395371279586769e-08
38300.056 3.6782720092469114e-08
38350.056 3.406209589377144e-08
38400.056 1.558073393915795e-08
38450.056 8.33270024238543e-09
38500.056 5.859991238416891e-09
38550.056 1.7563530364804656e-08
38600.056 1.837408777999612e-08
38650.056 2.084280867399635e-08
38700.056 1.8841591110196167e-08
38750.056 1.8780032802901608e-08
38800.056 1.8966790699069324e-08
38850.056 2.140861972697192e-08
38900.056 2.7115171961250724e-08
38950.056 1.6959213238087315e-08
39000.056 2.564508824943356e-08
39050.056 1.7445104052091062e-08
39100.056 2.3845988837260735e-08
39150.056 3.198840704470069e-08
39200.056 2.2821845648635746e-08
39250.056 3.385352875784066e-08
39300.056 2.477597124104693e-08
39350.056 4.069020924149958e-08
39400.056 2.5436911551111706e-08
39450.056 3.4807339851194944e-08
39500.056 3.6703661476104207e-08
39550.056 1.9594061559143448e-08
39600.056 3.3682296709581985e-08
39650.056 4.463655362619645e-08
39700.056 4.035479690370535e-08
39750.056 2.102905825163045e-08
39800.056 2.4501394645199864e-08
39850.056 4.9460945131003764e-08
39900.056 5.3837571343002724e-08
39950.056 2.743638021049722e-08
40000.056 4.496344022720019e-08
40050.056 4.7580736701299006e-08
40100.056 1.9682539399685255e-08
40150.056 4.381288495000227e-08
40200.056 4.6845024291589975e-08
40250.056 5.1490560362488616e-08
40300.056 5.1503469788004963e-08
40350.056 3.3210226030451956e-08
40400.056 4.7888988218699595e-08
40450.056 2.6084804405329623e-08
40500.056 5.38134252091982e-08
40550.056 5.813345973249931e-08
40600.056 4.930639999500154e-08
40650.056 4.0105710756641934e-08
40700.056 7.27550317650944e-08
40750.056 4.9109264808390336e-08
40800.056 3.132266601518949e-08
40850.056 7.896898239901545e-08
40900.056 6.881562426939339e-08
40950.056 5.6608775824268876e-08
41000.056 4.802376547465431e-08
41050.056 8.334539127598632e-08
41100.056 7.057694092099732e-08
41150.056 3.1627419862379385e-08
41200.056 7.993292707700798e-08
41250.056 6.812871257650072e-08
41300.056 6.883588911360247e-08
41350.056 8.797444169099618e-08
41400.056 7.291666013500239e-08
41450.056 9.361605250399094e-08
41500.056 6.034843045686987e-08
41550.056 5.5752870379587745e-08
41600.056 6.212632271086635e-08
41650.056 8.061716112400715e-08
41700.056 9.498598094598259e-08
41750.056 7.600988380599206e-08
41800.056 8.349280811701436e-08
41850.056 7.072877388168952e-08
41900.056 6.66211951939824e-08
41950.056 7.080191129050151e-08
42000.056 4.745337011290068e-08
42050.056 5.103754958103617e-08
42100.056 6.601004156349547e-08
42150.056 6.102465048540022e-08
42200.056 6.434723352649531e-08
42250.056 5.8665987744907505e-08
42300.056 5.3883881344797546e-08
42350.056 7.925301519900522e-08
42400.056 8.92883292150077e-08
42450.056 8.12237910180155e-08
42500.056 8.285832510299362e-08
42550.056 7.151983099199083e-08
42600.056 7.795069661982561e-08
42650.056 1.1375292748897702e-07
42700.056 6.117278964877831e-08
42750.056 7.366438617801188e-08
42800.056 1.026306095040083e-07
42850.056 1.1070266437397523e-07
42900.056 1.1786625797801443e-07
42950.056 8.872664084499141e-08
43000.056 1.0356562829800347e-07
43050.056 5.387258857010725e-08
43100.056 8.893398700699362e-08
43150.056 7.247299768500661e-08
43200.056 1.0131852062700737e-07
43250.056 1.3915428512900794e-07
43300.056 1.2788008280300114e-07
43350.056 6.766209544298494e-08
43400.056 1.0050236531600522e-07
43450.056 6.89909438750064e-08
43500.056 7.21401328340126e-08
43550.056 7.671480168760672e-08
43600.056 1.1840470877201069e-07
43650.056 7.111334011749905e-08
43700.056 1.3394914376202207e-07
43750.056 1.1928739612899519e-07
43800.056 1.066387630009926e-07
43850.056 9.655647470901207e-08
43900.056 7.952967580499117e-08
43950.056 5.469195031699414e-08
44000.056 5.230221788739889e-08
44050.056 1.2109868346900453e-07
44100.056 1.6155724432000257e-07
44150.056 1.4733138259999507e-07
44200.056 1.322985720940028e-07
44250.056 7.446504634099509e-08
44300.056 5.739830126960847e-08
44350.056 6.572041911053217e-08
44400.056 6.208741119829548e-08
44450.056 1.0801225886100596e-07
44500.056 9.542062959201497e-08
44550.056 1.3725375744599277e-07
44600.056 1.1721740029790173e-07
44650.056 1.0823180679700207e-07
44700.056 7.17911265629924e-08
44750.056 1.052715223110194e-07
44800.056 7.538465133240682e-08
44850.056 1.0837636123700576e-07
44900.056 9.026294001960022e-08
44950.056 1.0434556523600945e-07
45000.056 1.221612004080035e-07
45050.056 1.1123958015998917e-07
45100.056 1.0254471758300518e-07
45150.056 9.350721334368939e-08
45200.056 6.957940749210662e-08
45250.056 8.249033878098316e-08
45300.056 7.640445561101048e-08
45350.056 6.283739541041101e-08
45400.056 1.4980306807801564e-07
45450.056 1.2621685015701228e-07
45500.056 1.491048894510089e-07
45550.056 1.591758118759666e-07
45600.056 1.4155874332001696e-07
45650.056 1.1682152508399808e-07
45700.056 7.446202057399537e-08
45750.056 6.710126235030367e-08
45800.056 1.5968511553700723e-07
45850.056 1.3155382634099743e-07
45900.056 1.5874574205699476e-07
45950.056 1.3328505014099545e-07
46000.056 1.5122734367901606e-07
46050.056 1.13208045006006e-07
46100.056 1.762687855899891e-07
46150.056 1.0356604447500114e-07
46200.056 8.856020109348854e-08
46250.056 3.6994162262936397e-08
46300.056 1.0603375574000296e-07
46350.056 1.1235948752501324e-07
46400.056 1.0571925884700386e-07
46450.056 9.339272275029828e-08
46500.056 1.0499372308502021e-07
46550.056 5.8552599116501967e-08
46600.056 8.240808800706802e-08
46650.056 1.2886019929400724e-07
46700.056 8.497523386198144e-08
46750.056 4.281222222450732e-08
46800.056 2.8986302403978884e-08
46850.056 1.2179068740501734e-07
46900.056 1.2982217172699466e-07
46950.056 1.2565435818499006e-07
47000.056 1.2199564423901537e-07
47050.056 8.770224657895239e-08
47100.056 6.216528498650517e-08
47150.056 9.961862004441373e-08
47200.056 1.1385611958099388e-07
47250.056 5.919945823529132e-08
47300.056 3.975695416654827e-08
47350.056 1.266611247410054e-07
47400.056 1.1671711213899091e-07
47450.056 8.937977568151096e-08
47500.056 1.3755657941899186e-07
47550.056 1.155323518660047e-07
47600.056 1.0799452495748925e-07
47650.056 1.1436417697639494e-07
47700.056 8.771041243581892e-08
47750.056 6.426095315800158e-08
47800.056 5.33770120280072e-08
47850.056 2.6042473963204473e-08
47900.056 4.1525371431678025e-08
47950.056 9.903889990400519e-08
48000.056 1.3351650730200055e-07
48050.056 1.0878277945819699e-07
48100.056 4.6379281274063414e-08
48150.056 8.370171706300307e-08
48200.056 5.88372927208572e-08
48250.056 7.663240080700041e-08
48300.056 1.2691018423299443e-07
48350.056 7.594651601699229e-08
48400.056 1.9501358302225004e-08
48450.056 4.106826783314981e-08
48500.056 6.980378534098371e-08
48550.056 7.771498303432848e-08
48600.056 1.0072547545800124e-07
48650.056 1.280488903599947e-07
48700.056 8.549364602701179e-08
48750.056 5.6478333235015765e-08
48800.056 1.0881382770200559e-07
48850.056 5.805211670579025e-08
48900.056 7.660585424739277e-08
48950.056 4.256036132359935e-08
49000.056 2.267287772536561e-08
49050.056 7.216747747349077e-08
49100.056 9.219626924651567e-08
49150.056 6.91430402798715e-08
49200.056 1.0840799536501532e-07
49250.056 1.1091317057500606e-07
49300.056 9.119264530999714e-08
49350.056 3.699996985383868e-08
49400.056 5.5489437057186673e-08
49450.056 5.1908625697812604e-08
49500.056 4.150008211796434e-08
49550.056 9.085365387610139e-09
49600.056 2.5977455244712654e-08
49650.056 5.970474876800141e-08
49700.056 6.765894998198246e-08
49750.056 6.776924851049739e-08
49800.056 4.2474581561645045e-08
49850.056 8.886000149101201e-08
49900.056 7.719551435099572e-08
49950.056 7.332579615499935e-08
50000.056 5.584516500246865e-08
50050.056 6.855503625540285e-08
50100.056 5.487531908499687e-08
50150.056 2.5273477496195312e-08
50200.056 4.702073157582129e-09
50250.056 2.8952811274999196e-08
50300.056 1.9372067186653316e-08
50350.056 6.385279779500926e-08
50400.056 6.897911296719368e-08
50450.056 4.986411099280187e-08
50500.056 7.99897253930045e-08
50550.056 7.289177117900345e-08
50600.056 5.076059810718498e-08
50650.056 8.280363935201312e-08
50700.056 8.375503269199414e-08
50750.056 5.147468719940284e-08
50800.056 1.7786078438382805e-08
50850.056 9.699565929784656e-09
50900.056 5.860618200800306e-08
50950.056 5.3641329078996496e-08
51000.056 4.269912710411474e-08
51050.056 6.226724684699139e-08
51100.056 2.2926477743625643e-08
51150.056 2.583509125884874e-08
51200.056 7.814186265599753e-08
51250.056 5.570426398048992e-08
51300.056 3.61996927999098e-08
51350.056 3.5820742645814835e-08
51400.056 1.21847387389423e-08
51450.056 9.580108133039796e-09
51500.056 8.883082790947617e-09
51550.056 3.473739633060565e-08
51600.056 3.039981213200589e-08
51650.056 3.9887870134997495e-08
51700.056 4.179690955950386e-08
51750.056 2.7413538544205124e-08
51800.056 5.1841325733992465e-08
51850.056 4.110082519499791e-08
51900.056 5.192415136100105e-08
51950.056 2.92899297989964e-08
52000.056 2.9617360521828264e-09
52050.056 1.5480299782402047e-08
52100.056 8.850800515698485e-09
52150.056 5.10829022453539e-09
52200.056 1.6077184304399535e-08
52250.056 2.6316090602705623e-08
52300.056 3.567131058299793e-08
52350.056 1.0847180240599274e-08
52400.056 1.1479515286089964e-08
52450.056 4.1507647322004465e-08
52500.056 3.224605206387174e-08
52550.056 3.6979683200997556e-08
52600.056 2.7682839572400933e-08
52650.056 3.3308449274702655e-08
52700.056 2.2414723023399226e-08
52750.056 8.97214143677742e-09
52800.056 1.627000383130275e-08
52850.056 1.9540330284094636e-08
52900.056 8.445932935199683e-09
52950.056 1.3914282609441834e-08
53000.056 2.5573210230003053e-08
53050.056 9.685038791417412e-09
53100.056 3.254778887899971e-08
53150.056 3.4708554814001945e-08
53200.056 1.4412065667239222e-08
53250.056 3.0217170320400866e-08
53300.056 3.6067326968721465e-08
53350.056 2.834201775770075e-08
53400.056 1.879057849299712e-08
53450.056 6.226281421067825e-09
53500.056 1.1825479467275372e-09
53550.056 3.129322045926023e-09
