galfind/configs/Brown_Dwarf_templates/sonora_bobcat/m0.0/316g/sp_t800g316nc_m0.0_resample.dat
# %ECSV 1.0
# ---
# datatype:
# - {name: wav, unit: Angstrom, datatype: float64}
# - {name: flux_nu, unit: erg / (cm2 Hz s), datatype: float64}
# meta: {C/O: '1.00', Kzz: '1.0000E+05', Teff: '800.', Y: '0.28', '[Fe/H]': '0.00', f_hole: '1.00', f_rain: '0.00', grav: '316.'}
# schema: astropy-2.0
wav flux_nu
4000.0559999999996 nan
4050.0559999999996 2.8767760267077177e-14
4100.056 2.9844444649399686e-12
4150.056 1.600021523150058e-11
4200.056 1.3776895538507808e-11
4250.056 4.413724873800081e-11
4300.056 6.660531239500285e-11
4350.056 7.922393104400125e-11
4400.056 1.0032571501800119e-10
4450.056 1.2479754926200124e-10
4500.056 1.2660666963200342e-10
4550.056 1.3180727986976666e-10
4600.056 8.312694603699967e-11
4650.056 6.080584271599893e-11
4700.056 3.9737427950999783e-11
4750.056 1.381721337509986e-11
4800.056 3.2236632409999557e-12
4850.056 7.886392546899905e-13
4900.056 3.015421091899976e-13
4950.056 1.3202194230099885e-13
5000.056 4.758162497399944e-14
5050.056 1.967869435199993e-14
5100.056 1.6521522696000032e-14
5150.056 1.531095777700004e-14
5200.056 1.4482620936000005e-14
5250.056 1.3754086860999996e-14
5300.056 1.3349869996999999e-14
5350.056 1.3334518877e-14
5400.056 1.3562342182000004e-14
5450.056 1.4009654365000032e-14
5500.056 1.4600508391000046e-14
5550.056 1.5262017069000015e-14
5600.056 1.5853851747000005e-14
5650.056 1.621856871799999e-14
5700.056 1.6121899896999997e-14
5750.056 1.5486880128999993e-14
5800.056 1.3797278914999964e-14
5850.056 9.765315490699887e-15
5900.056 3.251836751318184e-15
5950.056 1.9090531002100386e-14
6000.056 3.923106291200002e-14
6050.056 6.864783237700079e-14
6100.056 1.1156661865800095e-13
6150.056 1.7363356443000117e-13
6200.056 2.6445730383000156e-13
6250.056 3.9628799024000187e-13
6300.056 5.98401151340003e-13
6350.056 9.04638795940006e-13
6400.056 1.3689979808000103e-12
6450.056 2.0226976494999896e-12
6500.056 3.053457695300006e-12
6550.056 4.601194984000003e-12
6600.056 6.889854241400116e-12
6650.056 1.0205378235300074e-11
6700.056 1.3302703849540119e-11
6750.056 2.0688475840000113e-11
6800.056 2.7010735136000164e-11
6850.056 3.0800222490000035e-11
6900.056 2.88899317070002e-11
6950.056 2.505922639599987e-11
7000.056 2.501439512800012e-11
7050.056 2.6936326546999768e-11
7100.056 2.947073178899988e-11
7150.056 2.924625295289956e-11
7200.056 2.7941549622100236e-11
7250.056 2.6758088660198914e-11
7300.056 2.4110824615100504e-11
7350.056 2.200781169149964e-11
7400.056 1.9962228355000417e-11
7450.056 1.796083438600035e-11
7500.056 1.5801830908999913e-11
7550.056 1.3451495966999937e-11
7600.056 1.1162779735999935e-11
7650.056 3.5577496200368505e-12
7700.056 2.5600938280941087e-12
7750.056 1.1107909180900173e-11
7800.056 1.803090037662012e-11
7850.056 3.1822694700000176e-11
7900.056 4.835797376899995e-11
7950.056 5.941410983604063e-11
8000.056 1.0516304389300107e-10
8050.056 1.4890631336000215e-10
8100.056 1.920039850909985e-10
8150.056 2.47767894755e-10
8200.056 3.511415864550158e-10
8250.056 4.463073644099036e-10
8300.056 5.769063154380369e-10
8350.056 7.180131990909735e-10
8400.056 8.989137724699821e-10
8450.056 1.1446533541299856e-09
8500.056 1.2787637041439337e-09
8550.056 1.684940784130044e-09
8600.056 2.13210172940002e-09
8650.056 2.5559262010000265e-09
8700.056 3.006799057900018e-09
8750.056 3.548604883300025e-09
8800.056 4.102747468200049e-09
8850.056 4.490361166499981e-09
8900.056 3.902006390599824e-09
8950.056 3.732808497546065e-09
9000.056 4.5368381059594815e-09
9050.056 6.831722428723046e-09
9100.056 7.819152610555277e-09
9150.056 8.511248707780551e-09
9200.056 1.0164635142799261e-08
9250.056 1.0213437125143955e-08
9300.056 4.653638243191506e-09
9350.056 5.908146460198172e-09
9400.056 9.197453174703517e-09
9450.056 1.0188645421398835e-08
9500.056 9.790769869814129e-09
9550.056 1.092396566591628e-08
9600.056 1.1226515942530679e-08
9650.056 1.3340516455524217e-08
9700.056 1.7433818769481225e-08
9750.056 1.858595113383111e-08
9800.056 2.1141491250911866e-08
9850.056 2.4134512156959944e-08
9900.056 2.843050246339905e-08
9950.056 3.051010873980003e-08
10000.056 2.9141540983298823e-08
10050.056 3.8163786643000135e-08
10100.056 4.4264714285999346e-08
10150.056 4.937197057899841e-08
10200.056 5.488939778200097e-08
10250.056 6.154878273600104e-08
10300.056 7.0060667527998e-08
10350.056 7.666928224000117e-08
10400.056 8.638229756299978e-08
10450.056 9.390438642299644e-08
10500.056 1.0081049888099982e-07
10550.056 1.080453604200008e-07
10600.056 1.1362370059999813e-07
10650.056 1.197458904110028e-07
10700.056 1.230157450720029e-07
10750.056 1.2788784906000246e-07
10800.056 1.300506556450021e-07
10850.056 1.2762623963399913e-07
10900.056 1.0516610149699817e-07
10950.056 6.568090138990195e-08
11000.056 5.051452970662158e-08
11050.056 3.612145972517236e-08
11100.056 2.5978321978898304e-08
11150.056 1.6811366164875948e-08
11200.056 1.6929065073745573e-08
11250.056 2.1026154090057796e-08
11300.056 2.2456204826107824e-08
11350.056 1.0629086021750734e-08
11400.056 2.25831876225961e-08
11450.056 1.766707556285932e-08
11500.056 1.6884121848215024e-08
11550.056 8.532203127794521e-09
11600.056 8.695827066127058e-09
11650.056 1.4078525580525138e-08
11700.056 1.4719863973784977e-08
11750.056 6.8626763313162525e-09
11800.056 1.8825094696861098e-08
11850.056 2.9068056127517353e-08
11900.056 3.5400429443027143e-08
11950.056 4.99123336234341e-08
12000.056 6.448319239119974e-08
12050.056 8.240988478750993e-08
12100.056 1.0198838664369332e-07
12150.056 1.2520781706799392e-07
12200.056 1.4591374899399055e-07
12250.056 1.7163802201098643e-07
12300.056 2.0195131714701047e-07
12350.056 2.119633687270003e-07
12400.056 2.3717527565999293e-07
12450.056 2.4262842922200735e-07
12500.056 2.557056098400046e-07
12550.056 2.789609815450089e-07
12600.056 3.302238746200086e-07
12650.056 3.288885603099999e-07
12700.056 3.292647838150193e-07
12750.056 3.0613467745801213e-07
12800.056 2.945573486090019e-07
12850.056 2.4105361633421505e-07
12900.056 2.086500895952147e-07
12950.056 1.9610770721078782e-07
13000.056 1.913413341154981e-07
13050.056 1.6285751228360142e-07
13100.056 1.5236220499277243e-07
13150.056 1.2090735608683647e-07
13200.056 1.06759892386804e-07
13250.056 7.966943694064726e-08
13300.056 3.943622209278979e-08
13350.056 1.2816383027211723e-08
13400.056 6.821415811488815e-09
13450.056 3.516980922335001e-09
13500.056 2.0529367729283348e-09
13550.056 1.3020671913822946e-09
13600.056 6.666185086101075e-10
13650.056 2.0089754834095193e-09
13700.056 1.4157424442159907e-09
13750.056 1.96244069744371e-09
13800.056 2.2825975191887605e-09
13850.056 1.6103181937128164e-09
13900.056 1.7268536834251474e-09
13950.056 1.6136057200516772e-09
14000.056 1.6151693499794608e-09
14050.056 2.116312814186998e-09
14100.056 1.8234186693995345e-09
14150.056 2.7725099478613518e-09
14200.056 2.065901171552347e-09
14250.056 2.2781560018021787e-09
14300.056 4.2957909011410224e-09
14350.056 4.267599249074481e-09
14400.056 4.653613143335915e-09
14450.056 5.7384073461959575e-09
14500.056 1.0377985828509555e-08
14550.056 1.1399842980323604e-08
14600.056 1.5677827791618617e-08
14650.056 1.46020290893859e-08
14700.056 1.057665513385376e-08
14750.056 1.2239794656205923e-08
14800.056 1.6740329699020513e-08
14850.056 1.8095661998157766e-08
14900.056 1.9006343650227606e-08
14950.056 2.1471194367268695e-08
15000.056 2.798769833982202e-08
15050.056 3.070272011010568e-08
15100.056 3.225857182960017e-08
15150.056 3.4495230146213556e-08
15200.056 3.873964382342929e-08
15250.056 5.442727416632968e-08
15300.056 6.283743763785866e-08
15350.056 7.460492825899653e-08
15400.056 8.673485166911633e-08
15450.056 9.911537940675164e-08
15500.056 1.0746307293898627e-07
15550.056 1.2703280090900848e-07
15600.056 1.4059076402599926e-07
15650.056 1.5314753563400556e-07
15700.056 1.7619077895901778e-07
15750.056 1.8704300663499525e-07
15800.056 1.8942965504800767e-07
15850.056 1.9964695141700347e-07
15900.056 1.8476607077600428e-07
15950.056 1.715109736669868e-07
16000.056 1.4063335460400543e-07
16050.056 9.819022480999569e-08
16100.056 7.089670588149416e-08
16150.056 4.7449150901798536e-08
16200.056 3.1020942112551804e-08
16250.056 2.590096961472627e-08
16300.056 2.033181874076458e-08
16350.056 2.3399325559869847e-08
16400.056 2.8011505723520473e-08
16450.056 2.9530343201274732e-08
16500.056 3.179166809536682e-08
16550.056 3.092752990895189e-08
16600.056 3.3021875599672684e-08
16650.056 2.42703067641612e-08
16700.056 7.633080938230771e-09
16750.056 1.3587800511837034e-08
16800.056 2.2213132344281462e-08
16850.056 2.397969037925648e-08
16900.056 1.8499947494895152e-08
16950.056 1.443170903736779e-08
17000.056 1.0464018257673273e-08
17050.056 1.684659004095241e-08
17100.056 2.2190497093181448e-08
17150.056 1.644432792426331e-08
17200.056 2.8004343430486765e-08
17250.056 2.2564064790283404e-08
17300.056 1.730636913215197e-08
17350.056 1.611899705263488e-08
17400.056 1.9307999680009054e-08
17450.056 2.1999427300704867e-08
17500.056 2.5557370843749706e-08
17550.056 2.3041956983898795e-08
17600.056 1.9664294247998202e-08
17650.056 1.896832039526366e-08
17700.056 1.4576650923799366e-08
17750.056 1.3314504498076437e-08
17800.056 1.9610436037466403e-08
17850.056 1.2594921398858697e-08
17900.056 1.1703255758615659e-08
17950.056 9.268274041153927e-09
18000.056 1.1715726889779417e-08
18050.056 9.86402979000982e-09
18100.056 1.1050669997239635e-08
18150.056 1.3205258103624429e-08
18200.056 8.251707132060782e-09
18250.056 1.889407639105794e-08
18300.056 9.921702348186732e-09
18350.056 8.412803844500852e-09
18400.056 7.693979436077536e-09
18450.056 1.1917187645526714e-08
18500.056 1.2370024127098265e-08
18550.056 9.263148435495782e-09
18600.056 8.355167710327452e-09
18650.056 7.48915345952938e-09
18700.056 5.85712176841025e-09
18750.056 9.105856493491329e-09
18800.056 1.8231014111385426e-08
18850.056 1.9880163882013332e-08
18900.056 1.7943283794151716e-08
18950.056 2.892645775801641e-08
19000.056 1.696195349356646e-08
19050.056 1.2008371825022189e-08
19100.056 2.0939750250399004e-08
19150.056 1.3468933706717436e-08
19200.056 1.804315959714725e-08
19250.056 1.2712851863745084e-08
19300.056 1.0882109312020371e-08
19350.056 9.478454853876206e-09
19400.056 7.174519555389726e-09
19450.056 1.2524702542884106e-08
19500.056 1.196809521727242e-08
19550.056 9.634467961448946e-09
19600.056 1.3658071930869643e-08
19650.056 1.523739605954602e-08
19700.056 1.5450401282462828e-08
19750.056 1.9464431111365854e-08
19800.056 1.8496003743076716e-08
19850.056 2.451017135296082e-08
19900.056 2.1299917107297864e-08
19950.056 3.2159787262236086e-08
20000.056 3.169752573166834e-08
20050.056 3.3341369470800416e-08
20100.056 4.214002704468373e-08
20150.056 3.59894188626175e-08
20200.056 3.811332602359186e-08
20250.056 4.897857315914263e-08
20300.056 5.052258004367791e-08
20350.056 5.587446909923137e-08
20400.056 5.396664721961779e-08
20450.056 6.784544498282147e-08
20500.056 7.487365083377416e-08
20550.056 7.563646144791071e-08
20600.056 8.416139083901783e-08
20650.056 8.835686541400284e-08
20700.056 9.172181526381078e-08
20750.056 9.595756527189252e-08
20800.056 9.802813598218604e-08
20850.056 9.825309103899986e-08
20900.056 1.024297530029826e-07
20950.056 9.876823417000395e-08
21000.056 9.627455080400946e-08
21050.056 9.554897243099277e-08
21100.056 9.100607729100437e-08
21150.056 9.122189242398406e-08
21200.056 8.481614323110501e-08
21250.056 8.022486074338474e-08
21300.056 7.010897574309635e-08
21350.056 6.94162511652849e-08
21400.056 6.573880798331444e-08
21450.056 5.947807441986831e-08
21500.056 5.451935862421883e-08
21550.056 4.981313195529355e-08
21600.056 4.408189369099927e-08
21650.056 3.734775726402211e-08
21700.056 3.712655363590154e-08
21750.056 3.23696859264245e-08
21800.056 2.6833983259913197e-08
21850.056 2.4071288246727794e-08
21900.056 1.7958823962228275e-08
21950.056 1.077229554366761e-08
22000.056 4.179545254699944e-09
22050.056 3.4515571146426014e-09
22100.056 7.004128458182279e-09
22150.056 8.293436493327368e-09
22200.056 9.273049937655767e-09
22250.056 7.904922245874767e-09
22300.056 5.873900855368287e-09
22350.056 6.117279452777839e-09
22400.056 3.99073516670543e-09
22450.056 3.9691463477782675e-09
22500.056 3.6668327213756845e-09
22550.056 2.9145772440476067e-09
22600.056 2.8861092942041277e-09
22650.056 3.5550241395650757e-09
22700.056 2.9137634565364155e-09
22750.056 3.0645003425037067e-09
22800.056 3.0293432316158443e-09
22850.056 2.5826305282141037e-09
22900.056 2.2467118535175448e-09
22950.056 2.1033292573243e-09
23000.056 2.711487686567247e-09
23050.056 3.46394839307728e-09
23100.056 7.48770009713836e-09
23150.056 7.50725730923713e-09
23200.056 1.3976524864584431e-09
23250.056 2.3907133509443852e-09
23300.056 2.1622698264452634e-09
23350.056 2.3300866949275233e-09
23400.056 2.440624113647211e-09
23450.056 2.1387070183854397e-09
23500.056 2.373506403127787e-09
23550.056 3.177772198581841e-09
23600.056 3.917498235245748e-09
23650.056 5.311840702510715e-09
23700.056 2.530942572676512e-09
23750.056 2.183308175895032e-09
23800.056 3.3753993740612625e-09
23850.056 3.4361108154750106e-09
23900.056 5.614335653213373e-09
23950.056 5.260308127712693e-09
24000.056 6.771070255212996e-09
24050.056 7.907747980635978e-09
24100.056 7.380410306167706e-09
24150.056 9.176231099070783e-09
24200.056 8.280774224377951e-09
24250.056 7.142189302827302e-09
24300.056 9.524050046010359e-09
24350.056 8.096505761256937e-09
24400.056 1.1807698933659773e-08
24450.056 1.153279903903208e-08
24500.056 1.1460552838774816e-08
24550.056 1.4436804306084493e-08
24600.056 1.4603215967484817e-08
24650.056 1.898239479282879e-08
24700.056 1.309461890642722e-08
24750.056 1.5039493643942976e-08
24800.056 1.4828678821187141e-08
24850.056 2.126815843429202e-08
24900.056 1.1623479832208372e-08
24950.056 2.077095173994441e-08
25000.056 1.8385686337752766e-08
25050.056 1.2624806873057896e-08
25100.056 1.8168434152042725e-08
25150.056 1.1612893893352812e-08
25200.056 1.5438491536948823e-08
25250.056 9.212759852078731e-09
25300.056 1.3627224936868195e-08
25350.056 7.76151691932968e-09
25400.056 1.4843793909184505e-08
25450.056 7.547678762899926e-09
25500.056 7.497378161854562e-09
25550.056 9.387656297796575e-09
25600.056 7.665285585476956e-09
25650.056 5.060989251319274e-09
25700.056 9.367447674440492e-09
25750.056 3.890293340217611e-09
25800.056 1.063048479208403e-08
25850.056 4.2856600239620445e-09
25900.056 6.147448630189907e-09
25950.056 3.1023105605491183e-09
26000.056 1.0763667804322846e-08
26050.056 4.845343302009778e-09
26100.056 1.014070674525696e-08
26150.056 7.16310187617833e-09
26200.056 8.143069072790528e-09
26250.056 1.67766061398155e-08
26300.056 9.239326879774818e-09
26350.056 2.0267134937809923e-08
26400.056 2.0290539429223323e-08
26450.056 1.9998236373792285e-08
26500.056 2.443674055710229e-08
26550.056 1.0709826111946555e-08
26600.056 1.5010415436107476e-08
26650.056 5.7529677844857445e-09
26700.056 5.10164531753699e-09
26750.056 3.723055136803966e-09
26800.056 6.774696697920442e-09
26850.056 3.885265914631844e-09
26900.056 1.0176783166084234e-08
26950.056 4.958867492104252e-09
27000.056 1.4226977838330066e-08
27050.056 1.195589347562428e-08
27100.056 6.862348271391869e-09
27150.056 1.6915020452303417e-08
27200.056 7.269821148847726e-09
27250.056 1.0748818730828912e-08
27300.056 2.8139932597537947e-08
27350.056 1.8220852403103036e-08
27400.056 4.069501066532411e-09
27450.056 2.201974003915796e-08
27500.056 2.2646010756070893e-08
27550.056 8.293232189078638e-09
27600.056 1.611238075735962e-08
27650.056 7.266700032733287e-09
27700.056 5.812992475005918e-09
27750.056 1.7849981087960912e-08
27800.056 7.447360393054541e-09
27850.056 9.696193822605596e-09
27900.056 1.0243727615528565e-08
27950.056 1.9440588735496164e-08
28000.056 1.5189813338276338e-08
28050.056 4.70296803158126e-09
28100.056 1.801675746515899e-08
28150.056 1.2008104426067572e-08
28200.056 5.875135838676267e-09
28250.056 1.9709791109033895e-08
28300.056 2.239474249268632e-08
28350.056 7.755893246968401e-09
28400.056 1.5342552188344972e-08
28450.056 2.1582260362586847e-08
28500.056 1.5886018852138614e-08
28550.056 5.9370580734820975e-09
28600.056 2.3731608400405154e-08
28650.056 1.8850110770350673e-08
28700.056 1.8464517825728615e-08
28750.056 2.6998498098088673e-08
28800.056 1.978997044921831e-08
