galfind/configs/Brown_Dwarf_templates/sonora_bobcat/m0.0/316g/sp_t800g316nc_m0.0_resample.dat
# %ECSV 1.0
# ---
# datatype:
# - {name: wav, unit: Angstrom, datatype: float64}
# - {name: flux_nu, unit: erg / (cm2 Hz s), datatype: float64}
# meta: {C/O: '1.00', Kzz: '1.0000E+05', Teff: '800.', Y: '0.28', '[Fe/H]': '0.00', f_hole: '1.00', f_rain: '0.00', grav: '316.'}
# schema: astropy-2.0
wav flux_nu
[from data line 498]
28900.056 1.3299025842471144e-08
28950.056 2.7308038729127378e-08
29000.056 2.246093251662897e-08
29050.056 2.6463732289558377e-08
29100.056 1.8312395397491815e-08
29150.056 3.2375221537816414e-08
29200.056 2.352025829832292e-08
29250.056 3.443517511542457e-08
29300.056 1.7939438425562932e-08
29350.056 5.2878591125634486e-08
29400.056 2.6021223192896004e-08
29450.056 2.8327553788897827e-08
29500.056 3.5073824752317945e-08
29550.056 2.80316876829722e-08
29600.056 3.4309362394063546e-08
29650.056 4.065385886109854e-08
29700.056 2.6388967057050897e-08
29750.056 4.007254366894666e-08
29800.056 4.0103146674389e-08
29850.056 4.4788022061652263e-08
29900.056 4.1669925561647173e-08
29950.056 3.905959318539119e-08
30000.056 8.775924726994721e-09
30050.056 1.5013087156270996e-08
30100.056 1.8993058508208597e-08
30150.056 3.78924495670969e-08
30200.056 3.198229363146206e-08
30250.056 5.522162578859438e-08
30300.056 5.093159826460483e-08
30350.056 3.8129571534755276e-08
30400.056 5.605467874998065e-08
30450.056 3.708789788372575e-08
30500.056 3.496792545402406e-08
30550.056 3.485114649249217e-08
30600.056 4.966966005310251e-08
30650.056 3.477618417877804e-08
30700.056 3.141119184471085e-08
30750.056 3.886895801876379e-08
30800.056 3.205518394490686e-08
30850.056 3.061758399022894e-08
30900.056 2.336882108581126e-08
30950.056 2.413429702560487e-08
31000.056 2.2221802989893814e-08
31050.056 2.2892586751978985e-08
31100.056 1.6520523649803228e-08
31150.056 2.3329422043438628e-08
31200.056 2.706234767200642e-08
31250.056 1.866472099302825e-08
31300.056 1.6051355531848973e-08
31350.056 1.8616699904278105e-08
31400.056 1.4120528519108944e-08
31450.056 1.6053960075595907e-08
31500.056 1.071259753407301e-08
31550.056 1.3172765601652041e-08
31600.056 9.775341411431554e-09
31650.056 8.989465898096283e-09
31700.056 9.684594148720045e-09
31750.056 6.8246051014754335e-09
31800.056 1.0417964589859811e-08
31850.056 5.96164742324726e-09
31900.056 8.445314874140359e-09
31950.056 5.270213905704591e-09
32000.056 6.990176450833366e-09
32050.056 7.540695702049562e-09
32100.056 6.9233910964955335e-09
32150.056 8.298820847819478e-09
32200.056 6.040763439776738e-09
32250.056 9.944582627602688e-09
32300.056 5.660783183942434e-09
32350.056 1.0260984201459515e-08
32400.056 5.641860661378367e-09
32450.056 9.238871449007652e-09
32500.056 7.388699621295816e-09
32550.056 8.181306923809384e-09
32600.056 9.300239329368158e-09
32650.056 1.3867552535006136e-08
32700.056 1.1218292445823388e-08
32750.056 1.6076789785292823e-08
32800.056 1.491958979673118e-08
32850.056 1.7968732673598194e-08
32900.056 1.9061085069486892e-08
32950.056 2.0238410375279222e-08
33000.056 1.587671922997355e-08
33050.056 1.6054588579446244e-08
33100.056 7.11548665514701e-09
33150.056 6.828393877540495e-10
33200.056 1.0241622688903172e-09
33250.056 7.009122358598445e-10
33300.056 1.1818884652662922e-09
33350.056 2.551617430740014e-09
33400.056 4.374878577178432e-09
33450.056 6.070517407068171e-09
33500.056 1.1170619825206623e-08
33550.056 7.934646771471285e-09
33600.056 1.3686416370598834e-08
33650.056 1.3881412432989845e-08
33700.056 1.0391799036529476e-08
33750.056 1.740495050619435e-08
33800.056 9.737681607815687e-09
33850.056 1.4078222280449773e-08
33900.056 1.144084346811992e-08
33950.056 1.1738232487790235e-08
34000.056 1.632485013760597e-08
34050.056 7.314591343840187e-09
34100.056 1.5440022678082904e-08
34150.056 1.0328428000618831e-08
34200.056 1.3641034369873474e-08
34250.056 1.2683335802334345e-08
34300.056 1.0521672643658356e-08
34350.056 1.16312910089604e-08
34400.056 8.457673132641916e-09
34450.056 1.406058767733348e-08
34500.056 1.1790089367692284e-08
34550.056 7.813078672468293e-09
34600.056 1.7251400004600314e-08
34650.056 9.24049846577071e-09
34700.056 1.4242350460389663e-08
34750.056 1.3014282143344865e-08
34800.056 1.0579274085087257e-08
34850.056 1.5806439141652963e-08
34900.056 1.3460422301141896e-08
34950.056 1.610231474269631e-08
35000.056 2.563936831800377e-08
35050.056 1.4081029610454258e-08
35100.056 2.1709195707462483e-08
35150.056 2.0842450051305874e-08
35200.056 2.0175368814638836e-08
35250.056 2.8901556655309396e-08
35300.056 1.904137635898348e-08
35350.056 2.1237571628643634e-08
35400.056 2.3910106543396565e-08
35450.056 1.6102750567619544e-08
35500.056 3.479761139673505e-08
35550.056 2.9221260686996313e-08
35600.056 2.6832871757614456e-08
35650.056 3.020467213421172e-08
35700.056 2.6481428816182854e-08
35750.056 3.618762965899697e-08
35800.056 4.384728880224192e-08
35850.056 2.5464195948428182e-08
35900.056 3.577401102765675e-08
35950.056 3.6124677159791674e-08
36000.056 3.549727111290526e-08
36050.056 3.3057004315788875e-08
36100.056 3.297655183776127e-08
36150.056 3.9746696650090323e-08
36200.056 4.4322603897388694e-08
36250.056 3.8026180438400964e-08
36300.056 5.1902821211412334e-08
36350.056 4.5846224546706534e-08
36400.056 4.932486060719047e-08
36450.056 5.418058045932271e-08
36500.056 5.808207426644306e-08
36550.056 6.41188280075185e-08
36600.056 7.397413552698929e-08
36650.056 6.634341019364812e-08
36700.056 6.907914010576328e-08
36750.056 7.883299042303035e-08
36800.056 8.026432958999802e-08
36850.056 6.942790551368802e-08
36900.056 8.071589263329289e-08
36950.056 8.852516439198442e-08
37000.056 7.892928228918997e-08
37050.056 8.787058612199945e-08
37100.056 8.590613150090094e-08
37150.056 7.988945474140014e-08
37200.056 9.886390738198956e-08
37250.056 8.808704188518118e-08
37300.056 7.857363832914542e-08
37350.056 9.156112484921585e-08
37400.056 1.250242208471975e-07
37450.056 8.88730179593737e-08
37500.056 9.198862729009318e-08
37550.056 1.209964660480606e-07
37600.056 1.3978919207101703e-07
37650.056 8.882122783530848e-08
37700.056 1.3216339047541186e-07
37750.056 1.0002909818790903e-07
37800.056 1.0922480523014692e-07
37850.056 7.8816228375005e-08
37900.056 9.133866632022719e-08
37950.056 1.1527068758728093e-07
38000.056 1.2933697217259458e-07
38050.056 1.3234300571083447e-07
38100.056 1.417671113578152e-07
38150.056 1.516601186609972e-07
38200.056 1.54804538272023e-07
38250.056 1.427595629410122e-07
38300.056 1.8868649047996402e-07
38350.056 1.9055451634403402e-07
38400.056 1.2639679464434756e-07
38450.056 1.2339572715155248e-07
38500.056 9.190507159701795e-08
38550.056 1.442571800500408e-07
38600.056 1.4288215644098603e-07
38650.056 1.513381038699767e-07
38700.056 1.5954989417299855e-07
38750.056 1.6233562827800633e-07
38800.056 1.4625363605194799e-07
38850.056 1.5679740371101894e-07
38900.056 1.931853640249893e-07
38950.056 1.5245162488598993e-07
39000.056 1.774730166279823e-07
39050.056 1.6289649053002391e-07
39100.056 1.727680921469953e-07
39150.056 1.8749854816199792e-07
39200.056 1.7396824935538254e-07
39250.056 2.0644124133598654e-07
39300.056 1.7828746804495573e-07
39350.056 2.2761711603101617e-07
39400.056 1.9034719496174907e-07
39450.056 2.0619938553488841e-07
39500.056 2.1004971687102503e-07
39550.056 1.9031824892325887e-07
39600.056 2.1958905280096253e-07
39650.056 2.456065480989829e-07
39700.056 2.2911844499002346e-07
39750.056 1.8243591107015762e-07
39800.056 2.0860613792997894e-07
39850.056 2.6936821826000786e-07
39900.056 2.660110453900043e-07
39950.056 2.3022891487896807e-07
40000.056 2.843391493160313e-07
40050.056 2.6150303658700363e-07
40100.056 2.0473478802261272e-07
40150.056 2.69916806984002e-07
40200.056 2.7666336330992974e-07
40250.056 2.793582597499253e-07
40300.056 2.775301389640333e-07
40350.056 2.582340857429705e-07
40400.056 3.0878649476901437e-07
40450.056 2.517176727376003e-07
40500.056 3.100297768349881e-07
40550.056 3.2008614469793804e-07
40600.056 2.9819880069002814e-07
40650.056 2.75146946031541e-07
40700.056 3.762132001949853e-07
40750.056 2.952183417099447e-07
40800.056 2.420680631518986e-07
40850.056 3.774686757000668e-07
40900.056 3.555643005200062e-07
40950.056 3.1376574787901835e-07
41000.056 3.146988341329884e-07
41050.056 3.9026026903994774e-07
41100.056 3.346800378579814e-07
41150.056 2.4542307325997687e-07
41200.056 3.765405206199991e-07
41250.056 3.327218877719802e-07
41300.056 3.038091067399543e-07
41350.056 3.950149855700166e-07
41400.056 3.534732248340398e-07
41450.056 3.8446015364000053e-07
41500.056 3.037849731952859e-07
41550.056 2.967733041670681e-07
41600.056 3.5193057790664647e-07
41650.056 3.6790782735502044e-07
41700.056 3.418606412499248e-07
41750.056 3.4023145693997365e-07
41800.056 4.064375657000276e-07
41850.056 2.8483757572098576e-07
41900.056 3.33487679504932e-07
41950.056 3.52122271065051e-07
42000.056 3.291868628879157e-07
42050.056 2.8905951729601977e-07
42100.056 4.066977467299902e-07
42150.056 2.955808762040172e-07
42200.056 2.9069546021299747e-07
42250.056 3.1369983150797723e-07
42300.056 2.964699400599949e-07
42350.056 3.5787391875005004e-07
42400.056 3.547369023400505e-07
42450.056 3.0473622230404954e-07
42500.056 3.063498637829931e-07
42550.056 2.8612985889797546e-07
42600.056 3.191442269860675e-07
42650.056 4.0775181435989016e-07
42700.056 3.1473781264993714e-07
42750.056 2.9518242784902627e-07
42800.056 3.418147576820388e-07
42850.056 3.797770740898973e-07
42900.056 4.064453954720704e-07
42950.056 3.12324967483923e-07
43000.056 3.603803412800249e-07
43050.056 2.3445091080507936e-07
43100.056 3.202108407899573e-07
43150.056 2.9081942478402845e-07
43200.056 3.444506109700097e-07
43250.056 4.402249477000311e-07
43300.056 4.2700843250001815e-07
43350.056 2.66007311737929e-07
43400.056 3.394517676209942e-07
43450.056 2.816682274260467e-07
43500.056 2.9547159072002034e-07
43550.056 3.032028486110348e-07
43600.056 3.9238151704003985e-07
43650.056 2.7753951003400854e-07
43700.056 4.154799683000422e-07
43750.056 3.681562483280369e-07
43800.056 3.448811189519623e-07
43850.056 3.072319995040521e-07
43900.056 3.235741871559682e-07
43950.056 2.3318980114897105e-07
44000.056 2.1638274184200157e-07
44050.056 3.693741467150082e-07
44100.056 4.5019765568002464e-07
44150.056 4.359425932139732e-07
44200.056 3.7708330523599975e-07
44250.056 2.7268841112700464e-07
44300.056 2.3749600383304135e-07
44350.056 2.712463406020642e-07
44400.056 2.5896768698098604e-07
44450.056 3.3948257752598353e-07
44500.056 3.3172372232807154e-07
44550.056 4.138659480599603e-07
44600.056 3.621583513510237e-07
44650.056 3.5883492623803677e-07
44700.056 2.6507425880198945e-07
44750.056 3.4060593831805077e-07
44800.056 3.003755013460309e-07
44850.056 3.737010255800457e-07
44900.056 2.9559605649802113e-07
44950.056 3.2710029099001375e-07
45000.056 3.5311217423999997e-07
45050.056 3.438001381739808e-07
45100.056 3.4335969916300794e-07
45150.056 3.3850839386696906e-07
45200.056 2.7215166937002267e-07
45250.056 3.035067471999232e-07
45300.056 2.7532153938503707e-07
45350.056 2.750144413979991e-07
45400.056 4.0116821019003603e-07
45450.056 3.6372700495999885e-07
45500.056 3.756201968700152e-07
45550.056 4.1954751110990855e-07
45600.056 4.0829608999004586e-07
45650.056 3.3628145623597055e-07
45700.056 2.844363891600095e-07
45750.056 2.71523165689002e-07
45800.056 4.1580230033001175e-07
45850.056 4.130165463499899e-07
45900.056 4.3709956723001194e-07
45950.056 3.5125768154599023e-07
46000.056 4.16387214000033e-07
46050.056 3.4847881707101165e-07
46100.056 4.2958968850997075e-07
46150.056 3.2395831031298964e-07
46200.056 3.1036988128200663e-07
46250.056 2.0038584338717e-07
46300.056 3.490719756439992e-07
46350.056 3.4087298136002883e-07
46400.056 3.3232140461001175e-07
46450.056 3.0569649826702877e-07
46500.056 3.267171995200686e-07
46550.056 2.4673141637300423e-07
46600.056 3.123219377119756e-07
46650.056 4.3957376860100717e-07
46700.056 3.1773149175996043e-07
46750.056 2.277107870392179e-07
46800.056 1.8043601799701286e-07
46850.056 4.286958917200631e-07
46900.056 3.929825283899749e-07
46950.056 3.8550129538997714e-07
47000.056 3.561048738200506e-07
47050.056 3.265397197088905e-07
47100.056 2.323921118500277e-07
47150.056 3.0406383991604743e-07
47200.056 3.638647455500024e-07
47250.056 2.611371285619737e-07
47300.056 1.966110802150142e-07
47350.056 3.977417033599819e-07
47400.056 3.624742952999681e-07
47450.056 3.426278499300434e-07
47500.056 3.9714144325996136e-07
47550.056 3.5166070727800816e-07
47600.056 3.563400231549742e-07
47650.056 3.231563815315549e-07
47700.056 3.1305464124978643e-07
47750.056 2.3669733495000662e-07
47800.056 2.4071333753001353e-07
47850.056 1.7327231902801306e-07
47900.056 2.2342100134096973e-07
47950.056 3.1559985002801517e-07
48000.056 4.177306214600421e-07
48050.056 3.6736583681399265e-07
48100.056 2.1518855003501347e-07
48150.056 2.961156190780138e-07
48200.056 2.6106498474599913e-07
48250.056 2.761473151060103e-07
48300.056 3.927251382399384e-07
48350.056 2.522465301170041e-07
48400.056 1.4460166086827256e-07
48450.056 2.470685948502558e-07
48500.056 3.1891817316994937e-07
48550.056 2.867771890880123e-07
48600.056 3.1105051357000635e-07
48650.056 3.4756795829998205e-07
48700.056 2.8973486187301017e-07
48750.056 1.8954376861008334e-07
48800.056 3.658876134170075e-07
48850.056 2.34194065279955e-07
48900.056 3.4824185650398737e-07
48950.056 2.3371278830001634e-07
49000.056 1.4361631755098595e-07
49050.056 2.9956082778196414e-07
49100.056 3.2382859909605196e-07
49150.056 2.6645241384221145e-07
49200.056 3.5175932957004907e-07
49250.056 3.3676847149004035e-07
49300.056 2.9459993042799147e-07
49350.056 1.7612788009303086e-07
49400.056 2.402446053349583e-07
49450.056 2.5045952249607294e-07
49500.056 2.0586790310398364e-07
49550.056 1.0602305448800766e-07
49600.056 1.8444185140503495e-07
49650.056 2.3594470832898388e-07
49700.056 2.3481713316193484e-07
49750.056 2.8803613413496505e-07
49800.056 2.2458527225580432e-07
49850.056 3.3147541857005895e-07
49900.056 2.7118481617298226e-07
49950.056 2.553377770149936e-07
50000.056 2.3856553435897785e-07
50050.056 2.878908546249905e-07
50100.056 2.3463646845000075e-07
50150.056 1.5506073402498229e-07
50200.056 7.336971999861573e-08
50250.056 2.0718757685898242e-07
50300.056 1.6322793535401577e-07
50350.056 2.799910282700307e-07
50400.056 2.5263313870398365e-07
50450.056 1.968876708262082e-07
50500.056 2.720314832960277e-07
50550.056 2.487218624180149e-07
50600.056 1.9926467199495275e-07
50650.056 2.776820734350495e-07
50700.056 2.974904225399345e-07
50750.056 2.242155280670294e-07
50800.056 1.3120425783718187e-07
50850.056 1.1662076042603583e-07
50900.056 2.815620877159948e-07
50950.056 2.1983951302401362e-07
51000.056 2.2888098792151534e-07
51050.056 2.367153341489848e-07
51100.056 1.2387805714968312e-07
51150.056 1.697864157388014e-07
51200.056 3.179160383399778e-07
51250.056 2.0894549794696941e-07
51300.056 1.6279644268105757e-07
51350.056 1.8325493492198357e-07
51400.056 1.0690699376500432e-07
51450.056 8.938518062337774e-08
51500.056 9.344874256562994e-08
51550.056 2.0998194472121617e-07
51600.056 1.528076395090218e-07
51650.056 1.6525570153397294e-07
51700.056 1.8903011275448192e-07
51750.056 1.3507537252351174e-07
51800.056 2.061906452239547e-07
51850.056 1.8195232957198922e-07
51900.056 2.6381864502401963e-07
51950.056 1.9290212372298295e-07
52000.056 6.448368475568607e-08
52050.056 1.3608206111701556e-07
52100.056 1.0391215118699342e-07
52150.056 8.548281962940864e-08
52200.056 1.0940173798849934e-07
52250.056 1.4551110369302186e-07
52300.056 2.192745745899907e-07
52350.056 1.338973785624823e-07
52400.056 1.0557235906600939e-07
52450.056 1.989281356650143e-07
52500.056 1.922198572219509e-07
52550.056 1.8506091672597307e-07
52600.056 1.5180521256600997e-07
52650.056 1.6174332468102535e-07
52700.056 1.3615214248199804e-07
52750.056 9.014142774679603e-08
52800.056 1.1710790746301526e-07
52850.056 1.2947037117196212e-07
52900.056 1.0793589604565766e-07
52950.056 1.232425708160056e-07
53000.056 1.7070206394101025e-07
53050.056 9.165920320937573e-08
53100.056 1.5054556513297775e-07
53150.056 2.0076698361602237e-07
53200.056 9.188610354309369e-08
53250.056 1.754723833080127e-07
53300.056 1.9357939444479465e-07
53350.056 1.745966695619978e-07
53400.056 1.532228286249987e-07
53450.056 8.492524482648517e-08
