galfind/configs/Brown_Dwarf_templates/sonora_bobcat/m0.0/316g/sp_t1300g316nc_m0.0_resample.dat
# %ECSV 1.0
# ---
# datatype:
# - {name: wav, unit: Angstrom, datatype: float64}
# - {name: flux_nu, unit: erg / (cm2 Hz s), datatype: float64}
# meta: {C/O: '1.00', Kzz: '1.0000E+05', Teff: '1300.', Y: '0.28', '[Fe/H]': '0.00', f_hole: '1.00', f_rain: '0.00', grav: '316.'}
# schema: astropy-2.0
wav flux_nu
[from data line 499]
28950.056 4.441024307689878e-07
29000.056 3.6700838270591584e-07
29050.056 3.9426960205598383e-07
29100.056 3.068150930370617e-07
29150.056 4.4514448282108333e-07
29200.056 3.5890413182904294e-07
29250.056 4.37310384275003e-07
29300.056 3.2601409775787884e-07
29350.056 5.464675004989029e-07
29400.056 3.9594829025694034e-07
29450.056 4.170928731429786e-07
29500.056 4.2919274709795397e-07
29550.056 4.164564281050053e-07
29600.056 4.6454096272085654e-07
29650.056 4.3452099984295356e-07
29700.056 3.855007681878899e-07
29750.056 4.696272921431328e-07
29800.056 4.913181676409283e-07
29850.056 4.7190389781992925e-07
29900.056 4.465267151302012e-07
29950.056 5.026036058509035e-07
30000.056 4.794014194909373e-07
30050.056 4.4271110900998337e-07
30100.056 4.063576460078708e-07
30150.056 5.445751617099806e-07
30200.056 4.5402928284000304e-07
30250.056 5.116544952550891e-07
30300.056 4.5246909880998773e-07
30350.056 4.3508912830603314e-07
30400.056 4.903582086220118e-07
30450.056 3.9816204621007007e-07
30500.056 3.4351179771703583e-07
30550.056 3.725462983260346e-07
30600.056 3.872892955529973e-07
30650.056 3.5583022351994344e-07
30700.056 3.395148027279754e-07
30750.056 3.208019637419702e-07
30800.056 3.035024841210629e-07
30850.056 2.706100432089349e-07
30900.056 2.7850144872595003e-07
30950.056 2.4495063840104905e-07
31000.056 2.3105139897600444e-07
31050.056 2.5355693125001627e-07
31100.056 2.0513610817898498e-07
31150.056 2.1938352622998745e-07
31200.056 2.3539754694002345e-07
31250.056 1.9138648463497785e-07
31300.056 1.93312305318979e-07
31350.056 1.8166608792700461e-07
31400.056 1.6342871376801496e-07
31450.056 1.6598902589997608e-07
31500.056 1.523591703489662e-07
31550.056 1.5841067533199564e-07
31600.056 1.4128551108199555e-07
31650.056 1.3405348523900266e-07
31700.056 1.3708751546897952e-07
31750.056 1.2275962936604018e-07
31800.056 1.4240061801297564e-07
31850.056 1.2659745380201752e-07
31900.056 1.4346767582800103e-07
31950.056 1.1091867160601114e-07
32000.056 1.3052636972997832e-07
32050.056 1.3556151228300698e-07
32100.056 1.3523979559201519e-07
32150.056 1.4147549921998375e-07
32200.056 1.274489083129976e-07
32250.056 1.5479112951501498e-07
32300.056 1.2689635620799288e-07
32350.056 1.6135038447398793e-07
32400.056 1.2719096704599447e-07
32450.056 1.5932704989694574e-07
32500.056 1.566821607240252e-07
32550.056 1.5487293315199147e-07
32600.056 1.6378285166499632e-07
32650.056 1.984715609509815e-07
32700.056 1.8750774400202654e-07
32750.056 1.9932764919900684e-07
32800.056 1.9416309267101673e-07
32850.056 2.043604126399707e-07
32900.056 2.2347015312699205e-07
32950.056 2.2065209190298283e-07
33000.056 2.0158495193595393e-07
33050.056 1.8343876485404526e-07
33100.056 1.4173435087298912e-07
33150.056 9.159970169500783e-08
33200.056 7.271851081998369e-08
33250.056 5.530770835398534e-08
33300.056 5.4314906708009195e-08
33350.056 6.612872634800123e-08
33400.056 7.807792231998684e-08
33450.056 9.131924740799751e-08
33500.056 1.1488031490502223e-07
33550.056 1.2314146710402502e-07
33600.056 1.5147063552499033e-07
33650.056 1.6762769732600584e-07
33700.056 1.5744369658397744e-07
33750.056 1.9624208832000062e-07
33800.056 1.8738839128399225e-07
33850.056 2.0671327197897922e-07
33900.056 1.82331686742993e-07
33950.056 1.8239563846498758e-07
34000.056 2.0364202380101526e-07
34050.056 1.663172898959615e-07
34100.056 2.0731768256997547e-07
34150.056 1.8605789130398e-07
34200.056 1.7117476486294972e-07
34250.056 1.8747272795894023e-07
34300.056 1.677011087749142e-07
34350.056 1.5712652390299884e-07
34400.056 1.5305231603299794e-07
34450.056 1.80871100508982e-07
34500.056 1.757595964109942e-07
34550.056 1.6297080747499903e-07
34600.056 1.984881555789996e-07
34650.056 1.7962254509698208e-07
34700.056 1.8103594195598656e-07
34750.056 1.920733224629785e-07
34800.056 1.8113592226997248e-07
34850.056 1.7846173770701882e-07
34900.056 2.0044272128897438e-07
34950.056 1.9229833927196402e-07
35000.056 2.3673117915503566e-07
35050.056 1.8822345840998083e-07
35100.056 2.0731459826699495e-07
35150.056 2.1421442660900512e-07
35200.056 2.213994159120096e-07
35250.056 2.4511349252396216e-07
35300.056 2.2120460018703107e-07
35350.056 2.1269357481495878e-07
35400.056 2.2988058489304777e-07
35450.056 1.8423558292506726e-07
35500.056 2.5906922065001693e-07
35550.056 2.5656059230097986e-07
35600.056 2.3767187368905596e-07
35650.056 2.626702398530055e-07
35700.056 2.406713986739995e-07
35750.056 2.660128172599634e-07
35800.056 3.302223322000126e-07
35850.056 2.5524994123998737e-07
35900.056 3.126895216449841e-07
35950.056 2.9997374271498086e-07
36000.056 3.0363189229003664e-07
36050.056 3.096704450699806e-07
36100.056 3.163703327418328e-07
36150.056 3.238406759869944e-07
36200.056 3.5427219429997325e-07
36250.056 3.3741924521995066e-07
36300.056 3.657773255300203e-07
36350.056 3.6030243290997475e-07
36400.056 3.638546188700048e-07
36450.056 4.0201616849599784e-07
36500.056 4.040804683979643e-07
36550.056 4.3051353046010565e-07
36600.056 4.543820619800166e-07
36650.056 4.514225956199194e-07
36700.056 4.817256768499769e-07
36750.056 5.043723609000927e-07
36800.056 5.128849249399817e-07
36850.056 5.176102427599187e-07
36900.056 5.117019179799957e-07
36950.056 5.837935777099608e-07
37000.056 5.780845073799768e-07
37050.056 5.789537946199935e-07
37100.056 6.207036966699988e-07
37150.056 5.833924429200494e-07
37200.056 6.396767357000112e-07
37250.056 6.488677656599226e-07
37300.056 6.063375818198698e-07
37350.056 6.165400505200975e-07
37400.056 7.509662765199771e-07
37450.056 6.809507317680553e-07
37500.056 6.856606976999374e-07
37550.056 7.639558253001323e-07
37600.056 8.060759282200221e-07
37650.056 7.183592627800156e-07
37700.056 8.367306969700751e-07
37750.056 7.593732623500351e-07
37800.056 7.99483041870249e-07
37850.056 7.401676474000057e-07
37900.056 7.73239586500198e-07
37950.056 7.883412164099224e-07
38000.056 8.967995264600216e-07
38050.056 8.835548373201035e-07
38100.056 8.460161773601071e-07
38150.056 9.543374184299646e-07
38200.056 9.711817679900944e-07
38250.056 9.085480852700524e-07
38300.056 1.0085693519399275e-06
38350.056 1.0468383503000414e-06
38400.056 9.303943090298663e-07
38450.056 1.0197854399199652e-06
38500.056 9.18930815220156e-07
38550.056 1.0559520871100762e-06
38600.056 1.0877180916999352e-06
38650.056 1.0507676753699638e-06
38700.056 1.1008880991300416e-06
38750.056 1.1352493250500127e-06
38800.056 1.0616548251198194e-06
38850.056 1.0710420195900275e-06
38900.056 1.1197625958600262e-06
38950.056 1.1415778065199727e-06
39000.056 1.156375411620006e-06
39050.056 1.1665752250299098e-06
39100.056 1.1049107167901461e-06
39150.056 1.1754889655700207e-06
39200.056 1.1895100520099785e-06
39250.056 1.226866242189829e-06
39300.056 1.1659715320797678e-06
39350.056 1.2484131986700998e-06
39400.056 1.2299438887800757e-06
39450.056 1.2307947153999594e-06
39500.056 1.173725417530001e-06
39550.056 1.2087373293500293e-06
39600.056 1.2892823586397753e-06
39650.056 1.2525975591200036e-06
39700.056 1.2501763155600131e-06
39750.056 1.19345642806005e-06
39800.056 1.2144366654298922e-06
39850.056 1.3008285252299588e-06
39900.056 1.2661062425400532e-06
39950.056 1.301111608279837e-06
40000.056 1.2713867630600726e-06
40050.056 1.256492503140053e-06
40100.056 1.2778542330900053e-06
40150.056 1.2725707101199053e-06
40200.056 1.29830521349983e-06
40250.056 1.2061136987597292e-06
40300.056 1.2156932094400913e-06
40350.056 1.2819758571900686e-06
40400.056 1.2909307079600431e-06
40450.056 1.2836846256901054e-06
40500.056 1.2113009160701226e-06
40550.056 1.335814053659916e-06
40600.056 1.1778406004701156e-06
40650.056 1.2370207991799023e-06
40700.056 1.3657692695699894e-06
40750.056 1.2043297673696953e-06
40800.056 1.128489613069831e-06
40850.056 1.2243815977402102e-06
40900.056 1.1929330809400069e-06
40950.056 1.2056106946699795e-06
41000.056 1.2223766636899904e-06
41050.056 1.2639153703498843e-06
41100.056 1.1568671022099451e-06
41150.056 1.1372230081099423e-06
41200.056 1.2106417305899981e-06
41250.056 1.1775379926800157e-06
41300.056 1.0557749054297951e-06
41350.056 1.2481672929500687e-06
41400.056 1.1629587155501326e-06
41450.056 1.1882380755701847e-06
41500.056 1.1310731959099733e-06
41550.056 1.1350365661500394e-06
41600.056 1.1828852993900518e-06
41650.056 1.148828654850129e-06
41700.056 1.078325553289844e-06
41750.056 1.1084792082199385e-06
41800.056 1.183398809979898e-06
41850.056 9.1791510661009e-07
41900.056 1.0939141789399107e-06
41950.056 1.049259739870216e-06
42000.056 1.0312709362601444e-06
42050.056 9.183825997598594e-07
42100.056 1.088774541080109e-06
42150.056 8.391787537698592e-07
42200.056 8.673899448800247e-07
42250.056 9.316798384599351e-07
42300.056 8.309132796000291e-07
42350.056 9.682745541901565e-07
42400.056 8.527146725801629e-07
42450.056 7.899022084700326e-07
42500.056 8.134086756000479e-07
42550.056 8.099513899599378e-07
42600.056 8.176684063101677e-07
42650.056 8.280836801397329e-07
42700.056 8.393585442401385e-07
42750.056 7.877652993399518e-07
42800.056 7.943627976701824e-07
42850.056 8.891730016597899e-07
42900.056 8.784699969200765e-07
42950.056 7.869377099997122e-07
43000.056 8.280481511599857e-07
43050.056 7.124837415902988e-07
43100.056 8.041133690300166e-07
43150.056 7.930853932100926e-07
43200.056 8.09960984730063e-07
43250.056 8.312093037699032e-07
43300.056 8.594310469800309e-07
43350.056 7.379398081798928e-07
43400.056 7.841041855899702e-07
43450.056 7.595212472301179e-07
43500.056 7.54273713679937e-07
43550.056 7.746814427300673e-07
43600.056 8.464476975200378e-07
43650.056 7.382858144600241e-07
43700.056 7.864567956599163e-07
43750.056 7.790477351501367e-07
43800.056 7.361141291299847e-07
43850.056 7.328081892501305e-07
43900.056 7.695084256499178e-07
43950.056 6.788692528499858e-07
44000.056 6.426700366700458e-07
44050.056 7.077223156900397e-07
44100.056 7.61767447680068e-07
44150.056 7.57924442479917e-07
44200.056 7.194085817700126e-07
44250.056 6.820171432500065e-07
44300.056 6.56907066550082e-07
44350.056 6.580615691700628e-07
44400.056 6.802079123899696e-07
44450.056 6.937902817200024e-07
44500.056 7.01294931520097e-07
44550.056 6.940677112399043e-07
44600.056 6.560165000500717e-07
44650.056 7.039578108800632e-07
44700.056 6.25980902110016e-07
44750.056 6.804166099399627e-07
44800.056 6.715997359499946e-07
44850.056 6.700452853300829e-07
44900.056 6.15741207820053e-07
44950.056 6.21588550470039e-07
45000.056 6.518543138299669e-07
45050.056 6.559935021199733e-07
45100.056 6.761450295799961e-07
45150.056 6.318581924499866e-07
45200.056 5.824440029600291e-07
45250.056 6.101048871699196e-07
45300.056 6.335074922100329e-07
45350.056 6.417573456799408e-07
45400.056 6.410097358400565e-07
45450.056 6.004970792999108e-07
45500.056 6.224565172099636e-07
45550.056 6.717877425599339e-07
45600.056 6.369345231900047e-07
45650.056 5.697053871999012e-07
45700.056 6.430409794600678e-07
45750.056 5.887879437100088e-07
45800.056 6.098413642799813e-07
45850.056 7.003416862599784e-07
45900.056 6.906498106600189e-07
45950.056 5.995344566200101e-07
46000.056 6.87046241490029e-07
46050.056 6.748992010401005e-07
46100.056 6.120198952300183e-07
46150.056 6.345505713099676e-07
46200.056 6.55834952790125e-07
46250.056 5.621166274279693e-07
46300.056 6.972083808599771e-07
46350.056 6.267927864499747e-07
46400.056 6.443378402999768e-07
46450.056 6.605537637700533e-07
46500.056 5.998604983400068e-07
46550.056 6.95179437039992e-07
46600.056 6.7418751092002e-07
46650.056 8.298967351698883e-07
46700.056 7.60342871470193e-07
46750.056 6.160846754200088e-07
46800.056 6.328090555100628e-07
46850.056 7.492656009500962e-07
46900.056 7.037834589799047e-07
46950.056 7.672883691700083e-07
47000.056 6.534919614600081e-07
47050.056 7.574656839798657e-07
47100.056 5.840911259400666e-07
47150.056 6.492739743500531e-07
47200.056 7.15638949080082e-07
47250.056 6.303951828299702e-07
47300.056 6.179523794219211e-07
47350.056 6.273679057799419e-07
47400.056 7.229976297099166e-07
47450.056 6.329967702199976e-07
47500.056 7.299406102999296e-07
47550.056 6.396170530399622e-07
47600.056 7.084809537699402e-07
47650.056 5.661263991498847e-07
47700.056 7.185303192000962e-07
47750.056 5.206626713200653e-07
47800.056 6.887795962199581e-07
47850.056 5.355783311999413e-07
47900.056 6.659546892899851e-07
47950.056 5.713858126000442e-07
48000.056 7.740929643000231e-07
48050.056 6.407501789100523e-07
48100.056 6.477698623299992e-07
48150.056 6.198068368200736e-07
48200.056 6.928996797600441e-07
48250.056 6.034106443100134e-07
48300.056 7.609900903698551e-07
48350.056 5.525799096100003e-07
48400.056 6.19003557139962e-07
48450.056 5.939743464800619e-07
48500.056 7.675609184299844e-07
48550.056 5.629001425800015e-07
48600.056 7.119225745299789e-07
48650.056 6.011557793399748e-07
48700.056 7.04450052990034e-07
48750.056 5.148245711900814e-07
48800.056 7.835015125900167e-07
48850.056 5.588556490798811e-07
48900.056 7.480064079300419e-07
48950.056 6.571976214000296e-07
49000.056 5.785904375499121e-07
49050.056 7.105118317599804e-07
49100.056 6.471286932200595e-07
49150.056 6.745977388799785e-07
49200.056 6.554911442999998e-07
49250.056 6.954893689200491e-07
49300.056 6.07722866079966e-07
49350.056 5.964336553900301e-07
49400.056 7.003416783299907e-07
49450.056 6.366718666401621e-07
49500.056 6.27356988199984e-07
49550.056 5.349091499000052e-07
49600.056 6.202373930501061e-07
49650.056 6.427056041599776e-07
49700.056 5.824080536399e-07
49750.056 7.934758188298885e-07
49800.056 6.19482406610017e-07
49850.056 7.89460291220092e-07
49900.056 6.443979337400123e-07
49950.056 6.65230798989922e-07
50000.056 6.621031338099054e-07
50050.056 6.824404396300141e-07
50100.056 6.966627239399755e-07
50150.056 5.678824082499972e-07
50200.056 4.857353769500275e-07
50250.056 6.772443989499745e-07
50300.056 6.150624653499903e-07
50350.056 7.58340139260015e-07
50400.056 6.429734824599562e-07
50450.056 6.112432834700866e-07
50500.056 7.498964614900835e-07
50550.056 6.52894032390013e-07
50600.056 6.653463543899447e-07
50650.056 6.849916211601047e-07
50700.056 7.506849113398498e-07
50750.056 7.419042854600945e-07
50800.056 5.337334573799242e-07
50850.056 6.086452136601023e-07
50900.056 7.448108433899756e-07
50950.056 6.815239357201374e-07
51000.056 7.934590674700797e-07
51050.056 6.357624070900334e-07
51100.056 5.490112378199404e-07
51150.056 6.65316953401957e-07
51200.056 7.372197922899765e-07
51250.056 6.841785355899554e-07
51300.056 5.806238757501946e-07
51350.056 6.419026959499435e-07
51400.056 5.366145498299352e-07
51450.056 4.5085536051190516e-07
51500.056 5.551860271040842e-07
51550.056 7.826705378400753e-07
51600.056 5.704527818600462e-07
51650.056 6.272984364399193e-07
51700.056 6.322600407998449e-07
51750.056 5.51859623180026e-07
51800.056 6.981973076698203e-07
51850.056 6.751739821799502e-07
51900.056 7.787457062001179e-07
51950.056 6.846153189499473e-07
52000.056 4.972139223899753e-07
52050.056 6.393048785599881e-07
52100.056 5.59642704579946e-07
52150.056 5.52972562920021e-07
52200.056 5.295458773899785e-07
52250.056 5.948555660400185e-07
52300.056 7.365792444699651e-07
52350.056 6.933792788320345e-07
52400.056 5.068276670100673e-07
52450.056 6.389768632200219e-07
52500.056 6.94532249689883e-07
52550.056 6.897925873198578e-07
52600.056 6.328168723700857e-07
52650.056 6.791572787301289e-07
52700.056 6.0322742908001e-07
52750.056 5.013167952399716e-07
52800.056 5.667363080000461e-07
52850.056 5.601767456699032e-07
52900.056 5.918290978420162e-07
52950.056 5.962989825999653e-07
53000.056 6.959623540799902e-07
53050.056 5.371265101298523e-07
53100.056 5.621234962799112e-07
53150.056 7.518867243800521e-07
53200.056 4.752097748300117e-07
53250.056 7.126409323600216e-07
53300.056 6.932048774702852e-07
53350.056 6.890148328799405e-07
53400.056 6.782907875800457e-07
53450.056 5.389820019500276e-07
53500.056 4.3211309918990965e-07
53550.056 5.653418770799192e-07
53600.056 6.424340737701074e-07
53650.056 5.270788764700082e-07
53700.056 5.366622094200862e-07
