galfind/configs/Brown_Dwarf_templates/sonora_bobcat/m0.0/316g/sp_t2100g316nc_m0.0_resample.dat
# %ECSV 1.0
# ---
# datatype:
# - {name: wav, unit: Angstrom, datatype: float64}
# - {name: flux_nu, unit: erg / (cm2 Hz s), datatype: float64}
# meta: {C/O: '1.00', Kzz: '1.0000E+05', Teff: '2100.', Y: '0.28', '[Fe/H]': '0.00', f_hole: '1.00', f_rain: '0.00', grav: '316.'}
# schema: astropy-2.0
wav flux_nu
[from data line 498]
28900.056 1.6537765456401046e-06
28950.056 2.3430952220797997e-06
29000.056 1.9280211270094754e-06
29050.056 2.0281706343799357e-06
29100.056 1.6567627206302142e-06
29150.056 2.1498645057201896e-06
29200.056 1.8859910426102696e-06
29250.056 2.0853002613199986e-06
29300.056 1.7620071196192577e-06
29350.056 2.392983033849717e-06
29400.056 1.9709780457498526e-06
29450.056 1.9689088186999536e-06
29500.056 2.073476133349785e-06
29550.056 2.0036274957601567e-06
29600.056 2.169035776549804e-06
29650.056 2.055176530299885e-06
29700.056 1.8838808646198406e-06
29750.056 2.3003960407108e-06
29800.056 2.3018721569998175e-06
29850.056 2.165078901329771e-06
29900.056 1.9791106268505727e-06
29950.056 2.3812983863796082e-06
30000.056 2.3201523537494443e-06
30050.056 2.1696259418599747e-06
30100.056 1.8332830316695093e-06
30150.056 2.6978096619298753e-06
30200.056 2.3929619119501726e-06
30250.056 2.3231156301004996e-06
30300.056 2.2717354708797673e-06
30350.056 2.2804213345203958e-06
30400.056 2.7031064567504235e-06
30450.056 2.1471471910802466e-06
30500.056 2.0610453320802495e-06
30550.056 2.72117189902045e-06
30600.056 2.588558583530285e-06
30650.056 2.630088167260122e-06
30700.056 2.4143327267598777e-06
30750.056 2.378284177140035e-06
30800.056 2.846742178180616e-06
30850.056 2.460505544359944e-06
30900.056 2.4272655421398356e-06
30950.056 2.3727698631102524e-06
31000.056 2.7859265828499687e-06
31050.056 2.4701510217900257e-06
31100.056 2.5639235997899106e-06
31150.056 2.6900675992196193e-06
31200.056 2.655294678459728e-06
31250.056 2.9796185426205066e-06
31300.056 2.6258648060498286e-06
31350.056 2.637616100879982e-06
31400.056 2.6823785931705256e-06
31450.056 2.7296019669200648e-06
31500.056 2.7664700806203106e-06
31550.056 2.5807440380199417e-06
31600.056 2.7130555342298248e-06
31650.056 2.8769497726498975e-06
31700.056 2.8203398187998877e-06
31750.056 2.5736703901701363e-06
31800.056 2.933341123500186e-06
31850.056 3.1528491626601605e-06
31900.056 3.1140365756797532e-06
31950.056 2.53254656326985e-06
32000.056 2.683022919960521e-06
32050.056 3.0926823124803344e-06
32100.056 3.1355632595996353e-06
32150.056 3.1252007760699772e-06
32200.056 3.0148633301799783e-06
32250.056 2.8769043151201732e-06
32300.056 3.086626740350079e-06
32350.056 3.333372976800507e-06
32400.056 2.996601520149966e-06
32450.056 2.9461761877502437e-06
32500.056 3.2206572718002315e-06
32550.056 3.5397348186000687e-06
32600.056 3.445390526719781e-06
32650.056 3.3471712819008253e-06
32700.056 3.227975284900198e-06
32750.056 3.3172306601400442e-06
32800.056 3.0466115273202e-06
32850.056 3.602695507949696e-06
32900.056 3.497751758480028e-06
32950.056 3.050303248879848e-06
33000.056 3.2951467529302516e-06
33050.056 3.3651365392795644e-06
33100.056 3.41929408221916e-06
33150.056 3.340801217220083e-06
33200.056 3.049292453570479e-06
33250.056 3.36984145064016e-06
33300.056 3.57944531124033e-06
33350.056 3.3810101371600555e-06
33400.056 3.073547703299604e-06
33450.056 3.3409516359192026e-06
33500.056 3.525240095800265e-06
33550.056 3.3440039750696674e-06
33600.056 3.4770421857806255e-06
33650.056 3.614054963900768e-06
33700.056 3.7136900898595932e-06
33750.056 3.6840178792201074e-06
33800.056 3.524888658700098e-06
33850.056 3.5038243512202495e-06
33900.056 3.981125511199487e-06
33950.056 3.5457534944996e-06
34000.056 3.5714480911393237e-06
34050.056 3.653695341199965e-06
34100.056 3.784508624820492e-06
34150.056 3.7165364686994633e-06
34200.056 3.571661559899508e-06
34250.056 3.978939399199566e-06
34300.056 3.700559500449601e-06
34350.056 3.769856154399783e-06
34400.056 3.637466272409671e-06
34450.056 3.4952263419001565e-06
34500.056 3.844169216400698e-06
34550.056 3.6308565205997667e-06
34600.056 3.7563351441399696e-06
34650.056 3.838862945900089e-06
34700.056 3.7616054331992745e-06
34750.056 3.996676744500244e-06
34800.056 3.997860496499638e-06
34850.056 3.656310877000028e-06
34900.056 3.874135470400162e-06
34950.056 3.8054899449993356e-06
35000.056 3.689738156799572e-06
35050.056 4.239431745400645e-06
35100.056 3.913365000999411e-06
35150.056 3.999834707799799e-06
35200.056 3.987645763699814e-06
35250.056 3.6777993727003116e-06
35300.056 3.983596869900323e-06
35350.056 4.139802559499791e-06
35400.056 3.868729285299677e-06
35450.056 3.8283260765003224e-06
35500.056 4.142743182899917e-06
35550.056 3.986956167699821e-06
35600.056 3.8143238741994183e-06
35650.056 4.258574921200471e-06
35700.056 3.8674871918003085e-06
35750.056 3.98440056079968e-06
35800.056 4.152442812499701e-06
35850.056 4.1166748523999534e-06
35900.056 4.365765041199601e-06
35950.056 4.1411242928997875e-06
36000.056 3.854454615499593e-06
36050.056 4.343574153900337e-06
36100.056 4.459753541099647e-06
36150.056 3.952046800300481e-06
36200.056 4.331786546699601e-06
36250.056 4.051344245099406e-06
36300.056 4.582374490200574e-06
36350.056 4.303940868099432e-06
36400.056 4.252013637799967e-06
36450.056 4.595977357999654e-06
36500.056 4.250899797100269e-06
36550.056 4.196411363800598e-06
36600.056 4.201485604600295e-06
36650.056 4.366815059900365e-06
36700.056 4.645926246600044e-06
36750.056 4.1959802210003594e-06
36800.056 4.371098118499761e-06
36850.056 4.484680985700179e-06
36900.056 4.463484619900565e-06
36950.056 4.452658071999992e-06
37000.056 4.554285938199976e-06
37050.056 4.651056975099819e-06
37100.056 4.483899761500417e-06
37150.056 4.49091043479925e-06
37200.056 4.626892215700022e-06
37250.056 4.655107046500155e-06
37300.056 4.709249153900758e-06
37350.056 4.399443356400513e-06
37400.056 4.636806168999799e-06
37450.056 4.5518929378002595e-06
37500.056 4.743586081499697e-06
37550.056 4.605742328399286e-06
37600.056 4.831595949099545e-06
37650.056 4.51693958259971e-06
37700.056 4.668177470800058e-06
37750.056 4.810692289699503e-06
37800.056 4.884507320299838e-06
37850.056 4.729640726399828e-06
37900.056 4.7969074418003495e-06
37950.056 4.838437256700179e-06
38000.056 4.8007603923005e-06
38050.056 4.791157048800345e-06
38100.056 4.62618431900025e-06
38150.056 4.945254984099563e-06
38200.056 4.988905709199521e-06
38250.056 4.666993596200532e-06
38300.056 4.619735226699952e-06
38350.056 4.785755841799941e-06
38400.056 4.876992472499807e-06
38450.056 4.959601228200349e-06
38500.056 4.78958670569982e-06
38550.056 4.831519384800294e-06
38600.056 5.2258922862998255e-06
38650.056 4.651188937400119e-06
38700.056 4.704541319500701e-06
38750.056 4.947133281599937e-06
38800.056 4.860161643600611e-06
38850.056 4.866743212500187e-06
38900.056 4.674563814199912e-06
38950.056 4.945735059399783e-06
39000.056 4.821954612600116e-06
39050.056 4.903475464499922e-06
39100.056 4.637358119600022e-06
39150.056 4.786062987800175e-06
39200.056 4.904300057700133e-06
39250.056 4.875897984199407e-06
39300.056 4.879476970699295e-06
39350.056 4.848013482500417e-06
39400.056 4.775847825200124e-06
39450.056 4.822193423799857e-06
39500.056 4.7077356009997354e-06
39550.056 4.636449489399289e-06
39600.056 5.010714396700117e-06
39650.056 4.553360643200123e-06
39700.056 4.711791422399905e-06
39750.056 4.743912775399545e-06
39800.056 4.465819579800251e-06
39850.056 4.6552481841997475e-06
39900.056 4.527567764699818e-06
39950.056 4.728971629599809e-06
40000.056 4.391340745599749e-06
40050.056 4.179417329599948e-06
40100.056 4.461168244199822e-06
40150.056 4.201705031299226e-06
40200.056 4.394403327499772e-06
40250.056 4.270205567198906e-06
40300.056 4.056491521300366e-06
40350.056 4.2653497282002365e-06
40400.056 4.300768117800012e-06
40450.056 3.981657184500537e-06
40500.056 3.7764284194001204e-06
40550.056 4.328630604899651e-06
40600.056 3.830915938900328e-06
40650.056 4.064251670200632e-06
40700.056 4.25145901270016e-06
40750.056 3.765096261198946e-06
40800.056 3.729871399300349e-06
40850.056 3.5229002849007856e-06
40900.056 3.523319173900481e-06
40950.056 3.7356363570999612e-06
41000.056 3.848325822700138e-06
41050.056 3.7917537029993145e-06
41100.056 3.558555296400189e-06
41150.056 3.838008209400112e-06
41200.056 3.614027836000078e-06
41250.056 3.6808832206002413e-06
41300.056 3.23930253869962e-06
41350.056 3.7541958603001307e-06
41400.056 3.5202035498001232e-06
41450.056 3.4639843348000585e-06
41500.056 3.7004332113002093e-06
41550.056 3.6114751992401127e-06
41600.056 3.6442882810000514e-06
41650.056 3.3331131568004438e-06
41700.056 3.214471229199658e-06
41750.056 3.456685271499942e-06
41800.056 3.4024727969997e-06
41850.056 3.0523665701004546e-06
41900.056 3.51739189599965e-06
41950.056 3.246907603900525e-06
42000.056 3.325970986400284e-06
42050.056 3.0589685847991724e-06
42100.056 3.4050069959003165e-06
42150.056 2.7887074020593775e-06
42200.056 2.8995625142301866e-06
42250.056 3.2312429842797493e-06
42300.056 2.879072481100077e-06
42350.056 3.247001000980603e-06
42400.056 2.900527181600347e-06
42450.056 2.5685976226001033e-06
42500.056 2.6899482701002805e-06
42550.056 2.8512475497998595e-06
42600.056 2.788144715400415e-06
42650.056 2.675578853028987e-06
42700.056 2.860296860840592e-06
42750.056 2.6908437408999835e-06
42800.056 2.7353883129804835e-06
42850.056 2.934113600899668e-06
42900.056 2.8511724494501678e-06
42950.056 2.511285312099043e-06
43000.056 2.6747675799799244e-06
43050.056 2.5136219482310777e-06
43100.056 2.6695390554998417e-06
43150.056 2.7143460045605092e-06
43200.056 2.5786822681000757e-06
43250.056 2.6117364215401468e-06
43300.056 2.6634784107001644e-06
43350.056 2.418760893089639e-06
43400.056 2.4499467761898416e-06
43450.056 2.440892598600558e-06
43500.056 2.398547513799626e-06
43550.056 2.436552821880021e-06
43600.056 2.5496388370801114e-06
43650.056 2.259912558780192e-06
43700.056 2.241388835299863e-06
43750.056 2.2792920353301564e-06
43800.056 2.156089245940076e-06
43850.056 2.1943205615004667e-06
43900.056 2.260493279059952e-06
43950.056 2.118094383240139e-06
44000.056 1.9519462462901174e-06
44050.056 1.945353592220109e-06
44100.056 2.0656668279003672e-06
44150.056 2.1711676530997537e-06
44200.056 1.987348395490096e-06
44250.056 1.9585399617799496e-06
44300.056 1.887743837730338e-06
44350.056 1.8422120585101574e-06
44400.056 1.9266722220399037e-06
44450.056 2.00114605442012e-06
44500.056 1.9626896322902608e-06
44550.056 1.7723893448996138e-06
44600.056 1.7947440723902085e-06
44650.056 1.9473422957800206e-06
44700.056 1.785698584430151e-06
44750.056 1.8680812089297575e-06
44800.056 1.8553609973199573e-06
44850.056 1.8629562637001359e-06
44900.056 1.7513598850002187e-06
44950.056 1.6436724267900632e-06
45000.056 1.7994333457999365e-06
45050.056 1.7892458589197955e-06
45100.056 1.8551602471399745e-06
45150.056 1.7216201207100051e-06
45200.056 1.5754102060599445e-06
45250.056 1.6532580665298352e-06
45300.056 1.7939518782000955e-06
45350.056 1.8360457575698166e-06
45400.056 1.7191627937702202e-06
45450.056 1.5860487388197518e-06
45500.056 1.6475968463599048e-06
45550.056 1.8311189390298898e-06
45600.056 1.6821946448199599e-06
45650.056 1.5344124832597028e-06
45700.056 1.7564974168001566e-06
45750.056 1.6199194542999911e-06
45800.056 1.5966251309499496e-06
45850.056 1.8902975392099937e-06
45900.056 1.8533203530000412e-06
45950.056 1.6267841253899735e-06
46000.056 1.9299670305900057e-06
46050.056 1.9430603464004603e-06
46100.056 1.5952006011001245e-06
46150.056 1.6766893723399158e-06
46200.056 1.8386837144804242e-06
46250.056 1.5281875582599726e-06
46300.056 1.9846929582199612e-06
46350.056 1.6508951770898394e-06
46400.056 1.732686082019804e-06
46450.056 1.7446214330403149e-06
46500.056 1.6255267683798878e-06
46550.056 1.933611491799977e-06
46600.056 1.7919065549900005e-06
46650.056 2.2261945976398874e-06
46700.056 2.1058020695706207e-06
46750.056 1.698320356889927e-06
46800.056 1.8523276087902826e-06
46850.056 1.965754225310153e-06
46900.056 1.856379329679684e-06
46950.056 2.112269636070074e-06
47000.056 1.8074647645699966e-06
47050.056 2.039186673939779e-06
47100.056 1.669052944720085e-06
47150.056 1.8740514563602733e-06
47200.056 1.9187617821905195e-06
47250.056 1.777228197809643e-06
47300.056 1.8898594672795735e-06
47350.056 1.5725542466597373e-06
47400.056 1.919191403129577e-06
47450.056 1.8220736159298658e-06
47500.056 1.8790738643896722e-06
47550.056 1.7604008733097875e-06
47600.056 1.975965464579839e-06
47650.056 1.4565358188896394e-06
47700.056 1.9940219623400072e-06
47750.056 1.3986707407503731e-06
47800.056 1.9419285491998444e-06
47850.056 1.4856305437997255e-06
47900.056 1.9818757628701023e-06
47950.056 1.4857987011503099e-06
48000.056 2.1766060542999947e-06
48050.056 1.62372824677028e-06
48100.056 1.797364047469945e-06
48150.056 1.611840657140198e-06
48200.056 1.986446405400281e-06
48250.056 1.6319936793599406e-06
48300.056 2.1330555426997753e-06
48350.056 1.4450582623997266e-06
48400.056 1.9331910451899653e-06
48450.056 1.5871096772000932e-06
48500.056 2.1467630954600227e-06
48550.056 1.4657049822500192e-06
48600.056 2.0268861510998193e-06
48650.056 1.5089731340399827e-06
48700.056 1.9535886062001003e-06
48750.056 1.355092797960164e-06
48800.056 2.1321010304601363e-06
48850.056 1.4841592913297105e-06
48900.056 1.9870458209001554e-06
48950.056 1.7373139751800483e-06
49000.056 1.7561500630599113e-06
49050.056 1.8558972727998764e-06
49100.056 1.7088188899601574e-06
49150.056 1.7663495000899972e-06
49200.056 1.7171379752499135e-06
49250.056 1.7538786147300246e-06
49300.056 1.5630485715097588e-06
49350.056 1.6656313518399309e-06
49400.056 1.9555019233301472e-06
49450.056 1.663190486870383e-06
49500.056 1.7274827366001769e-06
49550.056 1.5408486040399233e-06
49600.056 1.6554725813503244e-06
49650.056 1.7276055447601157e-06
49700.056 1.481078008569866e-06
49750.056 2.2381569857997047e-06
49800.056 1.6664411963500639e-06
49850.056 2.0983855149800653e-06
49900.056 1.6772585932400913e-06
49950.056 1.7530219879895973e-06
50000.056 1.7253657462795906e-06
50050.056 1.745684944010123e-06
50100.056 1.8784301990898861e-06
50150.056 1.6093755305300111e-06
50200.056 1.5059022262101653e-06
50250.056 1.708254067870134e-06
50300.056 1.5848298695898596e-06
50350.056 1.8837308149999542e-06
50400.056 1.663115326899954e-06
50450.056 1.6436773660602193e-06
50500.056 2.1172675292402692e-06
50550.056 1.694668500819903e-06
50600.056 1.838522709360043e-06
50650.056 1.7155449951803826e-06
50700.056 1.9202528263195583e-06
50750.056 1.95630253502024e-06
50800.056 1.4546524259698402e-06
50850.056 1.752504888840239e-06
50900.056 1.8170603816299347e-06
50950.056 1.8470253294703143e-06
51000.056 2.1401395290802036e-06
51050.056 1.6485041837902163e-06
51100.056 1.6275711337199057e-06
51150.056 1.8715553250599624e-06
51200.056 1.7081912820999316e-06
51250.056 1.9365959019700167e-06
51300.056 1.5976151815704452e-06
51350.056 1.8505496747798223e-06
51400.056 1.7616640261495754e-06
51450.056 1.2845309498898025e-06
51500.056 1.7890571101600416e-06
51550.056 2.1799434204201928e-06
51600.056 1.4461777024299844e-06
51650.056 1.7926495445997283e-06
51700.056 1.6383793621594761e-06
51750.056 1.5900301677400864e-06
51800.056 1.9011781144597165e-06
51850.056 1.8481932783997732e-06
51900.056 1.963592191400248e-06
51950.056 1.7792890441998199e-06
52000.056 1.5449125090099683e-06
52050.056 1.829414933939855e-06
52100.056 1.726723794009705e-06
52150.056 1.7429338077701516e-06
52200.056 1.6749833585300923e-06
52250.056 1.699156160279963e-06
52300.056 1.8400806116899694e-06
52350.056 1.992763823820206e-06
52400.056 1.4725585593501473e-06
52450.056 1.7042398548800067e-06
52500.056 1.908642611279597e-06
52550.056 1.753429193079565e-06
52600.056 1.820841416490144e-06
52650.056 2.040624137790297e-06
52700.056 1.721221992370062e-06
52750.056 1.4569657544198643e-06
52800.056 1.622612329370133e-06
52850.056 1.5375319630698981e-06
52900.056 1.7669125998801016e-06
52950.056 1.6773495008997726e-06
53000.056 1.9059351134098285e-06
53050.056 1.7427462106196772e-06
53100.056 1.621235031739716e-06
53150.056 1.9748262397203445e-06
53200.056 1.3988189017002507e-06
53250.056 1.937901384299951e-06
53300.056 1.911732701790672e-06
53350.056 1.913920493499768e-06
53400.056 1.7239496778601181e-06
53450.056 1.6264257272000644e-06
