galfind/configs/Brown_Dwarf_templates/sonora_bobcat/m0.0/316g/sp_t375g316nc_m0.0_resample.dat
# %ECSV 1.0
# ---
# datatype:
# - {name: wav, unit: Angstrom, datatype: float64}
# - {name: flux_nu, unit: erg / (cm2 Hz s), datatype: float64}
# meta: {C/O: '1.00', Kzz: '1.0000E+05', Teff: '375.', Y: '0.28', '[Fe/H]': '0.00', f_hole: '1.00', f_rain: '0.00', grav: '316.'}
# schema: astropy-2.0
wav flux_nu
4000.0559999999996 nan
4050.0559999999996 2.857813975341075e-18
4100.056 1.9207537701200352e-16
4150.056 1.5433119947800155e-15
4200.056 1.7112766495040101e-15
4250.056 1.4298627988900125e-14
4300.056 3.4791271260000174e-14
4350.056 6.722220885300028e-14
4400.056 1.1760448520200046e-13
4450.056 1.9316223522000062e-13
4500.056 3.0428010389000096e-13
4550.056 3.281324430579984e-13
4600.056 9.110505436799966e-14
4650.056 5.464255235999975e-14
4700.056 2.997151733899983e-14
4750.056 1.5058323941999917e-14
4800.056 8.346186051999956e-15
4850.056 4.305904517699973e-15
4900.056 2.5629405444999905e-15
4950.056 1.7340054346999942e-15
5000.056 1.0902370052299949e-15
5050.056 7.644317188200011e-16
5100.056 8.177319130000046e-16
5150.056 9.294089490800009e-16
5200.056 1.0538276244600023e-15
5250.056 1.1743736948000014e-15
5300.056 1.3102941362000019e-15
5350.056 1.4675830109000017e-15
5400.056 1.6243625302000024e-15
5450.056 1.8184028584000063e-15
5500.056 2.0438909720000034e-15
5550.056 2.289277829600002e-15
5600.056 2.5249922530000033e-15
5650.056 2.719991310400001e-15
5700.056 2.772230575100002e-15
5750.056 2.7392143502999997e-15
5800.056 2.454749714099993e-15
5850.056 1.7051904985999797e-15
5900.056 4.924425863725291e-16
5950.056 3.313746774900077e-15
6000.056 7.21244981870002e-15
6050.056 1.319706818180011e-14
6100.056 2.142725463700016e-14
6150.056 3.2538136497000186e-14
6200.056 4.766885832700024e-14
6250.056 6.642165947400018e-14
6300.056 9.311387348500024e-14
6350.056 1.279313241730003e-13
6400.056 1.726941936300007e-13
6450.056 2.0818150441999847e-13
6500.056 2.7494573576000293e-13
6550.056 3.771115471599944e-13
6600.056 5.184484763000094e-13
6650.056 7.292242539000056e-13
6700.056 9.554691469500054e-13
6750.056 1.3182569549000062e-12
6800.056 1.5587674718000066e-12
6850.056 1.5798779544999984e-12
6900.056 1.256190273220003e-12
6950.056 9.347510905300054e-13
7000.056 1.0434725268599817e-12
7050.056 1.0827134859799976e-12
7100.056 1.2205756268699911e-12
7150.056 9.629897754359708e-13
7200.056 7.517910805565739e-13
7250.056 8.565443758309671e-13
7300.056 8.826634724907609e-13
7350.056 1.133855475068994e-12
7400.056 1.4010937937400339e-12
7450.056 1.7937527197000515e-12
7500.056 2.121788391300004e-12
7550.056 2.347096807800004e-12
7600.056 2.4299272511999983e-12
7650.056 1.2386416485029705e-12
7700.056 1.1530012915460285e-12
7750.056 2.8799634702000274e-12
7800.056 3.6389671618000115e-12
7850.056 4.6680198781999644e-12
7900.056 5.681677821999979e-12
7950.056 6.4057530716000134e-12
8000.056 8.006008792300042e-12
8050.056 9.289363685800085e-12
8100.056 7.252044234249731e-12
8150.056 5.493691629832315e-12
8200.056 1.0265048362776238e-11
8250.056 1.0885063621279279e-11
8300.056 1.2543415545287812e-11
8350.056 1.447896547491977e-11
8400.056 1.8333688492700182e-11
8450.056 2.6151802227199946e-11
8500.056 3.20341471539998e-11
8550.056 4.070868965400063e-11
8600.056 4.999223070300029e-11
8650.056 5.776799706400034e-11
8700.056 6.156019353000041e-11
8750.056 6.808054946000036e-11
8800.056 7.060025385699974e-11
8850.056 6.198426548099826e-11
8900.056 1.691911230759872e-11
8950.056 1.1800399488268792e-11
9000.056 1.1562551971170544e-11
9050.056 4.1990502915929816e-11
9100.056 4.908111232300556e-11
9150.056 6.02212187700879e-11
9200.056 9.983443300030182e-11
9250.056 8.101077795236547e-11
9300.056 2.0817332188667842e-12
9350.056 3.4689011590445125e-12
9400.056 2.239026038749357e-11
9450.056 1.622608936198899e-11
9500.056 1.3035314629968916e-11
9550.056 1.3046810064066938e-11
9600.056 1.676569199533196e-11
9650.056 3.380751205439465e-11
9700.056 1.0531142776836242e-10
9750.056 9.107593717676525e-11
9800.056 1.1427986007177936e-10
9850.056 1.4653449434599642e-10
9900.056 2.1400449965511231e-10
9950.056 2.3490511686801125e-10
10000.056 2.1962165692211695e-10
10050.056 2.816209293400009e-10
10100.056 2.86111695760001e-10
10150.056 2.126398128339985e-10
10200.056 1.2579271220700983e-10
10250.056 1.6551774416297095e-10
10300.056 2.605476135856849e-10
10350.056 1.60087853082907e-10
10400.056 3.132077507800155e-10
10450.056 4.4321114029494694e-10
10500.056 5.896600834800033e-10
10550.056 7.942380747800093e-10
10600.056 9.107373189600097e-10
10650.056 9.41906690050005e-10
10700.056 8.570956694499976e-10
10750.056 8.559570214599926e-10
10800.056 8.04863556764009e-10
10850.056 7.074893505750089e-10
10900.056 5.425289841289826e-10
10950.056 2.737674272759971e-10
11000.056 1.3626966407138098e-10
11050.056 5.5753618496634144e-11
11100.056 2.0839940854493005e-11
11150.056 6.048260458961393e-12
11200.056 3.6406436715866204e-12
11250.056 4.373351121260773e-12
11300.056 8.782771269390735e-12
11350.056 1.981522238251749e-12
11400.056 1.632452745264845e-11
11450.056 7.216939544873497e-12
11500.056 7.318861200768676e-12
11550.056 1.5105630696675201e-12
11600.056 5.587781687330465e-13
11650.056 3.5834719910270523e-12
11700.056 5.21339804359487e-12
11750.056 1.4756120120982555e-12
11800.056 9.255672160287542e-12
11850.056 1.2010468912098334e-11
11900.056 1.318857254230643e-11
11950.056 2.0446606747602425e-11
12000.056 3.1826717036915765e-11
12050.056 5.1890096355300845e-11
12100.056 6.417700208826191e-11
12150.056 9.417658439060317e-11
12200.056 1.0843301357240201e-10
12250.056 1.7928013505643425e-10
12300.056 3.141121631176212e-10
12350.056 3.861378236340019e-10
12400.056 6.091907627799925e-10
12450.056 9.385571723100176e-10
12500.056 1.1241466990400406e-09
12550.056 1.322971276220013e-09
12600.056 1.8122617548800923e-09
12650.056 2.383915855939979e-09
12700.056 2.5432850622300088e-09
12750.056 1.766391516900049e-09
12800.056 1.128499870069943e-09
12850.056 5.892718578579783e-10
12900.056 4.18162576174635e-10
12950.056 3.1583846935952364e-10
13000.056 3.661873642250567e-10
13050.056 2.1599065411482314e-10
13100.056 2.1021338218348607e-10
13150.056 1.0871662727733245e-10
13200.056 1.2801489544955006e-10
13250.056 1.100123996469371e-10
13300.056 3.736466640582195e-11
13350.056 1.4610650660204857e-11
13400.056 3.930400123409499e-12
13450.056 7.548600270980477e-13
13500.056 1.8312112241798154e-13
13550.056 3.0304647653427887e-14
13600.056 4.73095829850359e-15
13650.056 5.0141077801312365e-14
13700.056 2.1310822632150136e-14
13750.056 1.2521795679538597e-13
13800.056 1.1436540486156343e-13
13850.056 3.381461923902968e-14
13900.056 8.403242679438272e-14
13950.056 6.917546625788642e-14
14000.056 1.159331126457717e-13
14050.056 1.8085591437446118e-13
14100.056 1.6435964386620705e-13
14150.056 5.16756006855801e-13
14200.056 3.23408795017673e-13
14250.056 5.328578622619548e-13
14300.056 2.204554458640661e-12
14350.056 1.6072059589004697e-12
14400.056 1.5849328572578762e-12
14450.056 3.775393982413859e-12
14500.056 9.047829594847126e-12
14550.056 1.0407030119163234e-11
14600.056 1.6716012677076845e-11
14650.056 5.947048444314759e-12
14700.056 2.3885933527429753e-12
14750.056 8.494687255612073e-13
14800.056 1.1156996537634109e-12
14850.056 1.3130461967126216e-12
14900.056 1.2363431016052616e-12
14950.056 7.879953910732929e-13
15000.056 3.017480549399243e-12
15050.056 3.4159704971334786e-12
15100.056 1.3109307143565828e-12
15150.056 4.5122703066178067e-13
15200.056 2.3736947220739165e-12
15250.056 5.541147109215232e-12
15300.056 7.905002585119333e-12
15350.056 1.0712872099109506e-11
15400.056 1.3611253091914809e-11
15450.056 2.0618924015675727e-11
15500.056 2.846829359319484e-11
15550.056 6.630730674272905e-11
15600.056 1.2236297815313254e-10
15650.056 2.4620491052904134e-10
15700.056 4.677527558960183e-10
15750.056 6.609006533450225e-10
15800.056 8.722731183300015e-10
15850.056 1.1425043144400984e-09
15900.056 1.2913759732499972e-09
15950.056 1.4851891860699814e-09
16000.056 1.2882619581800268e-09
16050.056 8.49608545129952e-10
16100.056 4.775268306149899e-10
16150.056 2.2743966073707596e-10
16200.056 9.070431866521686e-11
16250.056 4.5143287509435035e-11
16300.056 2.2713044313900002e-11
16350.056 3.0170896859803276e-11
16400.056 3.617411695856363e-11
16450.056 3.63033203120462e-11
16500.056 2.6499588611302697e-11
16550.056 2.7498767041973436e-11
16600.056 6.946714507858779e-11
16650.056 4.1342336342778735e-11
16700.056 5.358783717570176e-12
16750.056 2.2981573530665758e-11
16800.056 3.697207293183192e-11
16850.056 3.953685232108783e-11
16900.056 1.454972783092207e-11
16950.056 8.789040329457182e-12
17000.056 3.822200168850362e-12
17050.056 8.755939036090576e-12
17100.056 1.9684980452856576e-11
17150.056 1.0448899274894588e-11
17200.056 4.3241934070290334e-11
17250.056 1.4600656235355742e-11
17300.056 1.0035987219212469e-11
17350.056 1.3502240108638886e-11
17400.056 2.8162675806565264e-11
17450.056 3.6650057995273657e-11
17500.056 5.3959911937967685e-11
17550.056 4.440538081850786e-11
17600.056 3.694750353343275e-11
17650.056 2.481791860954635e-11
17700.056 2.1396366169485657e-11
17750.056 1.661922987780826e-11
17800.056 4.139935679099915e-11
17850.056 1.6791835914721292e-11
17900.056 1.0771913624781478e-11
17950.056 6.912109108295829e-12
18000.056 1.3842647333137599e-11
18050.056 6.2300543840150786e-12
18100.056 7.547754428466366e-12
18150.056 4.666910817266517e-12
18200.056 3.2184858710308162e-12
18250.056 1.4948647771352605e-11
18300.056 1.5353657706476617e-12
18350.056 1.3242960790455567e-12
18400.056 7.051899025618229e-13
18450.056 7.070386659320663e-12
18500.056 6.79061417989788e-12
18550.056 2.6874493383914033e-12
18600.056 4.7377983940439306e-12
18650.056 2.9728108843028676e-12
18700.056 3.1862476943950743e-13
18750.056 8.301160589075643e-13
18800.056 1.241381720626716e-11
18850.056 1.0743791332781792e-11
18900.056 1.0841859469865171e-11
18950.056 1.7094881136091903e-11
19000.056 2.821255654613377e-12
19050.056 1.0633103788436454e-12
19100.056 3.9143908419205795e-12
19150.056 1.3813781959641546e-12
19200.056 3.010583433149505e-12
19250.056 2.0050732563683136e-12
19300.056 1.1133597549822107e-12
19350.056 1.1034841991889032e-12
19400.056 8.27102486923433e-13
19450.056 1.3285661159217574e-12
19500.056 9.946217619973014e-13
19550.056 2.380180314969159e-12
19600.056 5.689454075250967e-12
19650.056 3.692494937794495e-12
19700.056 5.869368879596557e-12
19750.056 8.888563653586426e-12
19800.056 5.13130655103683e-12
19850.056 6.36846718088455e-12
19900.056 1.0502918866234962e-11
19950.056 1.5082793831903007e-11
20000.056 1.897097436240044e-11
20050.056 1.2849987988959461e-11
20100.056 2.251564622066305e-11
20150.056 1.3620746107347574e-11
20200.056 8.336011625142367e-12
20250.056 1.999107238077064e-11
20300.056 2.483286418956231e-11
20350.056 2.6586100288924223e-11
20400.056 2.251628455726951e-11
20450.056 4.190059189845331e-11
20500.056 4.7172917312800127e-11
20550.056 5.2514038893499016e-11
20600.056 5.6921047792012324e-11
20650.056 6.721063531819167e-11
20700.056 7.348419268809963e-11
20750.056 7.863509224899638e-11
20800.056 7.520920359198858e-11
20850.056 8.579496566400139e-11
20900.056 8.809565214499665e-11
20950.056 8.495521303800273e-11
21000.056 8.272145122700132e-11
21050.056 8.68323371579976e-11
21100.056 8.393072010800121e-11
21150.056 8.388181964299746e-11
21200.056 8.080282705300438e-11
21250.056 7.78823673069928e-11
21300.056 7.02581951336014e-11
21350.056 6.894657471521562e-11
21400.056 7.082004872740617e-11
21450.056 5.844696676218207e-11
21500.056 5.27953242654001e-11
21550.056 5.065122413558971e-11
21600.056 4.458966758539074e-11
21650.056 3.3808516138630443e-11
21700.056 3.04355974885399e-11
21750.056 2.9641980810196526e-11
21800.056 2.0126239800465942e-11
21850.056 1.8939882229159766e-11
21900.056 1.375988939440115e-11
21950.056 5.418765140672013e-12
22000.056 5.350043698103317e-13
22050.056 1.200553424193237e-12
22100.056 5.0692701580889664e-12
22150.056 3.123707392215483e-12
22200.056 2.9672693528395795e-12
22250.056 2.4128208769558236e-12
22300.056 9.633731944141905e-13
22350.056 1.4709102274256053e-12
22400.056 4.251832672377015e-13
22450.056 8.436541221224793e-13
22500.056 6.186570939435876e-13
22550.056 2.6021395286616746e-13
22600.056 1.9941060919673418e-13
22650.056 4.0088325992650664e-13
22700.056 3.9378677426481363e-13
22750.056 7.031670446067572e-13
22800.056 8.373272647419329e-13
22850.056 5.280455020078801e-13
22900.056 3.438782490845609e-13
22950.056 2.3796871146003355e-13
23000.056 3.2569523729098215e-13
23050.056 3.5115509264176815e-13
23100.056 3.8014055432383804e-12
23150.056 3.5562535182465165e-12
23200.056 8.329044548631977e-14
23250.056 6.083052082690302e-13
23300.056 4.616830814110066e-13
23350.056 6.92176947448368e-13
23400.056 4.882828032530263e-13
23450.056 2.3413234120565123e-13
23500.056 2.557388594239678e-13
23550.056 7.01850185702199e-13
23600.056 1.9432771947174047e-12
23650.056 2.4231607890971036e-12
23700.056 2.861771681535013e-13
23750.056 3.8029240118803736e-13
23800.056 2.667641825921755e-12
23850.056 1.3775222304661743e-12
23900.056 3.5446746753939265e-12
23950.056 1.3775715382351346e-12
24000.056 4.325194723809091e-12
24050.056 4.8414593713232495e-12
24100.056 6.642609884386295e-12
24150.056 9.865217255162766e-12
24200.056 5.923517786966848e-12
24250.056 4.5279599539131956e-12
24300.056 1.072855159564183e-11
24350.056 8.119572807533411e-12
24400.056 2.1584554180571524e-11
24450.056 2.3679087621940064e-11
24500.056 1.9590810409893997e-11
24550.056 3.613135920711905e-11
24600.056 4.1634523337325536e-11
24650.056 6.130954296483014e-11
24700.056 4.1673522539117976e-11
24750.056 5.660182498842905e-11
24800.056 4.654069243263456e-11
24850.056 7.542869936541948e-11
24900.056 3.145839461677618e-11
24950.056 6.181730506824267e-11
25000.056 6.97555033422752e-11
25050.056 3.794905246789943e-11
25100.056 6.402196525183061e-11
25150.056 2.6490408443336855e-11
25200.056 4.0957671380475694e-11
25250.056 1.345497463658272e-11
25300.056 1.6950486489030858e-11
25350.056 7.377108056083187e-12
25400.056 2.041267448593731e-11
25450.056 4.82928920700583e-12
25500.056 3.714917883757023e-12
25550.056 1.083061866249286e-11
25600.056 4.574107155006115e-12
25650.056 1.7016744851161086e-12
25700.056 1.2827415998028662e-12
25750.056 3.1431521918142723e-13
25800.056 2.3451232887324287e-12
25850.056 2.7362486927863266e-13
25900.056 3.974775628439186e-13
25950.056 6.156019763676395e-14
26000.056 1.6616753149231313e-12
26050.056 9.731391746886064e-14
26100.056 7.36720689014844e-13
26150.056 2.2136467988714262e-13
26200.056 3.4554708089297575e-13
26250.056 4.307294163145982e-12
26300.056 4.27927855124172e-13
26350.056 1.1896070799439124e-11
26400.056 2.363869852632105e-11
26450.056 1.0608281255055084e-11
26500.056 3.63924021199759e-11
26550.056 1.7417651625506363e-12
26600.056 1.6828257776525822e-12
26650.056 1.4632721731488758e-13
26700.056 8.64201072490532e-14
26750.056 1.897388465411968e-13
26800.056 1.0011947087438476e-12
26850.056 5.117554292606684e-13
26900.056 3.545649720633014e-12
26950.056 7.997442877831443e-13
27000.056 6.113155193745566e-12
27050.056 1.0504857102354151e-11
27100.056 3.4766163439082e-13
27150.056 9.534756217576033e-12
27200.056 3.56263179313326e-13
27250.056 2.2100765394388074e-12
27300.056 3.2826518588127475e-11
27350.056 6.920530917869298e-12
27400.056 2.0881746140284035e-13
27450.056 1.1021420428061813e-11
27500.056 1.5291653508985677e-11
27550.056 1.3780969527263376e-12
27600.056 5.723291528884154e-12
27650.056 1.0474904049669938e-12
27700.056 1.1711349439773055e-12
27750.056 1.1196260256323378e-11
27800.056 2.7959069841868874e-12
27850.056 6.216354557869861e-12
27900.056 7.726541267848683e-12
27950.056 1.8579404218302658e-11
28000.056 2.0055295870339428e-11
28050.056 1.3436725423683015e-12
28100.056 2.2785918579776125e-11
28150.056 1.566948795362329e-11
28200.056 2.67100027898482e-12
28250.056 3.2095192593596874e-11
28300.056 2.9173919933843596e-11
28350.056 3.470556219025227e-12
28400.056 1.8515514354198082e-11
28450.056 3.9564192443269566e-11
28500.056 1.8114471396865624e-11
28550.056 2.914128526755948e-12
28600.056 3.5967362661395486e-11
28650.056 1.8022295035244547e-11
28700.056 3.764484906470494e-11
28750.056 6.325098701002588e-11
28800.056 1.7748866857535936e-11
