galfind/configs/Brown_Dwarf_templates/sonora_bobcat/m0.0/316g/sp_t375g316nc_m0.0_resample.dat
# %ECSV 1.0
# ---
# datatype:
# - {name: wav, unit: Angstrom, datatype: float64}
# - {name: flux_nu, unit: erg / (cm2 Hz s), datatype: float64}
# meta: {C/O: '1.00', Kzz: '1.0000E+05', Teff: '375.', Y: '0.28', '[Fe/H]': '0.00', f_hole: '1.00', f_rain: '0.00', grav: '316.'}
# schema: astropy-2.0
wav flux_nu
[from data line 498]
28900.056 2.895234890209474e-11
28950.056 3.990870611061232e-11
29000.056 2.473678920148272e-11
29050.056 4.397990572657522e-11
29100.056 1.7797181211294396e-11
29150.056 2.5844642588034254e-11
29200.056 8.424862228625386e-11
29250.056 6.699732589325161e-11
29300.056 4.1169960857355865e-11
29350.056 1.0984957395610352e-10
29400.056 4.638012171339358e-11
29450.056 2.0253008327370007e-11
29500.056 1.201585219729893e-10
29550.056 3.40528032765453e-11
29600.056 4.0738618897163e-11
29650.056 1.851222232236231e-10
29700.056 2.6982285777967655e-11
29750.056 1.1796174370331999e-10
29800.056 6.766077661412108e-11
29850.056 1.5749227382607085e-10
29900.056 6.079897937597711e-11
29950.056 7.38886145221944e-11
30000.056 9.519076061047011e-13
30050.056 9.014622888749972e-12
30100.056 4.223286155307525e-11
30150.056 1.68234561128225e-10
30200.056 1.0158337815862199e-10
30250.056 1.7234716163923594e-10
30300.056 2.4139210732687607e-10
30350.056 4.214499833333347e-11
30400.056 2.539921434598668e-10
30450.056 1.8985708004731468e-10
30500.056 8.698877439782362e-11
30550.056 7.08558181480386e-11
30600.056 8.572121601728525e-10
30650.056 2.981952652933707e-10
30700.056 1.4577118078482732e-10
30750.056 3.241531976494157e-10
30800.056 3.3345980679816964e-10
30850.056 3.5148561948478365e-10
30900.056 1.7840769438834962e-10
30950.056 1.3034852529029672e-10
31000.056 1.754647096804796e-10
31050.056 1.0194668979217517e-10
31100.056 6.800050215625879e-11
31150.056 1.3075100633487522e-10
31200.056 4.903890795958971e-10
31250.056 2.0508186515871765e-10
31300.056 1.1573259453064485e-10
31350.056 3.6294518273485567e-10
31400.056 2.2361603206104157e-10
31450.056 2.3096395886382657e-10
31500.056 7.147574668687978e-11
31550.056 1.4544744737445673e-10
31600.056 1.068384164063139e-10
31650.056 8.303618467426596e-11
31700.056 6.823719605478847e-11
31750.056 3.3316544328645193e-11
31800.056 6.80076591077172e-11
31850.056 1.0863768822239009e-11
31900.056 2.7679472845244764e-11
31950.056 1.537793860667491e-11
32000.056 1.009848586037514e-11
32050.056 1.4665939403536702e-11
32100.056 1.2177881584736736e-11
32150.056 1.1252552070463303e-11
32200.056 5.100068169957482e-12
32250.056 1.265043612998461e-11
32300.056 3.231064744934398e-12
32350.056 1.2859495680795972e-11
32400.056 1.285805493814678e-12
32450.056 8.4082187756744e-12
32500.056 1.342855063410399e-12
32550.056 7.399476912329898e-12
32600.056 1.258974795988874e-12
32650.056 1.8089648871723933e-11
32700.056 2.2149308751578003e-12
32750.056 4.543796597662377e-11
32800.056 2.130353315297829e-11
32850.056 1.0618375845492353e-10
32900.056 8.774773631828893e-11
32950.056 8.874246246768915e-11
33000.056 2.2342494496218608e-11
33050.056 2.3213827074354615e-11
33100.056 3.926789216744586e-12
33150.056 1.3446840131943633e-15
33200.056 1.3382728672480946e-13
33250.056 2.706773000977819e-13
33300.056 4.438735864498839e-12
33350.056 1.148210634344493e-11
33400.056 4.831165949987325e-11
33450.056 1.5573490269528915e-11
33500.056 7.566513824224333e-11
33550.056 1.1535462325399643e-11
33600.056 3.3125528207225225e-11
33650.056 3.309409825982075e-11
33700.056 7.15763797645487e-12
33750.056 4.4619134289392615e-11
33800.056 2.5216767768351648e-12
33850.056 2.0494774754640018e-11
33900.056 2.263085302628566e-11
33950.056 1.9538397842263737e-11
34000.056 4.824846574813308e-11
34050.056 6.741566225250708e-12
34100.056 4.9680390396835106e-11
34150.056 1.5739223000329143e-11
34200.056 5.86630054175759e-11
34250.056 2.758408179302882e-11
34300.056 3.2951387645329284e-11
34350.056 1.1157709176423723e-10
34400.056 2.0387179210300376e-11
34450.056 9.449708104143373e-11
34500.056 3.691009534276977e-11
34550.056 4.430097950679137e-11
34600.056 2.2087813853272372e-10
34650.056 1.7777260149011237e-11
34700.056 1.3394988345575354e-10
34750.056 7.16270611095636e-11
34800.056 5.472076393833067e-11
34850.056 2.388031267929708e-10
34900.056 2.926109216714188e-11
34950.056 2.3924039645196915e-10
35000.056 3.417532679343504e-10
35050.056 2.0600766017608112e-10
35100.056 4.754547106554845e-10
35150.056 3.940902845218097e-10
35200.056 2.8447734531129975e-10
35250.056 5.80982333148641e-10
35300.056 1.6165012123515826e-10
35350.056 2.0430181270520383e-10
35400.056 1.3933855397269486e-10
35450.056 1.313149589368904e-10
35500.056 5.327653989022604e-10
35550.056 2.855720305660214e-10
35600.056 4.520019389375192e-10
35650.056 5.727367647764137e-10
35700.056 5.873712471999234e-10
35750.056 7.22792315205295e-10
35800.056 4.158085658186008e-10
35850.056 1.8787198528502255e-10
35900.056 2.5536794312407086e-10
35950.056 4.468189445078021e-10
36000.056 5.15698560905826e-10
36050.056 3.420023557641568e-10
36100.056 3.2410749071954055e-10
36150.056 1.0785626097043207e-09
36200.056 1.0471878308268957e-09
36250.056 5.952815097849252e-10
36300.056 1.7672867123878562e-09
36350.056 9.029574143312267e-10
36400.056 1.5531352650561124e-09
36450.056 1.2163110422919733e-09
36500.056 1.288982331812578e-09
36550.056 2.533108685309946e-09
36600.056 2.628560945457271e-09
36650.056 1.539601683437887e-09
36700.056 1.8200973259398678e-09
36750.056 2.6182320864713012e-09
36800.056 3.231565902517941e-09
36850.056 1.3771190550294575e-09
36900.056 2.1145359665523377e-09
36950.056 3.2860801692545176e-09
37000.056 2.0109608780157203e-09
37050.056 3.608373485074322e-09
37100.056 1.486832715249098e-09
37150.056 2.1570156845823277e-09
37200.056 4.42637266356959e-09
37250.056 2.3185377110187536e-09
37300.056 1.3621805136622294e-09
37350.056 2.6697100889649064e-09
37400.056 4.508975472095929e-09
37450.056 1.5356166650545673e-09
37500.056 2.348409365487722e-09
37550.056 5.692557417601926e-09
37600.056 9.315298616520759e-09
37650.056 2.083121511381013e-09
37700.056 4.314883370923631e-09
37750.056 3.1514810021563013e-09
37800.056 3.039650389069197e-09
37850.056 1.5610619381474808e-09
37900.056 1.850115810038096e-09
37950.056 3.920194432140813e-09
38000.056 3.4571212320703368e-09
38050.056 5.907971676806616e-09
38100.056 7.72080031119714e-09
38150.056 9.018496065842918e-09
38200.056 6.064546572241329e-09
38250.056 8.15323096073797e-09
38300.056 1.3291037781024106e-08
38350.056 1.0423920899909704e-08
38400.056 3.6543608155296336e-09
38450.056 1.3148202700253746e-09
38500.056 1.0449455256068758e-09
38550.056 4.585309072710865e-09
38600.056 5.348277692368867e-09
38650.056 5.746430759518656e-09
38700.056 4.41416389169439e-09
38750.056 5.09613714461016e-09
38800.056 4.960671880150317e-09
38850.056 6.066392509700782e-09
38900.056 7.438817376549415e-09
38950.056 4.180740244508101e-09
39000.056 7.7421855716042e-09
39050.056 3.7070413947076617e-09
39100.056 6.491549622341331e-09
39150.056 1.0046115974120172e-08
39200.056 6.417628427588949e-09
39250.056 1.0523164175862222e-08
39300.056 6.641417074146641e-09
39350.056 1.345629310701961e-08
39400.056 7.057425751905524e-09
39450.056 1.1198509624754534e-08
39500.056 1.1851870813100646e-08
39550.056 4.646210965605856e-09
39600.056 1.0341417488887292e-08
39650.056 1.4890195668799158e-08
39700.056 1.3739170116201887e-08
39750.056 5.303968156845486e-09
39800.056 5.902975930559138e-09
39850.056 1.6286809806401704e-08
39900.056 1.92085471749011e-08
39950.056 7.156477494549975e-09
40000.056 1.3699149115819692e-08
40050.056 1.59569231513194e-08
40100.056 4.503340879278604e-09
40150.056 1.3389080520780591e-08
40200.056 1.5316049469977457e-08
40250.056 1.7452591416196424e-08
40300.056 1.7771832258501844e-08
40350.056 9.05318704852903e-09
40400.056 1.3782579016019846e-08
40450.056 5.959855150755619e-09
40500.056 1.756174336780047e-08
40550.056 1.8658573019433336e-08
40600.056 1.655622704479991e-08
40650.056 1.2029786059432408e-08
40700.056 2.3958664529698057e-08
40750.056 1.577557831967704e-08
40800.056 8.586898559877611e-09
40850.056 2.79090391739053e-08
40900.056 2.4747278762396723e-08
40950.056 1.879581241355063e-08
41000.056 1.4681427249259712e-08
41050.056 3.067647768679679e-08
41100.056 2.5751101202199026e-08
41150.056 8.342510566237116e-09
41200.056 2.916065176110357e-08
41250.056 2.452992475309668e-08
41300.056 2.6271718967202946e-08
41350.056 3.494243756699897e-08
41400.056 2.673235962239914e-08
41450.056 3.688456131659716e-08
41500.056 2.0791394965675404e-08
41550.056 1.8839133116675672e-08
41600.056 2.0835626737843702e-08
41650.056 3.125077412660353e-08
41700.056 4.281946698699394e-08
41750.056 3.0796210086498026e-08
41800.056 3.2930212283003474e-08
41850.056 2.8762259968705673e-08
41900.056 2.3411863392223365e-08
41950.056 2.3665604821599004e-08
42000.056 1.146414925829026e-08
42050.056 1.5416360838365513e-08
42100.056 1.9736632260659618e-08
42150.056 2.1990121157318932e-08
42200.056 2.521601322999868e-08
42250.056 2.0827870562404272e-08
42300.056 1.7851068313198473e-08
42350.056 3.150082851080134e-08
42400.056 3.789710427000305e-08
42450.056 3.796138293900485e-08
42500.056 3.936124944099745e-08
42550.056 3.3424102017997016e-08
42600.056 3.226191100111019e-08
42650.056 4.88380565061924e-08
42700.056 2.1483403458793133e-08
42750.056 3.3151409170905465e-08
42800.056 4.980368983300256e-08
42850.056 5.253123098099101e-08
42900.056 5.376406563660488e-08
42950.056 4.092426199599934e-08
43000.056 4.818104107700021e-08
43050.056 2.288006933550082e-08
43100.056 4.01932073799988e-08
43150.056 3.3356064899001785e-08
43200.056 4.8448223529003336e-08
43250.056 6.701739219900284e-08
43300.056 5.94856084459999e-08
43350.056 3.1407879683294865e-08
43400.056 4.766838466700271e-08
43450.056 3.061841896120173e-08
43500.056 2.9574601344303915e-08
43550.056 3.301962871150256e-08
43600.056 5.6943082079003235e-08
43650.056 3.172427693269862e-08
43700.056 6.211292888301137e-08
43750.056 6.028610634099593e-08
43800.056 5.10034122489976e-08
43850.056 4.637419226860558e-08
43900.056 3.358643835029733e-08
43950.056 2.374064386409795e-08
44000.056 2.3520886990499284e-08
44050.056 5.8900924406003096e-08
44100.056 7.925171558800167e-08
44150.056 6.99036696859968e-08
44200.056 6.604513804600191e-08
44250.056 3.496030320199671e-08
44300.056 2.485538655180273e-08
44350.056 2.7553643100453427e-08
44400.056 2.6741750665098534e-08
44450.056 5.0611668693904727e-08
44500.056 4.361868713300477e-08
44550.056 6.425120450999861e-08
44600.056 5.087948147040057e-08
44650.056 5.005899145699933e-08
44700.056 3.294646545819561e-08
44750.056 4.983612580220745e-08
44800.056 3.218621955620213e-08
44850.056 4.735453710000188e-08
44900.056 4.2630773176598995e-08
44950.056 4.990200185000532e-08
45000.056 6.077113644400087e-08
45050.056 5.297428051399503e-08
45100.056 4.791699771300274e-08
45150.056 4.156257611249594e-08
45200.056 2.9397551367902658e-08
45250.056 3.5803052721693574e-08
45300.056 3.4731138872404184e-08
45350.056 2.5247119620484704e-08
45400.056 7.316709187800588e-08
45450.056 5.8510140779606435e-08
45500.056 7.175797315600394e-08
45550.056 7.689085516098631e-08
45600.056 6.4927895086006e-08
45650.056 5.505833334509764e-08
45700.056 3.2327332404477776e-08
45750.056 2.827489083410209e-08
45800.056 7.357911131800325e-08
45850.056 5.7249374603001146e-08
45900.056 7.522621557599731e-08
45950.056 6.821063425299635e-08
46000.056 7.172374146350665e-08
46050.056 5.359585869400533e-08
46100.056 8.553445065299503e-08
46150.056 4.830839201020013e-08
46200.056 3.8329642417194476e-08
46250.056 1.3834864184299125e-08
46300.056 4.757765107320233e-08
46350.056 5.051933516880623e-08
46400.056 5.012846808100164e-08
46450.056 4.276940261153729e-08
46500.056 4.9409099567807515e-08
46550.056 2.5087783451399256e-08
46600.056 3.287866492225546e-08
46650.056 5.487390828710268e-08
46700.056 3.6592460103993155e-08
46750.056 1.5247498390092597e-08
46800.056 9.699390962139131e-09
46850.056 4.91967485850074e-08
46900.056 5.991574608099751e-08
46950.056 5.9443163226996724e-08
47000.056 5.9428723543005397e-08
47050.056 3.8128784675508856e-08
47100.056 2.807658469290149e-08
47150.056 4.6677832049605984e-08
47200.056 5.1857762881997055e-08
47250.056 2.3077387317695777e-08
47300.056 1.5545187501074064e-08
47350.056 5.4848119901004164e-08
47400.056 5.583271400199663e-08
47450.056 3.566107213020313e-08
47500.056 6.42102447970002e-08
47550.056 5.468841761700166e-08
47600.056 4.5195816070744474e-08
47650.056 5.171190260345841e-08
47700.056 3.889180026132658e-08
47750.056 2.814080999410025e-08
47800.056 2.0762937772502464e-08
47850.056 8.41352190687156e-09
47900.056 1.4907484541669918e-08
47950.056 4.3138339409002774e-08
48000.056 5.80617921379972e-08
48050.056 4.438985092839951e-08
48100.056 1.8695106107841214e-08
48150.056 3.6705931568801814e-08
48200.056 2.301084971525775e-08
48250.056 3.347882833950003e-08
48300.056 5.48205361499992e-08
48350.056 3.1317694997995836e-08
48400.056 5.986387985636282e-09
48450.056 1.2904883541354223e-08
48500.056 2.5303468588194252e-08
48550.056 3.045514358264464e-08
48600.056 4.8429669951000314e-08
48650.056 6.101456264299786e-08
48700.056 3.9446802512805657e-08
48750.056 2.8688914665004054e-08
48800.056 4.875975859000225e-08
48850.056 2.341299073401634e-08
48900.056 2.6154184297237278e-08
48950.056 1.3505382016299419e-08
49000.056 7.538646845833822e-09
49050.056 2.677450036849684e-08
49100.056 3.769858879286638e-08
49150.056 2.9224289273840402e-08
49200.056 4.922292071200566e-08
49250.056 5.1749060386000976e-08
49300.056 4.108836903999773e-08
49350.056 1.4632882607403766e-08
49400.056 2.19844521357849e-08
49450.056 1.8535108877039134e-08
49500.056 1.4533894650997421e-08
49550.056 2.3113292730410137e-09
49600.056 7.406275241761448e-09
49650.056 2.3912954666302036e-08
49700.056 2.980424201199449e-08
49750.056 2.5038743004519186e-08
49800.056 1.4116152169189978e-08
49850.056 3.591414876480449e-08
49900.056 3.508580883299868e-08
49950.056 3.3100976300999417e-08
50000.056 2.0468819299241588e-08
50050.056 2.5217879211902205e-08
50100.056 2.1021977372998592e-08
50150.056 7.909070620888412e-09
50200.056 1.0346208264265126e-09
50250.056 7.838198123699946e-09
50300.056 5.29232560216111e-09
50350.056 2.391949599820354e-08
50400.056 2.9520029858797432e-08
50450.056 2.2060654127601203e-08
50500.056 3.5643895853201366e-08
50550.056 3.443288539700141e-08
50600.056 2.2225717999343294e-08
50650.056 3.7287259211005094e-08
50700.056 3.551142630699834e-08
50750.056 1.9827366027800085e-08
50800.056 5.2835149033069395e-09
50850.056 2.2897449701711875e-09
50900.056 1.9602085920301965e-08
50950.056 2.127326986399802e-08
51000.056 1.4690863179086204e-08
51050.056 2.5367122461696693e-08
51100.056 8.50485092433531e-09
51150.056 7.827111702481848e-09
51200.056 3.062411737099989e-08
51250.056 2.333593717569624e-08
51300.056 1.4322353047232581e-08
51350.056 1.2007973411254837e-08
51400.056 2.8900372571876557e-09
51450.056 2.4391645542131823e-09
51500.056 2.299052569052946e-09
51550.056 1.0987727177002238e-08
51600.056 1.1991727614002088e-08
51650.056 1.749848819629964e-08
51700.056 1.6075132219937606e-08
51750.056 1.0609275914742289e-08
51800.056 2.2349469163998173e-08
51850.056 1.7121562062799134e-08
51900.056 1.755599499770045e-08
51950.056 8.376097057698684e-09
52000.056 6.108238304507558e-10
52050.056 4.071321981400452e-09
52100.056 1.985604632459553e-09
52150.056 1.0376484475103867e-09
52200.056 4.97436872089989e-09
52250.056 9.270726622901808e-09
52300.056 1.082678973119916e-08
52350.056 2.346660876663724e-09
52400.056 2.7400153373029877e-09
52450.056 1.3882630072601474e-08
52500.056 9.749414354502151e-09
52550.056 1.4065838389699209e-08
52600.056 1.1317896063540818e-08
52650.056 1.391622077050047e-08
52700.056 8.155517925449516e-09
52750.056 2.3774333104871157e-09
52800.056 5.115242316630993e-09
52850.056 6.33698611896841e-09
52900.056 1.8293045055841247e-09
52950.056 3.610902034140647e-09
53000.056 8.570797857800818e-09
53050.056 2.734208993515421e-09
53100.056 1.2687911002900586e-08
53150.056 1.2786859839000139e-08
53200.056 5.2670226325398624e-09
53250.056 1.0600973723099844e-08
53300.056 1.2072677638542743e-08
53350.056 9.656940334600238e-09
53400.056 5.75482133059901e-09
53450.056 1.4596532888094737e-09
53500.056 2.109540124074283e-10
53550.056 5.612331283130026e-10
