galfind/configs/Brown_Dwarf_templates/sonora_bobcat/m0.0/316g/sp_t850g316nc_m0.0_resample.dat
# %ECSV 1.0
# ---
# datatype:
# - {name: wav, unit: Angstrom, datatype: float64}
# - {name: flux_nu, unit: erg / (cm2 Hz s), datatype: float64}
# meta: {C/O: '1.00', Kzz: '1.0000E+05', Teff: '850.', Y: '0.28', '[Fe/H]': '0.00', f_hole: '1.00', f_rain: '0.00', grav: '316.'}
# schema: astropy-2.0
wav flux_nu
4000.0559999999996 nan
4050.0559999999996 6.130464293115678e-14
4100.056 5.337151567079883e-12
4150.056 2.435807453460104e-11
4200.056 2.0848590007594072e-11
4250.056 5.760523250800139e-11
4300.056 8.322676117400424e-11
4350.056 9.650421669900199e-11
4400.056 1.2076962894800177e-10
4450.056 1.4680985896500138e-10
4500.056 1.469389724700046e-10
4550.056 1.5648259256869518e-10
4600.056 1.1425483773999946e-10
4650.056 8.790045164299781e-11
4700.056 6.240380507799979e-11
4750.056 2.3938365030999808e-11
4800.056 5.8508759503999195e-12
4850.056 1.4635641963299825e-12
4900.056 5.703739858399955e-13
4950.056 2.4827899615999774e-13
5000.056 8.607634014199895e-14
5050.056 3.310668233899987e-14
5100.056 2.6591769805000028e-14
5150.056 2.3603145268000044e-14
5200.056 2.131990209099999e-14
5250.056 1.9266098819999986e-14
5300.056 1.7827192066999988e-14
5350.056 1.7087358685999996e-14
5400.056 1.6807151563e-14
5450.056 1.6897189588000028e-14
5500.056 1.724938757400005e-14
5550.056 1.7781491630000015e-14
5600.056 1.8346143299000007e-14
5650.056 1.8780786725999994e-14
5700.056 1.8808564437999998e-14
5750.056 1.818432643399999e-14
5800.056 1.6147467553999956e-14
5850.056 1.1399897195899869e-14
5900.056 3.815533919982923e-15
5950.056 2.224641755900044e-14
6000.056 4.5799688168000025e-14
6050.056 7.909641551800089e-14
6100.056 1.2725007120600107e-13
6150.056 1.9932138438000137e-13
6200.056 3.098645897300019e-13
6250.056 4.789524963700026e-13
6300.056 7.501939361400042e-13
6350.056 1.1802043780000086e-12
6400.056 1.857173141300015e-12
6450.056 2.853041547199988e-12
6500.056 4.43067457810001e-12
6550.056 6.818125461900016e-12
6600.056 1.0369209129400165e-11
6650.056 1.551663300800011e-11
6700.056 2.002207900984017e-11
6750.056 3.180462943000018e-11
6800.056 4.178562680600024e-11
6850.056 4.799055226700006e-11
6900.056 4.564694290200029e-11
6950.056 4.016358343699981e-11
7000.056 4.0156152008000215e-11
7050.056 4.347384655199966e-11
7100.056 4.769653695699985e-11
7150.056 4.7944903126999344e-11
7200.056 4.61239769290005e-11
7250.056 4.375952313899827e-11
7300.056 3.8909610287900586e-11
7350.056 3.4530922607099444e-11
7400.056 3.0229995110000545e-11
7450.056 2.5922250333000402e-11
7500.056 2.1549635470999858e-11
7550.056 1.72037564709999e-11
7600.056 1.3466800194999909e-11
7650.056 4.074958790168824e-12
7700.056 2.8891819746761264e-12
7750.056 1.297363743260021e-11
7800.056 2.219297689338021e-11
7850.056 4.26544477470003e-11
7900.056 6.873373178100008e-11
7950.056 8.640423468950106e-11
8000.056 1.611169454500017e-10
8050.056 2.3203882842000336e-10
8100.056 3.052150854599984e-10
8150.056 3.978386969369999e-10
8200.056 5.557808666080238e-10
8250.056 7.060412369550074e-10
8300.056 9.064563239630603e-10
8350.056 1.1228095731399595e-09
8400.056 1.3944021845499686e-09
8450.056 1.7551971933999762e-09
8500.056 1.9390077589278956e-09
8550.056 2.5334409281100665e-09
8600.056 3.181316993200029e-09
8650.056 3.779677849700037e-09
8700.056 4.423473115100016e-09
8750.056 5.186303477100038e-09
8800.056 5.972562336200072e-09
8850.056 6.553983053399975e-09
8900.056 5.8957163095997594e-09
8950.056 5.59697788298005e-09
9000.056 6.894421156019241e-09
9050.056 9.951638976120107e-09
9100.056 1.1315726662446367e-08
9150.056 1.225699618093077e-08
9200.056 1.4431189772038833e-08
9250.056 1.4544058303927918e-08
9300.056 7.175259213025034e-09
9350.056 9.011425872043122e-09
9400.056 1.347345979770549e-08
9450.056 1.496574491828566e-08
9500.056 1.452617867382014e-08
9550.056 1.6175836660667355e-08
9600.056 1.6620122001328255e-08
9650.056 1.9427174286506434e-08
9700.056 2.4678518759382055e-08
9750.056 2.6352452523849487e-08
9800.056 2.9799026879650713e-08
9850.056 3.385206513487989e-08
9900.056 3.888246658549848e-08
9950.056 4.149896927239974e-08
10000.056 3.902785317569837e-08
10050.056 5.0677540412000086e-08
10100.056 5.8715665722999e-08
10150.056 6.537507806699739e-08
10200.056 7.290093304800081e-08
10250.056 8.128224575700104e-08
10300.056 9.155196263099836e-08
10350.056 1.0087375906800123e-07
10400.056 1.1247804737599947e-07
10450.056 1.214452356719968e-07
10500.056 1.2923812379000024e-07
10550.056 1.3739772447400117e-07
10600.056 1.445493262779974e-07
10650.056 1.5270915248000382e-07
10700.056 1.5790632978300402e-07
10750.056 1.6478834145800337e-07
10800.056 1.6873822332400273e-07
10850.056 1.6754351982399824e-07
10900.056 1.3980139885999762e-07
10950.056 8.955398476490273e-08
11000.056 7.070513022065847e-08
11050.056 5.225070957671747e-08
11100.056 3.877935795238761e-08
11150.056 2.631803962795041e-08
11200.056 2.6943369016837083e-08
11250.056 3.317352821360058e-08
11300.056 3.474202370290326e-08
11350.056 1.717401448119134e-08
11400.056 3.373219644080616e-08
11450.056 2.7500360919711968e-08
11500.056 2.7017411003285785e-08
11550.056 1.4704811601699378e-08
11600.056 1.524884165715924e-08
11650.056 2.2950636565055747e-08
11700.056 2.309437981303245e-08
11750.056 1.1806335784149816e-08
11800.056 2.9106845591745678e-08
11850.056 4.443242129331714e-08
11900.056 5.3527684544995616e-08
11950.056 7.407391790310472e-08
12000.056 9.324473755399918e-08
12050.056 1.1680940759271492e-07
12100.056 1.4177279817899224e-07
12150.056 1.7131052335199236e-07
12200.056 1.978074976079865e-07
12250.056 2.2910527040998222e-07
12300.056 2.655039243850133e-07
12350.056 2.776686533500016e-07
12400.056 3.024664221299916e-07
12450.056 2.9990618775000895e-07
12500.056 3.1508389603000274e-07
12550.056 3.423142090800143e-07
12600.056 4.1501187301001063e-07
12650.056 4.1447682037000034e-07
12700.056 4.179288576700268e-07
12750.056 3.932944590060148e-07
12800.056 3.835926813550032e-07
12850.056 3.203023475205188e-07
12900.056 2.8142604389391727e-07
12950.056 2.68739817247996e-07
13000.056 2.6186699609929165e-07
13050.056 2.2852420358402502e-07
13100.056 2.135907866487706e-07
13150.056 1.726717814659997e-07
13200.056 1.5218524100917451e-07
13250.056 1.1448147089460378e-07
13300.056 5.8570936848910986e-08
13350.056 1.9512260288545416e-08
13400.056 1.095553398564121e-08
13450.056 5.93362177646252e-09
13500.056 3.6339377564162784e-09
13550.056 2.406410879531141e-09
13600.056 1.3018764642956755e-09
13650.056 3.60121992003368e-09
13700.056 2.6109394770380137e-09
13750.056 3.418830385802245e-09
13800.056 4.015636677468282e-09
13850.056 2.949650272562765e-09
13900.056 3.116508818423981e-09
13950.056 2.902573984921558e-09
14000.056 2.8642884896085673e-09
14050.056 3.6481997009754463e-09
14100.056 3.135807853085723e-09
14150.056 4.65824560561084e-09
14200.056 3.527857169119465e-09
14250.056 3.822400882561429e-09
14300.056 6.839988529574685e-09
14350.056 6.8494981841787e-09
14400.056 7.50271212431129e-09
14450.056 8.946873159499657e-09
14500.056 1.5722965811499452e-08
14550.056 1.7281397176978715e-08
14600.056 2.3365648105013615e-08
14650.056 2.2392225187208147e-08
14700.056 1.697315203748879e-08
14750.056 2.0047284028096005e-08
14800.056 2.660716297988982e-08
14850.056 2.876798727673449e-08
14900.056 3.002862441720269e-08
14950.056 3.409937674311981e-08
15000.056 4.215636374317786e-08
15050.056 4.7423668775118264e-08
15100.056 5.0623018754477176e-08
15150.056 5.508692156881315e-08
15200.056 5.97019052868853e-08
15250.056 7.99088544436718e-08
15300.056 9.104226967016415e-08
15350.056 1.0666606482999533e-07
15400.056 1.2246155758642053e-07
15450.056 1.3812700612241336e-07
15500.056 1.4812463774548375e-07
15550.056 1.7196528607900543e-07
15600.056 1.8625665978400105e-07
15650.056 2.00047258495008e-07
15700.056 2.2757322886202633e-07
15750.056 2.4042510980899363e-07
15800.056 2.415557198220127e-07
15850.056 2.544261929560028e-07
15900.056 2.3709411508000635e-07
15950.056 2.2200357159998193e-07
16000.056 1.8522222896600595e-07
16050.056 1.334459675039947e-07
16100.056 9.895614650389182e-08
16150.056 6.834201352322844e-08
16200.056 4.6125167266125776e-08
16250.056 3.937738004619457e-08
16300.056 3.160205428191357e-08
16350.056 3.599901964156081e-08
16400.056 4.285892986827162e-08
16450.056 4.556857805485913e-08
16500.056 4.932334595822445e-08
16550.056 4.788655535090109e-08
16600.056 4.9891075565124375e-08
16650.056 3.706972132831799e-08
16700.056 1.2742726188872153e-08
16750.056 2.090224970371278e-08
16800.056 3.384354553565241e-08
16850.056 3.646034714597747e-08
16900.056 2.9067248895182152e-08
16950.056 2.3147111098323063e-08
17000.056 1.7202347196681132e-08
17050.056 2.695274769226723e-08
17100.056 3.461755617068096e-08
17150.056 2.6319874996269803e-08
17200.056 4.210209227971371e-08
17250.056 3.484893627230797e-08
17300.056 2.7192778160133534e-08
17350.056 2.507707940800498e-08
17400.056 2.9284767241090993e-08
17450.056 3.2714387329349616e-08
17500.056 3.7629477854701026e-08
17550.056 3.419158873255867e-08
17600.056 2.9538832174137894e-08
17650.056 2.8727779639439006e-08
17700.056 2.20090016139909e-08
17750.056 2.0161247360111462e-08
17800.056 2.8848733695895155e-08
17850.056 1.8948837382808316e-08
17900.056 1.792876652234872e-08
17950.056 1.437563247145694e-08
18000.056 1.763587992106476e-08
18050.056 1.528141267897715e-08
18100.056 1.6857280990899154e-08
18150.056 2.0561808868345644e-08
18200.056 1.2819043114593267e-08
18250.056 2.8176238125974303e-08
18300.056 1.5897400097955398e-08
18350.056 1.3519227952785255e-08
18400.056 1.2583490296244982e-08
18450.056 1.7882759239363687e-08
18500.056 1.8824445904722346e-08
18550.056 1.4361729520421522e-08
18600.056 1.267446339226255e-08
18650.056 1.1743912928000225e-08
18700.056 9.795261937330708e-09
18750.056 1.449380020917663e-08
18800.056 2.716297026340607e-08
18850.056 3.011081783567592e-08
18900.056 2.7402352620236662e-08
18950.056 4.324821167949837e-08
19000.056 2.7241782776924622e-08
19050.056 2.0016251804155245e-08
19100.056 3.388918128669753e-08
19150.056 2.293162979200443e-08
19200.056 3.003223587533766e-08
19250.056 2.1666079212784274e-08
19300.056 1.9044732698821306e-08
19350.056 1.6528228136849105e-08
19400.056 1.2255961058472031e-08
19450.056 2.132557790692872e-08
19500.056 2.0843109885853303e-08
19550.056 1.6049698049793366e-08
19600.056 2.2308685519488195e-08
19650.056 2.5372865796304698e-08
19700.056 2.564331895751171e-08
19750.056 3.070955570126267e-08
19800.056 3.008434236360197e-08
19850.056 3.933096555863851e-08
19900.056 3.3026674114893194e-08
19950.056 5.015933084928772e-08
20000.056 4.78557627794553e-08
20050.056 5.150644742768013e-08
20100.056 6.272315053175504e-08
20150.056 5.6658167443266404e-08
20200.056 6.122289043927408e-08
20250.056 7.547486116498494e-08
20300.056 7.665474852462224e-08
20350.056 8.578319677884514e-08
20400.056 8.319369408772338e-08
20450.056 1.0121678171679653e-07
20500.056 1.1069054914056378e-07
20550.056 1.1100531714951384e-07
20600.056 1.2406856475022413e-07
20650.056 1.2781022974600642e-07
20700.056 1.319934643162166e-07
20750.056 1.3735867406538916e-07
20800.056 1.4060063895638322e-07
20850.056 1.3928424352499833e-07
20900.056 1.4511542274097456e-07
20950.056 1.4001198727200401e-07
21000.056 1.366369743930134e-07
21050.056 1.351266167249908e-07
21100.056 1.2879828736400616e-07
21150.056 1.2935041995637719e-07
21200.056 1.2024668039800605e-07
21250.056 1.1421871896817852e-07
21300.056 1.0013575717249384e-07
21350.056 9.936052123289361e-08
21400.056 9.388013802472153e-08
21450.056 8.588425777433753e-08
21500.056 7.891918793660207e-08
21550.056 7.238656222028295e-08
21600.056 6.427220549084482e-08
21650.056 5.530555449154742e-08
21700.056 5.5007787094502546e-08
21750.056 4.794789586813477e-08
21800.056 4.0157372899074294e-08
21850.056 3.594262928185968e-08
21900.056 2.6994671067159656e-08
21950.056 1.668129559756361e-08
22000.056 6.7923009527659204e-09
22050.056 5.465833554792721e-09
22100.056 1.031034039612522e-08
22150.056 1.2572312124555552e-08
22200.056 1.4090610689105522e-08
22250.056 1.215079540930199e-08
22300.056 9.280568364815405e-09
22350.056 9.465881352792697e-09
22400.056 6.4655594206132134e-09
22450.056 6.205111375352982e-09
22500.056 5.834643683400155e-09
22550.056 4.68912066701941e-09
22600.056 4.7185172911350275e-09
22650.056 5.596778250906542e-09
22700.056 4.644690961918804e-09
22750.056 4.863468076326833e-09
22800.056 4.736967438896038e-09
22850.056 4.0812406184028935e-09
22900.056 3.595605135795768e-09
22950.056 3.3600870259718665e-09
23000.056 4.319519196745101e-09
23050.056 5.523256740745041e-09
23100.056 1.1137591919077156e-08
23150.056 1.1380940559178642e-08
23200.056 2.3819443486620187e-09
23250.056 3.779543599040404e-09
23300.056 3.4053035356232698e-09
23350.056 3.580813960731077e-09
23400.056 3.7960970036442245e-09
23450.056 3.4048999585491388e-09
23500.056 3.770968414756735e-09
23550.056 4.936675295223331e-09
23600.056 5.971760697688682e-09
23650.056 7.974676716291216e-09
23700.056 4.077406071011919e-09
23750.056 3.4907908618289263e-09
23800.056 4.937555794759671e-09
23850.056 5.185450711970475e-09
23900.056 8.254403368497922e-09
23950.056 8.029439564992385e-09
24000.056 9.962025175487526e-09
24050.056 1.1662894000050388e-08
24100.056 1.082459239191195e-08
24150.056 1.3199483227127795e-08
24200.056 1.2242812326067928e-08
24250.056 1.05423411199541e-08
24300.056 1.369541727278047e-08
24350.056 1.1660035281393442e-08
24400.056 1.6543845483851063e-08
24450.056 1.604004899375037e-08
24500.056 1.6056437821214736e-08
24550.056 1.9882667628322578e-08
24600.056 2.0109197070306324e-08
24650.056 2.5767467978307197e-08
24700.056 1.8151328412775805e-08
24750.056 2.0639801138105947e-08
24800.056 2.0541847500563266e-08
24850.056 2.881828559199495e-08
24900.056 1.6321411947480447e-08
24950.056 2.8400583479230972e-08
25000.056 2.518529360585682e-08
25050.056 1.7537317810413783e-08
25100.056 2.4864844248772966e-08
25150.056 1.637699569139418e-08
25200.056 2.1471668643126916e-08
25250.056 1.3384599726709306e-08
25300.056 1.9528419520703273e-08
25350.056 1.1452054373633955e-08
25400.056 2.110697624700786e-08
25450.056 1.124116095039811e-08
25500.056 1.1288987180621258e-08
25550.056 1.3586772738969324e-08
25600.056 1.1455638714455453e-08
25650.056 7.774388391836892e-09
25700.056 1.430152489223459e-08
25750.056 6.211414976199219e-09
25800.056 1.58171766183226e-08
25850.056 6.8606664379318995e-09
25900.056 9.734007513111013e-09
25950.056 5.190447111477148e-09
26000.056 1.6220881323033337e-08
26050.056 8.02463761212892e-09
26100.056 1.5491951875618696e-08
26150.056 1.1306064738265545e-08
26200.056 1.27498522311238e-08
26250.056 2.4027219675976147e-08
26300.056 1.4150355549987386e-08
26350.056 2.8822344835713585e-08
26400.056 2.8697498082202422e-08
26450.056 2.858427908432626e-08
26500.056 3.3856100448262476e-08
26550.056 1.622825443763614e-08
26600.056 2.29009060704043e-08
26650.056 9.439985231510794e-09
26700.056 8.521382388771554e-09
26750.056 6.128409862689683e-09
26800.056 1.0675096324302933e-08
26850.056 6.207074366514379e-09
26900.056 1.526521333350366e-08
26950.056 7.682706534794347e-09
27000.056 2.0647808175046888e-08
27050.056 1.7045240480562517e-08
27100.056 1.0761414554401923e-08
27150.056 2.395859294489979e-08
27200.056 1.148957490161378e-08
27250.056 1.5989789639784266e-08
27300.056 3.909944727172912e-08
27350.056 2.6380567445675955e-08
27400.056 6.78706839008678e-09
27450.056 3.231664264864124e-08
27500.056 3.2674458320479805e-08
27550.056 1.2945590512493363e-08
27600.056 2.4509265384931214e-08
27650.056 1.1444151086157655e-08
27700.056 9.230052870799202e-09
27750.056 2.664422191946956e-08
27800.056 1.1563974740453488e-08
27850.056 1.4783572952830887e-08
27900.056 1.5768128818874985e-08
27950.056 2.8838269889815062e-08
28000.056 2.252569678441635e-08
28050.056 7.628247006317448e-09
28100.056 2.7653063826712646e-08
28150.056 1.806253237712693e-08
28200.056 9.219936117960639e-09
28250.056 2.9190751262773876e-08
28300.056 3.3996357875321585e-08
28350.056 1.2137518232922089e-08
28400.056 2.2781715493784977e-08
28450.056 3.161644496938429e-08
28500.056 2.3596452700772698e-08
28550.056 9.263146279589918e-09
28600.056 3.466609731560846e-08
28650.056 2.8061372232342377e-08
28700.056 2.6679117255731613e-08
28750.056 3.883966902108157e-08
28800.056 2.9525886707907103e-08
