galfind/configs/Brown_Dwarf_templates/sonora_bobcat/m0.0/316g/sp_t1800g316nc_m0.0_resample.dat
# %ECSV 1.0
# ---
# datatype:
# - {name: wav, unit: Angstrom, datatype: float64}
# - {name: flux_nu, unit: erg / (cm2 Hz s), datatype: float64}
# meta: {C/O: '1.00', Kzz: '1.0000E+05', Teff: '1800.', Y: '0.28', '[Fe/H]': '0.00', f_hole: '1.00', f_rain: '0.00', grav: '316.'}
# schema: astropy-2.0
wav flux_nu
4000.0559999999996 nan
4050.0559999999996 1.2574707954594992e-09
4100.056 2.3122352558617815e-09
4150.056 1.9784682939931864e-09
4200.056 1.429641593683499e-09
4250.056 1.3475589414623876e-09
4300.056 9.643885517842873e-10
4350.056 1.0385494215100449e-09
4400.056 1.17808469468031e-09
4450.056 8.466266552000448e-10
4500.056 8.868802640800555e-10
4550.056 1.1220342598197562e-09
4600.056 1.0464464008699863e-09
4650.056 9.600079409998606e-10
4700.056 1.1828518521701167e-09
4750.056 1.3220720225698521e-09
4800.056 8.949769807401028e-10
4850.056 1.0808070040100703e-09
4900.056 1.5223728504899478e-09
4950.056 1.539041467270029e-09
5000.056 8.067700735898839e-10
5050.056 6.937932508600434e-10
5100.056 7.38200191248099e-10
5150.056 6.209548154781429e-10
5200.056 5.858517671189836e-10
5250.056 6.650929407700457e-10
5300.056 6.721237871500032e-10
5350.056 6.407347613700319e-10
5400.056 5.799938139200014e-10
5450.056 4.3715894599999133e-10
5500.056 3.093981914399935e-10
5550.056 2.6285139873998985e-10
5600.056 1.9789609728000214e-10
5650.056 1.3525462789999863e-10
5700.056 8.335756281599939e-11
5750.056 4.4308511593999354e-11
5800.056 2.0277852410999726e-11
5850.056 6.641581783899854e-12
5900.056 8.382797440976197e-13
5950.056 1.6030150764800374e-11
6000.056 6.806055665200121e-11
6050.056 2.1368959729000304e-10
6100.056 5.01481277470015e-10
6150.056 9.96660755850001e-10
6200.056 1.6264970040000056e-09
6250.056 2.5753694837000514e-09
6300.056 4.093846195500052e-09
6350.056 5.850951104400117e-09
6400.056 7.926670069799974e-09
6450.056 1.0616192995299453e-08
6500.056 1.2667185925699064e-08
6550.056 1.590387449139911e-08
6600.056 1.820793765400029e-08
6650.056 1.8615789537201307e-08
6700.056 1.1794832717910932e-08
6750.056 2.020408277100075e-08
6800.056 2.4032604048001255e-08
6850.056 2.797000432000011e-08
6900.056 2.923816072400003e-08
6950.056 3.229071013599883e-08
7000.056 3.839259130499815e-08
7050.056 3.808524030500107e-08
7100.056 2.954139158099937e-08
7150.056 2.8325940990000693e-08
7200.056 3.5950778865999534e-08
7250.056 4.4863695919002845e-08
7300.056 5.419419978500405e-08
7350.056 5.603914048500142e-08
7400.056 4.908684768600143e-08
7450.056 4.1460423682997004e-08
7500.056 3.685740938799928e-08
7550.056 3.156670716600019e-08
7600.056 1.9405444983499458e-08
7650.056 2.217671723333417e-09
7700.056 6.717120514738611e-10
7750.056 1.1322759361700334e-08
7800.056 2.7362371463521366e-08
7850.056 5.153143149300096e-08
7900.056 6.313271304600463e-08
7950.056 6.286869132389481e-08
8000.056 8.790620659599683e-08
8050.056 1.266295709359916e-07
8100.056 1.7836185222000914e-07
8150.056 2.44212541630006e-07
8200.056 2.0760064974699005e-07
8250.056 2.703750721799991e-07
8300.056 2.6458509075003756e-07
8350.056 2.9356532571002927e-07
8400.056 3.1233025283000627e-07
8450.056 2.485805315399832e-07
8500.056 2.342182946178412e-07
8550.056 2.7983686252001814e-07
8600.056 3.0850982712894643e-07
8650.056 3.283137961249493e-07
8700.056 3.18767704487009e-07
8750.056 3.6938732371603023e-07
8800.056 4.908406802600561e-07
8850.056 5.041728858099842e-07
8900.056 4.0828989731001576e-07
8950.056 4.2953946633236243e-07
9000.056 5.50986548600042e-07
9050.056 5.557885744299773e-07
9100.056 6.971141366199988e-07
9150.056 8.140788061000132e-07
9200.056 8.198348657800618e-07
9250.056 6.224279468599775e-07
9300.056 5.137948301980049e-07
9350.056 5.790287344199807e-07
9400.056 6.568338110910203e-07
9450.056 7.448451533709254e-07
9500.056 8.621126318619166e-07
9550.056 9.570686128157323e-07
9600.056 1.005523427410154e-06
9650.056 1.1396980959051263e-06
9700.056 1.2711894485498858e-06
9750.056 1.0259533319379522e-06
9800.056 1.121589780665891e-06
9850.056 1.1158156596099352e-06
9900.056 8.772675428399371e-07
9950.056 6.781244841000084e-07
10000.056 6.616408080299579e-07
10050.056 7.191820353799706e-07
10100.056 8.97155785020122e-07
10150.056 8.931754234999153e-07
10200.056 9.810142298999787e-07
10250.056 9.91488838449845e-07
10300.056 9.424180394199379e-07
10350.056 1.1023289237599796e-06
10400.056 1.259037100799953e-06
10450.056 1.3282983366901834e-06
10500.056 1.3050641302998976e-06
10550.056 1.3815423386701628e-06
10600.056 1.5176669970601441e-06
10650.056 1.56130114759008e-06
10700.056 1.6316817482100892e-06
10750.056 1.8349586455301486e-06
10800.056 2.0176203202198952e-06
10850.056 2.234454822339809e-06
10900.056 2.227259538999927e-06
10950.056 2.125334921929735e-06
11000.056 2.0175910268500025e-06
11050.056 1.5304194784090196e-06
11100.056 1.6207470918412247e-06
11150.056 1.7171819094339868e-06
11200.056 1.7512183191232297e-06
11250.056 2.0792004994732303e-06
11300.056 2.0422051866899965e-06
11350.056 1.7991698087295959e-06
11400.056 1.450223226372062e-06
11450.056 2.049379221926678e-06
11500.056 2.4551321282456307e-06
11550.056 2.310601023058482e-06
11600.056 2.450506400825657e-06
11650.056 2.4251755148672935e-06
11700.056 1.7582048933831096e-06
11750.056 1.840882681356895e-06
11800.056 1.8953557519401013e-06
11850.056 2.593227221050204e-06
11900.056 2.806749692827502e-06
11950.056 2.6486760685299662e-06
12000.056 2.3040683809700265e-06
12050.056 2.793972372490086e-06
12100.056 2.727271500539788e-06
12150.056 3.1683834055197837e-06
12200.056 3.1294168255194895e-06
12250.056 3.446842657999699e-06
12300.056 3.5859539830003567e-06
12350.056 3.538940496000089e-06
12400.056 3.03149595139985e-06
12450.056 2.5379317647300318e-06
12500.056 2.7553092675996646e-06
12550.056 2.8007060956801356e-06
12600.056 3.3429768547000123e-06
12650.056 3.4712008066997755e-06
12700.056 3.826141355600177e-06
12750.056 3.7601615041999376e-06
12800.056 4.041610977199883e-06
12850.056 3.855311849709996e-06
12900.056 3.6230116366896904e-06
12950.056 3.7518087669398166e-06
13000.056 3.932260967579502e-06
13050.056 4.0903325042797434e-06
13100.056 4.114818336729797e-06
13150.056 4.109741327243773e-06
13200.056 3.927645774869968e-06
13250.056 3.562365385455085e-06
13300.056 2.9792603589087143e-06
13350.056 1.656948036607819e-06
13400.056 1.440924245892713e-06
13450.056 1.2028702592465236e-06
13500.056 1.1236779919719513e-06
13550.056 1.0192784434380882e-06
13600.056 9.471375972098541e-07
13650.056 1.1646149661465351e-06
13700.056 1.0194664612856756e-06
13750.056 1.056705493482505e-06
13800.056 1.2612429302160105e-06
13850.056 1.1993351725489246e-06
13900.056 1.179303558470554e-06
13950.056 1.104494424262473e-06
14000.056 1.0220921513917963e-06
14050.056 1.0585139110905786e-06
14100.056 9.00256501957535e-07
14150.056 9.79289536497464e-07
14200.056 8.715380170043225e-07
14250.056 8.52543753477366e-07
14300.056 9.189917268237495e-07
14350.056 9.242542255077517e-07
14400.056 9.868235622655088e-07
14450.056 1.0267177307884962e-06
14500.056 1.2066671335373803e-06
14550.056 1.23781343264092e-06
14600.056 1.3483082968844675e-06
14650.056 1.3323886380774421e-06
14700.056 1.2136928219909053e-06
14750.056 1.3169743564183934e-06
14800.056 1.4078821821754394e-06
14850.056 1.5331241949466776e-06
14900.056 1.5122193786539468e-06
14950.056 1.5435394932892786e-06
15000.056 1.608923966983283e-06
15050.056 1.808661110713604e-06
15100.056 1.8248858921901684e-06
15150.056 1.9351468235921595e-06
15200.056 2.0067319421358317e-06
15250.056 2.070083803559916e-06
15300.056 2.1985698444698745e-06
15350.056 2.31357145335999e-06
15400.056 2.430546003920045e-06
15450.056 2.5641105023401506e-06
15500.056 2.6395165449797666e-06
15550.056 2.813994778419808e-06
15600.056 2.7980968398502563e-06
15650.056 2.9548687345201305e-06
15700.056 3.198196332490808e-06
15750.056 3.3504220397997432e-06
15800.056 3.350137119660494e-06
15850.056 3.0748682960001285e-06
15900.056 3.191974636200203e-06
15950.056 3.235004611999813e-06
16000.056 3.3054007007998788e-06
16050.056 3.405279742700207e-06
16100.056 3.5439764314001185e-06
16150.056 3.3791044729001873e-06
16200.056 3.543983937899847e-06
16250.056 3.468035410799977e-06
16300.056 3.50556155440002e-06
16350.056 3.7231471106998957e-06
16400.056 3.651756886700199e-06
16450.056 3.7676958933002365e-06
16500.056 3.901055666700264e-06
16550.056 4.090016501599988e-06
16600.056 3.835345308120342e-06
16650.056 4.147206555500051e-06
16700.056 3.9314908841596224e-06
16750.056 3.976874570969777e-06
16800.056 4.146876888099837e-06
16850.056 4.185922357679814e-06
16900.056 4.0358257581000575e-06
16950.056 4.010009058249825e-06
17000.056 4.036834726500357e-06
17050.056 3.997358003400076e-06
17100.056 3.794392137240598e-06
17150.056 3.7150952907901063e-06
17200.056 3.3989513857597146e-06
17250.056 3.1466700439499163e-06
17300.056 3.16415314041964e-06
17350.056 3.0346877488703386e-06
17400.056 3.0204446185419725e-06
17450.056 2.7728487182387873e-06
17500.056 2.675756844013475e-06
17550.056 2.5878692273514057e-06
17600.056 2.471260645365897e-06
17650.056 2.4990036344479123e-06
17700.056 2.0837050767427452e-06
17750.056 1.9882248932679824e-06
17800.056 2.0210875632864724e-06
17850.056 1.7515614437701826e-06
17900.056 1.8410337334270138e-06
17950.056 1.7489595506438201e-06
18000.056 1.5997690972920702e-06
18050.056 1.584623145113351e-06
18100.056 1.5198836409308623e-06
18150.056 1.746956426765527e-06
18200.056 1.3548617909572665e-06
18250.056 1.7392276082326048e-06
18300.056 1.605883435410989e-06
18350.056 1.4935590331441747e-06
18400.056 1.46175044692988e-06
18450.056 1.3116680653688377e-06
18500.056 1.3963909594272894e-06
18550.056 1.2681557179481881e-06
18600.056 1.056116470315484e-06
18650.056 1.2127441838532747e-06
18700.056 1.3433040043322792e-06
18750.056 1.3040335721497041e-06
18800.056 1.4035680667644354e-06
18850.056 1.6349314337148922e-06
18900.056 1.567037762467208e-06
18950.056 1.6755544139219568e-06
19000.056 1.7329291404597585e-06
19050.056 1.6366658676779576e-06
19100.056 1.781747317409298e-06
19150.056 1.78885476710807e-06
19200.056 1.7908170424355791e-06
19250.056 1.6740504895057802e-06
19300.056 1.777823340928397e-06
19350.056 1.691298363839994e-06
19400.056 1.397956040398687e-06
19450.056 1.730645672865058e-06
19500.056 1.7352502237288228e-06
19550.056 1.4094586028784208e-06
19600.056 1.6492899687419008e-06
19650.056 1.6626551278729138e-06
19700.056 1.6697486533831277e-06
19750.056 1.5415319358662128e-06
19800.056 1.6513107930337683e-06
19850.056 1.7272958088794557e-06
19900.056 1.4821170277672763e-06
19950.056 1.8123267423499369e-06
20000.056 1.5925618807921706e-06
20050.056 1.7553673916514913e-06
20100.056 1.7861705453531013e-06
20150.056 1.8291559068901953e-06
20200.056 1.8986492753436494e-06
20250.056 1.9943646471198027e-06
20300.056 2.0111115522901614e-06
20350.056 2.1135088759397334e-06
20400.056 2.1087618387490997e-06
20450.056 2.2388872076796505e-06
20500.056 2.2863118742599986e-06
20550.056 2.3241041824100563e-06
20600.056 2.5126587419102955e-06
20650.056 2.4628203768803444e-06
20700.056 2.5901857417903207e-06
20750.056 2.6418617845697117e-06
20800.056 2.769592710120006e-06
20850.056 2.7329842521999273e-06
20900.056 2.907574063289721e-06
20950.056 2.9377906265098958e-06
21000.056 3.069480233699919e-06
21050.056 3.1064383123400275e-06
21100.056 3.1250755514599625e-06
21150.056 3.2911111522000064e-06
21200.056 3.2663435775001674e-06
21250.056 3.4364631427997744e-06
21300.056 3.3194258596600198e-06
21350.056 3.5522443333000655e-06
21400.056 3.4154271912002873e-06
21450.056 3.7257443405999713e-06
21500.056 3.535683042700207e-06
21550.056 3.616872778499851e-06
21600.056 3.698639621500316e-06
21650.056 3.6500769209001323e-06
21700.056 3.8135606901999503e-06
21750.056 3.683172249139979e-06
21800.056 3.685540520599711e-06
21850.056 3.672030496899836e-06
21900.056 3.7696385893002694e-06
21950.056 3.631739549400122e-06
22000.056 3.665917635999988e-06
22050.056 3.5005614246995885e-06
22100.056 3.6227103222000353e-06
22150.056 3.6499764447001815e-06
22200.056 3.506521180760504e-06
22250.056 3.696941184500352e-06
22300.056 3.6417562155398942e-06
22350.056 3.493121619400214e-06
22400.056 3.6218418946601113e-06
22450.056 3.5113445263397357e-06
22500.056 3.5754975482899715e-06
22550.056 3.491074467079502e-06
22600.056 3.525684007820041e-06
22650.056 3.4112507494205995e-06
22700.056 3.3793900520106126e-06
22750.056 3.5257149630799253e-06
22800.056 3.334287417620031e-06
22850.056 3.380784032310278e-06
22900.056 3.427836858169877e-06
22950.056 2.343730205740233e-06
23000.056 2.5846752224001656e-06
23050.056 2.756506124939703e-06
23100.056 2.6371159046547753e-06
23150.056 2.7709339054733564e-06
23200.056 2.6412748128161448e-06
23250.056 2.20063974567464e-06
23300.056 2.321694388739128e-06
23350.056 2.432686019247029e-06
23400.056 2.356115718790103e-06
23450.056 2.434520034460124e-06
23500.056 2.4697257625197092e-06
23550.056 2.2136031136104482e-06
23600.056 2.204857012919327e-06
23650.056 2.3841465657277343e-06
23700.056 2.2655585648176134e-06
23750.056 2.2965597226644605e-06
23800.056 2.254852100866063e-06
23850.056 1.956679534439199e-06
23900.056 2.2108529734209613e-06
23950.056 2.3016774260205033e-06
24000.056 2.165985465189451e-06
24050.056 2.1728681420502128e-06
24100.056 1.951094727739636e-06
24150.056 1.94604130372045e-06
24200.056 1.947419937449327e-06
24250.056 1.8832429191301468e-06
24300.056 1.853611850710088e-06
24350.056 1.6630127409801603e-06
24400.056 1.883686608359934e-06
24450.056 1.6348060410818172e-06
24500.056 1.5461136842348706e-06
24550.056 1.5006927250541663e-06
24600.056 1.5674246546802165e-06
24650.056 1.699718591046039e-06
24700.056 1.3614252601679323e-06
24750.056 1.3019372110873422e-06
24800.056 1.2746061062422266e-06
24850.056 1.5340025002399558e-06
24900.056 1.0846319007896018e-06
24950.056 1.4386748716098505e-06
25000.056 1.2808996511041346e-06
25050.056 9.69479705158269e-07
25100.056 1.210296634254982e-06
25150.056 1.02316728628493e-06
25200.056 1.1006701259159309e-06
25250.056 9.974973375977865e-07
25300.056 1.1390106957180613e-06
25350.056 9.037296699229887e-07
25400.056 1.0660483796813375e-06
25450.056 9.002272624979774e-07
25500.056 9.77181200677287e-07
25550.056 9.222357830400752e-07
25600.056 9.594826434479882e-07
25650.056 8.267163674509622e-07
25700.056 1.14633480658259e-06
25750.056 7.627767015131658e-07
25800.056 1.0899337626111978e-06
25850.056 9.027040028578512e-07
25900.056 1.0598658597911596e-06
25950.056 8.586706344179985e-07
26000.056 1.0942951853404493e-06
26050.056 1.0921593311190414e-06
26100.056 1.1568412236130077e-06
26150.056 1.1184688725527677e-06
26200.056 1.0722335205730048e-06
26250.056 1.1485250582970862e-06
26300.056 1.108614217761086e-06
26350.056 1.2016432822079446e-06
26400.056 1.2263412363617497e-06
26450.056 1.1994105013911422e-06
26500.056 1.2730216267955774e-06
26550.056 1.1753208578257239e-06
26600.056 1.4526644526787371e-06
26650.056 1.0435400859588175e-06
26700.056 1.0765200801760581e-06
26750.056 8.757699865305989e-07
26800.056 1.0497048841077314e-06
26850.056 7.864771892470434e-07
26900.056 1.1057858446120497e-06
26950.056 7.301160829439231e-07
27000.056 1.0558499531892186e-06
27050.056 8.763224515279778e-07
27100.056 8.801423327527892e-07
27150.056 9.721581247870125e-07
27200.056 9.414775623462e-07
27250.056 8.782674988803497e-07
27300.056 1.1093082569540753e-06
27350.056 1.0238505511206653e-06
27400.056 8.006710181209271e-07
27450.056 1.1808748796836136e-06
27500.056 1.0779813595419422e-06
27550.056 9.538105682778974e-07
27600.056 1.2018411160938535e-06
27650.056 8.779472132089191e-07
27700.056 8.317838983950787e-07
27750.056 1.2060533770865699e-06
27800.056 8.237858284319474e-07
27850.056 9.243432855125911e-07
27900.056 9.632651977910703e-07
27950.056 1.1622265302749384e-06
28000.056 1.063513320168295e-06
28050.056 7.655066117172194e-07
28100.056 1.22587519630136e-06
28150.056 9.352644854900497e-07
28200.056 7.708819614610357e-07
28250.056 1.0727146775400313e-06
28300.056 1.259181483765176e-06
28350.056 8.754215702807216e-07
28400.056 9.942631068219785e-07
28450.056 1.0645743670647807e-06
28500.056 1.042117355769745e-06
28550.056 7.019806682977659e-07
28600.056 1.2391013809719547e-06
28650.056 1.1053378814329358e-06
28700.056 9.781244755608217e-07
28750.056 1.1411622194539902e-06
