galfind/configs/Brown_Dwarf_templates/sonora_bobcat/m0.0/316g/sp_t700g316nc_m0.0_resample.dat
# %ECSV 1.0
# ---
# datatype:
# - {name: wav, unit: Angstrom, datatype: float64}
# - {name: flux_nu, unit: erg / (cm2 Hz s), datatype: float64}
# meta: {C/O: '1.00', Kzz: '1.0000E+05', Teff: '700.', Y: '0.28', '[Fe/H]': '0.00', f_hole: '1.00', f_rain: '0.00', grav: '316.'}
# schema: astropy-2.0
wav flux_nu
[from data line 499]
28950.056 1.0958217003396823e-08
29000.056 9.027703139887105e-09
29050.056 1.1211390889108165e-08
29100.056 7.420011180698493e-09
29150.056 1.2558300992659496e-08
29200.056 1.0092750856364949e-08
29250.056 1.5249752353236183e-08
29300.056 7.401369691749488e-09
29350.056 2.2875460647165437e-08
29400.056 1.0559993959823358e-08
29450.056 1.1388277658056383e-08
29500.056 1.5727259800993172e-08
29550.056 1.1132415642216537e-08
29600.056 1.4213267076759795e-08
29650.056 1.9384387778307875e-08
29700.056 1.0620426134770501e-08
29750.056 1.795808849292663e-08
29800.056 1.7519186224269717e-08
29850.056 2.0333619557453525e-08
29900.056 1.783587835179291e-08
29950.056 1.655064582884856e-08
30000.056 1.9378269641397025e-09
30050.056 4.3402176834526284e-09
30100.056 7.1704529734136635e-09
30150.056 1.6035609513648942e-08
30200.056 1.3863980703866517e-08
30250.056 2.5872820043517815e-08
30300.056 2.5336868899272402e-08
30350.056 1.5923558501796217e-08
30400.056 2.8210843490091364e-08
30450.056 1.782388732162805e-08
30500.056 1.7391032317459247e-08
30550.056 1.6267519538469412e-08
30600.056 2.8115884613142485e-08
30650.056 1.77572620072576e-08
30700.056 1.5550935317753892e-08
30750.056 2.1426631907143658e-08
30800.056 1.6804655729878047e-08
30850.056 1.6860961604917263e-08
30900.056 1.1543341793180393e-08
30950.056 1.2423806232768822e-08
31000.056 1.1643981639782461e-08
31050.056 1.1877493374005038e-08
31100.056 7.939414763862897e-09
31150.056 1.245657867604891e-08
31200.056 1.6050966955703425e-08
31250.056 1.0460715747931363e-08
31300.056 8.314514157441939e-09
31350.056 1.071135211045759e-08
31400.056 7.96102347058736e-09
31450.056 9.053038581457624e-09
31500.056 5.230758423688571e-09
31550.056 6.979930816749159e-09
31600.056 4.924313431728576e-09
31650.056 4.550793259844938e-09
31700.056 4.983535331710375e-09
31750.056 3.1040917370568534e-09
31800.056 5.3941256342403256e-09
31850.056 2.399890971285547e-09
31900.056 3.88465595023013e-09
31950.056 2.3058376389316584e-09
32000.056 3.0461869617631465e-09
32050.056 3.3650677057660076e-09
32100.056 2.991101024062061e-09
32150.056 3.793329576597798e-09
32200.056 2.4453642440601476e-09
32250.056 4.740026410359539e-09
32300.056 2.274463353402134e-09
32350.056 4.790596178119867e-09
32400.056 2.1312421609996584e-09
32450.056 4.2389051933351745e-09
32500.056 2.8696408793200085e-09
32550.056 3.6329965727620545e-09
32600.056 3.8305580678069986e-09
32650.056 6.671743379481573e-09
32700.056 4.77786234305783e-09
32750.056 8.452396500211848e-09
32800.056 7.498995475469713e-09
32850.056 1.002591459179897e-08
32900.056 1.0196265457571155e-08
32950.056 1.1047542661967794e-08
33000.056 7.852142872578252e-09
33050.056 8.510893169002842e-09
33100.056 3.2009850691852018e-09
33150.056 9.834373540848788e-11
33200.056 2.512954700594348e-10
33250.056 1.9637127636846076e-10
33300.056 4.538919350540945e-10
33350.056 1.167690879024889e-09
33400.056 2.338275318355189e-09
33450.056 2.98907179596423e-09
33500.056 6.542457822184392e-09
33550.056 3.6205525705779887e-09
33600.056 7.083685034127766e-09
33650.056 7.004020765009948e-09
33700.056 4.685852127142939e-09
33750.056 9.163045609660828e-09
33800.056 3.692571449204396e-09
33850.056 6.5402231202624005e-09
33900.056 5.564743256584223e-09
33950.056 5.40309826117285e-09
34000.056 8.335449397348384e-09
34050.056 2.942754741709987e-09
34100.056 7.619364653882453e-09
34150.056 4.5305029004260804e-09
34200.056 7.080677243180318e-09
34250.056 6.0845169259683306e-09
34300.056 4.972972108968052e-09
34350.056 6.265625596800195e-09
34400.056 3.8116142960140945e-09
34450.056 7.4252285539356356e-09
34500.056 5.6920486429126516e-09
34550.056 3.377098566960256e-09
34600.056 9.44932181580057e-09
34650.056 4.0149470176614455e-09
34700.056 7.620682266760042e-09
34750.056 6.403686052588214e-09
34800.056 4.972698776525444e-09
34850.056 9.047048490091341e-09
34900.056 6.341194045156002e-09
34950.056 8.775597621897608e-09
35000.056 1.5120559368181375e-08
35050.056 7.348265509025569e-09
35100.056 1.3219493789072171e-08
35150.056 1.2277552509263915e-08
35200.056 1.124902378526953e-08
35250.056 1.746598260334084e-08
35300.056 1.0142336017751596e-08
35350.056 1.2092775792568562e-08
35400.056 1.3257909748288253e-08
35450.056 8.830300278199508e-09
35500.056 2.1840358332545394e-08
35550.056 1.6976442945047958e-08
35600.056 1.5961994647109986e-08
35650.056 1.7800427463102262e-08
35700.056 1.568403380366666e-08
35750.056 2.2825017595518474e-08
35800.056 2.626151292148178e-08
35850.056 1.4029325069849835e-08
35900.056 2.014900013181604e-08
35950.056 2.1574606830814523e-08
36000.056 2.117285591190308e-08
36050.056 1.8823436455592912e-08
36100.056 1.845990375367311e-08
36150.056 2.4668080068073532e-08
36200.056 2.78314765019725e-08
36250.056 2.2565488905317043e-08
36300.056 3.408403881382298e-08
36350.056 2.8170790125785518e-08
36400.056 3.220709481581176e-08
36450.056 3.397118437493997e-08
36500.056 3.7543948024467445e-08
36550.056 4.2759638422161364e-08
36600.056 4.92312726379891e-08
36650.056 4.240790480806662e-08
36700.056 4.370476464235554e-08
36750.056 5.156213317032072e-08
36800.056 5.3688920297797415e-08
36850.056 4.32539403398341e-08
36900.056 5.315944674293612e-08
36950.056 5.7812488287988573e-08
37000.056 4.915456765419104e-08
37050.056 5.8437937743498773e-08
37100.056 5.358647001385285e-08
37150.056 5.118396091367867e-08
37200.056 6.607208621599032e-08
37250.056 5.4833189963787985e-08
37300.056 4.8204298814507936e-08
37350.056 6.042626193213246e-08
37400.056 8.355974095099892e-08
37450.056 5.378613454266409e-08
37500.056 5.8118868760896225e-08
37550.056 8.182964318204121e-08
37600.056 9.789743656501515e-08
37650.056 5.452075756530561e-08
37700.056 8.687646120020781e-08
37750.056 6.355206209950778e-08
37800.056 6.957873463492677e-08
37850.056 4.7060622779403784e-08
37900.056 5.566891897151404e-08
37950.056 7.618658127014894e-08
38000.056 8.217463052289615e-08
38050.056 8.779042377682595e-08
38100.056 9.777913777986899e-08
38150.056 1.0336440302199859e-07
38200.056 1.0251028675511263e-07
38250.056 9.485196407321076e-08
38300.056 1.311443537379709e-07
38350.056 1.3123393749202855e-07
38400.056 8.070947800495805e-08
38450.056 7.216351441436555e-08
38500.056 5.191991400330936e-08
38550.056 9.15800119140287e-08
38600.056 9.088359784248804e-08
38650.056 9.809968397898218e-08
38700.056 1.0153875320999784e-07
38750.056 1.0120249177300813e-07
38800.056 9.441900158957187e-08
38850.056 1.0108743653781095e-07
38900.056 1.2717394184078753e-07
38950.056 9.515914568259531e-08
39000.056 1.1548937289568233e-07
39050.056 1.0245352752402735e-07
39100.056 1.1167126682498897e-07
39150.056 1.2600850245479962e-07
39200.056 1.1149492648508536e-07
39250.056 1.3809773337699484e-07
39300.056 1.1571180264797322e-07
39350.056 1.5533579014200903e-07
39400.056 1.2228588725343488e-07
39450.056 1.3803311116979012e-07
39500.056 1.429994414790203e-07
39550.056 1.1797855566505513e-07
39600.056 1.4524983672198306e-07
39650.056 1.677192745199847e-07
39700.056 1.5454248876701666e-07
39750.056 1.142360259426408e-07
39800.056 1.3234361368799289e-07
39850.056 1.8529718723800775e-07
39900.056 1.8525927348300472e-07
39950.056 1.4603909604397944e-07
40000.056 1.9032832123101835e-07
40050.056 1.7806366543900055e-07
40100.056 1.247440773399311e-07
40150.056 1.8079244253340456e-07
40200.056 1.8620163830295425e-07
40250.056 1.9255547328694802e-07
40300.056 1.9033191801402044e-07
40350.056 1.658512855029754e-07
40400.056 2.0811251877480595e-07
40450.056 1.558608132301903e-07
40500.056 2.1142356659198274e-07
40550.056 2.202574460923469e-07
40600.056 2.0100086701801772e-07
40650.056 1.8000862371525102e-07
40700.056 2.62871971699987e-07
40750.056 1.9857121508796344e-07
40800.056 1.5580951061093266e-07
40850.056 2.688425907700487e-07
40900.056 2.483231434419986e-07
40950.056 2.1538436324961882e-07
41000.056 2.0876232072999022e-07
41050.056 2.7755050081995485e-07
41100.056 2.37462862869988e-07
41150.056 1.5782300892528643e-07
41200.056 2.6886821480800673e-07
41250.056 2.337915684067826e-07
41300.056 2.16386074777977e-07
41350.056 2.82274188880002e-07
41400.056 2.5027653510402594e-07
41450.056 2.8036664664798605e-07
41500.056 2.121729393193448e-07
41550.056 2.049045188621543e-07
41600.056 2.4101747296643183e-07
41650.056 2.6245453019201416e-07
41700.056 2.522461149099456e-07
41750.056 2.4120246938897566e-07
41800.056 2.8657134886003816e-07
41850.056 2.075763874139821e-07
41900.056 2.3398479979614832e-07
41950.056 2.5099755395903286e-07
42000.056 2.2420715123591735e-07
42050.056 2.0099245688022943e-07
42100.056 2.8270779048597435e-07
42150.056 2.0982985629301368e-07
42200.056 2.0703582745099553e-07
42250.056 2.1840283265899388e-07
42300.056 2.0703352653399726e-07
42350.056 2.5712728777203176e-07
42400.056 2.615698828000314e-07
42450.056 2.2413062145104786e-07
42500.056 2.2536422017199045e-07
42550.056 2.0583082574397811e-07
42600.056 2.3330646143105974e-07
42650.056 3.1012492533992036e-07
42700.056 2.2105074050094274e-07
42750.056 2.1448424258402375e-07
42800.056 2.5905089843602795e-07
42850.056 2.863558247799242e-07
42900.056 3.086703034900516e-07
42950.056 2.343861562079511e-07
43000.056 2.7094005525001893e-07
43050.056 1.6719525944804848e-07
43100.056 2.3805258631497143e-07
43150.056 2.1010427730002043e-07
43200.056 2.601282293920107e-07
43250.056 3.4267432169002675e-07
43300.056 3.280225311500111e-07
43350.056 1.9326736345294968e-07
43400.056 2.56396509630001e-07
43450.056 2.0325275395403005e-07
43500.056 2.1548219975402516e-07
43550.056 2.2306941598282365e-07
43600.056 2.9764275785203145e-07
43650.056 2.0243956728500567e-07
43700.056 3.2735020995803936e-07
43750.056 2.833119753650177e-07
43800.056 2.637118335959739e-07
43850.056 2.3565691826303523e-07
43900.056 2.3684819621797827e-07
43950.056 1.6779747670398024e-07
44000.056 1.5546431661750018e-07
44050.056 2.903432987050074e-07
44100.056 3.658055362600126e-07
44150.056 3.5059207816198487e-07
44200.056 3.000804199730005e-07
44250.056 2.0287769920700105e-07
44300.056 1.7169127038503005e-07
44350.056 1.9837708311084627e-07
44400.056 1.8720882914498722e-07
44450.056 2.671428257239921e-07
44500.056 2.5376206799905244e-07
44550.056 3.3174207284997e-07
44600.056 2.927509410691136e-07
44650.056 2.7824286914302396e-07
44700.056 1.99194784791989e-07
44750.056 2.655981439880477e-07
44800.056 2.2324758300302177e-07
44850.056 2.935776622900296e-07
44900.056 2.2918872078801174e-07
44950.056 2.576272975670133e-07
45000.056 2.823651554400051e-07
45050.056 2.7152532014297923e-07
45100.056 2.656115091320088e-07
45150.056 2.6095524678087257e-07
45200.056 2.0563888018701656e-07
45250.056 2.3172917166594284e-07
45300.056 2.0667136166102867e-07
45350.056 2.0256702636401165e-07
45400.056 3.318512497300328e-07
45450.056 2.9705721145401044e-07
45500.056 3.157346181890158e-07
45550.056 3.482799522899225e-07
45600.056 3.35514288610043e-07
45650.056 2.755900535529862e-07
45700.056 2.137552728680004e-07
45750.056 2.0240972261000308e-07
45800.056 3.533253943890108e-07
45850.056 3.3232891326498847e-07
45900.056 3.608225848300041e-07
45950.056 2.886341663459934e-07
46000.056 3.4287209329003157e-07
46050.056 2.749837141730064e-07
46100.056 3.6648060641997313e-07
46150.056 2.556462470589985e-07
46200.056 2.3885901176199467e-07
46250.056 1.3820856917698064e-07
46300.056 2.7267600978600026e-07
46350.056 2.738323892560264e-07
46400.056 2.5977247810801003e-07
46450.056 2.352095832670175e-07
46500.056 2.594718799240565e-07
46550.056 1.7920858716600727e-07
46600.056 2.3771227251557414e-07
46650.056 3.4433556332101445e-07
46700.056 2.382395568419564e-07
46750.056 1.5970848560881695e-07
46800.056 1.2199000564500705e-07
46850.056 3.359282872210476e-07
46900.056 3.134988185679846e-07
46950.056 3.0335197337997616e-07
47000.056 2.8649946657404323e-07
47050.056 2.4465391582231777e-07
47100.056 1.740740093358192e-07
47150.056 2.386477355260371e-07
47200.056 2.851568699779954e-07
47250.056 1.909593751519796e-07
47300.056 1.379032631912146e-07
47350.056 3.2135741899999113e-07
47400.056 2.829769880399761e-07
47450.056 2.6352675349513597e-07
47500.056 3.183118149379688e-07
47550.056 2.7935191263300934e-07
47600.056 2.816341671679806e-07
47650.056 2.6461515331517147e-07
47700.056 2.36560062459465e-07
47750.056 1.8050979817800495e-07
47800.056 1.7384947568101373e-07
47850.056 1.1573014189351233e-07
47900.056 1.555644039211808e-07
47950.056 2.5062653261001045e-07
48000.056 3.3205162146003023e-07
48050.056 2.901890141339893e-07
48100.056 1.533158641612103e-07
48150.056 2.2801241532100755e-07
48200.056 1.8895012996299912e-07
48250.056 2.113998825040069e-07
48300.056 3.1131863160996115e-07
48350.056 1.9807944925999848e-07
48400.056 9.383803853958114e-08
48450.056 1.71371643589639e-07
48500.056 2.3228140682695848e-07
48550.056 2.2310680794801383e-07
48600.056 2.4130554618700547e-07
48650.056 2.8525351097998654e-07
48700.056 2.2005966194701445e-07
48750.056 1.4290486229806038e-07
48800.056 2.803687287250077e-07
48850.056 1.7498514805396776e-07
48900.056 2.581835216203853e-07
48950.056 1.650735822260085e-07
49000.056 9.615777647459541e-08
49050.056 2.2339133783397074e-07
49100.056 2.5143658150404095e-07
49150.056 1.9762779985350744e-07
49200.056 2.7577464493004196e-07
49250.056 2.6568324811402954e-07
49300.056 2.3032481696399394e-07
49350.056 1.2528526255252348e-07
49400.056 1.7436374888096458e-07
49450.056 1.7967117617505053e-07
49500.056 1.4719562550998735e-07
49550.056 6.353365801190367e-08
49600.056 1.2344526812794226e-07
49650.056 1.760598740559897e-07
49700.056 1.7938139448994822e-07
49750.056 2.1237922011498054e-07
49800.056 1.6011747973800005e-07
49850.056 2.5034542119804205e-07
49900.056 2.051442406339868e-07
49950.056 1.938473864809976e-07
50000.056 1.760982179489781e-07
50050.056 2.1340664645999587e-07
50100.056 1.7137047800699611e-07
50150.056 1.0634300446298552e-07
50200.056 4.119313883521104e-08
50250.056 1.4101732941298979e-07
50300.056 1.0476232895411147e-07
50350.056 2.0367420456502386e-07
50400.056 1.9004721641398645e-07
50450.056 1.446825105298043e-07
50500.056 2.0726761699901904e-07
50550.056 1.8850016303301076e-07
50600.056 1.4543500810096464e-07
50650.056 2.1304691195903679e-07
50700.056 2.2499047192695945e-07
50750.056 1.626041674370195e-07
50800.056 8.60316680111865e-08
50850.056 6.98960433514243e-08
50900.056 2.0412450730599816e-07
50950.056 1.6157589402300423e-07
51000.056 1.5903951445031105e-07
51050.056 1.7790385427998404e-07
51100.056 8.557981418298965e-08
51150.056 1.1456376179832568e-07
51200.056 2.3566935137998546e-07
51250.056 1.5558577576297605e-07
51300.056 1.1695647251004048e-07
51350.056 1.2919674879798667e-07
51400.056 6.930523152660578e-08
51450.056 5.6271066426754835e-08
51500.056 5.643454173495939e-08
51550.056 1.4380941835941317e-07
51600.056 1.0611384876861741e-07
51650.056 1.1927909750398238e-07
51700.056 1.3601760392128982e-07
51750.056 9.494084339651023e-08
51800.056 1.5060356802196937e-07
51850.056 1.29351884122992e-07
51900.056 1.8738893189400656e-07
51950.056 1.3156134742898752e-07
52000.056 3.3610010922490816e-08
52050.056 8.680389127231098e-08
52100.056 6.330998018699509e-08
52150.056 4.813202618020647e-08
52200.056 7.263163102369983e-08
52250.056 9.970170469301778e-08
52300.056 1.4982173433899465e-07
52350.056 8.069816097080107e-08
52400.056 6.782335454420502e-08
52450.056 1.440680205480113e-07
52500.056 1.328173371249644e-07
52550.056 1.2905280255098406e-07
52600.056 1.01730751296003e-07
52650.056 1.1243786754601655e-07
52700.056 9.070247891179796e-08
52750.056 5.4876016565195095e-08
52800.056 7.616475322301e-08
52850.056 8.572896079107438e-08
52900.056 6.434925005489792e-08
52950.056 7.799072562420522e-08
53000.056 1.114327481020107e-07
53050.056 5.622904547528595e-08
53100.056 1.0718423231198604e-07
53150.056 1.3450475113801546e-07
53200.056 5.94887112925962e-08
53250.056 1.1838589201700783e-07
53300.056 1.3620651359676187e-07
53350.056 1.1604769091299979e-07
53400.056 9.48946590609943e-08
53450.056 4.884914602398855e-08
53500.056 2.0125732620053087e-08
