galfind/configs/Brown_Dwarf_templates/sonora_bobcat/m0.0/316g/sp_t850g316nc_m0.0_resample.dat
# %ECSV 1.0
# ---
# datatype:
# - {name: wav, unit: Angstrom, datatype: float64}
# - {name: flux_nu, unit: erg / (cm2 Hz s), datatype: float64}
# meta: {C/O: '1.00', Kzz: '1.0000E+05', Teff: '850.', Y: '0.28', '[Fe/H]': '0.00', f_hole: '1.00', f_rain: '0.00', grav: '316.'}
# schema: astropy-2.0
wav flux_nu
[from data line 498]
28900.056 1.9363953983222794e-08
28950.056 4.0328035152703527e-08
29000.056 3.3025458140599515e-08
29050.056 3.8184217496230956e-08
29100.056 2.671783102941767e-08
29150.056 4.785900099305742e-08
29200.056 3.388985072185022e-08
29250.056 4.877700622455369e-08
29300.056 2.637809619877735e-08
29350.056 7.514132211596074e-08
29400.056 3.809890263646463e-08
29450.056 4.153017173528689e-08
29500.056 4.9652708594982075e-08
29550.056 4.126267936496239e-08
29600.056 4.9777035942938575e-08
29650.056 5.604408070828897e-08
29700.056 3.855922220582877e-08
29750.056 5.638477099342501e-08
29800.056 5.70765474178807e-08
29850.056 6.26036873026385e-08
29900.056 5.904380085914064e-08
29950.056 5.6402215080813756e-08
30000.056 1.6711964137023765e-08
30050.056 2.5462498372783e-08
30100.056 2.9240397188201238e-08
30150.056 5.561493111299508e-08
30200.056 4.598831488128288e-08
30250.056 7.591902662070906e-08
30300.056 6.842307201800599e-08
30350.056 5.42863811384759e-08
30400.056 7.466111095956114e-08
30450.056 5.062278347784769e-08
30500.056 4.6715627236361185e-08
30550.056 4.76511035453168e-08
30600.056 6.375874199420186e-08
30650.056 4.663364638219622e-08
30700.056 4.2616559586069434e-08
30750.056 5.0050870930091934e-08
30800.056 4.21946248311094e-08
30850.056 3.957220360060506e-08
30900.056 3.19159774295028e-08
30950.056 3.186088964921699e-08
31000.056 2.9394659480604393e-08
31050.056 3.043504651019918e-08
31100.056 2.2380139792598753e-08
31150.056 3.01653547517684e-08
31200.056 3.42033740704081e-08
31250.056 2.3993168680977395e-08
31300.056 2.142108141341609e-08
31350.056 2.3739448741162305e-08
31400.056 1.8136404753921266e-08
31450.056 2.0622219564694973e-08
31500.056 1.4451349019127076e-08
31550.056 1.727304598000958e-08
31600.056 1.312085526103673e-08
31650.056 1.204476774339277e-08
31700.056 1.282854444499959e-08
31750.056 9.43301380851842e-09
31800.056 1.3738157300499249e-08
31850.056 8.600458886045374e-09
31900.056 1.1656450913580478e-08
31950.056 7.358073605182675e-09
32000.056 9.77350336212914e-09
32050.056 1.0439709737349638e-08
32100.056 9.689715833575944e-09
32150.056 1.1360432568219212e-08
32200.056 8.619013783780003e-09
32250.056 1.3409633099593313e-08
32300.056 8.103307457015133e-09
32350.056 1.3933214982319243e-08
32400.056 8.18546667486783e-09
32450.056 1.2631513373266514e-08
32500.056 1.0632719079117514e-08
32550.056 1.130975211760888e-08
32600.056 1.3030864419591036e-08
32650.056 1.8611228633325357e-08
32700.056 1.5575040640804256e-08
32750.056 2.0949796926513394e-08
32800.056 1.968346224861371e-08
32850.056 2.29858890966977e-08
32900.056 2.474645175509446e-08
32950.056 2.6055509809988773e-08
33000.056 2.097652496907408e-08
33050.056 2.0716516028308305e-08
33100.056 9.808049536216426e-09
33150.056 1.4034557652650953e-09
33200.056 1.7698369004239824e-09
33250.056 1.1853171216597118e-09
33300.056 1.7838117456004534e-09
33350.056 3.5393725908501127e-09
33400.056 5.718656488577986e-09
33450.056 8.049227423887126e-09
33500.056 1.3950600614307742e-08
33550.056 1.0787133271458362e-08
33600.056 1.7775832032638253e-08
33650.056 1.8233319817359717e-08
33700.056 1.4150608995124702e-08
33750.056 2.2568646102885054e-08
33800.056 1.4011431599673523e-08
33850.056 1.9052093045317266e-08
33900.056 1.5366778294559688e-08
33950.056 1.5922822354045398e-08
34000.056 2.1416926470567366e-08
34050.056 1.0470300795333353e-08
34100.056 2.0503855269082796e-08
34150.056 1.435318926909538e-08
34200.056 1.77740104954518e-08
34250.056 1.7018199397772364e-08
34300.056 1.4274398759021576e-08
34350.056 1.5081844645100467e-08
34400.056 1.1666267154243566e-08
34450.056 1.831313586719238e-08
34500.056 1.5806145208022447e-08
34550.056 1.0982119812360451e-08
34600.056 2.2194391341000058e-08
34650.056 1.2909736429800771e-08
34700.056 1.849904611979936e-08
34750.056 1.7380151735763466e-08
34800.056 1.4438312202426478e-08
34850.056 2.007304790975397e-08
34900.056 1.8177764330700317e-08
34950.056 2.0794891761295452e-08
35000.056 3.207153774325534e-08
35050.056 1.848290411288219e-08
35100.056 2.692549831330252e-08
35150.056 2.6198028601336763e-08
35200.056 2.58254561767585e-08
35250.056 3.581272418170761e-08
35300.056 2.4731234074404668e-08
35350.056 2.6900751850731894e-08
35400.056 3.04136704711975e-08
35450.056 2.068160275186192e-08
35500.056 4.250681124449524e-08
35550.056 3.665926685829533e-08
35600.056 3.3467541734016823e-08
35650.056 3.773187077269216e-08
35700.056 3.315854419175221e-08
35750.056 4.412302954179598e-08
35800.056 5.434748059980191e-08
35850.056 3.256966145120772e-08
35900.056 4.530306317985692e-08
35950.056 4.4915190819090154e-08
36000.056 4.422105768770674e-08
36050.056 4.184773280948666e-08
36100.056 4.2007979779956333e-08
36150.056 4.89593312829888e-08
36200.056 5.431961198518675e-08
36250.056 4.7539714423308556e-08
36300.056 6.252424447057325e-08
36350.056 5.649571906440671e-08
36400.056 5.964882464519008e-08
36450.056 6.634488108696193e-08
36500.056 7.029230408048235e-08
36550.056 7.692448889802234e-08
36600.056 8.852507662299008e-08
36650.056 8.060199940172564e-08
36700.056 8.424129142466148e-08
36750.056 9.497766276603562e-08
36800.056 9.604287883499816e-08
36850.056 8.523351356848409e-08
36900.056 9.687568200839113e-08
36950.056 1.0687366194698247e-07
37000.056 9.69954706469896e-08
37050.056 1.0543965092499953e-07
37100.056 1.0536996776199941e-07
37150.056 9.722983544560138e-08
37200.056 1.1838865043698952e-07
37250.056 1.0820983677677736e-07
37300.056 9.697606281975839e-08
37350.056 1.1007219381801814e-07
37400.056 1.4934331602199665e-07
37450.056 1.1030417880239422e-07
37500.056 1.1260410036569098e-07
37550.056 1.4428879563507081e-07
37600.056 1.6439851238001775e-07
37650.056 1.1011881786300965e-07
37700.056 1.5884663845341425e-07
37750.056 1.2225523909100974e-07
37800.056 1.3317057032165967e-07
37850.056 9.90003576650056e-08
37900.056 1.1341250608803575e-07
37950.056 1.3871739989407626e-07
38000.056 1.5765119629629446e-07
38050.056 1.5927605241743875e-07
38100.056 1.676411697552189e-07
38150.056 1.8048501654199565e-07
38200.056 1.855715227650291e-07
38250.056 1.7182665586401195e-07
38300.056 2.2229915575896064e-07
38350.056 2.2517383229403672e-07
38400.056 1.542349020929424e-07
38450.056 1.5487523076794715e-07
38500.056 1.1739101846302396e-07
38550.056 1.7668533691104608e-07
38600.056 1.7495759349998531e-07
38650.056 1.840578365749741e-07
38700.056 1.9487608830199822e-07
38750.056 1.9979616208600442e-07
38800.056 1.7787765140693382e-07
38850.056 1.9051625146302293e-07
38900.056 2.3224147188599187e-07
38950.056 1.8772222731298754e-07
39000.056 2.1535693731198243e-07
39050.056 1.9965062116902052e-07
39100.056 2.100435204210004e-07
39150.056 2.250518091779972e-07
39200.056 2.1225832228898146e-07
39250.056 2.477078831389808e-07
39300.056 2.167305757289447e-07
39350.056 2.705678505880196e-07
39400.056 2.322951371860531e-07
39450.056 2.475284687189885e-07
39500.056 2.500499463620265e-07
39550.056 2.341235297519638e-07
39600.056 2.6420684449694967e-07
39650.056 2.921968511199834e-07
39700.056 2.740955740780271e-07
39750.056 2.2432953486406585e-07
39800.056 2.5488793378596817e-07
39850.056 3.189302419200071e-07
39900.056 3.1381302542000445e-07
39950.056 2.8083341535796037e-07
40000.056 3.392372643420388e-07
40050.056 3.111892019900064e-07
40100.056 2.537870111278141e-07
40150.056 3.2330724326399963e-07
40200.056 3.312811067299159e-07
40250.056 3.2986983998491437e-07
40300.056 3.287337216100408e-07
40350.056 3.1320890769796975e-07
40400.056 3.669934286364145e-07
40450.056 3.1030933784101214e-07
40500.056 3.664291948299946e-07
40550.056 3.781643819199348e-07
40600.056 3.5438667070003364e-07
40650.056 3.3180440387543103e-07
40700.056 4.41049859714985e-07
40750.056 3.519673320099332e-07
40800.056 2.942208045378805e-07
40850.056 4.382707231300777e-07
40900.056 4.155470645800107e-07
40950.056 3.7039255420001844e-07
41000.056 3.762814041559888e-07
41050.056 4.5381191084994553e-07
41100.056 3.898247115299772e-07
41150.056 2.9779667082897137e-07
41200.056 4.3693670024399513e-07
41250.056 3.893128724479795e-07
41300.056 3.547967478699402e-07
41350.056 4.579310771400258e-07
41400.056 4.1154913936004745e-07
41450.056 4.424921940400122e-07
41500.056 3.5682843258268585e-07
41550.056 3.5022219617207447e-07
41600.056 4.14740493857052e-07
41650.056 4.26922110910025e-07
41700.056 3.9316647609991304e-07
41750.056 3.9667800701997357e-07
41800.056 4.723069795700175e-07
41850.056 3.285044111979893e-07
41900.056 3.89852118809924e-07
41950.056 4.0769830592006013e-07
42000.056 3.873952456199261e-07
42050.056 3.3835729473200937e-07
42100.056 4.725456558600062e-07
42150.056 3.4273649342901646e-07
42200.056 3.378404939929963e-07
42250.056 3.6584357906596604e-07
42300.056 3.4519093269399276e-07
42350.056 4.1245900398005996e-07
42400.056 4.039841309600616e-07
42450.056 3.491501323980461e-07
42500.056 3.5124766495499484e-07
42550.056 3.311065968839737e-07
42600.056 3.6553964005107137e-07
42650.056 4.579901728798741e-07
42700.056 3.655793986259382e-07
42750.056 3.3951291618002684e-07
42800.056 3.863909621650449e-07
42850.056 4.299793555098833e-07
42900.056 4.577177197060793e-07
42950.056 3.547275358499061e-07
43000.056 4.0839959457802697e-07
43050.056 2.7251220272109735e-07
43100.056 3.6530587931995067e-07
43150.056 3.3566801705003344e-07
43200.056 3.8988713138000924e-07
43250.056 4.890440092800313e-07
43300.056 4.77386624460021e-07
43350.056 3.0681269326791706e-07
43400.056 3.841448782959894e-07
43450.056 3.2540876992305625e-07
43500.056 3.391377688260153e-07
43550.056 3.4675144346604076e-07
43600.056 4.427716813160435e-07
43650.056 3.193727119850094e-07
43700.056 4.597092080500429e-07
43750.056 4.130551381260474e-07
43800.056 3.878219686209554e-07
43850.056 3.4593839370006223e-07
43900.056 3.7034543020896146e-07
43950.056 2.6996857722596595e-07
44000.056 2.5099736456500245e-07
44050.056 4.091015338400087e-07
44100.056 4.910973545500311e-07
44150.056 4.770278929419664e-07
44200.056 4.162078052100002e-07
44250.056 3.106493656860057e-07
44300.056 2.7435184447504777e-07
44350.056 3.1019466448307314e-07
44400.056 2.9871557937798593e-07
44450.056 3.762351918219804e-07
44500.056 3.7179749613808146e-07
44550.056 4.5288093419995517e-07
44600.056 3.951764255000293e-07
44650.056 3.9924821789804336e-07
44700.056 2.995684430239903e-07
44750.056 3.786132433930493e-07
44800.056 3.4060912462203614e-07
44850.056 4.116819741600546e-07
44900.056 3.291924124480269e-07
44950.056 3.6142445653201455e-07
45000.056 3.8774252668999633e-07
45050.056 3.7946358295798284e-07
45100.056 3.8227561252000684e-07
45150.056 3.7590848324196834e-07
45200.056 3.057781453110255e-07
45250.056 3.394716351989143e-07
45300.056 3.116656572020412e-07
45350.056 3.124025143239903e-07
45400.056 4.3290248435003756e-07
45450.056 3.944258378799908e-07
45500.056 4.0373669930101373e-07
45550.056 4.5257116025990307e-07
45600.056 4.409922819700453e-07
45650.056 3.6410203375996135e-07
45700.056 3.212493063400155e-07
45750.056 3.06781501676001e-07
45800.056 4.4276789899001167e-07
45850.056 4.5053215437999134e-07
45900.056 4.7191166190001506e-07
45950.056 3.8120102132498896e-07
46000.056 4.505764313150329e-07
46050.056 3.8512140075201607e-07
46100.056 4.570834118099704e-07
46150.056 3.5796783568798414e-07
46200.056 3.4674385066401526e-07
46250.056 2.3558417393756435e-07
46300.056 3.8742559030199807e-07
46350.056 3.732854546500289e-07
46400.056 3.6869556261001207e-07
46450.056 3.425622104470338e-07
46500.056 3.5907796586707294e-07
46550.056 2.8436357123300195e-07
46600.056 3.5065200195997816e-07
46650.056 4.85659326510001e-07
46700.056 3.6031997675996765e-07
46750.056 2.644681432550176e-07
46800.056 2.1364878917201597e-07
46850.056 4.72366033300071e-07
46900.056 4.3135766594996854e-07
46950.056 4.273247315399792e-07
47000.056 3.8960615399405174e-07
47050.056 3.6970258680887733e-07
47100.056 2.6370789837303286e-07
47150.056 3.378266073640519e-07
47200.056 4.0315957312800765e-07
47250.056 2.9798325674297106e-07
47300.056 2.2941339963091202e-07
47350.056 4.3195904724997747e-07
47400.056 4.0302441785996386e-07
47450.056 3.804818350250454e-07
47500.056 4.3608167427395794e-07
47550.056 3.867970941200067e-07
47600.056 3.931263586649701e-07
47650.056 3.5099905406494574e-07
47700.056 3.535263732250962e-07
47750.056 2.6512314960100775e-07
47800.056 2.7804841297201307e-07
47850.056 2.053766752530122e-07
47900.056 2.6143171864896384e-07
47950.056 3.4677767778401796e-07
48000.056 4.592066605700463e-07
48050.056 4.039827146899967e-07
48100.056 2.498661985930146e-07
48150.056 3.3021036156001867e-07
48200.056 3.0025348551299883e-07
48250.056 3.091407613300114e-07
48300.056 4.3315109290992575e-07
48350.056 2.7990044588400703e-07
48400.056 1.7445964598116808e-07
48450.056 2.868513562880646e-07
48500.056 3.648017811799454e-07
48550.056 3.171175042340103e-07
48600.056 3.4809009815000644e-07
48650.056 3.769401305899799e-07
48700.056 3.274510703190077e-07
48750.056 2.1556232028509462e-07
48800.056 4.104537700120076e-07
48850.056 2.647661202019477e-07
48900.056 3.934549245519894e-07
48950.056 2.714930482200207e-07
49000.056 1.7150718616198072e-07
49050.056 3.3981342291696165e-07
49100.056 3.597689657580574e-07
49150.056 3.0404292114541324e-07
49200.056 3.8887069746005017e-07
49250.056 3.7305153016004535e-07
49300.056 3.2715804634599023e-07
49350.056 2.050264217620348e-07
49400.056 2.771079540559564e-07
49450.056 2.8881380121658503e-07
49500.056 2.3827758686898173e-07
49550.056 1.313233860930103e-07
49600.056 2.1882383576984248e-07
49650.056 2.6848632252798125e-07
49700.056 2.6458682656092824e-07
49750.056 3.2893926044395495e-07
49800.056 2.589633226998071e-07
49850.056 3.7438549797206775e-07
49900.056 3.0643961786198067e-07
49950.056 2.8843488348999016e-07
50000.056 2.724701972439783e-07
50050.056 3.2706168969498794e-07
50100.056 2.6994256695200345e-07
50150.056 1.8258132645698082e-07
50200.056 9.287968241801834e-08
50250.056 2.4427263211797816e-07
50300.056 1.970488500020178e-07
50350.056 3.218826396200342e-07
50400.056 2.863344720959816e-07
50450.056 2.2608026107701154e-07
50500.056 3.075345937290325e-07
50550.056 2.81348910920017e-07
50600.056 2.2992272459594633e-07
50650.056 3.122345781900566e-07
50700.056 3.3682495882992056e-07
50750.056 2.591468011600353e-07
50800.056 1.569999742829793e-07
50850.056 1.4423039819704258e-07
50900.056 3.231908259559933e-07
50950.056 2.524622968950198e-07
51000.056 2.68526189553018e-07
51050.056 2.6867161830998566e-07
51100.056 1.4606977415807957e-07
51150.056 2.0129874974739823e-07
51200.056 3.6090890425997407e-07
51250.056 2.392069023079649e-07
51300.056 1.8870619951206787e-07
51350.056 2.1375822029698236e-07
51400.056 1.2840053381700292e-07
51450.056 1.0856924652147379e-07
51500.056 1.1561998951423622e-07
51550.056 2.480348006280182e-07
51600.056 1.8004963649902372e-07
51650.056 1.9187997796896783e-07
51700.056 2.188516509009762e-07
51750.056 1.5801660665301249e-07
51800.056 2.3803170472994532e-07
51850.056 2.1239599009298803e-07
51900.056 3.0627527154602974e-07
51950.056 2.2737696477098012e-07
52000.056 8.339775420898365e-08
52050.056 1.6526789751501765e-07
52100.056 1.2751618435499222e-07
52150.056 1.078755388668096e-07
52200.056 1.310032985257985e-07
52250.056 1.7192711522202366e-07
52300.056 2.588486772599872e-07
52350.056 1.6543655196580313e-07
52400.056 1.2722787016801175e-07
52450.056 2.2906121989001607e-07
52500.056 2.2541292798394342e-07
52550.056 2.1782826793996628e-07
52600.056 1.8116070023001586e-07
52650.056 1.906317560910309e-07
52700.056 1.6282315085599838e-07
52750.056 1.1092134493139586e-07
52800.056 1.4113755822201812e-07
52850.056 1.5471819286395532e-07
52900.056 1.3378803657557732e-07
52950.056 1.496078211350051e-07
53000.056 2.0562829521900884e-07
53050.056 1.1275775606496852e-07
53100.056 1.7518678191797388e-07
53150.056 2.3946217744002516e-07
53200.056 1.1131366282889184e-07
53250.056 2.0929992764301596e-07
53300.056 2.2554143204521292e-07
53350.056 2.0861109403199612e-07
53400.056 1.8878427106000237e-07
53450.056 1.0670279884598483e-07
