galfind/configs/Brown_Dwarf_templates/sonora_bobcat/m0.0/316g/sp_t350g316nc_m0.0_resample.dat
# %ECSV 1.0
# ---
# datatype:
# - {name: wav, unit: Angstrom, datatype: float64}
# - {name: flux_nu, unit: erg / (cm2 Hz s), datatype: float64}
# meta: {C/O: '1.00', Kzz: '1.0000E+05', Teff: '350.', Y: '0.28', '[Fe/H]': '0.00', f_hole: '1.00', f_rain: '0.00', grav: '316.'}
# schema: astropy-2.0
wav flux_nu
[from data line 498]
28900.056 1.3112535160185338e-11
28950.056 1.7578613948427916e-11
29000.056 1.0222663349089175e-11
29050.056 1.9295419151424713e-11
29100.056 7.1941112681400505e-12
29150.056 9.63091284230936e-12
29200.056 4.285004567160568e-11
29250.056 2.8673289212293605e-11
29300.056 1.815446546571441e-11
29350.056 4.837301374361097e-11
29400.056 2.18778562088019e-11
29450.056 7.630587493924409e-12
29500.056 5.701619583969896e-11
29550.056 1.4664920264493984e-11
29600.056 1.625831627782923e-11
29650.056 8.760829616191813e-11
29700.056 1.099501437084156e-11
29750.056 5.5545542475065326e-11
29800.056 2.7972957603518916e-11
29850.056 7.514300056850715e-11
29900.056 2.6141307461568816e-11
29950.056 3.210676890573914e-11
30000.056 3.3459602386546447e-13
30050.056 4.095036292871313e-12
30100.056 2.0563527922779907e-11
30150.056 8.277043076821652e-11
30200.056 4.874411868273657e-11
30250.056 7.736785381497649e-11
30300.056 1.1389694377950611e-10
30350.056 1.697073319174125e-11
30400.056 1.2160195233969833e-10
30450.056 9.85835398527423e-11
30500.056 3.533177618352356e-11
30550.056 3.0192032689459007e-11
30600.056 4.995364207846315e-10
30650.056 1.6324159526602084e-10
30700.056 6.669627096788129e-11
30750.056 1.6290131770103423e-10
30800.056 1.912811056727304e-10
30850.056 1.9297374889327725e-10
30900.056 9.470528787145224e-11
30950.056 6.401402068112391e-11
31000.056 9.041779790531944e-11
31050.056 4.488167419548827e-11
31100.056 3.1824099244884585e-11
31150.056 6.361164137170576e-11
31200.056 2.751678270186567e-10
31250.056 1.1114871406602476e-10
31300.056 5.521014017625917e-11
31350.056 2.1278572580911329e-10
31400.056 1.2751682395931971e-10
31450.056 1.2868247360647483e-10
31500.056 3.758303396523281e-11
31550.056 8.040427170701562e-11
31600.056 6.08987298157027e-11
31650.056 4.613349225722483e-11
31700.056 3.532489647289579e-11
31750.056 1.727228614061576e-11
31800.056 3.4290016900748274e-11
31850.056 5.033068187899659e-12
31900.056 1.3197511303063153e-11
31950.056 7.221918495973928e-12
32000.056 4.266713230510324e-12
32050.056 6.149338670555802e-12
32100.056 5.227309305404454e-12
32150.056 4.372951441265774e-12
32200.056 1.8779445246395263e-12
32250.056 4.646686360534566e-12
32300.056 1.1038099946926896e-12
32350.056 4.527456410701546e-12
32400.056 3.575133368225851e-13
32450.056 2.7704787435379045e-12
32500.056 3.4840117708671923e-13
32550.056 2.4913021182933962e-12
32600.056 2.8007522882284754e-13
32650.056 6.121790765881196e-12
32700.056 5.362903921711954e-13
32750.056 1.6871757432808667e-11
32800.056 7.0496365618618405e-12
32850.056 4.488373572598123e-11
32900.056 3.55603653513008e-11
32950.056 3.642501446927508e-11
33000.056 8.365272945927555e-12
33050.056 7.49966902120148e-12
33100.056 1.1541770390159982e-12
33150.056 5.168364471334921e-16
33200.056 4.754529866672154e-14
33250.056 1.042773886113807e-13
33300.056 2.2632494035705406e-12
33350.056 4.956567537395994e-12
33400.056 2.3115759892328444e-11
33450.056 5.319812119778334e-12
33500.056 3.0605574366295824e-11
33550.056 4.124727401103149e-12
33600.056 1.2594840735855694e-11
33650.056 1.298906906159662e-11
33700.056 2.2590402026088147e-12
33750.056 1.7018466007429972e-11
33800.056 7.562443165546229e-13
33850.056 7.733892392646684e-12
33900.056 8.48301146922405e-12
33950.056 7.839640943863609e-12
34000.056 2.0133206666694437e-11
34050.056 2.8241781470822274e-12
34100.056 2.1797449134029712e-11
34150.056 6.473385505121901e-12
34200.056 2.6958930876694784e-11
34250.056 1.1158094350034406e-11
34300.056 1.4717462991575493e-11
34350.056 5.841194085869303e-11
34400.056 9.047545400908566e-12
34450.056 4.648719949252438e-11
34500.056 1.6018528763758933e-11
34550.056 2.515242004267698e-11
34600.056 1.2569913994494318e-10
34650.056 7.836515587720424e-12
34700.056 7.226918187522883e-11
34750.056 3.644459892147269e-11
34800.056 2.6744459018197274e-11
34850.056 1.2573095834452376e-10
34900.056 1.2409414046101939e-11
34950.056 1.3847689018189931e-10
35000.056 1.7755067057072816e-10
35050.056 1.2481665883214391e-10
35100.056 2.735026753558241e-10
35150.056 2.2528396379479964e-10
35200.056 1.6413269659638066e-10
35250.056 3.425115064173463e-10
35300.056 8.534147880100857e-11
35350.056 9.537171262976749e-11
35400.056 6.195176560142817e-11
35450.056 6.091211918157941e-11
35500.056 2.647348162864602e-10
35550.056 1.4361481968246452e-10
35600.056 2.5232317403708457e-10
35650.056 3.375182477368479e-10
35700.056 3.50991399850224e-10
35750.056 3.8752923618216694e-10
35800.056 1.9362027991567e-10
35850.056 9.196263807124424e-11
35900.056 1.2217878294240436e-10
35950.056 2.35403204350832e-10
36000.056 2.792748892060027e-10
36050.056 1.8186405483149406e-10
36100.056 1.748069710359632e-10
36150.056 6.749728499404952e-10
36200.056 6.099982853386324e-10
36250.056 3.2709866477404376e-10
36300.056 1.0694509236470493e-09
36350.056 5.319260593750962e-10
36400.056 9.224279206778467e-10
36450.056 6.865596750580513e-10
36500.056 7.095905526779418e-10
36550.056 1.5626252445069706e-09
36600.056 1.6061707809976053e-09
36650.056 8.676606202305175e-10
36700.056 1.1042977257070532e-09
36750.056 1.6250883119608212e-09
36800.056 2.0361345800090504e-09
36850.056 7.830772675435856e-10
36900.056 1.1873252105380364e-09
36950.056 2.0970247122262143e-09
37000.056 1.2427642505688323e-09
37050.056 2.294578792776682e-09
37100.056 7.965812996133416e-10
37150.056 1.276047468022553e-09
37200.056 2.887999982429865e-09
37250.056 1.4604724859063728e-09
37300.056 7.670738750300849e-10
37350.056 1.5399993063048976e-09
37400.056 2.702207354956904e-09
37450.056 8.74357309826142e-10
37500.056 1.3709591354002245e-09
37550.056 3.6846973608511665e-09
37600.056 6.349432586260274e-09
37650.056 1.2276580815068807e-09
37700.056 2.626072096939452e-09
37750.056 1.972407248688107e-09
37800.056 1.8395904332136514e-09
37850.056 9.305483071109766e-10
37900.056 1.0689141225786594e-09
37950.056 2.3469369610841053e-09
38000.056 2.0508408763818017e-09
38050.056 3.833073056566457e-09
38100.056 5.05178061049656e-09
38150.056 6.162277410617329e-09
38200.056 3.868681692499239e-09
38250.056 5.6192837059419915e-09
38300.056 9.410910362725305e-09
38350.056 6.7839146536794075e-09
38400.056 2.1448311046552342e-09
38450.056 6.813599434710526e-10
38500.056 5.82709288727727e-10
38550.056 2.8826345321204847e-09
38600.056 3.5363331567992705e-09
38650.056 3.6593530726869817e-09
38700.056 2.6195168691239396e-09
38750.056 3.264858524498041e-09
38800.056 3.0950565131242507e-09
38850.056 3.90377300197358e-09
38900.056 4.7402489630668254e-09
38950.056 2.5710766824592132e-09
39000.056 5.1563812393028514e-09
39050.056 2.118830930759545e-09
39100.056 4.074974088510157e-09
39150.056 6.669392638472109e-09
39200.056 4.1603911737673825e-09
39250.056 6.9757978133651385e-09
39300.056 4.16718678433884e-09
39350.056 9.19029627590974e-09
39400.056 4.517400745389193e-09
39450.056 7.554546750229135e-09
39500.056 8.035170760600271e-09
39550.056 2.8466840708364637e-09
39600.056 6.890757621041408e-09
39650.056 1.0251107908599472e-08
39700.056 9.528281583941286e-09
39750.056 3.296243153616001e-09
39800.056 3.579181451068601e-09
39850.056 1.1069357208601272e-08
39900.056 1.3480980825300805e-08
39950.056 4.5373219989001406e-09
40000.056 9.115383393459785e-09
40050.056 1.0924513293399538e-08
40100.056 2.7286664471081674e-09
40150.056 8.907829033710407e-09
40200.056 1.0476156327538403e-08
40250.056 1.2090401056697522e-08
40300.056 1.2391697505301315e-08
40350.056 5.8185443662029075e-09
40400.056 8.934678615466134e-09
40450.056 3.598705716797358e-09
40500.056 1.2041075706760518e-08
40550.056 1.2627103909835566e-08
40600.056 1.1618959487399836e-08
40650.056 8.030006146369024e-09
40700.056 1.6271281073958693e-08
40750.056 1.0702404987058048e-08
40800.056 5.538326732138506e-09
40850.056 1.966173278670373e-08
40900.056 1.7671595334697572e-08
40950.056 1.2918103682541667e-08
41000.056 9.837872815504388e-09
41050.056 2.191249747779815e-08
41100.056 1.8319627782799237e-08
41150.056 5.272191908338391e-09
41200.056 2.086767427850268e-08
41250.056 1.741938804549278e-08
41300.056 1.8835924050322455e-08
41350.056 2.5871581797999425e-08
41400.056 1.921614349899902e-08
41450.056 2.682065272419807e-08
41500.056 1.4405691510769742e-08
41550.056 1.2961820146103812e-08
41600.056 1.4489922068257496e-08
41650.056 2.2899110365202733e-08
41700.056 3.26712119869959e-08
41750.056 2.2926504891098865e-08
41800.056 2.449303845500203e-08
41850.056 2.1054857780156873e-08
41900.056 1.6391285548665257e-08
41950.056 1.627165463169907e-08
42000.056 6.860465368623654e-09
42050.056 1.001142286909625e-08
42100.056 1.3230243328399941e-08
42150.056 1.5484909107539078e-08
42200.056 1.8407511783699263e-08
42250.056 1.4786712839363249e-08
42300.056 1.2320635391398803e-08
42350.056 2.32887278493009e-08
42400.056 2.8630400448202297e-08
42450.056 2.972135976800332e-08
42500.056 3.1013824852998216e-08
42550.056 2.6234416524997994e-08
42600.056 2.407649907440735e-08
42650.056 3.681064670739464e-08
42700.056 1.5105917596855513e-08
42750.056 2.5674468393004136e-08
42800.056 3.942373442700174e-08
42850.056 4.1261684070993624e-08
42900.056 4.154546958680342e-08
42950.056 3.1709757423600154e-08
43000.056 3.7413558316999915e-08
43050.056 1.7325290930000087e-08
43100.056 3.070992000799953e-08
43150.056 2.6087633442001076e-08
43200.056 3.817162638700248e-08
43250.056 5.2640558515002e-08
43300.056 4.624812826299971e-08
43350.056 2.464437092389642e-08
43400.056 3.7214613954002004e-08
43450.056 2.345762291130105e-08
43500.056 2.186011651740251e-08
43550.056 2.506610190270188e-08
43600.056 4.468342750900202e-08
43650.056 2.433821313829878e-08
43700.056 4.795035233000893e-08
43750.056 4.8124936801996644e-08
43800.056 3.9826625403698384e-08
43850.056 3.613287784060428e-08
43900.056 2.5288749425598406e-08
43950.056 1.8131360648498583e-08
44000.056 1.823614630959942e-08
44050.056 4.633611060500267e-08
44100.056 6.237379387300133e-08
44150.056 5.45425767249974e-08
44200.056 5.218363426400149e-08
44250.056 2.7420421216997396e-08
44300.056 1.894736743550181e-08
44350.056 2.0687002756782155e-08
44400.056 2.0318516136899046e-08
44450.056 3.9376188663903996e-08
44500.056 3.379495738460314e-08
44550.056 4.982160610999934e-08
44600.056 3.854823043520042e-08
44650.056 3.883207721999926e-08
44700.056 2.568056825559645e-08
44750.056 3.899793648840529e-08
44800.056 2.4445483244001396e-08
44850.056 3.616404229500135e-08
44900.056 3.3254388629899055e-08
44950.056 3.926688787000422e-08
45000.056 4.819997371900046e-08
45050.056 4.1426567629996155e-08
45100.056 3.7377562576802244e-08
45150.056 3.206600498649705e-08
45200.056 2.2259942867701885e-08
45250.056 2.7319223660995335e-08
45300.056 2.6705592312603008e-08
45350.056 1.8797893022643496e-08
45400.056 5.73027766480041e-08
45450.056 4.505416507610505e-08
45500.056 5.5822489036002946e-08
45550.056 5.985535831998994e-08
45600.056 5.0125685022004166e-08
45650.056 4.29994490893978e-08
45700.056 2.461921000947827e-08
45750.056 2.1356883230101718e-08
45800.056 5.6521582144002305e-08
45850.056 4.3236233406301365e-08
45900.056 5.853814665699801e-08
45950.056 5.4555466049996865e-08
46000.056 5.574111443400482e-08
46050.056 4.1636692303004635e-08
46100.056 6.656388748199622e-08
46150.056 3.748275319560003e-08
46200.056 2.9019741022695806e-08
46250.056 1.0064536004229477e-08
46300.056 3.632275726820203e-08
46350.056 3.8618783647504665e-08
46400.056 3.8956221883901223e-08
46450.056 3.2646252444217695e-08
46500.056 3.8414357729805275e-08
46550.056 1.9110606011398984e-08
46600.056 2.4047530042636793e-08
46650.056 4.120130985500194e-08
46700.056 2.7676594812995147e-08
46750.056 1.0863867369141785e-08
46800.056 6.766066908319311e-09
46850.056 3.6133587586005565e-08
46900.056 4.6061319920998204e-08
46950.056 4.619478782699782e-08
47000.056 4.673522522700374e-08
47050.056 2.8899309086051783e-08
47100.056 2.166907034610094e-08
47150.056 3.58884157276045e-08
47200.056 3.974766700299783e-08
47250.056 1.6878680695606706e-08
47300.056 1.1440506706803176e-08
47350.056 4.129835667600334e-08
47400.056 4.347509492099769e-08
47450.056 2.625575638410197e-08
47500.056 4.9166424836001185e-08
47550.056 4.253900827500108e-08
47600.056 3.345198608329576e-08
47650.056 3.92161625460988e-08
47700.056 2.9537210906454614e-08
47750.056 2.14456529088001e-08
47800.056 1.5164585530601572e-08
47850.056 5.803469916321105e-09
47900.056 1.0626644331300052e-08
47950.056 3.237727362600222e-08
48000.056 4.337960803799739e-08
48050.056 3.2608835438199824e-08
48100.056 1.3901316048900831e-08
48150.056 2.7840528228901465e-08
48200.056 1.6755887350298064e-08
48250.056 2.529147597850011e-08
48300.056 4.067389631399953e-08
48350.056 2.2826806335396858e-08
48400.056 4.0559014533558e-09
48450.056 8.751266781297215e-09
48500.056 1.7879677539196112e-08
48550.056 2.1973201112693683e-08
48600.056 3.751046749000025e-08
48650.056 4.6875656910998465e-08
48700.056 3.0378073350204167e-08
48750.056 2.2953065366002425e-08
48800.056 3.7002882350001504e-08
48850.056 1.7169718675777365e-08
48900.056 1.806979840599807e-08
48950.056 9.079155129299577e-09
49000.056 5.221229196073352e-09
49050.056 1.9001825407797806e-08
49100.056 2.760641218705468e-08
49150.056 2.1781905322050227e-08
49200.056 3.7540839578004e-08
49250.056 3.9595591546000434e-08
49300.056 3.107024135199801e-08
49350.056 1.074553493986982e-08
49400.056 1.6011224790576367e-08
49450.056 1.3048015433922851e-08
49500.056 1.0105178477758097e-08
49550.056 1.4942966617470043e-09
49600.056 4.8570325629989784e-09
49650.056 1.7295444239601745e-08
49700.056 2.2357909784996554e-08
49750.056 1.76662464536694e-08
49800.056 9.69581189495408e-09
49850.056 2.6151153990603235e-08
49900.056 2.6735527964999143e-08
49950.056 2.5124884599299455e-08
50000.056 1.4410306976766844e-08
50050.056 1.7593663979521798e-08
50100.056 1.495987772389896e-08
50150.056 5.280141537358916e-09
50200.056 6.516752444923155e-10
50250.056 5.035488974299984e-09
50300.056 3.4500907338187618e-09
50350.056 1.6896642731702457e-08
50400.056 2.1832804270998217e-08
50450.056 1.6769425172000968e-08
50500.056 2.6737586268000928e-08
50550.056 2.6484347644000965e-08
50600.056 1.657284199141516e-08
50650.056 2.8087215556003565e-08
50700.056 2.608239203399879e-08
50750.056 1.4163591374499829e-08
50800.056 3.5055000526392512e-09
50850.056 1.4439854036967455e-09
50900.056 1.3294444983301494e-08
50950.056 1.5231969874598523e-08
51000.056 1.0116860580045628e-08
51050.056 1.845199668129774e-08
51100.056 6.090224834511229e-09
51150.056 5.205234505183285e-09
51200.056 2.189910200600015e-08
51250.056 1.7049298013897447e-08
51300.056 1.0316258166931519e-08
51350.056 8.06638827368745e-09
51400.056 1.7722169893054124e-09
51450.056 1.5422352762804938e-09
51500.056 1.4816226859486032e-09
51550.056 7.381207834501556e-09
51600.056 8.711403285901417e-09
51650.056 1.3100668492199848e-08
51700.056 1.1470062807540125e-08
51750.056 7.641869815861693e-09
51800.056 1.6550795739998977e-08
51850.056 1.2565766324899354e-08
51900.056 1.1965080496500258e-08
51950.056 5.41999767559908e-09
52000.056 3.9529932848485393e-10
52050.056 2.5996991485602646e-09
52100.056 1.234047937359711e-09
52150.056 6.418623865340475e-10
52200.056 3.3248218097499595e-09
52250.056 6.391370219421184e-09
52300.056 7.1211385119994e-09
52350.056 1.4366789194390195e-09
52400.056 1.7104097242390023e-09
52450.056 9.294399305301002e-09
52500.056 6.382183632525954e-09
52550.056 1.0011618048399444e-08
52600.056 8.367281942740694e-09
52650.056 1.0327589327500208e-08
52700.056 5.773943120209595e-09
52750.056 1.5370155315834122e-09
52800.056 3.440179663150677e-09
52850.056 4.27509520055895e-09
52900.056 1.1256590813606588e-09
52950.056 2.2874549898404386e-09
53000.056 5.854523053600506e-09
53050.056 1.8175062251496615e-09
53100.056 9.043883426700536e-09
53150.056 9.025005823700005e-09
53200.056 3.7246128654499063e-09
53250.056 7.3470321407997985e-09
53300.056 8.164037150251632e-09
53350.056 6.584223457200132e-09
53400.056 3.82718725509934e-09
53450.056 9.34992013379679e-10
53500.056 1.4534152197595554e-10
