galfind/configs/Brown_Dwarf_templates/sonora_bobcat/m0.0/316g/sp_t2100g316nc_m0.0_resample.dat
# %ECSV 1.0
# ---
# datatype:
# - {name: wav, unit: Angstrom, datatype: float64}
# - {name: flux_nu, unit: erg / (cm2 Hz s), datatype: float64}
# meta: {C/O: '1.00', Kzz: '1.0000E+05', Teff: '2100.', Y: '0.28', '[Fe/H]': '0.00', f_hole: '1.00', f_rain: '0.00', grav: '316.'}
# schema: astropy-2.0
wav flux_nu
4000.0559999999996 nan
4050.0559999999996 9.298749407203144e-09
4100.056 1.1700500302161978e-08
4150.056 9.702052217921133e-09
4200.056 7.079652167310414e-09
4250.056 6.176837968121747e-09
4300.056 3.918776862891621e-09
4350.056 4.117684658960161e-09
4400.056 4.2844602598816104e-09
4450.056 2.3740979788702384e-09
4500.056 2.4710631668203473e-09
4550.056 3.184514794749093e-09
4600.056 2.599837534389718e-09
4650.056 2.0521175123598313e-09
4700.056 2.550148566730386e-09
4750.056 3.1874679037391394e-09
4800.056 1.8381802747704028e-09
4850.056 2.4232779481806e-09
4900.056 4.618168950689591e-09
4950.056 5.636631220020127e-09
5000.056 2.312058413999661e-09
5050.056 3.148299142970476e-09
5100.056 5.214641037671191e-09
5150.056 5.177607089481602e-09
5200.056 3.2689440317400307e-09
5250.056 4.6732937505800216e-09
5300.056 5.843624704229976e-09
5350.056 6.102831946700648e-09
5400.056 6.746324530900031e-09
5450.056 5.199902420479514e-09
5500.056 3.8310635205096985e-09
5550.056 4.6932622381998346e-09
5600.056 3.974246801300311e-09
5650.056 3.357244731900028e-09
5700.056 3.2165770595000845e-09
5750.056 2.2131982144198777e-09
5800.056 1.3502681331299597e-09
5850.056 4.1985637562699e-10
5900.056 3.5522918215595755e-11
5950.056 8.961073672300053e-10
6000.056 3.00761361379997e-09
6050.056 6.53732299220026e-09
6100.056 1.0028843535800408e-08
6150.056 1.2169231222198936e-08
6200.056 9.862548307000079e-09
6250.056 1.19670071941007e-08
6300.056 1.756978008820053e-08
6350.056 2.2696786791001125e-08
6400.056 2.805193681200032e-08
6450.056 3.586319948499411e-08
6500.056 3.812388619099312e-08
6550.056 4.6735197275992684e-08
6600.056 4.396467586700204e-08
6650.056 3.7672861615003877e-08
6700.056 2.5613358390590242e-08
6750.056 3.509512406400272e-08
6800.056 3.9802880668001765e-08
6850.056 4.7374609960999196e-08
6900.056 5.4728478657000846e-08
6950.056 7.056202995499675e-08
7000.056 1.082194168159902e-07
7050.056 1.0427536444700774e-07
7100.056 5.5530002189997076e-08
7150.056 4.754985871500333e-08
7200.056 6.564000709199786e-08
7250.056 9.48719191470107e-08
7300.056 1.4748953008502193e-07
7350.056 2.0382463190800243e-07
7400.056 2.37033768241022e-07
7450.056 2.376539959049779e-07
7500.056 2.470575657480037e-07
7550.056 2.5458160999600567e-07
7600.056 1.5686537200199076e-07
7650.056 2.8612920745953962e-08
7700.056 1.0932460604426334e-08
7750.056 9.254638043100611e-08
7800.056 1.4628147703678343e-07
7850.056 1.924833700779996e-07
7900.056 2.1960905250403095e-07
7950.056 2.2307036089022163e-07
8000.056 2.908727372739628e-07
8050.056 4.4076476713796284e-07
8100.056 6.384882816201008e-07
8150.056 8.809274710900176e-07
8200.056 5.960609828219286e-07
8250.056 7.758298001899589e-07
8300.056 6.50657378900187e-07
8350.056 7.052254736101871e-07
8400.056 7.226265175500768e-07
8450.056 4.444781385599279e-07
8500.056 3.938970647444959e-07
8550.056 5.015607799100505e-07
8600.056 6.078270239797947e-07
8650.056 7.540653443998939e-07
8700.056 8.046624552900838e-07
8750.056 9.7739451562013e-07
8800.056 1.3103363669902272e-06
8850.056 1.2590392705400795e-06
8900.056 8.550898613600433e-07
8950.056 9.369147441376941e-07
9000.056 1.199908553260122e-06
9050.056 1.2460832995698032e-06
9100.056 1.6020302279200524e-06
9150.056 1.8883374838100258e-06
9200.056 1.8368318482803193e-06
9250.056 1.2702669408799663e-06
9300.056 1.0647731799300728e-06
9350.056 1.1988701835198531e-06
9400.056 1.3404847819702547e-06
9450.056 1.5313345678396445e-06
9500.056 1.8343891207998328e-06
9550.056 2.0517953692302697e-06
9600.056 2.2136280143004126e-06
9650.056 2.5065673414405167e-06
9700.056 2.739591256819744e-06
9750.056 2.1674448789599765e-06
9800.056 2.3597092983198194e-06
9850.056 2.3022249415098256e-06
9900.056 1.8902960325498889e-06
9950.056 1.6267584143200865e-06
10000.056 1.624519853509888e-06
10050.056 1.6358605410699164e-06
10100.056 2.037509093920576e-06
10150.056 1.9990121232598696e-06
10200.056 2.1853614553998803e-06
10250.056 2.142785492249394e-06
10300.056 2.070147157619696e-06
10350.056 2.3923899866598226e-06
10400.056 2.6369076507699162e-06
10450.056 2.8122478869204857e-06
10500.056 2.8567349803995517e-06
10550.056 3.006549723150352e-06
10600.056 3.2743463920503365e-06
10650.056 3.3065708397198925e-06
10700.056 3.447024576170172e-06
10750.056 3.744187658840333e-06
10800.056 4.010364398349652e-06
10850.056 4.289711399949747e-06
10900.056 4.291824541839776e-06
10950.056 4.181237252899161e-06
11000.056 3.977183598170093e-06
11050.056 3.005042244059965e-06
11100.056 3.2646619520905265e-06
11150.056 3.474330109971792e-06
11200.056 3.539797705438479e-06
11250.056 4.024096699246941e-06
11300.056 4.017515922870069e-06
11350.056 3.7272620666328993e-06
11400.056 2.826466416020009e-06
11450.056 4.065915425539314e-06
11500.056 4.621576630914499e-06
11550.056 4.4882390877920636e-06
11600.056 4.677282070003017e-06
11650.056 4.728689957040551e-06
11700.056 3.6330782674530686e-06
11750.056 3.803306449549729e-06
11800.056 3.847751734381221e-06
11850.056 4.9010036619202486e-06
11900.056 5.151584062069064e-06
11950.056 4.9576535067598806e-06
12000.056 4.522459370200186e-06
12050.056 5.129363089100158e-06
12100.056 5.042395502799694e-06
12150.056 5.594260977099703e-06
12200.056 5.583322477699493e-06
12250.056 5.958615614599534e-06
12300.056 6.103224778400615e-06
12350.056 6.091213830600313e-06
12400.056 5.392385013899619e-06
12450.056 4.51316874519008e-06
12500.056 4.909304185299183e-06
12550.056 4.9411792257101335e-06
12600.056 5.628238010600029e-06
12650.056 5.8385591426996015e-06
12700.056 6.1969107517998766e-06
12750.056 6.182641766700042e-06
12800.056 6.578846295199454e-06
12850.056 6.393374591300136e-06
12900.056 6.171577880299367e-06
12950.056 6.3464805214995115e-06
13000.056 6.588594249099265e-06
13050.056 6.7668019463695954e-06
13100.056 6.784548650119567e-06
13150.056 6.83531386747967e-06
13200.056 6.618050802299804e-06
13250.056 6.196846057250134e-06
13300.056 5.503560303010291e-06
13350.056 3.5982457961244383e-06
13400.056 3.3796194702888297e-06
13450.056 3.0033539360388823e-06
13500.056 2.9309743692665215e-06
13550.056 2.7624698096933014e-06
13600.056 2.5894548359302456e-06
13650.056 2.88917053695791e-06
13700.056 2.6325069507063897e-06
13750.056 2.6995046202943524e-06
13800.056 3.063458033405592e-06
13850.056 2.9994537626366617e-06
13900.056 2.9036766027129225e-06
13950.056 2.7622269347578523e-06
14000.056 2.5846271871989806e-06
14050.056 2.654335531171801e-06
14100.056 2.3650074598642153e-06
14150.056 2.432994009231225e-06
14200.056 2.2540489227613964e-06
14250.056 2.2229110009753436e-06
14300.056 2.289824804028641e-06
14350.056 2.3149130520082916e-06
14400.056 2.4263258528582398e-06
14450.056 2.5309965380371906e-06
14500.056 2.7794164491227307e-06
14550.056 2.815015605031874e-06
14600.056 2.9671549774728695e-06
14650.056 2.9186132700168945e-06
14700.056 2.7093135838197283e-06
14750.056 2.8736385362106155e-06
14800.056 2.967411145790756e-06
14850.056 3.1841112015093434e-06
14900.056 3.1673926501598205e-06
14950.056 3.2021868179706015e-06
15000.056 3.296724975090499e-06
15050.056 3.6100143108193034e-06
15100.056 3.5970476202703975e-06
15150.056 3.700670668420275e-06
15200.056 3.8863603128397466e-06
15250.056 3.920077365019835e-06
15300.056 4.107048500559868e-06
15350.056 4.254278173870096e-06
15400.056 4.382927005900049e-06
15450.056 4.565500425360272e-06
15500.056 4.654575955349482e-06
15550.056 4.883351226199722e-06
15600.056 4.871861498600532e-06
15650.056 5.0721944215000665e-06
15700.056 5.380645607801406e-06
15750.056 5.567442812299528e-06
15800.056 5.610771971400779e-06
15850.056 5.213254055700417e-06
15900.056 5.378355707200432e-06
15950.056 5.440174491599899e-06
16000.056 5.546415814899748e-06
16050.056 5.721476133600527e-06
16100.056 5.895924622900221e-06
16150.056 5.72337120270028e-06
16200.056 5.9549403724997866e-06
16250.056 5.87451769009994e-06
16300.056 5.9517156083000834e-06
16350.056 6.2785269537997e-06
16400.056 6.144420149500644e-06
16450.056 6.330780390400438e-06
16500.056 6.513560083300355e-06
16550.056 6.812538126999704e-06
16600.056 6.480977249800419e-06
16650.056 6.976399337200432e-06
16700.056 6.700200390499079e-06
16750.056 6.778292902499545e-06
16800.056 6.976387179700031e-06
16850.056 7.042729339999533e-06
16900.056 6.821575665300311e-06
16950.056 6.810379039899333e-06
17000.056 6.830188937300699e-06
17050.056 6.738876095500385e-06
17100.056 6.457005973800739e-06
17150.056 6.372860454400219e-06
17200.056 5.909071756799596e-06
17250.056 5.591779624759971e-06
17300.056 5.684099097779289e-06
17350.056 5.479768716280642e-06
17400.056 5.495632239299934e-06
17450.056 5.168296616897719e-06
17500.056 4.976215963859177e-06
17550.056 4.873881562610654e-06
17600.056 4.683217198479992e-06
17650.056 4.771458381239535e-06
17700.056 4.133513564409358e-06
17750.056 4.033032727449898e-06
17800.056 3.9831501997568745e-06
17850.056 3.692528710050446e-06
17900.056 3.7558602764949584e-06
17950.056 3.644177953234534e-06
18000.056 3.3528280872703105e-06
18050.056 3.3842668635900865e-06
18100.056 3.2578623744287955e-06
18150.056 3.5890970473440564e-06
18200.056 3.019032632641376e-06
18250.056 3.545294654753325e-06
18300.056 3.3746430467918944e-06
18350.056 3.2213447667361482e-06
18400.056 3.15044509036707e-06
18450.056 2.8688059537126726e-06
18500.056 2.988845993899505e-06
18550.056 2.7926995235952935e-06
18600.056 2.3775823445928327e-06
18650.056 2.744745187285647e-06
18700.056 2.977706428116593e-06
18750.056 2.8501341210269137e-06
18800.056 2.948771589021086e-06
18850.056 3.3710453181707304e-06
18900.056 3.240406141115616e-06
18950.056 3.315959345899819e-06
19000.056 3.500565086649382e-06
19050.056 3.3865307861830063e-06
19100.056 3.504064819010916e-06
19150.056 3.6056297291328804e-06
19200.056 3.5687588975170953e-06
19250.056 3.4072734010963216e-06
19300.056 3.585921824576071e-06
19350.056 3.569602933408937e-06
19400.056 3.1434418455352273e-06
19450.056 3.5876755640963337e-06
19500.056 3.597509351861638e-06
19550.056 3.097652209572754e-06
19600.056 3.517197961127659e-06
19650.056 3.482026241101902e-06
19700.056 3.4955034402672618e-06
19750.056 3.2451825967203395e-06
19800.056 3.4291269849995446e-06
19850.056 3.4683447136109443e-06
19900.056 3.117420087810789e-06
19950.056 3.592965365999847e-06
20000.056 3.190507025040446e-06
20050.056 3.4362675642109664e-06
20100.056 3.484352216538173e-06
20150.056 3.4851495474905898e-06
20200.056 3.5717144105992055e-06
20250.056 3.710640297799819e-06
20300.056 3.738397017470335e-06
20350.056 3.821951106649556e-06
20400.056 3.8105251423782397e-06
20450.056 3.995214134779529e-06
20500.056 4.020766724710079e-06
20550.056 4.106649301959967e-06
20600.056 4.3301557916004565e-06
20650.056 4.2311528080906505e-06
20700.056 4.420122360620373e-06
20750.056 4.469123676809455e-06
20800.056 4.64676806510007e-06
20850.056 4.6092672801799614e-06
20900.056 4.844170635399737e-06
20950.056 4.8858221736997565e-06
21000.056 5.082705189999761e-06
21050.056 5.13121238400012e-06
21100.056 5.162518994199989e-06
21150.056 5.402138398300171e-06
21200.056 5.394710898000341e-06
21250.056 5.630664565399536e-06
21300.056 5.4767309226000015e-06
21350.056 5.817764381000249e-06
21400.056 5.642791419300352e-06
21450.056 6.139762700000002e-06
21500.056 5.8507583876002955e-06
21550.056 6.004483801599671e-06
21600.056 6.160866303300519e-06
21650.056 6.131461371900268e-06
21700.056 6.372274146799789e-06
21750.056 6.23477067599998e-06
21800.056 6.266269780299651e-06
21850.056 6.3047830206997525e-06
21900.056 6.478792535700553e-06
21950.056 6.364506458400213e-06
22000.056 6.558291018399746e-06
22050.056 6.28868061739938e-06
22100.056 6.4829811687998565e-06
22150.056 6.581724486900407e-06
22200.056 6.394527049100956e-06
22250.056 6.735687206500451e-06
22300.056 6.660103436399798e-06
22350.056 6.4671531627002335e-06
22400.056 6.747130115000216e-06
22450.056 6.634157538699349e-06
22500.056 6.728494805999827e-06
22550.056 6.655204821599173e-06
22600.056 6.665929835099828e-06
22650.056 6.585501838561021e-06
22700.056 6.5764822534411165e-06
22750.056 6.793498080599655e-06
22800.056 6.525280817800121e-06
22850.056 6.65072261108048e-06
22900.056 6.768521201369724e-06
22950.056 4.9359518089505644e-06
23000.056 5.501698282840302e-06
23050.056 5.729609628269308e-06
23100.056 5.482704488059695e-06
23150.056 5.692310216310629e-06
23200.056 5.64457729351017e-06
23250.056 4.659182684109069e-06
23300.056 5.0380223171900795e-06
23350.056 5.216538083100111e-06
23400.056 5.075608636550065e-06
23450.056 5.211714481720174e-06
23500.056 5.142499144869085e-06
23550.056 4.515974736401162e-06
23600.056 4.592460451420909e-06
23650.056 4.936859693489354e-06
23700.056 4.852415142158819e-06
23750.056 4.877184979370749e-06
23800.056 4.809674007690479e-06
23850.056 4.108433753200482e-06
23900.056 4.4898084083897705e-06
23950.056 4.626095718701076e-06
24000.056 4.321556264129179e-06
24050.056 4.2894591028805935e-06
24100.056 3.921224902399024e-06
24150.056 3.84693096958059e-06
24200.056 3.8549079632988005e-06
24250.056 3.766433337580265e-06
24300.056 3.6322350579102205e-06
24350.056 3.370936120000215e-06
24400.056 3.697120023169844e-06
24450.056 3.3195678610498396e-06
24500.056 3.0881536115700365e-06
24550.056 3.0124732933700615e-06
24600.056 3.0693687590505082e-06
24650.056 3.3270695784899622e-06
24700.056 2.7784699868799846e-06
24750.056 2.640400688060621e-06
24800.056 2.5852585212703524e-06
24850.056 3.012687681310002e-06
24900.056 2.2946548707712817e-06
24950.056 2.886230848839665e-06
25000.056 2.571603759340218e-06
25050.056 2.0522865672806033e-06
25100.056 2.4917606767499313e-06
25150.056 2.160233155567908e-06
25200.056 2.3119700082317263e-06
25250.056 2.1688526687074253e-06
25300.056 2.3503325529821517e-06
25350.056 1.9584735192319855e-06
25400.056 2.192653443020868e-06
25450.056 1.969981824254004e-06
25500.056 2.113397565615687e-06
25550.056 1.9891916345801798e-06
25600.056 2.0576208493550713e-06
25650.056 1.8323346984359673e-06
25700.056 2.350813977863137e-06
25750.056 1.7011997252673046e-06
25800.056 2.211232855330392e-06
25850.056 1.999289918687787e-06
25900.056 2.2029198876944717e-06
25950.056 1.919170865460077e-06
26000.056 2.200457102210752e-06
26050.056 2.3314275729400544e-06
26100.056 2.31123116928027e-06
26150.056 2.3115594797193733e-06
26200.056 2.190560849658113e-06
26250.056 2.2719006131773727e-06
26300.056 2.2698190200960555e-06
26350.056 2.3054828921398294e-06
26400.056 2.3578393408595496e-06
26450.056 2.3139019087503015e-06
26500.056 2.445501934559218e-06
26550.056 2.4148873765794865e-06
26600.056 2.828444408549437e-06
26650.056 2.2063986792536022e-06
26700.056 2.2713380373079744e-06
26750.056 1.9961560613790966e-06
26800.056 2.2603813528693486e-06
26850.056 1.8090298504602138e-06
26900.056 2.3597607442500595e-06
26950.056 1.6240992773999737e-06
27000.056 2.2207672842805156e-06
27050.056 1.8651278659798129e-06
27100.056 1.8813525687995796e-06
27150.056 2.0021889236899602e-06
27200.056 1.9832089237504176e-06
27250.056 1.8082711086608167e-06
27300.056 2.1218518678201426e-06
27350.056 2.0200896718092577e-06
27400.056 1.6995314377099733e-06
27450.056 2.2559144441592004e-06
27500.056 2.054607737800064e-06
27550.056 1.9448596754298804e-06
27600.056 2.2716189199597143e-06
27650.056 1.7799639695397992e-06
27700.056 1.7266116609901373e-06
27750.056 2.304364638048911e-06
27800.056 1.6761680154599146e-06
27850.056 1.8533778691091974e-06
27900.056 1.8897303953001075e-06
27950.056 2.204510243349842e-06
28000.056 2.0633041582405733e-06
28050.056 1.5808924742204333e-06
28100.056 2.290741428990894e-06
28150.056 1.8277135743500537e-06
28200.056 1.5616452159900958e-06
28250.056 1.9964366717400703e-06
28300.056 2.291813093700424e-06
28350.056 1.7707849980493268e-06
28400.056 1.907790931720005e-06
28450.056 1.9612791824596224e-06
28500.056 1.9827199219895503e-06
28550.056 1.4433516614494853e-06
28600.056 2.2837417192100774e-06
28650.056 2.0830611045898186e-06
28700.056 1.8450851218096274e-06
28750.056 2.0875374003398936e-06
28800.056 2.0096872038404276e-06
