galfind/configs/Brown_Dwarf_templates/sonora_bobcat/m0.0/316g/sp_t1900g316nc_m0.0_resample.dat
# %ECSV 1.0
# ---
# datatype:
# - {name: wav, unit: Angstrom, datatype: float64}
# - {name: flux_nu, unit: erg / (cm2 Hz s), datatype: float64}
# meta: {C/O: '1.00', Kzz: '1.0000E+05', Teff: '1900.', Y: '0.28', '[Fe/H]': '0.00', f_hole: '1.00', f_rain: '0.00', grav: '316.'}
# schema: astropy-2.0
wav flux_nu
[from data line 497]
28850.056 1.4073016023501534e-06
28900.056 1.0539317408650459e-06
28950.056 1.5725093490599156e-06
29000.056 1.2918404576996776e-06
29050.056 1.3690505289699455e-06
29100.056 1.095568293260167e-06
29150.056 1.465625665060177e-06
29200.056 1.2551430382901915e-06
29250.056 1.425960433589992e-06
29300.056 1.1579258358995377e-06
29350.056 1.682705814119791e-06
29400.056 1.337871848029853e-06
29450.056 1.3580448662499735e-06
29500.056 1.416359047609852e-06
29550.056 1.3702339659000715e-06
29600.056 1.5043234739497478e-06
29650.056 1.4055702543998961e-06
29700.056 1.2905796648598305e-06
29750.056 1.5810526213805693e-06
29800.056 1.6100681271698345e-06
29850.056 1.5062820865698341e-06
29900.056 1.3835753583404388e-06
29950.056 1.6676171080897285e-06
30000.056 1.6228386550496716e-06
30050.056 1.5059453759399497e-06
30100.056 1.2875489842196428e-06
30150.056 1.9086768072799197e-06
30200.056 1.6609352094601197e-06
30250.056 1.6580694732703748e-06
30300.056 1.594174221119806e-06
30350.056 1.5980392581602405e-06
30400.056 1.931984148800324e-06
30450.056 1.5136900836901706e-06
30500.056 1.4228818948501658e-06
30550.056 1.8941129139703257e-06
30600.056 1.8185000206102054e-06
30650.056 1.8639660648500484e-06
30700.056 1.6955230909198772e-06
30750.056 1.6690625815800174e-06
30800.056 1.9762076925803817e-06
30850.056 1.6773805025598939e-06
30900.056 1.6624511520098629e-06
30950.056 1.5997717298102092e-06
31000.056 1.8807058478499706e-06
31050.056 1.7174476885599953e-06
31100.056 1.6553480376299076e-06
31150.056 1.8110616819296643e-06
31200.056 1.7961613755798402e-06
31250.056 1.938463384470214e-06
31300.056 1.7443224977998303e-06
31350.056 1.7447531209499604e-06
31400.056 1.699153209820422e-06
31450.056 1.7687417735099809e-06
31500.056 1.7664024249200883e-06
31550.056 1.6661778684899772e-06
31600.056 1.6963911350998642e-06
31650.056 1.7988190142099195e-06
31700.056 1.761034341869879e-06
31750.056 1.596079079000247e-06
31800.056 1.8772131786500223e-06
31850.056 1.9281015325102373e-06
31900.056 2.05102819764988e-06
31950.056 1.5380872458699108e-06
32000.056 1.6862806321301795e-06
32050.056 1.9783959933602462e-06
32100.056 1.9833552142597853e-06
32150.056 2.0654731192999314e-06
32200.056 1.9358398959099414e-06
32250.056 1.945128694200212e-06
32300.056 1.950388328230016e-06
32350.056 2.2554058273804043e-06
32400.056 1.9058324444900388e-06
32450.056 1.993807414429985e-06
32500.056 2.1430778832103117e-06
32550.056 2.4214288947600518e-06
32600.056 2.3574543102598536e-06
32650.056 2.3513121128606026e-06
32700.056 2.2630493822402503e-06
32750.056 2.3037373511900286e-06
32800.056 2.1181855095801906e-06
32850.056 2.5683218135197143e-06
32900.056 2.526781872170019e-06
32950.056 2.171287745059854e-06
33000.056 2.317969774480184e-06
33050.056 2.3434677962397626e-06
33100.056 2.3229422055694665e-06
33150.056 1.8634518392101679e-06
33200.056 1.4700274368697276e-06
33250.056 1.5020729838295222e-06
33300.056 1.4677821248003476e-06
33350.056 1.5570391341100992e-06
33400.056 1.5335434724297525e-06
33450.056 1.7073596015496022e-06
33500.056 2.0555009278202944e-06
33550.056 2.001613974549961e-06
33600.056 2.2226455648303987e-06
33650.056 2.42393712427061e-06
33700.056 2.4008072094297224e-06
33750.056 2.5733805586000176e-06
33800.056 2.381297077819793e-06
33850.056 2.4572049154001956e-06
33900.056 2.735525491099597e-06
33950.056 2.455583052889817e-06
34000.056 2.4857990310094584e-06
34050.056 2.4424800430696435e-06
34100.056 2.664832877880328e-06
34150.056 2.5310295985994643e-06
34200.056 2.4196935190194324e-06
34250.056 2.753115458199688e-06
34300.056 2.3639980320790525e-06
34350.056 2.515982266040005e-06
34400.056 2.3968373473698765e-06
34450.056 2.3749460881200943e-06
34500.056 2.684089492100383e-06
34550.056 2.380406890699829e-06
34600.056 2.617328645380015e-06
34650.056 2.6405722820001108e-06
34700.056 2.595831680519468e-06
34750.056 2.836908807180254e-06
34800.056 2.7255380556896475e-06
34850.056 2.5186007902401135e-06
34900.056 2.6187520273202707e-06
34950.056 2.581245545799483e-06
35000.056 2.6208521575997702e-06
35050.056 3.0033785173006436e-06
35100.056 2.693240417549565e-06
35150.056 2.8101965799199385e-06
35200.056 2.819320804599895e-06
35250.056 2.6702419709301246e-06
35300.056 2.7938122791900933e-06
35350.056 2.9292691614998374e-06
35400.056 2.7305844397399415e-06
35450.056 2.617809360580427e-06
35500.056 3.028123242099855e-06
35550.056 2.8807323370998915e-06
35600.056 2.6861233018997507e-06
35650.056 3.142896035100336e-06
35700.056 2.735132029400245e-06
35750.056 2.9154876988196957e-06
35800.056 3.1176444542997795e-06
35850.056 2.958313097800046e-06
35900.056 3.303784516799677e-06
35950.056 3.051261643199969e-06
36000.056 2.8575503149998054e-06
36050.056 3.299204453000346e-06
36100.056 3.345340447799336e-06
36150.056 2.9578536697104426e-06
36200.056 3.319931886999676e-06
36250.056 3.0445303063395614e-06
36300.056 3.5301664786804388e-06
36350.056 3.267989120899648e-06
36400.056 3.237146854500023e-06
36450.056 3.5842829569996693e-06
36500.056 3.2884859116001954e-06
36550.056 3.2571319324005974e-06
36600.056 3.278677810700188e-06
36650.056 3.409245356500172e-06
36700.056 3.6664490049999957e-06
36750.056 3.2886410906002176e-06
36800.056 3.4414819381998412e-06
36850.056 3.5489941078002447e-06
36900.056 3.5209070873004447e-06
36950.056 3.521343047399905e-06
37000.056 3.6343908174999205e-06
37050.056 3.6999421128998237e-06
37100.056 3.5945603366003625e-06
37150.056 3.61382484029945e-06
37200.056 3.726527734400011e-06
37250.056 3.756147312300085e-06
37300.056 3.8031827562005575e-06
37350.056 3.5244938165004503e-06
37400.056 3.735623791099818e-06
37450.056 3.6429658002002154e-06
37500.056 3.813601238599708e-06
37550.056 3.726806445199443e-06
37600.056 3.922584338399672e-06
37650.056 3.6852193123998026e-06
37700.056 3.8367907498999976e-06
37750.056 3.916694119899719e-06
37800.056 3.986977806399851e-06
37850.056 3.83076269409986e-06
37900.056 3.900032957300303e-06
37950.056 3.9391874127001e-06
38000.056 3.938702825300386e-06
38050.056 3.929091165800271e-06
38100.056 3.761790064800258e-06
38150.056 4.080409322499719e-06
38200.056 4.099129440499658e-06
38250.056 3.798741351200446e-06
38300.056 3.7711266349999593e-06
38350.056 3.917503720399921e-06
38400.056 4.0023984451998e-06
38450.056 4.132139525300228e-06
38500.056 3.9417512795998815e-06
38550.056 3.9856169220002064e-06
38600.056 4.354287638099864e-06
38650.056 3.857883025700069e-06
38700.056 3.889015599000621e-06
38750.056 4.098876166599949e-06
38800.056 4.036663338000442e-06
38850.056 4.001720491400155e-06
38900.056 3.846614460799883e-06
38950.056 4.122133996499847e-06
39000.056 3.98377767330011e-06
39050.056 4.081024682999904e-06
39100.056 3.8252971806000745e-06
39150.056 3.984334518200125e-06
39200.056 4.085103655000091e-06
39250.056 4.048641797499468e-06
39300.056 4.038802952099433e-06
39350.056 4.0338374005003385e-06
39400.056 3.9734869793001085e-06
39450.056 4.014519362399874e-06
39500.056 3.89130189829971e-06
39550.056 3.846609090399492e-06
39600.056 4.185741232900018e-06
39650.056 3.7555472629000797e-06
39700.056 3.890204562199885e-06
39750.056 3.902556346899617e-06
39800.056 3.657652347200185e-06
39850.056 3.843776027199769e-06
39900.056 3.742145926399942e-06
39950.056 3.915009769999823e-06
40000.056 3.5728540954998275e-06
40050.056 3.4325551927999778e-06
40100.056 3.675356274399842e-06
40150.056 3.451021070499371e-06
40200.056 3.603527519299796e-06
40250.056 3.444955177999135e-06
40300.056 3.3089317727003305e-06
40350.056 3.514771036400255e-06
40400.056 3.511268337600005e-06
40450.056 3.2737706260003336e-06
40500.056 3.062339655800191e-06
40550.056 3.542684378199694e-06
40600.056 3.0633024436002957e-06
40650.056 3.2986754827003777e-06
40700.056 3.459560187700113e-06
40750.056 3.0469733991990705e-06
40800.056 3.0053171410602343e-06
40850.056 2.8553207693806298e-06
40900.056 2.8778626807003317e-06
40950.056 3.020359089079954e-06
41000.056 3.0921594875000335e-06
41050.056 3.049761199659485e-06
41100.056 2.8510891892000554e-06
41150.056 3.0801000873000444e-06
41200.056 2.902188372500075e-06
41250.056 2.952629940600213e-06
41300.056 2.5717371708996305e-06
41350.056 3.0103982162000843e-06
41400.056 2.7869564303001816e-06
41450.056 2.7863390613001428e-06
41500.056 2.961642690100203e-06
41550.056 2.8615701122200743e-06
41600.056 2.869173616300087e-06
41650.056 2.6556403009003733e-06
41700.056 2.540117160779702e-06
41750.056 2.7074683977998815e-06
41800.056 2.7226721190596705e-06
41850.056 2.3511924346803973e-06
41900.056 2.767413327059816e-06
41950.056 2.540522959000522e-06
42000.056 2.577269242260246e-06
42050.056 2.331358432669396e-06
42100.056 2.6357363690002792e-06
42150.056 2.0555521843494786e-06
42200.056 2.194650835380129e-06
42250.056 2.467395726859852e-06
42300.056 2.1194909076600813e-06
42350.056 2.45980088618052e-06
42400.056 2.139308373060381e-06
42450.056 1.8921266698601013e-06
42500.056 1.994895449690255e-06
42550.056 2.072617751819926e-06
42600.056 2.049508510220338e-06
42650.056 1.9298111889091574e-06
42700.056 2.1084307135405243e-06
42750.056 1.962923657839941e-06
42800.056 1.9815291715305163e-06
42850.056 2.1398505394996354e-06
42900.056 2.0839681062500996e-06
42950.056 1.8474860178792533e-06
43000.056 1.9486238469399285e-06
43050.056 1.794434081290819e-06
43100.056 1.9456669955300513e-06
43150.056 1.962064012350313e-06
43200.056 1.8791118280401484e-06
43250.056 1.8903923829799149e-06
43300.056 1.9525549520601476e-06
43350.056 1.7198001642297992e-06
43400.056 1.787788426529898e-06
43450.056 1.757374914820412e-06
43500.056 1.7406890928997882e-06
43550.056 1.7768153324500708e-06
43600.056 1.8537368648400968e-06
43650.056 1.6195323166301097e-06
43700.056 1.607381577829772e-06
43750.056 1.6452792979601996e-06
43800.056 1.5339695006301173e-06
43850.056 1.5619543241403495e-06
43900.056 1.618930310229925e-06
43950.056 1.497037395710106e-06
44000.056 1.38930193716011e-06
44050.056 1.3854384818500931e-06
44100.056 1.4710504672902297e-06
44150.056 1.5358175418198125e-06
44200.056 1.413962803390036e-06
44250.056 1.3966829243800067e-06
44300.056 1.3508906507801811e-06
44350.056 1.3049210337200925e-06
44400.056 1.3770142992299195e-06
44450.056 1.4066595490800719e-06
44500.056 1.3800010609301512e-06
44550.056 1.2574790745497523e-06
44600.056 1.2722447272201392e-06
44650.056 1.3678592086400337e-06
44700.056 1.2608054815800898e-06
44750.056 1.3062549604298573e-06
44800.056 1.3004018623699563e-06
44850.056 1.2941389735801094e-06
44900.056 1.221708285630137e-06
44950.056 1.1570074654700503e-06
45000.056 1.2560308328499393e-06
45050.056 1.2576887539898878e-06
45100.056 1.297496656589994e-06
45150.056 1.1896344068699931e-06
45200.056 1.0977270817599867e-06
45250.056 1.1486831524799106e-06
45300.056 1.2524463053000576e-06
45350.056 1.2838703869199024e-06
45400.056 1.195620624250147e-06
45450.056 1.1084011996898315e-06
45500.056 1.1589686776399453e-06
45550.056 1.2689429432099552e-06
45600.056 1.161189785099972e-06
45650.056 1.0673172821798155e-06
45700.056 1.239467187910085e-06
45750.056 1.1256786377700218e-06
45800.056 1.1092692946599593e-06
45850.056 1.3231999579399711e-06
45900.056 1.3056987346300393e-06
45950.056 1.1368410919499916e-06
46000.056 1.3525425765700147e-06
46050.056 1.3557463733802875e-06
46100.056 1.1031237798600985e-06
46150.056 1.1985415615099307e-06
46200.056 1.2859983609202766e-06
46250.056 1.0682247194099978e-06
46300.056 1.3960208443999741e-06
46350.056 1.1822768883298885e-06
46400.056 1.2171632103398755e-06
46450.056 1.255380084920178e-06
46500.056 1.1416649344499156e-06
46550.056 1.4010336429100015e-06
46600.056 1.2918198425100456e-06
46650.056 1.6492839515998492e-06
46700.056 1.5497677472904658e-06
46750.056 1.220687219839942e-06
46800.056 1.323805222310182e-06
46850.056 1.4358019446701601e-06
46900.056 1.3338246829297832e-06
46950.056 1.5371406663100217e-06
47000.056 1.267635602040001e-06
47050.056 1.5165125752998323e-06
47100.056 1.170083816760085e-06
47150.056 1.327365910000156e-06
47200.056 1.4143203771603392e-06
47250.056 1.2580061379198168e-06
47300.056 1.333281664509727e-06
47350.056 1.1188089882298318e-06
47400.056 1.3914203827097407e-06
47450.056 1.2369327688298981e-06
47500.056 1.3773163413698163e-06
47550.056 1.2312326712898955e-06
47600.056 1.4134539967598801e-06
47650.056 1.0362182816897714e-06
47700.056 1.440093939590026e-06
47750.056 9.916037073602244e-07
47800.056 1.3947089048198875e-06
47850.056 1.0565981239598745e-06
47900.056 1.4006223578100679e-06
47950.056 1.0598149481901917e-06
48000.056 1.576379385699985e-06
48050.056 1.1704164112601778e-06
48100.056 1.3110919894399545e-06
48150.056 1.1689229449101532e-06
48200.056 1.4179827772101503e-06
48250.056 1.1647743697500012e-06
48300.056 1.5426492254897972e-06
48350.056 1.0428512315398645e-06
48400.056 1.3811147494599796e-06
48450.056 1.111411631260039e-06
48500.056 1.5627392231400266e-06
48550.056 1.0491951007200113e-06
48600.056 1.4625025968398775e-06
48650.056 1.089976292589979e-06
48700.056 1.4352744862401042e-06
48750.056 9.77902375860085e-07
48800.056 1.5609553211900882e-06
48850.056 1.0655721595697918e-06
48900.056 1.4543507038401298e-06
48950.056 1.254154974890004e-06
49000.056 1.2661010992799144e-06
49050.056 1.3641630519899288e-06
49100.056 1.233532374020123e-06
49150.056 1.3066515613499829e-06
49200.056 1.215929242709944e-06
49250.056 1.2982719018599997e-06
49300.056 1.1285187553598696e-06
49350.056 1.227902347719957e-06
49400.056 1.4330624003300687e-06
49450.056 1.2126619020102685e-06
49500.056 1.2763070565400785e-06
49550.056 1.1143918468599501e-06
49600.056 1.2241898604702474e-06
49650.056 1.2845722863800304e-06
49700.056 1.097935216309908e-06
49750.056 1.6951295079598057e-06
49800.056 1.2135915225300525e-06
49850.056 1.5899751980800726e-06
49900.056 1.243233637380064e-06
49950.056 1.3083140170897357e-06
50000.056 1.299889276779713e-06
50050.056 1.2888777911400925e-06
50100.056 1.427453815939919e-06
50150.056 1.179200433850025e-06
50200.056 1.1178936611501388e-06
50250.056 1.310103472480078e-06
50300.056 1.1888093582799357e-06
50350.056 1.4583565445299652e-06
50400.056 1.2367918019199322e-06
50450.056 1.2465056019101752e-06
50500.056 1.6011716245202066e-06
50550.056 1.2791782150099552e-06
50600.056 1.4079291197499917e-06
50650.056 1.3006984923102569e-06
50700.056 1.4688520796396896e-06
50750.056 1.5308285596701964e-06
50800.056 1.0859196345698676e-06
50850.056 1.3284680474701877e-06
50900.056 1.4214927505299407e-06
50950.056 1.4179031152002466e-06
51000.056 1.6759135240101465e-06
51050.056 1.2581367888801423e-06
51100.056 1.2292437271699158e-06
51150.056 1.4284705583299235e-06
51200.056 1.3276191658599622e-06
51250.056 1.5003550963699872e-06
51300.056 1.2005548584703427e-06
51350.056 1.4151498960598282e-06
51400.056 1.3226523278897145e-06
51450.056 9.708066161098493e-07
51500.056 1.3337889301400475e-06
51550.056 1.701617267240147e-06
51600.056 1.109985539850028e-06
51650.056 1.369959214569792e-06
51700.056 1.2786035608996122e-06
51750.056 1.2077179209600706e-06
51800.056 1.4924268339397476e-06
51850.056 1.4259851624998021e-06
51900.056 1.535358579500208e-06
51950.056 1.4001904880498673e-06
52000.056 1.1652361150799537e-06
52050.056 1.3966698415399014e-06
52100.056 1.2943471207897916e-06
52150.056 1.3108231256500797e-06
52200.056 1.2661241450100613e-06
52250.056 1.3122566327299814e-06
52300.056 1.4653582734799743e-06
52350.056 1.5499287385701676e-06
52400.056 1.1191217060701534e-06
52450.056 1.3176827617000091e-06
52500.056 1.5073571636697338e-06
52550.056 1.383198898919649e-06
52600.056 1.414565986250143e-06
52650.056 1.592556206290202e-06
52700.056 1.3216714349500456e-06
52750.056 1.118259708029893e-06
52800.056 1.2447510855501094e-06
52850.056 1.1833484037698861e-06
52900.056 1.3598032052400472e-06
52950.056 1.3006944139598536e-06
53000.056 1.5029168991899074e-06
53050.056 1.3109180532897392e-06
53100.056 1.2725361002397812e-06
53150.056 1.571950059490242e-06
53200.056 1.0693954598601527e-06
53250.056 1.5127271663799724e-06
