galfind/configs/Brown_Dwarf_templates/sonora_bobcat/m0.0/316g/sp_t425g316nc_m0.0_resample.dat
# %ECSV 1.0
# ---
# datatype:
# - {name: wav, unit: Angstrom, datatype: float64}
# - {name: flux_nu, unit: erg / (cm2 Hz s), datatype: float64}
# meta: {C/O: '1.00', Kzz: '1.0000E+05', Teff: '425.', Y: '0.28', '[Fe/H]': '0.00', f_hole: '1.00', f_rain: '0.00', grav: '316.'}
# schema: astropy-2.0
wav flux_nu
[from data line 498]
28900.056 1.0316659026265532e-10
28950.056 1.516280904184944e-10
29000.056 1.0395071764373114e-10
29050.056 1.6836381158963573e-10
29100.056 7.768320116919366e-11
29150.056 1.2196709935553984e-10
29200.056 2.5216092109047437e-10
29250.056 2.597257937369185e-10
29300.056 1.472280991588169e-10
29350.056 4.077044120363159e-10
29400.056 1.622586706616843e-10
29450.056 9.985054255113619e-11
29500.056 3.9442833498457446e-10
29550.056 1.3479546461782477e-10
29600.056 1.7719237270596793e-10
29650.056 5.9506986198913e-10
29700.056 1.1689063571732755e-10
29750.056 3.972368222781828e-10
29800.056 2.7641362195349587e-10
29850.056 5.106749429022638e-10
29900.056 2.400382895162929e-10
29950.056 2.801287762869203e-10
30000.056 5.244657572513474e-12
30050.056 3.4096599008721326e-11
30100.056 1.3524812324631015e-10
30150.056 5.038729223959385e-10
30200.056 3.304722133536104e-10
30250.056 6.132264532218837e-10
30300.056 7.887529038453263e-10
30350.056 1.8618226484971972e-10
30400.056 8.262480355132651e-10
30450.056 5.547608082470287e-10
30500.056 3.5883562859793336e-10
30550.056 2.814331382858602e-10
30600.056 2.0205147999693236e-09
30650.056 7.923758246504416e-10
30700.056 4.889145009009815e-10
30750.056 9.58655254881196e-10
30800.056 8.300042457273732e-10
30850.056 9.13202287941921e-10
30900.056 4.90599505691407e-10
30950.056 4.0758212053570826e-10
31000.056 5.007350245050972e-10
31050.056 3.661715792335498e-10
31100.056 2.2251157793676957e-10
31150.056 4.202722536083877e-10
31200.056 1.2154312132453253e-09
31250.056 5.563862603718494e-10
31300.056 3.615509311638145e-10
31350.056 8.392119454931048e-10
31400.056 5.433713600400153e-10
31450.056 5.828286395219821e-10
31500.056 1.9917556844554027e-10
31550.056 3.7293042190956406e-10
31600.056 2.61607574214507e-10
31650.056 2.1295691167405753e-10
31700.056 1.9627818878656995e-10
31750.056 9.582343019917133e-11
31800.056 2.0232858149585118e-10
31850.056 3.749162315302982e-11
31900.056 9.173923556076731e-11
31950.056 5.134091938497035e-11
32000.056 4.118178876624826e-11
32050.056 5.827960186289663e-11
32100.056 4.7276952834463636e-11
32150.056 5.110799722894968e-11
32200.056 2.457557732297248e-11
32250.056 6.226571889181049e-11
32300.056 1.758249541107648e-11
32350.056 6.382621090747444e-11
32400.056 9.331497493909563e-12
32450.056 4.701245847966991e-11
32500.056 1.1048267637776991e-11
32550.056 3.941203341838854e-11
32600.056 1.2539045924753817e-11
32650.056 9.348887472927354e-11
32700.056 1.9878237263664105e-11
32750.056 1.9915322912369925e-10
32800.056 1.1252145970420204e-10
32850.056 3.819014680318495e-10
32900.056 3.323721545135591e-10
32950.056 3.4127681728674237e-10
33000.056 1.0564608890669537e-10
33050.056 1.2928350809955478e-10
33100.056 2.5784254658248163e-11
33150.056 9.562184377295638e-15
33200.056 7.73351266501293e-13
33250.056 1.2797512925321058e-12
33300.056 1.257505600780562e-11
33350.056 3.9068819272329413e-11
33400.056 1.4151199231354857e-10
33450.056 7.262670907671025e-11
33500.056 2.8507075180718673e-10
33550.056 5.4648197213422834e-11
33600.056 1.4717663468286728e-10
33650.056 1.4042941912066327e-10
33700.056 4.225341896317234e-11
33750.056 1.9592433987873073e-10
33800.056 1.6527544373656586e-11
33850.056 9.304727705933846e-11
33900.056 1.0188534904992867e-10
33950.056 8.150778325990278e-11
34000.056 1.8867717920226326e-10
34050.056 2.7913166708944636e-11
34100.056 1.805851378923116e-10
34150.056 6.514739089911046e-11
34200.056 2.001493530763796e-10
34250.056 1.1427244411702168e-10
34300.056 1.1748938350749843e-10
34350.056 3.090370484487657e-10
34400.056 7.463058079155073e-11
34450.056 2.87987800409381e-10
34500.056 1.3506309933739729e-10
34550.056 1.1114992165961102e-10
34600.056 5.438438281026991e-10
34650.056 6.652317719120054e-11
34700.056 3.602973476930155e-10
34750.056 2.113144297975823e-10
34800.056 1.6655841511624042e-10
34850.056 6.282366725250157e-10
34900.056 1.1654835501860804e-10
34950.056 5.68132559051931e-10
35000.056 9.364285592966306e-10
35050.056 4.615970937339309e-10
35100.056 1.1233355923972074e-09
35150.056 9.429074571021874e-10
35200.056 6.914997508166012e-10
35250.056 1.3563165649599597e-09
35300.056 4.489949613850123e-10
35350.056 6.315372468288601e-10
35400.056 4.793211759786479e-10
35450.056 4.1425125759176236e-10
35500.056 1.5298890895027148e-09
35550.056 8.439436547227751e-10
35600.056 1.125583429429512e-09
35650.056 1.3024219132475617e-09
35700.056 1.3184837382149332e-09
35750.056 1.8638445341999882e-09
35800.056 1.3331605243467628e-09
35850.056 5.741312670973343e-10
35900.056 8.146694795917322e-10
35950.056 1.23389010756449e-09
36000.056 1.3571729394331555e-09
36050.056 9.49893532669124e-10
36100.056 8.79224370607551e-10
36150.056 2.3142325017419577e-09
36200.056 2.4496354781098025e-09
36250.056 1.5191243590517162e-09
36300.056 3.858612486559127e-09
36350.056 2.1366473745141683e-09
36400.056 3.4832244519167806e-09
36450.056 2.961282003894814e-09
36500.056 3.2470860607974547e-09
36550.056 5.373286134293373e-09
36600.056 5.7109179187981676e-09
36650.056 3.7612614981023165e-09
36700.056 4.067474674793116e-09
36750.056 5.624435718602681e-09
36800.056 6.734624710678319e-09
36850.056 3.3934393489926284e-09
36900.056 5.176234872435154e-09
36950.056 6.778605835848887e-09
37000.056 4.439587474625553e-09
37050.056 7.434623380114277e-09
37100.056 3.950624719955018e-09
37150.056 4.95204923719208e-09
37200.056 8.827509076198624e-09
37250.056 4.996970834411043e-09
37300.056 3.4320741150741497e-09
37350.056 6.277867191690712e-09
37400.056 9.94951150722412e-09
37450.056 3.797785340289772e-09
37500.056 5.456852871923647e-09
37550.056 1.1421979256534324e-08
37600.056 1.7170453429622426e-08
37650.056 4.814316972737357e-09
37700.056 9.503496579831046e-09
37750.056 6.7021321862720446e-09
37800.056 6.800428948544146e-09
37850.056 3.6373039308550535e-09
37900.056 4.445277299634213e-09
37950.056 8.740252549854965e-09
38000.056 7.858618143822485e-09
38050.056 1.1811800959973641e-08
38100.056 1.5122996456402936e-08
38150.056 1.6664063907780747e-08
38200.056 1.2536017510976759e-08
38250.056 1.4905894337353877e-08
38300.056 2.3424773195093003e-08
38350.056 2.046701214815715e-08
38400.056 8.393878545910385e-09
38450.056 3.7551243854548705e-09
38500.056 2.7429590941833267e-09
38550.056 9.754338669302237e-09
38600.056 1.062470150049772e-08
38650.056 1.1883165244774148e-08
38700.056 1.0076919471027182e-08
38750.056 1.0550545301030669e-08
38800.056 1.0585718390140198e-08
38850.056 1.233681396997127e-08
38900.056 1.5408944111363397e-08
38950.056 9.190929758252076e-09
39000.056 1.5108972755006283e-08
39050.056 8.968088997836127e-09
39100.056 1.3570504983147188e-08
39150.056 1.9330581291520393e-08
39200.056 1.3050518511587642e-08
39250.056 2.0317988851820463e-08
39300.056 1.3995930218278754e-08
39350.056 2.5003531500199435e-08
39400.056 1.4502693286769627e-08
39450.056 2.117076701417769e-08
39500.056 2.2327758135201985e-08
39550.056 1.0383227672614546e-08
39600.056 2.00106338689878e-08
39650.056 2.7487173630398152e-08
39700.056 2.5048530725203415e-08
39750.056 1.1501324520186252e-08
39800.056 1.3184601908225033e-08
39850.056 3.037923448300268e-08
39900.056 3.4201760406901824e-08
39950.056 1.5139063403419076e-08
40000.056 2.6608281953399668e-08
40050.056 2.9457886724199142e-08
40100.056 1.0262467355385535e-08
40150.056 2.5998597842501226e-08
40200.056 2.8530196527394494e-08
40250.056 3.1871016933493306e-08
40300.056 3.213605639670317e-08
40350.056 1.8686133254714803e-08
40400.056 2.7711618287041345e-08
40450.056 1.3612478370961217e-08
40500.056 3.272974096769986e-08
40550.056 3.5281166273127246e-08
40600.056 3.013393712780038e-08
40650.056 2.3482322284173365e-08
40700.056 4.4682180016396375e-08
40750.056 2.9703394872994237e-08
40800.056 1.766292858556466e-08
40850.056 4.978247724600955e-08
40900.056 4.3450318157194906e-08
40950.056 3.4766446442885336e-08
41000.056 2.835589816793611e-08
41050.056 5.3429006261992575e-08
41100.056 4.51210702435984e-08
41150.056 1.7621709399968392e-08
41200.056 5.094160710560566e-08
41250.056 4.3267615211633254e-08
41300.056 4.506936393840339e-08
41350.056 5.800390103899768e-08
41400.056 4.6513189237000115e-08
41450.056 6.209864236499457e-08
41500.056 3.780764432102223e-08
41550.056 3.46161384209808e-08
41600.056 3.812265247325987e-08
41650.056 5.2685937295405284e-08
41700.056 6.674362913898889e-08
41750.056 5.061569849579554e-08
41800.056 5.458620797600787e-08
41850.056 4.765181212756279e-08
41900.056 4.199918999982851e-08
41950.056 4.368163920159953e-08
42000.056 2.571412409536718e-08
42050.056 3.04361133117109e-08
42100.056 3.84192899396982e-08
42150.056 3.891982147419913e-08
42200.056 4.241589510059712e-08
42250.056 3.6890928786406206e-08
42300.056 3.3004655130497895e-08
42350.056 5.230607888780275e-08
42400.056 6.075321122000496e-08
42450.056 5.75095723610092e-08
42500.056 5.9055761796995604e-08
42550.056 5.055464477999433e-08
42600.056 5.257766661741723e-08
42650.056 7.807079619698606e-08
42700.056 3.846790052038666e-08
42750.056 5.1260217612008506e-08
42800.056 7.402620300200493e-08
42850.056 7.906734246398416e-08
42900.056 8.291505566900888e-08
42950.056 6.275848633599629e-08
43000.056 7.351515537300135e-08
43050.056 3.666177257620328e-08
43100.056 6.254485395599663e-08
43150.056 5.087424088500388e-08
43200.056 7.26192353800053e-08
43250.056 1.0028837785300503e-07
43300.056 9.074805142400038e-08
43350.056 4.77042938841906e-08
43400.056 7.20195820660041e-08
43450.056 4.7866257904003615e-08
43500.056 4.8635051381007746e-08
43550.056 5.2580901011404324e-08
43600.056 8.532199891200652e-08
43650.056 4.954701321029858e-08
43700.056 9.533123995401665e-08
43750.056 8.782838442099498e-08
43800.056 7.68539931149954e-08
43850.056 6.984363287200856e-08
43900.056 5.407590397979452e-08
43950.056 3.753999649099629e-08
44000.056 3.643834435209908e-08
44050.056 8.781943725700382e-08
44100.056 1.1784552992000218e-07
44150.056 1.0570998292199577e-07
44200.056 9.728844765000256e-08
44250.056 5.2907966675995596e-08
44300.056 3.942373050650521e-08
44350.056 4.456066100147705e-08
44400.056 4.254623944339719e-08
44450.056 7.699550436400578e-08
44500.056 6.713844436960915e-08
44550.056 9.798573788699632e-08
44600.056 8.098028755770098e-08
44650.056 7.667213005400016e-08
44700.056 5.047830085699395e-08
44750.056 7.528462802901283e-08
44800.056 5.1397271533304104e-08
44850.056 7.465665130700341e-08
44900.056 6.45679295795993e-08
44950.056 7.489217668600751e-08
45000.056 8.9457931563002e-08
45050.056 7.992682262699237e-08
45100.056 7.284277236580389e-08
45150.056 6.477621091989306e-08
45200.056 4.722891178300448e-08
45250.056 5.667463940368907e-08
45300.056 5.3806012239607035e-08
45350.056 4.1671108150607604e-08
45400.056 1.0923405334601038e-07
45450.056 8.993759107000938e-08
45500.056 1.0843424943300628e-07
45550.056 1.1581844078997728e-07
45600.056 1.0015233113901083e-07
45650.056 8.346748133799771e-08
45700.056 5.12117315503966e-08
45750.056 4.5546609232602886e-08
45800.056 1.1364165748900528e-07
45850.056 9.112714033119985e-08
45900.056 1.1413909140599582e-07
45950.056 9.890399773499569e-08
46000.056 1.0884646466151102e-07
46050.056 8.132775278500603e-08
46100.056 1.286793853219923e-07
46150.056 7.378649068520049e-08
46200.056 6.103805808529149e-08
46250.056 2.380374765421804e-08
46300.056 7.438664772420273e-08
46350.056 7.892744775940966e-08
46400.056 7.599394179000265e-08
46450.056 6.632332084067716e-08
46500.056 7.508558923141314e-08
46550.056 3.997621656430033e-08
46600.056 5.505026998571208e-08
46650.056 8.831501177090464e-08
46700.056 5.8435026057988e-08
46750.056 2.7029184991104708e-08
46800.056 1.7799962170538872e-08
46850.056 8.177970459501184e-08
46900.056 9.235946097699609e-08
46950.056 9.02339379029938e-08
47000.056 8.857582703900972e-08
47050.056 6.054124707730156e-08
47100.056 4.355887499690305e-08
47150.056 7.153655194780947e-08
47200.056 8.040905277599536e-08
47250.056 3.896467716369368e-08
47300.056 2.611567549564605e-08
47350.056 8.760280486700536e-08
47400.056 8.423660591699402e-08
47450.056 5.9469000102706445e-08
47500.056 9.877930006099669e-08
47550.056 8.297155591100308e-08
47600.056 7.387517474579178e-08
47650.056 8.094228090171708e-08
47700.056 6.122388021850187e-08
47750.056 4.447290354500077e-08
47800.056 3.513212515400469e-08
47850.056 1.5743961705892796e-08
47900.056 2.63304810723393e-08
47950.056 6.889730729300397e-08
48000.056 9.298412461199791e-08
48050.056 7.35461255171985e-08
48100.056 3.08931005915222e-08
48150.056 5.8100076771002464e-08
48200.056 3.886850702483733e-08
48250.056 5.3137472853999985e-08
48300.056 8.836897548599765e-08
48350.056 5.191760046999377e-08
48400.056 1.1535746455768888e-08
48450.056 2.4638628679579997e-08
48500.056 4.472923699198948e-08
48550.056 5.166521671238658e-08
48600.056 7.311765129800063e-08
48650.056 9.290583512699639e-08
48700.056 6.075286543080885e-08
48750.056 4.1729887427008934e-08
48800.056 7.649850910700393e-08
48850.056 3.896254978015367e-08
48900.056 4.791348361059524e-08
48950.056 2.5826482116399205e-08
49000.056 1.3927688453344809e-08
49050.056 4.686444433649423e-08
49100.056 6.24728995669806e-08
49150.056 4.736165099723084e-08
49200.056 7.659783776300993e-08
49250.056 7.958669993400293e-08
49300.056 6.444079749299739e-08
49350.056 2.450919846864601e-08
49400.056 3.6969422480691185e-08
49450.056 3.3044305998757693e-08
49500.056 2.6265289823755913e-08
49550.056 4.916489375251047e-09
49600.056 1.4951511786142773e-08
49650.056 4.017222276900213e-08
49700.056 4.7361882677989066e-08
49750.056 4.3986650755298534e-08
49800.056 2.62139043892576e-08
49850.056 5.994481096840774e-08
49900.056 5.459368133499742e-08
49950.056 5.177307756499937e-08
50000.056 3.614963892923243e-08
50050.056 4.460712549340274e-08
50100.056 3.622769954799775e-08
50150.056 1.5253251264047065e-08
50200.056 2.370039954137142e-09
50250.056 1.633351886229972e-08
50300.056 1.0895658172744057e-08
50350.056 4.1743722065006196e-08
50400.056 4.775659771179563e-08
50450.056 3.4748299079601616e-08
50500.056 5.635989251140263e-08
50550.056 5.248036929700241e-08
50600.056 3.545185451678924e-08
50650.056 5.8585912570008795e-08
50700.056 5.787004731799685e-08
50750.056 3.40300308384011e-08
50800.056 1.0436860242868064e-08
50850.056 5.088577020486559e-09
50900.056 3.653811523000274e-08
50950.056 3.6017212322997094e-08
51000.056 2.6835481624564468e-08
51050.056 4.2227490951194146e-08
51100.056 1.4806830339997224e-08
51150.056 1.5321073178997225e-08
51200.056 5.2130268113998965e-08
51250.056 3.831154699299324e-08
51300.056 2.4209076685605646e-08
51350.056 2.2447827979058416e-08
51400.056 6.5274267643193665e-09
51450.056 5.25915409627121e-09
51500.056 4.873038813812004e-09
51550.056 2.1031770576603864e-08
51600.056 2.0197853159403815e-08
51650.056 2.7825459547698856e-08
51700.056 2.7616944483762635e-08
51750.056 1.8098490267453662e-08
51800.056 3.5976658730995775e-08
51850.056 2.8065580815098607e-08
51900.056 3.248267042300081e-08
51950.056 1.702772861529769e-08
52000.056 1.4248356568304126e-09
52050.056 8.61944333890107e-09
52100.056 4.5561967588990955e-09
52150.056 2.4839054335668016e-09
52200.056 9.642933775079703e-09
52250.056 1.6771794715503474e-08
52300.056 2.128880385619859e-08
52350.056 5.494913983219893e-09
52400.056 6.120643389948943e-09
52450.056 2.605760384960277e-08
52500.056 1.9245412895842573e-08
52550.056 2.4277802002498562e-08
52600.056 1.8609226992140945e-08
52650.056 2.2652486094501325e-08
52700.056 1.4368896773749365e-08
52750.056 4.985867343331344e-09
52800.056 9.8136158639218e-09
52850.056 1.1983311055466856e-08
52900.056 4.272913347687879e-09
52950.056 7.726711254871184e-09
53000.056 1.5869726654501734e-08
53050.056 5.511627057406628e-09
53100.056 2.167725963740041e-08
53150.056 2.2400326846200747e-08
53200.056 9.272318882309658e-09
53250.056 1.914698828300017e-08
53300.056 2.250446238616623e-08
53350.056 1.7790286594800506e-08
53400.056 1.120967820379815e-08
53450.056 3.2430507375588203e-09
53500.056 5.07675298957805e-10
53550.056 1.4146099293290102e-09
