galfind/configs/Brown_Dwarf_templates/sonora_bobcat/m0.0/316g/sp_t400g316nc_m0.0_resample.dat
# %ECSV 1.0
# ---
# datatype:
# - {name: wav, unit: Angstrom, datatype: float64}
# - {name: flux_nu, unit: erg / (cm2 Hz s), datatype: float64}
# meta: {C/O: '1.00', Kzz: '1.0000E+05', Teff: '400.', Y: '0.28', '[Fe/H]': '0.00', f_hole: '1.00', f_rain: '0.00', grav: '316.'}
# schema: astropy-2.0
wav flux_nu
[from data line 498]
28900.056 5.722768105576328e-11
28950.056 8.138166446121129e-11
29000.056 5.330081326782634e-11
29050.056 9.005469800052843e-11
29100.056 3.9142760665069857e-11
29150.056 5.96988243589276e-11
29200.056 1.5117062526614205e-10
29250.056 1.3863537802318932e-10
29300.056 8.194987763939181e-11
29350.056 2.2192990703133612e-10
29400.056 9.01250725650142e-11
29450.056 4.75325907200366e-11
29500.056 2.2739329953047126e-10
29550.056 7.096483060390943e-11
29600.056 8.97304176043555e-11
29650.056 3.477947948704228e-10
29700.056 5.904492367977309e-11
29750.056 2.2584700177379543e-10
29800.056 1.4413931199374023e-10
29850.056 2.9622228162102684e-10
29900.056 1.2659090074141566e-10
29950.056 1.5108641946091545e-10
30000.056 2.366630319046732e-12
30050.056 1.8213058157455043e-11
30100.056 7.865782452185187e-11
30150.056 3.0450337762095364e-10
30200.056 1.910950155775558e-10
30250.056 3.412461584365775e-10
30300.056 4.5691175076557253e-10
30350.056 9.328598243926186e-11
30400.056 4.780785917561741e-10
30450.056 3.361083662808216e-10
30500.056 1.870870117755178e-10
30550.056 1.4839037272452758e-10
30600.056 1.3586883740094796e-09
30650.056 5.025535702181338e-10
30700.056 2.8082443812289025e-10
30750.056 5.817677495529542e-10
30800.056 5.414760243678128e-10
30850.056 5.869455323426221e-10
30900.056 3.0702767869888613e-10
30950.056 2.4030975495374087e-10
31000.056 3.08526976353861e-10
31050.056 2.0384950601547235e-10
31100.056 1.2900039914228706e-10
31150.056 2.4455966736668583e-10
31200.056 8.005167901575749e-10
31250.056 3.4985039048096796e-10
31300.056 2.1495574205742671e-10
31350.056 5.703365062863827e-10
31400.056 3.606225633599055e-10
31450.056 3.8023226497726546e-10
31500.056 1.2391294510345926e-10
31550.056 2.4130470301103114e-10
31600.056 1.7274971233110258e-10
31650.056 1.3751761315453762e-10
31700.056 1.2027268341614652e-10
31750.056 5.868455367358138e-11
31800.056 1.2221305108723139e-10
31850.056 2.1084839406721484e-11
31900.056 5.256076170931143e-11
31950.056 2.939533053987979e-11
32000.056 2.1422093330786524e-11
32050.056 3.0859034661596007e-11
32100.056 2.5237071200019656e-11
32150.056 2.5414112533822767e-11
32200.056 1.1941887569407028e-11
32250.056 2.989809676840943e-11
32300.056 8.071432610121623e-12
32350.056 3.0761996985434456e-11
32400.056 3.781501523055593e-12
32450.056 2.145087367988458e-11
32500.056 4.221161966511645e-12
32550.056 1.8392032472987562e-11
32600.056 4.428942694166534e-12
32650.056 4.438966528949052e-11
32700.056 7.327334711903173e-12
32750.056 1.0220649630645269e-10
32800.056 5.2967960703443916e-11
32850.056 2.1430281086503822e-10
32900.056 1.8242099531408352e-10
32950.056 1.852459587957611e-10
33000.056 5.167159488729788e-11
33050.056 5.935809897425908e-11
33100.056 1.0949913934298855e-11
33150.056 3.4016689214672242e-15
33200.056 3.4241874586785606e-13
33250.056 6.254281150639034e-13
33300.056 7.794620496811806e-12
33350.056 2.2591885587969142e-11
33400.056 8.753865570524094e-11
33450.056 3.668837578312669e-11
33500.056 1.574038703315974e-10
33550.056 2.6998508914704165e-11
33600.056 7.456722157655913e-11
33650.056 7.254140926837979e-11
33700.056 1.881751224285546e-11
33750.056 9.984079363696066e-11
33800.056 6.992411841650988e-12
33850.056 4.654999353920033e-11
33900.056 5.1358152176275217e-11
33950.056 4.2293512941987745e-11
34000.056 1.0093793510121169e-10
34050.056 1.43757890114264e-11
34100.056 9.980165913803128e-11
34150.056 3.378224119524512e-11
34200.056 1.1370074710213252e-10
34250.056 5.951556764904442e-11
34300.056 6.54429636103181e-11
34350.056 1.9329219406076513e-10
34400.056 4.0950176222160514e-11
34450.056 1.7252433432312665e-10
34500.056 7.456861981513543e-11
34550.056 7.228992961236291e-11
34600.056 3.580692231828751e-10
34650.056 3.606657106533756e-11
34700.056 2.278262109259723e-10
34750.056 1.2797237156804982e-10
34800.056 9.99809528339412e-11
34850.056 4.05214596630592e-10
34900.056 6.153197239799443e-11
34950.056 3.811560383852209e-10
35000.056 5.909219140283014e-10
35050.056 3.1707083081416544e-10
35100.056 7.575056969813189e-10
35150.056 6.314560408361362e-10
35200.056 4.575853156649406e-10
35250.056 9.153580814219239e-10
35300.056 2.798648451836218e-10
35350.056 3.7962434946893373e-10
35400.056 2.731487292976221e-10
35450.056 2.4641088322711635e-10
35500.056 9.48694412526295e-10
35550.056 5.128955439923682e-10
35600.056 7.397536124165174e-10
35650.056 8.922198963096209e-10
35700.056 9.084360813648299e-10
35750.056 1.2117009307334967e-09
35800.056 7.852069760388709e-10
35850.056 3.4352186622335324e-10
35900.056 4.778935965450766e-10
35950.056 7.721585837865684e-10
36000.056 8.689680186320746e-10
36050.056 5.912906486346265e-10
36100.056 5.527078972241917e-10
36150.056 1.6211225216948103e-09
36200.056 1.656283692737861e-09
36250.056 9.874318108743483e-10
36300.056 2.6975156007703796e-09
36350.056 1.4306139787329961e-09
36400.056 2.4062765600035177e-09
36450.056 1.9701954099654227e-09
36500.056 2.128126800514379e-09
36550.056 3.8062740916896845e-09
36600.056 3.99649711487879e-09
36650.056 2.4979004791839047e-09
36700.056 2.8008553935326954e-09
36750.056 3.946363058901922e-09
36800.056 4.797413985925889e-09
36850.056 2.2360570352246907e-09
36900.056 3.4377282074226843e-09
36950.056 4.841906007099246e-09
37000.056 3.066074861633691e-09
37050.056 5.320896666627979e-09
37100.056 2.5224345826719833e-09
37150.056 3.3746822866478885e-09
37200.056 6.404142374679176e-09
37250.056 3.484603794697734e-09
37300.056 2.2356077511531593e-09
37350.056 4.243012279581765e-09
37400.056 6.925895168340652e-09
37450.056 2.4948269895516154e-09
37500.056 3.7024594847979435e-09
37550.056 8.273494314464971e-09
37600.056 1.2935771494821485e-08
37650.056 3.269139849815774e-09
37700.056 6.597138383590828e-09
37750.056 4.7195556268866125e-09
37800.056 4.681117332076725e-09
37850.056 2.4508313465780017e-09
37900.056 2.9625970480768104e-09
37950.056 6.047211545703074e-09
38000.056 5.380417877289874e-09
38050.056 8.565140640222507e-09
38100.056 1.1086190976919006e-08
38150.056 1.2522540644890921e-08
38200.056 8.94255315557236e-09
38250.056 1.1248959502214428e-08
38300.056 1.7960863332154667e-08
38350.056 1.5000871190085302e-08
38400.056 5.730050757962333e-09
38450.056 2.31054618836306e-09
38500.056 1.74558251167717e-09
38550.056 6.860580075081437e-09
38600.056 7.69604942535835e-09
38650.056 8.477396001014784e-09
38700.056 6.883579852727785e-09
38750.056 7.506262612630365e-09
38800.056 7.445698855396318e-09
38850.056 8.868174419191012e-09
38900.056 1.0981291113400607e-08
38950.056 6.369082883659894e-09
39000.056 1.1046328775817342e-08
39050.056 5.967170233554193e-09
39100.056 9.64899265158754e-09
39150.056 1.4270052808680266e-08
39200.056 9.364862302998371e-09
39250.056 1.496901971458034e-08
39300.056 9.90677682654929e-09
39350.056 1.872322243874949e-08
39400.056 1.0370717157146297e-08
39450.056 1.573501455356402e-08
39500.056 1.6612679982301212e-08
39550.056 7.126845957716895e-09
39600.056 1.4700829668839571e-08
39650.056 2.0629387693298727e-08
39700.056 1.8904964794602602e-08
39750.056 8.018756663255652e-09
39800.056 9.078422860875597e-09
39850.056 2.272220984920217e-08
39900.056 2.612029172400144e-08
39950.056 1.0657335780099633e-08
40000.056 1.9509644151399635e-08
40050.056 2.2137067309499264e-08
40100.056 6.97887315112591e-09
40150.056 1.9067974380220855e-08
40200.056 2.131500093119617e-08
40250.056 2.4033583504145042e-08
40300.056 2.4341853907202452e-08
40350.056 1.3308595511745995e-08
40400.056 2.001391195631143e-08
40450.056 9.251284889279714e-09
40500.056 2.4438254886900272e-08
40550.056 2.6200585373010553e-08
40600.056 2.268682387060008e-08
40650.056 1.7149292191090385e-08
40700.056 3.3423510680497275e-08
40750.056 2.2088719446395773e-08
40800.056 1.259667010935636e-08
40850.056 3.793643025200723e-08
40900.056 3.330195396099581e-08
40950.056 2.606375040674386e-08
41000.056 2.0819212679176945e-08
41050.056 4.1169231846794945e-08
41100.056 3.467828048599876e-08
41150.056 1.2429464274386783e-08
41200.056 3.9157935881704575e-08
41250.056 3.31350072404045e-08
41300.056 3.50437584652033e-08
41350.056 4.5620631222998364e-08
41400.056 3.5806434942799494e-08
41450.056 4.8672549099996005e-08
41500.056 2.8599497783352868e-08
41550.056 2.6065521827298002e-08
41600.056 2.8675897945704138e-08
41650.056 4.1159934562004387e-08
41700.056 5.421820659099158e-08
41750.056 4.001294006979691e-08
41800.056 4.290412411900543e-08
41850.056 3.767065058381431e-08
41900.056 3.195358560133111e-08
41950.056 3.2791544130099126e-08
42000.056 1.7712196752828176e-08
42050.056 2.224436310977481e-08
42100.056 2.805805117009905e-08
42150.056 2.981735840819893e-08
42200.056 3.322569008359795e-08
42250.056 2.817143978300528e-08
42300.056 2.4731626667398163e-08
42350.056 4.1152937502001945e-08
42400.056 4.860160850400392e-08
42450.056 4.7214063070006795e-08
42500.056 4.869354968099657e-08
42550.056 4.1514198424995764e-08
42600.056 4.1765722982813516e-08
42650.056 6.260702969398956e-08
42700.056 2.9268337278490165e-08
42750.056 4.166320735000693e-08
42800.056 6.133444864900364e-08
42850.056 6.512783922998784e-08
42900.056 6.756797418800669e-08
42950.056 5.129043972199805e-08
43000.056 6.022743604600069e-08
43050.056 2.932959766930187e-08
43100.056 5.083976351199781e-08
43150.056 4.159982663000274e-08
43200.056 5.992806426000431e-08
43250.056 8.291709077100384e-08
43300.056 7.433065249700012e-08
43350.056 3.908044937749292e-08
43400.056 5.929332227800343e-08
43450.056 3.875750678800257e-08
43500.056 3.853174308030569e-08
43550.056 4.219948327250337e-08
43600.056 7.050585446000476e-08
43650.056 4.0142432850998546e-08
43700.056 7.796107752601398e-08
43750.056 7.353290583399535e-08
43800.056 6.33891128909966e-08
43850.056 5.766057720700702e-08
43900.056 4.3190155269396015e-08
43950.056 3.020810597669718e-08
44000.056 2.9586115463299174e-08
44050.056 7.276486308900348e-08
44100.056 9.780957803700196e-08
44150.056 8.698796411599628e-08
44200.056 8.113573702900228e-08
44250.056 4.3458584366996095e-08
44300.056 3.168581454090387e-08
44350.056 3.5517259647475055e-08
44400.056 3.416039852519791e-08
44450.056 6.316948081100536e-08
44500.056 5.474464369360678e-08
44550.056 8.035155458899761e-08
44600.056 6.505096752430075e-08
44650.056 6.26962325599996e-08
44700.056 4.120797733239478e-08
44750.056 6.193976215801e-08
44800.056 4.116592147180302e-08
44850.056 6.017024759900255e-08
44900.056 5.308798339619906e-08
44950.056 6.179114112000643e-08
45000.056 7.455048102400138e-08
45050.056 6.584144363799377e-08
45100.056 5.973876109160329e-08
45150.056 5.24503787070946e-08
45200.056 3.7715524777103534e-08
45250.056 4.558262780029149e-08
45300.056 4.3783805966605535e-08
45350.056 3.285536806720608e-08
45400.056 9.054177891900799e-08
45450.056 7.35340628926079e-08
45500.056 8.939810819200506e-08
45550.056 9.564537788698206e-08
45600.056 8.164596267000825e-08
45650.056 6.856118798759763e-08
45700.056 4.118845982779721e-08
45750.056 3.633605119280249e-08
45800.056 9.269301134900426e-08
45850.056 7.326250186180065e-08
45900.056 9.382898644899655e-08
45950.056 8.302344632599596e-08
46000.056 8.949665536250874e-08
46050.056 6.68859002040058e-08
46100.056 1.0635563403399375e-07
46150.056 6.043820991280027e-08
46200.056 4.901998765879301e-08
46250.056 1.840629726333865e-08
46300.056 6.030353076800257e-08
46350.056 6.400911301820793e-08
46400.056 6.25195966700021e-08
46450.056 5.405992550335709e-08
46500.056 6.166890799611014e-08
46550.056 3.204437874999972e-08
46600.056 4.325378477765387e-08
46650.056 7.061548027080357e-08
46700.056 4.686517443199076e-08
46750.056 2.0628620001603583e-08
46800.056 1.3367317798698977e-08
46850.056 6.44607062220095e-08
46900.056 7.541311244599682e-08
46950.056 7.41757380129954e-08
47000.056 7.340665276600739e-08
47050.056 4.869874971272544e-08
47100.056 3.53851122662022e-08
47150.056 5.863106974960763e-08
47200.056 6.545062279599621e-08
47250.056 3.044702567889476e-08
47300.056 2.0433338643255025e-08
47350.056 7.034055132300486e-08
47400.056 6.94613028029954e-08
47450.056 4.6751671671304625e-08
47500.056 8.087548778199867e-08
47550.056 6.821989346900232e-08
47600.056 5.875483893899312e-08
47650.056 6.571049078375784e-08
47700.056 4.9492535840929e-08
47750.056 3.583219212600047e-08
47800.056 2.7430425462003518e-08
47850.056 1.1713765053302122e-08
47900.056 2.0136477108599678e-08
47950.056 5.537909805800337e-08
48000.056 7.471500086299734e-08
48050.056 5.810863160859907e-08
48100.056 2.4361702777641673e-08
48150.056 4.682588684700215e-08
48200.056 3.0404630584397506e-08
48250.056 4.279571494799996e-08
48300.056 7.08517122849986e-08
48350.056 4.110535325299476e-08
48400.056 8.467282636357647e-09
48450.056 1.818662472957248e-08
48500.056 3.427588985699202e-08
48550.056 4.040582522310562e-08
48600.056 6.036533716200044e-08
48650.056 7.648251010399715e-08
48700.056 4.961903244460724e-08
48750.056 3.496592961800623e-08
48800.056 6.199651818800307e-08
48850.056 3.0708206580535106e-08
48900.056 3.612357430025633e-08
48950.056 1.909508698909928e-08
49000.056 1.0437127906084321e-08
49050.056 3.6102393298595635e-08
49100.056 4.9391763537068364e-08
49150.056 3.77933063154406e-08
49200.056 6.230056899300765e-08
49250.056 6.518542198700181e-08
49300.056 5.228954635999754e-08
49350.056 1.923190136409183e-08
49400.056 2.8997816250563162e-08
49450.056 2.521371159918074e-08
49500.056 1.9938015807576688e-08
49550.056 3.4354365232440275e-09
49600.056 1.0754416785582045e-08
49650.056 3.159451654600218e-08
49700.056 3.819905739899197e-08
49750.056 3.3861512864958916e-08
49800.056 1.9626021557627812e-08
49850.056 4.7250333976206014e-08
49900.056 4.4412279988998105e-08
49950.056 4.2038354454999394e-08
50000.056 2.776045633357411e-08
50050.056 3.4288808766602525e-08
50100.056 2.8154892373998185e-08
50150.056 1.1237519822947795e-08
50200.056 1.5938893457167855e-09
50250.056 1.1582805773799861e-08
50300.056 7.753479517774545e-09
50350.056 3.22504084760048e-08
50400.056 3.822414732679656e-08
50450.056 2.8075138761801424e-08
50500.056 4.558874737720194e-08
50550.056 4.31372440790019e-08
50600.056 2.8563490449791287e-08
50650.056 4.752215105100686e-08
50700.056 4.618719621199772e-08
50750.056 2.648693402360051e-08
50800.056 7.58743103245455e-09
50850.056 3.4842524605497865e-09
50900.056 2.7383165175002404e-08
50950.056 2.8252174699997527e-08
51000.056 2.028037841008283e-08
51050.056 3.3346225929595474e-08
51100.056 1.1417229302270324e-08
51150.056 1.1194303810514505e-08
51200.056 4.076313293899949e-08
51250.056 3.0481271994994804e-08
51300.056 1.898168975724397e-08
51350.056 1.6832117056955156e-08
51400.056 4.461024972725976e-09
51450.056 3.6680031163097554e-09
51500.056 3.417494613427409e-09
51550.056 1.554088604020302e-08
51600.056 1.58336128238029e-08
51650.056 2.2430175912899317e-08
51700.056 2.14860140457361e-08
51750.056 1.4109434944977955e-08
51800.056 2.8860642462997107e-08
51850.056 2.2314187407598885e-08
51900.056 2.4421609375000646e-08
51950.056 1.2240997149998218e-08
52000.056 9.42290327119612e-10
52050.056 6.0637571642007175e-09
52100.056 3.0733653465393467e-09
52150.056 1.6344767957995718e-09
52200.056 7.0814945849997996e-09
52250.056 1.2748404514632575e-08
52300.056 1.5553853261598887e-08
52350.056 3.6728517923378115e-09
52400.056 4.192533126809965e-09
52450.056 1.9515434820102066e-08
52500.056 1.4045369496325025e-08
52550.056 1.884173650639892e-08
52600.056 1.4736807554880904e-08
52650.056 1.803489859170084e-08
52700.056 1.102675149526944e-08
52750.056 3.517340086110755e-09
52800.056 7.240058895781375e-09
52850.056 8.912407475297713e-09
52900.056 2.857164690641468e-09
52950.056 5.412958166080899e-09
53000.056 1.1915261822801229e-08
53050.056 3.956032868815078e-09
53100.056 1.692526086680055e-08
53150.056 1.7253316386800372e-08
53200.056 7.122341116499787e-09
53250.056 1.4546051986999958e-08
53300.056 1.6874167702694265e-08
53350.056 1.340823903540037e-08
53400.056 8.215134027698607e-09
53450.056 2.214781734329189e-09
53500.056 3.23959304591881e-10
53550.056 8.997781222840051e-10
53600.056 5.373335128471128e-09
