galfind/configs/Brown_Dwarf_templates/sonora_bobcat/m0.0/316g/sp_t425g316nc_m0.0_resample.dat
# %ECSV 1.0
# ---
# datatype:
# - {name: wav, unit: Angstrom, datatype: float64}
# - {name: flux_nu, unit: erg / (cm2 Hz s), datatype: float64}
# meta: {C/O: '1.00', Kzz: '1.0000E+05', Teff: '425.', Y: '0.28', '[Fe/H]': '0.00', f_hole: '1.00', f_rain: '0.00', grav: '316.'}
# schema: astropy-2.0
wav flux_nu
4000.0559999999996 nan
4050.0559999999996 1.0000952015011328e-17
4100.056 1.0553657651750208e-15
4150.056 9.772744150100102e-15
4200.056 1.0231692801404952e-14
4250.056 9.07555015690008e-14
4300.056 2.1340122229000107e-13
4350.056 3.9580492069000163e-13
4400.056 6.656519920500024e-13
4450.056 1.0559171571000036e-12
4500.056 1.584652848700005e-12
4550.056 1.5803118677399903e-12
4600.056 3.031559645899986e-13
4650.056 1.5795450267999904e-13
4700.056 7.408825379899947e-14
4750.056 3.139373970299979e-14
4800.056 1.5635703680999904e-14
4850.056 7.384877406799948e-15
4900.056 4.082792343099982e-15
4950.056 2.5870465323999897e-15
5000.056 1.549061946299992e-15
5050.056 1.0714448852900017e-15
5100.056 1.1269153282600068e-15
5150.056 1.2553160535000015e-15
5200.056 1.3988742525000024e-15
5250.056 1.5443360386000017e-15
5300.056 1.7151787954000026e-15
5350.056 1.9195897830000023e-15
5400.056 2.1348052206000034e-15
5450.056 2.387474257400008e-15
5500.056 2.6656313661000046e-15
5550.056 2.951302746800003e-15
5600.056 3.209616276400003e-15
5650.056 3.4090334284000006e-15
5700.056 3.4643542622000025e-15
5750.056 3.4177296240999993e-15
5800.056 3.073841447299991e-15
5850.056 2.1284508554899757e-15
5900.056 6.672662393980365e-16
5950.056 4.203445628200096e-15
6000.056 9.06263671300002e-15
6050.056 1.6247027783000144e-14
6100.056 2.649986249500021e-14
6150.056 4.058958713200024e-14
6200.056 5.94086972900003e-14
6250.056 8.278430351700024e-14
6300.056 1.1534000197400026e-13
6350.056 1.585076352200004e-13
6400.056 2.156178817000009e-13
6450.056 2.6867739742999824e-13
6500.056 3.594868483300035e-13
6550.056 4.933332653599926e-13
6600.056 6.776776829300128e-13
6650.056 9.446162183000074e-13
6700.056 1.2304153120100076e-12
6750.056 1.699439675900008e-12
6800.056 2.03453854660001e-12
6850.056 2.1015411671999985e-12
6900.056 1.7270654612800102e-12
6950.056 1.3405672296300048e-12
7000.056 1.4570557630499792e-12
7050.056 1.5247117190499932e-12
7100.056 1.7021612254299873e-12
7150.056 1.4262896360749622e-12
7200.056 1.2154730143188617e-12
7250.056 1.3590885750689492e-12
7300.056 1.3911014921400945e-12
7350.056 1.6822264114039879e-12
7400.056 1.979428250590054e-12
7450.056 2.4067730611000764e-12
7500.056 2.759811023300005e-12
7550.056 2.9866113035000042e-12
7600.056 3.0022370775999945e-12
7650.056 1.3757281187019619e-12
7700.056 1.2310271609420336e-12
7750.056 3.331582135200037e-12
7800.056 4.505536666260014e-12
7850.056 6.0304108468999585e-12
7900.056 7.400977860599966e-12
7950.056 8.277083213600021e-12
8000.056 1.0553823111200068e-11
8050.056 1.2401211955000123e-11
8100.056 1.0771748297189633e-11
8150.056 9.463465562320368e-12
8200.056 1.5801175839874493e-11
8250.056 1.720218720629384e-11
8300.056 2.0499542349352847e-11
8350.056 2.3821312888419488e-11
8400.056 2.9618330492100114e-11
8450.056 4.056445028499983e-11
8500.056 4.871047992199938e-11
8550.056 6.228042303400106e-11
8600.056 7.69310201660005e-11
8650.056 9.031286619300061e-11
8700.056 9.984419993500082e-11
8750.056 1.137286481530007e-10
8800.056 1.2331744262599998e-10
8850.056 1.1670523060199752e-10
8900.056 4.5838677178097026e-11
8950.056 3.830027379003402e-11
9000.056 3.81730307887626e-11
9050.056 1.0934028482251901e-10
9100.056 1.2831972342965959e-10
9150.056 1.5182157484365421e-10
9200.056 2.2816070882541015e-10
9250.056 2.0039583836643617e-10
9300.056 1.3464532328822593e-11
9350.056 2.1377404888483836e-11
9400.056 8.563933154856153e-11
9450.056 7.369547215137886e-11
9500.056 6.164805857200196e-11
9550.056 6.500427838097895e-11
9600.056 7.535542942130672e-11
9650.056 1.281828933192367e-10
9700.056 3.0577536149821937e-10
9750.056 2.870786779177019e-10
9800.056 3.5191381963349187e-10
9850.056 4.3701307322178944e-10
9900.056 6.044766499240277e-10
9950.056 6.620852269700294e-10
10000.056 6.3060897851449e-10
10050.056 8.477923531500089e-10
10100.056 9.261925828500048e-10
10150.056 8.115577238000003e-10
10200.056 6.310500592910469e-10
10250.056 7.943838925226116e-10
10300.056 1.1128345664339353e-09
10350.056 8.659401355370344e-10
10400.056 1.3977921134400538e-09
10450.056 1.8194512348997732e-09
10500.056 2.2574234928399868e-09
10550.056 2.8199739659000332e-09
10600.056 3.1437559787000184e-09
10650.056 3.2929380080000345e-09
10700.056 3.1357671843000046e-09
10750.056 3.1958506789699935e-09
10800.056 3.0817208455400297e-09
10850.056 2.7926013453900394e-09
10900.056 2.1648518116699338e-09
10950.056 1.1082040698439934e-09
11000.056 5.932803583425154e-10
11050.056 2.692797149035395e-10
11100.056 1.1768833651147201e-10
11150.056 4.097437643101502e-11
11200.056 2.8574233545421498e-11
11250.056 3.68656659165833e-11
11300.056 6.049939241893507e-11
11350.056 1.597390051637419e-11
11400.056 9.576133777441549e-11
11450.056 4.851333731010353e-11
11500.056 4.609665624085915e-11
11550.056 1.0694550334584782e-11
11600.056 5.295148778022063e-12
11650.056 2.4610278095575222e-11
11700.056 3.324543221854935e-11
11750.056 9.320881094127205e-12
11800.056 5.471165487481999e-11
11850.056 7.955173216202919e-11
11900.056 9.096068611024444e-11
11950.056 1.4177375287001915e-10
12000.056 2.2360490828413848e-10
12050.056 3.588498465810085e-10
12100.056 4.704406358264358e-10
12150.056 6.858202507390062e-10
12200.056 8.118458296310201e-10
12250.056 1.2251273473327295e-09
12300.056 1.9339770362461274e-09
12350.056 2.2558752725599905e-09
12400.056 3.3256044349599423e-09
12450.056 4.672092799100094e-09
12500.056 5.433935226900294e-09
12550.056 6.386334880300009e-09
12600.056 7.905897879300343e-09
12650.056 9.25110558869987e-09
12700.056 9.512453529100105e-09
12750.056 7.053273780500236e-09
12800.056 5.013818343059813e-09
12850.056 2.9028913987699424e-09
12900.056 2.1572130002591945e-09
12950.056 1.6760273384861391e-09
13000.056 1.879744105397292e-09
13050.056 1.1724366298551696e-09
13100.056 1.1294832663936133e-09
13150.056 6.472274179919891e-10
13200.056 6.997951463141269e-10
13250.056 5.449005173410924e-10
13300.056 1.9446289271702203e-10
13350.056 6.664108763869531e-11
13400.056 2.0194946030052863e-11
13450.056 4.965284077769721e-12
13500.056 1.5201670892416618e-12
13550.056 3.5789319487832275e-13
13600.056 7.379183526699404e-14
13650.056 6.597301976755766e-13
13700.056 3.0901252214571687e-13
13750.056 1.2867060145767118e-12
13800.056 1.1970646125247738e-12
13850.056 4.3562756759054965e-13
13900.056 8.359279050880344e-13
13950.056 7.351096382758518e-13
14000.056 1.014856194850495e-12
14050.056 1.7046641419517171e-12
14100.056 1.4773993494249186e-12
14150.056 3.701410902995635e-12
14200.056 2.2820292559817034e-12
14250.056 3.4345477990780027e-12
14300.056 1.2436170679789883e-11
14350.056 9.710088299571859e-12
14400.056 9.772696018201912e-12
14450.056 2.0383098295527405e-11
14500.056 4.6231481767627034e-11
14550.056 4.90667389180569e-11
14600.056 7.551603396790155e-11
14650.056 3.312325029655496e-11
14700.056 1.4098026444289903e-11
14750.056 6.1787704782329355e-12
14800.056 8.729785141775447e-12
14850.056 1.064475899293949e-11
14900.056 1.036066750774253e-11
14950.056 7.436799515671581e-12
15000.056 2.4232652063894364e-11
15050.056 2.3944122635480916e-11
15100.056 1.1342766062880406e-11
15150.056 4.827116055947084e-12
15200.056 1.8459784860690938e-11
15250.056 4.21242419484255e-11
15300.056 5.6357661212071454e-11
15350.056 7.48235151122952e-11
15400.056 9.939080882635558e-11
15450.056 1.432529452186125e-10
15500.056 1.855042665001593e-10
15550.056 3.6846783111644295e-10
15600.056 6.122684515578235e-10
15650.056 1.0963289179121637e-09
15700.056 1.8580125549500509e-09
15750.056 2.4850794308300733e-09
15800.056 3.118602908939991e-09
15850.056 3.878467721600296e-09
15900.056 4.154419379900021e-09
15950.056 4.466844580999897e-09
16000.056 3.744296969700124e-09
16050.056 2.4204832265598526e-09
16100.056 1.4280405063999422e-09
16150.056 7.242181072726299e-10
16200.056 3.257101533797182e-10
16250.056 1.8643781511541255e-10
16300.056 1.0564903239077535e-10
16350.056 1.4083997730867693e-10
16400.056 1.700030006881368e-10
16450.056 1.6469127329113592e-10
16500.056 1.3275423575579798e-10
16550.056 1.357301607634607e-10
16600.056 2.7258051044747106e-10
16650.056 1.7533359644653116e-10
16700.056 2.47471666588326e-11
16750.056 9.799404746759422e-11
16800.056 1.5571178717716966e-10
16850.056 1.6902917763517495e-10
16900.056 7.380705668636496e-11
16950.056 4.582436934127121e-11
17000.056 2.253700008003042e-11
17050.056 4.9328672674281693e-11
17100.056 9.628342527125042e-11
17150.056 5.368567607649438e-11
17200.056 1.9119169617946057e-10
17250.056 8.278678241284596e-11
17300.056 5.6551917523766876e-11
17350.056 6.833352643466788e-11
17400.056 1.2554460471631213e-10
17450.056 1.615036475433834e-10
17500.056 2.2033900442548874e-10
17550.056 1.836473367931599e-10
17600.056 1.483672159963204e-10
17650.056 1.1114083712596206e-10
17700.056 9.317205798287616e-11
17750.056 7.550552502238059e-11
17800.056 1.7001636596818375e-10
17850.056 7.6312904720629e-11
17900.056 5.236347594514924e-11
17950.056 3.5026000945484273e-11
18000.056 6.504118275020709e-11
18050.056 3.313146668841656e-11
18100.056 4.1037023314749476e-11
18150.056 3.006677565909994e-11
18200.056 2.0140445108315207e-11
18250.056 8.218302066325703e-11
18300.056 1.1995479122406321e-11
18350.056 1.0161784228115977e-11
18400.056 6.2608339522550256e-12
18450.056 4.267018591703086e-11
18500.056 4.1327486656907995e-11
18550.056 1.9117695959460956e-11
18600.056 2.807956559032878e-11
18650.056 1.7610518492618098e-11
18700.056 3.1919240001258614e-12
18750.056 8.047737144752128e-12
18800.056 6.863199900265111e-11
18850.056 6.251157176438268e-11
18900.056 5.659800416199568e-11
18950.056 9.488046318593371e-11
19000.056 2.1242788605839407e-11
19050.056 8.428085273238526e-12
19100.056 2.548353829229552e-11
19150.056 9.68135469857228e-12
19200.056 1.763428527418032e-11
19250.056 1.1947107566017179e-11
19300.056 7.365191231546718e-12
19350.056 6.832691143407245e-12
19400.056 5.535348997025828e-12
19450.056 9.271629509695907e-12
19500.056 6.8715885561073166e-12
19550.056 1.3555568894086351e-11
19600.056 3.0427585099703524e-11
19650.056 2.0365315171399985e-11
19700.056 2.9723460267412534e-11
19750.056 4.631208309005603e-11
19800.056 2.8737122236734408e-11
19850.056 3.559132286486353e-11
19900.056 5.2956369017248436e-11
19950.056 7.723563078071112e-11
20000.056 9.726347514199988e-11
20050.056 6.889998490454218e-11
20100.056 1.235328206235746e-10
20150.056 7.156705046400086e-11
20200.056 4.664534367849782e-11
20250.056 1.0316708589276952e-10
20300.056 1.247015834792071e-10
20350.056 1.3301115473252866e-10
20400.056 1.1283502806966151e-10
20450.056 2.0763395391156982e-10
20500.056 2.3745527050784366e-10
20550.056 2.6675770084280224e-10
20600.056 2.8857282410796614e-10
20650.056 3.5104760802396214e-10
20700.056 3.8954182362400376e-10
20750.056 4.2670948894797145e-10
20800.056 4.1472679559492873e-10
20850.056 4.798126803400101e-10
20900.056 5.006926779899681e-10
20950.056 4.867682692900225e-10
21000.056 4.783800307100137e-10
21050.056 5.045236114699794e-10
21100.056 4.859798093800117e-10
21150.056 4.851532949799724e-10
21200.056 4.6239574262003066e-10
21250.056 4.3886959991094944e-10
21300.056 3.8922495566100817e-10
21350.056 3.801247019471727e-10
21400.056 3.8123704833323723e-10
21450.056 3.129639506996559e-10
21500.056 2.8081256109866523e-10
21550.056 2.6021295740809725e-10
21600.056 2.268554356435388e-10
21650.056 1.6959815630611244e-10
21700.056 1.55237370083722e-10
21750.056 1.4484057226352228e-10
21800.056 9.92705204500857e-11
21850.056 9.356511715581841e-11
21900.056 6.75983717685691e-11
21950.056 2.7846016624006543e-11
22000.056 3.742072616605292e-12
22050.056 6.796093324048162e-12
22100.056 2.7850993121053185e-11
22150.056 1.8617958287862983e-11
22200.056 1.862161196050918e-11
22250.056 1.5346293966524812e-11
22300.056 6.9366745530001804e-12
22350.056 9.699564476576974e-12
22400.056 3.1337345962452524e-12
22450.056 5.52745385319923e-12
22500.056 4.224965453310274e-12
22550.056 2.1102261128033016e-12
22600.056 1.6698932415816806e-12
22650.056 3.3661267500102255e-12
22700.056 3.0043973456513173e-12
22750.056 4.555309810507235e-12
22800.056 5.210373068313907e-12
22850.056 3.440148088451937e-12
22900.056 2.3990886378433378e-12
22950.056 1.8699456838051066e-12
23000.056 2.480046800359359e-12
23050.056 3.02847810635019e-12
23100.056 2.1792806386413304e-11
23150.056 1.9498128492692776e-11
23200.056 6.387905508081167e-13
23250.056 3.670434973551131e-12
23300.056 2.9986457567407254e-12
23350.056 4.39494204048467e-12
23400.056 3.1207507356125593e-12
23450.056 1.791322902329094e-12
23500.056 1.976772649951953e-12
23550.056 4.603849077500363e-12
23600.056 1.0854928069421428e-11
23650.056 1.3864855390597274e-11
23700.056 2.111371378630321e-12
23750.056 2.467537264501882e-12
23800.056 1.3675214479613756e-11
23850.056 8.032769148929334e-12
23900.056 1.9318530213863136e-11
23950.056 8.968717571417553e-12
24000.056 2.3294312896114506e-11
24050.056 2.634470857657884e-11
24100.056 3.2061780603160984e-11
24150.056 4.763549002513434e-11
24200.056 3.013492089922235e-11
24250.056 2.4013548551364675e-11
24300.056 5.080766544137167e-11
24350.056 3.8608665307767185e-11
24400.056 9.32508152057275e-11
24450.056 1.0120913142361915e-10
24500.056 8.583514548544042e-11
24550.056 1.4641900105980147e-10
24600.056 1.610676980852743e-10
24650.056 2.366854174989331e-10
24700.056 1.5193799770377056e-10
24750.056 2.00428451513672e-10
24800.056 1.6755649903156693e-10
24850.056 2.8249452112696193e-10
24900.056 1.1246895869123597e-10
24950.056 2.3578241887500253e-10
25000.056 2.4131889944359563e-10
25050.056 1.3537622541795142e-10
25100.056 2.2993637721805182e-10
25150.056 9.948910783470456e-11
25200.056 1.504221758211781e-10
25250.056 5.19793017829115e-11
25300.056 7.236907731261176e-11
25350.056 3.113685452538365e-11
25400.056 8.587938589471229e-11
25450.056 2.2798360678717766e-11
25500.056 1.8286526660077382e-11
25550.056 4.633624951879645e-11
25600.056 2.2192856247687354e-11
25650.056 9.167564565932657e-12
25700.056 8.934332803704526e-12
25750.056 2.1863163745007862e-12
25800.056 1.5373214304057067e-11
25850.056 2.1213203496517015e-12
25900.056 3.131267836715677e-12
25950.056 5.366618266133466e-13
26000.056 1.248859482686613e-11
26050.056 8.899347707723858e-13
26100.056 6.420412513464052e-12
26150.056 2.1924097414939957e-12
26200.056 3.1821614891698667e-12
26250.056 3.321147310740714e-11
26300.056 4.347566856328981e-12
26350.056 7.010675057491966e-11
26400.056 1.1693824852378533e-10
26450.056 6.277657052179857e-11
26500.056 1.7853757892062232e-10
26550.056 1.2216487642512349e-11
26600.056 1.3509516137665245e-11
26650.056 1.310016350572973e-12
26700.056 7.060853656370752e-13
26750.056 1.3583080458794012e-12
26800.056 5.897410131073083e-12
26850.056 3.0858640363161255e-12
26900.056 2.003538013095572e-11
26950.056 5.29718392982696e-12
27000.056 3.7292641671316276e-11
27050.056 5.231433519190106e-11
27100.056 2.9625149565159663e-12
27150.056 5.6649031895436186e-11
27200.056 2.8979769162103263e-12
27250.056 1.4886383418718654e-11
27300.056 1.640857798041743e-10
27350.056 4.1320142905966875e-11
27400.056 1.4136490093174306e-12
27450.056 5.987111993114335e-11
27500.056 7.971484895414667e-11
27550.056 8.249011578956797e-12
27600.056 3.091568252259222e-11
27650.056 6.2284607011951474e-12
27700.056 6.157579331726875e-12
27750.056 5.4107938754077776e-11
27800.056 1.3949274100843056e-11
27850.056 2.7252621804102626e-11
27900.056 3.0693998848840505e-11
27950.056 8.016502035225233e-11
28000.056 7.66130939597188e-11
28050.056 6.520143941501107e-12
28100.056 8.298442065955648e-11
28150.056 5.798102282294407e-11
28200.056 1.197387762975396e-11
28250.056 1.1790119136575132e-10
28300.056 1.0739789249931164e-10
28350.056 1.5715034621582746e-11
28400.056 7.224486268669013e-11
28450.056 1.4459079909148637e-10
28500.056 7.598547034334248e-11
28550.056 1.3053113926572908e-11
28600.056 1.3697345881003847e-10
28650.056 7.889285491475966e-11
28700.056 1.378539287897022e-10
28750.056 2.229607213839758e-10
28800.056 7.807413133169706e-11
