galfind/configs/Brown_Dwarf_templates/sonora_bobcat/m0.0/316g/sp_t700g316nc_m0.0_resample.dat
# %ECSV 1.0
# ---
# datatype:
# - {name: wav, unit: Angstrom, datatype: float64}
# - {name: flux_nu, unit: erg / (cm2 Hz s), datatype: float64}
# meta: {C/O: '1.00', Kzz: '1.0000E+05', Teff: '700.', Y: '0.28', '[Fe/H]': '0.00', f_hole: '1.00', f_rain: '0.00', grav: '316.'}
# schema: astropy-2.0
wav flux_nu
4000.0559999999996 nan
4050.0559999999996 4.996494615894961e-15
4100.056 7.184176297950073e-13
4150.056 5.135220494200115e-12
4200.056 4.577256415702382e-12
4250.056 2.055794336720022e-11
4300.056 3.4366096391001e-11
4350.056 4.436615553800039e-11
4400.056 5.855349474700049e-11
4450.056 7.63822170040008e-11
4500.056 8.218670866900148e-11
4550.056 8.151877327613861e-11
4600.056 3.426896729139988e-11
4650.056 2.234785553899983e-11
4700.056 1.2338743464399902e-11
4750.056 3.6262655768999526e-12
4800.056 8.14598113439989e-13
4850.056 2.037652742499976e-13
4900.056 8.08430319049994e-14
4950.056 3.808581256499971e-14
5000.056 1.5539756154599842e-14
5050.056 7.570729437499982e-15
5100.056 6.892576426500026e-15
5150.056 6.853938832200021e-15
5200.056 6.943571958600007e-15
5250.056 7.060471472100003e-15
5300.056 7.294286254200004e-15
5350.056 7.680582688700006e-15
5400.056 8.158446193300008e-15
5450.056 8.750694987400025e-15
5500.056 9.43078373220003e-15
5550.056 1.0170227664200013e-14
5600.056 1.0893063703000009e-14
5650.056 1.1486124962999996e-14
5700.056 1.1697471465e-14
5750.056 1.1361347757999995e-14
5800.056 1.0046557523499974e-14
5850.056 7.10030205369992e-15
5900.056 2.348120085892318e-15
5950.056 1.3919672367200294e-14
6000.056 2.9058812150000005e-14
6050.056 5.059262695200059e-14
6100.056 7.968627443900064e-14
6150.056 1.1986823399600074e-13
6200.056 1.7659640537000094e-13
6250.056 2.5465590322000107e-13
6300.056 3.680605643000014e-13
6350.056 5.297000163100028e-13
6400.056 7.614686536700049e-13
6450.056 1.0618799800199938e-12
6500.056 1.531024744710004e-12
6550.056 2.2222918785999927e-12
6600.056 3.22545255970006e-12
6650.056 4.667528706700033e-12
6700.056 6.122844675320059e-12
6750.056 9.144063674800048e-12
6800.056 1.1708938638000075e-11
6850.056 1.3046517573000008e-11
6900.056 1.1838661219400099e-11
6950.056 9.998786746699945e-12
7000.056 1.0015181535700025e-11
7050.056 1.0678876434399902e-11
7100.056 1.1642691273499934e-11
7150.056 1.125412809479981e-11
7200.056 1.066401032898001e-11
7250.056 1.0557679634799566e-11
7300.056 9.899372625380356e-12
7350.056 9.687454915899841e-12
7400.056 9.473831800100248e-12
7450.056 9.325396826400252e-12
7500.056 8.989340493999971e-12
7550.056 8.386643780099977e-12
7600.056 7.549324840799968e-12
7650.056 2.760552132765896e-12
7700.056 2.1100903519020838e-12
7750.056 8.034903647700107e-12
7800.056 1.1895677010740038e-11
7850.056 1.864399500900006e-11
7900.056 2.5837821186999878e-11
7950.056 3.039459136940022e-11
8000.056 4.793827986200045e-11
8050.056 6.430753232700086e-11
8100.056 7.752763047299884e-11
8150.056 9.541574421230012e-11
8200.056 1.374153887636064e-10
8250.056 1.7191777343320016e-10
8300.056 2.2234975021761205e-10
8350.056 2.7643813147798964e-10
8400.056 3.4884114620699495e-10
8450.056 4.521340843699957e-10
8500.056 5.159589474379765e-10
8550.056 6.860369389500171e-10
8600.056 8.749568159700085e-10
8650.056 1.0611285873800115e-09
8700.056 1.2562515628000103e-09
8750.056 1.4973376288000104e-09
8800.056 1.7405349932000188e-09
8850.056 1.889247565599988e-09
8900.056 1.506018317779922e-09
8950.056 1.460577147095948e-09
9000.056 1.7156869439097915e-09
9050.056 2.8522294685890037e-09
9100.056 3.3093059909744396e-09
9150.056 3.6537592352852425e-09
9200.056 4.518984953557766e-09
9250.056 4.5088035849751165e-09
9300.056 1.6800607225908674e-09
9350.056 2.1946716842035895e-09
9400.056 3.79885670907398e-09
9450.056 4.1535328645554864e-09
9500.056 3.907409585930497e-09
9550.056 4.371267660351229e-09
9600.056 4.5115225833868245e-09
9650.056 5.602004123079143e-09
9700.056 7.887749927742937e-09
9750.056 8.361922932135559e-09
9800.056 9.653427528312819e-09
9850.056 1.1164455531149962e-08
9900.056 1.368310193605976e-08
9950.056 1.4781031064500226e-08
10000.056 1.4448036512999479e-08
10050.056 1.9277442859000146e-08
10100.056 2.2460252271999787e-08
10150.056 2.4940965551999573e-08
10200.056 2.7366536272000845e-08
10250.056 3.112332861970079e-08
10300.056 3.62709309379982e-08
10350.056 3.899143545600092e-08
10400.056 4.538458988300012e-08
10450.056 5.022221221899672e-08
10500.056 5.483425604099938e-08
10550.056 5.980611543000041e-08
10600.056 6.301496525999918e-08
10650.056 6.625788890000136e-08
10700.056 6.726880601900131e-08
10750.056 6.957398146200113e-08
10800.056 6.991519324300106e-08
10850.056 6.731072491900006e-08
10900.056 5.4410634941998925e-08
10950.056 3.240419260245082e-08
11000.056 2.3429829531635075e-08
11050.056 1.5513396731326045e-08
11100.056 1.035496090727158e-08
11150.056 6.022548976585505e-09
11200.056 5.80993538045764e-09
11250.056 7.3829836326503635e-09
11300.056 8.278455714260084e-09
11350.056 3.537679904658906e-09
11400.056 8.914849624901737e-09
11450.056 6.471565540373252e-09
11500.056 5.921470677612428e-09
11550.056 2.533493736621397e-09
11600.056 2.4215315300557813e-09
11650.056 4.634237639280413e-09
11700.056 5.1798394131295715e-09
11750.056 2.02720438027448e-09
11800.056 6.878519098338284e-09
11850.056 1.0914092420631652e-08
11900.056 1.3529640390424913e-08
11950.056 1.978327909714232e-08
12000.056 2.6942796350160584e-08
12050.056 3.610335334510349e-08
12100.056 4.642732772689565e-08
12150.056 5.916686852709668e-08
12200.056 7.005259653009667e-08
12250.056 8.556428793399249e-08
12300.056 1.0455040891700584e-07
12350.056 1.1055572482599915e-07
12400.056 1.3108923296799572e-07
12450.056 1.4372175988000447e-07
12500.056 1.5331375753300597e-07
12550.056 1.6893223915900173e-07
12600.056 1.905802350660052e-07
12650.056 1.892828020719991e-07
12700.056 1.8740607357200882e-07
12750.056 1.6886749881900702e-07
12800.056 1.5703892584800047e-07
12850.056 1.226728613783075e-07
12900.056 1.0274065410120917e-07
12950.056 9.32150705529705e-08
13000.056 9.207594253950396e-08
13050.056 7.418193004018567e-08
13100.056 6.992768858683242e-08
13150.056 5.3197291745577326e-08
13200.056 4.757506985105446e-08
13250.056 3.4979989390715896e-08
13300.056 1.6060725304155948e-08
13350.056 4.982188961764222e-09
13400.056 2.363466827873292e-09
13450.056 1.0964506703785263e-09
13500.056 5.782121485732032e-10
13550.056 3.298006841638918e-10
13600.056 1.497935515837236e-10
13650.056 5.418531439166244e-10
13700.056 3.5907757821550066e-10
13750.056 5.723952284492906e-10
13800.056 6.465644356602281e-10
13850.056 4.1513497299265416e-10
13900.056 4.678148545577269e-10
13950.056 4.3885058091041787e-10
14000.056 4.550830344864655e-10
14050.056 6.344472327236437e-10
14100.056 5.483644700710415e-10
14150.056 8.783719225272581e-10
14200.056 6.307550852567181e-10
14250.056 7.264074697690335e-10
14300.056 1.5286164609714806e-09
14350.056 1.4841436263415403e-09
14400.056 1.5967825847081125e-09
14450.056 2.1350447462294618e-09
14500.056 4.066541262929059e-09
14550.056 4.42594831379314e-09
14600.056 6.269009902872387e-09
14650.056 5.338572593240557e-09
14700.056 3.460050252593372e-09
14750.056 3.6734577658083636e-09
14800.056 5.331826867799814e-09
14850.056 5.8016343382387834e-09
14900.056 6.1429827745276094e-09
14950.056 6.6790971829475494e-09
15000.056 1.0114617365670971e-08
15050.056 1.0379439733760168e-08
15100.056 1.017525497438693e-08
15150.056 1.015113871949116e-08
15200.056 1.2841847361960428e-08
15250.056 2.0325686159741843e-08
15300.056 2.418719846286874e-08
15350.056 2.95611309684705e-08
15400.056 3.552386435773645e-08
15450.056 4.1991330825159256e-08
15500.056 4.689947018929256e-08
15550.056 5.8393935501408084e-08
15600.056 6.821505132179816e-08
15650.056 7.806026449400297e-08
15700.056 9.31338829460065e-08
15750.056 1.0076220525599805e-07
15800.056 1.0444285580300203e-07
15850.056 1.1116154985800346e-07
15900.056 1.0241310055400174e-07
15950.056 9.44675841089937e-08
16000.056 7.547433854500368e-08
16050.056 5.002581068089738e-08
16100.056 3.44418148802972e-08
16150.056 2.170509594699894e-08
16200.056 1.3316262648148737e-08
16250.056 1.0563409529768356e-08
16300.056 7.909493292857578e-09
16350.056 9.326677967021263e-09
16400.056 1.1248931690121937e-08
16450.056 1.1564034043377346e-08
16500.056 1.2167350467253296e-08
16550.056 1.1909803367777407e-08
16600.056 1.3643484205227226e-08
16650.056 9.848748978316189e-09
16700.056 2.5934388165963265e-09
16750.056 5.519016884350499e-09
16800.056 9.071749431412989e-09
16850.056 9.79917530828986e-09
16900.056 6.985209355085044e-09
16950.056 5.212166298858519e-09
17000.056 3.574390316926501e-09
17050.056 6.075101957433262e-09
17100.056 8.433202429305052e-09
17150.056 5.914769931425186e-09
17200.056 1.1538656440704926e-08
17250.056 8.644571587348231e-09
17300.056 6.424157526252337e-09
17350.056 6.173205974733423e-09
17400.056 7.858581455104028e-09
17450.056 9.279912832544587e-09
17500.056 1.0987776120012452e-08
17550.056 9.745008223609515e-09
17600.056 8.127237001654965e-09
17650.056 7.654790019233801e-09
17700.056 5.952999872766009e-09
17750.056 5.38369169125413e-09
17800.056 8.45863678769184e-09
17850.056 5.162955547598165e-09
17900.056 4.582533712939875e-09
17950.056 3.547743813201836e-09
18000.056 4.777426399994815e-09
18050.056 3.753212424044693e-09
18100.056 4.339265225135278e-09
18150.056 4.888309699303129e-09
18200.056 3.087431505770121e-09
18250.056 7.717608158734773e-09
18300.056 3.4239201857305103e-09
18350.056 2.8850390016276746e-09
18400.056 2.513321742062434e-09
18450.056 4.801738408367597e-09
18500.056 4.834701524265408e-09
18550.056 3.453794633060241e-09
18600.056 3.3003955903244776e-09
18650.056 2.742814077363794e-09
18700.056 1.815501467178527e-09
18750.056 3.1322746351291436e-09
18800.056 7.359340944226216e-09
18850.056 7.723496288195446e-09
18900.056 6.851487133036744e-09
18950.056 1.1341150720078696e-08
19000.056 5.699935488355107e-09
19050.056 3.6656843533216093e-09
19100.056 6.746300074000961e-09
19150.056 3.8987144862776765e-09
19200.056 5.3806306953962536e-09
19250.056 3.678880742682992e-09
19300.056 2.9902801681034203e-09
19350.056 2.614652894819862e-09
19400.056 2.0831696520220784e-09
19450.056 3.5915312788886736e-09
19500.056 3.217132784150476e-09
19550.056 2.9809001469670604e-09
19600.056 4.5115138708009014e-09
19650.056 4.640495512405634e-09
19700.056 4.8167470746478645e-09
19750.056 6.758989707063358e-09
19800.056 5.907853004278789e-09
19850.056 7.918014974973583e-09
19900.056 7.606803441584428e-09
19950.056 1.1176863329951734e-08
20000.056 1.199813700996115e-08
20050.056 1.1816945659062186e-08
20100.056 1.6361506860734234e-08
20150.056 1.2129693832088993e-08
20200.056 1.188473662895558e-08
20250.056 1.7077857200456005e-08
20300.056 1.833392346263321e-08
20350.056 1.9630124624812842e-08
20400.056 1.8740639891022567e-08
20450.056 2.5702446611431736e-08
20500.056 2.883573605319088e-08
20550.056 2.988591095588414e-08
20600.056 3.273945880300765e-08
20650.056 3.614497202690016e-08
20700.056 3.817473937430369e-08
20750.056 4.052167556539674e-08
20800.056 4.119240706439275e-08
20850.056 4.2739541529000776e-08
20900.056 4.4689429477493005e-08
20950.056 4.320779677400252e-08
21000.056 4.219136575800379e-08
21050.056 4.2413948107996484e-08
21100.056 4.046539480100187e-08
21150.056 4.047459454709345e-08
21200.056 3.778239647250282e-08
21250.056 3.555103732034334e-08
21300.056 3.101198681549897e-08
21350.056 3.058117508867733e-08
21400.056 2.9174326124325718e-08
21450.056 2.5761264600799265e-08
21500.056 2.3477242623379615e-08
21550.056 2.126841646076333e-08
21600.056 1.8729897117799036e-08
21650.056 1.5308097994595154e-08
21700.056 1.510776468828233e-08
21750.056 1.3186398859413928e-08
21800.056 1.0594493215437937e-08
21850.056 9.580736097444048e-09
21900.056 7.074924777236729e-09
21950.056 3.937636161601536e-09
22000.056 1.3409877794825048e-09
22050.056 1.2006804806825583e-09
22100.056 2.9145225358971036e-09
22150.056 3.148839938577566e-09
22200.056 3.493373312844738e-09
22250.056 2.9196651033253978e-09
22300.056 2.013307049082038e-09
22350.056 2.2148538260307663e-09
22400.056 1.2722195439940288e-09
22450.056 1.3949898170366833e-09
22500.056 1.2329998661664708e-09
22550.056 9.41547944380738e-10
22600.056 8.856242883791336e-10
22650.056 1.2111530542600187e-09
22700.056 9.74141030339348e-10
22750.056 1.0440650303918924e-09
22800.056 1.0659708734644218e-09
22850.056 8.773607057023603e-10
22900.056 7.351466597209413e-10
22950.056 6.916509059897591e-10
23000.056 8.939542969704529e-10
23050.056 1.1494104403311303e-09
23100.056 2.9866567231664664e-09
23150.056 2.836353485161694e-09
23200.056 3.84312226583673e-10
23250.056 8.118307676441192e-10
23300.056 7.342402148460362e-10
23350.056 8.47292053475622e-10
23400.056 8.427273658552639e-10
23450.056 6.946087904813228e-10
23500.056 7.777559972529907e-10
23550.056 1.1177802333202013e-09
23600.056 1.4835493036732989e-09
23650.056 2.0670738927954752e-09
23700.056 8.080574164061435e-10
23750.056 7.071852596939989e-10
23800.056 1.3935384461017985e-09
23850.056 1.299905701004378e-09
23900.056 2.291731451833162e-09
23950.056 1.9336902119760585e-09
24000.056 2.7625395929748218e-09
24050.056 3.203925369271455e-09
24100.056 3.0554041262647956e-09
24150.056 3.988359354158524e-09
24200.056 3.352048371527991e-09
24250.056 2.8897557200589032e-09
24300.056 4.141386102181187e-09
24350.056 3.4815576395398592e-09
24400.056 5.4846030454928955e-09
24450.056 5.467879215822988e-09
24500.056 5.307201677684432e-09
24550.056 6.982161686804859e-09
24600.056 7.094086632099108e-09
24650.056 9.534129102305608e-09
24700.056 6.270970235936813e-09
24750.056 7.391765467035821e-09
24800.056 7.095857045902865e-09
24850.056 1.0728277388781589e-08
24900.056 5.382811434199897e-09
24950.056 1.0226927908214045e-08
25000.056 9.054909710786028e-09
25050.056 5.996683040076762e-09
25100.056 8.962529595342301e-09
25150.056 5.306483144703965e-09
25200.056 7.2909612727612475e-09
25250.056 3.8888280372969186e-09
25300.056 5.917547097937938e-09
25350.056 3.1217996069319832e-09
25400.056 6.561365001113264e-09
25450.056 2.944970812323661e-09
25500.056 2.8309585372385465e-09
25550.056 3.976323098573839e-09
25600.056 2.9733967954004576e-09
25650.056 1.8036913358196235e-09
25700.056 3.3486200981787704e-09
25750.056 1.2110312548168397e-09
25800.056 4.0741802394085215e-09
25850.056 1.336481923134942e-09
25900.056 1.970232700867396e-09
25950.056 8.322438078602834e-10
26000.056 4.011959770009824e-09
26050.056 1.3441180514664017e-09
26100.056 3.5838625762000084e-09
26150.056 2.2920721811025082e-09
26200.056 2.648652960371121e-09
26250.056 7.13114718227557e-09
26300.056 3.234585058302658e-09
26350.056 8.85616435829524e-09
26400.056 9.126655452468138e-09
26450.056 8.60597221077759e-09
26500.056 1.1609685489350675e-08
26550.056 3.921926143773619e-09
26600.056 5.44670549573806e-09
26650.056 1.6548769470654647e-09
26700.056 1.3585575481998889e-09
26750.056 1.054484166302837e-09
26800.056 2.19720191103847e-09
26850.056 1.2079118512165114e-09
26900.056 3.854922132877776e-09
26950.056 1.6833952688669485e-09
27000.056 5.889895004311222e-09
27050.056 5.187830374435661e-09
27100.056 2.2178515808860566e-09
27150.056 7.405733759391157e-09
27200.056 2.3070947226391893e-09
27250.056 4.073830280386112e-09
27300.056 1.306384551520282e-08
27350.056 7.475828163715901e-09
27400.056 1.1077586672445232e-09
27450.056 8.847749560736205e-09
27500.056 9.493281315413336e-09
27550.056 2.7890797277818448e-09
27600.056 5.959499029444168e-09
27650.056 2.365328493674958e-09
27700.056 1.8606386845409252e-09
27750.056 6.9902485912470526e-09
27800.056 2.592343143506389e-09
27850.056 3.5768484081786805e-09
27900.056 3.7072442658070412e-09
27950.056 7.727899831923242e-09
28000.056 6.10036355382251e-09
28050.056 1.467126504400914e-09
28100.056 6.7072512588375645e-09
28150.056 4.652910186541631e-09
28200.056 1.9838495758871498e-09
28250.056 7.957381478471983e-09
28300.056 8.496094325541391e-09
28350.056 2.6284287154023075e-09
28400.056 6.082488796316627e-09
28450.056 8.89437533248833e-09
28500.056 6.330376107576846e-09
28550.056 2.0105164879520924e-09
28600.056 9.846777717037524e-09
28650.056 7.421900600269753e-09
28700.056 7.898728923798861e-09
28750.056 1.1652873979872803e-08
28800.056 7.699129148296248e-09
28850.056 1.0657037714188587e-08
