galfind/configs/Brown_Dwarf_templates/sonora_bobcat/m0.0/316g/sp_t225g316nc_m0.0_resample.dat
# %ECSV 1.0
# ---
# datatype:
# - {name: wav, unit: Angstrom, datatype: float64}
# - {name: flux_nu, unit: erg / (cm2 Hz s), datatype: float64}
# meta: {C/O: '1.00', Kzz: '1.0000E+05', Teff: '225.', Y: '0.28', '[Fe/H]': '0.00', f_hole: '1.00', f_rain: '0.00', grav: '316.'}
# schema: astropy-2.0
wav flux_nu
[from data line 499]
28950.056 2.5210620452486096e-14
29000.056 1.4149703628150837e-14
29050.056 3.493368563151192e-14
29100.056 3.4796387175091643e-15
29150.056 2.1355341943880268e-15
29200.056 1.245180545605798e-13
29250.056 2.9321460805693856e-14
29300.056 7.994502588566264e-15
29350.056 5.200561377387536e-14
29400.056 5.733633659319598e-14
29450.056 6.340940500339525e-15
29500.056 9.249779544460366e-14
29550.056 3.10526211813297e-14
29600.056 8.449460723983186e-15
29650.056 8.762776770419306e-14
29700.056 2.2295238198955175e-14
29750.056 1.3636726212480083e-13
29800.056 2.149288124913954e-14
29850.056 1.2698184137770473e-13
29900.056 3.3230744566834356e-14
29950.056 3.2753009896099976e-14
30000.056 8.758886462403241e-17
30050.056 1.5327783226550967e-14
30100.056 5.688293618111351e-14
30150.056 1.0777888220920699e-13
30200.056 1.7620162387549383e-13
30250.056 1.1302556439007535e-13
30300.056 1.7716277728716852e-13
30350.056 4.4454197867242855e-14
30400.056 3.228274822480128e-13
30450.056 4.970351947602766e-13
30500.056 3.288007771040693e-14
30550.056 4.979784543778081e-14
30600.056 3.782012162025623e-12
30650.056 9.990136000538108e-13
30700.056 5.065313889612556e-14
30750.056 4.450181118208075e-13
30800.056 1.7312828099149215e-12
30850.056 1.2234966722746577e-12
30900.056 4.121940393676348e-13
30950.056 2.655776822038188e-13
31000.056 3.415626240485543e-13
31050.056 5.520065203237146e-14
31100.056 3.752051893511246e-14
31150.056 2.922398377294212e-13
31200.056 1.644297921318096e-12
31250.056 1.060965455940682e-12
31300.056 1.0972715826235606e-13
31350.056 1.670755588025806e-12
31400.056 9.397452949660739e-13
31450.056 7.915920657304326e-13
31500.056 1.8346222119947665e-13
31550.056 5.368928831974174e-13
31600.056 4.882642927142629e-13
31650.056 2.752831226827439e-13
31700.056 1.7452913233967623e-13
31750.056 7.952235443343377e-14
31800.056 1.2068476377000527e-13
31850.056 9.520468194543854e-15
31900.056 3.310228070633241e-14
31950.056 1.2647104400407206e-14
32000.056 8.520621481226563e-15
32050.056 5.281892527491725e-15
32100.056 4.596969097418479e-15
32150.056 1.9858525379567024e-15
32200.056 5.48784290795124e-16
32250.056 1.4140811457728e-15
32300.056 1.5544947881693035e-16
32350.056 5.004474151949764e-16
32400.056 3.263173021925702e-17
32450.056 2.9285274495456764e-16
32500.056 2.7418040760559468e-17
32550.056 1.7681798934215873e-16
32600.056 1.3185752882137119e-17
32650.056 2.784396448858537e-16
32700.056 1.8410971267461874e-17
32750.056 9.352892424281997e-16
32800.056 1.9286941129941839e-16
32850.056 5.964445122000811e-15
32900.056 2.4248713290722527e-15
32950.056 7.210571736499013e-15
33000.056 1.5100546971785056e-15
33050.056 3.973640097124759e-16
33100.056 6.256932054575113e-17
33150.056 1.5874898701803938e-19
33200.056 4.136450725945873e-17
33250.056 5.748997454635422e-17
33300.056 2.1111375903513968e-15
33350.056 6.629715479878802e-16
33400.056 7.982791462830406e-15
33450.056 1.9344231760017978e-16
33500.056 3.709138232284605e-15
33550.056 3.5233636488262493e-16
33600.056 1.7549642382094284e-15
33650.056 2.5918300872927277e-15
33700.056 1.9722639336281648e-16
33750.056 3.0173376840623783e-15
33800.056 1.0777614755517295e-16
33850.056 1.45002169565701e-15
33900.056 1.659451884256704e-15
33950.056 2.5739553408379188e-15
34000.056 9.549401440570135e-15
34050.056 1.3854834183392466e-15
34100.056 1.4617609235526127e-14
34150.056 4.206146337194483e-15
34200.056 3.1727267033875013e-14
34250.056 5.837125667244612e-15
34300.056 1.3531484885812489e-14
34350.056 1.7960327807325427e-13
34400.056 9.765220641380934e-15
34450.056 8.184344132093641e-14
34500.056 1.2051910491083934e-14
34550.056 1.3515051748254343e-13
34600.056 8.570058645806188e-13
34650.056 8.664138098479162e-15
34700.056 3.354729690765756e-13
34750.056 8.285630639050081e-14
34800.056 4.709858317285114e-14
34850.056 2.4709909075025335e-13
34900.056 2.6999061049953052e-14
34950.056 6.149206590560848e-13
35000.056 4.015093563686529e-13
35050.056 1.1982524797591238e-12
35100.056 1.3063102222591518e-12
35150.056 1.4081217037697046e-12
35200.056 1.9332235789706295e-12
35250.056 3.637241001014946e-12
35300.056 3.099314435239318e-13
35350.056 5.030827138830842e-14
35400.056 3.0461506105991866e-14
35450.056 3.722199161248639e-14
35500.056 3.656737188564263e-13
35550.056 4.005590946771217e-13
35600.056 9.953815882687114e-13
35650.056 1.494696057022924e-12
35700.056 2.390690920566975e-12
35750.056 9.43680490569909e-13
35800.056 2.16483513024141e-13
35850.056 1.4623634551720872e-13
35900.056 2.662155184754498e-13
35950.056 1.151343375641237e-12
36000.056 1.6008948539018306e-12
36050.056 1.2000864432328358e-12
36100.056 9.70288122461565e-13
36150.056 1.328116829291953e-11
36200.056 4.462752203059236e-12
36250.056 1.5530025167092699e-12
36300.056 9.85645780405311e-12
36350.056 6.598567812933686e-12
36400.056 7.166516896201695e-12
36450.056 4.365931926331252e-12
36500.056 3.257534031880989e-12
36550.056 2.1234887631071732e-11
36600.056 2.2601110696879296e-11
36650.056 5.955023076725167e-12
36700.056 1.5761276480491274e-11
36750.056 3.0960109951512535e-11
36800.056 3.652803545115496e-11
36850.056 7.256991918861494e-12
36900.056 7.439037944310066e-12
36950.056 4.4357489955330077e-11
37000.056 2.8046968676265384e-11
37050.056 4.737243611068103e-11
37100.056 3.755008818872568e-12
37150.056 1.1217848019417688e-11
37200.056 7.711984948021793e-11
37250.056 3.4832707047169034e-11
37300.056 6.714818798774623e-12
37350.056 1.0306870780038974e-11
37400.056 2.23966500965954e-11
37450.056 8.098417148502248e-12
37500.056 1.1288869256746366e-11
37550.056 7.734398212050491e-11
37600.056 1.947980360902124e-10
37650.056 1.107603066251944e-11
37700.056 3.467381998872378e-11
37750.056 3.4871122564528796e-11
37800.056 2.607692622297491e-11
37850.056 1.636271277325916e-11
37900.056 1.1011714224471255e-11
37950.056 2.3525796449238147e-11
38000.056 1.5360207089699255e-11
38050.056 7.982827858900899e-11
38100.056 1.1479551546002411e-10
38150.056 1.9066390175791219e-10
38200.056 8.55244563193193e-11
38250.056 1.9484525451040168e-10
38300.056 4.703645522615726e-10
38350.056 1.2047085743459203e-10
38400.056 1.5453335745793722e-11
38450.056 2.431352910140568e-12
38500.056 6.774731836871706e-12
38550.056 6.876501459880694e-11
38600.056 1.362835547129824e-10
38650.056 7.468949706801832e-11
38700.056 2.3283746463814193e-11
38750.056 7.488998485060115e-11
38800.056 5.906741488489305e-11
38850.056 8.746363065198427e-11
38900.056 1.0437048170517948e-10
38950.056 4.7200780525094576e-11
39000.056 1.9146444081749814e-10
39050.056 1.6419406010376208e-11
39100.056 5.436380987820184e-11
39150.056 1.7365447495501132e-10
39200.056 1.2156849619059824e-10
39250.056 1.6004744520169806e-10
39300.056 8.06973649066498e-11
39350.056 3.6017008669500105e-10
39400.056 9.81434544378244e-11
39450.056 2.610134114511282e-10
39500.056 3.17221043949972e-10
39550.056 5.4271276459039535e-11
39600.056 2.1660651042726167e-10
39650.056 5.050491242899953e-10
39700.056 4.770824106360227e-10
39750.056 7.367322998854118e-11
39800.056 4.732570191989233e-11
39850.056 3.8831881830406724e-10
39900.056 7.267447438600282e-10
39950.056 1.2443894917882256e-10
40000.056 3.101183173820179e-10
40050.056 4.35541374522278e-10
40100.056 5.168792929886833e-11
40150.056 3.081922111600414e-10
40200.056 4.356754063139439e-10
40250.056 5.868935772448909e-10
40300.056 6.500692220500538e-10
40350.056 1.6731394606344316e-10
40400.056 1.994276123098924e-10
40450.056 6.43606111070928e-11
40500.056 5.636903001709678e-10
40550.056 5.65781826507855e-10
40600.056 8.038626148299711e-10
40650.056 3.4225726797148663e-10
40700.056 5.282924506235419e-10
40750.056 3.858330132139531e-10
40800.056 1.7243938733636203e-10
40850.056 1.230823326960187e-09
40900.056 1.2263782860998414e-09
40950.056 6.105250837271669e-10
41000.056 3.4843583128487084e-10
41050.056 1.368701760930022e-09
41100.056 1.1395872659719024e-09
41150.056 1.3225154104109753e-10
41200.056 1.440403787012228e-09
41250.056 1.2119172060357637e-09
41300.056 1.1161455477722532e-09
41350.056 2.5244963209000514e-09
41400.056 1.6357208597398473e-09
41450.056 2.0052469064099265e-09
41500.056 7.329209850753321e-10
41550.056 6.213473212641468e-10
41600.056 7.989529681759045e-10
41650.056 2.0965304189402867e-09
41700.056 3.5291704626998382e-09
41750.056 2.3821917671300574e-09
41800.056 2.6141017125999443e-09
41850.056 1.5355505138257897e-09
41900.056 9.596457180407043e-10
41950.056 7.24183983839886e-10
42000.056 6.251466535210992e-11
42050.056 2.184076931360517e-10
42100.056 5.291702698660014e-10
42150.056 8.420594017169642e-10
42200.056 1.4625276937300574e-09
42250.056 1.0618486208001916e-09
42300.056 7.645051721799102e-10
42350.056 2.249898991150084e-09
42400.056 3.471331871600233e-09
42450.056 4.640142161700213e-09
42500.056 5.004070776099927e-09
42550.056 4.153871501799846e-09
42600.056 2.5563599674804746e-09
42650.056 3.747847016279521e-09
42700.056 1.0343249217721553e-09
42750.056 3.843306866300473e-09
42800.056 6.6842663772001695e-09
42850.056 6.6834595519996085e-09
42900.056 5.9846771409001646e-09
42950.056 4.643081858200253e-09
43000.056 5.33179218799989e-09
43050.056 2.2838758984995875e-09
43100.056 3.5439992751002637e-09
43150.056 4.320760702400137e-09
43200.056 6.592181513100191e-09
43250.056 7.681044464900092e-09
43300.056 6.841004217799787e-09
43350.056 4.4103977717997574e-09
43400.056 5.367714548400019e-09
43450.056 2.7267561941299213e-09
43500.056 1.9167039067140706e-09
43550.056 3.359530788600196e-09
43600.056 6.6532026811999476e-09
43650.056 3.661192115699849e-09
43700.056 6.534553319801037e-09
43750.056 8.077123786499651e-09
43800.056 5.846804542199856e-09
43850.056 4.83179507300033e-09
43900.056 2.972909153460104e-09
43950.056 2.6131872011999943e-09
44000.056 3.217810399199951e-09
44050.056 7.1840845683005584e-09
44100.056 9.25667954600006e-09
44150.056 7.98731931439978e-09
44200.056 7.809972726099993e-09
44250.056 4.6312366123997314e-09
44300.056 2.8602838918000113e-09
44350.056 2.4576394810400394e-09
44400.056 2.7329809740400413e-09
44450.056 5.853671117000584e-09
44500.056 5.285925070199994e-09
44550.056 7.044484310400106e-09
44600.056 5.154251784700007e-09
44650.056 5.867257386799951e-09
44700.056 4.5081871464995154e-09
44750.056 6.174422516000294e-09
44800.056 3.611959188599958e-09
44850.056 4.9064812576001865e-09
44900.056 5.333702899199942e-09
44950.056 6.8108106365004726e-09
45000.056 8.168685054699952e-09
45050.056 6.556499500899461e-09
45100.056 5.934522761700388e-09
45150.056 5.110869527899747e-09
45200.056 3.3001326383000297e-09
45250.056 4.081684268499655e-09
45300.056 3.815439218600146e-09
45350.056 2.3786864961003342e-09
45400.056 7.977410135600218e-09
45450.056 5.921818929600589e-09
45500.056 8.11378544290031e-09
45550.056 8.257930319799151e-09
45600.056 7.360985866400288e-09
45650.056 6.848567357499563e-09
45700.056 3.5256125871596135e-09
45750.056 3.0729635427603238e-09
45800.056 7.323543609600019e-09
45850.056 5.125795766640373e-09
45900.056 8.579728660999964e-09
45950.056 9.122685341799591e-09
46000.056 8.113219456100241e-09
46050.056 5.830886307800608e-09
46100.056 8.99447508889968e-09
46150.056 5.784050750299949e-09
46200.056 3.830773570689481e-09
46250.056 1.2100292220000181e-09
46300.056 4.727319559000366e-09
46350.056 5.1515780163001894e-09
46400.056 5.57727353450016e-09
46450.056 3.704656428539763e-09
46500.056 5.540118335700233e-09
46550.056 2.845805419909602e-09
46600.056 2.387285100809841e-09
46650.056 4.867178162800216e-09
46700.056 3.6050916661996215e-09
46750.056 1.0904214832100768e-09
46800.056 5.940024073499448e-10
46850.056 3.5357926359006108e-09
46900.056 6.015997532600028e-09
46950.056 6.6204484500999455e-09
47000.056 7.035380827200139e-09
47050.056 3.6008789365592673e-09
47100.056 3.4622839772000545e-09
47150.056 4.529029425900367e-09
47200.056 5.067834641499781e-09
47250.056 1.8041896070695738e-09
47300.056 1.3083496757504154e-09
47350.056 4.819439366600352e-09
47400.056 5.9583480927999135e-09
47450.056 2.9386837177399524e-09
47500.056 5.6424088143005886e-09
47550.056 6.063741971199946e-09
47600.056 3.2887132374696424e-09
47650.056 4.1974405288297806e-09
47700.056 3.47591430736037e-09
47750.056 2.9727376890999544e-09
47800.056 1.5736872473299089e-09
47850.056 4.737099473380953e-10
47900.056 9.909342821900503e-10
47950.056 3.5050767012003125e-09
48000.056 4.307552963099605e-09
48050.056 3.1914813261201054e-09
48100.056 1.7342364996499902e-09
48150.056 3.3486898672001243e-09
48200.056 1.4579112214997192e-09
48250.056 2.643747341800139e-09
48300.056 3.6189570578999045e-09
48350.056 1.889577001249725e-09
48400.056 3.1653671536091407e-10
48450.056 5.80154022525141e-10
48500.056 1.2770830907198434e-09
48550.056 1.641585901490385e-09
48600.056 4.189625861600113e-09
48650.056 5.023810494599955e-09
48700.056 4.0178514991002e-09
48750.056 3.920762258900002e-09
48800.056 4.056786312999942e-09
48850.056 1.6444864519297663e-09
48900.056 1.1538542267778508e-09
48950.056 5.440791186899832e-10
49000.056 4.2008852019810455e-10
49050.056 1.4769928370098673e-09
49100.056 2.4261246302203887e-09
49150.056 2.3284916585699963e-09
49200.056 4.078862709400227e-09
49250.056 4.0954321822999165e-09
49300.056 2.8778616268297052e-09
49350.056 1.0307778692602212e-09
49400.056 1.420549480789741e-09
49450.056 1.0092873669301816e-09
49500.056 7.029426157058615e-10
49550.056 1.4773147718699507e-10
49600.056 3.038460785740579e-10
49650.056 1.281413606910168e-09
49700.056 2.050098151299991e-09
49750.056 1.1858536210999242e-09
49800.056 6.886865534900488e-10
49850.056 2.1535259676002144e-09
49900.056 2.787733977899983e-09
49950.056 2.4920005720999063e-09
50000.056 1.009220579584782e-09
50050.056 9.792740509301569e-10
50100.056 9.927724882399315e-10
50150.056 3.278647074059422e-10
50200.056 8.472369502101359e-11
50250.056 3.0383185091000294e-10
50300.056 2.494920748600434e-10
50350.056 1.1258375316001214e-09
50400.056 1.798872348799988e-09
50450.056 1.958771546200063e-09
50500.056 2.3632630286000378e-09
50550.056 2.6199301337999602e-09
50600.056 1.3726643756598797e-09
50650.056 2.4202683110000672e-09
50700.056 1.9039790953998865e-09
50750.056 9.910255639699211e-10
50800.056 2.5187856408493856e-10
50850.056 1.3794805651603633e-10
50900.056 7.426748949900952e-10
50950.056 9.993235662799148e-10
51000.056 6.334317330871196e-10
51050.056 1.4305905933499054e-09
51100.056 5.935216753699633e-10
51150.056 3.5140664887807606e-10
51200.056 1.395547640070082e-09
51250.056 1.259111562119915e-09
51300.056 7.946005465799748e-10
51350.056 4.071948494949138e-10
51400.056 1.4343525527802117e-10
51450.056 1.3457365698397223e-10
51500.056 1.443377713720338e-10
51550.056 4.656961532100578e-10
51600.056 7.562096196800524e-10
51650.056 1.1331792554900295e-09
51700.056 8.359424049298381e-10
51750.056 6.635012457001266e-10
51800.056 1.259303349499999e-09
51850.056 9.89453141589952e-10
51900.056 6.957054317899672e-10
51950.056 3.3133310074994943e-10
52000.056 8.350563568298998e-11
52050.056 2.0059538506000443e-10
52100.056 1.2992643778698627e-10
52150.056 8.779052812401966e-11
52200.056 2.6717551752001766e-10
52250.056 4.3272149908003003e-10
52300.056 4.1389615543997026e-10
52350.056 1.392857267749946e-10
52400.056 1.6534486168500427e-10
52450.056 5.036602902300475e-10
52500.056 3.4329583990898027e-10
52550.056 7.088058303199824e-10
52600.056 7.887980258900656e-10
52650.056 8.992924704699658e-10
52700.056 4.922969516299475e-10
52750.056 1.4982753636697386e-10
52800.056 2.817308805200343e-10
52850.056 3.2255906695996113e-10
52900.056 1.2061795364897188e-10
52950.056 1.8861133692002769e-10
53000.056 3.9662470105001254e-10
53050.056 2.0254367658199157e-10
53100.056 5.939509677000508e-10
53150.056 4.754530850439786e-10
53200.056 2.713429084159813e-10
53250.056 4.106688676699887e-10
53300.056 4.2661846189004177e-10
53350.056 3.837806872599943e-10
53400.056 2.7480180218997657e-10
53450.056 1.2880892228598395e-10
53500.056 4.941623546099159e-11
53550.056 7.741582022800204e-11
