galfind/configs/Brown_Dwarf_templates/sonora_bobcat/m0.0/316g/sp_t550g316nc_m0.0_resample.dat
# %ECSV 1.0
# ---
# datatype:
# - {name: wav, unit: Angstrom, datatype: float64}
# - {name: flux_nu, unit: erg / (cm2 Hz s), datatype: float64}
# meta: {C/O: '1.00', Kzz: '1.0000E+05', Teff: '550.', Y: '0.28', '[Fe/H]': '0.00', f_hole: '1.00', f_rain: '0.00', grav: '316.'}
# schema: astropy-2.0
wav flux_nu
[from data line 499]
28950.056 1.56805855228177e-09
29000.056 1.2249162763714162e-09
29050.056 1.7262216176334826e-09
29100.056 9.721695132688057e-10
29150.056 1.5877903950483286e-09
29200.056 1.7923347683949548e-09
29250.056 2.5756246627241373e-09
29300.056 1.2335779366335845e-09
29350.056 3.844450310293749e-09
29400.056 1.5409770299101336e-09
29450.056 1.4629101047554387e-09
29500.056 3.006841363451977e-09
29550.056 1.4905904036681095e-09
29600.056 2.070227225927822e-09
29650.056 4.159553081434651e-09
29700.056 1.4251975630412802e-09
29750.056 3.252908418199735e-09
29800.056 2.9112428573799773e-09
29850.056 3.857558645973479e-09
29900.056 2.623192830744758e-09
29950.056 2.6966662216701075e-09
30000.056 1.076676885439424e-10
30050.056 3.902169619818809e-10
30100.056 1.0660077609298609e-09
30150.056 3.1760368132309404e-09
30200.056 2.517958036813144e-09
30250.056 5.079296368302065e-09
30300.056 5.639409890502298e-09
30350.056 2.268566112163469e-09
30400.056 6.136402158962297e-09
30450.056 3.7229059909815317e-09
30500.056 3.458960231557805e-09
30550.056 2.8333434436383896e-09
30600.056 8.802242955580821e-09
30650.056 4.39601350425714e-09
30700.056 3.4537414547236734e-09
30750.056 5.6947062453573054e-09
30800.056 4.280489874850325e-09
30850.056 4.63073382289876e-09
30900.056 2.761710144390756e-09
30950.056 2.762771268070875e-09
31000.056 2.894447557491762e-09
31050.056 2.7394765307137487e-09
31100.056 1.5873966392878629e-09
31150.056 2.901357055297954e-09
31200.056 5.314601056516592e-09
31250.056 2.9431861853235127e-09
31300.056 2.129661579884368e-09
31350.056 3.3991767451276196e-09
31400.056 2.3872442091040493e-09
31450.056 2.6869330237074286e-09
31500.056 1.1433143765527491e-09
31550.056 1.824358943017775e-09
31600.056 1.2270889353862928e-09
31650.056 1.0910539110678932e-09
31700.056 1.15682691853225e-09
31750.056 5.882563054158328e-10
31800.056 1.23893588665323e-09
31850.056 3.2591061253492807e-10
31900.056 6.998681707643733e-10
31950.056 3.8795830109498033e-10
32000.056 4.3804735229063154e-10
32050.056 5.452936473843905e-10
32100.056 4.517404588550989e-10
32150.056 5.836824015574587e-10
32200.056 3.063173856955216e-10
32250.056 7.643028621377415e-10
32300.056 2.659034860956278e-10
32350.056 7.548707599134309e-10
32400.056 2.0064570635276142e-10
32450.056 6.375175710483983e-10
32500.056 2.7593155879880804e-10
32550.056 5.199154797238207e-10
32600.056 3.6897556853200217e-10
32650.056 1.1098690318498081e-09
32700.056 5.167388753596054e-10
32750.056 1.7828149344786493e-09
32800.056 1.3475327149897934e-09
32850.056 2.566309111202867e-09
32900.056 2.4118986916221364e-09
32950.056 2.6069048028301613e-09
33000.056 1.278836782772472e-09
33050.056 1.6123128768769732e-09
33100.056 4.3914554229122936e-10
33150.056 1.4976389477575445e-12
33200.056 1.525005146580261e-11
33250.056 1.7300961074031195e-11
33300.056 7.60437239302746e-11
33350.056 2.41309736267391e-10
33400.056 6.658132578387406e-10
33450.056 6.110383374396736e-10
33500.056 1.8433268241213476e-09
33550.056 5.802518529531565e-10
33600.056 1.411222321496506e-09
33650.056 1.332999019097859e-09
33700.056 6.39509571080069e-10
33750.056 1.865044815996968e-09
33800.056 3.3288251558082894e-10
33850.056 1.022096795968662e-09
33900.056 1.016890776932665e-09
33950.056 8.327552895774352e-10
34000.056 1.63878573898769e-09
34050.056 3.4656579870735005e-10
34100.056 1.4528268612810425e-09
34150.056 6.777216180442298e-10
34200.056 1.4766034800481264e-09
34250.056 1.0793840141725345e-09
34300.056 9.279961536162719e-10
34350.056 1.625601175748382e-09
34400.056 6.427643487431081e-10
34450.056 1.7532903255566098e-09
34500.056 1.0726080699385816e-09
34550.056 6.080809631892089e-10
34600.056 2.541783815080301e-09
34650.056 6.169921382655837e-10
34700.056 1.9083109799282084e-09
34750.056 1.3295262598293935e-09
34800.056 1.023582300655256e-09
34850.056 2.778973938736682e-09
34900.056 1.0940851502813314e-09
34950.056 2.4516298854391282e-09
35000.056 4.57555167350142e-09
35050.056 1.9333961591323246e-09
35100.056 4.47906575675927e-09
35150.056 3.930660914088995e-09
35200.056 3.1610426458921236e-09
35250.056 5.6694704944225275e-09
35300.056 2.483591275221895e-09
35350.056 3.4145344266370086e-09
35400.056 3.237237351839198e-09
35450.056 2.3381337750727055e-09
35500.056 7.419636886725954e-09
35550.056 4.749176335193071e-09
35600.056 5.002386829671286e-09
35650.056 5.397180937829909e-09
35700.056 5.099090740218062e-09
35750.056 8.020545362443395e-09
35800.056 7.789351570095464e-09
35850.056 3.500579023368648e-09
35900.056 5.186231717408999e-09
35950.056 6.462456602688961e-09
36000.056 6.5431104533611e-09
36050.056 5.193994874855707e-09
36100.056 4.832212078478042e-09
36150.056 8.695301751111892e-09
36200.056 9.865034320605635e-09
36250.056 7.02189193886481e-09
36300.056 1.360172903642297e-08
36350.056 9.29111011375529e-09
36400.056 1.2674060654870135e-08
36450.056 1.2177232298132253e-08
36500.056 1.3883086551320066e-08
36550.056 1.7987350031847893e-08
36600.056 2.011644379909345e-08
36650.056 1.5563893469441384e-08
36700.056 1.586627553071598e-08
36750.056 2.0254162498408807e-08
36800.056 2.2581132258206802e-08
36850.056 1.4980673657003553e-08
36900.056 2.0830997189613234e-08
36950.056 2.3211577281595406e-08
37000.056 1.7491708699114533e-08
37050.056 2.4641065242458198e-08
37100.056 1.854311857783606e-08
37150.056 1.9368923113496874e-08
37200.056 2.8315779106794367e-08
37250.056 1.9464260138436003e-08
37300.056 1.5994666467692767e-08
37350.056 2.420137678666768e-08
37400.056 3.497616293347563e-08
37450.056 1.7461884679639776e-08
37500.056 2.1518501632827763e-08
37550.056 3.611152346707643e-08
37600.056 4.738810562840921e-08
37650.056 1.93652111817406e-08
37700.056 3.484292398896291e-08
37750.056 2.4250523196364558e-08
37800.056 2.6210878091332297e-08
37850.056 1.5592244291251194e-08
37900.056 1.906191494468222e-08
37950.056 3.148232400548753e-08
38000.056 3.0666823280128155e-08
38050.056 3.769846405205282e-08
38100.056 4.5317716639540313e-08
38150.056 4.753163943699843e-08
38200.056 4.263356948520351e-08
38250.056 4.24226400716862e-08
38300.056 6.301488265218253e-08
38350.056 6.089586193391831e-08
38400.056 3.1536454458492176e-08
38450.056 2.121856962140993e-08
38500.056 1.4700472047242595e-08
38550.056 3.54063466832108e-08
38600.056 3.5872959640293086e-08
38650.056 4.034052963139217e-08
38700.056 3.892732184599567e-08
38750.056 3.7853870734904004e-08
38800.056 3.7686697294695155e-08
38850.056 4.1185115695803534e-08
38900.056 5.2644176776972974e-08
38950.056 3.51937054851609e-08
39000.056 4.835200301678841e-08
39050.056 3.7529730776519737e-08
39100.056 4.595929278832053e-08
39150.056 5.737690298020103e-08
39200.056 4.4618714123392007e-08
39250.056 6.14641413924003e-08
39300.056 4.799609294129176e-08
39350.056 7.2009554250701e-08
39400.056 4.9439058062498097e-08
39450.056 6.236165514536644e-08
39500.056 6.566767704040915e-08
39550.056 4.2088871678100255e-08
39600.056 6.25154736848003e-08
39650.056 7.859391091599252e-08
39700.056 7.107752130040876e-08
39750.056 4.295292320359508e-08
39800.056 5.0569080336099464e-08
39850.056 8.713030994600541e-08
39900.056 9.112194533700401e-08
39950.056 5.5830229624892443e-08
40000.056 8.326717154720335e-08
40050.056 8.324342498729916e-08
40100.056 4.3004631204505635e-08
40150.056 8.049077432960415e-08
40200.056 8.421106140598069e-08
40250.056 9.046329228747809e-08
40300.056 8.96839363250085e-08
40350.056 6.575488932388667e-08
40400.056 9.04436565826969e-08
40450.056 5.629867091237387e-08
40500.056 9.648796475399289e-08
40550.056 1.0315092159036641e-07
40600.056 8.933159097500504e-08
40650.056 7.574378031800985e-08
40700.056 1.2685859925699164e-07
40750.056 8.885671020598284e-08
40800.056 6.205394552107599e-08
40850.056 1.341594394950262e-07
40900.056 1.187499581195928e-07
40950.056 1.0001465361801441e-07
41000.056 8.967455421739221e-08
41050.056 1.3955413597897457e-07
41100.056 1.1863775177899482e-07
41150.056 6.269399445285524e-08
41200.056 1.3485831364201058e-07
41250.056 1.1539935873478737e-07
41300.056 1.120670014179978e-07
41350.056 1.4398578068599454e-07
41400.056 1.2354309942800855e-07
41450.056 1.495187677059853e-07
41500.056 1.032855489029752e-07
41550.056 9.701520480423045e-08
41600.056 1.1057255580294003e-07
41650.056 1.3297867616200964e-07
41700.056 1.4277393035397156e-07
41750.056 1.2320831141498573e-07
41800.056 1.4002083262202646e-07
41850.056 1.1149326881418502e-07
41900.056 1.1382469071757155e-07
41950.056 1.2292076181500854e-07
42000.056 9.463102727186846e-08
42050.056 9.228997726726114e-08
42100.056 1.2468140690598755e-07
42150.056 1.0318889655130376e-07
42200.056 1.0523182716299343e-07
42250.056 1.0220835662890688e-07
42300.056 9.590843304359738e-08
42350.056 1.300627063440114e-07
42400.056 1.4049056924301326e-07
42450.056 1.2340752042502755e-07
42500.056 1.249743792489911e-07
42550.056 1.0977832787198532e-07
42600.056 1.23719934663039e-07
42650.056 1.7515147520195987e-07
42700.056 1.0550414784256438e-07
42750.056 1.1443263336101687e-07
42800.056 1.5097312077101444e-07
42850.056 1.6459672225395964e-07
42900.056 1.7713059854402507e-07
42950.056 1.33255837845981e-07
43000.056 1.5471299774300788e-07
43050.056 8.595534671001653e-08
43100.056 1.3408446604298792e-07
43150.056 1.1192065600901112e-07
43200.056 1.501280506530097e-07
43250.056 2.0355439368001363e-07
43300.056 1.90389356538003e-07
43350.056 1.0402099687697436e-07
43400.056 1.484148004920055e-07
43450.056 1.0749430441601225e-07
43500.056 1.1441603920401988e-07
43550.056 1.2004749107841124e-07
43600.056 1.7361787013801766e-07
43650.056 1.0948686396570066e-07
43700.056 1.9691328612102914e-07
43750.056 1.7068354039099856e-07
43800.056 1.5574451209098738e-07
43850.056 1.403343369500184e-07
43900.056 1.256019353749863e-07
43950.056 8.682122059899016e-08
44000.056 8.177080924199888e-08
44050.056 1.7548343407700548e-07
44100.056 2.3053051017200374e-07
44150.056 2.1490924597399405e-07
44200.056 1.8758826291200244e-07
44250.056 1.1273955393399579e-07
44300.056 9.047054000971482e-08
44350.056 1.0446390417822219e-07
44400.056 9.812014003739239e-08
44450.056 1.5965600268500393e-07
44500.056 1.44371640766026e-07
44550.056 2.0130341984998575e-07
44600.056 1.7698787387760391e-07
44650.056 1.6172947633700742e-07
44700.056 1.0992086947399052e-07
44750.056 1.5596205394603022e-07
44800.056 1.1911371392481139e-07
44850.056 1.6741313036901103e-07
44900.056 1.3388485331340302e-07
44950.056 1.5369411239801153e-07
45000.056 1.7486157218300565e-07
45050.056 1.6302809278398449e-07
45100.056 1.53381703534007e-07
45150.056 1.449258885313832e-07
45200.056 1.1052785028650968e-07
45250.056 1.2858648936097157e-07
45300.056 1.1575033384101642e-07
45350.056 1.0319692134001481e-07
45400.056 2.1289557621402315e-07
45450.056 1.8445455381101513e-07
45500.056 2.097579562970123e-07
45550.056 2.2556095961395044e-07
45600.056 2.0830002922002706e-07
45650.056 1.712279731969976e-07
45700.056 1.1634087642179457e-07
45750.056 1.0713562276180422e-07
45800.056 2.306575215670091e-07
45850.056 1.9846832183399325e-07
45900.056 2.2878387660999516e-07
45950.056 1.8687655434099538e-07
46000.056 2.1771186829702323e-07
46050.056 1.65543575626005e-07
46100.056 2.4660970744998356e-07
46150.056 1.5299701235800215e-07
46200.056 1.3604727411428668e-07
46250.056 6.40322094606226e-08
46300.056 1.5928605051000228e-07
46350.056 1.6691420862901847e-07
46400.056 1.548509597470059e-07
46450.056 1.3829734238680247e-07
46500.056 1.5496439775503238e-07
46550.056 9.344182613650487e-08
46600.056 1.3070312871438175e-07
46650.056 1.9781766082301172e-07
46700.056 1.3191314386697082e-07
46750.056 7.468311279391144e-08
46800.056 5.275582805512016e-08
46850.056 1.9056798656002655e-07
46900.056 1.9048794202499235e-07
46950.056 1.8335514840498413e-07
47000.056 1.7639063737102498e-07
47050.056 1.353076974857559e-07
47100.056 9.578090135730923e-08
47150.056 1.44893493578021e-07
47200.056 1.6942106855099258e-07
47250.056 9.729967963718779e-08
47300.056 6.644707396395126e-08
47350.056 1.9164194577200277e-07
47400.056 1.6994987478798602e-07
47450.056 1.4322967331211922e-07
47500.056 1.982732699099835e-07
47550.056 1.6890858832600705e-07
47600.056 1.6496383423848636e-07
47650.056 1.6717205152594955e-07
47700.056 1.3349251367660245e-07
47750.056 9.987827210000274e-08
47800.056 8.83676900680109e-08
47850.056 4.8449761114007604e-08
47900.056 7.250088665309425e-08
47950.056 1.4919172240600656e-07
48000.056 1.9935500682000828e-07
48050.056 1.6825337831999376e-07
48100.056 7.638128785300558e-08
48150.056 1.2875647737700394e-07
48200.056 9.635027982919747e-08
48250.056 1.1831664847600198e-07
48300.056 1.886292933099865e-07
48350.056 1.1633074124899227e-07
48400.056 3.728186063129121e-08
48450.056 7.57360974377577e-08
48500.056 1.1748562635897418e-07
48550.056 1.2382835575541125e-07
48600.056 1.4576914945800254e-07
48650.056 1.8252993014999203e-07
48700.056 1.2752944595301504e-07
48750.056 8.24879790590289e-08
48800.056 1.6291164611600734e-07
48850.056 9.300478778838375e-08
48900.056 1.3083417045278871e-07
48950.056 7.662604315400077e-08
49000.056 4.128285689590371e-08
49050.056 1.1851374714998405e-07
49100.056 1.4325106357102404e-07
49150.056 1.0793021639414299e-07
49200.056 1.619470555990243e-07
49250.056 1.616206680010127e-07
49300.056 1.3607437872799652e-07
49350.056 6.147109524441343e-08
49400.056 9.017853573137888e-08
49450.056 8.85427059209728e-08
49500.056 7.1397529744092e-08
49550.056 1.970538640206059e-08
49600.056 5.0513088092388794e-08
49650.056 9.508170609499862e-08
49700.056 1.0278655864597083e-07
49750.056 1.1133829528329411e-07
49800.056 7.525748057871829e-08
49850.056 1.3929992096402036e-07
49900.056 1.1651632284999285e-07
49950.056 1.1064341498999922e-07
50000.056 9.210916554498284e-08
50050.056 1.1217928300400199e-07
50100.056 8.939834274099546e-08
50150.056 4.62358175111919e-08
50200.056 1.1130450025424485e-08
50250.056 5.75108218349974e-08
50300.056 3.918764661348581e-08
50350.056 1.0496339911301418e-07
50400.056 1.0615898773499062e-07
50450.056 7.759675928840235e-08
50500.056 1.201104325130084e-07
50550.056 1.0831497132300544e-07
50600.056 7.825001493997839e-08
50650.056 1.2393196101602053e-07
50700.056 1.2807225050998686e-07
50750.056 8.390795852460716e-08
50800.056 3.403808142497404e-08
50850.056 2.1593315042549623e-08
50900.056 1.0116059207700242e-07
50950.056 8.58268309859968e-08
51000.056 7.418571788800654e-08
51050.056 9.795826344698744e-08
51100.056 3.924966940835763e-08
51150.056 4.838958286711861e-08
51200.056 1.2531045836999447e-07
51250.056 8.62531731261848e-08
51300.056 5.888799120591839e-08
51350.056 6.178336329045215e-08
51400.056 2.5260725533693942e-08
51450.056 1.9727400730793782e-08
51500.056 1.8652843024349422e-08
51550.056 6.343258147080848e-08
51600.056 5.046227397220969e-08
51650.056 6.230178265899396e-08
51700.056 6.861897115930488e-08
51750.056 4.5542848680157356e-08
51800.056 8.07401762289859e-08
51850.056 6.562865256019638e-08
51900.056 9.022664918200119e-08
51950.056 5.557568435299367e-08
52000.056 7.545014577817275e-09
52050.056 3.142182818070432e-08
52100.056 1.9795739913997288e-08
52150.056 1.2509488560322656e-08
52200.056 2.9764722357699485e-08
52250.056 4.532998632580978e-08
52300.056 6.578085702099686e-08
52350.056 2.483928224805883e-08
52400.056 2.4185257610140557e-08
52450.056 7.099911787100737e-08
52500.056 5.8999525239983733e-08
52550.056 6.181058822999496e-08
52600.056 4.604976456060082e-08
52650.056 5.4194819705805835e-08
52700.056 3.907456677689889e-08
52750.056 1.8481864339045907e-08
52800.056 3.017127487880443e-08
52850.056 3.5426374880289693e-08
52900.056 1.9410908191249106e-08
52950.056 2.8101277100303035e-08
53000.056 4.6164790285005917e-08
53050.056 1.9431234817614724e-08
53100.056 5.31911010989972e-08
53150.056 5.997621066000512e-08
53200.056 2.4977033976608097e-08
53250.056 5.277689226180276e-08
53300.056 6.323365933924343e-08
53350.056 5.003862875500083e-08
53400.056 3.5542952410995375e-08
53450.056 1.3987872861195536e-08
53500.056 3.5086506986186784e-09
