galfind/configs/Brown_Dwarf_templates/sonora_bobcat/m0.0/316g/sp_t275g316nc_m0.0_resample.dat
# %ECSV 1.0
# ---
# datatype:
# - {name: wav, unit: Angstrom, datatype: float64}
# - {name: flux_nu, unit: erg / (cm2 Hz s), datatype: float64}
# meta: {C/O: '1.00', Kzz: '1.0000E+05', Teff: '275.', Y: '0.28', '[Fe/H]': '0.00', f_hole: '1.00', f_rain: '0.00', grav: '316.'}
# schema: astropy-2.0
wav flux_nu
4000.0559999999996 nan
4050.0559999999996 2.7676315316900486e-19
4100.056 6.469277547700093e-18
4150.056 3.3306722466000284e-17
4200.056 4.869684365500028e-17
4250.056 2.1040995529000145e-16
4300.056 4.4196196657000185e-16
4350.056 7.90145691860003e-16
4400.056 1.2911967067000037e-15
4450.056 2.0100947465000054e-15
4500.056 3.16346927760001e-15
4550.056 4.419412618000004e-15
4600.056 4.479051342900004e-15
4650.056 4.681578119699998e-15
4700.056 4.240142371099995e-15
4750.056 3.377077407399994e-15
4800.056 2.654387696599994e-15
4850.056 1.7744760922999921e-15
4900.056 1.2400445629999965e-15
4950.056 9.084412283599974e-16
5000.056 5.581797039699967e-16
5050.056 3.5772089828e-16
5100.056 3.8859673644000187e-16
5150.056 4.614354486200004e-16
5200.056 5.43775384500001e-16
5250.056 6.099235821300006e-16
5300.056 6.83480512720001e-16
5350.056 7.686126685500009e-16
5400.056 8.36844949470001e-16
5450.056 9.44398629600003e-16
5500.056 1.0859381020300014e-15
5550.056 1.2481837928000014e-15
5600.056 1.4004652434000015e-15
5650.056 1.5243782468000006e-15
5700.056 1.5274899585000022e-15
5750.056 1.5627302769000007e-15
5800.056 1.4673219995999976e-15
5850.056 1.0488621696699868e-15
5900.056 2.694068482391141e-16
5950.056 1.843344275640044e-15
6000.056 3.950144487600016e-15
6050.056 7.54841283670006e-15
6100.056 1.2697246020500095e-14
6150.056 1.9572865054000117e-14
6200.056 2.874573173000014e-14
6250.056 3.883722523100008e-14
6300.056 5.443274254300015e-14
6350.056 7.497719630800018e-14
6400.056 1.0061804329800038e-13
6450.056 1.0901235820799907e-13
6500.056 1.3999454598500192e-13
6550.056 1.9799166973999736e-13
6600.056 2.8328791311200455e-13
6650.056 4.293286652400032e-13
6700.056 5.897929453400034e-13
6750.056 8.454861129500046e-13
6800.056 9.859166476700016e-13
6850.056 9.487993121899979e-13
6900.056 6.523456637199928e-13
6950.056 3.687710743160057e-13
7000.056 4.4059194222998853e-13
7050.056 4.3356934188000203e-13
7100.056 5.028079582799971e-13
7150.056 3.218535876865082e-13
7200.056 1.5845580140974908e-13
7250.056 1.8189948035709025e-13
7300.056 1.9462914225731385e-13
7350.056 3.2841355441880064e-13
7400.056 5.102386837280075e-13
7450.056 8.177446105200173e-13
7500.056 1.1082458802300034e-12
7550.056 1.3409294418000036e-12
7600.056 1.4729255556000008e-12
7650.056 9.209645595499871e-13
7700.056 9.543871231700155e-13
7750.056 1.8722196577000148e-12
7800.056 2.219543891400007e-12
7850.056 2.4584692120999754e-12
7900.056 2.778749694200001e-12
7950.056 3.2381363351999985e-12
8000.056 3.652239180900008e-12
8050.056 4.080214907800023e-12
8100.056 2.1710931870629037e-12
8150.056 7.674497686364217e-13
8200.056 2.5367920942761987e-12
8250.056 2.6963997174419497e-12
8300.056 2.5021765400417654e-12
8350.056 2.9714050203880118e-12
8400.056 4.485143415940169e-12
8450.056 8.020634610100064e-12
8500.056 1.0859031860400044e-11
8550.056 1.4325077663000194e-11
8600.056 1.795484860200012e-11
8650.056 1.9994512306000043e-11
8700.056 1.8434901196999994e-11
8750.056 1.8084908422000016e-11
8800.056 1.5285722461999755e-11
8850.056 9.731245143599475e-12
8900.056 6.542580492745103e-13
8950.056 1.2555653197156972e-13
9000.056 1.3825474258041226e-13
9050.056 1.2423674070806582e-12
9100.056 1.4138762417523153e-12
9150.056 2.1663403433458256e-12
9200.056 5.661668253111398e-12
9250.056 3.5573673511906484e-12
9300.056 5.4959894869204634e-15
9350.056 4.496945111308581e-15
9400.056 1.5701338074795298e-13
9450.056 4.607567581589708e-14
9500.056 4.59352273574602e-14
9550.056 3.606177392054958e-14
9600.056 8.701761324086578e-14
9650.056 3.08270694247747e-13
9700.056 2.6067353848132455e-12
9750.056 1.7261231093356017e-12
9800.056 2.4039725193365263e-12
9850.056 3.490690053476947e-12
9900.056 6.0042560978504725e-12
9950.056 6.5305704499003405e-12
10000.056 5.8217106873431756e-12
10050.056 5.510605642699838e-12
10100.056 4.230644382799989e-12
10150.056 1.983261967029929e-12
10200.056 4.190082336160168e-13
10250.056 4.69736437986086e-13
10300.056 1.20745736714462e-12
10350.056 3.898672310190289e-13
10400.056 1.4681463035761327e-12
10450.056 2.608021376259756e-12
10500.056 4.4357280477001485e-12
10550.056 7.638524143000086e-12
10600.056 9.404372524900148e-12
10650.056 9.097326697299938e-12
10700.056 6.977594096099918e-12
10750.056 6.170785691499861e-12
10800.056 5.3336605769001026e-12
10850.056 4.314402882499998e-12
10900.056 3.3527218287098943e-12
10950.056 1.8549006766599884e-12
11000.056 8.842706037938929e-13
11050.056 3.0856477983461923e-13
11100.056 7.535226863255637e-14
11150.056 1.2475240537287235e-14
11200.056 4.135230572589697e-15
11250.056 3.119344413584578e-15
11300.056 1.4418804031655342e-14
11350.056 1.9922849450862134e-15
11400.056 3.7322033015543336e-14
11450.056 1.3690007783807735e-14
11500.056 1.5581005629388565e-14
11550.056 3.1015741591684125e-15
11600.056 5.071504665881483e-16
11650.056 6.9990340943395086e-15
11700.056 1.3687726703733367e-14
11750.056 4.8301241587401865e-15
11800.056 3.0177187237456497e-14
11850.056 2.8386534016142772e-14
11900.056 3.503040862898067e-14
11950.056 5.953685072140464e-14
12000.056 7.936334665261216e-14
12050.056 1.25893438372402e-13
12100.056 1.351734847922949e-13
12150.056 1.968112247079345e-13
12200.056 2.2656848232939842e-13
12250.056 5.405605131108325e-13
12300.056 1.199407675806586e-12
12350.056 1.6171500840250577e-12
12400.056 3.1958255489400193e-12
12450.056 6.550066225400176e-12
12500.056 8.656390334199961e-12
12550.056 9.498418179200145e-12
12600.056 1.5869077067600928e-11
12650.056 2.8682625646400472e-11
12700.056 3.4418205967999614e-11
12750.056 2.2430576974300462e-11
12800.056 1.3353041941999172e-11
12850.056 5.795706297099665e-12
12900.056 3.115552168034211e-12
12950.056 2.283797801359061e-12
13000.056 2.6145127180903668e-12
13050.056 1.3381778352897336e-12
13100.056 1.414011164580362e-12
13150.056 5.171975005604097e-13
13200.056 6.923799475949217e-13
13250.056 8.521534343349848e-13
13300.056 2.2246288714861752e-13
13350.056 1.236101326122628e-13
13400.056 2.839059326596884e-14
13450.056 2.710346083748229e-15
13500.056 2.625326658643271e-16
13550.056 1.4106605129463853e-17
13600.056 8.941226829628454e-19
13650.056 1.0727395729842695e-17
13700.056 3.551973496080347e-18
13750.056 5.721276012603197e-17
13800.056 6.294320486615315e-17
13850.056 1.0133036099847808e-17
13900.056 5.562165072644383e-17
13950.056 2.971205145852347e-17
14000.056 1.3253507899142322e-16
14050.056 1.3226625873716786e-16
14100.056 1.4699540782819763e-16
14150.056 1.0603705505582668e-15
14200.056 8.126540699035422e-16
14250.056 1.749023338296717e-15
14300.056 8.729523272995813e-15
14350.056 5.698756037464493e-15
14400.056 5.320073493585279e-15
14450.056 1.636347090238112e-14
14500.056 4.919687414373437e-14
14550.056 9.87951797371085e-14
14600.056 1.7163246082529336e-13
14650.056 3.285964937895945e-14
14700.056 1.0668196476672597e-14
14750.056 2.6324189029509587e-15
14800.056 2.7750636119901717e-15
14850.056 2.6416408316298303e-15
14900.056 1.9715857569028076e-15
14950.056 7.944640310894364e-16
15000.056 4.910426284762775e-15
15050.056 1.2114349186970722e-14
15100.056 2.222620939590915e-15
15150.056 3.892324763410429e-16
15200.056 6.20002759147297e-15
15250.056 1.507914237058323e-14
15300.056 3.022879119421674e-14
15350.056 4.986653287468678e-14
15400.056 5.094387030321955e-14
15450.056 1.0487136217837919e-13
15500.056 1.8793379414573217e-13
15550.056 7.515352014238638e-13
15600.056 1.9464301792187685e-12
15650.056 5.208333225770885e-12
15700.056 1.2557617486200766e-11
15750.056 1.8594663352500437e-11
15800.056 2.586541447470038e-11
15850.056 3.695827773740312e-11
15900.056 4.378635967599915e-11
15950.056 5.7606376078000034e-11
16000.056 5.296937735999961e-11
16050.056 3.6269406260998374e-11
16100.056 1.8229937098800256e-11
16150.056 7.548497954609116e-12
16200.056 2.0044674279131116e-12
16250.056 6.135789732672789e-13
16300.056 1.9437708364741676e-13
16350.056 1.9131062928972615e-13
16400.056 2.110148993149525e-13
16450.056 2.5566499931300903e-13
16500.056 1.6410279238046015e-13
16550.056 1.870968942861887e-13
16600.056 9.77710103602594e-13
16650.056 3.7812773667394533e-13
16700.056 5.0490057786420255e-14
16750.056 2.0091505274095208e-13
16800.056 3.8877829181251047e-13
16850.056 3.798765051108813e-13
16900.056 8.520966576178807e-14
16950.056 5.238936477555316e-14
17000.056 1.6005680395703697e-14
17050.056 3.555710495141469e-14
17100.056 1.3039281118647313e-13
17150.056 6.195418077177578e-14
17200.056 3.6604429540188855e-13
17250.056 4.429253795134069e-14
17300.056 3.815545999188171e-14
17350.056 7.953969426880751e-14
17400.056 2.347702791758936e-13
17450.056 3.2638266279616766e-13
17500.056 6.404953230651502e-13
17550.056 5.335889983542491e-13
17600.056 5.328652002355227e-13
17650.056 2.3529652925406976e-13
17700.056 2.0719326904177142e-13
17750.056 1.4161271532707694e-13
17800.056 4.521844929244839e-13
17850.056 1.295065456735887e-13
17900.056 7.232077197079754e-14
17950.056 4.523147478667119e-14
18000.056 9.830680168273934e-14
18050.056 3.651562598475602e-14
18100.056 3.759613637146085e-14
18150.056 1.3985002494660577e-14
18200.056 1.0484229176672827e-14
18250.056 6.487881990033104e-14
18300.056 2.6434926424578186e-15
18350.056 2.4980794117390792e-15
18400.056 7.258561107077222e-16
18450.056 1.7316552614580817e-14
18500.056 1.3274282950859963e-14
18550.056 3.868912816272932e-15
18600.056 1.4037046070547537e-14
18650.056 1.12901172708577e-14
18700.056 2.9357390417535256e-16
18750.056 6.192879302124155e-16
18800.056 4.600483290877982e-14
18850.056 3.024384102003097e-14
18900.056 5.628958973861893e-14
18950.056 6.186374832290996e-14
19000.056 4.216455289133706e-15
19050.056 1.7519224444964378e-15
19100.056 1.0664534322339256e-14
19150.056 3.783341593259053e-15
19200.056 1.2793218950156484e-14
19250.056 8.403311022713372e-15
19300.056 3.527384249344394e-15
19350.056 4.547094706452645e-15
19400.056 2.5235699655870523e-15
19450.056 2.6822331063341086e-15
19500.056 2.238002944850663e-15
19550.056 8.839278878369487e-15
19600.056 2.181490884255184e-14
19650.056 1.432316721819171e-14
19700.056 2.8180509149015007e-14
19750.056 3.8108332861366536e-14
19800.056 1.919876908102046e-14
19850.056 2.522641006522791e-14
19900.056 5.35698610716209e-14
19950.056 6.557180331105264e-14
20000.056 7.746906601125604e-14
20050.056 5.3535699527146136e-14
20100.056 8.55444177805004e-14
20150.056 5.795029070090687e-14
20200.056 3.351507295786179e-14
20250.056 9.449868024681688e-14
20300.056 1.2511459063885935e-13
20350.056 1.339967470400621e-13
20400.056 1.2350552767555125e-13
20450.056 2.0861869095085004e-13
20500.056 2.1687673272000702e-13
20550.056 2.272627361981814e-13
20600.056 2.3542485410804064e-13
20650.056 2.450025405229683e-13
20700.056 2.505337476039917e-13
20750.056 2.416156339769958e-13
20800.056 2.206406444499808e-13
20850.056 2.2731180713000095e-13
20900.056 2.17053578169999e-13
20950.056 1.9944984378000038e-13
21000.056 1.855297475849993e-13
21050.056 1.87014698539998e-13
21100.056 1.8267740469999967e-13
21150.056 1.8682324482000175e-13
21200.056 1.901828917280059e-13
21250.056 1.9915043825999235e-13
21300.056 1.9738638159200188e-13
21350.056 2.0423476607499085e-13
21400.056 2.281808016960177e-13
21450.056 2.0011524389901077e-13
21500.056 1.8571366629265483e-13
21550.056 1.962471358515421e-13
21600.056 1.8237418512925614e-13
21650.056 1.4863712766926005e-13
21700.056 1.2677732121438734e-13
21750.056 1.4022282621900785e-13
21800.056 1.005141517551537e-13
21850.056 9.595738868119897e-14
21900.056 7.077830620134987e-14
21950.056 2.616083539860477e-14
22000.056 1.3054976596831477e-15
22050.056 3.501009750371876e-15
22100.056 1.4004157217055472e-14
22150.056 7.47071523508759e-15
22200.056 6.431174076115333e-15
22250.056 4.970479098460551e-15
22300.056 1.236520327156555e-15
22350.056 2.8099559125259444e-15
22400.056 7.497503247711296e-16
22450.056 1.7611048527406362e-15
22500.056 1.2004634941786944e-15
22550.056 2.9767124144578945e-16
22600.056 1.8376213865531242e-16
22650.056 2.627108613450605e-16
22700.056 4.155249513503066e-16
22750.056 1.1494852988123862e-15
22800.056 1.6240255045302401e-15
22850.056 8.918474646832826e-16
22900.056 5.026518213963362e-16
22950.056 2.5943788093971613e-16
23000.056 3.161606378825487e-16
23050.056 1.8219530843558762e-16
23100.056 1.0229532064176848e-14
23150.056 1.1120594770621652e-14
23200.056 1.1793009153310508e-16
23250.056 1.4980317970988184e-15
23300.056 8.15864492025591e-16
23350.056 1.3459595068206998e-15
23400.056 1.241267760658213e-15
23450.056 3.0509948993017014e-16
23500.056 3.302858295395459e-16
23550.056 1.146214716596124e-15
23600.056 4.873430530776944e-15
23650.056 7.141164691851514e-15
23700.056 4.0452114234773886e-16
23750.056 7.689577911803669e-16
23800.056 8.484607049961613e-15
23850.056 3.244735693501375e-15
23900.056 1.012499301817161e-14
23950.056 2.8437940056536486e-15
24000.056 1.4144383491652867e-14
24050.056 1.523000256750083e-14
24100.056 3.1463993974968105e-14
24150.056 4.613975488247432e-14
24200.056 2.6933196299800334e-14
24250.056 1.762832094541299e-14
24300.056 5.5154759472827044e-14
24350.056 4.8110298207627754e-14
24400.056 1.4257654960054132e-13
24450.056 1.672401658817641e-13
24500.056 1.415645287923719e-13
24550.056 3.0791936912610455e-13
24600.056 4.323958818879828e-13
24650.056 6.585980387614853e-13
24700.056 5.050483453581923e-13
24750.056 7.846274525727711e-13
24800.056 6.800687553411024e-13
24850.056 9.161188409636282e-13
24900.056 5.513842765943671e-13
24950.056 8.317121810986012e-13
25000.056 1.2480184253395066e-12
25050.056 6.928694658823893e-13
25100.056 1.0338334170210374e-12
25150.056 4.29360189317748e-13
25200.056 7.10158564452836e-13
25250.056 2.46911827358978e-13
25300.056 2.0255912449561392e-13
25350.056 1.1638763761239346e-13
25400.056 2.824411563531828e-13
25450.056 5.783661351914322e-14
25500.056 4.313348102463125e-14
25550.056 1.3922487206244021e-13
25600.056 4.77203407589303e-14
25650.056 1.562054300758746e-14
25700.056 1.0496028842439229e-14
25750.056 4.302901267666993e-15
25800.056 2.0012364230443245e-14
25850.056 3.4270510550884804e-15
25900.056 3.7151836158547504e-15
25950.056 2.074782716594529e-15
26000.056 1.1689479658487537e-14
26050.056 2.5635283042800524e-15
26100.056 7.36582644335034e-15
26150.056 3.7956898598028905e-15
26200.056 4.8038899586828635e-15
26250.056 2.278975734102466e-14
26300.056 6.122654472658194e-15
26350.056 6.263783562599298e-14
26400.056 1.6290304245903333e-13
26450.056 6.902116842996093e-14
26500.056 2.253357120938294e-13
26550.056 1.9823860069879372e-14
26600.056 1.6926350919182817e-14
26650.056 4.5349335116160895e-15
26700.056 5.065512981670254e-15
26750.056 7.010311546418462e-15
26800.056 2.10819927154414e-14
26850.056 1.499638338802606e-14
26900.056 4.8533803042779e-14
26950.056 1.3496559600938685e-14
27000.056 5.691952389320512e-14
27050.056 1.1621882195193402e-13
27100.056 9.614673811911205e-15
27150.056 8.56839169243842e-14
27200.056 1.1300342997507537e-14
27250.056 2.9244024552668754e-14
27300.056 2.96447565336007e-13
27350.056 8.018789333888931e-14
27400.056 1.0070275630572671e-14
27450.056 1.258517420908191e-13
27500.056 1.6645222973117622e-13
27550.056 3.41019847522687e-14
27600.056 9.467385447414417e-14
27650.056 3.1095980654027896e-14
27700.056 3.893865637475616e-14
27750.056 1.7819961012698903e-13
27800.056 6.633987986526155e-14
27850.056 1.3978892176260435e-13
27900.056 2.028336665159479e-13
27950.056 2.990445809624096e-13
28000.056 4.565506270437945e-13
28050.056 3.867238443188924e-14
28100.056 5.347992501920818e-13
28150.056 3.854808725182566e-13
28200.056 6.424324794148146e-14
28250.056 6.747574455369829e-13
28300.056 6.143674850405262e-13
28350.056 6.789647909647486e-14
28400.056 3.8216857893851973e-13
28450.056 6.362401385349554e-13
28500.056 2.2756282829199553e-13
28550.056 7.048015465102432e-14
28600.056 7.144475656572293e-13
28650.056 1.978246050003766e-13
28700.056 6.628081558512594e-13
28750.056 1.0700484491023184e-12
28800.056 1.7345955076794894e-13
28850.056 1.953746243355436e-12
