galfind/configs/Brown_Dwarf_templates/sonora_bobcat/m0.0/316g/sp_t1500g316nc_m0.0_resample.dat
# %ECSV 1.0
# ---
# datatype:
# - {name: wav, unit: Angstrom, datatype: float64}
# - {name: flux_nu, unit: erg / (cm2 Hz s), datatype: float64}
# meta: {C/O: '1.00', Kzz: '1.0000E+05', Teff: '1500.', Y: '0.28', '[Fe/H]': '0.00', f_hole: '1.00', f_rain: '0.00', grav: '316.'}
# schema: astropy-2.0
wav flux_nu
[from data line 501]
29050.056 6.311582262219784e-07
29100.056 5.037420116580882e-07
29150.056 6.890168160851021e-07
29200.056 5.781295442950706e-07
29250.056 6.780553763759878e-07
29300.056 5.303533138658024e-07
29350.056 8.20258893489878e-07
29400.056 6.283508649999089e-07
29450.056 6.512082678719834e-07
29500.056 6.69127756741924e-07
29550.056 6.530937394520169e-07
29600.056 7.203576870178213e-07
29650.056 6.717361295629411e-07
29700.056 6.143752601988753e-07
29750.056 7.374697821582249e-07
29800.056 7.654689683048999e-07
29850.056 7.257754226039044e-07
29900.056 6.828909397822535e-07
29950.056 7.879169524598669e-07
30000.056 7.662377364778756e-07
30050.056 7.126713231499645e-07
30100.056 6.342321814298189e-07
30150.056 8.747872945399647e-07
30200.056 7.487024771600281e-07
30250.056 7.987429615801502e-07
30300.056 7.347702913199473e-07
30350.056 7.204927964000692e-07
30400.056 8.340859092900686e-07
30450.056 6.726601881890971e-07
30500.056 6.034925684600674e-07
30550.056 7.045223912801077e-07
30600.056 7.138626475600379e-07
30650.056 6.884783914099426e-07
30700.056 6.374708514999669e-07
30750.056 6.16282859199979e-07
30800.056 6.283833203001182e-07
30850.056 5.473045546499081e-07
30900.056 5.621115338499231e-07
30950.056 5.04811383467083e-07
31000.056 5.084563975599975e-07
31050.056 5.29873374610007e-07
31100.056 4.555092806899754e-07
31150.056 4.90087957459961e-07
31200.056 5.107409285500095e-07
31250.056 4.5469720159998104e-07
31300.056 4.4523003227595003e-07
31350.056 4.1926814754000147e-07
31400.056 3.9161666609105746e-07
31450.056 3.9675537385996085e-07
31500.056 3.8194469065494314e-07
31550.056 3.8478819405999916e-07
31600.056 3.556790953099835e-07
31650.056 3.4585351882500267e-07
31700.056 3.517707391199619e-07
31750.056 3.2188353166208835e-07
31800.056 3.673440775799546e-07
31850.056 3.336771233010446e-07
31900.056 3.760849445500078e-07
31950.056 3.0286032481802203e-07
32000.056 3.4537597839495157e-07
32050.056 3.6438408785502495e-07
32100.056 3.6106770775702006e-07
32150.056 3.841737760099688e-07
32200.056 3.4659202880298663e-07
32250.056 4.1167929124004094e-07
32300.056 3.4728904725598047e-07
32350.056 4.363442263099988e-07
32400.056 3.498842850599986e-07
32450.056 4.29317927549883e-07
32500.056 4.2842432420907477e-07
32550.056 4.452324762199953e-07
32600.056 4.5114304230798936e-07
32650.056 5.124154607999982e-07
32700.056 4.941845225300566e-07
32750.056 5.149184539200094e-07
32800.056 5.068438943560341e-07
32850.056 5.395200714999205e-07
32900.056 5.793193036899851e-07
32950.056 5.423977579199652e-07
33000.056 5.232012633099354e-07
33050.056 4.803291132900364e-07
33100.056 4.0917949563996424e-07
33150.056 2.752998957110213e-07
33200.056 2.18936010368945e-07
33250.056 1.8120882014994566e-07
33300.056 1.7263592733002472e-07
33350.056 1.9808550657000457e-07
33400.056 2.1937608239997142e-07
33450.056 2.467505822009925e-07
33500.056 2.9589427019004213e-07
33550.056 3.187509664120449e-07
33600.056 3.6999262355000145e-07
33650.056 4.1274374338003737e-07
33700.056 4.068758661599634e-07
33750.056 4.937840064099946e-07
33800.056 4.789192089999588e-07
33850.056 5.247428700199728e-07
33900.056 4.931434630699703e-07
33950.056 4.796627597099784e-07
34000.056 5.222839695799645e-07
34050.056 4.608251550809195e-07
34100.056 5.454109634699688e-07
34150.056 4.916278290599281e-07
34200.056 4.407665062298847e-07
34250.056 4.967388065498892e-07
34300.056 4.334580244837712e-07
34350.056 4.1737878144999517e-07
34400.056 4.0690177520001254e-07
34450.056 4.6420379137997874e-07
34500.056 4.68021018439989e-07
34550.056 4.253639713099928e-07
34600.056 5.04912329810012e-07
34650.056 4.744865131699601e-07
34700.056 4.6886676649994326e-07
34750.056 5.154434716400141e-07
34800.056 4.777160463699105e-07
34850.056 4.654472405400085e-07
34900.056 5.194713223599844e-07
34950.056 4.823720772799033e-07
35000.056 5.770369723800354e-07
35050.056 4.983100421899745e-07
35100.056 5.200525502299591e-07
35150.056 5.609795777199913e-07
35200.056 5.533014576700542e-07
35250.056 5.922785013499461e-07
35300.056 5.457367172800598e-07
35350.056 5.364767199299219e-07
35400.056 5.75300822020099e-07
35450.056 4.654630637001845e-07
35500.056 6.260085866000331e-07
35550.056 6.140646488499594e-07
35600.056 5.702282875000782e-07
35650.056 6.575751901000212e-07
35700.056 5.765143316800109e-07
35750.056 6.288192935798746e-07
35800.056 7.67688799210026e-07
35850.056 6.243100105899872e-07
35900.056 7.680890668199406e-07
35950.056 7.351731003300039e-07
36000.056 7.261169236000469e-07
36050.056 7.864606829000267e-07
36100.056 7.95179521459577e-07
36150.056 7.943777348900835e-07
36200.056 8.941751264699371e-07
36250.056 8.27238388439918e-07
36300.056 9.419130651000829e-07
36350.056 9.013313882299073e-07
36400.056 9.001990887100315e-07
36450.056 1.0181273596399587e-06
36500.056 9.765875307499466e-07
36550.056 1.0381427716803035e-06
36600.056 1.0708945972300533e-06
36650.056 1.0833856099698282e-06
36700.056 1.191171124279951e-06
36750.056 1.1635081254601308e-06
36800.056 1.2092856779999324e-06
36850.056 1.2545668470699594e-06
36900.056 1.232559763700097e-06
36950.056 1.338531108599887e-06
37000.056 1.3649709706099332e-06
37050.056 1.3742151251999619e-06
37100.056 1.420234886250104e-06
37150.056 1.4099645390399574e-06
37200.056 1.4915211392000342e-06
37250.056 1.5143247525999234e-06
37300.056 1.456592824089904e-06
37350.056 1.4256000688502398e-06
37400.056 1.6145461018999105e-06
37450.056 1.5144348251101207e-06
37500.056 1.5799050542998541e-06
37550.056 1.6572250578999595e-06
37600.056 1.7497791579999656e-06
37650.056 1.6170984978999965e-06
37700.056 1.7781584794000685e-06
37750.056 1.7193114562400437e-06
37800.056 1.799237252800157e-06
37850.056 1.6816931579599615e-06
37900.056 1.7453993699002518e-06
37950.056 1.7531540015799564e-06
38000.056 1.872506103820114e-06
38050.056 1.8535305947601133e-06
38100.056 1.7611031846101933e-06
38150.056 1.9843103392999345e-06
38200.056 1.9946904205000088e-06
38250.056 1.8296579269001797e-06
38300.056 1.9043893334999346e-06
38350.056 1.9900710506999906e-06
38400.056 1.936559372079829e-06
38450.056 2.0920079147000284e-06
38500.056 1.9534194059000807e-06
38550.056 2.0592553711000955e-06
38600.056 2.2137311332998846e-06
38650.056 2.022637483799991e-06
38700.056 2.0632873769802405e-06
38750.056 2.148586878400018e-06
38800.056 2.093027540699997e-06
38850.056 2.06161306442005e-06
38900.056 2.0325446637399544e-06
38950.056 2.192357075399962e-06
39000.056 2.1242423738000482e-06
39050.056 2.1914715449998773e-06
39100.056 2.025192494620193e-06
39150.056 2.1612091419000557e-06
39200.056 2.2067892956000098e-06
39250.056 2.1993974570996916e-06
39300.056 2.154112072499683e-06
39350.056 2.210867739210177e-06
39400.056 2.180425039500082e-06
39450.056 2.199611828199921e-06
39500.056 2.0998035855998666e-06
39550.056 2.1178024436698853e-06
39600.056 2.2978864837998408e-06
39650.056 2.098044518400013e-06
39700.056 2.1401804077999604e-06
39750.056 2.1031470490398988e-06
39800.056 2.019765546599993e-06
39850.056 2.1434331881998924e-06
39900.056 2.094050629300082e-06
39950.056 2.1796187683998256e-06
40000.056 1.992962128400008e-06
40050.056 1.9831210037000268e-06
40100.056 2.097161909739955e-06
40150.056 1.9788701613997766e-06
40200.056 2.042230195399832e-06
40250.056 1.8965392639295392e-06
40300.056 1.8810818569001545e-06
40350.056 2.0161171282001424e-06
40400.056 1.9847478244400722e-06
40450.056 1.9485899731001055e-06
40500.056 1.7840803302001943e-06
40550.056 2.0458538895998663e-06
40600.056 1.7336420857001834e-06
40650.056 1.8851614699099997e-06
40700.056 2.0128273727000386e-06
40750.056 1.760730594699462e-06
40800.056 1.6953457149299875e-06
40850.056 1.7141555738203268e-06
40900.056 1.7056944872200738e-06
40950.056 1.7645444148999602e-06
41000.056 1.7752883712999494e-06
41050.056 1.778296091039795e-06
41100.056 1.6582839701499424e-06
41150.056 1.727012740299961e-06
41200.056 1.699968153750042e-06
41250.056 1.6993763188300837e-06
41300.056 1.4894275324897157e-06
41350.056 1.7500683963100553e-06
41400.056 1.6169689840001797e-06
41450.056 1.6507407489902242e-06
41500.056 1.6693978866400518e-06
41550.056 1.6309557446400288e-06
41600.056 1.6374188973900642e-06
41650.056 1.570587693360208e-06
41700.056 1.4859889736098215e-06
41750.056 1.5355140440998926e-06
41800.056 1.6077351382798121e-06
41850.056 1.2902231154601856e-06
41900.056 1.5488050145999332e-06
41950.056 1.4473374602303252e-06
42000.056 1.426694634250188e-06
42050.056 1.2685516503397506e-06
42100.056 1.4683889207501688e-06
42150.056 1.1085756472797378e-06
42200.056 1.1860727061100548e-06
42250.056 1.311095027719987e-06
42300.056 1.120318626990053e-06
42350.056 1.3143886389202578e-06
42400.056 1.130878242810227e-06
42450.056 1.0300178060000732e-06
42500.056 1.0776472861301156e-06
42550.056 1.0811177755899454e-06
42600.056 1.0874959999802066e-06
42650.056 1.040011100859585e-06
42700.056 1.1118594175402748e-06
42750.056 1.036648270739928e-06
42800.056 1.0293537144403064e-06
42850.056 1.1370661796297257e-06
42900.056 1.1101527961400546e-06
42950.056 1.0107491926996042e-06
43000.056 1.0474987238799864e-06
43050.056 9.375872128303853e-07
43100.056 1.0367153712900884e-06
43150.056 1.0290046304201236e-06
43200.056 1.0239080057801074e-06
43250.056 1.0190522539998214e-06
43300.056 1.069364858600066e-06
43350.056 9.375187765299173e-07
43400.056 9.838600814799769e-07
43450.056 9.611549190901769e-07
43500.056 9.601751363199086e-07
43550.056 9.893025969000772e-07
43600.056 1.0337858844700417e-06
43650.056 9.13509674920038e-07
43700.056 9.361511693898072e-07
43750.056 9.472955734101638e-07
43800.056 8.891527685300575e-07
43850.056 8.985916804601595e-07
43900.056 9.320278643299145e-07
43950.056 8.535665325100409e-07
44000.056 8.139298744000699e-07
44050.056 8.396600599300512e-07
44100.056 8.839593364700985e-07
44150.056 9.02024649429889e-07
44200.056 8.550028574600035e-07
44250.056 8.329470500300142e-07
44300.056 8.108829032700769e-07
44350.056 7.951780553800436e-07
44400.056 8.292124279999599e-07
44450.056 8.392662949900149e-07
44500.056 8.372592439500826e-07
44550.056 7.958806593298784e-07
44600.056 7.839933856200814e-07
44650.056 8.326888038100527e-07
44700.056 7.665161797500287e-07
44750.056 8.067162571899351e-07
44800.056 8.039056251699732e-07
44850.056 7.923759040000835e-07
44900.056 7.457413698500641e-07
44950.056 7.304315516400379e-07
45000.056 7.725308366999651e-07
45050.056 7.767595874099544e-07
45100.056 8.044598638499959e-07
45150.056 7.433277765399915e-07
45200.056 6.938339492200208e-07
45250.056 7.190323356699388e-07
45300.056 7.652199252900257e-07
45350.056 7.802141304499475e-07
45400.056 7.475803997400721e-07
45450.056 7.007974959498987e-07
45500.056 7.300605850399635e-07
45550.056 7.821422073699642e-07
45600.056 7.301388503199941e-07
45650.056 6.740402902798914e-07
45700.056 7.734791556100583e-07
45750.056 7.013182012500222e-07
45800.056 7.029180068199712e-07
45850.056 8.196424420699707e-07
45900.056 8.020134232100237e-07
45950.056 7.04604250250004e-07
46000.056 8.118597897900262e-07
46050.056 8.09066394710145e-07
46100.056 6.952332039500499e-07
46150.056 7.558665406599637e-07
46200.056 7.847197209301417e-07
46250.056 6.739525355299898e-07
46300.056 8.38604016919991e-07
46350.056 7.391484270799442e-07
46400.056 7.594169761399477e-07
46450.056 7.904002976000669e-07
46500.056 7.112421407099689e-07
46550.056 8.544943615699923e-07
46600.056 8.054418719200366e-07
46650.056 9.974933139598554e-07
46700.056 9.325102658402859e-07
46750.056 7.540912761299842e-07
46800.056 8.003435209800822e-07
46850.056 8.821945707401012e-07
46900.056 8.306860082398828e-07
46950.056 9.219506449299956e-07
47000.056 7.752854905400027e-07
47050.056 9.290312311398876e-07
47100.056 7.178475724500643e-07
47150.056 7.912376704800628e-07
47200.056 8.602454820001289e-07
47250.056 7.642698315599503e-07
47300.056 7.780979339198743e-07
47350.056 7.211635083599119e-07
47400.056 8.593679299098902e-07
47450.056 7.452416095599642e-07
47500.056 8.646660927299162e-07
47550.056 7.559213852399506e-07
47600.056 8.565066776699386e-07
47650.056 6.630733387598812e-07
47700.056 8.722745820900638e-07
47750.056 6.324203728901043e-07
47800.056 8.531634758399376e-07
47850.056 6.643829848299314e-07
47900.056 8.298247608100183e-07
47950.056 6.763062790900751e-07
48000.056 9.351530833200047e-07
48050.056 7.402420031700766e-07
48100.056 8.092360383499917e-07
48150.056 7.356744231800955e-07
48200.056 8.54441487620067e-07
48250.056 7.233063062900263e-07
48300.056 9.253485381898541e-07
48350.056 6.683042067899629e-07
48400.056 8.084841956299817e-07
48450.056 7.049891361800294e-07
48500.056 9.376455270300121e-07
48550.056 6.724486659599954e-07
48600.056 8.750963728699467e-07
48650.056 7.068517470399763e-07
48700.056 8.722876127300555e-07
48750.056 6.349110886100511e-07
48800.056 9.455122137800303e-07
48850.056 6.795838260298675e-07
48900.056 9.009228635500658e-07
48950.056 7.973749778600121e-07
49000.056 7.526651610899172e-07
49050.056 8.590329072599793e-07
49100.056 7.725490001000546e-07
49150.056 8.243696277299675e-07
49200.056 7.71365295679975e-07
49250.056 8.302101600900248e-07
49300.056 7.235949767099503e-07
49350.056 7.652959703500048e-07
49400.056 8.74212112670017e-07
49450.056 7.722307499501705e-07
49500.056 7.935345093800023e-07
49550.056 6.941301117399856e-07
49600.056 7.728805478401327e-07
49650.056 8.041175723999851e-07
49700.056 7.12449088289921e-07
49750.056 1.013251380809888e-06
49800.056 7.646003122600232e-07
49850.056 9.777156964000748e-07
49900.056 7.875866368000234e-07
49950.056 8.301691217898786e-07
50000.056 8.246648294498552e-07
50050.056 8.247567432400371e-07
50100.056 8.861997736499551e-07
50150.056 7.325589478800099e-07
50200.056 6.829558101100613e-07
50250.056 8.432253937300082e-07
50300.056 7.719019830599742e-07
50350.056 9.348572851499914e-07
50400.056 7.936809763999494e-07
50450.056 7.84587589630112e-07
50500.056 9.668812279701113e-07
50550.056 8.183051894099976e-07
50600.056 8.699729856199673e-07
50650.056 8.410539388301256e-07
50700.056 9.298017057598424e-07
50750.056 9.57548894870114e-07
50800.056 6.925026194499031e-07
50850.056 8.162983904201224e-07
50900.056 9.226428259499602e-07
50950.056 8.85083323350162e-07
51000.056 1.0336523655500923e-06
51050.056 8.026891019400614e-07
51100.056 7.514638306499366e-07
51150.056 8.760269592499495e-07
51200.056 8.874158747899809e-07
51250.056 9.132063175099761e-07
51300.056 7.573606265102246e-07
51350.056 8.562250224999077e-07
51400.056 7.648959872198844e-07
51450.056 6.149197172398936e-07
51500.056 7.782431810500696e-07
51550.056 1.03049578146009e-06
51600.056 7.275475057000551e-07
51650.056 8.404183768898962e-07
51700.056 8.208918948797926e-07
51750.056 7.482309056800385e-07
51800.056 9.215141519397915e-07
51850.056 8.89992418199912e-07
51900.056 9.815325387601353e-07
51950.056 8.895346854199359e-07
52000.056 7.066547620099684e-07
52050.056 8.500460752099566e-07
52100.056 7.733282737599101e-07
52150.056 7.764069960700293e-07
52200.056 7.461334642200035e-07
52250.056 8.079198299600075e-07
52300.056 9.427590988999753e-07
52350.056 9.404091255200637e-07
52400.056 6.958337411201042e-07
52450.056 8.335678957600121e-07
52500.056 9.291840439398615e-07
52550.056 8.898797700098071e-07
52600.056 8.582967591900997e-07
52650.056 9.444768408201333e-07
52700.056 8.12576824780016e-07
52750.056 6.949380391299537e-07
52800.056 7.70684825870062e-07
52850.056 7.479345499699014e-07
52900.056 8.182073454000178e-07
52950.056 8.086741901999409e-07
53000.056 9.315656233899718e-07
53050.056 7.658158236698362e-07
53100.056 7.746042344398775e-07
53150.056 9.87851337610095e-07
53200.056 6.639104721700465e-07
53250.056 9.417828563000047e-07
53300.056 9.277625246803482e-07
53350.056 9.205863457299073e-07
53400.056 8.852960438100577e-07
53450.056 7.572311138800326e-07
53500.056 6.29263526999896e-07
53550.056 7.985754149099267e-07
53600.056 8.789601409201331e-07
53650.056 7.195365892900469e-07
53700.056 7.47523404100113e-07
53750.056 7.969309432000165e-07
