galfind/configs/Brown_Dwarf_templates/sonora_bobcat/m0.0/316g/sp_t1200g316nc_m0.0_resample.dat
# %ECSV 1.0
# ---
# datatype:
# - {name: wav, unit: Angstrom, datatype: float64}
# - {name: flux_nu, unit: erg / (cm2 Hz s), datatype: float64}
# meta: {C/O: '1.00', Kzz: '1.0000E+05', Teff: '1200.', Y: '0.28', '[Fe/H]': '0.00', f_hole: '1.00', f_rain: '0.00', grav: '316.'}
# schema: astropy-2.0
wav flux_nu
[from data line 499]
28950.056 3.168970397079858e-07
29000.056 2.5726097049634155e-07
29050.056 2.78878829710388e-07
29100.056 2.1033157097464284e-07
29150.056 3.2651844969727723e-07
29200.056 2.5070518332833093e-07
29250.056 3.1779402390131185e-07
29300.056 2.2369423655232859e-07
29350.056 4.1642221579192785e-07
29400.056 2.814692528449623e-07
29450.056 3.0083771131987574e-07
29500.056 3.125940953674784e-07
29550.056 2.9972760918599796e-07
29600.056 3.390930098198787e-07
29650.056 3.184988076019641e-07
29700.056 2.7368074210770817e-07
29750.056 3.410341706866928e-07
29800.056 3.595708720352429e-07
29850.056 3.5012140138294043e-07
29900.056 3.319046171541707e-07
29950.056 3.675406090519154e-07
30000.056 3.296839503756776e-07
30050.056 3.077125222869912e-07
30100.056 2.913921697449037e-07
30150.056 3.956866540959852e-07
30200.056 3.196362711009976e-07
30250.056 3.808017014290671e-07
30300.056 3.289701651669993e-07
30350.056 3.098538887540205e-07
30400.056 3.5329697870500285e-07
30450.056 2.804944582650526e-07
30500.056 2.377455093290208e-07
30550.056 2.5390294678501564e-07
30600.056 2.7002791646799227e-07
30650.056 2.4156704629595547e-07
30700.056 2.3222827448197757e-07
30750.056 2.1831445081897368e-07
30800.056 2.0205120115004318e-07
30850.056 1.800626903229473e-07
30900.056 1.836919083779639e-07
30950.056 1.5982106845803666e-07
31000.056 1.4892460258600553e-07
31050.056 1.6476741685901268e-07
31100.056 1.2901772636399013e-07
31150.056 1.4028937922199195e-07
31200.056 1.5272547241502034e-07
31250.056 1.1892200283698367e-07
31300.056 1.2000470616498456e-07
31350.056 1.1394258639040345e-07
31400.056 9.808088368130806e-08
31450.056 1.0209828099198224e-07
31500.056 8.983139088317766e-08
31550.056 9.513581292499429e-08
31600.056 8.2764779374999e-08
31650.056 7.74042400620041e-08
31700.056 7.929897346898602e-08
31750.056 6.945576443082446e-08
31800.056 8.274770687798545e-08
31850.056 7.182342009731153e-08
31900.056 8.235553354600044e-08
31950.056 6.035879584990575e-08
32000.056 7.387106045948821e-08
32050.056 7.633750104950367e-08
32100.056 7.559480256101023e-08
32150.056 7.969994439899032e-08
32200.056 7.086603286919992e-08
32250.056 8.830016805301042e-08
32300.056 6.966514742119477e-08
32350.056 9.268174665199204e-08
32400.056 7.008259440799421e-08
32450.056 8.98771369269682e-08
32500.056 8.74405310851148e-08
32550.056 8.556649747599305e-08
32600.056 9.343998807619888e-08
32650.056 1.1642406001998486e-07
32700.056 1.081249601980172e-07
32750.056 1.1742486074100688e-07
32800.056 1.133765556357104e-07
32850.056 1.210545451139825e-07
32900.056 1.3371753151039235e-07
32950.056 1.338293562029887e-07
33000.056 1.1880687548596927e-07
33050.056 1.0837687540003439e-07
33100.056 7.65217003929921e-08
33150.056 4.344213966360459e-08
33200.056 3.503614164339228e-08
33250.056 2.5431785045993118e-08
33300.056 2.6043584296005147e-08
33350.056 3.372186137700081e-08
33400.056 4.153921626899143e-08
33450.056 5.1127648797598265e-08
33500.056 6.782673903801769e-08
33550.056 7.08952031304174e-08
33600.056 9.176932058099201e-08
33650.056 1.0054425018000105e-07
33700.056 9.150282560148482e-08
33750.056 1.1818148917800538e-07
33800.056 1.0862590033600064e-07
33850.056 1.21387095444987e-07
33900.056 1.0380039274699537e-07
33950.056 1.0498626166699108e-07
34000.056 1.211195369610178e-07
34050.056 9.145190602147647e-08
34100.056 1.2186428540098808e-07
34150.056 1.0629637833398845e-07
34200.056 1.004345407619668e-07
34250.056 1.0842095640395977e-07
34300.056 9.675989906265089e-08
34350.056 8.99494914800004e-08
34400.056 8.647893958899584e-08
34450.056 1.0583545721998598e-07
34500.056 1.0136590197699775e-07
34550.056 9.093737473600123e-08
34600.056 1.1879338341199972e-07
34650.056 1.0091158810099262e-07
34700.056 1.0610771117399261e-07
34750.056 1.1054030185398025e-07
34800.056 1.0342557492398353e-07
34850.056 1.0544857028801629e-07
34900.056 1.172240872359777e-07
34950.056 1.146721311409782e-07
35000.056 1.4634282320202704e-07
35050.056 1.1002657478199105e-07
35100.056 1.2560679693999865e-07
35150.056 1.2884989726600775e-07
35200.056 1.3384398802900177e-07
35250.056 1.539318395429702e-07
35300.056 1.3395641564102345e-07
35350.056 1.3016112810196986e-07
35400.056 1.4234018203302705e-07
35450.056 1.098774942380443e-07
35500.056 1.661661106040085e-07
35550.056 1.6201137142098427e-07
35600.056 1.4843315448504306e-07
35650.056 1.6489749304200496e-07
35700.056 1.5083800561499524e-07
35750.056 1.718792249859788e-07
35800.056 2.1645922796800582e-07
35850.056 1.5835542088299014e-07
35900.056 1.9953516233799476e-07
35950.056 1.903055293499808e-07
36000.056 1.9244928674302777e-07
36050.056 1.9375770086097683e-07
36100.056 1.9859728958089062e-07
36150.056 2.049421708529838e-07
36200.056 2.2368886561597528e-07
36250.056 2.1249588256096035e-07
36300.056 2.339961960640152e-07
36350.056 2.2968558940499118e-07
36400.056 2.3197108080799829e-07
36450.056 2.594072141039994e-07
36500.056 2.627407678289781e-07
36550.056 2.7949755297006977e-07
36600.056 3.023039183500071e-07
36650.056 2.9677534461994774e-07
36700.056 3.146183608099776e-07
36750.056 3.351215654400797e-07
36800.056 3.3753651129999137e-07
36850.056 3.349338725239325e-07
36900.056 3.3651963520398427e-07
36950.056 3.85285389279971e-07
37000.056 3.776317757199863e-07
37050.056 3.783100906499946e-07
37100.056 4.0712358521498214e-07
37150.056 3.730067872500352e-07
37200.056 4.184069232600021e-07
37250.056 4.217887637899377e-07
37300.056 3.890652670248874e-07
37350.056 4.001184307500599e-07
37400.056 5.047738960999882e-07
37450.056 4.4542211392402566e-07
37500.056 4.4254823255495856e-07
37550.056 5.046269431001416e-07
37600.056 5.36069451130023e-07
37650.056 4.602349226600135e-07
37700.056 5.569604590700554e-07
37750.056 4.856860783050233e-07
37800.056 5.134851005302117e-07
37850.056 4.64048409170013e-07
37900.056 4.89234734490152e-07
37950.056 5.122402232069291e-07
38000.056 5.92560965520003e-07
38050.056 5.841486418800873e-07
38100.056 5.635341757700744e-07
38150.056 6.312366167699713e-07
38200.056 6.472425283900898e-07
38250.056 6.115942637600239e-07
38300.056 7.021644611399338e-07
38350.056 7.249238194500493e-07
38400.056 6.070777791098897e-07
38450.056 6.619972446399438e-07
38500.056 5.757030179501271e-07
38550.056 7.024647623900695e-07
38600.056 7.089893687999658e-07
38650.056 7.049631320899584e-07
38700.056 7.462043419899994e-07
38750.056 7.716800167200034e-07
38800.056 7.005671593298039e-07
38850.056 7.185944241700316e-07
38900.056 7.855337454500314e-07
38950.056 7.605702591499769e-07
39000.056 7.963466279899901e-07
39050.056 7.850756399099444e-07
39100.056 7.655205664300973e-07
39150.056 8.070167891900061e-07
39200.056 8.102248672799737e-07
39250.056 8.585086222798847e-07
39300.056 8.006927672698086e-07
39350.056 8.834631220000661e-07
39400.056 8.604049145400704e-07
39450.056 8.601135936399762e-07
39500.056 8.263039827800337e-07
39550.056 8.553048469900588e-07
39600.056 9.070032309497984e-07
39650.056 9.1615570621e-07
39700.056 9.009868784700304e-07
39750.056 8.416279667700855e-07
39800.056 8.861678379198762e-07
39850.056 9.641496967499798e-07
39900.056 9.369934081300324e-07
39950.056 9.498549426598624e-07
40000.056 9.774356230800852e-07
40050.056 9.461508451500486e-07
40100.056 9.300609876040164e-07
40150.056 9.719125471499393e-07
40200.056 9.900084184098338e-07
40250.056 9.241934325397998e-07
40300.056 9.360153875900801e-07
40350.056 9.726376444700306e-07
40400.056 1.0078900996000143e-06
40450.056 9.893117208001054e-07
40500.056 9.617772123500823e-07
40550.056 1.035775627519924e-06
40600.056 9.413651675600902e-07
40650.056 9.65457600389894e-07
40700.056 1.0944027145499765e-06
40750.056 9.62235317379784e-07
40800.056 8.853386506197881e-07
40850.056 1.0107466393501725e-06
40900.056 9.767192645200078e-07
40950.056 9.640711187699964e-07
41000.056 9.868226308800098e-07
41050.056 1.0449262929499113e-06
41100.056 9.409754362699526e-07
41150.056 8.889152701399357e-07
41200.056 1.0023983543399822e-06
41250.056 9.53676135979992e-07
41300.056 8.644320322598301e-07
41350.056 1.0359264437700743e-06
41400.056 9.647293427001083e-07
41450.056 9.877728110901508e-07
41500.056 9.110408534799657e-07
41550.056 9.179888056900574e-07
41600.056 9.891320429430543e-07
41650.056 9.640657090300962e-07
41700.056 8.974145592298446e-07
41750.056 9.256556958299588e-07
41800.056 1.0063582446599303e-06
41850.056 7.583078503900535e-07
41900.056 9.068708658399008e-07
41950.056 8.832406819901664e-07
42000.056 8.722711148301174e-07
42050.056 7.736688230799037e-07
42100.056 9.413099819100916e-07
42150.056 7.272661120099219e-07
42200.056 7.401440421700007e-07
42250.056 7.853556489299118e-07
42300.056 7.19639067140013e-07
42350.056 8.347757494001302e-07
42400.056 7.486452684701394e-07
42450.056 6.921690030000197e-07
42500.056 7.066581664600188e-07
42550.056 6.98368754149939e-07
42600.056 7.133253629201423e-07
42650.056 7.569475794197803e-07
42700.056 7.343280869100733e-07
42750.056 6.852242958099726e-07
42800.056 7.067595499601266e-07
42850.056 7.929280268798096e-07
42900.056 7.938107176600954e-07
42950.056 6.913198698697527e-07
43000.056 7.439441102599968e-07
43050.056 6.10419406480261e-07
43100.056 7.07872632949983e-07
43150.056 6.930014903800813e-07
43200.056 7.225243778800406e-07
43250.056 7.670258129399618e-07
43300.056 7.824563176600196e-07
43350.056 6.46455497219872e-07
43400.056 7.009573170199628e-07
43450.056 6.681173997541043e-07
43500.056 6.655430853499521e-07
43550.056 6.796216320950657e-07
43600.056 7.699615409400429e-07
43650.056 6.540833363100149e-07
43700.056 7.25530116869976e-07
43750.056 7.085217417401235e-07
43800.056 6.686896598299516e-07
43850.056 6.524472042601268e-07
43900.056 6.94835995809921e-07
43950.056 5.915919631899618e-07
44000.056 5.548407485700304e-07
44050.056 6.499481088000317e-07
44100.056 7.133674529800575e-07
44150.056 7.006702560399258e-07
44200.056 6.60594375960015e-07
44250.056 6.067714314700042e-07
44300.056 5.775533945700871e-07
44350.056 5.884806991890774e-07
44400.056 6.051863079299751e-07
44450.056 6.277989549099975e-07
44500.056 6.377452127801124e-07
44550.056 6.532383457199148e-07
44600.056 6.001451137930678e-07
44650.056 6.466839107700683e-07
44700.056 5.554103159700109e-07
44750.056 6.216565764299863e-07
44800.056 6.069754124100109e-07
44850.056 6.191607856800831e-07
44900.056 5.556015234400524e-07
44950.056 5.734482512500362e-07
45000.056 5.999239810899678e-07
45050.056 6.020319588799821e-07
45100.056 6.176872357599968e-07
45150.056 5.842603199599819e-07
45200.056 5.280838946000297e-07
45250.056 5.606169989799062e-07
45300.056 5.690559863900404e-07
45350.056 5.730836648599364e-07
45400.056 6.005635348600509e-07
45450.056 5.61285085359924e-07
45500.056 5.768754046299726e-07
45550.056 6.287044386999157e-07
45600.056 6.022141005700127e-07
45650.056 5.258548983899072e-07
45700.056 5.782345308400674e-07
45750.056 5.36157371249997e-07
45800.056 5.765684822099906e-07
45850.056 6.513295054799857e-07
45900.056 6.487868654100177e-07
45950.056 5.573492621600114e-07
46000.056 6.401639727800292e-07
46050.056 6.162690290000699e-07
46100.056 5.841647784500015e-07
46150.056 5.784653048499691e-07
46200.056 5.942957892401126e-07
46250.056 5.027026620299584e-07
46300.056 6.336350490499696e-07
46350.056 5.772143258699917e-07
46400.056 5.92037484579991e-07
46450.056 5.955091681900496e-07
46500.056 5.535656997800355e-07
46550.056 6.10202688969995e-07
46600.056 6.110393475700115e-07
46650.056 7.585204357899228e-07
46700.056 6.789399727601277e-07
46750.056 5.431359618960162e-07
46800.056 5.374163114400532e-07
46850.056 6.967102766400979e-07
46900.056 6.503721731699173e-07
46950.056 7.000437445600073e-07
47000.056 5.998367037600161e-07
47050.056 6.744883265398498e-07
47100.056 5.173485930940682e-07
47150.056 5.829326280800528e-07
47200.056 6.541117207500629e-07
47250.056 5.641917985599718e-07
47300.056 5.291547700179452e-07
47350.056 5.917946205199521e-07
47400.056 6.612509020599266e-07
47450.056 5.870249787700151e-07
47500.056 6.70711981259934e-07
47550.056 5.912512851299744e-07
47600.056 6.394490291699386e-07
47650.056 5.244583802398874e-07
47700.056 6.45308350990113e-07
47750.056 4.6574845579004145e-07
47800.056 6.010598857699775e-07
47850.056 4.652483733759615e-07
47900.056 5.791848313099632e-07
47950.056 5.270294108700329e-07
48000.056 7.07082852340036e-07
48050.056 6.014592277300414e-07
48100.056 5.591713036000036e-07
48150.056 5.632186158500609e-07
48200.056 6.095516544300287e-07
48250.056 5.451952734300045e-07
48300.056 6.898368898798559e-07
48350.056 4.927686734800134e-07
48400.056 5.080103363679569e-07
48450.056 5.382962706400792e-07
48500.056 6.858408259399637e-07
48550.056 5.117662417300061e-07
48600.056 6.321510177099927e-07
48650.056 5.548393659499752e-07
48700.056 6.225746903900235e-07
48750.056 4.4851762842010576e-07
48800.056 7.099265597500126e-07
48850.056 4.960665394498911e-07
48900.056 6.773538662300256e-07
48950.056 5.807585091000384e-07
49000.056 4.788062136159212e-07
49050.056 6.357267867999717e-07
49100.056 5.905323091500696e-07
49150.056 5.976151696329911e-07
49200.056 6.04415523910016e-07
49250.056 6.301877424300589e-07
49300.056 5.514380622899749e-07
49350.056 5.007597849100448e-07
49400.056 6.073928570799742e-07
49450.056 5.668719342101591e-07
49500.056 5.368875588599764e-07
49550.056 4.3513170854001596e-07
49600.056 5.32391232812094e-07
49650.056 5.571497308999735e-07
49700.056 5.12004231929894e-07
49750.056 6.834690781198883e-07
49800.056 5.412999668900174e-07
49850.056 6.995306664101007e-07
49900.056 5.728892856600038e-07
49950.056 5.758112794199408e-07
50000.056 5.733769124499344e-07
50050.056 6.105228346599991e-07
50100.056 5.970227791899895e-07
50150.056 4.7224252956998855e-07
50200.056 3.6632932946002145e-07
50250.056 5.850586262899616e-07
50300.056 5.204365988000018e-07
50350.056 6.661510902600291e-07
50400.056 5.628951761599585e-07
50450.056 5.151156503860705e-07
50500.056 6.400971274000714e-07
50550.056 5.655326824800218e-07
50600.056 5.543631979099299e-07
50650.056 6.019985402901012e-07
50700.056 6.596082458698456e-07
50750.056 6.241752166660889e-07
50800.056 4.364392293339401e-07
50850.056 4.841166867800956e-07
50900.056 6.537671867199821e-07
50950.056 5.748362171701104e-07
51000.056 6.670148587810638e-07
51050.056 5.497461000900172e-07
51100.056 4.3072107520994603e-07
51150.056 5.459932945509585e-07
51200.056 6.618396145999704e-07
51250.056 5.65665462549942e-07
51300.056 4.76686418800177e-07
51350.056 5.297781605699595e-07
51400.056 4.1186982716996066e-07
51450.056 3.5146999842492223e-07
51500.056 4.238545386840852e-07
51550.056 6.521897923880611e-07
51600.056 4.761577422330406e-07
51650.056 5.069711344499255e-07
51700.056 5.283309671238787e-07
51750.056 4.381138663700197e-07
51800.056 5.802775429098455e-07
51850.056 5.541206791499659e-07
51900.056 6.738272867101105e-07
51950.056 5.730304790499498e-07
52000.056 3.6780097058597207e-07
52050.056 5.176108489480067e-07
52100.056 4.342848374399626e-07
52150.056 4.1924204660401676e-07
52200.056 4.121709457129766e-07
52250.056 4.77135801600025e-07
52300.056 6.268726358099604e-07
52350.056 5.530104954900262e-07
52400.056 3.963255030600477e-07
52450.056 5.320157857300266e-07
52500.056 5.704523838298937e-07
52550.056 5.747942789698822e-07
52600.056 5.111146462100779e-07
52650.056 5.419595666101097e-07
52700.056 4.836652700400082e-07
52750.056 3.8461225349397704e-07
52800.056 4.459725316600403e-07
52850.056 4.490406760199028e-07
52900.056 4.618386832280091e-07
52950.056 4.7200698396997837e-07
53000.056 5.71777625630001e-07
53050.056 4.050105417158696e-07
53100.056 4.5300262165993176e-07
53150.056 6.269774138300394e-07
53200.056 3.6436806010899517e-07
53250.056 5.85477529670029e-07
53300.056 5.690619487402588e-07
53350.056 5.650768417199557e-07
53400.056 5.623930035900347e-07
53450.056 4.0946489312001814e-07
53500.056 3.0901296582592483e-07
53550.056 4.2717968375792874e-07
53600.056 5.134958601390906e-07
53650.056 4.1105119198798944e-07
53700.056 4.1331101253006745e-07
53750.056 4.2966843357002357e-07
