galfind/configs/Brown_Dwarf_templates/sonora_cholla/logkzz2/1000g/1000K_1000g_logkzz2_resample.dat
# %ECSV 1.0
# ---
# datatype:
# - {name: wav, unit: Angstrom, datatype: float64}
# - {name: flux_nu, unit: erg / (cm2 Hz s), datatype: float64}
# schema: astropy-2.0
wav flux_nu
10000.000000000093 nan
10050.000000000093 1.290739550975438e-07
10100.000000000093 1.5249163198172876e-07
10150.000000000093 1.6118118435849314e-07
10200.000000000093 1.8086293349172033e-07
10250.000000000093 1.9854192622114755e-07
10300.000000000093 2.1372350407577045e-07
10350.000000000093 2.4557363020928313e-07
10400.000000000093 2.746654338670899e-07
10450.000000000093 2.933627072217372e-07
10500.000000000093 3.0172970358002256e-07
10550.000000000093 3.135031977935412e-07
10600.000000000093 3.297464542565848e-07
10650.000000000093 3.4875477283949154e-07
10700.000000000093 3.662930599711746e-07
10750.000000000093 3.8231982908052135e-07
10800.000000000093 3.915914520807141e-07
10850.000000000093 3.987194512159715e-07
10900.000000000093 3.360433470227055e-07
10950.000000000093 2.1868098172591775e-07
11000.000000000093 1.6463114013203197e-07
11050.000000000093 1.1488642763555002e-07
11100.000000000093 8.483432078370658e-08
11150.000000000093 6.01596119912296e-08
11200.000000000093 6.29146161017707e-08
11250.000000000093 8.100304179094541e-08
11300.000000000093 8.283816274122283e-08
11350.000000000093 4.268148539215254e-08
11400.000000000093 9.319718379232372e-08
11450.000000000093 6.882051232552091e-08
11500.000000000093 7.652951009024157e-08
11550.000000000093 4.781466445179438e-08
11600.000000000093 4.903144027414332e-08
11650.000000000093 6.702834305979412e-08
11700.000000000093 7.25189126490761e-08
11750.000000000093 4.9428742797576006e-08
11800.000000000093 9.105166487715051e-08
11850.000000000093 1.2397260476873834e-07
11900.000000000093 1.5005994773708005e-07
11950.000000000093 1.8354103092485057e-07
12000.000000000093 2.3522050138017208e-07
12050.000000000093 2.869612102448793e-07
12100.000000000093 3.3073485015109624e-07
12150.000000000093 3.8496770651514164e-07
12200.000000000093 4.332007486790556e-07
12250.000000000093 4.886555699282743e-07
12300.000000000093 5.440290150440271e-07
12350.000000000093 5.640383463831083e-07
12400.000000000093 6.148906105752458e-07
12450.000000000093 6.777672995512053e-07
12500.000000000093 7.159861920271558e-07
12550.000000000093 7.534241157064068e-07
12600.000000000093 7.474137740786678e-07
12650.000000000093 7.196981226877095e-07
12700.000000000093 7.175173842095009e-07
12750.000000000093 7.08696107357724e-07
12800.000000000093 7.131266668473443e-07
12850.000000000093 6.215242433133988e-07
12900.000000000093 5.639906708060653e-07
12950.000000000093 5.437214693905345e-07
13000.000000000093 5.340069326415947e-07
13050.000000000093 4.868767931788059e-07
13100.000000000093 4.6164855661698363e-07
13150.000000000093 3.817173379717068e-07
13200.000000000093 3.4640810941539805e-07
13250.000000000093 2.4677280890821673e-07
13300.000000000093 1.3237037714987311e-07
13350.000000000093 4.2186276711454246e-08
13400.000000000093 1.8693519498240692e-08
13450.000000000093 1.134293220614733e-08
13500.000000000093 6.358912124566436e-09
13550.000000000093 4.66674401028469e-09
13600.000000000093 3.0000178306792305e-09
13650.000000000093 8.036948778482529e-09
13700.000000000093 6.0948737493144695e-09
13750.000000000093 8.698536542739005e-09
13800.000000000093 1.1006859323214803e-08
13850.000000000093 7.235335250315646e-09
13900.000000000093 7.392892957868914e-09
13950.000000000093 7.103412524805968e-09
14000.000000000093 6.923821548320374e-09
14050.000000000093 8.98062919933663e-09
14100.000000000093 6.861296636790787e-09
14150.000000000093 1.024819793028567e-08
14200.000000000093 7.6626189117004e-09
14250.000000000093 8.398764036824791e-09
14300.000000000093 1.4513225312061335e-08
14350.000000000093 1.3780876021122303e-08
14400.000000000093 1.4640577687848584e-08
14450.000000000093 1.7808853423046017e-08
14500.000000000093 3.144465854247722e-08
14550.000000000093 3.1938499444535154e-08
14600.000000000093 4.610750632327114e-08
14650.000000000093 4.6078852079511384e-08
14700.000000000093 3.405231739050656e-08
14750.000000000093 4.575886452470429e-08
14800.000000000093 5.742365618939588e-08
14850.000000000093 6.022786195880215e-08
14900.000000000093 6.387989550824574e-08
14950.000000000093 7.546390656706752e-08
15000.000000000093 8.652881811954856e-08
15050.000000000093 1.0427197716746603e-07
15100.000000000093 1.1672116779451578e-07
15150.000000000093 1.260196004755107e-07
15200.000000000093 1.3022867806641434e-07
15250.000000000093 1.6347708398004384e-07
15300.000000000093 1.8560425145213323e-07
15350.000000000093 2.1930173017211385e-07
15400.000000000093 2.4208850730640215e-07
15450.000000000093 2.680006532907195e-07
15500.000000000093 2.823851311507152e-07
15550.000000000093 3.208457000050349e-07
15600.000000000093 3.4222793572458416e-07
15650.000000000093 3.486606166094055e-07
15700.000000000093 3.8520764350945376e-07
15750.000000000093 4.001142655412498e-07
15800.000000000093 3.980687995152196e-07
15850.000000000093 4.1297367745596013e-07
15900.000000000093 3.908412584856481e-07
15950.000000000093 3.7067388679013815e-07
16000.000000000093 3.239655016401814e-07
16050.000000000093 2.5616080791917506e-07
16100.000000000093 2.072440351577188e-07
16150.000000000093 1.5153134712098124e-07
16200.000000000093 1.0880883698749177e-07
16250.000000000093 1.043988782520726e-07
16300.000000000093 8.841820999715808e-08
16350.000000000093 9.775145036874619e-08
16400.000000000095 1.1109870581207346e-07
16450.000000000095 1.2014620993340089e-07
16500.000000000095 1.307211831565809e-07
16550.000000000095 1.2448871545241297e-07
16600.000000000095 1.2988937215571232e-07
16650.000000000095 9.180783247743713e-08
16700.000000000095 4.515669267634489e-08
16750.000000000095 6.718131275575863e-08
16800.000000000095 9.676415767752926e-08
16850.000000000095 9.673000385499093e-08
16900.000000000095 8.355190710787159e-08
16950.000000000095 7.55493137241231e-08
17000.000000000095 6.363860499191287e-08
17050.000000000095 8.33586896114943e-08
17100.000000000095 9.596012720061159e-08
17150.000000000095 8.0436983898329e-08
17200.000000000095 1.088384261100947e-07
17250.000000000095 9.103079795839662e-08
17300.000000000095 7.795451513426045e-08
17350.000000000095 7.386383999165483e-08
17400.000000000095 7.409863775333182e-08
17450.000000000095 7.719107467792356e-08
17500.000000000095 8.687622782712211e-08
17550.000000000095 7.401048044661116e-08
17600.000000000095 6.41075547577027e-08
17650.000000000095 6.226681184073884e-08
17700.000000000095 4.8430509082822694e-08
17750.000000000095 4.166899445304491e-08
17800.000000000095 5.135768376049912e-08
17850.000000000095 3.4894343147264045e-08
17900.000000000095 3.9210529306915055e-08
17950.000000000095 2.821090821237229e-08
18000.000000000095 3.295580228847187e-08
18050.000000000095 2.8954143725033136e-08
18100.000000000095 2.7825780236637328e-08
18150.000000000095 3.715960736017396e-08
18200.000000000095 2.2622038332639984e-08
18250.000000000095 4.889298284730122e-08
18300.000000000095 2.7499866628865323e-08
18350.000000000095 2.4955955864159028e-08
18400.000000000095 2.1728957975678348e-08
18450.000000000095 2.982771100855077e-08
18500.000000000095 3.13973372772822e-08
18550.000000000095 2.3774646242029046e-08
18600.000000000095 2.166143760256099e-08
18650.000000000095 1.8393461475360326e-08
18700.000000000095 1.661057404164132e-08
18750.000000000095 2.4079814762483295e-08
18800.000000000095 4.68680132870202e-08
18850.000000000095 5.1299043608199844e-08
18900.000000000095 4.4372470120487174e-08
18950.000000000095 7.438597791496284e-08
19000.000000000095 4.6738879437104884e-08
19050.000000000095 3.4345848230621515e-08
19100.000000000095 6.149757193004067e-08
19150.000000000095 4.276708421233196e-08
19200.000000000095 5.578473259545769e-08
19250.000000000095 4.309335623457683e-08
19300.000000000095 3.763179454980519e-08
19350.000000000095 3.5993924584326466e-08
19400.000000000095 2.2775894921657474e-08
19450.000000000095 4.3125262370257406e-08
19500.000000000095 4.177966731188123e-08
19550.000000000095 3.295664579231743e-08
19600.000000000095 4.3272379224802005e-08
19650.000000000095 5.223993880716569e-08
19700.000000000095 5.2297173671013e-08
19750.000000000095 5.544499611084084e-08
19800.000000000095 6.38683408405538e-08
19850.000000000095 8.044132618265003e-08
19900.000000000095 6.141751293332018e-08
19950.000000000095 9.32490322181166e-08
20000.000000000095 8.72082114606854e-08
20050.000000000095 9.737004428128064e-08
20100.000000000095 1.0429894898076825e-07
20150.000000000095 1.0442852325939609e-07
20200.000000000095 1.2047627146124645e-07
20250.000000000095 1.3642958525343135e-07
20300.000000000095 1.2870729498026786e-07
20350.000000000095 1.4962333814677887e-07
20400.000000000095 1.4650133326400856e-07
20450.000000000095 1.6880585949279702e-07
20500.000000000095 1.7606974764405966e-07
20550.000000000095 1.725123689492147e-07
20600.000000000095 1.9283677019749167e-07
20650.000000000095 1.8704032552182513e-07
20700.000000000095 1.884602396152452e-07
20750.000000000095 1.981378367509627e-07
20800.000000000095 1.9680461679489754e-07
20850.000000000095 1.9774643715253912e-07
20900.000000000095 2.0342692835377593e-07
20950.000000000095 1.9560513412312555e-07
21000.000000000095 1.9716394195366466e-07
21050.000000000095 1.8934037942955042e-07
21100.000000000095 1.8518286734514474e-07
21150.000000000095 1.8608784816728575e-07
21200.000000000095 1.774645315425192e-07
21250.000000000095 1.7447447845159558e-07
21300.000000000095 1.5975580928411575e-07
21350.000000000095 1.592325716628737e-07
21400.000000000095 1.5004848711500607e-07
21450.000000000095 1.3847233470463844e-07
21500.000000000095 1.3862960870061512e-07
21550.000000000095 1.3096413572620573e-07
21600.000000000095 1.227516499213902e-07
21650.000000000095 1.126616503274585e-07
21700.000000000095 1.1471501259636363e-07
21750.000000000095 1.0605618280836361e-07
21800.000000000095 9.407778489727468e-08
21850.000000000095 8.26412474923952e-08
21900.000000000095 7.254621214816394e-08
21950.000000000095 4.4444157417673565e-08
22000.000000000095 2.284038906665277e-08
22050.000000000095 1.8176110573216165e-08
22100.000000000095 3.1764551677613e-08
22150.000000000095 3.6793306932112386e-08
22200.000000000095 3.576796757042876e-08
22250.000000000095 3.353351514709094e-08
22300.000000000095 2.922131424620351e-08
22350.000000000095 2.7308625546480038e-08
22400.000000000095 2.106877862488762e-08
22450.000000000095 1.9158010417520207e-08
22500.000000000095 2.0984903117420344e-08
22550.000000000095 1.3357036070659267e-08
22600.000000000095 1.6833664366867293e-08
22650.000000000095 1.9125417570417462e-08
22700.000000000095 1.6807579298211808e-08
22750.000000000095 1.743414432300893e-08
22800.000000000095 1.6363721915250182e-08
22850.000000000095 1.4204767192376926e-08
22900.000000000095 1.2418878877832024e-08
22950.000000000095 1.238738784627021e-08
23000.000000000095 1.2714623399789553e-08
23050.000000000095 1.700201242802931e-08
23100.000000000095 3.019221151982728e-08
23150.000000000095 2.9906739279743587e-08
23200.000000000095 8.759657029799812e-09
23250.000000000095 1.0521998780439792e-08
23300.000000000095 1.0487099210783383e-08
23350.000000000095 9.060099695186861e-09
23400.000000000095 1.2142472469199808e-08
23450.000000000095 1.0317764864221818e-08
23500.000000000095 1.0487092955364406e-08
23550.000000000095 1.4999873501610044e-08
23600.000000000095 1.747796373265793e-08
23650.000000000095 2.0437220524099827e-08
23700.000000000095 1.038320077119585e-08
23750.000000000095 9.089269676579386e-09
23800.000000000095 1.3939416405353388e-08
23850.000000000095 1.3568740391030016e-08
23900.000000000095 2.2233011974473076e-08
23950.000000000095 2.0339644445197775e-08
24000.000000000095 2.7817469009487657e-08
24050.000000000095 3.024809233949893e-08
24100.000000000095 2.4269841847470235e-08
24150.000000000095 2.905349638485503e-08
24200.000000000095 3.128341704618189e-08
24250.000000000095 2.4477674471339125e-08
24300.000000000095 3.2322392132794334e-08
24350.000000000095 2.5597094550780975e-08
24400.000000000095 3.977623942194711e-08
24450.000000000095 3.22451977094306e-08
24500.000000000095 3.6821338480902014e-08
24550.000000000095 3.89647554959489e-08
24600.000000000095 4.370925684461572e-08
24650.000000000095 4.982573949947895e-08
24700.000000000095 3.688019777448885e-08
24750.000000000095 3.624329486339031e-08
24800.000000000095 3.772491045086622e-08
24850.000000000095 5.4906085169531956e-08
24900.000000000095 2.6395423688931513e-08
24950.000000000095 4.6000929721880464e-08
25000.000000000095 4.4001284303501834e-08
25050.000000000095 2.9314183515360775e-08
25100.000000000095 4.0256599188015025e-08
25150.000000000095 2.3977068308138323e-08
25200.000000000095 3.426250079288372e-08
25250.000000000095 2.018786666772016e-08
25300.000000000095 2.9591340653698348e-08
25350.000000000095 1.6005740620876663e-08
25400.000000000095 3.134558819389637e-08
25450.000000000095 1.810551283424356e-08
25500.000000000095 1.7376143790148447e-08
25550.000000000095 2.308539739908172e-08
25600.000000000095 1.793876255496852e-08
25650.000000000095 1.2290632856041876e-08
25700.000000000095 2.42686708623963e-08
25750.000000000095 1.1337927017326792e-08
25800.000000000095 2.60120276840926e-08
25850.000000000095 1.1096653995338363e-08
25900.000000000095 1.6335253704615926e-08
25950.000000000095 9.394511859332076e-09
26000.000000000095 2.4865892838697297e-08
26050.000000000095 1.3435448854620021e-08
26100.000000000095 2.7415366179701493e-08
26150.000000000095 2.0295096691415126e-08
26200.000000000095 2.289383893417875e-08
26250.000000000095 3.919169582525634e-08
26300.000000000095 2.3267804253558215e-08
26350.000000000095 4.3900217606591974e-08
26400.000000000095 4.8782007040401055e-08
26450.000000000095 4.5753507080871416e-08
26500.000000000095 4.694662827345426e-08
26550.000000000095 2.805123671358886e-08
26600.000000000095 3.3125880199850154e-08
26650.000000000095 1.482364613058086e-08
26700.000000000095 1.1114833514015759e-08
26750.000000000095 1.057461744344218e-08
26800.000000000095 1.611855599510969e-08
26850.000000000095 9.27255692707504e-09
26900.000000000095 2.2168101580217734e-08
26950.000000000095 1.095058529560306e-08
27000.000000000095 2.8762198548078005e-08
27050.000000000095 2.6494729374060115e-08
27100.000000000095 1.6598337197554866e-08
27150.000000000095 3.528795453440854e-08
27200.000000000095 1.752492246070756e-08
27250.000000000095 2.3195858357499876e-08
27300.000000000095 5.867517949975953e-08
27350.000000000095 3.9895519057909715e-08
27400.000000000095 1.0064982014067896e-08
27450.000000000095 4.7931233719685473e-08
27500.000000000095 5.431693634466991e-08
27550.000000000095 2.1495223719005204e-08
27600.000000000095 3.931149889456478e-08
27650.000000000095 1.792933393080279e-08
27700.000000000095 1.4624384763871113e-08
27750.000000000095 4.1098390503192e-08
27800.000000000095 1.9796426041395484e-08
27850.000000000095 2.2588541892703892e-08
27900.000000000095 3.0204464906295924e-08
27950.000000000095 4.39505335945628e-08
28000.000000000095 3.6917848419651526e-08
28050.000000000095 1.4668417955535803e-08
28100.000000000095 5.066028863989954e-08
28150.000000000095 3.3510851781071875e-08
28200.000000000095 1.4799019353313253e-08
28250.000000000095 5.210728161356701e-08
28300.000000000095 6.618245903044116e-08
28350.000000000095 1.8162901723042928e-08
28400.000000000095 4.291095822791192e-08
28450.000000000095 5.627279871342109e-08
28500.000000000095 4.080361199711013e-08
28550.000000000095 1.7120790766599245e-08
28600.000000000095 5.8848725956626426e-08
28650.000000000095 5.11133709075104e-08
28700.000000000095 4.333693589538164e-08
28750.000000000095 6.353854360801292e-08
28800.000000000095 5.770568073935885e-08
28850.000000000095 6.817715193762908e-08
28900.000000000095 3.307431893976756e-08
28950.000000000095 8.17988499082646e-08
29000.000000000095 5.6027055756614176e-08
29050.000000000095 6.672055729381972e-08
29100.000000000095 4.308128244900495e-08
29150.000000000095 9.370183347610222e-08
29200.000000000095 5.7606291477369925e-08
29250.000000000095 8.120992150425522e-08
29300.000000000095 4.9461259368682216e-08
