galfind/configs/Brown_Dwarf_templates/sonora_cholla/logkzz2/1000g/1050K_1000g_logkzz2_resample.dat
# %ECSV 1.0
# ---
# datatype:
# - {name: wav, unit: Angstrom, datatype: float64}
# - {name: flux_nu, unit: erg / (cm2 Hz s), datatype: float64}
# schema: astropy-2.0
wav flux_nu
[from data line 775]
48750.000000000095 2.2094257717439516e-07
48800.000000000095 3.674510601505732e-07
48850.000000000095 2.4066805599068734e-07
48900.000000000095 3.660511695392672e-07
48950.000000000095 2.970201304709322e-07
49000.000000000095 2.4103081740509084e-07
49050.000000000095 3.43464144642494e-07
49100.000000000095 2.5261627310525584e-07
49150.000000000095 3.6772245526005666e-07
49200.000000000095 2.892693075136329e-07
49250.000000000095 3.668629224930297e-07
49300.000000000095 2.8336162592357247e-07
49350.000000000095 2.588140989237642e-07
49400.000000000095 3.027193738477539e-07
49450.000000000095 3.203718829829466e-07
49500.000000000095 2.758849877557105e-07
49550.000000000095 1.6231174127503702e-07
49600.000000000095 2.7688381995071027e-07
49650.000000000095 2.712279316781645e-07
49700.000000000095 2.565219808252311e-07
49750.000000000095 3.791433054994455e-07
49800.000000000095 2.540010308404947e-07
49850.000000000095 4.166659707193434e-07
49900.000000000095 3.455837683158025e-07
49950.000000000095 3.2509891068532767e-07
50000.000000000095 3.6468305409579357e-07
50050.000000000095 3.664408646096562e-07
50100.000000000095 3.850633797302273e-07
50150.000000000095 2.336889634004566e-07
50200.000000000095 1.5243156539255097e-07
50250.000000000095 3.458394797743094e-07
50300.000000000095 2.60893792948036e-07
50350.000000000095 3.722824104224056e-07
50400.000000000095 3.2189409929607653e-07
50450.000000000095 2.915565352176429e-07
50500.000000000095 3.8649709118512435e-07
50550.000000000095 3.3202618800160823e-07
50600.000000000095 3.1652375937914276e-07
50650.000000000095 3.35041853787348e-07
50700.000000000095 4.6194803282964875e-07
50750.000000000095 3.859936289572267e-07
50800.000000000095 2.2373984770794436e-07
50850.000000000095 2.1752665291081818e-07
50900.000000000095 3.983665899153234e-07
50950.000000000095 3.8197692710733946e-07
51000.000000000095 3.5225960358810434e-07
51050.000000000095 3.363799642365263e-07
51100.000000000095 2.0356030894302267e-07
51150.000000000095 2.750581204047032e-07
51200.000000000095 4.404829077021885e-07
51250.000000000095 3.350235704130532e-07
51300.000000000095 2.6041678431348597e-07
51350.000000000095 3.127088109885464e-07
51400.000000000095 2.132318091634115e-07
51450.000000000095 1.9305963627570108e-07
51500.000000000095 1.7934002421323835e-07
51550.000000000095 3.3224281682813947e-07
51600.000000000095 2.450788320500448e-07
51650.000000000095 3.00205599688778e-07
51700.000000000095 3.1653441455914626e-07
51750.000000000095 2.1515102816012648e-07
51800.000000000095 3.896340600300339e-07
51850.000000000095 3.225204956558834e-07
51900.000000000095 4.3163083526465827e-07
51950.000000000095 3.3653697240580263e-07
52000.000000000095 1.3219124544829794e-07
52050.000000000095 2.419464453675342e-07
52100.000000000095 2.1391605990840617e-07
52150.000000000095 1.7390779014194377e-07
52200.000000000095 1.800401350719984e-07
52250.000000000095 2.4196470935382267e-07
52300.000000000095 3.998453982624911e-07
52350.000000000095 2.60229407961228e-07
52400.000000000095 2.0813478158580518e-07
52450.000000000095 3.3238383903688857e-07
52500.000000000095 3.0514631972789495e-07
52550.000000000095 3.1503229193237854e-07
52600.000000000095 2.5841121474969034e-07
52650.000000000095 2.7017660840730477e-07
52700.000000000095 2.3300375551843914e-07
52750.000000000095 1.9085410082623558e-07
52800.000000000095 2.0704958940096198e-07
52850.000000000095 2.378920183108185e-07
52900.000000000095 1.9397820174695913e-07
52950.000000000095 2.0469495923716402e-07
53000.000000000095 3.4956467304621377e-07
53050.000000000095 1.5718971068041675e-07
53100.000000000095 3.129728293910417e-07
53150.000000000095 3.833293531319657e-07
53200.000000000095 1.8606059642250552e-07
53250.000000000095 3.4016524208570947e-07
53300.000000000095 3.5786395030261293e-07
53350.000000000095 3.4404286421799167e-07
53400.000000000095 3.4607861357229123e-07
53450.000000000095 1.7056732229637609e-07
53500.000000000095 1.1240325690365638e-07
53550.000000000095 1.7216396099414954e-07
53600.000000000095 2.4902789136230323e-07
53650.000000000095 2.0888734459475884e-07
53700.000000000095 1.945427168868212e-07
53750.000000000095 1.950119954581625e-07
53800.000000000095 1.9400816442182922e-07
53850.000000000095 2.601027663642363e-07
53900.000000000095 2.4475737289450425e-07
53950.000000000095 3.250212887137893e-07
54000.000000000095 2.272590981470622e-07
54050.000000000095 2.3310158344154082e-07
54100.000000000095 1.2123141097657567e-07
54150.000000000095 1.7507350251036005e-07
54200.000000000095 9.264056419961711e-08
54250.000000000095 1.142351794259468e-07
54300.000000000095 1.7654156223722518e-07
54350.000000000095 2.3789467137341553e-07
54400.000000000095 2.4169486619552036e-07
54450.000000000095 2.0401349899624177e-07
54500.000000000095 1.8024414395413783e-07
54550.000000000095 1.6014122238333015e-07
54600.000000000095 1.9990890692670582e-07
54650.000000000095 1.1379998411123758e-07
54700.000000000095 2.370760945430312e-07
54750.000000000095 2.2072465981083155e-07
54800.000000000095 1.593708007449205e-07
54850.000000000095 1.8758138599645367e-07
54900.000000000095 2.498706540248496e-07
54950.000000000095 3.1726062516070096e-07
55000.000000000095 1.462725337889617e-07
55050.000000000095 2.1495467706794914e-07
55100.000000000095 1.9979063356662469e-07
55150.000000000095 1.6402129344660602e-07
55200.000000000095 1.6419771077823363e-07
55250.000000000095 1.8256346027204471e-07
55300.000000000095 1.3522153212271058e-07
55350.000000000095 2.1313588998847488e-07
55400.000000000095 2.629093802162812e-07
55450.000000000095 1.8691952560444687e-07
55500.000000000095 1.0556250852523178e-07
55550.000000000095 1.446472639337231e-07
55600.000000000095 1.4025422319381252e-07
55650.000000000095 1.2078708581060905e-07
55700.000000000095 1.5346120385421438e-07
55750.000000000095 1.6785446669457664e-07
55800.000000000095 1.261861296612002e-07
55850.000000000095 1.1374352331913752e-07
55900.000000000095 2.0171686398117402e-07
55950.000000000095 2.574158936892633e-07
56000.000000000095 1.3034462924203932e-07
56050.000000000095 1.717865679946951e-07
56100.000000000095 2.0083817003049946e-07
56150.000000000095 1.4654859425174926e-07
56200.000000000095 1.6627056774663375e-07
56250.000000000095 1.8113624167876659e-07
56300.000000000095 1.854798888122908e-07
56350.000000000095 1.868014253109657e-07
56400.000000000095 1.2280984544245925e-07
56450.000000000095 1.0976063146844817e-07
56500.000000000095 1.4397243304941516e-07
56550.000000000095 9.645704606047641e-08
56600.000000000095 1.9465215190951977e-07
56650.000000000095 1.827257127110692e-07
56700.000000000095 2.0309281362423148e-07
56750.000000000095 1.0903053572588853e-07
56800.000000000095 1.9870184131104954e-07
56850.000000000095 1.611000140099909e-07
56900.000000000095 1.258520394244768e-07
56950.000000000095 2.0275504508525685e-07
57000.000000000095 2.2499036164315063e-07
57050.000000000095 1.470173370952987e-07
57100.000000000095 7.956263174801348e-08
57150.000000000095 1.1864675481014978e-07
57200.000000000095 9.605998856048011e-08
57250.000000000095 1.341323783070411e-07
57300.000000000095 1.7524381471285456e-07
57350.000000000095 1.0525674714197697e-07
57400.000000000095 1.7618106681589277e-07
57450.000000000095 1.5437044308747306e-07
57500.000000000095 1.4701360855975058e-07
57550.000000000095 1.8741120702251463e-07
57600.000000000095 1.9520175517174828e-07
57650.000000000095 8.172097559224296e-08
57700.000000000095 1.0452387742277956e-07
57750.000000000095 1.3040389410225948e-07
57800.000000000095 5.751989477915567e-08
57850.000000000095 2.3413146443097561e-07
57900.000000000095 2.6861121852266527e-07
57950.000000000095 2.409947521188892e-07
58000.000000000095 1.292270535170718e-07
58050.000000000095 1.7333261921416598e-07
58100.000000000095 2.0731172208187055e-07
58150.000000000095 1.5777379211854034e-07
58200.000000000095 8.69482901245774e-08
58250.000000000095 1.1599028363362047e-07
58300.000000000095 9.289064499360463e-08
58350.000000000095 1.1660222945160841e-07
58400.000000000095 1.567072035255317e-07
58450.000000000095 1.6815177906643367e-07
58500.000000000095 1.555970642863272e-07
58550.000000000095 1.7582352672527146e-07
58600.000000000095 1.0409904173501619e-07
58650.000000000095 1.281383201999318e-07
58700.000000000095 1.3864715821022172e-07
58750.000000000095 1.5674544000432032e-07
58800.000000000095 7.283861376201634e-08
58850.000000000095 1.2821700064427355e-07
58900.000000000095 1.665099431530938e-07
58950.000000000095 1.0137028057043258e-07
59000.000000000095 1.6474770186547245e-07
59050.000000000095 1.790925824043155e-07
59100.000000000095 2.1035435306272394e-07
59150.000000000095 1.5166533507102826e-07
59200.000000000095 1.6035064849877127e-07
59250.000000000095 1.740046767771517e-07
59300.000000000095 1.653388031876751e-07
59350.000000000095 8.41513375282029e-08
59400.000000000095 6.762020219456451e-08
59450.000000000095 1.466745193925691e-07
59500.000000000095 9.204744398039884e-08
59550.000000000095 1.7532214935261081e-07
59600.000000000095 1.832252471402641e-07
59650.000000000095 1.5410475379229783e-07
59700.000000000095 1.0603742131345006e-07
59750.000000000095 2.2750000913171577e-07
59800.000000000095 1.3612809070363664e-07
59850.000000000095 1.868248309520199e-07
59900.000000000095 9.318428195624531e-08
59950.000000000095 1.5337210911167645e-07
60000.000000000095 2.4868707787759657e-07
60050.000000000095 2.1495725725886623e-07
60100.000000000095 2.1818786435416505e-07
60150.000000000095 1.4867376968793743e-07
60200.000000000095 1.762611924439368e-07
60250.000000000095 2.1706034062497612e-07
60300.000000000095 2.0128040699290184e-07
60350.000000000095 1.4274463776711616e-07
60400.000000000095 1.825680696035391e-07
60450.000000000095 9.63124659784055e-08
60500.000000000095 6.30668298262483e-08
60550.000000000095 1.8609849100716726e-07
60600.000000000095 1.81377234796817e-07
60650.000000000095 1.5036399042925861e-07
60700.000000000095 1.2965019828390117e-07
60750.000000000095 1.0082592216940991e-07
60800.000000000095 1.8114050893857533e-07
60850.000000000095 2.7065449991089195e-07
60900.000000000095 2.403454878448161e-07
60950.000000000095 2.1693151544108006e-07
61000.000000000095 1.7118200331064329e-07
61050.000000000095 1.2404272129169124e-07
61100.000000000095 1.6701266278459254e-07
61150.000000000095 7.25967088172651e-08
61200.000000000095 2.157019259815342e-07
61250.000000000095 2.4990059334559925e-07
61300.000000000095 2.1754059768220568e-07
61350.000000000095 2.747861742800884e-07
61400.000000000095 1.8373790295602154e-07
61450.000000000095 1.1301850003704652e-07
61500.000000000095 1.3656968077825908e-07
61550.000000000095 1.4407222947856163e-07
61600.000000000095 1.044119575581719e-07
61650.000000000095 1.588141513499771e-07
61700.000000000095 1.3388464909470708e-07
61750.000000000095 1.6244272349286613e-07
61800.000000000095 1.8065577423396503e-07
61850.000000000095 1.1752915302433891e-07
61900.000000000095 2.3389567171469796e-07
61950.000000000095 2.1998240417262238e-07
62000.000000000095 2.2437487648637706e-07
62050.000000000095 2.0292297991897625e-07
62100.000000000095 2.1050779317109116e-07
62150.000000000095 2.2290196657314725e-07
62200.000000000095 1.9656038039206647e-07
62250.000000000095 1.9892532851100477e-07
62300.000000000095 2.735777338619762e-07
62350.000000000095 2.2079720066825857e-07
62400.000000000095 1.3017981349092367e-07
62450.000000000095 1.9021438450359447e-07
62500.000000000095 2.499056474327194e-07
62550.000000000095 2.441860054346403e-07
62600.000000000095 2.6403108693240893e-07
62650.000000000095 2.102164452850901e-07
62700.000000000095 2.223206129039408e-07
62750.000000000095 2.794030837116076e-07
62800.000000000095 1.8132306366374312e-07
62850.000000000095 2.396912400264702e-07
62900.000000000095 1.907085264416869e-07
62950.000000000095 2.5219416217159537e-07
63000.000000000095 2.199756273429972e-07
63050.000000000095 2.905466583743586e-07
63100.000000000095 2.6670336756249553e-07
63150.000000000095 2.015214241445868e-07
63200.000000000095 2.5136591001635175e-07
63250.000000000095 2.0837248188043506e-07
63300.000000000095 2.5699898318251723e-07
63350.000000000095 2.3717435948102348e-07
63400.000000000095 1.474031798843071e-07
63450.000000000095 1.1656153068824385e-07
63500.000000000095 2.136381539103308e-07
63550.000000000095 2.1173023665889982e-07
63600.000000000095 2.401275115244983e-07
63650.000000000095 1.749642145950086e-07
63700.000000000095 1.2668654069647731e-07
63750.000000000095 1.7237591798286656e-07
63800.000000000095 2.0932857719112357e-07
63850.000000000095 1.9735638623548568e-07
63900.000000000095 1.397042742744217e-07
63950.000000000095 1.9918580710587608e-07
64000.000000000095 2.2111696826787626e-07
64050.000000000095 1.6268664317039964e-07
64100.000000000095 6.507749851430836e-08
64150.000000000095 9.040659348980134e-08
64200.000000000095 1.002649290203465e-07
64250.000000000095 1.633223844774569e-07
64300.000000000095 1.2821366352464348e-07
64350.000000000095 1.0718651259404936e-07
64400.000000000095 1.7702120668066013e-07
64450.000000000095 1.848863952222659e-07
64500.000000000095 1.0649027420644268e-07
64550.000000000095 1.5864038479642134e-07
64600.000000000095 9.250238601641874e-08
64650.000000000095 1.5170802129510934e-07
64700.000000000095 8.553552541732996e-08
64750.000000000095 1.066282781346227e-07
64800.000000000095 1.0306172203544084e-07
64850.000000000095 9.178847267961525e-08
64900.000000000095 1.0247201172573712e-07
64950.000000000095 9.798269481768736e-08
65000.000000000095 1.19954947269845e-07
65050.000000000095 1.1886193823361727e-07
65100.000000000095 1.5564107011269964e-07
65150.000000000095 1.0324891152003286e-07
65200.000000000095 9.234932497862801e-08
65250.000000000095 1.476397591630134e-07
65300.000000000095 1.2540549676543273e-07
65350.000000000095 2.1923513751777767e-07
65400.000000000095 1.20124038627003e-07
65450.000000000095 1.2508486539521578e-07
65500.000000000095 1.4562306612160403e-07
65550.00000000009 9.765389657067522e-08
65600.00000000009 1.2461639830767704e-07
65650.00000000009 1.273826168212214e-07
65700.00000000009 1.1659225920520972e-07
65750.00000000009 9.474819081295125e-08
65800.00000000009 1.360469946749915e-07
65850.00000000009 1.5837004222181623e-07
65900.00000000009 9.265760395532061e-08
65950.00000000009 8.222163562934555e-08
66000.00000000009 1.1633457920129878e-07
66050.00000000009 2.0162746706667386e-07
66100.00000000009 1.2739389679639036e-07
66150.00000000009 9.846400515965118e-08
66200.00000000009 9.769068090876078e-08
66250.00000000009 9.293103656011287e-08
66300.00000000009 4.986402751915683e-08
66350.00000000009 6.89391804557315e-08
66400.00000000009 9.179010639434695e-08
66450.00000000009 1.4999370782700383e-07
66500.00000000009 2.012824130882481e-07
66550.00000000009 1.8814903031064163e-07
66600.00000000009 1.4600003619176276e-07
66650.00000000009 1.33074746861268e-07
66700.00000000009 1.22728658078706e-07
66750.00000000009 1.1478227868035546e-07
66800.00000000009 1.449797510876468e-07
66850.00000000009 1.0009692137312849e-07
66900.00000000009 1.626499856503919e-07
66950.00000000009 1.9889825595511508e-07
67000.00000000009 1.964848513011143e-07
67050.00000000009 1.3391222922596435e-07
67100.00000000009 1.1208431002469636e-07
67150.00000000009 1.1391056862280594e-07
67200.00000000009 1.3367132460162253e-07
67250.00000000009 1.347091324916204e-07
67300.00000000009 1.5029077682081957e-07
67350.00000000009 1.0207161851860245e-07
67400.00000000009 1.8703444199243848e-07
67450.00000000009 1.4480534724546162e-07
67500.00000000009 1.3388185599554735e-07
67550.00000000009 1.6043131688352987e-07
67600.00000000009 2.5220057116406097e-07
67650.00000000009 1.8920202240016166e-07
67700.00000000009 1.492987043908557e-07
67750.00000000009 1.3012547628949962e-07
67800.00000000009 1.6720042527842843e-07
67850.00000000009 1.0710015172775843e-07
67900.00000000009 1.320164075667288e-07
67950.00000000009 9.732546667406062e-08
