galfind/configs/Brown_Dwarf_templates/sonora_cholla/logkzz2/1000g/1050K_1000g_logkzz2_resample.dat
# %ECSV 1.0
# ---
# datatype:
# - {name: wav, unit: Angstrom, datatype: float64}
# - {name: flux_nu, unit: erg / (cm2 Hz s), datatype: float64}
# schema: astropy-2.0
wav flux_nu
[from data line 1161]
68050.00000000009 1.7615618744039252e-07
68100.00000000009 1.9221275677728618e-07
68150.00000000009 1.5495360208214408e-07
68200.00000000009 1.5926735436455875e-07
68250.00000000009 7.798733809818755e-08
68300.00000000009 1.4055040510932303e-07
68350.00000000009 8.604968435948266e-08
68400.00000000009 1.9319265005324452e-07
68450.00000000009 1.847816129698111e-07
68500.00000000009 1.5632755823714694e-07
68550.00000000009 1.0819872168238299e-07
68600.00000000009 1.1512309813517906e-07
68650.00000000009 7.738041529124256e-08
68700.00000000009 1.2552079143319164e-07
68750.00000000009 1.538878699004601e-07
68800.00000000009 1.7032243226509742e-07
68850.00000000009 9.547464254964984e-08
68900.00000000009 2.0848076283220448e-07
68950.00000000009 2.1885810677769383e-07
69000.00000000009 1.9674726418101204e-07
69050.00000000009 1.2810708410940776e-07
69100.00000000009 2.1485409037710588e-07
69150.00000000009 2.4512677906362286e-07
69200.00000000009 1.5354992163275992e-07
69250.00000000009 2.2721058366216086e-07
69300.00000000009 1.56655867361194e-07
69350.00000000009 2.1218790774777434e-07
69400.00000000009 1.0788244501752512e-07
69450.00000000009 2.1973647153846455e-07
69500.00000000009 1.4458014432040454e-07
69550.00000000009 1.5180686901696335e-07
69600.00000000009 6.406246652268643e-08
69650.00000000009 1.3808350050050514e-07
69700.00000000009 2.015848826026192e-07
69750.00000000009 1.4556140463401536e-07
69800.00000000009 1.8385488926408994e-07
69850.00000000009 1.9390771895659433e-07
69900.00000000009 1.5043185512488652e-07
69950.00000000009 1.590582503391354e-07
70000.00000000009 1.3881042498517657e-07
70050.00000000009 2.1357106568222432e-07
70100.00000000009 1.5290281837565467e-07
70150.00000000009 1.580794124349759e-07
70200.00000000009 1.2165467709553648e-07
70250.00000000009 1.584149759064353e-07
70300.00000000009 1.9961931882577443e-07
70350.00000000009 1.5567368072359367e-07
70400.00000000009 1.313978457808139e-07
70450.00000000009 6.817129693394067e-08
70500.00000000009 1.0869078270825722e-07
70550.00000000009 1.1426850459252532e-07
70600.00000000009 1.1470478695527109e-07
70650.00000000009 1.7601244309442588e-07
70700.00000000009 1.5882996202270376e-07
70750.00000000009 1.9201647886994035e-07
70800.00000000009 1.293653811806542e-07
70850.00000000009 1.2373916016041967e-07
70900.00000000009 1.2649932419366321e-07
70950.00000000009 1.856136991582194e-07
71000.00000000009 1.578227091240751e-07
71050.00000000009 1.6006447367628047e-07
71100.00000000009 1.4202985464232468e-07
71150.00000000009 1.3980126121596883e-07
71200.00000000009 1.2512375304701327e-07
71250.00000000009 1.3731244433703875e-07
71300.00000000009 1.6971319291976982e-07
71350.00000000009 1.6809598201072903e-07
71400.00000000009 1.6485558617693188e-07
71450.00000000009 9.838079953036172e-08
71500.00000000009 1.1696199053018217e-07
71550.00000000009 1.2572379068071496e-07
71600.00000000009 1.4696446585618544e-07
71650.00000000009 1.3165765558317707e-07
71700.00000000009 1.0669202171984094e-07
71750.00000000009 1.289413048456545e-07
71800.00000000009 1.6145696189810332e-07
71850.00000000009 1.6153272507278562e-07
71900.00000000009 1.1425725864806203e-07
71950.00000000009 1.214608908072122e-07
72000.00000000009 1.2231752345690219e-07
72050.00000000009 9.862587813427135e-08
72100.00000000009 1.1506788554729696e-07
72150.00000000009 9.649233012220524e-08
72200.00000000009 1.2283767905710355e-07
72250.00000000009 1.4568263623616072e-07
72300.00000000009 1.2627304297819243e-07
72350.00000000009 1.307322946962975e-07
72400.00000000009 1.1042776927617779e-07
72450.00000000009 9.928432456643349e-08
72500.00000000009 1.2414414921751156e-07
72550.00000000009 7.603747125419265e-08
72600.00000000009 8.376300050323181e-08
72650.00000000009 1.324089390181181e-07
72700.00000000009 1.311611529362555e-07
72750.00000000009 1.1524787902732221e-07
72800.00000000009 1.0336524839412071e-07
72850.00000000009 1.0199212920169579e-07
72900.00000000009 1.3655852484102486e-07
72950.00000000009 1.2443173279533558e-07
73000.00000000009 1.2421839949754318e-07
73050.00000000009 9.978020991585624e-08
73100.00000000009 8.766774597149728e-08
73150.00000000009 1.5739649718697463e-07
73200.00000000009 9.408071571915516e-08
73250.00000000009 1.1289331994839596e-07
73300.00000000009 1.1233286292956148e-07
73350.00000000009 9.195424402309065e-08
73400.00000000009 1.1734538357555143e-07
73450.00000000009 8.015108558643391e-08
73500.00000000009 7.783364917871005e-08
73550.00000000009 1.0728404219065813e-07
73600.00000000009 8.624720380979228e-08
73650.00000000009 1.1014740456974032e-07
73700.00000000009 1.2658457466053846e-07
73750.00000000009 7.705628769620634e-08
73800.00000000009 1.0585497368975118e-07
73850.00000000009 1.1301071253426061e-07
73900.00000000009 1.1696001044510985e-07
73950.00000000009 1.0026778040651898e-07
74000.00000000009 8.641920076729479e-08
74050.00000000009 1.5373724342680797e-07
74100.00000000009 1.003545372605976e-07
74150.00000000009 1.1110887937974437e-07
74200.00000000009 9.710029549307855e-08
74250.00000000009 5.861227359831822e-08
74300.00000000009 9.942700058151036e-08
74350.00000000009 1.2635456927120888e-07
74400.00000000009 1.195640426855973e-07
74450.00000000009 6.942153558202385e-08
74500.00000000009 7.863853224890336e-08
74550.00000000009 1.0263047309266877e-07
74600.00000000009 1.0199423037557424e-07
74650.00000000009 1.0036785925537943e-07
74700.00000000009 7.872865867456761e-08
74750.00000000009 8.573994259767606e-08
74800.00000000009 9.616611079621563e-08
74850.00000000009 7.724986891777635e-08
74900.00000000009 1.3236455766785492e-07
74950.00000000009 1.3072033786558273e-07
75000.00000000009 1.0556415666297334e-07
75050.00000000009 7.394526147976027e-08
75100.00000000009 1.3920808949014365e-07
75150.00000000009 1.1605822224014523e-07
75200.00000000009 1.3689445983698672e-07
75250.00000000009 1.3146224605630658e-07
75300.00000000009 1.3596008471066622e-07
75350.00000000009 7.882644965970025e-08
75400.00000000009 1.4224813719537573e-07
75450.00000000009 1.1584193779263187e-07
75500.00000000009 1.123920365797796e-07
75550.00000000009 1.3803706492497377e-07
75600.00000000009 1.6624717560340046e-07
75650.00000000009 1.0792378573267296e-07
75700.00000000009 1.2225234937763185e-07
75750.00000000009 8.699286694199648e-08
75800.00000000009 1.3030081405513222e-07
75850.00000000009 1.5136016036380525e-07
75900.00000000009 1.3672724708134216e-07
75950.00000000009 1.0099592673639928e-07
76000.00000000009 1.2898831824161036e-07
76050.00000000009 1.395042061160976e-07
76100.00000000009 1.2567993745847927e-07
76150.00000000009 1.4209421469667122e-07
76200.00000000009 1.426284786453402e-07
76250.00000000009 1.5065180071540845e-07
76300.00000000009 1.9179935686378345e-07
76350.00000000009 2.1069735634427637e-07
76400.00000000009 1.6820564632540439e-07
76450.00000000009 1.6394898783399906e-07
76500.00000000009 1.3072016234895613e-07
76550.00000000009 1.0839446759952359e-07
76600.00000000009 5.136575627131628e-08
76650.00000000009 5.989745431592957e-08
76700.00000000009 6.387977059141697e-08
76750.00000000009 6.165126310925545e-08
76800.00000000009 9.478919971350466e-08
76850.00000000009 4.264656183473738e-08
76900.00000000009 5.091699166745196e-08
76950.00000000009 7.86939398845831e-08
77000.00000000009 8.383963807540095e-08
77050.00000000009 6.01819096028529e-08
77100.00000000009 6.637332279065807e-08
77150.00000000009 9.38026314211552e-08
77200.00000000009 7.99452412619995e-08
77250.00000000009 8.814977001524246e-08
77300.00000000009 8.451020749978888e-08
77350.00000000009 5.590776821701733e-08
77400.00000000009 5.613771214809676e-08
77450.00000000009 6.679577179084309e-08
77500.00000000009 6.553556934946462e-08
77550.00000000009 7.915394375893872e-08
77600.00000000009 8.572824872649947e-08
77650.00000000009 8.197049954478046e-08
77700.00000000009 6.325322379961621e-08
77750.00000000009 1.0243847150529917e-07
77800.00000000009 8.293445292374583e-08
77850.00000000009 1.2444154332661554e-07
77900.00000000009 1.0213935369189289e-07
77950.00000000009 6.764246505449018e-08
78000.00000000009 8.57741927754608e-08
78050.00000000009 9.452602747402492e-08
78100.00000000009 7.654512937495766e-08
78150.00000000009 1.1343743601535838e-07
78200.00000000009 1.1338244412870879e-07
78250.00000000009 1.225608339428096e-07
78300.00000000009 1.1837013610319486e-07
78350.00000000009 1.0980465393376479e-07
78400.00000000009 9.567158901114865e-08
78450.00000000009 1.3298954396112867e-07
78500.00000000009 1.2869230918597602e-07
78550.00000000009 1.3649590439128584e-07
78600.00000000009 1.2040409761844388e-07
78650.00000000009 5.967910398623542e-08
78700.00000000009 8.967404358367665e-08
78750.00000000009 8.598480372488663e-08
78800.00000000009 1.1941112766396e-07
78850.00000000009 7.530031022104329e-08
78900.00000000009 1.1248953340015374e-07
78950.00000000009 1.0623974321616691e-07
79000.00000000009 1.0622330359858856e-07
79050.00000000009 9.595599856755257e-08
79100.00000000009 1.0280656674372806e-07
79150.00000000009 1.1550343689571113e-07
79200.00000000009 1.2482979174104755e-07
79250.00000000009 1.0834469368476533e-07
79300.00000000009 8.110050735237201e-08
79350.00000000009 1.245011954589887e-07
79400.00000000009 1.0069468244322639e-07
79450.00000000009 1.2097127031266004e-07
79500.00000000009 1.6294489802829845e-07
79550.00000000009 1.3460557876989176e-07
79600.00000000009 8.916964112115548e-08
79650.00000000009 1.1431605402782143e-07
79700.00000000009 1.3134381934683828e-07
79750.00000000009 1.333670701660429e-07
79800.00000000009 1.0372893881248766e-07
79850.00000000009 1.0990393412174384e-07
79900.00000000009 1.6955534667117307e-07
79950.00000000009 1.2240716271979544e-07
