galfind/configs/Brown_Dwarf_templates/sonora_cholla/logkzz2/1000g/1100K_1000g_logkzz2_resample.dat
# %ECSV 1.0
# ---
# datatype:
# - {name: wav, unit: Angstrom, datatype: float64}
# - {name: flux_nu, unit: erg / (cm2 Hz s), datatype: float64}
# schema: astropy-2.0
wav flux_nu
[from data line 388]
29400.000000000095 1.3365508117457732e-07
29450.000000000095 1.3516357508036693e-07
29500.000000000095 1.5138977393239132e-07
29550.000000000095 1.3265251448177797e-07
29600.000000000095 1.7734874155228332e-07
29650.000000000095 1.463124609241089e-07
29700.000000000095 1.3111660720936526e-07
29750.000000000095 1.6967236725105897e-07
29800.000000000095 1.8547688943253497e-07
29850.000000000095 1.9086313007145136e-07
29900.000000000095 1.8818604045298965e-07
29950.000000000095 1.716272520522193e-07
30000.000000000095 1.6068800232897063e-07
30050.000000000095 1.3420324143733643e-07
30100.000000000095 1.6114480409024046e-07
30150.000000000095 2.1313526930943586e-07
30200.000000000095 1.585089330052822e-07
30250.000000000095 2.1419705311546952e-07
30300.000000000095 1.8600219190900122e-07
30350.000000000095 1.6954163730081926e-07
30400.000000000095 1.91776831811276e-07
30450.000000000095 1.5407619909016876e-07
30500.000000000095 1.4962774353035532e-07
30550.000000000095 1.5272944987861084e-07
30600.000000000095 1.7135739959900027e-07
30650.000000000095 1.5034222425509313e-07
30700.000000000095 1.354948948166382e-07
30750.000000000095 1.2442943067038902e-07
30800.000000000095 1.239274300374195e-07
30850.000000000095 1.1376714073598664e-07
30900.000000000095 1.157104321834852e-07
30950.000000000095 8.383729519675969e-08
31000.000000000095 9.405663635381631e-08
31050.000000000095 1.0316773407596468e-07
31100.000000000095 7.095461132267358e-08
31150.000000000095 8.388653640748479e-08
31200.000000000095 8.924062651828439e-08
31250.000000000095 7.111974365802457e-08
31300.000000000095 6.818717995252391e-08
31350.000000000095 6.684100521497784e-08
31400.000000000095 4.780968011760289e-08
31450.000000000095 6.709475666222302e-08
31500.000000000095 4.946091172140899e-08
31550.000000000095 5.95970909596572e-08
31600.000000000095 4.3709123137374444e-08
31650.000000000095 4.409537236182924e-08
31700.000000000095 5.066483443472447e-08
31750.000000000095 3.642517550566105e-08
31800.000000000095 4.533147051410423e-08
31850.000000000095 3.865584903937013e-08
31900.000000000095 4.134689962841553e-08
31950.000000000095 3.8689682618319734e-08
32000.000000000095 4.0051044230879264e-08
32050.000000000095 3.2820685906227946e-08
32100.000000000095 3.1153359096486714e-08
32150.000000000095 3.988885021192075e-08
32200.000000000095 2.9563019083515828e-08
32250.000000000095 4.478637158915519e-08
32300.000000000095 2.7386596543754974e-08
32350.000000000095 5.15319095631382e-08
32400.000000000095 3.546694594921761e-08
32450.000000000095 4.9783488305286424e-08
32500.000000000095 3.794516784497502e-08
32550.000000000095 4.586700094139871e-08
32600.000000000095 5.029006231071862e-08
32650.000000000095 6.123760514703186e-08
32700.000000000095 5.2792139422471144e-08
32750.000000000095 6.993125853862844e-08
32800.000000000095 5.9172534240859086e-08
32850.000000000095 7.558715168910645e-08
32900.000000000095 7.938757285871531e-08
32950.000000000095 8.531194519478318e-08
33000.000000000095 7.393219857787513e-08
33050.000000000095 7.097942404077171e-08
33100.000000000095 3.9608374031915136e-08
33150.000000000095 1.0808795485163312e-08
33200.000000000095 1.2365623961002374e-08
33250.000000000095 7.706784537412542e-09
33300.000000000095 8.64096793909553e-09
33350.000000000095 1.5833165108230753e-08
33400.000000000095 2.281806784787175e-08
33450.000000000095 2.8523373731389878e-08
33500.000000000095 3.916301865532524e-08
33550.000000000095 3.6888930594997815e-08
33600.000000000095 5.5910958018298324e-08
33650.000000000095 5.5515669157027444e-08
33700.000000000095 4.951312499713752e-08
33750.000000000095 6.746940221437891e-08
33800.000000000095 4.5440488207395136e-08
33850.000000000095 6.193643020321712e-08
33900.000000000095 5.565901297639574e-08
33950.000000000095 6.135990941204459e-08
34000.000000000095 6.65176068047353e-08
34050.000000000095 3.345903425045942e-08
34100.000000000095 6.408765055560943e-08
34150.000000000095 4.628324263961523e-08
34200.000000000095 5.780119977214932e-08
34250.000000000095 5.0145780917138106e-08
34300.000000000095 4.2750159882259516e-08
34350.000000000095 5.977071321040342e-08
34400.000000000095 4.567260728153613e-08
34450.000000000095 6.47176684067128e-08
34500.000000000095 5.507071851145984e-08
34550.000000000095 4.043673585576126e-08
34600.000000000095 6.717261720584635e-08
34650.000000000095 4.222840450375804e-08
34700.000000000095 4.950812435086851e-08
34750.000000000095 5.120963040767795e-08
34800.000000000095 3.408458220382322e-08
34850.000000000095 5.561000011135667e-08
34900.000000000095 6.148997310925066e-08
34950.000000000095 5.453969348337763e-08
35000.000000000095 7.220781334696679e-08
35050.000000000095 5.460212717395357e-08
35100.000000000095 7.351047158953708e-08
35150.000000000095 6.66910086714738e-08
35200.000000000095 8.512305178031357e-08
35250.000000000095 9.348720756669428e-08
35300.000000000095 5.977705392765466e-08
35350.000000000095 8.5008116718674e-08
35400.000000000095 8.396492138932718e-08
35450.000000000095 7.407387906804133e-08
35500.000000000095 1.1185117930667791e-07
35550.000000000095 9.700677294601028e-08
35600.000000000095 1.0198648789355326e-07
35650.000000000095 1.0626339045107857e-07
35700.000000000095 7.48939811033871e-08
35750.000000000095 1.2070810903700054e-07
35800.000000000095 1.1298080095528838e-07
35850.000000000095 8.611979656618003e-08
35900.000000000095 1.24306070801834e-07
35950.000000000095 1.1948483101690306e-07
36000.000000000095 9.733466944144441e-08
36050.000000000095 1.2616921449821774e-07
36100.000000000095 1.1584269986003233e-07
36150.000000000095 1.3314585522804273e-07
36200.000000000095 1.3464269767948613e-07
36250.000000000095 1.3996268901813561e-07
36300.000000000095 1.5218733159538596e-07
36350.000000000095 1.5395112261200107e-07
36400.000000000095 1.8292271430338526e-07
36450.000000000095 1.7489258681438905e-07
36500.000000000095 1.7683804014084276e-07
36550.000000000095 1.9515472041060146e-07
36600.000000000095 2.2167029229762877e-07
36650.000000000095 2.1480775612718643e-07
36700.000000000095 2.2589364350790668e-07
36750.000000000095 2.40352681391285e-07
36800.000000000095 2.3492151361254701e-07
36850.000000000095 2.2237754629975676e-07
36900.000000000095 2.266239886072189e-07
36950.000000000095 2.547343018905976e-07
37000.000000000095 2.3918030572439364e-07
37050.000000000095 2.6314772299720026e-07
37100.000000000095 2.7039158752452136e-07
37150.000000000095 2.777514942523862e-07
37200.000000000095 2.898773647726754e-07
37250.000000000095 2.552802732487425e-07
37300.000000000095 2.633787429891668e-07
37350.000000000095 2.976329838603601e-07
37400.000000000095 3.3529448611317774e-07
37450.000000000095 3.067714368033633e-07
37500.000000000095 2.7475388948704217e-07
37550.000000000095 3.6384766327332844e-07
37600.000000000095 3.8634066677346854e-07
37650.000000000095 3.081578819762866e-07
37700.000000000095 3.534257725280807e-07
37750.000000000095 2.8916726582855897e-07
37800.000000000095 3.3392354312074164e-07
37850.000000000095 2.781852301032872e-07
37900.000000000095 3.264932249744787e-07
37950.000000000095 3.630800412624481e-07
38000.000000000095 4.085426469972389e-07
38050.000000000095 3.674189612367507e-07
38100.000000000095 3.996560388577366e-07
38150.000000000095 3.9827262790503975e-07
38200.000000000095 4.2718664705506573e-07
38250.000000000095 4.1149419922817694e-07
38300.000000000095 4.852378832474532e-07
38350.000000000095 4.868089574838166e-07
38400.000000000095 3.724918732838644e-07
38450.000000000095 4.199719429209926e-07
38500.000000000095 3.6675303035031007e-07
38550.000000000095 4.253639860699268e-07
38600.000000000095 4.294728861172996e-07
38650.000000000095 5.028421000590956e-07
38700.000000000095 5.000154567227123e-07
38750.000000000095 4.933304293934742e-07
38800.000000000095 4.393676870491068e-07
38850.000000000095 5.305026089161601e-07
38900.000000000095 5.35480090726304e-07
38950.000000000095 4.901682744489299e-07
39000.000000000095 5.67511558480949e-07
39050.000000000095 5.085049130264929e-07
39100.000000000095 5.138822468372155e-07
39150.000000000095 5.283042397934803e-07
39200.000000000095 5.080977416725894e-07
39250.000000000095 5.778254032666905e-07
39300.000000000095 5.634796782441703e-07
39350.000000000095 6.385523342298005e-07
39400.000000000095 6.180585976149015e-07
39450.000000000095 6.19322065683806e-07
39500.000000000095 5.725952621105924e-07
39550.000000000095 5.905277801195037e-07
39600.000000000095 6.023942516968462e-07
39650.000000000095 6.835496954489328e-07
39700.000000000095 6.168927762176877e-07
39750.000000000095 5.386146511152753e-07
39800.000000000095 6.222444214154222e-07
39850.000000000095 6.804009254265351e-07
39900.000000000095 6.73355393331502e-07
39950.000000000095 6.548681458585595e-07
40000.000000000095 7.01813955681229e-07
40050.000000000095 6.960012723681004e-07
40100.000000000095 6.058934280558851e-07
40150.000000000095 7.445118979984546e-07
40200.000000000095 7.346351107225734e-07
40250.000000000095 6.911745414225397e-07
40300.000000000095 7.328382789490169e-07
40350.000000000095 6.520666316460623e-07
40400.000000000095 7.372098214487974e-07
40450.000000000095 7.016209133541283e-07
40500.000000000095 7.094453324298989e-07
40550.000000000095 7.496578378515405e-07
40600.000000000095 7.065408707801556e-07
40650.000000000095 7.468038184140884e-07
40700.000000000095 8.688741281439176e-07
40750.000000000095 7.521563540081223e-07
40800.000000000095 6.595465478428723e-07
40850.000000000095 8.020305571165743e-07
40900.000000000095 7.675455174981452e-07
40950.000000000095 7.221390897798621e-07
41000.000000000095 7.499246524702064e-07
41050.000000000095 8.193374484613694e-07
41100.000000000095 6.839892997692584e-07
41150.000000000095 6.639444579700664e-07
41200.000000000095 8.147548140746301e-07
41250.000000000095 7.820499476026312e-07
41300.000000000095 6.581914544131655e-07
41350.000000000095 8.355786339426259e-07
41400.000000000095 7.672059501001143e-07
41450.000000000095 8.032759786828888e-07
41500.000000000095 7.202146801781845e-07
41550.000000000095 6.891909078031918e-07
41600.000000000095 7.643309956226012e-07
41650.000000000095 7.553281913493311e-07
41700.000000000095 7.002453161243618e-07
41750.000000000095 6.747889934233606e-07
41800.000000000095 8.566020854538205e-07
41850.000000000095 5.468795936600635e-07
41900.000000000095 6.678544851043611e-07
41950.000000000095 7.364169502228381e-07
42000.000000000095 7.639310855769547e-07
42050.000000000095 6.682882624306047e-07
42100.000000000095 7.933511216259913e-07
42150.000000000095 5.953576269192893e-07
42200.000000000095 6.489597715057234e-07
42250.000000000095 6.544353262691611e-07
42300.000000000095 6.586978838897997e-07
42350.000000000095 7.050396756407357e-07
42400.000000000095 6.800891606833145e-07
42450.000000000095 6.22155434644838e-07
42500.000000000095 5.973033119890091e-07
42550.000000000095 5.900518822397488e-07
42600.000000000095 6.579716793306365e-07
42650.000000000095 7.985251678690132e-07
42700.000000000095 6.049595019362059e-07
42750.000000000095 5.795623331747554e-07
42800.000000000095 5.790357251661908e-07
42850.000000000095 6.545775330447102e-07
42900.000000000095 7.026137575413378e-07
42950.000000000095 5.371444083895095e-07
43000.000000000095 6.978786964821836e-07
43050.000000000095 4.316366019354467e-07
43100.000000000095 5.828862373307828e-07
43150.000000000095 6.193231587723298e-07
43200.000000000095 6.230326306068541e-07
43250.000000000095 7.186882782661071e-07
43300.000000000095 7.443320593439021e-07
43350.000000000095 5.153894632706356e-07
43400.000000000095 6.361503162408741e-07
43450.000000000095 5.041298893436663e-07
43500.000000000095 5.400298570158248e-07
43550.000000000095 5.285821841711879e-07
43600.000000000095 6.36736081802727e-07
43650.000000000095 4.399637331001111e-07
43700.000000000095 6.837519064243437e-07
43750.000000000095 6.702756691024557e-07
43800.000000000095 5.45682793182968e-07
43850.000000000095 5.591113905203569e-07
43900.000000000095 5.118263125377103e-07
43950.000000000095 4.7267006063070525e-07
44000.000000000095 3.314710375289104e-07
44050.000000000095 5.140474631470147e-07
44100.000000000095 5.675891142110924e-07
44150.000000000095 5.660559196115427e-07
44200.000000000095 4.844276855963139e-07
44250.000000000095 4.2301545718512495e-07
44300.000000000095 3.998952381095731e-07
44350.000000000095 3.5990578184343374e-07
44400.000000000095 3.849112979568423e-07
44450.000000000095 4.140943424316845e-07
44500.000000000095 3.434371245481088e-07
44550.000000000095 4.052599924281521e-07
44600.000000000095 3.347687583718373e-07
44650.000000000095 3.8945479708822877e-07
44700.000000000095 3.488037958929255e-07
44750.000000000095 3.7566081857492723e-07
44800.000000000095 3.405585915036969e-07
44850.000000000095 3.522892242147506e-07
44900.000000000095 2.80219231334384e-07
44950.000000000095 2.8685784188856056e-07
45000.000000000095 3.1079087587070645e-07
45050.000000000095 3.1764117171983977e-07
45100.000000000095 2.9937623484787815e-07
45150.000000000095 2.8116932944217234e-07
45200.000000000095 2.159528977906589e-07
45250.000000000095 2.4284448956462205e-07
45300.000000000095 2.745462516793942e-07
45350.000000000095 2.794352789456495e-07
45400.000000000095 2.3642842061775406e-07
45450.000000000095 2.359066504435764e-07
45500.000000000095 2.412814842988431e-07
45550.000000000095 2.783218684162987e-07
45600.000000000095 2.394759190991487e-07
45650.000000000095 2.2541477392172496e-07
45700.000000000095 2.6704817023510784e-07
45750.000000000095 2.38217445033977e-07
45800.000000000095 2.2083362898046216e-07
45850.000000000095 3.2055526557647737e-07
45900.000000000095 3.154065074520314e-07
45950.000000000095 2.2916176385283392e-07
46000.000000000095 3.0276688990111557e-07
46050.000000000095 3.064648759458292e-07
46100.000000000095 2.3216204654281947e-07
46150.000000000095 2.80253877126736e-07
46200.000000000095 2.710886492734766e-07
46250.000000000095 1.7575132231563677e-07
46300.000000000095 3.3212592653289473e-07
46350.000000000095 2.397021788691926e-07
46400.000000000095 2.898628532761422e-07
46450.000000000095 3.4951636195792756e-07
46500.000000000095 2.737448128605852e-07
46550.000000000095 3.1458099346800217e-07
46600.000000000095 3.194444656797133e-07
46650.000000000095 5.062951725576066e-07
46700.000000000095 3.6806338795679024e-07
46750.000000000095 2.958439756202715e-07
46800.000000000095 2.3905169934069077e-07
46850.000000000095 3.8436631040175895e-07
46900.000000000095 3.322822525291097e-07
46950.000000000095 4.187010183755011e-07
47000.000000000095 2.706894472344052e-07
47050.000000000095 4.2436143815167713e-07
47100.000000000095 2.222915939460408e-07
47150.000000000095 2.9630897144834927e-07
47200.000000000095 3.5984987003748146e-07
47250.000000000095 2.562705558754353e-07
47300.000000000095 2.7136474338771246e-07
47350.000000000095 2.440939050172942e-07
47400.000000000095 3.9110252149147524e-07
47450.000000000095 2.533950992616843e-07
47500.000000000095 4.0816398097514357e-07
47550.000000000095 2.572290955979657e-07
47600.000000000095 3.725682247712975e-07
47650.000000000095 2.405411270006418e-07
47700.000000000095 3.546026137229248e-07
47750.000000000095 2.002973199960864e-07
47800.000000000095 2.999472072942942e-07
47850.000000000095 1.7655923495747603e-07
47900.000000000095 2.8332206622065616e-07
47950.000000000095 2.512108777311371e-07
48000.000000000095 4.1767778401445406e-07
48050.000000000095 2.8126392644394137e-07
48100.000000000095 3.1800421353718533e-07
48150.000000000095 2.5424473986853685e-07
48200.000000000095 3.5086022043410545e-07
48250.000000000095 2.6443239385500977e-07
48300.000000000095 4.531951339270104e-07
48350.000000000095 2.4120808309300147e-07
48400.000000000095 2.753510155518623e-07
48450.000000000095 2.415074886825474e-07
48500.000000000095 4.248073711305865e-07
48550.000000000095 2.310183713689198e-07
48600.000000000095 3.664631387917864e-07
48650.000000000095 2.4536158150411524e-07
48700.000000000095 4.048121504840722e-07
