galfind/configs/Brown_Dwarf_templates/sonora_cholla/logkzz2/1000g/1100K_1000g_logkzz2_resample.dat
# %ECSV 1.0
# ---
# datatype:
# - {name: wav, unit: Angstrom, datatype: float64}
# - {name: flux_nu, unit: erg / (cm2 Hz s), datatype: float64}
# schema: astropy-2.0
wav flux_nu
[from data line 1162]
68100.00000000009 2.2338594608069495e-07
68150.00000000009 1.8038172047150528e-07
68200.00000000009 1.8698934145530472e-07
68250.00000000009 9.924372376694782e-08
68300.00000000009 1.6539076217733345e-07
68350.00000000009 1.0185133678396463e-07
68400.00000000009 2.236866507635778e-07
68450.00000000009 2.1726453937224825e-07
68500.00000000009 1.8698479684063195e-07
68550.00000000009 1.3431151317209579e-07
68600.00000000009 1.4381345003648542e-07
68650.00000000009 1.002417306197896e-07
68700.00000000009 1.5520117807779068e-07
68750.00000000009 1.8521131638211746e-07
68800.00000000009 2.0258802771221615e-07
68850.00000000009 1.2069666393603134e-07
68900.00000000009 2.432841202550929e-07
68950.00000000009 2.5528654662070894e-07
69000.00000000009 2.3445428397281428e-07
69050.00000000009 1.5771467083950674e-07
69100.00000000009 2.513883418373759e-07
69150.00000000009 2.835855992340025e-07
69200.00000000009 1.806183308003677e-07
69250.00000000009 2.5933595957939176e-07
69300.00000000009 1.9169321118907254e-07
69350.00000000009 2.437165862023485e-07
69400.00000000009 1.3015276000631033e-07
69450.00000000009 2.5378997199104104e-07
69500.00000000009 1.7616409263672687e-07
69550.00000000009 1.836788109462632e-07
69600.00000000009 8.177345569274614e-08
69650.00000000009 1.687739934094242e-07
69700.00000000009 2.3476974981124532e-07
69750.00000000009 1.7180842300422862e-07
69800.00000000009 2.1560369491410634e-07
69850.00000000009 2.2699323806583028e-07
69900.00000000009 1.7605514803023445e-07
69950.00000000009 1.910672481193972e-07
70000.00000000009 1.6516669393304672e-07
70050.00000000009 2.45950081972961e-07
70100.00000000009 1.787413955734789e-07
70150.00000000009 1.8738343728721913e-07
70200.00000000009 1.4601588330388916e-07
70250.00000000009 1.8599645946529438e-07
70300.00000000009 2.2709073070292388e-07
70350.00000000009 1.803133001878147e-07
70400.00000000009 1.60074781779219e-07
70450.00000000009 8.82024678600723e-08
70500.00000000009 1.3198482564290378e-07
70550.00000000009 1.4028813751469725e-07
70600.00000000009 1.4207818167162408e-07
70650.00000000009 2.0145837262581441e-07
70700.00000000009 1.8264718400148222e-07
70750.00000000009 2.1695860912224537e-07
70800.00000000009 1.5093567657714322e-07
70850.00000000009 1.4513878344728397e-07
70900.00000000009 1.4597455831819194e-07
70950.00000000009 2.153131238549983e-07
71000.00000000009 1.8255374618440454e-07
71050.00000000009 1.8586134940013547e-07
71100.00000000009 1.6674814376288755e-07
71150.00000000009 1.675948987266051e-07
71200.00000000009 1.5048217422510306e-07
71250.00000000009 1.6150519034731886e-07
71300.00000000009 1.951601517592039e-07
71350.00000000009 1.9219230465256154e-07
71400.00000000009 1.918590951596649e-07
71450.00000000009 1.1977482345478903e-07
71500.00000000009 1.413936197627066e-07
71550.00000000009 1.5056253915029177e-07
71600.00000000009 1.730802292361551e-07
71650.00000000009 1.5984100098186017e-07
71700.00000000009 1.315677226841122e-07
71750.00000000009 1.513794003561379e-07
71800.00000000009 1.873893660873648e-07
71850.00000000009 1.8817189840725018e-07
71900.00000000009 1.3793619127644366e-07
71950.00000000009 1.420405926203228e-07
72000.00000000009 1.441357115998501e-07
72050.00000000009 1.2059809187668796e-07
72100.00000000009 1.393036472723653e-07
72150.00000000009 1.1667949594493614e-07
72200.00000000009 1.4238604157303373e-07
72250.00000000009 1.6799888368557824e-07
72300.00000000009 1.4963204760873313e-07
72350.00000000009 1.5348935145678532e-07
72400.00000000009 1.276042665337854e-07
72450.00000000009 1.1941803216056944e-07
72500.00000000009 1.4596966537860383e-07
72550.00000000009 9.112315581870459e-08
72600.00000000009 9.641493801646267e-08
72650.00000000009 1.5361792459208477e-07
72700.00000000009 1.5701309667898435e-07
72750.00000000009 1.379303677914821e-07
72800.00000000009 1.267636084888112e-07
72850.00000000009 1.220431343949179e-07
72900.00000000009 1.5627437616147066e-07
72950.00000000009 1.4769018789075555e-07
73000.00000000009 1.4702026115313365e-07
73050.00000000009 1.227015258970883e-07
73100.00000000009 1.054219554707102e-07
73150.00000000009 1.8069372677905977e-07
73200.00000000009 1.1415406690816303e-07
73250.00000000009 1.3385710519617015e-07
73300.00000000009 1.3461737994610866e-07
73350.00000000009 1.1394573480070503e-07
73400.00000000009 1.3971045907844472e-07
73450.00000000009 9.570382273166421e-08
73500.00000000009 9.623753463455555e-08
73550.00000000009 1.2688804688885088e-07
73600.00000000009 1.0364591820008567e-07
73650.00000000009 1.2998533445188245e-07
73700.00000000009 1.517135487774304e-07
73750.00000000009 9.68822560714918e-08
73800.00000000009 1.2591507178314566e-07
73850.00000000009 1.3144879784814683e-07
73900.00000000009 1.4114910940042356e-07
73950.00000000009 1.1952863913542085e-07
74000.00000000009 1.082191208472174e-07
74050.00000000009 1.7942370807405308e-07
74100.00000000009 1.1759254743484252e-07
74150.00000000009 1.3345425903399544e-07
74200.00000000009 1.1780285442126603e-07
74250.00000000009 7.834268466043133e-08
74300.00000000009 1.2089139952082882e-07
74350.00000000009 1.472241800708637e-07
74400.00000000009 1.408062535284965e-07
74450.00000000009 8.404998161582732e-08
74500.00000000009 9.781469023105093e-08
74550.00000000009 1.2285429783436336e-07
74600.00000000009 1.233484683676947e-07
74650.00000000009 1.21372136396123e-07
74700.00000000009 9.715738698605744e-08
74750.00000000009 1.0597937029539978e-07
74800.00000000009 1.1755028271852712e-07
74850.00000000009 8.979376256270081e-08
74900.00000000009 1.577414746079722e-07
74950.00000000009 1.530655116376524e-07
75000.00000000009 1.2884116148340285e-07
75050.00000000009 9.665566001996548e-08
75100.00000000009 1.634183866518111e-07
75150.00000000009 1.36172045501698e-07
75200.00000000009 1.6155675798873157e-07
75250.00000000009 1.4999364036855209e-07
75300.00000000009 1.5953176235536257e-07
75350.00000000009 9.596733400857e-08
75400.00000000009 1.630656626656672e-07
75450.00000000009 1.3484818412014646e-07
75500.00000000009 1.300379297670378e-07
75550.00000000009 1.6483866768883527e-07
75600.00000000009 1.9321498888273283e-07
75650.00000000009 1.2962625117240123e-07
75700.00000000009 1.4230320702210045e-07
75750.00000000009 1.0375005239889213e-07
75800.00000000009 1.5281228240572812e-07
75850.00000000009 1.7719017671670263e-07
75900.00000000009 1.6102166046960238e-07
75950.00000000009 1.2493804673349272e-07
76000.00000000009 1.4838421674212257e-07
76050.00000000009 1.6415198544423498e-07
76100.00000000009 1.4715453136911183e-07
76150.00000000009 1.6608740767452287e-07
76200.00000000009 1.6764111008633747e-07
76250.00000000009 1.766848169215957e-07
76300.00000000009 2.1801056245677708e-07
76350.00000000009 2.385268360837742e-07
76400.00000000009 1.92974240485733e-07
76450.00000000009 1.8977106004621956e-07
76500.00000000009 1.4994275454811384e-07
76550.00000000009 1.339590104790834e-07
76600.00000000009 6.735680757205233e-08
76650.00000000009 7.710009874604967e-08
76700.00000000009 8.427736935949248e-08
76750.00000000009 7.838637397967575e-08
76800.00000000009 1.1729985131977267e-07
76850.00000000009 5.864035700673844e-08
76900.00000000009 6.46871328358759e-08
76950.00000000009 9.712508040000348e-08
77000.00000000009 1.020496857795167e-07
77050.00000000009 7.650015179494286e-08
77100.00000000009 8.206449413553332e-08
77150.00000000009 1.1296291902154319e-07
77200.00000000009 9.751293760796801e-08
77250.00000000009 1.0635664971602674e-07
77300.00000000009 1.0094516398222191e-07
77350.00000000009 6.916673663961866e-08
77400.00000000009 6.868168384292007e-08
77450.00000000009 7.7218765344871e-08
77500.00000000009 8.49159484849577e-08
77550.00000000009 9.820843116552185e-08
77600.00000000009 1.050867998290977e-07
77650.00000000009 1.0214159643946767e-07
77700.00000000009 8.214350402184942e-08
77750.00000000009 1.2055632023949648e-07
77800.00000000009 9.922701629095613e-08
77850.00000000009 1.422122368576058e-07
77900.00000000009 1.1924402768087428e-07
77950.00000000009 8.232986035883342e-08
78000.00000000009 9.988090366623174e-08
78050.00000000009 1.1388547037209033e-07
78100.00000000009 9.102278852353273e-08
78150.00000000009 1.314875102410555e-07
78200.00000000009 1.3076788857561324e-07
78250.00000000009 1.4085450282351822e-07
78300.00000000009 1.3925751053753776e-07
78350.00000000009 1.2787950848012606e-07
78400.00000000009 1.1563073465940021e-07
78450.00000000009 1.5462189034959783e-07
78500.00000000009 1.4821327140203573e-07
78550.00000000009 1.5574988629835003e-07
78600.00000000009 1.3792356494622296e-07
78650.00000000009 7.48193130861167e-08
78700.00000000009 1.0969897103009996e-07
78750.00000000009 1.0242579418095844e-07
78800.00000000009 1.3922466910753684e-07
78850.00000000009 9.440507607772453e-08
78900.00000000009 1.3124769566063031e-07
78950.00000000009 1.242802143416893e-07
79000.00000000009 1.274791957078511e-07
79050.00000000009 1.1363127681878948e-07
79100.00000000009 1.2119013572711876e-07
79150.00000000009 1.3741793238487879e-07
79200.00000000009 1.4815222306531215e-07
79250.00000000009 1.3184576379063844e-07
79300.00000000009 9.879534961800269e-08
79350.00000000009 1.4713110384583442e-07
79400.00000000009 1.2274034566998578e-07
79450.00000000009 1.3518859791934823e-07
79500.00000000009 1.8467323575729595e-07
79550.00000000009 1.540152571227308e-07
79600.00000000009 1.0745170179543076e-07
79650.00000000009 1.319224985306676e-07
79700.00000000009 1.554689101541774e-07
79750.00000000009 1.5600277502258934e-07
79800.00000000009 1.244962568549389e-07
79850.00000000009 1.270379925507069e-07
79900.00000000009 1.936060643590874e-07
79950.00000000009 1.3935747889292862e-07
