galfind/configs/Brown_Dwarf_templates/sonora_cholla/logkzz2/1000g/1150K_1000g_logkzz2_resample.dat
# %ECSV 1.0
# ---
# datatype:
# - {name: wav, unit: Angstrom, datatype: float64}
# - {name: flux_nu, unit: erg / (cm2 Hz s), datatype: float64}
# schema: astropy-2.0
wav flux_nu
[from data line 1163]
68150.00000000009 2.0530742095209123e-07
68200.00000000009 2.1571693304904603e-07
68250.00000000009 1.2105940279329056e-07
68300.00000000009 1.9156782024171072e-07
68350.00000000009 1.206848193634071e-07
68400.00000000009 2.5371404769914976e-07
68450.00000000009 2.4974058229572975e-07
68500.00000000009 2.1747600125781365e-07
68550.00000000009 1.5877683359216346e-07
68600.00000000009 1.7293694140032326e-07
68650.00000000009 1.2423321094124598e-07
68700.00000000009 1.849462619707003e-07
68750.00000000009 2.1633518609169926e-07
68800.00000000009 2.3425757533333084e-07
68850.00000000009 1.4564172678028163e-07
68900.00000000009 2.789334336060405e-07
68950.00000000009 2.969389136159738e-07
69000.00000000009 2.747654521164324e-07
69050.00000000009 1.8819133121343563e-07
69100.00000000009 2.8758709017186614e-07
69150.00000000009 3.209755385378435e-07
69200.00000000009 2.0735450125626866e-07
69250.00000000009 2.909601774792947e-07
69300.00000000009 2.2977141411780094e-07
69350.00000000009 2.7486903026882475e-07
69400.00000000009 1.566842468279051e-07
69450.00000000009 2.933098507460941e-07
69500.00000000009 2.0791466975785767e-07
69550.00000000009 2.1590026640708722e-07
69600.00000000009 9.990165935363608e-08
69650.00000000009 1.9963269282603322e-07
69700.00000000009 2.669105071154767e-07
69750.00000000009 2.0119615122498742e-07
69800.00000000009 2.4907601823072543e-07
69850.00000000009 2.6839811657606297e-07
69900.00000000009 2.028482025389453e-07
69950.00000000009 2.2543382266728726e-07
70000.00000000009 1.9168949046638285e-07
70050.00000000009 2.78033444566729e-07
70100.00000000009 2.0503157620426938e-07
70150.00000000009 2.2020896121560056e-07
70200.00000000009 1.7289128765284767e-07
70250.00000000009 2.1379606331931817e-07
70300.00000000009 2.570929538289076e-07
70350.00000000009 2.0638240291080958e-07
70400.00000000009 1.8898113301970807e-07
70450.00000000009 1.0968330501916371e-07
70500.00000000009 1.5611568707551814e-07
70550.00000000009 1.6646626383692324e-07
70600.00000000009 1.7210145396548787e-07
70650.00000000009 2.2752194938770468e-07
70700.00000000009 2.080396928787468e-07
70750.00000000009 2.4577831241039433e-07
70800.00000000009 1.7497703763176878e-07
70850.00000000009 1.677872897871051e-07
70900.00000000009 1.6937395645397175e-07
70950.00000000009 2.469232671881788e-07
71000.00000000009 2.102612353954652e-07
71050.00000000009 2.1561846114774838e-07
71100.00000000009 1.9483259639792578e-07
71150.00000000009 1.9674695033797905e-07
71200.00000000009 1.763958605250217e-07
71250.00000000009 1.8840370168267205e-07
71300.00000000009 2.2318067719837529e-07
71350.00000000009 2.1728407798016878e-07
71400.00000000009 2.1932283947249002e-07
71450.00000000009 1.4300311850337948e-07
71500.00000000009 1.691913756096248e-07
71550.00000000009 1.7664157111699686e-07
71600.00000000009 2.017703879907095e-07
71650.00000000009 1.8821863677134606e-07
71700.00000000009 1.5712692065854101e-07
71750.00000000009 1.765959091241747e-07
71800.00000000009 2.1627319884740598e-07
71850.00000000009 2.185742232488695e-07
71900.00000000009 1.619827159892842e-07
71950.00000000009 1.6652406597125148e-07
72000.00000000009 1.685015322724268e-07
72050.00000000009 1.439492262932311e-07
72100.00000000009 1.646199494093077e-07
72150.00000000009 1.397886756074929e-07
72200.00000000009 1.6543996859166953e-07
72250.00000000009 1.9291547110654374e-07
72300.00000000009 1.7653108131741518e-07
72350.00000000009 1.7893080321122956e-07
72400.00000000009 1.484755362796568e-07
72450.00000000009 1.4235057982168912e-07
72500.00000000009 1.6994440206594247e-07
72550.00000000009 1.0858756965215711e-07
72600.00000000009 1.1220847960193285e-07
72650.00000000009 1.7907475333793193e-07
72700.00000000009 1.8534209521086085e-07
72750.00000000009 1.6333327922227672e-07
72800.00000000009 1.5281454700360493e-07
72850.00000000009 1.4633122892817955e-07
72900.00000000009 1.8117681456520367e-07
72950.00000000009 1.7132871024947002e-07
73000.00000000009 1.7232137262961986e-07
73050.00000000009 1.477222205389191e-07
73100.00000000009 1.2679559035845472e-07
73150.00000000009 2.077351600993994e-07
73200.00000000009 1.3772915651105697e-07
73250.00000000009 1.58285258488531e-07
73300.00000000009 1.5995164046727427e-07
73350.00000000009 1.3738443511972652e-07
73400.00000000009 1.6461599386739416e-07
73450.00000000009 1.1291362638064387e-07
73500.00000000009 1.1686292781143842e-07
73550.00000000009 1.494810333470246e-07
73600.00000000009 1.255903800388829e-07
73650.00000000009 1.5317017841694392e-07
73700.00000000009 1.8009206653202486e-07
73750.00000000009 1.2001668174083713e-07
73800.00000000009 1.4781203430689276e-07
73850.00000000009 1.535807993657853e-07
73900.00000000009 1.6827934400772248e-07
73950.00000000009 1.4097982695641178e-07
74000.00000000009 1.3301139561688362e-07
74050.00000000009 2.0848508209721038e-07
74100.00000000009 1.3715668804729959e-07
74150.00000000009 1.587582104396176e-07
74200.00000000009 1.4517059100032716e-07
74250.00000000009 1.0249935006793394e-07
74300.00000000009 1.4572219067513517e-07
74350.00000000009 1.7165072472104237e-07
74400.00000000009 1.6288090364145705e-07
74450.00000000009 1.0106479298853124e-07
74500.00000000009 1.209396977486146e-07
74550.00000000009 1.4635812503477753e-07
74600.00000000009 1.4675415416271044e-07
74650.00000000009 1.440409713687619e-07
74700.00000000009 1.1776579562402666e-07
74750.00000000009 1.2923156595850718e-07
74800.00000000009 1.4009306765021644e-07
74850.00000000009 1.0642320051158673e-07
74900.00000000009 1.8749049099444508e-07
74950.00000000009 1.7748167329363528e-07
75000.00000000009 1.535185672147487e-07
75050.00000000009 1.239139769636684e-07
75100.00000000009 1.909060406392452e-07
75150.00000000009 1.6046584931011365e-07
75200.00000000009 1.907306598225464e-07
75250.00000000009 1.7413668266229782e-07
75300.00000000009 1.8676591410817198e-07
75350.00000000009 1.160103942157597e-07
75400.00000000009 1.8680318524691955e-07
75450.00000000009 1.5951536848513753e-07
75500.00000000009 1.5044216739253054e-07
75550.00000000009 1.9421849303968613e-07
75600.00000000009 2.242432000639338e-07
75650.00000000009 1.561446534592415e-07
75700.00000000009 1.6550581060670064e-07
75750.00000000009 1.250408833028099e-07
75800.00000000009 1.7859586110579237e-07
75850.00000000009 2.0474941593864154e-07
75900.00000000009 1.8595036970603974e-07
75950.00000000009 1.5032872164204654e-07
76000.00000000009 1.7033628681759313e-07
76050.00000000009 1.8920975196468858e-07
76100.00000000009 1.7043736890556702e-07
76150.00000000009 1.9102760182562468e-07
76200.00000000009 1.939287057428298e-07
76250.00000000009 2.1819188754336246e-07
76300.00000000009 2.460820509551617e-07
76350.00000000009 2.759322561477849e-07
76400.00000000009 2.206078126265612e-07
76450.00000000009 2.1692545092780165e-07
76500.00000000009 1.731486483480558e-07
76550.00000000009 1.6094560816240435e-07
76600.00000000009 8.536439001110869e-08
76650.00000000009 9.603034598584117e-08
76700.00000000009 1.0940708059629603e-07
76750.00000000009 9.763427016063608e-08
76800.00000000009 1.439947104675225e-07
76850.00000000009 7.423840712126308e-08
76900.00000000009 8.372712343688637e-08
76950.00000000009 1.1945183717506842e-07
77000.00000000009 1.2451913083479067e-07
77050.00000000009 9.587682154409944e-08
77100.00000000009 1.008397735098025e-07
77150.00000000009 1.32681786230877e-07
77200.00000000009 1.1808830914710329e-07
77250.00000000009 1.2735647333923592e-07
77300.00000000009 1.2065396082421979e-07
77350.00000000009 8.55147040912168e-08
77400.00000000009 8.41213349241965e-08
77450.00000000009 9.169824108115333e-08
77500.00000000009 1.0769591702332021e-07
77550.00000000009 1.2005337902773228e-07
77600.00000000009 1.2679386838725374e-07
77650.00000000009 1.243377013320796e-07
77700.00000000009 1.0404520131047808e-07
77750.00000000009 1.4228338602404613e-07
77800.00000000009 1.2069968968655975e-07
77850.00000000009 1.6389810689884128e-07
77900.00000000009 1.3976383459999302e-07
77950.00000000009 9.959562740457376e-08
78000.00000000009 1.2116259877730624e-07
78050.00000000009 1.3503061802692647e-07
78100.00000000009 1.0540584802832832e-07
78150.00000000009 1.5292585014584246e-07
78200.00000000009 1.5108609955563982e-07
78250.00000000009 1.689491912602299e-07
78300.00000000009 1.6342064010765856e-07
78350.00000000009 1.5123952819145142e-07
78400.00000000009 1.380281220192165e-07
78450.00000000009 1.7924765647288808e-07
78500.00000000009 1.7187691980606876e-07
78550.00000000009 1.7772740993412182e-07
78600.00000000009 1.5812259209559023e-07
78650.00000000009 9.273552860465047e-08
78700.00000000009 1.3428156343188462e-07
78750.00000000009 1.2422898345846575e-07
78800.00000000009 1.6318405764102578e-07
78850.00000000009 1.1609117147702393e-07
78900.00000000009 1.5186499341830118e-07
78950.00000000009 1.4410087539724794e-07
79000.00000000009 1.5175626728879704e-07
79050.00000000009 1.3479790653509971e-07
79100.00000000009 1.421920925082155e-07
79150.00000000009 1.6260868874698568e-07
79200.00000000009 1.753754863981498e-07
79250.00000000009 1.5771997294204417e-07
79300.00000000009 1.186246165529197e-07
79350.00000000009 1.7300732509438167e-07
79400.00000000009 1.451281877483811e-07
79450.00000000009 1.5471081137731317e-07
79500.00000000009 2.104533257921469e-07
79550.00000000009 1.7840937890461757e-07
79600.00000000009 1.2715549732664172e-07
79650.00000000009 1.5219604685057027e-07
79700.00000000009 1.827954355902005e-07
79750.00000000009 1.8134682391085332e-07
79800.00000000009 1.520520006253734e-07
79850.00000000009 1.4785560018305595e-07
79900.00000000009 2.246375725454576e-07
79950.00000000009 1.6221400434989424e-07
