galfind/configs/Brown_Dwarf_templates/sonora_cholla/logkzz2/1000g/1200K_1000g_logkzz2_resample.dat
# %ECSV 1.0
# ---
# datatype:
# - {name: wav, unit: Angstrom, datatype: float64}
# - {name: flux_nu, unit: erg / (cm2 Hz s), datatype: float64}
# schema: astropy-2.0
wav flux_nu
10000.000000000093 nan
10050.000000000093 2.4522616892925703e-07
10100.000000000093 2.8661020264524205e-07
10150.000000000093 2.905521188599878e-07
10200.000000000093 3.202563553568305e-07
10250.000000000093 3.466227299545865e-07
10300.000000000093 3.560938718884836e-07
10350.000000000093 4.114316909284155e-07
10400.000000000093 4.572465003044055e-07
10450.000000000093 4.813851037654317e-07
10500.000000000093 4.851618085988112e-07
10550.000000000093 5.000950655983428e-07
10600.000000000093 5.320681794460601e-07
10650.000000000093 5.663779493598131e-07
10700.000000000093 6.057233063249535e-07
10750.000000000093 6.437091064356136e-07
10800.000000000093 6.772330795759314e-07
10850.000000000093 7.285533506072967e-07
10900.000000000093 6.81934345010688e-07
10950.000000000093 5.449976315547645e-07
11000.000000000093 4.64959103010637e-07
11050.000000000093 3.768900386299811e-07
11100.000000000093 3.272323119736102e-07
11150.000000000093 2.731636925492535e-07
11200.000000000093 2.850142262095459e-07
11250.000000000093 3.554367690755103e-07
11300.000000000093 3.46261091186438e-07
11350.000000000093 2.192488324254126e-07
11400.000000000093 3.9159096087872274e-07
11450.000000000093 3.1338818589303473e-07
11500.000000000093 3.7514462159839325e-07
11550.000000000093 2.7900756014649424e-07
11600.000000000093 2.9976106451600583e-07
11650.000000000093 3.4961435906160487e-07
11700.000000000093 3.601564097935622e-07
11750.000000000093 3.046756448329452e-07
11800.000000000093 4.136553598869403e-07
11850.000000000093 4.7343648435379284e-07
11900.000000000093 5.534912877698063e-07
11950.000000000093 5.541337738182354e-07
12000.000000000093 6.498034259219687e-07
12050.000000000093 7.714735795285473e-07
12100.000000000093 8.271888721409903e-07
12150.000000000093 9.409571802712918e-07
12200.000000000093 1.0002501730099765e-06
12250.000000000093 1.0997229245464156e-06
12300.000000000093 1.1791034969015775e-06
12350.000000000093 1.186304829908843e-06
12400.000000000093 1.1876476741896977e-06
12450.000000000093 1.2782980477947417e-06
12500.000000000093 1.330940115829024e-06
12550.000000000093 1.4024890098862736e-06
12600.000000000093 1.4206308794865062e-06
12650.000000000093 1.3769398565489244e-06
12700.000000000093 1.4207212359290358e-06
12750.000000000093 1.425831093619466e-06
12800.000000000093 1.473064596983556e-06
12850.000000000093 1.3608113854191816e-06
12900.000000000093 1.2686827611846964e-06
12950.000000000093 1.280800646576826e-06
13000.000000000093 1.2888449089427596e-06
13050.000000000093 1.264621017146741e-06
13100.000000000093 1.227492823573065e-06
13150.000000000093 1.1102508904168354e-06
13200.000000000093 1.0328071334997897e-06
13250.000000000093 8.069193259633902e-07
13300.000000000093 4.947591790715252e-07
13350.000000000093 1.6653050239908242e-07
13400.000000000093 8.732301006649991e-08
13450.000000000093 6.073801474091425e-08
13500.000000000093 3.919452508712982e-08
13550.000000000093 3.191548801420302e-08
13600.000000000093 2.522109277247468e-08
13650.000000000093 5.260690765914753e-08
13700.000000000093 4.268505751432417e-08
13750.000000000093 5.0960579938227145e-08
13800.000000000093 6.625666404792296e-08
13850.000000000093 4.9824061451489306e-08
13900.000000000093 4.960834251453475e-08
13950.000000000093 4.646104914185132e-08
14000.000000000093 4.300560308026049e-08
14050.000000000093 5.1996631655003514e-08
14100.000000000093 3.88998232628918e-08
14150.000000000093 5.380364535343373e-08
14200.000000000093 4.2607305648738346e-08
14250.000000000093 4.4131501524142476e-08
14300.000000000093 6.28565319497357e-08
14350.000000000093 6.158259748449883e-08
14400.000000000093 6.541566088949014e-08
14450.000000000093 7.293783429401728e-08
14500.000000000093 1.1596327096425675e-07
14550.000000000093 1.1635181128990409e-07
14600.000000000093 1.5485839469034704e-07
14650.000000000093 1.5638114030801118e-07
14700.000000000093 1.2492541663848689e-07
14750.000000000093 1.5568216908835446e-07
14800.000000000093 1.8936890066322827e-07
14850.000000000093 1.9906499895502076e-07
14900.000000000093 2.0621690962344355e-07
14950.000000000093 2.262948806446482e-07
15000.000000000093 2.496043117291267e-07
15050.000000000093 3.047146529741309e-07
15100.000000000093 3.2754910032836853e-07
15150.000000000093 3.5366746805265267e-07
15200.000000000093 3.559425937279003e-07
15250.000000000093 4.1712149893125184e-07
15300.000000000093 4.6920440352687146e-07
15350.000000000093 5.335309184721948e-07
15400.000000000093 5.749514263074463e-07
15450.000000000093 6.318796770913129e-07
15500.000000000093 6.625395949480639e-07
15550.000000000093 7.368345451781664e-07
15600.000000000093 7.628408445732626e-07
15650.000000000093 7.821862540962122e-07
15700.000000000093 8.666130136439662e-07
15750.000000000093 9.045740782443303e-07
15800.000000000093 8.944364607448093e-07
15850.000000000093 9.347915604431016e-07
15900.000000000093 9.16997183945564e-07
15950.000000000093 9.088687172541706e-07
16000.000000000093 8.536097964430166e-07
16050.000000000093 7.597615312398968e-07
16100.000000000093 6.849513451760003e-07
16150.000000000093 5.599760093522951e-07
16200.000000000093 4.6533034126503663e-07
16250.000000000093 4.632753711598006e-07
16300.000000000093 4.182959382573834e-07
16350.000000000093 4.4855713084516705e-07
16400.000000000095 4.898190545603857e-07
16450.000000000095 5.225341476975443e-07
16500.000000000095 5.545858938513725e-07
16550.000000000095 5.376788873179357e-07
16600.000000000095 5.2916310070681e-07
16650.000000000095 4.264338625504908e-07
16700.000000000095 2.853364608228448e-07
16750.000000000095 3.3780234768140737e-07
16800.000000000095 4.3377724030118983e-07
16850.000000000095 4.2653338747836143e-07
16900.000000000095 3.9723013024877973e-07
16950.000000000095 3.715004205899472e-07
17000.000000000095 3.3675432129133227e-07
17050.000000000095 3.9957448135892394e-07
17100.000000000095 4.172668051235106e-07
17150.000000000095 3.660169045686993e-07
17200.000000000095 4.122283905820908e-07
17250.000000000095 3.653816053881689e-07
17300.000000000095 3.270591649688241e-07
17350.000000000095 3.0631544829128665e-07
17400.000000000095 2.9118907714141357e-07
17450.000000000095 2.7982719502767524e-07
17500.000000000095 2.993302831468603e-07
17550.000000000095 2.613172028547364e-07
17600.000000000095 2.3869037896480295e-07
17650.000000000095 2.3784374393037479e-07
17700.000000000095 1.8025908611469487e-07
17750.000000000095 1.631048478622718e-07
17800.000000000095 1.8555202403170444e-07
17850.000000000095 1.325724596185256e-07
17900.000000000095 1.562082776785008e-07
17950.000000000095 1.2257221205811998e-07
18000.000000000095 1.2831582901067625e-07
18050.000000000095 1.2328427455835345e-07
18100.000000000095 1.1437351701379893e-07
18150.000000000095 1.4924030109148968e-07
18200.000000000095 1.0054812796467363e-07
18250.000000000095 1.783049610960854e-07
18300.000000000095 1.2385870364642813e-07
18350.000000000095 1.1622668755697783e-07
18400.000000000095 1.060907722286732e-07
18450.000000000095 1.1180391065830602e-07
18500.000000000095 1.2205982172005496e-07
18550.000000000095 9.996115858142977e-08
18600.000000000095 8.695959907177913e-08
18650.000000000095 8.350772339402538e-08
18700.000000000095 8.672379908199429e-08
18750.000000000095 1.036658868256517e-07
18800.000000000095 1.575022676869266e-07
18850.000000000095 1.8071019549348934e-07
18900.000000000095 1.5979671797624535e-07
18950.000000000095 2.3503963008653312e-07
19000.000000000095 1.8301692244680259e-07
19050.000000000095 1.4796594688474376e-07
19100.000000000095 2.2075906612946475e-07
19150.000000000095 1.8044548095187603e-07
19200.000000000095 2.0440536118257885e-07
19250.000000000095 1.7401469621100104e-07
19300.000000000095 1.6452311048506424e-07
19350.000000000095 1.503075099649979e-07
19400.000000000095 9.834277979064245e-08
19450.000000000095 1.656626873054162e-07
19500.000000000095 1.6181959893548497e-07
19550.000000000095 1.273605053201068e-07
19600.000000000095 1.5844764805002032e-07
19650.000000000095 1.8238657878380563e-07
19700.000000000095 1.791531319251911e-07
19750.000000000095 1.7422587989807912e-07
19800.000000000095 2.0202090184044207e-07
19850.000000000095 2.394227819240063e-07
19900.000000000095 1.8105864245902577e-07
19950.000000000095 2.598747609485341e-07
20000.000000000095 2.4646700605855295e-07
20050.000000000095 2.759913852572363e-07
20100.000000000095 2.8001778062747505e-07
20150.000000000095 2.940378699207159e-07
20200.000000000095 3.332938195153596e-07
20250.000000000095 3.6114552475989194e-07
20300.000000000095 3.421519673844879e-07
20350.000000000095 3.892588163100533e-07
20400.000000000095 3.9313992435839915e-07
20450.000000000095 4.380100027474544e-07
20500.000000000095 4.5843951178719043e-07
20550.000000000095 4.472457117100085e-07
20600.000000000095 5.064712002670938e-07
20650.000000000095 4.825991529576129e-07
20700.000000000095 4.988754834248752e-07
20750.000000000095 5.246930723855768e-07
20800.000000000095 5.288894784308157e-07
20850.000000000095 5.250226967464638e-07
20900.000000000095 5.492173094229556e-07
20950.000000000095 5.329462129478182e-07
21000.000000000095 5.448351763722666e-07
21050.000000000095 5.259650422865389e-07
21100.000000000095 5.207331869638777e-07
21150.000000000095 5.27308875570564e-07
21200.000000000095 5.085411104397035e-07
21250.000000000095 5.094687570208034e-07
21300.000000000095 4.7286441987735477e-07
21350.000000000095 4.804798076860232e-07
21400.000000000095 4.4845220914539753e-07
21450.000000000095 4.341752196212646e-07
21500.000000000095 4.3078773404726713e-07
21550.000000000095 4.1107962655105805e-07
21600.000000000095 3.9421005316007754e-07
21650.000000000095 3.6708638885369885e-07
21700.000000000095 3.673808793406301e-07
21750.000000000095 3.3987262557671824e-07
21800.000000000095 3.085625373813422e-07
21850.000000000095 2.765273436874939e-07
21900.000000000095 2.5357331677279583e-07
21950.000000000095 1.7654431907133012e-07
22000.000000000095 1.2189951721535177e-07
22050.000000000095 9.011824087931918e-08
22100.000000000095 1.2524288735397713e-07
22150.000000000095 1.4262099408142151e-07
22200.000000000095 1.454228193358109e-07
22250.000000000095 1.346709982164789e-07
22300.000000000095 1.3161745858527158e-07
22350.000000000095 1.2034101274131672e-07
22400.000000000095 1.0476740892598224e-07
22450.000000000095 9.52516655099643e-08
22500.000000000095 9.982570620309005e-08
22550.000000000095 7.42809619714273e-08
22600.000000000095 8.701472097260866e-08
22650.000000000095 8.825119969805732e-08
22700.000000000095 8.586802205553622e-08
22750.000000000095 8.570247970375015e-08
22800.000000000095 7.956688606302262e-08
22850.000000000095 7.110608808144475e-08
22900.000000000095 6.749173079499093e-08
22950.000000000095 6.863105058422943e-08
23000.000000000095 6.04866326969419e-08
23050.000000000095 8.161086137170852e-08
23100.000000000095 1.120433694383238e-07
23150.000000000095 1.1411980451493918e-07
23200.000000000095 5.53160197495258e-08
23250.000000000095 5.586143740637242e-08
23300.000000000095 5.231321655820898e-08
23350.000000000095 4.610546788609174e-08
23400.000000000095 5.7722810477415065e-08
23450.000000000095 5.349479600844073e-08
23500.000000000095 5.586999114336691e-08
23550.000000000095 7.469759276971496e-08
23600.000000000095 8.054163079645235e-08
23650.000000000095 8.954291602214346e-08
23700.000000000095 5.7603795683946946e-08
23750.000000000095 5.446063491269e-08
23800.000000000095 6.089873132307864e-08
23850.000000000095 6.335865890852956e-08
23900.000000000095 9.094878396405466e-08
23950.000000000095 8.96182146187964e-08
24000.000000000095 1.1217011120409204e-07
24050.000000000095 1.1690483413757307e-07
24100.000000000095 9.681066986152099e-08
24150.000000000095 1.1062396248835746e-07
24200.000000000095 1.219754332303473e-07
24250.000000000095 1.0361387344596011e-07
24300.000000000095 1.1715103922986559e-07
24350.000000000095 1.0293706098489374e-07
24400.000000000095 1.389004547877164e-07
24450.000000000095 1.1401014944741181e-07
24500.000000000095 1.2938723611736724e-07
24550.000000000095 1.250949596945188e-07
24600.000000000095 1.3690625332151405e-07
24650.000000000095 1.5481476208599432e-07
24700.000000000095 1.207357782915546e-07
24750.000000000095 1.1157101971082478e-07
24800.000000000095 1.2266126238135063e-07
24850.000000000095 1.626009540084387e-07
24900.000000000095 8.91987438506017e-08
24950.000000000095 1.4103920190617907e-07
25000.000000000095 1.3873908423844332e-07
25050.000000000095 1.0144368428635995e-07
25100.000000000095 1.2911928823600267e-07
25150.000000000095 8.396294737027795e-08
25200.000000000095 1.1453807507000646e-07
25250.000000000095 8.143494783394763e-08
25300.000000000095 1.1088973139459399e-07
25350.000000000095 6.738925787173046e-08
25400.000000000095 1.1102109905847397e-07
25450.000000000095 7.642136205570182e-08
25500.000000000095 7.461081724930562e-08
25550.000000000095 9.037503801914282e-08
25600.000000000095 8.000957489750002e-08
25650.000000000095 5.910559492249136e-08
25700.000000000095 1.0677442453241245e-07
25750.000000000095 5.9084668657677504e-08
25800.000000000095 1.0407658180478616e-07
25850.000000000095 5.9423027251785686e-08
25900.000000000095 8.189464266904704e-08
25950.000000000095 5.701191240185203e-08
26000.000000000095 9.899899943756931e-08
26050.000000000095 7.777258698914812e-08
26100.000000000095 1.1687804474838616e-07
26150.000000000095 9.729085364085723e-08
26200.000000000095 1.0573479408154683e-07
26250.000000000095 1.3553605304655257e-07
26300.000000000095 1.0087786321768279e-07
26350.000000000095 1.4390513629314924e-07
26400.000000000095 1.6028682053284343e-07
26450.000000000095 1.5486069214720611e-07
26500.000000000095 1.4740052888882496e-07
26550.000000000095 1.1932467245422954e-07
26600.000000000095 1.3971243318329005e-07
26650.000000000095 7.873930712739896e-08
26700.000000000095 6.665858704210877e-08
26750.000000000095 5.98059259742092e-08
26800.000000000095 8.146221837476518e-08
26850.000000000095 4.9301078152793214e-08
26900.000000000095 9.331491328594995e-08
26950.000000000095 5.135662306476875e-08
27000.000000000095 1.0481668112539178e-07
27050.000000000095 9.660111300415559e-08
27100.000000000095 7.615633813220893e-08
27150.000000000095 1.1912112811610949e-07
27200.000000000095 8.308739092915284e-08
27250.000000000095 9.172332446992904e-08
27300.000000000095 1.7159184879259758e-07
27350.000000000095 1.3461768587090312e-07
27400.000000000095 5.4986505192534234e-08
27450.000000000095 1.6549998249412274e-07
27500.000000000095 1.6222051243142062e-07
27550.000000000095 9.620196434133556e-08
27600.000000000095 1.544929880817003e-07
27650.000000000095 7.918477061826906e-08
27700.000000000095 6.888490397868322e-08
27750.000000000095 1.5043878891350535e-07
27800.000000000095 8.417104020320658e-08
27850.000000000095 9.296149055674328e-08
27900.000000000095 1.1910905334581751e-07
27950.000000000095 1.4228501259974917e-07
28000.000000000095 1.3265713687200354e-07
28050.000000000095 6.737999207808685e-08
28100.000000000095 1.685487813784766e-07
28150.000000000095 1.245107542921954e-07
28200.000000000095 6.442027574070978e-08
28250.000000000095 1.636180134245158e-07
28300.000000000095 2.0496751734975545e-07
28350.000000000095 7.109446295960426e-08
28400.000000000095 1.496934877511151e-07
28450.000000000095 1.6380975567474302e-07
28500.000000000095 1.4061060279684807e-07
28550.000000000095 7.065569645920313e-08
28600.000000000095 1.8276469002221621e-07
28650.000000000095 1.5883804842433823e-07
28700.000000000095 1.3725354682644405e-07
28750.000000000095 1.7845177174333015e-07
28800.000000000095 1.6564702963238535e-07
28850.000000000095 2.0125369002158782e-07
28900.000000000095 1.0493030800571068e-07
28950.000000000095 2.176320951734638e-07
29000.000000000095 1.5571007842871376e-07
29050.000000000095 1.8436650624293607e-07
29100.000000000095 1.2193098010651494e-07
29150.000000000095 2.3053544884723724e-07
29200.000000000095 1.6038914033774586e-07
29250.000000000095 2.1112009486211892e-07
29300.000000000095 1.3623977840496857e-07
