galfind/configs/Brown_Dwarf_templates/sonora_cholla/logkzz2/1000g/1200K_1000g_logkzz2_resample.dat
# %ECSV 1.0
# ---
# datatype:
# - {name: wav, unit: Angstrom, datatype: float64}
# - {name: flux_nu, unit: erg / (cm2 Hz s), datatype: float64}
# schema: astropy-2.0
wav flux_nu
[from data line 388]
29400.000000000095 2.0940893801292165e-07
29450.000000000095 2.0378558475331746e-07
29500.000000000095 2.24181933470678e-07
29550.000000000095 2.0243952511668318e-07
29600.000000000095 2.6847996591338544e-07
29650.000000000095 2.1496068529671195e-07
29700.000000000095 2.0707072646904222e-07
29750.000000000095 2.537081270533599e-07
29800.000000000095 2.7940354338685786e-07
29850.000000000095 2.76048454665384e-07
29900.000000000095 2.6596484113664316e-07
29950.000000000095 2.548231431648908e-07
30000.000000000095 2.576375261034088e-07
30050.000000000095 2.0888311774387382e-07
30100.000000000095 2.3663347914801e-07
30150.000000000095 3.1035830587455254e-07
30200.000000000095 2.375863265603997e-07
30250.000000000095 3.017174294046843e-07
30300.000000000095 2.66035742013375e-07
30350.000000000095 2.4753567258574375e-07
30400.000000000095 2.6943727910721387e-07
30450.000000000095 2.2725175203706121e-07
30500.000000000095 2.1802364036466543e-07
30550.000000000095 2.2723835732994873e-07
30600.000000000095 2.437076953329964e-07
30650.000000000095 2.1992961213606246e-07
30700.000000000095 1.9928394872590673e-07
30750.000000000095 1.8269676729140002e-07
30800.000000000095 1.862765248213347e-07
30850.000000000095 1.6884805183296733e-07
30900.000000000095 1.7171299238844266e-07
30950.000000000095 1.2858309047800466e-07
31000.000000000095 1.4364042805999524e-07
31050.000000000095 1.5685254330361122e-07
31100.000000000095 1.1002995468362377e-07
31150.000000000095 1.290128236903151e-07
31200.000000000095 1.3333258066432387e-07
31250.000000000095 1.1280084746465159e-07
31300.000000000095 1.0815952931699535e-07
31350.000000000095 1.0490449243662208e-07
31400.000000000095 7.897652114763106e-08
31450.000000000095 1.0639613121152753e-07
31500.000000000095 8.413029661616251e-08
31550.000000000095 9.815509476551201e-08
31600.000000000095 7.51155157871135e-08
31650.000000000095 7.704031732148907e-08
31700.000000000095 8.43370775234213e-08
31750.000000000095 6.662702877112306e-08
31800.000000000095 7.612792809122607e-08
31850.000000000095 6.968087177126804e-08
31900.000000000095 7.035549829648304e-08
31950.000000000095 7.048296486309297e-08
32000.000000000095 7.104821785751816e-08
32050.000000000095 5.8974084881797406e-08
32100.000000000095 5.6760053688019704e-08
32150.000000000095 7.176227185322334e-08
32200.000000000095 5.6102642417361364e-08
32250.000000000095 7.612282650065153e-08
32300.000000000095 5.339724004871867e-08
32350.000000000095 8.963051094494228e-08
32400.000000000095 6.662548106710089e-08
32450.000000000095 8.928116901928335e-08
32500.000000000095 6.950900944205283e-08
32550.000000000095 8.223883773037686e-08
32600.000000000095 9.22138128843926e-08
32650.000000000095 1.0681422917327143e-07
32700.000000000095 9.192551465917724e-08
32750.000000000095 1.188265977655408e-07
32800.000000000095 9.989308483470788e-08
32850.000000000095 1.23883357531595e-07
32900.000000000095 1.3154924773183737e-07
32950.000000000095 1.394581160670961e-07
33000.000000000095 1.2490219623069788e-07
33050.000000000095 1.1765215159446507e-07
33100.000000000095 7.25049818408934e-08
33150.000000000095 2.7790171532823985e-08
33200.000000000095 2.9318123604779332e-08
33250.000000000095 1.8440363154085386e-08
33300.000000000095 1.934236323871829e-08
33350.000000000095 3.067090482904287e-08
33400.000000000095 4.0487688711920027e-08
33450.000000000095 4.966551306364209e-08
33500.000000000095 6.346069648068186e-08
33550.000000000095 6.329371204554446e-08
33600.000000000095 9.078449153429561e-08
33650.000000000095 9.45823907626021e-08
33700.000000000095 8.688141595073906e-08
33750.000000000095 1.1294785293410684e-07
33800.000000000095 8.469605353796565e-08
33850.000000000095 1.1036636805766368e-07
33900.000000000095 9.744269115214872e-08
33950.000000000095 1.0713292649968659e-07
34000.000000000095 1.1244520135829582e-07
34050.000000000095 6.297601203967496e-08
34100.000000000095 1.1033611420228045e-07
34150.000000000095 8.36305506424637e-08
34200.000000000095 9.934172060594205e-08
34250.000000000095 8.895816714019298e-08
34300.000000000095 7.5113496148658e-08
34350.000000000095 9.931342690714134e-08
34400.000000000095 8.190727518445983e-08
34450.000000000095 1.0755545633573579e-07
34500.000000000095 9.757987777526794e-08
34550.000000000095 7.289862556996487e-08
34600.000000000095 1.1280457788158796e-07
34650.000000000095 7.796380251775125e-08
34700.000000000095 8.583273563715833e-08
34750.000000000095 9.014345052303655e-08
34800.000000000095 6.194241074476518e-08
34850.000000000095 9.359005378193799e-08
34900.000000000095 1.0528796651485604e-07
34950.000000000095 9.147328837360837e-08
35000.000000000095 1.2068152137008797e-07
35050.000000000095 9.404398584808808e-08
35100.000000000095 1.1843564397676359e-07
35150.000000000095 1.087966043455799e-07
35200.000000000095 1.3821586230326747e-07
35250.000000000095 1.5091825048944177e-07
35300.000000000095 9.865780368469658e-08
35350.000000000095 1.3646464016214774e-07
35400.000000000095 1.3508380914115218e-07
35450.000000000095 1.2083440328422475e-07
35500.000000000095 1.6873748291743956e-07
35550.000000000095 1.5341119296138446e-07
35600.000000000095 1.5975441559221538e-07
35650.000000000095 1.6629383708658838e-07
35700.000000000095 1.2027747324064876e-07
35750.000000000095 1.7879247727323998e-07
35800.000000000095 1.7742825277087212e-07
35850.000000000095 1.3976265244072785e-07
35900.000000000095 1.9409212437163797e-07
35950.000000000095 1.8151073053027332e-07
36000.000000000095 1.5772007958695173e-07
36050.000000000095 1.9994883380161034e-07
36100.000000000095 1.8313695665661963e-07
36150.000000000095 2.0380914607764526e-07
36200.000000000095 2.0985798005065565e-07
36250.000000000095 2.142542756060051e-07
36300.000000000095 2.3336740467099204e-07
36350.000000000095 2.3529159881794426e-07
36400.000000000095 2.699742784900255e-07
36450.000000000095 2.6060875178434443e-07
36500.000000000095 2.6809131129723244e-07
36550.000000000095 2.811464930358161e-07
36600.000000000095 3.1614805107446415e-07
36650.000000000095 3.0829618501132425e-07
36700.000000000095 3.280162931802042e-07
36750.000000000095 3.4644360330590496e-07
36800.000000000095 3.437966738880697e-07
36850.000000000095 3.3309519586362397e-07
36900.000000000095 3.285271165259475e-07
36950.000000000095 3.7194109973287974e-07
37000.000000000095 3.533732732049687e-07
37050.000000000095 3.7894520260104876e-07
37100.000000000095 3.903744641929061e-07
37150.000000000095 4.0327593417818436e-07
37200.000000000095 4.1791049889665687e-07
37250.000000000095 3.7818720350689177e-07
37300.000000000095 3.9190112115440876e-07
37350.000000000095 4.2669407610341e-07
37400.000000000095 4.736843487244262e-07
37450.000000000095 4.504066517982692e-07
37500.000000000095 4.1098133342357186e-07
37550.000000000095 5.101330933125706e-07
37600.000000000095 5.383113929255044e-07
37650.000000000095 4.555649261108559e-07
37700.000000000095 5.046265115613712e-07
37750.000000000095 4.289317817599061e-07
37800.000000000095 4.886286330260229e-07
37850.000000000095 4.195789917928686e-07
37900.000000000095 4.869292610362758e-07
37950.000000000095 5.269591398660213e-07
38000.000000000095 5.762679214491457e-07
38050.000000000095 5.279009568679906e-07
38100.000000000095 5.660216724940032e-07
38150.000000000095 5.641031460791291e-07
38200.000000000095 6.09206814364112e-07
38250.000000000095 5.844283054731313e-07
38300.000000000095 6.640456956525692e-07
38350.000000000095 6.725941351904867e-07
38400.000000000095 5.386631441917899e-07
38450.000000000095 6.199690861231517e-07
38500.000000000095 5.665055257422668e-07
38550.000000000095 6.263373150018041e-07
38600.000000000095 6.319636994323956e-07
38650.000000000095 7.140329135363371e-07
38700.000000000095 7.115919275697463e-07
38750.000000000095 6.995075492113411e-07
38800.000000000095 6.43562372932352e-07
38850.000000000095 7.490875202469116e-07
38900.000000000095 7.464540080632954e-07
38950.000000000095 7.140434206147737e-07
39000.000000000095 7.951771213870204e-07
39050.000000000095 7.379175255223866e-07
39100.000000000095 7.198255647752403e-07
39150.000000000095 7.5782182845297e-07
39200.000000000095 7.297718440283429e-07
39250.000000000095 8.047065685598927e-07
39300.000000000095 7.985298522240536e-07
39350.000000000095 8.770739453152835e-07
39400.000000000095 8.672695465198411e-07
39450.000000000095 8.65520672134097e-07
39500.000000000095 7.863061390309492e-07
39550.000000000095 8.264077122516775e-07
39600.000000000095 8.43954936966229e-07
39650.000000000095 9.173941243379709e-07
39700.000000000095 8.539797682298727e-07
39750.000000000095 7.793002328216053e-07
39800.000000000095 8.621077849864995e-07
39850.000000000095 9.188083558697146e-07
39900.000000000095 9.044945662237338e-07
39950.000000000095 9.0263377544362e-07
40000.000000000095 9.228458009007626e-07
40050.000000000095 9.334282064029735e-07
40100.000000000095 8.678672948558557e-07
40150.000000000095 9.89552667122177e-07
40200.000000000095 9.801511475717412e-07
40250.000000000095 9.016799682182897e-07
40300.000000000095 9.591193187383847e-07
40350.000000000095 8.943152112217169e-07
40400.000000000095 9.71279290733041e-07
40450.000000000095 9.490993336104222e-07
40500.000000000095 9.063161040667544e-07
40550.000000000095 9.862492263347356e-07
40600.000000000095 9.063512378316768e-07
40650.000000000095 9.92602947963678e-07
40700.000000000095 1.103419761953194e-06
40750.000000000095 9.648664094629798e-07
40800.000000000095 8.649462947464175e-07
40850.000000000095 9.9631124267993e-07
40900.000000000095 9.59415931997208e-07
40950.000000000095 9.452278361588766e-07
41000.000000000095 9.591483397528752e-07
41050.000000000095 1.0250077805638823e-06
41100.000000000095 8.797643846873473e-07
41150.000000000095 8.817201131232423e-07
41200.000000000095 1.0074053290440614e-06
41250.000000000095 9.863569264911212e-07
41300.000000000095 8.26355371974564e-07
41350.000000000095 1.0316845780590644e-06
41400.000000000095 9.610599232932896e-07
41450.000000000095 9.972414912613812e-07
41500.000000000095 9.299428689917266e-07
41550.000000000095 8.891688219140929e-07
41600.000000000095 9.492460662518399e-07
41650.000000000095 9.375763744794251e-07
41700.000000000095 8.761414278451026e-07
41750.000000000095 8.389568884317747e-07
41800.000000000095 1.0466907036698465e-06
41850.000000000095 6.795919188357527e-07
41900.000000000095 8.492110572775376e-07
41950.000000000095 9.133187954718398e-07
42000.000000000095 9.275499650684252e-07
42050.000000000095 8.147059277725355e-07
42100.000000000095 9.365358407712788e-07
42150.000000000095 7.22392040664907e-07
42200.000000000095 7.927226320736833e-07
42250.000000000095 8.056813365603876e-07
42300.000000000095 8.005528999714672e-07
42350.000000000095 8.475954113628664e-07
42400.000000000095 8.010491176227034e-07
42450.000000000095 7.441038685094902e-07
42500.000000000095 7.16075852205667e-07
42550.000000000095 7.171010604389523e-07
42600.000000000095 7.999890969921159e-07
42650.000000000095 9.36704182451912e-07
42700.000000000095 7.590240651367696e-07
42750.000000000095 7.139418057675883e-07
42800.000000000095 6.966132909301862e-07
42850.000000000095 7.865309456560328e-07
42900.000000000095 8.274781203503604e-07
42950.000000000095 6.427365235758111e-07
43000.000000000095 8.262548933173538e-07
43050.000000000095 5.479682977550475e-07
43100.000000000095 7.112677440397115e-07
43150.000000000095 7.561008734662759e-07
43200.000000000095 7.433527858359761e-07
43250.000000000095 8.066378976237629e-07
43300.000000000095 8.532091277711452e-07
43350.000000000095 6.404452078881377e-07
43400.000000000095 7.55942279864278e-07
43450.000000000095 6.226701780525604e-07
43500.000000000095 6.459879800391789e-07
43550.000000000095 6.170070733948586e-07
43600.000000000095 7.393767968818902e-07
43650.000000000095 5.30932096247231e-07
43700.000000000095 7.662311957829743e-07
43750.000000000095 7.661674047496443e-07
43800.000000000095 6.281467174723614e-07
43850.000000000095 6.501270993644792e-07
43900.000000000095 5.841576911583774e-07
43950.000000000095 5.683908066387455e-07
44000.000000000095 4.0392495288876605e-07
44050.000000000095 5.742441936225208e-07
44100.000000000095 6.173795362786026e-07
44150.000000000095 6.157781362326197e-07
44200.000000000095 5.330384197632199e-07
44250.000000000095 4.943443341154302e-07
44300.000000000095 4.74930335344687e-07
44350.000000000095 4.055216677743984e-07
44400.000000000095 4.441669170379535e-07
44450.000000000095 4.632639742289122e-07
44500.000000000095 3.809599345909998e-07
44550.000000000095 4.3328559158440104e-07
44600.000000000095 3.734707523949384e-07
44650.000000000095 4.3065660222324446e-07
44700.000000000095 3.972190690026009e-07
44750.000000000095 4.214463695455678e-07
44800.000000000095 3.903927316385341e-07
44850.000000000095 3.8695556109006455e-07
44900.000000000095 3.2086842957508445e-07
44950.000000000095 3.3011283512957814e-07
45000.000000000095 3.480997626198815e-07
45050.000000000095 3.5671324663359625e-07
45100.000000000095 3.3215301374838145e-07
45150.000000000095 3.1636305875867564e-07
45200.000000000095 2.5627138049665844e-07
45250.000000000095 2.8245459708939966e-07
45300.000000000095 3.1677106011202347e-07
45350.000000000095 3.2222527663366366e-07
45400.000000000095 2.6786723923535056e-07
45450.000000000095 2.6955355212201356e-07
45500.000000000095 2.7412086970538627e-07
45550.000000000095 3.1327780046465763e-07
45600.000000000095 2.7044092751253737e-07
45650.000000000095 2.597973535852622e-07
45700.000000000095 3.1297643435827415e-07
45750.000000000095 2.7967585408480496e-07
45800.000000000095 2.564047926432391e-07
45850.000000000095 3.6236188498513323e-07
45900.000000000095 3.5338967605586903e-07
45950.000000000095 2.689686195392945e-07
46000.000000000095 3.433624083656234e-07
46050.000000000095 3.5284284847229115e-07
46100.000000000095 2.6849840951614535e-07
46150.000000000095 3.274394468949064e-07
46200.000000000095 3.162315291047664e-07
46250.000000000095 2.1030544268551056e-07
46300.000000000095 3.800256342545708e-07
46350.000000000095 2.764247276937192e-07
46400.000000000095 3.269350595296139e-07
46450.000000000095 3.953592647917403e-07
46500.000000000095 3.1818121929080524e-07
46550.000000000095 3.771060261575885e-07
46600.000000000095 3.775220615742095e-07
46650.000000000095 5.58138962509244e-07
46700.000000000095 4.2935691219229114e-07
46750.000000000095 3.51509023408384e-07
46800.000000000095 2.9957137350542046e-07
46850.000000000095 4.2717430090896213e-07
46900.000000000095 3.722319801547274e-07
46950.000000000095 4.7329187226468116e-07
47000.000000000095 3.144522081428476e-07
47050.000000000095 4.839749056066526e-07
47100.000000000095 2.7310601805939617e-07
47150.000000000095 3.4559651966669407e-07
47200.000000000095 4.057364456989253e-07
47250.000000000095 3.061752882320107e-07
47300.000000000095 3.319681804920745e-07
47350.000000000095 2.795733572346824e-07
47400.000000000095 4.334965226130493e-07
47450.000000000095 2.9385313141346794e-07
47500.000000000095 4.5241743274701834e-07
47550.000000000095 2.97453307181261e-07
47600.000000000095 4.19049830713285e-07
47650.000000000095 2.852331840550555e-07
47700.000000000095 4.004229650251226e-07
47750.000000000095 2.4120047142143174e-07
47800.000000000095 3.61002745769927e-07
47850.000000000095 2.1306255822843578e-07
47900.000000000095 3.4284760948805677e-07
47950.000000000095 2.8894713151950905e-07
48000.000000000095 4.661079538746875e-07
48050.000000000095 3.21261493384102e-07
48100.000000000095 3.8442131948458937e-07
48150.000000000095 2.9744787713838145e-07
48200.000000000095 4.0869764342308944e-07
48250.000000000095 3.1490898038524605e-07
48300.000000000095 5.028889145510776e-07
48350.000000000095 2.8723111252244973e-07
48400.000000000095 3.5686815619519247e-07
48450.000000000095 2.754577546800148e-07
48500.000000000095 4.861720691956011e-07
48550.000000000095 2.7098736541352534e-07
48600.000000000095 4.2472745132449026e-07
48650.000000000095 2.7552972946770793e-07
