galfind/configs/Brown_Dwarf_templates/sonora_cholla/logkzz2/1000g/1250K_1000g_logkzz2_resample.dat
# %ECSV 1.0
# ---
# datatype:
# - {name: wav, unit: Angstrom, datatype: float64}
# - {name: flux_nu, unit: erg / (cm2 Hz s), datatype: float64}
# schema: astropy-2.0
wav flux_nu
[from data line 387]
29350.000000000095 3.8900724374324634e-07
29400.000000000095 2.525435080783733e-07
29450.000000000095 2.424719933564938e-07
29500.000000000095 2.6542478077675667e-07
29550.000000000095 2.418805123217274e-07
29600.000000000095 3.1972719621475796e-07
29650.000000000095 2.539391375280883e-07
29700.000000000095 2.5119358593321315e-07
29750.000000000095 3.012410305808792e-07
29800.000000000095 3.3206848188230316e-07
29850.000000000095 3.233818085529935e-07
29900.000000000095 3.0896096401699004e-07
29950.000000000095 3.0178378013367143e-07
30000.000000000095 3.120547068403107e-07
30050.000000000095 2.521392414849675e-07
30100.000000000095 2.7848756561246793e-07
30150.000000000095 3.6550296138413625e-07
30200.000000000095 2.832730825438304e-07
30250.000000000095 3.525516594633794e-07
30300.000000000095 3.1235092921700534e-07
30350.000000000095 2.935993210888975e-07
30400.000000000095 3.1593824364743026e-07
30450.000000000095 2.7094612429349114e-07
30500.000000000095 2.592810401926997e-07
30550.000000000095 2.7326471938407197e-07
30600.000000000095 2.891812763260471e-07
30650.000000000095 2.6449961286677537e-07
30700.000000000095 2.39466686247292e-07
30750.000000000095 2.20124531384708e-07
30800.000000000095 2.259045933634724e-07
30850.000000000095 2.0469210679139755e-07
30900.000000000095 2.081912947076407e-07
30950.000000000095 1.5705792960407537e-07
31000.000000000095 1.765581331859808e-07
31050.000000000095 1.9224756382711867e-07
31100.000000000095 1.3628110657472407e-07
31150.000000000095 1.5924742648168866e-07
31200.000000000095 1.6328861540859544e-07
31250.000000000095 1.4143732605105988e-07
31300.000000000095 1.3579875580027379e-07
31350.000000000095 1.3116738693400253e-07
31400.000000000095 1.0129444443546181e-07
31450.000000000095 1.3330290590133423e-07
31500.000000000095 1.0894862771968725e-07
31550.000000000095 1.246364490217336e-07
31600.000000000095 9.754579700672224e-08
31650.000000000095 1.0087624830962962e-07
31700.000000000095 1.079436647844643e-07
31750.000000000095 8.775697011892907e-08
31800.000000000095 9.811983546952769e-08
31850.000000000095 9.15947261749976e-08
31900.000000000095 9.072808820345462e-08
31950.000000000095 9.309502866546091e-08
32000.000000000095 9.300298508943335e-08
32050.000000000095 7.832619847019424e-08
32100.000000000095 7.513769913244565e-08
32150.000000000095 9.52512127244916e-08
32200.000000000095 7.586607507953537e-08
32250.000000000095 9.832049208504798e-08
32300.000000000095 7.257843295693455e-08
32350.000000000095 1.171550188770051e-07
32400.000000000095 8.893628134736356e-08
32450.000000000095 1.1737799942609136e-07
32500.000000000095 9.306945259877434e-08
32550.000000000095 1.08661263763831e-07
32600.000000000095 1.2270610910784975e-07
32650.000000000095 1.389325769216146e-07
32700.000000000095 1.201853070392484e-07
32750.000000000095 1.5339603325376177e-07
32800.000000000095 1.2865926087571518e-07
32850.000000000095 1.5763974577150832e-07
32900.000000000095 1.6841690319256072e-07
32950.000000000095 1.7657863350722922e-07
33000.000000000095 1.6026526373094606e-07
33050.000000000095 1.500916327483183e-07
33100.000000000095 9.744707910963198e-08
33150.000000000095 4.15620368016593e-08
33200.000000000095 4.2673449809626055e-08
33250.000000000095 2.716723518836151e-08
33300.000000000095 2.848723838156628e-08
33350.000000000095 4.177324973352302e-08
33400.000000000095 5.3583307789762124e-08
33450.000000000095 6.496418521294008e-08
33500.000000000095 8.090494730186489e-08
33550.000000000095 8.255948742165786e-08
33600.000000000095 1.1451100004516004e-07
33650.000000000095 1.222840790476168e-07
33700.000000000095 1.1308377765155472e-07
33750.000000000095 1.4475404401955272e-07
33800.000000000095 1.1306617935349593e-07
33850.000000000095 1.4446415479998653e-07
33900.000000000095 1.270899699256927e-07
33950.000000000095 1.395088582536667e-07
34000.000000000095 1.445484771245009e-07
34050.000000000095 8.474324021477167e-08
34100.000000000095 1.4275202142648295e-07
34150.000000000095 1.0955831120387244e-07
34200.000000000095 1.2871077323982008e-07
34250.000000000095 1.1703974067827717e-07
34300.000000000095 9.789586084645924e-08
34350.000000000095 1.2683015478701662e-07
34400.000000000095 1.076372835586552e-07
34450.000000000095 1.3783352201580873e-07
34500.000000000095 1.2776201041879933e-07
34550.000000000095 9.532960797784094e-08
34600.000000000095 1.4486703867842577e-07
34650.000000000095 1.0355802890667137e-07
34700.000000000095 1.1224212425136533e-07
34750.000000000095 1.1850384031433718e-07
34800.000000000095 8.278416848806248e-08
34850.000000000095 1.2106696609480786e-07
34900.000000000095 1.3671712993790292e-07
34950.000000000095 1.1747497126118277e-07
35000.000000000095 1.5527189722412316e-07
35050.000000000095 1.2197274909611822e-07
35100.000000000095 1.503521984257409e-07
35150.000000000095 1.3869211176964414e-07
35200.000000000095 1.7401111347134988e-07
35250.000000000095 1.9056307446566786e-07
35300.000000000095 1.265973136502412e-07
35350.000000000095 1.723864877710223e-07
35400.000000000095 1.709465789863396e-07
35450.000000000095 1.5327085591135284e-07
35500.000000000095 2.0839666749878093e-07
35550.000000000095 1.9206339977159067e-07
35600.000000000095 1.9946911225715532e-07
35650.000000000095 2.0719646469707396e-07
35700.000000000095 1.520635031161875e-07
35750.000000000095 2.1797905353417617e-07
35800.000000000095 2.220828267033567e-07
35850.000000000095 1.7753086073464962e-07
35900.000000000095 2.4237200585955896e-07
35950.000000000095 2.264111436817935e-07
36000.000000000095 2.015376457756413e-07
36050.000000000095 2.508264445864589e-07
36100.000000000095 2.3026110972186331e-07
36150.000000000095 2.5366867075628593e-07
36200.000000000095 2.622198018354548e-07
36250.000000000095 2.649160427233575e-07
36300.000000000095 2.902901682602461e-07
36350.000000000095 2.954862577509216e-07
36400.000000000095 3.306048297988989e-07
36450.000000000095 3.2377352788184947e-07
36500.000000000095 3.316152482167584e-07
36550.000000000095 3.4236044144877623e-07
36600.000000000095 3.83401045694682e-07
36650.000000000095 3.7939649530656125e-07
36700.000000000095 4.003636359722978e-07
36750.000000000095 4.311880290570042e-07
36800.000000000095 4.189926826103382e-07
36850.000000000095 4.0994758130440146e-07
36900.000000000095 4.011072400229246e-07
36950.000000000095 4.5624567358990784e-07
37000.000000000095 4.327694705157126e-07
37050.000000000095 4.615017357036307e-07
37100.000000000095 4.74240188746272e-07
37150.000000000095 4.894428429734059e-07
37200.000000000095 5.070982106093706e-07
37250.000000000095 4.6480798947758423e-07
37300.000000000095 4.828457770713283e-07
37350.000000000095 5.147257718645931e-07
37400.000000000095 5.76853588131699e-07
37450.000000000095 5.491164211526187e-07
37500.000000000095 5.107620507598087e-07
37550.000000000095 6.226938398895712e-07
37600.000000000095 6.480507344127992e-07
37650.000000000095 5.610737104815317e-07
37700.000000000095 6.145018823871447e-07
37750.000000000095 5.297800815141933e-07
37800.000000000095 6.045353358217702e-07
37850.000000000095 5.259370872678563e-07
37900.000000000095 6.053978087645936e-07
37950.000000000095 6.468328090743922e-07
38000.000000000095 6.973472998087261e-07
38050.000000000095 6.433968780729988e-07
38100.000000000095 6.88804514735409e-07
38150.000000000095 6.876111476538908e-07
38200.000000000095 7.403925694632356e-07
38250.000000000095 7.066630315396092e-07
38300.000000000095 7.917112112699909e-07
38350.000000000095 8.130852906514986e-07
38400.000000000095 6.596880116296586e-07
38450.000000000095 7.64094057102272e-07
38500.000000000095 7.103889778217972e-07
38550.000000000095 7.759909856065436e-07
38600.000000000095 7.850416690960098e-07
38650.000000000095 8.641443685084533e-07
38700.000000000095 8.622409236521741e-07
38750.000000000095 8.518177130004083e-07
38800.000000000095 7.942533793242026e-07
38850.000000000095 9.080089971766494e-07
38900.000000000095 8.931357494660682e-07
38950.000000000095 8.7223165741637e-07
39000.000000000095 9.60918016981543e-07
39050.000000000095 9.063078328877805e-07
39100.000000000095 8.629832432538471e-07
39150.000000000095 9.257334522596061e-07
39200.000000000095 8.915899940080524e-07
39250.000000000095 9.717976889084062e-07
39300.000000000095 9.648030916337528e-07
39350.000000000095 1.0423014278536846e-06
39400.000000000095 1.0409147853904703e-06
39450.000000000095 1.0378015952905272e-06
39500.000000000095 9.415391483412427e-07
39550.000000000095 9.956020719633908e-07
39600.000000000095 1.0146627802672299e-06
39650.000000000095 1.0858675093845793e-06
39700.000000000095 1.0236397983533641e-06
39750.000000000095 9.480140644033451e-07
39800.000000000095 1.0372184071777045e-06
39850.000000000095 1.0900288201443118e-06
39900.000000000095 1.0623737122761593e-06
39950.000000000095 1.0717276775546562e-06
40000.000000000095 1.0750512268125021e-06
40050.000000000095 1.1023530220877135e-06
40100.000000000095 1.048710576734622e-06
40150.000000000095 1.1541409544078603e-06
40200.000000000095 1.1672745864500946e-06
40250.000000000095 1.0383185116732908e-06
40300.000000000095 1.1140585496276215e-06
40350.000000000095 1.0573800695008218e-06
40400.000000000095 1.1299862166653448e-06
40450.000000000095 1.1147001552846538e-06
40500.000000000095 1.0362015224290422e-06
40550.000000000095 1.1506303348208643e-06
40600.000000000095 1.0345219255297486e-06
40650.000000000095 1.1574962859788206e-06
40700.000000000095 1.2620342548903973e-06
40750.000000000095 1.0954822999384848e-06
40800.000000000095 9.936204598002457e-07
40850.000000000095 1.128483872625561e-06
40900.000000000095 1.0837497693151582e-06
40950.000000000095 1.0806009148055254e-06
41000.000000000095 1.1012271581587397e-06
41050.000000000095 1.1547014275759165e-06
41100.000000000095 1.0234547757560366e-06
41150.000000000095 1.013947501533874e-06
41200.000000000095 1.1276049126599645e-06
41250.000000000095 1.1161899977045201e-06
41300.000000000095 9.33946186860688e-07
41350.000000000095 1.1567560986469312e-06
41400.000000000095 1.0827265937967931e-06
41450.000000000095 1.114884788149906e-06
41500.000000000095 1.0592655207580454e-06
41550.000000000095 1.0143753621617714e-06
41600.000000000095 1.0562522680505598e-06
41650.000000000095 1.0448471177910272e-06
41700.000000000095 9.799371504728542e-07
41750.000000000095 9.317835237641535e-07
41800.000000000095 1.16600231103531e-06
41850.000000000095 7.560518827157939e-07
41900.000000000095 9.569292844964086e-07
41950.000000000095 1.0213535956657253e-06
42000.000000000095 1.0218926727120502e-06
42050.000000000095 9.020169985155121e-07
42100.000000000095 1.0136344061686093e-06
42150.000000000095 7.923571767611478e-07
42200.000000000095 8.689066078069186e-07
42250.000000000095 8.876742897116709e-07
42300.000000000095 8.763373720785703e-07
42350.000000000095 9.275043940023699e-07
42400.000000000095 8.665235768605921e-07
42450.000000000095 8.075337626835957e-07
42500.000000000095 7.773873181793507e-07
42550.000000000095 7.865006140249379e-07
42600.000000000095 8.776371890755944e-07
42650.000000000095 1.009988576659154e-06
42700.000000000095 8.410831489688494e-07
42750.000000000095 7.845058264521622e-07
42800.000000000095 7.698805623476272e-07
42850.000000000095 8.58696059542847e-07
42900.000000000095 8.941107624545614e-07
42950.000000000095 6.998558624248338e-07
43000.000000000095 8.909499654454202e-07
43050.000000000095 6.103903655437924e-07
43100.000000000095 7.796996569858985e-07
43150.000000000095 8.266551813941204e-07
43200.000000000095 8.024014186279426e-07
43250.000000000095 8.508051912635306e-07
43300.000000000095 9.063950500392746e-07
43350.000000000095 7.033153296697432e-07
43400.000000000095 8.165974682467073e-07
43450.000000000095 6.833242434607378e-07
43500.000000000095 7.007698148727868e-07
43550.000000000095 6.626260437198852e-07
43600.000000000095 7.926331114206342e-07
43650.000000000095 5.821938321959098e-07
43700.000000000095 8.132972405192233e-07
43750.000000000095 8.142048676522236e-07
43800.000000000095 6.729352551055468e-07
43850.000000000095 6.992997589673984e-07
43900.000000000095 6.227605219054877e-07
43950.000000000095 6.2234022694848e-07
44000.000000000095 4.444401933426276e-07
44050.000000000095 6.122327435982147e-07
44100.000000000095 6.499758028351182e-07
44150.000000000095 6.500853296246943e-07
44200.000000000095 5.648801797571815e-07
44250.000000000095 5.379990484840883e-07
44300.000000000095 5.166970511365255e-07
44350.000000000095 4.3390791103468726e-07
44400.000000000095 4.799692276686214e-07
44450.000000000095 4.96558876559626e-07
44500.000000000095 4.081750841077326e-07
44550.000000000095 4.590618753451059e-07
44600.000000000095 4.026932994895915e-07
44650.000000000095 4.624570021702601e-07
44700.000000000095 4.2966380965891905e-07
44750.000000000095 4.541931861749761e-07
44800.000000000095 4.2498785785120004e-07
44850.000000000095 4.158710537209692e-07
44900.000000000095 3.5069522768249344e-07
44950.000000000095 3.61230914322126e-07
45000.000000000095 3.784791596182952e-07
45050.000000000095 3.872521582089009e-07
45100.000000000095 3.599173810197394e-07
45150.000000000095 3.447057416216823e-07
45200.000000000095 2.8442814391192187e-07
45250.000000000095 3.110774107796081e-07
45300.000000000095 3.477473194307602e-07
45350.000000000095 3.5335153677936045e-07
45400.000000000095 2.936986361878256e-07
45450.000000000095 2.964800429706976e-07
45500.000000000095 3.004157972007881e-07
45550.000000000095 3.4163046597008403e-07
45600.000000000095 2.9742455659646957e-07
45650.000000000095 2.8717159763621435e-07
45700.000000000095 3.452837192849246e-07
45750.000000000095 3.097561833096506e-07
45800.000000000095 2.844963043680389e-07
45850.000000000095 3.959277239172186e-07
45900.000000000095 3.852353367718218e-07
45950.000000000095 2.988426743136351e-07
46000.000000000095 3.7597278654759133e-07
46050.000000000095 3.8685564192340533e-07
46100.000000000095 2.974774623700283e-07
46150.000000000095 3.5952504511081914e-07
46200.000000000095 3.4764939988537216e-07
46250.000000000095 2.3497128072432543e-07
46300.000000000095 4.1510313094370485e-07
46350.000000000095 3.0402681097618845e-07
46400.000000000095 3.594521947413603e-07
46450.000000000095 4.285052237483753e-07
46500.000000000095 3.5043899386930923e-07
46550.000000000095 4.14410839326328e-07
46600.000000000095 4.1333756705591226e-07
46650.000000000095 5.958285003193585e-07
46700.000000000095 4.678651571798104e-07
46750.000000000095 3.857049528312988e-07
46800.000000000095 3.350009407400392e-07
46850.000000000095 4.6029685196270993e-07
46900.000000000095 4.0348482804874394e-07
46950.000000000095 5.11496604050424e-07
47000.000000000095 3.4580239218400497e-07
47050.000000000095 5.237362836418456e-07
47100.000000000095 3.052329810249057e-07
47150.000000000095 3.7921572863330567e-07
47200.000000000095 4.3999205670706965e-07
47250.000000000095 3.401014496358833e-07
47300.000000000095 3.6904082372045816e-07
47350.000000000095 3.0858864908798143e-07
47400.000000000095 4.6684191048566726e-07
47450.000000000095 3.2537679822188674e-07
47500.000000000095 4.872180353551562e-07
47550.000000000095 3.286204897487234e-07
47600.000000000095 4.532898766478414e-07
47650.000000000095 3.1653734492213274e-07
47700.000000000095 4.334816744226946e-07
47750.000000000095 2.691486828030381e-07
47800.000000000095 3.9772391028865346e-07
47850.000000000095 2.3775436992333774e-07
47900.000000000095 3.79689546268189e-07
47950.000000000095 3.173551741454963e-07
48000.000000000095 5.026156856007699e-07
48050.000000000095 3.5086102736439985e-07
48100.000000000095 4.2347659433836103e-07
48150.000000000095 3.2721524882580896e-07
48200.000000000095 4.4510144383571307e-07
48250.000000000095 3.4784970337506986e-07
48300.000000000095 5.395429305507532e-07
48350.000000000095 3.1653848022685776e-07
48400.000000000095 4.0087126565710984e-07
48450.000000000095 3.0025236399784727e-07
48500.000000000095 5.260720601564541e-07
48550.000000000095 2.9809816218116865e-07
48600.000000000095 4.6146178026889347e-07
