galfind/configs/Brown_Dwarf_templates/sonora_cholla/logkzz2/1000g/1300K_1000g_logkzz2_resample.dat
# %ECSV 1.0
# ---
# datatype:
# - {name: wav, unit: Angstrom, datatype: float64}
# - {name: flux_nu, unit: erg / (cm2 Hz s), datatype: float64}
# schema: astropy-2.0
wav flux_nu
[from data line 1162]
68100.00000000009 3.606218526731312e-07
68150.00000000009 2.9485133143874007e-07
68200.00000000009 3.156260838049166e-07
68250.00000000009 2.0244503905177568e-07
68300.00000000009 2.8639437995009453e-07
68350.00000000009 1.851130660879822e-07
68400.00000000009 3.5558804490945946e-07
68450.00000000009 3.586334389104553e-07
68500.00000000009 3.23140056727612e-07
68550.00000000009 2.409144355268076e-07
68600.00000000009 2.763878108311051e-07
68650.00000000009 2.126380370060137e-07
68700.00000000009 2.883499047198031e-07
68750.00000000009 3.278384059968187e-07
68800.00000000009 3.438342680481931e-07
68850.00000000009 2.315241849436028e-07
68900.00000000009 3.941675009304248e-07
68950.00000000009 4.179970302897614e-07
69000.00000000009 4.0328274994698375e-07
69050.00000000009 2.9750260024027245e-07
69100.00000000009 4.0048722398863197e-07
69150.00000000009 4.440189905326092e-07
69200.00000000009 3.004300688164332e-07
69250.00000000009 3.9236010199471425e-07
69300.00000000009 3.398937054946142e-07
69350.00000000009 3.811019920961548e-07
69400.00000000009 2.484300056354922e-07
69450.00000000009 4.09991040443926e-07
69500.00000000009 3.2633358331790397e-07
69550.00000000009 3.260724686521769e-07
69600.00000000009 1.6668136790008256e-07
69650.00000000009 3.0831526483408083e-07
69700.00000000009 3.669340274517385e-07
69750.00000000009 3.014966730340097e-07
69800.00000000009 3.620653827226907e-07
69850.00000000009 3.8914346279013e-07
69900.00000000009 2.9619228186934456e-07
69950.00000000009 3.476050518684991e-07
70000.00000000009 2.843841124545749e-07
70050.00000000009 3.804592092843811e-07
70100.00000000009 2.9664092469436654e-07
70150.00000000009 3.2523294168961006e-07
70200.00000000009 2.6499775331481187e-07
70250.00000000009 3.0788701189938027e-07
70300.00000000009 3.51126311228502e-07
70350.00000000009 2.8708761906962966e-07
70400.00000000009 2.850504245139413e-07
70450.00000000009 1.9249417428790202e-07
70500.00000000009 2.43858065017327e-07
70550.00000000009 2.5942951001130906e-07
70600.00000000009 2.741672155549932e-07
70650.00000000009 3.135897858234087e-07
70700.00000000009 2.93795453195596e-07
70750.00000000009 3.3546261673832085e-07
70800.00000000009 2.5634885439115935e-07
70850.00000000009 2.4775863408654703e-07
70900.00000000009 2.534603732377782e-07
70950.00000000009 3.484022469041213e-07
71000.00000000009 3.0360625974825793e-07
71050.00000000009 3.1739481486543575e-07
71100.00000000009 2.8674901133735153e-07
71150.00000000009 2.996432014497711e-07
71200.00000000009 2.674139833625519e-07
71250.00000000009 2.8010159209998984e-07
71300.00000000009 3.1474407285710726e-07
71350.00000000009 2.9614364547674497e-07
71400.00000000009 3.1174766617883293e-07
71450.00000000009 2.1968327638054638e-07
71500.00000000009 2.6160777110823544e-07
71550.00000000009 2.645487757490579e-07
71600.00000000009 3.017266275534277e-07
71650.00000000009 2.852721755476661e-07
71700.00000000009 2.4603207919056024e-07
71750.00000000009 2.582441361787377e-07
71800.00000000009 3.1259600173664166e-07
71850.00000000009 3.1749737103322447e-07
71900.00000000009 2.441433623107329e-07
71950.00000000009 2.485154953238706e-07
72000.00000000009 2.528662154784718e-07
72050.00000000009 2.2495677283200768e-07
72100.00000000009 2.521609461797492e-07
72150.00000000009 2.1903769160056232e-07
72200.00000000009 2.4635539472496513e-07
72250.00000000009 2.742916681304885e-07
72300.00000000009 2.662390260226168e-07
72350.00000000009 2.651031147629816e-07
72400.00000000009 2.2259817973823774e-07
72450.00000000009 2.1773405169608936e-07
72500.00000000009 2.498749788416964e-07
72550.00000000009 1.835733858021265e-07
72600.00000000009 1.7322570371084204e-07
72650.00000000009 2.6626898636030377e-07
72700.00000000009 2.774975757273115e-07
72750.00000000009 2.4032635295599107e-07
72800.00000000009 2.396820130349251e-07
72850.00000000009 2.2465075047862207e-07
72900.00000000009 2.663525874507584e-07
72950.00000000009 2.475791996837237e-07
73000.00000000009 2.6208838100521877e-07
73050.00000000009 2.344618769375016e-07
73100.00000000009 2.0598108650088588e-07
73150.00000000009 2.9330150058838593e-07
73200.00000000009 2.1862672844700455e-07
73250.00000000009 2.383199578890104e-07
73300.00000000009 2.4695144429730546e-07
73350.00000000009 2.2078761130135502e-07
73400.00000000009 2.501886758321566e-07
73450.00000000009 1.7475626937828412e-07
73500.00000000009 1.8718861812866998e-07
73550.00000000009 2.1755053030621065e-07
73600.00000000009 2.0005412713055825e-07
73650.00000000009 2.3069939212288843e-07
73700.00000000009 2.69686377509757e-07
73750.00000000009 2.0503256729582054e-07
73800.00000000009 2.249619305437216e-07
73850.00000000009 2.309336681611667e-07
73900.00000000009 2.5515728302580164e-07
73950.00000000009 2.143411552591964e-07
74000.00000000009 2.1919821839962167e-07
74050.00000000009 2.994197435406948e-07
74100.00000000009 2.0448556399049296e-07
74150.00000000009 2.436433539035395e-07
74200.00000000009 2.2254959651406624e-07
74250.00000000009 1.7883010513897926e-07
74300.00000000009 2.2208140703462113e-07
74350.00000000009 2.558303660754217e-07
74400.00000000009 2.4187073609174537e-07
74450.00000000009 1.6729158232306234e-07
74500.00000000009 2.0199159085170158e-07
74550.00000000009 2.3774054393121047e-07
74600.00000000009 2.282264453321129e-07
74650.00000000009 2.2009588823357831e-07
74700.00000000009 1.951980920618706e-07
74750.00000000009 2.1325986028357095e-07
74800.00000000009 2.1563486384805067e-07
74850.00000000009 1.724590013693645e-07
74900.00000000009 2.8259646727915437e-07
74950.00000000009 2.593069019592617e-07
75000.00000000009 2.371603118696548e-07
75050.00000000009 2.1485286336279682e-07
75100.00000000009 2.83032741865905e-07
75150.00000000009 2.5418381234479157e-07
75200.00000000009 2.8237768857281984e-07
75250.00000000009 2.482266007025287e-07
75300.00000000009 2.7519975220348265e-07
75350.00000000009 1.919584589048422e-07
75400.00000000009 2.6747666642151815e-07
75450.00000000009 2.3923652832335554e-07
75500.00000000009 2.1827137604642495e-07
75550.00000000009 2.871349346648302e-07
75600.00000000009 3.183782947143541e-07
75650.00000000009 2.2795267177995387e-07
75700.00000000009 2.483398110302022e-07
75750.00000000009 2.044438942444655e-07
75800.00000000009 2.637260936945825e-07
75850.00000000009 2.955929671309688e-07
75900.00000000009 2.722618495491974e-07
75950.00000000009 2.3337328353898086e-07
76000.00000000009 2.491328375150815e-07
76050.00000000009 2.7389541077012385e-07
76100.00000000009 2.4596820242660747e-07
76150.00000000009 2.7528295628286553e-07
76200.00000000009 2.8443532148022495e-07
76250.00000000009 3.210762453010359e-07
76300.00000000009 3.3270466522203247e-07
76350.00000000009 3.7364459256814495e-07
76400.00000000009 3.1017136704752894e-07
76450.00000000009 3.0455164971265055e-07
76500.00000000009 2.62504227136639e-07
76550.00000000009 2.44265539802235e-07
76600.00000000009 1.510904130011945e-07
76650.00000000009 1.659449767899841e-07
76700.00000000009 1.9191362675667984e-07
76750.00000000009 1.7091767186878806e-07
76800.00000000009 2.324295495323728e-07
76850.00000000009 1.2772758123696764e-07
76900.00000000009 1.6640017821561813e-07
76950.00000000009 1.855033633864728e-07
77000.00000000009 2.0168340362645225e-07
77050.00000000009 1.590915471555598e-07
77100.00000000009 1.6300970441354826e-07
77150.00000000009 1.9347132459848435e-07
77200.00000000009 1.9274330406184273e-07
77250.00000000009 1.9860005390745668e-07
77300.00000000009 1.8475340686767954e-07
77350.00000000009 1.451825947108805e-07
77400.00000000009 1.346391300132925e-07
77450.00000000009 1.5312444503494206e-07
77500.00000000009 1.8702458359726632e-07
77550.00000000009 1.8801398520241925e-07
77600.00000000009 1.9635361138262763e-07
77650.00000000009 1.9178753119440903e-07
77700.00000000009 1.648872250040087e-07
77750.00000000009 2.1046809102266347e-07
77800.00000000009 1.946258036960212e-07
77850.00000000009 2.2824019448594452e-07
77900.00000000009 2.0623385351515508e-07
77950.00000000009 1.6951966260258296e-07
78000.00000000009 1.9844746979264873e-07
78050.00000000009 2.050498039382096e-07
78100.00000000009 1.5921235367858117e-07
78150.00000000009 2.1967078162608192e-07
78200.00000000009 2.204077723999574e-07
78250.00000000009 2.402625184490994e-07
78300.00000000009 2.4038265697004557e-07
78350.00000000009 2.26783255444921e-07
78400.00000000009 2.136228416516775e-07
78450.00000000009 2.560439203079012e-07
78500.00000000009 2.417471953481984e-07
78550.00000000009 2.4674563830490445e-07
78600.00000000009 2.232276087816668e-07
78650.00000000009 1.564675543467693e-07
78700.00000000009 2.0587507167200222e-07
78750.00000000009 2.0068017254614142e-07
78800.00000000009 2.445201769262604e-07
78850.00000000009 1.8433728814319966e-07
78900.00000000009 2.2085320345924456e-07
78950.00000000009 2.082497754074764e-07
79000.00000000009 2.2295083547702718e-07
79050.00000000009 2.0693428862314303e-07
79100.00000000009 2.0647919346378073e-07
79150.00000000009 2.4043309100430407e-07
79200.00000000009 2.648515791746324e-07
79250.00000000009 2.453722445227438e-07
79300.00000000009 1.8026649398055255e-07
79350.00000000009 2.5436465675323946e-07
79400.00000000009 2.1371011789050734e-07
79450.00000000009 2.33054066627618e-07
79500.00000000009 2.916382236682757e-07
79550.00000000009 2.594269218947682e-07
79600.00000000009 2.0030818136879218e-07
79650.00000000009 2.2668062235030887e-07
79700.00000000009 2.737191928284271e-07
79750.00000000009 2.588667178126344e-07
79800.00000000009 2.3061096598524176e-07
79850.00000000009 2.3131468630154363e-07
79900.00000000009 3.194334826140204e-07
79950.00000000009 2.353555933824013e-07
