galfind/configs/Brown_Dwarf_templates/sonora_cholla/logkzz2/1000g/500K_1000g_logkzz2_resample.dat
# %ECSV 1.0
# ---
# datatype:
# - {name: wav, unit: Angstrom, datatype: float64}
# - {name: flux_nu, unit: erg / (cm2 Hz s), datatype: float64}
# schema: astropy-2.0
wav flux_nu
[from data line 814]
43700.04800076804 7.957050195200509e-08
43750.04800076804 8.454719371808435e-08
43800.04800076804 6.734828721036136e-08
43850.04800076804 6.49362277683233e-08
43900.04800076804 5.1960068853043545e-08
43950.04800076804 3.6807953458333905e-08
44000.04800076804 3.313005951928762e-08
44050.04800076804 7.565239098453505e-08
44100.04800076804 1.0582058914799734e-07
44150.04800076804 9.62395635773745e-08
44200.04800076804 9.016666218483841e-08
44250.04800076804 5.1505864970064054e-08
44300.04800076804 3.30106033393423e-08
44350.04800076804 3.787769868169672e-08
44400.04800076804 4.177028066997744e-08
44450.04800076804 6.731169679938242e-08
44500.04800076804 5.68300301159135e-08
44550.04800076804 8.314105056517678e-08
44600.04800076804 6.34765694206682e-08
44650.04800076804 6.908096638595814e-08
44700.04800076804 4.577350673772754e-08
44750.04800076804 6.105164309666872e-08
44800.04800076804 4.2835870687860056e-08
44850.04800076804 6.548815121470917e-08
44900.04800076804 5.519242675739456e-08
44950.04800076804 6.324054935469986e-08
45000.04800076804 7.462065072562551e-08
45050.04800076804 6.819520201368474e-08
45100.04800076804 6.233672250269181e-08
45150.04800076804 5.5792330400382125e-08
45200.04800076804 3.440220513139023e-08
45250.04800076804 4.089010383621682e-08
45300.04800076804 4.268837226670341e-08
45350.04800076804 3.1897936011979665e-08
45400.04800076804 7.66431910374782e-08
45450.04800076804 6.447621715816336e-08
45500.04800076804 7.134597347793204e-08
45550.04800076804 8.421327105508947e-08
45600.04800076804 6.978197646270091e-08
45650.04800076804 6.178492844107164e-08
45700.04800076804 3.85019775094241e-08
45750.04800076804 3.0508533976227785e-08
45800.04800076804 6.72995344160561e-08
45850.04800076804 6.27014857779199e-08
45900.04800076804 8.020626623274989e-08
45950.04800076804 6.356939520787656e-08
46000.04800076804 7.699112135948524e-08
46050.04800076804 6.369167040100863e-08
46100.04800076804 7.731913718304158e-08
46150.04800076804 5.2717728219795715e-08
46200.04800076804 3.7258909850285663e-08
46250.04800076804 1.4754278310446208e-08
46300.04800076804 5.476802204337327e-08
46350.04800076804 5.054734466510733e-08
46400.04800076804 5.960837955300172e-08
46450.04800076804 5.1141325904673674e-08
46500.04800076804 5.591224135536286e-08
46550.04800076804 3.3509796808665016e-08
46600.04800076804 3.645858260592476e-08
46650.04800076804 6.241653888205481e-08
46700.04800076804 4.306434340377338e-08
46750.04800076804 1.766468684394191e-08
46800.04800076804 1.168925758746989e-08
46850.04800076804 5.260596448982408e-08
46900.04800076804 6.522891107704108e-08
46950.04800076804 7.010282286826701e-08
47000.04800076804 5.9544900714784564e-08
47050.04800076804 4.51528031337021e-08
47100.04800076804 3.047808561110859e-08
47150.04800076804 5.041081551415928e-08
47200.04800076804 5.5525447276524324e-08
47250.04800076804 2.4478887921321447e-08
47300.04800076804 1.7996292093075555e-08
47350.04800076804 5.3044332247973774e-08
47400.04800076804 6.735123883521572e-08
47450.04800076804 3.9887391389086226e-08
47500.04800076804 7.649546232087428e-08
47550.04800076804 5.901225629528556e-08
47600.04800076804 5.308569914905046e-08
47650.04800076804 5.0783048896632154e-08
47700.04800076804 4.8009649107222686e-08
47750.04800076804 3.163650686698199e-08
47800.04800076804 2.3681087069636e-08
47850.04800076804 8.79278843300316e-09
47900.04800076804 1.6386978817990036e-08
47950.04800076804 4.550406160850146e-08
48000.04800076804 6.481352180841573e-08
48050.04800076804 4.758102333979686e-08
48100.04800076804 2.2839933456373093e-08
48150.04800076804 3.9562925085687296e-08
48200.04800076804 2.943049583625752e-08
48250.04800076804 4.236687180922504e-08
48300.04800076804 6.082383499238525e-08
48350.04800076804 3.320365869598545e-08
48400.04800076804 6.614629014667123e-09
48450.04800076804 1.3784435334651232e-08
48500.04800076804 2.8858562524658206e-08
48550.04800076804 3.3647044301632725e-08
48600.04800076804 5.826433315305698e-08
48650.04800076804 6.675005501741158e-08
48700.04800076804 5.0386224284358804e-08
48750.04800076804 3.656978604653528e-08
48800.04800076804 5.407597014148854e-08
48850.04800076804 2.631310081121176e-08
48900.04800076804 2.8677865390047496e-08
48950.04800076804 1.4872074429263059e-08
49000.04800076804 9.341788793149299e-09
49050.04800076804 2.9523673454623248e-08
49100.04800076804 4.1703875524150655e-08
49150.04800076804 3.448423913665426e-08
49200.04800076804 5.571783405505866e-08
49250.04800076804 6.01347957294641e-08
49300.04800076804 4.800728736280128e-08
49350.04800076804 1.748132894142212e-08
49400.04800076804 2.472422919836541e-08
49450.04800076804 2.0317656167963867e-08
49500.04800076804 1.6888817478458648e-08
49550.04800076804 2.581063986028981e-09
49600.04800076804 8.128292201323906e-09
49650.04800076804 2.7071152621564814e-08
49700.04800076804 3.570416522177808e-08
49750.04800076804 2.921649173058558e-08
49800.04800076804 1.603419228015604e-08
49850.04800076804 4.036123439369335e-08
49900.04800076804 4.490514914399226e-08
49950.04800076804 3.8875405342700765e-08
50000.04800076804 2.5012541788549084e-08
50050.04800076804 2.9130754114777993e-08
50100.04800076804 2.495844510423272e-08
50150.04800076804 9.10277744146247e-09
50200.04800076804 1.3453364082094412e-09
50250.04800076804 8.60922333540318e-09
50300.04800076804 6.266267860060971e-09
50350.04800076804 2.7806955145148186e-08
50400.04800076804 3.590194024751231e-08
50450.04800076804 2.670804924892999e-08
50500.04800076804 4.141001002981884e-08
50550.04800076804 4.5981159665027716e-08
50600.04800076804 2.8490590398685294e-08
50650.04800076804 4.2485101504284184e-08
50700.04800076804 4.217161055596078e-08
50750.04800076804 2.3387169394478507e-08
50800.04800076804 6.343919886535894e-09
50850.04800076804 2.6960992075094996e-09
50900.04800076804 2.2069014384732527e-08
50950.04800076804 2.6225408013375186e-08
51000.04800076804 1.7299397711744143e-08
51050.04800076804 2.8955312672380756e-08
51100.04800076804 9.411340365790123e-09
51150.04800076804 8.907053544883062e-09
51200.04800076804 3.537891709472132e-08
51250.04800076804 2.5894956554287578e-08
51300.04800076804 1.7251664989181193e-08
51350.04800076804 1.4333377611189733e-08
51400.04800076804 3.5097823408064857e-09
51450.04800076804 2.981263276734025e-09
51500.04800076804 2.7053126793265517e-09
51550.04800076804 1.1926804181272467e-08
51600.04800076804 1.4612624442913759e-08
51650.04800076804 2.2135315851581564e-08
51700.04800076804 1.8375317250090398e-08
51750.04800076804 1.218956414037079e-08
51800.04800076804 2.8668935744765845e-08
51850.04800076804 2.191447314398409e-08
51900.04800076804 2.0846338547067467e-08
51950.04800076804 9.66105930698841e-09
52000.04800076804 8.620037884570075e-10
52050.04800076804 4.845422169681457e-09
52100.04800076804 2.5755779357228284e-09
52150.04800076804 1.350093676683897e-09
52200.04800076804 5.828440226859229e-09
52250.04800076804 1.1990291482025475e-08
52300.04800076804 1.3556439261723471e-08
52350.04800076804 2.8582424245905475e-09
52400.04800076804 3.4201760118257256e-09
52450.04800076804 1.645387328139092e-08
52500.04800076804 1.2714014520176449e-08
52550.04800076804 1.7164100428787923e-08
52600.04800076804 1.4757732715164457e-08
52650.04800076804 1.764348691419281e-08
52700.04800076804 9.771933241963673e-09
52750.04800076804 3.0808550667558227e-09
52800.04800076804 6.162864647438057e-09
52850.04800076804 7.769947969579552e-09
52900.04800076804 2.249062048097118e-09
52950.04800076804 4.423269973540718e-09
53000.04800076804 1.1834472224142158e-08
53050.04800076804 3.705003722902496e-09
53100.04800076804 1.782515035453046e-08
53150.04800076804 1.9954223313513697e-08
53200.04800076804 7.387551628157945e-09
53250.04800076804 1.6657694329414827e-08
53300.04800076804 1.6841495212711576e-08
53350.04800076804 1.522558410939382e-08
53400.04800076804 8.269460246867516e-09
53450.04800076804 1.9235326057713536e-09
53500.04800076804 3.439476850522859e-10
53550.04800076804 8.284535330841424e-10
53600.04800076804 4.58260141301295e-09
53650.04800076804 7.399533686989051e-09
53700.04800076804 6.1258478534330725e-09
53750.04800076804 5.031693928615588e-09
53800.04800076804 4.735319224420798e-09
53850.04800076804 1.0058044138348284e-08
53900.04800076804 1.5366021307927353e-08
53950.04800076804 1.267555612502006e-08
54000.04800076804 8.830789505096902e-09
54050.04800076804 8.777190499490395e-09
54100.04800076804 1.5470081996377833e-09
54150.04800076804 1.9541397583463446e-09
54200.04800076804 2.818031883955966e-10
54250.04800076804 8.211608707927958e-10
54300.04800076804 2.9265037923457894e-09
54350.04800076804 5.26031200134888e-09
54400.04800076804 3.701563303329756e-09
54450.04800076804 3.264138413645239e-09
54500.04800076804 4.0567581718397745e-09
54550.04800076804 3.4793805114578322e-09
54600.04800076804 2.3549209647893444e-09
54650.04800076804 1.885038751987507e-10
54700.04800076804 2.396986764827929e-09
54750.04800076804 2.494606728118962e-09
54800.04800076804 1.2561572227226558e-09
54850.04800076804 2.367995581338188e-09
54900.04800076804 4.525186565149677e-09
54950.04800076804 8.757016096958226e-09
55000.04800076804 3.0986200540631623e-09
55050.04800076804 3.3801154727433995e-09
55100.04800076804 5.774730710384461e-09
55150.04800076804 2.3975586761862975e-09
55200.04800076804 1.3739562475409923e-09
55250.04800076804 2.3647109144676843e-09
55300.04800076804 1.8464730617877752e-09
55350.04800076804 3.3162855708827186e-09
55400.04800076804 3.244618943028737e-09
55450.04800076804 2.491219097387835e-09
55500.04800076804 9.129535942132041e-10
55550.04800076804 5.548966578763899e-10
55600.04800076804 1.5529351899478395e-09
55650.04800076804 1.4375849554134548e-09
55700.04800076804 1.3169437421288687e-09
55750.04800076804 8.061035587027529e-10
55800.04800076804 2.8600779940373156e-10
55850.04800076804 7.625171609822757e-10
55900.04800076804 2.3068290170708473e-09
55950.04800076804 3.874705640812894e-09
56000.04800076804 1.4115128487643199e-09
56050.04800076804 1.365344130972679e-09
56100.04800076804 2.2308736564314836e-09
56150.04800076804 7.270296960388419e-10
56200.04800076804 1.287834908938392e-09
56250.04800076804 3.2609074849192125e-09
56300.04800076804 1.5732391985030504e-09
56350.04800076804 6.042128757031391e-10
56400.04800076804 1.422448509260759e-10
56450.04800076804 1.497701658735408e-10
56500.04800076804 1.2650374563664742e-09
56550.04800076804 4.869663757598829e-10
56600.04800076804 1.8876294036444976e-09
56650.04800076804 2.042847333023962e-09
56700.04800076804 1.2358871630694833e-09
56750.04800076804 4.316832632121345e-10
56800.04800076804 6.94153773042989e-10
56850.04800076804 1.4196544811930455e-09
56900.04800076804 6.253137004239299e-10
56950.04800076804 1.8751535993552028e-09
57000.04800076804 2.5718672690377257e-09
57050.04800076804 1.2749932032085558e-09
57100.04800076804 2.3697907347442625e-10
57150.04800076804 5.664957272413767e-10
57200.04800076804 3.2293827606990797e-10
57250.04800076804 6.260284313074446e-10
57300.04800076804 9.422898702219945e-10
57350.04800076804 4.743387509658803e-10
57400.04800076804 1.5078235557548096e-09
57450.04800076804 4.5180963796370773e-10
57500.04800076804 4.0225439840621883e-10
57550.04800076804 6.55186176807217e-10
57600.04800076804 4.455326602616529e-10
57650.04800076804 8.528145622706927e-11
57700.04800076804 3.014193535274224e-10
57750.04800076804 9.594559235310967e-10
57800.04800076804 3.375418197559645e-10
57850.04800076804 2.1647937305927053e-09
57900.04800076804 3.508874315813713e-09
57950.04800076804 3.4007339787800766e-09
58000.04800076804 6.986294375653317e-10
58050.04800076804 1.7303044395922757e-09
58100.04800076804 1.0393162622527221e-09
58150.04800076804 6.989880633883456e-10
58200.04800076804 7.353336478196756e-11
58250.04800076804 2.5912117576756916e-10
58300.04800076804 2.517531763304292e-10
58350.04800076804 3.908500120844077e-10
58400.04800076804 1.2544069963812371e-09
58450.04800076804 1.7627976740244255e-09
58500.04800076804 1.932914143394299e-09
58550.04800076804 8.6653801130797e-10
58600.04800076804 2.3405916919762895e-10
58650.04800076804 4.973190373743301e-10
58700.04800076804 6.96809374776733e-10
58750.04800076804 5.948161053885879e-10
58800.04800076804 1.939463098269311e-11
58850.04800076804 2.3228647460880824e-10
58900.04800076804 2.9531495126304106e-10
58950.04800076804 1.351624566812096e-10
59000.04800076804 4.5042782283299684e-10
59050.04800076804 8.005131420505138e-10
59100.04800076804 5.102399704906628e-10
59150.04800076804 5.324074365822066e-10
59200.04800076804 1.1791867233968282e-09
59250.04800076804 1.2116203366126268e-09
59300.04800076804 7.515474642248781e-10
59350.04800076804 4.011870742390677e-11
59400.04800076804 9.100512965596731e-11
59450.04800076804 8.981364505466383e-10
59500.04800076804 6.771615634290154e-10
59550.04800076804 1.1576969435098186e-09
59600.04800076804 1.3689811780914812e-09
59650.04800076804 4.222043694904287e-10
59700.04800076804 3.0419775670025375e-10
59750.04800076804 1.6607482127490992e-09
59800.04800076804 6.379009014755026e-10
59850.04800076804 6.321451434975584e-10
59900.04800076804 1.3960737806644372e-10
59950.04800076804 6.453775725674593e-10
60000.04800076804 1.8503990686747486e-09
60050.04800076804 2.7143675886483577e-09
60100.04800076804 1.1915635022918787e-09
60150.04800076804 2.9660380489172664e-10
60200.04800076804 7.849939722010671e-10
60250.04800076804 2.244871387458132e-09
60300.04800076804 2.1019399886528136e-09
60350.04800076804 1.2401527389327814e-09
60400.04800076804 7.958302583693059e-10
60450.04800076804 8.470213002713588e-11
60500.04800076804 8.664515297026054e-12
60550.04800076804 4.689414841228523e-10
60600.04800076804 1.0028065954900956e-09
60650.04800076804 4.831774681712623e-10
60700.04800076804 2.691270590293447e-10
60750.04800076804 7.066764692630996e-11
60800.04800076804 9.293182139481067e-10
60850.04800076804 1.9070253494498037e-09
60900.04800076804 1.5793086631658915e-09
60950.04800076804 9.047264330610235e-10
61000.04800076804 1.6994014194385552e-09
61050.04800076804 3.421260002577614e-10
61100.04800076804 2.9307038134971106e-10
61150.04800076804 4.622419872832089e-11
61200.04800076804 8.987875842449089e-10
61250.04800076804 1.2647538923084193e-09
61300.04800076804 6.366378864888321e-10
61350.04800076804 1.8238668052669775e-09
61400.04800076804 4.1720737545131707e-10
61450.04800076804 1.2727713471996558e-10
61500.04800076804 8.163281818169939e-11
61550.04800076804 5.040264327479298e-10
61600.04800076804 1.4106123688805776e-10
61650.04800076804 3.7877244635059854e-10
61700.04800076804 8.339612541114797e-10
61750.04800076804 7.825640933269349e-10
61800.04800076804 4.661123758475834e-10
61850.04800076804 5.948048086948924e-11
61900.04800076804 1.0891684756754532e-09
61950.04800076804 1.4476949400896605e-09
62000.04800076804 1.1201240459557044e-09
62050.04800076804 3.2672039933960556e-09
62100.04800076804 6.682825627445832e-10
62150.04800076804 2.0615998806913277e-09
62200.04800076804 1.9275276945559203e-09
62250.04800076804 1.2039030424333065e-09
62300.04800076804 3.903064927514289e-09
62350.04800076804 3.7245126250779858e-09
62400.04800076804 2.232773757400919e-09
62450.04800076804 1.9445676996743925e-09
62500.04800076804 4.370316552618058e-09
62550.04800076804 7.88714213634604e-09
62600.04800076804 2.876802984903446e-09
62650.04800076804 1.9078081443229222e-09
62700.04800076804 1.0418554176177091e-09
62750.04800076804 3.326996456341836e-09
62800.04800076804 1.8414232963508973e-09
62850.04800076804 1.9588055511608235e-09
62900.04800076804 3.743715789146791e-09
62950.04800076804 7.532013910287427e-09
63000.04800076804 2.115025339987889e-09
63050.04800076804 1.065552017195048e-08
63100.04800076804 1.0049002013149652e-08
63150.04800076804 7.541090373970732e-09
63200.04800076804 4.353550341615964e-09
63250.04800076804 4.726771760908999e-09
63300.04800076804 1.2006178786116106e-09
63350.04800076804 1.425885743201746e-09
63400.04800076804 4.496043850851004e-10
63450.04800076804 1.1803686089051402e-10
