galfind/configs/Brown_Dwarf_templates/sonora_cholla/logkzz2/1000g/550K_1000g_logkzz2_resample.dat
# %ECSV 1.0
# ---
# datatype:
# - {name: wav, unit: Angstrom, datatype: float64}
# - {name: flux_nu, unit: erg / (cm2 Hz s), datatype: float64}
# schema: astropy-2.0
wav flux_nu
3000.0480007680403 nan
3050.0480007680403 0.0
3100.0480007680403 0.0
3150.0480007680403 0.0
3200.0480007680403 0.0
3250.0480007680403 0.0
3300.0480007680403 0.0
3350.0480007680403 0.0
3400.0480007680403 0.0
3450.0480007680403 0.0
3500.0480007680403 0.0
3550.0480007680403 0.0
3600.0480007680403 0.0
3650.0480007680403 0.0
3700.0480007680403 0.0
3750.0480007680403 0.0
3800.0480007680403 0.0
3850.0480007680403 0.0
3900.0480007680403 0.0
3950.0480007680403 0.0
4000.0480007680403 0.0
4050.0480007680403 0.0
4100.04800076804 0.0
4150.04800076804 0.0
4200.04800076804 0.0
4250.04800076804 0.0
4300.04800076804 0.0
4350.04800076804 0.0
4400.04800076804 0.0
4450.04800076804 0.0
4500.04800076804 0.0
4550.04800076804 0.0
4600.04800076804 0.0
4650.04800076804 0.0
4700.04800076804 0.0
4750.04800076804 0.0
4800.04800076804 0.0
4850.04800076804 0.0
4900.04800076804 0.0
4950.04800076804 0.0
5000.04800076804 1.2995415904791585e-11
5050.04800076804 3.1646186937784674e-11
5100.04800076804 3.547515219289744e-11
5150.04800076804 4.06914326971363e-11
5200.04800076804 4.68827650596819e-11
5250.04800076804 5.2718724431927595e-11
5300.04800076804 5.885204321195173e-11
5350.04800076804 6.55171568095974e-11
5400.04800076804 7.196533935020864e-11
5450.04800076804 7.969467401177224e-11
5500.04800076804 8.850665150094522e-11
5550.04800076804 9.848672770059e-11
5600.04800076804 1.0873480438151617e-10
5650.04800076804 1.1867700965710992e-10
5700.04800076804 1.2559290580307496e-10
5750.04800076804 1.3321972439830355e-10
5800.04800076804 1.3338519683204178e-10
5850.04800076804 1.1712342761264646e-10
5900.04800076804 3.4625629669685454e-11
5950.04800076804 6.146495069863057e-11
6000.04800076804 1.831798400416138e-10
6050.04800076804 2.6415594871778464e-10
6100.04800076804 3.4019063623043393e-10
6150.04800076804 4.1447679430414847e-10
6200.04800076804 4.917435602913704e-10
6250.04800076804 5.673993015789196e-10
6300.04800076804 6.606524593927213e-10
6350.04800076804 7.645698483027977e-10
6400.04800076804 8.635318692880579e-10
6450.04800076804 8.825309758117121e-10
6500.04800076804 9.771147647897073e-10
6550.04800076804 1.124107917660951e-09
6600.04800076804 1.2670644528293623e-09
6650.04800076804 1.4646100880092765e-09
6700.04800076804 1.7208704442752296e-09
6750.04800076804 1.963995438431478e-09
6800.04800076804 2.1950824452428903e-09
6850.04800076804 2.4452696774204464e-09
6900.04800076804 2.2370012451685117e-09
6950.04800076804 2.02052381024047e-09
7000.04800076804 2.3713441040986575e-09
7050.04800076804 2.3203192043793012e-09
7100.04800076804 2.415232624910173e-09
7150.04800076804 1.7181433539093826e-09
7200.04800076804 1.342365475190522e-09
7250.04800076804 1.622564866594517e-09
7300.04800076804 1.6353182953862225e-09
7350.04800076804 1.9485453234225186e-09
7400.04800076804 2.3534586678986357e-09
7450.04800076804 2.8762773599736077e-09
7500.04800076804 3.2337887602847666e-09
7550.04800076804 3.586888458851617e-09
7600.04800076804 3.890170832332891e-09
7650.04800076804 4.041089537939532e-09
7700.04800076804 2.7588887099104056e-09
7750.04800076804 1.2854213763986306e-09
7800.04800076804 3.909126780322727e-09
7850.04800076804 4.137791785404195e-09
7900.04800076804 4.449494430686679e-09
7950.04800076804 4.871575925928459e-09
8000.04800076804 5.060073216493466e-09
8050.04800076804 5.166951119878408e-09
8100.04800076804 3.353350600849418e-09
8150.04800076804 2.4082948741969806e-09
8200.04800076804 4.2155601672098036e-09
8250.04800076804 3.969810742761263e-09
8300.04800076804 4.282850187800301e-09
8350.04800076804 4.193743059447562e-09
8400.04800076804 4.451303242590587e-09
8450.04800076804 5.288459355422535e-09
8500.04800076804 5.993711862504927e-09
8550.04800076804 6.97900730506903e-09
8600.04800076804 8.292999463068899e-09
8650.04800076804 9.216049670803107e-09
8700.04800076804 9.397831876747262e-09
8750.04800076804 1.0035605767270392e-08
8800.04800076804 9.601936354889945e-09
8850.04800076804 7.034491612674706e-09
8900.04800076804 1.917969623271238e-09
8950.04800076804 1.186064686393565e-09
9000.04800076804 1.1559941471438404e-09
9050.04800076804 3.905684170132868e-09
9100.04800076804 4.008790911990129e-09
9150.04800076804 3.4761945689477146e-09
9200.04800076804 4.501891734455903e-09
9250.04800076804 2.811795162904663e-09
9300.04800076804 3.907259586968636e-11
9350.04800076804 8.509441147448116e-11
9400.04800076804 5.573809439329814e-10
9450.04800076804 3.2664267636556564e-10
9500.04800076804 2.45540802374547e-10
9550.04800076804 2.4510965556632125e-10
9600.04800076804 2.870780361848907e-10
9650.04800076804 5.062278623568766e-10
9700.04800076804 1.2884148068859297e-09
9750.04800076804 1.292159303795501e-09
9800.04800076804 1.6848727840029945e-09
9850.04800076804 2.2204563055854685e-09
9900.04800076804 3.1953490501227303e-09
9950.04800076804 3.433751285965716e-09
10000.04800076804 4.272406295869765e-09
10050.04800076804 4.196722616988071e-09
10100.04800076804 4.623658632034378e-09
10150.04800076804 4.351285298430879e-09
10200.04800076804 4.011387860766848e-09
10250.04800076804 4.602624856177575e-09
10300.04800076804 5.359530854479888e-09
10350.04800076804 4.66751084656384e-09
10400.04800076804 5.656594896388569e-09
10450.04800076804 6.2068256587298595e-09
10500.04800076804 6.536106547904024e-09
10550.04800076804 6.898750220496638e-09
10600.04800076804 6.812629931347719e-09
10650.04800076804 6.553358961175208e-09
10700.04800076804 6.001815435582134e-09
10750.04800076804 5.722148837188814e-09
10800.04800076804 5.277947318900975e-09
10850.04800076804 4.725522757676261e-09
10900.04800076804 3.784387329948585e-09
10950.04800076804 2.1075064318911672e-09
11000.04800076804 1.1393124360230397e-09
11050.04800076804 4.811046412885082e-10
11100.04800076804 1.9162350719544902e-10
11150.04800076804 6.738537397477706e-11
11200.04800076804 5.4407044197026146e-11
11250.04800076804 8.426530704041855e-11
11300.04800076804 1.2514947470195128e-10
11350.04800076804 3.8747695595022624e-11
11400.04800076804 2.2210300057116856e-10
11450.04800076804 1.0467570176679064e-10
11500.04800076804 1.1112703412783339e-10
11550.04800076804 3.239991674033432e-11
11600.04800076804 1.8299484967190913e-11
11650.04800076804 7.155391103554186e-11
11700.04800076804 1.0115014806660733e-10
11750.04800076804 4.0070153408492316e-11
11800.04800076804 2.0466750496554832e-10
11850.04800076804 3.2274880637130695e-10
11900.04800076804 4.256123786019604e-10
11950.04800076804 6.763068530504854e-10
12000.04800076804 1.0070246824176933e-09
12050.04800076804 1.4540834611430752e-09
12100.04800076804 1.849221924930648e-09
12150.04800076804 2.4349788933327454e-09
12200.04800076804 2.838288070769441e-09
12250.04800076804 3.5762024070264022e-09
12300.04800076804 4.67107828902408e-09
12350.04800076804 5.205854972075525e-09
12400.04800076804 6.609495100662692e-09
12450.04800076804 8.07489638770679e-09
12500.04800076804 9.101095838744614e-09
12550.04800076804 1.0219129598628063e-08
12600.04800076804 1.1780702024151335e-08
12650.04800076804 1.2988055724093124e-08
12700.04800076804 1.3503639265463344e-08
12750.04800076804 1.1644253890295143e-08
12800.04800076804 9.83172091743834e-09
12850.04800076804 7.240804955432692e-09
12900.04800076804 5.84639846330001e-09
12950.04800076804 4.70802912357232e-09
13000.04800076804 5.107172550003071e-09
13050.04800076804 3.612047427913442e-09
13100.04800076804 3.598440314195946e-09
13150.04800076804 2.3411068143304428e-09
13200.04800076804 2.412006445123986e-09
13250.04800076804 1.7082539414651097e-09
13300.04800076804 6.014078879953815e-10
13350.04800076804 2.037164683590377e-10
13400.04800076804 3.653326272596757e-11
13450.04800076804 8.02678126291186e-12
13500.04800076804 2.2681656427087078e-12
13550.04800076804 4.847180442180254e-13
13600.04800076804 1.1147825783346078e-13
13650.04800076804 1.004578301572003e-12
13700.04800076804 4.839735559231252e-13
13750.04800076804 2.6521161490595227e-12
13800.04800076804 2.7534010782397423e-12
13850.04800076804 7.172069007406828e-13
13900.04800076804 1.4528201970606684e-12
13950.04800076804 1.3502788508105067e-12
14000.04800076804 2.057542813151609e-12
14050.04800076804 3.135194744696282e-12
14100.04800076804 2.5460603531686983e-12
14150.04800076804 6.6428663070626e-12
14200.04800076804 4.340985893905871e-12
14250.04800076804 6.659473879020759e-12
14300.04800076804 2.86615628052677e-11
14350.04800076804 2.1257004915622055e-11
14400.04800076804 2.122737267412131e-11
14450.04800076804 4.749887313751028e-11
14500.04800076804 1.1234987677422212e-10
14550.04800076804 1.277205335293651e-10
14600.04800076804 2.8929989638471283e-10
14650.04800076804 1.6998547837777927e-10
14700.04800076804 7.907562872863383e-11
14750.04800076804 8.441937202483113e-11
14800.04800076804 9.131859231256646e-11
14850.04800076804 1.0312514508759667e-10
14900.04800076804 1.147295401202685e-10
14950.04800076804 1.3270932111130598e-10
15000.04800076804 2.811053324620694e-10
15050.04800076804 3.2945459716684907e-10
15100.04800076804 2.35141152022738e-10
15150.04800076804 1.6023618863473772e-10
15200.04800076804 3.3465229750823316e-10
15250.04800076804 6.355290543186102e-10
15300.04800076804 8.052065427258781e-10
15350.04800076804 1.0305165037226372e-09
15400.04800076804 1.3089799336780123e-09
15450.04800076804 1.6262553008202493e-09
15500.04800076804 2.069572907345291e-09
15550.04800076804 2.8545283256954595e-09
15600.04800076804 3.859424885645303e-09
15650.04800076804 5.182096537861731e-09
15700.04800076804 6.797512312512992e-09
15750.04800076804 7.796226576229167e-09
15800.04800076804 8.731823140013325e-09
15850.04800076804 9.756015539551088e-09
15900.04800076804 9.54203436187249e-09
15950.04800076804 9.457970378121547e-09
16000.04800076804 7.955495803781398e-09
16050.04800076804 5.538117357392002e-09
16100.04800076804 3.489661296375245e-09
16150.04800076804 1.8690457136411498e-09
16200.04800076804 8.72672973855074e-10
16250.04800076804 5.498332743220083e-10
16300.04800076804 3.54866750459765e-10
16350.04800076804 4.1457683042389633e-10
16400.04800076804 4.975026424591152e-10
16450.04800076804 5.142039358993393e-10
16500.04800076804 4.856721784575572e-10
16550.04800076804 5.006781675081696e-10
16600.04800076804 9.133457218535399e-10
16650.04800076804 5.690693668445527e-10
16700.04800076804 8.58518435271593e-11
16750.04800076804 3.5757357110764894e-10
16800.04800076804 5.266892275617686e-10
16850.04800076804 5.082748934872239e-10
16900.04800076804 2.55120653691715e-10
16950.04800076804 1.8412081844208456e-10
17000.04800076804 9.694541714774491e-11
17050.04800076804 1.830649731160614e-10
17100.04800076804 3.03494743475562e-10
17150.04800076804 1.8923762287793812e-10
17200.04800076804 5.519403363893896e-10
17250.04800076804 2.436346019560623e-10
17300.04800076804 1.7186152014878995e-10
17350.04800076804 2.1261136809082804e-10
17400.04800076804 3.3029163748044546e-10
17450.04800076804 4.0941342635790625e-10
17500.04800076804 5.4657737361849e-10
17550.04800076804 4.1045371219039473e-10
17600.04800076804 3.459866799795882e-10
17650.04800076804 2.4407424267662787e-10
17700.04800076804 2.112875344945731e-10
17750.04800076804 1.4775590782079295e-10
17800.04800076804 2.5714328385901535e-10
17850.04800076804 1.3249173872045726e-10
17900.04800076804 9.811233467892644e-11
17950.04800076804 5.322415683291349e-11
18000.04800076804 1.022619611766051e-10
18050.04800076804 4.403860807206623e-11
18100.04800076804 4.834460227205403e-11
18150.04800076804 3.910017837564016e-11
18200.04800076804 2.2457636568740003e-11
18250.04800076804 9.86759271306158e-11
18300.04800076804 1.4229826199889457e-11
18350.04800076804 1.2078431696928363e-11
18400.04800076804 7.253428170238668e-12
18450.04800076804 5.451157811620249e-11
18500.04800076804 5.2424199642902303e-11
18550.04800076804 2.1944037415361582e-11
18600.04800076804 3.340081201069879e-11
18650.04800076804 1.9303216483816456e-11
18700.04800076804 3.4559023549296127e-12
18750.04800076804 9.01271887217109e-12
18800.04800076804 1.05464926431264e-10
18850.04800076804 8.956087576192345e-11
18900.04800076804 8.424420018562444e-11
18950.04800076804 1.5990313710393086e-10
19000.04800076804 3.0240260313612584e-11
19050.04800076804 1.4688703439373407e-11
19100.04800076804 5.100506664538536e-11
19150.04800076804 1.9998833926475768e-11
19200.04800076804 4.96247767236294e-11
19250.04800076804 3.3277317707582344e-11
19300.04800076804 1.8743378849374808e-11
19350.04800076804 2.434682884760146e-11
19400.04800076804 1.689226446525125e-11
19450.04800076804 3.187771685262562e-11
19500.04800076804 3.2422830796472884e-11
19550.04800076804 3.748965815005476e-11
19600.04800076804 7.155795232006888e-11
19650.04800076804 7.244714559828991e-11
19700.04800076804 9.430517244616327e-11
19750.04800076804 1.3975235385540507e-10
19800.04800076804 1.0671003951982524e-10
19850.04800076804 1.4502322245100096e-10
19900.04800076804 1.8374975160106803e-10
19950.04800076804 2.3126747060646579e-10
20000.04800076804 2.487446963319035e-10
20050.04800076804 2.244231866393067e-10
20100.04800076804 3.410131665736255e-10
20150.04800076804 2.3782735536958357e-10
20200.04800076804 1.9713429255357056e-10
20250.04800076804 3.126126266011328e-10
20300.04800076804 3.230463432420322e-10
20350.04800076804 3.53448092932489e-10
20400.04800076804 3.2414426814297216e-10
20450.04800076804 4.684385027453041e-10
20500.04800076804 4.899234532377676e-10
20550.04800076804 5.072188233954029e-10
20600.04800076804 5.290384572527415e-10
20650.04800076804 5.511772572252172e-10
20700.04800076804 5.526094008176613e-10
20750.04800076804 5.648541791911622e-10
20800.04800076804 5.398075977626829e-10
20850.04800076804 5.580416813926561e-10
20900.04800076804 5.536912547725723e-10
20950.04800076804 5.342239670897741e-10
21000.04800076804 5.184695122927697e-10
21050.04800076804 5.184974855329221e-10
21100.04800076804 5.044983405701484e-10
21150.04800076804 4.999062229965937e-10
21200.04800076804 4.841366001936401e-10
21250.04800076804 4.681544975674514e-10
21300.04800076804 4.3769336191445575e-10
21350.04800076804 4.2351731212995597e-10
21400.04800076804 4.3009502189558786e-10
21450.04800076804 3.654247637037284e-10
21500.04800076804 3.55497017972579e-10
21550.04800076804 3.4428968477266466e-10
21600.04800076804 3.196240232333055e-10
21650.04800076804 2.7951581730998727e-10
21700.04800076804 2.8412147382046847e-10
21750.04800076804 2.8182482893529016e-10
21800.04800076804 2.305182110883697e-10
21850.04800076804 2.0773610194510797e-10
21900.04800076804 1.7377143625924297e-10
21950.04800076804 7.952142900895084e-11
22000.04800076804 1.0942240612208849e-11
22050.04800076804 1.9215638297439364e-11
22100.04800076804 7.564138740665414e-11
22150.04800076804 5.4970962108913486e-11
22200.04800076804 4.588251160916095e-11
22250.04800076804 4.1587154914772164e-11
22300.04800076804 2.0715584694375548e-11
22350.04800076804 2.5990031109094842e-11
22400.04800076804 1.0707018123589668e-11
22450.04800076804 1.3526001398704559e-11
22500.04800076804 1.3162510802584978e-11
22550.04800076804 6.526178143830481e-12
22600.04800076804 7.009487516991908e-12
22650.04800076804 1.3167225932928161e-11
22700.04800076804 9.414919107289278e-12
22750.04800076804 9.85442051364729e-12
22800.04800076804 1.4589356048524035e-11
22850.04800076804 1.1008742101057997e-11
22900.04800076804 6.683211005751354e-12
22950.04800076804 4.259071406321934e-12
23000.04800076804 6.7243654279874946e-12
23050.04800076804 7.531188559751496e-12
23100.04800076804 5.575905203186886e-11
23150.04800076804 5.153127049694988e-11
23200.04800076804 1.7974216559045925e-12
23250.04800076804 8.518973993466904e-12
23300.04800076804 9.662401645379165e-12
23350.04800076804 8.406041957199421e-12
23400.04800076804 8.563198327859075e-12
23450.04800076804 3.912581171017645e-12
23500.04800076804 4.632958996157562e-12
23550.04800076804 1.0347976805731176e-11
23600.04800076804 2.3245493644946843e-11
23650.04800076804 2.5490391056166488e-11
23700.04800076804 3.9500556633192805e-12
23750.04800076804 5.8542377976754575e-12
23800.04800076804 2.8622404377727402e-11
