galfind/configs/Brown_Dwarf_templates/sonora_cholla/logkzz2/1000g/550K_1000g_logkzz2_resample.dat
# %ECSV 1.0
# ---
# datatype:
# - {name: wav, unit: Angstrom, datatype: float64}
# - {name: flux_nu, unit: erg / (cm2 Hz s), datatype: float64}
# schema: astropy-2.0
wav flux_nu
[from data line 814]
43700.04800076804 1.1211702074631177e-07
43750.04800076804 1.1420417620667583e-07
43800.04800076804 9.121509555641879e-08
43850.04800076804 8.943082067455164e-08
43900.04800076804 7.332470496188105e-08
43950.04800076804 5.215327210146967e-08
44000.04800076804 4.5092194864194205e-08
44050.04800076804 1.0263739876394966e-07
44100.04800076804 1.4387799887680484e-07
44150.04800076804 1.3322788220929398e-07
44200.04800076804 1.2197361034991865e-07
44250.04800076804 6.941125685311511e-08
44300.04800076804 4.5818971382096876e-08
44350.04800076804 5.377827190789703e-08
44400.04800076804 5.770006300790004e-08
44450.04800076804 9.194262590605195e-08
44500.04800076804 7.688830538818009e-08
44550.04800076804 1.1319899574725005e-07
44600.04800076804 8.669999617426926e-08
44650.04800076804 9.352117405575846e-08
44700.04800076804 6.203846221688812e-08
44750.04800076804 8.159691659771354e-08
44800.04800076804 5.86724117955743e-08
44850.04800076804 8.886841623064727e-08
44900.04800076804 7.160271627623088e-08
44950.04800076804 7.810264019221083e-08
45000.04800076804 9.380526809309389e-08
45050.04800076804 8.833118875117044e-08
45100.04800076804 8.2288188350346e-08
45150.04800076804 7.056833777653705e-08
45200.04800076804 4.328309552535393e-08
45250.04800076804 4.991089433189788e-08
45300.04800076804 5.682886179851911e-08
45350.04800076804 4.462518830542557e-08
45400.04800076804 8.828161859624849e-08
45450.04800076804 7.523611751913584e-08
45500.04800076804 8.298074016993557e-08
45550.04800076804 1.007243552861874e-07
45600.04800076804 8.086683466935658e-08
45650.04800076804 7.23253710724912e-08
45700.04800076804 5.22333434173049e-08
45750.04800076804 3.925836126021968e-08
45800.04800076804 7.747073764785924e-08
45850.04800076804 7.843204133480258e-08
45900.04800076804 9.53553207204847e-08
45950.04800076804 6.979840383223408e-08
46000.04800076804 9.316389737287935e-08
46050.04800076804 7.963432300705334e-08
46100.04800076804 8.594638611965668e-08
46150.04800076804 6.596861402241748e-08
46200.04800076804 4.643311462118358e-08
46250.04800076804 2.102514726587992e-08
46300.04800076804 7.384281459291337e-08
46350.04800076804 6.420166563418263e-08
46400.04800076804 7.619759119144733e-08
46450.04800076804 6.990401331541143e-08
46500.04800076804 6.97705734060799e-08
46550.04800076804 4.504066481255567e-08
46600.04800076804 5.1758524429049036e-08
46650.04800076804 8.95125721264711e-08
46700.04800076804 6.027403029613455e-08
46750.04800076804 2.6645819316760455e-08
46800.04800076804 1.8016861650362545e-08
46850.04800076804 7.529195952062665e-08
46900.04800076804 8.3773872203241e-08
46950.04800076804 9.33003913368098e-08
47000.04800076804 7.044534127118489e-08
47050.04800076804 6.27005018693519e-08
47100.04800076804 3.613585365625656e-08
47150.04800076804 6.417728315630108e-08
47200.04800076804 7.166727297836148e-08
47250.04800076804 3.4501226028025215e-08
47300.04800076804 2.6454301753907203e-08
47350.04800076804 6.608795961305933e-08
47400.04800076804 9.026552062539464e-08
47450.04800076804 5.220792485739503e-08
47500.04800076804 1.0408523251691503e-07
47550.04800076804 7.151286083508906e-08
47600.04800076804 7.52319538481857e-08
47650.04800076804 5.859510627452494e-08
47700.04800076804 6.658678894259532e-08
47750.04800076804 3.989199537487052e-08
47800.04800076804 3.453274230428575e-08
47850.04800076804 1.394400016798953e-08
47900.04800076804 2.4806474984579877e-08
47950.04800076804 5.98775490401312e-08
48000.04800076804 9.104850698941296e-08
48050.04800076804 6.600140890171667e-08
48100.04800076804 3.271397889430668e-08
48150.04800076804 5.0462634293757864e-08
48200.04800076804 4.3398357135513215e-08
48250.04800076804 5.5123853684692234e-08
48300.04800076804 8.763252697527057e-08
48350.04800076804 4.476126993079845e-08
48400.04800076804 1.1046241378566939e-08
48450.04800076804 2.1996581539521137e-08
48500.04800076804 4.466791312515337e-08
48550.04800076804 4.598896800231008e-08
48600.04800076804 7.925961293295629e-08
48650.04800076804 8.379532686592562e-08
48700.04800076804 6.931590555792143e-08
48750.04800076804 4.6576490588045963e-08
48800.04800076804 7.534606371012567e-08
48850.04800076804 3.873827230467871e-08
48900.04800076804 4.5418451360550815e-08
48950.04800076804 2.4747745138982862e-08
49000.04800076804 1.52962711347224e-08
49050.04800076804 4.5838555378328184e-08
49100.04800076804 6.032310495585782e-08
49150.04800076804 5.037634820899608e-08
49200.04800076804 7.609710217754128e-08
49250.04800076804 8.341543330951049e-08
49300.04800076804 6.680910909718193e-08
49350.04800076804 2.5458668978884716e-08
49400.04800076804 3.66476515783947e-08
49450.04800076804 3.197627672314154e-08
49500.04800076804 2.708810330706643e-08
49550.04800076804 4.7792019287192964e-09
49600.04800076804 1.4177395070810527e-08
49650.04800076804 4.0234833857439024e-08
49700.04800076804 5.062658724017468e-08
49750.04800076804 4.522638310187068e-08
49800.04800076804 2.5941781051973562e-08
49850.04800076804 6.022205912423423e-08
49900.04800076804 6.370441101097329e-08
49950.04800076804 5.458765369785271e-08
50000.04800076804 3.912253924552654e-08
50050.04800076804 4.600632184846857e-08
50100.04800076804 3.8695935463935596e-08
50150.04800076804 1.55043759885992e-08
50200.04800076804 2.7115702754549684e-09
50250.04800076804 1.548808622526553e-08
50300.04800076804 1.1084723862386264e-08
50350.04800076804 4.3598850819714974e-08
50400.04800076804 5.2873681524469435e-08
50450.04800076804 3.772923986781733e-08
50500.04800076804 6.004141527498576e-08
50550.04800076804 6.550827090083383e-08
50600.04800076804 4.1363734743730695e-08
50650.04800076804 6.106356224814705e-08
50700.04800076804 6.343797629960726e-08
50750.04800076804 3.602007645169454e-08
50800.04800076804 1.1031664382786578e-08
50850.04800076804 5.213544328009993e-09
50900.04800076804 3.6547477577003905e-08
50950.04800076804 4.0959760727109666e-08
51000.04800076804 2.8100758345776637e-08
51050.04800076804 4.359649126822232e-08
51100.04800076804 1.4105004743701897e-08
51150.04800076804 1.523864786154214e-08
51200.04800076804 5.531165080698897e-08
51250.04800076804 3.8480045748723487e-08
51300.04800076804 2.635821068801771e-08
51350.04800076804 2.4316759521493166e-08
51400.04800076804 6.954250248723465e-09
51450.04800076804 5.764891508759696e-09
51500.04800076804 5.04986061158445e-09
51550.04800076804 1.9893011778193774e-08
51600.04800076804 2.214282739954624e-08
51650.04800076804 3.257693591408909e-08
51700.04800076804 2.8660153033424955e-08
51750.04800076804 1.8436496048822095e-08
51800.04800076804 4.309581288833096e-08
51850.04800076804 3.3360181746435976e-08
51900.04800076804 3.4672505590928817e-08
51950.04800076804 1.7408642544826956e-08
52000.04800076804 1.8203816252143312e-09
52050.04800076804 8.94889205373902e-09
52100.04800076804 5.202582649730953e-09
52150.04800076804 2.8758064816098426e-09
52200.04800076804 1.0012942307294211e-08
52250.04800076804 1.9896431140787235e-08
52300.04800076804 2.4204690755031217e-08
52350.04800076804 5.790125205729869e-09
52400.04800076804 6.699797392338996e-09
52450.04800076804 2.8009341895022677e-08
52500.04800076804 2.2446684798178553e-08
52550.04800076804 2.692199915326828e-08
52600.04800076804 2.2658914251109846e-08
52650.04800076804 2.5967214928829316e-08
52700.04800076804 1.557269537405866e-08
52750.04800076804 5.843044412020297e-09
52800.04800076804 1.053550040632413e-08
52850.04800076804 1.3274788297128314e-08
52900.04800076804 4.593955967890456e-09
52950.04800076804 8.502102094400434e-09
53000.04800076804 2.0651646647879145e-08
53050.04800076804 6.448015538226557e-09
53100.04800076804 2.8889714956861546e-08
53150.04800076804 3.229360437072679e-08
53200.04800076804 1.1811699066932029e-08
53250.04800076804 2.732810748833915e-08
53300.04800076804 2.8403198697150606e-08
53350.04800076804 2.663704493739811e-08
53400.04800076804 1.5241447206263704e-08
53450.04800076804 3.839201110487857e-09
53500.04800076804 8.523277502901931e-10
53550.04800076804 1.926308717737219e-09
53600.04800076804 8.989175221300222e-09
53650.04800076804 1.222455148433908e-08
53700.04800076804 1.0074612536689354e-08
53750.04800076804 8.463111310290416e-09
53800.04800076804 8.23089282632359e-09
53850.04800076804 1.6132763804698002e-08
53900.04800076804 2.5009548818445584e-08
53950.04800076804 2.200058693668333e-08
54000.04800076804 1.467953689301822e-08
54050.04800076804 1.5092831854787124e-08
54100.04800076804 2.8929739126349314e-09
54150.04800076804 3.993204548577815e-09
54200.04800076804 6.689451922416398e-10
54250.04800076804 1.8488561640538337e-09
54300.04800076804 5.827316672257772e-09
54350.04800076804 9.750600499303336e-09
54400.04800076804 7.1940296200953894e-09
54450.04800076804 6.434654663155842e-09
54500.04800076804 7.187581942595173e-09
54550.04800076804 6.320661334011363e-09
54600.04800076804 4.968777946005646e-09
54650.04800076804 5.380130207600388e-10
54700.04800076804 5.145022585904661e-09
54750.04800076804 5.152723536906296e-09
54800.04800076804 2.674226132859816e-09
54850.04800076804 4.654069829377708e-09
54900.04800076804 8.83122565382764e-09
54950.04800076804 1.5700344608102653e-08
55000.04800076804 5.396403024812041e-09
55050.04800076804 6.578107729568437e-09
55100.04800076804 1.0432689350533177e-08
55150.04800076804 4.672283281411383e-09
55200.04800076804 2.911305509769767e-09
55250.04800076804 4.905544268016744e-09
55300.04800076804 3.4947845503224755e-09
55350.04800076804 6.570748593360707e-09
55400.04800076804 6.82227902058963e-09
55450.04800076804 4.79423253213107e-09
55500.04800076804 1.8281081653104204e-09
55550.04800076804 1.3480900570609343e-09
55600.04800076804 3.2003736253835137e-09
55650.04800076804 2.918909418796817e-09
55700.04800076804 2.872926424687712e-09
55750.04800076804 1.994557845004388e-09
55800.04800076804 7.591764769544655e-10
55850.04800076804 1.6611167117315572e-09
55900.04800076804 4.6833607915882156e-09
55950.04800076804 7.741849868637e-09
56000.04800076804 2.808767494784252e-09
56050.04800076804 2.9539841630799327e-09
56100.04800076804 4.711031152706581e-09
56150.04800076804 1.766324592072063e-09
56200.04800076804 2.814479618481598e-09
56250.04800076804 6.6178508830936e-09
56300.04800076804 3.444742515862301e-09
56350.04800076804 1.6106625820710665e-09
56400.04800076804 4.6207866992177326e-10
56450.04800076804 4.680117098245434e-10
56500.04800076804 2.8530439289766914e-09
56550.04800076804 1.092003057612571e-09
56600.04800076804 4.204618056401218e-09
56650.04800076804 4.7605136339434045e-09
56700.04800076804 3.035363740871535e-09
56750.04800076804 1.0516308493742485e-09
56800.04800076804 1.7899723949891643e-09
56850.04800076804 3.1017022909875033e-09
56900.04800076804 1.5364579158979517e-09
56950.04800076804 4.034169357956935e-09
57000.04800076804 5.430603726914565e-09
57050.04800076804 2.6124749870064237e-09
57100.04800076804 5.885636550144323e-10
57150.04800076804 1.2948736303540459e-09
57200.04800076804 8.378118774328407e-10
57250.04800076804 1.475151056205704e-09
57300.04800076804 2.238411459933262e-09
57350.04800076804 1.1174478121069356e-09
57400.04800076804 3.5529155707227392e-09
57450.04800076804 1.2857731378768064e-09
57500.04800076804 1.1277117476067102e-09
57550.04800076804 1.762128920577333e-09
57600.04800076804 1.3200972422961224e-09
57650.04800076804 2.7504911121831644e-10
57700.04800076804 7.636942505240346e-10
57750.04800076804 2.0929355167975334e-09
57800.04800076804 7.190510284508377e-10
57850.04800076804 5.02074091715369e-09
57900.04800076804 7.300340280228634e-09
57950.04800076804 7.682248021754559e-09
58000.04800076804 1.7369175365405053e-09
58050.04800076804 3.9007345957434e-09
58100.04800076804 2.7069165278931665e-09
58150.04800076804 1.7707942454897056e-09
58200.04800076804 2.570783560537198e-10
58250.04800076804 6.869649886803634e-10
58300.04800076804 7.248234587040392e-10
58350.04800076804 1.0222372907342267e-09
58400.04800076804 3.0317155244665824e-09
58450.04800076804 3.97452964838184e-09
58500.04800076804 4.327879758309928e-09
58550.04800076804 2.3277259226668847e-09
58600.04800076804 7.336385100405163e-10
58650.04800076804 1.2930625757831054e-09
58700.04800076804 1.8737250379903983e-09
58750.04800076804 1.561102111590432e-09
58800.04800076804 8.898012270129932e-11
58850.04800076804 7.578454718640553e-10
58900.04800076804 9.690686910141162e-10
58950.04800076804 4.1996158353066465e-10
59000.04800076804 1.287823995705868e-09
59050.04800076804 2.262647953248589e-09
59100.04800076804 1.6888572115947995e-09
59150.04800076804 1.523488039474468e-09
59200.04800076804 2.6954723570251456e-09
59250.04800076804 2.775829043696074e-09
59300.04800076804 1.9321329153323346e-09
59350.04800076804 1.6218929112284991e-10
59400.04800076804 2.9423750808733284e-10
59450.04800076804 2.1771493113010018e-09
59500.04800076804 1.4466192963054616e-09
59550.04800076804 2.704897710147799e-09
59600.04800076804 3.335734494525464e-09
59650.04800076804 1.2548210761491068e-09
59700.04800076804 8.36683835568015e-10
59750.04800076804 3.9796879156949106e-09
59800.04800076804 1.5596823186468576e-09
59850.04800076804 1.7646151514355163e-09
59900.04800076804 4.5589462784880733e-10
59950.04800076804 1.7134871374019786e-09
60000.04800076804 4.476720529438297e-09
60050.04800076804 6.021263922864905e-09
60100.04800076804 3.0209174736714453e-09
60150.04800076804 8.896561803036066e-10
60200.04800076804 2.2238315253937233e-09
60250.04800076804 5.511660040555877e-09
60300.04800076804 5.0774166501406614e-09
60350.04800076804 2.8555542163449655e-09
60400.04800076804 2.0464043576755835e-09
60450.04800076804 3.077691226595518e-10
60500.04800076804 5.4634430221541794e-11
60550.04800076804 1.3923994377422528e-09
60600.04800076804 2.635816507397497e-09
60650.04800076804 1.3372225886218532e-09
60700.04800076804 8.157751114908685e-10
60750.04800076804 2.5535932339251254e-10
60800.04800076804 2.364562258350133e-09
60850.04800076804 4.820598298535692e-09
60900.04800076804 4.092951332529802e-09
60950.04800076804 2.486270872793883e-09
61000.04800076804 3.981064891988665e-09
61050.04800076804 9.548043708963196e-10
61100.04800076804 9.088898264909994e-10
61150.04800076804 2.0510028604296895e-10
61200.04800076804 2.364212751800614e-09
61250.04800076804 3.11624649299361e-09
61300.04800076804 1.893095070517457e-09
61350.04800076804 4.635976305515482e-09
61400.04800076804 1.1814353170445172e-09
61450.04800076804 4.044762713149772e-10
61500.04800076804 2.8859068170044233e-10
61550.04800076804 1.498790088231288e-09
61600.04800076804 4.731881762882602e-10
61650.04800076804 1.131380822290064e-09
61700.04800076804 2.0292198506603636e-09
61750.04800076804 2.0844156557119596e-09
61800.04800076804 1.3349460488688911e-09
61850.04800076804 2.686919891786184e-10
61900.04800076804 2.9425098889858126e-09
61950.04800076804 3.825790770354689e-09
62000.04800076804 3.103781807537961e-09
62050.04800076804 7.250054602835869e-09
62100.04800076804 2.002621950034959e-09
62150.04800076804 4.852473982262331e-09
62200.04800076804 4.428160613568392e-09
62250.04800076804 2.7355958650300163e-09
62300.04800076804 8.512713499040793e-09
62350.04800076804 7.788668081960339e-09
62400.04800076804 4.515703341776904e-09
62450.04800076804 4.36879589786517e-09
62500.04800076804 9.220070980867152e-09
62550.04800076804 1.5134884252244048e-08
62600.04800076804 6.605555474717437e-09
62650.04800076804 4.779573757826031e-09
62700.04800076804 2.81720492896709e-09
62750.04800076804 7.2722759572600435e-09
62800.04800076804 4.13193879000108e-09
62850.04800076804 4.992083706183784e-09
62900.04800076804 7.2838450019296315e-09
62950.04800076804 1.4844353964636544e-08
63000.04800076804 5.1140313616030845e-09
63050.04800076804 2.0965484472725877e-08
63100.04800076804 1.8819079583965915e-08
63150.04800076804 1.3313889258031124e-08
63200.04800076804 8.731925165433508e-09
63250.04800076804 1.045364837576336e-08
63300.04800076804 3.426721784297768e-09
63350.04800076804 3.7874954558771135e-09
63400.04800076804 1.2876368718403816e-09
63450.04800076804 4.380500761887946e-10
63500.04800076804 3.94464179437025e-09
