galfind/configs/Brown_Dwarf_templates/sonora_cholla/logkzz2/1000g/600K_1000g_logkzz2_resample.dat
# %ECSV 1.0
# ---
# datatype:
# - {name: wav, unit: Angstrom, datatype: float64}
# - {name: flux_nu, unit: erg / (cm2 Hz s), datatype: float64}
# schema: astropy-2.0
wav flux_nu
[from data line 417]
23850.04800076804 5.327695837644709e-11
23900.04800076804 1.2049525159705085e-10
23950.04800076804 6.450056267491209e-11
24000.04800076804 1.423631756100459e-10
24050.04800076804 1.5045822528192196e-10
24100.04800076804 1.593006004149982e-10
24150.04800076804 2.3434707214754145e-10
24200.04800076804 1.9531631118991232e-10
24250.04800076804 1.294631375851382e-10
24300.04800076804 2.9578689746373883e-10
24350.04800076804 1.8168339191182754e-10
24400.04800076804 4.292413624551484e-10
24450.04800076804 4.0475596770232433e-10
24500.04800076804 3.567562660780832e-10
24550.04800076804 6.080342413287666e-10
24600.04800076804 6.955455741712428e-10
24650.04800076804 8.375574808560022e-10
24700.04800076804 5.834612994673569e-10
24750.04800076804 7.276644766756039e-10
24800.04800076804 6.127548379808606e-10
24850.04800076804 9.539225445478133e-10
24900.04800076804 3.442438080640222e-10
24950.04800076804 7.245321332600417e-10
25000.04800076804 7.195879356436313e-10
25050.04800076804 3.652859572463092e-10
25100.04800076804 6.307062625739972e-10
25150.04800076804 2.6802511505074325e-10
25200.04800076804 4.022180840955148e-10
25250.04800076804 1.4289018075975948e-10
25300.04800076804 2.0428821723692882e-10
25350.04800076804 8.262342565165454e-11
25400.04800076804 2.4192266569860517e-10
25450.04800076804 7.734087335550968e-11
25500.04800076804 6.241475614422026e-11
25550.04800076804 1.4913493461138793e-10
25600.04800076804 7.214731580832433e-11
25650.04800076804 3.295021292630923e-11
25700.04800076804 4.1192828186399554e-11
25750.04800076804 1.3904044516017235e-11
25800.04800076804 7.238960319504669e-11
25850.04800076804 1.2247544789271914e-11
25900.04800076804 2.0567664226982508e-11
25950.04800076804 5.4353575819537946e-12
26000.04800076804 6.069238277759692e-11
26050.04800076804 7.803282962365243e-12
26100.04800076804 4.547470666591171e-11
26150.04800076804 1.8084918761213223e-11
26200.04800076804 2.3636550804904462e-11
26250.04800076804 1.5872710961692038e-10
26300.04800076804 2.985551737415237e-11
26350.04800076804 2.704043294492898e-10
26400.04800076804 4.269886593962173e-10
26450.04800076804 2.189382171275617e-10
26500.04800076804 5.279455892086622e-10
26550.04800076804 6.235483447612783e-11
26600.04800076804 5.890495520933885e-11
26650.04800076804 1.0916295387626355e-11
26700.04800076804 6.018037318722085e-12
26750.04800076804 1.0150133638343065e-11
26800.04800076804 2.658917016297797e-11
26850.04800076804 1.707534788285704e-11
26900.04800076804 7.742189744456574e-11
26950.04800076804 2.4573847707574202e-11
27000.04800076804 1.315975731516419e-10
27050.04800076804 1.681921986171365e-10
27100.04800076804 2.1980756165567516e-11
27150.04800076804 2.168566763239117e-10
27200.04800076804 2.027152388231124e-11
27250.04800076804 6.475072534917237e-11
27300.04800076804 5.414286489777404e-10
27350.04800076804 1.6171375616781062e-10
27400.04800076804 9.916855573675889e-12
27450.04800076804 2.1606724837649748e-10
27500.04800076804 3.135670548165921e-10
27550.04800076804 4.057512991748507e-11
27600.04800076804 1.2252968804464882e-10
27650.04800076804 3.312827036148693e-11
27700.04800076804 3.13959670157716e-11
27750.04800076804 1.8344256862403836e-10
27800.04800076804 6.386555970819182e-11
27850.04800076804 9.335069517617502e-11
27900.04800076804 1.3800604688925793e-10
27950.04800076804 3.228384504140814e-10
28000.04800076804 2.4405118513339425e-10
28050.04800076804 3.8782205901345284e-11
28100.04800076804 3.9146905699854397e-10
28150.04800076804 2.442927186579686e-10
28200.04800076804 6.728695906540803e-11
28250.04800076804 5.215050332281599e-10
28300.04800076804 6.553305200405989e-10
28350.04800076804 8.238943769043134e-11
28400.04800076804 3.6633338591107255e-10
28450.04800076804 8.108822650476333e-10
28500.04800076804 3.438525204609753e-10
28550.04800076804 9.303378524544063e-11
28600.04800076804 6.461869382367694e-10
28650.04800076804 5.270627670343524e-10
28700.04800076804 5.160981848492646e-10
28750.04800076804 1.2780687079432664e-09
28800.04800076804 7.950759389697122e-10
28850.04800076804 1.0774077360503199e-09
28900.04800076804 5.242332701760052e-10
28950.04800076804 1.2996883569363813e-09
29000.04800076804 9.07230535286943e-10
29050.04800076804 1.0638144453361593e-09
29100.04800076804 7.340003715642592e-10
29150.04800076804 1.535151863990258e-09
29200.04800076804 1.3517040495081793e-09
29250.04800076804 1.813815613785473e-09
29300.04800076804 9.960273566594755e-10
29350.04800076804 4.34636837650895e-09
29400.04800076804 9.847278926453832e-10
29450.04800076804 1.0048805249235097e-09
29500.04800076804 3.080506574056179e-09
29550.04800076804 1.3424132012583052e-09
29600.04800076804 2.1726703955472705e-09
29650.04800076804 3.89594297564951e-09
29700.04800076804 9.41764925900751e-10
29750.04800076804 2.347140032317514e-09
29800.04800076804 2.0396812401353212e-09
29850.04800076804 4.3861964581857935e-09
29900.04800076804 3.523984970134819e-09
29950.04800076804 2.3610060325479163e-09
30000.04800076804 2.1217099453344218e-10
30050.04800076804 6.97251671961128e-10
30100.04800076804 1.883238065786266e-09
30150.04800076804 3.945545006233912e-09
30200.04800076804 2.1658712670665816e-09
30250.04800076804 6.292909271497848e-09
30300.04800076804 5.769920452235185e-09
30350.04800076804 2.0549535525220726e-09
30400.04800076804 6.2193375711760795e-09
30450.04800076804 3.983213621411794e-09
30500.04800076804 3.2411852501658313e-09
30550.04800076804 2.313769897568201e-09
30600.04800076804 9.896549451547994e-09
30650.04800076804 5.225068995749807e-09
30700.04800076804 3.4714483727540884e-09
30750.04800076804 5.504005008787254e-09
30800.04800076804 3.89038565190728e-09
30850.04800076804 4.797844888797407e-09
30900.04800076804 3.606106245667303e-09
30950.04800076804 1.8492509751157076e-09
31000.04800076804 3.0795148486958428e-09
31050.04800076804 2.762771657221206e-09
31100.04800076804 1.539897737608189e-09
31150.04800076804 2.4394879358008624e-09
31200.04800076804 5.112606572400336e-09
31250.04800076804 1.9243320429489453e-09
31300.04800076804 1.665247050199228e-09
31350.04800076804 2.763003131595311e-09
31400.04800076804 1.571414544161399e-09
31450.04800076804 2.031156579098994e-09
31500.04800076804 8.432157848449378e-10
31550.04800076804 1.1424631191858064e-09
31600.04800076804 8.91919308342029e-10
31650.04800076804 6.622916834392875e-10
31700.04800076804 8.092764271760662e-10
31750.04800076804 2.8653049162644843e-10
31800.04800076804 7.259257128826857e-10
31850.04800076804 1.7273560571323445e-10
31900.04800076804 4.205627238788594e-10
31950.04800076804 2.239194978990876e-10
32000.04800076804 2.1113812771020504e-10
32050.04800076804 2.1692441978941352e-10
32100.04800076804 1.6283654357972545e-10
32150.04800076804 2.1885184836161765e-10
32200.04800076804 1.1559292898220786e-10
32250.04800076804 2.7549248389254423e-10
32300.04800076804 8.632599039568864e-11
32350.04800076804 3.048259173562168e-10
32400.04800076804 7.425562554419624e-11
32450.04800076804 2.1872064560961153e-10
32500.04800076804 8.816278067091836e-11
32550.04800076804 2.1773315748459638e-10
32600.04800076804 9.890407225019463e-11
32650.04800076804 3.814653566772868e-10
32700.04800076804 1.439861949903436e-10
32750.04800076804 7.231925114137023e-10
32800.04800076804 4.678062797601614e-10
32850.04800076804 1.22753457062232e-09
32900.04800076804 1.0690346487073601e-09
32950.04800076804 1.1916069912526188e-09
33000.04800076804 4.684078627504717e-10
33050.04800076804 5.386819073466771e-10
33100.04800076804 1.5313041559006457e-10
33150.04800076804 2.7139945180248095e-13
33200.04800076804 6.87888530342245e-12
33250.04800076804 1.0661721992446998e-11
33300.04800076804 6.547691130618577e-11
33350.04800076804 1.8946616437265084e-10
33400.04800076804 4.921946323321817e-10
33450.04800076804 2.8083017586643897e-10
33500.04800076804 9.812143185754148e-10
33550.04800076804 3.0604320906525157e-10
33600.04800076804 5.113779544626668e-10
33650.04800076804 5.440250264085045e-10
33700.04800076804 2.3934657428784314e-10
33750.04800076804 7.048724434010236e-10
33800.04800076804 1.1057508978723476e-10
33850.04800076804 3.681288416951001e-10
33900.04800076804 4.0462169942640667e-10
33950.04800076804 3.4883671844194486e-10
34000.04800076804 7.336257333673842e-10
34050.04800076804 1.2548231980796745e-10
34100.04800076804 5.713501437007475e-10
34150.04800076804 2.3454092829817645e-10
34200.04800076804 5.778909038102374e-10
34250.04800076804 4.051706147042597e-10
34300.04800076804 3.532439077424294e-10
34350.04800076804 9.665118818476848e-10
34400.04800076804 2.6272563375821e-10
34450.04800076804 8.935923613878469e-10
34500.04800076804 4.617471552538622e-10
34550.04800076804 3.955446141173837e-10
34600.04800076804 1.5650218255915954e-09
34650.04800076804 2.446131058281283e-10
34700.04800076804 9.058589432430342e-10
34750.04800076804 6.460888940249346e-10
34800.04800076804 4.812805302390887e-10
34850.04800076804 1.6455408886403882e-09
34900.04800076804 4.717501737484387e-10
34950.04800076804 1.2900765736556304e-09
35000.04800076804 2.2086534204529597e-09
35050.04800076804 1.1341147698514827e-09
35100.04800076804 2.911614682090132e-09
35150.04800076804 2.4659784118200355e-09
35200.04800076804 1.9825436599971882e-09
35250.04800076804 3.064373481286468e-09
35300.04800076804 1.1444456784377399e-09
35350.04800076804 1.984295649063696e-09
35400.04800076804 1.4378117082871997e-09
35450.04800076804 1.1755544916100679e-09
35500.04800076804 4.390355908656787e-09
35550.04800076804 2.330383621051806e-09
35600.04800076804 3.1394155356152027e-09
35650.04800076804 3.451493246484998e-09
35700.04800076804 2.9179312689489443e-09
35750.04800076804 5.796859460614781e-09
35800.04800076804 3.3044547778875365e-09
35850.04800076804 1.6526544931097444e-09
35900.04800076804 3.0731667072043765e-09
35950.04800076804 3.9758681923388414e-09
36000.04800076804 2.749639979483829e-09
36050.04800076804 3.0629053824214904e-09
36100.04800076804 2.70145033248422e-09
36150.04800076804 6.709563033265003e-09
36200.04800076804 6.3685969411997516e-09
36250.04800076804 4.745766547494387e-09
36300.04800076804 9.329854351853886e-09
36350.04800076804 5.986822290016765e-09
36400.04800076804 1.0177891554847948e-08
36450.04800076804 7.000851917297e-09
36500.04800076804 7.543878185895375e-09
36550.04800076804 1.4404733430913743e-08
36600.04800076804 1.5848973462495487e-08
36650.04800076804 1.0746182283029762e-08
36700.04800076804 1.0999933193080796e-08
36750.04800076804 1.516408798890711e-08
36800.04800076804 1.619790314069962e-08
36850.04800076804 8.677986196557902e-09
36900.04800076804 1.231104216586353e-08
36950.04800076804 1.6414815814703985e-08
37000.04800076804 1.1741754968818633e-08
37050.04800076804 1.793692635922292e-08
37100.04800076804 1.0375881656722556e-08
37150.04800076804 1.4183834097513382e-08
37200.04800076804 2.1039273954856124e-08
37250.04800076804 1.2469198614227112e-08
37300.04800076804 1.0278270729117991e-08
37350.04800076804 1.701078314641018e-08
37400.04800076804 2.6261708967430968e-08
37450.04800076804 1.0565738621664611e-08
37500.04800076804 1.4087908258716371e-08
37550.04800076804 3.0378910755662e-08
37600.04800076804 4.0884560680338826e-08
37650.04800076804 1.5042364935360822e-08
37700.04800076804 2.5299127513404376e-08
37750.04800076804 1.724155847098078e-08
37800.04800076804 1.9273981930229762e-08
37850.04800076804 1.1068796726728789e-08
37900.04800076804 1.4186509197070982e-08
37950.04800076804 2.2545301358640037e-08
38000.04800076804 2.3865836832148567e-08
38050.04800076804 2.869162153906712e-08
38100.04800076804 3.8034581196597675e-08
38150.04800076804 3.8528017424573645e-08
38200.04800076804 3.212980557391291e-08
38250.04800076804 3.661941098429683e-08
38300.04800076804 6.127033816810142e-08
38350.04800076804 4.995286154473799e-08
38400.04800076804 2.4357313244660568e-08
38450.04800076804 1.484663435608861e-08
38500.04800076804 1.0530312620398404e-08
38550.04800076804 2.6926447636480666e-08
38600.04800076804 3.099733187175688e-08
38650.04800076804 3.713106649763678e-08
38700.04800076804 3.6851375820025084e-08
38750.04800076804 3.83795123581221e-08
38800.04800076804 3.046592783496289e-08
38850.04800076804 4.197277377419323e-08
38900.04800076804 4.5038385196494984e-08
38950.04800076804 2.904501098525228e-08
39000.04800076804 4.9027744048415356e-08
39050.04800076804 3.028310528825574e-08
39100.04800076804 4.164051981527422e-08
39150.04800076804 4.895226316678763e-08
39200.04800076804 3.9094677382914115e-08
39250.04800076804 5.2502638698123934e-08
39300.04800076804 4.306841759743473e-08
39350.04800076804 7.240541233789327e-08
39400.04800076804 4.8991894212564757e-08
39450.04800076804 5.8616036419344484e-08
39500.04800076804 6.761510001403583e-08
39550.04800076804 4.251571431999627e-08
39600.04800076804 5.7553198151933136e-08
39650.04800076804 8.551678622206544e-08
39700.04800076804 6.843247768663749e-08
39750.04800076804 3.340328816065818e-08
39800.04800076804 4.13170421002e-08
39850.04800076804 8.588085971950011e-08
39900.04800076804 9.072274049103338e-08
39950.04800076804 5.503522874900737e-08
40000.04800076804 8.766005383947393e-08
40050.04800076804 8.158184010307192e-08
40100.04800076804 3.2290597227820716e-08
40150.04800076804 7.922703066649987e-08
40200.04800076804 8.905219061430103e-08
40250.04800076804 9.695277664687846e-08
40300.04800076804 9.240340290993135e-08
40350.04800076804 5.133708719543328e-08
40400.04800076804 8.563919849638559e-08
40450.04800076804 5.310160196354879e-08
40500.04800076804 9.822542635347947e-08
40550.04800076804 9.002353174368356e-08
40600.04800076804 9.080438926969361e-08
40650.04800076804 7.129519919213314e-08
40700.04800076804 1.3305447645561865e-07
40750.04800076804 9.364305737101154e-08
40800.04800076804 5.61462049816574e-08
40850.04800076804 1.304846469230185e-07
40900.04800076804 1.2401045996788812e-07
40950.04800076804 8.023713944453572e-08
41000.04800076804 9.847277384768911e-08
41050.04800076804 1.378896603180468e-07
41100.04800076804 1.0524903344681505e-07
41150.04800076804 4.86635362382276e-08
41200.04800076804 1.305140829928289e-07
41250.04800076804 1.1063640189865723e-07
41300.04800076804 1.1423716213430435e-07
41350.04800076804 1.4722213146885854e-07
41400.04800076804 1.1951850190199526e-07
41450.04800076804 1.3513817266200817e-07
41500.04800076804 8.912245400242858e-08
41550.04800076804 7.98917058475746e-08
41600.04800076804 1.0206029998227842e-07
41650.04800076804 1.3380404229320214e-07
41700.04800076804 1.35442395710169e-07
41750.04800076804 1.1787394280447324e-07
41800.04800076804 1.4997484258633537e-07
41850.04800076804 9.660743568503818e-08
41900.04800076804 8.853779557078738e-08
41950.04800076804 1.139301425733994e-07
42000.04800076804 1.193663052019598e-07
42050.04800076804 1.0262252202040087e-07
42100.04800076804 1.3656575285605272e-07
42150.04800076804 1.0543579009742585e-07
42200.04800076804 1.1030832356037784e-07
42250.04800076804 9.096401666643791e-08
42300.04800076804 8.306737979361169e-08
42350.04800076804 1.1989733283753288e-07
42400.04800076804 1.3530550767951372e-07
42450.04800076804 1.203618982341064e-07
42500.04800076804 1.1978797085966987e-07
42550.04800076804 1.093642856296458e-07
42600.04800076804 1.0772904755826111e-07
42650.04800076804 1.5786033335292732e-07
42700.04800076804 8.138136148178578e-08
42750.04800076804 9.470078784787527e-08
42800.04800076804 1.2247493104655108e-07
42850.04800076804 1.368286579164897e-07
42900.04800076804 1.4338627719457984e-07
42950.04800076804 1.0604282896869685e-07
43000.04800076804 1.3139139399941638e-07
43050.04800076804 6.164332396205105e-08
43100.04800076804 1.0921142964701159e-07
43150.04800076804 1.0070855732935003e-07
43200.04800076804 1.2039927658821045e-07
43250.04800076804 1.789904357154591e-07
43300.04800076804 1.5561581120013846e-07
43350.04800076804 8.250416096387108e-08
43400.04800076804 1.1819943444101337e-07
43450.04800076804 8.876725858565515e-08
43500.04800076804 9.895407407093949e-08
43550.04800076804 9.089000512395511e-08
43600.04800076804 1.404847150640377e-07
