galfind/configs/Brown_Dwarf_templates/sonora_cholla/logkzz2/1000g/650K_1000g_logkzz2_resample.dat
# %ECSV 1.0
# ---
# datatype:
# - {name: wav, unit: Angstrom, datatype: float64}
# - {name: flux_nu, unit: erg / (cm2 Hz s), datatype: float64}
# schema: astropy-2.0
wav flux_nu
3000.0480007680403 nan
3050.0480007680403 0.0
3100.0480007680403 0.0
3150.0480007680403 0.0
3200.0480007680403 0.0
3250.0480007680403 0.0
3300.0480007680403 0.0
3350.0480007680403 0.0
3400.0480007680403 0.0
3450.0480007680403 0.0
3500.0480007680403 0.0
3550.0480007680403 0.0
3600.0480007680403 0.0
3650.0480007680403 0.0
3700.0480007680403 0.0
3750.0480007680403 0.0
3800.0480007680403 0.0
3850.0480007680403 0.0
3900.0480007680403 0.0
3950.0480007680403 0.0
4000.0480007680403 0.0
4050.0480007680403 0.0
4100.04800076804 0.0
4150.04800076804 0.0
4200.04800076804 0.0
4250.04800076804 0.0
4300.04800076804 0.0
4350.04800076804 0.0
4400.04800076804 0.0
4450.04800076804 0.0
4500.04800076804 0.0
4550.04800076804 0.0
4600.04800076804 0.0
4650.04800076804 0.0
4700.04800076804 0.0
4750.04800076804 0.0
4800.04800076804 0.0
4850.04800076804 0.0
4900.04800076804 0.0
4950.04800076804 0.0
5000.04800076804 8.663498767251332e-12
5050.04800076804 2.312498926405752e-11
5100.04800076804 2.6874188478150642e-11
5150.04800076804 3.144894894242297e-11
5200.04800076804 3.675446876346289e-11
5250.04800076804 4.26737190272684e-11
5300.04800076804 4.9370437923072003e-11
5350.04800076804 5.6938395502796834e-11
5400.04800076804 6.526213895075492e-11
5450.04800076804 7.475131210856483e-11
5500.04800076804 8.544511488738785e-11
5550.04800076804 9.737311977565768e-11
5600.04800076804 1.1033770231259618e-10
5650.04800076804 1.2405455443152131e-10
5700.04800076804 1.3707307252213777e-10
5750.04800076804 1.5076050273813842e-10
5800.04800076804 1.600697758397886e-10
5850.04800076804 1.566477843792736e-10
5900.04800076804 6.264829011587518e-11
5950.04800076804 1.017350888924331e-10
6000.04800076804 2.36184904945395e-10
6050.04800076804 3.0368194618562326e-10
6100.04800076804 3.6370396160219416e-10
6150.04800076804 4.211154736563613e-10
6200.04800076804 4.795600354797894e-10
6250.04800076804 5.38621885375827e-10
6300.04800076804 6.055605587613186e-10
6350.04800076804 6.778659239413021e-10
6400.04800076804 7.537516571789892e-10
6450.04800076804 8.10186191677437e-10
6500.04800076804 8.953712886415065e-10
6550.04800076804 1.0006274828285549e-09
6600.04800076804 1.1105609128500223e-09
6650.04800076804 1.2417924175787134e-09
6700.04800076804 1.3939580459170473e-09
6750.04800076804 1.5494872607227637e-09
6800.04800076804 1.7111623785863863e-09
6850.04800076804 1.8856549675262523e-09
6900.04800076804 1.926403364655191e-09
6950.04800076804 1.951128882178497e-09
7000.04800076804 2.1920366702207005e-09
7050.04800076804 2.2864684447166826e-09
7100.04800076804 2.4506572348137906e-09
7150.04800076804 2.1047392343701213e-09
7200.04800076804 1.9974993787631713e-09
7250.04800076804 2.299983635381867e-09
7300.04800076804 2.3942731776933373e-09
7350.04800076804 2.7441592655537785e-09
7400.04800076804 3.146083272938466e-09
7450.04800076804 3.6303226353182807e-09
7500.04800076804 4.015390416755587e-09
7550.04800076804 4.406407601663163e-09
7600.04800076804 4.7736025804611876e-09
7650.04800076804 5.071771662027095e-09
7700.04800076804 3.955040912812849e-09
7750.04800076804 2.461689657272942e-09
7800.04800076804 5.699602004846481e-09
7850.04800076804 6.0797258935394175e-09
7900.04800076804 6.5175769197387065e-09
7950.04800076804 7.019876437309024e-09
8000.04800076804 7.342321762798635e-09
8050.04800076804 7.608109786933373e-09
8100.04800076804 6.126884513131241e-09
8150.04800076804 5.264419627621002e-09
8200.04800076804 7.377076610648064e-09
8250.04800076804 7.063714458772272e-09
8300.04800076804 7.680603325301032e-09
8350.04800076804 7.798421384463522e-09
8400.04800076804 8.260649162432473e-09
8450.04800076804 9.457580177175612e-09
8500.04800076804 1.0489659606861537e-08
8550.04800076804 1.1689015213567307e-08
8600.04800076804 1.306550961218298e-08
8650.04800076804 1.4045557919930111e-08
8700.04800076804 1.4413927492533182e-08
8750.04800076804 1.526841869555257e-08
8800.04800076804 1.5244748497554155e-08
8850.04800076804 1.2990646271437953e-08
8900.04800076804 6.018808391098044e-09
8950.04800076804 4.881179235230826e-09
9000.04800076804 4.647127368579761e-09
9050.04800076804 1.0211164250381067e-08
9100.04800076804 1.0658371090878034e-08
9150.04800076804 9.822519330552523e-09
9200.04800076804 1.1780860852595632e-08
9250.04800076804 8.56689762350119e-09
9300.04800076804 4.349834135028852e-10
9350.04800076804 8.29436041551862e-10
9400.04800076804 3.0843341632392155e-09
9450.04800076804 2.336828306680199e-09
9500.04800076804 1.848104845216305e-09
9550.04800076804 1.8981600776587942e-09
9600.04800076804 1.9821703808368475e-09
9650.04800076804 2.9232900882527004e-09
9700.04800076804 5.46430311159992e-09
9750.04800076804 5.5959901149249474e-09
9800.04800076804 6.878759052825109e-09
9850.04800076804 8.529759288901713e-09
9900.04800076804 1.1401423569094678e-08
9950.04800076804 1.2192735910739492e-08
10000.04800076804 1.4978985515340268e-08
10050.04800076804 1.5636291185352602e-08
10100.04800076804 1.7920996902298036e-08
10150.04800076804 1.8891143387568696e-08
10200.04800076804 1.9843469658371474e-08
10250.04800076804 2.226142642517529e-08
10300.04800076804 2.502196778773245e-08
10350.04800076804 2.4939982536307104e-08
10400.04800076804 2.825447929208454e-08
10450.04800076804 3.01006677230297e-08
10500.04800076804 3.129203125873097e-08
10550.04800076804 3.252918586205441e-08
10600.04800076804 3.2245432688301085e-08
10650.04800076804 3.1780783855266986e-08
10700.04800076804 3.0168864374302576e-08
10750.04800076804 2.9420062260925844e-08
10800.04800076804 2.772454912180847e-08
10850.04800076804 2.5263638532727278e-08
10900.04800076804 1.975423461183827e-08
10950.04800076804 1.078006397731124e-08
11000.04800076804 6.280919671751403e-09
11050.04800076804 3.067014002160436e-09
11100.04800076804 1.523494892941935e-09
11150.04800076804 6.894518648336749e-10
11200.04800076804 6.341187435406499e-10
11250.04800076804 9.46784735825797e-10
11300.04800076804 1.1856281363858262e-09
11350.04800076804 4.2026890902954177e-10
11400.04800076804 1.7221767642286651e-09
11450.04800076804 9.667255879111856e-10
11500.04800076804 9.950175281431227e-10
11550.04800076804 3.5661063854282465e-10
11600.04800076804 2.57694164360388e-10
11650.04800076804 6.883762456610214e-10
11700.04800076804 8.807289652965652e-10
11750.04800076804 3.7206246383278454e-10
11800.04800076804 1.5365628087802012e-09
11850.04800076804 2.513210311073899e-09
11900.04800076804 3.3096030074761257e-09
11950.04800076804 5.0709687303094556e-09
12000.04800076804 7.2089533299466706e-09
12050.04800076804 9.939088090288483e-09
12100.04800076804 1.2689001633508363e-08
12150.04800076804 1.6144690396469614e-08
12200.04800076804 1.8848263591517364e-08
12250.04800076804 2.2774198117140762e-08
12300.04800076804 2.7838721361401346e-08
12350.04800076804 2.978090876825365e-08
12400.04800076804 3.616901071104757e-08
12450.04800076804 4.192920619013079e-08
12500.04800076804 4.5892303902990126e-08
12550.04800076804 5.007933706729331e-08
12600.04800076804 5.3644721202234015e-08
12650.04800076804 5.51038250496882e-08
12700.04800076804 5.538845386971327e-08
12750.04800076804 4.912190003028703e-08
12800.04800076804 4.4172842688087516e-08
12850.04800076804 3.447502624997548e-08
12900.04800076804 2.8832056463843713e-08
12950.04800076804 2.4400331745984653e-08
13000.04800076804 2.557114883284621e-08
13050.04800076804 1.9606914397098734e-08
13100.04800076804 1.9328894101691043e-08
13150.04800076804 1.3827837275079463e-08
13200.04800076804 1.3525793013473444e-08
13250.04800076804 9.242465574017086e-09
13300.04800076804 3.731146111242666e-09
13350.04800076804 1.1550178847902026e-09
13400.04800076804 2.6354949729086514e-10
13450.04800076804 8.364951450841053e-11
13500.04800076804 3.045003550840742e-11
13550.04800076804 1.0382671989889152e-11
13600.04800076804 3.257150741017764e-12
13650.04800076804 2.2049118405489047e-11
13700.04800076804 1.2083718316720645e-11
13750.04800076804 4.1910393704498064e-11
13800.04800076804 4.576245431858755e-11
13850.04800076804 1.6371559684369084e-11
13900.04800076804 2.398757660608532e-11
13950.04800076804 2.3408132719289426e-11
14000.04800076804 2.8643849058071652e-11
14050.04800076804 4.6260890446877515e-11
14100.04800076804 3.5868063391638924e-11
14150.04800076804 7.440947405735913e-11
14200.04800076804 4.878090771836115e-11
14250.04800076804 6.709377102998162e-11
14300.04800076804 2.2843294656532045e-10
14350.04800076804 1.7951278795075695e-10
14400.04800076804 1.8414787206328704e-10
14450.04800076804 3.394183327000132e-10
14500.04800076804 7.447808186216376e-10
14550.04800076804 7.858464860781534e-10
14600.04800076804 1.566743066291404e-09
14650.04800076804 1.1993761385153636e-09
14700.04800076804 6.496956425609896e-10
14750.04800076804 8.618456545324705e-10
14800.04800076804 1.031203729723965e-09
14850.04800076804 1.1072323129874584e-09
14900.04800076804 1.2814477684210366e-09
14950.04800076804 1.6371040392511667e-09
15000.04800076804 2.6395455342843967e-09
15050.04800076804 2.9285568054218412e-09
15100.04800076804 2.8259283325604075e-09
15150.04800076804 2.512893688253102e-09
15200.04800076804 3.708585354705415e-09
15250.04800076804 5.9054922779160755e-09
15300.04800076804 7.013093375609743e-09
15350.04800076804 9.012126988269848e-09
15400.04800076804 1.0873255251815931e-08
15450.04800076804 1.2618300455108378e-08
15500.04800076804 1.4548139590372273e-08
15550.04800076804 1.803132641247148e-08
15600.04800076804 2.148741339695907e-08
15650.04800076804 2.505193950234359e-08
15700.04800076804 2.993303515148145e-08
15750.04800076804 3.24989113231247e-08
15800.04800076804 3.4391180859154615e-08
15850.04800076804 3.671242398591528e-08
15900.04800076804 3.471701287698181e-08
15950.04800076804 3.295876747263053e-08
16000.04800076804 2.7286645058704658e-08
16050.04800076804 1.8981916797051856e-08
16100.04800076804 1.2725413744026272e-08
16150.04800076804 7.443841716734767e-09
16200.04800076804 4.016109553990436e-09
16250.04800076804 2.9904485397578063e-09
16300.04800076804 2.151418445603229e-09
16350.04800076804 2.5219728911826792e-09
16400.04800076804 3.0194887157391724e-09
16450.04800076804 3.0794323068648152e-09
16500.04800076804 3.1850227985920533e-09
16550.04800076804 3.1322571082378446e-09
16600.04800076804 4.506392340673138e-09
16650.04800076804 3.014103909458609e-09
16700.04800076804 5.681079638081524e-10
16750.04800076804 1.882802355061225e-09
16800.04800076804 2.873531861718407e-09
16850.04800076804 2.8165498569750894e-09
16900.04800076804 1.719106534711436e-09
16950.04800076804 1.3142866422302484e-09
17000.04800076804 8.073208714606334e-10
17050.04800076804 1.3572308480086255e-09
17100.04800076804 1.9715229456975395e-09
17150.04800076804 1.3213678872966878e-09
17200.04800076804 3.122799640219929e-09
17250.04800076804 1.7941827920531859e-09
17300.04800076804 1.3025755805181151e-09
17350.04800076804 1.4439219099109215e-09
17400.04800076804 1.913506906076131e-09
17450.04800076804 2.3009998574680382e-09
17500.04800076804 2.8640913103340056e-09
17550.04800076804 2.2127664186679408e-09
17600.04800076804 1.7969274363283217e-09
17650.04800076804 1.4345915169285393e-09
17700.04800076804 1.1946827366563336e-09
17750.04800076804 8.96214290285894e-10
17800.04800076804 1.4172270923048885e-09
17850.04800076804 7.879988165600487e-10
17900.04800076804 6.742272161887926e-10
17950.04800076804 3.9001485392484077e-10
18000.04800076804 6.596133638599308e-10
18050.04800076804 3.56853989570721e-10
18100.04800076804 3.9504321737244593e-10
18150.04800076804 3.939965845169849e-10
18200.04800076804 2.1932754986396958e-10
18250.04800076804 8.147005901904118e-10
18300.04800076804 1.8138685190119844e-10
18350.04800076804 1.551138735824411e-10
18400.04800076804 1.0572157775739553e-10
18450.04800076804 4.788842942776098e-10
18500.04800076804 4.574659086617098e-10
18550.04800076804 2.414917232050797e-10
18600.04800076804 2.9581894935006273e-10
18650.04800076804 1.784617138221738e-10
18700.04800076804 6.245556959088583e-11
18750.04800076804 1.4565610202368172e-10
18800.04800076804 8.935864022750301e-10
18850.04800076804 7.954722292907685e-10
18900.04800076804 6.813105397966215e-10
18950.04800076804 1.4093559366434527e-09
19000.04800076804 3.997866306116303e-10
19050.04800076804 2.1420246100590034e-10
19100.04800076804 6.037278254457485e-10
19150.04800076804 2.650563068236152e-10
19200.04800076804 5.482081027137862e-10
19250.04800076804 3.6543971841914207e-10
19300.04800076804 2.3824938601656825e-10
19350.04800076804 2.871295348833166e-10
19400.04800076804 1.9940964907267486e-10
19450.04800076804 4.110111457952111e-10
19500.04800076804 3.8920865369469643e-10
19550.04800076804 3.609348734711355e-10
19600.04800076804 6.017700370502498e-10
19650.04800076804 7.056153567689157e-10
19700.04800076804 7.85105575726502e-10
19750.04800076804 1.1633710625102802e-09
19800.04800076804 1.0359396673155322e-09
19850.04800076804 1.4600574762809684e-09
19900.04800076804 1.4698825508766147e-09
19950.04800076804 2.0592898935074517e-09
20000.04800076804 2.0779455780548393e-09
20050.04800076804 2.0519138058031966e-09
20100.04800076804 2.881621571482054e-09
20150.04800076804 2.135106638730641e-09
20200.04800076804 2.0529285821534516e-09
20250.04800076804 2.9095852951293544e-09
20300.04800076804 2.8774154865929483e-09
20350.04800076804 3.229515806904373e-09
20400.04800076804 2.9349951747736176e-09
20450.04800076804 3.964187651619626e-09
20500.04800076804 4.109836609969697e-09
20550.04800076804 4.217247410000169e-09
20600.04800076804 4.4343124988558005e-09
20650.04800076804 4.580801700360582e-09
20700.04800076804 4.55161480348194e-09
20750.04800076804 4.735228289215752e-09
20800.04800076804 4.566249200265109e-09
20850.04800076804 4.730002051657868e-09
20900.04800076804 4.727029485386131e-09
20950.04800076804 4.5730514652304635e-09
21000.04800076804 4.468706085972034e-09
21050.04800076804 4.413185530010572e-09
21100.04800076804 4.284185615010033e-09
21150.04800076804 4.238320510338715e-09
21200.04800076804 4.0515111519310856e-09
21250.04800076804 3.876026165081322e-09
21300.04800076804 3.5723239948335816e-09
21350.04800076804 3.4600948055090035e-09
21400.04800076804 3.428530899968658e-09
21450.04800076804 2.93190548701597e-09
21500.04800076804 2.890842974414152e-09
21550.04800076804 2.758549414090153e-09
21600.04800076804 2.537866057740417e-09
21650.04800076804 2.2418950337284764e-09
21700.04800076804 2.3162143497410655e-09
21750.04800076804 2.253847839137035e-09
21800.04800076804 1.8966834457734172e-09
21850.04800076804 1.67326017432402e-09
21900.04800076804 1.4101102222433884e-09
21950.04800076804 6.676744298311675e-10
22000.04800076804 1.3322514695959754e-10
22050.04800076804 1.868224940256991e-10
22100.04800076804 6.179600103159945e-10
22150.04800076804 5.323596713606274e-10
22200.04800076804 4.5419965397598825e-10
22250.04800076804 4.302676789011725e-10
22300.04800076804 2.4451698740450445e-10
22350.04800076804 2.87994659330287e-10
22400.04800076804 1.4197296683515295e-10
22450.04800076804 1.5028214183411858e-10
22500.04800076804 1.5949863438715748e-10
22550.04800076804 8.518190812418018e-11
22600.04800076804 1.0458743337680367e-10
22650.04800076804 1.7422573145270814e-10
22700.04800076804 1.167406909195801e-10
22750.04800076804 1.168359391404623e-10
22800.04800076804 1.4931650167204715e-10
22850.04800076804 1.239034142441847e-10
22900.04800076804 8.05841280109363e-11
22950.04800076804 5.89718772308196e-11
23000.04800076804 9.232721896909344e-11
23050.04800076804 1.1075387268258292e-10
23100.04800076804 4.941863315210745e-10
23150.04800076804 4.744303096921436e-10
23200.04800076804 2.839895851696069e-11
23250.04800076804 8.741651656331024e-11
23300.04800076804 1.0363467218724914e-10
23350.04800076804 8.562172226505184e-11
23400.04800076804 9.738983638415393e-11
23450.04800076804 5.5893158771108806e-11
23500.04800076804 6.29773874236743e-11
23550.04800076804 1.1463323987305307e-10
23600.04800076804 2.0488376207239772e-10
23650.04800076804 2.346258809011037e-10
23700.04800076804 5.289915274530935e-11
23750.04800076804 6.146169693831699e-11
