galfind/configs/Brown_Dwarf_templates/sonora_cholla/logkzz2/1000g/700K_1000g_logkzz2_resample.dat
# %ECSV 1.0
# ---
# datatype:
# - {name: wav, unit: Angstrom, datatype: float64}
# - {name: flux_nu, unit: erg / (cm2 Hz s), datatype: float64}
# schema: astropy-2.0
wav flux_nu
[from data line 1210]
63500.04800076804 2.6368574755884135e-08
63550.04800076804 3.6229355804379396e-08
63600.04800076804 3.177437016643895e-08
63650.04800076804 2.143109825605625e-08
63700.04800076804 7.1328403227685836e-09
63750.04800076804 1.6974227958061778e-08
63800.04800076804 3.702745454530776e-08
63850.04800076804 2.8252649367342118e-08
63900.04800076804 9.975459468318029e-09
63950.04800076804 2.1746422161919676e-08
64000.04800076804 2.904770785184873e-08
64050.04800076804 1.2221676437334924e-08
64100.04800076804 2.9163271821803516e-09
64150.04800076804 4.604513214604074e-09
64200.04800076804 5.717405429341858e-09
64250.04800076804 1.582746907221842e-08
64300.04800076804 1.261242640727458e-08
64350.04800076804 8.737624481697393e-09
64400.04800076804 2.33405508597596e-08
64450.04800076804 2.5194752741985352e-08
64500.04800076804 1.0126190568055435e-08
64550.04800076804 2.121964055880567e-08
64600.04800076804 1.3392826751817618e-08
64650.04800076804 2.0444098130768565e-08
64700.04800076804 6.858281994853569e-09
64750.04800076804 1.0799998535897184e-08
64800.04800076804 6.716715942228286e-09
64850.04800076804 5.06724467925984e-09
64900.04800076804 5.270984581779638e-09
64950.04800076804 4.502412297239919e-09
65000.04800076804 7.562302480784904e-09
65050.04800076804 1.3312557998071175e-08
65100.04800076804 1.8507087761426996e-08
65150.04800076804 9.282033731632251e-09
65200.04800076804 4.4806795437493304e-09
65250.04800076804 1.1863917665190107e-08
65300.04800076804 1.40816141407229e-08
65350.04800076804 3.308910549541445e-08
65400.04800076804 1.2945955938551783e-08
65450.04800076804 1.2885948607011384e-08
65500.04800076804 1.548565390176326e-08
65550.04800076805 6.827166448801751e-09
65600.04800076805 1.5156599917316372e-08
65650.04800076805 9.989056299634154e-09
65700.04800076805 9.285237770142171e-09
65750.04800076805 6.26324911295513e-09
65800.04800076805 1.3528625853902678e-08
65850.04800076805 2.0045089660658293e-08
65900.04800076805 5.551880896313588e-09
65950.04800076805 9.086845280091886e-09
66000.04800076805 1.1549694759083913e-08
66050.04800076805 2.5024205136684676e-08
66100.04800076805 1.3681137238130173e-08
66150.04800076805 1.269359375766968e-08
66200.04800076805 1.1653847699966095e-08
66250.04800076805 7.267698329409474e-09
66300.04800076805 3.078534624520355e-09
66350.04800076805 2.9858005004062854e-09
66400.04800076805 5.728403506752343e-09
66450.04800076805 1.6479774176154428e-08
66500.04800076805 2.4247093319264028e-08
66550.04800076805 2.2965195393483058e-08
66600.04800076805 1.801925206270169e-08
66650.04800076805 1.3744593416141777e-08
66700.04800076805 9.646516813743138e-09
66750.04800076805 1.0211547175616625e-08
66800.04800076805 1.248116442971195e-08
66850.04800076805 8.00302323344018e-09
66900.04800076805 2.621272135630609e-08
66950.04800076805 2.464425391268839e-08
67000.04800076805 3.038876927522307e-08
67050.04800076805 1.596426203917012e-08
67100.04800076805 9.421057551078938e-09
67150.04800076805 1.1901959246911785e-08
67200.04800076805 1.843856890410873e-08
67250.04800076805 1.610719331510601e-08
67300.04800076805 2.562085295384557e-08
67350.04800076805 1.1434522973976919e-08
67400.04800076805 2.822248271789035e-08
67450.04800076805 1.7238922849078272e-08
67500.04800076805 1.6879252891620228e-08
67550.04800076805 3.2173032133239067e-08
67600.04800076805 5.2119805244018466e-08
67650.04800076805 3.725587665012092e-08
67700.04800076805 2.1878006043463667e-08
67750.04800076805 1.3834027389317755e-08
67800.04800076805 2.0761927495697393e-08
67850.04800076805 9.14822717817605e-09
67900.04800076805 1.1629554884715533e-08
67950.04800076805 8.906025264047928e-09
68000.04800076805 2.0600046422463142e-08
68050.04800076805 2.3201317197900462e-08
68100.04800076805 3.54995544161418e-08
68150.04800076805 3.026022746299961e-08
68200.04800076805 2.386362375402901e-08
68250.04800076805 5.489059013783837e-09
68300.04800076805 2.5035655036312944e-08
68350.04800076805 2.525782953648951e-08
68400.04800076805 4.158295135971636e-08
68450.04800076805 3.406544893937202e-08
68500.04800076805 2.166985766302092e-08
68550.04800076805 9.150942401243913e-09
68600.04800076805 9.692433469191181e-09
68650.04800076805 4.806474257982083e-09
68700.04800076805 1.2515588236665143e-08
68750.04800076805 2.1238218803962422e-08
68800.04800076805 2.372153496022145e-08
68850.04800076805 1.0045753010774924e-08
68900.04800076805 3.7494659565165846e-08
68950.04800076805 3.9208039620849645e-08
69000.04800076805 2.6473480917276733e-08
69050.04800076805 1.307033686396706e-08
69100.04800076805 3.3544631360184785e-08
69150.04800076805 4.71985308876309e-08
69200.04800076805 3.277568527538723e-08
69250.04800076805 4.7842537157678546e-08
69300.04800076805 3.005975373119355e-08
69350.04800076805 5.0096064344494693e-08
69400.04800076805 1.81487669232477e-08
69450.04800076805 4.518620495184749e-08
69500.04800076805 2.2246210551983506e-08
69550.04800076805 1.8252841156661043e-08
69600.04800076805 5.031112375626069e-09
69650.04800076805 1.8217279702380614e-08
69700.04800076805 3.430643025865843e-08
69750.04800076805 2.1155397836163553e-08
69800.04800076805 3.397340912651664e-08
69850.04800076805 3.6408512113117e-08
69900.04800076805 2.469636887398698e-08
69950.04800076805 2.318525843589771e-08
70000.04800076805 2.3846775773781382e-08
70050.04800076805 4.5791014847277886e-08
70100.04800076805 3.2126554599402445e-08
70150.04800076805 2.813962718118306e-08
70200.04800076805 1.825767848648559e-08
70250.04800076805 2.486056112705811e-08
70300.04800076805 4.436516913512164e-08
70350.04800076805 3.345702677211963e-08
70400.04800076805 1.7412674879875896e-08
70450.04800076805 3.54466645865595e-09
70500.04800076805 1.4471554568709082e-08
70550.04800076805 1.4128565084584582e-08
70600.04800076805 1.5424842420458857e-08
70650.04800076805 3.561461967331366e-08
70700.04800076805 3.675884297513869e-08
70750.04800076805 5.413990080915831e-08
70800.04800076805 2.519391700964431e-08
70850.04800076805 2.5088653863122354e-08
70900.04800076805 3.0484508683936965e-08
70950.04800076805 4.181332602032168e-08
71000.04800076805 3.893080312093185e-08
71050.04800076805 3.897806772152458e-08
71100.04800076805 3.1187609583053805e-08
71150.04800076805 2.0963025320220758e-08
71200.04800076805 1.9123624965397734e-08
71250.04800076805 3.1025922050849874e-08
71300.04800076805 4.1078699067032586e-08
71350.04800076805 4.237522209722354e-08
71400.04800076805 3.3593120873368234e-08
71450.04800076805 1.416499329596719e-08
71500.04800076805 1.7000301868840545e-08
71550.04800076805 2.0196464205108257e-08
71600.04800076805 2.5158215623925328e-08
71650.04800076805 1.6174535261017324e-08
71700.04800076805 1.177859591488862e-08
71750.04800076805 2.4953314531569544e-08
71800.04800076805 3.5579998032589207e-08
71850.04800076805 3.435745196923983e-08
71900.04800076805 1.8352899232139917e-08
71950.04800076805 2.6701822909056928e-08
72000.04800076805 2.4331017327929517e-08
72050.04800076805 1.2457009018866607e-08
72100.04800076805 1.5737494639266524e-08
72150.04800076805 1.6907729570398867e-08
72200.04800076805 2.5929083498441537e-08
72250.04800076805 3.797189107003404e-08
72300.04800076805 2.322993384969035e-08
72350.04800076805 2.7028078134699666e-08
72400.04800076805 2.4552064803134036e-08
72450.04800076805 1.972073292935795e-08
72500.04800076805 2.6822739361367662e-08
72550.04800076805 9.906120598632207e-09
72600.04800076805 1.8156903337958814e-08
72650.04800076805 3.220784285559624e-08
72700.04800076805 1.9824627298096203e-08
72750.04800076805 2.0898065738769868e-08
72800.04800076805 1.2548766534607336e-08
72850.04800076805 1.7005411498854976e-08
72900.04800076805 3.480259301676285e-08
72950.04800076805 2.0621517226688595e-08
73000.04800076805 2.1580871533840862e-08
73050.04800076805 1.1605086950442413e-08
73100.04800076805 1.4775345551214587e-08
73150.04800076805 3.480541357374938e-08
73200.04800076805 1.4126808140763295e-08
73250.04800076805 1.8800246320491206e-08
73300.04800076805 1.4116836265165724e-08
73350.04800076805 9.96752032683417e-09
73400.04800076805 1.8351327830932054e-08
73450.04800076805 1.0648082144471973e-08
73500.04800076805 9.534013631073196e-09
73550.04800076805 1.699250322631993e-08
73600.04800076805 1.6945959336734876e-08
73650.04800076805 1.7728076819218307e-08
73700.04800076805 1.7060798321499026e-08
73750.04800076805 6.2762723902413915e-09
73800.04800076805 1.515256880893085e-08
73850.04800076805 2.1454281996186845e-08
73900.04800076805 1.2262777618860286e-08
73950.04800076805 1.2951345954618852e-08
74000.04800076805 7.109439129773393e-09
74050.04800076805 2.537977831339528e-08
74100.04800076805 1.7257779369379627e-08
74150.04800076805 1.7849796128866354e-08
74200.04800076805 1.0675853976036436e-08
74250.04800076805 2.5247233532419195e-09
74300.04800076805 1.7177844591828564e-08
74350.04800076805 2.4410973871693875e-08
74400.04800076805 2.3140396797610475e-08
74450.04800076805 9.4296042595765e-09
74500.04800076805 5.728336843653717e-09
74550.04800076805 1.239078468196803e-08
74600.04800076805 1.468931801138126e-08
74650.04800076805 1.4716788914789211e-08
74700.04800076805 9.928309868905966e-09
74750.04800076805 7.14718561971052e-09
74800.04800076805 1.0009947754187361e-08
74850.04800076805 1.5426063697895167e-08
74900.04800076805 2.3091249470318192e-08
74950.04800076805 2.198537011422939e-08
75000.04800076805 1.057860998913183e-08
75050.04800076805 3.576640612433748e-09
75100.04800076805 2.1533354321212478e-08
75150.04800076805 2.44418622322544e-08
75200.04800076805 2.527952813262078e-08
75250.04800076805 2.6604428551366765e-08
75300.04800076805 2.086022725441342e-08
75350.04800076805 6.9113503062973606e-09
75400.04800076805 2.8875979404697e-08
75450.04800076805 2.5777988575295593e-08
75500.04800076805 2.3891937405612093e-08
75550.04800076805 2.264290440575238e-08
75600.04800076805 2.8607513364546613e-08
75650.04800076805 1.6609921850363344e-08
75700.04800076805 2.8635318179498444e-08
75750.04800076805 1.6207398274098527e-08
75800.04800076805 2.413963516581784e-08
75850.04800076805 2.800920322879065e-08
75900.04800076805 2.740493724358556e-08
75950.04800076805 1.3885026233644638e-08
76000.04800076805 3.1594469685927875e-08
76050.04800076805 2.8647453369724985e-08
76100.04800076805 2.6378008737853314e-08
76150.04800076805 2.9318773692806697e-08
76200.04800076805 2.626355944614762e-08
76250.04800076805 1.8814271448104877e-08
76300.04800076805 4.4265319221130794e-08
76350.04800076805 4.9093993906235796e-08
76400.04800076805 3.7385613092111684e-08
76450.04800076805 3.008867033428442e-08
76500.04800076805 2.1903223453999607e-08
76550.04800076805 9.243014319743503e-09
76600.04800076805 2.329661728189829e-09
76650.04800076805 2.8470612908888916e-09
76700.04800076805 4.18580356855809e-09
76750.04800076805 4.2281376645261435e-09
76800.04800076805 8.989635764441854e-09
76850.04800076805 3.826996681028616e-09
76900.04800076805 3.575213300551488e-09
76950.04800076805 9.057107035394981e-09
77000.04800076805 1.2796271543237875e-08
77050.04800076805 3.9969238306491194e-09
77100.04800076805 5.102504408263704e-09
77150.04800076805 1.5002609571537076e-08
77200.04800076805 9.592072566401466e-09
77250.04800076805 8.834481551094827e-09
77300.04800076805 1.3593891210303793e-08
77350.04800076805 6.442881992354749e-09
77400.04800076805 7.85747030927927e-09
77450.04800076805 1.6557077403853234e-08
77500.04800076805 1.2511693996603193e-08
77550.04800076805 1.0819419543268333e-08
77600.04800076805 7.295614075624386e-09
77650.04800076805 9.38615233953343e-09
77700.04800076805 8.348193825551087e-09
77750.04800076805 1.8726597726730142e-08
77800.04800076805 1.826861329998186e-08
77850.04800076805 3.238721939641855e-08
77900.04800076805 1.6658042905166244e-08
77950.04800076805 5.096536886195508e-09
78000.04800076805 1.2832310139303068e-08
78050.04800076805 1.4289458461336334e-08
78100.04800076805 1.531612384704829e-08
78150.04800076805 2.597426197774251e-08
78200.04800076805 2.87836331116243e-08
78250.04800076805 2.67404866518062e-08
78300.04800076805 1.3393511728541069e-08
78350.04800076805 2.2347196705479426e-08
78400.04800076805 9.434399937763098e-09
78450.04800076805 2.185102865328777e-08
78500.04800076805 3.142194977144633e-08
78550.04800076805 3.744112043289676e-08
78600.04800076805 2.7855727901991106e-08
78650.04800076805 4.853098922003811e-09
78700.04800076805 1.0109912867578546e-08
78750.04800076805 1.5882083917265223e-08
78800.04800076805 1.6674061843842946e-08
78850.04800076805 6.774111762560366e-09
78900.04800076805 1.6865743046601468e-08
78950.04800076805 2.3841473211723227e-08
79000.04800076805 1.9622361369579475e-08
79050.04800076805 1.513495512080434e-08
79100.04800076805 1.978770503243089e-08
79150.04800076805 1.6978881800323753e-08
79200.04800076805 2.0713923467689048e-08
79250.04800076805 1.1672631687084e-08
79300.04800076805 1.1728488714104264e-08
79350.04800076805 1.7619110504448605e-08
79400.04800076805 9.933996555620434e-09
79450.04800076805 2.8486463842258173e-08
79500.04800076805 3.8843417828457643e-08
79550.04800076805 3.1334120211836217e-08
79600.04800076805 1.4762395278476549e-08
79650.04800076805 2.4295881716620482e-08
79700.04800076805 2.0456473157832635e-08
79750.04800076805 2.0238816290059092e-08
79800.04800076805 1.2553522341854463e-08
79850.04800076805 2.3239904827022708e-08
79900.04800076805 4.3065805080061e-08
79950.04800076805 3.9156485467615506e-08
