galfind/configs/Brown_Dwarf_templates/sonora_cholla/logkzz2/1000g/700K_1000g_logkzz2_resample.dat
# %ECSV 1.0
# ---
# datatype:
# - {name: wav, unit: Angstrom, datatype: float64}
# - {name: flux_nu, unit: erg / (cm2 Hz s), datatype: float64}
# schema: astropy-2.0
wav flux_nu
[from data line 418]
23900.04800076804 7.439352277829855e-10
23950.04800076804 5.027518174178554e-10
24000.04800076804 9.060325924003657e-10
24050.04800076804 9.724844848301773e-10
24100.04800076804 9.001491960668818e-10
24150.04800076804 1.243616913415644e-09
24200.04800076804 1.1288685407962285e-09
24250.04800076804 7.901613074782287e-10
24300.04800076804 1.502498262500454e-09
24350.04800076804 9.780233297729518e-10
24400.04800076804 2.0608007946901213e-09
24450.04800076804 1.8509910051059512e-09
24500.04800076804 1.781581953588446e-09
24550.04800076804 2.6108209894745186e-09
24600.04800076804 2.9390279411277866e-09
24650.04800076804 3.489418015650245e-09
24700.04800076804 2.3840240396709806e-09
24750.04800076804 2.780893280066123e-09
24800.04800076804 2.463151438958122e-09
24850.04800076804 3.971501967415589e-09
24900.04800076804 1.4590245697748785e-09
24950.04800076804 3.070610318439956e-09
25000.04800076804 2.8660051854660063e-09
25050.04800076804 1.561973117030705e-09
25100.04800076804 2.5769492109025602e-09
25150.04800076804 1.209756230795533e-09
25200.04800076804 1.7630144932952088e-09
25250.04800076804 7.253393230830192e-10
25300.04800076804 1.0780731029008396e-09
25350.04800076804 4.731355213242606e-10
25400.04800076804 1.2691393674781136e-09
25450.04800076804 4.949841545894525e-10
25500.04800076804 4.179998262431962e-10
25550.04800076804 8.117695182725909e-10
25600.04800076804 4.575631269162161e-10
25650.04800076804 2.4238337894438463e-10
25700.04800076804 3.902811943475276e-10
25750.04800076804 1.4282011010866473e-10
25800.04800076804 5.994060802006817e-10
25850.04800076804 1.324614797486642e-10
25900.04800076804 2.1968877656719708e-10
25950.04800076804 7.496971808639158e-11
26000.04800076804 5.390980259937758e-10
26050.04800076804 1.096706752939575e-10
26100.04800076804 4.703976010663716e-10
26150.04800076804 2.356336527681272e-10
26200.04800076804 2.8512446596800194e-10
26250.04800076804 1.2614886908487703e-09
26300.04800076804 3.692586304549541e-10
26350.04800076804 1.752006137543738e-09
26400.04800076804 2.287991654254221e-09
26450.04800076804 1.5237887135306714e-09
26500.04800076804 2.6707297590318907e-09
26550.04800076804 5.551735026239651e-10
26600.04800076804 5.843244862828079e-10
26650.04800076804 1.4326319799838997e-10
26700.04800076804 8.581713007708994e-11
26750.04800076804 1.127042057576229e-10
26800.04800076804 2.3382698608068786e-10
26850.04800076804 1.4586240097987639e-10
26900.04800076804 5.588384116972611e-10
26950.04800076804 2.094425925895669e-10
27000.04800076804 9.138124928289486e-10
27050.04800076804 9.911426778751007e-10
27100.04800076804 2.437533302570148e-10
27150.04800076804 1.4060435479009793e-09
27200.04800076804 2.3255728866504394e-10
27250.04800076804 5.560205034797676e-10
27300.04800076804 3.026862909993301e-09
27350.04800076804 1.204947851707139e-09
27400.04800076804 1.0801863211723724e-10
27450.04800076804 1.527763223891359e-09
27500.04800076804 2.1047699534229502e-09
27550.04800076804 3.650209103665267e-10
27600.04800076804 9.220027446412379e-10
27650.04800076804 3.017592780181641e-10
27700.04800076804 2.567339174897969e-10
27750.04800076804 1.2190699699602137e-09
27800.04800076804 4.597005598230682e-10
27850.04800076804 6.035880445297339e-10
27900.04800076804 8.524692064924465e-10
27950.04800076804 1.8450891320946078e-09
28000.04800076804 1.3252881633979386e-09
28050.04800076804 2.9788159731248926e-10
28100.04800076804 2.08672538064085e-09
28150.04800076804 1.2777777807243732e-09
28200.04800076804 4.188823836442081e-10
28250.04800076804 2.5640021552273457e-09
28300.04800076804 3.2999565425905495e-09
28350.04800076804 5.307490781012232e-10
28400.04800076804 1.8657847058453144e-09
28450.04800076804 3.6018841668594075e-09
28500.04800076804 1.7718906332292683e-09
28550.04800076804 5.11180511628739e-10
28600.04800076804 3.1685338155837605e-09
28650.04800076804 2.7236146749702597e-09
28700.04800076804 2.361803307774802e-09
28750.04800076804 4.980145467516849e-09
28800.04800076804 3.888137369943147e-09
28850.04800076804 4.487944942735727e-09
28900.04800076804 2.0899704904624435e-09
28950.04800076804 6.0320315019496986e-09
29000.04800076804 4.219124265562034e-09
29050.04800076804 4.678961483677805e-09
29100.04800076804 3.471812567697561e-09
29150.04800076804 7.573969150675739e-09
29200.04800076804 4.922744997013492e-09
29250.04800076804 7.2265190126749874e-09
29300.04800076804 3.91143363609388e-09
29350.04800076804 1.7942505847575775e-08
29400.04800076804 4.457037514869891e-09
29450.04800076804 5.5169913572783874e-09
29500.04800076804 1.0764958782829894e-08
29550.04800076804 6.07846977442227e-09
29600.04800076804 9.300788196420328e-09
29650.04800076804 1.208360601748632e-08
29700.04800076804 4.747229333268093e-09
29750.04800076804 9.431922030626848e-09
29800.04800076804 9.108018261851613e-09
29850.04800076804 1.5234111156908792e-08
29900.04800076804 1.4670386451554572e-08
29950.04800076804 1.0098950490831187e-08
30000.04800076804 2.06244803093163e-09
30050.04800076804 4.16756828298602e-09
30100.04800076804 8.492740816041853e-09
30150.04800076804 1.423140739755462e-08
30200.04800076804 8.731563248188956e-09
30250.04800076804 2.1775393906776055e-08
30300.04800076804 1.8834230658206945e-08
30350.04800076804 1.0323103989625358e-08
30400.04800076804 2.0630178099748503e-08
30450.04800076804 1.2957018014284326e-08
30500.04800076804 1.2148640546806554e-08
30550.04800076804 9.525170542921587e-09
30600.04800076804 2.3948011503983804e-08
30650.04800076804 1.5364544656541778e-08
30700.04800076804 1.1426466614628516e-08
30750.04800076804 1.4843095093290116e-08
30800.04800076804 1.0768384392048837e-08
30850.04800076804 1.270500483165619e-08
30900.04800076804 1.0905046584206587e-08
30950.04800076804 5.911363588395788e-09
31000.04800076804 8.872192534914376e-09
31050.04800076804 8.860732023234317e-09
31100.04800076804 5.5599480133894185e-09
31150.04800076804 7.531460665388721e-09
31200.04800076804 1.1974718291626885e-08
31250.04800076804 5.6607016723762904e-09
31300.04800076804 5.155653640632799e-09
31350.04800076804 6.506555519326437e-09
31400.04800076804 4.023640464581062e-09
31450.04800076804 5.524128080447493e-09
31500.04800076804 2.6794723992990844e-09
31550.04800076804 3.4455172912285775e-09
31600.04800076804 2.4968786075973257e-09
31650.04800076804 2.0536459673286656e-09
31700.04800076804 2.7246086438581006e-09
31750.04800076804 1.1008933663819395e-09
31800.04800076804 2.531453153351033e-09
31850.04800076804 8.546427715531998e-10
31900.04800076804 1.720099543999334e-09
31950.04800076804 1.0040796340922632e-09
32000.04800076804 1.0690668364726985e-09
32050.04800076804 9.967081785655742e-10
32100.04800076804 7.646562674440147e-10
32150.04800076804 1.1069436985668044e-09
32200.04800076804 6.160902739460308e-10
32250.04800076804 1.4604058789493238e-09
32300.04800076804 4.985125529521922e-10
32350.04800076804 1.6194034623798957e-09
32400.04800076804 5.200450534869209e-10
32450.04800076804 1.2237144307596126e-09
32500.04800076804 6.759658548001887e-10
32550.04800076804 1.1996555336451146e-09
32600.04800076804 8.148346557530029e-10
32650.04800076804 1.9090578580346912e-09
32700.04800076804 1.0899664482331548e-09
32750.04800076804 3.0474529321277293e-09
32800.04800076804 2.3738753797876224e-09
32850.04800076804 4.447239574430559e-09
32900.04800076804 4.1150530378497685e-09
32950.04800076804 4.642233855785706e-09
33000.04800076804 2.451791096631715e-09
33050.04800076804 2.7966481790241382e-09
33100.04800076804 9.785388876169074e-10
33150.04800076804 8.001982458876568e-12
33200.04800076804 5.467349705738006e-11
33250.04800076804 6.18316181433224e-11
33300.04800076804 2.1209277604576864e-10
33350.04800076804 6.382936543357953e-10
33400.04800076804 1.4500805367572724e-09
33450.04800076804 1.1969584362093487e-09
33500.04800076804 3.267690036164621e-09
33550.04800076804 1.4915958538707315e-09
33600.04800076804 2.3612601995262466e-09
33650.04800076804 2.296187557778744e-09
33700.04800076804 1.3267251803964237e-09
33750.04800076804 3.101543400231389e-09
33800.04800076804 7.061880787695454e-10
33850.04800076804 1.7611717538515638e-09
33900.04800076804 1.8895138236012583e-09
33950.04800076804 1.7184617474650118e-09
34000.04800076804 2.991083644070342e-09
34050.04800076804 6.847424536018044e-10
34100.04800076804 2.4045441396776844e-09
34150.04800076804 1.1373567759860292e-09
34200.04800076804 2.2484222910518963e-09
34250.04800076804 1.8023978730471877e-09
34300.04800076804 1.469657313332591e-09
34350.04800076804 3.231089786384212e-09
34400.04800076804 1.2586571149352007e-09
34450.04800076804 3.2567429148337676e-09
34500.04800076804 1.8248132291087525e-09
34550.04800076804 1.3320952802621723e-09
34600.04800076804 4.374716340374051e-09
34650.04800076804 1.1015875072528376e-09
34700.04800076804 2.6530092630399398e-09
34750.04800076804 2.2821457590247166e-09
34800.04800076804 1.5311662025861227e-09
34850.04800076804 4.3959874476870635e-09
34900.04800076804 2.1205454977170257e-09
34950.04800076804 3.480134768849064e-09
35000.04800076804 5.893739971370245e-09
35050.04800076804 3.1012581006178604e-09
35100.04800076804 6.996917790150702e-09
35150.04800076804 5.944334964594734e-09
35200.04800076804 5.5363334847811096e-09
35250.04800076804 7.64160986815253e-09
35300.04800076804 3.6441251486795315e-09
35350.04800076804 6.313360965045031e-09
35400.04800076804 5.088899311232301e-09
35450.04800076804 4.140895177219664e-09
35500.04800076804 1.1958316406021872e-08
35550.04800076804 6.83769423627634e-09
35600.04800076804 8.461048633451731e-09
35650.04800076804 8.993552904236094e-09
35700.04800076804 6.847286912242499e-09
35750.04800076804 1.4508953947304273e-08
35800.04800076804 9.615649561004156e-09
35850.04800076804 5.498366307019984e-09
35900.04800076804 9.544036242967076e-09
35950.04800076804 1.102268316680493e-08
36000.04800076804 7.304681935235462e-09
36050.04800076804 9.307754067027107e-09
36100.04800076804 8.080429414679254e-09
36150.04800076804 1.5405616098737286e-08
36200.04800076804 1.4594495308551986e-08
36250.04800076804 1.3088235052124464e-08
36300.04800076804 2.0231598897383497e-08
36350.04800076804 1.4947787105124552e-08
36400.04800076804 2.337277080096884e-08
36450.04800076804 1.8082151068555668e-08
36500.04800076804 1.8887368384480114e-08
36550.04800076804 3.0879202403143504e-08
36600.04800076804 3.40843118316986e-08
36650.04800076804 2.734032733121927e-08
36700.04800076804 2.701905869519504e-08
36750.04800076804 3.3614783941586124e-08
36800.04800076804 3.44455482412871e-08
36850.04800076804 2.2310725933184806e-08
36900.04800076804 2.995382039578816e-08
36950.04800076804 3.501082193754303e-08
37000.04800076804 2.7952832734298396e-08
37050.04800076804 3.8282466670482675e-08
37100.04800076804 2.8934214387739772e-08
37150.04800076804 3.4340036005925035e-08
37200.04800076804 4.333590987175086e-08
37250.04800076804 2.953527452892496e-08
37300.04800076804 2.747400505854249e-08
37350.04800076804 3.9866848327082666e-08
37400.04800076804 5.653570567660909e-08
37450.04800076804 2.8659254578148486e-08
37500.04800076804 3.392984204749357e-08
37550.04800076804 6.241959179411238e-08
37600.04800076804 7.767022357246696e-08
37650.04800076804 3.726061664704237e-08
37700.04800076804 5.639888443370551e-08
37750.04800076804 3.8874667942564015e-08
37800.04800076804 4.512207623406671e-08
37850.04800076804 2.8327766207599827e-08
37900.04800076804 3.627641209097063e-08
37950.04800076804 5.2379478523509536e-08
38000.04800076804 5.814225236340471e-08
38050.04800076804 6.005875173631178e-08
38100.04800076804 7.535913891141909e-08
38150.04800076804 7.390292490285235e-08
38200.04800076804 6.939060483138598e-08
38250.04800076804 7.237396607145156e-08
38300.04800076804 1.1066559841819686e-07
38350.04800076804 9.770464530444517e-08
38400.04800076804 5.531778816814481e-08
38450.04800076804 4.331962546862877e-08
38500.04800076804 3.02722159685686e-08
38550.04800076804 5.958630212763721e-08
38600.04800076804 6.534164470475556e-08
38650.04800076804 8.081052423048738e-08
38700.04800076804 8.184008316975035e-08
38750.04800076804 8.340895262461087e-08
38800.04800076804 6.532325525481739e-08
38850.04800076804 9.01340041634173e-08
38900.04800076804 9.597688052102214e-08
38950.04800076804 6.649655785400348e-08
39000.04800076804 1.0173232218843727e-07
39050.04800076804 7.279830826307776e-08
39100.04800076804 8.928521545376292e-08
39150.04800076804 9.599514653959316e-08
39200.04800076804 8.173124474118417e-08
39250.04800076804 1.0771618234253775e-07
39300.04800076804 9.383410092317681e-08
39350.04800076804 1.3655673872508728e-07
39400.04800076804 1.0415106873131385e-07
39450.04800076804 1.1556691071670386e-07
39500.04800076804 1.2746765229823884e-07
39550.04800076804 9.737142915961395e-08
39600.04800076804 1.1641257372185565e-07
39650.04800076804 1.5853331546591697e-07
39700.04800076804 1.2819619443086007e-07
39750.04800076804 7.54823260366473e-08
39800.04800076804 9.742226268896673e-08
39850.04800076804 1.588621722344905e-07
39900.04800076804 1.6318849369708777e-07
39950.04800076804 1.1853951708881034e-07
40000.04800076804 1.6793784164986523e-07
40050.04800076804 1.5532443837325494e-07
40100.04800076804 7.976548221320983e-08
40150.04800076804 1.5811841965963514e-07
40200.04800076804 1.6754779330744244e-07
40250.04800076804 1.7635933074839146e-07
40300.04800076804 1.7332834448350311e-07
40350.04800076804 1.1168156396700212e-07
40400.04800076804 1.7008772506232486e-07
40450.04800076804 1.2044448848941573e-07
40500.04800076804 1.8275639172965122e-07
40550.04800076804 1.733827356620988e-07
40600.04800076804 1.706942916637448e-07
40650.04800076804 1.4686094223252882e-07
40700.04800076804 2.400065144192742e-07
40750.04800076804 1.7783508109761012e-07
40800.04800076804 1.22188491085124e-07
40850.04800076804 2.3337813316780026e-07
40900.04800076804 2.211409038144765e-07
40950.04800076804 1.546328040688497e-07
41000.04800076804 1.8727703894632974e-07
41050.04800076804 2.3851413408737716e-07
41100.04800076804 1.8502996072991545e-07
41150.04800076804 1.0951768888579711e-07
41200.04800076804 2.336755654190437e-07
41250.04800076804 2.0054066967158935e-07
41300.04800076804 1.916067448307174e-07
41350.04800076804 2.5093595940757394e-07
41400.04800076804 2.1125058705188315e-07
41450.04800076804 2.3178944664060952e-07
41500.04800076804 1.6835125357553876e-07
41550.04800076804 1.5216844993768652e-07
41600.04800076804 1.9274487762687328e-07
41650.04800076804 2.2775711677747107e-07
41700.04800076804 2.1473423328460582e-07
41750.04800076804 1.9736066417393648e-07
41800.04800076804 2.5665627643530883e-07
41850.04800076804 1.603029618423528e-07
41900.04800076804 1.6084397423659636e-07
41950.04800076804 2.0450734983812204e-07
42000.04800076804 2.249433933003832e-07
42050.04800076804 1.8674492337026212e-07
42100.04800076804 2.492653491257726e-07
42150.04800076804 1.7980187687496914e-07
42200.04800076804 1.8598989336240034e-07
42250.04800076804 1.6595783393658036e-07
42300.04800076804 1.5929380451294833e-07
42350.04800076804 2.0391826295005421e-07
42400.04800076804 2.2307903200102392e-07
42450.04800076804 1.9144802595522877e-07
42500.04800076804 1.880195531624117e-07
42550.04800076804 1.7455157084812876e-07
42600.04800076804 1.840299202044201e-07
42650.04800076804 2.595784192090386e-07
42700.04800076804 1.4465976318374417e-07
42750.04800076804 1.5669000427874562e-07
42800.04800076804 1.8818193262391735e-07
42850.04800076804 2.139281408582198e-07
42900.04800076804 2.3082593086422588e-07
42950.04800076804 1.6888331867071023e-07
43000.04800076804 2.1400635466023492e-07
43050.04800076804 1.0231892551314739e-07
43100.04800076804 1.742416077192198e-07
43150.04800076804 1.6529770826897256e-07
43200.04800076804 1.915893463601773e-07
43250.04800076804 2.7718987135868475e-07
43300.04800076804 2.512854642373779e-07
43350.04800076804 1.3348885471634078e-07
43400.04800076804 1.89576087662377e-07
43450.04800076804 1.4005370838910525e-07
43500.04800076804 1.6282343417048723e-07
43550.04800076804 1.5378554434628243e-07
43600.04800076804 2.195106089237594e-07
