galfind/configs/Brown_Dwarf_templates/sonora_cholla/logkzz2/1000g/750K_1000g_logkzz2_resample.dat
# %ECSV 1.0
# ---
# datatype:
# - {name: wav, unit: Angstrom, datatype: float64}
# - {name: flux_nu, unit: erg / (cm2 Hz s), datatype: float64}
# schema: astropy-2.0
wav flux_nu
[from data line 813]
43650.04800076804 1.4858378244949474e-07
43700.04800076804 3.0157452579884754e-07
43750.04800076804 2.77376989233277e-07
43800.04800076804 2.2371619243620796e-07
43850.04800076804 2.2787344542182084e-07
43900.04800076804 2.042973815593039e-07
43950.04800076804 1.5391385311172177e-07
44000.04800076804 1.1940632097559196e-07
44050.04800076804 2.4872507133993157e-07
44100.04800076804 3.171854553464884e-07
44150.04800076804 3.119655011085482e-07
44200.04800076804 2.637699933999619e-07
44250.04800076804 1.6781369034745777e-07
44300.04800076804 1.307904276573018e-07
44350.04800076804 1.4827217771412217e-07
44400.04800076804 1.4983411983893714e-07
44450.04800076804 2.0849861224022245e-07
44500.04800076804 1.7220954621417575e-07
44550.04800076804 2.422256745616969e-07
44600.04800076804 1.803813511747394e-07
44650.04800076804 2.0617178784029286e-07
44700.04800076804 1.529851048017699e-07
44750.04800076804 1.8424395213816145e-07
44800.04800076804 1.4662764557209864e-07
44850.04800076804 1.935967361306757e-07
44900.04800076804 1.4335496020351548e-07
44950.04800076804 1.4025490692090826e-07
45000.04800076804 1.7386043086053534e-07
45050.04800076804 1.7596940194335576e-07
45100.04800076804 1.750581997263334e-07
45150.04800076804 1.4483781736818287e-07
45200.04800076804 9.19094053334126e-08
45250.04800076804 1.0424210968236057e-07
45300.04800076804 1.2897624948618448e-07
45350.04800076804 1.1863877145372474e-07
45400.04800076804 1.3899554727550454e-07
45450.04800076804 1.2965558547479983e-07
45500.04800076804 1.421019874781574e-07
45550.04800076804 1.6741545470274194e-07
45600.04800076804 1.3837991428978448e-07
45650.04800076804 1.2702640297033637e-07
45700.04800076804 1.2252255855873113e-07
45750.04800076804 9.454350682105672e-08
45800.04800076804 1.2423739222070912e-07
45850.04800076804 1.614754772250714e-07
45900.04800076804 1.7678286726804225e-07
45950.04800076804 1.1194320297903172e-07
46000.04800076804 1.7037100729617813e-07
46050.04800076804 1.5700556154203247e-07
46100.04800076804 1.3299173599164865e-07
46150.04800076804 1.3189372484151964e-07
46200.04800076804 1.113534419439582e-07
46250.04800076804 6.400566645380124e-08
46300.04800076804 1.6540817221031276e-07
46350.04800076804 1.2753679398853158e-07
46400.04800076804 1.5387588461622377e-07
46450.04800076804 1.657537744218747e-07
46500.04800076804 1.3513445621391937e-07
46550.04800076804 1.0920488155622432e-07
46600.04800076804 1.344049375456246e-07
46650.04800076804 2.485609621490705e-07
46700.04800076804 1.5654499964508812e-07
46750.04800076804 9.533022247361918e-08
46800.04800076804 6.617312345379751e-08
46850.04800076804 1.9611399616152576e-07
46900.04800076804 1.75521698245476e-07
46950.04800076804 2.0418610356725315e-07
47000.04800076804 1.3228563882790872e-07
47050.04800076804 1.7002425415439524e-07
47100.04800076804 7.688930409608173e-08
47150.04800076804 1.3315478391427904e-07
47200.04800076804 1.6752042038438876e-07
47250.04800076804 9.707620618450266e-08
47300.04800076804 8.601116359810914e-08
47350.04800076804 1.3454189225082649e-07
47400.04800076804 2.0278979184569536e-07
47450.04800076804 1.1909354920546448e-07
47500.04800076804 2.2838571982509972e-07
47550.04800076804 1.3315975164687184e-07
47600.04800076804 1.8896009698711713e-07
47650.04800076804 1.0749903355551485e-07
47700.04800076804 1.6700839899620106e-07
47750.04800076804 8.396097004260415e-08
47800.04800076804 1.0471510365009033e-07
47850.04800076804 5.57756802123057e-08
47900.04800076804 8.742290705253519e-08
47950.04800076804 1.3128360535942477e-07
48000.04800076804 2.157474117209147e-07
48050.04800076804 1.4708302609403155e-07
48100.04800076804 1.0028965800160898e-07
48150.04800076804 1.113751793299043e-07
48200.04800076804 1.308876754173864e-07
48250.04800076804 1.133977499974721e-07
48300.04800076804 2.2562794685967553e-07
48350.04800076804 1.0257238293860872e-07
48400.04800076804 5.4912448739211224e-08
48450.04800076804 8.74842099556078e-08
48500.04800076804 1.5592286279225958e-07
48550.04800076804 1.0636381169135012e-07
48600.04800076804 1.7623991057505137e-07
48650.04800076804 1.5094561334582167e-07
48700.04800076804 1.7269057076122776e-07
48750.04800076804 1.0038915993462434e-07
48800.04800076804 1.876966388307431e-07
48850.04800076804 1.1089798087769639e-07
48900.04800076804 1.5826117252336173e-07
48950.04800076804 1.0571893879347756e-07
49000.04800076804 6.79732571932244e-08
49050.04800076804 1.5620342509876102e-07
49100.04800076804 1.43823659001406e-07
49150.04800076804 1.534124323284187e-07
49200.04800076804 1.678488660734272e-07
49250.04800076804 1.9937844220236315e-07
49300.04800076804 1.5179412371185757e-07
49350.04800076804 8.295952678087901e-08
49400.04800076804 1.125367876268683e-07
49450.04800076804 1.2087727293834158e-07
49500.04800076804 1.0493848195597367e-07
49550.04800076804 3.275080625918169e-08
49600.04800076804 7.543923245577972e-08
49650.04800076804 1.1192076422709457e-07
49700.04800076804 1.2979308884429873e-07
49750.04800076804 1.5037515593262298e-07
49800.04800076804 9.930275568396186e-08
49850.04800076804 1.883934574141539e-07
49900.04800076804 1.6477507852582708e-07
49950.04800076804 1.4424842876114502e-07
50000.04800076804 1.3855392478666634e-07
50050.04800076804 1.5670660771547865e-07
50100.04800076804 1.3397907059970544e-07
50150.04800076804 6.950878820081138e-08
50200.04800076804 2.3308180689922385e-08
50250.04800076804 8.860020823074378e-08
50300.04800076804 6.313219258191827e-08
50350.04800076804 1.4954131728864587e-07
50400.04800076804 1.5020833885330133e-07
50450.04800076804 1.0963009482850556e-07
50500.04800076804 1.6788603799821742e-07
50550.04800076804 1.726023130348114e-07
50600.04800076804 1.1868411762439684e-07
50650.04800076804 1.6392134800120736e-07
50700.04800076804 1.9425571057048373e-07
50750.04800076804 1.2681970059414275e-07
50800.04800076804 5.7239478406755876e-08
50850.04800076804 3.8602535156483896e-08
50900.04800076804 1.4649930618011694e-07
50950.04800076804 1.3851332481684356e-07
51000.04800076804 1.1079366823461568e-07
51050.04800076804 1.3556819765058503e-07
51100.04800076804 5.271543300741731e-08
51150.04800076804 7.288903023223552e-08
51200.04800076804 1.900478214595779e-07
51250.04800076804 1.1924930462456504e-07
51300.04800076804 9.004216343312246e-08
51350.04800076804 1.0242013433368293e-07
51400.04800076804 4.6459714240519765e-08
51450.04800076804 3.883753175635456e-08
51500.04800076804 3.3176550365399335e-08
51550.04800076804 8.964172935582495e-08
51600.04800076804 7.65606496315001e-08
51650.04800076804 9.978424008655347e-08
51700.04800076804 1.0267778786586008e-07
51750.04800076804 6.344440787750127e-08
51800.04800076804 1.3557190405911148e-07
51850.04800076804 1.1077441447265504e-07
51900.04800076804 1.4478434470501118e-07
51950.04800076804 9.165455128806169e-08
52000.04800076804 1.7738212885608314e-08
52050.04800076804 5.391842344491472e-08
52100.04800076804 3.997258383823053e-08
52150.04800076804 2.669266037383988e-08
52200.04800076804 4.656898715577373e-08
52250.04800076804 7.769931667233306e-08
52300.04800076804 1.217600331948615e-07
52350.04800076804 4.647604645965384e-08
52400.04800076804 4.6426716440485645e-08
52450.04800076804 1.1305823879971009e-07
52500.04800076804 1.0200694853662546e-07
52550.04800076804 9.805366140272236e-08
52600.04800076804 8.076054427467816e-08
52650.04800076804 8.294645153218348e-08
52700.04800076804 6.352386176830465e-08
52750.04800076804 3.775617213535504e-08
52800.04800076804 5.046207324937237e-08
52850.04800076804 6.17541801788485e-08
52900.04800076804 3.6498392264408415e-08
52950.04800076804 5.072557639805799e-08
53000.04800076804 9.687046175140839e-08
53050.04800076804 3.400926652905172e-08
53100.04800076804 1.0600226827999253e-07
53150.04800076804 1.2279775960987583e-07
53200.04800076804 4.858802271513508e-08
53250.04800076804 1.073580420005064e-07
53300.04800076804 1.170237389776084e-07
53350.04800076804 1.1555836843395521e-07
53400.04800076804 8.747107502197678e-08
53450.04800076804 2.9278840311273725e-08
53500.04800076804 1.1953313795122136e-08
53550.04800076804 2.253069976874128e-08
53600.04800076804 5.8777918490393516e-08
53650.04800076804 5.324344618436213e-08
53700.04800076804 4.603582051311543e-08
53750.04800076804 4.260799104511369e-08
53800.04800076804 4.34672271450836e-08
53850.04800076804 6.679840716146124e-08
53900.04800076804 8.75806729279771e-08
53950.04800076804 9.854141301495823e-08
54000.04800076804 6.190210624561516e-08
54050.04800076804 6.657873950115777e-08
54100.04800076804 1.9949055306454647e-08
54150.04800076804 3.107521226447449e-08
54200.04800076804 8.935019179583227e-09
54250.04800076804 1.7846519719229268e-08
54300.04800076804 3.905598728814934e-08
54350.04800076804 5.5893520705260507e-08
54400.04800076804 4.924210062889169e-08
54450.04800076804 4.4388894549313314e-08
54500.04800076804 3.885497588682995e-08
54550.04800076804 3.532248823279492e-08
54600.04800076804 3.8350279331155686e-08
54650.04800076804 1.0542753912180451e-08
54700.04800076804 4.4569500516133095e-08
54750.04800076804 4.095859007348121e-08
54800.04800076804 2.4392923748325178e-08
54850.04800076804 3.4537774705531754e-08
54900.04800076804 5.625274635512889e-08
54950.04800076804 8.149416073099508e-08
55000.04800076804 2.8229618573179138e-08
55050.04800076804 4.4493130326534214e-08
55100.04800076804 5.238105728160347e-08
55150.04800076804 3.1589188514094444e-08
55200.04800076804 2.6516859135700366e-08
55250.04800076804 3.6949852986333785e-08
55300.04800076804 2.3652875133328597e-08
55350.04800076804 4.709472856739497e-08
55400.04800076804 5.479019304725759e-08
55450.04800076804 3.35343703420752e-08
55500.04800076804 1.492489080817646e-08
55550.04800076804 1.760247971263613e-08
55600.04800076804 2.527852682836961e-08
55650.04800076804 2.2519372459995057e-08
55700.04800076804 2.5815325002842e-08
55750.04800076804 2.4509843380802963e-08
55800.04800076804 1.2714345938389843e-08
55850.04800076804 1.6148607114390584e-08
55900.04800076804 3.780723387836357e-08
55950.04800076804 5.483189089475197e-08
56000.04800076804 2.1442331800708795e-08
56050.04800076804 2.7061112691306128e-08
56100.04800076804 3.8475365641250825e-08
56150.04800076804 2.0864714928493168e-08
56200.04800076804 2.6984633970528927e-08
56250.04800076804 4.451536483815126e-08
56300.04800076804 3.168471544986509e-08
56350.04800076804 2.4139479223079665e-08
56400.04800076804 1.087054768194632e-08
56450.04800076804 1.0194052937057376e-08
56500.04800076804 2.6121389772995387e-08
56550.04800076804 1.1883077460505226e-08
56600.04800076804 3.702382143667278e-08
56650.04800076804 4.097050210950224e-08
56700.04800076804 3.489395652148348e-08
56750.04800076804 1.3103768657827803e-08
56800.04800076804 2.6038817994255876e-08
56850.04800076804 2.8602916596879724e-08
56900.04800076804 1.804905168073356e-08
56950.04800076804 3.4879039006013166e-08
57000.04800076804 4.3772099941201906e-08
57050.04800076804 2.208457461202579e-08
57100.04800076804 8.086018951497566e-09
57150.04800076804 1.4454573934120404e-08
57200.04800076804 1.1682992113634251e-08
57250.04800076804 1.714820898203813e-08
57300.04800076804 2.5393701434812108e-08
57350.04800076804 1.3320169678146858e-08
57400.04800076804 3.369478183975653e-08
57450.04800076804 1.9793637099276816e-08
57500.04800076804 1.789487599176522e-08
57550.04800076804 2.557527224583494e-08
57600.04800076804 2.350676241784178e-08
57650.04800076804 6.5530833369664916e-09
57700.04800076804 1.1182795549828851e-08
57750.04800076804 1.8284279072632777e-08
57800.04800076804 7.210344922118585e-09
57850.04800076804 4.777236435654023e-08
57900.04800076804 5.653443928524615e-08
57950.04800076804 5.9404742643533585e-08
58000.04800076804 2.01033940192813e-08
58050.04800076804 3.317119176750679e-08
58100.04800076804 3.3199222973005245e-08
58150.04800076804 2.185642525870318e-08
58200.04800076804 6.957072765063581e-09
58250.04800076804 1.0579491344700226e-08
58300.04800076804 1.1422323309815926e-08
58350.04800076804 1.3687674671395484e-08
58400.04800076804 2.8689462205074238e-08
58450.04800076804 3.402075568545341e-08
58500.04800076804 3.3925319539686454e-08
58550.04800076804 2.9766016290257778e-08
58600.04800076804 1.330455512545776e-08
58650.04800076804 1.7006711806230128e-08
58700.04800076804 2.2191947727689192e-08
58750.04800076804 2.0684282259070244e-08
58800.04800076804 4.536180629567121e-09
58850.04800076804 1.4622107408217809e-08
58900.04800076804 1.9495774208415122e-08
58950.04800076804 9.116796303077626e-09
59000.04800076804 2.1155754441358407e-08
59050.04800076804 3.0395064819027254e-08
59100.04800076804 3.112887125777614e-08
59150.04800076804 2.3521805575460477e-08
59200.04800076804 2.6368723165417336e-08
59250.04800076804 2.7616486076051998e-08
59300.04800076804 2.3241730095574884e-08
59350.04800076804 5.94127932832932e-09
59400.04800076804 6.204522714866056e-09
59450.04800076804 2.3796523780605902e-08
59500.04800076804 1.2634825211071057e-08
59550.04800076804 2.825045143785451e-08
59600.04800076804 3.554736449476268e-08
59650.04800076804 1.772004905359531e-08
59700.04800076804 1.2777030013746298e-08
59750.04800076804 4.12690154230343e-08
59800.04800076804 1.8403126794057554e-08
59850.04800076804 2.5941497869068566e-08
59900.04800076804 9.539815685647176e-09
59950.04800076804 2.2265818489016354e-08
60000.04800076804 4.726446309565821e-08
60050.04800076804 4.558539157572579e-08
60100.04800076804 3.599310648749635e-08
60150.04800076804 1.6541993862645288e-08
60200.04800076804 2.9717347714748373e-08
60250.04800076804 5.02413985735774e-08
60300.04800076804 4.426093458314759e-08
60350.04800076804 2.573655281712009e-08
60400.04800076804 2.7007547830691833e-08
60450.04800076804 8.314774329759635e-09
60500.04800076804 3.580935108160552e-09
60550.04800076804 2.3891959092834814e-08
60600.04800076804 3.072747140910013e-08
60650.04800076804 1.9851364417497786e-08
60700.04800076804 1.4667800076502156e-08
60750.04800076804 7.732319072309188e-09
60800.04800076804 2.8786254791524084e-08
60850.04800076804 5.421782757301552e-08
60900.04800076804 4.779960172968655e-08
60950.04800076804 3.5441067323504935e-08
61000.04800076804 3.484539350789794e-08
61050.04800076804 1.4867888466055276e-08
61100.04800076804 1.8250507729052488e-08
61150.04800076804 6.921992954633238e-09
61200.04800076804 3.103918370086268e-08
61250.04800076804 3.664571319416488e-08
61300.04800076804 3.061773950142512e-08
61350.04800076804 5.292022857900998e-08
61400.04800076804 2.0477918590535112e-08
61450.04800076804 9.362307663394328e-09
61500.04800076804 1.0672692176458365e-08
61550.04800076804 2.188156873011951e-08
61600.04800076804 1.0460518055804185e-08
61650.04800076804 1.9918400736951462e-08
61700.04800076804 2.2204862099201423e-08
61750.04800076804 2.568686433805122e-08
61800.04800076804 2.1963485117041218e-08
61850.04800076804 9.657452843176496e-09
61900.04800076804 3.918400437927241e-08
61950.04800076804 4.632060730553073e-08
62000.04800076804 4.329631378746211e-08
62050.04800076804 5.134440923519461e-08
62100.04800076804 3.144097188621225e-08
62150.04800076804 4.6045242083175205e-08
62200.04800076804 4.010625863379345e-08
62250.04800076804 2.992324284096751e-08
62300.04800076804 6.595162346325818e-08
62350.04800076804 5.563908581354999e-08
62400.04800076804 2.818308230283902e-08
62450.04800076804 3.6817425179411846e-08
62500.04800076804 6.280031091496492e-08
62550.04800076804 7.459154389000033e-08
62600.04800076804 5.995234633182253e-08
62650.04800076804 4.543455797414864e-08
62700.04800076804 3.827090799007725e-08
62750.04800076804 5.8415848554327686e-08
62800.04800076804 3.42804473922024e-08
62850.04800076804 5.170213169098357e-08
62900.04800076804 4.318437656237597e-08
62950.04800076804 7.746825561336176e-08
63000.04800076804 4.888757247197034e-08
63050.04800076804 9.673548558862555e-08
63100.04800076804 8.706706382608827e-08
63150.04800076804 5.8218496021779624e-08
63200.04800076804 5.858319443158961e-08
63250.04800076804 6.462229698744785e-08
63300.04800076804 4.63701447969683e-08
63350.04800076804 4.536017467657104e-08
