galfind/configs/Brown_Dwarf_templates/sonora_cholla/logkzz2/1000g/800K_1000g_logkzz2_resample.dat
# %ECSV 1.0
# ---
# datatype:
# - {name: wav, unit: Angstrom, datatype: float64}
# - {name: flux_nu, unit: erg / (cm2 Hz s), datatype: float64}
# schema: astropy-2.0
wav flux_nu
[from data line 417]
23850.04800076804 1.5602635241607943e-09
23900.04800076804 2.9672199940164257e-09
23950.04800076804 2.344456971666451e-09
24000.04800076804 3.691908076647891e-09
24050.04800076804 4.027646260991789e-09
24100.04800076804 3.421864141178076e-09
24150.04800076804 4.465176489471722e-09
24200.04800076804 4.3659608410290856e-09
24250.04800076804 3.1869337807615783e-09
24300.04800076804 5.213545845569868e-09
24350.04800076804 3.6356658988874785e-09
24400.04800076804 6.846641826174078e-09
24450.04800076804 5.85168918223545e-09
24500.04800076804 6.107423153290498e-09
24550.04800076804 7.856193000433838e-09
24600.04800076804 8.835200715244349e-09
24650.04800076804 1.0327563151125049e-08
24700.04800076804 7.145770321853281e-09
24750.04800076804 7.86012939354674e-09
24800.04800076804 7.37612696828618e-09
24850.04800076804 1.17362077482912e-08
24900.04800076804 4.661386836539919e-09
24950.04800076804 9.483144642063748e-09
25000.04800076804 8.63313507453388e-09
25050.04800076804 5.101818999654171e-09
25100.04800076804 7.905677371537085e-09
25150.04800076804 4.081450115359129e-09
25200.04800076804 5.955242471201837e-09
25250.04800076804 2.792756302198196e-09
25300.04800076804 4.1556519653498715e-09
25350.04800076804 1.990848234343052e-09
25400.04800076804 4.915706374603771e-09
25450.04800076804 2.2265629512386727e-09
25500.04800076804 2.0335899736475214e-09
25550.04800076804 3.2450804791615935e-09
25600.04800076804 2.0707269548679072e-09
25650.04800076804 1.2235959853454652e-09
25700.04800076804 2.2509947355901586e-09
25750.04800076804 8.886981545364331e-10
25800.04800076804 3.094625995297909e-09
25850.04800076804 8.582379503808442e-10
25900.04800076804 1.4141475486525674e-09
25950.04800076804 5.704076695999174e-10
26000.04800076804 2.9110654554386428e-09
26050.04800076804 8.707899728903195e-10
26100.04800076804 2.784112388578288e-09
26150.04800076804 1.6701117230903389e-09
26200.04800076804 1.9817272935080648e-09
26250.04800076804 5.803295462852655e-09
26300.04800076804 2.302134300311302e-09
26350.04800076804 7.633975024689172e-09
26400.04800076804 8.95455322414215e-09
26450.04800076804 6.509474540152965e-09
26500.04800076804 8.990587431550991e-09
26550.04800076804 3.0059696324206224e-09
26600.04800076804 3.40405977927909e-09
26650.04800076804 1.033504367288461e-09
26700.04800076804 7.044673541467077e-10
26750.04800076804 7.35707174241221e-10
26800.04800076804 1.3312400010014573e-09
26850.04800076804 8.041936024888132e-10
26900.04800076804 2.673253162130886e-09
26950.04800076804 1.1049386943004695e-09
27000.04800076804 4.471994743129087e-09
27050.04800076804 4.166352283960214e-09
27100.04800076804 1.5183248754814734e-09
27150.04800076804 5.91949660838076e-09
27200.04800076804 1.4802832921141475e-09
27250.04800076804 2.750081334203368e-09
27300.04800076804 1.1056982791887044e-08
27350.04800076804 5.596279318816843e-09
27400.04800076804 7.007306880200006e-10
27450.04800076804 6.667986936051192e-09
27500.04800076804 8.92038777621549e-09
27550.04800076804 2.0024214207003928e-09
27600.04800076804 4.428830938986859e-09
27650.04800076804 1.6840082103761913e-09
27700.04800076804 1.3474424873858952e-09
27750.04800076804 5.308435731272631e-09
27800.04800076804 2.1574776115582286e-09
27850.04800076804 2.6555573587580273e-09
27900.04800076804 3.677384762792077e-09
27950.04800076804 7.0100848379831355e-09
28000.04800076804 5.181922515629897e-09
28050.04800076804 1.4674529135369187e-09
28100.04800076804 7.839806357990452e-09
28150.04800076804 4.790166985878002e-09
28200.04800076804 1.7600197687942932e-09
28250.04800076804 8.922701310085657e-09
28300.04800076804 1.1496626391574444e-08
28350.04800076804 2.275610369785417e-09
28400.04800076804 6.69384095486257e-09
28450.04800076804 1.1286709508714755e-08
28500.04800076804 6.3809733627729375e-09
28550.04800076804 2.0775967001052642e-09
28600.04800076804 1.0648415446972046e-08
28650.04800076804 9.26006531626944e-09
28700.04800076804 7.757512708638978e-09
28750.04800076804 1.4142049644599935e-08
28800.04800076804 1.2108575344964099e-08
28850.04800076804 1.3641496799218934e-08
28900.04800076804 6.330580241278597e-09
28950.04800076804 1.8396771344693042e-08
29000.04800076804 1.2450054867564536e-08
29050.04800076804 1.4241632893577657e-08
29100.04800076804 1.0077462310785773e-08
29150.04800076804 2.2896820295885654e-08
29200.04800076804 1.3368550666898117e-08
29250.04800076804 1.9748813947668485e-08
29300.04800076804 1.1251832963720972e-08
29350.04800076804 4.706438156702201e-08
29400.04800076804 1.4552820116793039e-08
29450.04800076804 1.788390439383672e-08
29500.04800076804 2.6544431445115365e-08
29550.04800076804 1.796808756196373e-08
29600.04800076804 2.56951862735783e-08
29650.04800076804 2.7665347164389704e-08
29700.04800076804 1.5330802675674767e-08
29750.04800076804 2.606924787973528e-08
29800.04800076804 2.6397070327572615e-08
29850.04800076804 3.6427296676549515e-08
29900.04800076804 3.774228205588249e-08
29950.04800076804 2.7743607550326756e-08
30000.04800076804 1.098837258805011e-08
30050.04800076804 1.5065929004939702e-08
30100.04800076804 2.5056124895293585e-08
30150.04800076804 3.7135361754310104e-08
30200.04800076804 2.4228256945676888e-08
30250.04800076804 4.958902069518657e-08
30300.04800076804 4.191840567927593e-08
30350.04800076804 3.0197889136158314e-08
30400.04800076804 4.61604934650899e-08
30450.04800076804 3.013353472403445e-08
30500.04800076804 2.953172658388446e-08
30550.04800076804 2.6009129430112686e-08
30600.04800076804 4.5465454226390145e-08
30650.04800076804 3.347243747377147e-08
30700.04800076804 2.6931390861062883e-08
30750.04800076804 2.986645225504838e-08
30800.04800076804 2.3768053704710076e-08
30850.04800076804 2.5925439348802443e-08
30900.04800076804 2.4388690183184088e-08
30950.04800076804 1.428941527539742e-08
31000.04800076804 1.9263649397884823e-08
31050.04800076804 2.02208068960832e-08
31100.04800076804 1.3482632383748599e-08
31150.04800076804 1.6806237194253905e-08
31200.04800076804 2.2492115071322594e-08
31250.04800076804 1.2889843458173225e-08
31300.04800076804 1.2185521249713089e-08
31350.04800076804 1.3227798888409699e-08
31400.04800076804 8.503879690512664e-09
31450.04800076804 1.2211791090570358e-08
31500.04800076804 6.758337784586362e-09
31550.04800076804 8.510343236937893e-09
31600.04800076804 5.935612422926232e-09
31650.04800076804 5.27529481733503e-09
31700.04800076804 7.030363675943701e-09
31750.04800076804 3.2934480357654147e-09
31800.04800076804 6.535934831461556e-09
31850.04800076804 3.0423005837485102e-09
31900.04800076804 4.9952020545513505e-09
31950.04800076804 3.2981244177631204e-09
32000.04800076804 3.6854213752585877e-09
32050.04800076804 3.195862414112015e-09
32100.04800076804 2.5710805180270808e-09
32150.04800076804 3.7107091408260447e-09
32200.04800076804 2.2046744442905713e-09
32250.04800076804 4.8950399391278785e-09
32300.04800076804 1.8568420011827893e-09
32350.04800076804 5.470009399760091e-09
32400.04800076804 2.220391082668804e-09
32450.04800076804 4.335699817230474e-09
32500.04800076804 2.86667519278162e-09
32550.04800076804 4.241741718176984e-09
32600.04800076804 3.6684676231894203e-09
32650.04800076804 6.246856893758957e-09
32700.04800076804 4.5459106365892585e-09
32750.04800076804 8.72920156904514e-09
32800.04800076804 7.388487843610134e-09
32850.04800076804 1.1471148880401312e-08
32900.04800076804 1.1206232966444829e-08
32950.04800076804 1.2462866955769803e-08
33000.04800076804 8.136678530556343e-09
33050.04800076804 8.853989424229468e-09
33100.04800076804 3.6571147110147915e-09
33150.04800076804 1.0110489611976659e-10
33200.04800076804 3.0565798872464243e-10
33250.04800076804 2.545507237149337e-10
33300.04800076804 5.831880042398832e-10
33350.04800076804 1.6537671774435398e-09
33400.04800076804 3.3036295877115206e-09
33450.04800076804 3.468946126939464e-09
33500.04800076804 7.482129015867788e-09
33550.04800076804 4.573056634490106e-09
33600.04800076804 7.210847360803474e-09
33650.04800076804 6.717964537420772e-09
33700.04800076804 4.641291124486492e-09
33750.04800076804 9.06078576488446e-09
33800.04800076804 2.942325935886046e-09
33850.04800076804 5.823508309090258e-09
33900.04800076804 5.856309682622942e-09
33950.04800076804 5.839268329751115e-09
34000.04800076804 8.515128175044995e-09
34050.04800076804 2.5919467552616464e-09
34100.04800076804 7.226448319325426e-09
34150.04800076804 3.871573995552995e-09
34200.04800076804 6.541250981771274e-09
34250.04800076804 5.491759053678839e-09
34300.04800076804 4.4604811380692426e-09
34350.04800076804 8.355985761076413e-09
34400.04800076804 4.221509008589466e-09
34450.04800076804 8.768771162830092e-09
34500.04800076804 5.4320174206102654e-09
34550.04800076804 3.825994812054275e-09
34600.04800076804 1.0183669586512032e-08
34650.04800076804 3.5915186473283944e-09
34700.04800076804 6.52921043292098e-09
34750.04800076804 6.218784446936917e-09
34800.04800076804 3.924011940759712e-09
34850.04800076804 9.505410074401064e-09
34900.04800076804 6.681739608127052e-09
34950.04800076804 8.02865193615658e-09
35000.04800076804 1.2707216032673739e-08
35050.04800076804 7.380433115791059e-09
35100.04800076804 1.4255701223649485e-08
35150.04800076804 1.2260032099897941e-08
35200.04800076804 1.3081126088476172e-08
35250.04800076804 1.644062486920419e-08
35300.04800076804 9.012377083860918e-09
35350.04800076804 1.4787186131164971e-08
35400.04800076804 1.3202568584271504e-08
35450.04800076804 1.0895874418564979e-08
35500.04800076804 2.497676706416334e-08
35550.04800076804 1.60927629360562e-08
35600.04800076804 1.878623259416763e-08
35650.04800076804 1.9849534671365682e-08
35700.04800076804 1.4114907226699186e-08
35750.04800076804 2.898487544523825e-08
35800.04800076804 2.1213877844583094e-08
35850.04800076804 1.3732295147198682e-08
35900.04800076804 2.2557210803035914e-08
35950.04800076804 2.4752715496031767e-08
36000.04800076804 1.674425224183459e-08
36050.04800076804 2.215221870103997e-08
36100.04800076804 1.9583443920926556e-08
36150.04800076804 3.0418323897521506e-08
36200.04800076804 2.8687680268600526e-08
36250.04800076804 2.882126558073958e-08
36300.04800076804 3.761647290652109e-08
36350.04800076804 3.1997105552748544e-08
36400.04800076804 4.543520885713943e-08
36450.04800076804 3.964310707220707e-08
36500.04800076804 3.8968458511490694e-08
36550.04800076804 5.670726588378794e-08
36600.04800076804 6.366297731546247e-08
36650.04800076804 5.814179762150044e-08
36700.04800076804 5.5329883145571214e-08
36750.04800076804 6.707326218781312e-08
36800.04800076804 6.370819213465772e-08
36850.04800076804 4.788936730196433e-08
36900.04800076804 5.964363528781491e-08
36950.04800076804 6.695510968110605e-08
37000.04800076804 5.659974348023058e-08
37050.04800076804 7.218480030742649e-08
37100.04800076804 6.311521752169175e-08
37150.04800076804 6.884739050305056e-08
37200.04800076804 7.974757318942893e-08
37250.04800076804 6.001076934342475e-08
37300.04800076804 5.951256794709586e-08
37350.04800076804 7.814733960410467e-08
37400.04800076804 1.0399536190241827e-07
37450.04800076804 6.468548096611888e-08
37500.04800076804 6.760983773989605e-08
37550.04800076804 1.1598757604151919e-07
37600.04800076804 1.3082722670188446e-07
37650.04800076804 7.601776098035067e-08
37700.04800076804 1.0450031890407214e-07
37750.04800076804 7.42196867400599e-08
37800.04800076804 8.894871815445014e-08
37850.04800076804 6.084956362548261e-08
37900.04800076804 7.584486491218193e-08
37950.04800076804 1.0090313772576227e-07
38000.04800076804 1.1495844163203003e-07
38050.04800076804 1.0790881518590237e-07
38100.04800076804 1.3022993071480015e-07
38150.04800076804 1.2751230708312986e-07
38200.04800076804 1.2541753721534323e-07
38250.04800076804 1.2555107617008e-07
38300.04800076804 1.7750905049677784e-07
38350.04800076804 1.6710326812833982e-07
38400.04800076804 1.0383708011903304e-07
38450.04800076804 9.578143085997871e-08
38500.04800076804 7.03671341929921e-08
38550.04800076804 1.1275643729679766e-07
38600.04800076804 1.2134046923290633e-07
38650.04800076804 1.480509185194101e-07
38700.04800076804 1.5003436983892337e-07
38750.04800076804 1.5357444368580823e-07
38800.04800076804 1.20487794781497e-07
38850.04800076804 1.6321142373243015e-07
38900.04800076804 1.7122740765570715e-07
38950.04800076804 1.2783217479692642e-07
39000.04800076804 1.8006356899639181e-07
39050.04800076804 1.419445914978313e-07
39100.04800076804 1.5956086790103305e-07
39150.04800076804 1.648626718093654e-07
39200.04800076804 1.4859440433762884e-07
39250.04800076804 1.8941257177587658e-07
39300.04800076804 1.7107638944002485e-07
39350.04800076804 2.2481905577875546e-07
39400.04800076804 1.885683847114527e-07
39450.04800076804 1.9901974416139216e-07
39500.04800076804 2.105059886658617e-07
39550.04800076804 1.822035956517547e-07
39600.04800076804 1.997240684915154e-07
39650.04800076804 2.598282632540686e-07
39700.04800076804 2.127793816901335e-07
39750.04800076804 1.4452263841603997e-07
39800.04800076804 1.8900785301611945e-07
39850.04800076804 2.5821839177887176e-07
39900.04800076804 2.5895775757805345e-07
39950.04800076804 2.1424367541892458e-07
40000.04800076804 2.7653698879334196e-07
40050.04800076804 2.6072473833061655e-07
40100.04800076804 1.6084273361350852e-07
40150.04800076804 2.6966850169207316e-07
40200.04800076804 2.816148790765891e-07
40250.04800076804 2.7978140415111787e-07
40300.04800076804 2.8558472986262846e-07
40350.04800076804 2.04191245521929e-07
40400.04800076804 2.8520308337366424e-07
40450.04800076804 2.2439599590632912e-07
40500.04800076804 2.954899636353282e-07
40550.04800076804 2.905798652498056e-07
40600.04800076804 2.7994048509184735e-07
40650.04800076804 2.5973681434588416e-07
40700.04800076804 3.774914028001381e-07
40750.04800076804 2.9371564566389563e-07
40800.04800076804 2.230080330891668e-07
40850.04800076804 3.7088296813560946e-07
40900.04800076804 3.462911910194135e-07
40950.04800076804 2.5958719171935674e-07
41000.04800076804 3.0824367326730877e-07
41050.04800076804 3.6727430450204524e-07
41100.04800076804 2.996598609454661e-07
41150.04800076804 2.0540805270632866e-07
41200.04800076804 3.6640048979085097e-07
41250.04800076804 3.2567772191195403e-07
41300.04800076804 2.929065052054421e-07
41350.04800076804 3.8348439167884776e-07
41400.04800076804 3.346963368956157e-07
41450.04800076804 3.554756260303803e-07
41500.04800076804 2.778555227620276e-07
41550.04800076804 2.5616508757236395e-07
41600.04800076804 3.1598657584097727e-07
41650.04800076804 3.431980276687192e-07
41700.04800076804 3.170824805278846e-07
41750.04800076804 2.9608313420521134e-07
41800.04800076804 3.959023829711552e-07
41850.04800076804 2.4122252939607907e-07
41900.04800076804 2.596943934547962e-07
41950.04800076804 3.2325357686141624e-07
42000.04800076804 3.4997148732642257e-07
42050.04800076804 2.9284314063962653e-07
42100.04800076804 3.8307267076128177e-07
42150.04800076804 2.718325607399098e-07
42200.04800076804 2.7975250145229756e-07
42250.04800076804 2.6362188875137407e-07
42300.04800076804 2.635156340192556e-07
42350.04800076804 3.1228711062588556e-07
42400.04800076804 3.279298848979897e-07
42450.04800076804 2.7973450827951904e-07
42500.04800076804 2.736767850196388e-07
42550.04800076804 2.602283435031442e-07
42600.04800076804 2.827880661893591e-07
42650.04800076804 3.8408394425010654e-07
42700.04800076804 2.2990455312463837e-07
42750.04800076804 2.387696704774742e-07
42800.04800076804 2.727487564243663e-07
42850.04800076804 3.0876751477948314e-07
42900.04800076804 3.3846818418439687e-07
42950.04800076804 2.4630539029716557e-07
43000.04800076804 3.178202257187375e-07
43050.04800076804 1.5919562903683566e-07
43100.04800076804 2.5680469420239424e-07
43150.04800076804 2.525303713404276e-07
43200.04800076804 2.8040956773147804e-07
43250.04800076804 3.9145943194745557e-07
43300.04800076804 3.677272576923901e-07
43350.04800076804 2.0167737673513815e-07
43400.04800076804 2.807461500622625e-07
43450.04800076804 2.0802976821674845e-07
43500.04800076804 2.419862490687651e-07
43550.04800076804 2.3592054055936442e-07
