galfind/configs/Brown_Dwarf_templates/sonora_cholla/logkzz2/1000g/850K_1000g_logkzz2_resample.dat
# %ECSV 1.0
# ---
# datatype:
# - {name: wav, unit: Angstrom, datatype: float64}
# - {name: flux_nu, unit: erg / (cm2 Hz s), datatype: float64}
# schema: astropy-2.0
wav flux_nu
[from data line 1162]
68100.00000000009 8.863402161463239e-08
68150.00000000009 7.190247642127071e-08
68200.00000000009 6.728338040960819e-08
68250.00000000009 2.2509219948728828e-08
68300.00000000009 6.314251675339245e-08
68350.00000000009 4.413656235023817e-08
68400.00000000009 9.462005368505881e-08
68450.00000000009 8.274141085051349e-08
68500.00000000009 6.236158364679732e-08
68550.00000000009 3.3225978523966345e-08
68600.00000000009 3.593710897675702e-08
68650.00000000009 2.0437303971866675e-08
68700.00000000009 4.174922942481716e-08
68750.00000000009 5.993480621055847e-08
68800.00000000009 6.78449691476968e-08
68850.00000000009 2.9907847908474546e-08
68900.00000000009 9.402989563260189e-08
68950.00000000009 9.691485579244811e-08
69000.00000000009 7.584179264114351e-08
69050.00000000009 4.263256824515591e-08
69100.00000000009 9.115466260680011e-08
69150.00000000009 1.135002400647731e-07
69200.00000000009 7.120079354080897e-08
69250.00000000009 1.0943108855270017e-07
69300.00000000009 6.983833200658382e-08
69350.00000000009 1.06773202370933e-07
69400.00000000009 4.3585101393699496e-08
69450.00000000009 1.0569743742273121e-07
69500.00000000009 5.563103843453701e-08
69550.00000000009 5.615613805812634e-08
69600.00000000009 1.841232580519958e-08
69650.00000000009 5.127066097424648e-08
69700.00000000009 8.737569030986533e-08
69750.00000000009 5.945886396352945e-08
69800.00000000009 8.226116896782126e-08
69850.00000000009 8.965983036218095e-08
69900.00000000009 6.522983613765664e-08
69950.00000000009 6.375600861645193e-08
70000.00000000009 5.938723468014158e-08
70050.00000000009 1.04155599912415e-07
70100.00000000009 7.127984790165419e-08
70150.00000000009 6.885317971883814e-08
70200.00000000009 4.86814353108605e-08
70250.00000000009 6.723165913746131e-08
70300.00000000009 1.0194737663973702e-07
70350.00000000009 7.522729979027763e-08
70400.00000000009 4.883680520329097e-08
70450.00000000009 1.7035607748414977e-08
70500.00000000009 4.029636672110411e-08
70550.00000000009 4.100728892633443e-08
70600.00000000009 4.0972456259591786e-08
70650.00000000009 8.444101465700266e-08
70700.00000000009 7.762512210474088e-08
70750.00000000009 1.0535941802163831e-07
70800.00000000009 5.804497819146237e-08
70850.00000000009 5.5419754449214616e-08
70900.00000000009 6.236072818927869e-08
70950.00000000009 8.980030376342231e-08
71000.00000000009 8.040305346254501e-08
71050.00000000009 7.901439524580822e-08
71100.00000000009 6.621884857019545e-08
71150.00000000009 5.583301663732313e-08
71200.00000000009 4.9210577855711406e-08
71250.00000000009 6.42887864736956e-08
71300.00000000009 8.337791892938664e-08
71350.00000000009 8.569251029393595e-08
71400.00000000009 7.660414340849864e-08
71450.00000000009 3.878043255756858e-08
71500.00000000009 4.4452125407519333e-08
71550.00000000009 5.108498660628073e-08
71600.00000000009 6.195160668402501e-08
71650.00000000009 4.788303077598967e-08
71700.00000000009 3.661649208042509e-08
71750.00000000009 5.8308957873229286e-08
71800.00000000009 7.747565857034545e-08
71850.00000000009 7.5993027902491e-08
71900.00000000009 4.5897430847886064e-08
71950.00000000009 5.689826627884803e-08
72000.00000000009 5.452657593150148e-08
72050.00000000009 3.6072920767278e-08
72100.00000000009 4.29537569536735e-08
72150.00000000009 3.802064612933144e-08
72200.00000000009 5.7400057946214734e-08
72250.00000000009 7.264814815029718e-08
72300.00000000009 5.348783538297196e-08
72350.00000000009 5.962273303664044e-08
72400.00000000009 5.162714262754159e-08
72450.00000000009 4.3680795230081535e-08
72500.00000000009 5.71793188180812e-08
72550.00000000009 2.6685253808722132e-08
72600.00000000009 4.035841087895181e-08
72650.00000000009 6.391416940060233e-08
72700.00000000009 5.243911932067567e-08
72750.00000000009 5.147592255104114e-08
72800.00000000009 3.7191585987927656e-08
72850.00000000009 4.250397982323754e-08
72900.00000000009 7.024715468942885e-08
72950.00000000009 5.170479820921174e-08
73000.00000000009 5.245214643589686e-08
73050.00000000009 3.4375277583561186e-08
73100.00000000009 3.604553742100057e-08
73150.00000000009 7.645124423815972e-08
73200.00000000009 3.610648816404149e-08
73250.00000000009 4.803618305655877e-08
73300.00000000009 4.199731284645253e-08
73350.00000000009 3.1125532568879874e-08
73400.00000000009 4.782294035372882e-08
73450.00000000009 3.0716736435514766e-08
73500.00000000009 2.7398522574147148e-08
73550.00000000009 4.551758976336258e-08
73600.00000000009 3.8718490251285016e-08
73650.00000000009 4.565243623333445e-08
73700.00000000009 4.846933683457073e-08
73750.00000000009 2.4478310817735946e-08
73800.00000000009 4.1628609610941544e-08
73850.00000000009 5.0237562889524007e-08
73900.00000000009 4.073569185339015e-08
73950.00000000009 3.805672374169985e-08
74000.00000000009 2.6253130018624255e-08
74050.00000000009 6.57540773946248e-08
74100.00000000009 4.2923604715972427e-08
74150.00000000009 4.538032527214621e-08
74200.00000000009 3.6582065832595536e-08
74250.00000000009 1.4343486129044799e-08
74300.00000000009 4.10738702039069e-08
74350.00000000009 5.797027603149993e-08
74400.00000000009 5.518159118240849e-08
74450.00000000009 2.62399340047394e-08
74500.00000000009 2.1976027856395775e-08
74550.00000000009 3.826153304506686e-08
74600.00000000009 3.9721134957966204e-08
74650.00000000009 3.939863342679067e-08
74700.00000000009 2.8216597786911552e-08
74750.00000000009 2.6034564752879148e-08
74800.00000000009 3.351474441008749e-08
74850.00000000009 3.355640111391906e-08
74900.00000000009 5.539154629597085e-08
74950.00000000009 5.6200920675241466e-08
75000.00000000009 3.2562355684907395e-08
75050.00000000009 1.9063082792439615e-08
75100.00000000009 5.762260541849384e-08
75150.00000000009 5.2792568690444404e-08
75200.00000000009 6.047483330988217e-08
75250.00000000009 6.540946156209614e-08
75300.00000000009 5.814425063114801e-08
75350.00000000009 2.6615454180973062e-08
75400.00000000009 6.844870222060503e-08
75450.00000000009 5.483265344486146e-08
75500.00000000009 5.0674565361598986e-08
75550.00000000009 5.72091776288179e-08
75600.00000000009 7.462713202275001e-08
75650.00000000009 4.697865125261623e-08
75700.00000000009 5.995322845201303e-08
75750.00000000009 3.689049036969752e-08
75800.00000000009 5.813222386292221e-08
75850.00000000009 6.820235351870414e-08
75900.00000000009 6.199087045015224e-08
75950.00000000009 3.601947276563885e-08
76000.00000000009 6.359580351069322e-08
76050.00000000009 6.30382230241691e-08
76100.00000000009 5.947867671123604e-08
76150.00000000009 6.561478376196163e-08
76200.00000000009 6.296357414186085e-08
76250.00000000009 6.145452399418191e-08
76300.00000000009 9.723608226914975e-08
76350.00000000009 1.1355327378351943e-07
76400.00000000009 8.315140184280461e-08
76450.00000000009 7.587223212401919e-08
76500.00000000009 5.7791316939180437e-08
76550.00000000009 3.424421063597811e-08
76600.00000000009 1.2135730571504166e-08
76650.00000000009 1.4975559764745774e-08
76700.00000000009 1.805453704498644e-08
76750.00000000009 1.7474994678607266e-08
76800.00000000009 3.1383642883971515e-08
76850.00000000009 1.1754380446020012e-08
76900.00000000009 1.463183135881024e-08
76950.00000000009 2.7601743612468876e-08
77000.00000000009 3.2885127264575456e-08
77050.00000000009 1.7189092961360153e-08
77100.00000000009 2.1225044688799656e-08
77150.00000000009 3.6167381470474645e-08
77200.00000000009 2.84351110969439e-08
77250.00000000009 3.080759565724784e-08
77300.00000000009 3.3613085978039757e-08
77350.00000000009 1.7431067602687934e-08
77400.00000000009 2.1170808742671e-08
77450.00000000009 3.0062749291469336e-08
77500.00000000009 2.6352794276999012e-08
77550.00000000009 2.8659791686678913e-08
77600.00000000009 2.679407490331996e-08
77650.00000000009 2.8621237539879145e-08
77700.00000000009 2.4948168967803348e-08
77750.00000000009 4.3937109816200653e-08
77800.00000000009 3.760023394459097e-08
77850.00000000009 6.510373466386175e-08
77900.00000000009 4.472526679203247e-08
77950.00000000009 2.0914177905063963e-08
78000.00000000009 3.5902378655643405e-08
78050.00000000009 3.715300973617065e-08
78100.00000000009 3.3366494629550264e-08
78150.00000000009 5.563095460179891e-08
78200.00000000009 5.321949109409032e-08
78250.00000000009 6.358234083899303e-08
78300.00000000009 4.523020388125318e-08
78350.00000000009 5.272404719440141e-08
78400.00000000009 3.198599883215362e-08
78450.00000000009 5.802121804285185e-08
78500.00000000009 6.498025981189335e-08
78550.00000000009 7.23885565878204e-08
78600.00000000009 5.965473788605525e-08
78650.00000000009 1.9281800579745986e-08
78700.00000000009 3.2180026330434206e-08
78750.00000000009 3.650610837662596e-08
78800.00000000009 5.0519150533772203e-08
78850.00000000009 2.360484527673825e-08
78900.00000000009 4.409630292528898e-08
78950.00000000009 5.1924627427469206e-08
79000.00000000009 4.744421658841971e-08
79050.00000000009 4.037599225557341e-08
79100.00000000009 4.457077652464494e-08
79150.00000000009 4.7727138869267065e-08
79200.00000000009 5.3669134748626306e-08
79250.00000000009 3.83072833631108e-08
79300.00000000009 3.138940651426444e-08
79350.00000000009 5.034400183595925e-08
79400.00000000009 3.43055245100659e-08
79450.00000000009 6.31326002684546e-08
79500.00000000009 8.386673525415749e-08
79550.00000000009 6.919335208592111e-08
79600.00000000009 3.488911477722855e-08
79650.00000000009 5.1640977151589405e-08
79700.00000000009 5.295092249880377e-08
79750.00000000009 5.598076535170018e-08
79800.00000000009 3.966872580030949e-08
79850.00000000009 5.059402706304748e-08
79900.00000000009 8.924463930878908e-08
79950.00000000009 6.885086602750336e-08
