galfind/configs/Brown_Dwarf_templates/sonora_cholla/logkzz2/1000g/900K_1000g_logkzz2_resample.dat
# %ECSV 1.0
# ---
# datatype:
# - {name: wav, unit: Angstrom, datatype: float64}
# - {name: flux_nu, unit: erg / (cm2 Hz s), datatype: float64}
# schema: astropy-2.0
wav flux_nu
[from data line 774]
48700.000000000095 2.5499154237990906e-07
48750.000000000095 1.5057701959007613e-07
48800.000000000095 2.6697419830339375e-07
48850.000000000095 1.6642580845426584e-07
48900.000000000095 2.5097014580519754e-07
48950.000000000095 1.94591430968319e-07
49000.000000000095 1.4189261400030238e-07
49050.000000000095 2.4281306633127956e-07
49100.000000000095 1.8780836902640657e-07
49150.000000000095 2.5506494882096165e-07
49200.000000000095 2.1574792019253126e-07
49250.000000000095 2.74593865876724e-07
49300.000000000095 2.0339784719097626e-07
49350.000000000095 1.5780159657663305e-07
49400.000000000095 1.9439967225892595e-07
49450.000000000095 2.1466961536338056e-07
49500.000000000095 1.80996634570919e-07
49550.000000000095 8.255168228670604e-08
49600.000000000095 1.6447967663839964e-07
49650.000000000095 1.786401295001992e-07
49700.000000000095 1.886991821267502e-07
49750.000000000095 2.572581431657238e-07
49800.000000000095 1.6819583249007995e-07
49850.000000000095 2.9887120207499105e-07
49900.000000000095 2.453326829101828e-07
49950.000000000095 2.2806275164544484e-07
50000.000000000095 2.436449509566624e-07
50050.000000000095 2.57434573749945e-07
50100.000000000095 2.4568353172373286e-07
50150.000000000095 1.3815265576803614e-07
50200.000000000095 6.910550890185093e-08
50250.000000000095 1.9998365921522345e-07
50300.000000000095 1.4832707419903867e-07
50350.000000000095 2.541993953204905e-07
50400.000000000095 2.277406966165001e-07
50450.000000000095 1.9114823764721962e-07
50500.000000000095 2.700136175811859e-07
50550.000000000095 2.503005076401884e-07
50600.000000000095 2.0466236451870316e-07
50650.000000000095 2.426958494801216e-07
50700.000000000095 3.2179821625304037e-07
50750.000000000095 2.3905844380778667e-07
50800.000000000095 1.2752174899227552e-07
50850.000000000095 1.0482162794492234e-07
50900.000000000095 2.654178031739738e-07
50950.000000000095 2.469852094892361e-07
51000.000000000095 2.1416809715788514e-07
51050.000000000095 2.2813222378696167e-07
51100.000000000095 1.1141375165619113e-07
51150.000000000095 1.5703175190173033e-07
51200.000000000095 3.15681505181199e-07
51250.000000000095 2.1201492534201724e-07
51300.000000000095 1.668482485828029e-07
51350.000000000095 1.9683288352082558e-07
51400.000000000095 1.1190773956695922e-07
51450.000000000095 9.825769409679521e-08
51500.000000000095 8.69257190982693e-08
51550.000000000095 1.9046632296008353e-07
51600.000000000095 1.4881162515339927e-07
51650.000000000095 1.8331723545299458e-07
51700.000000000095 1.9402577506788048e-07
51750.000000000095 1.2454480401846774e-07
51800.000000000095 2.447343068271821e-07
51850.000000000095 2.030372782422389e-07
51900.000000000095 2.770702278997071e-07
51950.000000000095 1.965350788650228e-07
52000.000000000095 5.65994087876314e-08
52050.000000000095 1.2920713052577177e-07
52100.000000000095 1.061837878137113e-07
52150.000000000095 7.971591173127857e-08
52200.000000000095 9.919174018857251e-08
52250.000000000095 1.4804921269700584e-07
52300.000000000095 2.4930791683024207e-07
52350.000000000095 1.273667320051056e-07
52400.000000000095 1.1250308780209033e-07
52450.000000000095 2.1051793382102716e-07
52500.000000000095 1.9385413008928098e-07
52550.000000000095 1.896720821492531e-07
52600.000000000095 1.552535504703781e-07
52650.000000000095 1.588876821342357e-07
52700.000000000095 1.3261959219329036e-07
52750.000000000095 9.563582862470905e-08
52800.000000000095 1.1238736717669725e-07
52850.000000000095 1.327641520476494e-07
52900.000000000095 9.705675293057069e-08
52950.000000000095 1.1403780388999655e-07
53000.000000000095 2.0325197745617036e-07
53050.000000000095 8.023890486983218e-08
53100.000000000095 1.960842381050395e-07
53150.000000000095 2.3671215889946434e-07
53200.000000000095 1.0328731529067865e-07
53250.000000000095 2.082795482174602e-07
53300.000000000095 2.2442530503405347e-07
53350.000000000095 2.1858947776934783e-07
53400.000000000095 1.978350230820991e-07
53450.000000000095 8.054972125289878e-08
53500.000000000095 4.385479676584071e-08
53550.000000000095 7.403327574919489e-08
53600.000000000095 1.3724553997848865e-07
53650.000000000095 1.1494529233846333e-07
53700.000000000095 1.037003853138031e-07
53750.000000000095 1.0059986113059594e-07
53800.000000000095 1.02131068255291e-07
53850.000000000095 1.4406813057022617e-07
53900.000000000095 1.5541699573985207e-07
53950.000000000095 1.9603649911466032e-07
54000.000000000095 1.288106167526157e-07
54050.000000000095 1.3602549800450921e-07
54100.000000000095 5.5196358447860235e-08
54150.000000000095 8.433967523132324e-08
54200.000000000095 3.4773599946725045e-08
54250.000000000095 5.245294699128056e-08
54300.000000000095 9.321684168996918e-08
54350.000000000095 1.294495523546799e-07
54400.000000000095 1.2458910083511294e-07
54450.000000000095 1.0811296463577042e-07
54500.000000000095 9.406237728977974e-08
54550.000000000095 8.327894509404848e-08
54600.000000000095 1.0004044076425542e-07
54650.000000000095 4.258058813120277e-08
54700.000000000095 1.210132996363721e-07
54750.000000000095 1.0990133999125723e-07
54800.000000000095 7.21068502288723e-08
54850.000000000095 9.252515355752693e-08
54900.000000000095 1.3333108301839507e-07
54950.000000000095 1.7979033148805544e-07
55000.000000000095 7.054817863148546e-08
55050.000000000095 1.1136409101081415e-07
55100.000000000095 1.125737792266549e-07
55150.000000000095 8.121185788413848e-08
55200.000000000095 7.715602360126803e-08
55250.000000000095 9.338104058373779e-08
55300.000000000095 6.39796283496788e-08
55350.000000000095 1.1612843808937462e-07
55400.000000000095 1.396083026607939e-07
55450.000000000095 9.017011111330917e-08
55500.000000000095 4.516315755272031e-08
55550.000000000095 6.077722208782584e-08
55600.000000000095 6.725892703363938e-08
55650.000000000095 5.992243786763523e-08
55700.000000000095 7.237660539657881e-08
55750.000000000095 7.71901316162664e-08
55800.000000000095 4.919070073612959e-08
55850.000000000095 5.0015955105104995e-08
55900.000000000095 1.0142323995113015e-07
55950.000000000095 1.3643671796320203e-07
56000.000000000095 6.044528559694795e-08
56050.000000000095 7.845247977793955e-08
56100.000000000095 1.011583896837932e-07
56150.000000000095 6.555317954240564e-08
56200.000000000095 7.858445274848577e-08
56250.000000000095 1.0162623101941998e-07
56300.000000000095 8.973409462634412e-08
56350.000000000095 8.153896019317731e-08
56400.000000000095 4.562573068890614e-08
56450.000000000095 4.129277866063386e-08
56500.000000000095 7.146101296876337e-08
56550.000000000095 3.935572249935107e-08
56600.000000000095 9.869105739631069e-08
56650.000000000095 9.905264228664513e-08
56700.000000000095 1.0013757701922552e-07
56750.000000000095 4.452142238938414e-08
56800.000000000095 8.860407860414765e-08
56850.000000000095 7.972535583962204e-08
56900.000000000095 5.5655214750722634e-08
56950.000000000095 9.754604116335209e-08
57000.000000000095 1.146742585439051e-07
57050.000000000095 6.581756649773844e-08
57100.000000000095 2.993875123160492e-08
57150.000000000095 5.011886882972385e-08
57200.000000000095 4.024950046159641e-08
57250.000000000095 5.622782517393606e-08
57300.000000000095 7.904290944665996e-08
57350.000000000095 4.4623818913298933e-08
57400.000000000095 8.982031714766735e-08
57450.000000000095 6.623104678716308e-08
57500.000000000095 6.185972549039157e-08
57550.000000000095 8.42011013559498e-08
57600.000000000095 8.380038402102765e-08
57650.000000000095 2.8374325025204174e-08
57700.000000000095 4.1462495831615134e-08
57750.000000000095 5.617080748028366e-08
57800.000000000095 2.4142565165168288e-08
57850.000000000095 1.246282901884129e-07
57900.000000000095 1.4372559383352077e-07
57950.000000000095 1.3658394937576256e-07
58000.000000000095 5.961695571286385e-08
58050.000000000095 8.62232044958921e-08
58100.000000000095 9.936321300430504e-08
58150.000000000095 6.912696089684762e-08
58200.000000000095 3.0840866438568535e-08
58250.000000000095 4.176065007654689e-08
58300.000000000095 3.893816347473909e-08
58350.000000000095 4.786200165753682e-08
58400.000000000095 7.754495713208841e-08
58450.000000000095 8.67290327569294e-08
58500.000000000095 8.130525254179589e-08
58550.000000000095 8.674138790327952e-08
58600.000000000095 4.459785872689006e-08
58650.000000000095 5.5661963065464513e-08
58700.000000000095 6.47179300050504e-08
58750.000000000095 6.92804769349438e-08
58800.000000000095 2.313480197070597e-08
58850.000000000095 5.2356385570257913e-08
58900.000000000095 7.1005820404315e-08
58950.000000000095 3.7752703776665144e-08
59000.000000000095 7.258522327243856e-08
59050.000000000095 8.783863596173682e-08
59100.000000000095 9.924736257868868e-08
59150.000000000095 7.145482104538226e-08
59200.000000000095 7.577922115478356e-08
59250.000000000095 8.09689131315064e-08
59300.000000000095 7.323742810711331e-08
59350.000000000095 2.8457854062920068e-08
59400.000000000095 2.4523096750625743e-08
59450.000000000095 7.105923440121382e-08
59500.000000000095 3.906449175995087e-08
59550.000000000095 8.270627429662469e-08
59600.000000000095 9.500345078781449e-08
59650.000000000095 6.283531172489184e-08
59700.000000000095 4.425964048006903e-08
59750.000000000095 1.1458767069508585e-07
59800.000000000095 5.9178572650741604e-08
59850.000000000095 8.4962638634302e-08
59900.000000000095 3.653864408883857e-08
59950.000000000095 7.003686343079362e-08
60000.000000000095 1.2898058976151287e-07
60050.000000000095 1.1256697163292457e-07
60100.000000000095 1.0591693749930045e-07
60150.000000000095 6.185492104102469e-08
60200.000000000095 8.652580813680021e-08
60250.000000000095 1.2084625761311286e-07
60300.000000000095 1.0864122672811128e-07
60350.000000000095 6.997241834931013e-08
60400.000000000095 8.510866360097316e-08
60450.000000000095 3.5329188979646e-08
60500.000000000095 1.907154513594173e-08
60550.000000000095 8.262924590173773e-08
60600.000000000095 8.812199846531852e-08
60650.000000000095 6.607995673211712e-08
60700.000000000095 5.2740360865181604e-08
60750.000000000095 3.532230037106049e-08
60800.000000000095 8.698928793119106e-08
60850.000000000095 1.4516186546971254e-07
60900.000000000095 1.284963337952264e-07
60950.000000000095 1.0698386604399532e-07
61000.000000000095 8.834835501284309e-08
61050.000000000095 5.199557305113619e-08
61100.000000000095 6.933959368263111e-08
61150.000000000095 2.9055116332844834e-08
61200.000000000095 9.920236260944608e-08
61250.000000000095 1.1610817176435621e-07
61300.000000000095 1.0165787156383981e-07
61350.000000000095 1.457844809840374e-07
61400.000000000095 7.684870349740352e-08
61450.000000000095 4.1163321729830106e-08
61500.000000000095 5.1373818530792113e-08
61550.000000000095 6.718052299800253e-08
61600.000000000095 4.225058396865566e-08
61650.000000000095 7.019853103119086e-08
61700.000000000095 6.505973808124268e-08
61750.000000000095 7.668776335775348e-08
61800.000000000095 8.026753129068169e-08
61850.000000000095 4.2889151634692964e-08
61900.000000000095 1.1742461620010709e-07
61950.000000000095 1.203967307170691e-07
62000.000000000095 1.2078536655461034e-07
62050.000000000095 1.1440914515115853e-07
62100.000000000095 1.0070819645561152e-07
62150.000000000095 1.1869262459707736e-07
62200.000000000095 1.0421241465320489e-07
62250.000000000095 9.259940591410259e-08
62300.000000000095 1.567066379023824e-07
62350.000000000095 1.278489635630172e-07
62400.000000000095 6.700582775403398e-08
62450.000000000095 9.554048172877822e-08
62500.000000000095 1.427821746906172e-07
62550.000000000095 1.476718245429485e-07
62600.000000000095 1.4920776756624504e-07
62650.000000000095 1.1430404588096696e-07
62700.000000000095 1.1258950683105663e-07
62750.000000000095 1.4927054923439402e-07
62800.000000000095 8.94848901193388e-08
62850.000000000095 1.2886528604476764e-07
62900.000000000095 1.0023004607367384e-07
62950.000000000095 1.5625981035425787e-07
63000.000000000095 1.2094723185025344e-07
63050.000000000095 1.8088554601677347e-07
63100.000000000095 1.6735324330289298e-07
63150.000000000095 1.1843710117688066e-07
63200.000000000095 1.3953064363651152e-07
63250.000000000095 1.276030440349949e-07
63300.000000000095 1.316109363917436e-07
63350.000000000095 1.2605158566421306e-07
63400.000000000095 6.507304638169148e-08
63450.000000000095 4.549906033309462e-08
63500.000000000095 1.1048395548093924e-07
63550.000000000095 1.2159144944290136e-07
63600.000000000095 1.2782813162727546e-07
63650.000000000095 8.999037585564616e-08
63700.000000000095 4.9830006262233035e-08
63750.000000000095 8.170422997393097e-08
63800.000000000095 1.238044394761298e-07
63850.000000000095 1.0608390576443058e-07
63900.000000000095 5.837311907261075e-08
63950.000000000095 9.849874441639556e-08
64000.000000000095 1.1670560052572663e-07
64050.000000000095 7.161236322212211e-08
64100.000000000095 2.301553010788607e-08
64150.000000000095 3.4749094469738525e-08
64200.000000000095 3.9472240437220694e-08
64250.000000000095 7.56070076928768e-08
64300.000000000095 5.775554801645936e-08
64350.000000000095 4.751137718746844e-08
64400.000000000095 9.302967778617063e-08
64450.000000000095 9.78343652825959e-08
64500.000000000095 4.736790827131602e-08
64550.000000000095 8.03600309536707e-08
64600.000000000095 4.517216891584768e-08
64650.000000000095 7.837209462442904e-08
64700.000000000095 3.624510690172152e-08
64750.000000000095 4.9424913987559634e-08
64800.000000000095 4.29037640144298e-08
64850.000000000095 3.497267183712594e-08
64900.000000000095 3.8845770295236744e-08
64950.000000000095 3.645828194815762e-08
65000.000000000095 4.8712320266941774e-08
65050.000000000095 5.8437470934086785e-08
65100.000000000095 7.744475189140695e-08
65150.000000000095 4.517605050711045e-08
65200.000000000095 3.330572096378461e-08
65250.000000000095 6.653326589581866e-08
65300.000000000095 5.9114782492083626e-08
65350.000000000095 1.205363618740706e-07
65400.000000000095 5.6066428757584876e-08
65450.000000000095 5.7764432723939935e-08
65500.000000000095 6.975101044281948e-08
65550.00000000009 4.0095151713375755e-08
65600.00000000009 6.273451501538593e-08
65650.00000000009 5.5170070884809266e-08
65700.00000000009 5.216536420580875e-08
65750.00000000009 3.77383839478682e-08
65800.00000000009 6.222260767651549e-08
65850.00000000009 8.087865470353526e-08
65900.00000000009 3.62685310617715e-08
65950.00000000009 3.893395751161615e-08
66000.00000000009 5.3125127641581915e-08
66050.00000000009 1.0310466341949912e-07
66100.00000000009 5.988966754550667e-08
66150.00000000009 4.832116885143504e-08
66200.00000000009 4.624316368717571e-08
66250.00000000009 3.9775620710219255e-08
66300.00000000009 1.9254428569482166e-08
66350.00000000009 2.4395935770096675e-08
66400.00000000009 3.844273146163019e-08
66450.00000000009 7.34322069778482e-08
66500.00000000009 1.0158508610781107e-07
66550.00000000009 9.35763462513538e-08
66600.00000000009 7.29155835262018e-08
66650.00000000009 6.246579433917918e-08
66700.00000000009 5.452324299431657e-08
66750.00000000009 4.9536408248218524e-08
66800.00000000009 6.539287377935162e-08
66850.00000000009 4.3411066857688786e-08
66900.00000000009 9.10244962660673e-08
66950.00000000009 1.0132949445762763e-07
67000.00000000009 1.0265633921390997e-07
67050.00000000009 6.487073775812418e-08
67100.00000000009 4.8569221900529865e-08
67150.00000000009 5.162897288670502e-08
67200.00000000009 6.927433875965193e-08
67250.00000000009 6.573527114347301e-08
67300.00000000009 8.164703704718664e-08
67350.00000000009 4.9470325733123765e-08
67400.00000000009 1.0040863035817579e-07
67450.00000000009 7.155163980271674e-08
67500.00000000009 6.625605034343802e-08
67550.00000000009 9.102262916181404e-08
67600.00000000009 1.4988827087141765e-07
67650.00000000009 1.1007734713410165e-07
67700.00000000009 7.775319482443065e-08
67750.00000000009 6.145270275658302e-08
67800.00000000009 8.480011859894345e-08
67850.00000000009 4.6486877179629624e-08
67900.00000000009 5.874604559461606e-08
67950.00000000009 4.257220797156145e-08
68000.00000000009 7.06356093454119e-08
68050.00000000009 9.231903318364919e-08
