galfind/configs/Brown_Dwarf_templates/sonora_cholla/logkzz2/1000g/950K_1000g_logkzz2_resample.dat
# %ECSV 1.0
# ---
# datatype:
# - {name: wav, unit: Angstrom, datatype: float64}
# - {name: flux_nu, unit: erg / (cm2 Hz s), datatype: float64}
# schema: astropy-2.0
wav flux_nu
[from data line 1161]
68050.00000000009 1.1726388214369659e-07
68100.00000000009 1.3619019194728396e-07
68150.00000000009 1.0967790986778275e-07
68200.00000000009 1.0947016902248119e-07
68250.00000000009 4.4934809135624196e-08
68300.00000000009 9.805049734313964e-08
68350.00000000009 6.190573683713559e-08
68400.00000000009 1.3975997570966116e-07
68450.00000000009 1.2873070066949597e-07
68500.00000000009 1.0385701185143085e-07
68550.00000000009 6.457233917303205e-08
68600.00000000009 6.865319100490906e-08
68650.00000000009 4.2576963801788136e-08
68700.00000000009 7.65752913964204e-08
68750.00000000009 1.0054685955339315e-07
68800.00000000009 1.132295517999735e-07
68850.00000000009 5.579353028216532e-08
68900.00000000009 1.4655501062330708e-07
68950.00000000009 1.5315955997433164e-07
69000.00000000009 1.296917884419668e-07
69050.00000000009 7.876782558042723e-08
69100.00000000009 1.4742720091858552e-07
69150.00000000009 1.741412628263661e-07
69200.00000000009 1.0750262535997215e-07
69250.00000000009 1.651783952262172e-07
69300.00000000009 1.049563776744897e-07
69350.00000000009 1.554099023406966e-07
69400.00000000009 7.230729071103042e-08
69450.00000000009 1.5951590296473508e-07
69500.00000000009 9.279186180066251e-08
69550.00000000009 9.740183090314383e-08
69600.00000000009 3.6274613029389904e-08
69650.00000000009 8.765933102718123e-08
69700.00000000009 1.3964463199788755e-07
69750.00000000009 9.883033534361303e-08
69800.00000000009 1.282150080458869e-07
69850.00000000009 1.3921848906285109e-07
69900.00000000009 1.0421716956395016e-07
69950.00000000009 1.052241321110116e-07
70000.00000000009 9.466738252695403e-08
70050.00000000009 1.5486166846152783e-07
70100.00000000009 1.0790211176860515e-07
70150.00000000009 1.0830428903774152e-07
70200.00000000009 8.049948099114891e-08
70250.00000000009 1.0860859854725584e-07
70300.00000000009 1.4900274580865762e-07
70350.00000000009 1.1216109263179024e-07
70400.00000000009 8.404286516911094e-08
70450.00000000009 3.669886062146228e-08
70500.00000000009 6.933222715092077e-08
70550.00000000009 7.157542741195285e-08
70600.00000000009 7.116499450576935e-08
70650.00000000009 1.2756925011258447e-07
70700.00000000009 1.1502696922099603e-07
70750.00000000009 1.461184745527108e-07
70800.00000000009 9.007892677806082e-08
70850.00000000009 8.557211902028816e-08
70900.00000000009 9.211456647670039e-08
70950.00000000009 1.33786961612294e-07
71000.00000000009 1.1598219061551347e-07
71050.00000000009 1.1551399401133657e-07
71100.00000000009 9.98172684086724e-08
71150.00000000009 9.226072779963547e-08
71200.00000000009 8.175230228492665e-08
71250.00000000009 9.625655334344222e-08
71300.00000000009 1.2336278737204105e-07
71350.00000000009 1.24145474316827e-07
71400.00000000009 1.1657353687084747e-07
71450.00000000009 6.413686583407509e-08
71500.00000000009 7.56885660567023e-08
71550.00000000009 8.347236267583262e-08
71600.00000000009 1.0001066007814797e-07
71650.00000000009 8.34892711104734e-08
71700.00000000009 6.57194912503786e-08
71750.00000000009 8.971636057921806e-08
71800.00000000009 1.1573845064509437e-07
71850.00000000009 1.1479727177356944e-07
71900.00000000009 7.487000011629578e-08
71950.00000000009 8.610953839724526e-08
72000.00000000009 8.463306306120294e-08
72050.00000000009 6.247461327129394e-08
72100.00000000009 7.370873249674375e-08
72150.00000000009 6.262139722700834e-08
72200.00000000009 8.749184585688646e-08
72250.00000000009 1.0537504457906926e-07
72300.00000000009 8.561343935875751e-08
72350.00000000009 9.112002861928917e-08
72400.00000000009 7.868500255658814e-08
72450.00000000009 6.685829846971653e-08
72500.00000000009 8.665252249122903e-08
72550.00000000009 4.777689340882572e-08
72600.00000000009 6.061364285303835e-08
72650.00000000009 9.503391509385085e-08
72700.00000000009 8.664323632744871e-08
72750.00000000009 7.915916456819968e-08
72800.00000000009 6.509865720712982e-08
72850.00000000009 6.904546707034627e-08
72900.00000000009 1.0070595152907695e-07
72950.00000000009 8.300581461074466e-08
73000.00000000009 8.424619664705544e-08
73050.00000000009 6.12110167818256e-08
73100.00000000009 5.84469257097101e-08
73150.00000000009 1.1405721078697562e-07
73200.00000000009 6.086108542650544e-08
73250.00000000009 7.647768246948444e-08
73300.00000000009 7.317117911196938e-08
73350.00000000009 5.619180462937755e-08
73400.00000000009 7.839970585736818e-08
73450.00000000009 5.29330872689363e-08
73500.00000000009 4.821611467187427e-08
73550.00000000009 7.339893094216336e-08
73600.00000000009 5.914628471508869e-08
73650.00000000009 7.460572755040809e-08
73700.00000000009 8.261407907552512e-08
73750.00000000009 4.685874146223455e-08
73800.00000000009 6.983178643656216e-08
73850.00000000009 7.907611873241616e-08
73900.00000000009 7.395954596230635e-08
73950.00000000009 6.58117169826924e-08
74000.00000000009 5.069746088486063e-08
74050.00000000009 1.0589128093419744e-07
74100.00000000009 6.836564416999923e-08
74150.00000000009 7.364440799152518e-08
74200.00000000009 6.403584812720148e-08
74250.00000000009 3.198079307723791e-08
74300.00000000009 6.562228072007442e-08
74350.00000000009 8.930559339967439e-08
74400.00000000009 8.332545787716689e-08
74450.00000000009 4.435892077860961e-08
74500.00000000009 4.5819759656043696e-08
74550.00000000009 6.648804311264784e-08
74600.00000000009 6.653380160477524e-08
74650.00000000009 6.586144412258844e-08
74700.00000000009 4.958675539064198e-08
74750.00000000009 5.1042681728146894e-08
74800.00000000009 6.027491672635705e-08
74850.00000000009 5.398620187588655e-08
74900.00000000009 8.790707989846926e-08
74950.00000000009 8.980118659079271e-08
75000.00000000009 6.172994079922951e-08
75050.00000000009 4.0076186877888876e-08
75100.00000000009 9.470184598728255e-08
75150.00000000009 8.10000430955177e-08
75200.00000000009 9.507887199060087e-08
75250.00000000009 9.781215326580807e-08
75300.00000000009 9.367606540780745e-08
75350.00000000009 4.960632363040548e-08
75400.00000000009 1.0326567832156349e-07
75450.00000000009 8.292293707853866e-08
75500.00000000009 7.846665110785234e-08
75550.00000000009 9.206984835711744e-08
75600.00000000009 1.1723456354344181e-07
75650.00000000009 7.433496068960662e-08
75700.00000000009 8.795741861896225e-08
75750.00000000009 5.9221267912735136e-08
75800.00000000009 9.099777093702381e-08
75850.00000000009 1.0584510683463051e-07
75900.00000000009 9.499279553413452e-08
75950.00000000009 6.228120326443218e-08
76000.00000000009 9.374854407144407e-08
76050.00000000009 9.656296946100917e-08
76100.00000000009 8.922355182321259e-08
76150.00000000009 9.988542945610121e-08
76200.00000000009 9.836873993706182e-08
76250.00000000009 1.0545995260483587e-07
76300.00000000009 1.4146496633061338e-07
76350.00000000009 1.6344661274394297e-07
76400.00000000009 1.2287213681765166e-07
76450.00000000009 1.1685382812082907e-07
76500.00000000009 9.330931492081639e-08
76550.00000000009 6.458795161237006e-08
76600.00000000009 2.6961299613093368e-08
76650.00000000009 3.3086203690549425e-08
76700.00000000009 3.494338215900167e-08
76750.00000000009 3.4793572420454644e-08
76800.00000000009 5.7899979757208404e-08
76850.00000000009 2.2349791249862207e-08
76900.00000000009 3.029729661474986e-08
76950.00000000009 4.9687907925405546e-08
77000.00000000009 5.518910665925614e-08
77050.00000000009 3.438008192548577e-08
77100.00000000009 4.072477778734855e-08
77150.00000000009 6.02540342485871e-08
77200.00000000009 5.0184046937909646e-08
77250.00000000009 5.564957940441436e-08
77300.00000000009 5.553937445465244e-08
77350.00000000009 3.476892488155858e-08
77400.00000000009 3.6517941402589275e-08
77450.00000000009 4.679224197890066e-08
77500.00000000009 3.990771878689133e-08
77550.00000000009 4.971958914496776e-08
77600.00000000009 5.189080854002405e-08
77650.00000000009 5.068745124853727e-08
77700.00000000009 4.0096325679750615e-08
77750.00000000009 7.026224359019419e-08
77800.00000000009 5.681954274332503e-08
77850.00000000009 9.267536860266509e-08
77900.00000000009 7.123018006640298e-08
77950.00000000009 4.07829621208379e-08
78000.00000000009 6.051445659256941e-08
78050.00000000009 6.191171913746887e-08
78100.00000000009 5.1020628655782025e-08
78150.00000000009 8.245010535531337e-08
78200.00000000009 7.985510412606087e-08
78250.00000000009 9.430933638381539e-08
78300.00000000009 7.912531981473716e-08
78350.00000000009 7.931502633162548e-08
78400.00000000009 6.032605332180674e-08
78450.00000000009 9.262798728922808e-08
78500.00000000009 9.413828728527953e-08
78550.00000000009 1.0202369292515165e-07
78600.00000000009 8.83472720748047e-08
78650.00000000009 3.651154162246677e-08
78700.00000000009 5.6540659622816706e-08
78750.00000000009 5.833454023074368e-08
78800.00000000009 8.318829944219726e-08
78850.00000000009 4.484005610827657e-08
78900.00000000009 7.602408901412222e-08
78950.00000000009 7.684180718298972e-08
79000.00000000009 7.303683557505028e-08
79050.00000000009 6.589388126141626e-08
79100.00000000009 7.03164750530522e-08
79150.00000000009 7.806967033329372e-08
79200.00000000009 8.528948369174922e-08
79250.00000000009 6.810248156379846e-08
79300.00000000009 5.254329974620616e-08
79350.00000000009 8.380282884970515e-08
79400.00000000009 6.317011451357298e-08
79450.00000000009 9.290799743852013e-08
79500.00000000009 1.2197929352426412e-07
79550.00000000009 1.0041880663691268e-07
79600.00000000009 5.711164897554746e-08
79650.00000000009 8.055386511823403e-08
79700.00000000009 8.801335289744807e-08
79750.00000000009 9.169823584911695e-08
79800.00000000009 6.883941991692172e-08
79850.00000000009 7.72541013669314e-08
79900.00000000009 1.2737011032768286e-07
79950.00000000009 9.362604085277966e-08
