galfind/configs/Brown_Dwarf_templates/sonora_cholla/logkzz2/1000g/950K_1000g_logkzz2_resample.dat
# %ECSV 1.0
# ---
# datatype:
# - {name: wav, unit: Angstrom, datatype: float64}
# - {name: flux_nu, unit: erg / (cm2 Hz s), datatype: float64}
# schema: astropy-2.0
wav flux_nu
10000.000000000093 nan
10050.000000000093 1.0945462730525217e-07
10100.000000000093 1.2959210228437605e-07
10150.000000000093 1.3889599651735204e-07
10200.000000000093 1.5628796007095785e-07
10250.000000000093 1.720860142070991e-07
10300.000000000093 1.8746053394727208e-07
10350.000000000093 2.139915899984609e-07
10400.000000000093 2.3913677582253984e-07
10450.000000000093 2.5547221820862516e-07
10500.000000000093 2.6390425414134216e-07
10550.000000000093 2.745910558935677e-07
10600.000000000093 2.863115457479316e-07
10650.000000000093 3.0044514581236477e-07
10700.000000000093 3.1113691531165423e-07
10750.000000000093 3.214262621608118e-07
10800.000000000093 3.245581613734365e-07
10850.000000000093 3.222188785394672e-07
10900.000000000093 2.608748360611043e-07
10950.000000000093 1.5944134684713768e-07
11000.000000000093 1.1558342233697483e-07
11050.000000000093 7.707887012989838e-08
11100.000000000093 5.467710020271978e-08
11150.000000000093 3.707815732512526e-08
11200.000000000093 3.8590684275937496e-08
11250.000000000093 5.014029000097438e-08
11300.000000000093 5.215032569821462e-08
11350.000000000093 2.5780698927127007e-08
11400.000000000093 5.919124209338431e-08
11450.000000000093 4.2882562184638955e-08
11500.000000000093 4.6573243991253e-08
11550.000000000093 2.7681177367050314e-08
11600.000000000093 2.7808276159839013e-08
11650.000000000093 4.011668400899829e-08
11700.000000000093 4.421720637413499e-08
11750.000000000093 2.8182211986284894e-08
11800.000000000093 5.716102858148074e-08
11850.000000000093 8.125499811858447e-08
11900.000000000093 9.907505779013957e-08
11950.000000000093 1.2739138739149734e-07
12000.000000000093 1.6404629414918097e-07
12050.000000000093 2.0248232640908067e-07
12100.000000000093 2.3789758912185738e-07
12150.000000000093 2.796310745135912e-07
12200.000000000093 3.185439860875978e-07
12250.000000000093 3.627076805143483e-07
12300.000000000093 4.0855318271686467e-07
12350.000000000093 4.263060594704266e-07
12400.000000000093 4.7577658464347334e-07
12450.000000000093 5.272750768364283e-07
12500.000000000093 5.596016263917545e-07
12550.000000000093 5.889761874004696e-07
12600.000000000093 5.832988285273576e-07
12650.000000000093 5.627249320879174e-07
12700.000000000093 5.572908166664511e-07
12750.000000000093 5.435464657484176e-07
12800.000000000093 5.406764599274221e-07
12850.000000000093 4.631188564346596e-07
12900.000000000093 4.156437029020439e-07
12950.000000000093 3.9413576191246935e-07
13000.000000000093 3.891070882717879e-07
13050.000000000093 3.477277672160544e-07
13100.000000000093 3.280249339437557e-07
13150.000000000093 2.653993249701829e-07
13200.000000000093 2.411184920987066e-07
13250.000000000093 1.6995644617431943e-07
13300.000000000093 8.924100202283043e-08
13350.000000000093 2.868671547641946e-08
13400.000000000093 1.1965817330720878e-08
13450.000000000093 6.881100313435267e-09
13500.000000000093 3.6764360466967433e-09
13550.000000000093 2.5633967250671996e-09
13600.000000000093 1.5307211152349166e-09
13650.000000000093 4.524071069701022e-09
13700.000000000093 3.3256701838036016e-09
13750.000000000093 5.1213617555721735e-09
13800.000000000093 6.438509597268074e-09
13850.000000000093 4.00610190947191e-09
13900.000000000093 4.147608371297925e-09
13950.000000000093 4.0114424788709095e-09
14000.000000000093 3.97124530459828e-09
14050.000000000093 5.301363063825898e-09
14100.000000000093 4.053743642870191e-09
14150.000000000093 6.2132962948724986e-09
14200.000000000093 4.550448149579057e-09
14250.000000000093 5.094785708775588e-09
14300.000000000093 9.454406591674222e-09
14350.000000000093 8.827323076780114e-09
14400.000000000093 9.360760244592236e-09
14450.000000000093 1.180736006099095e-08
14500.000000000093 2.1501903289705423e-08
14550.000000000093 2.1880188341245555e-08
14600.000000000093 3.2550470240379395e-08
14650.000000000093 3.224044603153105e-08
14700.000000000093 2.3145647281284456e-08
14750.000000000093 3.1794359602015074e-08
14800.000000000093 4.009107386094548e-08
14850.000000000093 4.200466087508671e-08
14900.000000000093 4.500939964173334e-08
14950.000000000093 5.431451587684474e-08
15000.000000000093 6.337909857146928e-08
15050.000000000093 7.573265442295786e-08
15100.000000000093 8.552197934520234e-08
15150.000000000093 9.215025856331361e-08
15200.000000000093 9.659733312364167e-08
15250.000000000093 1.2367918218236998e-07
15300.000000000093 1.4088245158817992e-07
15350.000000000093 1.6839118675321436e-07
15400.000000000093 1.876977925006398e-07
15450.000000000093 2.0878625083241102e-07
15500.000000000093 2.2147557289555134e-07
15550.000000000093 2.543795942049529e-07
15600.000000000093 2.7547942598488074e-07
15650.000000000093 2.8434270094995567e-07
15700.000000000093 3.131063688959107e-07
15750.000000000093 3.2478637479427186e-07
15800.000000000093 3.223269220277306e-07
15850.000000000093 3.3106488531950087e-07
15900.000000000093 3.1616659303703194e-07
15950.000000000093 2.917661792491851e-07
16000.000000000093 2.526284208785737e-07
16050.000000000093 1.9585227358265624e-07
16100.000000000093 1.5420983219189135e-07
16150.000000000093 1.1004118178564623e-07
16200.000000000093 7.61488289588726e-08
16250.000000000093 7.18288980915958e-08
16300.000000000093 5.97829541027458e-08
16350.000000000093 6.645266693873189e-08
16400.000000000095 7.606932225703659e-08
16450.000000000095 8.181814819223306e-08
16500.000000000095 8.914539937537926e-08
16550.000000000095 8.465653075176116e-08
16600.000000000095 9.024966202963418e-08
16650.000000000095 6.243976909342524e-08
16700.000000000095 2.77504009306915e-08
16750.000000000095 4.497180418963122e-08
16800.000000000095 6.610148849864953e-08
16850.000000000095 6.608081507364053e-08
16900.000000000095 5.545044336866546e-08
16950.000000000095 4.937847358329138e-08
17000.000000000095 4.043423474722761e-08
17050.000000000095 5.426643504369384e-08
17100.000000000095 6.385893880354526e-08
17150.000000000095 5.246872080789788e-08
17200.000000000095 7.515578706776955e-08
17250.000000000095 6.12544604439819e-08
17300.000000000095 5.1550917110155576e-08
17350.000000000095 4.922707169523e-08
17400.000000000095 5.042105393780517e-08
17450.000000000095 5.3605906258212224e-08
17500.000000000095 6.098017368833367e-08
17550.000000000095 5.1420103221171343e-08
17600.000000000095 4.384745566962064e-08
17650.000000000095 4.2029399643805156e-08
17700.000000000095 3.283927360468364e-08
17750.000000000095 2.7808811997606544e-08
17800.000000000095 3.5174189337973655e-08
17850.000000000095 2.3390883080117475e-08
17900.000000000095 2.5749073952662808e-08
17950.000000000095 1.800699831413548e-08
18000.000000000095 2.1903978588623717e-08
18050.000000000095 1.8433766549612498e-08
18100.000000000095 1.8019102034418486e-08
18150.000000000095 2.3918188701585373e-08
18200.000000000095 1.4158303109894141e-08
18250.000000000095 3.2724999398344745e-08
18300.000000000095 1.6914216831361247e-08
18350.000000000095 1.5197062655537403e-08
18400.000000000095 1.2957841044271692e-08
18450.000000000095 1.9799624649421628e-08
18500.000000000095 2.0506576862293798e-08
18550.000000000095 1.5097312620808426e-08
18600.000000000095 1.4005841284948159e-08
18650.000000000095 1.1408355844463719e-08
18700.000000000095 9.681625572035495e-09
18750.000000000095 1.4967526700197738e-08
18800.000000000095 3.2075022521418786e-08
18850.000000000095 3.457771688527954e-08
18900.000000000095 2.984028067134275e-08
18950.000000000095 5.2967375452703863e-08
19000.000000000095 3.0560438776653394e-08
19050.000000000095 2.1807110830222043e-08
19100.000000000095 4.17307521238334e-08
19150.000000000095 2.7320566052988863e-08
19200.000000000095 3.726636938351725e-08
19250.000000000095 2.782347146312535e-08
19300.000000000095 2.3548751146373e-08
19350.000000000095 2.288506566938265e-08
19400.000000000095 1.4540415038134973e-08
19450.000000000095 2.8436023675776e-08
19500.000000000095 2.72965464140515e-08
19550.000000000095 2.168508682253939e-08
19600.000000000095 2.8908042006145227e-08
19650.000000000095 3.535275160610926e-08
19700.000000000095 3.607446596754435e-08
19750.000000000095 3.9590249448416935e-08
19800.000000000095 4.468492539444073e-08
19850.000000000095 5.749123062713722e-08
19900.000000000095 4.393348352211452e-08
19950.000000000095 6.77793389747354e-08
20000.000000000095 6.338872748410047e-08
20050.000000000095 7.029708563307019e-08
20100.000000000095 7.723980282032169e-08
20150.000000000095 7.509228427637628e-08
20200.000000000095 8.666039605944627e-08
20250.000000000095 9.978931180903575e-08
20300.000000000095 9.378018776057341e-08
20350.000000000095 1.0945582905866002e-07
20400.000000000095 1.0598984796653041e-07
20450.000000000095 1.2365099622054833e-07
20500.000000000095 1.2835142902016545e-07
20550.000000000095 1.2615379064586128e-07
20600.000000000095 1.3985294898199026e-07
20650.000000000095 1.366280599465438e-07
20700.000000000095 1.3666280826652734e-07
20750.000000000095 1.436806276457904e-07
20800.000000000095 1.4189960510409248e-07
20850.000000000095 1.431990523727533e-07
20900.000000000095 1.4652050206124184e-07
20950.000000000095 1.4065826814718575e-07
21000.000000000095 1.4108685725466544e-07
21050.000000000095 1.3555602057840406e-07
21100.000000000095 1.3223465675206384e-07
21150.000000000095 1.3250630184303767e-07
21200.000000000095 1.2608785923628773e-07
21250.000000000095 1.2323822521581955e-07
21300.000000000095 1.1264417692358866e-07
21350.000000000095 1.1173185539643054e-07
21400.000000000095 1.0574391151309717e-07
21450.000000000095 9.649647357389374e-08
21500.000000000095 9.666897367426935e-08
21550.000000000095 9.124855709574395e-08
21600.000000000095 8.510503340966502e-08
21650.000000000095 7.785274474899898e-08
21700.000000000095 7.969663664703742e-08
21750.000000000095 7.388300581945103e-08
21800.000000000095 6.526576912819294e-08
21850.000000000095 5.7102682585528475e-08
21900.000000000095 4.9617040567531794e-08
21950.000000000095 2.9365318157541353e-08
22000.000000000095 1.36573379831364e-08
22050.000000000095 1.1372754633618723e-08
22100.000000000095 2.1294414213420153e-08
22150.000000000095 2.4464723804055146e-08
22200.000000000095 2.3381487700869722e-08
22250.000000000095 2.20941442357305e-08
22300.000000000095 1.8393152784099882e-08
22350.000000000095 1.745983413395429e-08
22400.000000000095 1.294490107115298e-08
22450.000000000095 1.179711900321214e-08
22500.000000000095 1.3019408119818862e-08
22550.000000000095 8.013824120903645e-09
22600.000000000095 1.0275380817452766e-08
22650.000000000095 1.211002145908881e-08
22700.000000000095 1.0203227427505279e-08
22750.000000000095 1.0730079279058136e-08
22800.000000000095 1.02366085014764e-08
22850.000000000095 8.804718363698262e-09
22900.000000000095 7.468251786682483e-09
22950.000000000095 7.280902998091249e-09
23000.000000000095 7.913494791517645e-09
23050.000000000095 1.0435325325598937e-08
23100.000000000095 2.020937813898657e-08
23150.000000000095 1.9966230496568925e-08
23200.000000000095 4.948463502391338e-09
23250.000000000095 6.416904856512498e-09
23300.000000000095 6.551711561422253e-09
23350.000000000095 5.568099630443459e-09
23400.000000000095 7.546724127953142e-09
23450.000000000095 6.2064522471156225e-09
23500.000000000095 6.294928922912773e-09
23550.000000000095 9.198984558115147e-09
23600.000000000095 1.1063943146552606e-08
23650.000000000095 1.3046506343777302e-08
23700.000000000095 6.134951017711609e-09
23750.000000000095 5.330789204892888e-09
23800.000000000095 9.078671654130705e-09
23850.000000000095 8.551455402612299e-09
23900.000000000095 1.4482233354804135e-08
23950.000000000095 1.2937707509511324e-08
24000.000000000095 1.818336456049364e-08
24050.000000000095 1.982493934001871e-08
24100.000000000095 1.5989587574597654e-08
24150.000000000095 1.9503578980886885e-08
24200.000000000095 2.0614862365590364e-08
24250.000000000095 1.58696923421187e-08
24300.000000000095 2.191085732379824e-08
24350.000000000095 1.685192002695415e-08
24400.000000000095 2.7339344634023892e-08
24450.000000000095 2.2303665067330025e-08
24500.000000000095 2.5136455628146204e-08
24550.000000000095 2.7650115166880145e-08
24600.000000000095 3.116711748633403e-08
24650.000000000095 3.56392799939987e-08
24700.000000000095 2.5859970006403018e-08
24750.000000000095 2.6153915390209183e-08
24800.000000000095 2.6592739903509033e-08
24850.000000000095 3.965247860909809e-08
24900.000000000095 1.8195121549700018e-08
24950.000000000095 3.3510525215619045e-08
25000.000000000095 3.1082448256192934e-08
25050.000000000095 2.0258371819861614e-08
25100.000000000095 2.859973638459308e-08
25150.000000000095 1.6532631827246845e-08
25200.000000000095 2.388189189441309e-08
25250.000000000095 1.3402811412394475e-08
25300.000000000095 1.9642472536177126e-08
25350.000000000095 1.0349877571376342e-08
25400.000000000095 2.1787968943147618e-08
25450.000000000095 1.196095570052348e-08
25500.000000000095 1.1429294791092366e-08
25550.000000000095 1.5501192648265283e-08
25600.000000000095 1.1612211407449181e-08
25650.000000000095 7.636247344443987e-09
25700.000000000095 1.5068118064279607e-08
25750.000000000095 6.72935535971124e-09
25800.000000000095 1.7223661022553973e-08
25850.000000000095 6.631469231158798e-09
25900.000000000095 1.0164075860252786e-08
25950.000000000095 5.273686275986397e-09
26000.000000000095 1.662647082399414e-08
26050.000000000095 7.958562919110694e-09
26100.000000000095 1.7600393065440497e-08
26150.000000000095 1.2580691485632599e-08
26200.000000000095 1.4408500281737064e-08
26250.000000000095 2.73588224311525e-08
26300.000000000095 1.4962816966141163e-08
26350.000000000095 3.190760028609746e-08
26400.000000000095 3.597809407167952e-08
26450.000000000095 3.0827942990921125e-08
26500.000000000095 3.354548973619941e-08
26550.000000000095 1.7935129557325097e-08
26600.000000000095 2.1586246904322065e-08
26650.000000000095 8.712188505729284e-09
26700.000000000095 6.590877472750098e-09
26750.000000000095 6.048818792400154e-09
26800.000000000095 9.581287674323181e-09
26850.000000000095 5.5680783059554795e-09
26900.000000000095 1.4588807864283083e-08
26950.000000000095 6.806709402917634e-09
27000.000000000095 2.0881630045450722e-08
27050.000000000095 1.8841521615008524e-08
27100.000000000095 1.0300953717536165e-08
27150.000000000095 2.5495182861994407e-08
27200.000000000095 1.0759071595952698e-08
27250.000000000095 1.5067232793321215e-08
27300.000000000095 4.228954613874712e-08
27350.000000000095 2.7474256696080715e-08
27400.000000000095 5.768159907123633e-09
27450.000000000095 3.225234644246744e-08
27500.000000000095 3.880327448922566e-08
27550.000000000095 1.3155753274805703e-08
27600.000000000095 2.5121045609276296e-08
27650.000000000095 1.1150380074664169e-08
27700.000000000095 8.85403940569206e-09
27750.000000000095 2.7010482615560098e-08
27800.000000000095 1.2451499749313192e-08
27850.000000000095 1.4419646769811672e-08
27900.000000000095 1.9384401360159004e-08
27950.000000000095 3.015539465044146e-08
28000.000000000095 2.443911252923592e-08
28050.000000000095 8.977616419067608e-09
28100.000000000095 3.4358662585683587e-08
28150.000000000095 2.2100634866579208e-08
28200.000000000095 9.333788880922414e-09
28250.000000000095 3.602328843037828e-08
28300.000000000095 4.594836301155185e-08
28350.000000000095 1.1697260850145385e-08
28400.000000000095 2.8834669256286134e-08
28450.000000000095 4.008821544737198e-08
28500.000000000095 2.7490685495902817e-08
28550.000000000095 1.0861716669353657e-08
28600.000000000095 4.099937196412435e-08
28650.000000000095 3.5628330605091524e-08
28700.000000000095 3.006509452904762e-08
28750.000000000095 4.601837041879251e-08
28800.000000000095 4.13400168328447e-08
28850.000000000095 4.835189738713651e-08
28900.000000000095 2.30763727562179e-08
28950.000000000095 5.987952090490474e-08
29000.000000000095 4.06322906478451e-08
29050.000000000095 4.8219101657254453e-08
29100.000000000095 3.143702514028038e-08
29150.000000000095 7.016197463203142e-08
29200.000000000095 4.199656377434514e-08
29250.000000000095 6.004783691429751e-08
29300.000000000095 3.604257473209909e-08
