galfind/configs/Brown_Dwarf_templates/sonora_bobcat/m+0.5/316g/sp_t375g316nc_m+0.5_resample.dat
# %ECSV 1.0
# ---
# datatype:
# - {name: wav, unit: Angstrom, datatype: float64}
# - {name: flux_nu, unit: erg / (cm2 Hz s), datatype: float64}
# meta: {C/O: '1.00', Kzz: '1.0000E+05', Teff: '375.', Y: '0.28', '[Fe/H]': '0.50', f_hole: '1.00', f_rain: '0.00', grav: '316.'}
# schema: astropy-2.0
wav flux_nu
4000.0559999999996 nan
4050.0559999999996 1.051677265850226e-17
4100.056 4.725321850140078e-16
4150.056 3.3672159048000323e-15
4200.056 3.4878101456440167e-15
4250.056 3.018753202020027e-14
4300.056 7.354578400200035e-14
4350.056 1.4183595611000058e-13
4400.056 2.4810714351000075e-13
4450.056 4.057741911300008e-13
4500.056 6.363512774700018e-13
4550.056 6.293896257319962e-13
4600.056 7.765980788599964e-14
4650.056 4.629479264999981e-14
4700.056 2.893275422999989e-14
4750.056 1.7932064672999932e-14
4800.056 1.2021484273699956e-14
4850.056 7.632642111999968e-15
4900.056 5.340737264499987e-15
4950.056 4.027962419799991e-15
5000.056 2.7587551444999884e-15
5050.056 1.9913801909000075e-15
5100.056 2.1195311892000214e-15
5150.056 2.396032373400004e-15
5200.056 2.678736306700008e-15
5250.056 2.9381926074000025e-15
5300.056 3.216471312100003e-15
5350.056 3.5352603637000043e-15
5400.056 3.845313268000006e-15
5450.056 4.2398400219000266e-15
5500.056 4.708573116200014e-15
5550.056 5.214436832100005e-15
5600.056 5.6924099961000055e-15
5650.056 6.082306100699995e-15
5700.056 6.124732770300011e-15
5750.056 6.037239410600001e-15
5800.056 5.428270066899984e-15
5850.056 3.872872397799953e-15
5900.056 1.19329406953729e-15
5950.056 7.111001445600253e-15
6000.056 1.466760850749985e-14
6050.056 2.6854827177000318e-14
6100.056 4.3937722354000435e-14
6150.056 6.639148745400043e-14
6200.056 9.660976361100052e-14
6250.056 1.3318301694000015e-13
6300.056 1.8732731813999995e-13
6350.056 2.5670094229000016e-13
6400.056 3.442014847900014e-13
6450.056 4.0599951738999346e-13
6500.056 5.373181448200055e-13
6550.056 7.378333252099809e-13
6600.056 1.0123091226600285e-12
6650.056 1.4062405331800127e-12
6700.056 1.7904046244800097e-12
6750.056 2.434323617800012e-12
6800.056 2.794682232800017e-12
6850.056 2.7315693079999964e-12
6900.056 2.056429194870027e-12
6950.056 1.4302581608630087e-12
7000.056 1.5509190092499644e-12
7050.056 1.5637242961699952e-12
7100.056 1.7228758247199713e-12
7150.056 1.2972513037097103e-12
7200.056 9.818081847667895e-13
7250.056 1.1183271714774909e-12
7300.056 1.1201149365928813e-12
7350.056 1.4060433631033457e-12
7400.056 1.7027599753700768e-12
7450.056 2.2127583700901203e-12
7500.056 2.6767183598000003e-12
7550.056 3.0776647242000084e-12
7600.056 3.3152364169999977e-12
7650.056 1.8424209403539693e-12
7700.056 1.85336033951003e-12
7750.056 4.086266626000045e-12
7800.056 5.057677736299972e-12
7850.056 5.935566058999937e-12
7900.056 7.174978946699902e-12
7950.056 8.266814557999992e-12
8000.056 9.913902759700042e-12
8050.056 1.151603412680018e-11
8100.056 8.674584036644541e-12
8150.056 7.061648532965374e-12
8200.056 1.3122981574601298e-11
8250.056 1.4081956080816295e-11
8300.056 1.6717888126629297e-11
8350.056 1.842128304124268e-11
8400.056 2.270888956786437e-11
8450.056 3.2921361061099714e-11
8500.056 4.052102855799949e-11
8550.056 5.277380895600087e-11
8600.056 6.555464133000034e-11
8650.056 7.588030911900057e-11
8700.056 7.874312043100092e-11
8750.056 8.646075603000043e-11
8800.056 8.584310536599905e-11
8850.056 6.555460862099678e-11
8900.056 9.78933895589403e-12
8950.056 7.569182080194602e-12
9000.056 6.593314006300523e-12
9050.056 2.8469408877439445e-11
9100.056 3.5591072192286097e-11
9150.056 4.427051770635912e-11
9200.056 8.706430604883151e-11
9250.056 6.660955992126596e-11
9300.056 1.4845778414660203e-12
9350.056 2.297769258703056e-12
9400.056 1.2711813115140876e-11
9450.056 1.1871719029517338e-11
9500.056 8.906428721487509e-12
9550.056 9.364576017390845e-12
9600.056 1.024020411028405e-11
9650.056 2.1348659047537234e-11
9700.056 6.367197979078651e-11
9750.056 5.147398341252354e-11
9800.056 6.12244958740913e-11
9850.056 7.210074103841501e-11
9900.056 1.0673314481552651e-10
9950.056 1.0503023157061212e-10
10000.056 1.2395850191429383e-10
10050.056 1.5116279734300482e-10
10100.056 1.8232092858200093e-10
10150.056 1.476647553390023e-10
10200.056 9.721876728032193e-11
10250.056 1.3555277732235415e-10
10300.056 2.2307516071207023e-10
10350.056 1.5726902185896905e-10
10400.056 3.736254105688515e-10
10450.056 5.989353293488709e-10
10500.056 8.937860249330099e-10
10550.056 1.3435901624400316e-09
10600.056 1.647285020300025e-09
10650.056 1.8284468968000486e-09
10700.056 1.6943004924799778e-09
10750.056 1.8251766298919888e-09
10800.056 1.7213000616356007e-09
10850.056 1.4480845342296672e-09
10900.056 9.181359775167588e-10
10950.056 3.3106522568218924e-10
11000.056 1.402042836049351e-10
11050.056 5.696594346200502e-11
11100.056 2.0606074815002558e-11
11150.056 5.324468439971632e-12
11200.056 2.4439859442305813e-12
11250.056 2.608170753743501e-12
11300.056 6.690416229243643e-12
11350.056 1.0918658825170364e-12
11400.056 9.827857770455132e-12
11450.056 4.858680663390757e-12
11500.056 3.920136776933993e-12
11550.056 5.670751390112734e-13
11600.056 1.987887288613875e-13
11650.056 1.6883117122892267e-12
11700.056 2.265397465580275e-12
11750.056 4.0090421136092807e-13
11800.056 3.2894373037163547e-12
11850.056 4.5234569236294e-12
11900.056 4.3883164571071015e-12
11950.056 8.093446315249157e-12
12000.056 1.5905997723300408e-11
12050.056 3.267508308364325e-11
12100.056 5.025718811723847e-11
12150.056 8.704787197213356e-11
12200.056 1.0798864354413659e-10
12250.056 2.2306291471586696e-10
12300.056 4.637565165971411e-10
12350.056 5.658774534599325e-10
12400.056 1.0661698706019777e-09
12450.056 1.8489022882300822e-09
12500.056 2.2306782510102297e-09
12550.056 2.834336283380001e-09
12600.056 3.863978208040321e-09
12650.056 4.6539794923938335e-09
12700.056 4.6250044291501035e-09
12750.056 2.6849713862592187e-09
12800.056 1.4583564464958342e-09
12850.056 6.087635028309865e-10
12900.056 4.012296284091501e-10
12950.056 2.6443396631643615e-10
13000.056 3.1111403783218965e-10
13050.056 1.4957672096641412e-10
13100.056 1.2697135458876107e-10
13150.056 6.121048428094459e-11
13200.056 7.161949730708431e-11
13250.056 5.521224159774242e-11
13300.056 1.867881373749168e-11
13350.056 6.249078187436197e-12
13400.056 2.409003035465959e-12
13450.056 4.91170998630383e-13
13500.056 1.266388192762053e-13
13550.056 2.5773712645552376e-14
13600.056 3.2225044869329867e-15
13650.056 4.1266767344481357e-14
13700.056 1.7034162012626173e-14
13750.056 7.220738979611297e-14
13800.056 5.674144297331893e-14
13850.056 2.202564859403491e-14
13900.056 5.3327807687540427e-14
13950.056 3.994520275648325e-14
14000.056 5.821229455638805e-14
14050.056 1.0309774137148253e-13
14100.056 1.0644693714196923e-13
14150.056 3.279512264482686e-13
14200.056 1.8382702250456183e-13
14250.056 3.166008571665277e-13
14300.056 1.1525845976671592e-12
14350.056 9.560461174809995e-13
14400.056 9.592519201480056e-13
14450.056 2.181661638305121e-12
14500.056 5.380798723156608e-12
14550.056 5.8546087092905734e-12
14600.056 7.49169963155257e-12
14650.056 2.8414869228406782e-12
14700.056 1.0622309408218834e-12
14750.056 2.8526493272208216e-13
14800.056 4.948263051557486e-13
14850.056 6.881765334571174e-13
14900.056 6.478228626207025e-13
14950.056 3.76872575693126e-13
15000.056 1.5055423614070466e-12
15050.056 1.3663830238980038e-12
15100.056 5.743105173332705e-13
15150.056 1.9853041711248774e-13
15200.056 1.047302606548425e-12
15250.056 2.6033304448437137e-12
15300.056 3.4639108026357104e-12
15350.056 5.6344286462311695e-12
15400.056 7.087598357890708e-12
15450.056 1.077101975496764e-11
15500.056 1.3773933760386218e-11
15550.056 3.914382460211628e-11
15600.056 6.973615907960288e-11
15650.056 1.5390059608862146e-10
15700.056 3.273539972598117e-10
15750.056 5.259087644416262e-10
15800.056 7.10103029422004e-10
15850.056 9.823689195501423e-10
15900.056 1.1004365444059973e-09
15950.056 1.25431128219992e-09
16000.056 9.756864989300722e-10
16050.056 5.234649594519417e-10
16100.056 2.6918976323288053e-10
16150.056 1.1316302262931106e-10
16200.056 4.643427087435012e-11
16250.056 2.3240914138509038e-11
16300.056 1.1247354756280491e-11
16350.056 1.6551920398093278e-11
16400.056 2.1368641174795995e-11
16450.056 1.74670940087773e-11
16500.056 1.2954706369596003e-11
16550.056 1.220166974302876e-11
16600.056 3.132220589217338e-11
16650.056 2.076029525634895e-11
16700.056 2.0689267735448567e-12
16750.056 9.665462533948707e-12
16800.056 1.6827923084718466e-11
16850.056 1.911549591057421e-11
16900.056 6.243991963006167e-12
16950.056 3.215931956139418e-12
17000.056 1.3289487280904946e-12
17050.056 3.3462825780070976e-12
17100.056 8.310386616780092e-12
17150.056 3.701865603489564e-12
17200.056 2.065109187712412e-11
17250.056 7.194360713750991e-12
17300.056 4.316761881321026e-12
17350.056 5.567944454476485e-12
17400.056 1.3293201489015958e-11
17450.056 1.8200932260184085e-11
17500.056 2.8268742826988778e-11
17550.056 2.457891012281595e-11
17600.056 1.8340151799420927e-11
17650.056 1.3343035938312026e-11
17700.056 1.0870268673716807e-11
17750.056 1.0177624931675647e-11
17800.056 3.340652821781528e-11
17850.056 1.1075099758594415e-11
17900.056 7.500716570508087e-12
17950.056 5.038405075940058e-12
18000.056 1.0024107119916752e-11
18050.056 5.7481173242134175e-12
18100.056 7.473301152590577e-12
18150.056 4.5809009876143365e-12
18200.056 3.2058656604332754e-12
18250.056 1.6540040877884625e-11
18300.056 1.6052807930790958e-12
18350.056 1.313630803367056e-12
18400.056 7.121494382661941e-13
18450.056 7.746888436424571e-12
18500.056 7.919886516101703e-12
18550.056 3.233724727775424e-12
18600.056 5.6185362846039715e-12
18650.056 3.451934430634314e-12
18700.056 3.8006194384328684e-13
18750.056 1.0376969111538091e-12
18800.056 1.4069779073135933e-11
18850.056 1.3326300279935835e-11
18900.056 1.2324328960836154e-11
18950.056 2.1684723153601044e-11
19000.056 3.255746312285377e-12
19050.056 1.1453419160729795e-12
19100.056 4.043487831543806e-12
19150.056 1.3677295796019364e-12
19200.056 2.706039536676756e-12
19250.056 1.8759532079962965e-12
19300.056 1.07905262159781e-12
19350.056 9.548854438357448e-13
19400.056 8.068505772432173e-13
19450.056 1.5760684604864373e-12
19500.056 8.25002760749467e-13
19550.056 2.299544015656442e-12
19600.056 7.0964366169703175e-12
19650.056 3.865738531190705e-12
19700.056 5.788328458603206e-12
19750.056 1.1398580285521441e-11
19800.056 5.859937103346479e-12
19850.056 6.967956750156509e-12
19900.056 1.2404314251054792e-11
19950.056 2.073030182809465e-11
20000.056 3.035953981797343e-11
20050.056 1.763458785834421e-11
20100.056 3.657638904729944e-11
20150.056 1.7868800842933567e-11
20200.056 9.747045525321043e-12
20250.056 3.011647945752115e-11
20300.056 4.020797887882471e-11
20350.056 5.101973807424668e-11
20400.056 3.405376314892184e-11
20450.056 8.289956006108116e-11
20500.056 1.0502919392869108e-10
20550.056 1.3459809375632213e-10
20600.056 1.48896751638005e-10
20650.056 2.157150304296821e-10
20700.056 2.6091263936048145e-10
20750.056 3.4105934347125177e-10
20800.056 3.247708802321172e-10
20850.056 4.472547877940164e-10
20900.056 5.081165347069428e-10
20950.056 4.94013648548038e-10
21000.056 4.965470754260344e-10
21050.056 5.644131272299476e-10
21100.056 5.24404873360023e-10
21150.056 5.269950241719603e-10
21200.056 4.759007643100572e-10
21250.056 4.2862360698051807e-10
21300.056 3.3479401319583666e-10
21350.056 3.312118757786326e-10
21400.056 3.0915512515034374e-10
21450.056 2.1617153439445222e-10
21500.056 1.7322244147279594e-10
21550.056 1.602566858312595e-10
21600.056 1.2320107649365097e-10
21650.056 7.393168913210015e-11
21700.056 5.4585627362016647e-11
21750.056 5.807153132646327e-11
21800.056 3.253796902672151e-11
21850.056 3.266172452658375e-11
21900.056 2.05984245618532e-11
21950.056 5.657744685622768e-12
22000.056 4.817159653511646e-13
22050.056 1.1471680762057674e-12
22100.056 6.007405847354548e-12
22150.056 3.6400458238968735e-12
22200.056 3.5797728193012666e-12
22250.056 2.778276949699362e-12
22300.056 1.000947163315413e-12
22350.056 1.6134814554492025e-12
22400.056 4.0844147860271833e-13
22450.056 8.221237605322243e-13
22500.056 6.454838054857437e-13
22550.056 2.4320013262006483e-13
22600.056 1.7965554702546869e-13
22650.056 4.4514243016759777e-13
22700.056 3.784518083160811e-13
22750.056 6.717180733345885e-13
22800.056 7.473953200110477e-13
22850.056 4.715531492712348e-13
22900.056 3.127067088455596e-13
22950.056 1.964526845194348e-13
23000.056 3.3148759669637115e-13
23050.056 3.571108631109179e-13
23100.056 4.13680305668231e-12
23150.056 4.3660194646132285e-12
23200.056 6.871799566769257e-14
23250.056 5.048160321714742e-13
23300.056 4.153834001539722e-13
23350.056 7.64677929718352e-13
23400.056 5.045579136060867e-13
23450.056 2.208946983311506e-13
23500.056 2.510749015047004e-13
23550.056 6.952984800750315e-13
23600.056 2.1401650909487346e-12
23650.056 2.7794854126432546e-12
23700.056 2.9721148146878316e-13
23750.056 3.3936424929461346e-13
23800.056 2.654216526573245e-12
23850.056 1.417632735082466e-12
23900.056 4.125520178119196e-12
23950.056 1.4728667950297814e-12
24000.056 5.035990384387152e-12
24050.056 6.1119399173798465e-12
24100.056 9.241320095622914e-12
24150.056 1.3555943563489014e-11
24200.056 6.9399466518993244e-12
24250.056 5.374977688691329e-12
24300.056 1.2240725386112626e-11
24350.056 9.240990111424568e-12
24400.056 2.9696486539542034e-11
24450.056 3.4297562953061865e-11
24500.056 2.8372010293286688e-11
24550.056 5.182662204543975e-11
24600.056 5.514735561986149e-11
24650.056 1.005900429995575e-10
24700.056 5.285352403633452e-11
24750.056 7.509616862063863e-11
24800.056 5.604412030448774e-11
24850.056 1.0848196579796459e-10
24900.056 3.817638291159474e-11
24950.056 8.623432545656238e-11
25000.056 8.969828839774455e-11
25050.056 4.9980425376202975e-11
25100.056 8.79289913666811e-11
25150.056 3.214602933209843e-11
25200.056 4.933114632432537e-11
25250.056 1.5516782039567902e-11
25300.056 2.0043292979831492e-11
25350.056 8.46600203678131e-12
25400.056 2.411228843013342e-11
25450.056 5.418002290314331e-12
25500.056 4.121254480784017e-12
25550.056 1.1258970609100236e-11
25600.056 4.4025701395063265e-12
25650.056 1.890103443938289e-12
25700.056 1.475897696365071e-12
25750.056 3.645061895565158e-13
25800.056 2.6882370835912503e-12
25850.056 3.1605856829408914e-13
25900.056 4.401890148801541e-13
25950.056 7.697264310455748e-14
26000.056 1.9363981449738824e-12
26050.056 1.1961611508677344e-13
26100.056 8.424712354520651e-13
26150.056 2.6092741332654766e-13
26200.056 4.0740226369521465e-13
26250.056 4.949180946184197e-12
26300.056 5.319320449916659e-13
26350.056 1.2342061856880772e-11
26400.056 2.559391568089531e-11
26450.056 1.2985765421690999e-11
26500.056 4.335016335952133e-11
26550.056 1.919940885214657e-12
26600.056 2.0332896817113702e-12
26650.056 1.8279314424775684e-13
26700.056 1.0834426129432297e-13
26750.056 2.361224441419399e-13
26800.056 1.1444654033674887e-12
26850.056 5.978681697396407e-13
26900.056 4.110913792165768e-12
26950.056 9.522837199054467e-13
27000.056 7.141172036370788e-12
27050.056 1.162899647015795e-11
27100.056 4.347782273695644e-13
27150.056 1.0646823831776255e-11
27200.056 4.465594984312617e-13
27250.056 2.6742780057991462e-12
27300.056 3.671947986154906e-11
27350.056 8.049775285801762e-12
27400.056 2.5266965617953256e-13
27450.056 1.2791212021655167e-11
27500.056 1.7031826128722217e-11
27550.056 1.6379189503044153e-12
27600.056 6.5340885897233105e-12
27650.056 1.2393672558001899e-12
27700.056 1.3360275267453023e-12
27750.056 1.2574590986316433e-11
27800.056 3.0376826529831788e-12
27850.056 6.521108913431529e-12
27900.056 7.19030299171672e-12
27950.056 1.9522160981138277e-11
28000.056 2.1217725730427585e-11
28050.056 1.4456180424622966e-12
28100.056 2.100103081612278e-11
28150.056 1.5452096416251117e-11
28200.056 2.6919330520450336e-12
28250.056 3.037952706506653e-11
28300.056 2.647311675487595e-11
28350.056 3.581830341831985e-12
28400.056 1.7093869437449142e-11
28450.056 3.650124224179106e-11
28500.056 1.789574887202437e-11
28550.056 2.9756662920105588e-12
28600.056 3.366907000146547e-11
28650.056 1.8054245408973992e-11
28700.056 3.740885999909907e-11
28750.056 5.5213212590201854e-11
28800.056 1.6290244026997483e-11
