galfind/configs/Brown_Dwarf_templates/sonora_bobcat/m+0.5/316g/sp_t200g316nc_m+0.5_resample.dat
# %ECSV 1.0
# ---
# datatype:
# - {name: wav, unit: Angstrom, datatype: float64}
# - {name: flux_nu, unit: erg / (cm2 Hz s), datatype: float64}
# meta: {C/O: '1.00', Kzz: '1.0000E+05', Teff: '200.', Y: '0.28', '[Fe/H]': '0.50', f_hole: '1.00', f_rain: '0.00', grav: '316.'}
# schema: astropy-2.0
wav flux_nu
[from data line 498]
28900.056 5.119875015970803e-16
28950.056 5.645813475863267e-16
29000.056 4.880940201749355e-16
29050.056 1.0914486851346529e-15
29100.056 2.5060040106575358e-17
29150.056 9.759099180974483e-18
29200.056 3.945141255437406e-15
29250.056 8.414987913198612e-16
29300.056 5.522116210378019e-17
29350.056 9.214768795452772e-16
29400.056 1.1397420380851477e-15
29450.056 1.3730839475911955e-16
29500.056 1.5360699605618304e-15
29550.056 1.4476245298982326e-15
29600.056 6.929820197554209e-17
29650.056 8.661436457452731e-16
29700.056 1.7329378106426746e-15
29750.056 6.120337248756903e-15
29800.056 2.85546358963821e-16
29850.056 2.7979282118027105e-15
29900.056 5.308629703058923e-16
29950.056 4.913788918259472e-16
30000.056 9.110092164895995e-19
30050.056 4.488038871497813e-16
30100.056 1.36221441147124e-15
30150.056 1.5450761420594791e-15
30200.056 1.283229594475217e-14
30250.056 2.417487533565463e-15
30300.056 2.6267236321742134e-15
30350.056 4.440701729589793e-15
30400.056 1.162623204914356e-14
30450.056 1.9855304714960217e-14
30500.056 1.153786517981921e-15
30550.056 1.2807281564531397e-15
30600.056 1.8888992288008114e-13
30650.056 4.2611534594523055e-14
30700.056 3.612657434739094e-16
30750.056 8.818183050420537e-15
30800.056 9.857497829797971e-14
30850.056 8.321835080216607e-14
30900.056 1.97891505862679e-14
30950.056 1.746660396229034e-14
31000.056 1.446925864908899e-14
31050.056 9.83695819077297e-16
31100.056 8.005279413216467e-16
31150.056 1.1159935915199988e-14
31200.056 5.916362735464071e-14
31250.056 7.582948801143289e-14
31300.056 2.6339668244819845e-15
31350.056 7.087424437517917e-14
31400.056 9.365200435715693e-14
31450.056 4.058441450149738e-14
31500.056 7.111239741063809e-15
31550.056 2.779192198090926e-14
31600.056 2.9154898778112463e-14
31650.056 1.3772664874110316e-14
31700.056 8.272984764268958e-15
31750.056 4.1914706078008894e-15
31800.056 5.2944819244093235e-15
31850.056 2.7546730576233675e-16
31900.056 1.0878526749687112e-15
31950.056 4.3832876704867437e-16
32000.056 2.71115995972126e-16
32050.056 1.1981578299421533e-16
32100.056 1.0189766611508546e-16
32150.056 3.18468917993651e-17
32200.056 8.498081198036821e-18
32250.056 2.0982415709872556e-17
32300.056 2.3202301820181697e-18
32350.056 6.5768853749403286e-18
32400.056 3.4270474215191363e-19
32450.056 3.323080188024285e-18
32500.056 2.1345618435247587e-19
32550.056 1.5214311976300852e-18
32600.056 6.412213984167589e-20
32650.056 2.048077120255511e-18
32700.056 8.88389805857878e-20
32750.056 5.23297755699101e-18
32800.056 1.0638404336417883e-18
32850.056 3.204174621710898e-17
32900.056 1.0002818003553245e-17
32950.056 3.743623173756233e-17
33000.056 8.996502628908333e-18
33050.056 3.2736152715719183e-18
33100.056 5.371339720235223e-19
33150.056 2.505363722485293e-21
33200.056 5.909730965171055e-19
33250.056 8.111931307638526e-19
33300.056 2.4193722754647e-17
33350.056 4.645886119221437e-18
33400.056 5.287829009543846e-17
33450.056 1.4581673763315138e-18
33500.056 2.5003879517003992e-17
33550.056 3.3613681474709144e-18
33600.056 1.4100610847456472e-17
33650.056 2.434162171696675e-17
33700.056 2.32933238258342e-18
33750.056 3.4960003452933846e-17
33800.056 1.3877294605914932e-18
33850.056 1.9774293371241812e-17
33900.056 2.485066401266959e-17
33950.056 3.963196110564567e-17
34000.056 1.5211409804395578e-16
34050.056 2.0886214248506246e-17
34100.056 2.328657087075102e-16
34150.056 9.637588545339534e-17
34200.056 7.090881065471069e-16
34250.056 9.776002319628802e-17
34300.056 2.2262075015545694e-16
34350.056 6.025331896993605e-15
34400.056 2.300540542959237e-16
34450.056 1.570972431346497e-15
34500.056 2.375574205127149e-16
34550.056 4.1428021661429614e-15
34600.056 3.422626497081235e-14
34650.056 1.2940417546651807e-16
34700.056 8.519200993179125e-15
34750.056 1.4390517290234972e-15
34800.056 1.0480502975777987e-15
34850.056 4.408713255237537e-15
34900.056 9.561726387271954e-16
34950.056 1.2157410213408563e-14
35000.056 6.7501883588720106e-15
35050.056 3.7567707364841366e-14
35100.056 2.5016497284887997e-14
35150.056 5.554665707189769e-14
35200.056 9.786333132689028e-14
35250.056 1.4881118786472867e-13
35300.056 6.0578308801864235e-15
35350.056 4.18120928462645e-16
35400.056 2.767118723844316e-16
35450.056 4.280262320235834e-16
35500.056 5.04503876918103e-15
35550.056 5.059442723787937e-15
35600.056 1.933666469251049e-14
35650.056 3.695087505879255e-14
35700.056 6.735227129898449e-14
35750.056 1.2718938679306585e-14
35800.056 4.02981543880902e-15
35850.056 2.4067553759871483e-15
35900.056 5.505574930649987e-15
35950.056 3.0836158986534865e-14
36000.056 4.652229235472003e-14
36050.056 4.0547609939926396e-14
36100.056 2.8571768938446504e-14
36150.056 8.047261011037238e-13
36200.056 1.2886623476861393e-13
36250.056 4.405211874681488e-14
36300.056 4.025568843183659e-13
36350.056 3.634491751395947e-13
36400.056 2.292714505103836e-13
36450.056 1.8279934796830261e-13
36500.056 1.1020140068871214e-13
36550.056 1.183806669078511e-12
36600.056 1.0454935239304383e-12
36650.056 2.5160227100144826e-13
36700.056 1.02859411369115e-12
36750.056 1.927545834434055e-12
36800.056 2.3552114403687444e-12
36850.056 3.2493208854796675e-13
36900.056 2.7757622590124085e-13
36950.056 2.9989194926999562e-12
37000.056 2.2110722724704165e-12
37050.056 3.4610060192701653e-12
37100.056 1.4570461558251994e-13
37150.056 4.33728647960462e-13
37200.056 5.879665542366329e-12
37250.056 3.029156289409507e-12
37300.056 3.056893936753754e-13
37350.056 3.03218235220572e-13
37400.056 7.481835786799169e-13
37450.056 2.7631904550143553e-13
37500.056 5.366449826466067e-13
37550.056 4.039214244112314e-12
37600.056 1.4184954942301872e-11
37650.056 4.171904523201015e-13
37700.056 1.6711071170060067e-12
37750.056 2.078459371658774e-12
37800.056 1.0986067612859005e-12
37850.056 8.319191655001205e-13
37900.056 3.904295478484345e-13
37950.056 8.582874587378556e-13
38000.056 5.087481692568799e-13
38050.056 4.648333344550592e-12
38100.056 6.5380748069810814e-12
38150.056 1.420489536753919e-11
38200.056 6.075801247748577e-12
38250.056 1.6002729447131638e-11
38300.056 4.7280375209337034e-11
38350.056 5.179077590153984e-12
38400.056 2.973071019569963e-13
38450.056 4.348087386049493e-14
38500.056 2.638549392447265e-13
38550.056 4.255017000671117e-12
38600.056 1.0495218911319936e-11
38650.056 3.91754092344685e-12
38700.056 4.618619574998846e-13
38750.056 3.731654091961038e-12
38800.056 2.7166765604419255e-12
38850.056 4.821200881289503e-12
38900.056 7.234468785546977e-12
38950.056 2.4876613980186043e-12
39000.056 1.740802977602182e-11
39050.056 5.031718574607342e-13
39100.056 2.517143200199914e-12
39150.056 1.2324850409702574e-11
39200.056 8.258437492207545e-12
39250.056 1.1115736065447924e-11
39300.056 4.405516495629284e-12
39350.056 3.058313580986128e-11
39400.056 5.0355749854243096e-12
39450.056 2.0899573939625528e-11
39500.056 2.5428710119344838e-11
39550.056 2.7568336344452177e-12
39600.056 2.0913447525947578e-11
39650.056 4.391105287339949e-11
39700.056 4.954059877320512e-11
39750.056 5.4026878691391e-12
39800.056 2.7569677979662925e-12
39850.056 2.7545551978005254e-11
39900.056 8.591347040440654e-11
39950.056 8.764294018375502e-12
40000.056 2.4272238217192167e-11
40050.056 4.241718282043496e-11
40100.056 3.8781594182746534e-12
40150.056 2.7779097893444768e-11
40200.056 3.849242093162504e-11
40250.056 5.889299366447008e-11
40300.056 7.859230939980179e-11
40350.056 1.5532028163432857e-11
40400.056 1.2986550183835105e-11
40450.056 3.4515500479385393e-12
40500.056 6.935830509477033e-11
40550.056 5.918041560231855e-11
40600.056 1.0486613392999514e-10
40650.056 3.494166881789093e-11
40700.056 3.2630556232653006e-11
40750.056 3.021722200888189e-11
40800.056 1.4639730755665378e-11
40850.056 1.7936390154563125e-10
40900.056 1.6273185535096282e-10
40950.056 8.427705455782796e-11
41000.056 2.9477986926400706e-11
41050.056 1.8833581479467908e-10
41100.056 1.627864171886477e-10
41150.056 1.1418743568183812e-11
41200.056 2.5962746661544526e-10
41250.056 1.8257934262155902e-10
41300.056 1.1112878902272078e-10
41350.056 4.71791426810024e-10
41400.056 2.747659697299587e-10
41450.056 3.374252937329659e-10
41500.056 1.0345377478957996e-10
41550.056 7.722002565971221e-11
41600.056 1.0346529331571072e-10
41650.056 4.0103688198203326e-10
41700.056 7.41938087269956e-10
41750.056 4.83078274793011e-10
41800.056 5.01020900809982e-10
41850.056 2.709839613397454e-10
41900.056 1.3270391190124921e-10
41950.056 8.342744299697131e-11
42000.056 1.428690876267792e-12
42050.056 1.3049275496246277e-11
42100.056 4.1485948135169866e-11
42150.056 7.769830157506613e-11
42200.056 2.368182937219287e-10
42250.056 1.6804620249004723e-10
42300.056 1.048563855189814e-10
42350.056 4.523147964850115e-10
42400.056 8.751353621800845e-10
42450.056 1.411473244920076e-09
42500.056 1.5499291801999865e-09
42550.056 1.1755385176999363e-09
42600.056 5.932948880611475e-10
42650.056 8.753304593158532e-10
42700.056 1.4795801612017514e-10
42750.056 1.1660646665201503e-09
42800.056 2.5427320895001145e-09
42850.056 2.4918053167998294e-09
42900.056 1.9961315126400587e-09
42950.056 1.507386261210148e-09
43000.056 1.7752326312399632e-09
43050.056 5.533750987500846e-10
43100.056 8.252610785148816e-10
43150.056 1.3366573079400883e-09
43200.056 2.659206186400104e-09
43250.056 2.8059408532000353e-09
43300.056 2.573163982499917e-09
43350.056 1.568515923099858e-09
43400.056 1.6800750250499842e-09
43450.056 5.174473866525577e-10
43500.056 3.2188338341328536e-10
43550.056 9.431402388800824e-10
43600.056 2.3921856147999366e-09
43650.056 1.2008706071800067e-09
43700.056 2.5291954964605423e-09
43750.056 3.4548401036997986e-09
43800.056 1.971580478039946e-09
43850.056 1.4080072162400975e-09
43900.056 6.594996948330762e-10
43950.056 7.01136296862056e-10
44000.056 1.0729137511899553e-09
44050.056 2.964972626440296e-09
44100.056 4.0874552098000405e-09
44150.056 3.31117159589985e-09
44200.056 3.138110368699969e-09
44250.056 1.533454525689918e-09
44300.056 8.905438677100217e-10
44350.056 6.555526844159856e-10
44400.056 6.747618636700646e-10
44450.056 2.2441974353703093e-09
44500.056 2.0888315524999555e-09
44550.056 2.8530001218000593e-09
44600.056 1.92534053091998e-09
44650.056 2.0598288357000527e-09
44700.056 1.660904694429764e-09
44750.056 2.614735522130089e-09
44800.056 1.2203378098299973e-09
44850.056 1.5578316689500613e-09
44900.056 2.0235315830999954e-09
44950.056 2.91754153770031e-09
45000.056 3.888246848699952e-09
45050.056 2.732340097639719e-09
45100.056 2.4508051230901544e-09
45150.056 1.8699802751998645e-09
45200.056 1.2228096042700092e-09
45250.056 1.5293754816898548e-09
45300.056 1.39368342802005e-09
45350.056 7.887921767201396e-10
45400.056 3.626449184600103e-09
45450.056 2.274636196430227e-09
45500.056 3.840748535700247e-09
45550.056 3.869000987909485e-09
45600.056 3.1098745735001726e-09
45650.056 3.0073282026997716e-09
45700.056 1.3840873389898618e-09
45750.056 1.1870182018801393e-09
45800.056 3.171539875799974e-09
45850.056 1.9399504756502213e-09
45900.056 4.034536899300011e-09
45950.056 4.6977766894997305e-09
46000.056 3.781913248300109e-09
46050.056 2.2162937049103322e-09
46100.056 4.504568037799834e-09
46150.056 2.5709217315999597e-09
46200.056 1.5915446963697592e-09
46250.056 4.728967580000085e-10
46300.056 1.9637507487601772e-09
46350.056 1.9937909714200367e-09
46400.056 2.2126810484000972e-09
46450.056 1.3261858265999136e-09
46500.056 2.253946905000106e-09
46550.056 1.0493587445698107e-09
46600.056 8.42198941759952e-10
46650.056 1.9600319848000878e-09
46700.056 1.405074949769848e-09
46750.056 4.2183723385001655e-10
46800.056 2.5494579129998665e-10
46850.056 1.3495137413502495e-09
46900.056 2.519871762500027e-09
46950.056 2.919072552299979e-09
47000.056 3.213388665700066e-09
47050.056 1.3842141348096972e-09
47100.056 1.367744501530005e-09
47150.056 1.7974079608401608e-09
47200.056 2.0833706805999046e-09
47250.056 7.172928214798303e-10
47300.056 5.394226449021557e-10
47350.056 1.95549375240017e-09
47400.056 2.5450849427999656e-09
47450.056 1.0624219798599375e-09
47500.056 2.202886783210309e-09
47550.056 2.560535483599942e-09
47600.056 1.181515400749848e-09
47650.056 1.5353783884999261e-09
47700.056 1.2808093476101233e-09
47750.056 1.1534357356099905e-09
47800.056 6.17639686719964e-10
47850.056 2.318336843420324e-10
47900.056 4.2187991194001627e-10
47950.056 1.3469927560701307e-09
48000.056 1.6371906542798255e-09
48050.056 1.1949844245800519e-09
48100.056 6.947649571999974e-10
48150.056 1.265808097360038e-09
48200.056 5.242734813198992e-10
48250.056 9.008746138700646e-10
48300.056 1.313192036499965e-09
48350.056 7.040954431899123e-10
48400.056 1.761586624129679e-10
48450.056 2.706764369090544e-10
48500.056 4.886553383299526e-10
48550.056 5.831516332951258e-10
48600.056 1.5298889106000462e-09
48650.056 1.8934466790999973e-09
48700.056 1.5249753086000748e-09
48750.056 1.608572919299982e-09
48800.056 1.5365411620999698e-09
48850.056 6.45747903259915e-10
48900.056 4.3955586364594764e-10
48950.056 2.6699380944999493e-10
49000.056 2.1555846013503534e-10
49050.056 5.839589271999553e-10
49100.056 9.148470684701334e-10
49150.056 9.0731153989e-10
49200.056 1.5459174870000822e-09
49250.056 1.4815848843999412e-09
49300.056 1.0007686421499065e-09
49350.056 4.1352845074007285e-10
49400.056 5.546181536799065e-10
49450.056 4.434432413100698e-10
49500.056 3.3120411299595115e-10
49550.056 1.1402412407999618e-10
49600.056 1.7931174579402677e-10
49650.056 5.160449596300566e-10
49700.056 7.623324179400016e-10
49750.056 4.6094677695997034e-10
49800.056 3.228293118400225e-10
49850.056 8.014694693500644e-10
49900.056 1.033328969849995e-09
49950.056 9.208823127099693e-10
50000.056 4.139460513829291e-10
50050.056 4.072117640560596e-10
50100.056 4.357392919499794e-10
50150.056 1.9756337570197424e-10
50200.056 7.134362992200824e-11
50250.056 1.9837230479000282e-10
50300.056 1.6391606895701935e-10
50350.056 4.898448085100375e-10
50400.056 6.988213769199977e-10
50450.056 7.937284969400201e-10
50500.056 8.754122074000039e-10
50550.056 9.598260199499784e-10
50600.056 5.330026282199759e-10
50650.056 8.972730858000125e-10
50700.056 7.290632647199648e-10
50750.056 4.526033365399743e-10
50800.056 1.683792864079677e-10
50850.056 1.0946076697102297e-10
50900.056 3.685850214700328e-10
50950.056 4.515273413499704e-10
51000.056 3.13249844392044e-10
51050.056 6.037496452799763e-10
51100.056 3.2085121505998385e-10
51150.056 2.1739482881303376e-10
51200.056 5.832747756300262e-10
51250.056 5.361762051399762e-10
51300.056 4.0012325754998853e-10
51350.056 2.335673078819607e-10
51400.056 1.1506750624801442e-10
51450.056 1.0854987572598042e-10
51500.056 1.1515190181102195e-10
51550.056 2.692587130800124e-10
51600.056 3.863531290000238e-10
51650.056 5.206377240700129e-10
51700.056 4.164043470599297e-10
51750.056 3.5420865957005156e-10
51800.056 5.5827287354e-10
51850.056 4.728256934699876e-10
51900.056 3.6951125214998545e-10
51950.056 2.243292694499749e-10
52000.056 7.464742931499223e-11
52050.056 1.3936905612999803e-10
52100.056 1.0418772920499927e-10
52150.056 7.583596823101533e-11
52200.056 1.9298280441001157e-10
52250.056 2.656281003500133e-10
52300.056 2.594747945399877e-10
52350.056 1.1526982768199758e-10
52400.056 1.3504134299700324e-10
52450.056 3.0107724617002194e-10
52500.056 2.1750282017998987e-10
52550.056 3.781417490099975e-10
52600.056 4.1055385773002023e-10
52650.056 4.338135278099832e-10
52700.056 3.0046220710997754e-10
52750.056 1.1236195780198815e-10
52800.056 1.9233227510001596e-10
52850.056 2.159093023899836e-10
52900.056 1.0033788246998133e-10
52950.056 1.4306928631301682e-10
53000.056 2.315041912000071e-10
53050.056 1.5373018027899657e-10
53100.056 2.9439636195001006e-10
53150.056 1.1871026912455687e-10
53200.056 7.18229041989807e-11
53250.056 1.11175669265611e-10
53300.056 1.7912632579300828e-10
53350.056 1.7035141988400012e-10
53400.056 1.6210710285999155e-10
53450.056 9.769623526099042e-11
53500.056 3.678451211699133e-11
53550.056 6.372389560400274e-11
