galfind/configs/Brown_Dwarf_templates/sonora_bobcat/m+0.5/316g/sp_t900g316nc_m+0.5_resample.dat
# %ECSV 1.0
# ---
# datatype:
# - {name: wav, unit: Angstrom, datatype: float64}
# - {name: flux_nu, unit: erg / (cm2 Hz s), datatype: float64}
# meta: {C/O: '1.00', Kzz: '1.0000E+05', Teff: '900.', Y: '0.28', '[Fe/H]': '0.50', f_hole: '1.00', f_rain: '0.00', grav: '316.'}
# schema: astropy-2.0
wav flux_nu
[from data line 499]
28950.056 7.5850862120019e-08
29000.056 5.988252412289167e-08
29050.056 6.576588814796273e-08
29100.056 4.751973159604553e-08
29150.056 8.572733528591239e-08
29200.056 5.881554523160063e-08
29250.056 8.44724239953683e-08
29300.056 4.849253870648513e-08
29350.056 1.2902742761945774e-07
29400.056 6.823167751683759e-08
29450.056 7.603071508213898e-08
29500.056 8.581676120404854e-08
29550.056 7.476707757195546e-08
29600.056 8.89008745473563e-08
29650.056 9.086784813485444e-08
29700.056 6.597043662517778e-08
29750.056 9.242341288339543e-08
29800.056 9.688828179487315e-08
29850.056 1.034775768352295e-07
29900.056 9.686721898231818e-08
29950.056 9.760605728606592e-08
30000.056 5.412421880387228e-08
30050.056 6.268426920819868e-08
30100.056 6.016329001708651e-08
30150.056 1.0101441230688641e-07
30200.056 7.534827270440051e-08
30250.056 1.1600773061352657e-07
30300.056 9.83738186020115e-08
30350.056 8.385246353510432e-08
30400.056 1.0316879491694915e-07
30450.056 7.361714078275139e-08
30500.056 6.215387337648205e-08
30550.056 6.602295814613885e-08
30600.056 7.904220278599653e-08
30650.056 6.245108306898777e-08
30700.056 6.002283687124767e-08
30750.056 6.156682423978913e-08
30800.056 5.24501558858115e-08
30850.056 4.838204309727703e-08
30900.056 4.383653905689153e-08
30950.056 4.036835582139126e-08
31000.056 3.6378307064003125e-08
31050.056 3.6973297646400834e-08
31100.056 2.8641262662637255e-08
31150.056 3.526842392310772e-08
31200.056 3.811597478610856e-08
31250.056 2.709463510251499e-08
31300.056 2.6259942860115258e-08
31350.056 2.667811959306096e-08
31400.056 2.0301426174600593e-08
31450.056 2.2860740957395383e-08
31500.056 1.755868103540537e-08
31550.056 2.003974954513773e-08
31600.056 1.5433813578600862e-08
31650.056 1.4344533373923368e-08
31700.056 1.4591733824097945e-08
31750.056 1.1672985201824403e-08
31800.056 1.5417090023198423e-08
31850.056 1.1625852464382025e-08
31900.056 1.416226611343962e-08
31950.056 8.76458756001027e-09
32000.056 1.2006010458229282e-08
32050.056 1.2698216193870463e-08
32100.056 1.2131993536242025e-08
32150.056 1.3274484950228678e-08
32200.056 1.098525516073101e-08
32250.056 1.5205320114332615e-08
32300.056 1.0528952475467743e-08
32350.056 1.5878675866237985e-08
32400.056 1.0475842026196777e-08
32450.056 1.4388752750805378e-08
32500.056 1.3075338553022704e-08
32550.056 1.2758157713638514e-08
32600.056 1.5423078857240707e-08
32650.056 2.174665175740559e-08
32700.056 1.8311743881604335e-08
32750.056 2.2498328316773844e-08
32800.056 2.111459689979345e-08
32850.056 2.373926691919746e-08
32900.056 2.6510047982555842e-08
32950.056 2.785911188251814e-08
33000.056 2.2958905863702367e-08
33050.056 2.1816729594311945e-08
33100.056 1.0875038080366736e-08
33150.056 2.899073713330099e-09
33200.056 2.832345773918959e-09
33250.056 1.6863552221096064e-09
33300.056 2.1289718439304896e-09
33350.056 3.861681071200136e-09
33400.056 5.806298849797616e-09
33450.056 8.532846203009258e-09
33500.056 1.3683017940808052e-08
33550.056 1.2094597264355594e-08
33600.056 1.909509630139742e-08
33650.056 1.9295208885797425e-08
33700.056 1.6350476707036676e-08
33750.056 2.373742875680641e-08
33800.056 1.8489525686314397e-08
33850.056 2.1994683094997383e-08
33900.056 1.7664714340509675e-08
33950.056 1.8118827963275857e-08
34000.056 2.3613897583489263e-08
34050.056 1.2822407151775276e-08
34100.056 2.317480954030088e-08
34150.056 1.8057739877749325e-08
34200.056 1.9176470861021187e-08
34250.056 1.9407338568889054e-08
34300.056 1.7212206937761725e-08
34350.056 1.5732974172999707e-08
34400.056 1.3820533063137333e-08
34450.056 1.94264506981925e-08
34500.056 1.7837419444772654e-08
34550.056 1.3850841887221236e-08
34600.056 2.35874390844987e-08
34650.056 1.6061886125160902e-08
34700.056 2.0119152141098337e-08
34750.056 1.975280454749282e-08
34800.056 1.7527550621094296e-08
34850.056 2.052971134870667e-08
34900.056 2.1568387910679995e-08
34950.056 2.304592700199491e-08
35000.056 3.3585213575758587e-08
35050.056 2.0845614652759356e-08
35100.056 2.7208279572503164e-08
35150.056 2.611739279360676e-08
35200.056 2.7836326882276734e-08
35250.056 3.622654861602801e-08
35300.056 2.83394636451862e-08
35350.056 2.8520365823929568e-08
35400.056 3.2377360344399634e-08
35450.056 2.2268335000122736e-08
35500.056 4.3070146834797386e-08
35550.056 3.958466522599241e-08
35600.056 3.407562413091784e-08
35650.056 3.8753013516068234e-08
35700.056 3.5143847107291666e-08
35750.056 4.48594680081935e-08
35800.056 5.793919535260086e-08
35850.056 3.5529828963995604e-08
35900.056 4.752688914060414e-08
35950.056 4.5338512500187894e-08
36000.056 4.5192341564008275e-08
36050.056 4.236934037068447e-08
36100.056 4.471012309787334e-08
36150.056 4.796952786458806e-08
36200.056 5.1873304167685076e-08
36250.056 4.829170399198411e-08
36300.056 5.891905199810195e-08
36350.056 5.540647439260773e-08
36400.056 5.5332417546391076e-08
36450.056 6.620542838810382e-08
36500.056 6.951345991888025e-08
36550.056 7.11234876320205e-08
36600.056 8.371250417299612e-08
36650.056 8.064401792276329e-08
36700.056 8.515819129014147e-08
36750.056 9.21499761390482e-08
36800.056 9.168264987699949e-08
36850.056 8.540961097878197e-08
36900.056 9.446920698078678e-08
36950.056 1.0466827745798263e-07
37000.056 9.807727599498968e-08
37050.056 9.968279719899177e-08
37100.056 1.0884517959249748e-07
37150.056 9.438697922979656e-08
37200.056 1.1165582373498667e-07
37250.056 1.1163946004297878e-07
37300.056 9.91668653424534e-08
37350.056 1.0466914072842236e-07
37400.056 1.4812554908299538e-07
37450.056 1.1534955685699572e-07
37500.056 1.147725441317871e-07
37550.056 1.377102449590843e-07
37600.056 1.5231220868501347e-07
37650.056 1.1414821446200064e-07
37700.056 1.6060040592121372e-07
37750.056 1.2376493635500273e-07
37800.056 1.3242847157657926e-07
37850.056 1.0221904183650782e-07
37900.056 1.1481636732384379e-07
37950.056 1.3638168473426793e-07
38000.056 1.6268004917170278e-07
38050.056 1.6068713304123676e-07
38100.056 1.5726642489683004e-07
38150.056 1.785490243329907e-07
38200.056 1.8825591182704573e-07
38250.056 1.783817027940075e-07
38300.056 2.2266524283596733e-07
38350.056 2.2777494033403311e-07
38400.056 1.5768083066094326e-07
38450.056 1.6601783038335466e-07
38500.056 1.2369301683801808e-07
38550.056 1.8030526991604585e-07
38600.056 1.8344539256000292e-07
38650.056 1.8439948188397127e-07
38700.056 1.9520337651599356e-07
38750.056 2.1118500819500374e-07
38800.056 1.7962710360988363e-07
38850.056 1.8834348744402772e-07
38900.056 2.404228262500155e-07
38950.056 1.990028820999784e-07
39000.056 2.2470889130998977e-07
39050.056 2.030476662959995e-07
39100.056 2.2210707557801473e-07
39150.056 2.2573721015700073e-07
39200.056 2.2708513381598276e-07
39250.056 2.580745235919582e-07
39300.056 2.226722031069095e-07
39350.056 2.807859251240139e-07
39400.056 2.483062384820566e-07
39450.056 2.5797026206499265e-07
39500.056 2.514147282560399e-07
39550.056 2.57909537284458e-07
39600.056 2.7760714616591997e-07
39650.056 3.014589662559871e-07
39700.056 2.8689262233203134e-07
39750.056 2.450773894936764e-07
39800.056 2.826863728559235e-07
39850.056 3.326666588600022e-07
39900.056 3.2574545747001493e-07
39950.056 3.0309722521792845e-07
40000.056 3.7650998605207747e-07
40050.056 3.3145050763200697e-07
40100.056 2.876913142572126e-07
40150.056 3.5324409227396955e-07
40200.056 3.6294468713887285e-07
40250.056 3.4872398998989583e-07
40300.056 3.468643134600609e-07
40350.056 3.5987288956198143e-07
40400.056 4.113619519695857e-07
40450.056 3.7009474600066684e-07
40500.056 4.010089567300038e-07
40550.056 4.0899134638192337e-07
40600.056 3.930852886800502e-07
40650.056 3.6984290003840555e-07
40700.056 4.853897091949971e-07
40750.056 3.9761223929992716e-07
40800.056 3.384537358228533e-07
40850.056 4.792835390501113e-07
40900.056 4.5320907753004363e-07
40950.056 4.1282284095802787e-07
41000.056 4.3407026815001106e-07
41050.056 5.08501100459951e-07
41100.056 4.2668102854799345e-07
41150.056 3.474062029069559e-07
41200.056 4.877648093559703e-07
41250.056 4.281874115519704e-07
41300.056 3.888490290798963e-07
41350.056 5.160760218800672e-07
41400.056 4.6719296401007175e-07
41450.056 4.876291640200688e-07
41500.056 4.094359399467074e-07
41550.056 4.079392024310851e-07
41600.056 4.952044044142677e-07
41650.056 4.843099969600272e-07
41700.056 4.360360293978576e-07
41750.056 4.424231393199842e-07
41800.056 4.87214321979992e-07
41850.056 3.5539775859500506e-07
41900.056 4.0942331192894084e-07
41950.056 3.8388637472007484e-07
42000.056 3.7567123250997905e-07
42050.056 3.396326243289932e-07
42100.056 4.3946887801002475e-07
42150.056 3.3776765672997835e-07
42200.056 3.2724403993199644e-07
42250.056 3.3264725884493004e-07
42300.056 3.16079518405999e-07
42350.056 3.7366155625006467e-07
42400.056 3.477015550900803e-07
42450.056 3.251723831090161e-07
42500.056 3.244246455499829e-07
42550.056 3.163941142979559e-07
42600.056 3.191249692920531e-07
42650.056 3.59244435827907e-07
42700.056 3.3054738771701027e-07
42750.056 3.1278230743798706e-07
42800.056 3.314761866950606e-07
42850.056 3.7533435444988295e-07
42900.056 3.8273373045608036e-07
42950.056 3.309483460768819e-07
43000.056 3.6384786501800104e-07
43050.056 2.726136115321174e-07
43100.056 3.3740675023497315e-07
43150.056 3.252850010510502e-07
43200.056 3.696119526200191e-07
43250.056 4.007503317699892e-07
43300.056 4.017124853500055e-07
43350.056 3.10478526613928e-07
43400.056 3.5136048090597367e-07
43450.056 3.2659322904305757e-07
43500.056 3.1911972792699225e-07
43550.056 3.266805677710548e-07
43600.056 4.0089253825802956e-07
43650.056 3.2907528908000426e-07
43700.056 3.8910702139001205e-07
43750.056 3.7308091773907743e-07
43800.056 3.523267417809587e-07
43850.056 3.3488371016006054e-07
43900.056 3.5864540546495164e-07
43950.056 2.848274882389916e-07
44000.056 2.708401743830114e-07
44050.056 3.800219168700234e-07
44100.056 4.2728711655002384e-07
44150.056 4.065320873469331e-07
44200.056 3.835351144019946e-07
44250.056 3.245633606190139e-07
44300.056 2.9676072553105784e-07
44350.056 3.1754069288197755e-07
44400.056 3.253915880639932e-07
44450.056 3.6404577528697345e-07
44500.056 3.7483065805208885e-07
44550.056 4.1963135928994505e-07
44600.056 3.6325839359704253e-07
44650.056 3.9061618546806794e-07
44700.056 3.065199872600007e-07
44750.056 3.7699700280202805e-07
44800.056 3.501998284580344e-07
44850.056 3.830314695500739e-07
44900.056 3.3037909614303557e-07
44950.056 3.571630017000174e-07
45000.056 3.759532639299754e-07
45050.056 3.722182268549967e-07
45100.056 3.722673613459973e-07
45150.056 3.6772128791396763e-07
45200.056 3.164970110250297e-07
45250.056 3.433640291279069e-07
45300.056 3.206592958240445e-07
45350.056 3.2681676657796735e-07
45400.056 4.045203969100327e-07
45450.056 3.688477384899703e-07
45500.056 3.7531281222900105e-07
45550.056 4.1655645908990893e-07
45600.056 4.0573896776003053e-07
45650.056 3.371953534219498e-07
45700.056 3.367828599530323e-07
45750.056 3.181594242969931e-07
45800.056 4.00242497070002e-07
45850.056 4.2423329235999537e-07
45900.056 4.36957395850013e-07
45950.056 3.674464735299942e-07
46000.056 4.1987213577502115e-07
46050.056 3.7953375521002523e-07
46100.056 4.0915907274998326e-07
46150.056 3.6052124413498054e-07
46200.056 3.5595875657804033e-07
46250.056 2.7622729667265747e-07
46300.056 3.9066952526199334e-07
46350.056 3.664377759000221e-07
46400.056 3.6457602792000837e-07
46450.056 3.542585881580454e-07
46500.056 3.535060319110641e-07
46550.056 3.275009771679913e-07
46600.056 3.673709213519949e-07
46650.056 4.83536005879965e-07
46700.056 3.92447563870015e-07
46750.056 2.975012856910063e-07
46800.056 2.588047605910257e-07
46850.056 4.636880884400816e-07
46900.056 4.203036412699522e-07
46950.056 4.3099528319999816e-07
47000.056 3.797672587400294e-07
47050.056 3.9451457616786666e-07
47100.056 2.887616341590473e-07
47150.056 3.421553926820403e-07
47200.056 4.049689444520254e-07
47250.056 3.2471363302998285e-07
47300.056 2.655207773670933e-07
47350.056 4.0333941803996817e-07
47400.056 4.05928962089954e-07
47450.056 3.7894641807903084e-07
47500.056 4.316903394599454e-07
47550.056 3.8183058083999745e-07
47600.056 3.897157198349697e-07
47650.056 3.3627786813693393e-07
47700.056 3.799963265300969e-07
47750.056 2.7399282697801057e-07
47800.056 3.220592110340079e-07
47850.056 2.4561666104700303e-07
47900.056 3.0820080678795815e-07
47950.056 3.333619319020282e-07
48000.056 4.537619245200558e-07
48050.056 4.0464206490001213e-07
48100.056 2.9463772640401566e-07
48150.056 3.497582945300299e-07
48200.056 3.393872010940071e-07
48250.056 3.278003016900127e-07
48300.056 4.259926810698806e-07
48350.056 2.907669656680234e-07
48400.056 2.2403129486176598e-07
48450.056 3.19984351545082e-07
48500.056 4.0428856035794876e-07
48550.056 3.2044797015199883e-07
48600.056 3.673129716900053e-07
48650.056 3.630129661799765e-07
48700.056 3.5315126549299736e-07
48750.056 2.4636052785711105e-07
48800.056 4.4276127945399903e-07
48850.056 2.880023064549392e-07
48900.056 4.134171720579977e-07
48950.056 3.2205991872003495e-07
49000.056 2.1272695275795794e-07
49050.056 3.669393846699709e-07
49100.056 3.7426321374206886e-07
49150.056 3.414834558905245e-07
49200.056 3.950284987100422e-07
49250.056 3.942197864900513e-07
49300.056 3.4265963409599855e-07
49350.056 2.4464959925904055e-07
49400.056 3.20619434398969e-07
49450.056 3.244911181191034e-07
49500.056 2.7604693564597283e-07
49550.056 1.7456668621801927e-07
49600.056 2.676285737300614e-07
49650.056 3.0819846642998205e-07
49700.056 2.904692951139212e-07
49750.056 3.656558330499246e-07
49800.056 2.950958542550177e-07
49850.056 4.1673962259009155e-07
49900.056 3.3269028083098057e-07
49950.056 3.2703056912998555e-07
50000.056 3.104309138459763e-07
50050.056 3.6243280157999665e-07
50100.056 3.130807886440207e-07
50150.056 2.2132434779297747e-07
50200.056 1.245347320580203e-07
50250.056 3.0069465672996397e-07
50300.056 2.4694496843602136e-07
50350.056 3.7571100147603384e-07
50400.056 3.2046433339197513e-07
50450.056 2.652513345120337e-07
50500.056 3.4151981077304277e-07
50550.056 3.094368343180228e-07
50600.056 2.794783913559321e-07
50650.056 3.4661524125007437e-07
50700.056 3.7550246190487246e-07
50750.056 3.127946549450525e-07
50800.056 1.9607163890798027e-07
50850.056 1.9155474792106212e-07
50900.056 3.7404282966199746e-07
50950.056 2.9308557151904423e-07
51000.056 3.275299880130236e-07
51050.056 2.97904937994996e-07
51100.056 1.8013115206997584e-07
51150.056 2.5191958582477475e-07
51200.056 3.9915739977997237e-07
51250.056 2.808885544759382e-07
51300.056 2.2805993682210696e-07
51350.056 2.51539559728987e-07
51400.056 1.5686090786699706e-07
51450.056 1.3621479442836484e-07
51500.056 1.5291189074685284e-07
51550.056 3.1477968824002155e-07
51600.056 2.2637843626703472e-07
51650.056 2.323159755359539e-07
51700.056 2.578251046956599e-07
51750.056 1.8760518377951867e-07
51800.056 2.807020438699273e-07
51850.056 2.6060349635099163e-07
51900.056 3.633419280880778e-07
51950.056 2.813430794119729e-07
52000.056 1.1569449550298014e-07
52050.056 2.1640025237202462e-07
52100.056 1.644847192619844e-07
52150.056 1.4681117703901062e-07
52200.056 1.6319545157399515e-07
52250.056 2.095762342950298e-07
52300.056 3.110794176599691e-07
52350.056 2.186888673268093e-07
52400.056 1.5747256906401157e-07
52450.056 2.668423271500168e-07
52500.056 2.662601342659283e-07
52550.056 2.731329598439406e-07
52600.056 2.2814886827104108e-07
52650.056 2.355347070780433e-07
52700.056 2.1047790414599837e-07
52750.056 1.4568405928299289e-07
52800.056 1.8242130176702507e-07
52850.056 1.9416957037793924e-07
52900.056 1.7704520445559502e-07
52950.056 1.9193780573999873e-07
53000.056 2.6327341955800086e-07
53050.056 1.4382370305394852e-07
53100.056 2.0090969275695635e-07
53150.056 2.9787495262002613e-07
53200.056 1.4452366441258988e-07
53250.056 2.6758100221002415e-07
53300.056 2.6878518599314853e-07
53350.056 2.647630597259878e-07
53400.056 2.5542737143001517e-07
53450.056 1.412200594359908e-07
53500.056 8.764260672617342e-08
