galfind/configs/Brown_Dwarf_templates/sonora_bobcat/m+0.5/316g/sp_t1400g316nc_m+0.5_resample.dat
# %ECSV 1.0
# ---
# datatype:
# - {name: wav, unit: Angstrom, datatype: float64}
# - {name: flux_nu, unit: erg / (cm2 Hz s), datatype: float64}
# meta: {C/O: '1.00', Kzz: '1.0000E+05', Teff: '1400.', Y: '0.28', '[Fe/H]': '0.50', f_hole: '1.00', f_rain: '0.00', grav: '316.'}
# schema: astropy-2.0
wav flux_nu
[from data line 499]
28950.056 5.242320046420038e-07
29000.056 4.366233826889041e-07
29050.056 4.612102881649495e-07
29100.056 3.724976190250703e-07
29150.056 5.057352812221091e-07
29200.056 4.285141396000717e-07
29250.056 5.140822825689979e-07
29300.056 3.9702555249381826e-07
29350.056 6.180730711098685e-07
29400.056 4.6669513531690435e-07
29450.056 4.931164035799843e-07
29500.056 5.052289489709308e-07
29550.056 4.903796593840109e-07
29600.056 5.404749781338559e-07
29650.056 5.090629873409442e-07
29700.056 4.536505620378765e-07
29750.056 5.580327980702198e-07
29800.056 5.789726447279267e-07
29850.056 5.563577010689222e-07
29900.056 5.170672780251916e-07
29950.056 5.92049007163894e-07
30000.056 5.858909609189183e-07
30050.056 5.443895681499474e-07
30100.056 4.806244943668517e-07
30150.056 6.69431547579957e-07
30200.056 5.700755416700225e-07
30250.056 6.176702385201475e-07
30300.056 5.735856185799482e-07
30350.056 5.446690447400436e-07
30400.056 6.479870384500706e-07
30450.056 5.182189581250682e-07
30500.056 4.5726212062006e-07
30550.056 5.461673731000942e-07
30600.056 5.589867016400422e-07
30650.056 5.396969304299403e-07
30700.056 5.003177293859833e-07
30750.056 4.810975176749896e-07
30800.056 4.89679663939088e-07
30850.056 4.2371038888891624e-07
30900.056 4.401670027059386e-07
30950.056 3.881941253230731e-07
31000.056 3.919845118239905e-07
31050.056 4.0058475794999923e-07
31100.056 3.4489698270197414e-07
31150.056 3.7772221860896007e-07
31200.056 3.944355905800109e-07
31250.056 3.466999513889759e-07
31300.056 3.372250154439591e-07
31350.056 3.157401264499952e-07
31400.056 2.903943473460516e-07
31450.056 2.9183630169596613e-07
31500.056 2.839009114929545e-07
31550.056 2.8526066799199976e-07
31600.056 2.599609327989814e-07
31650.056 2.5190296418999767e-07
31700.056 2.523166471699734e-07
31750.056 2.330230669420704e-07
31800.056 2.6854901254296593e-07
31850.056 2.418216503020321e-07
31900.056 2.730258624340013e-07
31950.056 2.1347478794402197e-07
32000.056 2.4744432818996644e-07
32050.056 2.637606642400182e-07
32100.056 2.6094903125402295e-07
32150.056 2.755608003659742e-07
32200.056 2.502539442979922e-07
32250.056 2.9986946832703235e-07
32300.056 2.522965094189851e-07
32350.056 3.17173102471989e-07
32400.056 2.5139240056199503e-07
32450.056 3.1258418203889786e-07
32500.056 3.162880185000594e-07
32550.056 3.2498678056099243e-07
32600.056 3.300287252259916e-07
32650.056 3.873620449159927e-07
32700.056 3.647010449200468e-07
32750.056 3.851590955100125e-07
32800.056 3.764273723870135e-07
32850.056 3.9943219206992e-07
32900.056 4.418960556739677e-07
32950.056 4.072173840459593e-07
33000.056 3.860422778129369e-07
33050.056 3.51934883420058e-07
33100.056 2.8779596521997403e-07
33150.056 1.9859795269300914e-07
33200.056 1.5234849173596196e-07
33250.056 1.2392312934696583e-07
33300.056 1.1746968472201813e-07
33350.056 1.3569957301400097e-07
33400.056 1.5018155335197918e-07
33450.056 1.7039413829299564e-07
33500.056 2.069745732400344e-07
33550.056 2.2458586395003867e-07
33600.056 2.664063372099996e-07
33650.056 3.0008230561001923e-07
33700.056 2.966696962859717e-07
33750.056 3.66405550810005e-07
33800.056 3.599164032749718e-07
33850.056 3.9091087653997064e-07
33900.056 3.688898030099686e-07
33950.056 3.4883198366997387e-07
34000.056 3.900652804599878e-07
34050.056 3.4166692693393523e-07
34100.056 4.04487894549963e-07
34150.056 3.6953863875793847e-07
34200.056 3.195094319399028e-07
34250.056 3.723559859598911e-07
34300.056 3.260882168448116e-07
34350.056 2.946116200999906e-07
34400.056 2.983235074520054e-07
34450.056 3.4524148900997385e-07
34500.056 3.433005774999957e-07
34550.056 3.173683145359867e-07
34600.056 3.7986024436002204e-07
34650.056 3.5499038884795823e-07
34700.056 3.4843907211993895e-07
34750.056 3.824934279600023e-07
34800.056 3.5928544863390595e-07
34850.056 3.408368937400117e-07
34900.056 3.982647711529791e-07
34950.056 3.618503116399248e-07
35000.056 4.418512763650272e-07
35050.056 3.7550490778794727e-07
35100.056 3.926503590799682e-07
35150.056 4.298362272079951e-07
35200.056 4.242288954500429e-07
35250.056 4.521434392999428e-07
35300.056 4.211189604500616e-07
35350.056 4.084593924199205e-07
35400.056 4.33852339230088e-07
35450.056 3.433390285901684e-07
35500.056 4.825260885500394e-07
35550.056 4.771903964499464e-07
35600.056 4.336164256800768e-07
35650.056 5.09408050840017e-07
35700.056 4.419149696900071e-07
35750.056 4.921671872698573e-07
35800.056 6.16128434350024e-07
35850.056 4.860099820399684e-07
35900.056 6.149632844199361e-07
35950.056 5.799069903100126e-07
36000.056 5.703931150900265e-07
36050.056 6.240711390400096e-07
36100.056 6.364960054395926e-07
36150.056 6.239873033800582e-07
36200.056 7.161962124399219e-07
36250.056 6.616301708898919e-07
36300.056 7.57308668380101e-07
36350.056 7.198845864999077e-07
36400.056 7.135294764200189e-07
36450.056 8.231043257399696e-07
36500.056 7.916055968099572e-07
36550.056 8.336880299302955e-07
36600.056 8.80212831810048e-07
36650.056 8.902827583298319e-07
36700.056 9.853534543199562e-07
36750.056 9.608339111601465e-07
36800.056 9.981128338099427e-07
36850.056 1.0207224073299808e-06
36900.056 1.0166211547800945e-06
36950.056 1.108199184279868e-06
37000.056 1.1467497958699378e-06
37050.056 1.1263312038699275e-06
37100.056 1.1873252565901208e-06
37150.056 1.1630888626999772e-06
37200.056 1.2418110546800702e-06
37250.056 1.2740926458099245e-06
37300.056 1.199378796129876e-06
37350.056 1.1623972148202364e-06
37400.056 1.3401079850898886e-06
37450.056 1.260021238830139e-06
37500.056 1.3005004254298176e-06
37550.056 1.372437658699969e-06
37600.056 1.4620667335199392e-06
37650.056 1.3386534076999845e-06
37700.056 1.500291349960074e-06
37750.056 1.443294641310052e-06
37800.056 1.5110029915002259e-06
37850.056 1.3774754054399546e-06
37900.056 1.44082731692024e-06
37950.056 1.4468256481299231e-06
38000.056 1.5754224918801212e-06
38050.056 1.5614070923700908e-06
38100.056 1.4596680951902215e-06
38150.056 1.7002330145999487e-06
38200.056 1.718560921420005e-06
38250.056 1.5290037155402039e-06
38300.056 1.6023637738699182e-06
38350.056 1.6881162722999487e-06
38400.056 1.6277055319797776e-06
38450.056 1.8103078168000409e-06
38500.056 1.6362334890000999e-06
38550.056 1.7532453989100682e-06
38600.056 1.920047845449856e-06
38650.056 1.711876380309987e-06
38700.056 1.7697428745602673e-06
38750.056 1.8269421292000212e-06
38800.056 1.7935497359399384e-06
38850.056 1.7244467939200766e-06
38900.056 1.7152188432199403e-06
38950.056 1.8959881698999347e-06
39000.056 1.7971965329000429e-06
39050.056 1.8911383556298413e-06
39100.056 1.7180556732202092e-06
39150.056 1.8390278230000255e-06
39200.056 1.9131882506200477e-06
39250.056 1.9063666098996144e-06
39300.056 1.8400203054396142e-06
39350.056 1.9167259526301806e-06
39400.056 1.8775729355600705e-06
39450.056 1.8917348545999058e-06
39500.056 1.7910091882998441e-06
39550.056 1.8232558717799402e-06
39600.056 2.007775195899781e-06
39650.056 1.785306221699994e-06
39700.056 1.8392590893999e-06
39750.056 1.792371465459872e-06
39800.056 1.7198633880999495e-06
39850.056 1.8313648489498737e-06
39900.056 1.8123825098101432e-06
39950.056 1.895303886099796e-06
40000.056 1.6887629054700275e-06
40050.056 1.727952269200008e-06
40100.056 1.8783771578399856e-06
40150.056 1.7209539127098039e-06
40200.056 1.765179001939792e-06
40250.056 1.6408768294695455e-06
40300.056 1.6069482792501154e-06
40350.056 1.7773434468002085e-06
40400.056 1.7424051842800638e-06
40450.056 1.7427529011001189e-06
40500.056 1.5597614487202615e-06
40550.056 1.826655442799853e-06
40600.056 1.4945474147802265e-06
40650.056 1.6186467721599386e-06
40700.056 1.7749279591600634e-06
40750.056 1.5137732310394264e-06
40800.056 1.4495731771099996e-06
40850.056 1.4737574847803172e-06
40900.056 1.4737024892400877e-06
40950.056 1.5237557882899272e-06
41000.056 1.5331063462899823e-06
41050.056 1.5392035614097845e-06
41100.056 1.4334634210999474e-06
41150.056 1.4770689616599587e-06
41200.056 1.4519508897600146e-06
41250.056 1.4730129052000993e-06
41300.056 1.2539284386796808e-06
41350.056 1.5165888525900612e-06
41400.056 1.3940058465602335e-06
41450.056 1.4162946720902974e-06
41500.056 1.4378527569700143e-06
41550.056 1.3821383150100304e-06
41600.056 1.407713918010062e-06
41650.056 1.3281056897602233e-06
41700.056 1.231658115619807e-06
41750.056 1.1967403512898607e-06
41800.056 1.1989857733399e-06
41850.056 9.997635859901295e-07
41900.056 1.1530439731399997e-06
41950.056 9.420522420002771e-07
42000.056 9.404202447601282e-07
42050.056 8.413543898498169e-07
42100.056 9.56060206900127e-07
42150.056 7.084912151997429e-07
42200.056 7.49618013380017e-07
42250.056 7.762977615500985e-07
42300.056 6.317739755100474e-07
42350.056 7.601196184102168e-07
42400.056 6.295750553201474e-07
42450.056 5.868935631200995e-07
42500.056 6.190856714100717e-07
42550.056 6.140376591800326e-07
42600.056 6.095447184801504e-07
42650.056 5.156835872597832e-07
42700.056 5.897925981902062e-07
42750.056 5.560057643899386e-07
42800.056 5.206681737202229e-07
42850.056 5.667785715198184e-07
42900.056 5.502487237900064e-07
42950.056 5.438249511497461e-07
43000.056 5.321469394100399e-07
43050.056 5.161225997802033e-07
43100.056 5.748908879201305e-07
43150.056 5.427518667101133e-07
43200.056 5.774157349201038e-07
43250.056 5.325352668598238e-07
43300.056 5.520925689800522e-07
43350.056 5.40846473949988e-07
43400.056 5.509419608400196e-07
43450.056 5.483556575201422e-07
43500.056 5.280098851699551e-07
43550.056 5.797906822800321e-07
43600.056 5.48155529070037e-07
43650.056 5.162282413800679e-07
43700.056 5.427466028597609e-07
43750.056 5.330368125501456e-07
43800.056 4.925659688101029e-07
43850.056 5.291786206701093e-07
43900.056 5.434263876399734e-07
43950.056 5.159333131801719e-07
44000.056 5.20411673370106e-07
44050.056 5.360130699600755e-07
44100.056 5.405974550300781e-07
44150.056 5.42873104429857e-07
44200.056 5.20012953139932e-07
44250.056 5.427707237300233e-07
44300.056 5.355758092000385e-07
44350.056 5.123417133600128e-07
44400.056 5.474989113899753e-07
44450.056 5.568069099599906e-07
44500.056 5.750511957899905e-07
44550.056 5.337730659999157e-07
44600.056 5.580403181600443e-07
44650.056 5.659977939900757e-07
44700.056 5.500700769900174e-07
44750.056 5.732032869999534e-07
44800.056 6.003794340699839e-07
44850.056 5.732237943600902e-07
44900.056 5.53993859920057e-07
44950.056 5.37575052720005e-07
45000.056 5.7850662305997e-07
45050.056 5.779903497099626e-07
45100.056 6.014672979899846e-07
45150.056 5.650076017099738e-07
45200.056 5.326313912000305e-07
45250.056 5.472963890499507e-07
45300.056 5.837142838700216e-07
45350.056 6.017230340299675e-07
45400.056 5.751941802500555e-07
45450.056 5.371273803299238e-07
45500.056 5.593329673999782e-07
45550.056 5.98816522109974e-07
45600.056 5.570040119799921e-07
45650.056 5.212821817599125e-07
45700.056 6.074493409000408e-07
45750.056 5.462195151400122e-07
45800.056 5.430519641199783e-07
45850.056 6.336509151999671e-07
45900.056 6.244810216400351e-07
45950.056 5.47273215300006e-07
46000.056 6.299161063600238e-07
46050.056 6.250517754200944e-07
46100.056 5.358085939600543e-07
46150.056 5.971039938399795e-07
46200.056 6.17122810550105e-07
46250.056 5.295025885299934e-07
46300.056 6.598791502699923e-07
46350.056 5.765203188199474e-07
46400.056 5.907521251299545e-07
46450.056 6.260898641300556e-07
46500.056 5.597306224499657e-07
46550.056 6.861795985399817e-07
46600.056 6.377712076700326e-07
46650.056 8.042656181098616e-07
46700.056 7.458249940902407e-07
46750.056 5.971625886799664e-07
46800.056 6.435612511000683e-07
46850.056 6.962888309300805e-07
46900.056 6.601812506798998e-07
46950.056 7.297603134000065e-07
47000.056 6.067882851199975e-07
47050.056 7.405368016098928e-07
47100.056 5.698387628000544e-07
47150.056 6.227595645300505e-07
47200.056 6.787474884801001e-07
47250.056 6.001360686299641e-07
47300.056 6.143570254098834e-07
47350.056 5.617839203599213e-07
47400.056 6.796676712699065e-07
47450.056 5.760594348999743e-07
47500.056 6.840388149599247e-07
47550.056 5.916711939899645e-07
47600.056 6.764260807899603e-07
47650.056 5.120127760899022e-07
47700.056 6.925743607300593e-07
47750.056 4.967391555900874e-07
47800.056 6.849269269499389e-07
47850.056 5.30770853679932e-07
47900.056 6.628894453500247e-07
47950.056 5.237997533500608e-07
48000.056 7.41924419750005e-07
48050.056 5.786544101700617e-07
48100.056 6.452625486999951e-07
48150.056 5.848815389700769e-07
48200.056 6.814302886300639e-07
48250.056 5.717484503800208e-07
48300.056 7.349281450898573e-07
48350.056 5.337250592999791e-07
48400.056 6.565955829399913e-07
48450.056 5.618251405000185e-07
48500.056 7.52502795480017e-07
48550.056 5.380449602200054e-07
48600.056 6.947891858899535e-07
48650.056 5.65027250769972e-07
48700.056 6.927741671300505e-07
48750.056 5.123312223900356e-07
48800.056 7.639066934400231e-07
48850.056 5.488137654898966e-07
48900.056 7.200614862300556e-07
48950.056 6.486915604200122e-07
49000.056 6.097737242899099e-07
49050.056 6.912705148199946e-07
49100.056 6.172092074200447e-07
49150.056 6.708476970199757e-07
49200.056 6.186769189299813e-07
49250.056 6.732538419100138e-07
49300.056 5.794268668499648e-07
49350.056 6.249706678900066e-07
49400.056 7.146375810000277e-07
49450.056 6.23678143740137e-07
49500.056 6.507801378899951e-07
49550.056 5.647422047699966e-07
49600.056 6.345623381801239e-07
49650.056 6.603500726299866e-07
49700.056 5.798611138799333e-07
49750.056 8.301102178598991e-07
49800.056 6.237704061400272e-07
49850.056 8.100956273500668e-07
49900.056 6.3752380710003e-07
49950.056 6.927522443598839e-07
50000.056 6.778912257798775e-07
50050.056 6.800671328500395e-07
50100.056 7.305855384199564e-07
50150.056 6.014245444700188e-07
50200.056 5.646470660300538e-07
50250.056 7.004095172700038e-07
50300.056 6.41950138009977e-07
50350.056 7.742187810099896e-07
50400.056 6.563846673599637e-07
50450.056 6.531523865201046e-07
50500.056 8.066567622001076e-07
50550.056 6.79366795979996e-07
50600.056 7.323298598299728e-07
50650.056 7.00960602050117e-07
50700.056 7.71332581099845e-07
50750.056 8.013016229701027e-07
50800.056 5.798244460599203e-07
50850.056 6.817766740401219e-07
50900.056 7.743264237299658e-07
50950.056 7.48061248570148e-07
51000.056 8.713002052100808e-07
51050.056 6.595957728100561e-07
51100.056 6.27741715389942e-07
51150.056 7.349115965099405e-07
51200.056 7.459589000799785e-07
51250.056 7.709823300299542e-07
51300.056 6.381336743002169e-07
51350.056 7.109931872799005e-07
51400.056 6.357323831798941e-07
51450.056 5.109531312999059e-07
51500.056 6.495975742900531e-07
51550.056 8.734415451200798e-07
51600.056 6.108098631100649e-07
51650.056 7.069930069799123e-07
51700.056 6.847152982998231e-07
51750.056 6.284109766300467e-07
51800.056 7.752849378098072e-07
51850.056 7.573508235899222e-07
51900.056 8.252413464501431e-07
51950.056 7.533162020599427e-07
52000.056 5.952281225599669e-07
52050.056 7.111581322699621e-07
52100.056 6.456181439299077e-07
52150.056 6.536757935400227e-07
52200.056 6.241803432400011e-07
52250.056 6.801034841700095e-07
52300.056 7.904971786399833e-07
52350.056 7.964372448000692e-07
52400.056 5.843352716300942e-07
52450.056 7.066677608100063e-07
52500.056 7.874190203698841e-07
52550.056 7.530129274098056e-07
52600.056 7.219391143701021e-07
52650.056 8.031716505901268e-07
52700.056 6.911532273800095e-07
52750.056 5.833212470699559e-07
52800.056 6.529741894000566e-07
52850.056 6.313387780299069e-07
52900.056 6.877032218000271e-07
52950.056 6.8827235328994e-07
53000.056 7.88037784549957e-07
53050.056 6.418164019598599e-07
53100.056 6.410916179398678e-07
53150.056 8.36897357500087e-07
53200.056 5.621728051600429e-07
53250.056 8.081354834800003e-07
53300.056 7.90305913510318e-07
53350.056 7.784702461899138e-07
53400.056 7.539133762900613e-07
53450.056 6.336364980800332e-07
53500.056 5.299397191799037e-07
53550.056 6.706485460899222e-07
53600.056 7.448215526901229e-07
53650.056 6.111657583600438e-07
53700.056 6.314641942201131e-07
53750.056 6.71401779560022e-07
