galfind/configs/Brown_Dwarf_templates/sonora_bobcat/m+0.5/316g/sp_t1900g316nc_m+0.5_resample.dat
# %ECSV 1.0
# ---
# datatype:
# - {name: wav, unit: Angstrom, datatype: float64}
# - {name: flux_nu, unit: erg / (cm2 Hz s), datatype: float64}
# meta: {C/O: '1.00', Kzz: '1.0000E+05', Teff: '1900.', Y: '0.28', '[Fe/H]': '0.50', f_hole: '1.00', f_rain: '0.00', grav: '316.'}
# schema: astropy-2.0
wav flux_nu
[from data line 496]
28800.056 1.3340177284823567e-06
28850.056 1.4250170199802061e-06
28900.056 1.0963741155840824e-06
28950.056 1.5977191742698963e-06
29000.056 1.2911308141396152e-06
29050.056 1.3489272101398391e-06
29100.056 1.0988267092401554e-06
29150.056 1.447991695510261e-06
29200.056 1.266829373810302e-06
29250.056 1.4497227504400436e-06
29300.056 1.183971344869382e-06
29350.056 1.672836796329724e-06
29400.056 1.3323861278798164e-06
29450.056 1.3646544362799564e-06
29500.056 1.4341497769798163e-06
29550.056 1.3751762396200985e-06
29600.056 1.4924868311897924e-06
29650.056 1.4298393815098792e-06
29700.056 1.267423718659801e-06
29750.056 1.6104068234007831e-06
29800.056 1.6100014300798908e-06
29850.056 1.5327928359598202e-06
29900.056 1.3824917614604164e-06
29950.056 1.6620866140197074e-06
30000.056 1.6392374672295908e-06
30050.056 1.525595687219899e-06
30100.056 1.2662425566296234e-06
30150.056 1.9322512094398693e-06
30200.056 1.6897919499101456e-06
30250.056 1.6667462164204824e-06
30300.056 1.6461774661597826e-06
30350.056 1.5818413846002482e-06
30400.056 1.9508893362004026e-06
30450.056 1.5354987560801567e-06
30500.056 1.4389594339702038e-06
30550.056 1.9772389152604158e-06
30600.056 1.8974194596802685e-06
30650.056 1.9336957401500756e-06
30700.056 1.778765748929914e-06
30750.056 1.7229816567200348e-06
30800.056 2.0802886225304635e-06
30850.056 1.780172879289927e-06
30900.056 1.7865037307298584e-06
30950.056 1.7181713169602368e-06
31000.056 2.0414134316399463e-06
31050.056 1.7522026884799765e-06
31100.056 1.8677775345198787e-06
31150.056 2.0055266055896674e-06
31200.056 1.959503706679778e-06
31250.056 2.180934680570381e-06
31300.056 1.932791228329829e-06
31350.056 1.956863628119974e-06
31400.056 1.943530378990476e-06
31450.056 2.00828590575005e-06
31500.056 2.015044454340295e-06
31550.056 1.894558383839982e-06
31600.056 1.9878634184598234e-06
31650.056 2.1308337343199495e-06
31700.056 2.0853405461798883e-06
31750.056 1.8540939297802055e-06
31800.056 2.2040610403401705e-06
31850.056 2.335364524550214e-06
31900.056 2.343322541709825e-06
31950.056 1.7881421071698376e-06
32000.056 1.96019468993043e-06
32050.056 2.313489561030269e-06
32100.056 2.3235510261496784e-06
32150.056 2.3420557114800254e-06
32200.056 2.2472782453099465e-06
32250.056 2.1375442050602084e-06
32300.056 2.3043125724400806e-06
32350.056 2.5089885707203916e-06
32400.056 2.2110375285900426e-06
32450.056 2.2003097575601853e-06
32500.056 2.4077736885202717e-06
32550.056 2.689779158640089e-06
32600.056 2.633625025199817e-06
32650.056 2.5471531411407816e-06
32700.056 2.442988545950217e-06
32750.056 2.526399621610062e-06
32800.056 2.2968006061001253e-06
32850.056 2.777583909859725e-06
32900.056 2.6860451936999814e-06
32950.056 2.2803231039798334e-06
33000.056 2.469966841830284e-06
33050.056 2.5553630369996864e-06
33100.056 2.6273206041192627e-06
33150.056 2.4544314650901157e-06
33200.056 2.1222806948702044e-06
33250.056 2.419615142519915e-06
33300.056 2.5393126405403317e-06
33350.056 2.4583513549800836e-06
33400.056 2.2536419000196574e-06
33450.056 2.4674282830393113e-06
33500.056 2.66543198593031e-06
33550.056 2.4986651467597817e-06
33600.056 2.636934151240622e-06
33650.056 2.7808522285506958e-06
33700.056 2.8331185343796234e-06
33750.056 2.8422060209900675e-06
33800.056 2.6879958836899942e-06
33850.056 2.647819797020208e-06
33900.056 3.0579152596995255e-06
33950.056 2.685493642699667e-06
34000.056 2.71131609055939e-06
34050.056 2.7412019012198856e-06
34100.056 2.9263147498204135e-06
34150.056 2.8587655922995805e-06
34200.056 2.7130508704494787e-06
34250.056 3.066354399899665e-06
34300.056 2.7827068231594674e-06
34350.056 2.8819006666098662e-06
34400.056 2.717118084919681e-06
34450.056 2.685820298480069e-06
34500.056 2.9239845306005606e-06
34550.056 2.7365632483997698e-06
34600.056 2.892731490520047e-06
34650.056 2.9423005555000876e-06
34700.056 2.8680850713393153e-06
34750.056 3.0646302193402386e-06
34800.056 3.113889409599609e-06
34850.056 2.787122219840096e-06
34900.056 2.958912233510193e-06
34950.056 2.9034999519793807e-06
35000.056 2.8186934958796327e-06
35050.056 3.2792446927006214e-06
35100.056 2.9779578041193884e-06
35150.056 3.073969793629918e-06
35200.056 3.0872378504997928e-06
35250.056 2.796961010930148e-06
35300.056 3.0542467537402115e-06
35350.056 3.2093575277997638e-06
35400.056 2.9504129219197324e-06
35450.056 2.901270824420415e-06
35500.056 3.207312894399826e-06
35550.056 3.0407436419998485e-06
35600.056 2.8703593231996004e-06
35650.056 3.315272199300405e-06
35700.056 2.920688123500355e-06
35750.056 3.0908228255496865e-06
35800.056 3.198413593399695e-06
35850.056 3.1645055335998954e-06
35900.056 3.4219037357996003e-06
35950.056 3.1994143276999506e-06
36000.056 2.9378842228996667e-06
36050.056 3.3957344521003535e-06
36100.056 3.468286314599559e-06
36150.056 3.078528002400434e-06
36200.056 3.391945832799577e-06
36250.056 3.109269764579417e-06
36300.056 3.6183234412406255e-06
36350.056 3.3755310829995874e-06
36400.056 3.292428388099976e-06
36450.056 3.6149289780996435e-06
36500.056 3.3350662169002494e-06
36550.056 3.2522949384005782e-06
36600.056 3.3138860897002464e-06
36650.056 3.4381441674003086e-06
36700.056 3.663990041900088e-06
36750.056 3.3259023890002726e-06
36800.056 3.4425523117997374e-06
36850.056 3.487663908800326e-06
36900.056 3.5357221369005368e-06
36950.056 3.511791168999938e-06
37000.056 3.6259990533999985e-06
37050.056 3.67222161909983e-06
37100.056 3.566094781100405e-06
37150.056 3.5678909316993117e-06
37200.056 3.7019453525000445e-06
37250.056 3.729116547000203e-06
37300.056 3.7759805538006846e-06
37350.056 3.4962972426004865e-06
37400.056 3.6917467303997158e-06
37450.056 3.649371037100283e-06
37500.056 3.765952909099687e-06
37550.056 3.6669050466993547e-06
37600.056 3.8717708367995386e-06
37650.056 3.612050754499701e-06
37700.056 3.716730116000045e-06
37750.056 3.894761429099574e-06
37800.056 3.9603575429998484e-06
37850.056 3.7697937829998275e-06
37900.056 3.860130689100311e-06
37950.056 3.911397481700123e-06
38000.056 3.840581559100508e-06
38050.056 3.866814598700285e-06
38100.056 3.709656580100268e-06
38150.056 4.033030474199538e-06
38200.056 4.088394719199477e-06
38250.056 3.7504031304005465e-06
38300.056 3.707045859199935e-06
38350.056 3.854841957699869e-06
38400.056 3.949279166099773e-06
38450.056 4.053130798000339e-06
38500.056 3.887351286399819e-06
38550.056 3.9084090576002066e-06
38600.056 4.3006806253997975e-06
38650.056 3.7596008332001292e-06
38700.056 3.828139115600681e-06
38750.056 4.01875714959995e-06
38800.056 3.967596282100492e-06
38850.056 3.9234682939002815e-06
38900.056 3.7964429089998644e-06
38950.056 4.051622696399695e-06
39000.056 3.907628526800114e-06
39050.056 4.004338494799901e-06
39100.056 3.7562541068000126e-06
39150.056 3.9048051549001505e-06
39200.056 4.036302950100144e-06
39250.056 4.003814754899337e-06
39300.056 3.990950563499251e-06
39350.056 3.986587324300416e-06
39400.056 3.905536730600111e-06
39450.056 3.938012991599802e-06
39500.056 3.852345977399678e-06
39550.056 3.7876355700993748e-06
39600.056 4.159306294300108e-06
39650.056 3.6960470285000795e-06
39700.056 3.863056237699825e-06
39750.056 3.864452642699539e-06
39800.056 3.6322614945002105e-06
39850.056 3.783740277499716e-06
39900.056 3.7117806031999085e-06
39950.056 3.90691194579983e-06
40000.056 3.545419667399785e-06
40050.056 3.405667114699951e-06
40100.056 3.668535038199843e-06
40150.056 3.4259361425993704e-06
40200.056 3.5692849597997114e-06
40250.056 3.49846935009901e-06
40300.056 3.2657882924002383e-06
40350.056 3.519219456400394e-06
40400.056 3.5400857229999337e-06
40450.056 3.302351808700477e-06
40500.056 3.0732349910002165e-06
40550.056 3.5802843136996865e-06
40600.056 3.110847440800345e-06
40650.056 3.279808401800531e-06
40700.056 3.4733375804002144e-06
40750.056 3.040300781598996e-06
40800.056 3.0141897904403363e-06
40850.056 2.868023232360684e-06
40900.056 2.8668445657004272e-06
40950.056 3.0529112254199348e-06
41000.056 3.1320638562001156e-06
41050.056 3.0701176697994124e-06
41100.056 2.8899425932001813e-06
41150.056 3.108609647600107e-06
41200.056 2.903300701400022e-06
41250.056 2.9854921000002615e-06
41300.056 2.5793501869995884e-06
41350.056 3.047308433700145e-06
41400.056 2.839509332200164e-06
41450.056 2.7843848616801806e-06
41500.056 3.00256384756018e-06
41550.056 2.8833016215300697e-06
41600.056 2.966146465800045e-06
41650.056 2.661174517100473e-06
41700.056 2.5325060467596814e-06
41750.056 2.617231401479807e-06
41800.056 2.6015779882796077e-06
41850.056 2.3485215108404633e-06
41900.056 2.6876814994798514e-06
41950.056 2.2168314685506374e-06
42000.056 2.400038420310147e-06
42050.056 2.147333532469329e-06
42100.056 2.445782067990324e-06
42150.056 1.824719401319239e-06
42200.056 2.0173030184600387e-06
42250.056 2.1562427740299745e-06
42300.056 1.7327961310599979e-06
42350.056 2.100134732290626e-06
42400.056 1.7703138060704652e-06
42450.056 1.512731227990312e-06
42500.056 1.625074847110324e-06
42550.056 1.6402888031201213e-06
42600.056 1.645551054740463e-06
42650.056 1.3667137788289714e-06
42700.056 1.6558978883306745e-06
42750.056 1.505976183639935e-06
42800.056 1.4514347923105748e-06
42850.056 1.4989983644696528e-06
42900.056 1.4770918530600485e-06
42950.056 1.3839369149092461e-06
43000.056 1.402447556460051e-06
43050.056 1.3541184930207226e-06
43100.056 1.493581012480265e-06
43150.056 1.4552761481002863e-06
43200.056 1.4808652250302326e-06
43250.056 1.4109746235298471e-06
43300.056 1.4788885362202121e-06
43350.056 1.3431457125199064e-06
43400.056 1.4122943581299758e-06
43450.056 1.4225802074905511e-06
43500.056 1.3618034951698088e-06
43550.056 1.4502677388600446e-06
43600.056 1.4408148303802041e-06
43650.056 1.2687172279401938e-06
43700.056 1.2543964517895429e-06
43750.056 1.3088048284502774e-06
43800.056 1.1802509185302979e-06
43850.056 1.2537069542403424e-06
43900.056 1.3240105590299187e-06
43950.056 1.232228489620418e-06
44000.056 1.1828330102602725e-06
44050.056 1.1937118806401725e-06
44100.056 1.2215746195502606e-06
44150.056 1.268998635369656e-06
44200.056 1.1850977958098917e-06
44250.056 1.2026270385500676e-06
44300.056 1.1843277827201381e-06
44350.056 1.134370977120021e-06
44400.056 1.2089060490699376e-06
44450.056 1.2473625003200294e-06
44500.056 1.272096588660064e-06
44550.056 1.126780709049719e-06
44600.056 1.1966776397901214e-06
44650.056 1.242102037210154e-06
44700.056 1.182923055820077e-06
44750.056 1.2225643949498356e-06
44800.056 1.2846165966299556e-06
44850.056 1.249221253580131e-06
44900.056 1.1907310115801865e-06
44950.056 1.10903867903997e-06
45000.056 1.2399514674399131e-06
45050.056 1.2238419686198697e-06
45100.056 1.2870123698699465e-06
45150.056 1.2000582514999305e-06
45200.056 1.1052871941800133e-06
45250.056 1.1483448621198774e-06
45300.056 1.2532767589700728e-06
45350.056 1.3024662561599004e-06
45400.056 1.224773296160181e-06
45450.056 1.118953383919826e-06
45500.056 1.1649875676699429e-06
45550.056 1.2970525395099375e-06
45600.056 1.189288182859958e-06
45650.056 1.0805936870997798e-06
45700.056 1.2818685071901013e-06
45750.056 1.1632858123399873e-06
45800.056 1.1393943995399665e-06
45850.056 1.3683397737499685e-06
45900.056 1.365645269870073e-06
45950.056 1.1752097282099868e-06
46000.056 1.4140633847700115e-06
46050.056 1.4051082706502918e-06
46100.056 1.1436013516401236e-06
46150.056 1.2407451975799395e-06
46200.056 1.3581166286903074e-06
46250.056 1.1048990833999787e-06
46300.056 1.4685859500899459e-06
46350.056 1.2053854859298648e-06
46400.056 1.256990378969846e-06
46450.056 1.2921718556302363e-06
46500.056 1.1785693114499058e-06
46550.056 1.4526100892699862e-06
46600.056 1.3316903130600237e-06
46650.056 1.717802204149877e-06
46700.056 1.5969713830604675e-06
46750.056 1.2518130353798945e-06
46800.056 1.3900787040802245e-06
46850.056 1.4929095368901503e-06
46900.056 1.3936574168097358e-06
46950.056 1.5900321676300692e-06
47000.056 1.3324842376599929e-06
47050.056 1.5660492856297706e-06
47100.056 1.229674451040104e-06
47150.056 1.3867609145502285e-06
47200.056 1.460234593970411e-06
47250.056 1.3021694479897546e-06
47300.056 1.3900551987496542e-06
47350.056 1.1441548723297624e-06
47400.056 1.4550973570196663e-06
47450.056 1.3092241434698857e-06
47500.056 1.4196311263697398e-06
47550.056 1.2881349099198489e-06
47600.056 1.4789259927798819e-06
47650.056 1.046519353829703e-06
47700.056 1.5079383085300457e-06
47750.056 1.0048199777602697e-06
47800.056 1.4626177912398459e-06
47850.056 1.0953662029098014e-06
47900.056 1.4840826289400886e-06
47950.056 1.0685208830302326e-06
48000.056 1.6629236687999905e-06
48050.056 1.1961718329402235e-06
48100.056 1.341448951079952e-06
48150.056 1.2009145263401716e-06
48200.056 1.4873240804902193e-06
48250.056 1.2024913389899298e-06
48300.056 1.6268324238497494e-06
48350.056 1.0641391046398515e-06
48400.056 1.4649008994999806e-06
48450.056 1.1613466459400468e-06
48500.056 1.6448358574600355e-06
48550.056 1.088094803230047e-06
48600.056 1.515279790139851e-06
48650.056 1.1254743087399737e-06
48700.056 1.4676888819001056e-06
48750.056 1.0030737148101247e-06
48800.056 1.6567168522101092e-06
48850.056 1.1095704308297747e-06
48900.056 1.4989725919201333e-06
48950.056 1.322678154720028e-06
49000.056 1.3268893162198692e-06
49050.056 1.4069511358599158e-06
49100.056 1.2831531383201557e-06
49150.056 1.3571575049300211e-06
49200.056 1.2890497494299444e-06
49250.056 1.3412466522300044e-06
49300.056 1.1636041209098458e-06
49350.056 1.2606838452399625e-06
49400.056 1.5010916038101267e-06
49450.056 1.254179150460303e-06
49500.056 1.329890656510121e-06
49550.056 1.1494936051899719e-06
49600.056 1.2699456563602962e-06
49650.056 1.3293678691400806e-06
49700.056 1.1229566540999045e-06
49750.056 1.7530126824797436e-06
49800.056 1.2753425331200734e-06
49850.056 1.6507417310800522e-06
49900.056 1.2833074242001072e-06
49950.056 1.3731500255796265e-06
50000.056 1.3428205586496716e-06
50050.056 1.349804811710114e-06
50100.056 1.4682577450698952e-06
50150.056 1.2300455400500362e-06
50200.056 1.147386117990153e-06
50250.056 1.338010061990105e-06
50300.056 1.2292660734998984e-06
50350.056 1.4758078640199816e-06
50400.056 1.2838260442099752e-06
50450.056 1.2798436842401902e-06
50500.056 1.6757062375302665e-06
50550.056 1.325547247209921e-06
50600.056 1.4561819119200432e-06
50650.056 1.3474835088903317e-06
50700.056 1.5067930651795674e-06
50750.056 1.5442498117902203e-06
50800.056 1.1273180188798785e-06
50850.056 1.3707880540102344e-06
50900.056 1.4450056858199464e-06
50950.056 1.4769294419802515e-06
51000.056 1.718487432210168e-06
51050.056 1.2785125820601904e-06
51100.056 1.2610424657199065e-06
51150.056 1.4694840897499192e-06
51200.056 1.3634293750699358e-06
51250.056 1.5484126739499752e-06
51300.056 1.254526205030409e-06
51350.056 1.4543049063197594e-06
51400.056 1.3684444197996292e-06
51450.056 9.847207241898394e-07
51500.056 1.3909172822800032e-06
51550.056 1.751207523200172e-06
51600.056 1.136812400600024e-06
51650.056 1.4029189519197594e-06
51700.056 1.288092059209582e-06
51750.056 1.2408166546200888e-06
51800.056 1.5125669258297697e-06
51850.056 1.4808669255998097e-06
51900.056 1.5648655904202625e-06
51950.056 1.4205555459898512e-06
52000.056 1.212328486369951e-06
52050.056 1.438973837519886e-06
52100.056 1.3456145736397345e-06
52150.056 1.3643889259401206e-06
52200.056 1.3161453909100809e-06
52250.056 1.354048582099986e-06
52300.056 1.4719663337599774e-06
52350.056 1.6114946929302056e-06
52400.056 1.1533683061401501e-06
52450.056 1.3634946745499767e-06
52500.056 1.5329183202996704e-06
52550.056 1.3992327344695729e-06
52600.056 1.453620511260175e-06
52650.056 1.6499006157402522e-06
52700.056 1.378468075280039e-06
52750.056 1.1282135794998613e-06
52800.056 1.2818831576501263e-06
52850.056 1.2073429974598733e-06
52900.056 1.3835632073300913e-06
52950.056 1.3411606324797903e-06
53000.056 1.5322181191698582e-06
53050.056 1.359223108269722e-06
53100.056 1.277930590469714e-06
53150.056 1.5930722059403007e-06
53200.056 1.096106656420204e-06
53250.056 1.5790060704699341e-06
