galfind/configs/Brown_Dwarf_templates/sonora_bobcat/m+0.5/316g/sp_t1000g316nc_m+0.5_resample.dat
# %ECSV 1.0
# ---
# datatype:
# - {name: wav, unit: Angstrom, datatype: float64}
# - {name: flux_nu, unit: erg / (cm2 Hz s), datatype: float64}
# meta: {C/O: '1.00', Kzz: '1.0000E+05', Teff: '1000.', Y: '0.28', '[Fe/H]': '0.50', f_hole: '1.00', f_rain: '0.00', grav: '316.'}
# schema: astropy-2.0
wav flux_nu
[from data line 498]
28900.056 7.454438054009688e-08
28950.056 1.5266242951618705e-07
29000.056 1.2072569042114534e-07
29050.056 1.304947212940344e-07
29100.056 9.58467921093179e-08
29150.056 1.6201184054579315e-07
29200.056 1.173900188018798e-07
29250.056 1.6053374215515882e-07
29300.056 1.0214189439317662e-07
29350.056 2.247363383141613e-07
29400.056 1.3423938453720056e-07
29450.056 1.4885148301149706e-07
29500.056 1.5926590920742117e-07
29550.056 1.4652059087603336e-07
29600.056 1.6911950932862828e-07
29650.056 1.6362801184347922e-07
29700.056 1.2803450189144197e-07
29750.056 1.6977260665223845e-07
29800.056 1.8010523179599736e-07
29850.056 1.8355106071896054e-07
29900.056 1.713368207088071e-07
29950.056 1.817923130226387e-07
30000.056 1.4241564898844083e-07
30050.056 1.4132937647299256e-07
30100.056 1.3680348454235093e-07
30150.056 1.9531380215098401e-07
30200.056 1.4747397955059425e-07
30250.056 1.990450305740444e-07
30300.056 1.6598218285001086e-07
30350.056 1.4729687982060796e-07
30400.056 1.7484191786939842e-07
30450.056 1.3243633959822278e-07
30500.056 1.0743212424400664e-07
30550.056 1.1422397865080154e-07
30600.056 1.277277255579916e-07
30650.056 1.0777270576427453e-07
30700.056 1.0596500098578282e-07
30750.056 9.941730893948408e-08
30800.056 8.740344728751842e-08
30850.056 7.900386697416657e-08
30900.056 7.817431952918414e-08
30950.056 6.808832834001936e-08
31000.056 6.161918032880286e-08
31050.056 6.583526481400526e-08
31100.056 5.04380922821949e-08
31150.056 5.7479548398796066e-08
31200.056 6.289583491901122e-08
31250.056 4.583010561899112e-08
31300.056 4.605334613359262e-08
31350.056 4.469761993760082e-08
31400.056 3.5635104742901365e-08
31450.056 3.871719581899302e-08
31500.056 3.1797587480490837e-08
31550.056 3.5019773577097e-08
31600.056 2.8555254426649825e-08
31650.056 2.6660221917862543e-08
31700.056 2.6848885624494602e-08
31750.056 2.2765578072729367e-08
31800.056 2.8067325572395527e-08
31850.056 2.3857936213324232e-08
31900.056 2.7540934088199003e-08
31950.056 1.7971118159971338e-08
32000.056 2.3779629641297263e-08
32050.056 2.4774212746500885e-08
32100.056 2.4217299132804546e-08
32150.056 2.548436589449662e-08
32200.056 2.240752094550096e-08
32250.056 2.854604998450428e-08
32300.056 2.1800645153398124e-08
32350.056 3.017811638159597e-08
32400.056 2.1548083853694906e-08
32450.056 2.7969123584790326e-08
32500.056 2.6916161409204634e-08
32550.056 2.5482058581896843e-08
32600.056 3.000878755800065e-08
32650.056 4.001657437089333e-08
32700.056 3.5274066008606956e-08
32750.056 3.982288486850517e-08
32800.056 3.780931611490487e-08
32850.056 4.1384914319194336e-08
32900.056 4.663251484799438e-08
32950.056 4.7920746969495695e-08
33000.056 4.0433192954386926e-08
33050.056 3.749834327821903e-08
33100.056 2.15915337967961e-08
33150.056 9.704067258500701e-09
33200.056 7.980558012998225e-09
33250.056 4.919757242498606e-09
33300.056 5.5210452279012345e-09
33350.056 8.484397718300343e-09
33400.056 1.1575223046896103e-08
33450.056 1.603342743669911e-08
33500.056 2.3498541308410817e-08
33550.056 2.308949138310873e-08
33600.056 3.3339778275195705e-08
33650.056 3.459704243579596e-08
33700.056 3.049909961659414e-08
33750.056 4.137541951870709e-08
33800.056 3.659836375540436e-08
33850.056 4.097870506899515e-08
33900.056 3.363003640529905e-08
33950.056 3.424798743829565e-08
34000.056 4.208705221541322e-08
34050.056 2.7279339595089566e-08
34100.056 4.20362216587973e-08
34150.056 3.530068906399715e-08
34200.056 3.442712911328619e-08
34250.056 3.637390061078099e-08
34300.056 3.2919587563383315e-08
34350.056 2.8964229491299852e-08
34400.056 2.7570672745795987e-08
34450.056 3.556335752509077e-08
34500.056 3.343189027450239e-08
34550.056 2.8675310086002213e-08
34600.056 4.171424111119739e-08
34650.056 3.2414873904499916e-08
34700.056 3.630741493519734e-08
34750.056 3.691758146308883e-08
34800.056 3.417711076159112e-08
34850.056 3.632131120871091e-08
34900.056 4.0364265551186426e-08
34950.056 4.1028741003991646e-08
35000.056 5.552735095651444e-08
35050.056 3.818055387099644e-08
35100.056 4.5808521607002954e-08
35150.056 4.490920205060701e-08
35200.056 4.846253958939593e-08
35250.056 5.916160171498392e-08
35300.056 5.0001564019610705e-08
35350.056 4.851724632738427e-08
35400.056 5.3919750271005646e-08
35450.056 3.9140273460019414e-08
35500.056 6.743792602100024e-08
35550.056 6.448681824598957e-08
35600.056 5.630698840622393e-08
35650.056 6.338667805489829e-08
35700.056 5.826581656889218e-08
35750.056 7.056138759098947e-08
35800.056 9.12196119268007e-08
35850.056 6.018748738209273e-08
35900.056 7.810585689150231e-08
35950.056 7.341354021298609e-08
36000.056 7.42709644140135e-08
36050.056 7.13459629339793e-08
36100.056 7.571991211995636e-08
36150.056 7.798153191398392e-08
36200.056 8.394763561498057e-08
36250.056 8.018618968257479e-08
36300.056 9.161668871780625e-08
36350.056 8.917389495240622e-08
36400.056 8.809501222159196e-08
36450.056 1.0409745082500484e-07
36500.056 1.0772380483559398e-07
36550.056 1.1017965769152992e-07
36600.056 1.2665788582000106e-07
36650.056 1.2463725938047547e-07
36700.056 1.3179721106458025e-07
36750.056 1.4097160232906329e-07
36800.056 1.4043819708499852e-07
36850.056 1.3637989416776728e-07
36900.056 1.4275045887538155e-07
36950.056 1.6194881494497945e-07
37000.056 1.5620363633199042e-07
37050.056 1.5460829185598733e-07
37100.056 1.7167112294849042e-07
37150.056 1.4932971619000238e-07
37200.056 1.7245107392698827e-07
37250.056 1.7691328720196815e-07
37300.056 1.5856667496533343e-07
37350.056 1.6236046564403269e-07
37400.056 2.2448685644399474e-07
37450.056 1.854144624998051e-07
37500.056 1.8311477230187654e-07
37550.056 2.1310052415211213e-07
37600.056 2.2955389446001526e-07
37650.056 1.8630169190499815e-07
37700.056 2.4709549503502396e-07
37750.056 1.9834605726500124e-07
37800.056 2.1052674606012904e-07
37850.056 1.7596124626501248e-07
37900.056 1.894096659770754e-07
37950.056 2.1356282755595235e-07
38000.056 2.56362173742005e-07
38050.056 2.534086476390516e-07
38100.056 2.393852008780469e-07
38150.056 2.766875085139817e-07
38200.056 2.8930760350606743e-07
38250.056 2.7659855616300967e-07
38300.056 3.3395035647195973e-07
38350.056 3.4514655545403675e-07
38400.056 2.5525939408592567e-07
38450.056 2.747344883959491e-07
38500.056 2.1538775785704336e-07
38550.056 2.958479867200538e-07
38600.056 3.0246775700600795e-07
38650.056 3.004927577899645e-07
38700.056 3.198535898869834e-07
38750.056 3.44039163099004e-07
38800.056 2.9382314648281915e-07
38850.056 3.021566292750314e-07
38900.056 3.715209486880369e-07
38950.056 3.2937895548097365e-07
39000.056 3.599467619909854e-07
39050.056 3.347904160299779e-07
39100.056 3.533212253170416e-07
39150.056 3.5946515578999897e-07
39200.056 3.680877648779758e-07
39250.056 4.0540542777692356e-07
39300.056 3.584845225108547e-07
39350.056 4.3128355308602187e-07
39400.056 4.021872749310721e-07
39450.056 4.062396049169894e-07
39500.056 3.8764501069605585e-07
39550.056 4.117874345590615e-07
39600.056 4.349394910828657e-07
39650.056 4.6114634332999423e-07
39700.056 4.4478722517003026e-07
39750.056 3.9527275112108833e-07
39800.056 4.445486394498737e-07
39850.056 5.012201947199933e-07
39900.056 4.881550155100287e-07
39950.056 4.749636951658852e-07
40000.056 5.515756994401013e-07
40050.056 5.008668948700207e-07
40100.056 4.656411019920152e-07
40150.056 5.315603968219461e-07
40200.056 5.436550934798351e-07
40250.056 5.069256050398645e-07
40300.056 5.103490109550752e-07
40350.056 5.403426064080056e-07
40400.056 5.940854002479685e-07
40450.056 5.607240141981094e-07
40500.056 5.658401081000317e-07
40550.056 5.924625766779158e-07
40600.056 5.591842417200719e-07
40650.056 5.46370124158886e-07
40700.056 6.741083278049897e-07
40750.056 5.743395633898819e-07
40800.056 5.065389199968083e-07
40850.056 6.421989809901381e-07
40900.056 6.143973656020457e-07
40950.056 5.781077250360276e-07
41000.056 6.089427945800346e-07
41050.056 6.787083022399414e-07
41100.056 5.827278846299907e-07
41150.056 5.134566723039358e-07
41200.056 6.502646550699581e-07
41250.056 5.890385088299703e-07
41300.056 5.329422266798643e-07
41350.056 6.848102021400855e-07
41400.056 6.297562653900972e-07
41450.056 6.437239956901278e-07
41500.056 5.713004514649886e-07
41550.056 5.724184985620831e-07
41600.056 6.645499841450671e-07
41650.056 6.389601249500532e-07
41700.056 5.773495211698277e-07
41750.056 5.800663398699788e-07
41800.056 6.088079190199771e-07
41850.056 4.6191034804101845e-07
41900.056 5.278297657779431e-07
41950.056 4.78631076990103e-07
42000.056 4.7345168622005336e-07
42050.056 4.2816322729996814e-07
42100.056 5.248041789000409e-07
42150.056 4.082607659899365e-07
42200.056 4.035704097629944e-07
42250.056 4.041359538999228e-07
42300.056 3.759485853260085e-07
42350.056 4.426044697200806e-07
42400.056 3.9714288173009035e-07
42450.056 3.786693977600098e-07
42500.056 3.8228431373498794e-07
42550.056 3.778033389779541e-07
42600.056 3.6960081804507335e-07
42650.056 3.898271858199122e-07
42700.056 3.837472024220531e-07
42750.056 3.6333929687997105e-07
42800.056 3.714434349500799e-07
42850.056 4.208137717498748e-07
42900.056 4.2103620866007025e-07
42950.056 3.834634240498519e-07
43000.056 4.0851690708798757e-07
43050.056 3.3134593118614975e-07
43100.056 3.911472010799951e-07
43150.056 3.8125867289006134e-07
43200.056 4.206758322100343e-07
43250.056 4.300610090899594e-07
43300.056 4.384189242800025e-07
43350.056 3.711348169989321e-07
43400.056 3.9975189472897715e-07
43450.056 3.8281731245806163e-07
43500.056 3.7122905344197785e-07
43550.056 3.8567907525004924e-07
43600.056 4.4304306997202356e-07
43650.056 3.882342984970159e-07
43700.056 4.2497706323997023e-07
43750.056 4.157787636810979e-07
43800.056 3.937442147119637e-07
43850.056 3.923886514100739e-07
43900.056 4.136387011199436e-07
43950.056 3.514170287810053e-07
44000.056 3.3678200444002567e-07
44050.056 4.205377766500352e-07
44100.056 4.5617455346002686e-07
44150.056 4.357400990589151e-07
44200.056 4.241716478229944e-07
44250.056 3.8778507056001003e-07
44300.056 3.646785430170673e-07
44350.056 3.7567561048506824e-07
44400.056 3.939637124629914e-07
44450.056 4.1545534979498325e-07
44500.056 4.3162578315008467e-07
44550.056 4.553011781599395e-07
44600.056 4.071275306520494e-07
44650.056 4.4057911789207235e-07
44700.056 3.6761535080000443e-07
44750.056 4.2980799583900566e-07
44800.056 4.133182720580227e-07
44850.056 4.2749697761007895e-07
44900.056 3.8220103360403853e-07
44950.056 4.039814072500252e-07
45000.056 4.236455873699689e-07
45050.056 4.231194299129971e-07
45100.056 4.2703241493799444e-07
45150.056 4.152686741409743e-07
45200.056 3.710643369460284e-07
45250.056 3.9577814187990883e-07
45300.056 3.847550359240408e-07
45350.056 3.903444636799507e-07
45400.056 4.391364729400347e-07
45450.056 4.052972517999491e-07
45500.056 4.1499042741598836e-07
45550.056 4.549874346299179e-07
45600.056 4.403981415100185e-07
45650.056 3.7460852603393155e-07
45700.056 4.0233835516805123e-07
45750.056 3.739117393399882e-07
45800.056 4.2771956291999787e-07
45850.056 4.685392759399898e-07
45900.056 4.742699070300172e-07
45950.056 4.063786827790048e-07
46000.056 4.607790343800211e-07
46050.056 4.3138518677303335e-07
46100.056 4.3419097213999764e-07
46150.056 4.1432608102497805e-07
46200.056 4.173681452500723e-07
46250.056 3.470695953399595e-07
46300.056 4.481014055079803e-07
46350.056 4.130604238200069e-07
46400.056 4.178451564900028e-07
46450.056 4.1599101279804477e-07
46500.056 3.978789984380454e-07
46550.056 4.1768348093898726e-07
46600.056 4.3189912331800136e-07
46650.056 5.472945839999398e-07
46700.056 4.7461852161007265e-07
46750.056 3.677008997920053e-07
46800.056 3.512274443130358e-07
46850.056 5.100770036200847e-07
46900.056 4.7190181241993855e-07
46950.056 4.965964818500108e-07
47000.056 4.2921933518001356e-07
47050.056 4.679073799598613e-07
47100.056 3.567337238680556e-07
47150.056 4.0380575196303523e-07
47200.056 4.638861942100389e-07
47250.056 3.919409624299873e-07
47300.056 3.459583330179689e-07
47350.056 4.355634673999603e-07
47400.056 4.685916548699426e-07
47450.056 4.2375054119602155e-07
47500.056 4.844000208869366e-07
47550.056 4.2754047544998705e-07
47600.056 4.492747786699566e-07
47650.056 3.7550977486491835e-07
47700.056 4.5279869173010147e-07
47750.056 3.234690577920208e-07
47800.056 4.1003430066199564e-07
47850.056 3.153359665999842e-07
47900.056 3.932423121839599e-07
47950.056 3.7359703810402815e-07
48000.056 5.086803392600502e-07
48050.056 4.4658514937002503e-07
48100.056 3.7902018388200973e-07
48150.056 4.0622801569004074e-07
48200.056 4.205334536240191e-07
48250.056 3.876864130600065e-07
48300.056 4.856999537598637e-07
48350.056 3.466870915700249e-07
48400.056 3.194835638529665e-07
48450.056 3.820360722630855e-07
48500.056 4.83904239979959e-07
48550.056 3.68071704291999e-07
48600.056 4.3803262484000146e-07
48650.056 4.0557013995997407e-07
48700.056 4.2736011749200754e-07
48750.056 3.102593607621062e-07
48800.056 5.147658270110015e-07
48850.056 3.480986138599237e-07
48900.056 4.812973343800078e-07
48950.056 4.0821872658004093e-07
49000.056 3.013210249259339e-07
49050.056 4.4353759908997897e-07
49100.056 4.2939943246206756e-07
49150.056 4.187654376770126e-07
49200.056 4.453237866000298e-07
49250.056 4.5841496592005116e-07
49300.056 3.978951012199947e-07
49350.056 3.2913388618004384e-07
49400.056 4.138528236099759e-07
49450.056 3.960133188161216e-07
49500.056 3.6020069597996835e-07
49550.056 2.6525456039602146e-07
49600.056 3.5696720100407556e-07
49650.056 3.8837444960597914e-07
49700.056 3.573927928899109e-07
49750.056 4.602701637499044e-07
49800.056 3.730762852680201e-07
49850.056 5.013241151600975e-07
49900.056 4.0218111600799503e-07
49950.056 4.0589142506996897e-07
50000.056 3.933559591499652e-07
50050.056 4.3774196580000174e-07
50100.056 4.051781331530112e-07
50150.056 3.0308690976997937e-07
50200.056 2.0212643211901657e-07
50250.056 4.0122512292995825e-07
50300.056 3.39465312854013e-07
50350.056 4.71371589733028e-07
50400.056 3.9660358681996906e-07
50450.056 3.48158061066056e-07
50500.056 4.336679952800539e-07
50550.056 3.8776514785002266e-07
50600.056 3.7506345548192825e-07
50650.056 4.2829909634008806e-07
50700.056 4.644375319998526e-07
50750.056 4.2149448195207446e-07
50800.056 2.7781529380896756e-07
50850.056 2.9303803265708215e-07
50900.056 4.6374589538999657e-07
50950.056 3.858159573300741e-07
51000.056 4.4392282818004046e-07
51050.056 3.7526103644000644e-07
51100.056 2.639343474179648e-07
51150.056 3.5353749801695734e-07
51200.056 4.785795253199746e-07
51250.056 3.763195085909215e-07
51300.056 3.1343005848615056e-07
51350.056 3.405746374839822e-07
51400.056 2.378753425319853e-07
51450.056 2.065521738619475e-07
51500.056 2.421456081640711e-07
51550.056 4.3617885784403785e-07
51600.056 3.160361694090419e-07
51650.056 3.2683892624994137e-07
51700.056 3.480426011019246e-07
51750.056 2.683367008620246e-07
51800.056 3.826678249098956e-07
51850.056 3.6306782308998817e-07
51900.056 4.6809146465410824e-07
51950.056 3.856400776099599e-07
52000.056 1.978587676969766e-07
52050.056 3.2482416379702516e-07
52100.056 2.537649055999704e-07
52150.056 2.3850715142801334e-07
52200.056 2.451270226029864e-07
52250.056 2.9804997534103104e-07
52300.056 4.1922484745996004e-07
52350.056 3.353748237220184e-07
52400.056 2.3596224062901734e-07
52450.056 3.547946917400227e-07
52500.056 3.647873200139131e-07
52550.056 3.822215164699075e-07
52600.056 3.238462688480636e-07
52650.056 3.3995365620407427e-07
52700.056 3.0753658417600154e-07
52750.056 2.2507212179698458e-07
52800.056 2.736066495360327e-07
52850.056 2.8044343384091906e-07
52900.056 2.746908514460151e-07
52950.056 2.8804552615198816e-07
53000.056 3.687011167489952e-07
53050.056 2.2717721109791155e-07
53100.056 2.794660116859414e-07
53150.056 4.117488468000295e-07
53200.056 2.1862217153798834e-07
53250.056 3.8243075574003204e-07
53300.056 3.700194790531963e-07
53350.056 3.687871220799731e-07
53400.056 3.7016405760002827e-07
53450.056 2.2868869806100578e-07
53500.056 1.581816478229547e-07
