galfind/configs/Brown_Dwarf_templates/sonora_bobcat/m+0.5/316g/sp_t500g316nc_m+0.5_resample.dat
# %ECSV 1.0
# ---
# datatype:
# - {name: wav, unit: Angstrom, datatype: float64}
# - {name: flux_nu, unit: erg / (cm2 Hz s), datatype: float64}
# meta: {C/O: '1.00', Kzz: '1.0000E+05', Teff: '500.', Y: '0.28', '[Fe/H]': '0.50', f_hole: '1.00', f_rain: '0.00', grav: '316.'}
# schema: astropy-2.0
wav flux_nu
[from data line 498]
28900.056 3.970200810373593e-10
28950.056 6.698087602420272e-10
29000.056 4.825906233426744e-10
29050.056 7.012501922111175e-10
29100.056 3.955935398966884e-10
29150.056 5.678132332089915e-10
29200.056 7.704652324418167e-10
29250.056 1.135101409594126e-09
29300.056 5.070392020381796e-10
29350.056 1.602871580015129e-09
29400.056 6.617838171921028e-10
29450.056 5.812467444275076e-10
29500.056 1.30060960258892e-09
29550.056 5.796581640274991e-10
29600.056 8.358847361909253e-10
29650.056 1.8385555909048174e-09
29700.056 5.493313293240538e-10
29750.056 1.3527966477687019e-09
29800.056 1.2112785569706055e-09
29850.056 1.5810169835229382e-09
29900.056 1.0123285046102503e-09
29950.056 1.155619415686001e-09
30000.056 3.19903475980507e-11
30050.056 1.3344252397382135e-10
30100.056 4.299189749485058e-10
30150.056 1.351797261728903e-09
30200.056 9.80908757828647e-10
30250.056 2.1226645945529553e-09
30300.056 2.681442787568103e-09
30350.056 9.036213879284232e-10
30400.056 2.63066823074598e-09
30450.056 1.5713650911257374e-09
30500.056 1.45722946910009e-09
30550.056 1.1783378661249174e-09
30600.056 4.002886662751167e-09
30650.056 1.963736439356164e-09
30700.056 1.4353025107332127e-09
30750.056 2.622337753836447e-09
30800.056 1.8062946891631887e-09
30850.056 2.0549856077267495e-09
30900.056 1.1512288941568245e-09
30950.056 1.2127653294929278e-09
31000.056 1.2645708735545287e-09
31050.056 1.0950119712591641e-09
31100.056 6.604584903222763e-10
31150.056 1.230584231144527e-09
31200.056 2.3415244883185374e-09
31250.056 1.3988574688334441e-09
31300.056 9.45094202686998e-10
31350.056 1.603241132523549e-09
31400.056 1.1138101707626297e-09
31450.056 1.202396841374789e-09
31500.056 5.128500572950077e-10
31550.056 8.084111488118638e-10
31600.056 5.295775347485677e-10
31650.056 5.03618503659755e-10
31700.056 5.120117200595865e-10
31750.056 2.563568146204557e-10
31800.056 5.306715181751593e-10
31850.056 1.232185216375511e-10
31900.056 2.721276514545952e-10
31950.056 1.6288136922017774e-10
32000.056 1.5783349661868288e-10
32050.056 2.2523623993774684e-10
32100.056 1.933570417473665e-10
32150.056 2.3464602274707096e-10
32200.056 1.1692652598024993e-10
32250.056 3.0995568894527913e-10
32300.056 1.0287613218596756e-10
32350.056 2.8952513913266183e-10
32400.056 6.885638630746739e-11
32450.056 2.390744848432465e-10
32500.056 8.937181868944864e-11
32550.056 1.8314521005991367e-10
32600.056 1.1662460407024875e-10
32650.056 4.6388434212029935e-10
32700.056 1.7112918311764556e-10
32750.056 7.67276438643508e-10
32800.056 4.990528766914461e-10
32850.056 1.1352214712828379e-09
32900.056 1.0203998390011056e-09
32950.056 1.1250061142937205e-09
33000.056 4.991017152345569e-10
33050.056 6.735861924005291e-10
33100.056 1.6436571254829202e-10
33150.056 1.9694975555364286e-13
33200.056 4.494054806750705e-12
33250.056 4.926369295111636e-12
33300.056 2.762429413297264e-11
33350.056 9.320539614285771e-11
33400.056 2.950585728943614e-10
33450.056 2.6141782711878705e-10
33500.056 8.200474005617423e-10
33550.056 2.155358615751651e-10
33600.056 5.802381323546361e-10
33650.056 5.277849044986295e-10
33700.056 2.441580558564884e-10
33750.056 7.709975914078027e-10
33800.056 1.178284489480654e-10
33850.056 4.0980966911899643e-10
33900.056 4.2030108760726043e-10
33950.056 3.2810396786455016e-10
34000.056 7.088325813710652e-10
34050.056 1.324477017508135e-10
34100.056 6.262344150643396e-10
34150.056 2.951951366899803e-10
34200.056 6.818676283759136e-10
34250.056 4.536868483541631e-10
34300.056 4.234645779425139e-10
34350.056 7.213941320698382e-10
34400.056 2.729788465303109e-10
34450.056 7.598315985460468e-10
34500.056 4.4504402070397347e-10
34550.056 2.5317348261217636e-10
34600.056 1.116133865453288e-09
34650.056 2.5942024375776975e-10
34700.056 8.541846961715489e-10
34750.056 5.724581620701169e-10
34800.056 4.865698982467919e-10
34850.056 1.2402048421623783e-09
34900.056 4.703982596042767e-10
34950.056 1.1271571745014057e-09
35000.056 2.1941071489031208e-09
35050.056 9.176680688210973e-10
35100.056 2.0815978027360803e-09
35150.056 1.7261868363765517e-09
35200.056 1.4918068306188421e-09
35250.056 2.658176053882868e-09
35300.056 1.2242567381939153e-09
35350.056 1.5710671446514402e-09
35400.056 1.4418066695810875e-09
35450.056 1.1009989186200387e-09
35500.056 3.6691026941973083e-09
35550.056 2.294473840104941e-09
35600.056 2.3340080605551452e-09
35650.056 2.462416995772059e-09
35700.056 2.510731707056499e-09
35750.056 3.777079719990598e-09
35800.056 3.818513764896793e-09
35850.056 1.5221823778472536e-09
35900.056 2.1467450426455743e-09
35950.056 2.6469034050706315e-09
36000.056 2.953650691122368e-09
36050.056 2.1674394432861976e-09
36100.056 2.054825546602452e-09
36150.056 3.844945536071807e-09
36200.056 4.292668551473106e-09
36250.056 3.099101848043636e-09
36300.056 6.246943704018926e-09
36350.056 3.9052202100073815e-09
36400.056 5.723910300686457e-09
36450.056 5.961005664533948e-09
36500.056 6.7697095452299195e-09
36550.056 8.285914300304561e-09
36600.056 9.193640170576026e-09
36650.056 7.2168421479752475e-09
36700.056 7.63335811985941e-09
36750.056 9.332911302156342e-09
36800.056 1.0560805761178034e-08
36850.056 6.480969085714007e-09
36900.056 1.0303316334940451e-08
36950.056 1.0710927199908936e-08
37000.056 7.776055828780496e-09
37050.056 1.1559459136887149e-08
37100.056 9.162158009860665e-09
37150.056 8.560225298770632e-09
37200.056 1.3158231201755946e-08
37250.056 9.180642705374659e-09
37300.056 7.256177763746555e-09
37350.056 1.1506809300467298e-08
37400.056 1.7265215463839287e-08
37450.056 7.908191521840376e-09
37500.056 1.0230576289938567e-08
37550.056 1.698128568677133e-08
37600.056 2.3575312279658447e-08
37650.056 8.85848659415196e-09
37700.056 1.7113370757679195e-08
37750.056 1.1256701973137699e-08
37800.056 1.1761664284538284e-08
37850.056 6.456377689763694e-09
37900.056 8.573423608686448e-09
37950.056 1.550712423482242e-08
38000.056 1.5231442873536196e-08
38050.056 1.949619951798945e-08
38100.056 2.2697336787236007e-08
38150.056 2.4107888101999288e-08
38200.056 2.2181506739478263e-08
38250.056 2.1944126241748045e-08
38300.056 3.3120477669929096e-08
38350.056 3.242119841809336e-08
38400.056 1.505031889572082e-08
38450.056 9.396750913035513e-09
38500.056 5.861026017485917e-09
38550.056 1.6106733019505618e-08
38600.056 1.6367660926757547e-08
38650.056 1.924370918308594e-08
38700.056 1.6145228360537797e-08
38750.056 1.7347627118383764e-08
38800.056 1.75666075910129e-08
38850.056 1.9381612263285464e-08
38900.056 2.5576484672125556e-08
38950.056 1.6114279145403698e-08
39000.056 2.4555438146254123e-08
39050.056 1.6882540974590625e-08
39100.056 2.2948129104180833e-08
39150.056 2.820908866425477e-08
39200.056 2.1323924098416217e-08
39250.056 3.241304668659085e-08
39300.056 2.2549696870383133e-08
39350.056 3.86662991612598e-08
39400.056 2.3797974004353568e-08
39450.056 3.132808290352241e-08
39500.056 3.272715565570934e-08
39550.056 1.9682053489303085e-08
39600.056 3.2385352599831214e-08
39650.056 3.917812118659283e-08
39700.056 3.6251621770685415e-08
39750.056 2.1480836858076073e-08
39800.056 2.5243938415920128e-08
39850.056 4.575273673400534e-08
39900.056 4.933706569030228e-08
39950.056 2.7005274556415077e-08
40000.056 4.4601545224623815e-08
40050.056 4.3999025811098204e-08
40100.056 2.1282735866447575e-08
40150.056 4.3034265176362274e-08
40200.056 4.526356552202498e-08
40250.056 4.9609129611687856e-08
40300.056 4.7844457481201e-08
40350.056 3.5015053137402574e-08
40400.056 4.977526308837839e-08
40450.056 2.952077294008698e-08
40500.056 5.58814548897965e-08
40550.056 5.851450629191477e-08
40600.056 4.750603892080377e-08
40650.056 3.891994972111455e-08
40700.056 7.284968679179422e-08
40750.056 4.793675747078791e-08
40800.056 3.237120767002356e-08
40850.056 8.163886663232276e-08
40900.056 6.772240550193858e-08
40950.056 5.8354146279110136e-08
41000.056 5.057025755107137e-08
41050.056 8.49732001831753e-08
41100.056 6.920651830859923e-08
41150.056 3.3522025007039034e-08
41200.056 8.438172890830898e-08
41250.056 6.478128087666219e-08
41300.056 6.40666365758336e-08
41350.056 8.565034301799319e-08
41400.056 7.451458748520369e-08
41450.056 9.385319687598155e-08
41500.056 6.224346743257747e-08
41550.056 5.822326626219298e-08
41600.056 6.73857705563981e-08
41650.056 8.138092198670518e-08
41700.056 8.931903877197405e-08
41750.056 7.603289618148681e-08
41800.056 8.699783587702497e-08
41850.056 7.208250132177655e-08
41900.056 7.039624545782113e-08
41950.056 7.503587095690689e-08
42000.056 5.477678597420813e-08
42050.056 5.684767454606839e-08
42100.056 7.589085529084089e-08
42150.056 6.404793375720369e-08
42200.056 6.781913593539673e-08
42250.056 6.070370912120523e-08
42300.056 5.880156497188039e-08
42350.056 8.452941619040848e-08
42400.056 9.225090870401086e-08
42450.056 8.331314092502765e-08
42500.056 8.065286509598965e-08
42550.056 6.972134955298227e-08
42600.056 8.059675813163259e-08
42650.056 1.21918650563959e-07
42700.056 6.62639163804929e-08
42750.056 7.971862335751131e-08
42800.056 1.0727263130901667e-07
42850.056 1.1453375324196383e-07
42900.056 1.2617869313202682e-07
42950.056 9.44494812009841e-08
43000.056 1.0844379621101552e-07
43050.056 5.7821149635610205e-08
43100.056 8.870129548548634e-08
43150.056 7.398803677130971e-08
43200.056 1.1062965694800957e-07
43250.056 1.4758791115001065e-07
43300.056 1.3971713079599958e-07
43350.056 7.401579581587892e-08
43400.056 1.051956903973032e-07
43450.056 7.234113764240748e-08
43500.056 7.450950082391976e-08
43550.056 8.217871016361282e-08
43600.056 1.245881910490163e-07
43650.056 7.981948520820225e-08
43700.056 1.4585126439102993e-07
43750.056 1.2240860459699897e-07
43800.056 1.1247915946769e-07
43850.056 9.85559657360089e-08
43900.056 8.626030030318925e-08
43950.056 5.567960944839416e-08
44000.056 5.4796692844296963e-08
44050.056 1.3087489395500214e-07
44100.056 1.7688309923299722e-07
44150.056 1.5960668996859948e-07
44200.056 1.3697898170199932e-07
44250.056 7.731391988999637e-08
44300.056 6.325526977421124e-08
44350.056 7.234601344030924e-08
44400.056 6.639121211909228e-08
44450.056 1.1620059755499799e-07
44500.056 1.0697083485182144e-07
44550.056 1.5411147358698443e-07
44600.056 1.359282021358002e-07
44650.056 1.1751978361351372e-07
44700.056 7.656560309899604e-08
44750.056 1.2026060421802706e-07
44800.056 8.444263256961019e-08
44850.056 1.1935717480900993e-07
44900.056 9.665806927240377e-08
44950.056 1.1555685800600911e-07
45000.056 1.3279361388100595e-07
45050.056 1.2090545944898464e-07
45100.056 1.1104550396600317e-07
45150.056 1.0372045231928109e-07
45200.056 8.058272639700698e-08
45250.056 9.405229872777388e-08
45300.056 8.145033203931274e-08
45350.056 7.428798530882008e-08
45400.056 1.7076266389802195e-07
45450.056 1.4037347378801336e-07
45500.056 1.6964453812131095e-07
45550.056 1.7820304639394804e-07
45600.056 1.5998251932703128e-07
45650.056 1.273897023158035e-07
45700.056 8.439056923259413e-08
45750.056 7.806884317390375e-08
45800.056 1.8654801565100402e-07
45850.056 1.5284896543598795e-07
45900.056 1.8455733812799143e-07
45950.056 1.4965450907199814e-07
46000.056 1.7404768816151738e-07
46050.056 1.2568355866140826e-07
46100.056 2.0243088317998025e-07
46150.056 1.1761275913800784e-07
46200.056 1.0334775274838598e-07
46250.056 4.501471923563393e-08
46300.056 1.233725590968028e-07
46350.056 1.2907266735101621e-07
46400.056 1.1336578814500215e-07
46450.056 1.0330723165840868e-07
46500.056 1.2095512100492878e-07
46550.056 6.54234029180055e-08
46600.056 9.985463402396498e-08
46650.056 1.57817296197012e-07
46700.056 9.660803561697031e-08
46750.056 5.3764934186109336e-08
46800.056 3.641731518724075e-08
46850.056 1.5298393581402446e-07
46900.056 1.467204130359958e-07
46950.056 1.4348414934898443e-07
47000.056 1.376901191820252e-07
47050.056 1.0212196113551741e-07
47100.056 6.901225137560913e-08
47150.056 1.0867345116501736e-07
47200.056 1.287464192999955e-07
47250.056 7.344992348839038e-08
47300.056 4.854049863334954e-08
47350.056 1.5255093196800001e-07
47400.056 1.2719537708398764e-07
47450.056 1.1040488018851366e-07
47500.056 1.575426826299849e-07
47550.056 1.3383265805400752e-07
47600.056 1.2987842257299165e-07
47650.056 1.3061102939223446e-07
47700.056 1.0031378791335654e-07
47750.056 7.398807056950429e-08
47800.056 6.340737970900797e-08
47850.056 3.390113730958665e-08
47900.056 5.19381869654545e-08
47950.056 1.1193986484200772e-07
48000.056 1.5840938492001422e-07
48050.056 1.3310915695599957e-07
48100.056 5.499618894316644e-08
48150.056 9.975950365000222e-08
48200.056 7.016444815121972e-08
48250.056 8.526565513100224e-08
48300.056 1.4773994246598157e-07
48350.056 8.657482431299492e-08
48400.056 2.5728083032173313e-08
48450.056 5.3788857184233395e-08
48500.056 8.618190437897967e-08
48550.056 9.215214028580851e-08
48600.056 1.0986766202900073e-07
48650.056 1.4408861796298988e-07
48700.056 9.392526295541171e-08
48750.056 6.117882424622733e-08
48800.056 1.2888844386400254e-07
48850.056 6.972222242848783e-08
48900.056 9.938319075851067e-08
48950.056 5.3751994452001585e-08
49000.056 2.7538528358330765e-08
49050.056 8.683085729188713e-08
49100.056 1.1113891580262205e-07
49150.056 8.045602409789751e-08
49200.056 1.2865615332502593e-07
49250.056 1.2887194576201318e-07
49300.056 1.067204324791981e-07
49350.056 4.2911582831220165e-08
49400.056 6.444577062908276e-08
49450.056 6.456595167926789e-08
49500.056 5.0181569612404494e-08
49550.056 1.2520108334970515e-08
49600.056 3.450691593516243e-08
49650.056 7.113415857500055e-08
49700.056 7.630320548437409e-08
49750.056 8.147090427599802e-08
49800.056 5.330985207738516e-08
49850.056 1.0703616807521933e-07
49900.056 8.460336989159122e-08
49950.056 8.477751383600165e-08
50000.056 6.728066416278171e-08
50050.056 8.34810062500014e-08
50100.056 6.421303655399737e-08
50150.056 3.196475554469362e-08
50200.056 6.7362792045668646e-09
50250.056 3.8731030452997946e-08
50300.056 2.560728928185398e-08
50350.056 7.712524331871148e-08
50400.056 7.747248089939062e-08
50450.056 5.767825169240294e-08
50500.056 9.056925073730663e-08
50550.056 7.722546323100603e-08
50600.056 5.723830223398333e-08
50650.056 9.480922213601655e-08
50700.056 9.472284058898328e-08
50750.056 6.12881892954061e-08
50800.056 2.2885913180051828e-08
50850.056 1.3504909598226386e-08
50900.056 7.273832186500218e-08
50950.056 5.977384111599678e-08
51000.056 5.15025967340439e-08
51050.056 7.102832448699028e-08
51100.056 2.6802590848401107e-08
51150.056 3.313960140649202e-08
51200.056 9.309140405199642e-08
51250.056 6.226473911382927e-08
51300.056 4.223775764981692e-08
51350.056 4.233935989982489e-08
51400.056 1.5725217049022435e-08
51450.056 1.226185389963976e-08
51500.056 1.1958456851631069e-08
51550.056 4.3841727102286434e-08
51600.056 3.462435390490886e-08
51650.056 4.3618554949995425e-08
51700.056 4.818761945373951e-08
51750.056 3.0683463231505986e-08
51800.056 5.611023137299015e-08
51850.056 4.574822287489671e-08
51900.056 6.24343283509978e-08
51950.056 3.655799753199568e-08
52000.056 4.3107509884383805e-09
52050.056 2.0153151579502908e-08
52100.056 1.2285098609398266e-08
52150.056 7.332916202015859e-09
52200.056 1.936824695945984e-08
52250.056 2.9474934843808163e-08
52300.056 4.199690585179755e-08
52350.056 1.525463771379647e-08
52400.056 1.5190949782380422e-08
52450.056 4.942516958500438e-08
52500.056 3.937669858887833e-08
52550.056 4.207247020699662e-08
52600.056 3.094516342829919e-08
52650.056 3.672105857890356e-08
52700.056 2.7078058597298655e-08
52750.056 1.1565107075261255e-08
52800.056 2.0223933420502778e-08
52850.056 2.3295883570693002e-08
52900.056 1.166689626834863e-08
52950.056 1.789908495328216e-08
53000.056 2.9761872636606105e-08
53050.056 1.1902952827176408e-08
53100.056 3.4633888457596283e-08
53150.056 3.802804986340311e-08
53200.056 1.6815867047778922e-08
53250.056 3.468971411740217e-08
53300.056 4.254549329629647e-08
53350.056 3.24405467564017e-08
53400.056 2.158885800089535e-08
53450.056 8.295313717347114e-09
53500.056 1.6948426525343577e-09
53550.056 4.512908758410083e-09
