galfind/configs/Brown_Dwarf_templates/sonora_bobcat/m+0.5/316g/sp_t325g316nc_m+0.5_resample.dat
# %ECSV 1.0
# ---
# datatype:
# - {name: wav, unit: Angstrom, datatype: float64}
# - {name: flux_nu, unit: erg / (cm2 Hz s), datatype: float64}
# meta: {C/O: '1.00', Kzz: '1.0000E+05', Teff: '325.', Y: '0.28', '[Fe/H]': '0.50', f_hole: '1.00', f_rain: '0.00', grav: '316.'}
# schema: astropy-2.0
wav flux_nu
4000.0559999999996 nan
4050.0559999999996 3.489222735649077e-18
4100.056 1.0680270556600158e-16
4150.056 5.669286029900046e-16
4200.056 6.207268215690028e-16
4250.056 3.565315609900027e-15
4300.056 7.701076991100035e-15
4350.056 1.3935330367000055e-14
4400.056 2.3536616212000073e-14
4450.056 3.7324661919000077e-14
4500.056 5.791406856600017e-14
4550.056 6.567150795699974e-14
4600.056 2.436884197899995e-14
4650.056 1.8498893312999952e-14
4700.056 1.3651187043999965e-14
4750.056 9.626905901299979e-15
4800.056 7.13128717829998e-15
4850.056 4.9079819205999825e-15
4900.056 3.626286382699992e-15
4950.056 2.8172459341999946e-15
5000.056 1.965126855399992e-15
5050.056 1.401975899380006e-15
5100.056 1.5022218098000145e-15
5150.056 1.7286768272000004e-15
5200.056 1.965487436600006e-15
5250.056 2.1725756950000022e-15
5300.056 2.3990647167000035e-15
5350.056 2.657066900100003e-15
5400.056 2.8725261949000052e-15
5450.056 3.1731634194000203e-15
5500.056 3.543930719600006e-15
5550.056 3.944619657200002e-15
5600.056 4.314367675900005e-15
5650.056 4.626584679299998e-15
5700.056 4.62901686710001e-15
5750.056 4.665522305800002e-15
5800.056 4.229567536999986e-15
5850.056 2.931333691299962e-15
5900.056 8.234222617938668e-16
5950.056 5.154016924700189e-15
6000.056 1.0891463542599909e-14
6050.056 2.0399972433000187e-14
6100.056 3.403059141400032e-14
6150.056 5.2421113471000335e-14
6200.056 7.714532528900042e-14
6250.056 1.0456426881400001e-13
6300.056 1.4633502264699997e-13
6350.056 1.9916824500999996e-13
6400.056 2.652523060300008e-13
6450.056 2.9671617102999505e-13
6500.056 3.888971590630056e-13
6550.056 5.416529138199836e-13
6600.056 7.550703754800202e-13
6650.056 1.0782660970900097e-12
6700.056 1.393403264260007e-12
6750.056 1.9178419919000093e-12
6800.056 2.1836840210000104e-12
6850.056 2.0977445202999962e-12
6900.056 1.4783528882200087e-12
6950.056 9.035557615640144e-13
7000.056 1.0175421674399662e-12
7050.056 9.972341238460042e-13
7100.056 1.113415950439982e-12
7150.056 7.529325273044258e-13
7200.056 4.638915841068649e-13
7250.056 5.461377083718438e-13
7300.056 5.532381564959899e-13
7350.056 7.755234073440314e-13
7400.056 1.0293749104180402e-12
7450.056 1.4960848854800738e-12
7500.056 1.9397747039300044e-12
7550.056 2.332182244700008e-12
7600.056 2.5949514431000014e-12
7650.056 1.5931878000299792e-12
7700.056 1.621990860100025e-12
7750.056 3.3764581810000294e-12
7800.056 3.957682048799989e-12
7850.056 4.3161145488999294e-12
7900.056 5.083507081379942e-12
7950.056 5.96434307209999e-12
8000.056 6.765199190700015e-12
8050.056 7.687646000900108e-12
8100.056 4.705258949470332e-12
8150.056 2.9104882390957694e-12
8200.056 6.770047250921244e-12
8250.056 7.125349468408728e-12
8300.056 7.862184028673524e-12
8350.056 8.565474929383502e-12
8400.056 1.0988341839438241e-11
8450.056 1.763466085859993e-11
8500.056 2.269806047139994e-11
8550.056 3.0076640780000544e-11
8600.056 3.772453825400016e-11
8650.056 4.279666222700022e-11
8700.056 4.107582583300037e-11
8750.056 4.2505710382000165e-11
8800.056 3.8047741909999185e-11
8850.056 2.4694572770998486e-11
8900.056 1.7096953461765875e-12
8950.056 8.072172592090412e-13
9000.056 7.861483013104959e-13
9050.056 4.80679484438268e-12
9100.056 6.2209212011855275e-12
9150.056 8.722026993730114e-12
9200.056 2.241420915311967e-11
9250.056 1.4889014561839366e-11
9300.056 7.703806868725245e-14
9350.056 1.1225268772573338e-13
9400.056 1.2853459759568616e-12
9450.056 9.295622601640313e-13
9500.056 6.918062754072341e-13
9550.056 6.6530025297002e-13
9600.056 8.962557813344542e-13
9650.056 2.5359672710815422e-12
9700.056 1.1513655802028051e-11
9750.056 7.594447913453288e-12
9800.056 9.042306039695987e-12
9850.056 1.0745953885677785e-11
9900.056 1.7105151647052204e-11
9950.056 1.652186446101196e-11
10000.056 1.938364067006922e-11
10050.056 2.2355026652500377e-11
10100.056 2.353131183720011e-11
10150.056 1.384980682285012e-11
10200.056 4.7842910665257105e-12
10250.056 7.632239107042595e-12
10300.056 1.706512058639215e-11
10350.056 7.332130401603463e-12
10400.056 2.938857982277722e-11
10450.056 5.983197003973988e-11
10500.056 1.14971096551904e-10
10550.056 2.2574627280100494e-10
10600.056 3.1855292680001083e-10
10650.056 3.6744046084000523e-10
10700.056 3.224036852289927e-10
10750.056 3.5702622968669435e-10
10800.056 3.323633736284004e-10
10850.056 2.691105741882114e-10
10900.056 1.6412664560349242e-10
10950.056 5.6078932573198314e-11
11000.056 2.0262744012030693e-11
11050.056 7.175722074237259e-12
11100.056 2.004295257235304e-12
11150.056 4.0107450190781206e-13
11200.056 1.4092132052270238e-13
11250.056 1.2157873291912703e-13
11300.056 4.725064487739448e-13
11350.056 5.2026942186479386e-14
11400.056 8.703567519641441e-13
11450.056 3.5064457866057534e-13
11500.056 3.1986780149482964e-13
11550.056 4.079869823834725e-14
11600.056 8.105938151791879e-15
11650.056 1.1365587240875873e-13
11700.056 1.6909055427534777e-13
11750.056 3.1079262040618863e-14
11800.056 2.675092739849583e-13
11850.056 2.867246933559356e-13
11900.056 2.5937415134528846e-13
11950.056 4.855325031082334e-13
12000.056 8.900680082667157e-13
12050.056 1.7929873182648988e-12
12100.056 2.3588973945446797e-12
12150.056 3.825435005952145e-12
12200.056 4.245476473569401e-12
12250.056 1.1212116338343996e-11
12300.056 2.8481947859201295e-11
12350.056 3.817179089027131e-11
12400.056 8.197036423461919e-11
12450.056 1.72917505219605e-10
12500.056 2.1750029314661237e-10
12550.056 2.7615321328980416e-10
12600.056 4.802369843490448e-10
12650.056 7.570497722915852e-10
12700.056 7.942571778090064e-10
12750.056 3.709909497366256e-10
12800.056 1.5040604033897532e-10
12850.056 4.965701685207759e-11
12900.056 3.006469868780571e-11
12950.056 1.947816079809051e-11
13000.056 2.38903387442106e-11
13050.056 1.1188504320171869e-11
13100.056 9.058169377548928e-12
13150.056 3.740863298556584e-12
13200.056 5.137839915161002e-12
13250.056 4.803220548004317e-12
13300.056 1.6346794355444232e-12
13350.056 6.635678510106393e-13
13400.056 2.3227548637006963e-13
13450.056 3.557408140246738e-14
13500.056 6.432294645544439e-15
13550.056 8.277295606280843e-16
13600.056 6.788295339294664e-17
13650.056 1.0251537134113738e-15
13700.056 3.5843902811900144e-16
13750.056 2.4955407062661645e-15
13800.056 1.97570748547732e-15
13850.056 6.056628362308615e-16
13900.056 2.0613777559712586e-15
13950.056 1.3804357915562896e-15
14000.056 2.725044001658632e-15
14050.056 4.028633092762067e-15
14100.056 4.542454115213416e-15
14150.056 2.0386580822501707e-14
14200.056 1.1894604506455065e-14
14250.056 2.283425958402912e-14
14300.056 9.566141630280566e-14
14350.056 7.345980855751107e-14
14400.056 7.069690036493354e-14
14450.056 1.8628511485745915e-13
14500.056 4.965110350600081e-13
14550.056 6.311093604867082e-13
14600.056 7.888154962065877e-13
14650.056 2.3070282058636017e-13
14700.056 8.272835845766237e-14
14750.056 1.674926690991164e-14
14800.056 2.7827596565194716e-14
14850.056 3.427046660099775e-14
14900.056 3.072842937504115e-14
14950.056 1.6256486099261626e-14
15000.056 7.411236093310667e-14
15050.056 8.906826835443128e-14
15100.056 2.6869152065665092e-14
15150.056 7.047523307033381e-15
15200.056 6.214586173022283e-14
15250.056 1.4716413335190884e-13
15300.056 2.1573704051162143e-13
15350.056 3.6996204273333176e-13
15400.056 4.074675062114317e-13
15450.056 6.571998153754754e-13
15500.056 9.175122302581402e-13
15550.056 3.0974779365918695e-12
15600.056 6.2527004961953255e-12
15650.056 1.5483123402592472e-11
15700.056 3.839220167655388e-11
15750.056 6.602701911810404e-11
15800.056 9.366925747790268e-11
15850.056 1.3987107738152405e-10
15900.056 1.7906563326009452e-10
15950.056 2.383386078889919e-10
16000.056 2.058092864420081e-10
16050.056 1.1891235690998912e-10
16100.056 5.690389100109889e-11
16150.056 2.1959827703626168e-11
16200.056 7.733908509044972e-12
16250.056 3.141845063355987e-12
16300.056 1.2435748514618873e-12
16350.056 1.8653561362900224e-12
16400.056 2.4216062524347283e-12
16450.056 2.086690116872339e-12
16500.056 1.4669072987092294e-12
16550.056 1.302013791574221e-12
16600.056 4.687543011476558e-12
16650.056 2.6352642861844107e-12
16700.056 2.5140278974048454e-13
16750.056 1.178264432225408e-12
16800.056 2.2323080193482257e-12
16850.056 2.4168083513859653e-12
16900.056 6.135151835895059e-13
16950.056 3.0313136624053564e-13
17000.056 1.0536244771082671e-13
17050.056 2.7181328715421837e-13
17100.056 8.480119607111016e-13
17150.056 3.5292265771375677e-13
17200.056 2.4328892178830863e-12
17250.056 5.756854757952976e-13
17300.056 3.665360393304376e-13
17350.056 5.501988435867962e-13
17400.056 1.5649312311053423e-12
17450.056 2.1488481099738144e-12
17500.056 3.809579891785576e-12
17550.056 3.2722360686280213e-12
17600.056 2.5989029543505676e-12
17650.056 1.5580585258301324e-12
17700.056 1.3246123936249161e-12
17750.056 1.1811812885268546e-12
17800.056 4.87312704669017e-12
17850.056 1.2267683824870259e-12
17900.056 8.19654127938144e-13
17950.056 5.209103945526036e-13
18000.056 1.129187959597399e-12
18050.056 5.708302987657614e-13
18100.056 7.260856583913082e-13
18150.056 3.4288442572017637e-13
18200.056 2.48642874218805e-13
18250.056 1.5635838405581547e-12
18300.056 9.145263821659703e-14
18350.056 7.768340922811303e-14
18400.056 3.237348435368129e-14
18450.056 5.994177414454116e-13
18500.056 5.820489001564086e-13
18550.056 2.0153594320999114e-13
18600.056 4.63415666788787e-13
18650.056 3.0058659641746596e-13
18700.056 1.5230719472416006e-14
18750.056 4.0434558021049647e-14
18800.056 1.3500169136683516e-12
18850.056 1.1452484157452863e-12
18900.056 1.3493374567973711e-12
18950.056 2.123081648120099e-12
19000.056 1.9350750163050395e-13
19050.056 6.649681150605666e-14
19100.056 3.1027041072457055e-13
19150.056 9.786027475077546e-14
19200.056 2.5818845834375544e-13
19250.056 1.686379676082273e-13
19300.056 8.377651660358092e-14
19350.056 8.0496848862067e-14
19400.056 5.902163794819885e-14
19450.056 1.1088151887018337e-13
19500.056 5.6476474237698186e-14
19550.056 2.179376732743168e-13
19600.056 7.324642864376463e-13
19650.056 3.908837623265099e-13
19700.056 6.715053949398898e-13
19750.056 1.329420150601195e-12
19800.056 5.84291253266839e-13
19850.056 7.094827523582175e-13
19900.056 1.4680642017442484e-12
19950.056 2.515951276933785e-12
20000.056 3.690259054924295e-12
20050.056 2.041156981102334e-12
20100.056 3.791217594635511e-12
20150.056 2.1360078426442955e-12
20200.056 1.0258663271875884e-12
20250.056 3.8792230608423525e-12
20300.056 5.7294788622673386e-12
20350.056 7.43135799109183e-12
20400.056 4.725324029029713e-12
20450.056 1.221107560338939e-11
20500.056 1.5335155199188772e-11
20550.056 1.9351962047503388e-11
20600.056 2.203509889182383e-11
20650.056 3.103938585247708e-11
20700.056 3.720372590271175e-11
20750.056 4.76485271259358e-11
20800.056 4.429333041568944e-11
20850.056 6.166315320350181e-11
20900.056 6.911437252299615e-11
20950.056 6.68589598866034e-11
21000.056 6.657330850260252e-11
21050.056 7.603961541299591e-11
21100.056 7.123546182900129e-11
21150.056 7.110748615799794e-11
21200.056 6.443101087000555e-11
21250.056 5.893830721899146e-11
21300.056 4.691613667486438e-11
21350.056 4.597204642197514e-11
21400.056 4.4505136083315615e-11
21450.056 3.067360344766676e-11
21500.056 2.4137770784009264e-11
21550.056 2.391172752898479e-11
21600.056 1.8566172850249042e-11
21650.056 1.0659924867229917e-11
21700.056 7.2646647615831965e-12
21750.056 8.509364303381572e-12
21800.056 4.599895482252385e-12
21850.056 4.6216887769921344e-12
21900.056 2.86346252787637e-12
21950.056 6.947971196370054e-13
22000.056 3.417921865625552e-14
22050.056 1.1597072412820237e-13
22100.056 6.269813590795228e-13
22150.056 3.3523059034078274e-13
22200.056 3.03799385698872e-13
22250.056 2.2614343333623745e-13
22300.056 6.519002189660815e-14
22350.056 1.2524970124710357e-13
22400.056 2.5967222177288928e-14
22450.056 6.371205765136647e-14
22500.056 4.8034326889835747e-14
22550.056 1.2848195094298451e-14
22600.056 9.089003206854428e-15
22650.056 2.1756606610996367e-14
22700.056 2.1478027297753172e-14
22750.056 5.12909492458485e-14
22800.056 6.064147293488039e-14
22850.056 3.6762169396215494e-14
22900.056 2.216832861494242e-14
22950.056 1.0722119165641808e-14
23000.056 2.115052995959915e-14
23050.056 1.718481927071367e-14
23100.056 4.142401509672031e-13
23150.056 4.94928106322688e-13
23200.056 4.054634286709581e-15
23250.056 4.362594382302085e-14
23300.056 3.0919092104024256e-14
23350.056 6.131310324895402e-14
23400.056 4.25202596996737e-14
23450.056 1.2753333128455209e-14
23500.056 1.5253652227361098e-14
23550.056 5.263601207809116e-14
23600.056 2.146216745970118e-13
23650.056 2.784389999137893e-13
23700.056 1.9037373142444768e-14
23750.056 2.6405526519016513e-14
23800.056 3.043348824370167e-13
23850.056 1.3114342987471648e-13
23900.056 4.5186136899678345e-13
23950.056 1.156518445756161e-13
24000.056 5.713814088619022e-13
24050.056 6.806561566026023e-13
24100.056 1.3460499275072045e-12
24150.056 1.8863912994035526e-12
24200.056 8.195038833535816e-13
24250.056 6.137258493809996e-13
24300.056 1.6286768497176528e-12
24350.056 1.224114109296997e-12
24400.056 4.907199853267549e-12
24450.056 5.573916740198274e-12
24500.056 4.4907039202379144e-12
24550.056 9.241270404965297e-12
24600.056 1.034632478930939e-11
24650.056 1.9911100690970614e-11
24700.056 1.1000192295692398e-11
24750.056 1.6218447403644495e-11
24800.056 1.112570350302006e-11
24850.056 2.1261537104386033e-11
24900.056 7.617986827802002e-12
24950.056 1.549618037732378e-11
25000.056 1.861853273594423e-11
25050.056 9.929985481982114e-12
25100.056 1.724306574732446e-11
25150.056 5.8341769763327996e-12
25200.056 8.954303891533871e-12
25250.056 2.635129498251041e-12
25300.056 2.8594985781284856e-12
25350.056 1.2623003009952343e-12
25400.056 3.5312323374649767e-12
25450.056 6.786463186753756e-13
25500.056 4.895233874459901e-13
25550.056 1.5409527020392774e-12
25600.056 5.222039934210754e-13
25650.056 1.9488480868405864e-13
25700.056 1.182950314152161e-13
25750.056 3.4338372671111366e-14
25800.056 2.2496733852042665e-13
25850.056 2.755544973159914e-14
25900.056 3.468407567804801e-14
25950.056 9.92375226963131e-15
26000.056 1.3785560687018058e-13
26050.056 1.3298694407969504e-14
26100.056 5.991310066880255e-14
26150.056 2.1820946680555568e-14
26200.056 3.146117023925373e-14
26250.056 3.0820572582181314e-13
26300.056 3.840996898160346e-14
26350.056 1.0696621366684922e-12
26400.056 2.666302165228873e-12
26450.056 1.1079971936873961e-12
26500.056 4.478579966236413e-12
26550.056 1.5779265818458645e-13
26600.056 1.4485661334746205e-13
26650.056 2.0210861817934364e-14
26700.056 1.8256662914940695e-14
26750.056 3.002089375652722e-14
26800.056 1.2684097001941838e-13
26850.056 7.294994062451132e-14
26900.056 4.147103023480455e-13
26950.056 8.945165704316825e-14
27000.056 6.032524994275808e-13
27050.056 1.2430822768573403e-12
27100.056 4.4143570293245716e-14
27150.056 9.150443958641844e-13
27200.056 5.01424918027651e-14
27250.056 2.319393323900359e-13
27300.056 3.800509260904167e-12
27350.056 7.520919677229097e-13
27400.056 3.7954949143574235e-14
27450.056 1.3152395519610319e-12
27500.056 1.7947079244386085e-12
27550.056 1.86972973793298e-13
27600.056 7.174770710553102e-13
27650.056 1.53269205337363e-13
27700.056 1.8451353273696167e-13
27750.056 1.5394777271711962e-12
27800.056 3.930089492424093e-13
27850.056 9.333006215675e-13
27900.056 1.1738873072859668e-12
27950.056 2.6705736369504807e-12
28000.056 3.522505993902161e-12
28050.056 2.0717676888065484e-13
28100.056 3.64739506931385e-12
28150.056 2.630008443876854e-12
28200.056 3.8595839572463843e-13
28250.056 5.124131270625389e-12
28300.056 4.44964243998378e-12
28350.056 4.95526510943334e-13
28400.056 2.6334973930362303e-12
28450.056 5.942385240945092e-12
28500.056 2.441042524895737e-12
28550.056 4.298247226348424e-13
28600.056 5.382445265556525e-12
28650.056 2.3244380932148623e-12
28700.056 6.056457251118656e-12
28750.056 9.069259073027885e-12
28800.056 2.005431231825354e-12
28850.056 1.3575042090802631e-11
