galfind/configs/Brown_Dwarf_templates/sonora_bobcat/m+0.5/316g/sp_t400g316nc_m+0.5_resample.dat
# %ECSV 1.0
# ---
# datatype:
# - {name: wav, unit: Angstrom, datatype: float64}
# - {name: flux_nu, unit: erg / (cm2 Hz s), datatype: float64}
# meta: {C/O: '1.00', Kzz: '1.0000E+05', Teff: '400.', Y: '0.28', '[Fe/H]': '0.50', f_hole: '1.00', f_rain: '0.00', grav: '316.'}
# schema: astropy-2.0
wav flux_nu
[from data line 499]
28950.056 7.839511385958568e-11
29000.056 4.9169817946717925e-11
29050.056 8.010624207963295e-11
29100.056 3.8514357808926545e-11
29150.056 5.152855332595873e-11
29200.056 1.273951696560621e-10
29250.056 1.288710800418166e-10
29300.056 6.948469286512929e-11
29350.056 1.8890773580369599e-10
29400.056 8.378717576681086e-11
29450.056 4.6678219128419945e-11
29500.056 1.9135163337705836e-10
29550.056 6.197536700687707e-11
29600.056 8.03658570476242e-11
29650.056 2.805655763514526e-10
29700.056 5.4656386493253586e-11
29750.056 1.928744740414508e-10
29800.056 1.3063018405448912e-10
29850.056 2.2864734976082594e-10
29900.056 1.0504182288717262e-10
29950.056 1.3862022435938354e-10
30000.056 2.1394532344312104e-12
30050.056 1.468283157245561e-11
30100.056 6.393317108175924e-11
30150.056 2.4643637766153366e-10
30200.056 1.5089282891086189e-10
30250.056 2.802110128025463e-10
30300.056 4.102276949270538e-10
30350.056 8.78597228998848e-11
30400.056 3.82507116974253e-10
30450.056 2.7136691192805156e-10
30500.056 1.6481081074348497e-10
30550.056 1.3331950170712396e-10
30600.056 9.78063207371033e-10
30650.056 3.867800634005598e-10
30700.056 2.2148604683574975e-10
30750.056 4.75543523720368e-10
30800.056 3.854983295705062e-10
30850.056 4.4746620709230084e-10
30900.056 2.2166700985656297e-10
30950.056 1.9924254715517035e-10
31000.056 2.4381889051606734e-10
31050.056 1.5541819389175178e-10
31100.056 1.0589485200171452e-10
31150.056 1.9643107977467217e-10
31200.056 5.909259166589784e-10
31250.056 3.015575019663093e-10
31300.056 1.8482148254013716e-10
31350.056 4.4293681689414264e-10
31400.056 2.944723658971584e-10
31450.056 3.022892837046908e-10
31500.056 1.039904897966164e-10
31550.056 1.8767226653687898e-10
31600.056 1.3240121583805342e-10
31650.056 1.1231106820369898e-10
31700.056 9.921171196862872e-11
31750.056 5.148246036018951e-11
31800.056 1.0129465209683757e-10
31850.056 1.7626872448904658e-11
31900.056 4.232273565962746e-11
31950.056 2.6590636003410602e-11
32000.056 1.8496466321127718e-11
32050.056 3.027221520277203e-11
32100.056 2.5682708689749967e-11
32150.056 2.5555727328889095e-11
32200.056 1.1858657353427249e-11
32250.056 3.124280755928517e-11
32300.056 8.408186869106924e-12
32350.056 3.0386047975266464e-11
32400.056 3.9113657873359764e-12
32450.056 2.1648494144890853e-11
32500.056 4.414943432465356e-12
32550.056 1.6385339186625774e-11
32600.056 4.6670227442583645e-12
32650.056 4.641517072503057e-11
32700.056 7.735048817486746e-12
32750.056 9.970465873035407e-11
32800.056 4.9059017059369594e-11
32850.056 1.9793697736360859e-10
32900.056 1.6490673027787027e-10
32950.056 1.7117166561698263e-10
33000.056 4.976718320080836e-11
33050.056 6.28590389792077e-11
33100.056 1.1810216591858736e-11
33150.056 2.7393540834072526e-15
33200.056 2.8879412841306604e-13
33250.056 4.813947698029354e-13
33300.056 5.627268872984311e-12
33350.056 1.7527855469457903e-11
33400.056 7.047405358531089e-11
33450.056 3.560940128443293e-11
33500.056 1.3866866426081517e-10
33550.056 2.4445773879083213e-11
33600.056 7.117081540543778e-11
33650.056 6.488837321415938e-11
33700.056 1.9082481451917828e-11
33750.056 9.585982348592169e-11
33800.056 7.162964476258166e-12
33850.056 4.513517154968605e-11
33900.056 5.1218252435379676e-11
33950.056 3.976645756126697e-11
34000.056 9.652304920453527e-11
34050.056 1.3651555161100876e-11
34100.056 9.274234617499282e-11
34150.056 3.553460063300388e-11
34200.056 1.1101699992620723e-10
34250.056 5.840901450838424e-11
34300.056 6.452559090924971e-11
34350.056 1.619312814212727e-10
34400.056 3.9894973784597386e-11
34450.056 1.4778083061007383e-10
34500.056 6.683506103555272e-11
34550.056 5.3562530050777923e-11
34600.056 2.6972906554319377e-10
34650.056 3.369264446835792e-11
34700.056 1.7808115750515254e-10
34750.056 1.080104022890221e-10
34800.056 9.472357560059941e-11
34850.056 3.2659340115036773e-10
34900.056 6.031844657045951e-11
34950.056 2.8806891553551553e-10
35000.056 5.045603506474465e-10
35050.056 2.482870183912613e-10
35100.056 5.733789443734213e-10
35150.056 4.619144813509428e-10
35200.056 3.578379727551241e-10
35250.056 6.959483208098421e-10
35300.056 2.5861360571661705e-10
35350.056 3.318925174471883e-10
35400.056 2.4645110940993293e-10
35450.056 2.2775326092752342e-10
35500.056 8.306483911128081e-10
35550.056 4.4370996071759763e-10
35600.056 5.796187993112685e-10
35650.056 7.02873023086453e-10
35700.056 7.296950108686614e-10
35750.056 9.349417408655076e-10
35800.056 7.407624436169606e-10
35850.056 2.8337508553113276e-10
35900.056 3.737784808562364e-10
35950.056 5.395209954889152e-10
36000.056 6.679072227030264e-10
36050.056 4.4265545861154316e-10
36100.056 4.1797719361449476e-10
36150.056 1.105687007259158e-09
36200.056 1.1614527307978863e-09
36250.056 7.514165253596002e-10
36300.056 1.9364714806520996e-09
36350.056 9.825080544648225e-10
36400.056 1.7301663010764197e-09
36450.056 1.6117521536565658e-09
36500.056 1.7312752296859953e-09
36550.056 2.71084928961553e-09
36600.056 2.7193093610272403e-09
36650.056 1.903947066363622e-09
36700.056 2.1609732553457557e-09
36750.056 2.7635870142989495e-09
36800.056 3.3672041866577664e-09
36850.056 1.5568545810966618e-09
36900.056 2.7816291108129697e-09
36950.056 3.2992997416028556e-09
37000.056 2.110058944186354e-09
37050.056 3.716635987783442e-09
37100.056 2.164393927105173e-09
37150.056 2.3577257431645043e-09
37200.056 4.3391664704009955e-09
37250.056 2.5742243662828907e-09
37300.056 1.6821820981914375e-09
37350.056 3.195622814240641e-09
37400.056 5.108765130939066e-09
37450.056 1.8461872752682546e-09
37500.056 2.895438875080854e-09
37550.056 5.572822114012925e-09
37600.056 8.887684929342719e-09
37650.056 2.414633638362543e-09
37700.056 4.913083759099433e-09
37750.056 3.3751590917305942e-09
37800.056 3.2283387782510556e-09
37850.056 1.620194853840439e-09
37900.056 2.149525711026915e-09
37950.056 4.640990814644615e-09
38000.056 4.2388728703677674e-09
38050.056 6.607340243636962e-09
38100.056 7.877236632727902e-09
38150.056 8.93179536375426e-09
38200.056 6.9649047994091714e-09
38250.056 8.149373448431227e-09
38300.056 1.2444655647211358e-08
38350.056 1.1307224386717078e-08
38400.056 4.2546171213131574e-09
38450.056 1.7631659233467157e-09
38500.056 1.1736773975152061e-09
38550.056 4.6691645314711235e-09
38600.056 4.9647140386753e-09
38650.056 6.0231224196000096e-09
38700.056 4.191686005658619e-09
38750.056 5.0378537839369465e-09
38800.056 5.162365313145782e-09
38850.056 6.132164466213775e-09
38900.056 7.740012635815457e-09
38950.056 4.456445466710903e-09
39000.056 8.144654654064224e-09
39050.056 4.298497119223224e-09
39100.056 7.028685005111229e-09
39150.056 9.999855776737688e-09
39200.056 6.4092613708389935e-09
39250.056 1.151876576136549e-08
39300.056 6.909449519048687e-09
39350.056 1.3726278357719243e-08
39400.056 7.265856171598578e-09
39450.056 1.0982102127912493e-08
39500.056 1.102228308063234e-08
39550.056 4.920781437202417e-09
39600.056 1.0836344392506181e-08
39650.056 1.350092784119833e-08
39700.056 1.2985722110222242e-08
39750.056 6.1421184329970215e-09
39800.056 6.985165809766329e-09
39850.056 1.5905276497602516e-08
39900.056 1.8942415508500886e-08
39950.056 7.437367453489673e-09
40000.056 1.4192192531447854e-08
40050.056 1.592632711275927e-08
40100.056 5.556064981550993e-09
40150.056 1.4360117605734716e-08
40200.056 1.5405146182959343e-08
40250.056 1.749988182264192e-08
40300.056 1.7362918705799906e-08
40350.056 1.0270888344289863e-08
40400.056 1.520353306970176e-08
40450.056 7.2850798785450395e-09
40500.056 1.914718459391127e-08
40550.056 2.087060658593287e-08
40600.056 1.555076419380043e-08
40650.056 1.2212327749840703e-08
40700.056 2.5352033301416868e-08
40750.056 1.599465075671501e-08
40800.056 9.464754926106239e-09
40850.056 3.0403002314607735e-08
40900.056 2.4427797885477076e-08
40950.056 2.105320638033184e-08
41000.056 1.587715845353354e-08
41050.056 3.202103714739154e-08
41100.056 2.599432621111982e-08
41150.056 9.77266483471692e-09
41200.056 3.187431286120454e-08
41250.056 2.4019601084066714e-08
41300.056 2.5208149416408882e-08
41350.056 3.3343812382996896e-08
41400.056 2.7400324847999155e-08
41450.056 3.9173370802092385e-08
41500.056 2.352581354244154e-08
41550.056 2.108354651864335e-08
41600.056 2.3045800489801046e-08
41650.056 3.1928143318343426e-08
41700.056 4.181628858698956e-08
41750.056 3.0828836447395026e-08
41800.056 3.179056912800762e-08
41850.056 3.072830648099337e-08
41900.056 2.610091509151815e-08
41950.056 2.639946665624998e-08
42000.056 1.421123983997412e-08
42050.056 1.8875379102301748e-08
42100.056 2.151431294626826e-08
42150.056 2.3459581970580073e-08
42200.056 2.7215847875058896e-08
42250.056 2.166683751966464e-08
42300.056 2.0004463042338668e-08
42350.056 3.3225528418901624e-08
42400.056 3.965135960130384e-08
42450.056 3.7981034182009135e-08
42500.056 3.771956599409484e-08
42550.056 3.1576036815192836e-08
42600.056 3.437244710033456e-08
42650.056 5.413397318148449e-08
42700.056 2.3941817042289915e-08
42750.056 3.609256335950636e-08
42800.056 5.36125441018068e-08
42850.056 5.5368428032984615e-08
42900.056 5.9592827906809674e-08
42950.056 4.5259740574995796e-08
43000.056 5.253653387220494e-08
43050.056 2.5259178286802416e-08
43100.056 4.208026900149601e-08
43150.056 3.327725767380412e-08
43200.056 5.428736503100561e-08
43250.056 7.236105444700374e-08
43300.056 6.72281169209999e-08
43350.056 3.4456315017290416e-08
43400.056 5.22766686444034e-08
43450.056 3.2307192410602246e-08
43500.056 3.2299828459907646e-08
43550.056 3.6782091647004566e-08
43600.056 6.196305432400774e-08
43650.056 3.706142980499978e-08
43700.056 7.297753345801715e-08
43750.056 6.408589024199541e-08
43800.056 5.716133512829489e-08
43850.056 5.065942173790474e-08
43900.056 3.801763587006463e-08
43950.056 2.416334269809735e-08
44000.056 2.502284846039857e-08
44050.056 6.718437334900075e-08
44100.056 9.144653426499914e-08
44150.056 8.038049610239795e-08
44200.056 7.288112941550126e-08
44250.056 3.653920354079572e-08
44300.056 2.8960282362504525e-08
44350.056 3.189668286212675e-08
44400.056 2.9086390190196932e-08
44450.056 5.6931183502303505e-08
44500.056 5.106791949640807e-08
44550.056 7.533820218899501e-08
44600.056 6.431629981959902e-08
44650.056 5.600410808650416e-08
44700.056 3.5946063098796547e-08
44750.056 5.99857865207121e-08
44800.056 3.7622057473803615e-08
44850.056 5.327911503500319e-08
44900.056 4.7693470648700864e-08
44950.056 5.704399061430661e-08
45000.056 6.992190358000275e-08
45050.056 6.045551924099232e-08
45100.056 5.3933743548201364e-08
45150.056 4.6308247311291844e-08
45200.056 3.552792092300386e-08
45250.056 4.2940093066489445e-08
45300.056 3.984351598390567e-08
45350.056 3.078688758520918e-08
45400.056 9.012905957201186e-08
45450.056 6.994024153880698e-08
45500.056 9.333867878400666e-08
45550.056 9.615765954197451e-08
45600.056 7.807186976701368e-08
45650.056 6.27180816742011e-08
45700.056 3.876426959343642e-08
45750.056 3.528600282420249e-08
45800.056 9.531412625600418e-08
45850.056 7.197252252949653e-08
45900.056 9.55911090799936e-08
45950.056 8.185073131699778e-08
46000.056 8.992143772100961e-08
46050.056 6.335259683960779e-08
46100.056 1.1257511935799113e-07
46150.056 5.910706891420222e-08
46200.056 4.882892702789136e-08
46250.056 1.8428074843506142e-08
46300.056 6.030316265320179e-08
46350.056 6.285018961620852e-08
46400.056 5.769495644140122e-08
46450.056 5.2420175068720394e-08
46500.056 6.025410752451255e-08
46550.056 2.8891670102001305e-08
46600.056 4.47665214125131e-08
46650.056 7.375326100700439e-08
46700.056 4.5165811957787506e-08
46750.056 2.101453357220413e-08
46800.056 1.3489179181759533e-08
46850.056 6.893204056901107e-08
46900.056 7.426023949899762e-08
46950.056 7.40277978809931e-08
47000.056 7.133393912001082e-08
47050.056 4.8136850507884874e-08
47100.056 3.289507382920391e-08
47150.056 5.719758048280788e-08
47200.056 6.366269011499612e-08
47250.056 3.1705716776795084e-08
47300.056 2.0561934118524733e-08
47350.056 7.27896676510045e-08
47400.056 6.560568273499316e-08
47450.056 4.78702674777246e-08
47500.056 8.156989682419632e-08
47550.056 6.89282742920035e-08
47600.056 6.19209747953935e-08
47650.056 6.623247548387473e-08
47700.056 4.811189971477775e-08
47750.056 3.4570293818501584e-08
47800.056 2.7202576175004305e-08
47850.056 1.2314067523872499e-08
47900.056 2.0699846110079095e-08
47950.056 5.45014349800037e-08
48000.056 7.782154387000062e-08
48050.056 6.150276101160017e-08
48100.056 2.3828988631642816e-08
48150.056 4.7205101674401585e-08
48200.056 2.988107115825861e-08
48250.056 3.939921005049938e-08
48300.056 7.419879072099511e-08
48350.056 4.1233772228894855e-08
48400.056 8.99239360604847e-09
48450.056 1.9340312241362852e-08
48500.056 3.5016795262391186e-08
48550.056 4.0370127363864285e-08
48600.056 5.790818829499917e-08
48650.056 7.730048041799512e-08
48700.056 4.698884708820829e-08
48750.056 3.25638878311104e-08
48800.056 6.403200193270235e-08
48850.056 3.1433404375194644e-08
48900.056 3.908980279695594e-08
48950.056 1.9974134924299667e-08
49000.056 1.039406664145365e-08
49050.056 3.727190727239488e-08
49100.056 5.1627038941130064e-08
49150.056 3.783883680711304e-08
49200.056 6.365383901401152e-08
49250.056 6.647883542200311e-08
49300.056 5.312704321259871e-08
49350.056 1.8455457498146574e-08
49400.056 2.872797037432197e-08
49450.056 2.6377232654321467e-08
49500.056 2.0236154157806962e-08
49550.056 3.6596656942110785e-09
49600.056 1.1508824618912209e-08
49650.056 3.225264940340235e-08
49700.056 3.700624725808845e-08
49750.056 3.4472100199430167e-08
49800.056 2.0349682428393797e-08
49850.056 4.9065154343207386e-08
49900.056 4.153931233039657e-08
49950.056 4.1720171135300415e-08
50000.056 2.8266584968301844e-08
50050.056 3.577060895580168e-08
50100.056 2.7930998963698176e-08
50150.056 1.1681235987997604e-08
50200.056 1.7236769298528418e-09
50250.056 1.2419676936499767e-08
50300.056 8.043380856973524e-09
50350.056 3.284325277460575e-08
50400.056 3.7070858802394856e-08
50450.056 2.764103930840216e-08
50500.056 4.566641612540188e-08
50550.056 3.9022592236002676e-08
50600.056 2.7715554750591508e-08
50650.056 4.825146226100753e-08
50700.056 4.5878997264995686e-08
50750.056 2.6979410329801504e-08
50800.056 7.884694600718531e-09
50850.056 3.744291113863911e-09
50900.056 2.8458734362002276e-08
50950.056 2.695752432399713e-08
51000.056 2.0400521936040157e-08
51050.056 3.33776657631952e-08
51100.056 1.104940239251235e-08
51150.056 1.1665151341138269e-08
51200.056 4.142313054199903e-08
51250.056 2.9798151783355073e-08
51300.056 1.8871126374496187e-08
51350.056 1.6910462866691436e-08
51400.056 4.648047467972971e-09
51450.056 3.767930852522614e-09
51500.056 3.6306913047075477e-09
51550.056 1.603691815690319e-08
51600.056 1.4982287147033634e-08
51650.056 2.0991282285399347e-08
51700.056 2.134397061133245e-08
51750.056 1.3205358240742865e-08
51800.056 2.6888277909996176e-08
51850.056 2.1164886376298716e-08
51900.056 2.454521169899967e-08
51950.056 1.2503474484498568e-08
52000.056 1.0124647043975908e-09
52050.056 6.300637008800826e-09
52100.056 3.2875333851193558e-09
52150.056 1.7421220298876196e-09
52200.056 7.040979258419836e-09
52250.056 1.1963322185262963e-08
52300.056 1.502166871449897e-08
52350.056 3.972590249466783e-09
52400.056 4.449433997065973e-09
52450.056 1.9690531680901606e-08
52500.056 1.4086849510268267e-08
52550.056 1.8151550705099056e-08
52600.056 1.3657821649120025e-08
52650.056 1.6589284875801093e-08
52700.056 1.104638424338924e-08
52750.056 3.5376672795828236e-09
52800.056 7.346023448441302e-09
52850.056 8.754342859947607e-09
52900.056 3.0382874033360705e-09
52950.056 5.611586481090852e-09
53000.056 1.1169533520501941e-08
53050.056 3.857138188484798e-09
53100.056 1.523915920449946e-08
53150.056 1.5335611298600962e-08
53200.056 6.8830713566096635e-09
53250.056 1.3360116365840289e-08
53300.056 1.6469674714733028e-08
53350.056 1.2406884762940847e-08
53400.056 7.613225265398134e-09
53450.056 2.2773922514741293e-09
53500.056 3.319110941798692e-10
53550.056 9.506905201800201e-10
