galfind/configs/Brown_Dwarf_templates/sonora_bobcat/m+0.5/316g/sp_t950g316nc_m+0.5_resample.dat
# %ECSV 1.0
# ---
# datatype:
# - {name: wav, unit: Angstrom, datatype: float64}
# - {name: flux_nu, unit: erg / (cm2 Hz s), datatype: float64}
# meta: {C/O: '1.00', Kzz: '1.0000E+05', Teff: '950.', Y: '0.28', '[Fe/H]': '0.50', f_hole: '1.00', f_rain: '0.00', grav: '316.'}
# schema: astropy-2.0
wav flux_nu
[from data line 499]
28950.056 1.1035188804072929e-07
29000.056 8.702974122793191e-08
29050.056 9.474954002881361e-08
29100.056 6.870721247204075e-08
29150.056 1.2084284063723117e-07
29200.056 8.48513002176053e-08
29250.056 1.1906810065187744e-07
29300.056 7.179235260995552e-08
29350.056 1.7457361586967797e-07
29400.056 9.789894653240694e-08
29450.056 1.0901214966747577e-07
29500.056 1.1962006820842682e-07
29550.056 1.0732582331539433e-07
29600.056 1.254758578049812e-07
29650.056 1.2417295145094802e-07
29700.056 9.389892200815326e-08
29750.056 1.2766997926036642e-07
29800.056 1.3485819869371496e-07
29850.056 1.4069834865466292e-07
29900.056 1.3147796415934694e-07
29950.056 1.3628063400743615e-07
30000.056 9.163567570485293e-08
30050.056 9.794435180669948e-08
30100.056 9.425718034357099e-08
30150.056 1.4465751400428438e-07
30200.056 1.0755833464101782e-07
30250.056 1.547206998085359e-07
30300.056 1.2941453163381166e-07
30350.056 1.1249682387970572e-07
30400.056 1.3586075621339906e-07
30450.056 1.0003634621898644e-07
30500.056 8.227342209810323e-08
30550.056 8.776285705971991e-08
30600.056 1.0121086607499403e-07
30650.056 8.308003603478162e-08
30700.056 8.100759947038545e-08
30750.056 7.863386851368666e-08
30800.056 6.829622255811472e-08
30850.056 6.228820312197207e-08
30900.056 5.945911495808841e-08
30950.056 5.2870530331955064e-08
31000.056 4.7871048366602974e-08
31050.056 5.0074523152002815e-08
31100.056 3.834750971579623e-08
31150.056 4.52786262408369e-08
31200.056 4.934774824300976e-08
31250.056 3.5438796879413195e-08
31300.056 3.5187295164103946e-08
31350.056 3.476120686670081e-08
31400.056 2.6950423001580873e-08
31450.056 2.9946850117594373e-08
31500.056 2.378605198542334e-08
31550.056 2.6654963958857278e-08
31600.056 2.1137160796850494e-08
31650.056 1.9674870676693018e-08
31700.056 1.9898074193896434e-08
31750.056 1.6398051680926585e-08
31800.056 2.0878328152797122e-08
31850.056 1.6866468929953053e-08
31900.056 1.9945417537899384e-08
31950.056 1.2561189942290668e-08
32000.056 1.706112635404847e-08
32050.056 1.7828356159890624e-08
32100.056 1.7217422260303058e-08
32150.056 1.8472077140397865e-08
32200.056 1.579366036264105e-08
32250.056 2.091088893030338e-08
32300.056 1.5219998307877775e-08
32350.056 2.1999245958397146e-08
32400.056 1.5123171225695834e-08
32450.056 2.0117964992173257e-08
32500.056 1.8894481224013597e-08
32550.056 1.807949874739771e-08
32600.056 2.1656943977700672e-08
32650.056 2.9628694023694577e-08
32700.056 2.5573229297005496e-08
32750.056 2.9980199100604567e-08
32800.056 2.8319194544274096e-08
32850.056 3.135939202709622e-08
32900.056 3.527979771965518e-08
32950.056 3.663131716560706e-08
33000.056 3.0526862192699964e-08
33050.056 2.8628963817415308e-08
33100.056 1.528921175319634e-08
33150.056 5.352484367310294e-09
33200.056 4.7397945377085995e-09
33250.056 2.840609377549243e-09
33300.056 3.374018634270782e-09
33350.056 5.6574793503002455e-09
33400.056 8.104630521096927e-09
33450.056 1.1640908404359219e-08
33500.056 1.7850847283609434e-08
33550.056 1.6731492388807063e-08
33600.056 2.5286459616396602e-08
33650.056 2.589088886799659e-08
33700.056 2.239609119023555e-08
33750.056 3.14131969327069e-08
33800.056 2.624086016691471e-08
33850.056 3.0147304779996466e-08
33900.056 2.439193072389937e-08
33950.056 2.4971032669195593e-08
34000.056 3.1591830936011245e-08
34050.056 1.8754919198042823e-08
34100.056 3.1314280873899424e-08
34150.056 2.534966111653837e-08
34200.056 2.5701566468488885e-08
34250.056 2.663903110818538e-08
34300.056 2.386940454887821e-08
34350.056 2.1306501691299756e-08
34400.056 1.953780076657672e-08
34450.056 2.6287310443291502e-08
34500.056 2.445370933370267e-08
34550.056 1.997389498202172e-08
34600.056 3.1407315249197956e-08
34650.056 2.2857249237400635e-08
34700.056 2.702242415359791e-08
34750.056 2.7055161610090874e-08
34800.056 2.4510917113632752e-08
34850.056 2.7289052895408677e-08
34900.056 2.9597626954888178e-08
34950.056 3.07843234437935e-08
35000.056 4.3208769135261304e-08
35050.056 2.824936512919816e-08
35100.056 3.525367383620317e-08
35150.056 3.4221828067207106e-08
35200.056 3.67560556089962e-08
35250.056 4.6306341739985986e-08
35300.056 3.775417124760832e-08
35350.056 3.724718871298707e-08
35400.056 4.186588012010218e-08
35450.056 2.950047958361586e-08
35500.056 5.393573206239852e-08
35550.056 5.0596660315891015e-08
35600.056 4.3834772332420716e-08
35650.056 4.962278360309821e-08
35700.056 4.530025578079169e-08
35750.056 5.628017695999149e-08
35800.056 7.288017518900071e-08
35850.056 4.634684437859427e-08
35900.056 6.114016318900353e-08
35950.056 5.77417393921868e-08
36000.056 5.7974659023010605e-08
36050.056 5.5076989789681614e-08
36100.056 5.835336148026586e-08
36150.056 6.117483368878598e-08
36200.056 6.596910403378272e-08
36250.056 6.227883634017967e-08
36300.056 7.339945975250396e-08
36350.056 7.039454241760733e-08
36400.056 6.971350869959125e-08
36450.056 8.305979396390414e-08
36500.056 8.644176693069765e-08
36550.056 8.842925067502475e-08
36600.056 1.0299682562199836e-07
36650.056 1.003076162659799e-07
36700.056 1.0600952124958068e-07
36750.056 1.1397594319205562e-07
36800.056 1.1336740225899921e-07
36850.056 1.0788800643137534e-07
36900.056 1.1603008034358424e-07
36950.056 1.3009088983698083e-07
37000.056 1.2384938471498988e-07
37050.056 1.238548689269897e-07
37100.056 1.3656431045499433e-07
37150.056 1.185797751145987e-07
37200.056 1.3843372556898715e-07
37250.056 1.4046909179397387e-07
37300.056 1.2529895533594397e-07
37350.056 1.3000246546702696e-07
37400.056 1.819111846179949e-07
37450.056 1.4624626781679942e-07
37500.056 1.4481619173958242e-07
37550.056 1.707576444600975e-07
37600.056 1.8614329839801421e-07
37650.056 1.4573060473699965e-07
37700.056 1.9860106603601798e-07
37750.056 1.5629850369600188e-07
37800.056 1.6654855312810189e-07
37850.056 1.3401276343950974e-07
37900.056 1.4712072564205803e-07
37950.056 1.7001559911796062e-07
38000.056 2.03755397724004e-07
38050.056 2.0114311279704278e-07
38100.056 1.9313638643143767e-07
38150.056 2.2131794158898647e-07
38200.056 2.3244516685505565e-07
38250.056 2.216693687740078e-07
38300.056 2.71735598595964e-07
38350.056 2.79420086065035e-07
38400.056 1.9998534235993542e-07
38450.056 2.1308603725895143e-07
38500.056 1.630209075090282e-07
38550.056 2.3041564575004984e-07
38600.056 2.347984384530055e-07
38650.056 2.34878574192968e-07
38700.056 2.493006906799886e-07
38750.056 2.693158732660034e-07
38800.056 2.2883345337485303e-07
38850.056 2.3770223341503012e-07
38900.056 2.9849965350402546e-07
38950.056 2.554173975039757e-07
39000.056 2.839439212499875e-07
39050.056 2.5997094756299047e-07
39100.056 2.799605904860262e-07
39150.056 2.8419595038099964e-07
39200.056 2.884956011219797e-07
39250.056 3.2289460451194314e-07
39300.056 2.823582078568847e-07
39350.056 3.4724252708801645e-07
39400.056 3.1616105023506264e-07
39450.056 3.2333924947599224e-07
39500.056 3.1155490718904676e-07
39550.056 3.2615322227796014e-07
39600.056 3.470956904518955e-07
39650.056 3.732351463589905e-07
39700.056 3.5725060425203224e-07
39750.056 3.1166400342908396e-07
39800.056 3.555860120118986e-07
39850.056 4.0861669992999835e-07
39900.056 3.990153537800208e-07
39950.056 3.803360961339082e-07
40000.056 4.578367570780904e-07
40050.056 4.0835280547001317e-07
40100.056 3.672312919424145e-07
40150.056 4.353357300099587e-07
40200.056 4.469493634698539e-07
40250.056 4.2167518120988173e-07
40300.056 4.2212904217006945e-07
40350.056 4.431854835859908e-07
40400.056 4.96999067059174e-07
40450.056 4.592478277170904e-07
40500.056 4.782661660900161e-07
40550.056 4.941312494499197e-07
40600.056 4.7175976339006023e-07
40650.056 4.525425686538946e-07
40700.056 5.752062320649947e-07
40750.056 4.813435804299073e-07
40800.056 4.179066566048303e-07
40850.056 5.580057240501251e-07
40900.056 5.308978654180467e-07
40950.056 4.911601444380292e-07
41000.056 5.185007691020238e-07
41050.056 5.912061174899481e-07
41100.056 5.014774708199923e-07
41150.056 4.260448471819457e-07
41200.056 5.670350530319637e-07
41250.056 5.052951837639695e-07
41300.056 4.585847778798796e-07
41350.056 5.982041206300785e-07
41400.056 5.46248304438084e-07
41450.056 5.633674825800981e-07
41500.056 4.872631836839994e-07
41550.056 4.866160823880869e-07
41600.056 5.786554065980682e-07
41650.056 5.604040872600391e-07
41700.056 5.050509817898405e-07
41750.056 5.102761680699831e-07
41800.056 5.478426265999837e-07
41850.056 4.0722362664401174e-07
41900.056 4.675336909969411e-07
41950.056 4.307112747100875e-07
42000.056 4.252024919400207e-07
42050.056 3.8432430305398097e-07
42100.056 4.831804523500348e-07
42150.056 3.7386327474995885e-07
42200.056 3.658290640849938e-07
42250.056 3.6847262845492336e-07
42300.056 3.4698870338400267e-07
42350.056 4.087468069300725e-07
42400.056 3.733109259100857e-07
42450.056 3.5304031877001095e-07
42500.056 3.5417075946498424e-07
42550.056 3.478530043879536e-07
42600.056 3.4516459679906256e-07
42650.056 3.7610904745391e-07
42700.056 3.5848074576203125e-07
42750.056 3.3891365368997914e-07
42800.056 3.526410382900689e-07
42850.056 3.996748544798787e-07
42900.056 4.0342334710207685e-07
42950.056 3.581233759398658e-07
43000.056 3.8799943764999366e-07
43050.056 3.024442191241343e-07
43100.056 3.6546952771998333e-07
43150.056 3.5467061869905645e-07
43200.056 3.9651192784002623e-07
43250.056 4.170251797799765e-07
43300.056 4.2147869001000325e-07
43350.056 3.4175371139492764e-07
43400.056 3.769140314799741e-07
43450.056 3.562304741710601e-07
43500.056 3.4654163861998433e-07
43550.056 3.5694302711905274e-07
43600.056 4.239755239680265e-07
43650.056 3.601135513390081e-07
43700.056 4.082889655699942e-07
43750.056 3.96014009226088e-07
43800.056 3.744787258529592e-07
43850.056 3.647464625200681e-07
43900.056 3.8807797738994706e-07
43950.056 3.193722085119976e-07
44000.056 3.044332082770179e-07
44050.056 4.0168461636002923e-07
44100.056 4.432841521800251e-07
44150.056 4.2238388956492383e-07
44200.056 4.054557746859949e-07
44250.056 3.573560983770122e-07
44300.056 3.3162236834506377e-07
44350.056 3.477005425150744e-07
44400.056 3.612617961859927e-07
44450.056 3.9094403556597837e-07
44500.056 4.0462956343208924e-07
44550.056 4.3924295931994176e-07
44600.056 3.8574244658704687e-07
44650.056 4.171128441790711e-07
44700.056 3.3745423250000264e-07
44750.056 4.046395050690178e-07
44800.056 3.8300085685003055e-07
44850.056 4.065780588300775e-07
44900.056 3.571920158820378e-07
44950.056 3.818359807900216e-07
45000.056 4.008646835899716e-07
45050.056 3.987206066209976e-07
45100.056 4.0054471820599585e-07
45150.056 3.929039483839707e-07
45200.056 3.4483926878302897e-07
45250.056 3.709441579189065e-07
45300.056 3.5332844644304326e-07
45350.056 3.5907092042795736e-07
45400.056 4.228227429200338e-07
45450.056 3.882637625499597e-07
45500.056 3.958360833849948e-07
45550.056 4.3685857805991237e-07
45600.056 4.243608362000245e-07
45650.056 3.566156561949401e-07
45700.056 3.7038250151704207e-07
45750.056 3.472001327319898e-07
45800.056 4.1506246889000004e-07
45850.056 4.472387719599935e-07
45900.056 4.5660263994001497e-07
45950.056 3.8804483376399945e-07
46000.056 4.411904869000214e-07
46050.056 4.0632886698302824e-07
46100.056 4.229466898799899e-07
46150.056 3.8814621394997886e-07
46200.056 3.874105495100567e-07
46250.056 3.130794402469575e-07
46300.056 4.202134939759864e-07
46350.056 3.908275621500154e-07
46400.056 3.9232111290000625e-07
46450.056 3.858207503870452e-07
46500.056 3.7654132082905666e-07
46550.056 3.728091730729895e-07
46600.056 4.0055614396599827e-07
46650.056 5.159430971699529e-07
46700.056 4.344377248700429e-07
46750.056 3.3287567262000564e-07
46800.056 3.039643890600309e-07
46850.056 4.880846794700838e-07
46900.056 4.470541603199452e-07
46950.056 4.645861767800047e-07
47000.056 4.0525062266002124e-07
47050.056 4.317514305398625e-07
47100.056 3.231944912170522e-07
47150.056 3.732691488780376e-07
47200.056 4.3544543856003216e-07
47250.056 3.591693332899853e-07
47300.056 3.047611346045819e-07
47350.056 4.2066621378996463e-07
47400.056 4.3824476652994824e-07
47450.056 4.027533941630264e-07
47500.056 4.588933301459407e-07
47550.056 4.058172770199926e-07
47600.056 4.1976674390996305e-07
47650.056 3.568787421629256e-07
47700.056 4.1719801285410026e-07
47750.056 2.991139589020149e-07
47800.056 3.6619186441400346e-07
47850.056 2.8074818838699476e-07
47900.056 3.5091021571995783e-07
47950.056 3.544186436720281e-07
48000.056 4.819375249900538e-07
48050.056 4.274661389200184e-07
48100.056 3.36795447186013e-07
48150.056 3.789507173200353e-07
48200.056 3.8023160953701214e-07
48250.056 3.5873782488000946e-07
48300.056 4.563405744898708e-07
48350.056 3.189787069400249e-07
48400.056 2.6963530755196594e-07
48450.056 3.5242476020008526e-07
48500.056 4.450149501599525e-07
48550.056 3.45029972575998e-07
48600.056 4.029842201300042e-07
48650.056 3.8508608717997535e-07
48700.056 3.9074627617500137e-07
48750.056 2.784367346601113e-07
48800.056 4.799338113710001e-07
48850.056 3.1830864007393114e-07
48900.056 4.4817142716400174e-07
48950.056 3.6617541665003877e-07
49000.056 2.553349708579463e-07
49050.056 4.0606599947997416e-07
49100.056 4.030722669960698e-07
49150.056 3.806820867440197e-07
49200.056 4.2134941879003663e-07
49250.056 4.2704045740005203e-07
49300.056 3.710211648179975e-07
49350.056 2.8580260867604343e-07
49400.056 3.6710830792997193e-07
49450.056 3.611514954801138e-07
49500.056 3.1741633536197e-07
49550.056 2.1764201833102108e-07
49600.056 3.1193038415246924e-07
49650.056 3.481077679599807e-07
49700.056 3.2389455845991553e-07
49750.056 4.1227677850991277e-07
49800.056 3.3404122150221936e-07
49850.056 4.5965179161009576e-07
49900.056 3.6802615361798705e-07
49950.056 3.6598678107797794e-07
50000.056 3.5139354613997317e-07
50050.056 4.009530518199983e-07
50100.056 3.5859048872001814e-07
50150.056 2.607721623799778e-07
50200.056 1.596408688790199e-07
50250.056 3.511330362099602e-07
50300.056 2.923396570300184e-07
50350.056 4.2395294191503186e-07
50400.056 3.5855014239497165e-07
50450.056 3.0549270631304457e-07
50500.056 3.864026703800482e-07
50550.056 3.482024701900233e-07
50600.056 3.2579421747092846e-07
50650.056 3.8738362931008214e-07
50700.056 4.2006988108986063e-07
50750.056 3.6547365470606414e-07
50800.056 2.347681051279746e-07
50850.056 2.3901306683307313e-07
50900.056 4.193845383579973e-07
50950.056 3.382850707600583e-07
51000.056 3.8430758931803135e-07
51050.056 3.362556478500005e-07
51100.056 2.1878145797697058e-07
51150.056 3.006240313441661e-07
51200.056 4.3969520019997284e-07
51250.056 3.267226073139287e-07
51300.056 2.6847696985812897e-07
51350.056 2.9439194927098554e-07
51400.056 1.937169291729923e-07
51450.056 1.6867675428995698e-07
51500.056 1.9332169405206298e-07
51550.056 3.7382724226002853e-07
51600.056 2.6986840888303843e-07
51650.056 2.7682669545994694e-07
51700.056 3.013773461049434e-07
51750.056 2.249226836150216e-07
51800.056 3.2979566977991153e-07
51850.056 3.093925578649908e-07
51900.056 4.1602436575409543e-07
51950.056 3.322363889589665e-07
52000.056 1.52224169091978e-07
52050.056 2.677151877270262e-07
52100.056 2.0541954340197847e-07
52150.056 1.883247391450119e-07
52200.056 2.011554108949913e-07
52250.056 2.513188337350309e-07
52300.056 3.6474864884996315e-07
52350.056 2.732751022830134e-07
52400.056 1.936986338370135e-07
52450.056 3.0909726437001995e-07
52500.056 3.1320240315691985e-07
52550.056 3.260057337359248e-07
52600.056 2.7375295288205293e-07
52650.056 2.8441583932005764e-07
52700.056 2.561847930039997e-07
52750.056 1.8205673812298919e-07
52800.056 2.246511927030289e-07
52850.056 2.3469116485792868e-07
52900.056 2.223512188548047e-07
52950.056 2.366552410119939e-07
53000.056 3.1449705426299777e-07
53050.056 1.8152770695393102e-07
53100.056 2.3797741814694901e-07
53150.056 3.535577605900275e-07
53200.056 1.7880759582198828e-07
53250.056 3.228745616500292e-07
53300.056 3.1698428130017264e-07
53350.056 3.151442309199809e-07
53400.056 3.1183153354002163e-07
53450.056 1.809327914809973e-07
53500.056 1.1890956457896521e-07
