galfind/configs/Brown_Dwarf_templates/sonora_bobcat/m+0.5/316g/sp_t350g316nc_m+0.5_resample.dat
# %ECSV 1.0
# ---
# datatype:
# - {name: wav, unit: Angstrom, datatype: float64}
# - {name: flux_nu, unit: erg / (cm2 Hz s), datatype: float64}
# meta: {C/O: '1.00', Kzz: '1.0000E+05', Teff: '350.', Y: '0.28', '[Fe/H]': '0.50', f_hole: '1.00', f_rain: '0.00', grav: '316.'}
# schema: astropy-2.0
wav flux_nu
4000.0559999999996 nan
4050.0559999999996 6.046522353485142e-18
4100.056 2.232859337070034e-16
4150.056 1.3375061393600118e-15
4200.056 1.4135920758580067e-15
4250.056 9.790085271000082e-15
4300.056 2.243476868200011e-14
4350.056 4.1971690604000164e-14
4400.056 7.239644213100023e-14
4450.056 1.1698188175300025e-13
4500.056 1.8314369201000057e-13
4550.056 1.9299110792699896e-13
4600.056 4.124156272899987e-14
4650.056 2.792577693999991e-14
4700.056 1.9236013870999943e-14
4750.056 1.284543922299996e-14
4800.056 9.162354874899971e-15
4850.056 6.068033112899976e-15
4900.056 4.40377354269999e-15
4950.056 3.388736011299993e-15
5000.056 2.3335632940999908e-15
5050.056 1.6917660416000071e-15
5100.056 1.805831283400018e-15
5150.056 2.050180023900002e-15
5200.056 2.296544030500007e-15
5250.056 2.5173522308000025e-15
5300.056 2.764729858000003e-15
5350.056 3.058218059200004e-15
5400.056 3.334859755300006e-15
5450.056 3.695178272000023e-15
5500.056 4.11853964640001e-15
5550.056 4.556513472700003e-15
5600.056 4.943018639800005e-15
5650.056 5.2475260008999974e-15
5700.056 5.25220640270001e-15
5750.056 5.2642999082000024e-15
5800.056 4.811790589699985e-15
5850.056 3.3372960849999573e-15
5900.056 9.797652807166768e-16
5950.056 6.075118179200219e-15
6000.056 1.2657454153399878e-14
6050.056 2.315268250000024e-14
6100.056 3.8578802879000386e-14
6150.056 5.940555623700039e-14
6200.056 8.684358163900046e-14
6250.056 1.1816019280000006e-13
6300.056 1.64979963892e-13
6350.056 2.2543251100000004e-13
6400.056 3.0261508640000106e-13
6450.056 3.5040222480999435e-13
6500.056 4.629990511000057e-13
6550.056 6.394637955699818e-13
6600.056 8.814423780300244e-13
6650.056 1.2356567982900109e-12
6700.056 1.5795671196700083e-12
6750.056 2.15750814910001e-12
6800.056 2.4659141621000133e-12
6850.056 2.389576570999996e-12
6900.056 1.7483227877800178e-12
6950.056 1.1488309912470125e-12
7000.056 1.264498851329965e-12
7050.056 1.2598558089590004e-12
7100.056 1.396089453319977e-12
7150.056 1.0019289336054515e-12
7200.056 6.974108149309569e-13
7250.056 8.079182316992554e-13
7300.056 8.121057965775751e-13
7350.056 1.0695895517149753e-12
7400.056 1.3459484554580568e-12
7450.056 1.835257886430096e-12
7500.056 2.281946143800002e-12
7550.056 2.6566449567000086e-12
7600.056 2.8714991850999992e-12
7650.056 1.7162751498399753e-12
7700.056 1.7510343941900294e-12
7750.056 3.642839656800031e-12
7800.056 4.395233281699985e-12
7850.056 5.062730786999931e-12
7900.056 6.106305193539929e-12
7950.056 7.099766413899991e-12
8000.056 8.290845113600027e-12
8050.056 9.514462228900142e-12
8100.056 6.534580938605641e-12
8150.056 4.7550019511666374e-12
8200.056 9.703241150209792e-12
8250.056 1.0290096433421917e-11
8300.056 1.1901362776504253e-11
8350.056 1.3030921424314626e-11
8400.056 1.6303415966286292e-11
8450.056 2.467489265123983e-11
8500.056 3.096477451349978e-11
8550.056 4.0610046639000703e-11
8600.056 5.066399556500023e-11
8650.056 5.8189399320000375e-11
8700.056 5.849491529200063e-11
8750.056 6.27339866300003e-11
8800.056 5.970384923899904e-11
8850.056 4.2482359314997676e-11
8900.056 4.513091369401707e-12
8950.056 2.8796910124319927e-12
9000.056 2.6159573202706738e-12
9050.056 1.320913021377323e-11
9100.056 1.6750905848638313e-11
9150.056 2.1861527132082864e-11
9200.056 4.81566541729237e-11
9250.056 3.453843616755826e-11
9300.056 3.876216959278878e-13
9350.056 6.002651568679992e-13
9400.056 4.636556198206931e-12
9450.056 3.903745898186463e-12
9500.056 2.8831054967523096e-12
9550.056 2.91771884393206e-12
9600.056 3.454289675417711e-12
9650.056 8.29590875111565e-12
9700.056 2.977578878906899e-11
9750.056 2.2045388899477404e-11
9800.056 2.6273529086508573e-11
9850.056 3.10796643011837e-11
9900.056 4.767364669166018e-11
9950.056 4.649901406600548e-11
10000.056 5.486317276139755e-11
10050.056 6.547076659000169e-11
10100.056 7.49270333540004e-11
10150.056 5.2792674653700635e-11
10200.056 2.677025083810314e-11
10250.056 3.9913808538494626e-11
10300.056 7.437432734155383e-11
10350.056 4.249155983103295e-11
10400.056 1.263715164257796e-10
10450.056 2.2514644092535556e-10
10500.056 3.7292432637220855e-10
10550.056 6.255427421200145e-10
10600.056 8.125306378000199e-10
10650.056 9.161278424500193e-10
10700.056 8.289231790619847e-10
10750.056 9.0389268271999e-10
10800.056 8.465395974968002e-10
10850.056 6.990226572608319e-10
10900.056 4.3301851935018014e-10
10950.056 1.5032799544257497e-10
11000.056 5.862818707664436e-11
11050.056 2.2251755241888458e-11
11100.056 7.156554825388894e-12
11150.056 1.6458585282140177e-12
11200.056 6.698445779639798e-13
11250.056 6.560114500572302e-13
11300.056 2.019905635384182e-12
11350.056 2.7630393969486796e-13
11400.056 3.295224435475112e-12
11450.056 1.4757744549531495e-12
11500.056 1.2585070726205358e-12
11550.056 1.699007602027972e-13
11600.056 4.603411605404096e-14
11650.056 4.946148506714915e-13
11700.056 6.928638718152692e-13
11750.056 1.2388246156864555e-13
11800.056 1.0416550648994817e-12
11850.056 1.2780438470576742e-12
11900.056 1.184319029854801e-12
11950.056 2.1867875891717947e-12
12000.056 4.191347651299995e-12
12050.056 8.626459880738282e-12
12100.056 1.2378533206087542e-11
12150.056 2.102787877244573e-11
12200.056 2.4817690433072286e-11
12250.056 5.722720894700706e-11
12300.056 1.314268857576919e-10
12350.056 1.680075884271371e-10
12400.056 3.371644180221954e-10
12450.056 6.383938151010232e-10
12500.056 7.849305829120643e-10
12550.056 1.0064447226110095e-09
12600.056 1.5339989210741369e-09
12650.056 2.0732305297339402e-09
12700.056 2.109584246310032e-09
12750.056 1.1060613375430827e-09
12800.056 5.207852295619268e-10
12850.056 1.9347453498069233e-10
12900.056 1.2355388259629903e-10
12950.056 7.969404984936313e-11
13000.056 9.688516209043325e-11
13050.056 4.540809318941726e-11
13100.056 3.7620313594507955e-11
13150.056 1.683115375114268e-11
13200.056 2.1396537055929926e-11
13250.056 1.7905891938127475e-11
13300.056 6.099487611437262e-12
13350.056 2.235320508361209e-12
13400.056 8.205094024159714e-13
13450.056 1.4652698026840226e-13
13500.056 3.241901285511187e-14
13550.056 5.362837073779061e-15
13600.056 5.552916769962965e-16
13650.056 7.776941589460409e-15
13700.056 2.9744503649155335e-15
13750.056 1.5802952004528527e-14
13800.056 1.229853241423449e-14
13850.056 4.297027779244053e-15
13900.056 1.217574229858123e-14
13950.056 8.722803146137063e-15
14000.056 1.433808530469044e-14
14050.056 2.378537648116613e-14
14100.056 2.5450007189631323e-14
14150.056 9.242094666288538e-14
14200.056 5.2301493822754647e-14
14250.056 9.47848618466235e-14
14300.056 3.698058831870049e-13
14350.056 2.954797761347449e-13
14400.056 2.909303468705725e-13
14450.056 7.108372784606845e-13
14500.056 1.814252279546503e-12
14550.056 2.0876687993840003e-12
14600.056 2.630697864654957e-12
14650.056 8.819674127016388e-13
14700.056 3.234893219227171e-13
14750.056 7.55610212817508e-14
14800.056 1.274001074972426e-13
14850.056 1.691587344288962e-13
14900.056 1.5631226604403268e-13
14950.056 8.669812037497527e-14
15000.056 3.6693559216389504e-13
15050.056 3.7303612194898493e-13
15100.056 1.3626490687873554e-13
15150.056 4.165469144445961e-14
15200.056 2.742802876003014e-13
15250.056 6.618665987313064e-13
15300.056 9.140490440591702e-13
15350.056 1.5030852727575607e-12
15400.056 1.7849856005649043e-12
15450.056 2.7514733956943405e-12
15500.056 3.684626008820994e-12
15550.056 1.127617164193963e-11
15600.056 2.120880400791192e-11
15650.056 4.995059346799427e-11
15700.056 1.1523772817090817e-10
15750.056 1.940572890215117e-10
15800.056 2.7009425683380413e-10
15850.056 3.895042212030624e-10
15900.056 4.68638799565993e-10
15950.056 5.771335242199714e-10
16000.056 4.721061836400276e-10
16050.056 2.625268069039729e-10
16100.056 1.306022136122938e-10
16150.056 5.2750937897690874e-11
16200.056 2.0258953071669542e-11
16250.056 9.260003671556462e-12
16300.056 4.110833808438596e-12
16350.056 6.159728510081034e-12
16400.056 7.979943567035543e-12
16450.056 6.631731223688664e-12
16500.056 4.753910761805629e-12
16550.056 4.339902052393607e-12
16600.056 1.3069883754067944e-11
16650.056 8.100637920797747e-12
16700.056 7.846382731535497e-13
16750.056 3.722145648813545e-12
16800.056 6.670843875506821e-12
16850.056 7.429913319237756e-12
16900.056 2.1665890158373896e-12
16950.056 1.089520535459916e-12
17000.056 4.1557471685817727e-13
17050.056 1.0649698282441446e-12
17100.056 2.9291442160251717e-12
17150.056 1.2644729537966575e-12
17200.056 7.819172012876453e-12
17250.056 2.3027848418904537e-12
17300.056 1.4067701424371823e-12
17350.056 1.937690875963377e-12
17400.056 5.02827301507787e-12
17450.056 6.883674981722185e-12
17500.056 1.1318583249116399e-11
17550.056 9.784911887824474e-12
17600.056 7.469068495434528e-12
17650.056 5.004020413661697e-12
17700.056 4.16661719994772e-12
17750.056 3.826040965152173e-12
17800.056 1.3907406969381439e-11
17850.056 4.092454230274588e-12
17900.056 2.7506755832093104e-12
17950.056 1.7907924479031485e-12
18000.056 3.720341721656587e-12
18050.056 2.002981735384829e-12
18100.056 2.5854432136710117e-12
18150.056 1.4056962812895015e-12
18200.056 9.999343581506008e-13
18250.056 5.6692742817454375e-12
18300.056 4.340900286339949e-13
18350.056 3.610673313155196e-13
18400.056 1.7462622138855623e-13
18450.056 2.449794065652808e-12
18500.056 2.4713287481197775e-12
18550.056 9.295871908963893e-13
18600.056 1.821352986779771e-12
18650.056 1.1353225424661483e-12
18700.056 8.772515693850127e-14
18750.056 2.391168493935671e-13
18800.056 4.8528677154996336e-12
18850.056 4.409768359114439e-12
18900.056 4.480796347348732e-12
18950.056 7.547338153668253e-12
19000.056 9.072588913090593e-13
19050.056 3.12244899113771e-13
19100.056 1.2553451145906119e-12
19150.056 4.0826711440000356e-13
19200.056 9.187914557701452e-13
19250.056 6.211974211841551e-13
19300.056 3.3447045254689874e-13
19350.056 3.0629225568128313e-13
19400.056 2.43590215270664e-13
19450.056 4.719920319059348e-13
19500.056 2.428119161298085e-13
19550.056 7.870375892446805e-13
19600.056 2.5393294692652517e-12
19650.056 1.3645193252843823e-12
19700.056 2.16553311392366e-12
19750.056 4.285591201009501e-12
19800.056 2.0456520426991507e-12
19850.056 2.4444974053091615e-12
19900.056 4.66452024376971e-12
19950.056 7.89610502421051e-12
20000.056 1.1605173177669206e-11
20050.056 6.538489946228457e-12
20100.056 1.2981022492165332e-11
20150.056 6.749103556876534e-12
20200.056 3.455070473945741e-12
20250.056 1.1697547609642419e-11
20300.056 1.6303116986084248e-11
20350.056 2.0988498605793304e-11
20400.056 1.3648613928399499e-11
20450.056 3.4204422289353745e-11
20500.056 4.325963421508816e-11
20550.056 5.514443699871096e-11
20600.056 6.18492232996227e-11
20650.056 8.876790438822852e-11
20700.056 1.0706225022042024e-10
20750.056 1.3937832030248387e-10
20800.056 1.3099772331776725e-10
20850.056 1.8246759053800593e-10
20900.056 2.0633006863098248e-10
20950.056 2.0040454530601312e-10
21000.056 2.0108301481801091e-10
21050.056 2.2980085821998322e-10
21100.056 2.1433521742700687e-10
21150.056 2.147031852439889e-10
21200.056 1.9406517884422017e-10
21250.056 1.7585365727037047e-10
21300.056 1.3853964427391437e-10
21350.056 1.3632141537335065e-10
21400.056 1.293465989240395e-10
21450.056 8.956175214876294e-11
21500.056 7.11713209404629e-11
21550.056 6.786782618358638e-11
21600.056 5.225098969277042e-11
21650.056 3.0673496833703227e-11
21700.056 2.181762190348896e-11
21750.056 2.426374646442943e-11
21800.056 1.3328705137796716e-11
21850.056 1.3392966954829372e-11
21900.056 8.388332451210886e-12
21950.056 2.1719969253118567e-12
22000.056 1.4322216072375917e-13
22050.056 4.0798972020249684e-13
22100.056 2.184345804840008e-12
22150.056 1.2421439743417667e-12
22200.056 1.1760974455736781e-12
22250.056 8.953707098173759e-13
22300.056 2.932189928134341e-13
22350.056 5.097815672136697e-13
22400.056 1.1659397453773355e-13
22450.056 2.580648298794586e-13
22500.056 1.9942408440681337e-13
22550.056 6.428332204911776e-14
22600.056 4.677370472547854e-14
22650.056 1.157449175912343e-13
22700.056 1.0435496247677189e-13
22750.056 2.12261180985806e-13
22800.056 2.4173602016417245e-13
22850.056 1.4933050870697812e-13
22900.056 9.509990126866296e-14
22950.056 5.282345707158717e-14
23000.056 9.659215913722939e-14
23050.056 9.257240010310773e-14
23100.056 1.4632366742067896e-12
23150.056 1.6318033628977397e-12
23200.056 1.8966765833689247e-14
23250.056 1.668565824143836e-13
23300.056 1.2881574544360037e-13
23350.056 2.467886563360167e-13
23400.056 1.6338379253023548e-13
23450.056 6.090412285308323e-14
23500.056 7.052697918794554e-14
23550.056 2.1751367881449998e-13
23600.056 7.648958777142229e-13
23650.056 9.805178628427344e-13
23700.056 8.557653674208771e-14
23750.056 1.068494036714586e-13
23800.056 1.0036557345538976e-12
23850.056 4.852195343829828e-13
23900.056 1.5272890763773772e-12
23950.056 4.65207617025148e-13
24000.056 1.884673637846056e-12
24050.056 2.2727037581524235e-12
24100.056 3.862496893453865e-12
24150.056 5.562452072800002e-12
24200.056 2.6410941678862754e-12
24250.056 2.0160071045854995e-12
24300.056 4.928544882371785e-12
24350.056 3.689527218440138e-12
24400.056 1.31878536247465e-11
24450.056 1.5148228583217012e-11
24500.056 1.2348251143820043e-11
24550.056 2.3827078218461324e-11
24600.056 2.5855566865669392e-11
24650.056 4.839794115525048e-11
24700.056 2.598464733649984e-11
24750.056 3.748428469635625e-11
24800.056 2.683861752939637e-11
24850.056 5.199341113482444e-11
24900.056 1.8226873783688402e-11
24950.056 3.957716838639465e-11
25000.056 4.379463835103709e-11
25050.056 2.3852962969911077e-11
25100.056 4.194161763695504e-11
25150.056 1.4719196342735488e-11
25200.056 2.2607797054437688e-11
25250.056 6.845620179030941e-12
25300.056 8.205736881029163e-12
25350.056 3.5077842573028584e-12
25400.056 9.967607900500048e-12
25450.056 2.0720287130587654e-12
25500.056 1.532247474880021e-12
25550.056 4.514697727064368e-12
25600.056 1.6407299178685308e-12
25650.056 6.574690558005493e-13
25700.056 4.4548026621704754e-13
25750.056 1.1463545475033117e-13
25800.056 8.35353526409439e-13
25850.056 9.446096317679525e-14
25900.056 1.2779371557395485e-13
25950.056 2.5422672930588734e-14
26000.056 5.536573525568654e-13
26050.056 3.7176275440486337e-14
26100.056 2.296658526988981e-13
26150.056 7.18854656899762e-14
26200.056 1.1139991782687309e-13
26250.056 1.3508576349872372e-12
26300.056 1.3864059296310351e-13
26350.056 4.017767717301508e-12
26400.056 9.180552062304164e-12
26450.056 4.198038199998715e-12
26500.056 1.5603107735710602e-11
26550.056 5.765818812474143e-13
26600.056 5.670862188761946e-13
26650.056 5.627268310796137e-14
26700.056 4.0133578118712296e-14
26750.056 7.986375579353239e-14
26800.056 3.9047523196949026e-13
26850.056 2.0736270249241255e-13
26900.056 1.3906007394975525e-12
26950.056 3.0050969482427585e-13
27000.056 2.2532362020090347e-12
27050.056 4.150573777671269e-12
27100.056 1.3096687462683394e-13
27150.056 3.396492613739939e-12
27200.056 1.4047134677664147e-13
27250.056 8.264626201909189e-13
27300.056 1.3014505972367084e-11
27350.056 2.6329054383001205e-12
27400.056 9.164268252645997e-14
27450.056 4.442785714484164e-12
27500.056 6.018563192544404e-12
27550.056 5.605075432756819e-13
27600.056 2.293832051522834e-12
27650.056 4.346670790992926e-13
27700.056 4.981676530076371e-13
27750.056 4.716226085597412e-12
27800.056 1.1362557292319988e-12
27850.056 2.6097705879502646e-12
27900.056 3.0580655951010733e-12
27950.056 7.795328326981335e-12
28000.056 9.235533283699422e-12
28050.056 5.60028276508388e-13
28100.056 9.347363152395043e-12
28150.056 6.795478254605499e-12
28200.056 1.0652700083284665e-12
28250.056 1.3415756883904211e-11
28300.056 1.1640303978232113e-11
28350.056 1.4072819338277092e-12
28400.056 7.19097288856562e-12
28450.056 1.6006063996633243e-11
28500.056 7.19765643980697e-12
28550.056 1.1804289052883561e-12
28600.056 1.446055609855293e-11
28650.056 7.078709234004178e-12
28700.056 1.6336199583953296e-11
28750.056 2.4381656240778984e-11
28800.056 6.268494825167928e-12
28850.056 3.23736336245251e-11
