galfind/configs/Brown_Dwarf_templates/sonora_bobcat/m+0.5/316g/sp_t1100g316nc_m+0.5_resample.dat
# %ECSV 1.0
# ---
# datatype:
# - {name: wav, unit: Angstrom, datatype: float64}
# - {name: flux_nu, unit: erg / (cm2 Hz s), datatype: float64}
# meta: {C/O: '1.00', Kzz: '1.0000E+05', Teff: '1100.', Y: '0.28', '[Fe/H]': '0.50', f_hole: '1.00', f_rain: '0.00', grav: '316.'}
# schema: astropy-2.0
wav flux_nu
[from data line 499]
28950.056 2.4857788283140483e-07
29000.056 2.0063449806955485e-07
29050.056 2.1396100592536675e-07
29100.056 1.6373977974653498e-07
29150.056 2.517040960390834e-07
29200.056 1.9584212705653127e-07
29250.056 2.5343428601391373e-07
29300.056 1.775145671117256e-07
29350.056 3.263558575441168e-07
29400.056 2.1908121095656132e-07
29450.056 2.3838578460617612e-07
29500.056 2.472886067525777e-07
29550.056 2.35112772571292e-07
29600.056 2.657263211272985e-07
29650.056 2.5210171854116424e-07
29700.056 2.089465318391035e-07
29750.056 2.666010560082935e-07
29800.056 2.8109010336675636e-07
29850.056 2.771617566601542e-07
29900.056 2.5889985387184007e-07
29950.056 2.8334184253872953e-07
30000.056 2.6504054354459486e-07
30050.056 2.430474260899854e-07
30100.056 2.2915620094991323e-07
30150.056 3.0683841594998375e-07
30200.056 2.442290083869921e-07
30250.056 2.977181256370629e-07
30300.056 2.537710299490046e-07
30350.056 2.3425843312801465e-07
30400.056 2.6851985546799976e-07
30450.056 2.1324522492763773e-07
30500.056 1.7384812708201915e-07
30550.056 1.8413946128700865e-07
30600.056 1.9742123469498903e-07
30650.056 1.7297097749795827e-07
30700.056 1.7056663250217824e-07
30750.056 1.5696672610297866e-07
30800.056 1.3994524444002825e-07
30850.056 1.255023058139539e-07
30900.056 1.2831168098297358e-07
30950.056 1.1054365175502973e-07
31000.056 9.987583393260295e-08
31050.056 1.0896474323701072e-07
31100.056 8.462081595999127e-08
31150.056 9.223283943389456e-08
31200.056 1.00935888788016e-07
31250.056 7.599431169928598e-08
31300.056 7.672332063998977e-08
31350.056 7.317891266040126e-08
31400.056 6.205354059260334e-08
31450.056 6.39758944629889e-08
31500.056 5.574727911738409e-08
31550.056 5.967755138859689e-08
31600.056 5.086374661399776e-08
31650.056 4.7794028094301336e-08
31700.056 4.7844345489990424e-08
31750.056 4.2488089253616714e-08
31800.056 5.0036450467991365e-08
31850.056 4.49947378976068e-08
31900.056 5.0222926255997724e-08
31950.056 3.586797586310373e-08
32000.056 4.4295165724493495e-08
32050.056 4.619590684870177e-08
32100.056 4.631970633500892e-08
32150.056 4.74086763255928e-08
32200.056 4.304222649200036e-08
32250.056 5.23268674564062e-08
32300.056 4.2820158696499284e-08
32350.056 5.53655459705923e-08
32400.056 4.1965771874693433e-08
32450.056 5.2891444901081044e-08
32500.056 5.216908241310741e-08
32550.056 4.929686957519513e-08
32600.056 5.5623500917400575e-08
32650.056 7.158302795218926e-08
32700.056 6.487881134901103e-08
32750.056 7.024108127400579e-08
32800.056 6.715346397210672e-08
32850.056 7.22592729999879e-08
32900.056 8.066055973459204e-08
32950.056 8.198831762299144e-08
33000.056 7.092523006277804e-08
33050.056 6.441555677802805e-08
33100.056 4.279050721999588e-08
33150.056 2.7206862841802088e-08
33200.056 2.0916759830197387e-08
33250.056 1.3964916046196374e-08
33300.056 1.4309416612602533e-08
33350.056 1.895093608010033e-08
33400.056 2.3901814278994043e-08
33450.056 3.0504013955098794e-08
33500.056 4.125469068601333e-08
33550.056 4.298189432081293e-08
33600.056 5.69929473129936e-08
33650.056 6.064598804699599e-08
33700.056 5.5404822922590247e-08
33750.056 7.107103970500691e-08
33800.056 6.779295195630079e-08
33850.056 7.392537304599128e-08
33900.056 6.289293490299822e-08
33950.056 6.314435195499594e-08
34000.056 7.402367217601762e-08
34050.056 5.4996141246180696e-08
34100.056 7.429966627999058e-08
34150.056 6.620808733989483e-08
34200.056 6.122716902787907e-08
34250.056 6.626539318396989e-08
34300.056 6.079055734726841e-08
34350.056 5.338449161499997e-08
34400.056 5.3066569472194894e-08
34450.056 6.423148264999e-08
34500.056 6.118521441500065e-08
34550.056 5.679466206260234e-08
34600.056 7.290944305199772e-08
34650.056 6.297999817779623e-08
34700.056 6.50126165439959e-08
34750.056 6.745131494698482e-08
34800.056 6.449009002608777e-08
34850.056 6.403666722801596e-08
34900.056 7.32258526715824e-08
34950.056 7.203820948598618e-08
35000.056 9.194978778052201e-08
35050.056 6.832980143299085e-08
35100.056 7.785925549400262e-08
35150.056 7.773590139500549e-08
35200.056 8.357338694199676e-08
35250.056 9.70292093309793e-08
35300.056 8.62231515510168e-08
35350.056 8.183843099097702e-08
35400.056 8.918628114701537e-08
35450.056 6.836629714302807e-08
35500.056 1.0607686841000537e-07
35550.056 1.0477965010198546e-07
35600.056 9.29413288600326e-08
35650.056 1.0352507236699814e-07
35700.056 9.623380141599353e-08
35750.056 1.1181279688598475e-07
35800.056 1.4303852763000195e-07
35850.056 1.0121431581498878e-07
35900.056 1.268905801159977e-07
35950.056 1.196598611359855e-07
36000.056 1.2242746114602188e-07
36050.056 1.1944383075297652e-07
36100.056 1.2677552468992786e-07
36150.056 1.2796795749198035e-07
36200.056 1.3796495637597697e-07
36250.056 1.3393057009796416e-07
36300.056 1.4604489697601047e-07
36350.056 1.442630756820012e-07
36400.056 1.436699336999948e-07
36450.056 1.6582012952600701e-07
36500.056 1.709108333379842e-07
36550.056 1.7534146134504592e-07
36600.056 1.954774381700075e-07
36650.056 1.9569015356596145e-07
36700.056 2.0747532058997943e-07
36750.056 2.2001978290808032e-07
36800.056 2.2097581829599546e-07
36850.056 2.2136752857994764e-07
36900.056 2.2189691903097686e-07
36950.056 2.5671643615997586e-07
37000.056 2.5207122812199097e-07
37050.056 2.4797054208798245e-07
37100.056 2.7667992328298545e-07
37150.056 2.426100974930169e-07
37200.056 2.7597542133499404e-07
37250.056 2.864802786779532e-07
37300.056 2.5946602297390647e-07
37350.056 2.61168445083052e-07
37400.056 3.510058920099937e-07
37450.056 3.026912495060243e-07
37500.056 2.9914469702495873e-07
37550.056 3.4165053589814236e-07
37600.056 3.632880934400179e-07
37650.056 3.100404534699958e-07
37700.056 3.9410898445004326e-07
37750.056 3.293218433730044e-07
37800.056 3.4728711895020056e-07
37850.056 3.072243529040175e-07
37900.056 3.2196518683812346e-07
37950.056 3.477230643399347e-07
38000.056 4.15769564268009e-07
38050.056 4.1227324270407854e-07
38100.056 3.8100242006607146e-07
38150.056 4.46458147999973e-07
38200.056 4.6232096192609407e-07
38250.056 4.37964252271022e-07
38300.056 5.14183699839946e-07
38350.056 5.35846976680038e-07
38400.056 4.247649146598949e-07
38450.056 4.6682203390395193e-07
38500.056 3.795450636830979e-07
38550.056 4.941845447300607e-07
38600.056 5.115771538900031e-07
38650.056 4.974924835499565e-07
38700.056 5.318734298999825e-07
38750.056 5.624030353700075e-07
38800.056 4.936405360497599e-07
38850.056 4.968100165500306e-07
38900.056 5.771135487700564e-07
38950.056 5.515778928679693e-07
39000.056 5.79525951369988e-07
39050.056 5.613262792199377e-07
39100.056 5.623825073600861e-07
39150.056 5.787199064299978e-07
39200.056 6.016339661189722e-07
39250.056 6.409186932998681e-07
39300.056 5.781552348197867e-07
39350.056 6.677152385600474e-07
39400.056 6.432380613820887e-07
39450.056 6.402886926839752e-07
39500.056 6.032510595700689e-07
39550.056 6.480803711410602e-07
39600.056 6.816115245597915e-07
39650.056 6.9392768612e-07
39700.056 6.825460547400121e-07
39750.056 6.245287745870816e-07
39800.056 6.77650293999835e-07
39850.056 7.431534255599786e-07
39900.056 7.220854170400521e-07
39950.056 7.249837256198369e-07
40000.056 7.758223512101107e-07
40050.056 7.35928368720038e-07
40100.056 7.261427481780124e-07
40150.056 7.674122067899199e-07
40200.056 7.791221057698051e-07
40250.056 7.183254526598181e-07
40300.056 7.264751427300802e-07
40350.056 7.780657690400509e-07
40400.056 8.219869247799798e-07
40450.056 8.000268010101343e-07
40500.056 7.717549705100755e-07
40550.056 8.303642765779054e-07
40600.056 7.574374449100993e-07
40650.056 7.647085675658739e-07
40700.056 8.990045704199813e-07
40750.056 7.811745087898082e-07
40800.056 7.061083917297815e-07
40850.056 8.244807591601644e-07
40900.056 7.974914424340334e-07
40950.056 7.767262867000122e-07
41000.056 8.055213992900422e-07
41050.056 8.661359571899178e-07
41100.056 7.623652154399811e-07
41150.056 7.09155426143925e-07
41200.056 8.256701865699554e-07
41250.056 7.755945099999831e-07
41300.056 6.936444131498314e-07
41350.056 8.682345154000857e-07
41400.056 8.042297095001272e-07
41450.056 8.149890128601808e-07
41500.056 7.511496062019657e-07
41550.056 7.561705924200622e-07
41600.056 8.373236428320623e-07
41650.056 7.992379168800867e-07
41700.056 7.273972926198165e-07
41750.056 7.207242394099597e-07
41800.056 7.327769656099634e-07
41850.056 5.768023268100305e-07
41900.056 6.54859494741951e-07
41950.056 5.765022322901422e-07
42000.056 5.675773092600877e-07
42050.056 5.126657402899341e-07
42100.056 6.066321587600488e-07
42150.056 4.7164573572988385e-07
42200.056 4.7614712317400304e-07
42250.056 4.7643169348494117e-07
42300.056 4.2775983750002314e-07
42350.056 5.065053069001011e-07
42400.056 4.4097501772009876e-07
42450.056 4.238626435200193e-07
42500.056 4.339137870300017e-07
42550.056 4.3188631842996353e-07
42600.056 4.149934718080965e-07
42650.056 4.0939523477990693e-07
42700.056 4.2710921907809616e-07
42750.056 4.0608732548995736e-07
42800.056 4.010518322181123e-07
42850.056 4.5176374823986576e-07
42900.056 4.461868539800503e-07
42950.056 4.249784473398285e-07
43000.056 4.3708928250798603e-07
43050.056 3.82299744661171e-07
43100.056 4.346393068800238e-07
43150.056 4.2289807732806753e-07
43200.056 4.592199632300499e-07
43250.056 4.4759671268991325e-07
43300.056 4.634133280600083e-07
43350.056 4.2018301445995395e-07
43400.056 4.3604817384998965e-07
43450.056 4.254038402080671e-07
43500.056 4.1117458804997e-07
43550.056 4.358523009760429e-07
43600.056 4.686675987600202e-07
43650.056 4.296089169650397e-07
43700.056 4.5015649212990593e-07
43750.056 4.4516135711011423e-07
43800.056 4.2166763384598753e-07
43850.056 4.351516153000788e-07
43900.056 4.5093081893994344e-07
43950.056 4.015139231900312e-07
44000.056 3.928015866140462e-07
44050.056 4.5019875371004715e-07
44100.056 4.735388028800341e-07
44150.056 4.5716933031989736e-07
44200.056 4.510793846099878e-07
44250.056 4.3714469781200866e-07
44300.056 4.19942410317065e-07
44350.056 4.210392262110512e-07
44400.056 4.449098394799877e-07
44450.056 4.555446255099879e-07
44500.056 4.749741777200614e-07
44550.056 4.771134791299354e-07
44600.056 4.4584535403604974e-07
44650.056 4.77453649629071e-07
44700.056 4.224621661800071e-07
44750.056 4.715605143799816e-07
44800.056 4.6622210477000526e-07
44850.056 4.6359482052007987e-07
44900.056 4.2713085678003843e-07
44950.056 4.4046509390202785e-07
45000.056 4.6319568327996856e-07
45050.056 4.649656487699913e-07
45100.056 4.743154289199924e-07
45150.056 4.531652597569796e-07
45200.056 4.171792589900293e-07
45250.056 4.3736964991991945e-07
45300.056 4.411226239100337e-07
45350.056 4.489765368299485e-07
45400.056 4.682283454800373e-07
45450.056 4.348184452299329e-07
45500.056 4.502124531799778e-07
45550.056 4.870301370599337e-07
45600.056 4.6704587957000846e-07
45650.056 4.0849568873191965e-07
45700.056 4.596608104920612e-07
45750.056 4.203704887949923e-07
45800.056 4.503468085299921e-07
45850.056 5.074151130399805e-07
45900.056 5.064306304400219e-07
45950.056 4.3846287030001156e-07
46000.056 4.967013870350201e-07
46050.056 4.777425232400511e-07
46100.056 4.5304611125001435e-07
46150.056 4.6232065074997886e-07
46200.056 4.7136973916009216e-07
46250.056 4.0315870244496803e-07
46300.056 5.004653918819764e-07
46350.056 4.5239301801998805e-07
46400.056 4.62615498689992e-07
46450.056 4.718729031900449e-07
46500.056 4.37202595210019e-07
46550.056 4.99115025199982e-07
46600.056 4.877873109680074e-07
46650.056 6.082098137799137e-07
46700.056 5.475174310201265e-07
46750.056 4.340519398240021e-07
46800.056 4.419266904900452e-07
46850.056 5.502780657400826e-07
46900.056 5.169828038799273e-07
46950.056 5.546331623400148e-07
47000.056 4.7334649262000394e-07
47050.056 5.370789041198668e-07
47100.056 4.1687417101805736e-07
47150.056 4.613350985300347e-07
47200.056 5.152345816400514e-07
47250.056 4.504488641299874e-07
47300.056 4.266592175109424e-07
47350.056 4.620288333099508e-07
47400.056 5.225381485499328e-07
47450.056 4.595552531950109e-07
47500.056 5.318615836199315e-07
47550.056 4.659590788299755e-07
47600.056 5.066943091499516e-07
47650.056 4.0832701899790967e-07
47700.056 5.17216486791097e-07
47750.056 3.704143981190369e-07
47800.056 4.911653519299735e-07
47850.056 3.798575077889587e-07
47900.056 4.719364988899744e-07
47950.056 4.087827469400303e-07
48000.056 5.602291488400386e-07
48050.056 4.769444596900356e-07
48100.056 4.5818513895000324e-07
48150.056 4.556766241400514e-07
48200.056 4.952158992900353e-07
48250.056 4.386826470200059e-07
48300.056 5.428451658198579e-07
48350.056 3.992044015800184e-07
48400.056 4.2267627938596753e-07
48450.056 4.341465626700766e-07
48500.056 5.553851195199789e-07
48550.056 4.1132774543600533e-07
48600.056 5.051630724799917e-07
48650.056 4.4378232048997163e-07
48700.056 4.961245683700221e-07
48750.056 3.696920155290846e-07
48800.056 5.774584792200056e-07
48850.056 4.051815046949139e-07
48900.056 5.427245913900235e-07
48950.056 4.81182249970039e-07
49000.056 3.945564019759138e-07
49050.056 5.118378627499913e-07
49100.056 4.7615180644005487e-07
49150.056 4.887424967389949e-07
49200.056 4.881003070600144e-07
49250.056 5.160912542800457e-07
49300.056 4.470831862339847e-07
49350.056 4.159362420780359e-07
49400.056 5.014198519399883e-07
49450.056 4.595079159651288e-07
49500.056 4.4460342662997063e-07
49550.056 3.6196536632001824e-07
49600.056 4.4276478621208643e-07
49650.056 4.6575753215997663e-07
49700.056 4.2116609361290777e-07
49750.056 5.570841706998994e-07
49800.056 4.471418837100192e-07
49850.056 5.801551821900943e-07
49900.056 4.655338884420107e-07
49950.056 4.856195804099485e-07
50000.056 4.7548821828993903e-07
50050.056 5.049236441900125e-07
50100.056 4.954739518299896e-07
50150.056 3.9052373821998625e-07
50200.056 3.048232645380076e-07
50250.056 4.916963927399621e-07
50300.056 4.3290179090000025e-07
50350.056 5.579582943400169e-07
50400.056 4.697612393199672e-07
50450.056 4.348551312580741e-07
50500.056 5.311556389000655e-07
50550.056 4.66405966250017e-07
50600.056 4.7521130562993814e-07
50650.056 5.05846568900093e-07
50700.056 5.484357446098501e-07
50750.056 5.326143074000831e-07
50800.056 3.705597928859514e-07
50850.056 4.101520668700911e-07
50900.056 5.476817442799924e-07
50950.056 4.825170137901076e-07
51000.056 5.625867218500601e-07
51050.056 4.519117884000208e-07
51100.056 3.675254151929535e-07
51150.056 4.6402529715594575e-07
51200.056 5.512055561899801e-07
51250.056 4.804608091259206e-07
51300.056 4.1001245325818047e-07
51350.056 4.3761506420996736e-07
51400.056 3.434128960919642e-07
51450.056 2.9313921716192523e-07
51500.056 3.593673373630772e-07
51550.056 5.592035442880578e-07
51600.056 4.0696804689204783e-07
51650.056 4.3513322947993667e-07
51700.056 4.4336000260388746e-07
51750.056 3.691460382400302e-07
51800.056 4.90998434249867e-07
51850.056 4.762125897399762e-07
51900.056 5.656238511401209e-07
51950.056 4.911369731999515e-07
52000.056 3.1175677005897707e-07
52050.056 4.42426867409014e-07
52100.056 3.666202619799517e-07
52150.056 3.579429701720167e-07
52200.056 3.450335155279756e-07
52250.056 4.003244689400272e-07
52300.056 5.240473193299625e-07
52350.056 4.688101741260286e-07
52400.056 3.3378060975303246e-07
52450.056 4.5092540249002526e-07
52500.056 4.76667622259904e-07
52550.056 4.938351656398764e-07
52600.056 4.311658441400763e-07
52650.056 4.619405058141059e-07
52700.056 4.180687138080051e-07
52750.056 3.2708532243197613e-07
52800.056 3.845734463000392e-07
52850.056 3.82233816253911e-07
52900.056 3.9230551472203e-07
52950.056 4.029712159519747e-07
53000.056 4.803257438049857e-07
53050.056 3.391498179508768e-07
53100.056 3.7190726674992547e-07
53150.056 5.281554896600361e-07
53200.056 3.1240983928299474e-07
53250.056 5.039819972000302e-07
53300.056 4.823752882072349e-07
53350.056 4.795703838399577e-07
53400.056 4.82822288790042e-07
53450.056 3.431265327850237e-07
53500.056 2.60306108039928e-07
53550.056 3.6151150638792645e-07
53600.056 4.3740015701807894e-07
53650.056 3.561476738259818e-07
53700.056 3.5458348945607387e-07
