galfind/configs/Brown_Dwarf_templates/sonora_bobcat/m+0.5/316g/sp_t600g316nc_m+0.5_resample.dat
# %ECSV 1.0
# ---
# datatype:
# - {name: wav, unit: Angstrom, datatype: float64}
# - {name: flux_nu, unit: erg / (cm2 Hz s), datatype: float64}
# meta: {C/O: '1.00', Kzz: '1.0000E+05', Teff: '600.', Y: '0.28', '[Fe/H]': '0.50', f_hole: '1.00', f_rain: '0.00', grav: '316.'}
# schema: astropy-2.0
wav flux_nu
[from data line 499]
28950.056 3.660564285861954e-09
29000.056 2.8266153384689654e-09
29050.056 3.6706605726770738e-09
29100.056 2.3733298113665e-09
29150.056 3.6702501784380607e-09
29200.056 3.4134203472120544e-09
29250.056 5.565430909650561e-09
29300.056 2.402670240415372e-09
29350.056 8.127270020729592e-09
29400.056 3.4543250153313907e-09
29450.056 3.7029177258175154e-09
29500.056 5.635894550598394e-09
29550.056 3.4754339643793313e-09
29600.056 4.780771085543918e-09
29650.056 7.417735445385873e-09
29700.056 3.2108242154395403e-09
29750.056 6.263928530339634e-09
29800.056 6.103555086127556e-09
29850.056 7.252141202899278e-09
29900.056 5.944505706604059e-09
29950.056 5.709197537731523e-09
30000.056 3.599034421238741e-10
30050.056 9.978087242840623e-10
30100.056 2.241498831920751e-09
30150.056 5.506872730769475e-09
30200.056 4.393393162983087e-09
30250.056 9.48609052779893e-09
30300.056 1.0190372500155456e-08
30350.056 5.0603506916738394e-09
30400.056 1.0787901622735142e-08
30450.056 6.348597828059356e-09
30500.056 6.401515009777786e-09
30550.056 5.6849543686144255e-09
30600.056 1.1497435947683983e-08
30650.056 6.727082487524615e-09
30700.056 5.53012136095694e-09
30750.056 8.76525734217445e-09
30800.056 6.1208235753202325e-09
30850.056 6.588520700836242e-09
30900.056 4.0339970312445835e-09
30950.056 4.55077655227822e-09
31000.056 4.253514524391083e-09
31050.056 4.113012263325002e-09
31100.056 2.6685761564723565e-09
31150.056 4.539988731714746e-09
31200.056 6.252950530951493e-09
31250.056 4.10716556372465e-09
31300.056 2.9885080601223955e-09
31350.056 4.240351786321368e-09
31400.056 3.0609180062253543e-09
31450.056 3.355298988381095e-09
31500.056 1.7810752679995247e-09
31550.056 2.472209571536174e-09
31600.056 1.611256442618591e-09
31650.056 1.6038105811269647e-09
31700.056 1.7231036879161123e-09
31750.056 9.413495281501547e-10
31800.056 1.8089539892023636e-09
31850.056 6.180712241568727e-10
31900.056 1.1115865742197805e-09
31950.056 6.621376573390213e-10
32000.056 8.045952162000288e-10
32050.056 9.83630063062192e-10
32100.056 8.761128685216632e-10
32150.056 1.1056185389924389e-09
32200.056 6.366273921152046e-10
32250.056 1.4374588516496671e-09
32300.056 6.08219442271346e-10
32350.056 1.3578198423098879e-09
32400.056 5.019912810667288e-10
32450.056 1.1897715094790514e-09
32500.056 6.482448757889987e-10
32550.056 9.448050498789128e-10
32600.056 9.048348480149269e-10
32650.056 2.123851546942e-09
32700.056 1.2030414590451603e-09
32750.056 2.8890862539048062e-09
32800.056 2.2670882221458974e-09
32850.056 3.589560146238444e-09
32900.056 3.473609596132251e-09
32950.056 3.9014228389863735e-09
33000.056 2.4389225334961653e-09
33050.056 2.9108127555781006e-09
33100.056 8.981780769593838e-10
33150.056 7.781850357193768e-12
33200.056 4.131495607076798e-11
33250.056 3.35257503236281e-11
33300.056 1.0713112265571004e-10
33350.056 3.2430817995588966e-10
33400.056 7.883244752445492e-10
33450.056 9.494921258257676e-10
33500.056 2.437270169842154e-09
33550.056 9.883920956043393e-10
33600.056 2.3077364645429347e-09
33650.056 2.1795175598359075e-09
33700.056 1.3455878474565754e-09
33750.056 3.0224244484820224e-09
33800.056 8.883647755678127e-10
33850.056 1.942702785581822e-09
33900.056 1.7597333228664569e-09
33950.056 1.5528929152013408e-09
34000.056 2.7824318243668892e-09
34050.056 7.532571613326164e-10
34100.056 2.474905262521449e-09
34150.056 1.3843557950832648e-09
34200.056 2.442614758197664e-09
34250.056 1.8909040153921816e-09
34300.056 1.645520509543381e-09
34350.056 2.1331640799205155e-09
34400.056 1.133878327418104e-09
34450.056 2.483175230827225e-09
34500.056 1.7663403822639627e-09
34550.056 9.781625786648877e-10
34600.056 3.292728047720584e-09
34650.056 1.1923906731669004e-09
34700.056 2.699557491857458e-09
34750.056 2.050695909936905e-09
34800.056 1.6774072865046141e-09
34850.056 3.239336459936327e-09
34900.056 2.02094607052408e-09
34950.056 3.2248721098885986e-09
35000.056 6.080517458815008e-09
35050.056 2.631429043629449e-09
35100.056 5.217405524299343e-09
35150.056 4.501808265350848e-09
35200.056 4.272223743004768e-09
35250.056 6.947217378207783e-09
35300.056 3.822111285028371e-09
35350.056 4.534771137659528e-09
35400.056 4.845008307510745e-09
35450.056 3.2878204975047965e-09
35500.056 9.444805417693998e-09
35550.056 6.930417464983399e-09
35600.056 6.269129370397424e-09
35650.056 6.760896174187014e-09
35700.056 6.387800851604176e-09
35750.056 9.573753937653704e-09
35800.056 1.102803091637245e-08
35850.056 5.048233160929961e-09
35900.056 7.133893063528126e-09
35950.056 7.986701811880085e-09
36000.056 8.2114880988011e-09
36050.056 6.594048706022209e-09
36100.056 6.545264099752974e-09
36150.056 9.591400098622898e-09
36200.056 1.072166365832427e-08
36250.056 8.491298737641819e-09
36300.056 1.4086088882705681e-08
36350.056 1.0528955657432068e-08
36400.056 1.297681272888204e-08
36450.056 1.4336921919715446e-08
36500.056 1.6419160442500624e-08
36550.056 1.7781695462887795e-08
36600.056 2.0765933830992854e-08
36650.056 1.7700385366659847e-08
36700.056 1.8546610641860854e-08
36750.056 2.1731240864514078e-08
36800.056 2.3043003125858185e-08
36850.056 1.7074192326895127e-08
36900.056 2.3587266359987755e-08
36950.056 2.4450917097195795e-08
37000.056 1.9584107234913603e-08
37050.056 2.4861321642777973e-08
37100.056 2.3241080263057366e-08
37150.056 2.058377655655063e-08
37200.056 2.8070396398991994e-08
37250.056 2.2957973676776e-08
37300.056 1.9539751245820166e-08
37350.056 2.605612173327408e-08
37400.056 3.804599012718543e-08
37450.056 2.1650178053732672e-08
37500.056 2.4395656620583508e-08
37550.056 3.56312614380844e-08
37600.056 4.502470111645014e-08
37650.056 2.202029534767764e-08
37700.056 3.910106800674307e-08
37750.056 2.6553422217724322e-08
37800.056 2.8505167711025995e-08
37850.056 1.7272952312978234e-08
37900.056 2.2087753800460372e-08
37950.056 3.389150531592409e-08
38000.056 3.621505483669843e-08
38050.056 4.027439937281741e-08
38100.056 4.485955067488936e-08
38150.056 4.7965648074399815e-08
38200.056 4.8192170027609026e-08
38250.056 4.4390502584258105e-08
38300.056 6.444949332398281e-08
38350.056 6.39987684374209e-08
38400.056 3.431850344868992e-08
38450.056 2.839099949392384e-08
38500.056 1.8315610591510306e-08
38550.056 3.782935926621506e-08
38600.056 3.827216722114614e-08
38650.056 4.1798326652039954e-08
38700.056 3.972464701247892e-08
38750.056 4.192333995718761e-08
38800.056 4.0030881142304124e-08
38850.056 4.302384136548511e-08
38900.056 5.724662864561454e-08
38950.056 3.9417728357319514e-08
39000.056 5.238839648010057e-08
39050.056 4.154634587301662e-08
39100.056 5.024083149202993e-08
39150.056 5.6419954149474485e-08
39200.056 4.893394026752843e-08
39250.056 6.50156975604979e-08
39300.056 4.947634814088132e-08
39350.056 7.625863779650342e-08
39400.056 5.3386463532015344e-08
39450.056 6.35906806238815e-08
39500.056 6.649525256601962e-08
39550.056 5.1010154541816954e-08
39600.056 6.815596057372401e-08
39650.056 7.786418958338544e-08
39700.056 7.286335329881012e-08
39750.056 5.0390101653337436e-08
39800.056 5.972992949399851e-08
39850.056 9.070596197700728e-08
39900.056 9.207681135500395e-08
39950.056 6.45174424583861e-08
40000.056 9.448271424021684e-08
40050.056 8.653059863029641e-08
40100.056 5.4393675632853556e-08
40150.056 8.748496608315988e-08
40200.056 9.200750939996965e-08
40250.056 9.74059820654695e-08
40300.056 9.356033226650698e-08
40350.056 8.000989524918606e-08
40400.056 1.0632388072641152e-07
40450.056 7.365729386881031e-08
40500.056 1.1131716622998358e-07
40550.056 1.1256369488891488e-07
40600.056 1.0068384994501177e-07
40650.056 8.458473642217984e-08
40700.056 1.386592215654921e-07
40750.056 9.907757094998084e-08
40800.056 7.37995897915593e-08
40850.056 1.5056291147803886e-07
40900.056 1.322241074186057e-07
40950.056 1.1421783076281446e-07
41000.056 1.0814661797589187e-07
41050.056 1.5710205173196048e-07
41100.056 1.297276392649987e-07
41150.056 7.595920313790072e-08
41200.056 1.5494938004040715e-07
41250.056 1.2283107034499608e-07
41300.056 1.161783856591795e-07
41350.056 1.593535898959971e-07
41400.056 1.416511219650133e-07
41450.056 1.6347312828397834e-07
41500.056 1.1692481571996324e-07
41550.056 1.1325756516880913e-07
41600.056 1.361489476901008e-07
41650.056 1.5026406706050248e-07
41700.056 1.4759426694395435e-07
41750.056 1.3868308502797923e-07
41800.056 1.6762682925403747e-07
41850.056 1.255279224576839e-07
41900.056 1.336748033875474e-07
41950.056 1.406078688640237e-07
42000.056 1.2195438365143625e-07
42050.056 1.1493505400233457e-07
42100.056 1.6112070637418395e-07
42150.056 1.230219220124092e-07
42200.056 1.2257197259709856e-07
42250.056 1.2060036829849795e-07
42300.056 1.1765793501270316e-07
42350.056 1.5305033810902158e-07
42400.056 1.5827565248302373e-07
42450.056 1.405244927440455e-07
42500.056 1.359479191029869e-07
42550.056 1.2271671571797527e-07
42600.056 1.3906109919394346e-07
42650.056 1.9500392653193456e-07
42700.056 1.280933101848577e-07
42750.056 1.3603396648801308e-07
42800.056 1.6724064716102657e-07
42850.056 1.8294013929094136e-07
42900.056 1.9949202351904755e-07
42950.056 1.5254573076096767e-07
43000.056 1.7376487639902528e-07
43050.056 1.0285291732972619e-07
43100.056 1.4644407081897315e-07
43150.056 1.299847998745153e-07
43200.056 1.757199558530089e-07
43250.056 2.271876034770177e-07
43300.056 2.190346327160044e-07
43350.056 1.2587209360296673e-07
43400.056 1.6668613461499817e-07
43450.056 1.274398261440173e-07
43500.056 1.2956722135002593e-07
43550.056 1.3938629908432467e-07
43600.056 1.9729069911302507e-07
43650.056 1.348047534625057e-07
43700.056 2.1961778939803828e-07
43750.056 1.8782417771401218e-07
43800.056 1.747159823439839e-07
43850.056 1.531993478700161e-07
43900.056 1.4919835071098573e-07
43950.056 1.0064411924199091e-07
44000.056 9.643542345519598e-08
44050.056 2.0014897386000537e-07
44100.056 2.578556815710028e-07
44150.056 2.3873196125999273e-07
44200.056 2.0397478358599624e-07
44250.056 1.3057389370900204e-07
44300.056 1.090319617894201e-07
44350.056 1.2654626662794596e-07
44400.056 1.1796991231368895e-07
44450.056 1.809711623209852e-07
44500.056 1.7352087741803917e-07
44550.056 2.3623603848197356e-07
44600.056 2.0481199410660704e-07
44650.056 1.8954132467102768e-07
44700.056 1.2883662054599625e-07
44750.056 1.8700808265304102e-07
44800.056 1.4557758187481713e-07
44850.056 1.954077882380212e-07
44900.056 1.551507917530079e-07
44950.056 1.808122012780089e-07
45000.056 1.991594044320045e-07
45050.056 1.8810149172898065e-07
45100.056 1.7800369700400442e-07
45150.056 1.7545982875557083e-07
45200.056 1.3788385526801202e-07
45250.056 1.563734312499528e-07
45300.056 1.3374223837902196e-07
45350.056 1.336389513112224e-07
45400.056 2.466624027220259e-07
45450.056 2.1101939116301322e-07
45500.056 2.3257568581681314e-07
45550.056 2.525235758519276e-07
45600.056 2.399095255800447e-07
45650.056 1.9253534484019856e-07
45700.056 1.419679685245965e-07
45750.056 1.344939610171036e-07
45800.056 2.6266705710000354e-07
45850.056 2.3628296616298606e-07
45900.056 2.6655512802799664e-07
45950.056 2.137126041689961e-07
46000.056 2.5145917644901987e-07
46050.056 1.9338284888700929e-07
46100.056 2.749602714599724e-07
46150.056 1.8160973491300722e-07
46200.056 1.6547871953198845e-07
46250.056 8.597074075814611e-08
46300.056 1.931688522050037e-07
46350.056 1.958219335820239e-07
46400.056 1.7697369938900467e-07
46450.056 1.6176836854952134e-07
46500.056 1.8743786705704649e-07
46550.056 1.1528403592900671e-07
46600.056 1.6443758688877985e-07
46650.056 2.4991804772401466e-07
46700.056 1.5978589415895601e-07
46750.056 1.0285836240021266e-07
46800.056 7.393679516392518e-08
46850.056 2.4632714950503994e-07
46900.056 2.2315017995299068e-07
46950.056 2.1650803840798051e-07
47000.056 2.0673139841803814e-07
47050.056 1.6814657902893987e-07
47100.056 1.1557131712421562e-07
47150.056 1.648452230876281e-07
47200.056 2.0038060773199706e-07
47250.056 1.2879425945398464e-07
47300.056 8.923712601977346e-08
47350.056 2.355687581599909e-07
47400.056 1.9643457287198226e-07
47450.056 1.863327211814045e-07
47500.056 2.339844006709736e-07
47550.056 2.0275125835500932e-07
47600.056 2.004714104309905e-07
47650.056 1.9118421776478387e-07
47700.056 1.6325112700439745e-07
47750.056 1.2299542921380556e-07
47800.056 1.1281334610400968e-07
47850.056 7.064409157451092e-08
47900.056 9.931932160178511e-08
47950.056 1.7480510598001259e-07
48000.056 2.429528237000335e-07
48050.056 2.1095416420999629e-07
48100.056 9.927808365461076e-08
48150.056 1.6282184550200437e-07
48200.056 1.252571137166019e-07
48250.056 1.4303469926500797e-07
48300.056 2.2266792285996126e-07
48350.056 1.3689233305600065e-07
48400.056 5.5247535768057e-08
48450.056 1.0851224010350778e-07
48500.056 1.55954082586968e-07
48550.056 1.5460077973961206e-07
48600.056 1.684872006100032e-07
48650.056 2.087681096739858e-07
48700.056 1.491488790500095e-07
48750.056 9.724308507704901e-08
48800.056 2.0315251264900005e-07
48850.056 1.1929133720787894e-07
48900.056 1.7788824645868735e-07
48950.056 1.0452067760000695e-07
49000.056 5.5919980572055454e-08
49050.056 1.4869762358197813e-07
49100.056 1.7941684004223537e-07
49150.056 1.337190598839136e-07
49200.056 2.0192549022504033e-07
49250.056 1.9553767794402625e-07
49300.056 1.6675593503699683e-07
49350.056 7.867760204051549e-08
49400.056 1.1232666836447362e-07
49450.056 1.1765536778258524e-07
49500.056 9.328955082029136e-08
49550.056 3.2642441117802424e-08
49600.056 7.358802155699438e-08
49650.056 1.2024476399799575e-07
49700.056 1.2298083250495928e-07
49750.056 1.4071355489798978e-07
49800.056 1.0209748465046112e-07
49850.056 1.7575210653703671e-07
49900.056 1.3824577786718541e-07
49950.056 1.3686206482500302e-07
50000.056 1.1709933572507506e-07
50050.056 1.4447808303800024e-07
50100.056 1.1207426571999965e-07
50150.056 6.462663798298856e-08
50200.056 1.9635841060386594e-08
50250.056 8.439324119699277e-08
50300.056 5.90063601530078e-08
50350.056 1.3674219954701782e-07
50400.056 1.283588713541882e-07
50450.056 9.728814284840415e-08
50500.056 1.4217438223401376e-07
50550.056 1.253772411250107e-07
50600.056 9.665292096897324e-08
50650.056 1.4923778099802763e-07
50700.056 1.53007201370961e-07
50750.056 1.068514283678137e-07
50800.056 4.9899525488152057e-08
50850.056 3.583919123151514e-08
50900.056 1.34711816579e-07
50950.056 1.0382634204400158e-07
51000.056 9.860921062004602e-08
51050.056 1.176566757189875e-07
51100.056 5.170211009810527e-08
51150.056 6.889883626749095e-08
51200.056 1.6129649346999077e-07
51250.056 1.025189788831816e-07
51300.056 7.552357664933194e-08
51350.056 7.958447378119234e-08
51400.056 3.71432173578038e-08
51450.056 2.957676174009193e-08
51500.056 2.9565990644191633e-08
51550.056 8.880431544060905e-08
51600.056 6.519777552301573e-08
51650.056 7.578485254698745e-08
51700.056 8.615234594404897e-08
51750.056 5.7353362524458926e-08
51800.056 9.554422686398198e-08
51850.056 8.166382318499335e-08
51900.056 1.1811513159599883e-07
51950.056 7.776071367299145e-08
52000.056 1.4386319577835308e-08
52050.056 4.740098943520682e-08
52100.056 3.254853282999676e-08
52150.056 2.2596794995164045e-08
52200.056 4.085592871840015e-08
52250.056 5.815524702941505e-08
52300.056 8.641151167399605e-08
52350.056 4.125976647654373e-08
52400.056 3.6396629105802775e-08
52450.056 9.207234140900656e-08
52500.056 7.938948281867639e-08
52550.056 7.891267834999026e-08
52600.056 6.036921065540001e-08
52650.056 6.825453386530875e-08
52700.056 5.446339453019757e-08
52750.056 2.887289517865612e-08
52800.056 4.360799777890577e-08
52850.056 4.916606953918412e-08
52900.056 3.2094019421612144e-08
52950.056 4.218218205572386e-08
53000.056 6.384400744501242e-08
53050.056 2.8544241435592558e-08
53100.056 6.350477173838845e-08
53150.056 7.647363164100769e-08
53200.056 3.3771768934158616e-08
53250.056 7.010346795370485e-08
53300.056 8.33865021505584e-08
53350.056 6.77969452188015e-08
53400.056 4.999808055999178e-08
53450.056 2.2995430667493183e-08
53500.056 7.135963990219748e-09
53550.056 1.6008817196239765e-08
