galfind/configs/Brown_Dwarf_templates/sonora_bobcat/m+0.5/316g/sp_t1900g316nc_m+0.5_resample.dat
# %ECSV 1.0
# ---
# datatype:
# - {name: wav, unit: Angstrom, datatype: float64}
# - {name: flux_nu, unit: erg / (cm2 Hz s), datatype: float64}
# meta: {C/O: '1.00', Kzz: '1.0000E+05', Teff: '1900.', Y: '0.28', '[Fe/H]': '0.50', f_hole: '1.00', f_rain: '0.00', grav: '316.'}
# schema: astropy-2.0
wav flux_nu
4000.0559999999996 nan
4050.0559999999996 2.79703311941832e-09
4100.056 3.655234362440897e-09
4150.056 2.7400766870145334e-09
4200.056 1.9618554496291314e-09
4250.056 1.7557728120608296e-09
4300.056 1.214998698020367e-09
4350.056 1.3460771573000146e-09
4400.056 1.439589745730372e-09
4450.056 1.034446564150044e-09
4500.056 1.1344091596800745e-09
4550.056 1.4091820279397039e-09
4600.056 1.3259227262399931e-09
4650.056 1.220416750289899e-09
4700.056 1.4820070805601925e-09
4750.056 1.7268186453297745e-09
4800.056 1.3026927302301174e-09
4850.056 1.63649898713014e-09
4900.056 2.5087475523099193e-09
4950.056 2.8190701566000947e-09
5000.056 1.6913745675597576e-09
5050.056 1.7980813229301535e-09
5100.056 2.293229262690373e-09
5150.056 2.2090621652906455e-09
5200.056 1.9164207889399634e-09
5250.056 2.3168200990001528e-09
5300.056 2.600106897910021e-09
5350.056 2.7293455637002162e-09
5400.056 2.8313118528000043e-09
5450.056 2.296489693659897e-09
5500.056 1.7579265443599396e-09
5550.056 1.7743292738699023e-09
5600.056 1.526193968590051e-09
5650.056 1.1972481009699818e-09
5700.056 8.478925516899954e-10
5750.056 4.542462615399863e-10
5800.056 1.94044884599996e-10
5850.056 4.678500456149865e-11
5900.056 3.2854906341874647e-12
5950.056 1.2671536016200354e-10
6000.056 6.340011798400113e-10
6050.056 1.8362770047000273e-09
6100.056 3.4550641430001573e-09
6150.056 5.403441648399896e-09
6200.056 6.6846501847999914e-09
6250.056 8.97294229960023e-09
6300.056 1.283863552840015e-08
6350.056 1.6543396475000395e-08
6400.056 2.0374752246999968e-08
6450.056 2.5115948045998175e-08
6500.056 2.7124195648997238e-08
6550.056 3.195068838299708e-08
6600.056 3.366011009300094e-08
6650.056 3.2801207083002565e-08
6700.056 2.3538982757536615e-08
6750.056 3.438452854700181e-08
6800.056 3.92094558920021e-08
6850.056 4.6707758113000064e-08
6900.056 5.2149579787001296e-08
6950.056 5.7416580378997774e-08
7000.056 6.745752713099587e-08
7050.056 6.539947274300271e-08
7100.056 5.0276148440997567e-08
7150.056 4.747398200200196e-08
7200.056 6.034373483799892e-08
7250.056 7.689882030500499e-08
7300.056 9.883148845100934e-08
7350.056 1.119220201800029e-07
7400.056 1.0843219978500504e-07
7450.056 9.896242237498627e-08
7500.056 9.762127426799784e-08
7550.056 9.716076114800154e-08
7600.056 6.796618916499768e-08
7650.056 1.0449944851153158e-08
7700.056 2.995760993170461e-09
7750.056 4.4914023025001274e-08
7800.056 8.244119205910246e-08
7850.056 1.2056615510700133e-07
7900.056 1.3076576384701527e-07
7950.056 1.2411751927993325e-07
8000.056 1.548730411959886e-07
8050.056 2.149937805499801e-07
8100.056 3.02340741639037e-07
8150.056 4.215927285900174e-07
8200.056 3.413598946331729e-07
8250.056 4.1697654839999605e-07
8300.056 3.7861803591008254e-07
8350.056 4.102774877200747e-07
8400.056 4.2660371924002003e-07
8450.056 3.243056888499574e-07
8500.056 3.0543448431768274e-07
8550.056 3.5415547385002735e-07
8600.056 3.8451990442290425e-07
8650.056 4.1762483225392963e-07
8700.056 4.2945365572607907e-07
8750.056 5.08091677000048e-07
8800.056 6.717794133901112e-07
8850.056 6.87624542420023e-07
8900.056 5.358303903900032e-07
8950.056 5.662858022587796e-07
9000.056 7.080438819500839e-07
9050.056 7.412421293499141e-07
9100.056 9.288871270100146e-07
9150.056 1.0831901926100203e-06
9200.056 1.0574669735601e-06
9250.056 7.466069910099454e-07
9300.056 6.132212103690352e-07
9350.056 6.845356153129144e-07
9400.056 7.673065753720684e-07
9450.056 8.579215077978416e-07
9500.056 9.9568934346786e-07
9550.056 1.1218645607680382e-06
9600.056 1.1710794365922728e-06
9650.056 1.333734393731259e-06
9700.056 1.4609721279508155e-06
9750.056 1.1670239847519685e-06
9800.056 1.2872423546178439e-06
9850.056 1.288151397909862e-06
9900.056 1.1260113359299645e-06
9950.056 1.0088968200000175e-06
10000.056 1.0122302859298964e-06
10050.056 1.0283865274299822e-06
10100.056 1.2717985549502957e-06
10150.056 1.2627156519898073e-06
10200.056 1.379544276209937e-06
10250.056 1.3653050478496484e-06
10300.056 1.3429045982198021e-06
10350.056 1.5447997357598356e-06
10400.056 1.7011875220499385e-06
10450.056 1.8201872945903348e-06
10500.056 1.7705130420598049e-06
10550.056 1.8147085612703505e-06
10600.056 1.9748198188203262e-06
10650.056 2.0634415734100003e-06
10700.056 2.204526228140149e-06
10750.056 2.4426054436402265e-06
10800.056 2.6541772908997992e-06
10850.056 2.8921056119597357e-06
10900.056 2.8325183835098286e-06
10950.056 2.6452529907494626e-06
11000.056 2.5118287556600335e-06
11050.056 1.8571602266220706e-06
11100.056 2.00622767949974e-06
11150.056 2.1106710151530275e-06
11200.056 2.157207051648981e-06
11250.056 2.4798710714272133e-06
11300.056 2.472470015697512e-06
11350.056 2.224896481180018e-06
11400.056 1.8201790362320817e-06
11450.056 2.451332057244844e-06
11500.056 2.811315177835943e-06
11550.056 2.6938424642266277e-06
11600.056 2.831454460572248e-06
11650.056 2.8905717596225036e-06
11700.056 2.2199582723731283e-06
11750.056 2.2890694158469655e-06
11800.056 2.3078808017190794e-06
11850.056 2.9600166736082665e-06
11900.056 3.0869131836522807e-06
11950.056 3.0903350639298365e-06
12000.056 2.843622432950083e-06
12050.056 3.2592724268802396e-06
12100.056 3.229555044059736e-06
12150.056 3.6168668210297477e-06
12200.056 3.667436064339396e-06
12250.056 3.957021231399424e-06
12300.056 4.111784846800545e-06
12350.056 4.1442073863003074e-06
12400.056 3.6885944538996873e-06
12450.056 3.070514313450076e-06
12500.056 3.3550684457594435e-06
12550.056 3.385139952120121e-06
12600.056 3.818721806400044e-06
12650.056 4.007229355099645e-06
12700.056 4.302839384900024e-06
12750.056 4.266513346600107e-06
12800.056 4.600097096399668e-06
12850.056 4.44309799644012e-06
12900.056 4.268844868629483e-06
12950.056 4.434859741919497e-06
13000.056 4.579543834109207e-06
13050.056 4.692083999089559e-06
13100.056 4.685934087409534e-06
13150.056 4.6833514327296595e-06
13200.056 4.48933317223978e-06
13250.056 4.1308820846131565e-06
13300.056 3.4991119912096556e-06
13350.056 2.1238358803543224e-06
13400.056 1.9216132622501445e-06
13450.056 1.6473463744642782e-06
13500.056 1.601585963928544e-06
13550.056 1.4809335477058712e-06
13600.056 1.3400833903083238e-06
13650.056 1.524129292323878e-06
13700.056 1.340891746992468e-06
13750.056 1.3490878703509784e-06
13800.056 1.576171404742108e-06
13850.056 1.547559890253144e-06
13900.056 1.5267354489425924e-06
13950.056 1.4411261813486943e-06
14000.056 1.339491225814494e-06
14050.056 1.3600099655890072e-06
14100.056 1.2012422254129027e-06
14150.056 1.2317945891839482e-06
14200.056 1.137445714578762e-06
14250.056 1.1190667586094818e-06
14300.056 1.1622694274832e-06
14350.056 1.1598724324383402e-06
14400.056 1.246362129847986e-06
14450.056 1.3016726703279264e-06
14500.056 1.4745254012022947e-06
14550.056 1.5074317922669432e-06
14600.056 1.586421063589619e-06
14650.056 1.5650923338083325e-06
14700.056 1.4416280825647926e-06
14750.056 1.5456363984194242e-06
14800.056 1.6214546085415507e-06
14850.056 1.7541642663695014e-06
14900.056 1.758597698267982e-06
14950.056 1.7765235098933378e-06
15000.056 1.8401297707974425e-06
15050.056 2.0343801041564578e-06
15100.056 2.0492313641062963e-06
15150.056 2.157995610230191e-06
15200.056 2.239087801601831e-06
15250.056 2.265559941829828e-06
15300.056 2.4101809256198388e-06
15350.056 2.4952577486300613e-06
15400.056 2.6062147916100705e-06
15450.056 2.7437775087702312e-06
15500.056 2.8082258865195172e-06
15550.056 2.984013033479832e-06
15600.056 2.9557826146303695e-06
15650.056 3.1217436065301165e-06
15700.056 3.367238963081181e-06
15750.056 3.5166848165496974e-06
15800.056 3.5368145316807697e-06
15850.056 3.4181958218001435e-06
15900.056 3.5247291445004323e-06
15950.056 3.612171975599827e-06
16000.056 3.695093508599759e-06
16050.056 3.8393708810002784e-06
16100.056 3.984314596100256e-06
16150.056 3.913828904600334e-06
16200.056 4.080461786899733e-06
16250.056 4.086229945599963e-06
16300.056 4.130901926100047e-06
16350.056 4.371018879299785e-06
16400.056 4.309878659200546e-06
16450.056 4.4274777378002695e-06
16500.056 4.5959027742004686e-06
16550.056 4.8165446916999025e-06
16600.056 4.575025301060594e-06
16650.056 4.9844585312002216e-06
16700.056 4.788526103149261e-06
16750.056 4.88338197595952e-06
16800.056 5.058982767980042e-06
16850.056 5.074504868449747e-06
16900.056 4.919170618090179e-06
16950.056 4.912668156549559e-06
17000.056 4.911232384000549e-06
17050.056 4.8229021383001825e-06
17100.056 4.5619155101608685e-06
17150.056 4.4779752743999995e-06
17200.056 4.09176614841968e-06
17250.056 3.843381277239914e-06
17300.056 3.918979949349442e-06
17350.056 3.718579818980404e-06
17400.056 3.8057032694140112e-06
17450.056 3.514996113718179e-06
17500.056 3.3587974596180445e-06
17550.056 3.3222154712103645e-06
17600.056 3.157306029903905e-06
17650.056 3.215345531082588e-06
17700.056 2.7470222320445843e-06
17750.056 2.630704115841025e-06
17800.056 2.6391906829096485e-06
17850.056 2.3960110099893756e-06
17900.056 2.438165482783878e-06
17950.056 2.3578554955255305e-06
18000.056 2.1385223912281796e-06
18050.056 2.146341228802796e-06
18100.056 2.052782616614914e-06
18150.056 2.3186605939477964e-06
18200.056 1.875021419909459e-06
18250.056 2.2695113459334744e-06
18300.056 2.1552558448209438e-06
18350.056 1.9971833630592796e-06
18400.056 1.9691704809031343e-06
18450.056 1.782792314013434e-06
18500.056 1.862281511623465e-06
18550.056 1.7276180668823496e-06
18600.056 1.4511715509270554e-06
18650.056 1.6858341364014718e-06
18700.056 1.8341511537654007e-06
18750.056 1.7531814824524877e-06
18800.056 1.8301475803997297e-06
18850.056 2.119566969321792e-06
18900.056 2.0456660288799344e-06
18950.056 2.0838507715819264e-06
19000.056 2.216069669389616e-06
19050.056 2.1329658270309938e-06
19100.056 2.2211485643016663e-06
19150.056 2.2994793741649496e-06
19200.056 2.266053841035912e-06
19250.056 2.153154106932465e-06
19300.056 2.2711867024220903e-06
19350.056 2.230062499410091e-06
19400.056 1.9460908210323405e-06
19450.056 2.2711459766722588e-06
19500.056 2.2590295685236692e-06
19550.056 1.9059731783187139e-06
19600.056 2.2284207005498517e-06
19650.056 2.2032331871973254e-06
19700.056 2.2166298783182454e-06
19750.056 2.062818836313338e-06
19800.056 2.1759519480786455e-06
19850.056 2.215517230437125e-06
19900.056 1.9604687686464957e-06
19950.056 2.3246603519600087e-06
20000.056 2.0417628424023086e-06
20050.056 2.2005105144039506e-06
20100.056 2.2995456831915984e-06
20150.056 2.2717011818002472e-06
20200.056 2.343696240497301e-06
20250.056 2.4711291261899183e-06
20300.056 2.484540067780178e-06
20350.056 2.5554186709196862e-06
20400.056 2.5389754247387105e-06
20450.056 2.727707711439732e-06
20500.056 2.718756166810224e-06
20550.056 2.7860123869301107e-06
20600.056 2.9850313049805146e-06
20650.056 2.922822005500744e-06
20700.056 3.0572597202803073e-06
20750.056 3.1262779455294697e-06
20800.056 3.262730898070181e-06
20850.056 3.2487493672098676e-06
20900.056 3.4274834281696343e-06
20950.056 3.4770481345598746e-06
21000.056 3.6676484362998045e-06
21050.056 3.68411030495009e-06
21100.056 3.739931137239955e-06
21150.056 3.963412590780231e-06
21200.056 3.933702126400349e-06
21250.056 4.158708214699586e-06
21300.056 4.03084050343994e-06
21350.056 4.347989289700209e-06
21400.056 4.1856349892004435e-06
21450.056 4.639491136200011e-06
21500.056 4.387034383800305e-06
21550.056 4.517630616299726e-06
21600.056 4.675434110500549e-06
21650.056 4.638291688600376e-06
21700.056 4.902038518399829e-06
21750.056 4.769713938619918e-06
21800.056 4.790323636799685e-06
21850.056 4.83046190059976e-06
21900.056 5.0121199760005585e-06
21950.056 4.907393967600266e-06
22000.056 5.112866181399854e-06
22050.056 4.88856945189931e-06
22100.056 5.097847485399911e-06
22150.056 5.150415557700443e-06
22200.056 4.966473047001151e-06
22250.056 5.291690462200385e-06
22300.056 5.235694700679628e-06
22350.056 5.056706653190328e-06
22400.056 5.361351227180359e-06
22450.056 5.266340855399228e-06
22500.056 5.372506097559672e-06
22550.056 5.275978435838983e-06
22600.056 5.295272805179805e-06
22650.056 5.229626482881159e-06
22700.056 5.239535268191204e-06
22750.056 5.455600480869724e-06
22800.056 5.1831705590401615e-06
22850.056 5.3099076557406135e-06
22900.056 5.4674225230097265e-06
22950.056 3.6786120787604753e-06
23000.056 4.193660154100351e-06
23050.056 4.404673928482401e-06
23100.056 4.156970260676535e-06
23150.056 4.346228588640746e-06
23200.056 4.342489271337142e-06
23250.056 3.4422122278282032e-06
23300.056 3.7897534066281476e-06
23350.056 3.940292324920146e-06
23400.056 3.7963564605380703e-06
23450.056 3.948759279569858e-06
23500.056 3.8475447252691205e-06
23550.056 3.325979365232949e-06
23600.056 3.379166783412791e-06
23650.056 3.667277134051609e-06
23700.056 3.616756938879022e-06
23750.056 3.5984616404037e-06
23800.056 3.5489775383543773e-06
23850.056 2.9696084205403697e-06
23900.056 3.315087250109582e-06
23950.056 3.4381281170209984e-06
24000.056 3.160249384719373e-06
24050.056 3.1599745310423257e-06
24100.056 2.8290926631792516e-06
24150.056 2.7744011257785675e-06
24200.056 2.793899899648902e-06
24250.056 2.7022443800503385e-06
24300.056 2.5956152615900986e-06
24350.056 2.3954395515902477e-06
24400.056 2.6621602707096965e-06
24450.056 2.3356720619797856e-06
24500.056 2.1566143953147977e-06
24550.056 2.1050931919740175e-06
24600.056 2.174086552560401e-06
24650.056 2.3569251843378994e-06
24700.056 1.9269697845139334e-06
24750.056 1.8251026036676412e-06
24800.056 1.76403237263642e-06
24850.056 2.097362161415891e-06
24900.056 1.5464303764810323e-06
24950.056 1.986609130556664e-06
25000.056 1.7485803182950818e-06
25050.056 1.3555207429984344e-06
25100.056 1.6714703458730185e-06
25150.056 1.408715893951993e-06
25200.056 1.51970657648368e-06
25250.056 1.414094050835631e-06
25300.056 1.5637847696150716e-06
25350.056 1.2564355961770186e-06
25400.056 1.4443090758306152e-06
25450.056 1.2579480044919969e-06
25500.056 1.3605903795894984e-06
25550.056 1.2662005541892119e-06
25600.056 1.318483561401117e-06
25650.056 1.1559061913309965e-06
25700.056 1.5272158390263685e-06
25750.056 1.0570301299871952e-06
25800.056 1.4451269530393423e-06
25850.056 1.2503932245337647e-06
25900.056 1.4278540761492677e-06
25950.056 1.202739721712909e-06
26000.056 1.4351044044405763e-06
26050.056 1.5134909583341081e-06
26100.056 1.5075198557960558e-06
26150.056 1.5034720675475167e-06
26200.056 1.4243767824670378e-06
26250.056 1.470970635599365e-06
26300.056 1.4723251300751547e-06
26350.056 1.4992280714488557e-06
26400.056 1.5474782449615207e-06
26450.056 1.5269225334542505e-06
26500.056 1.6072912005993392e-06
26550.056 1.5370774103305392e-06
26600.056 1.833390147393517e-06
26650.056 1.3661449638417564e-06
26700.056 1.3946823114260009e-06
26750.056 1.2047378725453497e-06
26800.056 1.407265282336512e-06
26850.056 1.0939512747190332e-06
26900.056 1.48071656612313e-06
26950.056 9.937466184359704e-07
27000.056 1.3954034143683688e-06
27050.056 1.1519259229509704e-06
27100.056 1.1640887306567032e-06
27150.056 1.2646635389829945e-06
27200.056 1.239233444883401e-06
27250.056 1.1494530030836052e-06
27300.056 1.3673892464299783e-06
27350.056 1.3056581197204937e-06
27400.056 1.0696592428739685e-06
27450.056 1.4792631134393364e-06
27500.056 1.341394728998832e-06
27550.056 1.247734647388048e-06
27600.056 1.5059060590277125e-06
27650.056 1.1329876063848034e-06
27700.056 1.093228860203169e-06
27750.056 1.5020543020401553e-06
27800.056 1.0484768676918426e-06
27850.056 1.1897097944592443e-06
27900.056 1.2306214260331786e-06
27950.056 1.441381124459837e-06
28000.056 1.3574179285494797e-06
28050.056 1.0034746544533032e-06
28100.056 1.5140927454996544e-06
28150.056 1.187915329533056e-06
28200.056 9.989715710690918e-07
28250.056 1.3164053957900895e-06
28300.056 1.5331153065122201e-06
28350.056 1.1555821725585032e-06
28400.056 1.2386884414419608e-06
28450.056 1.2905283974646748e-06
28500.056 1.3087382924046595e-06
28550.056 9.207581873486132e-07
28600.056 1.52751825303996e-06
28650.056 1.3933291546028022e-06
28700.056 1.2385791354406796e-06
