galfind/configs/Brown_Dwarf_templates/sonora_bobcat/m+0.5/316g/sp_t200g316nc_m+0.5_resample.dat
# %ECSV 1.0
# ---
# datatype:
# - {name: wav, unit: Angstrom, datatype: float64}
# - {name: flux_nu, unit: erg / (cm2 Hz s), datatype: float64}
# meta: {C/O: '1.00', Kzz: '1.0000E+05', Teff: '200.', Y: '0.28', '[Fe/H]': '0.50', f_hole: '1.00', f_rain: '0.00', grav: '316.'}
# schema: astropy-2.0
wav flux_nu
4000.0559999999996 nan
4050.0559999999996 1.3824277662100208e-19
4100.056 1.913781495450022e-18
4150.056 6.828884166700047e-18
4200.056 1.2848469108000069e-17
4250.056 3.711254503800023e-17
4300.056 7.755565229500035e-17
4350.056 1.4040671321000057e-16
4400.056 2.1986947997000034e-16
4450.056 3.1412955619000074e-16
4500.056 5.485866999200018e-16
4550.056 8.845894603500026e-16
4600.056 1.232624675400003e-15
4650.056 1.567553505700002e-15
4700.056 1.702587940600002e-15
4750.056 1.711606380300001e-15
4800.056 1.6605569231999988e-15
4850.056 1.3298439178999965e-15
4900.056 1.1483170698999985e-15
4950.056 1.0176414352799987e-15
5000.056 6.5734106118999525e-16
5050.056 3.358744552899988e-16
5100.056 3.8208626896000335e-16
5150.056 5.404945664400014e-16
5200.056 7.29669389230002e-16
5250.056 8.219737357700009e-16
5300.056 9.06796553250001e-16
5350.056 9.884975578999996e-16
5400.056 9.033099758499993e-16
5450.056 9.724589561200046e-16
5500.056 1.1777984882900018e-15
5550.056 1.4687174003000026e-15
5600.056 1.6883079088000016e-15
5650.056 1.7830851994999975e-15
5700.056 1.4248696584000026e-15
5750.056 1.5583553666000038e-15
5800.056 1.581996392000003e-15
5850.056 1.141098243539982e-15
5900.056 1.6559650710330629e-16
5950.056 9.465362996600282e-16
6000.056 2.141074770390009e-15
6050.056 6.005939950700078e-15
6100.056 1.3015011169300129e-14
6150.056 2.2663991083000148e-14
6200.056 3.4612754241000175e-14
6250.056 3.9977618929999875e-14
6300.056 5.500685721500003e-14
6350.056 7.523965329499992e-14
6400.056 9.597520827300033e-14
6450.056 6.721303208899856e-14
6500.056 7.06554845061014e-14
6550.056 1.0828959833499705e-13
6600.056 1.863368608400048e-13
6650.056 3.764104158200039e-13
6700.056 6.181144204500055e-13
6750.056 9.756127430400065e-13
6800.056 1.1299967697000004e-12
6850.056 1.0114973365999964e-12
6900.056 4.730974820425871e-13
6950.056 7.935317312690504e-14
7000.056 1.05901625023093e-13
7050.056 7.766416436910206e-14
7100.056 9.753080899699899e-14
7150.056 3.429012459560694e-14
7200.056 2.60298733770941e-15
7250.056 1.392671112020659e-15
7300.056 2.183251653528085e-15
7350.056 8.716197880469419e-15
7400.056 3.8519104472500754e-14
7450.056 1.8852420812200794e-13
7500.056 4.555366869700037e-13
7550.056 7.71633631400007e-13
7600.056 1.0145490632400044e-12
7650.056 8.200097501499925e-13
7700.056 9.032773711100102e-13
7750.056 1.5286685541000093e-12
7800.056 1.5775804845999947e-12
7850.056 9.470795739499716e-13
7900.056 7.473814075680156e-13
7950.056 1.1547392476689898e-12
8000.056 7.244257063499962e-13
8050.056 6.896382888900015e-13
8100.056 1.0084426066052425e-13
8150.056 7.789874944845053e-16
8200.056 2.6891953720042003e-14
8250.056 4.050012212360852e-14
8300.056 9.335292568711427e-15
8350.056 1.3599997676941604e-14
8400.056 5.0904229492728894e-14
8450.056 2.3627462714100803e-13
8500.056 4.707263494500062e-13
8550.056 7.810688438100119e-13
8600.056 1.0726089323900098e-12
8650.056 9.935790061199872e-13
8700.056 4.2897002722998594e-13
8750.056 2.2373450992999465e-13
8800.056 7.395653373099364e-14
8850.056 2.0852456367038082e-14
8900.056 6.699901385352025e-17
8950.056 4.491760854325388e-19
9000.056 4.659173816232517e-19
9050.056 1.2691684331963172e-17
9100.056 3.874950086811378e-17
9150.056 1.546836041353513e-16
9200.056 1.7385576387389428e-15
9250.056 7.871417391355044e-16
9300.056 2.5653844274444216e-19
9350.056 7.568848876909607e-21
9400.056 1.831649926175497e-18
9450.056 1.8817232784063646e-19
9500.056 6.004123597464735e-19
9550.056 3.321475392561394e-19
9600.056 2.705179296201038e-18
9650.056 2.0539519203040837e-17
9700.056 8.081405368081062e-16
9750.056 2.229634232185094e-16
9800.056 3.1433856622622857e-16
9850.056 3.86236823469963e-16
9900.056 5.70264451729066e-16
9950.056 5.146504137774571e-16
10000.056 4.627388390021895e-16
10050.056 5.121730823629833e-16
10100.056 3.8192311465000695e-16
10150.056 1.253197289697932e-16
10200.056 3.601931643401171e-18
10250.056 1.0208115748386541e-18
10300.056 1.1051883280218808e-17
10350.056 2.286555946048516e-18
10400.056 6.085772179780019e-17
10450.056 2.0665397979799473e-16
10500.056 1.442202667472203e-15
10550.056 9.406588211960277e-15
10600.056 2.1450406393000913e-14
10650.056 2.4478071918999728e-14
10700.056 1.4117591962799614e-14
10750.056 1.1732317115109605e-14
10800.056 1.0162181190890352e-14
10850.056 7.15877259214186e-15
10900.056 4.969207936699743e-15
10950.056 2.1328564680170107e-15
11000.056 6.473018713589116e-16
11050.056 1.7230725462194355e-16
11100.056 1.7320948763126654e-17
11150.056 8.494012719413047e-19
11200.056 5.913979699835694e-20
11250.056 7.696599909543224e-21
11300.056 3.7066855034258174e-19
11350.056 8.260766695835902e-21
11400.056 1.0518100939411386e-18
11450.056 3.6306385370797287e-19
11500.056 4.2519420230977386e-19
11550.056 8.145381920416021e-20
11600.056 2.2680875618553784e-21
11650.056 6.458032003848006e-20
11700.056 2.2218414820587465e-19
11750.056 6.090548127921207e-20
11800.056 4.93854528786394e-19
11850.056 2.701195287599574e-19
11900.056 7.62679152845662e-19
11950.056 2.099367303033476e-18
12000.056 1.684517385646115e-18
12050.056 2.4478834519770607e-18
12100.056 2.1113149010946424e-18
12150.056 2.9199647873869164e-18
12200.056 3.420112827916598e-18
12250.056 4.987020309056185e-17
12300.056 1.9797093229634034e-16
12350.056 3.0410585408298167e-16
12400.056 1.6605298285861092e-15
12450.056 8.89304464350054e-15
12500.056 1.3610116000139287e-14
12550.056 1.0382583963599998e-14
12600.056 2.2856023250131372e-14
12650.056 1.019269821959453e-13
12700.056 1.2843596524009593e-13
12750.056 3.8391845302472404e-14
12800.056 1.6356159042677346e-14
12850.056 2.7737681026697132e-15
12900.056 4.770836692693988e-16
12950.056 3.157925686244793e-16
13000.056 3.0281051404655825e-16
13050.056 9.632330297018769e-17
13100.056 8.327814474596018e-17
13150.056 1.20341689977961e-17
13200.056 2.032392679496677e-17
13250.056 6.017320891539199e-17
13300.056 1.058043411612417e-17
13350.056 6.828637433717245e-18
13400.056 2.7047465116548644e-18
13450.056 2.4159868917887896e-19
13500.056 9.587865516098144e-21
13550.056 1.1170484900116416e-21
13600.056 5.1327057886043663e-23
13650.056 4.651657125168599e-22
13700.056 2.139272230353516e-22
13750.056 9.84447607247317e-22
13800.056 6.687210017071576e-22
13850.056 2.13376776149998e-22
13900.056 8.738407345386322e-22
13950.056 4.057293460646286e-22
14000.056 2.108704666590557e-21
14050.056 2.23466125911773e-21
14100.056 4.475394508133697e-21
14150.056 4.0947848395269923e-20
14200.056 5.1468237240605204e-20
14250.056 1.3610545264776171e-19
14300.056 4.0484114220598214e-19
14350.056 3.20588190866858e-19
14400.056 2.790303281202622e-19
14450.056 5.323728628670426e-19
14500.056 1.9170297402026784e-18
14550.056 1.4481173817493816e-17
14600.056 1.1428030448644506e-17
14650.056 1.2242081973191458e-18
14700.056 4.2525849145181926e-19
14750.056 4.428354059120858e-20
14800.056 5.460102727358815e-20
14850.056 3.4100887451170386e-20
14900.056 1.2161289739139471e-20
14950.056 1.181355875650468e-21
15000.056 8.269492577181022e-21
15050.056 1.7705828448737784e-19
15100.056 7.843669463823689e-21
15150.056 4.369990191040927e-22
15200.056 7.126178673239053e-20
15250.056 1.254797186463257e-19
15300.056 5.539498037922586e-19
15350.056 1.944929849403943e-18
15400.056 1.0611458762200772e-18
15450.056 5.121179862948633e-18
15500.056 1.2900993850390288e-17
15550.056 1.9011348443294754e-16
15600.056 8.780981564243027e-16
15650.056 4.145050112940795e-15
15700.056 1.7604731493113726e-14
15750.056 2.7911567064929314e-14
15800.056 4.11088694686218e-14
15850.056 8.243030600791147e-14
15900.056 1.232896350613964e-13
15950.056 2.515777096119981e-13
16000.056 2.6418539579999294e-13
16050.056 1.556651097559914e-13
16100.056 5.70824526855039e-14
16150.056 1.7374546136757597e-14
16200.056 2.132850221417187e-15
16250.056 2.6429599209246115e-16
16300.056 2.9061474252839494e-17
16350.056 8.96859346875678e-18
16400.056 8.578749397107248e-18
16450.056 9.68284256286258e-18
16500.056 7.239892303184798e-18
16550.056 9.450996781259527e-18
16600.056 2.335181109644659e-16
16650.056 2.0249661418605893e-17
16700.056 5.290773793940978e-18
16750.056 8.595161435815964e-18
16800.056 4.3928572421841484e-17
16850.056 4.1514072734814644e-17
16900.056 3.1226954347187932e-18
16950.056 2.0698567864046057e-18
17000.056 4.2027457541130106e-19
17050.056 3.2164794071020463e-19
17100.056 6.403141508848598e-18
17150.056 1.482250863753388e-18
17200.056 2.3356555025928006e-17
17250.056 1.9809469953777491e-19
17300.056 5.893306254580333e-19
17350.056 4.193976924524362e-18
17400.056 2.0427328767809312e-17
17450.056 4.080225813859698e-17
17500.056 1.6182239669421026e-16
17550.056 1.5610698147115818e-16
17600.056 2.494096308273946e-16
17650.056 3.126672716299595e-17
17700.056 2.1778323016783756e-17
17750.056 9.927058305780597e-18
17800.056 1.8808239359290425e-16
17850.056 1.1917876975898695e-17
17900.056 8.404347807226425e-18
17950.056 8.850440650482316e-18
18000.056 1.465467045061114e-17
18050.056 1.797827713632593e-17
18100.056 1.8366340378698973e-17
18150.056 6.550028869959276e-18
18200.056 7.474894038776385e-18
18250.056 4.5364951311472456e-17
18300.056 5.402676809130495e-18
18350.056 3.934055605214009e-18
18400.056 1.6679366763692442e-18
18450.056 1.3412880766432309e-17
18500.056 8.99825197065195e-18
18550.056 6.728341003861101e-18
18600.056 1.9731242323040633e-17
18650.056 3.0646089542107054e-17
18700.056 3.8652298975605135e-18
18750.056 5.257420782403068e-18
18800.056 5.606571107688844e-17
18850.056 3.78331396182297e-17
18900.056 7.495694163734599e-17
18950.056 6.511209477350941e-17
19000.056 1.3333743474328691e-17
19050.056 6.0211200671198285e-18
19100.056 1.9286810848144732e-17
19150.056 9.894007961243659e-18
19200.056 1.2036728252648399e-17
19250.056 7.354522502949369e-18
19300.056 3.3537974472954267e-18
19350.056 1.9620754206090444e-18
19400.056 7.733659893787696e-19
19450.056 1.2089276034588077e-19
19500.056 1.0544656615621727e-19
19550.056 8.145667504378677e-19
19600.056 2.335219495305059e-18
19650.056 9.218737892203933e-19
19700.056 2.975666350884239e-18
19750.056 7.845667632015769e-18
19800.056 2.8817234496245455e-18
19850.056 6.317236427731397e-18
19900.056 1.214380113997576e-17
19950.056 1.3910359266935834e-17
20000.056 1.4818808836691633e-17
20050.056 1.3367804721111724e-17
20100.056 2.6083742015627837e-17
20150.056 2.0147712431726736e-17
20200.056 8.855192151407933e-18
20250.056 7.551703461459537e-17
20300.056 1.5830608594434602e-16
20350.056 2.1235657315140496e-16
20400.056 1.6524894185757445e-16
20450.056 3.346495273372739e-16
20500.056 3.5076963571878387e-16
20550.056 3.748800708932868e-16
20600.056 4.116830665738672e-16
20650.056 4.3104971782154643e-16
20700.056 4.738080771989722e-16
20750.056 4.432473544099885e-16
20800.056 3.953591135999657e-16
20850.056 4.149813250500002e-16
20900.056 3.808947623800044e-16
20950.056 3.2785974128999423e-16
21000.056 2.9143600325999657e-16
21050.056 2.8154268340999804e-16
21100.056 2.7600338642999975e-16
21150.056 2.904391280800046e-16
21200.056 3.1126678629000473e-16
21250.056 3.5208558056998837e-16
21300.056 3.636035086300117e-16
21350.056 3.9869318747317404e-16
21400.056 4.711948295000211e-16
21450.056 3.7703775572365176e-16
21500.056 2.966633318430745e-16
21550.056 3.5837410278686764e-16
21600.056 3.3449061220722337e-16
21650.056 2.02288270716675e-16
21700.056 8.782155250863316e-17
21750.056 1.2321143994119717e-16
21800.056 1.057966265274836e-16
21850.056 1.1354248274857642e-16
21900.056 6.235577453566755e-17
21950.056 1.308834988506036e-17
22000.056 1.6167242437186919e-19
22050.056 2.357888781307893e-19
22100.056 1.418259809787155e-18
22150.056 4.0207964351437747e-19
22200.056 2.919358539555348e-19
22250.056 2.22226075768735e-19
22300.056 9.600769727055402e-21
22350.056 8.867514720913451e-20
22400.056 2.2537913195531018e-20
22450.056 5.757883602003692e-20
22500.056 4.7091970384398157e-20
22550.056 2.689062475185761e-21
22600.056 1.2505149171298427e-21
22650.056 6.330541879313835e-22
22700.056 2.2857500876490643e-21
22750.056 1.0924146343526293e-20
22800.056 1.9766197890848462e-20
22850.056 9.511120054751744e-21
22900.056 4.192614426404989e-21
22950.056 1.5909859168081634e-21
23000.056 1.0255659193286089e-21
23050.056 1.8871630054056962e-22
23100.056 8.924333465550126e-19
23150.056 1.2320055562998398e-18
23200.056 1.2667012103181438e-21
23250.056 6.261280099107943e-20
23300.056 9.927122825911642e-21
23350.056 4.87707432764056e-20
23400.056 1.2044136288873738e-19
23450.056 5.659190879004495e-21
23500.056 5.360170664475403e-21
23550.056 2.045129650935554e-20
23600.056 1.8214985617641475e-19
23650.056 9.285469807158373e-19
23700.056 6.875408272265396e-21
23750.056 3.207187461235472e-20
23800.056 7.736080255395263e-19
23850.056 1.2432608333164028e-19
23900.056 1.0857047353268664e-18
23950.056 2.0169496719113146e-19
24000.056 3.31265807446265e-18
24050.056 2.954606165061234e-18
24100.056 2.167843366227269e-17
24150.056 3.0202000933331887e-17
24200.056 1.1119630838730426e-17
24250.056 5.033313109439984e-18
24300.056 2.1483146672992413e-17
24350.056 5.287759170494459e-17
24400.056 1.445111114757381e-16
24450.056 2.5478042002479636e-16
24500.056 2.7721447616580355e-16
24550.056 6.361329558170504e-16
24600.056 1.1960778591775548e-15
24650.056 2.800223721093141e-15
24700.056 2.2042304441945484e-15
24750.056 3.886016766050832e-15
24800.056 4.202951739404988e-15
24850.056 5.244781070629321e-15
24900.056 4.387913699594129e-15
24950.056 6.385884652174711e-15
25000.056 7.900608621702287e-15
25050.056 8.274933532209704e-15
25100.056 7.45561364376198e-15
25150.056 4.534281881831023e-15
25200.056 6.424076380797754e-15
25250.056 4.025636502839299e-15
25300.056 3.5511712431778467e-15
25350.056 3.1175703524497687e-15
25400.056 5.4052426203005566e-15
25450.056 2.0899843213407434e-15
25500.056 1.2144327403425745e-15
25550.056 1.7912047952959494e-15
25600.056 5.759328493655178e-16
25650.056 2.5446311795824415e-16
25700.056 3.157595122755493e-16
25750.056 1.0325841115395157e-16
25800.056 1.053979692406449e-15
25850.056 1.385129824218633e-16
25900.056 4.1675824523686765e-17
25950.056 2.4024388224870725e-16
26000.056 5.328090609147374e-16
26050.056 2.781951983459496e-16
26100.056 6.034064110687421e-16
26150.056 5.164705295785489e-16
26200.056 6.865361211159651e-16
26250.056 1.8648430709221437e-15
26300.056 1.0515215815310478e-15
26350.056 2.328991989589686e-15
26400.056 5.1477112399115844e-15
26450.056 6.483818080720335e-15
26500.056 1.008190183410993e-14
26550.056 3.137593589802219e-15
26600.056 3.7196857960693075e-15
26650.056 1.4361432829039801e-15
26700.056 1.779495847348305e-15
26750.056 2.3610242249496737e-15
26800.056 5.315082877915081e-15
26850.056 4.186139173891207e-15
26900.056 7.712692536239264e-15
26950.056 3.3887035695866816e-15
27000.056 9.088456404999806e-15
27050.056 1.4772714282899414e-14
27100.056 3.2725649360922568e-15
27150.056 1.3242292931299608e-14
27200.056 3.982733092521336e-15
27250.056 7.460998775300469e-15
27300.056 2.9028067073100337e-14
27350.056 1.473553468088879e-14
27400.056 4.116759208739556e-15
27450.056 2.1485163597902206e-14
27500.056 2.3150960126457557e-14
27550.056 1.0154405226219473e-14
27600.056 2.059315369820038e-14
27650.056 1.0070069532420815e-14
27700.056 1.1407137815028942e-14
27750.056 2.654722821360189e-14
27800.056 1.4854791791500065e-14
27850.056 1.997286166509913e-14
27900.056 2.0401015715084422e-14
27950.056 1.9545804387727275e-14
28000.056 3.041756715590966e-14
28050.056 4.164186231846602e-15
28100.056 1.5879816426327064e-14
28150.056 1.5691832908640168e-14
28200.056 4.3821419165593456e-15
28250.056 6.125142949263758e-15
28300.056 2.8129693474994653e-15
28350.056 9.079106100304075e-16
28400.056 5.14741598635649e-15
28450.056 6.911854011671185e-16
28500.056 7.944786994522086e-16
28550.056 2.346075002012656e-15
28600.056 2.746032654475074e-15
28650.056 7.014400993044422e-16
28700.056 1.7273252617131648e-15
28750.056 1.9581089769062583e-15
28800.056 2.315274647971238e-16
