galfind/configs/Brown_Dwarf_templates/sonora_bobcat/m+0.5/316g/sp_t425g316nc_m+0.5_resample.dat
# %ECSV 1.0
# ---
# datatype:
# - {name: wav, unit: Angstrom, datatype: float64}
# - {name: flux_nu, unit: erg / (cm2 Hz s), datatype: float64}
# meta: {C/O: '1.00', Kzz: '1.0000E+05', Teff: '425.', Y: '0.28', '[Fe/H]': '0.50', f_hole: '1.00', f_rain: '0.00', grav: '316.'}
# schema: astropy-2.0
wav flux_nu
[from data line 498]
28900.056 9.67819780997064e-11
28950.056 1.443436882665706e-10
29000.056 9.453327505470326e-11
29050.056 1.4904094061134669e-10
29100.056 7.54327662839383e-11
29150.056 1.033813788986427e-10
29200.056 2.108856853546244e-10
29250.056 2.405888674782206e-10
29300.056 1.2359500638977936e-10
29350.056 3.457922671338313e-10
29400.056 1.5076510964241044e-10
29450.056 9.686948025373028e-11
29500.056 3.311698461817989e-10
29550.056 1.1698834608528107e-10
29600.056 1.584026386044643e-10
29650.056 4.8158448124396e-10
29700.056 1.0647433409324068e-10
29750.056 3.34192075752432e-10
29800.056 2.4758351491734137e-10
29850.056 3.954756772713487e-10
29900.056 1.9972679383013612e-10
29950.056 2.5463561332987987e-10
30000.056 4.6140272463127575e-12
30050.056 2.7475445413181013e-11
30100.056 1.0919055185699828e-10
30150.056 3.99013272190678e-10
30200.056 2.572341213480413e-10
30250.056 5.001847362464512e-10
30300.056 7.061364788898974e-10
30350.056 1.7295808456256158e-10
30400.056 6.610047427744309e-10
30450.056 4.441108501610597e-10
30500.056 3.137731755952606e-10
30550.056 2.514754715894529e-10
30600.056 1.4567425168384377e-09
30650.056 6.143472260539688e-10
30700.056 3.844987945417708e-10
30750.056 7.839626778407324e-10
30800.056 5.944150531554227e-10
30850.056 6.948708676460157e-10
30900.056 3.5607446058708493e-10
30950.056 3.3834426628440797e-10
31000.056 3.945924258142367e-10
31050.056 2.79334187665183e-10
31100.056 1.8036814245364303e-10
31150.056 3.381402294051304e-10
31200.056 8.872821418065591e-10
31250.056 4.738201255633319e-10
31300.056 3.021254981959296e-10
31350.056 6.449979188778052e-10
31400.056 4.3324491563120557e-10
31450.056 4.529333930922586e-10
31500.056 1.6535871231304724e-10
31550.056 2.872663912433895e-10
31600.056 1.9763902217641792e-10
31650.056 1.733412456718489e-10
31700.056 1.607996637955942e-10
31750.056 8.208530361878881e-11
31800.056 1.6493029727695902e-10
31850.056 3.0712520607764277e-11
31900.056 7.291967383171958e-11
31950.056 4.526239785276323e-11
32000.056 3.448364999364385e-11
32050.056 5.4981155297757686e-11
32100.056 4.6539189100865285e-11
32150.056 4.965703475333398e-11
32200.056 2.3380972674393765e-11
32250.056 6.25418619860467e-11
32300.056 1.774039382671545e-11
32350.056 6.033174639120119e-11
32400.056 9.29422979345458e-12
32450.056 4.5116726032541407e-11
32500.056 1.1072749316068065e-11
32550.056 3.414723341961912e-11
32600.056 1.2676565091596859e-11
32650.056 9.422000756318041e-11
32700.056 2.01620490254817e-11
32750.056 1.8764216385929556e-10
32800.056 1.0010293509439257e-10
32850.056 3.3944452038429265e-10
32900.056 2.884830143538521e-10
32950.056 3.0489449490986263e-10
33000.056 9.87896148715541e-11
33050.056 1.315471432851893e-10
33100.056 2.6547313398300552e-11
33150.056 9.029423297926635e-15
33200.056 6.137425010699822e-13
33250.056 9.112651973865613e-13
33300.056 8.825536238856404e-12
33350.056 2.925862310281156e-11
33400.056 1.1025672196307955e-10
33450.056 6.703584001983486e-11
33500.056 2.4323460625850974e-10
33550.056 4.7390831859803594e-11
33600.056 1.3571523524449744e-10
33650.056 1.2235619420136693e-10
33700.056 4.147246412236282e-11
33750.056 1.817505000486983e-10
33800.056 1.6488251286690636e-11
33850.056 8.756237829329556e-11
33900.056 9.727896071391728e-11
33950.056 7.426476186582446e-11
34000.056 1.7627490202079677e-10
34050.056 2.6149601134187873e-11
34100.056 1.6395226614892383e-10
34150.056 6.654629665547888e-11
34200.056 1.912697067916609e-10
34250.056 1.0857833954435866e-10
34300.056 1.1323137788944245e-10
34350.056 2.5305692337788316e-10
34400.056 7.042193996267699e-11
34450.056 2.407965806059703e-10
34500.056 1.177350135530135e-10
34550.056 8.262465513249579e-11
34600.056 4.081387742803297e-10
34650.056 6.132420179709146e-11
34700.056 2.82973273759178e-10
34750.056 1.7597374174405172e-10
34800.056 1.5406062775495088e-10
34850.056 4.895421960390965e-10
34900.056 1.1155082989504283e-10
34950.056 4.2905339782336545e-10
35000.056 7.853391633572516e-10
35050.056 3.617133643902476e-10
35100.056 8.432309759197724e-10
35150.056 6.82798271074102e-10
35200.056 5.450318594196352e-10
35250.056 1.0333225465382432e-09
35300.056 4.0968716245880897e-10
35350.056 5.354389969013061e-10
35400.056 4.211679593543866e-10
35450.056 3.6908127394345453e-10
35500.056 1.313218083296842e-09
35550.056 7.298153214909599e-10
35600.056 8.767728054225271e-10
35650.056 1.003992381588308e-09
35700.056 1.0484438624590028e-09
35750.056 1.4302431389966956e-09
35800.056 1.2244415720296462e-09
35850.056 4.670971068130561e-10
35900.056 6.308649687996032e-10
35950.056 8.636086696400793e-10
36000.056 1.041470889778574e-09
36050.056 7.094484140607854e-10
36100.056 6.6655107195595e-10
36150.056 1.5874336452018668e-09
36200.056 1.7104346897274267e-09
36250.056 1.1436126110037965e-09
36300.056 2.7388621370272248e-09
36350.056 1.4681553379369457e-09
36400.056 2.473883445800552e-09
36450.056 2.3873281442351724e-09
36500.056 2.6086289460305372e-09
36550.056 3.777325925514757e-09
36600.056 3.904982643375881e-09
36650.056 2.8346694387800625e-09
36700.056 3.121237291251683e-09
36750.056 3.944158754162754e-09
36800.056 4.710396358390619e-09
36850.056 2.36921552951369e-09
36900.056 4.13374442056687e-09
36950.056 4.640107555939747e-09
37000.056 3.0796695274095927e-09
37050.056 5.184247839186403e-09
37100.056 3.336459037338507e-09
37150.056 3.4414224659355955e-09
37200.056 5.990414323038418e-09
37250.056 3.7010149231339336e-09
37300.056 2.58633773402012e-09
37350.056 4.69358047904224e-09
37400.056 7.332436786352752e-09
37450.056 2.8290294334065327e-09
37500.056 4.197384692115451e-09
37550.056 7.721011581911006e-09
37600.056 1.1807687898190867e-08
37650.056 3.5290185239313275e-09
37700.056 7.08344797812456e-09
37750.056 4.777614263676174e-09
37800.056 4.7078474784731515e-09
37850.056 2.4204682878465805e-09
37900.056 3.231323495109185e-09
37950.056 6.644337291000001e-09
38000.056 6.152347677100119e-09
38050.056 9.056000024798195e-09
38100.056 1.0755993841738912e-08
38150.056 1.1867875395325037e-08
38200.056 9.736042923715424e-09
38250.056 1.0788934105079356e-08
38300.056 1.641758727943401e-08
38350.056 1.541336013896684e-08
38400.056 6.204228640269801e-09
38450.056 2.8913167984296035e-09
38500.056 1.8680595983092413e-09
38550.056 6.678630040901811e-09
38600.056 6.972778658133972e-09
38650.056 8.445184556346501e-09
38700.056 6.220305405429301e-09
38750.056 7.164031146992436e-09
38800.056 7.383215559082487e-09
38850.056 8.535407382646704e-09
38900.056 1.092843775202071e-08
38950.056 6.45897620426224e-09
39000.056 1.1174863913511443e-08
39050.056 6.439163373787696e-09
39100.056 9.91499600497833e-09
39150.056 1.3496976396652078e-08
39200.056 9.0524583172389e-09
39250.056 1.5508148001817693e-08
39300.056 9.751028264615852e-09
39350.056 1.8502554730079178e-08
39400.056 1.022323156512739e-08
39450.056 1.4839171498703429e-08
39500.056 1.5096963454443583e-08
39550.056 7.318892979132163e-09
39600.056 1.4794002693837403e-08
39650.056 1.8364604852697423e-08
39700.056 1.7389393574362838e-08
39750.056 8.825590747466386e-09
39800.056 1.0129339063719843e-08
39850.056 2.156742230050318e-08
39900.056 2.49545414296011e-08
39950.056 1.0750332037211066e-08
40000.056 1.9691164409920182e-08
40050.056 2.133247188809906e-08
40100.056 8.150889042270765e-09
40150.056 1.969821817244914e-08
40200.056 2.0930817727701396e-08
40250.056 2.3573814667945572e-08
40300.056 2.318735056299992e-08
40350.056 1.4558162194894986e-08
40400.056 2.136343873761559e-08
40450.056 1.0897617153891669e-08
40500.056 2.6033073743800912e-08
40550.056 2.8170676536413823e-08
40600.056 2.1265373424600846e-08
40650.056 1.6987225684906835e-08
40700.056 3.44828852171761e-08
40750.056 2.1876676587893478e-08
40800.056 1.3440058314996313e-08
40850.056 4.04534566044106e-08
40900.056 3.255251210739689e-08
40950.056 2.8173351709077154e-08
41000.056 2.2066103957200332e-08
41050.056 4.2345727479388265e-08
41100.056 3.438025437585975e-08
41150.056 1.3954482238467047e-08
41200.056 4.2148021446205665e-08
41250.056 3.190601784288486e-08
41300.056 3.3002638416561954e-08
41350.056 4.3426808041995835e-08
41400.056 3.6420481734399643e-08
41450.056 5.0389680125989964e-08
41500.056 3.1166034608657534e-08
41550.056 2.8242911106149297e-08
41600.056 3.124336298098938e-08
41650.056 4.160688770720412e-08
41700.056 5.191091466898636e-08
41750.056 3.977097717979334e-08
41800.056 4.199626534001087e-08
41850.056 3.9234520629441664e-08
41900.056 3.469117037966389e-08
41950.056 3.5759930344800684e-08
42000.056 2.1173628889822668e-08
42050.056 2.6001569056040506e-08
42100.056 3.0791208852762736e-08
42150.056 3.128936095469064e-08
42200.056 3.530018574469832e-08
42250.056 2.89163674725552e-08
42300.056 2.716674631055879e-08
42350.056 4.319842199270254e-08
42400.056 5.0328652249005057e-08
42450.056 4.7188507435012635e-08
42500.056 4.64869867413936e-08
42550.056 3.92215540703905e-08
42600.056 4.3732694864708566e-08
42650.056 6.837314448717913e-08
42700.056 3.197218291412643e-08
42750.056 4.49674763336076e-08
42800.056 6.514079921100901e-08
42850.056 6.78405750689802e-08
42900.056 7.3743212460213e-08
42950.056 5.5698145387593545e-08
43000.056 6.436405016660703e-08
43050.056 3.1876252041203734e-08
43100.056 5.19258956879942e-08
43150.056 4.1459960473505376e-08
43200.056 6.628069906700678e-08
43250.056 8.839912063500483e-08
43300.056 8.258396211099953e-08
43350.056 4.2594326406587966e-08
43400.056 6.361710302860369e-08
43450.056 4.043066614190315e-08
43500.056 4.10262988708104e-08
43550.056 4.616762419230612e-08
43600.056 7.529059070800967e-08
43650.056 4.599129148620022e-08
43700.056 8.897783142502014e-08
43750.056 7.673417650099555e-08
43800.056 6.924285881549382e-08
43850.056 6.118583278650551e-08
43900.056 4.790209036509315e-08
43950.056 3.047754878979661e-08
44000.056 3.113205077899827e-08
44050.056 8.110020283400092e-08
44100.056 1.1056000209499825e-07
44150.056 9.772353597899842e-08
44200.056 8.712245467300092e-08
44250.056 4.501290454179549e-08
44300.056 3.6119596555205896e-08
44350.056 4.0184690116699196e-08
44400.056 3.671473468889586e-08
44450.056 6.969062630460293e-08
44500.056 6.285969101981066e-08
44550.056 9.233337103399299e-08
44600.056 8.023560563848891e-08
44650.056 6.899872117320589e-08
44700.056 4.436211374799632e-08
44750.056 7.296811325031521e-08
44800.056 4.718383911030485e-08
44850.056 6.683954311000433e-08
44900.056 5.807771189340148e-08
44950.056 6.959505283000743e-08
45000.056 8.378510167700359e-08
45050.056 7.356352776499055e-08
45100.056 6.599368928510165e-08
45150.056 5.7944895541789646e-08
45200.056 4.472840327160457e-08
45250.056 5.355879802118643e-08
45300.056 4.873028216350714e-08
45350.056 3.9357922878711704e-08
45400.056 1.0832689593201458e-07
45450.056 8.54739486624086e-08
45500.056 1.1187743077300777e-07
45550.056 1.1526080839096838e-07
45600.056 9.612849612901753e-08
45650.056 7.681506515630185e-08
45700.056 4.820529795209571e-08
45750.056 4.4087521299402893e-08
45800.056 1.1644342946000444e-07
45850.056 8.954959017379435e-08
45900.056 1.1582604315499241e-07
45950.056 9.738182972199797e-08
46000.056 1.0900220998151175e-07
46050.056 7.700881974210803e-08
46100.056 1.3418400472098885e-07
46150.056 7.187460575840348e-08
46200.056 6.058332042488965e-08
46250.056 2.371930729540438e-08
46300.056 7.394014669340201e-08
46350.056 7.76030516390102e-08
46400.056 6.983914862210135e-08
46450.056 6.36582696944918e-08
46500.056 7.33583026610159e-08
46550.056 3.6362245570602217e-08
46600.056 5.6478198778091276e-08
46650.056 9.167547774340593e-08
46700.056 5.6094374740384014e-08
46750.056 2.7454230336305322e-08
46800.056 1.7902596157419632e-08
46850.056 8.676092850301386e-08
46900.056 9.026937170799737e-08
46950.056 8.947366612099116e-08
47000.056 8.588715479301387e-08
47050.056 5.960493243040097e-08
47100.056 4.0518765924305045e-08
47150.056 6.87477644254098e-08
47200.056 7.783160764799578e-08
47250.056 4.0306474329494125e-08
47300.056 2.6193238439988765e-08
47350.056 9.008614809500407e-08
47400.056 7.90980582719918e-08
47450.056 6.075580076284239e-08
47500.056 9.876716473459386e-08
47550.056 8.333574461500453e-08
47600.056 7.696104411619279e-08
47650.056 8.101950030530607e-08
47700.056 5.93413826863749e-08
47750.056 4.289800887010219e-08
47800.056 3.468228527640527e-08
47850.056 1.6419037992973318e-08
47900.056 2.688903885027838e-08
47950.056 6.710220987600459e-08
48000.056 9.564413394100285e-08
48050.056 7.705920532880016e-08
48100.056 3.020350915188358e-08
48150.056 5.8376863393801764e-08
48200.056 3.815128529343874e-08
48250.056 4.903802334699964e-08
48300.056 9.087570401599261e-08
48350.056 5.1314267293494337e-08
48400.056 1.2141835180563662e-08
48450.056 2.595171941775246e-08
48500.056 4.538627141398871e-08
48550.056 5.118312056896511e-08
48600.056 6.950588606099935e-08
48650.056 9.263461857599384e-08
48700.056 5.729664068210948e-08
48750.056 3.884812190991389e-08
48800.056 7.825962686500263e-08
48850.056 3.951142423219317e-08
48900.056 5.129430961503473e-08
48950.056 2.666822589459986e-08
49000.056 1.374689321964369e-08
49050.056 4.771918087819334e-08
49100.056 6.447827223048264e-08
49150.056 4.699478950361394e-08
49200.056 7.776404990101461e-08
49250.056 8.049843536200495e-08
49300.056 6.498043506119868e-08
49350.056 2.3470328269617615e-08
49400.056 3.6252395317689894e-08
49450.056 3.417128968650864e-08
49500.056 2.6335498424666394e-08
49550.056 5.189275691468126e-09
49600.056 1.581385299292498e-08
49650.056 4.061085296960224e-08
49700.056 4.565640592068519e-08
49750.056 4.4352212312790004e-08
49800.056 2.6894823410615576e-08
49850.056 6.160692906880969e-08
49900.056 5.0824572065995476e-08
49950.056 5.112428970300063e-08
50000.056 3.648851460440951e-08
50050.056 4.5883934634801717e-08
50100.056 3.559053592879781e-08
50150.056 1.56752527447768e-08
50200.056 2.521619225635201e-09
50250.056 1.7296474228499542e-08
50300.056 1.1202964290569001e-08
50350.056 4.2065622763807096e-08
50400.056 4.582913829879376e-08
50450.056 3.408090464430239e-08
50500.056 5.568616410050276e-08
50550.056 4.727818672300334e-08
50600.056 3.408920529328974e-08
50650.056 5.859397548800943e-08
50700.056 5.660864256599364e-08
50750.056 3.4260051050802326e-08
50800.056 1.0733259926458007e-08
50850.056 5.3912444215227054e-09
50900.056 3.742703337500246e-08
50950.056 3.392506494799675e-08
51000.056 2.6626880554456596e-08
51050.056 4.159545185019394e-08
51100.056 1.4260367040319246e-08
51150.056 1.5788900923392787e-08
51200.056 5.22485395219986e-08
51250.056 3.694574043483375e-08
51300.056 2.3809830209508416e-08
51350.056 2.213021252195085e-08
51400.056 6.645520624279307e-09
51450.056 5.294903434490059e-09
51500.056 5.101136920744182e-09
51550.056 2.1470529158663984e-08
51600.056 1.9025070069274738e-08
51650.056 2.5839891400198725e-08
51700.056 2.6993464553249593e-08
51750.056 1.6836469535438586e-08
51800.056 3.316856118799492e-08
51850.056 2.634316197189834e-08
51900.056 3.217616997299926e-08
51950.056 1.7095386535398087e-08
52000.056 1.4934787422503859e-09
52050.056 8.837580217401205e-09
52100.056 4.793913856619122e-09
52150.056 2.5967653357948576e-09
52200.056 9.4513113233698e-09
52250.056 1.5517780513633986e-08
52300.056 2.023621694839868e-08
52350.056 5.8352945710754745e-09
52400.056 6.3655970937489865e-09
52450.056 2.5848292169402167e-08
52500.056 1.9011158126840737e-08
52550.056 2.308157333989867e-08
52600.056 1.7150270075019827e-08
52650.056 2.075414711440156e-08
52700.056 1.426651703568911e-08
52750.056 4.950142651232464e-09
52800.056 9.848513699951648e-09
52850.056 1.162078443889674e-08
52900.056 4.448738989052589e-09
52950.056 7.860532013511123e-09
53000.056 1.4762471924902699e-08
53050.056 5.307135339508327e-09
53100.056 1.9312286357898988e-08
53150.056 1.9821877290101344e-08
53200.056 8.901880070829548e-09
53250.056 1.7596400409480594e-08
53300.056 2.1704338018298137e-08
53350.056 1.635637508936109e-08
53400.056 1.0259941639597551e-08
53450.056 3.269275049448756e-09
53500.056 4.816730089598015e-10
53550.056 1.4397720656240355e-09
53600.056 7.95566833448847e-09
