galfind/configs/Brown_Dwarf_templates/sonora_bobcat/m+0.5/316g/sp_t450g316nc_m+0.5_resample.dat
# %ECSV 1.0
# ---
# datatype:
# - {name: wav, unit: Angstrom, datatype: float64}
# - {name: flux_nu, unit: erg / (cm2 Hz s), datatype: float64}
# meta: {C/O: '1.00', Kzz: '1.0000E+05', Teff: '450.', Y: '0.28', '[Fe/H]': '0.50', f_hole: '1.00', f_rain: '0.00', grav: '316.'}
# schema: astropy-2.0
wav flux_nu
4000.0559999999996 nan
4050.0559999999996 4.7697269112900307e-17
4100.056 3.393991544160064e-15
4150.056 3.143388587800033e-14
4200.056 3.1375783075824146e-14
4250.056 3.058219392440028e-13
4300.056 7.321988121200026e-13
4350.056 1.370729343590005e-12
4400.056 2.2911421385000067e-12
4450.056 3.636992074400008e-12
4500.056 5.330595483300014e-12
4550.056 4.918749679545967e-12
4600.056 4.308749006499975e-13
4650.056 2.182076983199987e-13
4700.056 1.0721066240799929e-13
4750.056 4.9769756574999665e-14
4800.056 2.781745343699986e-14
4850.056 1.598101392599992e-14
4900.056 1.0635923676099968e-14
4950.056 7.668166658599976e-15
5000.056 5.019293870499973e-15
5050.056 3.570609365900007e-15
5100.056 3.712431250100033e-15
5150.056 4.071815495700016e-15
5200.056 4.448038843500011e-15
5250.056 4.814640271400003e-15
5300.056 5.227328176000003e-15
5350.056 5.714983975900007e-15
5400.056 6.21660736730001e-15
5450.056 6.7990640315000424e-15
5500.056 7.435332189800035e-15
5550.056 8.07800346330001e-15
5600.056 8.674072719100001e-15
5650.056 9.178053059499989e-15
5700.056 9.35337180210001e-15
5750.056 9.313982975100003e-15
5800.056 8.426677881699978e-15
5850.056 5.9872332265999285e-15
5900.056 1.992266226358828e-15
5950.056 1.12543474072004e-14
6000.056 2.2973285463699698e-14
6050.056 4.0098197604000664e-14
6100.056 6.438051218600065e-14
6150.056 9.776983562400066e-14
6200.056 1.4312885864000082e-13
6250.056 1.992886426600005e-13
6300.056 2.790506204100001e-13
6350.056 3.8288115313000104e-13
6400.056 5.18120196750003e-13
6450.056 6.4623131040999e-13
6500.056 8.682817419300033e-13
6550.056 1.18626626735998e-12
6600.056 1.612471619100045e-12
6650.056 2.193963433200017e-12
6700.056 2.758784861000019e-12
6750.056 3.725437394200016e-12
6800.056 4.336315091100028e-12
6850.056 4.3402508274999966e-12
6900.056 3.4830817580000582e-12
6950.056 2.6624172041099857e-12
7000.056 2.7765847248299754e-12
7050.056 2.8619832366499675e-12
7100.056 3.1192637224099496e-12
7150.056 2.608769152922915e-12
7200.056 2.2558147385583143e-12
7250.056 2.454493195382439e-12
7300.056 2.4373529923145943e-12
7350.056 2.773971720859728e-12
7400.056 3.1045854324401527e-12
7450.056 3.6361723492002048e-12
7500.056 4.063872820499984e-12
7550.056 4.374488377099999e-12
7600.056 4.5037170950999946e-12
7650.056 2.359484173476952e-12
7700.056 2.2257477472300494e-12
7750.056 5.541476323700055e-12
7800.056 6.9209887855799414e-12
7850.056 8.883655487899979e-12
7900.056 1.1191101751899808e-11
7950.056 1.2805239215499985e-11
8000.056 1.644241354500013e-11
8050.056 1.9661654415600324e-11
8100.056 1.7769344844889208e-11
8150.056 1.7513522712807558e-11
8200.056 2.780709513950134e-11
8250.056 3.110844047863529e-11
8300.056 3.824323047221288e-11
8350.056 4.325103019348938e-11
8400.056 5.26063298946907e-11
8450.056 7.085524052319923e-11
8500.056 8.407960761699752e-11
8550.056 1.0868339055500164e-10
8600.056 1.34340717186001e-10
8650.056 1.577490104500016e-10
8700.056 1.7321254778000205e-10
8750.056 1.974186921300009e-10
8800.056 2.1014617065400024e-10
8850.056 1.8341341887299322e-10
8900.056 5.31535239350651e-11
8950.056 5.240639917946277e-11
9000.056 4.480403441304079e-11
9050.056 1.389111903830106e-10
9100.056 1.690673900726837e-10
9150.056 1.9472589393175703e-10
9200.056 3.115774150512514e-10
9250.056 2.701358931232903e-10
9300.056 2.3584967235846973e-11
9350.056 3.328391121812827e-11
9400.056 9.82152329476104e-11
9450.056 1.0627956882234008e-10
9500.056 8.529247845090566e-11
9550.056 9.485295023839191e-11
9600.056 9.459829970797894e-11
9650.056 1.51176038129844e-10
9700.056 3.1620154041042917e-10
9750.056 2.955839290296082e-10
9800.056 3.475735242434027e-10
9850.056 4.0418295387630106e-10
9900.056 5.530705912220125e-10
9950.056 5.554267477347562e-10
10000.056 6.484222804859567e-10
10050.056 8.06443289250029e-10
10100.056 1.0237952558599986e-09
10150.056 1.036485653870016e-09
10200.056 9.812764522101077e-10
10250.056 1.212503827085345e-09
10300.056 1.6514541405287117e-09
10350.056 1.585957186519713e-09
10400.056 2.59640526352022e-09
10450.056 3.445731622849241e-09
10500.056 4.355735985259914e-09
10550.056 5.51366550570011e-09
10600.056 6.186408369699957e-09
10650.056 6.693872727700229e-09
10700.056 6.478638750400036e-09
10750.056 6.8307205712000364e-09
10800.056 6.5731452356260365e-09
10850.056 5.783886877456236e-09
10900.056 3.949295503366845e-09
10950.056 1.653271091771979e-09
11000.056 8.715638125805668e-10
11050.056 4.2460124775698965e-10
11100.056 1.9734335477930407e-10
11150.056 6.633284145260355e-11
11200.056 3.927136799596658e-11
11250.056 4.705893585423937e-11
11300.056 8.489669356211901e-11
11350.056 2.005475418849108e-11
11400.056 1.0088544127382507e-10
11450.056 6.137908157829702e-11
11500.056 4.5440002265112105e-11
11550.056 8.319321536561216e-12
11600.056 4.915155183311539e-12
11650.056 2.456981367114183e-11
11700.056 3.0648512376619197e-11
11750.056 5.6415260883786955e-12
11800.056 4.1832420455217454e-11
11850.056 7.036289856271036e-11
11900.056 7.839371505135822e-11
11950.056 1.4290154339877616e-10
12000.056 2.7225676520053734e-10
12050.056 5.128712541016921e-10
12100.056 8.427609584971852e-10
12150.056 1.3908902133879174e-09
12200.056 1.811674828505008e-09
12250.056 3.019317714266008e-09
12300.056 5.009182374745766e-09
12350.056 5.584787830605898e-09
12400.056 8.97128780419958e-09
12450.056 1.3066892547580783e-08
12500.056 1.5053191175901897e-08
12550.056 1.8075360014499547e-08
12600.056 2.0585940552311358e-08
12650.056 2.0992990554039094e-08
12700.056 2.0271258920300883e-08
12750.056 1.4518836502041402e-08
12800.056 1.0509399211409499e-08
12850.056 5.774816180197258e-09
12900.056 4.037528694354376e-09
12950.056 2.9929963079132928e-09
13000.056 3.1559208719595267e-09
13050.056 1.7712681456667127e-09
13100.056 1.574391278163994e-09
13150.056 9.146042976307762e-10
13200.056 8.902542107144655e-10
13250.056 6.227088866473025e-10
13300.056 2.1374184566965092e-10
13350.056 6.178753193258133e-11
13400.056 2.7395760784817532e-11
13450.056 7.500908173746122e-12
13500.056 2.579891391110559e-12
13550.056 8.107562146654107e-13
13600.056 1.5033184933865616e-13
13650.056 1.4317340298530934e-12
13700.056 6.923331106766892e-13
13750.056 1.8272652594208685e-12
13800.056 1.5723780975224864e-12
13850.056 7.588106020943424e-13
13900.056 1.3203251061020454e-12
13950.056 1.055195506835352e-12
14000.056 1.293901634754668e-12
14050.056 2.3507554884796018e-12
14100.056 2.3299276628942394e-12
14150.056 5.30000226980487e-12
14200.056 3.0964910396595017e-12
14250.056 4.7148781949334694e-12
14300.056 1.4257742951324568e-11
14350.056 1.3034064069347365e-11
14400.056 1.3659092591806058e-11
14450.056 2.5642014270019008e-11
14500.056 5.896295385774649e-11
14550.056 6.260009343327658e-11
14600.056 8.526364081292412e-11
14650.056 4.5501044408592196e-11
14700.056 1.9027110108786552e-11
14750.056 8.221065474079768e-12
14800.056 1.5915391226722765e-11
14850.056 2.1301340348809403e-11
14900.056 2.1390765049120688e-11
14950.056 1.5491779561325293e-11
15000.056 4.9811941578019876e-11
15050.056 3.966109415584261e-11
15100.056 2.3539126357669488e-11
15150.056 1.2734152934353926e-11
15200.056 3.7821546139132095e-11
15250.056 9.829367849278156e-11
15300.056 1.264686593942455e-10
15350.056 1.872729563491591e-10
15400.056 2.6493281396822703e-10
15450.056 3.8869374107703304e-10
15500.056 4.5422358765202454e-10
15550.056 9.161992156555846e-10
15600.056 1.4011475654318671e-09
15650.056 2.344512666645829e-09
15700.056 3.827495211438008e-09
15750.056 5.10975029405401e-09
15800.056 6.120745792780011e-09
15850.056 7.485148108710897e-09
15900.056 7.0744296873800965e-09
15950.056 6.823996644599396e-09
16000.056 4.8588658981004824e-09
16050.056 2.490131807899711e-09
16100.056 1.3875763027108369e-09
16150.056 6.494025868143141e-10
16200.056 3.0592820980543216e-10
16250.056 1.8293907372506172e-10
16300.056 1.0435011005180153e-10
16350.056 1.4129802261046134e-10
16400.056 1.809169845235852e-10
16450.056 1.5134798897062764e-10
16500.056 1.26936293156722e-10
16550.056 1.2768200893173745e-10
16600.056 2.2613272464594283e-10
16650.056 1.6625898723221738e-10
16700.056 1.892341640857049e-11
16750.056 7.748460771593665e-11
16800.056 1.3392488586110002e-10
16850.056 1.5540930794940643e-10
16900.056 6.533064859952439e-11
16950.056 3.650048171336952e-11
17000.056 1.7845919546543186e-11
17050.056 4.170640489805877e-11
17100.056 8.400709679275102e-11
17150.056 4.0708432389152903e-11
17200.056 1.7259629056129022e-10
17250.056 8.352418891999701e-11
17300.056 5.0111957873300385e-11
17350.056 5.68544862931136e-11
17400.056 1.1118919255359249e-10
17450.056 1.5228521034261595e-10
17500.056 2.134979488900735e-10
17550.056 1.881710290757501e-10
17600.056 1.3799510641449263e-10
17650.056 1.1657191428891439e-10
17700.056 8.98945157486595e-11
17750.056 8.684326489119831e-11
17800.056 2.2887846318260228e-10
17850.056 9.54244429656485e-11
17900.056 6.713800173781374e-11
17950.056 4.884418934935891e-11
18000.056 8.67945165639724e-11
18050.056 5.825721202734823e-11
18100.056 7.543969675515671e-11
18150.056 6.010804875047518e-11
18200.056 4.035573412759335e-11
18250.056 1.660165486150239e-10
18300.056 2.7751314526808714e-11
18350.056 2.202001430864697e-11
18400.056 1.4870836294223782e-11
18450.056 8.824413318241673e-11
18500.056 8.920240203503153e-11
18550.056 4.4936270990786663e-11
18600.056 6.160583772325434e-11
18650.056 3.9522587030069964e-11
18700.056 8.937514683157669e-12
18750.056 2.322254567186602e-11
18800.056 1.4611746908127268e-10
18850.056 1.4590372666632066e-10
18900.056 1.2121444166126412e-10
18950.056 2.271406325049107e-10
19000.056 5.197766356166248e-11
19050.056 2.0958302063572307e-11
19100.056 5.7264638025905145e-11
19150.056 2.142271375696569e-11
19200.056 3.4916453122077145e-11
19250.056 2.426478075375522e-11
19300.056 1.5636289296780223e-11
19350.056 1.3244761429489855e-11
19400.056 1.2241273979423787e-11
19450.056 2.3973810689621602e-11
19500.056 1.33671119428091e-11
19550.056 2.6115752316653356e-11
19600.056 7.037084154602928e-11
19650.056 4.2052435285327315e-11
19700.056 5.586513803397049e-11
19750.056 1.0901275981248548e-10
19800.056 6.667083567835465e-11
19850.056 8.27858309903987e-11
19900.056 1.2436096912221693e-10
19950.056 1.998431102297379e-10
20000.056 2.8831659321919685e-10
20050.056 1.9158588804155358e-10
20100.056 4.003333638235705e-10
20150.056 1.8279423373675163e-10
20200.056 1.2050495585567838e-10
20250.056 3.062653188876274e-10
20300.056 3.8121968969625485e-10
20350.056 4.4580974126089236e-10
20400.056 3.2830455669685594e-10
20450.056 7.408743938400529e-10
20500.056 9.240913052410877e-10
20550.056 1.1533592855371436e-09
20600.056 1.2438811592987463e-09
20650.056 1.7708111917467868e-09
20700.056 2.0962370892913617e-09
20750.056 2.6301245208645227e-09
20800.056 2.5937765839883437e-09
20850.056 3.2762086252601907e-09
20900.056 3.694494817649332e-09
20950.056 3.554282882150321e-09
21000.056 3.510028385240403e-09
21050.056 3.835497048099457e-09
21100.056 3.5213638264602433e-09
21150.056 3.5444740028394984e-09
21200.056 3.188832578606482e-09
21250.056 2.849113054789284e-09
21300.056 2.185410212963634e-09
21350.056 2.1895295350899117e-09
21400.056 1.986994209173999e-09
21450.056 1.4587202235166929e-09
21500.056 1.1968753783606763e-09
21550.056 1.054372782755829e-09
21600.056 8.223541207524202e-10
21650.056 5.280633078094985e-10
21700.056 4.277374050120788e-10
21750.056 4.15419982888911e-10
21800.056 2.4991300279993973e-10
21850.056 2.4410527729787165e-10
21900.056 1.5469067221227175e-10
21950.056 4.8417791659023574e-11
22000.056 7.0004942630931885e-12
22050.056 1.068181776877382e-11
22100.056 5.047719568638045e-11
22150.056 3.7416264280649903e-11
22200.056 3.98253497320327e-11
22250.056 3.1367898083675386e-11
22300.056 1.3798873307282862e-11
22350.056 1.9252198215688954e-11
22400.056 6.211468364129653e-12
22450.056 1.0160713706719791e-11
22500.056 8.093790021412867e-12
22550.056 4.173182456602672e-12
22600.056 3.1779309662965483e-12
22650.056 7.272090838038378e-12
22700.056 5.67929096353032e-12
22750.056 7.645563777760935e-12
22800.056 8.196768604301816e-12
22850.056 5.5827090535123955e-12
22900.056 3.957355652421158e-12
22950.056 3.1804400451422415e-12
23000.056 4.628559107201696e-12
23050.056 5.89202792403732e-12
23100.056 3.86621026528371e-11
23150.056 3.779102494962232e-11
23200.056 1.1321807869721442e-12
23250.056 5.4137307295989956e-12
23300.056 4.990092897866426e-12
23350.056 8.14989884047051e-12
23400.056 5.928906360041932e-12
23450.056 3.4180748504199228e-12
23500.056 3.828535669015438e-12
23550.056 8.294146679086561e-12
23600.056 1.8586027661342966e-11
23650.056 2.608166117259222e-11
23700.056 4.326146825445303e-12
23750.056 4.0526940318345944e-12
23800.056 2.0928097772520106e-11
23850.056 1.3814143693249492e-11
23900.056 3.418490482799258e-11
23950.056 1.7355572447574578e-11
24000.056 4.142338960978073e-11
24050.056 5.091361023205334e-11
24100.056 6.19309505712244e-11
24150.056 9.237785548261935e-11
24200.056 5.5589609385340065e-11
24250.056 4.434970331680263e-11
24300.056 8.646386586695578e-11
24350.056 6.771462117443542e-11
24400.056 1.7134694255664056e-10
24450.056 1.951883244369322e-10
24500.056 1.691133372699641e-10
24550.056 2.7665058676944055e-10
24600.056 2.8569074807668136e-10
24650.056 4.873648684133007e-10
24700.056 2.510045034345617e-10
24750.056 3.4630463064314216e-10
24800.056 2.8452162270896594e-10
24850.056 5.301013167577311e-10
24900.056 1.9956271590573214e-10
24950.056 4.6547128952708565e-10
25000.056 4.377115547329557e-10
25050.056 2.5754408008168357e-10
25100.056 4.411728735450114e-10
25150.056 1.8162582610602194e-10
25200.056 2.7603498168582225e-10
25250.056 9.813601877438285e-11
25300.056 1.4505034238056446e-10
25350.056 6.15630804335181e-11
25400.056 1.715896873792646e-10
25450.056 4.61043836171901e-11
25500.056 3.771989320938553e-11
25550.056 8.439587759924004e-11
25600.056 3.9983428511244233e-11
25650.056 1.9671239777682144e-11
25700.056 2.2007145652996e-11
25750.056 5.444403810716874e-12
25800.056 3.607200305296286e-11
25850.056 5.371370456973329e-12
25900.056 7.704122341535047e-12
25950.056 1.5491912521433222e-12
26000.056 3.068282581734164e-11
26050.056 2.5705393959611353e-12
26100.056 1.6522338595371635e-11
26150.056 6.2348465335033095e-12
26200.056 8.780706075614026e-12
26250.056 7.967057432980829e-11
26300.056 1.2728981257874626e-11
26350.056 1.3971901448872506e-10
26400.056 2.234360481661772e-10
26450.056 1.434695119519836e-10
26500.056 3.5636470449175425e-10
26550.056 2.87774976494112e-11
26600.056 3.5723449551045766e-11
26650.056 3.8597314754978935e-12
26700.056 2.0577432945323733e-12
26750.056 3.645113730761832e-12
26800.056 1.3836426461312374e-11
26850.056 7.37945400282611e-12
26900.056 4.497137825655774e-11
26950.056 1.2774181961633292e-11
27000.056 8.545806695086071e-11
27050.056 1.0491386586950397e-10
27100.056 8.40518836426873e-12
27150.056 1.220354803092997e-10
27200.056 8.222060892705736e-12
27250.056 3.6520273759321135e-11
27300.056 3.2981945018324567e-10
27350.056 9.458899174009893e-11
27400.056 3.5882281395045596e-12
27450.056 1.2880612328205547e-10
27500.056 1.609490283526243e-10
27550.056 1.987381134251013e-11
27600.056 6.773688393314808e-11
27650.056 1.4891075551873375e-11
27700.056 1.3702551247070543e-11
27750.056 1.1029077555746643e-10
27800.056 2.8008962966595934e-11
27850.056 5.1352689058610416e-11
27900.056 5.149836069593601e-11
27950.056 1.465363595557861e-10
28000.056 1.3665013921664284e-10
28050.056 1.3048712963945746e-11
28100.056 1.2976720876965783e-10
28150.056 9.785422031465926e-11
28200.056 2.2367908137702295e-11
28250.056 1.8632896241186734e-10
28300.056 1.676579803726011e-10
28350.056 2.999371105171571e-11
28400.056 1.1817425568201514e-10
28450.056 2.22440765888779e-10
28500.056 1.2991011080048878e-10
28550.056 2.4764588656942913e-11
28600.056 2.222246328030335e-10
28650.056 1.3972965579720545e-10
28700.056 2.2617177032620946e-10
28750.056 3.2961333439551815e-10
28800.056 1.305047642688787e-10
28850.056 3.4557373957220446e-10
