galfind/configs/Brown_Dwarf_templates/sonora_bobcat/m+0.5/316g/sp_t375g316nc_m+0.5_resample.dat
# %ECSV 1.0
# ---
# datatype:
# - {name: wav, unit: Angstrom, datatype: float64}
# - {name: flux_nu, unit: erg / (cm2 Hz s), datatype: float64}
# meta: {C/O: '1.00', Kzz: '1.0000E+05', Teff: '375.', Y: '0.28', '[Fe/H]': '0.50', f_hole: '1.00', f_rain: '0.00', grav: '316.'}
# schema: astropy-2.0
wav flux_nu
[from data line 498]
28900.056 2.7268431921013053e-11
28950.056 3.837787638833426e-11
29000.056 2.2805771885937224e-11
29050.056 3.8698264354930256e-11
29100.056 1.7458543549585674e-11
29150.056 2.238719951735905e-11
29200.056 7.107557997432307e-11
29250.056 6.180812377922948e-11
29300.056 3.49578936194074e-11
29350.056 9.303512752457794e-11
29400.056 4.234414803981951e-11
29450.056 1.972952899102473e-11
29500.056 1.0033832923855814e-10
29550.056 2.945383300704818e-11
29600.056 3.591277374379685e-11
29650.056 1.478714940735516e-10
29700.056 2.4913027913839104e-11
29750.056 1.014924284083557e-10
29800.056 6.135000902301375e-11
29850.056 1.2008198591529878e-10
29900.056 4.9457484013049625e-11
29950.056 6.757212963195012e-11
30000.056 8.627144550162169e-13
30050.056 7.077693271097377e-12
30100.056 3.418654986819706e-11
30150.056 1.3883260736437088e-10
30200.056 8.048549526999365e-11
30250.056 1.412099155874354e-10
30300.056 2.1553350684875444e-10
30350.056 3.947885419973791e-11
30400.056 2.0155126731453732e-10
30450.056 1.5337458087709372e-10
30500.056 7.607945520555037e-11
30550.056 6.290664045836512e-11
30600.056 6.152735533500979e-10
30650.056 2.2538121307613616e-10
30700.056 1.1383094976574947e-10
30750.056 2.6176114206426013e-10
30800.056 2.342614176054247e-10
30850.056 2.6593230862699127e-10
30900.056 1.27239760926018e-10
30950.056 1.061306266882466e-10
31000.056 1.3734373921543672e-10
31050.056 7.650734371201213e-11
31100.056 5.624401417397597e-11
31150.056 1.027870385066425e-10
31200.056 3.632070941551297e-10
31250.056 1.768759148419411e-10
31300.056 1.0154492797084225e-10
31350.056 2.8307499781194203e-10
31400.056 1.8662127120755734e-10
31450.056 1.869190226759019e-10
31500.056 5.99981547429149e-11
31550.056 1.1339201997698506e-10
31600.056 8.257328734977007e-11
31650.056 6.761253652686313e-11
31700.056 5.598463132620697e-11
31750.056 2.9669258206671183e-11
31800.056 5.676735037837159e-11
31850.056 9.185784851182834e-12
31900.056 2.224302060692177e-11
31950.056 1.4120083137692735e-11
32000.056 8.860833848557259e-12
32050.056 1.4780436674377815e-11
32100.056 1.264510376333808e-11
32150.056 1.1510093026324325e-11
32200.056 5.229599330637038e-12
32250.056 1.3523498572546114e-11
32300.056 3.4202880808902944e-12
32350.056 1.3124970622187881e-11
32400.056 1.3618511159453443e-12
32450.056 8.803198471136568e-12
32500.056 1.4359833179697425e-12
32550.056 6.687733934739115e-12
32600.056 1.3571903826164788e-12
32650.056 1.9395696320195653e-11
32700.056 2.3940446952870085e-12
32750.056 4.5411420734425904e-11
32800.056 2.0403608187871568e-11
32850.056 1.0134502432967154e-10
32900.056 8.25567933926088e-11
32950.056 8.412228018966645e-11
33000.056 2.199420821608716e-11
33050.056 2.523755149527647e-11
33100.056 4.372181066232408e-12
33150.056 1.0447900149554638e-15
33200.056 1.1803241909681389e-13
33250.056 2.211130537487588e-13
33300.056 3.245756264331366e-12
33350.056 9.22291188691167e-12
33400.056 4.0163464036119723e-11
33450.056 1.5875062649026294e-11
33500.056 6.841992072133372e-11
33550.056 1.084143335902372e-11
33600.056 3.229440170786881e-11
33650.056 3.006083342153925e-11
33700.056 7.39703586240566e-12
33750.056 4.3729831399744337e-11
33800.056 2.6164383932027435e-12
33850.056 2.0221463841650716e-11
33900.056 2.3330975589657427e-11
33950.056 1.8765285500101342e-11
34000.056 4.6549687237225535e-11
34050.056 6.410084088116815e-12
34100.056 4.673139175512277e-11
34150.056 1.6777686195904882e-11
34200.056 5.767390301882789e-11
34250.056 2.7523225195307184e-11
34300.056 3.2782005694215216e-11
34350.056 9.46782029870119e-11
34400.056 2.021267674753956e-11
34450.056 8.212855927643151e-11
34500.056 3.3721488335579633e-11
34550.056 3.257426196032041e-11
34600.056 1.6548436259379422e-10
34650.056 1.6531924858847166e-11
34700.056 1.0277923560360836e-10
34750.056 6.053838797268164e-11
34800.056 5.2596378707398935e-11
34850.056 1.9850579046231771e-10
34900.056 2.8896744305719414e-11
34950.056 1.801023781647429e-10
35000.056 2.953169755546814e-10
35050.056 1.5987590226001362e-10
35100.056 3.601460021109207e-10
35150.056 2.888808630965354e-10
35200.056 2.1696367366807e-10
35250.056 4.351731000818645e-10
35300.056 1.4949513008407223e-10
35350.056 1.829296738232781e-10
35400.056 1.278435995139864e-10
35450.056 1.2491434325016872e-10
35500.056 4.716153529363875e-10
35550.056 2.4253524473045703e-10
35600.056 3.5313022550987146e-10
35650.056 4.6092247828472564e-10
35700.056 4.734102841351222e-10
35750.056 5.551442770818417e-10
35800.056 3.991907838811291e-10
35850.056 1.5551140952320254e-10
35900.056 1.9910602294262304e-10
35950.056 3.0802299156968256e-10
36000.056 3.915800090816989e-10
36050.056 2.522768137993404e-10
36100.056 2.406639321987924e-10
36150.056 7.241194468983512e-10
36200.056 7.312684246020535e-10
36250.056 4.540818041956911e-10
36300.056 1.2778192825559262e-09
36350.056 6.141415864201865e-10
36400.056 1.1234699417908274e-09
36450.056 1.0016544136318917e-09
36500.056 1.0549368463140552e-09
36550.056 1.8182213809325751e-09
36600.056 1.762672647647053e-09
36650.056 1.17811554374302e-09
36700.056 1.4003843898242537e-09
36750.056 1.8149031708482949e-09
36800.056 2.2602780522695613e-09
36850.056 9.461540257309366e-10
36900.056 1.718694773778737e-09
36950.056 2.2117816610369213e-09
37000.056 1.3560836654480794e-09
37050.056 2.5049659298089363e-09
37100.056 1.2843495850390989e-09
37150.056 1.5064490704648417e-09
37200.056 2.969814974887448e-09
37250.056 1.6928942483004431e-09
37300.056 1.0106103998791938e-09
37350.056 2.007969898416029e-09
37400.056 3.307260357971465e-09
37450.056 1.1129975003820652e-09
37500.056 1.85787572543394e-09
37550.056 3.792757224687989e-09
37600.056 6.3550572038107314e-09
37650.056 1.5391894519193903e-09
37700.056 3.185309024365531e-09
37750.056 2.245917618217584e-09
37800.056 2.0673605041244863e-09
37850.056 1.0106545555613452e-09
37900.056 1.3218511160873184e-09
37950.056 3.0139032729620515e-09
38000.056 2.727067458978376e-09
38050.056 4.553334535774446e-09
38100.056 5.438274616771316e-09
38150.056 6.4127836635661465e-09
38200.056 4.705731325441199e-09
38250.056 5.892550672218764e-09
38300.056 9.053143082688575e-09
38350.056 7.809781287673528e-09
38400.056 2.6995899839867997e-09
38450.056 9.78025537769422e-10
38500.056 6.82068990240446e-10
38550.056 3.067870649814637e-09
38600.056 3.3519914494045555e-09
38650.056 4.044182468072592e-09
38700.056 2.6258275390880743e-09
38750.056 3.3470548907566668e-09
38800.056 3.3796405079707735e-09
38850.056 4.162485140795064e-09
38900.056 5.169449106305512e-09
38950.056 2.883079710439292e-09
39000.056 5.636439356424546e-09
39050.056 2.65196986435803e-09
39100.056 4.686013628515714e-09
39150.056 7.028128658656787e-09
39200.056 4.286050622161335e-09
39250.056 8.131221815300287e-09
39300.056 4.598677315052271e-09
39350.056 9.685107711039389e-09
39400.056 4.872164413647712e-09
39450.056 7.729187814205664e-09
39500.056 7.634420129871379e-09
39550.056 3.103172047203057e-09
39600.056 7.563078540392333e-09
39650.056 9.438062175638983e-09
39700.056 9.263329209841711e-09
39750.056 4.012522213218017e-09
39800.056 4.516992363894855e-09
39850.056 1.1143672905301884e-08
39900.056 1.3735438180290719e-08
39950.056 4.85396047175803e-09
40000.056 9.708961626347741e-09
40050.056 1.1315258484989467e-08
40100.056 3.561405010977839e-09
40150.056 9.939845976304383e-09
40200.056 1.0822638376278142e-08
40250.056 1.2400378598417898e-08
40300.056 1.2433829735799961e-08
40350.056 6.867685805604663e-09
40400.056 1.025370323553387e-08
40450.056 4.560724680813414e-09
40500.056 1.3431353464831306e-08
40550.056 1.4675705331475402e-08
40600.056 1.0910702095100168e-08
40650.056 8.34708459914882e-09
40700.056 1.769751387449969e-08
40750.056 1.1141328421816395e-08
40800.056 6.307771743880625e-09
40850.056 2.1831921092605425e-08
40900.056 1.7625614374757463e-08
40950.056 1.5027280779237098e-08
41000.056 1.0879581783028508e-08
41050.056 2.321173445939428e-08
41100.056 1.8848789960899842e-08
41150.056 6.449343408700496e-09
41200.056 2.3139452527503487e-08
41250.056 1.731596713887546e-08
41300.056 1.8414189701351343e-08
41350.056 2.4741583493997884e-08
41400.056 1.9797738787098953e-08
41450.056 2.923665958879447e-08
41500.056 1.6937693943648117e-08
41550.056 1.499183342728285e-08
41600.056 1.6285583554030047e-08
41650.056 2.3609933395082702e-08
41700.056 3.2569160349992436e-08
41750.056 2.3070618538996488e-08
41800.056 2.3318704826005057e-08
41850.056 2.313542728206996e-08
41900.056 1.8759119342496175e-08
41950.056 1.857426333279968e-08
42000.056 8.863345217360128e-09
42050.056 1.2913688901058588e-08
42100.056 1.4349105124923736e-08
42150.056 1.677800714171972e-08
42200.056 2.016398745138939e-08
42250.056 1.5604061821253898e-08
42300.056 1.4073084650638737e-08
42350.056 2.4682473544421018e-08
42400.056 3.021619274460287e-08
42450.056 2.9787487515906325e-08
42500.056 2.9849742786696034e-08
42550.056 2.478088756239491e-08
42600.056 2.6112114568890984e-08
42650.056 4.140592342258906e-08
42700.056 1.715216714134894e-08
42750.056 2.816196122070512e-08
42800.056 4.297479500740484e-08
42850.056 4.401838792198855e-08
42900.056 4.675018580060689e-08
42950.056 3.571358700599765e-08
43000.056 4.170623133360323e-08
43050.056 1.9356085083101375e-08
43100.056 3.302801082149753e-08
43150.056 2.600682367870296e-08
43200.056 4.330377009800443e-08
43250.056 5.773370271600289e-08
43300.056 5.323531306580018e-08
43350.056 2.7133639110892638e-08
43400.056 4.1760516826702976e-08
43450.056 2.504269135010149e-08
43500.056 2.4468435324105207e-08
43550.056 2.835490921760328e-08
43600.056 4.966299188200588e-08
43650.056 2.894010833509952e-08
43700.056 5.810258464901423e-08
43750.056 5.225990674799562e-08
43800.056 4.582806385759595e-08
43850.056 4.0716971454604026e-08
43900.056 2.9152047513676113e-08
43950.056 1.8574525209698028e-08
44000.056 1.952833275959884e-08
44050.056 5.415161154500074e-08
44100.056 7.359698988499994e-08
44150.056 6.431830028679766e-08
44200.056 5.938744966500146e-08
44250.056 2.8849857016396167e-08
44300.056 2.2466330689603328e-08
44350.056 2.4475334434546675e-08
44400.056 2.22668161944979e-08
44450.056 4.522742909660365e-08
44500.056 4.031224108220586e-08
44550.056 5.972000370199667e-08
44600.056 4.976066398742926e-08
44650.056 4.414395364330279e-08
44700.056 2.833233507919685e-08
44750.056 4.798561499680927e-08
44800.056 2.906721778360257e-08
44850.056 4.1254439952102254e-08
44900.056 3.8112010084200336e-08
44950.056 4.551466469740569e-08
45000.056 5.6898698068001964e-08
45050.056 4.828521213499397e-08
45100.056 4.2919895525501126e-08
45150.056 3.5977998879693776e-08
45200.056 2.7339828718003138e-08
45250.056 3.3394220324892025e-08
45300.056 3.1608055173504345e-08
45350.056 2.3327475661206892e-08
45400.056 7.294870380600922e-08
45450.056 5.55150352292055e-08
45500.056 7.52208050341055e-08
45550.056 7.77920382192803e-08
45600.056 6.145668600601022e-08
45650.056 4.979145380780043e-08
45700.056 3.024801777787719e-08
45750.056 2.7353811127502064e-08
45800.056 7.548014803380362e-08
45850.056 5.593683108139841e-08
45900.056 7.650957094699494e-08
45950.056 6.706821651599764e-08
46000.056 7.19958365785075e-08
46050.056 5.060525886460735e-08
46100.056 9.152839525899306e-08
46150.056 4.7219950853401225e-08
46200.056 3.807339100069313e-08
46250.056 1.3795672432987757e-08
46300.056 4.767703159580158e-08
46350.056 4.918851376530688e-08
46400.056 4.630815830120109e-08
46450.056 4.178398442567942e-08
46500.056 4.810577150140952e-08
46550.056 2.224102792130055e-08
46600.056 3.411902228705479e-08
46650.056 5.737908655670309e-08
46700.056 3.516659634699058e-08
46750.056 1.5441044979063037e-08
46800.056 9.73256782387952e-09
46850.056 5.2757415769608555e-08
46900.056 5.9226723517597885e-08
46950.056 5.9460791732994905e-08
47000.056 5.7742580840008114e-08
47050.056 3.762670941762034e-08
47100.056 2.591623516600286e-08
47150.056 4.613371316700618e-08
47200.056 5.0507593871996633e-08
47250.056 2.4027549429595983e-08
47300.056 1.558775499837378e-08
47350.056 5.6843613282004454e-08
47400.056 5.2922041128994554e-08
47450.056 3.636352465175311e-08
47500.056 6.515250187159847e-08
47550.056 5.534134759800253e-08
47600.056 4.7927974625544395e-08
47650.056 5.225655313313922e-08
47700.056 3.773394451903796e-08
47750.056 2.697289973900105e-08
47800.056 2.0530321582903324e-08
47850.056 8.844292669731802e-09
47900.056 1.5317313128419603e-08
47950.056 4.273810477220288e-08
48000.056 6.109104126099911e-08
48050.056 4.720574857840019e-08
48100.056 1.8152272883162122e-08
48150.056 3.6939175018701386e-08
48200.056 2.251097616513856e-08
48250.056 3.0612898693999344e-08
48300.056 5.828685764299708e-08
48350.056 3.177707873259563e-08
48400.056 6.360533163649162e-09
48450.056 1.3747164492445489e-08
48500.056 2.5879968944693448e-08
48550.056 3.060780796800355e-08
48600.056 4.682229870899912e-08
48650.056 6.246564609499633e-08
48700.056 3.730999835770691e-08
48750.056 2.662521489560732e-08
48800.056 5.0652325668301945e-08
48850.056 2.4078537323355977e-08
48900.056 2.8409585533537022e-08
48950.056 1.4213812639499605e-08
49000.056 7.515214959965471e-09
49050.056 2.785421933699625e-08
49100.056 3.97633280235377e-08
49150.056 2.9393532639402244e-08
49200.056 5.04769541150087e-08
49250.056 5.3103617357001693e-08
49300.056 4.1933908517198715e-08
49350.056 1.3984192780002548e-08
49400.056 2.1894437705443907e-08
49450.056 1.949057462294462e-08
49500.056 1.4852824473787549e-08
49550.056 2.457853841967047e-09
49600.056 7.948469951995563e-09
49650.056 2.4557654760102253e-08
49700.056 2.8911711686091514e-08
49750.056 2.5594588895560212e-08
49800.056 1.4683994871897982e-08
49850.056 3.749266611120543e-08
49900.056 3.288166603259755e-08
49950.056 3.2905644708900226e-08
50000.056 2.0881149497367974e-08
50050.056 2.6577521566101574e-08
50100.056 2.0981633783898553e-08
50150.056 8.261868698508292e-09
50200.056 1.1220501159745524e-09
50250.056 8.434965316099907e-09
50300.056 5.483743885659105e-09
50350.056 2.4526750891204427e-08
50400.056 2.8876696578895946e-08
50450.056 2.1683141833301903e-08
50500.056 3.613457526880118e-08
50550.056 3.127898711000207e-08
50600.056 2.1728660837843232e-08
50650.056 3.8377847744005804e-08
50700.056 3.57755595029972e-08
50750.056 2.0341714898200844e-08
50800.056 5.499524459738966e-09
50850.056 2.4669714645892734e-09
50900.056 2.0576200172101947e-08
50950.056 2.0557122129397652e-08
51000.056 1.4923442998186707e-08
51050.056 2.5719022937796436e-08
51100.056 8.207216182386347e-09
51150.056 8.185051765173743e-09
51200.056 3.1516924946999404e-08
51250.056 2.3062134754076294e-08
51300.056 1.4353636818414234e-08
51350.056 1.2260720358120997e-08
51400.056 3.0501726091406717e-09
51450.056 2.535474066266076e-09
51500.056 2.4535757999230383e-09
51550.056 1.1378501184802408e-08
51600.056 1.1337136052292672e-08
51650.056 1.6475316659999766e-08
51700.056 1.618570414039544e-08
51750.056 9.935645872997197e-09
51800.056 2.103060911499732e-08
51850.056 1.6391452500499043e-08
51900.056 1.782922357819993e-08
51950.056 8.645976950398954e-09
52000.056 6.626320207637427e-10
52050.056 4.244160408100523e-09
52100.056 2.1329038765595568e-09
52150.056 1.112433809937422e-09
52200.056 4.986871522039888e-09
52250.056 8.802841811052088e-09
52300.056 1.0566702091699227e-08
52350.056 2.552804257565698e-09
52400.056 2.930183631091978e-09
52450.056 1.420589740370113e-08
52500.056 9.87513454791555e-09
52550.056 1.3696012665699363e-08
52600.056 1.0524741131580173e-08
52650.056 1.2810133024700696e-08
52700.056 8.202962492439371e-09
52750.056 2.4015475216821532e-09
52800.056 5.211684391880969e-09
52850.056 6.274562682288332e-09
52900.056 1.962725733769805e-09
52950.056 3.780169672720615e-09
53000.056 8.06558065780132e-09
53050.056 2.671884533629198e-09
53100.056 1.1529231694699795e-08
53150.056 1.1382074232880642e-08
53200.056 5.090370002339748e-09
53250.056 9.659568880800068e-09
53300.056 1.187518301226729e-08
53350.056 8.950650117020612e-09
53400.056 5.368314034998657e-09
53450.056 1.514245891489431e-09
53500.056 2.262762980699162e-10
