galfind/configs/Brown_Dwarf_templates/sonora_bobcat/m+0.5/316g/sp_t275g316nc_m+0.5_resample.dat
# %ECSV 1.0
# ---
# datatype:
# - {name: wav, unit: Angstrom, datatype: float64}
# - {name: flux_nu, unit: erg / (cm2 Hz s), datatype: float64}
# meta: {C/O: '1.00', Kzz: '1.0000E+05', Teff: '275.', Y: '0.28', '[Fe/H]': '0.50', f_hole: '1.00', f_rain: '0.00', grav: '316.'}
# schema: astropy-2.0
wav flux_nu
4000.0559999999996 nan
4050.0559999999996 9.94363566676019e-19
4100.056 2.289147948430031e-17
4150.056 1.0611622548500081e-16
4200.056 1.3452887017200066e-16
4250.056 5.916291102200041e-16
4300.056 1.2128267743100049e-15
4350.056 2.136438809800008e-15
4400.056 3.5343147602000097e-15
4450.056 5.468588501500009e-15
4500.056 8.501094939800024e-15
4550.056 1.12059078069e-14
4600.056 9.4367355702e-15
4650.056 8.960577298099991e-15
4700.056 7.60731941999999e-15
4750.056 5.906310307799991e-15
4800.056 4.7129871634999895e-15
4850.056 3.437307530499989e-15
4900.056 2.6753843282999954e-15
4950.056 2.1395560267999967e-15
5000.056 1.4617620397099932e-15
5050.056 9.849533690500034e-16
5100.056 1.0617988045900091e-15
5150.056 1.2562746418999996e-15
5200.056 1.4680515186000042e-15
5250.056 1.6226764706000015e-15
5300.056 1.7879648417000026e-15
5350.056 1.976963282900002e-15
5400.056 2.0851074582000026e-15
5450.056 2.3041860942000138e-15
5500.056 2.6163614451000022e-15
5550.056 2.9699519924000013e-15
5600.056 3.274764779200003e-15
5650.056 3.5099884608999995e-15
5700.056 3.3965313610000083e-15
5750.056 3.5112083832000024e-15
5800.056 3.2988774506999923e-15
5850.056 2.3079292200399686e-15
5900.056 5.740543604250437e-16
5950.056 3.5735354331601335e-15
6000.056 7.511052833099957e-15
6050.056 1.4956874175500124e-14
6100.056 2.6206587292000236e-14
6150.056 4.1346920722000255e-14
6200.056 6.115001844000032e-14
6250.056 8.012639683099996e-14
6300.056 1.1202907470600003e-13
6350.056 1.5283427792299992e-13
6400.056 2.0282398326000046e-13
6450.056 2.0641844731199636e-13
6500.056 2.6384646029300464e-13
6550.056 3.772417942659881e-13
6600.056 5.446315217350132e-13
6650.056 8.25717565210007e-13
6700.056 1.101751056940006e-12
6750.056 1.5652640963000083e-12
6800.056 1.769730149700005e-12
6850.056 1.6467104599999959e-12
6900.056 1.0399423670999935e-12
6950.056 4.889696617010134e-13
7000.056 5.826422542619743e-13
7050.056 5.402179098890072e-13
7100.056 6.184196751899909e-13
7150.056 3.567481529462655e-13
7200.056 1.4138239934877954e-13
7250.056 1.664262683393748e-13
7300.056 1.7866468219952061e-13
7350.056 3.055168693950527e-13
7400.056 4.910157357990146e-13
7450.056 8.85615713520037e-13
7500.056 1.2978508336300045e-12
7550.056 1.6766604025000048e-12
7600.056 1.9399391292000025e-12
7650.056 1.3358000179699847e-12
7700.056 1.4177980733400173e-12
7750.056 2.6465615743000183e-12
7800.056 2.9984993155999973e-12
7850.056 2.8859263716499382e-12
7900.056 3.201374280639978e-12
7950.056 3.909791859019983e-12
8000.056 4.003114985030001e-12
8050.056 4.401182713600046e-12
8100.056 1.8830948985457747e-12
8150.056 6.069603462210775e-13
8200.056 2.2862343490669154e-12
8250.056 2.484439934019618e-12
8300.056 2.1793634487699385e-12
8350.056 2.40287996391699e-12
8400.056 3.5054249654771723e-12
8450.056 6.910458168990033e-12
8500.056 9.711294371400045e-12
8550.056 1.3440765468100247e-11
8600.056 1.7209261298000092e-11
8650.056 1.8735836946000036e-11
8700.056 1.5301927752000008e-11
8750.056 1.3863897495999983e-11
8800.056 9.953311220499638e-12
8850.056 4.908590729339624e-12
8900.056 1.0096469739982115e-13
8950.056 1.576250936738786e-14
9000.056 1.8529309333626574e-14
9050.056 1.918009339413646e-13
9100.056 2.697554083176575e-13
9150.056 4.926806721021168e-13
9200.056 2.0664165921974937e-12
9250.056 1.1497405455755535e-12
9300.056 1.2599689864495031e-15
9350.056 1.0909621212899174e-15
9400.056 3.1876253405422e-14
9450.056 1.4184340998859784e-14
9500.056 1.265694766078356e-14
9550.056 1.0606408840204638e-14
9600.056 2.2556937859482904e-14
9650.056 9.005388033657354e-14
9700.056 7.774011303285624e-13
9750.056 3.79979669353839e-13
9800.056 4.469387767654852e-13
9850.056 5.364803655881288e-13
9900.056 8.881931688607797e-13
9950.056 8.397477862651006e-13
10000.056 9.36709395326266e-13
10050.056 9.863801927599934e-13
10100.056 8.144013759000037e-13
10150.056 3.2970435648699955e-13
10200.056 4.139735012735599e-14
10250.056 5.6694629047775375e-14
10300.056 2.1318435983845873e-13
10350.056 5.1981853874891006e-14
10400.056 4.111514462842254e-13
10450.056 1.0769736000403809e-12
10500.056 3.163252506715218e-12
10550.056 9.829157315950184e-12
10600.056 1.7638485652500816e-11
10650.056 2.1683925784100022e-11
10700.056 1.74361891155996e-11
10750.056 1.9625033312749532e-11
10800.056 1.831771540332016e-11
10850.056 1.4430917710306395e-11
10900.056 9.246228850704617e-12
10950.056 3.4638321005679538e-12
11000.056 1.130089917119906e-12
11050.056 3.461624150118168e-13
11100.056 6.657312209869968e-14
11150.056 9.017444795907104e-15
11200.056 2.0831427508039613e-15
11250.056 1.1545207301142964e-15
11300.056 8.988900392232736e-15
11350.056 5.441306986915543e-16
11400.056 2.121402361060331e-14
11450.056 7.39445429692638e-15
11500.056 7.591136017496704e-15
11550.056 9.319611337485198e-16
11600.056 8.452324487028492e-17
11650.056 2.1191477675667204e-15
11700.056 3.872031634691484e-15
11750.056 8.0361244236942e-16
11800.056 7.255737194321438e-15
11850.056 5.664588934545221e-15
11900.056 5.6847803390991185e-15
11950.056 1.1903178279903162e-14
12000.056 1.902852707813233e-14
12050.056 3.5074905819238824e-14
12100.056 3.918172746041284e-14
12150.056 5.760624607699324e-14
12200.056 5.911999082323313e-14
12250.056 2.3142884331675844e-13
12300.056 7.076341121786535e-13
12350.056 9.990829268267501e-13
12400.056 2.5767592489279852e-12
12450.056 7.113633935920185e-12
12500.056 9.396496829320074e-12
12550.056 1.0567298494860108e-11
12600.056 2.2680625095922098e-11
12650.056 5.2156241581380254e-11
12700.056 5.857901119459973e-11
12750.056 2.2167636420751456e-11
12800.056 7.565778055538614e-12
12850.056 2.015251918706901e-12
12900.056 9.575448860047757e-13
12950.056 6.521590253457167e-13
13000.056 7.499046542921536e-13
13050.056 3.474851639001023e-13
13100.056 2.7518840159797743e-13
13150.056 8.982685978490911e-14
13200.056 1.3864055750403446e-13
13250.056 1.7200563954414795e-13
13300.056 5.288254115303947e-14
13350.056 2.6158052578822615e-14
13400.056 8.612268745585254e-15
13450.056 9.276807859804324e-16
13500.056 9.055208150975281e-17
13550.056 6.012788231089322e-18
13600.056 2.6484291497784933e-19
13650.056 4.128945247295272e-18
13700.056 1.2020236279117523e-18
13750.056 1.6037539645122778e-17
13800.056 1.476626913244614e-17
13850.056 3.2422457419535756e-18
13900.056 1.6795227964449093e-17
13950.056 8.750022729207856e-18
14000.056 3.407474337914573e-17
14050.056 3.339965724624913e-17
14100.056 4.419948145010255e-17
14150.056 3.5892151232680253e-16
14200.056 2.454033456429674e-16
14250.056 5.421586169903583e-16
14300.056 2.5463621677965528e-15
14350.056 1.7933492283819e-15
14400.056 1.6350668474753938e-15
14450.056 4.897830888640465e-15
14500.056 1.49130594840318e-14
14550.056 2.845711281824663e-14
14600.056 3.425234171043533e-14
14650.056 7.013060003723888e-15
14700.056 2.297992985566867e-15
14750.056 3.4824250746314255e-16
14800.056 5.712217880789902e-16
14850.056 5.552422588149497e-16
14900.056 4.3261748603335057e-16
14950.056 1.8641518466529537e-16
15000.056 1.0369294215372388e-15
15050.056 2.401412634654835e-15
15100.056 3.8237377365455163e-16
15150.056 6.349329183922662e-17
15200.056 1.3782677084846586e-15
15250.056 3.0288541042334745e-15
15300.056 5.616454248322728e-15
15350.056 1.2042627923666539e-14
15400.056 1.0112560140569253e-14
15450.056 2.0125803791003325e-14
15500.056 3.138444201344955e-14
15550.056 1.5792722786131902e-13
15600.056 4.0197936901798457e-13
15650.056 1.160738193027312e-12
15700.056 3.464554792752479e-12
15750.056 5.928502322112211e-12
15800.056 8.634344098720413e-12
15850.056 1.3773146082472338e-11
15900.056 1.8969349543638795e-11
15950.056 2.9010542199499715e-11
16000.056 2.7398202314399993e-11
16050.056 1.656053324529891e-11
16100.056 7.138839604580268e-12
16150.056 2.4541239324535927e-12
16200.056 6.563705682514233e-13
16250.056 1.8762793914009238e-13
16300.056 5.175381810206112e-14
16350.056 6.767584886735736e-14
16400.056 8.63237931466288e-14
16450.056 8.602232958879438e-14
16500.056 6.254436376547367e-14
16550.056 5.587921829562882e-14
16600.056 3.1385615106628346e-13
16650.056 1.2078002682622128e-13
16700.056 1.2471465745863241e-14
16750.056 4.927007102624609e-14
16800.056 1.171320470437584e-13
16850.056 1.1704190000409626e-13
16900.056 2.0336852440590516e-14
16950.056 1.0121104160428336e-14
17000.056 2.863213533350419e-15
17050.056 6.844596738893384e-15
17100.056 3.1044004184365204e-14
17150.056 1.141610720381738e-14
17200.056 1.0053488285041753e-13
17250.056 1.163845759211797e-14
17300.056 9.369966784972795e-15
17350.056 1.8942825544522942e-14
17400.056 6.583611298546946e-14
17450.056 9.33387543321292e-14
17500.056 2.0819409686762862e-13
17550.056 1.7706904844951106e-13
17600.056 1.6664007426879405e-13
17650.056 6.939575128831589e-14
17700.056 6.018570555990552e-14
17750.056 4.745406165618833e-14
17800.056 2.875789680271085e-13
17850.056 4.477081445385893e-14
17900.056 2.930775741213846e-14
17950.056 1.9305786814117868e-14
18000.056 4.387538278736943e-14
18050.056 2.0710736643667948e-14
18100.056 2.457647179274082e-14
18150.056 8.126961632734512e-15
18200.056 6.288712111588574e-15
18250.056 4.909249299102761e-14
18300.056 1.5692341204044866e-15
18350.056 1.409442272310223e-15
18400.056 3.9438490465642304e-16
18450.056 1.1982038557559779e-14
18500.056 9.479926680079135e-15
18550.056 2.8739780937294174e-15
18600.056 1.1096937296675637e-14
18650.056 8.772373622680605e-15
18700.056 1.923768504366646e-16
18750.056 3.995649523164609e-16
18800.056 4.011701334949535e-14
18850.056 2.6117197706364965e-14
18900.056 5.250783911306353e-14
18950.056 6.376266300268137e-14
19000.056 3.0862849182394266e-15
19050.056 1.1560948652098521e-15
19100.056 7.379149977191377e-15
19150.056 2.4242079007208512e-15
19200.056 8.914286470768861e-15
19250.056 5.4451562545570895e-15
19300.056 2.2620445518057242e-15
19350.056 2.510140102260897e-15
19400.056 1.4853118474708746e-15
19450.056 2.097089179371924e-15
19500.056 1.1539381022947288e-15
19550.056 6.472822486713532e-15
19600.056 2.233441713665384e-14
19650.056 1.2017998775598378e-14
19700.056 2.6220814845826753e-14
19750.056 5.16777575041409e-14
19800.056 1.9357244487650486e-14
19850.056 2.4837769594240103e-14
19900.056 6.202901362625613e-14
19950.056 1.0541498115761387e-13
20000.056 1.4639907953689647e-13
20050.056 8.45625172085597e-14
20100.056 1.322964214860139e-13
20150.056 9.093639864190808e-14
20200.056 3.932698818211623e-14
20250.056 1.9530790057525333e-13
20300.056 3.3778289221591303e-13
20350.056 4.393519990266242e-13
20400.056 2.76534999643528e-13
20450.056 7.37624898375259e-13
20500.056 8.943003267232524e-13
20550.056 1.0813769133300544e-12
20600.056 1.2652536500792177e-12
20650.056 1.6417432271709172e-12
20700.056 1.939850521222341e-12
20750.056 2.2987001639138964e-12
20800.056 2.1175468053495965e-12
20850.056 2.818318396700071e-12
20900.056 3.055814729699993e-12
20950.056 2.897369215480047e-12
21000.056 2.7865936167500195e-12
21050.056 3.1138676741999275e-12
21100.056 2.959646712199974e-12
21150.056 2.9629028279000224e-12
21200.056 2.743756541950139e-12
21250.056 2.611636543849733e-12
21300.056 2.1589472214301343e-12
21350.056 2.128019581329771e-12
21400.056 2.1686355425288496e-12
21450.056 1.5133564179253604e-12
21500.056 1.1592531693918602e-12
21550.056 1.2641637753417327e-12
21600.056 1.0275351574715157e-12
21650.056 5.702657252574233e-13
21700.056 3.478546555760042e-13
21750.056 4.592477495976993e-13
21800.056 2.511842986454519e-13
21850.056 2.5557626795984705e-13
21900.056 1.5288828933698486e-13
21950.056 3.272286561851953e-14
22000.056 8.529808181166376e-16
22050.056 3.4630733744130858e-15
22100.056 1.841454603765259e-14
22150.056 8.603498965718081e-15
22200.056 7.079693408006504e-15
22250.056 5.199728609154528e-15
22300.056 9.544572487189311e-16
22350.056 2.5490589930238275e-15
22400.056 4.7374991774641665e-16
22450.056 1.3714590189229402e-15
22500.056 9.78172714524696e-16
22550.056 1.6347380159281176e-16
22600.056 9.831957739199953e-17
22650.056 1.864446760520865e-16
22700.056 2.591292558549614e-16
22750.056 8.901674966624917e-16
22800.056 1.2123085836974234e-15
22850.056 6.985948122971296e-16
22900.056 3.650755412224138e-16
22950.056 1.3484023327675795e-16
23000.056 2.635159414094629e-16
23050.056 1.278306614674295e-16
23100.056 1.2588876635602211e-14
23150.056 1.7379690643708817e-14
23200.056 6.167729613704655e-17
23250.056 1.0670268949284508e-15
23300.056 5.808539614711017e-16
23350.056 1.2304526260441661e-15
23400.056 1.1614273732765262e-15
23450.056 1.7957585714255855e-16
23500.056 2.40476300771116e-16
23550.056 9.893302580621332e-16
23600.056 5.6670600960042785e-15
23650.056 8.993873164175633e-15
23700.056 3.1307410281617114e-16
23750.056 5.795584964186114e-16
23800.056 1.011137954841343e-14
23850.056 3.3809524492367974e-15
23900.056 1.4495484008720214e-14
23950.056 2.676199249152896e-15
24000.056 2.113025973998757e-14
24050.056 2.3629719862358886e-14
24100.056 7.240357204744294e-14
24150.056 9.403622584510938e-14
24200.056 3.3719597658749574e-14
24250.056 2.3364127695351005e-14
24300.056 7.493330004086124e-14
24350.056 6.305628978571112e-14
24400.056 3.0517416159170215e-13
24450.056 3.415165667883002e-13
24500.056 2.749232247113991e-13
24550.056 6.556029845939503e-13
24600.056 8.325117687308375e-13
24650.056 1.7021825830279213e-12
24700.056 9.994271811707976e-13
24750.056 1.5957316880641809e-12
24800.056 1.0371186235506563e-12
24850.056 1.7877012684057639e-12
24900.056 7.704586345708428e-13
24950.056 1.2540262970964841e-12
25000.056 1.8803420724773875e-12
25050.056 1.0016337392302532e-12
25100.056 1.5802110499969603e-12
25150.056 5.172191191385496e-13
25200.056 7.905208290726733e-13
25250.056 2.391680920424316e-13
25300.056 1.9310580125545064e-13
25350.056 1.0518838080970966e-13
25400.056 2.5808761638835977e-13
25450.056 4.8667515496907834e-14
25500.056 3.527364549647898e-14
25550.056 1.0593200648634516e-13
25600.056 3.375700848783584e-14
25650.056 1.2611149731598888e-14
25700.056 9.147653938262782e-15
25750.056 3.9836427136592036e-15
25800.056 1.707217857819345e-14
25850.056 3.4335745458090797e-15
25900.056 3.1992484362872667e-15
25950.056 2.423920969868723e-15
26000.056 1.0397790383729994e-14
26050.056 2.913692619151003e-15
26100.056 7.139640274018928e-15
26150.056 4.0329090408170355e-15
26200.056 5.11552084300037e-15
26250.056 1.95328329924988e-14
26300.056 6.636000863131784e-15
26350.056 4.669520284097581e-14
26400.056 1.2064512933975006e-13
26450.056 5.990510013660495e-14
26500.056 1.8920436434524684e-13
26550.056 1.7745904201103616e-14
26600.056 1.6868121683483836e-14
26650.056 5.2216014255498306e-15
26700.056 6.075855427011567e-15
26750.056 7.980345320434104e-15
26800.056 2.093913871347115e-14
26850.056 1.5330585329385348e-14
26900.056 4.391112615204796e-14
26950.056 1.386656101931749e-14
27000.056 4.9170250314838236e-14
27050.056 9.429738078471531e-14
27100.056 1.0858549048267142e-14
27150.056 7.266025039806303e-14
27200.056 1.31811744980528e-14
27250.056 2.956883945995392e-14
27300.056 2.2637979623121193e-13
27350.056 7.29601239650134e-14
27400.056 1.1990776197736956e-14
27450.056 1.0886002121391563e-13
27500.056 1.3709722347287498e-13
27550.056 3.5104465562051645e-14
27600.056 8.473895489004044e-14
27650.056 3.2931130469897005e-14
27700.056 3.983085886470632e-14
27750.056 1.4857842723887584e-13
27800.056 6.126491693256942e-14
27850.056 1.1482951278009436e-13
27900.056 1.488359729719706e-13
27950.056 2.274548885614056e-13
28000.056 3.60002046595244e-13
28050.056 3.614157157758664e-14
28100.056 3.7100908225964323e-13
28150.056 2.7955168086077706e-13
28200.056 5.193206898737527e-14
28250.056 4.570710472321287e-13
28300.056 3.962702282468945e-13
28350.056 5.234645948758497e-14
28400.056 2.4068912738729576e-13
28450.056 4.166410344762305e-13
28500.056 1.6084673511390364e-13
28550.056 5.739509642317735e-14
28600.056 4.588130711265347e-13
28650.056 1.3867538323824468e-13
28700.056 4.53907516846584e-13
28750.056 6.128911536434192e-13
28800.056 1.0578895669313325e-13
