galfind/configs/Brown_Dwarf_templates/sonora_bobcat/m+0.5/316g/sp_t2200g316nc_m+0.5_resample.dat
# %ECSV 1.0
# ---
# datatype:
# - {name: wav, unit: Angstrom, datatype: float64}
# - {name: flux_nu, unit: erg / (cm2 Hz s), datatype: float64}
# meta: {C/O: '1.00', Kzz: '1.0000E+05', Teff: '2200.', Y: '0.28', '[Fe/H]': '0.50', f_hole: '1.00', f_rain: '0.00', grav: '316.'}
# schema: astropy-2.0
wav flux_nu
4000.0559999999996 nan
4050.0559999999996 1.5972997726719384e-08
4100.056 1.65718541935109e-08
4150.056 1.2761249406052065e-08
4200.056 9.260602754349356e-09
4250.056 7.899889580553133e-09
4300.056 5.020926297491931e-09
4350.056 5.417487416519962e-09
4400.056 5.268018679461685e-09
4450.056 2.9926246277602196e-09
4500.056 3.339081104660455e-09
4550.056 4.171402261868849e-09
4600.056 3.494699884059512e-09
4650.056 2.7668533434101673e-09
4700.056 3.3549822531606135e-09
4750.056 4.305775216848834e-09
4800.056 2.869978905570468e-09
4850.056 3.698589984641051e-09
4900.056 7.334480208349224e-09
4950.056 8.85369487905046e-09
5000.056 4.281474142149694e-09
5050.056 5.904275119371221e-09
5100.056 1.1430286942142631e-08
5150.056 1.2925412908964268e-08
5200.056 7.1670305117702205e-09
5250.056 9.694419039649464e-09
5300.056 1.2030741666900402e-08
5350.056 1.2229785195701702e-08
5400.056 1.4016855722199845e-08
5450.056 1.1373411812958513e-08
5500.056 9.165494776298946e-09
5550.056 1.2210249569699279e-08
5600.056 1.0406433421600784e-08
5650.056 9.421511790000357e-09
5700.056 1.1243356431000601e-08
5750.056 1.0394320077199246e-08
5800.056 9.98289026599963e-09
5850.056 5.011562902240051e-09
5900.056 5.817449871946251e-10
5950.056 6.758797689300039e-09
6000.056 1.3362879154499549e-08
6050.056 2.140222938500127e-08
6100.056 2.749051421530078e-08
6150.056 2.8464216879295852e-08
6200.056 1.8321554228100358e-08
6250.056 2.038580247060147e-08
6300.056 2.8870451172000685e-08
6350.056 3.66984426950018e-08
6400.056 4.445911791500142e-08
6450.056 5.597448526098903e-08
6500.056 5.628729974998863e-08
6550.056 6.84549331749861e-08
6600.056 6.076356956400426e-08
6650.056 5.0982003547005656e-08
6700.056 3.9271131157416335e-08
6750.056 4.7949959400004665e-08
6800.056 5.359930960300211e-08
6850.056 6.626577241799849e-08
6900.056 8.329862353500045e-08
6950.056 1.0722160123899057e-07
7000.056 1.5527647699898317e-07
7050.056 1.448545160140142e-07
7100.056 8.121821670799325e-08
7150.056 6.538428492800722e-08
7200.056 9.024047638899563e-08
7250.056 1.2980987021101335e-07
7300.056 2.068140921180349e-07
7350.056 2.9843258379899676e-07
7400.056 3.766521693480293e-07
7450.056 4.0762212335793867e-07
7500.056 4.5348699975000414e-07
7550.056 5.118553779000172e-07
7600.056 3.4854120296897926e-07
7650.056 9.742994275445787e-08
7700.056 5.644696294462223e-08
7750.056 2.0966478002503148e-07
7800.056 2.632717826404541e-07
7850.056 2.967501428039936e-07
7900.056 3.2992677807405255e-07
7950.056 3.3437508468735375e-07
8000.056 4.049558696029384e-07
8050.056 5.9062079243992e-07
8100.056 8.50305824730184e-07
8150.056 1.1914519753500517e-06
8200.056 8.664357698938836e-07
8250.056 1.0144778154799474e-06
8300.056 8.174582744402597e-07
8350.056 8.692196482302928e-07
8400.056 8.826698135301364e-07
8450.056 5.3137268370988e-07
8500.056 4.7666289163866585e-07
8550.056 5.913646720200491e-07
8600.056 7.078469915397389e-07
8650.056 8.872405130199153e-07
8700.056 1.020796223660252e-06
8750.056 1.2553793693701203e-06
8800.056 1.6408497663303373e-06
8850.056 1.5838821005001965e-06
8900.056 1.1062694596299767e-06
8950.056 1.2049599214557923e-06
9000.056 1.490033735480211e-06
9050.056 1.604251861369597e-06
9100.056 2.0191260021201253e-06
9150.056 2.354686946070019e-06
9200.056 2.2536382434204238e-06
9250.056 1.5082390470698896e-06
9300.056 1.2700335186701044e-06
9350.056 1.4214600844597364e-06
9400.056 1.5742707736504307e-06
9450.056 1.7572459783394688e-06
9500.056 2.098767028269754e-06
9550.056 2.3654191886504967e-06
9600.056 2.5465263582806332e-06
9650.056 2.8855742612408403e-06
9700.056 3.129154468719638e-06
9750.056 2.488242514380062e-06
9800.056 2.7340073246597784e-06
9850.056 2.6771558441698224e-06
9900.056 2.511811128789997e-06
9950.056 2.483907797200187e-06
10000.056 2.50888088448979e-06
10050.056 2.4203542313899763e-06
10100.056 2.877916249341073e-06
10150.056 2.810025535719669e-06
10200.056 3.0395519043795416e-06
10250.056 2.9831101486789344e-06
10300.056 2.9867484467594645e-06
10350.056 3.3475701842895758e-06
10400.056 3.546240588859976e-06
10450.056 3.7975726206805593e-06
10500.056 3.8137418041791695e-06
10550.056 3.910469741970554e-06
10600.056 4.166046439590571e-06
10650.056 4.304679010699489e-06
10700.056 4.566612018250214e-06
10750.056 4.863487293200353e-06
10800.056 5.111631550559561e-06
10850.056 5.389307125419857e-06
10900.056 5.313508512149591e-06
10950.056 5.1238375521885875e-06
11000.056 4.8888701557202255e-06
11050.056 3.685026174779773e-06
11100.056 4.0112070485507704e-06
11150.056 4.213753856399649e-06
11200.056 4.292614357020302e-06
11250.056 4.763697686009913e-06
11300.056 4.814466126830161e-06
11350.056 4.544821644899943e-06
11400.056 3.7146215137900183e-06
11450.056 4.867032332478901e-06
11500.056 5.323121828339301e-06
11550.056 5.222941763080133e-06
11600.056 5.386121361958837e-06
11650.056 5.57203798850075e-06
11700.056 4.63926640988595e-06
11750.056 4.763618769899735e-06
11800.056 4.765260921400166e-06
11850.056 5.635441070140218e-06
11900.056 5.770968041508794e-06
11950.056 5.7860819923297e-06
12000.056 5.559041169200429e-06
12050.056 5.99774069500048e-06
12100.056 5.995657292899878e-06
12150.056 6.42622815189982e-06
12200.056 6.5411420080997795e-06
12250.056 6.845851012899323e-06
12300.056 6.986969918000912e-06
12350.056 7.068551638700493e-06
12400.056 6.552304401499334e-06
12450.056 5.574019877020086e-06
12500.056 6.03140622349895e-06
12550.056 6.041417942990103e-06
12600.056 6.456372829100066e-06
12650.056 6.740584179399492e-06
12700.056 6.9700339367995005e-06
12750.056 7.0063461062003575e-06
12800.056 7.430898025699113e-06
12850.056 7.320358956900224e-06
12900.056 7.212698008899327e-06
12950.056 7.43419294679894e-06
13000.056 7.619195442099091e-06
13050.056 7.734798398399482e-06
13100.056 7.712468779899191e-06
13150.056 7.76365140867962e-06
13200.056 7.546887569599488e-06
13250.056 7.166127814560168e-06
13300.056 6.436929100079039e-06
13350.056 4.511092086093613e-06
13400.056 4.324839254665753e-06
13450.056 3.914057037074784e-06
13500.056 3.914332896869461e-06
13550.056 3.734713409951939e-06
13600.056 3.426896454212958e-06
13650.056 3.6490949059870136e-06
13700.056 3.348047452276316e-06
13750.056 3.3782506840591726e-06
13800.056 3.746550037939948e-06
13850.056 3.743853078683532e-06
13900.056 3.6368662522031357e-06
13950.056 3.485263200827776e-06
14000.056 3.28212503165007e-06
14050.056 3.335183750692096e-06
14100.056 3.0580244597524356e-06
14150.056 3.038492893847369e-06
14200.056 2.887160345334539e-06
14250.056 2.8618399319891528e-06
14300.056 2.899839387814499e-06
14350.056 2.920263368876383e-06
14400.056 3.0478391806573053e-06
14450.056 3.1915375999312238e-06
14500.056 3.4073320267896082e-06
14550.056 3.4338435768849543e-06
14600.056 3.5436344798910237e-06
14650.056 3.490741652158769e-06
14700.056 3.271441674259528e-06
14750.056 3.434473215230596e-06
14800.056 3.498328506780852e-06
14850.056 3.7201458689191554e-06
14900.056 3.7367841241097805e-06
14950.056 3.7650743411607065e-06
15000.056 3.8505624416006705e-06
15050.056 4.159261479019184e-06
15100.056 4.1408079309906e-06
15150.056 4.254752053880309e-06
15200.056 4.4337423981997256e-06
15250.056 4.431823784289754e-06
15300.056 4.631627778839876e-06
15350.056 4.748563310900221e-06
15400.056 4.862154675200067e-06
15450.056 5.043977221620381e-06
15500.056 5.1199039866992e-06
15550.056 5.346824042599754e-06
15600.056 5.328772467700676e-06
15650.056 5.5259132461000014e-06
15700.056 5.826918852801782e-06
15750.056 6.000049046299481e-06
15800.056 6.067683630800926e-06
15850.056 5.926787796600462e-06
15900.056 6.061628352400754e-06
15950.056 6.183058411399979e-06
16000.056 6.294236371399582e-06
16050.056 6.4926397680004775e-06
16100.056 6.635190837100333e-06
16150.056 6.604919370600394e-06
16200.056 6.7876237270995605e-06
16250.056 6.8319098054999075e-06
16300.056 6.900579832100125e-06
16350.056 7.20762761039955e-06
16400.056 7.142839280901215e-06
16450.056 7.324673546100486e-06
16500.056 7.491072507600715e-06
16550.056 7.77879280779948e-06
16600.056 7.525495661100628e-06
16650.056 8.036636701200786e-06
16700.056 7.828744541698612e-06
16750.056 7.962357463899314e-06
16800.056 8.147664701200374e-06
16850.056 8.159818762799436e-06
16900.056 7.989733254200259e-06
16950.056 7.953801614599147e-06
17000.056 7.916869085201085e-06
17050.056 7.804253133700473e-06
17100.056 7.467641822100407e-06
17150.056 7.334050460699851e-06
17200.056 6.880147224799702e-06
17250.056 6.625570593999908e-06
17300.056 6.7642211933891605e-06
17350.056 6.468270359380359e-06
17400.056 6.605742712030133e-06
17450.056 6.231951597647129e-06
17500.056 6.015978818988878e-06
17550.056 5.963408300620399e-06
17600.056 5.7477850487201875e-06
17650.056 5.853099637098868e-06
17700.056 5.242758619909105e-06
17750.056 5.083807763060046e-06
17800.056 5.011032485691096e-06
17850.056 4.815260361330725e-06
17900.056 4.796408168489889e-06
17950.056 4.674479783119211e-06
18000.056 4.346673805120449e-06
18050.056 4.40599587970195e-06
18100.056 4.24002973352005e-06
18150.056 4.5815114365314315e-06
18200.056 4.016269051390278e-06
18250.056 4.48612892769005e-06
18300.056 4.342186808759671e-06
18350.056 4.169873258240181e-06
18400.056 4.093688193656022e-06
18450.056 3.773286244932257e-06
18500.056 3.86399145759072e-06
18550.056 3.6969286523802927e-06
18600.056 3.1931508432081633e-06
18650.056 3.65660575478094e-06
18700.056 3.892660596720652e-06
18750.056 3.7200705203015615e-06
18800.056 3.7684360182415863e-06
18850.056 4.248409903799625e-06
18900.056 4.104357255218425e-06
18950.056 4.092575349729738e-06
19000.056 4.344815687599111e-06
19050.056 4.2510400424400605e-06
19100.056 4.295175533081521e-06
19150.056 4.464589461349672e-06
19200.056 4.4256890547713685e-06
19250.056 4.247504203688855e-06
19300.056 4.413804025689085e-06
19350.056 4.497070134279844e-06
19400.056 4.1692676273088e-06
19450.056 4.486829036840732e-06
19500.056 4.501815389099462e-06
19550.056 4.051362123760952e-06
19600.056 4.524548248049447e-06
19650.056 4.436291297017345e-06
19700.056 4.472292159160431e-06
19750.056 4.2219274872703454e-06
19800.056 4.395169405749421e-06
19850.056 4.358806874951673e-06
19900.056 4.064254369761373e-06
19950.056 4.505373335949886e-06
20000.056 4.043149283210682e-06
20050.056 4.256742588311387e-06
20100.056 4.374149080137454e-06
20150.056 4.27987065615089e-06
20200.056 4.3677104203086815e-06
20250.056 4.53426326264014e-06
20300.056 4.533980874850411e-06
20350.056 4.562055751679583e-06
20400.056 4.529430591737732e-06
20450.056 4.764824903229665e-06
20500.056 4.719154581340251e-06
20550.056 4.829631320539835e-06
20600.056 5.04084455580064e-06
20650.056 4.913588915991091e-06
20700.056 5.095412887880149e-06
20750.056 5.134691547499226e-06
20800.056 5.305573691400268e-06
20850.056 5.299795790199968e-06
20900.056 5.496280733199746e-06
20950.056 5.548063529299719e-06
21000.056 5.772065905199602e-06
21050.056 5.78079855580023e-06
21100.056 5.839665245100032e-06
21150.056 6.100379310500351e-06
21200.056 6.0779657823005254e-06
21250.056 6.318242708699305e-06
21300.056 6.160313036899849e-06
21350.056 6.5146207222004205e-06
21400.056 6.34985991220043e-06
21450.056 6.872561720700079e-06
21500.056 6.578676217300331e-06
21550.056 6.742617952999576e-06
21600.056 6.927785404000661e-06
21650.056 6.91715859930048e-06
21700.056 7.169825155099616e-06
21750.056 7.064289720599931e-06
21800.056 7.088103589299731e-06
21850.056 7.174536300099788e-06
21900.056 7.3503282211007405e-06
21950.056 7.267830827100423e-06
22000.056 7.531445770899543e-06
22050.056 7.256554432099227e-06
22100.056 7.47951708979975e-06
22150.056 7.609225264400613e-06
22200.056 7.435913146201373e-06
22250.056 7.835574070700463e-06
22300.056 7.753468129399577e-06
22350.056 7.595791289000365e-06
22400.056 7.934081808400288e-06
22450.056 7.844695779699047e-06
22500.056 7.966841978999683e-06
22550.056 7.893665410398789e-06
22600.056 7.875515563399645e-06
22650.056 7.908529465201467e-06
22700.056 7.900128172401492e-06
22750.056 8.119984461299411e-06
22800.056 7.87226946226011e-06
22850.056 7.999851663400736e-06
22900.056 8.188261052899406e-06
22950.056 6.292418190940776e-06
23000.056 7.025615881830475e-06
23050.056 7.240181000878836e-06
23100.056 6.982954951169843e-06
23150.056 7.142558879710977e-06
23200.056 7.167327480020059e-06
23250.056 5.983167636528467e-06
23300.056 6.462282591820286e-06
23350.056 6.588428918099999e-06
23400.056 6.4253209728301876e-06
23450.056 6.61688246479002e-06
23500.056 6.377998780908523e-06
23550.056 5.68631123918191e-06
23600.056 5.874222020351352e-06
23650.056 6.275194580449111e-06
23700.056 6.216523551168271e-06
23750.056 6.1692532960007254e-06
23800.056 6.084103590091078e-06
23850.056 5.2021320783205565e-06
23900.056 5.623880923929409e-06
23950.056 5.7762229675416935e-06
24000.056 5.444143139649158e-06
24050.056 5.359648359360993e-06
24100.056 4.95601402250844e-06
24150.056 4.83182846419072e-06
24200.056 4.894205218168458e-06
24250.056 4.812696218660593e-06
24300.056 4.56704937306025e-06
24350.056 4.364984496330105e-06
24400.056 4.694058730019721e-06
24450.056 4.328286935059902e-06
24500.056 3.994129087360206e-06
24550.056 3.948659081099708e-06
24600.056 3.954744888920803e-06
24650.056 4.27478491881969e-06
24700.056 3.7015849327599616e-06
24750.056 3.5305186965009297e-06
24800.056 3.4358864320304613e-06
24850.056 3.89629369219016e-06
24900.056 3.1859205846719635e-06
24950.056 3.830759310999464e-06
25000.056 3.408890867760206e-06
25050.056 2.902385381000808e-06
25100.056 3.3730654006098716e-06
25150.056 2.9739775294801478e-06
25200.056 3.1865833679093517e-06
25250.056 3.0663549373790874e-06
25300.056 3.1775677144802366e-06
25350.056 2.7960715709799885e-06
25400.056 2.9879530073213443e-06
25450.056 2.8203112267201336e-06
25500.056 2.9655908641811002e-06
25550.056 2.7904532335101784e-06
25600.056 2.8780223680602224e-06
25650.056 2.6311004856699993e-06
25700.056 3.1349407994086567e-06
25750.056 2.4982897777904752e-06
25800.056 2.984964796660545e-06
25850.056 2.8058303902897456e-06
25900.056 2.9969044594407687e-06
25950.056 2.7498830365802985e-06
26000.056 2.9179908895008008e-06
26050.056 3.227280217900108e-06
26100.056 3.0468065381306552e-06
26150.056 3.1053456494890332e-06
26200.056 2.9330341649202682e-06
26250.056 2.9710257548208495e-06
26300.056 3.0335934041599595e-06
26350.056 2.9393930428195935e-06
26400.056 3.030222860479289e-06
26450.056 2.9787583036604293e-06
26500.056 3.1143633480088894e-06
26550.056 3.179430047339211e-06
26600.056 3.560686673379066e-06
26650.056 2.9958802473093013e-06
26700.056 3.0316203308797413e-06
26750.056 2.881746810298736e-06
26800.056 3.0921437599289474e-06
26850.056 2.7303868060903783e-06
26900.056 3.247019507700104e-06
26950.056 2.4055508989201927e-06
27000.056 3.073114895530898e-06
27050.056 2.6708394838295537e-06
27100.056 2.678487349569562e-06
27150.056 2.793385245079829e-06
27200.056 2.780341399450699e-06
27250.056 2.558603373971364e-06
27300.056 2.7809690252500762e-06
27350.056 2.7482298976988934e-06
27400.056 2.448252083950098e-06
27450.056 2.951690535758804e-06
27500.056 2.7125815187101776e-06
27550.056 2.697852723439992e-06
27600.056 2.931512151969582e-06
27650.056 2.4527492682696875e-06
27700.056 2.454762557640318e-06
27750.056 2.9762732758681757e-06
27800.056 2.313788989289872e-06
27850.056 2.5457847005788096e-06
27900.056 2.543530670280168e-06
27950.056 2.8513442394096973e-06
28000.056 2.7575317790607425e-06
28050.056 2.250854786360526e-06
28100.056 2.94851042615149e-06
28150.056 2.4613355266301057e-06
28200.056 2.167456626200209e-06
28250.056 2.5758338579500405e-06
28300.056 2.8947776339807077e-06
28350.056 2.494724658468999e-06
28400.056 2.5218619554900294e-06
28450.056 2.518982633229493e-06
28500.056 2.598438849669501e-06
28550.056 2.1092870720092432e-06
28600.056 2.8799771898902538e-06
28650.056 2.7343386783196526e-06
28700.056 2.4662796448393913e-06
28750.056 2.69221486364976e-06
28800.056 2.630060493010503e-06
28850.056 2.7205375912702706e-06
28900.056 2.318707677860246e-06
28950.056 3.010670308929558e-06
