galfind/configs/Brown_Dwarf_templates/sonora_bobcat/m+0.5/316g/sp_t550g316nc_m+0.5_resample.dat
# %ECSV 1.0
# ---
# datatype:
# - {name: wav, unit: Angstrom, datatype: float64}
# - {name: flux_nu, unit: erg / (cm2 Hz s), datatype: float64}
# meta: {C/O: '1.00', Kzz: '1.0000E+05', Teff: '550.', Y: '0.28', '[Fe/H]': '0.50', f_hole: '1.00', f_rain: '0.00', grav: '316.'}
# schema: astropy-2.0
wav flux_nu
[from data line 500]
29000.056 1.2378769183556148e-09
29050.056 1.7042887824623451e-09
29100.056 1.0234853754982966e-09
29150.056 1.5234910165582149e-09
29200.056 1.6798681416423862e-09
29250.056 2.6958683919185406e-09
29300.056 1.147072962033646e-09
29350.056 3.849721786306285e-09
29400.056 1.5769407690669693e-09
29450.056 1.5817739536672982e-09
29500.056 2.845527935956978e-09
29550.056 1.4932814388823914e-09
29600.056 2.135701605042574e-09
29650.056 3.906634786530435e-09
29700.056 1.3990411682162204e-09
29750.056 3.072967031527155e-09
29800.056 2.926105224819655e-09
29850.056 3.5671012246579925e-09
29900.056 2.6182067606901493e-09
29950.056 2.7303667943669126e-09
30000.056 1.0729952550996702e-10
30050.056 3.5754802083365526e-10
30100.056 1.006398012418429e-09
30150.056 2.8161035941948536e-09
30200.056 2.162731519482583e-09
30250.056 4.78651262946084e-09
30300.056 5.55527124341701e-09
30350.056 2.271570135860823e-09
30400.056 5.702097650851968e-09
30450.056 3.3038308380470507e-09
30500.056 3.2946787952817685e-09
30550.056 2.7629803582529944e-09
30600.056 7.098383589750977e-09
30650.056 3.814534633636632e-09
30700.056 2.9653453812901064e-09
30750.056 5.078032831672815e-09
30800.056 3.4666381985737146e-09
30850.056 3.828565107202911e-09
30900.056 2.235959388356523e-09
30950.056 2.454691855356415e-09
31000.056 2.4188767194262647e-09
31050.056 2.247676431555455e-09
31100.056 1.3736875947473972e-09
31150.056 2.4796383988614668e-09
31200.056 3.983332493414256e-09
31250.056 2.5054963557769427e-09
31300.056 1.7393212855658883e-09
31350.056 2.679635448883375e-09
31400.056 1.896635596476926e-09
31450.056 2.067630294673522e-09
31500.056 9.734802168195654e-10
31550.056 1.444676528322494e-09
31600.056 9.347149023707713e-10
31650.056 9.184411131633217e-10
31700.056 9.649431385618085e-10
31750.056 4.91924808264756e-10
31800.056 1.0065802983932564e-09
31850.056 2.766761667624444e-10
31900.056 5.614854237389771e-10
31950.056 3.3151865038074813e-10
32000.056 3.648293198366168e-10
32050.056 4.819474198360766e-10
32100.056 4.2077366260692014e-10
32150.056 5.288146037241157e-10
32200.056 2.789804580185362e-10
32250.056 7.008686573330334e-10
32300.056 2.595645090748779e-10
32350.056 6.525148900177723e-10
32400.056 1.9388787954008547e-10
32450.056 5.581438836636535e-10
32500.056 2.5450727333767343e-10
32550.056 4.332594304608798e-10
32600.056 3.4775120631993407e-10
32650.056 1.042283902758171e-09
32700.056 4.876350372031491e-10
32750.056 1.565301153566527e-09
32800.056 1.1265181766173252e-09
32850.056 2.106773319747654e-09
32900.056 1.9642487494128553e-09
32950.056 2.200155065668344e-09
33000.056 1.1674808663071336e-09
33050.056 1.4960635792880429e-09
33100.056 4.086198481711491e-10
33150.056 1.343483073620459e-12
33200.056 1.3634914591407838e-11
33250.056 1.2809162892824524e-11
33300.056 5.385741134972717e-11
33350.056 1.739938231394911e-10
33400.056 4.872158053979687e-10
33450.056 5.129018987288333e-10
33500.056 1.4757275724003366e-09
33550.056 4.752145867395626e-10
33600.056 1.208747615219467e-09
33650.056 1.1212922951499206e-09
33700.056 6.030233907412531e-10
33750.056 1.604808400486312e-09
33800.056 3.3449153917681057e-10
33850.056 9.258958403151624e-10
33900.056 8.962434157541678e-10
33950.056 7.344849941956912e-10
34000.056 1.4638731498478091e-09
34050.056 3.2494352628725677e-10
34100.056 1.2837838486528293e-09
34150.056 6.585054633033968e-10
34200.056 1.3327457649741531e-09
34250.056 9.575080702760312e-10
34300.056 8.579552374695514e-10
34350.056 1.2666797629446875e-09
34400.056 5.691728901305613e-10
34450.056 1.4100889108715536e-09
34500.056 9.100005682248273e-10
34550.056 4.951195660309392e-10
34600.056 1.9556512521714405e-09
34650.056 5.701260183467778e-10
34700.056 1.5566404210280293e-09
34750.056 1.1026948282161303e-09
34800.056 9.168134352311608e-10
34850.056 2.042664440883692e-09
34900.056 1.0076844548049573e-09
34950.056 1.9371050096280306e-09
35000.056 3.7832333172898795e-09
35050.056 1.567018180595818e-09
35100.056 3.3864215441482585e-09
35150.056 2.8640717990860454e-09
35200.056 2.589786742248878e-09
35250.056 4.4422473670457345e-09
35300.056 2.219922303361057e-09
35350.056 2.754456262243155e-09
35400.056 2.7536031928641476e-09
35450.056 1.9547404975966267e-09
35500.056 6.17412342832068e-09
35550.056 4.167414235950361e-09
35600.056 3.9531873511602995e-09
35650.056 4.175798080601679e-09
35700.056 4.0974707116654525e-09
35750.056 6.263109236212838e-09
35800.056 6.82863304639292e-09
35850.056 2.8748634551528674e-09
35900.056 4.09728766635835e-09
35950.056 4.818967333592382e-09
36000.056 5.133448920515714e-09
36050.056 3.935730139245419e-09
36100.056 3.804732606786463e-09
36150.056 6.286056858502491e-09
36200.056 7.052886482229712e-09
36250.056 5.31884139390918e-09
36300.056 9.747114292849854e-09
36350.056 6.671994649081366e-09
36400.056 8.956895498230404e-09
36450.056 9.643800302097797e-09
36500.056 1.1094619325204612e-08
36550.056 1.2621789382765015e-08
36600.056 1.4435710298234255e-08
36650.056 1.1819236899867323e-08
36700.056 1.240499139549533e-08
36750.056 1.4865143522669903e-08
36800.056 1.62609570397379e-08
36850.056 1.1060909010857673e-08
36900.056 1.6367734607871894e-08
36950.056 1.6874284391957658e-08
37000.056 1.2885106092704945e-08
37050.056 1.7670321959317493e-08
37100.056 1.5378901087655777e-08
37150.056 1.390162715568113e-08
37200.056 2.0020801911613873e-08
37250.056 1.5158480298117577e-08
37300.056 1.2541513969044509e-08
37350.056 1.8198389145376682e-08
37400.056 2.6836349994957234e-08
37450.056 1.37392001097169e-08
37500.056 1.6489868740844554e-08
37550.056 2.5636560462431e-08
37600.056 3.3822812536128674e-08
37650.056 1.4584878476469993e-08
37700.056 2.710965265428201e-08
37750.056 1.8019889074383743e-08
37800.056 1.918902769166588e-08
37850.056 1.1030656608452207e-08
37900.056 1.4408700584786013e-08
37950.056 2.3997459976537602e-08
38000.056 2.4610323661580378e-08
38050.056 2.9131256349573684e-08
38100.056 3.321944851014253e-08
38150.056 3.5271162594659604e-08
38200.056 3.415027617136558e-08
38250.056 3.228443162707224e-08
38300.056 4.79621155145857e-08
38350.056 4.729175813501763e-08
38400.056 2.368003717990394e-08
38450.056 1.7345703491871976e-08
38500.056 1.092532751786607e-08
38550.056 2.579804601720989e-08
38600.056 2.611307607246662e-08
38650.056 2.9564056014073152e-08
38700.056 2.6581397646598147e-08
38750.056 2.8079370225505868e-08
38800.056 2.7717334376421938e-08
38850.056 3.0050125780512774e-08
38900.056 3.997190924064382e-08
38950.056 2.6330112198476324e-08
39000.056 3.729753501744182e-08
39050.056 2.777924407131453e-08
39100.056 3.5386809865890667e-08
39150.056 4.139831877676394e-08
39200.056 3.37312908957725e-08
39250.056 4.7566000578249875e-08
39300.056 3.484090429964785e-08
39350.056 5.6395895100301195e-08
39400.056 3.7145468847266003e-08
39450.056 4.6299135626468866e-08
39500.056 4.8601279836514445e-08
39550.056 3.335956502274978e-08
39600.056 4.8875515432958894e-08
39650.056 5.742991638308891e-08
39700.056 5.333561585900761e-08
39750.056 3.430124784903162e-08
39800.056 4.067189054404999e-08
39850.056 6.701295411500653e-08
39900.056 6.973444660950321e-08
39950.056 4.3740945416990713e-08
40000.056 6.769116805546948e-08
40050.056 6.393466605429729e-08
40100.056 3.563266290551025e-08
40150.056 6.386511066166172e-08
40200.056 6.717167519437794e-08
40250.056 7.226480319427948e-08
40300.056 6.935444795340318e-08
40350.056 5.529878465584949e-08
40400.056 7.610011682014437e-08
40450.056 4.9155195129613734e-08
40500.056 8.194136335089035e-08
40550.056 8.410340987388209e-08
40600.056 7.21163341940073e-08
40650.056 5.977381854646373e-08
40700.056 1.0433897584429321e-07
40750.056 7.163093857398431e-08
40800.056 5.1154984221872385e-08
40850.056 1.148662689720312e-07
40900.056 9.819357075400169e-08
40950.056 8.458389340031306e-08
41000.056 7.717213497479115e-08
41050.056 1.1966510486056699e-07
41100.056 9.819690431099888e-08
41150.056 5.261008849876952e-08
41200.056 1.1843663884280928e-07
41250.056 9.236908455819921e-08
41300.056 8.913066850458713e-08
41350.056 1.2080996726599375e-07
41400.056 1.0653055857400822e-07
41450.056 1.275067189379782e-07
41500.056 8.815837080804485e-08
41550.056 8.414744430478154e-08
41600.056 9.943027870355491e-08
41650.056 1.1419336836680429e-07
41700.056 1.175307661129646e-07
41750.056 1.0583664751498244e-07
41800.056 1.256395674910335e-07
41850.056 9.795917904333456e-08
41900.056 1.0054822140627426e-07
41950.056 1.0695101908801463e-07
42000.056 8.622692447189508e-08
42050.056 8.424394292849253e-08
42100.056 1.1676959460619356e-07
42150.056 9.212714883210642e-08
42200.056 9.4330219861297e-08
42250.056 8.907049412705287e-08
42300.056 8.688357318890189e-08
42350.056 1.1803604125901474e-07
42400.056 1.2477773989501645e-07
42450.056 1.1148989701903794e-07
42500.056 1.0764393677698773e-07
42550.056 9.507320015197793e-08
42600.056 1.0936515206443993e-07
42650.056 1.5953593223794598e-07
42700.056 9.586655087450398e-08
42750.056 1.0724531404251287e-07
42800.056 1.3744484062602154e-07
42850.056 1.4871749062495263e-07
42900.056 1.6330690528203724e-07
42950.056 1.2325471567897634e-07
43000.056 1.4092473919502106e-07
43050.056 7.930826648971699e-08
43100.056 1.1687908222098002e-07
43150.056 1.0081875702841256e-07
43200.056 1.4304285737300976e-07
43250.056 1.8853123795601493e-07
43300.056 1.801763871280014e-07
43350.056 9.915691738097259e-08
43400.056 1.3570711973300124e-07
43450.056 9.86339245792118e-08
43500.056 1.0108833306622417e-07
43550.056 1.102067521531183e-07
43600.056 1.6069632982302076e-07
43650.056 1.0639915398090388e-07
43700.056 1.8395138887703492e-07
43750.056 1.5504436943200442e-07
43800.056 1.43447304647987e-07
43850.056 1.2561205075301215e-07
43900.056 1.1675614035088754e-07
43950.056 7.710157355949254e-08
44000.056 7.462107646389631e-08
44050.056 1.6580803426900357e-07
44100.056 2.192905450349992e-07
44150.056 2.007087815577976e-07
44200.056 1.7092194213999798e-07
44250.056 1.0307223729699851e-07
44300.056 8.520947422551559e-08
44350.056 9.840140694395742e-08
44400.056 9.095493383929025e-08
44450.056 1.4900207640899215e-07
44500.056 1.3994387984343018e-07
44550.056 1.9644985820397859e-07
44600.056 1.7201773151160298e-07
44650.056 1.5339856622982052e-07
44700.056 1.0203628853799607e-07
44750.056 1.5393892766503496e-07
44800.056 1.1418445653741379e-07
44850.056 1.5799054883901512e-07
44900.056 1.256857854230057e-07
44950.056 1.4847664948000924e-07
45000.056 1.6653436677800607e-07
45050.056 1.5474019600598184e-07
45100.056 1.4439427852400414e-07
45150.056 1.393497856983754e-07
45200.056 1.0882486259350897e-07
45250.056 1.249372094322635e-07
45300.056 1.0683349219091726e-07
45350.056 1.031725029968228e-07
45400.056 2.1063575339802463e-07
45450.056 1.7705203668001471e-07
45500.056 2.032446086077121e-07
45550.056 2.1727425807993662e-07
45600.056 2.0182830419003927e-07
45650.056 1.613908594819022e-07
45700.056 1.1264467118509462e-07
45750.056 1.0556859259120357e-07
45800.056 2.2782762459100356e-07
45850.056 1.9585970102598613e-07
45900.056 2.2778800581599344e-07
45950.056 1.8301947940999748e-07
46000.056 2.1491856151301934e-07
46050.056 1.598960688109082e-07
46100.056 2.416077595399755e-07
46150.056 1.4994031323600884e-07
46200.056 1.3439825132958642e-07
46250.056 6.414435506223046e-08
46300.056 1.58620755415603e-07
46350.056 1.6344216260302033e-07
46400.056 1.4504217132900323e-07
46450.056 1.3218045624581467e-07
46500.056 1.54833607435338e-07
46550.056 8.94248138100069e-08
46600.056 1.320435386407817e-07
46650.056 2.046696805880148e-07
46700.056 1.2759467142596185e-07
46750.056 7.684101675351142e-08
46800.056 5.362224449660272e-08
46850.056 2.0043364075803204e-07
46900.056 1.8559931665199369e-07
46950.056 1.8049975564298154e-07
47000.056 1.7319325226403234e-07
47050.056 1.34387089912753e-07
47100.056 9.175923669051229e-08
47150.056 1.367873853138229e-07
47200.056 1.6488020308699587e-07
47250.056 1.0019545991678762e-07
47300.056 6.765678463337172e-08
47350.056 1.9556079723799568e-07
47400.056 1.617620494509851e-07
47450.056 1.4833499367365919e-07
47500.056 1.9666295298497886e-07
47550.056 1.6881800095700874e-07
47600.056 1.6601923013849136e-07
47650.056 1.623260253912699e-07
47700.056 1.3119034202454677e-07
47750.056 9.821834188480514e-08
47800.056 8.723349378200928e-08
47850.056 5.0551987189209036e-08
47900.056 7.419512391309025e-08
47950.056 1.438830455180099e-07
48000.056 2.0156589805002399e-07
48050.056 1.7258353438799793e-07
48100.056 7.601838109860858e-08
48150.056 1.311357079810029e-07
48200.056 9.652325602460079e-08
48250.056 1.1370037819100484e-07
48300.056 1.859682354399722e-07
48350.056 1.1207104418199728e-07
48400.056 3.891483936838039e-08
48450.056 7.918039755705995e-08
48500.056 1.1981671313997348e-07
48550.056 1.234203355274109e-07
48600.056 1.3897555588300198e-07
48650.056 1.7770328139398774e-07
48700.056 1.2111033344421142e-07
48750.056 7.880471086863785e-08
48800.056 1.6561139387800151e-07
48850.056 9.382673008898365e-08
48900.056 1.3773893416916837e-07
48950.056 7.773643474200384e-08
49000.056 4.047552119643888e-08
49050.056 1.1729701121798232e-07
49100.056 1.4537476274992875e-07
49150.056 1.0636383919069038e-07
49200.056 1.6556473565903351e-07
49250.056 1.6254766941401972e-07
49300.056 1.3691121107599746e-07
49350.056 5.97913331401328e-08
49400.056 8.75357221141779e-08
49450.056 8.999615020032603e-08
49500.056 7.067909345659303e-08
49550.056 2.071004216261124e-08
49600.056 5.2348308274509904e-08
49650.056 9.524419743299832e-08
49700.056 9.948670464896626e-08
49750.056 1.1046808147999472e-07
49800.056 7.64368618853397e-08
49850.056 1.4099043938522754e-07
49900.056 1.1087100570658846e-07
49950.056 1.1044352423400253e-07
50000.056 9.158059036007736e-08
50050.056 1.1318771663200099e-07
50100.056 8.746540596999784e-08
50150.056 4.695269534419099e-08
50200.056 1.1788037976464602e-08
50250.056 5.96996029429958e-08
50300.056 4.0307081532035795e-08
50350.056 1.0591878932301465e-07
50400.056 1.0231821707938906e-07
50450.056 7.683161384740353e-08
50500.056 1.1625067523690995e-07
50550.056 1.0081205778400839e-07
50600.056 7.613098277747837e-08
50650.056 1.2186803520002197e-07
50700.056 1.234755124659731e-07
50750.056 8.329053920140986e-08
50800.056 3.483479120019399e-08
50850.056 2.2651704596310323e-08
50900.056 1.0258900685700128e-07
50950.056 8.11133894159985e-08
51000.056 7.348812633170484e-08
51050.056 9.397342192098833e-08
51100.056 3.818978207138454e-08
51150.056 4.946348818625594e-08
51200.056 1.2621488105599392e-07
51250.056 8.201687745318563e-08
51300.056 5.8018352720324306e-08
51350.056 5.986603259673356e-08
51400.056 2.4942735208333208e-08
51450.056 1.9542381470785613e-08
51500.056 1.9294058405824023e-08
51550.056 6.464567039244794e-08
51600.056 4.872659810761228e-08
51650.056 5.8871512975991784e-08
51700.056 6.627854462047677e-08
51750.056 4.299814313208263e-08
51800.056 7.512823077498615e-08
51850.056 6.263507665769504e-08
51900.056 8.89212114349975e-08
51950.056 5.5276239935993454e-08
52000.056 7.958170046827193e-09
52050.056 3.181019978010465e-08
52100.056 2.058167187019752e-08
52150.056 1.3181186368014814e-08
52200.056 2.88326899521e-08
52250.056 4.242322964021172e-08
52300.056 6.247302022199679e-08
52350.056 2.5968695592069467e-08
52400.056 2.428965460047133e-08
52450.056 6.971209964100564e-08
52500.056 5.786384463937258e-08
52550.056 5.9150727088994027e-08
52600.056 4.4053625958899234e-08
52650.056 5.120729562950577e-08
52700.056 3.925299293949811e-08
52750.056 1.8709941418540467e-08
52800.056 3.034575966820388e-08
52850.056 3.4591311905889116e-08
52900.056 1.9979766165997304e-08
52950.056 2.8184661730723033e-08
53000.056 4.4723094228009424e-08
53050.056 1.8773952539174645e-08
53100.056 4.8080741454592987e-08
53150.056 5.535013476700501e-08
53200.056 2.4203867557848448e-08
53250.056 5.076643868870369e-08
53300.056 6.151991637152608e-08
53350.056 4.809862744700176e-08
53400.056 3.3444058772993443e-08
53450.056 1.4036461735045433e-08
53500.056 3.5121811571897895e-09
53550.056 8.63243152833003e-09
