galfind/configs/Brown_Dwarf_templates/sonora_bobcat/m+0.5/316g/sp_t750g316nc_m+0.5_resample.dat
# %ECSV 1.0
# ---
# datatype:
# - {name: wav, unit: Angstrom, datatype: float64}
# - {name: flux_nu, unit: erg / (cm2 Hz s), datatype: float64}
# meta: {C/O: '1.00', Kzz: '1.0000E+05', Teff: '750.', Y: '0.28', '[Fe/H]': '0.50', f_hole: '1.00', f_rain: '0.00', grav: '316.'}
# schema: astropy-2.0
wav flux_nu
[from data line 499]
28950.056 2.0969875468164015e-08
29000.056 1.653078439122496e-08
29050.056 1.9144401165016257e-08
29100.056 1.366632299226391e-08
29150.056 2.4282095414265004e-08
29200.056 1.7179876538727823e-08
29250.056 2.6311757976907913e-08
29300.056 1.3128491697016032e-08
29350.056 4.172965939769587e-08
29400.056 1.949997980473893e-08
29450.056 2.162096655814982e-08
29500.056 2.675862334093792e-08
29550.056 2.1120719530155312e-08
29600.056 2.6436042212533933e-08
29650.056 3.101374775754928e-08
29700.056 1.901507958590854e-08
29750.056 2.9753376559682306e-08
29800.056 3.007116143428336e-08
29850.056 3.443905461331773e-08
29900.056 3.181313515551541e-08
29950.056 2.9267243474684657e-08
30000.056 6.818154170811609e-09
30050.056 1.1480147447954453e-08
30100.056 1.4007025511133256e-08
30150.056 2.8179087429016217e-08
30200.056 2.207629143206763e-08
30250.056 4.146589612277784e-08
30300.056 3.8103246695646805e-08
30350.056 2.8019251035516983e-08
30400.056 4.0944343034687395e-08
30450.056 2.6476862798313748e-08
30500.056 2.4558071661963716e-08
30550.056 2.4774953508126247e-08
30600.056 3.440586504505114e-08
30650.056 2.3749726376223418e-08
30700.056 2.1498532122342616e-08
30750.056 2.7244949447632256e-08
30800.056 2.1349279052189407e-08
30850.056 2.07938300855299e-08
30900.056 1.5428024427022322e-08
30950.056 1.6237388375917675e-08
31000.056 1.4278763804622579e-08
31050.056 1.4205291156929322e-08
31100.056 1.0832429706452924e-08
31150.056 1.550478335427876e-08
31200.056 1.6799890823004323e-08
31250.056 1.1667063448783595e-08
31300.056 9.999099053880122e-09
31350.056 1.1703490698130908e-08
31400.056 8.68364370616321e-09
31450.056 9.68093315741736e-09
31500.056 6.665842509180524e-09
31550.056 8.05257237778964e-09
31600.056 5.711792821982418e-09
31650.056 5.4019214458399895e-09
31700.056 5.763759073699847e-09
31750.056 4.044878355604561e-09
31800.056 6.119282134080295e-09
31850.056 3.4903544342870804e-09
31900.056 4.786391794187952e-09
31950.056 2.9999507872714266e-09
32000.056 3.977306740174011e-09
32050.056 4.434407311092974e-09
32100.056 4.130622093897531e-09
32150.056 4.7923981475846685e-09
32200.056 3.521647531254022e-09
32250.056 5.739404150765291e-09
32300.056 3.3735538844269124e-09
32350.056 5.777156508019285e-09
32400.056 3.2630210986547617e-09
32450.056 5.2026086357326e-09
32500.056 4.056358220587147e-09
32550.056 4.437647432091918e-09
32600.056 5.230228309631876e-09
32650.056 8.374227800638712e-09
32700.056 6.3863372786321026e-09
32750.056 9.463629148241955e-09
32800.056 8.536902962707943e-09
32850.056 1.0428635534568936e-08
32900.056 1.1102186600196785e-08
32950.056 1.2043437865231861e-08
33000.056 9.442429337461838e-09
33050.056 9.604691074594898e-09
33100.056 3.954812875080089e-09
33150.056 3.64490868737108e-10
33200.056 5.65925220106638e-10
33250.056 3.49506489347952e-10
33300.056 5.849082464391273e-10
33350.056 1.35042109772195e-09
33400.056 2.3910815361788853e-09
33450.056 3.4804467129323047e-09
33500.056 6.5077936605548195e-09
33550.056 4.487997076033523e-09
33600.056 8.13079027376922e-09
33650.056 7.9380557461293e-09
33700.056 6.169680810515738e-09
33750.056 1.0123311959191027e-08
33800.056 5.930112658765391e-09
33850.056 8.313554625838824e-09
33900.056 6.754727673006189e-09
33950.056 6.80829699959749e-09
34000.056 9.762230437734463e-09
34050.056 4.106407525498965e-09
34100.056 9.252417972734109e-09
34150.056 6.3541535554883354e-09
34200.056 8.114935249935867e-09
34250.056 7.46936961937281e-09
34300.056 6.442069992148076e-09
34350.056 6.588528011079803e-09
34400.056 4.914608022874556e-09
34450.056 8.047034328475392e-09
34500.056 6.911711047509928e-09
34550.056 4.616563292954374e-09
34600.056 1.0077499679400298e-08
34650.056 5.551107532110647e-09
34700.056 8.490626205599127e-09
34750.056 7.662744738316852e-09
34800.056 6.4643969949254504e-09
34850.056 9.03897516441252e-09
34900.056 8.229646003255562e-09
34950.056 9.813990587897358e-09
35000.056 1.5944449194858197e-08
35050.056 8.50362276157274e-09
35100.056 1.2969405980072306e-08
35150.056 1.190361133487854e-08
35200.056 1.227131709039852e-08
35250.056 1.754787638084086e-08
35300.056 1.1940841330406215e-08
35350.056 1.2878181728118135e-08
35400.056 1.4734100404896802e-08
35450.056 9.81984046421446e-09
35500.056 2.207046185369671e-08
35550.056 1.8842402556625954e-08
35600.056 1.6211053332360967e-08
35650.056 1.8335024831326904e-08
35700.056 1.651975010165068e-08
35750.056 2.27848069590778e-08
35800.056 2.8571832362661145e-08
35850.056 1.5677786130630256e-08
35900.056 2.15732655748541e-08
35950.056 2.1679083291972212e-08
36000.056 2.1495449263703478e-08
36050.056 1.9116369703772282e-08
36100.056 1.973695763849135e-08
36150.056 2.3330341371153073e-08
36200.056 2.558863629799136e-08
36250.056 2.2556765800418086e-08
36300.056 3.085721057876899e-08
36350.056 2.6842986308506353e-08
36400.056 2.8430911828732476e-08
36450.056 3.350516789697888e-08
36500.056 3.6548568968356844e-08
36550.056 3.75886065506112e-08
36600.056 4.484894375099231e-08
36650.056 4.140617851249773e-08
36700.056 4.360570130284179e-08
36750.056 4.8515889395828975e-08
36800.056 4.9001915568199105e-08
36850.056 4.222142084263399e-08
36900.056 5.1044445799753226e-08
36950.056 5.462790692138938e-08
37000.056 4.821768475949101e-08
37050.056 5.2959787134795924e-08
37100.056 5.5248728557101715e-08
37150.056 4.782832915223503e-08
37200.056 5.961475748828812e-08
37250.056 5.573764476818928e-08
37300.056 4.891159456214455e-08
37350.056 5.585250827349273e-08
37400.056 8.09090543781583e-08
37450.056 5.58367380693522e-08
37500.056 5.734678827982613e-08
37550.056 7.421032266785132e-08
37600.056 8.649740991041216e-08
37650.056 5.468788352410159e-08
37700.056 8.599004937620673e-08
37750.056 6.211929962810431e-08
37800.056 6.697574698933399e-08
37850.056 4.587191601990562e-08
37900.056 5.5310548906916356e-08
37950.056 7.2395580978944e-08
38000.056 8.357533690369898e-08
38050.056 8.452442631972689e-08
38100.056 8.817582885651481e-08
38150.056 9.717774318899827e-08
38200.056 1.0238161285292404e-07
38250.056 9.41075717076079e-08
38300.056 1.2614797011597527e-07
38350.056 1.272714414940275e-07
38400.056 7.902439163406052e-08
38450.056 7.812774786476596e-08
38500.056 5.4138025268804036e-08
38550.056 8.850350597503196e-08
38600.056 8.992568200139773e-08
38650.056 9.212454593458056e-08
38700.056 9.538825138760051e-08
38750.056 1.0240986011160733e-07
38800.056 9.034637617604714e-08
38850.056 9.649842796991662e-08
38900.056 1.2661081037979803e-07
38950.056 9.618496366638804e-08
39000.056 1.1455015522089163e-07
39050.056 9.948591873101358e-08
39100.056 1.120758868724963e-07
39150.056 1.1696925631920362e-07
39200.056 1.1302349173458571e-07
39250.056 1.3498862683618546e-07
39300.056 1.1059635646195615e-07
39350.056 1.5239004386801035e-07
39400.056 1.2176184193624673e-07
39450.056 1.3373652122648934e-07
39500.056 1.3532430596203032e-07
39550.056 1.2647330627276708e-07
39600.056 1.4469859204046755e-07
39650.056 1.5895538238198162e-07
39700.056 1.506352237410205e-07
39750.056 1.192769303551488e-07
39800.056 1.396930414679782e-07
39850.056 1.8075464140900733e-07
39900.056 1.783489826550065e-07
39950.056 1.5099200269536883e-07
40000.056 2.0059601205504083e-07
40050.056 1.763702994979971e-07
40100.056 1.3627371206314756e-07
40150.056 1.826383606559894e-07
40200.056 1.8879996704593238e-07
40250.056 1.9245212164293437e-07
40300.056 1.8824027883902875e-07
40350.056 1.8295987938197697e-07
40400.056 2.2193756579285232e-07
40450.056 1.7871095255500892e-07
40500.056 2.2458967585597996e-07
40550.056 2.234155127239378e-07
40600.056 2.1314411921302765e-07
40650.056 1.8873741112971384e-07
40700.056 2.715285095049925e-07
40750.056 2.1039119859996513e-07
40800.056 1.6793380292991472e-07
40850.056 2.823142078900666e-07
40900.056 2.6091241542142197e-07
40950.056 2.2983483471161678e-07
41000.056 2.3198592699599284e-07
41050.056 2.9755782753595155e-07
41100.056 2.472180383739978e-07
41150.056 1.746909056045782e-07
41200.056 2.884466226149919e-07
41250.056 2.4178774005937664e-07
41300.056 2.1985550455794858e-07
41350.056 3.046951136600246e-07
41400.056 2.717812359620363e-07
41450.056 2.954254830560027e-07
41500.056 2.2829023512320914e-07
41550.056 2.2630405925296106e-07
41600.056 2.801867241470499e-07
41650.056 2.8619193875400473e-07
41700.056 2.621203289039155e-07
41750.056 2.6396649340897957e-07
41800.056 3.114986249960221e-07
41850.056 2.2320692662179002e-07
41900.056 2.528478950465489e-07
41950.056 2.5178176530904833e-07
42000.056 2.394853333527204e-07
42050.056 2.1793725516623082e-07
42100.056 2.9765684491498407e-07
42150.056 2.2665809940801016e-07
42200.056 2.1637553328400594e-07
42250.056 2.2417916648246923e-07
42300.056 2.1669296337020082e-07
42350.056 2.6256887816804134e-07
42400.056 2.587437351170539e-07
42450.056 2.3258228966804223e-07
42500.056 2.2875796667198517e-07
42550.056 2.1764179685396952e-07
42600.056 2.3153406217764105e-07
42650.056 2.881294363159116e-07
42700.056 2.3245440576196465e-07
42750.056 2.2644339920800565e-07
42800.056 2.5487083658504266e-07
42850.056 2.85137082085908e-07
42900.056 3.006302115060726e-07
42950.056 2.429009925899317e-07
43000.056 2.737616418540221e-07
43050.056 1.8417058479006722e-07
43100.056 2.429037675069605e-07
43150.056 2.2787111574002871e-07
43200.056 2.757025151880074e-07
43250.056 3.276459558700127e-07
43300.056 3.221277208880099e-07
43350.056 2.1511851435794574e-07
43400.056 2.62215122987984e-07
43450.056 2.2622479464823934e-07
43500.056 2.249480989770167e-07
43550.056 2.3206105552574585e-07
43600.056 3.075885421600331e-07
43650.056 2.2991683493100662e-07
43700.056 3.143108787740377e-07
43750.056 2.86790182078043e-07
43800.056 2.6965723300097024e-07
43850.056 2.420821658660353e-07
43900.056 2.548909304889718e-07
43950.056 1.8453163017398576e-07
44000.056 1.758255853834992e-07
44050.056 2.9837332294901166e-07
44100.056 3.558614828800158e-07
44150.056 3.3627158013096463e-07
44200.056 3.0047258672799316e-07
44250.056 2.239189633690125e-07
44300.056 1.9496873942403672e-07
44350.056 2.2115272164756388e-07
44400.056 2.148892127249908e-07
44450.056 2.7535362645396997e-07
44500.056 2.764694371270675e-07
44550.056 3.4013786793996053e-07
44600.056 2.9015359647632406e-07
44650.056 2.9617130841804995e-07
44700.056 2.1519135100299713e-07
44750.056 2.8472765037004506e-07
44800.056 2.4617948183802647e-07
44850.056 2.97532276687047e-07
44900.056 2.44843366848021e-07
44950.056 2.740673610190093e-07
45000.056 2.9234889138999207e-07
45050.056 2.846118099769871e-07
45100.056 2.785949366630018e-07
45150.056 2.790928201712645e-07
45200.056 2.2762247843702446e-07
45250.056 2.52602061025923e-07
45300.056 2.2375488279403698e-07
45350.056 2.2900065045200233e-07
45400.056 3.3665958661702796e-07
45450.056 2.991793709269967e-07
45500.056 3.0862887839901217e-07
45550.056 3.4305504719191054e-07
45600.056 3.3483263301004487e-07
45650.056 2.722883629489775e-07
45700.056 2.3625175469400848e-07
45750.056 2.2663390093800283e-07
45800.056 3.4304152502600386e-07
45850.056 3.415456655039918e-07
45900.056 3.6296614021000583e-07
45950.056 2.9677475233799035e-07
46000.056 3.439269619355202e-07
46050.056 2.9045437388001746e-07
46100.056 3.534993190799723e-07
46150.056 2.7411816236699224e-07
46200.056 2.604074676710032e-07
46250.056 1.6982067699766858e-07
46300.056 2.943733430110046e-07
46350.056 2.857657068940299e-07
46400.056 2.736627419720091e-07
46450.056 2.570057100670388e-07
46500.056 2.7647605475706506e-07
46550.056 2.0777229406699895e-07
46600.056 2.646188196505829e-07
46650.056 3.7378160355499726e-07
46700.056 2.683098379409636e-07
46750.056 1.9442106481581122e-07
46800.056 1.508273955128137e-07
46850.056 3.6864807806706407e-07
46900.056 3.2832261124197467e-07
46950.056 3.239624432139858e-07
47000.056 2.9805181658204337e-07
47050.056 2.7829515363869777e-07
47100.056 1.9513226183662974e-07
47150.056 2.516388738330394e-07
47200.056 3.052912934420065e-07
47250.056 2.2265090954497987e-07
47300.056 1.6675071616631255e-07
47350.056 3.3415230405997846e-07
47400.056 3.025180654099702e-07
47450.056 2.9227942430823523e-07
47500.056 3.3881213494796043e-07
47550.056 2.9862780837300664e-07
47600.056 2.972552628399843e-07
47650.056 2.690360225023601e-07
47700.056 2.6776048866587714e-07
47750.056 1.9881325850700558e-07
47800.056 2.045611863100103e-07
47850.056 1.4840204412101325e-07
47900.056 1.9207992226496863e-07
47950.056 2.610889700420222e-07
48000.056 3.5645928633005254e-07
48050.056 3.177679147579976e-07
48100.056 1.8397843928921692e-07
48150.056 2.581051447900149e-07
48200.056 2.2457440384500215e-07
48250.056 2.3457738142001545e-07
48300.056 3.2809737893992144e-07
48350.056 2.1181453047301333e-07
48400.056 1.2150885455027382e-07
48450.056 2.130285836380572e-07
48500.056 2.769781231619529e-07
48550.056 2.4257615814400754e-07
48600.056 2.6368934121300517e-07
48650.056 2.915653251299804e-07
48700.056 2.442832467569995e-07
48750.056 1.623266747610861e-07
48800.056 3.224036161589973e-07
48850.056 2.011630325269613e-07
48900.056 2.999335658233899e-07
48950.056 2.0073480640002027e-07
49000.056 1.169712653573809e-07
49050.056 2.5194979996697037e-07
49100.056 2.7986413509405405e-07
49150.056 2.2892654847362358e-07
49200.056 3.051170664900498e-07
49250.056 2.9427799358804276e-07
49300.056 2.560677214609975e-07
49350.056 1.4716375737232696e-07
49400.056 2.0142148696696596e-07
49450.056 2.1476088480156748e-07
49500.056 1.7280175169198363e-07
49550.056 8.472037297030936e-08
49600.056 1.551477642486343e-07
49650.056 2.041786302789884e-07
49700.056 2.0019469908393977e-07
49750.056 2.418622533579639e-07
49800.056 1.9024810175780935e-07
49850.056 2.89474287850067e-07
49900.056 2.3003799034497685e-07
49950.056 2.2411992757899977e-07
50000.056 2.036801778099737e-07
50050.056 2.48263618024998e-07
50100.056 1.981738425760114e-07
50150.056 1.2912750210498196e-07
50200.056 5.7359586087413356e-08
50250.056 1.7432726616697916e-07
50300.056 1.3512261471701637e-07
50350.056 2.4394457850202884e-07
50400.056 2.1672357087698475e-07
50450.056 1.6876847895001165e-07
50500.056 2.2912067290902743e-07
50550.056 2.0809403377901718e-07
50600.056 1.7142724494095307e-07
50650.056 2.3924404553304855e-07
50700.056 2.5362017906291764e-07
50750.056 1.9070799699002738e-07
50800.056 1.0902164682598851e-07
50850.056 9.382581783603323e-08
50900.056 2.445566122859972e-07
50950.056 1.835930131080166e-07
51000.056 1.9215892310481144e-07
51050.056 1.9786495863498885e-07
51100.056 1.0135124945588705e-07
51150.056 1.4217015511407383e-07
51200.056 2.766535016099792e-07
51250.056 1.750441141519658e-07
51300.056 1.3799144020505923e-07
51350.056 1.5118882126998932e-07
51400.056 8.362528501100286e-08
51450.056 7.038578453928084e-08
51500.056 7.459759603872682e-08
51550.056 1.7894335545501208e-07
51600.056 1.2803185369982512e-07
51650.056 1.3711419918397257e-07
51700.056 1.5708155024698913e-07
51750.056 1.0929366699301286e-07
51800.056 1.696342262829635e-07
51850.056 1.5270882416299073e-07
51900.056 2.233843888480226e-07
51950.056 1.6106462763298528e-07
52000.056 4.9558750140688255e-08
52050.056 1.0994929976301515e-07
52100.056 8.256442358399318e-08
52150.056 6.753809341600737e-08
52200.056 8.690676108409984e-08
52250.056 1.1832837832102347e-07
52300.056 1.77746083347989e-07
52350.056 1.0719383295528258e-07
52400.056 8.347022474750784e-08
52450.056 1.6757370466201022e-07
52500.056 1.5744750463195545e-07
52550.056 1.5413900440097292e-07
52600.056 1.2623552213701198e-07
52650.056 1.3282679352201896e-07
52700.056 1.1411948507699683e-07
52750.056 7.305579010779709e-08
52800.056 9.613130375101465e-08
52850.056 1.0615793214096507e-07
52900.056 8.559878795360137e-08
52950.056 9.943996982200497e-08
53000.056 1.425586705710139e-07
53050.056 7.085497124818073e-08
53100.056 1.1918451877697349e-07
53150.056 1.6400551490201926e-07
53200.056 7.432130309129678e-08
53250.056 1.453715051580094e-07
53300.056 1.6064911665118598e-07
53350.056 1.4695007396799844e-07
53400.056 1.2566387804799698e-07
53450.056 6.503710221098637e-08
53500.056 3.2603437270250396e-08
