galfind/configs/Brown_Dwarf_templates/sonora_bobcat/m+0.5/316g/sp_t2000g316nc_m+0.5_resample.dat
# %ECSV 1.0
# ---
# datatype:
# - {name: wav, unit: Angstrom, datatype: float64}
# - {name: flux_nu, unit: erg / (cm2 Hz s), datatype: float64}
# meta: {C/O: '1.00', Kzz: '1.0000E+05', Teff: '2000.', Y: '0.28', '[Fe/H]': '0.50', f_hole: '1.00', f_rain: '0.00', grav: '316.'}
# schema: astropy-2.0
wav flux_nu
[from data line 498]
28900.056 1.4263221377401217e-06
28950.056 1.996937317529812e-06
29000.056 1.62015241929949e-06
29050.056 1.6865805858198233e-06
29100.056 1.3966520028701627e-06
29150.056 1.7972349740002657e-06
29200.056 1.5985828794603439e-06
29250.056 1.7943046829000553e-06
29300.056 1.506332634309203e-06
29350.056 2.032944784029684e-06
29400.056 1.6605286991698266e-06
29450.056 1.6799717158899364e-06
29500.056 1.7762446481897813e-06
29550.056 1.7043223896701472e-06
29600.056 1.8307454559198381e-06
29650.056 1.7710443188898825e-06
29700.056 1.573334489179809e-06
29750.056 1.9806786537609044e-06
29800.056 1.9595470191898942e-06
29850.056 1.873578832009782e-06
29900.056 1.6928165399904802e-06
29950.056 2.0237119981996333e-06
30000.056 1.9949147825894487e-06
30050.056 1.8666370920999117e-06
30100.056 1.5422475343995574e-06
30150.056 2.3285804251898388e-06
30200.056 2.0609735567801746e-06
30250.056 2.001357626040548e-06
30300.056 1.994204029919781e-06
30350.056 1.9195115059003284e-06
30400.056 2.3227889883304384e-06
30450.056 1.8495827850202013e-06
30500.056 1.7570475878502523e-06
30550.056 2.3781856388904884e-06
30600.056 2.269905173460299e-06
30650.056 2.293866916400103e-06
30700.056 2.123149510789922e-06
30750.056 2.0533555245000515e-06
30800.056 2.4743003134605995e-06
30850.056 2.136460421659945e-06
30900.056 2.145914353449832e-06
30950.056 2.073155138460269e-06
31000.056 2.4281422393999415e-06
31050.056 2.081798807609997e-06
31100.056 2.2714257395398914e-06
31150.056 2.3857848066796735e-06
31200.056 2.349891529609731e-06
31250.056 2.6215012131904993e-06
31300.056 2.3136180861198263e-06
31350.056 2.3300411208599818e-06
31400.056 2.3624386827404956e-06
31450.056 2.4070125377900844e-06
31500.056 2.448499966050385e-06
31550.056 2.2753215018599714e-06
31600.056 2.4107151764998333e-06
31650.056 2.548944781219956e-06
31700.056 2.522609364279891e-06
31750.056 2.255161757050159e-06
31800.056 2.6211585666002184e-06
31850.056 2.8308313316401146e-06
31900.056 2.7641544885097874e-06
31950.056 2.202617785999796e-06
32000.056 2.3875264135606155e-06
32050.056 2.769761166950264e-06
32100.056 2.7858824383396233e-06
32150.056 2.7680251371200547e-06
32200.056 2.6941158814399765e-06
32250.056 2.5246861591701914e-06
32300.056 2.7608703948901157e-06
32350.056 2.9452430840004263e-06
32400.056 2.663158363409972e-06
32450.056 2.586275823760262e-06
32500.056 2.844021771700247e-06
32550.056 3.135127614140105e-06
32600.056 3.074684003379805e-06
32650.056 2.958981593790882e-06
32700.056 2.842516860020179e-06
32750.056 2.946159951140059e-06
32800.056 2.694551872060166e-06
32850.056 3.2057301044497216e-06
32900.056 3.092207065929995e-06
32950.056 2.6520323569598372e-06
33000.056 2.884950569300293e-06
33050.056 2.97568139279961e-06
33100.056 3.067056145169146e-06
33150.056 3.0180035525300846e-06
33200.056 2.7720398230306232e-06
33250.056 3.0796306400801415e-06
33300.056 3.3029972525002426e-06
33350.056 3.0880192380201226e-06
33400.056 2.79806726524964e-06
33450.056 3.0570900033691613e-06
33500.056 3.158565463100296e-06
33550.056 3.0059164711896236e-06
33600.056 3.1055714152206814e-06
33650.056 3.2311346442207463e-06
33700.056 3.33963107765958e-06
33750.056 3.2942284328401105e-06
33800.056 3.1708604528200983e-06
33850.056 3.087090717670186e-06
33900.056 3.5357017378994987e-06
33950.056 3.118704473279608e-06
34000.056 3.156382708069309e-06
34050.056 3.2289044975000152e-06
34100.056 3.4050239257404587e-06
34150.056 3.336267558799567e-06
34200.056 3.1725784496795012e-06
34250.056 3.549415081699577e-06
34300.056 3.3163521941996526e-06
34350.056 3.380961657949741e-06
34400.056 3.196346165319611e-06
34450.056 3.1472123600800676e-06
34500.056 3.3689907567006735e-06
34550.056 3.2177900925997637e-06
34600.056 3.3527404118800277e-06
34650.056 3.4056874265000478e-06
34700.056 3.3039865321992915e-06
34750.056 3.521114210540252e-06
34800.056 3.608268181099581e-06
34850.056 3.2403087252400664e-06
34900.056 3.467769168140205e-06
34950.056 3.383998202279301e-06
35000.056 3.2655282489495357e-06
35050.056 3.7379096008005913e-06
35100.056 3.470945899699307e-06
35150.056 3.535714405279825e-06
35200.056 3.5554145038997646e-06
35250.056 3.201759768130219e-06
35300.056 3.520494366960307e-06
35350.056 3.684036195799738e-06
35400.056 3.425284844399685e-06
35450.056 3.365546644200386e-06
35500.056 3.652759985199858e-06
35550.056 3.479706615599844e-06
35600.056 3.333386441599465e-06
35650.056 3.7690661383004547e-06
35700.056 3.3741389309003715e-06
35750.056 3.519158676699687e-06
35800.056 3.6322828815996747e-06
35850.056 3.644182275099847e-06
35900.056 3.855192058999565e-06
35950.056 3.656337153199842e-06
36000.056 3.354547410599607e-06
36050.056 3.832261680100335e-06
36100.056 3.9343407449996685e-06
36150.056 3.5077268863004424e-06
36200.056 3.83071903499955e-06
36250.056 3.5358365069993534e-06
36300.056 4.075635071200695e-06
36350.056 3.836524192799468e-06
36400.056 3.7311884398999543e-06
36450.056 4.056849660099642e-06
36500.056 3.757618534600281e-06
36550.056 3.664080729400581e-06
36600.056 3.725353792900305e-06
36650.056 3.863277366400388e-06
36700.056 4.100592309500116e-06
36750.056 3.739214123500354e-06
36800.056 3.863879740299672e-06
36850.056 3.915155873300263e-06
36900.056 3.9650922386005976e-06
36950.056 3.9438779006999825e-06
37000.056 4.045885566500049e-06
37050.056 4.111951223399847e-06
37100.056 3.975614511200405e-06
37150.056 3.968005200999211e-06
37200.056 4.124490504700056e-06
37250.056 4.1464107684002425e-06
37300.056 4.187983997000771e-06
37350.056 3.905040954400522e-06
37400.056 4.1196629196997055e-06
37450.056 4.077480043200308e-06
37500.056 4.204348704899696e-06
37550.056 4.083964818999278e-06
37600.056 4.305081212999477e-06
37650.056 3.998140347999648e-06
37700.056 4.102231641600087e-06
37750.056 4.318283777899457e-06
37800.056 4.389666784499858e-06
37850.056 4.198571522099805e-06
37900.056 4.288473090700341e-06
37950.056 4.339643503900174e-06
38000.056 4.2506456478005695e-06
38050.056 4.276748180100326e-06
38100.056 4.12047952050026e-06
38150.056 4.443904449599449e-06
38200.056 4.513639054399408e-06
38250.056 4.168761574900588e-06
38300.056 4.118611240899929e-06
38350.056 4.279756888099892e-06
38400.056 4.3690796115997816e-06
38450.056 4.441535148000404e-06
38500.056 4.29344342839979e-06
38550.056 4.3170504914002635e-06
38600.056 4.716899352499778e-06
38650.056 4.1403369838001564e-06
38700.056 4.220319724900702e-06
38750.056 4.432126126299954e-06
38800.056 4.361588906100574e-06
38850.056 4.3462359413002925e-06
38900.056 4.1982208452998895e-06
38950.056 4.445243790699652e-06
39000.056 4.318009909600121e-06
39050.056 4.401023717899913e-06
39100.056 4.148528992699979e-06
39150.056 4.293585088600185e-06
39200.056 4.430871932900165e-06
39250.056 4.400314287499314e-06
39300.056 4.396514630899189e-06
39350.056 4.378284935200458e-06
39400.056 4.289613828100125e-06
39450.056 4.327356840199784e-06
39500.056 4.248082475599708e-06
39550.056 4.169893814799261e-06
39600.056 4.554841769800178e-06
39650.056 4.087890390100107e-06
39700.056 4.265990403699848e-06
39750.056 4.271601207799511e-06
39800.056 4.027813152400246e-06
39850.056 4.180938230299711e-06
39900.056 4.090987836499838e-06
39950.056 4.2983832258998216e-06
40000.056 3.949805492799748e-06
40050.056 3.7547706333999322e-06
40100.056 4.039977551199817e-06
40150.056 3.7794648649992935e-06
40200.056 3.949693637399697e-06
40250.056 3.897709645498894e-06
40300.056 3.6209179555002606e-06
40350.056 3.87225541030038e-06
40400.056 3.919003975899935e-06
40450.056 3.627266363400609e-06
40500.056 3.407337572100148e-06
40550.056 3.949636769599678e-06
40600.056 3.4838924375003455e-06
40650.056 3.649090397700683e-06
40700.056 3.849419852700239e-06
40750.056 3.3842490053989563e-06
40800.056 3.3576006752804012e-06
40850.056 3.1822575611407465e-06
40900.056 3.168508104400509e-06
40950.056 3.395512284399947e-06
41000.056 3.4981654439001833e-06
41050.056 3.4274425557993377e-06
41100.056 3.228249072000281e-06
41150.056 3.4762828722001414e-06
41200.056 3.246904170100029e-06
41250.056 3.3297217240002716e-06
41300.056 2.9015282435995995e-06
41350.056 3.409276847700169e-06
41400.056 3.198594551100111e-06
41450.056 3.108009307900102e-06
41500.056 3.355138917200169e-06
41550.056 3.256929033290093e-06
41600.056 3.352283951400013e-06
41650.056 2.9937180979005033e-06
41700.056 2.8688040363996596e-06
41750.056 2.9919179446998444e-06
41800.056 2.9383315703095764e-06
41850.056 2.701775954590476e-06
41900.056 3.076332640379761e-06
41950.056 2.5860540335506575e-06
42000.056 2.7929236042101485e-06
42050.056 2.535449062639179e-06
42100.056 2.847560740230346e-06
42150.056 2.1989239216491268e-06
42200.056 2.4011128524800638e-06
42250.056 2.5648429934598796e-06
42300.056 2.1047156940699924e-06
42350.056 2.518683223800687e-06
42400.056 2.1687796327905135e-06
42450.056 1.8534873644502906e-06
42500.056 1.9976958341403655e-06
42550.056 2.0380587171300578e-06
42600.056 2.0160187679805074e-06
42650.056 1.7066217541988592e-06
42700.056 2.0565420511507997e-06
42750.056 1.878559321829958e-06
42800.056 1.8341501696506364e-06
42850.056 1.8946337331996962e-06
42900.056 1.866075523360078e-06
42950.056 1.741193261989124e-06
43000.056 1.771620588499967e-06
43050.056 1.7379385066409293e-06
43100.056 1.8707244784202e-06
43150.056 1.8546448131503274e-06
43200.056 1.8606663230702103e-06
43250.056 1.7819686539699198e-06
43300.056 1.8822700780802372e-06
43350.056 1.691796327089897e-06
43400.056 1.7686145269299607e-06
43450.056 1.7965500056906545e-06
43500.056 1.7180863436997316e-06
43550.056 1.8166377036700342e-06
43600.056 1.8265755919602079e-06
43650.056 1.6166286424002663e-06
43700.056 1.5713528962794998e-06
43750.056 1.6521755662002665e-06
43800.056 1.5164672788303152e-06
43850.056 1.5939984195504175e-06
43900.056 1.6696582894998997e-06
43950.056 1.5616584693004416e-06
44000.056 1.4893695229503202e-06
44050.056 1.502530204630177e-06
44100.056 1.5474641596703388e-06
44150.056 1.6158340170095985e-06
44200.056 1.5095110197398957e-06
44250.056 1.5097078617100543e-06
44300.056 1.4838835970402061e-06
44350.056 1.4461266858000577e-06
44400.056 1.5135514137699371e-06
44450.056 1.5753630034200537e-06
44500.056 1.6029392050301204e-06
44550.056 1.4191490490696317e-06
44600.056 1.489412094060156e-06
44650.056 1.5655463716501777e-06
44700.056 1.4794427244901089e-06
44750.056 1.5337383148997803e-06
44800.056 1.6046333741399436e-06
44850.056 1.575199068460132e-06
44900.056 1.4955136956102385e-06
44950.056 1.392333660599968e-06
45000.056 1.551953990999913e-06
45050.056 1.5302763952798288e-06
45100.056 1.6035770869899207e-06
45150.056 1.5128075831199287e-06
45200.056 1.3929110835199962e-06
45250.056 1.4464453017298294e-06
45300.056 1.5576349893000833e-06
45350.056 1.6188201838198444e-06
45400.056 1.535525462030228e-06
45450.056 1.4051498841197868e-06
45500.056 1.4531682536999123e-06
45550.056 1.6233782423098923e-06
45600.056 1.5004228486699537e-06
45650.056 1.360481787099704e-06
45700.056 1.5839862842701504e-06
45750.056 1.4613286162599634e-06
45800.056 1.4389721597399631e-06
45850.056 1.696516086059986e-06
45900.056 1.6863722991200723e-06
45950.056 1.4705442065899741e-06
46000.056 1.7428507294100175e-06
46050.056 1.7376955275803917e-06
46100.056 1.4453698132901315e-06
46150.056 1.5269298398699372e-06
46200.056 1.6855200035403819e-06
46250.056 1.388005949049958e-06
46300.056 1.8059690013499348e-06
46350.056 1.476374726069837e-06
46400.056 1.5623272865397994e-06
46450.056 1.5732962595903228e-06
46500.056 1.4659214142298947e-06
46550.056 1.7545666337199643e-06
46600.056 1.6168399780799774e-06
46650.056 2.0353250535599044e-06
46700.056 1.9023459838405475e-06
46750.056 1.5322221357098808e-06
46800.056 1.6967915893202815e-06
46850.056 1.7952738738301372e-06
46900.056 1.6985764662296722e-06
46950.056 1.9037737304601063e-06
47000.056 1.6546999295299829e-06
47050.056 1.85363988306974e-06
47100.056 1.5338893117501024e-06
47150.056 1.7017113997703071e-06
47200.056 1.7439533838205102e-06
47250.056 1.6074010868896427e-06
47300.056 1.701154373099564e-06
47350.056 1.4184467159696977e-06
47400.056 1.7585466047095665e-06
47450.056 1.66168817679986e-06
47500.056 1.7049046069396405e-06
47550.056 1.6006233536097611e-06
47600.056 1.8029132514398676e-06
47650.056 1.301660960089631e-06
47700.056 1.822163269740048e-06
47750.056 1.2548419703103607e-06
47800.056 1.7802797546998188e-06
47850.056 1.3602671631896904e-06
47900.056 1.819375195920115e-06
47950.056 1.3265707974603029e-06
48000.056 1.9982828129999994e-06
48050.056 1.4647954537302875e-06
48100.056 1.620558477969955e-06
48150.056 1.4627105888902014e-06
48200.056 1.813787757480319e-06
48250.056 1.481006528949877e-06
48300.056 1.9592424998497387e-06
48350.056 1.3107604662597695e-06
48400.056 1.783770213919974e-06
48450.056 1.4558614525100867e-06
48500.056 1.9703474349800365e-06
48550.056 1.3464192087300528e-06
48600.056 1.8288803357198197e-06
48650.056 1.3792971505399785e-06
48700.056 1.7547598912500907e-06
48750.056 1.2371221633501816e-06
48800.056 1.9794982982901323e-06
48850.056 1.3678554911497263e-06
48900.056 1.7987310525001323e-06
48950.056 1.6132666953100734e-06
49000.056 1.6093291523198636e-06
49050.056 1.684938813739886e-06
49100.056 1.564606943580167e-06
49150.056 1.622239244840037e-06
49200.056 1.595478533939935e-06
49250.056 1.6055499727800298e-06
49300.056 1.427702189619778e-06
49350.056 1.5103753212299564e-06
49400.056 1.7960334910001807e-06
49450.056 1.5190908997303712e-06
49500.056 1.5925640897701817e-06
49550.056 1.4043184960299642e-06
49600.056 1.5223337935303367e-06
49650.056 1.582794607980145e-06
49700.056 1.3498417669898815e-06
49750.056 2.043466209659678e-06
49800.056 1.5454924411100737e-06
49850.056 1.924852982480041e-06
49900.056 1.5374382266401209e-06
49950.056 1.6310484215995322e-06
50000.056 1.5862372867596046e-06
50050.056 1.6147493518501271e-06
50100.056 1.720932055429871e-06
50150.056 1.4846945961000156e-06
50200.056 1.3729746724801657e-06
50250.056 1.5600719624501326e-06
50300.056 1.4619034611798413e-06
50350.056 1.707601384989983e-06
50400.056 1.5323476784200035e-06
50450.056 1.5049952311902065e-06
50500.056 1.9573757152603023e-06
50550.056 1.5647861342698894e-06
50600.056 1.6958925696100786e-06
50650.056 1.5845547144803967e-06
50700.056 1.755285452239483e-06
50750.056 1.7659923186402398e-06
50800.056 1.3463180429998726e-06
50850.056 1.6075569663702602e-06
50900.056 1.6596457102399477e-06
50950.056 1.7177870322102868e-06
51000.056 1.9663999792402016e-06
51050.056 1.4979179150202354e-06
51100.056 1.4853535508999037e-06
51150.056 1.7105969558699562e-06
51200.056 1.5819453250199157e-06
51250.056 1.784744532870001e-06
51300.056 1.4862746159104658e-06
51350.056 1.6937394360597642e-06
51400.056 1.6080680759295518e-06
51450.056 1.1680162664498166e-06
51500.056 1.6430640455099904e-06
51550.056 2.003426688300197e-06
51600.056 1.3325116056699923e-06
51650.056 1.6343622936997262e-06
51700.056 1.4840934805095157e-06
51750.056 1.4575406998201015e-06
51800.056 1.7285414959897615e-06
51850.056 1.7147020280998137e-06
51900.056 1.7972753534402792e-06
51950.056 1.624080232109825e-06
52000.056 1.4285556424399616e-06
52050.056 1.6757027223698618e-06
52100.056 1.5883516100896819e-06
52150.056 1.6042112136101773e-06
52200.056 1.5400244743200935e-06
52250.056 1.5658137332299744e-06
52300.056 1.6708836601699766e-06
52350.056 1.8530029960202148e-06
52400.056 1.35862040015013e-06
52450.056 1.5779241737099676e-06
52500.056 1.7439593951795804e-06
52550.056 1.5992871571595388e-06
52600.056 1.6742220588801703e-06
52650.056 1.8886481777103135e-06
52700.056 1.602043137000049e-06
52750.056 1.3156791994798473e-06
52800.056 1.491650082090143e-06
52850.056 1.404767179149878e-06
52900.056 1.6012180082401297e-06
52950.056 1.5488160255397395e-06
53000.056 1.7461126802998134e-06
53050.056 1.5999452067996984e-06
53100.056 1.4658720731896793e-06
53150.056 1.8055792777203573e-06
53200.056 1.2841139454002597e-06
53250.056 1.8123466725699199e-06
53300.056 1.7625312655807053e-06
53350.056 1.7584016213997945e-06
