galfind/configs/Brown_Dwarf_templates/sonora_bobcat/m+0.5/316g/sp_t2100g316nc_m+0.5_resample.dat
# %ECSV 1.0
# ---
# datatype:
# - {name: wav, unit: Angstrom, datatype: float64}
# - {name: flux_nu, unit: erg / (cm2 Hz s), datatype: float64}
# meta: {C/O: '1.00', Kzz: '1.0000E+05', Teff: '2100.', Y: '0.28', '[Fe/H]': '0.50', f_hole: '1.00', f_rain: '0.00', grav: '316.'}
# schema: astropy-2.0
wav flux_nu
[from data line 499]
28950.056 2.4642759823196967e-06
29000.056 2.0116161836293475e-06
29050.056 2.087664047349827e-06
29100.056 1.7594452681001605e-06
29150.056 2.2096133975202516e-06
29200.056 1.9950237060203646e-06
29250.056 2.1996831914300564e-06
29300.056 1.8942465192590046e-06
29350.056 2.452693350499639e-06
29400.056 2.0502398246298418e-06
29450.056 2.0499943816899063e-06
29500.056 2.1790379405897537e-06
29550.056 2.093554419340207e-06
29600.056 2.2269499641598993e-06
29650.056 2.1729415286199018e-06
29700.056 1.9385460144498245e-06
29750.056 2.409411456311003e-06
29800.056 2.364353591709889e-06
29850.056 2.2711604402997345e-06
29900.056 2.0571315934805467e-06
29950.056 2.443196582829556e-06
30000.056 2.406363351939294e-06
30050.056 2.261660196979932e-06
30100.056 1.8675714970694927e-06
30150.056 2.778387060769804e-06
30200.056 2.4873980388002047e-06
30250.056 2.3858245623706058e-06
30300.056 2.395558848599786e-06
30350.056 2.3116649879004244e-06
30400.056 2.7445439373804632e-06
30450.056 2.2075434985002535e-06
30500.056 2.125146457760314e-06
30550.056 2.8261411187805627e-06
30600.056 2.6867380986003227e-06
30650.056 2.6940404398401332e-06
30700.056 2.506653953389934e-06
30750.056 2.4234045660700782e-06
30800.056 2.901012371470749e-06
30850.056 2.523413957639965e-06
30900.056 2.5377300440598035e-06
30950.056 2.4573788282602994e-06
31000.056 2.8364312207399305e-06
31050.056 2.4442639220700266e-06
31100.056 2.6893569509699166e-06
31150.056 2.7785377374596735e-06
31200.056 2.775713270029692e-06
31250.056 3.048731598710586e-06
31300.056 2.7009342430998098e-06
31350.056 2.710138864209992e-06
31400.056 2.7812412163505193e-06
31450.056 2.810537708120126e-06
31500.056 2.8757978129204522e-06
31550.056 2.6561532833999623e-06
31600.056 2.811064185169835e-06
31650.056 2.9492759476699463e-06
31700.056 2.9579773701998974e-06
31750.056 2.6413557580601457e-06
31800.056 3.0224895706002464e-06
31850.056 3.2808267638100364e-06
31900.056 3.1832919238597517e-06
31950.056 2.599994692329754e-06
32000.056 2.8003379243807083e-06
32050.056 3.2080291292803032e-06
32100.056 3.2288398445196136e-06
32150.056 3.195332024280071e-06
32200.056 3.105327564429973e-06
32250.056 2.922634566820179e-06
32300.056 3.1857002223101267e-06
32350.056 3.380840479900472e-06
32400.056 3.075767011719952e-06
32450.056 2.974748159050297e-06
32500.056 3.260668959000239e-06
32550.056 3.5675744921001216e-06
32600.056 3.494860222439786e-06
32650.056 3.3767945127009744e-06
32700.056 3.241451813600158e-06
32750.056 3.36906903966005e-06
32800.056 3.0974794119002672e-06
32850.056 3.642378973949715e-06
32900.056 3.510231421700027e-06
32950.056 3.04618240897984e-06
33000.056 3.3157684078802836e-06
33050.056 3.402243486659566e-06
33100.056 3.5007675521890586e-06
33150.056 3.4738971397001373e-06
33200.056 3.239347498160707e-06
33250.056 3.534661997840196e-06
33300.056 3.8124371973002654e-06
33350.056 3.5499856944601836e-06
33400.056 3.2492434630296258e-06
33450.056 3.5447693285790182e-06
33500.056 3.587553963000287e-06
33550.056 3.471310066159511e-06
33600.056 3.5505661790206953e-06
33650.056 3.6639368944007897e-06
33700.056 3.7941783946595077e-06
33750.056 3.7447678830601455e-06
33800.056 3.635983334200077e-06
33850.056 3.531880367420143e-06
33900.056 3.989119892499488e-06
33950.056 3.544866707999574e-06
34000.056 3.594259790489223e-06
34050.056 3.681935641780059e-06
34100.056 3.883340634240493e-06
34150.056 3.795858680099536e-06
34200.056 3.613889335199474e-06
34250.056 4.015609486299486e-06
34300.056 3.7623987374496184e-06
34350.056 3.8603330453996255e-06
34400.056 3.6381758949195607e-06
34450.056 3.6004548700000644e-06
34500.056 3.799763851300769e-06
34550.056 3.6682327343997617e-06
34600.056 3.803616135140002e-06
34650.056 3.849531131799996e-06
34700.056 3.7187867088993206e-06
34750.056 3.9705706862002686e-06
34800.056 4.070909422899576e-06
34850.056 3.6805403431200492e-06
34900.056 3.937973633300266e-06
34950.056 3.837748580299226e-06
35000.056 3.7142813673994887e-06
35050.056 4.172613426900604e-06
35100.056 3.952236943399232e-06
35150.056 3.96120801601974e-06
35200.056 4.009724532199735e-06
35250.056 3.613098760400287e-06
35300.056 3.96971930300037e-06
35350.056 4.1439847165997075e-06
35400.056 3.8890932434997045e-06
35450.056 3.8105736712003524e-06
35500.056 4.091707769399907e-06
35550.056 3.91804491299986e-06
35600.056 3.7931665242993563e-06
35650.056 4.219340585400499e-06
35700.056 3.822361863300374e-06
35750.056 3.942786932199685e-06
35800.056 4.074801671399665e-06
35850.056 4.1173938580997975e-06
35900.056 4.289245077699539e-06
35950.056 4.1110228148997295e-06
36000.056 3.7781994536995604e-06
36050.056 4.271940353900306e-06
36100.056 4.400592216899768e-06
36150.056 3.944958371200435e-06
36200.056 4.27809567599953e-06
36250.056 3.97208586539931e-06
36300.056 4.537088628000749e-06
36350.056 4.306525555799373e-06
36400.056 4.179122240199929e-06
36450.056 4.5063666972996425e-06
36500.056 4.191343380900304e-06
36550.056 4.091036430000575e-06
36600.056 4.151401291000367e-06
36650.056 4.301680737200451e-06
36700.056 4.543638942700141e-06
36750.056 4.168616453300442e-06
36800.056 4.300179704299617e-06
36850.056 4.362093391600178e-06
36900.056 4.409209933100651e-06
36950.056 4.394171081000025e-06
37000.056 4.476880334500096e-06
37050.056 4.5641989643998685e-06
37100.056 4.397232150700398e-06
37150.056 4.381271465899135e-06
37200.056 4.558712056600075e-06
37250.056 4.5777649273002765e-06
37300.056 4.605839425700838e-06
37350.056 4.328621193300545e-06
37400.056 4.559525237699704e-06
37450.056 4.517636071200334e-06
37500.056 4.65475574519971e-06
37550.056 4.516818949599223e-06
37600.056 4.749750875599425e-06
37650.056 4.399233506699599e-06
37700.056 4.503670305000131e-06
37750.056 4.75028450879935e-06
37800.056 4.82917011039988e-06
37850.056 4.637630341199785e-06
37900.056 4.727441137900365e-06
37950.056 4.7759641560002165e-06
38000.056 4.674580152500618e-06
38050.056 4.699435426600359e-06
38100.056 4.543004306200244e-06
38150.056 4.864864529499377e-06
38200.056 4.948168663799363e-06
38250.056 4.602566257800614e-06
38300.056 4.546611538399925e-06
38350.056 4.721563143499927e-06
38400.056 4.799769955799792e-06
38450.056 4.83994744690046e-06
38500.056 4.7140022474997675e-06
38550.056 4.742443974800319e-06
38600.056 5.138585405899761e-06
38650.056 4.537555348400179e-06
38700.056 4.626051991300703e-06
38750.056 4.858629603299966e-06
38800.056 4.76757377810065e-06
38850.056 4.7815348297002895e-06
38900.056 4.610279403399914e-06
38950.056 4.850425886599627e-06
39000.056 4.740675507100126e-06
39050.056 4.809705493999925e-06
39100.056 4.554179229499954e-06
39150.056 4.695626578600215e-06
39200.056 4.833757914800185e-06
39250.056 4.807546521099309e-06
39300.056 4.811311051799145e-06
39350.056 4.780913465400493e-06
39400.056 4.68343191690014e-06
39450.056 4.728278492599778e-06
39500.056 4.653994725799756e-06
39550.056 4.565127144199157e-06
39600.056 4.956673708100246e-06
39650.056 4.4978454373001325e-06
39700.056 4.6796031712998825e-06
39750.056 4.689492091299491e-06
39800.056 4.437122451200271e-06
39850.056 4.58930003229972e-06
39900.056 4.482633961399773e-06
39950.056 4.697840180399815e-06
40000.056 4.371080179599719e-06
40050.056 4.126234883899909e-06
40100.056 4.434458894399798e-06
40150.056 4.149723039999239e-06
40200.056 4.347733826999691e-06
40250.056 4.3075361252987785e-06
40300.056 3.998782698400277e-06
40350.056 4.2425883050003465e-06
40400.056 4.3107986970999585e-06
40450.056 3.9803229553007325e-06
40500.056 3.764848002800076e-06
40550.056 4.337325769099676e-06
40600.056 3.8805566622003405e-06
40650.056 4.040349907400824e-06
40700.056 4.249154956300261e-06
40750.056 3.751075369098915e-06
40800.056 3.7221802763004622e-06
40850.056 3.5274914279008132e-06
40900.056 3.4942320292005795e-06
40950.056 3.7650672774999624e-06
41000.056 3.888578961800249e-06
41050.056 3.80548157759927e-06
41100.056 3.5955294043003774e-06
41150.056 3.869076769200174e-06
41200.056 3.6150892805000417e-06
41250.056 3.7030455509002624e-06
41300.056 3.25420123909961e-06
41350.056 3.794030676800198e-06
41400.056 3.584517002000053e-06
41450.056 3.4619919056000456e-06
41500.056 3.731598023800146e-06
41550.056 3.6584598389201035e-06
41600.056 3.7655898958999724e-06
41650.056 3.3575273734005286e-06
41700.056 3.2382196183596493e-06
41750.056 3.4010603362998904e-06
41800.056 3.3023715957995893e-06
41850.056 3.076062570200477e-06
41900.056 3.4858755739596567e-06
41950.056 2.9879670949506546e-06
42000.056 3.2084330443601657e-06
42050.056 2.95403788993904e-06
42100.056 3.267002736530357e-06
42150.056 2.6205417862790464e-06
42200.056 2.8073180362700875e-06
42250.056 2.9993910699198195e-06
42300.056 2.5282505527999915e-06
42350.056 2.9690748344007182e-06
42400.056 2.607222781050512e-06
42450.056 2.23454493193027e-06
42500.056 2.4159067826103858e-06
42550.056 2.4833043172999758e-06
42600.056 2.4383726613505192e-06
42650.056 2.113872656928814e-06
42700.056 2.501719509960888e-06
42750.056 2.3018273596999727e-06
42800.056 2.2706518892306615e-06
42850.056 2.359934346999767e-06
42900.056 2.321123088620123e-06
42950.056 2.1509301415990026e-06
43000.056 2.1984250984498852e-06
43050.056 2.18026434865111e-06
43100.056 2.30097563690008e-06
43150.056 2.31182854406039e-06
43200.056 2.2906404140801577e-06
43250.056 2.210235596860035e-06
43300.056 2.333170662380253e-06
43350.056 2.102406002939864e-06
43400.056 2.166754396009947e-06
43450.056 2.212582917020735e-06
43500.056 2.121350658399627e-06
43550.056 2.2291228866000116e-06
43600.056 2.26316208619019e-06
43650.056 2.0238209531703244e-06
43700.056 1.9607659959295076e-06
43750.056 2.0521461152402244e-06
43800.056 1.917959143460298e-06
43850.056 1.998955967620477e-06
43900.056 2.0743321154999005e-06
43950.056 1.9559253806004578e-06
44000.056 1.8527346518703574e-06
44050.056 1.8724626276401722e-06
44100.056 1.928141369280413e-06
44150.056 2.0260192845995484e-06
44200.056 1.8945075972699127e-06
44250.056 1.8706202500700106e-06
44300.056 1.8362604132202914e-06
44350.056 1.8170315506200845e-06
44400.056 1.8665694479499463e-06
44450.056 1.962040904720084e-06
44500.056 1.9903249056901974e-06
44550.056 1.768416611099543e-06
44600.056 1.837924976750195e-06
44650.056 1.946864398380194e-06
44700.056 1.8290857390801431e-06
44750.056 1.908520110129715e-06
44800.056 1.981003717279932e-06
44850.056 1.9642555626201216e-06
44900.056 1.8598902568202987e-06
44950.056 1.7321368951699612e-06
45000.056 1.920197040799922e-06
45050.056 1.8913472423197734e-06
45100.056 1.974903761839885e-06
45150.056 1.8884937763999402e-06
45200.056 1.7421369169699729e-06
45250.056 1.8023729071797738e-06
45300.056 1.9099752832500837e-06
45350.056 1.9893990926297707e-06
45400.056 1.9048370254602795e-06
45450.056 1.7503816759497439e-06
45500.056 1.7944852854998873e-06
45550.056 1.9999670440798216e-06
45600.056 1.8712736180699505e-06
45650.056 1.697776979899606e-06
45700.056 1.9281245751202123e-06
45750.056 1.8174471079799246e-06
45800.056 1.7970831051399615e-06
45850.056 2.074121508960014e-06
45900.056 2.0499558588600654e-06
45950.056 1.8125223527099601e-06
46000.056 2.1091283143900255e-06
46050.056 2.1141320171904962e-06
46100.056 1.8013205759201349e-06
46150.056 1.8634495677799455e-06
46200.056 2.066963326690461e-06
46250.056 1.7263643872399367e-06
46300.056 2.1834924992399165e-06
46350.056 1.7910170759098134e-06
46400.056 1.922910336559754e-06
46450.056 1.9015587858604222e-06
46500.056 1.807433342419898e-06
46550.056 2.099549419639929e-06
46600.056 1.942312950139911e-06
46650.056 2.3832108946699385e-06
46700.056 2.2385480544906242e-06
46750.056 1.8574827184298813e-06
46800.056 2.0474044242403406e-06
46850.056 2.130605505290108e-06
46900.056 2.042870146899606e-06
46950.056 2.2483266784301535e-06
47000.056 2.021740073659978e-06
47050.056 2.1675956054197174e-06
47100.056 1.892423414180092e-06
47150.056 2.0541038698603906e-06
47200.056 2.0576217395405906e-06
47250.056 1.9585465408495078e-06
47300.056 2.045448850389464e-06
47350.056 1.7415841055796355e-06
47400.056 2.0965443998494686e-06
47450.056 2.070362170509844e-06
47500.056 2.020239735339525e-06
47550.056 1.9546518556896496e-06
47600.056 2.16473418667987e-06
47650.056 1.6053194929795543e-06
47700.056 2.1664554093000456e-06
47750.056 1.554814085940466e-06
47800.056 2.1399358084997934e-06
47850.056 1.6750543213995195e-06
47900.056 2.1933612662301333e-06
47950.056 1.6316528906203961e-06
48000.056 2.356857660700013e-06
48050.056 1.7771573193503576e-06
48100.056 1.9360343887199712e-06
48150.056 1.7676729289802211e-06
48200.056 2.177474913970448e-06
48250.056 1.8041007858798095e-06
48300.056 2.3206945008997426e-06
48350.056 1.604034764489668e-06
48400.056 2.1416856576299678e-06
48450.056 1.8098924066901438e-06
48500.056 2.321580584700036e-06
48550.056 1.6561490279000506e-06
48600.056 2.1757111152997924e-06
48650.056 1.674751950869984e-06
48700.056 2.0705405614300733e-06
48750.056 1.522216848330251e-06
48800.056 2.327177012100148e-06
48850.056 1.677058814519683e-06
48900.056 2.134836397200116e-06
48950.056 1.9502216665601416e-06
49000.056 1.9288594620198693e-06
49050.056 1.9992395314598463e-06
49100.056 1.888882379960163e-06
49150.056 1.9248975890200506e-06
49200.056 1.951596525249919e-06
49250.056 1.911707319230075e-06
49300.056 1.7395180062797035e-06
49350.056 1.7916522415799683e-06
49400.056 2.1257017182902493e-06
49450.056 1.823739372030447e-06
49500.056 1.893515509020256e-06
49550.056 1.7036800810999564e-06
49600.056 1.8113268630503735e-06
49650.056 1.8713322340602222e-06
49700.056 1.6174374157898477e-06
49750.056 2.353460509199604e-06
49800.056 1.857924228990065e-06
49850.056 2.225838971040032e-06
49900.056 1.8246099505601287e-06
49950.056 1.9268183774094366e-06
50000.056 1.8602945404195404e-06
50050.056 1.9178690404201332e-06
50100.056 2.0011759927798414e-06
50150.056 1.7776402611599886e-06
50200.056 1.6349579398001662e-06
50250.056 1.8097638333001593e-06
50300.056 1.7308308852697674e-06
50350.056 1.9652974310599773e-06
50400.056 1.8196668667900353e-06
50450.056 1.761936209790225e-06
50500.056 2.2657923847203353e-06
50550.056 1.8413405867398559e-06
50600.056 1.9621436327001186e-06
50650.056 1.8555175828204712e-06
50700.056 2.0330308056794044e-06
50750.056 2.010894653560259e-06
50800.056 1.6052763928398698e-06
50850.056 1.8724107583802885e-06
50900.056 1.898555475209947e-06
50950.056 1.9907028226503215e-06
51000.056 2.2376237583502333e-06
51050.056 1.7468181928402837e-06
51100.056 1.7405323424699029e-06
51150.056 1.9809944288400084e-06
51200.056 1.8324465045998846e-06
51250.056 2.045629817190029e-06
51300.056 1.7513595026505255e-06
51350.056 1.959757336839778e-06
51400.056 1.8738483644294727e-06
51450.056 1.3861348197997907e-06
51500.056 1.9231512133999766e-06
51550.056 2.2754229688002176e-06
51600.056 1.558487887429954e-06
51650.056 1.8943326117596973e-06
51700.056 1.7066915652494441e-06
51750.056 1.704693097180118e-06
51800.056 1.967781083379746e-06
51850.056 1.9753947974998276e-06
51900.056 2.0564564312002904e-06
51950.056 1.8525589050197955e-06
52000.056 1.6716480817999668e-06
52050.056 1.93825418910984e-06
52100.056 1.8594338333396134e-06
52150.056 1.869689423950242e-06
52200.056 1.7904183037001048e-06
52250.056 1.7976166475199646e-06
52300.056 1.891068888259981e-06
52350.056 2.1167679074602234e-06
52400.056 1.5920051634500972e-06
52450.056 1.8172920527999647e-06
52500.056 1.9752714323494863e-06
52550.056 1.8197254051095102e-06
52600.056 1.9152232256201566e-06
52650.056 2.1498044598903798e-06
52700.056 1.8478147920400598e-06
52750.056 1.5313710284198395e-06
52800.056 1.7247289759501674e-06
52850.056 1.6333406893498894e-06
52900.056 1.8438362527801775e-06
52950.056 1.7802299600796816e-06
53000.056 1.984748244689763e-06
53050.056 1.8652523124596833e-06
53100.056 1.6753097778696344e-06
53150.056 2.038997837700419e-06
53200.056 1.4985124549403156e-06
53250.056 2.0698597873999133e-06
53300.056 1.999899917800735e-06
53350.056 2.0085218319797834e-06
53400.056 1.7901986070601442e-06
53450.056 1.698509286850048e-06
53500.056 1.5268693939997021e-06
