galfind/configs/Brown_Dwarf_templates/sonora_bobcat/m+0.5/316g/sp_t1500g316nc_m+0.5_resample.dat
# %ECSV 1.0
# ---
# datatype:
# - {name: wav, unit: Angstrom, datatype: float64}
# - {name: flux_nu, unit: erg / (cm2 Hz s), datatype: float64}
# meta: {C/O: '1.00', Kzz: '1.0000E+05', Teff: '1500.', Y: '0.28', '[Fe/H]': '0.50', f_hole: '1.00', f_rain: '0.00', grav: '316.'}
# schema: astropy-2.0
wav flux_nu
4000.0559999999996 nan
4050.0559999999996 1.4799942774269897e-10
4100.056 5.799103325799671e-10
4150.056 6.173564671470531e-10
4200.056 5.044126727475265e-10
4250.056 5.654222593531386e-10
4300.056 5.27557476698097e-10
4350.056 5.543997749860297e-10
4400.056 6.332248567500983e-10
4450.056 5.784424122500139e-10
4500.056 5.893326902800382e-10
4550.056 7.137315915646113e-10
4600.056 7.584485192180026e-10
4650.056 7.202287641199268e-10
4700.056 8.423580022200343e-10
4750.056 8.690857781399546e-10
4800.056 5.972328752900216e-10
4850.056 5.248683612099919e-10
4900.056 4.879737710600017e-10
4950.056 3.4281739671e-10
5000.056 1.5074489513999195e-10
5050.056 6.623193654200117e-11
5100.056 5.471803076800048e-11
5150.056 4.8510203667001194e-11
5200.056 4.3730311396998904e-11
5250.056 3.581704365299998e-11
5300.056 2.8706107491999954e-11
5350.056 2.284333410799988e-11
5400.056 1.8182998901999953e-11
5450.056 1.4371995516999963e-11
5500.056 1.1096884682799964e-11
5550.056 8.285022835599982e-12
5600.056 5.98660688859997e-12
5650.056 4.0933732317999814e-12
5700.056 2.5908047007999835e-12
5750.056 1.4626282330999878e-12
5800.056 7.250427994399921e-13
5850.056 3.044977722299954e-13
5900.056 7.570533493289992e-14
5950.056 6.94353910620013e-13
6000.056 2.712130470700058e-12
6050.056 8.602900134900104e-12
6100.056 2.1915724871000225e-11
6150.056 4.845459265700048e-11
6200.056 9.593811652100083e-11
6250.056 1.747162716000014e-10
6300.056 2.9908618976000227e-10
6350.056 4.88721317240003e-10
6400.056 7.63014647080005e-10
6450.056 1.146026746480009e-09
6500.056 1.659789523400016e-09
6550.056 2.349228254800005e-09
6600.056 3.2663083520000366e-09
6650.056 4.329097822100076e-09
6700.056 3.366669776408498e-09
6750.056 6.775862510700067e-09
6800.056 8.711979310100198e-09
6850.056 9.918824327100076e-09
6900.056 9.592331475500109e-09
6950.056 8.670956310999894e-09
7000.056 8.504944508000027e-09
7050.056 9.094400366900024e-09
7100.056 9.805884751599933e-09
7150.056 1.0267384453099953e-08
7200.056 1.0995637064100083e-08
7250.056 1.1005155848299893e-08
7300.056 1.012845046260001e-08
7350.056 8.646695674099954e-09
7400.056 7.227222232800014e-09
7450.056 5.970254863799983e-09
7500.056 4.68703443419997e-09
7550.056 3.3978451453999737e-09
7600.056 2.006912318899969e-09
7650.056 2.405009034255703e-10
7700.056 7.730231470861508e-11
7750.056 1.2692988850200397e-09
7800.056 3.149032991383668e-09
7850.056 7.245548970100066e-09
7900.056 1.1318890709600098e-08
7950.056 1.2830322410370736e-08
8000.056 2.1502624453000056e-08
8050.056 2.8867224235999448e-08
8100.056 3.7541002519999865e-08
8150.056 4.81195917470004e-08
8200.056 5.3624353118201636e-08
8250.056 7.261245549400207e-08
8300.056 8.520935664600476e-08
8350.056 9.951470854699903e-08
8400.056 1.1348270220299584e-07
8450.056 1.1985410333499583e-07
8500.056 1.198374783908789e-07
8550.056 1.3823599706800307e-07
8600.056 1.4366979274699182e-07
8650.056 1.3195008870597863e-07
8700.056 1.3415930389998674e-07
8750.056 1.5015371269400916e-07
8800.056 1.825630085340167e-07
8850.056 2.062302575889821e-07
8900.056 2.1734701981900112e-07
8950.056 2.098490882196601e-07
9000.056 2.7235397562400207e-07
9050.056 2.8533392374300975e-07
9100.056 3.2589831180500115e-07
9150.056 3.5252702830000654e-07
9200.056 3.7578651739597517e-07
9250.056 3.4645046961798337e-07
9300.056 2.551396685864264e-07
9350.056 2.857097789031162e-07
9400.056 3.309027646606701e-07
9450.056 3.6869217783467205e-07
9500.056 3.867662967535478e-07
9550.056 4.160350607416867e-07
9600.056 3.9664577704262056e-07
9650.056 4.2608510537848916e-07
9700.056 4.583256910062147e-07
9750.056 4.425886682608835e-07
9800.056 4.7632619521710306e-07
9850.056 5.063005946739918e-07
9900.056 4.3732692029496854e-07
9950.056 3.9134284980997496e-07
10000.056 3.712616355699522e-07
10050.056 4.136501324099971e-07
10100.056 4.918643348999856e-07
10150.056 5.184160347399109e-07
10200.056 5.720230856899581e-07
10250.056 5.931945264299399e-07
10300.056 5.934420172500066e-07
10350.056 6.715092809800032e-07
10400.056 7.47650492859985e-07
10450.056 7.61838557260065e-07
10500.056 7.147799389199791e-07
10550.056 7.098563193900693e-07
10600.056 7.553621277400335e-07
10650.056 8.132038784600357e-07
10700.056 8.644363668800661e-07
10750.056 9.56500710370048e-07
10800.056 1.0477916088799846e-06
10850.056 1.154051040059909e-06
10900.056 1.0940619293299465e-06
10950.056 9.290980829119723e-07
11000.056 8.925168715449537e-07
11050.056 7.839258262016896e-07
11100.056 7.641437983315265e-07
11150.056 7.429176528262572e-07
11200.056 7.546152490717757e-07
11250.056 8.790752214409516e-07
11300.056 8.449575715872892e-07
11350.056 6.522012411593341e-07
11400.056 6.164977806192758e-07
11450.056 7.699501554574929e-07
11500.056 9.222839746068561e-07
11550.056 8.340312780335314e-07
11600.056 8.943258172429969e-07
11650.056 8.91902213089742e-07
11700.056 6.820155284273699e-07
11750.056 6.902930068102174e-07
11800.056 7.19518460093515e-07
11850.056 9.6869119882207e-07
11900.056 1.0333734167655935e-06
11950.056 1.0979585047199583e-06
12000.056 1.0524330688770276e-06
12050.056 1.2211400749311354e-06
12100.056 1.2435593863399326e-06
12150.056 1.4079332292198792e-06
12200.056 1.457742478919686e-06
12250.056 1.5924070813797608e-06
12300.056 1.6954027613802128e-06
12350.056 1.7155170813700587e-06
12400.056 1.597443291609932e-06
12450.056 1.415257674430049e-06
12500.056 1.5231759708599053e-06
12550.056 1.559435702650095e-06
12600.056 1.8874993186800523e-06
12650.056 1.916606819919919e-06
12700.056 2.0809521377902406e-06
12750.056 2.0540265167100078e-06
12800.056 2.17299669165006e-06
12850.056 2.0412151504901146e-06
12900.056 1.9151433802499094e-06
12950.056 1.987700250080887e-06
13000.056 2.0172826764965515e-06
13050.056 2.059497849101884e-06
13100.056 2.029065936394635e-06
13150.056 1.9529731530144446e-06
13200.056 1.843053587785962e-06
13250.056 1.622994798791389e-06
13300.056 1.2215884318614998e-06
13350.056 5.866071414169947e-07
13400.056 4.756620762366361e-07
13450.056 3.691209518951937e-07
13500.056 3.340511553178506e-07
13550.056 2.9307351386569965e-07
13600.056 2.5998264854148005e-07
13650.056 3.456527079850612e-07
13700.056 2.92703714085378e-07
13750.056 2.996532748103165e-07
13800.056 3.670992945300396e-07
13850.056 3.46577333426619e-07
13900.056 3.519541497005377e-07
13950.056 3.304423918230947e-07
14000.056 3.0698414279822427e-07
14050.056 3.1394118460471866e-07
14100.056 2.6466904556681923e-07
14150.056 2.955334859658401e-07
14200.056 2.575232657461963e-07
14250.056 2.54212501748438e-07
14300.056 2.8509731860031103e-07
14350.056 2.807819987029044e-07
14400.056 3.091597171117632e-07
14450.056 3.199382891132424e-07
14500.056 3.995403554617522e-07
14550.056 4.1784947372537926e-07
14600.056 4.5945120547119456e-07
14650.056 4.610955281163798e-07
14700.056 4.147173216199423e-07
14750.056 4.595944788911664e-07
14800.056 5.086164178747154e-07
14850.056 5.566003466743459e-07
14900.056 5.552038070754067e-07
14950.056 5.700113821110973e-07
15000.056 5.995422953438602e-07
15050.056 6.830467490887078e-07
15100.056 7.066875120210814e-07
15150.056 7.711470108851722e-07
15200.056 7.831713275889136e-07
15250.056 8.255115429399407e-07
15300.056 8.935377865609169e-07
15350.056 9.468374468509633e-07
15400.056 1.018016143673039e-06
15450.056 1.0900850682780885e-06
15500.056 1.131429933809852e-06
15550.056 1.2301002782599195e-06
15600.056 1.2030769849401012e-06
15650.056 1.3005119116600968e-06
15700.056 1.4495227402604895e-06
15750.056 1.5467134185198916e-06
15800.056 1.527865410480348e-06
15850.056 1.6070647597599455e-06
15900.056 1.6562216834802155e-06
15950.056 1.7529346174498093e-06
16000.056 1.7897755278699279e-06
16050.056 1.8430138253500525e-06
16100.056 1.924994654870113e-06
16150.056 1.9010333305101714e-06
16200.056 1.964920285079752e-06
16250.056 1.9945007844999493e-06
16300.056 1.9911421665699525e-06
16350.056 2.094934769740008e-06
16400.056 2.1400954065101134e-06
16450.056 2.191587187530045e-06
16500.056 2.2834406194603036e-06
16550.056 2.3383440060101084e-06
16600.056 2.2466769006804297e-06
16650.056 2.374737126359875e-06
16700.056 2.2851159766498736e-06
16750.056 2.3585435102598947e-06
16800.056 2.5079599840998093e-06
16850.056 2.4693294328760157e-06
16900.056 2.41663036684988e-06
16950.056 2.3508034283199677e-06
17000.056 2.311043558680227e-06
17050.056 2.3039911903299726e-06
17100.056 2.119022926880388e-06
17150.056 1.995706570269897e-06
17200.056 1.8154664142698454e-06
17250.056 1.6654122298738292e-06
17300.056 1.638885085467762e-06
17350.056 1.521751824069053e-06
17400.056 1.5464906680600247e-06
17450.056 1.3543652469143249e-06
17500.056 1.3137902572015739e-06
17550.056 1.2734333395321657e-06
17600.056 1.2066445060029537e-06
17650.056 1.1975451364408627e-06
17700.056 9.659962713556133e-07
17750.056 8.882252418147376e-07
17800.056 9.503440961973444e-07
17850.056 7.728512355220083e-07
17900.056 8.160848794660983e-07
17950.056 7.633419339512139e-07
18000.056 7.027830045876074e-07
18050.056 6.763120227402446e-07
18100.056 6.4569466208674e-07
18150.056 7.793956842251693e-07
18200.056 5.597644539782801e-07
18250.056 7.737836415670806e-07
18300.056 6.994789644010781e-07
18350.056 6.229654029074584e-07
18400.056 6.194250031493459e-07
18450.056 5.568005733304963e-07
18500.056 5.983754538942096e-07
18550.056 5.400959497482189e-07
18600.056 4.435587601765363e-07
18650.056 5.02564329884637e-07
18700.056 5.553348727942301e-07
18750.056 5.501990940074825e-07
18800.056 6.117855129171665e-07
18850.056 7.169272552812637e-07
18900.056 6.903105746780884e-07
18950.056 7.553273940254829e-07
19000.056 7.681579602679219e-07
19050.056 7.108291092569738e-07
19100.056 8.073197217462172e-07
19150.056 7.97752626315639e-07
19200.056 8.087439359308324e-07
19250.056 7.471411358729119e-07
19300.056 7.906173898215428e-07
19350.056 7.205555822141197e-07
19400.056 5.901091467142526e-07
19450.056 7.625974874590369e-07
19500.056 7.598702195302522e-07
19550.056 5.967313676430659e-07
19600.056 7.271951627170703e-07
19650.056 7.375432216752167e-07
19700.056 7.4681097042487e-07
19750.056 6.988534950081593e-07
19800.056 7.464496044608983e-07
19850.056 8.006710637093419e-07
19900.056 6.731647560650772e-07
19950.056 8.59990605771014e-07
20000.056 7.51368756440072e-07
20050.056 8.316706184903529e-07
20100.056 8.758492939854997e-07
20150.056 8.95922237656983e-07
20200.056 9.424407907978146e-07
20250.056 1.0090281801699135e-06
20300.056 1.0159555758810506e-06
20350.056 1.090041820331827e-06
20400.056 1.0816893821515295e-06
20450.056 1.1857971664597829e-06
20500.056 1.210861180860035e-06
20550.056 1.2272213350600604e-06
20600.056 1.3663713236702692e-06
20650.056 1.3451157434383267e-06
20700.056 1.4184314109302299e-06
20750.056 1.4757126392297851e-06
20800.056 1.5565694380700477e-06
20850.056 1.5351920757398882e-06
20900.056 1.6486982209197351e-06
20950.056 1.6810900666399542e-06
21000.056 1.7847571450899588e-06
21050.056 1.8046611320900007e-06
21100.056 1.8267368999299496e-06
21150.056 1.956633269610004e-06
21200.056 1.9216965935301105e-06
21250.056 2.0627360745198457e-06
21300.056 1.971545339829965e-06
21350.056 2.1618061615100303e-06
21400.056 2.0438987275402264e-06
21450.056 2.287443157409988e-06
21500.056 2.1366161617902153e-06
21550.056 2.191437611939922e-06
21600.056 2.252939709260259e-06
21650.056 2.197528412870144e-06
21700.056 2.3574557797000156e-06
21750.056 2.2243745494699662e-06
21800.056 2.211621467739691e-06
21850.056 2.18157238326999e-06
21900.056 2.2448900786201604e-06
21950.056 2.0857922210101505e-06
22000.056 2.008217756420245e-06
22050.056 1.845488357669625e-06
22100.056 1.999124616270203e-06
22150.056 2.035237665530081e-06
22200.056 1.9405723831543434e-06
22250.056 2.0573762889803898e-06
22300.056 2.003542983529809e-06
22350.056 1.8870572452402953e-06
22400.056 1.940417498220025e-06
22450.056 1.8496830987548187e-06
22500.056 1.9052975301601203e-06
22550.056 1.7963633434494655e-06
22600.056 1.8503483572501668e-06
22650.056 1.752971558560493e-06
22700.056 1.7162135527223633e-06
22750.056 1.8187961887101067e-06
22800.056 1.6713803031899563e-06
22850.056 1.671071491830276e-06
22900.056 1.6980118369198082e-06
22950.056 1.0311937607930448e-06
23000.056 1.1528727042400897e-06
23050.056 1.2876395045247845e-06
23100.056 1.2708524047098972e-06
23150.056 1.3291374620032273e-06
23200.056 1.1347410411401014e-06
23250.056 9.496681845248791e-07
23300.056 9.705200837362135e-07
23350.056 1.016717998851983e-06
23400.056 9.843060350531842e-07
23450.056 1.0407061886601007e-06
23500.056 1.0775022235100218e-06
23550.056 9.978862669742469e-07
23600.056 9.909795721071043e-07
23650.056 1.1032298323048646e-06
23700.056 9.675503078270105e-07
23750.056 9.720318608752433e-07
23800.056 9.45916570130023e-07
23850.056 8.396123122791137e-07
23900.056 1.0193556625040124e-06
23950.056 1.0856920096923386e-06
24000.056 1.035190930457556e-06
24050.056 1.0657906047140334e-06
24100.056 9.252021030967656e-07
24150.056 9.458531576584769e-07
24200.056 9.617167750065736e-07
24250.056 9.091186317261177e-07
24300.056 9.179669880300262e-07
24350.056 7.970328953141e-07
24400.056 9.324342094029873e-07
24450.056 7.906319662297627e-07
24500.056 7.545788394889143e-07
24550.056 7.429237067681696e-07
24600.056 7.905656793841154e-07
24650.056 8.62688899690026e-07
24700.056 6.707209608729033e-07
24750.056 6.535310044582439e-07
24800.056 6.323959577111544e-07
24850.056 7.792913259149599e-07
24900.056 5.33994022542358e-07
24950.056 7.271985496889065e-07
25000.056 6.434310751440693e-07
25050.056 4.785316545251067e-07
25100.056 6.008701514180046e-07
25150.056 4.929016283959565e-07
25200.056 5.388527899999545e-07
25250.056 4.803724227949179e-07
25300.056 5.652737764190277e-07
25350.056 4.3510362847204225e-07
25400.056 5.31359789013148e-07
25450.056 4.3249903281697087e-07
25500.056 4.656938416391504e-07
25550.056 4.440848921290326e-07
25600.056 4.5838116123698064e-07
25650.056 3.9114673505497945e-07
25700.056 5.532045731017721e-07
25750.056 3.5862772704110216e-07
25800.056 5.356587520161116e-07
25850.056 4.1646753267689173e-07
25900.056 5.061597978710276e-07
25950.056 3.9771042400197293e-07
26000.056 5.395706741362301e-07
26050.056 5.22394166836033e-07
26100.056 5.651985892749192e-07
26150.056 5.383764171569003e-07
26200.056 5.220920934379716e-07
26250.056 5.69124656966046e-07
26300.056 5.391810529120529e-07
26350.056 6.030739969329421e-07
26400.056 6.211620366638256e-07
26450.056 6.14887320487059e-07
26500.056 6.446106220367363e-07
26550.056 5.575187132868042e-07
26600.056 6.912209786578225e-07
26650.056 4.7561398161989344e-07
26700.056 4.783972034390342e-07
26750.056 3.8917083585278054e-07
26800.056 4.847347668448714e-07
26850.056 3.6179905103596557e-07
26900.056 5.18402047866058e-07
26950.056 3.4611739655596046e-07
27000.056 5.020728224160703e-07
27050.056 4.184060962250335e-07
27100.056 4.178837199098899e-07
27150.056 4.812040035040426e-07
27200.056 4.526467190981445e-07
27250.056 4.40326100785206e-07
27300.056 5.624862552819857e-07
27350.056 5.199560228398555e-07
27400.056 3.9333596360594e-07
27450.056 6.114775175927464e-07
27500.056 5.592880921378151e-07
27550.056 4.738485340170256e-07
27600.056 6.21347508825887e-07
27650.056 4.4241812994793543e-07
27700.056 4.15033143721087e-07
27750.056 6.07612088737754e-07
27800.056 4.097288149159099e-07
27850.056 4.645056993287241e-07
27900.056 4.923830904240691e-07
27950.056 6.005363806799446e-07
28000.056 5.492354210692002e-07
28050.056 3.8247527379210347e-07
28100.056 6.340408323842042e-07
28150.056 4.817494838680313e-07
28200.056 3.9262054737103913e-07
28250.056 5.66052496213025e-07
28300.056 6.708334962830308e-07
28350.056 4.527206934858667e-07
28400.056 5.153372251089718e-07
28450.056 5.672205949528509e-07
28500.056 5.519423273488707e-07
28550.056 3.645807729728623e-07
28600.056 6.569609285139263e-07
28650.056 5.947134726509126e-07
28700.056 5.353038197749181e-07
28750.056 6.260157829240235e-07
28800.056 5.788093103541229e-07
28850.056 6.329985147141059e-07
28900.056 4.575527156230117e-07
28950.056 7.023455477459879e-07
