galfind/configs/Brown_Dwarf_templates/sonora_bobcat/m+0.5/316g/sp_t800g316nc_m+0.5_resample.dat
# %ECSV 1.0
# ---
# datatype:
# - {name: wav, unit: Angstrom, datatype: float64}
# - {name: flux_nu, unit: erg / (cm2 Hz s), datatype: float64}
# meta: {C/O: '1.00', Kzz: '1.0000E+05', Teff: '800.', Y: '0.28', '[Fe/H]': '0.50', f_hole: '1.00', f_rain: '0.00', grav: '316.'}
# schema: astropy-2.0
wav flux_nu
[from data line 498]
28900.056 1.4351098275032316e-08
28950.056 3.324409856841e-08
29000.056 2.6234805233708785e-08
29050.056 2.9707746058746727e-08
29100.056 2.136329835878087e-08
29150.056 3.880280044284906e-08
29200.056 2.662618688415804e-08
29250.056 3.983563479984319e-08
29300.056 2.093779217861089e-08
29350.056 6.331928850035806e-08
29400.056 3.0679284276415283e-08
29450.056 3.4006141276404396e-08
29500.056 4.0731093601525135e-08
29550.056 3.3415934224810146e-08
29600.056 4.1048077284806497e-08
29650.056 4.563765210455437e-08
29700.056 2.9946467959438285e-08
29750.056 4.4845486872607425e-08
29800.056 4.5983737615907476e-08
29850.056 5.1517681377588004e-08
29900.056 4.799828354611868e-08
29950.056 4.536583920383248e-08
30000.056 1.4922188758873894e-08
30050.056 2.147161680549192e-08
30100.056 2.3088302928105394e-08
30150.056 4.449987632869349e-08
30200.056 3.43612317278012e-08
30250.056 6.052517539471925e-08
30300.056 5.3811444277808933e-08
30350.056 4.24663845025678e-08
30400.056 5.733031618335758e-08
30450.056 3.830730946987622e-08
30500.056 3.44068195260442e-08
30550.056 3.5514798672104893e-08
30600.056 4.6483353764600214e-08
30650.056 3.355673385097552e-08
30700.056 3.099788065588096e-08
30750.056 3.6587639755793494e-08
30800.056 2.9607406811366417e-08
30850.056 2.811376562672573e-08
30900.056 2.2341340431374237e-08
30950.056 2.2517758997225613e-08
31000.056 1.9897616641412954e-08
31050.056 1.9650914515439372e-08
31100.056 1.5388177676330456e-08
31150.056 2.0867909027628563e-08
31200.056 2.2268032035505796e-08
31250.056 1.5598776736697656e-08
31300.056 1.4010629156085388e-08
31350.056 1.5537073415261e-08
31400.056 1.1601525380657312e-08
31450.056 1.303443511129676e-08
31500.056 9.363192912252864e-09
31550.056 1.1073659352812696e-08
31600.056 8.072141239106015e-09
31650.056 7.544595978252437e-09
31700.056 7.890713710829544e-09
31750.056 5.852281819355724e-09
31800.056 8.403423064669978e-09
31850.056 5.323035883303793e-09
31900.056 6.970151477929877e-09
31950.056 4.343011239300021e-09
32000.056 5.832449573399959e-09
32050.056 6.407990346559313e-09
32100.056 6.018201681986883e-09
32150.056 6.8312072642194705e-09
32200.056 5.255432331970772e-09
32250.056 8.041122862371622e-09
32300.056 5.033296350060186e-09
32350.056 8.213905240198974e-09
32400.056 4.94518542288824e-09
32450.056 7.402370873747858e-09
32500.056 6.151124509771402e-09
32550.056 6.402701140179596e-09
32600.056 7.684054674386735e-09
32650.056 1.1671757203007141e-08
32700.056 9.271226110742712e-09
32750.056 1.2751799370602508e-08
32800.056 1.172201840813451e-08
32850.056 1.3798269204438661e-08
32900.056 1.4986734331882916e-08
32950.056 1.6098191322889506e-08
33000.056 1.2920216975647668e-08
33050.056 1.2759582097206807e-08
33100.056 5.620291701197652e-09
33150.056 8.152734714030136e-10
33200.056 1.027329540025467e-09
33250.056 6.217520507748985e-10
33300.056 9.155485834472047e-10
33350.056 1.9297034878699964e-09
33400.056 3.203696436228558e-09
33450.056 4.739274676643282e-09
33500.056 8.345876497705753e-09
33550.056 6.361716234573384e-09
33600.056 1.0942827860448714e-08
33650.056 1.0799263822318836e-08
33700.056 8.698539989918211e-09
33750.056 1.3597130131394887e-08
33800.056 8.923164451638086e-09
33850.056 1.1682423357686465e-08
33900.056 9.407116162930086e-09
33950.056 9.582138705088902e-09
34000.056 1.3255255830955837e-08
34050.056 6.099672029815139e-09
34100.056 1.2724092619562044e-08
34150.056 9.162042168707205e-09
34200.056 1.087970019091459e-08
34250.056 1.0393270832504096e-08
34300.056 9.046073481461828e-09
34350.056 8.836417258709762e-09
34400.056 7.037364547064219e-09
34450.056 1.0855735308834515e-08
34500.056 9.602097247122218e-09
34550.056 6.7618423499905724e-09
34600.056 1.3479227402899912e-08
34650.056 8.037654306070794e-09
34700.056 1.1386643602148903e-08
34750.056 1.0631812845835785e-08
34800.056 9.115230628276635e-09
34850.056 1.1915526973853625e-08
34900.056 1.1506834683573206e-08
34950.056 1.3125230328696746e-08
35000.056 2.0552269530204605e-08
35050.056 1.1548512677360517e-08
35100.056 1.6622495217672645e-08
35150.056 1.5523951328825345e-08
35200.056 1.621968704161796e-08
35250.056 2.245811743659144e-08
35300.056 1.605122322260316e-08
35350.056 1.690197254571355e-08
35400.056 1.9378459611697175e-08
35450.056 1.2976739649858152e-08
35500.056 2.772452753925664e-08
35550.056 2.4343430322484898e-08
35600.056 2.0867545532113035e-08
35650.056 2.3740851798628624e-08
35700.056 2.136766730866279e-08
35750.056 2.8738697609096687e-08
35800.056 3.653348513784111e-08
35850.056 2.0847349882347577e-08
35900.056 2.846863053435429e-08
35950.056 2.8018923402460703e-08
36000.056 2.7728514122504814e-08
36050.056 2.517514149488997e-08
36100.056 2.6209992945303647e-08
36150.056 2.98233052402916e-08
36200.056 3.2525104567489445e-08
36250.056 2.9281254595440717e-08
36300.056 3.846036194437956e-08
36350.056 3.444821629432706e-08
36400.056 3.5565787644111836e-08
36450.056 4.233697793365382e-08
36500.056 4.5538579753182573e-08
36550.056 4.667065673611397e-08
36600.056 5.559244561099313e-08
36650.056 5.220473523632791e-08
36700.056 5.503009858044401e-08
36750.056 6.055831663883496e-08
36800.056 6.070115669869929e-08
36850.056 5.3922384028290994e-08
36900.056 6.314328537523124e-08
36950.056 6.838461356578702e-08
37000.056 6.171668207539032e-08
37050.056 6.573591840699481e-08
37100.056 6.988084835160095e-08
37150.056 6.047614026055503e-08
37200.056 7.391226869598725e-08
37250.056 7.09701204937863e-08
37300.056 6.255754920508842e-08
37350.056 6.921462438321545e-08
37400.056 9.970729432959722e-08
37450.056 7.19616756657125e-08
37500.056 7.285905723604378e-08
37550.056 9.158695637526172e-08
37600.056 1.0474270482101258e-07
37650.056 7.055238629560152e-08
37700.056 1.0675019566760845e-07
37750.056 7.877288517820392e-08
37800.056 8.482743367304619e-08
37850.056 6.034134399650623e-08
37900.056 7.113385732872345e-08
37950.056 8.98541842687794e-08
38000.056 1.0520706298479997e-07
38050.056 1.0500531671452969e-07
38100.056 1.07200335257619e-07
38150.056 1.1936766948799657e-07
38200.056 1.261340550440303e-07
38250.056 1.1717235954210824e-07
38300.056 1.529437625259728e-07
38350.056 1.5495489838502936e-07
38400.056 1.0006460403515536e-07
38450.056 1.0172046732816185e-07
38500.056 7.213284539600708e-08
38550.056 1.1270326148403713e-07
38600.056 1.1456951856629912e-07
38650.056 1.1625932305287746e-07
38700.056 1.2182184726199964e-07
38750.056 1.3128115404100606e-07
38800.056 1.1392943342622975e-07
38850.056 1.2105509735592076e-07
38900.056 1.5779504032960212e-07
38950.056 1.232656127703847e-07
39000.056 1.4375403007099185e-07
39050.056 1.2673974033801026e-07
39100.056 1.4138475627700088e-07
39150.056 1.4563222608970287e-07
39200.056 1.4335347360758538e-07
39250.056 1.6770116967597843e-07
39300.056 1.400383910619443e-07
39350.056 1.8691245591601172e-07
39400.056 1.548447581834505e-07
39450.056 1.667032180397904e-07
39500.056 1.6659931286503254e-07
39550.056 1.6172986931575174e-07
39600.056 1.8005297168095483e-07
39650.056 1.9717858635498256e-07
39700.056 1.8691012210102447e-07
39750.056 1.523586913661577e-07
39800.056 1.7771104913596413e-07
39850.056 2.217153861640063e-07
39900.056 2.1815031838000828e-07
39950.056 1.9156796567595878e-07
40000.056 2.4921572054405126e-07
40050.056 2.1815486274499927e-07
40100.056 1.758818171068888e-07
40150.056 2.2855115560118444e-07
40200.056 2.3478879113491385e-07
40250.056 2.3558909616292198e-07
40300.056 2.317565918710393e-07
40350.056 2.3138510329497592e-07
40400.056 2.7446939399980864e-07
40450.056 2.303433646104215e-07
40500.056 2.749697577889859e-07
40550.056 2.7481724087433257e-07
40600.056 2.641019938200341e-07
40650.056 2.3878004193383145e-07
40700.056 3.3280596066499475e-07
40750.056 2.6254348680995573e-07
40800.056 2.1381597895789642e-07
40850.056 3.402849765700805e-07
40900.056 3.173204490160295e-07
40950.056 2.8219497362701995e-07
41000.056 2.896475843209945e-07
41050.056 3.600302804499514e-07
41100.056 2.9913355791799646e-07
41150.056 2.2212593313947232e-07
41200.056 3.468206719799851e-07
41250.056 2.958058114049743e-07
41300.056 2.6820606160993275e-07
41350.056 3.6789719418003843e-07
41400.056 3.2875502309604786e-07
41450.056 3.524920616080199e-07
41500.056 2.7941335583431123e-07
41550.056 2.7779055700436964e-07
41600.056 3.4394633088375805e-07
41650.056 3.4535037625100974e-07
41700.056 3.1327066500589787e-07
41750.056 3.1791865234898177e-07
41800.056 3.674338117660119e-07
41850.056 2.6320069645199416e-07
41900.056 3.013144444935449e-07
41950.056 2.94037036386056e-07
42000.056 2.8187110753892436e-07
42050.056 2.561310436590211e-07
42100.056 3.450801452499959e-07
42150.056 2.638181896660044e-07
42200.056 2.517920633330052e-07
42250.056 2.6049207232795546e-07
42300.056 2.5074801306579893e-07
42350.056 3.003852769640486e-07
42400.056 2.9068566466006415e-07
42450.056 2.645612995080336e-07
42500.056 2.6157195714398404e-07
42550.056 2.513879447039653e-07
42600.056 2.623369945560421e-07
42650.056 3.15107484902908e-07
42700.056 2.6741102592677617e-07
42750.056 2.5664443380200053e-07
42800.056 2.8262887671704805e-07
42850.056 3.178204722698981e-07
42900.056 3.3115788992407777e-07
42950.056 2.733410838129158e-07
43000.056 3.063270860980161e-07
43050.056 2.1373753457808372e-07
43100.056 2.759670436309617e-07
43150.056 2.616932067420356e-07
43200.056 3.088157138840094e-07
43250.056 3.5592472754000703e-07
43300.056 3.519473681800093e-07
43350.056 2.471259035059382e-07
43400.056 2.937754344629792e-07
43450.056 2.612077074770467e-07
43500.056 2.581031046310092e-07
43550.056 2.64209891827551e-07
43600.056 3.422579979580332e-07
43650.056 2.6368457634000524e-07
43700.056 3.4213235998503287e-07
43750.056 3.1828564635405443e-07
43800.056 2.9986650700596494e-07
43850.056 2.734623403920436e-07
43900.056 2.914242873369649e-07
43950.056 2.1701626973998562e-07
44000.056 2.0657793328900225e-07
44050.056 3.284369903860148e-07
44100.056 3.833912625200192e-07
44150.056 3.635226449999536e-07
44200.056 3.308930571049935e-07
44250.056 2.577365199500141e-07
44300.056 2.281864950560437e-07
44350.056 2.542937907526716e-07
44400.056 2.516506240599922e-07
44450.056 3.0636475668196893e-07
44500.056 3.1076931016007674e-07
44550.056 3.7003991968995515e-07
44600.056 3.159572797662305e-07
44650.056 3.3008597988005695e-07
44700.056 2.4561623591999785e-07
44750.056 3.1692088984604176e-07
44800.056 2.8148235814103033e-07
44850.056 3.2862339917005757e-07
44900.056 2.7452462915302673e-07
44950.056 3.035635713720112e-07
45000.056 3.2191114711998633e-07
45050.056 3.154157967869908e-07
45100.056 3.1139957609700035e-07
45150.056 3.1104169350876453e-07
45200.056 2.5815942699502756e-07
45250.056 2.8441121636891547e-07
45300.056 2.5604913406304106e-07
45350.056 2.6191170089099075e-07
45400.056 3.6189689715802924e-07
45450.056 3.2479897185998887e-07
45500.056 3.3207404931200973e-07
45550.056 3.6979668027790814e-07
45600.056 3.613671717100411e-07
45650.056 2.957110748999685e-07
45700.056 2.698780363150152e-07
45750.056 2.5813089273900046e-07
45800.056 3.6475442407900365e-07
45850.056 3.7180685868399406e-07
45900.056 3.903864929000082e-07
45950.056 3.2221109676899e-07
46000.056 3.712603126565205e-07
46050.056 3.216719069890202e-07
46100.056 3.748256577799748e-07
46150.056 3.040769042239872e-07
46200.056 2.9269909802201304e-07
46250.056 2.0407418349956323e-07
46300.056 3.276945277160026e-07
46350.056 3.1415302069002934e-07
46400.056 3.054115649400096e-07
46450.056 2.900160906990423e-07
46500.056 3.038132085380678e-07
46550.056 2.449506985839959e-07
46600.056 2.993652001939863e-07
46650.056 4.1233321978598746e-07
46700.056 3.088004167219753e-07
46750.056 2.2833968667080953e-07
46800.056 1.830154938310171e-07
46850.056 4.039914927450712e-07
46900.056 3.6104589396996734e-07
46950.056 3.6034314205998907e-07
47000.056 3.2659647817004055e-07
47050.056 3.173735587330851e-07
47100.056 2.251000283458357e-07
47150.056 2.8173314119804115e-07
47200.056 3.3980003288401205e-07
47250.056 2.5644581823998034e-07
47300.056 1.972183865451085e-07
47350.056 3.6060458857997506e-07
47400.056 3.38063587159965e-07
47450.056 3.239807558678356e-07
47500.056 3.7161650648695556e-07
47550.056 3.2843837463000434e-07
47600.056 3.287266748699804e-07
47650.056 2.9301291495275143e-07
47700.056 3.051074428921852e-07
47750.056 2.244067421670062e-07
47800.056 2.413110141200104e-07
47850.056 1.7949348577001183e-07
47900.056 2.288769649339639e-07
47950.056 2.8727834047602487e-07
48000.056 3.910848637500552e-07
48050.056 3.498895553400011e-07
48100.056 2.1823337555601768e-07
48150.056 2.896810794030198e-07
48200.056 2.617009900570026e-07
48250.056 2.660740668000159e-07
48300.056 3.6201594220990705e-07
48350.056 2.3787050571201751e-07
48400.056 1.5091294189616998e-07
48450.056 2.502146660930673e-07
48500.056 3.1999735091194963e-07
48550.056 2.699421028760044e-07
48600.056 2.9774618650900556e-07
48650.056 3.1686933460997894e-07
48700.056 2.797632444239969e-07
48750.056 1.8848626814009743e-07
48800.056 3.6347316860699743e-07
48850.056 2.2995182273595417e-07
48900.056 3.3946025238599176e-07
48950.056 2.390759327600254e-07
49000.056 1.4431464609297475e-07
49050.056 2.897420529879694e-07
49100.056 3.127025829340599e-07
49150.056 2.6530066940562567e-07
49200.056 3.37136532730049e-07
49250.056 3.2785183803404655e-07
49300.056 2.8571806460999815e-07
49350.056 1.7599006601403166e-07
49400.056 2.378849898769656e-07
49450.056 2.5108676237307954e-07
49500.056 2.0438422318498014e-07
49550.056 1.0920572817001288e-07
49600.056 1.8935603325464302e-07
49650.056 2.3662253135098608e-07
49700.056 2.290726979319333e-07
49750.056 2.805565344239515e-07
49800.056 2.2365367467281233e-07
49850.056 3.3109404814007675e-07
49900.056 2.6380416456497594e-07
49950.056 2.5668023184999643e-07
50000.056 2.3694591348697508e-07
50050.056 2.860198106449972e-07
50100.056 2.3303362065301575e-07
50150.056 1.5622441896397984e-07
50200.056 7.521944796861611e-08
50250.056 2.1216131942297385e-07
50300.056 1.6841395977801945e-07
50350.056 2.85470934851032e-07
50400.056 2.499839985439821e-07
50450.056 1.9771432126301712e-07
50500.056 2.633264172980324e-07
50550.056 2.397957542280192e-07
50600.056 2.0301800476494554e-07
50650.056 2.7316584513205696e-07
50700.056 2.9215130859790204e-07
50750.056 2.2617302787303396e-07
50800.056 1.3441684184998699e-07
50850.056 1.2057500907904155e-07
50900.056 2.86208849129997e-07
50950.056 2.1630541687902382e-07
51000.056 2.3178931959291417e-07
51050.056 2.2910056001299036e-07
51100.056 1.2313325507898375e-07
51150.056 1.7364744771798864e-07
51200.056 3.175254927999759e-07
51250.056 2.0580272339995782e-07
51300.056 1.641532593650722e-07
51350.056 1.8087130938498859e-07
51400.056 1.0369554777300177e-07
51450.056 8.848117267457647e-08
51500.056 9.554817548853414e-08
51550.056 2.1796627863421392e-07
51600.056 1.5613901225592808e-07
51650.056 1.6394765494396692e-07
51700.056 1.866124185415822e-07
51750.056 1.3140539414001452e-07
51800.056 2.0161387137795362e-07
51850.056 1.8355127180699087e-07
51900.056 2.6637239861203873e-07
51950.056 1.9637201215498228e-07
52000.056 6.665152058798551e-08
52050.056 1.389749598780186e-07
52100.056 1.0484738413799112e-07
52150.056 8.863940270320837e-08
52200.056 1.0760067220889913e-07
52250.056 1.444322954670259e-07
52300.056 2.174027582819836e-07
52350.056 1.3760230364140403e-07
52400.056 1.0393268065750924e-07
52450.056 1.9729806490001186e-07
52500.056 1.895048123449466e-07
52550.056 1.8789525328196408e-07
52600.056 1.5548493539502014e-07
52650.056 1.6150002970702466e-07
52700.056 1.40928915372997e-07
52750.056 9.287700292499668e-08
52800.056 1.197865630070181e-07
52850.056 1.3118350342495735e-07
52900.056 1.1043246459658317e-07
52950.056 1.2497258544760418e-07
53000.056 1.7775005576401043e-07
53050.056 9.037226499027302e-08
53100.056 1.4270288711196832e-07
53150.056 2.0350229083402235e-07
53200.056 9.341821921949475e-08
53250.056 1.797005915330134e-07
53300.056 1.921970120963051e-07
53350.056 1.8145072315799626e-07
53400.056 1.6227567721800255e-07
53450.056 8.508937685598565e-08
