galfind/configs/Brown_Dwarf_templates/sonora_bobcat/m+0.5/316g/sp_t1500g316nc_m+0.5_resample.dat
# %ECSV 1.0
# ---
# datatype:
# - {name: wav, unit: Angstrom, datatype: float64}
# - {name: flux_nu, unit: erg / (cm2 Hz s), datatype: float64}
# meta: {C/O: '1.00', Kzz: '1.0000E+05', Teff: '1500.', Y: '0.28', '[Fe/H]': '0.50', f_hole: '1.00', f_rain: '0.00', grav: '316.'}
# schema: astropy-2.0
wav flux_nu
[from data line 501]
29050.056 6.098888433639283e-07
29100.056 4.889969508221074e-07
29150.056 6.658124339441401e-07
29200.056 5.648528035111266e-07
29250.056 6.749766276819861e-07
29300.056 5.216553896627388e-07
29350.056 8.093597381538429e-07
29400.056 6.131356047168714e-07
29450.056 6.457779316989835e-07
29500.056 6.644252590799122e-07
29550.056 6.426496849800424e-07
29600.056 7.092184384048163e-07
29650.056 6.669680945249346e-07
29700.056 5.940576974698363e-07
29750.056 7.417292966162698e-07
29800.056 7.661521194989037e-07
29850.056 7.310973269379575e-07
29900.056 6.719308113582224e-07
29950.056 7.867120500648887e-07
30000.056 7.783012430308824e-07
30050.056 7.209027135899242e-07
30100.056 6.242339303837661e-07
30150.056 9.093417684099387e-07
30200.056 7.751068951200471e-07
30250.056 8.199149222102213e-07
30300.056 7.772458955899004e-07
30350.056 7.395038408500734e-07
30400.056 9.101043867601491e-07
30450.056 7.120702544740829e-07
30500.056 6.383494065700908e-07
30550.056 8.257902188701734e-07
30600.056 8.236509504800949e-07
30650.056 8.249536550299502e-07
30700.056 7.505507585899654e-07
30750.056 7.208701008500102e-07
30800.056 7.934745376901499e-07
30850.056 6.690284262798944e-07
30900.056 6.879237190099178e-07
30950.056 6.184519623621191e-07
31000.056 6.714534270399626e-07
31050.056 6.55126585129986e-07
31100.056 5.767751488599494e-07
31150.056 6.544106293898761e-07
31200.056 6.660768904999812e-07
31250.056 6.379509859299808e-07
31300.056 5.903771913619289e-07
31350.056 5.539001835979677e-07
31400.056 5.134593642071425e-07
31450.056 5.139047880399446e-07
31500.056 5.302825927119394e-07
31550.056 5.035551321700045e-07
31600.056 4.697089529949552e-07
31650.056 4.615952134559833e-07
31700.056 4.5386356864995463e-07
31750.056 4.1509524562413767e-07
31800.056 4.993945843699522e-07
31850.056 4.594598888320641e-07
31900.056 5.321203573300008e-07
31950.056 3.729694780330149e-07
32000.056 4.534154089949668e-07
32050.056 5.186647154160465e-07
32100.056 4.987040963949891e-07
32150.056 5.494630962199542e-07
32200.056 4.958155120379905e-07
32250.056 5.812155016300936e-07
32300.056 4.947652803339525e-07
32350.056 6.35118602530068e-07
32400.056 4.829914026099813e-07
32450.056 6.01159593069809e-07
32500.056 6.292456149281677e-07
32550.056 6.926946546300127e-07
32600.056 6.975468517359753e-07
32650.056 7.673357466400897e-07
32700.056 7.238840049401363e-07
32750.056 7.456473898700161e-07
32800.056 7.294933335980115e-07
32850.056 8.185717058798147e-07
32900.056 8.969995729399408e-07
32950.056 7.616186249599507e-07
33000.056 7.627684251009667e-07
33050.056 7.192197266800825e-07
33100.056 5.90057766539898e-07
33150.056 3.8040242883403376e-07
33200.056 2.598100167429128e-07
33250.056 1.983800633199212e-07
33300.056 1.7799763748602992e-07
33350.056 2.0819654376000384e-07
33400.056 2.281669080099757e-07
33450.056 2.661349893879916e-07
33500.056 3.4671904841008837e-07
33550.056 3.909545330680547e-07
33600.056 4.93850210330042e-07
33650.056 5.959071252901259e-07
33700.056 6.036145343299279e-07
33750.056 7.611978903899796e-07
33800.056 7.317800211679775e-07
33850.056 7.810946527199691e-07
33900.056 7.77663505919878e-07
33950.056 7.045408002599455e-07
34000.056 7.701696447798586e-07
34050.056 7.15582406162818e-07
34100.056 8.421099087899769e-07
34150.056 7.511831018797745e-07
34200.056 6.427126056397356e-07
34250.056 7.844797745597851e-07
34300.056 6.699680661704992e-07
34350.056 5.99274683500038e-07
34400.056 6.105025079100739e-07
34450.056 6.914825754799777e-07
34500.056 7.146330739500152e-07
34550.056 6.22829424639995e-07
34600.056 7.7102139787005e-07
34650.056 7.415070347500305e-07
34700.056 7.130733097598245e-07
34750.056 8.106826542801013e-07
34800.056 7.618633099697262e-07
34850.056 6.932933754000258e-07
34900.056 8.153726804000709e-07
34950.056 7.178382109497818e-07
35000.056 8.777872623399868e-07
35050.056 8.339842212399396e-07
35100.056 7.71297270799828e-07
35150.056 8.98469219779987e-07
35200.056 8.789478496801022e-07
35250.056 8.898156849598938e-07
35300.056 8.576763320701077e-07
35350.056 8.408838796998555e-07
35400.056 8.724059649101562e-07
35450.056 6.823304601104253e-07
35500.056 9.940542065298922e-07
35550.056 9.414236436699588e-07
35600.056 8.522213939700964e-07
35650.056 1.0672873949900705e-06
35700.056 8.654311601701038e-07
35750.056 9.91957455119687e-07
35800.056 1.2012077785700715e-06
35850.056 9.595803651900025e-07
35900.056 1.2461215529598203e-06
35950.056 1.1394913234000459e-06
36000.056 1.070889455740005e-06
36050.056 1.2659656503701288e-06
36100.056 1.2532201717192169e-06
36150.056 1.1776871582401774e-06
36200.056 1.3763310238598124e-06
36250.056 1.2191387853597966e-06
36300.056 1.4723283672402583e-06
36350.056 1.3543184277698843e-06
36400.056 1.3189356091600489e-06
36450.056 1.5465793510998371e-06
36500.056 1.4285017371399724e-06
36550.056 1.4518721319404938e-06
36600.056 1.531540447030081e-06
36650.056 1.5626659095698249e-06
36700.056 1.7015297106499393e-06
36750.056 1.6021770327101592e-06
36800.056 1.662092953369917e-06
36850.056 1.68596151287013e-06
36900.056 1.6943071847002242e-06
36950.056 1.7613908642798206e-06
37000.056 1.8435089630299774e-06
37050.056 1.8191144887998785e-06
37100.056 1.8503329198902276e-06
37150.056 1.8439052011898194e-06
37200.056 1.9342057968000805e-06
37250.056 1.9740105068999783e-06
37300.056 1.9044459611000745e-06
37350.056 1.806523652930311e-06
37400.056 1.9791528711998264e-06
37450.056 1.8962215302801366e-06
37500.056 1.9733609578397707e-06
37550.056 2.0079342273997856e-06
37600.056 2.1290913998798363e-06
37650.056 1.9831399323998962e-06
37700.056 2.130406291200033e-06
37750.056 2.126510848579972e-06
37800.056 2.198952601600041e-06
37850.056 2.0327821903598613e-06
37900.056 2.112278377300229e-06
37950.056 2.1247860376999576e-06
38000.056 2.1981834524802013e-06
38050.056 2.1991827999001013e-06
38100.056 2.0698797960202545e-06
38150.056 2.3543285715998815e-06
38200.056 2.3731004308998754e-06
38250.056 2.122181933200186e-06
38300.056 2.1552784775999336e-06
38350.056 2.261162983999936e-06
38400.056 2.2576951053997677e-06
38450.056 2.4454985550000894e-06
38500.056 2.2641307118999778e-06
38550.056 2.335749675300133e-06
38600.056 2.5785407031999035e-06
38650.056 2.2731266927000195e-06
38700.056 2.3195787757404093e-06
38750.056 2.4101232053999997e-06
38800.056 2.392546071300068e-06
38850.056 2.2993154271401335e-06
38900.056 2.2548524147798765e-06
38950.056 2.4845721453998965e-06
39000.056 2.344973923600066e-06
39050.056 2.4591267043998556e-06
39100.056 2.253077458120173e-06
39150.056 2.3913481148000393e-06
39200.056 2.4807489196000813e-06
39250.056 2.4566448523995416e-06
39300.056 2.403439541099551e-06
39350.056 2.4584111074202264e-06
39400.056 2.4091256831000655e-06
39450.056 2.428313819199834e-06
39500.056 2.3270421514597627e-06
39550.056 2.3306082584299377e-06
39600.056 2.5772430858998653e-06
39650.056 2.266690052699998e-06
39700.056 2.3503683057999088e-06
39750.056 2.3182132000597693e-06
39800.056 2.192278575800027e-06
39850.056 2.3134423407998274e-06
39900.056 2.292841339880119e-06
39950.056 2.4040110609998263e-06
40000.056 2.1260710671999727e-06
40050.056 2.1570717028999866e-06
40100.056 2.3370461281799588e-06
40150.056 2.144847901199735e-06
40200.056 2.2054262578997865e-06
40250.056 2.082407018279414e-06
40300.056 2.013757193970205e-06
40350.056 2.218721453700267e-06
40400.056 2.174436016680049e-06
40450.056 2.1533334210002077e-06
40500.056 1.9308039450703e-06
40550.056 2.264321409699822e-06
40600.056 1.8728069928202704e-06
40650.056 2.022522567310047e-06
40700.056 2.1819657509001102e-06
40750.056 1.876696396399292e-06
40800.056 1.8259441118500943e-06
40850.056 1.8134645578604137e-06
40900.056 1.817337023420155e-06
40950.056 1.894284487539885e-06
41000.056 1.9076461298999764e-06
41050.056 1.8863888474696037e-06
41100.056 1.7811213664699663e-06
41150.056 1.8738170943999096e-06
41200.056 1.7851105074800716e-06
41250.056 1.8339894610001384e-06
41300.056 1.5591296585796285e-06
41350.056 1.8627979262100727e-06
41400.056 1.7174103456002419e-06
41450.056 1.7345178667403291e-06
41500.056 1.811116996600079e-06
41550.056 1.713293262060014e-06
41600.056 1.7489180276000682e-06
41650.056 1.6269832867702894e-06
41700.056 1.5187189328197867e-06
41750.056 1.5009763983098193e-06
41800.056 1.5086694654398447e-06
41850.056 1.2770051210102127e-06
41900.056 1.4791821720899448e-06
41950.056 1.1967704910803696e-06
42000.056 1.2291564963101576e-06
42050.056 1.0844815309897325e-06
42100.056 1.241375268410181e-06
42150.056 9.021724612096524e-07
42200.056 9.696634628100142e-07
42250.056 1.0236606731301701e-06
42300.056 8.149247653700447e-07
42350.056 9.874693577403114e-07
42400.056 8.047166863202147e-07
42450.056 7.282953582801651e-07
42500.056 7.730813128201194e-07
42550.056 7.661380219500672e-07
42600.056 7.746121904802102e-07
42650.056 6.424663197096362e-07
42700.056 7.425044955702811e-07
42750.056 6.931955426199209e-07
42800.056 6.478366380403077e-07
42850.056 6.99497150789762e-07
42900.056 6.788820288000102e-07
42950.056 6.615299842796651e-07
43000.056 6.498521844400475e-07
43050.056 6.26064162080268e-07
43100.056 7.042714535001548e-07
43150.056 6.62620856220057e-07
43200.056 7.010547241901426e-07
43250.056 6.493830454597948e-07
43300.056 6.681882001000844e-07
43350.056 6.482846071799702e-07
43400.056 6.703319243800128e-07
43450.056 6.645502661802042e-07
43500.056 6.38268860369935e-07
43550.056 7.009002625300332e-07
43600.056 6.644331020600662e-07
43650.056 6.141937244600733e-07
43700.056 6.43613364219717e-07
43750.056 6.351645674501771e-07
43800.056 5.787108783701431e-07
43850.056 6.257093128001462e-07
43900.056 6.488924337699739e-07
43950.056 6.126409001402304e-07
44000.056 6.096296614801744e-07
44050.056 6.226998346300996e-07
44100.056 6.296284239501017e-07
44150.056 6.367142719498266e-07
44200.056 6.03489433689917e-07
44250.056 6.328050993400297e-07
44300.056 6.23289667060045e-07
44350.056 5.921037290100043e-07
44400.056 6.352521723799648e-07
44450.056 6.468634930099946e-07
44500.056 6.64903636969988e-07
44550.056 6.080388720098939e-07
44600.056 6.461826428600527e-07
44650.056 6.523607899100871e-07
44700.056 6.350085038700295e-07
44750.056 6.590969117199378e-07
44800.056 6.931911131999788e-07
44850.056 6.614009621201009e-07
44900.056 6.392280870200753e-07
44950.056 6.113133003099966e-07
45000.056 6.662986948699598e-07
45050.056 6.637154345299466e-07
45100.056 6.935298586899804e-07
45150.056 6.477511347099664e-07
45200.056 6.066723341000313e-07
45250.056 6.24624163599948e-07
45300.056 6.758516004100259e-07
45350.056 6.989567990099637e-07
45400.056 6.60694600820074e-07
45450.056 6.132572772699124e-07
45500.056 6.397730865399774e-07
45550.056 6.898556463899742e-07
45600.056 6.367844471999836e-07
45650.056 5.939576472098979e-07
45700.056 7.005752193400418e-07
45750.056 6.281676442200132e-07
45800.056 6.186966713099866e-07
45850.056 7.338256352599629e-07
45900.056 7.261661922500425e-07
45950.056 6.291877279799989e-07
46000.056 7.38110071830022e-07
46050.056 7.338942627001176e-07
46100.056 6.11940113350069e-07
46150.056 6.888907233999744e-07
46200.056 7.211985658501338e-07
46250.056 6.050161910599969e-07
46300.056 7.75427183599984e-07
46350.056 6.665628071499335e-07
46400.056 6.829346875199392e-07
46450.056 7.256646865600775e-07
46500.056 6.456115895199522e-07
46550.056 8.062543894299889e-07
46600.056 7.42121687500043e-07
46650.056 9.562869797298512e-07
46700.056 8.861350796202802e-07
46750.056 6.95003003099953e-07
46800.056 7.575246344300692e-07
46850.056 8.194134643101007e-07
46900.056 7.676255203098748e-07
46950.056 8.657121311300122e-07
47000.056 7.061440997699989e-07
47050.056 8.784966568599298e-07
47100.056 6.623135921300647e-07
47150.056 7.335556182100658e-07
47200.056 8.02424138510142e-07
47250.056 6.992970469499435e-07
47300.056 7.280501276398471e-07
47350.056 6.393906067899029e-07
47400.056 7.964907004198787e-07
47450.056 6.67278988169961e-07
47500.056 7.96004688539905e-07
47550.056 6.848036668299571e-07
47600.056 7.952120356199491e-07
47650.056 5.840754661998737e-07
47700.056 8.156086434000533e-07
47750.056 5.653074968701108e-07
47800.056 8.028951756799209e-07
47850.056 6.101129714499195e-07
47900.056 7.828560172200356e-07
47950.056 5.982480842901166e-07
48000.056 8.826354951699977e-07
48050.056 6.660255139500851e-07
48100.056 7.531476167399863e-07
48150.056 6.762529925300928e-07
48200.056 8.017185257200826e-07
48250.056 6.618857565000144e-07
48300.056 8.72950537849834e-07
48350.056 6.095474497099694e-07
48400.056 7.82005510189993e-07
48450.056 6.422543187000144e-07
48500.056 8.928526564300241e-07
48550.056 6.152021690700138e-07
48600.056 8.220461086599479e-07
48650.056 6.437409642299718e-07
48700.056 8.181270031200677e-07
48750.056 5.825101982300394e-07
48800.056 9.056679890900356e-07
48850.056 6.292577907698787e-07
48900.056 8.430971248700739e-07
48950.056 7.491576868400048e-07
49000.056 7.223856829899009e-07
49050.056 8.058257608799836e-07
49100.056 7.152357339800636e-07
49150.056 7.828107736699781e-07
49200.056 7.109040260199714e-07
49250.056 7.807688441800084e-07
49300.056 6.636714249699528e-07
49350.056 7.285906549099996e-07
49400.056 8.435276622000384e-07
49450.056 7.204185636501622e-07
49500.056 7.622536778000099e-07
49550.056 6.545388532199911e-07
49600.056 7.375582480801609e-07
49650.056 7.720990386299921e-07
49700.056 6.668469591699325e-07
49750.056 9.993274363798787e-07
49800.056 7.250187588200361e-07
49850.056 9.617938587800674e-07
49900.056 7.406667374700441e-07
49950.056 8.080160332098432e-07
50000.056 7.917137204698424e-07
50050.056 7.881989269700556e-07
50100.056 8.649893443599432e-07
50150.056 7.031185062500297e-07
50200.056 6.657100658200795e-07
50250.056 8.170515094700359e-07
50300.056 7.416844920399713e-07
50350.056 9.060106112699833e-07
50400.056 7.596360912499562e-07
50450.056 7.656525863301268e-07
50500.056 9.679360924401418e-07
50550.056 7.933074693399855e-07
50600.056 8.690490790899796e-07
50650.056 8.141040536701538e-07
50700.056 9.065206160498003e-07
50750.056 9.506407687301296e-07
50800.056 6.719330734499095e-07
50850.056 8.083732371601486e-07
50900.056 9.04708650129955e-07
50950.056 8.880679758401681e-07
51000.056 1.0442308956600653e-06
51050.056 7.717431504400792e-07
51100.056 7.432583738599309e-07
51150.056 8.743342975699232e-07
51200.056 8.601971575399714e-07
51250.056 9.257381293299505e-07
51300.056 7.462740641502559e-07
51350.056 8.543575420498595e-07
51400.056 7.728126164998451e-07
51450.056 5.950528174098927e-07
51500.056 7.830033656100437e-07
51550.056 1.0521835726700975e-06
51600.056 7.052266666300674e-07
51650.056 8.397499530898823e-07
51700.056 8.049561768597721e-07
51750.056 7.424763511300581e-07
51800.056 9.261554840997841e-07
51850.056 8.987436650398398e-07
51900.056 9.722212661501707e-07
51950.056 8.896848625499272e-07
52000.056 7.077716410799539e-07
52050.056 8.487293277599464e-07
52100.056 7.721171130598743e-07
52150.056 7.844083430100315e-07
52200.056 7.553818553000182e-07
52250.056 8.120734295500062e-07
52300.056 9.336077056799844e-07
52350.056 9.63189955770106e-07
52400.056 6.881196059001216e-07
52450.056 8.338776348299958e-07
52500.056 9.468447846598544e-07
52550.056 8.840226332397482e-07
52600.056 8.691158226601277e-07
52650.056 9.830031773601397e-07
52700.056 8.224360692999847e-07
52750.056 6.868078616199381e-07
52800.056 7.72422712520074e-07
52850.056 7.411577631098921e-07
52900.056 8.246885640000322e-07
52950.056 8.182440424499129e-07
53000.056 9.465425856899419e-07
53050.056 7.76115071459835e-07
53100.056 7.718552924198284e-07
53150.056 9.99781123580132e-07
53200.056 6.61241928180069e-07
53250.056 9.657862656399882e-07
53300.056 9.505827681804e-07
53350.056 9.321190253698846e-07
53400.056 8.875476839800729e-07
53450.056 7.581313492500418e-07
53500.056 6.26536165799882e-07
53550.056 8.084662975499144e-07
53600.056 9.016713493401601e-07
53650.056 7.186803592799965e-07
53700.056 7.540719829601518e-07
53750.056 8.187505607100205e-07
53800.056 8.117220102600994e-07
53850.056 9.158011587397107e-07
