galfind/configs/Brown_Dwarf_templates/sonora_bobcat/m+0.5/316g/sp_t2400g316nc_m+0.5_resample.dat
# %ECSV 1.0
# ---
# datatype:
# - {name: wav, unit: Angstrom, datatype: float64}
# - {name: flux_nu, unit: erg / (cm2 Hz s), datatype: float64}
# meta: {C/O: '1.00', Kzz: '1.0000E+05', Teff: '2400.', Y: '0.28', '[Fe/H]': '0.50', f_hole: '1.00', f_rain: '0.00', grav: '316.'}
# schema: astropy-2.0
wav flux_nu
4000.0559999999996 nan
4050.0559999999996 3.920864944223261e-08
4100.056 3.870519545074276e-08
4150.056 3.1769063946443065e-08
4200.056 2.4364806722380837e-08
4250.056 2.1394746575455268e-08
4300.056 1.471410009439519e-08
4350.056 1.5143092295119955e-08
4400.056 1.4637244910474622e-08
4450.056 8.374154687060699e-09
4500.056 9.055752747101369e-09
4550.056 1.1226035345176607e-08
4600.056 8.996598944298272e-09
4650.056 6.704410289170413e-09
4700.056 8.205551039201894e-09
4750.056 1.050142502360638e-08
4800.056 6.718713847041614e-09
4850.056 8.724999787093508e-09
4900.056 1.839873441502734e-08
4950.056 2.1958953553710702e-08
5000.056 1.0068258068369825e-08
5050.056 1.4424778193974574e-08
5100.056 3.1523074491706677e-08
5150.056 3.649786280638008e-08
5200.056 1.7851352536791575e-08
5250.056 2.4466466467267133e-08
5300.056 3.002511532480136e-08
5350.056 2.8610222106804536e-08
5400.056 3.2307171063799214e-08
5450.056 2.491019519009543e-08
5500.056 1.9543935313996588e-08
5550.056 2.7968796341798604e-08
5600.056 1.9978996863701356e-08
5650.056 1.581694852710211e-08
5700.056 2.2376944927602676e-08
5750.056 2.587518991939727e-08
5800.056 3.232540484249865e-08
5850.056 2.1901989880702004e-08
5900.056 4.609130998581293e-09
5950.056 1.530443400130071e-08
6000.056 2.5426509126998167e-08
6050.056 4.1808292667004664e-08
6100.056 5.760238295699959e-08
6150.056 5.5479132822086304e-08
6200.056 2.2553364778501927e-08
6250.056 2.3458696105403626e-08
6300.056 3.7449775833001415e-08
6350.056 5.3124152864003837e-08
6400.056 6.947698665000568e-08
6450.056 9.433438300696903e-08
6500.056 9.263256373497178e-08
6550.056 1.1903028521896889e-07
6600.056 9.382265114601115e-08
6650.056 6.733881685401053e-08
6700.056 4.949949128351449e-08
6750.056 5.7182456392009404e-08
6800.056 6.513911468000125e-08
6850.056 8.663985370299508e-08
6900.056 1.2573100565499525e-07
6950.056 1.810942603059755e-07
7000.056 2.941738979229658e-07
7050.056 2.7160192645803854e-07
7100.056 1.243641379599863e-07
7150.056 7.78003247020186e-08
7200.056 1.2184292029098953e-07
7250.056 1.9735484766202955e-07
7300.056 3.594276967640817e-07
7350.056 5.646146083249804e-07
7400.056 7.789626277900489e-07
7450.056 8.978180676599296e-07
7500.056 1.0201530667200307e-06
7550.056 1.1516913117600448e-06
7600.056 7.817046799649612e-07
7650.056 2.8886195121621293e-07
7700.056 1.962178415133703e-07
7750.056 4.0675538158411085e-07
7800.056 4.744928838711337e-07
7850.056 5.129801408899811e-07
7900.056 6.101760652600895e-07
7950.056 6.556085942184721e-07
8000.056 7.970474298698765e-07
8050.056 1.141608510749863e-06
8100.056 1.566935170190321e-06
8150.056 2.0855135656000853e-06
8200.056 1.5463744094357738e-06
8250.056 1.7631526008698939e-06
8300.056 1.4212017487403848e-06
8350.056 1.494237788270494e-06
8400.056 1.5049654606802808e-06
8450.056 8.461186714898297e-07
8500.056 7.518410992603543e-07
8550.056 9.686594501700338e-07
8600.056 1.2086711900195858e-06
8650.056 1.565923958989854e-06
8700.056 1.8408872369803315e-06
8750.056 2.2208022546400824e-06
8800.056 2.762911891100589e-06
8850.056 2.5927626182002243e-06
8900.056 1.8483763721099817e-06
8950.056 2.0202827780497665e-06
9000.056 2.434127586710319e-06
9050.056 2.631386825759315e-06
9100.056 3.2080073613702347e-06
9150.056 3.6575424326800234e-06
9200.056 3.52983171682076e-06
9250.056 2.5285401882998138e-06
9300.056 2.195048570980159e-06
9350.056 2.418167132299626e-06
9400.056 2.627153704180781e-06
9450.056 2.889645389999168e-06
9500.056 3.378014003399761e-06
9550.056 3.7295486092006626e-06
9600.056 4.018222732900861e-06
9650.056 4.447325201001226e-06
9700.056 4.75936781269961e-06
9750.056 3.92735074740015e-06
9800.056 4.24512612969972e-06
9850.056 4.144134941299935e-06
9900.056 4.022942687970056e-06
9950.056 4.079849393820306e-06
10000.056 4.129949112359747e-06
10050.056 3.959694349389994e-06
10100.056 4.518844172201741e-06
10150.056 4.421372316309575e-06
10200.056 4.716427302418966e-06
10250.056 4.6625814412282525e-06
10300.056 4.68913126545956e-06
10350.056 5.12923982458956e-06
10400.056 5.337136822020211e-06
10450.056 5.65934772375058e-06
10500.056 5.7472836752086015e-06
10550.056 5.895123179940514e-06
10600.056 6.1855891784405385e-06
10650.056 6.346603925429114e-06
10700.056 6.637116306180221e-06
10750.056 6.924883205110339e-06
10800.056 7.161551272599523e-06
10850.056 7.423699157000019e-06
10900.056 7.358833143899495e-06
10950.056 7.212166966998173e-06
11000.056 6.966050995500326e-06
11050.056 5.497804622499364e-06
11100.056 5.90457633426104e-06
11150.056 6.1642233154294865e-06
11200.056 6.249110441360114e-06
11250.056 6.780427376560044e-06
11300.056 6.874746078700119e-06
11350.056 6.657220271720007e-06
11400.056 5.6202871497599555e-06
11450.056 7.019986424298774e-06
11500.056 7.478076496699316e-06
11550.056 7.4089141334800905e-06
11600.056 7.571258479298894e-06
11650.056 7.826609877280768e-06
11700.056 6.979341816299737e-06
11750.056 7.103802468709526e-06
11800.056 7.09307044326019e-06
11850.056 7.917248290500121e-06
11900.056 8.042328371998624e-06
11950.056 8.052997721699651e-06
12000.056 7.88412036320054e-06
12050.056 8.281465098800589e-06
12100.056 8.312147668500086e-06
12150.056 8.710958572899896e-06
12200.056 8.855790825300074e-06
12250.056 9.132229416699356e-06
12300.056 9.240916296301026e-06
12350.056 9.347142744000499e-06
12400.056 8.88570811819921e-06
12450.056 7.869966152660016e-06
12500.056 8.380465685198749e-06
12550.056 8.368118187250038e-06
12600.056 8.655360729900036e-06
12650.056 8.969490784599438e-06
12700.056 9.125165615199246e-06
12750.056 9.220360344800443e-06
12800.056 9.652726365698817e-06
12850.056 9.593485088600176e-06
12900.056 9.542832392999422e-06
12950.056 9.782689891198741e-06
13000.056 9.974421184399203e-06
13050.056 1.0083718358799522e-05
13100.056 1.0053630409399108e-05
13150.056 1.013991787669968e-05
13200.056 9.94160948339944e-06
13250.056 9.59151612410014e-06
13300.056 8.872671551838712e-06
13350.056 6.723613751200821e-06
13400.056 6.5835438842200195e-06
13450.056 6.127240622809745e-06
13500.056 6.1497953595495285e-06
13550.056 5.966943893412484e-06
13600.056 5.586787788939998e-06
13650.056 5.838498484890039e-06
13700.056 5.5184465067604004e-06
13750.056 5.606654313498977e-06
13800.056 6.012757594201237e-06
13850.056 6.00702706697934e-06
13900.056 5.80782829521005e-06
13950.056 5.626154127859841e-06
14000.056 5.371610514910261e-06
14050.056 5.472597814951312e-06
14100.056 5.1029251359508e-06
14150.056 5.063641013620388e-06
14200.056 4.867576683960604e-06
14250.056 4.843578751519069e-06
14300.056 4.883333204719206e-06
14350.056 4.933976120090432e-06
14400.056 5.064302532890261e-06
14450.056 5.264912301770311e-06
14500.056 5.481244974099531e-06
14550.056 5.487689751259956e-06
14600.056 5.6277103084811436e-06
14650.056 5.555709511888412e-06
14700.056 5.268491350939346e-06
14750.056 5.466219728060605e-06
14800.056 5.50283362110092e-06
14850.056 5.781736380259014e-06
14900.056 5.798189957369585e-06
14950.056 5.837482798500885e-06
15000.056 5.933085333600754e-06
15050.056 6.30820762529913e-06
15100.056 6.25960879410077e-06
15150.056 6.363678868500349e-06
15200.056 6.5983573837996375e-06
15250.056 6.575401801899768e-06
15300.056 6.7899406053999755e-06
15350.056 6.9253809270003004e-06
15400.056 7.015629030200024e-06
15450.056 7.207145555600452e-06
15500.056 7.285024019999081e-06
15550.056 7.5229960758997456e-06
15600.056 7.514965636300859e-06
15650.056 7.710681464999894e-06
15700.056 8.021377567602027e-06
15750.056 8.197442644099325e-06
15800.056 8.294984566400822e-06
15850.056 8.190525303300568e-06
15900.056 8.330454740500807e-06
15950.056 8.470395166299999e-06
16000.056 8.588352933199445e-06
16050.056 8.807539153300409e-06
16100.056 8.924379072800244e-06
16150.056 8.945268039400352e-06
16200.056 9.104553906599483e-06
16250.056 9.183263299899938e-06
16300.056 9.2618217996001e-06
16350.056 9.57048288069942e-06
16400.056 9.536267276801382e-06
16450.056 9.746558943000551e-06
16500.056 9.883386923300698e-06
16550.056 1.0185978282299297e-05
16600.056 9.959438327000575e-06
16650.056 1.0470611647500948e-05
16700.056 1.0292255263698534e-05
16750.056 1.043450327369935e-05
16800.056 1.0598924951600449e-05
16850.056 1.0604971958299368e-05
16900.056 1.0464690006500022e-05
16950.056 1.0394863223299183e-05
17000.056 1.0328549536301191e-05
17050.056 1.020653108560052e-05
17100.056 9.84805591799981e-06
17150.056 9.673015880399863e-06
17200.056 9.222572296099781e-06
17250.056 8.99172224549981e-06
17300.056 9.154103944099117e-06
17350.056 8.800209679299941e-06
17400.056 8.942323972540169e-06
17450.056 8.527248028797006e-06
17500.056 8.30766492129916e-06
17550.056 8.214440119040442e-06
17600.056 7.998651476150477e-06
17650.056 8.098570199728496e-06
17700.056 7.4614842961986346e-06
17750.056 7.2713212164800805e-06
17800.056 7.154293273831547e-06
17850.056 6.990855989640916e-06
17900.056 6.956053219130096e-06
17950.056 6.7949712529292e-06
18000.056 6.45328826139064e-06
18050.056 6.510546445232559e-06
18100.056 6.316824139030042e-06
18150.056 6.68621656384204e-06
18200.056 6.060531859529801e-06
18250.056 6.567636349568901e-06
18300.056 6.400556163929302e-06
18350.056 6.2508797068801575e-06
18400.056 6.123034292540045e-06
18450.056 5.718213380792553e-06
18500.056 5.8245160560908186e-06
18550.056 5.639454432369935e-06
18600.056 4.9929435735777574e-06
18650.056 5.58703911757113e-06
18700.056 5.858006631370724e-06
18750.056 5.6363038262324435e-06
18800.056 5.679095078962163e-06
18850.056 6.249080380339359e-06
18900.056 6.055695592158252e-06
18950.056 6.043045541929506e-06
19000.056 6.33768376186888e-06
19050.056 6.222730520860176e-06
19100.056 6.262690120502001e-06
19150.056 6.45702998384976e-06
19200.056 6.429183500971474e-06
19250.056 6.215934651438663e-06
19300.056 6.404877232939443e-06
19350.056 6.561661198219392e-06
19400.056 6.2313640722086745e-06
19450.056 6.506527494521015e-06
19500.056 6.556322388779436e-06
19550.056 6.087880607201e-06
19600.056 6.6137572443891104e-06
19650.056 6.477286319637031e-06
19700.056 6.534043061530455e-06
19750.056 6.2441816336401825e-06
19800.056 6.450514709349265e-06
19850.056 6.3559648461415565e-06
19900.056 6.072016015992117e-06
19950.056 6.519575394609714e-06
20000.056 5.955907488890871e-06
20050.056 6.211540153971437e-06
20100.056 6.288789054516657e-06
20150.056 6.176596139461472e-06
20200.056 6.269162950738424e-06
20250.056 6.439811811800249e-06
20300.056 6.428665678980673e-06
20350.056 6.432516373099406e-06
20400.056 6.3930537906972e-06
20450.056 6.619567333399538e-06
20500.056 6.577661876400111e-06
20550.056 6.6937742051994675e-06
20600.056 6.8939067199006015e-06
20650.056 6.724802193901192e-06
20700.056 6.92742221719999e-06
20750.056 6.930233162799087e-06
20800.056 7.116920946700215e-06
20850.056 7.101514611300053e-06
20900.056 7.301516728299917e-06
20950.056 7.348130014399543e-06
21000.056 7.560725173999526e-06
21050.056 7.5752242111002715e-06
21100.056 7.61738898960007e-06
21150.056 7.873892994200377e-06
21200.056 7.864526320100547e-06
21250.056 8.087876820999182e-06
21300.056 7.921864321499862e-06
21350.056 8.26443697450051e-06
21400.056 8.112425156200306e-06
21450.056 8.636836738200127e-06
21500.056 8.332688228900293e-06
21550.056 8.506519320899541e-06
21600.056 8.692237372300597e-06
21650.056 8.697039403800474e-06
21700.056 8.915481547499564e-06
21750.056 8.83155260879997e-06
21800.056 8.857511052899792e-06
21850.056 8.960473960999847e-06
21900.056 9.114647331600706e-06
21950.056 9.051602549700478e-06
22000.056 9.318275442699417e-06
22050.056 9.033257082899297e-06
22100.056 9.244241801699677e-06
22150.056 9.408730628000678e-06
22200.056 9.261484546701285e-06
22250.056 9.668422706900395e-06
22300.056 9.57610370729961e-06
22350.056 9.44173171330035e-06
22400.056 9.76622843000013e-06
22450.056 9.68349602769911e-06
22500.056 9.800969402399754e-06
22550.056 9.755109175898854e-06
22600.056 9.709870740099579e-06
22650.056 9.787785999901405e-06
22700.056 9.764645432501346e-06
22750.056 9.9784177293993e-06
22800.056 9.762889669100006e-06
22850.056 9.883775108900697e-06
22900.056 1.0054513200199246e-05
22950.056 8.259824561400872e-06
23000.056 9.00412385260053e-06
23050.056 9.1984101200985e-06
23100.056 8.984031018860234e-06
23150.056 9.09817124326093e-06
23200.056 9.118154113180127e-06
23250.056 7.9148822765681e-06
23300.056 8.413855967510393e-06
23350.056 8.499704245749835e-06
23400.056 8.362840959700367e-06
23450.056 8.54795175910019e-06
23500.056 8.293787419098412e-06
23550.056 7.544204804302428e-06
23600.056 7.793702980301647e-06
23650.056 8.225876947508695e-06
23700.056 8.145427831838124e-06
23750.056 8.104672464500546e-06
23800.056 8.006676893121238e-06
23850.056 6.992722413150516e-06
23900.056 7.41324056919939e-06
23950.056 7.591467559502052e-06
24000.056 7.264871817798871e-06
24050.056 7.105175691521499e-06
24100.056 6.6974264912980574e-06
24150.056 6.544528336340717e-06
24200.056 6.6303703031984035e-06
24250.056 6.574553668800763e-06
24300.056 6.255025344300332e-06
24350.056 6.06107639727998e-06
24400.056 6.402731228899709e-06
24450.056 6.040451363440193e-06
24500.056 5.643491174870473e-06
24550.056 5.6019411478696445e-06
24600.056 5.541675922641034e-06
24650.056 5.940843032139652e-06
24700.056 5.3156731195899815e-06
24750.056 5.118888247031156e-06
24800.056 5.01588132522024e-06
24850.056 5.50934040463054e-06
24900.056 4.7545656373524935e-06
24950.056 5.483878586749376e-06
25000.056 4.961637868320429e-06
25050.056 4.442065590800891e-06
25100.056 4.986409288349717e-06
25150.056 4.533979915800374e-06
25200.056 4.7698006433092555e-06
25250.056 4.675572906618729e-06
25300.056 4.71446414574058e-06
25350.056 4.36339487559986e-06
25400.056 4.487361091371682e-06
25450.056 4.377917778880249e-06
25500.056 4.528525016151617e-06
25550.056 4.318033678339935e-06
25600.056 4.4127878680600216e-06
25650.056 4.136388617999679e-06
25700.056 4.687852640768098e-06
25750.056 4.0065990940009345e-06
25800.056 4.4933594601305785e-06
25850.056 4.346785415559517e-06
25900.056 4.510909113981281e-06
25950.056 4.298255627211065e-06
26000.056 4.367554771280804e-06
26050.056 4.821015310690123e-06
26100.056 4.548293679291113e-06
26150.056 4.631035493488923e-06
26200.056 4.38287143757039e-06
26250.056 4.453633459711116e-06
26300.056 4.539625579909706e-06
26350.056 4.3753516013594864e-06
26400.056 4.475561002489313e-06
26450.056 4.413490931970372e-06
26500.056 4.572364407478675e-06
26550.056 4.7348494034389915e-06
26600.056 5.120471233498798e-06
26650.056 4.564948053238835e-06
26700.056 4.6051341305094066e-06
26750.056 4.498480226948363e-06
26800.056 4.688829940218644e-06
26850.056 4.414323943950749e-06
26900.056 4.917669719749934e-06
26950.056 3.873580955040406e-06
27000.056 4.692470393600988e-06
27050.056 4.243714277959101e-06
27100.056 4.220307379629504e-06
27150.056 4.354272521169718e-06
27200.056 4.317762462230871e-06
27250.056 4.020844133721991e-06
27300.056 4.196579272920261e-06
27350.056 4.1831649702185165e-06
27400.056 3.8586694471201404e-06
27450.056 4.38777948432849e-06
27500.056 4.090694088380469e-06
27550.056 4.138293811099981e-06
27600.056 4.293591550869554e-06
27650.056 3.8160832349796806e-06
27700.056 3.865283242490632e-06
27750.056 4.380243687727598e-06
27800.056 3.6566597569401356e-06
27850.056 3.898465997308735e-06
27900.056 3.859557036719944e-06
27950.056 4.235872621809577e-06
28000.056 4.129642660520952e-06
28050.056 3.5473524966105987e-06
28100.056 4.323732594012248e-06
28150.056 3.7432936229102353e-06
28200.056 3.3819340216702113e-06
28250.056 3.832184588269822e-06
28300.056 4.217239321241166e-06
28350.056 3.848952453368692e-06
28400.056 3.8155069932501724e-06
28450.056 3.7692244945293752e-06
28500.056 3.887501114759429e-06
28550.056 3.373826087588989e-06
28600.056 4.172704936140616e-06
28650.056 4.0479637280696335e-06
28700.056 3.709975922669355e-06
28750.056 3.951694346039582e-06
28800.056 3.932529525210553e-06
28850.056 3.994890236440174e-06
28900.056 3.579887370120472e-06
28950.056 4.357194394149301e-06
29000.056 3.6785964109488236e-06
29050.056 3.802817221410056e-06
