galfind/configs/Brown_Dwarf_templates/sonora_bobcat/m+0.5/316g/sp_t225g316nc_m+0.5_resample.dat
# %ECSV 1.0
# ---
# datatype:
# - {name: wav, unit: Angstrom, datatype: float64}
# - {name: flux_nu, unit: erg / (cm2 Hz s), datatype: float64}
# meta: {C/O: '1.00', Kzz: '1.0000E+05', Teff: '225.', Y: '0.28', '[Fe/H]': '0.50', f_hole: '1.00', f_rain: '0.00', grav: '316.'}
# schema: astropy-2.0
wav flux_nu
[from data line 498]
28900.056 6.361758096619528e-15
28950.056 8.318927541198911e-15
29000.056 5.241111657227718e-15
29050.056 1.219509746143132e-14
29100.056 9.092550110651068e-16
29150.056 3.5236835883273987e-16
29200.056 4.6338935220510696e-14
29250.056 1.0260844939302915e-14
29300.056 1.6736318489256488e-15
29350.056 1.3356155144578333e-14
29400.056 1.6836294943469422e-14
29450.056 2.19215804594372e-15
29500.056 2.375576601889134e-14
29550.056 1.1425592583584437e-14
29600.056 1.644051875282641e-15
29650.056 1.9585430419780477e-14
29700.056 1.000372342159816e-14
29750.056 5.462282683521421e-14
29800.056 5.901652545751995e-15
29850.056 3.454877143548433e-14
29900.056 7.614441960986902e-15
29950.056 8.690945418939293e-15
30000.056 1.646491150531245e-17
30050.056 3.576538079641353e-15
30100.056 1.5124807735238582e-14
30150.056 2.889295014310979e-14
30200.056 6.771024988628903e-14
30250.056 2.6655436111518866e-14
30300.056 4.158208509527088e-14
30350.056 2.003326089574169e-14
30400.056 8.865218752739846e-14
30450.056 1.6725298496100425e-13
30500.056 1.1089982380792901e-14
30550.056 1.3404103449533776e-14
30600.056 1.352568554574625e-12
30650.056 3.225672987334477e-13
30700.056 9.173611320948252e-15
30750.056 1.0098558029759751e-13
30800.056 6.538501656248389e-13
30850.056 4.4100037337097957e-13
30900.056 1.529577594376704e-13
30950.056 9.608946942862206e-14
31000.056 9.39561296142075e-14
31050.056 1.3842385043556616e-14
31100.056 1.1564726246685963e-14
31150.056 7.557362113215217e-14
31200.056 5.065394626885644e-13
31250.056 4.4721132677330825e-13
31300.056 3.2622201946577316e-14
31350.056 5.63264621155002e-13
31400.056 4.679059362167862e-13
31450.056 3.1112274605244427e-13
31500.056 5.81433953182395e-14
31550.056 1.9668974968140627e-13
31600.056 1.9487534413810531e-13
31650.056 1.1116769135179684e-13
31700.056 6.059715543804312e-14
31750.056 3.1314025829648374e-14
31800.056 4.367247500850894e-14
31850.056 2.7680049740096095e-15
31900.056 1.055700277600921e-14
31950.056 4.576770309540845e-15
32000.056 3.066740242688761e-15
32050.056 1.8462210937818947e-15
32100.056 1.6940102607876893e-15
32150.056 6.573503159514874e-16
32200.056 1.984352617116566e-16
32250.056 5.035035593782004e-16
32300.056 6.360399959936728e-17
32350.056 1.891766685152411e-16
32400.056 1.3331113790121834e-17
32450.056 1.1403067165587666e-16
32500.056 9.944755775531167e-18
32550.056 6.427888259182974e-17
32600.056 3.652111167874201e-18
32650.056 1.0202372992685826e-16
32700.056 5.414873183093806e-18
32750.056 2.747418379751547e-16
32800.056 6.102277867338403e-17
32850.056 1.680266242790373e-15
32900.056 6.446213351163055e-16
32950.056 1.985733344830451e-15
33000.056 4.491619588174861e-16
33050.056 1.4759628176120556e-16
33100.056 2.4983310285728252e-17
33150.056 1.774327142399147e-20
33200.056 1.7588974174239435e-17
33250.056 2.3191480059067716e-17
33300.056 6.272952913954881e-16
33350.056 1.8804387957629663e-16
33400.056 2.2549516766203615e-15
33450.056 6.900100928095718e-17
33500.056 1.0658889681929966e-15
33550.056 1.2419988830153427e-16
33600.056 5.263278124256687e-16
33650.056 7.721221710497967e-16
33700.056 7.85985122024005e-17
33750.056 9.57890682170386e-16
33800.056 4.625842440413223e-17
33850.056 5.162285868712724e-16
33900.056 5.914004899638933e-16
33950.056 8.752575037494967e-16
34000.056 2.9725380836533595e-15
34050.056 4.697803405516802e-16
34100.056 4.449513572013134e-15
34150.056 1.5498922233902591e-15
34200.056 1.02156999504115e-14
34250.056 1.7596147656153229e-15
34300.056 3.982631799564022e-15
34350.056 6.738164514373434e-14
34400.056 3.4071973442209804e-15
34450.056 2.632974497398693e-14
34500.056 4.045069408534854e-15
34550.056 4.4348301333375394e-14
34600.056 2.873885844164084e-13
34650.056 2.2359620219972386e-15
34700.056 9.037860837428089e-14
34750.056 2.4709283261845584e-14
34800.056 1.4422685220486376e-14
34850.056 7.557308844552203e-14
34900.056 8.96857099686687e-15
34950.056 2.0761015915805485e-13
35000.056 1.3063478231125652e-13
35050.056 3.856888571644675e-13
35100.056 4.116213195500256e-13
35150.056 3.912928719305802e-13
35200.056 5.479472710461334e-13
35250.056 1.0793979743041723e-12
35300.056 9.139467289200042e-14
35350.056 1.2592731796574072e-14
35400.056 8.072987401036403e-15
35450.056 1.1015672413665753e-14
35500.056 9.71222480624069e-14
35550.056 7.976118992068316e-14
35600.056 2.822546425112552e-13
35650.056 5.515227131285364e-13
35700.056 8.126557989659222e-13
35750.056 2.049240721162137e-13
35800.056 6.472857867137322e-14
35850.056 3.7544784478095185e-14
35900.056 6.253268179142053e-14
35950.056 2.5151975907643176e-13
36000.056 3.733413032106301e-13
36050.056 3.1089377005270375e-13
36100.056 2.5706239017596006e-13
36150.056 4.4829303867499136e-12
36200.056 1.2259331605844482e-12
36250.056 4.2351207825647433e-13
36300.056 3.393007338602755e-12
36350.056 2.313035918793133e-12
36400.056 2.0995315085801293e-12
36450.056 1.5306332424581725e-12
36500.056 1.0615703615809081e-12
36550.056 7.18635142475136e-12
36600.056 6.144490059149055e-12
36650.056 1.8573628730555727e-12
36700.056 5.886315305549656e-12
36750.056 9.488471713140279e-12
36800.056 1.2883244513926534e-11
36850.056 2.0951918783855844e-12
36900.056 2.3227980438011297e-12
36950.056 1.5285528441788134e-11
37000.056 9.674271841908886e-12
37050.056 1.6797932047960634e-11
37100.056 1.287076387785564e-12
37150.056 3.6699438660333155e-12
37200.056 2.7241027700469738e-11
37250.056 1.431570533987442e-11
37300.056 2.0092812232683955e-12
37350.056 2.8178405235958152e-12
37400.056 5.8729755916762844e-12
37450.056 1.8732692301408452e-12
37500.056 3.899686095820934e-12
37550.056 2.513844778426344e-11
37600.056 7.2460360474612e-11
37650.056 3.5532069995710566e-12
37700.056 1.0794526279409647e-11
37750.056 1.2423738915676256e-11
37800.056 6.873780425289966e-12
37850.056 4.0812414159577265e-12
37900.056 2.6346691200932882e-12
37950.056 6.8131177678261964e-12
38000.056 4.918633368778955e-12
38050.056 2.948883725547103e-11
38100.056 3.6838991361221564e-11
38150.056 7.763784179640033e-11
38200.056 3.400452977092384e-11
38250.056 8.483206315845273e-11
38300.056 1.9436406692316616e-10
38350.056 3.716009353126968e-11
38400.056 3.3642267575320294e-12
38450.056 4.968514238818509e-13
38500.056 1.491095238852655e-12
38550.056 1.936990596869056e-11
38600.056 3.987558515428869e-11
38650.056 2.3272988963062105e-11
38700.056 4.384174803162361e-12
38750.056 2.0597494244154106e-11
38800.056 1.4896470368804954e-11
38850.056 2.705485740678837e-11
38900.056 3.7556653767061337e-11
38950.056 1.3067187386822018e-11
39000.056 7.065791177282314e-11
39050.056 4.21220604957375e-12
39100.056 1.8860371380961926e-11
39150.056 6.478522922418198e-11
39200.056 3.673232722287235e-11
39250.056 6.566116307557487e-11
39300.056 2.381231559946658e-11
39350.056 1.2775996360980398e-10
39400.056 2.8242184849029982e-11
39450.056 9.123821684347477e-11
39500.056 9.91240462788855e-11
39550.056 1.4244302958091083e-11
39600.056 9.186663545563218e-11
39650.056 1.5222508103449234e-10
39700.056 1.7333627298952803e-10
39750.056 2.4377609738620766e-11
39800.056 1.7754530271850434e-11
39850.056 1.230161003640257e-10
39900.056 2.851861596120322e-10
39950.056 3.6323142570384034e-11
40000.056 1.0111978074170103e-10
40050.056 1.6343530763415268e-10
40100.056 1.9045512930618507e-11
40150.056 1.1411912719131236e-10
40200.056 1.5540633805126294e-10
40250.056 2.1207311847631216e-10
40300.056 2.6088554286080746e-10
40350.056 6.322950810639771e-11
40400.056 6.978285203205434e-11
40450.056 1.8478387935252328e-11
40500.056 2.4075936601394405e-10
40550.056 2.0613938748975372e-10
40600.056 2.8885621879798817e-10
40650.056 1.1792023864525184e-10
40700.056 1.6389795016675774e-10
40750.056 1.3312859981317475e-10
40800.056 5.7743343924274624e-11
40850.056 5.296814979521112e-10
40900.056 4.811126500778804e-10
40950.056 2.868645889911361e-10
41000.056 1.2648421539283606e-10
41050.056 5.955914691177717e-10
41100.056 4.984596043691696e-10
41150.056 4.818834609696373e-11
41200.056 7.384173687455296e-10
41250.056 4.958976641884801e-10
41300.056 3.818280873839289e-10
41350.056 1.1500820077600477e-09
41400.056 6.770302088498909e-10
41450.056 9.467197002998568e-10
41500.056 3.3993850318922686e-10
41550.056 2.5240979897544003e-10
41600.056 3.4115899847814714e-10
41650.056 1.0054606901581585e-09
41700.056 1.8003356618298868e-09
41750.056 1.1385020913099945e-09
41800.056 1.1492491021199835e-09
41850.056 7.710080876726442e-10
41900.056 4.0361488001103897e-10
41950.056 3.169062033092817e-10
42000.056 1.313875125365794e-11
42050.056 6.962046020647791e-11
42100.056 1.624817444798401e-10
42150.056 2.77685147661279e-10
42200.056 6.688247001680719e-10
42250.056 4.558503474761562e-10
42300.056 2.9352339282394383e-10
42350.056 1.0905794544070214e-09
42400.056 1.8653169493701993e-09
42450.056 2.727930561300186e-09
42500.056 2.991114877999939e-09
42550.056 2.301416643199876e-09
42600.056 1.3747223051304075e-09
42650.056 2.1911801668996216e-09
42700.056 4.116337004383018e-10
42750.056 2.33399786941032e-09
42800.056 4.738247374600215e-09
42850.056 4.625405786899552e-09
42900.056 3.92724400470021e-09
42950.056 2.9948929259703117e-09
43000.056 3.6022922026599414e-09
43050.056 1.1829705713941502e-09
43100.056 1.9471721941761736e-09
43150.056 2.4823908431901095e-09
43200.056 4.7715319957002426e-09
43250.056 5.601407581300131e-09
43300.056 4.942106105499893e-09
43350.056 2.7899811991996497e-09
43400.056 3.5524922484300917e-09
43450.056 1.3937477507249222e-09
43500.056 9.051637060813078e-10
43550.056 1.924123024600144e-09
43600.056 4.767507291399967e-09
43650.056 2.2372011504099963e-09
43700.056 5.034513630021229e-09
43750.056 6.403494146599519e-09
43800.056 3.975298995969913e-09
43850.056 3.1479708434602858e-09
43900.056 1.5705555358891353e-09
43950.056 1.357773107730038e-09
44000.056 1.8477420918998973e-09
44050.056 5.6430977730005115e-09
44100.056 7.819435407500146e-09
44150.056 6.3479869815996196e-09
44200.056 6.174403009300052e-09
44250.056 2.8213938033997598e-09
44300.056 1.6753308170300874e-09
44350.056 1.4315071043200087e-09
44400.056 1.3897224200970968e-09
44450.056 4.280444918790639e-09
44500.056 3.800983318820007e-09
44550.056 5.452311381500092e-09
44600.056 3.7134521812299804e-09
44650.056 3.87398600010008e-09
44700.056 2.8783583278995036e-09
44750.056 4.892453544300276e-09
44800.056 2.262154016650041e-09
44850.056 3.131285791800102e-09
44900.056 3.659526691199924e-09
44950.056 5.047241136200657e-09
45000.056 6.915467695899924e-09
45050.056 4.93431601039947e-09
45100.056 4.437928200570267e-09
45150.056 3.3189915381996763e-09
45200.056 2.167459007540101e-09
45250.056 2.7760258099696054e-09
45300.056 2.652693217050172e-09
45350.056 1.5070710300903268e-09
45400.056 7.2111286552002914e-09
45450.056 4.503834339950468e-09
45500.056 7.259779779200484e-09
45550.056 7.538038939898844e-09
45600.056 5.6859963055003806e-09
45650.056 5.358659386899591e-09
45700.056 2.533317135469784e-09
45750.056 2.1425528612302526e-09
45800.056 6.324497140900056e-09
45850.056 3.933918478640436e-09
45900.056 7.560197505999888e-09
45950.056 8.621760696999405e-09
46000.056 7.093252946500364e-09
46050.056 4.3096636115508184e-09
46100.056 8.946795520499559e-09
46150.056 4.678216225699947e-09
46200.056 3.004817457409514e-09
46250.056 8.114525067770119e-10
46300.056 3.842304419980339e-09
46350.056 3.835586431760245e-09
46400.056 4.230901030900204e-09
46450.056 2.8122482296798007e-09
46500.056 4.3528654439002935e-09
46550.056 1.8396568356096512e-09
46600.056 1.7150521464798432e-09
46650.056 3.964443243530175e-09
46700.056 2.6691645862996347e-09
46750.056 7.206211633500552e-10
46800.056 4.005428227159671e-10
46850.056 2.8683098323105506e-09
46900.056 4.995420515299952e-09
46950.056 5.600941562299899e-09
47000.056 6.182853574000248e-09
47050.056 2.7360759142092915e-09
47100.056 2.4096240947000167e-09
47150.056 3.6440007229203977e-09
47200.056 4.145705022299792e-09
47250.056 1.3653457741296523e-09
47300.056 9.769877683643293e-10
47350.056 3.9677845550004056e-09
47400.056 5.034673425899872e-09
47450.056 2.049522141489915e-09
47500.056 4.671590381800668e-09
47550.056 5.043942376299926e-09
47600.056 2.5271709523596125e-09
47650.056 3.3203538040298626e-09
47700.056 2.588271965640279e-09
47750.056 2.1359090350499905e-09
47800.056 1.1352661915199952e-09
47850.056 3.645247483560695e-10
47900.056 7.349264607820427e-10
47950.056 2.77835851440027e-09
48000.056 3.5533384941996003e-09
48050.056 2.4942664415600976e-09
48100.056 1.2208691566300349e-09
48150.056 2.5485935473001198e-09
48200.056 1.0335807556917588e-09
48250.056 1.8449239274601262e-09
48300.056 2.959288977199924e-09
48350.056 1.4423376996497824e-09
48400.056 2.5496970084993765e-10
48450.056 4.5009039469910664e-10
48500.056 9.453557240298774e-10
48550.056 1.2321111408162863e-09
48600.056 3.398602489700066e-09
48650.056 4.233800420899941e-09
48700.056 2.9570417337002825e-09
48750.056 3.046250924599994e-09
48800.056 3.287316360199976e-09
48850.056 1.2448598098298102e-09
48900.056 8.643918439498931e-10
48950.056 4.2473675863998946e-10
49000.056 3.2680444154307305e-10
49050.056 1.1091599877298928e-09
49100.056 1.91853172900033e-09
49150.056 1.752272170220021e-09
49200.056 3.370164665700241e-09
49250.056 3.2995236106998783e-09
49300.056 2.24727515966977e-09
49350.056 7.488929473881889e-10
49400.056 1.064350159969782e-09
49450.056 7.793371513901418e-10
49500.056 5.44079604271896e-10
49550.056 1.357828189979962e-10
49600.056 2.5571547035004583e-10
49650.056 9.74861626420141e-10
49700.056 1.538993400299969e-09
49750.056 8.678814708079514e-10
49800.056 5.171786173300426e-10
49850.056 1.6058440808201854e-09
49900.056 2.138904473299971e-09
49950.056 1.924180042599928e-09
50000.056 7.350694669448353e-10
50050.056 7.47060832028118e-10
50100.056 7.683430151699507e-10
50150.056 2.794434550549554e-10
50200.056 8.292259135401194e-11
50250.056 2.68963866400003e-10
50300.056 2.1340533217003252e-10
50350.056 8.682876313100971e-10
50400.056 1.3479464742599397e-09
50450.056 1.4661077834800939e-09
50500.056 1.822051282610011e-09
50550.056 2.0244089736999795e-09
50600.056 9.98240460719903e-10
50650.056 1.942701143600076e-09
50700.056 1.4996575204999081e-09
50750.056 7.812272698499457e-10
50800.056 2.2391592101595138e-10
50850.056 1.312340884930317e-10
50900.056 5.991615334000711e-10
50950.056 7.826939907699348e-10
51000.056 4.965573527550775e-10
51050.056 1.118898533489943e-09
51100.056 4.4720894770997154e-10
51150.056 2.9661268288705924e-10
51200.056 1.1036655538500594e-09
51250.056 9.540215764599176e-10
51300.056 6.264030700499942e-10
51350.056 3.4446311470993013e-10
51400.056 1.3795238083102028e-10
51450.056 1.321802232549735e-10
51500.056 1.3967956316003056e-10
51550.056 3.8788809193003986e-10
51600.056 5.847925527400502e-10
51650.056 8.86885649760027e-10
51700.056 6.782254797228671e-10
51750.056 5.144193828750982e-10
51800.056 9.959617927400009e-10
51850.056 7.875167642299689e-10
51900.056 5.700235405099798e-10
51950.056 2.98575528259962e-10
52000.056 8.526238457998993e-11
52050.056 1.838376003140013e-10
52100.056 1.307618395199932e-10
52150.056 9.057104385701989e-11
52200.056 2.49278776880013e-10
52250.056 3.6928593958002896e-10
52300.056 3.5694662714997637e-10
52350.056 1.3797508285299515e-10
52400.056 1.6036848428400258e-10
52450.056 4.349298516200369e-10
52500.056 2.962343346469821e-10
52550.056 5.786212323099957e-10
52600.056 6.459558765100453e-10
52650.056 7.165642769099688e-10
52700.056 4.2402535910995965e-10
52750.056 1.4012826661998043e-10
52800.056 2.5363249583002537e-10
52850.056 2.8811839352996415e-10
52900.056 1.2199804690597462e-10
52950.056 1.8257578828702382e-10
53000.056 3.334604411100165e-10
53050.056 1.8635016674799204e-10
53100.056 4.827951585500269e-10
53150.056 2.9078618919064603e-10
53200.056 1.6574418377476223e-10
53250.056 2.419293449196053e-10
53300.056 3.222079510300287e-10
53350.056 2.83755371718006e-10
53400.056 2.3157950862997547e-10
53450.056 1.238168589539872e-10
53500.056 4.732104365498736e-11
53550.056 7.770081843500312e-11
