galfind/configs/Brown_Dwarf_templates/sonora_bobcat/m+0.5/316g/sp_t1700g316nc_m+0.5_resample.dat
# %ECSV 1.0
# ---
# datatype:
# - {name: wav, unit: Angstrom, datatype: float64}
# - {name: flux_nu, unit: erg / (cm2 Hz s), datatype: float64}
# meta: {C/O: '1.00', Kzz: '1.0000E+05', Teff: '1700.', Y: '0.28', '[Fe/H]': '0.50', f_hole: '1.00', f_rain: '0.00', grav: '316.'}
# schema: astropy-2.0
wav flux_nu
[from data line 498]
28900.056 6.370792797130304e-07
28950.056 9.859454301799784e-07
29000.056 7.983892928057942e-07
29050.056 8.403068781978992e-07
29100.056 6.720757047241171e-07
29150.056 9.133946279741976e-07
29200.056 7.768968955221845e-07
29250.056 9.208941361360139e-07
29300.056 7.171608374776419e-07
29350.056 1.0993290736827925e-06
29400.056 8.37686227656835e-07
29450.056 8.758839655149757e-07
29500.056 9.093075795408881e-07
29550.056 8.730443987210341e-07
29600.056 9.631368705047891e-07
29650.056 9.074489224369033e-07
29700.056 8.052397864288153e-07
29750.056 1.0249196376034954e-06
29800.056 1.0476352240338938e-06
29850.056 9.947201115368772e-07
29900.056 9.00951841789296e-07
29950.056 1.081834144169811e-06
30000.056 1.0656576143028033e-06
30050.056 9.849522871698982e-07
30100.056 8.325970119497457e-07
30150.056 1.268331668289914e-06
30200.056 1.0837270257300848e-06
30250.056 1.1125429912603323e-06
30300.056 1.0763983303698362e-06
30350.056 1.026015648940129e-06
30400.056 1.2962690900802668e-06
30450.056 9.962473145821024e-07
30500.056 9.100519978001336e-07
30550.056 1.2551390788302754e-06
30600.056 1.218588575040173e-06
30650.056 1.2515724685400014e-06
30700.056 1.1333828256199234e-06
30750.056 1.092149451990031e-06
30800.056 1.2870285662402575e-06
30850.056 1.0688434515598905e-06
30900.056 1.0870098332598897e-06
30950.056 1.0176428785851747e-06
31000.056 1.1815604824899373e-06
31050.056 1.0811669739699752e-06
31100.056 1.0060905830699014e-06
31150.056 1.1585163073197244e-06
31200.056 1.1519222666799079e-06
31250.056 1.1957869730600922e-06
31300.056 1.0865248498558424e-06
31350.056 1.055132569959939e-06
31400.056 1.0027820582003124e-06
31450.056 1.0316278308299751e-06
31500.056 1.05988948495998e-06
31550.056 9.755222837660126e-07
31600.056 9.792352224748945e-07
31650.056 9.948514422999552e-07
31700.056 9.80164283719904e-07
31750.056 8.74097939974268e-07
31800.056 1.0780021848299703e-06
31850.056 1.0707870644481798e-06
31900.056 1.2093881974899498e-06
31950.056 8.0101061818693e-07
32000.056 9.537238128800775e-07
32050.056 1.1510748488661042e-06
32100.056 1.127453100539893e-06
32150.056 1.2229430120099346e-06
32200.056 1.1387467810599508e-06
32250.056 1.1872704299702153e-06
32300.056 1.1124118158459758e-06
32350.056 1.3680458742802625e-06
32400.056 1.0739703562699888e-06
32450.056 1.2070579583597959e-06
32500.056 1.298851613600324e-06
32550.056 1.4704779240600867e-06
32600.056 1.463831200439915e-06
32650.056 1.5020137080004374e-06
32700.056 1.4364664848902516e-06
32750.056 1.4429144619600185e-06
32800.056 1.3682120093500797e-06
32850.056 1.6660228057297168e-06
32900.056 1.689752521079976e-06
32950.056 1.3993246709898467e-06
33000.056 1.4795728013200843e-06
33050.056 1.4881237170999833e-06
33100.056 1.3831540546996568e-06
33150.056 9.617314464051005e-07
33200.056 6.571089780877793e-07
33250.056 5.121078937196129e-07
33300.056 4.282649082201242e-07
33350.056 5.277295156600636e-07
33400.056 5.829049944298712e-07
33450.056 7.064463044998455e-07
33500.056 1.0054857312703119e-06
33550.056 1.0492403089100574e-06
33600.056 1.2707406304802304e-06
33650.056 1.454889824420487e-06
33700.056 1.4025701418797845e-06
33750.056 1.642031656869934e-06
33800.056 1.520979321223761e-06
33850.056 1.5672302745300482e-06
33900.056 1.6500146991996854e-06
33950.056 1.4900155503199673e-06
34000.056 1.530239415499549e-06
34050.056 1.4828727702195837e-06
34100.056 1.7303107205001587e-06
34150.056 1.5885290591695537e-06
34200.056 1.4462871473694524e-06
34250.056 1.6923447732297166e-06
34300.056 1.4270519513439961e-06
34350.056 1.4478177239401e-06
34400.056 1.3972176941799987e-06
34450.056 1.4761672463300154e-06
34500.056 1.6185355784101754e-06
34550.056 1.3754611365999217e-06
34600.056 1.6400830955900238e-06
34650.056 1.6324648743300567e-06
34700.056 1.5615969593196434e-06
34750.056 1.7700134708402477e-06
34800.056 1.6917211995795206e-06
34850.056 1.5228949718701202e-06
34900.056 1.6481114696603144e-06
34950.056 1.5444913079995682e-06
35000.056 1.7157533761798293e-06
35050.056 1.8934678570403414e-06
35100.056 1.636498890529601e-06
35150.056 1.791254920689978e-06
35200.056 1.8111548254100203e-06
35250.056 1.7354393784299398e-06
35300.056 1.759389244160024e-06
35350.056 1.8297328934698052e-06
35400.056 1.7318875185901348e-06
35450.056 1.5502922446405793e-06
35500.056 1.98656408889983e-06
35550.056 1.8483427097599664e-06
35600.056 1.6785341592700066e-06
35650.056 2.099811858140236e-06
35700.056 1.706771893590263e-06
35750.056 1.936024046559647e-06
35800.056 2.136202576099825e-06
35850.056 1.902952159570014e-06
35900.056 2.285532819399687e-06
35950.056 2.0550180140901e-06
36000.056 1.907039774039909e-06
36050.056 2.287030282530304e-06
36100.056 2.2793769770391583e-06
36150.056 2.041506978150338e-06
36200.056 2.341871459499672e-06
36250.056 2.073772943729623e-06
36300.056 2.511810706130458e-06
36350.056 2.2940029032398306e-06
36400.056 2.236634211760036e-06
36450.056 2.5564241836996805e-06
36500.056 2.3360451754600878e-06
36550.056 2.3058227017605925e-06
36600.056 2.386954721470145e-06
36650.056 2.465291130100008e-06
36700.056 2.6497148900000278e-06
36750.056 2.4242569436001754e-06
36800.056 2.514887192799859e-06
36850.056 2.548953748000309e-06
36900.056 2.57756434910039e-06
36950.056 2.594069937019843e-06
37000.056 2.708701557199919e-06
37050.056 2.7092316370998234e-06
37100.056 2.6783512097803486e-06
37150.056 2.686112762599572e-06
37200.056 2.790439339700061e-06
37250.056 2.831497069460088e-06
37300.056 2.8234368762003244e-06
37350.056 2.616575523400404e-06
37400.056 2.7924832364997568e-06
37450.056 2.728036039100195e-06
37500.056 2.830167333599706e-06
37550.056 2.800504437399557e-06
37600.056 2.966999214599684e-06
37650.056 2.780033076399822e-06
37700.056 2.9054212682000038e-06
37750.056 2.9854774218998236e-06
37800.056 3.05454567659993e-06
37850.056 2.8643448328998754e-06
37900.056 2.956021335000252e-06
37950.056 2.990460528500017e-06
38000.056 2.9893086893003477e-06
38050.056 3.0087031209001813e-06
38100.056 2.85226837610028e-06
38150.056 3.175268972899733e-06
38200.056 3.2078005940996774e-06
38250.056 2.8931967563004377e-06
38300.056 2.882864768899941e-06
38350.056 3.0126085343998584e-06
38400.056 3.0743605611197558e-06
38450.056 3.2398566547001974e-06
38500.056 3.0506882538999017e-06
38550.056 3.0892021134001163e-06
38600.056 3.427477713799828e-06
38650.056 2.9888133152000707e-06
38700.056 3.0401158185005824e-06
38750.056 3.181180549499967e-06
38800.056 3.158636216900288e-06
38850.056 3.069508523200221e-06
38900.056 2.9834520420998387e-06
38950.056 3.247841798999807e-06
39000.056 3.0857850473000905e-06
39050.056 3.204412261899873e-06
39100.056 2.967625968000106e-06
39150.056 3.1193787538000824e-06
39200.056 3.2332326542001135e-06
39250.056 3.202126711599418e-06
39300.056 3.1642243984993957e-06
39350.056 3.1953274313503157e-06
39400.056 3.1277663234000865e-06
39450.056 3.1536448105998525e-06
39500.056 3.0530730336996805e-06
39550.056 3.023178401859627e-06
39600.056 3.348419805999965e-06
39650.056 2.934115086700028e-06
39700.056 3.0623687611998233e-06
39750.056 3.049087920099637e-06
39800.056 2.856561413300117e-06
39850.056 3.0007827156997587e-06
39900.056 2.961884151000053e-06
39950.056 3.1191317845998294e-06
40000.056 2.7683386411998842e-06
40050.056 2.7339309119999726e-06
40100.056 2.9566883228999033e-06
40150.056 2.736529988499561e-06
40200.056 2.832913456199748e-06
40250.056 2.7228582067492214e-06
40300.056 2.584545161400192e-06
40350.056 2.8282992192003584e-06
40400.056 2.799551222539988e-06
40450.056 2.6883900515002547e-06
40500.056 2.4427216298003093e-06
40550.056 2.873052210699737e-06
40600.056 2.4173614887603306e-06
40650.056 2.5863242962802313e-06
40700.056 2.768856421800166e-06
40750.056 2.391218509099096e-06
40800.056 2.3563619558202156e-06
40850.056 2.2814182972605605e-06
40900.056 2.2911738529602743e-06
40950.056 2.411512855119923e-06
41000.056 2.4470514823000104e-06
41050.056 2.4030456437895734e-06
41100.056 2.2649337058800226e-06
41150.056 2.4219580040000343e-06
41200.056 2.26790233770002e-06
41250.056 2.3406572747802085e-06
41300.056 1.9902065913195765e-06
41350.056 2.3763733203900947e-06
41400.056 2.190169575200242e-06
41450.056 2.191606877340313e-06
41500.056 2.338363020660146e-06
41550.056 2.2067618182200257e-06
41600.056 2.260105343500078e-06
41650.056 2.0625114642403945e-06
41700.056 1.9332931253897297e-06
41750.056 1.9544536385197854e-06
41800.056 1.967472713239739e-06
41850.056 1.6955772751103395e-06
41900.056 1.9705515170599687e-06
41950.056 1.581057149080508e-06
42000.056 1.6805951628001455e-06
42050.056 1.472442344429586e-06
42100.056 1.6954291216902607e-06
42150.056 1.2142957896694949e-06
42200.056 1.3343455542200091e-06
42250.056 1.4283662092401765e-06
42300.056 1.1216758046700258e-06
42350.056 1.3715402315404623e-06
42400.056 1.1117466100703192e-06
42450.056 9.69083205890264e-07
42500.056 1.0367109406302053e-06
42550.056 1.0290538003101116e-06
42600.056 1.0523789982203085e-06
42650.056 8.58492548759361e-07
42700.056 1.0163441542404157e-06
42750.056 9.338541678699097e-07
42800.056 8.771384393604047e-07
42850.056 9.319812708996803e-07
42900.056 9.097298496000193e-07
42950.056 8.654521123195044e-07
43000.056 8.59698389810083e-07
43050.056 8.207113073203993e-07
43100.056 9.312133826302426e-07
43150.056 8.786423241902033e-07
43200.056 9.21681361530198e-07
43250.056 8.623108223197745e-07
43300.056 8.864254793601366e-07
43350.056 8.388096550699443e-07
43400.056 8.802978703300028e-07
43450.056 8.716311112803192e-07
43500.056 8.353198809399066e-07
43550.056 9.113766139500386e-07
43600.056 8.749496843101196e-07
43650.056 7.87875801040093e-07
43700.056 8.131834318796502e-07
43750.056 8.165541114502193e-07
43800.056 7.306953763602086e-07
43850.056 7.90673837930209e-07
43900.056 8.311123791999712e-07
43950.056 7.773136343803143e-07
44000.056 7.61597233260177e-07
44050.056 7.732735379701331e-07
44100.056 7.835160056801431e-07
44150.056 8.023836365597706e-07
44200.056 7.507033664499013e-07
44250.056 7.833850778700437e-07
44300.056 7.723521429000667e-07
44350.056 7.286770306299992e-07
44400.056 7.861843522899496e-07
44450.056 8.033261578200017e-07
44500.056 8.224873774199981e-07
44550.056 7.393781102698502e-07
44600.056 7.938062597300709e-07
44650.056 8.048064736401074e-07
44700.056 7.792199127200352e-07
44750.056 8.060079104499119e-07
44800.056 8.496320198099719e-07
44850.056 8.139748678001136e-07
44900.056 7.838942963701056e-07
44950.056 7.381527066999863e-07
45000.056 8.164130434399418e-07
45050.056 8.10442766779924e-07
45100.056 8.507225414199731e-07
45150.056 7.895884940599536e-07
45200.056 7.340179951400305e-07
45250.056 7.585358415099358e-07
45300.056 8.302355108500373e-07
45350.056 8.616977383999532e-07
45400.056 8.069704399201056e-07
45450.056 7.430768643998863e-07
45500.056 7.773301431299718e-07
45550.056 8.486885336199704e-07
45600.056 7.768443369199755e-07
45650.056 7.181531264498694e-07
45700.056 8.562729400000515e-07
45750.056 7.665817188000146e-07
45800.056 7.511713458499711e-07
45850.056 9.044704644899592e-07
45900.056 9.012723636800548e-07
45950.056 7.70727649520002e-07
46000.056 9.2323976637002e-07
46050.056 9.186251537501665e-07
46100.056 7.463801816300887e-07
46150.056 8.398051479599625e-07
46200.056 8.941505038501842e-07
46250.056 7.326576147699968e-07
46300.056 9.683619604399724e-07
46350.056 8.156721920799139e-07
46400.056 8.371370298699129e-07
46450.056 8.855172290301196e-07
46500.056 7.865595276899338e-07
46550.056 9.974673969099915e-07
46600.056 9.101051840500494e-07
46650.056 1.1998575995198444e-06
46700.056 1.1073250735503459e-06
46750.056 8.514166528399307e-07
46800.056 9.380708923701324e-07
46850.056 1.0214561555601272e-06
46900.056 9.455155752698324e-07
46950.056 1.0863234550700248e-06
47000.056 8.753253373099984e-07
47050.056 1.0946950762898367e-06
47100.056 8.128746347200812e-07
47150.056 9.181802582101126e-07
47200.056 1.004269099150224e-06
47250.056 8.662956127698997e-07
47300.056 9.150516793797911e-07
47350.056 7.719041919698667e-07
47400.056 9.874266837398206e-07
47450.056 8.300129119099388e-07
47500.056 9.779750728898663e-07
47550.056 8.445816819999358e-07
47600.056 9.918869505499286e-07
47650.056 7.045142443098248e-07
47700.056 1.017374401000049e-06
47750.056 6.782731273701521e-07
47800.056 9.911262090798953e-07
47850.056 7.386625968898937e-07
47900.056 9.819247508200516e-07
47950.056 7.223892347701296e-07
48000.056 1.118592741499989e-06
48050.056 8.120145014901242e-07
48100.056 9.237385461899716e-07
48150.056 8.245434859301188e-07
48200.056 9.974411178701116e-07
48250.056 8.091416395700003e-07
48300.056 1.0980856970698006e-06
48350.056 7.316170404199436e-07
48400.056 9.80774748599989e-07
48450.056 7.771947526900166e-07
48500.056 1.1191361730600307e-06
48550.056 7.404742474500226e-07
48600.056 1.0274049795299117e-06
48650.056 7.741921051999715e-07
48700.056 1.0150693157300914e-06
48750.056 6.942551483600545e-07
48800.056 1.1334347789000604e-06
48850.056 7.593063082098457e-07
48900.056 1.0379888362501e-06
48950.056 9.092347228700003e-07
49000.056 8.995197379598879e-07
49050.056 9.84567416139961e-07
49100.056 8.756199078300991e-07
49150.056 9.541441630699888e-07
49200.056 8.647797387099595e-07
49250.056 9.467289919600007e-07
49300.056 7.998541041599269e-07
49350.056 8.853004118399866e-07
49400.056 1.0436483032900605e-06
49450.056 8.718035805402049e-07
49500.056 9.323334076500387e-07
49550.056 7.937400046599834e-07
49600.056 8.941941395402127e-07
49650.056 9.413945063500076e-07
49700.056 7.980166027399256e-07
49750.056 1.2530534847798403e-06
49800.056 8.817270126900523e-07
49850.056 1.191202441080066e-06
49900.056 9.01038782100068e-07
49950.056 9.799494568497777e-07
50000.056 9.6301983251979e-07
50050.056 9.547135151300784e-07
50100.056 1.0612174802299309e-06
50150.056 8.576313633000395e-07
50200.056 8.12625797430113e-07
50250.056 9.838613491000497e-07
50300.056 8.882296359899574e-07
50350.056 1.0949274879199828e-06
50400.056 9.15971597319951e-07
50450.056 9.274822196501548e-07
50500.056 1.204823865970189e-06
50550.056 9.607673409899692e-07
50600.056 1.0642144020799953e-06
50650.056 9.806061235502123e-07
50700.056 1.1033154275197225e-06
50750.056 1.1599264493001694e-06
50800.056 8.061364898098915e-07
50850.056 9.89832153480184e-07
50900.056 1.0889404468899492e-06
50950.056 1.0865951677101957e-06
51000.056 1.287206977280116e-06
51050.056 9.33004548920113e-07
51100.056 9.069560730699181e-07
51150.056 1.072002828429907e-06
51200.056 1.0222505727799575e-06
51250.056 1.1432511483899455e-06
51300.056 9.013550125403104e-07
51350.056 1.0580224112298082e-06
51400.056 9.693329081797704e-07
51450.056 7.128139232798722e-07
51500.056 9.775277784800302e-07
51550.056 1.3071032590601247e-06
51600.056 8.371586577700627e-07
51650.056 1.0256936893998365e-06
51700.056 9.67389194889695e-07
51750.056 9.008122228600779e-07
51800.056 1.135138890059771e-06
51850.056 1.0960597734198398e-06
51900.056 1.1775271428702117e-06
51950.056 1.0764245148198982e-06
52000.056 8.678382996199443e-07
52050.056 1.0447930350899305e-06
52100.056 9.564245606498202e-07
52150.056 9.725377254300504e-07
52200.056 9.407316123800436e-07
52250.056 9.9459361878e-07
52300.056 1.1275835447399856e-06
52350.056 1.1926904787601536e-06
52400.056 8.341507834001493e-07
52450.056 1.0102072204799969e-06
52500.056 1.1621432670798024e-06
52550.056 1.0623095984596709e-06
52600.056 1.0739536484401569e-06
52650.056 1.2271925747601691e-06
52700.056 1.0073146551800226e-06
52750.056 8.297599749699098e-07
52800.056 9.391169419100965e-07
52850.056 8.930896272198789e-07
52900.056 1.0164031865000413e-06
52950.056 9.954482042798713e-07
53000.056 1.1605516630999146e-06
53050.056 9.672398450497889e-07
53100.056 9.510735104597812e-07
53150.056 1.2187369246602e-06
53200.056 7.985505401201128e-07
53250.056 1.1811038563899704e-06
53300.056 1.168585785390515e-06
53350.056 1.1441430519998468e-06
53400.056 1.0668547043100834e-06
53450.056 9.311366016800516e-07
53500.056 7.663065505298487e-07
53550.056 1.0045840979299023e-06
53600.056 1.1176900990202078e-06
