galfind/configs/Brown_Dwarf_templates/sonora_bobcat/m+0.5/316g/sp_t1100g316nc_m+0.5_resample.dat
# %ECSV 1.0
# ---
# datatype:
# - {name: wav, unit: Angstrom, datatype: float64}
# - {name: flux_nu, unit: erg / (cm2 Hz s), datatype: float64}
# meta: {C/O: '1.00', Kzz: '1.0000E+05', Teff: '1100.', Y: '0.28', '[Fe/H]': '0.50', f_hole: '1.00', f_rain: '0.00', grav: '316.'}
# schema: astropy-2.0
wav flux_nu
4000.0559999999996 nan
4050.0559999999996 1.5703503428870213e-12
4100.056 7.069027890929655e-11
4150.056 1.6922129329301012e-10
4200.056 1.3863157966777257e-10
4250.056 2.4098179877002646e-10
4300.056 2.841608675910256e-10
4350.056 3.0129259048401627e-10
4400.056 3.443655229000149e-10
4450.056 3.7670269169999967e-10
4500.056 3.651100930800161e-10
4550.056 4.1792367665678716e-10
4600.056 4.46081794289994e-10
4650.056 3.8849350598997024e-10
4700.056 3.6503441372999673e-10
4750.056 2.156506658150018e-10
4800.056 6.509227803999873e-11
4850.056 1.4617421284299777e-11
4900.056 5.505508576799958e-12
4950.056 2.4593670017999783e-12
5000.056 9.331012051099906e-13
5050.056 4.196229617899989e-13
5100.056 3.5701979486999953e-13
5150.056 3.2514938462999855e-13
5200.056 2.958415014099998e-13
5250.056 2.633001753899996e-13
5300.056 2.3337922063999967e-13
5350.056 2.0924378366999977e-13
5400.056 1.897183905199997e-13
5450.056 1.721238995899996e-13
5500.056 1.559449220499998e-13
5550.056 1.4143635848999987e-13
5600.056 1.2790016029999975e-13
5650.056 1.1436316494999986e-13
5700.056 1.0078586876499987e-13
5750.056 8.578494057399976e-14
5800.056 6.93610188489998e-14
5850.056 4.7704040520999505e-14
5900.056 1.7005514756291456e-14
5950.056 9.115937941500173e-14
6000.056 1.9874169046000065e-13
6050.056 3.9207793241000454e-13
6100.056 7.273158424700061e-13
6150.056 1.2989943651900101e-12
6200.056 2.244883951900016e-12
6250.056 3.761506987400027e-12
6300.056 6.113546223500045e-12
6350.056 9.685538877000065e-12
6400.056 1.497431831500008e-11
6450.056 2.2625782524000098e-11
6500.056 3.332100462300021e-11
6550.056 4.817516364600025e-11
6600.056 6.874158827000044e-11
6650.056 9.667321559000053e-11
6700.056 1.1421349163039091e-10
6750.056 1.785254810500008e-10
6800.056 2.2839986164000065e-10
6850.056 2.605814940500003e-10
6900.056 2.5829014475000107e-10
6950.056 2.422284524599999e-10
7000.056 2.4693444129000137e-10
7050.056 2.7113921778999886e-10
7100.056 2.9949338677000025e-10
7150.056 3.1459090439999683e-10
7200.056 3.1728450060200566e-10
7250.056 3.077870166799897e-10
7300.056 2.8233736464699946e-10
7350.056 2.5344995684599715e-10
7400.056 2.236200385700018e-10
7450.056 1.891581063400004e-10
7500.056 1.522758956099994e-10
7550.056 1.1369330326599928e-10
7600.056 7.820499071099919e-11
7650.056 1.69475334382531e-11
7700.056 1.019557720598853e-11
7750.056 6.486767836300149e-11
7800.056 1.3027998479460245e-10
7850.056 2.7736041381000256e-10
7900.056 4.4213612815000406e-10
7950.056 5.329420117005068e-10
8000.056 9.511268260900088e-10
8050.056 1.298272143400018e-09
8100.056 1.6764304621599983e-09
8150.056 2.1283211486299973e-09
8200.056 2.729970844040087e-09
8250.056 3.3832989094800595e-09
8300.056 4.175270159400304e-09
8350.056 5.067354984469809e-09
8400.056 6.109980460499773e-09
8450.056 7.4282772812998116e-09
8500.056 7.981741360265463e-09
8550.056 1.0196056830400222e-08
8600.056 1.2536935772000091e-08
8650.056 1.4373660228000065e-08
8700.056 1.6787978162999474e-08
8750.056 1.9416548008000288e-08
8800.056 2.2369666055000348e-08
8850.056 2.5257426182999704e-08
8900.056 2.580889986249929e-08
8950.056 2.336974484680835e-08
9000.056 3.12298227820957e-08
9050.056 3.9512708681401634e-08
9100.056 4.410468590348124e-08
9150.056 4.66847839192026e-08
9200.056 5.298925516003245e-08
9250.056 5.3396523965388055e-08
9300.056 3.2074513976416695e-08
9350.056 3.848564946794081e-08
9400.056 5.0546733720516904e-08
9450.056 5.89475571577434e-08
9500.056 5.934373237621154e-08
9550.056 6.635801747067093e-08
9600.056 6.654562871310734e-08
9650.056 7.413449373827749e-08
9700.056 8.512749267472059e-08
9750.056 9.046576939100704e-08
9800.056 1.0030541573504924e-07
9850.056 1.1293260764099963e-07
9900.056 1.1828500529328699e-07
9950.056 1.227483821599934e-07
10000.056 1.1579478116398676e-07
10050.056 1.39351355887e-07
10100.056 1.6356308913098832e-07
10150.056 1.83020479234977e-07
10200.056 2.0718426623999447e-07
10250.056 2.2757897131999936e-07
10300.056 2.484877955700054e-07
10350.056 2.821498309900006e-07
10400.056 3.0998830688999253e-07
10450.056 3.248727905200033e-07
10500.056 3.284462215200036e-07
10550.056 3.366522383100081e-07
10600.056 3.55459580739988e-07
10650.056 3.844230917800156e-07
10700.056 4.0781064281002173e-07
10750.056 4.3751783370201423e-07
10800.056 4.6428069820400414e-07
10850.056 4.82653640043976e-07
10900.056 4.0542278298498525e-07
10950.056 2.6738756764101995e-07
11000.056 2.384121647394503e-07
11050.056 2.0237104578103403e-07
11100.056 1.7046218967794583e-07
11150.056 1.3806398105425537e-07
11200.056 1.4453455902017506e-07
11250.056 1.7180388748155558e-07
11300.056 1.663198603098959e-07
11350.056 9.547712886491608e-08
11400.056 1.2795510212816893e-07
11450.056 1.3459340872034394e-07
11500.056 1.5552397635666782e-07
11550.056 1.1254032431351022e-07
11600.056 1.221945833914406e-07
11650.056 1.3517007253113223e-07
11700.056 1.1392006173609027e-07
11750.056 8.99398581783882e-08
11800.056 1.3483853150192721e-07
11850.056 1.9637729096383027e-07
11900.056 2.188807374461752e-07
11950.056 2.844978912351946e-07
12000.056 3.231389960938954e-07
12050.056 3.771330733221627e-07
12100.056 4.2184496746099084e-07
12150.056 4.827035740369707e-07
12200.056 5.416077871639242e-07
12250.056 5.967838005468934e-07
12300.056 6.642772332280585e-07
12350.056 6.944488028500252e-07
12400.056 6.995821321699759e-07
12450.056 6.121112263800322e-07
12500.056 6.570592163299907e-07
12550.056 7.016227560400622e-07
12600.056 9.254320145800347e-07
12650.056 9.272427582799991e-07
12700.056 9.654047402401372e-07
12750.056 9.46512885791049e-07
12800.056 9.717520867320342e-07
12850.056 8.612090727560902e-07
12900.056 7.88613234094433e-07
12950.056 8.104403653100622e-07
13000.056 7.859468114663676e-07
13050.056 7.559897712121998e-07
13100.056 7.084196524289042e-07
13150.056 6.176082408794365e-07
13200.056 5.523986645979554e-07
13250.056 4.3947665262222796e-07
13300.056 2.535431327166315e-07
13350.056 9.013547520787633e-08
13400.056 6.506001717707349e-08
13450.056 4.463337704628953e-08
13500.056 3.634168945403724e-08
13550.056 2.9715752542889786e-08
13600.056 2.2034304455841267e-08
13650.056 3.6825760506483865e-08
13700.056 3.099858796882006e-08
13750.056 3.1853811495891936e-08
13800.056 3.754476066225411e-08
13850.056 3.355472095404988e-08
13900.056 3.496592902219028e-08
13950.056 3.2616356477023796e-08
14000.056 3.099932737395912e-08
14050.056 3.415554141814945e-08
14100.056 3.0237422313960766e-08
14150.056 3.744407963955424e-08
14200.056 3.1628078504616016e-08
14250.056 3.258714296414892e-08
14300.056 4.220792851580574e-08
14350.056 4.2139928099624676e-08
14400.056 4.733684015366917e-08
14450.056 5.003471335691581e-08
14500.056 7.053426953870913e-08
14550.056 7.667007059637847e-08
14600.056 9.01427213957332e-08
14650.056 9.273322981945758e-08
14700.056 8.215168370352918e-08
14750.056 9.55701814408355e-08
14800.056 1.128620131783983e-07
14850.056 1.2305480334126853e-07
14900.056 1.2577100515367874e-07
14950.056 1.3476440564401846e-07
15000.056 1.441447269690871e-07
15050.056 1.683768250295741e-07
15100.056 1.8371858459611816e-07
15150.056 2.046867701912259e-07
15200.056 2.040832819425257e-07
15250.056 2.3211281300148664e-07
15300.056 2.566133524875748e-07
15350.056 2.8179301549937316e-07
15400.056 3.1326212179801537e-07
15450.056 3.420579170764301e-07
15500.056 3.591557353059692e-07
15550.056 4.0096247353497403e-07
15600.056 3.8986892862102016e-07
15650.056 4.2607102687304387e-07
15700.056 4.915916449301442e-07
15750.056 5.355336474079767e-07
15800.056 5.156204953441052e-07
15850.056 5.82801393009967e-07
15900.056 5.836264878600546e-07
15950.056 6.167651968099036e-07
16000.056 5.852014036600043e-07
16050.056 5.242083573350025e-07
16100.056 4.848579154119784e-07
16150.056 4.1734913645409765e-07
16200.056 3.584695330271505e-07
16250.056 3.490624022039888e-07
16300.056 3.156466820415971e-07
16350.056 3.4355350668676896e-07
16400.056 3.934121967985827e-07
16450.056 4.164187671341583e-07
16500.056 4.515679209481727e-07
16550.056 4.3618879030339894e-07
16600.056 4.21634080649984e-07
16650.056 3.8163579507414515e-07
16700.056 2.2355088283308865e-07
16750.056 2.598376098198534e-07
16800.056 3.715653898602173e-07
16850.056 3.7310178617576886e-07
16900.056 3.378345242569155e-07
16950.056 2.9372625290041093e-07
17000.056 2.409802310022416e-07
17050.056 3.0325909856747876e-07
17100.056 3.1587390557743995e-07
17150.056 2.55937722418065e-07
17200.056 2.907957884705111e-07
17250.056 2.5409989145833816e-07
17300.056 2.184345027219357e-07
17350.056 1.9384756144139133e-07
17400.056 2.0847718484501656e-07
17450.056 1.99601252795774e-07
17500.056 2.1112480862578362e-07
17550.056 2.012082546887587e-07
17600.056 1.8560781962084787e-07
17650.056 1.8329478772092101e-07
17700.056 1.3940419710549604e-07
17750.056 1.3093908483936597e-07
17800.056 1.627983075681915e-07
17850.056 1.228872189986703e-07
17900.056 1.20520106767798e-07
17950.056 1.0827305633283261e-07
18000.056 1.146301327794599e-07
18050.056 1.1185706244756827e-07
18100.056 1.1352013005570066e-07
18150.056 1.4158256185113886e-07
18200.056 9.745011147065896e-08
18250.056 1.5488140555872192e-07
18300.056 1.2694975149208356e-07
18350.056 1.1124677151098998e-07
18400.056 1.1132977470513148e-07
18450.056 1.1205528268658295e-07
18500.056 1.217936977604192e-07
18550.056 1.069861195288603e-07
18600.056 9.099502899835235e-08
18650.056 9.774512062022299e-08
18700.056 1.031254677564146e-07
18750.056 1.1278452143292658e-07
18800.056 1.4612118290307626e-07
18850.056 1.6807205183656547e-07
18900.056 1.6275412377991027e-07
18950.056 2.0045123486153203e-07
19000.056 1.841093416750815e-07
19050.056 1.6126277890346612e-07
19100.056 2.091632526666522e-07
19150.056 1.8879780549240116e-07
19200.056 2.0599337511089482e-07
19250.056 1.8054933290312648e-07
19300.056 1.8329085992302767e-07
19350.056 1.62631436871584e-07
19400.056 1.2895251985263152e-07
19450.056 1.8306623933437356e-07
19500.056 1.8322193636416496e-07
19550.056 1.3991279728911516e-07
19600.056 1.7875807490151656e-07
19650.056 1.9132314948025104e-07
19700.056 1.959408568170821e-07
19750.056 1.9123187081387995e-07
19800.056 2.0537929065536455e-07
19850.056 2.3530897145539756e-07
19900.056 1.9271687452406679e-07
19950.056 2.629450319733131e-07
20000.056 2.329671847040092e-07
20050.056 2.608284207977066e-07
20100.056 2.8084130508854834e-07
20150.056 2.91919627686808e-07
20200.056 3.1466346041237634e-07
20250.056 3.459070108298543e-07
20300.056 3.4199274337841144e-07
20350.056 3.8403442891891285e-07
20400.056 3.7698345019008166e-07
20450.056 4.198674854049132e-07
20500.056 4.391624127214697e-07
20550.056 4.373786398569955e-07
20600.056 4.966838317431072e-07
20650.056 4.874427216491278e-07
20700.056 5.071660761390981e-07
20750.056 5.30363599418934e-07
20800.056 5.52881736362004e-07
20850.056 5.367702677629609e-07
20900.056 5.697469880448698e-07
20950.056 5.666567128849652e-07
21000.056 5.783063143500531e-07
21050.056 5.773734979369893e-07
21100.056 5.620549093500274e-07
21150.056 5.882682649599217e-07
21200.056 5.545892069920009e-07
21250.056 5.629618152728996e-07
21300.056 5.062299854388988e-07
21350.056 5.318255980461796e-07
21400.056 4.934859378457703e-07
21450.056 5.000199636962784e-07
21500.056 4.587193051744692e-07
21550.056 4.3614143820565146e-07
21600.056 4.0735161144022544e-07
21650.056 3.71219439628219e-07
21700.056 3.7725773747899425e-07
21750.056 3.2961229924542973e-07
21800.056 2.9123281941911746e-07
21850.056 2.6358883338460076e-07
21900.056 2.1205514417832955e-07
21950.056 1.464271099437606e-07
22000.056 7.594414277160904e-08
22050.056 4.97076792612274e-08
22100.056 6.595220755016486e-08
22150.056 9.351564900517252e-08
22200.056 1.0694162644542182e-07
22250.056 9.896919620668474e-08
22300.056 8.496745982630562e-08
22350.056 7.951882140280771e-08
22400.056 6.333195326702243e-08
22450.056 5.394339039485283e-08
22500.056 5.2568782784878215e-08
22550.056 4.411205005636255e-08
22600.056 4.572281090338062e-08
22650.056 4.629253561565338e-08
22700.056 4.1607389406935385e-08
22750.056 4.256156393595136e-08
22800.056 3.745636866819907e-08
22850.056 3.314404489246025e-08
22900.056 2.984611978138371e-08
22950.056 2.786028082579137e-08
23000.056 3.40838316274991e-08
23050.056 4.4694568558246254e-08
23100.056 6.602055610901437e-08
23150.056 7.474233382671192e-08
23200.056 2.764771950990117e-08
23250.056 2.9221639486407455e-08
23300.056 2.5396896192061825e-08
23350.056 2.4780527745196337e-08
23400.056 2.6982349587708323e-08
23450.056 2.7448184198198117e-08
23500.056 3.03728793178266e-08
23550.056 3.70624699003092e-08
23600.056 4.188195969649445e-08
23650.056 5.230156082139154e-08
23700.056 3.736807644910632e-08
23750.056 3.032540854550234e-08
23800.056 2.8425424153401486e-08
23850.056 3.341593838839923e-08
23900.056 4.791327177720337e-08
23950.056 5.522516670311593e-08
24000.056 5.8676075176788776e-08
24050.056 7.196782857837698e-08
24100.056 6.708031493857347e-08
24150.056 7.455972668062148e-08
24200.056 7.652956878036819e-08
24250.056 6.6690634227391e-08
24300.056 7.665953202442804e-08
24350.056 6.582149308357695e-08
24400.056 8.32431581793485e-08
24450.056 8.053599209493671e-08
24500.056 8.281474162485809e-08
24550.056 9.48418884057435e-08
24600.056 9.757069298980205e-08
24650.056 1.1553341040730683e-07
24700.056 9.337487203165369e-08
24750.056 1.0243292944203199e-07
24800.056 1.0506427539991068e-07
24850.056 1.3009766758922586e-07
24900.056 9.489179637547429e-08
24950.056 1.3667419524971756e-07
25000.056 1.2611654632734121e-07
25050.056 9.916789807875456e-08
25100.056 1.2697521893233372e-07
25150.056 9.894694047909457e-08
25200.056 1.1972878858708737e-07
25250.056 9.90251978480665e-08
25300.056 1.264107269134064e-07
25350.056 9.012148941828334e-08
25400.056 1.2899894693873082e-07
25450.056 9.308925530057772e-08
25500.056 9.511544249331726e-08
25550.056 9.639605959857254e-08
25600.056 9.03286576116934e-08
25650.056 7.573630549679139e-08
25700.056 1.1530861537755735e-07
25750.056 6.729290033582773e-08
25800.056 1.1218562335762002e-07
25850.056 7.531075524228721e-08
25900.056 9.362195518295193e-08
25950.056 6.908906006112462e-08
26000.056 1.2211897121904577e-07
26050.056 9.93376723110493e-08
26100.056 1.2030151823177983e-07
26150.056 1.0425749292120887e-07
26200.056 1.1246614240140696e-07
26250.056 1.3862955703674829e-07
26300.056 1.1711081214112763e-07
26350.056 1.5873847733766086e-07
26400.056 1.6034630575687438e-07
26450.056 1.6765612426494198e-07
26500.056 1.7725278374993887e-07
26550.056 1.33322419288628e-07
26600.056 1.7571113010908604e-07
26650.056 1.066489704523934e-07
26700.056 1.071656508578219e-07
26750.056 7.973046776257021e-08
26800.056 1.1380653861257717e-07
26850.056 7.464397251220202e-08
26900.056 1.2929103244922347e-07
26950.056 7.859056603036787e-08
27000.056 1.4011591290243531e-07
27050.056 1.1418309537071485e-07
27100.056 1.049615367964761e-07
27150.056 1.461900120973234e-07
27200.056 1.157576592367338e-07
27250.056 1.2263237200125338e-07
27300.056 1.9070251305681412e-07
27350.056 1.6294817249055895e-07
27400.056 9.075723786708575e-08
27450.056 2.0226253680083437e-07
27500.056 1.8685446459703742e-07
27550.056 1.2576683755336928e-07
27600.056 1.9407722889717733e-07
27650.056 1.1639264113199195e-07
27700.056 1.0268613203031565e-07
27750.056 1.9223004978246327e-07
27800.056 1.1122977791917627e-07
27850.056 1.2904811077771188e-07
27900.056 1.3981570768612642e-07
27950.056 1.9693396472449762e-07
28000.056 1.7019244204804306e-07
28050.056 9.270725491062371e-08
28100.056 2.0946931872972635e-07
28150.056 1.447978527271297e-07
28200.056 9.870166974841209e-08
28250.056 1.920487268045013e-07
28300.056 2.3443868932821194e-07
28350.056 1.2170416820395848e-07
28400.056 1.6099317369987438e-07
28450.056 1.959536491990237e-07
28500.056 1.7496392910664972e-07
28550.056 9.306405208975994e-08
28600.056 2.19116606163054e-07
28650.056 1.972807043824907e-07
28700.056 1.7586409620446242e-07
28750.056 2.190048536299235e-07
28800.056 1.9616485015685575e-07
28850.056 2.2070095252782553e-07
