galfind/configs/Brown_Dwarf_templates/sonora_bobcat/m+0.5/316g/sp_t600g316nc_m+0.5_resample.dat
# %ECSV 1.0
# ---
# datatype:
# - {name: wav, unit: Angstrom, datatype: float64}
# - {name: flux_nu, unit: erg / (cm2 Hz s), datatype: float64}
# meta: {C/O: '1.00', Kzz: '1.0000E+05', Teff: '600.', Y: '0.28', '[Fe/H]': '0.50', f_hole: '1.00', f_rain: '0.00', grav: '316.'}
# schema: astropy-2.0
wav flux_nu
4000.0559999999996 nan
4050.0559999999996 9.52658993189408e-16
4100.056 1.2009208719310265e-13
4150.056 1.0907231912100083e-12
4200.056 1.0329343404021371e-12
4250.056 8.244317973000054e-12
4300.056 1.6693403111000186e-11
4350.056 2.583171100600013e-11
4400.056 3.6506284884000145e-11
4450.056 5.1962902947000324e-11
4500.056 6.11408680280005e-11
4550.056 5.641237781716434e-11
4600.056 9.407413541199948e-12
4650.056 5.328112937699995e-12
4700.056 2.541443925199977e-12
4750.056 7.001555120599905e-13
4800.056 2.0904456300999806e-13
4850.056 8.416554901299938e-14
4900.056 4.8091694840999775e-14
4950.056 3.078583768399985e-14
5000.056 1.7738516076999878e-14
5050.056 1.1334948555000002e-14
5100.056 1.1112167131400052e-14
5150.056 1.1528897558000057e-14
5200.056 1.200943672700002e-14
5250.056 1.2432573107000001e-14
5300.056 1.2924171069e-14
5350.056 1.3579880062000012e-14
5400.056 1.4326180919000005e-14
5450.056 1.519777044800006e-14
5500.056 1.6140969426000095e-14
5550.056 1.7072763772000033e-14
5600.056 1.789070533299998e-14
5650.056 1.8465108772999973e-14
5700.056 1.851859368800001e-14
5750.056 1.799722835799999e-14
5800.056 1.611631324399997e-14
5850.056 1.1553791449099862e-14
5900.056 3.969167152983996e-15
5950.056 2.1910529426300702e-14
6000.056 4.419225661099947e-14
6050.056 7.693106574000145e-14
6100.056 1.2420631111800122e-13
6150.056 1.9021424975000138e-13
6200.056 2.823467469600017e-13
6250.056 4.058527524100017e-13
6300.056 5.830221946900016e-13
6350.056 8.246655861200043e-13
6400.056 1.151609883270008e-12
6450.056 1.5447283480999791e-12
6500.056 2.134507592099998e-12
6550.056 2.9489525936999915e-12
6600.056 4.043615182900089e-12
6650.056 5.496372723500036e-12
6700.056 6.907053741260069e-12
6750.056 9.439302485100039e-12
6800.056 1.1317671286000055e-11
6850.056 1.1806592672999998e-11
6900.056 1.0237421529900142e-11
6950.056 8.49369336259991e-12
7000.056 8.48387959890006e-12
7050.056 8.913822080299843e-12
7100.056 9.622801403899898e-12
7150.056 9.002625498519815e-12
7200.056 8.461928688204897e-12
7250.056 8.553672746699573e-12
7300.056 8.191829270369386e-12
7350.056 8.25564962619276e-12
7400.056 8.339291010600347e-12
7450.056 8.54722859010037e-12
7500.056 8.575181593899927e-12
7550.056 8.394592241399961e-12
7600.056 7.970614771499979e-12
7650.056 3.512317794627904e-12
7700.056 3.0663881633220883e-12
7750.056 9.1407702498001e-12
7800.056 1.2501413798279904e-11
7850.056 1.817693202900005e-11
7900.056 2.428489344119965e-11
7950.056 2.811800433980008e-11
8000.056 4.118137241200045e-11
8050.056 5.2741253842000984e-11
8100.056 5.895495174049888e-11
8150.056 6.898709763576528e-11
8200.056 9.838508330487892e-11
8250.056 1.175217546263762e-10
8300.056 1.482186767976708e-10
8350.056 1.757791933929355e-10
8400.056 2.1490386103219945e-10
8450.056 2.753761436029946e-10
8500.056 3.153654148309824e-10
8550.056 4.090049502200066e-10
8600.056 5.078394079400052e-10
8650.056 6.03004507560008e-10
8700.056 6.904560695200065e-10
8750.056 8.043764411300039e-10
8800.056 8.988941210400139e-10
8850.056 8.849352679399807e-10
8900.056 4.754367076729547e-10
8950.056 5.013418465566544e-10
9000.056 4.801753112494788e-10
9050.056 1.0257957402785822e-09
9100.056 1.2161394922030972e-09
9150.056 1.3339139405454764e-09
9200.056 1.7909354041523553e-09
9250.056 1.721606284785349e-09
9300.056 4.657422734736402e-10
9350.056 5.868469328591609e-10
9400.056 1.06846245832873e-09
9450.056 1.256555333761974e-09
9500.056 1.1081740729238275e-09
9550.056 1.2655865950785125e-09
9600.056 1.2389686595920276e-09
9650.056 1.6113320660852641e-09
9700.056 2.4420799517981094e-09
9750.056 2.5025489719331434e-09
9800.056 2.8855358491510565e-09
9850.056 3.3026590475433844e-09
9900.056 4.221347164519826e-09
9950.056 4.366423604272267e-09
10000.056 4.984920546849516e-09
10050.056 6.167767789400155e-09
10100.056 7.662653823699809e-09
10150.056 8.719140493099822e-09
10200.056 9.757751697400696e-09
10250.056 1.1306356206672636e-08
10300.056 1.3737989914698717e-08
10350.056 1.513405921850039e-08
10400.056 1.9242299125600306e-08
10450.056 2.2289402728896677e-08
10500.056 2.5306209438199408e-08
10550.056 2.8724604570000314e-08
10600.056 3.060281893799924e-08
10650.056 3.2561092025401114e-08
10700.056 3.2612636362600927e-08
10750.056 3.3992375611720585e-08
10800.056 3.3628169790280634e-08
10850.056 3.106513774204046e-08
10900.056 2.2785005943079327e-08
10950.056 1.1403604523281435e-08
11000.056 7.672641670253356e-09
11050.056 4.706471183977871e-09
11100.056 2.832158256522733e-09
11150.056 1.3063098275295602e-09
11200.056 1.0155668317269542e-09
11250.056 1.2570163425351058e-09
11300.056 1.649321394661224e-09
11350.056 5.73858071570669e-10
11400.056 1.6385581511014371e-09
11450.056 1.1695025676135043e-09
11500.056 8.558398461314063e-10
11550.056 2.3404479003640726e-10
11600.056 2.1909247324916189e-10
11650.056 6.177387766437491e-10
11700.056 7.265220802173708e-10
11750.056 1.5904295822486767e-10
11800.056 9.084460577485031e-10
11850.056 1.648462871242839e-09
11900.056 2.051956321458697e-09
11950.056 3.4339735656827e-09
12000.056 5.5848473973303625e-09
12050.056 8.841859170101211e-09
12100.056 1.3368457542689861e-08
12150.056 1.9391301011551105e-08
12200.056 2.461528509382851e-08
12250.056 3.393335140914369e-08
12300.056 4.598857667720565e-08
12350.056 4.898754181849932e-08
12400.056 6.532588206659619e-08
12450.056 7.889364566320507e-08
12500.056 8.584266058500679e-08
12550.056 9.757466445119974e-08
12600.056 1.0806615438500571e-07
12650.056 1.0365771127759764e-07
12700.056 1.0033438545930791e-07
12750.056 8.54266214233083e-08
12800.056 7.559852465301961e-08
12850.056 5.288115244112799e-08
12900.056 4.0219449822950694e-08
12950.056 3.456352880162869e-08
13000.056 3.312080769123035e-08
13050.056 2.3319725401773546e-08
13100.056 2.089786020532447e-08
13150.056 1.4537732773108436e-08
13200.056 1.2493899789240627e-08
13250.056 8.72620444365268e-09
13300.056 3.4053190076841626e-09
13350.056 9.608441180005265e-10
13400.056 5.280519611723574e-10
13450.056 2.0632726725360073e-10
13500.056 9.816441207955333e-11
13550.056 4.996507838716432e-11
13600.056 1.564012212509467e-11
13650.056 7.89811512086183e-11
13700.056 4.89086470492544e-11
13750.056 7.385395526937519e-11
13800.056 7.427771796142543e-11
13850.056 4.7275052299619246e-11
13900.056 5.95972337062883e-11
13950.056 5.0382065867026156e-11
14000.056 5.5197309408302313e-11
14050.056 8.492977210476317e-11
14100.056 8.461447345302238e-11
14150.056 1.4678674084511523e-10
14200.056 1.0104660548379815e-10
14250.056 1.2997877645810551e-10
14300.056 2.887177036718435e-10
14350.056 2.9576640674642913e-10
14400.056 3.280202236785044e-10
14450.056 4.597875511894823e-10
14500.056 9.508991279100715e-10
14550.056 1.0838776704101273e-09
14600.056 1.5218122925918296e-09
14650.056 1.2648993810534147e-09
14700.056 7.57562432857241e-10
14750.056 7.116189350891253e-10
14800.056 1.1858086425391029e-09
14850.056 1.349900618102724e-09
14900.056 1.4963100175191686e-09
14950.056 1.5248832533023327e-09
15000.056 2.6469572951513316e-09
15050.056 2.488025767819405e-09
15100.056 2.4123899580887086e-09
15150.056 2.378167058182756e-09
15200.056 3.2633717150666132e-09
15250.056 6.0667981662692e-09
15300.056 7.617599104822726e-09
15350.056 9.610727453940191e-09
15400.056 1.2110442292621825e-08
15450.056 1.5016353254005445e-08
15500.056 1.7077792885978754e-08
15550.056 2.3105825823023496e-08
15600.056 2.8096207710619177e-08
15650.056 3.390713840656135e-08
15700.056 4.3057018684704144e-08
15750.056 4.837760074279726e-08
15800.056 5.0524882485401005e-08
15850.056 5.497867125900514e-08
15900.056 4.724346289830082e-08
15950.056 4.125642238899544e-08
16000.056 2.88570159110029e-08
16050.056 1.55055689108587e-08
16100.056 9.495113472098902e-09
16150.056 5.201717656263807e-09
16200.056 2.890104254592722e-09
16250.056 2.0828265305208616e-09
16300.056 1.4042191680766698e-09
16350.056 1.6871527087709413e-09
16400.056 2.1351552977290303e-09
16450.056 2.0230731761028968e-09
16500.056 1.9788318906760008e-09
16550.056 2.016845244018779e-09
16600.056 2.447623876659256e-09
16650.056 1.876324603431187e-09
16700.056 3.3510368147107637e-10
16750.056 8.960354564575267e-10
16800.056 1.590566169479254e-09
16850.056 1.8188304026753016e-09
16900.056 1.0751100338475036e-09
16950.056 7.018976346859579e-10
17000.056 4.2314143203021256e-10
17050.056 8.282895335266918e-10
17100.056 1.324922194013378e-09
17150.056 7.715289100719705e-10
17200.056 2.085315266650771e-09
17250.056 1.4281880713038177e-09
17300.056 9.179844390718926e-10
17350.056 9.246334186316036e-10
17400.056 1.3854150794082213e-09
17450.056 1.8344399154704855e-09
17500.056 2.355278092475124e-09
17550.056 2.1419548286642806e-09
17600.056 1.6444552433866425e-09
17650.056 1.57148909289047e-09
17700.056 1.1686943037184386e-09
17750.056 1.154461309483555e-09
17800.056 2.2855187354244657e-09
17850.056 1.2415346693053931e-09
17900.056 9.704332991088884e-10
17950.056 7.695205480271637e-10
18000.056 1.139148122060616e-09
18050.056 9.53498771854747e-10
18100.056 1.1666375204092248e-09
18150.056 1.234481304941276e-09
18200.056 7.947486022101861e-10
18250.056 2.326873999250054e-09
18300.056 8.159750660303449e-10
18350.056 6.461176294178793e-10
18400.056 5.541921336733393e-10
18450.056 1.4070874906846002e-09
18500.056 1.4319912079521067e-09
18550.056 9.51004248881517e-10
18600.056 1.0050172641674762e-09
18650.056 7.890411023170162e-10
18700.056 4.0258112985592937e-10
18750.056 8.257580512346438e-10
18800.056 2.4272766636907495e-09
18850.056 2.57551159439005e-09
18900.056 2.215595296515242e-09
18950.056 4.031664202405391e-09
19000.056 1.5896104207784362e-09
19050.056 9.205733546539776e-10
19100.056 2.0150310319958008e-09
19150.056 9.819211841148084e-10
19200.056 1.5375869174186305e-09
19250.056 9.889053902452272e-10
19300.056 7.255351137463083e-10
19350.056 6.278556419335855e-10
19400.056 5.368358047872344e-10
19450.056 1.0261872378541583e-09
19500.056 8.112291280611675e-10
19550.056 7.865332231175423e-10
19600.056 1.5020211389453952e-09
19650.056 1.3874683346826589e-09
19700.056 1.461451644244434e-09
19750.056 2.564999132813719e-09
19800.056 2.0376374649554693e-09
19850.056 2.9180153670061725e-09
19900.056 2.944570885996919e-09
19950.056 4.650719689406427e-09
20000.056 5.695472492412121e-09
20050.056 5.128345824115639e-09
20100.056 8.18670143536039e-09
20150.056 5.153497141035334e-09
20200.056 4.902327121495118e-09
20250.056 8.598391398288597e-09
20300.056 9.592339966192429e-09
20350.056 1.078522155206433e-08
20400.056 9.58139393210647e-09
20450.056 1.5568222452656097e-08
20500.056 1.859639173529216e-08
20550.056 1.9609766979423598e-08
20600.056 2.1995490437824233e-08
20650.056 2.5883043846450597e-08
20700.056 2.7978754964601143e-08
20750.056 3.137224560933689e-08
20800.056 3.168718694275187e-08
20850.056 3.3157553019702765e-08
20900.056 3.581252191269163e-08
20950.056 3.354647580680222e-08
21000.056 3.193622445290653e-08
21050.056 3.2267204945294565e-08
21100.056 2.9226305741102624e-08
21150.056 2.9216905626553503e-08
21200.056 2.6017197957313405e-08
21250.056 2.3345430267449654e-08
21300.056 1.8033098508684884e-08
21350.056 1.8146323325319007e-08
21400.056 1.637683808611079e-08
21450.056 1.3415301645466493e-08
21500.056 1.1563334606049703e-08
21550.056 1.0174047961062373e-08
21600.056 8.250419440860829e-09
21650.056 6.128548339887323e-09
21700.056 5.7333184010775125e-09
21750.056 5.161400656290443e-09
21800.056 3.755144652347056e-09
21850.056 3.3858667634652296e-09
21900.056 2.2049959477504803e-09
21950.056 9.295757609664066e-10
22000.056 2.355179575951073e-10
22050.056 2.124286327999772e-10
22100.056 6.852872985566581e-10
22150.056 7.588932851822714e-10
22200.056 8.58735213476903e-10
22250.056 6.590326006986158e-10
22300.056 4.0259945406205974e-10
22350.056 4.671290950367129e-10
22400.056 2.224680643679761e-10
22450.056 2.6503492088960293e-10
22500.056 2.189547481281511e-10
22550.056 1.5332602423627396e-10
22600.056 1.3308055945536796e-10
22650.056 2.2115697560891033e-10
22700.056 1.682823181720037e-10
22750.056 1.784704324453301e-10
22800.056 1.8181813644038298e-10
22850.056 1.4337411728796495e-10
22900.056 1.0893364447118888e-10
22950.056 1.0336221868730179e-10
23000.056 1.4287714033771707e-10
23050.056 1.8802227582021367e-10
23100.056 6.554867241137881e-10
23150.056 6.770425698626595e-10
23200.056 5.00969070037875e-11
23250.056 1.2589790387984925e-10
23300.056 1.2299330118785382e-10
23350.056 1.587888791277924e-10
23400.056 1.531286820471802e-10
23450.056 1.1264116068858479e-10
23500.056 1.2544457185165416e-10
23550.056 2.020678892844781e-10
23600.056 2.970412957663824e-10
23650.056 4.5561719771268825e-10
23700.056 1.3976989761139024e-10
23750.056 1.098990606486905e-10
23800.056 2.9406004341296415e-10
23850.056 2.5541780665318185e-10
23900.056 5.101544901505e-10
23950.056 3.9531777572486473e-10
24000.056 6.216407369830656e-10
24050.056 7.844727126689475e-10
24100.056 7.752965831812969e-10
24150.056 1.0771580966032015e-09
24200.056 8.235257461452712e-10
24250.056 6.744777355044929e-10
24300.056 1.056016396292567e-09
24350.056 8.791851834983503e-10
24400.056 1.6056412907128068e-09
24450.056 1.6968509448218466e-09
24500.056 1.6092561776321606e-09
24550.056 2.2928375747937456e-09
24600.056 2.3080259889462315e-09
24650.056 3.4211227657112546e-09
24700.056 2.022348639032786e-09
24750.056 2.5785591571144783e-09
24800.056 2.4204000398509737e-09
24850.056 3.875451713476348e-09
24900.056 1.8264512753184677e-09
24950.056 3.7887956936460405e-09
25000.056 3.395194869530702e-09
25050.056 2.203340149256678e-09
25100.056 3.4032845684947523e-09
25150.056 1.7842290479260248e-09
25200.056 2.5817153097615462e-09
25250.056 1.2200487853282275e-09
25300.056 1.942484524209272e-09
25350.056 9.22345165121966e-10
25400.056 2.1855238810605697e-09
25450.056 8.219451573179279e-10
25500.056 7.515065356566004e-10
25550.056 1.1982968227158581e-09
25600.056 7.594686326484369e-10
25650.056 4.5066760240133894e-10
25700.056 7.792440284639464e-10
25750.056 2.3726242254286373e-10
25800.056 1.0058539685391452e-09
25850.056 2.576555770586173e-10
25900.056 3.733487614523128e-10
25950.056 1.3086325724893774e-10
26000.056 9.783903492329931e-10
26050.056 2.159484633603194e-10
26100.056 7.572866239141167e-10
26150.056 4.2664624183765997e-10
26200.056 5.23253622516627e-10
26250.056 1.987599464644571e-09
26300.056 6.894164033579292e-10
26350.056 2.5849644756188526e-09
26400.056 2.950330735831802e-09
26450.056 2.658242708843383e-09
26500.056 4.049603517048664e-09
26550.056 9.458259716927512e-10
26600.056 1.3240369831128356e-09
26650.056 2.9225252898079106e-10
26700.056 2.0831240995881885e-10
26750.056 1.9343899675923535e-10
26800.056 4.804000792113298e-10
26850.056 2.5813032554738074e-10
26900.056 1.033313115747452e-09
26950.056 3.9936170028879484e-10
27000.056 1.781470313097624e-09
27050.056 1.6403340982828886e-09
27100.056 4.6305470046053644e-10
27150.056 2.3347491681948663e-09
27200.056 4.710762081629237e-10
27250.056 1.0705122206824315e-09
27300.056 4.58321922637271e-09
27350.056 2.1881120366889976e-09
27400.056 1.9395815642613172e-10
27450.056 2.6440154197691087e-09
27500.056 2.9107457730183912e-09
27550.056 6.449263001304139e-10
27600.056 1.5852530804854462e-09
27650.056 5.173547685951083e-10
27700.056 4.0613678900793063e-10
27750.056 2.016277815978378e-09
27800.056 6.248691325914097e-10
27850.056 9.47913828419662e-10
27900.056 9.476989370764401e-10
27950.056 2.332779031242999e-09
28000.056 1.8771962250823336e-09
28050.056 3.243491490447817e-10
28100.056 1.920321690533668e-09
28150.056 1.37453915077157e-09
28200.056 4.744600218296612e-10
28250.056 2.467211488267414e-09
28300.056 2.571371516433942e-09
28350.056 6.46503948109786e-10
28400.056 1.790009965365383e-09
28450.056 2.8398966330277703e-09
28500.056 1.909410415620105e-09
28550.056 5.000482828485151e-10
28600.056 3.1054715656027354e-09
28650.056 2.3218926415513213e-09
28700.056 2.62635576610953e-09
28750.056 3.9955001262051465e-09
28800.056 2.2856242601955175e-09
28850.056 3.5838569430291065e-09
