galfind/configs/Brown_Dwarf_templates/sonora_bobcat/m+0.5/316g/sp_t475g316nc_m+0.5_resample.dat
# %ECSV 1.0
# ---
# datatype:
# - {name: wav, unit: Angstrom, datatype: float64}
# - {name: flux_nu, unit: erg / (cm2 Hz s), datatype: float64}
# meta: {C/O: '1.00', Kzz: '1.0000E+05', Teff: '475.', Y: '0.28', '[Fe/H]': '0.50', f_hole: '1.00', f_rain: '0.00', grav: '316.'}
# schema: astropy-2.0
wav flux_nu
[from data line 499]
28950.056 4.2046945230109857e-10
29000.056 2.949957423727692e-10
29050.056 4.398395090686743e-10
29100.056 2.4069830237317035e-10
29150.056 3.403544197405175e-10
29200.056 5.178439556092828e-10
29250.056 7.126695735407325e-10
29300.056 3.3200055739174144e-10
29350.056 1.0052435338957553e-09
29400.056 4.228176457570586e-10
29450.056 3.403131491970282e-10
29500.056 8.61079257165876e-10
29550.056 3.563341840623793e-10
29600.056 5.081636414247314e-10
29650.056 1.2285809045180278e-09
29700.056 3.3654943532486584e-10
29750.056 8.828039754346951e-10
29800.056 7.518660728662604e-10
29850.056 1.0361654475488996e-09
29900.056 6.175144072794462e-10
29950.056 7.324160065497032e-10
30000.056 1.770414635125097e-11
30050.056 8.242714004128569e-11
30100.056 2.816817762444044e-10
30150.056 9.294341426233841e-10
30200.056 6.533784943580563e-10
30250.056 1.3723020191966616e-09
30300.056 1.8006891088091255e-09
30350.056 5.529384348019554e-10
30400.056 1.7320899717936616e-09
30450.056 1.067771760592728e-09
30500.056 9.294400494694375e-10
30550.056 7.455059323362559e-10
30600.056 2.946298214656769e-09
30650.056 1.382864660071438e-09
30700.056 9.73125788788059e-10
30750.056 1.8344569636368627e-09
30800.056 1.2870210901995433e-09
30850.056 1.4848690693128855e-09
30900.056 8.105584151489193e-10
30950.056 8.324526434931422e-10
31000.056 8.955304958940305e-10
31050.056 7.376829188108288e-10
31100.056 4.4909900580956895e-10
31150.056 8.433240680296312e-10
31200.056 1.7602318643026836e-09
31250.056 1.0193122806612472e-09
31300.056 6.792126198336022e-10
31350.056 1.2235688600857445e-09
31400.056 8.411706559344593e-10
31450.056 9.012935327865865e-10
31500.056 3.6631215377036364e-10
31550.056 5.949158034696682e-10
31600.056 3.94262761642528e-10
31650.056 3.666289572804604e-10
31700.056 3.6430921289857265e-10
31750.056 1.8250672517949903e-10
31800.056 3.7643424279662055e-10
31850.056 8.110063850382448e-11
31900.056 1.847214869599983e-10
31950.056 1.1166775601545588e-10
32000.056 1.0085833325647009e-10
32050.056 1.4940795238312024e-10
32100.056 1.2742267737904448e-10
32150.056 1.5003408046537145e-10
32200.056 7.319252352995096e-11
32250.056 1.9640489853630887e-10
32300.056 6.195899302052198e-11
32350.056 1.8486033156490572e-10
32400.056 3.889390276527717e-11
32450.056 1.4895517899113194e-10
32500.056 4.9619822928378334e-11
32550.056 1.1348662183555836e-10
32600.056 6.271652496618742e-11
32650.056 2.951317272179568e-10
32700.056 9.412248652822184e-11
32750.056 5.150337705766245e-10
32800.056 3.163488630157702e-10
32850.056 8.053924269389061e-10
32900.056 7.110595316078044e-10
32950.056 7.752619001419481e-10
33000.056 3.123547931019644e-10
33050.056 4.265725006438422e-10
33100.056 9.829429996158424e-11
33150.056 6.901084885907481e-14
33200.056 2.5228358161267708e-12
33250.056 3.0077933005852985e-12
33300.056 1.9655108092915234e-11
33350.056 6.678162217152502e-11
33400.056 2.2343172035584194e-10
33450.056 1.7892543733329153e-10
33500.056 5.852364775385254e-10
33550.056 1.3970151869700314e-10
33600.056 3.845828432354597e-10
33650.056 3.4727925598253977e-10
33700.056 1.474547526274002e-10
33750.056 5.11531510214298e-10
33800.056 6.68277974665019e-11
33850.056 2.6247305943310754e-10
33900.056 2.765907709992044e-10
33950.056 2.1253680359998532e-10
34000.056 4.751596155617671e-10
34050.056 8.190149703845727e-11
34100.056 4.2411567578259976e-10
34150.056 1.912837329859436e-10
34200.056 4.72152088298431e-10
34250.056 3.009469152057756e-10
34300.056 2.8873529290136214e-10
34350.056 5.318530825970821e-10
34400.056 1.8377527255644274e-10
34450.056 5.436410790773351e-10
34500.056 3.023738606764395e-10
34550.056 1.798505551731991e-10
34600.056 8.286148349292276e-10
34650.056 1.699769198129264e-10
34700.056 6.180737284777268e-10
34750.056 4.040543210678859e-10
34800.056 3.474450852655968e-10
34850.056 9.475766006521658e-10
34900.056 3.103017744798328e-10
34950.056 8.465551410698525e-10
35000.056 1.629686611361147e-09
35050.056 6.942149385049734e-10
35100.056 1.5999550223408707e-09
35150.056 1.3152565295566867e-09
35200.056 1.1098982045286762e-09
35250.056 2.0149533387002663e-09
35300.056 8.885416002088485e-10
35350.056 1.1549576921612308e-09
35400.056 1.0117040624638083e-09
35450.056 8.048495433343431e-10
35500.056 2.740782766966091e-09
35550.056 1.6506882569791107e-09
35600.056 1.7539884361211474e-09
35650.056 1.875286645675112e-09
35700.056 1.9384129707414387e-09
35750.056 2.8580785654527617e-09
35800.056 2.7606918635372844e-09
35850.056 1.0786583190604043e-09
35900.056 1.5061341832144039e-09
35950.056 1.908602084473723e-09
36000.056 2.1824419424302448e-09
36050.056 1.5657300044534601e-09
36100.056 1.4753826104824324e-09
36150.056 2.957258853363405e-09
36200.056 3.278830266379312e-09
36250.056 2.3150782960011505e-09
36300.056 4.904998300082141e-09
36350.056 2.9253800303817753e-09
36400.056 4.483177383734058e-09
36450.056 4.57201211351313e-09
36500.056 5.139456279449581e-09
36550.056 6.582647546639218e-09
36600.056 7.161057142816837e-09
36650.056 5.49851975571178e-09
36700.056 5.858902755031699e-09
36750.056 7.2371950408849575e-09
36800.056 8.326662746042192e-09
36850.056 4.825310575004622e-09
36900.056 7.922407301073901e-09
36950.056 8.353465997189307e-09
37000.056 5.908445076997183e-09
37050.056 9.12845495810806e-09
37100.056 6.839450525105085e-09
37150.056 6.54596108300022e-09
37200.056 1.0422745438316867e-08
37250.056 6.994743114303024e-09
37300.056 5.3620954080321455e-09
37350.056 8.875613334333229e-09
37400.056 1.344095046171978e-08
37450.056 5.842930086970027e-09
37500.056 7.868663479135909e-09
37550.056 1.3462424807232986e-08
37600.056 1.921183550547321e-08
37650.056 6.744618681619234e-09
37700.056 1.3201048080464938e-08
37750.056 8.716753076847152e-09
37800.056 8.972306559659329e-09
37850.056 4.826208731823327e-09
37900.056 6.435368770432693e-09
37950.056 1.2109219201781401e-08
38000.056 1.1647996546012969e-08
38050.056 1.5537552628447485e-08
38100.056 1.8231205941256226e-08
38150.056 1.9493709826239164e-08
38200.056 1.737089626892603e-08
38250.056 1.771086891433005e-08
38300.056 2.6820296864250827e-08
38350.056 2.6053071984341075e-08
38400.056 1.1625970195139864e-08
38450.056 6.658918780629895e-09
38500.056 4.173577510409664e-09
38550.056 1.2395141098924043e-08
38600.056 1.2663791649055066e-08
38650.056 1.5083237476551975e-08
38700.056 1.2189239438601858e-08
38750.056 1.3296246113696858e-08
38800.056 1.3599272399955345e-08
38850.056 1.5165652287594112e-08
38900.056 1.9862682452772282e-08
38950.056 1.2272541847978666e-08
39000.056 1.9405542578015334e-08
39050.056 1.2729483215488513e-08
39100.056 1.790635625427116e-08
39150.056 2.2656137336971145e-08
39200.056 1.6511476106278568e-08
39250.056 2.601379912335093e-08
39300.056 1.7595711215625096e-08
39350.056 3.106418559393943e-08
39400.056 1.8501784750547957e-08
39450.056 2.5064792797279446e-08
39500.056 2.602496834810713e-08
39550.056 1.4648380093363196e-08
39600.056 2.560194071329751e-08
39650.056 3.131107197739463e-08
39700.056 2.907681489218443e-08
39750.056 1.6495520366562723e-08
39800.056 1.925052712298502e-08
39850.056 3.659908904690462e-08
39900.056 4.02884079619018e-08
39950.056 2.0512156532676778e-08
40000.056 3.4958122945882056e-08
40050.056 3.545680352249855e-08
40100.056 1.596079923544379e-08
40150.056 3.413173323070204e-08
40200.056 3.5947720224360144e-08
40250.056 3.975441138514109e-08
40300.056 3.854141019730041e-08
40350.056 2.6926067926653853e-08
40400.056 3.8737975432167044e-08
40450.056 2.197341616999781e-08
40500.056 4.4562038800098605e-08
40550.056 4.7176508239099734e-08
40600.056 3.729762696630248e-08
40650.056 3.0381152707051635e-08
40700.056 5.854418533619476e-08
40750.056 3.7939580323989863e-08
40800.056 2.4892957783508e-08
40850.056 6.640628179151831e-08
40900.056 5.437177427325759e-08
40950.056 4.696026488578838e-08
41000.056 3.9480809906232116e-08
41050.056 6.914186793657989e-08
41100.056 5.621437596479944e-08
41150.056 2.5860563359715767e-08
41200.056 6.876046552060803e-08
41250.056 5.248926988124357e-08
41300.056 5.2653629825236255e-08
41350.056 6.98350460259938e-08
41400.056 6.02266544818019e-08
41450.056 7.808296902198428e-08
41500.056 5.0714758565168146e-08
41550.056 4.695425086740574e-08
41600.056 5.358087023429888e-08
41650.056 6.659379873900511e-08
41700.056 7.592503925597854e-08
41750.056 6.260213724258914e-08
41800.056 6.984657016311988e-08
41850.056 6.01353886536481e-08
41900.056 5.7029925975456345e-08
41950.056 6.042898594520408e-08
42000.056 4.1606568424937634e-08
42050.056 4.510993401905227e-08
42100.056 5.823339488862245e-08
42150.056 5.17493668671625e-08
42200.056 5.580607706789713e-08
42250.056 4.853832806845556e-08
42300.056 4.6690970354399685e-08
42350.056 6.915451607700595e-08
42400.056 7.696323951900857e-08
42450.056 7.012022622102214e-08
42500.056 6.815449586199094e-08
42550.056 5.841820252698504e-08
42600.056 6.714090129114791e-08
42650.056 1.0292242625696606e-07
42700.056 5.328708679649772e-08
42750.056 6.699023225251014e-08
42800.056 9.233277952401409e-08
42850.056 9.782533394596959e-08
42900.056 1.0759388560382177e-07
42950.056 8.060245962498762e-08
43000.056 9.26716733380125e-08
43050.056 4.828178690500761e-08
43100.056 7.545108272598933e-08
43150.056 6.195964397900821e-08
43200.056 9.48269460370089e-08
43250.056 1.2669292895700838e-07
43300.056 1.1940623051799923e-07
43350.056 6.255034693048214e-08
43400.056 9.037133926900366e-08
43450.056 6.059455456960575e-08
43500.056 6.234289603511669e-08
43550.056 6.91073524634103e-08
43600.056 1.06971655616014e-07
43650.056 6.756199800870149e-08
43700.056 1.260626270720267e-07
43750.056 1.0625140006599727e-07
43800.056 9.723144125349137e-08
43850.056 8.539372946100757e-08
43900.056 7.22381131882904e-08
43950.056 4.633790997209499e-08
44000.056 4.6115408189797456e-08
44050.056 1.133602085640016e-07
44100.056 1.5419858166099702e-07
44150.056 1.380996838401994e-07
44200.056 1.196348530359999e-07
44250.056 6.557310018279579e-08
44300.056 5.3409785468409293e-08
44350.056 6.057941654145552e-08
44400.056 5.551185730909344e-08
44450.056 9.981199472700025e-08
44500.056 9.114972970221743e-08
44550.056 1.3240793717998755e-07
44600.056 1.1689030188029941e-07
44650.056 1.0015191492241072e-07
44700.056 6.485813851519605e-08
44750.056 1.0352986646302284e-07
44800.056 7.079874836980815e-08
44850.056 1.0042427676200771e-07
44900.056 8.281634557620295e-08
44950.056 9.928912245200875e-08
45000.056 1.156899702110053e-07
45050.056 1.0419192503798661e-07
45100.056 9.490712931600258e-08
45150.056 8.697698638268417e-08
45200.056 6.751059529190607e-08
45250.056 7.943829365057859e-08
45300.056 6.97079519145107e-08
45350.056 6.131630134321742e-08
45400.056 1.494499194160198e-07
45450.056 1.21360399564012e-07
45500.056 1.5087019636690992e-07
45550.056 1.5709705316795475e-07
45600.056 1.3796682681502657e-07
45650.056 1.0979588815370325e-07
45700.056 7.125619936969447e-08
45750.056 6.563960059560353e-08
45800.056 1.632889856650043e-07
45850.056 1.3080444947598974e-07
45900.056 1.6125309621799118e-07
45950.056 1.3194138871699823e-07
46000.056 1.519925223925158e-07
46050.056 1.0863317536170818e-07
46100.056 1.801338193899832e-07
46150.056 1.0154644888900653e-07
46200.056 8.824706253558679e-08
46250.056 3.708525056535529e-08
46300.056 1.0592107475320253e-07
46350.056 1.1136787737561409e-07
46400.056 9.798414380100176e-08
46450.056 8.935670470840598e-08
46500.056 1.041285812687241e-07
46550.056 5.479425087340445e-08
46600.056 8.439427468144708e-08
46650.056 1.3433824074400996e-07
46700.056 8.208273022897523e-08
46750.056 4.3927762909908e-08
46800.056 2.9426008757120222e-08
46850.056 1.2942020934902066e-07
46900.056 1.270221156309965e-07
46950.056 1.247136347459866e-07
47000.056 1.1960409630302124e-07
47050.056 8.688549820019516e-08
47100.056 5.8733729249607684e-08
47150.056 9.476943578501463e-08
47200.056 1.1083135273499548e-07
47250.056 6.138908375959178e-08
47300.056 4.02800130942182e-08
47350.056 1.3061244981800176e-07
47400.056 1.1024595879098901e-07
47450.056 9.2412396245351e-08
47500.056 1.3733275440498804e-07
47550.056 1.1625317051100661e-07
47600.056 1.115218768074919e-07
47650.056 1.1386336950721601e-07
47700.056 8.572419432463687e-08
47750.056 6.280895307970361e-08
47800.056 5.2957139547007144e-08
47850.056 2.7250883172975427e-08
47900.056 4.260821406183609e-08
47950.056 9.618811651200661e-08
48000.056 1.3651130386100977e-07
48050.056 1.1342878211119993e-07
48100.056 4.5909712185105405e-08
48150.056 8.493027368400205e-08
48200.056 5.847540733449931e-08
48250.056 7.219827863400109e-08
48300.056 1.2815107531798575e-07
48350.056 7.427485768399434e-08
48400.056 2.054279956201657e-08
48450.056 4.327486685373074e-08
48500.056 7.120015689198285e-08
48550.056 7.738917048782729e-08
48600.056 9.574497287700016e-08
48650.056 1.2652097719099115e-07
48700.056 8.100893617751127e-08
48750.056 5.327678017162243e-08
48800.056 1.1104383812500273e-07
48850.056 5.883129371238971e-08
48900.056 8.1780768971532e-08
48950.056 4.370038275280081e-08
49000.056 2.2371249531037267e-08
49050.056 7.278908271728941e-08
49100.056 9.460180724811869e-08
49150.056 6.851764232983618e-08
49200.056 1.1063705101802191e-07
49250.056 1.1208525438801007e-07
49300.056 9.207563813799835e-08
49350.056 3.5808105311378916e-08
49400.056 5.427345336718522e-08
49450.056 5.3437744598464375e-08
49500.056 4.143662913747518e-08
49550.056 9.612274227160325e-09
49600.056 2.7384963693123082e-08
49650.056 6.02431908510013e-08
49700.056 6.552271062747788e-08
49750.056 6.814289633509899e-08
49800.056 4.35012856837352e-08
49850.056 9.092671878981566e-08
49900.056 7.253676467479276e-08
49950.056 7.286241556600125e-08
50000.056 5.624428386842432e-08
50050.056 6.998832909460156e-08
50100.056 5.390738329799732e-08
50150.056 2.590863483139479e-08
50200.056 5.017632165194217e-09
50250.056 3.0533901974998654e-08
50300.056 2.0013003905013232e-08
50350.056 6.439554059440997e-08
50400.056 6.619215289539162e-08
50450.056 4.9226141356202774e-08
50500.056 7.837469514070516e-08
50550.056 6.653307076600501e-08
50600.056 4.895673009618567e-08
50650.056 8.207822316901397e-08
50700.056 8.126182469098742e-08
50750.056 5.157925894280463e-08
50800.056 1.8276781004144627e-08
50850.056 1.0263900029074937e-08
50900.056 5.976339319600242e-08
50950.056 5.046841636999651e-08
51000.056 4.227990274711748e-08
51050.056 6.061361911399144e-08
51100.056 2.2205276020297614e-08
51150.056 2.6598865160235706e-08
51200.056 7.82626046729973e-08
51250.056 5.3331676494090855e-08
51300.056 3.558993367241382e-08
51350.056 3.496072956698356e-08
51400.056 1.2237057349059059e-08
51450.056 9.565063366072613e-09
51500.056 9.277543810157944e-09
51550.056 3.546230107944565e-08
51600.056 2.891150292653736e-08
51650.056 3.722786735159676e-08
51700.056 4.051468090989317e-08
51750.056 2.564571938345517e-08
51800.056 4.788454500099189e-08
51850.056 3.870216664949733e-08
51900.056 5.1257101213998245e-08
51950.056 2.919743658819665e-08
52000.056 3.1320488565347858e-09
52050.056 1.5798850853002253e-08
52100.056 9.308437039198577e-09
52150.056 5.380006410885484e-09
52200.056 1.566554515199979e-08
52250.056 2.432046645420662e-08
52300.056 3.3805831929997966e-08
52350.056 1.1473623678780498e-08
52400.056 1.1777997094530188e-08
52450.056 4.08619141180036e-08
52500.056 3.1774974747670725e-08
52550.056 3.510837471199746e-08
52600.056 2.5813521513099355e-08
52650.056 3.08702607981028e-08
52700.056 2.2318768725798827e-08
52750.056 8.975410348309662e-09
52800.056 1.6329039701702385e-08
52850.056 1.893222510124444e-08
52900.056 8.761268171760268e-09
52950.056 1.404658354220178e-08
53000.056 2.4068986283204782e-08
53050.056 9.357523162827114e-09
53100.056 2.908142951119741e-08
53150.056 3.1198402527202433e-08
53200.056 1.3896791758189168e-08
53250.056 2.831825289610155e-08
53300.056 3.4834533404315865e-08
53350.056 2.639959398020155e-08
53400.056 1.7249028562696147e-08
53450.056 6.285196887597742e-09
53500.056 1.1577853959395436e-09
53550.056 3.208078467694072e-09
53600.056 1.469656043152133e-08
53650.056 1.5078150750436575e-08
