galfind/configs/Brown_Dwarf_templates/sonora_bobcat/m+0.5/31g/sp_t1900g31nc_m+0.5_resample.dat
# %ECSV 1.0
# ---
# datatype:
# - {name: wav, unit: Angstrom, datatype: float64}
# - {name: flux_nu, unit: erg / (cm2 Hz s), datatype: float64}
# meta: {C/O: '1.00', Kzz: '1.0000E+05', Teff: '1900.', Y: '0.28', '[Fe/H]': '0.50', f_hole: '1.00', f_rain: '0.00', grav: '32.'}
# schema: astropy-2.0
wav flux_nu
[from data line 496]
28800.056 1.540758624410383e-06
28850.056 1.6490196268601957e-06
28900.056 1.4186031074901246e-06
28950.056 1.8205390423296573e-06
29000.056 1.461290060729367e-06
29050.056 1.4838538874196148e-06
29100.056 1.2958733019599793e-06
29150.056 1.5815870339902962e-06
29200.056 1.4752846571904446e-06
29250.056 1.6592693488701073e-06
29300.056 1.4287255130490465e-06
29350.056 1.796930114289584e-06
29400.056 1.4917953745898149e-06
29450.056 1.5140131551399036e-06
29500.056 1.6254365062598352e-06
29550.056 1.545827759870148e-06
29600.056 1.6138496625299397e-06
29650.056 1.6419505532099968e-06
29700.056 1.3941497950898133e-06
29750.056 1.8119678966410356e-06
29800.056 1.7252508102299814e-06
29850.056 1.7170101188797798e-06
29900.056 1.5413079189303711e-06
29950.056 1.7987013604897027e-06
30000.056 1.8028965821893972e-06
30050.056 1.6918506749798507e-06
30100.056 1.3378730701696227e-06
30150.056 2.092199105569774e-06
30200.056 1.8567518017002325e-06
30250.056 1.78043560772063e-06
30300.056 1.8695817256698558e-06
30350.056 1.659380391660308e-06
30400.056 2.024943342650412e-06
30450.056 1.6550707290401734e-06
30500.056 1.5674264612303089e-06
30550.056 2.1539874846005544e-06
30600.056 2.0646482988302847e-06
30650.056 2.038235101210068e-06
30700.056 1.932517551180004e-06
30750.056 1.814345501090101e-06
30800.056 2.1872977315406354e-06
30850.056 1.8971500141499165e-06
30900.056 1.936474175459828e-06
30950.056 1.8582254357102578e-06
31000.056 2.1258908444199145e-06
31050.056 1.7466198400899912e-06
31100.056 2.0719343227299275e-06
31150.056 2.140106442919761e-06
31200.056 2.1567308877497e-06
31250.056 2.2963004080604923e-06
31300.056 2.0436374649897654e-06
31350.056 2.0924314095999924e-06
31400.056 2.105807468030461e-06
31450.056 2.138775856180151e-06
31500.056 2.19333413758052e-06
31550.056 2.016090941900017e-06
31600.056 2.155250171089879e-06
31650.056 2.242903498750032e-06
31700.056 2.317913055979913e-06
31750.056 1.9683065715602345e-06
31800.056 2.330650197160247e-06
31850.056 2.542377129350031e-06
31900.056 2.4722556024298524e-06
31950.056 1.9165349302797306e-06
32000.056 2.153958803940639e-06
32050.056 2.5092987495102017e-06
32100.056 2.487775811789583e-06
32150.056 2.4759525562001915e-06
32200.056 2.40154891990993e-06
32250.056 2.2335362683302015e-06
32300.056 2.4954614130601908e-06
32350.056 2.5827290815803266e-06
32400.056 2.374887633629992e-06
32450.056 2.271787004400261e-06
32500.056 2.4836900992202762e-06
32550.056 2.748404492580132e-06
32600.056 2.732611496619842e-06
32650.056 2.62864802633095e-06
32700.056 2.492648467780139e-06
32750.056 2.639345868950028e-06
32800.056 2.416837821640338e-06
32850.056 2.860757736699752e-06
32900.056 2.7267951282299614e-06
32950.056 2.328366366799764e-06
33000.056 2.5549638010403344e-06
33050.056 2.6394671114397203e-06
33100.056 2.7740878899491502e-06
33150.056 2.721481131570227e-06
33200.056 2.513452979880697e-06
33250.056 2.732445634040047e-06
33300.056 2.978931994500143e-06
33350.056 2.751922571390252e-06
33400.056 2.5581918262197272e-06
33450.056 2.805626597349001e-06
33500.056 2.7718553887802758e-06
33550.056 2.7210179323095343e-06
33600.056 2.7677877757406814e-06
33650.056 2.873894913600687e-06
33700.056 3.003420140029518e-06
33750.056 2.981527057260061e-06
33800.056 2.9089373507800034e-06
33850.056 2.763714075360019e-06
33900.056 3.11843655819953e-06
33950.056 2.7349050629195968e-06
34000.056 2.8106787700492633e-06
34050.056 2.8652275945100257e-06
34100.056 3.1101562020204284e-06
34150.056 3.0110980819997335e-06
34200.056 2.8286047640294554e-06
34250.056 3.170817743199624e-06
34300.056 2.9406046148295695e-06
34350.056 3.085022969759614e-06
34400.056 2.7762726244195306e-06
34450.056 2.889048465739915e-06
34500.056 2.916683516500618e-06
34550.056 2.837334724199842e-06
34600.056 3.009625302840153e-06
34650.056 3.0013228301999506e-06
34700.056 2.869122636799435e-06
34750.056 3.070322284280275e-06
34800.056 3.260690457399511e-06
34850.056 2.8752104081401315e-06
34900.056 3.1097639807903275e-06
34950.056 3.0031932915592232e-06
35000.056 2.9006581655795673e-06
35050.056 3.227401371900495e-06
35100.056 3.087780665879141e-06
35150.056 3.0724310890198337e-06
35200.056 3.1634605179996836e-06
35250.056 2.7540800167701405e-06
35300.056 3.0817922680602615e-06
35350.056 3.2514744576997455e-06
35400.056 3.024354448139736e-06
35450.056 2.9298907020004426e-06
35500.056 3.176987932299826e-06
35550.056 2.974388608599905e-06
35600.056 2.8715382504395063e-06
35650.056 3.2975442657004346e-06
35700.056 2.9008028312004707e-06
35750.056 3.0609522576097137e-06
35800.056 3.133186362499624e-06
35850.056 3.2183356326996228e-06
35900.056 3.3540711782995367e-06
35950.056 3.1927831322998344e-06
36000.056 2.884073524599588e-06
36050.056 3.3346652060002632e-06
36100.056 3.4218572226997583e-06
36150.056 3.104890774060312e-06
36200.056 3.353412770179522e-06
36250.056 3.049098210039321e-06
36300.056 3.573913557210854e-06
36350.056 3.4068297305995424e-06
36400.056 3.2294850004999485e-06
36450.056 3.5246636552996556e-06
36500.056 3.3077963957002807e-06
36550.056 3.1495020859004845e-06
36600.056 3.277443552800332e-06
36650.056 3.390418322600427e-06
36700.056 3.533279305800229e-06
36750.056 3.321425548600381e-06
36800.056 3.3849120547995376e-06
36850.056 3.3511191518003433e-06
36900.056 3.501004650400631e-06
36950.056 3.4679023711999833e-06
37000.056 3.5419115343002016e-06
37050.056 3.5623387953999376e-06
37100.056 3.4782288032003605e-06
37150.056 3.445776627099166e-06
37200.056 3.617259750400102e-06
37250.056 3.6452642898003356e-06
37300.056 3.645866727700741e-06
37350.056 3.428648518200538e-06
37400.056 3.5988448748995843e-06
37450.056 3.6220291639003725e-06
37500.056 3.6550085227997896e-06
37550.056 3.5623502196992875e-06
37600.056 3.7702027652994305e-06
37650.056 3.485983016399584e-06
37700.056 3.5076559453001123e-06
37750.056 3.7984023886994253e-06
37800.056 3.8840937642999255e-06
37850.056 3.670969406799829e-06
37900.056 3.770963293400244e-06
37950.056 3.819101048600208e-06
38000.056 3.661166928700561e-06
38050.056 3.743982568200219e-06
38100.056 3.5971298776002187e-06
38150.056 3.909119217399374e-06
38200.056 4.026343515799355e-06
38250.056 3.6491181526006083e-06
38300.056 3.6018331297999267e-06
38350.056 3.7823313420998213e-06
38400.056 3.826484597299786e-06
38450.056 3.857496547800406e-06
38500.056 3.772117934399765e-06
38550.056 3.76615789080022e-06
38600.056 4.115956145699751e-06
38650.056 3.6089759136001896e-06
38700.056 3.720053691900615e-06
38750.056 3.862338010500025e-06
38800.056 3.807625286400485e-06
38850.056 3.798382888100365e-06
38900.056 3.702842416599876e-06
38950.056 3.880870191999545e-06
39000.056 3.78145113210015e-06
39050.056 3.84099483599993e-06
39100.056 3.636608993799927e-06
39150.056 3.761388703600202e-06
39200.056 3.9146247818002155e-06
39250.056 3.887308442899291e-06
39300.056 3.872839129799169e-06
39350.056 3.838902405700447e-06
39400.056 3.7639394132001096e-06
39450.056 3.7743855174996847e-06
39500.056 3.7763489004997953e-06
39550.056 3.6753793171892414e-06
39600.056 4.034268840300267e-06
39650.056 3.621095218500075e-06
39700.056 3.801753488299835e-06
39750.056 3.7586683889995393e-06
39800.056 3.583250447100235e-06
39850.056 3.6759064876997197e-06
39900.056 3.633066890199858e-06
39950.056 3.83632967959985e-06
40000.056 3.517728778699767e-06
40050.056 3.320064356599906e-06
40100.056 3.60643941409975e-06
40150.056 3.3424775003993823e-06
40200.056 3.4795263024996133e-06
40250.056 3.558832390198824e-06
40300.056 3.1944452388001686e-06
40350.056 3.458582530500478e-06
40400.056 3.5252789045997473e-06
40450.056 3.274162541600765e-06
40500.056 3.0354740730001278e-06
40550.056 3.5676959164998195e-06
40600.056 3.1952926043203e-06
40650.056 3.232291721600703e-06
40700.056 3.4339951948003756e-06
40750.056 3.0245702655990304e-06
40800.056 3.005163934940469e-06
40850.056 2.8519075737806823e-06
40900.056 2.828418844100616e-06
40950.056 3.0841704051599445e-06
41000.056 3.2016083439003205e-06
41050.056 3.0847047951593726e-06
41100.056 2.9545312365005165e-06
41150.056 3.173580134900219e-06
41200.056 2.9211410812999705e-06
41250.056 3.022648762900273e-06
41300.056 2.6006311190996293e-06
41350.056 3.096915330100215e-06
41400.056 2.9612896623000545e-06
41450.056 2.7953935942001287e-06
41500.056 3.0439852177000296e-06
41550.056 2.9625953165700174e-06
41600.056 3.171840141199904e-06
41650.056 2.74554046780058e-06
41700.056 2.628322498999684e-06
41750.056 2.7052047414998453e-06
41800.056 2.6352269162095894e-06
41850.056 2.5085569623004103e-06
41900.056 2.806089136419716e-06
41950.056 2.23160764080057e-06
42000.056 2.5926367122202186e-06
42050.056 2.3393488168790167e-06
42100.056 2.644485491520465e-06
42150.056 2.056698226159046e-06
42200.056 2.2352076879199877e-06
42250.056 2.316668255209984e-06
42300.056 1.8901138741799291e-06
42350.056 2.305657752690684e-06
42400.056 1.9890518276604456e-06
42450.056 1.6100807818603717e-06
42500.056 1.7974105864503937e-06
42550.056 1.8197856505901132e-06
42600.056 1.7989850024305878e-06
42650.056 1.4913280737387759e-06
42700.056 1.8496797331608568e-06
42750.056 1.656726966740127e-06
42800.056 1.5963008139005783e-06
42850.056 1.571830264829781e-06
42900.056 1.608203260890087e-06
42950.056 1.4884067608491645e-06
43000.056 1.4957191189299622e-06
43050.056 1.5123377146308618e-06
43100.056 1.588638092680204e-06
43150.056 1.565711173610277e-06
43200.056 1.6036918196701846e-06
43250.056 1.5220538922700936e-06
43300.056 1.600260635410231e-06
43350.056 1.443562269689928e-06
43400.056 1.5351424129199464e-06
43450.056 1.6085822035507945e-06
43500.056 1.48232444427972e-06
43550.056 1.6117613839598918e-06
43600.056 1.6009729781402437e-06
43650.056 1.408834340970322e-06
43700.056 1.3901985997995321e-06
43750.056 1.472434664290146e-06
43800.056 1.3533168349202438e-06
43850.056 1.4332709670603953e-06
43900.056 1.50295967183996e-06
43950.056 1.425907949230599e-06
44000.056 1.3648751383604342e-06
44050.056 1.4217742340701737e-06
44100.056 1.4313985598303683e-06
44150.056 1.4973149122395366e-06
44200.056 1.405472738839819e-06
44250.056 1.3939700283300356e-06
44300.056 1.3809483623401298e-06
44350.056 1.363203770200036e-06
44400.056 1.3978330224999994e-06
44450.056 1.4631510120599968e-06
44500.056 1.5432766861101548e-06
44550.056 1.3587465376295885e-06
44600.056 1.4547240337601844e-06
44650.056 1.4932047252502888e-06
44700.056 1.4150370061201558e-06
44750.056 1.4860123249597712e-06
44800.056 1.637300496139901e-06
44850.056 1.5857440866201208e-06
44900.056 1.5120636693503207e-06
44950.056 1.3842428419798688e-06
45000.056 1.5898878861098965e-06
45050.056 1.5420456584098084e-06
45100.056 1.6094504257598087e-06
45150.056 1.5888170664598461e-06
45200.056 1.4834986638300281e-06
45250.056 1.5103839357797201e-06
45300.056 1.547933385480066e-06
45350.056 1.6772198703797963e-06
45400.056 1.6479272795303048e-06
45450.056 1.5085518641698269e-06
45500.056 1.516971343959892e-06
45550.056 1.6889312732698313e-06
45600.056 1.6281700068099136e-06
45650.056 1.442617996899562e-06
45700.056 1.6587735340002196e-06
45750.056 1.5989537727398518e-06
45800.056 1.5830643661499715e-06
45850.056 1.7761354236600255e-06
45900.056 1.8183373260001562e-06
45950.056 1.5877492003899403e-06
46000.056 1.827447025740001e-06
46050.056 1.7887066198703328e-06
46100.056 1.603647424720119e-06
46150.056 1.667269173979988e-06
46200.056 1.8610324470403756e-06
46250.056 1.5398286707398715e-06
46300.056 1.897431293359844e-06
46350.056 1.5395865949698368e-06
46400.056 1.660107940199747e-06
46450.056 1.6317467470504347e-06
46500.056 1.5739786732999379e-06
46550.056 1.809954933649915e-06
46600.056 1.6649269425598437e-06
46650.056 2.0520210072700062e-06
46700.056 1.8995846618204712e-06
46750.056 1.6154669293798441e-06
46800.056 1.799499963390327e-06
46850.056 1.845981998870105e-06
46900.056 1.7842776342795878e-06
46950.056 1.8910069636002066e-06
47000.056 1.7938244111399593e-06
47050.056 1.8429804079496317e-06
47100.056 1.7057646587601434e-06
47150.056 1.7760438817204285e-06
47200.056 1.7747688767605559e-06
47250.056 1.7154253438494549e-06
47300.056 1.7270438671994624e-06
47350.056 1.507469551959612e-06
47400.056 1.8384863279694988e-06
47450.056 1.8375031091698497e-06
47500.056 1.7412542869994167e-06
47550.056 1.7093506673695376e-06
47600.056 1.8971048627199768e-06
47650.056 1.3950271385295722e-06
47700.056 1.8867371954901396e-06
47750.056 1.3638695878904155e-06
47800.056 1.8882754235197908e-06
47850.056 1.5088148425293767e-06
47900.056 1.929168405490159e-06
47950.056 1.414447698630423e-06
48000.056 2.0499225872000285e-06
48050.056 1.5231521365303825e-06
48100.056 1.6469927798500154e-06
48150.056 1.5436602215202052e-06
48200.056 1.8912867190105703e-06
48250.056 1.593331075949605e-06
48300.056 2.0228890031396712e-06
48350.056 1.4326948695697872e-06
48400.056 1.909561018499981e-06
48450.056 1.6501181816101874e-06
48500.056 2.015200318910061e-06
48550.056 1.5067241299700965e-06
48600.056 1.8264237211798096e-06
48650.056 1.4652148059499906e-06
48700.056 1.7212080586100496e-06
48750.056 1.3821445162903502e-06
48800.056 2.0633407427801233e-06
48850.056 1.5385065562197439e-06
48900.056 1.8257524809700424e-06
48950.056 1.7652898411402618e-06
49000.056 1.697009608629858e-06
49050.056 1.7035667329098516e-06
49100.056 1.666913453010122e-06
49150.056 1.7012066450601925e-06
49200.056 1.791426621399984e-06
49250.056 1.6921179951101518e-06
49300.056 1.5510433006397631e-06
49350.056 1.5238772354700597e-06
49400.056 1.850074386430326e-06
49450.056 1.5914566528703975e-06
49500.056 1.6922625852702456e-06
49550.056 1.50646514466004e-06
49600.056 1.616124660990428e-06
49650.056 1.6285499537702788e-06
49700.056 1.4174915492498865e-06
49750.056 1.9901153107395335e-06
49800.056 1.677378351880041e-06
49850.056 1.9008174712600053e-06
49900.056 1.604179426890155e-06
49950.056 1.7458598465593142e-06
50000.056 1.6339580993696012e-06
50050.056 1.69535154683019e-06
50100.056 1.7232519655498015e-06
50150.056 1.5903801091799774e-06
50200.056 1.421906658510138e-06
50250.056 1.5359142697300994e-06
50300.056 1.536793334929702e-06
50350.056 1.6684487344800523e-06
50400.056 1.6057935985301376e-06
50450.056 1.5281678801301875e-06
50500.056 1.9731108573503744e-06
50550.056 1.6304452838598493e-06
50600.056 1.6978005119501828e-06
50650.056 1.6354062281104632e-06
50700.056 1.7390367841493027e-06
50750.056 1.66707883861022e-06
50800.056 1.4651264279599897e-06
50850.056 1.6083837570602772e-06
50900.056 1.6098921037099676e-06
50950.056 1.77609496762024e-06
51000.056 1.900746778370209e-06
51050.056 1.4848250515903327e-06
51100.056 1.5073242028498735e-06
51150.056 1.6809563991200354e-06
51200.056 1.6281112141398476e-06
51250.056 1.7591146806799736e-06
51300.056 1.5726433777405775e-06
51350.056 1.680963245099671e-06
51400.056 1.5926457610994909e-06
51450.056 1.2285473606698278e-06
51500.056 1.674970231749821e-06
51550.056 1.9383521638401836e-06
51600.056 1.3869180591699582e-06
51650.056 1.6027780853497083e-06
51700.056 1.4342409933395381e-06
51750.056 1.4761484984901258e-06
51800.056 1.6436199766398424e-06
51850.056 1.71637369372998e-06
51900.056 1.7528410942803206e-06
51950.056 1.5761789709098123e-06
52000.056 1.4708046871399592e-06
52050.056 1.663952871649877e-06
52100.056 1.6109567017195628e-06
52150.056 1.6172416996502936e-06
52200.056 1.5556995141601141e-06
52250.056 1.5548229988499892e-06
52300.056 1.5731720425499857e-06
52350.056 1.8587156781902387e-06
52400.056 1.4337010001599738e-06
52450.056 1.5767025504199016e-06
52500.056 1.6686147261994714e-06
52550.056 1.5328993263095216e-06
52600.056 1.6592526640302121e-06
52650.056 1.8694252176303962e-06
52700.056 1.6227147891700348e-06
52750.056 1.3015110503498153e-06
52800.056 1.4838749646702183e-06
52850.056 1.4152807351098417e-06
52900.056 1.536680361780249e-06
52950.056 1.5418902572296267e-06
53000.056 1.6824507595198163e-06
53050.056 1.6076913808897553e-06
53100.056 1.3968531830095613e-06
53150.056 1.7321369337204142e-06
53200.056 1.3077731015502815e-06
53250.056 1.8490359370498672e-06
