galfind/configs/Brown_Dwarf_templates/sonora_bobcat/m+0.5/31g/sp_t525g31nc_m+0.5_resample.dat
# %ECSV 1.0
# ---
# datatype:
# - {name: wav, unit: Angstrom, datatype: float64}
# - {name: flux_nu, unit: erg / (cm2 Hz s), datatype: float64}
# meta: {C/O: '1.00', Kzz: '1.0000E+05', Teff: '525.', Y: '0.28', '[Fe/H]': '0.50', f_hole: '1.00', f_rain: '0.00', grav: '32.'}
# schema: astropy-2.0
wav flux_nu
[from data line 499]
28950.056 1.8880491800406605e-09
29000.056 1.2901688244417639e-09
29050.056 1.7723962320010446e-09
29100.056 1.1160171061873422e-09
29150.056 1.4712929552230317e-09
29200.056 1.7016852563738953e-09
29250.056 2.9606790567040233e-09
29300.056 1.1114636261976762e-09
29350.056 3.811676966959633e-09
29400.056 1.7018437626554737e-09
29450.056 1.7383435640389996e-09
29500.056 2.6279207243280787e-09
29550.056 1.5852876121102479e-09
29600.056 2.29915165607812e-09
29650.056 3.541847955623141e-09
29700.056 1.3607416245943532e-09
29750.056 2.950748900042478e-09
29800.056 2.786412451831137e-09
29850.056 3.3052977457026903e-09
29900.056 2.5583481622672016e-09
29950.056 2.5828128676166944e-09
30000.056 1.1713861884724392e-10
30050.056 3.895492547169338e-10
30100.056 1.009057145535718e-09
30150.056 2.1307572900984112e-09
30200.056 1.6215579966174659e-09
30250.056 3.817191432430306e-09
30300.056 4.704918513794642e-09
30350.056 2.2320382587780493e-09
30400.056 4.5216937332050596e-09
30450.056 2.6541267008480425e-09
30500.056 2.7186255424285458e-09
30550.056 2.471609657242767e-09
30600.056 4.3422425545115345e-09
30650.056 2.935935497597727e-09
30700.056 2.1992135049311853e-09
30750.056 3.7185109522361208e-09
30800.056 2.2648393776004193e-09
30850.056 2.742186877823993e-09
30900.056 1.403614250833818e-09
30950.056 1.897367995560404e-09
31000.056 1.7221774171941368e-09
31050.056 1.5383319764417826e-09
31100.056 9.99127577527918e-10
31150.056 1.677180774915479e-09
31200.056 2.226612634169056e-09
31250.056 1.6440158487276537e-09
31300.056 1.0939190134546183e-09
31350.056 1.654520134814302e-09
31400.056 1.2047725348068066e-09
31450.056 1.1980333768503483e-09
31500.056 7.073257932475992e-10
31550.056 9.098626493894511e-10
31600.056 5.460959186815384e-10
31650.056 6.42020784669024e-10
31700.056 6.674352938757103e-10
31750.056 3.351582813806521e-10
31800.056 6.380807683905077e-10
31850.056 2.1343028716349822e-10
31900.056 3.6355175685845063e-10
31950.056 2.3158664476458592e-10
32000.056 2.49108289062133e-10
32050.056 3.428288194130932e-10
32100.056 3.092901856614061e-10
32150.056 3.633226074254931e-10
32200.056 2.0557176333494444e-10
32250.056 4.653850971942691e-10
32300.056 2.15172615164869e-10
32350.056 4.200155990416752e-10
32400.056 1.6658119256983728e-10
32450.056 3.532812051413784e-10
32500.056 1.86951643643562e-10
32550.056 2.6491321020632293e-10
32600.056 2.648803275243701e-10
32650.056 7.729425445092997e-10
32700.056 3.479575977892569e-10
32750.056 1.0307379623081237e-09
32800.056 7.150672669066049e-10
32850.056 1.3077292278055588e-09
32900.056 1.2138395542657569e-09
32950.056 1.4684178628977125e-09
33000.056 8.561103744116261e-10
33050.056 1.1144003178962228e-09
33100.056 2.867963093254077e-10
33150.056 1.2595808960375717e-12
33200.056 1.0835432251836955e-11
33250.056 7.006783319802758e-12
33300.056 2.593478505080095e-11
33350.056 8.384570373858483e-11
33400.056 2.5027781085188695e-10
33450.056 3.082822840372923e-10
33500.056 8.887480016448855e-10
33550.056 2.9817164088230737e-10
33600.056 8.178404085635086e-10
33650.056 7.308967680468285e-10
33700.056 4.792278375634197e-10
33750.056 1.0725558214459947e-09
33800.056 3.146807070947236e-10
33850.056 7.062740420742463e-10
33900.056 6.48946323921879e-10
33950.056 5.700194999977098e-10
34000.056 1.0504108988896725e-09
34050.056 2.443583207837281e-10
34100.056 9.47914733993062e-10
34150.056 5.679581007612336e-10
34200.056 8.97348907270685e-10
34250.056 6.800213940253646e-10
34300.056 6.699460998869927e-10
34350.056 7.151465603532063e-10
34400.056 3.9499122471957086e-10
34450.056 8.373087884384872e-10
34500.056 6.250841341176766e-10
34550.056 3.6920541589344564e-10
34600.056 1.1464027665360025e-09
34650.056 4.3962590834192095e-10
34700.056 1.0667002860873837e-09
34750.056 7.348396157029166e-10
34800.056 7.171444412536115e-10
34850.056 1.1105403198912391e-09
34900.056 7.501506284265381e-10
34950.056 1.2775484731040075e-09
35000.056 2.476192075721995e-09
35050.056 1.0529571881508013e-09
35100.056 2.107425141376055e-09
35150.056 1.46191955514026e-09
35200.056 1.9042202561042115e-09
35250.056 2.6372496202283293e-09
35300.056 1.590405894840033e-09
35350.056 1.715910405464427e-09
35400.056 1.7987794911529895e-09
35450.056 1.2944453102206002e-09
35500.056 3.970379159387747e-09
35550.056 3.026746357914754e-09
35600.056 2.466119069874322e-09
35650.056 2.5317671904355126e-09
35700.056 2.7166385278336873e-09
35750.056 3.930338137450822e-09
35800.056 4.822268588415759e-09
35850.056 2.05663180269232e-09
35900.056 2.7505158406895715e-09
35950.056 2.8395317527969352e-09
36000.056 3.1333771936580333e-09
36050.056 2.282188853291085e-09
36100.056 2.349298373804375e-09
36150.056 3.453176452650566e-09
36200.056 3.7290862603695685e-09
36250.056 3.1649829687442283e-09
36300.056 5.054559021473501e-09
36350.056 3.6524124042798103e-09
36400.056 4.47326105595289e-09
36450.056 5.726514497493351e-09
36500.056 6.580062445252313e-09
36550.056 6.41151571301655e-09
36600.056 7.966813690647194e-09
36650.056 6.690583115550981e-09
36700.056 7.740247030242161e-09
36750.056 8.935789169785928e-09
36800.056 8.76526550657106e-09
36850.056 6.531313649884525e-09
36900.056 9.608362616700064e-09
36950.056 9.623213018078591e-09
37000.056 7.93669439551788e-09
37050.056 9.226923148162503e-09
37100.056 1.0268106273359362e-08
37150.056 7.26328776272411e-09
37200.056 1.106642979487706e-08
37250.056 9.52823373244704e-09
37300.056 7.875726903525943e-09
37350.056 1.059376266679441e-08
37400.056 1.5866571176982394e-08
37450.056 8.957928641315434e-09
37500.056 9.95702143041757e-09
37550.056 1.367457744250885e-08
37600.056 1.641781297501201e-08
37650.056 8.490774184410222e-09
37700.056 1.6912204254936368e-08
37750.056 1.0384768564949956e-08
37800.056 1.1106617405100378e-08
37850.056 6.3088459615856796e-09
37900.056 8.960530532402277e-09
37950.056 1.4024359819402693e-08
38000.056 1.557283279111037e-08
38050.056 1.6097301606674873e-08
38100.056 1.7208490395091724e-08
38150.056 2.0547350103819307e-08
38200.056 2.080880523475794e-08
38250.056 1.9608177698557203e-08
38300.056 2.922324813567197e-08
38350.056 2.8114779610169865e-08
38400.056 1.3535346390424927e-08
38450.056 1.1713772033325247e-08
38500.056 7.370392361424231e-09
38550.056 1.5542908520405372e-08
38600.056 1.5710008253877902e-08
38650.056 1.485006791902711e-08
38700.056 1.3227866556120568e-08
38750.056 1.6533447595946845e-08
38800.056 1.542629406327e-08
38850.056 1.6938190576933467e-08
38900.056 2.2793838108231084e-08
38950.056 1.6520995845401977e-08
39000.056 2.24343734795132e-08
39050.056 1.6365704634554578e-08
39100.056 2.1670513884015894e-08
39150.056 2.2457617081124596e-08
39200.056 2.177165007907353e-08
39250.056 2.8652597759317047e-08
39300.056 1.9180377326474974e-08
39350.056 3.4392365350661147e-08
39400.056 2.1540915371882225e-08
39450.056 2.7876323561613064e-08
39500.056 3.0012201772692206e-08
39550.056 2.4539247804915526e-08
39600.056 2.988858478097443e-08
39650.056 3.131777560915736e-08
39700.056 3.209617934121345e-08
39750.056 2.312320051699999e-08
39800.056 2.6021731534375603e-08
39850.056 4.069347406760222e-08
39900.056 4.1554687125504964e-08
39950.056 2.746605670662783e-08
40000.056 4.638548542572902e-08
40050.056 3.802185045135537e-08
40100.056 2.4473905644235453e-08
40150.056 4.029588562911288e-08
40200.056 4.3198318019884836e-08
40250.056 4.5294472968378265e-08
40300.056 4.273306015234273e-08
40350.056 3.9662615522230476e-08
40400.056 5.037247846894996e-08
40450.056 3.617522056102992e-08
40500.056 5.3407181970884356e-08
40550.056 5.2791208747783985e-08
40600.056 4.804012199488817e-08
40650.056 3.558815442963597e-08
40700.056 6.086778514640169e-08
40750.056 4.7139142629696054e-08
40800.056 3.617617755786089e-08
40850.056 7.132026284593178e-08
40900.056 6.21407765075696e-08
40950.056 5.722037302552196e-08
41000.056 5.576332476583085e-08
41050.056 7.644410846106893e-08
41100.056 6.399515604840847e-08
41150.056 3.8328522858008124e-08
41200.056 7.952380223525848e-08
41250.056 5.653906973972654e-08
41300.056 5.7842760175757894e-08
41350.056 8.381542647900363e-08
41400.056 7.304562188101302e-08
41450.056 8.686163550018029e-08
41500.056 6.592157719149013e-08
41550.056 6.367133554020754e-08
41600.056 7.010705555463771e-08
41650.056 8.315881816884972e-08
41700.056 7.924613827475282e-08
41750.056 7.820770744398543e-08
41800.056 9.228203938923553e-08
41850.056 7.338410026800102e-08
41900.056 7.41028870218767e-08
41950.056 6.998242043271904e-08
42000.056 6.392293741359236e-08
42050.056 6.637445290345693e-08
42100.056 8.458193886193876e-08
42150.056 7.427383746865895e-08
42200.056 7.045382285980376e-08
42250.056 6.547047397996509e-08
42300.056 6.93376111408939e-08
42350.056 8.996345600201308e-08
42400.056 9.202808277633197e-08
42450.056 8.593793319614252e-08
42500.056 7.630632662548345e-08
42550.056 7.301148868137685e-08
42600.056 7.959679965594386e-08
42650.056 1.1117125972944583e-07
42700.056 8.164713628805913e-08
42750.056 8.686344883789662e-08
42800.056 1.0662798781022542e-07
42850.056 1.1155668337096462e-07
42900.056 1.1850426437334729e-07
42950.056 1.0068829278998005e-07
43000.056 1.0721560253203639e-07
43050.056 7.117477813521751e-08
43100.056 9.272906694046585e-08
43150.056 8.60990117517615e-08
43200.056 1.208951704979973e-07
43250.056 1.4335699011700595e-07
43300.056 1.3886572814398982e-07
43350.056 9.053213625628384e-08
43400.056 1.1142726645239042e-07
43450.056 8.943193885841529e-08
43500.056 8.077811395130903e-08
43550.056 8.770680156199578e-08
43600.056 1.361398597410204e-07
43650.056 1.0152283150120537e-07
43700.056 1.3521804557183495e-07
43750.056 1.2583407863051103e-07
43800.056 1.1924877968837905e-07
43850.056 1.0100827732200035e-07
43900.056 1.0399114536326362e-07
43950.056 6.822626709360092e-08
44000.056 6.900684104978989e-08
44050.056 1.4103534069700907e-07
44100.056 1.7453129675900267e-07
44150.056 1.533503908524868e-07
44200.056 1.3559362492199333e-07
44250.056 9.20498871958111e-08
44300.056 7.676411174921475e-08
44350.056 9.110229330688433e-08
44400.056 8.69237018926928e-08
44450.056 1.263472216987602e-07
44500.056 1.2546192592083237e-07
44550.056 1.7101634147597666e-07
44600.056 1.387766719105095e-07
44650.056 1.3156338005483257e-07
44700.056 9.140976078600604e-08
44750.056 1.353217298343364e-07
44800.056 1.0173003579265549e-07
44850.056 1.271163503415197e-07
44900.056 1.1387160998700497e-07
44950.056 1.372563016580055e-07
45000.056 1.4541612388599859e-07
45050.056 1.363223150739918e-07
45100.056 1.2452134018779482e-07
45150.056 1.2843290296087262e-07
45200.056 1.0318014896590458e-07
45250.056 1.1409717253855105e-07
45300.056 9.639793982162754e-08
45350.056 9.830682670242981e-08
45400.056 1.8883332049801723e-07
45450.056 1.5094118548400435e-07
45500.056 1.695536461853148e-07
45550.056 1.814487199389275e-07
45600.056 1.747275521560423e-07
45650.056 1.3720132519649743e-07
45700.056 1.0308577210720222e-07
45750.056 1.0143756952569998e-07
45800.056 1.9349867799198741e-07
45850.056 1.7444436310199218e-07
45900.056 1.9407815081398724e-07
45950.056 1.64025616255991e-07
46000.056 1.832944082012568e-07
46050.056 1.4651489392022104e-07
46100.056 2.0050760421697382e-07
46150.056 1.394893474720111e-07
46200.056 1.2360803346138966e-07
46250.056 6.54329303764745e-08
46300.056 1.4670639092420543e-07
46350.056 1.458781213110235e-07
46400.056 1.2753710715400444e-07
46450.056 1.1980562107732848e-07
46500.056 1.4390699804594014e-07
46550.056 8.845193072009885e-08
46600.056 1.2469506087432832e-07
46650.056 1.808172752979971e-07
46700.056 1.2239411176997347e-07
46750.056 8.098517404758465e-08
46800.056 5.59406638930172e-08
46850.056 1.8837279403404298e-07
46900.056 1.6151506903499208e-07
46950.056 1.5917523589499497e-07
47000.056 1.5854023748803553e-07
47050.056 1.2594630293322566e-07
47100.056 8.940536849761453e-08
47150.056 1.2095460052641442e-07
47200.056 1.440486085599975e-07
47250.056 1.0138735054199426e-07
47300.056 7.007534090484115e-08
47350.056 1.786712483199815e-07
47400.056 1.4699013768599003e-07
47450.056 1.4781783064854552e-07
47500.056 1.782850345578174e-07
47550.056 1.5422933377701407e-07
47600.056 1.477395413020029e-07
47650.056 1.4141796045635643e-07
47700.056 1.2583491220178896e-07
47750.056 9.474228508440513e-08
47800.056 8.826205205340867e-08
47850.056 5.5009525723010216e-08
47900.056 7.814760053858271e-08
47950.056 1.2709937004002274e-07
48000.056 1.8323148898003915e-07
48050.056 1.6339880638800862e-07
48100.056 7.898889627241149e-08
48150.056 1.314813472000052e-07
48200.056 9.822718905900211e-08
48250.056 1.0887747737500637e-07
48300.056 1.6004210108395774e-07
48350.056 9.981539803300857e-08
48400.056 4.272119926926777e-08
48450.056 8.531872783423052e-08
48500.056 1.2234042976697255e-07
48550.056 1.1452043300780795e-07
48600.056 1.2986500553499921e-07
48650.056 1.478675898139737e-07
48700.056 1.1096381860550142e-07
48750.056 7.764451382124967e-08
48800.056 1.5851296819099031e-07
48850.056 9.012241294808598e-08
48900.056 1.3502011123881348e-07
48950.056 8.107511963101102e-08
49000.056 4.075248049059003e-08
49050.056 1.0579511583298976e-07
49100.056 1.351224864406307e-07
49150.056 1.0012753873988505e-07
49200.056 1.5968398411103563e-07
49250.056 1.4871389349902523e-07
49300.056 1.294684727952019e-07
49350.056 5.934558694029157e-08
49400.056 8.27861329744802e-08
49450.056 8.947485589263018e-08
49500.056 6.88530969012936e-08
49550.056 2.276516969267334e-08
49600.056 5.3381772162982024e-08
49650.056 9.396179531399791e-08
49700.056 9.223634160736233e-08
49750.056 1.0001981307808696e-07
49800.056 7.403260667464939e-08
49850.056 1.3398108738624304e-07
49900.056 1.0335019927597906e-07
49950.056 1.0638332694201008e-07
50000.056 8.781556539537377e-08
50050.056 1.0596177418500599e-07
50100.056 8.305145071990316e-08
50150.056 4.800936416928924e-08
50200.056 1.2776642263004227e-08
50250.056 6.169731004999077e-08
50300.056 4.110698150056717e-08
50350.056 1.0419696307761399e-07
50400.056 9.405651107478952e-08
50450.056 7.414915941276787e-08
50500.056 1.0004243581881478e-07
50550.056 9.017410237901231e-08
50600.056 7.039649988157756e-08
50650.056 1.1051759327602323e-07
50700.056 1.1200739256595042e-07
50750.056 7.781214804221059e-08
50800.056 3.499080400087541e-08
50850.056 2.4240534184352352e-08
50900.056 9.502876451900035e-08
50950.056 7.161400951700705e-08
51000.056 6.898698437646491e-08
51050.056 8.370749856499407e-08
51100.056 3.7741302292034796e-08
51150.056 5.02155344495731e-08
51200.056 1.1472910334999357e-07
51250.056 7.077529374694457e-08
51300.056 5.745338412645111e-08
51350.056 5.5813223424054545e-08
51400.056 2.3912817941210704e-08
51450.056 1.9098854609441596e-08
51500.056 1.9800096857361597e-08
51550.056 6.63775022913648e-08
51600.056 4.694913299236548e-08
51650.056 5.409492257398317e-08
51700.056 5.897304753511528e-08
51750.056 4.063270469271066e-08
51800.056 6.49348811589929e-08
51850.056 5.732708213369423e-08
51900.056 7.903421090839204e-08
51950.056 5.1910171967193496e-08
52000.056 8.84918572246662e-09
52050.056 3.229112473310511e-08
52100.056 2.1317918761598332e-08
52150.056 1.448676512058702e-08
52200.056 2.7269733178520144e-08
52250.056 3.837539030591682e-08
52300.056 5.561466750189646e-08
52350.056 2.7265188679853135e-08
52400.056 2.334276007998289e-08
52450.056 6.584072714730467e-08
52500.056 5.158126069276709e-08
52550.056 5.511343005739245e-08
52600.056 4.282137721940022e-08
52650.056 4.997830107530542e-08
52700.056 3.9688326658498814e-08
52750.056 1.995629735933302e-08
52800.056 3.105355812380497e-08
52850.056 3.396300019668955e-08
52900.056 2.045284212968559e-08
52950.056 2.811039917166182e-08
53000.056 4.307894801601405e-08
53050.056 1.8019655670135183e-08
53100.056 4.082050578778393e-08
53150.056 4.761848033232235e-08
53200.056 2.3219229435668297e-08
53250.056 4.819856320080549e-08
53300.056 5.78478647472854e-08
53350.056 4.60470226598805e-08
53400.056 3.179576923838921e-08
53450.056 1.380137087714596e-08
53500.056 3.5944246123061276e-09
53550.056 9.301085000709387e-09
53600.056 3.0562316075883856e-08
