galfind/configs/Brown_Dwarf_templates/sonora_bobcat/m+0.5/31g/sp_t650g31nc_m+0.5_resample.dat
# %ECSV 1.0
# ---
# datatype:
# - {name: wav, unit: Angstrom, datatype: float64}
# - {name: flux_nu, unit: erg / (cm2 Hz s), datatype: float64}
# meta: {C/O: '1.00', Kzz: '1.0000E+05', Teff: '650.', Y: '0.28', '[Fe/H]': '0.50', f_hole: '1.00', f_rain: '0.00', grav: '32.'}
# schema: astropy-2.0
wav flux_nu
4000.0559999999996 nan
4050.0559999999996 3.2256041551321297e-15
4100.056 4.572372830890045e-13
4150.056 3.4368598108001235e-12
4200.056 2.9320999233614315e-12
4250.056 1.3085826875500894e-11
4300.056 2.052852182590086e-11
4350.056 2.6158035405001063e-11
4400.056 3.272040868600073e-11
4450.056 4.319300339999947e-11
4500.056 4.612051108400115e-11
4550.056 4.950703036803283e-11
4600.056 3.9745598075463846e-11
4650.056 2.8102513063998727e-11
4700.056 1.642102490299994e-11
4750.056 3.651738609999923e-12
4800.056 6.650242967099915e-13
4850.056 1.7968882230999814e-13
4900.056 7.843000590899947e-14
4950.056 3.908485221499971e-14
5000.056 1.6304576371799816e-14
5050.056 7.703861421300008e-15
5100.056 6.950488864800044e-15
5150.056 6.866244542800106e-15
5200.056 6.907311136600023e-15
5250.056 6.9762001322e-15
5300.056 7.155831597799997e-15
5350.056 7.488709338800009e-15
5400.056 7.89447235019998e-15
5450.056 8.431786575900031e-15
5500.056 9.059465582200134e-15
5550.056 9.736851887800047e-15
5600.056 1.0391863974799984e-14
5650.056 1.0905933923499981e-14
5700.056 1.1036814178300021e-14
5750.056 1.0777558914799995e-14
5800.056 9.734954126299991e-15
5850.056 7.158676407799884e-15
5900.056 2.4644156767161873e-15
5950.056 1.3552722250300537e-14
6000.056 2.7120810474099366e-14
6050.056 4.753767559900127e-14
6100.056 7.640653877100095e-14
6150.056 1.1596993865500106e-13
6200.056 1.7189384495000123e-13
6250.056 2.4752634780000054e-13
6300.056 3.6147366812000167e-13
6350.056 5.222850972800051e-13
6400.056 7.477035377900082e-13
6450.056 1.025797115899958e-12
6500.056 1.4963938347799715e-12
6550.056 2.1968902588200076e-12
6600.056 3.228236864440126e-12
6650.056 4.691473980400043e-12
6700.056 6.251475850220067e-12
6750.056 9.244783474400058e-12
6800.056 1.1850169236000117e-11
6850.056 1.330830754600003e-11
6900.056 1.216217665410036e-11
6950.056 1.0427389138689759e-11
7000.056 1.0616428700410258e-11
7050.056 1.1292422021529708e-11
7100.056 1.2275942776199728e-11
7150.056 1.1574756045300127e-11
7200.056 1.0859139656163747e-11
7250.056 1.0739111408904308e-11
7300.056 1.0191252684732456e-11
7350.056 9.734736648950515e-12
7400.056 9.445362745300519e-12
7450.056 9.113752965700452e-12
7500.056 8.651547944699796e-12
7550.056 7.993785093099917e-12
7600.056 7.123259014299967e-12
7650.056 2.437774971103906e-12
7700.056 1.7547345770960758e-12
7750.056 7.789790814900101e-12
7800.056 1.1789612125379922e-11
7850.056 1.8896373511899857e-11
7900.056 2.6775539559099247e-11
7950.056 3.184186601468017e-11
8000.056 5.105398291500046e-11
8050.056 6.838655363900311e-11
8100.056 8.031873358649057e-11
8150.056 1.0192407574989744e-10
8200.056 1.4418529975549213e-10
8250.056 1.804699017229566e-10
8300.056 2.3140328534838423e-10
8350.056 2.689538183229414e-10
8400.056 3.2936822520854327e-10
8450.056 4.224849382509701e-10
8500.056 4.776950109034508e-10
8550.056 6.357020138400064e-10
8600.056 8.095202330900151e-10
8650.056 9.731309313700366e-10
8700.056 1.1060477045900217e-09
8750.056 1.2948798166700203e-09
8800.056 1.436088893270077e-09
8850.056 1.3438589626599393e-09
8900.056 5.668413669114947e-10
8950.056 7.328338897947069e-10
9000.056 6.078569296880192e-10
9050.056 1.4588438025501969e-09
9100.056 1.8441864023774828e-09
9150.056 2.0680756454004e-09
9200.056 2.884397141725798e-09
9250.056 3.00935290669113e-09
9300.056 1.186269290519032e-09
9350.056 1.3324280188470945e-09
9400.056 1.8471780095369725e-09
9450.056 2.3853853270867533e-09
9500.056 2.2146955413778345e-09
9550.056 2.633117164299871e-09
9600.056 2.4847580176580824e-09
9650.056 3.0228382755432105e-09
9700.056 3.714763785569045e-09
9750.056 3.741794248905977e-09
9800.056 4.052496950053051e-09
9850.056 4.550920454872639e-09
9900.056 5.808145240439269e-09
9950.056 5.437993342964704e-09
10000.056 6.542570276001452e-09
10050.056 7.429287747690778e-09
10100.056 9.830278633777377e-09
10150.056 1.1745434524698627e-08
10200.056 1.419772272980067e-08
10250.056 1.6520582472891624e-08
10300.056 2.029516824267848e-08
10350.056 2.436837090959917e-08
10400.056 3.124557500599927e-08
10450.056 3.631035976329251e-08
10500.056 4.170332785580235e-08
10550.056 4.787957534560336e-08
10600.056 5.090991383479501e-08
10650.056 5.473013264670163e-08
10700.056 5.489332774197095e-08
10750.056 5.778600964726889e-08
10800.056 5.722484527792886e-08
10850.056 5.0803058530360085e-08
10900.056 3.316688381580436e-08
10950.056 1.5712292567682056e-08
11000.056 1.2740447561333944e-08
11050.056 8.940027006631981e-09
11100.056 5.606124074541574e-09
11150.056 2.5547735003334615e-09
11200.056 1.6272194917636284e-09
11250.056 1.9209449665022546e-09
11300.056 2.753449079311039e-09
11350.056 1.027629649715676e-09
11400.056 1.82010291931942e-09
11450.056 1.5707909572028408e-09
11500.056 8.455885660596828e-10
11550.056 1.6961140643197834e-10
11600.056 2.3051820637154167e-10
11650.056 7.269307033248308e-10
11700.056 7.225113288926097e-10
11750.056 8.183514099222422e-11
11800.056 7.321483439712433e-10
11850.056 1.630839964168301e-09
11900.056 1.9457028842975635e-09
11950.056 3.2965640698251007e-09
12000.056 5.753770146363658e-09
12050.056 9.696536208217235e-09
12100.056 1.568207719194698e-08
12150.056 2.3908682219051578e-08
12200.056 3.125930351722703e-08
12250.056 4.257198607383787e-08
12300.056 5.593536369342001e-08
12350.056 5.983945776510717e-08
12400.056 7.73778150208167e-08
12450.056 8.990323037815444e-08
12500.056 9.9383862084452e-08
12550.056 1.118392553640042e-07
12600.056 1.2586861038395698e-07
12650.056 1.2242097751925209e-07
12700.056 1.241467783111367e-07
12750.056 1.1551293715954724e-07
12800.056 1.0916845785078897e-07
12850.056 8.591256845829896e-08
12900.056 6.705137245016176e-08
12950.056 6.223293888155622e-08
13000.056 5.002750335909607e-08
13050.056 3.7657129308567534e-08
13100.056 3.1692889578373346e-08
13150.056 2.2397572324687352e-08
13200.056 1.7344214297395275e-08
13250.056 1.1797119782653695e-08
13300.056 4.300367757115502e-09
13350.056 1.112562129687183e-09
13400.056 9.427157084149426e-10
13450.056 4.0054869625933565e-10
13500.056 2.3424997391697505e-10
13550.056 1.3245514315763686e-10
13600.056 3.2041016749186856e-11
13650.056 1.3348477294354334e-10
13700.056 1.0905272026609271e-10
13750.056 8.633789297429309e-11
13800.056 7.374575049067764e-11
13850.056 5.619656328108317e-11
13900.056 6.90180547325603e-11
13950.056 4.8952378094599334e-11
14000.056 5.518019902169211e-11
14050.056 8.214725696933114e-11
14100.056 1.1090390519804424e-10
14150.056 1.8138586871365155e-10
14200.056 1.3982627224227848e-10
14250.056 2.028220738842112e-10
14300.056 3.475986529856838e-10
14350.056 4.2982038022237454e-10
14400.056 5.402223896875478e-10
14450.056 6.740393185921146e-10
14500.056 1.3530930138684535e-09
14550.056 1.7141011849828121e-09
14600.056 2.2752220092604914e-09
14650.056 2.3033086808815747e-09
14700.056 1.7975021648100068e-09
14750.056 1.937649240161848e-09
14800.056 3.2023661499569026e-09
14850.056 3.965400613500362e-09
14900.056 4.473173382124727e-09
14950.056 4.8981404572703166e-09
15000.056 6.752758804718557e-09
15050.056 6.892115194356436e-09
15100.056 7.39437459000449e-09
15150.056 8.49389496757474e-09
15200.056 1.0161646476590028e-08
15250.056 1.4822675525229013e-08
15300.056 1.7721793554579382e-08
15350.056 2.0601244363758073e-08
15400.056 2.4851366778827667e-08
15450.056 2.8800439487506472e-08
15500.056 3.05806053837533e-08
15550.056 3.624484924928204e-08
15600.056 3.729204715696751e-08
15650.056 4.2860255750511346e-08
15700.056 5.25331666197936e-08
15750.056 5.8130139199224604e-08
15800.056 5.565898312771701e-08
15850.056 5.952769221570509e-08
15900.056 4.930339415824355e-08
15950.056 4.212178670148658e-08
16000.056 2.6676984765306543e-08
16050.056 1.2788433663658263e-08
16100.056 7.563761698704825e-09
16150.056 3.995530539178717e-09
16200.056 2.1651880688050685e-09
16250.056 1.5280697679345965e-09
16300.056 9.929818713456546e-10
16350.056 1.0820291620183687e-09
16400.056 1.3874885399417841e-09
16450.056 1.3177747293037508e-09
16500.056 1.2632741915264243e-09
16550.056 1.3662359339947347e-09
16600.056 1.3490123511829295e-09
16650.056 1.1183241733275357e-09
16700.056 2.1713685323773483e-10
16750.056 4.2923865365398086e-10
16800.056 8.423798235331328e-10
16850.056 1.0666619923262915e-09
16900.056 6.323798817259179e-10
16950.056 3.9416000880776717e-10
17000.056 2.540350415966843e-10
17050.056 4.77347701331968e-10
17100.056 7.437151114691028e-10
17150.056 4.2560823954689565e-10
17200.056 1.134460047394841e-09
17250.056 9.728169390199496e-10
17300.056 5.55677160379626e-10
17350.056 5.10783919483616e-10
17400.056 7.551126207920257e-10
17450.056 1.1261670265808585e-09
17500.056 1.5207727540920796e-09
17550.056 1.4882284385705813e-09
17600.056 1.189536429820604e-09
17650.056 1.2052051026606642e-09
17700.056 8.153819385562894e-10
17750.056 9.357916750973327e-10
17800.056 2.0051080986620814e-09
17850.056 1.1761761285430265e-09
17900.056 8.712738064232437e-10
17950.056 7.704164843075068e-10
18000.056 1.0617396624650948e-09
18050.056 1.3197246383105693e-09
18100.056 1.6722109268609864e-09
18150.056 1.9351041117938433e-09
18200.056 1.3473023374546114e-09
18250.056 3.0401743778500297e-09
18300.056 1.6919066076443919e-09
18350.056 1.2667412830826468e-09
18400.056 1.2756535661131168e-09
18450.056 2.220146687298893e-09
18500.056 2.379908062246233e-09
18550.056 1.8223125330049548e-09
18600.056 1.997393584356903e-09
18650.056 1.918030014063036e-09
18700.056 1.2898825536921865e-09
18750.056 2.320264492041375e-09
18800.056 4.694711853954091e-09
18850.056 5.323965655058126e-09
18900.056 4.9721358649063605e-09
18950.056 7.659241867168224e-09
19000.056 4.565095729633223e-09
19050.056 3.1872300136203026e-09
19100.056 6.002343149093608e-09
19150.056 4.122577227706338e-09
19200.056 5.506542095669834e-09
19250.056 4.179254619984787e-09
19300.056 3.44492415932345e-09
19350.056 2.9214503362965436e-09
19400.056 2.551112091099958e-09
19450.056 5.010007485866634e-09
19500.056 4.561811203986088e-09
19550.056 2.9960581445021092e-09
19600.056 5.628999362495621e-09
19650.056 5.778191210456217e-09
19700.056 6.3356723381890415e-09
19750.056 8.621640238029763e-09
19800.056 7.772602972218501e-09
19850.056 1.119231808296938e-08
19900.056 8.97691335636901e-09
19950.056 1.5229005633145314e-08
20000.056 1.5183696881106265e-08
20050.056 1.5084211703241986e-08
20100.056 2.1417346339469305e-08
20150.056 1.7298027760778427e-08
20200.056 1.8915527053030983e-08
20250.056 2.6021216400918724e-08
20300.056 2.739001315881493e-08
20350.056 3.2595634870350254e-08
20400.056 2.9091844367481548e-08
20450.056 3.842381200803568e-08
20500.056 4.3870672757143155e-08
20550.056 4.310778455255738e-08
20600.056 4.853719786928671e-08
20650.056 5.0175346607116644e-08
20700.056 5.224845138160102e-08
20750.056 5.60042699271529e-08
20800.056 5.4181688868092074e-08
20850.056 5.203657281561058e-08
20900.056 5.269103180729845e-08
20950.056 4.7517438628578844e-08
21000.056 4.275424028607663e-08
21050.056 4.219411573949285e-08
21100.056 3.6124578728698274e-08
21150.056 3.578328323858289e-08
21200.056 3.0355037262777914e-08
21250.056 2.588175058296974e-08
21300.056 1.8775443004855507e-08
21350.056 1.9047988002252898e-08
21400.056 1.6753848373301532e-08
21450.056 1.3477970273719554e-08
21500.056 1.1777689976080182e-08
21550.056 1.0103574270745072e-08
21600.056 7.719130519384041e-09
21650.056 6.113184025166757e-09
21700.056 5.9154402574490055e-09
21750.056 5.418704731690632e-09
21800.056 4.442832947588858e-09
21850.056 4.107749636602001e-09
21900.056 2.6260574001207517e-09
21950.056 1.2151338463284529e-09
22000.056 3.5774883835542456e-10
22050.056 2.217230092185885e-10
22100.056 5.290528962467566e-10
22150.056 9.061568297804372e-10
22200.056 1.0453009478860252e-09
22250.056 7.840138266763213e-10
22300.056 5.60727127822392e-10
22350.056 5.897194092364525e-10
22400.056 3.370195706955475e-10
22450.056 3.2547761090954216e-10
22500.056 2.5795016789068386e-10
22550.056 2.0197308676330731e-10
22600.056 1.9352963291185547e-10
22650.056 2.5370451902435053e-10
22700.056 2.0496321031220626e-10
22750.056 2.1116093852760949e-10
22800.056 1.9105226372074614e-10
22850.056 1.6150392833933002e-10
22900.056 1.2059173960362192e-10
22950.056 1.1690613381513365e-10
23000.056 1.708152536474511e-10
23050.056 2.274276719140499e-10
23100.056 5.693802340572508e-10
23150.056 7.23097854442623e-10
23200.056 9.616684992487699e-11
23250.056 1.2922493182020092e-10
23300.056 1.3778263195026885e-10
23350.056 1.6561281962439366e-10
23400.056 1.8846453922868585e-10
23450.056 1.5580745284633572e-10
23500.056 1.65550740958887e-10
23550.056 2.4284227121237106e-10
23600.056 2.893702014636824e-10
23650.056 4.849751319099087e-10
23700.056 2.1542947566681665e-10
23750.056 1.5451016389336322e-10
23800.056 2.784757927909573e-10
23850.056 2.840204893148999e-10
23900.056 4.896148136178536e-10
23950.056 5.135628052256613e-10
24000.056 6.329030255169989e-10
24050.056 9.310384471326493e-10
24100.056 8.683404374210136e-10
24150.056 1.0619559567400991e-09
24200.056 9.386185765024333e-10
24250.056 7.428223567932741e-10
24300.056 1.0175297719690248e-09
24350.056 8.606051196088786e-10
24400.056 1.4101129199817968e-09
24450.056 1.5446226736585955e-09
24500.056 1.5709381221099755e-09
24550.056 2.1066845994476665e-09
24600.056 2.1723926036421215e-09
24650.056 2.949982807411576e-09
24700.056 2.057815227285575e-09
24750.056 2.63191274923823e-09
24800.056 2.7474497272105223e-09
24850.056 3.694546723979695e-09
24900.056 2.372618029749105e-09
24950.056 4.2593728457421515e-09
25000.056 4.1010381275428135e-09
25050.056 3.1136993460478166e-09
25100.056 4.393865457097814e-09
25150.056 2.656346759245877e-09
25200.056 3.8261244754657145e-09
25250.056 2.3669827081669114e-09
25300.056 3.773850325122094e-09
25350.056 1.9794834958605874e-09
25400.056 4.100244209129521e-09
25450.056 1.8310698937964086e-09
25500.056 1.8238051463830478e-09
25550.056 2.469021283549706e-09
25600.056 1.555658573396685e-09
25650.056 1.1390999948475589e-09
25700.056 2.0359988003950214e-09
25750.056 7.609204649299589e-10
25800.056 2.097013427970742e-09
25850.056 8.145446767940122e-10
25900.056 1.094001541947366e-09
25950.056 5.467363667217743e-10
26000.056 2.3250830575004814e-09
26050.056 8.565800698416651e-10
26100.056 1.8393283268646597e-09
26150.056 1.2530048854676317e-09
26200.056 1.657373028009062e-09
26250.056 3.5810145122743023e-09
26300.056 1.8831697417110763e-09
26350.056 4.795277747208108e-09
26400.056 5.20591888315438e-09
26450.056 5.788507634287816e-09
26500.056 6.998877647770058e-09
26550.056 2.6146287969591473e-09
26600.056 3.720756820599551e-09
26650.056 1.2462034547143403e-09
26700.056 1.064455432688763e-09
26750.056 8.263986403427391e-10
26800.056 1.7653971914177375e-09
26850.056 9.832098782801824e-10
26900.056 2.9403006914181526e-09
26950.056 1.3620106788992584e-09
27000.056 4.733475036703369e-09
27050.056 3.787631133477509e-09
27100.056 1.7843222434929002e-09
27150.056 5.9145543121299996e-09
27200.056 1.8592835271953263e-09
27250.056 3.191003331436068e-09
27300.056 1.0273608293264929e-08
27350.056 5.945133504658187e-09
27400.056 9.604274754330445e-10
27450.056 7.863844981177046e-09
27500.056 7.823765337314229e-09
27550.056 2.343348245131603e-09
27600.056 5.087394156124354e-09
27650.056 1.906590303181429e-09
27700.056 1.4865767098215359e-09
27750.056 5.811880296433961e-09
27800.056 1.947969683756121e-09
27850.056 2.8751428146067235e-09
27900.056 3.023605556493214e-09
27950.056 6.8798305712208885e-09
28000.056 5.467334105790143e-09
28050.056 1.2199825686206327e-09
28100.056 6.464017324060451e-09
28150.056 4.059378910642954e-09
28200.056 1.6443353635577364e-09
28250.056 7.306268963921241e-09
28300.056 9.241568982738143e-09
28350.056 2.452242348064133e-09
28400.056 5.29705606127845e-09
28450.056 7.893489689201095e-09
28500.056 5.654419806492389e-09
28550.056 1.792476424543499e-09
28600.056 9.0088824813749e-09
28650.056 7.504740266888281e-09
28700.056 6.929823422330533e-09
28750.056 1.1387348006400915e-08
28800.056 7.307308022646823e-09
