galfind/configs/Brown_Dwarf_templates/sonora_bobcat/m+0.5/31g/sp_t425g31nc_m+0.5_resample.dat
# %ECSV 1.0
# ---
# datatype:
# - {name: wav, unit: Angstrom, datatype: float64}
# - {name: flux_nu, unit: erg / (cm2 Hz s), datatype: float64}
# meta: {C/O: '1.00', Kzz: '1.0000E+05', Teff: '425.', Y: '0.28', '[Fe/H]': '0.50', f_hole: '1.00', f_rain: '0.00', grav: '32.'}
# schema: astropy-2.0
wav flux_nu
[from data line 498]
28900.056 1.42884756814729e-10
28950.056 2.290640441415855e-10
29000.056 1.4119077328658024e-10
29050.056 2.2611219269739756e-10
29100.056 1.2452153911641682e-10
29150.056 1.417013717624749e-10
29200.056 2.599027377393306e-10
29250.056 3.9276033688897073e-10
29300.056 1.5459365523250163e-10
29350.056 4.514276378109777e-10
29400.056 2.3252204012184384e-10
29450.056 1.6784980979257885e-10
29500.056 4.045259981414033e-10
29550.056 1.741066443058478e-10
29600.056 2.5443394047917073e-10
29650.056 5.645172185339792e-10
29700.056 1.6058779528209977e-10
29750.056 4.1919527436031384e-10
29800.056 3.5645096064360626e-10
29850.056 4.499921132922634e-10
29900.056 2.825995114187887e-10
29950.056 3.6842728361197185e-10
30000.056 7.142354713803661e-12
30050.056 3.720930512443897e-11
30100.056 1.419388083398526e-10
30150.056 3.474390628397082e-10
30200.056 2.6072804957923704e-10
30250.056 5.741705497938303e-10
30300.056 8.681261036828801e-10
30350.056 2.748163018080202e-10
30400.056 7.230076286187989e-10
30450.056 4.704161701639616e-10
30500.056 4.283678246276272e-10
30550.056 3.665329074196462e-10
30600.056 1.0392015714068122e-09
30650.056 6.359086968044834e-10
30700.056 4.0348843183884345e-10
30750.056 8.14426882581555e-10
30800.056 5.070910565322423e-10
30850.056 6.192335725854094e-10
30900.056 2.9318315098172327e-10
30950.056 3.8021957597975565e-10
31000.056 4.159470727016449e-10
31050.056 3.067910274980613e-10
31100.056 1.8231180335788466e-10
31150.056 3.402762188259765e-10
31200.056 6.407091979812285e-10
31250.056 4.712352363426557e-10
31300.056 2.7235373747326175e-10
31350.056 5.193146577558631e-10
31400.056 3.6314471586994023e-10
31450.056 3.5619644826995534e-10
31500.056 1.720604178199735e-10
31550.056 2.4550129785117324e-10
31600.056 1.525958180891411e-10
31650.056 1.756172538066762e-10
31700.056 1.6879964034199302e-10
31750.056 8.059753393536894e-11
31800.056 1.5923338369511127e-10
31850.056 3.544374858017096e-11
31900.056 7.945203060935292e-11
31950.056 5.206704133459955e-11
32000.056 3.96707580384935e-11
32050.056 6.821366683402366e-11
32100.056 6.038032570569553e-11
32150.056 6.858356678452723e-11
32200.056 3.293175413780395e-11
32250.056 8.827196343768234e-11
32300.056 3.1011504336084995e-11
32350.056 7.71532219875601e-11
32400.056 1.8339384828815604e-11
32450.056 5.7787777048071586e-11
32500.056 2.099889057541826e-11
32550.056 4.334083077840537e-11
32600.056 2.5949810978980836e-11
32650.056 1.3956986884951133e-10
32700.056 3.7217690693321806e-11
32750.056 2.2884279427636004e-10
32800.056 1.206128387132541e-10
32850.056 3.515571378972397e-10
32900.056 2.934804187480871e-10
32950.056 3.5168333565369565e-10
33000.056 1.3869358707501215e-10
33050.056 2.0959220994409789e-10
33100.056 4.295186383114201e-11
33150.056 1.6376343591778574e-14
33200.056 9.637933586343786e-13
33250.056 8.837756311539155e-13
33300.056 6.577100732246063e-12
33350.056 2.1098509611648473e-11
33400.056 8.695754389739458e-11
33450.056 7.451905022167912e-11
33500.056 2.5667163468637307e-10
33550.056 5.617421345999414e-11
33600.056 1.728966389401301e-10
33650.056 1.4990697160885156e-10
33700.056 7.042786921161393e-11
33750.056 2.314768870730492e-10
33800.056 3.3053198283877584e-11
33850.056 1.2478772094386536e-10
33900.056 1.2860367318075431e-10
33950.056 1.009755018349356e-10
34000.056 2.3110701217721727e-10
34050.056 3.938784872268782e-11
34100.056 2.0621797971804606e-10
34150.056 1.0520125185416458e-10
34200.056 2.2969424844376628e-10
34250.056 1.4289742941476446e-10
34300.056 1.5322615482167165e-10
34350.056 2.1480179696160062e-10
34400.056 8.703301601272181e-11
34450.056 2.2800245108756641e-10
34500.056 1.3490407342186954e-10
34550.056 8.440631553180891e-11
34600.056 3.4204589608554173e-10
34650.056 8.459433879191056e-11
34700.056 2.8651393279381447e-10
34750.056 1.7411893124845228e-10
34800.056 1.878666061989576e-10
34850.056 3.6583496770803263e-10
34900.056 1.493310523405805e-10
34950.056 3.7502616379208224e-10
35000.056 7.468961617408023e-10
35050.056 3.2907271044358316e-10
35100.056 7.138996222002409e-10
35150.056 4.812594533272103e-10
35200.056 5.838148357633339e-10
35250.056 8.579968750172203e-10
35300.056 4.5587633185857777e-10
35350.056 5.022901996422218e-10
35400.056 4.261878924879593e-10
35450.056 3.7035573885267355e-10
35500.056 1.2940799719192935e-09
35550.056 8.373467249676508e-10
35600.056 7.901662336176014e-10
35650.056 7.628323839306655e-10
35700.056 9.074479452708805e-10
35750.056 1.2645023987961272e-09
35800.056 1.3903452326319406e-09
35850.056 5.055631269933857e-10
35900.056 6.651748393082321e-10
35950.056 7.325330784714967e-10
36000.056 9.552095029722923e-10
36050.056 6.538495604144984e-10
36100.056 6.157573077440038e-10
36150.056 1.1522752995524997e-09
36200.056 1.2196960516101627e-09
36250.056 9.477719661298916e-10
36300.056 1.8487535707302942e-09
36350.056 1.1363385683290042e-09
36400.056 1.6640810946051411e-09
36450.056 2.0094817981372035e-09
36500.056 2.2205758846427498e-09
36550.056 2.469572344185712e-09
36600.056 2.822087252256702e-09
36650.056 2.204479503985468e-09
36700.056 2.588824065705429e-09
36750.056 3.043633469597483e-09
36800.056 3.1613592859671416e-09
36850.056 1.929980035212253e-09
36900.056 3.394954826913713e-09
36950.056 3.3447169411747896e-09
37000.056 2.577710828684466e-09
37050.056 3.3926254952473456e-09
37100.056 3.262326417223096e-09
37150.056 2.3335805924772443e-09
37200.056 4.129828969899702e-09
37250.056 2.995571053324399e-09
37300.056 2.3630680356164475e-09
37350.056 3.811688355681259e-09
37400.056 5.48693469826453e-09
37450.056 2.6270046695807415e-09
37500.056 3.3767874584139078e-09
37550.056 5.081223274240207e-09
37600.056 6.629063184917266e-09
37650.056 2.7303547877285776e-09
37700.056 5.759477836176232e-09
37750.056 3.467121755472374e-09
37800.056 3.619195991363007e-09
37850.056 1.8573218835233147e-09
37900.056 2.808006735722443e-09
37950.056 5.048710973802971e-09
38000.056 5.293694079494922e-09
38050.056 6.327203252385548e-09
38100.056 7.049995831677995e-09
38150.056 7.989455782733393e-09
38200.056 7.484089964984791e-09
38250.056 7.636954489177286e-09
38300.056 1.1337804640475929e-08
38350.056 1.1105767837135265e-08
38400.056 4.7594763189654294e-09
38450.056 3.0322745645042403e-09
38500.056 1.82245203335806e-09
38550.056 5.263508439708093e-09
38600.056 5.0790515531042445e-09
38650.056 5.424603287708713e-09
38700.056 3.843920194721712e-09
38750.056 5.279045038795508e-09
38800.056 5.242054823876823e-09
38850.056 5.79659078505926e-09
38900.056 7.708060807479165e-09
38950.056 5.219411812805359e-09
39000.056 8.654819032074735e-09
39050.056 5.147770913882763e-09
39100.056 7.798782048100122e-09
39150.056 8.801260656448335e-09
39200.056 7.368438268945259e-09
39250.056 1.1099599145037135e-08
39300.056 6.757810964986798e-09
39350.056 1.37795171733499e-08
39400.056 7.1917617469419705e-09
39450.056 1.0827173470045216e-08
39500.056 1.137464954990328e-08
39550.056 7.230211824716846e-09
39600.056 1.1143631106000253e-08
39650.056 1.2229289478867525e-08
39700.056 1.2206876863124914e-08
39750.056 7.716636660896495e-09
39800.056 8.457791227448473e-09
39850.056 1.546920332095205e-08
39900.056 1.72237491720617e-08
39950.056 8.949011972233597e-09
40000.056 1.636906974431331e-08
40050.056 1.4886397739878337e-08
40100.056 7.383860739480855e-09
40150.056 1.5488166699753703e-08
40200.056 1.648395276814265e-08
40250.056 1.8299534183706255e-08
40300.056 1.6974977076297777e-08
40350.056 1.3205624896554464e-08
40400.056 1.794140164907632e-08
40450.056 1.1022453358759958e-08
40500.056 2.108171177134781e-08
40550.056 2.1908962528427975e-08
40600.056 1.7149863275502592e-08
40650.056 1.2665742708856647e-08
40700.056 2.5203307325512045e-08
40750.056 1.7448600854746345e-08
40800.056 1.2550691586053315e-08
40850.056 3.015095585434429e-08
40900.056 2.460987756763607e-08
40950.056 2.2935937778984508e-08
41000.056 1.9961105201120684e-08
41050.056 3.226922812144493e-08
41100.056 2.6036870377252237e-08
41150.056 1.278766154323169e-08
41200.056 3.418541299623356e-08
41250.056 2.2234645642610694e-08
41300.056 2.372434162611239e-08
41350.056 3.379637816399636e-08
41400.056 2.917693319638282e-08
41450.056 3.8442537374584165e-08
41500.056 2.751557739999017e-08
41550.056 2.5168832254169744e-08
41600.056 2.5600128011208885e-08
41650.056 3.435306647989805e-08
41700.056 3.723546862957937e-08
41750.056 3.325464690879159e-08
41800.056 3.741978917286032e-08
41850.056 3.189312396360829e-08
41900.056 3.038164189411999e-08
41950.056 2.8925245071705274e-08
42000.056 2.1723196342188782e-08
42050.056 2.4868198098719405e-08
42100.056 2.7872999942284092e-08
42150.056 2.875876351792944e-08
42200.056 3.122161943803121e-08
42250.056 2.4638889924653912e-08
42300.056 2.6825458301108835e-08
42350.056 3.895737362950373e-08
42400.056 4.2418402473142174e-08
42450.056 4.08269219112214e-08
42500.056 3.521505365368955e-08
42550.056 3.228133110748499e-08
42600.056 3.4634080019883864e-08
42650.056 5.6647800655169147e-08
42700.056 3.2553517334982786e-08
42750.056 4.1643383733952425e-08
42800.056 5.796923241121462e-08
42850.056 5.62969611133833e-08
42900.056 6.016199545942284e-08
42950.056 5.07079100025895e-08
43000.056 5.486231701462462e-08
43050.056 3.280675717484483e-08
43100.056 4.466721132828528e-08
43150.056 3.8371141793208274e-08
43200.056 6.312386037400266e-08
43250.056 7.575139842399782e-08
43300.056 7.254811564198795e-08
43350.056 4.413770197958786e-08
43400.056 5.7895913461829746e-08
43450.056 4.068727636104309e-08
43500.056 3.73178391105082e-08
43550.056 4.1909746701816244e-08
43600.056 6.9820597668609e-08
43650.056 4.946177748980425e-08
43700.056 7.592223469112283e-08
43750.056 6.66010163778937e-08
43800.056 6.367792414308794e-08
43850.056 5.2030474831397244e-08
43900.056 4.972844594590237e-08
43950.056 3.013958420219924e-08
44000.056 3.1630759942843795e-08
44050.056 7.67280051700024e-08
44100.056 9.951970074519073e-08
44150.056 8.662950846928019e-08
44200.056 7.439239417549651e-08
44250.056 4.326602585800254e-08
44300.056 3.6340979613406144e-08
44350.056 4.2733809761463455e-08
44400.056 3.878723611098377e-08
44450.056 6.51420885043845e-08
44500.056 6.331912944381397e-08
44550.056 9.432771944778793e-08
44600.056 7.8165697515968e-08
44650.056 6.47585064303142e-08
44700.056 4.390571248650227e-08
44750.056 7.387390472382226e-08
44800.056 4.817838757950729e-08
44850.056 6.331599618837035e-08
44900.056 5.743837955910349e-08
44950.056 7.299906459180627e-08
45000.056 8.041753368600333e-08
45050.056 7.229760986048972e-08
45100.056 6.382781036229585e-08
45150.056 6.15829853617301e-08
45200.056 4.946670680690009e-08
45250.056 5.6568745323075826e-08
45300.056 4.835163396601237e-08
45350.056 4.3672493018018975e-08
45400.056 1.1043828897701481e-07
45450.056 8.304544040161046e-08
45500.056 1.0576312204450941e-07
45550.056 1.0742964347195113e-07
45600.056 9.549534978602702e-08
45650.056 7.57526766857017e-08
45700.056 5.051405747569851e-08
45750.056 4.939479881870123e-08
45800.056 1.1812399236358995e-07
45850.056 9.143699677429172e-08
45900.056 1.1573675948898411e-07
45950.056 9.97560388459984e-08
46000.056 1.0836384048550832e-07
46050.056 8.060023146411282e-08
46100.056 1.266729051649763e-07
46150.056 7.638920692061391e-08
46200.056 6.528170040979033e-08
46250.056 2.8627843974375334e-08
46300.056 7.761689362240101e-08
46350.056 8.240782526361474e-08
46400.056 6.78124414320994e-08
46450.056 6.399185331284405e-08
46500.056 7.995756283472114e-08
46550.056 4.158754034080375e-08
46600.056 6.453064007995232e-08
46650.056 9.746300578840659e-08
46700.056 6.200117777467921e-08
46750.056 3.56672982657855e-08
46800.056 2.3067863906615506e-08
46850.056 1.0006700707882146e-07
46900.056 8.907921988099753e-08
46950.056 9.046880066899262e-08
47000.056 9.087416039702158e-08
47050.056 6.41337791129082e-08
47100.056 4.503890831875774e-08
47150.056 6.74225697788083e-08
47200.056 7.833914437359553e-08
47250.056 4.9895948946197254e-08
47300.056 3.215037076946796e-08
47350.056 9.975373634199314e-08
47400.056 7.918829625799485e-08
47450.056 7.311021497510596e-08
47500.056 1.0087261553858653e-07
47550.056 8.62378749420146e-08
47600.056 8.274714139470101e-08
47650.056 8.381438789361867e-08
47700.056 6.529174925858005e-08
47750.056 4.89363845933042e-08
47800.056 4.180555874830519e-08
47850.056 2.193644605972566e-08
47900.056 3.418318482089358e-08
47950.056 7.030049464061076e-08
48000.056 1.0187678577401742e-07
48050.056 8.759115309780955e-08
48100.056 3.690205631168602e-08
48150.056 6.956964313360136e-08
48200.056 4.5750721895260354e-08
48250.056 5.376819565249893e-08
48300.056 9.216431765898196e-08
48350.056 5.369097248899998e-08
48400.056 1.681832547989905e-08
48450.056 3.4837185626438766e-08
48500.056 5.56095637549858e-08
48550.056 5.686554616126576e-08
48600.056 7.117757588799764e-08
48650.056 8.75314654549815e-08
48700.056 5.940114437837629e-08
48750.056 4.223333324612403e-08
48800.056 8.497581047689659e-08
48850.056 4.484471306849257e-08
48900.056 6.36204217148088e-08
48950.056 3.41983239470027e-08
49000.056 1.6850831091739646e-08
49050.056 5.257114581099354e-08
49100.056 7.102482626203505e-08
49150.056 5.09587480437485e-08
49200.056 8.701892328002112e-08
49250.056 8.416614716101063e-08
49300.056 7.11419269484003e-08
49350.056 2.739195544174005e-08
49400.056 4.046287056378764e-08
49450.056 4.159124810613872e-08
49500.056 3.096168099904709e-08
49550.056 7.63600487219063e-09
49600.056 2.0969331346944775e-08
49650.056 4.7160702599301663e-08
49700.056 4.886874542257867e-08
49750.056 4.9881361920598276e-08
49800.056 3.2607044385529974e-08
49850.056 6.985472453661966e-08
49900.056 5.337886433850895e-08
49950.056 5.585189148100515e-08
50000.056 4.2652561568194274e-08
50050.056 5.183480754080207e-08
50100.056 4.046289045719879e-08
50150.056 2.0321544141135166e-08
50200.056 3.851080201917535e-09
50250.056 2.3737880858997743e-08
50300.056 1.4965566533386597e-08
50350.056 4.903717603400643e-08
50400.056 4.674315043657187e-08
50450.056 3.7914862346824034e-08
50500.056 5.531186990860578e-08
50550.056 4.696022607050689e-08
50600.056 3.48131013150903e-08
50650.056 5.950554376601089e-08
50700.056 5.7767949334977356e-08
50750.056 3.771168389280458e-08
50800.056 1.3770791685724811e-08
50850.056 7.816204753724052e-09
50900.056 4.230268112420033e-08
50950.056 3.425160733959981e-08
51000.056 3.0044405636981476e-08
51050.056 4.3068030809195326e-08
51100.056 1.6961114186919114e-08
51150.056 2.0357378641890742e-08
51200.056 5.535831550899954e-08
51250.056 3.604097668294028e-08
51300.056 2.7284546541444672e-08
51350.056 2.4922896244270562e-08
51400.056 8.643799735336673e-09
51450.056 6.783075698314577e-09
51500.056 7.006482717853306e-09
51550.056 2.7298561263103628e-08
51600.056 2.0875849672877225e-08
51650.056 2.6644236199694065e-08
51700.056 2.8084185694312293e-08
51750.056 1.8756110309680157e-08
51800.056 3.2564913545997e-08
51850.056 2.720645090979653e-08
51900.056 3.4840038463195274e-08
51950.056 2.0401276623196908e-08
52000.056 2.3684818659930713e-09
52050.056 1.1666671517841693e-08
52100.056 7.015747396599265e-09
52150.056 3.994485475148245e-09
52200.056 1.1066747591829866e-08
52250.056 1.6342420829707173e-08
52300.056 2.2508070991438183e-08
52350.056 8.581151801220298e-09
52400.056 8.406926705873669e-09
52450.056 2.9516631090003137e-08
52500.056 2.1669806865054472e-08
52550.056 2.4781139881697804e-08
52600.056 1.8832450811198342e-08
52650.056 2.293497671840172e-08
52700.056 1.723403891209953e-08
52750.056 6.78672234128837e-09
52800.056 1.2497271639221612e-08
52850.056 1.3871589529236666e-08
52900.056 6.311904772893482e-09
52950.056 1.0299973641339045e-08
53000.056 1.7057114748905234e-08
53050.056 6.593352430882054e-09
53100.056 1.8996369045594515e-08
53150.056 2.0434369021568782e-08
53200.056 1.023655032283474e-08
53250.056 1.9957485381396646e-08
53300.056 2.469286473415854e-08
53350.056 1.8312955727277307e-08
53400.056 1.1755094521095616e-08
53450.056 4.419725155273476e-09
53500.056 7.412288362832659e-10
53550.056 2.241538356741025e-09
