galfind/configs/Brown_Dwarf_templates/sonora_bobcat/m+0.5/31g/sp_t2200g31nc_m+0.5_resample.dat
# %ECSV 1.0
# ---
# datatype:
# - {name: wav, unit: Angstrom, datatype: float64}
# - {name: flux_nu, unit: erg / (cm2 Hz s), datatype: float64}
# meta: {C/O: '1.00', Kzz: '1.0000E+05', Teff: '2200.', Y: '0.28', '[Fe/H]': '0.50', f_hole: '1.00', f_rain: '0.00', grav: '32.'}
# schema: astropy-2.0
wav flux_nu
[from data line 500]
29000.056 2.8744230339789075e-06
29050.056 2.9424540619197968e-06
29100.056 2.6706199809099666e-06
29150.056 3.048944161900197e-06
29200.056 2.907856291700147e-06
29250.056 3.103505856080043e-06
29300.056 2.854584623288578e-06
29350.056 3.2782632245995096e-06
29400.056 2.918469122669878e-06
29450.056 2.8629108173097925e-06
29500.056 3.062566813909713e-06
29550.056 2.9449930730403145e-06
29600.056 3.0371966262000664e-06
29650.056 3.0781911779901346e-06
29700.056 2.749205160239796e-06
29750.056 3.2864430830010682e-06
29800.056 3.164693453359875e-06
29850.056 3.127438379579613e-06
29900.056 2.8642925254406453e-06
29950.056 3.269452414899486e-06
30000.056 3.252337994248876e-06
30050.056 3.089346028099959e-06
30100.056 2.559322439759458e-06
30150.056 3.6201405049996995e-06
30200.056 3.3503786726002997e-06
30250.056 3.145840108900688e-06
30300.056 3.275670005199922e-06
30350.056 3.092868906100602e-06
30400.056 3.5036503344004713e-06
30450.056 2.9478645332003514e-06
30500.056 2.90617622540046e-06
30550.056 3.6551405053006957e-06
30600.056 3.4973938429003e-06
30650.056 3.434690007100169e-06
30700.056 3.269953369500022e-06
30750.056 3.146835928700171e-06
30800.056 3.63285631830101e-06
30850.056 3.245507142499967e-06
30900.056 3.2964220075997457e-06
30950.056 3.173106367600339e-06
31000.056 3.549897502799896e-06
31050.056 3.0797872719000786e-06
31100.056 3.47294230960001e-06
31150.056 3.4793874556997458e-06
31200.056 3.6099356897996454e-06
31250.056 3.7168001858006857e-06
31300.056 3.396192490399736e-06
31350.056 3.3778460461999697e-06
31400.056 3.5169003912005236e-06
31450.056 3.508347359600246e-06
31500.056 3.5962322870005966e-06
31550.056 3.3185931771999777e-06
31600.056 3.477591220399877e-06
31650.056 3.595580380699922e-06
31700.056 3.7409867012999896e-06
31750.056 3.278268526300169e-06
31800.056 3.6702943606003123e-06
31850.056 3.980134382999863e-06
31900.056 3.869961835199747e-06
31950.056 3.27692527869964e-06
32000.056 3.4824486115006983e-06
32050.056 3.90658145360042e-06
32100.056 3.928319411499651e-06
32150.056 3.885264830100162e-06
32200.056 3.750375265999912e-06
32250.056 3.585568024800138e-06
32300.056 3.847565154700143e-06
32350.056 4.035156330600476e-06
32400.056 3.7188084793999925e-06
32450.056 3.607382808400296e-06
32500.056 3.8790769063002255e-06
32550.056 4.183702423800136e-06
32600.056 4.081004791799781e-06
32650.056 4.0142161553010515e-06
32700.056 3.8277679960001e-06
32750.056 4.016529941400018e-06
32800.056 3.7446938300005745e-06
32850.056 4.281952806599719e-06
32900.056 4.119394618100088e-06
32950.056 3.688118728199873e-06
33000.056 3.969932889600228e-06
33050.056 4.0182553625996085e-06
33100.056 4.144846280899056e-06
33150.056 4.119433146900321e-06
33200.056 3.879472137000593e-06
33250.056 4.081584546800171e-06
33300.056 4.398553831300308e-06
33350.056 4.1235094347003486e-06
33400.056 3.9057172878996755e-06
33450.056 4.232752951098776e-06
33500.056 4.143200867700238e-06
33550.056 4.130065833199333e-06
33600.056 4.167357831600584e-06
33650.056 4.250603573900721e-06
33700.056 4.39871269509943e-06
33750.056 4.377139408100164e-06
33800.056 4.324439424299908e-06
33850.056 4.152939003599981e-06
33900.056 4.548279512399535e-06
33950.056 4.116219042799537e-06
34000.056 4.192227175599153e-06
34050.056 4.284648943600114e-06
34100.056 4.540390121100477e-06
34150.056 4.442053900699598e-06
34200.056 4.216978215599436e-06
34250.056 4.6073026120994125e-06
34300.056 4.323017386799462e-06
34350.056 4.517456354699418e-06
34400.056 4.205656222999531e-06
34450.056 4.270329231199999e-06
34500.056 4.330145495200834e-06
34550.056 4.270216006599813e-06
34600.056 4.416306567100016e-06
34650.056 4.413005492099857e-06
34700.056 4.231818228799542e-06
34750.056 4.515093855700275e-06
34800.056 4.6455897900996005e-06
34850.056 4.272872699900075e-06
34900.056 4.5518013254004e-06
34950.056 4.415936775099152e-06
35000.056 4.337346412099567e-06
35050.056 4.6411452704005335e-06
35100.056 4.5910925792991545e-06
35150.056 4.450295473999627e-06
35200.056 4.5939162990996595e-06
35250.056 4.146666962200378e-06
35300.056 4.522611953500421e-06
35350.056 4.708431495099672e-06
35400.056 4.482077796399856e-06
35450.056 4.3574208691002525e-06
35500.056 4.59528285930002e-06
35550.056 4.457802006499987e-06
35600.056 4.402416086699193e-06
35650.056 4.7311845042005006e-06
35700.056 4.388795862400329e-06
35750.056 4.437577376099708e-06
35800.056 4.598583492499696e-06
35850.056 4.710951053299657e-06
35900.056 4.758499804199556e-06
35950.056 4.661064556499497e-06
36000.056 4.3103172014995225e-06
36050.056 4.755691192400187e-06
36100.056 4.915385552300047e-06
36150.056 4.500623462100297e-06
36200.056 4.790761784299538e-06
36250.056 4.4998829378993094e-06
36300.056 5.022386474200772e-06
36350.056 4.885121520299388e-06
36400.056 4.696638771899823e-06
36450.056 4.977599645599671e-06
36500.056 4.69787017400032e-06
36550.056 4.5751412775004586e-06
36600.056 4.664886073800443e-06
36650.056 4.79631487180048e-06
36700.056 4.977197612800197e-06
36750.056 4.685354333800581e-06
36800.056 4.790372829299488e-06
36850.056 4.854029399799963e-06
36900.056 4.912961257300664e-06
36950.056 4.905259496500101e-06
37000.056 4.914845458400259e-06
37050.056 5.030577081999978e-06
37100.056 4.845460225100318e-06
37150.056 4.791579850299141e-06
37200.056 5.008158211800152e-06
37250.056 5.0211680430003554e-06
37300.056 4.981116275100849e-06
37350.056 4.810656170800556e-06
37400.056 5.005571460699699e-06
37450.056 4.986679263100396e-06
37500.056 5.091990448599805e-06
37550.056 4.953925533899273e-06
37600.056 5.1662125790994e-06
37650.056 4.793565524499545e-06
37700.056 4.8532024628002e-06
37750.056 5.159691010099262e-06
37800.056 5.2562121686999675e-06
37850.056 5.061999804699769e-06
37900.056 5.1492482971003225e-06
37950.056 5.17757694230028e-06
38000.056 5.055179027500658e-06
38050.056 5.08782035000032e-06
38100.056 4.945181725500157e-06
38150.056 5.230128681899325e-06
38200.056 5.344442434899342e-06
38250.056 5.046464712400578e-06
38300.056 4.974804170199927e-06
38350.056 5.167184303400007e-06
38400.056 5.176731026699835e-06
38450.056 5.140525811000507e-06
38500.056 5.103761759999771e-06
38550.056 5.127863152800378e-06
38600.056 5.44556393629975e-06
38650.056 4.906296100500194e-06
38700.056 4.995767689800533e-06
38750.056 5.241793515000037e-06
38800.056 5.109204830100681e-06
38850.056 5.1759000340002505e-06
38900.056 4.991432668499959e-06
38950.056 5.167382901699574e-06
39000.056 5.120009535000144e-06
39050.056 5.145544556099981e-06
39100.056 4.922918560499903e-06
39150.056 5.051774744900259e-06
39200.056 5.162215454200205e-06
39250.056 5.148875919599375e-06
39300.056 5.159121587999193e-06
39350.056 5.1144957166005e-06
39400.056 5.0021512156001795e-06
39450.056 5.0514198244997574e-06
39500.056 5.021447531299946e-06
39550.056 4.935352923099e-06
39600.056 5.273725826100402e-06
39650.056 4.9155310178001556e-06
39700.056 5.0780348819999725e-06
39750.056 5.0620282911995265e-06
39800.056 4.84845642380027e-06
39850.056 4.971789465199788e-06
39900.056 4.852939984899703e-06
39950.056 5.048773510699819e-06
40000.056 4.8310435064997436e-06
40050.056 4.503693247699846e-06
40100.056 4.8335743345997595e-06
40150.056 4.544285514999228e-06
40200.056 4.750495171099678e-06
40250.056 4.747318075898648e-06
40300.056 4.410721517300249e-06
40350.056 4.6071410918002255e-06
40400.056 4.706934704199936e-06
40450.056 4.367069559300932e-06
40500.056 4.1699112134999125e-06
40550.056 4.733540049099768e-06
40600.056 4.378254632700265e-06
40650.056 4.474376859700986e-06
40700.056 4.673155501700343e-06
40750.056 4.185889986798955e-06
40800.056 4.150479280500533e-06
40850.056 3.974906281000834e-06
40900.056 3.890254209600682e-06
40950.056 4.223858035300011e-06
41000.056 4.39012326940043e-06
41050.056 4.246236764599281e-06
41100.056 4.082958221900641e-06
41150.056 4.367555338200213e-06
41200.056 4.0755249940000856e-06
41250.056 4.184904936300149e-06
41300.056 3.7479110948997056e-06
41350.056 4.2675563001002666e-06
41400.056 4.124050384499896e-06
41450.056 3.928734257499989e-06
41500.056 4.201105456400007e-06
41550.056 4.213753043000025e-06
41600.056 4.376617380699823e-06
41650.056 3.899071764400518e-06
41700.056 3.794526286699697e-06
41750.056 3.974304376299994e-06
41800.056 3.7826776669997304e-06
41850.056 3.6445150443004044e-06
41900.056 4.034641079099419e-06
41950.056 3.5494220124005056e-06
42000.056 3.825911318900233e-06
42050.056 3.6036406303988508e-06
42100.056 3.876622662300373e-06
42150.056 3.374612775899064e-06
42200.056 3.468479021500138e-06
42250.056 3.6511765714999084e-06
42300.056 3.2705894177999846e-06
42350.056 3.6861708600006316e-06
42400.056 3.3438119040002516e-06
42450.056 2.8995947651003384e-06
42500.056 3.1177224355003423e-06
42550.056 3.244620183399907e-06
42600.056 3.1768942415004573e-06
42650.056 2.9039434997988717e-06
42700.056 3.235070236600963e-06
42750.056 3.043525813400009e-06
42800.056 3.0265025352005127e-06
42850.056 3.1285948156998986e-06
42900.056 3.101991940300233e-06
42950.056 2.88639474549878e-06
43000.056 2.9757124944999772e-06
43050.056 2.9793188906011695e-06
43100.056 3.0372180250997576e-06
43150.056 3.123255849500519e-06
43200.056 3.0504116302000265e-06
43250.056 2.9655324466004367e-06
43300.056 3.1244956664003027e-06
43350.056 2.901296889299728e-06
43400.056 2.87727037539994e-06
43450.056 2.986781070500916e-06
43500.056 2.8907609369993376e-06
43550.056 3.0462125083998536e-06
43600.056 3.0865597579000884e-06
43650.056 2.8574594949004866e-06
43700.056 2.8214972217995563e-06
43750.056 2.8938845687000684e-06
43800.056 2.7991992641001444e-06
43850.056 2.9110253761003716e-06
43900.056 2.9217930028999246e-06
43950.056 2.809958387200613e-06
44000.056 2.7178729506005817e-06
44050.056 2.789867311700115e-06
44100.056 2.7781116910005305e-06
44150.056 2.976139743699351e-06
44200.056 2.8454191305999145e-06
44250.056 2.6936045057998507e-06
44300.056 2.6654285469003443e-06
44350.056 2.732323714400007e-06
44400.056 2.6773904935001163e-06
44450.056 2.872247833600075e-06
44500.056 2.9704774593004628e-06
44550.056 2.712799083699379e-06
44600.056 2.7861254483003226e-06
44650.056 2.8620223682002747e-06
44700.056 2.70974738000028e-06
44750.056 2.867961682199691e-06
44800.056 2.9595559953998454e-06
44850.056 3.0343376677002128e-06
44900.056 2.8930106672005536e-06
44950.056 2.689443557899951e-06
45000.056 2.929975494799989e-06
45050.056 2.872761304799676e-06
45100.056 2.9413725382996773e-06
45150.056 2.980491120099972e-06
45200.056 2.79135506439989e-06
45250.056 2.8181227361995394e-06
45300.056 2.731467781100011e-06
45350.056 3.0126747910993948e-06
45400.056 3.019154416100373e-06
45450.056 2.844891876999546e-06
45500.056 2.7775441040999795e-06
45550.056 2.957179391899463e-06
45600.056 2.9491747098999358e-06
45650.056 2.7247202985990946e-06
45700.056 2.804874361700383e-06
45750.056 2.9126119057997704e-06
45800.056 2.9577392296000894e-06
45850.056 3.041436980800117e-06
45900.056 3.086314109900024e-06
45950.056 2.8276694368999663e-06
46000.056 2.970734473100082e-06
46050.056 3.0025710294005785e-06
46100.056 2.8730612776002165e-06
46150.056 2.9043610453000154e-06
46200.056 3.1130926380005477e-06
46250.056 2.782088718199853e-06
46300.056 3.0739108281998026e-06
46350.056 2.6733525774998027e-06
46400.056 2.8789376644996625e-06
46450.056 2.774810712100651e-06
46500.056 2.7816984356001435e-06
46550.056 2.974359172299778e-06
46600.056 2.7213273940996134e-06
46650.056 3.167923949500196e-06
46700.056 2.9511596459005416e-06
46750.056 2.727621418999918e-06
46800.056 2.9190343431004552e-06
46850.056 2.9509556105000234e-06
46900.056 2.8947856537995e-06
46950.056 2.937266291100203e-06
47000.056 2.998183331400089e-06
47050.056 2.871281468599712e-06
47100.056 2.920861332700205e-06
47150.056 2.861677151100502e-06
47200.056 2.8534431594005945e-06
47250.056 2.8958971741990347e-06
47300.056 2.747457939499197e-06
47350.056 2.676686102399603e-06
47400.056 2.9391944670994367e-06
47450.056 3.114478227599793e-06
47500.056 2.772319549999159e-06
47550.056 2.904870885999278e-06
47600.056 2.989418659500035e-06
47650.056 2.5193785748994363e-06
47700.056 2.988496151100243e-06
47750.056 2.4599667370007285e-06
47800.056 3.011027473999731e-06
47850.056 2.6865807347985916e-06
47900.056 3.0477585789000963e-06
47950.056 2.5443020782007227e-06
48000.056 3.0883867258000844e-06
48050.056 2.7051315029006686e-06
48100.056 2.6574400941000872e-06
48150.056 2.6739210140002682e-06
48200.056 2.96701617240093e-06
48250.056 2.7528482326996325e-06
48300.056 3.1056672445997797e-06
48350.056 2.5032155187995913e-06
48400.056 3.0129010662999156e-06
48450.056 2.864828116200199e-06
48500.056 3.0298079062000818e-06
48550.056 2.701198504700046e-06
48600.056 2.862912064699752e-06
48650.056 2.549305663000005e-06
48700.056 2.69508362520006e-06
48750.056 2.495089289800528e-06
48800.056 3.0561047405001222e-06
48850.056 2.7027701458995822e-06
48900.056 2.898194153499964e-06
48950.056 2.886993035500625e-06
49000.056 2.76158482449984e-06
49050.056 2.712847743699761e-06
49100.056 2.761136726199936e-06
49150.056 2.7094940931002537e-06
49200.056 2.9633156626000444e-06
49250.056 2.790429302400322e-06
49300.056 2.663956824699748e-06
49350.056 2.4557570735001453e-06
49400.056 2.8791733781005785e-06
49450.056 2.667851303900501e-06
49500.056 2.7150688120004036e-06
49550.056 2.5828754370000555e-06
49600.056 2.609925286700401e-06
49650.056 2.60280399690061e-06
49700.056 2.3636657067997226e-06
49750.056 2.924404205499346e-06
49800.056 2.7694193748000225e-06
49850.056 2.88587986540009e-06
49900.056 2.567294420800085e-06
49950.056 2.7754322202989773e-06
50000.056 2.5443265242994655e-06
50050.056 2.7424739092001045e-06
50100.056 2.6369404060997203e-06
50150.056 2.5778111760998194e-06
50200.056 2.357638366000107e-06
50250.056 2.3708861571001618e-06
50300.056 2.4974494858994637e-06
50350.056 2.548170717399965e-06
50400.056 2.5992434068002354e-06
50450.056 2.4442952803001587e-06
50500.056 2.908028875500416e-06
50550.056 2.634083122199798e-06
50600.056 2.587808819400291e-06
50650.056 2.565046197300661e-06
50700.056 2.6281453127992157e-06
50750.056 2.494197289000265e-06
50800.056 2.464223532500056e-06
50850.056 2.4843263118003275e-06
50900.056 2.442072150799978e-06
50950.056 2.7147217120003846e-06
51000.056 2.776738263000261e-06
51050.056 2.373580702000489e-06
51100.056 2.3821453825998697e-06
51150.056 2.5799829690002035e-06
51200.056 2.580634601199764e-06
51250.056 2.612981839900123e-06
51300.056 2.4830918043006407e-06
51350.056 2.5610174522996607e-06
51400.056 2.472948546799411e-06
51450.056 2.0622365301998355e-06
51500.056 2.5882744940998075e-06
51550.056 2.7666756521002306e-06
51600.056 2.2348026338998657e-06
51650.056 2.5080931738996776e-06
51700.056 2.2212263682993448e-06
51750.056 2.3510985851001613e-06
51800.056 2.463467664499746e-06
51850.056 2.564028968700037e-06
51900.056 2.622976134400259e-06
51950.056 2.3565725929997277e-06
52000.056 2.2865055430999867e-06
52050.056 2.550997387799843e-06
52100.056 2.485854547599364e-06
52150.056 2.4668374096004798e-06
52200.056 2.378513252600102e-06
52250.056 2.311210374699975e-06
52300.056 2.3567504574999652e-06
52350.056 2.6869308748002797e-06
52400.056 2.2649295869998285e-06
52450.056 2.38050439889997e-06
52500.056 2.4414924513992232e-06
52550.056 2.286732743599448e-06
52600.056 2.4563748910001893e-06
52650.056 2.7005237007005215e-06
52700.056 2.427235088800084e-06
52750.056 2.0432199507998176e-06
52800.056 2.2802608190003327e-06
52850.056 2.234071327599862e-06
52900.056 2.37834608940039e-06
52950.056 2.336094969199476e-06
53000.056 2.4920659600996467e-06
53050.056 2.4561672043997177e-06
53100.056 2.1224029247994223e-06
53150.056 2.4927678037004965e-06
53200.056 2.1018835570003775e-06
53250.056 2.6739339988999384e-06
53300.056 2.4902953273007354e-06
53350.056 2.5695635333998695e-06
53400.056 2.27371429130015e-06
53450.056 2.16273310689998e-06
53500.056 2.1576404979997087e-06
53550.056 2.4882170717000244e-06
53600.056 2.4102001465003455e-06
53650.056 2.3195254353008467e-06
53700.056 2.2718956502006082e-06
