galfind/configs/Brown_Dwarf_templates/sonora_bobcat/m+0.5/31g/sp_t575g31nc_m+0.5_resample.dat
# %ECSV 1.0
# ---
# datatype:
# - {name: wav, unit: Angstrom, datatype: float64}
# - {name: flux_nu, unit: erg / (cm2 Hz s), datatype: float64}
# meta: {C/O: '1.00', Kzz: '1.0000E+05', Teff: '575.', Y: '0.28', '[Fe/H]': '0.50', f_hole: '1.00', f_rain: '0.00', grav: '32.'}
# schema: astropy-2.0
wav flux_nu
4000.0559999999996 nan
4050.0559999999996 8.409492662705372e-16
4100.056 1.070180758951026e-13
4150.056 9.348977699200124e-13
4200.056 8.63848925608291e-13
4250.056 5.2791525399001155e-12
4300.056 9.4260962890002e-12
4350.056 1.3271838003500335e-11
4400.056 1.7534977163400212e-11
4450.056 2.4385420832999798e-11
4500.056 2.7410955213000492e-11
4550.056 2.8241520528050227e-11
4600.056 1.6452609286101956e-11
4650.056 1.03246825368998e-11
4700.056 5.113599254799961e-12
4750.056 1.0731028601899788e-12
4800.056 2.4575171476999723e-13
4850.056 7.571223311099921e-14
4900.056 3.3374126140999776e-14
4950.056 1.6709587078999883e-14
5000.056 7.473090045199918e-15
5050.056 4.010809943500007e-15
5100.056 3.871299644000038e-15
5150.056 4.030671475700082e-15
5200.056 4.23887080360002e-15
5250.056 4.446098956200002e-15
5300.056 4.705265940799998e-15
5350.056 5.0457815500000065e-15
5400.056 5.408454293299989e-15
5450.056 5.861128076300036e-15
5500.056 6.378983787500109e-15
5550.056 6.931902701600038e-15
5600.056 7.47339924459999e-15
5650.056 7.92971760019998e-15
5700.056 8.090442615500016e-15
5750.056 7.981705697399997e-15
5800.056 7.185582299099992e-15
5850.056 5.267899899999906e-15
5900.056 1.8004453965001507e-15
5950.056 9.939258563600455e-15
6000.056 2.0180711679299416e-14
6050.056 3.538597457800107e-14
6100.056 5.668360843300078e-14
6150.056 8.576114683500084e-14
6200.056 1.2643539231000092e-13
6250.056 1.792829825500003e-13
6300.056 2.575837449000009e-13
6350.056 3.6327209108000353e-13
6400.056 5.037800908500061e-13
6450.056 6.558520974299686e-13
6500.056 9.245683636199765e-13
6550.056 1.3201180537200012e-12
6600.056 1.8922791497400912e-12
6650.056 2.6973218075500263e-12
6700.056 3.5868733580300367e-12
6750.056 5.181322173900037e-12
6800.056 6.51722280780009e-12
6850.056 7.131693826700015e-12
6900.056 6.216619641700193e-12
6950.056 5.145470959671844e-12
7000.056 5.283217975510123e-12
7050.056 5.5358100446338435e-12
7100.056 5.977022662009811e-12
7150.056 5.4245859397113475e-12
7200.056 5.005499635781402e-12
7250.056 5.164656609486658e-12
7300.056 5.107702692683212e-12
7350.056 5.186193154985673e-12
7400.056 5.3446722189103304e-12
7450.056 5.538367608910346e-12
7500.056 5.600469626099838e-12
7550.056 5.492398378399934e-12
7600.056 5.134954914199981e-12
7650.056 1.899813414087931e-12
7700.056 1.423447869968056e-12
7750.056 5.863195695700066e-12
7800.056 8.441552633739878e-12
7850.056 1.263700659149991e-11
7900.056 1.6996693451899322e-11
7950.056 1.955677431803997e-11
8000.056 2.8454447670400096e-11
8050.056 3.606698625560138e-11
8100.056 3.8612522278709265e-11
8150.056 4.658964843488202e-11
8200.056 6.692703738743576e-11
8250.056 8.261599196110113e-11
8300.056 1.0584525612482281e-10
8350.056 1.18366261189605e-10
8400.056 1.4470297103767634e-10
8450.056 1.8955626354280748e-10
8500.056 2.1842792979167957e-10
8550.056 2.957999916190038e-10
8600.056 3.8205805227000763e-10
8650.056 4.6186794304001723e-10
8700.056 5.182204352900103e-10
8750.056 6.087305298100076e-10
8800.056 6.610141396800364e-10
8850.056 5.644393075739631e-10
8900.056 1.6064627901977402e-10
8950.056 2.4098463338717094e-10
9000.056 1.7433173678842084e-10
9050.056 5.246861479164558e-10
9100.056 7.055544491512957e-10
9150.056 8.356481419841955e-10
9200.056 1.2962824135479468e-09
9250.056 1.3769729240055454e-09
9300.056 4.1962877439282286e-10
9350.056 4.758971235318904e-10
9400.056 7.23436617345395e-10
9450.056 9.430617970981398e-10
9500.056 8.377475749909012e-10
9550.056 1.0125906198958488e-09
9600.056 9.256256465155565e-10
9650.056 1.176870364554664e-09
9700.056 1.534403492843369e-09
9750.056 1.515295370168248e-09
9800.056 1.6180876754025045e-09
9850.056 1.79979216576038e-09
9900.056 2.319365789551146e-09
9950.056 2.0111738956734837e-09
10000.056 2.5174419624603023e-09
10050.056 2.7604169666553864e-09
10100.056 3.890111954138924e-09
10150.056 4.621119719099596e-09
10200.056 5.642817358922352e-09
10250.056 6.704896366516259e-09
10300.056 8.496458297718478e-09
10350.056 1.0443883406555267e-08
10400.056 1.469798110394035e-08
10450.056 1.7987885750394983e-08
10500.056 2.1387553588900754e-08
10550.056 2.5444384014701682e-08
10600.056 2.7387806363157446e-08
10650.056 2.953565343414789e-08
10700.056 2.9230821872519558e-08
10750.056 3.060076739912036e-08
10800.056 2.961507794765279e-08
10850.056 2.5365935206098164e-08
10900.056 1.604514439920767e-08
10950.056 7.156282169158674e-09
11000.056 5.354880693299804e-09
11050.056 3.3129963124105176e-09
11100.056 1.7920626822051157e-09
11150.056 6.47240254974597e-10
11200.056 3.457512354383931e-10
11250.056 4.130208862129837e-10
11300.056 6.882277218720797e-10
11350.056 2.2133455796834965e-10
11400.056 4.146330162057286e-10
11450.056 3.577416000190911e-10
11500.056 1.695355562744208e-10
11550.056 2.8461806764545482e-11
11600.056 3.548574088775226e-11
11650.056 1.359054605332331e-10
11700.056 1.3664832932295028e-10
11750.056 1.3707694420820684e-11
11800.056 1.330510407298633e-10
11850.056 3.164536106198102e-10
11900.056 3.7484574064302074e-10
11950.056 6.693262298257671e-10
12000.056 1.3338870005371284e-09
12050.056 2.5552405072528024e-09
12100.056 4.912915710219558e-09
12150.056 8.56365397252876e-09
12200.056 1.1845377443331442e-08
12250.056 1.8282568687538493e-08
12300.056 2.6493449141045652e-08
12350.056 2.8210255241077092e-08
12400.056 4.007230825688547e-08
12450.056 5.107146384554493e-08
12500.056 5.7135234009692886e-08
12550.056 6.575379254471727e-08
12600.056 7.330206837274529e-08
12650.056 7.114324671918331e-08
12700.056 7.116756123207714e-08
12750.056 6.278397737446606e-08
12800.056 5.601495903457993e-08
12850.056 4.0467167578814404e-08
12900.056 2.9787856046063944e-08
12950.056 2.5702329061530157e-08
13000.056 2.0010280108698443e-08
13050.056 1.332497486252968e-08
13100.056 1.0772797575899317e-08
13150.056 6.939621168443017e-09
13200.056 5.144780608049489e-09
13250.056 3.350821773839174e-09
13300.056 1.1281099267785997e-09
13350.056 2.937109230913204e-10
13400.056 2.5602069361968253e-10
13450.056 1.0139649630767005e-10
13500.056 5.3808223098972116e-11
13550.056 2.9359881482782574e-11
13600.056 6.1690340454755025e-12
13650.056 3.245858793024581e-11
13700.056 2.429512491475941e-11
13750.056 2.1136670074169535e-11
13800.056 1.7274489846591338e-11
13850.056 1.2510772081215742e-11
13900.056 1.7149767479957926e-11
13950.056 1.1456849478717503e-11
14000.056 1.3280988827376551e-11
14050.056 2.106546356144252e-11
14100.056 2.90452358289387e-11
14150.056 4.999176431405961e-11
14200.056 3.6403300116095565e-11
14250.056 5.558273782310058e-11
14300.056 9.865309744163658e-11
14350.056 1.2610251079014784e-10
14400.056 1.5590268290516235e-10
14450.056 2.0493917552403612e-10
14500.056 4.299039412344963e-10
14550.056 5.375223354853445e-10
14600.056 7.026913948381253e-10
14650.056 6.492335708763057e-10
14700.056 4.6174065192671804e-10
14750.056 4.349931754085837e-10
14800.056 8.08894758384837e-10
14850.056 1.063104613754899e-09
14900.056 1.2044438780327353e-09
14950.056 1.2658506664080228e-09
15000.056 1.9408601989187967e-09
15050.056 1.886255345093376e-09
15100.056 1.899601140857995e-09
15150.056 2.1304964804074382e-09
15200.056 2.8475038529611576e-09
15250.056 4.815999739024195e-09
15300.056 5.909079102467072e-09
15350.056 7.206767778281412e-09
15400.056 9.065468901751437e-09
15450.056 1.0991287849561332e-08
15500.056 1.188007017492791e-08
15550.056 1.5009080542283984e-08
15600.056 1.6298035859210627e-08
15650.056 1.942466416686081e-08
15700.056 2.460256296450207e-08
15750.056 2.773526743044308e-08
15800.056 2.70294424861118e-08
15850.056 2.8527949056146035e-08
15900.056 2.257072191534993e-08
15950.056 1.8190595182694684e-08
16000.056 1.0933603520283385e-08
16050.056 4.95898405958036e-09
16100.056 2.949833728333577e-09
16150.056 1.5622228310097297e-09
16200.056 8.582010642483409e-10
16250.056 5.92431668343566e-10
16300.056 3.777262419878139e-10
16350.056 4.104277552462726e-10
16400.056 5.273348072128717e-10
16450.056 4.744394597330547e-10
16500.056 4.3125055513211566e-10
16550.056 4.795297210334455e-10
16600.056 5.165111585366351e-10
16650.056 4.1725720878962543e-10
16700.056 7.210240369225169e-11
16750.056 1.7320079034616708e-10
16800.056 3.3459985675811996e-10
16850.056 4.2137470746990163e-10
16900.056 2.3030121952756177e-10
16950.056 1.358508706359125e-10
17000.056 8.419456595331882e-11
17050.056 1.6390769051831303e-10
17100.056 2.6097126734929177e-10
17150.056 1.420826070649522e-10
17200.056 4.3341763577568547e-10
17250.056 3.419327160591964e-10
17300.056 1.8917754018024528e-10
17350.056 1.813650222966221e-10
17400.056 2.8918729887758656e-10
17450.056 4.3626654888304e-10
17500.056 5.882298556563433e-10
17550.056 5.652594183353372e-10
17600.056 4.474605619588575e-10
17650.056 4.5107816660328453e-10
17700.056 3.0293757257957993e-10
17750.056 3.5244093610728294e-10
17800.056 8.292215733586785e-10
17850.056 4.4061427672934966e-10
17900.056 3.242105378378802e-10
17950.056 2.8783476313158295e-10
18000.056 4.063232145786836e-10
18050.056 4.933633366484698e-10
18100.056 6.335680426489977e-10
18150.056 6.723085503548796e-10
18200.056 4.790032960003576e-10
18250.056 1.1761111680372967e-09
18300.056 5.548317236873758e-10
18350.056 4.040651305004152e-10
18400.056 3.805083830288622e-10
18450.056 8.310350956884399e-10
18500.056 8.611755683266984e-10
18550.056 6.255318289483323e-10
18600.056 7.463463985602502e-10
18650.056 6.605388281137232e-10
18700.056 3.5828433750262947e-10
18750.056 7.322961036887536e-10
18800.056 1.7384041688200679e-09
18850.056 1.9123631316335414e-09
18900.056 1.7247163522097757e-09
18950.056 2.752067737989939e-09
19000.056 1.3262568192292524e-09
19050.056 8.649887513333345e-10
19100.056 1.7603121993955415e-09
19150.056 1.0500172009356699e-09
19200.056 1.4783159582956052e-09
19250.056 1.1025605919231293e-09
19300.056 8.251209943658678e-10
19350.056 7.123867438970512e-10
19400.056 6.325293921378996e-10
19450.056 1.2768494065998427e-09
19500.056 1.071153501055533e-09
19550.056 7.574569238539781e-10
19600.056 1.6529893329827475e-09
19650.056 1.5607854889582015e-09
19700.056 1.6708788735738145e-09
19750.056 2.7412623068236954e-09
19800.056 2.2139060324582536e-09
19850.056 3.406151780590309e-09
19900.056 2.9398984219307216e-09
19950.056 4.833660523391233e-09
20000.056 5.419326245225067e-09
20050.056 5.0701816444631525e-09
20100.056 7.860974655940246e-09
20150.056 5.360546321457538e-09
20200.056 5.6969731074702484e-09
20250.056 8.917496580128234e-09
20300.056 9.78360685171251e-09
20350.056 1.1649715355667193e-08
20400.056 1.0201456553561546e-08
20450.056 1.4613555679556966e-08
20500.056 1.7419203854716397e-08
20550.056 1.7747059389679e-08
20600.056 1.9584003197243225e-08
20650.056 2.162455777103013e-08
20700.056 2.2853939792436083e-08
20750.056 2.5055664707443818e-08
20800.056 2.4052233430227404e-08
20850.056 2.3714503371126392e-08
20900.056 2.459814956487439e-08
20950.056 2.2085119682705618e-08
21000.056 1.988843556213737e-08
21050.056 2.0001593678115e-08
21100.056 1.711299912616423e-08
21150.056 1.7058514312280694e-08
21200.056 1.4576549470835507e-08
21250.056 1.2446123955145611e-08
21300.056 8.953239087038112e-09
21350.056 9.165334245259345e-09
21400.056 8.088934701347591e-09
21450.056 6.3160205997569215e-09
21500.056 5.518187834309443e-09
21550.056 4.7081788713651726e-09
21600.056 3.6044092051036776e-09
21650.056 2.8028176419772957e-09
21700.056 2.6282355338996915e-09
21750.056 2.474101228406523e-09
21800.056 1.9402483670061697e-09
21850.056 1.8096779208944744e-09
21900.056 1.1204785541402453e-09
21950.056 4.4700020915025205e-10
22000.056 1.1539889271862907e-10
22050.056 7.759607307836281e-11
22100.056 2.223582374646658e-10
22150.056 3.5802575930016435e-10
22200.056 4.068785777012807e-10
22250.056 2.9453076151966245e-10
22300.056 1.9360872246820497e-10
22350.056 2.1894404192245398e-10
22400.056 1.0926425660807694e-10
22450.056 1.160484577305979e-10
22500.056 8.870568409353333e-11
22550.056 6.674546442753224e-11
22600.056 5.825475487220078e-11
22650.056 8.698494957117067e-11
22700.056 7.045383844720565e-11
22750.056 7.005808204046164e-11
22800.056 6.39121852292715e-11
22850.056 5.2864375935262536e-11
22900.056 3.839786759029228e-11
22950.056 3.704215741927834e-11
23000.056 5.536507640463222e-11
23050.056 7.376436035565663e-11
23100.056 2.2339691087463362e-10
23150.056 2.709972652440444e-10
23200.056 2.6066809317313288e-11
23250.056 4.167287139427704e-11
23300.056 4.5821449689773996e-11
23350.056 6.095508494333213e-11
23400.056 6.692694425776436e-11
23450.056 5.0774766309459125e-11
23500.056 5.349300192701423e-11
23550.056 8.500875617569964e-11
23600.056 1.1004752385651251e-10
23650.056 1.947087636791922e-10
23700.056 6.940969505568906e-11
23750.056 4.8288140547512626e-11
23800.056 1.16684596737568e-10
23850.056 1.0801656624778601e-10
23900.056 2.0105316512498226e-10
23950.056 1.875479805204714e-10
24000.056 2.613129980254625e-10
24050.056 3.821610726862613e-10
24100.056 3.645775971285405e-10
24150.056 4.714278477622142e-10
24200.056 3.858393219167214e-10
24250.056 3.0311253463877883e-10
24300.056 4.4152699848574435e-10
24350.056 3.757791306003306e-10
24400.056 6.694610251095348e-10
24450.056 7.53578368766348e-10
24500.056 7.416509885591829e-10
24550.056 1.0361008972250242e-09
24600.056 1.069321947590807e-09
24650.056 1.5298384033074396e-09
24700.056 9.669294844784146e-10
24750.056 1.2986817143133917e-09
24800.056 1.3101104447405436e-09
24850.056 1.861934989394378e-09
24900.056 1.1072035349794063e-09
24950.056 2.0982296381452168e-09
25000.056 2.0549581431026727e-09
25050.056 1.4963689353030188e-09
25100.056 2.176963121725068e-09
25150.056 1.2029759196625928e-09
25200.056 1.8008685681571148e-09
25250.056 9.95577256850452e-10
25300.056 1.6175119533360305e-09
25350.056 7.861429754990476e-10
25400.056 1.796395362008311e-09
25450.056 6.894627638575093e-10
25500.056 6.779784032267001e-10
25550.056 1.0157002074717e-09
25600.056 5.835390895654997e-10
25650.056 3.9450738546542837e-10
25700.056 6.908999668882239e-10
25750.056 2.2538409711140588e-10
25800.056 7.774294438980651e-10
25850.056 2.375717912904479e-10
25900.056 3.3052094669442823e-10
25950.056 1.3323153543439783e-10
26000.056 8.138446898211548e-10
26050.056 2.146297289472848e-10
26100.056 6.049475958289347e-10
26150.056 3.666707149778911e-10
26200.056 4.970121959212683e-10
26250.056 1.4508002016714066e-09
26300.056 5.982449342515749e-10
26350.056 1.972617607220596e-09
26400.056 2.266635073380567e-09
26450.056 2.3699839804386978e-09
26500.056 3.198096454028883e-09
26550.056 8.85679125096723e-10
26600.056 1.2416344196759131e-09
26650.056 3.225580148871473e-10
26700.056 2.4669955793998893e-10
26750.056 2.1871499385389425e-10
26800.056 5.345651172237268e-10
26850.056 2.9352546144739997e-10
26900.056 1.049917924246033e-09
26950.056 4.3708247358502135e-10
27000.056 1.8181831848530965e-09
27050.056 1.5476318494172557e-09
27100.056 5.137827861972203e-10
27150.056 2.339744577907361e-09
27200.056 5.164260286794888e-10
27250.056 1.097239897477835e-09
27300.056 4.388342218967712e-09
27350.056 2.197088151691762e-09
27400.056 2.3182029655521743e-10
27450.056 2.8427953226300803e-09
27500.056 2.898465363601969e-09
27550.056 7.094898205342361e-10
27600.056 1.6932538834092071e-09
27650.056 5.624112643484514e-10
27700.056 4.372550083504458e-10
27750.056 2.061689972397591e-09
27800.056 6.115852693022634e-10
27850.056 9.792205417832829e-10
27900.056 9.936451637336703e-10
27950.056 2.459778282718039e-09
28000.056 2.014190402079835e-09
28050.056 3.5318389050631443e-10
28100.056 2.154938639593766e-09
28150.056 1.447035435672838e-09
28200.056 5.234662110834639e-10
28250.056 2.6470866220671273e-09
28300.056 3.0453379067110647e-09
28350.056 7.379732744221649e-10
28400.056 1.860575416879263e-09
28450.056 2.9408373635986792e-09
28500.056 1.9919762356482766e-09
28550.056 5.598328472534297e-10
28600.056 3.3609945298447027e-09
28650.056 2.606927740876112e-09
28700.056 2.675682186955753e-09
28750.056 4.4626858901162546e-09
28800.056 2.4695490574351106e-09
28850.056 3.799451293471084e-09
