galfind/configs/Brown_Dwarf_templates/sonora_bobcat/m+0.5/31g/sp_t500g31nc_m+0.5_resample.dat
# %ECSV 1.0
# ---
# datatype:
# - {name: wav, unit: Angstrom, datatype: float64}
# - {name: flux_nu, unit: erg / (cm2 Hz s), datatype: float64}
# meta: {C/O: '1.00', Kzz: '1.0000E+05', Teff: '500.', Y: '0.28', '[Fe/H]': '0.50', f_hole: '1.00', f_rain: '0.00', grav: '32.'}
# schema: astropy-2.0
wav flux_nu
[from data line 498]
28900.056 6.058852130269667e-10
28950.056 1.1857363159735987e-09
29000.056 7.949491655015227e-10
29050.056 1.1351368453718243e-09
29100.056 6.8871128868336e-10
29150.056 8.728067010213438e-10
29200.056 1.1173948965840687e-09
29250.056 1.934639041964418e-09
29300.056 7.195205594669296e-10
29350.056 2.405331832179354e-09
29400.056 1.0938095073470695e-09
29450.056 1.054215810670281e-09
29500.056 1.7337844694255113e-09
29550.056 9.756690990159352e-10
29600.056 1.430667997377235e-09
29650.056 2.3930056638398645e-09
29700.056 8.512506940954899e-10
29750.056 1.9263755163174296e-09
29800.056 1.8061290385379476e-09
29850.056 2.1309682672761696e-09
29900.056 1.5857904708091437e-09
29950.056 1.6985708550347547e-09
30000.056 5.980420194730905e-11
30050.056 2.1996450008805805e-10
30100.056 6.498439737772856e-10
30150.056 1.4068568981947733e-09
30200.056 1.0726121390414851e-09
30250.056 2.5310434411815266e-09
30300.056 3.299808844973774e-09
30350.056 1.4154905402100869e-09
30400.056 3.0755360338952773e-09
30450.056 1.8141111949547978e-09
30500.056 1.8651992160201615e-09
30550.056 1.6505109597958465e-09
30600.056 3.1868946538260215e-09
30650.056 2.116019994137211e-09
30700.056 1.5305562887475203e-09
30750.056 2.7092498821277073e-09
30800.056 1.6390014101397698e-09
30850.056 1.9868361947811436e-09
30900.056 1.0003477532451266e-09
30950.056 1.3531145827189774e-09
31000.056 1.2784363384822963e-09
31050.056 1.1054022800608124e-09
31100.056 6.953999537325213e-10
31150.056 1.1965647365468457e-09
31200.056 1.7111129790779611e-09
31250.056 1.2705249518151465e-09
31300.056 8.19261704593241e-10
31350.056 1.2949105423856004e-09
31400.056 9.341068637374426e-10
31450.056 9.283848478662426e-10
31500.056 5.240141994653069e-10
31550.056 6.891017082706517e-10
31600.056 4.141602319066374e-10
31650.056 4.896426437010813e-10
31700.056 5.036154990780286e-10
31750.056 2.46118977836787e-10
31800.056 4.796464609012688e-10
31850.056 1.4488593195043684e-10
31900.056 2.651228168144874e-10
31950.056 1.6919292860953303e-10
32000.056 1.6931747759936055e-10
32050.056 2.4538403130235467e-10
32100.056 2.1939035783508908e-10
32150.056 2.594017207327889e-10
32200.056 1.4060108262215255e-10
32250.056 3.350207020146144e-10
32300.056 1.4525988496345103e-10
32350.056 2.981651662117484e-10
32400.056 1.0662189477694199e-10
32450.056 2.454885349672103e-10
32500.056 1.209629857295043e-10
32550.056 1.8431040591127474e-10
32600.056 1.6831088607405018e-10
32650.056 5.50525029745847e-10
32700.056 2.2454088134299405e-10
32750.056 7.654557740808552e-10
32800.056 5.022702978345257e-10
32850.056 1.0038908351405848e-09
32900.056 9.098380605593594e-10
32950.056 1.1027401025838036e-09
33000.056 5.960431102578719e-10
33050.056 8.093835268594613e-10
33100.056 1.9768967525458426e-10
33150.056 4.869881976567865e-13
33200.056 6.2357221668106745e-12
33250.056 4.322849929408819e-12
33300.056 1.893978928832372e-11
33350.056 6.199544504282786e-11
33400.056 2.0238656736391072e-10
33450.056 2.3258515588116081e-10
33500.056 7.015677567466991e-10
33550.056 2.1154723278036518e-10
33600.056 5.998477992190874e-10
33650.056 5.337372634650952e-10
33700.056 3.2735744036011434e-10
33750.056 7.915996083545413e-10
33800.056 1.9713865157685315e-10
33850.056 4.970813588388853e-10
33900.056 4.684755870655352e-10
33950.056 3.9990314445731816e-10
34000.056 7.73896163516222e-10
34050.056 1.6797861764263493e-10
34100.056 6.950777260560951e-10
34150.056 4.0086707995149155e-10
34200.056 6.81336462529629e-10
34250.056 4.952007102659901e-10
34300.056 4.947967894922335e-10
34350.056 5.565290726271016e-10
34400.056 2.879987880819744e-10
34450.056 6.41661163040887e-10
34500.056 4.5549625522489924e-10
34550.056 2.676921121839295e-10
34600.056 8.904599710581505e-10
34650.056 3.129560618264736e-10
34700.056 8.159202381842761e-10
34750.056 5.42938714648225e-10
34800.056 5.399643132943892e-10
34850.056 8.799033648958993e-10
34900.056 5.386148784924995e-10
34950.056 9.875475884561877e-10
35000.056 1.9433609441798936e-09
35050.056 8.228909568197966e-10
35100.056 1.6894206406977402e-09
35150.056 1.1589393190890128e-09
35200.056 1.4937120543730688e-09
35250.056 2.09241137459205e-09
35300.056 1.2284837305435362e-09
35350.056 1.3311861178969881e-09
35400.056 1.3385212071808596e-09
35450.056 9.989024411017322e-10
35500.056 3.179888398541059e-09
35550.056 2.341413685192235e-09
35600.056 1.9567337765129755e-09
35650.056 1.9531369381899544e-09
35700.056 2.1582875829168204e-09
35750.056 3.1138151911151447e-09
35800.056 3.748114510130477e-09
35850.056 1.5434235093901677e-09
35900.056 2.0601610539043123e-09
35950.056 2.157612325614341e-09
36000.056 2.4562212024073884e-09
36050.056 1.7620194556526468e-09
36100.056 1.7794348625088908e-09
36150.056 2.745990933123249e-09
36200.056 2.9641623002226424e-09
36250.056 2.461418545646528e-09
36300.056 4.102696313557958e-09
36350.056 2.8651140623422956e-09
36400.056 3.647472755593543e-09
36450.056 4.610706053593598e-09
36500.056 5.283038217899932e-09
36550.056 5.255126113469106e-09
36600.056 6.44113800016549e-09
36650.056 5.315503937951172e-09
36700.056 6.1606664111703794e-09
36750.056 7.149989899422036e-09
36800.056 7.087950084236952e-09
36850.056 5.0834814160446705e-09
36900.056 7.759674996350637e-09
36950.056 7.705225166443207e-09
37000.056 6.274604767228301e-09
37050.056 7.488527741727454e-09
37100.056 8.129112266316195e-09
37150.056 5.727370827402159e-09
37200.056 9.0062797163879e-09
37250.056 7.48763165533732e-09
37300.056 6.15406654852408e-09
37350.056 8.608260045515028e-09
37400.056 1.2752030706604697e-08
37450.056 6.941405344974675e-09
37500.056 7.927845817448997e-09
37550.056 1.113571628408711e-08
37600.056 1.3557498468707255e-08
37650.056 6.6851866125427165e-09
37700.056 1.354381782268391e-08
37750.056 8.22631777261421e-09
37800.056 8.793525642664959e-09
37850.056 4.880853489547683e-09
37900.056 7.041646768358913e-09
37950.056 1.1356617675531912e-08
38000.056 1.2435937489025364e-08
38050.056 1.3206851392829417e-08
38100.056 1.4285538031876771e-08
38150.056 1.6828467735819417e-08
38200.056 1.6825420609106135e-08
38250.056 1.604028088971126e-08
38300.056 2.4023095929052918e-08
38350.056 2.3163227528328913e-08
38400.056 1.0877571571944312e-08
38450.056 8.897578776610281e-09
38500.056 5.518086934767013e-09
38550.056 1.2385770598431957e-08
38600.056 1.2383360594888826e-08
38650.056 1.20060683134339e-08
38700.056 1.025669194562417e-08
38750.056 1.2983544112215568e-08
38800.056 1.2290700440411472e-08
38850.056 1.351354192537693e-08
38900.056 1.811563876075919e-08
38950.056 1.2940752452446401e-08
39000.056 1.8347219674414583e-08
39050.056 1.2840266962664383e-08
39100.056 1.7528733753162094e-08
39150.056 1.8422522091335704e-08
39200.056 1.7333823539924282e-08
39250.056 2.347598281536221e-08
39300.056 1.5415336867111857e-08
39350.056 2.838545235862077e-08
39400.056 1.7109849941060027e-08
39450.056 2.2839861880422106e-08
39500.056 2.4614384100643394e-08
39550.056 1.9090468423747298e-08
39600.056 2.43131006563891e-08
39650.056 2.5802407540979078e-08
39700.056 2.6203214958775726e-08
39750.056 1.8386053602987995e-08
39800.056 2.05509403388783e-08
39850.056 3.3344059935302264e-08
39900.056 3.453845386070403e-08
39950.056 2.176117117551231e-08
40000.056 3.749789372857341e-08
40050.056 3.11924988275562e-08
40100.056 1.901346378625945e-08
40150.056 3.3060352412992744e-08
40200.056 3.5436400735240635e-08
40250.056 3.762469039264251e-08
40300.056 3.52119430038907e-08
40350.056 3.154942866406225e-08
40400.056 4.091944061196423e-08
40450.056 2.8394580720341507e-08
40500.056 4.4119355268588374e-08
40550.056 4.3902701962514647e-08
40600.056 3.888499967165663e-08
40650.056 2.8716152944226695e-08
40700.056 5.0890765889333306e-08
40750.056 3.8289769010245826e-08
40800.056 2.9059609315206382e-08
40850.056 5.983111358402751e-08
40900.056 5.129696059552759e-08
40950.056 4.729971382122182e-08
41000.056 4.535121891847821e-08
41050.056 6.416286343807272e-08
41100.056 5.319983188446656e-08
41150.056 3.052432601140964e-08
41200.056 6.687087097275082e-08
41250.056 4.654002970709853e-08
41300.056 4.81864556141749e-08
41350.056 6.953959184570077e-08
41400.056 6.051731691881005e-08
41450.056 7.333651804217969e-08
41500.056 5.4999367281445824e-08
41550.056 5.2585477310750124e-08
41600.056 5.687666910027336e-08
41650.056 6.918990873507189e-08
41700.056 6.75492255238602e-08
41750.056 6.53314325424866e-08
41800.056 7.726099220670597e-08
41850.056 6.176577157956264e-08
41900.056 6.181267630091428e-08
41950.056 5.868563619951536e-08
42000.056 5.159825759375129e-08
42050.056 5.4529112717085064e-08
42100.056 6.849518592104795e-08
42150.056 6.144012939775968e-08
42200.056 5.972766359218254e-08
42250.056 5.368110767573919e-08
42300.056 5.750618082755836e-08
42350.056 7.609162792911053e-08
42400.056 7.883354592672623e-08
42450.056 7.421739799793865e-08
42500.056 6.50274124035843e-08
42550.056 6.16082315063776e-08
42600.056 6.745839703722268e-08
42650.056 9.78862483506505e-08
42700.056 6.827187214381116e-08
42750.056 7.491202102954843e-08
42800.056 9.443334057782273e-08
42850.056 9.733614194996992e-08
42900.056 1.0392173473084177e-07
42950.056 8.775780890498284e-08
43000.056 9.357674355863539e-08
43050.056 6.063137681343313e-08
43100.056 7.977383984197021e-08
43150.056 7.29755815121105e-08
43200.056 1.0623680665799858e-07
43250.056 1.268598556260043e-07
43300.056 1.2247857859998872e-07
43350.056 7.815902938878474e-08
43400.056 9.75968038292933e-08
43450.056 7.607193464961149e-08
43500.056 6.884106321905969e-08
43550.056 7.539188134356076e-08
43600.056 1.1924699761781744e-07
43650.056 8.774542504910552e-08
43700.056 1.2101038370803263e-07
43750.056 1.1058370278140524e-07
43800.056 1.051736024834816e-07
43850.056 8.808320407599882e-08
43900.056 8.96425940414314e-08
43950.056 5.748789431310031e-08
44000.056 5.83989087682904e-08
44050.056 1.2487231370500729e-07
44100.056 1.5719567540099925e-07
44150.056 1.3751204967009212e-07
44200.056 1.2007866513099407e-07
44250.056 7.871665833330874e-08
44300.056 6.541386817041227e-08
44350.056 7.80626877270414e-08
44400.056 7.341162976669252e-08
44450.056 1.1081331071906545e-07
44500.056 1.092249901856274e-07
44550.056 1.529810786165788e-07
44600.056 1.24306783042606e-07
44650.056 1.1435619273462766e-07
44700.056 7.859696981300518e-08
44750.056 1.19673229387434e-07
44800.056 8.723123059723386e-08
44850.056 1.1110303745271766e-07
44900.056 9.922706570740433e-08
44950.056 1.2118418587220551e-07
45000.056 1.2904880541200057e-07
45050.056 1.2002974597549028e-07
45100.056 1.087366711157952e-07
45150.056 1.1101345396938597e-07
45200.056 8.890192389790259e-08
45250.056 9.88119586936573e-08
45300.056 8.327050488152354e-08
45350.056 8.370358906482839e-08
45400.056 1.7068052557601672e-07
45450.056 1.3456797471100713e-07
45500.056 1.5478445881171383e-07
45550.056 1.6400768816993194e-07
45600.056 1.5576579350304025e-07
45650.056 1.2255517622159936e-07
45700.056 8.899650707230098e-08
45750.056 8.739072665370041e-08
45800.056 1.7660444360898705e-07
45850.056 1.5429078189299151e-07
45900.056 1.7587622270898578e-07
45950.056 1.4867875072899297e-07
46000.056 1.6586440111710737e-07
46050.056 1.3012589214031915e-07
46100.056 1.8390457042797296e-07
46150.056 1.235809708195133e-07
46200.056 1.084367818101893e-07
46250.056 5.462044713709746e-08
46300.056 1.292655320316045e-07
46350.056 1.3040231429602166e-07
46400.056 1.1205387823900287e-07
46450.056 1.0510941526472505e-07
46500.056 1.2833398377153606e-07
46550.056 7.538060972950096e-08
46600.056 1.0902091864322896e-07
46650.056 1.6033098640200066e-07
46700.056 1.0614264533297268e-07
46750.056 6.828041542176555e-08
46800.056 4.632135034119164e-08
46850.056 1.667388983640375e-07
46900.056 1.4340468169299385e-07
46950.056 1.4179955968999383e-07
47000.056 1.42187605691033e-07
47050.056 1.0947545406000097e-07
47100.056 7.73602039965025e-08
47150.056 1.0719845789301325e-07
47200.056 1.2746134922599662e-07
47250.056 8.760134684909488e-08
47300.056 5.947389064140324e-08
47350.056 1.6000962347998443e-07
47400.056 1.295395131099919e-07
47450.056 1.287799906902915e-07
47500.056 1.5940964889398045e-07
47550.056 1.3720026907301494e-07
47600.056 1.3167538140300287e-07
47650.056 1.2767676924279182e-07
47700.056 1.0977714110062824e-07
47750.056 8.272730991680515e-08
47800.056 7.527536699200779e-08
47850.056 4.515050563155936e-08
47900.056 6.55053149463658e-08
47950.056 1.129066582224197e-07
48000.056 1.6332128778003417e-07
48050.056 1.4458468251360952e-07
48100.056 6.714779872161005e-08
48150.056 1.1564401575000391e-07
48200.056 8.380206315420183e-08
48250.056 9.422235093100437e-08
48300.056 1.432144386579646e-07
48350.056 8.791262174350617e-08
48400.056 3.4988859698001876e-08
48450.056 7.061599417661452e-08
48500.056 1.0395103104197584e-07
48550.056 9.971169725000825e-08
48600.056 1.1471603678799887e-07
48650.056 1.3318596278997517e-07
48700.056 9.727527401921319e-08
48750.056 6.799933479194276e-08
48800.056 1.3942386248139171e-07
48850.056 7.791785882898783e-08
48900.056 1.1624934416761328e-07
48950.056 6.763374061900832e-08
49000.056 3.369298837689576e-08
49050.056 9.145284819949031e-08
49100.056 1.1859184092572676e-07
49150.056 8.678467094943218e-08
49200.056 1.414261015490328e-07
49250.056 1.325070079820217e-07
49300.056 1.1459394856280128e-07
49350.056 5.026938734834983e-08
49400.056 7.103146225918182e-08
49450.056 7.614686760657569e-08
49500.056 5.816653380539484e-08
49550.056 1.7979778000622376e-08
49600.056 4.3789668683079156e-08
49650.056 8.135698217799883e-08
49700.056 8.072814873266653e-08
49750.056 8.673864110849058e-08
49800.056 6.238125165913505e-08
49850.056 1.1720384700383692e-07
49900.056 8.988317462378129e-08
49950.056 9.302798403680917e-08
50000.056 7.564269685447594e-08
50050.056 9.128147579600491e-08
50100.056 7.142256098630184e-08
50150.056 4.0054272629590864e-08
50200.056 9.876415226677419e-09
50250.056 5.052704628699296e-08
50300.056 3.3171764259015725e-08
50350.056 8.900217643251168e-08
50400.056 8.106460637978978e-08
50450.056 6.421349326544657e-08
50500.056 8.830675862711226e-08
50550.056 7.857206155901117e-08
50600.056 6.041511088378105e-08
50650.056 9.68488161000197e-08
50700.056 9.747062333195755e-08
50750.056 6.662789024600888e-08
50800.056 2.8627146914255483e-08
50850.056 1.8988219356889743e-08
50900.056 8.028827369500011e-08
50950.056 6.124292203700471e-08
51000.056 5.7848651726154234e-08
51050.056 7.267868257399416e-08
51100.056 3.177529845938003e-08
51150.056 4.150698632054251e-08
51200.056 9.858227504199533e-08
51250.056 6.118492732278757e-08
51300.056 4.8963738584646436e-08
51350.056 4.7087536009174924e-08
51400.056 1.9321178577500742e-08
51450.056 1.5330025687522826e-08
51500.056 1.584235187480764e-08
51550.056 5.501757920356462e-08
51600.056 3.937957380095322e-08
51650.056 4.6338378169386257e-08
51700.056 5.028259223853184e-08
51750.056 3.4436922759609215e-08
51800.056 5.59108878339942e-08
51850.056 4.87281534913945e-08
51900.056 6.647794403759262e-08
51950.056 4.2542553300994063e-08
52000.056 6.632865274797441e-09
52050.056 2.6000101277573938e-08
52100.056 1.68794815839987e-08
52150.056 1.098155107956452e-08
52200.056 2.2512078519160048e-08
52250.056 3.190941976091431e-08
52300.056 4.597051134265668e-08
52350.056 2.1332091124443173e-08
52400.056 1.882353006349224e-08
52450.056 5.569856372560446e-08
52500.056 4.302484157376941e-08
52550.056 4.640049745779431e-08
52600.056 3.564937052539926e-08
52650.056 4.2182029540604266e-08
52700.056 3.30629772270991e-08
52750.056 1.5836757924725334e-08
52800.056 2.552896757450369e-08
52850.056 2.799431613549195e-08
52900.056 1.5932451792940363e-08
52950.056 2.266291226706167e-08
53000.056 3.519925883361148e-08
53050.056 1.449034871956605e-08
53100.056 3.459944484458716e-08
53150.056 3.960705238714145e-08
53200.056 1.943620360618828e-08
53250.056 3.997523040040482e-08
53300.056 4.830107689418367e-08
53350.056 3.761806260562096e-08
53400.056 2.5496162014591007e-08
53450.056 1.0814858408556728e-08
53500.056 2.5353007871653357e-09
53550.056 6.820505537305683e-09
