galfind/configs/Brown_Dwarf_templates/sonora_bobcat/m+0.5/31g/sp_t550g31nc_m+0.5_resample.dat
# %ECSV 1.0
# ---
# datatype:
# - {name: wav, unit: Angstrom, datatype: float64}
# - {name: flux_nu, unit: erg / (cm2 Hz s), datatype: float64}
# meta: {C/O: '1.00', Kzz: '1.0000E+05', Teff: '550.', Y: '0.28', '[Fe/H]': '0.50', f_hole: '1.00', f_rain: '0.00', grav: '32.'}
# schema: astropy-2.0
wav flux_nu
4000.0559999999996 nan
4050.0559999999996 5.09946711512558e-16
4100.056 6.419039836920155e-14
4150.056 5.617858567800045e-13
4200.056 5.314436753310134e-13
4250.056 3.5565961354000382e-12
4300.056 6.6554226982001005e-12
4350.056 9.778001023200197e-12
4400.056 1.3258251521300119e-11
4450.056 1.8798333470999878e-11
4500.056 2.1712814416000327e-11
4550.056 2.2056352866690397e-11
4600.056 1.1174272087963565e-11
4650.056 6.7807703073999264e-12
4700.056 3.2380621648999713e-12
4750.056 7.003070981599871e-13
4800.056 1.7359456643999813e-13
4850.056 5.511424375599943e-14
4900.056 2.4439489514999838e-14
4950.056 1.2504807951399921e-14
5000.056 5.8574266018999376e-15
5050.056 3.286799740400007e-15
5100.056 3.233107452300036e-15
5150.056 3.4153307896000736e-15
5200.056 3.633726750400018e-15
5250.056 3.846265779600002e-15
5300.056 4.1000556708999986e-15
5350.056 4.4240744413000066e-15
5400.056 4.768143093099992e-15
5450.056 5.204476153700037e-15
5500.056 5.7142876840001e-15
5550.056 6.2632467451000354e-15
5600.056 6.7927986792999906e-15
5650.056 7.21635641819998e-15
5700.056 7.322948909500013e-15
5750.056 7.188974064699998e-15
5800.056 6.515096863299993e-15
5850.056 4.814201628799911e-15
5900.056 1.615213080686658e-15
5950.056 9.057800152500432e-15
6000.056 1.8205889790899442e-14
6050.056 3.228306727400102e-14
6100.056 5.203942481400073e-14
6150.056 7.827001762200075e-14
6200.056 1.1437559430000084e-13
6250.056 1.6094435395900022e-13
6300.056 2.3033779984000073e-13
6350.056 3.233131630100031e-13
6400.056 4.4515385699000553e-13
6450.056 5.711321162299718e-13
6500.056 7.979480327569785e-13
6550.056 1.1310397458279993e-12
6600.056 1.6095858325800818e-12
6650.056 2.279721003600022e-12
6700.056 3.0225537905100303e-12
6750.056 4.326551891100033e-12
6800.056 5.396032416700082e-12
6850.056 5.854587299900013e-12
6900.056 5.039744706990159e-12
6950.056 4.135372297163866e-12
7000.056 4.270137771399094e-12
7050.056 4.455056012549871e-12
7100.056 4.803778032219834e-12
7150.056 4.300587504515354e-12
7200.056 3.943231712395802e-12
7250.056 4.132528379700812e-12
7300.056 4.136091668503382e-12
7350.056 4.280727751532426e-12
7400.056 4.4883205867102864e-12
7450.056 4.749277912290317e-12
7500.056 4.891065085699854e-12
7550.056 4.8947824175999405e-12
7600.056 4.678291632799985e-12
7650.056 1.7764161777139368e-12
7700.056 1.3496365103120498e-12
7750.056 5.429341868400057e-12
7800.056 7.63908216695987e-12
7850.056 1.1137427414799925e-11
7900.056 1.4789022275839362e-11
7950.056 1.6887849614099935e-11
8000.056 2.391180511800004e-11
8050.056 2.980046452380103e-11
8100.056 3.080976571382145e-11
8150.056 3.63291028522433e-11
8200.056 5.23233504369623e-11
8250.056 6.387921907875243e-11
8300.056 8.130236429995677e-11
8350.056 8.905948639544093e-11
8400.056 1.0815884904428707e-10
8450.056 1.4214179107301096e-10
8500.056 1.6449154735678555e-10
8550.056 2.2311756844700302e-10
8600.056 2.8860941127800584e-10
8650.056 3.4884524490001284e-10
8700.056 3.88495880860008e-10
8750.056 4.5608881612000495e-10
8800.056 4.904917881740262e-10
8850.056 4.0460876842997037e-10
8900.056 9.899174604761096e-11
8950.056 1.558407759761888e-10
9000.056 1.0787193021674197e-10
9050.056 3.510819410525659e-10
9100.056 4.830787989916754e-10
9150.056 5.847944676003041e-10
9200.056 9.477842177520016e-10
9250.056 1.0116812643103863e-09
9300.056 2.749582302516109e-10
9350.056 3.1384207861362677e-10
9400.056 4.96115435457756e-10
9450.056 6.483442396641675e-10
9500.056 5.659244609729746e-10
9550.056 6.885002349264022e-10
9600.056 6.215905397809164e-10
9650.056 8.060641834424034e-10
9700.056 1.0794282787412816e-09
9750.056 1.0556722716983427e-09
9800.056 1.1200498882429877e-09
9850.056 1.2408221737277298e-09
9900.056 1.6052787577319532e-09
9950.056 1.3512897077805296e-09
10000.056 1.7132869899236223e-09
10050.056 1.8517845724602817e-09
10100.056 2.6765893573852447e-09
10150.056 3.166512689679756e-09
10200.056 3.880028767842225e-09
10250.056 4.655439410596705e-09
10300.056 5.984252407383409e-09
10350.056 7.442573462483304e-09
10400.056 1.0896659224504528e-08
10450.056 1.3652814313935916e-08
10500.056 1.6486578164150497e-08
10550.056 1.9916496211301326e-08
10600.056 2.157551995605803e-08
10650.056 2.331852758295672e-08
10700.056 2.29578046792352e-08
10750.056 2.3998189658766228e-08
10800.056 2.3006591966574688e-08
10850.056 1.941579921868723e-08
10900.056 1.2083698424857026e-08
10950.056 5.227933589314893e-09
11000.056 3.783597259136684e-09
11050.056 2.2343730322625305e-09
11100.056 1.1479536016026263e-09
11150.056 3.8568758237940707e-10
11200.056 1.947051905378756e-10
11250.056 2.3173790331945287e-10
11300.056 4.0901261174196897e-10
11350.056 1.2652524913604068e-10
11400.056 2.4388717469162247e-10
11450.056 2.1292294224756728e-10
11500.056 1.0053372546344315e-10
11550.056 1.6376191625756418e-11
11600.056 1.9580847282267606e-11
11650.056 7.77409145698663e-11
11700.056 7.737639849560314e-11
11750.056 7.908413996511571e-12
11800.056 7.615261938721582e-11
11850.056 1.7622771900885647e-10
11900.056 2.0418627255619254e-10
11950.056 3.688525428486476e-10
12000.056 7.615787890982872e-10
12050.056 1.514836492160081e-09
12100.056 3.0849445897881804e-09
12150.056 5.631394351050632e-09
12200.056 7.966948799781062e-09
12250.056 1.291135628570505e-08
12300.056 1.9481766325817993e-08
12350.056 2.0720045434149858e-08
12400.056 3.059771631653803e-08
12450.056 4.045885140117736e-08
12500.056 4.5534422582052856e-08
12550.056 5.295903275092554e-08
12600.056 5.8972264418724476e-08
12650.056 5.723519801084507e-08
12700.056 5.6992409403062236e-08
12750.056 4.912646504659843e-08
12800.056 4.276115105177399e-08
12850.056 2.9785269133014082e-08
12900.056 2.146101761478806e-08
12950.056 1.7963939936536277e-08
13000.056 1.3865890165068852e-08
13050.056 8.816755198561464e-09
13100.056 7.033773014333143e-09
13150.056 4.396187615506216e-09
13200.056 3.2341140457015094e-09
13250.056 2.1044517311044083e-09
13300.056 7.004890185584724e-10
13350.056 1.880030605630032e-10
13400.056 1.6442412284686154e-10
13450.056 6.308755215099805e-11
13500.056 3.229029223194981e-11
13550.056 1.7220584443096353e-11
13600.056 3.3830333409237683e-12
13650.056 1.9633898147071054e-11
13700.056 1.4118069449535844e-11
13750.056 1.2882259020643066e-11
13800.056 1.0341380203022048e-11
13850.056 7.330273264609336e-12
13900.056 1.04825062908275e-11
13950.056 6.8295685696061446e-12
14000.056 7.99363440067758e-12
14050.056 1.302401607521673e-11
14100.056 1.806004605881747e-11
14150.056 3.1811957462682807e-11
14200.056 2.255279263655962e-11
14250.056 3.5186587233874356e-11
14300.056 6.367003349480239e-11
14350.056 8.17876797950881e-11
14400.056 1.005658738407492e-10
14450.056 1.3534586043032478e-10
14500.056 2.884816713562684e-10
14550.056 3.578211405703589e-10
14600.056 4.628825465597415e-10
14650.056 4.099084987319635e-10
14700.056 2.7945773794053803e-10
14750.056 2.463584672067905e-10
14800.056 4.755246541652459e-10
14850.056 6.382821908952233e-10
14900.056 7.208114212484433e-10
14950.056 7.363903370481214e-10
15000.056 1.1851190900346204e-09
15050.056 1.1300280725141687e-09
15100.056 1.0902031305871288e-09
15150.056 1.199425636334689e-09
15200.056 1.6854144513217536e-09
15250.056 3.0277371171296925e-09
15300.056 3.732800125848612e-09
15350.056 4.655317239123952e-09
15400.056 5.934058182833865e-09
15450.056 7.336063005831623e-09
15500.056 7.985633737847292e-09
15550.056 1.038882484043337e-08
15600.056 1.156071327477985e-08
15650.056 1.4035545106008102e-08
15700.056 1.803309383319736e-08
15750.056 2.051955455667045e-08
15800.056 2.022476822746981e-08
15850.056 2.1377720836865274e-08
15900.056 1.6804729308978545e-08
15950.056 1.3444055141256122e-08
16000.056 8.094885434772634e-09
16050.056 3.6700072967334602e-09
16100.056 2.19740160060239e-09
16150.056 1.1568501984655995e-09
16200.056 6.310987766257304e-10
16250.056 4.29934454172266e-10
16300.056 2.70482640599139e-10
16350.056 2.9463969776925497e-10
16400.056 3.7982283912688194e-10
16450.056 3.3421325234513523e-10
16500.056 2.9855718241300036e-10
16550.056 3.3470441855440896e-10
16600.056 3.72128333503249e-10
16650.056 2.9798495764402786e-10
16700.056 4.870206787626291e-11
16750.056 1.2547560020016753e-10
16800.056 2.409274945120921e-10
16850.056 3.039580900338824e-10
16900.056 1.605362690378358e-10
16950.056 9.254860260239837e-11
17000.056 5.6273834539026895e-11
17050.056 1.1134111421461804e-10
17100.056 1.799894015559372e-10
17150.056 9.601389294734242e-11
17200.056 3.0998186456952304e-10
17250.056 2.3576105583696514e-10
17300.056 1.2881895256199477e-10
17350.056 1.2547168642609685e-10
17400.056 2.063542282032011e-10
17450.056 3.126107560845296e-10
17500.056 4.226137967667076e-10
17550.056 4.03725782309217e-10
17600.056 3.18043239956778e-10
17650.056 3.192851878258807e-10
17700.056 2.1345219416119293e-10
17750.056 2.4951528256431077e-10
17800.056 6.102115591936565e-10
17850.056 3.110343558893598e-10
17900.056 2.2834245024811046e-10
17950.056 2.0281482145189736e-10
18000.056 2.890079292531486e-10
18050.056 3.4698438045756203e-10
18100.056 4.4848926346797936e-10
18150.056 4.6011044003982675e-10
18200.056 3.3017542489454526e-10
18250.056 8.427821333449314e-10
18300.056 3.6871391418015077e-10
18350.056 2.6528693903401516e-10
18400.056 2.4279579097099774e-10
18450.056 5.834938493007473e-10
18500.056 5.968131881735893e-10
18550.056 4.2305310781758446e-10
18600.056 5.224825078071872e-10
18650.056 4.4889665293027945e-10
18700.056 2.2170571135137703e-10
18750.056 4.752002758293417e-10
18800.056 1.2074459534574964e-09
18850.056 1.316165322340602e-09
18900.056 1.170279603618487e-09
18950.056 1.888556943855324e-09
19000.056 8.382826740850499e-10
19050.056 5.29011085841052e-10
19100.056 1.1077541278173684e-09
19150.056 6.263300031933294e-10
19200.056 8.936561546451415e-10
19250.056 6.644486027583479e-10
19300.056 4.791241806215858e-10
19350.056 4.1607506414166494e-10
19400.056 3.713172426022065e-10
19450.056 7.553090553182646e-10
19500.056 6.015946540930111e-10
19550.056 4.4957400886063874e-10
19600.056 1.0549313393613382e-09
19650.056 9.478666116127484e-10
19700.056 1.0083737968722757e-09
19750.056 1.7626353426611955e-09
19800.056 1.369406700541297e-09
19850.056 2.1340832326099933e-09
19900.056 1.9155365099975716e-09
19950.056 3.096630820515879e-09
20000.056 3.6493619095295492e-09
20050.056 3.331686245039519e-09
20100.056 5.346576925416226e-09
20150.056 3.397687082156636e-09
20200.056 3.507304293463545e-09
20250.056 5.830312631707651e-09
20300.056 6.522710460190939e-09
20350.056 7.733853652130737e-09
20400.056 6.719564806063447e-09
20450.056 9.99989444046293e-09
20500.056 1.2087784788720843e-08
20550.056 1.2578259726725253e-08
20600.056 1.375480516605715e-08
20650.056 1.5675180815918215e-08
20700.056 1.670438980685051e-08
20750.056 1.854276011999807e-08
20800.056 1.7773639225090884e-08
20850.056 1.7777634695049026e-08
20900.056 1.8675519423690784e-08
20950.056 1.677421349995682e-08
21000.056 1.5162477872979433e-08
21050.056 1.5384028015065784e-08
21100.056 1.3180455199173345e-08
21150.056 1.3189141823069484e-08
21200.056 1.1302749913264197e-08
21250.056 9.664467643263098e-09
21300.056 6.918526123471872e-09
21350.056 7.1075573405138714e-09
21400.056 6.26831290280235e-09
21450.056 4.829411171166684e-09
21500.056 4.206618964086264e-09
21550.056 3.5776554380522947e-09
21600.056 2.735769183590984e-09
21650.056 2.105748207717666e-09
21700.056 1.9416094608604857e-09
21750.056 1.8462003527897278e-09
21800.056 1.4147223559724533e-09
21850.056 1.3228474091449253e-09
21900.056 8.122949782063902e-10
21950.056 3.035235972704648e-10
22000.056 7.358826343179932e-11
22050.056 5.173295349755214e-11
22100.056 1.6088965698908597e-10
22150.056 2.487397752279215e-10
22200.056 2.8176015296549767e-10
22250.056 2.019931113461343e-10
22300.056 1.271375351871956e-10
22350.056 1.4848863409673445e-10
22400.056 6.933973546661412e-11
22450.056 7.69926804769904e-11
22500.056 5.799355493830855e-11
22550.056 4.2408075929480965e-11
22600.056 3.545427955581977e-11
22650.056 5.644237249405896e-11
22700.056 4.5843019876714855e-11
22750.056 4.5184340638042066e-11
22800.056 4.108852658804186e-11
22850.056 3.3492989328436585e-11
22900.056 2.41739127633268e-11
22950.056 2.3075639046781147e-11
23000.056 3.469738629814046e-11
23050.056 4.6661658674291984e-11
23100.056 1.552746861087913e-10
23150.056 1.8548110187402917e-10
23200.056 1.5057154512038466e-11
23250.056 2.63299145398117e-11
23300.056 2.916441841517546e-11
23350.056 4.068486349034433e-11
23400.056 4.369225163605393e-11
23450.056 3.183160555028206e-11
23500.056 3.3457495177412394e-11
23550.056 5.5473250466762057e-11
23600.056 7.559352128564501e-11
23650.056 1.3584969451064738e-10
23700.056 4.360911484229973e-11
23750.056 2.98381873518116e-11
23800.056 8.249684473027211e-11
23850.056 7.321340552020304e-11
23900.056 1.4173490057961783e-10
23950.056 1.2520809854978704e-10
24000.056 1.8496748739203526e-10
24050.056 2.7022857562604096e-10
24100.056 2.6130969045893636e-10
24150.056 3.465467199626852e-10
24200.056 2.730984278171072e-10
24250.056 2.1397326658132382e-10
24300.056 3.2107240408991016e-10
24350.056 2.727342537918711e-10
24400.056 5.064109414000019e-10
24450.056 5.774769340903373e-10
24500.056 5.590203761114458e-10
24550.056 7.95751203548462e-10
24600.056 8.21787853349587e-10
24650.056 1.2022819209431495e-09
24700.056 7.301883016422404e-10
24750.056 1.0015447261409977e-09
24800.056 9.955109307804708e-10
24850.056 1.4459046480972598e-09
24900.056 8.345580524383809e-10
24950.056 1.6142206077854965e-09
25000.056 1.5930426911723607e-09
25050.056 1.1415236464426522e-09
25100.056 1.6801881051874349e-09
25150.056 8.928068989324318e-10
25200.056 1.3594501353547471e-09
25250.056 7.172435799165351e-10
25300.056 1.1678882203865718e-09
25350.056 5.502606380061753e-10
25400.056 1.3099116166073426e-09
25450.056 4.701012839585758e-10
25500.056 4.5862543318479043e-10
25550.056 7.208629592681165e-10
25600.056 3.967936417354114e-10
25650.056 2.577280212398604e-10
25700.056 4.423032285745207e-10
25750.056 1.3460048466324797e-10
25800.056 5.177506561505397e-10
25850.056 1.412506353243971e-10
25900.056 1.9895264793188457e-10
25950.056 7.138830695728877e-11
26000.056 5.30061271250008e-10
26050.056 1.1714078539319627e-10
26100.056 3.77963713572011e-10
26150.056 2.1581319344294904e-10
26200.056 2.957943716594344e-10
26250.056 1.0055734500688453e-09
26300.056 3.680868082198698e-10
26350.056 1.3860466644726084e-09
26400.056 1.6465870606463074e-09
26450.056 1.6647467355517531e-09
26500.056 2.3740079526500236e-09
26550.056 5.673054872035544e-10
26600.056 7.937165021621565e-10
26650.056 1.807621162761803e-10
26700.056 1.2800301676399824e-10
26750.056 1.241215849736643e-10
26800.056 3.249592329436537e-10
26850.056 1.7644093772198547e-10
26900.056 6.945220439594567e-10
26950.056 2.728985857764977e-10
27000.056 1.2441683508704998e-09
27050.056 1.0872724332235425e-09
27100.056 3.0194250326313375e-10
27150.056 1.6155870840535697e-09
27200.056 2.9938557117224655e-10
27250.056 7.081305775873243e-10
27300.056 3.15537858472245e-09
27350.056 1.4743755585851858e-09
27400.056 1.2645909685955394e-10
27450.056 1.9026885089068766e-09
27500.056 1.962822992966468e-09
27550.056 4.352254507568119e-10
27600.056 1.0999689042418793e-09
27650.056 3.3865906579781174e-10
27700.056 2.6379003780764216e-10
27750.056 1.3812986026482059e-09
27800.056 3.8563342591532275e-10
27850.056 6.436356560471087e-10
27900.056 6.427466676752384e-10
27950.056 1.654051058972443e-09
28000.056 1.3784002485272957e-09
28050.056 2.143479213102885e-10
28100.056 1.4132322456384799e-09
28150.056 9.756525052536168e-10
28200.056 3.291279741626548e-10
28250.056 1.7971781480632118e-09
28300.056 1.9841653453386916e-09
28350.056 4.5512854029732595e-10
28400.056 1.2428265026763682e-09
28450.056 2.017749501948542e-09
28500.056 1.3364276684509997e-09
28550.056 3.490100730382344e-10
28600.056 2.29539491451041e-09
28650.056 1.7255995646329487e-09
28700.056 1.8669056385692345e-09
28750.056 3.0933858854627343e-09
28800.056 1.6095961220560103e-09
