galfind/configs/Brown_Dwarf_templates/sonora_bobcat/m+0.5/31g/sp_t1600g31nc_m+0.5_resample.dat
# %ECSV 1.0
# ---
# datatype:
# - {name: wav, unit: Angstrom, datatype: float64}
# - {name: flux_nu, unit: erg / (cm2 Hz s), datatype: float64}
# meta: {C/O: '1.00', Kzz: '1.0000E+05', Teff: '1600.', Y: '0.28', '[Fe/H]': '0.50', f_hole: '1.00', f_rain: '0.00', grav: '32.'}
# schema: astropy-2.0
wav flux_nu
4000.0559999999996 nan
4050.0559999999996 3.538729199387104e-10
4100.056 5.25849419825982e-10
4150.056 4.253276060400977e-10
4200.056 3.491662467946952e-10
4250.056 3.657514382811772e-10
4300.056 3.1703889132407084e-10
4350.056 3.535205613539942e-10
4400.056 4.05275329430074e-10
4450.056 3.3557185138800455e-10
4500.056 3.684703450500245e-10
4550.056 4.627249569409172e-10
4600.056 4.6362616709202627e-10
4650.056 4.339604132809647e-10
4700.056 5.235500655381217e-10
4750.056 6.046317179299369e-10
4800.056 4.91008580455009e-10
4850.056 5.831097156900237e-10
4900.056 8.200921198200021e-10
4950.056 8.835432094600321e-10
5000.056 5.350539307889354e-10
5050.056 4.707348520100555e-10
5100.056 5.602057352040728e-10
5150.056 5.504690561521686e-10
5200.056 4.950419577739863e-10
5250.056 5.003470846210509e-10
5300.056 5.063781902000115e-10
5350.056 5.005440317600471e-10
5400.056 4.84916574040002e-10
5450.056 3.7620865190398745e-10
5500.056 2.6457166754398867e-10
5550.056 2.2760819242698153e-10
5600.056 1.7500500875000142e-10
5650.056 1.1717236538799792e-10
5700.056 6.704756316599919e-11
5750.056 3.018505206199945e-11
5800.056 1.0210422163599813e-11
5850.056 2.1252983732699466e-12
5900.056 1.9985745719870262e-13
5950.056 6.515559806800201e-12
6000.056 4.47102003740012e-11
6050.056 1.7619468138900238e-10
6100.056 4.355979515000219e-10
6150.056 8.768412259499958e-10
6200.056 1.4264372704800126e-09
6250.056 2.202064217500064e-09
6300.056 3.375673975900049e-09
6350.056 4.766228576300086e-09
6400.056 6.3720911635999776e-09
6450.056 8.375877523699433e-09
6500.056 9.193042733599126e-09
6550.056 1.1032923229998822e-08
6600.056 1.21862739200005e-08
6650.056 1.2689795374501e-08
6700.056 9.249690700279103e-09
6750.056 1.494186313100083e-08
6800.056 1.7672940026600583e-08
6850.056 2.14608327179999e-08
6900.056 2.3286853626000492e-08
6950.056 2.3316679263198624e-08
7000.056 2.4431791881998642e-08
7050.056 2.4168312589200666e-08
7100.056 2.1387537949998898e-08
7150.056 2.086974485930052e-08
7200.056 2.584379490969985e-08
7250.056 3.2461797086001314e-08
7300.056 3.995652105300366e-08
7350.056 3.984784941250205e-08
7400.056 3.244148924400091e-08
7450.056 2.6657572402995607e-08
7500.056 2.502951227499893e-08
7550.056 2.391965187900032e-08
7600.056 1.6853880434199546e-08
7650.056 2.0189275769136354e-09
7700.056 4.4435324219276484e-10
7750.056 1.0861986671400256e-08
7800.056 2.4968581315962254e-08
7850.056 4.279365028000088e-08
7900.056 4.721022953200783e-08
7950.056 4.331977038444067e-08
8000.056 5.5510355354997745e-08
8050.056 7.572527102599178e-08
8100.056 1.0530696919300789e-07
8150.056 1.450892427490124e-07
8200.056 1.4525090400699552e-07
8250.056 1.7216746714100992e-07
8300.056 1.7241032113902513e-07
8350.056 1.9036749371100815e-07
8400.056 2.0190137278699973e-07
8450.056 1.663720421799793e-07
8500.056 1.606496669807068e-07
8550.056 1.8175814027101162e-07
8600.056 1.8618273941795006e-07
8650.056 1.8194706154794523e-07
8700.056 1.8008171611404678e-07
8750.056 2.0501238627500667e-07
8800.056 2.6205405189902915e-07
8850.056 2.8590863809998544e-07
8900.056 2.636965698639914e-07
8950.056 2.6695825791567325e-07
9000.056 3.3206443844903273e-07
9050.056 3.5536693559696583e-07
9100.056 4.193778927640097e-07
9150.056 4.5314738738901227e-07
9200.056 4.5688926012397283e-07
9250.056 3.549022066308691e-07
9300.056 2.6242540301152796e-07
9350.056 2.844621813777691e-07
9400.056 3.155767999065559e-07
9450.056 3.5817433323152e-07
9500.056 3.8472739450745585e-07
9550.056 4.255856399227954e-07
9600.056 4.034068985362191e-07
9650.056 4.469228005022303e-07
9700.056 4.7327493095371044e-07
9750.056 4.202511949869387e-07
9800.056 4.6141000560965976e-07
9850.056 4.863714465269542e-07
9900.056 4.718853957449886e-07
9950.056 4.6595722826595276e-07
10000.056 4.751588004798969e-07
10050.056 5.010008458760166e-07
10100.056 6.075204767200399e-07
10150.056 6.25166441039806e-07
10200.056 6.848033635799365e-07
10250.056 6.918632860597862e-07
10300.056 7.113229946498866e-07
10350.056 8.060460285399111e-07
10400.056 8.778380247399253e-07
10450.056 9.18353707140162e-07
10500.056 8.310916601099567e-07
10550.056 8.149092811102709e-07
10600.056 8.715933058801826e-07
10650.056 9.552057269600013e-07
10700.056 1.0495977500300914e-06
10750.056 1.1729091773100248e-06
10800.056 1.2744972095500096e-06
10850.056 1.4062751286397832e-06
10900.056 1.2842470444838166e-06
10950.056 1.0595934768228345e-06
11000.056 1.0405938015042015e-06
11050.056 8.411404371430899e-07
11100.056 8.728188815662057e-07
11150.056 8.703124018630404e-07
11200.056 8.677695847558225e-07
11250.056 9.811354473299907e-07
11300.056 9.727482713091712e-07
11350.056 8.208820238037965e-07
11400.056 7.898133728891767e-07
11450.056 8.920982881478929e-07
11500.056 1.0053115538731413e-06
11550.056 9.377170157631704e-07
11600.056 1.0104393898525562e-06
11650.056 1.0551408894271086e-06
11700.056 8.855986794124741e-07
11750.056 8.713921947472755e-07
11800.056 8.813856437585372e-07
11850.056 1.0698004767871394e-06
11900.056 1.0789840954609015e-06
11950.056 1.1888089930028353e-06
12000.056 1.1600495972460503e-06
12050.056 1.2996674753253863e-06
12100.056 1.326831525795893e-06
12150.056 1.478381121568798e-06
12200.056 1.5687050074295698e-06
12250.056 1.6907149121995346e-06
12300.056 1.7878922787203884e-06
12350.056 1.8472590186002921e-06
12400.056 1.778531819369876e-06
12450.056 1.610634970402079e-06
12500.056 1.7491851164697521e-06
12550.056 1.7891081995850274e-06
12600.056 1.910225538310104e-06
12650.056 1.995775677839743e-06
12700.056 2.134070312590107e-06
12750.056 2.127372254420174e-06
12800.056 2.2809506132201114e-06
12850.056 2.2153281807353745e-06
12900.056 2.134471639639662e-06
12950.056 2.247464484594524e-06
13000.056 2.234069419383246e-06
13050.056 2.248660692898364e-06
13100.056 2.2054869175468044e-06
13150.056 2.1595575018787297e-06
13200.056 2.0331631874888577e-06
13250.056 1.8617132494886268e-06
13300.056 1.4472853970632411e-06
13350.056 8.190012722112818e-07
13400.056 7.028928948630509e-07
13450.056 5.808586372742768e-07
13500.056 5.634347214140676e-07
13550.056 5.195042171147637e-07
13600.056 4.340168244357837e-07
13650.056 5.016993167566109e-07
13700.056 4.214811764859638e-07
13750.056 4.0233622696681914e-07
13800.056 4.834453124319216e-07
13850.056 4.81233749081787e-07
13900.056 4.879591869781035e-07
13950.056 4.623966919005552e-07
14000.056 4.313621347556265e-07
14050.056 4.2496852963434375e-07
14100.056 3.753089136372854e-07
14150.056 3.72867741772261e-07
14200.056 3.511439240494394e-07
14250.056 3.431103605763988e-07
14300.056 3.58934165912555e-07
14350.056 3.448716552168605e-07
14400.056 3.957270843110683e-07
14450.056 4.104621699084994e-07
14500.056 4.856461810740808e-07
14550.056 5.050355147569262e-07
14600.056 5.272277759553e-07
14650.056 5.252373116433602e-07
14700.056 4.770920613695045e-07
14750.056 5.218365125278702e-07
14800.056 5.629190621067497e-07
14850.056 6.092631510066841e-07
14900.056 6.341336350239715e-07
14950.056 6.319980535539677e-07
15000.056 6.648582877112998e-07
15050.056 7.384203319788639e-07
15100.056 7.588476190241328e-07
15150.056 8.268456417182993e-07
15200.056 8.478479653363234e-07
15250.056 8.579056164688386e-07
15300.056 9.334940633419075e-07
15350.056 9.602819172819786e-07
15400.056 1.0233896431060752e-06
15450.056 1.0976922432221765e-06
15500.056 1.122183088484654e-06
15550.056 1.2120293694609542e-06
15600.056 1.1843826362831588e-06
15650.056 1.277120301559106e-06
15700.056 1.4180906845407362e-06
15750.056 1.5002661781499204e-06
15800.056 1.5042445131406548e-06
15850.056 1.5759367825498845e-06
15900.056 1.6072170515103392e-06
15950.056 1.7141880225898272e-06
16000.056 1.7633134664599101e-06
16050.056 1.831685792390004e-06
16100.056 1.9253409305102857e-06
16150.056 1.9451422040802593e-06
16200.056 2.032365692899681e-06
16250.056 2.091133821789945e-06
16300.056 2.1004624458399815e-06
16350.056 2.2240064177898884e-06
16400.056 2.2512036514904574e-06
16450.056 2.2982145661399806e-06
16500.056 2.409524928020584e-06
16550.056 2.501612294240128e-06
16600.056 2.396286063626707e-06
16650.056 2.6376835576199567e-06
16700.056 2.5915115050916377e-06
16750.056 2.6691571149174314e-06
16800.056 2.8038487257840173e-06
16850.056 2.7611440340021053e-06
16900.056 2.720924595224185e-06
16950.056 2.7055615792417064e-06
17000.056 2.672046827960244e-06
17050.056 2.6127417208700105e-06
17100.056 2.405762802457777e-06
17150.056 2.319960216965608e-06
17200.056 2.088261109923861e-06
17250.056 1.9663868269287816e-06
17300.056 1.9928352640824805e-06
17350.056 1.8489399308489542e-06
17400.056 1.9627531196561303e-06
17450.056 1.7829627868048852e-06
17500.056 1.676170703754037e-06
17550.056 1.7064237225139404e-06
17600.056 1.6061705956630285e-06
17650.056 1.5997176159383678e-06
17700.056 1.3598645124435392e-06
17750.056 1.2494762989960973e-06
17800.056 1.2980692304800653e-06
17850.056 1.1496641620921434e-06
17900.056 1.147523012693954e-06
17950.056 1.123569634451797e-06
18000.056 9.991638380649988e-07
18050.056 9.879438121479934e-07
18100.056 9.369400574912734e-07
18150.056 1.1046687374915832e-06
18200.056 8.371842985793734e-07
18250.056 1.045897078501205e-06
18300.056 1.0058940709695936e-06
18350.056 8.862107737088901e-07
18400.056 8.915640716906635e-07
18450.056 8.064823545911784e-07
18500.056 8.296791410393351e-07
18550.056 7.669557144479889e-07
18600.056 6.41517478022195e-07
18650.056 7.436668635452602e-07
18700.056 7.971209676489255e-07
18750.056 7.565803170169461e-07
18800.056 8.071326064705245e-07
18850.056 9.347677277980801e-07
18900.056 9.071550650283447e-07
18950.056 9.090209299049939e-07
19000.056 9.797038486858334e-07
19050.056 9.409922579948882e-07
19100.056 9.82663917605338e-07
19150.056 1.0405766718333127e-06
19200.056 1.0141889276718203e-06
19250.056 9.679347978485737e-07
19300.056 1.0067399920073063e-06
19350.056 9.720198219630171e-07
19400.056 8.614147448769004e-07
19450.056 1.0216388257336417e-06
19500.056 9.793976296666186e-07
19550.056 8.176811998496486e-07
19600.056 1.0035239318299547e-06
19650.056 9.86221234792049e-07
19700.056 9.944819408221527e-07
19750.056 9.353730845193262e-07
19800.056 9.66753807427663e-07
19850.056 1.005003209052013e-06
19900.056 8.737999157501828e-07
19950.056 1.065069176703146e-06
20000.056 9.281083145842981e-07
20050.056 9.995206929389125e-07
20100.056 1.1001452292530648e-06
20150.056 1.0548130635607662e-06
20200.056 1.102946272421418e-06
20250.056 1.1871819273661126e-06
20300.056 1.1855347702388561e-06
20350.056 1.2349912328478467e-06
20400.056 1.220611270131357e-06
20450.056 1.371706601666813e-06
20500.056 1.3331344840183494e-06
20550.056 1.3766001001902072e-06
20600.056 1.5124974395785225e-06
20650.056 1.482278161608703e-06
20700.056 1.5504589683021568e-06
20750.056 1.6227295644795518e-06
20800.056 1.6965264945223141e-06
20850.056 1.702826731869758e-06
20900.056 1.7864541466396647e-06
20950.056 1.8367823615200403e-06
21000.056 1.9678464728199483e-06
21050.056 1.961867866310072e-06
21100.056 2.027980485659904e-06
21150.056 2.185768860120191e-06
21200.056 2.1505826456502755e-06
21250.056 2.295670671719761e-06
21300.056 2.2170445231098097e-06
21350.056 2.4434432896000233e-06
21400.056 2.3237306664004475e-06
21450.056 2.60968515655001e-06
21500.056 2.462560621890272e-06
21550.056 2.5372947577198253e-06
21600.056 2.6472135411303805e-06
21650.056 2.598392868570508e-06
21700.056 2.808364285169906e-06
21750.056 2.72269811932991e-06
21800.056 2.7095489517797805e-06
21850.056 2.741979768109792e-06
21900.056 2.836738940270516e-06
21950.056 2.7824083827303727e-06
22000.056 2.9067721404800386e-06
22050.056 2.743359347929295e-06
22100.056 2.9309469764799593e-06
22150.056 2.92929588801034e-06
22200.056 2.812369467511198e-06
22250.056 2.9682876219802707e-06
22300.056 2.9481104941794955e-06
22350.056 2.8699724626304207e-06
22400.056 3.052652824810301e-06
22450.056 3.0064294277753573e-06
22500.056 3.0754725450796248e-06
22550.056 2.9731151839990784e-06
22600.056 3.010957707359895e-06
22650.056 2.9870081655951285e-06
22700.056 2.9832134556768952e-06
22750.056 3.1132044154798418e-06
22800.056 2.9390586939680214e-06
22850.056 2.983434084922593e-06
22900.056 3.1366199078058448e-06
22950.056 2.0581725286163388e-06
23000.056 2.3724551205152294e-06
23050.056 2.4827093829754587e-06
23100.056 2.332666267535557e-06
23150.056 2.4352082511017367e-06
23200.056 2.433373636465087e-06
23250.056 1.91903357725335e-06
23300.056 2.1223542542881984e-06
23350.056 2.183316643757115e-06
23400.056 2.0532131876011306e-06
23450.056 2.192512476574641e-06
23500.056 2.0850041372784786e-06
23550.056 1.8450072282956794e-06
23600.056 1.872717911833545e-06
23650.056 2.015329067760874e-06
23700.056 1.9900283499713853e-06
23750.056 1.9212747047872255e-06
23800.056 1.9061367199723635e-06
23850.056 1.5980404248742332e-06
23900.056 1.8239583089565956e-06
23950.056 1.8917757251599223e-06
24000.056 1.7386172064855154e-06
24050.056 1.7627767897969107e-06
24100.056 1.5438001093815638e-06
24150.056 1.5012361451626187e-06
24200.056 1.5409847521011365e-06
24250.056 1.45601234796949e-06
24300.056 1.401503482176034e-06
24350.056 1.2912210188672682e-06
24400.056 1.4451640599905325e-06
24450.056 1.2466316212817065e-06
24500.056 1.1316012612717673e-06
24550.056 1.1244434754230284e-06
24600.056 1.1760461046502437e-06
24650.056 1.2655946485018334e-06
24700.056 1.0272135051959037e-06
24750.056 9.639303721116373e-07
24800.056 9.107639124783919e-07
24850.056 1.0986572294608725e-06
24900.056 7.978899995456692e-07
24950.056 1.0258227662636811e-06
25000.056 8.891990006029617e-07
25050.056 6.771401427851991e-07
25100.056 8.384448119110838e-07
25150.056 6.760658357330315e-07
25200.056 7.404394399516254e-07
25250.056 6.912149669638245e-07
25300.056 7.7692408497004e-07
25350.056 5.960253141390569e-07
25400.056 7.030917163583229e-07
25450.056 5.976723359119921e-07
25500.056 6.455793941482474e-07
25550.056 5.999578739071943e-07
25600.056 6.104466767611125e-07
25650.056 5.388399189209433e-07
25700.056 7.112702306486736e-07
25750.056 4.844364593180467e-07
25800.056 6.907873224852127e-07
25850.056 5.644633537528122e-07
25900.056 6.639094863890578e-07
25950.056 5.52459420250867e-07
26000.056 6.85831555047147e-07
26050.056 7.184881058930795e-07
26100.056 7.106354305919277e-07
26150.056 7.099895488016992e-07
26200.056 6.734514973279785e-07
26250.056 6.846019418842755e-07
26300.056 6.993357834000845e-07
26350.056 7.056506207829118e-07
26400.056 7.474063626525425e-07
26450.056 7.507052430591316e-07
26500.056 7.744522698125469e-07
26550.056 6.916934562176382e-07
26600.056 8.179437546465993e-07
26650.056 5.883778887958768e-07
26700.056 5.789402026800511e-07
26750.056 5.078118714316543e-07
26800.056 6.14127477757732e-07
26850.056 4.773029243659068e-07
26900.056 6.530789181561226e-07
26950.056 4.461220749340084e-07
27000.056 6.25818479256143e-07
27050.056 5.053451708260952e-07
27100.056 5.21115184618872e-07
27150.056 5.762631699340153e-07
27200.056 5.544314018153377e-07
27250.056 5.388445446153601e-07
27300.056 6.304300163578715e-07
27350.056 6.152688277587854e-07
27400.056 5.004572085739958e-07
27450.056 7.15295419348549e-07
27500.056 6.480105150597578e-07
27550.056 5.921924778791091e-07
27600.056 7.35512575699785e-07
27650.056 5.320664311238251e-07
27700.056 5.153398882561862e-07
27750.056 6.976851520844746e-07
27800.056 4.829067546017868e-07
27850.056 5.6283756791847e-07
27900.056 6.032956036981863e-07
27950.056 6.9167331557896e-07
28000.056 6.615167660843475e-07
28050.056 4.790010198761847e-07
28100.056 7.350626125523284e-07
28150.056 5.805261657670818e-07
28200.056 4.914600451841031e-07
28250.056 6.469332094440655e-07
28300.056 7.635038644969999e-07
28350.056 5.82756789826729e-07
28400.056 6.050513864679831e-07
28450.056 6.335160044477666e-07
28500.056 6.538009087328651e-07
28550.056 4.6181158619777956e-07
28600.056 7.683873418169107e-07
28650.056 7.138191369617371e-07
28700.056 6.489306990817837e-07
28750.056 7.501735793410469e-07
28800.056 6.812630676972245e-07
28850.056 7.552723952271375e-07
28900.056 5.778276587460242e-07
