galfind/configs/Brown_Dwarf_templates/sonora_bobcat/m+0.5/31g/sp_t1400g31nc_m+0.5_resample.dat
# %ECSV 1.0
# ---
# datatype:
# - {name: wav, unit: Angstrom, datatype: float64}
# - {name: flux_nu, unit: erg / (cm2 Hz s), datatype: float64}
# meta: {C/O: '1.00', Kzz: '1.0000E+05', Teff: '1400.', Y: '0.28', '[Fe/H]': '0.50', f_hole: '1.00', f_rain: '0.00', grav: '32.'}
# schema: astropy-2.0
wav flux_nu
[from data line 499]
28950.056 5.303066752829995e-07
29000.056 4.3182621834088297e-07
29050.056 4.4359591755886804e-07
29100.056 3.7009705701006723e-07
29150.056 4.88475934540158e-07
29200.056 4.28134551628187e-07
29250.056 5.22381883610018e-07
29300.056 4.0304078348672215e-07
29350.056 6.071293408608054e-07
29400.056 4.5547706081085355e-07
29450.056 4.918449917009778e-07
29500.056 5.125674359679537e-07
29550.056 4.881119083610455e-07
29600.056 5.290383528339039e-07
29650.056 5.150289164809656e-07
29700.056 4.3480036621984836e-07
29750.056 5.777242624343569e-07
29800.056 5.809805720759746e-07
29850.056 5.716838476889927e-07
29900.056 5.132320357901156e-07
29950.056 5.964935090969493e-07
30000.056 5.982953288299218e-07
30050.056 5.56160040199878e-07
30100.056 4.62720529274813e-07
30150.056 7.110155758299163e-07
30200.056 5.933432685420585e-07
30250.056 6.385089421502663e-07
30300.056 6.363444998499073e-07
30350.056 5.432373627760595e-07
30400.056 7.037400185781573e-07
30450.056 5.52736950513039e-07
30500.056 4.86025340883114e-07
30550.056 6.747428379402005e-07
30600.056 6.710996537791087e-07
30650.056 6.625032775599522e-07
30700.056 6.183470407240102e-07
30750.056 5.766447406150344e-07
30800.056 6.596152234761335e-07
30850.056 5.394274759259238e-07
30900.056 5.707294789449472e-07
30950.056 5.167733652750891e-07
31000.056 5.578375057499477e-07
31050.056 5.074698311299871e-07
31100.056 4.850352250799538e-07
31150.056 5.634780021978674e-07
31200.056 5.663466119899717e-07
31250.056 5.4548616257299e-07
31300.056 5.040558569789324e-07
31350.056 4.7665924260997446e-07
31400.056 4.4341276365814443e-07
31450.056 4.30854018407987e-07
31500.056 4.6855682613797233e-07
31550.056 4.273569175860263e-07
31600.056 4.1339303538493907e-07
31650.056 4.036217023299769e-07
31700.056 4.0331309112996685e-07
31750.056 3.5662102153213026e-07
31800.056 4.3818975299998395e-07
31850.056 4.2203633543104753e-07
31900.056 4.817603066899786e-07
31950.056 3.097870432619778e-07
32000.056 3.968004110840056e-07
32050.056 4.806381531780175e-07
32100.056 4.443635498149725e-07
32150.056 4.90947907829968e-07
32200.056 4.5197323752698105e-07
32250.056 5.063611773361012e-07
32300.056 4.618821713689833e-07
32350.056 5.530499276000542e-07
32400.056 4.250666509489805e-07
32450.056 5.08472260014832e-07
32500.056 5.496706259841743e-07
32550.056 6.072703418500202e-07
32600.056 6.306034954139585e-07
32650.056 6.787262278501483e-07
32700.056 6.35620465640131e-07
32750.056 6.526239841999889e-07
32800.056 6.407615427279906e-07
32850.056 7.297564083698157e-07
32900.056 7.866800008199337e-07
32950.056 6.492442849349198e-07
33000.056 6.663091121960091e-07
33050.056 6.450625952601386e-07
33100.056 5.339222811598832e-07
33150.056 3.8697881327502834e-07
33200.056 2.490411526799279e-07
33250.056 1.8754939845090422e-07
33300.056 1.5839844860802563e-07
33350.056 1.8456453225000472e-07
33400.056 2.0016890522997519e-07
33450.056 2.3639294285898177e-07
33500.056 3.231068810701188e-07
33550.056 3.662921256700464e-07
33600.056 4.6796339168207713e-07
33650.056 5.637055538601652e-07
33700.056 5.700388411398498e-07
33750.056 7.159585176999475e-07
33800.056 6.897825914259543e-07
33850.056 7.109488384799383e-07
33900.056 7.172153214698209e-07
33950.056 6.229524838299287e-07
34000.056 6.704718649498011e-07
34050.056 6.55361205040782e-07
34100.056 7.785681444199876e-07
34150.056 7.014843880298154e-07
34200.056 5.890576850596802e-07
34250.056 7.348252927198287e-07
34300.056 6.310178455144273e-07
34350.056 5.626678570200309e-07
34400.056 5.593631017000778e-07
34450.056 6.547314532999333e-07
34500.056 6.341534171700135e-07
34550.056 5.736653580900247e-07
34600.056 7.142002880500648e-07
34650.056 7.02340793020059e-07
34700.056 6.421548603098252e-07
34750.056 7.22274155390134e-07
34800.056 7.488720216696704e-07
34850.056 6.275263910700242e-07
34900.056 7.547918254501504e-07
34950.056 6.500965637497756e-07
35000.056 7.864767962899527e-07
35050.056 7.706145753299363e-07
35100.056 6.748722471697231e-07
35150.056 7.911908323600629e-07
35200.056 7.923703050200914e-07
35250.056 7.687151553098833e-07
35300.056 7.75191174360072e-07
35350.056 7.672968200098819e-07
35400.056 7.50014955790117e-07
35450.056 6.155204279404363e-07
35500.056 8.739657609898962e-07
35550.056 7.97552545399987e-07
35600.056 7.203405734600812e-07
35650.056 9.387420080700801e-07
35700.056 7.354570513802382e-07
35750.056 8.788966503796842e-07
35800.056 1.0197329381100181e-06
35850.056 8.389321095598894e-07
35900.056 1.0944565652597566e-06
35950.056 9.700962794601597e-07
36000.056 8.79263457109882e-07
36050.056 1.0866197198501356e-06
36100.056 1.0758900731693524e-06
36150.056 9.987191498200992e-07
36200.056 1.1701730762697959e-06
36250.056 9.998575786297715e-07
36300.056 1.2617512476404056e-06
36350.056 1.1512364874500028e-06
36400.056 1.0838967216400488e-06
36450.056 1.2715071691398344e-06
36500.056 1.1898505823700193e-06
36550.056 1.1684257602603694e-06
36600.056 1.2727742746700545e-06
36650.056 1.3125678987199439e-06
36700.056 1.3583321969400036e-06
36750.056 1.3475952696001596e-06
36800.056 1.348346989579932e-06
36850.056 1.3362707524402617e-06
36900.056 1.3941933260303048e-06
36950.056 1.4490922078098698e-06
37000.056 1.5197017481400698e-06
37050.056 1.4313056585899e-06
37100.056 1.512097991480319e-06
37150.056 1.505827274259716e-06
37200.056 1.5373500988901682e-06
37250.056 1.6169440030800533e-06
37300.056 1.5335297849701372e-06
37350.056 1.4435973411302555e-06
37400.056 1.5567003181697509e-06
37450.056 1.5584954611901872e-06
37500.056 1.5601646620198092e-06
37550.056 1.5875617263297556e-06
37600.056 1.6923770130797196e-06
37650.056 1.5908011353198524e-06
37700.056 1.6412917788500171e-06
37750.056 1.6997676383499459e-06
37800.056 1.7678106506200482e-06
37850.056 1.6016891932998684e-06
37900.056 1.6835268867800839e-06
37950.056 1.7040907087998973e-06
38000.056 1.7073499691201796e-06
38050.056 1.7597535794200146e-06
38100.056 1.6409391844502345e-06
38150.056 1.9046938929997835e-06
38200.056 1.9963658789998256e-06
38250.056 1.6752428004601817e-06
38300.056 1.6849147028099299e-06
38350.056 1.8190664995798165e-06
38400.056 1.8004173802297046e-06
38450.056 1.9496228013001207e-06
38500.056 1.824143188609868e-06
38550.056 1.864342277530133e-06
38600.056 2.0494424704098046e-06
38650.056 1.7955464758000465e-06
38700.056 1.8854708422403986e-06
38750.056 1.8515968905200498e-06
38800.056 1.904296942879961e-06
38850.056 1.804741284270246e-06
38900.056 1.8083273627598214e-06
38950.056 1.9939805156198494e-06
39000.056 1.850533317470051e-06
39050.056 1.9639110318198727e-06
39100.056 1.8165362990101434e-06
39150.056 1.870591306479985e-06
39200.056 2.022766955700195e-06
39250.056 2.0171143495994524e-06
39300.056 1.945489191599406e-06
39350.056 1.968451894840157e-06
39400.056 1.9377008896999845e-06
39450.056 1.9374085382398083e-06
39500.056 1.9062622345098328e-06
39550.056 1.8699062968300561e-06
39600.056 2.0974100561998744e-06
39650.056 1.8114799715899125e-06
39700.056 1.9253419098398636e-06
39750.056 1.8715264725897678e-06
39800.056 1.7913851465099545e-06
39850.056 1.8535741420998016e-06
39900.056 1.878563835250241e-06
39950.056 1.98562659649987e-06
40000.056 1.7138726917799744e-06
40050.056 1.7237996626399645e-06
40100.056 1.9125696380999515e-06
40150.056 1.7331555724697204e-06
40200.056 1.7513807559397357e-06
40250.056 1.7613079805994235e-06
40300.056 1.6340947502402134e-06
40350.056 1.855966125000362e-06
40400.056 1.7969370556299492e-06
40450.056 1.7984769150003715e-06
40500.056 1.5847605487203317e-06
40550.056 1.902748634099879e-06
40600.056 1.604176905190319e-06
40650.056 1.6066947162099302e-06
40700.056 1.7869719153001672e-06
40750.056 1.5473218419592397e-06
40800.056 1.5257084300902327e-06
40850.056 1.489159851320371e-06
40900.056 1.5138432666102369e-06
40950.056 1.6062925139498854e-06
41000.056 1.5959336676300569e-06
41050.056 1.555006448729524e-06
41100.056 1.5331702901700736e-06
41150.056 1.5615386040899533e-06
41200.056 1.4762274960600016e-06
41250.056 1.540637416150153e-06
41300.056 1.289860671559658e-06
41350.056 1.559840627590078e-06
41400.056 1.468958197430287e-06
41450.056 1.4552990502304127e-06
41500.056 1.5191353587600079e-06
41550.056 1.4036546003399783e-06
41600.056 1.528410062520008e-06
41650.056 1.3691785457303554e-06
41700.056 1.2573845744497639e-06
41750.056 1.2557092705498113e-06
41800.056 1.2271202514098032e-06
41850.056 1.0947463940802166e-06
41900.056 1.2118373298800185e-06
41950.056 8.991884649503001e-07
42000.056 1.0303175547801445e-06
42050.056 8.978402389596655e-07
42100.056 1.033732572480223e-06
42150.056 7.282898795696739e-07
42200.056 7.857665929899333e-07
42250.056 8.106105850902503e-07
42300.056 6.321873485900786e-07
42350.056 7.767561520602685e-07
42400.056 6.101061773601396e-07
42450.056 5.341377193002005e-07
42500.056 5.950722291401429e-07
42550.056 5.800815144701052e-07
42600.056 5.909149804302096e-07
42650.056 4.7672224424961255e-07
42700.056 5.451651986301751e-07
42750.056 5.065711687199827e-07
42800.056 4.5802570835023497e-07
42850.056 4.942595415998746e-07
42900.056 4.883788304100096e-07
42950.056 4.60227094709743e-07
43000.056 4.4052424510007e-07
43050.056 4.3980301420019855e-07
43100.056 4.950776861401055e-07
43150.056 4.357161593100611e-07
43200.056 4.6434394183011885e-07
43250.056 4.363522161498525e-07
43300.056 4.3341458349004664e-07
43350.056 4.299634029799806e-07
43400.056 4.468088980699862e-07
43450.056 4.567308913201884e-07
43500.056 4.178775136099606e-07
43550.056 4.797224282199776e-07
43600.056 4.421632251100308e-07
43650.056 4.1047926454004124e-07
43700.056 4.454341741098052e-07
43750.056 4.2611829493007935e-07
43800.056 3.863239340500768e-07
43850.056 4.3460739339010337e-07
43900.056 4.481067726200246e-07
43950.056 4.252469137501969e-07
44000.056 4.26268812720133e-07
44050.056 4.478802539200884e-07
44100.056 4.547113583200887e-07
44150.056 4.508282807398888e-07
44200.056 4.12575753169916e-07
44250.056 4.666770727500036e-07
44300.056 4.4135559229000156e-07
44350.056 4.2289536106004586e-07
44400.056 4.5203884724996394e-07
44450.056 4.6109749154997915e-07
44500.056 4.834773373699601e-07
44550.056 4.422126983199304e-07
44600.056 4.896641470000326e-07
44650.056 4.6792561308008003e-07
44700.056 4.661225326700334e-07
44750.056 4.913010310499378e-07
44800.056 5.446970544499785e-07
44850.056 5.054730266100636e-07
44900.056 4.961228796800729e-07
44950.056 4.6355131006997295e-07
45000.056 5.28718142019954e-07
45050.056 5.105148495299384e-07
45100.056 5.371189062299556e-07
45150.056 5.246877782699377e-07
45200.056 4.958902887100502e-07
45250.056 5.017829437899404e-07
45300.056 5.447209867600376e-07
45350.056 5.716562117599902e-07
45400.056 5.535255711600711e-07
45450.056 5.074525226999365e-07
45500.056 5.235771504499747e-07
45550.056 5.701018046999712e-07
45600.056 5.317662028999687e-07
45650.056 4.954097905399126e-07
45700.056 5.946005360500225e-07
45750.056 5.356609742799929e-07
45800.056 5.245664856399934e-07
45850.056 6.16784414099962e-07
45900.056 6.28273767320049e-07
45950.056 5.388541488800038e-07
46000.056 6.348994713600186e-07
46050.056 6.211558012400726e-07
46100.056 5.288543008500741e-07
46150.056 5.960729016399936e-07
46200.056 6.30019216910108e-07
46250.056 5.202074292199902e-07
46300.056 6.723130201899711e-07
46350.056 5.605917951299406e-07
46400.056 5.721759144699364e-07
46450.056 6.155256197300926e-07
46500.056 5.581577484199389e-07
46550.056 7.006103692999795e-07
46600.056 6.382211138500434e-07
46650.056 8.313291273398711e-07
46700.056 7.63375215420231e-07
46750.056 5.954197718899152e-07
46800.056 6.624474308600705e-07
46850.056 7.089350580900787e-07
46900.056 6.671321060198721e-07
46950.056 7.422504092900429e-07
47000.056 6.158146544099971e-07
47050.056 7.547871048098989e-07
47100.056 5.793885781100701e-07
47150.056 6.377845116400851e-07
47200.056 6.887271269901384e-07
47250.056 5.952801914099402e-07
47300.056 6.327558947698333e-07
47350.056 5.393090563698882e-07
47400.056 6.914194716998771e-07
47450.056 5.806920724799789e-07
47500.056 6.781433061098749e-07
47550.056 5.925673692999515e-07
47600.056 6.8796669002997e-07
47650.056 4.924228779298555e-07
47700.056 7.072228268500458e-07
47750.056 4.798544441601089e-07
47800.056 7.000131649299136e-07
47850.056 5.31124320889894e-07
47900.056 6.860576910900352e-07
47950.056 4.972649079201214e-07
48000.056 7.715343257800045e-07
48050.056 5.599697881600804e-07
48100.056 6.32331873689984e-07
48150.056 5.871560163000889e-07
48200.056 6.860821445600998e-07
48250.056 5.694113805099676e-07
48300.056 7.553289501598028e-07
48350.056 5.261775331599824e-07
48400.056 6.915048509899995e-07
48450.056 5.62360461900023e-07
48500.056 7.799315684100264e-07
48550.056 5.381107357100367e-07
48600.056 6.971950172099645e-07
48650.056 5.585270948999657e-07
48700.056 6.852158145800508e-07
48750.056 5.0691057228005e-07
48800.056 8.053129898400415e-07
48850.056 5.54899651249909e-07
48900.056 7.133756661100674e-07
48950.056 6.604963862100194e-07
49000.056 6.441014048298995e-07
49050.056 6.906233639899888e-07
49100.056 6.216702699800805e-07
49150.056 6.833835514400204e-07
49200.056 6.335909431999854e-07
49250.056 6.758707378900133e-07
49300.056 5.748694045699547e-07
49350.056 6.270793031300044e-07
49400.056 7.442649312000768e-07
49450.056 6.236293672001443e-07
49500.056 6.690452446400192e-07
49550.056 5.691497778200213e-07
49600.056 6.489454355001887e-07
49650.056 6.739187928400046e-07
49700.056 5.802931525899411e-07
49750.056 8.548621770898633e-07
49800.056 6.403083817200498e-07
49850.056 8.446107180800506e-07
49900.056 6.434231964100596e-07
49950.056 7.255302279698095e-07
50000.056 6.96484307549855e-07
50050.056 7.028649918900686e-07
50100.056 7.510172057899544e-07
50150.056 6.207492037200453e-07
50200.056 5.805794596900688e-07
50250.056 7.046071224200293e-07
50300.056 6.572414963199601e-07
50350.056 7.77848429540021e-07
50400.056 6.703561440499927e-07
50450.056 6.697150258801232e-07
50500.056 8.582737737401629e-07
50550.056 7.034285210499678e-07
50600.056 7.601996450200185e-07
50650.056 7.210363620801818e-07
50700.056 7.916564887797449e-07
50750.056 8.130232867801148e-07
50800.056 6.025381406199439e-07
50850.056 7.072413297901697e-07
50900.056 7.864442304699628e-07
50950.056 7.928728460201364e-07
51000.056 9.118291333800392e-07
51050.056 6.573749328800858e-07
51100.056 6.506046931299291e-07
51150.056 7.654933746299108e-07
51200.056 7.584228656999469e-07
51250.056 8.091696859099039e-07
51300.056 6.675197998302799e-07
51350.056 7.452645069098021e-07
51400.056 6.76850366409829e-07
51450.056 5.240186275498934e-07
51500.056 6.96795571259987e-07
51550.056 9.398418089600739e-07
51600.056 6.216982026100762e-07
51650.056 7.261237121798933e-07
51700.056 6.869867640297923e-07
51750.056 6.503614574600808e-07
51800.056 7.924004166198174e-07
51850.056 7.95124195939867e-07
51900.056 8.383066238302174e-07
51950.056 7.785624441899418e-07
52000.056 6.332449291699442e-07
52050.056 7.365477405299831e-07
52100.056 6.796827544998541e-07
52150.056 6.934015829900355e-07
52200.056 6.708547615800231e-07
52250.056 7.18418965600004e-07
52300.056 7.905565564800028e-07
52350.056 8.539092564401445e-07
52400.056 6.139646356201057e-07
52450.056 7.376695960799731e-07
52500.056 8.236035181698546e-07
52550.056 7.574145590197164e-07
52600.056 7.60575652850154e-07
52650.056 8.723907521901428e-07
52700.056 7.391143884499648e-07
52750.056 5.939854610399231e-07
52800.056 6.808197203800773e-07
52850.056 6.455824786198879e-07
52900.056 7.110218297900677e-07
52950.056 7.221181927498871e-07
53000.056 8.25094518749926e-07
53050.056 6.853030649398621e-07
53100.056 6.461791401197834e-07
53150.056 8.661118488801522e-07
53200.056 5.834509303400747e-07
53250.056 8.729724179199744e-07
53300.056 8.443622161303927e-07
53350.056 8.123243894398994e-07
53400.056 7.704935486900967e-07
53450.056 6.482013822400325e-07
53500.056 5.601123285198779e-07
53550.056 7.118147790498957e-07
53600.056 7.996465135801698e-07
53650.056 6.380763445200361e-07
53700.056 6.670047804901823e-07
