galfind/configs/Brown_Dwarf_templates/sonora_bobcat/m+0.5/31g/sp_t250g31nc_m+0.5_resample.dat
# %ECSV 1.0
# ---
# datatype:
# - {name: wav, unit: Angstrom, datatype: float64}
# - {name: flux_nu, unit: erg / (cm2 Hz s), datatype: float64}
# meta: {C/O: '1.00', Kzz: '1.0000E+05', Teff: '250.', Y: '0.28', '[Fe/H]': '0.50', f_hole: '1.00', f_rain: '0.00', grav: '32.'}
# schema: astropy-2.0
wav flux_nu
[from data line 499]
28950.056 1.1008486578553095e-13
29000.056 4.671186414562884e-14
29050.056 8.975003927105365e-14
29100.056 2.3894080074285142e-14
29150.056 1.197376796068323e-14
29200.056 4.1095037002324865e-13
29250.056 1.2241351856187547e-13
29300.056 4.9125465333396395e-14
29350.056 1.8559756211782526e-13
29400.056 1.7352288203208624e-13
29450.056 2.3406057178186202e-14
29500.056 3.060258375326835e-13
29550.056 6.6238880884437e-14
29600.056 3.918241292311481e-14
29650.056 3.000816316818435e-13
29700.056 5.078047816345095e-14
29750.056 4.329519171547524e-13
29800.056 9.765602351750645e-14
29850.056 3.09350538702339e-13
29900.056 8.646641147215133e-14
29950.056 1.343879967231584e-13
30000.056 5.069610613479359e-16
30050.056 1.8156367219578353e-14
30100.056 1.5406258457833076e-13
30150.056 4.864704851358528e-13
30200.056 2.8728850924909727e-13
30250.056 3.540649342695683e-13
30300.056 6.898296674389471e-13
30350.056 8.396121421649357e-14
30400.056 6.473732604841239e-13
30450.056 1.1533924305882735e-12
30500.056 1.0057459978153947e-13
30550.056 1.2025650462556406e-13
30600.056 5.567660823142563e-12
30650.056 1.7047382788616197e-12
30700.056 1.645941076485054e-13
30750.056 8.91866918901911e-13
30800.056 2.290216842891753e-12
30850.056 1.947364327743813e-12
30900.056 6.067048428316764e-13
30950.056 3.564310937396682e-13
31000.056 6.635335930716984e-13
31050.056 1.2831522251385863e-13
31100.056 1.2544366559820399e-13
31150.056 2.650617146644403e-13
31200.056 2.7793298139674216e-12
31250.056 2.01885696002406e-12
31300.056 3.3716662976634746e-13
31350.056 2.8832534161517643e-12
31400.056 2.613769091640516e-12
31450.056 1.8830012636714843e-12
31500.056 3.9186275648690196e-13
31550.056 1.023114504054101e-12
31600.056 9.129768099667852e-13
31650.056 7.292299008594632e-13
31700.056 3.6188356385083265e-13
31750.056 2.4743101777043794e-13
31800.056 3.1269540197146184e-13
31850.056 3.267037437551644e-14
31900.056 8.440781077300158e-14
31950.056 6.366126077150101e-14
32000.056 2.3320976181826156e-14
32050.056 3.739306713702832e-14
32100.056 3.612937181187892e-14
32150.056 1.7096070506327714e-14
32200.056 5.190116065288755e-15
32250.056 1.4195830838705628e-14
32300.056 1.9664870421590637e-15
32350.056 7.46489324260004e-15
32400.056 3.210756710043558e-16
32450.056 3.901695279368111e-15
32500.056 2.5285696763775906e-16
32550.056 1.9575095473806168e-15
32600.056 1.1375839158899063e-16
32650.056 5.745390819285354e-15
32700.056 1.9615393914625748e-16
32750.056 1.9035075077584776e-14
32800.056 4.569375144458289e-15
32850.056 1.1947639177402046e-13
32900.056 6.652324297839465e-14
32950.056 9.645894568574176e-14
33000.056 2.0640336938186144e-14
33050.056 7.390840171751688e-15
33100.056 9.067376109191904e-16
33150.056 7.213663773909416e-19
33200.056 2.1716247304417049e-16
33250.056 4.1984793541501305e-16
33300.056 9.91356409447056e-15
33350.056 7.393684725514163e-15
33400.056 8.950319560374362e-14
33450.056 4.608337458949254e-15
33500.056 5.5780019164364464e-14
33550.056 5.6226859739428465e-15
33600.056 2.642130013205039e-14
33650.056 2.7993960901554494e-14
33700.056 2.3357354063219723e-15
33750.056 3.8049689348348195e-14
33800.056 9.660575456882388e-16
33850.056 1.7932438766525813e-14
33900.056 2.2314174067386532e-14
33950.056 2.558020672866415e-14
34000.056 8.058689282626084e-14
34050.056 1.2085874081959744e-14
34100.056 1.0819214830696172e-13
34150.056 3.740264944036519e-14
34200.056 1.963257658027789e-13
34250.056 4.529297847160731e-14
34300.056 9.157455383791865e-14
34350.056 6.39482636898854e-13
34400.056 6.607199631753294e-14
34450.056 3.5290173751633705e-13
34500.056 8.208071919289927e-14
34550.056 3.1358440201183833e-13
34600.056 1.6024987035092967e-12
34650.056 3.748713869198544e-14
34700.056 5.423633189428137e-13
34750.056 3.3407485286773555e-13
34800.056 2.6801579129698807e-13
34850.056 1.2185395455829588e-12
34900.056 8.262422372366715e-14
34950.056 1.954705851743677e-12
35000.056 1.845609664110317e-12
35050.056 2.276905622975045e-12
35100.056 3.3352265470118724e-12
35150.056 2.361414976553862e-12
35200.056 2.3230252221633494e-12
35250.056 4.857464028067995e-12
35300.056 1.0818299176030505e-12
35350.056 4.056233817440179e-13
35400.056 2.3408771246404446e-13
35450.056 3.616821907930127e-13
35500.056 1.9101317597781863e-12
35550.056 8.049885311300472e-13
35600.056 2.7974690279056315e-12
35650.056 5.624323681474099e-12
35700.056 6.478065232083962e-12
35750.056 2.6234341733723584e-12
35800.056 1.4197154086350332e-12
35850.056 5.535960327273933e-13
35900.056 7.49846686380922e-13
35950.056 1.3979108728505958e-12
36000.056 2.5341605154114662e-12
36050.056 1.800234993058383e-12
36100.056 1.4530297046374352e-12
36150.056 1.1288786665967035e-11
36200.056 6.639974414097887e-12
36250.056 2.920621472653958e-12
36300.056 1.6940239357924784e-11
36350.056 8.029650252103198e-12
36400.056 1.2763113216802767e-11
36450.056 1.027618018527187e-11
36500.056 9.246256721732262e-12
36550.056 2.9841256919633955e-11
36600.056 2.076929388874734e-11
36650.056 1.0488933940894954e-11
36700.056 2.3030220557645976e-11
36750.056 2.848302558440478e-11
36800.056 3.9344376920607234e-11
36850.056 7.453364998554592e-12
36900.056 1.7324509614327725e-11
36950.056 4.1082526330555505e-11
37000.056 2.3844578895054063e-11
37050.056 4.104872643687176e-11
37100.056 1.078028504330784e-11
37150.056 1.8041198559999905e-11
37200.056 6.789195195761806e-11
37250.056 3.157881681558499e-11
37300.056 9.093521426503708e-12
37350.056 2.0713641987833056e-11
37400.056 3.2783444236125595e-11
37450.056 9.495208463044416e-12
37500.056 2.5798147224993147e-11
37550.056 6.351382349786007e-11
37600.056 1.3981508615646375e-10
37650.056 1.909033646330573e-11
37700.056 4.11314812718274e-11
37750.056 4.0031828434670996e-11
37800.056 2.5674057472674757e-11
37850.056 1.042283744573533e-11
37900.056 1.2080547440872932e-11
37950.056 3.524114426776606e-11
38000.056 3.813532592791629e-11
38050.056 1.0541473698476233e-10
38100.056 1.0821189241947418e-10
38150.056 1.8628431575050567e-10
38200.056 1.1256992548285396e-10
38250.056 2.0461024509098274e-10
38300.056 3.173987804936903e-10
38350.056 1.51464826576033e-10
38400.056 2.4894537835606316e-11
38450.056 4.035470232744663e-12
38500.056 5.410605673936936e-12
38550.056 5.336652116360403e-11
38600.056 6.203366898744134e-11
38650.056 7.610884968551777e-11
38700.056 1.3741811825935695e-11
38750.056 5.053637411741181e-11
38800.056 4.4620927268238907e-11
38850.056 8.381924867055266e-11
38900.056 9.69323439949465e-11
38950.056 4.209723212415697e-11
39000.056 1.779302790201224e-10
39050.056 2.464864182141207e-11
39100.056 7.887390071171168e-11
39150.056 1.9705251851938526e-10
39200.056 8.594915693144168e-11
39250.056 2.4023899355512925e-10
39300.056 8.068594718882922e-11
39350.056 3.014445684469991e-10
39400.056 8.641331471773109e-11
39450.056 2.2332693380594678e-10
39500.056 1.7537212669002924e-10
39550.056 4.486010452753148e-11
39600.056 2.4074814286880785e-10
39650.056 2.0867658061062864e-10
39700.056 2.881912395446881e-10
39750.056 8.029941987867759e-11
39800.056 7.998527595443543e-11
39850.056 2.710563119579011e-10
39900.056 4.899899963900132e-10
39950.056 8.9803387013662e-11
40000.056 2.402472016480944e-10
40050.056 3.053507229665171e-10
40100.056 7.917077835556728e-11
40150.056 3.04049419026238e-10
40200.056 3.4886211735852166e-10
40250.056 4.1424526989383805e-10
40300.056 4.421395528424167e-10
40350.056 1.7821632249742815e-10
40400.056 2.372820259808274e-10
40450.056 7.067564248014046e-11
40500.056 4.894674152845448e-10
40550.056 5.636789889042784e-10
40600.056 3.543161853788164e-10
40650.056 1.9642008880841328e-10
40700.056 4.3912078731389995e-10
40750.056 3.082575063534545e-10
40800.056 1.659123472933601e-10
40850.056 9.402298731418725e-10
40900.056 7.453621756584435e-10
40950.056 6.526564523808606e-10
41000.056 3.1294624941792736e-10
41050.056 9.691054950851008e-10
41100.056 7.295105311282837e-10
41150.056 1.4176558282204828e-10
41200.056 1.2603713421452942e-09
41250.056 5.751829990605696e-10
41300.056 5.669608276529664e-10
41350.056 1.2541102684699645e-09
41400.056 8.833606616419398e-10
41450.056 1.5889514766931933e-09
41500.056 8.304185584536944e-10
41550.056 5.577924020259997e-10
41600.056 6.45817083668013e-10
41650.056 1.417432280068194e-09
41700.056 2.0314594256422244e-09
41750.056 1.412724867048589e-09
41800.056 1.1467365611332274e-09
41850.056 1.2823502869956373e-09
41900.056 7.222041576099795e-10
41950.056 7.397914394525501e-10
42000.056 1.054234385236885e-10
42050.056 3.483079022707179e-10
42100.056 3.692505648415407e-10
42150.056 6.092460809889416e-10
42200.056 1.2055287168502176e-09
42250.056 7.202121167325112e-10
42300.056 5.823641412453566e-10
42350.056 1.498204342160981e-09
42400.056 2.272993993167562e-09
42450.056 2.596034311650648e-09
42500.056 2.7480058026395737e-09
42550.056 2.0646865071163795e-09
42600.056 1.7348191964306068e-09
42650.056 2.9853423174265294e-09
42700.056 8.446015954166422e-10
42750.056 2.9307139646957856e-09
42800.056 5.549109158900903e-09
42850.056 4.667078803898962e-09
42900.056 4.06856211212698e-09
42950.056 4.003542849049848e-09
43000.056 4.796418076260775e-09
43050.056 1.9470933908460277e-09
43100.056 2.9293451361763228e-09
43150.056 2.464728998409245e-09
43200.056 5.782243814400799e-09
43250.056 6.10040036976875e-09
43300.056 6.294561776699977e-09
43350.056 3.3950900017583574e-09
43400.056 5.147647546116643e-09
43450.056 2.4988449029841582e-09
43500.056 1.804307144966539e-09
43550.056 2.5714774839953426e-09
43600.056 5.8726445853012254e-09
43650.056 3.397375547952234e-09
43700.056 6.809000521240093e-09
43750.056 7.221728358098174e-09
43800.056 5.403285147533423e-09
43850.056 4.615600803089065e-09
43900.056 2.9078189206221822e-09
43950.056 1.6824857717879207e-09
44000.056 2.2607917251595563e-09
44050.056 7.625434819399556e-09
44100.056 8.767509918699393e-09
44150.056 8.756751053319474e-09
44200.056 8.201746602110371e-09
44250.056 3.211676207249913e-09
44300.056 2.6169821118702375e-09
44350.056 2.540684416493292e-09
44400.056 1.94635863305597e-09
44450.056 5.479470878970884e-09
44500.056 5.472004152980709e-09
44550.056 7.503450954199495e-09
44600.056 6.110562500903488e-09
44650.056 4.834309424361423e-09
44700.056 3.5136509558114067e-09
44750.056 7.646266249381576e-09
44800.056 3.3527258114455767e-09
44850.056 4.198977271179778e-09
44900.056 5.284277861070412e-09
44950.056 6.701739050931514e-09
45000.056 9.516939769200725e-09
45050.056 6.489096146458569e-09
45100.056 5.961519137769537e-09
45150.056 4.256658103848749e-09
45200.056 3.4701839847403538e-09
45250.056 4.489083074188655e-09
45300.056 4.490412695110546e-09
45350.056 2.48889162025501e-09
45400.056 1.2155062420102044e-08
45450.056 7.253945789260367e-09
45500.056 1.2224810459411024e-08
45550.056 1.1804978086886205e-08
45600.056 8.093530686302012e-09
45650.056 6.907775204690019e-09
45700.056 4.054093543393576e-09
45750.056 3.898180430050508e-09
45800.056 1.146699441135053e-08
45850.056 6.588019492410151e-09
45900.056 1.2279532306598428e-08
45950.056 1.3065411728699712e-08
46000.056 1.0927249467051313e-08
46050.056 7.097372619011969e-09
46100.056 1.640164416699871e-08
46150.056 7.804461768440598e-09
46200.056 5.645203852438743e-09
46250.056 1.690593339651868e-09
46300.056 7.183206221939893e-09
46350.056 6.6387925429112375e-09
46400.056 6.574104062850058e-09
46450.056 5.9990335208280476e-09
46500.056 7.577167833751293e-09
46550.056 2.7619575059699447e-09
46600.056 4.300353524685355e-09
46650.056 8.073304903250471e-09
46700.056 5.014110670848475e-09
46750.056 1.6547859397772878e-09
46800.056 8.808999755720062e-10
46850.056 7.0035823429913295e-09
46900.056 8.84381108931969e-09
46950.056 9.890889604799426e-09
47000.056 1.0004972366301251e-08
47050.056 5.192940973296536e-09
47100.056 3.869647777410615e-09
47150.056 7.537917413420692e-09
47200.056 7.550362759099037e-09
47250.056 3.2317518177094053e-09
47300.056 2.0545993176175765e-09
47350.056 8.425344493701127e-09
47400.056 8.349452345098808e-09
47450.056 4.612999033331089e-09
47500.056 9.022903652070437e-09
47550.056 9.161907705720649e-09
47600.056 6.17604040193429e-09
47650.056 7.206891221268026e-09
47700.056 5.166937347152018e-09
47750.056 3.972871765790149e-09
47800.056 2.467360373290496e-09
47850.056 8.473422439232251e-10
47900.056 1.744260916029996e-09
47950.056 5.884031098460336e-09
48000.056 8.420062073299644e-09
48050.056 6.106244802900504e-09
48100.056 2.3587879153444386e-09
48150.056 5.5177917585002204e-09
48200.056 2.3225949463396975e-09
48250.056 3.503234484974711e-09
48300.056 7.971363259699798e-09
48350.056 3.634310320249318e-09
48400.056 5.622251247678169e-10
48450.056 1.1586977324513152e-09
48500.056 2.463543770109425e-09
48550.056 3.0853323896884513e-09
48600.056 6.954989073198948e-09
48650.056 9.267151300698989e-09
48700.056 5.317765217451357e-09
48750.056 5.043751404300839e-09
48800.056 7.3272998844801765e-09
48850.056 2.994163550128554e-09
48900.056 2.5571353012216724e-09
48950.056 1.0671635546799596e-09
49000.056 6.490983118901532e-10
49050.056 2.9212213746296005e-09
49100.056 5.03441336791501e-09
49150.056 3.7382257612840126e-09
49200.056 7.800713087001334e-09
49250.056 7.60569596307935e-09
49300.056 5.5784396751299215e-09
49350.056 1.575272252719805e-09
49400.056 2.4754746957960756e-09
49450.056 2.031155194573446e-09
49500.056 1.31949613356368e-09
49550.056 1.8778926345199935e-10
49600.056 5.513471631573269e-10
49650.056 2.5654526346706972e-09
49700.056 3.4170630117589083e-09
49750.056 2.2295111747821786e-09
49800.056 1.2404148863841354e-09
49850.056 4.302810696820666e-09
49900.056 4.462214169599688e-09
49950.056 4.434676089340159e-09
50000.056 1.7969090700293094e-09
50050.056 2.2392300614202e-09
50100.056 1.950733177299797e-09
50150.056 5.934731020378603e-10
50200.056 9.040302696062076e-11
50250.056 5.287998186400085e-10
50300.056 3.476537312970869e-10
50350.056 2.3094792821805286e-09
50400.056 3.1716893932892723e-09
50450.056 2.966837313760664e-09
50500.056 4.831066258160932e-09
50550.056 4.239410255100374e-09
50600.056 2.451024127688462e-09
50650.056 5.482653253000611e-09
50700.056 4.168681313699414e-09
50750.056 2.0000201194000327e-09
50800.056 3.944990044389022e-10
50850.056 1.748694101090654e-10
50900.056 1.5647494663902396e-09
50950.056 1.9251666667697196e-09
51000.056 1.205246224660083e-09
51050.056 2.91431701455985e-09
51100.056 7.816092686029304e-10
51150.056 5.817008206881427e-10
51200.056 3.2318650022000233e-09
51250.056 2.3725053549676897e-09
51300.056 1.4485295144503347e-09
51350.056 8.12802948156825e-10
51400.056 1.7700198693903542e-10
51450.056 1.7076748299015407e-10
51500.056 1.8128798618846198e-10
51550.056 7.802660329621722e-10
51600.056 1.025678265820372e-09
51650.056 1.9105800159601123e-09
51700.056 1.636837509885797e-09
51750.056 9.280955186532051e-10
51800.056 2.3368422216998354e-09
51850.056 1.7656155915598523e-09
51900.056 1.2896033951698722e-09
51950.056 5.291121851199451e-10
52000.056 8.09083427099866e-11
52050.056 2.578512382040164e-10
52100.056 1.547058839599792e-10
52150.056 9.301245756363162e-11
52200.056 3.6147244007001025e-10
52250.056 6.386539874301372e-10
52300.056 6.161242644799474e-10
52350.056 1.6789503403478082e-10
52400.056 1.9747323108599491e-10
52450.056 9.283812441800471e-10
52500.056 5.671957442818801e-10
52550.056 1.213548246089966e-09
52600.056 1.2087311262699848e-09
52650.056 1.3715089495699902e-09
52700.056 7.803620214398806e-10
52750.056 1.6931242505155616e-10
52800.056 3.884356379370678e-10
52850.056 4.4657012658991055e-10
52900.056 1.3845813920574742e-10
52950.056 2.456260543520375e-10
53000.056 5.524221081501146e-10
53050.056 2.1121917389295928e-10
53100.056 9.077602038599047e-10
53150.056 7.45851919508482e-10
53200.056 3.885287981424976e-10
53250.056 5.058823738967612e-10
53300.056 7.426838350890087e-10
53350.056 5.330803555867973e-10
53400.056 3.292671038448697e-10
53450.056 1.2421467078697317e-10
53500.056 3.786640981058836e-11
53550.056 6.78380109500069e-11
53600.056 2.132055416510456e-10
