galfind/configs/Brown_Dwarf_templates/sonora_bobcat/m+0.5/31g/sp_t900g31nc_m+0.5_resample.dat
# %ECSV 1.0
# ---
# datatype:
# - {name: wav, unit: Angstrom, datatype: float64}
# - {name: flux_nu, unit: erg / (cm2 Hz s), datatype: float64}
# meta: {C/O: '1.00', Kzz: '1.0000E+05', Teff: '900.', Y: '0.28', '[Fe/H]': '0.50', f_hole: '1.00', f_rain: '0.00', grav: '32.'}
# schema: astropy-2.0
wav flux_nu
[from data line 499]
28950.056 1.2733484282212537e-07
29000.056 1.0149829608810892e-07
29050.056 1.0510848357214684e-07
29100.056 8.049506490993339e-08
29150.056 1.2705212442383937e-07
29200.056 9.906816775516066e-08
29250.056 1.3626832449546453e-07
29300.056 8.759345295726333e-08
29350.056 1.721245880283503e-07
29400.056 1.0703569536843328e-07
29450.056 1.2011523651761614e-07
29500.056 1.2972621193936354e-07
29550.056 1.1671525349806705e-07
29600.056 1.3267079600846158e-07
29650.056 1.3048713003843676e-07
29700.056 9.576678986271346e-08
29750.056 1.3385021706264795e-07
29800.056 1.379840864143643e-07
29850.056 1.4198609119077254e-07
29900.056 1.2721939300722103e-07
29950.056 1.3432583948230144e-07
30000.056 1.0750209930331369e-07
30050.056 1.0526596210829218e-07
30100.056 9.531838112665862e-08
30150.056 1.3879865852048113e-07
30200.056 1.0160410198619365e-07
30250.056 1.4417168911654383e-07
30300.056 1.1689695498011454e-07
30350.056 9.982241174600598e-08
30400.056 1.173585632514994e-07
30450.056 8.882314597330991e-08
30500.056 6.834070490250907e-08
30550.056 7.431404611300262e-08
30600.056 8.173063938199298e-08
30650.056 6.488544067937954e-08
30700.056 6.836896354258409e-08
30750.056 6.165441344368878e-08
30800.056 5.092027445200896e-08
30850.056 4.7795373662875195e-08
30900.056 4.5755889289794e-08
30950.056 4.1898996686712946e-08
31000.056 3.608505829350123e-08
31050.056 3.5966029303302837e-08
31100.056 2.83429783885954e-08
31150.056 3.2222301218497855e-08
31200.056 3.45290625441058e-08
31250.056 2.5006848622793175e-08
31300.056 2.4731802291396317e-08
31350.056 2.4281223385199313e-08
31400.056 1.930533917719948e-08
31450.056 2.043088410229678e-08
31500.056 1.6717146620595127e-08
31550.056 1.9028531983899556e-08
31600.056 1.474338514419823e-08
31650.056 1.4365271699200305e-08
31700.056 1.3739979901297091e-08
31750.056 1.234184280710578e-08
31800.056 1.431549831029837e-08
31850.056 1.3424413292601327e-08
31900.056 1.437446793629787e-08
31950.056 9.03658975450035e-09
32000.056 1.2139621475698681e-08
32050.056 1.3034655896100207e-08
32100.056 1.3026687230103506e-08
32150.056 1.2939752717997562e-08
32200.056 1.1841835595600584e-08
32250.056 1.4067697982501466e-08
32300.056 1.1954058194900878e-08
32350.056 1.4876415285396262e-08
32400.056 1.1115457551196255e-08
32450.056 1.361034999969542e-08
32500.056 1.356521494460203e-08
32550.056 1.2041700781498638e-08
32600.056 1.5134580857401393e-08
32650.056 2.099872450039677e-08
32700.056 1.7922817745603103e-08
32750.056 1.9609875750103693e-08
32800.056 1.8788199166402312e-08
32850.056 2.067276282589622e-08
32900.056 2.3676546266694718e-08
32950.056 2.4648895418198537e-08
33000.056 2.029495626109198e-08
33050.056 1.906005142411308e-08
33100.056 1.005183631069814e-08
33150.056 6.1997458999999365e-09
33200.056 4.700406545299906e-09
33250.056 2.7856339844995275e-09
33300.056 2.8807064179003255e-09
33350.056 4.211993923600039e-09
33400.056 5.690901675597804e-09
33450.056 7.990149891999647e-09
33500.056 1.1647393596706368e-08
33550.056 1.1477641823305122e-08
33600.056 1.7075047892197347e-08
33650.056 1.6877186247095306e-08
33700.056 1.5710718175896894e-08
33750.056 2.0388055528205267e-08
33800.056 2.024808997050198e-08
33850.056 2.0932626717997175e-08
33900.056 1.771107308560092e-08
33950.056 1.7612618978698542e-08
34000.056 2.1876402220809303e-08
34050.056 1.4090429173790615e-08
34100.056 2.183557822699758e-08
34150.056 1.952654220080039e-08
34200.056 1.7572240954392862e-08
34250.056 1.877641642918652e-08
34300.056 1.8314825609290515e-08
34350.056 1.4439928413999402e-08
34400.056 1.4491399944696672e-08
34450.056 1.7684322617295673e-08
34500.056 1.723414412750184e-08
34550.056 1.6003933407801733e-08
34600.056 2.1252569390796885e-08
34650.056 1.7632706235000287e-08
34700.056 1.8796995687398638e-08
34750.056 1.9586810156893968e-08
34800.056 1.8615378042892828e-08
34850.056 1.8639554766807545e-08
34900.056 2.1681023234392666e-08
34950.056 2.2159648634794626e-08
35000.056 2.95471096407107e-08
35050.056 2.028610074339535e-08
35100.056 2.4342612624804007e-08
35150.056 2.2360383132302225e-08
35200.056 2.5720205510095695e-08
35250.056 3.109334569799017e-08
35300.056 2.807889704140513e-08
35350.056 2.6218024255291027e-08
35400.056 2.91416165573998e-08
35450.056 2.065653112180976e-08
35500.056 3.643363264969951e-08
35550.056 3.5466086143292354e-08
35600.056 2.9221778446115237e-08
35650.056 3.386559053989397e-08
35700.056 3.176131804009329e-08
35750.056 3.9359230605492e-08
35800.056 5.2097986506498634e-08
35850.056 3.287783205549364e-08
35900.056 4.1900238875099e-08
35950.056 3.808042924128842e-08
36000.056 3.924086752400789e-08
36050.056 3.57452798134858e-08
36100.056 3.974608628807615e-08
36150.056 4.004320823558866e-08
36200.056 4.186870569048638e-08
36250.056 4.220665380728081e-08
36300.056 4.651797727840078e-08
36350.056 4.587228307940704e-08
36400.056 4.2793522280392905e-08
36450.056 5.510170912970874e-08
36500.056 5.775491781429437e-08
36550.056 5.476710908501333e-08
36600.056 6.606475147900371e-08
36650.056 6.678975160568215e-08
36700.056 7.275410181878902e-08
36750.056 7.626927481495263e-08
36800.056 7.460461590500078e-08
36850.056 7.382334444668121e-08
36900.056 7.75870993977845e-08
36950.056 8.804148114878284e-08
37000.056 8.500801893599203e-08
37050.056 8.100862431998247e-08
37100.056 9.645323953150023e-08
37150.056 7.925134708359437e-08
37200.056 9.089360040598529e-08
37250.056 9.812766180798344e-08
37300.056 8.548326572226249e-08
37350.056 8.596422322212121e-08
37400.056 1.2846807786399579e-07
37450.056 1.0282798121940734e-07
37500.056 1.0434357005178643e-07
37550.056 1.1576179543508481e-07
37600.056 1.2178146951700623e-07
37650.056 1.0321767181999096e-07
37700.056 1.4421303141701815e-07
37750.056 1.1030436336898406e-07
37800.056 1.1659216103149104e-07
37850.056 9.654328162650646e-08
37900.056 9.98867319200333e-08
37950.056 1.2001963183056445e-07
38000.056 1.453398344891144e-07
38050.056 1.4525125348822143e-07
38100.056 1.2615906234084256e-07
38150.056 1.639033978349908e-07
38200.056 1.700303789750547e-07
38250.056 1.6892603803401948e-07
38300.056 2.052676568429831e-07
38350.056 2.1234469171701144e-07
38400.056 1.450137897159504e-07
38450.056 1.5887573886798166e-07
38500.056 1.170488607100026e-07
38550.056 1.6696310483103328e-07
38600.056 1.8137689910704133e-07
38650.056 1.6283300260597652e-07
38700.056 1.7550937926098108e-07
38750.056 2.0065539498502212e-07
38800.056 1.690851504128235e-07
38850.056 1.658057753200124e-07
38900.056 2.2291964468904428e-07
38950.056 1.989633631929649e-07
39000.056 2.1090994974999513e-07
39050.056 1.9327531448697112e-07
39100.056 2.1325923873004413e-07
39150.056 2.0500117234900755e-07
39200.056 2.3032848618899363e-07
39250.056 2.527538597559092e-07
39300.056 2.1090813347686605e-07
39350.056 2.701395842719876e-07
39400.056 2.4728944298609683e-07
39450.056 2.523688708299917e-07
39500.056 2.3738385179907367e-07
39550.056 2.647507834196443e-07
39600.056 2.6687768883590404e-07
39650.056 2.8380767594099546e-07
39700.056 2.7909088129302735e-07
39750.056 2.442010976300506e-07
39800.056 2.8583920631487e-07
39850.056 3.171801664399889e-07
39900.056 3.114371273540508e-07
39950.056 2.9136812687687844e-07
40000.056 3.7737055891810416e-07
40050.056 3.166122668480128e-07
40100.056 3.024965223886e-07
40150.056 3.4945327081990905e-07
40200.056 3.552956452648503e-07
40250.056 3.270561161668656e-07
40300.056 3.296927273890849e-07
40350.056 3.716337261930171e-07
40400.056 4.0213138901115423e-07
40450.056 3.892032658481311e-07
40500.056 3.762771040220028e-07
40550.056 3.9004638771193204e-07
40600.056 3.790454167600609e-07
40650.056 3.5243223273348684e-07
40700.056 4.494806183950086e-07
40750.056 4.05883659809926e-07
40800.056 3.4713508567683955e-07
40850.056 4.4011159182012746e-07
40900.056 4.156557244020637e-07
40950.056 3.9583548039904166e-07
41000.056 4.2500251618604134e-07
41050.056 4.7354233624994724e-07
41100.056 4.091633204160508e-07
41150.056 3.6158855552693856e-07
41200.056 4.65442838071923e-07
41250.056 4.092503077079498e-07
41300.056 3.764393181139024e-07
41350.056 5.078064444400994e-07
41400.056 4.707174746501239e-07
41450.056 4.772157640741593e-07
41500.056 4.313006254951021e-07
41550.056 4.3307732510805916e-07
41600.056 5.099379805294603e-07
41650.056 4.867606896940379e-07
41700.056 4.2821237210180634e-07
41750.056 4.4689712303596905e-07
41800.056 4.4003951444194516e-07
41850.056 3.596037903340415e-07
41900.056 3.7546197062596884e-07
41950.056 3.1770397963608005e-07
42000.056 3.2598884611404787e-07
42050.056 3.0570469016096565e-07
42100.056 3.80875230190028e-07
42150.056 2.928805740489108e-07
42200.056 2.8359263992599257e-07
42250.056 2.749898286899363e-07
42300.056 2.577426877570245e-07
42350.056 3.1663383702007203e-07
42400.056 2.6826550028008234e-07
42450.056 2.590686213200141e-07
42500.056 2.6026010264300614e-07
42550.056 2.6354522340197747e-07
42600.056 2.4855851471406853e-07
42650.056 2.466287147959281e-07
42700.056 2.629103162260574e-07
42750.056 2.4085219876597483e-07
42800.056 2.3906964232508924e-07
42850.056 2.726915156099072e-07
42900.056 2.706764932400522e-07
42950.056 2.623201058698831e-07
43000.056 2.6679238015900023e-07
43050.056 2.2690119167912392e-07
43100.056 2.638424183289999e-07
43150.056 2.44528479784059e-07
43200.056 2.8322528252803194e-07
43250.056 2.7995789810997e-07
43300.056 2.850008506399982e-07
43350.056 2.6194498684798746e-07
43400.056 2.674370636229824e-07
43450.056 2.589938368180411e-07
43500.056 2.414747131919704e-07
43550.056 2.637045863440345e-07
43600.056 2.934269266440145e-07
43650.056 2.675265210740269e-07
43700.056 2.764759118399581e-07
43750.056 2.8057792735609354e-07
43800.056 2.558352358089658e-07
43850.056 2.729649198150624e-07
43900.056 2.8325393718796994e-07
43950.056 2.451661903670431e-07
44000.056 2.4790436169302714e-07
44050.056 2.9976619337204535e-07
44100.056 3.1319430532002526e-07
44150.056 2.863035576808961e-07
44200.056 2.8941042207197556e-07
44250.056 2.832015643619968e-07
44300.056 2.6849779998104755e-07
44350.056 2.643245904440495e-07
44400.056 2.934531628900093e-07
44450.056 3.0290114008198e-07
44500.056 3.278439390300415e-07
44550.056 3.270510042799425e-07
44600.056 2.919213585070454e-07
44650.056 3.225331786450762e-07
44700.056 2.8035254594001775e-07
44750.056 3.263142652399902e-07
44800.056 3.241075807560217e-07
44850.056 3.1409161209306933e-07
44900.056 2.9718100869101935e-07
44950.056 3.099443008240146e-07
45000.056 3.3355852442996353e-07
45050.056 3.304648414270027e-07
45100.056 3.3346169391798897e-07
45150.056 3.2860624960297176e-07
45200.056 3.022030449440261e-07
45250.056 3.1439248259391383e-07
45300.056 3.057796134020493e-07
45350.056 3.1942237455597307e-07
45400.056 3.524085120700292e-07
45450.056 3.1511811279894404e-07
45500.056 3.2763337200798967e-07
45550.056 3.599387549499368e-07
45600.056 3.4959065901000473e-07
45650.056 2.92305282421938e-07
45700.056 3.375481144140567e-07
45750.056 2.970084758139799e-07
45800.056 3.374840253999963e-07
45850.056 3.783893217719842e-07
45900.056 3.8265544269001675e-07
45950.056 3.2827678658600737e-07
46000.056 3.71000981915998e-07
46050.056 3.4762239450402117e-07
46100.056 3.3963379700001703e-07
46150.056 3.4109480931999006e-07
46200.056 3.4315885812005707e-07
46250.056 2.8994016947596533e-07
46300.056 3.743224172229825e-07
46350.056 3.3030697969599416e-07
46400.056 3.288871792300007e-07
46450.056 3.3694500570305026e-07
46500.056 3.238283117410222e-07
46550.056 3.644639928079702e-07
46600.056 3.563737967820073e-07
46650.056 4.4760778294993053e-07
46700.056 3.9801016750010384e-07
46750.056 3.061713147939743e-07
46800.056 3.144610215060353e-07
46850.056 4.1444860251008157e-07
46900.056 3.8542749977994096e-07
46950.056 4.09805862166029e-07
47000.056 3.515861009099944e-07
47050.056 3.8598985901186894e-07
47100.056 3.002686976840526e-07
47150.056 3.29991822982019e-07
47200.056 3.682625483400442e-07
47250.056 3.238982008599889e-07
47300.056 3.0135483175295076e-07
47350.056 3.4206865816994387e-07
47400.056 3.8840280814393904e-07
47450.056 3.4742623663000684e-07
47500.056 3.9814472558992e-07
47550.056 3.4782627773097795e-07
47600.056 3.663855536899625e-07
47650.056 2.8701412492092594e-07
47700.056 3.81446584316083e-07
47750.056 2.637143579440286e-07
47800.056 3.5865040732598015e-07
47850.056 2.7333515055196957e-07
47900.056 3.433375087039666e-07
47950.056 2.859609997460411e-07
48000.056 4.131050832300569e-07
48050.056 3.544439105900262e-07
48100.056 3.2784411132700664e-07
48150.056 3.3985945319004037e-07
48200.056 3.5915922316903377e-07
48250.056 3.200184766999876e-07
48300.056 3.8320107505984666e-07
48350.056 2.8154922438701737e-07
48400.056 2.901974616099818e-07
48450.056 3.2058369625109205e-07
48500.056 4.141754789979808e-07
48550.056 3.001563103580054e-07
48600.056 3.589872529999984e-07
48650.056 3.239147733099672e-07
48700.056 3.441497051309938e-07
48750.056 2.665941872140931e-07
48800.056 4.3723575477699255e-07
48850.056 2.9136271976995226e-07
48900.056 3.907406838700206e-07
48950.056 3.561869818000567e-07
49000.056 2.659344916609224e-07
49050.056 3.588340145300052e-07
49100.056 3.503707729040552e-07
49150.056 3.467661263520245e-07
49200.056 3.734941962100157e-07
49250.056 3.7894490439004145e-07
49300.056 3.272963731499915e-07
49350.056 2.8626523692703517e-07
49400.056 3.48750361529999e-07
49450.056 3.251986017791078e-07
49500.056 3.11247035822963e-07
49550.056 2.3870647812802324e-07
49600.056 3.100639262740786e-07
49650.056 3.347097642119875e-07
49700.056 2.9499439799791253e-07
49750.056 3.6507851885990966e-07
49800.056 3.162199811500257e-07
49850.056 4.1752784624209194e-07
49900.056 3.3117748195700223e-07
49950.056 3.490518378079666e-07
50000.056 3.296984259179537e-07
50050.056 3.6554310205001614e-07
50100.056 3.3502640268199236e-07
50150.056 2.5873220924497274e-07
50200.056 1.7750214430199206e-07
50250.056 3.4005839293895707e-07
50300.056 2.865682420210108e-07
50350.056 3.9668250081901897e-07
50400.056 3.3799314690598374e-07
50450.056 3.024992048140705e-07
50500.056 3.497085429910558e-07
50550.056 3.1582624952100953e-07
50600.056 3.275953958119539e-07
50650.056 3.650325094901076e-07
50700.056 3.8723577555485353e-07
50750.056 3.706380945670714e-07
50800.056 2.4969773781198327e-07
50850.056 2.6007242572607795e-07
50900.056 3.779531134260183e-07
50950.056 3.1939132895007837e-07
51000.056 3.7177941251004067e-07
51050.056 3.0455671316002454e-07
51100.056 2.4076161232297543e-07
51150.056 3.118015887949421e-07
51200.056 3.866361851499907e-07
51250.056 3.2473907181289445e-07
51300.056 2.8531884168217105e-07
51350.056 2.8185247377197897e-07
51400.056 2.0732457229097468e-07
51450.056 1.779063695549438e-07
51500.056 2.1983962473706695e-07
51550.056 3.8555408911403993e-07
51600.056 2.800762615660554e-07
51650.056 2.928297970889465e-07
51700.056 2.862796328999114e-07
51750.056 2.306856037050576e-07
51800.056 3.1561338870791256e-07
51850.056 3.1437917300501063e-07
51900.056 3.8118609965612535e-07
51950.056 3.28690817349964e-07
52000.056 1.8251906513698462e-07
52050.056 2.9026428295404013e-07
52100.056 2.230617176599477e-07
52150.056 2.182105277820159e-07
52200.056 2.0853781483099387e-07
52250.056 2.4767712807003635e-07
52300.056 3.3728506677997903e-07
52350.056 2.9220680086502767e-07
52400.056 2.0047678108299483e-07
52450.056 2.991149071120135e-07
52500.056 2.985036526409158e-07
52550.056 3.2867235647588917e-07
52600.056 2.757935541480627e-07
52650.056 3.0131269651408137e-07
52700.056 2.7897544706599687e-07
52750.056 2.0094269042598273e-07
52800.056 2.454592067740384e-07
52850.056 2.4134453376093014e-07
52900.056 2.4146770361005873e-07
52950.056 2.519898637599786e-07
53000.056 3.0459636820398864e-07
53050.056 1.9986008654591224e-07
53100.056 2.2199533786091143e-07
53150.056 3.285025169000402e-07
53200.056 1.9517269789399294e-07
53250.056 3.246669703200229e-07
53300.056 3.120964629341645e-07
53350.056 3.093217246619765e-07
53400.056 3.1391713103004285e-07
53450.056 1.962145556970164e-07
53500.056 1.4293420504694736e-07
