galfind/configs/Brown_Dwarf_templates/sonora_bobcat/m+0.5/31g/sp_t750g31nc_m+0.5_resample.dat
# %ECSV 1.0
# ---
# datatype:
# - {name: wav, unit: Angstrom, datatype: float64}
# - {name: flux_nu, unit: erg / (cm2 Hz s), datatype: float64}
# meta: {C/O: '1.00', Kzz: '1.0000E+05', Teff: '750.', Y: '0.28', '[Fe/H]': '0.50', f_hole: '1.00', f_rain: '0.00', grav: '32.'}
# schema: astropy-2.0
wav flux_nu
[from data line 498]
28900.056 1.4683859912660177e-08
28950.056 3.470548572070734e-08
29000.056 2.6944033031649383e-08
29050.056 2.9318608859904027e-08
29100.056 2.2026989125807083e-08
29150.056 3.718988262961375e-08
29200.056 2.706700386657415e-08
29250.056 4.076150082823625e-08
29300.056 2.176292341240678e-08
29350.056 5.834689991509497e-08
29400.056 2.9896271939775626e-08
29450.056 3.374039740229838e-08
29500.056 3.9613841095853536e-08
29550.056 3.220172024792618e-08
29600.056 3.971584119058889e-08
29650.056 4.1717842874575215e-08
29700.056 2.682654688370658e-08
29750.056 4.0924304549427366e-08
29800.056 4.170329741811266e-08
29850.056 4.6484947532574495e-08
29900.056 4.123155572339997e-08
29950.056 3.968814655229101e-08
30000.056 1.7833916395892763e-08
30050.056 2.0793035382666507e-08
30100.056 1.8994083917604868e-08
30150.056 3.598677364103107e-08
30200.056 2.5820157302381408e-08
30250.056 4.683478041394342e-08
30300.056 4.15170700230114e-08
30350.056 3.4304658402858854e-08
30400.056 4.187875007592988e-08
30450.056 2.8158952530084692e-08
30500.056 2.4246818361237582e-08
30550.056 2.6117252159041102e-08
30600.056 3.156536626041001e-08
30650.056 2.258694701648405e-08
30700.056 2.2074680412232127e-08
30750.056 2.45184329083047e-08
30800.056 1.85711961796133e-08
30850.056 1.8616500073266735e-08
30900.056 1.447269231505263e-08
30950.056 1.560040503024525e-08
31000.056 1.2556479146271844e-08
31050.056 1.1672032043669472e-08
31100.056 9.966504970245996e-09
31150.056 1.3015258047959077e-08
31200.056 1.265702254720311e-08
31250.056 9.081986556862538e-09
31300.056 8.324212861353598e-09
31350.056 9.056452477099803e-09
31400.056 6.798520727358714e-09
31450.056 7.199442771218057e-09
31500.056 5.547811191298537e-09
31550.056 6.52906509648173e-09
31600.056 4.433848174975144e-09
31650.056 4.333871516374624e-09
31700.056 4.35330525088942e-09
31750.056 3.5706489350794877e-09
31800.056 4.551253907240327e-09
31850.056 3.2981765832242135e-09
31900.056 3.838060015583365e-09
31950.056 2.378323516654621e-09
32000.056 3.2116024814280502e-09
32050.056 3.7232813804200786e-09
32100.056 3.5979847415278092e-09
32150.056 3.6764159934335644e-09
32200.056 3.0621178351664392e-09
32250.056 4.147836200806378e-09
32300.056 3.0703238830694217e-09
32350.056 4.223045155228864e-09
32400.056 2.8760443408687607e-09
32450.056 3.8205559322297036e-09
32500.056 3.3011060788917694e-09
32550.056 3.1695969497869867e-09
32600.056 4.17456868958449e-09
32650.056 6.701791593998689e-09
32700.056 5.0928343126011386e-09
32750.056 6.667164331001828e-09
32800.056 6.12548273329098e-09
32850.056 7.289874085729136e-09
32900.056 8.117976500277363e-09
32950.056 8.874800655063499e-09
33000.056 7.0082528572926395e-09
33050.056 6.979604016545526e-09
33100.056 2.788630219922795e-09
33150.056 6.778202092969688e-10
33200.056 6.981072504028372e-10
33250.056 3.5845578872698536e-10
33300.056 4.3648510282106717e-10
33350.056 9.142260979599331e-10
33400.056 1.5190538783790665e-09
33450.056 2.372054488939646e-09
33500.056 4.1383579344633895e-09
33550.056 3.250298761842084e-09
33600.056 5.888733451758884e-09
33650.056 5.4733595122083645e-09
33700.056 4.887631307259079e-09
33750.056 7.030976533383235e-09
33800.056 5.790372546721636e-09
33850.056 6.554755898719361e-09
33900.056 5.3763940351306165e-09
33950.056 5.458886957688608e-09
34000.056 7.440635443654105e-09
34050.056 3.3302408242373702e-09
34100.056 7.210282490040728e-09
34150.056 5.804202979371327e-09
34200.056 5.804665164696827e-09
34250.056 5.691036878484952e-09
34300.056 5.468095881617507e-09
34350.056 4.563857192369548e-09
34400.056 3.918316361488733e-09
34450.056 5.475438027687732e-09
34500.056 5.295352931081355e-09
34550.056 4.201839404330864e-09
34600.056 7.124242470609616e-09
34650.056 4.703762483880543e-09
34700.056 6.37271494237953e-09
34750.056 6.083098016847505e-09
34800.056 5.613594298537094e-09
34850.056 6.249288617912747e-09
34900.056 6.768354514876566e-09
34950.056 7.611516245997307e-09
35000.056 1.1574140014644434e-08
35050.056 6.616035943769019e-09
35100.056 9.301356923552558e-09
35150.056 7.693594443252357e-09
35200.056 9.453164048727927e-09
35250.056 1.2137278498755056e-08
35300.056 9.561269084561094e-09
35350.056 9.608745763225827e-09
35400.056 1.1054899755327143e-08
35450.056 7.351837327094155e-09
35500.056 1.55782441248286e-08
35550.056 1.4311879789535622e-08
35600.056 1.1222967077668185e-08
35650.056 1.3351685404396002e-08
35700.056 1.246075425543462e-08
35750.056 1.6858950888997682e-08
35800.056 2.220070813905968e-08
35850.056 1.2421539064567499e-08
35900.056 1.631337573165035e-08
35950.056 1.5006553252540855e-08
36000.056 1.518068871311329e-08
36050.056 1.297868752116383e-08
36100.056 1.4428305432609994e-08
36150.056 1.557700302218485e-08
36200.056 1.6352071776703182e-08
36250.056 1.6224392372252087e-08
36300.056 1.9415753603717155e-08
36350.056 1.7826139160124735e-08
36400.056 1.7096904900514627e-08
36450.056 2.3212813801015375e-08
36500.056 2.5037108308359915e-08
36550.056 2.32787104185556e-08
36600.056 2.9298707451498755e-08
36650.056 2.8610968423268915e-08
36700.056 3.186321127437034e-08
36750.056 3.430490215773104e-08
36800.056 3.2801948978401135e-08
36850.056 2.993665266476479e-08
36900.056 3.53777153618332e-08
36950.056 3.8213408798089614e-08
37000.056 3.515494754009375e-08
37050.056 3.444661902579119e-08
37100.056 4.1594474056152455e-08
37150.056 3.2090982543593214e-08
37200.056 3.9635031140088454e-08
37250.056 4.121476151159331e-08
37300.056 3.505917727111189e-08
37350.056 3.732640274246014e-08
37400.056 5.789608651999727e-08
37450.056 4.2201087861574524e-08
37500.056 4.2809242238776074e-08
37550.056 4.9431228596250706e-08
37600.056 5.4017250292404906e-08
37650.056 3.99975376555976e-08
37700.056 6.374379589460801e-08
37750.056 4.4851797901092974e-08
37800.056 4.7470023011093404e-08
37850.056 3.395675766455406e-08
37900.056 3.980264780380734e-08
37950.056 5.141383357992383e-08
38000.056 6.155365527340661e-08
38050.056 5.885584690831313e-08
38100.056 5.5708813561501214e-08
38150.056 7.079166533929724e-08
38200.056 7.38185558397279e-08
38250.056 7.245045317011153e-08
38300.056 9.432809161998678e-08
38350.056 9.347536368301222e-08
38400.056 5.6846789782803857e-08
38450.056 6.0886040053404e-08
38500.056 4.1781060863494134e-08
38550.056 6.465925159512156e-08
38600.056 6.9012229281819e-08
38650.056 6.023076615398636e-08
38700.056 6.445894647949962e-08
38750.056 7.681178264451223e-08
38800.056 6.532211707102178e-08
38850.056 6.700943123090783e-08
38900.056 9.380892658301168e-08
38950.056 7.573612512466147e-08
39000.056 8.355097696690187e-08
39050.056 7.355184393999515e-08
39100.056 8.54223802450103e-08
39150.056 8.26436627399081e-08
39200.056 9.120877245949857e-08
39250.056 1.0379130349827046e-07
39300.056 7.99247788704506e-08
39350.056 1.1610682748219728e-07
39400.056 9.447145964435873e-08
39450.056 1.0280752645469445e-07
39500.056 1.0152286561083682e-07
39550.056 1.0762665858670819e-07
39600.056 1.1030981913606208e-07
39650.056 1.1623790059458717e-07
39700.056 1.1579975084702713e-07
39750.056 9.763162506513892e-08
39800.056 1.1338733213055836e-07
39850.056 1.381768601719996e-07
39900.056 1.3824201895102034e-07
39950.056 1.170966299210485e-07
40000.056 1.7333794796225289e-07
40050.056 1.36525365272599e-07
40100.056 1.1565185429227549e-07
40150.056 1.4975613047116065e-07
40200.056 1.5195156566092164e-07
40250.056 1.4881363199992095e-07
40300.056 1.4864704632055044e-07
40350.056 1.6358507404757913e-07
40400.056 1.8088162324783776e-07
40450.056 1.6350718552425322e-07
40500.056 1.8032415381997273e-07
40550.056 1.7981628888295142e-07
40600.056 1.7793062046702433e-07
40650.056 1.512886587689478e-07
40700.056 2.10577861011496e-07
40750.056 1.8549295724098784e-07
40800.056 1.484452418519076e-07
40850.056 2.273290984550909e-07
40900.056 2.078840753272357e-07
40950.056 1.9677433648801132e-07
41000.056 2.038955831292044e-07
41050.056 2.4675871132395495e-07
41100.056 2.084504709070328e-07
41150.056 1.6504529855566926e-07
41200.056 2.469305847609538e-07
41250.056 2.0383949513925926e-07
41300.056 1.904274545189442e-07
41350.056 2.7814971919006686e-07
41400.056 2.438105654630694e-07
41450.056 2.6512939074904834e-07
41500.056 2.2154321158833205e-07
41550.056 2.19027326815657e-07
41600.056 2.6764179326855664e-07
41650.056 2.7563227969800035e-07
41700.056 2.4089484420885834e-07
41750.056 2.5454476874199063e-07
41800.056 2.6350636507197573e-07
41850.056 2.126449179386139e-07
41900.056 2.2105177670476444e-07
41950.056 1.9525468440704221e-07
42000.056 1.9503788144424336e-07
42050.056 1.895411574122219e-07
42100.056 2.4617770322098277e-07
42150.056 2.0111144084197226e-07
42200.056 1.7997173602631322e-07
42250.056 1.819174547089408e-07
42300.056 1.8183743076581362e-07
42350.056 2.2536433171904194e-07
42400.056 2.0352874739707804e-07
42450.056 1.9212314240302298e-07
42500.056 1.8653730023898757e-07
42550.056 1.8631337277796899e-07
42600.056 1.848837715678379e-07
42650.056 2.0442257017193626e-07
42700.056 1.996390735850144e-07
42750.056 1.8452272697597863e-07
42800.056 1.9493260231105448e-07
42850.056 2.2103881579591632e-07
42900.056 2.2317982215306794e-07
42950.056 2.0542247115592703e-07
43000.056 2.1915010785600649e-07
43050.056 1.677059315430849e-07
43100.056 2.0378300789896606e-07
43150.056 1.9428181433633747e-07
43200.056 2.3287382789600784e-07
43250.056 2.4807503340499527e-07
43300.056 2.4877462259599214e-07
43350.056 1.9885122039297772e-07
43400.056 2.190495607299741e-07
43450.056 2.040613315718373e-07
43500.056 1.8550776256838683e-07
43550.056 1.962739170976569e-07
43600.056 2.562264742890223e-07
43650.056 2.1505253016210263e-07
43700.056 2.3072931543401847e-07
43750.056 2.389233101760676e-07
43800.056 2.1943255532705973e-07
43850.056 2.125979410830296e-07
43900.056 2.222771121949749e-07
43950.056 1.7770207621102012e-07
44000.056 1.795439354500019e-07
44050.056 2.5566394796102667e-07
44100.056 2.791337194920157e-07
44150.056 2.529339916115192e-07
44200.056 2.516119874139886e-07
44250.056 2.1290898425751327e-07
44300.056 1.9424746665404266e-07
44350.056 2.0389161547304912e-07
44400.056 2.223281083030089e-07
44450.056 2.4772051145595974e-07
44500.056 2.6176238902706844e-07
44550.056 2.8973817105995366e-07
44600.056 2.396807677156377e-07
44650.056 2.664689097750693e-07
44700.056 2.0695370967201153e-07
44750.056 2.631445388220206e-07
44800.056 2.3578399320501674e-07
44850.056 2.5237306321005027e-07
44900.056 2.3242853840121567e-07
44950.056 2.553189244220131e-07
45000.056 2.707714218439704e-07
45050.056 2.637579186670136e-07
45100.056 2.5845508953999343e-07
45150.056 2.6309062827436256e-07
45200.056 2.2929245526802496e-07
45250.056 2.438230000579128e-07
45300.056 2.2025696303205216e-07
45350.056 2.3025034273199858e-07
45400.056 3.022334340600247e-07
45450.056 2.6241229285597156e-07
45500.056 2.735357444410053e-07
45550.056 3.0120109301992054e-07
45600.056 2.9894183102002473e-07
45650.056 2.3772453536736552e-07
45700.056 2.4133975964583085e-07
45750.056 2.231282275569843e-07
45800.056 2.9649126938999634e-07
45850.056 3.1074583007499504e-07
45900.056 3.2016301781000476e-07
45950.056 2.7399325315399014e-07
46000.056 3.062569626699988e-07
46050.056 2.7397295247902633e-07
46100.056 2.9945699112999584e-07
46150.056 2.6419022919298944e-07
46200.056 2.548777668910186e-07
46250.056 1.9543211636916313e-07
46300.056 2.8786166531800083e-07
46350.056 2.631061752830191e-07
46400.056 2.544739466920125e-07
46450.056 2.481884596660432e-07
46500.056 2.5780980510204845e-07
46550.056 2.350558973569739e-07
46600.056 2.630990638165956e-07
46650.056 3.422848363999562e-07
46700.056 2.7973770719203564e-07
46750.056 2.0787050633818513e-07
46800.056 1.8120299369401993e-07
46850.056 3.411754402640785e-07
46900.056 3.0429071416796354e-07
46950.056 3.095950120790132e-07
47000.056 2.7963187691602177e-07
47050.056 2.792371924968921e-07
47100.056 2.0760276670883887e-07
47150.056 2.4061419493001746e-07
47200.056 2.805350456760219e-07
47250.056 2.314734381849933e-07
47300.056 1.8705427922319565e-07
47350.056 2.937892713779571e-07
47400.056 2.942315318459607e-07
47450.056 2.846592632908162e-07
47500.056 3.202267976729446e-07
47550.056 2.8215553269199783e-07
47600.056 2.7749012591498644e-07
47650.056 2.3728059187035096e-07
47700.056 2.749881106873702e-07
47750.056 1.9550459975621257e-07
47800.056 2.3270574678000987e-07
47850.056 1.7415532444800067e-07
47900.056 2.2095058747296323e-07
47950.056 2.3030542747804113e-07
48000.056 3.2867877741006094e-07
48050.056 2.9642622243201356e-07
48100.056 2.120827192630162e-07
48150.056 2.5891229877002373e-07
48200.056 2.439474712840089e-07
48250.056 2.3669598699400724e-07
48300.056 2.9333717682688254e-07
48350.056 2.0343200784902246e-07
48400.056 1.5313531628177566e-07
48450.056 2.3205576450608513e-07
48500.056 2.9662873134095933e-07
48550.056 2.3015851874599358e-07
48600.056 2.6186243170400314e-07
48650.056 2.5776509808996783e-07
48700.056 2.426617121229828e-07
48750.056 1.7973950673309963e-07
48800.056 3.2698165812098745e-07
48850.056 2.040377299914715e-07
48900.056 2.896310713800037e-07
48950.056 2.334545607700441e-07
49000.056 1.4236644219796243e-07
49050.056 2.474897563529961e-07
49100.056 2.702382800590577e-07
49150.056 2.3631995464773873e-07
49200.056 2.9838285149903393e-07
49250.056 2.8357653135104377e-07
49300.056 2.4914177990300437e-07
49350.056 1.6980617469893464e-07
49400.056 2.1851084328598098e-07
49450.056 2.2494575353507644e-07
49500.056 1.898240657159726e-07
49550.056 1.1068853525901759e-07
49600.056 1.8022930714045108e-07
49650.056 2.2221726649299416e-07
49700.056 2.0248837346892806e-07
49750.056 2.356219095139385e-07
49800.056 2.0305218977522624e-07
49850.056 2.9242230573908624e-07
49900.056 2.3208827690157655e-07
49950.056 2.338665909469971e-07
50000.056 2.129621381029728e-07
50050.056 2.516099440000096e-07
50100.056 2.0979046259201137e-07
50150.056 1.47266548746975e-07
50200.056 7.178466807060989e-08
50250.056 2.016741557769681e-07
50300.056 1.5496292716802202e-07
50350.056 2.614806375410297e-07
50400.056 2.270935886909858e-07
50450.056 1.8533161164603473e-07
50500.056 2.20910707829039e-07
50550.056 2.0733447708201413e-07
50600.056 1.9226184186295027e-07
50650.056 2.4633535370607105e-07
50700.056 2.580873125308875e-07
50750.056 2.1488356152004014e-07
50800.056 1.2776986945759675e-07
50850.056 1.192886697370473e-07
50900.056 2.4961544351901104e-07
50950.056 1.9104145673403786e-07
51000.056 2.1119690622851568e-07
51050.056 1.9852042402300407e-07
51100.056 1.204383399378895e-07
51150.056 1.6716135367377178e-07
51200.056 2.660736586849876e-07
51250.056 1.8847620964293723e-07
51300.056 1.6111682437909483e-07
51350.056 1.6153580963399383e-07
51400.056 9.537207765099586e-08
51450.056 8.206340347537352e-08
51500.056 9.235119123973985e-08
51550.056 2.139610988634126e-07
51600.056 1.5348986349093785e-07
51650.056 1.562328728099585e-07
51700.056 1.6516373266456904e-07
51750.056 1.203280104260295e-07
51800.056 1.782830788149607e-07
51850.056 1.6912458181000346e-07
51900.056 2.3223705352805323e-07
51950.056 1.8207356852898795e-07
52000.056 6.567207972998618e-08
52050.056 1.3651219277453006e-07
52100.056 9.808030739798372e-08
52150.056 8.850938884280815e-08
52200.056 9.915214799350235e-08
52250.056 1.2941753852903038e-07
52300.056 1.8690849528999077e-07
52350.056 1.3142477685520839e-07
52400.056 9.412198438450273e-08
52450.056 1.774286178420058e-07
52500.056 1.6265073374194594e-07
52550.056 1.7471140081794745e-07
52600.056 1.4671007076403114e-07
52650.056 1.550048440340258e-07
52700.056 1.3891544649399544e-07
52750.056 8.934822737059697e-08
52800.056 1.1672803854302416e-07
52850.056 1.2355879702895326e-07
52900.056 1.0551342546720341e-07
52950.056 1.1827340324079836e-07
53000.056 1.626920935240118e-07
53050.056 8.351637506867149e-08
53100.056 1.2050378121694362e-07
53150.056 1.743684479280221e-07
53200.056 8.87656243755e-08
53250.056 1.622983655980059e-07
53300.056 1.73594527769297e-07
53350.056 1.6656338286199408e-07
53400.056 1.5183300332400786e-07
53450.056 7.732732751998788e-08
