galfind/configs/Brown_Dwarf_templates/sonora_bobcat/m+0.5/31g/sp_t375g31nc_m+0.5_resample.dat
# %ECSV 1.0
# ---
# datatype:
# - {name: wav, unit: Angstrom, datatype: float64}
# - {name: flux_nu, unit: erg / (cm2 Hz s), datatype: float64}
# meta: {C/O: '1.00', Kzz: '1.0000E+05', Teff: '375.', Y: '0.28', '[Fe/H]': '0.50', f_hole: '1.00', f_rain: '0.00', grav: '32.'}
# schema: astropy-2.0
wav flux_nu
[from data line 498]
28900.056 3.897673191194659e-11
28950.056 5.7163307171694644e-11
29000.056 3.240725811717594e-11
29050.056 5.487375315978359e-11
29100.056 2.8167317366775412e-11
29150.056 2.9869590082154375e-11
29200.056 7.780161216084493e-11
29250.056 9.422160896914602e-11
29300.056 4.064524758179306e-11
29350.056 1.1138482326614507e-10
29400.056 6.195312438156385e-11
29450.056 3.3665837646016594e-11
29500.056 1.1566100456553808e-10
29550.056 4.0839562977743825e-11
29600.056 5.579511954132101e-11
29650.056 1.562537369757249e-10
29700.056 3.669389424662708e-11
29750.056 1.1709601361508714e-10
29800.056 8.526445104086965e-11
29850.056 1.2383287274779705e-10
29900.056 6.543891608348816e-11
29950.056 9.514575892174819e-11
30000.056 1.333470849447995e-12
30050.056 9.070036084918157e-12
30100.056 4.0722305737491127e-11
30150.056 1.1429185049942448e-10
30200.056 7.906854167290578e-11
30250.056 1.6145586011169186e-10
30300.056 2.582133383456792e-10
30350.056 6.297431779678455e-11
30400.056 2.0393340405456873e-10
30450.056 1.5161165226813502e-10
30500.056 1.0576641808731757e-10
30550.056 9.189549092336244e-11
30600.056 3.965613658183787e-10
30650.056 2.204204168324704e-10
30700.056 1.1765053777863832e-10
30750.056 2.665434979278997e-10
30800.056 1.8169455432500012e-10
30850.056 2.245179773733806e-10
30900.056 9.762928888406791e-11
30950.056 1.1544705081577588e-10
31000.056 1.45428142179848e-10
31050.056 8.691501356771738e-11
31100.056 5.321326162775115e-11
31150.056 1.0319789778018663e-10
31200.056 2.573597053598619e-10
31250.056 1.8046480132150684e-10
31300.056 9.415075513091438e-11
31350.056 2.2215593681357036e-10
31400.056 1.5410752586591488e-10
31450.056 1.4643603144640151e-10
31500.056 6.120161306763743e-11
31550.056 9.434438283717708e-11
31600.056 6.233007484716666e-11
31650.056 6.689051783584666e-11
31700.056 5.863482919788589e-11
31750.056 2.9424136819812336e-11
31800.056 5.500588743831284e-11
31850.056 1.0023402937400869e-11
31900.056 2.4701684141432154e-11
31950.056 1.6978817578087674e-11
32000.056 1.0225381484568876e-11
32050.056 1.9629851627076083e-11
32100.056 1.7563452344991217e-11
32150.056 1.7808594964616236e-11
32200.056 7.869497303321576e-12
32250.056 2.1866668381843674e-11
32300.056 6.473621125618567e-12
32350.056 1.939428281236718e-11
32400.056 3.0007934210412365e-12
32450.056 1.303347912884698e-11
32500.056 3.260032641307406e-12
32550.056 9.542039755472622e-12
32600.056 3.420309857565821e-12
32650.056 3.2845692082278295e-11
32700.056 5.2515246477227436e-12
32750.056 6.385303470077794e-11
32800.056 2.7498091325429085e-11
32850.056 1.190867975938776e-10
32900.056 9.259500527405879e-11
32950.056 1.0830613253553517e-10
33000.056 3.154663312509479e-11
33050.056 4.7436819958624554e-11
33100.056 8.459574269793612e-12
33150.056 1.2582330288873326e-15
33200.056 1.7852472484894415e-13
33250.056 2.2302864212628463e-13
33300.056 2.4730625657276986e-12
33350.056 7.366025149586738e-12
33400.056 3.54726914318611e-11
33450.056 2.1728623723331575e-11
33500.056 8.355520055797017e-11
33550.056 1.4434065242464304e-11
33600.056 4.72058966899267e-11
33650.056 4.0209501182993424e-11
33700.056 1.4146717250131881e-11
33750.056 6.408296715255359e-11
33800.056 5.67415593333872e-12
33850.056 3.1225241136903624e-11
33900.056 3.4504783010424135e-11
33950.056 2.6389804972853334e-11
34000.056 6.794428494841123e-11
34050.056 9.648309339909807e-12
34100.056 6.191420099295453e-11
34150.056 2.848596362300953e-11
34200.056 7.704946725370802e-11
34250.056 4.0871661117878923e-11
34300.056 4.803652694559168e-11
34350.056 8.588017729157963e-11
34400.056 2.7304415693652812e-11
34450.056 8.237843275426772e-11
34500.056 4.088958140366776e-11
34550.056 3.015373338126115e-11
34600.056 1.3750619949717454e-10
34650.056 2.3514986945566557e-11
34700.056 1.0230320506964848e-10
34750.056 6.051495049432964e-11
34800.056 6.850050519064363e-11
34850.056 1.5844558761171102e-10
34900.056 4.1953643437262823e-11
34950.056 1.5177923027485728e-10
35000.056 2.872425661150593e-10
35050.056 1.4078019127352114e-10
35100.056 3.0417386459751583e-10
35150.056 2.0863711418754327e-10
35200.056 2.3452141679011307e-10
35250.056 3.626505032693964e-10
35300.056 1.741524760578869e-10
35350.056 1.893817677848235e-10
35400.056 1.381875369163482e-10
35450.056 1.408036668789052e-10
35500.056 5.055992393225174e-10
35550.056 2.9203447886852846e-10
35600.056 3.221440709630269e-10
35650.056 3.4144887430464587e-10
35700.056 4.0447157135420107e-10
35750.056 5.156375382514392e-10
35800.056 5.075873817570576e-10
35850.056 1.6981484123041956e-10
35900.056 2.1711539655977248e-10
35950.056 2.5456333061965236e-10
36000.056 3.7672666856153576e-10
36050.056 2.483244351674913e-10
36100.056 2.2278505893776995e-10
36150.056 5.099737582243512e-10
36200.056 5.194907953693427e-10
36250.056 3.7918422570515346e-10
36300.056 8.657962985717396e-10
36350.056 4.726468180636053e-10
36400.056 7.785062362397022e-10
36450.056 8.89636944466981e-10
36500.056 9.358858671246517e-10
36550.056 1.209188971635272e-09
36600.056 1.2654067838220559e-09
36650.056 9.40270693927434e-10
36700.056 1.1436600941445696e-09
36750.056 1.3577684778643882e-09
36800.056 1.4843100255885986e-09
36850.056 7.564634292893237e-10
36900.056 1.5023854099800487e-09
36950.056 1.5465106335162565e-09
37000.056 1.1165349151481486e-09
37050.056 1.6063351957829306e-09
37100.056 1.3193482511538854e-09
37150.056 1.009482138149918e-09
37200.056 2.003822946520018e-09
37250.056 1.2773032780453239e-09
37300.056 9.330747442371942e-10
37350.056 1.697861477022612e-09
37400.056 2.439249241034611e-09
37450.056 1.0410200232414262e-09
37500.056 1.520358181050727e-09
37550.056 2.396194778871535e-09
37600.056 3.4304132755362138e-09
37650.056 1.1864216316427265e-09
37700.056 2.5364222095252363e-09
37750.056 1.5763088832835576e-09
37800.056 1.5652713885833452e-09
37850.056 7.521467946765015e-10
37900.056 1.1683354530220532e-09
37950.056 2.3073103359177216e-09
38000.056 2.3733329235135364e-09
38050.056 3.206984482703417e-09
38100.056 3.596381271061501e-09
38150.056 4.072353775596458e-09
38200.056 3.5290109810721487e-09
38250.056 3.907498105795903e-09
38300.056 5.708262919873745e-09
38350.056 5.5679843223779576e-09
38400.056 2.148147404756822e-09
38450.056 1.0464241975599203e-09
38500.056 6.429581214312819e-10
38550.056 2.3894510364939705e-09
38600.056 2.260382341788954e-09
38650.056 2.6164136330900505e-09
38700.056 1.5012456336341094e-09
38750.056 2.330884888640278e-09
38800.056 2.369502337286684e-09
38850.056 2.70612959845909e-09
38900.056 3.539924572243514e-09
38950.056 2.2741424257542073e-09
39000.056 4.3441420321093445e-09
39050.056 2.1758389563239975e-09
39100.056 3.61712035775474e-09
39150.056 4.476389156578142e-09
39200.056 3.3415329878253157e-09
39250.056 5.608484634610852e-09
39300.056 3.1507515246207184e-09
39350.056 7.089358131161707e-09
39400.056 3.270314128559556e-09
39450.056 5.436661767519945e-09
39500.056 5.470263110380987e-09
39550.056 2.9247234173070975e-09
39600.056 5.4913627375800196e-09
39650.056 5.985081641859295e-09
39700.056 6.109652045597006e-09
39750.056 3.4581706394559954e-09
39800.056 3.738310087480066e-09
39850.056 7.610709347851594e-09
39900.056 9.083776426170843e-09
39950.056 3.926997390576922e-09
40000.056 7.595360886425697e-09
40050.056 7.593183956869214e-09
40100.056 3.1752357210432735e-09
40150.056 7.659259000359083e-09
40200.056 8.079713496977194e-09
40250.056 9.265985727046945e-09
40300.056 8.682602839007889e-09
40350.056 5.948239514735539e-09
40400.056 8.178731859779025e-09
40450.056 4.489997529663422e-09
40500.056 1.0519247594760617e-08
40550.056 1.1497311187799968e-08
40600.056 8.077204852780998e-09
40650.056 5.925997729919773e-09
40700.056 1.2724168817821187e-08
40750.056 8.40123922728744e-09
40800.056 5.7523620242176964e-09
40850.056 1.576821936276673e-08
40900.056 1.2598649539330168e-08
40950.056 1.1799032593120892e-08
41000.056 9.186091468813537e-09
41050.056 1.6789526930642237e-08
41100.056 1.3285170596908703e-08
41150.056 5.661232535725466e-09
41200.056 1.8235444006561667e-08
41250.056 1.1205951714002236e-08
41300.056 1.2139966534114767e-08
41350.056 1.7369718062296764e-08
41400.056 1.4794645089940177e-08
41450.056 2.1151312334190224e-08
41500.056 1.444129013569967e-08
41550.056 1.2631864737834047e-08
41600.056 1.2395939568784858e-08
41650.056 1.819833189266985e-08
41700.056 2.1632066145168996e-08
41750.056 1.7984854247184958e-08
41800.056 1.849627866205476e-08
41850.056 1.7333151762461272e-08
41900.056 1.5457511247226e-08
41950.056 1.4561033272101565e-08
42000.056 9.18764938032967e-09
42050.056 1.1914331473245362e-08
42100.056 1.1631141326756104e-08
42150.056 1.4148040838573967e-08
42200.056 1.7053371155930222e-08
42250.056 1.2194594337758233e-08
42300.056 1.2866954927192015e-08
42350.056 2.0498469864300938e-08
42400.056 2.3786497869805943e-08
42450.056 2.3079271413310105e-08
42500.056 2.0510114864154057e-08
42550.056 1.8284142876501494e-08
42600.056 1.8583609792033405e-08
42650.056 3.2332450473681887e-08
42700.056 1.6110331729992836e-08
42750.056 2.4394995716253296e-08
42800.056 3.6547181691909515e-08
42850.056 3.383254759499005e-08
42900.056 3.5280705644011947e-08
42950.056 3.044385923299349e-08
43000.056 3.353531947361398e-08
43050.056 1.8891273958462217e-08
43100.056 2.6534772865693023e-08
43150.056 2.1784478990365277e-08
43200.056 3.861685107620362e-08
43250.056 4.5647476102996074e-08
43300.056 4.4047252355992044e-08
43350.056 2.623623093819107e-08
43400.056 3.585603164833151e-08
43450.056 2.3278132738740457e-08
43500.056 2.1348085858025136e-08
43550.056 2.458763541479854e-08
43600.056 4.246519326490566e-08
43650.056 2.919372453738237e-08
43700.056 4.772702903753536e-08
43750.056 4.20829486579922e-08
43800.056 3.9819694482291306e-08
43850.056 3.2429180580497854e-08
43900.056 2.8886219107459988e-08
43950.056 1.6970070908199256e-08
44000.056 1.8577313280516135e-08
44050.056 4.87917438496002e-08
44100.056 6.180787614359111e-08
44150.056 5.481684513112081e-08
44200.056 4.78396774396982e-08
44250.056 2.5437563671100477e-08
44300.056 2.1705991104573278e-08
44350.056 2.466446016489478e-08
44400.056 2.1807400253195965e-08
44450.056 3.926058356789489e-08
44500.056 3.836968445720737e-08
44550.056 5.748081136139388e-08
44600.056 4.8518114442916474e-08
44650.056 3.81479163309079e-08
44700.056 2.6051467838800653e-08
44750.056 4.709764694371343e-08
44800.056 2.8197628253442504e-08
44850.056 3.6517961594392904e-08
44900.056 3.4831129050443076e-08
44950.056 4.499701045390596e-08
45000.056 5.189075508400286e-08
45050.056 4.488316437319188e-08
45100.056 3.9100635945396686e-08
45150.056 3.555693733911897e-08
45200.056 2.8857307523800513e-08
45250.056 3.39732571881863e-08
45300.056 3.009725876930684e-08
45350.056 2.3891522504931067e-08
45400.056 7.110251570701166e-08
45450.056 5.141510927750765e-08
45500.056 7.115681585702624e-08
45550.056 7.030201554266793e-08
45600.056 5.8451264587016474e-08
45650.056 4.666229303910111e-08
45700.056 3.023518124543811e-08
45750.056 2.9662342022421754e-08
45800.056 7.642656130109551e-08
45850.056 5.4180717345494475e-08
45900.056 7.536520417018708e-08
45950.056 6.70917897259e-08
46000.056 6.949330931850723e-08
46050.056 5.0647701620608995e-08
46100.056 8.607598271798438e-08
46150.056 4.863914137890928e-08
46200.056 4.0738851617792527e-08
46250.056 1.6379638522964162e-08
46300.056 4.8034428649479595e-08
46350.056 5.194187452820992e-08
46400.056 4.2911168674898925e-08
46450.056 4.0994765665617573e-08
46500.056 5.037290967291205e-08
46550.056 2.4313811147502696e-08
46600.056 3.9263647291195e-08
46650.056 5.988914642200569e-08
46700.056 3.819743443018717e-08
46750.056 1.9798810493243756e-08
46800.056 1.2326207578983552e-08
46850.056 6.041533882101246e-08
46900.056 5.681214718739893e-08
46950.056 5.9235207885994634e-08
47000.056 5.854667262351301e-08
47050.056 3.946903452045967e-08
47100.056 2.7811229382915118e-08
47150.056 4.430794676550479e-08
47200.056 4.934074714439568e-08
47250.056 2.9613142180298286e-08
47300.056 1.860957743997423e-08
47350.056 6.242538215199804e-08
47400.056 5.049601689399572e-08
47450.056 4.269223896624922e-08
47500.056 6.447114200836929e-08
47550.056 5.588011452531085e-08
47600.056 5.2266739578999437e-08
47650.056 5.449972026804802e-08
47700.056 4.0606234779999476e-08
47750.056 3.030699203170272e-08
47800.056 2.452367177880358e-08
47850.056 1.1604494919883212e-08
47900.056 1.9177742350656945e-08
47950.056 4.475137878260584e-08
48000.056 6.442806622000801e-08
48050.056 5.3664144037006714e-08
48100.056 2.160211060968378e-08
48150.056 4.3106147190500985e-08
48200.056 2.6216369524679686e-08
48250.056 3.2136837070597294e-08
48300.056 6.037494873399046e-08
48350.056 3.362306112969781e-08
48400.056 8.712457907484379e-09
48450.056 1.838540288698726e-08
48500.056 3.1215957904591744e-08
48550.056 3.310644174364301e-08
48600.056 4.598407443599697e-08
48650.056 5.854669867598763e-08
48700.056 3.796766144179606e-08
48750.056 2.7896176975614028e-08
48800.056 5.3878016220299134e-08
48850.056 2.7116005283065402e-08
48900.056 3.5694194342213365e-08
48950.056 1.8201566339300855e-08
49000.056 9.056923441725293e-09
49050.056 3.139727156039601e-08
49100.056 4.387626263472886e-08
49150.056 3.1387613660349495e-08
49200.056 5.52209831250131e-08
49250.056 5.4730578152004304e-08
49300.056 4.546465557500031e-08
49350.056 1.590557179720937e-08
49400.056 2.433201822687184e-08
49450.056 2.3923908361562406e-08
49500.056 1.740166919674794e-08
49550.056 3.5441814732291905e-09
49600.056 1.0646355880498283e-08
49650.056 2.8396447116902718e-08
49700.056 3.067146719108626e-08
49750.056 2.921647563694048e-08
49800.056 1.7954315329358638e-08
49850.056 4.284264712033052e-08
49900.056 3.3507700773593776e-08
49950.056 3.509113827720281e-08
50000.056 2.4719351443414244e-08
50050.056 3.056040162450093e-08
50100.056 2.388336206439826e-08
50150.056 1.0783126299297408e-08
50200.056 1.6447059294337221e-09
50250.056 1.1722861709699339e-08
50300.056 7.224817989678356e-09
50350.056 2.844104823290428e-08
50400.056 2.86194983517542e-08
50450.056 2.374163986444296e-08
50500.056 3.5985229470082683e-08
50550.056 2.9677045989104165e-08
50600.056 2.1603346886494554e-08
50650.056 3.875568224800638e-08
50700.056 3.603313712918784e-08
50750.056 2.2564408126502416e-08
50800.056 7.103252679114152e-09
50850.056 3.5294726186478524e-09
50900.056 2.3547418020800886e-08
50950.056 2.03357678273986e-08
51000.056 1.6678622029314413e-08
51050.056 2.682419269149671e-08
51100.056 9.625824856459704e-09
51150.056 1.0570049655194967e-08
51200.056 3.31089749200004e-08
51250.056 2.2553586700436973e-08
51300.056 1.6164168969698448e-08
51350.056 1.3867648824321904e-08
51400.056 4.022549080918485e-09
51450.056 3.203894293166489e-09
51500.056 3.3343399281049497e-09
51550.056 1.4381120771434496e-08
51600.056 1.194560734183418e-08
51650.056 1.6503520367097607e-08
51700.056 1.6808145481327767e-08
51750.056 1.0838507697482892e-08
51800.056 2.0285038764398125e-08
51850.056 1.6480159051698067e-08
51900.056 1.9394194675097158e-08
51950.056 1.0440840310798607e-08
52000.056 9.577960657466222e-10
52050.056 5.564128522520827e-09
52100.056 3.079250140659532e-09
52150.056 1.6043748465870253e-09
52200.056 5.752533482289871e-09
52250.056 9.01842043502359e-09
52300.056 1.1703906761259152e-08
52350.056 3.7068999434123974e-09
52400.056 3.948870098221157e-09
52450.056 1.630174311820177e-08
52500.056 1.140661207356089e-08
52550.056 1.4270282554798969e-08
52600.056 1.10586605047388e-08
52650.056 1.3516738026800718e-08
52700.056 9.743216530089546e-09
52750.056 3.1557946844110474e-09
52800.056 6.532698019820997e-09
52850.056 7.365523024828349e-09
52900.056 2.701382089963996e-09
52950.056 4.9694584026866126e-09
53000.056 9.049785479502621e-09
53050.056 3.2383453870949777e-09
53100.056 1.1119811766097448e-08
53150.056 1.140181897391499e-08
53200.056 5.76863541461638e-09
53250.056 1.057820006189814e-08
53300.056 1.341838010433702e-08
53350.056 9.804527811996037e-09
53400.056 5.9862745780976765e-09
53450.056 1.9490896520892595e-09
53500.056 2.602026390739135e-10
