galfind/configs/Brown_Dwarf_templates/sonora_bobcat/m+0.5/31g/sp_t400g31nc_m+0.5_resample.dat
# %ECSV 1.0
# ---
# datatype:
# - {name: wav, unit: Angstrom, datatype: float64}
# - {name: flux_nu, unit: erg / (cm2 Hz s), datatype: float64}
# meta: {C/O: '1.00', Kzz: '1.0000E+05', Teff: '400.', Y: '0.28', '[Fe/H]': '0.50', f_hole: '1.00', f_rain: '0.00', grav: '32.'}
# schema: astropy-2.0
wav flux_nu
4000.0559999999996 nan
4050.0559999999996 8.84363950314821e-18
4100.056 1.036322480265021e-15
4150.056 1.0534731753300093e-14
4200.056 1.0640756648397837e-14
4250.056 9.873199507600087e-14
4300.056 2.294718330500003e-13
4350.056 4.2635139177000087e-13
4400.056 7.025496231199991e-13
4450.056 1.115795273799998e-12
4500.056 1.6427710771000055e-12
4550.056 1.6022530330518345e-12
4600.056 3.2686905348419804e-13
4650.056 1.7077054759999927e-13
4700.056 7.405228264999948e-14
4750.056 2.5566920075999716e-14
4800.056 1.1526975628999918e-14
4850.056 5.294474819999963e-15
4900.056 2.988306080599993e-15
4950.056 1.9650191680999957e-15
5000.056 1.2174392088499886e-15
5050.056 8.307283992300014e-16
5100.056 9.032008990200198e-16
5150.056 1.040889650890025e-15
5200.056 1.1891385916300082e-15
5250.056 1.333207566700001e-15
5300.056 1.4954464441999997e-15
5350.056 1.6836348719000033e-15
5400.056 1.858622979000001e-15
5450.056 2.0846459573000332e-15
5500.056 2.3538087206000468e-15
5550.056 2.6444564084000132e-15
5600.056 2.925009150399998e-15
5650.056 3.170241736399985e-15
5700.056 3.233734418600006e-15
5750.056 3.2714888485000023e-15
5800.056 2.988592131399995e-15
5850.056 2.1419227316799525e-15
5900.056 6.540049875070628e-16
5950.056 3.945685960090276e-15
6000.056 8.231170708389623e-15
6050.056 1.4823418776500566e-14
6100.056 2.4230107651000414e-14
6150.056 3.678816785500037e-14
6200.056 5.36840378800004e-14
6250.056 7.306492431800002e-14
6300.056 1.0209799458999992e-13
6350.056 1.3814813611900112e-13
6400.056 1.8188221900500212e-13
6450.056 2.0897998132258977e-13
6500.056 2.7813596701347376e-13
6550.056 3.8429324495199095e-13
6600.056 5.350947377260326e-13
6650.056 7.500823855600092e-13
6700.056 9.93021561730005e-13
6750.056 1.3785467575400122e-12
6800.056 1.6381336351000387e-12
6850.056 1.6978442363400058e-12
6900.056 1.341693372552044e-12
6950.056 1.0033011794875902e-12
7000.056 1.10147699450187e-12
7050.056 1.1141492552164633e-12
7100.056 1.2019120368122404e-12
7150.056 9.349871282285776e-13
7200.056 7.606051939491051e-13
7250.056 9.019607194938287e-13
7300.056 9.456686519278207e-13
7350.056 1.1366588453875287e-12
7400.056 1.3455071644992022e-12
7450.056 1.6861139138451696e-12
7500.056 1.9909392175099344e-12
7550.056 2.256225796139976e-12
7600.056 2.3815081263999965e-12
7650.056 1.1365088099169699e-12
7700.056 1.001279304374025e-12
7750.056 3.0543777900000263e-12
7800.056 3.804968883219884e-12
7850.056 4.8088473060599996e-12
7900.056 5.9588839086996435e-12
7950.056 6.550357009335859e-12
8000.056 7.857813743145964e-12
8050.056 8.97442461242003e-12
8100.056 6.91049849252297e-12
8150.056 6.658398535218204e-12
8200.056 1.0570588103918631e-11
8250.056 1.1914380969642846e-11
8300.056 1.426605952583244e-11
8350.056 1.3002945431350954e-11
8400.056 1.472036238750433e-11
8450.056 2.0007810033535256e-11
8500.056 2.3433438709539462e-11
8550.056 3.12705300920005e-11
8600.056 3.9570492464400604e-11
8650.056 4.5804256303001455e-11
8700.056 4.458631334800142e-11
8750.056 4.887071900200003e-11
8800.056 4.5637941304659845e-11
8850.056 2.8085245248236115e-11
8900.056 1.8238405999171224e-12
8950.056 3.232428938069876e-12
9000.056 1.8106042008719984e-12
9050.056 9.493679932885227e-12
9100.056 1.471774637532188e-11
9150.056 2.302602103977229e-11
9200.056 5.738736669918598e-11
9250.056 6.110836235636162e-11
9300.056 4.7465277030608674e-12
9350.056 5.740277600573314e-12
9400.056 1.484285418274203e-11
9450.056 1.82935901695268e-11
9500.056 1.4262290784635526e-11
9550.056 1.7693112102528894e-11
9600.056 1.542205638132097e-11
9650.056 2.4719540625364233e-11
9700.056 4.572534155870945e-11
9750.056 3.877587111195382e-11
9800.056 3.7536064667106446e-11
9850.056 3.8961608805421243e-11
9900.056 5.220810804720138e-11
9950.056 3.5085020525207356e-11
10000.056 4.836168767702139e-11
10050.056 4.2735141804706037e-11
10100.056 6.962791267079972e-11
10150.056 6.841820325717221e-11
10200.056 7.228607864768038e-11
10250.056 9.620336549503709e-11
10300.056 1.4609864668509435e-10
10350.056 1.852802991501191e-10
10400.056 4.286209855363396e-10
10450.056 7.310566545130995e-10
10500.056 1.1087974630549025e-09
10550.056 1.6571893544661282e-09
10600.056 1.999773237386882e-09
10650.056 2.2568186304760217e-09
10700.056 2.1142486437632143e-09
10750.056 2.2599115961407376e-09
10800.056 2.0109195101285306e-09
10850.056 1.4929969450743007e-09
10900.056 7.828853540567502e-10
10950.056 2.7495969622197845e-10
11000.056 1.5762431884756024e-10
11050.056 7.559239711677114e-11
11100.056 2.993755313395226e-11
11150.056 7.159988433341344e-12
11200.056 2.3679485875236746e-12
11250.056 2.4567047844917317e-12
11300.056 7.526176448580994e-12
11350.056 1.4982302876200088e-12
11400.056 4.840681881126073e-12
11450.056 4.169653873400335e-12
11500.056 2.0622963006217354e-12
11550.056 2.0155924829450759e-13
11600.056 1.559125244541534e-13
11650.056 1.0589139959346933e-12
11700.056 9.779642822756899e-13
11750.056 9.162281647586334e-14
11800.056 1.0329400722966664e-12
11850.056 1.7930333196530516e-12
11900.056 1.5325970820787155e-12
11950.056 3.1386647410997775e-12
12000.056 7.385903298391239e-12
12050.056 1.771755833421925e-11
12100.056 4.266021723468009e-11
12150.056 9.055602669891583e-11
12200.056 1.4020574396146716e-10
12250.056 3.095223644445626e-10
12300.056 6.56886862433932e-10
12350.056 7.382198795609267e-10
12400.056 1.5028543695522956e-09
12450.056 2.6567572619001733e-09
12500.056 3.195611748973699e-09
12550.056 4.3341764049946374e-09
12600.056 5.433526900361982e-09
12650.056 5.729972624532563e-09
12700.056 5.636619846764251e-09
12750.056 3.691760734626753e-09
12800.056 2.329511970942659e-09
12850.056 1.1192078006102635e-09
12900.056 7.349999555577671e-10
12950.056 4.979131058179967e-10
13000.056 4.07645977236988e-10
13050.056 1.9202345704521715e-10
13100.056 1.485945708104591e-10
13150.056 7.912618357420375e-11
13200.056 6.502481283761287e-11
13250.056 4.826085346830707e-11
13300.056 1.6009491402426436e-11
13350.056 4.017718969619773e-12
13400.056 3.225180649269482e-12
13450.056 8.731879943045704e-13
13500.056 3.091447744800555e-13
13550.056 1.161246252396234e-13
13600.056 1.226302923819973e-14
13650.056 1.5912009974931156e-13
13700.056 7.870515825202773e-14
13750.056 1.2805124304545573e-13
13800.056 8.294280256359565e-14
13850.056 4.8017292086441404e-14
13900.056 1.0822634467510007e-13
13950.056 5.763647336522824e-14
14000.056 7.14502181507071e-14
14050.056 1.4846583190586023e-13
14100.056 2.0954892745799737e-13
14150.056 5.011616130299366e-13
14200.056 2.683259969150991e-13
14250.056 5.124048020837422e-13
14300.056 1.1630322180529697e-12
14350.056 1.4161709675117568e-12
14400.056 1.664857907095991e-12
14450.056 2.990369789343409e-12
14500.056 7.22389757263835e-12
14550.056 8.136904349208797e-12
14600.056 8.642968508517002e-12
14650.056 4.475437751734696e-12
14700.056 1.9614064397565037e-12
14750.056 6.726960557147354e-13
14800.056 1.8433122991951006e-12
14850.056 2.9821865482170613e-12
14900.056 3.0893360049636083e-12
14950.056 1.8469522797010952e-12
15000.056 5.818282479530417e-12
15050.056 4.463778686375103e-12
15100.056 2.5617439199714416e-12
15150.056 1.942107359102647e-12
15200.056 4.485338576917618e-12
15250.056 1.2628568784569612e-11
15300.056 1.5718333001268364e-11
15350.056 2.7903994533612986e-11
15400.056 3.995576665585593e-11
15450.056 6.024481774199639e-11
15500.056 6.581015689137545e-11
15550.056 1.457756713909068e-10
15600.056 1.9601142682391187e-10
15650.056 3.608858285098235e-10
15700.056 5.987646578839377e-10
15750.056 8.62943640184644e-10
15800.056 9.872097292898857e-10
15850.056 1.240003881396169e-09
15900.056 1.1274148128239595e-09
15950.056 1.0146247658995587e-09
16000.056 6.746357426917371e-10
16050.056 2.9376773569354193e-10
16100.056 1.706471392265361e-10
16150.056 7.646674279694525e-11
16200.056 3.624262638984525e-11
16250.056 2.1389883930172073e-11
16300.056 1.1297510720194085e-11
16350.056 1.3306994326829604e-11
16400.056 1.7607813030640646e-11
16450.056 1.2343932076982022e-11
16500.056 9.386188324502708e-12
16550.056 1.0484631931991196e-11
16600.056 1.7348259680099314e-11
16650.056 1.3374899364664532e-11
16700.056 1.3283119800566762e-12
16750.056 5.676965362760179e-12
16800.056 1.0320073083763294e-11
16850.056 1.332261924264735e-11
16900.056 5.070258006222281e-12
16950.056 2.329312449502182e-12
17000.056 1.1649698632376863e-12
17050.056 2.654335035194042e-12
17100.056 5.280219383740957e-12
17150.056 2.3968035007366747e-12
17200.056 1.3192801281690493e-11
17250.056 6.704796661947091e-12
17300.056 3.4143777667949897e-12
17350.056 3.841635081980981e-12
17400.056 8.526507544932072e-12
17450.056 1.3035979366260616e-11
17500.056 1.8934688320269878e-11
17550.056 1.7538059947613563e-11
17600.056 1.3071394482442366e-11
17650.056 1.2127040057613661e-11
17700.056 8.167712280442024e-12
17750.056 1.0017664833185269e-11
17800.056 3.489506761715668e-11
17850.056 1.2042573441760663e-11
17900.056 8.928477592206398e-12
17950.056 7.7229432148065e-12
18000.056 1.1843718197889281e-11
18050.056 1.2646437368764375e-11
18100.056 1.7386148650183342e-11
18150.056 1.2469569752850243e-11
18200.056 9.677884782553554e-12
18250.056 3.58952949257862e-11
18300.056 7.130445091595716e-12
18350.056 4.898903821803087e-12
18400.056 3.2873901046395743e-12
18450.056 1.9999463147189267e-11
18500.056 1.907914174760451e-11
18550.056 1.0245344606600633e-11
18600.056 1.7756578189915684e-11
18650.056 1.2313233407258815e-11
18700.056 2.4159926862581055e-12
18750.056 6.742865815552125e-12
18800.056 3.528758825690703e-11
18850.056 3.671242366952459e-11
18900.056 3.111926840241089e-11
18950.056 4.9441774447100274e-11
19000.056 1.1784962668399436e-11
19050.056 5.363874060733653e-12
19100.056 1.3015901358911856e-11
19150.056 5.510887883733357e-12
19200.056 8.011305916415927e-12
19250.056 6.645039759772183e-12
19300.056 3.908242812851934e-12
19350.056 3.4483709799378485e-12
19400.056 3.2162906538853855e-12
19450.056 6.60229462885226e-12
19500.056 2.9431683440386835e-12
19550.056 5.510652806706511e-12
19600.056 1.991141579963907e-11
19650.056 1.1153617680030409e-11
19700.056 1.3001938815978927e-11
19750.056 2.713658831992833e-11
19800.056 1.6007084556524578e-11
19850.056 2.2074847526609145e-11
19900.056 3.186354324835923e-11
19950.056 4.879713380044155e-11
20000.056 6.974717257500668e-11
20050.056 4.9145649464106306e-11
20100.056 1.0342752043306139e-10
20150.056 4.17312244097548e-11
20200.056 3.005079771387881e-11
20250.056 7.915152090231515e-11
20300.056 9.98967684556943e-11
20350.056 1.2769372436138126e-10
20400.056 9.186796149705845e-11
20450.056 1.8427926810700946e-10
20500.056 2.5788986629928846e-10
20550.056 3.4391019531412654e-10
20600.056 3.6431512193019873e-10
20650.056 5.480870871372819e-10
20700.056 6.401306799878442e-10
20750.056 8.642549756456859e-10
20800.056 8.148203757434202e-10
20850.056 9.802201249439107e-10
20900.056 1.1718514258437404e-09
20950.056 1.0709547322368085e-09
21000.056 1.0331273751701801e-09
21050.056 1.1563525057105832e-09
21100.056 1.0130283942912797e-09
21150.056 1.0575120179886887e-09
21200.056 9.245685478397321e-10
21250.056 8.070398345291836e-10
21300.056 5.636911058453432e-10
21350.056 5.93849968811214e-10
21400.056 5.189966050343231e-10
21450.056 3.498789276264503e-10
21500.056 2.910983090952676e-10
21550.056 2.502912784583218e-10
21600.056 1.8262755373134452e-10
21650.056 1.262945053597699e-10
21700.056 9.391573629795749e-11
21750.056 1.0287038909452238e-10
21800.056 6.284891142534388e-11
21850.056 6.441064910516846e-11
21900.056 3.929124875204912e-11
21950.056 9.47068646236073e-12
22000.056 1.415396811554195e-12
22050.056 1.834616238666982e-12
22100.056 8.75060231879934e-12
22150.056 8.454718442961467e-12
22200.056 8.902603459365845e-12
22250.056 6.814988976136866e-12
22300.056 2.9127351782010464e-12
22350.056 4.317549133849946e-12
22400.056 1.430246086656137e-12
22450.056 2.0438368056177907e-12
22500.056 1.5530331038012452e-12
22550.056 8.349893815868099e-13
22600.056 6.143944103221672e-13
22650.056 1.3520141724446705e-12
22700.056 1.146821758260147e-12
22750.056 1.3497544854857439e-12
22800.056 1.2892627378456034e-12
22850.056 9.129767224974835e-13
22900.056 6.760120149816058e-13
22950.056 5.010499432417842e-13
23000.056 8.123090107143735e-13
23050.056 1.0178117628875988e-12
23100.056 6.199147272724177e-12
23150.056 7.297439740852325e-12
23200.056 2.3451731017864303e-13
23250.056 8.271973538957677e-13
23300.056 8.729441489906356e-13
23350.056 1.63518327865862e-12
23400.056 1.3299451023158571e-12
23450.056 7.288014091111814e-13
23500.056 7.302388861213647e-13
23550.056 1.6585808270318802e-12
23600.056 3.5490243312473767e-12
23650.056 5.744008286476779e-12
23700.056 1.0092287537165336e-12
23750.056 7.850221740609402e-13
23800.056 4.295958678796855e-12
23850.056 3.0037576033343537e-12
23900.056 6.966308009406102e-12
23950.056 3.892676926877243e-12
24000.056 8.948538819336415e-12
24050.056 1.2536332759427346e-11
24100.056 1.5278450325791102e-11
24150.056 2.2324920234315032e-11
24200.056 1.3327233992334143e-11
24250.056 1.0370608747628796e-11
24300.056 1.8626218858048213e-11
24350.056 1.5792969493344417e-11
24400.056 3.9966674353888634e-11
24450.056 5.0242449420682563e-11
24500.056 4.33547820255563e-11
24550.056 6.95473911694372e-11
24600.056 7.177690521303094e-11
24650.056 1.247877317887302e-10
24700.056 6.12470583734782e-11
24750.056 9.368815025015217e-11
24800.056 8.26109070847842e-11
24850.056 1.3683377299560512e-10
24900.056 6.852688421224603e-11
24950.056 1.402570523906971e-10
25000.056 1.5066734339322068e-10
25050.056 1.0051100956999844e-10
25100.056 1.5606678569098016e-10
25150.056 6.413824617490479e-11
25200.056 1.0657503287629633e-10
25250.056 4.3280958744338735e-11
25300.056 6.100756284863895e-11
25350.056 2.682365228339783e-11
25400.056 7.367497021015483e-11
25450.056 1.8480867020314254e-11
25500.056 1.6353436476966998e-11
25550.056 3.560557251080484e-11
25600.056 1.4165879310723483e-11
25650.056 7.818128779978946e-12
25700.056 8.607498589327624e-12
25750.056 2.185628937775965e-12
25800.056 1.3505491358214023e-11
25850.056 1.999026694777973e-12
25900.056 2.8163445688915057e-12
25950.056 5.583296506636064e-13
26000.056 1.1195509775394571e-11
26050.056 9.28602120093618e-13
26100.056 5.548301225857305e-12
26150.056 2.056061165470765e-12
26200.056 3.1862494190914086e-12
26250.056 2.7172636969717766e-11
26300.056 4.3533760714182235e-12
26350.056 4.78388953656766e-11
26400.056 8.269348865564481e-11
26450.056 6.107780377053944e-11
26500.056 1.4173781581570742e-10
26550.056 1.0966920981856299e-11
26600.056 1.3401687695891192e-11
26650.056 1.5093996100236801e-12
26700.056 7.968620624472106e-13
26750.056 1.6063292062743035e-12
26800.056 6.4056809039314125e-12
26850.056 3.4652317742757355e-12
26900.056 2.0759439641823923e-11
26950.056 5.8203227603472745e-12
27000.056 3.867595470351136e-11
27050.056 4.7345196348890774e-11
27100.056 3.4262643341319464e-12
27150.056 5.294307289386012e-11
27200.056 3.3096817913750624e-12
27250.056 1.5758283347226914e-11
27300.056 1.4579381293740274e-10
27350.056 4.173960432555097e-11
27400.056 1.5518681605778268e-12
27450.056 5.789874748643083e-11
27500.056 6.734017384696206e-11
27550.056 9.184595018198207e-12
27600.056 3.158467058969338e-11
27650.056 6.776374280969529e-12
27700.056 6.35268962046242e-12
27750.056 5.078732703332305e-11
27800.056 1.2031208254044563e-11
27850.056 2.4232776888010605e-11
27900.056 2.3017315315976137e-11
27950.056 6.703731939702453e-11
28000.056 6.859067777476896e-11
28050.056 6.04991448617813e-12
28100.056 5.923166069904448e-11
28150.056 4.736595370407522e-11
28200.056 1.0785454394856892e-11
28250.056 8.490632414089908e-11
28300.056 7.502263734434262e-11
28350.056 1.4115005472607647e-11
28400.056 5.2237166096149844e-11
28450.056 9.940946819146646e-11
28500.056 5.722758370138234e-11
28550.056 1.1950242361681106e-11
28600.056 1.0172114499816828e-10
28650.056 6.123639016322496e-11
28700.056 1.064352582546458e-10
28750.056 1.4975388187488472e-10
28800.056 5.469387678660858e-11
