galfind/configs/Brown_Dwarf_templates/sonora_bobcat/m+0.5/31g/sp_t1200g31nc_m+0.5_resample.dat
# %ECSV 1.0
# ---
# datatype:
# - {name: wav, unit: Angstrom, datatype: float64}
# - {name: flux_nu, unit: erg / (cm2 Hz s), datatype: float64}
# meta: {C/O: '1.00', Kzz: '1.0000E+05', Teff: '1200.', Y: '0.28', '[Fe/H]': '0.50', f_hole: '1.00', f_rain: '0.00', grav: '32.'}
# schema: astropy-2.0
wav flux_nu
[from data line 498]
28900.056 2.2670317452999896e-07
28950.056 3.3817921141401575e-07
29000.056 2.789302616029313e-07
29050.056 2.876054604839166e-07
29100.056 2.391120179060476e-07
29150.056 3.1899366659511136e-07
29200.056 2.768505174510934e-07
29250.056 3.4288895128000286e-07
29300.056 2.608495497048219e-07
29350.056 3.9966492105586334e-07
29400.056 2.970010693529104e-07
29450.056 3.2237187180897814e-07
29500.056 3.3316879446595476e-07
29550.056 3.183729713300265e-07
29600.056 3.4707808048592446e-07
29650.056 3.359796640789632e-07
29700.056 2.8190022985988147e-07
29750.056 3.6745532484819266e-07
29800.056 3.7469953661997655e-07
29850.056 3.6950975626598734e-07
29900.056 3.362148717480996e-07
29950.056 3.784312306569525e-07
30000.056 3.7885074458696676e-07
30050.056 3.506558626139391e-07
30100.056 3.0207671584186897e-07
30150.056 4.3126727737995616e-07
30200.056 3.58022137059016e-07
30250.056 4.052487657861471e-07
30300.056 3.798882795319702e-07
30350.056 3.303524284680247e-07
30400.056 4.014733240660488e-07
30450.056 3.243853525640329e-07
30500.056 2.7280460852505407e-07
30550.056 3.3006859481906304e-07
30600.056 3.4135100897902723e-07
30650.056 3.1383719613093785e-07
30700.056 3.0646165310800593e-07
30750.056 2.847382268429936e-07
30800.056 2.8097660319204823e-07
30850.056 2.385300503639327e-07
30900.056 2.548174269149643e-07
30950.056 2.206651451240474e-07
31000.056 2.0998582459799383e-07
31050.056 2.0977772253500018e-07
31100.056 1.8148180800698268e-07
31150.056 2.0006931422097342e-07
31200.056 2.1417673258201408e-07
31250.056 1.774102553569716e-07
31300.056 1.7250491035598133e-07
31350.056 1.631380536149973e-07
31400.056 1.4620689686002318e-07
31450.056 1.4190470824898234e-07
31500.056 1.3835008522697503e-07
31550.056 1.4038344943000163e-07
31600.056 1.2571027053298553e-07
31650.056 1.2043413209899592e-07
31700.056 1.1852167698098681e-07
31750.056 1.1088470074003395e-07
31800.056 1.274361285829855e-07
31850.056 1.1693202746301362e-07
31900.056 1.2843118649099234e-07
31950.056 9.864893062101415e-08
32000.056 1.1501574562499132e-07
32050.056 1.2265488198500882e-07
32100.056 1.2325919851701817e-07
32150.056 1.253563648479846e-07
32200.056 1.1753581691999836e-07
32250.056 1.3802512285701434e-07
32300.056 1.1982859135099892e-07
32350.056 1.4489128703598575e-07
32400.056 1.1631865275798949e-07
32450.056 1.4182101326094775e-07
32500.056 1.4715809944602234e-07
32550.056 1.4173401040499324e-07
32600.056 1.5125828801199926e-07
32650.056 1.8591711059498526e-07
32700.056 1.6973759394902295e-07
32750.056 1.8059001516900918e-07
32800.056 1.7459726090600148e-07
32850.056 1.8366814252395845e-07
32900.056 2.07721168280972e-07
32950.056 1.972888908139795e-07
33000.056 1.7966164820496393e-07
33050.056 1.610122223090577e-07
33100.056 1.2332329815398937e-07
33150.056 9.991783883699451e-08
33200.056 7.60316281809945e-08
33250.056 5.715228000898947e-08
33300.056 5.4547262135003634e-08
33350.056 6.188580226299975e-08
33400.056 6.944089541999203e-08
33450.056 8.184933252800013e-08
33500.056 1.0049203399501921e-07
33550.056 1.0813843695402117e-07
33600.056 1.308584345609933e-07
33650.056 1.4367678810199878e-07
33700.056 1.4110668388198373e-07
33750.056 1.7292909628801304e-07
33800.056 1.7572291287601925e-07
33850.056 1.8627464788797464e-07
33900.056 1.732706895689828e-07
33950.056 1.61565191973984e-07
34000.056 1.852242717000156e-07
34050.056 1.585144564269614e-07
34100.056 1.886056606559728e-07
34150.056 1.7847325516198032e-07
34200.056 1.5041544867795056e-07
34250.056 1.773664077099286e-07
34300.056 1.626744073809074e-07
34350.056 1.358233257149879e-07
34400.056 1.4290703207199654e-07
34450.056 1.6612716970397755e-07
34500.056 1.5805849876900195e-07
34550.056 1.5542686583399101e-07
34600.056 1.8415605187201322e-07
34650.056 1.7188438840698833e-07
34700.056 1.6618530413097336e-07
34750.056 1.78029302435989e-07
34800.056 1.754423176109575e-07
34850.056 1.6176368822502126e-07
34900.056 1.9646937486397635e-07
34950.056 1.7791959115497086e-07
35000.056 2.196278412940201e-07
35050.056 1.782080748039537e-07
35100.056 1.9225817549299072e-07
35150.056 2.0277205632900004e-07
35200.056 2.0766190027301204e-07
35250.056 2.237721756759623e-07
35300.056 2.1321083084704018e-07
35350.056 2.0281967592095295e-07
35400.056 2.0924806328104144e-07
35450.056 1.6600424776808027e-07
35500.056 2.386004480200175e-07
35550.056 2.3903316700695974e-07
35600.056 2.1139063846105504e-07
35650.056 2.4691630572099993e-07
35700.056 2.2007744779400638e-07
35750.056 2.535292741239104e-07
35800.056 3.237851383200183e-07
35850.056 2.488004556529483e-07
35900.056 3.084640381499548e-07
35950.056 2.8719640092601336e-07
36000.056 2.849632904100147e-07
36050.056 3.0389017270997094e-07
36100.056 3.188969407437754e-07
36150.056 3.067273040839923e-07
36200.056 3.506580451199441e-07
36250.056 3.331871761349019e-07
36300.056 3.7177514298907314e-07
36350.056 3.584536579499601e-07
36400.056 3.4929393627999946e-07
36450.056 4.0490486470103046e-07
36500.056 4.066933625259889e-07
36550.056 4.1489939970015106e-07
36600.056 4.6156855530002036e-07
36650.056 4.708500916549067e-07
36700.056 5.109573753399514e-07
36750.056 5.179822125501582e-07
36800.056 5.248901867899824e-07
36850.056 5.300273425899939e-07
36900.056 5.387517904900529e-07
36950.056 6.091909473699191e-07
37000.056 6.298051529299637e-07
37050.056 5.80735533649931e-07
37100.056 6.619317033201157e-07
37150.056 6.165616876099946e-07
37200.056 6.552365287300861e-07
37250.056 7.062190216999433e-07
37300.056 6.380828788699277e-07
37350.056 6.06389660630133e-07
37400.056 7.478099760699104e-07
37450.056 7.09345855016131e-07
37500.056 6.988946539098688e-07
37550.056 7.543337469700507e-07
37600.056 8.09281451589908e-07
37650.056 7.312937867299644e-07
37700.056 8.440948578800745e-07
37750.056 7.892577027500199e-07
37800.056 8.302195974002861e-07
37850.056 7.389706316099138e-07
37900.056 7.704717926401616e-07
37950.056 7.942473484098882e-07
38000.056 8.964978643900866e-07
38050.056 9.002704209800647e-07
38100.056 8.123063287401666e-07
38150.056 9.899680015199547e-07
38200.056 1.04817310743004e-06
38250.056 8.894861674200735e-07
38300.056 9.491341325999127e-07
38350.056 1.0321870264499168e-06
38400.056 9.265186988897196e-07
38450.056 1.0608267841800532e-06
38500.056 9.022656035300909e-07
38550.056 1.0382945271800775e-06
38600.056 1.1254692823498666e-06
38650.056 9.973214047399573e-07
38700.056 1.0836976730101545e-06
38750.056 1.0449994375400529e-06
38800.056 1.048766660269758e-06
38850.056 9.895912778500908e-07
38900.056 1.0383246742599752e-06
38950.056 1.1386319089299324e-06
39000.056 1.0772084806100195e-06
39050.056 1.142257183819838e-06
39100.056 1.0564586976401682e-06
39150.056 1.0643512649599693e-06
39200.056 1.1936684728701088e-06
39250.056 1.2136167384295942e-06
39300.056 1.1160256541595747e-06
39350.056 1.1795440360500857e-06
39400.056 1.1650521267100144e-06
39450.056 1.1639075708098521e-06
39500.056 1.1125152134500065e-06
39550.056 1.1478113007201467e-06
39600.056 1.239300513159695e-06
39650.056 1.1170948933199435e-06
39700.056 1.1820937593398508e-06
39750.056 1.1084503253399316e-06
39800.056 1.1209417872198264e-06
39850.056 1.1755362541598934e-06
39900.056 1.1736182369002206e-06
39950.056 1.2215624977997995e-06
40000.056 1.114313803350072e-06
40050.056 1.1079890370200261e-06
40100.056 1.227837159860008e-06
40150.056 1.1336528851298012e-06
40200.056 1.1366817164997624e-06
40250.056 1.1012937068596556e-06
40300.056 1.0670671837401202e-06
40350.056 1.2052003922402415e-06
40400.056 1.1800288102700178e-06
40450.056 1.1920092909502731e-06
40500.056 1.0693907756202242e-06
40550.056 1.2392894317899031e-06
40600.056 1.0632289230602285e-06
40650.056 1.0484885818897937e-06
40700.056 1.2072050493300386e-06
40750.056 1.0518727868995147e-06
40800.056 9.958587074899913e-07
40850.056 1.03213533303023e-06
40900.056 1.0330461908100925e-06
40950.056 1.0692930446099212e-06
41000.056 1.0656296461700355e-06
41050.056 1.0810210646797186e-06
41100.056 1.0343707236700088e-06
41150.056 9.973134627299195e-07
41200.056 1.0249816753099754e-06
41250.056 1.042923935780067e-06
41300.056 8.835819555197393e-07
41350.056 1.0873472046200593e-06
41400.056 1.0250270898702567e-06
41450.056 1.0222447192503508e-06
41500.056 9.93041164529932e-07
41550.056 9.652443568800101e-07
41600.056 1.0558582707100238e-06
41650.056 9.712025632502156e-07
41700.056 8.830084424498053e-07
41750.056 8.678427814198709e-07
41800.056 8.374886583198889e-07
41850.056 7.180732223000981e-07
41900.056 7.863269470299698e-07
41950.056 6.069038801802009e-07
42000.056 6.493274264401094e-07
42050.056 5.784154158698135e-07
42100.056 6.689593598601141e-07
42150.056 4.828439341877895e-07
42200.056 5.096548559099727e-07
42250.056 5.063702828321088e-07
42300.056 4.0939032557706534e-07
42350.056 5.063475567501544e-07
42400.056 4.0316937476208225e-07
42450.056 3.791106603900942e-07
42500.056 4.0731379243007103e-07
42550.056 4.0118803188804656e-07
42600.056 3.9317535541813074e-07
42650.056 3.218373748598196e-07
42700.056 3.714387650661126e-07
42750.056 3.4850405362997563e-07
42800.056 3.165018546511746e-07
42850.056 3.507738792989122e-07
42900.056 3.4552451510001326e-07
42950.056 3.3420350357782133e-07
43000.056 3.2163244719103985e-07
43050.056 3.164129080761505e-07
43100.056 3.5341987763008957e-07
43150.056 3.1355668901005414e-07
43200.056 3.413621141800824e-07
43250.056 3.148317936398915e-07
43300.056 3.19710356350027e-07
43350.056 3.247518054079975e-07
43400.056 3.253701227260086e-07
43450.056 3.2999520433211006e-07
43500.056 3.0329161242998085e-07
43550.056 3.5505780227999465e-07
43600.056 3.2143608185501075e-07
43650.056 3.082462687600484e-07
43700.056 3.3211367302383377e-07
43750.056 3.179722909150728e-07
43800.056 2.8512775595004785e-07
43850.056 3.280110801720788e-07
43900.056 3.3308577642000293e-07
43950.056 3.1185726627013455e-07
44000.056 3.233896417301026e-07
44050.056 3.44657367250063e-07
44100.056 3.49566454390067e-07
44150.056 3.420835863599073e-07
44200.056 3.1357819436093365e-07
44250.056 3.5931544219999936e-07
44300.056 3.4305206421001056e-07
44350.056 3.270546000300493e-07
44400.056 3.501977382499759e-07
44450.056 3.5559353902998226e-07
44500.056 3.80433936609963e-07
44550.056 3.5077301411994054e-07
44600.056 3.782063185100294e-07
44650.056 3.67126513870063e-07
44700.056 3.6431994880002e-07
44750.056 3.884380894199628e-07
44800.056 4.294004942299946e-07
44850.056 3.9319880446006743e-07
44900.056 3.8815269151005006e-07
44950.056 3.7065866994999076e-07
45000.056 4.1652687335996727e-07
45050.056 4.0661400548996084e-07
45100.056 4.230833816699681e-07
45150.056 4.135957278199571e-07
45200.056 3.9434418302004144e-07
45250.056 3.991490304099462e-07
45300.056 4.248223887700338e-07
45350.056 4.4575778187998823e-07
45400.056 4.360569356600439e-07
45450.056 4.009920490799443e-07
45500.056 4.1503595782997777e-07
45550.056 4.505059987899746e-07
45600.056 4.2028642271998553e-07
45650.056 3.909175919499301e-07
45700.056 4.6777138399003064e-07
45750.056 4.158374535799986e-07
45800.056 4.1441250329999206e-07
45850.056 4.843159942899688e-07
45900.056 4.858809259600351e-07
45950.056 4.2036775390000723e-07
46000.056 4.861758834700212e-07
46050.056 4.7332986115005225e-07
46100.056 4.1459496768005356e-07
46150.056 4.645866195399931e-07
46200.056 4.81109861100075e-07
46250.056 4.0866280632998595e-07
46300.056 5.140858410499863e-07
46350.056 4.3718774339995427e-07
46400.056 4.4481085208995754e-07
46450.056 4.806606365300602e-07
46500.056 4.353599260799585e-07
46550.056 5.384510726599714e-07
46600.056 4.95193623080031e-07
46650.056 6.307160440098772e-07
46700.056 5.787229504402044e-07
46750.056 4.599444198799422e-07
46800.056 5.051791582400476e-07
46850.056 5.418393938600638e-07
46900.056 5.172417233099084e-07
46950.056 5.634463550800277e-07
47000.056 4.7359880293999047e-07
47050.056 5.694051762299215e-07
47100.056 4.4400547084005593e-07
47150.056 4.808935761300466e-07
47200.056 5.214849599900815e-07
47250.056 4.5942164522996887e-07
47300.056 4.785030052498844e-07
47350.056 4.280637304999175e-07
47400.056 5.297875934099136e-07
47450.056 4.474816030499856e-07
47500.056 5.286841702499087e-07
47550.056 4.6048731843996376e-07
47600.056 5.241622553799727e-07
47650.056 3.8424456389989764e-07
47700.056 5.40185872810059e-07
47750.056 3.7735231006007914e-07
47800.056 5.402458783499362e-07
47850.056 4.1460631311992e-07
47900.056 5.194386192200264e-07
47950.056 3.895734017400811e-07
48000.056 5.783649942900193e-07
48050.056 4.404886138700495e-07
48100.056 4.926549405499923e-07
48150.056 4.574046995600672e-07
48200.056 5.272243819600684e-07
48250.056 4.412398121299926e-07
48300.056 5.638492891098333e-07
48350.056 4.1301270456998677e-07
48400.056 5.190504013699928e-07
48450.056 4.4229958832002554e-07
48500.056 5.930611683700186e-07
48550.056 4.201568689700245e-07
48600.056 5.293884291499799e-07
48650.056 4.4168503403996833e-07
48700.056 5.210687655000343e-07
48750.056 4.008271490900451e-07
48800.056 6.101889674800173e-07
48850.056 4.3214482857992534e-07
48900.056 5.535862874100475e-07
48950.056 5.165821742800288e-07
49000.056 4.80541049319911e-07
49050.056 5.354559424700095e-07
49100.056 4.823884156400484e-07
49150.056 5.254847142500019e-07
49200.056 4.95774889859992e-07
49250.056 5.282125876700166e-07
49300.056 4.533334180899668e-07
49350.056 4.842857652600083e-07
49400.056 5.631271098300471e-07
49450.056 4.862742776901193e-07
49500.056 5.113706587299926e-07
49550.056 4.3953109631002467e-07
49600.056 5.037519477901293e-07
49650.056 5.181807904099909e-07
49700.056 4.5411634883993437e-07
49750.056 6.290378662498992e-07
49800.056 4.929141117800312e-07
49850.056 6.393551638300628e-07
49900.056 4.976375375400367e-07
49950.056 5.589190130198878e-07
50000.056 5.350567614398942e-07
50050.056 5.45782072760043e-07
50100.056 5.642576413399621e-07
50150.056 4.6844587442002257e-07
50200.056 4.3294109710003387e-07
50250.056 5.468290267200022e-07
50300.056 5.122566341699737e-07
50350.056 6.068051222300074e-07
50400.056 5.231399520799885e-07
50450.056 5.138772022500961e-07
50500.056 6.308986370301075e-07
50550.056 5.340424693399904e-07
50600.056 5.726421961899932e-07
50650.056 5.610442002301248e-07
50700.056 6.08240168269825e-07
50750.056 6.239211023100816e-07
50800.056 4.663286735299527e-07
50850.056 5.319193346601246e-07
50900.056 6.078090211899794e-07
50950.056 5.888541824301352e-07
51000.056 6.778005643200425e-07
51050.056 5.003487086000485e-07
51100.056 4.896408773599475e-07
51150.056 5.790939235299252e-07
51200.056 5.968323547799736e-07
51250.056 5.964232819799121e-07
51300.056 5.112390483202287e-07
51350.056 5.423915806798815e-07
51400.056 4.837183349599064e-07
51450.056 3.945938300599047e-07
51500.056 5.107616475900251e-07
51550.056 6.962701478200637e-07
51600.056 4.849519551800701e-07
51650.056 5.509426272899345e-07
51700.056 5.205582736398563e-07
51750.056 4.895486189500685e-07
51800.056 5.932647336198395e-07
51850.056 5.98606948239922e-07
51900.056 6.387213383201662e-07
51950.056 5.911416828899481e-07
52000.056 4.678612622999705e-07
52050.056 5.542876956399969e-07
52100.056 4.998607834498971e-07
52150.056 5.13578080890024e-07
52200.056 4.765477686399893e-07
52250.056 5.234998061300099e-07
52300.056 6.002835824699958e-07
52350.056 6.220110357000826e-07
52400.056 4.56947196190063e-07
52450.056 5.535167003299863e-07
52500.056 6.056033241398917e-07
52550.056 5.857068403597996e-07
52600.056 5.556865574001057e-07
52650.056 6.216156472601304e-07
52700.056 5.531924328599718e-07
52750.056 4.4974956985995506e-07
52800.056 5.151538191300502e-07
52850.056 4.902827845199149e-07
52900.056 5.296939470400588e-07
52950.056 5.37914440219936e-07
53000.056 6.039290145399511e-07
53050.056 4.939162331398807e-07
53100.056 4.676997827698492e-07
53150.056 6.419677219300787e-07
53200.056 4.3997381301002877e-07
53250.056 6.451102905700012e-07
53300.056 6.177188964202814e-07
53350.056 6.023646815999304e-07
53400.056 5.884225595000753e-07
53450.056 4.789091491100327e-07
53500.056 4.151108923798982e-07
53550.056 5.229125334099029e-07
