galfind/configs/Brown_Dwarf_templates/sonora_bobcat/m+0.5/31g/sp_t1700g31nc_m+0.5_resample.dat
# %ECSV 1.0
# ---
# datatype:
# - {name: wav, unit: Angstrom, datatype: float64}
# - {name: flux_nu, unit: erg / (cm2 Hz s), datatype: float64}
# meta: {C/O: '1.00', Kzz: '1.0000E+05', Teff: '1700.', Y: '0.28', '[Fe/H]': '0.50', f_hole: '1.00', f_rain: '0.00', grav: '32.'}
# schema: astropy-2.0
wav flux_nu
[from data line 498]
28900.056 7.884905668810382e-07
28950.056 1.1098830961638897e-06
29000.056 8.824289198646471e-07
29050.056 8.970513520096984e-07
29100.056 7.554566640850342e-07
29150.056 9.761594449602903e-07
29200.056 8.816331485604144e-07
29250.056 1.0371828796600833e-06
29300.056 8.389493231294002e-07
29350.056 1.1637189025096611e-06
29400.056 9.099159222597666e-07
29450.056 9.548237578799557e-07
29500.056 1.0155623302598958e-06
29550.056 9.623712519000836e-07
29600.056 1.0230277409498825e-06
29650.056 1.0240603956199496e-06
29700.056 8.53482566659811e-07
29750.056 1.1564075536608454e-06
29800.056 1.117773369169985e-06
29850.056 1.1056525579898614e-06
29900.056 9.819999601802517e-07
29950.056 1.1610278268298519e-06
30000.056 1.1682855285896958e-06
30050.056 1.0892201433498248e-06
30100.056 8.601234930697335e-07
30150.056 1.392074925019836e-06
30200.056 1.194871729240158e-06
30250.056 1.1935742560504998e-06
30300.056 1.2387595662998272e-06
30350.056 1.0669212527101716e-06
30400.056 1.3746166329803516e-06
30450.056 1.0980404845300849e-06
30500.056 1.0007620011202227e-06
30550.056 1.4511150272604206e-06
30600.056 1.4019905554202459e-06
30650.056 1.403549387800027e-06
30700.056 1.318451468099989e-06
30750.056 1.2361111871600614e-06
30800.056 1.5077052270503872e-06
30850.056 1.2739401919299213e-06
30900.056 1.304397394249909e-06
30950.056 1.2459767080801787e-06
31000.056 1.4592077898399229e-06
31050.056 1.1795151771099635e-06
31100.056 1.3678151971399091e-06
31150.056 1.4803166028397418e-06
31200.056 1.455650793709795e-06
31250.056 1.5500038610702998e-06
31300.056 1.385455938389795e-06
31350.056 1.4426397615999976e-06
31400.056 1.397594666830399e-06
31450.056 1.4552160782201122e-06
31500.056 1.4585686460303584e-06
31550.056 1.3597429985600353e-06
31600.056 1.4463646162798627e-06
31650.056 1.5330885551200246e-06
31700.056 1.5642945726299047e-06
31750.056 1.2973095843202563e-06
31800.056 1.61828356212019e-06
31850.056 1.7086173214201648e-06
31900.056 1.7371324150898963e-06
31950.056 1.2200905310497933e-06
32000.056 1.4438229544503849e-06
32050.056 1.729422748440175e-06
32100.056 1.6984939316296939e-06
32150.056 1.7447448288401076e-06
32200.056 1.6458780461798933e-06
32250.056 1.5655196413502234e-06
32300.056 1.718978754890123e-06
32350.056 1.8295252714102586e-06
32400.056 1.6106672005800928e-06
32450.056 1.6006603114901338e-06
32500.056 1.730527520290282e-06
32550.056 1.9560195379301125e-06
32600.056 1.965560179499857e-06
32650.056 1.8988195456007649e-06
32700.056 1.7995578717501962e-06
32750.056 1.9036942764200283e-06
32800.056 1.7199662015101736e-06
32850.056 2.103976383549783e-06
32900.056 2.00795779101996e-06
32950.056 1.6802268483497581e-06
33000.056 1.834332230520297e-06
33050.056 1.9176335667898583e-06
33100.056 2.0143852784193663e-06
33150.056 1.7910899705702255e-06
33200.056 1.4814174605300632e-06
33250.056 1.6844489319697456e-06
33300.056 1.7808689847402093e-06
33350.056 1.7505575302201681e-06
33400.056 1.6868791791097366e-06
33450.056 1.8383430350492842e-06
33500.056 1.958753908850286e-06
33550.056 1.8656298828898508e-06
33600.056 1.9741343566506077e-06
33650.056 2.095693470520613e-06
33700.056 2.1315060413295454e-06
33750.056 2.1969510180499833e-06
33800.056 2.067777029329866e-06
33850.056 2.0081682940600717e-06
33900.056 2.2832233288195805e-06
33950.056 1.988123392609681e-06
34000.056 2.0274835841194116e-06
34050.056 2.02840312325982e-06
34100.056 2.2728363918003513e-06
34150.056 2.1858963717497633e-06
34200.056 2.03739211296942e-06
34250.056 2.3345644818197795e-06
34300.056 2.043859770099333e-06
34350.056 2.227031734679838e-06
34400.056 1.9550142450396185e-06
34450.056 2.0828483990299148e-06
34500.056 2.1263940628004164e-06
34550.056 2.0015555903298648e-06
34600.056 2.202230928940147e-06
34650.056 2.192625070519994e-06
34700.056 2.1080444772394743e-06
34750.056 2.266789899920246e-06
34800.056 2.4054101310595776e-06
34850.056 2.078890673410124e-06
34900.056 2.2146038287603017e-06
34950.056 2.1575713251093913e-06
35000.056 2.113034341959695e-06
35050.056 2.406432191840547e-06
35100.056 2.2051309143592487e-06
35150.056 2.2558197620000106e-06
35200.056 2.3186951309197976e-06
35250.056 2.032288368550002e-06
35300.056 2.258959651820115e-06
35350.056 2.400015455009785e-06
35400.056 2.164327195749803e-06
35450.056 2.124214555150481e-06
35500.056 2.373689011539812e-06
35550.056 2.172954988099906e-06
35600.056 2.0373128362597583e-06
35650.056 2.4726918208603555e-06
35700.056 2.0870372581604775e-06
35750.056 2.2893118161697064e-06
35800.056 2.3247948643996515e-06
35850.056 2.3365880950996953e-06
35900.056 2.555970538399586e-06
35950.056 2.3499986201001125e-06
36000.056 2.108037008199639e-06
36050.056 2.5207405460902854e-06
36100.056 2.5671380711996386e-06
36150.056 2.3187191195002754e-06
36200.056 2.536208334029588e-06
36250.056 2.2587190747794685e-06
36300.056 2.7236311819807612e-06
36350.056 2.54218330343985e-06
36400.056 2.4069465340199995e-06
36450.056 2.6820167823996916e-06
36500.056 2.5112958802002207e-06
36550.056 2.3803456290004313e-06
36600.056 2.494859821850223e-06
36650.056 2.5919205320003e-06
36700.056 2.6766283482001855e-06
36750.056 2.5429202681402467e-06
36800.056 2.57659941680971e-06
36850.056 2.5341337784304705e-06
36900.056 2.6820398407005327e-06
36950.056 2.6485689203799183e-06
37000.056 2.7392640113000663e-06
37050.056 2.6960113194998856e-06
37100.056 2.6914112040004207e-06
37150.056 2.684648069209334e-06
37200.056 2.7791730079000983e-06
37250.056 2.8385210407602715e-06
37300.056 2.8507580130005725e-06
37350.056 2.631519008510431e-06
37400.056 2.7555817965995955e-06
37450.056 2.8000799205303384e-06
37500.056 2.7971678847997766e-06
37550.056 2.7451562333994382e-06
37600.056 2.918748702839512e-06
37650.056 2.735569463599665e-06
37700.056 2.738954142600023e-06
37750.056 2.9597819715996324e-06
37800.056 3.028489711799924e-06
37850.056 2.822052842899892e-06
37900.056 2.9273729558001446e-06
37950.056 2.978918655800077e-06
38000.056 2.838828483200408e-06
38050.056 2.936428683800124e-06
38100.056 2.794689933080223e-06
38150.056 3.0992285893995117e-06
38200.056 3.208929181599494e-06
38250.056 2.8215514729005146e-06
38300.056 2.7840123645999385e-06
38350.056 2.94635489239973e-06
38400.056 2.999707985699748e-06
38450.056 3.0809111937002907e-06
38500.056 2.979399151099784e-06
38550.056 2.9620242179000753e-06
38600.056 3.274379594999768e-06
38650.056 2.851300985400149e-06
38700.056 2.9539653212705723e-06
38750.056 3.013412939900027e-06
38800.056 3.0194262539002983e-06
38850.056 2.9555525724003866e-06
38900.056 2.9139665152998197e-06
38950.056 3.098909039999642e-06
39000.056 2.960931910000114e-06
39050.056 3.04785123529992e-06
39100.056 2.873558185959997e-06
39150.056 2.9737142055001024e-06
39200.056 3.1342584602002118e-06
39250.056 3.109845933599331e-06
39300.056 3.074547384999232e-06
39350.056 3.055823919250333e-06
39400.056 3.004539052200042e-06
39450.056 3.0004078218997264e-06
39500.056 3.003053745639771e-06
39550.056 2.909172871749513e-06
39600.056 3.240883615300117e-06
39650.056 2.8428952440999893e-06
39700.056 3.0031309034997737e-06
39750.056 2.9597528120195948e-06
39800.056 2.8154878842001243e-06
39850.056 2.8889349268997216e-06
39900.056 2.889912279540045e-06
39950.056 3.0710016102998844e-06
40000.056 2.7214762975998315e-06
40050.056 2.6306811003999305e-06
40100.056 2.869851190399824e-06
40150.056 2.6453744696995308e-06
40200.056 2.7228810519996503e-06
40250.056 2.7988591500390565e-06
40300.056 2.5091029272801434e-06
40350.056 2.7780264783004846e-06
40400.056 2.787961302739751e-06
40450.056 2.6374914348005438e-06
40500.056 2.3924935044802835e-06
40550.056 2.8524669670998317e-06
40600.056 2.4914267289703215e-06
40650.056 2.503112365530346e-06
40700.056 2.703130977700322e-06
40750.056 2.3673989395990705e-06
40800.056 2.3655877004603888e-06
40850.056 2.2398901705805454e-06
40900.056 2.250948812340479e-06
40950.056 2.437397189719929e-06
41000.056 2.492926231600207e-06
41050.056 2.3985409970194677e-06
41100.056 2.325652874360311e-06
41150.056 2.4554555417001854e-06
41200.056 2.2696628191699457e-06
41250.056 2.357929310490254e-06
41300.056 1.998109598939631e-06
41350.056 2.408544514420167e-06
41400.056 2.280543279600194e-06
41450.056 2.186439562590282e-06
41500.056 2.376586283440051e-06
41550.056 2.2404105750899758e-06
41600.056 2.4319573659999592e-06
41650.056 2.110581281020526e-06
41700.056 1.976007017449699e-06
41750.056 2.0230904673397843e-06
41800.056 2.0007789201796207e-06
41850.056 1.8759569803904042e-06
41900.056 2.077762350199896e-06
41950.056 1.5512607349205122e-06
42000.056 1.880370422560185e-06
42050.056 1.6457894430493002e-06
42100.056 1.9161491020503987e-06
42150.056 1.383559991549292e-06
42200.056 1.5282151665799137e-06
42250.056 1.5861867553601242e-06
42300.056 1.2449699108000034e-06
42350.056 1.5466788262005336e-06
42400.056 1.2728447826002994e-06
42450.056 1.0102589229203987e-06
42500.056 1.1529161156603246e-06
42550.056 1.1344006399601974e-06
42600.056 1.1579308784504735e-06
42650.056 9.172102829889968e-07
42700.056 1.133329743280494e-06
42750.056 1.008340335940082e-06
42800.056 9.309087819604425e-07
42850.056 9.311569477497781e-07
42900.056 9.532633494300158e-07
42950.056 8.623506207294563e-07
43000.056 8.431141805301126e-07
43050.056 8.493866352404645e-07
43100.056 9.467475665202354e-07
43150.056 8.604428607902181e-07
43200.056 9.081782312601951e-07
43250.056 8.675042966698914e-07
43300.056 8.669465780601383e-07
43350.056 8.152467192799443e-07
43400.056 8.733373625699553e-07
43450.056 9.161218524205226e-07
43500.056 8.251649191298723e-07
43550.056 9.189222675999371e-07
43600.056 8.907446488101661e-07
43650.056 7.713606199100975e-07
43700.056 8.200386346396884e-07
43750.056 8.291383016701212e-07
43800.056 7.331784933501906e-07
43850.056 8.008552040002398e-07
43900.056 8.539601240400464e-07
43950.056 8.10609113080444e-07
44000.056 7.744462454902266e-07
44050.056 8.20442413160168e-07
44100.056 8.193890054101947e-07
44150.056 8.370749449197317e-07
44200.056 7.630441879398549e-07
44250.056 8.198039365800311e-07
44300.056 7.931181988200246e-07
44350.056 7.511490517800294e-07
44400.056 8.117553160899566e-07
44450.056 8.329404766099697e-07
44500.056 8.816926267900187e-07
44550.056 7.726042768498001e-07
44600.056 8.657649841700959e-07
44650.056 8.556155267401936e-07
44700.056 8.243878062000817e-07
44750.056 8.687595687398475e-07
44800.056 9.733212087599452e-07
44850.056 9.163130034301056e-07
44900.056 8.8383919258018e-07
44950.056 8.023132172798951e-07
45000.056 9.46199061899895e-07
45050.056 9.022146760298778e-07
45100.056 9.65703307289898e-07
45150.056 9.374713227098597e-07
45200.056 8.709529068100644e-07
45250.056 8.837371771498492e-07
45300.056 9.611335234300788e-07
45350.056 1.0241064124899527e-06
45400.056 9.865444450301846e-07
45450.056 8.875045420698761e-07
45500.056 9.133967105999463e-07
45550.056 1.025879620199938e-06
45600.056 9.613984196899332e-07
45650.056 8.585399577297899e-07
45700.056 1.048930946790086e-06
45750.056 9.567331726399496e-07
45800.056 9.325622420899791e-07
45850.056 1.107275479419963e-06
45900.056 1.1472382276001193e-06
45950.056 9.670303354599832e-07
46000.056 1.169274312769998e-06
46050.056 1.1377758450901828e-06
46100.056 9.560419391601134e-07
46150.056 1.0430595790299793e-06
46200.056 1.1601163511502501e-06
46250.056 9.203248842899455e-07
46300.056 1.2272451161599017e-06
46350.056 9.79539438529892e-07
46400.056 1.0213512955598573e-06
46450.056 1.0589261740002516e-06
46500.056 9.716279383699063e-07
46550.056 1.2088753732699677e-06
46600.056 1.1006030337200055e-06
46650.056 1.4265525630999133e-06
46700.056 1.3114454327003528e-06
46750.056 1.0292803102098615e-06
46800.056 1.1735938395702345e-06
46850.056 1.2416287320501138e-06
46900.056 1.1665474636797345e-06
46950.056 1.3003085180201283e-06
47000.056 1.1226004742699704e-06
47050.056 1.2889743382896852e-06
47100.056 1.042238362780132e-06
47150.056 1.1565519650602499e-06
47200.056 1.2027131372303695e-06
47250.056 1.0725629089697585e-06
47300.056 1.1444288832196573e-06
47350.056 9.323989911897443e-07
47400.056 1.228961708939677e-06
47450.056 1.1008968923899332e-06
47500.056 1.173141808969671e-06
47550.056 1.0666407250398094e-06
47600.056 1.245813641359953e-06
47650.056 8.49044557479694e-07
47700.056 1.261568236650075e-06
47750.056 8.158926636702424e-07
47800.056 1.2361001997098438e-06
47850.056 9.228981418297249e-07
47900.056 1.255668049990073e-06
47950.056 8.571285575602339e-07
48000.056 1.3981276569700007e-06
48050.056 9.623468825602097e-07
48100.056 1.086855177219976e-06
48150.056 9.991507771701538e-07
48200.056 1.2313268317402738e-06
48250.056 9.947912014998106e-07
48300.056 1.3701910161697075e-06
48350.056 8.89091187359931e-07
48400.056 1.248896722319989e-06
48450.056 9.969276331901016e-07
48500.056 1.3851878828500386e-06
48550.056 9.244948658400757e-07
48600.056 1.231361825609876e-06
48650.056 9.400133152099573e-07
48700.056 1.1684574622000905e-06
48750.056 8.495883019801566e-07
48800.056 1.4244255568801122e-06
48850.056 9.579773214198308e-07
48900.056 1.216049740380097e-06
48950.056 1.141746394520078e-06
49000.056 1.1266689441498515e-06
49050.056 1.1582438885399172e-06
49100.056 1.0740845913101673e-06
49150.056 1.149968135800107e-06
49200.056 1.1223094558199717e-06
49250.056 1.128603569820046e-06
49300.056 9.77447423839882e-07
49350.056 1.0337266938200184e-06
49400.056 1.2669682290201875e-06
49450.056 1.0410592374602668e-06
49500.056 1.1353609518401215e-06
49550.056 9.629070054000285e-07
49600.056 1.0805661992603328e-06
49650.056 1.116699533200098e-06
49700.056 9.424745324299237e-07
49750.056 1.4364103130797028e-06
49800.056 1.0949741235000732e-06
49850.056 1.375858605100025e-06
49900.056 1.0752312854001299e-06
49950.056 1.1983115885795625e-06
50000.056 1.1388905888397226e-06
50050.056 1.1566337835101454e-06
50100.056 1.2202084483798936e-06
50150.056 1.0504607508800531e-06
50200.056 9.529645456401209e-07
50250.056 1.1038299766500663e-06
50300.056 1.0465366169798698e-06
50350.056 1.2055956108900587e-06
50400.056 1.0906613282500495e-06
50450.056 1.0703137987801775e-06
50500.056 1.4225531644302922e-06
50550.056 1.1339674036099036e-06
50600.056 1.2184657545201008e-06
50650.056 1.1512224990603503e-06
50700.056 1.253891426269491e-06
50750.056 1.2516178827401864e-06
50800.056 9.798876339199467e-07
50850.056 1.1410989416302489e-06
50900.056 1.1943559740799577e-06
50950.056 1.2700792446201706e-06
51000.056 1.4229884699101333e-06
51050.056 1.0469416848902175e-06
51100.056 1.0527599613898848e-06
51150.056 1.2130082321599294e-06
51200.056 1.1621654216299008e-06
51250.056 1.2857564435699042e-06
51300.056 1.085623590250444e-06
51350.056 1.2046606408596601e-06
51400.056 1.124536321879631e-06
51450.056 8.331059586898466e-07
51500.056 1.1733311329898951e-06
51550.056 1.4685541578501353e-06
51600.056 9.673558725400465e-07
51650.056 1.1470607664797762e-06
51700.056 1.051176721189645e-06
51750.056 1.0341382534000976e-06
51800.056 1.2239767072398447e-06
51850.056 1.2539560290499172e-06
51900.056 1.2921045209803138e-06
51950.056 1.1803259690398834e-06
52000.056 1.0356994534799353e-06
52050.056 1.1902781827599344e-06
52100.056 1.1299009889496992e-06
52150.056 1.1429796780301375e-06
52200.056 1.1098403729600874e-06
52250.056 1.1430230180700083e-06
52300.056 1.1876665250799928e-06
52350.056 1.3692926461402311e-06
52400.056 9.891586117501016e-07
52450.056 1.1525485354699235e-06
52500.056 1.2609031744396844e-06
52550.056 1.1434590825795693e-06
52600.056 1.2150884350902157e-06
52650.056 1.3978050909502588e-06
52700.056 1.1779529271500079e-06
52750.056 9.244215856398387e-07
52800.056 1.0683336001401443e-06
52850.056 1.011834409609858e-06
52900.056 1.1141439999901422e-06
52950.056 1.1287516463897468e-06
53000.056 1.2690225682698786e-06
53050.056 1.1307824752997805e-06
53100.056 1.0213028342696508e-06
53150.056 1.320321492170301e-06
53200.056 9.14996156040186e-07
53250.056 1.3743555624199035e-06
53300.056 1.3013869717006222e-06
53350.056 1.2649054485398707e-06
53400.056 1.1554307734801469e-06
