galfind/configs/Brown_Dwarf_templates/sonora_bobcat/m+0.5/31g/sp_t450g31nc_m+0.5_resample.dat
# %ECSV 1.0
# ---
# datatype:
# - {name: wav, unit: Angstrom, datatype: float64}
# - {name: flux_nu, unit: erg / (cm2 Hz s), datatype: float64}
# meta: {C/O: '1.00', Kzz: '1.0000E+05', Teff: '450.', Y: '0.28', '[Fe/H]': '0.50', f_hole: '1.00', f_rain: '0.00', grav: '32.'}
# schema: astropy-2.0
wav flux_nu
[from data line 498]
28900.056 2.4326271818132463e-10
28950.056 4.1484557512074165e-10
29000.056 2.641801739493223e-10
29050.056 4.086506449249694e-10
29100.056 2.316781818746231e-10
29150.056 2.726248427223619e-10
29200.056 4.387037204403867e-10
29250.056 7.10850840355281e-10
29300.056 2.704560302775436e-10
29350.056 8.293580018550983e-10
29400.056 4.072947984918621e-10
29450.056 3.292845295514102e-10
29500.056 6.855345930000276e-10
29550.056 3.2451492710358225e-10
29600.056 4.79288870763148e-10
29650.056 9.628432818779352e-10
29700.056 2.9542539389652777e-10
29750.056 7.278443068460645e-10
29800.056 6.502469690605484e-10
29850.056 7.874029732431134e-10
29900.056 5.282458348544574e-10
29950.056 6.47214647221565e-10
30000.056 1.4835500702669914e-11
30050.056 6.846329169214005e-11
30100.056 2.443618860231008e-10
30150.056 5.69852354459532e-10
30200.056 4.3253662624278133e-10
30250.056 9.856419345140518e-10
30300.056 1.4301247631967449e-09
30350.056 5.027630821854671e-10
30400.056 1.2361485553179891e-09
30450.056 7.668854395231014e-10
30500.056 7.484110637225561e-10
30550.056 6.421470344520942e-10
30600.056 1.566603671407928e-09
30650.056 9.905578502069795e-10
30700.056 6.622953411979785e-10
30750.056 1.2779450662630483e-09
30800.056 7.803536727618085e-10
30850.056 9.481480719282448e-10
30900.056 4.610189182586057e-10
30950.056 6.119999267891674e-10
31000.056 6.337891120850016e-10
31050.056 4.998969089753477e-10
31100.056 3.000179319316392e-10
31150.056 5.449856522534943e-10
31200.056 9.247760039269363e-10
31250.056 6.86727889328911e-10
31300.056 4.131582496320025e-10
31350.056 7.306406367112149e-10
31400.056 5.16109971018192e-10
31450.056 5.097961316362215e-10
31500.056 2.6080700625240687e-10
31550.056 3.609504664775508e-10
31600.056 2.2048269060385318e-10
31650.056 2.58294637016831e-10
31700.056 2.558436624473168e-10
31750.056 1.2181365158656746e-10
31800.056 2.4205692414319e-10
31850.056 5.969805686004021e-11
31900.056 1.2553621708385489e-10
31950.056 8.117721146267963e-11
32000.056 6.840889682885626e-11
32050.056 1.1097108992946825e-10
32100.056 9.823037672740493e-11
32150.056 1.1450803188128905e-10
32200.056 5.727196940542378e-11
32250.056 1.4849180589501038e-10
32300.056 5.625805815071882e-11
32350.056 1.299153347527137e-10
32400.056 3.6224011832512115e-11
32450.056 1.0114456741136716e-10
32500.056 4.1652252395095156e-11
32550.056 7.607314122117419e-11
32600.056 5.420425275147673e-11
32650.056 2.383042963801895e-10
32700.056 7.556877693757776e-11
32750.056 3.6640930094946434e-10
32800.056 2.0998564388488834e-10
32850.056 5.270570568487572e-10
32900.056 4.535075753211745e-10
32950.056 5.470510792229338e-10
33000.056 2.4396476667947193e-10
33050.056 3.5813860671922067e-10
33100.056 7.812653236392073e-11
33150.056 5.716435993596598e-14
33200.056 1.9044158382792244e-12
33250.056 1.5618830067924993e-12
33300.056 9.698665325829572e-12
33350.056 3.161122973821387e-11
33400.056 1.2084177702346642e-10
33450.056 1.1631821145652609e-10
33500.056 3.827662563523794e-10
33550.056 9.351716083680798e-11
33600.056 2.8031463512229835e-10
33650.056 2.45678923916334e-10
33700.056 1.2809579647168876e-10
33750.056 3.7351237781623376e-10
33800.056 6.523500938586861e-11
33850.056 2.123150138699889e-10
33900.056 2.1181591307711591e-10
33950.056 1.707060620766899e-10
34000.056 3.68079469690416e-10
34050.056 6.853601888218296e-11
34100.056 3.284351903602736e-10
34150.056 1.7503145676733782e-10
34200.056 3.48817643690811e-10
34250.056 2.303156967242773e-10
34300.056 2.3970067573045173e-10
34350.056 3.0777462458915913e-10
34400.056 1.3698366910503216e-10
34450.056 3.3848046022692665e-10
34500.056 2.1440998053572192e-10
34550.056 1.2924139958494343e-10
34600.056 4.90818633913154e-10
34650.056 1.3934172406764907e-10
34700.056 4.274051845679994e-10
34750.056 2.66813143131126e-10
34800.056 2.7937199287943826e-10
34850.056 5.09133435018964e-10
34900.056 2.4382217977377446e-10
34950.056 5.395706247158147e-10
35000.056 1.0781660819930513e-09
35050.056 4.636100172657764e-10
35100.056 9.920187718850831e-10
35150.056 6.701230312578826e-10
35200.056 8.343653938923598e-10
35250.056 1.2032813464496374e-09
35300.056 6.64144958612921e-10
35350.056 7.280687580919033e-10
35400.056 6.590343635520272e-10
35450.056 5.394359194232756e-10
35500.056 1.8359669948697294e-09
35550.056 1.2463207785611556e-09
35600.056 1.1180786026580567e-09
35650.056 1.0756612335154447e-09
35700.056 1.2557666553159292e-09
35750.056 1.7831989873331636e-09
35800.056 2.0355560244269e-09
35850.056 7.73857780817694e-10
35900.056 1.0255152197733058e-09
35950.056 1.1073204571427513e-09
36000.056 1.369383443866677e-09
36050.056 9.530278768716108e-10
36100.056 9.20042681919949e-10
36150.056 1.5973094569652549e-09
36200.056 1.7085772522245143e-09
36250.056 1.3588582600768336e-09
36300.056 2.4981495954453256e-09
36350.056 1.6110902191481833e-09
36400.056 2.2405002204821317e-09
36450.056 2.7549039883137272e-09
36500.056 3.0972295116596334e-09
36550.056 3.2814974027291607e-09
36600.056 3.863015500624492e-09
36650.056 3.0766567505538803e-09
36700.056 3.588780132494394e-09
36750.056 4.201857498984455e-09
36800.056 4.283635324019792e-09
36850.056 2.7884969183473824e-09
36900.056 4.6521273725657685e-09
36950.056 4.5707466936723995e-09
37000.056 3.6030790494057936e-09
37050.056 4.570939147366027e-09
37100.056 4.625770510458796e-09
37150.056 3.2693801747619955e-09
37200.056 5.533757052914035e-09
37250.056 4.2280675050412885e-09
37300.056 3.401479970277501e-09
37350.056 5.207079476659864e-09
37400.056 7.5545260075802e-09
37450.056 3.790030350422229e-09
37500.056 4.649291527029988e-09
37550.056 6.836268257058717e-09
37600.056 8.659358977101924e-09
37650.056 3.817498129516729e-09
37700.056 7.964377437396937e-09
37750.056 4.78188905452639e-09
37800.056 5.056739406944171e-09
37850.056 2.6692749700810362e-09
37900.056 3.974015563568468e-09
37950.056 6.86534733823441e-09
38000.056 7.300159565269447e-09
38050.056 8.32739372305239e-09
38100.056 9.201437984608053e-09
38150.056 1.0543186905759452e-08
38200.056 1.0149527986473785e-08
38250.056 1.0062945268384285e-08
38300.056 1.503754267243492e-08
38350.056 1.4645887621126538e-08
38400.056 6.50210310948343e-09
38450.056 4.577631520094272e-09
38500.056 2.7683387029391026e-09
38550.056 7.253042925946814e-09
38600.056 7.080501780865887e-09
38650.056 7.29818869831004e-09
38700.056 5.5770786603049014e-09
38750.056 7.381719352517366e-09
38800.056 7.2132628955441386e-09
38850.056 7.943588804153449e-09
38900.056 1.0595080745402004e-08
38950.056 7.321500013735544e-09
39000.056 1.1459592740924384e-08
39050.056 7.255742183235425e-09
39100.056 1.0591993797575341e-08
39150.056 1.1595751369089071e-08
39200.056 1.0148937367850297e-08
39250.056 1.4688489431578741e-08
39300.056 9.206009842212707e-09
39350.056 1.805990193734012e-08
39400.056 9.942527194926507e-09
39450.056 1.4318622984125535e-08
39500.056 1.5248394421121592e-08
39550.056 1.0432247697464473e-08
39600.056 1.4919488401116588e-08
39650.056 1.623853432618677e-08
39700.056 1.623883607909862e-08
39750.056 1.0689110059156289e-08
39800.056 1.1789563503024596e-08
39850.056 2.0663652430002182e-08
39900.056 2.2351586403202358e-08
39950.056 1.25042219170196e-08
40000.056 2.2405392857929682e-08
40050.056 1.9615295607067718e-08
40100.056 1.0493703988415216e-08
40150.056 2.0615149481490113e-08
40200.056 2.2018791525448706e-08
40250.056 2.4056805957164326e-08
40300.056 2.2312620478883276e-08
40350.056 1.831060695202728e-08
40400.056 2.4591031325202397e-08
40450.056 1.579829022375439e-08
40500.056 2.7889862080205265e-08
40550.056 2.844063296002347e-08
40600.056 2.3365370172223778e-08
40650.056 1.724359361383703e-08
40700.056 3.298263408578608e-08
40750.056 2.3447741714845978e-08
40800.056 1.7228897710966222e-08
40850.056 3.91340701722887e-08
40900.056 3.243565216033568e-08
40950.056 3.010694508589296e-08
41000.056 2.7315172079739806e-08
41050.056 4.1948194042020784e-08
41100.056 3.414123984761341e-08
41150.056 1.7761594079184518e-08
41200.056 4.408679763775333e-08
41250.056 2.9365232027117793e-08
41300.056 3.104900744344086e-08
41350.056 4.4414000019097115e-08
41400.056 3.8465797639264904e-08
41450.056 4.903847405118176e-08
41500.056 3.573896207973009e-08
41550.056 3.3262256791971815e-08
41600.056 3.455915716123218e-08
41650.056 4.469645643966631e-08
41700.056 4.6517533755273544e-08
41750.056 4.2813125472289826e-08
41800.056 4.957331071616308e-08
41850.056 4.091672016990726e-08
41900.056 3.982022637776852e-08
41950.056 3.7981381662508276e-08
42000.056 3.0342688697929316e-08
42050.056 3.3558300736111446e-08
42100.056 3.963188126039409e-08
42150.056 3.841942138855979e-08
42200.056 3.992148812532133e-08
42250.056 3.304092854638957e-08
42300.056 3.5996151326606665e-08
42350.056 5.036637252440575e-08
42400.056 5.3736116259576254e-08
42450.056 5.1416257605127763e-08
42500.056 4.428817927728738e-08
42550.056 4.108239815548183e-08
42600.056 4.470786885082712e-08
42650.056 7.031541798516243e-08
42700.056 4.334766101492881e-08
42750.056 5.2024870297551374e-08
42800.056 6.98702236710173e-08
42850.056 6.939143878997929e-08
42900.056 7.440162731522924e-08
42950.056 6.250065153498744e-08
43000.056 6.717355039142937e-08
43050.056 4.129182142016691e-08
43100.056 5.5513874391980355e-08
43150.056 4.879900747230919e-08
43200.056 7.706455997040149e-08
43250.056 9.263280527199983e-08
43300.056 8.886193897098741e-08
43350.056 5.4753093316086644e-08
43400.056 7.056214341919807e-08
43450.056 5.1436557353505316e-08
43500.056 4.694274038286926e-08
43550.056 5.227413641810084e-08
43600.056 8.566297833901144e-08
43650.056 6.145037503740492e-08
43700.056 9.11051447560265e-08
43750.056 8.06542678363964e-08
43800.056 7.710419105708604e-08
43850.056 6.339100688899733e-08
43900.056 6.219172908290632e-08
43950.056 3.8334980987799466e-08
44000.056 3.963786725109252e-08
44050.056 9.237690512600387e-08
44100.056 1.1941509425599274e-07
44150.056 1.0383070003341874e-07
44200.056 8.920802001149566e-08
44250.056 5.410686097210428e-08
44300.056 4.513920698430795e-08
44350.056 5.36258595034778e-08
44400.056 4.921856735009302e-08
44450.056 7.992050320707801e-08
44500.056 7.786757430441812e-08
44550.056 1.1427048028038457e-07
44600.056 9.381735602217011e-08
44650.056 8.053164389501834e-08
44700.056 5.4632254469003245e-08
44750.056 8.874960592572679e-08
44800.056 6.021556386328153e-08
44850.056 7.882720587060293e-08
44900.056 7.070750884810367e-08
44950.056 8.874741557280605e-08
45000.056 9.627807751600298e-08
45050.056 8.773216770948925e-08
45100.056 7.812322282539563e-08
45150.056 7.716147839793498e-08
45200.056 6.179575806510033e-08
45250.056 6.981095417836985e-08
45300.056 5.911019491531581e-08
45350.056 5.6047976547222816e-08
45400.056 1.311847233590157e-07
45450.056 1.003153502570104e-07
45500.056 1.2290775084971108e-07
45550.056 1.268028679329437e-07
45600.056 1.1577124696103234e-07
45650.056 9.15622220406015e-08
45700.056 6.252008112859912e-08
45750.056 6.114617684610093e-08
45800.056 1.3888076005898805e-07
45850.056 1.1231751259449111e-07
45900.056 1.3653870835998405e-07
45950.056 1.1645687183199683e-07
46000.056 1.2828482123625832e-07
46050.056 9.694242749621499e-08
46100.056 1.4688077262497394e-07
46150.056 9.177458589251489e-08
46200.056 7.908150822558968e-08
46250.056 3.6243753039422416e-08
46300.056 9.440434266560218e-08
46350.056 9.850791948021717e-08
46400.056 8.19342731380002e-08
46450.056 7.700939045762769e-08
46500.056 9.608636129162634e-08
46550.056 5.1897576380203487e-08
46600.056 7.8770001726631e-08
46650.056 1.1827738707200558e-07
46700.056 7.578068711597583e-08
46750.056 4.5468599970285965e-08
46800.056 2.988132465114675e-08
46850.056 1.2211649170202664e-07
46900.056 1.068862964829965e-07
46950.056 1.0730990933399252e-07
47000.056 1.0814289304002587e-07
47050.056 7.836879371228238e-08
47100.056 5.506833110764917e-08
47150.056 8.024678477931011e-08
47200.056 9.43762255575957e-08
47250.056 6.170556008469648e-08
47300.056 4.041255341694749e-08
47350.056 1.200773124499903e-07
47400.056 9.536749330399423e-08
47450.056 9.092835139503963e-08
47500.056 1.2042365300892599e-07
47550.056 1.0293505373801536e-07
47600.056 9.902787175150189e-08
47650.056 9.878429728921706e-08
47700.056 7.933906387390913e-08
47750.056 5.962434970860472e-08
47800.056 5.202138178920603e-08
47850.056 2.8622334704676984e-08
47900.056 4.347689657541133e-08
47950.056 8.425377758021364e-08
48000.056 1.2226568438902303e-07
48050.056 1.0631599057101018e-07
48100.056 4.607005656466728e-08
48150.056 8.442459130200195e-08
48200.056 5.742041662354085e-08
48250.056 6.642774110200048e-08
48300.056 1.0907821016497675e-07
48350.056 6.472771546700176e-08
48400.056 2.2063737226327555e-08
48450.056 4.529761477252459e-08
48500.056 7.035907703398253e-08
48550.056 7.057840920032705e-08
48600.056 8.517878363899806e-08
48650.056 1.0283322940697896e-07
48700.056 7.13917698835557e-08
48750.056 5.028786842172987e-08
48800.056 1.0240950448119496e-07
48850.056 5.513879021499108e-08
48900.056 8.014388087892994e-08
48950.056 4.4147090633804156e-08
49000.056 2.177355496678854e-08
49050.056 6.473455361029229e-08
49100.056 8.628929800471878e-08
49150.056 6.214085772114631e-08
49200.056 1.0474550835302533e-07
49250.056 1.0005027368101427e-07
49300.056 8.522538193280046e-08
49350.056 3.42946680419671e-08
49400.056 4.985483383128559e-08
49450.056 5.212326247106745e-08
49500.056 3.916878331009654e-08
49550.056 1.0480451267551041e-08
49600.056 2.760317459973453e-08
49650.056 5.787687951380078e-08
49700.056 5.898232258567473e-08
49750.056 6.157813206269629e-08
49800.056 4.157900757927127e-08
49850.056 8.497465084342512e-08
49900.056 6.478239523018637e-08
49950.056 6.762178560440655e-08
50000.056 5.297581646208129e-08
50050.056 6.41152864650029e-08
50100.056 5.0070077851699575e-08
50150.056 2.620787546769384e-08
50200.056 5.464105897988072e-09
50250.056 3.1527779464996466e-08
50300.056 2.0137639229603456e-08
50350.056 6.129106933070787e-08
50400.056 5.7323340078230956e-08
50450.056 4.606108660154472e-08
50500.056 6.589708501050772e-08
50550.056 5.68697917641084e-08
50600.056 4.260870246578752e-08
50650.056 7.124501154801356e-08
50700.056 7.021969096397114e-08
50750.056 4.657085585620587e-08
50800.056 1.8055487878450218e-08
50850.056 1.0852389571735603e-08
50900.056 5.378331513340013e-08
50950.056 4.250559178900106e-08
51000.056 3.833790352279303e-08
51050.056 5.231367824799482e-08
51100.056 2.1398763112028147e-08
51150.056 2.65705590393123e-08
51200.056 6.865558903799847e-08
51250.056 4.380415956177242e-08
51300.056 3.387353984337826e-08
51350.056 3.161519416630192e-08
51400.056 1.1706191693144725e-08
51450.056 9.197011658341796e-09
51500.056 9.486586232218512e-09
51550.056 3.545652028982406e-08
51600.056 2.635977723126906e-08
51650.056 3.261530735169174e-08
51700.056 3.481373652832679e-08
51750.056 2.349558632643145e-08
51800.056 3.971717305699623e-08
51850.056 3.3661841212195716e-08
51900.056 4.4319167906794336e-08
51950.056 2.6810353976195883e-08
52000.056 3.4605481635956496e-09
52050.056 1.5731105057642277e-08
52100.056 9.760545544299125e-09
52150.056 5.81383576599163e-09
52200.056 1.4423555888989903e-08
52250.056 2.0910465614109404e-08
52300.056 2.9388193416157614e-08
52350.056 1.2059182658415954e-08
52400.056 1.1376846408921102e-08
52450.056 3.747113300180371e-08
52500.056 2.8046123527293033e-08
52550.056 3.122406879069693e-08
52600.056 2.3698255999598374e-08
52650.056 2.8667554196802423e-08
52700.056 2.1872138246399456e-08
52750.056 9.292899059672017e-09
52800.056 1.6283277625102073e-08
52850.056 1.7978932188465453e-08
52900.056 8.9181941406579e-09
52950.056 1.381306588414127e-08
53000.056 2.2239046918507006e-08
53050.056 8.821449412657472e-09
53100.056 2.3691011685692464e-08
53150.056 2.605978296563685e-08
53200.056 1.2965098368852525e-08
53250.056 2.584575505878836e-08
53300.056 3.169168291877224e-08
53350.056 2.380263032356938e-08
53400.056 1.557623527359427e-08
53450.056 6.169061083657974e-09
53500.056 1.1647132393436512e-09
53550.056 3.3812341787779762e-09
53600.056 1.4447908680055372e-08
