galfind/configs/Brown_Dwarf_templates/sonora_bobcat/m+0.5/31g/sp_t1000g31nc_m+0.5_resample.dat
# %ECSV 1.0
# ---
# datatype:
# - {name: wav, unit: Angstrom, datatype: float64}
# - {name: flux_nu, unit: erg / (cm2 Hz s), datatype: float64}
# meta: {C/O: '1.00', Kzz: '1.0000E+05', Teff: '1000.', Y: '0.28', '[Fe/H]': '0.50', f_hole: '1.00', f_rain: '0.00', grav: '32.'}
# schema: astropy-2.0
wav flux_nu
[from data line 498]
28900.056 1.267395300933963e-07
28950.056 2.0410317179332457e-07
29000.056 1.6637809236445816e-07
29050.056 1.7129971043494132e-07
29100.056 1.386511177065231e-07
29150.056 1.961949710172916e-07
29200.056 1.640154496478417e-07
29250.056 2.1180926290010587e-07
29300.056 1.525181788825014e-07
29350.056 2.5102969062400455e-07
29400.056 1.7650230019435778e-07
29450.056 1.9362221464276994e-07
29500.056 2.0177266484817016e-07
29550.056 1.896508289946932e-07
29600.056 2.0974269282184367e-07
29650.056 2.0343448856066158e-07
29700.056 1.6170644701000064e-07
29750.056 2.14688399680219e-07
29800.056 2.204203277468925e-07
29850.056 2.1964348926226896e-07
29900.056 1.9969871907079595e-07
29950.056 2.1691913914854595e-07
30000.056 2.0930099744549152e-07
30050.056 1.910100508419826e-07
30100.056 1.7182769821312734e-07
30150.056 2.3250774379298002e-07
30200.056 1.8429277160339155e-07
30250.056 2.2963814779906943e-07
30300.056 1.940523648820079e-07
30350.056 1.7191465264001155e-07
30400.056 1.9782680437300384e-07
30450.056 1.5953067327311977e-07
30500.056 1.2616055290842143e-07
30550.056 1.3613755453261026e-07
30600.056 1.4398569828699066e-07
30650.056 1.2109942617796477e-07
30700.056 1.2634566768558073e-07
30750.056 1.1339632584548451e-07
30800.056 9.782553606581719e-08
30850.056 8.871368637056209e-08
30900.056 9.038644097228505e-08
30950.056 7.892232692612261e-08
31000.056 6.957454732160169e-08
31050.056 7.260773655600719e-08
31100.056 5.739554321399139e-08
31150.056 6.208260432989636e-08
31200.056 6.777216198701017e-08
31250.056 5.0912885900488376e-08
31300.056 5.058081754569392e-08
31350.056 4.852814711959918e-08
31400.056 4.160458709990034e-08
31450.056 4.15080404229931e-08
31500.056 3.654111882888941e-08
31550.056 3.976004270800033e-08
31600.056 3.319967391459555e-08
31650.056 3.2130490667699226e-08
31700.056 3.071459170759382e-08
31750.056 2.865309229031101e-08
31800.056 3.208758146309505e-08
31850.056 3.119688360570231e-08
31900.056 3.2804935368896306e-08
31950.056 2.3840734755702754e-08
32000.056 2.8847501619696886e-08
32050.056 3.047742222250022e-08
32100.056 3.1210901733607724e-08
32150.056 3.060469013609404e-08
32200.056 2.8682029372600586e-08
32250.056 3.309379154340271e-08
32300.056 2.9553611766502947e-08
32350.056 3.503164192879161e-08
32400.056 2.7902014777693432e-08
32450.056 3.349943148188903e-08
32500.056 3.405496662260327e-08
32550.056 3.075262006069683e-08
32600.056 3.5774068253002615e-08
32650.056 4.6611920692992384e-08
32700.056 4.1616150174005874e-08
32750.056 4.4015875723704604e-08
32800.056 4.234766253200314e-08
32850.056 4.53575202879906e-08
32900.056 5.1045538963991e-08
32950.056 5.259782437699458e-08
33000.056 4.488297099208424e-08
33050.056 4.078160751302176e-08
33100.056 2.6670046908997713e-08
33150.056 2.2386007996998878e-08
33200.056 1.7237995255001234e-08
33250.056 1.2301944837998602e-08
33300.056 1.2070506802000428e-08
33350.056 1.3980095625999722e-08
33400.056 1.6384849609996616e-08
33450.056 2.0190200512999994e-08
33500.056 2.6187726126008805e-08
33550.056 2.7965194454008123e-08
33600.056 3.6849540548995585e-08
33650.056 3.8152029082993674e-08
33700.056 3.6578215860994384e-08
33750.056 4.479547648400706e-08
33800.056 4.6096532831999584e-08
33850.056 4.7674503705993516e-08
33900.056 4.18986955840009e-08
33950.056 4.101356804399881e-08
34000.056 4.8207573534015055e-08
34050.056 3.704364056498345e-08
34100.056 4.803555407699179e-08
34150.056 4.500843730899879e-08
34200.056 3.9801706846987135e-08
34250.056 4.3657989025976124e-08
34300.056 4.271771623797945e-08
34350.056 3.4356086857999093e-08
34400.056 3.6023053781995545e-08
34450.056 4.138033316999404e-08
34500.056 4.000107481200137e-08
34550.056 3.989212139000204e-08
34600.056 4.691837234599583e-08
34650.056 4.3742148447997734e-08
34700.056 4.256751317199735e-08
34750.056 4.4643259470990326e-08
34800.056 4.3894477297989466e-08
34850.056 4.179516068101312e-08
34900.056 4.9516477073987787e-08
34950.056 4.847524738499032e-08
35000.056 6.036481768901746e-08
35050.056 4.51874937739896e-08
35100.056 5.122514249500441e-08
35150.056 4.973843511899999e-08
35200.056 5.5196680155994754e-08
35250.056 6.338962369198626e-08
35300.056 5.9524687604011196e-08
35350.056 5.448502725698473e-08
35400.056 5.926527708800618e-08
35450.056 4.51266720080168e-08
35500.056 6.987388197200248e-08
35550.056 7.049724615898793e-08
35600.056 6.045984248302416e-08
35650.056 6.809932415399319e-08
35700.056 6.458396122699265e-08
35750.056 7.549423348898706e-08
35800.056 9.821246839799898e-08
35850.056 6.783189842798954e-08
35900.056 8.319006211899706e-08
35950.056 7.771938704998892e-08
36000.056 8.045418628601646e-08
36050.056 7.592258494998052e-08
36100.056 8.322007322495306e-08
36150.056 8.237227937298245e-08
36200.056 8.714132044497965e-08
36250.056 8.727050138096833e-08
36300.056 9.351813581400657e-08
36350.056 9.313474904100679e-08
36400.056 8.950256114599341e-08
36450.056 1.0812789095701432e-07
36500.056 1.1302555726898825e-07
36550.056 1.0985405850102865e-07
36600.056 1.268920569780096e-07
36650.056 1.2948040739497108e-07
36700.056 1.3921612824898712e-07
36750.056 1.45495666115076e-07
36800.056 1.451187361149987e-07
36850.056 1.4872716747696312e-07
36900.056 1.4800445557597691e-07
36950.056 1.7185819008497697e-07
37000.056 1.6956844087099266e-07
37050.056 1.6219708019897334e-07
37100.056 1.898912945190003e-07
37150.056 1.6081907295800247e-07
37200.056 1.8064282481298967e-07
37250.056 1.9562932507597046e-07
37300.056 1.7307374178493216e-07
37350.056 1.709843541670386e-07
37400.056 2.412515677119919e-07
37450.056 2.0495831014903176e-07
37500.056 2.061578932649682e-07
37550.056 2.2765833852611548e-07
37600.056 2.3931579405200114e-07
37650.056 2.098671982499856e-07
37700.056 2.7604861668403506e-07
37750.056 2.2359868823498962e-07
37800.056 2.3762922280717235e-07
37850.056 2.0595508648800825e-07
37900.056 2.0947849634907855e-07
37950.056 2.370646546869483e-07
38000.056 2.846487241830239e-07
38050.056 2.8860244598604853e-07
38100.056 2.473779306560653e-07
38150.056 3.151633060429821e-07
38200.056 3.302847903920806e-07
38250.056 3.137553828420365e-07
38300.056 3.6522913475796815e-07
38350.056 3.8871069808999755e-07
38400.056 2.932877642959037e-07
38450.056 3.280047948809923e-07
38500.056 2.524479234400438e-07
38550.056 3.371698869600344e-07
38600.056 3.6734288751202384e-07
38650.056 3.326140179739637e-07
38700.056 3.629095623599804e-07
38750.056 3.863751870640311e-07
38800.056 3.4133210691175856e-07
38850.056 3.276986214640205e-07
38900.056 4.0422600288606895e-07
38950.056 3.9599218982596717e-07
39000.056 4.036476922019871e-07
39050.056 3.8892728545993e-07
39100.056 4.012628108230819e-07
39150.056 3.8811172667499835e-07
39200.056 4.411548817479944e-07
39250.056 4.6819513106982727e-07
39300.056 4.0727265593777147e-07
39350.056 4.785562437760049e-07
39400.056 4.593114266261016e-07
39450.056 4.5926455541696695e-07
39500.056 4.312535591951081e-07
39550.056 4.757652351470526e-07
39600.056 4.846663882608238e-07
39650.056 4.904722349499944e-07
39700.056 4.972442386799932e-07
39750.056 4.429880340960431e-07
39800.056 5.01690644669812e-07
39850.056 5.370048228399734e-07
39900.056 5.238832887300932e-07
39950.056 5.171055190418325e-07
40000.056 5.804248209601156e-07
40050.056 5.272068728980271e-07
40100.056 5.366935915520037e-07
40150.056 5.633497321638769e-07
40200.056 5.662944994898071e-07
40250.056 5.24618419959826e-07
40300.056 5.29384841765079e-07
40350.056 5.933468194600824e-07
40400.056 6.199625858939682e-07
40450.056 6.133452565061612e-07
40500.056 5.747813248300595e-07
40550.056 6.143556569439235e-07
40600.056 5.751395636501059e-07
40650.056 5.499894646148493e-07
40700.056 6.663889181949984e-07
40750.056 5.978149824698292e-07
40800.056 5.333892242248306e-07
40850.056 6.182735837401379e-07
40900.056 5.991010717920621e-07
40950.056 5.874174902240332e-07
41000.056 6.08893059840051e-07
41050.056 6.563175080399193e-07
41100.056 5.87897358100039e-07
41150.056 5.353229260289386e-07
41200.056 6.335278657199192e-07
41250.056 5.908407349949679e-07
41300.056 5.27836466619864e-07
41350.056 6.819317835000847e-07
41400.056 6.42703459640166e-07
41450.056 6.396189886402261e-07
41500.056 5.928662027009666e-07
41550.056 5.999360702110375e-07
41600.056 6.807807070480473e-07
41650.056 6.35830532040083e-07
41700.056 5.661577275098101e-07
41750.056 5.748114584899402e-07
41800.056 5.570561975499351e-07
41850.056 4.614009653930515e-07
41900.056 4.915380248339751e-07
41950.056 4.026326124201195e-07
42000.056 4.1488798618607565e-07
42050.056 3.8158965188391866e-07
42100.056 4.5649846231004706e-07
42150.056 3.437838128738662e-07
42200.056 3.4579936972299453e-07
42250.056 3.3574523667598163e-07
42300.056 2.966158403830381e-07
42350.056 3.6562501494608937e-07
42400.056 3.0152769976507297e-07
42450.056 2.9109186638003455e-07
42500.056 3.006979267370262e-07
42550.056 3.0320253108699943e-07
42600.056 2.8300070877908747e-07
42650.056 2.5872396010390696e-07
42700.056 2.8790733423107276e-07
42750.056 2.703006166699767e-07
42800.056 2.557248506001204e-07
42850.056 2.899610456499165e-07
42900.056 2.8649302097803037e-07
42950.056 2.8116095168786727e-07
43000.056 2.755699064520059e-07
43050.056 2.5472400280413015e-07
43100.056 2.8758409437003514e-07
43150.056 2.598240854760668e-07
43200.056 2.934676588980521e-07
43250.056 2.7927583733593976e-07
43300.056 2.859742120020069e-07
43350.056 2.8122051139999747e-07
43400.056 2.784058169369994e-07
43450.056 2.7612359375205337e-07
43500.056 2.5738977268197865e-07
43550.056 2.9132770340601114e-07
43600.056 2.91012534204007e-07
43650.056 2.767293690770408e-07
43700.056 2.892800308699022e-07
43750.056 2.835486486410848e-07
43800.056 2.5937331830399106e-07
43850.056 2.878842221400665e-07
43900.056 2.950689734299867e-07
43950.056 2.6540974133106543e-07
44000.056 2.71678525011047e-07
44050.056 3.078864844800526e-07
44100.056 3.157257169600386e-07
44150.056 2.958010988079043e-07
44200.056 2.875674851969625e-07
44250.056 3.071132441889933e-07
44300.056 2.94945615067032e-07
44350.056 2.8452983952704785e-07
44400.056 3.1010486260599666e-07
44450.056 3.133382812079852e-07
44500.056 3.4087757074000043e-07
44550.056 3.242934261299451e-07
44600.056 3.146559194310382e-07
44650.056 3.297850405690673e-07
44700.056 3.095463316900196e-07
44750.056 3.426034364129739e-07
44800.056 3.58871322700012e-07
44850.056 3.337698385300683e-07
44900.056 3.239281060100277e-07
44950.056 3.2405673240800763e-07
45000.056 3.5502730892996907e-07
45050.056 3.518404828949852e-07
45100.056 3.60023554687981e-07
45150.056 3.515928316179711e-07
45200.056 3.3258702181003135e-07
45250.056 3.4049972091993093e-07
45300.056 3.4646816102404033e-07
45350.056 3.633032997399767e-07
45400.056 3.706898532100327e-07
45450.056 3.364978018389386e-07
45500.056 3.5113455427798165e-07
45550.056 3.8311575405995554e-07
45600.056 3.6417187137999557e-07
45650.056 3.2105509010093294e-07
45700.056 3.8137100979905275e-07
45750.056 3.3368877377499265e-07
45800.056 3.534902734899922e-07
45850.056 4.070945503999767e-07
45900.056 4.0863593917002315e-07
45950.056 3.5128709274401257e-07
46000.056 3.9981636601300486e-07
46050.056 3.8390547539703764e-07
46100.056 3.547398011390291e-07
46150.056 3.7950527092999377e-07
46200.056 3.8806396521406326e-07
46250.056 3.316586627159734e-07
46300.056 4.1707376924398443e-07
46350.056 3.61889919579976e-07
46400.056 3.6565004684998417e-07
46450.056 3.853335909700524e-07
46500.056 3.565650127689921e-07
46550.056 4.292093784299703e-07
46600.056 4.0163708393001623e-07
46650.056 5.045449710099069e-07
46700.056 4.584943038301474e-07
46750.056 3.635329937079671e-07
46800.056 3.897338560690498e-07
46850.056 4.4819082622007157e-07
46900.056 4.2420398097993065e-07
46950.056 4.572570145100314e-07
47000.056 3.8740247951998774e-07
47050.056 4.456454953678716e-07
47100.056 3.48652664047054e-07
47150.056 3.795377167860261e-07
47200.056 4.1431070857805434e-07
47250.056 3.707557482999843e-07
47300.056 3.6926978023392363e-07
47350.056 3.63141795419939e-07
47400.056 4.323616135799312e-07
47450.056 3.7256699909199834e-07
47500.056 4.351728809089158e-07
47550.056 3.781827284999662e-07
47600.056 4.174847556399622e-07
47650.056 3.1403975839391547e-07
47700.056 4.343868028770768e-07
47750.056 3.0341276867104795e-07
47800.056 4.2615642503995523e-07
47850.056 3.2862825264594157e-07
47900.056 4.09074320989993e-07
47950.056 3.165257518800401e-07
48000.056 4.597364466000412e-07
48050.056 3.7491853113803094e-07
48100.056 3.9096041123599895e-07
48150.056 3.7958021578004974e-07
48200.056 4.196401612100491e-07
48250.056 3.600047308879879e-07
48300.056 4.376847635698445e-07
48350.056 3.2857910305000594e-07
48400.056 3.8379607396198054e-07
48450.056 3.634030699600691e-07
48500.056 4.735875241400029e-07
48550.056 3.3807080267201927e-07
48600.056 4.156643197599881e-07
48650.056 3.601173761799693e-07
48700.056 4.029239743170145e-07
48750.056 3.1700837196006745e-07
48800.056 4.909025643280012e-07
48850.056 3.43290046439943e-07
48900.056 4.4413618579003386e-07
48950.056 4.1478434058004814e-07
49000.056 3.4997821626791123e-07
49050.056 4.209263177700126e-07
49100.056 3.908458926900432e-07
49150.056 4.0985903032100656e-07
49200.056 4.0864401922000194e-07
49250.056 4.290883555700319e-07
49300.056 3.6996238716797806e-07
49350.056 3.6267680466501914e-07
49400.056 4.26019107580022e-07
49450.056 3.8213788427911123e-07
49500.056 3.8807794125997195e-07
49550.056 3.258221040000251e-07
49600.056 3.8845293644209775e-07
49650.056 4.012404637899831e-07
49700.056 3.535669438029162e-07
49750.056 4.562206929499099e-07
49800.056 3.824121275620199e-07
49850.056 4.909968542700814e-07
49900.056 3.8788445695401995e-07
49950.056 4.253150871599418e-07
50000.056 4.0676125756992626e-07
50050.056 4.292480382800251e-07
50100.056 4.166405766559753e-07
50150.056 3.408712406999862e-07
50200.056 2.847686457659911e-07
50250.056 4.1855957354996404e-07
50300.056 3.8023503209999695e-07
50350.056 4.7153984334801e-07
50400.056 4.049762829499848e-07
50450.056 3.820063556460813e-07
50500.056 4.468849627900681e-07
50550.056 3.916774814400035e-07
50600.056 4.175701675959731e-07
50650.056 4.3450307823010685e-07
50700.056 4.6569352538985037e-07
50750.056 4.674402375280679e-07
50800.056 3.41645574148968e-07
50850.056 3.7115961576808887e-07
50900.056 4.5810884963000815e-07
50950.056 4.129696322301051e-07
51000.056 4.806843458290576e-07
51050.056 3.740428778200364e-07
51100.056 3.398816648449626e-07
51150.056 4.1636417506693414e-07
51200.056 4.603817326499906e-07
51250.056 4.2036442897289326e-07
51300.056 3.7486534421919605e-07
51350.056 3.722166666599478e-07
51400.056 3.1143513894295046e-07
51450.056 2.669563257849171e-07
51500.056 3.403146302450593e-07
51550.056 4.967718182320557e-07
51600.056 3.6189744485205683e-07
51650.056 3.924501401899512e-07
51700.056 3.7455430767888334e-07
51750.056 3.3198151108906484e-07
51800.056 4.1517057855988905e-07
51850.056 4.2276974177999525e-07
51900.056 4.7084862659613803e-07
51950.056 4.2516155626995365e-07
52000.056 3.023181106369903e-07
52050.056 3.9613683481302616e-07
52100.056 3.3605923871992305e-07
52150.056 3.3975757191402414e-07
52200.056 3.0610594883498004e-07
52250.056 3.461253820650283e-07
52300.056 4.3414290925998455e-07
52350.056 4.194020274640391e-07
52400.056 3.010656913380118e-07
52450.056 3.8888954445001873e-07
52500.056 4.076952628099066e-07
52550.056 4.295666319898616e-07
52600.056 3.7748476580007105e-07
52650.056 4.147773409041104e-07
52700.056 3.865546291359958e-07
52750.056 3.0341884375897205e-07
52800.056 3.547684438100411e-07
52850.056 3.3901624464392944e-07
52900.056 3.556290484980698e-07
52950.056 3.62886814121962e-07
53000.056 4.093666002719727e-07
53050.056 3.1322694509288594e-07
53100.056 3.0901204562890385e-07
53150.056 4.3963239181004537e-07
53200.056 2.935696570909984e-07
53250.056 4.424326451500217e-07
53300.056 4.1863035316820517e-07
53350.056 4.139069376299634e-07
53400.056 4.1890508647005643e-07
53450.056 3.0912286852003453e-07
53500.056 2.5705419818191353e-07
