galfind/configs/Brown_Dwarf_templates/sonora_bobcat/m+0.5/31g/sp_t200g31nc_m+0.5_resample.dat
# %ECSV 1.0
# ---
# datatype:
# - {name: wav, unit: Angstrom, datatype: float64}
# - {name: flux_nu, unit: erg / (cm2 Hz s), datatype: float64}
# meta: {C/O: '1.00', Kzz: '1.0000E+05', Teff: '200.', Y: '0.28', '[Fe/H]': '0.50', f_hole: '1.00', f_rain: '0.00', grav: '32.'}
# schema: astropy-2.0
wav flux_nu
[from data line 499]
28950.056 7.333899863882232e-16
29000.056 4.900551138060529e-16
29050.056 9.990840662438977e-16
29100.056 4.602560437759105e-17
29150.056 1.1842032080029418e-17
29200.056 4.9917347103185234e-15
29250.056 9.198360445472168e-16
29300.056 8.023284375494169e-17
29350.056 9.559408171535405e-16
29400.056 1.3588596602866514e-15
29450.056 1.5563083820390904e-16
29500.056 1.934644854996963e-15
29550.056 9.476581118654037e-16
29600.056 9.505533640196412e-17
29650.056 1.0283885147221525e-15
29700.056 1.2455675534172588e-15
29750.056 6.5693971998954084e-15
29800.056 4.223586782563218e-16
29850.056 2.506041906325184e-15
29900.056 4.865272736541649e-16
29950.056 5.8001805406931715e-16
30000.056 9.213251274874444e-19
30050.056 2.2679717982721513e-16
30100.056 1.4811128166849712e-15
30150.056 2.1167564239126053e-15
30200.056 6.7850655659977304e-15
30250.056 2.3899937274092314e-15
30300.056 3.1134629620261156e-15
30350.056 2.4198765779493794e-15
30400.056 8.054832417049902e-15
30450.056 2.017305192940633e-14
30500.056 1.1171028848910059e-15
30550.056 8.545726915783083e-16
30600.056 1.3841328040272607e-13
30650.056 3.434040679475573e-14
30700.056 3.65565099597638e-16
30750.056 6.53172686089043e-15
30800.056 7.643180238550311e-14
30850.056 5.436011051800862e-14
30900.056 1.2982336012772259e-14
30950.056 9.43500444131134e-15
31000.056 1.01373198225393e-14
31050.056 9.105752558271054e-16
31100.056 7.75461194753945e-16
31150.056 3.727542633928241e-15
31200.056 4.8281183699221396e-14
31250.056 6.414701257605281e-14
31300.056 2.7244225277543277e-15
31350.056 5.3143852409595674e-14
31400.056 8.258770268884424e-14
31450.056 3.6578118820045673e-14
31500.056 6.110018169236039e-15
31550.056 2.5222240298926426e-14
31600.056 2.960240751202134e-14
31650.056 1.7588541477590378e-14
31700.056 7.337231569347113e-15
31750.056 5.0565299272094055e-15
31800.056 5.429187661201642e-15
31850.056 3.1459746637283436e-16
31900.056 1.1345822111968576e-15
31950.056 6.697056709071549e-16
32000.056 3.1652990656525367e-16
32050.056 2.1532186129849656e-16
32100.056 2.086547158654044e-16
32150.056 6.112862633073338e-17
32200.056 1.6724900171951555e-17
32250.056 4.121240045763447e-17
32300.056 4.670426962500948e-18
32350.056 1.3390466389049425e-17
32400.056 7.219434736090277e-19
32450.056 6.8439372353902985e-18
32500.056 4.409477601909258e-19
32550.056 3.0402946066837688e-18
32600.056 1.0991728513655501e-19
32650.056 4.743781874759778e-18
32700.056 1.6141506198392883e-19
32750.056 1.1938590409867874e-17
32800.056 2.456826221828642e-18
32850.056 8.811055678822879e-17
32900.056 2.8763750460418144e-17
32950.056 9.173849990671359e-17
33000.056 2.1769664290647192e-17
33050.056 7.337556464316571e-18
33100.056 1.1989704833974093e-18
33150.056 1.5194117757185823e-21
33200.056 1.0600077372839287e-18
33250.056 1.576149573561501e-18
33300.056 3.855163686916679e-17
33350.056 8.283908644679645e-18
33400.056 1.231028354642855e-16
33450.056 3.327672074667395e-18
33500.056 5.388580502311994e-17
33550.056 7.292018493692725e-18
33600.056 3.0283763253146685e-17
33650.056 4.6868797259926785e-17
33700.056 4.653343560742934e-18
33750.056 6.885934451933321e-17
33800.056 2.7723904354442885e-18
33850.056 3.9512023240280194e-17
33900.056 5.135999167541374e-17
33950.056 7.714497800733266e-17
34000.056 2.8382667827825095e-16
34050.056 4.206318036193356e-17
34100.056 4.1302634621045474e-16
34150.056 1.916205595452318e-16
34200.056 1.1922942137603587e-15
34250.056 1.7339902161763886e-16
34300.056 3.78971190872518e-16
34350.056 8.065818851944456e-15
34400.056 4.1071062560481237e-16
34450.056 2.4963460959415433e-15
34500.056 4.469673475047885e-16
34550.056 4.69952790187857e-15
34600.056 3.261293247159622e-14
34650.056 1.6764319292586746e-16
34700.056 6.320673815062855e-15
34750.056 2.36104128041737e-15
34800.056 1.7942715808910377e-15
34850.056 7.079023305972294e-15
34900.056 9.912389807529728e-16
34950.056 2.1052168462700883e-14
35000.056 1.2629388814291323e-14
35050.056 3.80146615699074e-14
35100.056 3.7888519427463023e-14
35150.056 4.399624317257312e-14
35200.056 6.72115370970809e-14
35250.056 1.1593972327272407e-13
35300.056 8.172572286682904e-15
35350.056 7.747338526152923e-16
35400.056 5.394807421369168e-16
35450.056 9.948446095247412e-16
35500.056 9.00404860691618e-15
35550.056 3.9430591453949755e-15
35600.056 2.6664892674136712e-14
35650.056 6.76101483677101e-14
35700.056 9.763711453161816e-14
35750.056 1.407608586276484e-14
35800.056 6.939599451117702e-15
35850.056 3.1446953341049174e-15
35900.056 6.6809457098995344e-15
35950.056 1.8983740148521926e-14
36000.056 3.431326932874857e-14
36050.056 3.093009066087882e-14
36100.056 2.316317172901001e-14
36150.056 5.394945920224939e-13
36200.056 1.1859215629160686e-13
36250.056 3.4752299114023646e-14
36300.056 3.9857774552268396e-13
36350.056 3.3547044179639754e-13
36400.056 2.4325439089353195e-13
36450.056 1.990299495854155e-13
36500.056 1.3744310779365286e-13
36550.056 1.059051795414754e-12
36600.056 6.069574162633212e-13
36650.056 2.1003089693226416e-13
36700.056 8.399697767463661e-13
36750.056 1.1694170943120353e-12
36800.056 1.7261887667413e-12
36850.056 1.8462253123493023e-13
36900.056 2.923247619221216e-13
36950.056 2.032358405182527e-12
37000.056 1.312723928025767e-12
37050.056 1.946639639314425e-12
37100.056 1.7439484660944145e-13
37150.056 4.2002316499197976e-13
37200.056 3.897012143585646e-12
37250.056 2.060729405991135e-12
37300.056 2.032169527204679e-13
37350.056 3.203617605327205e-13
37400.056 5.28658121990979e-13
37450.056 2.0268161561652306e-13
37500.056 6.002275186106057e-13
37550.056 2.7216897808661437e-12
37600.056 8.054806765258337e-12
37650.056 4.5333391639511983e-13
37700.056 1.1306246097626016e-12
37750.056 1.6732441316889938e-12
37800.056 6.857897166626705e-13
37850.056 3.673977141427106e-13
37900.056 2.03931848337589e-13
37950.056 6.652703754405248e-13
38000.056 6.671810587353092e-13
38050.056 3.833414219620472e-12
38100.056 4.026640298947444e-12
38150.056 1.0539357644972072e-11
38200.056 5.553976766166211e-12
38250.056 1.3724610749624584e-11
38300.056 2.8530097961298176e-11
38350.056 4.018309296867324e-12
38400.056 2.42438375892644e-13
38450.056 3.841834550931057e-14
38500.056 1.3532447099143775e-13
38550.056 2.158293692116519e-12
38600.056 3.8909155943604846e-12
38650.056 3.00847867074712e-12
38700.056 1.8546097551575593e-13
38750.056 1.7920799311552197e-12
38800.056 1.390753039881064e-12
38850.056 3.742259776658406e-12
38900.056 4.97149074668728e-12
38950.056 1.405448217897719e-12
39000.056 1.2020906234937425e-11
39050.056 4.611175820538264e-13
39100.056 2.2113167278363018e-12
39150.056 1.1606368268832036e-11
39200.056 4.6438516299247845e-12
39250.056 1.0788380427440316e-11
39300.056 3.17541643884171e-12
39350.056 1.852349725370321e-11
39400.056 3.377393967204183e-12
39450.056 1.3257356535302935e-11
39500.056 1.1344139839971319e-11
39550.056 1.6218541071760305e-12
39600.056 1.7182305973803884e-11
39650.056 1.4652687291944184e-11
39700.056 2.4832466951169153e-11
39750.056 3.958874694734452e-12
39800.056 2.7860747299130897e-12
39850.056 1.4253697667392797e-11
39900.056 4.4925955147297627e-11
39950.056 4.859052383552282e-12
40000.056 1.409777424840351e-11
40050.056 1.9447015091163967e-11
40100.056 3.84100559711401e-12
40150.056 2.0161158606886387e-11
40200.056 2.5467060452908155e-11
40250.056 3.2940220193056215e-11
40300.056 4.421889386491708e-11
40350.056 1.1199951574373179e-11
40400.056 1.0666820760411018e-11
40450.056 2.4152332884386015e-12
40500.056 4.451077293332514e-11
40550.056 4.2949319281923456e-11
40600.056 3.847071340007599e-11
40650.056 1.3773436131656264e-11
40700.056 1.8327231658517126e-11
40750.056 1.9202680117468273e-11
40800.056 9.6657058644877e-12
40850.056 1.0281961749702956e-10
40900.056 8.23655561493058e-11
40950.056 6.337712211564431e-11
41000.056 1.981648954067213e-11
41050.056 9.841584171442518e-11
41100.056 8.158207710515905e-11
41150.056 7.675008550552446e-12
41200.056 1.7024564146752534e-10
41250.056 6.55369024212366e-11
41300.056 4.3006108157084446e-11
41350.056 1.8962516265703086e-10
41400.056 1.1572243304750055e-10
41450.056 1.943086393031074e-10
41500.056 8.434521173311779e-11
41550.056 4.43554276083424e-11
41600.056 6.042242888290653e-11
41650.056 2.1838371446450168e-10
41700.056 3.01445969140587e-10
41750.056 2.2726992690364796e-10
41800.056 1.7182633139873331e-10
41850.056 1.7084375782566102e-10
41900.056 6.241013419982377e-11
41950.056 6.565851335162147e-11
42000.056 1.5158578591166503e-12
42050.056 1.251957038530791e-11
42100.056 2.3319328209593182e-11
42150.056 4.329283880034559e-11
42200.056 1.512024277796642e-10
42250.056 9.135372725490893e-11
42300.056 5.900406732077687e-11
42350.056 2.2223659881479533e-10
42400.056 4.207631718501085e-10
42450.056 6.086514589701123e-10
42500.056 7.122284744539856e-10
42550.056 4.750531832879135e-10
42600.056 3.219662663471814e-10
42650.056 4.918771756799805e-10
42700.056 8.585457240777644e-11
42750.056 6.314755285621305e-10
42800.056 1.4857139604801712e-09
42850.056 1.234513348069795e-09
42900.056 8.675955334981802e-10
42950.056 9.597085529150984e-10
43000.056 1.1755713286520927e-09
43050.056 3.6701162098185184e-10
43100.056 4.704633887731856e-10
43150.056 5.856377160660484e-10
43200.056 1.6666203191501486e-09
43250.056 1.476137327864449e-09
43300.056 1.5900617081100858e-09
43350.056 8.672968594595755e-10
43400.056 1.122096111002109e-09
43450.056 3.9149720453196363e-10
43500.056 2.227274638506301e-10
43550.056 4.646382340349982e-10
43600.056 1.365075408440233e-09
43650.056 7.504639078161128e-10
43700.056 1.649185161265832e-09
43750.056 2.1498003738195528e-09
43800.056 1.1079442395137353e-09
43850.056 9.599478524106085e-10
43900.056 4.676880879237792e-10
43950.056 3.6437701625412226e-10
44000.056 5.736093614909003e-10
44050.056 2.0360126540550035e-09
44100.056 2.3056403461200064e-09
44150.056 2.3925633765997682e-09
44200.056 2.2314527141701252e-09
44250.056 8.043980634015817e-10
44300.056 5.724565269992573e-10
44350.056 4.80140342541327e-10
44400.056 3.5387040511786154e-10
44450.056 1.4780549665783059e-09
44500.056 1.4891406947101249e-09
44550.056 1.9428798271799768e-09
44600.056 1.4901380754399093e-09
44650.056 1.1131311231263265e-09
44700.056 9.65702668420747e-10
44750.056 2.191993204950229e-09
44800.056 8.140916226892413e-10
44850.056 9.350971867504591e-10
44900.056 1.4309560607700588e-09
44950.056 1.8879424299504662e-09
45000.056 3.0183121028001263e-09
45050.056 1.7693593668296873e-09
45100.056 1.7596055515199184e-09
45150.056 1.0756265195497265e-09
45200.056 8.763026912750737e-10
45250.056 1.147821334045721e-09
45300.056 1.1500429157940855e-09
45350.056 5.652741613851615e-10
45400.056 3.479958852000396e-09
45450.056 1.8120051319380482e-09
45500.056 3.4975891420402505e-09
45550.056 3.3883273410791698e-09
45600.056 2.145234368000374e-09
45650.056 2.0676509650899464e-09
45700.056 1.0725965778759384e-09
45750.056 9.9369562666214e-10
45800.056 2.974882242740127e-09
45850.056 1.5406255625442441e-09
45900.056 3.4055878097797756e-09
45950.056 4.288363978949769e-09
46000.056 3.1727646715503135e-09
46050.056 1.7062490747883626e-09
46100.056 4.85135828599975e-09
46150.056 2.2574338144300215e-09
46200.056 1.4829485164156934e-09
46250.056 3.950428601059949e-10
46300.056 1.897954664070024e-09
46350.056 1.5973771818562059e-09
46400.056 1.7536726285701e-09
46450.056 1.3470327471779403e-09
46500.056 2.0219683249701997e-09
46550.056 7.137654515308812e-10
46600.056 8.66162531000889e-10
46650.056 2.0020423295900825e-09
46700.056 1.2543871481596712e-09
46750.056 3.35430390671028e-10
46800.056 1.7919265771899822e-10
46850.056 1.53613142702029e-09
46900.056 2.362902462319909e-09
46950.056 2.7415727854899014e-09
47000.056 2.9804457765902554e-09
47050.056 1.23603861014762e-09
47100.056 1.0482846076800825e-09
47150.056 1.899577166078215e-09
47200.056 2.029331137619786e-09
47250.056 7.303741499358252e-10
47300.056 4.999560140921548e-10
47350.056 2.0555717085003076e-09
47400.056 2.384827259599754e-09
47450.056 9.962894735619483e-10
47500.056 2.1070814889562994e-09
47550.056 2.4049768219299944e-09
47600.056 1.2350311062077998e-09
47650.056 1.5544783079719712e-09
47700.056 1.1618404138011945e-09
47750.056 1.0009860945899948e-09
47800.056 5.424800057200727e-10
47850.056 1.8495203594403586e-10
47900.056 3.792318208470275e-10
47950.056 1.3733256571000635e-09
48000.056 1.8379783153898115e-09
48050.056 1.2940914434600657e-09
48100.056 5.652866321140794e-10
48150.056 1.264532432090051e-09
48200.056 4.5400502228388487e-10
48250.056 7.292295704700473e-10
48300.056 1.571870456759978e-09
48350.056 7.046876456298829e-10
48400.056 1.3170775024196983e-10
48450.056 2.2126536392405258e-10
48500.056 4.401663814659335e-10
48550.056 5.609335648251102e-10
48600.056 1.5735802368898293e-09
48650.056 2.0231792807898997e-09
48700.056 1.2771989009502681e-09
48750.056 1.483857567059986e-09
48800.056 1.6004992983700404e-09
48850.056 6.282116845929002e-10
48900.056 4.147263774049472e-10
48950.056 2.0180059721999398e-10
49000.056 1.4911900996102716e-10
49050.056 5.537417453819344e-10
49100.056 1.0082505256601872e-09
49150.056 8.409542400791439e-10
49200.056 1.743280853170176e-09
49250.056 1.5533037340497996e-09
49300.056 1.0524702356199525e-09
49350.056 3.3475146096712235e-10
49400.056 4.812266440458364e-10
49450.056 3.9768748024207574e-10
49500.056 2.6099386654794604e-10
49550.056 7.726983669799712e-11
49600.056 1.302626479750237e-10
49650.056 4.484793418401189e-10
49700.056 6.757627858999155e-10
49750.056 3.7425926894500145e-10
49800.056 2.3901349510903424e-10
49850.056 7.723564212301021e-10
49900.056 9.866088472499653e-10
49950.056 8.97194185999987e-10
50000.056 3.1595876829491163e-10
50050.056 3.446058879360479e-10
50100.056 3.542047985099784e-10
50150.056 1.404669192439773e-10
50200.056 4.460834696640296e-11
50250.056 1.4239372394100415e-10
50300.056 1.0693424163001284e-10
50350.056 4.125256277700638e-10
50400.056 6.043502691898921e-10
50450.056 6.714762367601275e-10
50500.056 9.153637143369823e-10
50550.056 9.405511943700154e-10
50600.056 4.3926503829095004e-10
50650.056 1.022991039190069e-09
50700.056 7.528083742399394e-10
50750.056 3.7356707825998635e-10
50800.056 1.1852809868357604e-10
50850.056 7.429868182901574e-11
50900.056 2.895759515100335e-10
50950.056 3.696416399699661e-10
51000.056 2.354285791290186e-10
51050.056 5.45300865540002e-10
51100.056 1.954586876549752e-10
51150.056 1.5072961393502815e-10
51200.056 5.494303316600163e-10
51250.056 4.33526601645932e-10
51300.056 2.959661058630218e-10
51350.056 1.6881898763796706e-10
51400.056 7.650007527301164e-11
51450.056 7.514991818178551e-11
51500.056 7.733634330761662e-11
51550.056 1.7643917650800744e-10
51600.056 2.4273874357606495e-10
51650.056 4.0403073827002024e-10
51700.056 3.3678509298793274e-10
51750.056 2.328192805810455e-10
51800.056 4.65074963099994e-10
51850.056 3.660231289099834e-10
51900.056 2.656658036699789e-10
51950.056 1.5772016947998774e-10
52000.056 4.832980340999424e-11
52050.056 9.260359285427793e-11
52100.056 7.231591489600207e-11
52150.056 4.995110673181395e-11
52200.056 1.32216596130007e-10
52250.056 1.7447680320502049e-10
52300.056 1.706231067419928e-10
52350.056 7.856789660059536e-11
52400.056 9.056945514599755e-11
52450.056 2.1538147451001376e-10
52500.056 1.4429559991398676e-10
52550.056 2.638920903200052e-10
52600.056 3.054924552740015e-10
52650.056 3.135902039999815e-10
52700.056 2.09932565850977e-10
52750.056 6.82492121365943e-11
52800.056 1.2803384120400744e-10
52850.056 1.3890936434298513e-10
52900.056 6.811187782258565e-11
52950.056 9.852376361701111e-11
53000.056 1.4530222908902595e-10
53050.056 9.47068439379939e-11
53100.056 2.029440254349836e-10
53150.056 8.50226212173715e-11
53200.056 4.878717099840386e-11
53250.056 6.153647513488616e-11
53300.056 1.2923786257434994e-10
53350.056 1.050669727287586e-10
53400.056 9.654212224697024e-11
53450.056 5.6277418399191426e-11
53500.056 1.8829120227703032e-11
53550.056 3.556956575160425e-11
53600.056 7.417943689832194e-11
