galfind/configs/Brown_Dwarf_templates/sonora_bobcat/m+0.5/31g/sp_t1100g31nc_m+0.5_resample.dat
# %ECSV 1.0
# ---
# datatype:
# - {name: wav, unit: Angstrom, datatype: float64}
# - {name: flux_nu, unit: erg / (cm2 Hz s), datatype: float64}
# meta: {C/O: '1.00', Kzz: '1.0000E+05', Teff: '1100.', Y: '0.28', '[Fe/H]': '0.50', f_hole: '1.00', f_rain: '0.00', grav: '32.'}
# schema: astropy-2.0
wav flux_nu
4000.0559999999996 nan
4050.0559999999996 4.907660445458346e-12
4100.056 6.453171392439758e-11
4150.056 9.807236403001068e-11
4200.056 8.199015355983976e-11
4250.056 1.183436381350364e-10
4300.056 1.2993875223401844e-10
4350.056 1.4000629467300933e-10
4400.056 1.655227935450178e-10
4450.056 1.7250595869400064e-10
4500.056 1.7782199518301131e-10
4550.056 2.1371467556858379e-10
4600.056 2.415264251469623e-10
4650.056 2.2919815782097628e-10
4700.056 2.5604569554000833e-10
4750.056 2.1734747567099857e-10
4800.056 1.086145438729987e-10
4850.056 4.2205291029998556e-11
4900.056 1.684827056119974e-11
4950.056 6.175129796599919e-12
5000.056 1.636532997409977e-12
5050.056 5.284757088999948e-13
5100.056 4.045268614399982e-13
5150.056 3.4118238944999543e-13
5200.056 2.881346697100008e-13
5250.056 2.384083709999992e-13
5300.056 1.9781765842999959e-13
5350.056 1.6844386955999973e-13
5400.056 1.471262012799997e-13
5450.056 1.3035077492999965e-13
5500.056 1.168537371899999e-13
5550.056 1.061739417999999e-13
5600.056 9.721229424799983e-14
5650.056 8.875168710399992e-14
5700.056 8.031923590099997e-14
5750.056 7.057230022799982e-14
5800.056 5.880496182199986e-14
5850.056 4.104203313099956e-14
5900.056 1.412541240140179e-14
5950.056 7.83457417210015e-14
6000.056 1.6577300925500028e-13
6050.056 3.1526063817000355e-13
6100.056 5.699715648400048e-13
6150.056 1.0098393024700078e-12
6200.056 1.769143687900013e-12
6250.056 3.064300438500024e-12
6300.056 5.232665116000041e-12
6350.056 8.797739641500067e-12
6400.056 1.4513403501000086e-11
6450.056 2.335551982100006e-11
6500.056 3.678420473900028e-11
6550.056 5.6797970948000336e-11
6600.056 8.650239678400078e-11
6650.056 1.2955602599000064e-10
6700.056 1.463156353782049e-10
6750.056 2.6594396632000127e-10
6800.056 3.572933870300005e-10
6850.056 4.066958956500003e-10
6900.056 3.8502315336000393e-10
6950.056 3.426336787199975e-10
7000.056 3.4544041750000403e-10
7050.056 3.78793658489996e-10
7100.056 4.2052007642000016e-10
7150.056 4.2938227654199253e-10
7200.056 4.195548582980077e-10
7250.056 3.982516368799776e-10
7300.056 3.5219190595699814e-10
7350.056 3.053475196489925e-10
7400.056 2.6195001905000597e-10
7450.056 2.1382054300000287e-10
7500.056 1.6548018323999895e-10
7550.056 1.1858329751399908e-10
7600.056 7.820196066699916e-11
7650.056 1.6114378697231123e-11
7700.056 9.439301893000515e-12
7750.056 6.404476865300155e-11
7800.056 1.3365540509832255e-10
7850.056 3.0254927492000267e-10
7900.056 5.097501302000038e-10
7950.056 6.353803422601292e-10
8000.056 1.218839128020017e-09
8050.056 1.7235381626000484e-09
8100.056 2.232404398860011e-09
8150.056 2.9351984414069697e-09
8200.056 3.861449448200298e-09
8250.056 5.003873300084336e-09
8300.056 6.376852919080486e-09
8350.056 8.01114460144115e-09
8400.056 9.945058206869761e-09
8450.056 1.2519423536619218e-08
8500.056 1.353898317410237e-08
8550.056 1.7627550176200313e-08
8600.056 2.1470740162800028e-08
8650.056 2.2925203253498664e-08
8700.056 2.6296794528997057e-08
8750.056 3.0492044761002015e-08
8800.056 3.604509945800405e-08
8850.056 4.176425241999696e-08
8900.056 4.248755521179752e-08
8950.056 3.737162693149978e-08
9000.056 5.080197951170831e-08
9050.056 6.22353400946105e-08
9100.056 6.946639023848086e-08
9150.056 6.840240499452071e-08
9200.056 7.739121696280324e-08
9250.056 7.533331653082855e-08
9300.056 4.076874410942566e-08
9350.056 4.4707149222743496e-08
9400.056 5.247249538677859e-08
9450.056 6.550233570052144e-08
9500.056 6.624161446365766e-08
9550.056 7.503943907952155e-08
9600.056 6.979296885345442e-08
9650.056 7.70172252239656e-08
9700.056 8.232175719279715e-08
9750.056 8.31190737899289e-08
9800.056 8.963813801814381e-08
9850.056 1.0100231783622835e-07
9900.056 1.0730267599134231e-07
9950.056 1.097515029035925e-07
10000.056 1.054033909319591e-07
10050.056 1.2399280617400527e-07
10100.056 1.4855026078495113e-07
10150.056 1.7177742222694671e-07
10200.056 1.9804242033097146e-07
10250.056 2.157805851879705e-07
10300.056 2.3574985507901902e-07
10350.056 2.7180943133798573e-07
10400.056 3.0414627558397323e-07
10450.056 3.1352707115600176e-07
10500.056 3.0122604905000773e-07
10550.056 3.038829572900363e-07
10600.056 3.197199829749933e-07
10650.056 3.4884498631300215e-07
10700.056 3.666749089030334e-07
10750.056 3.977366335622139e-07
10800.056 4.252592858898061e-07
10850.056 4.3768828307813023e-07
10900.056 3.480783027832685e-07
10950.056 2.1449750584488445e-07
11000.056 2.0813645030234348e-07
11050.056 1.913344668320431e-07
11100.056 1.6829385551447893e-07
11150.056 1.3905165909124202e-07
11200.056 1.3433247194637567e-07
11250.056 1.539523215988658e-07
11300.056 1.5189658534334028e-07
11350.056 9.222040440542395e-08
11400.056 1.1722348471686573e-07
11450.056 1.1789086954574318e-07
11500.056 1.3599125452636246e-07
11550.056 1.0353840756405405e-07
11600.056 1.1740004502656077e-07
11650.056 1.26514784334507e-07
11700.056 1.1324110075428904e-07
11750.056 9.324057407838575e-08
11800.056 1.2462649180465745e-07
11850.056 1.6544246939888353e-07
11900.056 1.738376179154446e-07
11950.056 2.2444547055555695e-07
12000.056 2.4668021600671197e-07
12050.056 2.841212049218111e-07
12100.056 3.070788095917991e-07
12150.056 3.520302714683377e-07
12200.056 3.956350961802658e-07
12250.056 4.322073752402156e-07
12300.056 4.7580713586200686e-07
12350.056 5.030041747950635e-07
12400.056 5.320831894469987e-07
12450.056 5.202030899390683e-07
12500.056 5.657566324359778e-07
12550.056 5.956531362480641e-07
12600.056 6.868707720520309e-07
12650.056 6.836364922739648e-07
12700.056 7.256278504701421e-07
12750.056 7.272570922306519e-07
12800.056 7.561159051261174e-07
12850.056 7.042334960243232e-07
12900.056 6.494530488800791e-07
12950.056 6.790405486202671e-07
13000.056 6.255476471671631e-07
13050.056 6.080459905741821e-07
13100.056 5.725529108626138e-07
13150.056 5.16948551474088e-07
13200.056 4.6849376151048973e-07
13250.056 3.9288176146532553e-07
13300.056 2.3829407505068604e-07
13350.056 9.22017807903864e-08
13400.056 6.740224000957336e-08
13450.056 4.664069465019095e-08
13500.056 4.044815999698369e-08
13550.056 3.427301532574383e-08
13600.056 2.4855603191880068e-08
13650.056 3.750994062517424e-08
13700.056 3.152277802207369e-08
13750.056 3.0197132318693425e-08
13800.056 3.6236992199025386e-08
13850.056 3.4016415964151e-08
13900.056 3.51115054077678e-08
13950.056 3.353565048200585e-08
14000.056 3.236636970083536e-08
14050.056 3.3169849027245384e-08
14100.056 2.9230292138728156e-08
14150.056 3.3497215341405415e-08
14200.056 2.947029696519809e-08
14250.056 3.041372513046295e-08
14300.056 3.6723300486803666e-08
14350.056 3.508267865865393e-08
14400.056 4.1724806473747105e-08
14450.056 4.294854134152138e-08
14500.056 5.907256457349361e-08
14550.056 6.470843023129895e-08
14600.056 7.155911604372225e-08
14650.056 7.488404187949801e-08
14700.056 6.583714111864967e-08
14750.056 7.648539613241744e-08
14800.056 9.020102224603384e-08
14850.056 9.789302141191072e-08
14900.056 1.0317709634397831e-07
14950.056 1.0587065175014792e-07
15000.056 1.1482839894514234e-07
15050.056 1.315680547752615e-07
15100.056 1.4349121020982398e-07
15150.056 1.612756487330432e-07
15200.056 1.6247734000872115e-07
15250.056 1.7571757913955262e-07
15300.056 1.9505728457427642e-07
15350.056 2.0759840104515456e-07
15400.056 2.3030096527700936e-07
15450.056 2.5192105595123686e-07
15500.056 2.602204150869295e-07
15550.056 2.8852426877299535e-07
15600.056 2.760967109650164e-07
15650.056 3.0502116000203377e-07
15700.056 3.566751201752237e-07
15750.056 3.909785788529947e-07
15800.056 3.782335008482047e-07
15850.056 4.3783452680186995e-07
15900.056 4.3941528572510366e-07
15950.056 4.916649190558831e-07
16000.056 4.818616425390019e-07
16050.056 4.5621033734200807e-07
16100.056 4.606677816540573e-07
16150.056 4.281721660270518e-07
16200.056 4.057333170601317e-07
16250.056 4.094354760659207e-07
16300.056 3.884983780343182e-07
16350.056 4.190026094382403e-07
16400.056 4.717982283245943e-07
16450.056 4.900449367394658e-07
16500.056 5.384126617673057e-07
16550.056 5.271766994055403e-07
16600.056 5.12429882209768e-07
16650.056 5.049644183391943e-07
16700.056 3.7532444133668757e-07
16750.056 4.2377688115710054e-07
16800.056 5.55480848456424e-07
16850.056 5.414967746121229e-07
16900.056 5.231793248357695e-07
16950.056 4.694486959271381e-07
17000.056 4.0224117234906233e-07
17050.056 4.5295008073123535e-07
17100.056 4.3803512770688825e-07
17150.056 3.644708816983887e-07
17200.056 3.6823744729388155e-07
17250.056 3.2667695153176793e-07
17300.056 2.940289689415561e-07
17350.056 2.564563983793362e-07
17400.056 2.8260084702470097e-07
17450.056 2.550747059373483e-07
17500.056 2.554238904012836e-07
17550.056 2.521493109986645e-07
17600.056 2.3469099175760733e-07
17650.056 2.247581041789625e-07
17700.056 1.6726262026628967e-07
17750.056 1.5268533529405947e-07
17800.056 1.9013524076431052e-07
17850.056 1.4403343411159137e-07
17900.056 1.377304259173289e-07
17950.056 1.2912666832377665e-07
18000.056 1.2982707102220392e-07
18050.056 1.2514362831566885e-07
18100.056 1.2364210746829774e-07
18150.056 1.5907575584219499e-07
18200.056 1.0902971967578519e-07
18250.056 1.598235862724388e-07
18300.056 1.4184520611733295e-07
18350.056 1.1918153160445822e-07
18400.056 1.2403670832875084e-07
18450.056 1.1814277065287659e-07
18500.056 1.2611397398692589e-07
18550.056 1.1437658095508597e-07
18600.056 9.684523672535238e-08
18650.056 1.0812408573313818e-07
18700.056 1.1420016674890806e-07
18750.056 1.1914821011805494e-07
18800.056 1.406010978328233e-07
18850.056 1.618913098425279e-07
18900.056 1.5680177439697486e-07
18950.056 1.7582803045613074e-07
19000.056 1.7520909556078578e-07
19050.056 1.5875642135353116e-07
19100.056 1.8880037331769307e-07
19150.056 1.8652409388743772e-07
19200.056 1.9066537283595682e-07
19250.056 1.765093324699563e-07
19300.056 1.8267541521876077e-07
19350.056 1.6267791201165136e-07
19400.056 1.3816275795256492e-07
19450.056 1.845010817149486e-07
19500.056 1.7695279891396736e-07
19550.056 1.3914567336930875e-07
19600.056 1.7897503989099365e-07
19650.056 1.8392005735732333e-07
19700.056 1.8758111198860828e-07
19750.056 1.8064875154397238e-07
19800.056 1.8979627340842518e-07
19850.056 2.1195855225874934e-07
19900.056 1.7724587595972146e-07
19950.056 2.327086876138324e-07
20000.056 2.05179334832852e-07
20050.056 2.2603810074089177e-07
20100.056 2.5214206843250775e-07
20150.056 2.505892991121267e-07
20200.056 2.6880570243100293e-07
20250.056 2.942315678420944e-07
20300.056 2.959879138747543e-07
20350.056 3.2647127640810477e-07
20400.056 3.189517019641632e-07
20450.056 3.6623642272689876e-07
20500.056 3.7076089382957155e-07
20550.056 3.7393952677003257e-07
20600.056 4.2616351340519286e-07
20650.056 4.200282385932333e-07
20700.056 4.3837938212609024e-07
20750.056 4.70048472737884e-07
20800.056 4.890201325030824e-07
20850.056 4.827022397899385e-07
20900.056 5.090460277038668e-07
20950.056 5.204411553599719e-07
21000.056 5.449729549400953e-07
21050.056 5.481202503299863e-07
21100.056 5.481889968399885e-07
21150.056 5.888348848869617e-07
21200.056 5.659421133570201e-07
21250.056 5.943460472059084e-07
21300.056 5.426925673468193e-07
21350.056 6.000720772159712e-07
21400.056 5.520098469832101e-07
21450.056 5.991982640279876e-07
21500.056 5.445839320130439e-07
21550.056 5.358174772010095e-07
21600.056 5.269111938042161e-07
21650.056 4.851544414700811e-07
21700.056 5.223815300489653e-07
21750.056 4.5782839881460374e-07
21800.056 4.202848467618384e-07
21850.056 3.92951831329028e-07
21900.056 3.4280961818793335e-07
21950.056 2.5596016618849944e-07
22000.056 1.555509979549472e-07
22050.056 1.0274415539355008e-07
22100.056 1.324323217115481e-07
22150.056 1.7850843793330764e-07
22200.056 1.9796407147374728e-07
22250.056 1.8595041300529484e-07
22300.056 1.6915502074687122e-07
22350.056 1.5703910039286097e-07
22400.056 1.3103887832671876e-07
22450.056 1.1369158180520978e-07
22500.056 1.1076268261225754e-07
22550.056 9.17169277217941e-08
22600.056 9.790876249342102e-08
22650.056 9.407842420137674e-08
22700.056 8.453307457928351e-08
22750.056 8.802332142953873e-08
22800.056 7.357568835846347e-08
22850.056 6.675192387034528e-08
22900.056 6.04234313234749e-08
22950.056 4.9476875837188145e-08
23000.056 6.012079301450219e-08
23050.056 7.869034053027741e-08
23100.056 1.0491198000791657e-07
23150.056 1.1871952500611477e-07
23200.056 5.337759456211479e-08
23250.056 5.046820475421126e-08
23300.056 4.374197161672445e-08
23350.056 4.255337518669363e-08
23400.056 4.6270971632122e-08
23450.056 4.9066777679596964e-08
23500.056 5.390912068631697e-08
23550.056 6.286454298562381e-08
23600.056 6.770733236009957e-08
23650.056 8.354101535267867e-08
23700.056 6.602758821408336e-08
23750.056 5.3397704497216795e-08
23800.056 4.7322728710709564e-08
23850.056 5.3982542132801466e-08
23900.056 7.545530491750097e-08
23950.056 8.86332318240474e-08
24000.056 9.086546594345258e-08
24050.056 1.1001232023194515e-07
24100.056 9.925712899994643e-08
24150.056 1.0861206541627662e-07
24200.056 1.1219514917303201e-07
24250.056 9.896546272280173e-08
24300.056 1.0999120290174126e-07
24350.056 9.424951842668893e-08
24400.056 1.1618219310933929e-07
24450.056 1.0940828989769409e-07
24500.056 1.1031832468326088e-07
24550.056 1.2241917645385948e-07
24600.056 1.287529097798154e-07
24650.056 1.4610596321050396e-07
24700.056 1.2036450645553838e-07
24750.056 1.3002408747366892e-07
24800.056 1.2836793597472817e-07
24850.056 1.5526016765162067e-07
24900.056 1.210361452179051e-07
24950.056 1.5960598307789505e-07
25000.056 1.4881133241262838e-07
25050.056 1.2126946032359546e-07
25100.056 1.4747507569099227e-07
25150.056 1.2207210734787844e-07
25200.056 1.399805145279916e-07
25250.056 1.2765708208481613e-07
25300.056 1.523835208841116e-07
25350.056 1.1741289931091104e-07
25400.056 1.4932344097334335e-07
25450.056 1.2173712013937177e-07
25500.056 1.240107707088241e-07
25550.056 1.2177828175297786e-07
25600.056 1.1562268095859802e-07
25650.056 1.0682423231628477e-07
25700.056 1.3823224042923528e-07
25750.056 9.748192331953645e-08
25800.056 1.3476823358081222e-07
25850.056 1.068415910010648e-07
25900.056 1.2055401049276723e-07
25950.056 1.0366904213293062e-07
26000.056 1.4363144189584027e-07
26050.056 1.3788232088045222e-07
26100.056 1.423875285636852e-07
26150.056 1.3363963296709157e-07
26200.056 1.3752470974818665e-07
26250.056 1.5257493335517775e-07
26300.056 1.45242749980628e-07
26350.056 1.6967131332274383e-07
26400.056 1.77058363706041e-07
26450.056 1.8590311352104176e-07
26500.056 1.9037881315311298e-07
26550.056 1.5551957785138628e-07
26600.056 1.8656900479543815e-07
26650.056 1.305266681619927e-07
26700.056 1.2883021182702383e-07
26750.056 1.1030024542693481e-07
26800.056 1.4214718755696755e-07
26850.056 1.0893238933597355e-07
26900.056 1.534512401580168e-07
26950.056 1.0902864385598297e-07
27000.056 1.5498830249801654e-07
27050.056 1.3128420239904304e-07
27100.056 1.3119781515997546e-07
27150.056 1.5908073430802764e-07
27200.056 1.4329145765306886e-07
27250.056 1.4882323154109081e-07
27300.056 1.850196880629985e-07
27350.056 1.7452945793396548e-07
27400.056 1.3109347832798032e-07
27450.056 2.111471939548993e-07
27500.056 1.9475862201990303e-07
27550.056 1.5890876512400364e-07
27600.056 2.1184594793295197e-07
27650.056 1.503798785079534e-07
27700.056 1.416530462510587e-07
27750.056 2.0020010044188298e-07
27800.056 1.3893417078593305e-07
27850.056 1.5823039552885972e-07
27900.056 1.6930851109603532e-07
27950.056 2.0868079809301732e-07
28000.056 1.917599243580858e-07
28050.056 1.3153192629503146e-07
28100.056 2.1802971573907608e-07
28150.056 1.6970839776505187e-07
28200.056 1.3975163663204108e-07
28250.056 2.0104047025902343e-07
28300.056 2.4102008711897755e-07
28350.056 1.6546069432095394e-07
28400.056 1.8175801281098325e-07
28450.056 2.0525390732491556e-07
28500.056 2.0242237137695304e-07
28550.056 1.3581737808694216e-07
28600.056 2.3660404583794992e-07
28650.056 2.2112563962992247e-07
28700.056 2.0807321455396968e-07
28750.056 2.40094789360035e-07
