galfind/configs/Brown_Dwarf_templates/sonora_bobcat/m+0.5/31g/sp_t2100g31nc_m+0.5_resample.dat
# %ECSV 1.0
# ---
# datatype:
# - {name: wav, unit: Angstrom, datatype: float64}
# - {name: flux_nu, unit: erg / (cm2 Hz s), datatype: float64}
# meta: {C/O: '1.00', Kzz: '1.0000E+05', Teff: '2100.', Y: '0.28', '[Fe/H]': '0.50', f_hole: '1.00', f_rain: '0.00', grav: '32.'}
# schema: astropy-2.0
wav flux_nu
4000.0559999999996 nan
4050.0559999999996 8.033923991511881e-09
4100.056 7.237215896968474e-09
4150.056 5.202016901691185e-09
4200.056 3.7360328973902535e-09
4250.056 3.191636926332105e-09
4300.056 1.9183864800706905e-09
4350.056 2.2378312548497826e-09
4400.056 2.122883575540518e-09
4450.056 1.1470413537100546e-09
4500.056 1.3797233333101553e-09
4550.056 1.7687687625894452e-09
4600.056 1.497125608249636e-09
4650.056 1.1302416386403017e-09
4700.056 1.3674786621905003e-09
4750.056 1.8834641457693344e-09
4800.056 1.3371999758500843e-09
4850.056 1.6835429597504927e-09
4900.056 3.730104316979204e-09
4950.056 4.5243768786804494e-09
5000.056 2.3398241529402916e-09
5050.056 2.9653562502710384e-09
5100.056 6.89206137522123e-09
5150.056 8.223639026552827e-09
5200.056 4.01139501489037e-09
5250.056 4.997494632539584e-09
5300.056 6.1626579356505146e-09
5350.056 5.727868912181011e-09
5400.056 6.662487391699775e-09
5450.056 5.583616443479108e-09
5500.056 4.691779650359307e-09
5550.056 6.5279948090991685e-09
5600.056 5.0473422760001374e-09
5650.056 4.628951290800371e-09
5700.056 6.081345360500479e-09
5750.056 6.572408099399438e-09
5800.056 8.3596140622997e-09
5850.056 6.077039944500382e-09
5900.056 1.4981194642582332e-09
5950.056 5.4902384680001315e-09
6000.056 8.202747021699688e-09
6050.056 1.2132152406000897e-08
6100.056 1.54250530927003e-08
6150.056 1.5453195930996963e-08
6200.056 9.046488423200441e-09
6250.056 9.955242300900667e-09
6300.056 1.3715428080800289e-08
6350.056 1.7675813574100977e-08
6400.056 2.2110137918001296e-08
6450.056 2.923802957409204e-08
6500.056 2.8263212606994045e-08
6550.056 3.5379362612989934e-08
6600.056 2.8871296808003058e-08
6650.056 2.4013153413102747e-08
6700.056 2.038963568199321e-08
6750.056 2.3878531613002586e-08
6800.056 2.699985698600051e-08
6850.056 3.4874745004998673e-08
6900.056 4.6367630634998574e-08
6950.056 6.159816650398904e-08
7000.056 8.748650854299026e-08
7050.056 7.961372488701047e-08
7100.056 4.6070277229995466e-08
7150.056 3.5167828419005036e-08
7200.056 4.861195934199654e-08
7250.056 7.023529219500545e-08
7300.056 1.1910784193902218e-07
7350.056 1.811907518719947e-07
7400.056 2.413019691150096e-07
7450.056 2.7025091495194084e-07
7500.056 3.1125885998799743e-07
7550.056 3.6352534428901354e-07
7600.056 2.581254518849785e-07
7650.056 1.0157387521442148e-07
7700.056 7.487046445053697e-08
7750.056 1.4806400205504184e-07
7800.056 1.7106972362084641e-07
7850.056 1.7792052233299312e-07
7900.056 2.0092079670503746e-07
7950.056 2.0720127069442342e-07
8000.056 2.477089403769618e-07
8050.056 3.6517054761893206e-07
8100.056 5.456002463201471e-07
8150.056 7.987008591200722e-07
8200.056 6.597985739038945e-07
8250.056 6.513217086799961e-07
8300.056 5.076735317601501e-07
8350.056 5.40587008740186e-07
8400.056 5.545831729701127e-07
8450.056 3.074951296399035e-07
8500.056 2.72327828291122e-07
8550.056 3.430560758500185e-07
8600.056 4.2143471722984085e-07
8650.056 5.511004958199706e-07
8700.056 6.715928342502149e-07
8750.056 8.520711255389955e-07
8800.056 1.1341604265503206e-06
8850.056 1.1009293028201112e-06
8900.056 7.706067987999018e-07
8950.056 8.366230967758531e-07
9000.056 1.0377332426601706e-06
9050.056 1.1430116436095722e-06
9100.056 1.4431768250900924e-06
9150.056 1.6772914796200147e-06
9200.056 1.5695139609501257e-06
9250.056 9.520747150298009e-07
9300.056 7.825086096230712e-07
9350.056 8.992405803697895e-07
9400.056 1.0152326552502695e-06
9450.056 1.1377844721596659e-06
9500.056 1.378062638589786e-06
9550.056 1.5839820667864633e-06
9600.056 1.7066808615305122e-06
9650.056 1.954299669370592e-06
9700.056 2.1305334744396947e-06
9750.056 1.6689827664000037e-06
9800.056 1.878725383369872e-06
9850.056 1.856040706369902e-06
9900.056 1.9391067081300915e-06
9950.056 2.0517718006701095e-06
10000.056 2.1047726980498195e-06
10050.056 2.0046947414502445e-06
10100.056 2.3511120295410276e-06
10150.056 2.2575639039494314e-06
10200.056 2.4215941838893994e-06
10250.056 2.3981824087889984e-06
10300.056 2.4527230169495865e-06
10350.056 2.738947602549586e-06
10400.056 2.853326446010133e-06
10450.056 3.0748950002802235e-06
10500.056 3.011035912209372e-06
10550.056 3.0447591419805973e-06
10600.056 3.223767832540617e-06
10650.056 3.452360213229515e-06
10700.056 3.754111136090185e-06
10750.056 4.008231327900103e-06
10800.056 4.142411167979782e-06
10850.056 4.390630315499911e-06
10900.056 4.193193537749623e-06
10950.056 3.936167186898908e-06
11000.056 3.830592667750218e-06
11050.056 2.840434358789565e-06
11100.056 3.086096315463771e-06
11150.056 3.1992080048265136e-06
11200.056 3.2464588009220998e-06
11250.056 3.5922791567859052e-06
11300.056 3.6539096434202073e-06
11350.056 3.4443699533379227e-06
11400.056 3.28246108730021e-06
11450.056 3.6583687119188682e-06
11500.056 3.920029268549258e-06
11550.056 3.844203775545169e-06
11600.056 3.953801531146983e-06
11650.056 4.159312910270674e-06
11700.056 3.827258510382847e-06
11750.056 3.823596652939851e-06
11800.056 3.8219274910999775e-06
11850.056 4.18286919784021e-06
11900.056 4.195125454149023e-06
11950.056 4.365535775429703e-06
12000.056 4.340403681270369e-06
12050.056 4.5762936645007324e-06
12100.056 4.6502029935000486e-06
12150.056 4.908513693299872e-06
12200.056 5.095501364699802e-06
12250.056 5.289663181499245e-06
12300.056 5.4086415577009054e-06
12350.056 5.518647073600546e-06
12400.056 5.3257204513994305e-06
12450.056 4.740708065059957e-06
12500.056 5.112480682599227e-06
12550.056 5.138663026969905e-06
12600.056 5.092373203900057e-06
12650.056 5.374942361199487e-06
12700.056 5.542297152399479e-06
12750.056 5.5332240143005e-06
12800.056 5.860533737799406e-06
12850.056 5.832090640400158e-06
12900.056 5.827705922599773e-06
12950.056 6.048946390698651e-06
13000.056 6.131295868599133e-06
13050.056 6.171256112899633e-06
13100.056 6.105855072699095e-06
13150.056 6.125823180759761e-06
13200.056 5.939485552599441e-06
13250.056 5.687733656860154e-06
13300.056 5.038881276259238e-06
13350.056 3.57361529384846e-06
13400.056 3.423358004589733e-06
13450.056 3.0819441557797246e-06
13500.056 3.128210632458616e-06
13550.056 2.983932164558827e-06
13600.056 2.6446133177919224e-06
13650.056 2.7739112687200572e-06
13700.056 2.5077893169390768e-06
13750.056 2.4755618187243634e-06
13800.056 2.752382076419849e-06
13850.056 2.7933007464736417e-06
13900.056 2.744455496431034e-06
13950.056 2.6301931428577294e-06
14000.056 2.4737990746140376e-06
14050.056 2.4931016268999798e-06
14100.056 2.3192659698234482e-06
14150.056 2.255280615635375e-06
14200.056 2.1712418850685278e-06
14250.056 2.1500504314961506e-06
14300.056 2.1716062481916017e-06
14350.056 2.172774108871327e-06
14400.056 2.2853446522882573e-06
14450.056 2.4066190885321905e-06
14500.056 2.565172645098635e-06
14550.056 2.5837653970100406e-06
14600.056 2.648696733870878e-06
14650.056 2.6153530371191134e-06
14700.056 2.4595997398995665e-06
14750.056 2.5806474750604213e-06
14800.056 2.6322137460106905e-06
14850.056 2.7912766651092205e-06
14900.056 2.832818606059886e-06
14950.056 2.8496390101605094e-06
15000.056 2.9153120217306288e-06
15050.056 3.142401380469305e-06
15100.056 3.1388719052305473e-06
15150.056 3.2813904804402282e-06
15200.056 3.368035628119776e-06
15250.056 3.3641650519997363e-06
15300.056 3.535434300649909e-06
15350.056 3.607661669520212e-06
15400.056 3.706752780510101e-06
15450.056 3.857770567800377e-06
15500.056 3.914817876299241e-06
15550.056 4.1024372010198185e-06
15600.056 4.085915454800555e-06
15650.056 4.247457219000013e-06
15700.056 4.492680244301553e-06
15750.056 4.629877121499651e-06
15800.056 4.688799034000825e-06
15850.056 4.75071536130023e-06
15900.056 4.8365021013007205e-06
15950.056 4.988118344699862e-06
16000.056 5.092318988699528e-06
16050.056 5.251786437100106e-06
16100.056 5.35504665360029e-06
16150.056 5.4208932340004e-06
16200.056 5.550537453599511e-06
16250.056 5.656695912999964e-06
16300.056 5.6998650103000735e-06
16350.056 5.93159052299961e-06
16400.056 5.9598533116011436e-06
16450.056 6.09621733350034e-06
16500.056 6.210682486501031e-06
16550.056 6.3993764660995984e-06
16600.056 6.254184847000837e-06
16650.056 6.660525315200572e-06
16700.056 6.560587530598887e-06
16750.056 6.7037901727991625e-06
16800.056 6.851351525100347e-06
16850.056 6.811249534599675e-06
16900.056 6.744156157599768e-06
16950.056 6.682674797399722e-06
17000.056 6.61639503650104e-06
17050.056 6.527113617300273e-06
17100.056 6.203818933500079e-06
17150.056 6.048036339909287e-06
17200.056 5.701488692399794e-06
17250.056 5.53519671583989e-06
17300.056 5.6552160071094e-06
17350.056 5.373093549779597e-06
17400.056 5.570769583070356e-06
17450.056 5.240283171147466e-06
17500.056 5.079648931918852e-06
17550.056 5.083426979709846e-06
17600.056 4.909842746600288e-06
17650.056 4.961206869878758e-06
17700.056 4.546936064329257e-06
17750.056 4.340976127830318e-06
17800.056 4.303338421461054e-06
17850.056 4.195940202450632e-06
17900.056 4.133372780899943e-06
17950.056 4.029436048159029e-06
18000.056 3.764157946450187e-06
18050.056 3.8056673742720275e-06
18100.056 3.6593014835103456e-06
18150.056 3.942294801481427e-06
18200.056 3.4931071251602688e-06
18250.056 3.815058136579064e-06
18300.056 3.730856270639576e-06
18350.056 3.570344786910537e-06
18400.056 3.513356405830086e-06
18450.056 3.2592437350321182e-06
18500.056 3.292377493840816e-06
18550.056 3.1982526323502503e-06
18600.056 2.7745360026280735e-06
18650.056 3.1608406999408937e-06
18700.056 3.335552724870438e-06
18750.056 3.18269766126166e-06
18800.056 3.1916736658515014e-06
18850.056 3.587518719829706e-06
18900.056 3.4855940406386723e-06
18950.056 3.4275143468397815e-06
19000.056 3.651920929649171e-06
19050.056 3.590343642779982e-06
19100.056 3.594124972841433e-06
19150.056 3.760591784939617e-06
19200.056 3.7492872768511676e-06
19250.056 3.5905587292688153e-06
19300.056 3.6941336634792506e-06
19350.056 3.798629242559892e-06
19400.056 3.62010288123869e-06
19450.056 3.776382463630835e-06
19500.056 3.7826435542494807e-06
19550.056 3.4825220197210186e-06
19600.056 3.869490908499438e-06
19650.056 3.7749524538476713e-06
19700.056 3.8358262318605174e-06
19750.056 3.66359756703034e-06
19800.056 3.7627447797694006e-06
19850.056 3.707030380001997e-06
19900.056 3.5124774513114137e-06
19950.056 3.837372041509971e-06
20000.056 3.4580913612707984e-06
20050.056 3.5912748360714663e-06
20100.056 3.7534789995375405e-06
20150.056 3.6179306343207244e-06
20200.056 3.7062713852485866e-06
20250.056 3.861238628240471e-06
20300.056 3.830553804910249e-06
20350.056 3.838196352089794e-06
20400.056 3.7996820852980585e-06
20450.056 4.045684128889831e-06
20500.056 3.953320729360329e-06
20550.056 4.05553810408982e-06
20600.056 4.247052358040695e-06
20650.056 4.1296455804911605e-06
20700.056 4.275602991619919e-06
20750.056 4.316997506529256e-06
20800.056 4.451851799600394e-06
20850.056 4.472138091889924e-06
20900.056 4.601872633899693e-06
20950.056 4.654948525499859e-06
21000.056 4.862893751899591e-06
21050.056 4.840557453000274e-06
21100.056 4.920545772800001e-06
21150.056 5.157179738900331e-06
21200.056 5.110985557900576e-06
21250.056 5.315718963999373e-06
21300.056 5.182492960299741e-06
21350.056 5.49043248590033e-06
21400.056 5.348162199700504e-06
21450.056 5.7746053690000975e-06
21500.056 5.5460171166003284e-06
21550.056 5.67480733339964e-06
21600.056 5.833931138000598e-06
21650.056 5.819264773500565e-06
21700.056 6.0405292850996105e-06
21750.056 5.965846271299877e-06
21800.056 5.967340495099863e-06
21850.056 6.057915370199787e-06
21900.056 6.190442949600755e-06
21950.056 6.135500492100499e-06
22000.056 6.365637768099549e-06
22050.056 6.2044311722992155e-06
22100.056 6.382706770899809e-06
22150.056 6.439555661000589e-06
22200.056 6.2875158601014575e-06
22250.056 6.608726197400413e-06
22300.056 6.550567908899475e-06
22350.056 6.450941936200385e-06
22400.056 6.726495154600295e-06
22450.056 6.666391365499038e-06
22500.056 6.770163303899653e-06
22550.056 6.696799212098758e-06
22600.056 6.688228127599647e-06
22650.056 6.761056716681548e-06
22700.056 6.743071688651526e-06
22750.056 6.915928989399426e-06
22800.056 6.72779618122002e-06
22850.056 6.813301771060791e-06
22900.056 7.003760981969302e-06
22950.056 5.649756956460809e-06
23000.056 6.264914761190515e-06
23050.056 6.404639395078754e-06
23100.056 6.204759619710108e-06
23150.056 6.288820360631116e-06
23200.056 6.367109428990032e-06
23250.056 5.474884764858117e-06
23300.056 5.8399014226004854e-06
23350.056 5.898930692039871e-06
23400.056 5.745538671620123e-06
23450.056 5.904087208879735e-06
23500.056 5.596795686808477e-06
23550.056 5.148954960012075e-06
23600.056 5.332144671741394e-06
23650.056 5.6025908232991684e-06
23700.056 5.601605985898234e-06
23750.056 5.4890217585105405e-06
23800.056 5.440191253791146e-06
23850.056 4.697098680240447e-06
23900.056 5.062683345549315e-06
23950.056 5.150977025871869e-06
24000.056 4.91828693155945e-06
24050.056 4.808246972120914e-06
24100.056 4.473772626448508e-06
24150.056 4.352806286870744e-06
24200.056 4.435167238498581e-06
24250.056 4.36658548788102e-06
24300.056 4.100600612960156e-06
24350.056 4.004446944370036e-06
24400.056 4.2653810863696774e-06
24450.056 3.994176601650128e-06
24500.056 3.6737291495300243e-06
24550.056 3.6820658082693746e-06
24600.056 3.6597625064709146e-06
24650.056 3.918787686209364e-06
24700.056 3.4843857150098446e-06
24750.056 3.3359837630510875e-06
24800.056 3.208348981770586e-06
24850.056 3.57331703242018e-06
24900.056 3.0744476983720454e-06
24950.056 3.571172457439422e-06
25000.056 3.1753405188401408e-06
25050.056 2.8568542614807197e-06
25100.056 3.170392762179851e-06
25150.056 2.8401340032406475e-06
25200.056 3.0349537063690647e-06
25250.056 2.9634084686190893e-06
25300.056 2.9965136222102748e-06
25350.056 2.73186609797001e-06
25400.056 2.82844111265135e-06
25450.056 2.748259728740434e-06
25500.056 2.86296205445107e-06
25550.056 2.650176377410058e-06
25600.056 2.74870407645031e-06
25650.056 2.5638640220799504e-06
25700.056 2.9003547007185353e-06
25750.056 2.48432111409053e-06
25800.056 2.811529214490514e-06
25850.056 2.661630042959691e-06
25900.056 2.8187394487307774e-06
25950.056 2.6634303693704174e-06
26000.056 2.6968271933006798e-06
26050.056 3.0632199445104086e-06
26100.056 2.8150930158308484e-06
26150.056 2.8849291323590546e-06
26200.056 2.718159548050358e-06
26250.056 2.705722287051148e-06
26300.056 2.8123539929500554e-06
26350.056 2.641547988879455e-06
26400.056 2.752067798099161e-06
26450.056 2.6993071856104404e-06
26500.056 2.805989813508815e-06
26550.056 2.890380867049119e-06
26600.056 3.1754493686390034e-06
26650.056 2.7997050531192115e-06
26700.056 2.803997210519588e-06
26750.056 2.783449752668898e-06
26800.056 2.8792965464388318e-06
26850.056 2.754825935120373e-06
26900.056 3.059851773970187e-06
26950.056 2.393800622660388e-06
27000.056 2.9231825313011775e-06
27050.056 2.629633059759365e-06
27100.056 2.6160287987197447e-06
27150.056 2.6839673702996977e-06
27200.056 2.676211713230844e-06
27250.056 2.5198346237415167e-06
27300.056 2.5789126335298733e-06
27350.056 2.6312931092089283e-06
27400.056 2.434225616570199e-06
27450.056 2.7362991375687764e-06
27500.056 2.550751453490234e-06
27550.056 2.624686917260082e-06
27600.056 2.7032987642495628e-06
27650.056 2.3505864547397107e-06
27700.056 2.4320010613204966e-06
27750.056 2.7267479581780618e-06
27800.056 2.211414519419836e-06
27850.056 2.454020174718809e-06
27900.056 2.4285345121502115e-06
27950.056 2.626305028179596e-06
28000.056 2.627626077940646e-06
28050.056 2.2431868650904623e-06
28100.056 2.738519757541512e-06
28150.056 2.3439518025801708e-06
28200.056 2.1049903930203004e-06
28250.056 2.3796908771799717e-06
28300.056 2.6546287833606864e-06
28350.056 2.4843722252790654e-06
28400.056 2.3788653383200764e-06
28450.056 2.3323665633994657e-06
28500.056 2.443158637139549e-06
28550.056 2.168048232459229e-06
28600.056 2.622484036310329e-06
28650.056 2.5658642236195324e-06
28700.056 2.3736038429491968e-06
28750.056 2.536497904369801e-06
28800.056 2.46013077389047e-06
28850.056 2.5688206840701135e-06
