galfind/configs/Brown_Dwarf_templates/sonora_bobcat/m+0.5/31g/sp_t700g31nc_m+0.5_resample.dat
# %ECSV 1.0
# ---
# datatype:
# - {name: wav, unit: Angstrom, datatype: float64}
# - {name: flux_nu, unit: erg / (cm2 Hz s), datatype: float64}
# meta: {C/O: '1.00', Kzz: '1.0000E+05', Teff: '700.', Y: '0.28', '[Fe/H]': '0.50', f_hole: '1.00', f_rain: '0.00', grav: '32.'}
# schema: astropy-2.0
wav flux_nu
[from data line 499]
28950.056 2.07093761626928e-08
29000.056 1.57366163157234e-08
29050.056 1.7700713078654975e-08
29100.056 1.3219223372249304e-08
29150.056 2.1786000986139435e-08
29200.056 1.636418454345832e-08
29250.056 2.520195846969007e-08
29300.056 1.2696731258615214e-08
29350.056 3.6619348854357145e-08
29400.056 1.8161024244133958e-08
29450.056 2.0279371109360323e-08
29500.056 2.4349468863430167e-08
29550.056 1.9285463367314305e-08
29600.056 2.44041798814312e-08
29650.056 2.647555918201761e-08
29700.056 1.6104444106493875e-08
29750.056 2.548459165823402e-08
29800.056 2.553998502589426e-08
29850.056 2.9403326923969797e-08
29900.056 2.5925868748326687e-08
29950.056 2.40930336217846e-08
30000.056 7.850247672542527e-09
30050.056 1.0689429416593116e-08
30100.056 1.1067217912766427e-08
30150.056 2.146260900119703e-08
30200.056 1.5440240409044563e-08
30250.056 3.007387423514238e-08
30300.056 2.817331721094835e-08
30350.056 2.239567423317517e-08
30400.056 2.8586559538587555e-08
30450.056 1.8550048143908717e-08
30500.056 1.6740391879187193e-08
30550.056 1.7844828236290167e-08
30600.056 2.2119033030685994e-08
30650.056 1.5542727655810086e-08
30700.056 1.4602202244704203e-08
30750.056 1.757662703136419e-08
30800.056 1.2759168218742167e-08
30850.056 1.3379273188402295e-08
30900.056 9.523518844099897e-09
30950.056 1.0831230673525757e-08
31000.056 8.567480784311753e-09
31050.056 8.215754348983457e-09
31100.056 6.828650461138459e-09
31150.056 9.411106819273247e-09
31200.056 9.043727213462213e-09
31250.056 6.520887559232503e-09
31300.056 5.708091820859078e-09
31350.056 6.5356088058178664e-09
31400.056 4.894240787342783e-09
31450.056 5.056024453578353e-09
31500.056 3.852038652483881e-09
31550.056 4.530630521712907e-09
31600.056 2.976088423334234e-09
31650.056 2.9720671963405224e-09
31700.056 3.0934475947226096e-09
31750.056 2.3465102598028877e-09
31800.056 3.163255123160418e-09
31850.056 2.063245265414141e-09
31900.056 2.4636895040436506e-09
31950.056 1.586226489149667e-09
32000.056 2.0992517621361114e-09
32050.056 2.4652264096530686e-09
32100.056 2.365678833181505e-09
32150.056 2.4452864530887706e-09
32200.056 1.9439216695413588e-09
32250.056 2.8108653161642705e-09
32300.056 1.9765977487464124e-09
32350.056 2.8095814386751953e-09
32400.056 1.850339562066166e-09
32450.056 2.5661180582881413e-09
32500.056 2.0707359157455006e-09
32550.056 2.086360953222122e-09
32600.056 2.7183773389863654e-09
32650.056 4.6331744315480385e-09
32700.056 3.3611553322608576e-09
32750.056 4.784025148763344e-09
32800.056 4.287539421937768e-09
32850.056 5.314631674129443e-09
32900.056 5.778360565125902e-09
32950.056 6.418386730361653e-09
33000.056 4.990698241677501e-09
33050.056 5.1234001769299914e-09
33100.056 1.904368283293013e-09
33150.056 3.078245138619822e-10
33200.056 3.7722316917586364e-10
33250.056 1.9114582393699665e-10
33300.056 2.582674055490455e-10
33350.056 6.037955110319328e-10
33400.056 1.0736154415022872e-09
33450.056 1.67337529452364e-09
33500.056 3.109336123262737e-09
33550.056 2.198761664568561e-09
33600.056 4.242072559223241e-09
33650.056 3.892053685826984e-09
33700.056 3.389008453940446e-09
33750.056 5.083970196950584e-09
33800.056 3.7740282835502855e-09
33850.056 4.549619028871608e-09
33900.056 3.738430341815513e-09
33950.056 3.78978307404279e-09
34000.056 5.31368077543603e-09
34050.056 2.1476820391953726e-09
34100.056 5.1017167048089715e-09
34150.056 3.934775126116122e-09
34200.056 4.170763855934606e-09
34250.056 3.961329864952386e-09
34300.056 3.7753542722933285e-09
34350.056 3.2563604250816347e-09
34400.056 2.633973365207119e-09
34450.056 3.882797340446084e-09
34500.056 3.6911677289561533e-09
34550.056 2.7680813857946394e-09
34600.056 5.088676530370076e-09
34650.056 3.141424738200433e-09
34700.056 4.627054095149641e-09
34750.056 4.212841240707173e-09
34800.056 3.895364562227894e-09
34850.056 4.522343672036887e-09
34900.056 4.6889891978423355e-09
34950.056 5.513273404787803e-09
35000.056 8.725275324873212e-09
35050.056 4.7193928183995345e-09
35100.056 7.010446579491985e-09
35150.056 5.597854709866026e-09
35200.056 7.023376502169467e-09
35250.056 9.130241857964098e-09
35300.056 6.846584869804575e-09
35350.056 7.041046133645893e-09
35400.056 8.13661246329723e-09
35450.056 5.4171065748222375e-09
35500.056 1.2033903300498862e-08
35550.056 1.0833195210196438e-08
35600.056 8.456417225296689e-09
35650.056 9.968373477707858e-09
35700.056 9.381729338794404e-09
35750.056 1.293600859443884e-08
35800.056 1.6906520253659924e-08
35850.056 9.095340318858263e-09
35900.056 1.2014681359415783e-08
35950.056 1.1190295474472221e-08
36000.056 1.133998137401239e-08
36050.056 9.463709639155744e-09
36100.056 1.0441409248740422e-08
36150.056 1.1685731335905971e-08
36200.056 1.2341436341904639e-08
36250.056 1.204599182215729e-08
36300.056 1.4932870693788184e-08
36350.056 1.327785330274396e-08
36400.056 1.3100304981455277e-08
36450.056 1.7758276299973695e-08
36500.056 1.94293204736186e-08
36550.056 1.8017883534604407e-08
36600.056 2.2794048073897743e-08
36650.056 2.179333415053617e-08
36700.056 2.4478223909023084e-08
36750.056 2.6727793546905493e-08
36800.056 2.5493766074600943e-08
36850.056 2.261458022937684e-08
36900.056 2.7692135247684935e-08
36950.056 2.947923998313188e-08
37000.056 2.6594663558494717e-08
37050.056 2.6657909933293195e-08
37100.056 3.209739353005218e-08
37150.056 2.4253902504013954e-08
37200.056 3.0960713594489875e-08
37250.056 3.145360385419506e-08
37300.056 2.6584325661925996e-08
37350.056 2.922060548483783e-08
37400.056 4.540015621775825e-08
37450.056 3.1815222203313645e-08
37500.056 3.242885013932804e-08
37550.056 3.841886077666206e-08
37600.056 4.262469304588462e-08
37650.056 2.9639375429168435e-08
37700.056 4.976356250390644e-08
37750.056 3.4031186706195074e-08
37800.056 3.60208488268932e-08
37850.056 2.4512950240444205e-08
37900.056 3.012207322274343e-08
37950.056 3.999123648419783e-08
38000.056 4.741749615997466e-08
38050.056 4.517990238185358e-08
38100.056 4.401186405043722e-08
38150.056 5.546423502569811e-08
38200.056 5.792398750762271e-08
38250.056 5.593095732832931e-08
38300.056 7.49853587343879e-08
38350.056 7.365611152791166e-08
38400.056 4.2829542122178e-08
38450.056 4.523365654231523e-08
38500.056 3.057774987671439e-08
38550.056 4.884684395331795e-08
38600.056 5.17559601652535e-08
38650.056 4.514209474118892e-08
38700.056 4.7492180698201156e-08
38750.056 5.718867575231027e-08
38800.056 4.932897444797122e-08
38850.056 5.141213364729626e-08
38900.056 7.169005409580636e-08
38950.056 5.6765473838756106e-08
39000.056 6.376198255650066e-08
39050.056 5.518842801409863e-08
39100.056 6.457764900630491e-08
39150.056 6.298644502624781e-08
39200.056 6.890605660873762e-08
39250.056 7.940834882358011e-08
39300.056 5.9464130912762536e-08
39350.056 9.013908729840011e-08
39400.056 7.008041547650116e-08
39450.056 7.839381177959272e-08
39500.056 7.886577993263226e-08
39550.056 8.120183754240499e-08
39600.056 8.431478493627252e-08
39650.056 8.731664322028548e-08
39700.056 8.882539128472302e-08
39750.056 7.324996985883362e-08
39800.056 8.453146128257526e-08
39850.056 1.0705853331700058e-07
39900.056 1.0697191253701478e-07
39950.056 8.744305044016425e-08
40000.056 1.3193532938983969e-07
40050.056 1.0433978974359571e-07
40100.056 8.500793555849588e-08
40150.056 1.1205067443797152e-07
40200.056 1.1579500256124163e-07
40250.056 1.1465911474693951e-07
40300.056 1.1438218228463466e-07
40350.056 1.2273721834787965e-07
40400.056 1.3746243978304574e-07
40450.056 1.199316399185765e-07
40500.056 1.3974920772997066e-07
40550.056 1.3772333167591898e-07
40600.056 1.3576297764201904e-07
40650.056 1.1112384501195209e-07
40700.056 1.586982953062892e-07
40750.056 1.3883251780899493e-07
40800.056 1.1030071172552647e-07
40850.056 1.7615750387507136e-07
40900.056 1.6064511914962586e-07
40950.056 1.5158945462760411e-07
41000.056 1.540405246947018e-07
41050.056 1.9051792357195513e-07
41100.056 1.62043369535026e-07
41150.056 1.222646422284168e-07
41200.056 1.9313998920876785e-07
41250.056 1.554282935035644e-07
41300.056 1.4675031289995653e-07
41350.056 2.1679559257804724e-07
41400.056 1.8835925458364908e-07
41450.056 2.0890415195502014e-07
41500.056 1.7022270577172983e-07
41550.056 1.6842715731744724e-07
41600.056 2.0404395543214763e-07
41650.056 2.1532680403719222e-07
41700.056 1.8946556971388676e-07
41750.056 2.0004709931299025e-07
41800.056 2.1317463102298685e-07
41850.056 1.720281127329054e-07
41900.056 1.7826081416776427e-07
41950.056 1.603779470030363e-07
42000.056 1.616673881567425e-07
42050.056 1.576250150684319e-07
42100.056 2.041876615459756e-07
42150.056 1.7021189946898371e-07
42200.056 1.5029497494321562e-07
42250.056 1.5310646120645269e-07
42300.056 1.550614041822134e-07
42350.056 1.9229527513703276e-07
42400.056 1.7875714766406946e-07
42450.056 1.6656531287203286e-07
42500.056 1.5969378323698514e-07
42550.056 1.591718715829726e-07
42600.056 1.6137311819933295e-07
42650.056 1.8504381966093722e-07
42700.056 1.7355406753359941e-07
42750.056 1.6312104781798234e-07
42800.056 1.765288422344459e-07
42850.056 1.97984728129926e-07
42900.056 2.0195453270206636e-07
42950.056 1.822864218409439e-07
43000.056 1.9522278430401504e-07
43050.056 1.4584075885386825e-07
43100.056 1.7925782728996086e-07
43150.056 1.713034137863298e-07
43200.056 2.0902820234000194e-07
43250.056 2.290083306300007e-07
43300.056 2.276793818209923e-07
43350.056 1.741255029669784e-07
43400.056 1.963712019420755e-07
43450.056 1.7925858263423516e-07
43500.056 1.6193356605209445e-07
43550.056 1.714030689129565e-07
43600.056 2.3287552801902492e-07
43650.056 1.904999937378013e-07
43700.056 2.1142203381602864e-07
43750.056 2.1634501205105553e-07
43800.056 1.9979310460296258e-07
43850.056 1.8724965801402045e-07
43900.056 1.9544478927298185e-07
43950.056 1.5127586687601328e-07
44000.056 1.528140911425975e-07
44050.056 2.3300983059502192e-07
44100.056 2.5998344558801443e-07
44150.056 2.344179684637337e-07
44200.056 2.2842101484099016e-07
44250.056 1.852591085473163e-07
44300.056 1.65785596402436e-07
44350.056 1.787128763205454e-07
44400.056 1.9045967822840434e-07
44450.056 2.2195662917795443e-07
44500.056 2.3180551351306362e-07
44550.056 2.6668731126996094e-07
44600.056 2.1881615615143186e-07
44650.056 2.380608004442625e-07
44700.056 1.8024214022600987e-07
44750.056 2.352067212040283e-07
44800.056 2.0371366000701495e-07
44850.056 2.246514859330393e-07
44900.056 2.0667367120701333e-07
44950.056 2.312066998336109e-07
45000.056 2.4430224932497683e-07
45050.056 2.3634270141901048e-07
45100.056 2.2843910176339328e-07
45150.056 2.351417208259602e-07
45200.056 2.009857158570221e-07
45250.056 2.1543982660291875e-07
45300.056 1.9090056875904877e-07
45350.056 1.9940722425701e-07
45400.056 2.8039803691602237e-07
45450.056 2.403682422169802e-07
45500.056 2.517109584342095e-07
45550.056 2.766532902779189e-07
45600.056 2.7527479970003074e-07
45650.056 2.1714797137057446e-07
45700.056 2.0744479803512105e-07
45750.056 1.9604933046198889e-07
45800.056 2.772975985079946e-07
45850.056 2.8362707361899567e-07
45900.056 2.939457517800004e-07
45950.056 2.5131457340698717e-07
46000.056 2.8020000364850075e-07
46050.056 2.46057199355027e-07
46100.056 2.809668153799899e-07
46150.056 2.3678094001199272e-07
46200.056 2.2445656249700742e-07
46250.056 1.61876594929366e-07
46300.056 2.561944794282045e-07
46350.056 2.3770224274602305e-07
46400.056 2.2643973170601256e-07
46450.056 2.1828096111004119e-07
46500.056 2.3346597393205027e-07
46550.056 1.9595837418557837e-07
46600.056 2.306855394987923e-07
46650.056 3.048306608929655e-07
46700.056 2.403429749060154e-07
46750.056 1.769599379335904e-07
46800.056 1.4581386961951737e-07
46850.056 3.097223071650721e-07
46900.056 2.727721215269719e-07
46950.056 2.737768114870078e-07
47000.056 2.534648346740295e-07
47050.056 2.421372022807051e-07
47100.056 1.784091404633329e-07
47150.056 2.120407126770175e-07
47200.056 2.491538800220141e-07
47250.056 2.0040261869399417e-07
47300.056 1.5595215527338372e-07
47350.056 2.7240856615996257e-07
47400.056 2.603264677099687e-07
47450.056 2.5749335901241837e-07
47500.056 2.8966036558235354e-07
47550.056 2.556291290230025e-07
47600.056 2.4778105114499284e-07
47650.056 2.1791683293276e-07
47700.056 2.390965349556627e-07
47750.056 1.7301555516480955e-07
47800.056 1.9483796090501135e-07
47850.056 1.436147992098057e-07
47900.056 1.8387263184976628e-07
47950.056 2.0911343671443832e-07
48000.056 2.9719511417005875e-07
48050.056 2.7017418911400983e-07
48100.056 1.7722226292501688e-07
48150.056 2.3064465182801832e-07
48200.056 2.0769648014600495e-07
48250.056 2.075463103320109e-07
48300.056 2.629428683769006e-07
48350.056 1.7904753596402115e-07
48400.056 1.206433000316763e-07
48450.056 1.9906594407067463e-07
48500.056 2.555098348479596e-07
48550.056 2.0561232084079637e-07
48600.056 2.3042557586100232e-07
48650.056 2.339805862099688e-07
48700.056 2.1007342957188591e-07
48750.056 1.5353551896709164e-07
48800.056 2.8719255870298666e-07
48850.056 1.769406522674753e-07
48900.056 2.5498045051259984e-07
48950.056 1.9417843046403642e-07
49000.056 1.1244181098917177e-07
49050.056 2.1224939176699416e-07
49100.056 2.403865312330524e-07
49150.056 2.017205186138376e-07
49200.056 2.6901894157303736e-07
49250.056 2.519959967940416e-07
49300.056 2.2259323002020507e-07
49350.056 1.3933418274722903e-07
49400.056 1.8148067130197863e-07
49450.056 1.919681511265646e-07
49500.056 1.573339202309782e-07
49550.056 8.294890068021401e-08
49600.056 1.449007237621612e-07
49650.056 1.8922395958099444e-07
49700.056 1.752376933259354e-07
49750.056 1.998130461409518e-07
49800.056 1.6965335832662394e-07
49850.056 2.5228008959007824e-07
49900.056 2.0067334901257387e-07
49950.056 2.0156868207100347e-07
50000.056 1.805621742339721e-07
50050.056 2.1542406187100953e-07
50100.056 1.7537040687201097e-07
50150.056 1.1997922198597793e-07
50200.056 5.2964377844409456e-08
50250.056 1.6296879023797313e-07
50300.056 1.223639053277197e-07
50350.056 2.205490930780281e-07
50400.056 1.934949435467881e-07
50450.056 1.5492167985682567e-07
50500.056 1.8781651084403338e-07
50550.056 1.7688767608301413e-07
50600.056 1.574954122569559e-07
50650.056 2.1160285252105688e-07
50700.056 2.1975700821790278e-07
50750.056 1.7523246829162952e-07
50800.056 1.0076741136459748e-07
50850.056 8.97337616006369e-08
50900.056 2.0988962839200678e-07
50950.056 1.5793305774402904e-07
51000.056 1.6981114562391222e-07
51050.056 1.6870177416800017e-07
51100.056 9.568495591179168e-08
51150.056 1.330173980933796e-07
51200.056 2.28827983854988e-07
51250.056 1.5400373190635213e-07
51300.056 1.3207346731837493e-07
51350.056 1.321262114539935e-07
51400.056 7.3878208145498e-08
51450.056 6.298430854757933e-08
51500.056 6.917112160983054e-08
51550.056 1.7071404071620894e-07
51600.056 1.218968862384318e-07
51650.056 1.25668705516964e-07
51700.056 1.3513054205738204e-07
51750.056 9.755838772302339e-08
51800.056 1.4495775600597297e-07
51850.056 1.3627534387899989e-07
51900.056 1.889358009840254e-07
51950.056 1.4413688223199196e-07
52000.056 4.665454371958833e-08
52050.056 1.0342567920692267e-07
52100.056 7.443281665198958e-08
52150.056 6.484491188900682e-08
52200.056 7.724560159210165e-08
52250.056 1.0306328289902786e-07
52300.056 1.4799772823999481e-07
52350.056 9.897542520560513e-08
52400.056 7.298711878110433e-08
52450.056 1.4764954292500504e-07
52500.056 1.310028864629586e-07
52550.056 1.3830544216196343e-07
52600.056 1.1656737612002098e-07
52650.056 1.237688912291172e-07
52700.056 1.0870602560099619e-07
52750.056 6.83996757727974e-08
52800.056 9.071720633641974e-08
52850.056 9.707312521196166e-08
52900.056 7.820111894269313e-08
52950.056 9.088615124220071e-08
53000.056 1.274383321780177e-07
53050.056 6.272367339668155e-08
53100.056 9.779430921175459e-08
53150.056 1.3528076744301648e-07
53200.056 6.747963947360162e-08
53250.056 1.2692834048100312e-07
53300.056 1.4145154884837943e-07
53350.056 1.315971721489968e-07
53400.056 1.1312560850099676e-07
53450.056 5.614965878398774e-08
53500.056 2.937399223999333e-08
