galfind/configs/Brown_Dwarf_templates/sonora_bobcat/m+0.5/31g/sp_t2300g31nc_m+0.5_resample.dat
# %ECSV 1.0
# ---
# datatype:
# - {name: wav, unit: Angstrom, datatype: float64}
# - {name: flux_nu, unit: erg / (cm2 Hz s), datatype: float64}
# meta: {C/O: '1.00', Kzz: '1.0000E+05', Teff: '2300.', Y: '0.28', '[Fe/H]': '0.50', f_hole: '1.00', f_rain: '0.00', grav: '32.'}
# schema: astropy-2.0
wav flux_nu
4000.0559999999996 nan
4050.0559999999996 2.0772098089698288e-08
4100.056 1.8650025071451328e-08
4150.056 1.4698538592271842e-08
4200.056 1.1212924977043447e-08
4250.056 9.923928551574275e-09
4300.056 6.682073363411965e-09
4350.056 7.186953967999592e-09
4400.056 6.908721419631716e-09
4450.056 3.93968889952022e-09
4500.056 4.5227668597904505e-09
4550.056 5.727182910228187e-09
4600.056 4.623120366258928e-09
4650.056 3.4483574798004698e-09
4700.056 4.276095629051636e-09
4750.056 5.612598814357856e-09
4800.056 3.883187665240603e-09
4850.056 4.9846412794116345e-09
4900.056 1.0662781979697946e-08
4950.056 1.2820379388110586e-08
5000.056 6.385178985550671e-09
5050.056 8.580223550673413e-09
5100.056 2.0425867782832883e-08
5150.056 2.4338555104016355e-08
5200.056 1.1234117031021646e-08
5250.056 1.427136306147853e-08
5300.056 1.761419073480101e-08
5350.056 1.6267800965602674e-08
5400.056 1.86435092400994e-08
5450.056 1.4581801856997288e-08
5500.056 1.1815141616297805e-08
5550.056 1.723517653519878e-08
5600.056 1.143378342650056e-08
5650.056 8.978406801601524e-09
5700.056 1.3302265353001819e-08
5750.056 1.6354839842798184e-08
5800.056 2.2593856403799102e-08
5850.056 1.7084402247502155e-08
5900.056 5.5689270108726365e-09
5950.056 9.740098322100633e-09
6000.056 1.5460930237098845e-08
6050.056 2.573976150760309e-08
6100.056 3.623738208699968e-08
6150.056 3.434786114549088e-08
6200.056 1.2977964332001463e-08
6250.056 1.3531102794102156e-08
6300.056 2.202826887370076e-08
6350.056 3.229526363480306e-08
6400.056 4.325180808180399e-08
6450.056 5.98721039538773e-08
6500.056 5.7822414964981444e-08
6550.056 7.520093941397799e-08
6600.056 5.718329209900718e-08
6650.056 4.05027807122065e-08
6700.056 3.110958524152264e-08
6750.056 3.536445536820678e-08
6800.056 4.104957198800072e-08
6850.056 5.779711697999669e-08
6900.056 8.735270046499536e-08
6950.056 1.2660034282097785e-07
7000.056 1.9389779003997925e-07
7050.056 1.752375525320293e-07
7100.056 8.446883162498917e-08
7150.056 5.066872251601429e-08
7200.056 7.995704945399183e-08
7250.056 1.2870776893601804e-07
7300.056 2.391176076180564e-07
7350.056 3.7978779605298253e-07
7400.056 5.288581634200087e-07
7450.056 6.116361624399294e-07
7500.056 6.983661846600088e-07
7550.056 7.934323267800335e-07
7600.056 5.538804865509697e-07
7650.056 2.8409407413408326e-07
7700.056 2.0321996144098717e-07
7750.056 2.906191135630966e-07
7800.056 3.320400797041009e-07
7850.056 3.49277445826985e-07
7900.056 4.175531736830627e-07
7950.056 4.501146915670492e-07
8000.056 5.392181662499214e-07
8050.056 7.691932024998807e-07
8100.056 1.0704176938602378e-06
8150.056 1.4586879124701174e-06
8200.056 1.2317172659478085e-06
8250.056 1.2098053178299724e-06
8300.056 9.662206056302226e-07
8350.056 1.0170276301303304e-06
8400.056 1.033630934200216e-06
8450.056 5.647945048098677e-07
8500.056 5.044914165102454e-07
8550.056 6.534965840500138e-07
8600.056 8.239086261797428e-07
8650.056 1.081637257549926e-06
8700.056 1.3091892386702612e-06
8750.056 1.6033939529299306e-06
8800.056 2.006849937190576e-06
8850.056 1.8922429844600824e-06
8900.056 1.3604362644598728e-06
8950.056 1.485133385139817e-06
9000.056 1.789176946600214e-06
9050.056 1.9656435816694227e-06
9100.056 2.392686006390206e-06
9150.056 2.7238719785100177e-06
9200.056 2.592884047390346e-06
9250.056 1.7617435227597019e-06
9300.056 1.5266281329100657e-06
9350.056 1.706409243289717e-06
9400.056 1.8709441290405498e-06
9450.056 2.0566693751694914e-06
9500.056 2.41574985244978e-06
9550.056 2.696458249700544e-06
9600.056 2.9154585761406633e-06
9650.056 3.2424288331309424e-06
9700.056 3.489242167669667e-06
9750.056 2.8509217329900597e-06
9800.056 3.128860825089847e-06
9850.056 3.0729989411999742e-06
9900.056 3.173970902950158e-06
9950.056 3.3306902715201855e-06
10000.056 3.414466369169748e-06
10050.056 3.2545217623503124e-06
10100.056 3.6773972476415173e-06
10150.056 3.5656461583395066e-06
10200.056 3.7807778518190776e-06
10250.056 3.7794009135685916e-06
10300.056 3.847210810609757e-06
10350.056 4.204046324629584e-06
10400.056 4.328130189420357e-06
10450.056 4.610445071830218e-06
10500.056 4.613091398209132e-06
10550.056 4.703496578550528e-06
10600.056 4.9203508337006015e-06
10650.056 5.170577112199376e-06
10700.056 5.497131467800192e-06
10750.056 5.757437231600126e-06
10800.056 5.892133671399739e-06
10850.056 6.1362804489000075e-06
10900.056 5.958057662299631e-06
10950.056 5.760651302198637e-06
11000.056 5.643271050000238e-06
11050.056 4.386390784859178e-06
11100.056 4.6970846104209976e-06
11150.056 4.872902436319447e-06
11200.056 4.934488343500116e-06
11250.056 5.351794542069998e-06
11300.056 5.447548114150191e-06
11350.056 5.284440700659961e-06
11400.056 5.105160983960156e-06
11450.056 5.5507226627988074e-06
11500.056 5.839463105049279e-06
11550.056 5.788007615200202e-06
11600.056 5.893144373579027e-06
11650.056 6.147797274590663e-06
11700.056 5.878367072369656e-06
11750.056 5.888349493679669e-06
11800.056 5.885690257449952e-06
11850.056 6.217742541200189e-06
11900.056 6.235559329198844e-06
11950.056 6.385540263499718e-06
12000.056 6.375700001100365e-06
12050.056 6.616448558300705e-06
12100.056 6.707858597800123e-06
12150.056 6.960766074599897e-06
12200.056 7.161051643599886e-06
12250.056 7.346047243899226e-06
12300.056 7.451699185400877e-06
12350.056 7.563951143500542e-06
12400.056 7.355775923199372e-06
12450.056 6.733087256979892e-06
12500.056 7.139627158999179e-06
12550.056 7.15300812009983e-06
12600.056 7.0162297633999956e-06
12650.056 7.338587944699436e-06
12700.056 7.495629122699348e-06
12750.056 7.50048305650049e-06
12800.056 7.849751606799145e-06
12850.056 7.858387270399995e-06
12900.056 7.89383009649993e-06
12950.056 8.132040033498602e-06
13000.056 8.239436737299381e-06
13050.056 8.288524077999636e-06
13100.056 8.222479036899078e-06
13150.056 8.282306668599872e-06
13200.056 8.109707198299577e-06
13250.056 7.863610384580139e-06
13300.056 7.220506636508976e-06
13350.056 5.517602240290574e-06
13400.056 5.388148076389954e-06
13450.056 5.004541082329692e-06
13500.056 5.044900880109668e-06
13550.056 4.893544516022148e-06
13600.056 4.523082392349971e-06
13650.056 4.702494954160037e-06
13700.056 4.421165149790211e-06
13750.056 4.4495973428591765e-06
13800.056 4.76455041206108e-06
13850.056 4.785736764829489e-06
13900.056 4.6669347398800275e-06
13950.056 4.525258167589793e-06
14000.056 4.3330602038202055e-06
14050.056 4.399183389141088e-06
14100.056 4.141897997580711e-06
14150.056 4.08894251351036e-06
14200.056 3.957877899020547e-06
14250.056 3.938615921959178e-06
14300.056 3.970443003669361e-06
14350.056 4.006083989230338e-06
14400.056 4.114206439110204e-06
14450.056 4.280328264100242e-06
14500.056 4.44859801889961e-06
14550.056 4.454828682740004e-06
14600.056 4.559442351180943e-06
14650.056 4.513113699288803e-06
14700.056 4.303924045469444e-06
14750.056 4.459774437780411e-06
14800.056 4.495266497690719e-06
14850.056 4.702112356569174e-06
14900.056 4.732438223759713e-06
14950.056 4.765131537660693e-06
15000.056 4.842296109500639e-06
15050.056 5.1275621692993035e-06
15100.056 5.102771054300676e-06
15150.056 5.251774642000243e-06
15200.056 5.368646708699705e-06
15250.056 5.356880913999771e-06
15300.056 5.535837210600026e-06
15350.056 5.631988870400264e-06
15400.056 5.713464014100042e-06
15450.056 5.870336237800405e-06
15500.056 5.933837281699206e-06
15550.056 6.127708797299825e-06
15600.056 6.1247673564006855e-06
15650.056 6.2828175467999186e-06
15700.056 6.529203329501668e-06
15750.056 6.66835272939952e-06
15800.056 6.750324702500638e-06
15850.056 6.825677486000255e-06
15900.056 6.920537553100649e-06
15950.056 7.072108841199876e-06
16000.056 7.176093640499445e-06
16050.056 7.355812908600052e-06
16100.056 7.437464540100145e-06
16150.056 7.537929909200348e-06
16200.056 7.643389700999524e-06
16250.056 7.77254645469998e-06
16300.056 7.823292618100045e-06
16350.056 8.05079369539954e-06
16400.056 8.10067348730101e-06
16450.056 8.25671246950033e-06
16500.056 8.349493872100812e-06
16550.056 8.555546225099616e-06
16600.056 8.430765447500667e-06
16650.056 8.82558206750056e-06
16700.056 8.738862052599021e-06
16750.056 8.886747399099337e-06
16800.056 9.009468729900386e-06
16850.056 8.977110888199597e-06
16900.056 8.927025821299511e-06
16950.056 8.8461329711999e-06
17000.056 8.76208311610098e-06
17050.056 8.66644886270029e-06
17100.056 8.347084672699617e-06
17150.056 8.164374047099479e-06
17200.056 7.82548347059985e-06
17250.056 7.67415069469993e-06
17300.056 7.810576464799527e-06
17350.056 7.487355878599226e-06
17400.056 7.665138738600248e-06
17450.056 7.3017688942976086e-06
17500.056 7.150737094049336e-06
17550.056 7.096804089490072e-06
17600.056 6.931154237110499e-06
17650.056 6.97985082900872e-06
17700.056 6.541795607628813e-06
17750.056 6.325759259780307e-06
17800.056 6.253430222191508e-06
17850.056 6.144376544020772e-06
17900.056 6.10757655194004e-06
17950.056 5.96197843315923e-06
18000.056 5.699626484260386e-06
18050.056 5.732442548292318e-06
18100.056 5.5725763449302e-06
18150.056 5.8674031140818945e-06
18200.056 5.374084871799829e-06
18250.056 5.7517335843390844e-06
18300.056 5.633572410479271e-06
18350.056 5.499111212260461e-06
18400.056 5.39261175799007e-06
18450.056 5.087916796262186e-06
18500.056 5.138715205540797e-06
18550.056 5.016289801369905e-06
18600.056 4.485379557407936e-06
18650.056 4.965815639650918e-06
18700.056 5.17707676205054e-06
18750.056 4.999793081852375e-06
18800.056 5.011164658001995e-06
18850.056 5.483097433669471e-06
18900.056 5.338933597318562e-06
18950.056 5.307278011099576e-06
19000.056 5.551628794499042e-06
19050.056 5.463963046380125e-06
19100.056 5.487205961251704e-06
19150.056 5.655771825379802e-06
19200.056 5.647309936241155e-06
19250.056 5.468047656368863e-06
19300.056 5.600567263309578e-06
19350.056 5.7452455095894725e-06
19400.056 5.529936859448774e-06
19450.056 5.690223483040924e-06
19500.056 5.7359342988395224e-06
19550.056 5.398244315580976e-06
19600.056 5.817133153749186e-06
19650.056 5.698972124517496e-06
19700.056 5.763590297930444e-06
19750.056 5.551746880380168e-06
19800.056 5.699480143729312e-06
19850.056 5.608393942071563e-06
19900.056 5.4057218175419525e-06
19950.056 5.750276641899776e-06
20000.056 5.2904050508008846e-06
20050.056 5.47960993519131e-06
20100.056 5.5765858824770095e-06
20150.056 5.457181542901329e-06
20200.056 5.546966799538557e-06
20250.056 5.698539754200407e-06
20300.056 5.67008893464056e-06
20350.056 5.6693231014996155e-06
20400.056 5.633251905997657e-06
20450.056 5.8495274517996705e-06
20500.056 5.786813282800103e-06
20550.056 5.886916645899472e-06
20600.056 6.066582655500561e-06
20650.056 5.921937149201109e-06
20700.056 6.087334292399849e-06
20750.056 6.093687463299213e-06
20800.056 6.245515956700265e-06
20850.056 6.248213027800032e-06
20900.056 6.394219402099882e-06
20950.056 6.436990305299672e-06
21000.056 6.6229528256995664e-06
21050.056 6.618615536300255e-06
21100.056 6.671550560000028e-06
21150.056 6.89474059580033e-06
21200.056 6.868359279600534e-06
21250.056 7.0542859371992955e-06
21300.056 6.918319225799815e-06
21350.056 7.202660273200397e-06
21400.056 7.080564204600327e-06
21450.056 7.495559654600113e-06
21500.056 7.2614346136002666e-06
21550.056 7.397098803399625e-06
21600.056 7.549909490500494e-06
21650.056 7.551807457500461e-06
21700.056 7.733574636799613e-06
21750.056 7.673974132499951e-06
21800.056 7.685280600299905e-06
21850.056 7.779199088399878e-06
21900.056 7.898089106400636e-06
21950.056 7.855093323500478e-06
22000.056 8.076709769199445e-06
22050.056 7.93306801859938e-06
22100.056 8.08428978499978e-06
22150.056 8.157276930900602e-06
22200.056 8.02862350640121e-06
22250.056 8.358449302000338e-06
22300.056 8.288565289999566e-06
22350.056 8.196169971800326e-06
22400.056 8.455778858200134e-06
22450.056 8.397185495299157e-06
22500.056 8.493513213799754e-06
22550.056 8.450211605198913e-06
22600.056 8.4166277541996e-06
22650.056 8.505404011901324e-06
22700.056 8.480708001201245e-06
22750.056 8.652481935799376e-06
22800.056 8.483712732199956e-06
22850.056 8.575475685000665e-06
22900.056 8.731688723199226e-06
22950.056 7.406370404100821e-06
23000.056 8.00049360480054e-06
23050.056 8.137244564298614e-06
23100.056 7.97322007340037e-06
23150.056 8.038478477900923e-06
23200.056 8.08945652180013e-06
23250.056 7.196747192398051e-06
23300.056 7.568600710300497e-06
23350.056 7.623940719799844e-06
23400.056 7.521304898200273e-06
23450.056 7.635687762999942e-06
23500.056 7.372974382498501e-06
23550.056 6.856223511002343e-06
23600.056 7.067663824001551e-06
23650.056 7.371045126698781e-06
23700.056 7.3334921589983045e-06
23750.056 7.25843115360037e-06
23800.056 7.194419334801056e-06
23850.056 6.366762523500382e-06
23900.056 6.7145730599994445e-06
23950.056 6.841796310301941e-06
24000.056 6.60289609109918e-06
24050.056 6.439836020601412e-06
24100.056 6.106217709598298e-06
24150.056 5.979500068600618e-06
24200.056 6.062582319898606e-06
24250.056 6.024223258400979e-06
24300.056 5.717256814200215e-06
24350.056 5.603934539999936e-06
24400.056 5.88517369919971e-06
24450.056 5.605655088900372e-06
24500.056 5.260145244700253e-06
24550.056 5.257188391099489e-06
24600.056 5.186686273401049e-06
24650.056 5.515187808499483e-06
24700.056 5.021208569699922e-06
24750.056 4.869032337001244e-06
24800.056 4.748352581200308e-06
24850.056 5.142796892900475e-06
24900.056 4.582192035702308e-06
24950.056 5.15293771639942e-06
25000.056 4.7015800338003884e-06
25050.056 4.350911453500707e-06
25100.056 4.737916796799699e-06
25150.056 4.393959589000725e-06
25200.056 4.5737645135991865e-06
25250.056 4.532792866598801e-06
25300.056 4.514639117700626e-06
25350.056 4.283229732299813e-06
25400.056 4.316632710701502e-06
25450.056 4.271297506300443e-06
25500.056 4.388169897401508e-06
25550.056 4.173709442999783e-06
25600.056 4.279348373799977e-06
25650.056 4.06387489079958e-06
25700.056 4.4620078443981435e-06
25750.056 3.974549630101001e-06
25800.056 4.318392278600451e-06
25850.056 4.205310511099432e-06
25900.056 4.327206435201166e-06
25950.056 4.191323788901126e-06
26000.056 4.166621842200658e-06
26050.056 4.6124716131002876e-06
26100.056 4.335766783401178e-06
26150.056 4.40811954269911e-06
26200.056 4.1796694159004025e-06
26250.056 4.221701233101175e-06
26300.056 4.323395976999757e-06
26350.056 4.1304132819994045e-06
26400.056 4.2295505368993705e-06
26450.056 4.168008265100402e-06
26500.056 4.304137204998762e-06
26550.056 4.461262475599008e-06
26600.056 4.7652173030988906e-06
26650.056 4.3597555988988335e-06
26700.056 4.405236583599297e-06
26750.056 4.364179707498625e-06
26800.056 4.469787765598653e-06
26850.056 4.3882389409007475e-06
26900.056 4.696354000199992e-06
26950.056 3.854919079900536e-06
27000.056 4.52472849450108e-06
27050.056 4.206653641698937e-06
27100.056 4.146781939299682e-06
27150.056 4.2494168807996336e-06
27200.056 4.208060430200866e-06
27250.056 3.994083455701995e-06
27300.056 4.0372526417001675e-06
27350.056 4.077973922198722e-06
27400.056 3.8459624206003005e-06
27450.056 4.1920375575985936e-06
27500.056 3.9669828468005166e-06
27550.056 4.072784277699978e-06
27600.056 4.0960377275996e-06
27650.056 3.7480643912997347e-06
27700.056 3.854728574200776e-06
27750.056 4.16405932049776e-06
27800.056 3.5958689121002155e-06
27850.056 3.826015952298933e-06
27900.056 3.779518299599934e-06
27950.056 4.0550190068995454e-06
28000.056 4.0248931989008495e-06
28050.056 3.577185365500427e-06
28100.056 4.1443024491021235e-06
28150.056 3.6634851899003627e-06
28200.056 3.3715563788002344e-06
28250.056 3.690534006199795e-06
28300.056 4.033648739301043e-06
28350.056 3.842259718598782e-06
28400.056 3.7201382372002224e-06
28450.056 3.646671685299368e-06
28500.056 3.7792402701994317e-06
28550.056 3.4582616057990104e-06
28600.056 3.969387242800654e-06
28650.056 3.914792243399593e-06
28700.056 3.6606572240993055e-06
28750.056 3.8475621418996735e-06
28800.056 3.8037600066005306e-06
28850.056 3.8761951819000255e-06
28900.056 3.618029397800585e-06
28950.056 4.176890520999168e-06
29000.056 3.5634450738988087e-06
