galfind/configs/Brown_Dwarf_templates/sonora_bobcat/m+0.5/31g/sp_t475g31nc_m+0.5_resample.dat
# %ECSV 1.0
# ---
# datatype:
# - {name: wav, unit: Angstrom, datatype: float64}
# - {name: flux_nu, unit: erg / (cm2 Hz s), datatype: float64}
# meta: {C/O: '1.00', Kzz: '1.0000E+05', Teff: '475.', Y: '0.28', '[Fe/H]': '0.50', f_hole: '1.00', f_rain: '0.00', grav: '32.'}
# schema: astropy-2.0
wav flux_nu
4000.0559999999996 nan
4050.0559999999996 8.119171221330916e-17
4100.056 1.1996409727670256e-14
4150.056 1.0350586407400052e-13
4200.056 1.0165384430732461e-13
4250.056 8.101303860300008e-13
4300.056 1.7200938917000061e-12
4350.056 2.89059684790002e-12
4400.056 4.30911144970001e-12
4450.056 6.502109368199987e-12
4500.056 8.361707210400068e-12
4550.056 8.204989955785202e-12
4600.056 2.612377799062386e-12
4650.056 1.4902886528300013e-12
4700.056 6.795817120499939e-13
4750.056 1.733578233999972e-13
4800.056 5.205276870199949e-14
4850.056 1.816170727899983e-14
4900.056 8.75265754219996e-15
4950.056 5.045133412399979e-15
5000.056 2.7591682346999723e-15
5050.056 1.7482509236200044e-15
5100.056 1.8157989262300277e-15
5150.056 2.0019985326000485e-15
5200.056 2.203595232600013e-15
5250.056 2.3971354535000017e-15
5300.056 2.6182779943999995e-15
5350.056 2.8884297450000054e-15
5400.056 3.1661459815999976e-15
5450.056 3.520577186900037e-15
5500.056 3.9359519885000765e-15
5550.056 4.374059825500026e-15
5600.056 4.779655793299993e-15
5650.056 5.0931741809999805e-15
5700.056 5.14947792680001e-15
5750.056 5.109529384100002e-15
5800.056 4.707309031299995e-15
5850.056 3.445250238999929e-15
5900.056 1.1097784710736152e-15
5950.056 6.463207839800367e-15
6000.056 1.2981122433999527e-14
6050.056 2.315910429480082e-14
6100.056 3.7879582640000585e-14
6150.056 5.710420790800056e-14
6200.056 8.260799004700061e-14
6250.056 1.1372399955300006e-13
6300.056 1.6032750766400026e-13
6350.056 2.2124465724000212e-13
6400.056 2.982528756100038e-13
6450.056 3.64740726833981e-13
6500.056 4.967018938867859e-13
6550.056 6.911486830539948e-13
6600.056 9.659982689580556e-13
6650.056 1.3490333929600143e-12
6700.056 1.7760597916200143e-12
6750.056 2.48529408050002e-12
6800.056 3.0205865670000586e-12
6850.056 3.2016639683000093e-12
6900.056 2.6577865506300872e-12
6950.056 2.1163270761955568e-12
7000.056 2.242376241803834e-12
7050.056 2.3084556048018327e-12
7100.056 2.4853678290698925e-12
7150.056 2.1068749286936736e-12
7200.056 1.8658366350207734e-12
7250.056 2.0635090088510004e-12
7300.056 2.1277196314585627e-12
7350.056 2.34552743587874e-12
7400.056 2.5977819721381802e-12
7450.056 2.9569243383602415e-12
7500.056 3.2467863902998938e-12
7550.056 3.4653859131999524e-12
7600.056 3.4881580695999925e-12
7650.056 1.4447197093509543e-12
7700.056 1.174382751341036e-12
7750.056 4.205837697900039e-12
7800.056 5.629382049619857e-12
7850.056 7.611928108849968e-12
7900.056 9.689320655469483e-12
7950.056 1.0820977897379878e-11
8000.056 1.415996586522996e-11
8050.056 1.685613261819033e-11
8100.056 1.5392323161985042e-11
8150.056 1.669344345136877e-11
8200.056 2.4616092468586505e-11
8250.056 2.8854309967971505e-11
8300.056 3.5694187731523665e-11
8350.056 3.5984140063622965e-11
8400.056 4.226521006133998e-11
8450.056 5.5856562219586895e-11
8500.056 6.499751931274601e-11
8550.056 8.73566263040013e-11
8600.056 1.118818280740022e-10
8650.056 1.3325022715400465e-10
8700.056 1.4168869499600348e-10
8750.056 1.6326809871400074e-10
8800.056 1.671573190500066e-10
8850.056 1.2139110487918786e-10
8900.056 1.699942519224345e-11
8950.056 3.0198809751678636e-11
9000.056 1.8330362523721716e-11
9050.056 7.573837634700018e-11
9100.056 1.1131786524080485e-10
9150.056 1.4758457083146268e-10
9200.056 2.851264678373083e-10
9250.056 3.072035158759329e-10
9300.056 5.1759187241882565e-11
9350.056 6.075494800472263e-11
9400.056 1.136800176030749e-10
9450.056 1.4751072325829082e-10
9500.056 1.209657518299745e-10
9550.056 1.4995611927726087e-10
9600.056 1.3059652926715943e-10
9650.056 1.8388324103613685e-10
9700.056 2.773656058873004e-10
9750.056 2.5897415640671647e-10
9800.056 2.671169935905234e-10
9850.056 2.902526780433932e-10
9900.056 3.827733769208027e-10
9950.056 2.889211882516637e-10
10000.056 3.832148948143904e-10
10050.056 3.862627726612669e-10
10100.056 6.096796694698201e-10
10150.056 6.968946967829711e-10
10200.056 8.557393639001722e-10
10250.056 1.0752493440271796e-09
10300.056 1.4711335494199032e-09
10350.056 1.918441507602483e-09
10400.056 3.3190440717709936e-09
10450.056 4.624723719798672e-09
10500.056 6.016134104899185e-09
10550.056 7.802775740030569e-09
10600.056 8.72959023114926e-09
10650.056 9.55515107132297e-09
10700.056 9.21456828240251e-09
10750.056 9.631330570658196e-09
10800.056 8.877038461617813e-09
10850.056 7.035271009797575e-09
10900.056 4.029390088034346e-09
10950.056 1.5287979165882038e-09
11000.056 9.782157448476752e-10
11050.056 5.049667110188665e-10
11100.056 2.2678612064291616e-10
11150.056 6.440749460413638e-11
11200.056 2.765937900252676e-11
11250.056 3.1408970559304295e-11
11300.056 6.876546721754429e-11
11350.056 1.8664498578049702e-11
11400.056 4.25607361884045e-11
11450.056 3.846105868566477e-11
11500.056 1.869245227150488e-11
11550.056 2.521134627545239e-12
11600.056 2.6125460631799634e-12
11650.056 1.2343173125062278e-11
11700.056 1.1753535703898776e-11
11750.056 1.1966174175781647e-12
11800.056 1.2198777112938018e-11
11850.056 2.4789188585774154e-11
11900.056 2.5349126567585772e-11
11950.056 4.745754766461664e-11
12000.056 1.0517354118978141e-10
12050.056 2.280236451688268e-10
12100.056 5.284903860829016e-10
12150.056 1.0846799717642312e-09
12200.056 1.6480083036562875e-09
12250.056 3.133468193168788e-09
12300.056 5.5106914883873576e-09
12350.056 5.88794045311123e-09
12400.056 1.0092597434267911e-08
12450.056 1.530747614327203e-08
12500.056 1.772310016345508e-08
12550.056 2.176010940758184e-08
12600.056 2.4602644935462496e-08
12650.056 2.4069118021529615e-08
12700.056 2.3659650624568623e-08
12750.056 1.8464933787924654e-08
12800.056 1.4399051561844893e-08
12850.056 8.607118963823093e-09
12900.056 5.790422274000503e-09
12950.056 4.338410894707676e-09
13000.056 3.327138964502388e-09
13050.056 1.8188334541137322e-09
13100.056 1.41719934653143e-09
13150.056 8.231464849116112e-10
13200.056 6.183238727160926e-10
13250.056 4.233159808907275e-10
13300.056 1.3870613627001602e-10
13350.056 3.8454843814721926e-11
13400.056 3.28292803592733e-11
13450.056 1.0855916805993728e-11
13500.056 4.811790047190328e-12
13550.056 2.262027613342101e-12
13600.056 3.4040389828169356e-13
13650.056 2.8567158031434188e-12
13700.056 1.7563196674069563e-12
13750.056 1.9728027248434038e-12
13800.056 1.4707297226553537e-12
13850.056 9.528155907890077e-13
13900.056 1.6150054356598988e-12
13950.056 9.61160139277117e-13
14000.056 1.1561753793775509e-12
14050.056 2.101848571698133e-12
14100.056 2.953621661347879e-12
14150.056 5.785881855811042e-12
14200.056 3.657494790627387e-12
14250.056 6.215091921993154e-12
14300.056 1.2352994023494044e-11
14350.056 1.581490955555079e-11
14400.056 1.9119027268632954e-11
14450.056 2.874971028865855e-11
14500.056 6.503431550927184e-11
14550.056 7.785945618946629e-11
14600.056 9.574514441080573e-11
14650.056 7.026453426769957e-11
14700.056 3.972909676297314e-11
14750.056 2.5445479115520094e-11
14800.056 5.8079907244624545e-11
14850.056 8.460391080820158e-11
14900.056 9.390677873837076e-11
14950.056 8.101462377926154e-11
15000.056 1.6490100163246015e-10
15050.056 1.4530519107781762e-10
15100.056 1.146429819217768e-10
15150.056 1.1339263191640326e-10
15200.056 1.948933365433493e-10
15250.056 4.3378557717304487e-10
15300.056 5.382120636024979e-10
15350.056 7.461308714677048e-10
15400.056 9.984433726891917e-10
15450.056 1.3406158242547115e-09
15500.056 1.4835702957195357e-09
15550.056 2.224756183975726e-09
15600.056 2.7182966877147638e-09
15650.056 3.68505204149705e-09
15700.056 5.0970077290210164e-09
15750.056 6.148188590974051e-09
15800.056 6.431357818817701e-09
15850.056 7.10554377684288e-09
15900.056 5.717834950591747e-09
15950.056 4.68014084977851e-09
16000.056 2.9139048289240525e-09
16050.056 1.3000499770004561e-09
16100.056 7.765014010051251e-10
16150.056 3.844300725879328e-10
16200.056 1.9844235070423253e-10
16250.056 1.2731678638427091e-10
16300.056 7.492237628975882e-11
16350.056 8.333958745772761e-11
16400.056 1.0882083420528013e-10
16450.056 8.735314313448463e-11
16500.056 7.330978938871055e-11
16550.056 8.377226036163363e-11
16600.056 1.0634770564600017e-10
16650.056 8.375438269042974e-11
16700.056 1.0833588006427056e-11
16750.056 3.564594305646305e-11
16800.056 6.716811649499597e-11
16850.056 8.613901589665297e-11
16900.056 3.9498299857350325e-11
16950.056 2.0756669670760272e-11
17000.056 1.1695895063823761e-11
17050.056 2.465403959272022e-11
17100.056 4.287144788340836e-11
17150.056 2.117590577907233e-11
17200.056 8.549769328443282e-11
17250.056 5.610116323067339e-11
17300.056 2.9352020423514655e-11
17350.056 3.0209473385349324e-11
17400.056 5.609362097465352e-11
17450.056 8.637187217966688e-11
17500.056 1.191298702567521e-10
17550.056 1.1186010367189175e-10
17600.056 8.609358097771007e-11
17650.056 8.432826630662316e-11
17700.056 5.5743809717209556e-11
17750.056 6.671482640463609e-11
17800.056 1.8938039252287864e-10
17850.056 8.235715083930885e-11
17900.056 6.009486886871559e-11
17950.056 5.3033259063928664e-11
18000.056 7.832457404847289e-11
18050.056 8.987910475557719e-11
18100.056 1.1941783955357376e-10
18150.056 1.069931414275089e-10
18200.056 7.912955345277184e-11
18250.056 2.358183123299693e-10
18300.056 7.549661227885678e-11
18350.056 5.254672545916965e-11
18400.056 4.2984898470209966e-11
18450.056 1.5027185060643856e-10
18500.056 1.4790811479297297e-10
18550.056 9.41928560589265e-11
18600.056 1.3304886219592153e-10
18650.056 1.0297287134474999e-10
18700.056 3.5315356773819374e-11
18750.056 8.772780864157019e-11
18800.056 2.931898753183774e-10
18850.056 3.1119527336713685e-10
18900.056 2.643920849275121e-10
18950.056 4.3689295428040644e-10
19000.056 1.4565963269237335e-10
19050.056 7.963714003893274e-11
19100.056 1.8087481960717904e-10
19150.056 8.601367495698064e-11
19200.056 1.2540604548007776e-10
19250.056 9.475666249510085e-11
19300.056 6.082722054051937e-11
19350.056 5.3701189097362474e-11
19400.056 4.961782507955358e-11
19450.056 1.0292531932738094e-10
19500.056 6.232128180523269e-11
19550.056 6.609666497224488e-11
19600.056 2.0020873863550677e-10
19650.056 1.4224079408158032e-10
19700.056 1.562205706691185e-10
19750.056 3.136439731303365e-10
19800.056 2.17763037046726e-10
19850.056 3.344215794930008e-10
19900.056 3.6226846669971344e-10
19950.056 5.610935997097174e-10
20000.056 7.633331624853588e-10
20050.056 6.304924766759824e-10
20100.056 1.1510431939737495e-09
20150.056 5.722085624655344e-10
20200.056 5.052822928567182e-10
20250.056 1.0564287012126419e-09
20300.056 1.2597186205571077e-09
20350.056 1.4803462944261584e-09
20400.056 1.2212752628098113e-09
20450.056 2.127464674402407e-09
20500.056 2.71389281766359e-09
20550.056 3.1113681258781213e-09
20600.056 3.3045330738279832e-09
20650.056 4.296726144043672e-09
20700.056 4.755675557043934e-09
20750.056 5.638559912586736e-09
20800.056 5.385353566520644e-09
20850.056 5.749595734154813e-09
20900.056 6.3777487126684235e-09
20950.056 5.752597415268977e-09
21000.056 5.302644244610309e-09
21050.056 5.586370236948123e-09
21100.056 4.810386963114305e-09
21150.056 4.896091649207372e-09
21200.056 4.232558995071698e-09
21250.056 3.6363920519779803e-09
21300.056 2.5485735479796737e-09
21350.056 2.6554997331308046e-09
21400.056 2.32418523215996e-09
21450.056 1.6922598295306517e-09
21500.056 1.4487454082484482e-09
21550.056 1.2211803634248576e-09
21600.056 9.220830917904675e-10
21650.056 6.808407043956372e-10
21700.056 5.805723498300637e-10
21750.056 5.769075994660294e-10
21800.056 4.003045601666021e-10
21850.056 3.833395159431735e-10
21900.056 2.3347993605993437e-10
21950.056 7.065130470476918e-11
22000.056 1.4271156133075127e-11
22050.056 1.2574676209857537e-11
22100.056 4.84452885521113e-11
22150.056 6.192860163399484e-11
22200.056 6.887273799331671e-11
22250.056 4.9893079576192575e-11
22300.056 2.682775114036539e-11
22350.056 3.479692288030204e-11
22400.056 1.3683753149129997e-11
22450.056 1.725513374533868e-11
22500.056 1.27916940674196e-11
22550.056 8.471521382973833e-12
22600.056 6.486621220277767e-12
22650.056 1.2194505370527834e-11
22700.056 1.0088541698590092e-11
22750.056 1.0259914292818353e-11
22800.056 9.486674469295014e-12
22850.056 7.32860121137835e-12
22900.056 5.345067373407471e-12
22950.056 4.746953577216601e-12
23000.056 7.181497977541866e-12
23050.056 9.623238417062245e-12
23100.056 4.129802881667025e-11
23150.056 4.744969422652441e-11
23200.056 2.5846095364399628e-12
23250.056 6.075733619141966e-12
23300.056 6.701201415855431e-12
23350.056 1.0667879110429792e-11
23400.056 1.0254860219326868e-11
23450.056 6.677623058461639e-12
23500.056 6.885115984715055e-12
23550.056 1.2929471408936998e-11
23600.056 2.0948518369003517e-11
23650.056 3.702239550208761e-11
23700.056 9.089077460454807e-12
23750.056 6.375148383373331e-12
23800.056 2.4514881972747215e-11
23850.056 1.9468423106641003e-11
23900.056 4.089887086650638e-11
23950.056 2.994997453531439e-11
24000.056 5.308462892741123e-11
24050.056 7.595803322029771e-11
24100.056 7.917138962456752e-11
24150.056 1.1149191027092732e-10
24200.056 7.772762246769135e-11
24250.056 6.090601553256994e-11
24300.056 9.94927532870432e-11
24350.056 8.430300988911035e-11
24400.056 1.7755868279029048e-10
24450.056 2.117550142264692e-10
24500.056 1.9398326745656952e-10
24550.056 2.919462516243479e-10
24600.056 3.014905959366426e-10
24650.056 4.745768546027515e-10
24700.056 2.574173823896678e-10
24750.056 3.746864771588863e-10
24800.056 3.543734411981415e-10
24850.056 5.470266077479736e-10
24900.056 2.9272767745132117e-10
24950.056 5.922082370119738e-10
25000.056 6.016695501680317e-10
25050.056 4.145925270140008e-10
25100.056 6.281820315119243e-10
25150.056 2.968744114071369e-10
25200.056 4.724196767317224e-10
25250.056 2.1940391055445524e-10
25300.056 3.452677566060501e-10
25350.056 1.5401759968175778e-10
25400.056 4.000591932191704e-10
25450.056 1.2111472490696774e-10
25500.056 1.1378108038393849e-10
25550.056 2.0603957737729923e-10
25600.056 9.940700044293234e-11
25650.056 5.957415843808518e-11
25700.056 8.757067943105067e-11
25750.056 2.377988194251037e-11
25800.056 1.1716392431937198e-10
25850.056 2.396838734860607e-11
25900.056 3.399188004177509e-11
25950.056 9.206506859106547e-12
26000.056 1.1037853463234706e-10
26050.056 1.5443972651837366e-11
26100.056 6.839781416101475e-11
26150.056 3.257449333872844e-11
26200.056 4.6476272605707124e-11
26250.056 2.4492423638413483e-10
26300.056 6.252080555845584e-11
26350.056 3.608515827539747e-10
26400.056 4.919322200506284e-10
26450.056 4.381158373289165e-10
26500.056 7.651986518877566e-10
26550.056 1.1341547204726613e-10
26600.056 1.5200369354298045e-10
26650.056 2.4639983439203122e-11
26700.056 1.4671784681875645e-11
26750.056 1.9632810296577205e-11
26800.056 6.115710926665168e-11
26850.056 3.339609067281438e-11
26900.056 1.617007006349584e-10
26950.056 5.517080731536938e-11
27000.056 3.051422881320494e-10
27050.056 3.014835582824568e-10
27100.056 4.7635136532602416e-11
27150.056 4.0671988089625614e-10
27200.056 4.587594725759689e-11
27250.056 1.4775109078395368e-10
27300.056 9.059933415992187e-10
27350.056 3.409630612541036e-10
27400.056 1.877158897121823e-11
27450.056 4.383775245120585e-10
27500.056 4.751702083514038e-10
27550.056 8.398007675889871e-11
27600.056 2.439634944724255e-10
27650.056 6.358118039824504e-11
27700.056 5.2474719941764105e-11
27750.056 3.384037966343026e-10
27800.056 8.624179084492112e-11
27850.056 1.565887830373095e-10
27900.056 1.5029434791966006e-10
27950.056 4.1203417005744603e-10
28000.056 3.732674675587713e-10
28050.056 4.5071087774158006e-11
28100.056 3.4002743029770534e-10
28150.056 2.59513467974472e-10
28200.056 7.454446542733524e-11
28250.056 4.687370758231543e-10
28300.056 4.530736675290798e-10
28350.056 9.817641912056862e-11
28400.056 3.126161572798385e-10
28450.056 5.437679626888317e-10
28500.056 3.410502107237153e-10
28550.056 8.000334140585355e-11
28600.056 5.954044063327423e-10
28650.056 4.0529060783337826e-10
28700.056 5.398883171437367e-10
28750.056 8.287475900626291e-10
28800.056 3.682565141281841e-10
28850.056 7.690319312915949e-10
