galfind/configs/Brown_Dwarf_templates/sonora_bobcat/m+0.5/31g/sp_t275g31nc_m+0.5_resample.dat
# %ECSV 1.0
# ---
# datatype:
# - {name: wav, unit: Angstrom, datatype: float64}
# - {name: flux_nu, unit: erg / (cm2 Hz s), datatype: float64}
# meta: {C/O: '1.00', Kzz: '1.0000E+05', Teff: '275.', Y: '0.28', '[Fe/H]': '0.50', f_hole: '1.00', f_rain: '0.00', grav: '32.'}
# schema: astropy-2.0
wav flux_nu
4000.0559999999996 nan
4050.0559999999996 2.488764876332063e-19
4100.056 5.8499487972000945e-18
4150.056 2.7409550582000137e-17
4200.056 3.027916699140008e-17
4250.056 1.6545186674700102e-16
4300.056 3.469584783800001e-16
4350.056 6.200747798400021e-16
4400.056 1.010940229559994e-15
4450.056 1.5134281602199855e-15
4500.056 2.47305378080001e-15
4550.056 3.037947846730002e-15
4600.056 1.8291299080999956e-15
4650.056 1.6221044737999959e-15
4700.056 1.280906600320005e-15
4750.056 9.67165528380005e-16
4800.056 7.459321719299978e-16
4850.056 4.583430586099988e-16
4900.056 3.134161273400007e-16
4950.056 2.454227936900005e-16
5000.056 1.6983082074499947e-16
5050.056 1.1708583624699915e-16
5100.056 1.420069393090055e-16
5150.056 1.8816391582000234e-16
5200.056 2.345711281700022e-16
5250.056 2.735387711200005e-16
5300.056 3.173791339900007e-16
5350.056 3.6787444541000083e-16
5400.056 4.0004028952000204e-16
5450.056 4.595760630400144e-16
5500.056 5.465489365500082e-16
5550.056 6.498319404200013e-16
5600.056 7.451454195100015e-16
5650.056 8.211988764199958e-16
5700.056 7.825807168860003e-16
5750.056 8.008844455400018e-16
5800.056 7.335264983799958e-16
5850.056 4.915778945739884e-16
5900.056 1.003480811021088e-16
5950.056 7.704153349697657e-16
6000.056 1.7994190382729063e-15
6050.056 3.856586191150107e-15
6100.056 6.9601047821001374e-15
6150.056 1.0934996066000094e-14
6200.056 1.6052733882000118e-14
6250.056 2.058800620839991e-14
6300.056 2.86883469356998e-14
6350.056 3.8077696019999894e-14
6400.056 4.834137908000024e-14
6450.056 4.3495907424458124e-14
6500.056 5.356962183920748e-14
6550.056 7.508633560168006e-14
6600.056 1.1101236678624198e-13
6650.056 1.7163629427250382e-13
6700.056 2.526106485880006e-13
6750.056 3.632650153200038e-13
6800.056 4.1813822142001084e-13
6850.056 4.1610827725000103e-13
6900.056 2.763748052757053e-13
6950.056 1.3867627006603652e-13
7000.056 1.7000192980540713e-13
7050.056 1.5848626372417753e-13
7100.056 1.7350493321415615e-13
7150.056 9.726817566655234e-14
7200.056 3.9712291782987135e-14
7250.056 6.026370756531495e-14
7300.056 6.687365786619836e-14
7350.056 1.138771655175464e-13
7400.056 1.7860061076046665e-13
7450.056 3.425798651954431e-13
7500.056 5.451416372469904e-13
7550.056 7.743611032400022e-13
7600.056 9.518559956500004e-13
7650.056 6.081677248209919e-13
7700.056 6.327423605060087e-13
7750.056 1.3985129484000111e-12
7800.056 1.46469214089996e-12
7850.056 1.3541706883149842e-12
7900.056 1.4779710794455326e-12
7950.056 1.6844145887700336e-12
8000.056 1.4910947308548934e-12
8050.056 1.5678218999300757e-12
8100.056 6.112286440788779e-13
8150.056 2.9151386850560276e-13
8200.056 7.677660039099217e-13
8250.056 8.747694227733757e-13
8300.056 8.112021560718115e-13
8350.056 6.155915552808446e-13
8400.056 6.559586269946043e-13
8450.056 1.141808557133192e-12
8500.056 1.4114842767480312e-12
8550.056 1.952476472242034e-12
8600.056 2.4776744007999826e-12
8650.056 2.564257675760078e-12
8700.056 1.6123007720600674e-12
8750.056 1.274412627310015e-12
8800.056 7.227706444946814e-13
8850.056 2.740701543376557e-13
8900.056 1.5104055311548027e-15
8950.056 8.508132135696286e-16
9000.056 5.611331371605653e-16
9050.056 5.3120146422762124e-15
9100.056 1.1233201726870138e-14
9150.056 4.2631769114588087e-14
9200.056 2.8669954610522157e-13
9250.056 2.76125246803273e-13
9300.056 1.0870540580374413e-15
9350.056 9.079698241451616e-16
9400.056 1.2478586556567218e-14
9450.056 1.0128136590744779e-14
9500.056 9.6514291875295e-15
9550.056 9.989085411714134e-15
9600.056 1.3338193958494121e-14
9650.056 3.8976639550536674e-14
9700.056 1.7520087960862396e-13
9750.056 8.061001843915344e-14
9800.056 4.757287145493209e-14
9850.056 3.628794211646926e-14
9900.056 4.692645584806987e-14
9950.056 2.6794535131773373e-14
10000.056 3.392229535008958e-14
10050.056 2.1307509536088755e-14
10100.056 2.050961513284177e-14
10150.056 9.130922250886673e-15
10200.056 1.8914433675192948e-15
10250.056 2.314533952741092e-15
10300.056 7.775835495257125e-15
10350.056 3.3663865983186058e-15
10400.056 3.3973329513139756e-14
10450.056 1.3728603343247613e-13
10500.056 5.377252536397458e-13
10550.056 2.1776841083757865e-12
10600.056 4.845406663190334e-12
10650.056 6.9497278150563395e-12
10700.056 6.158638224562612e-12
10750.056 8.519893092194906e-12
10800.056 8.664053632375119e-12
10850.056 6.3727176990965465e-12
10900.056 2.857577234805372e-12
10950.056 1.078089914186158e-12
11000.056 4.468126604069067e-13
11050.056 2.0203131609265757e-13
11100.056 4.333237489313781e-14
11150.056 5.827526909725684e-15
11200.056 7.203799977298909e-16
11250.056 3.6516973842618357e-16
11300.056 4.6565472049543676e-15
11350.056 2.3175715915568184e-16
11400.056 3.749973086179004e-15
11450.056 1.971313686261842e-15
11500.056 1.4223337709749574e-15
11550.056 9.352529150374571e-17
11600.056 1.3671004621514053e-17
11650.056 3.3979506341768117e-16
11700.056 3.837803376313218e-16
11750.056 3.38728507996222e-17
11800.056 3.8371651661542836e-16
11850.056 2.891483703918337e-16
11900.056 2.1714143076304415e-16
11950.056 5.628135781032938e-16
12000.056 1.130851768147037e-15
12050.056 2.3031829497195055e-15
12100.056 4.569811229561523e-15
12150.056 6.24286363036132e-15
12200.056 6.3440919237650364e-15
12250.056 3.133534384149727e-14
12300.056 1.0320561313017001e-13
12350.056 1.4648912339548298e-13
12400.056 4.973266416787245e-13
12450.056 1.4590746061189319e-12
12500.056 1.853656614185003e-12
12550.056 2.662537705434712e-12
12600.056 8.498269863016161e-12
12650.056 2.198514577027156e-11
12700.056 2.2935558507257694e-11
12750.056 6.617925960712817e-12
12800.056 1.3955993202669334e-12
12850.056 4.1086127368086594e-13
12900.056 2.3067647438390324e-13
12950.056 1.5181329356937912e-13
13000.056 1.3290831294985776e-13
13050.056 6.448159309223405e-14
13100.056 4.201904998030354e-14
13150.056 1.7605370658198854e-14
13200.056 2.1682075949380254e-14
13250.056 2.7999138192729815e-14
13300.056 1.2014674714836542e-14
13350.056 3.44115318577147e-15
13400.056 2.2885398745164917e-15
13450.056 3.9546474643894077e-16
13500.056 5.4625498032387696e-17
13550.056 7.87288043942896e-18
13600.056 2.835055364822286e-19
13650.056 6.2961042855392205e-18
13700.056 1.6168363216451532e-18
13750.056 1.1532604395667461e-17
13800.056 4.828060267788684e-18
13850.056 2.5073016440158707e-18
13900.056 1.2636807384597511e-17
13950.056 5.2497005561266295e-18
14000.056 1.0210637206377019e-17
14050.056 1.63512070336606e-17
14100.056 2.807261728352101e-17
14150.056 1.9530468167251536e-16
14200.056 8.98142028224166e-17
14250.056 2.261800601237927e-16
14300.056 6.683223791278376e-16
14350.056 7.408949725643987e-16
14400.056 8.004773211790444e-16
14450.056 1.927265801163013e-15
14500.056 5.8775361914665835e-15
14550.056 8.382775854095627e-15
14600.056 6.548595838178268e-15
14650.056 1.7437946400565048e-15
14700.056 7.042835113171538e-16
14750.056 7.865718174493552e-17
14800.056 2.456751753218073e-16
14850.056 2.818779404717761e-16
14900.056 2.276641446609886e-16
14950.056 1.0289612129900135e-16
15000.056 4.527327722860871e-16
15050.056 6.461250667722255e-16
15100.056 1.6665293495735104e-16
15150.056 4.330986502812053e-17
15200.056 4.3752010882698704e-16
15250.056 1.2291451660221667e-15
15300.056 1.6457505725358027e-15
15350.056 4.1541285868367236e-15
15400.056 4.5182754596065514e-15
15450.056 6.469726666025349e-15
15500.056 8.990176346981064e-15
15550.056 4.135745068025457e-14
15600.056 6.714700324186363e-14
15650.056 2.122778284956458e-13
15700.056 5.335822432845382e-13
15750.056 1.0650619857648177e-12
15800.056 1.3089461807788918e-12
15850.056 2.1399449415325837e-12
15900.056 3.2095441295298285e-12
15950.056 4.6970400711068886e-12
16000.056 4.602490018875735e-12
16050.056 2.6452183505190003e-12
16100.056 1.3386816600110978e-12
16150.056 4.975659819496455e-13
16200.056 1.7686674709000607e-13
16250.056 7.676450058100602e-14
16300.056 2.4870163820979277e-14
16350.056 3.344309262905402e-14
16400.056 4.841221705969168e-14
16450.056 2.9170405902804145e-14
16500.056 2.2231428207854428e-14
16550.056 1.5873622511068704e-14
16600.056 6.674048915572698e-14
16650.056 3.531646159655902e-14
16700.056 3.0374790011901564e-15
16750.056 1.2789493034511554e-14
16800.056 3.1007677100962944e-14
16850.056 3.000268454570327e-14
16900.056 7.218550833665166e-15
16950.056 2.3013915423198974e-15
17000.056 7.510269256995926e-16
17050.056 1.6808095732588109e-15
17100.056 6.698735583937788e-15
17150.056 2.465632553136482e-15
17200.056 2.9086546846478305e-14
17250.056 4.784217448887149e-15
17300.056 3.614838284856473e-15
17350.056 4.79081120754729e-15
17400.056 1.83171250364554e-14
17450.056 2.437156877650352e-14
17500.056 5.111415006489076e-14
17550.056 4.814480036237533e-14
17600.056 3.422457523643018e-14
17650.056 2.170912545028308e-14
17700.056 1.6737675616656585e-14
17750.056 1.9051196557954084e-14
17800.056 1.4760514882231305e-13
17850.056 1.8748977067717928e-14
17900.056 1.7206223452799446e-14
17950.056 1.4156588064251737e-14
18000.056 2.2273835760914103e-14
18050.056 2.0550488431369062e-14
18100.056 3.027827066636058e-14
18150.056 1.0476714760920351e-14
18200.056 8.837275279507814e-15
18250.056 6.244499180570257e-14
18300.056 2.747758176928271e-15
18350.056 2.1907211880665907e-15
18400.056 6.039875453598354e-16
18450.056 1.727384168499584e-14
18500.056 1.332734841388586e-14
18550.056 5.237540746385989e-15
18600.056 1.9264181518323654e-14
18650.056 1.4597598369787163e-14
18700.056 3.9497843267433096e-16
18750.056 9.794038960540623e-16
18800.056 4.766311135486215e-14
18850.056 3.816291436295455e-14
18900.056 5.812859676506932e-14
18950.056 7.21572372689991e-14
19000.056 4.7537163757851565e-15
19050.056 1.9275431053723767e-15
19100.056 9.163603666583295e-15
19150.056 3.111365452504837e-15
19200.056 8.199637322728689e-15
19250.056 5.9501012412648674e-15
19300.056 2.5921796489199164e-15
19350.056 2.5930812909068407e-15
19400.056 1.8985704242929313e-15
19450.056 3.899675791388098e-15
19500.056 1.047123011692982e-15
19550.056 6.4459880906240544e-15
19600.056 2.7645719481104987e-14
19650.056 1.461139101542906e-14
19700.056 1.99629021324776e-14
19750.056 5.737403933867202e-14
19800.056 1.9399429979920287e-14
19850.056 2.5809379180323806e-14
19900.056 5.40873599817974e-14
19950.056 8.308055332779226e-14
20000.056 1.230764090618667e-13
20050.056 7.605275945181776e-14
20100.056 1.3550300560709517e-13
20150.056 7.396010555345688e-14
20200.056 3.5602352347138854e-14
20250.056 1.560060306502825e-13
20300.056 2.3983965345330843e-13
20350.056 3.9120923592467175e-13
20400.056 2.1801773540232222e-13
20450.056 5.155722139130977e-13
20500.056 7.418606456479069e-13
20550.056 9.94181258303339e-13
20600.056 1.1419605185275666e-12
20650.056 1.757661139526655e-12
20700.056 2.0653038618716742e-12
20750.056 2.9961841276927906e-12
20800.056 2.6065453423675554e-12
20850.056 3.713553945032944e-12
20900.056 4.556336883425991e-12
20950.056 4.171042408799071e-12
21000.056 4.251112561657819e-12
21050.056 5.0335137568690025e-12
21100.056 4.638750511055719e-12
21150.056 4.748808094990349e-12
21200.056 4.101654704866733e-12
21250.056 3.885178302287629e-12
21300.056 2.9963949362152705e-12
21350.056 2.9809623639878584e-12
21400.056 2.8768855541148787e-12
21450.056 1.7632623662098451e-12
21500.056 1.379595334274884e-12
21550.056 1.5175025934712505e-12
21600.056 1.0470216455686544e-12
21650.056 5.755447471472125e-13
21700.056 2.687628184271354e-13
21750.056 4.808756039813409e-13
21800.056 2.592889672026083e-13
21850.056 2.835852281865558e-13
21900.056 1.688078220495094e-13
21950.056 2.3706190167551086e-14
22000.056 8.001870556158167e-16
22050.056 3.4839529026795124e-15
22100.056 2.1389717538194974e-14
22150.056 1.1725860926069183e-14
22200.056 9.454363664517442e-15
22250.056 6.8137387065249884e-15
22300.056 1.6307565041797814e-15
22350.056 4.042675830705841e-15
22400.056 7.800278440188778e-16
22450.056 1.6680739969343581e-15
22500.056 1.3168294518294164e-15
22550.056 2.465656930736192e-16
22600.056 1.8025928465510444e-16
22650.056 4.2211046276629823e-16
22700.056 4.3625538328996093e-16
22750.056 1.1642463804263026e-15
22800.056 1.292293171145937e-15
22850.056 7.703355155319974e-16
22900.056 5.321198531345507e-16
22950.056 1.684038250766589e-16
23000.056 4.906047095552742e-16
23050.056 2.800391173514285e-16
23100.056 8.899334400811222e-15
23150.056 1.588702930773955e-14
23200.056 7.946971826610851e-17
23250.056 9.514400423443823e-16
23300.056 6.209493911774941e-16
23350.056 2.00491737128243e-15
23400.056 1.3992251774983005e-15
23450.056 3.0417701229364315e-16
23500.056 3.0973644959325156e-16
23550.056 1.2540287540359913e-15
23600.056 6.604822393039453e-15
23650.056 9.962251688457029e-15
23700.056 5.119200564843123e-16
23750.056 6.888877643799596e-16
23800.056 1.0002396738318146e-14
23850.056 4.2323702935385095e-15
23900.056 1.5175836832167567e-14
23950.056 3.2212969421918917e-15
24000.056 2.1587834940005214e-14
24050.056 2.91659855477731e-14
24100.056 7.720701995267126e-14
24150.056 9.858322475227643e-14
24200.056 3.620151358800156e-14
24250.056 2.938878702587954e-14
24300.056 6.115998092069834e-14
24350.056 5.917291077702595e-14
24400.056 2.766732601586782e-13
24450.056 3.6000350158922083e-13
24500.056 3.0363190794121724e-13
24550.056 5.853385518925391e-13
24600.056 6.352988269334086e-13
24650.056 1.4837833708031415e-12
24700.056 7.051283968014068e-13
24750.056 1.1155741111250837e-12
24800.056 7.767399980375039e-13
24850.056 1.4979467994804153e-12
24900.056 7.612790509010279e-13
24950.056 1.2024919702382992e-12
25000.056 1.7449350250755364e-12
25050.056 1.1716241917470078e-12
25100.056 1.7235463153606446e-12
25150.056 5.639879120040629e-13
25200.056 9.328923293729038e-13
25250.056 3.2225599522762093e-13
25300.056 2.6129484823397117e-13
25350.056 1.4055548789742873e-13
25400.056 3.593481967056262e-13
25450.056 6.091572250466852e-14
25500.056 4.667511058317178e-14
25550.056 1.4398877053934724e-13
25600.056 3.7619957509762715e-14
25650.056 1.5415579300014218e-14
25700.056 9.840771690642842e-15
25750.056 3.5040746142677037e-15
25800.056 1.8173053713969716e-14
25850.056 2.7994158054860614e-15
25900.056 2.925845772800555e-15
25950.056 1.4075751973598805e-15
26000.056 1.0661445971773454e-14
26050.056 1.7214711896146828e-15
26100.056 5.287234402484808e-15
26150.056 2.458465674634736e-15
26200.056 3.274042520740357e-15
26250.056 1.8926770999985373e-14
26300.056 4.190571700333285e-15
26350.056 6.029826518346608e-14
26400.056 1.791448391927388e-13
26450.056 8.56846846875781e-14
26500.056 3.184407122987568e-13
26550.056 1.4264281737185278e-14
26600.056 1.3517151629711273e-14
26650.056 3.0097175054410608e-15
26700.056 3.2103667044501927e-15
26750.056 4.9878248910690585e-15
26800.056 1.677159881988937e-14
26850.056 1.094740487022187e-14
26900.056 4.5431793295748195e-14
26950.056 1.0534204579077974e-14
27000.056 5.361016640585486e-14
27050.056 1.1375481267602793e-13
27100.056 6.6329784636061595e-15
27150.056 7.83010448816458e-14
27200.056 8.351537691836226e-15
27250.056 2.662997468314505e-14
27300.056 3.237438470329874e-13
27350.056 7.958807267820178e-14
27400.056 7.42153432028189e-15
27450.056 1.4326582916091454e-13
27500.056 1.713883974852151e-13
27550.056 2.968059576760582e-14
27600.056 9.15786115260783e-14
27650.056 2.5713363408469626e-14
27700.056 3.178499892104437e-14
27750.056 1.8741741302776152e-13
27800.056 5.436530668890074e-14
27850.056 1.25189547248153e-13
27900.056 1.4059426378463527e-13
27950.056 3.1364216760553166e-13
28000.056 5.03502847216161e-13
28050.056 3.143518982107399e-14
28100.056 4.3457963061118583e-13
28150.056 3.429470086925314e-13
28200.056 5.2576750152198664e-14
28250.056 6.033283499477297e-13
28300.056 4.974467732337534e-13
28350.056 6.186801367544963e-14
28400.056 2.670344310619091e-13
28450.056 5.81410833190907e-13
28500.056 2.282594015811146e-13
28550.056 6.171587881390913e-14
28600.056 5.724504912601466e-13
28650.056 2.083606948277961e-13
28700.056 6.83373782834675e-13
28750.056 8.516643059279726e-13
28800.056 1.5960490379025216e-13
