galfind/configs/Brown_Dwarf_templates/sonora_bobcat/m+0.5/31g/sp_t1300g31nc_m+0.5_resample.dat
# %ECSV 1.0
# ---
# datatype:
# - {name: wav, unit: Angstrom, datatype: float64}
# - {name: flux_nu, unit: erg / (cm2 Hz s), datatype: float64}
# meta: {C/O: '1.00', Kzz: '1.0000E+05', Teff: '1300.', Y: '0.28', '[Fe/H]': '0.50', f_hole: '1.00', f_rain: '0.00', grav: '32.'}
# schema: astropy-2.0
wav flux_nu
4000.0559999999996 nan
4050.0559999999996 3.8163988185696776e-11
4100.056 1.5528716698999826e-10
4150.056 1.7278270619602022e-10
4200.056 1.5098496560221418e-10
4250.056 1.863462771340645e-10
4300.056 1.9000841802403177e-10
4350.056 2.0559903316200728e-10
4400.056 2.437903646130347e-10
4450.056 2.3310321293500285e-10
4500.056 2.459302470240172e-10
4550.056 3.016003887426457e-10
4600.056 3.267407021720128e-10
4650.056 3.139004098469669e-10
4700.056 3.698864143750397e-10
4750.056 3.8078449586998485e-10
4800.056 2.6485142162200134e-10
4850.056 2.1404556721799531e-10
4900.056 1.7735528282300193e-10
4950.056 1.1111220234999944e-10
5000.056 3.909995221099819e-11
5050.056 1.290365521410032e-11
5100.056 9.577948451100036e-12
5150.056 7.78655297880006e-12
5200.056 6.285817542899909e-12
5250.056 4.636313612699967e-12
5300.056 3.3873944006999845e-12
5350.056 2.49635492779998e-12
5400.056 1.878833617299994e-12
5450.056 1.426458613899995e-12
5500.056 1.082473360949996e-12
5550.056 8.126581043899986e-13
5600.056 6.098966411999975e-13
5650.056 4.529450911999987e-13
5700.056 3.328673640299988e-13
5750.056 2.374554855599988e-13
5800.056 1.6266291541999916e-13
5850.056 9.622942252099893e-14
5900.056 2.978689431763438e-14
5950.056 1.9395222598100326e-13
6000.056 5.118195395100064e-13
6050.056 1.247559344420013e-12
6100.056 2.869297648900028e-12
6150.056 6.317924480400064e-12
6200.056 1.3166583370600119e-11
6250.056 2.6064429196000232e-11
6300.056 4.934397063500045e-11
6350.056 8.987228053300072e-11
6400.056 1.567460573600013e-10
6450.056 2.609744532400015e-10
6500.056 4.192121225800045e-10
6550.056 6.508825231700022e-10
6600.056 9.838829252800143e-10
6650.056 1.4126977901000208e-09
6700.056 1.188087016118964e-09
6750.056 2.524478506100032e-09
6800.056 3.3545145576000515e-09
6850.056 3.8331701563000135e-09
6900.056 3.599882445100066e-09
6950.056 3.11388409267992e-09
7000.056 3.042166125700023e-09
7050.056 3.2802897943999864e-09
7100.056 3.5958838017999725e-09
7150.056 3.6744323909199384e-09
7200.056 3.750128133420055e-09
7250.056 3.64480406089985e-09
7300.056 3.1985535438699967e-09
7350.056 2.6253109085499503e-09
7400.056 2.1177779754000356e-09
7450.056 1.6512914011400164e-09
7500.056 1.2004390968699882e-09
7550.056 7.896050475599915e-10
7600.056 4.365409578999931e-10
7650.056 5.616823858525083e-11
7700.056 2.3211948637257666e-11
7750.056 2.8438457563900914e-10
7800.056 7.494978751724179e-10
7850.056 1.9744234323000188e-09
7900.056 3.48768749640004e-09
7950.056 4.249674188947965e-09
8000.056 7.998695311599985e-09
8050.056 1.1337924255599795e-08
8100.056 1.481011449920002e-08
8150.056 1.9556117506400266e-08
8200.056 2.387981508170188e-08
8250.056 3.194487642225284e-08
8300.056 3.883582420879295e-08
8350.056 4.68483211067961e-08
8400.056 5.47670274974979e-08
8450.056 5.934796600839542e-08
8500.056 6.057861605857107e-08
8550.056 7.185224005600284e-08
8600.056 7.703241838799253e-08
8650.056 7.287514008898375e-08
8700.056 7.49524593069987e-08
8750.056 8.416523106600544e-08
8800.056 1.0132383863201317e-07
8850.056 1.1626896626898617e-07
8900.056 1.205668765232956e-07
8950.056 1.1190557016692303e-07
9000.056 1.4603312661738702e-07
9050.056 1.6168982648250196e-07
9100.056 1.8194272845110558e-07
9150.056 1.8251948020857312e-07
9200.056 1.9829811460721675e-07
9250.056 1.8106207509352495e-07
9300.056 1.1321607450295696e-07
9350.056 1.2072453042763523e-07
9400.056 1.350987872082885e-07
9450.056 1.6091223018904557e-07
9500.056 1.6465295974731308e-07
9550.056 1.8092623527642316e-07
9600.056 1.6483066780816484e-07
9650.056 1.7764497039400116e-07
9700.056 1.860686865059419e-07
9750.056 1.823760376379178e-07
9800.056 1.9597431505737622e-07
9850.056 2.1470263939429768e-07
9900.056 2.12141893009466e-07
9950.056 2.0874395507086233e-07
10000.056 2.0468608915793352e-07
10050.056 2.316148439890091e-07
10100.056 2.771987134759347e-07
10150.056 3.0655316940290267e-07
10200.056 3.4392192507995416e-07
10250.056 3.615230385599191e-07
10300.056 3.796353303600157e-07
10350.056 4.3156299056997803e-07
10400.056 4.795041660399614e-07
10450.056 4.897120706800404e-07
10500.056 4.4875381855000223e-07
10550.056 4.4167252261008384e-07
10600.056 4.6596051958003016e-07
10650.056 5.091505869800058e-07
10700.056 5.414253124130502e-07
10750.056 5.960763951940223e-07
10800.056 6.488783329700192e-07
10850.056 6.941101302408809e-07
10900.056 5.970784109523195e-07
10950.056 4.26168272862665e-07
11000.056 4.2149264389304775e-07
11050.056 3.8550942518613697e-07
11100.056 3.6496226148704024e-07
11150.056 3.323282964093074e-07
11200.056 3.2514216031230937e-07
11250.056 3.6845347214836474e-07
11300.056 3.5987935725362667e-07
11350.056 2.56437082381284e-07
11400.056 2.8158624078234106e-07
11450.056 2.994300053231303e-07
11500.056 3.486951270979488e-07
11550.056 3.0254639361247794e-07
11600.056 3.3595983834054715e-07
11650.056 3.466544755694777e-07
11700.056 2.9742815346514757e-07
11750.056 2.820995884224055e-07
11800.056 3.0810062058323887e-07
11850.056 3.90657236459558e-07
11900.056 4.009066493141626e-07
11950.056 4.740215738211626e-07
12000.056 4.851815425390304e-07
12050.056 5.495117222941912e-07
12100.056 5.736428947619791e-07
12150.056 6.47113584841882e-07
12200.056 7.034364588447557e-07
12250.056 7.629223552967243e-07
12300.056 8.226742609451903e-07
12350.056 8.583292808541106e-07
12400.056 8.678975985699805e-07
12450.056 8.35804215084078e-07
12500.056 9.028921375799342e-07
12550.056 9.341418687670597e-07
12600.056 1.0485629474440544e-06
12650.056 1.0598087683939144e-06
12700.056 1.1356590905831837e-06
12750.056 1.1386170057750717e-06
12800.056 1.1976392692431552e-06
12850.056 1.1406869429057012e-06
12900.056 1.07408015432449e-06
12950.056 1.1273827792283172e-06
13000.056 1.0792043050120702e-06
13050.056 1.0717594030153976e-06
13100.056 1.0333787608284462e-06
13150.056 9.736375280458836e-07
13200.056 9.017037193640046e-07
13250.056 7.917414081640064e-07
13300.056 5.459005773781764e-07
13350.056 2.4899989340914227e-07
13400.056 1.9124847244604804e-07
13450.056 1.4240601302703923e-07
13500.056 1.2810319875871591e-07
13550.056 1.1229704712909756e-07
13600.056 8.905953979591434e-08
13650.056 1.207664951650672e-07
13700.056 9.902105977429723e-08
13750.056 9.580760093284518e-08
13800.056 1.1909696128175946e-07
13850.056 1.1384026275227643e-07
13900.056 1.160573627469243e-07
13950.056 1.1101751358124729e-07
14000.056 1.055614379449979e-07
14050.056 1.0395268067976661e-07
14100.056 8.757163986030238e-08
14150.056 9.477536363907574e-08
14200.056 8.472469010916933e-08
14250.056 8.404678212582042e-08
14300.056 9.580166698689198e-08
14350.056 8.98964472264275e-08
14400.056 1.0666034316914769e-07
14450.056 1.0868510471768293e-07
14500.056 1.4272245095161943e-07
14550.056 1.5303424130537406e-07
14600.056 1.6439896116456466e-07
14650.056 1.6852329326952936e-07
14700.056 1.4762395762959803e-07
14750.056 1.685119730980209e-07
14800.056 1.924222430495602e-07
14850.056 2.0979958569865248e-07
14900.056 2.1929878642451812e-07
14950.056 2.2074763842451494e-07
15000.056 2.3714117794861787e-07
15050.056 2.697327737970518e-07
15100.056 2.863685699562434e-07
15150.056 3.20137523865236e-07
15200.056 3.249945898855666e-07
15250.056 3.3974824866361326e-07
15300.056 3.7486425060215236e-07
15350.056 3.9302778499634297e-07
15400.056 4.295450645120223e-07
15450.056 4.676929759950785e-07
15500.056 4.814393485858545e-07
15550.056 5.292893427889915e-07
15600.056 5.102795939120501e-07
15650.056 5.6143284000706e-07
15700.056 6.452290330323974e-07
15750.056 6.971586809449813e-07
15800.056 6.870957837433709e-07
15850.056 7.72039943231823e-07
15900.056 7.828648836551762e-07
15950.056 8.693325831028408e-07
16000.056 8.833268197749726e-07
16050.056 8.960233399579847e-07
16100.056 9.488100272681549e-07
16150.056 9.474836192401471e-07
16200.056 9.697248591857506e-07
16250.056 1.0036772504029495e-06
16300.056 9.934381252919454e-07
16350.056 1.052299532412968e-06
16400.056 1.1111075620401781e-06
16450.056 1.1377893750039184e-06
16500.056 1.2189745947753204e-06
16550.056 1.2332684376182634e-06
16600.056 1.199826082152416e-06
16650.056 1.2456235432207422e-06
16700.056 1.2049953987550172e-06
16750.056 1.279017997169769e-06
16800.056 1.4195638297819206e-06
16850.056 1.373193724341109e-06
16900.056 1.369295405270052e-06
16950.056 1.315978864522895e-06
17000.056 1.253632126591086e-06
17050.056 1.2626547906890648e-06
17100.056 1.1475755347424864e-06
17150.056 1.049801596415804e-06
17200.056 9.49569888109873e-07
17250.056 8.737218099551567e-07
17300.056 8.468350600888892e-07
17350.056 7.639628529136783e-07
17400.056 8.1236217995923e-07
17450.056 7.100072379054461e-07
17500.056 6.74928247675054e-07
17550.056 6.756144990418446e-07
17600.056 6.366226268143191e-07
17650.056 6.105770183391926e-07
17700.056 4.803295995284936e-07
17750.056 4.25209344451702e-07
17800.056 4.822834511510717e-07
17850.056 3.8060681042222267e-07
17900.056 3.8310037435640755e-07
17950.056 3.662237678229572e-07
18000.056 3.3420470569701397e-07
18050.056 3.1712969716451206e-07
18100.056 3.009368566836697e-07
18150.056 3.847450386846643e-07
18200.056 2.5973343312747605e-07
18250.056 3.672960877232962e-07
18300.056 3.3765413318391935e-07
18350.056 2.819414406185279e-07
18400.056 2.908491763092585e-07
18450.056 2.630132187305922e-07
18500.056 2.7797668336826043e-07
18550.056 2.513443549536909e-07
18600.056 2.066396083652276e-07
18650.056 2.3531769009731565e-07
18700.056 2.525747787207588e-07
18750.056 2.522222732521234e-07
18800.056 2.838732480051567e-07
18850.056 3.3159361953796795e-07
18900.056 3.193263523991919e-07
18950.056 3.4249359134779463e-07
19000.056 3.5348415970396814e-07
19050.056 3.2496068821469043e-07
19100.056 3.6874660318394064e-07
19150.056 3.758838245734234e-07
19200.056 3.7328291348519794e-07
19250.056 3.506524829209397e-07
19300.056 3.669388734750533e-07
19350.056 3.2960734251347417e-07
19400.056 2.79049246482563e-07
19450.056 3.6689058320269967e-07
19500.056 3.493223572424117e-07
19550.056 2.742965246113346e-07
19600.056 3.5098416712688973e-07
19650.056 3.532695985936413e-07
19700.056 3.566012802188249e-07
19750.056 3.3889168644753294e-07
19800.056 3.533916597496467e-07
19850.056 3.852315223072272e-07
19900.056 3.207458543353406e-07
19950.056 4.1809695179905845e-07
20000.056 3.6283786898511947e-07
20050.056 4.001034389759647e-07
20100.056 4.459673524842164e-07
20150.056 4.3905550907684794e-07
20200.056 4.654235973781925e-07
20250.056 5.069877692080142e-07
20300.056 5.123586349749052e-07
20350.056 5.547708018188677e-07
20400.056 5.445978029987394e-07
20450.056 6.27750678644861e-07
20500.056 6.225781323521791e-07
20550.056 6.359964634991113e-07
20600.056 7.22019995664301e-07
20650.056 7.127663069933662e-07
20700.056 7.474481086011253e-07
20750.056 8.004790394197752e-07
20800.056 8.40636862438158e-07
20850.056 8.372218380588672e-07
20900.056 8.889657388447985e-07
20950.056 9.203473267960221e-07
21000.056 9.868323171800735e-07
21050.056 9.920446572249945e-07
21100.056 1.0199296008599227e-06
21150.056 1.1082361623200365e-06
21200.056 1.084386234658091e-06
21250.056 1.1678146725998746e-06
21300.056 1.105870191701806e-06
21350.056 1.2414765608379877e-06
21400.056 1.1574173637862743e-06
21450.056 1.3113138567550127e-06
21500.056 1.2134778461002402e-06
21550.056 1.241975662239914e-06
21600.056 1.280780123690273e-06
21650.056 1.2291745873902728e-06
21700.056 1.353922263419979e-06
21750.056 1.254145889541993e-06
21800.056 1.2236278853797165e-06
21850.056 1.2027568296100972e-06
21900.056 1.2009201443801349e-06
21950.056 1.081028601214203e-06
22000.056 9.501644585102748e-07
22050.056 8.134443332596364e-07
22100.056 9.585004510672496e-07
22150.056 1.0042770326171471e-06
22200.056 9.823156042263663e-07
22250.056 1.0061299284674145e-06
22300.056 9.674106804337055e-07
22350.056 9.175739553602454e-07
22400.056 9.036809938139556e-07
22450.056 8.578894525967463e-07
22500.056 8.834721468131195e-07
22550.056 7.883422319384935e-07
22600.056 8.348899672581694e-07
22650.056 7.942195504643183e-07
22700.056 7.602096593191225e-07
22750.056 8.00781242408097e-07
22800.056 7.13242085835882e-07
22850.056 6.927012007442536e-07
22900.056 7.077346011618177e-07
22950.056 4.202927800939593e-07
23000.056 4.98756117230032e-07
23050.056 5.770358955868208e-07
23100.056 6.08104957174941e-07
23150.056 6.304267497861238e-07
23200.056 4.552231919160736e-07
23250.056 3.8487070441694624e-07
23300.056 3.79629004393152e-07
23350.056 3.8383544142899557e-07
23400.056 3.777406261081662e-07
23450.056 4.1080563403900296e-07
23500.056 4.222573044150865e-07
23550.056 4.1763751655717596e-07
23600.056 4.207017006300393e-07
23650.056 4.835032322029657e-07
23700.056 4.090979318430228e-07
23750.056 3.786943648030981e-07
23800.056 3.542915724100661e-07
23850.056 3.324669388510713e-07
23900.056 4.3674456037002095e-07
23950.056 4.792798244872651e-07
24000.056 4.6121647187669044e-07
24050.056 4.984366250198664e-07
24100.056 4.2228507869084303e-07
24150.056 4.3757826244339615e-07
24200.056 4.577663145606886e-07
24250.056 4.1317506254612707e-07
24300.056 4.306811071430627e-07
24350.056 3.6712145986704724e-07
24400.056 4.3689467643893614e-07
24450.056 3.7438674995777077e-07
24500.056 3.5394209702895015e-07
24550.056 3.643654164311359e-07
24600.056 3.9148651250907423e-07
24650.056 4.2651744116299414e-07
24700.056 3.35090128797909e-07
24750.056 3.34822026360216e-07
24800.056 3.1719192740211216e-07
24850.056 3.919649120199771e-07
24900.056 2.7997622191624417e-07
24950.056 3.7086587407191717e-07
25000.056 3.2973723646901794e-07
25050.056 2.5173026204602564e-07
25100.056 3.104698594680163e-07
25150.056 2.527926394879752e-07
25200.056 2.7881573978092087e-07
25250.056 2.558347526749741e-07
25300.056 2.998957117760241e-07
25350.056 2.297725062310188e-07
25400.056 2.796542797880897e-07
25450.056 2.317297256849702e-07
25500.056 2.443007954090769e-07
25550.056 2.349992667200185e-07
25600.056 2.3303873359100486e-07
25650.056 2.0878254043797662e-07
25700.056 2.7595476727286914e-07
25750.056 1.906625516730553e-07
25800.056 2.72497730287051e-07
25850.056 2.142230136099187e-07
25900.056 2.513067941339837e-07
25950.056 2.0906852747499634e-07
26000.056 2.764588916420676e-07
26050.056 2.729084587059833e-07
26100.056 2.831878332529663e-07
26150.056 2.727104831759345e-07
26200.056 2.659917347389633e-07
26250.056 2.8633754017403433e-07
26300.056 2.7926264510103625e-07
26350.056 3.0606438818394523e-07
26400.056 3.219830753118429e-07
26450.056 3.2797529771304995e-07
26500.056 3.361371653788313e-07
26550.056 2.799062425558276e-07
26600.056 3.3287379249285425e-07
26650.056 2.3507048859096215e-07
26700.056 2.3031668170103318e-07
26750.056 1.9880270096287027e-07
26800.056 2.476844387959302e-07
26850.056 1.9391317493994528e-07
26900.056 2.642795197900357e-07
26950.056 1.88807079049988e-07
27000.056 2.590397559110155e-07
27050.056 2.1896025461206063e-07
27100.056 2.2207576023295483e-07
27150.056 2.5567477324703013e-07
27200.056 2.397042249491208e-07
27250.056 2.4293513739914577e-07
27300.056 2.9035187049797497e-07
27350.056 2.7828672313093765e-07
27400.056 2.212771831589804e-07
27450.056 3.309222462368291e-07
27500.056 3.053494213398668e-07
27550.056 2.6309837320202106e-07
27600.056 3.3652673350492017e-07
27650.056 2.4606142075192013e-07
27700.056 2.3479734640510014e-07
27750.056 3.1724335248680035e-07
27800.056 2.2576585062390247e-07
27850.056 2.5735946361778563e-07
27900.056 2.753127078610624e-07
27950.056 3.25738473185016e-07
28000.056 3.031277714921418e-07
28050.056 2.1893292033006017e-07
28100.056 3.417225478721291e-07
28150.056 2.7019806720807216e-07
28200.056 2.3011948896106052e-07
28250.056 3.1100700343803346e-07
28300.056 3.6943418281897384e-07
28350.056 2.6841163505491935e-07
28400.056 2.8668910272198707e-07
28450.056 3.137329687988872e-07
28500.056 3.149646647429369e-07
28550.056 2.2153961338290787e-07
28600.056 3.6799078571093883e-07
28650.056 3.436902822078691e-07
28700.056 3.2067367524895094e-07
28750.056 3.6899697491604185e-07
28800.056 3.359918096361062e-07
28850.056 3.7540014689007195e-07
