galfind/configs/Brown_Dwarf_templates/sonora_bobcat/m+0.5/31g/sp_t650g31nc_m+0.5_resample.dat
# %ECSV 1.0
# ---
# datatype:
# - {name: wav, unit: Angstrom, datatype: float64}
# - {name: flux_nu, unit: erg / (cm2 Hz s), datatype: float64}
# meta: {C/O: '1.00', Kzz: '1.0000E+05', Teff: '650.', Y: '0.28', '[Fe/H]': '0.50', f_hole: '1.00', f_rain: '0.00', grav: '32.'}
# schema: astropy-2.0
wav flux_nu
[from data line 498]
28900.056 4.88184078042634e-09
28950.056 1.1706321814258897e-08
29000.056 8.65748401036471e-09
29050.056 1.0160242729632699e-08
29100.056 7.450109727036816e-09
29150.056 1.1723650636510808e-08
29200.056 9.41004681927315e-09
29250.056 1.4972396329120012e-08
29300.056 6.935161140719956e-09
29350.056 2.162755200076777e-08
29400.056 1.0355651993556204e-08
29450.056 1.1500435180097151e-08
29500.056 1.4157231881483683e-08
29550.056 1.075274417421213e-08
29600.056 1.4102307416234998e-08
29650.056 1.6141105197952684e-08
29700.056 9.021329887106969e-09
29750.056 1.513291026130489e-08
29800.056 1.4867715574358336e-08
29850.056 1.7604309337559573e-08
29900.056 1.531088001146163e-08
29950.056 1.3876075580679272e-08
30000.056 2.8801536385878996e-09
30050.056 4.93949011813408e-09
30100.056 6.200900287470492e-09
30150.056 1.2164656046302892e-08
30200.056 8.853850153113763e-09
30250.056 1.840397834608959e-08
30300.056 1.8305987596306177e-08
30350.056 1.3483204682727645e-08
30400.056 1.8583544432350418e-08
30450.056 1.167583853991022e-08
30500.056 1.093866500197867e-08
30550.056 1.1428742875434753e-08
30600.056 1.479212982704522e-08
30650.056 1.036086234547401e-08
30700.056 9.254652393175127e-09
30750.056 1.2107870749328213e-08
30800.056 8.349070658309273e-09
30850.056 9.264524285813126e-09
30900.056 5.927034702600203e-09
30950.056 7.189705763423644e-09
31000.056 5.714407428954469e-09
31050.056 5.552607628555199e-09
31100.056 4.4109363905587435e-09
31150.056 6.416041096079917e-09
31200.056 6.350016594993379e-09
31250.056 4.601161870680595e-09
31300.056 3.791995364083023e-09
31350.056 4.592162297639583e-09
31400.056 3.4507512377280228e-09
31450.056 3.504411871308763e-09
31500.056 2.5840601760045367e-09
31550.056 3.0600314898139766e-09
31600.056 1.953638865631194e-09
31650.056 2.0297051016253087e-09
31700.056 2.1631653784577377e-09
31750.056 1.4840850596922744e-09
31800.056 2.15654527094739e-09
31850.056 1.2475676781949795e-09
31900.056 1.553097910356222e-09
31950.056 1.027923350406152e-09
32000.056 1.3282203041579984e-09
32050.056 1.567832910493257e-09
32100.056 1.4932474775600802e-09
32150.056 1.5826171929186898e-09
32200.056 1.182265170393667e-09
32250.056 1.8608736682982068e-09
32300.056 1.2169979781955e-09
32350.056 1.8239612343854724e-09
32400.056 1.126358982041467e-09
32450.056 1.6666598690911617e-09
32500.056 1.2332740785081016e-09
32550.056 1.3239582076321832e-09
32600.056 1.6845965895166406e-09
32650.056 3.104458568393298e-09
32700.056 2.106617067347642e-09
32750.056 3.360578345866945e-09
32800.056 2.896111472378612e-09
32850.056 3.808543854574609e-09
32900.056 4.009696261553939e-09
32950.056 4.53324595916446e-09
33000.056 3.4246023576360288e-09
33050.056 3.673156950465738e-09
33100.056 1.256804989043004e-09
33150.056 1.0369400450538946e-10
33200.056 1.7597153654559907e-10
33250.056 8.839505924759807e-11
33300.056 1.4365810281442818e-10
33350.056 3.849299787219327e-10
33400.056 7.534502558714635e-10
33450.056 1.1488568118236422e-09
33500.056 2.324692748652172e-09
33550.056 1.422236267206932e-09
33600.056 2.9704700483965567e-09
33650.056 2.69734713844943e-09
33700.056 2.2584657478093162e-09
33750.056 3.5918779313011753e-09
33800.056 2.3059526079887452e-09
33850.056 3.0483568142723557e-09
33900.056 2.5275391015664057e-09
33950.056 2.5387828472060038e-09
34000.056 3.6944753643901518e-09
34050.056 1.332213730059482e-09
34100.056 3.511351025649009e-09
34150.056 2.5610845253922815e-09
34200.056 2.9483034247632734e-09
34250.056 2.6848432395355033e-09
34300.056 2.535776101791903e-09
34350.056 2.2845080396057016e-09
34400.056 1.70788322266342e-09
34450.056 2.711553501000365e-09
34500.056 2.494037941377947e-09
34550.056 1.751097554862451e-09
34600.056 3.557979472800336e-09
34650.056 2.0219670868953176e-09
34700.056 3.2946122952777226e-09
34750.056 2.830637927091702e-09
34800.056 2.6262686226375125e-09
34850.056 3.222093603966202e-09
34900.056 3.137746003519964e-09
34950.056 3.914801194848219e-09
35000.056 6.474879082758215e-09
35050.056 3.2992322158478676e-09
35100.056 5.224902326031501e-09
35150.056 4.020288895832663e-09
35200.056 5.136079906903918e-09
35250.056 6.76737121562294e-09
35300.056 4.838012629056355e-09
35350.056 5.051184437127784e-09
35400.056 5.819959129537505e-09
35450.056 3.907382229172501e-09
35500.056 9.169489516961145e-09
35550.056 8.044116783943165e-09
35600.056 6.2899617362374e-09
35650.056 7.260128429626714e-09
35700.056 6.950842388847225e-09
35750.056 9.72560151218367e-09
35800.056 1.2579025091400114e-08
35850.056 6.473493602133868e-09
35900.056 8.580179146601154e-09
35950.056 8.127237254971672e-09
36000.056 8.319193874851615e-09
36050.056 6.733706433767278e-09
36100.056 7.353546575846375e-09
36150.056 8.642355939110883e-09
36200.056 9.193179145329852e-09
36250.056 8.755279021726022e-09
36300.056 1.1345259293528456e-08
36350.056 9.706942170511255e-09
36400.056 9.961678657387875e-09
36450.056 1.336769972668706e-08
36500.056 1.4853048644537948e-08
36550.056 1.3793967052433442e-08
36600.056 1.7502549517697167e-08
36650.056 1.6242522485890496e-08
36700.056 1.8418049201652087e-08
36750.056 2.0415638480240344e-08
36800.056 1.9498729086300734e-08
36850.056 1.670810498296236e-08
36900.056 2.1276521930394362e-08
36950.056 2.2304544815454084e-08
37000.056 1.9673093137725694e-08
37050.056 2.0332237894254924e-08
37100.056 2.426644509314176e-08
37150.056 1.797829578451097e-08
37200.056 2.3824541015331368e-08
37250.056 2.349710694801651e-08
37300.056 1.9737954062766445e-08
37350.056 2.259984149988392e-08
37400.056 3.499201377819528e-08
37450.056 2.3392042749315572e-08
37500.056 2.409237181531754e-08
37550.056 2.9496522467933838e-08
37600.056 3.327578066424432e-08
37650.056 2.156915119963893e-08
37700.056 3.8120869279685093e-08
37750.056 2.5318329490016866e-08
37800.056 2.68080277064415e-08
37850.056 1.739630704241404e-08
37900.056 2.234679724033081e-08
37950.056 3.0649993680613076e-08
38000.056 3.591315153856304e-08
38050.056 3.4443986983733764e-08
38100.056 3.445605287986181e-08
38150.056 4.301866018179862e-08
38200.056 4.487422266521811e-08
38250.056 4.259192837577679e-08
38300.056 5.9056858067789e-08
38350.056 5.756483894051133e-08
38400.056 3.179788399298455e-08
38450.056 3.271731331934658e-08
38500.056 2.180966202517499e-08
38550.056 3.6514435195314067e-08
38600.056 3.8361836308248965e-08
38650.056 3.369583354139154e-08
38700.056 3.4500346950150906e-08
38750.056 4.187931037817894e-08
38800.056 3.677314531248683e-08
38850.056 3.902773134037455e-08
38900.056 5.387162125160254e-08
38950.056 4.1870322578140314e-08
39000.056 4.84041201247286e-08
39050.056 4.086925289330127e-08
39100.056 4.8571923248700724e-08
39150.056 4.7916703135027236e-08
39200.056 5.140753377320657e-08
39250.056 6.073274321358705e-08
39300.056 4.41598055761707e-08
39350.056 7.00447665700015e-08
39400.056 5.1650435627813964e-08
39450.056 5.974615623573153e-08
39500.056 6.129359393676792e-08
39550.056 6.058762658763676e-08
39600.056 6.4428441539081e-08
39650.056 6.591995539298445e-08
39700.056 6.819951334023889e-08
39750.056 5.4645080789368575e-08
39800.056 6.283609073108663e-08
39850.056 8.330728352100111e-08
39900.056 8.317251917301092e-08
39950.056 6.518703281127465e-08
40000.056 1.0070759889625115e-07
40050.056 7.994392973319402e-08
40100.056 6.228731344724707e-08
40150.056 8.476549565810009e-08
40200.056 8.916598209335601e-08
40250.056 8.932586884715522e-08
40300.056 8.827222927612194e-08
40350.056 9.20682761970821e-08
40400.056 1.0573435669936255e-07
40450.056 8.797955611822645e-08
40500.056 1.0848509224607067e-07
40550.056 1.0625394831700469e-07
40600.056 1.0366668573361547e-07
40650.056 8.15918841806119e-08
40700.056 1.209468376118864e-07
40750.056 1.0414642012999736e-07
40800.056 8.228842858754154e-08
40850.056 1.371919547160557e-07
40900.056 1.2484594551653942e-07
40950.056 1.1679661756960111e-07
41000.056 1.173002161031005e-07
41050.056 1.4758437513695677e-07
41100.056 1.2627552299732023e-07
41150.056 9.031992296187261e-08
41200.056 1.5166489279027918e-07
41250.056 1.1842812537436953e-07
41300.056 1.1407583493536503e-07
41350.056 1.6805352120403005e-07
41400.056 1.4599122653083338e-07
41450.056 1.6451696781100123e-07
41500.056 1.3132978444840525e-07
41550.056 1.2964320287343e-07
41600.056 1.5415114650430826e-07
41650.056 1.6696634082818734e-07
41700.056 1.4855739995391052e-07
41750.056 1.5582304372998785e-07
41800.056 1.72016087510197e-07
41850.056 1.3801547786515862e-07
41900.056 1.4239935199506575e-07
41950.056 1.30247591338032e-07
42000.056 1.3155472576889664e-07
42050.056 1.292251047607938e-07
42100.056 1.6731405018147412e-07
42150.056 1.408747607357904e-07
42200.056 1.2466827130511296e-07
42250.056 1.2640740555141357e-07
42300.056 1.291463751893335e-07
42350.056 1.6064922440302578e-07
42400.056 1.5378494106505956e-07
42450.056 1.4183310084004137e-07
42500.056 1.3363680916998383e-07
42550.056 1.3262704332797583e-07
42600.056 1.3772455112593144e-07
42650.056 1.6508264684693764e-07
42700.056 1.468140779313275e-07
42750.056 1.413481158349863e-07
42800.056 1.5750503903403883e-07
42850.056 1.7398752310993672e-07
42900.056 1.7970841625106333e-07
42950.056 1.5889189880695825e-07
43000.056 1.7007836029742445e-07
43050.056 1.2381516961085153e-07
43100.056 1.543002403559579e-07
43150.056 1.4732234557372271e-07
43200.056 1.8445350169999786e-07
43250.056 2.077603360390047e-07
43300.056 2.0465309590499255e-07
43350.056 1.494467538599798e-07
43400.056 1.7271510799387832e-07
43450.056 1.5348757636923164e-07
43500.056 1.384237796609001e-07
43550.056 1.467589408175534e-07
43600.056 2.0732427317602652e-07
43650.056 1.6515467173200216e-07
43700.056 1.9139542530203502e-07
43750.056 1.9195924370804306e-07
43800.056 1.7849373978926683e-07
43850.056 1.6178631392601288e-07
43900.056 1.6922590906028693e-07
43950.056 1.25354487794008e-07
44000.056 1.264705730864938e-07
44050.056 2.0860626838201776e-07
44100.056 2.39008766385013e-07
44150.056 2.140736185437495e-07
44200.056 2.0316224265549099e-07
44250.056 1.5760244456371764e-07
44300.056 1.37795518523029e-07
44350.056 1.5316040856560067e-07
44400.056 1.5848072668789966e-07
44450.056 1.951569140269511e-07
44500.056 2.010932150920557e-07
44550.056 2.417138250299671e-07
44600.056 1.973124699750257e-07
44650.056 2.0825768848115465e-07
44700.056 1.537850756210088e-07
44750.056 2.0647614365803424e-07
44800.056 1.729689273592166e-07
44850.056 1.967181792210307e-07
44900.056 1.803074159118105e-07
44950.056 2.0575311003920855e-07
45000.056 2.1680492226498377e-07
45050.056 2.082485898265053e-07
45100.056 1.9814351195099322e-07
45150.056 2.0578171519505854e-07
45200.056 1.7219436152981786e-07
45250.056 1.8626762811192636e-07
45300.056 1.62205403394044e-07
45350.056 1.6914832968302035e-07
45400.056 2.5721917451702043e-07
45450.056 2.169185740919878e-07
45500.056 2.292740551242131e-07
45550.056 2.512197596059186e-07
45600.056 2.4960539135003656e-07
45650.056 1.9580060875868262e-07
45700.056 1.747191650984129e-07
45750.056 1.6855270666159357e-07
45800.056 2.563868385719923e-07
45850.056 2.5525884102199517e-07
45900.056 2.66943936529996e-07
45950.056 2.2763505023598596e-07
46000.056 2.5372725272250266e-07
46050.056 2.1802092885392694e-07
46100.056 2.610411322599842e-07
46150.056 2.093151305274973e-07
46200.056 1.9465520763799874e-07
46250.056 1.298321695223202e-07
46300.056 2.2470099307420654e-07
46350.056 2.1208231990102545e-07
46400.056 1.980734505060112e-07
46450.056 1.890946967030391e-07
46500.056 2.0880601674405e-07
46550.056 1.6051819432418418e-07
46600.056 1.9913820325698978e-07
46650.056 2.6901931193097513e-07
46700.056 2.036052535129979e-07
46750.056 1.4737466698239536e-07
46800.056 1.1481806043991537e-07
46850.056 2.7730092609306494e-07
46900.056 2.4116804096997943e-07
46950.056 2.395106306880031e-07
47000.056 2.2712060965003516e-07
47050.056 2.067905772239987e-07
47100.056 1.5066146263712692e-07
47150.056 1.847536799248171e-07
47200.056 2.184833692220075e-07
47250.056 1.7027720663999431e-07
47300.056 1.2799875530771925e-07
47350.056 2.49146138497968e-07
47400.056 2.270995009179761e-07
47450.056 2.2844575781197918e-07
47500.056 2.5869058115036136e-07
47550.056 2.2786170878400658e-07
47600.056 2.1889334942699783e-07
47650.056 1.975218913776489e-07
47700.056 2.0462231295011446e-07
47750.056 1.5041838122450727e-07
47800.056 1.599470498440113e-07
47850.056 1.1469958144530893e-07
47900.056 1.494783384205702e-07
47950.056 1.8691626026123496e-07
48000.056 2.6586694048005524e-07
48050.056 2.4210564585000754e-07
48100.056 1.4510238008481645e-07
48150.056 2.0242334765901368e-07
48200.056 1.7354896662500303e-07
48250.056 1.7862177420401233e-07
48300.056 2.3331463071691837e-07
48350.056 1.5540133795501883e-07
48400.056 9.314509541347834e-08
48450.056 1.6520461846946237e-07
48500.056 2.1536863955396155e-07
48550.056 1.8040269000840028e-07
48600.056 2.0044920319200134e-07
48650.056 2.0988623164796982e-07
48700.056 1.7930542745499033e-07
48750.056 1.2899839449348116e-07
48800.056 2.4886373590098663e-07
48850.056 1.5072177344047848e-07
48900.056 2.2084862196479683e-07
48950.056 1.574022166140284e-07
49000.056 8.697589925875925e-08
49050.056 1.7894531249199214e-07
49100.056 2.1028404627104667e-07
49150.056 1.6951431799451536e-07
49200.056 2.3874296182303955e-07
49250.056 2.2170066766303827e-07
49300.056 1.9606545170060485e-07
49350.056 1.123212384249232e-07
49400.056 1.4836882857897773e-07
49450.056 1.6008974482105344e-07
49500.056 1.2828019750398368e-07
49550.056 6.048633647111027e-08
49600.056 1.1354514174191219e-07
49650.056 1.5890443006199495e-07
49700.056 1.4945557409294326e-07
49750.056 1.678259349929638e-07
49800.056 1.386624694497408e-07
49850.056 2.1546713405406928e-07
49900.056 1.7070935623317315e-07
49950.056 1.718860541360078e-07
50000.056 1.51127148387971e-07
50050.056 1.812392392210094e-07
50100.056 1.449443074962096e-07
50150.056 9.579064430898135e-08
50200.056 3.7986027072308085e-08
50250.056 1.2868856604897834e-07
50300.056 9.407692166271615e-08
50350.056 1.8336815458502473e-07
50400.056 1.6202705746158933e-07
50450.056 1.2807888932961865e-07
50500.056 1.589981067520279e-07
50550.056 1.4917850576301415e-07
50600.056 1.2764560293096183e-07
50650.056 1.7955439890204483e-07
50700.056 1.853027525739169e-07
50750.056 1.4159267183662176e-07
50800.056 7.765316506039717e-08
50850.056 6.56515932464282e-08
50900.056 1.732723760180038e-07
50950.056 1.2896997120702165e-07
51000.056 1.3493604310310965e-07
51050.056 1.4134342072899738e-07
51100.056 7.521676965880363e-08
51150.056 1.0426688383718597e-07
51200.056 1.9388020978498842e-07
51250.056 1.2499845429406416e-07
51300.056 1.0675123169035884e-07
51350.056 1.0648463531339323e-07
51400.056 5.624166657849929e-08
51450.056 4.7232626339884394e-08
51500.056 5.0827974601822906e-08
51550.056 1.3454383513260658e-07
51600.056 9.507850505302665e-08
51650.056 1.003172965049692e-07
51700.056 1.0915089701886154e-07
51750.056 7.808989462926878e-08
51800.056 1.1696882050498179e-07
51850.056 1.0874791849399737e-07
51900.056 1.5132376033400588e-07
51950.056 1.1177775792299349e-07
52000.056 3.209711349439082e-08
52050.056 7.707882739011581e-08
52100.056 5.5339265921993575e-08
52150.056 4.5985802069905684e-08
52200.056 5.9373843821001036e-08
52250.056 8.050299336502535e-08
52300.056 1.1526578450359643e-07
52350.056 7.275513336486317e-08
52400.056 5.545524180540485e-08
52450.056 1.2117622296250488e-07
52500.056 1.0384321174996977e-07
52550.056 1.0856950847797582e-07
52600.056 9.065876336001245e-08
52650.056 9.789372945171212e-08
52700.056 8.385272454189708e-08
52750.056 5.123864053099732e-08
52800.056 6.935493227621511e-08
52850.056 7.462754704447076e-08
52900.056 5.665550016540835e-08
52950.056 6.840479881660169e-08
53000.056 9.737079322102035e-08
53050.056 4.6319142023387796e-08
53100.056 7.832034215496432e-08
53150.056 1.0277160973801234e-07
53200.056 5.089123191391109e-08
53250.056 9.898784254760373e-08
53300.056 1.1356985615122354e-07
53350.056 1.0174585426859828e-07
53400.056 8.19798636299891e-08
53450.056 4.003626293349008e-08
53500.056 1.8682355274576475e-08
