galfind/configs/Brown_Dwarf_templates/sonora_bobcat/m+0.5/31g/sp_t2000g31nc_m+0.5_resample.dat
# %ECSV 1.0
# ---
# datatype:
# - {name: wav, unit: Angstrom, datatype: float64}
# - {name: flux_nu, unit: erg / (cm2 Hz s), datatype: float64}
# meta: {C/O: '1.00', Kzz: '1.0000E+05', Teff: '2000.', Y: '0.28', '[Fe/H]': '0.50', f_hole: '1.00', f_rain: '0.00', grav: '32.'}
# schema: astropy-2.0
wav flux_nu
[from data line 498]
28900.056 1.8362125419602043e-06
28950.056 2.2708447608095006e-06
29000.056 1.8415335113292129e-06
29050.056 1.8715857632496214e-06
29100.056 1.6629558973599564e-06
29150.056 1.9771470128702594e-06
29200.056 1.8634087671603816e-06
29250.056 2.055630847720106e-06
29300.056 1.816327301718875e-06
29350.056 2.2005849517395422e-06
29400.056 1.8743073938998559e-06
29450.056 1.8757784473398639e-06
29500.056 2.0171226528598063e-06
29550.056 1.923866068510192e-06
29600.056 1.9957181212799882e-06
29650.056 2.0358736303200405e-06
29700.056 1.7537232821998193e-06
29750.056 2.22051968330107e-06
29800.056 2.1145141617699693e-06
29850.056 2.1046619082297296e-06
29900.056 1.8999163716504385e-06
29950.056 2.2029449865796188e-06
30000.056 2.2015072180192346e-06
30050.056 2.0708070167198804e-06
30100.056 1.6573888947295679e-06
30150.056 2.519918763299743e-06
30200.056 2.2691321078002646e-06
30250.056 2.1503591259706727e-06
30300.056 2.260860918979883e-06
30350.056 2.044038292710397e-06
30400.056 2.4297443528004306e-06
30450.056 2.0033739379802267e-06
30500.056 1.930254100900362e-06
30550.056 2.575387060950614e-06
30600.056 2.4643127128002918e-06
30650.056 2.4226686991300998e-06
30700.056 2.3023969790300162e-06
30750.056 2.1724613431801296e-06
30800.056 2.591323352530766e-06
30850.056 2.2685019576399234e-06
30900.056 2.3129963942797957e-06
30950.056 2.2206809639502946e-06
31000.056 2.5159072714999092e-06
31050.056 2.10043292146002e-06
31100.056 2.4659661687199474e-06
31150.056 2.50923511417976e-06
31200.056 2.567916273759675e-06
31250.056 2.693426151040561e-06
31300.056 2.4155507231297496e-06
31350.056 2.452931346509989e-06
31400.056 2.4966447408604894e-06
31450.056 2.5175508123901803e-06
31500.056 2.5856506750405652e-06
31550.056 2.376044684740002e-06
31600.056 2.523896176019878e-06
31650.056 2.61693643922001e-06
31700.056 2.7212361395599292e-06
31750.056 2.3254532903902363e-06
31800.056 2.70374768850026e-06
31850.056 2.953999811119979e-06
31900.056 2.8679305547898237e-06
31950.056 2.2871612687496995e-06
32000.056 2.5244504614506867e-06
32050.056 2.9072686717802593e-06
32100.056 2.8960281763095893e-06
32150.056 2.870690435110204e-06
32200.056 2.7799906758299227e-06
32250.056 2.6082272847201853e-06
32300.056 2.881057876030189e-06
32350.056 2.9915982847003785e-06
32400.056 2.750855308289986e-06
32450.056 2.6417765544502795e-06
32500.056 2.875903992600275e-06
32550.056 3.1628642280401397e-06
32600.056 3.1199999007198237e-06
32650.056 3.024583639301015e-06
32700.056 2.8688266774001245e-06
32750.056 3.0333291171200253e-06
32800.056 2.7951988900804448e-06
32850.056 3.2721451907797288e-06
32900.056 3.125769926609982e-06
32950.056 2.7039699776497773e-06
33000.056 2.9568236989603105e-06
33050.056 3.0347251377596767e-06
33100.056 3.1701939401090883e-06
33150.056 3.12529965604027e-06
33200.056 2.9007593628006943e-06
33250.056 3.119092662380078e-06
33300.056 3.3975449696802077e-06
33350.056 3.146649961320301e-06
33400.056 2.944723979989702e-06
33450.056 3.2280842883788976e-06
33500.056 3.1646344301002704e-06
33550.056 3.1365615661694416e-06
33600.056 3.1741924465606735e-06
33650.056 3.2786632970807174e-06
33700.056 3.4180761628194756e-06
33750.056 3.3945910335200944e-06
33800.056 3.33241959873997e-06
33850.056 3.170223244359998e-06
33900.056 3.541693851799522e-06
33950.056 3.131439886419582e-06
34000.056 3.2156189322191954e-06
34050.056 3.278459786300048e-06
34100.056 3.542982106640453e-06
34150.056 3.4315667005996907e-06
34200.056 3.2351406902494336e-06
34250.056 3.5966746069995423e-06
34300.056 3.3446072985495174e-06
34350.056 3.5137296177995285e-06
34400.056 3.189761083339517e-06
34450.056 3.300783109539932e-06
34500.056 3.330769098300701e-06
34550.056 3.257878898749834e-06
34600.056 3.4265218065401307e-06
34650.056 3.416831760399926e-06
34700.056 3.2626462856994552e-06
34750.056 3.497037912200284e-06
34800.056 3.680128421599516e-06
34850.056 3.28720048048013e-06
34900.056 3.5451359916003625e-06
34950.056 3.4264430807991615e-06
35000.056 3.3265173231595417e-06
35050.056 3.6486947674005133e-06
35100.056 3.5436481517991194e-06
35150.056 3.479923346139754e-06
35200.056 3.5970596029996455e-06
35250.056 3.154389803800212e-06
35300.056 3.5099260802403217e-06
35350.056 3.691879819099724e-06
35400.056 3.4687483920997713e-06
35450.056 3.349312000200401e-06
35500.056 3.601392299599867e-06
35550.056 3.4133879084999315e-06
35600.056 3.327036952399387e-06
35650.056 3.7353629315004713e-06
35700.056 3.3411257131004366e-06
35750.056 3.472055596919717e-06
35800.056 3.5746648694996298e-06
35850.056 3.677250531099614e-06
35900.056 3.780288498599529e-06
35950.056 3.6410162695997036e-06
36000.056 3.3084473999995773e-06
36050.056 3.7711721407002482e-06
36100.056 3.88069249979984e-06
36150.056 3.5274379436003147e-06
36200.056 3.7946506528995155e-06
36250.056 3.484149544699286e-06
36300.056 4.027225781700855e-06
36350.056 3.867723344999426e-06
36400.056 3.6787980129999044e-06
36450.056 3.9765292163996455e-06
36500.056 3.733773138800303e-06
36550.056 3.5793170954004908e-06
36600.056 3.703356639600379e-06
36650.056 3.8232102457004665e-06
36700.056 3.989177142100231e-06
36750.056 3.7422047312004527e-06
36800.056 3.8192703200994865e-06
36850.056 3.813423438800224e-06
36900.056 3.939700676200666e-06
36950.056 3.9174551893000235e-06
37000.056 3.970210012700245e-06
37050.056 4.0286400112999626e-06
37100.056 3.9027796138003316e-06
37150.056 3.858830929799128e-06
37200.056 4.06058090800012e-06
37250.056 4.0771614065003564e-06
37300.056 4.063847731500802e-06
37350.056 3.8582251145005634e-06
37400.056 4.044842918799611e-06
37450.056 4.054694368000386e-06
37500.056 4.1110350489997955e-06
37550.056 4.001661309099246e-06
37600.056 4.2181330719994045e-06
37650.056 3.890393841399559e-06
37700.056 3.9262316722001525e-06
37750.056 4.235554989999344e-06
37800.056 4.329252729199937e-06
37850.056 4.116121415299796e-06
37900.056 4.214020326900284e-06
37950.056 4.255164336000249e-06
38000.056 4.104022392200619e-06
38050.056 4.1722274437002635e-06
38100.056 4.022702213400206e-06
38150.056 4.332644986899336e-06
38200.056 4.450529922699325e-06
38250.056 4.092201245600624e-06
38300.056 4.038111612699925e-06
38350.056 4.227387108399887e-06
38400.056 4.261305348199799e-06
38450.056 4.26652267280045e-06
38500.056 4.19513960579976e-06
38550.056 4.197731070700288e-06
38600.056 4.550243683299747e-06
38650.056 4.016343030900197e-06
38700.056 4.124167788100611e-06
38750.056 4.309327710100027e-06
38800.056 4.224154831100573e-06
38850.056 4.24184891180033e-06
38900.056 4.113259162699901e-06
38950.056 4.294357363799533e-06
39000.056 4.214129671600159e-06
39050.056 4.26121098529994e-06
39100.056 4.0444000853999105e-06
39150.056 4.175285472400236e-06
39200.056 4.319038061100215e-06
39250.056 4.293629831999298e-06
39300.056 4.2882586386991615e-06
39350.056 4.248989197400485e-06
39400.056 4.16166054220014e-06
39450.056 4.183806634799692e-06
39500.056 4.176185347299832e-06
39550.056 4.080374433999128e-06
39600.056 4.440653085400328e-06
39650.056 4.035417935200109e-06
39700.056 4.216774592099882e-06
39750.056 4.178620594499521e-06
39800.056 3.988281947700271e-06
39850.056 4.091527084899737e-06
39900.056 4.023587394799786e-06
39950.056 4.229022111799836e-06
40000.056 3.9399273630997504e-06
40050.056 3.6847575133998895e-06
40100.056 3.996097210599731e-06
40150.056 3.7164848861993034e-06
40200.056 3.8821216992996156e-06
40250.056 3.942656011798737e-06
40300.056 3.5649220413002107e-06
40350.056 3.817617272600414e-06
40400.056 3.902735206999791e-06
40450.056 3.6071676897008537e-06
40500.056 3.38015164230004e-06
40550.056 3.937771235999811e-06
40600.056 3.568174666300286e-06
40650.056 3.624536190200844e-06
40700.056 3.823514702000382e-06
40750.056 3.379832627799004e-06
40800.056 3.351545143200512e-06
40850.056 3.1856625317007474e-06
40900.056 3.142957953300665e-06
40950.056 3.4317590097999584e-06
41000.056 3.5747654808003803e-06
41050.056 3.445403177899329e-06
41100.056 3.296433477600598e-06
41150.056 3.550743755700223e-06
41200.056 3.2724138339000063e-06
41250.056 3.3801154086002465e-06
41300.056 2.940421260899642e-06
41350.056 3.462394554600229e-06
41400.056 3.324002965899985e-06
41450.056 3.1339485800000523e-06
41500.056 3.4024221497000202e-06
41550.056 3.3552589388400274e-06
41600.056 3.5594475502998764e-06
41650.056 3.095626081900577e-06
41700.056 2.986967732659682e-06
41750.056 3.0869041491998906e-06
41800.056 2.9772600651796177e-06
41850.056 2.8474847161003906e-06
41900.056 3.1916151360496123e-06
41950.056 2.621273313950568e-06
42000.056 2.966215101550202e-06
42050.056 2.722878435258909e-06
42100.056 3.0149187576504547e-06
42150.056 2.4417016326289874e-06
42200.056 2.6094300793400138e-06
42250.056 2.7170245550599634e-06
42300.056 2.2754634526199286e-06
42350.056 2.7182918128007157e-06
42400.056 2.38463801118046e-06
42450.056 1.9692088671103474e-06
42500.056 2.183094179580389e-06
42550.056 2.2331270922600237e-06
42600.056 2.187597289270559e-06
42650.056 1.8635434139887929e-06
42700.056 2.2661567233409734e-06
42750.056 2.0511715908701227e-06
42800.056 1.993579744330605e-06
42850.056 2.0082188536498227e-06
42900.056 2.031864704560137e-06
42950.056 1.890066350929013e-06
43000.056 1.912163126659897e-06
43050.056 1.9510821942910577e-06
43100.056 2.0093505589401e-06
43150.056 2.0204251528603148e-06
43200.056 2.0353882818701372e-06
43250.056 1.93882638248018e-06
43300.056 2.056356455280267e-06
43350.056 1.850918270789916e-06
43400.056 1.9339672329099486e-06
43450.056 2.0151967110808783e-06
43500.056 1.8895538411996097e-06
43550.056 2.0424554897098764e-06
43600.056 2.0365129296502165e-06
43650.056 1.826800743060415e-06
43700.056 1.7838106813594927e-06
43750.056 1.8841656963201297e-06
43800.056 1.7669857801002369e-06
43850.056 1.8495405991504396e-06
43900.056 1.9135776045799404e-06
43950.056 1.8239746232906272e-06
44000.056 1.7487345155905283e-06
44050.056 1.8076208188201462e-06
44100.056 1.828143649180432e-06
44150.056 1.9271154537194467e-06
44200.056 1.8287143696098092e-06
44250.056 1.7646247194899973e-06
44300.056 1.7509039770502045e-06
44350.056 1.766151802160037e-06
44400.056 1.7647437878900526e-06
44450.056 1.8697393263600187e-06
44500.056 1.958747395850243e-06
44550.056 1.7451152776795102e-06
44600.056 1.829769104110229e-06
44650.056 1.892327304930318e-06
44700.056 1.7893672895602035e-06
44750.056 1.8854837217797374e-06
44800.056 2.0391572054398697e-06
44850.056 2.012663703250104e-06
44900.056 1.914040976420405e-06
44950.056 1.763514251919876e-06
45000.056 1.9857534226999257e-06
45050.056 1.9430092004997623e-06
45100.056 2.000814246919755e-06
45150.056 2.0012544728598717e-06
45200.056 1.8692037517299948e-06
45250.056 1.9032819711796485e-06
45300.056 1.897736295300044e-06
45350.056 2.0775936094196686e-06
45400.056 2.057481389260356e-06
45450.056 1.9035019567997778e-06
45500.056 1.8899238266398884e-06
45550.056 2.079540132439739e-06
45600.056 2.0259826198599116e-06
45650.056 1.8141298804794108e-06
45700.056 2.0064915464602817e-06
45750.056 1.993863748639808e-06
45800.056 1.9872524621999745e-06
45850.056 2.1663022900500537e-06
45900.056 2.2047668146801405e-06
45950.056 1.955380877329921e-06
46000.056 2.1880012538300163e-06
46050.056 2.1609563101404214e-06
46100.056 1.992095172390122e-06
46150.056 2.0454389904199968e-06
46200.056 2.2596091253704383e-06
46250.056 1.919480821499846e-06
46300.056 2.2681212023598255e-06
46350.056 1.87286396156982e-06
46400.056 2.0399372653697e-06
46450.056 1.9762503649005277e-06
46500.056 1.9425158556099794e-06
46550.056 2.162892919599849e-06
46600.056 1.9865546647997457e-06
46650.056 2.398549872270053e-06
46700.056 2.22371706596053e-06
46750.056 1.95752173697986e-06
46800.056 2.151567864360366e-06
46850.056 2.1831410404100822e-06
46900.056 2.1296063063595283e-06
46950.056 2.2114555227102318e-06
47000.056 2.1770191160799955e-06
47050.056 2.149819708219631e-06
47100.056 2.0956015862501457e-06
47150.056 2.1165651872904965e-06
47200.056 2.0993797664805936e-06
47250.056 2.082433723499288e-06
47300.056 2.040055860529367e-06
47350.056 1.8558858792595836e-06
47400.056 2.1763970122494446e-06
47450.056 2.2499470559498136e-06
47500.056 2.0594267843792974e-06
47550.056 2.075974716999401e-06
47600.056 2.253211854890003e-06
47650.056 1.7340123416995268e-06
47700.056 2.2283751172201697e-06
47750.056 1.7003630554405137e-06
47800.056 2.2498347971097682e-06
47850.056 1.8652632797491442e-06
47900.056 2.2934432847501673e-06
47950.056 1.7523751053805265e-06
48000.056 2.385467635900048e-06
48050.056 1.8647804946904798e-06
48100.056 1.9590770406600476e-06
48150.056 1.8739104364402178e-06
48200.056 2.2440060111107368e-06
48250.056 1.9471401376495394e-06
48300.056 2.3620528503296763e-06
48350.056 1.7630198175497082e-06
48400.056 2.2698894735999787e-06
48450.056 2.035399486720227e-06
48500.056 2.3411183073000813e-06
48550.056 1.869176340800079e-06
48600.056 2.148696548959791e-06
48650.056 1.7812547910200135e-06
48700.056 2.0236557693000353e-06
48750.056 1.715645939780427e-06
48800.056 2.3926591450801144e-06
48850.056 1.8919080402396927e-06
48900.056 2.168849611100002e-06
48950.056 2.120800163980398e-06
49000.056 2.0220611299798706e-06
49050.056 2.0118823582598103e-06
49100.056 2.00986484074006e-06
49150.056 2.0163314418502327e-06
49200.056 2.1672159303799927e-06
49250.056 2.032156212590225e-06
49300.056 1.8976867298697126e-06
49350.056 1.807591354510098e-06
49400.056 2.1733431929404217e-06
49450.056 1.9241299402804434e-06
49500.056 2.0112902434403114e-06
49550.056 1.8366471985400388e-06
49600.056 1.923216258870461e-06
49650.056 1.9179754818003873e-06
49700.056 1.7004042912098396e-06
49750.056 2.282286463379456e-06
49800.056 2.0128924062800206e-06
49850.056 2.1958372176400185e-06
49900.056 1.9036650112401424e-06
49950.056 2.0650315780291944e-06
50000.056 1.914481301089548e-06
50050.056 2.0103870058301868e-06
50100.056 2.0092298129197494e-06
50150.056 1.902453125139923e-06
50200.056 1.7018515964601211e-06
50250.056 1.7863677802801136e-06
50300.056 1.8292233237496083e-06
50350.056 1.9355395759900295e-06
50400.056 1.909505696440177e-06
50450.056 1.799345544770199e-06
50500.056 2.270649967310394e-06
50550.056 1.927701791159834e-06
50600.056 1.964867028080217e-06
50650.056 1.9203977768805427e-06
50700.056 2.010760585299233e-06
50750.056 1.9050735374002316e-06
50800.056 1.7677054714200175e-06
50850.056 1.8755080591502867e-06
50900.056 1.8507904828899723e-06
50950.056 2.0683446064202838e-06
51000.056 2.1678050655402358e-06
51050.056 1.7441993047503886e-06
51100.056 1.769326749049872e-06
51150.056 1.9493099999000992e-06
51200.056 1.911817801959807e-06
51250.056 2.0215874936800087e-06
51300.056 1.8520159172206346e-06
51350.056 1.9568266797096916e-06
51400.056 1.858999617799442e-06
51450.056 1.4726072203598268e-06
51500.056 1.9557900012798017e-06
51550.056 2.1969863265602086e-06
51600.056 1.6375782102099205e-06
51650.056 1.868267377219685e-06
51700.056 1.6612964231294789e-06
51750.056 1.7358898017701399e-06
51800.056 1.8876062259598204e-06
51850.056 1.9748777682000147e-06
51900.056 2.019566474160302e-06
51950.056 1.8054688989297825e-06
52000.056 1.7154543441299496e-06
52050.056 1.9340648305998627e-06
52100.056 1.879396696589491e-06
52150.056 1.877829554030371e-06
52200.056 1.8057516412401162e-06
52250.056 1.7788139291199757e-06
52300.056 1.801682933729985e-06
52350.056 2.120473949160243e-06
52400.056 1.6909195569598963e-06
52450.056 1.8177353552399104e-06
52500.056 1.899477480939371e-06
52550.056 1.7561067313395037e-06
52600.056 1.9023531780902037e-06
52650.056 2.126523014740453e-06
52700.056 1.8669695722600523e-06
52750.056 1.524534449039824e-06
52800.056 1.7233394569502656e-06
52850.056 1.6572169519398343e-06
52900.056 1.7827181788003097e-06
52950.056 1.7803423192795664e-06
53000.056 1.922213617809776e-06
53050.056 1.8730550068197432e-06
53100.056 1.615496529989514e-06
53150.056 1.96317180146047e-06
53200.056 1.541036918400317e-06
53250.056 2.109413476399879e-06
53300.056 1.9516936829807448e-06
53350.056 1.9725315519998474e-06
53400.056 1.7463964114801602e-06
