galfind/configs/Brown_Dwarf_templates/sonora_bobcat/m+0.5/31g/sp_t350g31nc_m+0.5_resample.dat
# %ECSV 1.0
# ---
# datatype:
# - {name: wav, unit: Angstrom, datatype: float64}
# - {name: flux_nu, unit: erg / (cm2 Hz s), datatype: float64}
# meta: {C/O: '1.00', Kzz: '1.0000E+05', Teff: '350.', Y: '0.28', '[Fe/H]': '0.50', f_hole: '1.00', f_rain: '0.00', grav: '32.'}
# schema: astropy-2.0
wav flux_nu
4000.0559999999996 nan
4050.0559999999996 2.1774025325799604e-18
4100.056 1.199399104040021e-16
4150.056 9.15507038160007e-16
4200.056 9.533993827884042e-16
4250.056 8.179933327900073e-15
4300.056 1.9689645841000074e-14
4350.056 3.812509618400013e-14
4400.056 6.68445137449999e-14
4450.056 1.0919205746799958e-13
4500.056 1.7578648230000054e-13
4550.056 1.7835528387927954e-13
4600.056 3.4842953072399816e-14
4650.056 2.151457785199991e-14
4700.056 1.2554043389299973e-14
4750.056 6.765696164799967e-15
4800.056 3.978852954399978e-15
4850.056 2.1127422067999894e-15
4900.056 1.3130685110499994e-15
4950.056 9.361863747499995e-16
5000.056 6.22997854939995e-16
5050.056 4.404668348960001e-16
5100.056 4.97265938420014e-16
5150.056 5.965429601300127e-16
5200.056 7.013839844700054e-16
5250.056 8.005815054000008e-16
5300.056 9.117065786500002e-16
5350.056 1.0393438673000022e-15
5400.056 1.1498671705700023e-15
5450.056 1.3023793235500275e-15
5500.056 1.492776779810028e-15
5550.056 1.704061516700007e-15
5600.056 1.9075278002000008e-15
5650.056 2.0855019806999887e-15
5700.056 2.1093068685700028e-15
5750.056 2.1507472510400025e-15
5800.056 1.9717841731999952e-15
5850.056 1.3943278549199678e-15
5900.056 3.918802930024659e-16
5950.056 2.4949674075811987e-15
6000.056 5.3182093262597235e-15
6050.056 9.876448559300381e-15
6100.056 1.6426038931100298e-14
6150.056 2.5071446286000242e-14
6200.056 3.658210293300027e-14
6250.056 4.9019819010999974e-14
6300.056 6.828695471999978e-14
6350.056 9.158252987100055e-14
6400.056 1.189736365250012e-13
6450.056 1.2840785521349428e-13
6500.056 1.6740133468732832e-13
6550.056 2.311491226422699e-13
6600.056 3.238469704033186e-13
6650.056 4.614625864410068e-13
6700.056 6.224937208200018e-13
6750.056 8.657512015900079e-13
6800.056 1.0149544533800264e-12
6850.056 1.038279025010004e-12
6900.056 7.834271335270247e-13
6950.056 5.398557246838137e-13
7000.056 6.139551585675513e-13
7050.056 6.09114385272404e-13
7100.056 6.592589624436765e-13
7150.056 4.681781719189401e-13
7200.056 3.3421311670855185e-13
7250.056 4.240627550521408e-13
7300.056 4.4605185157749917e-13
7350.056 5.874230097467942e-13
7400.056 7.430448125595608e-13
7450.056 1.0294930763581177e-12
7500.056 1.3119643312349626e-12
7550.056 1.5843785632399901e-12
7600.056 1.7547513391999985e-12
7650.056 9.300171983099792e-13
7700.056 8.720638673190179e-13
7750.056 2.354328171200021e-12
7800.056 2.7662624316499115e-12
7850.056 3.217377541175004e-12
7900.056 3.8724121647909725e-12
7950.056 4.255571799174878e-12
8000.056 4.733237574617992e-12
8050.056 5.267171018921971e-12
8100.056 3.401837743080162e-12
8150.056 2.8561133030852794e-12
8200.056 5.041118348941981e-12
8250.056 5.5630633928223194e-12
8300.056 6.4033883751632516e-12
8350.056 5.381527967087979e-12
8400.056 5.937483694124004e-12
8450.056 8.480486549500187e-12
8500.056 1.0037429488650054e-11
8550.056 1.3447163621850209e-11
8600.056 1.696486170390013e-11
8650.056 1.909464278910059e-11
8700.056 1.6765761488900642e-11
8750.056 1.7199154832100052e-11
8800.056 1.4362056353539167e-11
8850.056 7.572387957480737e-12
8900.056 2.282437338880308e-13
8950.056 3.429473457331537e-13
9000.056 1.9334159845729882e-13
9050.056 1.2337868331484142e-12
9100.056 2.0274314676473164e-12
9150.056 3.948725369243205e-12
9200.056 1.3049208212414966e-11
9250.056 1.3628327405149333e-11
9300.056 4.2382993575956553e-13
9350.056 5.129782749660991e-13
9400.056 2.0520845793823036e-12
9450.056 2.3366747443735052e-12
9500.056 1.811856746801201e-12
9550.056 2.2044165017799703e-12
9600.056 2.030968556008683e-12
9650.056 3.836772196659369e-12
9700.056 9.024819966560053e-12
9750.056 6.640201889774672e-12
9800.056 5.836624577173395e-12
9850.056 5.703564757489907e-12
9900.056 7.786054675597854e-12
9950.056 4.790160029694583e-12
10000.056 6.721441326159896e-12
10050.056 5.209124256747305e-12
10100.056 8.011508908418862e-12
10150.056 6.267612111137603e-12
10200.056 4.785321332085091e-12
10250.056 6.7970703825928335e-12
10300.056 1.2095572128377218e-11
10350.056 1.279581874837818e-11
10400.056 4.31305853211035e-11
10450.056 9.524451358980804e-11
10500.056 1.8044269828664028e-10
10550.056 3.280958250874827e-10
10600.056 4.4635722213548945e-10
10650.056 5.273590551823745e-10
10700.056 4.820023182311642e-10
10750.056 5.413032511278231e-10
10800.056 4.842156945500847e-10
10850.056 3.4891405668383166e-10
10900.056 1.7041494609849897e-10
10950.056 5.7162338276678265e-11
11000.056 2.938414839561143e-11
11050.056 1.3378854293166977e-11
11100.056 4.457672295025546e-12
11150.056 8.831754185749871e-13
11200.056 2.1676067024171218e-13
11250.056 1.9665943635503736e-13
11300.056 8.824669035666806e-13
11350.056 1.2040664946460255e-13
11400.056 5.917083392249727e-13
11450.056 4.575915224984941e-13
11500.056 2.395739093520398e-13
11550.056 1.8883111202458314e-14
11600.056 9.689827702502673e-15
11650.056 9.734906924439892e-14
11700.056 9.00379235294156e-14
11750.056 8.166239565278066e-15
11800.056 9.400375380771112e-14
11850.056 1.2922110969365958e-13
11900.056 9.576808503478314e-14
11950.056 2.0909941983023392e-13
12000.056 4.854962313556041e-13
12050.056 1.2290710311855796e-12
12100.056 2.866539077077511e-12
12150.056 5.810459602861087e-12
12200.056 8.648499554076981e-12
12250.056 2.346128567023233e-11
12300.056 6.027977665375414e-11
12350.056 7.470104838163975e-11
12400.056 1.7870004731374994e-10
12450.056 3.568722143314847e-10
12500.056 4.3969047687939494e-10
12550.056 6.548579828328034e-10
12600.056 1.026141954582105e-09
12650.056 1.291187929572792e-09
12700.056 1.2973715062753975e-09
12750.056 6.80472991720975e-10
12800.056 3.1719145339946196e-10
12850.056 1.228207528376566e-10
12900.056 7.985175154089555e-11
12950.056 5.020090892132613e-11
13000.056 4.445123171498998e-11
13050.056 1.8487533208730798e-11
13100.056 1.3355906318616228e-11
13150.056 6.4193735597547915e-12
13200.056 6.066338313703082e-12
13250.056 5.052910357687822e-12
13300.056 1.8348221405824418e-12
13350.056 4.55087896989924e-13
13400.056 3.420836860535023e-13
13450.056 7.98978395392985e-14
13500.056 2.213085101875665e-14
13550.056 6.4630060553850824e-15
13600.056 4.970408150570499e-16
13650.056 8.547530853421618e-15
13700.056 3.4622411351378817e-15
13750.056 8.55267902123215e-15
13800.056 4.704807709055299e-15
13850.056 2.5589680564049307e-15
13900.056 7.67439564072113e-15
13950.056 3.756651911731815e-15
14000.056 4.906636358328335e-15
14050.056 1.0689917924463285e-14
14100.056 1.537948698887899e-14
14150.056 4.75874588999979e-14
14200.056 2.2797866503516373e-14
14250.056 4.8052216793112146e-14
14300.056 1.203491780617413e-13
14350.056 1.392314400400729e-13
14400.056 1.599835242732373e-13
14450.056 3.260486229415405e-13
14500.056 8.365983828180942e-13
14550.056 9.241177076719433e-13
14600.056 8.38106327358897e-13
14650.056 3.22955771001559e-13
14700.056 1.3075457836246033e-13
14750.056 2.922280747677561e-14
14800.056 7.58680298588345e-14
14850.056 1.2048487147945622e-13
14900.056 1.142605848921976e-13
14950.056 5.5961238965414514e-14
15000.056 2.1538401018604234e-13
15050.056 1.6960673555704168e-13
15100.056 7.60389029242662e-14
15150.056 3.900086831391974e-14
15200.056 1.3624523655703475e-13
15250.056 3.844560155899335e-13
15300.056 4.65058840484846e-13
15350.056 9.74430542890527e-13
15400.056 1.369875162722243e-12
15450.056 1.926072923243582e-12
15500.056 2.2422945298851505e-12
15550.056 7.536427153523976e-12
15600.056 1.0190162810280888e-11
15650.056 2.6353511366486457e-11
15700.056 5.334914587214882e-11
15750.056 9.570693514223992e-11
15800.056 1.1646856006178482e-10
15850.056 1.6741955455586753e-10
15900.056 1.8390262759242283e-10
15950.056 1.928713599102089e-10
16000.056 1.4503890087898312e-10
16050.056 6.710390170076981e-11
16100.056 3.7754076042582547e-11
16150.056 1.5879907858700765e-11
16200.056 6.995306156536091e-12
16250.056 3.832119432651264e-12
16300.056 1.8050979716524775e-12
16350.056 2.2619660817135506e-12
16400.056 3.04736670290739e-12
16450.056 1.938136247918269e-12
16500.056 1.3694310954809105e-12
16550.056 1.3881077488701698e-12
16600.056 3.1121341037066185e-12
16650.056 2.2754428899425407e-12
16700.056 1.957981547186844e-13
16750.056 9.529752706667563e-13
16800.056 1.7312220041242251e-12
16850.056 2.149151663380618e-12
16900.056 7.106036317259682e-13
16950.056 2.8723473565110455e-13
17000.056 1.260839538582465e-13
17050.056 3.0051319758005184e-13
17100.056 7.058378876020661e-13
17150.056 3.019500432773285e-13
17200.056 2.1751778059032156e-12
17250.056 8.23361498319631e-13
17300.056 4.2919109613621284e-13
17350.056 5.251728203741674e-13
17400.056 1.3839195866408596e-12
17450.056 2.0389147939432876e-12
17500.056 3.212890535607922e-12
17550.056 2.967234353539548e-12
17600.056 2.1505156519378228e-12
17650.056 1.8495042744928783e-12
17700.056 1.2993817490081158e-12
17750.056 1.6034942749152753e-12
17800.056 6.799962468477621e-12
17850.056 1.8402106023290977e-12
17900.056 1.4258956306100135e-12
17950.056 1.197815628770995e-12
18000.056 1.878226290962444e-12
18050.056 1.875938639164929e-12
18100.056 2.6437557706602874e-12
18150.056 1.5106076517938706e-12
18200.056 1.2179795300262089e-12
18250.056 5.535715666737912e-12
18300.056 6.888202124375833e-13
18350.056 4.851284328738361e-13
18400.056 2.5774084302421763e-13
18450.056 2.6387045823512146e-12
18500.056 2.4564665088550908e-12
18550.056 1.1407912045492215e-12
18600.056 2.4310355713512695e-12
18650.056 1.619735578817273e-12
18700.056 1.7723515883393342e-13
18750.056 5.126185955312194e-13
18800.056 4.689439560440856e-12
18850.056 4.762432533622859e-12
18900.056 4.3910802035318145e-12
18950.056 6.524447528276284e-12
19000.056 1.1349600210014875e-12
19050.056 4.699475084416322e-13
19100.056 1.3241116025076336e-12
19150.056 5.195807189244164e-13
19200.056 8.46416795404101e-13
19250.056 7.178906003776451e-13
19300.056 3.939738252971985e-13
19350.056 3.5646233443561906e-13
19400.056 3.187681496250215e-13
19450.056 6.521768880881192e-13
19500.056 2.4905414261208983e-13
19550.056 6.837735097514263e-13
19600.056 2.610647245124377e-12
19650.056 1.4100602691809808e-12
19700.056 1.6562343721097174e-12
19750.056 3.709565669607082e-12
19800.056 1.8512347685494936e-12
19850.056 2.3949558964184176e-12
19900.056 3.987231106735888e-12
19950.056 5.997830793351724e-12
20000.056 8.66716018622223e-12
20050.056 5.599685495134312e-12
20100.056 1.1878025041933715e-11
20150.056 4.936003500626613e-12
20200.056 3.125808613699308e-12
20250.056 9.341181819478413e-12
20300.056 1.2191381258045393e-11
20350.056 1.754391119437965e-11
20400.056 1.1279624215888206e-11
20450.056 2.349455981347704e-11
20500.056 3.473533184773757e-11
20550.056 4.8266690064822565e-11
20600.056 5.2903087177677424e-11
20650.056 8.222748821983967e-11
20700.056 9.839590768533732e-11
20750.056 1.448043404813864e-10
20800.056 1.3326324324934313e-10
20850.056 1.7667820808461557e-10
20900.056 2.1867345060840346e-10
20950.056 2.016421935560857e-10
21000.056 2.028978528601344e-10
21050.056 2.3681021315292116e-10
21100.056 2.1172078698275364e-10
21150.056 2.2304300512259218e-10
21200.056 1.9569632530694504e-10
21250.056 1.7487434606249174e-10
21300.056 1.2537202914134715e-10
21350.056 1.3092188985642915e-10
21400.056 1.1653926420659279e-10
21450.056 7.458519084344977e-11
21500.056 6.062946937645389e-11
21550.056 5.5329463064988684e-11
21600.056 3.8851774195866285e-11
21650.056 2.5244652542723373e-11
21700.056 1.6379027710809344e-11
21750.056 2.0524276971731094e-11
21800.056 1.1696200798802758e-11
21850.056 1.2479103717886656e-11
21900.056 7.584487784385987e-12
21950.056 1.5191877487147599e-12
22000.056 1.5169051953521998e-13
22050.056 2.9374339155839997e-13
22100.056 1.6143556798236485e-12
22150.056 1.2542949771379938e-12
22200.056 1.2271786345340539e-12
22250.056 9.58867671777317e-13
22300.056 3.3743038189587677e-13
22350.056 5.690234372969394e-13
22400.056 1.6008735654856827e-13
22450.056 2.542026851785092e-13
22500.056 2.0200783929578665e-13
22550.056 8.158566102075805e-14
22600.056 5.99102400040055e-14
22650.056 1.4547758551279763e-13
22700.056 1.2651990053212865e-13
22750.056 1.8442311722684158e-13
22800.056 1.8108210240964692e-13
22850.056 1.1892328179267505e-13
22900.056 8.856157960974483e-14
22950.056 5.095415569450144e-14
23000.056 9.713563885344961e-14
23050.056 1.0509008906004573e-13
23100.056 9.449855134869073e-13
23150.056 1.2308834011378084e-12
23200.056 2.229593504209653e-14
23250.056 1.1641959886923147e-13
23300.056 1.1302171352875689e-13
23350.056 2.4936495644703836e-13
23400.056 1.7759373900821535e-13
23450.056 7.852129798077684e-14
23500.056 7.702605194838653e-14
23550.056 2.1418029208133113e-13
23600.056 6.134621465821933e-13
23650.056 9.065180623807653e-13
23700.056 1.1264688503488467e-13
23750.056 1.0014785234988778e-13
23800.056 7.566469468928573e-13
23850.056 4.640095183691957e-13
23900.056 1.21193016424967e-12
23950.056 5.064284012358727e-13
24000.056 1.5531360397708001e-12
24050.056 2.1612639755998383e-12
24100.056 3.2044769629159955e-12
24150.056 4.651569161593727e-12
24200.056 2.409724354923435e-12
24250.056 1.8637927478683132e-12
24300.056 3.5901133737636876e-12
24350.056 3.0715791872622462e-12
24400.056 9.439712946149622e-12
24450.056 1.2227181439006735e-11
24500.056 1.0203464710388394e-11
24550.056 1.737962100439627e-11
24600.056 1.7949446323779957e-11
24650.056 3.4328149213467435e-11
24700.056 1.613407796467843e-11
24750.056 2.516909146855599e-11
24800.056 2.0633543506788065e-11
24850.056 3.6332528777743986e-11
24900.056 1.7555125790471867e-11
24950.056 3.4679685131420397e-11
25000.056 4.015367581364523e-11
25050.056 2.6287963017689517e-11
25100.056 4.116588661046493e-11
25150.056 1.517787568241473e-11
25200.056 2.5746123627029096e-11
25250.056 9.486199610342998e-12
25300.056 1.1592864565451462e-11
25350.056 5.205510278743244e-12
25400.056 1.4531496674226385e-11
25450.056 3.088006410378794e-12
25500.056 2.582835103121331e-12
25550.056 6.617694460772418e-12
25600.056 2.2043389963829764e-12
25650.056 1.1003262767501652e-12
25700.056 9.05485190973721e-13
25750.056 2.2596112606392622e-13
25800.056 1.5860937471658057e-12
25850.056 1.8343562810792723e-13
25900.056 2.540298340407315e-13
25950.056 4.239364722475911e-14
26000.056 1.1306050217230492e-12
26050.056 6.767453195777781e-14
26100.056 4.57610957878093e-13
26150.056 1.3978007792443998e-13
26200.056 2.3191372667068264e-13
26250.056 2.687721449230356e-12
26300.056 2.9839860012946545e-13
26350.056 6.2388451504592854e-12
26400.056 1.3764318090955595e-11
26450.056 8.376118699637136e-12
26500.056 2.4836696266596144e-11
26550.056 1.095710811209492e-12
26600.056 1.2036031673831639e-12
26650.056 1.0958081082652605e-13
26700.056 6.104887013150658e-14
26750.056 1.5458571060772686e-13
26800.056 7.688311274141805e-13
26850.056 4.0261729287719557e-13
26900.056 2.773055320976706e-12
26950.056 6.300506402297202e-13
27000.056 4.779956558327806e-12
27050.056 7.392182602380417e-12
27100.056 2.709896397327017e-13
27150.056 6.658021519073409e-12
27200.056 2.759527415847998e-13
27250.056 1.7727227266855615e-12
27300.056 2.331892615637045e-11
27350.056 5.3255987927563955e-12
27400.056 1.5972811085495434e-13
27450.056 8.523836708106455e-12
27500.056 1.0375504175633169e-11
27550.056 1.1456599545066944e-12
27600.056 4.5124928492806505e-12
27650.056 8.380292888345248e-13
27700.056 8.985226447201192e-13
27750.056 8.46283518123844e-12
27800.056 1.880940159722714e-12
27850.056 4.283078300275758e-12
27900.056 4.203054252596737e-12
27950.056 1.2641173336032417e-11
28000.056 1.4657831035873766e-11
28050.056 9.362556143289274e-13
28100.056 1.260461725501547e-11
28150.056 1.003276298771544e-11
28200.056 1.7872530618682188e-12
28250.056 1.8465320560862953e-11
28300.056 1.5754394759385724e-11
28350.056 2.367866046025849e-12
28400.056 1.0087998967607201e-11
28450.056 2.1235291792940836e-11
28500.056 1.0821282603718998e-11
28550.056 2.011447698398555e-12
28600.056 2.048567210257049e-11
28650.056 1.1014310658055282e-11
28700.056 2.3617670129987754e-11
28750.056 3.2182426289886974e-11
28800.056 9.391081504712852e-12
