galfind/configs/Brown_Dwarf_templates/sonora_bobcat/m0.0/1000g/sp_t2100g1000nc_m0.0_resample.dat
# %ECSV 1.0
# ---
# datatype:
# - {name: wav, unit: Angstrom, datatype: float64}
# - {name: flux_nu, unit: erg / (cm2 Hz s), datatype: float64}
# meta: {C/O: '1.00', Kzz: '1.0000E+05', Teff: '2100.', Y: '0.28', '[Fe/H]': '0.00', f_hole: '1.00', f_rain: '0.00', grav: '1000.'}
# schema: astropy-2.0
wav flux_nu
[from data line 499]
28950.056 2.2496836421398612e-06
29000.056 1.8767591222795549e-06
29050.056 2.004455790630038e-06
29100.056 1.5917079770802189e-06
29150.056 2.1276954257400897e-06
29200.056 1.8141794521501624e-06
29250.056 2.001920900039939e-06
29300.056 1.666682234439487e-06
29350.056 2.363481892179795e-06
29400.056 1.9284152047098857e-06
29450.056 1.9120115354099763e-06
29500.056 1.9974177422698345e-06
29550.056 1.9525882153701084e-06
29600.056 2.143260381329721e-06
29650.056 1.97022155943992e-06
29700.056 1.8715392397198854e-06
29750.056 2.218945130780562e-06
29800.056 2.2576034044197563e-06
29850.056 2.0813682059497868e-06
29900.056 1.9416780801805964e-06
29950.056 2.353789770599667e-06
30000.056 2.264525356559575e-06
30050.056 2.105290787620027e-06
30100.056 1.823603429539539e-06
30150.056 2.649337669199949e-06
30200.056 2.3242987932501535e-06
30250.056 2.2879849554803754e-06
30300.056 2.179861210799783e-06
30350.056 2.2800037182303747e-06
30400.056 2.6783208842403547e-06
30450.056 2.1130839709802533e-06
30500.056 2.027687642300183e-06
30550.056 2.632444584580311e-06
30600.056 2.5084444441302197e-06
30650.056 2.5743422910801e-06
30700.056 2.3360266402898333e-06
30750.056 2.3503614953999823e-06
30800.056 2.8061490845804826e-06
30850.056 2.413296502479904e-06
30900.056 2.3161148962998704e-06
30950.056 2.2879990830901884e-06
31000.056 2.7325663558100163e-06
31050.056 2.519216714840032e-06
31100.056 2.44155222231994e-06
31150.056 2.58992053587959e-06
31200.056 2.545432365399766e-06
31250.056 2.886477412440383e-06
31300.056 2.540434068799826e-06
31350.056 2.553639608949973e-06
31400.056 2.570853627960505e-06
31450.056 2.63878057162e-06
31500.056 2.639408210970148e-06
31550.056 2.502197369139933e-06
31600.056 2.5821396997298357e-06
31650.056 2.7666247874998546e-06
31700.056 2.6721564398998955e-06
31750.056 2.490141732610145e-06
31800.056 2.8124085415000937e-06
31850.056 2.9675409276702706e-06
31900.056 3.0231334596597877e-06
31950.056 2.4574676883999646e-06
32000.056 2.54933604438025e-06
32050.056 2.9426920651003655e-06
32100.056 3.008603171869669e-06
32150.056 3.0370345629398996e-06
32200.056 2.893695965449963e-06
32250.056 2.833767534020151e-06
32300.056 2.9476178963400254e-06
32350.056 3.264229179800533e-06
32400.056 2.8921328997999924e-06
32450.056 2.9200707786501536e-06
32500.056 3.153402664700235e-06
32550.056 3.4917655121999942e-06
32600.056 3.3670680851397965e-06
32650.056 3.315517479250611e-06
32700.056 3.210114171900241e-06
32750.056 3.2575296491000143e-06
32800.056 2.9969740533402324e-06
32850.056 3.552305161799686e-06
32900.056 3.4825323872900456e-06
32950.056 3.0816640453298634e-06
33000.056 3.285619636450205e-06
33050.056 3.3123924086595967e-06
33100.056 3.309087669839358e-06
33150.056 3.0951275815600982e-06
33200.056 2.721078905500071e-06
33250.056 2.9937299668999512e-06
33300.056 3.0983264630204504e-06
33350.056 3.0252935067599758e-06
33400.056 2.7746160903596453e-06
33450.056 2.999570355079433e-06
33500.056 3.3560006846002106e-06
33550.056 3.141993926929824e-06
33600.056 3.3363948075804842e-06
33650.056 3.518320556600684e-06
33700.056 3.5694860644196973e-06
33750.056 3.6035436861800273e-06
33800.056 3.3874399323000267e-06
33850.056 3.476829887900302e-06
33900.056 3.930588058599518e-06
33950.056 3.522033311499676e-06
34000.056 3.542679933259456e-06
34050.056 3.601224852899829e-06
34100.056 3.6591765298404637e-06
34150.056 3.5935242560994136e-06
34200.056 3.510095072999555e-06
34250.056 3.908735235899678e-06
34300.056 3.5567970987994596e-06
34350.056 3.6511157745999373e-06
34400.056 3.597895964999827e-06
34450.056 3.364843797800219e-06
34500.056 3.879902451200562e-06
34550.056 3.5510770032998207e-06
34600.056 3.687547145199967e-06
34650.056 3.7862634268001587e-06
34700.056 3.7774614160993354e-06
34750.056 3.999006767100223e-06
34800.056 3.8612114279997255e-06
34850.056 3.6165008370599958e-06
34900.056 3.764132792700093e-06
34950.056 3.7467211791994842e-06
35000.056 3.652075880499734e-06
35050.056 4.2574489438006455e-06
35100.056 3.854968863799619e-06
35150.056 3.992130174519873e-06
35200.056 3.938345419299911e-06
35250.056 3.749752515000311e-06
35300.056 3.966660263400231e-06
35350.056 4.109791561199895e-06
35400.056 3.827898405699724e-06
35450.056 3.8137263403002764e-06
35500.056 4.178693520499931e-06
35550.056 4.036208870799811e-06
35600.056 3.821177062799522e-06
35650.056 4.2814215621004e-06
35700.056 3.893498576200218e-06
35750.056 4.004054627299689e-06
35800.056 4.232901244899757e-06
35850.056 4.1111799311001005e-06
35900.056 4.433828182099727e-06
35950.056 4.157860824199819e-06
36000.056 3.944505335099683e-06
36050.056 4.41288708080033e-06
36100.056 4.509981077099526e-06
36150.056 3.959741027800486e-06
36200.056 4.3940312542996894e-06
36250.056 4.1396263770995615e-06
36300.056 4.6213321411003765e-06
36350.056 4.307118284599527e-06
36400.056 4.33305444490002e-06
36450.056 4.697923760299678e-06
36500.056 4.329587730600204e-06
36550.056 4.315773601700574e-06
36600.056 4.266058716300193e-06
36650.056 4.4519344048002254e-06
36700.056 4.753399295999954e-06
36750.056 4.24485966090024e-06
36800.056 4.466991134399878e-06
36850.056 4.630183764800174e-06
36900.056 4.5446738782004234e-06
36950.056 4.530942971899941e-06
37000.056 4.647409039099901e-06
37050.056 4.751056893499791e-06
37100.056 4.595616108000369e-06
37150.056 4.633125962499402e-06
37200.056 4.7180115075999694e-06
37250.056 4.763259805900029e-06
37300.056 4.832242461900591e-06
37350.056 4.504416292400454e-06
37400.056 4.739237220999892e-06
37450.056 4.6127248106001905e-06
37500.056 4.869346064899735e-06
37550.056 4.725423628599405e-06
37600.056 4.942272151399699e-06
37650.056 4.671473599899826e-06
37700.056 4.859792792799979e-06
37750.056 4.898886452299712e-06
37800.056 4.970163761199834e-06
37850.056 4.86432060249989e-06
37900.056 4.897141950900303e-06
37950.056 4.931264976600145e-06
38000.056 4.958995793800348e-06
38050.056 4.912456421200285e-06
38100.056 4.739820164000234e-06
38150.056 5.060178585199774e-06
38200.056 5.061227028399704e-06
38250.056 4.767555824900413e-06
38300.056 4.730692321499974e-06
38350.056 4.888661484699961e-06
38400.056 4.983057377899846e-06
38450.056 5.10121861950021e-06
38500.056 4.89063425259988e-06
38550.056 4.957441799000259e-06
38600.056 5.335616451499893e-06
38650.056 4.810977951900047e-06
38700.056 4.823230256800586e-06
38750.056 5.0682951125999495e-06
38800.056 4.9798507812005e-06
38850.056 4.9989490705000705e-06
38900.056 4.779761844999918e-06
38950.056 5.062178310999924e-06
39000.056 4.9476603753000996e-06
39050.056 5.029230504299928e-06
39100.056 4.758919350500067e-06
39150.056 4.9137080562001315e-06
39200.056 5.007452000500082e-06
39250.056 4.9746303635995425e-06
39300.056 4.978371715899503e-06
39350.056 4.944686930900321e-06
39400.056 4.8968730385001055e-06
39450.056 4.951511116099914e-06
39500.056 4.80173962569977e-06
39550.056 4.740569810299467e-06
39600.056 5.092731949400009e-06
39650.056 4.653379827800123e-06
39700.056 4.778995482499934e-06
39750.056 4.835111838399634e-06
39800.056 4.526798749300209e-06
39850.056 4.765300480799798e-06
39900.056 4.604880782199876e-06
39950.056 4.794404594999822e-06
40000.056 4.4422463448997955e-06
40050.056 4.296196150199976e-06
40100.056 4.555545457799867e-06
40150.056 4.2983064747993505e-06
40200.056 4.484149428599855e-06
40250.056 4.2674144650990345e-06
40300.056 4.179213736400355e-06
40350.056 4.33875471670019e-06
40400.056 4.342341599100042e-06
40450.056 4.075078029700285e-06
40500.056 3.85835990060018e-06
40550.056 4.378654309499653e-06
40600.056 3.821863888900282e-06
40650.056 4.133213120300395e-06
40700.056 4.305475294900075e-06
40750.056 3.826835161699034e-06
40800.056 3.791692744800144e-06
40850.056 3.578321583800706e-06
40900.056 3.6211535575003374e-06
40950.056 3.7698712699999495e-06
41000.056 3.868089948500022e-06
41050.056 3.8399937904994074e-06
41100.056 3.585611518800008e-06
41150.056 3.872104922800046e-06
41200.056 3.6605675316000845e-06
41250.056 3.7229386675002023e-06
41300.056 3.274248116299638e-06
41350.056 3.755865689100081e-06
41400.056 3.5100054776001945e-06
41450.056 3.527075986000153e-06
41500.056 3.708310853300227e-06
41550.056 3.5995932992401044e-06
41600.056 3.5612589854001048e-06
41650.056 3.3688441720003375e-06
41700.056 3.2394197044997195e-06
41750.056 3.467945491399877e-06
41800.056 3.502347931299757e-06
41850.056 3.0197000859003916e-06
41900.056 3.5117811487997615e-06
41950.056 3.35323633920044e-06
42000.056 3.3417440185003596e-06
42050.056 3.0749787199993894e-06
42100.056 3.4136241132002686e-06
42150.056 2.7864760763995636e-06
42200.056 2.8749239898902006e-06
42250.056 3.2980689745997986e-06
42300.056 2.9453169832000915e-06
42350.056 3.2776806565605123e-06
42400.056 2.9423292991002924e-06
42450.056 2.6526432838000847e-06
42500.056 2.7439363840002104e-06
42550.056 2.8449529060999252e-06
42600.056 2.8353314073003133e-06
42650.056 2.817053807999135e-06
42700.056 2.9131613161003694e-06
42750.056 2.73567602729997e-06
42800.056 2.830076970640475e-06
42850.056 3.0066530138996473e-06
42900.056 2.964402585100141e-06
42950.056 2.5636653271991644e-06
43000.056 2.741128958099977e-06
43050.056 2.5002301251309256e-06
43100.056 2.669415519399928e-06
43150.056 2.683545577260392e-06
43200.056 2.529211428600052e-06
43250.056 2.6042088678400797e-06
43300.056 2.6406626248001564e-06
43350.056 2.3672412953296436e-06
43400.056 2.4165483484499127e-06
43450.056 2.369197165860366e-06
43500.056 2.3509692977997235e-06
43550.056 2.3457725448400136e-06
43600.056 2.4720566808001353e-06
43650.056 2.165833444320084e-06
43700.056 2.2129823375999014e-06
43750.056 2.217913508720148e-06
43800.056 2.066651303270035e-06
43850.056 2.0920444706003717e-06
43900.056 2.1619245564799616e-06
43950.056 2.009542317240024e-06
44000.056 1.8507052386800665e-06
44050.056 1.8424596244800816e-06
44100.056 1.9526336566002836e-06
44150.056 2.0438513746398635e-06
44200.056 1.856586533910091e-06
44250.056 1.8577867593399617e-06
44300.056 1.7893356788602367e-06
44350.056 1.7045351332401457e-06
44400.056 1.8029083184299055e-06
44450.056 1.8506350886601092e-06
44500.056 1.785729961330181e-06
44550.056 1.6381129652397037e-06
44600.056 1.6438518145901873e-06
44650.056 1.7863829320799814e-06
44700.056 1.6587483825101005e-06
44750.056 1.6961809418298182e-06
44800.056 1.6767592186499621e-06
44850.056 1.6789321111901507e-06
44900.056 1.59494779690015e-06
44950.056 1.5062263425100849e-06
45000.056 1.633032877299959e-06
45050.056 1.6251549385398568e-06
45100.056 1.6811584840000263e-06
45150.056 1.5385527370400036e-06
45200.056 1.4160120933599672e-06
45250.056 1.4917615124698915e-06
45300.056 1.638823635480062e-06
45350.056 1.6625802154298636e-06
45400.056 1.5417939623301808e-06
45450.056 1.4461973096997978e-06
45500.056 1.5119339652799013e-06
45550.056 1.647572172139973e-06
45600.056 1.5098610986999654e-06
45650.056 1.3949934333997775e-06
45700.056 1.5909084855901097e-06
45750.056 1.456651173870034e-06
45800.056 1.4344336423199415e-06
45850.056 1.7104930642799796e-06
45900.056 1.6653515223400222e-06
45950.056 1.4702190730999878e-06
46000.056 1.7439860030800115e-06
46050.056 1.7711002656904052e-06
46100.056 1.4305833846901141e-06
46150.056 1.5333798586598956e-06
46200.056 1.646460450690356e-06
46250.056 1.3789888540100035e-06
46300.056 1.7948288570599955e-06
46350.056 1.5371068582398695e-06
46400.056 1.5763553389398454e-06
46450.056 1.6098751689902147e-06
46500.056 1.484555764429891e-06
46550.056 1.7881189110100104e-06
46600.056 1.6638676968800632e-06
46650.056 2.067436048829843e-06
46700.056 1.985720441770613e-06
46750.056 1.5780659120999806e-06
46800.056 1.6920358463802181e-06
46850.056 1.8190272542201873e-06
46900.056 1.696149339579749e-06
46950.056 1.97711443329001e-06
47000.056 1.6355166940000164e-06
47050.056 1.917955661969842e-06
47100.056 1.5038409791800773e-06
47150.056 1.72340639654016e-06
47200.056 1.8019759352404285e-06
47250.056 1.6387239775897636e-06
47300.056 1.754467733799674e-06
47350.056 1.4466172800398333e-06
47400.056 1.7747368210596961e-06
47450.056 1.6249744642198949e-06
47500.056 1.761528855769784e-06
47550.056 1.60176314307988e-06
47600.056 1.8191892888698427e-06
47650.056 1.3592016655897334e-06
47700.056 1.846481330179985e-06
47750.056 1.2971501290202952e-06
47800.056 1.7880002348998883e-06
47850.056 1.3524072767798589e-06
47900.056 1.8035197918000725e-06
47950.056 1.3865184494502453e-06
48000.056 2.005778834699977e-06
48050.056 1.5025948046202124e-06
48100.056 1.693285137619936e-06
48150.056 1.4931787084401783e-06
48200.056 1.8181642706301707e-06
48250.056 1.5000121025200311e-06
48300.056 1.959906809399802e-06
48350.056 1.3421888698197763e-06
48400.056 1.7612102045199695e-06
48450.056 1.4234512747300548e-06
48500.056 1.9867461317600186e-06
48550.056 1.335029531359995e-06
48600.056 1.8916678841998532e-06
48650.056 1.3823120945299836e-06
48700.056 1.8533001143401128e-06
48750.056 1.2427263783701e-06
48800.056 1.955585317730114e-06
48850.056 1.34712849845975e-06
48900.056 1.8608067685001666e-06
48950.056 1.5745338489999922e-06
49000.056 1.6149503812499627e-06
49050.056 1.7342254963999067e-06
49100.056 1.5667475614101236e-06
49150.056 1.6403271433899552e-06
49200.056 1.53755696931992e-06
49250.056 1.631310843260004e-06
49300.056 1.4350938446298136e-06
49350.056 1.566944235329924e-06
49400.056 1.805543484530072e-06
49450.056 1.532382586740322e-06
49500.056 1.6003731984201075e-06
49550.056 1.4211135285998952e-06
49600.056 1.5373054276102732e-06
49650.056 1.614745699580019e-06
49700.056 1.3821663515698851e-06
49750.056 2.1272899368997996e-06
49800.056 1.518180185470045e-06
49850.056 1.972633740660096e-06
49900.056 1.5632432533200425e-06
49950.056 1.6211914830097391e-06
50000.056 1.6206154931396374e-06
50050.056 1.5989636323501108e-06
50100.056 1.7821086871499078e-06
50150.056 1.48380998624002e-06
50200.056 1.4156302105701565e-06
50250.056 1.627662920550096e-06
50300.056 1.4723930001499226e-06
50350.056 1.8226798336399513e-06
50400.056 1.5401937248898936e-06
50450.056 1.5534377212302023e-06
50500.056 1.984681270270205e-06
50550.056 1.5817149413399526e-06
50600.056 1.736819614439981e-06
50650.056 1.6035418818302824e-06
50700.056 1.8282686198797199e-06
50750.056 1.9124702764602024e-06
50800.056 1.349287255689833e-06
50850.056 1.6622422570401754e-06
50900.056 1.7500647049899194e-06
50950.056 1.7343668696103053e-06
51000.056 2.0577491667701758e-06
51050.056 1.5767281105601505e-06
51100.056 1.5496065484999085e-06
51150.056 1.7827470976699463e-06
51200.056 1.61771890143998e-06
51250.056 1.848163383710019e-06
51300.056 1.4838012972203715e-06
51350.056 1.7640738120098707e-06
51400.056 1.6738378496796808e-06
51450.056 1.2227963609998126e-06
51500.056 1.6844694551200838e-06
51550.056 2.0973338734601546e-06
51600.056 1.3653286557900053e-06
51650.056 1.7168812892997656e-06
51700.056 1.5931114859795245e-06
51750.056 1.5090765096700616e-06
51800.056 1.8538825846797048e-06
51850.056 1.7440244981997629e-06
51900.056 1.891402051500201e-06
51950.056 1.72939735004985e-06
52000.056 1.4469606023899645e-06
52050.056 1.742296952279885e-06
52100.056 1.6277880709997841e-06
52150.056 1.6399788825900906e-06
52200.056 1.5829793264300754e-06
52250.056 1.6215114570699584e-06
52300.056 1.802887291379968e-06
52350.056 1.893260415780176e-06
52400.056 1.3961298767501595e-06
52450.056 1.6139380417400332e-06
52500.056 1.8557361971096903e-06
52550.056 1.7004543636996507e-06
52600.056 1.7511501797901158e-06
52650.056 1.9541210573302235e-06
52700.056 1.6178761706500715e-06
52750.056 1.413112727349891e-06
52800.056 1.5429727720201128e-06
52850.056 1.4757958274099018e-06
52900.056 1.708000782420037e-06
52950.056 1.5997060246998516e-06
53000.056 1.8457469530599072e-06
53050.056 1.6497318934796909e-06
53100.056 1.5901092256497964e-06
53150.056 1.931025946880264e-06
53200.056 1.3329004318401777e-06
53250.056 1.8321488419999893e-06
53300.056 1.8439799680105869e-06
53350.056 1.8412023819197714e-06
53400.056 1.6827307145000963e-06
53450.056 1.5747443934000612e-06
53500.056 1.314206778139812e-06
