galfind/configs/Brown_Dwarf_templates/sonora_bobcat/m0.0/1000g/sp_t750g1000nc_m0.0_resample.dat
# %ECSV 1.0
# ---
# datatype:
# - {name: wav, unit: Angstrom, datatype: float64}
# - {name: flux_nu, unit: erg / (cm2 Hz s), datatype: float64}
# meta: {C/O: '1.00', Kzz: '1.0000E+05', Teff: '750.', Y: '0.28', '[Fe/H]': '0.00', f_hole: '1.00', f_rain: '0.00', grav: '1000.'}
# schema: astropy-2.0
wav flux_nu
[from data line 498]
28900.056 8.153640024828002e-09
28950.056 1.5616556743012587e-08
29000.056 1.3348999092805493e-08
29050.056 1.6399528742354706e-08
29100.056 1.0738866599819034e-08
29150.056 1.9366932003955163e-08
29200.056 1.4759159770105079e-08
29250.056 2.153039017397337e-08
29300.056 1.1027929455686934e-08
29350.056 3.402859609392219e-08
29400.056 1.526262066531863e-08
29450.056 1.652328996979776e-08
29500.056 2.3258453321635335e-08
29550.056 1.6614813171798326e-08
29600.056 2.0767019486083435e-08
29650.056 2.761126052645314e-08
29700.056 1.6114941584351295e-08
29750.056 2.6359481138269158e-08
29800.056 2.547796577836282e-08
29850.056 2.990024871218096e-08
29900.056 2.6786527369881995e-08
29950.056 2.456707842184349e-08
30000.056 3.289888730936929e-09
30050.056 7.16870954426457e-09
30100.056 1.1707325562783634e-08
30150.056 2.4933322973508945e-08
30200.056 2.1938016025911005e-08
30250.056 3.9231808192431045e-08
30300.056 3.633413662998138e-08
30350.056 2.4499201773524812e-08
30400.056 4.17207152815236e-08
30450.056 2.692352743130227e-08
30500.056 2.6338432758267398e-08
30550.056 2.4608330852716476e-08
30600.056 4.301452457230397e-08
30650.056 2.77741306980407e-08
30700.056 2.4200948844972867e-08
30750.056 3.1719162790895335e-08
30800.056 2.634747573860489e-08
30850.056 2.592058615673418e-08
30900.056 1.8687033681082114e-08
30950.056 1.8685740650253058e-08
31000.056 1.8728911480383483e-08
31050.056 1.9982787388198445e-08
31100.056 1.2644462015006652e-08
31150.056 1.929881207168877e-08
31200.056 2.598389766930485e-08
31250.056 1.6163563052429045e-08
31300.056 1.3583568016254209e-08
31350.056 1.6797361670778736e-08
31400.056 1.2527646285664768e-08
31450.056 1.4850046552196656e-08
31500.056 8.354267732603833e-09
31550.056 1.1325856945456366e-08
31600.056 8.342456835823691e-09
31650.056 7.364573187002579e-09
31700.056 8.305365328580848e-09
31750.056 5.2083659741168456e-09
31800.056 8.959734752999858e-09
31850.056 4.167245208969064e-09
31900.056 6.8391387366404645e-09
31950.056 3.940850080363478e-09
32000.056 5.390789978750913e-09
32050.056 5.610630669301948e-09
32100.056 4.858684457687435e-09
32150.056 6.362991166029689e-09
32200.056 4.1580668706019586e-09
32250.056 7.855709525692706e-09
32300.056 3.750057374660891e-09
32350.056 8.271686053440376e-09
32400.056 3.696420232297588e-09
32450.056 7.3246042450236705e-09
32500.056 5.1740648351510224e-09
32550.056 6.5700464071296006e-09
32600.056 6.795827778666317e-09
32650.056 1.0495530493756265e-08
32700.056 8.279384569276614e-09
32750.056 1.3617068917332715e-08
32800.056 1.2896667071157973e-08
32850.056 1.6560100185499408e-08
32900.056 1.690415329151657e-08
32950.056 1.791123046829469e-08
33000.056 1.2920767014039368e-08
33050.056 1.3900558274623091e-08
33100.056 5.598573583695443e-09
33150.056 2.200107113195469e-10
33200.056 4.875925233230874e-10
33250.056 4.255249990168877e-10
33300.056 9.30924941412242e-10
33350.056 2.2184405048789364e-09
33400.056 4.226522104529046e-09
33450.056 5.192726627877128e-09
33500.056 1.1012291658004955e-08
33550.056 6.472178419643822e-09
33600.056 1.1825172653149134e-08
33650.056 1.1982931101240683e-08
33700.056 7.724061809166086e-09
33750.056 1.5298459018939296e-08
33800.056 6.018751877277016e-09
33850.056 1.0726424012829972e-08
33900.056 9.14781693472398e-09
33950.056 9.122941022503742e-09
34000.056 1.3359753843603813e-08
34050.056 5.098799105655865e-09
34100.056 1.2250401042043088e-08
34150.056 7.1061719706604946e-09
34200.056 1.1218838388594653e-08
34250.056 9.98596278036641e-09
34300.056 7.745187361272353e-09
34350.056 1.0732161570841165e-08
34400.056 6.336456363370113e-09
34450.056 1.2311322023215147e-08
34500.056 9.509060405161338e-09
34550.056 5.695928874232074e-09
34600.056 1.552317599370035e-08
34650.056 6.467474911018307e-09
34700.056 1.2463167935071139e-08
34750.056 1.0510567659095717e-08
34800.056 7.910026953113763e-09
34850.056 1.547432105415143e-08
34900.056 1.0012897044095429e-08
34950.056 1.4068310263297191e-08
35000.056 2.3099784216726286e-08
35050.056 1.156375518515958e-08
35100.056 2.13963081211521e-08
35150.056 2.0163786256693684e-08
35200.056 1.794951118032965e-08
35250.056 2.777746115939859e-08
35300.056 1.5155385955174215e-08
35350.056 1.9441234953479214e-08
35400.056 2.0978640405035406e-08
35450.056 1.4083152102062725e-08
35500.056 3.30830616842739e-08
35550.056 2.50834713875096e-08
35600.056 2.5402921836311853e-08
35650.056 2.8810839852822322e-08
35700.056 2.3876563468814527e-08
35750.056 3.582830375499876e-08
35800.056 3.8903635992882454e-08
35850.056 2.2459990111398975e-08
35900.056 3.332147860375829e-08
35950.056 3.5385649980194825e-08
36000.056 3.427876124080498e-08
36050.056 3.2270612321090954e-08
36100.056 2.992709703091786e-08
36150.056 4.0849687645592844e-08
36200.056 4.6261128767290983e-08
36250.056 3.6850373961993184e-08
36300.056 5.487366126359477e-08
36350.056 4.719895604734513e-08
36400.056 5.335966916337069e-08
36450.056 5.27660393966825e-08
36500.056 5.718288482030219e-08
36550.056 6.960617204851602e-08
36600.056 7.873456435398817e-08
36650.056 6.542472492691018e-08
36700.056 6.747680528738429e-08
36750.056 8.16199326100176e-08
36800.056 8.413335153499644e-08
36850.056 6.96036348518686e-08
36900.056 8.071538052045724e-08
36950.056 9.108264648298348e-08
37000.056 7.831387926999205e-08
37050.056 9.235417476030275e-08
37100.056 8.07833438166013e-08
37150.056 8.275431330360529e-08
37200.056 1.0589890009899107e-07
37250.056 8.309272533318135e-08
37300.056 7.458436900423482e-08
37350.056 9.599357480991395e-08
37400.056 1.2598599320199759e-07
37450.056 8.341271761585685e-08
37500.056 9.030737541445412e-08
37550.056 1.2820501502504454e-07
37600.056 1.49667830330016e-07
37650.056 8.634568232001315e-08
37700.056 1.2950911662081154e-07
37750.056 9.860188548521194e-08
37800.056 1.1110569455503244e-07
37850.056 7.881286636150246e-08
37900.056 9.066547045301775e-08
37950.056 1.1678029492288988e-07
38000.056 1.2364452152429413e-07
38050.056 1.3038289027962687e-07
38100.056 1.485847590624093e-07
38150.056 1.5469402676199572e-07
38200.056 1.4863002892900945e-07
38250.056 1.4179224688301376e-07
38300.056 1.9054545034496482e-07
38350.056 1.894172819490301e-07
38400.056 1.2571136353695451e-07
38450.056 1.1413787631896029e-07
38500.056 8.958091761002061e-08
38550.056 1.461272323970298e-07
38600.056 1.4147741953397812e-07
38650.056 1.5367951216098262e-07
38700.056 1.6403937960399852e-07
38750.056 1.5746503504300347e-07
38800.056 1.4735695492997654e-07
38850.056 1.6134065886301177e-07
38900.056 1.8943107936397767e-07
38950.056 1.5000244755599754e-07
39000.056 1.7403799194197674e-07
39050.056 1.6364511855503622e-07
39100.056 1.691109547036923e-07
39150.056 1.95070188684995e-07
39200.056 1.7035566509098902e-07
39250.056 2.0358070966699922e-07
39300.056 1.8143203243497918e-07
39350.056 2.2485013398400888e-07
39400.056 1.8674781031902514e-07
39450.056 2.0815755276799746e-07
39500.056 2.1765274009401047e-07
39550.056 1.793846720541523e-07
39600.056 2.144364401589839e-07
39650.056 2.504121433999879e-07
39700.056 2.289943893400203e-07
39750.056 1.7317639062604533e-07
39800.056 1.9490648834299472e-07
39850.056 2.678164206000069e-07
39900.056 2.6712992105000503e-07
39950.056 2.20634986049984e-07
40000.056 2.7005186549000777e-07
40050.056 2.5600878008100345e-07
40100.056 1.8361047210229652e-07
40150.056 2.6070801769601223e-07
40200.056 2.696537342599591e-07
40250.056 2.739932551999471e-07
40300.056 2.7422667198002557e-07
40350.056 2.3250002662897e-07
40400.056 2.8716173623680546e-07
40450.056 2.233619427589897e-07
40500.056 2.8921075613998794e-07
40550.056 3.0525026591995726e-07
40600.056 2.825468465900138e-07
40650.056 2.5842597086255997e-07
40700.056 3.589226962799849e-07
40750.056 2.777896972499584e-07
40800.056 2.2596091542392856e-07
40850.056 3.5468207854003927e-07
40900.056 3.3736017380598884e-07
40950.056 2.888268034580151e-07
41000.056 2.8834508655998923e-07
41050.056 3.608692579799626e-07
41100.056 3.1953763797997786e-07
41150.056 2.2257369945598667e-07
41200.056 3.500505699600111e-07
41250.056 3.164443297629773e-07
41300.056 2.9494746561998465e-07
41350.056 3.6821619037000135e-07
41400.056 3.2511182214002505e-07
41450.056 3.621991984999902e-07
41500.056 2.8289365685046824e-07
41550.056 2.6777587329405447e-07
41600.056 3.0593697847643003e-07
41650.056 3.410253471100172e-07
41700.056 3.245642929999548e-07
41750.056 3.118982010599794e-07
41800.056 3.6690105775002767e-07
41850.056 2.601090444809836e-07
41900.056 2.95187111646943e-07
41950.056 3.305269664100251e-07
42000.056 3.0170303992192206e-07
42050.056 2.625378955760191e-07
42100.056 3.638056376499722e-07
42150.056 2.6882230800101094e-07
42200.056 2.6614552510698535e-07
42250.056 2.850756639979985e-07
42300.056 2.656103776839931e-07
42350.056 3.206650843700309e-07
42400.056 3.3080227646002346e-07
42450.056 2.7616068513204037e-07
42500.056 2.8379967607299076e-07
42550.056 2.5968479848998854e-07
42600.056 2.9481441644606026e-07
42650.056 3.8155484212994127e-07
42700.056 2.7921760075193916e-07
42750.056 2.557653630800331e-07
42800.056 3.121872774940196e-07
42850.056 3.4669266760993294e-07
42900.056 3.683478542120405e-07
42950.056 2.8195883693195714e-07
43000.056 3.2859303519600396e-07
43050.056 2.0424000984005577e-07
43100.056 2.9789718799997756e-07
43150.056 2.583926412870182e-07
43200.056 3.0282615601001087e-07
43250.056 4.0805997333002487e-07
43300.056 3.8603735008000947e-07
43350.056 2.2588124413494995e-07
43400.056 3.0798453701201043e-07
43450.056 2.464274967810342e-07
43500.056 2.7079255671001553e-07
43550.056 2.7078410680501287e-07
43600.056 3.541266720140288e-07
43650.056 2.3283826070600194e-07
43700.056 3.872484225800379e-07
43750.056 3.4067529844000883e-07
43800.056 3.154871945419691e-07
43850.056 2.864229747530421e-07
43900.056 2.880982301299785e-07
43950.056 2.1068872002497633e-07
44000.056 1.891413432520035e-07
44050.056 3.408370664900121e-07
44100.056 4.2868021975001543e-07
44150.056 4.226826038879826e-07
44200.056 3.631940924400058e-07
44250.056 2.4445741671199695e-07
44300.056 2.023874706440322e-07
44350.056 2.3664642611493758e-07
44400.056 2.252113597749874e-07
44450.056 3.2009182910000666e-07
44500.056 2.949781364500515e-07
44550.056 3.859145872399777e-07
44600.056 3.4428342699901474e-07
44650.056 3.280585416870033e-07
44700.056 2.393083971099801e-07
44750.056 3.015295647590511e-07
44800.056 2.625425736350237e-07
44850.056 3.515117083700282e-07
44900.056 2.7309948862600634e-07
44950.056 3.007946338880186e-07
45000.056 3.3066211310000787e-07
45050.056 3.209977832799798e-07
45100.056 3.1618797542501513e-07
45150.056 3.080208817799816e-07
45200.056 2.3902175816401597e-07
45250.056 2.694282834969505e-07
45300.056 2.4918576157103e-07
45350.056 2.3293901714000446e-07
45400.056 3.7897964961003447e-07
45450.056 3.5055920639001507e-07
45500.056 3.66890530349017e-07
45550.056 4.0884878674993804e-07
45600.056 3.9168368389003257e-07
45650.056 3.321874392659793e-07
45700.056 2.495742456999981e-07
45750.056 2.3179450005500426e-07
45800.056 4.09548087990014e-07
45850.056 3.8460169700399324e-07
45900.056 4.1254956636000524e-07
45950.056 3.3117942083199175e-07
46000.056 3.942000175700391e-07
46050.056 3.2342634259900333e-07
46100.056 4.2203122255997784e-07
46150.056 2.947897062199963e-07
46200.056 2.7367006140899335e-07
46250.056 1.5737417409108213e-07
46300.056 3.1174610334999917e-07
46350.056 3.2010621665002516e-07
46400.056 3.090920561710142e-07
46450.056 2.736868642390011e-07
46500.056 2.966623758820559e-07
46550.056 2.1227589136400856e-07
46600.056 2.698225755939686e-07
46650.056 3.820849467180194e-07
46700.056 2.77492892599958e-07
46750.056 1.805487769840215e-07
46800.056 1.4087597118100456e-07
46850.056 3.7151368622004407e-07
46900.056 3.6359902600998304e-07
46950.056 3.469774552099749e-07
47000.056 3.2988358271403777e-07
47050.056 2.778774102309181e-07
47100.056 2.040334541740151e-07
47150.056 2.817634311340369e-07
47200.056 3.298098476699903e-07
47250.056 2.1448060182497836e-07
47300.056 1.5614397321681662e-07
47350.056 3.6347984841999965e-07
47400.056 3.3226639500997794e-07
47450.056 2.9525634360503794e-07
47500.056 3.6475383860997673e-07
47550.056 3.160448515040104e-07
47600.056 3.2313020904997534e-07
47650.056 3.0948768588516983e-07
47700.056 2.713659539809641e-07
47750.056 2.1024456735500313e-07
47800.056 2.002978224990181e-07
47850.056 1.3066626364021142e-07
47900.056 1.7508688593398508e-07
47950.056 2.963224676800084e-07
48000.056 3.7289426417001434e-07
48050.056 3.280933889739814e-07
48100.056 1.7550456179640632e-07
48150.056 2.5495550947300836e-07
48200.056 2.1553998134799572e-07
48250.056 2.4923827616000174e-07
48300.056 3.5693426293998037e-07
48350.056 2.3275671552999113e-07
48400.056 1.0706566641858048e-07
48450.056 1.9235853851583894e-07
48500.056 2.610441644639545e-07
48550.056 2.5907007456801744e-07
48600.056 2.8025597844000764e-07
48650.056 3.306609682399905e-07
48700.056 2.581657625940159e-07
48750.056 1.6467277240905336e-07
48800.056 3.090906428630155e-07
48850.056 1.9844951922896543e-07
48900.056 2.86990002551983e-07
48950.056 1.8966017578000336e-07
49000.056 1.1465265139220322e-07
49050.056 2.5823012906996973e-07
49100.056 2.854330431800386e-07
49150.056 2.2404469036939944e-07
49200.056 3.0857627321003596e-07
49250.056 2.9822390465002246e-07
49300.056 2.588135636679918e-07
49350.056 1.4648053106802714e-07
49400.056 2.034264287549608e-07
49450.056 2.038387580755511e-07
49500.056 1.7189413420498446e-07
49550.056 7.608055557990134e-08
49600.056 1.4228045756142248e-07
49650.056 1.9974693933098814e-07
49700.056 2.0814208071395019e-07
49750.056 2.469449413259813e-07
49800.056 1.8465396477619686e-07
49850.056 2.8278734042603406e-07
49900.056 2.4352741311399226e-07
49950.056 2.1863998088699491e-07
50000.056 2.038160323119857e-07
50050.056 2.436755420849944e-07
50100.056 2.001080396279912e-07
50150.056 1.241869141189858e-07
50200.056 5.060446930161291e-08
50250.056 1.6306652552499214e-07
50300.056 1.219653348046125e-07
50350.056 2.3237539131602556e-07
50400.056 2.2053462142198836e-07
50450.056 1.6424935529640176e-07
50500.056 2.4074612047101786e-07
50550.056 2.2708022134000792e-07
50600.056 1.6809780269396146e-07
50650.056 2.4426661819103956e-07
50700.056 2.6346208373997666e-07
50750.056 1.8692974102901687e-07
50800.056 1.0104377160098342e-07
50850.056 8.387512709162591e-08
50900.056 2.3506190046199834e-07
50950.056 1.9365715103000372e-07
51000.056 1.879952038351149e-07
51050.056 2.0970507513997984e-07
51100.056 1.023371284090876e-07
51150.056 1.329754939767326e-07
51200.056 2.709238513799854e-07
51250.056 1.8483115751697815e-07
51300.056 1.3569099297303407e-07
51350.056 1.560854046887809e-07
51400.056 8.657177889570872e-08
51450.056 7.030998170608294e-08
51500.056 6.812638225702114e-08
51550.056 1.6556437411801508e-07
51600.056 1.2428208250771362e-07
51650.056 1.4136566355698337e-07
51700.056 1.6168191771108106e-07
51750.056 1.1570643398051111e-07
51800.056 1.8154677441396631e-07
51850.056 1.5293574236899294e-07
51900.056 2.1980555273601053e-07
51950.056 1.5725890266298588e-07
52000.056 4.240375918898914e-08
52050.056 1.0388088658301137e-07
52100.056 7.717810584099466e-08
52150.056 5.914767849230747e-08
52200.056 8.881211150199856e-08
52250.056 1.2215497211301715e-07
52300.056 1.853180361799952e-07
52350.056 9.726064660752007e-08
52400.056 8.441319101690488e-08
52450.056 1.6961735817001574e-07
52500.056 1.6075471202296177e-07
52550.056 1.5406090274498573e-07
52600.056 1.2284347522500505e-07
52650.056 1.3555421547501767e-07
52700.056 1.0574549887499973e-07
52750.056 6.695888818399303e-08
52800.056 9.04654211730117e-08
52850.056 1.0329937697297189e-07
52900.056 7.88366887121606e-08
52950.056 9.604340608400548e-08
53000.056 1.356504045650057e-07
53050.056 7.114484209048309e-08
53100.056 1.361659231699919e-07
53150.056 1.6629686266001588e-07
53200.056 7.232338770599318e-08
53250.056 1.438183947680118e-07
53300.056 1.633190420015666e-07
53350.056 1.431836961279977e-07
53400.056 1.2062343427399586e-07
53450.056 6.183544818748804e-08
