galfind/configs/Brown_Dwarf_templates/sonora_bobcat/m0.0/1000g/sp_t1300g1000nc_m0.0_resample.dat
# %ECSV 1.0
# ---
# datatype:
# - {name: wav, unit: Angstrom, datatype: float64}
# - {name: flux_nu, unit: erg / (cm2 Hz s), datatype: float64}
# meta: {C/O: '1.00', Kzz: '1.0000E+05', Teff: '1300.', Y: '0.28', '[Fe/H]': '0.00', f_hole: '1.00', f_rain: '0.00', grav: '1000.'}
# schema: astropy-2.0
wav flux_nu
[from data line 498]
28900.056 2.2223774120588737e-07
28950.056 3.934069251539732e-07
29000.056 3.2193685807692893e-07
29050.056 3.5466648168001804e-07
29100.056 2.663354003600502e-07
29150.056 4.1800009631705215e-07
29200.056 3.133546439440227e-07
29250.056 3.885857646897077e-07
29300.056 2.7737913755393324e-07
29350.056 5.203741352779398e-07
29400.056 3.5503748262796366e-07
29450.056 3.723800422577737e-07
29500.056 3.868480165079834e-07
29550.056 3.7663633341300956e-07
29600.056 4.253657865868575e-07
29650.056 3.9160085212596704e-07
29700.056 3.530594003929205e-07
29750.056 4.2536649208907847e-07
29800.056 4.505226927979283e-07
29850.056 4.3067921247993484e-07
29900.056 4.196656784421995e-07
29950.056 4.7080169286190944e-07
30000.056 4.276187111079593e-07
30050.056 3.930318328079972e-07
30100.056 3.778892125918925e-07
30150.056 5.112822336699899e-07
30200.056 4.132944191999982e-07
30250.056 4.832938099050667e-07
30300.056 4.185577254719936e-07
30350.056 4.085803568620319e-07
30400.056 4.5981217404800383e-07
30450.056 3.639537248040707e-07
30500.056 3.2024438919502547e-07
30550.056 3.4278084786202274e-07
30600.056 3.615146315909947e-07
30650.056 3.279790697299559e-07
30700.056 3.1030053516997426e-07
30750.056 2.9422003543196745e-07
30800.056 2.803960799270595e-07
30850.056 2.4725884313394094e-07
30900.056 2.527147642279522e-07
30950.056 2.195953179770431e-07
31000.056 2.1020652839001026e-07
31050.056 2.3591850369001502e-07
31100.056 1.8556976149599027e-07
31150.056 1.9961211295198876e-07
31200.056 2.164868063110245e-07
31250.056 1.724036076629823e-07
31300.056 1.74700683466978e-07
31350.056 1.6519460914200682e-07
31400.056 1.4453951728801245e-07
31450.056 1.5112292499697553e-07
31500.056 1.3393080879897013e-07
31550.056 1.4085831655699194e-07
31600.056 1.254599785230016e-07
31650.056 1.1702700124000711e-07
31700.056 1.224492232879802e-07
31750.056 1.0592659778443345e-07
31800.056 1.2649944489697724e-07
31850.056 1.0818736909821744e-07
31900.056 1.257940908150062e-07
31950.056 9.480919578300826e-08
32000.056 1.1511860844647972e-07
32050.056 1.1747673815100631e-07
32100.056 1.1511753995300959e-07
32150.056 1.244606045779877e-07
32200.056 1.0907396506039891e-07
32250.056 1.374209490670159e-07
32300.056 1.0622385840738882e-07
32350.056 1.4336671592099434e-07
32400.056 1.0901531988499628e-07
32450.056 1.4083876311595388e-07
32500.056 1.3546537819402454e-07
32550.056 1.3605579709699222e-07
32600.056 1.4571214678499657e-07
32650.056 1.7407073889497996e-07
32700.056 1.6673102372702362e-07
32750.056 1.794482908110084e-07
32800.056 1.7635675328201618e-07
32850.056 1.8684277388197949e-07
32900.056 2.0300850940199626e-07
32950.056 2.0199700079398902e-07
33000.056 1.836665637459613e-07
33050.056 1.6862989255103313e-07
33100.056 1.2586611983398772e-07
33150.056 6.640406487800857e-08
33200.056 5.55275597179841e-08
33250.056 4.333465740998847e-08
33300.056 4.4065882652008496e-08
33350.056 5.536079982100135e-08
33400.056 6.701496274598885e-08
33450.056 8.014763614399821e-08
33500.056 1.0411703864302129e-07
33550.056 1.0999055654802165e-07
33600.056 1.3849168872199024e-07
33650.056 1.543882445190102e-07
33700.056 1.4026745045097944e-07
33750.056 1.8026933969999835e-07
33800.056 1.6197620895599837e-07
33850.056 1.833921405499836e-07
33900.056 1.5810054345199354e-07
33950.056 1.6219941821198703e-07
34000.056 1.8290371215901328e-07
34050.056 1.4096697280897216e-07
34100.056 1.8438042632098663e-07
34150.056 1.5831468762498112e-07
34200.056 1.5289430644695537e-07
34250.056 1.631482189229525e-07
34300.056 1.4322017830893022e-07
34350.056 1.4096878416900357e-07
34400.056 1.3142550536599794e-07
34450.056 1.6007729352298423e-07
34500.056 1.5534376053599133e-07
34550.056 1.3569901481500091e-07
34600.056 1.7734174800799929e-07
34650.056 1.509041165459889e-07
34700.056 1.597213236849891e-07
34750.056 1.6819565493897802e-07
34800.056 1.5339757755698132e-07
34850.056 1.6119795279701395e-07
34900.056 1.7269119348297594e-07
34950.056 1.6902279264296686e-07
35000.056 2.1403909818003194e-07
35050.056 1.6339786101999598e-07
35100.056 1.863876421469933e-07
35150.056 1.9451612646200745e-07
35200.056 1.9654156670700975e-07
35250.056 2.2611916137196088e-07
35300.056 1.926667651050273e-07
35350.056 1.9128734047896635e-07
35400.056 2.1126836324104094e-07
35450.056 1.640902124160604e-07
35500.056 2.400848972820103e-07
35550.056 2.314222774149875e-07
35600.056 2.1820238436505175e-07
35650.056 2.4265632435801164e-07
35700.056 2.1816236405399852e-07
35750.056 2.4534132789197593e-07
35800.056 3.0367948035000825e-07
35850.056 2.2857788083699662e-07
35900.056 2.8828841407499356e-07
35950.056 2.785556712259743e-07
36000.056 2.796629674300386e-07
36050.056 2.882988348499854e-07
36100.056 2.861594841818564e-07
36150.056 3.0350533359199483e-07
36200.056 3.3173641554997923e-07
36250.056 3.091711982679624e-07
36300.056 3.446176684850174e-07
36350.056 3.3758659992997996e-07
36400.056 3.4291077420000554e-07
36450.056 3.7552995805798976e-07
36500.056 3.761218069399674e-07
36550.056 4.1070911264009386e-07
36600.056 4.334179022300115e-07
36650.056 4.196235777399344e-07
36700.056 4.495156622799794e-07
36750.056 4.791971288700668e-07
36800.056 4.823643388299848e-07
36850.056 4.839777550419139e-07
36900.056 4.819349792099901e-07
36950.056 5.485769927599674e-07
37000.056 5.357329945099775e-07
37050.056 5.457734639800115e-07
37100.056 5.730894131699743e-07
37150.056 5.500248824100512e-07
37200.056 6.023407707400048e-07
37250.056 5.963564142399248e-07
37300.056 5.58641920124875e-07
37350.056 5.882577891400639e-07
37400.056 7.064818481499836e-07
37450.056 6.324475518360267e-07
37500.056 6.36428849299965e-07
37550.056 7.220595256401383e-07
37600.056 7.619394501400321e-07
37650.056 6.645489560600328e-07
37700.056 7.744122657800624e-07
37750.056 6.947873799700508e-07
37800.056 7.429295773401962e-07
37850.056 6.80623557770012e-07
37900.056 7.175680865001669e-07
37950.056 7.390630740399315e-07
38000.056 8.300630663600055e-07
38050.056 8.160483583000892e-07
38100.056 8.08289896920076e-07
38150.056 8.80510126789971e-07
38200.056 8.957400729500838e-07
38250.056 8.540031662800194e-07
38300.056 9.554062567299228e-07
38350.056 9.813253806300597e-07
38400.056 8.607325410199058e-07
38450.056 9.347598408299456e-07
38500.056 8.558257185301211e-07
38550.056 9.85649569340069e-07
38600.056 9.864449399299334e-07
38650.056 9.90322949419965e-07
38700.056 1.032869500080013e-06
38750.056 1.059542661680003e-06
38800.056 9.847378738598523e-07
38850.056 1.0202685038300313e-06
38900.056 1.0681613987800142e-06
38950.056 1.05608564685999e-06
39000.056 1.092366503059993e-06
39050.056 1.091685078269954e-06
39100.056 1.0492051455901117e-06
39150.056 1.120967226230018e-06
39200.056 1.1021841857299727e-06
39250.056 1.1582365453299016e-06
39300.056 1.1119032590698308e-06
39350.056 1.1838153621200718e-06
39400.056 1.160639985490059e-06
39450.056 1.17081983372998e-06
39500.056 1.13667440775e-06
39550.056 1.1487138854300553e-06
39600.056 1.2245448100998252e-06
39650.056 1.2206648049100046e-06
39700.056 1.2013816315800478e-06
39750.056 1.1454011785100791e-06
39800.056 1.1690957240899129e-06
39850.056 1.2701760752499824e-06
39900.056 1.2366679015600153e-06
39950.056 1.2644634531998886e-06
40000.056 1.2530899604400598e-06
40050.056 1.2370714679600438e-06
40100.056 1.2309485233800208e-06
40150.056 1.2636866973699615e-06
40200.056 1.2952119652098655e-06
40250.056 1.1994293812097758e-06
40300.056 1.2240858958800825e-06
40350.056 1.2567539197300177e-06
40400.056 1.2833403605300257e-06
40450.056 1.2717272734800688e-06
40500.056 1.219946077250101e-06
40550.056 1.3375807732799272e-06
40600.056 1.1879096424700774e-06
40650.056 1.2523197132399025e-06
40700.056 1.3862853602499865e-06
40750.056 1.2070904618297531e-06
40800.056 1.14199284179979e-06
40850.056 1.249075167380169e-06
40900.056 1.2387476168500052e-06
40950.056 1.2172057048799786e-06
41000.056 1.243316345319999e-06
41050.056 1.2854623938698891e-06
41100.056 1.1766724327199274e-06
41150.056 1.1502551105399367e-06
41200.056 1.2383243521300015e-06
41250.056 1.1962621254700006e-06
41300.056 1.0719148939498329e-06
41350.056 1.2671563101500678e-06
41400.056 1.1745686165001067e-06
41450.056 1.2150180853901216e-06
41500.056 1.1391818526899556e-06
41550.056 1.1275870884100575e-06
41600.056 1.1783616815600538e-06
41650.056 1.1745730509800904e-06
41700.056 1.0870196847298726e-06
41750.056 1.127810461249949e-06
41800.056 1.240203732759944e-06
41850.056 9.219148217900611e-07
41900.056 1.112156438729895e-06
41950.056 1.1228745393101476e-06
42000.056 1.0950321274101563e-06
42050.056 9.684539656198974e-07
42100.056 1.164161396930101e-06
42150.056 8.986307017999584e-07
42200.056 9.128193644000027e-07
42250.056 1.0130042238299204e-06
42300.056 9.224588381400044e-07
42350.056 1.0382225638101399e-06
42400.056 9.591189903201212e-07
42450.056 8.652597805400194e-07
42500.056 8.869458542200123e-07
42550.056 8.730497715599669e-07
42600.056 9.201487066501183e-07
42650.056 9.991040831097875e-07
42700.056 9.404906549200276e-07
42750.056 8.636011668600019e-07
42800.056 9.099501321801252e-07
42850.056 1.0032647687098065e-06
42900.056 1.0122199171500885e-06
42950.056 8.586693416397425e-07
43000.056 9.371250054000133e-07
43050.056 7.609282081002824e-07
43100.056 8.858380721599686e-07
43150.056 8.606513102500904e-07
43200.056 8.775989134100236e-07
43250.056 9.602092737699875e-07
43300.056 9.681831028400227e-07
43350.056 7.827153731998298e-07
43400.056 8.642770250899739e-07
43450.056 8.091377415601177e-07
43500.056 8.272912559499491e-07
43550.056 8.285179220900399e-07
43600.056 9.308272313500589e-07
43650.056 7.73369657480013e-07
43700.056 8.932155581199999e-07
43750.056 8.616970636201125e-07
43800.056 8.129256909599352e-07
43850.056 7.811760812601418e-07
43900.056 8.355854234199206e-07
43950.056 7.130873555499404e-07
44000.056 6.605065825800318e-07
44050.056 7.720524486600199e-07
44100.056 8.45781699780075e-07
44150.056 8.426484477899467e-07
44200.056 7.845971261500207e-07
44250.056 7.143986218099999e-07
44300.056 6.810662110600974e-07
44350.056 6.937056580800733e-07
44400.056 7.043626610599664e-07
44450.056 7.37074585460009e-07
44500.056 7.353367733801141e-07
44550.056 7.582398525499243e-07
44600.056 7.059878873500674e-07
44650.056 7.494460824700509e-07
44700.056 6.505188010700003e-07
44750.056 7.159795473099937e-07
44800.056 7.018937457300097e-07
44850.056 7.233410291800858e-07
44900.056 6.485637040800553e-07
44950.056 6.649576867600383e-07
45000.056 6.938102433299854e-07
45050.056 6.951435138399843e-07
45100.056 7.209745293800042e-07
45150.056 6.751815417499896e-07
45200.056 6.076722430500295e-07
45250.056 6.481690204399087e-07
45300.056 6.671703572100378e-07
45350.056 6.6554574430993e-07
45400.056 6.898207110800556e-07
45450.056 6.5411535053992e-07
45500.056 6.679639724899725e-07
45550.056 7.28421148919922e-07
45600.056 6.948843441000154e-07
45650.056 6.144337405798962e-07
45700.056 6.67162635980067e-07
45750.056 6.216322867199992e-07
45800.056 6.650694738999879e-07
45850.056 7.542243821699832e-07
45900.056 7.442362204600238e-07
45950.056 6.411994448400092e-07
46000.056 7.389624204600314e-07
46050.056 7.174173640500846e-07
46100.056 6.746405780999995e-07
46150.056 6.675239829699586e-07
46200.056 6.827973001501218e-07
46250.056 5.810700174909569e-07
46300.056 7.290602043699664e-07
46350.056 6.691309450699896e-07
46400.056 6.908211085099956e-07
46450.056 6.934430348500383e-07
46500.056 6.408981334800432e-07
46550.056 6.9947086433e-07
46600.056 7.040377005100105e-07
46650.056 8.695169851299315e-07
46700.056 7.873453630101343e-07
46750.056 6.329451354500398e-07
46800.056 6.17312327880051e-07
46850.056 8.013691862001019e-07
46900.056 7.494415309699158e-07
46950.056 8.121212306400045e-07
47000.056 6.899103306300278e-07
47050.056 7.81007550769861e-07
47100.056 5.950888482000669e-07
47150.056 6.793273429600562e-07
47200.056 7.568631042000635e-07
47250.056 6.515838410499685e-07
47300.056 6.118307431459477e-07
47350.056 6.868965928299609e-07
47400.056 7.689472219699364e-07
47450.056 6.771589519200184e-07
47500.056 7.744483369199475e-07
47550.056 6.78924373289978e-07
47600.056 7.415491019599313e-07
47650.056 6.15357308199882e-07
47700.056 7.418822924801174e-07
47750.056 5.465308849100413e-07
47800.056 6.888368699699858e-07
47850.056 5.316139880799672e-07
47900.056 6.627391160699515e-07
47950.056 6.232261898000299e-07
48000.056 8.119721486400234e-07
48050.056 6.872670997800388e-07
48100.056 6.432298711999999e-07
48150.056 6.397355546600674e-07
48200.056 6.975536759000199e-07
48250.056 6.230691374900084e-07
48300.056 8.045994100998837e-07
48350.056 5.70328814090001e-07
48400.056 5.77894314569948e-07
48450.056 6.16531085490076e-07
48500.056 7.821538804599533e-07
48550.056 5.893326250100006e-07
48600.056 7.341256667899905e-07
48650.056 6.377328393899723e-07
48700.056 7.277704462200238e-07
48750.056 5.114700731101029e-07
48800.056 8.027136916700231e-07
48850.056 5.676014165398801e-07
48900.056 7.822145710300241e-07
48950.056 6.580086424800295e-07
49000.056 5.547163425479411e-07
49050.056 7.354946551199589e-07
49100.056 6.760051449500684e-07
49150.056 6.847595975999778e-07
49200.056 6.884181344200157e-07
49250.056 7.168482105600597e-07
49300.056 6.3194069148997e-07
49350.056 5.754845359000497e-07
49400.056 6.965655411299591e-07
49450.056 6.532711890701686e-07
49500.056 6.176102923999827e-07
49550.056 4.995380580200045e-07
49600.056 6.10466104256093e-07
49650.056 6.334872908299568e-07
49700.056 5.896142545598855e-07
49750.056 7.97319533569902e-07
49800.056 6.179197620780122e-07
49850.056 7.982180715100957e-07
49900.056 6.649395525999972e-07
49950.056 6.502522859999401e-07
50000.056 6.607927680699298e-07
50050.056 6.943598500699898e-07
50100.056 6.929358964699784e-07
50150.056 5.446741843899931e-07
50200.056 4.305788339100348e-07
50250.056 6.702357038399673e-07
50300.056 5.971863487600021e-07
50350.056 7.659661055900385e-07
50400.056 6.4013781906995e-07
50450.056 5.877496840820632e-07
50500.056 7.387893832800703e-07
50550.056 6.567600899600276e-07
50600.056 6.282610517099207e-07
50650.056 6.825575117500973e-07
50700.056 7.635037952798744e-07
50750.056 7.1316609618009e-07
50800.056 4.96615495489927e-07
50850.056 5.585262513100912e-07
50900.056 7.523832989499695e-07
50950.056 6.642574347401108e-07
51000.056 7.721773218200669e-07
51050.056 6.44233005700009e-07
51100.056 4.975295960899436e-07
51150.056 6.261669081019757e-07
51200.056 7.619021883399681e-07
51250.056 6.533511065799665e-07
51300.056 5.379423647801607e-07
51350.056 6.238437572599479e-07
51400.056 4.831574202799609e-07
51450.056 4.134767883119222e-07
51500.056 4.898584367840922e-07
51550.056 7.425525792800605e-07
51600.056 5.404361053940319e-07
51650.056 5.801249818699203e-07
51700.056 6.170679764738656e-07
51750.056 5.07254987550013e-07
51800.056 6.721941380698315e-07
51850.056 6.318699115299591e-07
51900.056 7.788511531400971e-07
51950.056 6.578971723999507e-07
52000.056 4.257359052099675e-07
52050.056 5.913440039800009e-07
52100.056 5.038043241299773e-07
52150.056 4.820733593400171e-07
52200.056 4.822643158679789e-07
52250.056 5.552749581000208e-07
52300.056 7.357631668699636e-07
52350.056 6.369070713940215e-07
52400.056 4.637322779310576e-07
52450.056 6.109504675400339e-07
52500.056 6.694664149698897e-07
52550.056 6.575460075698968e-07
52600.056 5.941782210000745e-07
52650.056 6.277259038701078e-07
52700.056 5.489024162900116e-07
52750.056 4.456200336299796e-07
52800.056 5.069355357900411e-07
52850.056 5.179819921498945e-07
52900.056 5.343278890659851e-07
52950.056 5.446478169599833e-07
53000.056 6.674725644900193e-07
53050.056 4.721930092198663e-07
53100.056 5.450238987899446e-07
53150.056 7.310789578300371e-07
53200.056 4.188654903149912e-07
53250.056 6.66711448620029e-07
53300.056 6.600248068202753e-07
53350.056 6.566864069799551e-07
53400.056 6.534196216700232e-07
53450.056 4.789856283900133e-07
53500.056 3.6186488681592527e-07
53550.056 4.975025928499357e-07
53600.056 5.921797861201003e-07
53650.056 4.670916724059925e-07
