galfind/configs/Brown_Dwarf_templates/sonora_bobcat/m0.0/1000g/sp_t475g1000nc_m0.0_resample.dat
# %ECSV 1.0
# ---
# datatype:
# - {name: wav, unit: Angstrom, datatype: float64}
# - {name: flux_nu, unit: erg / (cm2 Hz s), datatype: float64}
# meta: {C/O: '1.00', Kzz: '1.0000E+05', Teff: '475.', Y: '0.28', '[Fe/H]': '0.00', f_hole: '1.00', f_rain: '0.00', grav: '1000.'}
# schema: astropy-2.0
wav flux_nu
4000.0559999999996 nan
4050.0559999999996 3.1351905948309985e-17
4100.056 2.7177264623300517e-15
4150.056 2.4529665423700257e-14
4200.056 2.6994261053380154e-14
4250.056 2.3038120176200205e-13
4300.056 5.440591938600027e-13
4350.056 1.004507957600004e-12
4400.056 1.6804427899000064e-12
4450.056 2.6433023355000093e-12
4500.056 3.903701924200012e-12
4550.056 4.098619319099979e-12
4600.056 1.1669315946199952e-12
4650.056 6.317091990499962e-13
4700.056 2.757915896599975e-13
4750.056 9.269478845999915e-14
4800.056 4.1473051090999736e-14
4850.056 2.113126871699987e-14
4900.056 1.2756449977999947e-14
4950.056 8.369741528999965e-15
5000.056 4.959571330799973e-15
5050.056 3.290667891699999e-15
5100.056 3.3050480175000086e-15
5150.056 3.5202185477000016e-15
5200.056 3.782076974100004e-15
5250.056 4.0296589655000024e-15
5300.056 4.318641435300005e-15
5350.056 4.679373557700004e-15
5400.056 5.073288065700005e-15
5450.056 5.55286628780001e-15
5500.056 6.0924287602000075e-15
5550.056 6.654270512000006e-15
5600.056 7.159196001400006e-15
5650.056 7.524197102400001e-15
5700.056 7.576784830200002e-15
5750.056 7.389499315199995e-15
5800.056 6.632832802599982e-15
5850.056 4.614430777199949e-15
5900.056 1.4681561488396567e-15
5950.056 9.062593090700153e-15
6000.056 1.9019692623000103e-14
6050.056 3.3764113520000256e-14
6100.056 5.463038662100038e-14
6150.056 8.292479123600047e-14
6200.056 1.210747002600006e-13
6250.056 1.7052317930000065e-13
6300.056 2.409649884300009e-13
6350.056 3.371365163700013e-13
6400.056 4.673266468700023e-13
6450.056 6.088459601399998e-13
6500.056 8.312610991800067e-13
6550.056 1.1508973955899954e-12
6600.056 1.5869770205900177e-12
6650.056 2.1984980971000135e-12
6700.056 2.8042857047000147e-12
6750.056 3.860857780000015e-12
6800.056 4.581624832200012e-12
6850.056 4.617566744899994e-12
6900.056 3.7415373730999955e-12
6950.056 2.9003754949000034e-12
7000.056 2.9540368481999754e-12
7050.056 3.070795556799993e-12
7100.056 3.37075274359999e-12
7150.056 2.993723425039949e-12
7200.056 2.6646760908899886e-12
7250.056 2.841300143759893e-12
7300.056 2.8326161888701168e-12
7350.056 3.206623327109995e-12
7400.056 3.5814431019000455e-12
7450.056 4.090582600600066e-12
7500.056 4.4922254035000054e-12
7550.056 4.730072232000004e-12
7600.056 4.705887055599992e-12
7650.056 2.245460593429944e-12
7700.056 2.0715503688200502e-12
7750.056 5.153589439500056e-12
7800.056 7.018770163800036e-12
7850.056 9.516504239399977e-12
7900.056 1.1859620895700022e-11
7950.056 1.3376505708000057e-11
8000.056 1.78434588780001e-11
8050.056 2.165889816100014e-11
8100.056 2.1258136987099614e-11
8150.056 2.063821827940049e-11
8200.056 3.245337665180081e-11
8250.056 3.687714435065983e-11
8300.056 4.5137282794100484e-11
8350.056 5.483618609149988e-11
8400.056 6.91166546510004e-11
8450.056 9.160876325600022e-11
8500.056 1.093764945769992e-10
8550.056 1.388619767120025e-10
8600.056 1.7250934180000125e-10
8650.056 2.0518612046000145e-10
8700.056 2.354457795400017e-10
8750.056 2.7378782795000185e-10
8800.056 3.0831067704000105e-10
8850.056 3.1735064727999713e-10
8900.056 1.9165590402099315e-10
8950.056 1.656671582056024e-10
9000.056 1.7745935987808952e-10
9050.056 3.873377725250032e-10
9100.056 4.3748912588762103e-10
9150.056 4.963587365860057e-10
9200.056 6.534579218490234e-10
9250.056 6.03288060915979e-10
9300.056 6.011769004976848e-11
9350.056 9.970515185062704e-11
9400.056 3.6027988556412924e-10
9450.056 2.7326216401498875e-10
9500.056 2.4594207823366803e-10
9550.056 2.590282403192882e-10
9600.056 3.0836474550781026e-10
9650.056 4.789972901982678e-10
9700.056 9.778586413645508e-10
9750.056 1.00430002398212e-09
9800.056 1.2432196742639748e-09
9850.056 1.5515537638499733e-09
9900.056 2.0452127221300636e-09
9950.056 2.2902215731000456e-09
10000.056 2.0255923078119972e-09
10050.056 2.7500907330000084e-09
10100.056 2.938427140400015e-09
10150.056 2.7477846724999922e-09
10200.056 2.409233317700088e-09
10250.056 2.8502661115800347e-09
10300.056 3.611168847169854e-09
10350.056 3.1036518309001005e-09
10400.056 4.134433774100042e-09
10450.056 4.878565114699743e-09
10500.056 5.5569934248999795e-09
10550.056 6.364050742700032e-09
10600.056 6.796182873000023e-09
10650.056 6.984111659200022e-09
10700.056 6.786432544700003e-09
10750.056 6.8411162181999815e-09
10800.056 6.685146825300041e-09
10850.056 6.282228574100016e-09
10900.056 5.280363997099889e-09
10950.056 3.2089031290099807e-09
11000.056 1.9010175783998084e-09
11050.056 9.077814559276919e-10
11100.056 4.0540885529134874e-10
11150.056 1.6182212607876066e-10
11200.056 1.402720118714985e-10
11250.056 2.1342824325848488e-10
11300.056 2.900033036621724e-10
11350.056 9.626283116695639e-11
11400.056 4.743678005923263e-10
11450.056 2.4019759685760007e-10
11500.056 2.5231582336176345e-10
11550.056 8.048263450181102e-11
11600.056 4.995824300673098e-11
11650.056 1.622139548462495e-10
11700.056 2.1367721608015652e-10
11750.056 8.707105965591877e-11
11800.056 3.886282833441816e-10
11850.056 5.734845221009927e-10
11900.056 7.061009366119831e-10
11950.056 9.982271262800582e-10
12000.056 1.3902002292200839e-09
12050.056 1.9552805887600453e-09
12100.056 2.3821227729699243e-09
12150.056 3.1430300570399635e-09
12200.056 3.608398773000037e-09
12250.056 4.700593812499845e-09
12300.056 6.403248753200219e-09
12350.056 7.223075910900018e-09
12400.056 9.408205021599964e-09
12450.056 1.1842819839600125e-08
12500.056 1.3389951406300283e-08
12550.056 1.5176114692400084e-08
12600.056 1.7640581560400304e-08
12650.056 1.9742899311999978e-08
12700.056 2.0299717838000018e-08
12750.056 1.6864003190000153e-08
12800.056 1.3634697033999775e-08
12850.056 9.469950603699781e-09
12900.056 7.597323687680082e-09
12950.056 6.33690242842021e-09
13000.056 6.798681136900513e-09
13050.056 4.875886660549998e-09
13100.056 4.951992153887571e-09
13150.056 3.185646949383473e-09
13200.056 3.2764119236387606e-09
13250.056 2.478204397748067e-09
13300.056 9.55663525437701e-10
13350.056 3.2292943117288124e-10
13400.056 6.96357247222374e-11
13450.056 1.8876375745711043e-11
13500.056 6.376411219350668e-12
13550.056 1.6187263358512988e-12
13600.056 4.787121301061218e-13
13650.056 3.357408653038657e-12
13700.056 1.7123534308008785e-12
13750.056 7.586677020325336e-12
13800.056 7.91584189118198e-12
13850.056 2.556879146608532e-12
13900.056 4.3752871822138466e-12
13950.056 4.179281370232087e-12
14000.056 6.034718856329335e-12
14050.056 8.946363212261859e-12
14100.056 7.1077980572659914e-12
14150.056 1.6183534705212415e-11
14200.056 1.0594165740589625e-11
14250.056 1.4980830704391018e-11
14300.056 5.3866054822876515e-11
14350.056 4.128782192109718e-11
14400.056 4.098689726398766e-11
14450.056 8.447984554890453e-11
14500.056 1.8265321918153297e-10
14550.056 1.9489087699443387e-10
14600.056 3.471650631004825e-10
14650.056 1.6886154547796877e-10
14700.056 7.755082375129328e-11
14750.056 5.011589293334414e-11
14800.056 6.063984454746583e-11
14850.056 6.679682958114401e-11
14900.056 6.791936565935577e-11
14950.056 5.983061087786103e-11
15000.056 1.5795111640008424e-10
15050.056 1.7512209735174723e-10
15100.056 9.15863295015593e-11
15150.056 4.643706693910924e-11
15200.056 1.366475598219352e-10
15250.056 2.8402697860134175e-10
15300.056 3.753322599586819e-10
15350.056 4.725941707903458e-10
15400.056 6.183459793824873e-10
15450.056 8.429721678336268e-10
15500.056 1.1079019753258511e-09
15550.056 1.7836601294402611e-09
15600.056 2.741819342019818e-09
15650.056 4.27375744040037e-09
15700.056 6.318810088500111e-09
15750.056 7.664241941100152e-09
15800.056 9.117673245499972e-09
15850.056 1.0628799848400364e-08
15900.056 1.1065654561300034e-08
15950.056 1.1421134422999904e-08
16000.056 9.921413825700016e-09
16050.056 7.107146727899761e-09
16100.056 4.622224603889903e-09
16150.056 2.636391630789805e-09
16200.056 1.2899325385020674e-09
16250.056 8.172749856843683e-10
16300.056 5.262992925341675e-10
16350.056 6.33145719178167e-10
16400.056 7.315838317046754e-10
16450.056 7.778721994552142e-10
16500.056 7.090578927097717e-10
16550.056 7.403522964453225e-10
16600.056 1.2597975236695267e-09
16650.056 7.668632164737001e-10
16700.056 1.485930342395505e-10
16750.056 5.142425764613456e-10
16800.056 7.582268080906839e-10
16850.056 7.763340070447755e-10
16900.056 4.2944468298236525e-10
16950.056 2.9999689719734566e-10
17000.056 1.7660415507543305e-10
17050.056 3.306207777935791e-10
17100.056 5.359514841787884e-10
17150.056 3.615299909711349e-10
17200.056 9.319283434260937e-10
17250.056 4.727334102074469e-10
17300.056 3.634578858283698e-10
17350.056 4.0745462682110714e-10
17400.056 6.081039236154612e-10
17450.056 7.327704856940659e-10
17500.056 9.204685624281525e-10
17550.056 7.289450510446163e-10
17600.056 6.362098749391231e-10
17650.056 4.816175057951607e-10
17700.056 4.0268771448117685e-10
17750.056 2.9507330310401687e-10
17800.056 5.208423577521969e-10
17850.056 2.647734513092046e-10
17900.056 2.0180377817269612e-10
17950.056 1.2324366023989605e-10
18000.056 2.1942582034577975e-10
18050.056 9.72090878247523e-11
18100.056 1.174834606805757e-10
18150.056 9.50768236168131e-11
18200.056 6.113504177888754e-11
18250.056 2.286114947804832e-10
18300.056 3.8629876498924746e-11
18350.056 3.5062914698293105e-11
18400.056 2.2145776762774085e-11
18450.056 1.2592255929324698e-10
18500.056 1.1890506099281417e-10
18550.056 5.562266042397018e-11
18600.056 7.60622182598382e-11
18650.056 4.754239366332749e-11
18700.056 1.03348256312877e-11
18750.056 2.643055853059338e-11
18800.056 2.0644964386118438e-10
18850.056 1.8589815429853055e-10
18900.056 1.629847537105862e-10
18950.056 2.8849346624061007e-10
19000.056 6.954045574371174e-11
19050.056 2.962840955307402e-11
19100.056 8.75003379646291e-11
19150.056 3.394493015690533e-11
19200.056 6.463137600874788e-11
19250.056 4.175707041668391e-11
19300.056 2.613871250451427e-11
19350.056 2.5695793213393993e-11
19400.056 1.894757697813904e-11
19450.056 3.115809846782768e-11
19500.056 2.8586440050188513e-11
19550.056 4.5934172865147066e-11
19600.056 8.923481660699184e-11
19650.056 7.067689081982133e-11
19700.056 1.0141574552245344e-10
19750.056 1.4691973688067508e-10
19800.056 9.506129847436451e-11
19850.056 1.2489585649233032e-10
19900.056 1.7244098441571903e-10
19950.056 2.423734660963354e-10
20000.056 2.798305236929839e-10
20050.056 2.2504835496715077e-10
20100.056 3.7788827031212903e-10
20150.056 2.4229871184425576e-10
20200.056 1.7099577057064417e-10
20250.056 3.281016093994231e-10
20300.056 3.7366634621437157e-10
20350.056 3.91525030789763e-10
20400.056 3.6244268655697044e-10
20450.056 6.091821140981475e-10
20500.056 6.786962505899545e-10
20550.056 7.41897747290019e-10
20600.056 8.013748486500932e-10
20650.056 9.254536919999518e-10
20700.056 1.0022160017500063e-09
20750.056 1.057671392179969e-09
20800.056 1.0423951801898974e-09
20850.056 1.1497702437500157e-09
20900.056 1.1771986079099673e-09
20950.056 1.1518102781700262e-09
21000.056 1.1317210725400102e-09
21050.056 1.1683359132399774e-09
21100.056 1.1375040154200103e-09
21150.056 1.1333513332199605e-09
21200.056 1.0952031650400317e-09
21250.056 1.0528649860499273e-09
21300.056 9.664979505500068e-10
21350.056 9.339401092409613e-10
21400.056 9.430898542400764e-10
21450.056 8.028557869810249e-10
21500.056 7.362067357902137e-10
21550.056 6.844242749695725e-10
21600.056 6.181448929235041e-10
21650.056 4.957375180197594e-10
21700.056 4.777532647985702e-10
21750.056 4.224737771610093e-10
21800.056 3.03758641227879e-10
21850.056 2.7578625667924204e-10
21900.056 2.0404391844456602e-10
21950.056 1.0102300885079413e-10
22000.056 1.6594331524036667e-11
22050.056 2.7006261050164865e-11
22100.056 9.421822776990522e-11
22150.056 6.589361346428822e-11
22200.056 6.708090662063517e-11
22250.056 5.694710980548652e-11
22300.056 2.820399779660277e-11
22350.056 3.757071085918292e-11
22400.056 1.3684235193018157e-11
22450.056 2.2860922638500345e-11
22500.056 1.7467469012517416e-11
22550.056 9.664535989855392e-12
22600.056 7.935067443887193e-12
22650.056 1.364688959335373e-11
22700.056 1.304854773625912e-11
22750.056 1.8910213733435328e-11
22800.056 2.18380321066246e-11
22850.056 1.4530241923135446e-11
22900.056 1.1187552600320516e-11
22950.056 9.103144919685654e-12
23000.056 1.1112550584019874e-11
23050.056 1.3802705935832067e-11
23100.056 8.178853597806704e-11
23150.056 6.797176005412069e-11
23200.056 3.1276905793912736e-12
23250.056 1.602755396134665e-11
23300.056 1.28169654934062e-11
23350.056 1.6501711303368884e-11
23400.056 1.179244143160215e-11
23450.056 7.84153369703709e-12
23500.056 8.499444691203038e-12
23550.056 1.9139392294415713e-11
23600.056 4.092317062130554e-11
23650.056 5.062360677106558e-11
23700.056 8.494421912071222e-12
23750.056 1.048628970344956e-11
23800.056 5.262888978409547e-11
23850.056 3.110171802146099e-11
23900.056 7.052676095586472e-11
23950.056 3.520622162850024e-11
24000.056 8.500419445140603e-11
24050.056 8.81172136018239e-11
24100.056 1.0218209497595027e-10
24150.056 1.5013110368589067e-10
24200.056 1.0636536723910302e-10
24250.056 8.677527682210009e-11
24300.056 1.7668867539982383e-10
24350.056 1.2961856471807579e-10
24400.056 2.8326523057061953e-10
24450.056 2.8769049708205884e-10
24500.056 2.437607766055604e-10
24550.056 4.1563975406979727e-10
24600.056 4.4905522789794753e-10
24650.056 6.061920596552624e-10
24700.056 4.0478432602003633e-10
24750.056 5.01876624477709e-10
24800.056 4.2628564534945643e-10
24850.056 6.8741163083183e-10
24900.056 2.605403088299696e-10
24950.056 5.482191888710365e-10
25000.056 5.448298980556005e-10
25050.056 2.787879222350385e-10
25100.056 4.943089225198445e-10
25150.056 2.1907496010283586e-10
25200.056 3.232125641173315e-10
25250.056 1.085554749474795e-10
25300.056 1.6032984412566403e-10
25350.056 6.585700963337948e-11
25400.056 1.8668235200057606e-10
25450.056 5.2517331385639066e-11
25500.056 4.34678276115957e-11
25550.056 1.1350010829773954e-10
25600.056 6.126531639373677e-11
25650.056 2.24425009821462e-11
25700.056 2.4443419925147074e-11
25750.056 6.084785207072195e-12
25800.056 4.0957091083309205e-11
25850.056 6.5085946543049614e-12
25900.056 1.0236811445043782e-11
25950.056 1.7995246777782213e-12
26000.056 3.608975240906271e-11
26050.056 3.0427227759967443e-12
26100.056 2.1174805144216372e-11
26150.056 7.682896185889867e-12
26200.056 1.0637942984720644e-11
26250.056 9.734784756672859e-11
26300.056 1.4407898271857219e-11
26350.056 2.0267706208635017e-10
26400.056 2.914148021764417e-10
26450.056 1.4953096898989693e-10
26500.056 3.997761201939124e-10
26550.056 3.452318000277843e-11
26600.056 3.765096263097975e-11
26650.056 4.202986735345713e-12
26700.056 2.367876263692312e-12
26750.056 3.773111164552932e-12
26800.056 1.4997636324913177e-11
26850.056 7.845090904943502e-12
26900.056 4.7301148208905987e-11
26950.056 1.4084386083605235e-11
27000.056 9.162620415867133e-11
27050.056 1.210605662014736e-10
27100.056 8.91463106621516e-12
27150.056 1.426320192256119e-10
27200.056 8.446972006912489e-12
27250.056 3.7929235105451643e-11
27300.056 3.812935024733842e-10
27350.056 9.941711216030098e-11
27400.056 4.014845994881731e-12
27450.056 1.3835092056839153e-10
27500.056 1.898050842012644e-10
27550.056 2.0190336766093793e-11
27600.056 7.275351909486479e-11
27650.056 1.536494073650026e-11
27700.056 1.4665963335519264e-11
27750.056 1.2072955723281053e-10
27800.056 3.347329836614322e-11
27850.056 6.145649894030593e-11
27900.056 7.436202146614127e-11
27950.056 1.825854198762308e-10
28000.056 1.5994423457909224e-10
28050.056 1.6071533439768568e-11
28100.056 1.9587896457274823e-10
28150.056 1.2798613332768054e-10
28200.056 2.965748258361251e-11
28250.056 2.695032703477927e-10
28300.056 2.581484986282113e-10
28350.056 3.741482446376018e-11
28400.056 1.732596833897751e-10
28450.056 3.3769775445262317e-10
28500.056 1.7690854578431923e-10
28550.056 3.198851226677206e-11
28600.056 3.18093090887921e-10
28650.056 1.824993654967443e-10
28700.056 2.9339036968589197e-10
28750.056 5.483459607557108e-10
28800.056 2.0433543826826393e-10
28850.056 4.950094913916758e-10
