galfind/configs/Brown_Dwarf_templates/sonora_bobcat/m0.0/1000g/sp_t525g1000nc_m0.0_resample.dat
# %ECSV 1.0
# ---
# datatype:
# - {name: wav, unit: Angstrom, datatype: float64}
# - {name: flux_nu, unit: erg / (cm2 Hz s), datatype: float64}
# meta: {C/O: '1.00', Kzz: '1.0000E+05', Teff: '525.', Y: '0.28', '[Fe/H]': '0.00', f_hole: '1.00', f_rain: '0.00', grav: '1000.'}
# schema: astropy-2.0
wav flux_nu
[from data line 499]
28950.056 8.9939646270765e-10
29000.056 7.106506986112341e-10
29050.056 1.0667556163991607e-09
29100.056 5.232535514407925e-10
29150.056 9.708135658763693e-10
29200.056 1.2476152733246098e-09
29250.056 1.5626226469841302e-09
29300.056 8.378380585350009e-10
29350.056 2.5712623237115967e-09
29400.056 9.30060537778215e-10
29450.056 7.770476726594481e-10
29500.056 2.171000505654744e-09
29550.056 9.327310472341132e-10
29600.056 1.2783259922519643e-09
29650.056 3.0898812303049385e-09
29700.056 8.387358804299274e-10
29750.056 2.2292757420355554e-09
29800.056 1.7886750765671803e-09
29850.056 2.9291645977670033e-09
29900.056 1.715811820373432e-09
29950.056 1.6954687007383294e-09
30000.056 5.455031756189759e-11
30050.056 2.5304170600871515e-10
30100.056 7.949634804962644e-10
30150.056 2.4882663835773263e-09
30200.056 1.8797438651051993e-09
30250.056 3.733777701046887e-09
30300.056 3.944520707763948e-09
30350.056 1.3762860737021733e-09
30400.056 4.536064380991354e-09
30450.056 2.889759877925453e-09
30500.056 2.371194381316557e-09
30550.056 1.8551690271239366e-09
30600.056 8.14022223921049e-09
30650.056 3.7898613267759936e-09
30700.056 2.6832424718939197e-09
30750.056 4.544779010891868e-09
30800.056 3.772628660513328e-09
30850.056 4.0880152808661385e-09
30900.056 2.4085285779523368e-09
30950.056 2.0910262368329063e-09
31000.056 2.4732611443311734e-09
31050.056 2.2855248216586193e-09
31100.056 1.1849952372498584e-09
31150.056 2.2446013247047465e-09
31200.056 5.0421340272201725e-09
31250.056 2.3088945194688464e-09
31300.056 1.711900328812472e-09
31350.056 3.107117463211474e-09
31400.056 2.0685692308292292e-09
31450.056 2.4108879228996427e-09
31500.056 8.897878956391368e-10
31550.056 1.6138537753887426e-09
31600.056 1.096421601843106e-09
31650.056 8.876878282125351e-10
31700.056 9.30202641708275e-10
31750.056 4.379663910791187e-10
31800.056 9.668343648441254e-10
31850.056 2.2947789811519473e-10
31900.056 5.392056506785732e-10
31950.056 2.720955710509954e-10
32000.056 2.967774015226637e-10
32050.056 3.4224902057953603e-10
32100.056 2.655581286775256e-10
32150.056 3.416429667765732e-10
32200.056 1.7715617356764703e-10
32250.056 4.3027600377539697e-10
32300.056 1.3909283275992345e-10
32350.056 4.6047388017886166e-10
32400.056 9.926110046263792e-11
32450.056 3.7460330771448734e-10
32500.056 1.3361620592426727e-10
32550.056 3.3516048513004365e-10
32600.056 1.70678896408183e-10
32650.056 6.273786998879975e-10
32700.056 2.454575098182714e-10
32750.056 1.1779444017094522e-09
32800.056 8.654973166783591e-10
32850.056 1.92634518499825e-09
32900.056 1.7954547301697619e-09
32950.056 1.886439222858426e-09
33000.056 7.62981144579173e-10
33050.056 9.42290815936045e-10
33100.056 2.294580941774922e-10
33150.056 5.085149380723969e-13
33200.056 8.24884499587462e-12
33250.056 1.2451168158161945e-11
33300.056 6.997280159421748e-11
33350.056 2.1713361266888564e-10
33400.056 6.403789001121555e-10
33450.056 4.4184469709306254e-10
33500.056 1.523469265580676e-09
33550.056 4.0424980984894085e-10
33600.056 9.454383970386087e-10
33650.056 9.29271935497876e-10
33700.056 3.506528256891578e-10
33750.056 1.2587605596838395e-09
33800.056 1.6151132161531544e-10
33850.056 6.249588888598851e-10
33900.056 6.427434692731254e-10
33950.056 5.252824593255349e-10
34000.056 1.0809358542222979e-09
34050.056 1.960267325119499e-10
34100.056 9.76438754891466e-10
34150.056 3.7666350383233507e-10
34200.056 9.732632895574224e-10
34250.056 6.919943075988767e-10
34300.056 5.86301211687973e-10
34350.056 1.3701628889881794e-09
34400.056 4.093095291967957e-10
34450.056 1.3708151412351865e-09
34500.056 7.684858267316857e-10
34550.056 5.147599616364891e-10
34600.056 2.2896413555200856e-09
34650.056 3.835028126619624e-10
34700.056 1.6492952966349642e-09
34750.056 1.0125173963120933e-09
34800.056 7.376298913417961e-10
34850.056 2.598580714763171e-09
34900.056 6.784464990258853e-10
34950.056 2.2730209886895752e-09
35000.056 3.742080666508265e-09
35050.056 1.6576215362572862e-09
35100.056 4.3489877477075955e-09
35150.056 3.694137073794069e-09
35200.056 2.854934768721091e-09
35250.056 5.32712999406985e-09
35300.056 1.7671874038501647e-09
35350.056 2.836086348372363e-09
35400.056 2.4041855345411507e-09
35450.056 1.8412514352290243e-09
35500.056 6.2189196595597166e-09
35550.056 3.6268594992296098e-09
35600.056 4.534440120404826e-09
35650.056 4.957274007559809e-09
35700.056 4.531810486735439e-09
35750.056 7.75020983446807e-09
35800.056 5.86602542904132e-09
35850.056 2.871632036256546e-09
35900.056 4.5057715986484844e-09
35950.056 6.119321458406954e-09
36000.056 6.113428193441144e-09
36050.056 4.835019444848919e-09
36100.056 4.253873058045526e-09
36150.056 9.128762403868782e-09
36200.056 1.0110304767814442e-08
36250.056 6.551486123192581e-09
36300.056 1.3977507750711553e-08
36350.056 9.542302463553629e-09
36400.056 1.3322793761392558e-08
36450.056 1.1004333792925267e-08
36500.056 1.2506059956313337e-08
36550.056 1.91422509579017e-08
36600.056 2.1577942070395182e-08
36650.056 1.4570405624781098e-08
36700.056 1.4840639696199058e-08
36750.056 2.106372358190558e-08
36800.056 2.3332812863167113e-08
36850.056 1.4663547748376766e-08
36900.056 1.9098612623976244e-08
36950.056 2.4454181938894762e-08
37000.056 1.773717461613693e-08
37050.056 2.5359080019578288e-08
37100.056 1.5498852374013778e-08
37150.056 1.9503452103387824e-08
37200.056 3.0989056445996376e-08
37250.056 1.7913493258615803e-08
37300.056 1.441572818563635e-08
37350.056 2.3969426271536632e-08
37400.056 3.461303039921873e-08
37450.056 1.6210769946658165e-08
37500.056 2.0188676710858636e-08
37550.056 3.829558017751073e-08
37600.056 5.0784193621005116e-08
37650.056 1.8562664718622396e-08
37700.056 3.329408696060336e-08
37750.056 2.3971054770392997e-08
37800.056 2.6891459804526127e-08
37850.056 1.589617989490009e-08
37900.056 1.8875690939581094e-08
37950.056 3.0108958327699413e-08
38000.056 2.8216338921438278e-08
38050.056 3.6004664692507664e-08
38100.056 4.6662318806060806e-08
38150.056 4.8943425265197026e-08
38200.056 3.923070634385143e-08
38250.056 4.324562133430399e-08
38300.056 6.585888879658603e-08
38350.056 6.031805402701402e-08
38400.056 3.1062273206842847e-08
38450.056 1.8683336671722565e-08
38500.056 1.4687706545983647e-08
38550.056 3.712240691500666e-08
38600.056 3.7971674961992497e-08
38650.056 4.1108648197595e-08
38700.056 4.188571345019497e-08
38750.056 3.879787766739996e-08
38800.056 3.853330185669847e-08
38850.056 4.3593177364702766e-08
38900.056 5.2338705080712616e-08
38950.056 3.5858763177002137e-08
39000.056 4.8061231599289336e-08
39050.056 3.745893414511788e-08
39100.056 4.530266409980513e-08
39150.056 6.063910896849833e-08
39200.056 4.634715169319681e-08
39250.056 5.969926090470176e-08
39300.056 4.922971654099772e-08
39350.056 7.237454497900052e-08
39400.056 4.993058828481843e-08
39450.056 6.530881761364189e-08
39500.056 7.083385058000144e-08
39550.056 4.150464406546142e-08
39600.056 6.142952134220308e-08
39650.056 8.408463142599647e-08
39700.056 7.422715586600707e-08
39750.056 4.097283620052052e-08
39800.056 4.672676217785068e-08
39850.056 8.906248493300375e-08
39900.056 9.335028938000415e-08
39950.056 5.563711891099736e-08
40000.056 8.175951864399901e-08
40050.056 8.378607021999886e-08
40100.056 3.781464515569758e-08
40150.056 7.816092035100463e-08
40200.056 8.480235228198952e-08
40250.056 9.117939364898462e-08
40300.056 9.142545905400981e-08
40350.056 5.9428745566387715e-08
40400.056 8.433520266482715e-08
40450.056 4.998585663699511e-08
40500.056 9.08933982479949e-08
40550.056 9.783833939098135e-08
40600.056 9.023815633700106e-08
40650.056 7.353723719578313e-08
40700.056 1.229144061159944e-07
40750.056 8.772652739798954e-08
40800.056 5.970565372768545e-08
40850.056 1.2710639473401472e-07
40900.056 1.1721634579499074e-07
40950.056 9.199378157380815e-08
41000.056 8.529316147699558e-08
41050.056 1.3281006734899014e-07
41100.056 1.1641335925299285e-07
41150.056 5.700363533229729e-08
41200.056 1.259789403160104e-07
41250.056 1.1368941401348482e-07
41300.056 1.1478347701600506e-07
41350.056 1.4200882847799803e-07
41400.056 1.171180871130036e-07
41450.056 1.4379085155599566e-07
41500.056 9.710604167628355e-08
41550.056 8.982399408352098e-08
41600.056 9.90497209988247e-08
41650.056 1.2886711433000846e-07
41700.056 1.4352828278998356e-07
41750.056 1.206364204319943e-07
41800.056 1.3475445333101028e-07
41850.056 1.0541036592998989e-07
41900.056 1.0266082072227601e-07
41950.056 1.1428248097900158e-07
42000.056 8.57292039481596e-08
42050.056 8.494213882761387e-08
42100.056 1.1293672709798815e-07
42150.056 9.822337778599863e-08
42200.056 1.0043050752999113e-07
42250.056 9.522225841700797e-08
42300.056 8.73826950619963e-08
42350.056 1.2032557178700597e-07
42400.056 1.3301998279200746e-07
42450.056 1.1828271770001376e-07
42500.056 1.2307804204199497e-07
42550.056 1.0880936987699415e-07
42600.056 1.1646689034902818e-07
42650.056 1.6146949760198073e-07
42700.056 9.697815286997577e-08
42750.056 1.0208473015501568e-07
42800.056 1.392981727810053e-07
42850.056 1.5263785557597682e-07
42900.056 1.5850898627801298e-07
42950.056 1.2199051975199384e-07
43000.056 1.427253837139988e-07
43050.056 7.852147301901081e-08
43100.056 1.2890015392699367e-07
43150.056 1.0776936507800462e-07
43200.056 1.337969767010072e-07
43250.056 1.8956452802000768e-07
43300.056 1.7106583800399934e-07
43350.056 9.228396000098701e-08
43400.056 1.3679010374000716e-07
43450.056 1.012119428760083e-07
43500.056 1.0716875766600842e-07
43550.056 1.0799062033600593e-07
43600.056 1.6005458009800748e-07
43650.056 9.423051501699633e-08
43700.056 1.731062986600221e-07
43750.056 1.614998192399939e-07
43800.056 1.4276395124499195e-07
43850.056 1.3106230704401664e-07
43900.056 1.1330533936099249e-07
43950.056 8.25387404109933e-08
44000.056 7.525006099499935e-08
44050.056 1.5739772984600882e-07
44100.056 2.1054289936000503e-07
44150.056 1.9742245419799214e-07
44200.056 1.7708919305500377e-07
44250.056 1.0486837282799471e-07
44300.056 7.781963571700854e-08
44350.056 9.041666661011046e-08
44400.056 8.96751469009955e-08
44450.056 1.444983319770092e-07
44500.056 1.2556777978101586e-07
44550.056 1.7869576105999554e-07
44600.056 1.5000343486370413e-07
44650.056 1.4587048309699422e-07
44700.056 9.914407040498905e-08
44750.056 1.326353092950201e-07
44800.056 1.0133437138440707e-07
44850.056 1.4719014814600708e-07
44900.056 1.2177034231599737e-07
44950.056 1.3754544860401087e-07
45000.056 1.5750310000000256e-07
45050.056 1.4803119654798874e-07
45100.056 1.3817751335800897e-07
45150.056 1.2865092229799293e-07
45200.056 9.223397448150557e-08
45250.056 1.0780255901798443e-07
45300.056 1.0353299510801183e-07
45350.056 8.322172505420837e-08
45400.056 1.8665589849001396e-07
45450.056 1.6498637002501461e-07
45500.056 1.8572104237200958e-07
45550.056 2.0406166126497145e-07
45600.056 1.8522624513001268e-07
45650.056 1.5680109465299138e-07
45700.056 9.712984525519502e-08
45750.056 8.583833015680487e-08
45800.056 1.9812190132900823e-07
45850.056 1.6995893852300193e-07
45900.056 1.987823577879951e-07
45950.056 1.6694888267199276e-07
46000.056 1.8998310730701776e-07
46050.056 1.5158805771800594e-07
46100.056 2.1314206729998915e-07
46150.056 1.304149258230006e-07
46200.056 1.1117065581918838e-07
46250.056 4.816308245201618e-08
46300.056 1.331419182540052e-07
46350.056 1.4568286889701352e-07
46400.056 1.4016340660400485e-07
46450.056 1.1977447825939292e-07
46500.056 1.3340197852901987e-07
46550.056 8.212560909000039e-08
46600.056 1.0293195524738636e-07
46650.056 1.5576761772200833e-07
46700.056 1.1085887052998305e-07
46750.056 5.567567610610871e-08
46800.056 3.898100533919762e-08
46850.056 1.4682144567101864e-07
46900.056 1.6470503016999313e-07
46950.056 1.5732792207599045e-07
47000.056 1.540941837840133e-07
47050.056 1.1172264850936801e-07
47100.056 8.298775358300352e-08
47150.056 1.274933526200159e-07
47200.056 1.4527408692599373e-07
47250.056 7.381544897578882e-08
47300.056 5.101285008911079e-08
47350.056 1.5551601969400696e-07
47400.056 1.5162202829799276e-07
47450.056 1.1262048290621393e-07
47500.056 1.7295574435399434e-07
47550.056 1.4376786062400524e-07
47600.056 1.3522513286598727e-07
47650.056 1.4443061565459258e-07
47700.056 1.1358855110572038e-07
47750.056 8.440063347300046e-08
47800.056 7.020641975300736e-08
47850.056 3.366930023130489e-08
47900.056 5.337108304339812e-08
47950.056 1.272402496530071e-07
48000.056 1.6342590474999645e-07
48050.056 1.3356800298699384e-07
48100.056 6.102114665260228e-08
48150.056 1.0446719502000445e-07
48200.056 7.795362192619544e-08
48250.056 1.0501845752000067e-07
48300.056 1.5515235791999868e-07
48350.056 9.813516154399018e-08
48400.056 2.5486393516603936e-08
48450.056 5.271550598494197e-08
48500.056 9.005683718398137e-08
48550.056 1.0066189723241295e-07
48600.056 1.2985263156200268e-07
48650.056 1.5921439080999598e-07
48700.056 1.129497766580106e-07
48750.056 7.396521352201214e-08
48800.056 1.3218728408400758e-07
48850.056 7.32969029930885e-08
48900.056 9.498437750653128e-08
48950.056 5.6172312134997916e-08
49000.056 3.118192854222589e-08
49050.056 9.216232378498945e-08
49100.056 1.1430182610561675e-07
49150.056 8.751904202729893e-08
49200.056 1.3401866220401312e-07
49250.056 1.3678999238400405e-07
49300.056 1.136071016519949e-07
49350.056 5.084634794733953e-08
49400.056 7.258696151828505e-08
49450.056 6.596536489051499e-08
49500.056 5.503085692639202e-08
49550.056 1.2623370554579958e-08
49600.056 3.4428916547913807e-08
49650.056 7.652223232600148e-08
49700.056 8.847164544898484e-08
49750.056 8.85925690229945e-08
49800.056 5.550623022723863e-08
49850.056 1.1148821384701155e-07
49900.056 1.0418257749299728e-07
49950.056 9.336047557899754e-08
50000.056 7.331664152219122e-08
50050.056 8.809418737100445e-08
50100.056 7.314987222899603e-08
50150.056 3.4188381535994145e-08
50200.056 6.796012005922937e-09
50250.056 3.9003176991999174e-08
50300.056 2.6540030003824517e-08
50350.056 8.319201664600982e-08
50400.056 9.002790953199517e-08
50450.056 6.353161732940095e-08
50500.056 1.0217680235200565e-07
50550.056 1.0007751384800237e-07
50600.056 6.695607084098148e-08
50650.056 1.0342858670101528e-07
50700.056 1.0853209198599647e-07
50750.056 6.675221688100169e-08
50800.056 2.4371549875265558e-08
50850.056 1.3693885673646259e-08
50900.056 7.688590722200395e-08
50950.056 7.370764223199666e-08
51000.056 5.776793820084742e-08
51050.056 8.075456678398904e-08
51100.056 3.1846398145308906e-08
51150.056 3.4680756239278926e-08
51200.056 1.0081710700399801e-07
51250.056 7.394616054498787e-08
51300.056 4.785225469800861e-08
51350.056 4.9316383341732434e-08
51400.056 1.796453192116339e-08
51450.056 1.3972547297352766e-08
51500.056 1.2383337182138731e-08
51550.056 4.669767794500692e-08
51600.056 4.1476268606605676e-08
51650.056 5.396682466999665e-08
51700.056 5.5503148585622154e-08
51750.056 3.894445930555671e-08
51800.056 7.136371556599212e-08
51850.056 5.5593060394897506e-08
51900.056 6.99774196640029e-08
51950.056 4.09483952709944e-08
52000.056 4.515003181398284e-09
52050.056 2.1678004119902647e-08
52100.056 1.2818509875797805e-08
52150.056 7.68874070158986e-09
52200.056 2.2549412045099086e-08
52250.056 3.765373846330668e-08
52300.056 5.1832436219997416e-08
52350.056 1.5612401865941052e-08
52400.056 1.6533879971539904e-08
52450.056 5.652274175700684e-08
52500.056 4.571952270198991e-08
52550.056 5.044876809099617e-08
52600.056 3.855349365970292e-08
52650.056 4.659641220430264e-08
52700.056 2.977978751899971e-08
52750.056 1.3055676423346288e-08
52800.056 2.2310814890603846e-08
52850.056 2.745822964629313e-08
52900.056 1.237750210742791e-08
52950.056 2.007626282460264e-08
53000.056 3.740395613300242e-08
53050.056 1.4530852179357071e-08
53100.056 4.7702565123001735e-08
53150.056 5.143776525300165e-08
53200.056 1.987495669602825e-08
53250.056 4.3820268906002015e-08
53300.056 5.0736932797644055e-08
53350.056 4.218928066999968e-08
53400.056 2.8551403408997136e-08
53450.056 9.28247544794716e-09
53500.056 2.137976280814234e-09
