galfind/configs/Brown_Dwarf_templates/sonora_bobcat/m0.0/1000g/sp_t200g1000nc_m0.0_resample.dat
# %ECSV 1.0
# ---
# datatype:
# - {name: wav, unit: Angstrom, datatype: float64}
# - {name: flux_nu, unit: erg / (cm2 Hz s), datatype: float64}
# meta: {C/O: '1.00', Kzz: '1.0000E+05', Teff: '200.', Y: '0.28', '[Fe/H]': '0.00', f_hole: '1.00', f_rain: '0.00', grav: '1000.'}
# schema: astropy-2.0
wav flux_nu
[from data line 993]
53650.056 2.6322719112000836e-10
53700.056 2.4483264940999703e-10
53750.056 2.471389654099934e-10
53800.056 2.438935138800115e-10
53850.056 3.502829805599982e-10
53900.056 3.8509542884000157e-10
53950.056 3.23948996239986e-10
54000.056 2.854483393400051e-10
54050.056 2.621684042299888e-10
54100.056 1.4252878940398916e-10
54150.056 1.301600538600015e-10
54200.056 5.7237945878990453e-11
54250.056 6.850469475800766e-11
54300.056 1.0179965868400777e-10
54350.056 1.7332917963000584e-10
54400.056 1.5191016903798228e-10
54450.056 1.4469408431101502e-10
54500.056 1.7268224837001396e-10
54550.056 1.6673637552999103e-10
54600.056 1.245396830489877e-10
54650.056 4.7951769590997173e-11
54700.056 1.1595386597501202e-10
54750.056 1.3652009053298925e-10
54800.056 9.338405074500612e-11
54850.056 9.143759159399978e-11
54900.056 7.5127813631002e-11
54950.056 1.4291506751298674e-10
55000.056 9.891815108499501e-11
55050.056 7.05826310930027e-11
55100.056 1.0155067458900753e-10
55150.056 6.003560638599063e-11
55200.056 7.822615270699754e-11
55250.056 7.515966099900391e-11
55300.056 5.3322731104102654e-11
55350.056 6.400433377400291e-11
55400.056 6.429677786499658e-11
55450.056 8.182975366999879e-11
55500.056 5.707899648999743e-11
55550.056 3.2267525996997504e-11
55600.056 3.921449937680522e-11
55650.056 4.2542039348996764e-11
55700.056 6.536273588900315e-11
55750.056 2.825604126299685e-11
55800.056 1.6404297501401673e-11
55850.056 1.2818054224598882e-11
55900.056 2.938696993964217e-11
55950.056 3.906752256320779e-11
56000.056 1.951300867059222e-11
56050.056 2.0686631960401222e-11
56100.056 2.191275816709261e-11
56150.056 1.657556352989764e-11
56200.056 1.3082186663801335e-11
56250.056 5.6797180545005797e-11
56300.056 4.127257327078997e-11
56350.056 4.6734383156716194e-12
56400.056 2.0121514791597644e-11
56450.056 1.4776029391800913e-11
56500.056 1.9174601926329117e-11
56550.056 4.6476746450585514e-12
56600.056 5.085008838830213e-12
56650.056 1.936406648076761e-12
56700.056 3.5203030971606715e-12
56750.056 1.9499352985200196e-11
56800.056 1.9667653669802423e-12
56850.056 4.474408697011727e-12
56900.056 9.386272449704417e-12
56950.056 1.4270152364145647e-11
57000.056 1.557112040527568e-11
57050.056 2.1653979076095133e-11
57100.056 7.621803994157241e-13
57150.056 1.2062184745403554e-11
57200.056 5.858573239357986e-12
57250.056 9.120278608201392e-12
57300.056 1.8122424820873065e-12
57350.056 1.5561049745800217e-12
57400.056 3.4201065589796826e-12
57450.056 1.0779818226750401e-12
57500.056 3.567661101470733e-13
57550.056 4.691385318229596e-13
57600.056 3.002504480351034e-13
57650.056 3.5881579361413005e-12
57700.056 1.265367893759834e-11
57750.056 3.4187634011065142e-12
57800.056 6.435580523548306e-12
57850.056 2.1834557233123092e-12
57900.056 1.724263363970042e-11
57950.056 3.3616520491888217e-12
58000.056 5.308408017678938e-13
58050.056 1.2041117513898012e-12
58100.056 5.248719747383204e-13
58150.056 1.1025113366090724e-12
58200.056 2.575274192810131e-12
58250.056 9.74268271732707e-13
58300.056 3.024001439119659e-13
58350.056 3.645267063510874e-13
58400.056 4.5441233125501166e-13
58450.056 5.097794202400909e-12
58500.056 2.9125045264589125e-12
58550.056 4.872288843469976e-13
58600.056 9.331513442864812e-13
58650.056 4.4519942507195525e-12
58700.056 3.338941768521629e-13
58750.056 5.968985005299918e-12
58800.056 3.192623963235204e-12
58850.056 8.155230711495837e-13
58900.056 3.667849534122387e-13
58950.056 2.124357300440054e-12
59000.056 1.6881725752716538e-12
59050.056 2.7025463272019483e-13
59100.056 1.1147721449899432e-13
59150.056 5.815752673002121e-13
59200.056 5.095344910261182e-12
59250.056 1.5486976571101892e-11
59300.056 2.3536337009000167e-11
59350.056 1.3442190634798888e-11
59400.056 3.742984887475268e-12
59450.056 8.765243395774846e-13
59500.056 2.412412456280345e-12
59550.056 2.8052462916995122e-12
59600.056 7.670052688098308e-13
59650.056 1.8215722037207885e-13
59700.056 3.2282402890311523e-12
59750.056 1.0597582065200799e-11
59800.056 3.7555049338806635e-12
59850.056 3.3759991322332846e-12
59900.056 1.0230974131199125e-11
59950.056 1.7385166261290783e-12
60000.056 1.4354900751416317e-12
60050.056 9.24834417830125e-12
60100.056 1.2191159412598708e-11
60150.056 2.0800429442790935e-12
60200.056 2.9238210526317673e-13
60250.056 1.2307273758889993e-12
60300.056 1.7041936349856132e-12
60350.056 3.0383355546304323e-12
60400.056 1.0308499230299215e-11
60450.056 3.852766951780601e-12
60500.056 4.2884833356499696e-12
60550.056 6.2803317381020715e-12
60600.056 4.029749980227647e-12
60650.056 4.340352487308619e-12
60700.056 9.75139950839624e-13
60750.056 2.6657428549513906e-13
60800.056 9.40190730053469e-13
60850.056 1.597844996185513e-12
60900.056 8.227639410289286e-13
60950.056 3.7020378873397414e-13
61000.056 1.3243835004080986e-12
61050.056 1.0029255883599517e-12
61100.056 6.327864433919588e-13
61150.056 8.385752042804075e-13
61200.056 1.3583698867098411e-12
61250.056 6.359607064859183e-13
61300.056 3.007930229030791e-13
61350.056 9.614209226210668e-13
61400.056 8.383331965499753e-13
61450.056 2.357613137529842e-13
61500.056 1.144286687790102e-13
61550.056 3.211378880340152e-13
61600.056 3.677378014620219e-13
61650.056 2.1010028515799922e-13
61700.056 6.581054574521319e-13
61750.056 5.470049840640073e-13
61800.056 6.352395197548585e-13
61850.056 3.5798553545097585e-13
61900.056 2.562503325880286e-12
61950.056 7.595863286858829e-13
62000.056 5.029507606759638e-13
62050.056 1.9290812753303638e-12
62100.056 4.103037531200122e-13
62150.056 1.6611897268301058e-12
62200.056 2.890623165061439e-12
62250.056 6.846753738778255e-12
62300.056 5.939944232900712e-12
62350.056 3.0128969100001047e-11
62400.056 7.997969797418734e-12
62450.056 5.943308326697998e-12
62500.056 7.373288375901118e-12
62550.056 1.2868364326600872e-11
62600.056 2.1917718328594218e-12
62650.056 8.791812149099963e-13
62700.056 4.007780667051316e-13
62750.056 2.2139038429597946e-12
62800.056 3.861038617600228e-12
62850.056 8.552446534545753e-13
62900.056 6.141219580152778e-12
62950.056 7.765759300847397e-12
63000.056 1.1637209931200428e-12
63050.056 1.1305807720585436e-11
63100.056 2.2809790319698364e-11
63150.056 3.2684799117001164e-11
63200.056 1.6426374742496022e-11
63250.056 4.051433216199172e-12
63300.056 4.0520923194589e-13
63350.056 1.5493393408606304e-12
63400.056 2.8937808577996987e-12
63450.056 4.984279396241453e-13
63500.056 8.773573611502847e-12
63550.056 1.2555084612997664e-11
63600.056 9.623378338126737e-13
63650.056 1.0200306437504555e-11
63700.056 2.3048231783998993e-11
63750.056 6.4622853949976516e-12
63800.056 6.251485303751864e-12
63850.056 1.0579271953298062e-11
63900.056 3.4404635329195367e-12
63950.056 8.045484567204577e-13
64000.056 2.3362313561299156e-12
64050.056 3.949107565899029e-13
64100.056 3.737149539551317e-12
64150.056 4.942836663828499e-12
64200.056 1.1656490681703431e-12
64250.056 1.1980876263571155e-11
64300.056 7.561133344257708e-12
64350.056 2.538350877150285e-12
64400.056 3.895476678280023e-12
64450.056 5.845466508814625e-12
64500.056 1.911615638199999e-11
64550.056 6.056170790088321e-12
64600.056 1.53012339089067e-12
64650.056 3.09378316648911e-12
64700.056 2.2062149465510302e-12
64750.056 3.827610630308809e-12
64800.056 8.044985004603509e-13
64850.056 6.1837510927994594e-12
64900.056 2.9195662707002604e-12
64950.056 1.8981018843894802e-12
65000.056 2.708044437269892e-12
65050.056 2.8621592324893477e-12
65100.056 1.508330017010258e-12
65150.056 1.959483610642582e-12
65200.056 1.8102788593599745e-12
65250.056 9.610866273041112e-13
65300.056 2.4428052829899313e-12
65350.056 4.860976986040467e-12
65400.056 4.460568023589407e-12
65450.056 7.372974777419694e-12
65500.056 6.614415433671094e-12
65550.056 5.064687889990727e-12
65600.056 1.8667719603471135e-11
65650.056 2.5461825605213473e-11
65700.056 1.0391902974742118e-11
65750.056 8.546160465764632e-12
65800.056 1.2823941725065768e-11
65850.056 4.398430526099935e-11
65900.056 1.3935241065695402e-11
65950.056 1.9403604101801957e-12
66000.056 2.8569208568201647e-12
66050.056 5.757285492304052e-12
66100.056 1.4019376349372542e-11
66150.056 1.4701300175253166e-11
66200.056 5.090886137820644e-11
66250.056 1.5904393592176924e-11
66300.056 3.261934449589964e-11
66350.056 3.4365172533398356e-11
66400.056 6.034850796102187e-11
66450.056 9.123097215699077e-11
66500.056 2.988052822299881e-11
66550.056 1.581701886994214e-11
66600.056 1.8358309375391582e-11
66650.056 3.8161440495998415e-12
66700.056 1.0727313264399254e-11
66750.056 2.627024881479986e-11
66800.056 3.776541247970585e-11
66850.056 1.7155907146691814e-11
66900.056 5.713824444399975e-11
66950.056 1.3323690366094122e-11
67000.056 6.462403146002361e-11
67050.056 8.945629095499956e-11
67100.056 1.2450407901200044e-10
67150.056 9.233763508799307e-11
67200.056 1.524725707130047e-10
67250.056 1.5708396433e-10
67300.056 6.899340841497724e-11
67350.056 5.492561707601018e-12
67400.056 1.6906776713180138e-11
67450.056 2.9882039473603267e-11
67500.056 7.607300314802005e-11
67550.056 1.8415921171002361e-10
67600.056 2.434489133349622e-10
67650.056 1.4109207856707067e-10
67700.056 2.0399605330797127e-10
67750.056 1.5326102021199477e-10
67800.056 2.2970750779428987e-11
67850.056 9.008497738800531e-11
67900.056 4.826357845409933e-11
67950.056 1.0026819307701551e-10
68000.056 1.3781492702998503e-10
68050.056 3.109678106519644e-11
68100.056 7.484724351412264e-11
68150.056 1.4980995998599371e-10
68200.056 4.234736673653864e-11
68250.056 7.784901807562315e-11
68300.056 1.9428717206000878e-10
68350.056 1.3247141784998479e-10
68400.056 2.5607610576003715e-10
68450.056 3.67557582849972e-10
68500.056 2.554131135699804e-10
68550.056 1.840884444699887e-10
68600.056 6.18603491896747e-11
68650.056 1.0469624784862943e-10
68700.056 1.7073022189001166e-10
68750.056 1.7933816042798583e-10
68800.056 6.468047739097651e-11
68850.056 1.5717872945104334e-10
68900.056 3.589320263500106e-10
68950.056 3.2555682071994586e-10
69000.056 3.871752197981786e-11
69050.056 1.231427055350516e-10
69100.056 4.1241275392004276e-10
69150.056 5.263608396800277e-10
69200.056 5.213257171599895e-10
69250.056 2.651852491899452e-10
69300.056 3.695006977400405e-10
69350.056 2.9357230901395056e-10
69400.056 9.804359003833226e-11
69450.056 3.150328925899441e-10
69500.056 3.0039145917503925e-10
69550.056 2.883907856399786e-10
69600.056 1.2784076987199017e-10
69650.056 2.520003090400226e-10
69700.056 3.237191927899966e-10
69750.056 1.0785711622598416e-10
69800.056 3.9055577190005296e-10
69850.056 5.138317713500279e-10
69900.056 4.1869460129996825e-10
69950.056 4.1247723634005497e-10
70000.056 3.9020659876000187e-10
70050.056 4.922899391700095e-10
70100.056 3.219619339299144e-10
70150.056 2.5159981223607084e-10
70200.056 3.0380168312994805e-10
70250.056 2.192944007099895e-10
70300.056 3.252371030890802e-10
70350.056 4.866987852099751e-10
70400.056 2.8141516133998875e-10
70450.056 2.090479394199942e-10
70500.056 2.8394085479005617e-10
70550.056 4.013192915199981e-10
70600.056 3.005216393600153e-10
70650.056 4.149829201699803e-10
70700.056 5.432453039800468e-10
70750.056 5.58334712159955e-10
70800.056 2.43180883069983e-10
70850.056 4.130729631100666e-10
70900.056 3.211908290189644e-10
70950.056 5.722704992300487e-10
71000.056 5.800469036300306e-10
71050.056 4.91163849779937e-10
71100.056 4.989373366300105e-10
71150.056 3.9865806836997513e-10
71200.056 2.7531239730995053e-10
71250.056 5.347808439501098e-10
71300.056 7.019282515299836e-10
71350.056 5.698696239499702e-10
71400.056 5.826428807899595e-10
71450.056 3.227682625099766e-10
71500.056 3.243164940599977e-10
71550.056 3.3123632690998744e-10
71600.056 1.9073945624699923e-10
71650.056 1.8777425096597777e-10
71700.056 2.724980511800446e-10
71750.056 4.5753373205004017e-10
71800.056 4.854110628099843e-10
71850.056 5.732286392600129e-10
71900.056 5.42006837379981e-10
71950.056 4.690752598399543e-10
72000.056 3.656332854500255e-10
72050.056 2.4492533983993727e-10
72100.056 2.1634739637202516e-10
72150.056 2.1234702999402168e-10
72200.056 2.7514682383998946e-10
72250.056 3.5862444449998503e-10
72300.056 8.815235465028905e-11
72350.056 2.399994694100372e-10
72400.056 2.1284533546999857e-10
72450.056 2.16891876869974e-10
72500.056 2.3460779398395873e-10
72550.056 6.242947013789689e-11
72600.056 5.8053227882207695e-11
72650.056 8.643296649442506e-11
72700.056 7.242697053298894e-11
72750.056 1.1349772363098436e-10
72800.056 3.1806490914295385e-11
72850.056 4.8915535768024466e-11
72900.056 1.3540718039999686e-10
72950.056 4.0387004009592056e-11
73000.056 4.501367831498899e-11
73050.056 1.148824423069849e-11
73100.056 1.0151350331157621e-11
73150.056 5.205681244799648e-11
73200.056 1.0624525404998282e-11
73250.056 1.604992824009763e-11
73300.056 8.60665602068079e-12
73350.056 7.58389700603669e-12
73400.056 1.931559644830299e-11
73450.056 7.81275631517773e-12
73500.056 3.4157782108407767e-12
73550.056 9.210737118372717e-12
73600.056 1.0842266972796206e-11
73650.056 5.050098646289869e-12
73700.056 4.745228414687672e-12
73750.056 1.1944834628254614e-12
73800.056 4.846194026852012e-12
73850.056 7.166951600198561e-12
73900.056 1.4213214259351007e-12
73950.056 2.84582425655947e-12
74000.056 7.660289221917799e-13
74050.056 5.1845354002418076e-12
74100.056 7.837664880099493e-12
74150.056 3.5739198890487023e-12
74200.056 8.274312511679136e-13
74250.056 3.091737526576613e-13
74300.056 2.828656713481158e-12
74350.056 5.103598562200459e-12
74400.056 3.0361674594585846e-12
74450.056 8.329091234222958e-13
74500.056 3.7457945106749424e-13
74550.056 9.790025448794628e-13
74600.056 2.9737611048807322e-12
74650.056 3.7883344651994975e-12
74700.056 2.1534562515004053e-12
74750.056 3.6522867924668094e-13
74800.056 5.279819409058473e-13
74850.056 2.8475252359707003e-12
74900.056 3.4076854089992216e-12
74950.056 2.1277274583491903e-12
75000.056 9.79500937759625e-13
75050.056 1.1824078059004432e-13
75100.056 1.1672795184254344e-12
75150.056 3.2002084195004397e-12
75200.056 3.705170010699802e-12
75250.056 1.7583134290089855e-12
75300.056 8.280570409399493e-13
75350.056 1.8860143645603985e-13
75400.056 1.5292347668903997e-12
75450.056 3.590906773500391e-12
75500.056 3.2695832143197038e-12
75550.056 1.8046161636400034e-12
75600.056 1.4167962880796115e-12
75650.056 6.322138523624951e-13
75700.056 3.6230422351008046e-12
75750.056 6.731410169701565e-12
75800.056 5.496840198064449e-12
75850.056 3.736036253870837e-12
75900.056 2.8388846373389918e-12
75950.056 9.016376367633424e-13
76000.056 5.6098505542012656e-12
76050.056 1.0208627484000549e-11
76100.056 6.4622666229079336e-12
76150.056 6.602359551800359e-12
76200.056 3.448620082098742e-12
76250.056 5.57774405238638e-13
76300.056 3.0256126655006134e-12
76350.056 5.388550870500171e-12
76400.056 4.106451592789548e-12
76450.056 3.247608480600094e-12
76500.056 1.835802096199682e-12
76550.056 4.597717806853852e-13
76600.056 1.4340481908638781e-13
76650.056 2.0877571515289676e-13
76700.056 2.6394072703304707e-13
76750.056 3.802706200705629e-13
76800.056 6.974052676131683e-13
76850.056 8.425400813033287e-13
76900.056 1.2270088471818045e-12
76950.056 1.1737944913466386e-12
77000.056 4.3558983770996275e-12
77050.056 7.745463609708739e-13
77100.056 1.5316995118497948e-12
77150.056 2.9090526159301943e-12
77200.056 1.4096685244804277e-12
77250.056 4.808044471130106e-13
77300.056 3.466884553200875e-12
77350.056 5.141610919677929e-12
77400.056 6.148170326503004e-12
77450.056 1.143090031219958e-11
77500.056 6.632396244299357e-12
77550.056 2.1471029202192576e-12
77600.056 3.8412903387265655e-13
77650.056 6.137500147630327e-13
77700.056 2.769499268029996e-12
77750.056 5.536529598513831e-12
77800.056 7.491727728500314e-12
77850.056 5.365480177899024e-12
77900.056 1.2907827678364653e-12
77950.056 4.3297882697114183e-13
78000.056 1.4385588737997884e-12
78050.056 1.7803714874230074e-12
78100.056 4.024817207445495e-12
78150.056 1.0105786172802891e-11
78200.056 1.0851802612798933e-11
78250.056 4.487763512298158e-12
