galfind/configs/Brown_Dwarf_templates/sonora_bobcat/m0.0/1000g/sp_t350g1000nc_m0.0_resample.dat
# %ECSV 1.0
# ---
# datatype:
# - {name: wav, unit: Angstrom, datatype: float64}
# - {name: flux_nu, unit: erg / (cm2 Hz s), datatype: float64}
# meta: {C/O: '1.00', Kzz: '1.0000E+05', Teff: '350.', Y: '0.28', '[Fe/H]': '0.00', f_hole: '1.00', f_rain: '0.00', grav: '1000.'}
# schema: astropy-2.0
wav flux_nu
4000.0559999999996 nan
4050.0559999999996 2.5679109964400553e-18
4100.056 1.0087557541300161e-16
4150.056 6.102875813100054e-16
4200.056 8.549674817000051e-16
4250.056 4.250934243600031e-15
4300.056 9.404263181000044e-15
4350.056 1.7340695530000067e-14
4400.056 2.9476144761000116e-14
4450.056 4.7505903046000174e-14
4500.056 7.420832654900024e-14
4550.056 9.601540042499988e-14
4600.056 6.481205287899995e-14
4650.056 5.3932797875999887e-14
4700.056 3.861441760099986e-14
4750.056 2.3685395761999895e-14
4800.056 1.5298106259999942e-14
4850.056 9.589422043999959e-15
4900.056 6.660598137199979e-15
4950.056 4.869776645299985e-15
5000.056 3.1013628376999836e-15
5050.056 2.071883871299998e-15
5100.056 2.093059811700004e-15
5150.056 2.250211715000001e-15
5200.056 2.4654984175000026e-15
5250.056 2.6397018272000017e-15
5300.056 2.8306885085000024e-15
5350.056 3.0615533286000023e-15
5400.056 3.2751443492000026e-15
5450.056 3.573683307200006e-15
5500.056 3.932034385800004e-15
5550.056 4.3177861299000034e-15
5600.056 4.665977536200004e-15
5650.056 4.9383060823000016e-15
5700.056 4.9828663687000025e-15
5750.056 4.983550091499998e-15
5800.056 4.5659550602999895e-15
5850.056 3.236909284499964e-15
5900.056 1.0189528980450366e-15
5950.056 6.114746950600102e-15
6000.056 1.270811150740008e-14
6050.056 2.277749953200017e-14
6100.056 3.730367828800026e-14
6150.056 5.759677435900034e-14
6200.056 8.541620829600043e-14
6250.056 1.1961687615000046e-13
6300.056 1.7013670580000068e-13
6350.056 2.3875167148000093e-13
6400.056 3.2983548952000157e-13
6450.056 4.084152338699995e-13
6500.056 5.51647630510005e-13
6550.056 7.71679726809998e-13
6600.056 1.074118025890011e-12
6650.056 1.5210273745000088e-12
6700.056 1.956001187400009e-12
6750.056 2.7035354369000115e-12
6800.056 3.1538286571000048e-12
6850.056 3.058623797299993e-12
6900.056 2.2753653907999813e-12
6950.056 1.5490791583400071e-12
7000.056 1.6160808606999809e-12
7050.056 1.6204883099600007e-12
7100.056 1.8004996757999958e-12
7150.056 1.389238866509967e-12
7200.056 1.0172499154239991e-12
7250.056 1.1250771859899506e-12
7300.056 1.1318500481400445e-12
7350.056 1.4628912666400026e-12
7400.056 1.8244172110100127e-12
7450.056 2.3158667494000263e-12
7500.056 2.7140618140000033e-12
7550.056 2.973954187800003e-12
7600.056 3.0570631548999987e-12
7650.056 1.7704242382599692e-12
7700.056 1.762457313430033e-12
7750.056 3.65886391710003e-12
7800.056 4.636376952500025e-12
7850.056 5.848036988899985e-12
7900.056 7.162980999600027e-12
7950.056 8.179632611700025e-12
8000.056 1.0446118897200041e-11
8050.056 1.238565338970006e-11
8100.056 9.82362984749979e-12
8150.056 6.793384917560326e-12
8200.056 1.3956428752020199e-11
8250.056 1.5143372940970198e-11
8300.056 1.740694209799989e-11
8350.056 2.1166131723500065e-11
8400.056 2.8591945772000525e-11
8450.056 4.1775983432000314e-11
8500.056 5.26391224950001e-11
8550.056 6.710074374400092e-11
8600.056 8.37839985060006e-11
8650.056 9.782157437400053e-11
8700.056 1.0575106277000048e-10
8750.056 1.173056467000006e-10
8800.056 1.2174915010999978e-10
8850.056 1.0607125470299738e-10
8900.056 2.997603112859787e-11
8950.056 1.6689093377390555e-11
9000.056 1.6506116490857383e-11
9050.056 6.745886614710001e-11
9100.056 7.236327899104648e-11
9150.056 8.483928771669814e-11
9200.056 1.323131275374089e-10
9250.056 1.0110099665289213e-10
9300.056 9.49978468976682e-13
9350.056 1.5601846427260493e-12
9400.056 2.0621920950818897e-11
9450.056 8.098494667627439e-12
9500.056 7.193784028709309e-12
9550.056 6.792940663231393e-12
9600.056 1.076913005751186e-11
9650.056 2.4750546845800332e-11
9700.056 9.683688958951565e-11
9750.056 9.215740456641098e-11
9800.056 1.2549726224789666e-10
9850.056 1.757876734899983e-10
9900.056 2.659490480130111e-10
9950.056 3.04073122180007e-10
10000.056 2.505658170248653e-10
10050.056 2.764042943699955e-10
10100.056 2.4717770932999973e-10
10150.056 1.6823113559599592e-10
10200.056 8.975783926600315e-11
10250.056 1.0696262568700133e-10
10300.056 1.6254504715299257e-10
10350.056 9.208543899200388e-11
10400.056 1.6207636117000292e-10
10450.056 2.1288072072999014e-10
10500.056 2.5985642664000227e-10
10550.056 3.221714460500015e-10
10600.056 3.4470043679000125e-10
10650.056 3.318495867199987e-10
10700.056 2.872024063499981e-10
10750.056 2.664994845399967e-10
10800.056 2.409567423400022e-10
10850.056 2.096645342919995e-10
10900.056 1.710019745909958e-10
10950.056 1.0262572223799874e-10
11000.056 5.491875784269529e-11
11050.056 2.113942625302954e-11
11100.056 6.436624893513853e-12
11150.056 1.5757874517282681e-12
11200.056 9.359649842304283e-13
11250.056 1.3245852297758323e-12
11300.056 2.8255737216374573e-12
11350.056 7.529263152365496e-13
11400.056 6.390333794061998e-12
11450.056 2.550596155931148e-12
11500.056 2.809318175203599e-12
11550.056 7.283204547721341e-13
11600.056 2.8710361307078065e-13
11650.056 1.754970451728741e-12
11700.056 2.8882168073009656e-12
11750.056 1.2025122242300336e-12
11800.056 6.366460103444821e-12
11850.056 7.844373829900125e-12
11900.056 9.460784202189982e-12
11950.056 1.3381522289500436e-11
12000.056 1.8122652529901178e-11
12050.056 2.642987610070054e-11
12100.056 2.995575543239959e-11
12150.056 4.105517813070024e-11
12200.056 4.7116535081999976e-11
12250.056 7.195560032900007e-11
12300.056 1.1705675855500493e-10
12350.056 1.4657752654400263e-10
12400.056 2.1834342169000129e-10
12450.056 3.2529743159000547e-10
12500.056 3.942071874799998e-10
12550.056 4.4224273390000736e-10
12600.056 6.101774483500172e-10
12650.056 8.319618090800085e-10
12700.056 9.292111496399944e-10
12750.056 7.276854601500012e-10
12800.056 5.235101034999854e-10
12850.056 3.1592589015998837e-10
12900.056 2.25345570105999e-10
12950.056 1.7985544059100381e-10
13000.056 2.0035957815101443e-10
13050.056 1.2565654849229606e-10
13100.056 1.3528541822038988e-10
13150.056 7.068688899070686e-11
13200.056 7.916237802592194e-11
13250.056 7.406952122537301e-11
13300.056 2.3242920641247556e-11
13350.056 1.0562551283983297e-11
13400.056 1.7090141446000939e-12
13450.056 2.276159840945857e-13
13500.056 4.0288864541958846e-14
13550.056 4.0189295676496285e-15
13600.056 6.241302341637737e-16
13650.056 6.173932108484585e-15
13700.056 2.624906715304291e-15
13750.056 2.68886931444297e-14
13800.056 2.95066440584419e-14
13850.056 5.169942835416786e-15
13900.056 1.7485559050001236e-14
13950.056 1.3383353002220395e-14
14000.056 3.594008814393573e-14
14050.056 4.1047525888471e-14
14100.056 3.6790955735902696e-14
14150.056 1.480818451579325e-13
14200.056 1.0272161552851446e-13
14250.056 1.8118170619094819e-13
14300.056 8.623674206941099e-13
14350.056 6.15219027133571e-13
14400.056 5.929095798294515e-13
14450.056 1.638387232738025e-12
14500.056 4.2447638925539916e-12
14550.056 6.152133637546174e-12
14600.056 1.255021770040491e-11
14650.056 3.76931223642645e-12
14700.056 1.408810005784677e-12
14750.056 6.56448614777915e-13
14800.056 6.081267713464837e-13
14850.056 6.257092859007889e-13
14900.056 5.604032957496397e-13
14950.056 3.5190466111524696e-13
15000.056 1.4796012973296918e-12
15050.056 2.359324265885911e-12
15100.056 7.616161973397237e-13
15150.056 2.4059853995272574e-13
15200.056 1.357203571648887e-12
15250.056 3.2335346300553225e-12
15300.056 5.223818108344551e-12
15350.056 6.74470608115019e-12
15400.056 8.714332580707048e-12
15450.056 1.4119770778190044e-11
15500.056 2.2790584768297823e-11
15550.056 5.079204274360926e-11
15600.056 1.0015261564109355e-10
15650.056 2.0162963179102202e-10
15700.056 3.6374686294000993e-10
15750.056 4.827769383100096e-10
15800.056 6.287269689400041e-10
15850.056 7.967389034200324e-10
15900.056 8.794109481299977e-10
15950.056 9.936008590299993e-10
16000.056 8.927228484699919e-10
16050.056 6.498286049499777e-10
16100.056 3.8269378026999737e-10
16150.056 1.903685279919827e-10
16200.056 6.883433721050237e-11
16250.056 3.130877410172995e-11
16300.056 1.49986686514779e-11
16350.056 1.5670865175096168e-11
16400.056 1.714106933268024e-11
16450.056 2.0387949081664326e-11
16500.056 1.5381982902260737e-11
16550.056 1.799977388015416e-11
16600.056 5.0747101615398846e-11
16650.056 2.497246550637714e-11
16700.056 4.242567744570373e-12
16750.056 1.7559755612994768e-11
16800.056 2.5731896841702728e-11
16850.056 2.4922778365048777e-11
16900.056 9.898044368551847e-12
16950.056 6.682115946799626e-12
17000.056 3.044682546754511e-12
17050.056 6.225395542316561e-12
17100.056 1.3571260984720634e-11
17150.056 8.576288718734879e-12
17200.056 2.98036500649664e-11
17250.056 8.16773019669373e-12
17300.056 6.570246534120299e-12
17350.056 9.569189245943612e-12
17400.056 1.8583504844091805e-11
17450.056 2.3726805968826254e-11
17500.056 3.559045220060298e-11
17550.056 2.7725180685266318e-11
17600.056 2.6306143703303007e-11
17650.056 1.5839246313627744e-11
17700.056 1.3781671536627378e-11
17750.056 9.146140822140546e-12
17800.056 1.836867924132742e-11
17850.056 7.979541273027302e-12
17900.056 4.850461714201132e-12
17950.056 2.6271200180939125e-12
18000.056 5.534658512513897e-12
18050.056 1.7389781946965785e-12
18100.056 1.8847612069501787e-12
18150.056 1.0597203432588264e-12
18200.056 6.994800075436724e-13
18250.056 3.419485613392531e-12
18300.056 2.6062227221571713e-13
18350.056 2.5243604470140994e-13
18400.056 1.0642026332073786e-13
18450.056 1.4743707682140162e-12
18500.056 1.3077250638968727e-12
18550.056 4.1426454344370613e-13
18600.056 9.266214863663667e-13
18650.056 6.060288921666017e-13
18700.056 3.567307370537637e-14
18750.056 9.714341288731118e-14
18800.056 2.9656428107833178e-12
18850.056 2.3461620503010075e-12
18900.056 2.868182033682446e-12
18950.056 4.109338953854672e-12
19000.056 4.477410633497846e-13
19050.056 1.8688020460180663e-13
19100.056 8.794116651598842e-13
19150.056 3.0441423699327315e-13
19200.056 8.706250663352938e-13
19250.056 5.699507606741565e-13
19300.056 2.74739886027098e-13
19350.056 3.375737252290782e-13
19400.056 2.035278804785337e-13
19450.056 2.7373372415159236e-13
19500.056 2.7591390103157123e-13
19550.056 6.620652370090988e-13
19600.056 1.4477892741496375e-12
19650.056 1.1375544560911646e-12
19700.056 1.91927775369014e-12
19750.056 2.475593523881486e-12
19800.056 1.3945421835258411e-12
19850.056 1.908587640334712e-12
19900.056 3.3857261618282503e-12
19950.056 4.124475100444647e-12
20000.056 4.788630593795036e-12
20050.056 3.5879978041799335e-12
20100.056 5.79879748843336e-12
20150.056 4.013900125906469e-12
20200.056 2.648358062012078e-12
20250.056 5.70762346807464e-12
20300.056 6.747680118936678e-12
20350.056 7.184901384074049e-12
20400.056 7.016628664769795e-12
20450.056 1.1382833929702206e-11
20500.056 1.2170550140600095e-11
20550.056 1.293374384109964e-11
20600.056 1.3687954464101386e-11
20650.056 1.4626974099599002e-11
20700.056 1.51556017788998e-11
20750.056 1.509197610259984e-11
20800.056 1.4334975890399156e-11
20850.056 1.4995614930000075e-11
20900.056 1.4724514168999917e-11
20950.056 1.4038892845000068e-11
21000.056 1.3469084759799986e-11
21050.056 1.3659299080999891e-11
21100.056 1.3359469050999994e-11
21150.056 1.3427452333999965e-11
21200.056 1.3355113803200218e-11
21250.056 1.337569623699952e-11
21300.056 1.2881935021100113e-11
21350.056 1.274797194319954e-11
21400.056 1.3551352709000837e-11
21450.056 1.1797645475250478e-11
21500.056 1.0983599853597968e-11
21550.056 1.0885789213043662e-11
21600.056 1.0164897211901723e-11
21650.056 8.659722975959775e-12
21700.056 8.235354420719613e-12
21750.056 7.931209427041629e-12
21800.056 5.748521517447443e-12
21850.056 5.223088618214997e-12
21900.056 3.900235520745754e-12
21950.056 1.768753227333806e-12
22000.056 1.5699261084286445e-13
22050.056 3.4859424577360266e-13
22100.056 1.2315412635413313e-12
22150.056 7.582316191333632e-13
22200.056 7.12595599054773e-13
22250.056 5.785139175722683e-13
22300.056 2.1409094904081372e-13
22350.056 3.5599539916379423e-13
22400.056 1.1182158000832004e-13
22450.056 2.271959497976936e-13
22500.056 1.5286916683758852e-13
22550.056 6.175733370985485e-14
22600.056 4.400965796644754e-14
22650.056 6.576360799277315e-14
22700.056 8.496630842488788e-14
22750.056 1.741232853474522e-13
22800.056 2.2633265610563123e-13
22850.056 1.2887059201439526e-13
22900.056 8.922269174662337e-14
22950.056 5.830608869776604e-14
23000.056 6.649189045078145e-14
23050.056 5.950544792677104e-14
23100.056 1.0121384943569976e-12
23150.056 9.304927022547679e-13
23200.056 2.2556572487239388e-14
23250.056 1.8733528378062786e-13
23300.056 1.2578330376521587e-13
23350.056 1.6776243805883162e-13
23400.056 1.2183055786002352e-13
23450.056 5.4114000854730275e-14
23500.056 5.497577360108155e-14
23550.056 1.7174718246449182e-13
23600.056 5.317703808373631e-13
23650.056 6.695527221233856e-13
23700.056 6.286248258076435e-14
23750.056 1.0420524725518582e-13
23800.056 8.545583274741301e-13
23850.056 3.7476782075297144e-13
23900.056 9.807744444162853e-13
23950.056 3.48343937371585e-13
24000.056 1.2222864166868734e-12
24050.056 1.2387075626037771e-12
24100.056 1.9439710500262776e-12
24150.056 2.8617635352949814e-12
24200.056 1.97068942925076e-12
24250.056 1.4233611970835227e-12
24300.056 3.7510713109010195e-12
24350.056 2.756011137040989e-12
24400.056 7.158267976121872e-12
24450.056 7.464440302667642e-12
24500.056 6.140558953572475e-12
24550.056 1.2407509437193759e-11
24600.056 1.534847185979882e-11
24650.056 2.048801316977934e-11
24700.056 1.5460750157776166e-11
24750.056 2.1254042462947697e-11
24800.056 1.815056493838424e-11
24850.056 2.4749908465496775e-11
24900.056 1.1536942842540509e-11
24950.056 2.012433857633362e-11
25000.056 2.58408458388181e-11
25050.056 1.2137598901016059e-11
25100.056 2.0807241684004713e-11
25150.056 8.525855003303717e-12
25200.056 1.3457648910065201e-11
25250.056 4.125777171901562e-12
25300.056 4.603416533370648e-12
25350.056 1.9864632324620987e-12
25400.056 5.6520216719764216e-12
25450.056 1.2161989613864544e-12
25500.056 9.181888955399721e-13
25550.056 3.4015999936100305e-12
25600.056 1.3406031126669505e-12
25650.056 3.991437438533475e-13
25700.056 2.5239493982986544e-13
25750.056 6.874377320167749e-14
25800.056 4.642091827448688e-13
25850.056 5.719110255009411e-14
25900.056 8.660443302505159e-14
25950.056 1.617570251820734e-14
26000.056 2.994768871916509e-13
26050.056 2.328830506944955e-14
26100.056 1.3857473883856697e-13
26150.056 4.546190897572256e-14
26200.056 6.774760305284157e-14
26250.056 7.122162395520815e-13
26300.056 7.500610597950681e-14
26350.056 2.5657094895804013e-12
26400.056 5.575979643348643e-12
26450.056 1.8824749810068796e-12
26500.056 7.1666482084691656e-12
26550.056 3.561316736037962e-13
26600.056 2.823727546332712e-13
26650.056 3.425351539429828e-14
26700.056 2.7367829039344927e-14
26750.056 4.804094682784053e-14
26800.056 2.4787585906334474e-13
26850.056 1.3276297749831755e-13
26900.056 7.721827295954646e-13
26950.056 1.7167410555822365e-13
27000.056 1.2165656128613669e-12
27050.056 2.4326201890154287e-12
27100.056 7.58934834091972e-14
27150.056 1.8981652678675805e-12
27200.056 7.935117055346238e-14
27250.056 4.084060605416365e-13
27300.056 7.298940930417595e-12
27350.056 1.3567039731098264e-12
27400.056 5.718229151440368e-14
27450.056 2.243948418532485e-12
27500.056 3.3437406679023154e-12
27550.056 3.221494430622669e-13
27600.056 1.3226936776591217e-12
27650.056 2.545404827896992e-13
27700.056 3.1733631504708084e-13
27750.056 2.7143634137610087e-12
27800.056 7.387714331295747e-13
27850.056 1.7940000317162534e-12
27900.056 2.733196524729984e-12
27950.056 5.229359964945823e-12
28000.056 6.165086685297937e-12
28050.056 4.039468934883367e-13
28100.056 8.565655101912432e-12
28150.056 5.563450470188545e-12
28200.056 8.850036094706052e-13
28250.056 1.181589665057966e-11
28300.056 1.1449119000105025e-11
28350.056 1.0926177101488267e-12
28400.056 6.982382291683024e-12
28450.056 1.4407088069627672e-11
28500.056 5.480109210980789e-12
28550.056 1.029302221548558e-12
28600.056 1.3187773108045741e-11
28650.056 4.965250242537018e-12
28700.056 1.288307203899618e-11
28750.056 2.6910263262134926e-11
28800.056 5.854722229942473e-12
