galfind/configs/Brown_Dwarf_templates/sonora_bobcat/m0.0/1000g/sp_t250g1000nc_m0.0_resample.dat
# %ECSV 1.0
# ---
# datatype:
# - {name: wav, unit: Angstrom, datatype: float64}
# - {name: flux_nu, unit: erg / (cm2 Hz s), datatype: float64}
# meta: {C/O: '1.00', Kzz: '1.0000E+05', Teff: '250.', Y: '0.28', '[Fe/H]': '0.00', f_hole: '1.00', f_rain: '0.00', grav: '1000.'}
# schema: astropy-2.0
wav flux_nu
[from data line 498]
28900.056 1.080831474762788e-13
28950.056 1.2716725371153808e-13
29000.056 6.644296572206005e-14
29050.056 1.8102714498735913e-13
29100.056 2.231323861808186e-14
29150.056 2.1752932896655082e-14
29200.056 5.294658459626354e-13
29250.056 1.5454930804974343e-13
29300.056 5.910901421551319e-14
29350.056 3.4676715363222117e-13
29400.056 3.2302654486039305e-13
29450.056 3.889690009068947e-14
29500.056 5.816484757465212e-13
29550.056 1.5429089679960747e-13
29600.056 7.556531284558908e-14
29650.056 6.069858605923733e-13
29700.056 1.0713571152710894e-13
29750.056 6.146684749773801e-13
29800.056 1.4177928885278134e-13
29850.056 8.257646957423868e-13
29900.056 2.252407639213263e-13
29950.056 1.9083150361516282e-13
30000.056 7.957895675842166e-16
30050.056 9.01049282303125e-14
30100.056 3.3724184307139336e-13
30150.056 6.25912770517313e-13
30200.056 8.153019697689619e-13
30250.056 8.554170119425513e-13
30300.056 1.1798394607737317e-12
30350.056 2.232797865898031e-13
30400.056 1.8802012052940354e-12
30450.056 2.3829667831584574e-12
30500.056 2.4608024680286564e-13
30550.056 3.353545048030096e-13
30600.056 1.5249854625509845e-11
30650.056 4.9604139524667145e-12
30700.056 4.591731635191695e-13
30750.056 2.962965758450532e-12
30800.056 7.1026497261647435e-12
30850.056 5.459880539020863e-12
30900.056 1.63881469892327e-12
30950.056 1.4545815304080995e-12
31000.056 2.182322888190189e-12
31050.056 4.276937450005718e-13
31100.056 2.063009587891399e-13
31150.056 1.4750907748452677e-12
31200.056 7.768208903778958e-12
31250.056 3.727010567853912e-12
31300.056 5.363662559391853e-13
31350.056 6.229026285382455e-12
31400.056 3.059347149680117e-12
31450.056 2.973840925581753e-12
31500.056 8.185477852905755e-13
31550.056 2.1966472558451983e-12
31600.056 1.6828566163789831e-12
31650.056 9.41853329018472e-13
31700.056 7.034094359242187e-13
31750.056 2.5926162798618823e-13
31800.056 4.4527540277599665e-13
31850.056 4.357332016226464e-14
31900.056 1.3994928877557195e-13
31950.056 4.6142505847931526e-14
32000.056 3.555498232456061e-14
32050.056 2.1604750271185218e-14
32100.056 1.7592562591341554e-14
32150.056 9.943127815711684e-15
32200.056 2.9596814161799554e-15
32250.056 7.373541950067011e-15
32300.056 9.218260349904636e-16
32350.056 3.0961437997603626e-15
32400.056 2.2958859458715626e-16
32450.056 2.0474239003779888e-15
32500.056 2.148413138806499e-16
32550.056 1.4587790495190625e-15
32600.056 1.1656560609870133e-16
32650.056 2.2643975149690545e-15
32700.056 1.6524757296280486e-16
32750.056 7.676116415561506e-15
32800.056 1.6524440004498262e-15
32850.056 3.9796909270605916e-14
32900.056 1.7580496490633256e-14
32950.056 4.6526401359593064e-14
33000.056 1.0086347174986611e-14
33050.056 3.04378580573852e-15
33100.056 4.633077820444687e-16
33150.056 1.4697618699047863e-18
33200.056 2.4556237355539423e-16
33250.056 3.932925212848129e-16
33300.056 1.4034787378162458e-14
33350.056 5.64261469311583e-15
33400.056 5.102027899199279e-14
33450.056 1.4912196220133094e-15
33500.056 2.5496685917902926e-14
33550.056 2.5097321296124558e-15
33600.056 1.1823202269045087e-14
33650.056 1.6901379595368317e-14
33700.056 1.3717194807291025e-15
33750.056 1.9131258941393334e-14
33800.056 6.927180115894146e-16
33850.056 8.9062809111436e-15
33900.056 9.112319885150365e-15
33950.056 1.4008764668857946e-14
34000.056 4.928780552186529e-14
34050.056 7.322810723746768e-15
34100.056 7.429344026809852e-14
34150.056 1.7998727740810136e-14
34200.056 1.4262156020874635e-13
34250.056 3.283555158136936e-14
34300.056 6.779815205646508e-14
34350.056 6.409279347249049e-13
34400.056 4.042942924298977e-14
34450.056 3.586495450878344e-13
34500.056 5.728734170544136e-14
34550.056 5.400840580431124e-13
34600.056 3.2317621502040272e-12
34650.056 5.42146203420434e-14
34700.056 1.6602701982166538e-12
34750.056 3.9807678999793436e-13
34800.056 2.364162893706727e-13
34850.056 1.1823844090581303e-12
34900.056 1.1033810332538121e-13
34950.056 2.692797135099241e-12
35000.056 1.8645040026924396e-12
35050.056 4.651043106683569e-12
35100.056 5.930611614804043e-12
35150.056 6.898641306711766e-12
35200.056 8.522899498637745e-12
35250.056 1.5331425334620652e-11
35300.056 1.511170941707356e-12
35350.056 3.2428882608428086e-13
35400.056 1.8554761685939878e-13
35450.056 2.065390063642353e-13
35500.056 2.1046994981322934e-12
35550.056 2.7074677291559407e-12
35600.056 5.051631381848523e-12
35650.056 5.6427969084450415e-12
35700.056 9.54276238682224e-12
35750.056 6.217069478263048e-12
35800.056 1.0986711706469425e-12
35850.056 8.557124386205849e-13
35900.056 1.835926313470522e-12
35950.056 7.193056197991369e-12
36000.056 9.694625037956494e-12
36050.056 6.1050957484151525e-12
36100.056 5.060163804988099e-12
36150.056 5.162632779722613e-11
36200.056 2.3642117592052106e-11
36250.056 8.002605797043973e-12
36300.056 3.9120717092614925e-11
36350.056 2.7333235550480058e-11
36400.056 3.4603801000436285e-11
36450.056 1.731381541658152e-11
36500.056 1.4572416219173652e-11
36550.056 8.779104335959752e-11
36600.056 1.0564471282099566e-10
36650.056 2.557347651722641e-11
36700.056 5.343509584782077e-11
36750.056 1.322633666330287e-10
36800.056 1.345268071673696e-10
36850.056 3.255152471517509e-11
36900.056 3.4180189560574444e-11
36950.056 1.6723063708749058e-10
37000.056 1.0471959691743033e-10
37050.056 1.5897919365675056e-10
37100.056 1.5775463956944488e-11
37150.056 4.8635283084828965e-11
37200.056 2.869586400640306e-10
37250.056 1.0826889436005262e-10
37300.056 2.887624081972703e-11
37350.056 5.483455467567354e-11
37400.056 1.201849967582876e-10
37450.056 5.030115364119667e-11
37500.056 4.883238784140999e-11
37550.056 3.1310768782687893e-10
37600.056 6.595826325279327e-10
37650.056 5.2306967248684496e-11
37700.056 1.4949819883052703e-10
37750.056 1.3198916403188842e-10
37800.056 1.3310615810683946e-10
37850.056 8.203320631149749e-11
37900.056 6.20199379658512e-11
37950.056 1.0810439338610112e-10
38000.056 7.32325841655952e-11
38050.056 2.85194386761422e-10
38100.056 4.5789428433490276e-10
38150.056 6.083453258009425e-10
38200.056 2.9118757240318455e-10
38250.056 5.892805689737971e-10
38300.056 1.3965208941257785e-09
38350.056 5.21086276157109e-10
38400.056 1.0344775802982427e-10
38450.056 1.8447772463011283e-11
38500.056 4.1007884675114154e-11
38550.056 3.1378122075203666e-10
38600.056 5.508464171199384e-10
38650.056 3.3000789330159225e-10
38700.056 1.6067220120520042e-10
38750.056 3.463368323115755e-10
38800.056 3.067187123690102e-10
38850.056 3.9636048604906587e-10
38900.056 3.947173565951615e-10
38950.056 2.2516529263657158e-10
39000.056 6.586706798179161e-10
39050.056 1.0494300662364423e-10
39100.056 2.088979071827712e-10
39150.056 6.410475686780207e-10
39200.056 5.523417876600041e-10
39250.056 5.135021388395138e-10
39300.056 3.5892767228131536e-10
39350.056 1.240845914510013e-09
39400.056 4.51639242817726e-10
39450.056 9.39275719805198e-10
39500.056 1.1780269494799085e-09
39550.056 2.71808522594338e-10
39600.056 6.745215626159913e-10
39650.056 1.8149284362000056e-09
39700.056 1.5668840212499927e-09
39750.056 2.9972257724176665e-10
39800.056 1.796545405106868e-10
39850.056 1.4115282361401865e-09
39900.056 2.196879798379994e-09
39950.056 5.933426832900393e-10
40000.056 1.1942296749100793e-09
40050.056 1.358025463461883e-09
40100.056 1.9683122117224639e-10
40150.056 1.0924547141701287e-09
40200.056 1.5958277249998804e-09
40250.056 1.9984668513497704e-09
40300.056 1.996420598630136e-09
40350.056 5.79997087900677e-10
40400.056 7.284252300412561e-10
40450.056 3.139673705428223e-10
40500.056 1.6661740556701114e-09
40550.056 1.9584874421397794e-09
40600.056 2.5242676033999477e-09
40650.056 1.1749579229838933e-09
40700.056 2.029016582229955e-09
40750.056 1.453314565559858e-09
40800.056 6.97848931007941e-10
40850.056 3.4202302875003224e-09
40900.056 3.5969610891997756e-09
40950.056 1.6521966559879556e-09
41000.056 1.3098296862059038e-09
41050.056 3.728168093230159e-09
41100.056 3.0596768489796853e-09
41150.056 4.976522257539507e-10
41200.056 3.4406942225304967e-09
41250.056 3.3516605407094678e-09
41300.056 3.624100489340493e-09
41350.056 6.191494235200065e-09
41400.056 4.5363086343997815e-09
41450.056 5.042875477299998e-09
41500.056 2.1470164815496206e-09
41550.056 1.901593638200313e-09
41600.056 2.3555459260997967e-09
41650.056 5.2829870153405286e-09
41700.056 7.908478271299783e-09
41750.056 5.886024937700153e-09
41800.056 6.499965023799876e-09
41850.056 3.83774022325968e-09
41900.056 2.718870541449421e-09
41950.056 2.235880043739765e-09
42000.056 4.905936753357608e-10
42050.056 9.858653422640948e-10
42100.056 2.1409745180099567e-09
42150.056 2.9946935562999813e-09
42200.056 3.951086978699975e-09
42250.056 2.9586663412002282e-09
42300.056 2.465305188099838e-09
42350.056 5.3608161641002184e-09
42400.056 7.55625579320028e-09
42450.056 9.279840339300272e-09
42500.056 9.941961317699916e-09
42550.056 8.684353418899779e-09
42600.056 5.922784345000585e-09
42650.056 7.923283788699309e-09
42700.056 3.299782656159848e-09
42750.056 7.681569539500717e-09
42800.056 1.1923604418000179e-08
42850.056 1.209331017949959e-08
42900.056 1.1193318376900131e-08
42950.056 9.081417973300239e-09
43000.056 1.0031094880399816e-08
43050.056 5.5172833542993755e-09
43100.056 7.751351090000437e-09
43150.056 8.943076959400183e-09
43200.056 1.1693944003300238e-08
43250.056 1.3775583910000084e-08
43300.056 1.2174184907999615e-08
43350.056 8.459249729799868e-09
43400.056 1.0180273397300005e-08
43450.056 6.764748421699935e-09
43500.056 5.104608306500108e-09
43550.056 7.065671559500335e-09
43600.056 1.1728062547999937e-08
43650.056 7.1998787401996396e-09
43700.056 1.1132174627301251e-08
43750.056 1.3633828874999698e-08
43800.056 1.0908263382399763e-08
43850.056 9.419859869600394e-09
43900.056 6.9192665937000464e-09
43950.056 5.853519483099901e-09
44000.056 6.518933492100026e-09
44050.056 1.2133645479500798e-08
44100.056 1.527837553900006e-08
44150.056 1.3832877569999783e-08
44200.056 1.3396189547999925e-08
44250.056 9.007806935299632e-09
44300.056 5.798864629499866e-09
44350.056 5.180091701200129e-09
44400.056 6.262095835100012e-09
44450.056 1.030688135170069e-08
44500.056 9.596840562699928e-09
44550.056 1.1861662673700134e-08
44600.056 9.418193751900026e-09
44650.056 1.0798041798999764e-08
44700.056 8.528915465199455e-09
44750.056 1.0276265730400382e-08
44800.056 7.065262704799815e-09
44850.056 9.233529432000376e-09
44900.056 9.863466049299931e-09
44950.056 1.1859491396100485e-08
45000.056 1.3267284669999938e-08
45050.056 1.1358585500299361e-08
45100.056 1.042007455820051e-08
45150.056 9.48695210539975e-09
45200.056 6.121953358799892e-09
45250.056 7.398089767899783e-09
45300.056 6.881938424999997e-09
45350.056 4.5453332411004745e-09
45400.056 1.2372959842500287e-08
45450.056 1.0580547921600646e-08
45500.056 1.3252102475300398e-08
45550.056 1.3523664704099181e-08
45600.056 1.2584383437000267e-08
45650.056 1.1397357486699387e-08
45700.056 6.0868130907992495e-09
45750.056 5.4333453359005665e-09
45800.056 1.1578981652100025e-08
45850.056 9.183010347500481e-09
45900.056 1.3925231332000026e-08
45950.056 1.429651948899962e-08
46000.056 1.3211291626000137e-08
46050.056 1.0757760305400572e-08
46100.056 1.3506812254999563e-08
46150.056 9.390739923799915e-09
46200.056 6.19511794019922e-09
46250.056 2.1783930374700473e-09
46300.056 7.51715436080056e-09
46350.056 9.010356440200138e-09
46400.056 9.54252113680016e-09
46450.056 6.592309901199651e-09
46500.056 9.25816026820017e-09
46550.056 5.464233883899447e-09
46600.056 4.280399970999824e-09
46650.056 7.803932778100299e-09
46700.056 5.9081657476994574e-09
46750.056 2.018439883830127e-09
46800.056 1.1415606838398883e-09
46850.056 5.521197099300913e-09
46900.056 9.533332545300154e-09
46950.056 1.0537287023799952e-08
47000.056 1.099008222830009e-08
47050.056 6.388077032699058e-09
47100.056 6.099135511900118e-09
47150.056 7.564136288100456e-09
47200.056 7.935668369799676e-09
47250.056 2.9285531509293316e-09
47300.056 2.1391626683706324e-09
47350.056 7.496736120200465e-09
47400.056 9.325566378599934e-09
47450.056 5.561145701799985e-09
47500.056 9.424723413700653e-09
47550.056 9.796911301399938e-09
47600.056 5.841688217099549e-09
47650.056 7.043889303899665e-09
47700.056 5.966187262900498e-09
47750.056 5.037116692599896e-09
47800.056 2.6001394835397352e-09
47850.056 7.72103448740143e-10
47900.056 1.6275328853900773e-09
47950.056 5.503215222500494e-09
48000.056 6.7959548179995094e-09
48050.056 5.323701630700107e-09
48100.056 2.9918708866998984e-09
48150.056 5.4715523280001825e-09
48200.056 2.678739404619599e-09
48250.056 4.7695578212002135e-09
48300.056 5.617913388999838e-09
48350.056 3.00234688799957e-09
48400.056 5.107163707798632e-10
48450.056 9.343833370292266e-10
48500.056 2.131673566369773e-09
48550.056 2.7742353929706414e-09
48600.056 6.683455698800216e-09
48650.056 7.902774227899965e-09
48700.056 6.8265974738001414e-09
48750.056 6.373108961999997e-09
48800.056 6.41629662649986e-09
48850.056 2.7349860945196434e-09
48900.056 1.933401950619756e-09
48950.056 9.126266266099622e-10
49000.056 6.900105169871766e-10
49050.056 2.4143997884898287e-09
49100.056 3.873402322000555e-09
49150.056 3.8865160800999584e-09
49200.056 6.363464686700308e-09
49250.056 6.579245966599906e-09
49300.056 4.758760337699558e-09
49350.056 1.8904861812802796e-09
49400.056 2.3088895230096075e-09
49450.056 1.6094357712702801e-09
49500.056 1.1448005764797854e-09
49550.056 2.2532209606199183e-10
49600.056 4.828281052920919e-10
49650.056 2.0780580561002522e-09
49700.056 3.358048601200042e-09
49750.056 2.0940990312098472e-09
49800.056 1.197157713860057e-09
49850.056 3.5806763480003063e-09
49900.056 4.556257400599993e-09
49950.056 4.056177232199853e-09
50000.056 1.795112234139645e-09
50050.056 1.6610411393702651e-09
50100.056 1.6261022187998858e-09
50150.056 5.245692739299029e-10
50200.056 1.2400135814602225e-10
50250.056 4.73820822220004e-10
50300.056 4.0108838778707366e-10
50350.056 1.8253787386001847e-09
50400.056 2.9771405635000637e-09
50450.056 3.242313050000026e-09
50500.056 3.9279163186001175e-09
50550.056 4.318100124899925e-09
50600.056 2.545902575679804e-09
50650.056 3.835585009700066e-09
50700.056 3.0483467485998247e-09
50750.056 1.6065804606998656e-09
50800.056 3.920535216078983e-10
50850.056 2.0428232495405884e-10
50900.056 1.2013132702401543e-09
50950.056 1.6455880400698687e-09
51000.056 1.0734827693802143e-09
51050.056 2.3013324763398373e-09
51100.056 1.0883145385499438e-09
51150.056 5.790768619401228e-10
51200.056 2.247831139600138e-09
51250.056 2.1547123052998986e-09
51300.056 1.3398702735299393e-09
51350.056 6.72561352912861e-10
51400.056 2.1534716314102993e-10
51450.056 1.9496985200295926e-10
51500.056 2.1063162352905057e-10
51550.056 7.659356055700966e-10
51600.056 1.287530245800069e-09
51650.056 1.8566720573000356e-09
51700.056 1.3375188641397489e-09
51750.056 1.1403805629302075e-09
51800.056 2.0345867301999984e-09
51850.056 1.6104746159999167e-09
51900.056 1.1347290574399401e-09
51950.056 5.139625104899095e-10
52000.056 1.1874713394498726e-10
52050.056 3.0390336004001055e-10
52100.056 1.8488304833997264e-10
52150.056 1.2312744311102702e-10
52200.056 4.0576806179003226e-10
52250.056 7.060500347000433e-10
52300.056 6.731604620999494e-10
52350.056 2.0027213258598957e-10
52400.056 2.4175707124700954e-10
52450.056 8.106040117600852e-10
52500.056 5.834337504599753e-10
52550.056 1.1779479497899505e-09
52600.056 1.2634423301101118e-09
52650.056 1.474435111599946e-09
52700.056 7.863953747299165e-10
52750.056 2.2542499594695425e-10
52800.056 4.3728646446005973e-10
52850.056 5.048750121699457e-10
52900.056 1.7075351459195806e-10
52950.056 2.7425407299504294e-10
53000.056 6.450003449500165e-10
53050.056 3.1965508255998877e-10
53100.056 1.001596423920101e-09
53150.056 1.0093110823299514e-09
53200.056 5.68719142969975e-10
53250.056 8.591842997399809e-10
53300.056 7.858997583500432e-10
53350.056 6.916098672499733e-10
53400.056 4.41792051119962e-10
53450.056 1.8596784166997465e-10
