galfind/configs/Brown_Dwarf_templates/sonora_bobcat/m0.0/1000g/sp_t1400g1000nc_m0.0_resample.dat
# %ECSV 1.0
# ---
# datatype:
# - {name: wav, unit: Angstrom, datatype: float64}
# - {name: flux_nu, unit: erg / (cm2 Hz s), datatype: float64}
# meta: {C/O: '1.00', Kzz: '1.0000E+05', Teff: '1400.', Y: '0.28', '[Fe/H]': '0.00', f_hole: '1.00', f_rain: '0.00', grav: '1000.'}
# schema: astropy-2.0
wav flux_nu
4000.0559999999996 nan
4050.0559999999996 3.258988429346435e-11
4100.056 2.8374539266298046e-10
4150.056 4.2088716885103474e-10
4200.056 3.743289954191964e-10
4250.056 4.5828520874201156e-10
4300.056 4.830365523780698e-10
4350.056 5.198698163860232e-10
4400.056 6.336989335800495e-10
4450.056 6.120713579500132e-10
4500.056 5.950523744200322e-10
4550.056 7.193670932129304e-10
4600.056 7.49461978119993e-10
4650.056 7.016098609999478e-10
4700.056 7.852326452600148e-10
4750.056 6.524058206699883e-10
4800.056 3.0765640145001245e-10
4850.056 1.7968221787999907e-10
4900.056 1.1487180422599899e-10
4950.056 5.796524869499958e-11
5000.056 2.1393771782999683e-11
5050.056 9.110239293499975e-12
5100.056 7.662241924199999e-12
5150.056 6.871168989000041e-12
5200.056 6.1681977304999584e-12
5250.056 5.311593042299992e-12
5300.056 4.4811947865999925e-12
5350.056 3.794073946299994e-12
5400.056 3.2224093260999937e-12
5450.056 2.7143629949999948e-12
5500.056 2.2518406262999957e-12
5550.056 1.8400180094999954e-12
5600.056 1.4658397251999955e-12
5650.056 1.1198715006399959e-12
5700.056 8.071381892599963e-13
5750.056 5.356066575299967e-13
5800.056 3.2027983522999737e-13
5850.056 1.602075881129977e-13
5900.056 4.545484083932416e-14
5950.056 3.4233063002000634e-13
6000.056 1.0795919132800151e-12
6050.056 2.8463846055000354e-12
6100.056 6.37822003090007e-12
6150.056 1.2837956160400118e-11
6200.056 2.371639136100018e-11
6250.056 4.103181007100032e-11
6300.056 6.783683283800049e-11
6350.056 1.0778124772200074e-10
6400.056 1.6511765822000107e-10
6450.056 2.4509686059000113e-10
6500.056 3.5563285434000183e-10
6550.056 5.075759382000026e-10
6600.056 7.129501477500045e-10
6650.056 9.746167406800054e-10
6700.056 8.749214465416723e-10
6750.056 1.6624924974000116e-09
6800.056 2.165357465800011e-09
6850.056 2.4229736511000033e-09
6900.056 2.3400030151999975e-09
6950.056 2.1516147874999945e-09
7000.056 2.1527144000000036e-09
7050.056 2.338962989600001e-09
7100.056 2.561725010600002e-09
7150.056 2.721926776299991e-09
7200.056 2.7874620692000147e-09
7250.056 2.691935744499977e-09
7300.056 2.4659151409e-09
7350.056 2.188218941399989e-09
7400.056 1.9074134149000015e-09
7450.056 1.609365125199999e-09
7500.056 1.293122385199993e-09
7550.056 9.687689439199936e-10
7600.056 6.279961613799918e-10
7650.056 9.657421732080108e-11
7700.056 3.874990169935486e-11
7750.056 4.3634475721001174e-10
7800.056 9.774986821650186e-10
7850.056 2.1000386918000206e-09
7900.056 3.2582212034000237e-09
7950.056 3.794642478090041e-09
8000.056 6.594183117900046e-09
8050.056 8.837990732600046e-09
8100.056 1.142950762560003e-08
8150.056 1.450706454620005e-08
8200.056 1.7380285443400253e-08
8250.056 2.2463160832000252e-08
8300.056 2.7390519708000786e-08
8350.056 3.2930532009999914e-08
8400.056 3.922485536399961e-08
8450.056 4.573468274499975e-08
8500.056 4.728350731454298e-08
8550.056 5.853094366000185e-08
8600.056 6.650061515499988e-08
8650.056 6.537570113899737e-08
8700.056 7.259312764099322e-08
8750.056 8.265744417200247e-08
8800.056 9.850195230600209e-08
8850.056 1.1190138015299699e-07
8900.056 1.2240072004200055e-07
8950.056 1.147754467110167e-07
9000.056 1.5572988619199713e-07
9050.056 1.698762151380049e-07
9100.056 1.9370270059200194e-07
9150.056 2.1397342294800298e-07
9200.056 2.3493339996398707e-07
9250.056 2.3767835882798542e-07
9300.056 1.798004246563933e-07
9350.056 2.1458701468003012e-07
9400.056 2.6286310582498796e-07
9450.056 2.8596003114156394e-07
9500.056 3.02093882015181e-07
9550.056 3.2610505809289703e-07
9600.056 3.289715327992182e-07
9650.056 3.5873678171659847e-07
9700.056 4.028430359187691e-07
9750.056 4.0966963261199923e-07
9800.056 4.42882695499969e-07
9850.056 4.678954167100013e-07
9900.056 3.6673388110998294e-07
9950.056 3.1502162334999744e-07
10000.056 2.7839115046999326e-07
10050.056 3.3831356040999943e-07
10100.056 3.9654320728000523e-07
10150.056 4.0861015216997434e-07
10200.056 4.481697305999926e-07
10250.056 4.78684456839996e-07
10300.056 4.856929081600015e-07
10350.056 5.5351936185002e-07
10400.056 6.069428431299871e-07
10450.056 6.275640002900096e-07
10500.056 6.22747991739994e-07
10550.056 6.37920247310012e-07
10600.056 6.786292588099939e-07
10650.056 7.215119563100272e-07
10700.056 7.689102309200209e-07
10750.056 8.285138386500182e-07
10800.056 8.882446540999991e-07
10850.056 9.731402493499805e-07
10900.056 9.58295845789989e-07
10950.056 8.585054112999823e-07
11000.056 7.879375069859553e-07
11050.056 6.920621077679739e-07
11100.056 6.444548943165551e-07
11150.056 6.120942715108844e-07
11200.056 6.42445750363922e-07
11250.056 7.840585943811974e-07
11300.056 7.494152915346044e-07
11350.056 5.346473328188231e-07
11400.056 5.570501093730416e-07
11450.056 6.948549809903941e-07
11500.056 8.583641390135991e-07
11550.056 7.344313844131274e-07
11600.056 7.732861178489752e-07
11650.056 7.615478660376487e-07
11700.056 5.25865713963822e-07
11750.056 5.265525471527617e-07
11800.056 6.031545370217227e-07
11850.056 9.198220846780094e-07
11900.056 1.0616528381048935e-06
11950.056 1.0732578166390127e-06
12000.056 1.0218959970800136e-06
12050.056 1.2131602903500614e-06
12100.056 1.2508077693299592e-06
12150.056 1.4421045007099599e-06
12200.056 1.4639940996998919e-06
12250.056 1.602307212279956e-06
12300.056 1.697341797300055e-06
12350.056 1.666283974299996e-06
12400.056 1.5144764493999693e-06
12450.056 1.3370387676900222e-06
12500.056 1.3861848502899602e-06
12550.056 1.4522346504600837e-06
12600.056 1.879438659400021e-06
12650.056 1.908243924099984e-06
12700.056 2.0716866271001213e-06
12750.056 2.0285838706199774e-06
12800.056 2.1042254267800524e-06
12850.056 1.9837062599299775e-06
12900.056 1.8599336276900115e-06
12950.056 1.9007461508899665e-06
13000.056 1.9572222594199124e-06
13050.056 2.002841923443956e-06
13100.056 1.998248810053942e-06
13150.056 1.9049368418559438e-06
13200.056 1.7854399324399746e-06
13250.056 1.5180389035098038e-06
13300.056 1.0792685586654203e-06
13350.056 4.3555543834473006e-07
13400.056 2.954632740101141e-07
13450.056 2.260210777720264e-07
13500.056 1.8546375287997655e-07
13550.056 1.5815745063682584e-07
13600.056 1.4318067915740584e-07
13650.056 2.2052779666863108e-07
13700.056 1.851086459039392e-07
13750.056 2.076892003023289e-07
13800.056 2.56839056239113e-07
13850.056 2.2407368250173294e-07
13900.056 2.2223591784877444e-07
13950.056 2.0663341929541082e-07
14000.056 1.921563570349058e-07
14050.056 2.1022713909384635e-07
14100.056 1.7092843262691165e-07
14150.056 2.069834479439857e-07
14200.056 1.7595181942903052e-07
14250.056 1.7147267456079304e-07
14300.056 2.1303557147567092e-07
14350.056 2.1536467408545864e-07
14400.056 2.2772502359012202e-07
14450.056 2.4450859167913e-07
14500.056 3.2072901550987134e-07
14550.056 3.3201740950848267e-07
14600.056 3.9985322480930257e-07
14650.056 3.9618326379366704e-07
14700.056 3.503149015617972e-07
14750.056 4.0127775316881574e-07
14800.056 4.536945881559127e-07
14850.056 4.977764303438315e-07
14900.056 4.858463605392796e-07
14950.056 5.179484850920646e-07
15000.056 5.523021095810465e-07
15050.056 6.475239947242112e-07
15100.056 6.688369610850158e-07
15150.056 7.357917684580532e-07
15200.056 7.528761670839307e-07
15250.056 8.34263448064997e-07
15300.056 8.953790163359568e-07
15350.056 9.848838140039635e-07
15400.056 1.0601658820300234e-06
15450.056 1.1352969598800535e-06
15500.056 1.1824606691800037e-06
15550.056 1.2859779031799111e-06
15600.056 1.2933905567600471e-06
15650.056 1.3635276378000645e-06
15700.056 1.495950888080153e-06
15750.056 1.568379373539957e-06
15800.056 1.5557689665600877e-06
15850.056 1.5541853689900074e-06
15900.056 1.574824471520046e-06
15950.056 1.594413119179921e-06
16000.056 1.5767800997600033e-06
16050.056 1.5229745074900065e-06
16100.056 1.4812249253399692e-06
16150.056 1.3654716686499864e-06
16200.056 1.3035207540698362e-06
16250.056 1.2726597323999069e-06
16300.056 1.2390074109059901e-06
16350.056 1.301816388664015e-06
16400.056 1.3504182880100912e-06
16450.056 1.398610448174043e-06
16500.056 1.4579003757390772e-06
16550.056 1.4564050094999925e-06
16600.056 1.4123715570601197e-06
16650.056 1.3104368465810343e-06
16700.056 1.1254193075800364e-06
16750.056 1.1916740780999649e-06
16800.056 1.3441043184100116e-06
16850.056 1.3305072427699231e-06
16900.056 1.2846402495700144e-06
16950.056 1.223049152229964e-06
17000.056 1.1654414498801672e-06
17050.056 1.250910927410054e-06
17100.056 1.214448161610062e-06
17150.056 1.1184099332519503e-06
17200.056 1.1043717995798756e-06
17250.056 1.0136444752178658e-06
17300.056 9.500286532639964e-07
17350.056 8.782041915629911e-07
17400.056 8.618463686219679e-07
17450.056 7.80707038156785e-07
17500.056 7.839082416210043e-07
17550.056 7.264054842732809e-07
17600.056 6.943300692234186e-07
17650.056 6.89646174657725e-07
17700.056 5.575958078041792e-07
17750.056 5.113902702860793e-07
17800.056 5.541643773162812e-07
17850.056 4.389725398863146e-07
17900.056 4.797085908671093e-07
17950.056 4.283007107614888e-07
18000.056 4.182391944638979e-07
18050.056 3.995218026536284e-07
18100.056 3.9533993255807826e-07
18150.056 4.644592570646918e-07
18200.056 3.3944734657462773e-07
18250.056 4.975137519433806e-07
18300.056 4.1866961283311164e-07
18350.056 3.9063125285193614e-07
18400.056 3.7918920405885764e-07
18450.056 3.5929323514719005e-07
18500.056 3.834236631910455e-07
18550.056 3.3747239421342654e-07
18600.056 2.869037429904095e-07
18650.056 3.0838490119223127e-07
18700.056 3.368572121706314e-07
18750.056 3.537966915245594e-07
18800.056 4.3004907100879065e-07
18850.056 4.917823711131946e-07
18900.056 4.662580626640999e-07
18950.056 5.681321861006095e-07
19000.056 5.276717530099632e-07
19050.056 4.7637208275085665e-07
19100.056 5.862732849218317e-07
19150.056 5.334591372893567e-07
19200.056 5.69628276347709e-07
19250.056 5.017378804543091e-07
19300.056 5.149299824643482e-07
19350.056 4.7400031568715126e-07
19400.056 3.670590508313504e-07
19450.056 4.989231153746699e-07
19500.056 5.025600565834771e-07
19550.056 4.006457041543743e-07
19600.056 4.6912917790900145e-07
19650.056 5.061426734583586e-07
19700.056 5.039285259125458e-07
19750.056 4.798304995460428e-07
19800.056 5.240134857288486e-07
19850.056 5.854900783830432e-07
19900.056 4.851532631994511e-07
19950.056 6.228703807209858e-07
20000.056 5.586098284630438e-07
20050.056 6.355439480590577e-07
20100.056 6.348403112307589e-07
20150.056 6.80313296987083e-07
20200.056 7.187688892619877e-07
20250.056 7.627212330088951e-07
20300.056 7.572994964070744e-07
20350.056 8.32676431723924e-07
20400.056 8.297059275537671e-07
20450.056 8.785759991498405e-07
20500.056 9.206364827649247e-07
20550.056 9.224410383900089e-07
20600.056 1.009280098250078e-06
20650.056 9.932420794600729e-07
20700.056 1.03187225546008e-06
20750.056 1.0459443127399631e-06
20800.056 1.0913893403599718e-06
20850.056 1.069882594909974e-06
20900.056 1.1254435399898867e-06
20950.056 1.1214603348199862e-06
21000.056 1.1371534620500315e-06
21050.056 1.1403292605899893e-06
21100.056 1.1319355377600066e-06
21150.056 1.1621342245899158e-06
21200.056 1.135380638300016e-06
21250.056 1.153552208119914e-06
21300.056 1.1013158689799541e-06
21350.056 1.12755918028002e-06
21400.056 1.0903786361601286e-06
21450.056 1.1045182956600042e-06
21500.056 1.060900547410073e-06
21550.056 1.0448708602200245e-06
21600.056 1.01897544210008e-06
21650.056 9.852838083200163e-07
21700.056 9.887126926900128e-07
21750.056 9.240892804100181e-07
21800.056 8.82179772389867e-07
21850.056 8.377770653100262e-07
21900.056 7.752089788999876e-07
21950.056 6.633208072700618e-07
22000.056 5.085890491610402e-07
22050.056 4.217416887628773e-07
22100.056 4.748444914241121e-07
22150.056 5.299102999079916e-07
22200.056 5.448673925869846e-07
22250.056 5.490197342611279e-07
22300.056 5.054058819059856e-07
22350.056 4.862997487360563e-07
22400.056 4.4143444886398207e-07
22450.056 4.060632945709631e-07
22500.056 4.1448208590511006e-07
22550.056 3.779258192289196e-07
22600.056 3.859288162830989e-07
22650.056 3.769629803210297e-07
22700.056 3.551840237120019e-07
22750.056 3.588365386870523e-07
22800.056 3.370986441799483e-07
22850.056 3.1160805335103825e-07
22900.056 3.034296704179409e-07
22950.056 2.6704525869496184e-07
23000.056 2.968426716140082e-07
23050.056 3.5083524127095047e-07
23100.056 4.0782744775503916e-07
23150.056 4.147773790739884e-07
23200.056 2.589632765000021e-07
23250.056 2.6097155608002923e-07
23300.056 2.291368508690666e-07
23350.056 2.2374526989600264e-07
23400.056 2.2968275334403687e-07
23450.056 2.38723078704028e-07
23500.056 2.5655347525006044e-07
23550.056 2.8840263781804234e-07
23600.056 3.09582240906968e-07
23650.056 3.498396707139577e-07
23700.056 2.682109239810502e-07
23750.056 2.5483590586801733e-07
23800.056 2.382935457429905e-07
23850.056 2.538133166230189e-07
23900.056 3.1897305569403695e-07
23950.056 3.4475220882205075e-07
24000.056 3.653639781399052e-07
24050.056 3.9037990592901923e-07
24100.056 3.6474983312495383e-07
24150.056 3.8292029244312443e-07
24200.056 3.937667565579387e-07
24250.056 3.719103843370216e-07
24300.056 3.9330598664405237e-07
24350.056 3.4713229367294715e-07
24400.056 4.0871386462608345e-07
24450.056 3.6967089382188026e-07
24500.056 3.7443578477196377e-07
24550.056 3.832341632591113e-07
24600.056 3.9492594657403594e-07
24650.056 4.474348869870457e-07
24700.056 3.5720750512692414e-07
24750.056 3.593193016290481e-07
24800.056 3.653073012170342e-07
24850.056 4.435809837440568e-07
24900.056 3.1216965859714605e-07
24950.056 4.310503057820314e-07
25000.056 3.9246121082908713e-07
25050.056 3.025326067332652e-07
25100.056 3.793212580811701e-07
25150.056 3.128185243509631e-07
25200.056 3.541381552966444e-07
25250.056 3.008648630139566e-07
25300.056 3.60392323560422e-07
25350.056 2.789093020754018e-07
25400.056 3.612983182326789e-07
25450.056 2.808164244034705e-07
25500.056 2.9950256062635415e-07
25550.056 2.947599396337874e-07
25600.056 3.0258873009536623e-07
25650.056 2.4810256811239974e-07
25700.056 3.639100522063756e-07
25750.056 2.3157078798266357e-07
25800.056 3.6126551080986257e-07
25850.056 2.663645373219752e-07
25900.056 3.323348838565048e-07
25950.056 2.486133659083278e-07
26000.056 3.735819827351393e-07
26050.056 3.3244085206786025e-07
26100.056 3.904928464909048e-07
26150.056 3.5400430076776607e-07
26200.056 3.5609334603581183e-07
26250.056 4.1628152142643607e-07
26300.056 3.6565605047932856e-07
26350.056 4.5512892693196944e-07
26400.056 4.518104814589526e-07
26450.056 4.4655478496304764e-07
26500.056 4.780544352148907e-07
26550.056 3.9325035409942173e-07
26600.056 5.026025093899465e-07
26650.056 3.367298667313392e-07
26700.056 3.3856194623081997e-07
26750.056 2.624317006374778e-07
26800.056 3.337626355415548e-07
26850.056 2.3784642766881463e-07
26900.056 3.6342812888701105e-07
26950.056 2.35749886987245e-07
27000.056 3.7099107913506926e-07
27050.056 3.1073233240299707e-07
27100.056 2.9936415670453595e-07
27150.056 3.636521024560258e-07
27200.056 3.233056362860387e-07
27250.056 3.234910580997954e-07
27300.056 4.6028591442204793e-07
27350.056 4.017256381934015e-07
27400.056 2.666130115268709e-07
27450.056 4.814880095919069e-07
27500.056 4.4619205267596366e-07
27550.056 3.3560758810882643e-07
27600.056 4.7162724260797637e-07
27650.056 3.1693573837779017e-07
27700.056 2.8857201910210184e-07
27750.056 4.729536367219206e-07
27800.056 3.03521342987985e-07
27850.056 3.376082760158916e-07
27900.056 3.601153817604245e-07
27950.056 4.720485029199962e-07
28000.056 4.082743538280515e-07
28050.056 2.613046925200623e-07
28100.056 4.988549520530817e-07
28150.056 3.5815884394104033e-07
28200.056 2.7144520920800185e-07
28250.056 4.494426091239821e-07
28300.056 5.268746362070788e-07
28350.056 3.1025495436892333e-07
28400.056 3.957735311369891e-07
28450.056 4.604313684799161e-07
28500.056 4.146730547739199e-07
28550.056 2.5135102033993177e-07
28600.056 5.063850047229682e-07
28650.056 4.4880603326899984e-07
28700.056 3.980857558989481e-07
28750.056 4.799759737220087e-07
28800.056 4.4944594731110166e-07
28850.056 4.851873495350299e-07
