galfind/configs/Brown_Dwarf_templates/sonora_bobcat/m0.0/1000g/sp_t225g1000nc_m0.0_resample.dat
# %ECSV 1.0
# ---
# datatype:
# - {name: wav, unit: Angstrom, datatype: float64}
# - {name: flux_nu, unit: erg / (cm2 Hz s), datatype: float64}
# meta: {C/O: '1.00', Kzz: '1.0000E+05', Teff: '225.', Y: '0.28', '[Fe/H]': '0.00', f_hole: '1.00', f_rain: '0.00', grav: '1000.'}
# schema: astropy-2.0
wav flux_nu
[from data line 499]
28950.056 2.382475084460601e-14
29000.056 1.529823907360341e-14
29050.056 3.8969363362279087e-14
29100.056 2.3341763999480352e-15
29150.056 2.5526672884299343e-15
29200.056 1.1246506609837514e-13
29250.056 3.026147675754473e-14
29300.056 6.8969778657819275e-15
29350.056 6.153388081828894e-14
29400.056 6.446903603724932e-14
29450.056 7.728486526066773e-15
29500.056 1.0843264022430551e-13
29550.056 4.1810538451177514e-14
29600.056 1.0730218052327816e-14
29650.056 9.002568903641274e-14
29700.056 3.0916185979187036e-14
29750.056 1.5214956121869323e-13
29800.056 2.3182009103186178e-14
29850.056 1.550813454251401e-13
29900.056 4.025715053772066e-14
29950.056 3.0452818582925714e-14
30000.056 1.0473489884127912e-16
30050.056 2.2473083759550477e-14
30100.056 7.667408180839221e-14
30150.056 1.0749435381595637e-13
30200.056 2.6334872834399996e-13
30250.056 1.902235058449869e-13
30300.056 2.342865071166238e-13
30350.056 7.74854211359835e-14
30400.056 4.915087708056179e-13
30450.056 6.336650914178524e-13
30500.056 5.416541925147195e-14
30550.056 8.13536726113912e-14
30600.056 3.918624497530245e-12
30650.056 1.2839164855123418e-12
30700.056 7.056533266993907e-14
30750.056 6.807234939158522e-13
30800.056 1.9596540982310912e-12
30850.056 1.5862498340442124e-12
30900.056 3.6328148106392605e-13
30950.056 4.451245422786543e-13
31000.056 6.001446128390072e-13
31050.056 9.326469791810522e-14
31100.056 3.776073788986407e-14
31150.056 4.075063049729559e-13
31200.056 1.92338674905678e-12
31250.056 1.2057897118406957e-12
31300.056 1.2256705110341314e-13
31350.056 1.6149064801116987e-12
31400.056 9.146136566440328e-13
31450.056 7.977306818839445e-13
31500.056 2.1894979945628995e-13
31550.056 6.080434759526537e-13
31600.056 4.639158844857642e-13
31650.056 2.303466206238738e-13
31700.056 1.806503735878522e-13
31750.056 6.487051954115913e-14
31800.056 1.0353770657099526e-13
31850.056 9.234585909415703e-15
31900.056 2.9392667070374484e-14
31950.056 8.756781802253336e-15
32000.056 7.23492509084939e-15
32050.056 3.352275216090943e-15
32100.056 2.5209653736439557e-15
32150.056 1.2086319775578047e-15
32200.056 3.2463248324434697e-16
32250.056 7.905664036984056e-16
32300.056 8.712305847785205e-17
32350.056 2.7595592148359413e-16
32400.056 1.9767647759759006e-17
32450.056 1.7077714257920847e-16
32500.056 1.7294420760085237e-17
32550.056 1.0841884754900284e-16
32600.056 7.858427716185207e-18
32650.056 1.479603005592041e-16
32700.056 1.0650533266375927e-17
32750.056 4.404312871590805e-16
32800.056 9.070974829870966e-17
32850.056 2.7440433110122956e-15
32900.056 1.0020918795041995e-15
32950.056 3.4317958621331566e-15
33000.056 7.473816747928989e-16
33050.056 2.1371837806289988e-16
33100.056 3.5900079885335055e-17
33150.056 9.276358797208531e-20
33200.056 2.898147765069749e-17
33250.056 4.325465356115569e-17
33300.056 1.524369933596374e-15
33350.056 4.109512201525502e-16
33400.056 4.111384122009498e-15
33450.056 9.755140753557056e-17
33500.056 1.7484980122611713e-15
33550.056 1.9560729954502142e-16
33600.056 9.168449903586217e-16
33650.056 1.4632325573448349e-15
33700.056 1.2205369849068129e-16
33750.056 1.7667267699009404e-15
33800.056 6.649334278174003e-17
33850.056 8.7452481291126295e-16
33900.056 9.414739526491819e-16
33950.056 1.6030018352205011e-15
34000.056 6.254599321568988e-15
34050.056 8.590310519424392e-16
34100.056 1.0040482674687161e-14
34150.056 2.596351666665999e-15
34200.056 2.3599309324841798e-14
34250.056 4.848394092865213e-15
34300.056 1.0634298787887631e-14
34350.056 1.2300911916462746e-13
34400.056 6.717398478623012e-15
34450.056 5.771626546520126e-14
34500.056 8.636769751555703e-15
34550.056 1.2066111982535315e-13
34600.056 7.864202828624922e-13
34650.056 9.092671253636602e-15
34700.056 3.690453118662537e-13
34750.056 6.691983386422975e-14
34800.056 4.643573085722136e-14
34850.056 2.009717502541041e-13
34900.056 2.772936738559409e-14
34950.056 4.851865246528724e-13
35000.056 3.2278772881801855e-13
35050.056 1.1601041908601404e-12
35100.056 1.100845019929865e-12
35150.056 1.9067167847346172e-12
35200.056 2.6730261411943273e-12
35250.056 4.217020323699078e-12
35300.056 3.0069740899281236e-13
35350.056 3.659924591922266e-14
35400.056 2.0408126558198334e-14
35450.056 2.5289372235734974e-14
35500.056 3.4921080607250957e-13
35550.056 5.45286923044606e-13
35600.056 9.873831154514325e-13
35650.056 1.0296225385547216e-12
35700.056 1.9853688724301286e-12
35750.056 1.1788260826313188e-12
35800.056 1.8615856334072526e-13
35850.056 1.5072729984667385e-13
35900.056 4.0748378287980547e-13
35950.056 1.947202336998806e-12
36000.056 2.7364711082121366e-12
36050.056 1.5767436007151926e-12
36100.056 1.1918150905281843e-12
36150.056 1.6845822286037997e-11
36200.056 6.18892685334229e-12
36250.056 1.913192966831021e-12
36300.056 1.0098680916905895e-11
36350.056 8.185670738405579e-12
36400.056 9.139902068129188e-12
36450.056 4.30562546163296e-12
36500.056 3.4882605406227904e-12
36550.056 2.8077394629199828e-11
36600.056 3.364036425599941e-11
36650.056 6.8681297985173806e-12
36700.056 1.6355102005481246e-11
36750.056 4.7160154819008766e-11
36800.056 4.4631988159629756e-11
36850.056 9.529002111143768e-12
36900.056 8.926714947544959e-12
36950.056 5.7622097218168337e-11
37000.056 3.81739287373888e-11
37050.056 5.460154700901796e-11
37100.056 3.9024443223237554e-12
37150.056 1.2798588524570109e-11
37200.056 1.0506549236001249e-10
37250.056 3.7913725351880493e-11
37300.056 8.446247779779497e-12
37350.056 1.4125827102898291e-11
37400.056 3.4452468703738974e-11
37450.056 1.675199988379928e-11
37500.056 1.4504678273926396e-11
37550.056 1.0687582415128954e-10
37600.056 2.4145089992917236e-10
37650.056 1.504582781417623e-11
37700.056 4.869619684745787e-11
37750.056 4.484506017369558e-11
37800.056 4.4989632409715164e-11
37850.056 3.17569341380992e-11
37900.056 1.9845938454971854e-11
37950.056 3.31384303028499e-11
38000.056 2.033672806377723e-11
38050.056 9.781713069950557e-11
38100.056 1.660045872369673e-10
38150.056 2.1818190660898962e-10
38200.056 1.0184124418622205e-10
38250.056 2.1861432825988314e-10
38300.056 5.723047876035137e-10
38350.056 1.7247750858883247e-10
38400.056 2.8940960813948066e-11
38450.056 4.226827233915564e-12
38500.056 1.4180927418411779e-11
38550.056 1.2496483816801583e-10
38600.056 2.3943703842997615e-10
38650.056 1.1799288518919784e-10
38700.056 4.6604036068706297e-11
38750.056 1.2830173283791559e-10
38800.056 1.1529590227770365e-10
38850.056 1.488749806050254e-10
38900.056 1.3849930356009217e-10
38950.056 8.279658571572877e-11
39000.056 2.711065671468683e-10
39050.056 3.1034539474291177e-11
39100.056 6.00840073541524e-11
39150.056 2.372397764610105e-10
39200.056 2.2700957264800167e-10
39250.056 1.7891118508844457e-10
39300.056 1.3440561204568754e-10
39350.056 5.254951505000058e-10
39400.056 1.7409485550487262e-10
39450.056 3.862412281533016e-10
39500.056 4.997308973199563e-10
39550.056 9.931441552930534e-11
39600.056 2.6414119356822546e-10
39650.056 8.333197479600118e-10
39700.056 7.157073234499857e-10
39750.056 1.1560773485672027e-10
39800.056 5.596797239367867e-11
39850.056 5.795295244300816e-10
39900.056 1.0219785080199858e-09
39950.056 2.5929161271201667e-10
40000.056 5.145480643800444e-10
40050.056 5.691385274531441e-10
40100.056 7.268083068792619e-11
40150.056 4.710134834500603e-10
40200.056 7.199939325399485e-10
40250.056 9.284622831799077e-10
40300.056 9.27415977070053e-10
40350.056 2.433604924535054e-10
40400.056 2.6671130867453995e-10
40450.056 1.1871427860731083e-10
40500.056 7.444748295600667e-10
40550.056 9.458850067799141e-10
40600.056 1.2880378110499757e-09
40650.056 5.430892297679399e-10
40700.056 8.547596148599786e-10
40750.056 6.232600610319384e-10
40800.056 3.0592339986198627e-10
40850.056 1.6922278258201475e-09
40900.056 1.8325787392998942e-09
40950.056 7.642422136609597e-10
41000.056 5.631992052529546e-10
41050.056 1.7766636542100909e-09
41100.056 1.4708464340898382e-09
41150.056 2.1197167700797945e-10
41200.056 1.6812271351482504e-09
41250.056 1.7173035923097384e-09
41300.056 1.8024533242602527e-09
41350.056 3.372091477100048e-09
41400.056 2.5514081563998896e-09
41450.056 2.6372207989999957e-09
41500.056 1.0625390107298207e-09
41550.056 9.293464556901411e-10
41600.056 1.1805110881998982e-09
41650.056 2.8697961593202875e-09
41700.056 4.374728722699899e-09
41750.056 3.338352478400085e-09
41800.056 3.6517399621999243e-09
41850.056 1.9987629318098346e-09
41900.056 1.387976805209735e-09
41950.056 9.98939940929875e-10
42000.056 1.6422999367572788e-10
42050.056 3.994225132200355e-10
42100.056 9.948215657099897e-10
42150.056 1.5101232952000167e-09
42200.056 2.097382710500001e-09
42250.056 1.602688781790095e-09
42300.056 1.3542902261999228e-09
42350.056 3.00133460845014e-09
42400.056 4.461063072800158e-09
42450.056 5.676044014400131e-09
42500.056 6.061347705799972e-09
42550.056 5.299463431399859e-09
42600.056 3.4926442397002532e-09
42650.056 4.357132765399617e-09
42700.056 1.8275486339799887e-09
42750.056 4.725639324300396e-09
42800.056 7.33129349390011e-09
42850.056 7.461780878999822e-09
42900.056 6.88224117000003e-09
42950.056 5.674919622000106e-09
43000.056 6.115769549499906e-09
43050.056 3.439258660599565e-09
43100.056 4.554161481100291e-09
43150.056 5.6130566165001325e-09
43200.056 7.394412718800114e-09
43250.056 8.25877627790003e-09
43300.056 7.4449896040997965e-09
43350.056 5.541321754499925e-09
43400.056 6.153189205499947e-09
43450.056 3.950949841199937e-09
43500.056 2.855409901710044e-09
43550.056 4.411522053000207e-09
43600.056 7.0628987492999696e-09
43650.056 4.719496327599816e-09
43700.056 6.788053535200649e-09
43750.056 8.326737212699866e-09
43800.056 6.712462190899841e-09
43850.056 5.673056018600147e-09
43900.056 4.179595401900028e-09
43950.056 3.755839577999986e-09
44000.056 4.366934376000035e-09
44050.056 7.441416078300429e-09
44100.056 9.133329480700019e-09
44150.056 8.376179198399911e-09
44200.056 8.063037857399927e-09
44250.056 5.7172054102998116e-09
44300.056 3.800213949199895e-09
44350.056 3.2411486344000595e-09
44400.056 3.908413886300032e-09
44450.056 6.352662988400356e-09
44500.056 6.111747447699937e-09
44550.056 7.204556422600072e-09
44600.056 5.954199601700002e-09
44650.056 6.72032665489991e-09
44700.056 5.596129378999727e-09
44750.056 6.4612027363001735e-09
44800.056 4.610713743899865e-09
44850.056 5.686035522500214e-09
44900.056 6.323104643800001e-09
44950.056 7.499851091400246e-09
45000.056 8.256849592699968e-09
45050.056 7.0986762457996635e-09
45100.056 6.567173283600249e-09
45150.056 6.001205450799863e-09
45200.056 4.0433463349999165e-09
45250.056 4.749880562099913e-09
45300.056 4.354389709599948e-09
45350.056 2.969205814800263e-09
45400.056 7.336775313700152e-09
45450.056 6.454265316000324e-09
45500.056 8.097912212700206e-09
45550.056 8.122516295899607e-09
45600.056 7.688964644600135e-09
45650.056 7.034724900499678e-09
45700.056 3.917112023099527e-09
45750.056 3.5846353094003504e-09
45800.056 6.882388762899986e-09
45850.056 5.558536367000263e-09
45900.056 8.389585249800061e-09
45950.056 8.691814472499831e-09
46000.056 8.025303345800024e-09
46050.056 6.563933991500255e-09
46100.056 8.000727633499798e-09
46150.056 5.901226848299931e-09
46200.056 3.849825616099538e-09
46250.056 1.4685559271400386e-09
46300.056 4.528884469500317e-09
46350.056 5.450185649100027e-09
46400.056 5.7800928993000804e-09
46450.056 3.932266491499825e-09
46500.056 5.596264125600074e-09
46550.056 3.4882522967996843e-09
46600.056 2.6095833215799364e-09
46650.056 4.629576393100157e-09
46700.056 3.5614226061996962e-09
46750.056 1.3048785624800469e-09
46800.056 7.569668262999446e-10
46850.056 3.1685864781005106e-09
46900.056 5.583853801800124e-09
46950.056 6.302516216700003e-09
47000.056 6.547343906800016e-09
47050.056 3.91911593729954e-09
47100.056 3.91554601750007e-09
47150.056 4.55372536690021e-09
47200.056 4.647780144599807e-09
47250.056 1.7845570839596196e-09
47300.056 1.3432423172503565e-09
47350.056 4.364109217600255e-09
47400.056 5.4640197713999746e-09
47450.056 3.476880183099962e-09
47500.056 5.402103852800356e-09
47550.056 5.780980675199942e-09
47600.056 3.403811938699776e-09
47650.056 4.014306552999827e-09
47700.056 3.500981009400247e-09
47750.056 3.0497198372999185e-09
47800.056 1.5383574093398177e-09
47850.056 4.990801458000773e-10
47900.056 1.0187386943400532e-09
47950.056 3.1447912458002707e-09
48000.056 3.823557292999748e-09
48050.056 3.1111372585000766e-09
48100.056 1.8989734853999292e-09
48150.056 3.1899605876000744e-09
48200.056 1.5556825539497857e-09
48250.056 2.678002671300128e-09
48300.056 3.0447762611999063e-09
48350.056 1.6601383576597743e-09
48400.056 3.445608302919253e-10
48450.056 5.580406931501222e-10
48500.056 1.180547896699894e-09
48550.056 1.5140028527403321e-09
48600.056 3.652511563000126e-09
48650.056 4.352202994999999e-09
48700.056 3.979192917000048e-09
48750.056 3.822459919599987e-09
48800.056 3.5962070151998997e-09
48850.056 1.6326797945398159e-09
48900.056 1.078790995539868e-09
48950.056 5.535628207999789e-10
49000.056 4.3955277450009345e-10
49050.056 1.3838602735299362e-09
49100.056 2.1817765559602743e-09
49150.056 2.3231958761999888e-09
49200.056 3.5264609724001405e-09
49250.056 3.5790757676999416e-09
49300.056 2.5488052368297744e-09
49350.056 1.1205492499001365e-09
49400.056 1.3266781359298e-09
49450.056 9.501468122801388e-10
49500.056 6.79410036069891e-10
49550.056 1.860766668539914e-10
49600.056 3.1597659464205145e-10
49650.056 1.1430755205101263e-09
49700.056 1.8170878750000318e-09
49750.056 1.1839330611499215e-09
49800.056 7.503215260000336e-10
49850.056 1.9665541439001473e-09
49900.056 2.4675231222999997e-09
49950.056 2.1821342888999268e-09
50000.056 1.001257957269822e-09
50050.056 9.039649686601306e-10
50100.056 8.991284719199439e-10
50150.056 3.427122601299471e-10
50200.056 1.0723187060801361e-10
50250.056 3.2261335153000374e-10
50300.056 2.8368329106504004e-10
50350.056 1.0168113546900906e-09
50400.056 1.6181793879000468e-09
50450.056 1.862439510500012e-09
50500.056 2.13724183850005e-09
50550.056 2.2897922703999515e-09
50600.056 1.4366517634799341e-09
50650.056 2.0172013145000125e-09
50700.056 1.6024654444999129e-09
50750.056 9.037652175299328e-10
50800.056 2.725302752369407e-10
50850.056 1.6751940629403863e-10
50900.056 6.956005321000756e-10
50950.056 9.217012861799393e-10
51000.056 6.500001334601075e-10
51050.056 1.2816780535299365e-09
51100.056 7.193921103999584e-10
51150.056 3.9872728481006463e-10
51200.056 1.2066827827100664e-09
51250.056 1.1862186813799569e-09
51300.056 8.045090429899614e-10
51350.056 4.149291350199276e-10
51400.056 1.762854495480187e-10
51450.056 1.5446903571197305e-10
51500.056 1.671261344100327e-10
51550.056 4.84969864110046e-10
51600.056 7.743111671900355e-10
51650.056 1.0465593618500213e-09
51700.056 7.934743496398724e-10
51750.056 7.130076904101034e-10
51800.056 1.109638597399997e-09
51850.056 9.190579557999608e-10
51900.056 6.702861846599662e-10
51950.056 3.5073823054994906e-10
52000.056 1.0692068273799045e-10
52050.056 2.2760099733000535e-10
52100.056 1.4822888348598218e-10
52150.056 1.0423149614801987e-10
52200.056 2.9298449851002323e-10
52250.056 4.5897203988001927e-10
52300.056 4.388109258799743e-10
52350.056 1.6541854105599497e-10
52400.056 1.988519930940079e-10
52450.056 5.093724409200434e-10
52500.056 3.9498425539998716e-10
52550.056 7.152423786499865e-10
52600.056 7.781366626800476e-10
52650.056 8.556366443599742e-10
52700.056 5.217367315199533e-10
52750.056 1.8007772781597288e-10
52800.056 3.1794987102003567e-10
52850.056 3.556874773399745e-10
52900.056 1.4041937500697078e-10
52950.056 2.1021987491502892e-10
53000.056 4.2483724430000935e-10
53050.056 2.568787674399957e-10
53100.056 5.93503387440047e-10
53150.056 5.357271066899709e-10
53200.056 3.5630615755998665e-10
53250.056 4.85108682689998e-10
53300.056 4.740094189300159e-10
53350.056 4.2741594766998634e-10
53400.056 3.0778936384998066e-10
53450.056 1.5323456138798138e-10
53500.056 6.722760396999443e-11
53550.056 9.982822063200291e-11
