galfind/configs/Brown_Dwarf_templates/sonora_bobcat/m0.0/1000g/sp_t1600g1000nc_m0.0_resample.dat
# %ECSV 1.0
# ---
# datatype:
# - {name: wav, unit: Angstrom, datatype: float64}
# - {name: flux_nu, unit: erg / (cm2 Hz s), datatype: float64}
# meta: {C/O: '1.00', Kzz: '1.0000E+05', Teff: '1600.', Y: '0.28', '[Fe/H]': '0.00', f_hole: '1.00', f_rain: '0.00', grav: '1000.'}
# schema: astropy-2.0
wav flux_nu
4000.0559999999996 nan
4050.0559999999996 1.9044154024655437e-10
4100.056 7.922154868269274e-10
4150.056 9.264782962190796e-10
4200.056 7.659637092727194e-10
4250.056 8.2322052636104e-10
4300.056 7.460601741881632e-10
4350.056 7.982543683800401e-10
4400.056 9.61670280010137e-10
4450.056 8.229589317700293e-10
4500.056 8.143310368400503e-10
4550.056 1.0073173453858542e-09
4600.056 1.0126997749299872e-09
4650.056 9.57474367759904e-10
4700.056 1.139735859820039e-09
4750.056 1.1095041114399647e-09
4800.056 6.472861820600446e-10
4850.056 5.95680391650006e-10
4900.056 5.934823556299925e-10
4950.056 4.0445102650000017e-10
5000.056 1.669083482599897e-10
5050.056 7.4850682438001e-11
5100.056 6.12538754430014e-11
5150.056 5.2565006939002925e-11
5200.056 4.907128517399839e-11
5250.056 4.396465257100019e-11
5300.056 3.678408142699997e-11
5350.056 3.0735551994999997e-11
5400.056 2.5734517244999942e-11
5450.056 2.136888079899995e-11
5500.056 1.746931397099995e-11
5550.056 1.4148455196999953e-11
5600.056 1.1163892695699968e-11
5650.056 8.438705629799966e-12
5700.056 5.982544889899971e-12
5750.056 3.8443958619999755e-12
5800.056 2.1179712015999785e-12
5850.056 8.554058178199839e-13
5900.056 1.5862859529366988e-13
5950.056 1.9705272307300414e-12
6000.056 6.943139491800103e-12
6050.056 1.8312893395000216e-11
6100.056 3.977960759600042e-11
6150.056 7.749643939500069e-11
6200.056 1.3871354623000098e-10
6250.056 2.338641758100018e-10
6300.056 3.794035261800026e-10
6350.056 5.938715412200039e-10
6400.056 8.983167530700052e-10
6450.056 1.3226964609000043e-09
6500.056 1.885644296700005e-09
6550.056 2.658159705600004e-09
6600.056 3.6635993190000287e-09
6650.056 4.72782143230009e-09
6700.056 3.334492376140508e-09
6750.056 7.051652266900063e-09
6800.056 9.202511006700194e-09
6850.056 1.0355300151300066e-08
6900.056 9.908814426499867e-09
6950.056 9.397155119699898e-09
7000.056 9.54658756279993e-09
7050.056 1.010417897210005e-08
7100.056 1.0358394218299992e-08
7150.056 1.0765210475500005e-08
7200.056 1.1815927078900012e-08
7250.056 1.1990061852000056e-08
7300.056 1.1266952428300073e-08
7350.056 9.758951578799982e-09
7400.056 8.120614666499997e-09
7450.056 6.668906351899951e-09
7500.056 5.288743929199963e-09
7550.056 3.953639425099976e-09
7600.056 2.4907598181999655e-09
7650.056 3.721444019039081e-10
7700.056 1.454101192505713e-10
7750.056 1.6593706392200448e-09
7800.056 3.731051436750874e-09
7850.056 8.071624057800083e-09
7900.056 1.2330656376000135e-08
7950.056 1.4001200624726182e-08
8000.056 2.370573427100013e-08
8050.056 3.271547034699969e-08
8100.056 4.3851168768000076e-08
8150.056 5.7089784201000264e-08
8200.056 6.153388817200057e-08
8250.056 8.45356096250009e-08
8300.056 9.828710553500301e-08
8350.056 1.1501677873200064e-07
8400.056 1.3139304608799905e-07
8450.056 1.3425949066999844e-07
8500.056 1.3287984329561526e-07
8550.056 1.5987364066400595e-07
8600.056 1.7404196092799517e-07
8650.056 1.6606423760498797e-07
8700.056 1.6755185399798133e-07
8750.056 1.8688525667500876e-07
8800.056 2.3079573491700892e-07
8850.056 2.526547666839865e-07
8900.056 2.5725555883200266e-07
8950.056 2.535912724052288e-07
9000.056 3.325122252400015e-07
9050.056 3.3683351089000833e-07
9100.056 3.9378691078999893e-07
9150.056 4.415043124600056e-07
9200.056 4.714669485099902e-07
9250.056 4.409160771579869e-07
9300.056 3.593431583279841e-07
9350.056 4.1281850082642387e-07
9400.056 4.788840843709841e-07
9450.056 5.293868573440081e-07
9500.056 5.795252625859651e-07
9550.056 6.223415429972568e-07
9600.056 6.374231884760385e-07
9650.056 6.983175338370122e-07
9700.056 7.816377664779478e-07
9750.056 7.28298179159983e-07
9800.056 7.812567356409501e-07
9850.056 7.942889645400019e-07
9900.056 5.869850887899654e-07
9950.056 4.5686174068e-07
10000.056 4.2392764526998576e-07
10050.056 4.939636822499961e-07
10100.056 5.854215583900193e-07
10150.056 5.898989242799608e-07
10200.056 6.44709101509988e-07
10250.056 6.775887274699814e-07
10300.056 6.611202482199974e-07
10350.056 7.602823746100316e-07
10400.056 8.508622926599761e-07
10450.056 8.764088429100332e-07
10500.056 8.659525510499775e-07
10550.056 9.04468214810032e-07
10600.056 9.711376825000093e-07
10650.056 1.0161205986700501e-06
10700.056 1.0695834392800355e-06
10750.056 1.1722932336300385e-06
10800.056 1.2715613460499834e-06
10850.056 1.4188132304899501e-06
10900.056 1.4274406764299735e-06
10950.056 1.358831736429951e-06
11000.056 1.2816053556899632e-06
11050.056 1.0997961498499653e-06
11100.056 1.091280968784702e-06
11150.056 1.1099952201247347e-06
11200.056 1.140010732816481e-06
11250.056 1.383858559403927e-06
11300.056 1.3273594030009548e-06
11350.056 1.0744395508726897e-06
11400.056 9.49845756030046e-07
11450.056 1.3018105433624524e-06
11500.056 1.6207900390513276e-06
11550.056 1.4641146493200251e-06
11600.056 1.554989121037744e-06
11650.056 1.4864865057503979e-06
11700.056 1.009312214995042e-06
11750.056 1.0633671202169129e-06
11800.056 1.1344406934750637e-06
11850.056 1.6883113349420612e-06
11900.056 1.924352353137798e-06
11950.056 1.7718868259400152e-06
12000.056 1.5601096157400274e-06
12050.056 1.905690532260062e-06
12100.056 1.8966276272099178e-06
12150.056 2.2253385812799166e-06
12200.056 2.186182487299787e-06
12250.056 2.4134191759999256e-06
12300.056 2.524500781300114e-06
12350.056 2.444630852599986e-06
12400.056 2.1319961573999563e-06
12450.056 1.8490249307500235e-06
12500.056 1.942377910739911e-06
12550.056 2.01393469813012e-06
12600.056 2.559135345100017e-06
12650.056 2.6075520112999415e-06
12700.056 2.8910175052001825e-06
12750.056 2.8281285618999312e-06
12800.056 2.979655172800075e-06
12850.056 2.831456952469944e-06
12900.056 2.637332648199964e-06
12950.056 2.713424756299955e-06
13000.056 2.8415881715998454e-06
13050.056 2.972073958299932e-06
13100.056 3.0028363447499354e-06
13150.056 2.956829964103903e-06
13200.056 2.803582736690005e-06
13250.056 2.4806026910620233e-06
13300.056 1.9523181047137264e-06
13350.056 9.154351192667239e-07
13400.056 6.966466821745659e-07
13450.056 5.57835529194643e-07
13500.056 4.81451808989604e-07
13550.056 4.2408267119094677e-07
13600.056 4.01528176037567e-07
13650.056 5.673964871139026e-07
13700.056 4.856381447086423e-07
13750.056 5.31614993581278e-07
13800.056 6.52145764560982e-07
13850.056 5.860453614724309e-07
13900.056 5.745528111047462e-07
13950.056 5.32334095738648e-07
14000.056 4.925181949892488e-07
14050.056 5.289152747580173e-07
14100.056 4.292772009140946e-07
14150.056 5.015105633838398e-07
14200.056 4.3154684981668405e-07
14250.056 4.1690678831957133e-07
14300.056 4.866376001333261e-07
14350.056 4.934721966681452e-07
14400.056 5.198364746478167e-07
14450.056 5.489867352937449e-07
14500.056 6.832702825800488e-07
14550.056 7.003421509899597e-07
14600.056 8.159256827842143e-07
14650.056 8.052656891107206e-07
14700.056 7.205257687809913e-07
14750.056 8.050088294112179e-07
14800.056 8.855770228912104e-07
14850.056 9.708040851178648e-07
14900.056 9.434851260069552e-07
14950.056 9.843169101791377e-07
15000.056 1.0406857346140878e-06
15050.056 1.2018514838808261e-06
15100.056 1.2196005288340398e-06
15150.056 1.3195406025470936e-06
15200.056 1.361961655845888e-06
15250.056 1.4585986497599927e-06
15300.056 1.5522869947199365e-06
15350.056 1.6778267699499532e-06
15400.056 1.7808670677000279e-06
15450.056 1.8903317663900817e-06
15500.056 1.9594455517099915e-06
15550.056 2.1057911473198485e-06
15600.056 2.1088085789600996e-06
15650.056 2.2231625258901025e-06
15700.056 2.419192555140291e-06
15750.056 2.5356015161898983e-06
15800.056 2.521887140000162e-06
15850.056 2.3435669958000287e-06
15900.056 2.4152462191000713e-06
15950.056 2.4450923490998823e-06
16000.056 2.4803486435999943e-06
16050.056 2.494626960500046e-06
16100.056 2.54086082910001e-06
16150.056 2.395089281000034e-06
16200.056 2.4498175032998373e-06
16250.056 2.3864830118999312e-06
16300.056 2.3806525913999952e-06
16350.056 2.4989789396400038e-06
16400.056 2.5104977169600764e-06
16450.056 2.584745184800076e-06
16500.056 2.659097715100142e-06
16550.056 2.7280883424000113e-06
16600.056 2.5909153805801603e-06
16650.056 2.6569489324799847e-06
16700.056 2.4788186608699166e-06
16750.056 2.5183505782599476e-06
16800.056 2.6766755317199217e-06
16850.056 2.672811786609907e-06
16900.056 2.5935847538599795e-06
16950.056 2.53149418650999e-06
17000.056 2.5154882339002223e-06
17050.056 2.5516441272000043e-06
17100.056 2.4221291203601633e-06
17150.056 2.3029274259499892e-06
17200.056 2.1668956330698587e-06
17250.056 1.994752819279889e-06
17300.056 1.934262460849926e-06
17350.056 1.8313019827100924e-06
17400.056 1.780622733399976e-06
17450.056 1.6012548063795262e-06
17500.056 1.5751728659549203e-06
17550.056 1.4697570709682233e-06
17600.056 1.4115394509369806e-06
17650.056 1.4079341660370585e-06
17700.056 1.148885104665912e-06
17750.056 1.0661083439829768e-06
17800.056 1.1180909039012105e-06
17850.056 9.09115416956029e-07
17900.056 9.941381870270446e-07
17950.056 9.080197545775773e-07
18000.056 8.581541963149935e-07
18050.056 8.290250212828758e-07
18100.056 8.072378470662262e-07
18150.056 9.374107812934963e-07
18200.056 6.979413149790662e-07
18250.056 9.742398012573875e-07
18300.056 8.508113896024081e-07
18350.056 7.993441902128761e-07
18400.056 7.785086879402267e-07
18450.056 7.053364698198409e-07
18500.056 7.532198475580917e-07
18550.056 6.712477232792409e-07
18600.056 5.649671462458225e-07
18650.056 6.248146181878889e-07
18700.056 6.942728204614125e-07
18750.056 7.015629290743451e-07
18800.056 8.007496125781815e-07
18850.056 9.268522758629781e-07
18900.056 8.76680351098634e-07
18950.056 1.0178517146430003e-06
19000.056 9.911833489849059e-07
19050.056 9.141674087789397e-07
19100.056 1.0707904383340673e-06
19150.056 1.0149111050802703e-06
19200.056 1.05185250668041e-06
19250.056 9.505618104529843e-07
19300.056 9.945063748170355e-07
19350.056 9.211398869413254e-07
19400.056 7.24767666876909e-07
19450.056 9.477585708889638e-07
19500.056 9.568275057039543e-07
19550.056 7.636182892791504e-07
19600.056 8.830620526529765e-07
19650.056 9.294399847135598e-07
19700.056 9.23722996152074e-07
19750.056 8.63567203341069e-07
19800.056 9.378678119108981e-07
19850.056 1.0234032094170722e-06
19900.056 8.554979555951096e-07
19950.056 1.0713019422709598e-06
20000.056 9.554096549490876e-07
20050.056 1.0798714879811166e-06
20100.056 1.0674145123635777e-06
20150.056 1.1397523111621337e-06
20200.056 1.1958861636579269e-06
20250.056 1.2546283699498495e-06
20300.056 1.2564609343331174e-06
20350.056 1.3613012527298801e-06
20400.056 1.3619098320995936e-06
20450.056 1.4318073109397467e-06
20500.056 1.4971576746899029e-06
20550.056 1.505700442400031e-06
20600.056 1.645529960240108e-06
20650.056 1.6140732481500958e-06
20700.056 1.6941032144301414e-06
20750.056 1.715857669339923e-06
20800.056 1.8022351382399512e-06
20850.056 1.7674254198399655e-06
20900.056 1.878221217539848e-06
20950.056 1.8841519835799672e-06
21000.056 1.9333906604000185e-06
21050.056 1.9554244204599893e-06
21100.056 1.9530796363899924e-06
21150.056 2.028029081499917e-06
21200.056 2.0017458102600457e-06
21250.056 2.069583606599897e-06
21300.056 1.9914597886e-06
21350.056 2.0811602694000184e-06
21400.056 2.010040389800148e-06
21450.056 2.1052189117999933e-06
21500.056 2.0205423990000776e-06
21550.056 2.0291928827999847e-06
21600.056 2.0277618039001118e-06
21650.056 1.984751838300012e-06
21700.056 2.0228695435000183e-06
21750.056 1.933041694040005e-06
21800.056 1.9001782292398324e-06
21850.056 1.8526297750499931e-06
21900.056 1.827267759030047e-06
21950.056 1.688187712410063e-06
22000.056 1.5480596510600512e-06
22050.056 1.4093156839098413e-06
22100.056 1.4742858733701254e-06
22150.056 1.5313799093100227e-06
22200.056 1.4998299059700606e-06
22250.056 1.5534784229501955e-06
22300.056 1.4939654346599634e-06
22350.056 1.4350545989501572e-06
22400.056 1.404291614369956e-06
22450.056 1.330010247169976e-06
22500.056 1.3559845105801332e-06
22550.056 1.2936245813798415e-06
22600.056 1.3137965107201024e-06
22650.056 1.2584352447001706e-06
22700.056 1.2166273760101105e-06
22750.056 1.2527510834500604e-06
22800.056 1.1828031378399348e-06
22850.056 1.1498686602000883e-06
22900.056 1.1419831321699119e-06
22950.056 8.733250059300143e-07
23000.056 9.327456236300534e-07
23050.056 1.0378744261498757e-06
23100.056 1.062678958551988e-06
23150.056 1.0974528702460567e-06
23200.056 9.000131402330447e-07
23250.056 8.280362405069634e-07
23300.056 7.852224863751235e-07
23350.056 7.932033484039914e-07
23400.056 7.922459135400922e-07
23450.056 8.232548422301085e-07
23500.056 8.729877426600553e-07
23550.056 8.834385978701244e-07
23600.056 8.934433511780159e-07
23650.056 9.733773608958948e-07
23700.056 8.382303880220486e-07
23750.056 8.417717041601092e-07
23800.056 8.020315251359766e-07
23850.056 7.72620616754066e-07
23900.056 8.997959501920862e-07
23950.056 9.599319113701493e-07
24000.056 9.61910811779727e-07
24050.056 9.820419343181163e-07
24100.056 9.036742225499054e-07
24150.056 9.209795015202755e-07
24200.056 9.32931629074786e-07
24250.056 9.000717264500662e-07
24300.056 9.157404538900611e-07
24350.056 8.115462265139986e-07
24400.056 9.32929290480082e-07
24450.056 8.22585751638855e-07
24500.056 8.099064753069709e-07
24550.056 7.970694468041586e-07
24600.056 8.285535078440768e-07
24650.056 9.096362934620737e-07
24700.056 7.300104203859291e-07
24750.056 7.104723368841102e-07
24800.056 7.153833742520714e-07
24850.056 8.548993664510594e-07
24900.056 6.064669261822557e-07
24950.056 8.113173180180079e-07
25000.056 7.363089509601268e-07
25050.056 5.672016513371218e-07
25100.056 7.015558996669636e-07
25150.056 5.936047355619423e-07
25200.056 6.496083319990482e-07
25250.056 5.722959636319068e-07
25300.056 6.635900321790404e-07
25350.056 5.323966887219962e-07
25400.056 6.472849593141441e-07
25450.056 5.317131099079688e-07
25500.056 5.705890186161234e-07
25550.056 5.525097099360072e-07
25600.056 5.742775468249448e-07
25650.056 4.859979238239841e-07
25700.056 6.818719841927804e-07
25750.056 4.56825518695108e-07
25800.056 6.667912340741021e-07
25850.056 5.286758471459394e-07
25900.056 6.358620847860739e-07
25950.056 5.001043980000404e-07
26000.056 6.772207392282344e-07
26050.056 6.406317483829893e-07
26100.056 7.157348079980255e-07
26150.056 6.70957958492931e-07
26200.056 6.576505288100057e-07
26250.056 7.333950646649509e-07
26300.056 6.751235568990419e-07
26350.056 7.852873162509717e-07
26400.056 7.883246411109028e-07
26450.056 7.687630740530534e-07
26500.056 8.196160566508021e-07
26550.056 7.157473017498749e-07
26600.056 8.938428161268942e-07
26650.056 6.345574010208928e-07
26700.056 6.43043140164027e-07
26750.056 5.151210501377771e-07
26800.056 6.244705299959034e-07
26850.056 4.6713001315502537e-07
26900.056 6.639246079420013e-07
26950.056 4.490782051609299e-07
27000.056 6.526468347700958e-07
27050.056 5.533264901639841e-07
27100.056 5.472584193258838e-07
27150.056 6.219192627350286e-07
27200.056 5.861415430360692e-07
27250.056 5.660835965991668e-07
27300.056 7.467388100120781e-07
27350.056 6.712684241148343e-07
27400.056 4.998276758159411e-07
27450.056 7.884376786648313e-07
27500.056 7.259728181359642e-07
27550.056 5.98281836249907e-07
27600.056 7.875584233769528e-07
27650.056 5.676059964179793e-07
27700.056 5.293058139460169e-07
27750.056 7.899306966458335e-07
27800.056 5.417539065289771e-07
27850.056 5.94245527863831e-07
27900.056 6.264849576880211e-07
27950.056 7.785826736279818e-07
28000.056 6.909098103401122e-07
28050.056 4.84949971796112e-07
28100.056 8.185123339611699e-07
28150.056 6.148996216000518e-07
28200.056 4.963720086730044e-07
28250.056 7.318253510659847e-07
28300.056 8.496744118761263e-07
28350.056 5.536958722528809e-07
28400.056 6.670698233919989e-07
28450.056 7.436673120698857e-07
28500.056 6.9569513832587e-07
28550.056 4.577463259478845e-07
28600.056 8.281735452009716e-07
28650.056 7.362519108879903e-07
28700.056 6.574060059279257e-07
28750.056 7.718096889860033e-07
28800.056 7.309214962211545e-07
28850.056 7.797496671820571e-07
28900.056 5.620830530449882e-07
