galfind/configs/Brown_Dwarf_templates/sonora_bobcat/m0.0/1000g/sp_t850g1000nc_m0.0_resample.dat
# %ECSV 1.0
# ---
# datatype:
# - {name: wav, unit: Angstrom, datatype: float64}
# - {name: flux_nu, unit: erg / (cm2 Hz s), datatype: float64}
# meta: {C/O: '1.00', Kzz: '1.0000E+05', Teff: '850.', Y: '0.28', '[Fe/H]': '0.00', f_hole: '1.00', f_rain: '0.00', grav: '1000.'}
# schema: astropy-2.0
wav flux_nu
[from data line 497]
28850.056 3.262349295589232e-08
28900.056 1.7647314325244525e-08
28950.056 3.5230700324220075e-08
29000.056 2.9699083792071468e-08
29050.056 3.500518242836864e-08
29100.056 2.3973207775391343e-08
29150.056 4.404594419859035e-08
29200.056 3.09964780798741e-08
29250.056 4.414365075231733e-08
29300.056 2.390116075700521e-08
29350.056 7.041118628514866e-08
29400.056 3.4001666596597275e-08
29450.056 3.7022263094441824e-08
29500.056 4.654419248167109e-08
29550.056 3.7364537570150455e-08
29600.056 4.49779242748907e-08
29650.056 5.2397352784800056e-08
29700.056 3.580385066745677e-08
29750.056 5.2956567026001304e-08
29800.056 5.270164425957679e-08
29850.056 5.872062604480213e-08
29900.056 5.6031306985918947e-08
29950.056 5.245124530375831e-08
30000.056 1.2375808139177614e-08
30050.056 2.123394580961807e-08
30100.056 2.8080173482394177e-08
30150.056 5.3301472007597105e-08
30200.056 4.5342740478522285e-08
30250.056 7.552782182880653e-08
30300.056 6.734352869370249e-08
30350.056 5.265297547159883e-08
30400.056 7.611286052538489e-08
30450.056 5.088042474359563e-08
30500.056 4.879045763196068e-08
30550.056 4.8514177405157154e-08
30600.056 7.042694213700431e-08
30650.056 5.011344690819922e-08
30700.056 4.488473484887027e-08
30750.056 5.361400851405199e-08
30800.056 4.632584428680974e-08
30850.056 4.3649646455588116e-08
30900.056 3.4829969514111136e-08
30950.056 3.363116390694673e-08
31000.056 3.3088063018505203e-08
31050.056 3.583124682839855e-08
31100.056 2.4274250906749984e-08
31150.056 3.355357422162813e-08
31200.056 4.108198318600831e-08
31250.056 2.7371411786417975e-08
31300.056 2.4497499663165406e-08
31350.056 2.7539417238183454e-08
31400.056 2.094470379590165e-08
31450.056 2.463590386589444e-08
31500.056 1.5942630024667284e-08
31550.056 1.983137114154088e-08
31600.056 1.5315168426492487e-08
31650.056 1.3684329445443881e-08
31700.056 1.5204112830300286e-08
31750.056 1.0522078995735949e-08
31800.056 1.6206203473298772e-08
31850.056 9.30055128019348e-09
31900.056 1.3564134406981177e-08
31950.056 8.295709481055619e-09
32000.056 1.128640924087352e-08
32050.056 1.1615752334952088e-08
32100.056 1.0430463359347097e-08
32150.056 1.2982653754739304e-08
32200.056 9.33829460969192e-09
32250.056 1.5494456623174583e-08
32300.056 8.553661659568717e-09
32350.056 1.6356384227140346e-08
32400.056 8.812182094938439e-09
32450.056 1.4779247407006472e-08
32500.056 1.1934633547459218e-08
32550.056 1.3523838765858677e-08
32600.056 1.4957611527866978e-08
32650.056 2.0465068512184157e-08
32700.056 1.7731478468604714e-08
32750.056 2.4506320838803917e-08
32800.056 2.3856309293065123e-08
32850.056 2.815208216319842e-08
32900.056 2.960171372364331e-08
32950.056 3.091955271006911e-08
33000.056 2.4491941394224608e-08
33050.056 2.4909337708106213e-08
33100.056 1.1712356600665853e-08
33150.056 1.1409999698861462e-09
33200.056 1.6766059593288485e-09
33250.056 1.2987134614196308e-09
33300.056 2.1788049262206045e-09
33350.056 4.4260085907301604e-09
33400.056 7.376858025298155e-09
33450.056 9.795581754495246e-09
33500.056 1.7743567798807326e-08
33550.056 1.2854836844095386e-08
33600.056 2.122978086251794e-08
33650.056 2.208677983900161e-08
33700.056 1.5884186789088193e-08
33750.056 2.7219470980853192e-08
33800.056 1.431799018759283e-08
33850.056 2.137071074728681e-08
33900.056 1.7517112622249445e-08
33950.056 1.8320832239455597e-08
34000.056 2.460832122453629e-08
34050.056 1.1608356312722736e-08
34100.056 2.3188470270963725e-08
34150.056 1.507509144545565e-08
34200.056 2.0562203823161174e-08
34250.056 1.9284605763693157e-08
34300.056 1.5348613740713586e-08
34350.056 1.8696318744801754e-08
34400.056 1.2990467296295415e-08
34450.056 2.1816646522592894e-08
34500.056 1.8222761439401432e-08
34550.056 1.1910954314560202e-08
34600.056 2.645811129650022e-08
34650.056 1.3759783885640323e-08
34700.056 2.1777203314900574e-08
34750.056 1.9873307453892776e-08
34800.056 1.567558551819779e-08
34850.056 2.5260738714902467e-08
34900.056 1.976373619481004e-08
34950.056 2.4052009401395277e-08
35000.056 3.731746180640374e-08
35050.056 2.0790750768104525e-08
35100.056 3.315817734950179e-08
35150.056 3.2428652500335626e-08
35200.056 3.020621176161947e-08
35250.056 4.348731976822602e-08
35300.056 2.6984961082264198e-08
35350.056 3.20632083121133e-08
35400.056 3.568063511999623e-08
35450.056 2.4203215604661822e-08
35500.056 5.042673857769335e-08
35550.056 4.113340683399844e-08
35600.056 4.03907164280169e-08
35650.056 4.5923292222916844e-08
35700.056 3.8364167111463324e-08
35750.056 5.347995968439757e-08
35800.056 6.188334671340251e-08
35850.056 3.7876309655409124e-08
35900.056 5.4709827131009004e-08
35950.056 5.537916075399184e-08
36000.056 5.395411291200747e-08
36050.056 5.271884339858771e-08
36100.056 4.971415161633614e-08
36150.056 6.202378445048996e-08
36200.056 6.963072039278727e-08
36250.056 5.82962644687492e-08
36300.056 7.96750115770067e-08
36350.056 7.17820448082052e-08
36400.056 7.763526182699003e-08
36450.056 8.044565674077968e-08
36500.056 8.472101995620058e-08
36550.056 9.946763763252485e-08
36600.056 1.1206450716898869e-07
36650.056 9.706750033400679e-08
36700.056 1.0140219153902436e-07
36750.056 1.1826147456902476e-07
36800.056 1.199954195889965e-07
36850.056 1.0511787594918066e-07
36900.056 1.1761327834719434e-07
36950.056 1.3208142107497967e-07
37000.056 1.1808516809799081e-07
37050.056 1.3269413457300621e-07
37100.056 1.238840708967976e-07
37150.056 1.226860253848095e-07
37200.056 1.5034569201899115e-07
37250.056 1.269420201669731e-07
37300.056 1.1522029234616109e-07
37350.056 1.3926401765201624e-07
37400.056 1.7996752753199595e-07
37450.056 1.3000016013879725e-07
37500.056 1.359689711479914e-07
37550.056 1.8088173871406327e-07
37600.056 2.056479786900188e-07
37650.056 1.3315601302001893e-07
37700.056 1.877964068720164e-07
37750.056 1.4732254436901582e-07
37800.056 1.648114895660522e-07
37850.056 1.2365361838600326e-07
37900.056 1.4032192226703191e-07
37950.056 1.6981576548268237e-07
38000.056 1.8538857055899195e-07
38050.056 1.8908401175403602e-07
38100.056 2.0760971019801486e-07
38150.056 2.176939275819942e-07
38200.056 2.1588948589801832e-07
38250.056 2.0413089144701427e-07
38300.056 2.6278185571795654e-07
38350.056 2.6375191016603625e-07
38400.056 1.8672538670994556e-07
38450.056 1.8309370656594745e-07
38500.056 1.4705323060603246e-07
38550.056 2.1685216239004045e-07
38600.056 2.0965637267597243e-07
38650.056 2.2559967078797866e-07
38700.056 2.409273646799998e-07
38750.056 2.3726645299000062e-07
38800.056 2.1676731665495942e-07
38850.056 2.3694935668901938e-07
38900.056 2.730652317739766e-07
38950.056 2.257096141199942e-07
39000.056 2.5523610732297696e-07
39050.056 2.446780580020334e-07
39100.056 2.4834055868799957e-07
39150.056 2.767570518279945e-07
39200.056 2.506150104539863e-07
39250.056 2.9151052504599356e-07
39300.056 2.6499767714396426e-07
39350.056 3.1577156834801566e-07
39400.056 2.74797801350036e-07
39450.056 2.956356657509965e-07
39500.056 3.045257898860127e-07
39550.056 2.7124329277706555e-07
39600.056 3.096649676599658e-07
39650.056 3.479603156599864e-07
39700.056 3.2309706652002754e-07
39750.056 2.6171159432906064e-07
39800.056 2.904761376299844e-07
39850.056 3.716145511000073e-07
39900.056 3.676327941700029e-07
39950.056 3.2748006062997617e-07
40000.056 3.81617240290016e-07
40050.056 3.5855102187000733e-07
40100.056 2.8496897750441885e-07
40150.056 3.705860233440138e-07
40200.056 3.819019642699408e-07
40250.056 3.7949038903992813e-07
40300.056 3.810527143200352e-07
40350.056 3.4353559258996524e-07
40400.056 4.0546051696201243e-07
40450.056 3.399304505410006e-07
40500.056 4.0459289115999696e-07
40550.056 4.255575395059508e-07
40600.056 3.957452263600213e-07
40650.056 3.733900526849422e-07
40700.056 4.90053377119982e-07
40750.056 3.901264251999376e-07
40800.056 3.313221707798961e-07
40850.056 4.768967125700529e-07
40900.056 4.606015176759937e-07
40950.056 4.03029464318013e-07
41000.056 4.1129609262998726e-07
41050.056 4.857823691599537e-07
41100.056 4.305592510899681e-07
41150.056 3.2789998772997746e-07
41200.056 4.712503477400072e-07
41250.056 4.290633580379769e-07
41300.056 3.937555467199642e-07
41350.056 4.912850524700115e-07
41400.056 4.391115378300356e-07
41450.056 4.778263773499978e-07
41500.056 3.8745759049596436e-07
41550.056 3.703181843980667e-07
41600.056 4.2479488334804077e-07
41650.056 4.559466482500226e-07
41700.056 4.2126602161994064e-07
41750.056 4.189105752299759e-07
41800.056 4.972617073800205e-07
41850.056 3.431915277099864e-07
41900.056 4.036482918069282e-07
41950.056 4.468486426100387e-07
42000.056 4.2313706368993703e-07
42050.056 3.612692602100081e-07
42100.056 5.005796164599892e-07
42150.056 3.6143085141901576e-07
42200.056 3.584802342059841e-07
42250.056 3.9364661355498766e-07
42300.056 3.6548948317399073e-07
42350.056 4.309472511700485e-07
42400.056 4.3488209559003597e-07
42450.056 3.6242887345004463e-07
42500.056 3.717739467399927e-07
42550.056 3.4549825184998917e-07
42600.056 3.910051818030677e-07
42650.056 4.921758696699192e-07
42700.056 3.81528472885929e-07
42750.056 3.42897387860039e-07
42800.056 4.041365342140283e-07
42850.056 4.4880987939991e-07
42900.056 4.766951342040547e-07
42950.056 3.659750757699315e-07
43000.056 4.2601547818400796e-07
43050.056 2.7641169936508644e-07
43100.056 3.8704581156996795e-07
43150.056 3.435087219180257e-07
43200.056 3.916222698200099e-07
43250.056 5.147381612400328e-07
43300.056 4.935360205600159e-07
43350.056 3.017525794259276e-07
43400.056 3.978912377200083e-07
43450.056 3.281727600590513e-07
43500.056 3.5847775128001333e-07
43550.056 3.586573291040167e-07
43600.056 4.5408950167403886e-07
43650.056 3.100210266060054e-07
43700.056 4.872739463500423e-07
43750.056 4.316414661700242e-07
43800.056 4.031665993569561e-07
43850.056 3.6416603681005835e-07
43900.056 3.8212585682997063e-07
43950.056 2.8214364977996547e-07
44000.056 2.536284969910067e-07
44050.056 4.276871574200122e-07
44100.056 5.219190767600245e-07
44150.056 5.189885690999743e-07
44200.056 4.4738827559000676e-07
44250.056 3.1849302422099995e-07
44300.056 2.722995506870445e-07
44350.056 3.150125322640518e-07
44400.056 2.998418365509846e-07
44450.056 3.999182130900021e-07
44500.056 3.780990035480688e-07
44550.056 4.7517360541996877e-07
44600.056 4.246661926040219e-07
44650.056 4.135643594590114e-07
44700.056 3.1110369206797797e-07
44750.056 3.825985998410581e-07
44800.056 3.4595393364003437e-07
44850.056 4.413579569500438e-07
44900.056 3.4471114723801515e-07
44950.056 3.752534859040202e-07
45000.056 4.075152149100076e-07
45050.056 3.9889040743998003e-07
45100.056 4.0074022609601574e-07
45150.056 3.9148516667797884e-07
45200.056 3.1075651483302156e-07
45250.056 3.470065346109328e-07
45300.056 3.238393703610372e-07
45350.056 3.110554159099933e-07
45400.056 4.5517451535004085e-07
45450.056 4.2519372020000624e-07
45500.056 4.3480609607501725e-07
45550.056 4.882310217299262e-07
45600.056 4.7138071641003714e-07
45650.056 4.0082133319396613e-07
45700.056 3.270201486640043e-07
45750.056 3.0720870833800266e-07
45800.056 4.834354089200137e-07
45850.056 4.7317334248999145e-07
45900.056 4.973964291200144e-07
45950.056 3.9930210769999e-07
46000.056 4.760573409550436e-07
46050.056 4.0188134748200596e-07
46100.056 4.961152260899741e-07
46150.056 3.6956690481998966e-07
46200.056 3.5070380995600494e-07
46250.056 2.2247450895367307e-07
46300.056 3.950544801799954e-07
46350.056 3.938270980000272e-07
46400.056 3.8825779799001726e-07
46450.056 3.493303994630092e-07
46500.056 3.709634272440709e-07
46550.056 2.82826294895009e-07
46600.056 3.509796981939658e-07
46650.056 4.873343282700183e-07
46700.056 3.628618569199546e-07
46750.056 2.524843991990255e-07
46800.056 2.0253089077101002e-07
46850.056 4.737702618000572e-07
46900.056 4.509300674399759e-07
46950.056 4.3636056291997175e-07
47000.056 4.069040976400469e-07
47050.056 3.6427324690489497e-07
47100.056 2.6594112600002215e-07
47150.056 3.5319513716404694e-07
47200.056 4.145150728699944e-07
47250.056 2.898264063089732e-07
47300.056 2.1768533281061704e-07
47350.056 4.5073172213999307e-07
47400.056 4.1806383014997036e-07
47450.056 3.812250694850453e-07
47500.056 4.49063051369971e-07
47550.056 3.942329234400105e-07
47600.056 4.0689111470496903e-07
47650.056 3.7525110907795416e-07
47700.056 3.5145779836608563e-07
47750.056 2.71953427202005e-07
47800.056 2.702780078100196e-07
47850.056 1.9061356139701245e-07
47900.056 2.4502624660197563e-07
47950.056 3.6970986580000947e-07
48000.056 4.653985169500239e-07
48050.056 4.127805811639819e-07
48100.056 2.3986846123200827e-07
48150.056 3.270581246900133e-07
48200.056 2.899102245759954e-07
48250.056 3.1752636181000405e-07
48300.056 4.478670327999652e-07
48350.056 2.91615428539994e-07
48400.056 1.596003761279721e-07
48450.056 2.7190362430905343e-07
48500.056 3.5047219914994476e-07
48550.056 3.2896471914601617e-07
48600.056 3.5384570709000906e-07
48650.056 4.0075106206998665e-07
48700.056 3.31643026498014e-07
48750.056 2.1253950034507557e-07
48800.056 3.969868763460175e-07
48850.056 2.6171920915495306e-07
48900.056 3.8369833474198357e-07
48950.056 2.608663076400095e-07
49000.056 1.6525553598139706e-07
49050.056 3.4076773420396176e-07
49100.056 3.6342027235704846e-07
49150.056 2.9549796639250056e-07
49200.056 3.9018201616004505e-07
49250.056 3.7343368030003287e-07
49300.056 3.272076029519895e-07
49350.056 1.9936335354403501e-07
49400.056 2.734846516709519e-07
49450.056 2.7864933102057213e-07
49500.056 2.3447315129698175e-07
49550.056 1.2135994127600388e-07
49600.056 2.0661897624083346e-07
49650.056 2.618805338679808e-07
49700.056 2.6678365443593554e-07
49750.056 3.285246201689707e-07
49800.056 2.537471282681989e-07
49850.056 3.6810194938004706e-07
49900.056 3.1372429359798926e-07
49950.056 2.816198211439915e-07
50000.056 2.696220645269845e-07
50050.056 3.224481561299872e-07
50100.056 2.6687902932299197e-07
50150.056 1.7552142060498324e-07
50200.056 8.569789910401804e-08
50250.056 2.32306291169987e-07
50300.056 1.8340249594501625e-07
50350.056 3.113721320300329e-07
50400.056 2.860222367139855e-07
50450.056 2.1865692238800335e-07
50500.056 3.0971486011002565e-07
50550.056 2.9144587309001164e-07
50600.056 2.2297443980695066e-07
50650.056 3.1350290418005193e-07
50700.056 3.4068017267995977e-07
50750.056 2.5124855149002615e-07
50800.056 1.4849755374197728e-07
50850.056 1.3357281020503608e-07
50900.056 3.1616090749999423e-07
50950.056 2.5512406720001117e-07
51000.056 2.6199871402601877e-07
51050.056 2.7353095895197913e-07
51100.056 1.4303726598698084e-07
51150.056 1.909192560444115e-07
51200.056 3.5845572288997766e-07
51250.056 2.4157871499297547e-07
51300.056 1.8296258855804845e-07
51350.056 2.1478915958897655e-07
51400.056 1.2770644337300788e-07
51450.056 1.0656023918787624e-07
51500.056 1.0794958872763118e-07
51550.056 2.3383539743001807e-07
51600.056 1.7239785305401627e-07
51650.056 1.8971223530097492e-07
51700.056 2.1867145064867287e-07
51750.056 1.5850935193551185e-07
51800.056 2.4073577735995084e-07
51850.056 2.079566422189902e-07
51900.056 3.005510216300201e-07
51950.056 2.220094180349814e-07
52000.056 7.603425143198426e-08
52050.056 1.5604986545301496e-07
52100.056 1.2095069445799403e-07
52150.056 9.91461932024098e-08
52200.056 1.2875436709069782e-07
52250.056 1.708169936070204e-07
52300.056 2.608843843999927e-07
52350.056 1.5412872333380016e-07
52400.056 1.2620997541900976e-07
52450.056 2.2707841930001942e-07
52500.056 2.2487970760494922e-07
52550.056 2.1307888193997773e-07
52600.056 1.762591753410103e-07
52650.056 1.8800599589002684e-07
52700.056 1.5313087405900012e-07
52750.056 1.0469485250979351e-07
52800.056 1.336060969920164e-07
52850.056 1.4966054934995972e-07
52900.056 1.2566237285637432e-07
52950.056 1.449455219920057e-07
53000.056 1.9827135453800534e-07
53050.056 1.0989266965497239e-07
53100.056 1.844014285629861e-07
53150.056 2.368378755000215e-07
53200.056 1.0690196799008992e-07
53250.056 2.0397577392101685e-07
53300.056 2.2426640327209905e-07
53350.056 2.0568180554999634e-07
53400.056 1.8414986527999844e-07
