galfind/configs/Brown_Dwarf_templates/sonora_bobcat/m0.0/1000g/sp_t650g1000nc_m0.0_resample.dat
# %ECSV 1.0
# ---
# datatype:
# - {name: wav, unit: Angstrom, datatype: float64}
# - {name: flux_nu, unit: erg / (cm2 Hz s), datatype: float64}
# meta: {C/O: '1.00', Kzz: '1.0000E+05', Teff: '650.', Y: '0.28', '[Fe/H]': '0.00', f_hole: '1.00', f_rain: '0.00', grav: '1000.'}
# schema: astropy-2.0
wav flux_nu
4000.0559999999996 nan
4050.0559999999996 8.980850737285616e-16
4100.056 1.6154949392270325e-13
4150.056 1.5127146760900185e-12
4200.056 1.4796590182733685e-12
4250.056 1.0408581125000089e-11
4300.056 2.0672548556000204e-11
4350.056 3.107200661500012e-11
4400.056 4.459558976700023e-11
4450.056 6.217957597200045e-11
4500.056 7.481659037900037e-11
4550.056 7.232779056499944e-11
4600.056 2.025314736599991e-11
4650.056 1.0538831932899932e-11
4700.056 4.397598414899954e-12
4750.056 1.0566080063199854e-12
4800.056 2.6231174181999706e-13
4850.056 8.632488335199923e-14
4900.056 4.342809476799976e-14
4950.056 2.5094870197999856e-14
5000.056 1.2782448230599906e-14
5050.056 7.443588400399989e-15
5100.056 7.097700531800019e-15
5150.056 7.253953398000008e-15
5200.056 7.494456607200007e-15
5250.056 7.730440748500003e-15
5300.056 8.058284564300005e-15
5350.056 8.528360687900004e-15
5400.056 9.086718443100009e-15
5450.056 9.76149519790002e-15
5500.056 1.0514229354200017e-14
5550.056 1.1293456861000008e-14
5600.056 1.1988925145000005e-14
5650.056 1.2467647797e-14
5700.056 1.2513203030000001e-14
5750.056 1.2100963440999993e-14
5800.056 1.083659283609997e-14
5850.056 7.655897352599918e-15
5900.056 2.5562234541034916e-15
5950.056 1.497717424650026e-14
6000.056 3.0837822846000125e-14
6050.056 5.394076550800048e-14
6100.056 8.666608029500064e-14
6150.056 1.3175851786000078e-13
6200.056 1.9402302243000103e-13
6250.056 2.783739958800012e-13
6300.056 3.9929354330000156e-13
6350.056 5.688521157100026e-13
6400.056 8.064333360700045e-13
6450.056 1.10258315363e-12
6500.056 1.5486262699000102e-12
6550.056 2.1842833341999944e-12
6600.056 3.0680997735000373e-12
6650.056 4.297042696900028e-12
6700.056 5.5193082731000425e-12
6750.056 7.810737173000034e-12
6800.056 9.58309795360004e-12
6850.056 1.0139027972699994e-11
6900.056 8.74263137060002e-12
6950.056 7.134676723199989e-12
7000.056 7.058811051799977e-12
7050.056 7.431911139899973e-12
7100.056 8.064695126299977e-12
7150.056 7.707333395999897e-12
7200.056 7.280075979700004e-12
7250.056 7.358801535299768e-12
7300.056 7.070204527900248e-12
7350.056 7.23626176469996e-12
7400.056 7.388743792800118e-12
7450.056 7.663028903300142e-12
7500.056 7.779310184499998e-12
7550.056 7.671114177499995e-12
7600.056 7.264621866799979e-12
7650.056 3.0180876056939058e-12
7700.056 2.5619531409100777e-12
7750.056 7.647219278100094e-12
7800.056 1.0985999366300046e-11
7850.056 1.6007246823000017e-11
7900.056 2.1041654863000015e-11
7950.056 2.4261065972600143e-11
8000.056 3.5343362770000247e-11
8050.056 4.5373555708000357e-11
8100.056 5.1859155859999274e-11
8150.056 6.016610407190059e-11
8200.056 8.638436960200239e-11
8250.056 1.0506475523579991e-10
8300.056 1.3325189547700442e-10
8350.056 1.6501987167699873e-10
8400.056 2.070756898219996e-10
8450.056 2.666378101800001e-10
8500.056 3.0842898216199343e-10
8550.056 4.008263936200094e-10
8600.056 5.03825727920004e-10
8650.056 6.076720746700048e-10
8700.056 7.176093239200057e-10
8750.056 8.521929166700061e-10
8800.056 9.916785271500062e-10
8850.056 1.0919211787599975e-09
8900.056 9.199013482799763e-10
8950.056 8.754236174240002e-10
9000.056 1.0468129253699434e-09
9050.056 1.7001940600500182e-09
9100.056 1.953009923940059e-09
9150.056 2.192890691860054e-09
9200.056 2.690185682689988e-09
9250.056 2.6997954403649046e-09
9300.056 8.271313441892701e-10
9350.056 1.1814397179491692e-09
9400.056 2.43124965403475e-09
9450.056 2.3239719278197532e-09
9500.056 2.2280614278667717e-09
9550.056 2.4438979260617434e-09
9600.056 2.6641726695758276e-09
9650.056 3.4686145382883954e-09
9700.056 5.240423445505987e-09
9750.056 5.639156866897609e-09
9800.056 6.664104223259764e-09
9850.056 7.906604150619869e-09
9900.056 9.767078165100184e-09
9950.056 1.0787528184800156e-08
10000.056 1.0011139685749942e-08
10050.056 1.3709971210000098e-08
10100.056 1.548005766700008e-08
10150.056 1.6601188644000015e-08
10200.056 1.7515813842000406e-08
10250.056 2.0020726847300282e-08
10300.056 2.340604298399922e-08
10350.056 2.4106360894000573e-08
10400.056 2.8076917871000145e-08
10450.056 3.112233077399871e-08
10500.056 3.396634309899968e-08
10550.056 3.708016202400014e-08
10600.056 3.907934349799996e-08
10650.056 4.083133755800033e-08
10700.056 4.132784665700024e-08
10750.056 4.253383866500022e-08
10800.056 4.272156843300028e-08
10850.056 4.146427697500016e-08
10900.056 3.52470989179994e-08
10950.056 2.2534237753500007e-08
11000.056 1.5454246139428313e-08
11050.056 9.332803738181928e-09
11100.056 5.60705070591799e-09
11150.056 3.1607581221297192e-09
11200.056 3.239982050151341e-09
11250.056 4.533362042908091e-09
11300.056 5.1154110655702475e-09
11350.056 2.1250098567035137e-09
11400.056 6.461333663754577e-09
11450.056 4.219768714832604e-09
11500.056 4.2907933048998396e-09
11550.056 1.9293841246145064e-09
11600.056 1.6599655323028245e-09
11650.056 3.2697989940039726e-09
11700.056 3.78642218832383e-09
11750.056 1.8504848917026376e-09
11800.056 5.673738105815711e-09
11850.056 8.634043433489759e-09
11900.056 1.0808983908749532e-08
11950.056 1.5035530079001137e-08
12000.056 1.9795947783800562e-08
12050.056 2.5815509444400878e-08
12100.056 3.168851410429863e-08
12150.056 3.9426291164998744e-08
12200.056 4.54317276299998e-08
12250.056 5.441031978299789e-08
12300.056 6.589868524600174e-08
12350.056 7.016360568099973e-08
12400.056 8.3253943532999e-08
12450.056 9.441222219300122e-08
12500.056 1.0209698000900304e-07
12550.056 1.127090340179999e-07
12600.056 1.2188301242300126e-07
12650.056 1.240599373929997e-07
12700.056 1.236543398410013e-07
12750.056 1.1067988450000152e-07
12800.056 1.0075543730799967e-07
12850.056 7.934471110999992e-08
12900.056 6.766545887800191e-08
12950.056 6.010395568710134e-08
13000.056 6.113098216900329e-08
13050.056 4.947152764362034e-08
13100.056 4.88613890419962e-08
13150.056 3.669159163461449e-08
13200.056 3.465037265305898e-08
13250.056 2.511275777594854e-08
13300.056 1.1539682722309613e-08
13350.056 3.668485472218742e-09
13400.056 1.1599402332381425e-09
13450.056 5.129610761269191e-10
13500.056 2.485989202634108e-10
13550.056 1.2251389617423748e-10
13600.056 5.970413949757451e-11
13650.056 2.3033472570411886e-10
13700.056 1.4843766420083346e-10
13750.056 3.2535312863445297e-10
13800.056 3.7399316259093294e-10
13850.056 1.950716348249987e-10
13900.056 2.2784814788383813e-10
13950.056 2.2595398185642056e-10
14000.056 2.5050810915355694e-10
14050.056 3.5501665272152497e-10
14100.056 2.8150813512836557e-10
14150.056 4.691775478891698e-10
14200.056 3.3256274638944615e-10
14250.056 3.9309223979771855e-10
14300.056 9.577028851640819e-10
14350.056 8.539120953537261e-10
14400.056 8.734073531832648e-10
14450.056 1.3391088286189683e-09
14500.056 2.5694907949546175e-09
14550.056 2.637561412554442e-09
14600.056 4.189964831648219e-09
14650.056 3.0882555295568913e-09
14700.056 1.808220316993677e-09
14750.056 1.8334536240981308e-09
14800.056 2.4576603495328833e-09
14850.056 2.6508045656417904e-09
14900.056 2.774485136060474e-09
14950.056 3.034000939598733e-09
15000.056 5.190236810441207e-09
15050.056 5.405228884258488e-09
15100.056 4.5842056512455794e-09
15150.056 3.971983397151781e-09
15200.056 6.06417574770403e-09
15250.056 1.0087849454359392e-08
15300.056 1.2024836310727867e-08
15350.056 1.5016009117839442e-08
15400.056 1.834881623772281e-08
15450.056 2.202743063706308e-08
15500.056 2.5499443310146928e-08
15550.056 3.24802168374032e-08
15600.056 4.0003151377798555e-08
15650.056 4.816636816900221e-08
15700.056 5.884573256300087e-08
15750.056 6.435807757900077e-08
15800.056 6.875280614299983e-08
15850.056 7.375596796300135e-08
15900.056 7.107579867200041e-08
15950.056 6.790800799099844e-08
16000.056 5.7374307219000776e-08
16050.056 4.116618409599858e-08
16100.056 2.914918556079881e-08
16150.056 1.8794664142019003e-08
16200.056 1.1378407834490216e-08
16250.056 8.886653081501086e-09
16300.056 6.797232627007494e-09
16350.056 7.96283216016264e-09
16400.056 9.29463229501223e-09
16450.056 9.70466230927117e-09
16500.056 1.0255187651929681e-08
16550.056 1.0062508660680454e-08
16600.056 1.2470610169894606e-08
16650.056 8.307338957916508e-09
16700.056 2.3761737862419235e-09
16750.056 5.5748382761045504e-09
16800.056 8.427742500421832e-09
16850.056 8.698638432164112e-09
16900.056 6.297818038575203e-09
16950.056 4.8436100568694504e-09
17000.056 3.443279924466708e-09
17050.056 5.561239712319995e-09
17100.056 7.424373539011196e-09
17150.056 5.572520192585353e-09
17200.056 1.0363239691487895e-08
17250.056 7.381345807614668e-09
17300.056 5.893549584908483e-09
17350.056 5.7181442039077335e-09
17400.056 6.99651795044326e-09
17450.056 7.919743610831244e-09
17500.056 9.071225097502061e-09
17550.056 7.582540813947178e-09
17600.056 6.613710228489648e-09
17650.056 5.854457008311846e-09
17700.056 4.7161488978744884e-09
17750.056 3.8683631755352295e-09
17800.056 5.675526975533765e-09
17850.056 3.4065444342934977e-09
17900.056 3.147950339242578e-09
17950.056 2.2259434515635882e-09
18000.056 3.1081086797295337e-09
18050.056 2.010257164434777e-09
18100.056 2.36649112834309e-09
18150.056 2.468570479538781e-09
18200.056 1.5769576617760738e-09
18250.056 4.201393949871261e-09
18300.056 1.5365299275376373e-09
18350.056 1.3653236438994513e-09
18400.056 1.0828670584814198e-09
18450.056 2.6026127671754277e-09
18500.056 2.4834989757863713e-09
18550.056 1.6470367593323966e-09
18600.056 1.684338422562492e-09
18650.056 1.2676653050527302e-09
18700.056 6.958295566672988e-10
18750.056 1.3275548926976784e-09
18800.056 3.974404993479499e-09
18850.056 3.915090110996196e-09
18900.056 3.363286657064103e-09
18950.056 5.81230615192039e-09
19000.056 2.519789462187264e-09
19050.056 1.4578643288350931e-09
19100.056 2.8473298462798e-09
19150.056 1.4978657312915403e-09
19200.056 2.1531586728716267e-09
19250.056 1.4508633772911843e-09
19300.056 1.13771823917366e-09
19350.056 1.0361993123895792e-09
19400.056 8.095155355954087e-10
19450.056 1.3465932750687654e-09
19500.056 1.2317027588723319e-09
19550.056 1.3296808440461216e-09
19600.056 2.022727557269285e-09
19650.056 1.9858536242449363e-09
19700.056 2.22467045354055e-09
19750.056 3.1415999421660383e-09
19800.056 2.526289919523287e-09
19850.056 3.376410660943434e-09
19900.056 3.5770885961576886e-09
19950.056 5.066181715291408e-09
20000.056 5.519152685289683e-09
20050.056 5.302552422402222e-09
20100.056 7.735751047483961e-09
20150.056 5.436430512345148e-09
20200.056 4.799520061701044e-09
20250.056 7.3378985108408645e-09
20300.056 7.9662843344335e-09
20350.056 8.279984070948046e-09
20400.056 7.977911566715445e-09
20450.056 1.1559842281162239e-08
20500.056 1.2809713988497569e-08
20550.056 1.3610804802001262e-08
20600.056 1.4700498653101794e-08
20650.056 1.65495406953997e-08
20700.056 1.765791882350076e-08
20750.056 1.86547269188991e-08
20800.056 1.8892151408797734e-08
20850.056 2.01873838860003e-08
20900.056 2.0893297457998585e-08
20950.056 2.0532295224000817e-08
21000.056 2.0281880518000475e-08
21050.056 2.0626081430999257e-08
21100.056 2.008765088100036e-08
21150.056 2.0057122797798315e-08
21200.056 1.9207396152000825e-08
21250.056 1.837926059279811e-08
21300.056 1.6753907355799742e-08
21350.056 1.6298302886919244e-08
21400.056 1.6010064156701915e-08
21450.056 1.4147373526900136e-08
21500.056 1.3093731638380737e-08
21550.056 1.2016959287013898e-08
21600.056 1.0872180084933692e-08
21650.056 9.002985057732225e-09
21700.056 8.917569360559695e-09
21750.056 7.713930862071683e-09
21800.056 6.1148042429731356e-09
21850.056 5.541245517443195e-09
21900.056 4.262083514913071e-09
21950.056 2.4885857966960002e-09
22000.056 7.757356260437643e-10
22050.056 8.371022662741435e-10
22100.056 2.1715244700955334e-09
22150.056 1.9455474802263875e-09
22200.056 2.113102141928686e-09
22250.056 1.8380774501927496e-09
22300.056 1.1795010144532284e-09
22350.056 1.374210998019386e-09
22400.056 7.11643009018581e-10
22450.056 8.757512750308495e-10
22500.056 7.678443472781605e-10
22550.056 5.514263433963708e-10
22600.056 5.007147370709106e-10
22650.056 7.201958154802036e-10
22700.056 6.138595981085866e-10
22750.056 6.914828897035762e-10
22800.056 7.426678252181649e-10
22850.056 5.788673961959776e-10
22900.056 4.976645825049266e-10
22950.056 4.5710936379126837e-10
23000.056 5.662208939858057e-10
23050.056 7.316275524007564e-10
23100.056 2.154611258271013e-09
23150.056 1.818050478410699e-09
23200.056 2.0628636046419875e-10
23250.056 5.631885769647719e-10
23300.056 4.819834906323612e-10
23350.056 5.719591479152867e-10
23400.056 5.006942838314454e-10
23450.056 4.1040787063048265e-10
23500.056 4.614435695645164e-10
23550.056 7.243701757404109e-10
23600.056 1.0851410029045522e-09
23650.056 1.422072574746952e-09
23700.056 4.372335625044588e-10
23750.056 4.351849179695197e-10
23800.056 1.1131588485153716e-09
23850.056 9.07397824377203e-10
23900.056 1.6944335964203792e-09
23950.056 1.2417964913764776e-09
24000.056 2.038974530400214e-09
24050.056 2.176368378215452e-09
24100.056 2.136870366322233e-09
24150.056 2.8857927470673886e-09
24200.056 2.3353856681216636e-09
24250.056 2.057669967146373e-09
24300.056 3.1598909230780266e-09
24350.056 2.541162323507452e-09
24400.056 4.224908806886914e-09
24450.056 4.148532950076272e-09
24500.056 3.861034939588447e-09
24550.056 5.300780248388953e-09
24600.056 5.410301335278219e-09
24650.056 7.14389358874335e-09
24700.056 4.6263563816285575e-09
24750.056 5.361054619775954e-09
24800.056 4.922905650353186e-09
24850.056 7.799377932200997e-09
24900.056 3.3702734553953435e-09
24950.056 6.795048664249273e-09
25000.056 5.970786949703575e-09
25050.056 3.5803954898405387e-09
25100.056 5.754647896795119e-09
25150.056 3.151772677802858e-09
25200.056 4.358451100659002e-09
25250.056 1.9844492258656266e-09
25300.056 3.078502619177205e-09
25350.056 1.4879128103040397e-09
25400.056 3.4909326706064013e-09
25450.056 1.3790969416131994e-09
25500.056 1.2963042898029793e-09
25550.056 2.171477370047326e-09
25600.056 1.5724307791067674e-09
25650.056 7.719064058294071e-10
25700.056 1.378303896810948e-09
25750.056 4.3822308833356755e-10
25800.056 1.8786560551180342e-09
25850.056 5.088503229225783e-10
25900.056 7.870024375095159e-10
25950.056 2.5791321430358454e-10
26000.056 1.8304427691364219e-09
26050.056 4.290196775010089e-10
26100.056 1.5529737573361563e-09
26150.056 8.749430154431899e-10
26200.056 9.876302360053135e-10
26250.056 3.788120306741482e-09
26300.056 1.351055684399693e-09
26350.056 5.097783894130602e-09
26400.056 5.291404634935384e-09
26450.056 4.346054095588136e-09
26500.056 6.864628725779144e-09
26550.056 1.6940533178752653e-09
26600.056 2.2463633065069066e-09
26650.056 5.31801183273196e-10
26700.056 3.864204977752226e-10
26750.056 3.3890241694358316e-10
26800.056 7.96069632078735e-10
26850.056 4.2804982410455975e-10
26900.056 1.6602256992902073e-09
26950.056 6.628249327157494e-10
27000.056 2.8015814988788946e-09
27050.056 2.6642322713037843e-09
27100.056 7.913675573264965e-10
27150.056 3.790585074198102e-09
27200.056 8.011501439597302e-10
27250.056 1.7606356790416614e-09
27300.056 7.2791616655000904e-09
27350.056 3.447206684976408e-09
27400.056 3.5610011303183663e-10
27450.056 4.104606406817446e-09
27500.056 4.81161482009777e-09
27550.056 1.0522596724716145e-09
27600.056 2.569217565533375e-09
27650.056 8.70145970066966e-10
27700.056 6.90429106471277e-10
27750.056 3.2697307592325436e-09
27800.056 1.1322036549539287e-09
27850.056 1.6067235269624332e-09
27900.056 1.7390547087013537e-09
27950.056 3.8070026891434396e-09
28000.056 2.985290414946693e-09
28050.056 5.86792286328407e-10
28100.056 3.341852890708504e-09
28150.056 2.2682426879721314e-09
28200.056 8.536998330185999e-10
28250.056 4.206406842512188e-09
28300.056 4.2405393597353104e-09
28350.056 1.0892321656274738e-09
28400.056 3.098023078660084e-09
28450.056 4.8510388876217946e-09
28500.056 3.229744964052456e-09
28550.056 8.562883950264532e-10
28600.056 5.215736534489856e-09
28650.056 3.6271000133189037e-09
28700.056 4.18800161167283e-09
28750.056 6.644632431182342e-09
28800.056 3.926335090312999e-09
28850.056 5.9796566089575895e-09
