galfind/configs/Brown_Dwarf_templates/sonora_bobcat/m0.0/1000g/sp_t1500g1000nc_m0.0_resample.dat
# %ECSV 1.0
# ---
# datatype:
# - {name: wav, unit: Angstrom, datatype: float64}
# - {name: flux_nu, unit: erg / (cm2 Hz s), datatype: float64}
# meta: {C/O: '1.00', Kzz: '1.0000E+05', Teff: '1500.', Y: '0.28', '[Fe/H]': '0.00', f_hole: '1.00', f_rain: '0.00', grav: '1000.'}
# schema: astropy-2.0
wav flux_nu
[from data line 500]
29000.056 5.847371225408762e-07
29050.056 6.342106937420229e-07
29100.056 4.954421942290832e-07
29150.056 7.047201701190604e-07
29200.056 5.70216779964043e-07
29250.056 6.674444986429855e-07
29300.056 5.153764381498561e-07
29350.056 8.321591944199077e-07
29400.056 6.275601637349374e-07
29450.056 6.430135089539787e-07
29500.056 6.6173518308895e-07
29550.056 6.520911737370185e-07
29600.056 7.232251194228126e-07
29650.056 6.637049278149547e-07
29700.056 6.219327995148977e-07
29750.056 7.282452337781494e-07
29800.056 7.621038381378928e-07
29850.056 7.156385626339066e-07
29900.056 6.901698002152699e-07
29950.056 7.94653557899877e-07
30000.056 7.61847735555885e-07
30050.056 7.017363713899904e-07
30100.056 6.42978477299828e-07
30150.056 8.705088266199837e-07
30200.056 7.350374100900185e-07
30250.056 7.961770504101083e-07
30300.056 7.160029491199665e-07
30350.056 7.202170072900729e-07
30400.056 8.100632502500359e-07
30450.056 6.558432462681083e-07
30500.056 5.925747887800557e-07
30550.056 6.633751042600735e-07
30600.056 6.760422220200141e-07
30650.056 6.434059036699467e-07
30700.056 5.978814540939595e-07
30750.056 5.783034967799635e-07
30800.056 5.769698179301114e-07
30850.056 5.068522942699162e-07
30900.056 5.171742106199227e-07
30950.056 4.618506377800717e-07
31000.056 4.586301789000105e-07
31050.056 4.964369082900163e-07
31100.056 4.1396942256998304e-07
31150.056 4.389425218009747e-07
31200.056 4.6227555514002154e-07
31250.056 3.999621865479787e-07
31300.056 3.9899703493695704e-07
31350.056 3.760353235940086e-07
31400.056 3.4940541246503775e-07
31450.056 3.552849559699621e-07
31500.056 3.3426438807194154e-07
31550.056 3.4211397787399513e-07
31600.056 3.154827727099945e-07
31650.056 3.0288403596600597e-07
31700.056 3.1286512342996246e-07
31750.056 2.822764056860768e-07
31800.056 3.226345490799523e-07
31850.056 2.889588559600389e-07
31900.056 3.273394521200138e-07
31950.056 2.670942970640206e-07
32000.056 3.049497437399477e-07
32050.056 3.1471575425502e-07
32100.056 3.1224667772301496e-07
32150.056 3.340757731499728e-07
32200.056 2.9877435974498904e-07
32250.056 3.60002083670032e-07
32300.056 2.9648974465798065e-07
32350.056 3.777227152999966e-07
32400.056 3.0253594371999967e-07
32450.056 3.751346978998993e-07
32500.056 3.664068374550601e-07
32550.056 3.768828915279931e-07
32600.056 3.866038971699904e-07
32650.056 4.4008110126998003e-07
32700.056 4.294442653700473e-07
32750.056 4.4853084811000985e-07
32800.056 4.448408535170386e-07
32850.056 4.683205713499528e-07
32900.056 4.985588433300001e-07
32950.056 4.836901716099794e-07
33000.056 4.594207515499373e-07
33050.056 4.2074651780003027e-07
33100.056 3.5539470332997685e-07
33150.056 2.2496769064902467e-07
33200.056 1.84663469723948e-07
33250.056 1.53371952306956e-07
33300.056 1.480403790530218e-07
33350.056 1.7122766404000285e-07
33400.056 1.933609289599755e-07
33450.056 2.1730988568799538e-07
33500.056 2.6219113503003476e-07
33550.056 2.834108725420409e-07
33600.056 3.3016677453999303e-07
33650.056 3.674213933100307e-07
33700.056 3.546960352169676e-07
33750.056 4.318638712199876e-07
33800.056 4.1120714739597103e-07
33850.056 4.5595715159997377e-07
33900.056 4.163652762899857e-07
33950.056 4.180752321699833e-07
34000.056 4.530295983599853e-07
34050.056 3.8791791151293535e-07
34100.056 4.6618589947997156e-07
34150.056 4.148430743109511e-07
34200.056 3.853401586899123e-07
34250.056 4.1939507999991567e-07
34300.056 3.679741740268232e-07
34350.056 3.662635354100028e-07
34400.056 3.485087910320114e-07
34450.056 4.006815073199802e-07
34500.056 4.023685400399821e-07
34550.056 3.6273562927999966e-07
34600.056 4.328291854099996e-07
34650.056 4.0161371153997e-07
34700.056 4.0224213284997e-07
34750.056 4.3780475392999575e-07
34800.056 4.005039669999525e-07
34850.056 4.035078516200123e-07
34900.056 4.362406454799753e-07
34950.056 4.151992819899208e-07
35000.056 4.979207731750459e-07
35050.056 4.1646616931999173e-07
35100.056 4.4758776504998023e-07
35150.056 4.741966262699977e-07
35200.056 4.7029034334004094e-07
35250.056 5.167291981399512e-07
35300.056 4.6239656518004314e-07
35350.056 4.567743152099416e-07
35400.056 4.986169934800906e-07
35450.056 4.0430985292013135e-07
35500.056 5.38304260820026e-07
35550.056 5.27397921319976e-07
35600.056 4.988094283400774e-07
35650.056 5.589361179800134e-07
35700.056 5.00219338370003e-07
35750.056 5.406368778199306e-07
35800.056 6.573987403300222e-07
35850.056 5.323978777400024e-07
35900.056 6.466033379899732e-07
35950.056 6.289028975299777e-07
36000.056 6.289466363900651e-07
36050.056 6.647157195100115e-07
36100.056 6.626370192096947e-07
36150.056 6.879872084700546e-07
36200.056 7.594249799999728e-07
36250.056 7.060041042799538e-07
36300.056 7.874959513900341e-07
36350.056 7.676079427499362e-07
36400.056 7.756757284300281e-07
36450.056 8.56606993279977e-07
36500.056 8.356922585199384e-07
36550.056 9.053116167202171e-07
36600.056 9.271968327100405e-07
36650.056 9.223858121598576e-07
36700.056 1.0119539519599614e-06
36750.056 1.0190600068400895e-06
36800.056 1.0481996062299515e-06
36850.056 1.092659845369906e-06
36900.056 1.0652516410500362e-06
36950.056 1.1770825097099232e-06
37000.056 1.1800232210999435e-06
37050.056 1.2009338912799965e-06
37100.056 1.244607743170034e-06
37150.056 1.2410839954200211e-06
37200.056 1.312103136950013e-06
37250.056 1.3223574335599103e-06
37300.056 1.271855618309867e-06
37350.056 1.280533036280165e-06
37400.056 1.4568801530999544e-06
37450.056 1.352934891790077e-06
37500.056 1.4115001679899204e-06
37550.056 1.5081145792000532e-06
37600.056 1.5803525992000207e-06
37650.056 1.4581844502800295e-06
37700.056 1.6098181125800694e-06
37750.056 1.5324125243000782e-06
37800.056 1.6143663190001638e-06
37850.056 1.5226865340999913e-06
37900.056 1.5764442162002256e-06
37950.056 1.588905085829951e-06
38000.056 1.712771496060059e-06
38050.056 1.6885002281001057e-06
38100.056 1.6306291368401372e-06
38150.056 1.7987415211999624e-06
38200.056 1.8070910675000617e-06
38250.056 1.7010389096000918e-06
38300.056 1.789658145999928e-06
38350.056 1.855273518100037e-06
38400.056 1.7784999534698832e-06
38450.056 1.9136096630999907e-06
38500.056 1.8054694767000905e-06
38550.056 1.9224255897000863e-06
38600.056 2.013157724699907e-06
38650.056 1.907270977799976e-06
38700.056 1.9393113407001213e-06
38750.056 2.0114360216000225e-06
38800.056 1.941527558499945e-06
38850.056 1.9507284177000197e-06
38900.056 1.9320882597999904e-06
38950.056 2.039904247399991e-06
39000.056 2.015474867600032e-06
39050.056 2.0564775439999127e-06
39100.056 1.9269321899001715e-06
39150.056 2.0533403776000467e-06
39200.056 2.0631634680999796e-06
39250.056 2.0767525514998097e-06
39300.056 2.0400018065997844e-06
39350.056 2.0925053535001278e-06
39400.056 2.0712190322000736e-06
39450.056 2.097272254399951e-06
39500.056 2.01074082179993e-06
39550.056 2.0215729830599434e-06
39600.056 2.169662686299848e-06
39650.056 2.0415278249000203e-06
39700.056 2.0533338305000133e-06
39750.056 2.01832043079998e-06
39800.056 1.957872447699971e-06
39850.056 2.090415896199941e-06
39900.056 2.0290298741000415e-06
39950.056 2.104665806699863e-06
40000.056 1.9595609616000237e-06
40050.056 1.9698167848000265e-06
40100.056 2.052297776459992e-06
40150.056 1.969793871199885e-06
40200.056 2.0323832873998727e-06
40250.056 1.8621021102996027e-06
40300.056 1.8903529197001165e-06
40350.056 1.9839146024000753e-06
40400.056 1.9641970473000633e-06
40450.056 1.953959471200046e-06
40500.056 1.8023534924001724e-06
40550.056 2.0377898187998938e-06
40600.056 1.735601053490122e-06
40650.056 1.9047236132999695e-06
40700.056 2.028701994000023e-06
40750.056 1.7683155411995747e-06
40800.056 1.7158911685198759e-06
40850.056 1.745176127720257e-06
40900.056 1.7547632552600367e-06
40950.056 1.7810973695199578e-06
41000.056 1.7974384198999586e-06
41050.056 1.8046205909198217e-06
41100.056 1.678835300789923e-06
41150.056 1.7460439752999448e-06
41200.056 1.7318488298000363e-06
41250.056 1.7222244375000464e-06
41300.056 1.5128722822897664e-06
41350.056 1.7661976545000634e-06
41400.056 1.636536528000159e-06
41450.056 1.6845261742201805e-06
41500.056 1.6742448319200145e-06
41550.056 1.6340125227200333e-06
41600.056 1.6340738994000617e-06
41650.056 1.609104716840147e-06
41700.056 1.509659690809866e-06
41750.056 1.5689214633099083e-06
41800.056 1.6751130243998835e-06
41850.056 1.2996391315701385e-06
41900.056 1.5644385534799248e-06
41950.056 1.5332679948502497e-06
42000.056 1.4843105379702344e-06
42050.056 1.3265543619798092e-06
42100.056 1.533864286700141e-06
42150.056 1.1799182998498395e-06
42200.056 1.2211134833400631e-06
42250.056 1.3894801066099366e-06
42300.056 1.2164513108800407e-06
42350.056 1.3819707724101938e-06
42400.056 1.236856332610175e-06
42450.056 1.1224483549900353e-06
42500.056 1.1623986441200655e-06
42550.056 1.1633663274699537e-06
42600.056 1.1965066289201389e-06
42650.056 1.2162845086096446e-06
42700.056 1.2242586024501515e-06
42750.056 1.1400966582799603e-06
42800.056 1.1637630951902612e-06
42850.056 1.2828963623697519e-06
42900.056 1.2686706987800613e-06
42950.056 1.1175506106296458e-06
43000.056 1.180555494709983e-06
43050.056 1.0270745952803668e-06
43100.056 1.1413188419800208e-06
43150.056 1.125813451070117e-06
43200.056 1.1071377180000713e-06
43250.056 1.1462119366598745e-06
43300.056 1.17957280229005e-06
43350.056 1.012171762519861e-06
43400.056 1.0758919930499855e-06
43450.056 1.0346233349201393e-06
43500.056 1.0440043602399126e-06
43550.056 1.051675096510057e-06
43600.056 1.1291358297900469e-06
43650.056 9.784350922400149e-07
43700.056 1.051345085849897e-06
43750.056 1.0361105490001327e-06
43800.056 9.77780216459997e-07
43850.056 9.685617113601474e-07
43900.056 1.011673608289916e-06
43950.056 9.124955142299816e-07
44000.056 8.557836010900473e-07
44050.056 9.071679284600298e-07
44100.056 9.660689890400973e-07
44150.056 9.79692047819935e-07
44200.056 9.202769705600218e-07
44250.056 8.836386282300024e-07
44300.056 8.562189820000887e-07
44350.056 8.434804162300567e-07
44400.056 8.697288790399571e-07
44450.056 8.852255102500191e-07
44500.056 8.743008948300942e-07
44550.056 8.513511304498963e-07
44600.056 8.237466142400835e-07
44650.056 8.786590656600437e-07
44700.056 8.007916084900153e-07
44750.056 8.449296915099476e-07
44800.056 8.354764562699786e-07
44850.056 8.316553471400889e-07
44900.056 7.77910641770059e-07
44950.056 7.711269251200433e-07
45000.056 8.067738095499798e-07
45050.056 8.115117794999661e-07
45100.056 8.436448835200049e-07
45150.056 7.76238296699996e-07
45200.056 7.206051366800236e-07
45250.056 7.533860321699313e-07
45300.056 7.999970051900264e-07
45350.056 8.081057326999399e-07
45400.056 7.809706302000692e-07
45450.056 7.403777319498982e-07
45500.056 7.693486586399565e-07
45550.056 8.226673592899628e-07
45600.056 7.719102584199999e-07
45650.056 7.074733748998879e-07
45700.056 8.000497214400649e-07
45750.056 7.306696057200214e-07
45800.056 7.386302989399699e-07
45850.056 8.605754059899723e-07
45900.056 8.363253507100209e-07
45950.056 7.349999846800034e-07
46000.056 8.456677212000278e-07
46050.056 8.458241620201538e-07
46100.056 7.366546044800335e-07
46150.056 7.85160527769953e-07
46200.056 8.120850820801463e-07
46250.056 7.020016965799824e-07
46300.056 8.658621550099879e-07
46350.056 7.780697832499573e-07
46400.056 7.991973182799651e-07
46450.056 8.256206073100499e-07
46500.056 7.418036740499827e-07
46550.056 8.770125070799975e-07
46600.056 8.402242174800375e-07
46650.056 1.0244199049898608e-06
46700.056 9.646147904602783e-07
46750.056 7.84134386870024e-07
46800.056 8.11733251020069e-07
46850.056 9.182852189301049e-07
46900.056 8.637657488698904e-07
46950.056 9.595753936699957e-07
47000.056 8.063336680300138e-07
47050.056 9.577179812998923e-07
47100.056 7.369724767000654e-07
47150.056 8.205390559600525e-07
47200.056 8.935923836801119e-07
47250.056 7.922768501999581e-07
47300.056 7.977064368899012e-07
47350.056 7.638421037699355e-07
47400.056 8.984777934699108e-07
47450.056 7.802797220599818e-07
47500.056 9.049248090099316e-07
47550.056 7.863169097599581e-07
47600.056 8.892850152899304e-07
47650.056 7.068725354398843e-07
47700.056 8.989731301200749e-07
47750.056 6.610776464100911e-07
47800.056 8.72049500739957e-07
47850.056 6.762107950599504e-07
47900.056 8.440586753899909e-07
47950.056 7.175734858100592e-07
48000.056 9.610588454000034e-07
48050.056 7.760763777000646e-07
48100.056 8.300958673399919e-07
48150.056 7.593324399700962e-07
48200.056 8.726727091000489e-07
48250.056 7.464135704000301e-07
48300.056 9.557885597298764e-07
48350.056 6.938883800799676e-07
48400.056 8.023076899099661e-07
48450.056 7.286707349400402e-07
48500.056 9.57637677419991e-07
48550.056 6.947175218999858e-07
48600.056 9.045999793199617e-07
48650.056 7.328925386499745e-07
48700.056 9.048476416600483e-07
48750.056 6.477352496800583e-07
48800.056 9.633933094300305e-07
48850.056 6.938338449298593e-07
48900.056 9.342945038700558e-07
48950.056 8.123731634800113e-07
49000.056 7.561343408099372e-07
49050.056 8.901044514499699e-07
49100.056 7.976238019400536e-07
49150.056 8.442540077599595e-07
49200.056 7.960164991799814e-07
49250.056 8.562131366300398e-07
49300.056 7.51083823339953e-07
49350.056 7.71732554210016e-07
49400.056 8.8500235265999e-07
49450.056 7.942179021301744e-07
49500.056 8.004630626099941e-07
49550.056 6.960745695999776e-07
49600.056 7.848140274801145e-07
49650.056 8.11296701139962e-07
49700.056 7.333429777899054e-07
49750.056 1.027176746019903e-06
49800.056 7.75058491740012e-07
49850.056 9.881419198400837e-07
49900.056 8.12620630440006e-07
49950.056 8.334349100299105e-07
50000.056 8.415133632398696e-07
50050.056 8.391586341200227e-07
50100.056 9.016025726599565e-07
50150.056 7.353381574700033e-07
50200.056 6.688984668800526e-07
50250.056 8.581682835899947e-07
50300.056 7.788382270499829e-07
50350.056 9.593440017500074e-07
50400.056 8.027607439899373e-07
50450.056 7.862316492800979e-07
50500.056 9.67217340870092e-07
50550.056 8.307923682700132e-07
50600.056 8.584866687299451e-07
50650.056 8.501809582401056e-07
50700.056 9.516856151998797e-07
50750.056 9.617296647701034e-07
50800.056 6.863098169199012e-07
50850.056 8.086220360401026e-07
50900.056 9.412799403299538e-07
50950.056 8.824498868101541e-07
51000.056 1.0360372091900902e-06
51050.056 8.233182546600403e-07
51100.056 7.393162815399392e-07
51150.056 8.698255409999677e-07
51200.056 9.110782763499856e-07
51250.056 9.032160274499888e-07
51300.056 7.452953552601989e-07
51350.056 8.588884403699235e-07
51400.056 7.433648315899129e-07
51450.056 6.117116747398978e-07
51500.056 7.551377840200913e-07
51550.056 1.0183438893900808e-06
51600.056 7.29245758310044e-07
51650.056 8.283262102999018e-07
51700.056 8.333725087998019e-07
51750.056 7.357058169200234e-07
51800.056 9.217515167297963e-07
51850.056 8.766443223899258e-07
51900.056 9.968460038701138e-07
51950.056 8.906850793399426e-07
52000.056 6.791139144599694e-07
52050.056 8.390908816599686e-07
52100.056 7.57085499759948e-07
52150.056 7.479516816300243e-07
52200.056 7.270043626699953e-07
52250.056 7.968452244500074e-07
52300.056 9.613965157699699e-07
52350.056 9.189642672800432e-07
52400.056 6.85107639680092e-07
52450.056 8.269026956300258e-07
52500.056 9.257887582798666e-07
52550.056 8.926398044498513e-07
52600.056 8.462075743500847e-07
52650.056 9.184395818401247e-07
52700.056 7.918876773900182e-07
52750.056 6.802761949399668e-07
52800.056 7.499833346300549e-07
52850.056 7.414921709898939e-07
52900.056 8.002744643099957e-07
52950.056 7.927184540799632e-07
53000.056 9.280921897500051e-07
53050.056 7.37877087859838e-07
53100.056 7.811839356399125e-07
53150.056 9.915299438500669e-07
53200.056 6.421668202900236e-07
53250.056 9.234256427800173e-07
53300.056 9.179277809203276e-07
53350.056 9.128691616899225e-07
53400.056 8.896499149500407e-07
53450.056 7.392613433200245e-07
53500.056 6.004392484299052e-07
53550.056 7.735528980299356e-07
53600.056 8.590786490401269e-07
53650.056 6.983569049400223e-07
53700.056 7.21437843600087e-07
53750.056 7.649108486500069e-07
