galfind/configs/Brown_Dwarf_templates/sonora_bobcat/m0.0/1000g/sp_t2300g1000nc_m0.0_resample.dat
# %ECSV 1.0
# ---
# datatype:
# - {name: wav, unit: Angstrom, datatype: float64}
# - {name: flux_nu, unit: erg / (cm2 Hz s), datatype: float64}
# meta: {C/O: '1.00', Kzz: '1.0000E+05', Teff: '2300.', Y: '0.28', '[Fe/H]': '0.00', f_hole: '1.00', f_rain: '0.00', grav: '1000.'}
# schema: astropy-2.0
wav flux_nu
[from data line 501]
29050.056 2.8804099437500546e-06
29100.056 2.351402751840277e-06
29150.056 3.025850315880082e-06
29200.056 2.651409128110228e-06
29250.056 2.8545967880599106e-06
29300.056 2.4748175344292093e-06
29350.056 3.272182075849739e-06
29400.056 2.7637957736498686e-06
29450.056 2.7089579453399626e-06
29500.056 2.848973947959768e-06
29550.056 2.7814695136002124e-06
29600.056 3.008715434989816e-06
29650.056 2.806741529429925e-06
29700.056 2.659505042479909e-06
29750.056 3.137887559360778e-06
29800.056 3.142174723359721e-06
29850.056 2.9211585376297228e-06
29900.056 2.7057442751107364e-06
29950.056 3.2589123827295436e-06
30000.056 3.144723659299339e-06
30050.056 2.951543096000068e-06
30100.056 2.535479816399399e-06
30150.056 3.6158415638999114e-06
30200.056 3.243325870950202e-06
30250.056 3.1175812386004773e-06
30300.056 3.020957536199754e-06
30350.056 3.139755991300549e-06
30400.056 3.618301562200418e-06
30450.056 2.896293961060339e-06
30500.056 2.821864249360286e-06
30550.056 3.6129370990004156e-06
30600.056 3.4181296591802936e-06
30650.056 3.4700034405801735e-06
30700.056 3.177234150449838e-06
30750.056 3.1833556808800165e-06
30800.056 3.788496346620732e-06
30850.056 3.3012429290799667e-06
30900.056 3.1884079993198546e-06
30950.056 3.1771656059102046e-06
31000.056 3.7047649856999893e-06
31050.056 3.385379444700078e-06
31100.056 3.4085318629999726e-06
31150.056 3.528665806699549e-06
31200.056 3.490517457199663e-06
31250.056 3.953995548000613e-06
31300.056 3.4684400318998172e-06
31350.056 3.475378655299986e-06
31400.056 3.599748382600549e-06
31450.056 3.619225543820099e-06
31500.056 3.694134291900286e-06
31550.056 3.4237442682999094e-06
31600.056 3.6113940202598525e-06
31650.056 3.8022066182998063e-06
31700.056 3.72259683739991e-06
31750.056 3.486432552900012e-06
31800.056 3.81942420280021e-06
31850.056 4.135657237800097e-06
31900.056 4.054688751099664e-06
31950.056 3.4760048784998947e-06
32000.056 3.582279169600555e-06
32050.056 4.035170483400413e-06
32100.056 4.121933442699604e-06
32150.056 4.094311557599908e-06
32200.056 3.950590916400013e-06
32250.056 3.798921931900118e-06
32300.056 4.039305601400047e-06
32350.056 4.323611075800629e-06
32400.056 3.950622855899897e-06
32450.056 3.880486907800289e-06
32500.056 4.188608714500173e-06
32550.056 4.529337608200034e-06
32600.056 4.414269908499734e-06
32650.056 4.301395005700786e-06
32700.056 4.1792569401001956e-06
32750.056 4.2627590432000114e-06
32800.056 3.949000605700296e-06
32850.056 4.5737781892996766e-06
32900.056 4.461792026400093e-06
32950.056 4.012769640699834e-06
33000.056 4.3012469378002275e-06
33050.056 4.347092524699512e-06
33100.056 4.362960569499126e-06
33150.056 4.391239928200024e-06
33200.056 4.16241693720063e-06
33250.056 4.5027435803004276e-06
33300.056 4.7997537468002495e-06
33350.056 4.5074393043999746e-06
33400.056 4.113702618499572e-06
33450.056 4.391270252399141e-06
33500.056 4.595095593600168e-06
33550.056 4.367249443599606e-06
33600.056 4.499979502200576e-06
33650.056 4.610459067300791e-06
33700.056 4.732285554999552e-06
33750.056 4.677517087500119e-06
33800.056 4.501725856400152e-06
33850.056 4.537984473200276e-06
33900.056 5.0580738555994635e-06
33950.056 4.578718840199538e-06
34000.056 4.592791963999303e-06
34050.056 4.7332497818000174e-06
34100.056 4.764340144800576e-06
34150.056 4.715176597699377e-06
34200.056 4.593725442299558e-06
34250.056 5.040338880899518e-06
34300.056 4.750131557499719e-06
34350.056 4.813425001099757e-06
34400.056 4.734583015699682e-06
34450.056 4.447737797100273e-06
34500.056 4.939642523700778e-06
34550.056 4.684871246699805e-06
34600.056 4.773473474299876e-06
34650.056 4.8909539044000925e-06
34700.056 4.837553610099288e-06
34750.056 5.081475534300239e-06
34800.056 5.009767577699697e-06
34850.056 4.686942048599911e-06
34900.056 4.91382204630013e-06
34950.056 4.8606919782993756e-06
35000.056 4.719339150299567e-06
35050.056 5.353169607300635e-06
35100.056 4.989727807799483e-06
35150.056 5.062729199699717e-06
35200.056 5.012270027399875e-06
35250.056 4.734792071100463e-06
35300.056 5.061618798400383e-06
35350.056 5.196547382999831e-06
35400.056 4.907366578199618e-06
35450.056 4.918132801400216e-06
35500.056 5.216505969400011e-06
35550.056 5.069694757699794e-06
35600.056 4.881271101799307e-06
35650.056 5.326023641300499e-06
35700.056 4.957311342900268e-06
35750.056 5.014378190499647e-06
35800.056 5.2391605662997125e-06
35850.056 5.186504291200037e-06
35900.056 5.435530571899651e-06
35950.056 5.190222698899674e-06
36000.056 4.9190493478995306e-06
36050.056 5.4046039313002984e-06
36100.056 5.556178509199725e-06
36150.056 4.940614034800496e-06
36200.056 5.37538015119963e-06
36250.056 5.12243300309945e-06
36300.056 5.633716593300486e-06
36350.056 5.31026346719939e-06
36400.056 5.318299321599985e-06
36450.056 5.671396781399689e-06
36500.056 5.278480360300253e-06
36550.056 5.257537155400588e-06
36600.056 5.1919452254003055e-06
36650.056 5.400790635000383e-06
36700.056 5.708024451299992e-06
36750.056 5.1666568768004045e-06
36800.056 5.401370654299833e-06
36850.056 5.560575619800095e-06
36900.056 5.485549398800522e-06
36950.056 5.470545720500015e-06
37000.056 5.5698551969999354e-06
37050.056 5.697800171799787e-06
37100.056 5.490181400200427e-06
37150.056 5.516405408199237e-06
37200.056 5.612640178799988e-06
37250.056 5.666775890300082e-06
37300.056 5.727776863400732e-06
37350.056 5.383507280300498e-06
37400.056 5.645397462599879e-06
37450.056 5.5322582953002244e-06
37500.056 5.796134251099727e-06
37550.056 5.6179010420992776e-06
37600.056 5.851784126599589e-06
37650.056 5.5171355720997465e-06
37700.056 5.709491429200045e-06
37750.056 5.789068436899519e-06
37800.056 5.8652187004998424e-06
37850.056 5.7640845250998805e-06
37900.056 5.795930512000335e-06
37950.056 5.827864495800205e-06
38000.056 5.826508277900425e-06
38050.056 5.782131182200344e-06
38100.056 5.619973323900226e-06
38150.056 5.930296914599644e-06
38200.056 5.9570563754995994e-06
38250.056 5.647101335400481e-06
38300.056 5.600533450199965e-06
38350.056 5.770526591799978e-06
38400.056 5.863256428199852e-06
38450.056 5.936718654600314e-06
38500.056 5.754198615499832e-06
38550.056 5.8182560387003275e-06
38600.056 6.199921527999855e-06
38650.056 5.625647736700097e-06
38700.056 5.662640192100652e-06
38750.056 5.92079880289994e-06
38800.056 5.814887352300649e-06
38850.056 5.8678432206000945e-06
38900.056 5.626247023199948e-06
38950.056 5.89598007399989e-06
39000.056 5.794823639600087e-06
39050.056 5.8624144245999405e-06
39100.056 5.589108055800033e-06
39150.056 5.72998688960017e-06
39200.056 5.835066096900122e-06
39250.056 5.816704746399497e-06
39300.056 5.827875004499377e-06
39350.056 5.771796440900385e-06
39400.056 5.71477830260011e-06
39450.056 5.7688029538999155e-06
39500.056 5.631012852899806e-06
39550.056 5.549823051399292e-06
39600.056 5.920284399600083e-06
39650.056 5.4749602857001565e-06
39700.056 5.612478001999957e-06
39750.056 5.690066867299582e-06
39800.056 5.3611729791002565e-06
39850.056 5.582715883899788e-06
39900.056 5.413679114299767e-06
39950.056 5.620180020299802e-06
40000.056 5.292907614999734e-06
40050.056 5.096203287999955e-06
40100.056 5.371302143799868e-06
40150.056 5.08508310269924e-06
40200.056 5.301538029699839e-06
40250.056 5.129021029698834e-06
40300.056 4.978949951100361e-06
40350.056 5.1285634862001516e-06
40400.056 5.157624024500084e-06
40450.056 4.838138668500464e-06
40500.056 4.635213572900116e-06
40550.056 5.20130469039963e-06
40600.056 4.6487299355003186e-06
40650.056 4.942151144500606e-06
40700.056 5.13866162890011e-06
40750.056 4.609276043098928e-06
40800.056 4.573306227500255e-06
40850.056 4.32623464110087e-06
40900.056 4.32953965880047e-06
40950.056 4.551134963899961e-06
41000.056 4.678102702800098e-06
41050.056 4.643444991599263e-06
41100.056 4.366535375400109e-06
41150.056 4.67828360080011e-06
41200.056 4.442900269400087e-06
41250.056 4.519239403700213e-06
41300.056 4.029277885599636e-06
41350.056 4.56142533970013e-06
41400.056 4.316510663900134e-06
41450.056 4.285725575700114e-06
41500.056 4.509439119500229e-06
41550.056 4.417462315400127e-06
41600.056 4.406771749700063e-06
41650.056 4.130367726000399e-06
41700.056 4.004485226399685e-06
41750.056 4.29477407189994e-06
41800.056 4.260724732499816e-06
41850.056 3.816338133300436e-06
41900.056 4.3287158741995994e-06
41950.056 4.142597210100384e-06
42000.056 4.17982395590034e-06
42050.056 3.8880944699991984e-06
42100.056 4.253901790900283e-06
42150.056 3.6418666497995494e-06
42200.056 3.703732954900206e-06
42250.056 4.170265787299793e-06
42300.056 3.838163903300076e-06
42350.056 4.156442951300602e-06
42400.056 3.805273113900199e-06
42450.056 3.4728479017001236e-06
42500.056 3.538686813100212e-06
42550.056 3.7170984025998673e-06
42600.056 3.6838720074004062e-06
42650.056 3.7029083967990868e-06
42700.056 3.764734690800399e-06
42750.056 3.5672737821999816e-06
42800.056 3.699889671600324e-06
42850.056 3.883361616999669e-06
42900.056 3.826820923900231e-06
42950.056 3.30626234929897e-06
43000.056 3.5563644873000445e-06
43050.056 3.2960242458010975e-06
43100.056 3.4597736367997376e-06
43150.056 3.514441014300593e-06
43200.056 3.3153798246999513e-06
43250.056 3.4241643977004417e-06
43300.056 3.4309040903001625e-06
43350.056 3.1777291707994685e-06
43400.056 3.176344400099856e-06
43450.056 3.1531407992004667e-06
43500.056 3.105698767799548e-06
43550.056 3.0907617952999637e-06
43600.056 3.255542970600162e-06
43650.056 2.910728251440138e-06
43700.056 2.958870956200024e-06
43750.056 2.9673276980000994e-06
43800.056 2.7969135447999695e-06
43850.056 2.841301317700459e-06
43900.056 2.919175588619975e-06
43950.056 2.7515820342200514e-06
44000.056 2.545662238900055e-06
44050.056 2.528843302400098e-06
44100.056 2.661054921200431e-06
44150.056 2.803091718999822e-06
44200.056 2.5433891165201646e-06
44250.056 2.5474430224998875e-06
44300.056 2.4521028664004113e-06
44350.056 2.3580352582002025e-06
44400.056 2.4739326552998926e-06
44450.056 2.5752220180001643e-06
44500.056 2.4923165669003037e-06
44550.056 2.28171024637955e-06
44600.056 2.2932429389602677e-06
44650.056 2.4933338221599325e-06
44700.056 2.316601717720159e-06
44750.056 2.3957583915597155e-06
44800.056 2.36340664457998e-06
44850.056 2.3854075472601954e-06
44900.056 2.2609316782002244e-06
44950.056 2.117013570040109e-06
45000.056 2.3105778688999684e-06
45050.056 2.2770415029997525e-06
45100.056 2.377390438100018e-06
45150.056 2.2106112316300174e-06
45200.056 2.0309392699799116e-06
45250.056 2.1302659132298137e-06
45300.056 2.3151236292000918e-06
45350.056 2.3373547030097637e-06
45400.056 2.1974803880202514e-06
45450.056 2.0599679266597032e-06
45500.056 2.1327968186798424e-06
45550.056 2.3401773264598967e-06
45600.056 2.1731868922999578e-06
45650.056 2.0067912963996557e-06
45700.056 2.2260238065001993e-06
45750.056 2.086638098219995e-06
45800.056 2.054984964419927e-06
45850.056 2.4078190027000072e-06
45900.056 2.319927728919999e-06
45950.056 2.0788436318399707e-06
46000.056 2.432389405320003e-06
46050.056 2.4902426345105933e-06
46100.056 2.0534121715201383e-06
46150.056 2.1283993101598856e-06
46200.056 2.319119979150526e-06
46250.056 1.969205768839977e-06
46300.056 2.4997731512599865e-06
46350.056 2.128869959149824e-06
46400.056 2.226360223719783e-06
46450.056 2.2180588376403498e-06
46500.056 2.0971438485398734e-06
46550.056 2.430055240619979e-06
46600.056 2.282523367960007e-06
46650.056 2.7287035239598895e-06
46700.056 2.6362613262907667e-06
46750.056 2.1673809419499987e-06
46800.056 2.333227101720331e-06
46850.056 2.44478255359016e-06
46900.056 2.323423519139653e-06
46950.056 2.6588524159700733e-06
47000.056 2.2914496394500214e-06
47050.056 2.5335907888998038e-06
47100.056 2.1215649396000594e-06
47150.056 2.3874269062802605e-06
47200.056 2.395690291940598e-06
47250.056 2.2772159674695883e-06
47300.056 2.4377193049295137e-06
47350.056 2.028077724959747e-06
47400.056 2.4021444608095587e-06
47450.056 2.3552975043599077e-06
47500.056 2.357140469499646e-06
47550.056 2.2547388532097753e-06
47600.056 2.483813235399806e-06
47650.056 1.9036537983895924e-06
47700.056 2.501609235799939e-06
47750.056 1.8298856372204608e-06
47800.056 2.439843667499856e-06
47850.056 1.896418948589669e-06
47900.056 2.4993837747000807e-06
47950.056 1.9348927632303904e-06
48000.056 2.699984303500002e-06
48050.056 2.069668934370309e-06
48100.056 2.286065800719933e-06
48150.056 2.046943516040211e-06
48200.056 2.4972699590803044e-06
48250.056 2.0809769690999874e-06
48300.056 2.649009763899815e-06
48350.056 1.852652239629607e-06
48400.056 2.412538134179953e-06
48450.056 2.0194092275801072e-06
48500.056 2.664322953900005e-06
48550.056 1.8599041200399887e-06
48600.056 2.5686627112997938e-06
48650.056 1.908357050319989e-06
48700.056 2.4708217690001036e-06
48750.056 1.7272927711301872e-06
48800.056 2.6088953517001632e-06
48850.056 1.870708953269666e-06
48900.056 2.5009049208001917e-06
48950.056 2.1624624239200423e-06
49000.056 2.2096115090999674e-06
49050.056 2.3334473110998493e-06
49100.056 2.1496090772201425e-06
49150.056 2.1938524544099567e-06
49200.056 2.152430541099875e-06
49250.056 2.181314496650041e-06
49300.056 1.975826982009698e-06
49350.056 2.0985276757998985e-06
49400.056 2.427682376500154e-06
49450.056 2.086756470680444e-06
49500.056 2.1404952801002293e-06
49550.056 1.951129101199861e-06
49600.056 2.0601542428003238e-06
49650.056 2.1539478619001175e-06
49700.056 1.8616799468198337e-06
49750.056 2.7472890913996986e-06
49800.056 2.068378034900054e-06
49850.056 2.5675113519400937e-06
49900.056 2.0834395624000613e-06
49950.056 2.1519128835996336e-06
50000.056 2.1271934170195244e-06
50050.056 2.152921572500131e-06
50100.056 2.3077394158998885e-06
50150.056 2.005247663240006e-06
50200.056 1.8941790594001652e-06
50250.056 2.099494181610164e-06
50300.056 1.957023780709844e-06
50350.056 2.325642892199933e-06
50400.056 2.059074480699914e-06
50450.056 2.029024871300248e-06
50500.056 2.575931633900265e-06
50550.056 2.080955901919899e-06
50600.056 2.2386689141600443e-06
50650.056 2.100828690200419e-06
50700.056 2.3591602625596083e-06
50750.056 2.4147278593002434e-06
50800.056 1.8033499501098033e-06
50850.056 2.161331723420223e-06
50900.056 2.217920798399913e-06
50950.056 2.232552668200378e-06
51000.056 2.57980020629023e-06
51050.056 2.0466816026202253e-06
51100.056 2.025924804749903e-06
51150.056 2.306252375959996e-06
51200.056 2.066417032239945e-06
51250.056 2.350319984270044e-06
51300.056 1.959021638140466e-06
51350.056 2.2638955406998952e-06
51400.056 2.1912521582995413e-06
51450.056 1.6189318477997597e-06
51500.056 2.218651061360084e-06
51550.056 2.63441204736019e-06
51600.056 1.7733094580699643e-06
51650.056 2.2146252977997115e-06
51700.056 2.0233704751493875e-06
51750.056 1.9651989463500703e-06
51800.056 2.32690612109966e-06
51850.056 2.229585029299723e-06
51900.056 2.3874309957002376e-06
51950.056 2.1748092968998007e-06
52000.056 1.8967709034399826e-06
52050.056 2.2489390262398383e-06
52100.056 2.133986502699695e-06
52150.056 2.1466275891501577e-06
52200.056 2.0684114887101072e-06
52250.056 2.0724746131899452e-06
52300.056 2.235491029279961e-06
52350.056 2.392794706940217e-06
52400.056 1.815527807930148e-06
52450.056 2.064215765260046e-06
52500.056 2.317003980279559e-06
52550.056 2.1289461366995727e-06
52600.056 2.2197280400601023e-06
52650.056 2.459380017630321e-06
52700.056 2.0756529270700847e-06
52750.056 1.830204282379867e-06
52800.056 1.987780347000128e-06
52850.056 1.9032108396699424e-06
52900.056 2.1922108769800917e-06
52950.056 2.033133844499772e-06
53000.056 2.3078794357498232e-06
53050.056 2.1527675756296383e-06
53100.056 1.989783511309724e-06
53150.056 2.3863847754003604e-06
53200.056 1.731280736270281e-06
53250.056 2.3103017623999765e-06
53300.056 2.3033049293006294e-06
53350.056 2.317758287299725e-06
53400.056 2.084492758600126e-06
53450.056 2.012534432050071e-06
53500.056 1.7411793530397512e-06
53550.056 2.2025987412799316e-06
53600.056 2.2649870813603117e-06
53650.056 1.8728776131502724e-06
53700.056 1.9818390072403722e-06
