galfind/configs/Brown_Dwarf_templates/sonora_bobcat/m0.0/1000g/sp_t700g1000nc_m0.0_resample.dat
# %ECSV 1.0
# ---
# datatype:
# - {name: wav, unit: Angstrom, datatype: float64}
# - {name: flux_nu, unit: erg / (cm2 Hz s), datatype: float64}
# meta: {C/O: '1.00', Kzz: '1.0000E+05', Teff: '700.', Y: '0.28', '[Fe/H]': '0.00', f_hole: '1.00', f_rain: '0.00', grav: '1000.'}
# schema: astropy-2.0
wav flux_nu
4000.0559999999996 nan
4050.0559999999996 2.4465829931166343e-15
4100.056 4.338195242450078e-13
4150.056 3.7095415002000545e-12
4200.056 3.5081068965946217e-12
4250.056 2.0371233762500182e-11
4300.056 3.740047129400055e-11
4350.056 5.247505661000023e-11
4400.056 7.21937135490004e-11
4450.056 9.756912780100089e-11
4500.056 1.118667672810008e-10
4550.056 1.0920798976799898e-10
4600.056 3.624050311099986e-11
4650.056 2.008504037699988e-11
4700.056 9.07174909199991e-12
4750.056 2.2848849797499682e-12
4800.056 5.190866655399934e-13
4850.056 1.454919442169985e-13
4900.056 6.663784769499959e-14
4950.056 3.668795213399977e-14
5000.056 1.7992388783999853e-14
5050.056 1.0085280414199981e-14
5100.056 9.428791943100022e-15
5150.056 9.46387713600001e-15
5200.056 9.606646827200007e-15
5250.056 9.737593229900002e-15
5300.056 9.984508445300006e-15
5350.056 1.0410417481000006e-14
5400.056 1.0944061690000007e-14
5450.056 1.1603438046000023e-14
5500.056 1.234508207700002e-14
5550.056 1.312531111000001e-14
5600.056 1.3849444454000009e-14
5650.056 1.4403048693e-14
5700.056 1.4556101642e-14
5750.056 1.4154747041999992e-14
5800.056 1.2609649281999965e-14
5850.056 8.913351788799905e-15
5900.056 3.010049390117507e-15
5950.056 1.738439676110031e-14
6000.056 3.587911838000013e-14
6050.056 6.199655650600057e-14
6100.056 9.866496907300073e-14
6150.056 1.5075017877000091e-13
6200.056 2.2471209154000118e-13
6250.056 3.268783799700015e-13
6300.056 4.74855154750002e-13
6350.056 6.852461111200032e-13
6400.056 9.841509615500058e-13
6450.056 1.3682392123000004e-12
6500.056 1.943442283200011e-12
6550.056 2.7626372839999953e-12
6600.056 3.903947228500047e-12
6650.056 5.4862913596000344e-12
6700.056 7.0412588986000594e-12
6750.056 1.0047406695600045e-11
6800.056 1.2430303239000052e-11
6850.056 1.3348089782999998e-11
6900.056 1.1760752454200032e-11
6950.056 9.761256513899979e-12
7000.056 9.627796194899983e-12
7050.056 1.017323446419996e-11
7100.056 1.102927090089997e-11
7150.056 1.0691677071799865e-11
7200.056 1.0164470751200024e-11
7250.056 1.01097125085997e-11
7300.056 9.560420567300306e-12
7350.056 9.495507480999938e-12
7400.056 9.412253405600148e-12
7450.056 9.44050285520017e-12
7500.056 9.281731708699989e-12
7550.056 8.857090974299986e-12
7600.056 8.153868598399974e-12
7650.056 3.3259565773748942e-12
7700.056 2.77620981664609e-12
7750.056 8.604832006200102e-12
7800.056 1.2460398491900059e-11
7850.056 1.8897533524000056e-11
7900.056 2.5596227023000022e-11
7950.056 2.98713162692002e-11
8000.056 4.539429525700033e-11
8050.056 5.963144075300051e-11
8100.056 7.071818108299913e-11
8150.056 8.485144083500065e-11
8200.056 1.2046827787300335e-10
8250.056 1.4857538670400016e-10
8300.056 1.894193173880072e-10
8350.056 2.3543909706199786e-10
8400.056 2.954515433299989e-10
8450.056 3.7869491518999996e-10
8500.056 4.345874169329892e-10
8550.056 5.677150380200142e-10
8600.056 7.16406375920006e-10
8650.056 8.663887561400072e-10
8700.056 1.0281365346700084e-09
8750.056 1.2252968434000092e-09
8800.056 1.43323061690001e-09
8850.056 1.5945035846999983e-09
8900.056 1.4100307322499657e-09
8950.056 1.3473317710399957e-09
9000.056 1.6525712155899154e-09
9050.056 2.5650717677900285e-09
9100.056 2.951961225931084e-09
9150.056 3.3059210130500906e-09
9200.056 4.009771883989943e-09
9250.056 4.059094635064836e-09
9300.056 1.4383674269780844e-09
9350.056 2.0142933011682668e-09
9400.056 3.837225384411329e-09
9450.056 3.775380441193e-09
9500.056 3.654294970121639e-09
9550.056 4.024766557443723e-09
9600.056 4.341272712190948e-09
9650.056 5.502096466879418e-09
9700.056 7.938927782601496e-09
9750.056 8.585347393328883e-09
9800.056 1.0055129946369588e-08
9850.056 1.1825578859499817e-08
9900.056 1.4423027426500213e-08
9950.056 1.5867355303900198e-08
10000.056 1.4778487365409896e-08
10050.056 2.0107733690000134e-08
10100.056 2.27776706680001e-08
10150.056 2.4752157215999985e-08
10200.056 2.6573244965000527e-08
10250.056 3.015743936100041e-08
10300.056 3.484287372799896e-08
10350.056 3.656929345400076e-08
10400.056 4.1808691723000164e-08
10450.056 4.590808851499835e-08
10500.056 4.975955936899959e-08
10550.056 5.391671810100017e-08
10600.056 5.671166456999989e-08
10650.056 5.934140441000053e-08
10700.056 6.038691465300041e-08
10750.056 6.228415209900042e-08
10800.056 6.282308277900045e-08
10850.056 6.131092728300022e-08
10900.056 5.224212825999916e-08
10950.056 3.380021304470002e-08
11000.056 2.3855410861697366e-08
11050.056 1.5033799638914867e-08
11100.056 9.479427323352208e-09
11150.056 5.659354678215465e-09
11200.056 5.929215212161879e-09
11250.056 8.131539825937312e-09
11300.056 8.931579360630441e-09
11350.056 3.878031350198797e-09
11400.056 1.0781490450319097e-08
11450.056 7.345587238568675e-09
11500.056 7.491597552350656e-09
11550.056 3.627268760617774e-09
11600.056 3.279912881025385e-09
11650.056 5.915202280693804e-09
11700.056 6.666726059272698e-09
11750.056 3.444869929067325e-09
11800.056 9.624734708113522e-09
11850.056 1.4600100596139595e-08
11900.056 1.8222504190799106e-08
11950.056 2.51575814352019e-08
12000.056 3.2596090536100624e-08
12050.056 4.1808792437001675e-08
12100.056 5.100649598799786e-08
12150.056 6.266426782199796e-08
12200.056 7.208603853899913e-08
12250.056 8.514629019099702e-08
12300.056 1.0124837645800257e-07
12350.056 1.0704807884699961e-07
12400.056 1.243198103579983e-07
12450.056 1.3770003006200194e-07
12500.056 1.4727372266000391e-07
12550.056 1.6181086184100026e-07
12600.056 1.7612562116000177e-07
12650.056 1.7790321496999972e-07
12700.056 1.7713208925200231e-07
12750.056 1.6084067629800225e-07
12800.056 1.4922102141599978e-07
12850.056 1.1998383361800045e-07
12900.056 1.0354497118400304e-07
12950.056 9.326587270990154e-08
13000.056 9.383680969200406e-08
13050.056 7.766983439620019e-08
13100.056 7.612965345847444e-08
13150.056 5.851253496458158e-08
13200.056 5.4452689470018835e-08
13250.056 3.943965609795891e-08
13300.056 1.878833164755695e-08
13350.056 6.001604781876389e-09
13400.056 2.076291785915004e-09
13450.056 9.914604229991464e-10
13500.056 5.080923937928772e-10
13550.056 2.739359847504325e-10
13600.056 1.439110732943166e-10
13650.056 5.013681968480552e-10
13700.056 3.346348772088246e-10
13750.056 6.580848187123001e-10
13800.056 7.719823946340993e-10
13850.056 4.336495541641851e-10
13900.056 4.833897643563963e-10
13950.056 4.792080329909793e-10
14000.056 5.139254467548818e-10
14050.056 7.100789489836403e-10
14100.056 5.642126687523144e-10
14150.056 9.045952251505556e-10
14200.056 6.537390530148448e-10
14250.056 7.48576317335489e-10
14300.056 1.6927812176433586e-09
14350.056 1.5518392008129602e-09
14400.056 1.5975329299839655e-09
14450.056 2.317831497963007e-09
14500.056 4.333555159334872e-09
14550.056 4.473092294930665e-09
14600.056 6.936510561553861e-09
14650.056 5.4968671237234235e-09
14700.056 3.4264694630243052e-09
14750.056 3.736819185881521e-09
14800.056 4.994245865081875e-09
14850.056 5.356473091157368e-09
14900.056 5.604279999217677e-09
14950.056 6.318189035769691e-09
15000.056 9.823921245510561e-09
15050.056 1.0414805441029796e-08
15100.056 9.574581919259487e-09
15150.056 9.017393021565098e-09
15200.056 1.2323849391090778e-08
15250.056 1.9319054762012508e-08
15300.056 2.2647085956840675e-08
15350.056 2.8017911928899103e-08
15400.056 3.3566934988545164e-08
15450.056 3.942960706284492e-08
15500.056 4.461336720299508e-08
15550.056 5.4978655423004606e-08
15600.056 6.526930948799806e-08
15650.056 7.530720273300294e-08
15700.056 8.934371661300162e-08
15750.056 9.61284403170008e-08
15800.056 1.0089059442599993e-07
15850.056 1.068969574900016e-07
15900.056 1.0195337709100064e-07
15950.056 9.647409270799744e-08
16000.056 8.149757636400126e-08
16050.056 5.896171737799797e-08
16100.056 4.257842674469812e-08
16150.056 2.823184153358864e-08
16200.056 1.7785459703490116e-08
16250.056 1.4377396408205398e-08
16300.056 1.1314357289839821e-08
16350.056 1.3105073938589992e-08
16400.056 1.5281677748489194e-08
16450.056 1.6033703261903078e-08
16500.056 1.7227026674396774e-08
16550.056 1.6798212114705983e-08
16600.056 1.9822661491397693e-08
16650.056 1.3388193605493885e-08
16700.056 4.217041483634857e-09
16750.056 9.014031520817675e-09
16800.056 1.3640572873273714e-08
16850.056 1.409568527374848e-08
16900.056 1.067982390363968e-08
16950.056 8.396756511899373e-09
17000.056 6.166180104272782e-09
17050.056 9.661736961841614e-09
17100.056 1.2512715819610308e-08
17150.056 9.612191278926773e-09
17200.056 1.6697378644739472e-08
17250.056 1.2500944102404408e-08
17300.056 1.0089571329529273e-08
17350.056 9.580129058419446e-09
17400.056 1.1346315647916572e-08
17450.056 1.2637121512758642e-08
17500.056 1.430265893000329e-08
17550.056 1.2096253661949494e-08
17600.056 1.0610876714686665e-08
17650.056 9.610505353660059e-09
17700.056 7.682861585349353e-09
17750.056 6.410067973425735e-09
17800.056 9.093845978719428e-09
17850.056 5.6168052016136986e-09
17900.056 5.3600886147631455e-09
17950.056 3.872321374389686e-09
18000.056 5.191424520925807e-09
18050.056 3.5616221845155055e-09
18100.056 4.133765905605897e-09
18150.056 4.492890074200749e-09
18200.056 2.8628352419575514e-09
18250.056 7.195359371405097e-09
18300.056 2.9557386283423572e-09
18350.056 2.6311350929696453e-09
18400.056 2.163088577922757e-09
18450.056 4.507749685227848e-09
18500.056 4.355500113552079e-09
18550.056 3.0142818541335773e-09
18600.056 2.952904428306985e-09
18650.056 2.323756908728936e-09
18700.056 1.4537165599696437e-09
18750.056 2.6018152206569996e-09
18800.056 6.831281608376594e-09
18850.056 6.881835168346377e-09
18900.056 5.962579772343101e-09
18950.056 1.0204431552296077e-08
19000.056 4.841097714052191e-09
19050.056 2.9930617201197334e-09
19100.056 5.561310263609679e-09
19150.056 3.100653633294792e-09
19200.056 4.363079336670548e-09
19250.056 2.955016344986614e-09
19300.056 2.391735020368238e-09
19350.056 2.1744907630840123e-09
19400.056 1.6767548915367648e-09
19450.056 2.813787567477849e-09
19500.056 2.613563500663212e-09
19550.056 2.5927849460538726e-09
19600.056 3.7525179192297075e-09
19650.056 3.914227158153521e-09
19700.056 4.177796444620651e-09
19750.056 5.743634580475583e-09
19800.056 4.874489061546415e-09
19850.056 6.545281739472259e-09
19900.056 6.5227671479106685e-09
19950.056 9.312609909473263e-09
20000.056 9.850343907865675e-09
20050.056 9.880395002044546e-09
20100.056 1.3675933112214142e-08
20150.056 1.015435428864422e-08
20200.056 9.504157261235152e-09
20250.056 1.3691699442900382e-08
20300.056 1.4644804383057801e-08
20350.056 1.5378916474049494e-08
20400.056 1.495449944720912e-08
20450.056 2.064737984421322e-08
20500.056 2.2772227565295032e-08
20550.056 2.388214045760249e-08
20600.056 2.5889562728903166e-08
20650.056 2.857718525349972e-08
20700.056 3.019478817770154e-08
20750.056 3.172200388109845e-08
20800.056 3.224598997399618e-08
20850.056 3.3916966791000415e-08
20900.056 3.508871946599729e-08
20950.056 3.441448276000143e-08
21000.056 3.3951466185000956e-08
21050.056 3.429600137899867e-08
21100.056 3.337093960400063e-08
21150.056 3.3330567006996816e-08
21200.056 3.184396454800141e-08
21250.056 3.049394271409666e-08
21300.056 2.7778687223299378e-08
21350.056 2.709495006809876e-08
21400.056 2.649228286910343e-08
21450.056 2.3675615493890154e-08
21500.056 2.1985387961811463e-08
21550.056 2.024956729420002e-08
21600.056 1.8358712234495023e-08
21650.056 1.545223422523986e-08
21700.056 1.5374939632519654e-08
21750.056 1.3330249415833672e-08
21800.056 1.082423807659776e-08
21850.056 9.771132208864992e-09
21900.056 7.578688753177415e-09
21950.056 4.593881258772641e-09
22000.056 1.6065386485259293e-09
22050.056 1.6127017948863428e-09
22100.056 3.801839834109737e-09
22150.056 3.6258482475516994e-09
22200.056 3.960469797814085e-09
22250.056 3.467549085787329e-09
22300.056 2.345087954015129e-09
22350.056 2.650049724172869e-09
22400.056 1.499738684813077e-09
22450.056 1.7229683111846285e-09
22500.056 1.5572327353165476e-09
22550.056 1.167979388114216e-09
22600.056 1.0919638114708777e-09
22650.056 1.4771892719004268e-09
22700.056 1.2504191204128069e-09
22750.056 1.3659402723737268e-09
22800.056 1.4424862559617617e-09
22850.056 1.1614340586598689e-09
22900.056 1.0206552801327895e-09
22950.056 9.43960173363856e-10
23000.056 1.172418586659121e-09
23050.056 1.4988667403256721e-09
23100.056 3.88113564842702e-09
23150.056 3.358647435909915e-09
23200.056 4.76488228757333e-10
23250.056 1.1193416726125112e-09
23300.056 9.677653644345368e-10
23350.056 1.1103832421029779e-09
23400.056 1.0233900872701376e-09
23450.056 8.663593316233207e-10
23500.056 9.709484810659505e-10
23550.056 1.4327186548554695e-09
23600.056 1.99895307360906e-09
23650.056 2.6194126377531834e-09
23700.056 9.261086209859177e-10
23750.056 9.015768584172099e-10
23800.056 1.9537263289468717e-09
23850.056 1.7027086122165318e-09
23900.056 3.0142771944629928e-09
23950.056 2.377469334512635e-09
24000.056 3.6161955991182274e-09
24050.056 3.883004179968733e-09
24100.056 3.745206371937607e-09
24150.056 4.908163019717437e-09
24200.056 4.12907856087936e-09
24250.056 3.6679678601589768e-09
24300.056 5.321964107264026e-09
24350.056 4.366723263908326e-09
24400.056 6.854348485593953e-09
24450.056 6.658889005674793e-09
24500.056 6.330179972573247e-09
24550.056 8.343327632999103e-09
24600.056 8.4671181224588e-09
24650.056 1.1053787806030604e-08
24700.056 7.252629428109306e-09
24750.056 8.280841417687738e-09
24800.056 7.753271869287099e-09
24850.056 1.199360356561845e-08
24900.056 5.469379935752904e-09
24950.056 1.0664557105143564e-08
25000.056 9.288575151077104e-09
25050.056 5.766240904796636e-09
25100.056 9.00058303118527e-09
25150.056 5.196893461084922e-09
25200.056 7.062166436853178e-09
25250.056 3.500176045915067e-09
25300.056 5.343079857387226e-09
25350.056 2.7319400987716757e-09
25400.056 5.992291359637795e-09
25450.056 2.5848179538117264e-09
25500.056 2.495985402491326e-09
25550.056 3.795517167199914e-09
25600.056 2.9019766697224137e-09
25650.056 1.54502236099233e-09
25700.056 2.865309463184656e-09
25750.056 9.996411841851184e-10
25800.056 3.7106566251821773e-09
25850.056 1.1487313212315639e-09
25900.056 1.7628797239141223e-09
25950.056 6.636883785157334e-10
26000.056 3.629370725793849e-09
26050.056 1.0816340271530088e-09
26100.056 3.268591148477985e-09
26150.056 1.996080029352511e-09
26200.056 2.230681027453053e-09
26250.056 6.872387810961225e-09
26300.056 2.8846440523453872e-09
26350.056 8.814223287464596e-09
26400.056 8.81816778347654e-09
26450.056 7.753870595565931e-09
26500.056 1.1164316665655875e-08
26550.056 3.4076977958765736e-09
26600.056 4.5542670039045776e-09
26650.056 1.2973152747555348e-09
26700.056 1.0225716016150784e-09
26750.056 8.201397460042269e-10
26800.056 1.7486987622693204e-09
26850.056 9.529188146935915e-10
26900.056 3.235098204564608e-09
26950.056 1.3888281178429892e-09
27000.056 5.104972604603612e-09
27050.056 4.665338085186438e-09
27100.056 1.7822382483196435e-09
27150.056 6.654433463738902e-09
27200.056 1.8297234378872132e-09
27250.056 3.4738338544737784e-09
27300.056 1.2069133429482361e-08
27350.056 6.420880380362544e-09
27400.056 8.656068952795864e-10
27450.056 7.533713406750357e-09
27500.056 8.54065353640227e-09
27550.056 2.24061480226785e-09
27600.056 5.002931485369184e-09
27650.056 1.904517398567114e-09
27700.056 1.5029118691953768e-09
27750.056 6.052599288293669e-09
27800.056 2.2689736098225677e-09
27850.056 3.074101235920594e-09
27900.056 3.318627048798099e-09
27950.056 6.832443627825269e-09
28000.056 5.330971509469765e-09
28050.056 1.2413883007888663e-09
28100.056 6.026950503314069e-09
28150.056 4.100376145152784e-09
28200.056 1.7197167349153519e-09
28250.056 7.288140987104602e-09
28300.056 7.526085354736233e-09
28350.056 2.191413054891244e-09
28400.056 5.51253702710426e-09
28450.056 8.271913014723246e-09
28500.056 5.700489101038084e-09
28550.056 1.7129438709042953e-09
28600.056 8.996788271910933e-09
28650.056 6.474539229532253e-09
28700.056 7.0929286242817915e-09
28750.056 1.0910777731088367e-08
28800.056 7.025548803938234e-09
28850.056 9.892238765334646e-09
28900.056 5.151276218009025e-09
