galfind/configs/Brown_Dwarf_templates/sonora_bobcat/m0.0/1000g/sp_t2100g1000nc_m0.0_resample.dat
# %ECSV 1.0
# ---
# datatype:
# - {name: wav, unit: Angstrom, datatype: float64}
# - {name: flux_nu, unit: erg / (cm2 Hz s), datatype: float64}
# meta: {C/O: '1.00', Kzz: '1.0000E+05', Teff: '2100.', Y: '0.28', '[Fe/H]': '0.00', f_hole: '1.00', f_rain: '0.00', grav: '1000.'}
# schema: astropy-2.0
wav flux_nu
4000.0559999999996 nan
4050.0559999999996 8.096180333103083e-09
4100.056 1.1952299850739416e-08
4150.056 1.0711154512300935e-08
4200.056 7.988585246216407e-09
4250.056 7.097017324360926e-09
4300.056 4.6990775267820075e-09
4350.056 4.803917194940288e-09
4400.056 5.277794817051866e-09
4450.056 3.0381972764203345e-09
4500.056 2.930394028090353e-09
4550.056 3.813441804958946e-09
4600.056 3.1266895859996633e-09
4650.056 2.5356027237295464e-09
4700.056 3.196955269520325e-09
4750.056 3.799248188809283e-09
4800.056 2.1072875746404214e-09
4850.056 2.8052263088604964e-09
4900.056 4.869908754499572e-09
4950.056 5.65514064412007e-09
5000.056 2.4568984268395988e-09
5050.056 3.0259489960702717e-09
5100.056 4.028016520630773e-09
5150.056 3.4508720476408424e-09
5200.056 2.752019798799965e-09
5250.056 4.012709831810147e-09
5300.056 4.8237061460999366e-09
5350.056 4.989737963500309e-09
5400.056 5.15194338860006e-09
5450.056 3.942258937609795e-09
5500.056 2.896467230049917e-09
5550.056 3.1310889467999338e-09
5600.056 2.6234266264001244e-09
5650.056 2.0882809598999875e-09
5700.056 1.6234697871000047e-09
5750.056 9.557582219899665e-10
5800.056 4.71139166929991e-10
5850.056 1.4111657430199643e-10
5900.056 1.495571556313055e-11
5950.056 3.287680763850063e-10
6000.056 1.307711607560011e-09
6050.056 3.373982016100073e-09
6100.056 6.0746659882001826e-09
6150.056 8.7675639673997e-09
6200.056 9.327262384799993e-09
6250.056 1.2183110425400355e-08
6300.056 1.7773334790000343e-08
6350.056 2.283556765900085e-08
6400.056 2.8130271048000065e-08
6450.056 3.55683919199961e-08
6500.056 4.005827825399513e-08
6550.056 4.896631799399553e-08
6600.056 4.955631119300095e-08
6650.056 4.466060118100372e-08
6700.056 2.883986571209504e-08
6750.056 4.187347484900174e-08
6800.056 4.7478469577002765e-08
6850.056 5.465101838799975e-08
6900.056 5.846426129200018e-08
6950.056 7.278007705699908e-08
7000.056 1.1100644884499429e-07
7050.056 1.1090063975400593e-07
7100.056 6.255609743999839e-08
7150.056 5.6502647144002195e-08
7200.056 7.565563411799816e-08
7250.056 1.0371222228301038e-07
7300.056 1.479915795890164e-07
7350.056 1.919988176910033e-07
7400.056 2.0862901252801665e-07
7450.056 1.9720430808099448e-07
7500.056 1.9015557500200193e-07
7550.056 1.7869765378500238e-07
7600.056 1.0918045291799458e-07
7650.056 1.653448318644518e-08
7700.056 5.465624570932441e-09
7750.056 6.431569444000226e-08
7800.056 1.1827697199435222e-07
7850.056 1.7660408300100243e-07
7900.056 2.1149048535001718e-07
7950.056 2.1945564979539967e-07
8000.056 3.003332948799773e-07
8050.056 4.416144752999829e-07
8100.056 6.127043644100526e-07
8150.056 8.039370129500056e-07
8200.056 5.394868856079511e-07
8250.056 7.602416746799783e-07
8300.056 6.759234017601304e-07
8350.056 7.394722823201225e-07
8400.056 7.6387803967005e-07
8450.056 5.011894787899621e-07
8500.056 4.468832033255587e-07
8550.056 5.730217349900493e-07
8600.056 6.968802097698324e-07
8650.056 8.430232260899088e-07
8700.056 8.236317003799759e-07
8750.056 9.527357158600973e-07
8800.056 1.2685372186501578e-06
8850.056 1.2165146986799782e-06
8900.056 8.584473099200616e-07
8950.056 9.453881039257141e-07
9000.056 1.2224793922401035e-06
9050.056 1.2143405923199104e-06
9100.056 1.5620802159700007e-06
9150.056 1.8458779978900323e-06
9200.056 1.8451111676702429e-06
9250.056 1.3815566227200396e-06
9300.056 1.1900277876700153e-06
9350.056 1.325649068729967e-06
9400.056 1.4698722016801625e-06
9450.056 1.6951200257197616e-06
9500.056 2.011935398969907e-06
9550.056 2.1996407832001567e-06
9600.056 2.382272242070251e-06
9650.056 2.6732505911503317e-06
9700.056 2.938660677459826e-06
9750.056 2.381205459329911e-06
9800.056 2.55214706746988e-06
9850.056 2.4752835643298913e-06
9900.056 1.836233793659855e-06
9950.056 1.3652600859000579e-06
10000.056 1.3598775472199402e-06
10050.056 1.4269568734899239e-06
10100.056 1.8002054199703302e-06
10150.056 1.7653995455999363e-06
10200.056 1.932796439719962e-06
10250.056 1.92300241181967e-06
10300.056 1.7867595152298352e-06
10350.056 2.1106559712399924e-06
10400.056 2.4007821519999174e-06
10450.056 2.5319697944403423e-06
10500.056 2.586605141469705e-06
10550.056 2.794417323400216e-06
10600.056 3.0632106015701794e-06
10650.056 3.046932997350096e-06
10700.056 3.123119804820132e-06
10750.056 3.4331482030102604e-06
10800.056 3.7195153304997626e-06
10850.056 4.040820879289742e-06
10900.056 4.119450939159853e-06
10950.056 4.1251960597495455e-06
11000.056 3.9301226446600405e-06
11050.056 3.0602517687200103e-06
11100.056 3.3079019972203815e-06
11150.056 3.5736849569498685e-06
11200.056 3.614322023380473e-06
11250.056 4.188777914200021e-06
11300.056 4.13323666783999e-06
11350.056 3.815854373089819e-06
11400.056 2.6967888088000152e-06
11450.056 4.1948809189996165e-06
11500.056 4.932373913249662e-06
11550.056 4.765218525660019e-06
11600.056 5.00000819399923e-06
11650.056 4.881010044380353e-06
11700.056 3.4694732489030484e-06
11750.056 3.717440067229645e-06
11800.056 3.7967663944202745e-06
11850.056 5.183408477620283e-06
11900.056 5.614949546489283e-06
11950.056 5.119483207700002e-06
12000.056 4.469023016000097e-06
12050.056 5.266741917600013e-06
12100.056 5.116752726399661e-06
12150.056 5.831814882499684e-06
12200.056 5.696827325499443e-06
12250.056 6.163858649999724e-06
12300.056 6.290618663200442e-06
12350.056 6.164615648900126e-06
12400.056 5.252834697899797e-06
12450.056 4.354566928840034e-06
12500.056 4.7200557055494005e-06
12550.056 4.773624834910206e-06
12600.056 5.765005771800012e-06
12650.056 5.95139030049968e-06
12700.056 6.446419691900128e-06
12750.056 6.3828377587998355e-06
12800.056 6.785837660299766e-06
12850.056 6.546675130700042e-06
12900.056 6.223614476999525e-06
12950.056 6.383938097799826e-06
13000.056 6.705904349899493e-06
13050.056 6.96568041619974e-06
13100.056 7.023017402399841e-06
13150.056 7.1176562442998214e-06
13200.056 6.882482407500068e-06
13250.056 6.412726288560085e-06
13300.056 5.730290797962381e-06
13350.056 3.6371882979203643e-06
13400.056 3.362222323309056e-06
13450.056 2.9970564299989202e-06
13500.056 2.8575160424816e-06
13550.056 2.6998167783589794e-06
13600.056 2.609205458193527e-06
13650.056 3.0257800809068445e-06
13700.056 2.7857284111214557e-06
13750.056 2.921474438888445e-06
13800.056 3.322458500874373e-06
13850.056 3.183421822955736e-06
13900.056 3.0463921858182043e-06
13950.056 2.8896937792119696e-06
14000.056 2.7043107710740035e-06
14050.056 2.8288654485455796e-06
14100.056 2.4674040865851584e-06
14150.056 2.615160628009163e-06
14200.056 2.3855688177112798e-06
14250.056 2.3369759198054536e-06
14300.056 2.4466122751826823e-06
14350.056 2.4947092904461946e-06
14400.056 2.59119666343214e-06
14450.056 2.695093279834183e-06
14500.056 2.988809294217809e-06
14550.056 3.019195108135831e-06
14600.056 3.259526641590753e-06
14650.056 3.1984572612659203e-06
14700.056 2.959860913899852e-06
14750.056 3.154296833240607e-06
14800.056 3.2708948014506427e-06
14850.056 3.518048618419454e-06
14900.056 3.4659612119797854e-06
14950.056 3.513605278760556e-06
15000.056 3.633931683020311e-06
15050.056 4.004663791189419e-06
15100.056 3.972378816120255e-06
15150.056 4.059255155600247e-06
15200.056 4.299975106879745e-06
15250.056 4.3717115593999276e-06
15300.056 4.558170832179924e-06
15350.056 4.761529844500013e-06
15400.056 4.898127663200023e-06
15450.056 5.094050656800212e-06
15500.056 5.199571569099761e-06
15550.056 5.441974002199671e-06
15600.056 5.44945043770044e-06
15650.056 5.655566853000098e-06
15700.056 5.980704751901012e-06
15750.056 6.186474017299579e-06
15800.056 6.218043630900515e-06
15850.056 5.46079434280035e-06
15900.056 5.6644872187001885e-06
15950.056 5.671721307899842e-06
16000.056 5.793004652199897e-06
16050.056 5.9401642596004095e-06
16100.056 6.138939410300111e-06
16150.056 5.818974832100148e-06
16200.056 6.111392944699932e-06
16250.056 5.901537057400005e-06
16300.056 5.991369425400054e-06
16350.056 6.350332219699811e-06
16400.056 6.176787799000295e-06
16450.056 6.399018871100393e-06
16500.056 6.566002785300123e-06
16550.056 6.897320234699838e-06
16600.056 6.478974597800244e-06
16650.056 6.984826466100177e-06
16700.056 6.658757867399457e-06
16750.056 6.676325159899717e-06
16800.056 6.8935915035998515e-06
16850.056 7.0149534076996185e-06
16900.056 6.770236434000241e-06
16950.056 6.756523290199607e-06
17000.056 6.838763974200486e-06
17050.056 6.7673804518002735e-06
17100.056 6.522245014500608e-06
17150.056 6.460646294100346e-06
17200.056 5.994048939899686e-06
17250.056 5.621235800639983e-06
17300.056 5.676155475959461e-06
17350.056 5.536566906420555e-06
17400.056 5.423596166089827e-06
17450.056 5.1295787731282145e-06
17500.056 4.954699546149653e-06
17550.056 4.77562409427077e-06
17600.056 4.615296406829975e-06
17650.056 4.672337047239984e-06
17700.056 4.001352218799474e-06
17750.056 3.920481634349831e-06
17800.056 3.868071458434866e-06
17850.056 3.5074002666291964e-06
17900.056 3.6428735470861155e-06
17950.056 3.51587871116277e-06
18000.056 3.2470089392601635e-06
18050.056 3.2575925689775862e-06
18100.056 3.1564602948216676e-06
18150.056 3.4900799691968847e-06
18200.056 2.885748191299299e-06
18250.056 3.490986072822483e-06
18300.056 3.2773695116829616e-06
18350.056 3.162236712292172e-06
18400.056 3.0750759653821427e-06
18450.056 2.779223215216203e-06
18500.056 2.9170949442653575e-06
18550.056 2.687105023799127e-06
18600.056 2.2891925359652205e-06
18650.056 2.631005270673515e-06
18700.056 2.8830409302484964e-06
18750.056 2.7722380575357265e-06
18800.056 2.922995467440838e-06
18850.056 3.341821919823808e-06
18900.056 3.192815366398787e-06
18950.056 3.3691196950198236e-06
19000.056 3.5079405376294784e-06
19050.056 3.3628624689589495e-06
19100.056 3.564081221280541e-06
19150.056 3.6084003376769893e-06
19200.056 3.590668553390795e-06
19250.056 3.4121965529536197e-06
19300.056 3.606839613638226e-06
19350.056 3.5400087506858317e-06
19400.056 3.001926942721509e-06
19450.056 3.5471674424441167e-06
19500.056 3.5667459603957943e-06
19550.056 3.004630636561597e-06
19600.056 3.3961393474197134e-06
19650.056 3.4056330899263454e-06
19700.056 3.4005848526151833e-06
19750.056 3.1297991206002654e-06
19800.056 3.340422489339587e-06
19850.056 3.437957551360338e-06
19900.056 3.021222286770566e-06
19950.056 3.5396947897297784e-06
20000.056 3.141779378290398e-06
20050.056 3.4499271844906135e-06
20100.056 3.4048761687784925e-06
20150.056 3.4980842626805227e-06
20200.056 3.596136386139521e-06
20250.056 3.7120871641097115e-06
20300.056 3.7498762937703152e-06
20350.056 3.8903594527595945e-06
20400.056 3.8977990179185805e-06
20450.056 4.0368701994194e-06
20500.056 4.129922184629878e-06
20550.056 4.1980679526099996e-06
20600.056 4.449057377360228e-06
20650.056 4.346957294020252e-06
20700.056 4.564458894790386e-06
20750.056 4.598378831199626e-06
20800.056 4.7993089656998925e-06
20850.056 4.727576156829976e-06
20900.056 5.006459177999822e-06
20950.056 5.036621520399804e-06
21000.056 5.201759297799875e-06
21050.056 5.292216651300067e-06
21100.056 5.297716968499953e-06
21150.056 5.524898028400046e-06
21200.056 5.535324511000234e-06
21250.056 5.755423485099668e-06
21300.056 5.596427176600118e-06
21350.056 5.924125859300144e-06
21400.056 5.7490886287002205e-06
21450.056 6.215433916699995e-06
21500.056 5.932669020200201e-06
21550.056 6.08335420419978e-06
21600.056 6.212705088700322e-06
21650.056 6.176238190600105e-06
21700.056 6.38490767529992e-06
21750.056 6.2393505976000265e-06
21800.056 6.274185650799702e-06
21850.056 6.283405642899774e-06
21900.056 6.437383499900384e-06
21950.056 6.3089354462000775e-06
22000.056 6.4478905492998235e-06
22050.056 6.183842775999586e-06
22100.056 6.349042274999938e-06
22150.056 6.442285967200274e-06
22200.056 6.249680628600631e-06
22250.056 6.558442495400355e-06
22300.056 6.478743059999951e-06
22350.056 6.278272680800164e-06
22400.056 6.50220145930008e-06
22450.056 6.380771653799588e-06
22500.056 6.4491744575999365e-06
22550.056 6.393499028299477e-06
22600.056 6.413794873399911e-06
22650.056 6.274906264000676e-06
22700.056 6.254551324000742e-06
22750.056 6.47188348369981e-06
22800.056 6.201684567360073e-06
22850.056 6.323871004200266e-06
22900.056 6.38424179589984e-06
22950.056 4.579450424840439e-06
23000.056 5.021709335450208e-06
23050.056 5.259365979159497e-06
23100.056 5.040500326709699e-06
23150.056 5.276294130590365e-06
23200.056 5.18434594031021e-06
23250.056 4.308480661509328e-06
23300.056 4.620501685960027e-06
23350.056 4.820839884120071e-06
23400.056 4.721772722110041e-06
23450.056 4.806425206180267e-06
23500.056 4.8637753283694175e-06
23550.056 4.2709268381807985e-06
23600.056 4.282664761540641e-06
23650.056 4.594938610599451e-06
23700.056 4.4912660615491816e-06
23750.056 4.558369031120661e-06
23800.056 4.505285780650167e-06
23850.056 3.87962724221039e-06
23900.056 4.223048643490065e-06
23950.056 4.377500548360696e-06
24000.056 4.093364906669195e-06
24050.056 4.059897228080477e-06
24100.056 3.7122090608093676e-06
24150.056 3.6506726124904518e-06
24200.056 3.6351457603390683e-06
24250.056 3.5348454515501524e-06
24300.056 3.464710939130241e-06
24350.056 3.147751828290198e-06
24400.056 3.479957561449954e-06
24450.056 3.1021384891998944e-06
24500.056 2.916962511110061e-06
24550.056 2.820258475910244e-06
24600.056 2.8953665355203307e-06
24650.056 3.1285441106501053e-06
24700.056 2.573904878769999e-06
24750.056 2.4426197876804063e-06
24800.056 2.4186483525402034e-06
24850.056 2.8383479277300644e-06
24900.056 2.083739408580911e-06
24950.056 2.6817106728298063e-06
25000.056 2.4043482571802855e-06
25050.056 1.8707572088815027e-06
25100.056 2.3130566137198903e-06
25150.056 2.0041855932718298e-06
25200.056 2.1330142017119654e-06
25250.056 1.9653619693515533e-06
25300.056 2.179461933441145e-06
25350.056 1.7867099721329612e-06
25400.056 2.0406934239306526e-06
25450.056 1.7940991788999796e-06
25500.056 1.9384336797155097e-06
25550.056 1.8351688194450983e-06
25600.056 1.8963367884979427e-06
25650.056 1.6705758288699258e-06
25700.056 2.227044926042322e-06
25750.056 1.5512076280342597e-06
25800.056 2.0916176397963145e-06
25850.056 1.8489918551228179e-06
25900.056 2.064922540343402e-06
25950.056 1.755345177937113e-06
26000.056 2.098494560070674e-06
26050.056 2.147136834652018e-06
26100.056 2.2199997770641927e-06
26150.056 2.179736746621568e-06
26200.056 2.0730464896750707e-06
26250.056 2.1991178987011207e-06
26300.056 2.153441914053046e-06
26350.056 2.2754459534799365e-06
26400.056 2.305773849959717e-06
26450.056 2.249669498500178e-06
26500.056 2.3933672307793908e-06
26550.056 2.3063608762096445e-06
26600.056 2.750965511829618e-06
26650.056 2.083971876197672e-06
26700.056 2.1578875050630485e-06
26750.056 1.8047692120872048e-06
26800.056 2.0919242675495764e-06
26850.056 1.6087205850071902e-06
26900.056 2.1812734949699607e-06
26950.056 1.4610262707168993e-06
27000.056 2.047916296740309e-06
27050.056 1.7069267518798382e-06
27100.056 1.7256444336855978e-06
27150.056 1.8452156573100285e-06
27200.056 1.8273971074422673e-06
27250.056 1.6632831704455857e-06
27300.056 2.037037292330215e-06
27350.056 1.889905423088428e-06
27400.056 1.5474270862239113e-06
27450.056 2.160018693679413e-06
27500.056 1.960764605050056e-06
27550.056 1.7911247359018226e-06
27600.056 2.1778431921298177e-06
27650.056 1.6703049005758957e-06
27700.056 1.5918114530930621e-06
27750.056 2.208029673929282e-06
27800.056 1.584679032659952e-06
27850.056 1.7286474548625013e-06
27900.056 1.7868515877810171e-06
27950.056 2.1300990149898844e-06
28000.056 1.9395890089004434e-06
28050.056 1.4537524197904e-06
28100.056 2.2121589071206453e-06
28150.056 1.7271304435100476e-06
28200.056 1.456873071282031e-06
28250.056 1.9356526278599974e-06
28300.056 2.232922310720366e-06
28350.056 1.6190633855394992e-06
28400.056 1.836273887210055e-06
28450.056 1.9236986007997133e-06
28500.056 1.9006255537396123e-06
28550.056 1.3165045702196018e-06
28600.056 2.226358538320076e-06
28650.056 1.9790405091899174e-06
28700.056 1.7402467397297552e-06
28750.056 2.0099440764499446e-06
28800.056 1.934530577510385e-06
28850.056 2.0160219644501835e-06
