galfind/configs/Brown_Dwarf_templates/sonora_bobcat/m0.0/1000g/sp_t800g1000nc_m0.0_resample.dat
# %ECSV 1.0
# ---
# datatype:
# - {name: wav, unit: Angstrom, datatype: float64}
# - {name: flux_nu, unit: erg / (cm2 Hz s), datatype: float64}
# meta: {C/O: '1.00', Kzz: '1.0000E+05', Teff: '800.', Y: '0.28', '[Fe/H]': '0.00', f_hole: '1.00', f_rain: '0.00', grav: '1000.'}
# schema: astropy-2.0
wav flux_nu
[from data line 498]
28900.056 1.2242813691317788e-08
28950.056 2.3974717067123192e-08
29000.056 2.038483040039655e-08
29050.056 2.4465396990049333e-08
29100.056 1.6451046546935038e-08
29150.056 2.9953807807071415e-08
29200.056 2.1791367659322185e-08
29250.056 3.145700953769553e-08
29300.056 1.65333971184146e-08
29350.056 4.9983919221324385e-08
29400.056 2.3301488192530656e-08
29450.056 2.5344297374066906e-08
29500.056 3.3467724221813296e-08
29550.056 2.550858766645154e-08
29600.056 3.123338090369347e-08
29650.056 3.862602560257077e-08
29700.056 2.461655270669096e-08
29750.056 3.808640401336022e-08
29800.056 3.739311184613851e-08
29850.056 4.266137414545684e-08
29900.056 3.968188799770756e-08
29950.056 3.663246079724904e-08
30000.056 6.578738153606396e-09
30050.056 1.2663695236324838e-08
30100.056 1.8449231313564255e-08
30150.056 3.695774400089819e-08
30200.056 3.210401286239165e-08
30250.056 5.547333902257316e-08
30300.056 5.034374235270195e-08
30350.056 3.687212686741713e-08
30400.056 5.737016432904428e-08
30450.056 3.7645263658763654e-08
30500.056 3.655315261743085e-08
30550.056 3.531832248873661e-08
30600.056 5.5660506454204344e-08
30650.056 3.783085636640024e-08
30700.056 3.347002258015152e-08
30750.056 4.185018305433379e-08
30800.056 3.546406410980706e-08
30850.056 3.409802228911141e-08
30900.056 2.5862516130432717e-08
30950.056 2.552949671318472e-08
31000.056 2.5272173775804347e-08
31050.056 2.7170114912398395e-08
31100.056 1.787927332479234e-08
31150.056 2.591315221580849e-08
31200.056 3.300258222940654e-08
31250.056 2.1336576104308582e-08
31300.056 1.849148779025139e-08
31350.056 2.1752951620123128e-08
31400.056 1.6402618951515185e-08
31450.056 1.9373925142495593e-08
31500.056 1.1766976984010208e-08
31550.056 1.521915896355944e-08
31600.056 1.1486477969337094e-08
31650.056 1.0213396555797079e-08
31700.056 1.144113665370069e-08
31750.056 7.578009134669457e-09
31800.056 1.2276284678399422e-08
31850.056 6.408090478519682e-09
31900.056 9.849776450560787e-09
31950.056 5.8674073486387085e-09
32000.056 8.015410559496831e-09
32050.056 8.289050083473368e-09
32100.056 7.3251216374388225e-09
32150.056 9.342788885299528e-09
32200.056 6.433381717280618e-09
32250.056 1.1327866843433626e-08
32300.056 5.8511954967788595e-09
32350.056 1.1947671212580393e-08
32400.056 5.926882733000836e-09
32450.056 1.0689700011567731e-08
32500.056 8.151657032213315e-09
32550.056 9.692559055269187e-09
32600.056 1.0460455041801238e-08
32650.056 1.503623214802521e-08
32700.056 1.2536883997203633e-08
32750.056 1.8647102512413294e-08
32800.056 1.7956625004271587e-08
32850.056 2.1956587234798946e-08
32900.056 2.2777905085657613e-08
32950.056 2.396088129234944e-08
33000.056 1.8262352171359108e-08
33050.056 1.9047545615504555e-08
33100.056 8.332131179976644e-09
33150.056 5.335122649533829e-10
33200.056 9.424432124758787e-10
33250.056 7.652279331417908e-10
33300.056 1.4521200363403939e-09
33350.056 3.194581776690028e-09
33400.056 5.666088533098628e-09
33450.056 7.304873411532696e-09
33500.056 1.4205029268806132e-08
33550.056 9.372589767707235e-09
33600.056 1.6217394580798583e-08
33650.056 1.6659029371641135e-08
33700.056 1.1419004388418177e-08
33750.056 2.0856455119332775e-08
33800.056 9.660245880078285e-09
33850.056 1.5562903858767395e-08
33900.056 1.2946711426129746e-08
33950.056 1.3299359910676681e-08
34000.056 1.8549440686145052e-08
34050.056 7.951364749258486e-09
34100.056 1.7258855718403522e-08
34150.056 1.0647237885222077e-08
34200.056 1.5543362561042988e-08
34250.056 1.4227652022984932e-08
34300.056 1.1164372917331425e-08
34350.056 1.441044990108147e-08
34400.056 9.306068848711839e-09
34450.056 1.6701643257724017e-08
34500.056 1.3473511763681461e-08
34550.056 8.43204626429613e-09
34600.056 2.059761577980032e-08
34650.056 9.691569390030345e-09
34700.056 1.6758346047900945e-08
34750.056 1.4768911493424313e-08
34800.056 1.1379285220988334e-08
34850.056 2.0039551631001918e-08
34900.056 1.4432024034581719e-08
34950.056 1.8674102889796324e-08
35000.056 2.977507361075239e-08
35050.056 1.5774966080644114e-08
35100.056 2.693525025810199e-08
35150.056 2.589416388452469e-08
35200.056 2.3637270330149536e-08
35250.056 3.5202130028948325e-08
35300.056 2.0609964903743112e-08
35350.056 2.5361288887874825e-08
35400.056 2.788365338389547e-08
35450.056 1.8775596362039132e-08
35500.056 4.133522833965347e-08
35550.056 3.26299063907991e-08
35600.056 3.246512813381438e-08
35650.056 3.6899546448725604e-08
35700.056 3.065643774192383e-08
35750.056 4.424921291779823e-08
35800.056 4.9803677483402504e-08
35850.056 2.967822320076907e-08
35900.056 4.342095675990874e-08
35950.056 4.485415590679341e-08
36000.056 4.35749371008061e-08
36050.056 4.188921387918932e-08
36100.056 3.919810380302134e-08
36150.056 5.085601880269133e-08
36200.056 5.73467026513891e-08
36250.056 4.6954502976201256e-08
36300.056 6.670212812563568e-08
36350.056 5.8885465477405306e-08
36400.056 6.492070569719023e-08
36450.056 6.589473531736117e-08
36500.056 7.030935732102157e-08
36550.056 8.385018108952033e-08
36600.056 9.471970775898819e-08
36650.056 8.051171546048958e-08
36700.056 8.36197065621862e-08
36750.056 9.913563284302103e-08
36800.056 1.0127962971899653e-07
36850.056 8.646818990158487e-08
36900.056 9.839837239399586e-08
36950.056 1.106080113009815e-07
37000.056 9.716386494199141e-08
37050.056 1.1160197582400453e-07
37100.056 1.0123221397579963e-07
37150.056 1.0171297556680727e-07
37200.056 1.2712283786099098e-07
37250.056 1.0382779052297731e-07
37300.056 9.379644151056817e-08
37350.056 1.1664769169331499e-07
37400.056 1.5182194741299684e-07
37450.056 1.0536566276779693e-07
37500.056 1.1191584054409284e-07
37550.056 1.5337009351505379e-07
37600.056 1.764926244300175e-07
37650.056 1.0832605651901608e-07
37700.056 1.5735398696401388e-07
37750.056 1.2161604321231383e-07
37800.056 1.3657699771704172e-07
37850.056 9.976228033500287e-08
37900.056 1.1399537496902429e-07
37950.056 1.4199602697558635e-07
38000.056 1.5294919336599287e-07
38050.056 1.5822515206503143e-07
38100.056 1.76801765386012e-07
38150.056 1.8470090107199515e-07
38200.056 1.8070601805201356e-07
38250.056 1.7127409061701444e-07
38300.056 2.2512335469096063e-07
38350.056 2.250554816890332e-07
38400.056 1.545664694049498e-07
38450.056 1.4656531856095345e-07
38500.056 1.1629419205102614e-07
38550.056 1.7951586412003533e-07
38600.056 1.7357810674297525e-07
38650.056 1.8767963359898058e-07
38700.056 2.005197928799993e-07
38750.056 1.9511641699900245e-07
38800.056 1.8018590149196842e-07
38850.056 1.9715315564201548e-07
38900.056 2.2933681275597655e-07
38950.056 1.857034039139958e-07
39000.056 2.123915833439766e-07
39050.056 2.0208051312603554e-07
39100.056 2.0659655949699525e-07
39150.056 2.3380110695299458e-07
39200.056 2.0824933498898762e-07
39250.056 2.453891332349968e-07
39300.056 2.209598700809724e-07
39350.056 2.682139528020121e-07
39400.056 2.2835006188203128e-07
39450.056 2.4965396376899675e-07
39500.056 2.5906694839601183e-07
39550.056 2.228611048175596e-07
39600.056 2.5969704893997545e-07
39650.056 2.9699010943998686e-07
39700.056 2.737158233000238e-07
39750.056 2.1494054533105315e-07
39800.056 2.4020592115999026e-07
39850.056 3.1752348479000723e-07
39900.056 3.1522081483000417e-07
39950.056 2.713825107859804e-07
40000.056 3.2362044854001153e-07
40050.056 3.049309759600052e-07
40100.056 2.3135331513121758e-07
40150.056 3.131481053580132e-07
40200.056 3.2308838069995025e-07
40250.056 3.2469253164993754e-07
40300.056 3.254249992400302e-07
40350.056 2.853127597929672e-07
40400.056 3.4408880176840965e-07
40450.056 2.784793123729937e-07
40500.056 3.448401201399915e-07
40550.056 3.6305177242395374e-07
40600.056 3.3699505218001754e-07
40650.056 3.132413354767511e-07
40700.056 4.2232508856998337e-07
40750.056 3.316655605299487e-07
40800.056 2.760363723199126e-07
40850.056 4.141285327300456e-07
40900.056 3.97119107979991e-07
40950.056 3.4377716854401434e-07
41000.056 3.473364023799879e-07
41050.056 4.2139893652995787e-07
41100.056 3.732887368999733e-07
41150.056 2.726777969079823e-07
41200.056 4.088984953300092e-07
41250.056 3.708361882349769e-07
41300.056 3.425454259599753e-07
41350.056 4.279637813500057e-07
41400.056 3.8038758675003027e-07
41450.056 4.184248250599931e-07
41500.056 3.332383775234661e-07
41550.056 3.1697186882506077e-07
41600.056 3.633622051356358e-07
41650.056 3.968277687000197e-07
41700.056 3.712619911799478e-07
41750.056 3.635147244699774e-07
41800.056 4.302044032700254e-07
41850.056 3.0025570179498456e-07
41900.056 3.4751084983993563e-07
41950.056 3.872007392400318e-07
42000.056 3.607103111399262e-07
42050.056 3.1029685286401467e-07
42100.056 4.3098886723997835e-07
42150.056 3.1388577649201364e-07
42200.056 3.10747989187985e-07
42250.056 3.376957936639936e-07
42300.056 3.14127907879992e-07
42350.056 3.743411103500393e-07
42400.056 3.817877050500291e-07
42450.056 3.1792650682004343e-07
42500.056 3.263592356099915e-07
42550.056 3.0100242500998876e-07
42600.056 3.416455050130644e-07
42650.056 4.3605246975993054e-07
42700.056 3.288522633639334e-07
42750.056 2.9779318876603626e-07
42800.056 3.568673204380236e-07
42850.056 3.9645896841992183e-07
42900.056 4.2144338711804754e-07
42950.056 3.228192752699451e-07
43000.056 3.7611918427200575e-07
43050.056 2.3888565802807037e-07
43100.056 3.412107308999729e-07
43150.056 2.9939674429702173e-07
43200.056 3.460474612100106e-07
43250.056 4.609676677100292e-07
43300.056 4.391043942800126e-07
43350.056 2.6235348042593924e-07
43400.056 3.517706793300097e-07
43450.056 2.858088235010424e-07
43500.056 3.1343074770001485e-07
43550.056 3.1353000297301473e-07
43600.056 4.0305791517403374e-07
43650.056 2.7006080889100364e-07
43700.056 4.372383058200404e-07
43750.056 3.8525301497001606e-07
43800.056 3.584704926879628e-07
43850.056 3.2454792256404973e-07
43900.056 3.34049334823975e-07
43950.056 2.4528708897197117e-07
44000.056 2.201475731220051e-07
44050.056 3.842177648300123e-07
44100.056 4.7596165759001955e-07
44150.056 4.716850325399786e-07
44200.056 4.0537845946000614e-07
44250.056 2.805852970209984e-07
44300.056 2.3609598467803822e-07
44350.056 2.7495783538304455e-07
44400.056 2.61358063349986e-07
44450.056 3.601521140700046e-07
44500.056 3.362978035180602e-07
44550.056 4.3135979691997304e-07
44600.056 3.853505902780181e-07
44650.056 3.7085582000800717e-07
44700.056 2.747604075259789e-07
44750.056 3.419723777460556e-07
44800.056 3.037970175500288e-07
44850.056 3.9738825831003557e-07
44900.056 3.088565639080103e-07
44950.056 3.3822510701201947e-07
45000.056 3.6944298859000804e-07
45050.056 3.6025252735997944e-07
45100.056 3.585058931120157e-07
45150.056 3.501816546659799e-07
45200.056 2.7488130896701873e-07
45250.056 3.0825168940694153e-07
45300.056 2.858778241040337e-07
45350.056 2.715438887999997e-07
45400.056 4.18166342980038e-07
45450.056 3.8892893780001133e-07
45500.056 4.018655105370177e-07
45550.056 4.4971228443993186e-07
45600.056 4.329612123400354e-07
45650.056 3.6770171117297334e-07
45700.056 2.8795638488300083e-07
45750.056 2.691356844770037e-07
45800.056 4.4844830125001406e-07
45850.056 4.2993720829999205e-07
45900.056 4.562950065600098e-07
45950.056 3.658661548699911e-07
46000.056 4.3620967427504176e-07
46050.056 3.6272088127100414e-07
46100.056 4.609036133999757e-07
46150.056 3.3239392432199345e-07
46200.056 3.1210932554099835e-07
46250.056 1.8861532728277773e-07
46300.056 3.5349169487199737e-07
46350.056 3.5757977588002645e-07
46400.056 3.48692919430016e-07
46450.056 3.1096741404400503e-07
46500.056 3.342299119310639e-07
46550.056 2.465426374850092e-07
46600.056 3.1021654274796655e-07
46650.056 4.3512370303201994e-07
46700.056 3.193516522199548e-07
46750.056 2.154494444180236e-07
46800.056 1.7051649034300723e-07
46850.056 4.232745398800506e-07
46900.056 4.0783976708997987e-07
46950.056 3.914675803499728e-07
47000.056 3.690001406520427e-07
47050.056 3.202054127389064e-07
47100.056 2.3442921073001845e-07
47150.056 3.173167915560419e-07
47200.056 3.722125927099918e-07
47250.056 2.5144812522197575e-07
47300.056 1.8581699048711718e-07
47350.056 4.083719657699965e-07
47400.056 3.749237647999742e-07
47450.056 3.3860881694904206e-07
47500.056 4.071133210299736e-07
47550.056 3.554364377500107e-07
47600.056 3.6539375153997235e-07
47650.056 3.430861747759623e-07
47700.056 3.1065551427707494e-07
47750.056 2.4094677890000396e-07
47800.056 2.34206770022019e-07
47850.056 1.5950155267701222e-07
47900.056 2.0881815795298067e-07
47950.056 3.335348616500088e-07
48000.056 4.195184844900193e-07
48050.056 3.7119712621398084e-07
48100.056 2.065846662660073e-07
48150.056 2.9098001996601036e-07
48200.056 2.5170535445499566e-07
48250.056 2.8334295896000266e-07
48300.056 4.024776132499733e-07
48350.056 2.622327909359925e-07
48400.056 1.3209781419247644e-07
48450.056 2.3121292197124607e-07
48500.056 3.048206816399495e-07
48550.056 2.9461502124201724e-07
48600.056 3.163784365800085e-07
48650.056 3.665500955799889e-07
48700.056 2.9402649524401514e-07
48750.056 1.878613779520644e-07
48800.056 3.5234217890601646e-07
48850.056 2.2975491080095957e-07
48900.056 3.3499027996998287e-07
48950.056 2.2438421540200625e-07
49000.056 1.3885161255060032e-07
49050.056 2.989023999609656e-07
49100.056 3.2462558350104353e-07
49150.056 2.587963840612999e-07
49200.056 3.49512838030041e-07
49250.056 3.3563523865002763e-07
49300.056 2.928602222919907e-07
49350.056 1.7199620060003108e-07
49400.056 2.373905839299561e-07
49450.056 2.402320328640612e-07
49500.056 2.023755419799831e-07
49550.056 9.761163292660243e-08
49600.056 1.733131806370277e-07
49650.056 2.301423626869845e-07
49700.056 2.3690240882794277e-07
49750.056 2.8677331289297656e-07
49800.056 2.1861042634399766e-07
49850.056 3.2470004499804033e-07
49900.056 2.779576845299908e-07
49950.056 2.4944209605499353e-07
50000.056 2.3601932966898503e-07
50050.056 2.824025960899909e-07
50100.056 2.3245719545099128e-07
50150.056 1.4902400381898447e-07
50200.056 6.708283921201538e-08
50250.056 1.9669518298098975e-07
50300.056 1.5131364941311432e-07
50350.056 2.7072505383902917e-07
50400.056 2.52636330259987e-07
50450.056 1.905956135230022e-07
50500.056 2.7438477262602156e-07
50550.056 2.5852158417000967e-07
50600.056 1.945646681219563e-07
50650.056 2.783572600370457e-07
50700.056 3.0118348552996876e-07
50750.056 2.1803473296502124e-07
50800.056 1.238579213733804e-07
50850.056 1.0754102483303081e-07
50900.056 2.7475500729799636e-07
50950.056 2.2350013448000703e-07
51000.056 2.2369538950351675e-07
51050.056 2.4095350563297926e-07
51100.056 1.2190297659198428e-07
51150.056 1.608879948434123e-07
51200.056 3.138936841899817e-07
51250.056 2.1235546622497692e-07
51300.056 1.5858488892304095e-07
51350.056 1.8446463334097862e-07
51400.056 1.0646712650100857e-07
51450.056 8.771758389207963e-08
51500.056 8.699322876962594e-08
51550.056 1.984050656010165e-07
51600.056 1.4734632254001503e-07
51650.056 1.646177322659793e-07
51700.056 1.8931487641467742e-07
51750.056 1.3636398074751152e-07
51800.056 2.1010511997595898e-07
51850.056 1.7935409227599155e-07
51900.056 2.589858254160146e-07
51950.056 1.887060519949837e-07
52000.056 5.811895481948667e-08
52050.056 1.288462088670133e-07
52100.056 9.816263421999435e-08
52150.056 7.805658200900873e-08
52200.056 1.0796593730579832e-07
52250.056 1.4555689800701884e-07
52300.056 2.2181174773999422e-07
52350.056 1.2432031366764017e-07
52400.056 1.0459350391600716e-07
52450.056 1.9764902422801752e-07
52500.056 1.918454793109555e-07
52550.056 1.8240521625498202e-07
52600.056 1.4826259749300706e-07
52650.056 1.606403828130221e-07
52700.056 1.2837178536799984e-07
52750.056 8.489897558199328e-08
52800.056 1.1111015389401398e-07
52850.056 1.2555900589996598e-07
52900.056 1.0112411559057725e-07
52950.056 1.1948838328000567e-07
53000.056 1.6542245182200554e-07
53050.056 8.958431803187817e-08
53100.056 1.5948336843198885e-07
53150.056 1.9997187058001896e-07
53200.056 8.874745205769168e-08
53250.056 1.7252841628101424e-07
53300.056 1.9293410338898233e-07
53350.056 1.7302616080999715e-07
53400.056 1.505620856119969e-07
