galfind/configs/Brown_Dwarf_templates/sonora_bobcat/m0.0/1000g/sp_t1900g1000nc_m0.0_resample.dat
# %ECSV 1.0
# ---
# datatype:
# - {name: wav, unit: Angstrom, datatype: float64}
# - {name: flux_nu, unit: erg / (cm2 Hz s), datatype: float64}
# meta: {C/O: '1.00', Kzz: '1.0000E+05', Teff: '1900.', Y: '0.28', '[Fe/H]': '0.00', f_hole: '1.00', f_rain: '0.00', grav: '1000.'}
# schema: astropy-2.0
wav flux_nu
4000.0559999999996 nan
4050.0559999999996 2.0682567304121487e-09
4100.056 4.020209145687629e-09
4150.056 3.7204165107882678e-09
4200.056 2.7355109743865853e-09
4250.056 2.5345008610903324e-09
4300.056 1.7797067228606372e-09
4350.056 1.861353171700106e-09
4400.056 2.1421446669806002e-09
4450.056 1.434091450410102e-09
4500.056 1.4270817383401011e-09
4550.056 1.8251325932495797e-09
4600.056 1.6520798758599135e-09
4650.056 1.483218916229782e-09
4700.056 1.8388315478301065e-09
4750.056 2.044537340299816e-09
4800.056 1.2803142633901504e-09
4850.056 1.5743446144701171e-09
4900.056 2.2587895366698865e-09
4950.056 2.2910712284500248e-09
5000.056 1.1728499719298415e-09
5050.056 1.0248889449800446e-09
5100.056 1.0418000038501319e-09
5150.056 8.230938790921563e-10
5200.056 8.18487293299978e-10
5250.056 1.011381372020049e-09
5300.056 1.0284903421799968e-09
5350.056 9.67900049780032e-10
5400.056 8.686273206400036e-10
5450.056 6.640625808999898e-10
5500.056 4.857081513099947e-10
5550.056 4.1291347562999006e-10
5600.056 3.135442493500023e-10
5650.056 2.1976077502999829e-10
5700.056 1.4036864043999905e-10
5750.056 7.923144486999906e-11
5800.056 3.8803104481999525e-11
5850.056 1.3621735209199713e-11
5900.056 1.818279466282727e-12
5950.056 3.138668360410069e-11
6000.056 1.1979094154900194e-10
6050.056 3.4432093036000447e-10
6100.056 7.741947183200161e-10
6150.056 1.488608829750004e-09
6200.056 2.3768597861000056e-09
6250.056 3.694782286900053e-09
6300.056 5.750435336200059e-09
6350.056 8.076507270800149e-09
6400.056 1.077252735029999e-08
6450.056 1.4257788296599354e-08
6500.056 1.7312310522999e-08
6550.056 2.1729040499999156e-08
6600.056 2.4825036659000196e-08
6650.056 2.535136899100149e-08
6700.056 1.5960844400675482e-08
6750.056 2.7137379310000637e-08
6800.056 3.199922722400156e-08
6850.056 3.637819764000015e-08
6900.056 3.71811088489996e-08
6950.056 4.178724623599925e-08
7000.056 5.2563574571998315e-08
7050.056 5.3039657915001455e-08
7100.056 3.968539930999951e-08
7150.056 3.8237754719000723e-08
7200.056 4.794795411699939e-08
7250.056 5.874859246900346e-08
7300.056 7.061378901200439e-08
7350.056 7.596354165300132e-08
7400.056 6.987526385700236e-08
7450.056 5.9988483330998e-08
7500.056 5.2363159964999416e-08
7550.056 4.370404578500018e-08
7600.056 2.6429896612999265e-08
7650.056 3.1840145933640472e-09
7700.056 1.0521024082897674e-09
7750.056 1.512666241050044e-08
7800.056 3.5902641779177616e-08
7850.056 6.758811087400116e-08
7900.056 8.590566786700379e-08
7950.056 8.838272660186347e-08
8000.056 1.2693353910099667e-07
8050.056 1.8170706396999314e-07
8100.056 2.5030478141000846e-07
8150.056 3.3149823052000343e-07
8200.056 2.636026687769872e-07
8250.056 3.6099575315999903e-07
8300.056 3.51751488920039e-07
8350.056 3.9113381288003197e-07
8400.056 4.155318128900102e-07
8450.056 3.2185810565998897e-07
8500.056 2.9841530394200917e-07
8550.056 3.661636438900228e-07
8600.056 4.2021259021993994e-07
8650.056 4.6502535490795374e-07
8700.056 4.414367882799722e-07
8750.056 4.988104924300349e-07
8800.056 6.578668029100571e-07
8850.056 6.581850487299642e-07
8900.056 5.225832386000228e-07
8950.056 5.579031722104888e-07
9000.056 7.231752192600458e-07
9050.056 7.125933839499898e-07
9100.056 8.979874836799907e-07
9150.056 1.0534603125100148e-06
9200.056 1.0751719334900804e-06
9250.056 8.451275731800141e-07
9300.056 7.23983531288978e-07
9350.056 8.133502715600171e-07
9400.056 9.137690662900329e-07
9450.056 1.04710980866993e-06
9500.056 1.2249129346699286e-06
9550.056 1.3374220418821079e-06
9600.056 1.4351358086501208e-06
9650.056 1.6137526414801294e-06
9700.056 1.8039835304098909e-06
9750.056 1.4764862855699298e-06
9800.056 1.5908105168299185e-06
9850.056 1.555669010259955e-06
9900.056 1.1383787029199157e-06
9950.056 8.05363775300019e-07
10000.056 7.894178655199694e-07
10050.056 8.661730043899696e-07
10100.056 1.0744752833601123e-06
10150.056 1.0593568258299432e-06
10200.056 1.1603196956799846e-06
10250.056 1.1855168055698907e-06
10300.056 1.101882461939953e-06
10350.056 1.3000806492900345e-06
10400.056 1.4994178638199475e-06
10450.056 1.5681695739501524e-06
10500.056 1.5712809503098928e-06
10550.056 1.7039432564801217e-06
10600.056 1.8666361880500855e-06
10650.056 1.8851405993001188e-06
10700.056 1.940966682160073e-06
10750.056 2.166993705620138e-06
10800.056 2.3739623667399025e-06
10850.056 2.6392482291698267e-06
10900.056 2.689841175139931e-06
10950.056 2.6743628574198065e-06
11000.056 2.5450340972899996e-06
11050.056 1.9932390511899913e-06
11100.056 2.115177782622217e-06
11150.056 2.2819476102849095e-06
11200.056 2.3130799768293525e-06
11250.056 2.764123617667965e-06
11300.056 2.7003992526379626e-06
11350.056 2.421474227667898e-06
11400.056 1.8119803008900424e-06
11450.056 2.7440755932298026e-06
11500.056 3.3378788313347227e-06
11550.056 3.1581797763870517e-06
11600.056 3.344319982981442e-06
11650.056 3.207320390574219e-06
11700.056 2.203733948266059e-06
11750.056 2.3634944165697766e-06
11800.056 2.4432136274601686e-06
11850.056 3.489576980800213e-06
11900.056 3.876180182539534e-06
11950.056 3.4509058402000297e-06
12000.056 2.9220628535000313e-06
12050.056 3.587506966200029e-06
12100.056 3.4770500968997747e-06
12150.056 4.078642368199783e-06
12200.056 3.94966571539954e-06
12250.056 4.352980851699814e-06
12300.056 4.48018065590029e-06
12350.056 4.34261858790001e-06
12400.056 3.640278006499895e-06
12450.056 3.036035024440015e-06
12500.056 3.2673610084396934e-06
12550.056 3.3345128518401836e-06
12600.056 4.131740381800002e-06
12650.056 4.267136006199802e-06
12700.056 4.7351149789002305e-06
12750.056 4.645097041099843e-06
12800.056 4.95951988269998e-06
12850.056 4.743428394399939e-06
12900.056 4.439669979499751e-06
12950.056 4.572126543199914e-06
13000.056 4.834384981799656e-06
13050.056 5.071257856499829e-06
13100.056 5.132809398179914e-06
13150.056 5.17914092595986e-06
13200.056 4.9657051895000745e-06
13250.056 4.5400004554000615e-06
13300.056 3.910467937874606e-06
13350.056 2.2259858570081635e-06
13400.056 1.940565430430569e-06
13450.056 1.6656325470098252e-06
13500.056 1.5362124010742371e-06
13550.056 1.4152884671794194e-06
13600.056 1.3663148558820854e-06
13650.056 1.698973464120988e-06
13700.056 1.520321994059476e-06
13750.056 1.615283992031667e-06
13800.056 1.9007538720017964e-06
13850.056 1.7797619987142306e-06
13900.056 1.7159510007707448e-06
13950.056 1.6073881741933397e-06
14000.056 1.4928112909729315e-06
14050.056 1.5775072962389411e-06
14100.056 1.32975736570474e-06
14150.056 1.4642475858598833e-06
14200.056 1.3016422351829887e-06
14250.056 1.264500048197057e-06
14300.056 1.3695236693108198e-06
14350.056 1.3958080051281194e-06
14400.056 1.4603864670830786e-06
14450.056 1.5229099385111119e-06
14500.056 1.7625673650048854e-06
14550.056 1.7902697949488905e-06
14600.056 1.9866796101645026e-06
14650.056 1.951875968040317e-06
14700.056 1.7829191779889492e-06
14750.056 1.931138183324448e-06
14800.056 2.0451547101914398e-06
14850.056 2.2208500871296656e-06
14900.056 2.1725685786768788e-06
14950.056 2.2202107513303434e-06
15000.056 2.316540362430198e-06
15050.056 2.6007400144696116e-06
15100.056 2.5962977977101333e-06
15150.056 2.7159482371001774e-06
15200.056 2.8496520123698065e-06
15250.056 2.9422182845699653e-06
15300.056 3.092481054109915e-06
15350.056 3.2692395761899674e-06
15400.056 3.4022418898100286e-06
15450.056 3.5663692650201467e-06
15500.056 3.6625855907498994e-06
15550.056 3.871015989099738e-06
15600.056 3.875853498800264e-06
15650.056 4.052331958600128e-06
15700.056 4.334690917700656e-06
15750.056 4.512852091499733e-06
15800.056 4.516962792600344e-06
15850.056 3.919261484900151e-06
15900.056 4.078819526100113e-06
15950.056 4.084564601899821e-06
16000.056 4.1788741849999515e-06
16050.056 4.276039628000194e-06
16100.056 4.438839232900069e-06
16150.056 4.164475659700105e-06
16200.056 4.390557618699921e-06
16250.056 4.224866616700005e-06
16300.056 4.277923384500027e-06
16350.056 4.541505142899919e-06
16400.056 4.434929300900104e-06
16450.056 4.596644326800257e-06
16500.056 4.7201127748001445e-06
16550.056 4.9606090804999674e-06
16600.056 4.623459770900203e-06
16650.056 4.992130329300021e-06
16700.056 4.727408514799711e-06
16750.056 4.733727636799841e-06
16800.056 4.9227977995998305e-06
16850.056 5.0048152701997825e-06
16900.056 4.824716414100053e-06
16950.056 4.793987414999887e-06
17000.056 4.86545109980033e-06
17050.056 4.8287678948000625e-06
17100.056 4.627000745400444e-06
17150.056 4.549518448380195e-06
17200.056 4.203856624379794e-06
17250.056 3.894518887119953e-06
17300.056 3.898465852089714e-06
17350.056 3.785159550080337e-06
17400.056 3.6850449199899124e-06
17450.056 3.428399005088857e-06
17500.056 3.3220719083797677e-06
17550.056 3.164179758564534e-06
17600.056 3.0507669418199308e-06
17650.056 3.073193632584096e-06
17700.056 2.5766486258087163e-06
17750.056 2.4791390948399258e-06
17800.056 2.4928367229545575e-06
17850.056 2.165625925948091e-06
17900.056 2.303924900537102e-06
17950.056 2.1830664556818923e-06
18000.056 2.015659263159037e-06
18050.056 1.9983521529042728e-06
18100.056 1.933328320867785e-06
18150.056 2.186447797588527e-06
18200.056 1.7230894655072034e-06
18250.056 2.209254654881694e-06
18300.056 2.0247523818349988e-06
18350.056 1.9307946044001503e-06
18400.056 1.87767802135911e-06
18450.056 1.6806688961627395e-06
18500.056 1.7826338637862268e-06
18550.056 1.6133178786071006e-06
18600.056 1.358665456874545e-06
18650.056 1.5505275457362867e-06
18700.056 1.7215501034522914e-06
18750.056 1.6764689862903888e-06
18800.056 1.8147659474764742e-06
18850.056 2.0991290610249127e-06
18900.056 1.9962754959511888e-06
18950.056 2.179621493409934e-06
19000.056 2.228753604649711e-06
19050.056 2.1037790287269214e-06
19100.056 2.3121212633712406e-06
19150.056 2.29369517292205e-06
19200.056 2.3070019392654953e-06
19250.056 2.1538477602608417e-06
19300.056 2.283543410250439e-06
19350.056 2.1832283174718963e-06
19400.056 1.7752493130057336e-06
19450.056 2.204680117383998e-06
19500.056 2.219958431923881e-06
19550.056 1.8092814842193772e-06
19600.056 2.0721340884118706e-06
19650.056 2.11366378475996e-06
19700.056 2.1049956248611275e-06
19750.056 1.9353140854701745e-06
19800.056 2.0854587910067406e-06
19850.056 2.196938230800184e-06
19900.056 1.8769084855952924e-06
19950.056 2.2740467793998653e-06
20000.056 2.0109971328902334e-06
20050.056 2.2431063660103475e-06
20100.056 2.209502699509063e-06
20150.056 2.3119903228102966e-06
20200.056 2.3973179974697398e-06
20250.056 2.489542843929756e-06
20300.056 2.5120579728202134e-06
20350.056 2.6540903899597454e-06
20400.056 2.6605903678690968e-06
20450.056 2.7735728025195482e-06
20500.056 2.866584578319882e-06
20550.056 2.9037713627100535e-06
20600.056 3.126135007260169e-06
20650.056 3.0575844926801554e-06
20700.056 3.2230715430902928e-06
20750.056 3.256643528009778e-06
20800.056 3.417791478959906e-06
20850.056 3.35825493111996e-06
20900.056 3.5787394559998045e-06
20950.056 3.601437791899899e-06
21000.056 3.7233356009999575e-06
21050.056 3.789615015000018e-06
21100.056 3.7949899248999627e-06
21150.056 3.967576926399968e-06
21200.056 3.958285103500147e-06
21250.056 4.127045314199797e-06
21300.056 3.9966575967000856e-06
21350.056 4.236942635300057e-06
21400.056 4.0973587168001926e-06
21450.056 4.414500383699984e-06
21500.056 4.213954545200143e-06
21550.056 4.3044614324998815e-06
21600.056 4.3802387247002145e-06
21650.056 4.334284389500052e-06
21700.056 4.479975305699984e-06
21750.056 4.34972714880001e-06
21800.056 4.3582385832997674e-06
21850.056 4.337530600299844e-06
21900.056 4.432932897200224e-06
21950.056 4.294539576000052e-06
22000.056 4.3292612898999385e-06
22050.056 4.163782657999706e-06
22100.056 4.266382753400027e-06
22150.056 4.3000978677001495e-06
22200.056 4.1427443775403965e-06
22250.056 4.348119336200276e-06
22300.056 4.2852090613999705e-06
22350.056 4.128428216900154e-06
22400.056 4.248113792300037e-06
22450.056 4.13227857445979e-06
22500.056 4.186441547240006e-06
22550.056 4.121915544699644e-06
22600.056 4.152444982800022e-06
22650.056 4.013715730380456e-06
22700.056 3.977164929270478e-06
22750.056 4.136350930029936e-06
22800.056 3.93227759980002e-06
22850.056 3.99270718580018e-06
22900.056 4.016211227939905e-06
22950.056 2.809248570360234e-06
23000.056 3.0326681235601445e-06
23050.056 3.218656413719706e-06
23100.056 3.0873326778797825e-06
23150.056 3.2527112351402483e-06
23200.056 3.1260900423201565e-06
23250.056 2.6402781137696345e-06
23300.056 2.767342430400073e-06
23350.056 2.9036928439000075e-06
23400.056 2.8439320853100655e-06
23450.056 2.902140985720191e-06
23500.056 2.9910320309297345e-06
23550.056 2.6874000273304132e-06
23600.056 2.6568763473803222e-06
23650.056 2.849922292369675e-06
23700.056 2.7330044243396063e-06
23750.056 2.787096024940445e-06
23800.056 2.7446954061199977e-06
23850.056 2.3965020187002194e-06
23900.056 2.651303852200088e-06
23950.056 2.7688940124104033e-06
24000.056 2.6154553326794364e-06
24050.056 2.6016081823402832e-06
24100.056 2.36254966578968e-06
24150.056 2.3465061881903625e-06
24200.056 2.336109303099372e-06
24250.056 2.2614096343201218e-06
24300.056 2.2409719724301434e-06
24350.056 2.0002326383701237e-06
24400.056 2.254602820119982e-06
24450.056 1.972799321389889e-06
24500.056 1.876868336359945e-06
24550.056 1.8107854819602216e-06
24600.056 1.8820463807101849e-06
24650.056 2.0328345785000947e-06
24700.056 1.6356797502999594e-06
24750.056 1.5565335045802648e-06
24800.056 1.545679533736156e-06
24850.056 1.843685261640039e-06
24900.056 1.3021271856225527e-06
24950.056 1.7248432347798966e-06
25000.056 1.5470181819901997e-06
25050.056 1.1757835402803036e-06
25100.056 1.4683892525589278e-06
25150.056 1.2562350920868899e-06
25200.056 1.3432800898920227e-06
25250.056 1.210982998692755e-06
25300.056 1.3786316429560766e-06
25350.056 1.1086733115499759e-06
25400.056 1.3014709086343522e-06
25450.056 1.1058767026869734e-06
25500.056 1.199137257375289e-06
25550.056 1.140596242205053e-06
25600.056 1.1853971398089296e-06
25650.056 1.0221071349789507e-06
25700.056 1.418353414246572e-06
25750.056 9.52449368771178e-07
25800.056 1.3495358311422054e-06
25850.056 1.1304348866098704e-06
25900.056 1.3127268799642137e-06
25950.056 1.0683014327500575e-06
26000.056 1.3564031170004661e-06
26050.056 1.3401473273590163e-06
26100.056 1.4423799052630787e-06
26150.056 1.385374153808785e-06
26200.056 1.3294635984320232e-06
26250.056 1.43792699599101e-06
26300.056 1.3750432378360706e-06
26350.056 1.5136010575999724e-06
26400.056 1.530254036079802e-06
26450.056 1.4852023400701146e-06
26500.056 1.5857222257895988e-06
26550.056 1.4653401043797712e-06
26600.056 1.801635402961772e-06
26650.056 1.3101202534237859e-06
26700.056 1.3510145469840584e-06
26750.056 1.0888456594255222e-06
26800.056 1.293352511527764e-06
26850.056 9.711867295420877e-07
26900.056 1.3584348003529836e-06
26950.056 9.01509854226902e-07
27000.056 1.2928750362141888e-06
27050.056 1.0777316066299307e-06
27100.056 1.0846082159427545e-06
27150.056 1.183404492550033e-06
27200.056 1.1556666691521567e-06
27250.056 1.0716843284693439e-06
27300.056 1.3648078715901428e-06
27350.056 1.2451863058956502e-06
27400.056 9.796070635729121e-07
27450.056 1.4453387680596438e-06
27500.056 1.3161195455399946e-06
27550.056 1.15488791813786e-06
27600.056 1.4610862274998915e-06
27650.056 1.08215319978195e-06
27700.056 1.0207188652590385e-06
27750.056 1.4727466825096128e-06
27800.056 1.0261386866079574e-06
27850.056 1.1273379784096828e-06
27900.056 1.1783639404260248e-06
27950.056 1.429331877999945e-06
28000.056 1.2839988626282666e-06
28050.056 9.358765717812518e-07
28100.056 1.4970645925713651e-06
28150.056 1.1428147089600499e-06
28200.056 9.454171769900108e-07
28250.056 1.3150066505399861e-06
28300.056 1.5312079224702295e-06
28350.056 1.0511679295337174e-06
28400.056 1.2280477612800266e-06
28450.056 1.318458670849802e-06
28500.056 1.2726789994997387e-06
28550.056 8.56035590546764e-07
28600.056 1.5124058531000065e-06
28650.056 1.332999272329969e-06
28700.056 1.1749328681358433e-06
28750.056 1.3771145215999845e-06
