galfind/configs/Brown_Dwarf_templates/sonora_bobcat/m0.0/1000g/sp_t475g1000nc_m0.0_resample.dat
# %ECSV 1.0
# ---
# datatype:
# - {name: wav, unit: Angstrom, datatype: float64}
# - {name: flux_nu, unit: erg / (cm2 Hz s), datatype: float64}
# meta: {C/O: '1.00', Kzz: '1.0000E+05', Teff: '475.', Y: '0.28', '[Fe/H]': '0.00', f_hole: '1.00', f_rain: '0.00', grav: '1000.'}
# schema: astropy-2.0
wav flux_nu
[from data line 499]
28950.056 3.5056042407095686e-10
29000.056 2.627545124051248e-10
29050.056 4.235145536894557e-10
29100.056 1.873565661207388e-10
29150.056 3.4523128544317167e-10
29200.056 5.709250062341324e-10
29250.056 6.276162368070983e-10
29300.056 3.576160540914272e-10
29350.056 1.0644298207026703e-09
29400.056 3.826628208311186e-10
29450.056 2.6267994022462923e-10
29500.056 9.80383281395223e-10
29550.056 3.61255573878819e-10
29600.056 4.876247972000843e-10
29650.056 1.4570854330246594e-09
29700.056 3.04820790669081e-10
29750.056 9.617882254561486e-10
29800.056 6.991781839738704e-10
29850.056 1.3457457417315844e-09
29900.056 6.756802756386067e-10
29950.056 6.828116045655177e-10
30000.056 1.6066297386779176e-11
30050.056 9.697501214277268e-11
30100.056 3.520417747025188e-10
30150.056 1.1879641846928187e-09
30200.056 8.308164084105089e-10
30250.056 1.6385699004138933e-09
30300.056 1.8224489037846262e-09
30350.056 5.054538141765991e-10
30400.056 2.085623164312597e-09
30450.056 1.3702588609270766e-09
30500.056 9.709967692276362e-10
30550.056 7.432294493057453e-10
30600.056 4.6382154958861206e-09
30650.056 1.9639562590228546e-09
30700.056 1.2418504370620264e-09
30750.056 2.264928865909183e-09
30800.056 1.998928415542588e-09
30850.056 2.172548996880053e-09
30900.056 1.223325274275801e-09
30950.056 9.917432805279036e-10
31000.056 1.2440951244992966e-09
31050.056 1.033251614662416e-09
31100.056 5.335198707613246e-10
31150.056 1.0396679211026833e-09
31200.056 2.783457345769953e-09
31250.056 1.1603353713640959e-09
31300.056 8.086299992292038e-10
31350.056 1.7556924424581701e-09
31400.056 1.1148704697755505e-09
31450.056 1.2722830127545413e-09
31500.056 4.3656861406745375e-10
31550.056 8.480860324012206e-10
31600.056 5.793802678124962e-10
31650.056 4.565534367403343e-10
31700.056 4.5056877107914554e-10
31750.056 2.0334322321839318e-10
31800.056 4.530280047870658e-10
31850.056 9.423897924671035e-11
31900.056 2.3305763928285964e-10
31950.056 1.1642913399318701e-10
32000.056 1.1082861385876675e-10
32050.056 1.3156506038628475e-10
32100.056 1.0195820846062388e-10
32150.056 1.2146536377833975e-10
32200.056 6.05697318055657e-11
32250.056 1.4731767787722487e-10
32300.056 4.453084895363392e-11
32350.056 1.5973946046206475e-10
32400.056 2.73283455322911e-11
32450.056 1.2222006350238813e-10
32500.056 3.409371292387718e-11
32550.056 1.1422409928121838e-10
32600.056 4.0683094977385824e-11
32650.056 2.2060011888784942e-10
32700.056 6.15242228986266e-11
32750.056 4.644150609331914e-10
32800.056 2.9831591812875763e-10
32850.056 8.444415932041601e-10
32900.056 7.608194152686008e-10
32950.056 7.938159685914608e-10
33000.056 2.668788627160164e-10
33050.056 3.182094786311599e-10
33100.056 6.760415410610348e-11
33150.056 5.993098993372828e-14
33200.056 2.396278459160724e-12
33250.056 4.197744808568728e-12
33300.056 3.3333987799436565e-11
33350.056 1.016408574202774e-10
33400.056 3.333398594650804e-10
33450.056 1.7577023935469248e-10
33500.056 6.823091087262771e-10
33550.056 1.4656530844500352e-10
33600.056 3.568898889647106e-10
33650.056 3.602335529009393e-10
33700.056 1.1143968878918372e-10
33750.056 4.825968674105201e-10
33800.056 4.675513726939686e-11
33850.056 2.289129888338564e-10
33900.056 2.3840754309829516e-10
33950.056 1.9763872139379872e-10
34000.056 4.370385335094941e-10
34050.056 6.968414840974195e-11
34100.056 4.081907754113955e-10
34150.056 1.3987454652350514e-10
34200.056 4.220959962647523e-10
34250.056 2.661764439529529e-10
34300.056 2.4713515805117244e-10
34350.056 6.780754843169533e-10
34400.056 1.63362945870996e-10
34450.056 6.414626675496426e-10
34500.056 3.213268005295511e-10
34550.056 2.630115318510678e-10
34600.056 1.2298898700010681e-09
34650.056 1.536125308576793e-10
34700.056 8.518566684293882e-10
34750.056 4.783095746268176e-10
34800.056 3.4641957325804515e-10
34850.056 1.370695808361337e-09
34900.056 2.651460684267129e-10
34950.056 1.2685111881927956e-09
35000.056 1.935689719476241e-09
35050.056 9.352854505765837e-10
35100.056 2.476593940689533e-09
35150.056 2.0668267342387105e-09
35200.056 1.577587598452094e-09
35250.056 3.024185837946824e-09
35300.056 8.75012718081343e-10
35350.056 1.3905837148335515e-09
35400.056 1.0814948196025926e-09
35450.056 8.802237966791676e-10
35500.056 3.2298356930959506e-09
35550.056 1.812337213238e-09
35600.056 2.4874811337438336e-09
35650.056 2.7453537497972806e-09
35700.056 2.6272191449582606e-09
35750.056 4.3476152884819625e-09
35800.056 2.8052060396918738e-09
35850.056 1.3742194617942893e-09
35900.056 2.1469658210182722e-09
35950.056 3.1956273612759007e-09
36000.056 3.288663832680564e-09
36050.056 2.4602487556885513e-09
36100.056 2.1784820331868215e-09
36150.056 5.4614052242593654e-09
36200.056 5.836262551925668e-09
36250.056 3.5383985353375967e-09
36300.056 8.45190176861741e-09
36350.056 5.364875649789929e-09
36400.056 7.96783240286e-09
36450.056 6.2043040654018216e-09
36500.056 6.970133922950765e-09
36550.056 1.1896690331810512e-08
36600.056 1.345992688449714e-08
36650.056 8.28010143634757e-09
36700.056 8.688783303508389e-09
36750.056 1.2991979703103678e-08
36800.056 1.4678371654637816e-08
36850.056 8.248997298239777e-09
36900.056 1.1047002140113648e-08
36950.056 1.5448525647746843e-08
37000.056 1.0591900240298206e-08
37050.056 1.604892472293059e-08
37100.056 8.30850465576684e-09
37150.056 1.1534712887351938e-08
37200.056 2.0175225567197974e-08
37250.056 1.0618754687879468e-08
37300.056 7.926511055181808e-09
37350.056 1.4271084358248151e-08
37400.056 2.1694310913658857e-08
37450.056 9.127473196491376e-09
37500.056 1.1728518160078253e-08
37550.056 2.5085330242006596e-08
37600.056 3.5127764838602785e-08
37650.056 1.0818255707131404e-08
37700.056 2.0453200505202348e-08
37750.056 1.4658635007061469e-08
37800.056 1.630141995646357e-08
37850.056 9.162438360879904e-09
37900.056 1.0900267608040243e-08
37950.056 1.8353399436199942e-08
38000.056 1.67757338892754e-08
38050.056 2.3150095147454704e-08
38100.056 3.118751350302004e-08
38150.056 3.332066373517764e-08
38200.056 2.473755281037122e-08
38250.056 2.9381263994252274e-08
38300.056 4.670448984379023e-08
38350.056 4.065919453551005e-08
38400.056 1.894536259916865e-08
38450.056 9.7409868007363e-09
38500.056 7.861771763121853e-09
38550.056 2.3239150995003785e-08
38600.056 2.468281861309508e-08
38650.056 2.6293864278237174e-08
38700.056 2.587077836799562e-08
38750.056 2.458882423429955e-08
38800.056 2.4322845987799654e-08
38850.056 2.814953470160202e-08
38900.056 3.366313763559554e-08
38950.056 2.1981679773501933e-08
39000.056 3.153920210209298e-08
39050.056 2.2060255887911497e-08
39100.056 2.883650491523913e-08
39150.056 4.0799019311499e-08
39200.056 3.015015722119812e-08
39250.056 3.94747026636012e-08
39300.056 3.135807269489911e-08
39350.056 4.989930600120014e-08
39400.056 3.213996066511708e-08
39450.056 4.442171430357189e-08
39500.056 4.879825580700031e-08
39550.056 2.5375805281785785e-08
39600.056 4.059190735780325e-08
39650.056 5.8751471059997794e-08
39700.056 5.15452590360047e-08
39750.056 2.5267633166255422e-08
39800.056 2.8308998596400764e-08
39850.056 6.178422682600316e-08
39900.056 6.610226019300302e-08
39950.056 3.528325265019898e-08
40000.056 5.5054826060999074e-08
40050.056 5.792276701499867e-08
40100.056 2.2154862691494436e-08
40150.056 5.2224776007003144e-08
40200.056 5.828179745599341e-08
40250.056 6.371507607498965e-08
40300.056 6.388303482100711e-08
40350.056 3.772529843669127e-08
40400.056 5.547175971948395e-08
40450.056 3.0116443496057396e-08
40500.056 6.220414105099723e-08
40550.056 6.694027138378703e-08
40600.056 6.272117848400005e-08
40650.056 4.871772348004645e-08
40700.056 8.565370975799637e-08
40750.056 6.010917101499333e-08
40800.056 3.8332478811991514e-08
40850.056 9.02781155530105e-08
40900.056 8.3499922816993e-08
40950.056 6.284054159968531e-08
41000.056 5.731422237019682e-08
41050.056 9.574831370499475e-08
41100.056 8.331428650199486e-08
41150.056 3.585504079789808e-08
41200.056 8.97512648790084e-08
41250.056 8.111835889628793e-08
41300.056 8.428748261900537e-08
41350.056 1.0484570921999877e-07
41400.056 8.4116779570001e-08
41450.056 1.0589072342499766e-07
41500.056 6.77665832363378e-08
41550.056 6.243610264491441e-08
41600.056 6.856659972919176e-08
41650.056 9.420578838400674e-08
41700.056 1.1081552359398861e-07
41750.056 8.964340108999707e-08
41800.056 9.920647857800584e-08
41850.056 7.850713629739249e-08
41900.056 7.24523297160826e-08
41950.056 7.97419304079995e-08
42000.056 5.4868703527872284e-08
42050.056 5.75946326280097e-08
42100.056 7.665783903399291e-08
42150.056 7.077462877299796e-08
42200.056 7.372006054499371e-08
42250.056 6.7027006321707e-08
42300.056 6.055286022499697e-08
42350.056 8.857893362900358e-08
42400.056 9.987685005900541e-08
42450.056 9.174230937200926e-08
42500.056 9.603425259499636e-08
42550.056 8.442213672599587e-08
42600.056 8.651080515402048e-08
42650.056 1.2202637159098667e-07
42700.056 6.881692693598347e-08
42750.056 7.768539920901181e-08
42800.056 1.0934856016700344e-07
42850.056 1.1876838770098384e-07
42900.056 1.2161536295100893e-07
42950.056 9.39022060539976e-08
43000.056 1.1012597434499853e-07
43050.056 5.856572569300593e-08
43100.056 9.891054921599635e-08
43150.056 8.329664959900265e-08
43200.056 1.0429898633800553e-07
43250.056 1.4881815213000513e-07
43300.056 1.3234265130799845e-07
43350.056 7.080241036299183e-08
43400.056 1.0649062381300543e-07
43450.056 7.746840516300525e-08
43500.056 7.96661641900059e-08
43550.056 8.09465379040047e-08
43600.056 1.251551520420043e-07
43650.056 7.130664979899624e-08
43700.056 1.3290399439201798e-07
43750.056 1.2849281118799424e-07
43800.056 1.1133792057299499e-07
43850.056 1.0225088432501253e-07
43900.056 8.477063743699531e-08
43950.056 6.184426527399543e-08
44000.056 5.667882203599927e-08
44050.056 1.234174475360077e-07
44100.056 1.6611272188000388e-07
44150.056 1.5334563039599376e-07
44200.056 1.4029894917900297e-07
44250.056 8.116431790199544e-08
44300.056 5.776493849100511e-08
44350.056 6.65516556030066e-08
44400.056 6.7462337799997e-08
44450.056 1.1157245987000819e-07
44500.056 9.608437755501018e-08
44550.056 1.384596462199979e-07
44600.056 1.1250895019030273e-07
44650.056 1.1256700129399454e-07
44700.056 7.554628997799136e-08
44750.056 1.0247938834301403e-07
44800.056 7.515487096760469e-08
44850.056 1.1078728129200512e-07
44900.056 9.41197555979973e-08
44950.056 1.0730183803700858e-07
45000.056 1.2418574296300128e-07
45050.056 1.1524353740599108e-07
45100.056 1.0640962751400723e-07
45150.056 9.761184634299498e-08
45200.056 6.776554462350374e-08
45250.056 8.014153119098938e-08
45300.056 7.814189692400818e-08
45350.056 5.970664797260717e-08
45400.056 1.4638922002000962e-07
45450.056 1.272531752750118e-07
45500.056 1.4492038096500744e-07
45550.056 1.5946033274897894e-07
45600.056 1.4277332920000865e-07
45650.056 1.2136243908799243e-07
45700.056 7.176148024459557e-08
45750.056 6.224946533130436e-08
45800.056 1.51914509869006e-07
45850.056 1.278717327630028e-07
45900.056 1.5471446115799586e-07
45950.056 1.333615553839935e-07
46000.056 1.4770743088801247e-07
46050.056 1.1832360883800636e-07
46100.056 1.6613059870999135e-07
46150.056 9.969298466700047e-08
46200.056 8.21856699529903e-08
46250.056 3.261848083322784e-08
46300.056 1.0029057428600525e-07
46350.056 1.112685701120103e-07
46400.056 1.0843067845400329e-07
46450.056 9.11639374468936e-08
46500.056 1.0301080928501366e-07
46550.056 6.073746707849888e-08
46600.056 7.399041990359032e-08
46650.056 1.1546039622900602e-07
46700.056 8.184594183698788e-08
46750.056 3.7584686230506e-08
46800.056 2.5395697301597642e-08
46850.056 1.0629848356501428e-07
46900.056 1.262055847629951e-07
46950.056 1.216110315549935e-07
47000.056 1.202578199150091e-07
47050.056 8.329208861627688e-08
47100.056 6.198885452600214e-08
47150.056 9.745184253501207e-08
47200.056 1.1026146849899536e-07
47250.056 5.171786340239098e-08
47300.056 3.5564760337318785e-08
47350.056 1.1598574556600633e-07
47400.056 1.1731234989599512e-07
47450.056 8.140544580050927e-08
47500.056 1.3383452040399796e-07
47550.056 1.1116372700100378e-07
47600.056 9.990951395448986e-08
47650.056 1.0981305819579502e-07
47700.056 8.53116609971138e-08
47750.056 6.241918781600037e-08
47800.056 4.885433471300448e-08
47850.056 2.132079399722339e-08
47900.056 3.55280002590193e-08
47950.056 9.429792247900618e-08
48000.056 1.2235332800899542e-07
48050.056 9.721421241319646e-08
48100.056 4.318493823546142e-08
48150.056 7.757659467400377e-08
48200.056 5.542443024273593e-08
48250.056 7.852275018600068e-08
48300.056 1.1543795319399958e-07
48350.056 7.084653633499184e-08
48400.056 1.573578568535594e-08
48450.056 3.342393045888788e-08
48500.056 6.175489619998742e-08
48550.056 7.174374595879053e-08
48600.056 1.00578004457002e-07
48650.056 1.2333495274799693e-07
48700.056 8.6076740200008e-08
48750.056 5.7453592904006946e-08
48800.056 9.961998621000528e-08
48850.056 5.20346155573921e-08
48900.056 6.389737267447385e-08
48950.056 3.579266302299832e-08
49000.056 1.9975204525840374e-08
49050.056 6.340783423639299e-08
49100.056 8.257897395201249e-08
49150.056 6.365063990159907e-08
49200.056 1.0135812415400952e-07
49250.056 1.0509949024700206e-07
49300.056 8.57498737309955e-08
49350.056 3.565101040057648e-08
49400.056 5.0718079577889565e-08
49450.056 4.4196119177209837e-08
49500.056 3.6523163564304074e-08
49550.056 7.086730301259966e-09
49600.056 2.07549341761077e-08
49650.056 5.423499389500258e-08
49700.056 6.560157093799087e-08
49750.056 6.143908426749626e-08
49800.056 3.612573393897927e-08
49850.056 8.037348591400835e-08
49900.056 7.833472604299812e-08
49950.056 6.993726792099786e-08
50000.056 5.059671696841331e-08
50050.056 6.088229847820436e-08
50100.056 5.084335533499729e-08
50150.056 2.156557745919608e-08
50200.056 3.5537860099216484e-09
50250.056 2.2961158875999668e-08
50300.056 1.5671211936012954e-08
50350.056 5.741802743800678e-08
50400.056 6.576422481899674e-08
50450.056 4.645763232140064e-08
50500.056 7.588978303200413e-08
50550.056 7.603222913700158e-08
50600.056 4.9168527799485924e-08
50650.056 7.688907807901074e-08
50700.056 7.909336798899761e-08
50750.056 4.636190304500002e-08
50800.056 1.4930887491653118e-08
50850.056 7.47115186951362e-09
50900.056 5.0493961600003676e-08
50950.056 5.173717521899684e-08
51000.056 3.8163824610655645e-08
51050.056 5.7135367669992205e-08
51100.056 2.1528834700599854e-08
51150.056 2.1556311560792815e-08
51200.056 7.088091807499953e-08
51250.056 5.3301716294991385e-08
51300.056 3.322291484870502e-08
51350.056 3.2251098247874696e-08
51400.056 1.0051740733842053e-08
51450.056 7.952805174425517e-09
51500.056 7.050719992998759e-09
51550.056 2.966045675240486e-08
51600.056 2.8778877924603867e-08
51650.056 3.904290944899815e-08
51700.056 3.792798489369415e-08
51750.056 2.682972085550507e-08
51800.056 5.15812693159957e-08
51850.056 3.940402838199815e-08
51900.056 4.587248231500184e-08
51950.056 2.4833025976596145e-08
52000.056 2.2402232732511034e-09
52050.056 1.262778938620148e-08
52100.056 6.919352794778635e-09
52150.056 3.921312973207141e-09
52200.056 1.4050826654399434e-08
52250.056 2.491428117030438e-08
52300.056 3.2350138404998076e-08
52350.056 8.267330032649315e-09
52400.056 9.179076887149928e-09
52450.056 3.7070719098004565e-08
52500.056 2.880366465539442e-08
52550.056 3.4301408559997346e-08
52600.056 2.6714099631102403e-08
52650.056 3.289092544890113e-08
52700.056 1.9722078309199598e-08
52750.056 7.582143656929529e-09
52800.056 1.400852619750258e-08
52850.056 1.7501048517895804e-08
52900.056 6.532446803336162e-09
52950.056 1.1603909440021807e-08
53000.056 2.4216640634001437e-08
53050.056 8.63812217113852e-09
53100.056 3.292381012400189e-08
53150.056 3.483527346800031e-08
53200.056 1.3266798062149035e-08
53250.056 2.9267755969000837e-08
53300.056 3.320360570565789e-08
53350.056 2.7804375369999793e-08
53400.056 1.7717038577998003e-08
53450.056 5.019593042278363e-09
53500.056 9.5117787691667e-10
53550.056 2.41094631368999e-09
53600.056 1.1837913596602283e-08
53650.056 1.444015384141957e-08
