galfind/configs/Brown_Dwarf_templates/sonora_bobcat/m0.0/1000g/sp_t1100g1000nc_m0.0_resample.dat
# %ECSV 1.0
# ---
# datatype:
# - {name: wav, unit: Angstrom, datatype: float64}
# - {name: flux_nu, unit: erg / (cm2 Hz s), datatype: float64}
# meta: {C/O: '1.00', Kzz: '1.0000E+05', Teff: '1100.', Y: '0.28', '[Fe/H]': '0.00', f_hole: '1.00', f_rain: '0.00', grav: '1000.'}
# schema: astropy-2.0
wav flux_nu
4000.0559999999996 nan
4050.0559999999996 1.1478622652630177e-12
4100.056 4.79849706800986e-11
4150.056 1.3085323830400598e-10
4200.056 1.166653387138696e-10
4250.056 2.11641209400003e-10
4300.056 2.6985000724701677e-10
4350.056 2.9837837249500693e-10
4400.056 3.6709715066000873e-10
4450.056 4.0744354025000525e-10
4500.056 3.9481179726001386e-10
4550.056 4.474118646379816e-10
4600.056 3.9892699658999726e-10
4650.056 3.3642715128998937e-10
4700.056 2.9389532956000006e-10
4750.056 1.5583994177399868e-10
4800.056 4.7396340337999666e-11
4850.056 1.3756052996199842e-11
4900.056 5.8858317806999566e-12
4950.056 2.7248987003999764e-12
5000.056 9.883340133399886e-13
5050.056 3.9141177784999815e-13
5100.056 3.129714605699998e-13
5150.056 2.708138478799999e-13
5200.056 2.338908441799997e-13
5250.056 1.9596982262999963e-13
5300.056 1.6336714147999964e-13
5350.056 1.3826401761999975e-13
5400.056 1.185884231099998e-13
5450.056 1.0258444797799989e-13
5500.056 8.9450206633e-14
5550.056 7.89038997029999e-14
5600.056 7.01807378379999e-14
5650.056 6.262173519599989e-14
5700.056 5.5736211843999914e-14
5750.056 4.8990713061999916e-14
5800.056 4.1256711113999865e-14
5850.056 2.916196781499969e-14
5900.056 1.0240151003646145e-14
5950.056 5.5737590354000905e-14
6000.056 1.171864171040006e-13
6050.056 2.2464844908000254e-13
6100.056 4.2081772469000414e-13
6150.056 7.836876175600071e-13
6200.056 1.4374998437000113e-12
6250.056 2.5599061986000206e-12
6300.056 4.447266555100034e-12
6350.056 7.49784712700006e-12
6400.056 1.2257894866200094e-11
6450.056 1.9322426994000055e-11
6500.056 2.982819206300014e-11
6550.056 4.5071359835000224e-11
6600.056 6.680256006200062e-11
6650.056 9.689184653600057e-11
6700.056 1.1250494055980077e-10
6750.056 1.86004985610001e-10
6800.056 2.41331837650001e-10
6850.056 2.754989217400003e-10
6900.056 2.686243531500004e-10
6950.056 2.4554202930999955e-10
7000.056 2.463508432500007e-10
7050.056 2.6876058863999953e-10
7100.056 2.9589312115e-10
7150.056 3.1000768523999795e-10
7200.056 3.0930222872000274e-10
7250.056 2.9471939938999453e-10
7300.056 2.648210145500011e-10
7350.056 2.3178820268999828e-10
7400.056 1.97824147050001e-10
7450.056 1.619464744700005e-10
7500.056 1.2490090322999913e-10
7550.056 8.814906048099928e-11
7600.056 5.6342399866999334e-11
7650.056 1.1131355005627392e-11
7700.056 6.818322930070317e-12
7750.056 4.187176513300102e-11
7800.056 9.506321525676183e-11
7850.056 2.2358059695000248e-10
7900.056 3.797896416900026e-10
7950.056 4.710589680184059e-10
8000.056 8.846211816500074e-10
8050.056 1.2419256455000115e-09
8100.056 1.6406259522000007e-09
8150.056 2.117717443500006e-09
8200.056 2.754353506400058e-09
8250.056 3.4496987304400354e-09
8300.056 4.284199559100187e-09
8350.056 5.204040451399957e-09
8400.056 6.291259905199925e-09
8450.056 7.627287878799968e-09
8500.056 8.156511568927668e-09
8550.056 1.0354481623200303e-08
8600.056 1.2614604688000076e-08
8650.056 1.4349545172000019e-08
8700.056 1.6645136236999797e-08
8750.056 1.9203408793000167e-08
8800.056 2.2056956997000193e-08
8850.056 2.4739772175999982e-08
8900.056 2.5746777536999758e-08
8950.056 2.3899442751659472e-08
9000.056 3.153453936699901e-08
9050.056 3.9007246933000815e-08
9100.056 4.384274037480077e-08
9150.056 4.79010161850014e-08
9200.056 5.417237649099665e-08
9250.056 5.611980326579524e-08
9300.056 3.580117385532974e-08
9350.056 4.513246407493826e-08
9400.056 6.201227001206756e-08
9450.056 6.628176409490396e-08
9500.056 6.766857913077636e-08
9550.056 7.458283446259032e-08
9600.056 7.751113544115456e-08
9650.056 8.724127933093614e-08
9700.056 1.0310205568676181e-07
9750.056 1.1146225518933499e-07
9800.056 1.2408471924669104e-07
9850.056 1.3877991031399879e-07
9900.056 1.354954501499971e-07
9950.056 1.3663117580099896e-07
10000.056 1.1924855918599861e-07
10050.056 1.5168388672999992e-07
10100.056 1.7460578866000044e-07
10150.056 1.8789278620999412e-07
10200.056 2.0750005671000005e-07
10250.056 2.2617603970000087e-07
10300.056 2.4375777138000007e-07
10350.056 2.721424542400052e-07
10400.056 2.9579920941999687e-07
10450.056 3.1289781078000014e-07
10500.056 3.217242407400005e-07
10550.056 3.32924446990002e-07
10600.056 3.521842655399963e-07
10650.056 3.7493823881000893e-07
10700.056 3.9785234608000726e-07
10750.056 4.205535185400065e-07
10800.056 4.4123604713000305e-07
10850.056 4.6204059446999684e-07
10900.056 4.269671638799962e-07
10950.056 3.2985439932299884e-07
11000.056 2.787422243919733e-07
11050.056 2.255361799372442e-07
11100.056 1.8285311881546737e-07
11150.056 1.4887904224503325e-07
11200.056 1.6414448024685395e-07
11250.056 2.0430933438688066e-07
11300.056 2.007265905308105e-07
11350.056 1.1357872579772569e-07
11400.056 1.7361277450160874e-07
11450.056 1.6857676451680083e-07
11500.056 1.9448871945473372e-07
11550.056 1.4128135219898677e-07
11600.056 1.456371644725084e-07
11650.056 1.6694154490167777e-07
11700.056 1.361333832388286e-07
11750.056 1.0987913234560194e-07
11800.056 1.6615521960422748e-07
11850.056 2.53422909235097e-07
11900.056 3.0046605948117463e-07
11950.056 3.6626033276501193e-07
12000.056 4.0526979454500066e-07
12050.056 4.7591369544503327e-07
12100.056 5.278062685499856e-07
12150.056 6.054710817499872e-07
12200.056 6.576217723399728e-07
12250.056 7.238429443799812e-07
12300.056 7.899021026100185e-07
12350.056 8.005523859800038e-07
12400.056 7.801672783699852e-07
12450.056 7.186689490400133e-07
12500.056 7.362607707299886e-07
12550.056 7.875034395600356e-07
12600.056 1.013858732770014e-06
12650.056 1.0367769026700018e-06
12700.056 1.0826178066200432e-06
12750.056 1.0514867320400079e-06
12800.056 1.06139581168001e-06
12850.056 9.60423475830003e-07
12900.056 8.948366106300164e-07
12950.056 8.866002714909917e-07
13000.056 8.843681814699755e-07
13050.056 8.450323975189752e-07
13100.056 8.158586710899632e-07
13150.056 7.158416539265581e-07
13200.056 6.489948144519836e-07
13250.056 5.004349657978003e-07
13300.056 2.941458482318934e-07
13350.056 1.0255404069751439e-07
13400.056 5.886536759833632e-08
13450.056 3.9901147881841566e-08
13500.056 2.816701145597165e-08
13550.056 2.16183403278104e-08
13600.056 1.636146216524363e-08
13650.056 3.247394636772045e-08
13700.056 2.582846591856284e-08
13750.056 3.183015956785705e-08
13800.056 3.913666110869138e-08
13850.056 3.100891786554376e-08
13900.056 3.1242530464394356e-08
13950.056 2.9482392136518776e-08
14000.056 2.8025745667405155e-08
14050.056 3.273619345042007e-08
14100.056 2.6610791352865077e-08
14150.056 3.5743533171935227e-08
14200.056 2.891160993802866e-08
14250.056 2.899840500193109e-08
14300.056 4.3208532234748845e-08
14350.056 4.367309753590674e-08
14400.056 4.626795487700362e-08
14450.056 5.2274436173270035e-08
14500.056 7.892596640398877e-08
14550.056 8.328359268751755e-08
14600.056 1.0893467521134643e-07
14650.056 1.0699805551053306e-07
14700.056 8.997193654385697e-08
14750.056 1.0858430204424994e-07
14800.056 1.2964897165617993e-07
14850.056 1.4125112445780744e-07
14900.056 1.4119640315381461e-07
14950.056 1.5915389543031358e-07
15000.056 1.7555382432442257e-07
15050.056 2.0789892098429504e-07
15100.056 2.2140222481600344e-07
15150.056 2.459773378926974e-07
15200.056 2.53728478523164e-07
15250.056 3.022359605573003e-07
15300.056 3.2940150028397845e-07
15350.056 3.748382844529831e-07
15400.056 4.1279425005601894e-07
15450.056 4.4861049015202327e-07
15500.056 4.701267769399975e-07
15550.056 5.211038606199777e-07
15600.056 5.40126536310011e-07
15650.056 5.633820579300207e-07
15700.056 6.189708755600444e-07
15750.056 6.441264991799915e-07
15800.056 6.418694237300223e-07
15850.056 6.69562830310001e-07
15900.056 6.512934962900127e-07
15950.056 6.350265740099704e-07
16000.056 5.815732663200056e-07
16050.056 4.934894889999903e-07
16100.056 4.2146680231897855e-07
16150.056 3.4331586976899223e-07
16200.056 2.748869232125709e-07
16250.056 2.5791207490717347e-07
16300.056 2.3329593865649242e-07
16350.056 2.5279284132931086e-07
16400.056 2.808701516732952e-07
16450.056 2.993800162099182e-07
16500.056 3.2267567352863697e-07
16550.056 3.136097655190491e-07
16600.056 3.143713147102263e-07
16650.056 2.426058201531185e-07
16700.056 1.4545701329753125e-07
16750.056 1.8262186926689765e-07
16800.056 2.457240966314101e-07
16850.056 2.5086640829648923e-07
16900.056 2.2991010839140095e-07
16950.056 2.0533566837560243e-07
17000.056 1.782874345895299e-07
17050.056 2.274677455970278e-07
17100.056 2.489567061690065e-07
17150.056 2.1759020779899216e-07
17200.056 2.5830507515596017e-07
17250.056 2.306252469691259e-07
17300.056 2.0290720678980434e-07
17350.056 1.8419806911058474e-07
17400.056 1.8977331202399402e-07
17450.056 1.8659873322635947e-07
17500.056 1.9811027808752568e-07
17550.056 1.7987051876490446e-07
17600.056 1.6719555935414355e-07
17650.056 1.640552741047677e-07
17700.056 1.2995293686381471e-07
17750.056 1.1615728545387666e-07
17800.056 1.386149649318543e-07
17850.056 1.0033015942638445e-07
17900.056 1.0722016456370417e-07
17950.056 8.892622585492958e-08
18000.056 9.513749375562283e-08
18050.056 8.549349928020838e-08
18100.056 8.88364717315582e-08
18150.056 1.0826846481681407e-07
18200.056 7.126988725573468e-08
18250.056 1.2943947277708734e-07
18300.056 9.034562978017057e-08
18350.056 8.148760438872609e-08
18400.056 7.686897757280645e-08
18450.056 8.621377823225188e-08
18500.056 9.147715584928935e-08
18550.056 7.402576391096258e-08
18600.056 6.299683527735937e-08
18650.056 6.272412737054339e-08
18700.056 6.255665184229009e-08
18750.056 7.757622567075862e-08
18800.056 1.1895982297781134e-07
18850.056 1.3447690036906557e-07
18900.056 1.242649266044193e-07
18950.056 1.7866521918569751e-07
19000.056 1.380558011361028e-07
19050.056 1.1300664286390174e-07
19100.056 1.6589306763533018e-07
19150.056 1.300224686398971e-07
19200.056 1.5553455441478843e-07
19250.056 1.2309225634369289e-07
19300.056 1.183333748417509e-07
19350.056 1.0641070110500318e-07
19400.056 7.542611973334524e-08
19450.056 1.2115835067871845e-07
19500.056 1.22778959485665e-07
19550.056 9.349945556235901e-08
19600.056 1.1675878577835304e-07
19650.056 1.357511561442672e-07
19700.056 1.3500244749896002e-07
19750.056 1.389249706698578e-07
19800.056 1.4898350067645244e-07
19850.056 1.8261459929599857e-07
19900.056 1.450870934532202e-07
19950.056 2.0714982044380154e-07
20000.056 1.8619655116152007e-07
20050.056 2.147748140832468e-07
20100.056 2.262751535804146e-07
20150.056 2.3686168070914906e-07
20200.056 2.557723915680597e-07
20250.056 2.8458347720497523e-07
20300.056 2.8081075208132206e-07
20350.056 3.1846614558095905e-07
20400.056 3.137510390099309e-07
20450.056 3.46494862850952e-07
20500.056 3.674617263729483e-07
20550.056 3.669443233490145e-07
20600.056 4.055478559460332e-07
20650.056 4.02971094490022e-07
20700.056 4.1335707358802876e-07
20750.056 4.2127899148398226e-07
20800.056 4.3580988063197935e-07
20850.056 4.272026825399895e-07
20900.056 4.448466429599479e-07
20950.056 4.3645801203000627e-07
21000.056 4.3363702717001854e-07
21050.056 4.297223617099897e-07
21100.056 4.1996064766000757e-07
21150.056 4.2467590115994906e-07
21200.056 4.061764359300099e-07
21250.056 3.992964852729542e-07
21300.056 3.697867732879779e-07
21350.056 3.688236029709976e-07
21400.056 3.550802264330583e-07
21450.056 3.412232091030016e-07
21500.056 3.2318420603413667e-07
21550.056 3.075822341610144e-07
21600.056 2.8693871518502646e-07
21650.056 2.671564000980098e-07
21700.056 2.6575587506800646e-07
21750.056 2.380534057145135e-07
21800.056 2.1376143219197643e-07
21850.056 1.9415425590599634e-07
21900.056 1.6079232438098588e-07
21950.056 1.1769954328632532e-07
22000.056 6.316900453490192e-08
22050.056 5.037112484597384e-08
22100.056 7.188210313912542e-08
22150.056 8.5388650520076e-08
22200.056 9.263304305760055e-08
22250.056 8.759508456232523e-08
22300.056 7.284387552300394e-08
22350.056 7.153946891310579e-08
22400.056 5.719691772789928e-08
22450.056 5.1488869911752154e-08
22500.056 5.241429187447104e-08
22550.056 4.429200110861775e-08
22600.056 4.5375565050942744e-08
22650.056 4.805980950675546e-08
22700.056 4.3219346052425525e-08
22750.056 4.382095190096421e-08
22800.056 4.2068593091269815e-08
22850.056 3.6928529275601444e-08
22900.056 3.481406627443037e-08
22950.056 3.2358108181490354e-08
23000.056 3.9452146014197174e-08
23050.056 4.941663789587905e-08
23100.056 7.546428686100871e-08
23150.056 7.574731054606297e-08
23200.056 2.6725124698254862e-08
23250.056 3.424314276320559e-08
23300.056 2.976842823593052e-08
23350.056 2.9626957137020103e-08
23400.056 3.055915484962645e-08
23450.056 2.986085417749881e-08
23500.056 3.2499680214834525e-08
23550.056 3.9907713711686684e-08
23600.056 4.648721111281449e-08
23650.056 5.629405240338198e-08
23700.056 3.445188797305382e-08
23750.056 3.1082351305547326e-08
23800.056 3.429592580399945e-08
23850.056 3.762688641410307e-08
23900.056 5.396346059262063e-08
23950.056 5.570738584202621e-08
24000.056 6.416139206032733e-08
24050.056 7.100997821508051e-08
24100.056 6.583049997014143e-08
24150.056 7.467505642001278e-08
24200.056 7.497910114034899e-08
24250.056 6.709669110440249e-08
24300.056 7.808319664661936e-08
24350.056 6.719653172957307e-08
24400.056 8.61306725286138e-08
24450.056 7.909574379039034e-08
24500.056 8.08578005759398e-08
24550.056 9.06480204314292e-08
24600.056 9.183343123370045e-08
24650.056 1.1092935012520955e-07
24700.056 8.182565932469622e-08
24750.056 8.682123423113382e-08
24800.056 8.766206152936572e-08
24850.056 1.1654985217292585e-07
24900.056 7.039965549073385e-08
24950.056 1.1243529224739809e-07
25000.056 9.929504785392244e-08
25050.056 7.040538982117751e-08
25100.056 9.618529347647459e-08
25150.056 7.032393215276111e-08
25200.056 8.598432291635746e-08
25250.056 6.099827434465226e-08
25300.056 8.2600750487255e-08
25350.056 5.4340703770098425e-08
25400.056 8.705654246043614e-08
25450.056 5.423213706533394e-08
25500.056 5.716949383859584e-08
25550.056 6.182853851559878e-08
25600.056 5.961316788579495e-08
25650.056 4.2186194894146713e-08
25700.056 7.412054594274254e-08
25750.056 3.750154229324285e-08
25800.056 7.847421445483565e-08
25850.056 4.279484220563371e-08
25900.056 5.984075091268875e-08
25950.056 3.607410878634767e-08
26000.056 8.148112525765817e-08
26050.056 5.3461944727476974e-08
26100.056 8.312807936696515e-08
26150.056 6.646464589313255e-08
26200.056 7.061471486689115e-08
26250.056 1.0485785809091432e-07
26300.056 7.476052651096544e-08
26350.056 1.2150434916512716e-07
26400.056 1.1778887837348424e-07
26450.056 1.1633335497775991e-07
26500.056 1.2990644313864404e-07
26550.056 8.131616220029026e-08
26600.056 1.1294834994808303e-07
26650.056 5.854456142860808e-08
26700.056 5.524910169226583e-08
26750.056 3.920330503064129e-08
26800.056 5.859337957116526e-08
26850.056 3.622076759736582e-08
26900.056 7.26419942500759e-08
26950.056 4.046600257254471e-08
27000.056 8.623569816898855e-08
27050.056 6.948784398898837e-08
27100.056 5.6780054222109496e-08
27150.056 9.145804359053081e-08
27200.056 6.13256036451886e-08
27250.056 7.15035722185357e-08
27300.056 1.3890322842254664e-07
27350.056 1.0547313287564157e-07
27400.056 4.2750298950429754e-08
27450.056 1.3063219297848133e-07
27500.056 1.2727493750880077e-07
27550.056 6.630220235220832e-08
27600.056 1.1353272140627951e-07
27650.056 6.082326707409768e-08
27700.056 5.1144472365573725e-08
27750.056 1.1752052174141878e-07
27800.056 6.039166868142566e-08
27850.056 7.114677706007013e-08
27900.056 7.86961929797082e-08
27950.056 1.23715018572607e-07
28000.056 9.759105327534108e-08
28050.056 4.5744499980527086e-08
28100.056 1.300743003745339e-07
28150.056 8.274979485271793e-08
28200.056 5.027102515730382e-08
28250.056 1.236871662455839e-07
28300.056 1.4803844515785528e-07
28350.056 6.188854317756639e-08
28400.056 9.925617588287372e-08
28450.056 1.3045554068051875e-07
28500.056 1.0209155348022818e-07
28550.056 4.7964441371541854e-08
28600.056 1.4049768268432745e-07
28650.056 1.1919391062314382e-07
28700.056 1.0455890463639871e-07
28750.056 1.451057820471183e-07
28800.056 1.2462717031493114e-07
28850.056 1.4072727301150061e-07
