galfind/configs/Brown_Dwarf_templates/sonora_bobcat/m0.0/1000g/sp_t275g1000nc_m0.0_resample.dat
# %ECSV 1.0
# ---
# datatype:
# - {name: wav, unit: Angstrom, datatype: float64}
# - {name: flux_nu, unit: erg / (cm2 Hz s), datatype: float64}
# meta: {C/O: '1.00', Kzz: '1.0000E+05', Teff: '275.', Y: '0.28', '[Fe/H]': '0.00', f_hole: '1.00', f_rain: '0.00', grav: '1000.'}
# schema: astropy-2.0
wav flux_nu
4000.0559999999996 nan
4050.0559999999996 6.212437077000097e-19
4100.056 1.2534109599300172e-17
4150.056 6.047882725500049e-17
4200.056 1.1464871485700065e-16
4250.056 3.42290815810002e-16
4300.056 6.773528306700029e-16
4350.056 1.1697899100400044e-15
4400.056 1.873740733200006e-15
4450.056 2.87841303680001e-15
4500.056 4.410055178700014e-15
4550.056 6.353208309400012e-15
4600.056 7.505736140300014e-15
4650.056 8.705571407000007e-15
4700.056 8.879996364499997e-15
4750.056 7.771144244199987e-15
4800.056 6.4201684598999865e-15
4850.056 4.793427642099986e-15
4900.056 3.786903480599992e-15
4950.056 3.061840910699993e-15
5000.056 2.069605192599989e-15
5050.056 1.3666804816999979e-15
5100.056 1.4025727525000027e-15
5150.056 1.5602504895000014e-15
5200.056 1.768998590800002e-15
5250.056 1.907682574300001e-15
5300.056 2.0441765579000016e-15
5350.056 2.1946085143000014e-15
5400.056 2.2856255386000015e-15
5450.056 2.4846655805000043e-15
5500.056 2.763706472100003e-15
5550.056 3.0840311078000037e-15
5600.056 3.363826120500003e-15
5650.056 3.565370939300001e-15
5700.056 3.5209009623000024e-15
5750.056 3.580346887599999e-15
5800.056 3.3850787927999963e-15
5850.056 2.5084225220999735e-15
5900.056 7.797717393780239e-16
5950.056 4.361870845700068e-15
6000.056 8.794368894000063e-15
6050.056 1.635332952300013e-14
6100.056 2.7632376829000192e-14
6150.056 4.3221243999000256e-14
6200.056 6.451371278300032e-14
6250.056 8.899510433400031e-14
6300.056 1.2754060090000058e-13
6350.056 1.8001323257000076e-13
6400.056 2.472273651700012e-13
6450.056 2.864532766699995e-13
6500.056 3.8014562564000384e-13
6550.056 5.417233111399992e-13
6600.056 7.707250909600079e-13
6650.056 1.1329860038700066e-12
6700.056 1.5100976256000075e-12
6750.056 2.0774435510000094e-12
6800.056 2.410852413300002e-12
6850.056 2.2747921784999937e-12
6900.056 1.5423881382699783e-12
6950.056 8.857225515800088e-13
7000.056 9.64410938719987e-13
7050.056 9.330595472100026e-13
7100.056 1.0465082371199985e-12
7150.056 6.823848167889803e-13
7200.056 3.574758280200022e-13
7250.056 3.9937984160398054e-13
7300.056 4.063590651950166e-13
7350.056 6.477973730100038e-13
7400.056 9.555247711600055e-13
7450.056 1.3992979500000153e-12
7500.056 1.7851927150000037e-12
7550.056 2.0583590533000047e-12
7600.056 2.1735502738000004e-12
7650.056 1.3955359666899816e-12
7700.056 1.4604807359100194e-12
7750.056 2.6550876820000204e-12
7800.056 3.347861107100014e-12
7850.056 3.817786879699991e-12
7900.056 4.484474351100023e-12
7950.056 5.291684978000007e-12
8000.056 6.285501276200022e-12
8050.056 7.264947185300018e-12
8100.056 4.434499196399877e-12
8150.056 1.7260091859801269e-12
8200.056 5.339668186600008e-12
8250.056 5.851906211986094e-12
8300.056 5.877206512389889e-12
8350.056 7.230308412300076e-12
8400.056 1.1372048310500365e-11
8450.056 1.939342167900024e-11
8500.056 2.6350768356000194e-11
8550.056 3.45854278680004e-11
8600.056 4.3732842174000324e-11
8650.056 4.982262246000016e-11
8700.056 4.9055476531e-11
8750.056 5.002261931200008e-11
8800.056 4.4862726052999534e-11
8850.056 3.0005394102998635e-11
8900.056 3.0967827296096005e-12
8950.056 6.221078039550319e-13
9000.056 6.128497632938213e-13
9050.056 5.843314021059985e-12
9100.056 5.736334881262721e-12
9150.056 7.495095981329577e-12
9200.056 1.5316472541241352e-11
9250.056 9.799558276368799e-12
9300.056 1.60899098241875e-14
9350.056 7.493851600464903e-15
9400.056 4.4720268227022665e-13
9450.056 6.161308014552068e-14
9500.056 8.36188727477225e-14
9550.056 6.708432567137608e-14
9600.056 1.7304838966002625e-13
9650.056 6.429064050260809e-13
9700.056 5.465722777690851e-12
9750.056 5.019783421230643e-12
9800.056 7.781653853039709e-12
9850.056 1.2709827511199977e-11
9900.056 2.242682704450108e-11
9950.056 2.5869425790000642e-11
10000.056 2.0581064961748214e-11
10050.056 1.4662703363299354e-11
10100.056 1.0496820938499935e-11
10150.056 5.427262136299746e-12
10200.056 1.6289809176800089e-12
10250.056 1.5830435873700213e-12
10300.056 3.05744856143986e-12
10350.056 1.2338558304900714e-12
10400.056 3.0066481755000982e-12
10450.056 4.32574392919984e-12
10500.056 5.6919765269000926e-12
10550.056 7.546297131800037e-12
10600.056 7.913158947100013e-12
10650.056 6.977816385499931e-12
10700.056 5.280198665899926e-12
10750.056 4.337885119999918e-12
10800.056 3.6097706961000368e-12
10850.056 2.9320797528999737e-12
10900.056 2.3547234316999382e-12
10950.056 1.4887842288599859e-12
11000.056 8.145646940999464e-13
11050.056 3.042291476809882e-13
11100.056 7.09322622375622e-14
11150.056 1.0949705424941902e-14
11200.056 3.5045944902797975e-15
11250.056 3.640944365474083e-15
11300.056 1.5646708347728477e-14
11350.056 3.3420740104192488e-15
11400.056 3.9893795183434274e-14
11450.056 1.6135541338241007e-14
11500.056 1.6487230540531737e-14
11550.056 4.747105228137898e-15
11600.056 1.3196225962074436e-15
11650.056 1.1983043259971009e-14
11700.056 2.6467620153768364e-14
11750.056 1.302131597825245e-14
11800.056 6.234577419733912e-14
11850.056 6.602307046980261e-14
11900.056 9.228252429600154e-14
11950.056 1.381389687620025e-13
12000.056 1.6595114843500828e-13
12050.056 2.4017099592800436e-13
12100.056 2.6005274354999865e-13
12150.056 3.658115133760056e-13
12200.056 4.4727368860399787e-13
12250.056 8.380438057860252e-13
12300.056 1.541080656180066e-12
12350.056 2.054718898990063e-12
12400.056 3.5476361607000693e-12
12450.056 6.2947866855001634e-12
12500.056 8.348140067499923e-12
12550.056 9.246528837300181e-12
12600.056 1.4358274774400483e-11
12650.056 2.328441143400055e-11
12700.056 2.8605225783999783e-11
12750.056 2.303853933900002e-11
12800.056 1.7185548730999505e-11
12850.056 9.830872719799579e-12
12900.056 5.899842271679934e-12
12950.056 4.608394800580033e-12
13000.056 5.061650525900323e-12
13050.056 2.8321122308048266e-12
13100.056 3.347057471199815e-12
13150.056 1.4274611165711466e-12
13200.056 1.5673947480259268e-12
13250.056 1.9080331780762703e-12
13300.056 4.581344895825736e-13
13350.056 2.6706052335659753e-13
13400.056 4.243224505415487e-14
13450.056 3.1588317695801617e-15
13500.056 2.4135489632447426e-16
13550.056 9.43800727138117e-18
13600.056 7.823688761290122e-19
13650.056 6.954554883258667e-18
13700.056 2.362874058521321e-18
13750.056 5.4328392209437685e-17
13800.056 6.945761709187849e-17
13850.056 8.589478816491572e-18
13900.056 5.500851601431971e-17
13950.056 2.637573687754859e-17
14000.056 1.5504835592326868e-16
14050.056 1.4810328774827e-16
14100.056 1.5164228016312923e-16
14150.056 1.1540467838025031e-15
14200.056 9.874236042264325e-16
14250.056 2.1143177468314787e-15
14300.056 9.883492067748176e-15
14350.056 7.740682936755717e-15
14400.056 7.365842883721492e-15
14450.056 2.2182240540520548e-14
14500.056 7.593798162700242e-14
14550.056 1.8423827124514472e-13
14600.056 3.844589208961309e-13
14650.056 7.382649800278085e-14
14700.056 2.223775043390652e-14
14750.056 9.384440230457496e-15
14800.056 6.054898353642643e-15
14850.056 6.09316893306632e-15
14900.056 3.930515564634327e-15
14950.056 1.4899491222036842e-15
15000.056 9.67468903524713e-15
15050.056 2.7973314051934976e-14
15100.056 6.002698344479862e-15
15150.056 1.1920974248883194e-15
15200.056 1.2628517220695155e-14
15250.056 3.310661040920151e-14
15300.056 7.282439498002025e-14
15350.056 1.0515013432850512e-13
15400.056 1.348317919136236e-13
15450.056 2.882712227346289e-13
15500.056 6.394255374289822e-13
15550.056 2.0093542401003817e-12
15600.056 5.033880866479843e-12
15650.056 1.2406417729301325e-11
15700.056 2.5037531227900855e-11
15750.056 3.430751374200057e-11
15800.056 4.523669677200047e-11
15850.056 5.89977846560022e-11
15900.056 6.487018465499977e-11
15950.056 7.745664494600003e-11
16000.056 7.063699855799906e-11
16050.056 5.242898247899819e-11
16100.056 2.938391176499982e-11
16150.056 1.3684714033398736e-11
16200.056 3.74654644772993e-12
16250.056 1.194386158874964e-12
16300.056 3.828251660137438e-13
16350.056 2.6890618084681345e-13
16400.056 2.517817726397501e-13
16450.056 3.2671777166805987e-13
16500.056 2.289201821851325e-13
16550.056 3.06791321042996e-13
16600.056 1.589272098695731e-12
16650.056 5.361222900612412e-13
16700.056 1.148262645204576e-13
16750.056 4.2985971821149657e-13
16800.056 6.614716219537554e-13
16850.056 5.900200940921848e-13
16900.056 1.8071038799872619e-13
16950.056 1.2915957378558525e-13
17000.056 4.617007817850342e-14
17050.056 8.686599413760881e-14
17100.056 2.6147012042158986e-13
17150.056 1.7070129907472e-13
17200.056 7.299959611520272e-13
17250.056 8.818130070678174e-14
17300.056 8.887082698712608e-14
17350.056 1.8405431317262504e-13
17400.056 4.4359068122668296e-13
17450.056 6.215938967326807e-13
17500.056 1.1390618303080415e-12
17550.056 9.449169800520004e-13
17600.056 1.0017684442200718e-12
17650.056 4.71552025474686e-13
17700.056 4.0277269998881837e-13
17750.056 2.584542442363809e-13
17800.056 5.300462488415295e-13
17850.056 2.017417197040058e-13
17900.056 1.0538065231102372e-13
17950.056 5.631000578391943e-14
18000.056 1.1607343883253747e-13
18050.056 3.283622602165874e-14
18100.056 2.9009769295847595e-14
18150.056 1.1408378641409666e-14
18200.056 7.603634858474691e-15
18250.056 4.141709599290864e-14
18300.056 1.780313642163539e-15
18350.056 1.8831433819623e-15
18400.056 4.7052156065456465e-16
18450.056 1.0826763715782668e-14
18500.056 7.50920502461062e-15
18550.056 2.068525482020568e-15
18600.056 8.492944827097877e-15
18650.056 7.307605354618102e-15
18700.056 1.8854309552929612e-16
18750.056 3.8727231600668183e-16
18800.056 2.939404219352996e-14
18850.056 1.8664496398916305e-14
18900.056 3.755896243954947e-14
18950.056 4.043195217149425e-14
19000.056 2.467939856206736e-15
19050.056 1.1637078197832941e-15
19100.056 7.779539357571653e-15
19150.056 3.021818797872469e-15
19200.056 1.0495227815313005e-14
19250.056 7.538649248315896e-15
19300.056 3.132427214295082e-15
19350.056 4.7452080948722385e-15
19400.056 2.3450086214622666e-15
19450.056 1.9982708824137892e-15
19500.056 2.158189372535077e-15
19550.056 7.0287913192613676e-15
19600.056 1.5080415785123568e-14
19650.056 1.2209626754849991e-14
19700.056 2.309350432085393e-14
19750.056 2.7160257436948445e-14
19800.056 1.3870429709234964e-14
19850.056 2.1108899996745025e-14
19900.056 4.260669634901345e-14
19950.056 4.176499232604184e-14
20000.056 4.736382182110745e-14
20050.056 3.715821263714489e-14
20100.056 5.936267131513175e-14
20150.056 4.289435499502095e-14
20200.056 2.858000149371657e-14
20250.056 6.719513178588338e-14
20300.056 8.120474046732928e-14
20350.056 8.849048505269158e-14
20400.056 9.238760747399956e-14
20450.056 1.3159144799401919e-13
20500.056 1.3239652937500287e-13
20550.056 1.329278713949931e-13
20600.056 1.3245999462201103e-13
20650.056 1.298349852449916e-13
20700.056 1.2623758114199777e-13
20750.056 1.1662297029799883e-13
20800.056 1.0543425145099618e-13
20850.056 1.0130637392999966e-13
20900.056 9.346169933299953e-14
20950.056 8.512514817399952e-14
21000.056 7.879499144799958e-14
21050.056 7.729361873399963e-14
21100.056 7.587261443499991e-14
21150.056 7.798731358600054e-14
21200.056 8.135762624400106e-14
21250.056 8.735374761099893e-14
21300.056 9.169694117300091e-14
21350.056 9.695579955199712e-14
21400.056 1.1046089683400587e-13
21450.056 1.0289014415800373e-13
21500.056 9.83445887078495e-14
21550.056 1.023739181880583e-13
21600.056 9.958223633363506e-14
21650.056 9.05370841890554e-14
21700.056 8.431130615194791e-14
21750.056 8.775401824742494e-14
21800.056 6.780645694898549e-14
21850.056 6.480557654512158e-14
21900.056 4.916238659396139e-14
21950.056 2.1718691097296066e-14
22000.056 1.334842472532904e-15
22050.056 2.774203275392675e-15
22100.056 8.80452784267696e-15
22150.056 4.88490915924119e-15
22200.056 4.538540416956998e-15
22250.056 3.4426039316442883e-15
22300.056 8.948603397020585e-16
22350.056 2.1582326397551406e-15
22400.056 7.113119476227359e-16
22450.056 1.4778167859520999e-15
22500.056 9.729025997867386e-16
22550.056 2.709925465582728e-16
22600.056 1.6878851772370212e-16
22650.056 1.6044380130654198e-16
22700.056 3.1467039955400607e-16
22750.056 8.320446222270175e-16
22800.056 1.238635042623639e-15
22850.056 6.175711654415316e-16
22900.056 4.170797578495795e-16
22950.056 2.293258322939514e-16
23000.056 2.0508675113354363e-16
23050.056 1.1398292537740165e-16
23100.056 7.037955968516044e-15
23150.056 7.198442063672267e-15
23200.056 1.1761281626826855e-16
23250.056 1.3678982829678844e-15
23300.056 6.584135803569094e-16
23350.056 1.0873164121942031e-15
23400.056 8.955037314217188e-16
23450.056 2.6238038540963956e-16
23500.056 2.3846642815483113e-16
23550.056 7.844648662364554e-16
23600.056 3.458066224389126e-15
23650.056 5.328248721610328e-15
23700.056 3.01376936039097e-16
23750.056 6.585154390895333e-16
23800.056 6.694669686598693e-15
23850.056 2.3546662033811414e-15
23900.056 7.165466836288506e-15
23950.056 2.2361518402280336e-15
24000.056 1.0209185862053348e-14
24050.056 1.0627546011540711e-14
24100.056 2.2105871732121648e-14
24150.056 3.3121723380903016e-14
24200.056 2.4165082839543816e-14
24250.056 1.589155117028554e-14
24300.056 4.8328833112260425e-14
24350.056 4.165500933629509e-14
24400.056 1.0820581762425965e-13
24450.056 1.2413841894640467e-13
24500.056 1.1057632158318785e-13
24550.056 2.341224728376147e-13
24600.056 3.392613561279781e-13
24650.056 4.674140540370466e-13
24700.056 3.752915602497543e-13
24750.056 5.866532575951453e-13
24800.056 5.485907925310247e-13
24850.056 6.4247180107469e-13
24900.056 4.4133553646692166e-13
24950.056 6.273775990617634e-13
25000.056 9.69542564070908e-13
25050.056 4.916776914396966e-13
25100.056 7.461286106459958e-13
25150.056 3.320260290637596e-13
25200.056 5.425735471635529e-13
25250.056 1.9496926599594876e-13
25300.056 1.4979733819588526e-13
25350.056 8.752096334511287e-14
25400.056 2.1512975787890507e-13
25450.056 4.826375115546337e-14
25500.056 3.699026963067997e-14
25550.056 1.228650594329949e-13
25600.056 4.3007407052973876e-14
25650.056 1.426926119870192e-14
25700.056 1.0834113682227641e-14
25750.056 5.014770116799584e-15
25800.056 1.9838177506488375e-14
25850.056 4.044453081042915e-15
25900.056 4.6661344995176004e-15
25950.056 2.779549361885376e-15
26000.056 1.2655300795345361e-14
26050.056 3.459526693759207e-15
26100.056 8.874302077240633e-15
26150.056 5.247179754660979e-15
26200.056 6.3131027249221515e-15
26250.056 2.357232469308228e-14
26300.056 7.7329161844072e-15
26350.056 5.437546468977905e-14
26400.056 1.3259033891275975e-13
26450.056 5.6452378715346676e-14
26500.056 1.5500018623825056e-13
26550.056 2.3029978787065346e-14
26600.056 1.9075292046563447e-14
26650.056 6.281387851279272e-15
26700.056 6.828796057206371e-15
26750.056 9.259605087378386e-15
26800.056 2.3348229614946153e-14
26850.056 1.874215522431548e-14
26900.056 5.0165017801858395e-14
26950.056 1.6049619830160507e-14
27000.056 5.768034159900192e-14
27050.056 1.0867791529219474e-13
27100.056 1.2645966986920289e-14
27150.056 8.206974098669786e-14
27200.056 1.3692791389148493e-14
27250.056 3.011513131321234e-14
27300.056 2.52186228690001e-13
27350.056 7.472204193916155e-14
27400.056 1.2752253905258663e-14
27450.056 1.1495189989111752e-13
27500.056 1.4753874692437735e-13
27550.056 3.7595145244095465e-14
27600.056 9.557912404060375e-14
27650.056 3.554611125990319e-14
27700.056 4.288536426803614e-14
27750.056 1.6494726098691142e-13
27800.056 7.272755193680285e-14
27850.056 1.3514838898458805e-13
27900.056 2.0377727888194906e-13
27950.056 2.706166278649937e-13
28000.056 3.848881467490871e-13
28050.056 4.6143539795813546e-14
28100.056 4.955088325082003e-13
28150.056 3.6020998258916106e-13
28200.056 7.536534548021535e-14
28250.056 6.56767708260177e-13
28300.056 5.853920332369481e-13
28350.056 7.530168635812684e-14
28400.056 4.145954045854734e-13
28450.056 5.510714560621067e-13
28500.056 2.0264420061385314e-13
28550.056 8.598132900127008e-14
28600.056 6.916384447264885e-13
28650.056 1.561578058496105e-13
28700.056 6.318844062658691e-13
28750.056 1.132802318857835e-12
28800.056 1.7086228188245437e-13
28850.056 1.7695906801067004e-12
