galfind/configs/Brown_Dwarf_templates/sonora_bobcat/m0.0/1000g/sp_t425g1000nc_m0.0_resample.dat
# %ECSV 1.0
# ---
# datatype:
# - {name: wav, unit: Angstrom, datatype: float64}
# - {name: flux_nu, unit: erg / (cm2 Hz s), datatype: float64}
# meta: {C/O: '1.00', Kzz: '1.0000E+05', Teff: '425.', Y: '0.28', '[Fe/H]': '0.00', f_hole: '1.00', f_rain: '0.00', grav: '1000.'}
# schema: astropy-2.0
wav flux_nu
[from data line 498]
28900.056 8.723368297366868e-11
28950.056 1.211871665940923e-10
29000.056 8.450514327281111e-11
29050.056 1.487506180758837e-10
29100.056 5.833145779652284e-11
29150.056 1.0331664016431083e-10
29200.056 2.368978418008066e-10
29250.056 2.1838189382893747e-10
29300.056 1.3277828141959343e-10
29350.056 3.8306886712104625e-10
29400.056 1.439463483242875e-10
29450.056 7.546874326423026e-11
29500.056 3.9104842161093895e-10
29550.056 1.2332903616137075e-10
29600.056 1.5991712524567672e-10
29650.056 5.98393156191641e-10
29700.056 9.614235502203794e-11
29750.056 3.654233072552289e-10
29800.056 2.337900628347865e-10
29850.056 5.472493590227418e-10
29900.056 2.343150998551908e-10
29950.056 2.399305813699911e-10
30000.056 4.122413052908267e-12
30050.056 3.433125676814981e-11
30100.056 1.412241015683233e-10
30150.056 4.982604111703969e-10
30200.056 3.255661667299912e-10
30250.056 6.201156989467e-10
30300.056 7.313060986234527e-10
30350.056 1.5989533490087356e-10
30400.056 8.366678060970175e-10
30450.056 5.868239380792635e-10
30500.056 3.351226605540889e-10
30550.056 2.5852739156417764e-10
30600.056 2.3687275066239717e-09
30650.056 9.294488037957211e-10
30700.056 4.984474257027647e-10
30750.056 9.993536487212526e-10
30800.056 9.769126155510618e-10
30850.056 1.0455959871041634e-09
30900.056 5.562310663528287e-10
30950.056 4.21658037493145e-10
31000.056 5.639722794789766e-10
31050.056 3.9906666716352773e-10
31100.056 2.1036663320192395e-10
31150.056 4.263024619397673e-10
31200.056 1.38215008546991e-09
31250.056 5.254321484170326e-10
31300.056 3.2844819863177423e-10
31350.056 9.044411152972555e-10
31400.056 5.431035749307364e-10
31450.056 6.038956753760654e-10
31500.056 1.9410080646046792e-10
31550.056 4.0342754331933913e-10
31600.056 2.800174712328718e-10
31650.056 2.1379049687349272e-10
31700.056 1.958906786510661e-10
31750.056 8.510507352540055e-11
31800.056 1.880269838743272e-10
31850.056 3.4393632559905936e-11
31900.056 8.919284519938863e-11
31950.056 4.370989392967547e-11
32000.056 3.563347466118097e-11
32050.056 4.28872667060102e-11
32100.056 3.384665262244175e-11
32150.056 3.624734757844231e-11
32200.056 1.702487610612298e-11
32250.056 4.141007128508625e-11
32300.056 1.1601482336997028e-11
32350.056 4.4642686711167524e-11
32400.056 5.7477397714183994e-12
32450.056 3.134683244414589e-11
32500.056 6.554666634755318e-12
32550.056 3.122932139753544e-11
32600.056 6.921531309718865e-12
32650.056 6.192034105955174e-11
32700.056 1.1206179954970222e-11
32750.056 1.4792606195206161e-10
32800.056 8.031843973658983e-11
32850.056 3.057101018870731e-10
32900.056 2.6238566083571325e-10
32950.056 2.7499486894435467e-10
33000.056 7.677803086445287e-11
33050.056 8.335957035202006e-11
33100.056 1.5279424739427046e-11
33150.056 7.429166913522554e-15
33200.056 5.656327323315506e-13
33250.056 1.176534528527855e-12
33300.056 1.4551563778235515e-11
33350.056 3.978231037064564e-11
33400.056 1.4573819771753906e-10
33450.056 5.33303528788804e-11
33500.056 2.446026514190868e-10
33550.056 4.231134213170754e-11
33600.056 1.0957209255135607e-10
33650.056 1.1513638482578023e-10
33700.056 2.7718975183554346e-11
33750.056 1.5104103101030425e-10
33800.056 1.0705837730925634e-11
33850.056 6.945979710031342e-11
33900.056 7.173779668852588e-11
33950.056 6.297170081834474e-11
34000.056 1.492752247314904e-10
34050.056 2.2101451600516097e-11
34100.056 1.4663865903876014e-10
34150.056 4.451934852449461e-11
34200.056 1.6019516568590987e-10
34250.056 8.596201882503266e-11
34300.056 9.054603912150258e-11
34350.056 2.977621163922774e-10
34400.056 5.6687563206809133e-11
34450.056 2.635994514852116e-10
34500.056 1.1379753224351485e-10
34550.056 1.2476879719617268e-10
34600.056 6.0281315124685e-10
34650.056 5.429686845168129e-11
34700.056 3.9903391614303233e-10
34750.056 2.038586174681055e-10
34800.056 1.436495772903102e-10
34850.056 6.323602738599018e-10
34900.056 8.834651167977778e-11
34950.056 6.436397022331235e-10
35000.056 8.7999971833433e-10
35050.056 4.940547427987781e-10
35100.056 1.2713734560465118e-09
35150.056 1.0502793323524983e-09
35200.056 8.061634341252764e-10
35250.056 1.5807508375944386e-09
35300.056 3.94015301893626e-10
35350.056 5.791180250715796e-10
35400.056 4.130438222346531e-10
35450.056 3.569553637453316e-10
35500.056 1.4403487808497414e-09
35550.056 8.041299464206264e-10
35600.056 1.2331008905818317e-09
35650.056 1.3971105260971634e-09
35700.056 1.4018208338728576e-09
35750.056 2.1498802000125435e-09
35800.056 1.1342080437784726e-09
35850.056 5.766162289417516e-10
35900.056 8.899327390986914e-10
35950.056 1.4856760797766072e-09
36000.056 1.5886453316432255e-09
36050.056 1.1258097010100806e-09
36100.056 1.0176649201954237e-09
36150.056 3.0322362736366975e-09
36200.056 3.0477975981101237e-09
36250.056 1.7155272666318498e-09
36300.056 4.5939699416297346e-09
36350.056 2.7444571476769643e-09
36400.056 4.287203336141001e-09
36450.056 3.0969837486816252e-09
36500.056 3.4155068712405966e-09
36550.056 6.6531615440250034e-09
36600.056 7.540696024998566e-09
36650.056 4.1517785978489825e-09
36700.056 4.609448242769517e-09
36750.056 7.2677901083021465e-09
36800.056 8.321278930438587e-09
36850.056 4.118238872409075e-09
36900.056 5.572827952527369e-09
36950.056 8.857504580298325e-09
37000.056 5.764614937665164e-09
37050.056 9.130290400743048e-09
37100.056 3.863680845851387e-09
37150.056 6.056281441162271e-09
37200.056 1.1900843004499151e-08
37250.056 5.779867231852595e-09
37300.056 3.881782953475368e-09
37350.056 7.47507604499687e-09
37400.056 1.197239388532316e-08
37450.056 4.636522030734339e-09
37500.056 6.030751572371637e-09
37550.056 1.474108083940363e-08
37600.056 2.193679217540106e-08
37650.056 5.634932090793779e-09
37700.056 1.1154276778521508e-08
37750.056 8.10253691166052e-09
37800.056 8.869497240331897e-09
37850.056 4.80234972928989e-09
37900.056 5.631804250499988e-09
37950.056 9.87978343495009e-09
38000.056 8.83463926760222e-09
38050.056 1.3438332835582509e-08
38100.056 1.8681472110209702e-08
38150.056 2.056202013779836e-08
38200.056 1.401291204671303e-08
38250.056 1.8179930705655173e-08
38300.056 3.0225472792393935e-08
38350.056 2.4425790077706242e-08
38400.056 1.017754607171447e-08
38450.056 4.467269708218401e-09
38500.056 3.7930621485688315e-09
38550.056 1.3125898176201895e-08
38600.056 1.4724484642097196e-08
38650.056 1.5123568178358627e-08
38700.056 1.4095720453196924e-08
38750.056 1.4155419241579515e-08
38800.056 1.3825717544000091e-08
38850.056 1.6377130249001392e-08
38900.056 1.9350289067689633e-08
38950.056 1.2081000669361453e-08
39000.056 1.886564107809597e-08
39050.056 1.1381096951206193e-08
39100.056 1.6255378982990673e-08
39150.056 2.4586974775599488e-08
39200.056 1.7817710039499096e-08
39250.056 2.3362371838960674e-08
39300.056 1.7765552922269793e-08
39350.056 3.117695717940004e-08
39400.056 1.860016477604531e-08
39450.056 2.7255418946267485e-08
39500.056 3.040628092099972e-08
39550.056 1.3987423522602708e-08
39600.056 2.4157005571022607e-08
39650.056 3.7262429373998776e-08
39700.056 3.258983380620266e-08
39750.056 1.3990191937292152e-08
39800.056 1.514968144279567e-08
39850.056 3.866236195900244e-08
39900.056 4.248447134400184e-08
39950.056 2.021415041769988e-08
40000.056 3.34548220913995e-08
40050.056 3.6144624357198826e-08
40100.056 1.164095807255428e-08
40150.056 3.142504531040199e-08
40200.056 3.637914561899634e-08
40250.056 4.0490253735493695e-08
40300.056 4.057110941000452e-08
40350.056 2.152965118084441e-08
40400.056 3.253752033282524e-08
40450.056 1.627136361671894e-08
40500.056 3.8629187783498824e-08
40550.056 4.141528572259219e-08
40600.056 4.0017782841999624e-08
40650.056 2.9278149514708312e-08
40700.056 5.380003072999802e-08
40750.056 3.733851168179622e-08
40800.056 2.225790747889552e-08
40850.056 5.8329342452006733e-08
40900.056 5.452337553599543e-08
40950.056 3.880662362134284e-08
41000.056 3.490985716139798e-08
41050.056 6.301506102499799e-08
41100.056 5.425380549399651e-08
41150.056 2.0178533617078754e-08
41200.056 5.834178065880609e-08
41250.056 5.278397046069151e-08
41300.056 5.651035517700454e-08
41350.056 7.135092347199944e-08
41400.056 5.5471255129999566e-08
41450.056 7.116035431199906e-08
41500.056 4.2785364691872035e-08
41550.056 3.936295443500877e-08
41600.056 4.3290635670520016e-08
41650.056 6.335910711000497e-08
41700.056 7.898471291599308e-08
41750.056 6.157660621699901e-08
41800.056 6.782362093300259e-08
41850.056 5.348154141359505e-08
41900.056 4.655701334858868e-08
41950.056 5.034613134799871e-08
42000.056 3.102005318258368e-08
42050.056 3.496871046080573e-08
42100.056 4.7390884970996325e-08
42150.056 4.67441154845982e-08
42200.056 4.988739991099629e-08
42250.056 4.330746573440508e-08
42300.056 3.8368274040997736e-08
42350.056 6.026748550300204e-08
42400.056 6.94369709540036e-08
42450.056 6.662844518200564e-08
42500.056 7.018108053899762e-08
42550.056 6.151325856399747e-08
42600.056 5.93779488790133e-08
42650.056 8.504782327999148e-08
42700.056 4.48171312379902e-08
42750.056 5.553260176400811e-08
42800.056 8.035912851300201e-08
42850.056 8.622258255398996e-08
42900.056 8.66779985360055e-08
42950.056 6.734625559699988e-08
43000.056 7.89033536849986e-08
43050.056 4.111183716200243e-08
43100.056 7.017321233399857e-08
43150.056 6.049922204400134e-08
43200.056 7.610496557300382e-08
43250.056 1.0857643644800307e-07
43300.056 9.503803332199809e-08
43350.056 5.13751820529954e-08
43400.056 7.715476500200348e-08
43450.056 5.5541744212002824e-08
43500.056 5.4779867939003605e-08
43550.056 5.653575012400334e-08
43600.056 9.095362561300192e-08
43650.056 5.052747923899672e-08
43700.056 9.425875464301317e-08
43750.056 9.536325476599544e-08
43800.056 8.076662716999713e-08
43850.056 7.413466940200849e-08
43900.056 5.903056460099755e-08
43950.056 4.353373872199717e-08
44000.056 4.045703231199944e-08
44050.056 8.99730235710061e-08
44100.056 1.2159197204100256e-07
44150.056 1.1053182613999556e-07
44200.056 1.0313757865800198e-07
44250.056 5.914423859699646e-08
44300.056 4.048201579000257e-08
44350.056 4.5653995311403684e-08
44400.056 4.767525336799821e-08
44450.056 8.001774262500647e-08
44500.056 6.868108493200556e-08
44550.056 9.907180226899944e-08
44600.056 7.799489241720165e-08
44650.056 8.084648297699572e-08
44700.056 5.422166451599376e-08
44750.056 7.388595205400873e-08
44800.056 5.2158539671302475e-08
44850.056 7.736583457400348e-08
44900.056 6.789749634599783e-08
44950.056 7.836055464500612e-08
45000.056 9.127634564500039e-08
45050.056 8.344018094999364e-08
45100.056 7.635467969100528e-08
45150.056 6.922865058799678e-08
45200.056 4.661846041150208e-08
45250.056 5.5732798450993444e-08
45300.056 5.4942153116005016e-08
45350.056 4.0085480150405125e-08
45400.056 1.0599857096900583e-07
45450.056 9.058356008500851e-08
45500.056 1.0458173045000513e-07
45550.056 1.1496053845498601e-07
45600.056 1.0179982082900527e-07
45650.056 8.718823568999397e-08
45700.056 4.94900569347965e-08
45750.056 4.246126987430335e-08
45800.056 1.0701404233900376e-07
45850.056 8.846730523600298e-08
45900.056 1.1154946657499706e-07
45950.056 9.94772802049949e-08
46000.056 1.0616622467000766e-07
46050.056 8.573430190400563e-08
46100.056 1.191158629349937e-07
46150.056 7.086018326000029e-08
46200.056 5.6312216655893025e-08
46250.056 2.1091700237238902e-08
46300.056 6.978424419000436e-08
46350.056 7.85406208900069e-08
46400.056 7.781370248600202e-08
46450.056 6.414703637859508e-08
46500.056 7.404718908500819e-08
46550.056 4.239133254029809e-08
46600.056 4.895788138529395e-08
46650.056 7.866561777900396e-08
46700.056 5.614954364299234e-08
46750.056 2.3807743267703672e-08
46800.056 1.56160659676982e-08
46850.056 7.02049133590099e-08
46900.056 8.90685290389971e-08
46950.056 8.714682619899616e-08
47000.056 8.729834585000546e-08
47050.056 5.773142746048485e-08
47100.056 4.3798071923001214e-08
47150.056 6.880358511200818e-08
47200.056 7.714055903299689e-08
47250.056 3.3790316541993515e-08
47300.056 2.3335184980506344e-08
47350.056 7.933773241100492e-08
47400.056 8.390673814899715e-08
47450.056 5.446172818170523e-08
47500.056 9.501633285700064e-08
47550.056 7.99999940450023e-08
47600.056 6.768146212939289e-08
47650.056 7.665902286899671e-08
47700.056 5.943860585650863e-08
47750.056 4.3451759818000155e-08
47800.056 3.1970152104002176e-08
47850.056 1.2743433421692143e-08
47900.056 2.2286709010559863e-08
47950.056 6.412608123600468e-08
48000.056 8.343508048399576e-08
48050.056 6.462068381819826e-08
48100.056 2.8937916388360755e-08
48150.056 5.379650708600281e-08
48200.056 3.6631929348116685e-08
48250.056 5.454836971800064e-08
48300.056 7.801190899399975e-08
48350.056 4.6746592876994194e-08
48400.056 9.170642713922487e-09
48450.056 1.965983195426477e-08
48500.056 3.895122487899256e-08
48550.056 4.6659387177407744e-08
48600.056 7.206811538200142e-08
48650.056 8.765423352899796e-08
48700.056 6.118744733800528e-08
48750.056 4.281529732100333e-08
48800.056 6.9401096252003e-08
48850.056 3.439462350629491e-08
48900.056 3.909005519741606e-08
48950.056 2.106037323589889e-08
49000.056 1.2082833842642906e-08
49050.056 4.005653754569568e-08
49100.056 5.460779361000841e-08
49150.056 4.3076863461799274e-08
49200.056 7.087029360500611e-08
49250.056 7.454591674800078e-08
49300.056 5.997793835499637e-08
49350.056 2.37575248444541e-08
49400.056 3.309507357619332e-08
49450.056 2.7479925388005985e-08
49500.056 2.248612616723604e-08
49550.056 3.781040677969979e-09
49600.056 1.1647013997078187e-08
49650.056 3.571372948500257e-08
49700.056 4.5335963142995296e-08
49750.056 3.901636514969757e-08
49800.056 2.1832155784939767e-08
49850.056 5.3251876944005474e-08
49900.056 5.4771276500998915e-08
49950.056 4.8981937136998306e-08
50000.056 3.219885164097536e-08
50050.056 3.840452940650366e-08
50100.056 3.26869606139982e-08
50150.056 1.2630879397827587e-08
50200.056 1.760629004918858e-09
50250.056 1.2569607951399892e-08
50300.056 8.679299879085788e-09
50350.056 3.64767425360042e-08
50400.056 4.458544211799802e-08
50450.056 3.237895485580052e-08
50500.056 5.226876184300272e-08
50550.056 5.3884729142000956e-08
50600.056 3.397525232779052e-08
50650.056 5.315393477300666e-08
50700.056 5.291706234599832e-08
50750.056 2.995822552099935e-08
50800.056 8.571379674260194e-09
50850.056 3.833292624183943e-09
50900.056 3.0319008284002826e-08
50950.056 3.357325454599752e-08
51000.056 2.326472446356688e-08
51050.056 3.754050925519503e-08
51100.056 1.3886175305740192e-08
51150.056 1.2478719293834988e-08
51200.056 4.57414535900004e-08
51250.056 3.576074250339477e-08
51300.056 2.173185337840253e-08
51350.056 1.933397391842857e-08
51400.056 5.121669016744116e-09
51450.056 4.183801492715677e-09
51500.056 3.773877223981502e-09
51550.056 1.7588585257403088e-08
51600.056 1.9026269497002353e-08
51650.056 2.6855051564199125e-08
51700.056 2.4251185252375895e-08
51750.056 1.748567763752352e-08
51800.056 3.4906210014998064e-08
51850.056 2.631808014119869e-08
51900.056 2.7752969582000918e-08
51950.056 1.3862030272097585e-08
52000.056 1.0640111248545704e-09
52050.056 6.850609271300747e-09
52100.056 3.4696268182892164e-09
52150.056 1.8724586366626394e-09
52200.056 8.178258095999741e-09
52250.056 1.5383749402502592e-08
52300.056 1.8606091350998705e-08
52350.056 4.063494938649575e-09
52400.056 4.708900692157008e-09
52450.056 2.222527105170271e-08
52500.056 1.6608243859127374e-08
52550.056 2.1962099704498233e-08
52600.056 1.7707571970421833e-08
52650.056 2.215899193260027e-08
52700.056 1.2431641096199535e-08
52750.056 4.1151845000585065e-09
52800.056 8.251669079901593e-09
52850.056 1.0414458538197588e-08
52900.056 3.2024071352129792e-09
52950.056 6.178792175371125e-09
53000.056 1.467923765080076e-08
53050.056 4.853303243091346e-09
53100.056 2.1254225074501595e-08
53150.056 2.2288305702999748e-08
53200.056 8.460544042599493e-09
53250.056 1.844028249700019e-08
53300.056 2.015387937765398e-08
53350.056 1.708936120399982e-08
53400.056 1.0276323604998741e-08
53450.056 2.5489414220091367e-09
53500.056 4.1835971355087016e-10
53550.056 1.069619500196994e-09
53600.056 6.176162844717342e-09
