galfind/configs/Brown_Dwarf_templates/sonora_bobcat/m0.0/1000g/sp_t500g1000nc_m0.0_resample.dat
# %ECSV 1.0
# ---
# datatype:
# - {name: wav, unit: Angstrom, datatype: float64}
# - {name: flux_nu, unit: erg / (cm2 Hz s), datatype: float64}
# meta: {C/O: '1.00', Kzz: '1.0000E+05', Teff: '500.', Y: '0.28', '[Fe/H]': '0.00', f_hole: '1.00', f_rain: '0.00', grav: '1000.'}
# schema: astropy-2.0
wav flux_nu
4000.0559999999996 nan
4050.0559999999996 5.568966880700872e-17
4100.056 5.166653009530101e-15
4150.056 4.8478925758000525e-14
4200.056 5.2090384751090285e-14
4250.056 4.5287264055000397e-13
4300.056 1.0599313618400055e-12
4350.056 1.9260595451000075e-12
4400.056 3.174732776800012e-12
4450.056 4.92744960520002e-12
4500.056 7.098032826000022e-12
4550.056 7.24814492649996e-12
4600.056 1.8731727392999916e-12
4650.056 9.69884942509994e-13
4700.056 4.012226720199961e-13
4750.056 1.221152728389988e-13
4800.056 5.074281003699967e-14
4850.056 2.5432335526999845e-14
4900.056 1.5542519096999937e-14
4950.056 1.0318658459599957e-14
5000.056 6.148263073599965e-15
5050.056 4.070853849799997e-15
5100.056 4.0693006579000104e-15
5150.056 4.307984811200002e-15
5200.056 4.596316732600005e-15
5250.056 4.866981735300003e-15
5300.056 5.1852296572000046e-15
5350.056 5.5858145535000046e-15
5400.056 6.022629159800007e-15
5450.056 6.5434767739000125e-15
5500.056 7.114730731900007e-15
5550.056 7.692528741600005e-15
5600.056 8.192234040400006e-15
5650.056 8.531991249400001e-15
5700.056 8.549305714000002e-15
5750.056 8.309788791699995e-15
5800.056 7.43964449149998e-15
5850.056 5.109035593299942e-15
5900.056 1.598363537852462e-15
5950.056 1.0114421827100174e-14
6000.056 2.133471321500011e-14
6050.056 3.7795235417000293e-14
6100.056 6.150396090900044e-14
6150.056 9.431551505400055e-14
6200.056 1.389198820900007e-13
6250.056 1.9700734179000078e-13
6300.056 2.7939383471000106e-13
6350.056 3.921357225900015e-13
6400.056 5.454359698900027e-13
6450.056 7.165292042599997e-13
6500.056 9.806767363900078e-13
6550.056 1.3565745352999944e-12
6600.056 1.867450775300021e-12
6650.056 2.5770169803000157e-12
6700.056 3.2806698061000195e-12
6750.056 4.509285744400018e-12
6800.056 5.376058976500017e-12
6850.056 5.495269292299993e-12
6900.056 4.5525062888999986e-12
6950.056 3.595315472800003e-12
7000.056 3.646358962899972e-12
7050.056 3.80119998929999e-12
7100.056 4.162120064999988e-12
7150.056 3.75549775407994e-12
7200.056 3.3919763467399865e-12
7250.056 3.576872426559869e-12
7300.056 3.536136250150144e-12
7350.056 3.914017627919993e-12
7400.056 4.281659116500057e-12
7450.056 4.7848212807000795e-12
7500.056 5.1540101672000046e-12
7550.056 5.320425865500002e-12
7600.056 5.185642198599989e-12
7650.056 2.401948100410937e-12
7700.056 2.1882762975500557e-12
7750.056 5.5875556639000605e-12
7800.056 7.756680348600041e-12
7850.056 1.081202044049998e-11
7900.056 1.3697447183900028e-11
7950.056 1.5504772221800074e-11
8000.056 2.1117084745000126e-11
8050.056 2.5915440729000174e-11
8100.056 2.6240140100999546e-11
8150.056 2.6478995382700552e-11
8200.056 4.067458909260105e-11
8250.056 4.6730056599439776e-11
8300.056 5.753185401730081e-11
8350.056 6.99602496799998e-11
8400.056 8.766742281800035e-11
8450.056 1.1483730463500024e-10
8500.056 1.357273137729987e-10
8550.056 1.720504732200032e-10
8600.056 2.128582366100015e-10
8650.056 2.5260378642000177e-10
8700.056 2.903344766100021e-10
8750.056 3.374900488500023e-10
8800.056 3.8125393165000135e-10
8850.056 3.97805356489997e-10
8900.056 2.604181788699914e-10
8950.056 2.3164206270500286e-10
9000.056 2.510636569229849e-10
9050.056 5.076490386860044e-10
9100.056 5.737435078594243e-10
9150.056 6.489383696550092e-10
9200.056 8.367177551720241e-10
9250.056 7.91496881988975e-10
9300.056 1.0750593569178146e-10
9350.056 1.6992606740041243e-10
9400.056 5.280848598115473e-10
9450.056 4.2501360205047473e-10
9500.056 3.8938827970059663e-10
9550.056 4.1425363710466295e-10
9600.056 4.820476171712593e-10
9650.056 7.140067001224698e-10
9700.056 1.3477140467590327e-09
9750.056 1.397442448385165e-09
9800.056 1.7062144991179633e-09
9850.056 2.0974907890699623e-09
9900.056 2.7115189964300794e-09
9950.056 3.0234376919000573e-09
10000.056 2.7044746685849957e-09
10050.056 3.6948951565000173e-09
10100.056 4.007362458800023e-09
10150.056 3.8798237657999975e-09
10200.056 3.5632110008001228e-09
10250.056 4.177620996570052e-09
10300.056 5.193326029499794e-09
10350.056 4.672933828300146e-09
10400.056 6.037930831900056e-09
10450.056 7.027458269599627e-09
10500.056 7.936566278499957e-09
10550.056 9.000454944900048e-09
10600.056 9.600362934200027e-09
10650.056 9.926481305900041e-09
10700.056 9.762656721600016e-09
10750.056 9.91316779019999e-09
10800.056 9.773381157700061e-09
10850.056 9.278523261400027e-09
10900.056 7.866010479699844e-09
10950.056 4.886571474899981e-09
11000.056 3.0126350977796923e-09
11050.056 1.5250266013174884e-09
11100.056 7.272939829812029e-10
11150.056 3.119679902918017e-10
11200.056 2.806018680834142e-10
11250.056 4.224897820529505e-10
11300.056 5.503432239025276e-10
11350.056 1.8866400221994946e-10
11400.056 8.541670355338159e-10
11450.056 4.5370654871057433e-10
11500.056 4.71942710201443e-10
11550.056 1.5675483144404095e-10
11600.056 1.029687028112725e-10
11650.056 3.091947426656094e-10
11700.056 3.976393111568212e-10
11750.056 1.6340914602737812e-10
11800.056 6.996159310269658e-10
11850.056 1.0444709839269819e-09
11900.056 1.2919066982099658e-09
11950.056 1.8214185748101137e-09
12000.056 2.5129904017301427e-09
12050.056 3.478348184000082e-09
12100.056 4.2465746685598484e-09
12150.056 5.525378579099912e-09
12200.056 6.338224009300067e-09
12250.056 8.086856423499704e-09
12300.056 1.071705405830035e-08
12350.056 1.191250210130001e-08
12400.056 1.5195229415399918e-08
12450.056 1.869103563700019e-08
12500.056 2.0915557287000512e-08
12550.056 2.353942146300007e-08
12600.056 2.6736290863000423e-08
12650.056 2.9217595455999943e-08
12700.056 2.979328884700007e-08
12750.056 2.5177371437000256e-08
12800.056 2.0924360659199713e-08
12850.056 1.498089069469971e-08
12900.056 1.2200420930400186e-08
12950.056 1.0316810014500348e-08
13000.056 1.0948395400200815e-08
13050.056 8.06577567461003e-09
13100.056 8.165882116989291e-09
13150.056 5.442347190302449e-09
13200.056 5.50575737428964e-09
13250.056 4.123266660985536e-09
13300.056 1.632048241273526e-09
13350.056 5.204040017806684e-10
13400.056 1.1234257851493815e-10
13450.056 3.286644908990255e-11
13500.056 1.198619372352046e-11
13550.056 3.5298075572305833e-12
13600.056 1.1665150110491055e-12
13650.056 7.213267062616408e-12
13700.056 3.868970536854246e-12
13750.056 1.4884794454196457e-11
13800.056 1.56722696859829e-11
13850.056 5.589714431361327e-12
13900.056 8.779229225941297e-12
13950.056 8.484626165076276e-12
14000.056 1.1497079004415283e-11
14050.056 1.7178153792465047e-11
14100.056 1.3610226021675862e-11
14150.056 2.8847352472286085e-11
14200.056 1.9038837711247596e-11
14250.056 2.606994928562515e-11
14300.056 8.965945024035622e-11
14350.056 6.907699579541128e-11
14400.056 6.890662645499647e-11
14450.056 1.3767456378866308e-10
14500.056 2.9356325642031894e-10
14550.056 3.063384468589938e-10
14600.056 5.448741896506808e-10
14650.056 2.79947236671114e-10
14700.056 1.3056993744911273e-10
14750.056 9.064792210203134e-11
14800.056 1.1409094897958712e-10
14850.056 1.258961054046565e-10
14900.056 1.2907069602224101e-10
14950.056 1.1935289702503477e-10
15000.056 2.9766085602281825e-10
15050.056 3.2166283338776586e-10
15100.056 1.8065531059939427e-10
15150.056 9.887532223967805e-11
15200.056 2.657407714778663e-10
15250.056 5.46502826675067e-10
15300.056 7.085971309297495e-10
15350.056 9.045701566487664e-10
15400.056 1.179558568952169e-09
15450.056 1.5844273654901463e-09
15500.056 2.0362341105247237e-09
15550.056 3.1570683016104417e-09
15600.056 4.691591474299704e-09
15650.056 7.0234697169005716e-09
15700.056 1.007031513450016e-08
15750.056 1.2008053004600232e-08
15800.056 1.4027978561999948e-08
15850.056 1.611396393200051e-08
15900.056 1.6530196050000063e-08
15950.056 1.679085645799982e-08
16000.056 1.4452378020300052e-08
16050.056 1.0257384923399648e-08
16100.056 6.698331653399835e-09
16150.056 3.842561388919723e-09
16200.056 1.926130993506096e-09
16250.056 1.2579463141697392e-09
16300.056 8.302235253570588e-10
16350.056 1.0056164964060762e-09
16400.056 1.1692670836144212e-09
16450.056 1.2306055167852734e-09
16500.056 1.1607416074269439e-09
16550.056 1.194552188617848e-09
16600.056 1.913254958592641e-09
16650.056 1.1895302473194786e-09
16700.056 2.3510513384536864e-10
16750.056 7.763964015090531e-10
16800.056 1.1615141085122854e-09
16850.056 1.194234639180779e-09
16900.056 6.872837773178625e-10
16950.056 4.848688665493079e-10
17000.056 2.9519812992523406e-10
17050.056 5.434127032085545e-10
17100.056 8.509519706646729e-10
17150.056 5.801225193368004e-10
17200.056 1.4289238949632733e-09
17250.056 7.7436478585469e-10
17300.056 5.956193004744819e-10
17350.056 6.456140591262044e-10
17400.056 9.288391124024041e-10
17450.056 1.1111865160245393e-09
17500.056 1.3676597641402445e-09
17550.056 1.0885286584178611e-09
17600.056 9.449971414021948e-10
17650.056 7.365776123961423e-10
17700.056 6.109548367247712e-10
17750.056 4.5750866987583634e-10
17800.056 7.820034969438074e-10
17850.056 4.100552136069699e-10
17900.056 3.241248467853785e-10
17950.056 2.049144807637353e-10
18000.056 3.4702094942803164e-10
18050.056 1.6676201418100618e-10
18100.056 2.016058553925307e-10
18150.056 1.7131078020571668e-10
18200.056 1.1057983896572453e-10
18250.056 3.8512731563490855e-10
18300.056 7.736461200418471e-11
18350.056 6.924755684120692e-11
18400.056 4.6184594638556464e-11
18450.056 2.1940742830769142e-10
18500.056 2.0635805039411563e-10
18550.056 1.0482345731678794e-10
18600.056 1.355075165049137e-10
18650.056 8.716104425347428e-11
18700.056 2.315988114244779e-11
18750.056 5.6342905531847e-11
18800.056 3.5318704409421155e-10
18850.056 3.2276066903781857e-10
18900.056 2.7900724548049364e-10
18950.056 4.921034492554628e-10
19000.056 1.356832329082051e-10
19050.056 6.06988110823653e-11
19100.056 1.634652181615079e-10
19150.056 6.739242647452855e-11
19200.056 1.1894320711724722e-10
19250.056 7.817269150699347e-11
19300.056 5.1401401368746945e-11
19350.056 4.937172627685537e-11
19400.056 3.7244030577059e-11
19450.056 6.110697749195121e-11
19500.056 5.591415237184275e-11
19550.056 8.362897281671515e-11
19600.056 1.5604876645854258e-10
19650.056 1.2655559126210427e-10
19700.056 1.7449854783132788e-10
19750.056 2.523144594707037e-10
19800.056 1.6943540204439158e-10
19850.056 2.218735995750888e-10
19900.056 2.930527228842846e-10
19950.056 4.110420264424456e-10
20000.056 4.727284402818286e-10
20050.056 3.9021573543311673e-10
20100.056 6.469263244960266e-10
20150.056 4.1585010170910047e-10
20200.056 3.03012067720143e-10
20250.056 5.603823750717618e-10
20300.056 6.335077692928647e-10
20350.056 6.609014290020735e-10
20400.056 6.15350747316947e-10
20450.056 1.0148853113692465e-09
20500.056 1.1324196363899062e-09
20550.056 1.2368017597100462e-09
20600.056 1.3349411441101571e-09
20650.056 1.5464593516799263e-09
20700.056 1.67812872160002e-09
20750.056 1.778484089479941e-09
20800.056 1.7633400295198167e-09
20850.056 1.946207986000029e-09
20900.056 2.001185719999934e-09
20950.056 1.9641264047000506e-09
21000.056 1.935939764400021e-09
21050.056 1.999298252099957e-09
21100.056 1.9484672578000215e-09
21150.056 1.942832705299919e-09
21200.056 1.875459119000059e-09
21250.056 1.800474513119867e-09
21300.056 1.6506845298100068e-09
21350.056 1.5956396386899334e-09
21400.056 1.6030939959101388e-09
21450.056 1.3712921887490376e-09
21500.056 1.25932214450463e-09
21550.056 1.1643010360733568e-09
21600.056 1.0513358184741473e-09
21650.056 8.446092052384741e-10
21700.056 8.187541150899498e-10
21750.056 7.190212133370463e-10
21800.056 5.247714553227097e-10
21850.056 4.779013351791989e-10
21900.056 3.5628599451865353e-10
21950.056 1.8115934507944496e-10
22000.056 3.334011655643387e-11
22050.056 5.05043242212161e-11
22100.056 1.712364801143167e-10
22150.056 1.236562987926283e-10
22200.056 1.2771672921964297e-10
22250.056 1.0901669846572328e-10
22300.056 5.639359694795003e-11
22350.056 7.332018673272558e-11
22400.056 2.7931760765684056e-11
22450.056 4.4634287920856405e-11
22500.056 3.4893255713299866e-11
22550.056 2.0206734186427158e-11
22600.056 1.684061864799333e-11
22650.056 2.868764367526764e-11
22700.056 2.661231696359086e-11
22750.056 3.6617791704394966e-11
22800.056 4.1707164053309485e-11
22850.056 2.8449864295952433e-11
22900.056 2.2348125661173922e-11
22950.056 1.8729349515919103e-11
23000.056 2.291554917222857e-11
23050.056 2.914261066578166e-11
23100.056 1.5140573255411122e-10
23150.056 1.248066959453786e-10
23200.056 6.517802687722013e-12
23250.056 3.042956340191708e-11
23300.056 2.4721023813784295e-11
23350.056 3.169316317202302e-11
23400.056 2.3117135143843814e-11
23450.056 1.6099717598718167e-11
23500.056 1.7634709663667862e-11
23550.056 3.719037654802538e-11
23600.056 7.509191168790366e-11
23650.056 9.388564422068718e-11
23700.056 1.7309096539936398e-11
23750.056 2.0407668195033092e-11
23800.056 9.290454798836639e-11
23850.056 5.7862442979315414e-11
23900.056 1.279269199873024e-10
23950.056 6.819635988221627e-11
24000.056 1.542734322687854e-10
24050.056 1.6075736330071547e-10
24100.056 1.7945331954177225e-10
24150.056 2.619899693965339e-10
24200.056 1.884166674239943e-10
24250.056 1.563304296795531e-10
24300.056 3.0371215409685744e-10
24350.056 2.2540592565843237e-10
24400.056 4.72634300633682e-10
24450.056 4.78273747392828e-10
24500.056 4.106388845646601e-10
24550.056 6.747804646971457e-10
24600.056 7.188799379399108e-10
24650.056 9.699751449822007e-10
24700.056 6.381545293603799e-10
24750.056 7.817243661862793e-10
24800.056 6.705947808840215e-10
24850.056 1.0916405868331706e-09
24900.056 4.1487130017448097e-10
24950.056 8.810244473744571e-10
25000.056 8.490683881613139e-10
25050.056 4.4477916506409315e-10
25100.056 7.819100481799674e-10
25150.056 3.5649645848135126e-10
25200.056 5.202733113505204e-10
25250.056 1.8076675689418806e-10
25300.056 2.7378418099318916e-10
25350.056 1.1393614887329673e-10
25400.056 3.184953338804665e-10
25450.056 9.404171785466527e-11
25500.056 7.939465423513878e-11
25550.056 1.9311930102492358e-10
25600.056 1.1010251769459307e-10
25650.056 4.195133446811166e-11
25700.056 5.0736988765198325e-11
25750.056 1.2950046497056283e-11
25800.056 8.277097434604483e-11
25850.056 1.427664751041508e-11
25900.056 2.2353894613550904e-11
25950.056 4.370159116756995e-12
26000.056 7.552134600695814e-11
26050.056 7.409065855327693e-12
26100.056 4.739363590002307e-11
26150.056 1.8557030504153565e-11
26200.056 2.4450848690208604e-11
26250.056 2.0001955987235435e-10
26300.056 3.439259083453154e-11
26350.056 3.786364008803453e-10
26400.056 5.08534915249059e-10
26450.056 2.8431160218252387e-10
26500.056 6.960976408144738e-10
26550.056 7.0920829848422e-11
26600.056 8.140505776588064e-11
26650.056 1.0089294867146587e-11
26700.056 5.827082288806378e-12
26750.056 8.343667542812298e-12
26800.056 2.9944902669679196e-11
26850.056 1.5830826531508777e-11
26900.056 9.006980834124922e-11
26950.056 2.835385202820964e-11
27000.056 1.750048389755364e-10
27050.056 2.1538626102908876e-10
27100.056 2.039875490725222e-11
27150.056 2.6805457375500217e-10
27200.056 1.9405827081261615e-11
27250.056 7.762605423035731e-11
27300.056 6.736243061435352e-10
27350.056 1.9285894850416708e-10
27400.056 8.8526348270046e-12
27450.056 2.600661812433797e-10
27500.056 3.484963460446514e-10
27550.056 4.079754916615339e-11
27600.056 1.382704151531698e-10
27650.056 3.130144834099701e-11
27700.056 2.857702024474215e-11
27750.056 2.1945221610601722e-10
27800.056 6.238319892491321e-11
27850.056 1.0866491941401517e-10
27900.056 1.2741902926701035e-10
27950.056 3.1499193735392917e-10
28000.056 2.6709165731956776e-10
28050.056 2.98533891135274e-11
28100.056 3.1916729666037513e-10
28150.056 2.0985907967347702e-10
28200.056 5.2762936040602357e-11
28250.056 4.3708634911272633e-10
28300.056 4.1915796774011127e-10
28350.056 6.667584021585367e-11
28400.056 2.8679295902231574e-10
28450.056 5.411595336797581e-10
28500.056 2.9765463014174236e-10
28550.056 5.610871022681557e-11
28600.056 5.2201398664941e-10
28650.056 3.1247248936513173e-10
28700.056 4.699718319653206e-10
28750.056 8.554275925445924e-10
28800.056 3.459533673089332e-10
28850.056 7.671683340234712e-10
