galfind/configs/Brown_Dwarf_templates/sonora_bobcat/m0.0/1000g/sp_t375g1000nc_m0.0_resample.dat
# %ECSV 1.0
# ---
# datatype:
# - {name: wav, unit: Angstrom, datatype: float64}
# - {name: flux_nu, unit: erg / (cm2 Hz s), datatype: float64}
# meta: {C/O: '1.00', Kzz: '1.0000E+05', Teff: '375.', Y: '0.28', '[Fe/H]': '0.00', f_hole: '1.00', f_rain: '0.00', grav: '1000.'}
# schema: astropy-2.0
wav flux_nu
[from data line 498]
28900.056 2.4873191763313565e-11
28950.056 3.1734101551506736e-11
29000.056 1.9928542768943263e-11
29050.056 3.955110397394029e-11
29100.056 1.3325796734207619e-11
29150.056 2.1262023261612352e-11
29200.056 7.702096577709994e-11
29250.056 5.5401822602439656e-11
29300.056 3.551540607425462e-11
29350.056 1.0253822130285536e-10
29400.056 4.341900754715011e-11
29450.056 1.5616557617576147e-11
29500.056 1.1865265375549773e-10
29550.056 3.152838103593804e-11
29600.056 3.7866792996468e-11
29650.056 1.8239323044740805e-10
29700.056 2.24508729010865e-11
29750.056 1.0543000613258972e-10
29800.056 5.651058843685258e-11
29850.056 1.6891747718072442e-10
29900.056 6.106151706513774e-11
29950.056 6.230005482862166e-11
30000.056 7.548202780973064e-13
30050.056 9.857420722102866e-12
30100.056 4.4240490001579126e-11
30150.056 1.5557345576934153e-10
30200.056 9.760010017793549e-11
30250.056 1.7516109361808132e-10
30300.056 2.215986297329097e-10
30350.056 3.7504028450850804e-11
30400.056 2.5721550286831953e-10
30450.056 2.0105284662417035e-10
30500.056 8.261275530613861e-11
30550.056 6.706719291374845e-11
30600.056 9.786899778345522e-10
30650.056 3.5672855776622203e-10
30700.056 1.4731999106311896e-10
30750.056 3.4246412665027185e-10
30800.056 3.9469715958147303e-10
30850.056 4.0218430064987044e-10
30900.056 1.9721707207240814e-10
30950.056 1.402890470687912e-10
31000.056 2.012401721327678e-10
31050.056 1.1143200552379078e-10
31100.056 6.103062153847661e-11
31150.056 1.363895053430456e-10
31200.056 5.475452551839413e-10
31250.056 1.9207971649278371e-10
31300.056 9.771527636740528e-11
31350.056 3.755247574088018e-10
31400.056 2.1074310568317404e-10
31450.056 2.2758139175017838e-10
31500.056 6.853226030307473e-11
31550.056 1.532009173090671e-10
31600.056 1.09247861782184e-10
31650.056 7.984766696902386e-11
31700.056 6.692445234522292e-11
31750.056 2.795929778306437e-11
31800.056 5.983497876900746e-11
31850.056 9.464139549973802e-12
31900.056 2.5979211507845576e-11
31950.056 1.2160470741031968e-11
32000.056 8.405999376066695e-12
32050.056 9.892311814401705e-12
32100.056 8.1396203441762e-12
32150.056 7.581789564304283e-12
32200.056 3.1896970746810592e-12
32250.056 7.851588046125311e-12
32300.056 1.9453540090125313e-12
32350.056 7.889383754591319e-12
32400.056 6.875198615819692e-13
32450.056 5.010452938424017e-12
32500.056 7.137842490255387e-13
32550.056 5.327712293696895e-12
32600.056 6.005317454473492e-13
32650.056 1.0733062824725442e-11
32700.056 1.0931495941571383e-12
32750.056 2.9757481012711416e-11
32800.056 1.2856930001994368e-11
32850.056 7.31275888217192e-11
32900.056 5.779242295436044e-11
32950.056 6.34020189721774e-11
33000.056 1.466538298005565e-11
33050.056 1.3131966040087958e-11
33100.056 2.022043364195708e-12
33150.056 1.2794645314258904e-15
33200.056 9.047029510336867e-14
33250.056 2.2665677585616396e-13
33300.056 4.897829304170517e-12
33350.056 1.018888291124236e-11
33400.056 4.3466048297144886e-11
33450.056 9.138942621220676e-12
33500.056 5.570224132411619e-11
33550.056 7.575215034347142e-12
33600.056 2.2238210414150117e-11
33650.056 2.451941676388656e-11
33700.056 4.159368425629554e-12
33750.056 3.109054546222612e-11
33800.056 1.457006662903704e-12
33850.056 1.3962077083349953e-11
33900.056 1.4034073959394188e-11
33950.056 1.3778085862176454e-11
34000.056 3.5468832923556834e-11
34050.056 5.142741343239522e-12
34100.056 3.770987360401794e-11
34150.056 1.0126961192532026e-11
34200.056 4.490941610027672e-11
34250.056 1.9379500210500238e-11
34300.056 2.4273707501041784e-11
34350.056 1.0023410087028594e-10
34400.056 1.4438501951232957e-11
34450.056 8.146672935939302e-11
34500.056 2.822111864643145e-11
34550.056 4.775737332561549e-11
34600.056 2.3746909177843706e-10
34650.056 1.4464173678823152e-11
34700.056 1.4909791748898489e-10
34750.056 6.774868098499258e-11
34800.056 4.4779585780725353e-11
34850.056 2.1889461175215382e-10
34900.056 2.1424531744251666e-11
34950.056 2.615649441242864e-10
35000.056 3.032828421291422e-10
35050.056 2.1825646100128135e-10
35100.056 5.2065133154301e-10
35150.056 4.2943212734094165e-10
35200.056 3.4244795975624735e-10
35250.056 6.847520910294221e-10
35300.056 1.4214940068981681e-10
35350.056 1.6956193813018112e-10
35400.056 1.1101431936359399e-10
35450.056 1.0191509606009247e-10
35500.056 4.703502703558319e-10
35550.056 2.7914121035254845e-10
35600.056 4.859444235426439e-10
35650.056 5.712160978446766e-10
35700.056 6.139143183928311e-10
35750.056 8.1452073760987e-10
35800.056 3.2753312371832595e-10
35850.056 1.8223840389060486e-10
35900.056 2.778905514472659e-10
35950.056 5.445467897390172e-10
36000.056 6.124782690460604e-10
36050.056 4.1421688684076345e-10
36100.056 3.844851091771188e-10
36150.056 1.4306762140228816e-09
36200.056 1.2930020132802348e-09
36250.056 6.582359325351049e-10
36300.056 2.0292454845279084e-09
36350.056 1.1601718004404814e-09
36400.056 1.866650211523619e-09
36450.056 1.2268857038733598e-09
36500.056 1.3040216222061993e-09
36550.056 3.0727010115748953e-09
36600.056 3.5146998276494535e-09
36650.056 1.6539161831898673e-09
36700.056 2.040370229692838e-09
36750.056 3.4394491023010273e-09
36800.056 3.9619154661462484e-09
36850.056 1.6678326730567274e-09
36900.056 2.2334569919416786e-09
36950.056 4.319669360429286e-09
37000.056 2.6741059676877514e-09
37050.056 4.383531400745077e-09
37100.056 1.4037803315137702e-09
37150.056 2.591056661022249e-09
37200.056 6.0410435864998375e-09
37250.056 2.7123559191835243e-09
37300.056 1.545994581422253e-09
37350.056 3.1589553233578254e-09
37400.056 5.402563878017526e-09
37450.056 1.9556982365209294e-09
37500.056 2.5089903590186536e-09
37550.056 7.405969990901727e-09
37600.056 1.1899516539900088e-08
37650.056 2.408988467177677e-09
37700.056 5.063589812380809e-09
37750.056 3.781605958130066e-09
37800.056 4.0556232834168766e-09
37850.056 2.13547632673993e-09
37900.056 2.409375951525465e-09
37950.056 4.367693975670084e-09
38000.056 3.799198288830624e-09
38050.056 6.690145731451104e-09
38100.056 9.594546952599664e-09
38150.056 1.106342741262505e-08
38200.056 6.7953507683197865e-09
38250.056 9.851892303484599e-09
38300.056 1.74249863044367e-08
38350.056 1.2514589187883221e-08
38400.056 4.503051959297917e-09
38450.056 1.6359662917564348e-09
38500.056 1.5307121139363094e-09
38550.056 6.380026902900807e-09
38600.056 7.766681026198643e-09
38650.056 7.467731994813477e-09
38700.056 6.370208676658303e-09
38750.056 7.077747495619661e-09
38800.056 6.7377751727801496e-09
38850.056 8.212238206000859e-09
38900.056 9.495291702888732e-09
38950.056 5.650535765870921e-09
39000.056 9.952390117488045e-09
39050.056 4.807490646292638e-09
39100.056 7.655088141746495e-09
39150.056 1.2772955332599832e-08
39200.056 9.206531533599682e-09
39250.056 1.1858594341230317e-08
39300.056 8.552291800440037e-09
39350.056 1.7186418114500054e-08
39400.056 9.278291169679497e-09
39450.056 1.4623374797322044e-08
39500.056 1.665759354919954e-08
39550.056 6.61476424160532e-09
39600.056 1.2471146238751767e-08
39650.056 2.1018133378999432e-08
39700.056 1.8340524555801208e-08
39750.056 6.6477054068314495e-09
39800.056 6.743216832294972e-09
39850.056 2.1209066225001676e-08
39900.056 2.4308801051000908e-08
39950.056 1.0089082480300214e-08
40000.056 1.783076003769988e-08
40050.056 1.9790230492199154e-08
40100.056 5.217165116207637e-09
40150.056 1.6561354577201178e-08
40200.056 2.01313700987982e-08
40250.056 2.290903929699658e-08
40300.056 2.2928436084702473e-08
40350.056 1.0647663454036871e-08
40400.056 1.6352003836740872e-08
40450.056 7.538979605419767e-09
40500.056 2.126271595999975e-08
40550.056 2.2720980540095993e-08
40600.056 2.3108862481999596e-08
40650.056 1.555366286003923e-08
40700.056 2.9608601644799105e-08
40750.056 2.043438842419808e-08
40800.056 1.1290535948697953e-08
40850.056 3.373898916500383e-08
40900.056 3.2175158838997436e-08
40950.056 2.113716882896116e-08
41000.056 1.875414889829885e-08
41050.056 3.716430363999968e-08
41100.056 3.153662200319777e-08
41150.056 9.761070074779288e-09
41200.056 3.400019710220393e-08
41250.056 3.0832657323224823e-08
41300.056 3.391803718100326e-08
41350.056 4.432679409699983e-08
41400.056 3.329182300899908e-08
41450.056 4.292573796299972e-08
41500.056 2.390406010633548e-08
41550.056 2.1937727324104644e-08
41600.056 2.4437141016289318e-08
41650.056 3.8828083162603345e-08
41700.056 5.1394252439996444e-08
41750.056 3.875292104800004e-08
41800.056 4.268565894400072e-08
41850.056 3.266440534209711e-08
41900.056 2.670461307549347e-08
41950.056 2.809619227299873e-08
42000.056 1.4726679468292116e-08
42050.056 1.8213819214302752e-08
42100.056 2.6065974485498445e-08
42150.056 2.771426310139882e-08
42200.056 3.0650318079998254e-08
42250.056 2.5256486665703083e-08
42300.056 2.1831398905998527e-08
42350.056 3.7463780664201104e-08
42400.056 4.447606267000215e-08
42450.056 4.512528665100308e-08
42500.056 4.792398169999865e-08
42550.056 4.1938673302998635e-08
42600.056 3.7287301589007536e-08
42650.056 5.4047984877994976e-08
42700.056 2.637387823879508e-08
42750.056 3.719059670100509e-08
42800.056 5.530785491400107e-08
42850.056 5.833047238099451e-08
42900.056 5.727835221100292e-08
42950.056 4.483179815700084e-08
43000.056 5.231340887899886e-08
43050.056 2.697252200400028e-08
43100.056 4.565997776600004e-08
43150.056 4.1199124688000616e-08
43200.056 5.20501443680023e-08
43250.056 7.302217424700158e-08
43300.056 6.311461718099824e-08
43350.056 3.517587793899777e-08
43400.056 5.1873534006001846e-08
43450.056 3.69749316050012e-08
43500.056 3.440494139600186e-08
43550.056 3.6613585351502126e-08
43600.056 6.115332534700057e-08
43650.056 3.333093848309755e-08
43700.056 6.13980159200087e-08
43750.056 6.574694136799697e-08
43800.056 5.4306924201998505e-08
43850.056 4.959240947800506e-08
43900.056 3.808674623699908e-08
43950.056 2.85276930759984e-08
44000.056 2.717305370499967e-08
44050.056 6.077852160500443e-08
44100.056 8.179887027300136e-08
44150.056 7.345168252299725e-08
44200.056 6.984653794400103e-08
44250.056 4.0434717407997556e-08
44300.056 2.655370111800095e-08
44350.056 2.889381528050178e-08
44400.056 3.1371997855999096e-08
44450.056 5.309677877800455e-08
44500.056 4.574505968900239e-08
44550.056 6.510058635600018e-08
44600.056 4.9866541727800866e-08
44650.056 5.38460207109972e-08
44700.056 3.659721517699592e-08
44750.056 4.955768027900475e-08
44800.056 3.377745007860093e-08
44850.056 4.9998220078002225e-08
44900.056 4.558933612299859e-08
44950.056 5.3564638194003884e-08
45000.056 6.242462975999994e-08
45050.056 5.597835875599582e-08
45100.056 5.090565119200354e-08
45150.056 4.584954780799811e-08
45200.056 2.983258077420088e-08
45250.056 3.6145255679996484e-08
45300.056 3.569254959100256e-08
45350.056 2.4851391276603272e-08
45400.056 7.028598755800308e-08
45450.056 5.909504513300539e-08
45500.056 6.938683432800314e-08
45550.056 7.574418800599177e-08
45600.056 6.69301964310028e-08
45650.056 5.7999316980995744e-08
45700.056 3.161145374999736e-08
45750.056 2.6926680356402375e-08
45800.056 6.886829575700195e-08
45850.056 5.582481680970247e-08
45900.056 7.415829086599832e-08
45950.056 6.896010942599652e-08
46000.056 7.0218395603004e-08
46050.056 5.716602197500423e-08
46100.056 7.799068224999599e-08
46150.056 4.6671326290000086e-08
46200.056 3.546006797059548e-08
46250.056 1.2576811471929576e-08
46300.056 4.445996329000313e-08
46350.056 5.0930645213003856e-08
46400.056 5.141726061000115e-08
46450.056 4.1113742302696816e-08
46500.056 4.918861983500408e-08
46550.056 2.7531154415097978e-08
46600.056 2.9363988014396748e-08
46650.056 4.900216047100238e-08
46700.056 3.5382591148995635e-08
46750.056 1.3738612651301952e-08
46800.056 8.674485529598856e-09
46850.056 4.181186501900624e-08
46900.056 5.74930461679987e-08
46950.056 5.75738597099981e-08
47000.056 5.858504392200277e-08
47050.056 3.681651853579113e-08
47100.056 2.885360611800066e-08
47150.056 4.4373588776004905e-08
47200.056 4.928894057299812e-08
47250.056 2.0103299625795787e-08
47300.056 1.3994232793144131e-08
47350.056 4.939913768200327e-08
47400.056 5.495714470899859e-08
47450.056 3.338587079310237e-08
47500.056 6.113500921300184e-08
47550.056 5.321007054100111e-08
47600.056 4.1451362889395654e-08
47650.056 4.8439086816397925e-08
47700.056 3.781481229180483e-08
47750.056 2.797152967500001e-08
47800.056 1.8988487733800614e-08
47850.056 6.827451537251236e-09
47900.056 1.2621524412530116e-08
47950.056 3.939417190500315e-08
48000.056 5.1081363699996795e-08
48050.056 3.8752209659799384e-08
48100.056 1.7822625819440253e-08
48150.056 3.4197145190001846e-08
48200.056 2.17913452937776e-08
48250.056 3.4383947845000576e-08
48300.056 4.706065290899966e-08
48350.056 2.7281262734996398e-08
48400.056 4.760712465180613e-09
48450.056 1.021719639020655e-08
48500.056 2.1776223922796277e-08
48550.056 2.6904574368645052e-08
48600.056 4.6813458608000975e-08
48650.056 5.617687659499885e-08
48700.056 3.997724556700293e-08
48750.056 2.985116215900125e-08
48800.056 4.396584833900124e-08
48850.056 2.048714789268704e-08
48900.056 2.1094062283497745e-08
48950.056 1.0797996208399404e-08
49000.056 6.501880283767686e-09
49050.056 2.2483256756497648e-08
49100.056 3.2284544534075047e-08
49150.056 2.64152274328995e-08
49200.056 4.4971578288003476e-08
49250.056 4.7813131413000075e-08
49300.056 3.779510695699734e-08
49350.056 1.4368624723002401e-08
49400.056 1.9362828543196198e-08
49450.056 1.5194326935623225e-08
49500.056 1.2153968341197705e-08
49550.056 1.7988258236849863e-09
49600.056 5.709076426083134e-09
49650.056 2.076480122300197e-08
49700.056 2.8087619680998175e-08
49750.056 2.1823988837038587e-08
49800.056 1.1674845474430028e-08
49850.056 3.1486807602003214e-08
49900.056 3.459931165099948e-08
49950.056 3.10314570689988e-08
50000.056 1.814166883672709e-08
50050.056 2.1014538502202547e-08
50100.056 1.8386375618998913e-08
50150.056 6.373148858798712e-09
50200.056 7.850819425983799e-10
50250.056 5.944977944599983e-09
50300.056 4.225964452263945e-09
50350.056 2.026305660300227e-08
50400.056 2.690061351799911e-08
50450.056 2.0715877823300334e-08
50500.056 3.22550490660016e-08
50550.056 3.439593874600039e-08
50600.056 2.1029808012494678e-08
50650.056 3.296743261600341e-08
50700.056 3.1235023525998823e-08
50750.056 1.7056041436699222e-08
50800.056 4.284895772100971e-09
50850.056 1.7350784291348915e-09
50900.056 1.5701344249601786e-08
50950.056 1.8916573168098423e-08
51000.056 1.2368080322045307e-08
51050.056 2.1863113283697326e-08
51100.056 8.070732001160171e-09
51150.056 6.294838311619589e-09
51200.056 2.5809541914000702e-08
51250.056 2.1196176644197474e-08
51300.056 1.2547620240300925e-08
51350.056 9.827509556171097e-09
51400.056 2.2064794130525033e-09
51450.056 1.8880464166784075e-09
51500.056 1.7754661242067078e-09
51550.056 9.075490049701646e-09
51600.056 1.1244107362901177e-08
51650.056 1.6487171115599697e-08
51700.056 1.3631107445047486e-08
51750.056 1.0114609464342144e-08
51800.056 2.0815304196999395e-08
51850.056 1.555048357589917e-08
51900.056 1.4514838804000248e-08
51950.056 6.60682982669871e-09
52000.056 4.761800166288245e-10
52050.056 3.209513334500308e-09
52100.056 1.521072205379616e-09
52150.056 7.952012775883008e-10
52200.056 4.128282742699961e-09
52250.056 8.193240443201253e-09
52300.056 9.132573992799252e-09
52350.056 1.737553449043788e-09
52400.056 2.095388266216044e-09
52450.056 1.1257921418801397e-08
52500.056 8.134466342786063e-09
52550.056 1.2354458488798969e-08
52600.056 1.053877726040121e-08
52650.056 1.3372064278799868e-08
52700.056 6.9650262822995665e-09
52750.056 1.9436414413252483e-09
52800.056 4.230688645660831e-09
52850.056 5.344615281038806e-09
52900.056 1.3695443038673578e-09
52950.056 2.8114008291005794e-09
53000.056 7.678156928500329e-09
53050.056 2.416154711139763e-09
53100.056 1.1904494903801093e-08
53150.056 1.2527230011799653e-08
53200.056 4.829038950499745e-09
53250.056 1.0185797337299917e-08
53300.056 1.0503590605141638e-08
53350.056 9.013539739999835e-09
53400.056 5.127899644299336e-09
53450.056 1.156384207139617e-09
53500.056 1.9271713713195183e-10
