galfind/configs/Brown_Dwarf_templates/sonora_bobcat/m+0.5/17g/sp_t2400g17nc_m+0.5_resample.dat
# %ECSV 1.0
# ---
# datatype:
# - {name: wav, unit: Angstrom, datatype: float64}
# - {name: flux_nu, unit: erg / (cm2 Hz s), datatype: float64}
# meta: {C/O: '1.00', Kzz: '1.0000E+05', Teff: '2400.', Y: '0.28', '[Fe/H]': '0.50', f_hole: '1.00', f_rain: '0.00', grav: '18.'}
# schema: astropy-2.0
wav flux_nu
[from data line 503]
29150.056 4.7747621448000475e-06
29200.056 4.618757318099929e-06
29250.056 4.749939785199982e-06
29300.056 4.563073663398873e-06
29350.056 4.934514213799614e-06
29400.056 4.612203764299863e-06
29450.056 4.501129157499796e-06
29500.056 4.725834216799724e-06
29550.056 4.6053412765003364e-06
29600.056 4.704104546900115e-06
29650.056 4.711983030500232e-06
29700.056 4.438784887799616e-06
29750.056 4.915534836100847e-06
29800.056 4.79372840879974e-06
29850.056 4.731333212099643e-06
29900.056 4.44752666430075e-06
29950.056 4.894292070599486e-06
30000.056 4.848965023098863e-06
30050.056 4.661402837600046e-06
30100.056 4.160603986799549e-06
30150.056 5.176005029699774e-06
30200.056 4.9707828573002595e-06
30250.056 4.6823156625004935e-06
30300.056 4.808267050999989e-06
30350.056 4.731838803000678e-06
30400.056 5.0642490176003515e-06
30450.056 4.465119638700383e-06
30500.056 4.501169493000463e-06
30550.056 5.2140880091006205e-06
30600.056 4.98049578820024e-06
30650.056 4.9399392153002e-06
30700.056 4.734757608400033e-06
30750.056 4.680369885800188e-06
30800.056 5.1225960695010114e-06
30850.056 4.751244605800066e-06
30900.056 4.7590943369997815e-06
30950.056 4.648964748300262e-06
31000.056 5.052925586899903e-06
31050.056 4.626003447300137e-06
31100.056 4.924281825700087e-06
31150.056 4.9008857032997915e-06
31200.056 5.0780460157996475e-06
31250.056 5.139729723200673e-06
31300.056 4.8355730261997356e-06
31350.056 4.770336068299939e-06
31400.056 4.996190906900397e-06
31450.056 4.946088715900308e-06
31500.056 5.052367152700463e-06
31550.056 4.719048795699955e-06
31600.056 4.903185040899937e-06
31650.056 5.001797566499821e-06
31700.056 5.157270284900067e-06
31750.056 4.717797934500045e-06
31800.056 5.014810018500305e-06
31850.056 5.3546392793997456e-06
31900.056 5.245346823699679e-06
31950.056 4.772029942199658e-06
32000.056 4.885175302700527e-06
32050.056 5.249523447000517e-06
32100.056 5.329272954899677e-06
32150.056 5.287708415000135e-06
32200.056 5.10939495039991e-06
32250.056 4.982004148400125e-06
32300.056 5.2029432283000465e-06
32350.056 5.408247848700499e-06
32400.056 5.079540927100006e-06
32450.056 4.9735335072002365e-06
32500.056 5.218560399400131e-06
32550.056 5.488356340900125e-06
32600.056 5.370703382999754e-06
32650.056 5.333339646400861e-06
32700.056 5.13671953400006e-06
32750.056 5.326188952799962e-06
32800.056 5.061901891800636e-06
32850.056 5.558519108999807e-06
32900.056 5.4130312463002306e-06
32950.056 5.08149219869992e-06
33000.056 5.310994471700166e-06
33050.056 5.322423530399778e-06
33100.056 5.41689141359922e-06
33150.056 5.40700691210038e-06
33200.056 5.225051936700366e-06
33250.056 5.356808683400282e-06
33300.056 5.669689573600213e-06
33350.056 5.408251622100315e-06
33400.056 5.25265303949975e-06
33450.056 5.510399877198843e-06
33500.056 5.4117345332001e-06
33550.056 5.422241861999333e-06
33600.056 5.434053840600324e-06
33650.056 5.493337364500678e-06
33700.056 5.6088919044994e-06
33750.056 5.595165803800214e-06
33800.056 5.564580208799844e-06
33850.056 5.427322082899915e-06
33900.056 5.760821051499622e-06
33950.056 5.411172249199594e-06
34000.056 5.429314040199354e-06
34050.056 5.56318879850012e-06
34100.056 5.739257781700353e-06
34150.056 5.671797680399629e-06
34200.056 5.471535490399553e-06
34250.056 5.806525872799398e-06
34300.056 5.563854117399492e-06
34350.056 5.755292647799452e-06
34400.056 5.4977330645996e-06
34450.056 5.4918579311001005e-06
34500.056 5.57843785670077e-06
34550.056 5.535585643699854e-06
34600.056 5.632692282799901e-06
34650.056 5.644291923299801e-06
34700.056 5.465269560099758e-06
34750.056 5.730441030200213e-06
34800.056 5.797465238299731e-06
34850.056 5.500934067100021e-06
34900.056 5.741393149600397e-06
34950.056 5.6395038182993e-06
35000.056 5.580898723099719e-06
35050.056 5.814277115600422e-06
35100.056 5.812455825399295e-06
35150.056 5.636452211799573e-06
35200.056 5.7549479546997685e-06
35250.056 5.397927076500416e-06
35300.056 5.717135586400425e-06
35350.056 5.865697283099643e-06
35400.056 5.697323662300042e-06
35450.056 5.583762205900077e-06
35500.056 5.7685151042001264e-06
35550.056 5.672472993600001e-06
35600.056 5.663380285499222e-06
35650.056 5.869436842600389e-06
35700.056 5.6270043286002195e-06
35750.056 5.608044439199762e-06
35800.056 5.783157047299776e-06
35850.056 5.883903138599748e-06
35900.056 5.869027560199647e-06
35950.056 5.804931087399418e-06
36000.056 5.518092603699599e-06
36050.056 5.859095241200102e-06
36100.056 6.0385915593001805e-06
36150.056 5.634145070900191e-06
36200.056 5.903933986199586e-06
36250.056 5.6697731696994085e-06
36300.056 6.092725250200639e-06
36350.056 5.995657451799474e-06
36400.056 5.827083742299828e-06
36450.056 6.053638498599744e-06
36500.056 5.796404959600292e-06
36550.056 5.707612132500342e-06
36600.056 5.748517865400441e-06
36650.056 5.870589252600425e-06
36700.056 6.036363730800127e-06
36750.056 5.7524277061006e-06
36800.056 5.873571276899608e-06
36850.056 5.954425283999813e-06
36900.056 5.976921229500546e-06
36950.056 5.964969481100144e-06
37000.056 5.954544014300214e-06
37050.056 6.072357825799945e-06
37100.056 5.888118164000259e-06
37150.056 5.833761352299229e-06
37200.056 6.0123851888001474e-06
37250.056 6.041384089600288e-06
37300.056 5.9794356730007505e-06
37350.056 5.867099256100497e-06
37400.056 6.0210542497997865e-06
37450.056 6.009963277400343e-06
37500.056 6.125027633199823e-06
37550.056 5.970332663499385e-06
37600.056 6.150481483599453e-06
37650.056 5.796976094099564e-06
37700.056 5.861352002100211e-06
37750.056 6.125552985999285e-06
37800.056 6.203028501100005e-06
37850.056 6.057015436499811e-06
37900.056 6.1212809139002815e-06
37950.056 6.141177296600261e-06
38000.056 6.045631870200596e-06
38050.056 6.050100771300313e-06
38100.056 5.937271850100123e-06
38150.056 6.165198105199368e-06
38200.056 6.274046538799422e-06
38250.056 6.045775025700469e-06
38300.056 5.95985183329993e-06
38350.056 6.1335710416000825e-06
38400.056 6.127749490099912e-06
38450.056 6.060404796800529e-06
38500.056 6.054809435499787e-06
38550.056 6.102514682500397e-06
38600.056 6.350398942799763e-06
38650.056 5.867264724800178e-06
38700.056 5.940822125500379e-06
38750.056 6.185279341900057e-06
38800.056 6.037187668300663e-06
38850.056 6.135659737100193e-06
38900.056 5.930146974000039e-06
38950.056 6.068783117199641e-06
39000.056 6.05469416470007e-06
39050.056 6.054746323300024e-06
39100.056 5.859913436399894e-06
39150.056 5.96792866930022e-06
39200.056 6.034187620600188e-06
39250.056 6.0408074998995024e-06
39300.056 6.061714786999254e-06
39350.056 6.023006644100438e-06
39400.056 5.88153697580018e-06
39450.056 5.953672599299838e-06
39500.056 5.9205799412000324e-06
39550.056 5.8321727870990684e-06
39600.056 6.1174443261004184e-06
39650.056 5.830676881500164e-06
39700.056 5.960732806700026e-06
39750.056 5.977872224299588e-06
39800.056 5.751273487700187e-06
39850.056 5.891008644599822e-06
39900.056 5.742151546099729e-06
39950.056 5.9041751147998095e-06
40000.056 5.7540402772997546e-06
40050.056 5.4571373962998145e-06
40100.056 5.753891251699928e-06
40150.056 5.49269860089942e-06
40200.056 5.683226667299766e-06
40250.056 5.622991606698825e-06
40300.056 5.421512315200027e-06
40350.056 5.529409846600306e-06
40400.056 5.620956194500076e-06
40450.056 5.333825198800822e-06
40500.056 5.1649629809998585e-06
40550.056 5.631276458299738e-06
40600.056 5.310544842200234e-06
40650.056 5.3979537260009155e-06
40700.056 5.6040510596002625e-06
40750.056 5.13891849869904e-06
40800.056 5.137078745700408e-06
40850.056 4.963135272300798e-06
40900.056 4.866109616500561e-06
40950.056 5.1758206736000834e-06
41000.056 5.320652245100345e-06
41050.056 5.209650692799412e-06
41100.056 5.064492972300447e-06
41150.056 5.290291975200205e-06
41200.056 5.042721314200024e-06
41250.056 5.136904267300127e-06
41300.056 4.777277300699838e-06
41350.056 5.201237049900298e-06
41400.056 5.074066223699883e-06
41450.056 4.934395865800092e-06
41500.056 5.1186284482999465e-06
41550.056 5.1639631085000345e-06
41600.056 5.260918668199786e-06
41650.056 4.885671562800446e-06
41700.056 4.7980627147998396e-06
41750.056 4.999438729100045e-06
41800.056 4.799524376399876e-06
41850.056 4.666678378200456e-06
41900.056 4.982334424099388e-06
41950.056 4.68062177940039e-06
42000.056 4.878577240800181e-06
42050.056 4.688151840099049e-06
42100.056 4.9120734925002745e-06
42150.056 4.5515084392993755e-06
42200.056 4.601826594700119e-06
42250.056 4.7737254624998765e-06
42300.056 4.588190069400061e-06
42350.056 4.7989840443004945e-06
42400.056 4.5595799590000375e-06
42450.056 4.2452248199003325e-06
42500.056 4.289602389700125e-06
42550.056 4.5090028997998625e-06
42600.056 4.453755856800332e-06
42650.056 4.38551212049924e-06
42700.056 4.478547449500564e-06
42750.056 4.346938087299962e-06
42800.056 4.390482086300111e-06
42850.056 4.506844024699819e-06
42900.056 4.423817636800296e-06
42950.056 4.134286458298907e-06
43000.056 4.278473151299947e-06
43050.056 4.213964384300879e-06
43100.056 4.277876596199505e-06
43150.056 4.396778889200591e-06
43200.056 4.265657275899892e-06
43250.056 4.2798283715007e-06
43300.056 4.360962977200303e-06
43350.056 4.195257170399643e-06
43400.056 4.1633949262998245e-06
43450.056 4.197612976000743e-06
43500.056 4.136546454599276e-06
43550.056 4.244940931099832e-06
43600.056 4.3387194715999395e-06
43650.056 4.155728480000466e-06
43700.056 4.17379778370005e-06
43750.056 4.124456265299912e-06
43800.056 4.0746145523000235e-06
43850.056 4.2405767217002034e-06
43900.056 4.2273328505000464e-06
43950.056 4.0549507835005296e-06
44000.056 3.9742342136003815e-06
44050.056 4.035189804800083e-06
44100.056 3.995326341200587e-06
44150.056 4.279235540799424e-06
44200.056 4.111132905800114e-06
44250.056 3.9419713808998205e-06
44300.056 3.910700562300488e-06
44350.056 3.961743706400029e-06
44400.056 3.897074836700014e-06
44450.056 4.0929133092001515e-06
44500.056 4.194888194700565e-06
44550.056 3.981627764899411e-06
44600.056 4.029024978900337e-06
44650.056 4.0443090639000165e-06
44700.056 3.880533065100311e-06
44750.056 4.069800142899865e-06
44800.056 4.070281234499881e-06
44850.056 4.194538775800326e-06
44900.056 4.086741535200561e-06
44950.056 3.88656009320004e-06
45000.056 4.086175384300009e-06
45050.056 3.989345160899712e-06
45100.056 4.0485188933997006e-06
45150.056 4.13051195050016e-06
45200.056 3.915865634799787e-06
45250.056 3.9404916556995075e-06
45300.056 3.8001602092999763e-06
45350.056 4.088014231699317e-06
45400.056 4.1322475971001834e-06
45450.056 4.007619334699619e-06
45500.056 3.865751337999911e-06
45550.056 4.002552386099342e-06
45600.056 4.030923575399964e-06
45650.056 3.896320738999075e-06
45700.056 3.819437908100472e-06
45750.056 4.008475798999589e-06
45800.056 4.047435078100296e-06
45850.056 4.044178106700142e-06
45900.056 4.098020628600036e-06
45950.056 3.865311383000105e-06
46000.056 3.949519576099893e-06
46050.056 4.020654213800538e-06
46100.056 3.928110448100172e-06
46150.056 3.911959482600105e-06
46200.056 4.08353051920054e-06
46250.056 3.8276872950998796e-06
46300.056 4.024219906299763e-06
46350.056 3.7497356197998176e-06
46400.056 3.868926758899735e-06
46450.056 3.7983397592005525e-06
46500.056 3.814148496400403e-06
46550.056 3.920004400199991e-06
46600.056 3.6953297306996484e-06
46650.056 4.057620534100346e-06
46700.056 3.843298315100319e-06
46750.056 3.711815256600035e-06
46800.056 3.83227414510037e-06
46850.056 3.894420376899968e-06
46900.056 3.819640778699586e-06
46950.056 3.830412084300185e-06
47000.056 3.927473380400213e-06
47050.056 3.810416459899841e-06
47100.056 3.87753228320023e-06
47150.056 3.781552731300373e-06
47200.056 3.808355297100508e-06
47250.056 3.852125806399036e-06
47300.056 3.662651864299257e-06
47350.056 3.6537283561996696e-06
47400.056 3.867624226899626e-06
47450.056 4.0519594723999095e-06
47500.056 3.6637718633992757e-06
47550.056 3.848798708699456e-06
47600.056 3.840327954399997e-06
47650.056 3.569564746499471e-06
47700.056 3.887094901900122e-06
47750.056 3.5041955204006535e-06
47800.056 3.859355061099831e-06
47850.056 3.6091478764987083e-06
47900.056 3.889905875900125e-06
47950.056 3.600556083000779e-06
48000.056 3.887227593800055e-06
48050.056 3.73265138250067e-06
48100.056 3.5598442451000592e-06
48150.056 3.7257748738001003e-06
48200.056 3.8146374805008115e-06
48250.056 3.7331962663997677e-06
48300.056 3.93004287189991e-06
48350.056 3.4922331363996493e-06
48400.056 3.839462942299874e-06
48450.056 3.846202111000198e-06
48500.056 3.820300386299969e-06
48550.056 3.6990182935001897e-06
48600.056 3.7454700414998215e-06
48650.056 3.5168202081999404e-06
48700.056 3.551808477300117e-06
48750.056 3.524576559100632e-06
48800.056 3.7965377200001686e-06
48850.056 3.6839489583997584e-06
48900.056 3.7238253946999976e-06
48950.056 3.7536725087005763e-06
49000.056 3.6427844700999e-06
49050.056 3.58808239289971e-06
49100.056 3.60946903739994e-06
49150.056 3.5672404216002485e-06
49200.056 3.86854969610013e-06
49250.056 3.6820051452003665e-06
49300.056 3.559888597499906e-06
49350.056 3.3282432572000936e-06
49400.056 3.6942530504005277e-06
49450.056 3.571118740000352e-06
49500.056 3.54566221500031e-06
49550.056 3.4839569363000835e-06
49600.056 3.4856342288002807e-06
49650.056 3.495430728800694e-06
49700.056 3.246859462499724e-06
49750.056 3.6964846871994412e-06
49800.056 3.667607740700005e-06
49850.056 3.708171596600145e-06
49900.056 3.470436544800003e-06
49950.056 3.6348028088990975e-06
50000.056 3.3874712378995993e-06
50050.056 3.638011020099979e-06
50100.056 3.453879549399717e-06
50150.056 3.400607679199676e-06
50200.056 3.208786708300089e-06
50250.056 3.2176016214001606e-06
50300.056 3.3500274151995658e-06
50350.056 3.3407668641999433e-06
50400.056 3.4116024574002434e-06
50450.056 3.2789234193000788e-06
50500.056 3.6723932219003474e-06
50550.056 3.4786845021998114e-06
50600.056 3.3820500090002787e-06
50650.056 3.371772909400616e-06
50700.056 3.4146325370993964e-06
50750.056 3.2821084768001913e-06
50800.056 3.3526376828001954e-06
50850.056 3.261781841500225e-06
50900.056 3.293537430800054e-06
50950.056 3.485687811900313e-06
51000.056 3.5145778351001883e-06
51050.056 3.236536785100501e-06
51100.056 3.224836473099903e-06
51150.056 3.3853063537002333e-06
51200.056 3.3761646786997923e-06
51250.056 3.376819887200139e-06
51300.056 3.292427528900416e-06
51350.056 3.3395639304997994e-06
51400.056 3.274752435599547e-06
51450.056 2.9644744784000466e-06
51500.056 3.3842904891998757e-06
51550.056 3.4724016360002075e-06
51600.056 3.0943579641997083e-06
51650.056 3.292152750199743e-06
51700.056 3.03685967849939e-06
51750.056 3.1775512008001593e-06
51800.056 3.2089057626997477e-06
51850.056 3.2966478092000662e-06
51900.056 3.3725460308001643e-06
51950.056 3.1011411504997594e-06
52000.056 3.0388154510999624e-06
52050.056 3.319417990199847e-06
52100.056 3.248194167399451e-06
52150.056 3.206029028400442e-06
52200.056 3.153052304100043e-06
52250.056 3.0626468891999873e-06
52300.056 3.102274442699882e-06
52350.056 3.3487205061003275e-06
52400.056 3.0986285917997053e-06
52450.056 3.1535262191000717e-06
52500.056 3.1808124097992774e-06
52550.056 3.0462195820995414e-06
52600.056 3.1904458129001675e-06
52650.056 3.3976646621004586e-06
52700.056 3.1317176328001124e-06
52750.056 2.79780346019986e-06
52800.056 3.0277680593002816e-06
52850.056 3.005380623599874e-06
52900.056 3.1855203190003697e-06
52950.056 3.0632492773995176e-06
53000.056 3.229416991199601e-06
53050.056 3.1878794673997493e-06
53100.056 2.8674143577994193e-06
53150.056 3.1833710553003977e-06
53200.056 2.9094363404003397e-06
53250.056 3.3182522201000083e-06
53300.056 3.1769826453005936e-06
53350.056 3.31588468739994e-06
53400.056 3.0237691088001157e-06
53450.056 2.903446338999992e-06
53500.056 2.8961191473997345e-06
53550.056 3.2173985834001925e-06
53600.056 3.100876975200373e-06
53650.056 3.0366262134007618e-06
53700.056 3.0300257048005476e-06
53750.056 3.24792240109976e-06
53800.056 3.2950437438002905e-06
53850.056 3.120000609699254e-06
53900.056 2.844871000800476e-06
