galfind/configs/Brown_Dwarf_templates/sonora_bobcat/m+0.5/17g/sp_t375g17nc_m+0.5_resample.dat
# %ECSV 1.0
# ---
# datatype:
# - {name: wav, unit: Angstrom, datatype: float64}
# - {name: flux_nu, unit: erg / (cm2 Hz s), datatype: float64}
# meta: {C/O: '1.00', Kzz: '1.0000E+05', Teff: '375.', Y: '0.28', '[Fe/H]': '0.50', f_hole: '1.00', f_rain: '0.00', grav: '18.'}
# schema: astropy-2.0
wav flux_nu
[from data line 499]
28950.056 6.115981266981322e-11
29000.056 3.4179657471559906e-11
29050.056 5.851759577207217e-11
29100.056 3.0410271814490935e-11
29150.056 3.141603797445335e-11
29200.056 8.027465915576217e-11
29250.056 1.0252298064019835e-10
29300.056 4.202338472605498e-11
29350.056 1.1577618753520818e-10
29400.056 6.581417682825068e-11
29450.056 3.6505817904668605e-11
29500.056 1.1752497882221594e-10
29550.056 4.3178804601104055e-11
29600.056 6.024916640762656e-11
29650.056 1.6015010689446556e-10
29700.056 3.910109413067201e-11
29750.056 1.2073164138594445e-10
29800.056 9.003118692433274e-11
29850.056 1.2509670377528868e-10
29900.056 6.833254538208815e-11
29950.056 1.0051998444108836e-10
30000.056 1.39981759410988e-12
30050.056 9.454676555026505e-12
30100.056 4.236156787523639e-11
30150.056 1.0701758395031462e-10
30200.056 7.687490786333907e-11
30250.056 1.6096629136677788e-10
30300.056 2.6397153571417924e-10
30350.056 6.721532419403817e-11
30400.056 2.0387155789587135e-10
30450.056 1.465740576588794e-10
30500.056 1.1059182557581874e-10
30550.056 9.723250662198611e-11
30600.056 3.592985255134695e-10
30650.056 2.192139220917294e-10
30700.056 1.1772134241736718e-10
30750.056 2.629259720003777e-10
30800.056 1.709992984775701e-10
30850.056 2.1345892805891587e-10
30900.056 9.069097771987213e-11
30950.056 1.1497582975472313e-10
31000.056 1.4508176436184562e-10
31050.056 8.858728270952115e-11
31100.056 5.214941414156978e-11
31150.056 1.0018122523673318e-10
31200.056 2.324093618610719e-10
31250.056 1.7597816432127276e-10
31300.056 8.973044183356571e-11
31350.056 2.0804000771667256e-10
31400.056 1.4541441369904007e-10
31450.056 1.3595784554830401e-10
31500.056 6.080839336680172e-11
31550.056 8.927494286913516e-11
31600.056 5.7175363323178575e-11
31650.056 6.626485552661947e-11
31700.056 5.832676077560764e-11
31750.056 2.819390803497246e-11
31800.056 5.35813755842459e-11
31850.056 1.014132977956359e-11
31900.056 2.4858574138683472e-11
31950.056 1.7122143066351673e-11
32000.056 1.0229869729926009e-11
32050.056 2.0071883245933876e-11
32100.056 1.771644906259575e-11
32150.056 1.8511411821989107e-11
32200.056 8.261308443672336e-12
32250.056 2.277990192850221e-11
32300.056 7.147747289698913e-12
32350.056 1.992859542852587e-11
32400.056 3.4176219793112464e-12
32450.056 1.3248145364033234e-11
32500.056 3.6782830368473926e-12
32550.056 9.880004328360915e-12
32600.056 3.929917532794455e-12
32650.056 3.488373046970312e-11
32700.056 5.864355521751688e-12
32750.056 6.521332876011631e-11
32800.056 2.8437265274458368e-11
32850.056 1.174166119913676e-10
32900.056 9.188990726196634e-11
32950.056 1.0980865243709366e-10
33000.056 3.3104886767068755e-11
33050.056 5.1749996093651877e-11
33100.056 9.11631675027026e-12
33150.056 1.333295128330813e-15
33200.056 1.8732549547115e-13
33250.056 2.1279524665602682e-13
33300.056 2.2565448476614816e-12
33350.056 6.658573982933307e-12
33400.056 3.327399250082705e-11
33450.056 2.169764125717934e-11
33500.056 8.44819986186906e-11
33550.056 1.4884610043209556e-11
33600.056 4.905052171878828e-11
33650.056 4.157579612024656e-11
33700.056 1.5600771543590117e-11
33750.056 6.606158700925257e-11
33800.056 6.40037201458149e-12
33850.056 3.285505833692553e-11
33900.056 3.60450475423206e-11
33950.056 2.786552415461553e-11
34000.056 7.040690116189254e-11
34050.056 1.0195035557258002e-11
34100.056 6.383899883603864e-11
34150.056 3.069837031386113e-11
34200.056 7.729814698679091e-11
34250.056 4.237283278428263e-11
34300.056 5.042817569783835e-11
34350.056 7.983521292402019e-11
34400.056 2.7625264061645825e-11
34450.056 7.950667387465227e-11
34500.056 4.129972018399254e-11
34550.056 3.041279261412539e-11
34600.056 1.3072143542397155e-10
34650.056 2.462576796135262e-11
34700.056 1.0064335253075834e-10
34750.056 5.862338005980334e-11
34800.056 6.962792192233235e-11
34850.056 1.460799030880092e-10
34900.056 4.32599991329029e-11
34950.056 1.463875290960662e-10
35000.056 2.804198475195983e-10
35050.056 1.364454126058909e-10
35100.056 2.953361556575301e-10
35150.056 1.9106752828436573e-10
35200.056 2.3757893732003775e-10
35250.056 3.3853036716209817e-10
35300.056 1.7328382327783612e-10
35350.056 1.8412213028082061e-10
35400.056 1.3429345787489514e-10
35450.056 1.3760068851672621e-10
35500.056 4.987937525342266e-10
35550.056 2.9732133830072616e-10
35600.056 3.1142299299536506e-10
35650.056 3.10434371933514e-10
35700.056 3.893984147611566e-10
35750.056 4.953986526055209e-10
35800.056 5.160543738960225e-10
35850.056 1.7239440871495148e-10
35900.056 2.1802648993539063e-10
35950.056 2.4485225164418445e-10
36000.056 3.6034916866123235e-10
36050.056 2.422750048338882e-10
36100.056 2.1476814375872456e-10
36150.056 4.6476821847424103e-10
36200.056 4.739674921886706e-10
36250.056 3.6088465720653236e-10
36300.056 7.845194097096427e-10
36350.056 4.413779312620059e-10
36400.056 7.003469503479296e-10
36450.056 8.370324472374753e-10
36500.056 8.829722265194285e-10
36550.056 1.090808992072803e-09
36600.056 1.165431775583446e-09
36650.056 8.855284784980394e-10
36700.056 1.0872409821171883e-09
36750.056 1.2800606007703833e-09
36800.056 1.3412173568998903e-09
36850.056 7.228461791156783e-10
36900.056 1.411346043861129e-09
36950.056 1.417774473318809e-09
37000.056 1.0765461725223726e-09
37050.056 1.4433847603715165e-09
37100.056 1.2888247370414069e-09
37150.056 9.190596621343e-10
37200.056 1.8138878449448097e-09
37250.056 1.2075147372963347e-09
37300.056 9.038205509575557e-10
37350.056 1.6125088132556633e-09
37400.056 2.234779536432641e-09
37450.056 1.0129883687658782e-09
37500.056 1.4282950577397429e-09
37550.056 2.182135259603934e-09
37600.056 2.9157485942189844e-09
37650.056 1.1074832070362268e-09
37700.056 2.392456103422042e-09
37750.056 1.4417823372251418e-09
37800.056 1.4596057575789385e-09
37850.056 7.0889954011551e-10
37900.056 1.1287065174743816e-09
37950.056 2.145788657373037e-09
38000.056 2.25338958503447e-09
38050.056 2.8657399023237315e-09
38100.056 3.2202712406725332e-09
38150.056 3.6975029563567223e-09
38200.056 3.251984111480091e-09
38250.056 3.5473288760210433e-09
38300.056 5.2275674009939336e-09
38350.056 5.12139488064052e-09
38400.056 1.9868602201383816e-09
38450.056 1.0476805641847887e-09
38500.056 6.372573778805862e-10
38550.056 2.2491042987603823e-09
38600.056 2.0891441816918256e-09
38650.056 2.317734766398197e-09
38700.056 1.3449365152371895e-09
38750.056 2.180910399892119e-09
38800.056 2.162278510918412e-09
38850.056 2.431548117449994e-09
38900.056 3.198856629944985e-09
38950.056 2.1515901432181667e-09
39000.056 4.022383268032831e-09
39050.056 2.0594183484359915e-09
39100.056 3.3954643558451096e-09
39150.056 4.0238652883709244e-09
39200.056 3.193478515497975e-09
39250.056 5.158853648803805e-09
39300.056 2.8937974628982518e-09
39350.056 6.5644560446357344e-09
39400.056 2.977567458023395e-09
39450.056 5.080168806321176e-09
39500.056 5.150782539916604e-09
39550.056 2.92377885777499e-09
39600.056 5.1074879616411385e-09
39650.056 5.50971181680959e-09
39700.056 5.6489200076612525e-09
39750.056 3.346605174402014e-09
39800.056 3.542633310606346e-09
39850.056 7.0552923440712176e-09
39900.056 8.266563179550813e-09
39950.056 3.752196160859998e-09
40000.056 7.29533703515396e-09
40050.056 6.974834689011131e-09
40100.056 3.0533708874096953e-09
40150.056 7.1828255255708985e-09
40200.056 7.637532489797981e-09
40250.056 8.739770048885714e-09
40300.056 8.151004323600296e-09
40350.056 5.814021359748685e-09
40400.056 7.796259561605002e-09
40450.056 4.486387733518557e-09
40500.056 9.899149135967108e-09
40550.056 1.0719081363908865e-08
40600.056 7.693989535011244e-09
40650.056 5.5950705281413445e-09
40700.056 1.1657996790492664e-08
40750.056 8.049790730927948e-09
40800.056 5.601024640121317e-09
40850.056 1.4402778175799591e-08
40900.056 1.1781358578810705e-08
40950.056 1.1027663479759028e-08
41000.056 8.952688176815964e-09
41050.056 1.5691252629692283e-08
41100.056 1.2509751916658845e-08
41150.056 5.511777285076216e-09
41200.056 1.7155308706357397e-08
41250.056 1.0316009274200198e-08
41300.056 1.1275913468713343e-08
41350.056 1.6492988845917435e-08
41400.056 1.400629769789086e-08
41450.056 1.9663946149169473e-08
41500.056 1.4062518406450727e-08
41550.056 1.225140729267435e-08
41600.056 1.1712785319470043e-08
41650.056 1.733252969674995e-08
41700.056 2.0026190651051428e-08
41750.056 1.7230429916735143e-08
41800.056 1.8293357468574393e-08
41850.056 1.624496768071531e-08
41900.056 1.4829604248543188e-08
41950.056 1.3565337812572146e-08
42000.056 9.241207382723742e-09
42050.056 1.1591756796173437e-08
42100.056 1.130904407660042e-08
42150.056 1.3839142227311824e-08
42200.056 1.636614907545648e-08
42250.056 1.1705405006054742e-08
42300.056 1.2785470658121858e-08
42350.056 1.9925024124301247e-08
42400.056 2.2592962184226874e-08
42450.056 2.227641723462102e-08
42500.056 1.9125228204273934e-08
42550.056 1.7390982857271426e-08
42600.056 1.7310536242895303e-08
42650.056 3.0739336451882134e-08
42700.056 1.6125033779265323e-08
42750.056 2.340748902087223e-08
42800.056 3.511254242150961e-08
42850.056 3.1856676907891564e-08
42900.056 3.319274450518223e-08
42950.056 2.9247436891892924e-08
43000.056 3.174125479581587e-08
43050.056 1.8745896303886094e-08
43100.056 2.5602117653192042e-08
43150.056 2.138683529315093e-08
43200.056 3.7430799039602236e-08
43250.056 4.403565476469508e-08
43300.056 4.163769329998997e-08
43350.056 2.6096157254391805e-08
43400.056 3.455919793252123e-08
43450.056 2.322435698706027e-08
43500.056 2.078268348004132e-08
43550.056 2.3655502312580695e-08
43600.056 4.148827041390508e-08
43650.056 2.9192579136013216e-08
43700.056 4.525632703370438e-08
43750.056 4.0301357160591586e-08
43800.056 3.8718267831610594e-08
43850.056 3.089788784809705e-08
43900.056 2.8929172456747517e-08
43950.056 1.6876092159700076e-08
44000.056 1.8405268131465335e-08
44050.056 4.7473288545601235e-08
44100.056 5.971282401058992e-08
44150.056 5.2899248015879944e-08
44200.056 4.563654002034737e-08
44250.056 2.5143824933102033e-08
44300.056 2.1314666191552854e-08
44350.056 2.4839912347140427e-08
44400.056 2.2111165092956183e-08
44450.056 3.832029468449159e-08
44500.056 3.76225073770073e-08
44550.056 5.743336122519299e-08
44600.056 4.7378314116396584e-08
44650.056 3.71561358857481e-08
44700.056 2.5865845850401348e-08
44750.056 4.619515634891405e-08
44800.056 2.7866013417861907e-08
44850.056 3.564322377288172e-08
44900.056 3.440729539580262e-08
44950.056 4.511643545240568e-08
45000.056 5.0854674068002376e-08
45050.056 4.423497470479242e-08
45100.056 3.8506262859996044e-08
45150.056 3.592993582419735e-08
45200.056 2.9103858036999608e-08
45250.056 3.402546577048485e-08
45300.056 2.9781945548408137e-08
45350.056 2.4251624851511704e-08
45400.056 7.059324807771112e-08
45450.056 5.073106793550868e-08
45500.056 6.964510834044788e-08
45550.056 6.861674884806443e-08
45600.056 5.7927394644017526e-08
45650.056 4.646854565367084e-08
45700.056 3.020830697784904e-08
45750.056 3.014380049858151e-08
45800.056 7.611521396259251e-08
45850.056 5.4124572618094995e-08
45900.056 7.447927850538516e-08
45950.056 6.672737861689938e-08
46000.056 6.900364071730659e-08
46050.056 5.097674984611023e-08
46100.056 8.382440304998158e-08
46150.056 4.875916950281051e-08
46200.056 4.0813061929992836e-08
46250.056 1.6800610919224693e-08
46300.056 4.7644941406579373e-08
46350.056 5.200349322701092e-08
46400.056 4.269337796039909e-08
46450.056 4.047649647040899e-08
46500.056 5.0855459984612636e-08
46550.056 2.4791092544412983e-08
46600.056 3.973877464907549e-08
46650.056 5.967486462490503e-08
46700.056 3.8695240612486944e-08
46750.056 2.0697002065203704e-08
46800.056 1.2858547526874164e-08
46850.056 6.133835047441379e-08
46900.056 5.599923771819878e-08
46950.056 5.849097886199494e-08
47000.056 5.8930352178114424e-08
47050.056 3.95068489706594e-08
47100.056 2.8350806609155137e-08
47150.056 4.382487995542405e-08
47200.056 4.8831977144194964e-08
47250.056 3.066155121169929e-08
47300.056 1.9137335701331315e-08
47350.056 6.288979869619628e-08
47400.056 5.0229978718996857e-08
47450.056 4.391668510260722e-08
47500.056 6.419408681719058e-08
47550.056 5.520331297511422e-08
47600.056 5.250421542740044e-08
47650.056 5.445384421206836e-08
47700.056 4.087549681558895e-08
47750.056 3.0831067941102975e-08
47800.056 2.531948037210376e-08
47850.056 1.2140013058063545e-08
47900.056 1.9898983686236222e-08
47950.056 4.483015738920704e-08
48000.056 6.474867671300925e-08
48050.056 5.453863667860836e-08
48100.056 2.240973745190399e-08
48150.056 4.443234285790108e-08
48200.056 2.7077563084379694e-08
48250.056 3.2594055651996724e-08
48300.056 5.965258914799e-08
48350.056 3.36473460078987e-08
48400.056 9.236968965128163e-09
48450.056 1.9367304791213904e-08
48500.056 3.227375536099133e-08
48550.056 3.366716262008299e-08
48600.056 4.622778876059692e-08
48650.056 5.6875850628985356e-08
48700.056 3.796473012158592e-08
48750.056 2.8265559252115163e-08
48800.056 5.416637963649839e-08
48850.056 2.7438132694535206e-08
48900.056 3.6824724956275096e-08
48950.056 1.9053109157701157e-08
49000.056 9.411060326002831e-09
49050.056 3.1494373244896323e-08
49100.056 4.4027647108318625e-08
49150.056 3.160978613367642e-08
49200.056 5.591300562601342e-08
49250.056 5.462402483800529e-08
49300.056 4.5891825201400485e-08
49350.056 1.6331056397437107e-08
49400.056 2.4698170191141606e-08
49450.056 2.4629120630208193e-08
49500.056 1.78166725676182e-08
49550.056 3.80014886402425e-09
49600.056 1.1094381178894494e-08
49650.056 2.8998273959002488e-08
49700.056 3.084145173498534e-08
49750.056 2.972250130238007e-08
49800.056 1.8524395637060932e-08
49850.056 4.3505593760012215e-08
49900.056 3.368014237073252e-08
49950.056 3.535425147420353e-08
50000.056 2.535480522512173e-08
50050.056 3.087421961840117e-08
50100.056 2.439092583539843e-08
50150.056 1.1294303918067202e-08
50200.056 1.7688479943587378e-09
50250.056 1.2374357033599072e-08
50300.056 7.607679572295436e-09
50350.056 2.9118636033404042e-08
50400.056 2.8615900056033877e-08
50450.056 2.393664800480313e-08
50500.056 3.5365580596133026e-08
50550.056 2.9523078126604768e-08
50600.056 2.1300666615544503e-08
50650.056 3.831007133300669e-08
50700.056 3.584272321938557e-08
50750.056 2.2593785348402642e-08
50800.056 7.357360089333901e-09
50850.056 3.757535107032006e-09
50900.056 2.3744362635000375e-08
50950.056 2.0090425895199045e-08
51000.056 1.691283339742258e-08
51050.056 2.6685651350997033e-08
51100.056 9.923655316643345e-09
51150.056 1.104598827142629e-08
51200.056 3.2977803981000465e-08
51250.056 2.2046839469540985e-08
51300.056 1.6496061898467078e-08
51350.056 1.414708921743177e-08
51400.056 4.2059318272623406e-09
51450.056 3.332659542105067e-09
51500.056 3.4995455512562832e-09
51550.056 1.4989827520898308e-08
51600.056 1.2125027786784306e-08
51650.056 1.6450610096996593e-08
51700.056 1.6724016979808363e-08
51750.056 1.10373170756832e-08
51800.056 2.0064364325898627e-08
51850.056 1.6418485949397727e-08
51900.056 1.9460061917597134e-08
51950.056 1.072256699739841e-08
52000.056 1.0380017176435876e-09
52050.056 5.858078615090882e-09
52100.056 3.2893712581295685e-09
52150.056 1.7281500766674668e-09
52200.056 5.903853605799844e-09
52250.056 9.085578130424048e-09
52300.056 1.1920438580519046e-08
52350.056 3.966361431641393e-09
52400.056 4.127590646625256e-09
52450.056 1.6704995689502214e-08
52500.056 1.16232979154961e-08
52550.056 1.4462648531298889e-08
52600.056 1.1214474561658615e-08
52650.056 1.3791879579300781e-08
52700.056 1.0015331947349745e-08
52750.056 3.356283678252025e-09
52800.056 6.817110195781001e-09
52850.056 7.615259012848455e-09
52900.056 2.8758737978450087e-09
52950.056 5.206126501284559e-09
53000.056 9.2584044898029e-09
53050.056 3.3558087425449696e-09
53100.056 1.1006552311676844e-08
53150.056 1.1406910073415004e-08
53200.056 5.891371562039449e-09
53250.056 1.0844165657290034e-08
53300.056 1.3677654457703392e-08
53350.056 9.980060735650704e-09
53400.056 6.1545625524975104e-09
53450.056 2.0581883052492304e-09
53500.056 2.7874603905151137e-10
53550.056 8.998522845740263e-10
