galfind/configs/Brown_Dwarf_templates/sonora_bobcat/m+0.5/17g/sp_t475g17nc_m+0.5_resample.dat
# %ECSV 1.0
# ---
# datatype:
# - {name: wav, unit: Angstrom, datatype: float64}
# - {name: flux_nu, unit: erg / (cm2 Hz s), datatype: float64}
# meta: {C/O: '1.00', Kzz: '1.0000E+05', Teff: '475.', Y: '0.28', '[Fe/H]': '0.50', f_hole: '1.00', f_rain: '0.00', grav: '18.'}
# schema: astropy-2.0
wav flux_nu
[from data line 499]
28950.056 8.109807923615598e-10
29000.056 5.237043308443842e-10
29050.056 7.693035924072656e-10
29100.056 4.5952945626458247e-10
29150.056 5.546142495592731e-10
29200.056 7.852901848179484e-10
29250.056 1.353109615105837e-09
29300.056 4.945458446880203e-10
29350.056 1.608992710792164e-09
29400.056 7.512621387160404e-10
29450.056 6.840650248160099e-10
29500.056 1.1819361133931393e-09
29550.056 6.432216147731357e-10
29600.056 9.534400897385139e-10
29650.056 1.6583022949715085e-09
29700.056 5.604123642685211e-10
29750.056 1.3162063592299448e-09
29800.056 1.209120846322433e-09
29850.056 1.4291527649571407e-09
29900.056 1.024155656057906e-09
29950.056 1.1445003152452034e-09
30000.056 3.4486363219674384e-11
30050.056 1.3878534492073486e-10
30100.056 4.423017084748585e-10
30150.056 9.139146249555925e-10
30200.056 6.921383057738488e-10
30250.056 1.6432408931294662e-09
30300.056 2.2955916086212784e-09
30350.056 9.33281212279244e-10
30400.056 2.0522222032118456e-09
30450.056 1.221765523559345e-09
30500.056 1.2522300783650391e-09
30550.056 1.1158810706629657e-09
30600.056 2.1365344558581134e-09
30650.056 1.4955109204474864e-09
30700.056 1.0458052006071972e-09
30750.056 1.8739128746304743e-09
30800.056 1.1111303270019508e-09
30850.056 1.384452397621791e-09
30900.056 6.616912148902453e-10
30950.056 9.339930856442473e-10
31000.056 9.062034524782286e-10
31050.056 7.527949479653391e-10
31100.056 4.64648794167517e-10
31150.056 7.949591185016373e-10
31200.056 1.1684926965620076e-09
31250.056 8.985650378905059e-10
31300.056 5.621450054084591e-10
31350.056 9.231058837503409e-10
31400.056 6.659494546016944e-10
31450.056 6.46103954195922e-10
31500.056 3.6931791828885713e-10
31550.056 4.793113189797154e-10
31600.056 2.831383071651286e-10
31650.056 3.5025010130727897e-10
31700.056 3.561446696651007e-10
31750.056 1.6799441720313544e-10
31800.056 3.308026977275472e-10
31850.056 9.697316643929556e-11
31900.056 1.7996350620422294e-10
31950.056 1.1722027642663922e-10
32000.056 1.0970576782426542e-10
32050.056 1.67606000027323e-10
32100.056 1.4666219701510213e-10
32150.056 1.7206227607406102e-10
32200.056 9.208543293284676e-11
32250.056 2.2100058733265528e-10
32300.056 9.710515649851527e-11
32350.056 1.9497326516304223e-10
32400.056 6.894034237288897e-11
32450.056 1.5522651081984815e-10
32500.056 7.639631628977288e-11
32550.056 1.171898901118694e-10
32600.056 1.0409190916300299e-10
32650.056 3.706858214508388e-10
32700.056 1.379825224964787e-10
32750.056 5.226007032558953e-10
32800.056 3.2846163911859045e-10
32850.056 6.98038764695426e-10
32900.056 6.2474441103271e-10
32950.056 7.660385545723552e-10
33000.056 3.952705118351762e-10
33050.056 5.587785148457388e-10
33100.056 1.2783994454767508e-10
33150.056 2.1665820102225415e-13
33200.056 3.701019239071104e-12
33250.056 2.5138342066095556e-12
33300.056 1.2137094887311272e-11
33350.056 3.9597805942432544e-11
33400.056 1.4173428903699237e-10
33450.056 1.5763843593590225e-10
33500.056 4.989250406483734e-10
33550.056 1.3970194410853634e-10
33600.056 4.1144315174921434e-10
33650.056 3.627291012206774e-10
33700.056 2.1843360700687652e-10
33750.056 5.405748841772738e-10
33800.056 1.2741552127850104e-10
33850.056 3.369570636009835e-10
33900.056 3.23032096614303e-10
33950.056 2.7632217531153096e-10
34000.056 5.377637874638072e-10
34050.056 1.1090127179913561e-10
34100.056 4.856176120333382e-10
34150.056 2.815581177421758e-10
34200.056 4.743960011335442e-10
34250.056 3.4045890849552544e-10
34300.056 3.5498606592123325e-10
34350.056 3.8373816388282285e-10
34400.056 1.9709246343016126e-10
34450.056 4.4157896410814367e-10
34500.056 3.1302050492640444e-10
34550.056 1.9055239279216558e-10
34600.056 6.275446630437863e-10
34650.056 2.150280044012409e-10
34700.056 5.820886005303262e-10
34750.056 3.775322898730474e-10
34800.056 3.905996799976345e-10
34850.056 6.19933068801016e-10
34900.056 3.663796044750062e-10
34950.056 7.1403822214624e-10
35000.056 1.4060767441883423e-09
35050.056 6.012587263816862e-10
35100.056 1.2511496857399537e-09
35150.056 8.031330382214353e-10
35200.056 1.1153935157495946e-09
35250.056 1.47551422581522e-09
35300.056 8.84943085339544e-10
35350.056 9.451075363393547e-10
35400.056 9.207838067014106e-10
35450.056 7.146997961169504e-10
35500.056 2.328876899766777e-09
35550.056 1.7001594388027547e-09
35600.056 1.4143202734165687e-09
35650.056 1.367576171342138e-09
35700.056 1.5972535913858742e-09
35750.056 2.244702358546905e-09
35800.056 2.738956761647804e-09
35850.056 1.1132809008790684e-09
35900.056 1.4501786147229112e-09
35950.056 1.4846977161469053e-09
36000.056 1.7286814353358529e-09
36050.056 1.2234455995903626e-09
36100.056 1.23101749079643e-09
36150.056 1.925702201662039e-09
36200.056 2.0678828613492404e-09
36250.056 1.7400705205885585e-09
36300.056 2.914281720758572e-09
36350.056 1.9815981735646577e-09
36400.056 2.5526458177133215e-09
36450.056 3.312753196972063e-09
36500.056 3.771116802963631e-09
36550.056 3.762043325644591e-09
36600.056 4.602009735353362e-09
36650.056 3.779110022289375e-09
36700.056 4.484263558516638e-09
36750.056 5.2199599318919975e-09
36800.056 5.065220660567096e-09
36850.056 3.587304991143715e-09
36900.056 5.58742882614593e-09
36950.056 5.507335889756302e-09
37000.056 4.571226856257219e-09
37050.056 5.314166125523572e-09
37100.056 5.9165661447865345e-09
37150.056 4.005164762457749e-09
37200.056 6.492472985509363e-09
37250.056 5.39874394139254e-09
37300.056 4.381668210135846e-09
37350.056 6.291141519887148e-09
37400.056 9.129321049988481e-09
37450.056 4.961824351921381e-09
37500.056 5.720286535135218e-09
37550.056 7.992172870115824e-09
37600.056 9.453024590823305e-09
37650.056 4.750403782871191e-09
37700.056 9.874878185862092e-09
37750.056 5.825974181045871e-09
37800.056 6.244646760283691e-09
37850.056 3.4251170908754416e-09
37900.056 5.069508000703991e-09
37950.056 8.259742456078711e-09
38000.056 9.031794681821373e-09
38050.056 9.463017912846414e-09
38100.056 1.0254401432221629e-08
38150.056 1.2427373718919293e-08
38200.056 1.2168408533499908e-08
38250.056 1.1829876428452021e-08
38300.056 1.7942710159494545e-08
38350.056 1.712803710223631e-08
38400.056 7.7828004169857e-09
38450.056 6.304950212700593e-09
38500.056 3.91192111442617e-09
38550.056 8.953867859342474e-09
38600.056 8.830947886850478e-09
38650.056 8.36814958486005e-09
38700.056 6.91670773383715e-09
38750.056 9.366680766088154e-09
38800.056 8.704353369953637e-09
38850.056 9.60058659698849e-09
38900.056 1.2796313550395155e-08
38950.056 9.343947991472344e-09
39000.056 1.3478775708770297e-08
39050.056 9.16168246041287e-09
39100.056 1.2797552025092234e-08
39150.056 1.3292220988121771e-08
39200.056 1.2821105170169349e-08
39250.056 1.7474695403438995e-08
39300.056 1.1029604785144534e-08
39350.056 2.1180548620570385e-08
39400.056 1.229497549029464e-08
39450.056 1.6995643699373923e-08
39500.056 1.8449495626810625e-08
39550.056 1.4248287490616268e-08
39600.056 1.7918076133191358e-08
39650.056 1.879547565199589e-08
39700.056 1.9406964149357718e-08
39750.056 1.3686743557415352e-08
39800.056 1.4889385574232122e-08
39850.056 2.4867761923401237e-08
39900.056 2.582195195770323e-08
39950.056 1.5870088488720068e-08
40000.056 2.8361823963772685e-08
40050.056 2.3140963608476848e-08
40100.056 1.3909960663658381e-08
40150.056 2.4817574368471995e-08
40200.056 2.669181846954785e-08
40250.056 2.8415107959119998e-08
40300.056 2.6587104174230715e-08
40350.056 2.3809099652843206e-08
40400.056 3.047769035255891e-08
40450.056 2.118182502984279e-08
40500.056 3.3269337106400404e-08
40550.056 3.324320929490248e-08
40600.056 2.911626821892534e-08
40650.056 2.1091219845342495e-08
40700.056 3.76125035420501e-08
40750.056 2.9124735007247342e-08
40800.056 2.196918078644895e-08
40850.056 4.502242668988423e-08
40900.056 3.861258788192468e-08
40950.056 3.5890807675883894e-08
41000.056 3.479004111979703e-08
41050.056 4.8874576379077164e-08
41100.056 4.047440942973603e-08
41150.056 2.3113119398544548e-08
41200.056 5.1456500445260486e-08
41250.056 3.487388234106346e-08
41300.056 3.691401700947227e-08
41350.056 5.391942436600217e-08
41400.056 4.6354407261849244e-08
41450.056 5.726284136808031e-08
41500.056 4.3750416286884545e-08
41550.056 4.1177578830053203e-08
41600.056 4.309370363345192e-08
41650.056 5.441637975733151e-08
41700.056 5.3469769746185315e-08
41750.056 5.1576157342389364e-08
41800.056 6.101573393682107e-08
41850.056 4.867371253483593e-08
41900.056 4.8248587278451356e-08
41950.056 4.4489647732712914e-08
42000.056 3.936402784879864e-08
42050.056 4.2794116559931186e-08
42100.056 5.201316576368568e-08
42150.056 4.906326451611897e-08
42200.056 4.7229744999367566e-08
42250.056 4.161765226768308e-08
42300.056 4.56577101532859e-08
42350.056 6.084293775160855e-08
42400.056 6.323441493279455e-08
42450.056 6.040826516533426e-08
42500.056 5.1605824867786124e-08
42550.056 4.923426515658137e-08
42600.056 5.335220455244352e-08
42650.056 7.914851292935754e-08
42700.056 5.552151815549185e-08
42750.056 6.114108360079659e-08
42800.056 7.864143796521973e-08
42850.056 7.896433126897768e-08
42900.056 8.409721204033635e-08
42950.056 7.280863040698597e-08
43000.056 7.622329797283395e-08
43050.056 5.0532061861449774e-08
43100.056 6.581942240547294e-08
43150.056 6.023745625850911e-08
43200.056 8.909194394179609e-08
43250.056 1.0578872812100121e-07
43300.056 1.0059354096098639e-07
43350.056 6.606186289968895e-08
43400.056 8.15792832140341e-08
43450.056 6.384827601852914e-08
43500.056 5.6542443118256755e-08
43550.056 6.148569029268826e-08
43600.056 1.0055604454861487e-07
43650.056 7.479057642880553e-08
43700.056 1.0020341568962744e-07
43750.056 9.287447972770275e-08
43800.056 8.887016836528189e-08
43850.056 7.37776458119972e-08
43900.056 7.57223056397602e-08
43950.056 4.7680731788002055e-08
44000.056 4.886997216729014e-08
44050.056 1.0641252148500766e-07
44100.056 1.3368064903519807e-07
44150.056 1.1560726899515211e-07
44200.056 1.0090858021399412e-07
44250.056 6.626163144930955e-08
44300.056 5.4851890904009365e-08
44350.056 6.623510782130336e-08
44400.056 6.250337676919418e-08
44450.056 9.401596876926533e-08
44500.056 9.259250618482266e-08
44550.056 1.3227398597078068e-07
44600.056 1.0516715777929508e-07
44650.056 9.618166051742399e-08
44700.056 6.666163444400586e-08
44750.056 1.0186693817043062e-07
44800.056 7.281527544092817e-08
44850.056 9.160934495844492e-08
44900.056 8.487989262790312e-08
44950.056 1.0506236934540503e-07
45000.056 1.1149432108700006e-07
45050.056 1.0285500941849266e-07
45100.056 9.229516550349425e-08
45150.056 9.47130686241172e-08
45200.056 7.591637408090023e-08
45250.056 8.420907985036153e-08
45300.056 7.114628013922294e-08
45350.056 7.10158194824271e-08
45400.056 1.4959798904801433e-07
45450.056 1.1531279071800627e-07
45500.056 1.350629803593146e-07
45550.056 1.4178566052193612e-07
45600.056 1.3449322327403726e-07
45650.056 1.0580323222239932e-07
45700.056 7.579936337370248e-08
45750.056 7.539384586000027e-08
45800.056 1.5431196823898476e-07
45850.056 1.330787218719937e-07
45900.056 1.5295223170098337e-07
45950.056 1.3091006821099242e-07
46000.056 1.4468360659730474e-07
46050.056 1.1371925616562102e-07
46100.056 1.6077182543697385e-07
46150.056 1.0787665538201363e-07
46200.056 9.362723773409002e-08
46250.056 4.657809014031867e-08
46300.056 1.1192508460664373e-07
46350.056 1.1324043061302024e-07
46400.056 9.682580763000292e-08
46450.056 9.068339855182305e-08
46500.056 1.1242661026273216e-07
46550.056 6.484600759440047e-08
46600.056 9.409927583069111e-08
46650.056 1.38093233252998e-07
46700.056 9.208833634097688e-08
46750.056 5.876799673662455e-08
46800.056 3.93513341651553e-08
46850.056 1.4500598814903524e-07
46900.056 1.237790446379949e-07
46950.056 1.2297580936399515e-07
47000.056 1.2512562822503082e-07
47050.056 9.445871763435152e-08
47100.056 6.741944620825081e-08
47150.056 9.306759502450942e-08
47200.056 1.0958811588699581e-07
47250.056 7.637784969699783e-08
47300.056 5.1237466060522046e-08
47350.056 1.3955361507198516e-07
47400.056 1.1282516523699436e-07
47450.056 1.1224660471588818e-07
47500.056 1.395495057642405e-07
47550.056 1.194425028640173e-07
47600.056 1.1452776951600379e-07
47650.056 1.1135757883130195e-07
47700.056 9.516159936140926e-08
47750.056 7.201133110660478e-08
47800.056 6.524442348680758e-08
47850.056 3.8339781842748434e-08
47900.056 5.618001605360704e-08
47950.056 9.76841168684197e-08
48000.056 1.4257389480003027e-07
48050.056 1.260984711330116e-07
48100.056 5.844845229036901e-08
48150.056 1.021396474550036e-07
48200.056 7.239894358140129e-08
48250.056 8.140707511700197e-08
48300.056 1.2379446740096962e-07
48350.056 7.578888709090635e-08
48400.056 2.985694228373107e-08
48450.056 6.031483484858215e-08
48500.056 8.950602260197858e-08
48550.056 8.57594915520074e-08
48600.056 1.0087439775999827e-07
48650.056 1.1455943198397401e-07
48700.056 8.412324436769378e-08
48750.056 6.01967217164387e-08
48800.056 1.2178890014809187e-07
48850.056 6.707364914643956e-08
48900.056 9.965372268386228e-08
48950.056 5.7981896030007654e-08
49000.056 2.8651706235620356e-08
49050.056 7.759036201109274e-08
49100.056 1.0213604064582316e-07
49150.056 7.469468664246101e-08
49200.056 1.241404083980291e-07
49250.056 1.156018016690194e-07
49300.056 1.0028200261420171e-07
49350.056 4.335551943168842e-08
49400.056 6.089584836458386e-08
49450.056 6.527254030382257e-08
49500.056 4.9481189507826224e-08
49550.056 1.4931576782052075e-08
49600.056 3.655221460270569e-08
49650.056 7.08944745659988e-08
49700.056 6.988196421826907e-08
49750.056 7.406880498419179e-08
49800.056 5.2887054416199174e-08
49850.056 1.016787979388344e-07
49900.056 7.763324364876155e-08
49950.056 8.091397475040931e-08
50000.056 6.519390249035801e-08
50050.056 7.787638247300509e-08
50100.056 6.13823283889012e-08
50150.056 3.418106042179189e-08
50200.056 8.004483527478704e-09
50250.056 4.237779090899369e-08
50300.056 2.7466628004154982e-08
50350.056 7.640672699961024e-08
50400.056 6.955092211641027e-08
50450.056 5.542973091780658e-08
50500.056 7.54494679717109e-08
50550.056 6.733314444931056e-08
50600.056 5.1237857825083554e-08
50650.056 8.351412104001743e-08
50700.056 8.375997859896096e-08
50750.056 5.6670456233607535e-08
50800.056 2.3845285981825904e-08
50850.056 1.5528219630448236e-08
50900.056 6.708014888340004e-08
50950.056 5.125190316900403e-08
51000.056 4.84616946379241e-08
51050.056 6.210629844699542e-08
51100.056 2.7261077006653986e-08
51150.056 3.506158676125441e-08
51200.056 8.300256523899592e-08
51250.056 5.167574255970922e-08
51300.056 4.2331463957643396e-08
51350.056 3.9821259345415334e-08
51400.056 1.585361495961024e-08
51450.056 1.2558527484681704e-08
51500.056 1.3014256346638546e-08
51550.056 4.671905552872355e-08
51600.056 3.358512026299143e-08
51650.056 3.960642414478652e-08
51700.056 4.2248044198193934e-08
51750.056 2.936677669155878e-08
51800.056 4.749309558399596e-08
51850.056 4.121087880489499e-08
51900.056 5.508964345559351e-08
51950.056 3.5127573460594806e-08
52000.056 5.297790149797871e-09
52050.056 2.165912004849332e-08
52100.056 1.3780042479199091e-08
52150.056 8.794696855914143e-09
52200.056 1.8776370551529924e-08
52250.056 2.6581867910713023e-08
52300.056 3.7914739460097066e-08
52350.056 1.7349803238849553e-08
52400.056 1.541180861169199e-08
52450.056 4.732318174130444e-08
52500.056 3.545810349998256e-08
52550.056 3.944496814529522e-08
52600.056 3.0273938729098946e-08
52650.056 3.628181150740373e-08
52700.056 2.812061744339959e-08
52750.056 1.3160431112641618e-08
52800.056 2.161311859680327e-08
52850.056 2.354585849399388e-08
52900.056 1.2881275141951166e-08
52950.056 1.873104192410515e-08
53000.056 2.9178256779510198e-08
53050.056 1.187282427003672e-08
53100.056 2.8868632350788164e-08
53150.056 3.272127626227871e-08
53200.056 1.64917583028173e-08
53250.056 3.340246789914622e-08
53300.056 4.047466494570395e-08
53350.056 3.132532335945248e-08
53400.056 2.093147750909195e-08
53450.056 8.724110631937375e-09
53500.056 1.8999262529654894e-09
53550.056 5.300018328181699e-09
53600.056 1.9910562939073104e-08
