galfind/configs/Brown_Dwarf_templates/sonora_bobcat/m+0.5/17g/sp_t400g17nc_m+0.5_resample.dat
# %ECSV 1.0
# ---
# datatype:
# - {name: wav, unit: Angstrom, datatype: float64}
# - {name: flux_nu, unit: erg / (cm2 Hz s), datatype: float64}
# meta: {C/O: '1.00', Kzz: '1.0000E+05', Teff: '400.', Y: '0.28', '[Fe/H]': '0.50', f_hole: '1.00', f_rain: '0.00', grav: '18.'}
# schema: astropy-2.0
wav flux_nu
4000.0559999999996 nan
4050.0559999999996 6.7788670820641354e-18
4100.056 8.954726218440186e-16
4150.056 9.18714700930007e-15
4200.056 9.333531133997534e-15
4250.056 8.598349742500057e-14
4300.056 1.9948629074000006e-13
4350.056 3.709218334100006e-13
4400.056 6.082551169999982e-13
4450.056 9.669322232199967e-13
4500.056 1.4174895707500066e-12
4550.056 1.4131866830154258e-12
4600.056 3.7446915133959763e-13
4650.056 2.000425004599995e-13
4700.056 8.46625695559994e-14
4750.056 2.5363419503999637e-14
4800.056 1.0260471443399919e-14
4850.056 4.2947070634999665e-15
4900.056 2.2835945530999954e-15
4950.056 1.4614534159999978e-15
5000.056 8.994656684299905e-16
5050.056 6.189525560040008e-16
5100.056 6.841070619900155e-16
5150.056 7.980525235600264e-16
5200.056 9.205106350300076e-16
5250.056 1.0384018183700011e-15
5300.056 1.1715135392999995e-15
5350.056 1.328410356600003e-15
5400.056 1.4760574576699994e-15
5450.056 1.6730902085000298e-15
5500.056 1.9128747504800493e-15
5550.056 2.1730979245000154e-15
5600.056 2.419229003299998e-15
5650.056 2.624348987299985e-15
5700.056 2.6613194215700057e-15
5750.056 2.6969455279000016e-15
5800.056 2.4998545080999967e-15
5850.056 1.801345323009951e-15
5900.056 5.403368093600697e-16
5950.056 3.3192723805322582e-15
6000.056 6.854049686219641e-15
6050.056 1.2408893173900551e-14
6100.056 2.0502556715300388e-14
6150.056 3.103100118600035e-14
6200.056 4.485644182700036e-14
6250.056 6.049352192799998e-14
6300.056 8.450302468300007e-14
6350.056 1.143952405520013e-13
6400.056 1.4996487103400226e-13
6450.056 1.7084567819788992e-13
6500.056 2.2670031041060207e-13
6550.056 3.127409493732948e-13
6600.056 4.3522432942863025e-13
6650.056 6.093596500650072e-13
6700.056 8.14218688870004e-13
6750.056 1.1313631263900117e-12
6800.056 1.3559403461000409e-12
6850.056 1.4327982087300081e-12
6900.056 1.153529405476034e-12
6950.056 8.805357493813593e-13
7000.056 9.754858827937975e-13
7050.056 9.847096123712823e-13
7100.056 1.0559395700736814e-12
7150.056 8.245862022384153e-13
7200.056 6.70638088060106e-13
7250.056 8.040840487549297e-13
7300.056 8.569031087491735e-13
7350.056 1.0267371852990563e-12
7400.056 1.219180937280091e-12
7450.056 1.5180741933681526e-12
7500.056 1.787712579189919e-12
7550.056 2.0330766513499678e-12
7600.056 2.1419766763999957e-12
7650.056 9.574425938109717e-13
7700.056 8.098181129540203e-13
7750.056 2.718574977500021e-12
7800.056 3.4666451694838762e-12
7850.056 4.41342898232999e-12
7900.056 5.467282417244824e-12
7950.056 5.965037154185851e-12
8000.056 7.169266956022979e-12
8050.056 8.16219054645094e-12
8100.056 6.2440158766762556e-12
8150.056 6.076825488192704e-12
8200.056 9.501982186578135e-12
8250.056 1.0808188995588236e-11
8300.056 1.2888304880415149e-11
8350.056 1.0923820514339432e-11
8400.056 1.196571293105783e-11
8450.056 1.604174424336291e-11
8500.056 1.8566503484114544e-11
8550.056 2.47941447245005e-11
8600.056 3.146319686760055e-11
8650.056 3.618761190040148e-11
8700.056 3.3947242566001385e-11
8750.056 3.6871407320300007e-11
8800.056 3.322931753994016e-11
8850.056 1.8665963252116674e-11
8900.056 8.545113372038334e-13
8950.056 1.8872611993720496e-12
9000.056 9.300549300356238e-13
9050.056 5.490462937444289e-12
9100.056 9.04520126105026e-12
9150.056 1.564552443521128e-11
9200.056 4.3309224850211603e-11
9250.056 5.086889521261256e-11
9300.056 4.548298346624049e-12
9350.056 5.3299986739205335e-12
9400.056 1.2590481359986537e-11
9450.056 1.5757790518084585e-11
9500.056 1.2256757810228018e-11
9550.056 1.5391919495232494e-11
9600.056 1.2972700973474827e-11
9650.056 2.0008359659057003e-11
9700.056 3.401857342989946e-11
9750.056 2.848297154863683e-11
9800.056 2.5723967230774785e-11
9850.056 2.6094462400757644e-11
9900.056 3.432564043167497e-11
9950.056 2.0343733004517958e-11
10000.056 2.879529637332472e-11
10050.056 2.2392387062954278e-11
10100.056 3.9310537823138075e-11
10150.056 3.8913634147279904e-11
10200.056 4.4686069348122905e-11
10250.056 5.94631281850603e-11
10300.056 9.054436448309915e-11
10350.056 1.3273431775636156e-10
10400.056 3.246413024203809e-10
10450.056 5.799053272360312e-10
10500.056 9.150266564305026e-10
10550.056 1.411568281785644e-09
10600.056 1.7338054902982635e-09
10650.056 1.971175603663428e-09
10700.056 1.8637192473613625e-09
10750.056 1.9866500904026456e-09
10800.056 1.723781026427175e-09
10850.056 1.2244374798307488e-09
10900.056 6.128392838116568e-10
10950.056 2.1691901091176298e-10
11000.056 1.3034119042395463e-10
11050.056 6.096372468587758e-11
11100.056 2.3238350652491977e-11
11150.056 5.1835107668929e-12
11200.056 1.5824113390715817e-12
11250.056 1.5997632547590022e-12
11300.056 5.267938809474784e-12
11350.056 1.1204696668727903e-12
11400.056 2.8045552186336876e-12
11450.056 2.7114381394618007e-12
11500.056 1.221942513881157e-12
11550.056 1.0733433147056327e-13
11600.056 9.681492857002692e-14
11650.056 6.308151282123323e-13
11700.056 5.42326267164698e-13
11750.056 4.472004910453824e-14
11800.056 5.469106419605163e-13
11850.056 9.992069532540134e-13
11900.056 8.242702866922194e-13
11950.056 1.7324272129180575e-12
12000.056 4.2461311526706585e-12
12050.056 1.0623948628543768e-11
12100.056 2.8172742762400743e-11
12150.056 6.325497209092452e-11
12200.056 1.0411836616942408e-10
12250.056 2.375001160064109e-10
12300.056 5.190082056113756e-10
12350.056 5.784663464514033e-10
12400.056 1.2215895085298767e-09
12450.056 2.20651382961501e-09
12500.056 2.696139089373819e-09
12550.056 3.731131004830587e-09
12600.056 4.684653809209426e-09
12650.056 4.949008323075072e-09
12700.056 4.902630630132118e-09
12750.056 3.2473942641861918e-09
12800.056 2.0729350190490635e-09
12850.056 1.0089705538508687e-09
12900.056 6.466823597241585e-10
12950.056 4.3158423780773727e-10
13000.056 3.244281904638557e-10
13050.056 1.51784176718166e-10
13100.056 1.1527944081664122e-10
13150.056 6.024308631155368e-11
13200.056 4.597577155604853e-11
13250.056 3.428161562451382e-11
13300.056 1.107752785458301e-11
13350.056 2.6985479325609365e-12
13400.056 2.5094650982834623e-12
13450.056 6.96505294786028e-13
13500.056 2.5550084300588753e-13
13550.056 1.0402447265871418e-13
13600.056 1.0273187997398064e-14
13650.056 1.3156556740669635e-13
13700.056 6.964289600010101e-14
13750.056 9.429352079024152e-14
13800.056 5.993040593744034e-14
13850.056 3.446897876024514e-14
13900.056 8.088918303725774e-14
13950.056 3.9686085558212053e-14
14000.056 4.929749634997547e-14
14050.056 1.0597125233970136e-13
14100.056 1.5709101943883571e-13
14150.056 3.69918455546094e-13
14200.056 2.0332503140039002e-13
14250.056 3.955061732708323e-13
14300.056 8.348780373507758e-13
14350.056 1.1048151181621306e-12
14400.056 1.3488549170591977e-12
14450.056 2.351248477872608e-12
14500.056 5.618299574869444e-12
14550.056 6.49872719332909e-12
14600.056 6.9031961220738244e-12
14650.056 3.723862822377917e-12
14700.056 1.7826185671768775e-12
14750.056 6.761147197712316e-13
14800.056 1.8648463962438795e-12
14850.056 3.160511612622174e-12
14900.056 3.3113918823558494e-12
14950.056 2.0661157111101807e-12
15000.056 5.864065211454885e-12
15050.056 4.83467947749516e-12
15100.056 2.8696067761776326e-12
15150.056 2.429929066781043e-12
15200.056 5.196962017508967e-12
15250.056 1.423431729956192e-11
15300.056 1.7886395541839874e-11
15350.056 3.1026760439181186e-11
15400.056 4.471197622910715e-11
15450.056 6.673048161854269e-11
15500.056 7.30477210528708e-11
15550.056 1.4817713121455054e-10
15600.056 1.9173881556433634e-10
15650.056 3.395959836921754e-10
15700.056 5.467804108129129e-10
15750.056 7.650238941647641e-10
15800.056 8.490973034023503e-10
15850.056 1.0458378429786566e-09
15900.056 9.215553105131027e-10
15950.056 7.906352780097593e-10
16000.056 5.127162437300102e-10
16050.056 2.1643486028750785e-10
16100.056 1.2771679211841084e-10
16150.056 5.866365385980864e-11
16200.056 2.8112477711603534e-11
16250.056 1.6532584743021747e-11
16300.056 8.727521582238309e-12
16350.056 9.762473664638176e-12
16400.056 1.2858060722277045e-11
16450.056 8.99939601284753e-12
16500.056 6.752376169586132e-12
16550.056 7.913215321273864e-12
16600.056 1.219508077115877e-11
16650.056 9.487108212438005e-12
16700.056 9.538804010167635e-13
16750.056 3.9680918770287935e-12
16800.056 7.350750746145829e-12
16850.056 9.67515825179914e-12
16900.056 3.732301400082114e-12
16950.056 1.7095642204235167e-12
17000.056 8.601906574445875e-13
17050.056 1.9329391051231604e-12
17100.056 3.6329476060030173e-12
17150.056 1.6892167939074431e-12
17200.056 9.257564631613208e-12
17250.056 4.99301091588765e-12
17300.056 2.4839254276368007e-12
17350.056 2.7131702553464273e-12
17400.056 6.02979819245294e-12
17450.056 9.591322300678094e-12
17500.056 1.3780122134128678e-11
17550.056 1.2637064105123958e-11
17600.056 9.838154902171016e-12
17650.056 9.249778896710589e-12
17700.056 5.9556351071002715e-12
17750.056 7.704452896574042e-12
17800.056 2.741078824130875e-11
17850.056 9.424656698448668e-12
17900.056 7.02912047962506e-12
17950.056 6.382386201778557e-12
18000.056 9.652614662739341e-12
18050.056 1.1233372449467381e-11
18100.056 1.5590171376536298e-11
18150.056 1.1342667911830381e-11
18200.056 9.092888088766851e-12
18250.056 3.1473762889770645e-11
18300.056 7.098588995930016e-12
18350.056 4.732058661627164e-12
18400.056 3.28083906217523e-12
18450.056 1.853098030931404e-11
18500.056 1.731068052361332e-11
18550.056 9.665433318337411e-12
18600.056 1.7145396043940534e-11
18650.056 1.2285296446561363e-11
18700.056 2.588714865680701e-12
18750.056 7.219188403400089e-12
18800.056 3.382295212718825e-11
18850.056 3.51961067957355e-11
18900.056 3.018602819145174e-11
18950.056 4.686750217736025e-11
19000.056 1.197100106827899e-11
19050.056 5.689723129675633e-12
19100.056 1.3407793404525107e-11
19150.056 5.9670613436783535e-12
19200.056 8.369302546555595e-12
19250.056 7.147288272079124e-12
19300.056 4.068362325410796e-12
19350.056 3.70241320381438e-12
19400.056 3.4664380871841192e-12
19450.056 7.095255931473604e-12
19500.056 3.2282418868429814e-12
19550.056 5.44560898603056e-12
19600.056 2.0527517488024296e-11
19650.056 1.1764002254738693e-11
19700.056 1.3493746024317616e-11
19750.056 2.7359434063939762e-11
19800.056 1.661921280050638e-11
19850.056 2.4033566275270877e-11
19900.056 3.2860574950659277e-11
19950.056 5.13261347947523e-11
20000.056 7.164592645660626e-11
20050.056 5.229781418515356e-11
20100.056 1.0789877623024738e-10
20150.056 4.4008033947080036e-11
20200.056 3.2918091188149595e-11
20250.056 8.498026241166918e-11
20300.056 1.0898773917316973e-10
20350.056 1.3742029514759228e-10
20400.056 1.0042282747912598e-10
20450.056 1.9326158195321015e-10
20500.056 2.7384012829997894e-10
20550.056 3.6130085286098597e-10
20600.056 3.834594671795735e-10
20650.056 5.675058383277884e-10
20700.056 6.522393556568018e-10
20750.056 8.709675574277747e-10
20800.056 8.174032151263484e-10
20850.056 9.429979397962866e-10
20900.056 1.126785177494882e-09
20950.056 1.0189054162296731e-09
21000.056 9.635307162713535e-10
21050.056 1.071561418161599e-09
21100.056 9.280863510077265e-10
21150.056 9.747857652042017e-10
21200.056 8.465747862267507e-10
21250.056 7.271810249652804e-10
21300.056 4.972932654915042e-10
21350.056 5.318022053104812e-10
21400.056 4.6117387425196094e-10
21450.056 3.0833160856273423e-10
21500.056 2.609588897115641e-10
21550.056 2.1939307338366941e-10
21600.056 1.5873402543489971e-10
21650.056 1.1418609875469359e-10
21700.056 8.611249639694527e-11
21750.056 9.43328735229359e-11
21800.056 5.963629978471841e-11
21850.056 6.040196466712905e-11
21900.056 3.6860874716133505e-11
21950.056 8.738913931297608e-12
22000.056 1.3930038825036278e-12
22050.056 1.5737459101042471e-12
22100.056 7.2671217037561694e-12
22150.056 7.960982994018758e-12
22200.056 8.399108182492272e-12
22250.056 6.355786762837725e-12
22300.056 2.7988900040345347e-12
22350.056 4.1023580703053825e-12
22400.056 1.3838496130884802e-12
22450.056 1.888026917232489e-12
22500.056 1.4131601563886631e-12
22550.056 8.006577856655274e-13
22600.056 5.876288885895823e-13
22650.056 1.2203994711866471e-12
22700.056 1.0812372896877126e-12
22750.056 1.2174027360175536e-12
22800.056 1.097718139879973e-12
22850.056 7.992833690388349e-13
22900.056 6.0827009429488e-13
22950.056 4.541050216126369e-13
23000.056 7.272934068369805e-13
23050.056 9.401232084392032e-13
23100.056 5.2760628117070505e-12
23150.056 6.442939684829689e-12
23200.056 2.307837873755074e-13
23250.056 7.057084115891133e-13
23300.056 7.665521481156564e-13
23350.056 1.445710679009179e-12
23400.056 1.2534173294669405e-12
23450.056 7.007843145102445e-13
23500.056 6.891663584047424e-13
23550.056 1.5242198679046473e-12
23600.056 3.0991212832864306e-12
23650.056 5.237893249849477e-12
23700.056 9.857422107405998e-13
23750.056 7.321030100161753e-13
23800.056 3.866303867285519e-12
23850.056 2.793816805651584e-12
23900.056 6.20521074664572e-12
23950.056 3.740007551928726e-12
24000.056 8.207718964889584e-12
24050.056 1.1839758992009656e-11
24100.056 1.3832175485364412e-11
24150.056 2.0078050683710144e-11
24200.056 1.2306722657037403e-11
24250.056 9.548281351991245e-12
24300.056 1.6828478206952607e-11
24350.056 1.4154163582301116e-11
24400.056 3.51446633909169e-11
24450.056 4.457143980248842e-11
24500.056 3.8625743126932175e-11
24550.056 6.216264962764401e-11
24600.056 6.455553522647596e-11
24650.056 1.0868364116129355e-10
24700.056 5.369995031825773e-11
24750.056 8.412499527087794e-11
24800.056 7.657904338911386e-11
24850.056 1.2050199435058944e-10
24900.056 6.477361738759218e-11
24950.056 1.2828336557343892e-10
25000.056 1.4079809291063673e-10
25050.056 9.696902363002492e-11
25100.056 1.4728347993366311e-10
25150.056 6.170739395116126e-11
25200.056 1.0431887860434088e-10
25250.056 4.4578939937483594e-11
25300.056 6.346276391512426e-11
25350.056 2.8070190304950614e-11
25400.056 7.690020319462745e-11
25450.056 1.9301604791036777e-11
25500.056 1.7778202020228193e-11
25550.056 3.75283900317184e-11
25600.056 1.487994165725165e-11
25650.056 8.311996344461794e-12
25700.056 9.670103601911266e-12
25750.056 2.485870654673583e-12
25800.056 1.4613772118476686e-11
25850.056 2.2718854754566907e-12
25900.056 3.2077569240940804e-12
25950.056 6.559739186410657e-13
26000.056 1.233434206292981e-11
26050.056 1.1035177668369052e-12
26100.056 6.230045030910972e-12
26150.056 2.3886325713358088e-12
26200.056 3.738742566634571e-12
26250.056 2.925697523335399e-11
26300.056 5.047334958059699e-12
26350.056 5.0522789695487635e-11
26400.056 8.569463454578387e-11
26450.056 6.653862498028341e-11
26500.056 1.4668854232485785e-10
26550.056 1.2373545173362117e-11
26600.056 1.523465809570584e-11
26650.056 1.8252843634934514e-12
26700.056 9.689601023599596e-13
26750.056 1.9038540883041235e-12
26800.056 7.425670906935493e-12
26850.056 4.049541662213638e-12
26900.056 2.3427953451368e-11
26950.056 6.756037060102058e-12
27000.056 4.373407757061357e-11
27050.056 5.180481310600046e-11
27100.056 4.097658228927249e-12
27150.056 5.945928218777471e-11
27200.056 3.914689174434104e-12
27250.056 1.8024060774069075e-11
27300.056 1.5805845814421428e-10
27350.056 4.6918012472201256e-11
27400.056 1.835638787058057e-12
27450.056 6.43706301349416e-11
27500.056 7.335681232430045e-11
27550.056 1.0505703883580923e-11
27600.056 3.5525912848462714e-11
27650.056 7.765787358364871e-12
27700.056 7.156210796380307e-12
27750.056 5.5535129354479865e-11
27800.056 1.3129819834715722e-11
27850.056 2.6804234404978224e-11
27900.056 2.519164648799732e-11
27950.056 7.244946841026648e-11
28000.056 7.438310532287954e-11
28050.056 6.770935182665745e-12
28100.056 6.342547602586253e-11
28150.056 5.096649452003494e-11
28200.056 1.2121226878653951e-11
28250.056 9.095761331405309e-11
28300.056 8.000019800713749e-11
28350.056 1.5573540782649586e-11
28400.056 5.59675027719947e-11
28450.056 1.0635999635673878e-10
28500.056 6.135664854690346e-11
28550.056 1.3246289954692508e-11
28600.056 1.0998411398528198e-10
28650.056 6.636036387033854e-11
28700.056 1.126945324823253e-10
28750.056 1.605417790299767e-10
28800.056 5.89326553091448e-11
28850.056 1.7329280858449458e-10
