galfind/configs/Brown_Dwarf_templates/sonora_bobcat/m+0.5/17g/sp_t1900g17nc_m+0.5_resample.dat
# %ECSV 1.0
# ---
# datatype:
# - {name: wav, unit: Angstrom, datatype: float64}
# - {name: flux_nu, unit: erg / (cm2 Hz s), datatype: float64}
# meta: {C/O: '1.00', Kzz: '1.0000E+05', Teff: '1900.', Y: '0.28', '[Fe/H]': '0.50', f_hole: '1.00', f_rain: '0.00', grav: '18.'}
# schema: astropy-2.0
wav flux_nu
[from data line 497]
28850.056 1.7146679839901522e-06
28900.056 1.5160530251501401e-06
28950.056 1.8813882906895782e-06
29000.056 1.5157204422193104e-06
29050.056 1.5322136003295779e-06
29100.056 1.3635948205999312e-06
29150.056 1.6261265131602776e-06
29200.056 1.5386697729204163e-06
29250.056 1.7184647607101056e-06
29300.056 1.5030872632590173e-06
29350.056 1.836526480229564e-06
29400.056 1.5461306285698281e-06
29450.056 1.5618105645298937e-06
29500.056 1.6807206851898462e-06
29550.056 1.597315825870145e-06
29600.056 1.6553810957499613e-06
29650.056 1.7021960589200445e-06
29700.056 1.4431921834298154e-06
29750.056 1.8642173722710321e-06
29800.056 1.7630411569699837e-06
29850.056 1.7688806051397763e-06
29900.056 1.5917733113303642e-06
29950.056 1.8429726754097107e-06
30000.056 1.8510821068693707e-06
30050.056 1.7377555977398537e-06
30100.056 1.3720569807896327e-06
30150.056 2.1337177056897615e-06
30200.056 1.9050138340502508e-06
30250.056 1.8144281303106414e-06
30300.056 1.92727000953989e-06
30350.056 1.6956126321303213e-06
30400.056 2.0507194443904004e-06
30450.056 1.6943283789801777e-06
30500.056 1.6122633307403254e-06
30550.056 2.1925067407905647e-06
30600.056 2.1048816383002724e-06
30650.056 2.0670172727400673e-06
30700.056 1.971077686130018e-06
30750.056 1.8445794317001173e-06
30800.056 2.213674590610652e-06
30850.056 1.9286609354499068e-06
30900.056 1.968624286769826e-06
30950.056 1.8913144031002564e-06
31000.056 2.148303002419914e-06
31050.056 1.763729615859998e-06
31100.056 2.111045621499941e-06
31150.056 2.1640283089997756e-06
31200.056 2.2011744103796917e-06
31250.056 2.312997777510494e-06
31300.056 2.066978574669752e-06
31350.056 2.1226656591999905e-06
31400.056 2.133777071310457e-06
31450.056 2.1622560233901653e-06
31500.056 2.2223631087705413e-06
31550.056 2.03843741392002e-06
31600.056 2.1783741229998908e-06
31650.056 2.2581358876100355e-06
31700.056 2.355265488799924e-06
31750.056 1.9874406327202442e-06
31800.056 2.344462228200247e-06
31850.056 2.5624667191200116e-06
31900.056 2.49508587600986e-06
31950.056 1.9414726249897226e-06
32000.056 2.1804966019006353e-06
32050.056 2.533469317210202e-06
32100.056 2.50780650574958e-06
32150.056 2.497066311650216e-06
32200.056 2.4176992571099202e-06
32250.056 2.2537800193201954e-06
32300.056 2.517606614380201e-06
32350.056 2.591174014750319e-06
32400.056 2.392352353809994e-06
32450.056 2.287756473160258e-06
32500.056 2.4910179981802776e-06
32550.056 2.7551082535201298e-06
32600.056 2.7398422630598476e-06
32650.056 2.6429519910809547e-06
32700.056 2.500602804460128e-06
32750.056 2.6555812677300183e-06
32800.056 2.440037808380399e-06
32850.056 2.8719164202797532e-06
32900.056 2.734434633409957e-06
32950.056 2.3463837536697506e-06
33000.056 2.5729081159003285e-06
33050.056 2.6514194593797356e-06
33100.056 2.7896522805591534e-06
33150.056 2.740360526280257e-06
33200.056 2.534382566040691e-06
33250.056 2.7372991640800395e-06
33300.056 2.9883057348201364e-06
33350.056 2.7591165202202745e-06
33400.056 2.5821877235697377e-06
33450.056 2.8311118580789633e-06
33500.056 2.7739089935802635e-06
33550.056 2.745174372019511e-06
33600.056 2.780871965160662e-06
33650.056 2.8824005162306753e-06
33700.056 3.014976061709508e-06
33750.056 2.998248406580054e-06
33800.056 2.9369559223399757e-06
33850.056 2.7822637707799866e-06
33900.056 3.120117581899539e-06
33950.056 2.741081574329596e-06
34000.056 2.8244174533992538e-06
34050.056 2.87765794803002e-06
34100.056 3.130668880760422e-06
34150.056 3.024251723299754e-06
34200.056 2.840762844819451e-06
34250.056 3.1769839688996275e-06
34300.056 2.945588317519549e-06
34350.056 3.1064824554195848e-06
34400.056 2.7809202127595255e-06
34450.056 2.914119588859899e-06
34500.056 2.9165674273006144e-06
34550.056 2.846973823949861e-06
34600.056 3.0234170799401743e-06
34650.056 3.006304219799938e-06
34700.056 2.867985600719466e-06
34750.056 3.0702508824202765e-06
34800.056 3.269398681599503e-06
34850.056 2.8865545592401436e-06
34900.056 3.1233392492203474e-06
34950.056 3.0124809211392045e-06
35000.056 2.915747340839574e-06
35050.056 3.2189764958004787e-06
35100.056 3.1037458117291318e-06
35150.056 3.069148352379823e-06
35200.056 3.1729537489996605e-06
35250.056 2.754539594440144e-06
35300.056 3.0840432356102604e-06
35350.056 3.25434577439976e-06
35400.056 3.037264270399752e-06
35450.056 2.933564765500435e-06
35500.056 3.1746407304998293e-06
35550.056 2.9732632683999225e-06
35600.056 2.8801520243994925e-06
35650.056 3.296329369100432e-06
35700.056 2.904807102200471e-06
35750.056 3.0585288089397237e-06
35800.056 3.133507264899622e-06
35850.056 3.2299216894995957e-06
35900.056 3.3475503349995357e-06
35950.056 3.196673836799805e-06
36000.056 2.8877820830995908e-06
36050.056 3.3312175082002483e-06
36100.056 3.4195746156997875e-06
36150.056 3.111802152810287e-06
36200.056 3.353069954799528e-06
36250.056 3.0508842673193167e-06
36300.056 3.5689229250008613e-06
36350.056 3.4140485074995323e-06
36400.056 3.2291736806999425e-06
36450.056 3.5180084476996592e-06
36500.056 3.3100080180002847e-06
36550.056 3.145268348800466e-06
36600.056 3.278031550400338e-06
36650.056 3.3883858198004376e-06
36700.056 3.523614496400239e-06
36750.056 3.323438007500392e-06
36800.056 3.382556753999516e-06
36850.056 3.3459026818003215e-06
36900.056 3.5007739797006328e-06
36950.056 3.4687373125999943e-06
37000.056 3.5341884854002294e-06
37050.056 3.5576323168999585e-06
37100.056 3.47258012740034e-06
37150.056 3.434006031299161e-06
37200.056 3.6119623092001076e-06
37250.056 3.637299522300344e-06
37300.056 3.6299179763007392e-06
37350.056 3.4257979518005454e-06
37400.056 3.5929035244995805e-06
37450.056 3.620446935100376e-06
37500.056 3.645406342899808e-06
37550.056 3.554651586899285e-06
37600.056 3.7609745469994305e-06
37650.056 3.47384701659958e-06
37700.056 3.488601555400119e-06
37750.056 3.787270893699417e-06
37800.056 3.8771866393999345e-06
37850.056 3.6659571118998324e-06
37900.056 3.7628495277002277e-06
37950.056 3.807357905300224e-06
38000.056 3.6465876551005646e-06
38050.056 3.731486513100207e-06
38100.056 3.5868190903002085e-06
38150.056 3.892770554599374e-06
38200.056 4.014269799699353e-06
38250.056 3.6411265741006057e-06
38300.056 3.5926742330999287e-06
38350.056 3.777929784799825e-06
38400.056 3.8114471702997936e-06
38450.056 3.833744175200405e-06
38500.056 3.758542360499766e-06
38550.056 3.7512052428002267e-06
38600.056 4.09316149679975e-06
38650.056 3.5934754733001926e-06
38700.056 3.7072261081005967e-06
38750.056 3.848218952800032e-06
38800.056 3.789688978700486e-06
38850.056 3.787666461400357e-06
38900.056 3.6914241313998846e-06
38950.056 3.858909303999541e-06
39000.056 3.769240097000158e-06
39050.056 3.8221128512999356e-06
39100.056 3.623436425399917e-06
39150.056 3.7462301142002127e-06
39200.056 3.897694316100218e-06
39250.056 3.871783202899296e-06
39300.056 3.858464733899179e-06
39350.056 3.818976301000443e-06
39400.056 3.745885401500116e-06
39450.056 3.7545843416996745e-06
39500.056 3.766027189399816e-06
39550.056 3.665170248399223e-06
39600.056 4.016457013300284e-06
39650.056 3.614466586300078e-06
39700.056 3.7943306228998435e-06
39750.056 3.7454176411995446e-06
39800.056 3.576029085300237e-06
39850.056 3.666204464299731e-06
39900.056 3.6221943831998454e-06
39950.056 3.82283185449985e-06
40000.056 3.5200763804997666e-06
40050.056 3.306976312399905e-06
40100.056 3.596544642899736e-06
40150.056 3.334436645099377e-06
40200.056 3.4713160170996086e-06
40250.056 3.5643113717988137e-06
40300.056 3.189497921050163e-06
40350.056 3.4471324133004745e-06
40400.056 3.519572673399721e-06
40450.056 3.264423430400795e-06
40500.056 3.029132881100101e-06
40550.056 3.5611476104998504e-06
40600.056 3.2061895470402817e-06
40650.056 3.2304769806007257e-06
40700.056 3.426524925400395e-06
40750.056 3.023353041999057e-06
40800.056 3.0036076330604777e-06
40850.056 2.848574999620676e-06
40900.056 2.8230591242006436e-06
40950.056 3.083092017699949e-06
41000.056 3.2122107383003533e-06
41050.056 3.0864750518593795e-06
41100.056 2.962996510700564e-06
41150.056 3.1856252859002315e-06
41200.056 2.9260915739999673e-06
41250.056 3.030222400700269e-06
41300.056 2.608621803999647e-06
41350.056 3.1031407770002206e-06
41400.056 2.9808068428000306e-06
41450.056 2.800824863400103e-06
41500.056 3.0505374525000054e-06
41550.056 2.982824730200008e-06
41600.056 3.2028330912998903e-06
41650.056 2.7669263365005825e-06
41700.056 2.6525956994196955e-06
41750.056 2.72415235435986e-06
41800.056 2.6458298838296106e-06
41850.056 2.5346724312203786e-06
41900.056 2.828045559679694e-06
41950.056 2.253256531800538e-06
42000.056 2.629382605580227e-06
42050.056 2.3824932368789878e-06
42100.056 2.6735557746804775e-06
42150.056 2.1113606692290425e-06
42200.056 2.2807927816999734e-06
42250.056 2.3539315526800007e-06
42300.056 1.9393938910899227e-06
42350.056 2.3547293212306844e-06
42400.056 2.040962066900428e-06
42450.056 1.652613884810363e-06
42500.056 1.8469060684103824e-06
42550.056 1.8743013720200888e-06
42600.056 1.845302760110583e-06
42650.056 1.5483813530687917e-06
42700.056 1.9090618611508884e-06
42750.056 1.7103941565201536e-06
42800.056 1.6491758513605614e-06
42850.056 1.6194337197198054e-06
42900.056 1.6645889225800992e-06
42950.056 1.541270834849157e-06
43000.056 1.549431622439938e-06
43050.056 1.580375749040882e-06
43100.056 1.6362584880901792e-06
43150.056 1.622509715150261e-06
43200.056 1.658268531380167e-06
43250.056 1.5763179117301468e-06
43300.056 1.6563982654702357e-06
43350.056 1.4938170254599277e-06
43400.056 1.5921324130699413e-06
43450.056 1.667701333860819e-06
43500.056 1.5365619250197033e-06
43550.056 1.6764380356698605e-06
43600.056 1.6614330355702367e-06
43650.056 1.4735312960003458e-06
43700.056 1.4549773436195342e-06
43750.056 1.5395419158501146e-06
43800.056 1.4268969215702095e-06
43850.056 1.504902335270397e-06
43900.056 1.5674882299399694e-06
43950.056 1.4990391494606138e-06
44000.056 1.4343370145704729e-06
44050.056 1.4994692635601564e-06
44100.056 1.5067932629203826e-06
44150.056 1.583405914629516e-06
44200.056 1.4929549407698009e-06
44250.056 1.4632146857000217e-06
44300.056 1.4527919367201157e-06
44350.056 1.446080442690037e-06
44400.056 1.4649365170600294e-06
44450.056 1.5348394329199896e-06
44500.056 1.6255324839401845e-06
44550.056 1.4429966953195675e-06
44600.056 1.5357270799802041e-06
44650.056 1.571310023930308e-06
44700.056 1.4887834864701832e-06
44750.056 1.5677199194397793e-06
44800.056 1.7361394753598852e-06
44850.056 1.6883850032501188e-06
44900.056 1.6124630608603564e-06
44950.056 1.4743088881298644e-06
45000.056 1.6890663189599093e-06
45050.056 1.6400491333098025e-06
45100.056 1.6964770936997782e-06
45150.056 1.6990335045498304e-06
45200.056 1.5940914527400267e-06
45250.056 1.6186145107996785e-06
45300.056 1.6198796234200504e-06
45350.056 1.7838944159297412e-06
45400.056 1.7687752095603323e-06
45450.056 1.6315846373198282e-06
45500.056 1.621924191209886e-06
45550.056 1.7905084616398067e-06
45600.056 1.7517288434399034e-06
45650.056 1.5528397820594914e-06
45700.056 1.749748452160245e-06
45750.056 1.726528028939822e-06
45800.056 1.7180148544999743e-06
45850.056 1.8807490232200428e-06
45900.056 1.9391817886201725e-06
45950.056 1.703901095319927e-06
46000.056 1.922952106839997e-06
46050.056 1.8831207354603338e-06
46100.056 1.7377642360001086e-06
46150.056 1.79668312814e-06
46200.056 1.9910697364303798e-06
46250.056 1.6755809826198379e-06
46300.056 1.9978918688898184e-06
46350.056 1.6393933318398384e-06
46400.056 1.7726056670697276e-06
46450.056 1.7287352707204688e-06
46500.056 1.6916368631799676e-06
46550.056 1.9007983798498898e-06
46600.056 1.7496005319297795e-06
46650.056 2.129348540960049e-06
46700.056 1.968695690830453e-06
46750.056 1.7202538245398516e-06
46800.056 1.9013593978303342e-06
46850.056 1.9324044051301e-06
46900.056 1.8802747226795665e-06
46950.056 1.955255891380223e-06
47000.056 1.9175367532499756e-06
47050.056 1.908376548059616e-06
47100.056 1.8427413036001516e-06
47150.056 1.8696193947804605e-06
47200.056 1.8583781476605583e-06
47250.056 1.833132206739366e-06
47300.056 1.7998254318994286e-06
47350.056 1.6162302805096085e-06
47400.056 1.9310937286095e-06
47450.056 1.9745059375498334e-06
47500.056 1.8267318645293416e-06
47550.056 1.8236597185994458e-06
47600.056 2.0004398201400145e-06
47650.056 1.5096132350795698e-06
47700.056 1.9797471206801727e-06
47750.056 1.4838806557104342e-06
47800.056 1.9942834143297934e-06
47850.056 1.6400289310292453e-06
47900.056 2.03533526017017e-06
47950.056 1.5292640733604732e-06
48000.056 2.131418877300042e-06
48050.056 1.6254982226304323e-06
48100.056 1.7245021486300395e-06
48150.056 1.645685971300201e-06
48200.056 1.9869896648406637e-06
48250.056 1.7148011012995222e-06
48300.056 2.1050903677296573e-06
48350.056 1.5515365586997887e-06
48400.056 2.021982089179983e-06
48450.056 1.7931368552302174e-06
48500.056 2.0920642580400752e-06
48550.056 1.6452256516700966e-06
48600.056 1.8937694216198086e-06
48650.056 1.5620316566200108e-06
48700.056 1.7809118287500368e-06
48750.056 1.5085271198004085e-06
48800.056 2.1501936503201075e-06
48850.056 1.6749148456797459e-06
48900.056 1.917327049700004e-06
48950.056 1.8827232501803556e-06
49000.056 1.793781150139875e-06
49050.056 1.775849706169834e-06
49100.056 1.7757062245400728e-06
49150.056 1.7951729247902561e-06
49200.056 1.926624225170005e-06
49250.056 1.8020704238402057e-06
49300.056 1.6724708955897618e-06
49350.056 1.5927442105200953e-06
49400.056 1.932486487850384e-06
49450.056 1.6923793479503928e-06
49500.056 1.7935177439902657e-06
49550.056 1.6166231978500557e-06
49600.056 1.7156996040304614e-06
49650.056 1.70420123198034e-06
49700.056 1.5030757934198779e-06
49750.056 2.0385114895194867e-06
49800.056 1.789458801870024e-06
49850.056 1.9603031043200073e-06
49900.056 1.6922466535901482e-06
49950.056 1.8496873094092385e-06
50000.056 1.7101999398396e-06
50050.056 1.7864979589602092e-06
50100.056 1.7895642827097721e-06
50150.056 1.6931532801899506e-06
50200.056 1.5040550306501186e-06
50250.056 1.5857623869800845e-06
50300.056 1.6279278154496478e-06
50350.056 1.726159926490058e-06
50400.056 1.6953865392301751e-06
50450.056 1.6009234894301837e-06
50500.056 2.039214270010384e-06
50550.056 1.7180419041498487e-06
50600.056 1.7575090865202036e-06
50650.056 1.7136129955204859e-06
50700.056 1.795184767629261e-06
50750.056 1.6985514168302118e-06
50800.056 1.5780286393900424e-06
50850.056 1.6678969262002672e-06
50900.056 1.652251455819975e-06
50950.056 1.8587217397802373e-06
51000.056 1.940558907940208e-06
51050.056 1.545173565400368e-06
51100.056 1.575918840709865e-06
51150.056 1.7338456321100694e-06
51200.056 1.7115577418198226e-06
51250.056 1.8110240860599708e-06
51300.056 1.6588266239906122e-06
51350.056 1.7429665444896683e-06
51400.056 1.6508785983694883e-06
51450.056 1.313741852329846e-06
51500.056 1.7503946658397737e-06
51550.056 1.9756480468901797e-06
51600.056 1.467902032199939e-06
51650.056 1.6573190840197045e-06
51700.056 1.4769208133695393e-06
51750.056 1.5433570322601275e-06
51800.056 1.6804476403298548e-06
51850.056 1.7680642825500303e-06
51900.056 1.8030167050603116e-06
51950.056 1.6190203886298056e-06
52000.056 1.5377755099399562e-06
52050.056 1.7263525290398791e-06
52100.056 1.6748999978195248e-06
52150.056 1.6773771860903325e-06
52200.056 1.6188015109901193e-06
52250.056 1.6006985964999868e-06
52300.056 1.604831090979982e-06
52350.056 1.916727890430243e-06
52400.056 1.521668942599896e-06
52450.056 1.6270683771598987e-06
52500.056 1.704654807719431e-06
52550.056 1.5699040890895262e-06
52600.056 1.713968549690222e-06
52650.056 1.919057109950417e-06
52700.056 1.678516232510035e-06
52750.056 1.356087114079813e-06
52800.056 1.5381230570602527e-06
52850.056 1.4777634957198256e-06
52900.056 1.5813956377902942e-06
52950.056 1.5925137665995943e-06
53000.056 1.7206073168998263e-06
53050.056 1.6718054865697697e-06
53100.056 1.4360530660495304e-06
53150.056 1.7661500459204318e-06
53200.056 1.3761816495102762e-06
53250.056 1.9148139652698634e-06
53300.056 1.7550570721807167e-06
