galfind/configs/Brown_Dwarf_templates/sonora_bobcat/m+0.5/17g/sp_t750g17nc_m+0.5_resample.dat
# %ECSV 1.0
# ---
# datatype:
# - {name: wav, unit: Angstrom, datatype: float64}
# - {name: flux_nu, unit: erg / (cm2 Hz s), datatype: float64}
# meta: {C/O: '1.00', Kzz: '1.0000E+05', Teff: '750.', Y: '0.28', '[Fe/H]': '0.50', f_hole: '1.00', f_rain: '0.00', grav: '18.'}
# schema: astropy-2.0
wav flux_nu
4000.0559999999996 nan
4050.0559999999996 1.8363322757584642e-14
4100.056 2.769546863069907e-12
4150.056 1.1767921284400996e-11
4200.056 9.331938164540493e-12
4250.056 2.5401386020904518e-11
4300.056 3.3916425882703026e-11
4350.056 3.943580152400253e-11
4400.056 4.781100897600239e-11
4450.056 5.846679682299913e-11
4500.056 6.11192650850025e-11
4550.056 6.991583561120341e-11
4600.056 7.525469861304341e-11
4650.056 6.353414067699501e-11
4700.056 5.1584991877999833e-11
4750.056 1.8041698459700024e-11
4800.056 2.953509018449944e-12
4850.056 5.48563997599994e-13
4900.056 2.0343852032999852e-13
4950.056 9.155031889999919e-14
5000.056 3.6233919884999625e-14
5050.056 1.7309171552000034e-14
5100.056 1.5503604940000055e-14
5150.056 1.5085627849000127e-14
5200.056 1.4895470439000027e-14
5250.056 1.471381883e-14
5300.056 1.4714741260999997e-14
5350.056 1.499354285100001e-14
5400.056 1.5415259130999953e-14
5450.056 1.601638324800002e-14
5500.056 1.6700620898000193e-14
5550.056 1.7412666116000063e-14
5600.056 1.8036966525999977e-14
5650.056 1.8386328267999983e-14
5700.056 1.8198692844000032e-14
5750.056 1.7385217003999978e-14
5800.056 1.5409941972999985e-14
5850.056 1.102550855179983e-14
5900.056 3.700110159181873e-15
5950.056 2.1108567981800727e-14
6000.056 4.3082261005999244e-14
6050.056 7.653014796800167e-14
6100.056 1.256273106140014e-13
6150.056 1.9567656135000167e-13
6200.056 2.9698296166000213e-13
6250.056 4.3870028142000127e-13
6300.056 6.509943850600037e-13
6350.056 9.549705781300085e-13
6400.056 1.3874033259000111e-12
6450.056 1.9580842347999388e-12
6500.056 2.853264931259972e-12
6550.056 4.1466369398000145e-12
6600.056 6.0170106328001625e-12
6650.056 8.633880405000075e-12
6700.056 1.1183915080817121e-11
6750.056 1.678075726300009e-11
6800.056 2.181333026500013e-11
6850.056 2.535120253600006e-11
6900.056 2.4893876319000726e-11
6950.056 2.2936464376499652e-11
7000.056 2.3906923050800553e-11
7050.056 2.6079091889699428e-11
7100.056 2.8839419502299622e-11
7150.056 2.8516512751672308e-11
7200.056 2.7861324572246404e-11
7250.056 2.7588229047611518e-11
7300.056 2.618871848050829e-11
7350.056 2.4587041146595375e-11
7400.056 2.3229932225901077e-11
7450.056 2.1356294767900763e-11
7500.056 1.9169873425699692e-11
7550.056 1.6508697192999852e-11
7600.056 1.3641220730999916e-11
7650.056 4.037082585467824e-12
7700.056 2.713536322656133e-12
7750.056 1.3882510781500228e-11
7800.056 2.2707768127360058e-11
7850.056 3.982027622099976e-11
7900.056 5.859933272199918e-11
7950.056 7.022485803992068e-11
8000.056 1.1692945394100174e-10
8050.056 1.5717658597100742e-10
8100.056 1.9101032636772923e-10
8150.056 2.4343665945395993e-10
8200.056 3.289642515891494e-10
8250.056 4.0851136824012865e-10
8300.056 5.149547091237433e-10
8350.056 6.144048859784513e-10
8400.056 7.500845390868273e-10
8450.056 9.42751796193923e-10
8500.056 1.0488234709828823e-09
8550.056 1.3812201475200095e-09
8600.056 1.756021622520035e-09
8650.056 2.122412095700105e-09
8700.056 2.458990339500041e-09
8750.056 2.8914787863000644e-09
8800.056 3.287623595600153e-09
8850.056 3.3716343400998917e-09
8900.056 1.99230496951487e-09
8950.056 2.201763311845077e-09
9000.056 2.142192991542796e-09
9050.056 4.125152109311971e-09
9100.056 4.953599365747438e-09
9150.056 5.216311568844832e-09
9200.056 6.666552427128008e-09
9250.056 6.82811743107603e-09
9300.056 3.165253302853608e-09
9350.056 3.5115445701604635e-09
9400.056 4.403520591278762e-09
9450.056 5.735554098285878e-09
9500.056 5.596937015437793e-09
9550.056 6.645857087041774e-09
9600.056 6.376555196113154e-09
9650.056 7.586106072326062e-09
9700.056 8.665603342413389e-09
9750.056 8.735523211219525e-09
9800.056 9.447670387901647e-09
9850.056 1.0816641716603608e-08
9900.056 1.371115865749011e-08
9950.056 1.3678805373149618e-08
10000.056 1.5527539085499566e-08
10050.056 1.808689375591151e-08
10100.056 2.3024561225021875e-08
10150.056 2.789754532789459e-08
10200.056 3.409573119679838e-08
10250.056 3.9355946481001616e-08
10300.056 4.736219115090127e-08
10350.056 5.750715713999677e-08
10400.056 6.866487681899466e-08
10450.056 7.645612257098954e-08
10500.056 8.430493266800889e-08
10550.056 9.331281472161087e-08
10600.056 9.869635496128886e-08
10650.056 1.069799298565015e-07
10700.056 1.0921740142579494e-07
10750.056 1.1643371553881832e-07
10800.056 1.1823483453685378e-07
10850.056 1.083945528033932e-07
10900.056 7.064772851252621e-08
10950.056 3.328151809679434e-08
11000.056 2.9534124529057717e-08
11050.056 2.3752228729159286e-08
11100.056 1.700351059513285e-08
11150.056 9.948740385414214e-09
11200.056 7.347724425307742e-09
11250.056 8.379670893979535e-09
11300.056 1.0553476033717457e-08
11350.056 4.733603222379997e-09
11400.056 7.573052064297476e-09
11450.056 6.974802779360174e-09
11500.056 4.996015871810924e-09
11550.056 1.4712068503315474e-09
11600.056 2.0034413477737934e-09
11650.056 4.371975925525728e-09
11700.056 3.978378106306656e-09
11750.056 7.830928214715237e-10
11800.056 4.561727666731814e-09
11850.056 8.108772384033677e-09
11900.056 9.058535465570573e-09
11950.056 1.4584388242085091e-08
12000.056 2.1851752040608847e-08
12050.056 3.2262757429267544e-08
12100.056 4.369419570660386e-08
12150.056 5.870749374623503e-08
12200.056 7.350056944117972e-08
12250.056 8.87626635027858e-08
12300.056 1.0658062639026375e-07
12350.056 1.1467430274457805e-07
12400.056 1.363079133854826e-07
12450.056 1.4749913030992857e-07
12500.056 1.6293526910129637e-07
12550.056 1.8015901138062948e-07
12600.056 2.0265753723330538e-07
12650.056 1.9857703843624632e-07
12700.056 2.0655971034580782e-07
12750.056 2.0292768218065396e-07
12800.056 2.0300219458021304e-07
12850.056 1.76133670470099e-07
12900.056 1.4703015015434748e-07
12950.056 1.4662696628158897e-07
13000.056 1.1930962734024583e-07
13050.056 1.0177401536431785e-07
13100.056 8.843823720876337e-08
13150.056 6.965978160400943e-08
13200.056 5.659571293872273e-08
13250.056 4.1457359935511895e-08
13300.056 1.7130036150288143e-08
13350.056 5.232039980606827e-09
13400.056 4.5580873998983005e-09
13450.056 2.346675799275111e-09
13500.056 1.59580652491162e-09
13550.056 1.0198990980224058e-09
13600.056 2.8626006771010873e-10
13650.056 8.818748108493106e-10
13700.056 8.039678992316531e-10
13750.056 5.449692679632708e-10
13800.056 4.873546337339215e-10
13850.056 3.983726969325169e-10
13900.056 4.345549302246231e-10
13950.056 3.221879324629148e-10
14000.056 3.550068952112606e-10
14050.056 4.864659528076813e-10
14100.056 6.4311923491566e-10
14150.056 9.800958954029403e-10
14200.056 8.041591791127337e-10
14250.056 1.110483797905391e-09
14300.056 1.727546472914341e-09
14350.056 2.044838780432551e-09
14400.056 2.654575839141773e-09
14450.056 3.056744060599993e-09
14500.056 5.437977810073513e-09
14550.056 6.752218888885661e-09
14600.056 8.640453536640219e-09
14650.056 9.21814980713122e-09
14700.056 8.200097227717894e-09
14750.056 9.616735341692127e-09
14800.056 1.2999870308579084e-08
14850.056 1.4848184103053876e-08
14900.056 1.668712214435998e-08
14950.056 1.8381873046293753e-08
15000.056 2.231776042461626e-08
15050.056 2.4066422646600323e-08
15100.056 2.6460220631939393e-08
15150.056 3.032344481031054e-08
15200.056 3.262898593092242e-08
15250.056 4.023921094580715e-08
15300.056 4.565983341201238e-08
15350.056 5.023020040444731e-08
15400.056 5.800814091774284e-08
15450.056 6.426328534680218e-08
15500.056 6.647106065498688e-08
15550.056 7.41804562759039e-08
15600.056 7.23119063008586e-08
15650.056 8.0270221099966e-08
15700.056 9.549511809041439e-08
15750.056 1.0468910387436181e-07
15800.056 9.933325593253037e-08
15850.056 1.1045663685988319e-07
15900.056 9.921575622829578e-08
15950.056 9.564766926176373e-08
16000.056 7.09766265014127e-08
16050.056 4.279994601963134e-08
16100.056 2.926389837337503e-08
16150.056 1.737233574656861e-08
16200.056 9.997716800384692e-09
16250.056 7.350622529200387e-09
16300.056 4.754077016480929e-09
16350.056 5.18819944819138e-09
16400.056 6.7954769978734134e-09
16450.056 6.828958776855851e-09
16500.056 7.272459422450566e-09
16550.056 7.476680137070437e-09
16600.056 6.357682798455198e-09
16650.056 5.585240591883161e-09
16700.056 1.0378171316315892e-09
16750.056 1.4067631398006595e-09
16800.056 3.257855742851407e-09
16850.056 4.48502217956677e-09
16900.056 2.7480821415637096e-09
16950.056 1.7148130170840905e-09
17000.056 1.0401656053365325e-09
17050.056 2.0413795750326287e-09
17100.056 3.359850776660162e-09
17150.056 1.8979105065767127e-09
17200.056 4.47986993926966e-09
17250.056 4.229494629841622e-09
17300.056 2.409632485044907e-09
17350.056 1.931949924531427e-09
17400.056 2.721938686766001e-09
17450.056 4.036064989230281e-09
17500.056 5.61725300059617e-09
17550.056 5.634158564344172e-09
17600.056 4.5612745248202815e-09
17650.056 4.6138991116766305e-09
17700.056 2.8740573979430983e-09
17750.056 3.3106307651827992e-09
17800.056 6.8155275938637314e-09
17850.056 4.247040645217144e-09
17900.056 3.1075375211517108e-09
17950.056 2.7391452746709866e-09
18000.056 3.7103704383690796e-09
18050.056 4.89882610030675e-09
18100.056 6.18620413264638e-09
18150.056 7.991393636531796e-09
18200.056 5.409640114246248e-09
18250.056 1.0780271376094687e-08
18300.056 7.466425822176058e-09
18350.056 5.618090139865817e-09
18400.056 6.180339825392548e-09
18450.056 8.157643389128148e-09
18500.056 9.103928955763515e-09
18550.056 7.471581741565586e-09
18600.056 7.54429201535831e-09
18650.056 8.220344955260311e-09
18700.056 7.015271344800918e-09
18750.056 1.0388350423257506e-08
18800.056 1.6812520463344736e-08
18850.056 1.9613872636475636e-08
18900.056 1.93716322126936e-08
18950.056 2.6217336865739938e-08
19000.056 2.1272945809323335e-08
19050.056 1.634578415959653e-08
19100.056 2.554308513113482e-08
19150.056 2.1680265089350314e-08
19200.056 2.5291063216440038e-08
19250.056 2.0928445911006285e-08
19300.056 2.010703342694205e-08
19350.056 1.735132785814888e-08
19400.056 1.4491398477669287e-08
19450.056 2.5526886203445172e-08
19500.056 2.375254832291246e-08
19550.056 1.6445420721255795e-08
19600.056 2.6414547535210384e-08
19650.056 2.785228425108056e-08
19700.056 3.0056902841542226e-08
19750.056 3.258229751340027e-08
19800.056 3.317908688593152e-08
19850.056 4.185854019274033e-08
19900.056 3.341458633487132e-08
19950.056 5.276733399654692e-08
20000.056 4.795406203857045e-08
20050.056 5.1580790415509064e-08
20100.056 6.451771023360625e-08
20150.056 5.896052991243203e-08
20200.056 6.47054970698062e-08
20250.056 7.748688321386441e-08
20300.056 7.9074074061851e-08
20350.056 9.000349534125451e-08
20400.056 8.388487710101083e-08
20450.056 1.0151005378261663e-07
20500.056 1.0863674667058046e-07
20550.056 1.0688209605857914e-07
20600.056 1.2009685066385056e-07
20650.056 1.1837853003403756e-07
20700.056 1.2241634035651052e-07
20750.056 1.2930173143279263e-07
20800.056 1.2711911109672067e-07
20850.056 1.2178592409081069e-07
20900.056 1.2186311417291955e-07
20950.056 1.132114901851617e-07
21000.056 1.049032187703834e-07
21050.056 1.03199999453393e-07
21100.056 9.127002934938007e-08
21150.056 9.16711929997524e-08
21200.056 7.912169721738762e-08
21250.056 6.926283407939787e-08
21300.056 5.173918293877613e-08
21350.056 5.317266102048935e-08
21400.056 4.611347548448323e-08
21450.056 3.864110347831963e-08
21500.056 3.329211752989419e-08
21550.056 2.8428730176909858e-08
21600.056 2.109194285929127e-08
21650.056 1.659500220089973e-08
21700.056 1.621005610479631e-08
21750.056 1.3904661346309674e-08
21800.056 1.1415643473246385e-08
21850.056 1.0130077697025576e-08
21900.056 6.480047785891017e-09
21950.056 3.3047435834236118e-09
22000.056 1.1279670686821517e-09
22050.056 6.331548328919461e-10
22100.056 1.2286341282355999e-09
22150.056 2.1964143485516303e-09
22200.056 2.6397071151895297e-09
22250.056 2.0924168861211298e-09
22300.056 1.6389438885789013e-09
22350.056 1.571797441649748e-09
22400.056 1.0173067578392912e-09
22450.056 8.886258456052685e-10
22500.056 7.16577353174811e-10
22550.056 5.800496627803831e-10
22600.056 6.064619614217167e-10
22650.056 6.975186634007059e-10
22700.056 5.79231279126763e-10
22750.056 6.334823361869006e-10
22800.056 5.408551787653302e-10
22850.056 4.72903198729527e-10
22900.056 3.637641630043321e-10
22950.056 3.5055335594766945e-10
23000.056 4.958791199322618e-10
23050.056 6.770425458086169e-10
23100.056 1.395821148602713e-09
23150.056 1.8251238856299597e-09
23200.056 3.518869234898573e-10
23250.056 3.945493704263551e-10
23300.056 4.0129514983029785e-10
23350.056 4.4057519296644594e-10
23400.056 5.110789396910683e-10
23450.056 4.6426228989675904e-10
23500.056 4.951297554846969e-10
23550.056 6.848207140639758e-10
23600.056 7.665254117155818e-10
23650.056 1.2041923960874813e-09
23700.056 6.803494408390659e-10
23750.056 4.863225139555611e-10
23800.056 6.560344705477911e-10
23850.056 7.435251643814248e-10
23900.056 1.1982872153832623e-09
23950.056 1.4141438429803286e-09
24000.056 1.5426132056729495e-09
24050.056 2.2977337343916383e-09
24100.056 2.1324856403987742e-09
24150.056 2.4544342265041314e-09
24200.056 2.3026303588912284e-09
24250.056 1.8257516669628834e-09
24300.056 2.3891325800278726e-09
24350.056 1.9594281484922375e-09
24400.056 2.9734514400556247e-09
24450.056 3.2608510190272993e-09
24500.056 3.3775574872438138e-09
24550.056 4.353298293207315e-09
24600.056 4.528992573380153e-09
24650.056 5.7569528707200155e-09
24700.056 4.557991341040155e-09
24750.056 5.652501362278392e-09
24800.056 6.086925854856004e-09
24850.056 7.511115123032036e-09
24900.056 5.621654999105212e-09
24950.056 9.173699160514932e-09
25000.056 8.802327771735758e-09
25050.056 7.255299440284769e-09
25100.056 9.779961326837938e-09
25150.056 6.60545869182572e-09
25200.056 9.168877035754442e-09
25250.056 6.771208963565052e-09
25300.056 1.0203539266563153e-08
25350.056 6.023074858749667e-09
25400.056 1.0918737613145945e-08
25450.056 5.870158375168069e-09
25500.056 5.889191555489727e-09
25550.056 7.197495531209728e-09
25600.056 4.875220789812365e-09
25650.056 3.984507400322435e-09
25700.056 6.766277195942913e-09
25750.056 2.9576621808142754e-09
25800.056 6.17915701139928e-09
25850.056 3.2116295459214618e-09
25900.056 4.072339697726913e-09
25950.056 2.5050682524909595e-09
26000.056 7.57263945555344e-09
26050.056 3.868891486967214e-09
26100.056 6.093941919165421e-09
26150.056 4.622678242193441e-09
26200.056 6.073015026425686e-09
26250.056 9.649159233219936e-09
26300.056 6.702078973391328e-09
26350.056 1.327960535949246e-08
26400.056 1.4209824993183514e-08
26450.056 1.666680956655264e-08
26500.056 1.8376844321474874e-08
26550.056 9.318689681531356e-09
26600.056 1.3546724259537597e-08
26650.056 5.746494457986611e-09
26700.056 5.449770081160821e-09
26750.056 3.880711012503608e-09
26800.056 7.494800646209652e-09
26850.056 4.1496372100246946e-09
26900.056 1.0743614259547878e-08
26950.056 5.405832459914661e-09
27000.056 1.5628724511313724e-08
27050.056 1.162420436072769e-08
27100.056 7.68058220772313e-09
27150.056 1.881957642709921e-08
27200.056 8.463714577688226e-09
27250.056 1.1625450532252237e-08
27300.056 2.9568641440423102e-08
27350.056 2.0255643715604015e-08
27400.056 5.096822437119228e-09
27450.056 2.7640727520561937e-08
27500.056 2.6471011890431825e-08
27550.056 1.0365880955851667e-08
27600.056 2.107994778520839e-08
27650.056 8.60870626354766e-09
27700.056 6.890321636163013e-09
27750.056 2.195605693069499e-08
27800.056 8.576992467228254e-09
27850.056 1.1928065500013288e-08
27900.056 1.3103082888770907e-08
27950.056 2.5349737717859358e-08
28000.056 2.055687680426243e-08
28050.056 5.891881450331689e-09
28100.056 2.5945573368817573e-08
28150.056 1.586457292544458e-08
28200.056 7.1869040946422496e-09
28250.056 2.6315772125789282e-08
28300.056 3.632621657927294e-08
28350.056 1.1168978907598023e-08
28400.056 1.9911199865931608e-08
28450.056 2.7834670901700204e-08
28500.056 2.176537836701381e-08
28550.056 7.580268597534488e-09
28600.056 3.195167025264257e-08
28650.056 2.7998854745287083e-08
28700.056 2.438858080542605e-08
28750.056 3.702427516121632e-08
28800.056 2.7573384450628322e-08
28850.056 3.478200696497864e-08
