galfind/configs/Brown_Dwarf_templates/sonora_bobcat/m+0.5/17g/sp_t275g17nc_m+0.5_resample.dat
# %ECSV 1.0
# ---
# datatype:
# - {name: wav, unit: Angstrom, datatype: float64}
# - {name: flux_nu, unit: erg / (cm2 Hz s), datatype: float64}
# meta: {C/O: '1.00', Kzz: '1.0000E+05', Teff: '275.', Y: '0.28', '[Fe/H]': '0.50', f_hole: '1.00', f_rain: '0.00', grav: '18.'}
# schema: astropy-2.0
wav flux_nu
[from data line 499]
28950.056 7.14069220567459e-13
29000.056 3.010709648997923e-13
29050.056 5.5981685493963e-13
29100.056 2.0575613333908655e-13
29150.056 1.3612893234497992e-13
29200.056 1.856504901353959e-12
29250.056 8.947889022659445e-13
29300.056 4.09966562029895e-13
29350.056 1.2783303162756692e-12
29400.056 9.815636650270442e-13
29450.056 1.8318505582440202e-13
29500.056 1.7944238215733186e-12
29550.056 4.0879036360039606e-13
29600.056 3.5525287352430395e-13
29650.056 1.9886288523347297e-12
29700.056 2.982813022089046e-13
29750.056 2.1713427435120035e-12
29800.056 7.521803843287429e-13
29850.056 1.8029743834293429e-12
29900.056 6.001060092472203e-13
29950.056 1.005085362879463e-12
30000.056 5.678628701244927e-15
30050.056 1.0130912781473529e-13
30100.056 7.932357912894218e-13
30150.056 2.7115989273169124e-12
30200.056 1.3983423692933771e-12
30250.056 2.321143133039603e-12
30300.056 4.391057471022279e-12
30350.056 5.14539643321528e-13
30400.056 3.4450460461587545e-12
30450.056 4.4451949117524924e-12
30500.056 7.79554588158238e-13
30550.056 8.669460411194815e-13
30600.056 1.6977922662857347e-11
30650.056 7.016257618571675e-12
30700.056 1.2874400710013969e-12
30750.056 5.026667172730618e-12
30800.056 6.8756688794663396e-12
30850.056 7.42243933670764e-12
30900.056 2.421980722411034e-12
30950.056 1.7594283524931888e-12
31000.056 3.4687114402245892e-12
31050.056 8.714275754291514e-13
31100.056 7.490411245114175e-13
31150.056 1.3658432282977756e-12
31200.056 9.747463511671794e-12
31250.056 7.011200173108476e-12
31300.056 1.8233965111727783e-12
31350.056 1.0371864776973576e-11
31400.056 8.75180172277204e-12
31450.056 6.542720642756495e-12
31500.056 1.721112296734707e-12
31550.056 3.5243558340611252e-12
31600.056 2.8865811605701572e-12
31650.056 2.6168360083334207e-12
31700.056 1.526082042085514e-12
31750.056 9.898894638159345e-13
31800.056 1.3530908002142031e-12
31850.056 1.7257141180238523e-13
31900.056 4.2455322608400675e-13
31950.056 3.430465190424444e-13
32000.056 1.1730530251820715e-13
32050.056 2.441924543260194e-13
32100.056 2.319446436756852e-13
32150.056 1.382877681217849e-13
32200.056 4.869368936766284e-14
32250.056 1.2920231731561923e-13
32300.056 2.4039330986800396e-14
32350.056 9.529350787513901e-14
32400.056 4.517041970221666e-15
32450.056 4.8473090742104614e-14
32500.056 3.7832754544197394e-15
32550.056 2.811187066844153e-14
32600.056 1.8430468434890837e-15
32650.056 1.0389025135286375e-13
32700.056 3.623702846124888e-15
32750.056 3.09048568100641e-13
32800.056 8.351975466771873e-14
32850.056 1.2823671533688151e-12
32900.056 8.245772750282023e-13
32950.056 9.868295822934763e-13
33000.056 1.7823566231098307e-13
33050.056 1.2705635165144474e-13
33100.056 1.604213215494983e-14
33150.056 6.067433609530235e-18
33200.056 1.3333099581413561e-15
33250.056 2.7018392639284495e-15
33300.056 5.4863813852320784e-14
33350.056 8.112312504637756e-14
33400.056 6.88680822749486e-13
33450.056 8.733325191563828e-14
33500.056 6.653521052704024e-13
33550.056 7.20922118932878e-14
33600.056 3.083157135942364e-13
33650.056 2.8597765207259974e-13
33700.056 3.5470296900125946e-14
33750.056 4.329514077650508e-13
33800.056 1.2065218915909641e-14
33850.056 1.9726450216369923e-13
33900.056 2.413948068795007e-13
33950.056 2.2939293977023614e-13
34000.056 6.936660867868486e-13
34050.056 9.13247047990735e-14
34100.056 8.010915809230132e-13
34150.056 2.9522842850670937e-13
34200.056 1.3060357863259257e-12
34250.056 3.87543595728304e-13
34300.056 6.834509266365064e-13
34350.056 2.775213085159424e-12
34400.056 4.341138831552721e-13
34450.056 1.879131307765715e-12
34500.056 5.481088895711105e-13
34550.056 1.1473462777959844e-12
34600.056 5.566130423683653e-12
34650.056 2.7297130717921493e-13
34700.056 2.444454373928586e-12
34750.056 1.6250630315163452e-12
34800.056 1.624026438563925e-12
34850.056 6.0313449142325036e-12
34900.056 4.944044403468037e-13
34950.056 6.931776987073335e-12
35000.056 8.353659357879396e-12
35050.056 7.689347862821538e-12
35100.056 1.2490004478842193e-11
35150.056 9.093501404965725e-12
35200.056 9.174750969045063e-12
35250.056 1.662241776812146e-11
35300.056 5.328005035945305e-12
35350.056 3.280238801524209e-12
35400.056 1.7957691659928597e-12
35450.056 2.8003763982322688e-12
35500.056 1.16625844206907e-11
35550.056 5.146545383732428e-12
35600.056 1.1959633713930101e-11
35650.056 2.042065904300323e-11
35700.056 2.3021364288035602e-11
35750.056 1.455394891323896e-11
35800.056 9.83527905398287e-12
35850.056 3.2699298219149082e-12
35900.056 4.065558401130139e-12
35950.056 6.118509443878435e-12
36000.056 1.1599471269673897e-11
36050.056 7.863450713340726e-12
36100.056 6.0845891839237185e-12
36150.056 3.003088155927057e-11
36200.056 2.3261681659490665e-11
36250.056 1.2798577692344004e-11
36300.056 5.3058888413182364e-11
36350.056 2.355898377573926e-11
36400.056 4.254926833382494e-11
36450.056 3.98154107595357e-11
36500.056 3.746528580793588e-11
36550.056 8.572187374862291e-11
36600.056 6.663866230778079e-11
36650.056 3.9646967084993235e-11
36700.056 6.849714920387709e-11
36750.056 8.194257775073461e-11
36800.056 1.0380586581482679e-10
36850.056 2.7278604767720605e-11
36900.056 6.884038242587562e-11
36950.056 1.0770639015169504e-10
37000.056 6.771543657677554e-11
37050.056 1.0816398188612529e-10
37100.056 4.609835458542084e-11
37150.056 5.6016933423552596e-11
37200.056 1.6515019754652433e-10
37250.056 7.661944518268861e-11
37300.056 3.491153740971357e-11
37350.056 8.097550118898079e-11
37400.056 1.16567710206669e-10
37450.056 3.839916101363179e-11
37500.056 8.682160646058582e-11
37550.056 1.5796047002467874e-10
37600.056 3.029035706227174e-10
37650.056 6.155411028257855e-11
37700.056 1.3036520712798065e-10
37750.056 1.0666899302592636e-10
37800.056 8.153560569353154e-11
37850.056 3.331447337758625e-11
37900.056 4.934720891519374e-11
37950.056 1.2094602817280753e-10
38000.056 1.3550286107926493e-10
38050.056 2.7351873721054894e-10
38100.056 2.9100794819746475e-10
38150.056 4.0645498600278936e-10
38200.056 2.7708786187409824e-10
38250.056 4.139926651101964e-10
38300.056 6.124860594490066e-10
38350.056 4.4598668023005937e-10
38400.056 1.0013902113894662e-10
38450.056 2.166606404787729e-11
38500.056 2.0612361061447415e-11
38550.056 1.5929134141369786e-10
38600.056 1.5334796008647347e-10
38650.056 2.018906814569618e-10
38700.056 4.9139143971908644e-11
38750.056 1.4394071515276524e-10
38800.056 1.343717631211074e-10
38850.056 2.0490591446819537e-10
38900.056 2.4666096585191353e-10
38950.056 1.3128079422726585e-10
39000.056 4.200551226674151e-10
39050.056 9.51157616782613e-11
39100.056 2.3907471891289424e-10
39150.056 4.411549650441688e-10
39200.056 2.288640053693405e-10
39250.056 5.674676726120679e-10
39300.056 2.2201460225926712e-10
39350.056 7.210633000545413e-10
39400.056 2.2764762457234853e-10
39450.056 5.265697728892261e-10
39500.056 4.417482767256692e-10
39550.056 1.4870660906423988e-10
39600.056 5.466482039724808e-10
39650.056 4.985383515399818e-10
39700.056 6.224595914363645e-10
39750.056 2.3331305875040356e-10
39800.056 2.387468310197267e-10
39850.056 6.72627911944392e-10
39900.056 1.0142191819624216e-09
39950.056 2.529491590650148e-10
40000.056 6.181048816373784e-10
40050.056 7.302968340696857e-10
40100.056 2.2029937108268514e-10
40150.056 7.22977778828185e-10
40200.056 7.951941579876392e-10
40250.056 9.440597422421386e-10
40300.056 9.469634053419724e-10
40350.056 4.621673803066355e-10
40400.056 6.217218185128601e-10
40450.056 2.3401986209393176e-10
40500.056 1.0862246981279815e-09
40550.056 1.295986359832103e-09
40600.056 7.709423877010859e-10
40650.056 4.884008362997516e-10
40700.056 1.136729827931109e-09
40750.056 7.473550517639808e-10
40800.056 4.530459621639644e-10
40850.056 1.835239193762247e-09
40900.056 1.4938127169874878e-09
40950.056 1.3591916760449107e-09
41000.056 7.844939863348545e-10
41050.056 1.9812999514671075e-09
41100.056 1.466206019387605e-09
41150.056 3.917081424553888e-10
41200.056 2.4360150164024862e-09
41250.056 1.1587667496915972e-09
41300.056 1.2426447899374914e-09
41350.056 2.2993539227696906e-09
41400.056 1.7479618858818755e-09
41450.056 3.0156705454722408e-09
41500.056 1.7986436476043164e-09
41550.056 1.3020416311158034e-09
41600.056 1.3363885458014603e-09
41650.056 2.6105690813128916e-09
41700.056 3.521814562798734e-09
41750.056 2.6122131005791213e-09
41800.056 2.2386759324674043e-09
41850.056 2.3908362051131235e-09
41900.056 1.612829638677687e-09
41950.056 1.5747282516303164e-09
42000.056 4.390077185748172e-10
42050.056 1.025371480771365e-09
42100.056 8.937406052343146e-10
42150.056 1.4383359369463157e-09
42200.056 2.4043751695248643e-09
42250.056 1.4381067358436913e-09
42300.056 1.304029225646844e-09
42350.056 2.817232855002925e-09
42400.056 3.927334214928029e-09
42450.056 4.143882464751283e-09
42500.056 4.0736496841290905e-09
42550.056 3.2947703112489717e-09
42600.056 2.806455642356255e-09
42650.056 5.165204145257009e-09
42700.056 1.871225274474828e-09
42750.056 4.797672375106842e-09
42800.056 8.518273765902062e-09
42850.056 7.0031785360982965e-09
42900.056 6.348042288705873e-09
42950.056 6.284759402178962e-09
43000.056 7.33989780686201e-09
43050.056 3.5201674883600566e-09
43100.056 5.098528375615779e-09
43150.056 4.044250652183718e-09
43200.056 8.745450718401388e-09
43250.056 9.393969596738782e-09
43300.056 9.542810605298987e-09
43350.056 5.5521245538973846e-09
43400.056 8.162296037268046e-09
43450.056 4.4270229847177724e-09
43500.056 3.5158817842484635e-09
43550.056 4.5755199349052516e-09
43600.056 9.2583452911019e-09
43650.056 5.8686725906904166e-09
43700.056 1.0521793180179437e-08
43750.056 1.0423967064596571e-08
43800.056 8.840876046637023e-09
43850.056 7.264884406954355e-09
43900.056 5.3953986007189905e-09
43950.056 2.9785167684499413e-09
44000.056 3.790488061929012e-09
44050.056 1.1844892968799247e-08
44100.056 1.331012147283781e-08
44150.056 1.3261767678719714e-08
44200.056 1.2103002306150131e-08
44250.056 5.230895770110285e-09
44300.056 4.465753536800349e-09
44350.056 4.621378568042619e-09
44400.056 3.666529107109566e-09
44450.056 8.402096858670778e-09
44500.056 8.604710680281293e-09
44550.056 1.2216920910978823e-08
44600.056 1.0214320060238835e-08
44650.056 7.851432564702434e-09
44700.056 5.598989936129559e-09
44750.056 1.1905841947903077e-08
44800.056 5.638097192963171e-09
44850.056 6.912996443858493e-09
44900.056 8.15591715176109e-09
44950.056 1.0688928015592466e-08
45000.056 1.4026188735501217e-08
45050.056 1.030781461779739e-08
45100.056 9.154114150798886e-09
45150.056 7.193604342451588e-09
45200.056 5.95353776850045e-09
45250.056 7.501646242637363e-09
45300.056 7.323878608661281e-09
45350.056 4.355321735130001e-09
45400.056 1.856791156780371e-08
45450.056 1.1658517186011142e-08
45500.056 1.8727064629712106e-08
45550.056 1.789422395129266e-08
45600.056 1.3116393567803794e-08
45650.056 1.0734240819030034e-08
45700.056 6.684126597359328e-09
45750.056 6.6615451003108405e-09
45800.056 1.8699616596860193e-08
45850.056 1.107191872846937e-08
45900.056 1.9320914638996266e-08
45950.056 1.9416613743699937e-08
46000.056 1.6886212096552463e-08
46050.056 1.1731941559413409e-08
46100.056 2.4391037026997053e-08
46150.056 1.2498490157701874e-08
46200.056 9.551475394577824e-09
46250.056 3.150949031880588e-09
46300.056 1.1576864171279624e-08
46350.056 1.1507942738702545e-08
46400.056 1.0556573852429784e-08
46450.056 1.0094051759993928e-08
46500.056 1.2374249980772401e-08
46550.056 4.867519716190373e-09
46600.056 8.160984263970834e-09
46650.056 1.3490897726391226e-08
46700.056 8.761412139717332e-09
46750.056 3.3604078521746675e-09
46800.056 1.8513479592141348e-09
46850.056 1.2685601070602516e-08
46900.056 1.411201491869975e-08
46950.056 1.574118820149906e-08
47000.056 1.5553975664802524e-08
47050.056 8.903069590038377e-09
47100.056 6.574805630441285e-09
47150.056 1.2088995952580707e-08
47200.056 1.2052146022798105e-08
47250.056 6.078185832429361e-09
47300.056 3.749189275124983e-09
47350.056 1.458683898460114e-08
47400.056 1.3004391576398295e-08
47450.056 8.555428530652346e-09
47500.056 1.511974211714935e-08
47550.056 1.4692578056102689e-08
47600.056 1.1464561151794322e-08
47650.056 1.2703206260008123e-08
47700.056 9.203180520977705e-09
47750.056 7.010962358930487e-09
47800.056 4.731877193160988e-09
47850.056 1.7584575489395257e-09
47900.056 3.412416033411685e-09
47950.056 1.03911808350609e-08
48000.056 1.4892736947400268e-08
48050.056 1.125907596432164e-08
48100.056 4.363771694550893e-09
48150.056 9.905228625340412e-09
48200.056 4.589496894673669e-09
48250.056 6.418516167288797e-09
48300.056 1.4513072746399188e-08
48350.056 6.938884025688767e-09
48400.056 1.2137886740896038e-09
48450.056 2.5679907867027116e-09
48500.056 5.106270099178717e-09
48550.056 5.978215563430611e-09
48600.056 1.1645159476598e-08
48650.056 1.5447979653297315e-08
48700.056 9.154840594212438e-09
48750.056 7.987465946992386e-09
48800.056 1.2865353120300329e-08
48850.056 5.574070984166135e-09
48900.056 5.569595945033256e-09
48950.056 2.4295480638299655e-09
49000.056 1.3481680617581666e-09
49050.056 5.823696919519227e-09
49100.056 9.377265603556837e-09
49150.056 6.742781184506102e-09
49200.056 1.3582213530402771e-08
49250.056 1.3425717625199288e-08
49300.056 1.0332768265500136e-08
49350.056 2.9956529680324457e-09
49400.056 4.797294228408112e-09
49450.056 4.175918737731058e-09
49500.056 2.7669928860114096e-09
49550.056 3.771779642830112e-10
49600.056 1.2599893606662886e-09
49650.056 5.265210188541366e-09
49700.056 6.456602886017154e-09
49750.056 4.788155224942444e-09
49800.056 2.700575814206217e-09
49850.056 8.58342156624158e-09
49900.056 7.855074751099056e-09
49950.056 8.058807598660566e-09
50000.056 3.936878323317324e-09
50050.056 5.019884850810218e-09
50100.056 4.131801038409515e-09
50150.056 1.3658301958266551e-09
50200.056 1.565880015890566e-10
50250.056 1.2542313058500082e-09
50300.056 7.69748090105204e-10
50350.056 4.9202104348711e-09
50400.056 5.940087001978552e-09
50450.056 5.397888350221164e-09
50500.056 8.680459434747048e-09
50550.056 7.172818419600971e-09
50600.056 4.661812040483016e-09
50650.056 9.826416224901205e-09
50700.056 7.839015988198115e-09
50750.056 4.127854080780268e-09
50800.056 8.643089782757451e-10
50850.056 3.455193995771675e-10
50900.056 3.4990959972204697e-09
50950.056 3.751040786379441e-09
51000.056 2.595845776764173e-09
51050.056 5.619745467519551e-09
51100.056 1.5848391276942582e-09
51150.056 1.3150684843064732e-09
51200.056 6.503310626700119e-09
51250.056 4.640516010931508e-09
51300.056 2.971376915965111e-09
51350.056 1.9018201826916647e-09
51400.056 3.5510364735706976e-10
51450.056 3.265872902562894e-10
51500.056 3.5350329497695177e-10
51550.056 1.80582629613241e-09
51600.056 2.021732236686794e-09
51650.056 3.5523781856900272e-09
51700.056 3.2292162900859655e-09
51750.056 1.8488874375394228e-09
51800.056 4.3658311016996344e-09
51850.056 3.3684178468696615e-09
51900.056 2.81123126321959e-09
51950.056 1.1880732319098812e-09
52000.056 1.1146630858197314e-10
52050.056 5.380294289000622e-10
52100.056 2.7614692179094405e-10
52150.056 1.4469559365486342e-10
52200.056 7.140569623799974e-10
52250.056 1.306319186840383e-09
52300.056 1.369983230389894e-09
52350.056 3.167415066099465e-10
52400.056 3.8056602559799785e-10
52450.056 2.154890750350164e-09
52500.056 1.327815676944636e-09
52550.056 2.4530468791098743e-09
52600.056 2.2131174280098314e-09
52650.056 2.609498204320014e-09
52700.056 1.5964753771997953e-09
52750.056 3.230187269552855e-10
52800.056 8.131528211791717e-10
52850.056 9.451571499398168e-10
52900.056 2.4060470489045507e-10
52950.056 4.950942231590806e-10
53000.056 1.1846202697502973e-09
53050.056 3.806976567408908e-10
53100.056 1.8241537915396822e-09
53150.056 1.6634481728869664e-09
53200.056 8.642832161518565e-10
53250.056 1.2246942436293791e-09
53300.056 1.7325091268536834e-09
53350.056 1.2329096317819642e-09
53400.056 6.884520369796965e-10
53450.056 1.988458655159357e-10
53500.056 4.508909327773753e-11
53550.056 8.997077446460822e-11
