galfind/configs/Brown_Dwarf_templates/sonora_bobcat/m+0.5/17g/sp_t1100g17nc_m+0.5_resample.dat
# %ECSV 1.0
# ---
# datatype:
# - {name: wav, unit: Angstrom, datatype: float64}
# - {name: flux_nu, unit: erg / (cm2 Hz s), datatype: float64}
# meta: {C/O: '1.00', Kzz: '1.0000E+05', Teff: '1100.', Y: '0.28', '[Fe/H]': '0.50', f_hole: '1.00', f_rain: '0.00', grav: '18.'}
# schema: astropy-2.0
wav flux_nu
4000.0559999999996 nan
4050.0559999999996 6.1750797719125805e-12
4100.056 5.990722553539902e-11
4150.056 8.474180756100944e-11
4200.056 7.28132295402003e-11
4250.056 1.0260744916003465e-10
4300.056 1.1148307242201707e-10
4350.056 1.2105620943800666e-10
4400.056 1.4490381411701744e-10
4450.056 1.471210230780008e-10
4500.056 1.536172176550106e-10
4550.056 1.8696186063528064e-10
4600.056 2.0930769245364504e-10
4650.056 1.992589491459786e-10
4700.056 2.2741890366701624e-10
4750.056 2.0584206612699787e-10
4800.056 1.1382171640799811e-10
4850.056 5.3845763426997906e-11
4900.056 2.505105397899966e-11
4950.056 9.966737529399842e-12
5000.056 2.6704017576999596e-12
5050.056 8.750413868099872e-13
5100.056 6.860379644299948e-13
5150.056 5.917045798199881e-13
5200.056 5.103820365200035e-13
5250.056 4.3199797807999764e-13
5300.056 3.64178988949999e-13
5350.056 3.1363712677999935e-13
5400.056 2.7586449406999956e-13
5450.056 2.4455582339999933e-13
5500.056 2.1763794505999948e-13
5550.056 1.946301019999997e-13
5600.056 1.7397487128999969e-13
5650.056 1.5371534537999985e-13
5700.056 1.3349071108999981e-13
5750.056 1.1135038043499963e-13
5800.056 8.746283667099973e-14
5850.056 5.724860557099939e-14
5900.056 1.792578548959714e-14
5950.056 1.1193521933600202e-13
6000.056 2.5426357413000144e-13
6050.056 5.122517000800051e-13
6100.056 9.60465073400008e-13
6150.056 1.7327861331000134e-12
6200.056 3.0376510520000212e-12
6250.056 5.1984384526000384e-12
6300.056 8.694423038000065e-12
6350.056 1.4257294242000099e-11
6400.056 2.289306407400013e-11
6450.056 3.5822457413000024e-11
6500.056 5.5293967331000387e-11
6550.056 8.39255943860006e-11
6600.056 1.261390894960012e-10
6650.056 1.8712848675000055e-10
6700.056 2.00533281678975e-10
6750.056 3.783504060200015e-10
6800.056 5.102547343900005e-10
6850.056 5.763150385300005e-10
6900.056 5.381690138500065e-10
6950.056 4.745442366099943e-10
7000.056 4.789615229400067e-10
7050.056 5.246177184699936e-10
7100.056 5.839965112100002e-10
7150.056 5.92728389328988e-10
7200.056 5.761013759170094e-10
7250.056 5.481595531399669e-10
7300.056 4.863995075769969e-10
7350.056 4.25982907106988e-10
7400.056 3.7206281001001045e-10
7450.056 3.095213889300059e-10
7500.056 2.445644353999983e-10
7550.056 1.8002613076999862e-10
7600.056 1.208857918359987e-10
7650.056 2.4051350224681604e-11
7700.056 1.3056694699450387e-11
7750.056 9.83135551720024e-11
7800.056 2.0168572024724365e-10
7850.056 4.3917473694000323e-10
7900.056 7.202236273500024e-10
7950.056 8.852300617145915e-10
8000.056 1.6566153925000237e-09
8050.056 2.30470626240007e-09
8100.056 2.922155561340033e-09
8150.056 3.8235427003609384e-09
8200.056 4.9844736361204674e-09
8250.056 6.484613408036601e-09
8300.056 8.24392340547657e-09
8350.056 1.035254325180573e-08
8400.056 1.2808700552479805e-08
8450.056 1.5921348576358807e-08
8500.056 1.7086544031685808e-08
8550.056 2.189235452160053e-08
8600.056 2.6099983408399642e-08
8650.056 2.7184199984297327e-08
8700.056 3.04657041989971e-08
8750.056 3.517625066700268e-08
8800.056 4.1769393442005646e-08
8850.056 4.855616680199568e-08
8900.056 4.9273662988846743e-08
8950.056 4.337607988486433e-08
9000.056 5.8319740503337436e-08
9050.056 7.003733051127704e-08
9100.056 7.809835829902572e-08
9150.056 7.504609913947414e-08
9200.056 8.441166411700733e-08
9250.056 8.096861661000261e-08
9300.056 4.340499098623008e-08
9350.056 4.6229356610749795e-08
9400.056 5.235418386412884e-08
9450.056 6.572588130310507e-08
9500.056 6.700651403522141e-08
9550.056 7.593242312302507e-08
9600.056 6.950387014099786e-08
9650.056 7.670455566491999e-08
9700.056 8.025236555555823e-08
9750.056 7.991825700530929e-08
9800.056 8.546663288220067e-08
9850.056 9.636485182378693e-08
9900.056 1.036323872958216e-07
9950.056 1.0601919025904087e-07
10000.056 1.0379986994905301e-07
10050.056 1.2129865239730704e-07
10100.056 1.4552638680574295e-07
10150.056 1.683981986649427e-07
10200.056 1.9384790175296752e-07
10250.056 2.1062075004796087e-07
10300.056 2.308060173540212e-07
10350.056 2.66355878671983e-07
10400.056 2.985516776199658e-07
10450.056 3.070244916720008e-07
10500.056 2.9105010396001095e-07
10550.056 2.9246116796804856e-07
10600.056 3.0751836360600086e-07
10650.056 3.3667719070599793e-07
10700.056 3.5402527147333e-07
10750.056 3.851477983814118e-07
10800.056 4.129220753350104e-07
10850.056 4.2351079185372035e-07
10900.056 3.3339998042036455e-07
10950.056 2.0361127114696195e-07
11000.056 2.0062255608147145e-07
11050.056 1.8864775396229585e-07
11100.056 1.6797398407104244e-07
11150.056 1.4097621368905822e-07
11200.056 1.3471634307810695e-07
11250.056 1.5226145762175062e-07
11300.056 1.5102268622540768e-07
11350.056 9.441768902322534e-08
11400.056 1.1827525960980401e-07
11450.056 1.1713753884763866e-07
11500.056 1.3571343200870265e-07
11550.056 1.0652360600628243e-07
11600.056 1.206644045010971e-07
11650.056 1.2855489793199392e-07
11700.056 1.164605860552544e-07
11750.056 9.948384941595606e-08
11800.056 1.2696962397206267e-07
11850.056 1.6332912903221617e-07
11900.056 1.685299083886137e-07
11950.056 2.1620316634965296e-07
12000.056 2.349891034405175e-07
12050.056 2.6911867371462594e-07
12100.056 2.874535545505021e-07
12150.056 3.28621516487526e-07
12200.056 3.689767130799595e-07
12250.056 4.0103359683901245e-07
12300.056 4.3886528355501516e-07
12350.056 4.644020940009783e-07
12400.056 4.933655470430043e-07
12450.056 4.940619827590724e-07
12500.056 5.371526990379719e-07
12550.056 5.651251761010581e-07
12600.056 6.343813611130292e-07
12650.056 6.332290360219532e-07
12700.056 6.755964267581248e-07
12750.056 6.822532401345447e-07
12800.056 7.111402346011403e-07
12850.056 6.729063480249454e-07
12900.056 6.250754496740259e-07
12950.056 6.56154570783315e-07
13000.056 5.975057553485515e-07
13050.056 5.830946847473683e-07
13100.056 5.504221019673827e-07
13150.056 5.03639814928673e-07
13200.056 4.5688908913234184e-07
13250.056 3.8996886254765825e-07
13300.056 2.4152008559340423e-07
13350.056 9.970162797232403e-08
13400.056 7.396472974984775e-08
13450.056 5.300990604507113e-08
13500.056 4.711141881296162e-08
13550.056 4.094258242146598e-08
13600.056 3.036641118777952e-08
13650.056 4.349931348406868e-08
13700.056 3.655995296145017e-08
13750.056 3.439803508659516e-08
13800.056 4.134551050564405e-08
13850.056 3.955877338201629e-08
13900.056 4.102556814148563e-08
13950.056 3.941635053574739e-08
14000.056 3.8074907287147433e-08
14050.056 3.827635419205215e-08
14100.056 3.389310287707064e-08
14150.056 3.753643115825492e-08
14200.056 3.386268778132201e-08
14250.056 3.465192815455555e-08
14300.056 4.037976410702774e-08
14350.056 3.8409433918184257e-08
14400.056 4.5950341566065856e-08
14450.056 4.698136975403681e-08
14500.056 6.272753234719235e-08
14550.056 6.841410790490561e-08
14600.056 7.42803700022785e-08
14650.056 7.741283495332702e-08
14700.056 6.855236309187974e-08
14750.056 7.889081656944131e-08
14800.056 9.166449045555554e-08
14850.056 9.878288163646315e-08
14900.056 1.0514385162471276e-07
14950.056 1.063409827043836e-07
15000.056 1.1544756122253578e-07
15050.056 1.3071886734980683e-07
15100.056 1.4135876176102286e-07
15150.056 1.5862477189268227e-07
15200.056 1.606032390848246e-07
15250.056 1.7101181511564553e-07
15300.056 1.8882634356567838e-07
15350.056 1.9921023652245384e-07
15400.056 2.1962570053420894e-07
15450.056 2.3971906967483855e-07
15500.056 2.4618274038792514e-07
15550.056 2.7161311195099856e-07
15600.056 2.6082114443001247e-07
15650.056 2.870552998977317e-07
15700.056 3.349261638652271e-07
15750.056 3.6634888222400127e-07
15800.056 3.576801137932184e-07
15850.056 4.1402207962585054e-07
15900.056 4.165498837311148e-07
15950.056 4.715663499288877e-07
16000.056 4.6925450975400474e-07
16050.056 4.5592545936400306e-07
16100.056 4.7295803943608486e-07
16150.056 4.535828551580648e-07
16200.056 4.4309755578933864e-07
16250.056 4.52155797878229e-07
16300.056 4.3653866225244486e-07
16350.056 4.676729731866199e-07
16400.056 5.200909620061839e-07
16450.056 5.364154415998563e-07
16500.056 5.869739170271703e-07
16550.056 5.790305276864902e-07
16600.056 5.680417635366893e-07
16650.056 5.669889155020109e-07
16700.056 4.6312640092088523e-07
16750.056 5.267651772472505e-07
16800.056 6.555244389145143e-07
16850.056 6.315382902815118e-07
16900.056 6.218558310423171e-07
16950.056 5.674270251564091e-07
17000.056 4.967789190930697e-07
17050.056 5.384642295094421e-07
17100.056 5.08724349702251e-07
17150.056 4.3037590452155565e-07
17200.056 4.229192604338585e-07
17250.056 3.780763053458884e-07
17300.056 3.466568979870062e-07
17350.056 3.059412885389145e-07
17400.056 3.38615296868405e-07
17450.056 3.0245138345540827e-07
17500.056 2.96970536076942e-07
17550.056 2.952452393381004e-07
17600.056 2.762819416383015e-07
17650.056 2.630919232047756e-07
17700.056 2.0046633565041282e-07
17750.056 1.810474706990981e-07
17800.056 2.2219689053831113e-07
17850.056 1.7171703189042357e-07
17900.056 1.6355461743576684e-07
17950.056 1.5618265239483723e-07
18000.056 1.535684968309845e-07
18050.056 1.4795584196015664e-07
18100.056 1.446390833215607e-07
18150.056 1.8413092760222647e-07
18200.056 1.2841062305660333e-07
18250.056 1.8004346227097283e-07
18300.056 1.649710189419372e-07
18350.056 1.3856220023426684e-07
18400.056 1.443628243666313e-07
18450.056 1.3609167832851572e-07
18500.056 1.4378546157516954e-07
18550.056 1.318078296763777e-07
18600.056 1.1236275596470558e-07
18650.056 1.258669713825178e-07
18700.056 1.3268835932781105e-07
18750.056 1.3548398306479375e-07
18800.056 1.5588545080579508e-07
18850.056 1.7774465387079896e-07
18900.056 1.728756913485152e-07
18950.056 1.8803418311339302e-07
19000.056 1.9096713217117757e-07
19050.056 1.7609152535326005e-07
19100.056 2.020480214145002e-07
19150.056 2.047964301320396e-07
19200.056 2.061149189243128e-07
19250.056 1.933729535957815e-07
19300.056 2.0005847581547e-07
19350.056 1.8092291159994023e-07
19400.056 1.5651061341652627e-07
19450.056 2.0294104362426642e-07
19500.056 1.9223457187129063e-07
19550.056 1.5496131891162193e-07
19600.056 1.9680520886849224e-07
19650.056 2.0005269420730996e-07
19700.056 2.0334112374971102e-07
19750.056 1.9507376997448004e-07
19800.056 2.0383106159411442e-07
19850.056 2.248311687199839e-07
19900.056 1.9145866670802396e-07
19950.056 2.4411034646064385e-07
20000.056 2.1579864308236762e-07
20050.056 2.3604875000871765e-07
20100.056 2.641951323394858e-07
20150.056 2.5912992703880143e-07
20200.056 2.773758979020848e-07
20250.056 3.020925891921032e-07
20300.056 3.045365260929358e-07
20350.056 3.328121811045119e-07
20400.056 3.262188131185489e-07
20450.056 3.744645527778865e-07
20500.056 3.755125611926001e-07
20550.056 3.809347018705451e-07
20600.056 4.322175379982147e-07
20650.056 4.274161125602508e-07
20700.056 4.452903496610779e-07
20750.056 4.78841100273876e-07
20800.056 4.987063118861097e-07
20850.056 4.958877682359271e-07
20900.056 5.216608740998689e-07
20950.056 5.379473395439887e-07
21000.056 5.669817071101089e-07
21050.056 5.708762573079799e-07
21100.056 5.78470717463965e-07
21150.056 6.245465581359799e-07
21200.056 6.063839389680351e-07
21250.056 6.416223062489044e-07
21300.056 5.934742751647961e-07
21350.056 6.62751272273987e-07
21400.056 6.132628950522248e-07
21450.056 6.767321864953951e-07
21500.056 6.205224075644562e-07
21550.056 6.191988353099943e-07
21600.056 6.215012950842377e-07
21650.056 5.808220222181322e-07
21700.056 6.362625829479515e-07
21750.056 5.689431837533972e-07
21800.056 5.348722897717961e-07
21850.056 5.108653042510487e-07
21900.056 4.6416741544296144e-07
21950.056 3.6377673213143855e-07
22000.056 2.3732242650859172e-07
22050.056 1.6518837855565973e-07
22100.056 2.2246555709063915e-07
22150.056 2.8238666471534426e-07
22200.056 3.016789957515086e-07
22250.056 2.8726803153560626e-07
22300.056 2.630569842933218e-07
22350.056 2.447036966919743e-07
22400.056 2.1032612592960646e-07
22450.056 1.850319171787415e-07
22500.056 1.817869808014734e-07
22550.056 1.4894033368369148e-07
22600.056 1.629651473478988e-07
22650.056 1.5493232539467655e-07
22700.056 1.3899659708667797e-07
22750.056 1.469159950603544e-07
22800.056 1.197248023758408e-07
22850.056 1.1000347385688913e-07
22900.056 1.0036934483505865e-07
22950.056 7.000363185147564e-08
23000.056 8.912507555910497e-08
23050.056 1.1816451045685837e-07
23100.056 1.5514538952091744e-07
23150.056 1.739626270073245e-07
23200.056 7.706944221493023e-08
23250.056 6.912955071490927e-08
23300.056 5.987729725263677e-08
23350.056 5.756664061388764e-08
23400.056 6.374665013194469e-08
23450.056 6.888580111118864e-08
23500.056 7.599668314352139e-08
23550.056 8.734436999774625e-08
23600.056 9.261553121040741e-08
23650.056 1.16905242351171e-07
23700.056 9.307733226987153e-08
23750.056 7.179132653883075e-08
23800.056 6.119801817821941e-08
23850.056 6.975459619600527e-08
23900.056 1.0334531052350193e-07
23950.056 1.2346808221448437e-07
24000.056 1.2358805977301316e-07
24050.056 1.505202396329983e-07
24100.056 1.3085042093751938e-07
24150.056 1.432099097182293e-07
24200.056 1.4848368324527915e-07
24250.056 1.2745622027771347e-07
24300.056 1.4278871260836173e-07
24350.056 1.195284163575935e-07
24400.056 1.5010543824053243e-07
24450.056 1.38119469779452e-07
24500.056 1.363590614073509e-07
24550.056 1.5137944096487903e-07
24600.056 1.6063630275492705e-07
24650.056 1.8170161406310136e-07
24700.056 1.4625696808742187e-07
24750.056 1.5765972931760423e-07
24800.056 1.528806975690452e-07
24850.056 1.8730948999381357e-07
24900.056 1.429922619360369e-07
24950.056 1.896750034249806e-07
25000.056 1.7503091754432745e-07
25050.056 1.3958874566489328e-07
25100.056 1.716400503630927e-07
25150.056 1.3977766378087432e-07
25200.056 1.607936602763705e-07
25250.056 1.470200939334156e-07
25300.056 1.760089151842128e-07
25350.056 1.3285170485641502e-07
25400.056 1.6944009199695794e-07
25450.056 1.3846083620546505e-07
25500.056 1.4064710383382625e-07
25550.056 1.377407803024812e-07
25600.056 1.2869726780670274e-07
25650.056 1.2015191055357938e-07
25700.056 1.5548688126182306e-07
25750.056 1.0833819933773884e-07
25800.056 1.5160699862331416e-07
25850.056 1.1931855201535528e-07
25900.056 1.347096166881615e-07
25950.056 1.1564402544663377e-07
26000.056 1.6004697536683948e-07
26050.056 1.5672288222154341e-07
26100.056 1.582588897641872e-07
26150.056 1.4954101829607938e-07
26200.056 1.5317247654198049e-07
26250.056 1.6751893437698245e-07
26300.056 1.6302133875603617e-07
26350.056 1.8553224191693262e-07
26400.056 1.9580264181192273e-07
26450.056 2.0626619117005031e-07
26500.056 2.0984263935989336e-07
26550.056 1.7095625140086302e-07
26600.056 2.0307565539491387e-07
26650.056 1.4160846271598807e-07
26700.056 1.3865425054003025e-07
26750.056 1.1955634721992218e-07
26800.056 1.5549514283796172e-07
26850.056 1.1823228768196387e-07
26900.056 1.6675539346201966e-07
26950.056 1.1824061324398409e-07
27000.056 1.671322725920175e-07
27050.056 1.4009216419105696e-07
27100.056 1.4217507023197726e-07
27150.056 1.702891852140328e-07
27200.056 1.5435245736809124e-07
27250.056 1.6119872974411049e-07
27300.056 1.942107835129903e-07
27350.056 1.8598358869996113e-07
27400.056 1.4304461076098645e-07
27450.056 2.270126268408781e-07
27500.056 2.08459279614892e-07
27550.056 1.736753217610017e-07
27600.056 2.2967505360494342e-07
27650.056 1.6340011731393603e-07
27700.056 1.5443960657307912e-07
27750.056 2.1434411021485248e-07
27800.056 1.491616296089127e-07
27850.056 1.7159224745583072e-07
27900.056 1.8428142002104651e-07
27950.056 2.239081955890312e-07
28000.056 2.072183970040966e-07
28050.056 1.4219101483604182e-07
28100.056 2.3353289977009349e-07
28150.056 1.835858979930626e-07
28200.056 1.527983521060583e-07
28250.056 2.1434162974603367e-07
28300.056 2.5680264240796947e-07
28350.056 1.8218290763593435e-07
28400.056 1.9504150385198735e-07
28450.056 2.186844745239009e-07
28500.056 2.1981049582794893e-07
28550.056 1.4812462331993032e-07
28600.056 2.5597730506394766e-07
28650.056 2.396508583648933e-07
28700.056 2.2777964976696289e-07
28750.056 2.6083679317004574e-07
28800.056 2.3622519320908338e-07
