galfind/configs/Brown_Dwarf_templates/sonora_bobcat/m+0.5/17g/sp_t600g17nc_m+0.5_resample.dat
# %ECSV 1.0
# ---
# datatype:
# - {name: wav, unit: Angstrom, datatype: float64}
# - {name: flux_nu, unit: erg / (cm2 Hz s), datatype: float64}
# meta: {C/O: '1.00', Kzz: '1.0000E+05', Teff: '600.', Y: '0.28', '[Fe/H]': '0.50', f_hole: '1.00', f_rain: '0.00', grav: '18.'}
# schema: astropy-2.0
wav flux_nu
[from data line 499]
28950.056 6.965206406564945e-09
29000.056 4.970199550801739e-09
29050.056 6.034843294572655e-09
29100.056 4.387955648224145e-09
29150.056 6.4053588601011156e-09
29200.056 5.700365239729478e-09
29250.056 9.28291913992229e-09
29300.056 4.0255175431270754e-09
29350.056 1.2866144874878602e-08
29400.056 6.0750482572074905e-09
29450.056 6.685323396155002e-09
29500.056 8.411902843003588e-09
29550.056 6.123908791030518e-09
29600.056 8.317119023132082e-09
29650.056 9.937289177193316e-09
29700.056 5.068302401132161e-09
29750.056 9.082926742114085e-09
29800.056 8.714336931842468e-09
29850.056 1.0527584799135548e-08
29900.056 8.830665035888308e-09
29950.056 7.977756163609926e-09
30000.056 1.1546577537045337e-09
30050.056 2.349275987310678e-09
30100.056 3.47158589781068e-09
30150.056 6.754824478890473e-09
30200.056 4.918460597472839e-09
30250.056 1.0653371858241951e-08
30300.056 1.1424169683778887e-08
30350.056 7.879398572954928e-09
30400.056 1.1292663965428322e-08
30450.056 6.979544766205686e-09
30500.056 6.660513585310597e-09
30550.056 6.926190860018673e-09
30600.056 9.078358608664143e-09
30650.056 6.547983299716513e-09
30700.056 5.6109860852798e-09
30750.056 7.659955734102489e-09
30800.056 4.9899012472799476e-09
30850.056 5.939910137127086e-09
30900.056 3.4186980017350626e-09
30950.056 4.463672452782667e-09
31000.056 3.5752854441087127e-09
31050.056 3.404249468113372e-09
31100.056 2.6068809608474037e-09
31150.056 3.89849488730161e-09
31200.056 3.97577977907724e-09
31250.056 2.9164362440465458e-09
31300.056 2.2774360035364717e-09
31350.056 2.896157009926587e-09
31400.056 2.185193675862818e-09
31450.056 2.159502736710019e-09
31500.056 1.563232406490011e-09
31550.056 1.8635725695941704e-09
31600.056 1.1434161606652317e-09
31650.056 1.2629693113606822e-09
31700.056 1.3466205147912068e-09
31750.056 8.459881145865912e-10
31800.056 1.2924213876453034e-09
31850.056 6.922921728677561e-10
31900.056 8.747119569610903e-10
31950.056 5.935610691597262e-10
32000.056 7.439659264337594e-10
32050.056 8.948086225668298e-10
32100.056 8.425302768876426e-10
32150.056 8.954749910013491e-10
32200.056 6.388636998772604e-10
32250.056 1.0619784139659018e-09
32300.056 6.7985108828088e-10
32350.056 1.0265490833224865e-09
32400.056 6.126481955532923e-10
32450.056 9.248230435657021e-10
32500.056 6.485208429809676e-10
32550.056 7.16488610888375e-10
32600.056 9.113373864066925e-10
32650.056 1.840305988994594e-09
32700.056 1.147299241900378e-09
32750.056 2.054904222770516e-09
32800.056 1.6968950963445051e-09
32850.056 2.3823425144837016e-09
32900.056 2.44717234989214e-09
32950.056 2.8258646334645212e-09
33000.056 2.052600352264105e-09
33050.056 2.321991585796561e-09
33100.056 7.138606050547313e-10
33150.056 3.1888470292294695e-11
33200.056 7.560337673484654e-11
33250.056 3.686747813939787e-11
33300.056 6.957582386041419e-11
33350.056 2.0676147061614342e-10
33400.056 4.504266128806468e-10
33450.056 6.750283993370231e-10
33500.056 1.501478354008466e-09
33550.056 7.867584232230193e-10
33600.056 1.8127742238970515e-09
33650.056 1.617543753685672e-09
33700.056 1.3285064038381918e-09
33750.056 2.1979873910072896e-09
33800.056 1.2789225473791882e-09
33850.056 1.8064255655467626e-09
33900.056 1.5289451679941457e-09
33950.056 1.5263767768859212e-09
34000.056 2.2780279009613824e-09
34050.056 7.286593291419551e-10
34100.056 2.1394118491187813e-09
34150.056 1.5311604206572452e-09
34200.056 1.814668456104599e-09
34250.056 1.6014368307266407e-09
34300.056 1.5500045693872493e-09
34350.056 1.389244311269874e-09
34400.056 9.840863578700645e-10
34450.056 1.6313877302915087e-09
34500.056 1.483762202513348e-09
34550.056 1.0174312607595238e-09
34600.056 2.177718425997339e-09
34650.056 1.1639314191601832e-09
34700.056 2.0876901009250335e-09
34750.056 1.706678973525558e-09
34800.056 1.615485399477349e-09
34850.056 2.0031907906105747e-09
34900.056 1.8593038358849002e-09
34950.056 2.4901118267565924e-09
35000.056 4.2520685520348214e-09
35050.056 2.0707012550575724e-09
35100.056 3.4905123677870803e-09
35150.056 2.4800179803256023e-09
35200.056 3.404941306619863e-09
35250.056 4.356177026789934e-09
35300.056 3.0682288622576594e-09
35350.056 3.213146996968649e-09
35400.056 3.6804448245509783e-09
35450.056 2.499324491479135e-09
35500.056 6.189420158260744e-09
35550.056 5.323082375612881e-09
35600.056 4.110709057035892e-09
35650.056 4.665976981309255e-09
35700.056 4.629801524040899e-09
35750.056 6.50238946470227e-09
35800.056 8.435381878017693e-09
35850.056 4.185626376254988e-09
35900.056 5.477907493935042e-09
35950.056 5.123650978546065e-09
36000.056 5.336741142629986e-09
36050.056 4.1351469424155735e-09
36100.056 4.540604038261342e-09
36150.056 5.543634311361931e-09
36200.056 5.902182022822199e-09
36250.056 5.628571270665097e-09
36300.056 7.433052122099745e-09
36350.056 6.074660489981722e-09
36400.056 6.43163818844962e-09
36450.056 8.821353411011548e-09
36500.056 9.904700838323687e-09
36550.056 9.132644230733691e-09
36600.056 1.1706706212717752e-08
36650.056 1.0573289555685282e-08
36700.056 1.2354343850929508e-08
36750.056 1.3904375392720505e-08
36800.056 1.3062394461380772e-08
36850.056 1.088237407964435e-08
36900.056 1.4384474404297804e-08
36950.056 1.4890854429107907e-08
37000.056 1.302168214978733e-08
37050.056 1.3509277569453048e-08
37100.056 1.644839928796626e-08
37150.056 1.1691660495750628e-08
37200.056 1.611992148655363e-08
37250.056 1.5663788051677754e-08
37300.056 1.2928993402331336e-08
37350.056 1.5456379470738565e-08
37400.056 2.37901567933482e-08
37450.056 1.537212299375883e-08
37500.056 1.604534644329932e-08
37550.056 1.9836565922671475e-08
37600.056 2.218659113621885e-08
37650.056 1.3994882670101986e-08
37700.056 2.6153256363962254e-08
37750.056 1.664853664722716e-08
37800.056 1.7639711742585743e-08
37850.056 1.1046394286388229e-08
37900.056 1.4751138081533329e-08
37950.056 2.0932157449744924e-08
38000.056 2.4282233245643744e-08
38050.056 2.3117281517641605e-08
38100.056 2.3323632186915097e-08
38150.056 3.001200543369857e-08
38200.056 3.0698576435063835e-08
38250.056 2.937628262306482e-08
38300.056 4.2116105841691586e-08
38350.056 4.0236835611108075e-08
38400.056 2.0875419139570514e-08
38450.056 2.129038605688546e-08
38500.056 1.4162363154965488e-08
38550.056 2.4413640547549173e-08
38600.056 2.548881871379735e-08
38650.056 2.1821826914655153e-08
38700.056 2.1701657867562013e-08
38750.056 2.771266801011983e-08
38800.056 2.4314154363137065e-08
38850.056 2.610646574121106e-08
38900.056 3.5786798172960776e-08
38950.056 2.8042918089055683e-08
39000.056 3.287874828261766e-08
39050.056 2.7205932270071145e-08
39100.056 3.290398521519958e-08
39150.056 3.228415192128012e-08
39200.056 3.510056523787811e-08
39250.056 4.231937988485035e-08
39300.056 2.9207112735008165e-08
39350.056 4.9338154532501024e-08
39400.056 3.462611008972428e-08
39450.056 4.1260401177402057e-08
39500.056 4.336684413334219e-08
39550.056 4.205616099538612e-08
39600.056 4.438594913961692e-08
39650.056 4.4534426153265705e-08
39700.056 4.7505611745015605e-08
39750.056 3.7614747618204196e-08
39800.056 4.253950101943244e-08
39850.056 5.911745780250003e-08
39900.056 5.897008805170872e-08
39950.056 4.4244277611301224e-08
40000.056 7.187020990294416e-08
40050.056 5.5639316319514136e-08
40100.056 4.233005369159956e-08
40150.056 5.955409980390472e-08
40200.056 6.315754248834795e-08
40250.056 6.352011632376769e-08
40300.056 6.257180822611503e-08
40350.056 6.492153592495443e-08
40400.056 7.445716486025989e-08
40450.056 6.093176817781569e-08
40500.056 7.714029307477254e-08
40550.056 7.550804322689423e-08
40600.056 7.327030736071117e-08
40650.056 5.505360869175743e-08
40700.056 8.382913106498598e-08
40750.056 7.397767531410062e-08
40800.056 5.7855297791834884e-08
40850.056 9.787224543184607e-08
40900.056 8.906703957165569e-08
40950.056 8.348990594571757e-08
41000.056 8.456215642961004e-08
41050.056 1.0548439890146125e-07
41100.056 9.105202151431782e-08
41150.056 6.370028456077434e-08
41200.056 1.1073611282034428e-07
41250.056 8.409031034391295e-08
41300.056 8.343351874519206e-08
41350.056 1.2342519119702364e-07
41400.056 1.0617473779862684e-07
41450.056 1.2242118144819227e-07
41500.056 9.771951091930124e-08
41550.056 9.545440433978331e-08
41600.056 1.1017903173262278e-07
41650.056 1.2442897904568436e-07
41700.056 1.1077889127122534e-07
41750.056 1.1618755996178883e-07
41800.056 1.2988824884679594e-07
41850.056 1.0532990519989708e-07
41900.056 1.0613615933379125e-07
41950.056 9.585963998092674e-08
42000.056 9.810952143794346e-08
42050.056 9.911132266852832e-08
42100.056 1.2630037412500215e-07
42150.056 1.0921220063718957e-07
42200.056 9.529384663951014e-08
42250.056 9.613613351467003e-08
42300.056 9.95155772354552e-08
42350.056 1.2471078478602076e-07
42400.056 1.2085330426505354e-07
42450.056 1.1160947011704203e-07
42500.056 1.0277156354138494e-07
42550.056 1.0224427393498187e-07
42600.056 1.0755070701125846e-07
42650.056 1.3183364306594587e-07
42700.056 1.157487453086469e-07
42750.056 1.1261438704548587e-07
42800.056 1.2826669911023378e-07
42850.056 1.3882225727395068e-07
42900.056 1.433539790600552e-07
42950.056 1.2915279297997004e-07
43000.056 1.3553055905182856e-07
43050.056 9.900280027503829e-08
43100.056 1.2356975089296075e-07
43150.056 1.1795233131841702e-07
43200.056 1.514791137849936e-07
43250.056 1.7193968582100308e-07
43300.056 1.672361189429891e-07
43350.056 1.221063389789883e-07
43400.056 1.4117644635318113e-07
43450.056 1.241171275560272e-07
43500.056 1.106345434871992e-07
43550.056 1.1693896493541864e-07
43600.056 1.7105093475302514e-07
43650.056 1.3627451417850267e-07
43700.056 1.56125497079031e-07
43750.056 1.587032647013356e-07
43800.056 1.4726017445666848e-07
43850.056 1.3225179133100747e-07
43900.056 1.384057212737605e-07
43950.056 9.981986871460966e-08
44000.056 1.0164446332179185e-07
44050.056 1.7542041202701625e-07
44100.056 2.0206997844000962e-07
44150.056 1.7759618985495625e-07
44200.056 1.685657729264915e-07
44250.056 1.2856637998751832e-07
44300.056 1.1139403445922213e-07
44350.056 1.2543580356473197e-07
44400.056 1.2967799908809905e-07
44450.056 1.6292558917585056e-07
44500.056 1.6748995835104622e-07
44550.056 2.0546113095197256e-07
44600.056 1.655237130597218e-07
44650.056 1.7266156186394757e-07
44700.056 1.2706595021901023e-07
44750.056 1.7224315908603296e-07
44800.056 1.4090370745081515e-07
44850.056 1.6015495278052255e-07
44900.056 1.5130826113680693e-07
44950.056 1.7539915459580705e-07
45000.056 1.8498818382398604e-07
45050.056 1.7597528358150626e-07
45100.056 1.6477796706579247e-07
45150.056 1.7283925526023825e-07
45200.056 1.4335400532141247e-07
45250.056 1.5514259320853478e-07
45300.056 1.3452177623004218e-07
45350.056 1.4009931029642786e-07
45400.056 2.2464081977201805e-07
45450.056 1.844467983199895e-07
45500.056 1.9852244012311472e-07
45550.056 2.1589855026092398e-07
45600.056 2.1515427700003666e-07
45650.056 1.6704476509128767e-07
45700.056 1.439050110779108e-07
45750.056 1.4105800958419505e-07
45800.056 2.2355246734598886e-07
45850.056 2.1954428353399643e-07
45900.056 2.3010110770999063e-07
45950.056 1.9770405193398523e-07
46000.056 2.1952724158699958e-07
46050.056 1.867408009709292e-07
46100.056 2.2774242734598423e-07
46150.056 1.79130452229001e-07
46200.056 1.641490967339944e-07
46250.056 1.046994409410844e-07
46300.056 1.917429173478061e-07
46350.056 1.8110162736402435e-07
46400.056 1.672019025830107e-07
46450.056 1.589992069946355e-07
46500.056 1.7981889275404494e-07
46550.056 1.3218060462528555e-07
46600.056 1.674497216165905e-07
46650.056 2.2839700999497658e-07
46700.056 1.7058240071799625e-07
46750.056 1.2170861491699564e-07
46800.056 9.185254223855405e-08
46850.056 2.3893170254906e-07
46900.056 2.0540588918898443e-07
46950.056 2.037767544980024e-07
47000.056 1.965355617660357e-07
47050.056 1.7387723829365196e-07
47100.056 1.2610069841316217e-07
47150.056 1.559586782336119e-07
47200.056 1.8385106367400462e-07
47250.056 1.428953050739977e-07
47300.056 1.0531641160998057e-07
47350.056 2.160250706819701e-07
47400.056 1.9361207598698127e-07
47450.056 1.9653276287483451e-07
47500.056 2.237839920753659e-07
47550.056 1.95830808640009e-07
47600.056 1.8684081075300114e-07
47650.056 1.6952380971841557e-07
47700.056 1.7232859330277543e-07
47750.056 1.273600765348063e-07
47800.056 1.3230330438641162e-07
47850.056 9.229928701170893e-08
47900.056 1.2209798878357366e-07
47950.056 1.5869554075643365e-07
48000.056 2.289769093800495e-07
48050.056 2.0782948720000935e-07
48100.056 1.2020041818621478e-07
48150.056 1.7387837987601142e-07
48200.056 1.4405094833300224e-07
48250.056 1.500979574850089e-07
48300.056 1.9804098050393132e-07
48350.056 1.303072361930174e-07
48400.056 7.39456217966415e-08
48450.056 1.360325766627548e-07
48500.056 1.801425773589656e-07
48550.056 1.5230522950640203e-07
48600.056 1.71100022483e-07
48650.056 1.7841653312196883e-07
48700.056 1.4934117025049358e-07
48750.056 1.0905162182727161e-07
48800.056 2.1188903843898687e-07
48850.056 1.2577213952348356e-07
48900.056 1.8505911301919702e-07
48950.056 1.2873969306202512e-07
49000.056 6.888031724202327e-08
49050.056 1.4674069151899487e-07
49100.056 1.7733056905224085e-07
49150.056 1.400053540405932e-07
49200.056 2.0591565141203566e-07
49250.056 1.8893506362503427e-07
49300.056 1.6757989562020484e-07
49350.056 9.172289298011924e-08
49400.056 1.2061127024997977e-07
49450.056 1.3156171897259444e-07
49500.056 1.0428395736818754e-07
49550.056 4.5619831053308234e-08
49600.056 8.93600141400264e-08
49650.056 1.3318595484499541e-07
49700.056 1.2487004363744823e-07
49750.056 1.3737092156297118e-07
49800.056 1.1185233804458053e-07
49850.056 1.8040939575246194e-07
49900.056 1.4216848815377343e-07
49950.056 1.4422726047700939e-07
50000.056 1.249371620323716e-07
50050.056 1.4927884440901004e-07
50100.056 1.1882705966610639e-07
50150.056 7.705680438098347e-08
50200.056 2.761124911948613e-08
50250.056 1.0210555738298199e-07
50300.056 7.248407940761352e-08
50350.056 1.5097617633402195e-07
50400.056 1.338966474197905e-07
50450.056 1.0545455034981668e-07
50500.056 1.3047010184602394e-07
50550.056 1.2263056059501312e-07
50600.056 1.0311508485796789e-07
50650.056 1.4968603843703757e-07
50700.056 1.5338686817292786e-07
50750.056 1.1495466572421729e-07
50800.056 6.030040677949776e-08
50850.056 4.90488650225226e-08
50900.056 1.3960010263900373e-07
50950.056 1.0312767607301743e-07
51000.056 1.0666840158170823e-07
51050.056 1.1601051410899766e-07
51100.056 6.032301524016565e-08
51150.056 8.266816405806878e-08
51200.056 1.5802413244798994e-07
51250.056 1.0084085893027058e-07
51300.056 8.752140791144927e-08
51350.056 8.506054421659368e-08
51400.056 4.2949582994699017e-08
51450.056 3.5592513618237675e-08
51500.056 3.792477108391818e-08
51550.056 1.0762940494188453e-07
51600.056 7.570214780632257e-08
51650.056 8.085108613097121e-08
51700.056 8.672621953431558e-08
51750.056 6.249277286821749e-08
51800.056 9.364303772398766e-08
51850.056 8.657664102799792e-08
51900.056 1.186414719277951e-07
51950.056 8.656688787299518e-08
52000.056 2.2517884723292653e-08
52050.056 5.908520331631239e-08
52100.056 4.1367186814995477e-08
52150.056 3.3345580568384695e-08
52200.056 4.585451241840074e-08
52250.056 6.239825577832333e-08
52300.056 8.889546353049839e-08
52350.056 5.416810539988243e-08
52400.056 4.2096382228004194e-08
52450.056 9.849488837960433e-08
52500.056 8.057657820387879e-08
52550.056 8.594978795518233e-08
52600.056 7.14222204716081e-08
52650.056 7.877868859790965e-08
52700.056 6.6009967631798e-08
52750.056 3.902284067623706e-08
52800.056 5.418398756261254e-08
52850.056 5.787038451017778e-08
52900.056 4.1657130907788723e-08
52950.056 5.208756908748111e-08
53000.056 7.454871487162026e-08
53050.056 3.4550234680611166e-08
53100.056 6.172559004046929e-08
53150.056 7.773965227500844e-08
53200.056 3.92829160968803e-08
53250.056 7.729407698840393e-08
53300.056 9.035911182124029e-08
53350.056 7.896962415619826e-08
53400.056 6.035691524618623e-08
53450.056 2.8750669799292815e-08
53500.056 1.1925900362637923e-08
