galfind/configs/Brown_Dwarf_templates/sonora_bobcat/m+0.5/17g/sp_t1800g17nc_m+0.5_resample.dat
# %ECSV 1.0
# ---
# datatype:
# - {name: wav, unit: Angstrom, datatype: float64}
# - {name: flux_nu, unit: erg / (cm2 Hz s), datatype: float64}
# meta: {C/O: '1.00', Kzz: '1.0000E+05', Teff: '1800.', Y: '0.28', '[Fe/H]': '0.50', f_hole: '1.00', f_rain: '0.00', grav: '18.'}
# schema: astropy-2.0
wav flux_nu
[from data line 496]
28800.056 1.2419713665203379e-06
28850.056 1.3462284569701788e-06
28900.056 1.1490474793600736e-06
28950.056 1.486088439769723e-06
29000.056 1.1862900102294552e-06
29050.056 1.1976217245195975e-06
29100.056 1.0455952651799598e-06
29150.056 1.2838838133503031e-06
29200.056 1.201187549020458e-06
29250.056 1.3705356094200974e-06
29300.056 1.164707098139175e-06
29350.056 1.484119644049599e-06
29400.056 1.214369094989782e-06
29450.056 1.24624565538993e-06
29500.056 1.3386443377398703e-06
29550.056 1.2687107695501153e-06
29600.056 1.323377192329926e-06
29650.056 1.3565597234800082e-06
29700.056 1.1326807915298177e-06
29750.056 1.5048134398709819e-06
29800.056 1.4242260088599895e-06
29850.056 1.4282520419998192e-06
29900.056 1.2776637655503078e-06
29950.056 1.4887552061397996e-06
30000.056 1.500932237139518e-06
30050.056 1.4066544660098309e-06
30100.056 1.0965531902596821e-06
30150.056 1.755561046349789e-06
30200.056 1.5407671320102164e-06
30250.056 1.4911969451605914e-06
30300.056 1.5815068533698597e-06
30350.056 1.3616259713202448e-06
30400.056 1.694215274170382e-06
30450.056 1.3884212301901306e-06
30500.056 1.29497668062028e-06
30550.056 1.818814292800508e-06
30600.056 1.7516995786902637e-06
30650.056 1.7270854105600418e-06
30700.056 1.6431844997800115e-06
30750.056 1.5320994826700907e-06
30800.056 1.85503811215053e-06
30850.056 1.600022973529907e-06
30900.056 1.6349255298598646e-06
30950.056 1.5696426889402166e-06
31000.056 1.8036041194899175e-06
31050.056 1.4551088064899764e-06
31100.056 1.7583396907299285e-06
31150.056 1.833467552789774e-06
31200.056 1.8353424766597245e-06
31250.056 1.9545568504904294e-06
31300.056 1.7362139520697686e-06
31350.056 1.797856278889995e-06
31400.056 1.786862019030426e-06
31450.056 1.8243731295001453e-06
31500.056 1.8694273748604898e-06
31550.056 1.715544034240034e-06
31600.056 1.8467340078898907e-06
31650.056 1.92251453077005e-06
31700.056 1.993214597389915e-06
31750.056 1.6671285766802363e-06
31800.056 2.008920091760242e-06
31850.056 2.186640718670056e-06
31900.056 2.1377849657298854e-06
31950.056 1.6093306978797484e-06
32000.056 1.8459994864105734e-06
32050.056 2.17002186972016e-06
32100.056 2.139062447449587e-06
32150.056 2.1418801387101926e-06
32200.056 2.072060721639922e-06
32250.056 1.9192451498602064e-06
32300.056 2.1653132225401963e-06
32350.056 2.223206995450272e-06
32400.056 2.0520024262200063e-06
32450.056 1.9557309815002337e-06
32500.056 2.1365663616202706e-06
32550.056 2.375867804760122e-06
32600.056 2.382263104339862e-06
32650.056 2.2828575213608807e-06
32700.056 2.1587777026401415e-06
32750.056 2.2969380091400214e-06
32800.056 2.09771549001029e-06
32850.056 2.496397447179779e-06
32900.056 2.3725848825099456e-06
32950.056 2.0128423391797433e-06
33000.056 2.211134741190336e-06
33050.056 2.2932260528297835e-06
33100.056 2.428248301249229e-06
33150.056 2.367374767570222e-06
33200.056 2.1743714885806557e-06
33250.056 2.372885736020008e-06
33300.056 2.5892290960800766e-06
33350.056 2.3876883129102237e-06
33400.056 2.227146313169758e-06
33450.056 2.437305472019076e-06
33500.056 2.412741023240264e-06
33550.056 2.359761851729612e-06
33600.056 2.407913698870657e-06
33650.056 2.508904900780639e-06
33700.056 2.629924496639547e-06
33750.056 2.617753608360019e-06
33800.056 2.5444180490600037e-06
33850.056 2.410874955810011e-06
33900.056 2.7279792757795535e-06
33950.056 2.3794199111996075e-06
34000.056 2.45068456195933e-06
34050.056 2.497989727229999e-06
34100.056 2.727833359500399e-06
34150.056 2.6377875179797917e-06
34200.056 2.4676645068194704e-06
34250.056 2.78352022474971e-06
34300.056 2.57048157683959e-06
34350.056 2.708715665629671e-06
34400.056 2.4006450649095464e-06
34450.056 2.532707030459888e-06
34500.056 2.5333434311605327e-06
34550.056 2.4581582333398745e-06
34600.056 2.6358374277601826e-06
34650.056 2.6214217217599545e-06
34700.056 2.505925191379461e-06
34750.056 2.6764365402002643e-06
34800.056 2.8747933447195214e-06
34850.056 2.503882914020136e-06
34900.056 2.7135081853803143e-06
34950.056 2.6153012034792788e-06
35000.056 2.521995481629618e-06
35050.056 2.825053526440464e-06
35100.056 2.6765207088591606e-06
35150.056 2.688034523769905e-06
35200.056 2.765639962079718e-06
35250.056 2.388988330900078e-06
35300.056 2.6872659213302078e-06
35350.056 2.8429266749997804e-06
35400.056 2.6169382661097327e-06
35450.056 2.54693650740046e-06
35500.056 2.7768790284998136e-06
35550.056 2.5673178112999067e-06
35600.056 2.4596466894496085e-06
35650.056 2.884025726680396e-06
35700.056 2.4984543504304965e-06
35750.056 2.673323863049722e-06
35800.056 2.718536510599622e-06
35850.056 2.7951802850596086e-06
35900.056 2.946154354599549e-06
35950.056 2.773413854999946e-06
36000.056 2.4906078616595904e-06
36050.056 2.9183971268002562e-06
36100.056 2.987761197799734e-06
36150.056 2.7157840436902723e-06
36200.056 2.936120343359548e-06
36250.056 2.6454487141793745e-06
36300.056 3.137147287570846e-06
36350.056 2.974976326999688e-06
36400.056 2.8058671828999783e-06
36450.056 3.086687438399679e-06
36500.056 2.9058477169002597e-06
36550.056 2.74392903464044e-06
36600.056 2.8736486613202895e-06
36650.056 2.978706572800387e-06
36700.056 3.0805917275002318e-06
36750.056 2.9235234393003257e-06
36800.056 2.9665128326995915e-06
36850.056 2.9128663758004184e-06
36900.056 3.0822690611005915e-06
36950.056 3.0427035070799568e-06
37000.056 3.1219476600001717e-06
37050.056 3.1053525011999315e-06
37100.056 3.065332810620378e-06
37150.056 3.0421848519992194e-06
37200.056 3.1787530396000974e-06
37250.056 3.2212013308003188e-06
37300.056 3.225256178500669e-06
37350.056 3.013892935100501e-06
37400.056 3.157855744599566e-06
37450.056 3.2007661719803645e-06
37500.056 3.2023968089998016e-06
37550.056 3.1297160618993466e-06
37600.056 3.3231992519994605e-06
37650.056 3.0862286754996094e-06
37700.056 3.0851682493000733e-06
37750.056 3.3578688577995094e-06
37800.056 3.4384492317999294e-06
37850.056 3.2293684567998683e-06
37900.056 3.3293554096001713e-06
37950.056 3.379252050000168e-06
38000.056 3.21547719360049e-06
38050.056 3.3145798295001573e-06
38100.056 3.1725142263002133e-06
38150.056 3.4780253109994236e-06
38200.056 3.5998925674994046e-06
38250.056 3.2105400360005717e-06
38300.056 3.167376191499933e-06
38350.056 3.3454093544997613e-06
38400.056 3.3850830176597782e-06
38450.056 3.432068687500355e-06
38500.056 3.3488965422997694e-06
38550.056 3.3331767880001484e-06
38600.056 3.661230118299754e-06
38650.056 3.198557541500179e-06
38700.056 3.312765140500585e-06
38750.056 3.4057078113000347e-06
38800.056 3.380797254300391e-06
38850.056 3.352473934500387e-06
38900.056 3.2886959779998602e-06
38950.056 3.4538910968995714e-06
39000.056 3.343983627800142e-06
39050.056 3.409495939599934e-06
39100.056 3.228146030199942e-06
39150.056 3.339021061800167e-06
39200.056 3.498160283400222e-06
39250.056 3.473082093099304e-06
39300.056 3.449531405799194e-06
39350.056 3.4146916942903907e-06
39400.056 3.3554320044000767e-06
39450.056 3.353745507399681e-06
39500.056 3.373857158999798e-06
39550.056 3.267488863339355e-06
39600.056 3.6116107005002154e-06
39650.056 3.210668314900036e-06
39700.056 3.384537006399802e-06
39750.056 3.3335716522995683e-06
39800.056 3.1807439558001825e-06
39850.056 3.258794061299722e-06
39900.056 3.239717910699937e-06
39950.056 3.434787966399868e-06
40000.056 3.1079664130997904e-06
40050.056 2.956006930799917e-06
40100.056 3.2194306013997678e-06
40150.056 2.97236761449946e-06
40200.056 3.079301268899619e-06
40250.056 3.1875545882489055e-06
40300.056 2.8351387292001322e-06
40350.056 3.0989755197004998e-06
40400.056 3.1490981160996987e-06
40450.056 2.9450085150007033e-06
40500.056 2.7003696354001914e-06
40550.056 3.2012108349998564e-06
40600.056 2.849930113570295e-06
40650.056 2.8508655209005556e-06
40700.056 3.0517618425003818e-06
40750.056 2.6839987704990693e-06
40800.056 2.6748397839704374e-06
40850.056 2.5345413961606104e-06
40900.056 2.526852624180585e-06
40950.056 2.7547068239999355e-06
41000.056 2.8538953237002934e-06
41050.056 2.7369708057694156e-06
41100.056 2.643705253420475e-06
41150.056 2.821458333800226e-06
41200.056 2.5922093665499423e-06
41250.056 2.6916681197602727e-06
41300.056 2.295320680049639e-06
41350.056 2.7515980721002017e-06
41400.056 2.634775343600105e-06
41450.056 2.4854647688201967e-06
41500.056 2.7107748824400134e-06
41550.056 2.60803176484999e-06
41600.056 2.829766953899907e-06
41650.056 2.4386631633605755e-06
41700.056 2.310990987459693e-06
41750.056 2.373338455979819e-06
41800.056 2.3238299481095983e-06
41850.056 2.218561002710397e-06
41900.056 2.460228757089793e-06
41950.056 1.8901968157005347e-06
42000.056 2.276473197140242e-06
42050.056 2.0268162826591066e-06
42100.056 2.323675418920469e-06
42150.056 1.7614232216991205e-06
42200.056 1.9276048189299523e-06
42250.056 1.982680793550037e-06
42300.056 1.597006253669942e-06
42350.056 1.973328541250628e-06
42400.056 1.6770352603903736e-06
42450.056 1.3259171309603935e-06
42500.056 1.5064769553303787e-06
42550.056 1.5027929837501653e-06
42600.056 1.4994770580905711e-06
42650.056 1.2254754454988153e-06
42700.056 1.5265959046107208e-06
42750.056 1.3568624278101515e-06
42800.056 1.2895918164905133e-06
42850.056 1.2482255263397939e-06
42900.056 1.2947889647300535e-06
42950.056 1.1823462299893107e-06
43000.056 1.1790083721100297e-06
43050.056 1.1906253150906695e-06
43100.056 1.2698687739902307e-06
43150.056 1.220953413400241e-06
43200.056 1.2664975701201916e-06
43250.056 1.2047273029500398e-06
43300.056 1.2451955547201926e-06
43350.056 1.1351678564299338e-06
43400.056 1.2199386946199425e-06
43450.056 1.2905080803707142e-06
43500.056 1.1677965911697948e-06
43550.056 1.2800306625098862e-06
43600.056 1.264956902040235e-06
43650.056 1.1001533858302234e-06
43700.056 1.1192426730996165e-06
43750.056 1.1708953986301124e-06
43800.056 1.062210935920201e-06
43850.056 1.1351285645603195e-06
43900.056 1.197700719410002e-06
43950.056 1.1432149991205616e-06
44000.056 1.090193013340354e-06
44050.056 1.153865996690175e-06
44100.056 1.146718704370298e-06
44150.056 1.1942535765396156e-06
44200.056 1.1088079144298252e-06
44250.056 1.1289377799000356e-06
44300.056 1.1148882859400523e-06
44350.056 1.0783633665900254e-06
44400.056 1.1297847995099862e-06
44450.056 1.169780265169971e-06
44500.056 1.246638903030108e-06
44550.056 1.0936896150196596e-06
44600.056 1.1964719678501601e-06
44650.056 1.2085150927602704e-06
44700.056 1.1487211481001315e-06
44750.056 1.2095683701898022e-06
44800.056 1.3604253138599127e-06
44850.056 1.2993985731801305e-06
44900.056 1.2460468159702783e-06
44950.056 1.1292255778298598e-06
45000.056 1.3242979778798834e-06
45050.056 1.267633409879837e-06
45100.056 1.3371732578998304e-06
45150.056 1.3236508189498175e-06
45200.056 1.2417111520000577e-06
45250.056 1.25530855853975e-06
45300.056 1.2998490842200716e-06
45350.056 1.415343293859856e-06
45400.056 1.3916000527902774e-06
45450.056 1.2674662005298574e-06
45500.056 1.2765160333399023e-06
45550.056 1.4242912633498824e-06
45600.056 1.3801728140099092e-06
45650.056 1.2141312854696283e-06
45700.056 1.4248976265001818e-06
45750.056 1.3615746432498714e-06
45800.056 1.3422590872499715e-06
45850.056 1.5165767989100091e-06
45900.056 1.5742288847201693e-06
45950.056 1.35921059938995e-06
46000.056 1.5784492768699926e-06
46050.056 1.5359587320602543e-06
46100.056 1.3729322783201128e-06
46150.056 1.4426039246699904e-06
46200.056 1.6147506387603216e-06
46250.056 1.3203276012898728e-06
46300.056 1.6485345269398416e-06
46350.056 1.3285427133898585e-06
46400.056 1.4184528582097812e-06
46450.056 1.4108362017303815e-06
46500.056 1.3503183169799317e-06
46550.056 1.5767009485099368e-06
46600.056 1.449353973669881e-06
46650.056 1.8017710236899944e-06
46700.056 1.663413297710409e-06
46750.056 1.3976556565098436e-06
46800.056 1.5711408699703017e-06
46850.056 1.6135193618001102e-06
46900.056 1.5532200235096287e-06
46950.056 1.654732608450197e-06
47000.056 1.5549303222799505e-06
47050.056 1.6205581496896245e-06
47100.056 1.473205846810151e-06
47150.056 1.5473056504203837e-06
47200.056 1.5530203901104978e-06
47250.056 1.4852770001195386e-06
47300.056 1.506003539979521e-06
47350.056 1.294378209689644e-06
47400.056 1.614568263339557e-06
47450.056 1.5825325492398796e-06
47500.056 1.5264599183694673e-06
47550.056 1.4767832197995887e-06
47600.056 1.66143694700999e-06
47650.056 1.1942675641496098e-06
47700.056 1.6555518514501337e-06
47750.056 1.1649475432403533e-06
47800.056 1.6524656739398141e-06
47850.056 1.3039597250294543e-06
47900.056 1.688416378960141e-06
47950.056 1.2107255972203784e-06
48000.056 1.8081626134000265e-06
48050.056 1.3067452266103335e-06
48100.056 1.4299871288600107e-06
48150.056 1.34055744328018e-06
48200.056 1.6454717570104965e-06
48250.056 1.3762656561296183e-06
48300.056 1.7823949616696665e-06
48350.056 1.2383547364498573e-06
48400.056 1.6760179312999842e-06
48450.056 1.4268957546201851e-06
48500.056 1.7802558724000555e-06
48550.056 1.3045916574500992e-06
48600.056 1.5907901613498287e-06
48650.056 1.2687925435299807e-06
48700.056 1.4946349627600567e-06
48750.056 1.1969942199303122e-06
48800.056 1.8312006478901192e-06
48850.056 1.3411392172397876e-06
48900.056 1.5890276025300464e-06
48950.056 1.546394437890226e-06
49000.056 1.487802180959858e-06
49050.056 1.4893700019098703e-06
49100.056 1.4505442886901333e-06
49150.056 1.4974493441802036e-06
49200.056 1.5669500859599933e-06
49250.056 1.4831445447601336e-06
49300.056 1.3461465413898148e-06
49350.056 1.3294868362800628e-06
49400.056 1.6277642708303014e-06
49450.056 1.381012749130351e-06
49500.056 1.491561250160205e-06
49550.056 1.308962558950053e-06
49600.056 1.422149527330421e-06
49650.056 1.4330260475402338e-06
49700.056 1.2398442396899086e-06
49750.056 1.7594001872995676e-06
49800.056 1.4703577065900457e-06
49850.056 1.685410347580002e-06
49900.056 1.4059216406901522e-06
49950.056 1.5512273740693644e-06
50000.056 1.4463622605396508e-06
50050.056 1.4937381339601973e-06
50100.056 1.5196408895198269e-06
50150.056 1.3971250163900058e-06
50200.056 1.2437763369401303e-06
50250.056 1.3529363792000748e-06
50300.056 1.3531605829397407e-06
50350.056 1.4736097097700765e-06
50400.056 1.4132424129901309e-06
50450.056 1.3495922218801782e-06
50500.056 1.757382322960358e-06
50550.056 1.4431122685098637e-06
50600.056 1.506870031660173e-06
50650.056 1.4513938320804252e-06
50700.056 1.5400214898393398e-06
50750.056 1.4801086441102016e-06
50800.056 1.2968928828700037e-06
50850.056 1.4195388139702633e-06
50900.056 1.4290630894799672e-06
50950.056 1.583273144390196e-06
51000.056 1.6906326236001773e-06
51050.056 1.3041621081803123e-06
51100.056 1.331470480549864e-06
51150.056 1.484784492180009e-06
51200.056 1.4462302569498597e-06
51250.056 1.5604651491599357e-06
51300.056 1.3960644966305502e-06
51350.056 1.484430695079635e-06
51400.056 1.4019891493795394e-06
51450.056 1.085158744979839e-06
51500.056 1.486370663329802e-06
51550.056 1.734001287820156e-06
51600.056 1.231026402999984e-06
51650.056 1.4115058514997307e-06
51700.056 1.2674861430095867e-06
51750.056 1.3017609275201153e-06
51800.056 1.4539528854498652e-06
51850.056 1.5272637939599946e-06
51900.056 1.5535163200603288e-06
51950.056 1.407074339919837e-06
52000.056 1.3086021007699566e-06
52050.056 1.4721794812898994e-06
52100.056 1.4232925724595899e-06
52150.056 1.4321341737902536e-06
52200.056 1.3831498492301139e-06
52250.056 1.3892796772800029e-06
52300.056 1.3941021766299869e-06
52350.056 1.6648238059402409e-06
52400.056 1.275509637399988e-06
52450.056 1.4023664213598947e-06
52500.056 1.4886784336995362e-06
52550.056 1.36068680800954e-06
52600.056 1.4810811137502254e-06
52650.056 1.6760366279303574e-06
52700.056 1.449199618450018e-06
52750.056 1.148238088489807e-06
52800.056 1.314488284080205e-06
52850.056 1.2558594732598426e-06
52900.056 1.3518163832002335e-06
52950.056 1.372045472539651e-06
53000.056 1.500034061939855e-06
53050.056 1.4187452489397768e-06
53100.056 1.22991126275957e-06
53150.056 1.5502154892103754e-06
53200.056 1.1555774097902425e-06
53250.056 1.6670040754698633e-06
