galfind/configs/Brown_Dwarf_templates/sonora_bobcat/m+0.5/17g/sp_t375g17nc_m+0.5_resample.dat
# %ECSV 1.0
# ---
# datatype:
# - {name: wav, unit: Angstrom, datatype: float64}
# - {name: flux_nu, unit: erg / (cm2 Hz s), datatype: float64}
# meta: {C/O: '1.00', Kzz: '1.0000E+05', Teff: '375.', Y: '0.28', '[Fe/H]': '0.50', f_hole: '1.00', f_rain: '0.00', grav: '18.'}
# schema: astropy-2.0
wav flux_nu
4000.0559999999996 nan
4050.0559999999996 3.1747650545232158e-18
4100.056 2.8006479933600536e-16
4150.056 2.7141568721300216e-15
4200.056 2.819439336197174e-15
4250.056 2.875785403000028e-14
4300.056 7.169983587800012e-14
4350.056 1.410222758840003e-13
4400.056 2.4404959637999907e-13
4450.056 4.0047058181999817e-13
4500.056 6.211398166400024e-13
4550.056 6.19406107180229e-13
4600.056 1.2525317794479917e-13
4650.056 6.603848955299973e-14
4700.056 3.070128355899987e-14
4750.056 1.2164064845799875e-14
4800.056 5.883796156399958e-15
4850.056 2.707925649099982e-15
4900.056 1.528902817599999e-15
4950.056 1.0251879594499992e-15
5000.056 6.541697301099931e-16
5050.056 4.581919339709996e-16
5100.056 5.151046817810134e-16
5150.056 6.113030583000201e-16
5200.056 7.139640668200063e-16
5250.056 8.12077555320001e-16
5300.056 9.234967755299997e-16
5350.056 1.0546141602200025e-15
5400.056 1.1737374631500006e-15
5450.056 1.336257252860028e-15
5500.056 1.53692787596004e-15
5550.056 1.7565033070000115e-15
5600.056 1.964588044699999e-15
5650.056 2.141028590599986e-15
5700.056 2.166222584140004e-15
5750.056 2.2049949063000016e-15
5800.056 2.0391469042399966e-15
5850.056 1.4592576248799583e-15
5900.056 4.186445553033822e-16
5950.056 2.6550400369512224e-15
6000.056 5.561472008439684e-15
6050.056 1.0198508971800473e-14
6100.056 1.697010133410034e-14
6150.056 2.580971622500029e-14
6200.056 3.7380521046000305e-14
6250.056 5.002625445099998e-14
6300.056 6.967661997799996e-14
6350.056 9.385110764700104e-14
6400.056 1.2230354791700182e-13
6450.056 1.3567169932775224e-13
6500.056 1.7854329531444365e-13
6550.056 2.4639205764265575e-13
6600.056 3.4365664762362365e-13
6650.056 4.841611165125063e-13
6700.056 6.515228749000023e-13
6750.056 9.057709205300098e-13
6800.056 1.0776209156200345e-12
6850.056 1.1300766796100065e-12
6900.056 8.905210740242255e-13
6950.056 6.555030819190302e-13
7000.056 7.367527371371978e-13
7050.056 7.36378360426854e-13
7100.056 7.89215329314116e-13
7150.056 5.915418928612565e-13
7200.056 4.559030414578314e-13
7250.056 5.647019659742603e-13
7300.056 6.031308705890363e-13
7350.056 7.526868647226428e-13
7400.056 9.21145241964261e-13
7450.056 1.19974473034353e-12
7500.056 1.4625167614689332e-12
7550.056 1.7128104162099752e-12
7600.056 1.843861291049997e-12
7650.056 8.687603687199761e-13
7700.056 7.606292530620171e-13
7750.056 2.3957492322000193e-12
7800.056 2.9704730027198875e-12
7850.056 3.65429958236e-12
7900.056 4.463901538023406e-12
7950.056 4.842796563158857e-12
8000.056 5.613585799300901e-12
8050.056 6.3089129890109005e-12
8100.056 4.462313639906338e-12
8150.056 4.107415988851917e-12
8200.056 6.700762280866135e-12
8250.056 7.54710831585523e-12
8300.056 8.860040002913013e-12
8350.056 7.147104982439417e-12
8400.056 7.67175889963177e-12
8450.056 1.046925667326593e-11
8500.056 1.2138664787810404e-11
8550.056 1.6214772870950316e-11
8600.056 2.052300284352027e-11
8650.056 2.3273295198400956e-11
8700.056 2.0727231872000932e-11
8750.056 2.183076513480001e-11
8800.056 1.865015583200349e-11
8850.056 9.701863437842048e-12
8900.056 3.058478227195193e-13
8950.056 6.485009245915836e-13
9000.056 3.150234524608066e-13
9050.056 2.0480471223894567e-12
9100.056 3.45468197766559e-12
9150.056 6.681363891442808e-12
9200.056 2.1170494375532942e-11
9250.056 2.492978369215034e-11
9300.056 1.533796066447702e-12
9350.056 1.8045054438115051e-12
9400.056 5.070794798355253e-12
9450.056 6.1734557414377034e-12
9500.056 4.773360243055998e-12
9550.056 5.974140255745313e-12
9600.056 5.102798215085619e-12
9650.056 8.353204282618354e-12
9700.056 1.5649390153573182e-11
9750.056 1.2389647520290904e-11
9800.056 1.0626261928910147e-11
9850.056 1.0471554772535345e-11
9900.056 1.3841148051237413e-11
9950.056 7.80134772127097e-12
10000.056 1.1175826731724377e-11
10050.056 8.05105579995218e-12
10100.056 1.3941991835740148e-11
10150.056 1.2554513856009034e-11
10200.056 1.2823840313191653e-11
10250.056 1.7386218889478908e-11
10300.056 2.7995602736609956e-11
10350.056 3.9594902569120464e-11
10400.056 1.1263614860752615e-10
10450.056 2.2573843411672478e-10
10500.056 3.91976884701862e-10
10550.056 6.553581976970974e-10
10600.056 8.458947497460455e-10
10650.056 9.804342238115063e-10
10700.056 9.197756573946109e-10
10750.056 9.99757898959781e-10
10800.056 8.663091733182208e-10
10850.056 6.053032454110832e-10
10900.056 2.9451415378564365e-10
10950.056 1.0316743081603758e-10
11000.056 5.97917811436722e-11
11050.056 2.7357395438645072e-11
11100.056 9.728580985320208e-12
11150.056 1.9837514760806533e-12
11200.056 5.289611649445545e-13
11250.056 5.065971991627089e-13
11300.056 1.9758704375232842e-12
11350.056 3.5828101084568885e-13
11400.056 1.049313675207216e-12
11450.056 9.815334829238082e-13
11500.056 4.4982673265973896e-13
11550.056 3.504189040255329e-14
11600.056 2.7208101159710175e-14
11650.056 2.0701228246236193e-13
11700.056 1.7648301116988837e-13
11750.056 1.4226235155994492e-14
11800.056 1.7628465824943569e-13
11850.056 2.9320140967310714e-13
11900.056 2.2337120146881364e-13
11950.056 4.891032878475565e-13
12000.056 1.2064631307198617e-12
12050.056 3.1495274954091605e-12
12100.056 8.404382083591831e-12
12150.056 1.878150063912331e-11
12200.056 3.1077968197269516e-11
12250.056 7.608195191749328e-11
12300.056 1.8082309428159331e-10
12350.056 2.0988887162673768e-10
12400.056 4.752778409379623e-10
12450.056 8.985537661757951e-10
12500.056 1.1105951691998778e-09
12550.056 1.6117977477084101e-09
12600.056 2.2018727472004986e-09
12650.056 2.485185690487432e-09
12700.056 2.487044559380209e-09
12750.056 1.5026401707626996e-09
12800.056 8.561055878816399e-10
12850.056 3.7904194153774915e-10
12900.056 2.428216494367652e-10
12950.056 1.5688876789600282e-10
13000.056 1.2149649850431982e-10
13050.056 5.3247696891801014e-11
13100.056 3.9468495817964816e-11
13150.056 1.9667717745847784e-11
13200.056 1.5722669451204892e-11
13250.056 1.228930536561924e-11
13300.056 4.115376141328235e-12
13350.056 9.648537612468632e-13
13400.056 8.752494885170341e-13
13450.056 2.2718767071220772e-13
13500.056 7.464596119853869e-14
13550.056 2.762082416905254e-14
13600.056 2.3667136416380285e-15
13650.056 3.530925295086557e-14
13700.056 1.6991619787863773e-14
13750.056 2.7532700449578e-14
13800.056 1.6274530000066723e-14
13850.056 9.045860981586225e-15
13900.056 2.4412594065144828e-14
13950.056 1.1388804177124602e-14
14000.056 1.428341045212664e-14
14050.056 3.2332501403961606e-14
14100.056 4.779069428028211e-14
14150.056 1.24841901232098e-13
14200.056 6.434307526402836e-14
14250.056 1.307444616359159e-13
14300.056 2.889306191372546e-13
14350.056 3.7302501889264673e-13
14400.056 4.5193670470208376e-13
14450.056 8.383283226548496e-13
14500.056 2.047933161676347e-12
14550.056 2.315720453828477e-12
14600.056 2.2694416819210955e-12
14650.056 1.041736704330041e-12
14700.056 4.659581644390179e-13
14750.056 1.3915116768554758e-13
14800.056 3.842028042284399e-13
14850.056 6.554928113925022e-13
14900.056 6.529627496827891e-13
14950.056 3.560388010612651e-13
15000.056 1.1748408601726177e-12
15050.056 9.23779023298998e-13
15100.056 4.848058089425369e-13
15150.056 3.5217482451401666e-13
15200.056 8.472748063906294e-13
15250.056 2.443289474835659e-12
15300.056 3.0761001534601036e-12
15350.056 6.0263046396168745e-12
15400.056 8.936798728563323e-12
15450.056 1.333916019981041e-11
15500.056 1.4729948792722197e-11
15550.056 3.7553913079783566e-11
15600.056 4.9058629044120353e-11
15650.056 1.0351831111955479e-10
15700.056 1.834888160874747e-10
15750.056 2.8481350097168297e-10
15800.056 3.262208105680542e-10
15850.056 4.306777565684523e-10
15900.056 4.0955806427898703e-10
15950.056 3.7072327903343296e-10
16000.056 2.5289696999234814e-10
16050.056 1.0821553717482552e-10
16100.056 6.32089337360394e-11
16150.056 2.82842797059527e-11
16200.056 1.3132086164185669e-11
16250.056 7.47848230681259e-12
16300.056 3.765832872760781e-12
16350.056 4.316154709195477e-12
16400.056 5.722119999887872e-12
16450.056 3.796860342620187e-12
16500.056 2.724360947671793e-12
16550.056 3.1131350485186263e-12
16600.056 5.467189673390374e-12
16650.056 4.2018556932303975e-12
16700.056 3.871824940177358e-13
16750.056 1.7546453757935065e-12
16800.056 3.213862459793404e-12
16850.056 4.184772257364648e-12
16900.056 1.5165072519658204e-12
16950.056 6.525204779048086e-13
17000.056 3.09325615014157e-13
17050.056 7.154707064718586e-13
17100.056 1.4320831743553766e-12
17150.056 6.493434787120401e-13
17200.056 4.050891096858392e-12
17250.056 1.9231775343608674e-12
17300.056 9.593276225602376e-13
17350.056 1.0926622275032062e-12
17400.056 2.62366241199244e-12
17450.056 4.114413149492954e-12
17500.056 6.089743691065963e-12
17550.056 5.5591480479836e-12
17600.056 4.269994022360308e-12
17650.056 3.907336062830669e-12
17700.056 2.556925778320049e-12
17750.056 3.334589680264745e-12
17800.056 1.2929667220286069e-11
17850.056 3.997149428974267e-12
17900.056 3.0342612757586005e-12
17950.056 2.7439498614359187e-12
18000.056 4.182105564438866e-12
18050.056 4.71778441731766e-12
18100.056 6.639443601755621e-12
18150.056 4.3468880227295855e-12
18200.056 3.5612289212927493e-12
18250.056 1.3545179855675505e-11
18300.056 2.4718066343515505e-12
18350.056 1.6501826714935926e-12
18400.056 1.0341435763009484e-12
18450.056 7.430623030416248e-12
18500.056 6.845619905485388e-12
18550.056 3.5565555483180742e-12
18600.056 6.936888599201494e-12
18650.056 4.821489880495113e-12
18700.056 7.842037005237627e-13
18750.056 2.2488119191426895e-12
18800.056 1.3138000728074885e-11
18850.056 1.3580749628855609e-11
18900.056 1.1970409505036739e-11
18950.056 1.7889894297659385e-11
19000.056 4.001479674433178e-12
19050.056 1.8025124310275302e-12
19100.056 4.417313384653888e-12
19150.056 1.906941165036115e-12
19200.056 2.743148532415526e-12
19250.056 2.414531131183759e-12
19300.056 1.3348015269003525e-12
19350.056 1.223119807584937e-12
19400.056 1.1283639959922495e-12
19450.056 2.282192078266461e-12
19500.056 9.537120492342918e-13
19550.056 1.97896506141658e-12
19600.056 7.638338149227655e-12
19650.056 4.219645685512267e-12
19700.056 4.84796296706604e-12
19750.056 1.001266029284866e-11
19800.056 5.64156587185428e-12
19850.056 7.80415609445769e-12
19900.056 1.1672276051206715e-11
19950.056 1.8034127226546267e-11
20000.056 2.522613198643617e-11
20050.056 1.7443839943538716e-11
20100.056 3.6872672075310965e-11
20150.056 1.4696217982126484e-11
20200.056 1.0301771460853447e-11
20250.056 2.833068643060353e-11
20300.056 3.701595824445181e-11
20350.056 4.958089376233971e-11
20400.056 3.4004700019313134e-11
20450.056 6.670666554166182e-11
20500.056 9.901950151538544e-11
20550.056 1.3663829915944135e-10
20600.056 1.4723478705961115e-10
20650.056 2.254680536831344e-10
20700.056 2.63554743562391e-10
20750.056 3.7294233600621405e-10
20800.056 3.473262878565892e-10
20850.056 4.2133767415436757e-10
20900.056 5.182830300227749e-10
20950.056 4.712445684130846e-10
21000.056 4.562659482562879e-10
21050.056 5.19606531475605e-10
21100.056 4.548300633125609e-10
21150.056 4.829889057362285e-10
21200.056 4.2128085079357276e-10
21250.056 3.66103649974687e-10
21300.056 2.522388290184224e-10
21350.056 2.701008076695663e-10
21400.056 2.3522294177033485e-10
21450.056 1.5280027578635748e-10
21500.056 1.279028905557327e-10
21550.056 1.0981495692177436e-10
21600.056 7.792248414897226e-11
21650.056 5.466114100013841e-11
21700.056 3.8582831557731895e-11
21750.056 4.479715308268491e-11
21800.056 2.7166454803445372e-11
21850.056 2.8215511542281383e-11
21900.056 1.719134101387446e-11
21950.056 3.7049275744899424e-12
22000.056 5.037637206833464e-13
22050.056 6.819776895372318e-13
22100.056 3.411845643494632e-12
22150.056 3.3397231385545e-12
22200.056 3.4133056611302544e-12
22250.056 2.6378794952624605e-12
22300.056 1.0516493370893017e-12
22350.056 1.6338539378833695e-12
22400.056 5.16084466257457e-13
22450.056 7.339340688659482e-13
22500.056 5.616810940500602e-13
22550.056 2.821125577026464e-13
22600.056 2.07526967153974e-13
22650.056 4.5362102382256527e-13
22700.056 4.0618428089921977e-13
22750.056 4.981556148049512e-13
22800.056 4.549134185139864e-13
22850.056 3.1887812216452975e-13
22900.056 2.452165947665209e-13
22950.056 1.643998495962525e-13
23000.056 2.783557461885184e-13
23050.056 3.4226754562648084e-13
23100.056 2.2579600737319667e-12
23150.056 2.872529906388416e-12
23200.056 7.94083245801564e-14
23250.056 2.9248438700018827e-13
23300.056 3.0855475565981587e-13
23350.056 6.259500101965557e-13
23400.056 5.068375462968518e-13
23450.056 2.5971912941998394e-13
23500.056 2.512492558159195e-13
23550.056 6.096223683638823e-13
23600.056 1.4144495520979924e-12
23650.056 2.280083156873288e-12
23700.056 3.699254061840339e-13
23750.056 2.890044684397013e-13
23800.056 1.7684690565051045e-12
23850.056 1.2117608227245333e-12
23900.056 2.8198517615927086e-12
23950.056 1.5017558891445975e-12
24000.056 3.719075491488116e-12
24050.056 5.34278300315647e-12
24100.056 6.770535648495252e-12
24150.056 9.891235660373158e-12
24200.056 5.67669190363753e-12
24250.056 4.395755134270034e-12
24300.056 7.997100093963203e-12
24350.056 6.76405319737244e-12
24400.056 1.8279728711380237e-11
24450.056 2.360804349855557e-11
24500.056 2.0012326858498755e-11
24550.056 3.316060015947511e-11
24600.056 3.432017422900168e-11
24650.056 6.048633485962103e-11
24700.056 2.8895255268965934e-11
24750.056 4.5971228309449083e-11
24800.056 4.0559592000192995e-11
24850.056 6.561596662812257e-11
24900.056 3.467254502483626e-11
24950.056 6.795612453812289e-11
25000.056 7.695350027403083e-11
25050.056 5.246492035508542e-11
25100.056 8.004581656273057e-11
25150.056 3.172086685721861e-11
25200.056 5.447577478022212e-11
25250.056 2.2131484412802917e-11
25300.056 2.9588663190668965e-11
25350.056 1.3171109782715088e-11
25400.056 3.6587306514978844e-11
25450.056 8.470545770455265e-12
25500.056 7.606996324796126e-12
25550.056 1.735078711213956e-11
25600.056 6.320165656275155e-12
25650.056 3.3850819358107375e-12
25700.056 3.4444991707797952e-12
25750.056 8.710293985173987e-13
25800.056 5.537626582480033e-12
25850.056 7.540225473380033e-13
25900.056 1.0597430954650633e-12
25950.056 1.9223226082408904e-13
26000.056 4.374502355957972e-12
26050.056 3.203072930191571e-13
26100.056 1.9964979988191204e-12
26150.056 6.87539766972125e-13
26200.056 1.1158228057817483e-12
26250.056 1.0457420766351236e-11
26300.056 1.481260783498684e-12
26350.056 2.007565274158767e-11
26400.056 3.819411804184538e-11
26450.056 2.719349542759118e-11
26500.056 6.746270306504766e-11
26550.056 4.306552073200135e-12
26600.056 5.0649275254358e-12
26650.056 5.297827538069995e-13
26700.056 2.7637268976979274e-13
26750.056 6.334417146944142e-13
26800.056 2.7684178762091264e-12
26850.056 1.4874377287279011e-12
26900.056 9.349264973091528e-12
26950.056 2.4415156370318006e-12
27000.056 1.7007379661180848e-11
27050.056 2.235506858288238e-11
27100.056 1.2554499986548731e-12
27150.056 2.3291925817970452e-11
27200.056 1.2184677286192719e-12
27250.056 6.610817645362298e-12
27300.056 6.903694291084161e-11
27350.056 1.8321821957295757e-11
27400.056 6.228771806810341e-13
27450.056 2.6585117976273185e-11
27500.056 3.1028757106894445e-11
27550.056 3.9998398783316125e-12
27600.056 1.450713789907212e-11
27650.056 2.9300442542115965e-12
27700.056 2.874453873325199e-12
27750.056 2.4338895878940892e-11
27800.056 5.574367084661355e-12
27850.056 1.1986270417974164e-11
27900.056 1.13183103897661e-11
27950.056 3.3415427861894626e-11
28000.056 3.623318404301852e-11
28050.056 2.840415539496934e-12
28100.056 3.062616142010488e-11
28150.056 2.4723239876039595e-11
28200.056 5.254982753375172e-12
28250.056 4.444648894893457e-11
28300.056 3.826172545416265e-11
28350.056 6.795958605822764e-12
28400.056 2.6026471911957188e-11
28450.056 5.163174402247616e-11
28500.056 2.8420717491876444e-11
28550.056 5.803663609358992e-12
28600.056 5.1854327237581165e-11
28650.056 2.9818458631658576e-11
28700.056 5.605448189448158e-11
28750.056 7.784187332205955e-11
28800.056 2.604835637443379e-11
28850.056 9.153961828232752e-11
