galfind/configs/Brown_Dwarf_templates/sonora_bobcat/m+0.5/17g/sp_t1500g17nc_m+0.5_resample.dat
# %ECSV 1.0
# ---
# datatype:
# - {name: wav, unit: Angstrom, datatype: float64}
# - {name: flux_nu, unit: erg / (cm2 Hz s), datatype: float64}
# meta: {C/O: '1.00', Kzz: '1.0000E+05', Teff: '1500.', Y: '0.28', '[Fe/H]': '0.50', f_hole: '1.00', f_rain: '0.00', grav: '18.'}
# schema: astropy-2.0
wav flux_nu
4000.0559999999996 nan
4050.0559999999996 1.7163874286567654e-10
4100.056 2.9047971586799596e-10
4150.056 2.5637588156304596e-10
4200.056 2.1962323613408964e-10
4250.056 2.4098530605311325e-10
4300.056 2.175769533130468e-10
4350.056 2.4077383974199744e-10
4400.056 2.813749041090504e-10
4450.056 2.37217196348002e-10
4500.056 2.595595207000176e-10
4550.056 3.2806554896914236e-10
4600.056 3.346645178750203e-10
4650.056 3.131478171229797e-10
4700.056 3.762567217190893e-10
4750.056 4.356001213499605e-10
4800.056 3.564103133059957e-10
4850.056 4.123117519370121e-10
4900.056 5.553039243400102e-10
4950.056 5.878640271300166e-10
5000.056 3.5135087926796235e-10
5050.056 2.830843838020341e-10
5100.056 3.2028008326103916e-10
5150.056 3.140956561990936e-10
5200.056 2.90980201208989e-10
5250.056 2.7611092834602734e-10
5300.056 2.67312411782008e-10
5350.056 2.570526312300232e-10
5400.056 2.409305837200004e-10
5450.056 1.8972096296299585e-10
5500.056 1.3505563392199537e-10
5550.056 1.1095959538499152e-10
5600.056 8.473116347499971e-11
5650.056 5.6682412110999116e-11
5700.056 3.263406245299959e-11
5750.056 1.5664504341099835e-11
5800.056 5.661750378999913e-12
5850.056 1.3064715535299695e-12
5900.056 1.4375182178076317e-13
5950.056 3.85441174771011e-12
6000.056 2.4055836794200598e-11
6050.056 9.020240964300109e-11
6100.056 2.2578764194000896e-10
6150.056 4.74235694880002e-10
6200.056 8.386189048600089e-10
6250.056 1.346755013470031e-09
6300.056 2.0779159620000292e-09
6350.056 2.9858281243000295e-09
6400.056 4.08565618839998e-09
6450.056 5.4646330703997125e-09
6500.056 6.099805407799554e-09
6550.056 7.364530492599232e-09
6600.056 8.347361545300392e-09
6650.056 9.04664441490069e-09
6700.056 6.7032243766205424e-09
6750.056 1.1232934287800538e-08
6800.056 1.3452602517700364e-08
6850.056 1.6304657720599905e-08
6900.056 1.7160193064000355e-08
6950.056 1.644635027279874e-08
7000.056 1.668043292199923e-08
7050.056 1.6804016608800356e-08
7100.056 1.5755262021799275e-08
7150.056 1.5691919828900215e-08
7200.056 1.9078352628799978e-08
7250.056 2.351037953600056e-08
7300.056 2.795885326080218e-08
7350.056 2.6685415271901424e-08
7400.056 2.0931396479700567e-08
7450.056 1.690423925399755e-08
7500.056 1.5586600905099353e-08
7550.056 1.4491341828100164e-08
7600.056 1.0183333415299779e-08
7650.056 1.231399624138182e-09
7700.056 2.9699289309712807e-10
7750.056 6.712104326600154e-09
7800.056 1.5806456893962274e-08
7850.056 2.850650406400065e-08
7900.056 3.225734320000518e-08
7950.056 2.9800536862745783e-08
8000.056 3.893886028399895e-08
8050.056 5.285493407899412e-08
8100.056 7.294550895900386e-08
8150.056 1.0006566039421e-07
8200.056 1.0540268755619981e-07
8250.056 1.2631594903291094e-07
8300.056 1.3030783986601573e-07
8350.056 1.4539806667499957e-07
8400.056 1.555060596399984e-07
8450.056 1.318695023159849e-07
8500.056 1.2790413967415684e-07
8550.056 1.4334898016400384e-07
8600.056 1.4477739143695911e-07
8650.056 1.3823910999095186e-07
8700.056 1.358385821000336e-07
8750.056 1.5336150996300043e-07
8800.056 1.9401742990301614e-07
8850.056 2.1486917472497853e-07
8900.056 2.0627056334799026e-07
8950.056 2.0641207316921003e-07
9000.056 2.575306939310229e-07
9050.056 2.7828638796298525e-07
9100.056 3.236281883187105e-07
9150.056 3.3812893198441027e-07
9200.056 3.470925184953793e-07
9250.056 2.792493427800852e-07
9300.056 1.9780033914118067e-07
9350.056 2.1117953835965276e-07
9400.056 2.317066467256953e-07
9450.056 2.672079428989047e-07
9500.056 2.82175734057316e-07
9550.056 3.1036826796860394e-07
9600.056 2.8476408958138576e-07
9650.056 3.114642448593764e-07
9700.056 3.2399594220626966e-07
9750.056 2.9866666375391415e-07
9800.056 3.2521415916123403e-07
9850.056 3.4798383740087837e-07
9900.056 3.4703292760098293e-07
9950.056 3.472295846259518e-07
10000.056 3.563679117619098e-07
10050.056 3.820393285640147e-07
10100.056 4.600108201479797e-07
10150.056 4.839054097438387e-07
10200.056 5.317373973299411e-07
10250.056 5.435546182098287e-07
10300.056 5.657414773799355e-07
10350.056 6.381021080899441e-07
10400.056 6.964198583199317e-07
10450.056 7.181435276001195e-07
10500.056 6.384895605999834e-07
10550.056 6.201723447702201e-07
10600.056 6.571477897901262e-07
10650.056 7.240347876300078e-07
10700.056 7.919616760500658e-07
10750.056 8.83874852409998e-07
10800.056 9.627466253700445e-07
10850.056 1.0560601862898292e-06
10900.056 9.449702319278447e-07
10950.056 7.456454026520209e-07
11000.056 7.414628208359021e-07
11050.056 6.34431799794727e-07
11100.056 6.437761279249923e-07
11150.056 6.296532842185875e-07
11200.056 6.202848767851617e-07
11250.056 6.937819355392718e-07
11300.056 6.857434223756187e-07
11350.056 5.64059499939516e-07
11400.056 5.677075366995623e-07
11450.056 6.102132869012628e-07
11500.056 6.856685451934399e-07
11550.056 6.336834803059108e-07
11600.056 6.894048021600693e-07
11650.056 7.191679860799126e-07
11700.056 6.193421646557014e-07
11750.056 6.03721369751817e-07
11800.056 6.147694241135301e-07
11850.056 7.358158570621009e-07
11900.056 7.379465359172928e-07
11950.056 8.325106767611857e-07
12000.056 8.265533763150293e-07
12050.056 9.209480958003594e-07
12100.056 9.474543524519335e-07
12150.056 1.0552524184448213e-06
12200.056 1.1322775854596573e-06
12250.056 1.218651594489616e-06
12300.056 1.2937896704103087e-06
12350.056 1.3436051955802375e-06
12400.056 1.328954832899932e-06
12450.056 1.2527624391820756e-06
12500.056 1.3539784498398316e-06
12550.056 1.3920061220790141e-06
12600.056 1.476701654270093e-06
12650.056 1.5294387486498014e-06
12700.056 1.634671281280135e-06
12750.056 1.639494183108138e-06
12800.056 1.746308864896185e-06
12850.056 1.700308831784388e-06
12900.056 1.6371579984887262e-06
12950.056 1.7254012098476209e-06
13000.056 1.688427180217334e-06
13050.056 1.6909216191275623e-06
13100.056 1.6477296418653144e-06
13150.056 1.6035102208881522e-06
13200.056 1.50061119326651e-06
13250.056 1.3730579488352136e-06
13300.056 1.0422897132468061e-06
13350.056 5.813075185485347e-07
13400.056 4.939429595580713e-07
13450.056 4.07030870731172e-07
13500.056 3.940456853268038e-07
13550.056 3.6465218199606124e-07
13600.056 3.0050951343362006e-07
13650.056 3.4864667812783793e-07
13700.056 2.9128119069528655e-07
13750.056 2.7436918749557807e-07
13800.056 3.308534070681935e-07
13850.056 3.30990163016117e-07
13900.056 3.3777364577258317e-07
13950.056 3.216646729029255e-07
14000.056 3.015895692687829e-07
14050.056 2.944963315131235e-07
14100.056 2.6126110597495317e-07
14150.056 2.5766500136904545e-07
14200.056 2.452242003809329e-07
14250.056 2.3932557548497745e-07
14300.056 2.5050030740816207e-07
14350.056 2.388739603782149e-07
14400.056 2.784153926719496e-07
14450.056 2.8754589671068425e-07
14500.056 3.42674138175112e-07
14550.056 3.5832903143893225e-07
14600.056 3.733761487396337e-07
14650.056 3.7375071088652914e-07
14700.056 3.3882828991483546e-07
14750.056 3.724501702096037e-07
14800.056 4.04712188111985e-07
14850.056 4.363455752693339e-07
14900.056 4.597260889112681e-07
14950.056 4.559829877552344e-07
15000.056 4.823030659171373e-07
15050.056 5.346738110518436e-07
15100.056 5.526936617979913e-07
15150.056 6.064417665945751e-07
15200.056 6.213454983639409e-07
15250.056 6.291569886278578e-07
15300.056 6.861944990929327e-07
15350.056 7.053855647899625e-07
15400.056 7.5499075653006e-07
15450.056 8.12673348653147e-07
15500.056 8.298297709547243e-07
15550.056 8.98094155280975e-07
15600.056 8.757218351081061e-07
15650.056 9.478158950330606e-07
15700.056 1.0601063798495927e-06
15750.056 1.1247714995299602e-06
15800.056 1.1277133604505461e-06
15850.056 1.2067310299738664e-06
15900.056 1.2264577009093224e-06
15950.056 1.32561517741984e-06
16000.056 1.363215599889943e-06
16050.056 1.4132753199900087e-06
16100.056 1.4933459109602542e-06
16150.056 1.5193358983702112e-06
16200.056 1.589776919839725e-06
16250.056 1.645763555419954e-06
16300.056 1.6511144914899693e-06
16350.056 1.7468718964399206e-06
16400.056 1.7839143853403473e-06
16450.056 1.8190305264459335e-06
16500.056 1.9109161107925403e-06
16550.056 1.9747312286441814e-06
16600.056 1.899408339102678e-06
16650.056 2.0923746745459046e-06
16700.056 2.07515116883282e-06
16750.056 2.1403402258274773e-06
16800.056 2.25913863243799e-06
16850.056 2.2157138564811457e-06
16900.056 2.198840875533995e-06
16950.056 2.1795277710187687e-06
17000.056 2.1450937893701257e-06
17050.056 2.0976423154480117e-06
17100.056 1.918686752363686e-06
17150.056 1.837618828691631e-06
17200.056 1.650737552987862e-06
17250.056 1.5597207441408194e-06
17300.056 1.5719524061465082e-06
17350.056 1.4546292448838672e-06
17400.056 1.554555172697131e-06
17450.056 1.4083506867840656e-06
17500.056 1.3228305659871401e-06
17550.056 1.3543140081854823e-06
17600.056 1.2766115624814224e-06
17650.056 1.2584242753095105e-06
17700.056 1.073188866459079e-06
17750.056 9.754950311825761e-07
17800.056 1.0260099353863103e-06
17850.056 9.037849269874798e-07
17900.056 8.982831625767968e-07
17950.056 8.840287271975441e-07
18000.056 7.861844219284595e-07
18050.056 7.736760223809073e-07
18100.056 7.329622266134637e-07
18150.056 8.714101733911911e-07
18200.056 6.550520580129093e-07
18250.056 8.168233115225562e-07
18300.056 7.915060657250948e-07
18350.056 6.913776830510418e-07
18400.056 6.993078528347463e-07
18450.056 6.336443439856263e-07
18500.056 6.482047990645294e-07
18550.056 6.015472099528402e-07
18600.056 5.065726171624163e-07
18650.056 5.827741543871959e-07
18700.056 6.218634464254797e-07
18750.056 5.894051085134174e-07
18800.056 6.307873467932834e-07
18850.056 7.250811155637977e-07
18900.056 7.048037025442723e-07
18950.056 7.049469917856795e-07
19000.056 7.593962875328746e-07
19050.056 7.313591387605835e-07
19100.056 7.626629898707782e-07
19150.056 8.135879451107804e-07
19200.056 7.91635260817313e-07
19250.056 7.584731558530502e-07
19300.056 7.845018632350262e-07
19350.056 7.550700137842896e-07
19400.056 6.739627440085767e-07
19450.056 8.004313071874303e-07
19500.056 7.594484309346271e-07
19550.056 6.365998277575699e-07
19600.056 7.841571501219608e-07
19650.056 7.696346212632561e-07
19700.056 7.760884849681163e-07
19750.056 7.328953870282885e-07
19800.056 7.526864525657568e-07
19850.056 7.878890491698478e-07
19900.056 6.856664806450653e-07
19950.056 8.338628546971329e-07
20000.056 7.289804664992766e-07
20050.056 7.847184321497953e-07
20100.056 8.706116358152042e-07
20150.056 8.312346974646801e-07
20200.056 8.719911775625911e-07
20250.056 9.398733064241262e-07
20300.056 9.388689113188164e-07
20350.056 9.820349999019034e-07
20400.056 9.704410848844932e-07
20450.056 1.0993446784087468e-06
20500.056 1.0647110205303046e-06
20550.056 1.1009110342091986e-06
20600.056 1.215326049671478e-06
20650.056 1.193473714989613e-06
20700.056 1.247630472678052e-06
20750.056 1.3132959988356313e-06
20800.056 1.3726407451223004e-06
20850.056 1.3811095715287735e-06
20900.056 1.4455060426227137e-06
20950.056 1.4916515726600673e-06
21000.056 1.6002347446599843e-06
21050.056 1.5958931023300538e-06
21100.056 1.6571575221298955e-06
21150.056 1.7908954557601598e-06
21200.056 1.7624746251802165e-06
21250.056 1.8831541350098105e-06
21300.056 1.8187751344498298e-06
21350.056 2.0148601636200247e-06
21400.056 1.9114768736902663e-06
21450.056 2.150442361430001e-06
21500.056 2.0305743128602383e-06
21550.056 2.092805234339842e-06
21600.056 2.1871556282702556e-06
21650.056 2.140861174000434e-06
21700.056 2.3256820163699827e-06
21750.056 2.2534283380899413e-06
21800.056 2.237448566869809e-06
21850.056 2.2668363498098623e-06
21900.056 2.338574769750458e-06
21950.056 2.2978012606403444e-06
22000.056 2.3994378231100926e-06
22050.056 2.2521853309793956e-06
22100.056 2.424663198600023e-06
22150.056 2.4157877146501778e-06
22200.056 2.3199927588711408e-06
22250.056 2.436813301810249e-06
22300.056 2.421416759559523e-06
22350.056 2.365243981640387e-06
22400.056 2.5132795595002647e-06
22450.056 2.4773672441594107e-06
22500.056 2.5338048508096934e-06
22550.056 2.43983466475915e-06
22600.056 2.479170320879921e-06
22650.056 2.4601547663619907e-06
22700.056 2.4552261518737174e-06
22750.056 2.5620877008708776e-06
22800.056 2.4169758583980417e-06
22850.056 2.4447591804845287e-06
22900.056 2.5832793797119076e-06
22950.056 1.6960964565592652e-06
23000.056 1.952923635203155e-06
23050.056 2.039002484932516e-06
23100.056 1.92031725415463e-06
23150.056 2.000287090297645e-06
23200.056 1.9966040676790897e-06
23250.056 1.5829863268484524e-06
23300.056 1.74799694196918e-06
23350.056 1.792337257762094e-06
23400.056 1.675894824540057e-06
23450.056 1.7985711657967422e-06
23500.056 1.7054752063905867e-06
23550.056 1.5244637991935854e-06
23600.056 1.544436887597547e-06
23650.056 1.6534159504228526e-06
23700.056 1.6328872308464808e-06
23750.056 1.5660915164981319e-06
23800.056 1.5580738162103344e-06
23850.056 1.3154605612182045e-06
23900.056 1.5045707812556754e-06
23950.056 1.5554457251098309e-06
24000.056 1.4365282423755355e-06
24050.056 1.4627081419018703e-06
24100.056 1.2772830439316274e-06
24150.056 1.2405202747555941e-06
24200.056 1.2797885457512476e-06
24250.056 1.2023293041764902e-06
24300.056 1.1616915875030265e-06
24350.056 1.0717381641732335e-06
24400.056 1.1964996121965457e-06
24450.056 1.0339731913356982e-06
24500.056 9.386053729898228e-07
24550.056 9.395461821980358e-07
24600.056 9.814989190252044e-07
24650.056 1.0506378275538416e-06
24700.056 8.611317752249138e-07
24750.056 8.086946976445906e-07
24800.056 7.618657587193389e-07
24850.056 9.127010138159153e-07
24900.056 6.729875876165744e-07
24950.056 8.517295538507003e-07
25000.056 7.432215581139482e-07
25050.056 5.713774408431494e-07
25100.056 6.995381915980751e-07
25150.056 5.642667354600331e-07
25200.056 6.192734972666572e-07
25250.056 5.810239597608396e-07
25300.056 6.511321583930426e-07
25350.056 5.019737627301714e-07
25400.056 5.882757738182476e-07
25450.056 5.044801863279884e-07
25500.056 5.413704085762056e-07
25550.056 5.051563246451783e-07
25600.056 5.092174421470578e-07
25650.056 4.548939667599374e-07
25700.056 5.875646505647229e-07
25750.056 4.0988881641703727e-07
25800.056 5.765554293611681e-07
25850.056 4.716880376248301e-07
25900.056 5.51385878603051e-07
25950.056 4.6459358424586734e-07
26000.056 5.707291818440851e-07
26050.056 6.007641353901001e-07
26100.056 5.889409274349081e-07
26150.056 5.905015467427523e-07
26200.056 5.599363131229623e-07
26250.056 5.661724193072312e-07
26300.056 5.835632980190534e-07
26350.056 5.850548721008801e-07
26400.056 6.237675590445974e-07
26450.056 6.289561717820791e-07
26500.056 6.445638208816176e-07
26550.056 5.675673129066842e-07
26600.056 6.622748193316203e-07
26650.056 4.814189539728443e-07
26700.056 4.6897970644203124e-07
26750.056 4.189073629687215e-07
26800.056 5.048790409687738e-07
26850.056 3.9908516634988977e-07
26900.056 5.352036492721113e-07
26950.056 3.7563841467100554e-07
27000.056 5.146871810811053e-07
27050.056 4.198423096461009e-07
27100.056 4.350479447359227e-07
27150.056 4.78916931511026e-07
27200.056 4.607682063093049e-07
27250.056 4.548691024963091e-07
27300.056 5.20326819635869e-07
27350.056 5.125197891538344e-07
27400.056 4.249339012650001e-07
27450.056 5.98185402497607e-07
27500.056 5.449179982717823e-07
27550.056 4.996173239750653e-07
27600.056 6.145401125288226e-07
27650.056 4.5105704886683123e-07
27700.056 4.3932152178018786e-07
27750.056 5.778254174325487e-07
27800.056 4.0928580667578217e-07
27850.056 4.7629796167254645e-07
27900.056 5.112067962011658e-07
27950.056 5.800990797949939e-07
28000.056 5.570598551972887e-07
28050.056 4.094185031231707e-07
28100.056 6.154854487212743e-07
28150.056 4.923125614550527e-07
28200.056 4.237261428891063e-07
28250.056 5.454213857120602e-07
28300.056 6.41276609139969e-07
28350.056 5.010972560837622e-07
28400.056 5.120630197789969e-07
28450.056 5.36602073366797e-07
28500.056 5.572677461239094e-07
28550.056 4.033128995878061e-07
28600.056 6.495291364169306e-07
28650.056 6.080177919947244e-07
28700.056 5.615228942768275e-07
28750.056 6.43469842008052e-07
28800.056 5.838371188071494e-07
28850.056 6.508062091111688e-07
