galfind/configs/Brown_Dwarf_templates/sonora_bobcat/m+0.5/17g/sp_t500g17nc_m+0.5_resample.dat
# %ECSV 1.0
# ---
# datatype:
# - {name: wav, unit: Angstrom, datatype: float64}
# - {name: flux_nu, unit: erg / (cm2 Hz s), datatype: float64}
# meta: {C/O: '1.00', Kzz: '1.0000E+05', Teff: '500.', Y: '0.28', '[Fe/H]': '0.50', f_hole: '1.00', f_rain: '0.00', grav: '18.'}
# schema: astropy-2.0
wav flux_nu
[from data line 498]
28900.056 6.647396667169168e-10
28950.056 1.3550652577789604e-09
29000.056 8.960334642563485e-10
29050.056 1.2577558296397087e-09
29100.056 7.841859307586921e-10
29150.056 9.850968967987917e-10
29200.056 1.2467954413279796e-09
29250.056 2.169919251647745e-09
29300.056 7.994930786179852e-10
29350.056 2.6852978563511026e-09
29400.056 1.2182947706744859e-09
29450.056 1.195687159957713e-09
29500.056 1.8686217154587184e-09
29550.056 1.09832719013842e-09
29600.056 1.613100250890573e-09
29650.056 2.5615395603179446e-09
29700.056 9.363908997766122e-10
29750.056 2.1065435784732643e-09
29800.056 1.9564693910980855e-09
29850.056 2.325487380021402e-09
29900.056 1.73755906698504e-09
29950.056 1.8094265679713506e-09
30000.056 7.10045256400274e-11
30050.056 2.5587273031465116e-10
30100.056 7.110734849432954e-10
30150.056 1.4395632485628282e-09
30200.056 1.0877973212006723e-09
30250.056 2.5843091879061962e-09
30300.056 3.3932044206778043e-09
30350.056 1.5393553476896193e-09
30400.056 3.14468704857725e-09
30450.056 1.8571166702840753e-09
30500.056 1.902205158292842e-09
30550.056 1.739603502593464e-09
30600.056 3.011479534534483e-09
30650.056 2.1429408502017823e-09
30700.056 1.5590319842470286e-09
30750.056 2.656970713441446e-09
30800.056 1.5819725863530627e-09
30850.056 1.9789420420210696e-09
30900.056 9.627059369609816e-10
30950.056 1.357884681979534e-09
31000.056 1.2557028072083587e-09
31050.056 1.084000965973367e-09
31100.056 6.929546407017332e-10
31150.056 1.153906296061529e-09
31200.056 1.5649164413754389e-09
31250.056 1.191003570247059e-09
31300.056 7.729304037548182e-10
31350.056 1.2065955506647498e-09
31400.056 8.795288100036683e-10
31450.056 8.54368238917962e-10
31500.056 5.111932755829061e-10
31550.056 6.497790930310322e-10
31600.056 3.826403976374011e-10
31650.056 4.70337535753797e-10
31700.056 4.847596678200008e-10
31750.056 2.3461298685758527e-10
31800.056 4.5153659746516077e-10
31850.056 1.4758902083137768e-10
31900.056 2.5307341067814746e-10
31950.056 1.645685770601499e-10
32000.056 1.675210467954415e-10
32050.056 2.410885790236601e-10
32100.056 2.1307349283595425e-10
32150.056 2.483386245267213e-10
32200.056 1.3883227905348044e-10
32250.056 3.167236198564492e-10
32300.056 1.4908147104570183e-10
32350.056 2.834499939618818e-10
32400.056 1.1228664419113778e-10
32450.056 2.3176743908234476e-10
32500.056 1.2314927857193777e-10
32550.056 1.7415602963390653e-10
32600.056 1.719595488663855e-10
32650.056 5.387063457949506e-10
32700.056 2.2442746494383335e-10
32750.056 7.254980440510419e-10
32800.056 4.857816224879935e-10
32850.056 9.339281157832e-10
32900.056 8.574231528795961e-10
32950.056 1.0497988256679484e-09
33000.056 5.897756963051664e-10
33050.056 7.977351885844604e-10
33100.056 1.9274293530361847e-10
33150.056 6.064536449867504e-13
33200.056 6.636976961805432e-12
33250.056 4.174508862804793e-12
33300.056 1.676160603694118e-11
33350.056 5.471209660889478e-11
33400.056 1.783153689629711e-10
33450.056 2.1490149741207652e-10
33500.056 6.492269259451448e-10
33550.056 2.0242748853816041e-10
33600.056 5.787925801864874e-10
33650.056 5.122385818602314e-10
33700.056 3.324720654777749e-10
33750.056 7.552756434226615e-10
33800.056 2.1255638913755108e-10
33850.056 4.951000333448737e-10
33900.056 4.6212821964901694e-10
33950.056 4.0733923866336576e-10
34000.056 7.52052796115945e-10
34050.056 1.662098117747624e-10
34100.056 6.815003340669224e-10
34150.056 4.113965090176464e-10
34200.056 6.412350081390461e-10
34250.056 4.81261140212849e-10
34300.056 4.935505352413465e-10
34350.056 5.05470765675276e-10
34400.056 2.7746817272933696e-10
34450.056 5.900369684794344e-10
34500.056 4.419279605294943e-10
34550.056 2.6897660990217843e-10
34600.056 8.257793199054186e-10
34650.056 3.1048290454063906e-10
34700.056 7.815656022036721e-10
34750.056 5.262564992497525e-10
34800.056 5.305758263771658e-10
34850.056 8.000135794101246e-10
34900.056 5.260165648189949e-10
34950.056 9.458461222076732e-10
35000.056 1.8356028596151218e-09
35050.056 7.849191799066237e-10
35100.056 1.594486359466225e-09
35150.056 1.034815112840231e-09
35200.056 1.4524846628665487e-09
35250.056 1.902853900785531e-09
35300.056 1.172262542002899e-09
35350.056 1.2483898754532741e-09
35400.056 1.2785043937030967e-09
35450.056 9.502928957085511e-10
35500.056 2.973724407388557e-09
35550.056 2.2535955300386255e-09
35600.056 1.821924630783009e-09
35650.056 1.8202272415394912e-09
35700.056 2.052619187652298e-09
35750.056 2.9024741870592477e-09
35800.056 3.6107148232652766e-09
35850.056 1.5257139901471142e-09
35900.056 1.9931144805327213e-09
35950.056 2.0099594697522245e-09
36000.056 2.2581426100421623e-09
36050.056 1.6170136052782055e-09
36100.056 1.6676215643644655e-09
36150.056 2.476943532799457e-09
36200.056 2.66422885420221e-09
36250.056 2.2930328936986535e-09
36300.056 3.6639610015750823e-09
36350.056 2.579664492558667e-09
36400.056 3.1927101416649128e-09
36450.056 4.196829965246837e-09
36500.056 4.802299362379802e-09
36550.056 4.677770768509509e-09
36600.056 5.818093806805109e-09
36650.056 4.857237219672652e-09
36700.056 5.753194720111553e-09
36750.056 6.67099609287208e-09
36800.056 6.405242246379211e-09
36850.056 4.722624338399369e-09
36900.056 7.068956285201421e-09
36950.056 7.033461317390587e-09
37000.056 5.8986085258697235e-09
37050.056 6.690773771616849e-09
37100.056 7.648476652194529e-09
37150.056 5.207734009100219e-09
37200.056 8.150211508052266e-09
37250.056 7.03019151666932e-09
37300.056 5.736592376728407e-09
37350.056 7.902872622409104e-09
37400.056 1.1640931338267947e-08
37450.056 6.5583299202966e-09
37500.056 7.34042372688482e-09
37550.056 1.0017353923144595e-08
37600.056 1.1702054739306776e-08
37650.056 6.168549804811866e-09
37700.056 1.2616749264908751e-08
37750.056 7.523109058510593e-09
37800.056 8.069767769470884e-09
37850.056 4.5348772688011175e-09
37900.056 6.58987420227693e-09
37950.056 1.0420843175549056e-08
38000.056 1.1551515359671583e-08
38050.056 1.1763936725091755e-08
38100.056 1.2581445096062251e-08
38150.056 1.5496057887819152e-08
38200.056 1.5380368017911505e-08
38250.056 1.4758739640726646e-08
38300.056 2.231752120289373e-08
38350.056 2.1209303360367102e-08
38400.056 9.883264164418033e-09
38450.056 8.523341784999148e-09
38500.056 5.376747372203705e-09
38550.056 1.1474813801092557e-08
38600.056 1.1477591570145286e-08
38650.056 1.0569379861826537e-08
38700.056 9.170244784479085e-09
38750.056 1.2201593775394229e-08
38800.056 1.117692713247142e-08
38850.056 1.2324582274661865e-08
38900.056 1.6491454989953238e-08
38950.056 1.2219269447400945e-08
39000.056 1.6774525400921553e-08
39050.056 1.1968334061896007e-08
39100.056 1.6144740704345023e-08
39150.056 1.651886223937071e-08
39200.056 1.6448768397185094e-08
39250.056 2.176659154066089e-08
39300.056 1.4014550583203842e-08
39350.056 2.6166703290380662e-08
39400.056 1.588364916031035e-08
39450.056 2.111818683591143e-08
39500.056 2.2978751305735113e-08
39550.056 1.877969968705162e-08
39600.056 2.2468893423884906e-08
39650.056 2.324009764241923e-08
39700.056 2.4271700042468195e-08
39750.056 1.759258768379566e-08
39800.056 1.9299864932969612e-08
39850.056 3.10517377247511e-08
39900.056 3.170570365300417e-08
39950.056 2.048976132060579e-08
40000.056 3.5930862101896537e-08
40050.056 2.87840390873061e-08
40100.056 1.836091346197975e-08
40150.056 3.088380681446155e-08
40200.056 3.321281362650493e-08
40250.056 3.483433055084636e-08
40300.056 3.2890779336797484e-08
40350.056 3.0632543523254455e-08
40400.056 3.8373007242465684e-08
40450.056 2.7672269278554624e-08
40500.056 4.1096939761806495e-08
40550.056 4.071325817174831e-08
40600.056 3.6820448054586613e-08
40650.056 2.667446205745789e-08
40700.056 4.590888024345233e-08
40750.056 3.663861321259779e-08
40800.056 2.795402634110601e-08
40850.056 5.4762162567208496e-08
40900.056 4.775027595925065e-08
40950.056 4.429308425229988e-08
41000.056 4.3758899828347545e-08
41050.056 5.93015860621734e-08
41100.056 4.965287695325806e-08
41150.056 2.974170244294256e-08
41200.056 6.236548399606827e-08
41250.056 4.3348305773815525e-08
41300.056 4.533066696414823e-08
41350.056 6.635150659850506e-08
41400.056 5.714685606935217e-08
41450.056 6.91949682107804e-08
41500.056 5.337722682563402e-08
41550.056 5.0860643552515525e-08
41600.056 5.44074420506992e-08
41650.056 6.677370287713907e-08
41700.056 6.383612343845807e-08
41750.056 6.294581555708828e-08
41800.056 7.426805949213034e-08
41850.056 5.9131107091126286e-08
41900.056 5.898758845730081e-08
41950.056 5.427103060871627e-08
42000.056 5.0026403867171904e-08
42050.056 5.3413949731598256e-08
42100.056 6.634219056058554e-08
42150.056 6.06989114945179e-08
42200.056 5.674309145822358e-08
42250.056 5.204527222796608e-08
42300.056 5.6250026718665844e-08
42350.056 7.337006780791104e-08
42400.056 7.524867813503048e-08
42450.056 7.109015434923838e-08
42500.056 6.16769023577852e-08
42550.056 5.942178836148076e-08
42600.056 6.444388757095991e-08
42650.056 9.1385288862353e-08
42700.056 6.780758598865594e-08
42750.056 7.208853004754454e-08
42800.056 8.989869303002246e-08
42850.056 9.199118949797278e-08
42900.056 9.749280220264185e-08
42950.056 8.49378438349838e-08
43000.056 8.868531897483539e-08
43050.056 6.020880573567363e-08
43100.056 7.773574383996849e-08
43150.056 7.232376254760972e-08
43200.056 1.0290032510699453e-07
43250.056 1.214784352630029e-07
43300.056 1.1607216514998726e-07
43350.056 7.764600470278882e-08
43400.056 9.450731457409123e-08
43450.056 7.62565149330529e-08
43500.056 6.7510916294936e-08
43550.056 7.282756337049335e-08
43600.056 1.1647244063361807e-07
43650.056 8.782491703780527e-08
43700.056 1.134469863905296e-07
43750.056 1.0734164727080877e-07
43800.056 1.0208058987107912e-07
43850.056 8.598739732199846e-08
43900.056 8.910341257413547e-08
43950.056 5.7566031474803016e-08
44000.056 5.872332051868947e-08
44050.056 1.2195814166200947e-07
44100.056 1.5061286032020142e-07
44150.056 1.3058993015218674e-07
44200.056 1.1575055103249352e-07
44250.056 7.880531626001203e-08
44300.056 6.548766425521165e-08
44350.056 7.850849450935091e-08
44400.056 7.532577142239447e-08
44450.056 1.0902003099875977e-07
44500.056 1.0820895670242743e-07
44550.056 1.4986599500717853e-07
44600.056 1.1918984596088859e-07
44650.056 1.1268957982862889e-07
44700.056 7.8901452579007e-08
44750.056 1.1681559017393311e-07
44800.056 8.63959997674377e-08
44850.056 1.0665478568144654e-07
44900.056 9.902652741900356e-08
44950.056 1.2075321913520506e-07
45000.056 1.2760217087299802e-07
45050.056 1.1869725159549451e-07
45100.056 1.0741094107339392e-07
45150.056 1.1149859167824343e-07
45200.056 8.964711180480191e-08
45250.056 9.880390408705541e-08
45300.056 8.366689521852728e-08
45350.056 8.508883094182948e-08
45400.056 1.678970419290149e-07
45450.056 1.313026627710032e-07
45500.056 1.4987021269031553e-07
45550.056 1.5912099611093175e-07
45600.056 1.534399032620397e-07
45650.056 1.2012065951539769e-07
45700.056 8.92334887200038e-08
45750.056 8.884035414429975e-08
45800.056 1.7132506476198488e-07
45850.056 1.531530620249943e-07
45900.056 1.710237478379846e-07
45950.056 1.4616443812599034e-07
46000.056 1.620933615091038e-07
46050.056 1.2976614119902334e-07
46100.056 1.7749484305997507e-07
46150.056 1.2346810540551172e-07
46200.056 1.0831537640279e-07
46250.056 5.67210866220958e-08
46300.056 1.2917558769220475e-07
46350.056 1.2838718746402197e-07
46400.056 1.1177101277500458e-07
46450.056 1.0483887138742642e-07
46500.056 1.2772794753203617e-07
46550.056 7.734610118779816e-08
46600.056 1.0922288739971036e-07
46650.056 1.5809767711599416e-07
46700.056 1.0771937073797784e-07
46750.056 7.083799807376357e-08
46800.056 4.837859817405283e-08
46850.056 1.6637802016404096e-07
46900.056 1.4153613491599343e-07
46950.056 1.399640687219962e-07
47000.056 1.4131365951903368e-07
47050.056 1.1042668010563238e-07
47100.056 7.897867609550271e-08
47150.056 1.0630618971501031e-07
47200.056 1.2558119253199683e-07
47250.056 8.966320059009745e-08
47300.056 6.137106197754716e-08
47350.056 1.5804280034798207e-07
47400.056 1.2991533794299258e-07
47450.056 1.3100682855229392e-07
47500.056 1.583779647840794e-07
47550.056 1.3630024897301612e-07
47600.056 1.3024619174300406e-07
47650.056 1.2476453512117082e-07
47700.056 1.1071204769931288e-07
47750.056 8.362971670830482e-08
47800.056 7.765995604760859e-08
47850.056 4.761093415969929e-08
47900.056 6.814483136362405e-08
47950.056 1.1132911681362298e-07
48000.056 1.6217360202003537e-07
48050.056 1.4452056841101095e-07
48100.056 6.981739381621039e-08
48150.056 1.1760067185500482e-07
48200.056 8.620920376720164e-08
48250.056 9.552992569900388e-08
48300.056 1.4008785060996284e-07
48350.056 8.718696304770889e-08
48400.056 3.7121894733195053e-08
48450.056 7.425677369887817e-08
48500.056 1.0722521789897534e-07
48550.056 1.0008101241940734e-07
48600.056 1.1564478319999856e-07
48650.056 1.2884246134897243e-07
48700.056 9.716691413811215e-08
48750.056 6.955294094634557e-08
48800.056 1.4042984792019038e-07
48850.056 7.877567579438809e-08
48900.056 1.1766154392390857e-07
48950.056 7.078597623001049e-08
49000.056 3.52743319671147e-08
49050.056 9.112556563399246e-08
49100.056 1.1807905485052725e-07
49150.056 8.7358307375474e-08
49200.056 1.4210564541903194e-07
49250.056 1.3136661400402295e-07
49300.056 1.1474556826100237e-07
49350.056 5.200343625859011e-08
49400.056 7.195615136538233e-08
49450.056 7.787855183222676e-08
49500.056 5.956910778329509e-08
49550.056 1.931216382657299e-08
49600.056 4.5435067267504454e-08
49650.056 8.309994075299784e-08
49700.056 8.09154581863647e-08
49750.056 8.659333388768828e-08
49800.056 6.380765213292782e-08
49850.056 1.1778198421824048e-07
49900.056 9.047218247345918e-08
49950.056 9.377052099881031e-08
50000.056 7.68328594193756e-08
50050.056 9.18086011660063e-08
50100.056 7.24162597759023e-08
50150.056 4.170161104009025e-08
50200.056 1.0588202063591407e-08
50250.056 5.279285943299158e-08
50300.056 3.4723176510506376e-08
50350.056 9.08723757029126e-08
50400.056 8.194911002495002e-08
50450.056 6.489117246148804e-08
50500.056 8.649980966311345e-08
50550.056 7.828574693101168e-08
50600.056 6.068006055628018e-08
50650.056 9.662359338802083e-08
50700.056 9.764957535295405e-08
50750.056 6.730294577500914e-08
50800.056 2.9709152685775867e-08
50850.056 2.02739442007307e-08
50900.056 8.087323770200047e-08
50950.056 6.09205928840063e-08
51000.056 5.880756713970476e-08
51050.056 7.255523008699536e-08
51100.056 3.291488965111687e-08
51150.056 4.321913731885707e-08
51200.056 9.811770812399414e-08
51250.056 6.074147909373622e-08
51300.056 5.047354936683794e-08
51350.056 4.797950786045493e-08
51400.056 2.0059725697370137e-08
51450.056 1.5990484976558544e-08
51500.056 1.6599206251082405e-08
51550.056 5.742583985660365e-08
51600.056 4.073764068426364e-08
51650.056 4.694864277658331e-08
51700.056 5.0304676340248406e-08
51750.056 3.519003670388539e-08
51800.056 5.594175581399483e-08
51850.056 4.924759463239487e-08
51900.056 6.661293156959238e-08
51950.056 4.3715944234594286e-08
52000.056 7.2357475345171005e-09
52050.056 2.7484473808504454e-08
52100.056 1.7795364820498788e-08
52150.056 1.1909932038664617e-08
52200.056 2.3176857775400003e-08
52250.056 3.253151957461561e-08
52300.056 4.6744140610896913e-08
52350.056 2.2684385230946703e-08
52400.056 1.9526183784732586e-08
52450.056 5.6915662299404623e-08
52500.056 4.326691560050068e-08
52550.056 4.7602039077193515e-08
52600.056 3.697184639369981e-08
52650.056 4.367557482670483e-08
52700.056 3.4321720725899366e-08
52750.056 1.6949968412489252e-08
52800.056 2.6784883767204533e-08
52850.056 2.9078257037691745e-08
52900.056 1.692696522643366e-08
52950.056 2.371443377074122e-08
53000.056 3.6359266557312806e-08
53050.056 1.5071163195985913e-08
53100.056 3.4642108143184946e-08
53150.056 3.99829060304013e-08
53200.056 2.0024006835067303e-08
53250.056 4.098990455324487e-08
53300.056 4.937577780726723e-08
53350.056 3.911544091181998e-08
53400.056 2.6591865529590063e-08
53450.056 1.1370735626016718e-08
53500.056 2.7643473269263132e-09
53550.056 7.423461646247408e-09
