galfind/configs/Brown_Dwarf_templates/sonora_bobcat/m+0.5/17g/sp_t2000g17nc_m+0.5_resample.dat
# %ECSV 1.0
# ---
# datatype:
# - {name: wav, unit: Angstrom, datatype: float64}
# - {name: flux_nu, unit: erg / (cm2 Hz s), datatype: float64}
# meta: {C/O: '1.00', Kzz: '1.0000E+05', Teff: '2000.', Y: '0.28', '[Fe/H]': '0.50', f_hole: '1.00', f_rain: '0.00', grav: '18.'}
# schema: astropy-2.0
wav flux_nu
[from data line 498]
28900.056 1.9580759619402352e-06
28950.056 2.3540063935594183e-06
29000.056 1.9200127651391623e-06
29050.056 1.9450052224395937e-06
29100.056 1.7575141285499176e-06
29150.056 2.0450872630902414e-06
29200.056 1.9488122191403278e-06
29250.056 2.1366386328401097e-06
29300.056 1.914510646648867e-06
29350.056 2.2632072741095312e-06
29400.056 1.9534272487098678e-06
29450.056 1.948010043839852e-06
29500.056 2.0946306190898143e-06
29550.056 1.997881858860192e-06
29600.056 2.0606389286400096e-06
29650.056 2.1174877259400875e-06
29700.056 1.82709116050982e-06
29750.056 2.293132795711051e-06
29800.056 2.1769499354299707e-06
29850.056 2.1785700727997296e-06
29900.056 1.971822709670429e-06
29950.056 2.2694257911296235e-06
30000.056 2.271644273319215e-06
30050.056 2.1369822461998856e-06
30100.056 1.716954700839584e-06
30150.056 2.5818166574097337e-06
30200.056 2.3391382285702784e-06
30250.056 2.207311638810677e-06
30300.056 2.3384613806599177e-06
30350.056 2.1054636010104096e-06
30400.056 2.4813350907704212e-06
30450.056 2.0649615746002286e-06
30500.056 1.9975555354803756e-06
30550.056 2.6347691162306186e-06
30600.056 2.525180975370279e-06
30650.056 2.4750053126701003e-06
30700.056 2.3634982825800276e-06
30750.056 2.2263863919201453e-06
30800.056 2.640776330580775e-06
30850.056 2.323018979349917e-06
30900.056 2.369197420419798e-06
30950.056 2.2767710651802926e-06
31000.056 2.5633006559199087e-06
31050.056 2.1448255191400253e-06
31100.056 2.5247275527099578e-06
31150.056 2.555143047799769e-06
31200.056 2.6318862754096756e-06
31250.056 2.7330393897505614e-06
31300.056 2.463050465359741e-06
31350.056 2.503518896739983e-06
31400.056 2.5475513884404857e-06
31450.056 2.563631102900193e-06
31500.056 2.634793187600576e-06
31550.056 2.4200848174900024e-06
31600.056 2.5689877634298867e-06
31650.056 2.654825488670006e-06
31700.056 2.7770561010999426e-06
31750.056 2.3676613710202394e-06
31800.056 2.740113758900261e-06
31850.056 2.9949578280499627e-06
31900.056 2.9109414483998287e-06
31950.056 2.335035427589692e-06
32000.056 2.570385830510676e-06
32050.056 2.949270870820267e-06
32100.056 2.9378167415595946e-06
32150.056 2.9138332511102197e-06
32200.056 2.8180432121999176e-06
32250.056 2.652480992540176e-06
32300.056 2.9214706871101905e-06
32350.056 3.024807998900375e-06
32400.056 2.789975479079989e-06
32450.056 2.682006901570274e-06
32500.056 2.9073950157002715e-06
32550.056 3.1922281750001384e-06
32600.056 3.148162160999827e-06
32650.056 3.059234469151011e-06
32700.056 2.8998487189001166e-06
32750.056 3.0697102329200212e-06
32800.056 2.8376456882604854e-06
32850.056 3.3042343084697247e-06
32900.056 3.156828056509979e-06
32950.056 2.745398402359772e-06
33000.056 2.9961477375502972e-06
33050.056 3.067823135359692e-06
33100.056 3.2040250103390974e-06
33150.056 3.1622083714602895e-06
33200.056 2.939298048080669e-06
33250.056 3.1432622987800723e-06
33300.056 3.422341809200206e-06
33350.056 3.1723031915203136e-06
33400.056 2.9850592184197058e-06
33450.056 3.26684641969888e-06
33500.056 3.1891461578002603e-06
33550.056 3.1758860753594295e-06
33600.056 3.2067069638406507e-06
33650.056 3.3070462345406976e-06
33700.056 3.4472695332994777e-06
33750.056 3.4278365500200906e-06
33800.056 3.372716810799947e-06
33850.056 3.205757649339979e-06
33900.056 3.5629720354995338e-06
33950.056 3.1593976271995827e-06
34000.056 3.2471543619491944e-06
34050.056 3.308158399510044e-06
34100.056 3.576146321620449e-06
34150.056 3.4623022017997013e-06
34200.056 3.265612539699433e-06
34250.056 3.6199399811995478e-06
34300.056 3.368035616299505e-06
34350.056 3.547408087999512e-06
34400.056 3.2163947028695232e-06
34450.056 3.339541298659924e-06
34500.056 3.3522004735006958e-06
34550.056 3.2872293504498452e-06
34600.056 3.456178456980141e-06
34650.056 3.440541014499916e-06
34700.056 3.2841995126994842e-06
34750.056 3.5178540029002813e-06
34800.056 3.702470953499519e-06
34850.056 3.317936781440138e-06
34900.056 3.574337547500371e-06
34950.056 3.452282163599158e-06
35000.056 3.3604014082995545e-06
35050.056 3.6619627508004983e-06
35100.056 3.5762898738991263e-06
35150.056 3.497424417839747e-06
35200.056 3.6233309950996297e-06
35250.056 3.178881867000222e-06
35300.056 3.5332230445003212e-06
35350.056 3.713382113899734e-06
35400.056 3.4986494761997886e-06
35450.056 3.372658931300388e-06
35500.056 3.618592906499876e-06
35550.056 3.4376762184999507e-06
35600.056 3.3593485317993693e-06
35650.056 3.7532353681004686e-06
35700.056 3.369455722200424e-06
35750.056 3.4898869870997247e-06
35800.056 3.5962162881996365e-06
35850.056 3.7052193946996034e-06
35900.056 3.7930969135995353e-06
35950.056 3.6650605618996763e-06
36000.056 3.3343593451995843e-06
36050.056 3.7867962894002352e-06
36100.056 3.898040458999873e-06
36150.056 3.5518124786002962e-06
36200.056 3.812306699999527e-06
36250.056 3.5080072038992903e-06
36300.056 4.039618826600842e-06
36350.056 3.891543268099423e-06
36400.056 3.6993732449998924e-06
36450.056 3.988984235599652e-06
36500.056 3.7529746012003046e-06
36550.056 3.5976175868004755e-06
36600.056 3.72348559540038e-06
36650.056 3.8391443880004674e-06
36700.056 3.9989558575002335e-06
36750.056 3.7602517090004628e-06
36800.056 3.834838451599475e-06
36850.056 3.831469732400193e-06
36900.056 3.9554064518006605e-06
36950.056 3.9354996374000334e-06
37000.056 3.978678301800262e-06
37050.056 4.042752856999979e-06
37100.056 3.914911484500317e-06
37150.056 3.864812429899137e-06
37200.056 4.071432339800125e-06
37250.056 4.085448811100359e-06
37300.056 4.064738679200795e-06
37350.056 3.872218167600562e-06
37400.056 4.055445337599618e-06
37450.056 4.0654307605003846e-06
37500.056 4.118424124999812e-06
37550.056 4.011040696499255e-06
37600.056 4.222906984299413e-06
37650.056 3.895694602499564e-06
37700.056 3.927775395200157e-06
37750.056 4.238693818299346e-06
37800.056 4.335360461199946e-06
37850.056 4.125657168899799e-06
37900.056 4.2197226881002715e-06
37950.056 4.2567082859002585e-06
38000.056 4.107457775600618e-06
38050.056 4.174459730800254e-06
38100.056 4.027614794900193e-06
38150.056 4.329435277499347e-06
38200.056 4.4483998726993324e-06
38250.056 4.1004136892006136e-06
38300.056 4.045298206899928e-06
38350.056 4.235502427299897e-06
38400.056 4.260283229399806e-06
38450.056 4.258323977600445e-06
38500.056 4.195784733299767e-06
38550.056 4.1974830486002935e-06
38600.056 4.53967360929975e-06
38650.056 4.017506769000196e-06
38700.056 4.124451405600587e-06
38750.056 4.310554066500033e-06
38800.056 4.220749133700574e-06
38850.056 4.244199039100315e-06
38900.056 4.114027051899908e-06
38950.056 4.286628024799536e-06
39000.056 4.215594337400166e-06
39050.056 4.257056297499945e-06
39100.056 4.045028344299906e-06
39150.056 4.1740366843002425e-06
39200.056 4.313631519900211e-06
39250.056 4.288979603299313e-06
39300.056 4.285076274799185e-06
39350.056 4.242382298900478e-06
39400.056 4.156567446400146e-06
39450.056 4.177973397599691e-06
39500.056 4.1749784497998514e-06
39550.056 4.083336308699113e-06
39600.056 4.4329094172003395e-06
39650.056 4.041957731700113e-06
39700.056 4.220069309699895e-06
39750.056 4.17775405139953e-06
39800.056 3.993463401300271e-06
39850.056 4.09545372719975e-06
39900.056 4.024789266399775e-06
39950.056 4.225090466999837e-06
40000.056 3.953677038999755e-06
40050.056 3.686289858999889e-06
40100.056 3.9969739306997205e-06
40150.056 3.7229313214992954e-06
40200.056 3.887367276899617e-06
40250.056 3.9524937373987385e-06
40300.056 3.5728860916002158e-06
40350.056 3.815846535300385e-06
40400.056 3.904178777199777e-06
40450.056 3.605661478700872e-06
40500.056 3.3864505956000167e-06
40550.056 3.938852798999832e-06
40600.056 3.58672080520027e-06
40650.056 3.6370316415008552e-06
40700.056 3.827915821500391e-06
40750.056 3.3917040723990283e-06
40800.056 3.3611300882005187e-06
40850.056 3.1973455879007397e-06
40900.056 3.1519652778006797e-06
40950.056 3.4414871103999614e-06
41000.056 3.5929954344004068e-06
41050.056 3.4566348014993386e-06
41100.056 3.3131099531006323e-06
41150.056 3.5706679164002235e-06
41200.056 3.2893132600000142e-06
41250.056 3.3978744802002325e-06
41300.056 2.962163561799658e-06
41350.056 3.477651074600229e-06
41400.056 3.3511177694999607e-06
41450.056 3.151206988700024e-06
41500.056 3.4198387536000027e-06
41550.056 3.3862252617400196e-06
41600.056 3.594453255199867e-06
41650.056 3.1269100305005675e-06
41700.056 3.0197129093996863e-06
41750.056 3.1162409721999073e-06
41800.056 3.000281854399646e-06
41850.056 2.882269863000357e-06
41900.056 3.221132189329588e-06
41950.056 2.6573600062005377e-06
42000.056 3.0062848278802007e-06
42050.056 2.7731899805988998e-06
42100.056 3.0497930716904546e-06
42150.056 2.506642341379002e-06
42200.056 2.662442391090005e-06
42250.056 2.7647965701099815e-06
42300.056 2.3382691478599232e-06
42350.056 2.7763400403407046e-06
42400.056 2.446499115850426e-06
42450.056 2.0277549080303405e-06
42500.056 2.2476023819903674e-06
42550.056 2.302108553380002e-06
42600.056 2.249930166020531e-06
42650.056 1.9407823679888277e-06
42700.056 2.3361895347709763e-06
42750.056 2.118721930240136e-06
42800.056 2.0612523804605802e-06
42850.056 2.077027760199847e-06
42900.056 2.108739563920151e-06
42950.056 1.961589635798998e-06
43000.056 1.9882911495799017e-06
43050.056 2.0360857072810614e-06
43100.056 2.078647700900066e-06
43150.056 2.0995007070103085e-06
43200.056 2.108258403250114e-06
43250.056 2.012967752580225e-06
43300.056 2.1322001930202715e-06
43350.056 1.9273295365299023e-06
43400.056 2.005603533099948e-06
43450.056 2.0877711992608887e-06
43500.056 1.9657353839895905e-06
43550.056 2.1256793179598506e-06
43600.056 2.1144770872402057e-06
43650.056 1.9156773977204305e-06
43700.056 1.8774519993595092e-06
43750.056 1.972592663910101e-06
43800.056 1.8626792743402006e-06
43850.056 1.944628003720421e-06
43900.056 1.9987792935599557e-06
43950.056 1.916979395470638e-06
44000.056 1.841388772670566e-06
44050.056 1.9069743277001223e-06
44100.056 1.922409937610435e-06
44150.056 2.032367796099423e-06
44200.056 1.9401520377797993e-06
44250.056 1.8537497992299763e-06
44300.056 1.8413649567301915e-06
44350.056 1.8675039858200243e-06
44400.056 1.8489299274500896e-06
44450.056 1.96284732344001e-06
44500.056 2.0609701099002733e-06
44550.056 1.8558148993995006e-06
44600.056 1.933476936860246e-06
44650.056 1.9893796644703314e-06
44700.056 1.8834498882002333e-06
44750.056 1.9867448997997553e-06
44800.056 2.150124528249856e-06
44850.056 2.13765330620011e-06
44900.056 2.0353220958004428e-06
44950.056 1.8777134807698805e-06
45000.056 2.102027318199947e-06
45050.056 2.060470956999761e-06
45100.056 2.1018948838597256e-06
45150.056 2.131538209489863e-06
45200.056 1.9967273560799857e-06
45250.056 2.027171936299607e-06
45300.056 1.9796016194600318e-06
45350.056 2.2022435354396032e-06
45400.056 2.1952799923003666e-06
45450.056 2.045213469399762e-06
45500.056 2.0106052215599037e-06
45550.056 2.1896539314097025e-06
45600.056 2.1590747105799107e-06
45650.056 1.9439935867193366e-06
45700.056 2.104030102820295e-06
45750.056 2.1356942022397934e-06
45800.056 2.1402151857599887e-06
45850.056 2.2773406243900677e-06
45900.056 2.3382245069601424e-06
45950.056 2.0883467484899185e-06
46000.056 2.2841620799200254e-06
46050.056 2.261196908190419e-06
46100.056 2.1410859113201276e-06
46150.056 2.1874948929600165e-06
46200.056 2.389446499700435e-06
46250.056 2.0671433027798148e-06
46300.056 2.3700681209898075e-06
46350.056 1.9880440362598307e-06
46400.056 2.157155368679692e-06
46450.056 2.0843525688005543e-06
46500.056 2.0740112460600257e-06
46550.056 2.263693672439818e-06
46600.056 2.0768718162696866e-06
46650.056 2.4823350019801316e-06
46700.056 2.2974414551204667e-06
46750.056 2.069698791899872e-06
46800.056 2.253896022170367e-06
46850.056 2.2758375209100793e-06
46900.056 2.2277492127195253e-06
46950.056 2.2787221204402327e-06
47000.056 2.304893457310022e-06
47050.056 2.2230219169496273e-06
47100.056 2.2358130687501707e-06
47150.056 2.2093227272705086e-06
47200.056 2.195328441560569e-06
47250.056 2.2036148273592115e-06
47300.056 2.113535821009344e-06
47350.056 1.977365181599613e-06
47400.056 2.273107852519469e-06
47450.056 2.3827506013598032e-06
47500.056 2.151412486489245e-06
47550.056 2.1989232158993362e-06
47600.056 2.350923571520042e-06
47650.056 1.8632417945495332e-06
47700.056 2.3258673736002145e-06
47750.056 1.8300129751405312e-06
47800.056 2.351197854199769e-06
47850.056 2.0135211645989886e-06
47900.056 2.393748274290155e-06
47950.056 1.8833723824405639e-06
48000.056 2.460664505600062e-06
48050.056 1.9862966789105375e-06
48100.056 2.0386426231800673e-06
48150.056 1.994783981860211e-06
48200.056 2.3322857249808095e-06
48250.056 2.084690468309502e-06
48300.056 2.440097796899676e-06
48350.056 1.8912743531097323e-06
48400.056 2.379554715829976e-06
48450.056 2.1803407662702382e-06
48500.056 2.412455343400094e-06
48550.056 2.027589754930072e-06
48600.056 2.215301013399795e-06
48650.056 1.8942541922000335e-06
48700.056 2.0858774664100283e-06
48750.056 1.858545412760467e-06
48800.056 2.4745118075900964e-06
48850.056 2.0438378256496913e-06
48900.056 2.25910905119997e-06
48950.056 2.238852402140498e-06
49000.056 2.1300056185598805e-06
49050.056 2.0873459694797964e-06
49100.056 2.123350590709998e-06
49150.056 2.1153167121902978e-06
49200.056 2.29828510390002e-06
49250.056 2.1585638608002727e-06
49300.056 2.029135540069735e-06
49350.056 1.8827256463401342e-06
49400.056 2.2568117904004792e-06
49450.056 2.0362690714404152e-06
49500.056 2.1230361678403243e-06
49550.056 1.9586391258000545e-06
49600.056 2.030529785500477e-06
49650.056 2.0011640833404537e-06
49700.056 1.7941754443798276e-06
49750.056 2.3335126368994197e-06
49800.056 2.1327766756100165e-06
49850.056 2.2652453605600304e-06
49900.056 1.9954769394001304e-06
49950.056 2.17806395704913e-06
50000.056 1.9952220175395525e-06
50050.056 2.110545394860194e-06
50100.056 2.081423294189726e-06
50150.056 2.0085405155798902e-06
50200.056 1.7942345854700966e-06
50250.056 1.8456561233701004e-06
50300.056 1.9295231446495608e-06
50350.056 2.002333660280028e-06
50400.056 2.0057730171702115e-06
50450.056 1.8845348145001916e-06
50500.056 2.33664447032039e-06
50550.056 2.0307663160998414e-06
50600.056 2.0300918278902295e-06
50650.056 2.006721641000576e-06
50700.056 2.0699288780592057e-06
50750.056 1.946656209220225e-06
50800.056 1.8991697049700765e-06
50850.056 1.942297451020273e-06
50900.056 1.9048035282599786e-06
50950.056 2.1594241690502904e-06
51000.056 2.2150515161802317e-06
51050.056 1.817774817650421e-06
51100.056 1.844644015609866e-06
51150.056 2.010377618740126e-06
51200.056 2.0125048725997833e-06
51250.056 2.0795482666400076e-06
51300.056 1.945481147000653e-06
51350.056 2.0262054403296813e-06
51400.056 1.9262985089994584e-06
51450.056 1.5736507228898554e-06
51500.056 2.0360816240597655e-06
51550.056 2.238430824160205e-06
51600.056 1.728449860529908e-06
51650.056 1.9342946723996856e-06
51700.056 1.7152786633194834e-06
51750.056 1.8143100047901388e-06
51800.056 1.9343693292398277e-06
51850.056 2.0309229768000576e-06
51900.056 2.0791592443802863e-06
51950.056 1.8579157735497784e-06
52000.056 1.7872686128499373e-06
52050.056 2.0050502623298696e-06
52100.056 1.9462923248794637e-06
52150.056 1.9416888485104036e-06
52200.056 1.8763423290801173e-06
52250.056 1.8293964873699743e-06
52300.056 1.8476601872099752e-06
52350.056 2.181836423640257e-06
52400.056 1.7851264850698227e-06
52450.056 1.8744411932699126e-06
52500.056 1.9463707255093405e-06
52550.056 1.8032536404195082e-06
52600.056 1.9631611849802144e-06
52650.056 2.1810822327104625e-06
52700.056 1.928450405280055e-06
52750.056 1.5881263918898278e-06
52800.056 1.7866627590202937e-06
52850.056 1.7318987462498194e-06
52900.056 1.8396783197603537e-06
52950.056 1.840465514839538e-06
53000.056 1.9700011571197866e-06
53050.056 1.9404721210397583e-06
53100.056 1.6649695218094842e-06
53150.056 2.0046514149404804e-06
53200.056 1.6229964140203098e-06
53250.056 2.176854111599889e-06
53300.056 1.9987480214007254e-06
53350.056 2.031687873219859e-06
53400.056 1.794907482450155e-06
