galfind/configs/Brown_Dwarf_templates/sonora_bobcat/m+0.5/17g/sp_t800g17nc_m+0.5_resample.dat
# %ECSV 1.0
# ---
# datatype:
# - {name: wav, unit: Angstrom, datatype: float64}
# - {name: flux_nu, unit: erg / (cm2 Hz s), datatype: float64}
# meta: {C/O: '1.00', Kzz: '1.0000E+05', Teff: '800.', Y: '0.28', '[Fe/H]': '0.50', f_hole: '1.00', f_rain: '0.00', grav: '18.'}
# schema: astropy-2.0
wav flux_nu
[from data line 498]
28900.056 2.9611188644980848e-08
28950.056 6.454571792939715e-08
29000.056 5.0744292841218696e-08
29050.056 5.3264731904549096e-08
29100.056 4.0510750252712324e-08
29150.056 6.677322620227504e-08
29200.056 4.9842647171017886e-08
29250.056 7.28190546353987e-08
29300.056 4.1519359627758347e-08
29350.056 9.610309687788459e-08
29400.056 5.3081536340441933e-08
29450.056 6.083944479385708e-08
29500.056 6.907364397074259e-08
29550.056 5.7850693715379885e-08
29600.056 6.871878440149177e-08
29650.056 6.976365050394698e-08
29700.056 4.6779146119501266e-08
29750.056 6.97838856862336e-08
29800.056 7.126329143516233e-08
29850.056 7.632553087920468e-08
29900.056 6.719253764975607e-08
29950.056 6.821769953098798e-08
30000.056 4.222554689458169e-08
30050.056 4.3531258273299936e-08
30100.056 3.6757561976597926e-08
30150.056 6.398278803424407e-08
30200.056 4.485687112934096e-08
30250.056 7.419941286622288e-08
30300.056 6.178731883151365e-08
30350.056 5.1598189070402884e-08
30400.056 6.038990401691726e-08
30450.056 4.2501063704863994e-08
30500.056 3.4000046129304855e-08
30550.056 3.7487249992680984e-08
30600.056 4.3085110586297856e-08
30650.056 3.192746382460993e-08
30700.056 3.331143160039004e-08
30750.056 3.24030965429829e-08
30800.056 2.5366432199264295e-08
30850.056 2.491541275789389e-08
30900.056 2.1186006515078754e-08
30950.056 2.1651215544876405e-08
31000.056 1.787912383168141e-08
31050.056 1.6250749789299844e-08
31100.056 1.3689220697847403e-08
31150.056 1.6659971168788893e-08
31200.056 1.684087246060354e-08
31250.056 1.2099948022186171e-08
31300.056 1.1515467931158128e-08
31350.056 1.1864477457939566e-08
31400.056 9.009288070519514e-09
31450.056 9.710517349798048e-09
31500.056 7.586282499467999e-09
31550.056 8.9772353505097e-09
31600.056 6.3486814379995065e-09
31650.056 6.262682604060899e-09
31700.056 5.9716215487189675e-09
31750.056 5.3166444162125155e-09
31800.056 6.264255204729908e-09
31850.056 5.383715549820301e-09
31900.056 5.880201459478833e-09
31950.056 3.501873198729653e-09
32000.056 4.865096671969747e-09
32050.056 5.469426538770044e-09
32100.056 5.374181867971393e-09
32150.056 5.341043868089107e-09
32200.056 4.747578352870437e-09
32250.056 5.832068904300447e-09
32300.056 4.760212273540041e-09
32350.056 6.054903428498313e-09
32400.056 4.371379550338181e-09
32450.056 5.416624997548156e-09
32500.056 5.135791363021063e-09
32550.056 4.612275796189732e-09
32600.056 6.175921872400694e-09
32650.056 9.281158647958413e-09
32700.056 7.414563112261319e-09
32750.056 8.730379827262324e-09
32800.056 8.251786489450994e-09
32850.056 9.421381923388386e-09
32900.056 1.0801254156096584e-08
32950.056 1.1534403114470243e-08
33000.056 9.223465857665694e-09
33050.056 8.974212432147302e-09
33100.056 3.886878950268723e-09
33150.056 1.6451114582399307e-09
33200.056 1.4018500735299308e-09
33250.056 7.511705274999541e-10
33300.056 7.974855841200799e-10
33350.056 1.3919427538999257e-09
33400.056 2.1148329519088453e-09
33450.056 3.24635562326973e-09
33500.056 5.239548983133859e-09
33550.056 4.595662325202582e-09
33600.056 7.743937312798494e-09
33650.056 7.280433033687414e-09
33700.056 6.768413838078516e-09
33750.056 9.101129365203584e-09
33800.056 8.700221078791666e-09
33850.056 9.033169724328846e-09
33900.056 7.53891075822091e-09
33950.056 7.603706191188805e-09
34000.056 9.93944007771524e-09
34050.056 5.190071761245449e-09
34100.056 9.724904162569806e-09
34150.056 8.430763416871537e-09
34200.056 7.729533504476168e-09
34250.056 7.90246222936292e-09
34300.056 7.828705398166199e-09
34350.056 6.137195478729453e-09
34400.056 5.757693871558164e-09
34450.056 7.386811268497828e-09
34500.056 7.326260360881361e-09
34550.056 6.413435464381113e-09
34600.056 9.46775177159879e-09
34650.056 6.9953043964305645e-09
34700.056 8.407790623829582e-09
34750.056 8.528417650316862e-09
34800.056 7.961668163226068e-09
34850.056 8.27253536820369e-09
34900.056 9.462665502686121e-09
34950.056 1.0113455908696766e-08
35000.056 1.4498008068956029e-08
35050.056 8.994653435557843e-09
35100.056 1.180279321711326e-08
35150.056 9.990910826921824e-09
35200.056 1.2194552756617309e-08
35250.056 1.514658342371415e-08
35300.056 1.2997505086511625e-08
35350.056 1.2542663555775097e-08
35400.056 1.4246651198397453e-08
35450.056 9.557454574794887e-09
35500.056 1.891494103229871e-08
35550.056 1.780428718389507e-08
35600.056 1.4044441981709267e-08
35650.056 1.6845917497444875e-08
35700.056 1.5730983087084428e-08
35750.056 2.0696021396396132e-08
35800.056 2.7566004393798847e-08
35850.056 1.6149010065176477e-08
35900.056 2.0864668834049086e-08
35950.056 1.864705423148986e-08
36000.056 1.90855455268041e-08
36050.056 1.6585419171491787e-08
36100.056 1.868642780660775e-08
36150.056 1.9341337910893775e-08
36200.056 2.0077823975392012e-08
36250.056 2.0602659858479294e-08
36300.056 2.3216834566637624e-08
36350.056 2.212166354968495e-08
36400.056 2.0497056272834417e-08
36450.056 2.819101748541623e-08
36500.056 2.993913298531774e-08
36550.056 2.7584273935006056e-08
36600.056 3.459976101600112e-08
36650.056 3.4492555304217935e-08
36700.056 3.859441333515152e-08
36750.056 4.080614481853597e-08
36800.056 3.897976899650159e-08
36850.056 3.681741960789217e-08
36900.056 4.1756355181891396e-08
36950.056 4.5932126219387434e-08
37000.056 4.3303447587493986e-08
37050.056 4.1152054122088173e-08
37100.056 5.045244989530282e-08
37150.056 3.9446846543093206e-08
37200.056 4.692548698218808e-08
37250.056 5.031967994879162e-08
37300.056 4.2882584327279324e-08
37350.056 4.432463589761168e-08
37400.056 6.876405038499636e-08
37450.056 5.236132071063795e-08
37500.056 5.342243961269403e-08
37550.056 5.9280277348057244e-08
37600.056 6.282292151460396e-08
37650.056 5.093647826789514e-08
37700.056 7.699458354021083e-08
37750.056 5.552357917068739e-08
37800.056 5.855895575724607e-08
37850.056 4.520574097740294e-08
37900.056 4.913908883521069e-08
37950.056 6.2365340797779e-08
38000.056 7.513739218861055e-08
38050.056 7.315246718791049e-08
38100.056 6.515473716742652e-08
38150.056 8.677609358999618e-08
38200.056 8.918132527783431e-08
38250.056 9.03948981798145e-08
38300.056 1.1440226719418832e-07
38350.056 1.1409084941540937e-07
38400.056 7.138482041467085e-08
38450.056 7.821469451238719e-08
38500.056 5.510398160409296e-08
38550.056 8.222574415932231e-08
38600.056 8.975641313883286e-08
38650.056 7.673012392958522e-08
38700.056 8.293538039439411e-08
38750.056 1.0005690702101742e-07
38800.056 8.340213329519121e-08
38850.056 8.347544093040608e-08
38900.056 1.1726153897122158e-07
38950.056 9.924170995627502e-08
39000.056 1.0614315661260301e-07
39050.056 9.57105955399875e-08
39100.056 1.0981443798592191e-07
39150.056 1.0452918553310925e-07
39200.056 1.186498092524007e-07
39250.056 1.3431274913304985e-07
39300.056 1.0523457661942818e-07
39350.056 1.4743245255218794e-07
39400.056 1.2624182560637355e-07
39450.056 1.3318277734939582e-07
39500.056 1.2842944798934647e-07
39550.056 1.420152933784355e-07
39600.056 1.4162779614574865e-07
39650.056 1.5134718364299098e-07
39700.056 1.4927811737003174e-07
39750.056 1.2878611821403795e-07
39800.056 1.5151091938692649e-07
39850.056 1.7656582766099516e-07
39900.056 1.7651894822403218e-07
39950.056 1.549273439377192e-07
40000.056 2.2631895115387334e-07
40050.056 1.7535144237520561e-07
40100.056 1.5982221958659577e-07
40150.056 1.9955623445993579e-07
40200.056 2.006345376048961e-07
40250.056 1.9022493119789534e-07
40300.056 1.905780999865752e-07
40350.056 2.179280436404866e-07
40400.056 2.3550959140337397e-07
40450.056 2.24078555513092e-07
40500.056 2.2618318988297473e-07
40550.056 2.3031741497054692e-07
40600.056 2.2861181330203172e-07
40650.056 2.0153177105352208e-07
40700.056 2.711071281570063e-07
40750.056 2.484795690139739e-07
40800.056 2.019832568078814e-07
40850.056 2.8217053788011496e-07
40900.056 2.611673968312522e-07
40950.056 2.481228555816236e-07
41000.056 2.667894421560174e-07
41050.056 3.072726677599529e-07
41100.056 2.6192483846804974e-07
41150.056 2.2190374150205566e-07
41200.056 3.085078958369321e-07
41250.056 2.6143810936594985e-07
41300.056 2.441002073889318e-07
41350.056 3.4846116471709685e-07
41400.056 3.1212562135110376e-07
41450.056 3.296065924961009e-07
41500.056 2.883643368710265e-07
41550.056 2.847430084900644e-07
41600.056 3.443331011169594e-07
41650.056 3.4527506294401257e-07
41700.056 2.9842049961082103e-07
41750.056 3.183039784749821e-07
41800.056 3.149206456519524e-07
41850.056 2.6033036423853115e-07
41900.056 2.633650074621698e-07
41950.056 2.2298560297804977e-07
42000.056 2.2613543095898077e-07
42050.056 2.1950770676779445e-07
42100.056 2.855283957510015e-07
42150.056 2.248629577809443e-07
42200.056 2.054680264260017e-07
42250.056 2.0218491681443387e-07
42300.056 1.982018964052185e-07
42350.056 2.470944350020555e-07
42400.056 2.1283470082908322e-07
42450.056 2.0413955203501366e-07
42500.056 2.0056557249099748e-07
42550.056 2.0249912941997507e-07
42600.056 1.9483794747834905e-07
42650.056 2.028048813069369e-07
42700.056 2.1119358441243408e-07
42750.056 1.907531608699762e-07
42800.056 1.9526268208007032e-07
42850.056 2.2209847946591746e-07
42900.056 2.2159127092005962e-07
42950.056 2.132564292209101e-07
43000.056 2.2064795974700123e-07
43050.056 1.7768394231210085e-07
43100.056 2.126649545599795e-07
43150.056 1.97774487787547e-07
43200.056 2.3551131781001812e-07
43250.056 2.4118667478598925e-07
43300.056 2.4224876918399247e-07
43350.056 2.109349267469878e-07
43400.056 2.226168958229758e-07
43450.056 2.1163012951023588e-07
43500.056 1.9253143155197444e-07
43550.056 2.075214943546439e-07
43600.056 2.524249528950166e-07
43650.056 2.2215637764581107e-07
43700.056 2.2766348011299614e-07
43750.056 2.3829143883208075e-07
43800.056 2.152668484239559e-07
43850.056 2.2296733932204494e-07
43900.056 2.3313214500397263e-07
43950.056 1.9418015922803766e-07
44000.056 1.9807892413200966e-07
44050.056 2.578363731130359e-07
44100.056 2.726988634200191e-07
44150.056 2.45082550606904e-07
44200.056 2.4968044844697995e-07
44250.056 2.2945136299500012e-07
44300.056 2.1420959898304291e-07
44350.056 2.148156900915453e-07
44400.056 2.4233111404601426e-07
44450.056 2.561304233719713e-07
44500.056 2.775869127860544e-07
44550.056 2.8697258551994645e-07
44600.056 2.4296854820664373e-07
44650.056 2.74591574235074e-07
44700.056 2.2579142610901785e-07
44750.056 2.753157454810041e-07
44800.056 2.6247764501302296e-07
44850.056 2.619094579250602e-07
44900.056 2.4849212339501397e-07
44950.056 2.6499432922401144e-07
45000.056 2.8577990832596315e-07
45050.056 2.794923542150133e-07
45100.056 2.7807494235499175e-07
45150.056 2.7956029864206714e-07
45200.056 2.5153444897302673e-07
45250.056 2.6322726483591197e-07
45300.056 2.4699058093205584e-07
45350.056 2.597216006889903e-07
45400.056 3.1076871751402774e-07
45450.056 2.708088474919576e-07
45500.056 2.8264027870899823e-07
45550.056 3.1272494436193014e-07
45600.056 3.075499829300111e-07
45650.056 2.471679092949553e-07
45700.056 2.758601546670459e-07
45750.056 2.445432007739788e-07
45800.056 2.9951769324399585e-07
45850.056 3.275397492839919e-07
45900.056 3.343625704100082e-07
45950.056 2.8613371236099803e-07
46000.056 3.2284241585099206e-07
46050.056 2.960317828660217e-07
46100.056 3.017427639500084e-07
46150.056 2.86595908539991e-07
46200.056 2.834886309120337e-07
46250.056 2.314820669758638e-07
46300.056 3.179073728929901e-07
46350.056 2.8106577741300807e-07
46400.056 2.7474438036601023e-07
46450.056 2.766194528000476e-07
46500.056 2.76072888881035e-07
46550.056 2.8685026536996923e-07
46600.056 2.9474908986520376e-07
46650.056 3.75602878449943e-07
46700.056 3.2449138582607546e-07
46750.056 2.4267685763617223e-07
46800.056 2.3333307987702502e-07
46850.056 3.6274679170008374e-07
46900.056 3.2922151434995274e-07
46950.056 3.451303538340261e-07
47000.056 2.999206954620036e-07
47050.056 3.18885902610879e-07
47100.056 2.404729025171464e-07
47150.056 2.6840157594101246e-07
47200.056 3.056607629440351e-07
47250.056 2.6327034854699296e-07
47300.056 2.2997111531567497e-07
47350.056 3.006085047039487e-07
47400.056 3.2765359907394934e-07
47450.056 3.0285367610540736e-07
47500.056 3.451368444599294e-07
47550.056 2.997892208919883e-07
47600.056 3.04934119509976e-07
47650.056 2.442978154549384e-07
47700.056 3.137874517715758e-07
47750.056 2.1527667489901931e-07
47800.056 2.823680832930006e-07
47850.056 2.1181789391998782e-07
47900.056 2.6882120768196156e-07
47950.056 2.4027222498404517e-07
48000.056 3.534286609700595e-07
48050.056 3.0986807409201966e-07
48100.056 2.5678388366601153e-07
48150.056 2.856880446000328e-07
48200.056 2.8722834426102097e-07
48250.056 2.645753483659915e-07
48300.056 3.1747625009585677e-07
48350.056 2.2576452719102016e-07
48400.056 2.0554936970218129e-07
48450.056 2.6438205022509526e-07
48500.056 3.429797264779671e-07
48550.056 2.4954307831599564e-07
48600.056 2.9436654090900305e-07
48650.056 2.728036125799659e-07
48700.056 2.7628845790998127e-07
48750.056 2.1110897677910094e-07
48800.056 3.696894549039881e-07
48850.056 2.3267636457797045e-07
48900.056 3.218079750120143e-07
48950.056 2.826484432460566e-07
49000.056 1.88798356254744e-07
49050.056 2.844404455300033e-07
49100.056 2.9425059377006106e-07
49150.056 2.7501041273383815e-07
49200.056 3.2251227326602217e-07
49250.056 3.1414307059004283e-07
49300.056 2.7234131195400035e-07
49350.056 2.1249025232803948e-07
49400.056 2.648787610979906e-07
49450.056 2.5947305552909145e-07
49500.056 2.3449138894096555e-07
49550.056 1.5732996333802135e-07
49600.056 2.2901206984086565e-07
49650.056 2.6369758947299426e-07
49700.056 2.3143011051291818e-07
49750.056 2.7572694772692117e-07
49800.056 2.430313000106289e-07
49850.056 3.3656040896309037e-07
49900.056 2.653716959479866e-07
49950.056 2.734280940399832e-07
50000.056 2.528776084479672e-07
50050.056 2.914986045950136e-07
50100.056 2.5270017759600207e-07
50150.056 1.8499708397897165e-07
50200.056 1.0479474071600295e-07
50250.056 2.5322620268996137e-07
50300.056 2.0024016367702045e-07
50350.056 3.110401042040262e-07
50400.056 2.666551325989849e-07
50450.056 2.2719600640045504e-07
50500.056 2.595105767760472e-07
50550.056 2.406578238450108e-07
50600.056 2.409238579169511e-07
50650.056 2.875529734540993e-07
50700.056 3.03747379906869e-07
50750.056 2.7379564590005934e-07
50800.056 1.699816425325965e-07
50850.056 1.6798407749106308e-07
50900.056 2.933088136940215e-07
50950.056 2.3324655250005417e-07
51000.056 2.6825352724502383e-07
51050.056 2.3251051659101544e-07
51100.056 1.623132796378868e-07
51150.056 2.1940480813795625e-07
51200.056 3.032647456799899e-07
51250.056 2.3749918063891072e-07
51300.056 2.0585950052913307e-07
51350.056 2.0108277697999262e-07
51400.056 1.3098393982998823e-07
51450.056 1.125223430547639e-07
51500.056 1.336961251973544e-07
51550.056 2.794706725184217e-07
51600.056 2.0099030671204843e-07
51650.056 2.0495958721794945e-07
51700.056 2.0428557659054153e-07
51750.056 1.5438424781504897e-07
51800.056 2.2387380121093866e-07
51850.056 2.1777665884301394e-07
51900.056 2.8492820614009496e-07
51950.056 2.352445904499792e-07
52000.056 1.0255359872598554e-07
52050.056 1.918472025937418e-07
52100.056 1.3748536581396639e-07
52150.056 1.3104899251121077e-07
52200.056 1.3351824874530373e-07
52250.056 1.662995331140346e-07
52300.056 2.3768467708298823e-07
52350.056 1.8529699984101755e-07
52400.056 1.2733026467709542e-07
52450.056 2.1765265565800493e-07
52500.056 2.0532665419592948e-07
52550.056 2.2914597252291826e-07
52600.056 1.908653248030473e-07
52650.056 2.0547369486204804e-07
52700.056 1.8858492074599393e-07
52750.056 1.2544971646959414e-07
52800.056 1.595050782320319e-07
52850.056 1.6235838807494307e-07
52900.056 1.5210133056003478e-07
52950.056 1.6267633941659019e-07
53000.056 2.11686669468003e-07
53050.056 1.1992265928204957e-07
53100.056 1.5117666443892236e-07
53150.056 2.2438312849203368e-07
53200.056 1.2437162250959535e-07
53250.056 2.164906408760111e-07
53300.056 2.187157103735185e-07
53350.056 2.1574263776598823e-07
53400.056 2.1029362562102672e-07
53450.056 1.1402357818199692e-07
