galfind/configs/Brown_Dwarf_templates/sonora_bobcat/m+0.5/17g/sp_t425g17nc_m+0.5_resample.dat
# %ECSV 1.0
# ---
# datatype:
# - {name: wav, unit: Angstrom, datatype: float64}
# - {name: flux_nu, unit: erg / (cm2 Hz s), datatype: float64}
# meta: {C/O: '1.00', Kzz: '1.0000E+05', Teff: '425.', Y: '0.28', '[Fe/H]': '0.50', f_hole: '1.00', f_rain: '0.00', grav: '18.'}
# schema: astropy-2.0
wav flux_nu
[from data line 497]
28850.056 3.070721117325016e-10
28900.056 1.53359595817814e-10
28950.056 2.517661966085449e-10
29000.056 1.5286920149561287e-10
29050.056 2.454047691361932e-10
29100.056 1.362699978538179e-10
29150.056 1.5234303262736604e-10
29200.056 2.776105378852378e-10
29250.056 4.3704260298466005e-10
29300.056 1.646311275752577e-10
29350.056 4.878595282446614e-10
29400.056 2.5124338310539796e-10
29450.056 1.849770129875513e-10
29500.056 4.200381491209496e-10
29550.056 1.8910113465882374e-10
29600.056 2.79904489922888e-10
29650.056 5.942434730029495e-10
29700.056 1.7264437261222245e-10
29750.056 4.4563068160789386e-10
29800.056 3.833425754118319e-10
29850.056 4.705108970326566e-10
29900.056 3.021207303365212e-10
29950.056 3.92201290744792e-10
30000.056 7.679075292352545e-12
30050.056 3.947991300416312e-11
30100.056 1.516806287550911e-10
30150.056 3.373928025994188e-10
30200.056 2.5502895339585623e-10
30250.056 5.78098410071048e-10
30300.056 8.982848525765013e-10
30350.056 2.9403389890161573e-10
30400.056 7.394254967725535e-10
30450.056 4.68371745629724e-10
30500.056 4.4584173612494656e-10
30550.056 3.8778525399486246e-10
30600.056 9.638957026944979e-10
30650.056 6.407321669358648e-10
30700.056 4.0722228160987797e-10
30750.056 8.054932288778577e-10
30800.056 4.861109518063151e-10
30850.056 6.019770534714377e-10
30900.056 2.762366875360652e-10
30950.056 3.8055570237118193e-10
31000.056 4.132403890777793e-10
31050.056 3.070763578702348e-10
31100.056 1.8026858227304026e-10
31150.056 3.281527892437782e-10
31200.056 5.825162489504623e-10
31250.056 4.5157713557302416e-10
31300.056 2.590306292377717e-10
31350.056 4.864901275574902e-10
31400.056 3.435732648793737e-10
31450.056 3.302958563526547e-10
31500.056 1.701015815874058e-10
31550.056 2.3246783232455107e-10
31600.056 1.404767152832312e-10
31650.056 1.7195261449483457e-10
31700.056 1.663717796875166e-10
31750.056 7.703090846231441e-11
31800.056 1.5371498713217749e-10
31850.056 3.6135447747647196e-11
31900.056 7.830457224345591e-11
31950.056 5.172243532171156e-11
32000.056 3.9619993051311775e-11
32050.056 6.878985051521896e-11
32100.056 5.976574707501508e-11
32150.056 6.87212822819129e-11
32200.056 3.372140438498469e-11
32250.056 8.810907762500787e-11
32300.056 3.325323819535833e-11
32350.056 7.649103282823182e-11
32400.056 2.0238652205764796e-11
32450.056 5.6722794469532334e-11
32500.056 2.2632797558511208e-11
32550.056 4.305236754627109e-11
32600.056 2.832475635436441e-11
32650.056 1.429332652797852e-10
32700.056 3.94069379164761e-11
32750.056 2.2602146174597644e-10
32800.056 1.2130767685867535e-10
32850.056 3.3670270991732403e-10
32900.056 2.8432481798743485e-10
32950.056 3.464002150452131e-10
33000.056 1.4300937541958373e-10
33050.056 2.1869831090535197e-10
33100.056 4.431369021405563e-11
33150.056 2.003350513049117e-14
33200.056 1.008748492995736e-12
33250.056 8.364596324393144e-13
33300.056 5.901476275925333e-12
33350.056 1.8678586793939547e-11
33400.056 7.912216927813989e-11
33450.056 7.145516633531064e-11
33500.056 2.48782902547801e-10
33550.056 5.591912770213222e-11
33600.056 1.7348639532117015e-10
33650.056 1.504600575515934e-10
33700.056 7.499688748252571e-11
33750.056 2.3054356639967634e-10
33800.056 3.65221542211772e-11
33850.056 1.287165190297702e-10
33900.056 1.3131402943422526e-10
33950.056 1.0568719182107177e-10
34000.056 2.3244187378821678e-10
34050.056 4.077352715837722e-11
34100.056 2.0882283480155771e-10
34150.056 1.1115665453896512e-10
34200.056 2.2365390323510457e-10
34250.056 1.4390089223972758e-10
34300.056 1.5747022045843177e-10
34350.056 1.9707258013519674e-10
34400.056 8.603146242944584e-11
34450.056 2.1577919562570388e-10
34500.056 1.3420380715239952e-10
34550.056 8.532438437531969e-11
34600.056 3.2266947760602024e-10
34650.056 8.699074788261071e-11
34700.056 2.7992327390427563e-10
34750.056 1.6946800952802422e-10
34800.056 1.8782843094965726e-10
34850.056 3.35108592406208e-10
34900.056 1.503084772896221e-10
34950.056 3.6229824298756415e-10
35000.056 7.218188390790863e-10
35050.056 3.1787137267345e-10
35100.056 6.864954208820327e-10
35150.056 4.357435735984104e-10
35200.056 5.824266606203516e-10
35250.056 7.923708435172884e-10
35300.056 4.4535972663574347e-10
35350.056 4.789591800443419e-10
35400.056 4.1082025169995983e-10
35450.056 3.566368420514281e-10
35500.056 1.2479282755069328e-09
35550.056 8.33280706628866e-10
35600.056 7.536300532483317e-10
35650.056 7.027936357918642e-10
35700.056 8.724849849050205e-10
35750.056 1.1956363825140015e-09
35800.056 1.3767742265900284e-09
35850.056 5.101839386122131e-10
35900.056 6.587905950439851e-10
35950.056 6.982793759997005e-10
36000.056 8.965942562705551e-10
36050.056 6.199123020517294e-10
36100.056 5.878157190555403e-10
36150.056 1.0482363920203474e-09
36200.056 1.1090403104431679e-09
36250.056 8.932483862429579e-10
36300.056 1.6688013363060428e-09
36350.056 1.0456722274880785e-09
36400.056 1.478734883985663e-09
36450.056 1.8611947932548907e-09
36500.056 2.0635644979336317e-09
36550.056 2.2197360548318995e-09
36600.056 2.583210363687695e-09
36650.056 2.050297935393675e-09
36700.056 2.4514448135082393e-09
36750.056 2.8693923558614255e-09
36800.056 2.867854138972625e-09
36850.056 1.8267834592140476e-09
36900.056 3.140976684917761e-09
36950.056 3.0666667433411133e-09
37000.056 2.4667543095418763e-09
37050.056 3.0465458845673086e-09
37100.056 3.1357258802014265e-09
37150.056 2.127801169220643e-09
37200.056 3.750537612231712e-09
37250.056 2.843561094150814e-09
37300.056 2.2567517089846938e-09
37350.056 3.5705763084246827e-09
37400.056 5.034886651766804e-09
37450.056 2.5242817231827367e-09
37500.056 3.1526339670274067e-09
37550.056 4.615793207541316e-09
37600.056 5.684161739487576e-09
37650.056 2.5411986595729483e-09
37700.056 5.422876699967339e-09
37750.056 3.178562458847124e-09
37800.056 3.3581429787381903e-09
37850.056 1.7444685453164846e-09
37900.056 2.6805182769290564e-09
37950.056 4.680429505592925e-09
38000.056 4.986435422482262e-09
38050.056 5.646862853053109e-09
38100.056 6.264107881100409e-09
38150.056 7.336671546867384e-09
38200.056 6.900668879997462e-09
38250.056 7.004916343773874e-09
38300.056 1.053738469495628e-08
38350.056 1.021898476780839e-08
38400.056 4.368758692388674e-09
38450.056 2.9867064404489334e-09
38500.056 1.8019622482974976e-09
38550.056 4.9333623757365294e-09
38600.056 4.719538407887216e-09
38650.056 4.796658513798609e-09
38700.056 3.4636384276980938e-09
38750.056 4.979754125682368e-09
38800.056 4.785300446717696e-09
38850.056 5.277301672099777e-09
38900.056 7.005959268346868e-09
38950.056 4.941772204283197e-09
39000.056 7.993818462660444e-09
39050.056 4.83116745779917e-09
39100.056 7.279929737396345e-09
39150.056 7.921695428321086e-09
39200.056 7.0510108505900196e-09
39250.056 1.0304286810389099e-08
39300.056 6.198956091103085e-09
39350.056 1.276282413239992e-08
39400.056 6.640571405589728e-09
39450.056 1.0106318147481956e-08
39500.056 1.0730445921136135e-08
39550.056 7.2309438624137714e-09
39600.056 1.039049195805987e-08
39650.056 1.1185079960107305e-08
39700.056 1.1348525846096353e-08
39750.056 7.461540671047607e-09
39800.056 8.004038216727535e-09
39850.056 1.4448289598761368e-08
39900.056 1.5783060198601703e-08
39950.056 8.539277537666225e-09
40000.056 1.582223776486934e-08
40050.056 1.3747470927403194e-08
40100.056 7.1586291724632235e-09
40150.056 1.457066758033054e-08
40200.056 1.5626108705049763e-08
40250.056 1.7215236944575274e-08
40300.056 1.595203647019367e-08
40350.056 1.2941887028956155e-08
40400.056 1.7124454464715293e-08
40450.056 1.095422375227213e-08
40500.056 1.983474355733669e-08
40550.056 2.0427648215727906e-08
40600.056 1.6390313826822963e-08
40650.056 1.1930247514567318e-08
40700.056 2.2961982745537927e-08
40750.056 1.6765183182437235e-08
40800.056 1.2215060701549635e-08
40850.056 2.7746733581505497e-08
40900.056 2.3073885762987e-08
40950.056 2.157518127894748e-08
41000.056 1.9571552731897146e-08
41050.056 3.022686497255502e-08
41100.056 2.454881996147277e-08
41150.056 1.2516299633904572e-08
41200.056 3.214726432172968e-08
41250.056 2.0647825564349314e-08
41300.056 2.227692383716579e-08
41350.056 3.24303124648984e-08
41400.056 2.7744561507004164e-08
41450.056 3.614802836388344e-08
41500.056 2.6926421768870664e-08
41550.056 2.4538987160668946e-08
41600.056 2.448551664424187e-08
41650.056 3.313144039457618e-08
41700.056 3.497191111200822e-08
41750.056 3.203456242839217e-08
41800.056 3.694926203962889e-08
41850.056 3.032699523598424e-08
41900.056 2.9302042991761086e-08
41950.056 2.6981044275036524e-08
42000.056 2.155277865784731e-08
42050.056 2.450725726432522e-08
42100.056 2.743742941486927e-08
42150.056 2.8618611384231292e-08
42200.056 2.998615517490665e-08
42250.056 2.3975141281447426e-08
42300.056 2.6771773819909397e-08
42350.056 3.801408047700422e-08
42400.056 4.0761441113934245e-08
42450.056 3.976009894522295e-08
42500.056 3.3411933233789494e-08
42550.056 3.118363639838546e-08
42600.056 3.3014048574869286e-08
42650.056 5.3901541000869484e-08
42700.056 3.2977655539257886e-08
42750.056 4.041498138145017e-08
42800.056 5.593300937171446e-08
42850.056 5.3623812551785734e-08
42900.056 5.716362943792369e-08
42950.056 4.934117376408952e-08
43000.056 5.2353334417126675e-08
43050.056 3.2867642200284704e-08
43100.056 4.368032150178326e-08
43150.056 3.826293816027835e-08
43200.056 6.174022152919976e-08
43250.056 7.3533727238697e-08
43300.056 6.931177484298607e-08
43350.056 4.427317773548974e-08
43400.056 5.643358202332882e-08
43450.056 4.112807411866334e-08
43500.056 3.6674716120356484e-08
43550.056 4.0584976703488194e-08
43600.056 6.901496349700882e-08
43650.056 4.9992177515204986e-08
43700.056 7.225861135456138e-08
43750.056 6.474121388039422e-08
43800.056 6.248253723438667e-08
43850.056 5.0589350095596347e-08
43900.056 5.018926203606384e-08
43950.056 3.026820096770069e-08
44000.056 3.1688057111442603e-08
44050.056 7.53841417370041e-08
44100.056 9.670254863279172e-08
44150.056 8.376246130543819e-08
44200.056 7.171016311929558e-08
44250.056 4.336886145390496e-08
44300.056 3.6120080449005555e-08
44350.056 4.339902953002174e-08
44400.056 3.980615367185458e-08
44450.056 6.442422280287883e-08
44500.056 6.285472164501398e-08
44550.056 9.441563756078655e-08
44600.056 7.58412199875992e-08
44650.056 6.414987222191493e-08
44700.056 4.412652990370345e-08
44750.056 7.262138502062301e-08
44800.056 4.795639195902412e-08
44850.056 6.182129272545098e-08
44900.056 5.7614201436502736e-08
44950.056 7.359911181200557e-08
45000.056 7.962096670900229e-08
45050.056 7.181808514699126e-08
45100.056 6.337694453249495e-08
45150.056 6.26389759285972e-08
45200.056 5.0242317216798896e-08
45250.056 5.6907857588973765e-08
45300.056 4.839791599421474e-08
45350.056 4.4852236707420007e-08
45400.056 1.1001124632101312e-07
45450.056 8.214021336220991e-08
45500.056 1.0321611509834174e-07
45550.056 1.0507873078794812e-07
45600.056 9.503130296402843e-08
45650.056 7.559395434070095e-08
45700.056 5.0866045171700273e-08
45750.056 5.0536823806200914e-08
45800.056 1.1652909723598681e-07
45850.056 9.183562282699336e-08
45900.056 1.1406335104818241e-07
45950.056 9.892156903779658e-08
46000.056 1.073081207005563e-07
46050.056 8.131437932161565e-08
46100.056 1.2349153118597476e-07
46150.056 7.688475805321434e-08
46200.056 6.550696738629098e-08
46250.056 2.9557670690994427e-08
46300.056 7.784218053096123e-08
46350.056 8.210897127061585e-08
46400.056 6.796637611140021e-08
46450.056 6.378924257462581e-08
46500.056 8.081087996232238e-08
46550.056 4.263405876660316e-08
46600.056 6.516683706247316e-08
46650.056 9.736383442750358e-08
46700.056 6.31101736200799e-08
46750.056 3.734845031666498e-08
46800.056 2.4137814880706445e-08
46850.056 1.0144075339032384e-07
46900.056 8.835689438999717e-08
46950.056 8.951911703399398e-08
47000.056 9.148773359702314e-08
47050.056 6.46761401560483e-08
47100.056 4.614892871584771e-08
47150.056 6.717665921890692e-08
47200.056 7.78564907213948e-08
47250.056 5.1596366933698736e-08
47300.056 3.325332464485413e-08
47350.056 1.0033087866799111e-07
47400.056 7.960154001999629e-08
47450.056 7.546455130182708e-08
47500.056 1.0093231480021395e-07
47550.056 8.585382896601767e-08
47600.056 8.27415005042023e-08
47650.056 8.307362322548253e-08
47700.056 6.597266633661763e-08
47750.056 4.986137212020427e-08
47800.056 4.320460454310558e-08
47850.056 2.307069019500606e-08
47900.056 3.559674703339237e-08
47950.056 7.025005429161298e-08
48000.056 1.024329069240192e-07
48050.056 8.88403599464113e-08
48100.056 3.840796256060632e-08
48150.056 7.172593895100178e-08
48200.056 4.7367172628180365e-08
48250.056 5.486891732849849e-08
48300.056 9.090179050498125e-08
48350.056 5.3666520964701705e-08
48400.056 1.787175318167259e-08
48450.056 3.674012790820637e-08
48500.056 5.764051514358518e-08
48550.056 5.7887608515585735e-08
48600.056 7.209557956999757e-08
48650.056 8.52037579219786e-08
48700.056 5.954210541027584e-08
48750.056 4.3051774656325876e-08
48800.056 8.589068397089532e-08
48850.056 4.548550084524239e-08
48900.056 6.54402250013989e-08
48950.056 3.588725618560347e-08
49000.056 1.7598623675286985e-08
49050.056 5.262548250029425e-08
49100.056 7.128841223525514e-08
49150.056 5.1420912009370937e-08
49200.056 8.834810904302156e-08
49250.056 8.4090421077012e-08
49300.056 7.183887119840077e-08
49350.056 2.8270685078739853e-08
49400.056 4.108173291228748e-08
49450.056 4.276635503346482e-08
49500.056 3.176640240356756e-08
49550.056 8.196224607040837e-09
49600.056 2.180681847468732e-08
49650.056 4.828598350250093e-08
49700.056 4.913145221337745e-08
49750.056 5.0417770461697114e-08
49800.056 3.360723338238906e-08
49850.056 7.083694104062247e-08
49900.056 5.3877593899147053e-08
49950.056 5.655014806980637e-08
50000.056 4.364174101485367e-08
50050.056 5.232883219440279e-08
50100.056 4.12546639687993e-08
50150.056 2.123827648557482e-08
50200.056 4.145759684891551e-09
50250.056 2.496522250999707e-08
50300.056 1.573748919470583e-08
50350.056 5.0299502987606417e-08
50400.056 4.713268116021157e-08
50450.056 3.8299295664884497e-08
50500.056 5.438940224690643e-08
50550.056 4.696037622050774e-08
50600.056 3.464239121858979e-08
50650.056 5.919727114801151e-08
50700.056 5.7885124438574177e-08
50750.056 3.787384351490481e-08
50800.056 1.4259460391446617e-08
50850.056 8.33273950344443e-09
50900.056 4.2724796250199836e-08
50950.056 3.4020334567800665e-08
51000.056 3.05886920504028e-08
51050.056 4.296564689899595e-08
51100.056 1.753092317589811e-08
51150.056 2.1271212263004108e-08
51200.056 5.538224661399902e-08
51250.056 3.546713787131796e-08
51300.056 2.800784483973555e-08
51350.056 2.5480440969310404e-08
51400.056 9.004366823571355e-09
51450.056 7.073693118531517e-09
51500.056 7.348873841421618e-09
51550.056 2.8541583639055145e-08
51600.056 2.1421433327377473e-08
51650.056 2.6772079941892258e-08
51700.056 2.8072648373747732e-08
51750.056 1.916337456060578e-08
51800.056 3.244244319539762e-08
51850.056 2.7318412705096092e-08
51900.056 3.5023597856795535e-08
51950.056 2.0964475933796598e-08
52000.056 2.5797887336079668e-09
52050.056 1.2312286666551799e-08
52100.056 7.45846860299938e-09
52150.056 4.320599495747313e-09
52200.056 1.1390208284709831e-08
52250.056 1.658540644730805e-08
52300.056 2.2968326965677983e-08
52350.056 9.173441016002378e-09
52400.056 8.753507232474921e-09
52450.056 3.028187794170362e-08
52500.056 2.197339416222519e-08
52550.056 2.5359729821897565e-08
52600.056 1.928990857209828e-08
52650.056 2.3604451892801945e-08
52700.056 1.77837426913998e-08
52750.056 7.249854663872341e-09
52800.056 1.3071486057591732e-08
52850.056 1.4375449822126801e-08
52900.056 6.731817184541527e-09
52950.056 1.0766131087170891e-08
53000.056 1.7544858997805838e-08
53050.056 6.829307956754019e-09
53100.056 1.8887096071693365e-08
53150.056 2.0561792318129365e-08
53200.056 1.0501206538347981e-08
53250.056 2.0517435202541844e-08
53300.056 2.5233951664336345e-08
53350.056 1.8806599436068925e-08
53400.056 1.2145395330795204e-08
53450.056 4.6677001211384446e-09
53500.056 8.072544700523548e-10
53550.056 2.4323999791649743e-09
