galfind/configs/Brown_Dwarf_templates/sonora_bobcat/m+0.5/17g/sp_t350g17nc_m+0.5_resample.dat
# %ECSV 1.0
# ---
# datatype:
# - {name: wav, unit: Angstrom, datatype: float64}
# - {name: flux_nu, unit: erg / (cm2 Hz s), datatype: float64}
# meta: {C/O: '1.00', Kzz: '1.0000E+05', Teff: '350.', Y: '0.28', '[Fe/H]': '0.50', f_hole: '1.00', f_rain: '0.00', grav: '18.'}
# schema: astropy-2.0
wav flux_nu
4000.0559999999996 nan
4050.0559999999996 1.5302399081848025e-18
4100.056 8.990096407970161e-17
4150.056 7.104381841400048e-16
4200.056 7.450683984742869e-16
4250.056 6.51480585560006e-15
4300.056 1.577374277300005e-14
4350.056 3.0732555076000096e-14
4400.056 5.3982943916999773e-14
4450.056 8.816904979199942e-14
4500.056 1.4316390700200055e-13
4550.056 1.4778875920632989e-13
4600.056 3.4716048984999804e-14
4650.056 2.121989550599991e-14
4700.056 1.1865430385299987e-14
4750.056 5.9199066950999615e-15
4800.056 3.2958432626999787e-15
4850.056 1.6509150845999914e-15
4900.056 9.886457638200005e-16
4950.056 6.949561647600002e-16
5000.056 4.591740295399954e-16
5050.056 3.258118024989986e-16
5100.056 3.732722902190112e-16
5150.056 4.523877660600145e-16
5200.056 5.36276492060005e-16
5250.056 6.152999047300007e-16
5300.056 7.052603711999998e-16
5350.056 8.108764472400018e-16
5400.056 9.025319722400014e-16
5450.056 1.0324720112700257e-15
5500.056 1.1970409018300315e-15
5550.056 1.3795285102000084e-15
5600.056 1.5516669722000001e-15
5650.056 1.6970960579999878e-15
5700.056 1.7048132259000017e-15
5750.056 1.7411802862900015e-15
5800.056 1.6115824979899964e-15
5850.056 1.1420671300699664e-15
5900.056 3.1025915907400134e-16
5950.056 2.0419356220109826e-15
6000.056 4.342626810675736e-15
6050.056 8.125329372200386e-15
6100.056 1.3695250611800287e-14
6150.056 2.0940533998000233e-14
6200.056 3.0362950543000245e-14
6250.056 4.026617179169999e-14
6300.056 5.59775657021999e-14
6350.056 7.502020289200078e-14
6400.056 9.70831998240014e-14
6450.056 1.041070162034943e-13
6500.056 1.355938491762329e-13
6550.056 1.874219325893374e-13
6600.056 2.6283031529373727e-13
6650.056 3.742568757575055e-13
6700.056 5.09510209000001e-13
6750.056 7.103619380700078e-13
6800.056 8.391912392700286e-13
6850.056 8.735819217400052e-13
6900.056 6.706497719001184e-13
6950.056 4.693101567207477e-13
7000.056 5.363376255061153e-13
7050.056 5.2969170129058e-13
7100.056 5.676501659129548e-13
7150.056 4.049125652557139e-13
7200.056 2.889903389034399e-13
7250.056 3.7283000539107006e-13
7300.056 3.9857154838649644e-13
7350.056 5.238557508240928e-13
7400.056 6.654608569518492e-13
7450.056 9.170915649632073e-13
7500.056 1.166414984661948e-12
7550.056 1.4157937536199824e-12
7600.056 1.565033057199998e-12
7650.056 7.794351663339802e-13
7700.056 7.080173542570139e-13
7750.056 2.0856427063000175e-12
7800.056 2.5045994963899e-12
7850.056 2.9480238122660048e-12
7900.056 3.544606245366681e-12
7950.056 3.8325341149888645e-12
8000.056 4.25067113926832e-12
8050.056 4.709849142832091e-12
8100.056 3.0210741119227323e-12
8150.056 2.5805515722458574e-12
8200.056 4.4612254886991285e-12
8250.056 4.9892506617672395e-12
8300.056 5.72674172995577e-12
8350.056 4.378070892031604e-12
8400.056 4.594206683667848e-12
8450.056 6.439032943517945e-12
8500.056 7.488879108285063e-12
8550.056 1.003430844507018e-11
8600.056 1.2687395824800092e-11
8650.056 1.4146550140500598e-11
8700.056 1.1785204836800585e-11
8750.056 1.1900297302000043e-11
8800.056 9.476959778261337e-12
8850.056 4.513648641986792e-12
8900.056 9.138871666255647e-14
8950.056 1.7690499702746413e-13
9000.056 8.585722685036389e-14
9050.056 6.220212535722724e-13
9100.056 1.0823837463834949e-12
9150.056 2.430240491156907e-12
9200.056 9.09267415554416e-12
9250.056 1.0731412404340864e-11
9300.056 4.0925498608970875e-13
9350.056 4.772019229605491e-13
9400.056 1.6988426344595942e-12
9450.056 1.9882088852066614e-12
9500.056 1.5469329832158336e-12
9550.056 1.9162422262360175e-12
9600.056 1.6877519610693524e-12
9650.056 2.987236598569525e-12
9700.056 6.34248629727355e-12
9750.056 4.635147834785894e-12
9800.056 3.687832100448199e-12
9850.056 3.489266549543045e-12
9900.056 4.632243038761672e-12
9950.056 2.474083252820197e-12
10000.056 3.5760140569613228e-12
10050.056 2.353627822095579e-12
10100.056 3.9062929148339704e-12
10150.056 3.0980246481859166e-12
10200.056 2.6394344083528326e-12
10250.056 3.6585620201350775e-12
10300.056 6.428298373116819e-12
10350.056 8.380786722880284e-12
10400.056 2.936425804947487e-11
10450.056 6.881450199268671e-11
10500.056 1.372748050540022e-10
10550.056 2.575310785378852e-10
10600.056 3.579120083627832e-10
10650.056 4.269105905091027e-10
10700.056 3.9768202421902977e-10
10750.056 4.4611268982911075e-10
10800.056 3.8973037754825325e-10
10850.056 2.6855298730897907e-10
10900.056 1.2529832223088593e-10
10950.056 4.310152689655152e-11
11000.056 2.3781318785937348e-11
11050.056 1.064707743667549e-11
11100.056 3.450677528796143e-12
11150.056 6.339506218904016e-13
11200.056 1.4340686665808096e-13
11250.056 1.2685672463533253e-13
11300.056 6.127872384096213e-13
11350.056 9.071307497224831e-14
11400.056 3.265380191647139e-13
11450.056 2.897087582782211e-13
11500.056 1.3742787260440572e-13
11550.056 9.551913450437304e-15
11600.056 6.017603486020363e-15
11650.056 5.548000582828603e-14
11700.056 4.730355785400111e-14
11750.056 3.746467602213935e-15
11800.056 4.644177953030409e-14
11850.056 6.773281468448377e-14
11900.056 4.7830808565994083e-14
11950.056 1.0870366997761003e-13
12000.056 2.6334416795285315e-13
12050.056 7.007946496712856e-13
12100.056 1.8410051160413707e-12
12150.056 3.957212611427964e-12
12200.056 6.452004861580019e-12
12250.056 1.773307828770158e-11
12300.056 4.686838084384141e-11
12350.056 5.772341466398283e-11
12400.056 1.4380887034923596e-10
12450.056 2.891729263528835e-10
12500.056 3.621673133449331e-10
12550.056 5.573256798643813e-10
12600.056 8.69160278594814e-10
12650.056 1.0881457516229322e-09
12700.056 1.1035101968785987e-09
12750.056 5.86734001097774e-10
12800.056 2.822055620417899e-10
12850.056 1.1080451981626302e-10
12900.056 7.04401238159824e-11
12950.056 4.395680103632247e-11
13000.056 3.521177248253719e-11
13050.056 1.4419386994777772e-11
13100.056 1.0246395882203667e-11
13150.056 4.850593815123791e-12
13200.056 4.162980558710637e-12
13250.056 3.5138574939261177e-12
13300.056 1.2510651324296351e-12
13350.056 2.9025033056806697e-13
13400.056 2.5441616020480286e-13
13450.056 6.186822074479446e-14
13500.056 1.7690806412148235e-14
13550.056 5.780802293910384e-15
13600.056 4.208537890354085e-16
13650.056 7.254667891118963e-15
13700.056 3.1205674922416435e-15
13750.056 6.353352113734151e-15
13800.056 3.4134024253548314e-15
13850.056 1.8531748036343536e-15
13900.056 5.882653256165781e-15
13950.056 2.606523581740749e-15
14000.056 3.3287611041119634e-15
14050.056 7.821337773315506e-15
14100.056 1.160197488158588e-14
14150.056 3.48938586175813e-14
14200.056 1.6906526410852228e-14
14250.056 3.605496324837852e-14
14300.056 8.35096223366409e-14
14350.056 1.0509268105954755e-13
14400.056 1.2651548504108928e-13
14450.056 2.4840158860918644e-13
14500.056 6.238163652258324e-13
14550.056 6.972340911307111e-13
14600.056 6.266848483170982e-13
14650.056 2.451793756026953e-13
14700.056 1.0656833991792671e-13
14750.056 2.5679350513318346e-14
14800.056 6.830281211793837e-14
14850.056 1.1215639673515598e-13
14900.056 1.0568414909024858e-13
14950.056 5.2977667809623064e-14
15000.056 1.9037331898899915e-13
15050.056 1.5208358716078052e-13
15100.056 7.001663937049936e-14
15150.056 4.132612565614028e-14
15200.056 1.2389453971761653e-13
15250.056 3.522135694174358e-13
15300.056 4.3500511171130377e-13
15350.056 9.158946277200018e-13
15400.056 1.3815772897659433e-12
15450.056 1.924400554915244e-12
15500.056 2.2157369034827654e-12
15550.056 7.1973686795076316e-12
15600.056 9.256737107896058e-12
15650.056 2.3795618203214817e-11
15700.056 4.702059880061341e-11
15750.056 8.259737152169822e-11
15800.056 9.716418869262788e-11
15850.056 1.3925019458639656e-10
15900.056 1.4740714251819477e-10
15950.056 1.4476271639509805e-10
16000.056 1.0678018464423208e-10
16050.056 4.763199483685207e-11
16100.056 2.7414969189003776e-11
16150.056 1.2016048837015044e-11
16200.056 5.381330292162887e-12
16250.056 2.9551510469929765e-12
16300.056 1.4044742914034637e-12
16350.056 1.6550531393146738e-12
16400.056 2.2169645876984758e-12
16450.056 1.396294747691649e-12
16500.056 9.596323073547045e-13
16550.056 1.0425388856202531e-12
16600.056 2.1502248384825642e-12
16650.056 1.6149236061641023e-12
16700.056 1.3751806599886645e-13
16750.056 6.689024972524392e-13
16800.056 1.226097922618941e-12
16850.056 1.5554540150281013e-12
16900.056 5.290228076514198e-13
16950.056 2.1112514370756636e-13
17000.056 9.291230777359505e-14
17050.056 2.2068185284276312e-13
17100.056 4.810179264041555e-13
17150.056 2.1214487390583605e-13
17200.056 1.53306795642311e-12
17250.056 6.186358285334916e-13
17300.056 3.1359382880004316e-13
17350.056 3.74226006579109e-13
17400.056 9.848435047926684e-13
17450.056 1.508227201468175e-12
17500.056 2.3331329528521643e-12
17550.056 2.1243293203195953e-12
17600.056 1.6044137844058326e-12
17650.056 1.41357873980538e-12
17700.056 9.477979729529026e-13
17750.056 1.2413407764082597e-12
17800.056 5.340100181283264e-12
17850.056 1.4453632345027115e-12
17900.056 1.1277234063647932e-12
17950.056 1.0132898051265535e-12
18000.056 1.5533717486773112e-12
18050.056 1.6913804555275386e-12
18100.056 2.4167808990321626e-12
18150.056 1.3955499099562435e-12
18200.056 1.169073398738853e-12
18250.056 4.963463308658044e-12
18300.056 7.036068238809478e-13
18350.056 4.758392881747885e-13
18400.056 2.612936538409447e-13
18450.056 2.48369492495538e-12
18500.056 2.2485862430473265e-12
18550.056 1.0822392896037419e-12
18600.056 2.365930905161281e-12
18650.056 1.6144703150102442e-12
18700.056 1.908087808575407e-13
18750.056 5.567838881889195e-13
18800.056 4.392876139458095e-12
18850.056 4.485475494085566e-12
18900.056 4.169429461983857e-12
18950.056 5.960150674230879e-12
19000.056 1.1287349039487884e-12
19050.056 4.871067360072423e-13
19100.056 1.2926719545849714e-12
19150.056 5.344250409127869e-13
19200.056 8.217853007561902e-13
19250.056 7.300627158620055e-13
19300.056 3.877666313694364e-13
19350.056 3.6157711637626343e-13
19400.056 3.2587949866647154e-13
19450.056 6.584999838936562e-13
19500.056 2.508496559405103e-13
19550.056 6.444657162948357e-13
19600.056 2.5353360603058094e-12
19650.056 1.388341433228533e-12
19700.056 1.5923362598489164e-12
19750.056 3.4380639338773644e-12
19800.056 1.7670064069660003e-12
19850.056 2.3650491864475555e-12
19900.056 3.797005603054804e-12
19950.056 5.760852073906691e-12
20000.056 8.10386282303268e-12
20050.056 5.3992081362747106e-12
20100.056 1.1347645978351722e-11
20150.056 4.640377611141495e-12
20200.056 3.069152904686569e-12
20250.056 8.925625652747e-12
20300.056 1.1858891004202769e-11
20350.056 1.6893613875141583e-11
20400.056 1.0953307258075331e-11
20450.056 2.1741104051876853e-11
20500.056 3.341086019649829e-11
20550.056 4.6910194488605466e-11
20600.056 5.1659491018598745e-11
20650.056 8.028816399415539e-11
20700.056 9.502231785646556e-11
20750.056 1.412109556376407e-10
20800.056 1.2987702182719597e-10
20850.056 1.6597074988733118e-10
20900.056 2.0852466896052947e-10
20950.056 1.903383377394894e-10
21000.056 1.8892723703844266e-10
21050.056 2.1992868126221914e-10
21100.056 1.948491901036576e-10
21150.056 2.0834568512387523e-10
21200.056 1.821485897229005e-10
21250.056 1.6080561006661265e-10
21300.056 1.1251673942052487e-10
21350.056 1.1994985556573132e-10
21400.056 1.0550087194095768e-10
21450.056 6.668989705961349e-11
21500.056 5.5153071353826514e-11
21550.056 4.903495848340179e-11
21600.056 3.3983286401347696e-11
21650.056 2.3128341779286966e-11
21700.056 1.5073366920127984e-11
21750.056 1.893858318013877e-11
21800.056 1.1075663681894409e-11
21850.056 1.1739083185635717e-11
21900.056 7.1243423054772245e-12
21950.056 1.3776725293631222e-12
22000.056 1.5099724360760166e-13
22050.056 2.5451782729551477e-13
22100.056 1.3781471341539717e-12
22150.056 1.2000432939680434e-12
22200.056 1.1748612162744619e-12
22250.056 9.211216267003123e-13
22300.056 3.2950461744445827e-13
22350.056 5.493566619065236e-13
22400.056 1.5995502177720895e-13
22450.056 2.386620176823213e-13
22500.056 1.880462560827197e-13
22550.056 8.027176469782933e-14
22600.056 5.955165529069319e-14
22650.056 1.3667329830594536e-13
22700.056 1.2388518416921132e-13
22750.056 1.7089134195857063e-13
22800.056 1.5820755966191285e-13
22850.056 1.0649213875187557e-13
22900.056 8.269757735877249e-14
22950.056 4.80218433508322e-14
23000.056 8.904786770100406e-14
23050.056 1.0097118180127844e-13
23100.056 8.162033101260847e-13
23150.056 1.1080478162271846e-12
23200.056 2.2217790393008366e-14
23250.056 1.0172030045342294e-13
23300.056 1.026773650882367e-13
23350.056 2.280131826859189e-13
23400.056 1.7180267942015324e-13
23450.056 7.838855232086476e-14
23500.056 7.461968614684033e-14
23550.056 2.027234674031938e-13
23600.056 5.507609451150525e-13
23650.056 8.418649108804698e-13
23700.056 1.137751936998219e-13
23750.056 9.50052618370553e-14
23800.056 6.913835037915981e-13
23850.056 4.4303619319451603e-13
23900.056 1.0977700747464038e-12
23950.056 5.007331119690343e-13
24000.056 1.4454671571761112e-12
24050.056 2.0731578641989183e-12
24100.056 2.92427745545099e-12
24150.056 4.259247893902479e-12
24200.056 2.2648835047810538e-12
24250.056 1.7531250682275373e-12
24300.056 3.2882337985092273e-12
24350.056 2.8094740900974542e-12
24400.056 8.423889964997581e-12
24450.056 1.105479301363334e-11
24500.056 9.193044862076844e-12
24550.056 1.5755675871743178e-11
24600.056 1.6254539266287413e-11
24650.056 3.025056492401305e-11
24700.056 1.404911726309877e-11
24750.056 2.261374463416588e-11
24800.056 1.919327163920457e-11
24850.056 3.2067076884369344e-11
24900.056 1.672120138527846e-11
24950.056 3.201227491430474e-11
25000.056 3.780335079799259e-11
25050.056 2.5553441117443608e-11
25100.056 3.9058784142077674e-11
25150.056 1.4599407162852938e-11
25200.056 2.5394015356782912e-11
25250.056 9.800407360883292e-12
25300.056 1.206892805388685e-11
25350.056 5.457890327434322e-12
25400.056 1.5279394027513737e-11
25450.056 3.2243948258597114e-12
25500.056 2.8127105357003752e-12
25550.056 7.0025391891660695e-12
25600.056 2.3149302156661144e-12
25650.056 1.1718194753321692e-12
25700.056 1.0186713375484116e-12
25750.056 2.5511930360497587e-13
25800.056 1.7394628801969979e-12
25850.056 2.063177632811107e-13
25900.056 2.8756435554764195e-13
25950.056 4.725244928956433e-14
26000.056 1.2608772896614914e-12
26050.056 7.718609409336156e-14
26100.056 5.145496007640351e-13
26150.056 1.5927420991649568e-13
26200.056 2.6739893959401266e-13
26250.056 2.966800493235201e-12
26300.056 3.43091513424313e-13
26350.056 6.637364810543312e-12
26400.056 1.4443701810637435e-11
26450.056 9.245760969384941e-12
26500.056 2.6130774250977954e-11
26550.056 1.2292674008945815e-12
26600.056 1.3637469526952888e-12
26650.056 1.2682950516554018e-13
26700.056 6.817857958125737e-14
26750.056 1.7688680072797363e-13
26800.056 8.751531751257326e-13
26850.056 4.600197734634062e-13
26900.056 3.130056587181968e-12
26950.056 7.238413619480266e-13
27000.056 5.438355650122861e-12
27050.056 8.128507726355246e-12
27100.056 3.1405562881371876e-13
27150.056 7.507318120798676e-12
27200.056 3.145580532326573e-13
27250.056 2.0148929729676296e-12
27300.056 2.5474581244210065e-11
27350.056 5.992128391573467e-12
27400.056 1.8054879174841367e-13
27450.056 9.416869189957601e-12
27500.056 1.1219823676683974e-11
27550.056 1.295298261323426e-12
27600.056 5.057363800745262e-12
27650.056 9.427683424025707e-13
27700.056 9.958885122478515e-13
27750.056 9.242938061631975e-12
27800.056 2.040527153817657e-12
27850.056 4.698209169479354e-12
27900.056 4.507832704296113e-12
27950.056 1.359273226915418e-11
28000.056 1.5792648070162162e-11
28050.056 1.0314910700198629e-12
28100.056 1.3293045240116567e-11
28150.056 1.0710736817194878e-11
28200.056 1.985692711442507e-12
28250.056 1.9531802354548202e-11
28300.056 1.6523589307134513e-11
28350.056 2.594133408912011e-12
28400.056 1.0702224346182299e-11
28450.056 2.238714686528304e-11
28500.056 1.1546112315239222e-11
28550.056 2.2169889551979065e-12
28600.056 2.18129297531629e-11
28650.056 1.181628176022461e-11
28700.056 2.4840482311830023e-11
28750.056 3.384524591873003e-11
28800.056 1.0061024722652253e-11
