galfind/configs/Brown_Dwarf_templates/sonora_bobcat/m+0.5/17g/sp_t275g17nc_m+0.5_resample.dat
# %ECSV 1.0
# ---
# datatype:
# - {name: wav, unit: Angstrom, datatype: float64}
# - {name: flux_nu, unit: erg / (cm2 Hz s), datatype: float64}
# meta: {C/O: '1.00', Kzz: '1.0000E+05', Teff: '275.', Y: '0.28', '[Fe/H]': '0.50', f_hole: '1.00', f_rain: '0.00', grav: '18.'}
# schema: astropy-2.0
wav flux_nu
4000.0559999999996 nan
4050.0559999999996 1.6801614453530448e-19
4100.056 3.843832841140067e-18
4150.056 1.7949389939500044e-17
4200.056 1.987505986010802e-17
4250.056 1.146320500540006e-16
4300.056 2.467073285299992e-16
4350.056 4.484380909500015e-16
4400.056 7.303879519899912e-16
4450.056 1.0826178903199835e-15
4500.056 1.8145730361000106e-15
4550.056 2.248173429120007e-15
4600.056 1.3639993487099945e-15
4650.056 1.1815623710799953e-15
4700.056 8.891073603400068e-16
4750.056 6.459876068400058e-16
4800.056 4.893783276099981e-16
4850.056 2.8960561227999965e-16
4900.056 1.98248082730001e-16
4950.056 1.5860803263000052e-16
5000.056 1.1191868101999949e-16
5050.056 7.800858428089801e-17
5100.056 9.67570173343043e-17
5150.056 1.3062223885500328e-16
5200.056 1.6540071387000202e-16
5250.056 1.943038625100004e-16
5300.056 2.2720284389000033e-16
5350.056 2.6555050946000075e-16
5400.056 2.885903409080019e-16
5450.056 3.342444484400143e-16
5500.056 4.028709542100096e-16
5550.056 4.857337485900018e-16
5600.056 5.616719044900013e-16
5650.056 6.205421884899948e-16
5700.056 5.835084484519982e-16
5750.056 5.965826211000007e-16
5800.056 5.484883801699963e-16
5850.056 3.6897099925298913e-16
5900.056 7.27144524900471e-17
5950.056 5.736524702184846e-16
6000.056 1.3465231067250138e-15
6050.056 2.937390662900117e-15
6100.056 5.396968021600132e-15
6150.056 8.506542166400086e-15
6200.056 1.2445666049700101e-14
6250.056 1.5795036341799976e-14
6300.056 2.2007788854179844e-14
6350.056 2.906480403000007e-14
6400.056 3.653598906800045e-14
6450.056 3.255696753309468e-14
6500.056 3.998185864514654e-14
6550.056 5.603313354310927e-14
6600.056 8.295034336604513e-14
6650.056 1.278489987628032e-13
6700.056 1.9023439303599987e-13
6750.056 2.736129871800035e-13
6800.056 3.166871847800118e-13
6850.056 3.217417978900016e-13
6900.056 2.1874027997309652e-13
6950.056 1.1177874208261748e-13
7000.056 1.366849471062338e-13
7050.056 1.2720880530450387e-13
7100.056 1.3665786873579816e-13
7150.056 7.709959402746557e-14
7200.056 3.143541489861936e-14
7250.056 5.015238112107735e-14
7300.056 5.601040488697862e-14
7350.056 9.562499030175683e-14
7400.056 1.4962543249336987e-13
7450.056 2.845520946045095e-13
7500.056 4.526148614685833e-13
7550.056 6.532895852899987e-13
7600.056 8.118965554599997e-13
7650.056 4.973296412159918e-13
7700.056 5.038036281530061e-13
7750.056 1.2125691081800097e-12
7800.056 1.2606708808699501e-12
7850.056 1.1750543880217967e-12
7900.056 1.2876814616856191e-12
7950.056 1.428088794707462e-12
8000.056 1.2478957652415318e-12
8050.056 1.3102981999562074e-12
8100.056 5.079198280953145e-13
8150.056 2.545996389038133e-13
8200.056 6.403233864720235e-13
8250.056 7.471518525863078e-13
8300.056 6.954298190869651e-13
8350.056 4.584801663473477e-13
8400.056 4.3539474836741547e-13
8450.056 7.304970639861503e-13
8500.056 8.691966930511215e-13
8550.056 1.1967928420740148e-12
8600.056 1.5153931118119724e-12
8650.056 1.5438821642300833e-12
8700.056 8.858829203800507e-13
8750.056 6.740150009300176e-13
8800.056 3.5714168767039097e-13
8850.056 1.234169549848623e-13
8900.056 4.753879362346646e-16
8950.056 3.7283294012519356e-16
9000.056 2.033162622035273e-16
9050.056 2.1739510672497157e-15
9100.056 4.830331599237762e-15
9150.056 2.3326305290901325e-14
9200.056 1.7408527785772935e-13
9250.056 2.0131048877674303e-13
9300.056 1.0657792140578795e-15
9350.056 8.601233119584463e-16
9400.056 1.0235505222861065e-14
9450.056 9.088051967371434e-15
9500.056 8.846790543012422e-15
9550.056 9.415417094503013e-15
9600.056 1.156069391889343e-14
9650.056 2.95387163427928e-14
9700.056 1.1483991052632113e-13
9750.056 5.360508055174295e-14
9800.056 2.604509601176222e-14
9850.056 1.844900255392686e-14
9900.056 2.2770469214775394e-14
9950.056 1.1159308761762489e-14
10000.056 1.479880590413652e-14
10050.056 7.535758224225098e-15
10100.056 7.717501952026988e-15
10150.056 3.620489161835391e-15
10200.056 9.34980078947009e-16
10250.056 1.061793652028489e-15
10300.056 3.430782293425345e-15
10350.056 1.989306932520889e-15
10400.056 1.947477788993264e-14
10450.056 8.93408709445135e-14
10500.056 3.6896390508495327e-13
10550.056 1.5030430113987418e-12
10600.056 3.4461395345229094e-12
10650.056 4.992507558612529e-12
10700.056 4.692247449831858e-12
10750.056 6.585133948771304e-12
10800.056 6.728748870560216e-12
10850.056 4.7962883252588e-12
10900.056 1.9710166906366325e-12
10950.056 7.636140605695871e-13
11000.056 3.4815738816290873e-13
11050.056 1.6026086091527695e-13
11100.056 3.4518556151677747e-14
11150.056 4.338313125889795e-15
11200.056 4.931146938402433e-16
11250.056 2.500832779885388e-16
11300.056 3.4248775389006014e-15
11350.056 1.877614308309746e-16
11400.056 2.0109278479221937e-15
11450.056 1.2349797123058803e-15
11500.056 8.08672893665273e-16
11550.056 4.545918667052373e-17
11600.056 8.833501099561044e-18
11650.056 1.8973137713215017e-16
11700.056 1.9437504669494755e-16
11750.056 1.443011390528583e-17
11800.056 1.7255681502849673e-16
11850.056 1.4143913680842077e-16
11900.056 9.989698981276116e-17
11950.056 2.7008898199434637e-16
12000.056 5.65995125202812e-16
12050.056 1.1834778255714183e-15
12100.056 2.7293621763823358e-15
12150.056 3.812655173466429e-15
12200.056 4.129777764664163e-15
12250.056 2.020176327855799e-14
12300.056 6.74093902104829e-14
12350.056 9.877816227817693e-14
12400.056 3.597675322471924e-13
12450.056 1.0262317720831455e-12
12500.056 1.3224494726455075e-12
12550.056 2.0628272380843526e-12
12600.056 6.903128706429973e-12
12650.056 1.7785829774766003e-11
12700.056 1.856532163406867e-11
12750.056 5.262323133885091e-12
12800.056 1.0949891827402175e-12
12850.056 3.2828916128670035e-13
12900.056 1.8402464921079974e-13
12950.056 1.191409039913692e-13
13000.056 9.66035332276246e-14
13050.056 4.439791491746599e-14
13100.056 2.927373090581169e-14
13150.056 1.2544784224597839e-14
13200.056 1.389636568074359e-14
13250.056 1.8527700651750072e-14
13300.056 8.033200074074275e-15
13350.056 2.1003887962285203e-15
13400.056 1.5917097340846244e-15
13450.056 3.017284442447661e-16
13500.056 4.3275195826445037e-17
13550.056 7.341447877006322e-18
13600.056 2.668348139469273e-19
13650.056 6.036946055837132e-18
13700.056 1.600857569059228e-18
13750.056 9.542675747592407e-18
13800.056 3.529824804624509e-18
13850.056 2.0040950879695347e-18
13900.056 1.0722538195932125e-17
13950.056 4.1104353936247845e-18
14000.056 6.921753796557097e-18
14050.056 1.3408624863932374e-17
14100.056 2.2899494173941926e-17
14150.056 1.505893594114174e-16
14200.056 6.683360778875167e-17
14250.056 1.6825595175786948e-16
14300.056 4.579902446420429e-16
14350.056 5.512241574447019e-16
14400.056 6.369652775443259e-16
14450.056 1.4574221232597824e-15
14500.056 4.281043530382616e-15
14550.056 5.873066550159316e-15
14600.056 4.537915493788925e-15
14650.056 1.2420412521937117e-15
14700.056 5.48103727537977e-16
14750.056 6.284428317733989e-17
14800.056 2.083484013362883e-16
14850.056 2.431068672568972e-16
14900.056 1.923889714177483e-16
14950.056 8.922417521389542e-17
15000.056 3.697716976251875e-16
15050.056 4.967480846146805e-16
15100.056 1.3954559619182981e-16
15150.056 4.15519753997868e-17
15200.056 3.4984801220723554e-16
15250.056 1.0077864278841885e-15
15300.056 1.2971264509314953e-15
15350.056 3.117420806582505e-15
15400.056 3.872373232645685e-15
15450.056 5.1819032023089946e-15
15500.056 7.122291039397133e-15
15550.056 3.1532252589361684e-14
15600.056 4.675240656993571e-14
15650.056 1.5278859912439408e-13
15700.056 3.661102555299237e-13
15750.056 7.439498577301984e-13
15800.056 8.745686636876546e-13
15850.056 1.5037924393884824e-12
15900.056 2.2200714958417286e-12
15950.056 3.0860481924095354e-12
16000.056 3.0309918592327978e-12
16050.056 1.7206132500581336e-12
16100.056 9.038810566168745e-13
16150.056 3.6571258329814543e-13
16200.056 1.3455213746482964e-13
16250.056 6.055655054300005e-14
16300.056 2.0801971990141942e-14
16350.056 2.613554544306236e-14
16400.056 3.7794414000158595e-14
16450.056 2.182341779546158e-14
16500.056 1.5488329490215294e-14
16550.056 1.1726798851664572e-14
16600.056 4.5401334021622444e-14
16650.056 2.6253530150055544e-14
16700.056 2.1109805026691035e-15
16750.056 9.401474052217426e-15
16800.056 2.2399445432094446e-14
16850.056 2.188511849193927e-14
16900.056 5.798162237452462e-15
16950.056 1.7326732880006758e-15
17000.056 5.636894163143117e-16
17050.056 1.2790131693063488e-15
17100.056 4.6793220884818854e-15
17150.056 1.7783649301722745e-15
17200.056 2.186359031758189e-14
17250.056 3.853340660651845e-15
17300.056 2.7700189769396234e-15
17350.056 3.5636954846268806e-15
17400.056 1.3812617287564896e-14
17450.056 1.8607140604225047e-14
17500.056 3.822165706306068e-14
17550.056 3.5327067599346e-14
17600.056 2.5241417196486264e-14
17650.056 1.706895240035076e-14
17700.056 1.2795851483377825e-14
17750.056 1.5493419081124968e-14
17800.056 1.196330837885963e-13
17850.056 1.550888378287223e-14
17900.056 1.4434724309516792e-14
17950.056 1.3048494191993871e-14
18000.056 1.9626461630684137e-14
18050.056 1.9587602851400095e-14
18100.056 2.960229246563317e-14
18150.056 1.0338899428041023e-14
18200.056 9.125360774198339e-15
18250.056 6.068923000372984e-14
18300.056 2.9891563330064606e-15
18350.056 2.3120583384792575e-15
18400.056 6.451955484479281e-16
18450.056 1.75744444091838e-14
18500.056 1.3314288337053259e-14
18550.056 5.3865912636526804e-15
18600.056 2.0086936902165053e-14
18650.056 1.5191877113899018e-14
18700.056 4.432124479477345e-16
18750.056 1.1385358272298975e-15
18800.056 4.584938493431751e-14
18850.056 3.8183169920017555e-14
18900.056 5.6260689421711554e-14
18950.056 6.816723304293559e-14
19000.056 4.934768507539432e-15
19050.056 2.0869140057199092e-15
19100.056 9.182339419604699e-15
19150.056 3.220363938220535e-15
19200.056 7.778945086345894e-15
19250.056 6.023662600149193e-15
19300.056 2.5543402632486262e-15
19350.056 2.6400086540527275e-15
19400.056 2.0072464897960142e-15
19450.056 4.173644324215644e-15
19500.056 1.046811836767847e-15
19550.056 6.30627322488444e-15
19600.056 2.7531763362714232e-14
19650.056 1.4790114185389577e-14
19700.056 1.9197499569478875e-14
19750.056 5.517093590632501e-14
19800.056 1.8688845835154248e-14
19850.056 2.564222388381734e-14
19900.056 5.1161269254946735e-14
19950.056 7.789375916576172e-14
20000.056 1.129113078178179e-13
20050.056 7.203337636250498e-14
20100.056 1.3171441188172152e-13
20150.056 6.850332680070218e-14
20200.056 3.504002745711206e-14
20250.056 1.4488960995725198e-13
20300.056 2.192586631446516e-13
20350.056 3.6394248901029617e-13
20400.056 2.030175698459917e-13
20450.056 4.5251171380460846e-13
20500.056 6.916487407693093e-13
20550.056 9.376923975138543e-13
20600.056 1.0880521325171294e-12
20650.056 1.7000596325825063e-12
20700.056 1.9907964284724993e-12
20750.056 2.9803357988070834e-12
20800.056 2.5864239334578297e-12
20850.056 3.640268174598105e-12
20900.056 4.572384331605324e-12
20950.056 4.1381033222445945e-12
21000.056 4.228330001956706e-12
21050.056 5.025949371388652e-12
21100.056 4.60565858922656e-12
21150.056 4.796639448103493e-12
21200.056 4.118627311168173e-12
21250.056 3.9035405012933995e-12
21300.056 2.9603499432800222e-12
21350.056 2.9923238329556027e-12
21400.056 2.838434512455231e-12
21450.056 1.7043017919108915e-12
21500.056 1.3545584969462075e-12
21550.056 1.4677981323548936e-12
21600.056 9.72981570307572e-13
21650.056 5.613520555441665e-13
21700.056 2.543268246632152e-13
21750.056 4.702058172150499e-13
21800.056 2.5680803407507187e-13
21850.056 2.801472164560288e-13
21900.056 1.6642646983684912e-13
21950.056 2.163291653200158e-14
22000.056 8.164502240655671e-16
22050.056 3.256691277353293e-15
22100.056 2.0465126118474978e-14
22150.056 1.2257328760111705e-14
22200.056 9.732955744859099e-15
22250.056 7.281316295586615e-15
22300.056 1.7628539258243842e-15
22350.056 4.283588701385231e-15
22400.056 8.622998872688257e-16
22450.056 1.675965062829356e-15
22500.056 1.3565028218394147e-15
22550.056 2.6187024716224014e-16
22600.056 2.0063974363079988e-16
22650.056 4.61632570203957e-16
22700.056 4.780901578247407e-16
22750.056 1.2059551009419532e-15
22800.056 1.2430041555142477e-15
22850.056 7.52021625317872e-16
22900.056 5.59232824438602e-16
22950.056 1.7654086561319765e-16
23000.056 5.082136617196527e-16
23050.056 3.146787001621e-16
23100.056 8.057077520487287e-15
23150.056 1.5335877058918896e-14
23200.056 8.25449109722277e-17
23250.056 8.946371268170348e-16
23300.056 6.222032900475689e-16
23350.056 2.0842152948476483e-15
23400.056 1.4371222866987892e-15
23450.056 3.3859204639856777e-16
23500.056 3.194582506199106e-16
23550.056 1.3000343087288398e-15
23600.056 6.579857702046584e-15
23650.056 9.752931122812046e-15
23700.056 5.6061436339611e-16
23750.056 6.956883510606852e-16
23800.056 9.765744221821362e-15
23850.056 4.385965218668998e-15
23900.056 1.4852848930744793e-14
23950.056 3.4135489882908e-15
24000.056 2.1243358221049126e-14
24050.056 2.9861573017369776e-14
24100.056 7.428687550448992e-14
24150.056 9.626585530613206e-14
24200.056 3.668224081539307e-14
24250.056 3.0026789935747655e-14
24300.056 5.887562727501901e-14
24350.056 5.767027224057363e-14
24400.056 2.623120200726203e-13
24450.056 3.5030200706524463e-13
24500.056 2.9239444653531823e-13
24550.056 5.612116191315127e-13
24600.056 5.971378938144153e-13
24650.056 1.3840355592888353e-12
24700.056 6.276725056417813e-13
24750.056 1.0191092370039657e-12
24800.056 7.366105287099227e-13
24850.056 1.372362457161548e-12
24900.056 7.463755477105718e-13
24950.056 1.156344501847407e-12
25000.056 1.6856164277916455e-12
25050.056 1.1726655708823597e-12
25100.056 1.6944978646140175e-12
25150.056 5.53409637671606e-13
25200.056 9.485026840825376e-13
25250.056 3.363002181018418e-13
25300.056 2.730421089187261e-13
25350.056 1.4787523390171774e-13
25400.056 3.831555602131643e-13
25450.056 6.261701244141913e-14
25500.056 4.9672211398834345e-14
25550.056 1.5397078976813805e-13
25600.056 3.878910286799096e-14
25650.056 1.5797760948157095e-14
25700.056 9.909849172996983e-15
25750.056 3.335234646560426e-15
25800.056 1.8326553168077423e-14
25850.056 2.560018149823223e-15
25900.056 2.7684997893168003e-15
25950.056 1.1691448968343036e-15
26000.056 1.0505928271753105e-14
26050.056 1.4579409127362175e-15
26100.056 4.785267283446221e-15
26150.056 2.0949255673488826e-15
26200.056 2.841299840755549e-15
26250.056 1.8627178397436305e-14
26300.056 3.599233116055804e-15
26350.056 6.280268305328459e-14
26400.056 1.9267380698364902e-13
26450.056 9.236591700336514e-14
26500.056 3.458372740396602e-13
26550.056 1.3377685740772633e-14
26600.056 1.2565988575651811e-14
26650.056 2.52853753359131e-15
26700.056 2.6188588351430157e-15
26750.056 4.294649054588386e-15
26800.056 1.572477196910732e-14
26850.056 9.877692711966747e-15
26900.056 4.545969791417828e-14
26950.056 9.708830794531198e-15
27000.056 5.4846397176500155e-14
27050.056 1.1856414027498153e-13
27100.056 5.657463516253299e-15
27150.056 7.990594449111025e-14
27200.056 7.096122501333753e-15
27250.056 2.569858268496556e-14
27300.056 3.499463453271601e-13
27350.056 8.056002026557873e-14
27400.056 6.328103263084296e-15
27450.056 1.508906579234044e-13
27500.056 1.7724916070213738e-13
27550.056 2.7953187409187444e-14
27600.056 9.27079991414645e-14
27650.056 2.3529789041636718e-14
27700.056 2.9384068430068396e-14
27750.056 1.9594010464162844e-13
27800.056 5.220565017722198e-14
27850.056 1.2813574359090318e-13
27900.056 1.3928239305730072e-13
27950.056 3.3544285826715784e-13
28000.056 5.390241660498263e-13
28050.056 2.979476787753544e-14
28100.056 4.5089344886343156e-13
28150.056 3.599375336849905e-13
28200.056 5.264809519672542e-14
28250.056 6.419316633929032e-13
28300.056 5.227301914890667e-13
28350.056 6.369802914430173e-14
28400.056 2.7743824174938414e-13
28450.056 6.177028070071341e-13
28500.056 2.436168193300042e-13
28550.056 6.2218341419446e-14
28600.056 6.043058866177478e-13
28650.056 2.2647740084885942e-13
28700.056 7.357318633000443e-13
28750.056 9.13269434724275e-13
28800.056 1.73451353736346e-13
28850.056 2.152285652309497e-12
