galfind/configs/Brown_Dwarf_templates/sonora_bobcat/m+0.5/17g/sp_t650g17nc_m+0.5_resample.dat
# %ECSV 1.0
# ---
# datatype:
# - {name: wav, unit: Angstrom, datatype: float64}
# - {name: flux_nu, unit: erg / (cm2 Hz s), datatype: float64}
# meta: {C/O: '1.00', Kzz: '1.0000E+05', Teff: '650.', Y: '0.28', '[Fe/H]': '0.50', f_hole: '1.00', f_rain: '0.00', grav: '18.'}
# schema: astropy-2.0
wav flux_nu
[from data line 498]
28900.056 5.4882995563948725e-09
28950.056 1.3194222449107857e-08
29000.056 9.72825310336235e-09
29050.056 1.125141042527773e-08
29100.056 8.43673838924227e-09
29150.056 1.3080144607670406e-08
29200.056 1.0526206325937356e-08
29250.056 1.650991562647006e-08
29300.056 7.900768121419555e-09
29350.056 2.3345287073187618e-08
29400.056 1.1457761127258643e-08
29450.056 1.2723834041866308e-08
29500.056 1.5458302753100983e-08
29550.056 1.1908425876735307e-08
29600.056 1.547386727391753e-08
29650.056 1.7113451778435442e-08
29700.056 9.777995358558855e-09
29750.056 1.6192466600528714e-08
29800.056 1.588054567633458e-08
29850.056 1.8718276663480664e-08
29900.056 1.6129325099330458e-08
29950.056 1.4725748130704868e-08
30000.056 3.754796393846603e-09
30050.056 5.6663464434732196e-09
30100.056 6.59923217942823e-09
30150.056 1.2716326497121955e-08
30200.056 9.074500718677346e-09
30250.056 1.8544986801532098e-08
30300.056 1.849910311996865e-08
30350.056 1.4232817353303733e-08
30400.056 1.8362375585557853e-08
30450.056 1.1653405963766892e-08
30500.056 1.0771507286395409e-08
30550.056 1.158404577736968e-08
30600.056 1.4321633385173383e-08
30650.056 1.0172255862761166e-08
30700.056 9.305283702399213e-09
30750.056 1.1613047951768634e-08
30800.056 7.99975004989166e-09
30850.056 8.964842379369335e-09
30900.056 5.7915032046545225e-09
30950.056 7.064816318762673e-09
31000.056 5.508531211531466e-09
31050.056 5.2915748425938835e-09
31100.056 4.2952392256044535e-09
31150.056 6.111818157334479e-09
31200.056 5.823817075783291e-09
31250.056 4.2461461000220856e-09
31300.056 3.560777468988963e-09
31350.056 4.23739030506546e-09
31400.056 3.1859160970021842e-09
31450.056 3.1890421605968254e-09
31500.056 2.4275035036761635e-09
31550.056 2.8649657389808625e-09
31600.056 1.803391052628623e-09
31650.056 1.8859701592499095e-09
31700.056 1.9907302856867123e-09
31750.056 1.4152993050069348e-09
31800.056 1.962837697383364e-09
31850.056 1.2194315521025592e-09
31900.056 1.4413421338677949e-09
31950.056 9.636041564350207e-10
32000.056 1.250881586670781e-09
32050.056 1.4897477407156343e-09
32100.056 1.4233697546545117e-09
32150.056 1.451965839460883e-09
32200.056 1.12749612571304e-09
32250.056 1.6763382600241284e-09
32300.056 1.1820633164936056e-09
32350.056 1.6549221096774633e-09
32400.056 1.092100290911477e-09
32450.056 1.5140112908834878e-09
32500.056 1.1751736002332896e-09
32550.056 1.2048888261701756e-09
32600.056 1.5927706389852035e-09
32650.056 2.8856454700274266e-09
32700.056 1.99241404323251e-09
32750.056 3.030433313650917e-09
32800.056 2.6509812641313913e-09
32850.056 3.4285307058225865e-09
32900.056 3.6728186501443733e-09
32950.056 4.1347783260087115e-09
33000.056 3.1512173242812365e-09
33050.056 3.3622865451427174e-09
33100.056 1.137243228343286e-09
33150.056 1.3562484578898642e-10
33200.056 1.9407810311891594e-10
33250.056 9.375686133400033e-11
33300.056 1.3479361349202607e-10
33350.056 3.4772973882594055e-10
33400.056 6.634483105475059e-10
33450.056 1.0392140224817099e-09
33500.056 2.0556192775319293e-09
33550.056 1.3060301764030385e-09
33600.056 2.7179926986615098e-09
33650.056 2.444350964644363e-09
33700.056 2.1196032135576935e-09
33750.056 3.232344199307761e-09
33800.056 2.2979316812318607e-09
33850.056 2.848408265101777e-09
33900.056 2.3678696126304634e-09
33950.056 2.4081814405671366e-09
34000.056 3.4171973076030373e-09
34050.056 1.2600960025789295e-09
34100.056 3.2477890635148293e-09
34150.056 2.487715283904987e-09
34200.056 2.6662948078623862e-09
34250.056 2.480038388922478e-09
34300.056 2.4076391715849645e-09
34350.056 2.060031472301736e-09
34400.056 1.60881687049143e-09
34450.056 2.422186456690742e-09
34500.056 2.3123636056838285e-09
34550.056 1.7063322738044905e-09
34600.056 3.22441062083025e-09
34650.056 1.9190779160322894e-09
34700.056 3.030424383318902e-09
34750.056 2.6604936374287768e-09
34800.056 2.501072520906575e-09
34850.056 2.9092525553831695e-09
34900.056 2.942625505944257e-09
34950.056 3.6255969637182712e-09
35000.056 5.879774770746295e-09
35050.056 3.0645794661077307e-09
35100.056 4.782055222940492e-09
35150.056 3.5537148792312646e-09
35200.056 4.759529684093924e-09
35250.056 6.049401966813294e-09
35300.056 4.478499243925034e-09
35350.056 4.643736099764014e-09
35400.056 5.37951987429761e-09
35450.056 3.5965340363421726e-09
35500.056 8.287079175905331e-09
35550.056 7.357623306294314e-09
35600.056 5.661821063714881e-09
35650.056 6.654767497394429e-09
35700.056 6.3946719985295814e-09
35750.056 8.909726505541705e-09
35800.056 1.1681014317711889e-08
35850.056 6.092183373471834e-09
35900.056 7.980227189975662e-09
35950.056 7.312079844209702e-09
36000.056 7.496314840121548e-09
36050.056 6.032288518733497e-09
36100.056 6.6999726846769564e-09
36150.056 7.680635096135221e-09
36200.056 8.116550736344306e-09
36250.056 7.999494739667084e-09
36300.056 9.966331247283658e-09
36350.056 8.56850233831865e-09
36400.056 8.614801048202335e-09
36450.056 1.1993179686274999e-08
36500.056 1.3258619803012416e-08
36550.056 1.2125669457867782e-08
36600.056 1.5534390546298066e-08
36650.056 1.454518262542679e-08
36700.056 1.6823424405350956e-08
36750.056 1.8630551892159904e-08
36800.056 1.7475195162901014e-08
36850.056 1.5144577897248298e-08
36900.056 1.9192684261104765e-08
36950.056 2.0194053754813978e-08
37000.056 1.803852678705652e-08
37050.056 1.810879673806453e-08
37100.056 2.2310217989071762e-08
37150.056 1.6213599048665312e-08
37200.056 2.1382516425712286e-08
37250.056 2.150967389087664e-08
37300.056 1.7865726181434856e-08
37350.056 2.0324958330634955e-08
37400.056 3.16449502371549e-08
37450.056 2.1530741982662026e-08
37500.056 2.216674690018635e-08
37550.056 2.6373514309792516e-08
37600.056 2.904382330908308e-08
37650.056 1.9703907801578614e-08
37700.056 3.50233704513055e-08
37750.056 2.3008698371435396e-08
37800.056 2.4314317871844998e-08
37850.056 1.5979579116453457e-08
37900.056 2.0385217713709604e-08
37950.056 2.7925029188011472e-08
38000.056 3.2810550929734264e-08
38050.056 3.093319308422171e-08
38100.056 3.033078255937798e-08
38150.056 3.9428362136798326e-08
38200.056 4.055080684901779e-08
38250.056 3.9420650584497316e-08
38300.056 5.449839062019073e-08
38350.056 5.2475308570008126e-08
38400.056 2.8693525909603654e-08
38450.056 3.0453981124879344e-08
38500.056 2.0528480829774556e-08
38550.056 3.332920100391253e-08
38600.056 3.5270353838491706e-08
38650.056 2.978444360379281e-08
38700.056 3.07596931693907e-08
38750.056 3.8827491717339016e-08
38800.056 3.350229133115533e-08
38850.056 3.524398952299326e-08
38900.056 4.9057614148323394e-08
38950.056 3.910086692690997e-08
39000.056 4.397498020896995e-08
39050.056 3.7757658159999173e-08
39100.056 4.4508810330402834e-08
39150.056 4.317039760857698e-08
39200.056 4.803898433363895e-08
39250.056 5.614213727768516e-08
39300.056 4.003279276111196e-08
39350.056 6.449742707579997e-08
39400.056 4.79974512257543e-08
39450.056 5.5018060746682455e-08
39500.056 5.6452822158707384e-08
39550.056 5.7602146886778065e-08
39600.056 5.9087966988900466e-08
39650.056 5.964666952528594e-08
39700.056 6.291543542063977e-08
39750.056 5.1323222344075504e-08
39800.056 5.858719955398454e-08
39850.056 7.701833931849959e-08
39900.056 7.693671437401205e-08
39950.056 6.060724292477333e-08
40000.056 9.554846755261016e-08
40050.056 7.36411971856946e-08
40100.056 5.914214466179592e-08
40150.056 7.935778656617693e-08
40200.056 8.285486790275685e-08
40250.056 8.218987553995443e-08
40300.056 8.221554643682553e-08
40350.056 8.811632743538122e-08
40400.056 9.775007938406579e-08
40450.056 8.430294646627152e-08
40500.056 1.0074752402466985e-07
40550.056 9.881862907736972e-08
40600.056 9.738688236641357e-08
40650.056 7.599117852167395e-08
40700.056 1.1051453642808549e-07
40750.056 9.999677125300084e-08
40800.056 7.873346234234226e-08
40850.056 1.2675796569705905e-07
40900.056 1.1579630453252013e-07
40950.056 1.0983473865219792e-07
41000.056 1.1154733250620195e-07
41050.056 1.3714977316195702e-07
41100.056 1.1838984767282375e-07
41150.056 8.765526775193113e-08
41200.056 1.4260205982687446e-07
41250.056 1.1212936985676757e-07
41300.056 1.0855395267916536e-07
41350.056 1.6190558430303887e-07
41400.056 1.3887685015303958e-07
41450.056 1.5753891121360608e-07
41500.056 1.2785631235769743e-07
41550.056 1.255283115527091e-07
41600.056 1.4909681662186723e-07
41650.056 1.6326394937438697e-07
41700.056 1.429493993849038e-07
41750.056 1.5195137356499076e-07
41800.056 1.63226606240986e-07
41850.056 1.342299097731828e-07
41900.056 1.3546774953678825e-07
41950.056 1.2060071173003037e-07
42000.056 1.244087523000227e-07
42050.056 1.2400589318751016e-07
42100.056 1.589348948087718e-07
42150.056 1.356723019499843e-07
42200.056 1.1687650066931414e-07
42250.056 1.1961700156176015e-07
42300.056 1.227645811378559e-07
42350.056 1.5317023224302641e-07
42400.056 1.4373334012006358e-07
42450.056 1.3350722237403666e-07
42500.056 1.2581638838158588e-07
42550.056 1.2599996453397988e-07
42600.056 1.294343685094289e-07
42650.056 1.5041700822294507e-07
42700.056 1.4043443140541517e-07
42750.056 1.3264989671068233e-07
42800.056 1.4602058154344048e-07
42850.056 1.6127246406093974e-07
42900.056 1.6431461169605858e-07
42950.056 1.5091816236595869e-07
43000.056 1.5903365016342026e-07
43050.056 1.1908117439285403e-07
43100.056 1.4659570538596206e-07
43150.056 1.399753512087233e-07
43200.056 1.7439508887499678e-07
43250.056 1.9293375172600107e-07
43300.056 1.8955247286098924e-07
43350.056 1.448036487859877e-07
43400.056 1.6353338676127762e-07
43450.056 1.4790379144503157e-07
43500.056 1.3183765925359491e-07
43550.056 1.395556021697524e-07
43600.056 1.9556670499762466e-07
43650.056 1.5981964880290145e-07
43700.056 1.7505900774102768e-07
43750.056 1.8219737677354843e-07
43800.056 1.6735708208326343e-07
43850.056 1.558405314500141e-07
43900.056 1.622567130425871e-07
43950.056 1.2330488975101488e-07
44000.056 1.2589950227099485e-07
44050.056 1.9939307254602e-07
44100.056 2.2284966837301142e-07
44150.056 1.973764509285399e-07
44200.056 1.9308965471199044e-07
44250.056 1.5422359121711717e-07
44300.056 1.371243233902286e-07
44350.056 1.4897859594658625e-07
44400.056 1.5929090152700318e-07
44450.056 1.8866836549595273e-07
44500.056 1.971236663260546e-07
44550.056 2.294339254399677e-07
44600.056 1.861672575690279e-07
44650.056 2.0130372858695625e-07
44700.056 1.5188298187201155e-07
44750.056 1.9982982029002815e-07
44800.056 1.698269191462134e-07
44850.056 1.862561385680281e-07
44900.056 1.7680865626900914e-07
44950.056 2.00285249545409e-07
45000.056 2.12094146713979e-07
45050.056 2.0332197407101208e-07
45100.056 1.9378543197919241e-07
45150.056 2.0174436217815935e-07
45200.056 1.711424985412179e-07
45250.056 1.834268417439264e-07
45300.056 1.616212103930479e-07
45350.056 1.6889756781502045e-07
45400.056 2.482636658870202e-07
45450.056 2.079562568879826e-07
45500.056 2.2069904168221159e-07
45550.056 2.4141310517792364e-07
45600.056 2.41421235900031e-07
45650.056 1.8800779017918077e-07
45700.056 1.7459461667611726e-07
45750.056 1.6737157825489077e-07
45800.056 2.4512513860899156e-07
45850.056 2.48307265130997e-07
45900.056 2.570965678999945e-07
45950.056 2.212990017389855e-07
46000.056 2.459154192059974e-07
46050.056 2.1421882533012923e-07
46100.056 2.483282806939898e-07
46150.056 2.0584309589599635e-07
46200.056 1.9273863742100062e-07
46250.056 1.341610793111798e-07
46300.056 2.2275496361860474e-07
46350.056 2.0619923868302288e-07
46400.056 1.945572090480128e-07
46450.056 1.8689212733003822e-07
46500.056 2.040760195120461e-07
46550.056 1.6480933047867895e-07
46600.056 1.976115495261924e-07
46650.056 2.629366565749674e-07
46700.056 2.049485586590118e-07
46750.056 1.495501914077902e-07
46800.056 1.1968589841721585e-07
46850.056 2.717136483660678e-07
46900.056 2.365805297289778e-07
46950.056 2.3681908776300688e-07
47000.056 2.2241391054503122e-07
47050.056 2.0761538316731776e-07
47100.056 1.5199434728562795e-07
47150.056 1.817538072952124e-07
47200.056 2.1305564290501066e-07
47250.056 1.7132370663799765e-07
47300.056 1.3100204546811652e-07
47350.056 2.399171609059646e-07
47400.056 2.258388954459739e-07
47450.056 2.2592445217519445e-07
47500.056 2.5465531337755824e-07
47550.056 2.235468222000045e-07
47600.056 2.1476373807699718e-07
47650.056 1.8957310565980689e-07
47700.056 2.051767521235841e-07
47750.056 1.4919115281040817e-07
47800.056 1.646074913850122e-07
47850.056 1.1920340656830644e-07
47900.056 1.5400602305016935e-07
47950.056 1.804294789160375e-07
48000.056 2.59816273820054e-07
48050.056 2.3608204300601008e-07
48100.056 1.498534263500158e-07
48150.056 2.0133808748301577e-07
48200.056 1.7607185281300351e-07
48250.056 1.7795062898200823e-07
48300.056 2.2641023160991313e-07
48350.056 1.525722987040199e-07
48400.056 9.823376004287905e-08
48450.056 1.6907581659776808e-07
48500.056 2.1897362450196292e-07
48550.056 1.7711268448119817e-07
48600.056 1.9945752514400104e-07
48650.056 2.0208607680296782e-07
48700.056 1.7783665138178844e-07
48750.056 1.3177889949088305e-07
48800.056 2.489961449959863e-07
48850.056 1.5071074517098165e-07
48900.056 2.179370884042004e-07
48950.056 1.6290447241203373e-07
49000.056 9.128745072421656e-08
49050.056 1.7760351220299712e-07
49100.056 2.0660047975504692e-07
49150.056 1.6962753792221628e-07
49200.056 2.3610715819303407e-07
49250.056 2.178399083710383e-07
49300.056 1.9333496372800547e-07
49350.056 1.16045943362625e-07
49400.056 1.500983498989802e-07
49450.056 1.6138588530805473e-07
49500.056 1.3076691133398214e-07
49550.056 6.47134964585118e-08
49600.056 1.1744924127411499e-07
49650.056 1.6122818926399512e-07
49700.056 1.4871246692093984e-07
49750.056 1.658094018659605e-07
49800.056 1.4008003427328442e-07
49850.056 2.142826965090712e-07
49900.056 1.7014599891257325e-07
49950.056 1.7166828649100602e-07
50000.056 1.5175517025897183e-07
50050.056 1.811227029580108e-07
50100.056 1.4589354176720737e-07
50150.056 9.866368014697973e-08
50200.056 4.012297591590738e-08
50250.056 1.325835843779769e-07
50300.056 9.709194956851747e-08
50350.056 1.8484009707802604e-07
50400.056 1.631200674289902e-07
50450.056 1.296066584072231e-07
50500.056 1.5572565394102937e-07
50550.056 1.4755005437001274e-07
50600.056 1.294729497929624e-07
50650.056 1.7932668297304912e-07
50700.056 1.8463175730791458e-07
50750.056 1.447815007642238e-07
50800.056 8.059886439669894e-08
50850.056 6.954574957823021e-08
50900.056 1.7294120122500663e-07
50950.056 1.2864916528902412e-07
51000.056 1.3680207465181032e-07
51050.056 1.4081107127500012e-07
51100.056 7.817305348244412e-08
51150.056 1.0778760387734308e-07
51200.056 1.901278613919897e-07
51250.056 1.261801875777596e-07
51300.056 1.1033794427026381e-07
51350.056 1.0758054071619381e-07
51400.056 5.810556121009795e-08
51450.056 4.9016873306683e-08
51500.056 5.327336842022477e-08
51550.056 1.3918070869200628e-07
51600.056 9.899551807232748e-08
51650.056 1.0283387260696597e-07
51700.056 1.0932384419679763e-07
51750.056 7.950435511077218e-08
51800.056 1.174716783829809e-07
51850.056 1.1025958431600053e-07
51900.056 1.5113565257200748e-07
51950.056 1.1455403911099515e-07
52000.056 3.451771680029023e-08
52050.056 8.101071816281888e-08
52100.056 5.744218632999201e-08
52150.056 4.9262247741905786e-08
52200.056 6.091262147190147e-08
52250.056 8.172645865302597e-08
52300.056 1.1617336338099906e-07
52350.056 7.623149731220392e-08
52400.056 5.709212304280383e-08
52450.056 1.2232215981700388e-07
52500.056 1.0403695728436865e-07
52550.056 1.1082802733897234e-07
52600.056 9.402482924201546e-08
52650.056 1.0114928445251315e-07
52700.056 8.734228939499692e-08
52750.056 5.382088022119725e-08
52800.056 7.25099200967173e-08
52850.056 7.700933126996825e-08
52900.056 5.947937048719131e-08
52950.056 7.132349867680053e-08
53000.056 1.0026987187802014e-07
53050.056 4.824794193518685e-08
53100.056 7.851948867415954e-08
53150.056 1.037586792460122e-07
53200.056 5.289050930880181e-08
53250.056 1.0033646751710188e-07
53300.056 1.1491236432256441e-07
53350.056 1.0446155866979761e-07
53400.056 8.565391835899039e-08
53450.056 4.156425722898991e-08
