galfind/configs/Brown_Dwarf_templates/sonora_bobcat/m+0.5/17g/sp_t225g17nc_m+0.5_resample.dat
# %ECSV 1.0
# ---
# datatype:
# - {name: wav, unit: Angstrom, datatype: float64}
# - {name: flux_nu, unit: erg / (cm2 Hz s), datatype: float64}
# meta: {C/O: '1.00', Kzz: '1.0000E+05', Teff: '225.', Y: '0.28', '[Fe/H]': '0.50', f_hole: '1.00', f_rain: '0.00', grav: '18.'}
# schema: astropy-2.0
wav flux_nu
[from data line 498]
28900.056 8.63645208116496e-15
28950.056 1.3506755573427013e-14
29000.056 6.413846427453017e-15
29050.056 1.2104022563665655e-14
29100.056 1.895716394665111e-15
29150.056 7.011219316864611e-16
29200.056 6.273604774461441e-14
29250.056 1.4171820087204231e-14
29300.056 3.593443747372169e-15
29350.056 1.9604015981771125e-14
29400.056 2.3510639460909024e-14
29450.056 2.690644902516306e-15
29500.056 3.5870122697501485e-14
29550.056 9.488928727173678e-15
29600.056 3.31640741666338e-15
29650.056 2.794000845946383e-14
29700.056 8.456465990523859e-15
29750.056 6.87687850037621e-14
29800.056 1.0005642817789391e-14
29850.056 3.676268995962598e-14
29900.056 9.461010875402078e-15
29950.056 1.3474635097634523e-14
30000.056 3.431099889613924e-17
30050.056 2.573436397516225e-15
30100.056 2.1998975876504058e-14
30150.056 5.2460580013419295e-14
30200.056 4.730374589134632e-14
30250.056 4.140601579535786e-14
30300.056 7.55517404294547e-14
30350.056 1.4676940523886884e-14
30400.056 8.772012788437986e-14
30450.056 2.030660729087462e-13
30500.056 1.3028491581635026e-14
30550.056 1.355010110318298e-14
30600.056 1.0174044109493815e-12
30650.056 3.074578920730054e-13
30700.056 1.3221547494572279e-14
30750.056 1.0733013948341554e-13
30800.056 4.667878485527029e-13
30850.056 3.647655509106488e-13
30900.056 9.657056057984152e-14
30950.056 6.017525123017742e-14
31000.056 9.946926729141263e-14
31050.056 1.5542131469655052e-14
31100.056 1.3719857713047367e-14
31150.056 3.296906794092835e-14
31200.056 4.680007220223199e-13
31250.056 4.541071047608188e-13
31300.056 4.259161159955048e-14
31350.056 5.101257806549592e-13
31400.056 5.47393376616232e-13
31450.056 3.4382702322162536e-13
31500.056 6.45781552803994e-14
31550.056 1.9582151062100338e-13
31600.056 1.8975499467251492e-13
31650.056 1.4687286279331913e-13
31700.056 6.355261631667117e-14
31750.056 4.664688635547471e-14
31800.056 5.1183621440592284e-14
31850.056 4.575251939311358e-15
31900.056 1.290075344279339e-14
31950.056 9.394772052933396e-15
32000.056 3.591963185431545e-15
32050.056 4.39224993055264e-15
32100.056 4.274016884907464e-15
32150.056 1.6158479189370133e-15
32200.056 4.173286976941391e-16
32250.056 1.1511365530739853e-15
32300.056 1.3002957215434456e-16
32350.056 4.3999838305135455e-16
32400.056 2.231422411098872e-17
32450.056 2.2191017450983394e-16
32500.056 1.6840906151828568e-17
32550.056 1.0329308626473718e-16
32600.056 6.7574056371859655e-18
32650.056 2.266091648745724e-16
32700.056 9.858490642027944e-18
32750.056 7.1939965530769e-16
32800.056 1.548249462788805e-16
32850.056 6.364154077865266e-15
32900.056 2.8176131254411593e-15
32950.056 5.744954942423692e-15
33000.056 1.2771414726950713e-15
33050.056 3.2069710053670615e-16
33100.056 4.618963701998597e-17
33150.056 4.078565453466368e-20
33200.056 2.402864178938101e-17
33250.056 3.823753793550703e-17
33300.056 9.295392750292755e-16
33350.056 3.5629314584291444e-16
33400.056 6.243207232036599e-15
33450.056 1.7527442037837186e-16
33500.056 2.8907429173329046e-15
33550.056 2.92696826169974e-16
33600.056 1.4867584019741424e-15
33650.056 1.7928691619624043e-15
33700.056 1.3957392026304264e-16
33750.056 2.429777938528357e-15
33800.056 7.419780486089773e-17
33850.056 1.2213970447483749e-15
33900.056 1.5781426813406714e-15
33950.056 2.082010019499024e-15
34000.056 7.389874053805573e-15
34050.056 1.119496429708439e-15
34100.056 1.0592417872375232e-14
34150.056 4.007344938901402e-15
34200.056 2.3063326933543444e-14
34250.056 4.239269002925448e-15
34300.056 9.460003292054223e-15
34350.056 9.915828112388444e-14
34400.056 7.880799764159646e-15
34450.056 4.431314533896399e-14
34500.056 9.246408489387833e-15
34550.056 5.5955828881412473e-14
34600.056 2.9958125809358135e-13
34650.056 3.7629819867261325e-15
34700.056 7.646148333284044e-14
34750.056 4.545181098367952e-14
34800.056 3.400033479874848e-14
34850.056 1.5221912465592374e-13
34900.056 1.1738116325960687e-14
34950.056 3.279537244779767e-13
35000.056 2.5374729444100046e-13
35050.056 4.3207940701038045e-13
35100.056 5.578762145303894e-13
35150.056 3.968395976525981e-13
35200.056 4.781418434558081e-13
35250.056 9.587789312305534e-13
35300.056 1.4823524678994988e-13
35350.056 3.109245348073365e-14
35400.056 1.8759836432906495e-14
35450.056 3.340896352847899e-14
35500.056 2.1571517900094828e-13
35550.056 8.904569564796156e-14
35600.056 4.1954631279724037e-13
35650.056 9.472631872053173e-13
35700.056 1.1964634645125338e-12
35750.056 3.040711000279562e-13
35800.056 1.5921393342047104e-13
35850.056 6.24331609131958e-14
35900.056 1.0255028031683457e-13
35950.056 2.059159566126092e-13
36000.056 3.8949169861816026e-13
36050.056 3.232419114136227e-13
36100.056 2.2876776405840773e-13
36150.056 2.693174275774534e-12
36200.056 1.1546293040931044e-12
36250.056 4.121545779169471e-13
36300.056 3.3785152034385136e-12
36350.056 1.8849961988967264e-12
36400.056 2.371561522993679e-12
36450.056 1.844224890882024e-12
36500.056 1.5789249644974743e-12
36550.056 6.803626522992678e-12
36600.056 4.291798229840031e-12
36650.056 1.8939174952047648e-12
36700.056 5.3330120841246775e-12
36750.056 6.617049945075109e-12
36800.056 9.523422245792759e-12
36850.056 1.3701325144942977e-12
36900.056 3.1171666528744884e-12
36950.056 1.0311131070895458e-11
37000.056 6.374796430573613e-12
37050.056 9.811005886220769e-12
37100.056 1.8271264402995315e-12
37150.056 3.696916096818809e-12
37200.056 1.821724760658245e-11
37250.056 8.17139537097272e-12
37300.056 1.68047190789981e-12
37350.056 3.665609431916712e-12
37400.056 5.413421842172286e-12
37450.056 1.7371040476895727e-12
37500.056 5.194197710155596e-12
37550.056 1.487968254837228e-11
37600.056 3.4340283466652194e-11
37650.056 3.858503987844104e-12
37700.056 7.980050132729602e-12
37750.056 9.579365969215525e-12
37800.056 5.269518526805142e-12
37850.056 2.194448596411099e-12
37900.056 2.0711555342278e-12
37950.056 6.254223654567675e-12
38000.056 7.231286646660557e-12
38050.056 2.469088011281402e-11
38100.056 2.5327451712979592e-11
38150.056 5.0120827311953483e-11
38200.056 3.0039512458394825e-11
38250.056 5.95741172581798e-11
38300.056 9.913178031374918e-11
38350.056 3.244692170666156e-11
38400.056 3.670576360211587e-12
38450.056 5.349612318743353e-13
38500.056 1.0598873302877643e-12
38550.056 1.2693933019160089e-11
38600.056 1.6276340794812604e-11
38650.056 1.830396442259151e-11
38700.056 1.964915364618195e-12
38750.056 1.0824801813136267e-11
38800.056 9.01745452445797e-12
38850.056 2.0683719951587702e-11
38900.056 2.445236596924133e-11
38950.056 9.119858966273434e-12
39000.056 5.305516302819801e-11
39050.056 4.408766669437e-12
39100.056 1.6967641247725442e-11
39150.056 5.7120274741437883e-11
39200.056 2.2106742588697664e-11
39250.056 6.401006456753302e-11
39300.056 1.9252149949094218e-11
39350.056 8.596582664571082e-11
39400.056 2.0310735534677357e-11
39450.056 6.334724455746296e-11
39500.056 4.826632608983133e-11
39550.056 1.0238486427004067e-11
39600.056 7.318260164665861e-11
39650.056 5.7939861748719746e-11
39700.056 8.821862741029051e-11
39750.056 2.0985704366239194e-11
39800.056 1.8797303008265518e-11
39850.056 7.092491601812861e-11
39900.056 1.5284652787602383e-10
39950.056 2.3101493021477514e-11
40000.056 6.617440219940389e-11
40050.056 8.264867076651223e-11
40100.056 2.146971133162121e-11
40150.056 8.905130103615654e-11
40200.056 1.0544837832022513e-10
40250.056 1.2627706960988152e-10
40300.056 1.4478583565257228e-10
40350.056 5.069508893007902e-11
40400.056 6.107058577016786e-11
40450.056 1.6167451704770086e-11
40500.056 1.597916707432523e-10
40550.056 1.8044536516144375e-10
40600.056 1.1573277559330618e-10
40650.056 5.574162293719512e-11
40700.056 1.1023246146879285e-10
40750.056 8.722142230205918e-11
40800.056 4.6923147937908895e-11
40850.056 3.1851752946999773e-10
40900.056 2.5666381072456383e-10
40950.056 2.183616217898333e-10
41000.056 8.849880378734014e-11
41050.056 3.2516700624171884e-10
41100.056 2.449386022823304e-10
41150.056 3.772306277211542e-11
41200.056 4.794222487280202e-10
41250.056 1.8602914382811432e-10
41300.056 1.639685201456715e-10
41350.056 4.776906893690398e-10
41400.056 3.201923150779964e-10
41450.056 5.945017726384727e-10
41500.056 2.9515323219605583e-10
41550.056 1.7549844752469163e-10
41600.056 2.1267359302806903e-10
41650.056 5.700352985560585e-10
41700.056 7.672255008165887e-10
41750.056 5.620040673522175e-10
41800.056 4.332716151986928e-10
41850.056 4.709314500721953e-10
41900.056 2.2609266004818433e-10
41950.056 2.483501941170813e-10
42000.056 1.8676537340393108e-11
42050.056 8.711499591993702e-11
42100.056 1.0500322905480206e-10
42150.056 1.846972248474632e-10
42200.056 4.5609791480520985e-10
42250.056 2.6050835527176226e-10
42300.056 1.963556920997053e-10
42350.056 5.86841600048382e-10
42400.056 9.613523053177127e-10
42450.056 1.1603473870073033e-09
42500.056 1.2763760334558694e-09
42550.056 9.062878368557867e-10
42600.056 7.064321639140776e-10
42650.056 1.208586649209282e-09
42700.056 2.959030550703254e-10
42750.056 1.341954005006904e-09
42800.056 2.7951346217304924e-09
42850.056 2.2131232561295383e-09
42900.056 1.7388770550144754e-09
42950.056 1.9121365230989484e-09
43000.056 2.3275208204883577e-09
43050.056 8.931061981327976e-10
43100.056 1.2391410766258054e-09
43150.056 1.1284873891691118e-09
43200.056 2.9851821230004477e-09
43250.056 2.8409772983917175e-09
43300.056 3.071854150100022e-09
43350.056 1.6861773214990468e-09
43400.056 2.4950555661683453e-09
43450.056 1.1114015336543738e-09
43500.056 7.091197450014968e-10
43550.056 1.1144946375559e-09
43600.056 2.7980681214706816e-09
43650.056 1.6385396210962314e-09
43700.056 3.288306546747334e-09
43750.056 3.735509370978785e-09
43800.056 2.5018549887821425e-09
43850.056 2.143324381239065e-09
43900.056 1.2847243187404495e-09
43950.056 7.706599007803789e-10
44000.056 1.1324702880997386e-09
44050.056 3.903846425809727e-09
44100.056 4.234101706619603e-09
44150.056 4.583486962475647e-09
44200.056 4.250867848000234e-09
44250.056 1.5666181854940692e-09
44300.056 1.2638021377070764e-09
44350.056 1.1768461030949698e-09
44400.056 8.498551846180488e-10
44450.056 2.717707710062544e-09
44500.056 2.8363085000623587e-09
44550.056 3.76664163025972e-09
44600.056 3.084407204345692e-09
44650.056 2.3044115379968913e-09
44700.056 1.7925152628926207e-09
44750.056 4.15161253066081e-09
44800.056 1.6581936784758536e-09
44850.056 1.9686249243477347e-09
44900.056 2.770511399080268e-09
44950.056 3.576295176820956e-09
45000.056 5.327002573700488e-09
45050.056 3.348999072679189e-09
45100.056 3.183793994329658e-09
45150.056 2.1465157019153003e-09
45200.056 1.790196984290184e-09
45250.056 2.3516016934543037e-09
45300.056 2.380801235718263e-09
45350.056 1.218046466034474e-09
45400.056 6.687844605701219e-09
45450.056 3.6942077370481142e-09
45500.056 6.75375615514059e-09
45550.056 6.361698107067885e-09
45600.056 4.220746988601097e-09
45650.056 3.7052137058399772e-09
45700.056 2.124308643487811e-09
45750.056 2.0785932579493105e-09
45800.056 6.182085689790292e-09
45850.056 3.289326463228188e-09
45900.056 6.740240723639083e-09
45950.056 7.65284666385985e-09
46000.056 5.924327141790774e-09
46050.056 3.6355721400719594e-09
46100.056 9.29879244869934e-09
46150.056 4.342912625910356e-09
46200.056 3.0571569078493018e-09
46250.056 8.648937111789366e-10
46300.056 3.856609693659887e-09
46350.056 3.4000413459626495e-09
46400.056 3.474162294500066e-09
46450.056 3.074814013873024e-09
46500.056 4.0968385571405995e-09
46550.056 1.422569038864952e-09
46600.056 2.14387427964168e-09
46650.056 4.236627805840252e-09
46700.056 2.6672889026791833e-09
46750.056 8.021113071671175e-10
46800.056 4.102996928450086e-10
46850.056 3.5857671153106996e-09
46900.056 4.739742409039822e-09
46950.056 5.480716971239741e-09
47000.056 5.638129240080648e-09
47050.056 2.679493253801254e-09
47100.056 2.0951578644803254e-09
47150.056 4.1061105511783355e-09
47200.056 4.071820079859397e-09
47250.056 1.680058912886674e-09
47300.056 1.074920624150312e-09
47350.056 4.484053883260666e-09
47400.056 4.5750693158993355e-09
47450.056 2.3365795759739974e-09
47500.056 4.599975630116254e-09
47550.056 4.991152147650386e-09
47600.056 3.0599296172516355e-09
47650.056 3.637144204382015e-09
47700.056 2.6301420854295076e-09
47750.056 2.123414570520064e-09
47800.056 1.2360706611202551e-09
47850.056 4.078111197141083e-10
47900.056 8.679676590290107e-10
47950.056 3.045442147820137e-09
48000.056 4.292633487999757e-09
48050.056 3.0744967532003133e-09
48100.056 1.2223389742022368e-09
48150.056 2.8871660022601197e-09
48200.056 1.089550762117819e-09
48250.056 1.6695652657448875e-09
48300.056 3.972838420999977e-09
48350.056 1.736338216589666e-09
48400.056 2.7179847675691695e-10
48450.056 5.262570822561402e-10
48500.056 1.1184290107497664e-09
48550.056 1.4153141924592257e-09
48600.056 3.5644694414993523e-09
48650.056 4.712901432699464e-09
48700.056 2.763868934480756e-09
48750.056 2.8778033725502765e-09
48800.056 3.73368699302014e-09
48850.056 1.4798679400637821e-09
48900.056 1.1335658351418505e-09
48950.056 4.677674122819807e-10
49000.056 3.0645382585246886e-10
49050.056 1.377364365627816e-09
49100.056 2.484026663037485e-09
49150.056 1.8765545205725454e-09
49200.056 4.0728204534306275e-09
49250.056 3.80953213346954e-09
49300.056 2.6852235137899816e-09
49350.056 7.660230735643853e-10
49400.056 1.1777658545605305e-09
49450.056 9.632466506822035e-10
49500.056 6.030816479908456e-10
49550.056 1.0899238661599781e-10
49600.056 2.5429831114605694e-10
49650.056 1.1559150072403726e-09
49700.056 1.6155417340295173e-09
49750.056 9.70089983195078e-10
49800.056 5.623707594560769e-10
49850.056 2.0219819878243054e-09
49900.056 2.255040465329868e-09
49950.056 2.1734212075500725e-09
50000.056 7.851567547577004e-10
50050.056 9.365402437750912e-10
50100.056 8.66449038149915e-10
50150.056 2.7309191027194e-10
50200.056 5.655766581840666e-11
50250.056 2.521745746800057e-10
50300.056 1.725280741070346e-10
50350.056 1.0340062070802316e-09
50400.056 1.4715647576396504e-09
50450.056 1.4915278349203612e-09
50500.056 2.347285167258948e-09
50550.056 2.1337251374701704e-09
50600.056 1.1100405621978057e-09
50650.056 2.6857121103002574e-09
50700.056 1.94527171609972e-09
50750.056 8.996204105100046e-10
50800.056 1.968123186139511e-10
50850.056 1.0205951562302987e-10
50900.056 6.77807076420103e-10
50950.056 8.68642273929882e-10
51000.056 5.349649366980304e-10
51050.056 1.3588222120399781e-09
51100.056 3.771940503609448e-10
51150.056 2.753321763444653e-10
51200.056 1.4484302945400153e-09
51250.056 1.063615904255846e-09
51300.056 6.625907397671182e-10
51350.056 3.480354806469245e-10
51400.056 1.0286998983101807e-10
51450.056 1.0075028786967775e-10
51500.056 1.0479660700042933e-10
51550.056 3.4704761961605595e-10
51600.056 4.755638431021853e-10
51650.056 9.025647941800617e-10
51700.056 7.614647742538868e-10
51750.056 4.4616169535609545e-10
51800.056 1.0876043780399438e-09
51850.056 8.235496060699316e-10
51900.056 5.623641713399318e-10
51950.056 2.597860700599782e-10
52000.056 5.649400943899223e-11
52050.056 1.397178016414051e-10
52100.056 9.596390387099337e-11
52150.056 6.086692416741987e-11
52200.056 1.9545109700000774e-10
52250.056 3.040817700500548e-10
52300.056 2.8776154239998207e-10
52350.056 1.0238630141979055e-10
52400.056 1.1895799057499538e-10
52450.056 4.127829784200206e-10
52500.056 2.5626308415295696e-10
52550.056 5.487166702399903e-10
52600.056 6.013201152079876e-10
52650.056 6.516877266199853e-10
52700.056 3.8344566739994174e-10
52750.056 9.626371121538269e-11
52800.056 2.0231309554102772e-10
52850.056 2.251186039059649e-10
52900.056 8.660779072497339e-11
52950.056 1.38924364538018e-10
53000.056 2.607820915950568e-10
53050.056 1.2539521046798427e-10
53100.056 4.0879259051394815e-10
53150.056 2.786757101457563e-10
53200.056 1.552958771882925e-10
53250.056 1.8466808300370916e-10
53300.056 3.0829204996599746e-10
53350.056 2.2722038777760994e-10
53400.056 1.6449368535693355e-10
53450.056 7.539736508218413e-11
53500.056 2.482731270249192e-11
53550.056 4.430597802250595e-11
