galfind/configs/Brown_Dwarf_templates/sonora_bobcat/m+0.5/17g/sp_t1000g17nc_m+0.5_resample.dat
# %ECSV 1.0
# ---
# datatype:
# - {name: wav, unit: Angstrom, datatype: float64}
# - {name: flux_nu, unit: erg / (cm2 Hz s), datatype: float64}
# meta: {C/O: '1.00', Kzz: '1.0000E+05', Teff: '1000.', Y: '0.28', '[Fe/H]': '0.50', f_hole: '1.00', f_rain: '0.00', grav: '18.'}
# schema: astropy-2.0
wav flux_nu
4000.0559999999996 nan
4050.0559999999996 1.5741005963436556e-12
4100.056 3.3005707471398807e-11
4150.056 5.814789055830657e-11
4200.056 4.829914725108066e-11
4250.056 7.642183673202365e-11
4300.056 8.654554420001209e-11
4350.056 9.434738386300636e-11
4400.056 1.1273300729201149e-10
4450.056 1.200033326720001e-10
4500.056 1.2431203265000787e-10
4550.056 1.494414591547755e-10
4600.056 1.7031724591440142e-10
4650.056 1.6013614589498326e-10
4700.056 1.7455284926700598e-10
4750.056 1.3493844781700072e-10
4800.056 5.745796179799867e-11
4850.056 1.648131509599941e-11
4900.056 5.320489877699905e-12
4950.056 1.8352991221099787e-12
5000.056 5.110922920899932e-13
5050.056 1.7626315831999889e-13
5100.056 1.373486453799997e-13
5150.056 1.1813538706999917e-13
5200.056 1.0272949916899998e-13
5250.056 8.868369319699982e-14
5300.056 7.771188813799991e-14
5350.056 7.027005353999994e-14
5400.056 6.525783477299987e-14
5450.056 6.164945499599989e-14
5500.056 5.894505464500013e-14
5550.056 5.695469519500002e-14
5600.056 5.523600816199993e-14
5650.056 5.321436042499997e-14
5700.056 5.055382027200002e-14
5750.056 4.649902424299991e-14
5800.056 4.0168633414999926e-14
5850.056 2.8536752853999676e-14
5900.056 9.716766978640234e-15
5950.056 5.442078228900119e-14
6000.056 1.115736212689997e-13
6050.056 2.0179117515000263e-13
6100.056 3.44283455480003e-13
6150.056 5.717245502200043e-13
6200.056 9.386373880800065e-13
6250.056 1.5285271073000098e-12
6300.056 2.4859365220000177e-12
6350.056 4.02587503020003e-12
6400.056 6.476677948500038e-12
6450.056 1.0248361061299976e-11
6500.056 1.6026384828900103e-11
6550.056 2.4652257967000116e-11
6600.056 3.748895509100043e-11
6650.056 5.611368025200038e-11
6700.056 6.73043095997475e-11
6750.056 1.1582741726100054e-10
6800.056 1.5479102970000044e-10
6850.056 1.7829265111000023e-10
6900.056 1.712449186100028e-10
6950.056 1.5429354350299866e-10
7000.056 1.5723343714700235e-10
7050.056 1.7229016039599767e-10
7100.056 1.9085519135299963e-10
7150.056 1.9262401966599615e-10
7200.056 1.8800016894960297e-10
7250.056 1.804697817159876e-10
7300.056 1.6179822818649845e-10
7350.056 1.42165528715396e-10
7400.056 1.239488155430036e-10
7450.056 1.0324484807000186e-10
7500.056 8.23040204219994e-11
7550.056 6.153664290099953e-11
7600.056 4.3622058783999606e-11
7650.056 1.0505322954039484e-11
7700.056 6.605654063963944e-12
7750.056 3.8873738181000834e-11
7800.056 7.399307413796111e-11
7850.056 1.5670876748000093e-10
7900.056 2.579707130900016e-10
7950.056 3.2126724942042455e-10
8000.056 6.051611538100088e-10
8050.056 8.525036574100297e-10
8100.056 1.0891286259130156e-09
8150.056 1.430134011423973e-09
8200.056 1.910499731478192e-09
8250.056 2.4442712735502103e-09
8300.056 3.1170779092348465e-09
8350.056 3.915939632803464e-09
8400.056 4.882811692904974e-09
8450.056 6.201198476999545e-09
8500.056 6.8001584787351474e-09
8550.056 9.055645777800118e-09
8600.056 1.1456169797600119e-08
8650.056 1.2972760525499799e-08
8700.056 1.5219018353598633e-08
8750.056 1.790310189370106e-08
8800.056 2.112802908760209e-08
8850.056 2.4309182557398407e-08
8900.056 2.321721305074815e-08
8950.056 2.0469926928698134e-08
9000.056 2.7116561063451817e-08
9050.056 3.5645055922682565e-08
9100.056 4.001490796921375e-08
9150.056 3.855284970365164e-08
9200.056 4.436882062084263e-08
9250.056 4.360579416013955e-08
9300.056 2.1738644730290644e-08
9350.056 2.3685535163118166e-08
9400.056 2.77194870312018e-08
9450.056 3.572039637631549e-08
9500.056 3.621530277512824e-08
9550.056 4.1999814618371016e-08
9600.056 3.925938937797455e-08
9650.056 4.445498539409124e-08
9700.056 4.742508350310973e-08
9750.056 4.751393212245815e-08
9800.056 5.107894225954254e-08
9850.056 5.841246174044071e-08
9900.056 6.593965995371973e-08
9950.056 6.867718653866024e-08
10000.056 6.780120445506738e-08
10050.056 8.065378047590447e-08
10100.056 9.731080080095992e-08
10150.056 1.1502429276096303e-07
10200.056 1.3478201908797905e-07
10250.056 1.4958107766698094e-07
10300.056 1.681728153100168e-07
10350.056 1.9616130953298705e-07
10400.056 2.212584069149749e-07
10450.056 2.3070519139299068e-07
10500.056 2.271932760830127e-07
10550.056 2.3324198865003267e-07
10600.056 2.4526989787098976e-07
10650.056 2.678767945153983e-07
10700.056 2.795062918554235e-07
10750.056 3.019016340792072e-07
10800.056 3.19374394391405e-07
10850.056 3.1878361583594373e-07
10900.056 2.3830044851368503e-07
10950.056 1.3328751086857457e-07
11000.056 1.2859513311816213e-07
11050.056 1.1803990495993373e-07
11100.056 9.985503949129154e-08
11150.056 7.792384136772143e-08
11200.056 7.259988363940163e-08
11250.056 8.260194333441295e-08
11300.056 8.410121956746474e-08
11350.056 4.776330749188202e-08
11400.056 6.543256212537197e-08
11450.056 6.282308720720545e-08
11500.056 6.932243897988986e-08
11550.056 4.630973915823078e-08
11600.056 5.3859231092835456e-08
11650.056 6.286115056183446e-08
11700.056 5.7821461252041877e-08
11750.056 3.9583301186871626e-08
11800.056 6.595038418703976e-08
11850.056 8.88027970604643e-08
11900.056 9.353001334109797e-08
11950.056 1.279380560737633e-07
12000.056 1.470254691249549e-07
12050.056 1.7428248702300718e-07
12100.056 1.924771722273017e-07
12150.056 2.2526325120178472e-07
12200.056 2.5887775502443347e-07
12250.056 2.850751714976583e-07
12300.056 3.1702621294498145e-07
12350.056 3.375294834858587e-07
12400.056 3.6762204888280725e-07
12450.056 3.7163371686906267e-07
12500.056 4.0606350205098325e-07
12550.056 4.322819124430564e-07
12600.056 4.889963529050183e-07
12650.056 4.85118207087368e-07
12700.056 5.149256184785955e-07
12750.056 5.184352108928336e-07
12800.056 5.37217424456506e-07
12850.056 5.004834161661286e-07
12900.056 4.559350188358699e-07
12950.056 4.760655603159668e-07
13000.056 4.218090291758962e-07
13050.056 4.0350238466144194e-07
13100.056 3.7409323521571824e-07
13150.056 3.3230128521523635e-07
13200.056 2.9549607656365275e-07
13250.056 2.433351217909814e-07
13300.056 1.3651278020491751e-07
13350.056 5.0990753892943655e-08
13400.056 3.7686137866120125e-08
13450.056 2.5276656578079676e-08
13500.056 2.1682692475602132e-08
13550.056 1.8065644393048398e-08
13600.056 1.1644552620619191e-08
13650.056 1.8626966557405183e-08
13700.056 1.6049139262028433e-08
13750.056 1.4390015418927653e-08
13800.056 1.6562286537151854e-08
13850.056 1.5516841098927203e-08
13900.056 1.611217125448212e-08
13950.056 1.5126320214259064e-08
14000.056 1.4869273114586243e-08
14050.056 1.5778092155436727e-08
14100.056 1.4747941591812836e-08
14150.056 1.721250242232983e-08
14200.056 1.5364940606364083e-08
14250.056 1.6379479134182388e-08
14300.056 2.0195402904886375e-08
14350.056 1.964868664454829e-08
14400.056 2.391244846635529e-08
14450.056 2.479891574562567e-08
14500.056 3.488155686982423e-08
14550.056 3.8912296902846946e-08
14600.056 4.3605828574763476e-08
14650.056 4.6077268358043324e-08
14700.056 4.093124989884766e-08
14750.056 4.8066199614101146e-08
14800.056 5.743612902476693e-08
14850.056 6.203790201909546e-08
14900.056 6.69592976130232e-08
14950.056 6.893527731448225e-08
15000.056 7.548702174408866e-08
15050.056 8.603394852924381e-08
15100.056 9.487670277665641e-08
15150.056 1.0711270557688896e-07
15200.056 1.0838614490519717e-07
15250.056 1.1808304195946924e-07
15300.056 1.3092137620624466e-07
15350.056 1.3953816957546086e-07
15400.056 1.5553562890890738e-07
15450.056 1.7016796642632558e-07
15500.056 1.7474527712535002e-07
15550.056 1.935184501738964e-07
15600.056 1.8474306287100458e-07
15650.056 2.0312596904602143e-07
15700.056 2.3910487329016237e-07
15750.056 2.6277542341700406e-07
15800.056 2.5309222053015417e-07
15850.056 2.943292196368925e-07
15900.056 2.9106661009007826e-07
15950.056 3.241525903899077e-07
16000.056 3.0681854956401157e-07
16050.056 2.7355179814901064e-07
16100.056 2.6314590189733636e-07
16150.056 2.30336871795263e-07
16200.056 2.0602470990541435e-07
16250.056 2.007906674458891e-07
16300.056 1.8135371233791682e-07
16350.056 1.9711561317529244e-07
16400.056 2.3172948266485246e-07
16450.056 2.410845211165568e-07
16500.056 2.6811313105183493e-07
16550.056 2.6131107255215635e-07
16600.056 2.486606031003809e-07
16650.056 2.466690111863991e-07
16700.056 1.4135427545302136e-07
16750.056 1.637596331434935e-07
16800.056 2.4855847190744594e-07
16850.056 2.517433233191743e-07
16900.056 2.3062490610978563e-07
16950.056 1.9390784028302014e-07
17000.056 1.514261280631164e-07
17050.056 1.899603136241266e-07
17100.056 2.0001298507636677e-07
17150.056 1.5158154886044938e-07
17200.056 1.7485600604063972e-07
17250.056 1.5409521561834622e-07
17300.056 1.2853714802814544e-07
17350.056 1.0989866423476923e-07
17400.056 1.2845338721028135e-07
17450.056 1.235440024484164e-07
17500.056 1.3015571867250708e-07
17550.056 1.285084171666542e-07
17600.056 1.162698651106108e-07
17650.056 1.1293907092353097e-07
17700.056 8.131216801164969e-08
17750.056 7.698659282832947e-08
17800.056 1.0463027902122899e-07
17850.056 7.795492045666614e-08
17900.056 6.916682257722893e-08
17950.056 6.513012885700899e-08
18000.056 7.004169760001662e-08
18050.056 7.077581157119635e-08
18100.056 7.279969045626032e-08
18150.056 9.397730225769108e-08
18200.056 6.519109750139279e-08
18250.056 9.668755839468904e-08
18300.056 8.521180138646717e-08
18350.056 7.067624471558936e-08
18400.056 7.505204687715943e-08
18450.056 7.355016232960068e-08
18500.056 7.89738557659808e-08
18550.056 7.173984824155343e-08
18600.056 6.229743569748642e-08
18650.056 6.985812732274514e-08
18700.056 7.278519578282062e-08
18750.056 7.775931406260417e-08
18800.056 9.360959507681569e-08
18850.056 1.0731065021455725e-07
18900.056 1.047505356190763e-07
18950.056 1.1837796342741126e-07
19000.056 1.1785569839408742e-07
19050.056 1.065156404765294e-07
19100.056 1.277517463064162e-07
19150.056 1.2687793581914524e-07
19200.056 1.3022729257631785e-07
19250.056 1.2062655216199307e-07
19300.056 1.2435560180219982e-07
19350.056 1.1134898521358572e-07
19400.056 9.532258138603654e-08
19450.056 1.2859336875004675e-07
19500.056 1.2220659564846472e-07
19550.056 9.650700655293083e-08
19600.056 1.2600840881258655e-07
19650.056 1.300369456625009e-07
19700.056 1.3312544875504192e-07
19750.056 1.2885314262067896e-07
19800.056 1.3524971842468867e-07
19850.056 1.527594729479141e-07
19900.056 1.27830662523304e-07
19950.056 1.6800305852782823e-07
20000.056 1.4885016556734455e-07
20050.056 1.6354310573806034e-07
20100.056 1.8462002664252257e-07
20150.056 1.8139050822432739e-07
20200.056 1.9591771633822361e-07
20250.056 2.1528384059429876e-07
20300.056 2.1633737823775337e-07
20350.056 2.3958053216112483e-07
20400.056 2.3315658890729825e-07
20450.056 2.688854374610087e-07
20500.056 2.727858076087575e-07
20550.056 2.743693302393227e-07
20600.056 3.1174312250066916e-07
20650.056 3.0650268525019913e-07
20700.056 3.1851991767676655e-07
20750.056 3.419940728480106e-07
20800.056 3.5222174375927587e-07
20850.056 3.4728628034696157e-07
20900.056 3.616360848288923e-07
20950.056 3.6631271811496054e-07
21000.056 3.7623503835411005e-07
21050.056 3.7758435655298297e-07
21100.056 3.715361543210049e-07
21150.056 3.9585734489595805e-07
21200.056 3.763173063710097e-07
21250.056 3.8420550963781876e-07
21300.056 3.41246369996746e-07
21350.056 3.744641729827724e-07
21400.056 3.4153533427215686e-07
21450.056 3.582258240298758e-07
21500.056 3.215851651789109e-07
21550.056 3.08065155439706e-07
21600.056 2.9087894676497214e-07
21650.056 2.5868047246623097e-07
21700.056 2.747301859907692e-07
21750.056 2.356968284839237e-07
21800.056 2.076814692455291e-07
21850.056 1.8998977252090236e-07
21900.056 1.5080804108672363e-07
21950.056 9.978938541295494e-08
22000.056 5.0040534100710174e-08
22050.056 2.832320120253734e-08
22100.056 3.793538525785835e-08
22150.056 6.032669931709393e-08
22200.056 7.246817246811834e-08
22250.056 6.41182014441907e-08
22300.056 5.636436816149095e-08
22350.056 5.2135614033758684e-08
22400.056 4.0044702880222117e-08
22450.056 3.351918522836175e-08
22500.056 3.100719614592308e-08
22550.056 2.5304799714663968e-08
22600.056 2.6861568880151572e-08
22650.056 2.6609538216782813e-08
22700.056 2.3715757792886512e-08
22750.056 2.4927929459815373e-08
22800.056 2.0588304131384236e-08
22850.056 1.8266028505517474e-08
22900.056 1.5787515077689657e-08
22950.056 1.4515869582096407e-08
23000.056 1.7895631259299898e-08
23050.056 2.419962164249697e-08
23100.056 3.617731155730813e-08
23150.056 4.4081619856506136e-08
23200.056 1.604386859940491e-08
23250.056 1.5424625505403126e-08
23300.056 1.3645770638007465e-08
23350.056 1.3419574007797403e-08
23400.056 1.4927399623307108e-08
23450.056 1.5470194809096096e-08
23500.056 1.7107657740309426e-08
23550.056 2.0788695358507953e-08
23600.056 2.2907873946199298e-08
23650.056 2.9546784916694734e-08
23700.056 2.2761484764191173e-08
23750.056 1.7354172253603894e-08
23800.056 1.5914388929702083e-08
23850.056 1.893870506489827e-08
23900.056 2.7120404210103816e-08
23950.056 3.289604699651759e-08
24000.056 3.3317129076489614e-08
24050.056 4.361435690787718e-08
24100.056 4.0360128819573476e-08
24150.056 4.482085751842388e-08
24200.056 4.541501097866781e-08
24250.056 3.9180967063091955e-08
24300.056 4.4968815679216815e-08
24350.056 3.8582170510589034e-08
24400.056 4.8904146447629456e-08
24450.056 4.8908274456042656e-08
24500.056 5.0404177966666424e-08
24550.056 5.8632619619525205e-08
24600.056 6.098079534099813e-08
24650.056 7.108382319290201e-08
24700.056 6.016478100926208e-08
24750.056 6.821137298483786e-08
24800.056 6.907757230880774e-08
24850.056 8.261960962152049e-08
24900.056 6.777516003176804e-08
24950.056 9.054071920969714e-08
25000.056 8.633735513552088e-08
25050.056 7.301200569489169e-08
25100.056 8.9130678695793e-08
25150.056 7.354423720788023e-08
25200.056 8.687540943470459e-08
25250.056 7.943898697812616e-08
25300.056 9.699817057060852e-08
25350.056 7.370626182580887e-08
25400.056 9.722320997422856e-08
25450.056 7.770057433067198e-08
25500.056 7.716982278280666e-08
25550.056 7.744928885257611e-08
25600.056 6.96692495800974e-08
25650.056 6.6380569860686e-08
25700.056 8.467878490466634e-08
25750.056 5.919149942952442e-08
25800.056 8.02549190980978e-08
25850.056 6.447872851048083e-08
25900.056 7.057617853766095e-08
25950.056 6.183030526743608e-08
26000.056 8.987060606701897e-08
26050.056 8.486406023264953e-08
26100.056 8.572740178298738e-08
26150.056 7.938657057860913e-08
26200.056 8.561985454169329e-08
26250.056 9.58467484905656e-08
26300.056 9.146188268792593e-08
26350.056 1.1106435243354525e-07
26400.056 1.1677921037825544e-07
26450.056 1.2614506463633916e-07
26500.056 1.2883812503523293e-07
26550.056 1.0301056234920842e-07
26600.056 1.2534197730666379e-07
26650.056 8.619905664190227e-08
26700.056 8.538508512652136e-08
26750.056 7.282065602146097e-08
26800.056 9.749030729267974e-08
26850.056 7.286022936678413e-08
26900.056 1.0628193119261153e-07
26950.056 7.462150300668468e-08
27000.056 1.1029180122912044e-07
27050.056 9.191328856253855e-08
27100.056 9.162212076118424e-08
27150.056 1.1557299049192651e-07
27200.056 1.0056137919445396e-07
27250.056 1.0667809067527268e-07
27300.056 1.356948357159033e-07
27350.056 1.2713418226517476e-07
27400.056 9.161054427518376e-08
27450.056 1.5708688323332688e-07
27500.056 1.4414457977442084e-07
27550.056 1.1381167005389195e-07
27600.056 1.5703897434236295e-07
27650.056 1.0751695921116282e-07
27700.056 1.0052855403614543e-07
27750.056 1.4746090298990836e-07
27800.056 9.953170431984207e-08
27850.056 1.1444263251808571e-07
27900.056 1.2325727848392936e-07
27950.056 1.5554324686602986e-07
28000.056 1.426884994266628e-07
28050.056 9.301240830272531e-08
28100.056 1.626051201675506e-07
28150.056 1.2526041919374506e-07
28200.056 1.0016510553463827e-07
28250.056 1.504298838164257e-07
28300.056 1.8305798499267623e-07
28350.056 1.2171355719626082e-07
28400.056 1.341975591168843e-07
28450.056 1.5427477309902137e-07
28500.056 1.5176094214095857e-07
28550.056 9.795470987155607e-08
28600.056 1.784843612821588e-07
28650.056 1.6669994209583223e-07
28700.056 1.5810596670647414e-07
28750.056 1.838584155743346e-07
