galfind/configs/Brown_Dwarf_templates/sonora_bobcat/m+0.5/17g/sp_t700g17nc_m+0.5_resample.dat
# %ECSV 1.0
# ---
# datatype:
# - {name: wav, unit: Angstrom, datatype: float64}
# - {name: flux_nu, unit: erg / (cm2 Hz s), datatype: float64}
# meta: {C/O: '1.00', Kzz: '1.0000E+05', Teff: '700.', Y: '0.28', '[Fe/H]': '0.50', f_hole: '1.00', f_rain: '0.00', grav: '18.'}
# schema: astropy-2.0
wav flux_nu
[from data line 498]
28900.056 9.787281141085453e-09
28950.056 2.323630473911757e-08
29000.056 1.7706843709918484e-08
29050.056 1.9613099043391284e-08
29100.056 1.492541800107193e-08
29150.056 2.4111510548882363e-08
29200.056 1.8284723156414698e-08
29250.056 2.7856544485006823e-08
29300.056 1.443824637402939e-08
29350.056 3.9198179343152534e-08
29400.056 1.9897693312468226e-08
29450.056 2.2319709689780877e-08
29500.056 2.656159561973586e-08
29550.056 2.1187062650794372e-08
29600.056 2.655791298338527e-08
29650.056 2.815387523439748e-08
29700.056 1.732505269486522e-08
29750.056 2.7262536362341784e-08
29800.056 2.7255373175291068e-08
29850.056 3.1069225670950065e-08
29900.056 2.7147701460105974e-08
29950.056 2.552845370889508e-08
30000.056 9.793091885440498e-09
30050.056 1.205757736046539e-08
30100.056 1.1699105559967656e-08
30150.056 2.2374522035673196e-08
30200.056 1.5816048436874858e-08
30250.056 3.031007930692882e-08
30300.056 2.831489635108885e-08
30350.056 2.3032742043539736e-08
30400.056 2.809902942911867e-08
30450.056 1.841190056272746e-08
30500.056 1.6367872940179573e-08
30550.056 1.784794977691289e-08
30600.056 2.1465067825410997e-08
30650.056 1.514539640531776e-08
30700.056 1.4615185447294267e-08
30750.056 1.6848463676792108e-08
30800.056 1.2219115012586963e-08
30850.056 1.2864367747536066e-08
30900.056 9.291824506499515e-09
30950.056 1.0613005365211742e-08
31000.056 8.291539561211664e-09
31050.056 7.790339315883429e-09
31100.056 6.589625826376401e-09
31150.056 8.890038942040298e-09
31200.056 8.357941361552037e-09
31250.056 6.05651403075636e-09
31300.056 5.3661786243091315e-09
31350.056 6.063954201423728e-09
31400.056 4.530711570483731e-09
31450.056 4.64926769465847e-09
31500.056 3.604185667726946e-09
31550.056 4.25971443960499e-09
31600.056 2.7606548490741246e-09
31650.056 2.780009969715254e-09
31700.056 2.8456485859055946e-09
31750.056 2.251623003375949e-09
31800.056 2.896060885860388e-09
31850.056 2.0097185941500926e-09
31900.056 2.3132774650355922e-09
31950.056 1.4819647492136411e-09
32000.056 1.972905147913077e-09
32050.056 2.3408114496090438e-09
32100.056 2.2535243212875336e-09
32150.056 2.2608437535087473e-09
32200.056 1.8582480026183143e-09
32250.056 2.551726583767174e-09
32300.056 1.9092239287015916e-09
32350.056 2.5628680616851935e-09
32400.056 1.76961736817219e-09
32450.056 2.332919403129197e-09
32500.056 1.9584123996184758e-09
32550.056 1.903337280794122e-09
32600.056 2.5544660786003274e-09
32650.056 4.306972222054176e-09
32700.056 3.1544258449806827e-09
32750.056 4.318922494136302e-09
32800.056 3.917470672736514e-09
32850.056 4.799433637719377e-09
32900.056 5.298747936193914e-09
32950.056 5.862445149237712e-09
33000.056 4.569137603556556e-09
33050.056 4.6794058366669044e-09
33100.056 1.7197527340971204e-09
33150.056 3.6095220700297673e-10
33200.056 4.000788857159017e-10
33250.056 1.9969088206100027e-10
33300.056 2.468861672270373e-10
33350.056 5.492277075959361e-10
33400.056 9.565620235003469e-10
33450.056 1.5136561002747153e-09
33500.056 2.763911802892442e-09
33550.056 2.008511862791415e-09
33600.056 3.867153828601226e-09
33650.056 3.516895675388912e-09
33700.056 3.152161268231421e-09
33750.056 4.567191707101302e-09
33800.056 3.695240596081139e-09
33850.056 4.220999389709616e-09
33900.056 3.491630740557598e-09
33950.056 3.5606209105069916e-09
34000.056 4.905918035574853e-09
34050.056 2.0253059278591786e-09
34100.056 4.700200791842734e-09
34150.056 3.787491736876259e-09
34200.056 3.783117776649793e-09
34250.056 3.6481196907423914e-09
34300.056 3.5685746526324217e-09
34350.056 2.94835892695766e-09
34400.056 2.4722441802481188e-09
34450.056 3.4831089847885423e-09
34500.056 3.408215408219005e-09
34550.056 2.6774751533806692e-09
34600.056 4.6251014991799755e-09
34650.056 2.964429127490388e-09
34700.056 4.251337668989858e-09
34750.056 3.950471425858299e-09
34800.056 3.691950173838978e-09
34850.056 4.102739156796772e-09
34900.056 4.384619961431719e-09
34950.056 5.095944018977865e-09
35000.056 7.927431000483254e-09
35050.056 4.378925707091349e-09
35100.056 6.432988113632014e-09
35150.056 4.988710956341509e-09
35200.056 6.495886539608498e-09
35250.056 8.205482844376527e-09
35300.056 6.358026900470213e-09
35350.056 6.486350382317241e-09
35400.056 7.505659177597327e-09
35450.056 4.976644926992819e-09
35500.056 1.0907495118689003e-08
35550.056 9.89280183998667e-09
35600.056 7.625396726216058e-09
35650.056 9.13871675509655e-09
35700.056 8.62805184211584e-09
35750.056 1.187432498423888e-08
35800.056 1.5671760556819626e-08
35850.056 8.518409998448241e-09
35900.056 1.1132855149200166e-08
35950.056 1.0077146535902299e-08
36000.056 1.0254933844292251e-08
36050.056 8.501737766916008e-09
36100.056 9.525846683083162e-09
36150.056 1.0439884909526384e-08
36200.056 1.0950038772405203e-08
36250.056 1.1022345078074394e-08
36300.056 1.318735232747732e-08
36350.056 1.1784692006003305e-08
36400.056 1.1419237044435764e-08
36450.056 1.5994358652644675e-08
36500.056 1.7424578620159894e-08
36550.056 1.5919979720603512e-08
36600.056 2.0320779008398748e-08
36650.056 1.958767310613061e-08
36700.056 2.2384930695482248e-08
36750.056 2.43838859711848e-08
36800.056 2.2931740585801236e-08
36850.056 2.051271096357686e-08
36900.056 2.5062024402535422e-08
36950.056 2.6751511434731885e-08
37000.056 2.437800550579565e-08
37050.056 2.3849812345142733e-08
37100.056 2.9500704181602285e-08
37150.056 2.191975102088427e-08
37200.056 2.7849371625390884e-08
37250.056 2.876375054611532e-08
37300.056 2.408057761675775e-08
37350.056 2.6315657646756694e-08
37400.056 4.115403889071795e-08
37450.056 2.9263909034734224e-08
37500.056 2.991463062443795e-08
37550.056 3.450692232788009e-08
37600.056 3.750144361514332e-08
37650.056 2.7203334799958042e-08
37700.056 4.572679231144685e-08
37750.056 3.1009534209493404e-08
37800.056 3.2761637093762497e-08
37850.056 2.2655731579883386e-08
37900.056 2.746475695143192e-08
37950.056 3.6529080270158314e-08
38000.056 4.3353306881435994e-08
38050.056 4.089283560505093e-08
38100.056 3.8958927960937125e-08
38150.056 5.094607480199796e-08
38200.056 5.2461099617921974e-08
38250.056 5.193585691257997e-08
38300.056 6.932026296098986e-08
38350.056 6.734733300080827e-08
38400.056 3.883909025632033e-08
38450.056 4.2036143936328506e-08
38500.056 2.8613472832403793e-08
38550.056 4.467389565101591e-08
38600.056 4.7762178775816937e-08
38650.056 4.025930513089043e-08
38700.056 4.2657245686080823e-08
38750.056 5.305554093039086e-08
38800.056 4.5152743101329746e-08
38850.056 4.6528976277014414e-08
38900.056 6.556931619390735e-08
38950.056 5.298039809269584e-08
39000.056 5.8208903788902003e-08
39050.056 5.1094487387096486e-08
39100.056 5.950960457040722e-08
39150.056 5.719017000408766e-08
39200.056 6.448243834511015e-08
39250.056 7.39001410683778e-08
39300.056 5.442921389956377e-08
39350.056 8.357235358179772e-08
39400.056 6.553800328089132e-08
39450.056 7.261614177192378e-08
39500.056 7.300957859043168e-08
39550.056 7.709004482494254e-08
39600.056 7.785637001627252e-08
39650.056 8.007793615038713e-08
39700.056 8.241923598982401e-08
39750.056 6.899912060378924e-08
39800.056 7.926873690197242e-08
39850.056 9.959477057399905e-08
39900.056 9.989020292901676e-08
39950.056 8.188463451336158e-08
40000.056 1.261555591176393e-07
40050.056 9.687015207359705e-08
40100.056 8.119940769893479e-08
40150.056 1.0631253629396732e-07
40200.056 1.0873499047914243e-07
40250.056 1.068362861769377e-07
40300.056 1.0734286554293965e-07
40350.056 1.1833400735707887e-07
40400.056 1.2859178174444264e-07
40450.056 1.1606310520418363e-07
40500.056 1.3085105092196948e-07
40550.056 1.2959933519132372e-07
40600.056 1.2867679881401665e-07
40650.056 1.0503205476527428e-07
40700.056 1.4778423251038946e-07
40750.056 1.3488261011299787e-07
40800.056 1.0667047877022681e-07
40850.056 1.654504831740773e-07
40900.056 1.509014617572272e-07
40950.056 1.4432816455360142e-07
41000.056 1.4823059156900285e-07
41050.056 1.8003728510095507e-07
41100.056 1.5399242716303082e-07
41150.056 1.1988326986337485e-07
41200.056 1.8429488016246157e-07
41250.056 1.4931560209996235e-07
41300.056 1.4149697314495658e-07
41350.056 2.1171905472805823e-07
41400.056 1.8216137413665923e-07
41450.056 2.0309607900802834e-07
41500.056 1.6812632286577165e-07
41550.056 1.6532722713274728e-07
41600.056 2.0011583975998654e-07
41650.056 2.1351625425959322e-07
41700.056 1.8499177177687658e-07
41750.056 1.9725598698999168e-07
41800.056 2.041321988099757e-07
41850.056 1.690935413905107e-07
41900.056 1.70940711099568e-07
41950.056 1.49657411240034e-07
42000.056 1.5274806816524937e-07
42050.056 1.5114619041146692e-07
42100.056 1.9478240224097368e-07
42150.056 1.6363954624597693e-07
42200.056 1.41442558178816e-07
42250.056 1.44448493092951e-07
42300.056 1.4711725599381577e-07
42350.056 1.8345944036603407e-07
42400.056 1.6689666233107223e-07
42450.056 1.5681997029502776e-07
42500.056 1.503921397109879e-07
42550.056 1.5075073150997654e-07
42600.056 1.5125239321123245e-07
42650.056 1.6874512020794387e-07
42700.056 1.649175863854067e-07
42750.056 1.5241093665097963e-07
42800.056 1.6311828020644845e-07
42850.056 1.828116261899302e-07
42900.056 1.8430235509406065e-07
42950.056 1.72391689230944e-07
43000.056 1.8166397940441163e-07
43050.056 1.3898841909737e-07
43100.056 1.693523292159657e-07
43150.056 1.609610573395304e-07
43200.056 1.9632887387000207e-07
43250.056 2.116205346319982e-07
43300.056 2.0976246414898937e-07
43350.056 1.6750974564698714e-07
43400.056 1.8491178178667545e-07
43450.056 1.7098138721203362e-07
43500.056 1.5281094955878912e-07
43550.056 1.6226871292985305e-07
43600.056 2.178580572430223e-07
43650.056 1.823731620660019e-07
43700.056 1.9314521834002115e-07
43750.056 2.0368502799406022e-07
43800.056 1.8561840174405922e-07
43850.056 1.7926425152102232e-07
43900.056 1.861166749809827e-07
43950.056 1.4743689714802136e-07
44000.056 1.507495842415986e-07
44050.056 2.2136101492302447e-07
44100.056 2.41421486638013e-07
44150.056 2.1537426180832534e-07
44200.056 2.1545035546598856e-07
44250.056 1.7983909702251338e-07
44300.056 1.6342148162753494e-07
44350.056 1.7215742151114006e-07
44400.056 1.8901757338460814e-07
44450.056 2.1321037684995783e-07
44500.056 2.2593203410606004e-07
44550.056 2.515931528799604e-07
44600.056 2.057852064039337e-07
44650.056 2.2858572405096357e-07
44700.056 1.7679259146701306e-07
44750.056 2.266819716990213e-07
44800.056 1.996152221490121e-07
44850.056 2.1262142369803777e-07
44900.056 2.0165670573761101e-07
44950.056 2.2356220443421082e-07
45000.056 2.3801378272197227e-07
45050.056 2.297600313745159e-07
45100.056 2.2265378289199283e-07
45150.056 2.2922470817896175e-07
45200.056 1.9878330008602206e-07
45250.056 2.1105734606891965e-07
45300.056 1.8940102892305205e-07
45350.056 1.9848478526001014e-07
45400.056 2.7004931382902265e-07
45450.056 2.299751889799753e-07
45500.056 2.420050314926075e-07
45550.056 2.658652199679247e-07
45600.056 2.652943130400246e-07
45650.056 2.0806022873037296e-07
45700.056 2.073987485380262e-07
45750.056 1.9338186617598597e-07
45800.056 2.6464386110399394e-07
45850.056 2.752718838089967e-07
45900.056 2.8341266938999897e-07
45950.056 2.4375515042398784e-07
46000.056 2.717149732044953e-07
46050.056 2.414801249060276e-07
46100.056 2.6716605177999563e-07
46150.056 2.3228024220849297e-07
46200.056 2.219188121970095e-07
46250.056 1.659816715613664e-07
46300.056 2.5399020295700176e-07
46350.056 2.3108892782201976e-07
46400.056 2.2162257636701373e-07
46450.056 2.1551332668704065e-07
46500.056 2.2788236251304515e-07
46550.056 2.0120465418817347e-07
46600.056 2.286182608669954e-07
46650.056 2.9888599164795825e-07
46700.056 2.418710083300302e-07
46750.056 1.787596480019842e-07
46800.056 1.520421825708176e-07
46850.056 3.032017286690747e-07
46900.056 2.6767082918697e-07
46950.056 2.712352492750124e-07
47000.056 2.4790192474102384e-07
47050.056 2.429954784799041e-07
47100.056 1.79455191585934e-07
47150.056 2.0874248513921274e-07
47200.056 2.4291797756001803e-07
47250.056 2.0081986828399677e-07
47300.056 1.5971802535779957e-07
47350.056 2.615604903099593e-07
47400.056 2.587036322719659e-07
47450.056 2.532497058964128e-07
47500.056 2.8492061969394964e-07
47550.056 2.499375906689997e-07
47600.056 2.4324778067699156e-07
47650.056 2.0847114736555787e-07
47700.056 2.3947514753926236e-07
47750.056 1.7096227064301081e-07
47800.056 2.0012902657001124e-07
47850.056 1.4816850150380222e-07
47900.056 1.8890291936796573e-07
47950.056 2.0108733247884053e-07
48000.056 2.9031880024005703e-07
48050.056 2.6235885706601215e-07
48100.056 1.8231839996641565e-07
48150.056 2.2880735176802076e-07
48200.056 2.102427849780069e-07
48250.056 2.0615866524600499e-07
48300.056 2.5526419759689417e-07
48350.056 1.7558537011802108e-07
48400.056 1.2727496702247816e-07
48450.056 2.016203839692798e-07
48500.056 2.5887463904796195e-07
48550.056 2.0123104639679506e-07
48600.056 2.289635521400022e-07
48650.056 2.25506840205967e-07
48700.056 2.0819651920218374e-07
48750.056 1.5633010584409222e-07
48800.056 2.874933965799864e-07
48850.056 1.7658442612747933e-07
48900.056 2.510050918450043e-07
48950.056 1.9999636841004237e-07
49000.056 1.1799801619116799e-07
49050.056 2.105373692149994e-07
49100.056 2.3567070021605282e-07
49150.056 2.0172881193623824e-07
49200.056 2.65382447281031e-07
49250.056 2.47796362149041e-07
49300.056 2.1897157313100518e-07
49350.056 1.4376266104233092e-07
49400.056 1.8361515660498198e-07
49450.056 1.925440224975661e-07
49500.056 1.6053728291397618e-07
49550.056 8.878864647551548e-08
49600.056 1.4973596152184445e-07
49650.056 1.9180598740199498e-07
49700.056 1.7395393041393185e-07
49750.056 1.9751526402394836e-07
49800.056 1.712767492554266e-07
49850.056 2.512286893360792e-07
49900.056 1.9958634108417508e-07
49950.056 2.015194195510007e-07
50000.056 1.8116745212597261e-07
50050.056 2.1518509159701091e-07
50100.056 1.7653034845000727e-07
50150.056 1.2324147644397623e-07
50200.056 5.5882521752808004e-08
50250.056 1.6738458974797187e-07
50300.056 1.2587534106772068e-07
50350.056 2.2213232974102862e-07
50400.056 1.946738163475887e-07
50450.056 1.5717275458323108e-07
50500.056 1.846496607700349e-07
50550.056 1.7504259585901227e-07
50600.056 1.6033113370695746e-07
50650.056 2.1152529068206333e-07
50700.056 2.1945171381690053e-07
50750.056 1.80100663342833e-07
50800.056 1.0475873694179931e-07
50850.056 9.494689197903931e-08
50900.056 2.093982221100108e-07
50950.056 1.5800564732503183e-07
51000.056 1.7281216733411283e-07
51050.056 1.6800795306900366e-07
51100.056 9.989533807909238e-08
51150.056 1.377138601575762e-07
51200.056 2.244281725249899e-07
51250.056 1.5658393229054547e-07
51300.056 1.3668168495028181e-07
51350.056 1.3350221822299447e-07
51400.056 7.661858970569626e-08
51450.056 6.542078429897756e-08
51500.056 7.287463437923284e-08
51550.056 1.7689725159720938e-07
51600.056 1.271633306681333e-07
51650.056 1.2961461682496114e-07
51700.056 1.3572473816107621e-07
51750.056 9.947957022352816e-08
51800.056 1.4611154727197074e-07
51850.056 1.386471288690039e-07
51900.056 1.894048266770308e-07
51950.056 1.4803922022399286e-07
52000.056 5.021760782198801e-08
52050.056 1.0909595685382684e-07
52100.056 7.748859490598675e-08
52150.056 6.936780521260705e-08
52200.056 7.954429561470246e-08
52250.056 1.0456546099802832e-07
52300.056 1.4932394313699776e-07
52350.056 1.0364260368440639e-07
52400.056 7.528703791440233e-08
52450.056 1.4896857012400347e-07
52500.056 1.316060193539559e-07
52550.056 1.416416473939582e-07
52600.056 1.2055504639002452e-07
52650.056 1.2804599513121926e-07
52700.056 1.1356786766499565e-07
52750.056 7.167099042939734e-08
52800.056 9.489629035002198e-08
52850.056 1.0024725402795921e-07
52900.056 8.22981845728987e-08
52950.056 9.487080307079905e-08
53000.056 1.3083438855201677e-07
53050.056 6.558458903117982e-08
53100.056 9.822042743874847e-08
53150.056 1.3654495212201668e-07
53200.056 7.061142460840223e-08
53250.056 1.2899015526100068e-07
53300.056 1.4305866513537962e-07
53350.056 1.3471689035039614e-07
53400.056 1.1824520302700003e-07
53450.056 5.8646934264487965e-08
