galfind/configs/Brown_Dwarf_templates/sonora_bobcat/m+0.5/17g/sp_t1700g17nc_m+0.5_resample.dat
# %ECSV 1.0
# ---
# datatype:
# - {name: wav, unit: Angstrom, datatype: float64}
# - {name: flux_nu, unit: erg / (cm2 Hz s), datatype: float64}
# meta: {C/O: '1.00', Kzz: '1.0000E+05', Teff: '1700.', Y: '0.28', '[Fe/H]': '0.50', f_hole: '1.00', f_rain: '0.00', grav: '18.'}
# schema: astropy-2.0
wav flux_nu
[from data line 497]
28850.056 1.0349666045901757e-06
28900.056 8.46701293190033e-07
28950.056 1.150116130759841e-06
29000.056 9.135030948095926e-07
29050.056 9.219093611096482e-07
29100.056 7.89431265439996e-07
29150.056 1.0002384144802958e-06
29200.056 9.206619826904465e-07
29250.056 1.0756313490800853e-06
29300.056 8.842972317593422e-07
29350.056 1.1859328631896331e-06
29400.056 9.395632803697576e-07
29450.056 9.818743583299537e-07
29500.056 1.050697982039901e-06
29550.056 9.937007778900898e-07
29600.056 1.0455896704399047e-06
29650.056 1.0636562165999823e-06
29700.056 8.777718872698183e-07
29750.056 1.1951952975408907e-06
29800.056 1.1390706066699922e-06
29850.056 1.138928636889858e-06
29900.056 1.012789488100253e-06
29950.056 1.1880935396898724e-06
30000.056 1.2008454365996609e-06
30050.056 1.1223924874498177e-06
30100.056 8.72580817429733e-07
30150.056 1.4252729189098184e-06
30200.056 1.2273179462201783e-06
30250.056 1.215025657930527e-06
30300.056 1.2824690549698423e-06
30350.056 1.0833265576101817e-06
30400.056 1.3876131526503535e-06
30450.056 1.1250935389100891e-06
30500.056 1.0275936909402406e-06
30550.056 1.487295638150445e-06
30600.056 1.439597227590247e-06
30650.056 1.4274136134200238e-06
30700.056 1.352952692460006e-06
30750.056 1.2610567215400707e-06
30800.056 1.5366522470804155e-06
30850.056 1.3073591494799152e-06
30900.056 1.337553300429907e-06
30950.056 1.2815511848001775e-06
31000.056 1.4922027637299229e-06
31050.056 1.189293100089966e-06
31100.056 1.428387371499921e-06
31150.056 1.522844202759764e-06
31200.056 1.505092626059772e-06
31250.056 1.6059414480603445e-06
31300.056 1.4276509668797853e-06
31350.056 1.4922569062500018e-06
31400.056 1.4572962788003994e-06
31450.056 1.5055908498501314e-06
31500.056 1.5236820391004158e-06
31550.056 1.4081922318000419e-06
31600.056 1.5159428152798798e-06
31650.056 1.5932469893500446e-06
31700.056 1.6426873564699121e-06
31750.056 1.3526372328802442e-06
31800.056 1.6783432500802207e-06
31850.056 1.7967807553501218e-06
31900.056 1.7935404640999066e-06
31950.056 1.2812474645897786e-06
32000.056 1.512300427380442e-06
32050.056 1.8047332919901538e-06
32100.056 1.7738771946596368e-06
32150.056 1.8004186906601523e-06
32200.056 1.7136475080599002e-06
32250.056 1.6052180119002161e-06
32300.056 1.8026232114601656e-06
32350.056 1.8701419197902392e-06
32400.056 1.6929133217700627e-06
32450.056 1.641198867360177e-06
32500.056 1.7860825743702663e-06
32550.056 2.005176638430111e-06
32600.056 2.0206909103398654e-06
32650.056 1.9389981540507913e-06
32700.056 1.8316745150801693e-06
32750.056 1.9516204119700214e-06
32800.056 1.770420107380199e-06
32850.056 2.139083820499797e-06
32900.056 2.0331626002099466e-06
32950.056 1.7083246177997419e-06
33000.056 1.8717278231503134e-06
33050.056 1.954432053139848e-06
33100.056 2.0727847300393372e-06
33150.056 1.9385868789602313e-06
33200.056 1.6999077924703651e-06
33250.056 1.9021807862298838e-06
33300.056 2.0556584216200966e-06
33350.056 1.936532942510181e-06
33400.056 1.8325771125397578e-06
33450.056 1.995858882479215e-06
33500.056 2.0379441794602657e-06
33550.056 1.9602400930197655e-06
33600.056 2.036522271450627e-06
33650.056 2.144339423630602e-06
33700.056 2.227032153369562e-06
33750.056 2.2483842178799823e-06
33800.056 2.147654083769953e-06
33850.056 2.0556828342700403e-06
33900.056 2.33774352562958e-06
33950.056 2.0297269755496405e-06
34000.056 2.0816523835494077e-06
34050.056 2.108391432709916e-06
34100.056 2.3316369664503648e-06
34150.056 2.2516836392998103e-06
34200.056 2.0986579021394613e-06
34250.056 2.391693628939787e-06
34300.056 2.1553512669895003e-06
34350.056 2.3078694382997767e-06
34400.056 2.01629096790959e-06
34450.056 2.152236556239888e-06
34500.056 2.1599088030304374e-06
34550.056 2.06697008462989e-06
34600.056 2.2542173530101776e-06
34650.056 2.2403883295399696e-06
34700.056 2.1486750884594803e-06
34750.056 2.297222686320248e-06
34800.056 2.472893886799565e-06
34850.056 2.1266595147801256e-06
34900.056 2.2912402264402905e-06
34950.056 2.2163223416393637e-06
35000.056 2.1471474838696827e-06
35050.056 2.435583397520486e-06
35100.056 2.2577141091892075e-06
35150.056 2.3026808238599904e-06
35200.056 2.364711563339788e-06
35250.056 2.0467469709400136e-06
35300.056 2.3001873192001508e-06
35350.056 2.439850775439799e-06
35400.056 2.205354425909761e-06
35450.056 2.1686715296904712e-06
35500.056 2.3931897369798188e-06
35550.056 2.1859562807999097e-06
35600.056 2.0655711841897238e-06
35650.056 2.489983256870362e-06
35700.056 2.1128503549705014e-06
35750.056 2.3046645969897182e-06
35800.056 2.328804580459634e-06
35850.056 2.372698194489639e-06
35900.056 2.562908860599575e-06
35950.056 2.3688805123400896e-06
36000.056 2.1171129303696063e-06
36050.056 2.526551856770265e-06
36100.056 2.577847559879693e-06
36150.056 2.33865265281025e-06
36200.056 2.5423732627595838e-06
36250.056 2.2655977689694554e-06
36300.056 2.7267020038707997e-06
36350.056 2.557403792439849e-06
36400.056 2.410017562840003e-06
36450.056 2.677161437499699e-06
36500.056 2.5199021478802308e-06
36550.056 2.373211012120402e-06
36600.056 2.4935461531302355e-06
36650.056 2.592344201500325e-06
36700.056 2.6601837148002085e-06
36750.056 2.545899371160262e-06
36800.056 2.5713008481696878e-06
36850.056 2.5183336602804753e-06
36900.056 2.683519317300547e-06
36950.056 2.6461935507399263e-06
37000.056 2.7296869578000966e-06
37050.056 2.6794814534999047e-06
37100.056 2.680708930320413e-06
37150.056 2.672712926259305e-06
37200.056 2.765129524600102e-06
37250.056 2.8262756679402873e-06
37300.056 2.8354971060005867e-06
37350.056 2.6235388103904385e-06
37400.056 2.7413061139995768e-06
37450.056 2.798055501460352e-06
37500.056 2.780964559899796e-06
37550.056 2.728219808589427e-06
37600.056 2.903290910719497e-06
37650.056 2.7193025187996478e-06
37700.056 2.7058289347000263e-06
37750.056 2.943317257299612e-06
37800.056 3.014905255499932e-06
37850.056 2.8096052781798993e-06
37900.056 2.9135022182001127e-06
37950.056 2.9643783404000936e-06
38000.056 2.809150060560408e-06
38050.056 2.9168592085001067e-06
38100.056 2.776627155700212e-06
38150.056 3.0778506247994926e-06
38200.056 3.1988998638994812e-06
38250.056 2.80206293640052e-06
38300.056 2.763156027099939e-06
38350.056 2.934767250999714e-06
38400.056 2.977098662159756e-06
38450.056 3.046748936400298e-06
38500.056 2.959559014899772e-06
38550.056 2.9378465745000724e-06
38600.056 3.2421997633997595e-06
38650.056 2.824703009700156e-06
38700.056 2.93483471653056e-06
38750.056 2.9821692139000403e-06
38800.056 2.990223502100297e-06
38850.056 2.9358893993004e-06
38900.056 2.8987495258998318e-06
38950.056 3.067349593999628e-06
39000.056 2.9380366329001224e-06
39050.056 3.0169620003999324e-06
39100.056 2.8532438664399783e-06
39150.056 2.9473861381001124e-06
39200.056 3.1114817487002253e-06
39250.056 3.089376935699327e-06
39300.056 3.0546805001992227e-06
39350.056 3.0256396420003264e-06
39400.056 2.979634388400037e-06
39450.056 2.9713374073997065e-06
39500.056 2.9921680360297957e-06
39550.056 2.887588916669499e-06
39600.056 3.2168856552001406e-06
39650.056 2.825948274099988e-06
39700.056 2.989752955699775e-06
39750.056 2.9394503186995967e-06
39800.056 2.802925459300119e-06
39850.056 2.870081031299725e-06
39900.056 2.8731026989000393e-06
39950.056 3.0558804335998885e-06
40000.056 2.7151368442998233e-06
40050.056 2.6168139493999264e-06
40100.056 2.8594301952998086e-06
40150.056 2.629910297899538e-06
40200.056 2.7059885613996423e-06
40250.056 2.8144236409090153e-06
40300.056 2.5005125176001237e-06
40350.056 2.7669339427005e-06
40400.056 2.786830622079709e-06
40450.056 2.6361396144005983e-06
40500.056 2.3875021845702703e-06
40550.056 2.8522543494998605e-06
40600.056 2.508249214460306e-06
40650.056 2.4923727956103674e-06
40700.056 2.6946238727003533e-06
40750.056 2.36430321909908e-06
40800.056 2.3659188075804008e-06
40850.056 2.237424172000544e-06
40900.056 2.247691276920515e-06
40950.056 2.4430992547799263e-06
41000.056 2.5087013791002373e-06
41050.056 2.401209190899456e-06
41100.056 2.3424952646903723e-06
41150.056 2.471000995200213e-06
41200.056 2.27558322143993e-06
41250.056 2.37058765018026e-06
41300.056 2.0057753331496408e-06
41350.056 2.4158237613701783e-06
41400.056 2.3044029118001785e-06
41450.056 2.1920959801802854e-06
41500.056 2.3867881646800214e-06
41550.056 2.2551509044799685e-06
41600.056 2.468443017899928e-06
41650.056 2.131508367300548e-06
41700.056 1.994292072469702e-06
41750.056 2.0471316442197884e-06
41800.056 2.0161279199196108e-06
41850.056 1.914579965740396e-06
41900.056 2.1067231462198817e-06
41950.056 1.562149779380503e-06
42000.056 1.933753944900219e-06
42050.056 1.6940975995892375e-06
42100.056 1.9725067257604305e-06
42150.056 1.4379990001192404e-06
42200.056 1.5838040201899062e-06
42250.056 1.6327511582801156e-06
42300.056 1.2899924649999924e-06
42350.056 1.6054652320205494e-06
42400.056 1.3291603425202928e-06
42450.056 1.0382988528704108e-06
42500.056 1.2001291276303423e-06
42550.056 1.176402246370197e-06
42600.056 1.19537269688051e-06
42650.056 9.516216389389336e-07
42700.056 1.1818787261705297e-06
42750.056 1.0467145981601293e-06
42800.056 9.662520202004467e-07
42850.056 9.504976628498002e-07
42900.056 9.84332247130018e-07
42950.056 8.849117634094488e-07
43000.056 8.664151489601042e-07
43050.056 8.797808752904842e-07
43100.056 9.698243414702321e-07
43150.056 8.854272470502165e-07
43200.056 9.318159186001839e-07
43250.056 8.906139173299275e-07
43300.056 8.933459074601393e-07
43350.056 8.330300325099464e-07
43400.056 8.975481606199441e-07
43450.056 9.524233620905747e-07
43500.056 8.487242803398642e-07
43550.056 9.452898873499147e-07
43600.056 9.21855330000177e-07
43650.056 7.937534006701084e-07
43700.056 8.44550528779694e-07
43750.056 8.583852654200972e-07
43800.056 7.629442862201758e-07
43850.056 8.30276648520242e-07
43900.056 8.829932422200515e-07
43950.056 8.45198229170467e-07
44000.056 8.026414184102409e-07
44050.056 8.581551805501695e-07
44100.056 8.5248544990021e-07
44150.056 8.747204314197202e-07
44200.056 7.97143265129842e-07
44250.056 8.52080622580027e-07
44300.056 8.255268673400072e-07
44350.056 7.828435366700346e-07
44400.056 8.427824846999642e-07
44450.056 8.653257971199609e-07
44500.056 9.227648499800371e-07
44550.056 8.084093750897745e-07
44600.056 9.071541056501116e-07
44650.056 8.963567874802167e-07
44700.056 8.594871922200954e-07
44750.056 9.090274567998339e-07
44800.056 1.032456157689934e-06
44850.056 9.705312182701097e-07
44900.056 9.365364270202054e-07
44950.056 8.435252393998757e-07
45000.056 1.0060298017498846e-06
45050.056 9.512079820898639e-07
45100.056 1.0195220125698757e-06
45150.056 1.0034096079498316e-06
45200.056 9.373382814800766e-07
45250.056 9.447655707698157e-07
45300.056 1.0143137019600816e-06
45350.056 1.0931924822599375e-06
45400.056 1.0637024222802165e-06
45450.056 9.576601139598764e-07
45500.056 9.770012773699294e-07
45550.056 1.0975864477599302e-06
45600.056 1.04651209228992e-06
45650.056 9.248236242297474e-07
45700.056 1.1245461203901103e-06
45750.056 1.0411104483999256e-06
45800.056 1.0172160074299765e-06
45850.056 1.1867760536199738e-06
45900.056 1.240312123110146e-06
45950.056 1.0499367995099736e-06
46000.056 1.2541073165299924e-06
46050.056 1.216708487030189e-06
46100.056 1.0490384442301121e-06
46150.056 1.1301352915199878e-06
46200.056 1.2654433308202631e-06
46250.056 1.0090341320699164e-06
46300.056 1.3196684445798744e-06
46350.056 1.0494454463398868e-06
46400.056 1.1019319424898366e-06
46450.056 1.1285099471602934e-06
46500.056 1.0517012565899099e-06
46550.056 1.283066022099956e-06
46600.056 1.1718623980399706e-06
46650.056 1.4953742268599407e-06
46700.056 1.3769342798203608e-06
46750.056 1.1057424046898532e-06
46800.056 1.2617255361502603e-06
46850.056 1.31620150700011e-06
46900.056 1.248715963219702e-06
46950.056 1.367263314050158e-06
47000.056 1.221109576229956e-06
47050.056 1.3496428524896502e-06
47100.056 1.1409669085301448e-06
47150.056 1.2431433738902946e-06
47200.056 1.2701812193604054e-06
47250.056 1.1629782246996961e-06
47300.056 1.2225873966996145e-06
47350.056 1.0076633008897092e-06
47400.056 1.314995741739639e-06
47450.056 1.2149733715899244e-06
47500.056 1.2464080066295956e-06
47550.056 1.157207313289735e-06
47600.056 1.341125266899974e-06
47650.056 9.201600069596637e-07
47700.056 1.347806657610093e-06
47750.056 8.885905406402735e-07
47800.056 1.330600705419837e-06
47850.056 1.0082546476796335e-06
47900.056 1.3556563174500905e-06
47950.056 9.297218539902803e-07
48000.056 1.4877801160000108e-06
48050.056 1.0262267013802416e-06
48100.056 1.1523882953999888e-06
48150.056 1.069952733050156e-06
48200.056 1.318077710220345e-06
48250.056 1.0751321635497311e-06
48300.056 1.4606444387896838e-06
48350.056 9.647649180899213e-07
48400.056 1.3476494087299902e-06
48450.056 1.0984242292101438e-06
48500.056 1.4713080950200436e-06
48550.056 1.0096765440500877e-06
48600.056 1.2998038530898636e-06
48650.056 1.0095049373899586e-06
48700.056 1.2225123086200818e-06
48750.056 9.276946347202079e-07
48800.056 1.5165858891401187e-06
48850.056 1.0482301381498302e-06
48900.056 1.28541046796008e-06
48950.056 1.2350239450401273e-06
49000.056 1.206206966319851e-06
49050.056 1.2225067729699014e-06
49100.056 1.154007442690165e-06
49150.056 1.2232223012501524e-06
49200.056 1.2302344426999824e-06
49250.056 1.2007998646600756e-06
49300.056 1.0585548620298665e-06
49350.056 1.0897455858100388e-06
49400.056 1.3420614282302325e-06
49450.056 1.1084783343602887e-06
49500.056 1.2131152037901448e-06
49550.056 1.037595912720044e-06
49600.056 1.1548349098603719e-06
49650.056 1.1800951114601378e-06
49700.056 1.0039538102899205e-06
49750.056 1.488970850729655e-06
49800.056 1.178953096720064e-06
49850.056 1.429207036300012e-06
49900.056 1.142764774150139e-06
49950.056 1.2792246299394917e-06
50000.056 1.2025979911097068e-06
50050.056 1.2289112036501694e-06
50100.056 1.2733856096598752e-06
50150.056 1.1282740729400455e-06
50200.056 1.0109816072701216e-06
50250.056 1.1432625824500605e-06
50300.056 1.1093251620598282e-06
50350.056 1.2460506703400804e-06
50400.056 1.1588694895000844e-06
50450.056 1.1241442519601752e-06
50500.056 1.487935137170317e-06
50550.056 1.1980585093498875e-06
50600.056 1.2706855112801312e-06
50650.056 1.2130372042303757e-06
50700.056 1.3031979259894328e-06
50750.056 1.2782431705001859e-06
50800.056 1.052834630119975e-06
50850.056 1.191007399990256e-06
50900.056 1.2269802212499603e-06
50950.056 1.3330511467001617e-06
51000.056 1.4589497356101392e-06
51050.056 1.0891541187102527e-06
51100.056 1.1069260980898697e-06
51150.056 1.2563866690699543e-06
51200.056 1.2152869772898838e-06
51250.056 1.3275341709399004e-06
51300.056 1.154439361120484e-06
51350.056 1.2524673126296297e-06
51400.056 1.1726505133396032e-06
51450.056 8.85842044029842e-07
51500.056 1.2393465455598463e-06
51550.056 1.5085205220401324e-06
51600.056 1.0211193686600316e-06
51650.056 1.1885710253697627e-06
51700.056 1.080783724649634e-06
51750.056 1.0841915090401025e-06
51800.056 1.2502077175098622e-06
51850.056 1.3022145878699595e-06
51900.056 1.3289026923803279e-06
51950.056 1.2138689302398756e-06
52000.056 1.0943944740799414e-06
52050.056 1.2386338908299292e-06
52100.056 1.188439537509659e-06
52150.056 1.1994173486201727e-06
52200.056 1.163964680080099e-06
52250.056 1.18677013392001e-06
52300.056 1.2068976904099937e-06
52350.056 1.4228280509702388e-06
52400.056 1.0519836213900615e-06
52450.056 1.1956769664699046e-06
52500.056 1.2897612562896414e-06
52550.056 1.1703876840695626e-06
52600.056 1.260724619220227e-06
52650.056 1.4453116972402888e-06
52700.056 1.2308348515500022e-06
52750.056 9.621327021098213e-07
52800.056 1.1109458035801664e-06
52850.056 1.0568113129998533e-06
52900.056 1.1449425798301791e-06
52950.056 1.1706905344397114e-06
53000.056 1.2995409432998816e-06
53050.056 1.1857660706697872e-06
53100.056 1.045514194459616e-06
53150.056 1.35004984447032e-06
53200.056 9.594100430801983e-07
53250.056 1.4340893051098837e-06
53300.056 1.3358251014306376e-06
53350.056 1.3035820742898844e-06
