galfind/configs/Brown_Dwarf_templates/sonora_bobcat/m+0.5/17g/sp_t475g17nc_m+0.5_resample.dat
# %ECSV 1.0
# ---
# datatype:
# - {name: wav, unit: Angstrom, datatype: float64}
# - {name: flux_nu, unit: erg / (cm2 Hz s), datatype: float64}
# meta: {C/O: '1.00', Kzz: '1.0000E+05', Teff: '475.', Y: '0.28', '[Fe/H]': '0.50', f_hole: '1.00', f_rain: '0.00', grav: '18.'}
# schema: astropy-2.0
wav flux_nu
4000.0559999999996 nan
4050.0559999999996 7.336173099032454e-17
4100.056 1.1185294292540246e-14
4150.056 9.615142962700028e-14
4200.056 9.509432115765219e-14
4250.056 7.410011748899963e-13
4300.056 1.546889416230004e-12
4350.056 2.5622454286000214e-12
4400.056 3.770018678600012e-12
4450.056 5.6656677140999744e-12
4500.056 7.207010262800079e-12
4550.056 7.276305749063266e-12
4600.056 3.0478972865255873e-12
4650.056 1.7581467001999994e-12
4700.056 7.952112845899926e-13
4750.056 1.8351222170199666e-13
4800.056 5.070981725999946e-14
4850.056 1.6042525127299832e-14
4900.056 7.072432281399964e-15
4950.056 3.851083829099984e-15
5000.056 2.0466315981999776e-15
5050.056 1.2999645946300056e-15
5100.056 1.370629937520022e-15
5150.056 1.5329805289000459e-15
5200.056 1.7131780772000119e-15
5250.056 1.891210408400002e-15
5300.056 2.094052904299999e-15
5350.056 2.3355180966000045e-15
5400.056 2.574183901999995e-15
5450.056 2.8764539711000327e-15
5500.056 3.2294689631000756e-15
5550.056 3.605486259200025e-15
5600.056 3.963472022199995e-15
5650.056 4.2612836069999815e-15
5700.056 4.344699004000012e-15
5750.056 4.359707251800001e-15
5800.056 4.011660250699996e-15
5850.056 2.9316300257999305e-15
5900.056 9.39776445007971e-16
5950.056 5.486237377730343e-15
6000.056 1.1131779599499531e-14
6050.056 1.9717995595900768e-14
6100.056 3.2044621550000547e-14
6150.056 4.8359826580000535e-14
6200.056 7.023068129800055e-14
6250.056 9.645174860800001e-14
6300.056 1.3555309589000036e-13
6350.056 1.8563330525800221e-13
6400.056 2.4761356534000354e-13
6450.056 2.989716397489821e-13
6500.056 4.0551618783848403e-13
6550.056 5.629330694311989e-13
6600.056 7.867785541640519e-13
6650.056 1.0988206266800116e-12
6700.056 1.4602046949700119e-12
6750.056 2.04936323330002e-12
6800.056 2.516824081800061e-12
6850.056 2.7212867595000124e-12
6900.056 2.301803049850073e-12
6950.056 1.8732879960327275e-12
7000.056 2.008564894359945e-12
7050.056 2.0702453823260157e-12
7100.056 2.2258841750726895e-12
7150.056 1.8928471399756525e-12
7200.056 1.678436620681688e-12
7250.056 1.8759070095598157e-12
7300.056 1.9658803272379467e-12
7350.056 2.1680412092740344e-12
7400.056 2.4097444091681677e-12
7450.056 2.7280790367002222e-12
7500.056 2.9732805616398743e-12
7550.056 3.13809960609995e-12
7600.056 3.1008914544999903e-12
7650.056 1.2168364593379582e-12
7700.056 9.417598758480311e-13
7750.056 3.706564753400033e-12
7800.056 5.100981415679865e-12
7850.056 7.0908970289699515e-12
7900.056 9.114091074879458e-12
7950.056 1.0145384208039866e-11
8000.056 1.3260462506399927e-11
8050.056 1.5693026630760296e-11
8100.056 1.4203909681519666e-11
8150.056 1.5470651742768305e-11
8200.056 2.259059054910304e-11
8250.056 2.665641829062586e-11
8300.056 3.288301032748844e-11
8350.056 3.1590760402442765e-11
8400.056 3.6493801740949824e-11
8450.056 4.798676385192424e-11
8500.056 5.5528037878296244e-11
8550.056 7.509769487290138e-11
8600.056 9.692489546780219e-11
8650.056 1.1548457292200504e-10
8700.056 1.2043400929500373e-10
8750.056 1.3864336031500105e-10
8800.056 1.3909467929420765e-10
8850.056 9.41880041034684e-11
8900.056 9.946865486556708e-12
8950.056 2.1139004910211866e-11
9000.056 1.1591525997290107e-11
9050.056 5.371469508498324e-11
9100.056 8.357699639699137e-11
9150.056 1.1789399339880817e-10
9200.056 2.4508962246153083e-10
9250.056 2.8276713771297674e-10
9300.056 5.156321121466603e-11
9350.056 5.925771402012649e-11
9400.056 1.0397476757316022e-10
9450.056 1.3649590894039753e-10
9500.056 1.118050799439979e-10
9550.056 1.4008322939182345e-10
9600.056 1.1923696439997147e-10
9650.056 1.6500702092675108e-10
9700.056 2.3343197827469477e-10
9750.056 2.147743973038473e-10
9800.056 2.1145979782413058e-10
9850.056 2.274354485486567e-10
9900.056 2.979254467894777e-10
9950.056 2.0431467445488336e-10
10000.056 2.774417857660778e-10
10050.056 2.582566627457574e-10
10100.056 4.3400641424881334e-10
10150.056 5.00644102772872e-10
10200.056 6.502253936179211e-10
10250.056 8.247598981507417e-10
10300.056 1.1412906767244773e-09
10350.056 1.610308634597081e-09
10400.056 2.9098353147815034e-09
10450.056 4.172573220806319e-09
10500.056 5.5627904335315596e-09
10550.056 7.381050024360764e-09
10600.056 8.353820708777125e-09
10650.056 9.192259643851057e-09
10700.056 8.908182022263084e-09
10750.056 9.311448417047574e-09
10800.056 8.479183643206042e-09
10850.056 6.530232220903962e-09
10900.056 3.5940773051606322e-09
10950.056 1.3451903586272697e-09
11000.056 8.835170125532045e-10
11050.056 4.4071551562669745e-10
11100.056 1.8604613984236968e-10
11150.056 4.859737230386438e-11
11200.056 1.9106093496296373e-11
11250.056 2.1337537035897694e-11
11300.056 5.0140546997595315e-11
11350.056 1.4120536572634951e-11
11400.056 2.636030281732178e-11
11450.056 2.6058352351198987e-11
11500.056 1.1533285235760104e-11
11550.056 1.4084736195713619e-12
11600.056 1.6143778571025213e-12
11650.056 7.712831163864548e-12
11700.056 6.921924047860734e-12
11750.056 6.16798557177029e-13
11800.056 6.8902845408596375e-12
11850.056 1.4702991650497244e-11
11900.056 1.4716684229186115e-11
11950.056 2.7902607465660445e-11
12000.056 6.456542983958072e-11
12050.056 1.4611003311701446e-10
12100.056 3.712916969452271e-10
12150.056 8.158032234261444e-10
12200.056 1.3060465201531854e-09
12250.056 2.6046560672879883e-09
12300.056 4.721937081613796e-09
12350.056 5.025563256873304e-09
12400.056 8.857154494232821e-09
12450.056 1.3689342966968995e-08
12500.056 1.6046615414417362e-08
12550.056 1.9905848037609557e-08
12600.056 2.2586041059104438e-08
12650.056 2.227039093337609e-08
12700.056 2.205255559970673e-08
12750.056 1.740901413789296e-08
12800.056 1.3627703619465778e-08
12850.056 8.244564091420665e-09
12900.056 5.4359689407252885e-09
12950.056 4.015848085023925e-09
13000.056 2.8395709710914213e-09
13050.056 1.5196080234900346e-09
13100.056 1.1448714540267924e-09
13150.056 6.439656062524781e-10
13200.056 4.561754593140536e-10
13250.056 3.086344634995245e-10
13300.056 9.82007815817474e-11
13350.056 2.7028054038417793e-11
13400.056 2.6159488915161027e-11
13450.056 8.84135682342247e-12
13500.056 4.054277216277161e-12
13550.056 1.993779226948631e-12
13600.056 2.8047533667398586e-13
13650.056 2.2836299756975564e-12
13700.056 1.5100024771347656e-12
13750.056 1.4456005560722421e-12
13800.056 1.0429126045722567e-12
13850.056 6.734873693297907e-13
13900.056 1.1754146515741986e-12
13950.056 6.608689790250298e-13
14000.056 8.051831505540245e-13
14050.056 1.4742251122103356e-12
14100.056 2.2013201650228143e-12
14150.056 4.2993097873187465e-12
14200.056 2.796340183209435e-12
14250.056 4.879562150955241e-12
14300.056 9.111093987647204e-12
14350.056 1.2520764233108186e-11
14400.056 1.560417194353127e-11
14450.056 2.3069164926467017e-11
14500.056 5.195861709311449e-11
14550.056 6.395341604699175e-11
14600.056 7.843102760394475e-11
14650.056 5.993866691716356e-11
14700.056 3.692769396868827e-11
14750.056 2.524969024956519e-11
14800.056 5.7346609749452106e-11
14850.056 8.723801620118739e-11
14900.056 9.727012096992974e-11
14950.056 8.809927020577984e-11
15000.056 1.6629819197890046e-10
15050.056 1.5297388481626295e-10
15100.056 1.2426937651398569e-10
15150.056 1.2917400103079514e-10
15200.056 2.1951892007144176e-10
15250.056 4.669722323535467e-10
15300.056 5.708706501052325e-10
15350.056 7.838834786699751e-10
15400.056 1.042739334143164e-09
15450.056 1.3834470401142583e-09
15500.056 1.5076038951348748e-09
15550.056 2.158340990449346e-09
15600.056 2.5289082381110447e-09
15650.056 3.3436481810371884e-09
15700.056 4.557910951330489e-09
15750.056 5.426555153855622e-09
15800.056 5.525262023717512e-09
15850.056 5.970195754340411e-09
15900.056 4.6997354193774345e-09
15950.056 3.731490435378628e-09
16000.056 2.260132322038021e-09
16050.056 9.814332487565937e-10
16100.056 5.888472107874967e-10
16150.056 2.943473102132813e-10
16200.056 1.5268441465099896e-10
16250.056 9.734010119933664e-11
16300.056 5.691132166164887e-11
16350.056 6.113129263969839e-11
16400.056 7.935632880239412e-11
16450.056 6.36127176293635e-11
16500.056 5.282958432023842e-11
16550.056 6.221187782238505e-11
16600.056 7.510454556857428e-11
16650.056 5.950107696416294e-11
16700.056 7.845651255937204e-12
16750.056 2.474933967658279e-11
16800.056 4.758779455687576e-11
16850.056 6.206717980523724e-11
16900.056 2.8509754721217513e-11
16950.056 1.495676179828157e-11
17000.056 8.498753549247339e-12
17050.056 1.7631153622276008e-11
17100.056 2.9589014505328744e-11
17150.056 1.4808682335558256e-11
17200.056 5.96907368197342e-11
17250.056 4.126488074197464e-11
17300.056 2.110851868270421e-11
17350.056 2.1096398728164074e-11
17400.056 3.940310208677024e-11
17450.056 6.277829295366861e-11
17500.056 8.641091750514878e-11
17550.056 8.087604574747302e-11
17600.056 6.464714153243525e-11
17650.056 6.371866424676586e-11
17700.056 4.0653951650314505e-11
17750.056 5.081106685302384e-11
17800.056 1.478016785344801e-10
17850.056 6.416149003062561e-11
17900.056 4.6985142583638534e-11
17950.056 4.2775030368760613e-11
18000.056 6.280161327426057e-11
18050.056 7.810100355833652e-11
18100.056 1.0462613550364638e-10
18150.056 9.495800702127262e-11
18200.056 7.23160248506539e-11
18250.056 2.0134718803257981e-10
18300.056 7.238481513192543e-11
18350.056 4.959939495250472e-11
18400.056 4.1643671826792565e-11
18450.056 1.3650594267626422e-10
18500.056 1.330334710766807e-10
18550.056 8.793619872899785e-11
18600.056 1.2698307973096553e-10
18650.056 1.0217377821531531e-10
18700.056 3.739497279142306e-11
18750.056 9.14808110675072e-11
18800.056 2.8102351006570363e-10
18850.056 2.986050322108667e-10
18900.056 2.5822411351099925e-10
18950.056 4.180103102668904e-10
19000.056 1.499275630898365e-10
19050.056 8.546929323329676e-11
19100.056 1.9002520209071803e-10
19150.056 9.669625684609015e-11
19200.056 1.362543730720183e-10
19250.056 1.0733738073180524e-10
19300.056 6.851846737426137e-11
19350.056 6.179259166306638e-11
19400.056 5.7196869479323353e-11
19450.056 1.18985144833528e-10
19500.056 7.747398591307215e-11
19550.056 7.099984406964418e-11
19600.056 2.174207562663533e-10
19650.056 1.6263214547568004e-10
19700.056 1.762714085627246e-10
19750.056 3.4512159765820375e-10
19800.056 2.423814785489837e-10
19850.056 3.8675055339882326e-10
19900.056 3.9091423840804476e-10
19950.056 6.180952476736541e-10
20000.056 8.134185169023696e-10
20050.056 6.902814028133485e-10
20100.056 1.2336808239998583e-09
20150.056 6.409387702731611e-10
20200.056 5.91744138467494e-10
20250.056 1.1788132201398633e-09
20300.056 1.4046997251554999e-09
20350.056 1.667038624165711e-09
20400.056 1.3809240628999378e-09
20450.056 2.2854417333369045e-09
20500.056 2.8966885700152188e-09
20550.056 3.268413432930391e-09
20600.056 3.4747226346036287e-09
20650.056 4.374929254498255e-09
20700.056 4.77090674996072e-09
20750.056 5.564061958564608e-09
20800.056 5.25772643709167e-09
20850.056 5.456306285557043e-09
20900.056 5.9670221165956785e-09
20950.056 5.330689636930445e-09
21000.056 4.827229361268197e-09
21050.056 5.059168069998335e-09
21100.056 4.3079623073313795e-09
21150.056 4.380707422151705e-09
21200.056 3.754960555685984e-09
21250.056 3.173227104497474e-09
21300.056 2.193945091290297e-09
21350.056 2.303937811642392e-09
21400.056 2.007963982860279e-09
21450.056 1.453272818334875e-09
21500.056 1.261187372631705e-09
21550.056 1.0475824050018997e-09
21600.056 7.829690127090107e-10
21650.056 5.943437438623735e-10
21700.056 5.140701545794001e-10
21750.056 5.120783686799228e-10
21800.056 3.689508136680083e-10
21850.056 3.522291036339757e-10
21900.056 2.1427828631586948e-10
21950.056 6.546056891293974e-11
22000.056 1.3721549390740894e-11
22050.056 1.0668027236148428e-11
22100.056 3.930903508349607e-11
22150.056 5.6909956355133505e-11
22200.056 6.319877941360802e-11
22250.056 4.519270315854697e-11
22300.056 2.5112116984654897e-11
22350.056 3.2107898420437695e-11
22400.056 1.2865258567013636e-11
22450.056 1.5527680599428863e-11
22500.056 1.1355576097766881e-11
22550.056 7.822894150763008e-12
22600.056 5.951665572153648e-12
22650.056 1.061571242218972e-11
22700.056 9.127479880994182e-12
22750.056 9.035492876823076e-12
22800.056 7.908452488365391e-12
22850.056 6.279771389593728e-12
22900.056 4.612518401863073e-12
22950.056 4.1175927712796445e-12
23000.056 6.2482753468735665e-12
23050.056 8.533987624186157e-12
23100.056 3.446112557055242e-11
23150.056 4.10823845569894e-11
23200.056 2.4776159479823342e-12
23250.056 5.0464944419974e-12
23300.056 5.686775320599148e-12
23350.056 9.137434341105513e-12
23400.056 9.291624821296681e-12
23450.056 6.13118868922011e-12
23500.056 6.255643591517854e-12
23550.056 1.1506309942121948e-11
23600.056 1.7868027011786736e-11
23650.056 3.2877357106366806e-11
23700.056 8.518461748870305e-12
23750.056 5.8102335349544914e-12
23800.056 2.1536660031813937e-11
23850.056 1.7540306045023732e-11
23900.056 3.563009344070084e-11
23950.056 2.784620155365868e-11
24000.056 4.749450413792824e-11
24050.056 7.007684639467484e-11
24100.056 7.09440515112674e-11
24150.056 9.821642527180503e-11
24200.056 7.050144765213028e-11
24250.056 5.4652540557147746e-11
24300.056 8.800437514060778e-11
24350.056 7.365144825220116e-11
24400.056 1.5310670306954546e-10
24450.056 1.8409880933787662e-10
24500.056 1.7074510228454786e-10
24550.056 2.557985936580216e-10
24600.056 2.677974850607186e-10
24650.056 4.07828345698605e-10
24700.056 2.2646606140274598e-10
24750.056 3.340452063780176e-10
24800.056 3.244483608253956e-10
24850.056 4.78951515611746e-10
24900.056 2.736604104936156e-10
24950.056 5.354627449519969e-10
25000.056 5.553318056275866e-10
25050.056 3.9605693658449416e-10
25100.056 5.895127894774798e-10
25150.056 2.8498995158663555e-10
25200.056 4.5790054088173417e-10
25250.056 2.246918367175663e-10
25300.056 3.5569783767761993e-10
25350.056 1.603707822052799e-10
25400.056 4.116714147136773e-10
25450.056 1.254560331798329e-10
25500.056 1.2229419448958556e-10
25550.056 2.1551764047789908e-10
25600.056 1.0295922986563832e-10
25650.056 6.266118629159954e-11
25700.056 9.59757543994684e-11
25750.056 2.6459559051620667e-11
25800.056 1.2260782017425367e-10
25850.056 2.6595872304517168e-11
25900.056 3.766220907035831e-11
25950.056 1.0557510098460104e-11
26000.056 1.1784490040808538e-10
26050.056 1.7787936012027912e-11
26100.056 7.361382952376044e-11
26150.056 3.6178414569286836e-11
26200.056 5.2738446542383534e-11
26250.056 2.510520716896439e-10
26300.056 6.921717232708509e-11
26350.056 3.715280660680301e-10
26400.056 5.002788905982764e-10
26450.056 4.660931346816765e-10
26500.056 7.772154468826556e-10
26550.056 1.2529408552583863e-10
26600.056 1.6833413670429845e-10
26650.056 2.915866769625599e-11
26700.056 1.7657680079996642e-11
26750.056 2.2962299387071474e-11
26800.056 7.053834513862816e-11
26850.056 3.869375753384233e-11
26900.056 1.8026953035691033e-10
26950.056 6.311483214564245e-11
27000.056 3.393599760338276e-10
27050.056 3.260095849804019e-10
27100.056 5.581839704715736e-11
27150.056 4.5089904701069125e-10
27200.056 5.341564507714456e-11
27250.056 1.673551979864418e-10
27300.056 9.748877169360429e-10
27350.056 3.7899434706538993e-10
27400.056 2.215773771500104e-11
27450.056 4.918603893220595e-10
27500.056 5.238637681802757e-10
27550.056 9.589329841053558e-11
27600.056 2.747954955163425e-10
27650.056 7.247943238224008e-11
27700.056 5.908117868633261e-11
27750.056 3.7231784216234076e-10
27800.056 9.449606207351144e-11
27850.056 1.7429223921515876e-10
27900.056 1.6763956901391587e-10
27950.056 4.5581062608707765e-10
28000.056 4.1315662455616813e-10
28050.056 5.068268660622904e-11
28100.056 3.802214680344139e-10
28150.056 2.851204869562815e-10
28200.056 8.437635725315582e-11
28250.056 5.204879662976659e-10
28300.056 5.113038068193126e-10
28350.056 1.1023093598523664e-10
28400.056 3.439863551536419e-10
28450.056 5.992235624618927e-10
28500.056 3.7554646316653983e-10
28550.056 8.950389737119957e-11
28600.056 6.65928675494098e-10
28650.056 4.5547152449618745e-10
28700.056 5.863566227553581e-10
28750.056 9.273036844521423e-10
28800.056 4.10542824727403e-10
28850.056 8.393847749442282e-10
