galfind/configs/Brown_Dwarf_templates/sonora_bobcat/m+0.5/17g/sp_t1300g17nc_m+0.5_resample.dat
# %ECSV 1.0
# ---
# datatype:
# - {name: wav, unit: Angstrom, datatype: float64}
# - {name: flux_nu, unit: erg / (cm2 Hz s), datatype: float64}
# meta: {C/O: '1.00', Kzz: '1.0000E+05', Teff: '1300.', Y: '0.28', '[Fe/H]': '0.50', f_hole: '1.00', f_rain: '0.00', grav: '18.'}
# schema: astropy-2.0
wav flux_nu
[from data line 498]
28900.056 2.9535581442100537e-07
28950.056 4.1975881966501123e-07
29000.056 3.48077716807904e-07
29050.056 3.5655111481389815e-07
29100.056 3.045748379090381e-07
29150.056 3.9069933308212936e-07
29200.056 3.484758216431344e-07
29250.056 4.210403507230113e-07
29300.056 3.310077836137861e-07
29350.056 4.830100400448366e-07
29400.056 3.68734845380885e-07
29450.056 3.9845930373798264e-07
29500.056 4.144099793379622e-07
29550.056 3.9580794935202485e-07
29600.056 4.257228213949394e-07
29650.056 4.1715398245296404e-07
29700.056 3.540624075868898e-07
29750.056 4.6249204118732134e-07
29800.056 4.6478443409599456e-07
29850.056 4.612710957139392e-07
29900.056 4.1841174116310426e-07
29950.056 4.768633667849415e-07
30000.056 4.789596676659366e-07
30050.056 4.4995797466989707e-07
30100.056 3.784882457038869e-07
30150.056 5.62322640529932e-07
30200.056 4.715549746290435e-07
30250.056 5.14012493400211e-07
30300.056 5.132119936499366e-07
30350.056 4.339243928920404e-07
30400.056 5.512669631841162e-07
30450.056 4.4523148615002845e-07
30500.056 3.918727143460848e-07
30550.056 5.22891244078147e-07
30600.056 5.299802174270787e-07
30650.056 5.132891768159545e-07
30700.056 4.869785136400165e-07
30750.056 4.5944969329002276e-07
30800.056 5.092843096130926e-07
30850.056 4.225265520039408e-07
30900.056 4.496597285339576e-07
30950.056 4.064639007020641e-07
31000.056 4.287352659599648e-07
31050.056 3.952861612499905e-07
31100.056 3.7997876156997074e-07
31150.056 4.347005011199102e-07
31200.056 4.4065744119998137e-07
31250.056 4.178505285569974e-07
31300.056 3.9196219840493834e-07
31350.056 3.7257747140598697e-07
31400.056 3.4762943349809694e-07
31450.056 3.4121569816598727e-07
31500.056 3.6202588011698177e-07
31550.056 3.387773223880212e-07
31600.056 3.2572042436295593e-07
31650.056 3.2105210725198934e-07
31700.056 3.213908575399778e-07
31750.056 2.893601838700899e-07
31800.056 3.4467316225999053e-07
31850.056 3.268357528050368e-07
31900.056 3.670167086799847e-07
31950.056 2.5725462616099063e-07
32000.056 3.1492327939999765e-07
32050.056 3.679310179200164e-07
32100.056 3.4571190610700786e-07
32150.056 3.71644267080979e-07
32200.056 3.469178227259853e-07
32250.056 3.877225619440667e-07
32300.056 3.559773446509923e-07
32350.056 4.18239254470014e-07
32400.056 3.346940529129899e-07
32450.056 3.9117701677488137e-07
32500.056 4.195095515801161e-07
32550.056 4.561392714100048e-07
32600.056 4.669297822939699e-07
32650.056 5.105192188300826e-07
32700.056 4.791712442700647e-07
32750.056 4.927472716299924e-07
32800.056 4.865754742739938e-07
32850.056 5.413369849498812e-07
32900.056 5.803474634699502e-07
32950.056 4.933516915579063e-07
33000.056 5.00135382796974e-07
33050.056 4.808420094601009e-07
33100.056 4.0564196529993395e-07
33150.056 3.0661920515001134e-07
33200.056 2.1383625342695138e-07
33250.056 1.7450011392393326e-07
33300.056 1.580078411760232e-07
33350.056 1.8057492509000692e-07
33400.056 1.9211360224197228e-07
33450.056 2.1967445679098576e-07
33500.056 2.750869245000735e-07
33550.056 2.976000151600404e-07
33600.056 3.606711886560449e-07
33650.056 4.2089301116008427e-07
33700.056 4.266901831899127e-07
33750.056 5.261262305699847e-07
33800.056 5.144649727789023e-07
33850.056 5.307853597199585e-07
33900.056 5.36126007319879e-07
33950.056 4.702110446499525e-07
34000.056 5.072492490798741e-07
34050.056 4.908300851098627e-07
34100.056 5.744278324899805e-07
34150.056 5.231428745198896e-07
34200.056 4.4311423490979624e-07
34250.056 5.469127482198892e-07
34300.056 4.7267555948961067e-07
34350.056 4.239971992199879e-07
34400.056 4.2503536384999355e-07
34450.056 4.930721458799451e-07
34500.056 4.7442610579000105e-07
34550.056 4.369322574000136e-07
34600.056 5.375266415000568e-07
34650.056 5.221774857799509e-07
34700.056 4.852486372798801e-07
34750.056 5.358680287600926e-07
34800.056 5.566473636897494e-07
34850.056 4.75075680290013e-07
34900.056 5.632520313400828e-07
34950.056 4.923335881098588e-07
35000.056 5.857829092899919e-07
35050.056 5.625728370099305e-07
35100.056 5.107308502498193e-07
35150.056 5.875638991400602e-07
35200.056 5.85406512500075e-07
35250.056 5.788223537799138e-07
35300.056 5.794244786100527e-07
35350.056 5.74498165729919e-07
35400.056 5.603278527400701e-07
35450.056 4.69904420750301e-07
35500.056 6.446601111999832e-07
35550.056 5.964473968199855e-07
35600.056 5.427815443900677e-07
35650.056 6.88059859140072e-07
35700.056 5.545744463401672e-07
35750.056 6.551016509097539e-07
35800.056 7.565176556899307e-07
35850.056 6.253979520298906e-07
35900.056 8.096973201798207e-07
35950.056 7.212517768301372e-07
36000.056 6.638811410698943e-07
36050.056 8.026237084400901e-07
36100.056 7.976376056595073e-07
36150.056 7.483794426800522e-07
36200.056 8.749857665598588e-07
36250.056 7.550566049598467e-07
36300.056 9.400913030702965e-07
36350.056 8.654404881800028e-07
36400.056 8.162277698100399e-07
36450.056 9.437741673899032e-07
36500.056 8.991248701200266e-07
36550.056 8.837498812802621e-07
36600.056 9.679591235700177e-07
36650.056 1.002267422969955e-06
36700.056 1.0307380841400199e-06
36750.056 1.040107141090129e-06
36800.056 1.025175166729966e-06
36850.056 1.0299070303202208e-06
36900.056 1.073576616110244e-06
36950.056 1.123313766349898e-06
37000.056 1.1779871773498985e-06
37050.056 1.0958495982199468e-06
37100.056 1.1793783910102713e-06
37150.056 1.1822638928497828e-06
37200.056 1.1845950482601777e-06
37250.056 1.2656648738000349e-06
37300.056 1.1862471319900146e-06
37350.056 1.1184924013101894e-06
37400.056 1.209832707759801e-06
37450.056 1.2266840917401857e-06
37500.056 1.2156732825498416e-06
37550.056 1.2467625164498184e-06
37600.056 1.323975586549769e-06
37650.056 1.2606457158298631e-06
37700.056 1.2922437952100164e-06
37750.056 1.3319929792400078e-06
37800.056 1.3963905059101384e-06
37850.056 1.2561942855099524e-06
37900.056 1.3228901873100341e-06
37950.056 1.3450595047598753e-06
38000.056 1.357492988060124e-06
38050.056 1.4019510824799984e-06
38100.056 1.2977470394102002e-06
38150.056 1.5237650264798318e-06
38200.056 1.6220258922199014e-06
38250.056 1.3301260968702673e-06
38300.056 1.3382570629199314e-06
38350.056 1.4686376552297553e-06
38400.056 1.4433584855497116e-06
38450.056 1.573984783520092e-06
38500.056 1.4720513481798818e-06
38550.056 1.5140405780299552e-06
38600.056 1.654245104279779e-06
38650.056 1.4523408331000164e-06
38700.056 1.5420576793103303e-06
38750.056 1.4718961847300706e-06
38800.056 1.545495052009958e-06
38850.056 1.452084098150207e-06
38900.056 1.4596019845598432e-06
38950.056 1.6301754089599082e-06
39000.056 1.4963482447300353e-06
39050.056 1.607891618739879e-06
39100.056 1.4814251352401458e-06
39150.056 1.508413340659969e-06
39200.056 1.6588001701401995e-06
39250.056 1.6645016078794926e-06
39300.056 1.5912130593594663e-06
39350.056 1.604185959890086e-06
39400.056 1.5825591379799593e-06
39450.056 1.588081324109863e-06
39500.056 1.5652353643398769e-06
39550.056 1.535172403789961e-06
39600.056 1.7201933441998526e-06
39650.056 1.4779300541399004e-06
39700.056 1.588459442719853e-06
39750.056 1.5310632794097574e-06
39800.056 1.4731984913499121e-06
39850.056 1.5227755838198253e-06
39900.056 1.552028308090286e-06
39950.056 1.6346604472398712e-06
40000.056 1.405054846860003e-06
40050.056 1.413433528559971e-06
40100.056 1.5999567702799736e-06
40150.056 1.431147327649752e-06
40200.056 1.4373202539797654e-06
40250.056 1.4530707012295189e-06
40300.056 1.3563004122700947e-06
40350.056 1.551312541050328e-06
40400.056 1.4850606482299698e-06
40450.056 1.5120060601702359e-06
40500.056 1.3222198704803095e-06
40550.056 1.590849272289886e-06
40600.056 1.3386180381702934e-06
40650.056 1.326573669649872e-06
40700.056 1.4876551304501297e-06
40750.056 1.288900965849328e-06
40800.056 1.2685451576602103e-06
40850.056 1.2404432233302944e-06
40900.056 1.2755905801602015e-06
40950.056 1.346726170479937e-06
41000.056 1.3255219296100294e-06
41050.056 1.294044137899722e-06
41100.056 1.294677426680063e-06
41150.056 1.2958839004400817e-06
41200.056 1.2332386178499486e-06
41250.056 1.2907867822701304e-06
41300.056 1.0773623655197072e-06
41350.056 1.2992741213300555e-06
41400.056 1.2363399953803079e-06
41450.056 1.2267407001704121e-06
41500.056 1.265260258509986e-06
41550.056 1.1650876136199946e-06
41600.056 1.2769306245499939e-06
41650.056 1.154363305910305e-06
41700.056 1.053348247319805e-06
41750.056 1.0447175009098342e-06
41800.056 1.0069928556398403e-06
41850.056 9.047667966301652e-07
41900.056 9.884180359300428e-07
41950.056 7.37964044560239e-07
42000.056 8.374192701701061e-07
42050.056 7.397662481897327e-07
42100.056 8.396374006201775e-07
42150.056 6.019694193597467e-07
42200.056 6.44814236169943e-07
42250.056 6.587734432602213e-07
42300.056 5.254685059300803e-07
42350.056 6.348793971601968e-07
42400.056 5.058936547900955e-07
42450.056 4.5613142454015177e-07
42500.056 5.051091369501091e-07
42550.056 4.895988660100841e-07
42600.056 4.963048230001609e-07
42650.056 4.0715211834972174e-07
42700.056 4.5932792880012604e-07
42750.056 4.304379308899888e-07
42800.056 3.920103591301684e-07
42850.056 4.1993321891991606e-07
42900.056 4.159019116200088e-07
42950.056 3.9631508923980674e-07
43000.056 3.797070004800635e-07
43050.056 3.8306462646015127e-07
43100.056 4.237374702901138e-07
43150.056 3.7499629016009754e-07
43200.056 3.9389815358008704e-07
43250.056 3.740234264298801e-07
43300.056 3.734827631900292e-07
43350.056 3.7262475416999305e-07
43400.056 3.8098868981999013e-07
43450.056 3.9245741398014274e-07
43500.056 3.622999687499715e-07
43550.056 4.1244738179997957e-07
43600.056 3.7919322048001953e-07
43650.056 3.5597804536003225e-07
43700.056 3.8556985828984276e-07
43750.056 3.6805379153006e-07
43800.056 3.3992291290005257e-07
43850.056 3.7863945323007134e-07
43900.056 3.865712711400168e-07
43950.056 3.7006426274014953e-07
44000.056 3.7505465175007435e-07
44050.056 3.925652493300657e-07
44100.056 3.9802605251006815e-07
44150.056 3.9357755622991845e-07
44200.056 3.6454883648993326e-07
44250.056 4.102454494199971e-07
44300.056 3.8729240329999324e-07
44350.056 3.747230844200469e-07
44400.056 3.9549166200997217e-07
44450.056 4.057520605599792e-07
44500.056 4.2366176459995996e-07
44550.056 3.9462403511994505e-07
44600.056 4.32617260820024e-07
44650.056 4.105604336200612e-07
44700.056 4.1223916976002656e-07
44750.056 4.323769964099511e-07
44800.056 4.805763803799807e-07
44850.056 4.4619253336003673e-07
44900.056 4.4001390444005845e-07
44950.056 4.1447341758998316e-07
45000.056 4.691849944399683e-07
45050.056 4.5131516257994754e-07
45100.056 4.719310254199597e-07
45150.056 4.6765963587994636e-07
45200.056 4.474775548800473e-07
45250.056 4.5038644190994945e-07
45300.056 4.825159067100301e-07
45350.056 5.062005565299938e-07
45400.056 4.963830666800562e-07
45450.056 4.59752040599953e-07
45500.056 4.7009518283997314e-07
45550.056 5.062558889199752e-07
45600.056 4.792945481099717e-07
45650.056 4.5063137367992733e-07
45700.056 5.312804323600157e-07
45750.056 4.84771316849991e-07
45800.056 4.763183361799844e-07
45850.056 5.461055974799678e-07
45900.056 5.560668461000366e-07
45950.056 4.877790921100127e-07
46000.056 5.599846411800198e-07
46050.056 5.466405682900499e-07
46100.056 4.802513717400662e-07
46150.056 5.363069092900009e-07
46200.056 5.593846535100787e-07
46250.056 4.741102916999909e-07
46300.056 5.91664989349978e-07
46350.056 5.006715891899496e-07
46400.056 5.104252866999449e-07
46450.056 5.466777345900735e-07
46500.056 5.058803347099511e-07
46550.056 6.154919529799769e-07
46600.056 5.648458807300369e-07
46650.056 7.16736975779891e-07
46700.056 6.625967557401948e-07
46750.056 5.331568298999249e-07
46800.056 5.868400861700876e-07
46850.056 6.192429996000601e-07
46900.056 5.91067716429894e-07
46950.056 6.434716231100327e-07
47000.056 5.508137079000007e-07
47050.056 6.555694895098551e-07
47100.056 5.220258387400582e-07
47150.056 5.640633137400623e-07
47200.056 6.022225667601062e-07
47250.056 5.316723307099584e-07
47300.056 5.592046601098578e-07
47350.056 4.893278001199038e-07
47400.056 6.087497645099044e-07
47450.056 5.228176643299852e-07
47500.056 5.975868965498944e-07
47550.056 5.33911164509959e-07
47600.056 6.050170506099797e-07
47650.056 4.5083013814987744e-07
47700.056 6.210385633600432e-07
47750.056 4.4329107499009086e-07
47800.056 6.190477178099243e-07
47850.056 4.843955763699022e-07
47900.056 6.035345170300325e-07
47950.056 4.5429427514007444e-07
48000.056 6.686591229800102e-07
48050.056 5.015373504100623e-07
48100.056 5.588469288499897e-07
48150.056 5.271681940900756e-07
48200.056 6.008757101500831e-07
48250.056 5.127891692099732e-07
48300.056 6.55985452849828e-07
48350.056 4.817934691499875e-07
48400.056 6.088945518900035e-07
48450.056 5.110980121900157e-07
48500.056 6.776819281000267e-07
48550.056 4.920410527600334e-07
48600.056 6.082085970499606e-07
48650.056 5.087949706899689e-07
48700.056 5.984359971900386e-07
48750.056 4.668713537500422e-07
48800.056 6.997754580600296e-07
48850.056 5.064607421799306e-07
48900.056 6.254528211100537e-07
48950.056 5.906797982400215e-07
49000.056 5.740580161899139e-07
49050.056 6.110009931400005e-07
49100.056 5.566753031800595e-07
49150.056 6.040550858200162e-07
49200.056 5.725131610899938e-07
49250.056 5.986291113400133e-07
49300.056 5.204162503799627e-07
49350.056 5.613554286200037e-07
49400.056 6.54638878560071e-07
49450.056 5.590431089301205e-07
49500.056 5.94912311220012e-07
49550.056 5.155860360900257e-07
49600.056 5.818382754901596e-07
49650.056 6.002432094799996e-07
49700.056 5.247147872999461e-07
49750.056 7.342493310698885e-07
49800.056 5.744840425100423e-07
49850.056 7.341655068800407e-07
49900.056 5.736448462500478e-07
49950.056 6.469059028198407e-07
50000.056 6.186829969098772e-07
50050.056 6.28052018290055e-07
50100.056 6.58072991469963e-07
50150.056 5.608515507400379e-07
50200.056 5.267091121800582e-07
50250.056 6.246034771100065e-07
50300.056 5.928848326499624e-07
50350.056 6.847204201400224e-07
50400.056 6.021866073299983e-07
50450.056 5.982648466600973e-07
50500.056 7.464721385001361e-07
50550.056 6.287338160599715e-07
50600.056 6.694647431600239e-07
50650.056 6.432671161401475e-07
50700.056 6.966249041897901e-07
50750.056 7.09735518170091e-07
50800.056 5.472299804799529e-07
50850.056 6.275926226301461e-07
50900.056 6.947290864699678e-07
50950.056 7.005335644201116e-07
51000.056 7.919890217100536e-07
51050.056 5.851080868600689e-07
51100.056 5.813163199299375e-07
51150.056 6.741250828899242e-07
51200.056 6.770844121799549e-07
51250.056 7.07974087089916e-07
51300.056 5.994977558702422e-07
51350.056 6.564655360898264e-07
51400.056 5.990915716698606e-07
51450.056 4.804567619799048e-07
51500.056 6.17985113769987e-07
51550.056 8.182533038800556e-07
51600.056 5.626951467800698e-07
51650.056 6.43956825479918e-07
51700.056 6.106253245098314e-07
51750.056 5.839580952100744e-07
51800.056 6.951593056198434e-07
51850.056 7.01465625519955e-07
51900.056 7.332317714901916e-07
51950.056 6.880401498199556e-07
52000.056 5.703669877999552e-07
52050.056 6.472861088599898e-07
52100.056 6.053535177598806e-07
52150.056 6.156327304800285e-07
52200.056 5.977639808200162e-07
52250.056 6.358627232800014e-07
52300.056 6.943876694000086e-07
52350.056 7.445523541201215e-07
52400.056 5.556443963900867e-07
52450.056 6.549391264899753e-07
52500.056 7.206737605098757e-07
52550.056 6.692763959397612e-07
52600.056 6.684059207201342e-07
52650.056 7.585872499001168e-07
52700.056 6.575455730799946e-07
52750.056 5.353068098199338e-07
52800.056 6.091033290800621e-07
52850.056 5.776549107599046e-07
52900.056 6.289054684600639e-07
52950.056 6.415851307399093e-07
53000.056 7.243468060699367e-07
53050.056 6.09128482779891e-07
53100.056 5.746897087498183e-07
53150.056 7.56048168400118e-07
53200.056 5.308489099100592e-07
53250.056 7.670726920099788e-07
53300.056 7.396062818503278e-07
53350.056 7.139066830599197e-07
53400.056 6.826195728000886e-07
53450.056 5.771109868800222e-07
53500.056 5.142024868698998e-07
53550.056 6.315638781299105e-07
53600.056 6.991287207401388e-07
