galfind/configs/Brown_Dwarf_templates/sonora_bobcat/m+0.5/17g/sp_t850g17nc_m+0.5_resample.dat
# %ECSV 1.0
# ---
# datatype:
# - {name: wav, unit: Angstrom, datatype: float64}
# - {name: flux_nu, unit: erg / (cm2 Hz s), datatype: float64}
# meta: {C/O: '1.00', Kzz: '1.0000E+05', Teff: '850.', Y: '0.28', '[Fe/H]': '0.50', f_hole: '1.00', f_rain: '0.00', grav: '18.'}
# schema: astropy-2.0
wav flux_nu
4000.0559999999996 nan
4050.0559999999996 1.1754432230143798e-13
4100.056 9.142417998499564e-12
4150.056 2.5878745877102715e-11
4200.056 2.0548662230349573e-11
4250.056 4.27870845470102e-11
4300.056 5.272453242300587e-11
4350.056 5.895519384900422e-11
4400.056 7.059932331300497e-11
4450.056 8.15387412339992e-11
4500.056 8.430818272900428e-11
4550.056 9.878514709300552e-11
4600.056 1.120006968675114e-10
4650.056 1.0047269418299079e-10
4700.056 9.560200968800024e-11
4750.056 4.9581756396000844e-11
4800.056 1.1950377474299698e-11
4850.056 2.012237310689967e-12
4900.056 6.451754047899951e-13
4950.056 2.605222380999975e-13
5000.056 9.046810210799898e-14
5050.056 3.806609195999999e-14
5100.056 3.220556155100003e-14
5150.056 2.9879138314000036e-14
5200.056 2.8222606692000006e-14
5250.056 2.673488808299998e-14
5300.056 2.576606168799999e-14
5350.056 2.5469748427000007e-14
5400.056 2.561276090699994e-14
5450.056 2.6109380179000002e-14
5500.056 2.6817182213000184e-14
5550.056 2.7672521901000068e-14
5600.056 2.8501304293999975e-14
5650.056 2.902122365799999e-14
5700.056 2.8894207564000046e-14
5750.056 2.7765834800999963e-14
5800.056 2.477920593799997e-14
5850.056 1.7951236468899765e-14
5900.056 6.11490530602547e-15
5950.056 3.407615768200093e-14
6000.056 6.803740383199932e-14
6050.056 1.1781796066200198e-13
6100.056 1.9002625867000178e-13
6150.056 2.9499674389000223e-13
6200.056 4.506885360200029e-13
6250.056 6.787518708600027e-13
6300.056 1.0268496548600062e-12
6350.056 1.5474016066000123e-12
6400.056 2.325111838900015e-12
6450.056 3.4423562571999466e-12
6500.056 5.150389277700001e-12
6550.056 7.648783570800026e-12
6600.056 1.130542969910019e-11
6650.056 1.6508146752500132e-11
6700.056 2.1025610632744206e-11
6750.056 3.2952670108000155e-11
6800.056 4.3356451742000176e-11
6850.056 5.0512441992000106e-11
6900.056 4.973796284500115e-11
6950.056 4.5839279410299534e-11
7000.056 4.7426081149000894e-11
7050.056 5.201747045699907e-11
7100.056 5.7669134860999644e-11
7150.056 5.7923888110928714e-11
7200.056 5.693936612492372e-11
7250.056 5.5649867993595326e-11
7300.056 5.1561388811484965e-11
7350.056 4.707966795324842e-11
7400.056 4.300449300600154e-11
7450.056 3.798232683600093e-11
7500.056 3.2631107640999686e-11
7550.056 2.6805631233999802e-11
7600.056 2.1289848066999863e-11
7650.056 6.23062189210573e-12
7700.056 4.263084062896205e-12
7750.056 2.1113521155000362e-11
7800.056 3.537683488320027e-11
7850.056 6.545985703799997e-11
7900.056 1.0003648393999984e-10
7950.056 1.217774220728415e-10
8000.056 2.133673978200034e-10
8050.056 2.936341430700115e-10
8100.056 3.6799826676950983e-10
8150.056 4.755875744357369e-10
8200.056 6.386620154513144e-10
8250.056 7.994658485477927e-10
8300.056 1.010250536442819e-09
8350.056 1.238418300982959e-09
8400.056 1.5240593065181044e-09
8450.056 1.912743489233852e-09
8500.056 2.116201721299758e-09
8550.056 2.7998149992000183e-09
8600.056 3.581524245600056e-09
8650.056 4.319401731600193e-09
8700.056 5.090836891399944e-09
8750.056 6.015535943200159e-09
8800.056 6.96246853650029e-09
8850.056 7.596278800499725e-09
8900.056 5.8082641372093645e-09
8950.056 5.6512284885046814e-09
9000.056 6.453836714379416e-09
9050.056 1.0357900105305702e-08
9100.056 1.1985118878212168e-08
9150.056 1.2010806858282301e-08
9200.056 1.4499239944050066e-08
9250.056 1.454515250563212e-08
9300.056 6.958753511331794e-09
9350.056 7.740317167538257e-09
9400.056 9.426086042616159e-09
9450.056 1.2332010734867791e-08
9500.056 1.2313038348329327e-08
9550.056 1.4592370716160571e-08
9600.056 1.4028381343561888e-08
9650.056 1.6450001552857603e-08
9700.056 1.8238231330820637e-08
9750.056 1.8364080892173302e-08
9800.056 1.988876824633487e-08
9850.056 2.294291747036413e-08
9900.056 2.802522266499104e-08
9950.056 2.9121840083487653e-08
10000.056 3.076549145423509e-08
10050.056 3.660196717910232e-08
10100.056 4.511924669898263e-08
10150.056 5.44348732252862e-08
10200.056 6.55521112925933e-08
10250.056 7.475697147799767e-08
10300.056 8.750443886500705e-08
10350.056 1.0445228546099299e-07
10400.056 1.201826581459884e-07
10450.056 1.2965980697298822e-07
10500.056 1.3658036694601253e-07
10550.056 1.4605928305701801e-07
10600.056 1.5393995952418586e-07
10650.056 1.6740173460700053e-07
10700.056 1.726135764358224e-07
10750.056 1.8495467973826182e-07
10800.056 1.912893000140256e-07
10850.056 1.8196554335223363e-07
10900.056 1.2489693990654006e-07
10950.056 6.203996261955136e-08
11000.056 5.72971258751284e-08
11050.056 4.93218493471125e-08
11100.056 3.8220983134983455e-08
11150.056 2.5948845015376804e-08
11200.056 2.1786628540696033e-08
11250.056 2.466095683838126e-08
11300.056 2.7773201369383774e-08
11350.056 1.390133713837283e-08
11400.056 2.1257490840576697e-08
11450.056 1.9833901063497754e-08
11500.056 1.7988920236155715e-08
11550.056 7.83044447642389e-09
11600.056 9.82577237062557e-09
11650.056 1.5724629953101276e-08
11700.056 1.4201741296190346e-08
11750.056 5.118795295657715e-09
11800.056 1.7094422320844592e-08
11850.056 2.5831674276671412e-08
11900.056 2.802169650343647e-08
11950.056 4.2517620883204935e-08
12000.056 5.605554235565416e-08
12050.056 7.393374995515061e-08
12100.056 8.970933039588368e-08
12150.056 1.1165057440641001e-07
12200.056 1.342214644602794e-07
12250.056 1.5340817036302008e-07
12300.056 1.7638814787845216e-07
12350.056 1.8929407780174394e-07
12400.056 2.1509432525080642e-07
12450.056 2.2326270835444258e-07
12500.056 2.455643104916919e-07
12550.056 2.670549989142424e-07
12600.056 3.0239070958410797e-07
12650.056 2.977293243596811e-07
12700.056 3.1276807569820997e-07
12750.056 3.1228390857155764e-07
12800.056 3.1923939880849716e-07
12850.056 2.880938546622638e-07
12900.056 2.5155083206544875e-07
12950.056 2.5808077702134714e-07
13000.056 2.183587883278348e-07
13050.056 1.983775178351255e-07
13100.056 1.7711903247491499e-07
13150.056 1.4861946125449554e-07
13200.056 1.263691868651089e-07
13250.056 9.778841434085775e-08
13300.056 4.606611489155651e-08
13350.056 1.568456900297125e-08
13400.056 1.2847440774416229e-08
13450.056 7.702008553522379e-09
13500.056 5.964299571215847e-09
13550.056 4.4577059443806915e-09
13600.056 1.903352034045444e-09
13650.056 4.141523015694029e-09
13700.056 3.763679275277009e-09
13750.056 2.7993248680217035e-09
13800.056 2.8115435190569264e-09
13850.056 2.4878742908310095e-09
13900.056 2.6424995392189053e-09
13950.056 2.1955692517418954e-09
14000.056 2.2697495459524988e-09
14050.056 2.819897979896857e-09
14100.056 3.175261110027178e-09
14150.056 4.229221742425257e-09
14200.056 3.681649779062155e-09
14250.056 4.4480370931731905e-09
14300.056 6.134658301716924e-09
14350.056 6.61876917487486e-09
14400.056 8.336058322691384e-09
14450.056 9.077543129313966e-09
14500.056 1.4072125682600802e-08
14550.056 1.6508273297157338e-08
14600.056 1.9835672823264684e-08
14650.056 2.1210140519879138e-08
14700.056 1.938285271156315e-08
14750.056 2.316072623186628e-08
14800.056 2.8747529245865116e-08
14850.056 3.1463025108545724e-08
14900.056 3.4847724280668344e-08
14950.056 3.7401117841977424e-08
15000.056 4.200568856375983e-08
15050.056 4.7435689330386166e-08
15100.056 5.318655587137022e-08
15150.056 6.033918389498249e-08
15200.056 6.189057136134707e-08
15250.056 7.017201111748998e-08
15300.056 7.80726110554751e-08
15350.056 8.428275280848333e-08
15400.056 9.524376555287031e-08
15450.056 1.0432693881211325e-07
15500.056 1.0703744030227039e-07
15550.056 1.1805225809659693e-07
15600.056 1.1293044489578089e-07
15650.056 1.2345595393511178e-07
15700.056 1.4545079869138996e-07
15750.056 1.594404299341045e-07
15800.056 1.516697932722856e-07
15850.056 1.7287343700555255e-07
15900.056 1.636061084515344e-07
15950.056 1.7040584416594062e-07
16000.056 1.4328203476901498e-07
16050.056 1.0518663738688584e-07
16100.056 8.453029406827805e-08
16150.056 6.046767236753387e-08
16200.056 4.322017282019891e-08
16250.056 3.6545494478836545e-08
16300.056 2.7238255530703144e-08
16350.056 2.9696058213098007e-08
16400.056 3.790741015438278e-08
16450.056 3.892532920408101e-08
16500.056 4.3126122878334386e-08
16550.056 4.282736017782553e-08
16600.056 3.73694919646997e-08
16650.056 3.5580298968575135e-08
16700.056 9.926849401940703e-09
16750.056 1.158730947175026e-08
16800.056 2.4879556934314193e-08
16850.056 3.04471705841674e-08
16900.056 2.2026685184429706e-08
16950.056 1.5225886564982662e-08
17000.056 9.679460129164585e-09
17050.056 1.6624724511499384e-08
17100.056 2.338055503025958e-08
17150.056 1.426986492514703e-08
17200.056 2.5101018583586014e-08
17250.056 2.2923310309380656e-08
17300.056 1.5056840181059462e-08
17350.056 1.211105881633912e-08
17400.056 1.5913078496349985e-08
17450.056 1.9652324834507855e-08
17500.056 2.4634602284748072e-08
17550.056 2.4442860071763187e-08
17600.056 2.054810603392202e-08
17650.056 2.0854972428705803e-08
17700.056 1.3513400166290274e-08
17750.056 1.4452673185237957e-08
17800.056 2.5124322668962148e-08
17850.056 1.7212787515236432e-08
17900.056 1.3228310404877159e-08
17950.056 1.2050944339196505e-08
18000.056 1.5175681266902908e-08
18050.056 1.8209160029770703e-08
18100.056 2.118885504787739e-08
18150.056 2.7390525435697788e-08
18200.056 1.8877743373550873e-08
18250.056 3.215907725038913e-08
18300.056 2.584331488682058e-08
18350.056 2.0412129821584136e-08
18400.056 2.2454198621735816e-08
18450.056 2.4904112923215906e-08
18500.056 2.7573648938001155e-08
18550.056 2.4177831915353373e-08
18600.056 2.2611051402133666e-08
18650.056 2.5378766038116817e-08
18700.056 2.4690764292971918e-08
18750.056 3.021444994367165e-08
18800.056 4.164547803277241e-08
18850.056 4.820715824847205e-08
18900.056 4.7915410579545945e-08
18950.056 5.8471082562517804e-08
19000.056 5.470604754644708e-08
19050.056 4.632859737507434e-08
19100.056 6.189142575991893e-08
19150.056 5.8016858484234525e-08
19200.056 6.265740896866452e-08
19250.056 5.5744502455603664e-08
19300.056 5.6723065868705386e-08
19350.056 5.059511463788477e-08
19400.056 4.189892355235781e-08
19450.056 6.334888273325813e-08
19500.056 5.997810502887114e-08
19550.056 4.5263217733844496e-08
19600.056 6.396580287653194e-08
19650.056 6.752499055989465e-08
19700.056 6.984433551581236e-08
19750.056 7.060785000043723e-08
19800.056 7.371079481705645e-08
19850.056 8.70846521754314e-08
19900.056 7.163927337995248e-08
19950.056 1.0086175403484618e-07
20000.056 8.996980101237269e-08
20050.056 9.884773832790505e-08
20100.056 1.151044962286024e-07
20150.056 1.104680196771202e-07
20200.056 1.2130821494270762e-07
20250.056 1.3664914730136236e-07
20300.056 1.3676127211618033e-07
20350.056 1.5352710046209103e-07
20400.056 1.4737254598662106e-07
20450.056 1.7109512509143595e-07
20500.056 1.7721597967201452e-07
20550.056 1.7593490219299202e-07
20600.056 1.9748105784203504e-07
20650.056 1.9281337684403777e-07
20700.056 1.990240250213635e-07
20750.056 2.1098655927639516e-07
20800.056 2.117531203474321e-07
20850.056 2.0494558240739416e-07
20900.056 2.0849068063772125e-07
20950.056 2.0139636643134673e-07
21000.056 1.9525395237569743e-07
21050.056 1.935398960350893e-07
21100.056 1.7981856842222588e-07
21150.056 1.8510121381762673e-07
21200.056 1.672939648116731e-07
21250.056 1.5671140423453619e-07
21300.056 1.2734913149028028e-07
21350.056 1.3441516224316104e-07
21400.056 1.1917859886947587e-07
21450.056 1.099742046553367e-07
21500.056 9.614479465011091e-08
21550.056 8.609440444238039e-08
21600.056 6.95914891580828e-08
21650.056 5.720954824951491e-08
21700.056 5.761832980080248e-08
21750.056 4.823423941562541e-08
21800.056 3.940021791429653e-08
21850.056 3.433081127991921e-08
21900.056 2.264855183065249e-08
21950.056 1.203830059413584e-08
22000.056 4.486193353717032e-09
22050.056 2.385068554615548e-09
22100.056 3.838488493242431e-09
22150.056 6.784196173106419e-09
22200.056 8.584210644185161e-09
22250.056 7.068839221224878e-09
22300.056 5.786583556050768e-09
22350.056 5.3343341964139436e-09
22400.056 3.807215912998896e-09
22450.056 3.1507043397567814e-09
22500.056 2.6766935523598562e-09
22550.056 2.197597338266289e-09
22600.056 2.338826459091425e-09
22650.056 2.504606565572548e-09
22700.056 2.1768339653619163e-09
22750.056 2.4223438057226064e-09
22800.056 2.0246929481570938e-09
22850.056 1.7966584129332747e-09
22900.056 1.4573357818928457e-09
22950.056 1.3919281364196395e-09
23000.056 1.8825644323416853e-09
23050.056 2.5501786139149873e-09
23100.056 4.4713239487766965e-09
23150.056 5.771554795010432e-09
23200.056 1.5079218597140465e-09
23250.056 1.5790467281172163e-09
23300.056 1.5242095877251066e-09
23350.056 1.5855681133832537e-09
23400.056 1.8000665872275692e-09
23450.056 1.7474630158458591e-09
23500.056 1.880128032654307e-09
23550.056 2.4492882087599632e-09
23600.056 2.7067418557868897e-09
23650.056 3.8496528304611774e-09
23700.056 2.6007017278240017e-09
23750.056 1.8897047829374213e-09
23800.056 2.0643908342068966e-09
23850.056 2.4892845362086643e-09
23900.056 3.770419506079919e-09
23950.056 4.570251368575386e-09
24000.056 4.669607478598881e-09
24050.056 6.686755365627306e-09
24100.056 6.33021079733061e-09
24150.056 7.078352856999019e-09
24200.056 6.9012625341692845e-09
24250.056 5.605309552924038e-09
24300.056 7.0272817293824665e-09
24350.056 5.799095995524763e-09
24400.056 8.113567622651383e-09
24450.056 8.808657301780474e-09
24500.056 9.106294692078793e-09
24550.056 1.1473438079101909e-08
24600.056 1.1820107996505507e-08
24650.056 1.4605712017514538e-08
24700.056 1.2303917988396842e-08
24750.056 1.4953149257613483e-08
24800.056 1.603767211526246e-08
24850.056 1.9180797074118456e-08
24900.056 1.557651770744249e-08
24950.056 2.364831362353049e-08
25000.056 2.2610002124699356e-08
25050.056 1.9282206581895322e-08
25100.056 2.519792243505239e-08
25150.056 1.863774541318968e-08
25200.056 2.4593379551531513e-08
25250.056 2.0462633568687222e-08
25300.056 2.8559764812898826e-08
25350.056 1.8795753425248053e-08
25400.056 3.01550014517968e-08
25450.056 1.9363162447346837e-08
25500.056 1.9167098268490052e-08
25550.056 2.1466216975030125e-08
25600.056 1.622259902762428e-08
25650.056 1.441824427583431e-08
25700.056 2.1839630803748363e-08
25750.056 1.1393116723045936e-08
25800.056 1.9194284127365156e-08
25850.056 1.2616175476707122e-08
25900.056 1.507395892202075e-08
25950.056 1.0972336829622428e-08
26000.056 2.4330077494792263e-08
26050.056 1.6722954062979956e-08
26100.056 2.0602925880621766e-08
26150.056 1.6965056078615892e-08
26200.056 2.117985944208028e-08
26250.056 2.7736720470941774e-08
26300.056 2.316242661516266e-08
26350.056 3.677485625333327e-08
26400.056 3.893864875304975e-08
26450.056 4.541966218650954e-08
26500.056 4.783186585985591e-08
26550.056 3.081194777532534e-08
26600.056 4.264005765578956e-08
26650.056 2.269373959257362e-08
26700.056 2.292418886978128e-08
26750.056 1.6531119103359257e-08
26800.056 2.8272389054359277e-08
26850.056 1.665867113531381e-08
26900.056 3.503169875926202e-08
26950.056 1.9802326699730648e-08
27000.056 4.360253984244864e-08
27050.056 3.2953308507242765e-08
27100.056 2.7902692857446056e-08
27150.056 5.00398937589498e-08
27200.056 3.150214124070982e-08
27250.056 3.66460848110352e-08
27300.056 6.832108411185253e-08
27350.056 5.498970676629804e-08
27400.056 2.265013742366573e-08
27450.056 7.273501063176717e-08
27500.056 6.694713407842435e-08
27550.056 3.717196780928373e-08
27600.056 6.61117623269335e-08
27650.056 3.271817487135515e-08
27700.056 2.781169409454755e-08
27750.056 6.385322962228334e-08
27800.056 3.1661375672003434e-08
27850.056 3.9909529207212856e-08
27900.056 4.494066277957501e-08
27950.056 7.042075005633447e-08
28000.056 6.083970731008417e-08
28050.056 2.4913860298804037e-08
28100.056 7.396138867149219e-08
28150.056 4.9541387139804635e-08
28200.056 2.828549970447067e-08
28250.056 6.99782804127181e-08
28300.056 9.23859776112211e-08
28350.056 3.973979227998106e-08
28400.056 5.697148258682476e-08
28450.056 7.30953516950158e-08
28500.056 6.323695316907322e-08
28550.056 2.744392431450656e-08
28600.056 8.465651347256124e-08
28650.056 7.488515145311569e-08
28700.056 6.822581809756653e-08
28750.056 9.109452997391299e-08
