galfind/configs/Brown_Dwarf_templates/sonora_bobcat/m+0.5/17g/sp_t750g17nc_m+0.5_resample.dat
# %ECSV 1.0
# ---
# datatype:
# - {name: wav, unit: Angstrom, datatype: float64}
# - {name: flux_nu, unit: erg / (cm2 Hz s), datatype: float64}
# meta: {C/O: '1.00', Kzz: '1.0000E+05', Teff: '750.', Y: '0.28', '[Fe/H]': '0.50', f_hole: '1.00', f_rain: '0.00', grav: '18.'}
# schema: astropy-2.0
wav flux_nu
[from data line 499]
28950.056 3.9190976139927225e-08
29000.056 3.0512588648607834e-08
29050.056 3.2727498744123545e-08
29100.056 2.4950068000888756e-08
29150.056 4.1139025802848685e-08
29200.056 3.0463336399566485e-08
29250.056 4.553607785225301e-08
29300.056 2.476673012782168e-08
29350.056 6.25322021661162e-08
29400.056 3.279057253839456e-08
29450.056 3.728907289243882e-08
29500.056 4.3466538533034836e-08
29550.056 3.541488950247385e-08
29600.056 4.3257508823495217e-08
29650.056 4.477880553660743e-08
29700.056 2.888432817093406e-08
29750.056 4.410270231256954e-08
29800.056 4.4730497394222276e-08
29850.056 4.9312579111343005e-08
29900.056 4.330709231170981e-08
29950.056 4.2290592324383265e-08
30000.056 2.137603810428501e-08
30050.056 2.3281886819950872e-08
30100.056 2.0288886227689812e-08
30150.056 3.782427837660969e-08
30200.056 2.6697647319865672e-08
30250.056 4.7708257513850776e-08
30300.056 4.185210473955168e-08
30350.056 3.482810103210757e-08
30400.056 4.126321562956511e-08
30450.056 2.802558326117829e-08
30500.056 2.3656284671254097e-08
30550.056 2.5968409137155895e-08
30600.056 3.066607263169984e-08
30650.056 2.1999884741423567e-08
30700.056 2.2143863165372283e-08
30750.056 2.3538830885434637e-08
30800.056 1.7800806624142973e-08
30850.056 1.7923031025096886e-08
30900.056 1.411111022045933e-08
30950.056 1.5292704126123214e-08
31000.056 1.2236641993001644e-08
31050.056 1.1096342892069451e-08
31100.056 9.57960963823796e-09
31150.056 1.2254955357479133e-08
31200.056 1.1836028260502807e-08
31250.056 8.524525719041373e-09
31300.056 7.865620902437692e-09
31350.056 8.464773121353661e-09
31400.056 6.345396982167644e-09
31450.056 6.714292347638236e-09
31500.056 5.210776906163632e-09
31550.056 6.187220021969836e-09
31600.056 4.167996705879956e-09
31650.056 4.123798881721243e-09
31700.056 4.050825037419405e-09
31750.056 3.4627036096195587e-09
31800.056 4.224192444400283e-09
31850.056 3.2582138747341347e-09
31900.056 3.673535585919268e-09
31950.056 2.246408761814602e-09
32000.056 3.0579555057799914e-09
32050.056 3.566595175810048e-09
32100.056 3.462537147900852e-09
32150.056 3.4558784535295124e-09
32200.056 2.966736807620377e-09
32250.056 3.828939679570266e-09
32300.056 2.9933326368197038e-09
32350.056 3.913871163708854e-09
32400.056 2.7629286674687878e-09
32450.056 3.5199090655087876e-09
32500.056 3.152799925280729e-09
32550.056 2.9340392114499934e-09
32600.056 3.957570512970473e-09
32650.056 6.288591949418844e-09
32700.056 4.8159082736009274e-09
32750.056 6.081966926741765e-09
32800.056 5.6481949912307015e-09
32850.056 6.656581296379007e-09
32900.056 7.514460403627336e-09
32950.056 8.173528718940578e-09
33000.056 6.45496748765675e-09
33050.056 6.424129049805376e-09
33100.056 2.548661741538931e-09
33150.056 7.730366874999579e-10
33200.056 7.407065522099036e-10
33250.056 3.795676237399926e-10
33300.056 4.2984355554005175e-10
33350.056 8.503828596199292e-10
33400.056 1.3850383111991393e-09
33450.056 2.178489993639722e-09
33500.056 3.73707409911306e-09
33550.056 3.003338950571898e-09
33600.056 5.417964489148897e-09
33650.056 4.997741948558286e-09
33700.056 4.576517314629047e-09
33750.056 6.376663237362907e-09
33800.056 5.6684342891414175e-09
33850.056 6.120347368879336e-09
33900.056 5.069729264950745e-09
33950.056 5.153545745748876e-09
34000.056 6.925381667983876e-09
34050.056 3.188776661777098e-09
34100.056 6.698054544120432e-09
34150.056 5.610432374341484e-09
34200.056 5.338409805647088e-09
34250.056 5.298181876904958e-09
34300.056 5.217784148757599e-09
34350.056 4.191763887439561e-09
34400.056 3.7204388581087106e-09
34450.056 4.9911396198482655e-09
34500.056 4.937869939801184e-09
34550.056 4.096588848010875e-09
34600.056 6.553286934619503e-09
34650.056 4.4888488737304845e-09
34700.056 5.904529250249769e-09
34750.056 5.756025323857688e-09
34800.056 5.358338365207184e-09
34850.056 5.749103573912564e-09
34900.056 6.389170317957038e-09
34950.056 7.0948227364073874e-09
35000.056 1.0612997037434447e-08
35050.056 6.198543071908759e-09
35100.056 8.614926750192621e-09
35150.056 6.9714936968117194e-09
35200.056 8.799423226257973e-09
35250.056 1.1044985442715515e-08
35300.056 8.995499464140709e-09
35350.056 8.944718944286292e-09
35400.056 1.0273422723317228e-08
35450.056 6.814514018373662e-09
35500.056 1.4247122026888738e-08
35550.056 1.3159191427705932e-08
35600.056 1.022628237463746e-08
35650.056 1.233286560783569e-08
35700.056 1.1540651716925103e-08
35750.056 1.5591161407877716e-08
35800.056 2.068610733238928e-08
35850.056 1.1672983869907483e-08
35900.056 1.5178527732359613e-08
35950.056 1.363001006739099e-08
36000.056 1.3876866742153069e-08
36050.056 1.1785909207314139e-08
36100.056 1.3272329690490874e-08
36150.056 1.4080916636805302e-08
36200.056 1.467795830139383e-08
36250.056 1.4967446576682203e-08
36300.056 1.7339356592147222e-08
36350.056 1.602439086670407e-08
36400.056 1.5116987996095124e-08
36450.056 2.1099686150915387e-08
36500.056 2.2680318755859043e-08
36550.056 2.077827217390452e-08
36600.056 2.636237532789982e-08
36650.056 2.5919727756769423e-08
36700.056 2.9302220397891792e-08
36750.056 3.1414372418630065e-08
36800.056 2.972912395120145e-08
36850.056 2.7322648911864928e-08
36900.056 3.222813660699372e-08
36950.056 3.488614040098971e-08
37000.056 3.236299233779479e-08
37050.056 3.108341511589066e-08
37100.056 3.83813848496527e-08
37150.056 2.9216514890653516e-08
37200.056 3.5869638776189494e-08
37250.056 3.7842067800593725e-08
37300.056 3.1949991461303975e-08
37350.056 3.382745607310885e-08
37400.056 5.2822377131117086e-08
37450.056 3.8977201606135275e-08
37500.056 3.973786094306624e-08
37550.056 4.478820287104796e-08
37600.056 4.806592279840356e-08
37650.056 3.702168424789706e-08
37700.056 5.884767162590848e-08
37750.056 4.117083752549098e-08
37800.056 4.347816022095245e-08
37850.056 3.174029316590301e-08
37900.056 3.645725922900548e-08
37950.056 4.725562524196437e-08
38000.056 5.658659924630802e-08
38050.056 5.394335578221007e-08
38100.056 4.980064770640096e-08
38150.056 6.556708305979729e-08
38200.056 6.744593779542695e-08
38250.056 6.77761193928123e-08
38300.056 8.788021809898896e-08
38350.056 8.630643256200878e-08
38400.056 5.20563121422264e-08
38450.056 5.681845110808776e-08
38500.056 3.920789983409324e-08
38550.056 5.968315406311897e-08
38600.056 6.44649155727235e-08
38650.056 5.4565021907788075e-08
38700.056 5.8745779537198765e-08
38750.056 7.187195292161356e-08
38800.056 6.047089104931969e-08
38850.056 6.132362252400532e-08
38900.056 8.667132594881291e-08
38950.056 7.131784222638114e-08
39000.056 7.720812408290324e-08
39050.056 6.883234019599294e-08
39100.056 7.970579137781303e-08
39150.056 7.614664080440819e-08
39200.056 8.617269354270105e-08
39250.056 9.806432769896683e-08
39300.056 7.449213407695072e-08
39350.056 1.0927509609059374e-07
39400.056 8.961405625036012e-08
39450.056 9.670692476129533e-08
39500.056 9.527708431323687e-08
39550.056 1.0315447881145462e-07
39600.056 1.0342938517656243e-07
39650.056 1.0877352736448874e-07
39700.056 1.0907908195822823e-07
39750.056 9.303995781493341e-08
39800.056 1.0806793806295392e-07
39850.056 1.3055417862699788e-07
39900.056 1.312521833430233e-07
39950.056 1.1139599344004333e-07
40000.056 1.682620006574539e-07
40050.056 1.2880762724640114e-07
40100.056 1.123754188929346e-07
40150.056 1.4482183730435423e-07
40200.056 1.4538071703292166e-07
40250.056 1.4138585986841747e-07
40300.056 1.4162756256535707e-07
40350.056 1.5999263185937928e-07
40400.056 1.727236187449518e-07
40450.056 1.6070415872876346e-07
40500.056 1.7123328040697055e-07
40550.056 1.7201085261675554e-07
40600.056 1.7112187628102204e-07
40650.056 1.4551992309573993e-07
40700.056 2.0034803269299768e-07
40750.056 1.8315793613298942e-07
40800.056 1.4597970333620667e-07
40850.056 2.170520842170981e-07
40900.056 1.986055272114384e-07
40950.056 1.898855903052099e-07
41000.056 1.9930118226900625e-07
41050.056 2.3675977658295438e-07
41100.056 2.0123204800903972e-07
41150.056 1.6390834357426654e-07
41200.056 2.392855681869461e-07
41250.056 1.9880292593555636e-07
41300.056 1.863002743329449e-07
41350.056 2.744775705420791e-07
41400.056 2.397587168830827e-07
41450.056 2.6102883595706084e-07
41500.056 2.2186314608313256e-07
41550.056 2.180950282889577e-07
41600.056 2.65567538268855e-07
41650.056 2.7547479911100225e-07
41700.056 2.3764395670984628e-07
41750.056 2.5347104842098913e-07
41800.056 2.5524040678296437e-07
41850.056 2.1125625762832036e-07
41900.056 2.1375701601496888e-07
41950.056 1.8370378398704002e-07
42000.056 1.8522404665595338e-07
42050.056 1.8242898353601456e-07
42100.056 2.3702488101598313e-07
42150.056 1.9334519472596407e-07
42200.056 1.706887266032117e-07
42250.056 1.7168521989844146e-07
42300.056 1.722408554488161e-07
42350.056 2.149610607820444e-07
42400.056 1.898833598740792e-07
42450.056 1.8053955932401894e-07
42500.056 1.7533131943699154e-07
42550.056 1.7606380526897416e-07
42600.056 1.7287384840633928e-07
42650.056 1.8638418856394117e-07
42700.056 1.8850794535161994e-07
42750.056 1.716352000619776e-07
42800.056 1.7954136838405828e-07
42850.056 2.030561842899224e-07
42900.056 2.033357169450613e-07
42950.056 1.931504732089272e-07
43000.056 2.0227049095260502e-07
43050.056 1.5828981404828555e-07
43100.056 1.9137231847097125e-07
43150.056 1.802523906401383e-07
43200.056 2.1685832672600918e-07
43250.056 2.2782558893299462e-07
43300.056 2.2738586486999017e-07
43350.056 1.8955886126098693e-07
43400.056 2.0473010907097475e-07
43450.056 1.9230292915323472e-07
43500.056 1.7326082983038173e-07
43550.056 1.847804950059502e-07
43600.056 2.370057398740195e-07
43650.056 2.0320339010950506e-07
43700.056 2.1060780673801114e-07
43750.056 2.2248802064607112e-07
43800.056 2.0159796579825656e-07
43850.056 2.0168435205103278e-07
43900.056 2.1020502195197712e-07
43950.056 1.7114817096602916e-07
44000.056 1.748856695304033e-07
44050.056 2.4095260716202997e-07
44100.056 2.5808148433801536e-07
44150.056 2.31384597260513e-07
44200.056 2.3450874013498506e-07
44250.056 2.048256008168075e-07
44300.056 1.8913557803204e-07
44350.056 1.9413132823334313e-07
44400.056 2.170580182429123e-07
44450.056 2.3576487204496427e-07
44500.056 2.5295318699706055e-07
44550.056 2.710659705799527e-07
44600.056 2.245814157894391e-07
44650.056 2.5330089568326965e-07
44700.056 2.0137099138901516e-07
44750.056 2.5193295117901334e-07
44800.056 2.3057953120001594e-07
44850.056 2.3828361678104966e-07
44900.056 2.2550963794101254e-07
44950.056 2.450984130710117e-07
45000.056 2.625492354219666e-07
45050.056 2.551754929690166e-07
45100.056 2.507708804949929e-07
45150.056 2.550976835782644e-07
45200.056 2.2547550680702484e-07
45250.056 2.375950008519146e-07
45300.056 2.1765750902105485e-07
45350.056 2.2856248443299974e-07
45400.056 2.907274695530253e-07
45450.056 2.50711147140967e-07
45500.056 2.62529092424403e-07
45550.056 2.895636929859269e-07
45600.056 2.871569182500182e-07
45650.056 2.2755194697896448e-07
45700.056 2.410967101400363e-07
45750.056 2.188732572179818e-07
45800.056 2.825982064719955e-07
45850.056 3.014126050539952e-07
45900.056 3.091994129100035e-07
45950.056 2.65225062497992e-07
46000.056 2.9735718411599313e-07
46050.056 2.6877547807402513e-07
46100.056 2.848380641500015e-07
46150.056 2.588699849029912e-07
46200.056 2.518932560040205e-07
46250.056 1.9848593551326446e-07
46300.056 2.85636968006797e-07
46350.056 2.5601455726201497e-07
46400.056 2.4826251719401295e-07
46450.056 2.451736940570438e-07
46500.056 2.516674617230417e-07
46550.056 2.4169161145817014e-07
46600.056 2.6079362136539953e-07
46650.056 3.3700540463494974e-07
46700.056 2.819348889410513e-07
46750.056 2.094966193783777e-07
46800.056 1.8926389674102051e-07
46850.056 3.3408073880208066e-07
46900.056 2.987989026479613e-07
46950.056 3.075770020320187e-07
47000.056 2.7346803976001456e-07
47050.056 2.8045203563689087e-07
47100.056 2.0853093078484012e-07
47150.056 2.372871411950126e-07
47200.056 2.7384614607802643e-07
47250.056 2.3127182172599503e-07
47300.056 1.921167634549895e-07
47350.056 2.816140898959541e-07
47400.056 2.9257812837795746e-07
47450.056 2.787460987022102e-07
47500.056 3.1503237835793974e-07
47550.056 2.7511257430299454e-07
47600.056 2.730538390799846e-07
47650.056 2.2641827341694847e-07
47700.056 2.7548718727806975e-07
47750.056 1.9264229593081427e-07
47800.056 2.3893570522700804e-07
47850.056 1.7870480151399622e-07
47900.056 2.2678847270996298e-07
47950.056 2.208239969620431e-07
48000.056 3.2159671543005876e-07
48050.056 2.8699035684201547e-07
48100.056 2.176399223982143e-07
48150.056 2.5678507535002645e-07
48200.056 2.4693249034101275e-07
48250.056 2.3475187205599938e-07
48300.056 2.8542703519987487e-07
48350.056 1.995626555260211e-07
48400.056 1.6218171183687887e-07
48450.056 2.3317085108208922e-07
48500.056 3.001287100959628e-07
48550.056 2.2498438871679377e-07
48600.056 2.6037004033900316e-07
48650.056 2.4884734298996637e-07
48700.056 2.4074576292198077e-07
48750.056 1.8246076477009845e-07
48800.056 3.280215095899871e-07
48850.056 2.0355058369547603e-07
48900.056 2.853256162650091e-07
48950.056 2.396028559640502e-07
49000.056 1.4972653675735734e-07
49050.056 2.457756325810014e-07
49100.056 2.6472798339005825e-07
49150.056 2.3668794965303922e-07
49200.056 2.93944018565027e-07
49250.056 2.7964827967304253e-07
49300.056 2.4489055022800364e-07
49350.056 1.7525218825473617e-07
49400.056 2.2138712549598538e-07
49450.056 2.2490466648107847e-07
49500.056 1.944093351459704e-07
49550.056 1.1875476837501877e-07
49600.056 1.8638219694265492e-07
49650.056 2.255611644289948e-07
49700.056 2.009249423189246e-07
49750.056 2.3375631363693473e-07
49800.056 2.0515832334802802e-07
49850.056 2.922247278210863e-07
49900.056 2.308705190473792e-07
49950.056 2.348393235929933e-07
50000.056 2.1427175739497188e-07
50050.056 2.516958853900114e-07
50100.056 2.1167710732400597e-07
50150.056 1.512657233359734e-07
50200.056 7.627339608780716e-08
50250.056 2.0704128768896672e-07
50300.056 1.5951471117302228e-07
50350.056 2.639238060290291e-07
50400.056 2.287811081239865e-07
50450.056 1.890042707482415e-07
50500.056 2.1863473528704093e-07
50550.056 2.0569480041701195e-07
50600.056 1.96838673090953e-07
50650.056 2.4700211344508036e-07
50700.056 2.5900928859288484e-07
50750.056 2.2240553712724526e-07
50800.056 1.335222252197986e-07
50850.056 1.2660554773905034e-07
50900.056 2.4947200077401635e-07
50950.056 1.9214507169504138e-07
51000.056 2.1624233113701676e-07
51050.056 1.9801814475600863e-07
51100.056 1.2675268438919024e-07
51150.056 1.7401192557776745e-07
51200.056 2.6179411505498987e-07
51250.056 1.9320207274532847e-07
51300.056 1.6746265356010428e-07
51350.056 1.6382140592899485e-07
51400.056 9.973350891999336e-08
51450.056 8.567163179907144e-08
51500.056 9.83392461841428e-08
51550.056 2.2303038655341385e-07
51600.056 1.6046796310104045e-07
51650.056 1.6256069817695562e-07
51700.056 1.6670964757926096e-07
51750.056 1.233267616345366e-07
51800.056 1.8081369743495659e-07
51850.056 1.7331729418200848e-07
51900.056 2.3400895160006254e-07
51950.056 1.877976456169876e-07
52000.056 7.146332115598642e-08
52050.056 1.448560375409351e-07
52100.056 1.0293412468797873e-07
52150.056 9.517881710180861e-08
52200.056 1.0273690134920355e-07
52250.056 1.3168054398503111e-07
52300.056 1.8922257922599375e-07
52350.056 1.3832613715421064e-07
52400.056 9.767160660849951e-08
52450.056 1.796992183350036e-07
52500.056 1.6438529170994204e-07
52550.056 1.801815661729401e-07
52600.056 1.5182278714903496e-07
52650.056 1.6136438606133007e-07
52700.056 1.4606678853499454e-07
52750.056 9.422432370379683e-08
52800.056 1.2263511581602662e-07
52850.056 1.2788941325495136e-07
52900.056 1.1199558299721295e-07
52950.056 1.241008506699959e-07
53000.056 1.6717496656501052e-07
53050.056 8.819722014346808e-08
53100.056 1.21655397299936e-07
53150.056 1.7623547420402405e-07
53200.056 9.369173480199969e-08
53250.056 1.6642654448000388e-07
53300.056 1.7639307228039706e-07
53350.056 1.709077689319932e-07
53400.056 1.589530136930128e-07
53450.056 8.16786260659896e-08
53500.056 4.8360598026684704e-08
