galfind/configs/Brown_Dwarf_templates/sonora_bobcat/m+0.5/17g/sp_t450g17nc_m+0.5_resample.dat
# %ECSV 1.0
# ---
# datatype:
# - {name: wav, unit: Angstrom, datatype: float64}
# - {name: flux_nu, unit: erg / (cm2 Hz s), datatype: float64}
# meta: {C/O: '1.00', Kzz: '1.0000E+05', Teff: '450.', Y: '0.28', '[Fe/H]': '0.50', f_hole: '1.00', f_rain: '0.00', grav: '18.'}
# schema: astropy-2.0
wav flux_nu
[from data line 498]
28900.056 2.6296232237562776e-10
28950.056 4.631568728204992e-10
29000.056 2.906961619963054e-10
29050.056 4.473461574035582e-10
29100.056 2.5684823595884853e-10
29150.056 2.98183041962071e-10
29200.056 4.765483172189901e-10
29250.056 7.957628401938632e-10
29300.056 2.926829187948641e-10
29350.056 9.116729191507645e-10
29400.056 4.4481100223556856e-10
29450.056 3.675819770989849e-10
29500.056 7.205550513976363e-10
29550.056 3.5806607347464847e-10
29600.056 5.329222281537478e-10
29650.056 1.0219116254899146e-09
29700.056 3.1999376904849723e-10
29750.056 7.846771844260654e-10
29800.056 7.038632061460226e-10
29850.056 8.388966620366234e-10
29900.056 5.7177222580298e-10
29950.056 6.897980181009141e-10
30000.056 1.6430891680616266e-11
30050.056 7.448372639015151e-11
30100.056 2.644562707869031e-10
30150.056 5.640417421206896e-10
30200.056 4.2738869953778927e-10
30250.056 9.987942321800226e-10
30300.056 1.4794636868304615e-09
30350.056 5.398047199308608e-10
30400.056 1.2692434732636912e-09
30450.056 7.728094223420583e-10
30500.056 7.749868550580152e-10
30550.056 6.789848502137686e-10
30600.056 1.4639523631957875e-09
30650.056 1.00193185186793e-09
30700.056 6.707991414652779e-10
30750.056 1.262233912059835e-09
30800.056 7.513514084914643e-10
30850.056 9.318958168116522e-10
30900.056 4.3749948280561145e-10
30950.056 6.133165860014278e-10
31000.056 6.275200593602882e-10
31050.056 4.964859156162842e-10
31100.056 2.9754225710368046e-10
31150.056 5.246949851708836e-10
31200.056 8.426765508960117e-10
31250.056 6.525562929027784e-10
31300.056 3.9198860189219894e-10
31350.056 6.836708031108013e-10
31400.056 4.879097773063655e-10
31450.056 4.718127977006865e-10
31500.056 2.5675076085328337e-10
31550.056 3.412937456638654e-10
31600.056 2.0322168519502792e-10
31650.056 2.5119859383342534e-10
31700.056 2.502873131095735e-10
31750.056 1.1628036578518697e-10
31800.056 2.3186222781798654e-10
31850.056 6.090105390157146e-11
31900.056 1.2229446806344557e-10
31950.056 8.002989785139527e-11
32000.056 6.813701493756421e-11
32050.056 1.109029730278553e-10
32100.056 9.646015531782621e-11
32150.056 1.1276794477160292e-10
32200.056 5.782607527982143e-11
32250.056 1.4520343117443016e-10
32300.056 5.932680688455096e-11
32350.056 1.2674477587481434e-10
32400.056 3.928347545463284e-11
32450.056 9.775605985817043e-11
32500.056 4.387265252152185e-11
32550.056 7.409946770683579e-11
32600.056 5.7671782835003706e-11
32650.056 2.3983907237040326e-10
32700.056 7.809633882340732e-11
32750.056 3.563791754216172e-10
32800.056 2.08203873763664e-10
32850.056 4.991034349545579e-10
32900.056 4.346453551138675e-10
32950.056 5.319886583120244e-10
33000.056 2.4806117603889913e-10
33050.056 3.6576632094450793e-10
33100.056 7.892904429876714e-11
33150.056 7.022196805909419e-14
33200.056 1.9916538034570766e-12
33250.056 1.47944921249279e-12
33300.056 8.62562815426372e-12
33350.056 2.783936391920949e-11
33400.056 1.086014645543047e-10
33450.056 1.0987558994730927e-10
33500.056 3.644279307469884e-10
33550.056 9.160005877481891e-11
33600.056 2.769959941763577e-10
33650.056 2.4259774603367395e-10
33700.056 1.339823536288996e-10
33750.056 3.660679863354442e-10
33800.056 7.137166381673214e-11
33850.056 2.1636587926491147e-10
33900.056 2.1361311481756094e-10
33950.056 1.7717537913660674e-10
34000.056 3.6545930742782416e-10
34050.056 6.984190112114563e-11
34100.056 3.289737608310582e-10
34150.056 1.8298587155621636e-10
34200.056 3.353468420995175e-10
34250.056 2.2887814730712506e-10
34300.056 2.437068354205129e-10
34350.056 2.8120408479070937e-10
34400.056 1.3403909034687004e-10
34450.056 3.1704316566589043e-10
34500.056 2.114364755725368e-10
34550.056 1.304111400222712e-10
34600.056 4.6033594187530695e-10
34650.056 1.4150639862318338e-10
34700.056 4.150509158127291e-10
34750.056 2.5965348296200517e-10
34800.056 2.774108014931767e-10
34850.056 4.652275429678466e-10
34900.056 2.426041024835713e-10
34950.056 5.202378169485952e-10
35000.056 1.0341446493009316e-09
35050.056 4.461100477265987e-10
35100.056 9.479709290147762e-10
35150.056 6.036890063026627e-10
35200.056 8.251887267614501e-10
35250.056 1.1051388221589175e-09
35300.056 6.431729498543394e-10
35350.056 6.894968121731135e-10
35400.056 6.333297561818646e-10
35450.056 5.172582877603163e-10
35500.056 1.75100264752633e-09
35550.056 1.2257877330282886e-09
35600.056 1.0575608495935961e-09
35650.056 9.9679942375398e-10
35700.056 1.2039977109377704e-09
35750.056 1.6760664048298827e-09
35800.056 1.99437429092614e-09
35850.056 7.760118832090912e-10
35900.056 1.0072509156873656e-09
35950.056 1.04771017121191e-09
36000.056 1.2750521345633144e-09
36050.056 8.921764994643624e-10
36100.056 8.727377286951851e-10
36150.056 1.4495104889192145e-09
36200.056 1.5485370369798922e-09
36250.056 1.2748446882806117e-09
36300.056 2.2479893809627476e-09
36350.056 1.4708963396128135e-09
36400.056 1.9801504069315206e-09
36450.056 2.534478919164428e-09
36500.056 2.855553841606721e-09
36550.056 2.9410032431690336e-09
36600.056 3.520769251675454e-09
36650.056 2.8435964380118774e-09
36700.056 3.383650517761226e-09
36750.056 3.9506219199190075e-09
36800.056 3.884269433676e-09
36850.056 2.622837634228346e-09
36900.056 4.277080694198788e-09
36950.056 4.1857607206930745e-09
37000.056 3.4282164032580697e-09
37050.056 4.098487980759049e-09
37100.056 4.4108975373464356e-09
37150.056 2.979486858720809e-09
37200.056 5.023377544762215e-09
37250.056 4.003713921875102e-09
37300.056 3.221478228955899e-09
37350.056 4.842794911853796e-09
37400.056 6.923286005549811e-09
37450.056 3.6199219668950886e-09
37500.056 4.327101710063745e-09
37550.056 6.189687552126727e-09
37600.056 7.4456167212617e-09
37650.056 3.5436848838743967e-09
37700.056 7.474184269772086e-09
37750.056 4.38149700612804e-09
37800.056 4.674881072494291e-09
37850.056 2.4982967586793677e-09
37900.056 3.767676967473757e-09
37950.056 6.343793243625597e-09
38000.056 6.8433851288034836e-09
38050.056 7.425241168185245e-09
38100.056 8.14665261416436e-09
38150.056 9.70342707831937e-09
38200.056 9.33702478573155e-09
38250.056 9.246300742355382e-09
38300.056 1.3999818273515402e-08
38350.056 1.3458801313205382e-08
38400.056 5.9466058167111464e-09
38450.056 4.463873098894676e-09
38500.056 2.726243301053731e-09
38550.056 6.7738674894555945e-09
38600.056 6.5803330472873285e-09
38650.056 6.444371759408435e-09
38700.056 5.016462988532029e-09
38750.056 6.9644272403548855e-09
38800.056 6.577397235606035e-09
38850.056 7.2499797586796555e-09
38900.056 9.640281601803538e-09
38950.056 6.926708350294041e-09
39000.056 1.055104205570439e-08
39050.056 6.78952162997058e-09
39100.056 9.841079866673604e-09
39150.056 1.0426198670950854e-08
39200.056 9.690566007640341e-09
39250.056 1.3647838259964863e-08
39300.056 8.423255548812751e-09
39350.056 1.6705987138050128e-08
39400.056 9.21305251163159e-09
39450.056 1.3325598660502873e-08
39500.056 1.4349024138878315e-08
39550.056 1.039237959932834e-08
39600.056 1.3883655484979914e-08
39650.056 1.4771511728285614e-08
39700.056 1.5091707601950154e-08
39750.056 1.030849137574142e-08
39800.056 1.1130247680419519e-08
39850.056 1.930900104995133e-08
39900.056 2.0507242366102407e-08
39950.056 1.1886293353815119e-08
40000.056 2.1629809053578253e-08
40050.056 1.8124414785157558e-08
40100.056 1.0180676825267719e-08
40150.056 1.9365807254037828e-08
40200.056 2.0811003385648246e-08
40250.056 2.252221631748065e-08
40300.056 2.0934549581289456e-08
40350.056 1.790763842875079e-08
40400.056 2.3358999857455314e-08
40450.056 1.5602146766685026e-08
40500.056 2.616278636824386e-08
40550.056 2.647557244547227e-08
40600.056 2.228204003760411e-08
40650.056 1.6172826658157725e-08
40700.056 2.9941621913034674e-08
40750.056 2.2503432117367163e-08
40800.056 1.671475019114753e-08
40850.056 3.598628326626988e-08
40900.056 3.0361034687964746e-08
40950.056 2.830381293169171e-08
41000.056 2.668349152147883e-08
41050.056 3.914938398366106e-08
41100.056 3.208905286416424e-08
41150.056 1.7371937662354107e-08
41200.056 4.135512370686195e-08
41250.056 2.730499789594794e-08
41300.056 2.9204468168676382e-08
41350.056 4.2584495857199965e-08
41400.056 3.6522013849686545e-08
41450.056 4.622076502668136e-08
41500.056 3.491472370795565e-08
41550.056 3.23792871075931e-08
41600.056 3.310414810470236e-08
41650.056 4.317739743910398e-08
41700.056 4.3839626687752055e-08
41750.056 4.12611041216907e-08
41800.056 4.851673935351049e-08
41850.056 3.904021581002108e-08
41900.056 3.8310922604881765e-08
41950.056 3.533932923570961e-08
42000.056 2.983579178864013e-08
42050.056 3.308401515585661e-08
42100.056 3.888705781193194e-08
42150.056 3.827479877273938e-08
42200.056 3.8248942160146946e-08
42250.056 3.218778039020103e-08
42300.056 3.574611570716382e-08
42350.056 4.8989439082606267e-08
42400.056 5.1642445913529077e-08
42450.056 4.9891291163629034e-08
42500.056 4.211944663268757e-08
42550.056 3.976502034288298e-08
42600.056 4.2783869694166955e-08
42650.056 6.655834061046315e-08
42700.056 4.377262428514327e-08
42750.056 5.04840832809985e-08
42800.056 6.723621803921705e-08
42850.056 6.606786449798204e-08
42900.056 7.054563657923015e-08
42950.056 6.084953902098782e-08
43000.056 6.4044317520831e-08
43050.056 4.1354503858326854e-08
43100.056 5.4375528940178035e-08
43150.056 4.875683026525878e-08
43200.056 7.527545543459793e-08
43250.056 8.967717863209906e-08
43300.056 8.485706175998585e-08
43350.056 5.485865752518923e-08
43400.056 6.878748830771668e-08
43450.056 5.202667796694591e-08
43500.056 4.619350063299692e-08
43550.056 5.0655811592823156e-08
43600.056 8.458302481941164e-08
43650.056 6.207350755500542e-08
43700.056 8.639166492532466e-08
43750.056 7.855718626229784e-08
43800.056 7.55612728954544e-08
43850.056 6.189526632899652e-08
43900.056 6.262237233718799e-08
43950.056 3.853295270940128e-08
44000.056 3.982179307809125e-08
44050.056 9.075547443000585e-08
44100.056 1.1562404416099463e-07
44150.056 9.990310094027583e-08
44200.056 8.61273610149948e-08
44250.056 5.435274620070711e-08
44300.056 4.5028142223807344e-08
44350.056 5.4422632699366794e-08
44400.056 5.060189372760421e-08
44450.056 7.904148461327182e-08
44500.056 7.736447761561815e-08
44550.056 1.1368115838218333e-07
44600.056 9.065203216537183e-08
44650.056 7.98433642316193e-08
44700.056 5.4985187639604666e-08
44750.056 8.706099115302719e-08
44800.056 5.991027685463023e-08
44850.056 7.654929563703304e-08
44900.056 7.095997471730284e-08
44950.056 8.922883904520527e-08
45000.056 9.540345040200151e-08
45050.056 8.711884324199158e-08
45100.056 7.751865169459457e-08
45150.056 7.826895668097188e-08
45200.056 6.26878498396992e-08
45250.056 7.015071780446771e-08
45300.056 5.932790028251871e-08
45350.056 5.748007912802388e-08
45400.056 1.3021586451301375e-07
45450.056 9.882632696800863e-08
45500.056 1.1954361658531336e-07
45550.056 1.2371834976894153e-07
45600.056 1.1490050784803339e-07
45650.056 9.088111287170041e-08
45700.056 6.293024382010129e-08
45750.056 6.253202446700059e-08
45800.056 1.3606837991198528e-07
45850.056 1.1247186089399333e-07
45900.056 1.3392870957018254e-07
45950.056 1.1514030908599458e-07
46000.056 1.2641309399490563e-07
46050.056 9.749047192631843e-08
46100.056 1.4276385448497368e-07
46150.056 9.224324835601462e-08
46200.056 7.928631473479037e-08
46250.056 3.7517976246591234e-08
46300.056 9.47004038404025e-08
46350.056 9.776033234721815e-08
46400.056 8.21144984010014e-08
46450.056 7.691022558271947e-08
46500.056 9.66987531798275e-08
46550.056 5.3246829895402197e-08
46600.056 7.934136228289208e-08
46650.056 1.1772368442400124e-07
46700.056 7.714433804497762e-08
46750.056 4.753383932224503e-08
46800.056 3.126325085020781e-08
46850.056 1.2319986408502948e-07
46900.056 1.0594471272699615e-07
46950.056 1.0610729167999437e-07
47000.056 1.0844919122902727e-07
47050.056 7.912348219390624e-08
47100.056 5.642266501729917e-08
47150.056 7.994402605020825e-08
47200.056 9.360632106999515e-08
47250.056 6.362817010459827e-08
47300.056 4.1819173109144646e-08
47350.056 1.2014758509398818e-07
47400.056 9.59423065739956e-08
47450.056 9.354276164415052e-08
47500.056 1.2031050537673336e-07
47550.056 1.0252500905701788e-07
47600.056 9.863557497150317e-08
47650.056 9.742475601010058e-08
47700.056 8.017751393788677e-08
47750.056 6.066850725990463e-08
47800.056 5.373846019880657e-08
47850.056 3.015315414839732e-08
47900.056 4.529844886798986e-08
47950.056 8.388989921481631e-08
48000.056 1.225243193000248e-07
48050.056 1.0739900992861178e-07
48100.056 4.7956492606207624e-08
48150.056 8.674665055800255e-08
48200.056 5.938363498166083e-08
48250.056 6.77532709210001e-08
48300.056 1.0732143350797576e-07
48350.056 6.456130312920391e-08
48400.056 2.344267526410694e-08
48450.056 4.776409267681683e-08
48500.056 7.288015309898189e-08
48550.056 7.158229377996685e-08
48600.056 8.627321273899794e-08
48650.056 9.993876518797604e-08
48700.056 7.153276500478505e-08
48750.056 5.135099256063208e-08
48800.056 1.0350855551179355e-07
48850.056 5.591620726049099e-08
48900.056 8.208254165459237e-08
48950.056 4.631679398620531e-08
49000.056 2.2765455580363777e-08
49050.056 6.470936225869338e-08
49100.056 8.643802068061909e-08
49150.056 6.268531187181693e-08
49200.056 1.0608984626402556e-07
49250.056 9.976994285901574e-08
49300.056 8.588953324500118e-08
49350.056 3.543777349757702e-08
49400.056 5.0588470243985584e-08
49450.056 5.3525161473498604e-08
49500.056 4.018573187302704e-08
49550.056 1.1247411624131363e-08
49600.056 2.8678319747239304e-08
49650.056 5.9250397863499865e-08
49700.056 5.925598482177331e-08
49750.056 6.197517607829474e-08
49800.056 4.2779567997928896e-08
49850.056 8.596578256442831e-08
49900.056 6.53859479599442e-08
49950.056 6.844841089240793e-08
50000.056 5.409030830016073e-08
50050.056 6.467112091100388e-08
50100.056 5.096959183250016e-08
50150.056 2.7353810736993412e-08
50200.056 5.872031255916083e-09
50250.056 3.308687419399554e-08
50300.056 2.1145348445973802e-08
50350.056 6.282798429590815e-08
50400.056 5.790821248185078e-08
50450.056 4.6546884086685434e-08
50500.056 6.473209138730853e-08
50550.056 5.685391079870922e-08
50600.056 4.255471877218681e-08
50650.056 7.099487609001433e-08
50700.056 7.045186838296771e-08
50750.056 4.685801815020611e-08
50800.056 1.8705441894928163e-08
50850.056 1.157227734771615e-08
50900.056 5.4309565528599816e-08
50950.056 4.226435460770215e-08
51000.056 3.9039862527397435e-08
51050.056 5.2222712960795624e-08
51100.056 2.213465228250083e-08
51150.056 2.773816458008742e-08
51200.056 6.86703044159976e-08
51250.056 4.324679721652982e-08
51300.056 3.483478552051929e-08
51350.056 3.2306803311571825e-08
51400.056 1.217259723373931e-08
51450.056 9.591634405378689e-09
51500.056 9.942019703750953e-09
51550.056 3.707486534990341e-08
51600.056 2.7146443480909364e-08
51650.056 3.287704899828952e-08
51700.056 3.482662585755802e-08
51750.056 2.401745959295724e-08
51800.056 3.965265284899688e-08
51850.056 3.389578060369542e-08
51900.056 4.453372080439459e-08
51950.056 2.7549825433295624e-08
52000.056 3.767488719904486e-09
52050.056 1.661169592965246e-08
52100.056 1.034155187609927e-08
52150.056 6.290110524041706e-09
52200.056 1.484854452513986e-08
52250.056 2.1267131322510468e-08
52300.056 2.997372544551745e-08
52350.056 1.2866274420348912e-08
52400.056 1.1824638818721419e-08
52450.056 3.841425221600412e-08
52500.056 2.8349550881284023e-08
52550.056 3.201934071329654e-08
52600.056 2.4389850598198458e-08
52650.056 2.958747836120276e-08
52700.056 2.2616401197699737e-08
52750.056 9.936637999775982e-09
52800.056 1.704840490584235e-08
52850.056 1.8649205154265544e-08
52900.056 9.49891900753509e-09
52950.056 1.4430030063725035e-08
53000.056 2.291957907590784e-08
53050.056 9.139073024437418e-09
53100.056 2.3612939811290977e-08
53150.056 2.6258871536996547e-08
53200.056 1.33215490674364e-08
53250.056 2.6567998104955534e-08
53300.056 3.2408977599783314e-08
53350.056 2.4565994590984795e-08
53400.056 1.614384575839369e-08
53450.056 6.501673170117949e-09
53500.056 1.265129094354636e-09
53550.056 3.6656711480238764e-09
53600.056 1.5116551645529558e-08
