galfind/configs/Brown_Dwarf_templates/sonora_bobcat/m0.0/178g/sp_t2200g178nc_m0.0_resample.dat
# %ECSV 1.0
# ---
# datatype:
# - {name: wav, unit: Angstrom, datatype: float64}
# - {name: flux_nu, unit: erg / (cm2 Hz s), datatype: float64}
# meta: {C/O: '1.00', Kzz: '1.0000E+05', Teff: '2200.', Y: '0.28', '[Fe/H]': '0.00', f_hole: '1.00', f_rain: '0.00', grav: '178.'}
# schema: astropy-2.0
wav flux_nu
[from data line 500]
29000.056 2.403246499779271e-06
29050.056 2.499842252079894e-06
29100.056 2.1095002318201943e-06
29150.056 2.6347743083502157e-06
29200.056 2.3766760354203427e-06
29250.056 2.5864514125000176e-06
29300.056 2.2547665474789373e-06
29350.056 2.883217160509631e-06
29400.056 2.438246088879849e-06
29450.056 2.415564047869901e-06
29500.056 2.5673780048397464e-06
29550.056 2.4755268971802515e-06
29600.056 2.631902346399915e-06
29650.056 2.5524654804899093e-06
29700.056 2.3125731359598414e-06
29750.056 2.8228591781310064e-06
29800.056 2.7753658801398405e-06
29850.056 2.652504753379705e-06
29900.056 2.4137784639706307e-06
29950.056 2.8686529694395094e-06
30000.056 2.810752448229213e-06
30050.056 2.645449633599972e-06
30100.056 2.2088434491194375e-06
30150.056 3.223221504899804e-06
30200.056 2.903972241100217e-06
30250.056 2.7721617122106113e-06
30300.056 2.7692356773497723e-06
30350.056 2.7235558253205116e-06
30400.056 3.1835626887704744e-06
30450.056 2.5656585639603e-06
30500.056 2.494978883820351e-06
30550.056 3.2614157068405843e-06
30600.056 3.090320564410331e-06
30650.056 3.0995053562801626e-06
30700.056 2.8779119273199224e-06
30750.056 2.8067089410100868e-06
30800.056 3.337777808760835e-06
30850.056 2.914674042379984e-06
30900.056 2.910633654079792e-06
30950.056 2.834957422330301e-06
31000.056 3.2598383669999327e-06
31050.056 2.854415520120058e-06
31100.056 3.08192185210994e-06
31150.056 3.1652245907796407e-06
31200.056 3.1805466976896726e-06
31250.056 3.479802911350647e-06
31300.056 3.088457024199801e-06
31350.056 3.0885206015999965e-06
31400.056 3.1921365953005465e-06
31450.056 3.211893143360144e-06
31500.056 3.2903184271904495e-06
31550.056 3.033737126499943e-06
31600.056 3.2051168736098334e-06
31650.056 3.3558039484999036e-06
31700.056 3.364503887299902e-06
31750.056 3.0311505528601205e-06
31800.056 3.4180691117002546e-06
31850.056 3.710893736800015e-06
31900.056 3.6069323605997076e-06
31950.056 3.0019962744997503e-06
32000.056 3.194048436300711e-06
32050.056 3.6258557422003716e-06
32100.056 3.667212556309613e-06
32150.056 3.630308811440037e-06
32200.056 3.510786814799973e-06
32250.056 3.3339902365001652e-06
32300.056 3.601545194570106e-06
32350.056 3.8327685994005366e-06
32400.056 3.4867863241599403e-06
32450.056 3.3827377242003083e-06
32500.056 3.692807422800222e-06
32550.056 4.019935393000118e-06
32600.056 3.9256241849597584e-06
32650.056 3.8110694398009963e-06
32700.056 3.664518641200155e-06
32750.056 3.800294671200041e-06
32800.056 3.5067333257203226e-06
32850.056 4.093431934299709e-06
32900.056 3.954401190060063e-06
32950.056 3.4763369409998447e-06
33000.056 3.769509415720263e-06
33050.056 3.845361519879533e-06
33100.056 3.930971607719016e-06
33150.056 3.90860034510016e-06
33200.056 3.665090527670683e-06
33250.056 3.962017948540254e-06
33300.056 4.265213547000295e-06
33350.056 3.981576476700177e-06
33400.056 3.6661775439795975e-06
33450.056 3.981287857098957e-06
33500.056 4.0302445354002665e-06
33550.056 3.914012777199475e-06
33600.056 3.998360356800673e-06
33650.056 4.106863391400825e-06
33700.056 4.244900398959472e-06
33750.056 4.196793748800171e-06
33800.056 4.079019246600073e-06
33850.056 3.990842612500153e-06
33900.056 4.470736850899475e-06
33950.056 4.004576045399538e-06
34000.056 4.050205046299189e-06
34050.056 4.153999540700065e-06
34100.056 4.341834172300525e-06
34150.056 4.252723688399471e-06
34200.056 4.0670146482994625e-06
34250.056 4.4961441468994294e-06
34300.056 4.2164049905995906e-06
34350.056 4.3282611455995914e-06
34400.056 4.11305621289956e-06
34450.056 4.037142155600116e-06
34500.056 4.280032316000833e-06
34550.056 4.134547782899758e-06
34600.056 4.2623243625999525e-06
34650.056 4.3206937506999825e-06
34700.056 4.186838489199329e-06
34750.056 4.462021379900272e-06
34800.056 4.530931301699607e-06
34850.056 4.14060914320002e-06
34900.056 4.4082194042002785e-06
34950.056 4.304450196799208e-06
35000.056 4.183510767299491e-06
35050.056 4.67115580170064e-06
35100.056 4.444205093599245e-06
35150.056 4.434983327859686e-06
35200.056 4.480542854799746e-06
35250.056 4.086518340100372e-06
35300.056 4.456754089900412e-06
35350.056 4.629615211099713e-06
35400.056 4.367840494399705e-06
35450.056 4.295629876200303e-06
35500.056 4.581141273399968e-06
35550.056 4.419361264299858e-06
35600.056 4.290210018799279e-06
35650.056 4.7126088917005316e-06
35700.056 4.323203893900348e-06
35750.056 4.413699813299677e-06
35800.056 4.57751602439967e-06
35850.056 4.613040106699824e-06
35900.056 4.782209946799541e-06
35950.056 4.604591954999652e-06
36000.056 4.260694597199524e-06
36050.056 4.765857481100288e-06
36100.056 4.915494894299817e-06
36150.056 4.409604758700441e-06
36200.056 4.769224445599543e-06
36250.056 4.469958394999317e-06
36300.056 5.037484517700711e-06
36350.056 4.79514169039933e-06
36400.056 4.682418335599911e-06
36450.056 5.014238733899655e-06
36500.056 4.67151305250031e-06
36550.056 4.590332737600578e-06
36600.056 4.621101862300397e-06
36650.056 4.789359233800478e-06
36700.056 5.046710185100116e-06
36750.056 4.627602891400501e-06
36800.056 4.7871236377996435e-06
36850.056 4.8820044002000996e-06
36900.056 4.895846852700657e-06
36950.056 4.887275820200055e-06
37000.056 4.956746533500077e-06
37050.056 5.068884352899867e-06
37100.056 4.872950948000419e-06
37150.056 4.856969713899125e-06
37200.056 5.033458656700072e-06
37250.056 5.056594503100252e-06
37300.056 5.0819904435008616e-06
37350.056 4.800016682000546e-06
37400.056 5.042138312799752e-06
37450.056 4.982458063100322e-06
37500.056 5.150691328599717e-06
37550.056 4.999953443799212e-06
37600.056 5.235979223699434e-06
37650.056 4.865668338899607e-06
37700.056 4.9920169371001385e-06
37750.056 5.21365463529932e-06
37800.056 5.295614499999882e-06
37850.056 5.120739541499791e-06
37900.056 5.201947348200376e-06
37950.056 5.243895119600234e-06
38000.056 5.160896138300599e-06
38050.056 5.1705263475003795e-06
38100.056 5.010305254100223e-06
38150.056 5.324046381999404e-06
38200.056 5.401773760999407e-06
38250.056 5.069524045100589e-06
38300.056 5.010333469799935e-06
38350.056 5.193365248299961e-06
38400.056 5.268854104599804e-06
38450.056 5.2976433979004575e-06
38500.056 5.175138014599772e-06
38550.056 5.210365194800352e-06
38600.056 5.595366719899782e-06
38650.056 4.991750441700172e-06
38700.056 5.07148953880071e-06
38750.056 5.324739362499956e-06
38800.056 5.217388030500706e-06
38850.056 5.250956280900235e-06
38900.056 5.049391874099927e-06
38950.056 5.301551916599693e-06
39000.056 5.196952743100122e-06
39050.056 5.260373252899936e-06
39100.056 5.000216133799974e-06
39150.056 5.139564543000218e-06
39200.056 5.268015346900181e-06
39250.056 5.247196845099359e-06
39300.056 5.255755816799181e-06
39350.056 5.211760327100485e-06
39400.056 5.121963292500141e-06
39450.056 5.170897949799818e-06
39500.056 5.084486618599796e-06
39550.056 4.995021366299124e-06
39600.056 5.378674138100243e-06
39650.056 4.9354811326001425e-06
39700.056 5.105472856499926e-06
39750.056 5.129394953999503e-06
39800.056 4.86218327110028e-06
39850.056 5.02309994589975e-06
39900.056 4.896849531199736e-06
39950.056 5.111305764999809e-06
40000.056 4.804048141599714e-06
40050.056 4.5241715258999045e-06
40100.056 4.83797264929979e-06
40150.056 4.54858932009916e-06
40200.056 4.767628960399726e-06
40250.056 4.698892086498741e-06
40300.056 4.40724633580036e-06
40350.056 4.621904283500203e-06
40400.056 4.691690533200012e-06
40450.056 4.328025629900763e-06
40500.056 4.127930119500037e-06
40550.056 4.717841408799666e-06
40600.056 4.258345901500335e-06
40650.056 4.448501972700854e-06
40700.056 4.652540641500235e-06
40750.056 4.128217520198885e-06
40800.056 4.0954765166004845e-06
40850.056 3.876167029600857e-06
40900.056 3.838592063200612e-06
40950.056 4.123550987499988e-06
41000.056 4.260775208700269e-06
41050.056 4.174479551599216e-06
41100.056 3.94763590540038e-06
41150.056 4.248553299300171e-06
41200.056 3.989322624000087e-06
41250.056 4.0685141265002304e-06
41300.056 3.6102799448996316e-06
41350.056 4.16358882750019e-06
41400.056 3.947326030400038e-06
41450.056 3.823090204299982e-06
41500.056 4.100826964200155e-06
41550.056 4.044803072460104e-06
41600.056 4.130211524599975e-06
41650.056 3.7180550779005117e-06
41700.056 3.6069416259996376e-06
41750.056 3.88395326250002e-06
41800.056 3.7455742768997375e-06
41850.056 3.468542487600458e-06
41900.056 3.936466560999484e-06
41950.056 3.6128653035005035e-06
42000.056 3.766538272500284e-06
42050.056 3.485295414198969e-06
42100.056 3.8440946692003404e-06
42150.056 3.2575021174993027e-06
42200.056 3.3390371132101946e-06
42250.056 3.653676325899742e-06
42300.056 3.334929569000058e-06
42350.056 3.697898518600649e-06
42400.056 3.3547744033002643e-06
42450.056 2.9610604041001484e-06
42500.056 3.0911390118002844e-06
42550.056 3.328369329099787e-06
42600.056 3.2367779746004723e-06
42650.056 3.1182486236989114e-06
42700.056 3.3009644427007014e-06
42750.056 3.122852885400013e-06
42800.056 3.1679704108003754e-06
42850.056 3.3849645101997016e-06
42900.056 3.278901166000241e-06
42950.056 2.9069284588988656e-06
43000.056 3.113969255499942e-06
43050.056 2.974053485211218e-06
43100.056 3.1123293697996257e-06
43150.056 3.198336799700682e-06
43200.056 3.03765725470002e-06
43250.056 3.0690480719004208e-06
43300.056 3.1177638405001646e-06
43350.056 2.904563521199542e-06
43400.056 2.8785147023797814e-06
43450.056 2.909836647540728e-06
43500.056 2.840222318799441e-06
43550.056 2.9013169210399824e-06
43600.056 3.0331932048000874e-06
43650.056 2.7339256707403012e-06
43700.056 2.69747980649994e-06
43750.056 2.747698329900101e-06
43800.056 2.635342939700028e-06
43850.056 2.6950720098005247e-06
43900.056 2.749058711199946e-06
43950.056 2.604474620130247e-06
44000.056 2.4134599989501522e-06
44050.056 2.4147027030001102e-06
44100.056 2.5372401053005126e-06
44150.056 2.6871422064996576e-06
44200.056 2.4765418288701396e-06
44250.056 2.409466855189873e-06
44300.056 2.330280341840485e-06
44350.056 2.3232375917001635e-06
44400.056 2.382536099199938e-06
44450.056 2.511976243540141e-06
44500.056 2.4940334194004153e-06
44550.056 2.238653091219483e-06
44600.056 2.2802233693202756e-06
44650.056 2.4609816006600424e-06
44700.056 2.2510513880002145e-06
44750.056 2.4026047039396538e-06
44800.056 2.3807033621699454e-06
44850.056 2.408536558980136e-06
44900.056 2.2585965999003248e-06
44950.056 2.10552702966003e-06
45000.056 2.311872065799949e-06
45050.056 2.286064268699689e-06
45100.056 2.3816852401998932e-06
45150.056 2.2617127867000345e-06
45200.056 2.074260108389891e-06
45250.056 2.1546252447197186e-06
45300.056 2.2764237825101167e-06
45350.056 2.3557378672096995e-06
45400.056 2.2456369767002887e-06
45450.056 2.067660008029674e-06
45500.056 2.116450462839889e-06
45550.056 2.355983553399748e-06
45600.056 2.2056013681499523e-06
45650.056 2.0030126714795295e-06
45700.056 2.2332411584802623e-06
45750.056 2.1225428275699126e-06
45800.056 2.0995340775199484e-06
45850.056 2.41484722676003e-06
45900.056 2.3585313342000454e-06
45950.056 2.0977271031799433e-06
46000.056 2.432313694829994e-06
46050.056 2.4529970537705944e-06
46100.056 2.0863561056401316e-06
46150.056 2.1436404387899324e-06
46200.056 2.37534456552055e-06
46250.056 1.9986015423099337e-06
46300.056 2.4991432708199118e-06
46350.056 2.0686300288897993e-06
46400.056 2.22310602058974e-06
46450.056 2.1861843146804724e-06
46500.056 2.0907958485599076e-06
46550.056 2.396509385799914e-06
46600.056 2.2206141527998922e-06
46650.056 2.683788788019951e-06
46700.056 2.5360343356307055e-06
46750.056 2.1269358318999145e-06
46800.056 2.3296719685803818e-06
46850.056 2.4074016557500983e-06
46900.056 2.3183857591195797e-06
46950.056 2.5530416615601537e-06
47000.056 2.3046961538599905e-06
47050.056 2.44038618086973e-06
47100.056 2.1599370089400785e-06
47150.056 2.3374839301604107e-06
47200.056 2.3200738474006344e-06
47250.056 2.2412330946094324e-06
47300.056 2.3319492869194093e-06
47350.056 2.00603680747962e-06
47400.056 2.367697357749429e-06
47450.056 2.377851747049851e-06
47500.056 2.2820869028694826e-06
47550.056 2.2311306741296128e-06
47600.056 2.4482933487798585e-06
47650.056 1.8527692845295189e-06
47700.056 2.4428336409800207e-06
47750.056 1.794935324120531e-06
47800.056 2.4185840916997966e-06
47850.056 1.9139761216394357e-06
47900.056 2.4801712154801257e-06
47950.056 1.8848799609204592e-06
48000.056 2.6424985951000225e-06
48050.056 2.032842785960386e-06
48100.056 2.1996946450299767e-06
48150.056 2.0141176544202277e-06
48200.056 2.4652486650904953e-06
48250.056 2.0580833873198157e-06
48300.056 2.609781276899779e-06
48350.056 1.833582718829592e-06
48400.056 2.4087987878199563e-06
48450.056 2.070509069780166e-06
48500.056 2.599600781060026e-06
48550.056 1.8861967753900223e-06
48600.056 2.4671561363997737e-06
48650.056 1.9033211062399822e-06
48700.056 2.3427984484000737e-06
48750.056 1.7416688164902755e-06
48800.056 2.5877383147101576e-06
48850.056 1.9062885555296454e-06
48900.056 2.418097429900118e-06
48950.056 2.2002717037001666e-06
49000.056 2.178368374199894e-06
49050.056 2.261990106499814e-06
49100.056 2.1405527085701517e-06
49150.056 2.1651388122100316e-06
49200.056 2.2097504572498973e-06
49250.056 2.157009111220098e-06
49300.056 1.9803589317996655e-06
49350.056 2.023585807099968e-06
49400.056 2.3865930482002707e-06
49450.056 2.066176583640492e-06
49500.056 2.126519998500297e-06
49550.056 1.938604355739935e-06
49600.056 2.0371005789003754e-06
49650.056 2.1051190042402476e-06
49700.056 1.833701551759816e-06
49750.056 2.617080645699581e-06
49800.056 2.092659860320053e-06
49850.056 2.4816400000600486e-06
49900.056 2.051192619740113e-06
49950.056 2.152781423889428e-06
50000.056 2.0807232974595056e-06
50050.056 2.155138046730128e-06
50100.056 2.2307840820998397e-06
50150.056 1.997730683019972e-06
50200.056 1.8449138094001575e-06
50250.056 2.0193985641301817e-06
50300.056 1.9426644841097394e-06
50350.056 2.1947549443999556e-06
50400.056 2.0457727673000216e-06
50450.056 1.971561615420241e-06
50500.056 2.512169818900339e-06
50550.056 2.0628371758598484e-06
50600.056 2.177618690280129e-06
50650.056 2.073462215800509e-06
50700.056 2.2666642295994062e-06
50750.056 2.244553882360272e-06
50800.056 1.8032914295798498e-06
50850.056 2.088964754480296e-06
50900.056 2.110856494979938e-06
50950.056 2.2054428123503544e-06
51000.056 2.4706677308902477e-06
51050.056 1.9610280232803027e-06
51100.056 1.9518660417699016e-06
51150.056 2.210619954350035e-06
51200.056 2.034309689219876e-06
51250.056 2.2626719305000438e-06
51300.056 1.9512358618605453e-06
51350.056 2.181113961299797e-06
51400.056 2.0944481500994444e-06
51450.056 1.5665060193597701e-06
51500.056 2.1477957136999986e-06
51550.056 2.508670980140225e-06
51600.056 1.7426620447099373e-06
51650.056 2.1154074141996864e-06
51700.056 1.9087864573693844e-06
51750.056 1.9050147582901195e-06
51800.056 2.1848666779197094e-06
51850.056 2.1835399228998134e-06
51900.056 2.2814957494002813e-06
51950.056 2.0550656204097736e-06
52000.056 1.8602346882199745e-06
52050.056 2.157792700079828e-06
52100.056 2.07204415949959e-06
52150.056 2.081946141340255e-06
52200.056 1.995655998000111e-06
52250.056 1.9919539262699626e-06
52300.056 2.0977399968299763e-06
52350.056 2.32593205022023e-06
52400.056 1.7743751968500962e-06
52450.056 2.012505204749991e-06
52500.056 2.182762290519457e-06
52550.056 2.0177096284694955e-06
52600.056 2.11697861704014e-06
52650.056 2.3650342156204024e-06
52700.056 2.0392419597800692e-06
52750.056 1.719681622249842e-06
52800.056 1.9161235722001756e-06
52850.056 1.826513105759911e-06
52900.056 2.0599611665601845e-06
52950.056 1.970230802199669e-06
53000.056 2.196517553779739e-06
53050.056 2.0733395772996633e-06
53100.056 1.8640098232996203e-06
53150.056 2.249438937900439e-06
53200.056 1.6697205003703365e-06
53250.056 2.2711611304999284e-06
53300.056 2.203638683200726e-06
53350.056 2.221112453699766e-06
53400.056 1.9765774429001398e-06
53450.056 1.8898518896500546e-06
53500.056 1.7032069154596946e-06
53550.056 2.1226240170798883e-06
53600.056 2.1526106837803467e-06
