galfind/configs/Brown_Dwarf_templates/sonora_bobcat/m0.0/178g/sp_t450g178nc_m0.0_resample.dat
# %ECSV 1.0
# ---
# datatype:
# - {name: wav, unit: Angstrom, datatype: float64}
# - {name: flux_nu, unit: erg / (cm2 Hz s), datatype: float64}
# meta: {C/O: '1.00', Kzz: '1.0000E+05', Teff: '450.', Y: '0.28', '[Fe/H]': '0.00', f_hole: '1.00', f_rain: '0.00', grav: '178.'}
# schema: astropy-2.0
wav flux_nu
4000.0559999999996 nan
4050.0559999999996 1.6764525309562444e-17
4100.056 2.672419210270056e-15
4150.056 2.725195190830029e-14
4200.056 2.760536421211282e-14
4250.056 2.511472642450022e-13
4300.056 5.746866031200035e-13
4350.056 1.0260246348400044e-12
4400.056 1.6652362058000068e-12
4450.056 2.56772397960001e-12
4500.056 3.6545174949000166e-12
4550.056 3.4824648665439726e-12
4600.056 5.42170248469997e-13
4650.056 2.832674698799983e-13
4700.056 1.27250433950999e-13
4750.056 4.446261930999959e-14
4800.056 1.7715703219999858e-14
4850.056 6.9353178517999404e-15
4900.056 3.413959457699983e-15
4950.056 2.069902978999992e-15
5000.056 1.251561212919993e-15
5050.056 9.031417632500024e-16
5100.056 9.745774622800078e-16
5150.056 1.1080668212800038e-15
5200.056 1.2568064676000028e-15
5250.056 1.408255550000002e-15
5300.056 1.5788926884000022e-15
5350.056 1.7761540796000023e-15
5400.056 1.9831156633000033e-15
5450.056 2.22719653230001e-15
5500.056 2.502738179000008e-15
5550.056 2.7970004550000038e-15
5600.056 3.0779368376000034e-15
5650.056 3.3056786812999993e-15
5700.056 3.3774203949000015e-15
5750.056 3.3183892938e-15
5800.056 2.986734139199992e-15
5850.056 2.120237129779975e-15
5900.056 6.632293644000421e-16
5950.056 4.1623661095001104e-15
6000.056 8.831831004299985e-15
6050.056 1.5875832111000186e-14
6100.056 2.5535549908000215e-14
6150.056 3.842013430700023e-14
6200.056 5.578786467100029e-14
6250.056 7.77965336870002e-14
6300.056 1.0841395010400018e-13
6350.056 1.4815954575000043e-13
6400.056 1.9914199490000083e-13
6450.056 2.461806817699972e-13
6500.056 3.2528592625000197e-13
6550.056 4.396926703399923e-13
6600.056 5.95892668630015e-13
6650.056 8.178765020700065e-13
6700.056 1.0616772298300076e-12
6750.056 1.4552778526000072e-12
6800.056 1.7621832005000126e-12
6850.056 1.8778644006000007e-12
6900.056 1.6261493001000235e-12
6950.056 1.3434666054899983e-12
7000.056 1.478006009699986e-12
7050.056 1.5686893783199862e-12
7100.056 1.7547234344499797e-12
7150.056 1.5121708358051559e-12
7200.056 1.3453964183185757e-12
7250.056 1.5091620688659519e-12
7300.056 1.5540894754553169e-12
7350.056 1.837463588548967e-12
7400.056 2.1192534787100826e-12
7450.056 2.5122666494001093e-12
7500.056 2.8133726620000005e-12
7550.056 2.9737973594000007e-12
7600.056 2.949005544699994e-12
7650.056 1.2695526278869598e-12
7700.056 1.071389065530034e-12
7750.056 3.3314463300000396e-12
7800.056 4.506369556660002e-12
7850.056 6.1784143354999696e-12
7900.056 7.737178312799906e-12
7950.056 8.661560772720015e-12
8000.056 1.1173661683900085e-11
8050.056 1.3117706697800181e-11
8100.056 1.1718442692609542e-11
8150.056 1.0985333880051722e-11
8200.056 1.721183514265072e-11
8250.056 1.8856998093241045e-11
8300.056 2.2624017776070942e-11
8350.056 2.5669115727425733e-11
8400.056 3.1240391564720114e-11
8450.056 4.179325951479966e-11
8500.056 4.935786171299886e-11
8550.056 6.318218962700099e-11
8600.056 7.791142438500057e-11
8650.056 9.172182957000081e-11
8700.056 1.0203203049900103e-10
8750.056 1.1724598549200073e-10
8800.056 1.2832671987600028e-10
8850.056 1.2220238030999698e-10
8900.056 4.901676396619628e-11
8950.056 4.5819965919219825e-11
9000.056 4.4224250751527024e-11
9050.056 1.217423255398027e-10
9100.056 1.4717448081692277e-10
9150.056 1.7503698874754746e-10
9200.056 2.6527489808150157e-10
9250.056 2.4287466307839394e-10
9300.056 2.7139324967485725e-11
9350.056 3.8960126911030905e-11
9400.056 1.1727557068959028e-10
9450.056 1.186787368617072e-10
9500.056 1.0053323417199091e-10
9550.056 1.1087644008371914e-10
9600.056 1.1884435952900063e-10
9650.056 1.874881296129419e-10
9700.056 3.926114097287932e-10
9750.056 3.753887520998243e-10
9800.056 4.4696191241176404e-10
9850.056 5.359042252736881e-10
9900.056 7.264445748132235e-10
9950.056 7.738729320100474e-10
10000.056 7.780986104039734e-10
10050.056 1.048236400290022e-09
10100.056 1.218093256419999e-09
10150.056 1.1567770653700073e-09
10200.056 1.0109444886060904e-09
10250.056 1.2630599549748348e-09
10300.056 1.7170805478868962e-09
10350.056 1.4952915953650421e-09
10400.056 2.3363882601001287e-09
10450.056 3.013606318729488e-09
10500.056 3.7133793322099507e-09
10550.056 4.5902443519000754e-09
10600.056 5.1010252052999946e-09
10650.056 5.40826075520011e-09
10700.056 5.218927658300031e-09
10750.056 5.387860068990027e-09
10800.056 5.222065686100058e-09
10850.056 4.718991638050108e-09
10900.056 3.5267588345998797e-09
10950.056 1.7241681383839937e-09
11000.056 9.66091163698333e-10
11050.056 4.813803392500268e-10
11100.056 2.329304269900045e-10
11150.056 8.611008190589073e-11
11200.056 5.83505188700254e-11
11250.056 7.232898535668589e-11
11300.056 1.171813234867071e-10
11350.056 3.131251339040032e-11
11400.056 1.551913455407196e-10
11450.056 9.007562069500967e-11
11500.056 7.543999554058243e-11
11550.056 1.676876326800961e-11
11600.056 9.787705128398793e-12
11650.056 4.195673999849909e-11
11700.056 5.333034138299859e-11
11750.056 1.2529741249526203e-11
11800.056 7.77265928984049e-11
11850.056 1.202855928133405e-10
11900.056 1.3623038069629773e-10
11950.056 2.219554048885424e-10
12000.056 3.6959018970936945e-10
12050.056 6.156741283129208e-10
12100.056 8.759913680427894e-10
12150.056 1.3152290021010027e-09
12200.056 1.609721397844038e-09
12250.056 2.451943839746274e-09
12300.056 3.823961245632352e-09
12350.056 4.343369387779944e-09
12400.056 6.434728466479783e-09
12450.056 8.904271465800322e-09
12500.056 1.022861163100095e-08
12550.056 1.205358131239989e-08
12600.056 1.4343641549400804e-08
12650.056 1.5819907884899577e-08
12700.056 1.59246842426005e-08
12750.056 1.1944887375800768e-08
12800.056 8.794761145739697e-09
12850.056 5.1877983264300965e-09
12900.056 3.868502040629089e-09
12950.056 3.0437141633076653e-09
13000.056 3.2813886531182537e-09
13050.056 2.034916211151859e-09
13100.056 1.8965348108315717e-09
13150.056 1.1332970876603474e-09
13200.056 1.1498317933979728e-09
13250.056 8.613873374853852e-10
13300.056 3.133634290354623e-10
13350.056 9.863072519300999e-11
13400.056 3.8699549666292986e-11
13450.056 1.0876432696284264e-11
13500.056 3.75198394192094e-12
13550.056 1.1390955899188075e-12
13600.056 2.4132911886539436e-13
13650.056 2.056644079277497e-12
13700.056 1.011153424539246e-12
13750.056 3.012850451473864e-12
13800.056 2.747231176352174e-12
13850.056 1.2317529523043462e-12
13900.056 2.0956871139968357e-12
13950.056 1.7787430491017145e-12
14000.056 2.214827171363852e-12
14050.056 3.8759639520191715e-12
14100.056 3.5613835888351826e-12
14150.056 7.996616249138144e-12
14200.056 4.825084970206753e-12
14250.056 7.074779985277391e-12
14300.056 2.20458136212085e-11
14350.056 1.908312081771335e-11
14400.056 1.971804490069748e-11
14450.056 3.695283616753372e-11
14500.056 8.22573248085818e-11
14550.056 8.607988533146379e-11
14600.056 1.191952609138387e-10
14650.056 6.025954457784022e-11
14700.056 2.6205571873648264e-11
14750.056 1.204196157276887e-11
14800.056 1.9828171249347358e-11
14850.056 2.557162301473876e-11
14900.056 2.5179899612040348e-11
14950.056 1.8422384203643656e-11
15000.056 5.580976788942072e-11
15050.056 4.852131815429838e-11
15100.056 2.688939188945539e-11
15150.056 1.3624248293627152e-11
15200.056 4.225372881283051e-11
15250.056 9.719161071524744e-11
15300.056 1.2506513825993793e-10
15350.056 1.694448692538763e-10
15400.056 2.334129133428252e-10
15450.056 3.3050326841977787e-10
15500.056 4.038152958524149e-10
15550.056 7.632035695324933e-10
15600.056 1.1751694288138703e-09
15650.056 1.9783721014983193e-09
15700.056 3.1658210339000515e-09
15750.056 4.17858534459006e-09
15800.056 5.053093364060005e-09
15850.056 6.147516577000591e-09
15900.056 6.279444258940069e-09
15950.056 6.451210882399634e-09
16000.056 5.13631108410038e-09
16050.056 3.098633539799737e-09
16100.056 1.8387333156998511e-09
16150.056 9.344624397364983e-10
16200.056 4.476746685497804e-10
16250.056 2.72694917161932e-10
16300.056 1.597795240031986e-10
16350.056 2.132041960182927e-10
16400.056 2.6385882060079495e-10
16450.056 2.390416750860168e-10
16500.056 2.0057419975996339e-10
16550.056 2.0171346193578529e-10
16600.056 3.60457840289403e-10
16650.056 2.482456592277222e-10
16700.056 3.4415060613704335e-11
16750.056 1.3003126139965346e-10
16800.056 2.133819810888111e-10
16850.056 2.387052171307806e-10
16900.056 1.091498773803114e-10
16950.056 6.564044965913802e-11
17000.056 3.3400090945310705e-11
17050.056 7.338811978951492e-11
17100.056 1.3914640777606595e-10
17150.056 7.452451301214617e-11
17200.056 2.685277493269841e-10
17250.056 1.3131457691059375e-10
17300.056 8.520211049346155e-11
17350.056 9.808655731417579e-11
17400.056 1.7750414152550364e-10
17450.056 2.3210740339061781e-10
17500.056 3.129172811518078e-10
17550.056 2.709298939374149e-10
17600.056 2.090500437182423e-10
17650.056 1.708647792932189e-10
17700.056 1.3717813203027816e-10
17750.056 1.2213686584916756e-10
17800.056 2.813381364967594e-10
17850.056 1.2806385015922917e-10
17900.056 9.031750325494791e-11
17950.056 6.535821442407779e-11
18000.056 1.1312465382009399e-10
18050.056 7.028531813417744e-11
18100.056 8.840552423390082e-11
18150.056 7.06935415198162e-11
18200.056 4.732783374867195e-11
18250.056 1.776992313697366e-10
18300.056 3.287085870541791e-11
18350.056 2.658311623202498e-11
18400.056 1.793823646950578e-11
18450.056 9.564109038116361e-11
18500.056 9.308957223732309e-11
18550.056 4.853930322167998e-11
18600.056 6.56828401681574e-11
18650.056 4.29383737054922e-11
18700.056 1.0332144169111263e-11
18750.056 2.5147875375968765e-11
18800.056 1.4702349660067127e-10
18850.056 1.407255424712288e-10
18900.056 1.2270995142697625e-10
18950.056 2.031167090975463e-10
19000.056 5.4392132388490114e-11
19050.056 2.304077839738256e-11
19100.056 5.999512975942055e-11
19150.056 2.4542493140622195e-11
19200.056 3.8782581844581376e-11
19250.056 2.733102724477906e-11
19300.056 1.8013104973922795e-11
19350.056 1.579267499760586e-11
19400.056 1.3743010663797218e-11
19450.056 2.3704409377946856e-11
19500.056 1.602801795017283e-11
19550.056 2.8884796765596138e-11
19600.056 6.594130839188198e-11
19650.056 4.353561299743957e-11
19700.056 5.8083724242902665e-11
19750.056 9.54693909871131e-11
19800.056 6.22041974530749e-11
19850.056 7.672732453377852e-11
19900.056 1.0780926039990575e-10
19950.056 1.5685787185968388e-10
20000.056 2.0358408226625517e-10
20050.056 1.465762130006609e-10
20100.056 2.666026777842792e-10
20150.056 1.448229630002466e-10
20200.056 9.906369278255228e-11
20250.056 2.141120740349954e-10
20300.056 2.582684074440315e-10
20350.056 2.7740153159755634e-10
20400.056 2.330040396313058e-10
20450.056 4.2553931649977896e-10
20500.056 4.98615166915858e-10
20550.056 5.677202425947805e-10
20600.056 6.089708203983942e-10
20650.056 7.661631133521998e-10
20700.056 8.610602455696244e-10
20750.056 9.715576226558861e-10
20800.056 9.488806110798048e-10
20850.056 1.1136630373600365e-09
20900.056 1.1861701056198523e-09
20950.056 1.1505012527000816e-09
21000.056 1.1357254559600751e-09
21050.056 1.207496694209905e-09
21100.056 1.152377850570054e-09
21150.056 1.153651312339891e-09
21200.056 1.0847752024001168e-09
21250.056 1.0151701229238231e-09
21300.056 8.767672981060259e-10
21350.056 8.616769990022521e-10
21400.056 8.452529002222919e-10
21450.056 6.842277750634722e-10
21500.056 6.055780426257089e-10
21550.056 5.491972550650642e-10
21600.056 4.680567004626325e-10
21650.056 3.411980396586513e-10
21700.056 3.077532979461382e-10
21750.056 2.892233264162076e-10
21800.056 1.9824695746251717e-10
21850.056 1.8983524354318447e-10
21900.056 1.348644149594634e-10
21950.056 5.275959008115803e-11
22000.056 8.423244692385538e-12
22050.056 1.3075566540650576e-11
22100.056 5.37860428493301e-11
22150.056 3.92736435071342e-11
22200.056 4.073773601153546e-11
22250.056 3.3102255487081236e-11
22300.056 1.588726540253112e-11
22350.056 2.1488107623254443e-11
22400.056 7.512578184316827e-12
22450.056 1.1950470521742853e-11
22500.056 9.367543655426784e-12
22550.056 5.159740268621491e-12
22600.056 4.070083270152706e-12
22650.056 8.331430543130488e-12
22700.056 6.8978023135161115e-12
22750.056 9.280241172179484e-12
22800.056 1.0305680261660185e-11
22850.056 7.0830255692316066e-12
22900.056 5.038885807078538e-12
22950.056 4.177424866439338e-12
23000.056 5.6532351191318655e-12
23050.056 7.173724418442503e-12
23100.056 4.193268584495679e-11
23150.056 3.83266599910057e-11
23200.056 1.4986083399429837e-12
23250.056 7.076105737649444e-12
23300.056 6.205258224121541e-12
23350.056 9.324554178732865e-12
23400.056 6.915725104560914e-12
23450.056 4.199476707750492e-12
23500.056 4.649160065677484e-12
23550.056 9.736328549299975e-12
23600.056 2.0650338414915862e-11
23650.056 2.799042017009947e-11
23700.056 5.049873787353783e-12
23750.056 5.132134098197238e-12
23800.056 2.423532925497073e-11
23850.056 1.5846200071791066e-11
23900.056 3.659287735974986e-11
23950.056 1.9206643679905872e-11
24000.056 4.406738532441991e-11
24050.056 5.205500068830903e-11
24100.056 6.044511756125647e-11
24150.056 8.910938200311526e-11
24200.056 5.737284180346578e-11
24250.056 4.640861187888512e-11
24300.056 8.98779271618102e-11
24350.056 7.102838633772441e-11
24400.056 1.6280359046836723e-10
24450.056 1.8009630238663575e-10
24500.056 1.5786355511621834e-10
24550.056 2.50586601805528e-10
24600.056 2.688193629267491e-10
24650.056 4.0883052216531014e-10
24700.056 2.4790575550165054e-10
24750.056 3.284505265233111e-10
24800.056 2.815861069039257e-10
24850.056 4.844674881965151e-10
24900.056 2.0029731014476982e-10
24950.056 4.271863457276753e-10
25000.056 4.184420326048972e-10
25050.056 2.509636650697871e-10
25100.056 4.1495330688997777e-10
25150.056 1.861791757090537e-10
25200.056 2.8112209642373653e-10
25250.056 1.0505138665770526e-10
25300.056 1.5207965959502795e-10
25350.056 6.692982197952336e-11
25400.056 1.796167097725514e-10
25450.056 5.1277376068254996e-11
25500.056 4.2312530033493325e-11
25550.056 9.471626698306666e-11
25600.056 4.726764765747791e-11
25650.056 2.2332990047692594e-11
25700.056 2.562877736940766e-11
25750.056 6.464476585020133e-12
25800.056 4.169164770097795e-11
25850.056 6.49992133996628e-12
25900.056 9.443600027225398e-12
25950.056 1.931969740850713e-12
26000.056 3.589903354044096e-11
26050.056 3.210080366837085e-12
26100.056 2.015714775669425e-11
26150.056 7.784131693856486e-12
26200.056 1.0703563726187971e-11
26250.056 9.246986582600097e-11
26300.056 1.542851979997892e-11
26350.056 1.6286275921837965e-10
26400.056 2.497581727032188e-10
26450.056 1.5845739847790228e-10
26500.056 3.865162562177523e-10
26550.056 3.435060117526564e-11
26600.056 4.1865304093752854e-11
26650.056 4.740073350062287e-12
26700.056 2.6073399643605078e-12
26750.056 4.349490871882651e-12
26800.056 1.6207798681019514e-11
26850.056 8.654769952342304e-12
26900.056 5.14935339596122e-11
26950.056 1.4864107767497095e-11
27000.056 9.689944105428386e-11
27050.056 1.1930121431453223e-10
27100.056 1.0107590534236218e-11
27150.056 1.403737780079455e-10
27200.056 9.8929062734783e-12
27250.056 4.217305610210306e-11
27300.056 3.684973700155544e-10
27350.056 1.083738693321582e-10
27400.056 4.382071799045081e-12
27450.056 1.474323122024989e-10
27500.056 1.8572728443905302e-10
27550.056 2.3100903056969238e-11
27600.056 7.826951831267701e-11
27650.056 1.7496892311828922e-11
27700.056 1.6057448134865195e-11
27750.056 1.2645995973057306e-10
27800.056 3.313843900666838e-11
27850.056 6.02253043567502e-11
27900.056 6.230918130026389e-11
27950.056 1.6993586592764968e-10
28000.056 1.5622330691510553e-10
28050.056 1.5492000282918495e-11
28100.056 1.559444155007402e-10
28150.056 1.140372554350162e-10
28200.056 2.6598802984534257e-11
28250.056 2.2169879622534685e-10
28300.056 2.0199211912889527e-10
28350.056 3.537513605196002e-11
28400.056 1.4163471580211838e-10
28450.056 2.6527626009094864e-10
28500.056 1.5362676576362414e-10
28550.056 2.903071687664043e-11
28600.056 2.6447856331034434e-10
28650.056 1.6435483686834686e-10
28700.056 2.6230139710812064e-10
28750.056 3.9467202773162947e-10
28800.056 1.579118590449126e-10
28850.056 4.0482061509545665e-10
