galfind/configs/Brown_Dwarf_templates/sonora_bobcat/m0.0/178g/sp_t600g178nc_m0.0_resample.dat
# %ECSV 1.0
# ---
# datatype:
# - {name: wav, unit: Angstrom, datatype: float64}
# - {name: flux_nu, unit: erg / (cm2 Hz s), datatype: float64}
# meta: {C/O: '1.00', Kzz: '1.0000E+05', Teff: '600.', Y: '0.28', '[Fe/H]': '0.00', f_hole: '1.00', f_rain: '0.00', grav: '178.'}
# schema: astropy-2.0
wav flux_nu
[from data line 498]
28900.056 1.9168206308877486e-09
28950.056 3.6067935311877403e-09
29000.056 2.8287216092903027e-09
29050.056 3.788140524056624e-09
29100.056 2.3242754104086402e-09
29150.056 3.6621161018335664e-09
29200.056 3.5553713235071312e-09
29250.056 5.528176106134367e-09
29300.056 2.4916684328265007e-09
29350.056 7.910613536246594e-09
29400.056 3.469140155182187e-09
29450.056 3.5765812251844547e-09
29500.056 5.76213009504011e-09
29550.056 3.4390086758801194e-09
29600.056 4.680203677452071e-09
29650.056 7.610928293575255e-09
29700.056 3.267873900740148e-09
29750.056 6.455457887076042e-09
29800.056 6.146439615310117e-09
29850.056 7.384824072095039e-09
29900.056 5.7921302476763736e-09
29950.056 5.6869267901351505e-09
30000.056 3.3467889520943196e-10
30050.056 9.673401129775052e-10
30100.056 2.1888463797801713e-09
30150.056 5.659743455807221e-09
30200.056 4.7019358320916265e-09
30250.056 9.531432632970137e-09
30300.056 1.030921335815105e-08
30350.056 5.089687025962469e-09
30400.056 1.1142408844802869e-08
30450.056 6.706545576312756e-09
30500.056 6.6598385283291885e-09
30550.056 5.8223117519096276e-09
30600.056 1.28035383638822e-08
30650.056 7.287474890109186e-09
30700.056 5.982132963354519e-09
30750.056 9.39823307018903e-09
30800.056 6.829414840226973e-09
30850.056 7.276868266362587e-09
30900.056 4.464599345976737e-09
30950.056 4.9184473109312316e-09
31000.056 4.703862143593196e-09
31050.056 4.58026740973121e-09
31100.056 2.8674046494951114e-09
31150.056 4.9564731522907205e-09
31200.056 7.369865078725218e-09
31250.056 4.631667271517507e-09
31300.056 3.365627266751705e-09
31350.056 4.886092145803761e-09
31400.056 3.5299785599170773e-09
31450.056 3.907466523504998e-09
31500.056 1.951690734838117e-09
31550.056 2.8181532971207026e-09
31600.056 1.872240679335512e-09
31650.056 1.7800812761220456e-09
31700.056 1.912290866624204e-09
31750.056 1.0312020001658556e-09
31800.056 2.0431111869503643e-09
31850.056 6.623229647506139e-10
31900.056 1.2484014808457865e-09
31950.056 7.202746843568469e-10
32000.056 8.789304414992413e-10
32050.056 1.0620089421288833e-09
32100.056 9.28539001767113e-10
32150.056 1.1901389050794333e-09
32200.056 6.685257061091328e-10
32250.056 1.5539581544800455e-09
32300.056 6.239483193264424e-10
32350.056 1.4967520590599358e-09
32400.056 5.133735647077338e-10
32450.056 1.3014905531823574e-09
32500.056 6.887066865159539e-10
32550.056 1.048470249554101e-09
32600.056 9.487867742093907e-10
32650.056 2.2709932087584113e-09
32700.056 1.2715198620426203e-09
32750.056 3.215753189109938e-09
32800.056 2.5446176544803112e-09
32850.056 4.132867068237475e-09
32900.056 3.98600958364786e-09
32950.056 4.42774045820378e-09
33000.056 2.63916820174824e-09
33050.056 3.147658065552639e-09
33100.056 9.66031672691861e-10
33150.056 7.85233370785099e-12
33200.056 4.274405103461947e-11
33250.056 3.7935841993228704e-11
33300.056 1.2575825660655302e-10
33350.056 3.7633378234126557e-10
33400.056 9.180532959400632e-10
33450.056 1.0370634573915604e-09
33500.056 2.764791774972264e-09
33550.056 1.0935512621009027e-09
33600.056 2.544526713357741e-09
33650.056 2.43304751296788e-09
33700.056 1.4162643849786464e-09
33750.056 3.3781248207675197e-09
33800.056 8.912772646734776e-10
33850.056 2.091031283120289e-09
33900.056 1.9304561811018827e-09
33950.056 1.678735681184605e-09
34000.056 3.0500142392824247e-09
34050.056 7.904557642506274e-10
34100.056 2.7012801972817915e-09
34150.056 1.4435746926051274e-09
34200.056 2.6576233564424925e-09
34250.056 2.054403680714281e-09
34300.056 1.7598345150331208e-09
34350.056 2.4714430427502934e-09
34400.056 1.2309646615144529e-09
34450.056 2.838276054989292e-09
34500.056 1.9481934469467717e-09
34550.056 1.0725107589478324e-09
34600.056 3.8330637154905625e-09
34650.056 1.2605919382951957e-09
34700.056 3.0351592133836366e-09
34750.056 2.292458131314669e-09
34800.056 1.8106397291773371e-09
34850.056 3.8537057117433514e-09
34900.056 2.156597125288196e-09
34950.056 3.6689541691285367e-09
35000.056 6.919155881963355e-09
35050.056 2.9695362045629885e-09
35100.056 6.148568204051597e-09
35150.056 5.430869999599481e-09
35200.056 4.823719009566913e-09
35250.056 8.100028629092154e-09
35300.056 4.183491062140382e-09
35350.056 5.1832613299388516e-09
35400.056 5.414083245215418e-09
35450.056 3.6719677723193395e-09
35500.056 1.0786627794873301e-08
35550.056 7.667580277036617e-09
35600.056 7.258654690075684e-09
35650.056 7.869974833654898e-09
35700.056 7.352819077974109e-09
35750.056 1.114069403945142e-08
35800.056 1.2315927382879053e-08
35850.056 5.7048808083893374e-09
35900.056 8.25316805311234e-09
35950.056 9.487112689638132e-09
36000.056 9.595225458991444e-09
36050.056 7.815093959042606e-09
36100.056 7.61329734958256e-09
36150.056 1.1674829228653588e-08
36200.056 1.317634701082204e-08
36250.056 1.0098372714678036e-08
36300.056 1.733553980977601e-08
36350.056 1.2817511188383802e-08
36400.056 1.606605067763663e-08
36450.056 1.6880042363107123e-08
36500.056 1.9289014955359977e-08
36550.056 2.2159865978255064e-08
36600.056 2.5443758201191747e-08
36650.056 2.1180042562878042e-08
36700.056 2.188780959514622e-08
36750.056 2.6391142552614102e-08
36800.056 2.834614241072742e-08
36850.056 2.0688643120270436e-08
36900.056 2.7947088818819948e-08
36950.056 2.9829121999394267e-08
37000.056 2.37942003045728e-08
37050.056 3.0677450355507896e-08
37100.056 2.6879907826823085e-08
37150.056 2.5397175502461567e-08
37200.056 3.4836502812891904e-08
37250.056 2.72393820451347e-08
37300.056 2.3141697372328227e-08
37350.056 3.152167332076464e-08
37400.056 4.518873226665217e-08
37450.056 2.5525571139076204e-08
37500.056 2.9212749437270738e-08
37550.056 4.400830713110546e-08
37600.056 5.56105859754117e-08
37650.056 2.6443139297871582e-08
37700.056 4.622180159458399e-08
37750.056 3.217583233986517e-08
37800.056 3.4730069743644807e-08
37850.056 2.1376365722002963e-08
37900.056 2.6480100951294595e-08
37950.056 4.073100968490418e-08
38000.056 4.224383454243802e-08
38050.056 4.807540976109835e-08
38100.056 5.4689747276291186e-08
38150.056 5.8117422303799516e-08
38200.056 5.6110592784057544e-08
38250.056 5.267155412943691e-08
38300.056 7.616076066357975e-08
38350.056 7.544712584622204e-08
38400.056 4.123060727865329e-08
38450.056 3.270591260925014e-08
38500.056 2.2055829923572228e-08
38550.056 4.61039358520167e-08
38600.056 4.6523435472193514e-08
38650.056 5.090325687978859e-08
38700.056 4.960913802129747e-08
38750.056 5.0139625641907515e-08
38800.056 4.8749887407085725e-08
38850.056 5.183101551180526e-08
38900.056 6.784023972901267e-08
38950.056 4.7330093352478534e-08
39000.056 6.20428257571773e-08
39050.056 5.029938797462092e-08
39100.056 5.9206729945788385e-08
39150.056 6.910789708210289e-08
39200.056 5.832894898499795e-08
39250.056 7.694454959889806e-08
39300.056 6.022995730368273e-08
39350.056 8.902524773560351e-08
39400.056 6.363063925911244e-08
39450.056 7.634387914354181e-08
39500.056 7.951371292961748e-08
39550.056 5.8844933580711346e-08
39600.056 7.962020739439498e-08
39650.056 9.376081225858714e-08
39700.056 8.664823556741071e-08
39750.056 5.8664079252324614e-08
39800.056 6.892788476559853e-08
39850.056 1.0617020187200695e-07
39900.056 1.0875945025500448e-07
39950.056 7.456726246878612e-08
40000.056 1.0666859661241213e-07
40050.056 1.0189066653239809e-07
40100.056 6.202824944698592e-08
40150.056 1.0148909183840262e-07
40200.056 1.0533886992077007e-07
40250.056 1.1155015548946852e-07
40300.056 1.0923926191700935e-07
40350.056 8.974021037788361e-08
40400.056 1.1805401636499671e-07
40450.056 8.08907734820537e-08
40500.056 1.2334123816698641e-07
40550.056 1.291245378372351e-07
40600.056 1.1362750613901061e-07
40650.056 9.759507808435011e-08
40700.056 1.5552714788599063e-07
40750.056 1.1246748817197745e-07
40800.056 8.379835846355983e-08
40850.056 1.654494623330382e-07
40900.056 1.470465252633987e-07
40950.056 1.2789404964601674e-07
41000.056 1.1796175387499099e-07
41050.056 1.7186630392796229e-07
41100.056 1.451720409799959e-07
41150.056 8.558488878213175e-08
41200.056 1.6783949064500905e-07
41250.056 1.4001152518678714e-07
41300.056 1.3260952574398638e-07
41350.056 1.7541790889599513e-07
41400.056 1.5464413306101535e-07
41450.056 1.8017742852998113e-07
41500.056 1.3011520939788e-07
41550.056 1.2520945035587047e-07
41600.056 1.450877835267592e-07
41650.056 1.6403024739300904e-07
41700.056 1.6611228146195746e-07
41750.056 1.5207571432597903e-07
41800.056 1.765086516810372e-07
41850.056 1.3685827089348298e-07
41900.056 1.4634319931858395e-07
41950.056 1.5432071755202074e-07
42000.056 1.2848261749660434e-07
42050.056 1.2173048346690854e-07
42100.056 1.6667214764858316e-07
42150.056 1.310669068963083e-07
42200.056 1.3161803260849668e-07
42250.056 1.316219858685012e-07
42300.056 1.2695725646879967e-07
42350.056 1.6492771606901871e-07
42400.056 1.7116085957902217e-07
42450.056 1.5025460858604214e-07
42500.056 1.4928619987598812e-07
42550.056 1.3369499688297705e-07
42600.056 1.5196023318164896e-07
42650.056 2.1084349695293653e-07
42700.056 1.3811459340715582e-07
42750.056 1.4446120983401694e-07
42800.056 1.8152518584202334e-07
42850.056 1.9771083280094272e-07
42900.056 2.137970575530413e-07
42950.056 1.6297343758296803e-07
43000.056 1.8686711823401965e-07
43050.056 1.105020399570268e-07
43100.056 1.6078960188497818e-07
43150.056 1.395504861180158e-07
43200.056 1.8492597837801005e-07
43250.056 2.4214217272001884e-07
43300.056 2.3159042343800423e-07
43350.056 1.330059605169643e-07
43400.056 1.7967606500700115e-07
43450.056 1.3593603448941788e-07
43500.056 1.4100304772902571e-07
43550.056 1.5019895061882042e-07
43600.056 2.0985881447802457e-07
43650.056 1.4107499195650423e-07
43700.056 2.3479675597203634e-07
43750.056 2.0173630857500705e-07
43800.056 1.8714085526198274e-07
43850.056 1.6617066432002131e-07
43900.056 1.592071910709836e-07
43950.056 1.0973594256598809e-07
44000.056 1.0410581234499768e-07
44050.056 2.1128359777400496e-07
44100.056 2.7093380457300454e-07
44150.056 2.5263128643299394e-07
44200.056 2.1785459779699946e-07
44250.056 1.3967385363099919e-07
44300.056 1.1664866648172085e-07
44350.056 1.341341810135343e-07
44400.056 1.2585113290558906e-07
44450.056 1.9204514012399281e-07
44500.056 1.8093630096503809e-07
44550.056 2.440126199799765e-07
44600.056 2.1457035695380673e-07
44650.056 1.9769350692202186e-07
44700.056 1.372417940789932e-07
44750.056 1.9415207905203916e-07
44800.056 1.5311852837161502e-07
44850.056 2.0591283834201835e-07
44900.056 1.6366099031320842e-07
44950.056 1.8836818530701121e-07
45000.056 2.0880535626200555e-07
45050.056 1.9723515717098085e-07
45100.056 1.8784870794900542e-07
45150.056 1.8305490745747418e-07
45200.056 1.436067511600111e-07
45250.056 1.6362682039895603e-07
45300.056 1.4342536957202188e-07
45350.056 1.3744915393201873e-07
45400.056 2.5405071575902715e-07
45450.056 2.203703851250134e-07
45500.056 2.43552242009013e-07
45550.056 2.634578723729318e-07
45600.056 2.4995425845003985e-07
45650.056 2.0303297836399588e-07
45700.056 1.4875451559679668e-07
45750.056 1.4085109559680345e-07
45800.056 2.7192791978300683e-07
45850.056 2.4359395536698875e-07
45900.056 2.740212931679966e-07
45950.056 2.2158620175599607e-07
46000.056 2.5935114105052473e-07
46050.056 2.01151331844006e-07
46100.056 2.857466523399761e-07
46150.056 1.884136613290043e-07
46200.056 1.721789136839893e-07
46250.056 9.036824642269705e-08
46300.056 1.9900776760400133e-07
46350.056 2.0350073691302294e-07
46400.056 1.8677098237600614e-07
46450.056 1.7002931072981474e-07
46500.056 1.9224492820004395e-07
46550.056 1.2224796621700675e-07
46600.056 1.6975409199497894e-07
46650.056 2.518786748440135e-07
46700.056 1.6821193999296168e-07
46750.056 1.0590242414411325e-07
46800.056 7.696900740444408e-08
46850.056 2.4631485922403697e-07
46900.056 2.3080389952899022e-07
46950.056 2.2402027129798068e-07
47000.056 2.140280789530353e-07
47050.056 1.7373544167530062e-07
47100.056 1.222038175784148e-07
47150.056 1.7422506901502777e-07
47200.056 2.0824581665799485e-07
47250.056 1.3208225899498505e-07
47300.056 9.207815799991263e-08
47350.056 2.3963231512599447e-07
47400.056 2.058355825919817e-07
47450.056 1.8900850386302505e-07
47500.056 2.386785539219738e-07
47550.056 2.078220022440088e-07
47600.056 2.059790723059872e-07
47650.056 1.999862534612631e-07
47700.056 1.692883574605565e-07
47750.056 1.2811651281500445e-07
47800.056 1.188093057990115e-07
47850.056 7.258550675191052e-08
47900.056 1.0298115414278688e-07
47950.056 1.825357904840094e-07
48000.056 2.47172872920025e-07
48050.056 2.1352834152199416e-07
48100.056 1.0375182378820907e-07
48150.056 1.6638949781400464e-07
48200.056 1.2943224867139978e-07
48250.056 1.4951266266300531e-07
48300.056 2.3032109762996966e-07
48350.056 1.4379034900999733e-07
48400.056 5.7003511168157135e-08
48450.056 1.110649574947472e-07
48500.056 1.600771312059675e-07
48550.056 1.5899857284201218e-07
48600.056 1.767330674990027e-07
48650.056 2.1588188908598737e-07
48700.056 1.5744062138001356e-07
48750.056 1.0301223635904531e-07
48800.056 2.0616277083100447e-07
48850.056 1.227352679611776e-07
48900.056 1.7934748610386671e-07
48950.056 1.0857179402900526e-07
49000.056 5.92636407862986e-08
49050.056 1.5522350971197805e-07
49100.056 1.825952924179324e-07
49150.056 1.3944910089862873e-07
49200.056 2.0408295160903492e-07
49250.056 1.986975890220224e-07
49300.056 1.7052932157599636e-07
49350.056 8.313645932271674e-08
49400.056 1.1879439367477286e-07
49450.056 1.2162643121143455e-07
49500.056 9.75708285593909e-08
49550.056 3.33241051652022e-08
49600.056 7.609381152429419e-08
49650.056 1.2452078708899532e-07
49700.056 1.2874365901095937e-07
49750.056 1.459797829199891e-07
49800.056 1.0532214828617978e-07
49850.056 1.7948937983003262e-07
49900.056 1.4494772801398827e-07
49950.056 1.4039179076200035e-07
50000.056 1.214242501079769e-07
50050.056 1.48204685602e-07
50100.056 1.1731149051399627e-07
50150.056 6.697434906778844e-08
50200.056 1.9829122036806964e-08
50250.056 8.737531525599369e-08
50300.056 6.109858701960799e-08
50350.056 1.3999433038501775e-07
50400.056 1.3376468322298793e-07
50450.056 1.0117051054980405e-07
50500.056 1.487437687340134e-07
50550.056 1.324370186260088e-07
50600.056 1.0032296628997405e-07
50650.056 1.5415142370202672e-07
50700.056 1.595503569569695e-07
50750.056 1.1124676223581324e-07
50800.056 5.127135750259142e-08
50850.056 3.6517662649415483e-08
50900.056 1.3716326587800034e-07
50950.056 1.0967835834200005e-07
51000.056 1.0197066486351714e-07
51050.056 1.241614994799863e-07
51100.056 5.429149663963513e-08
51150.056 7.106961289564881e-08
51200.056 1.6301787037499143e-07
51250.056 1.079493769151812e-07
51300.056 7.871450997753063e-08
51350.056 8.322558472339112e-08
51400.056 3.867242001600434e-08
51450.056 3.059804737672972e-08
51500.056 3.020979589449191e-08
51550.056 9.158995657121014e-08
51600.056 6.855322380461451e-08
51650.056 8.023729009298841e-08
51700.056 9.025068604394632e-08
51750.056 6.078042499415904e-08
51800.056 1.0183671910998048e-07
51850.056 8.572073010899397e-08
51900.056 1.2247080631599961e-07
51950.056 8.03762545969913e-08
52000.056 1.4272534656215253e-08
52050.056 4.902569306220695e-08
52100.056 3.302039546899646e-08
52150.056 2.2681608494084024e-08
52200.056 4.2901034889700034e-08
52250.056 6.146333760201428e-08
52300.056 9.116042827599605e-08
52350.056 4.216415624848445e-08
52400.056 3.7580330759802426e-08
52450.056 9.554585583400773e-08
52500.056 8.233201952007619e-08
52550.056 8.289418531799046e-08
52600.056 6.286665693060052e-08
52650.056 7.228511500500965e-08
52700.056 5.599951712719799e-08
52750.056 2.9323645197155516e-08
52800.056 4.4775646443405836e-08
52850.056 5.102224789358415e-08
52900.056 3.286364177149758e-08
52950.056 4.3190891297403956e-08
53000.056 6.58457788310106e-08
53050.056 2.9685150713992085e-08
53100.056 6.807477100799067e-08
53150.056 8.091926845500845e-08
53200.056 3.5077994706027905e-08
53250.056 7.279771027300434e-08
53300.056 8.676512777544757e-08
53350.056 6.955249670100121e-08
53400.056 5.1851560262993e-08
53450.056 2.3458368811242985e-08
