galfind/configs/Brown_Dwarf_templates/sonora_bobcat/m0.0/178g/sp_t2000g178nc_m0.0_resample.dat
# %ECSV 1.0
# ---
# datatype:
# - {name: wav, unit: Angstrom, datatype: float64}
# - {name: flux_nu, unit: erg / (cm2 Hz s), datatype: float64}
# meta: {C/O: '1.00', Kzz: '1.0000E+05', Teff: '2000.', Y: '0.28', '[Fe/H]': '0.00', f_hole: '1.00', f_rain: '0.00', grav: '178.'}
# schema: astropy-2.0
wav flux_nu
4000.0559999999996 nan
4050.0559999999996 5.328967985671578e-09
4100.056 6.764539634223971e-09
4150.056 5.373752750255801e-09
4200.056 3.8271907053562225e-09
4250.056 3.3298237315913465e-09
4300.056 2.0772792581808207e-09
4350.056 2.2498373199900625e-09
4400.056 2.342601706750833e-09
4450.056 1.3469311320501073e-09
4500.056 1.450652598750162e-09
4550.056 1.8677131112594714e-09
4600.056 1.5810495319798833e-09
4650.056 1.2920468340399152e-09
4700.056 1.5946638226802705e-09
4750.056 1.9811596240095373e-09
4800.056 1.2334700268702155e-09
4850.056 1.5942663774203125e-09
4900.056 2.8898884343497934e-09
4950.056 3.4884472085601264e-09
5000.056 1.566523741209785e-09
5050.056 1.9851369235802755e-09
5100.056 3.188707653840708e-09
5150.056 3.2174064901070626e-09
5200.056 2.1319968592600218e-09
5250.056 2.8559709513500927e-09
5300.056 3.489477173099995e-09
5350.056 3.6817742205604053e-09
5400.056 4.073481062400021e-09
5450.056 3.1675436097297367e-09
5500.056 2.3277499463098116e-09
5550.056 2.742707438699854e-09
5600.056 2.3403000556701646e-09
5650.056 1.946114074500001e-09
5700.056 1.7436621447000342e-09
5750.056 1.1057705176699427e-09
5800.056 6.124506616999815e-10
5850.056 1.7503315456299506e-10
5900.056 1.3942965289114825e-11
5950.056 4.091955831340048e-10
6000.056 1.5544092092799964e-09
6050.056 3.6816883897001276e-09
6100.056 5.884903548200307e-09
6150.056 7.558403971599429e-09
6200.056 6.833340194700064e-09
6250.056 8.537803052900478e-09
6300.056 1.2503095242300362e-08
6350.056 1.627077052160072e-08
6400.056 2.024729744890014e-08
6450.056 2.5851525818996156e-08
6500.056 2.7288892690995366e-08
6550.056 3.310948928699495e-08
6600.056 3.195939463700139e-08
6650.056 2.835013772600278e-08
6700.056 1.9532270781131017e-08
6750.056 2.7649544077002087e-08
6800.056 3.160864258500122e-08
6850.056 3.773052262199945e-08
6900.056 4.3345065166000603e-08
6950.056 5.344853479099675e-08
7000.056 7.532389623899306e-08
7050.056 7.211171404400486e-08
7100.056 4.3128678816997727e-08
7150.056 3.811930659500239e-08
7200.056 5.155234497399858e-08
7250.056 7.240742984100733e-08
7300.056 1.0803109074601518e-07
7350.056 1.4081626963800317e-07
7400.056 1.5310155588101254e-07
7450.056 1.4766163711397842e-07
7500.056 1.5213739615599966e-07
7550.056 1.5779626268300363e-07
7600.056 1.0138934680999421e-07
7650.056 1.7795127179042286e-08
7700.056 6.242812988864283e-09
7750.056 6.289921581200354e-08
7800.056 1.0376056725275458e-07
7850.056 1.3926603336300008e-07
7900.056 1.5344601835002373e-07
7950.056 1.5033928996738786e-07
8000.056 1.9262787701797708e-07
8050.056 2.918047553569686e-07
8100.056 4.332772173510714e-07
8150.056 6.190676178200213e-07
8200.056 4.460115268459477e-07
8250.056 5.557576085699769e-07
8300.056 4.7135285939013437e-07
8350.056 5.127701072801314e-07
8400.056 5.290963558000501e-07
8450.056 3.389036004299414e-07
8500.056 3.049550646716161e-07
8550.056 3.784212216200378e-07
8600.056 4.4416775024985193e-07
8650.056 5.330981463289179e-07
8700.056 5.695717267840996e-07
8750.056 7.00630847227092e-07
8800.056 9.56554331580179e-07
8850.056 9.391743597100724e-07
8900.056 6.487424568700156e-07
8950.056 7.044586041561446e-07
9000.056 9.055652219801009e-07
9050.056 9.491896727598455e-07
9100.056 1.2242062452900412e-06
9150.056 1.446324000770019e-06
9200.056 1.3990577599502128e-06
9250.056 9.379594787599489e-07
9300.056 7.726057362390556e-07
9350.056 8.75409587299867e-07
9400.056 9.877534162701689e-07
9450.056 1.1275058509067357e-06
9500.056 1.3522113324958372e-06
9550.056 1.531262058836271e-06
9600.056 1.6385254892603638e-06
9650.056 1.8742665770624123e-06
9700.056 2.0595139355747675e-06
9750.056 1.606137364709978e-06
9800.056 1.7701964038498294e-06
9850.056 1.7402091895598308e-06
9900.056 1.4688076752199296e-06
9950.056 1.2863049020700567e-06
10000.056 1.2820989729698873e-06
10050.056 1.2952971008399458e-06
10100.056 1.622215338510467e-06
10150.056 1.5929386079998373e-06
10200.056 1.7461263816099063e-06
10250.056 1.7165800123094973e-06
10300.056 1.673604113379732e-06
10350.056 1.938041185449807e-06
10400.056 2.1369163697099146e-06
10450.056 2.2880990816104186e-06
10500.056 2.2858212064696733e-06
10550.056 2.3846144796003783e-06
10600.056 2.6042261803603626e-06
10650.056 2.671418354929918e-06
10700.056 2.8208624906801552e-06
10750.056 3.0906454228402926e-06
10800.056 3.324134538529713e-06
10850.056 3.5799490388297493e-06
10900.056 3.5412939934597953e-06
10950.056 3.382296850779264e-06
11000.056 3.21514658704007e-06
11050.056 2.3773791849800143e-06
11100.056 2.5858761145834495e-06
11150.056 2.738826569437798e-06
11200.056 2.799353758377435e-06
11250.056 3.20203575896191e-06
11300.056 3.198639736133091e-06
11350.056 2.9334576321279676e-06
11400.056 2.3191846712300484e-06
11450.056 3.2183125474393086e-06
11500.056 3.6645359959544575e-06
11550.056 3.5389255030491012e-06
11600.056 3.7005278273810977e-06
11650.056 3.7706695719095444e-06
11700.056 2.9259502864971045e-06
11750.056 3.035464418962851e-06
11800.056 3.069659461794142e-06
11850.056 3.894412763880247e-06
11900.056 4.0748854531691535e-06
11950.056 3.990286632109852e-06
12000.056 3.653858641480156e-06
12050.056 4.160926471210213e-06
12100.056 4.104908238599729e-06
12150.056 4.569229598499733e-06
12200.056 4.593856642599469e-06
12250.056 4.922386885839489e-06
12300.056 5.0724371163005945e-06
12350.056 5.086682954400325e-06
12400.056 4.521288673799636e-06
12450.056 3.7848152064500808e-06
12500.056 4.1276297093792854e-06
12550.056 4.162452622860112e-06
12600.056 4.6894938786000404e-06
12650.056 4.888789350899621e-06
12700.056 5.2105881292999074e-06
12750.056 5.185837471400104e-06
12800.056 5.544429873999524e-06
12850.056 5.379349790200132e-06
12900.056 5.188007892699426e-06
12950.056 5.357331649899466e-06
13000.056 5.5483256440992224e-06
13050.056 5.6911612022595854e-06
13100.056 5.695979674419525e-06
13150.056 5.714541097059638e-06
13200.056 5.5099172814997425e-06
13250.056 5.128285768360144e-06
13300.056 4.462923480191451e-06
13350.056 2.825531617801332e-06
13400.056 2.613293761816903e-06
13450.056 2.283770702717373e-06
13500.056 2.227829130770371e-06
13550.056 2.0792142725403143e-06
13600.056 1.9147064502799274e-06
13650.056 2.1524243486290504e-06
13700.056 1.926985325556669e-06
13750.056 1.958268997069461e-06
13800.056 2.254185986137219e-06
13850.056 2.2118483749172986e-06
13900.056 2.15999983637721e-06
13950.056 2.046004875154304e-06
14000.056 1.9070914765529246e-06
14050.056 1.947969513735522e-06
14100.056 1.7289761438001586e-06
14150.056 1.7738608215211929e-06
14200.056 1.6407736449801922e-06
14250.056 1.6165885656433993e-06
14300.056 1.671151233485725e-06
14350.056 1.6793084418942751e-06
14400.056 1.7801795447532256e-06
14450.056 1.8601110287201546e-06
14500.056 2.0715998104757536e-06
14550.056 2.106670508833914e-06
14600.056 2.2180926973087554e-06
14650.056 2.1839468197831197e-06
14700.056 2.0195516699117526e-06
14750.056 2.1527110785245255e-06
14800.056 2.2387156985426646e-06
14850.056 2.4120282238654127e-06
14900.056 2.4082758461189083e-06
14950.056 2.4347309671404694e-06
15000.056 2.5128346284904873e-06
15050.056 2.7648671387593705e-06
15100.056 2.7684707290603556e-06
15150.056 2.882304755290237e-06
15200.056 3.007797258899788e-06
15250.056 3.037839555369823e-06
15300.056 3.206359647879844e-06
15350.056 3.320160149760087e-06
15400.056 3.442531301060065e-06
15450.056 3.6039129555802574e-06
15500.056 3.68088706029948e-06
15550.056 3.885463356759776e-06
15600.056 3.865889625460456e-06
15650.056 4.04982198690009e-06
15700.056 4.328848288911324e-06
15750.056 4.496966023799613e-06
15800.056 4.528825050200797e-06
15850.056 4.2680057644003025e-06
15900.056 4.403005784400454e-06
15950.056 4.476144827799878e-06
16000.056 4.570909428199749e-06
16050.056 4.730115379500435e-06
16100.056 4.889641707000249e-06
16150.056 4.76544490910031e-06
16200.056 4.964190011799751e-06
16250.056 4.925533217199938e-06
16300.056 4.985147593300075e-06
16350.056 5.2698182120997325e-06
16400.056 5.168323962000642e-06
16450.056 5.318965461300369e-06
16500.056 5.494717010100435e-06
16550.056 5.75099164539977e-06
16600.056 5.465602025100495e-06
16650.056 5.914114474600365e-06
16700.056 5.676380787399125e-06
16750.056 5.7624562924995256e-06
16800.056 5.94832346660007e-06
16850.056 5.985734651499619e-06
16900.056 5.795866535100267e-06
16950.056 5.787007338899405e-06
17000.056 5.794096790200657e-06
17050.056 5.707895902200297e-06
17100.056 5.4382776972008145e-06
17150.056 5.354549031860087e-06
17200.056 4.934071798989629e-06
17250.056 4.654585042079958e-06
17300.056 4.7380927991993494e-06
17350.056 4.538974748380565e-06
17400.056 4.592398840269992e-06
17450.056 4.287591321767906e-06
17500.056 4.112736388779073e-06
17550.056 4.048964544120487e-06
17600.056 3.871431166315949e-06
17650.056 3.946297010677524e-06
17700.056 3.396975736534477e-06
17750.056 3.2887278210589657e-06
17800.056 3.2681791100917325e-06
17850.056 3.0069926783344256e-06
17900.056 3.054778768488899e-06
17950.056 2.9586848379265152e-06
18000.056 2.703378429444274e-06
18050.056 2.7264877591219874e-06
18100.056 2.61617938408088e-06
18150.056 2.911236538014914e-06
18200.056 2.4106451347524133e-06
18250.056 2.863534608389394e-06
18300.056 2.723305876328915e-06
18350.056 2.5667958823062026e-06
18400.056 2.51977782763009e-06
18450.056 2.290794104387572e-06
18500.056 2.3878080020614855e-06
18550.056 2.2252520696763437e-06
18600.056 1.8832802102689184e-06
18650.056 2.1816413341945675e-06
18700.056 2.368650733763497e-06
18750.056 2.265844701429706e-06
18800.056 2.3529077239389167e-06
18850.056 2.7057595156387647e-06
18900.056 2.6058572429407775e-06
18950.056 2.6585841308998815e-06
19000.056 2.8165240092394916e-06
19050.056 2.719760967477994e-06
19100.056 2.818750707723807e-06
19150.056 2.9088605291908887e-06
19200.056 2.8749328539540092e-06
19250.056 2.7358539521513734e-06
19300.056 2.8817428696130776e-06
19350.056 2.8544310192180264e-06
19400.056 2.508616085225261e-06
19450.056 2.885234627349306e-06
19500.056 2.882968480807655e-06
19550.056 2.464230267604728e-06
19600.056 2.8319774727877586e-06
19650.056 2.8033452617911085e-06
19700.056 2.817801083573265e-06
19750.056 2.619125453157342e-06
19800.056 2.7653263621346034e-06
19850.056 2.8026295723830742e-06
19900.056 2.5053070935796515e-06
19950.056 2.919250968609939e-06
20000.056 2.5823299717903764e-06
20050.056 2.7785082183809646e-06
20100.056 2.857240591388389e-06
20150.056 2.839603958510424e-06
20200.056 2.9183757681992442e-06
20250.056 3.051967826719879e-06
20300.056 3.069962681540259e-06
20350.056 3.144414381949626e-06
20400.056 3.1291991275384673e-06
20450.056 3.316482828849639e-06
20500.056 3.3212767095101544e-06
20550.056 3.3971229006600294e-06
20600.056 3.6047414584604994e-06
20650.056 3.5241316036107097e-06
20700.056 3.682583557280329e-06
20750.056 3.7409291436494722e-06
20800.056 3.893782400300136e-06
20850.056 3.870420614389917e-06
20900.056 4.069057504739677e-06
20950.056 4.113557655499819e-06
21000.056 4.303726562699777e-06
21050.056 4.331660815000112e-06
21100.056 4.3745729246999855e-06
21150.056 4.599183633100179e-06
21200.056 4.577913675400341e-06
21250.056 4.8003588233995734e-06
21300.056 4.661036389899954e-06
21350.056 4.9780990836002185e-06
21400.056 4.813395242300396e-06
21450.056 5.265763607300001e-06
21500.056 5.007073999800299e-06
21550.056 5.1399147167997e-06
21600.056 5.286066847700532e-06
21650.056 5.252030474200315e-06
21700.056 5.488101364999793e-06
21750.056 5.357375951899947e-06
21800.056 5.378116279199672e-06
21850.056 5.413772754999753e-06
21900.056 5.577020524400541e-06
21950.056 5.4676322712002435e-06
22000.056 5.6464199017998e-06
22050.056 5.421459396499355e-06
22100.056 5.604368623599882e-06
22150.056 5.667474979700396e-06
22200.056 5.488313229661003e-06
22250.056 5.795047287700432e-06
22300.056 5.73230149639975e-06
22350.056 5.556882406600252e-06
22400.056 5.819377955680264e-06
22450.056 5.714916555909337e-06
22500.056 5.807502181829792e-06
22550.056 5.7244002991991325e-06
22600.056 5.74175324809985e-06
22650.056 5.669109806981038e-06
22700.056 5.661308837961145e-06
22750.056 5.859719311359683e-06
22800.056 5.609804020590133e-06
22850.056 5.71912720208052e-06
22900.056 5.842547858799739e-06
22950.056 4.19573865035052e-06
23000.056 4.702119006110304e-06
23050.056 4.905543252859362e-06
23100.056 4.67233815963967e-06
23150.056 4.860274064650678e-06
23200.056 4.82576283101015e-06
23250.056 3.962279222613139e-06
23300.056 4.291859028860109e-06
23350.056 4.4485738410101216e-06
23400.056 4.307923533820054e-06
23450.056 4.443886981060054e-06
23500.056 4.357588197219132e-06
23550.056 3.835269248161046e-06
23600.056 3.895645590930833e-06
23650.056 4.191132674979478e-06
23700.056 4.121388811248913e-06
23750.056 4.126157658510708e-06
23800.056 4.068184367720439e-06
23850.056 3.4651142351104316e-06
23900.056 3.816220541559689e-06
23950.056 3.932354336691037e-06
24000.056 3.6653495668893044e-06
24050.056 3.6465241069704682e-06
24100.056 3.3132544950491325e-06
24150.056 3.25279678778058e-06
24200.056 3.26495438918887e-06
24250.056 3.1816579888203108e-06
24300.056 3.060418286240158e-06
24350.056 2.840138127450213e-06
24400.056 3.131909799469788e-06
24450.056 2.789243233879808e-06
24500.056 2.5877264915499157e-06
24550.056 2.5283862096700218e-06
24600.056 2.5874882277504644e-06
24650.056 2.8068385474199163e-06
24700.056 2.3282403904799553e-06
24750.056 2.2099834858706352e-06
24800.056 2.152259821386394e-06
24850.056 2.5271787568999485e-06
24900.056 1.9060864635651675e-06
24950.056 2.4147219622296723e-06
25000.056 2.1411838013601473e-06
25050.056 1.6944805185745214e-06
25100.056 2.0645583464449765e-06
25150.056 1.7707004677249625e-06
25200.056 1.9037148322796914e-06
25250.056 1.781196702476526e-06
25300.056 1.9431211881531087e-06
25350.056 1.5987136018750055e-06
25400.056 1.8073645883227462e-06
25450.056 1.605697197416006e-06
25500.056 1.7268972701675924e-06
25550.056 1.6170860047291935e-06
25600.056 1.6788251415121025e-06
25650.056 1.485722575364989e-06
25700.056 1.923942326277246e-06
25750.056 1.3723497283112538e-06
25800.056 1.8165872606003664e-06
25850.056 1.6137752725057858e-06
25900.056 1.8049106033143726e-06
25950.056 1.55224692004699e-06
26000.056 1.8051835771006715e-06
26050.056 1.9132483867050835e-06
26100.056 1.8959930890791761e-06
26150.056 1.8950307234414429e-06
26200.056 1.7963661473940835e-06
26250.056 1.8574763943113802e-06
26300.056 1.8585390660321084e-06
26350.056 1.8864087035798309e-06
26400.056 1.9375731896995306e-06
26450.056 1.9054932855802852e-06
26500.056 2.012343755089273e-06
26550.056 1.96729330005451e-06
26600.056 2.327890233251478e-06
26650.056 1.7891795114686814e-06
26700.056 1.8394824041119916e-06
26750.056 1.6082482171612514e-06
26800.056 1.8371722583534054e-06
26850.056 1.456614274344138e-06
26900.056 1.9232977955581083e-06
26950.056 1.3126067151319646e-06
27000.056 1.8157086303104973e-06
27050.056 1.5168149281998858e-06
27100.056 1.529999966893656e-06
27150.056 1.640449464119952e-06
27200.056 1.6177188956694093e-06
27250.056 1.4842136525257177e-06
27300.056 1.7490086613100616e-06
27350.056 1.6700762447373552e-06
27400.056 1.3896769419139756e-06
27450.056 1.8691245960892683e-06
27500.056 1.7015537215399963e-06
27550.056 1.6036314289669085e-06
27600.056 1.8909472910897136e-06
27650.056 1.4564447880158056e-06
27700.056 1.413080837073145e-06
27750.056 1.908943637939019e-06
27800.056 1.363157307109886e-06
27850.056 1.5261369624002037e-06
27900.056 1.5612620853321451e-06
27950.056 1.823289512219862e-06
28000.056 1.7146957362505154e-06
28050.056 1.2959966784903702e-06
28100.056 1.906133364790772e-06
28150.056 1.5100323477400468e-06
28200.056 1.280769257070096e-06
28250.056 1.6565506568400916e-06
28300.056 1.9123012282303325e-06
28350.056 1.467934081389404e-06
28400.056 1.5726328980199717e-06
28450.056 1.6243906229096396e-06
28500.056 1.645154734419599e-06
28550.056 1.1851645594895454e-06
28600.056 1.9026178719800209e-06
28650.056 1.738221554129818e-06
28700.056 1.5426166814596353e-06
28750.056 1.7502642477499261e-06
28800.056 1.6687549205303906e-06
