galfind/configs/Brown_Dwarf_templates/sonora_bobcat/m0.0/178g/sp_t1500g178nc_m0.0_resample.dat
# %ECSV 1.0
# ---
# datatype:
# - {name: wav, unit: Angstrom, datatype: float64}
# - {name: flux_nu, unit: erg / (cm2 Hz s), datatype: float64}
# meta: {C/O: '1.00', Kzz: '1.0000E+05', Teff: '1500.', Y: '0.28', '[Fe/H]': '0.00', f_hole: '1.00', f_rain: '0.00', grav: '178.'}
# schema: astropy-2.0
wav flux_nu
4000.0559999999996 nan
4050.0559999999996 1.2294930046042438e-10
4100.056 4.1605382529695345e-10
4150.056 4.297852235060352e-10
4200.056 3.50143959103857e-10
4250.056 3.949273732670731e-10
4300.056 3.6731106550206584e-10
4350.056 3.989080141120165e-10
4400.056 4.700706884150697e-10
4450.056 4.20736986060012e-10
4500.056 4.3711890136002704e-10
4550.056 5.385677637932204e-10
4600.056 5.495526990880109e-10
4650.056 5.252881169599324e-10
4700.056 6.296993754900502e-10
4750.056 6.396562361499588e-10
4800.056 4.13510919533031e-10
4850.056 3.8773538963000344e-10
4900.056 3.9661489483999704e-10
4950.056 2.9005131733000174e-10
5000.056 1.2055824094999076e-10
5050.056 5.5553043227001777e-11
5100.056 4.601612083600192e-11
5150.056 3.8677353050003565e-11
5200.056 3.4834300716998544e-11
5250.056 2.988338158100045e-11
5300.056 2.4406057752000058e-11
5350.056 1.982555280400007e-11
5400.056 1.6044477927999957e-11
5450.056 1.2848272053999965e-11
5500.056 1.0154194461399964e-11
5550.056 8.018727045599965e-12
5600.056 6.1748043304999804e-12
5650.056 4.562175650999981e-12
5700.056 3.1715290716999833e-12
5750.056 2.010272861199987e-12
5800.056 1.1079616723199892e-12
5850.056 4.646256111199917e-13
5900.056 9.62541804465175e-14
5950.056 1.0619289434300218e-12
6000.056 3.746545603900056e-12
6050.056 1.0206050416100128e-11
6100.056 2.313493536400026e-11
6150.056 4.716029857000045e-11
6200.056 8.84419815220007e-11
6250.056 1.5631771231000132e-10
6300.056 2.659916623700021e-10
6350.056 4.346055159300033e-10
6400.056 6.818288171100035e-10
6450.056 1.0348167017499987e-09
6500.056 1.4897145752999897e-09
6550.056 2.1260674200999813e-09
6600.056 2.9296719763000344e-09
6650.056 3.7208415317001152e-09
6700.056 2.5873717203410136e-09
6750.056 5.451584383400101e-09
6800.056 7.068561066500199e-09
6850.056 8.077342405500043e-09
6900.056 7.852417735999993e-09
6950.056 7.459560528199817e-09
7000.056 7.616626530799881e-09
7050.056 7.971689814500058e-09
7100.056 7.968088301499936e-09
7150.056 8.160577537500004e-09
7200.056 9.051857545600024e-09
7250.056 9.464204766700083e-09
7300.056 9.128326132400187e-09
7350.056 7.861354079600014e-09
7400.056 6.356218396300008e-09
7450.056 5.108348773299917e-09
7500.056 3.990269986699959e-09
7550.056 2.9017502078999817e-09
7600.056 1.7440834114899737e-09
7650.056 2.409612947044581e-10
7700.056 9.189950192158331e-11
7750.056 1.1526462775800326e-09
7800.056 2.7363204837312604e-09
7850.056 6.283868989500077e-09
7900.056 9.748924732000224e-09
7950.056 1.1019114716627779e-08
8000.056 1.864807090399994e-08
8050.056 2.6307609638999224e-08
8100.056 3.57951740390001e-08
8150.056 4.7592270496000696e-08
8200.056 5.2182825007000686e-08
8250.056 7.029791575400128e-08
8300.056 8.063276057000552e-08
8350.056 9.408822840800043e-08
8400.056 1.0663357719499743e-07
8450.056 1.0498152856699586e-07
8500.056 1.0386041326062224e-07
8550.056 1.2388458481700523e-07
8600.056 1.3313063290499003e-07
8650.056 1.275530148579819e-07
8700.056 1.273011650559931e-07
8750.056 1.4403050757100859e-07
8800.056 1.7978146400601327e-07
8850.056 1.9837263647698588e-07
8900.056 1.9748731064100302e-07
8950.056 1.9350584316805843e-07
9000.056 2.522186462620044e-07
9050.056 2.6121079908000447e-07
9100.056 3.0634245167500016e-07
9150.056 3.3912886610800857e-07
9200.056 3.577365660109884e-07
9250.056 3.1661221822887473e-07
9300.056 2.393510341481226e-07
9350.056 2.7171509773485503e-07
9400.056 3.17280165418778e-07
9450.056 3.541951407514592e-07
9500.056 3.805668687194524e-07
9550.056 4.1422655173978503e-07
9600.056 4.094487406665968e-07
9650.056 4.501448833339435e-07
9700.056 4.985968503942556e-07
9750.056 4.5365774678438303e-07
9800.056 4.93621453764418e-07
9850.056 5.145140757959877e-07
9900.056 4.2141876220596975e-07
9950.056 3.5427799496898716e-07
10000.056 3.313821808899718e-07
10050.056 3.837315169399937e-07
10100.056 4.6305951003000915e-07
10150.056 4.766116661799368e-07
10200.056 5.255292322299765e-07
10250.056 5.44661284819946e-07
10300.056 5.354815356599954e-07
10350.056 6.141480470100058e-07
10400.056 6.915761024099781e-07
10450.056 7.141445979900611e-07
10500.056 6.853677341799732e-07
10550.056 6.988349614700654e-07
10600.056 7.534809330900436e-07
10650.056 8.015410018200406e-07
10700.056 8.481897745000514e-07
10750.056 9.464791300600541e-07
10800.056 1.0380376932899806e-06
10850.056 1.1531122886499078e-06
10900.056 1.11238356996996e-06
10950.056 9.811575662899434e-07
11000.056 9.318881689399627e-07
11050.056 7.669757248736057e-07
11100.056 7.596333735137973e-07
11150.056 7.521434842951472e-07
11200.056 7.679989112082357e-07
11250.056 9.177786904114682e-07
11300.056 8.884902447085488e-07
11350.056 7.03597902971723e-07
11400.056 6.680412954110672e-07
11450.056 8.450531267473504e-07
11500.056 1.026595798246467e-06
11550.056 9.213466234251716e-07
11600.056 9.91140414733491e-07
11650.056 9.89402284285647e-07
11700.056 7.418345465737704e-07
11750.056 7.477319935543945e-07
11800.056 7.980092676121228e-07
11850.056 1.101546495290078e-06
11900.056 1.1975444410517841e-06
11950.056 1.209411895556968e-06
12000.056 1.1058392860580206e-06
12050.056 1.3358890008861044e-06
12100.056 1.3402501221799202e-06
12150.056 1.5562103950698876e-06
12200.056 1.576234510149693e-06
12250.056 1.7465170711198104e-06
12300.056 1.8559081324602008e-06
12350.056 1.850254849350036e-06
12400.056 1.6618316757899376e-06
12450.056 1.4513070157800304e-06
12500.056 1.559638243199884e-06
12550.056 1.599347647290097e-06
12600.056 1.9235336139000315e-06
12650.056 1.9692606317099055e-06
12700.056 2.1631000675802023e-06
12750.056 2.120109886059989e-06
12800.056 2.2594522975200263e-06
12850.056 2.1242228235400375e-06
12900.056 1.977096677739901e-06
12950.056 2.0535098589299065e-06
13000.056 2.117781975239637e-06
13050.056 2.1850564281798776e-06
13100.056 2.178982246221859e-06
13150.056 2.111556658321445e-06
13200.056 1.9939896251479697e-06
13250.056 1.751897813726664e-06
13300.056 1.3308337765805534e-06
13350.056 6.255091308096016e-07
13400.056 4.953735104429745e-07
13450.056 3.813535031769281e-07
13500.056 3.402786575702278e-07
13550.056 2.962301381490713e-07
13600.056 2.622834113273804e-07
13650.056 3.580778905779256e-07
13700.056 3.017316753603689e-07
13750.056 3.139440302479927e-07
13800.056 3.869747120632575e-07
13850.056 3.6015271747200335e-07
13900.056 3.626329745592035e-07
13950.056 3.387441264185288e-07
14000.056 3.132053979936466e-07
14050.056 3.244081824012189e-07
14100.056 2.6943531045740027e-07
14150.056 3.069974464335058e-07
14200.056 2.648563349523693e-07
14250.056 2.6054418065060405e-07
14300.056 2.9826449349263983e-07
14350.056 2.950811474045693e-07
14400.056 3.2298137041693227e-07
14450.056 3.3570004487584247e-07
14500.056 4.248982387051497e-07
14550.056 4.4381325586017615e-07
14600.056 4.958752253831947e-07
14650.056 4.96649738978673e-07
14700.056 4.432791827563488e-07
14750.056 4.940062100599852e-07
14800.056 5.506877797176161e-07
14850.056 6.052272844692614e-07
14900.056 5.988040270414963e-07
14950.056 6.188969928021032e-07
15000.056 6.520113699121546e-07
15050.056 7.496342263017947e-07
15100.056 7.741983609220745e-07
15150.056 8.449969659850764e-07
15200.056 8.601882824479e-07
15250.056 9.145303916239519e-07
15300.056 9.882949808889131e-07
15350.056 1.0547932085529628e-06
15400.056 1.1340899756220382e-06
15450.056 1.2139363739660884e-06
15500.056 1.2608712867598776e-06
15550.056 1.3705973516699015e-06
15600.056 1.3507738543601064e-06
15650.056 1.4498946290301112e-06
15700.056 1.6089468347704635e-06
15750.056 1.708367295259886e-06
15800.056 1.6892117877203218e-06
15850.056 1.6842054456699944e-06
15900.056 1.733511860780144e-06
15950.056 1.7937857275898342e-06
16000.056 1.8176367259399413e-06
16050.056 1.841343397810047e-06
16100.056 1.8946867043600634e-06
16150.056 1.8094804709201049e-06
16200.056 1.8454168976097626e-06
16250.056 1.8306793570499246e-06
16300.056 1.8214737206199746e-06
16350.056 1.924968596059987e-06
16400.056 1.9505585858201367e-06
16450.056 2.0028070538100686e-06
16500.056 2.0915481966402385e-06
16550.056 2.1436170597200604e-06
16600.056 2.041525392120317e-06
16650.056 2.102351640209917e-06
16700.056 1.9588145584199025e-06
16750.056 2.0199306033998945e-06
16800.056 2.173416874079881e-06
16850.056 2.1546162833899574e-06
16900.056 2.0912838672699937e-06
16950.056 2.0355879000799427e-06
17000.056 1.9987250733202384e-06
17050.056 2.0258268106800114e-06
17100.056 1.899836220320325e-06
17150.056 1.7998517915029157e-06
17200.056 1.6635053864598204e-06
17250.056 1.5260654053338293e-06
17300.056 1.4922033605208283e-06
17350.056 1.3972276531470644e-06
17400.056 1.4020101059300034e-06
17450.056 1.2482757805654364e-06
17500.056 1.2189178254776813e-06
17550.056 1.1724355790121591e-06
17600.056 1.1130740635999757e-06
17650.056 1.1084260930159098e-06
17700.056 8.94525707225427e-07
17750.056 8.263621782147148e-07
17800.056 8.839886547208958e-07
17850.056 7.181296272550886e-07
17900.056 7.617673532577966e-07
17950.056 7.075490037883391e-07
18000.056 6.584761498351091e-07
18050.056 6.366010858241175e-07
18100.056 6.118775509834576e-07
18150.056 7.332797294284322e-07
18200.056 5.30711245310232e-07
18250.056 7.374396472554012e-07
18300.056 6.593959723988983e-07
18350.056 5.945006465494241e-07
18400.056 5.877265749745262e-07
18450.056 5.319191854383189e-07
18500.056 5.724842652085491e-07
18550.056 5.145671693159929e-07
18600.056 4.258271044367823e-07
18650.056 4.788003556993128e-07
18700.056 5.293387588307166e-07
18750.056 5.279242050561909e-07
18800.056 5.931286598607484e-07
18850.056 6.920206255157669e-07
18900.056 6.647576993614284e-07
18950.056 7.39267098196995e-07
19000.056 7.41460315772927e-07
19050.056 6.847699815847669e-07
19100.056 7.851151847590977e-07
19150.056 7.651583141941242e-07
19200.056 7.826991366245796e-07
19250.056 7.167675941443383e-07
19300.056 7.556756795538994e-07
19350.056 6.907187341782946e-07
19400.056 5.623222728166818e-07
19450.056 7.273922394100175e-07
19500.056 7.281143433666969e-07
19550.056 5.758161329988122e-07
19600.056 6.909548500857769e-07
19650.056 7.077535645794978e-07
19700.056 7.153210699759629e-07
19750.056 6.704474163751113e-07
19800.056 7.18211085044892e-07
19850.056 7.7321644027025e-07
19900.056 6.511938541081032e-07
19950.056 8.259577158630023e-07
20000.056 7.285152371150566e-07
20050.056 8.074473458342688e-07
20100.056 8.377605918035631e-07
20150.056 8.642919819650439e-07
20200.056 9.077047604538458e-07
20250.056 9.670348285538968e-07
20300.056 9.69672879956066e-07
20350.056 1.0414253103268323e-06
20400.056 1.0352236321035862e-06
20450.056 1.1180923689747964e-06
20500.056 1.1486838883499833e-06
20550.056 1.1603917014300285e-06
20600.056 1.278165960080212e-06
20650.056 1.2559736381902464e-06
20700.056 1.3178859735501985e-06
20750.056 1.3581178315898513e-06
20800.056 1.423883743790025e-06
20850.056 1.4009580315899258e-06
20900.056 1.4894686556297794e-06
20950.056 1.5060966420399465e-06
21000.056 1.5716111498999903e-06
21050.056 1.582822152059999e-06
21100.056 1.5875416212099847e-06
21150.056 1.6716508441199388e-06
21200.056 1.638264756890055e-06
21250.056 1.720291792769877e-06
21300.056 1.6435324184399448e-06
21350.056 1.7529244836000089e-06
21400.056 1.671686256930241e-06
21450.056 1.7949928950399898e-06
21500.056 1.6995333259601577e-06
21550.056 1.714353480379965e-06
21600.056 1.725592599910206e-06
21650.056 1.6777177253700739e-06
21700.056 1.745950767159998e-06
21750.056 1.6476837917899847e-06
21800.056 1.6148611790797512e-06
21850.056 1.574285884709999e-06
21900.056 1.5596602324300662e-06
21950.056 1.4195916440501214e-06
22000.056 1.282715364900122e-06
22050.056 1.1455576167997373e-06
22100.056 1.2312512801201659e-06
22150.056 1.285948086810059e-06
22200.056 1.2569805338561167e-06
22250.056 1.3039103478802992e-06
22300.056 1.2525387068299096e-06
22350.056 1.190810871980182e-06
22400.056 1.172109382679979e-06
22450.056 1.104972363564902e-06
22500.056 1.1308222737001547e-06
22550.056 1.0586091269097411e-06
22600.056 1.086201510130138e-06
22650.056 1.0373187864902347e-06
22700.056 9.989958489401535e-07
22750.056 1.0349233982500733e-06
22800.056 9.624532269099337e-07
22850.056 9.341436812801483e-07
22900.056 9.339353301168736e-07
22950.056 6.723426063570108e-07
23000.056 7.473014518020516e-07
23050.056 8.449919815358575e-07
23100.056 8.72299147949983e-07
23150.056 9.035235424780926e-07
23200.056 7.125165713020508e-07
23250.056 6.374790234039672e-07
23300.056 6.10026479101148e-07
23350.056 6.177175404159964e-07
23400.056 6.115546718341245e-07
23450.056 6.45514492804086e-07
23500.056 6.754911674290432e-07
23550.056 6.773982487991488e-07
23600.056 6.887236804400149e-07
23650.056 7.639406110599182e-07
23700.056 6.511483378410238e-07
23750.056 6.421532317791377e-07
23800.056 6.069009054930197e-07
23850.056 5.819421997190628e-07
23900.056 7.038318955420421e-07
23950.056 7.522589290501988e-07
24000.056 7.476228167537084e-07
24050.056 7.786736834130461e-07
24100.056 7.015251107848593e-07
24150.056 7.212166557113276e-07
24200.056 7.367229240647498e-07
24250.056 7.018458542190845e-07
24300.056 7.160859147920496e-07
24350.056 6.328131343470247e-07
24400.056 7.315837066270624e-07
24450.056 6.439593356598034e-07
24500.056 6.276858184049488e-07
24550.056 6.268789611271462e-07
24600.056 6.577541110820966e-07
24650.056 7.233011373470414e-07
24700.056 5.80650363762908e-07
24750.056 5.741193383591703e-07
24800.056 5.656445936421072e-07
24850.056 6.805370495500065e-07
24900.056 4.908257484002908e-07
24950.056 6.510760447599757e-07
25000.056 5.881418077430883e-07
25050.056 4.5651368610808864e-07
25100.056 5.596049206229921e-07
25150.056 4.7036356594195755e-07
25200.056 5.161932474669917e-07
25250.056 4.637710317799323e-07
25300.056 5.374049339650356e-07
25350.056 4.278682546990023e-07
25400.056 5.1639180839214e-07
25450.056 4.281067629559722e-07
25500.056 4.569994286501299e-07
25550.056 4.3874895800901054e-07
25600.056 4.520283514679824e-07
25650.056 3.906731009159845e-07
25700.056 5.353330993337909e-07
25750.056 3.6326175432910454e-07
25800.056 5.210268048930913e-07
25850.056 4.160520337369178e-07
25900.056 4.95897424390039e-07
25950.056 3.992826824970119e-07
26000.056 5.297303235102157e-07
26050.056 5.128267016810004e-07
26100.056 5.541909052359675e-07
26150.056 5.267218559929209e-07
26200.056 5.146090277669873e-07
26250.056 5.632700068440065e-07
26300.056 5.311008350940479e-07
26350.056 5.986943170549512e-07
26400.056 6.124518999768731e-07
26450.056 6.054935098140633e-07
26500.056 6.377758765747804e-07
26550.056 5.615794836448265e-07
26600.056 6.994466234228676e-07
26650.056 4.970853635539163e-07
26700.056 5.052301756320376e-07
26750.056 4.1418632396181743e-07
26800.056 5.040398497878811e-07
26850.056 3.821503925139955e-07
26900.056 5.366009091450406e-07
26950.056 3.6635826811494165e-07
27000.056 5.258883133971037e-07
27050.056 4.4609584030801644e-07
27100.056 4.4228888287590025e-07
27150.056 5.049935805760183e-07
27200.056 4.7487832875610777e-07
27250.056 4.605184391591791e-07
27300.056 5.884199632500322e-07
27350.056 5.424274992368507e-07
27400.056 4.116334350209447e-07
27450.056 6.292792634997915e-07
27500.056 5.807030282589119e-07
27550.056 4.926477237049329e-07
27600.056 6.361571541709158e-07
27650.056 4.6030291170995457e-07
27700.056 4.339467637520591e-07
27750.056 6.334837134268011e-07
27800.056 4.3446044747496443e-07
27850.056 4.862844535267655e-07
27900.056 5.092503543480436e-07
27950.056 6.208326392959668e-07
28000.056 5.685706818851482e-07
28050.056 4.015616936150983e-07
28100.056 6.566514569621792e-07
28150.056 5.008623749570501e-07
28200.056 4.093983764550262e-07
28250.056 5.866687655360223e-07
28300.056 6.870212851020744e-07
28350.056 4.670827266388801e-07
28400.056 5.336066388829662e-07
28450.056 5.87399702912865e-07
28500.056 5.665936540408711e-07
28550.056 3.8176478756987635e-07
28600.056 6.685108592489385e-07
28650.056 6.05010259897958e-07
28700.056 5.464480590889157e-07
28750.056 6.337497381860125e-07
28800.056 5.904829310071444e-07
28850.056 6.404040206110735e-07
28900.056 4.695489258090075e-07
