galfind/configs/Brown_Dwarf_templates/sonora_bobcat/m0.0/178g/sp_t750g178nc_m0.0_resample.dat
# %ECSV 1.0
# ---
# datatype:
# - {name: wav, unit: Angstrom, datatype: float64}
# - {name: flux_nu, unit: erg / (cm2 Hz s), datatype: float64}
# meta: {C/O: '1.00', Kzz: '1.0000E+05', Teff: '750.', Y: '0.28', '[Fe/H]': '0.00', f_hole: '1.00', f_rain: '0.00', grav: '178.'}
# schema: astropy-2.0
wav flux_nu
4000.0559999999996 nan
4050.0559999999996 1.5493817264927045e-14
4100.056 1.6316060703799866e-12
4150.056 9.043282214600332e-12
4200.056 7.821379053534273e-12
4250.056 2.6756648989200644e-11
4300.056 4.108676135100188e-11
4350.056 4.992707381400097e-11
4400.056 6.388967561300082e-11
4450.056 8.04729384530006e-11
4500.056 8.366247954200237e-11
4550.056 8.718984071287863e-11
4600.056 5.6534042278399815e-11
4650.056 4.2010031221999157e-11
4700.056 2.718878587099986e-11
4750.056 8.998318497199905e-12
4800.056 2.0723871448899716e-12
4850.056 5.074073296199938e-13
4900.056 1.8704086299999847e-13
4950.056 7.781122620999928e-14
5000.056 2.636935013699967e-14
5050.056 1.066933115869997e-14
5100.056 9.12805471880003e-15
5150.056 8.695536167400035e-15
5200.056 8.507870558600008e-15
5250.056 8.405670394e-15
5300.056 8.499307003100001e-15
5350.056 8.820394480100006e-15
5400.056 9.282377920000004e-15
5450.056 9.891907088800027e-15
5500.056 1.0600881372400042e-14
5550.056 1.1352799379000016e-14
5600.056 1.2036102825000007e-14
5650.056 1.2517932859999993e-14
5700.056 1.2579755165e-14
5750.056 1.2165133489999996e-14
5800.056 1.0848940169899972e-14
5850.056 7.658689410999906e-15
5900.056 2.5101247880842676e-15
5950.056 1.504400645690033e-14
6000.056 3.111801367499996e-14
6050.056 5.4374384690000685e-14
6100.056 8.726645866800076e-14
6150.056 1.3283473865000088e-13
6200.056 1.9670954503000108e-13
6250.056 2.8547673480000114e-13
6300.056 4.1744816490000185e-13
6350.056 6.116460096700039e-13
6400.056 9.000437809800064e-13
6450.056 1.2957296383699872e-12
6500.056 1.9319946031699996e-12
6550.056 2.9002068975999993e-12
6600.056 4.358974778000092e-12
6650.056 6.51555855440005e-12
6700.056 8.643064075440082e-12
6750.056 1.3569991419000083e-11
6800.056 1.791059499800013e-11
6850.056 2.056220698600003e-11
6900.056 1.92301072050002e-11
6950.056 1.660124929109988e-11
7000.056 1.670637843700012e-11
7050.056 1.8018310744499784e-11
7100.056 1.9770055061999878e-11
7150.056 1.940562252589966e-11
7200.056 1.84557061518501e-11
7250.056 1.7845690024899133e-11
7300.056 1.6276984117090374e-11
7350.056 1.5154715258599667e-11
7400.056 1.4099285519500385e-11
7450.056 1.3058214777700324e-11
7500.056 1.1865041237999935e-11
7550.056 1.0452175055099955e-11
7600.056 8.949948436499952e-12
7650.056 2.8921792162498757e-12
7700.056 2.03302031699609e-12
7750.056 9.202768732300138e-12
7800.056 1.4497499683460072e-11
7850.056 2.4462029230000087e-11
7900.056 3.602272876799985e-11
7950.056 4.379756086480043e-11
8000.056 7.533351632100081e-11
8050.056 1.0577639188800191e-10
8100.056 1.3427678671699893e-10
8150.056 1.7265944637369947e-10
8200.056 2.4842629992321474e-10
8250.056 3.1653025073280336e-10
8300.056 4.124029306200278e-10
8350.056 5.131146565849696e-10
8400.056 6.460500647979861e-10
8450.056 8.325118201799838e-10
8500.056 9.371563524959422e-10
8550.056 1.2467397299300307e-09
8600.056 1.5896055241000168e-09
8650.056 1.915179960800024e-09
8700.056 2.253369061100015e-09
8750.056 2.6675397959000193e-09
8800.056 3.077571265100047e-09
8850.056 3.30868308049997e-09
8900.056 2.619675934259836e-09
8950.056 2.5604122613102582e-09
9000.056 2.9789453097101347e-09
9050.056 4.844661585056605e-09
9100.056 5.606011081391081e-09
9150.056 6.092717073917561e-09
9200.056 7.45249756805454e-09
9250.056 7.436999989081454e-09
9300.056 3.1666079418286345e-09
9350.056 3.946222689554789e-09
9400.056 6.1472628496140605e-09
9450.056 7.055953771819829e-09
9500.056 6.666050878967394e-09
9550.056 7.514058320518388e-09
9600.056 7.601028071008033e-09
9650.056 9.108919807216559e-09
9700.056 1.205590115250128e-08
9750.056 1.2715236229433205e-08
9800.056 1.4446816333807419e-08
9850.056 1.6456452816853117e-08
9900.056 1.9759968291238732e-08
9950.056 2.1032353145200088e-08
10000.056 2.0664394876798604e-08
10050.056 2.699353490800019e-08
10100.056 3.177580724599898e-08
10150.056 3.573644749699841e-08
10200.056 3.995573288500105e-08
10250.056 4.515604527640122e-08
10300.056 5.2149705123997725e-08
10350.056 5.727816698800093e-08
10400.056 6.591649418499983e-08
10450.056 7.240472283999547e-08
10500.056 7.849267435499976e-08
10550.056 8.494032255300097e-08
10600.056 8.937963582599786e-08
10650.056 9.424327560700263e-08
10700.056 9.60922261710029e-08
10750.056 9.977596820000226e-08
10800.056 1.0069614253260206e-07
10850.056 9.719111337599889e-08
10900.056 7.718856702929826e-08
10950.056 4.560297397410223e-08
11000.056 3.485243635234696e-08
11050.056 2.471157222773021e-08
11100.056 1.745199237251368e-08
11150.056 1.0597090853630198e-08
11200.056 1.0021669586199088e-08
11250.056 1.2258330265335202e-08
11300.056 1.3611739578153213e-08
11350.056 6.162800801247526e-09
11400.056 1.3318899611263511e-08
11450.056 1.0356115300830255e-08
11500.056 9.129877514259706e-09
11550.056 4.014292440933757e-09
11600.056 4.156482315201564e-09
11650.056 7.537905368557086e-09
11700.056 8.058973632369895e-09
11750.056 3.001486516372536e-09
11800.056 1.0087019733589792e-08
11850.056 1.6044946327495954e-08
11900.056 1.9588494303160293e-08
11950.056 2.8587757261262783e-08
12000.056 3.8630656820399683e-08
12050.056 5.128312257920788e-08
12100.056 6.596034613746344e-08
12150.056 8.35248385835951e-08
12200.056 9.913823334299112e-08
12250.056 1.1988166880998455e-07
12300.056 1.4472056879901122e-07
12350.056 1.5267870231199995e-07
12400.056 1.7712367646599317e-07
12450.056 1.859422594750078e-07
12500.056 1.9797679219200584e-07
12550.056 2.1686369847000746e-07
12600.056 2.534679159920092e-07
12650.056 2.502649060609991e-07
12700.056 2.4952822069402035e-07
12750.056 2.2954569040101448e-07
12800.056 2.184530439618021e-07
12850.056 1.7478412863741958e-07
12900.056 1.4785460406747678e-07
12950.056 1.38009612896317e-07
13000.056 1.3285610815348904e-07
13050.056 1.09655971662341e-07
13100.056 1.0114333985265858e-07
13150.056 7.854367901909593e-08
13200.056 6.859699835994552e-08
13250.056 5.1154578197928374e-08
13300.056 2.413276503092449e-08
13350.056 7.640037985331948e-09
13400.056 4.3586985572895765e-09
13450.056 2.111605508549192e-09
13500.056 1.209935794629813e-09
13550.056 7.453431218366617e-10
13600.056 3.338997826542403e-10
13650.056 1.1030731213607076e-09
13700.056 7.704117025734844e-10
13750.056 1.0149728505296995e-09
13800.056 1.1313208357615164e-09
13850.056 8.060234401648486e-10
13900.056 8.873626477111951e-10
13950.056 8.013800381348706e-10
14000.056 8.194784630929418e-10
14050.056 1.1025608707142524e-09
14100.056 1.008021332478853e-09
14150.056 1.5606196646428346e-09
14200.056 1.1522620980164475e-09
14250.056 1.3210922312441696e-09
14300.056 2.5148549593795236e-09
14350.056 2.542437123364902e-09
14400.056 2.8268445933608502e-09
14450.056 3.502225687914993e-09
14500.056 6.4979264594542495e-09
14550.056 7.299442417205419e-09
14600.056 9.864015690972038e-09
14650.056 9.134597945945863e-09
14700.056 6.4538696483796045e-09
14750.056 7.169205178171052e-09
14800.056 1.0286461945330388e-08
14850.056 1.1317617376179373e-08
14900.056 1.1995785341629131e-08
14950.056 1.3259426767763063e-08
15000.056 1.8019188403255926e-08
15050.056 1.910950047316843e-08
15100.056 1.9915315297707826e-08
15150.056 2.109182389218597e-08
15200.056 2.4342715537680388e-08
15250.056 3.552261663816554e-08
15300.056 4.176857671820062e-08
15350.056 4.957000933525707e-08
15400.056 5.847705002635313e-08
15450.056 6.765436977253928e-08
15500.056 7.392987661823711e-08
15550.056 8.896059148271084e-08
15600.056 9.950654611799938e-08
15650.056 1.1042687404800372e-07
15700.056 1.292108682310177e-07
15750.056 1.3855146449999428e-07
15800.056 1.405751794550083e-07
15850.056 1.49027900830005e-07
15900.056 1.355467352960036e-07
15950.056 1.2423265492698702e-07
16000.056 9.811335938900563e-08
16050.056 6.44243966323968e-08
16100.056 4.459816972229559e-08
16150.056 2.842054229448891e-08
16200.056 1.779961196204066e-08
16250.056 1.4349459393048623e-08
16300.056 1.0760766308992308e-08
16350.056 1.248396692439015e-08
16400.056 1.5237325487273865e-08
16450.056 1.5794028714247938e-08
16500.056 1.665405779759295e-08
16550.056 1.6375149145634306e-08
16600.056 1.7624721802893628e-08
16650.056 1.321158729564882e-08
16700.056 3.5835785276654564e-09
16750.056 6.7900525136515325e-09
16800.056 1.1567468664867685e-08
16850.056 1.280555656622332e-08
16900.056 9.301761558212408e-09
16950.056 6.918022235461342e-09
17000.056 4.776634905733628e-09
17050.056 8.142785495069499e-09
17100.056 1.133980967286272e-08
17150.056 7.870282056659026e-09
17200.056 1.4968052456043815e-08
17250.056 1.1840201044199688e-08
17300.056 8.59303070627369e-09
17350.056 8.138250080425836e-09
17400.056 1.027357424762398e-08
17450.056 1.2306998519930055e-08
17500.056 1.4737410650127446e-08
17550.056 1.3487673317823712e-08
17600.056 1.1169776317392111e-08
17650.056 1.0858666711439423e-08
17700.056 8.233250272009747e-09
17750.056 7.797035413511075e-09
17800.056 1.2360741423385879e-08
17850.056 7.777454287725831e-09
17900.056 6.8158072744294876e-09
17950.056 5.49179136886167e-09
18000.056 7.144270853098426e-09
18050.056 6.26241482487596e-09
18100.056 7.1442582395759474e-09
18150.056 8.433828643706774e-09
18200.056 5.3139003689652465e-09
18250.056 1.2496237436627072e-08
18300.056 6.357370764188497e-09
18350.056 5.25606841912329e-09
18400.056 4.847749185209121e-09
18450.056 7.919995708277902e-09
18500.056 8.259998086241285e-09
18550.056 6.133954775357345e-09
18600.056 5.677943385942527e-09
18650.056 5.065772978036814e-09
18700.056 3.743867275396057e-09
18750.056 6.0396208204569886e-09
18800.056 1.2388619551603787e-08
18850.056 1.35376864582198e-08
18900.056 1.226309387789623e-08
18950.056 1.9504945273936054e-08
19000.056 1.1108734693849583e-08
19050.056 7.67199028308869e-09
19100.056 1.3662251150635308e-08
19150.056 8.617990195505354e-09
19200.056 1.1526592506119392e-08
19250.056 8.156512316687874e-09
19300.056 6.8679349277167715e-09
19350.056 5.892376345386002e-09
19400.056 4.62457632246964e-09
19450.056 8.139304035717351e-09
19500.056 7.540587274289056e-09
19550.056 6.126633031908057e-09
19600.056 9.193598404513784e-09
19650.056 9.833220601446326e-09
19700.056 1.0090442738998482e-08
19750.056 1.3253963828299484e-08
19800.056 1.2279389395287845e-08
19850.056 1.6431623497538693e-08
19900.056 1.4543144785558649e-08
19950.056 2.2051915420245097e-08
20000.056 2.2364191773054045e-08
20050.056 2.2783866686601507e-08
20100.056 2.995550320844155e-08
20150.056 2.4331849589347066e-08
20200.056 2.5375974465280234e-08
20250.056 3.398915419564288e-08
20300.056 3.552526986147043e-08
20350.056 3.9168018637982446e-08
20400.056 3.741953264431242e-08
20450.056 4.8300388385062316e-08
20500.056 5.387585229247907e-08
20550.056 5.4586964941608695e-08
20600.056 6.055116546391795e-08
20650.056 6.453243361500313e-08
20700.056 6.744593941570973e-08
20750.056 7.117327202799364e-08
20800.056 7.229848938438731e-08
20850.056 7.277897483500093e-08
20900.056 7.606120337988441e-08
20950.056 7.282405931800272e-08
21000.056 7.054822713401036e-08
21050.056 7.020393535299268e-08
21100.056 6.61360612277045e-08
21150.056 6.625970664688722e-08
21200.056 6.09900205461045e-08
21250.056 5.700061090389647e-08
21300.056 4.872029893948729e-08
21350.056 4.840207986590503e-08
21400.056 4.542883328655069e-08
21450.056 4.0438524808923025e-08
21500.056 3.663648799655064e-08
21550.056 3.312150174413935e-08
21600.056 2.8737521563574263e-08
21650.056 2.371306539214987e-08
21700.056 2.3438484979805216e-08
21750.056 2.0533945921171434e-08
21800.056 1.6740053289106586e-08
21850.056 1.5115713279773532e-08
21900.056 1.092528597000702e-08
21950.056 6.14430021826083e-09
22000.056 2.2207757749349126e-09
22050.056 1.7920170402531241e-09
22100.056 3.916193065551937e-09
22150.056 4.791980007059339e-09
22200.056 5.379509586635319e-09
22250.056 4.4479309942125364e-09
22300.056 3.2399489190040765e-09
22350.056 3.4190108425722647e-09
22400.056 2.1236718175404767e-09
22450.056 2.154782437775917e-09
22500.056 1.923633363356352e-09
22550.056 1.5115906876569622e-09
22600.056 1.4755786600418272e-09
22650.056 1.888045679458827e-09
22700.056 1.5151664525922035e-09
22750.056 1.599538252827922e-09
22800.056 1.5778984522709897e-09
22850.056 1.333895487395e-09
22900.056 1.1201910789341626e-09
22950.056 1.0588828222257866e-09
23000.056 1.3923800308892277e-09
23050.056 1.7902021963254523e-09
23100.056 4.153411298728097e-09
23150.056 4.254666640217375e-09
23200.056 6.918039646756595e-10
23250.056 1.2129365503288559e-09
23300.056 1.1233648428105622e-09
23350.056 1.2441154327756703e-09
23400.056 1.3143538689088456e-09
23450.056 1.1201022596180548e-09
23500.056 1.2407978456529837e-09
23550.056 1.7081836222901705e-09
23600.056 2.1148957913303085e-09
23650.056 2.9866877206490795e-09
23700.056 1.3613399618392715e-09
23750.056 1.1365184362375167e-09
23800.056 1.877515407988823e-09
23850.056 1.886699087683205e-09
23900.056 3.1696275624188455e-09
23950.056 2.9420575528694404e-09
24000.056 3.844561783538591e-09
24050.056 4.651720524227504e-09
24100.056 4.363148141732182e-09
24150.056 5.505516860604827e-09
24200.056 4.836058554186443e-09
24250.056 4.1246381418109245e-09
24300.056 5.621541754751335e-09
24350.056 4.8056348372433575e-09
24400.056 7.2453519357907884e-09
24450.056 7.231110640291381e-09
24500.056 7.178207034415823e-09
24550.056 9.23302303603253e-09
24600.056 9.334078914374036e-09
24650.056 1.2408834027427898e-08
24700.056 8.48948640543779e-09
24750.056 9.970755317909537e-09
24800.056 9.863201650891993e-09
24850.056 1.4211206226097259e-08
24900.056 7.84824162517725e-09
24950.056 1.419635915411297e-08
25000.056 1.2732596811054876e-08
25050.056 8.830586532050691e-09
25100.056 1.2724159186839103e-08
25150.056 7.935295924630695e-09
25200.056 1.0771525845227264e-08
25250.056 6.311014768523377e-09
25300.056 9.484582931851256e-09
25350.056 5.264061505195724e-09
25400.056 1.0345496384900076e-08
25450.056 5.066444029254506e-09
25500.056 4.9568104445436355e-09
25550.056 6.392356320343195e-09
25600.056 4.929784951454652e-09
25650.056 3.2915472962327757e-09
25700.056 6.076342332461328e-09
25750.056 2.4137938651845907e-09
25800.056 6.891373298672403e-09
25850.056 2.634926256597324e-09
25900.056 3.752274116212462e-09
25950.056 1.8375485502223822e-09
26000.056 6.997190007766178e-09
26050.056 2.8979070964121896e-09
26100.056 6.381611783166422e-09
26150.056 4.39497101680245e-09
26200.056 5.127878031687809e-09
26250.056 1.1213726749766545e-08
26300.056 5.871085777755642e-09
26350.056 1.3716145159901192e-08
26400.056 1.4005571611902923e-08
26450.056 1.3962806868095328e-08
26500.056 1.7313604407386417e-08
26550.056 7.058422767327316e-09
26600.056 9.961776611754632e-09
26650.056 3.56026260410189e-09
26700.056 3.1068982671277217e-09
26750.056 2.2957308141554448e-09
26800.056 4.403768693164181e-09
26850.056 2.4902239830160685e-09
26900.056 6.920021086579007e-09
26950.056 3.2571353466440223e-09
27000.056 1.00004040464353e-08
27050.056 8.447596594437104e-09
27100.056 4.445071414954699e-09
27150.056 1.2081310465046342e-08
27200.056 4.690576826250524e-09
27250.056 7.2883064018134245e-09
27300.056 2.0411780193676886e-08
27350.056 1.2750064523537091e-08
27400.056 2.4961067025764473e-09
27450.056 1.5496420573704796e-08
27500.056 1.5863212535007462e-08
27550.056 5.47271976565835e-09
27600.056 1.0923070674467617e-08
27650.056 4.705928021443164e-09
27700.056 3.737852195984091e-09
27750.056 1.228999848096786e-08
27800.056 4.827291584338943e-09
27850.056 6.510690551893373e-09
27900.056 6.765161745061547e-09
27950.056 1.3443543023062437e-08
28000.056 1.0584327705036669e-08
28050.056 2.961221235463804e-09
28100.056 1.2154752953491027e-08
28150.056 8.218712582608496e-09
28200.056 3.8027562409520506e-09
28250.056 1.3625558149546031e-08
28300.056 1.5462594981429058e-08
28350.056 5.13001860795391e-09
28400.056 1.0554751506184412e-08
28450.056 1.4933339887237112e-08
28500.056 1.0944210710955578e-08
28550.056 3.889311327471102e-09
28600.056 1.6604742989103877e-08
28650.056 1.3141773364990957e-08
28700.056 1.3081935622821042e-08
28750.056 1.9269191820601105e-08
28800.056 1.3543293348076811e-08
28850.056 1.7676467509794855e-08
