galfind/configs/Brown_Dwarf_templates/sonora_bobcat/m0.0/178g/sp_t1600g178nc_m0.0_resample.dat
# %ECSV 1.0
# ---
# datatype:
# - {name: wav, unit: Angstrom, datatype: float64}
# - {name: flux_nu, unit: erg / (cm2 Hz s), datatype: float64}
# meta: {C/O: '1.00', Kzz: '1.0000E+05', Teff: '1600.', Y: '0.28', '[Fe/H]': '0.00', f_hole: '1.00', f_rain: '0.00', grav: '178.'}
# schema: astropy-2.0
wav flux_nu
[from data line 499]
28950.056 8.650251099579786e-07
29000.056 7.186247126938371e-07
29050.056 7.590742799669476e-07
29100.056 6.140659089500989e-07
29150.056 8.198589263101421e-07
29200.056 7.00725658389115e-07
29250.056 8.172105027019933e-07
29300.056 6.478504589167291e-07
29350.056 9.729908637398458e-07
29400.056 7.551504640498791e-07
29450.056 7.826916109569817e-07
29500.056 8.07563093904906e-07
29550.056 7.83048396685024e-07
29600.056 8.596012633798184e-07
29650.056 8.07281975439926e-07
29700.056 7.331532744178571e-07
29750.056 8.96165730282339e-07
29800.056 9.214408496108996e-07
29850.056 8.74915970809892e-07
29900.056 8.098702515702669e-07
29950.056 9.490522937198404e-07
30000.056 9.277056368208414e-07
30050.056 8.656146169799358e-07
30100.056 7.513353540597887e-07
30150.056 1.076572553539943e-06
30200.056 9.278315546600523e-07
30250.056 9.657861589502267e-07
30300.056 9.141579131799034e-07
30350.056 8.856463798300971e-07
30400.056 1.0649218699701458e-06
30450.056 8.431617966901e-07
30500.056 7.682904307200958e-07
30550.056 9.697127747601875e-07
30600.056 9.577895285500923e-07
30650.056 9.55637413959962e-07
30700.056 8.72726589359956e-07
30750.056 8.458777656500057e-07
30800.056 9.2528872261017e-07
30850.056 7.88365265379896e-07
30900.056 8.047981819799084e-07
30950.056 7.379280891701193e-07
31000.056 7.909995086499718e-07
31050.056 7.774125724099921e-07
31100.056 6.980331971499569e-07
31150.056 7.705445548698875e-07
31200.056 7.838903690199719e-07
31250.056 7.583770290000131e-07
31300.056 7.065249798299072e-07
31350.056 6.7326020918998e-07
31400.056 6.373206985501413e-07
31450.056 6.444221132299486e-07
31500.056 6.498022323399455e-07
31550.056 6.25435825550005e-07
31600.056 5.92588797749958e-07
31650.056 5.899382298299927e-07
31700.056 5.912400791499463e-07
31750.056 5.431602057201405e-07
31800.056 6.310229539399533e-07
31850.056 5.923555321500721e-07
31900.056 6.691949454300056e-07
31950.056 5.074339844200077e-07
32000.056 5.877972015599647e-07
32050.056 6.573881955800499e-07
32100.056 6.400346338699953e-07
32150.056 6.95176991879954e-07
32200.056 6.291467696699811e-07
32250.056 7.214179205000953e-07
32300.056 6.317573160699549e-07
32350.056 7.892427304500716e-07
32400.056 6.244602353299927e-07
32450.056 7.460141240298298e-07
32500.056 7.726867296901676e-07
32550.056 8.485043791800178e-07
32600.056 8.478964916799716e-07
32650.056 9.120635695501128e-07
32700.056 8.757350684501112e-07
32750.056 8.959956481600036e-07
32800.056 8.726711202600388e-07
32850.056 9.826251648698359e-07
32900.056 1.0399576806599676e-06
32950.056 9.057817761499152e-07
33000.056 9.193270922699758e-07
33050.056 8.713279310100269e-07
33100.056 7.635667593798851e-07
33150.056 5.1109350078005e-07
33200.056 3.8535445396990053e-07
33250.056 3.243756564498957e-07
33300.056 3.024319065700487e-07
33350.056 3.420431847200128e-07
33400.056 3.6402700159996163e-07
33450.056 4.065613523899822e-07
33500.056 4.927251564600839e-07
33550.056 5.34984969190052e-07
33600.056 6.350028023100497e-07
33650.056 7.375591575601397e-07
33700.056 7.475478658399312e-07
33750.056 9.111068085399923e-07
33800.056 8.720618323198876e-07
33850.056 9.39498834449991e-07
33900.056 9.38951649869883e-07
33950.056 8.765688057499629e-07
34000.056 9.345743867898204e-07
34050.056 8.716255577498104e-07
34100.056 1.0172476861100048e-06
34150.056 9.105632880397742e-07
34200.056 8.07728469429733e-07
34250.056 9.474280043697996e-07
34300.056 8.119575795694883e-07
34350.056 7.809832039700043e-07
34400.056 7.62978993970026e-07
34450.056 8.454538406299876e-07
34500.056 8.835855360300132e-07
34550.056 7.735225372499973e-07
34600.056 9.330448926600339e-07
34650.056 8.970784515399696e-07
34700.056 8.738626817998389e-07
34750.056 9.877391788801298e-07
34800.056 9.169357311797206e-07
34850.056 8.654822788400239e-07
34900.056 9.66317720960082e-07
34950.056 8.790432301597745e-07
35000.056 1.0328084939099896e-06
35050.056 9.934704511800125e-07
35100.056 9.393187636198155e-07
35150.056 1.0592923065599654e-06
35200.056 1.0332609306801002e-06
35250.056 1.0502178807299213e-06
35300.056 1.0111916854800976e-06
35350.056 1.0099448559798719e-06
35400.056 1.047745014540127e-06
35450.056 8.515157725704018e-07
35500.056 1.1582539661599527e-06
35550.056 1.09844668785997e-06
35600.056 1.0119691147300683e-06
35650.056 1.2351141051800844e-06
35700.056 1.0268455932400946e-06
35750.056 1.1469375199797279e-06
35800.056 1.3527386199699774e-06
35850.056 1.1317140279200155e-06
35900.056 1.4067425833898228e-06
35950.056 1.3051744643700538e-06
36000.056 1.2362004067100261e-06
36050.056 1.4366644664701503e-06
36100.056 1.4348459637292464e-06
36150.056 1.3550185207202071e-06
36200.056 1.5567168990098364e-06
36250.056 1.3943171841598205e-06
36300.056 1.6694323614902394e-06
36350.056 1.5443291128698746e-06
36400.056 1.5137831072200588e-06
36450.056 1.7485631978998445e-06
36500.056 1.618528726500012e-06
36550.056 1.6522980367404947e-06
36600.056 1.709741100760093e-06
36650.056 1.7561367882698656e-06
36700.056 1.91717532443996e-06
36750.056 1.7895874510001579e-06
36800.056 1.8653699135098954e-06
36850.056 1.925122265000122e-06
36900.056 1.913804183600248e-06
36950.056 1.983316170019843e-06
37000.056 2.057505654799913e-06
37050.056 2.0678331766999033e-06
37100.056 2.0780241535202287e-06
37150.056 2.0837733012997593e-06
37200.056 2.1756350535000522e-06
37250.056 2.2102214442399965e-06
37300.056 2.1738472314000996e-06
37350.056 2.0538857843103385e-06
37400.056 2.2389802132998367e-06
37450.056 2.153411090260157e-06
37500.056 2.2460340136997748e-06
37550.056 2.2718135918997373e-06
37600.056 2.4027631333998386e-06
37650.056 2.2455826971999137e-06
37700.056 2.3944636364000286e-06
37750.056 2.39652283939995e-06
37800.056 2.478404380200023e-06
37850.056 2.3228340250999195e-06
37900.056 2.4012681989002506e-06
37950.056 2.4224363457999916e-06
38000.056 2.480312089800221e-06
38050.056 2.4793610137001403e-06
38100.056 2.3492976854002464e-06
38150.056 2.628770257599852e-06
38200.056 2.647976914999858e-06
38250.056 2.4008929407003107e-06
38300.056 2.4296970454999468e-06
38350.056 2.5437259501999203e-06
38400.056 2.557593947039792e-06
38450.056 2.7174717828001037e-06
38500.056 2.556367280899984e-06
38550.056 2.6208776060001042e-06
38600.056 2.872266933899865e-06
38650.056 2.552069389700029e-06
38700.056 2.593263519800427e-06
38750.056 2.7091708864999954e-06
38800.056 2.674461274900158e-06
38850.056 2.607648750400121e-06
38900.056 2.5413033921998885e-06
38950.056 2.7677986600999022e-06
39000.056 2.64501220430007e-06
39050.056 2.7420721054998743e-06
39100.056 2.5333815447001584e-06
39150.056 2.6804200157000694e-06
39200.056 2.76108774780006e-06
39250.056 2.731112352299559e-06
39300.056 2.695946890699561e-06
39350.056 2.7328647931902404e-06
39400.056 2.6866191741000847e-06
39450.056 2.7087382902998897e-06
39500.056 2.6047597266997664e-06
39550.056 2.6008852030497473e-06
39600.056 2.8484281148999097e-06
39650.056 2.537875547600013e-06
39700.056 2.623006534599897e-06
39750.056 2.597384455419763e-06
39800.056 2.45385721060007e-06
39850.056 2.586194177599828e-06
39900.056 2.5405567622000835e-06
39950.056 2.655802540799828e-06
40000.056 2.3878377712999472e-06
40050.056 2.3434333989000065e-06
40100.056 2.5089134022999034e-06
40150.056 2.3410148660996247e-06
40200.056 2.4243799110997996e-06
40250.056 2.292854972389421e-06
40300.056 2.2233700727502086e-06
40350.056 2.406726632800225e-06
40400.056 2.3672802780200493e-06
40450.056 2.273738906700187e-06
40500.056 2.0796364209002223e-06
40550.056 2.4203807310998138e-06
40600.056 2.0535341415602504e-06
40650.056 2.21652032352011e-06
40700.056 2.3515423971000767e-06
40750.056 2.0593942618992885e-06
40800.056 2.0027925802301375e-06
40850.056 1.9689881570204307e-06
40900.056 1.969225134100169e-06
40950.056 2.063272189439958e-06
41000.056 2.0777653493999624e-06
41050.056 2.059868738289714e-06
41100.056 1.9334758329099783e-06
41150.056 2.0470528833999958e-06
41200.056 1.963597951100053e-06
41250.056 1.9842532957201435e-06
41300.056 1.7254696843396663e-06
41350.056 2.0366452456600528e-06
41400.056 1.8757852988001972e-06
41450.056 1.8996106309402305e-06
41500.056 1.9785717461401177e-06
41550.056 1.907663006340027e-06
41600.056 1.9254761903000723e-06
41650.056 1.8005838191002902e-06
41700.056 1.7102284854597786e-06
41750.056 1.7779393252098717e-06
41800.056 1.8305464444297346e-06
41850.056 1.5198860139902643e-06
41900.056 1.8185706746799252e-06
41950.056 1.6428706192804098e-06
42000.056 1.6590656972501704e-06
42050.056 1.4718110501596398e-06
42100.056 1.7044515762502187e-06
42150.056 1.2738440259996428e-06
42200.056 1.3870828692100564e-06
42250.056 1.5271641747600082e-06
42300.056 1.2850753347800484e-06
42350.056 1.5267009978603602e-06
42400.056 1.294632852730298e-06
42450.056 1.1577132386401173e-06
42500.056 1.2218915284101838e-06
42550.056 1.2362059965399673e-06
42600.056 1.2407984342002666e-06
42650.056 1.141580851899429e-06
42700.056 1.2653326666203789e-06
42750.056 1.1698597522799284e-06
42800.056 1.1568589562503686e-06
42850.056 1.2599637032196854e-06
42900.056 1.222229562550056e-06
42950.056 1.118030441979517e-06
43000.056 1.1589176033600026e-06
43050.056 1.0484323491104672e-06
43100.056 1.1598707989401331e-06
43150.056 1.1559202957401614e-06
43200.056 1.1472471387501403e-06
43250.056 1.1280299507698274e-06
43300.056 1.1837429833100936e-06
43350.056 1.0443148209399212e-06
43400.056 1.0948253709599528e-06
43450.056 1.0746461792702532e-06
43500.056 1.0687227639998895e-06
43550.056 1.108155435050078e-06
43600.056 1.1420783885100648e-06
43650.056 1.0068706595900586e-06
43700.056 1.0048747260597708e-06
43750.056 1.0363709888701865e-06
43800.056 9.62707238160106e-07
43850.056 9.851603589902045e-07
43900.056 1.0206224696799115e-06
43950.056 9.414673730700971e-07
44000.056 8.997984591800938e-07
44050.056 9.07635639860071e-07
44100.056 9.508453748601224e-07
44150.056 9.783305163998514e-07
44200.056 9.23796986589993e-07
44250.056 9.07885091040023e-07
44300.056 8.870013703200829e-07
44350.056 8.646201423900363e-07
44400.056 9.077431349699553e-07
44450.056 9.183728932600203e-07
44500.056 9.172131481400834e-07
44550.056 8.526124125298504e-07
44600.056 8.577199990300879e-07
44650.056 9.055571417400543e-07
44700.056 8.412209829200448e-07
44750.056 8.791974788699212e-07
44800.056 8.815322220399653e-07
44850.056 8.671984720000829e-07
44900.056 8.207801593100788e-07
44950.056 7.920721806200314e-07
45000.056 8.469191595899551e-07
45050.056 8.49841349989941e-07
45100.056 8.784089871999885e-07
45150.056 8.131954050199889e-07
45200.056 7.605634976300124e-07
45250.056 7.848731714699418e-07
45300.056 8.400897040000294e-07
45350.056 8.613757760899457e-07
45400.056 8.188029164700847e-07
45450.056 7.633547051898912e-07
45500.056 7.938829808199689e-07
45550.056 8.539768098899651e-07
45600.056 7.931737644699868e-07
45650.056 7.365518316798799e-07
45700.056 8.500554280300561e-07
45750.056 7.710011702900205e-07
45800.056 7.661601735999698e-07
45850.056 8.950614400899681e-07
45900.056 8.815099019600269e-07
45950.056 7.742108427900015e-07
46000.056 8.971523943200244e-07
46050.056 8.936164819801587e-07
46100.056 7.553325189900678e-07
46150.056 8.295764464199631e-07
46200.056 8.67450078340158e-07
46250.056 7.392894426999949e-07
46300.056 9.297993039499868e-07
46350.056 8.064198239999279e-07
46400.056 8.286586065599271e-07
46450.056 8.632318715900918e-07
46500.056 7.805005873999502e-07
46550.056 9.483247697499918e-07
46600.056 8.818660666600393e-07
46650.056 1.1113225828298511e-06
46700.056 1.035728117010314e-06
46750.056 8.306174356799552e-07
46800.056 8.953701078601064e-07
46850.056 9.722438609401094e-07
46900.056 9.117975988298624e-07
46950.056 1.020283911090007e-06
47000.056 8.546597333699985e-07
47050.056 1.0288758646298758e-06
47100.056 7.974896538100676e-07
47150.056 8.80746526450082e-07
47200.056 9.517533347901727e-07
47250.056 8.445732845899265e-07
47300.056 8.716665301898363e-07
47350.056 7.799958382998864e-07
47400.056 9.44417422099863e-07
47450.056 8.205151277199475e-07
47500.056 9.422207781298956e-07
47550.056 8.311463294899396e-07
47600.056 9.450232230499354e-07
47650.056 7.187161087998629e-07
47700.056 9.65712057680049e-07
47750.056 6.924470824901295e-07
47800.056 9.462126342799204e-07
47850.056 7.368097683299161e-07
47900.056 9.291739063200378e-07
47950.056 7.340774404901026e-07
48000.056 1.04361567031e-06
48050.056 8.067287961200984e-07
48100.056 8.943394679599853e-07
48150.056 8.090453956201071e-07
48200.056 9.499893842100892e-07
48250.056 7.972545931400192e-07
48300.056 1.0295878954598407e-06
48350.056 7.316727058099455e-07
48400.056 9.179344461699892e-07
48450.056 7.723836263900191e-07
48500.056 1.044660559380026e-06
48550.056 7.392048066900044e-07
48600.056 9.714153923899287e-07
48650.056 7.716221733799765e-07
48700.056 9.641305373800655e-07
48750.056 6.98776828620048e-07
48800.056 1.053573931620042e-06
48850.056 7.505724357098583e-07
48900.056 9.895513052100804e-07
48950.056 8.791482527800088e-07
49000.056 8.521674940099097e-07
49050.056 9.417335249999752e-07
49100.056 8.508543994300675e-07
49150.056 9.098450302699751e-07
49200.056 8.46545111199967e-07
49250.056 9.095868617000129e-07
49300.056 7.909492713499399e-07
49350.056 8.52372451379991e-07
49400.056 9.77081842660038e-07
49450.056 8.482915624601825e-07
49500.056 8.864828091600208e-07
49550.056 7.757073528699849e-07
49600.056 8.565607071901643e-07
49650.056 8.956238593700025e-07
49700.056 7.824347123399299e-07
49750.056 1.1410169364198704e-06
49800.056 8.485967509200351e-07
49850.056 1.0946419631900659e-06
49900.056 8.678039511400397e-07
49950.056 9.236046724298336e-07
50000.056 9.129718541698243e-07
50050.056 9.09635858670053e-07
50100.056 9.89669489099947e-07
50150.056 8.222986665100205e-07
50200.056 7.79395264790085e-07
50250.056 9.303029920200288e-07
50300.056 8.540021344699636e-07
50350.056 1.0280829964799861e-06
50400.056 8.777916863199544e-07
50450.056 8.771759022901277e-07
50500.056 1.094685106450142e-06
50550.056 9.09184530199983e-07
50600.056 9.845681686199864e-07
50650.056 9.294256040101586e-07
50700.056 1.029847696759796e-06
50750.056 1.071212593800135e-06
50800.056 7.761886899898993e-07
50850.056 9.233541932801456e-07
50900.056 1.0180160746799586e-06
50950.056 1.0002963234601749e-06
51000.056 1.1681497691000976e-06
51050.056 8.878390412700854e-07
51100.056 8.537431243799327e-07
51150.056 9.90247768969934e-07
51200.056 9.691493152699738e-07
51250.056 1.0412722237799698e-06
51300.056 8.527571669602548e-07
51350.056 9.731836958898705e-07
51400.056 8.896659746998365e-07
51450.056 6.938996606398868e-07
51500.056 9.001279069300461e-07
51550.056 1.1766179199601002e-06
51600.056 8.066418553600558e-07
51650.056 9.516439282898731e-07
51700.056 9.117739241297566e-07
51750.056 8.48381595410056e-07
51800.056 1.040983610409787e-06
51850.056 1.0072511378298813e-06
51900.056 1.0890174231101637e-06
51950.056 9.964594805999199e-07
52000.056 8.144504124199601e-07
52050.056 9.644585690699448e-07
52100.056 8.868420818498691e-07
52150.056 8.964698959500404e-07
52200.056 8.643099230200228e-07
52250.056 9.201677294300028e-07
52300.056 1.0458647359499827e-06
52350.056 1.0786213796800994e-06
52400.056 7.907462251701239e-07
52450.056 9.374254171700034e-07
52500.056 1.0571851212098377e-06
52550.056 9.89953968969751e-07
52600.056 9.820427444201194e-07
52650.056 1.0972142852001426e-06
52700.056 9.2834958479002e-07
52750.056 7.881885874399333e-07
52800.056 8.76750046710077e-07
52850.056 8.409167256798987e-07
52900.056 9.372155580200301e-07
52950.056 9.194060310699113e-07
53000.056 1.0573564515899419e-06
53050.056 8.889994294998216e-07
53100.056 8.816753886998402e-07
53150.056 1.111105397440143e-06
53200.056 7.588934033600762e-07
53250.056 1.0711629981799892e-06
53300.056 1.0582334111704095e-06
53350.056 1.0456045364898819e-06
53400.056 9.891402605900672e-07
53450.056 8.665047621600389e-07
53500.056 7.285460916998795e-07
53550.056 9.227442735099219e-07
53600.056 1.0116415936101568e-06
53650.056 8.182167024900825e-07
53700.056 8.599401981901492e-07
53750.056 9.325104811700152e-07
