galfind/configs/Brown_Dwarf_templates/sonora_bobcat/m0.0/178g/sp_t2400g178nc_m0.0_resample.dat
# %ECSV 1.0
# ---
# datatype:
# - {name: wav, unit: Angstrom, datatype: float64}
# - {name: flux_nu, unit: erg / (cm2 Hz s), datatype: float64}
# meta: {C/O: '1.00', Kzz: '1.0000E+05', Teff: '2400.', Y: '0.28', '[Fe/H]': '0.00', f_hole: '1.00', f_rain: '0.00', grav: '178.'}
# schema: astropy-2.0
wav flux_nu
4000.0559999999996 nan
4050.0559999999996 3.8970424273183717e-08
4100.056 4.054707435531264e-08
4150.056 3.4893994383382755e-08
4200.056 2.74703961748327e-08
4250.056 2.4620216595323724e-08
4300.056 1.697757657865634e-08
4350.056 1.7319577293880284e-08
4400.056 1.709162644033607e-08
4450.056 9.38011060367103e-09
4500.056 9.888075521131928e-09
4550.056 1.2413776886216222e-08
4600.056 9.627926042957994e-09
4650.056 6.9044679917704335e-09
4700.056 8.523606399591878e-09
4750.056 1.1033086711845527e-08
4800.056 6.3874293299720225e-09
4850.056 8.40547410594419e-09
4900.056 1.892842573094731e-08
4950.056 2.3066354111580232e-08
5000.056 9.035168602089968e-09
5050.056 1.3621239187535335e-08
5100.056 3.074171424305677e-08
5150.056 3.45157187280594e-08
5200.056 1.616276664278117e-08
5250.056 2.3593558768416674e-08
5300.056 2.916554526410141e-08
5350.056 2.6684564519004583e-08
5400.056 2.9592623451599045e-08
5450.056 2.2200870533695376e-08
5500.056 1.6348205449696698e-08
5550.056 2.385780894209858e-08
5600.056 1.5601808467100688e-08
5650.056 1.1500384207902034e-08
5700.056 1.661757124900238e-08
5750.056 1.9364099633797745e-08
5800.056 2.363468952089913e-08
5850.056 1.4519263067801484e-08
5900.056 2.9275900645252562e-09
5950.056 1.0127531257000487e-08
6000.056 1.785571457739875e-08
6050.056 3.20318449250042e-08
6100.056 4.748645812799924e-08
6150.056 4.6887997635286945e-08
6200.056 1.66509784232022e-08
6250.056 1.7285092561502943e-08
6300.056 2.8415788056001398e-08
6350.056 4.238883538600323e-08
6400.056 5.829186555500575e-08
6450.056 8.367553436496828e-08
6500.056 8.210161055797287e-08
6550.056 1.0898200666696834e-07
6600.056 8.021390262901283e-08
6650.056 5.380542928600918e-08
6700.056 3.770267470126419e-08
6750.056 4.485150875800794e-08
6800.056 5.187194739099943e-08
6850.056 7.00940635509946e-08
6900.056 1.0414634817999562e-07
6950.056 1.6008505401298055e-07
7000.056 2.8980923954396304e-07
7050.056 2.6967900664403617e-07
7100.056 1.058317797599891e-07
7150.056 6.15136191420159e-08
7200.056 1.010765597369902e-07
7250.056 1.760749346720279e-07
7300.056 3.4778859626208254e-07
7350.056 5.739877498449773e-07
7400.056 8.234121296500622e-07
7450.056 9.698253790399728e-07
7500.056 1.111417305920052e-06
7550.056 1.2337930458700397e-06
7600.056 7.769137949249639e-07
7650.056 2.391533961703434e-07
7700.056 1.4554637758685147e-07
7750.056 3.5961895683610375e-07
7800.056 4.382697871051409e-07
7850.056 4.840256499449803e-07
7900.056 5.972340853480974e-07
7950.056 6.635880520732822e-07
8000.056 8.459831029098536e-07
8050.056 1.2395621883798932e-06
8100.056 1.6937455419603313e-06
8150.056 2.209629038050043e-06
8200.056 1.52454427889177e-06
8250.056 1.8256454562498587e-06
8300.056 1.4663384396704165e-06
8350.056 1.5499654662504908e-06
8400.056 1.5592947837202968e-06
8450.056 8.264974860398306e-07
8500.056 7.147380535803836e-07
8550.056 9.593610236400304e-07
8600.056 1.2397991370795477e-06
8650.056 1.6578161668597999e-06
8700.056 1.9552210848202216e-06
8750.056 2.357731587470178e-06
8800.056 2.927443259970535e-06
8850.056 2.699740221310218e-06
8900.056 1.8722197657400701e-06
8950.056 2.053216439974777e-06
9000.056 2.497944976350292e-06
9050.056 2.677495729339292e-06
9100.056 3.271591995540214e-06
9150.056 3.7189701760199922e-06
9200.056 3.588372862410813e-06
9250.056 2.581634606839844e-06
9300.056 2.231919949090221e-06
9350.056 2.4747887662196163e-06
9400.056 2.7038816225907615e-06
9450.056 3.004452980239131e-06
9500.056 3.521303346899804e-06
9550.056 3.875435605800585e-06
9600.056 4.182839281000837e-06
9650.056 4.598360945401078e-06
9700.056 4.900177336699641e-06
9750.056 4.064064917000148e-06
9800.056 4.3653236607997e-06
9850.056 4.2557454905999494e-06
9900.056 3.979218034699975e-06
9950.056 3.953280209030303e-06
10000.056 3.9893138652497916e-06
10050.056 3.8493411255598555e-06
10100.056 4.427564483571635e-06
10150.056 4.333539216919689e-06
10200.056 4.6296569216190776e-06
10250.056 4.552143483738305e-06
10300.056 4.550806301279565e-06
10350.056 4.9859691222096676e-06
10400.056 5.2258528188801155e-06
10450.056 5.523684161100615e-06
10500.056 5.668458016908596e-06
10550.056 5.849077501140406e-06
10600.056 6.1632074021203745e-06
10650.056 6.252107349359163e-06
10700.056 6.475322702390206e-06
10750.056 6.749593674860348e-06
10800.056 6.976165626879521e-06
10850.056 7.224324303600005e-06
10900.056 7.18916842799955e-06
10950.056 7.064225126198351e-06
11000.056 6.843780694600301e-06
11050.056 5.47850207009945e-06
11100.056 5.863608925951009e-06
11150.056 6.125742212339481e-06
11200.056 6.2144846798401216e-06
11250.056 6.7379772739200715e-06
11300.056 6.813392511600047e-06
11350.056 6.590673074079934e-06
11400.056 5.427038659759915e-06
11450.056 6.955677684398942e-06
11500.056 7.430432284599397e-06
11550.056 7.355944040099973e-06
11600.056 7.528303013878947e-06
11650.056 7.74340859230074e-06
11700.056 6.886588467839777e-06
11750.056 7.017256276359505e-06
11800.056 7.02746254590026e-06
11850.056 7.889044266600083e-06
11900.056 8.045328299198743e-06
11950.056 7.988168658599697e-06
12000.056 7.760256669800513e-06
12050.056 8.196679125700465e-06
12100.056 8.198236648000061e-06
12150.056 8.62290618699984e-06
12200.056 8.72371798520003e-06
12250.056 9.012383115799493e-06
12300.056 9.121500173500936e-06
12350.056 9.197268615600458e-06
12400.056 8.70173307739929e-06
12450.056 7.774412084540055e-06
12500.056 8.264088289798731e-06
12550.056 8.266325568600013e-06
12600.056 8.652161653600019e-06
12650.056 8.915394180799497e-06
12700.056 9.099451748099327e-06
12750.056 9.201287140200327e-06
12800.056 9.5996203465989e-06
12850.056 9.522729787800213e-06
12900.056 9.440803299799359e-06
12950.056 9.647480915498989e-06
13000.056 9.851565288499203e-06
13050.056 9.978835174599575e-06
13100.056 9.960805947999232e-06
13150.056 1.0038782696499631e-05
13200.056 9.85003006419943e-06
13250.056 9.502976116300146e-06
13300.056 8.813843214298747e-06
13350.056 6.668489712480802e-06
13400.056 6.546099170190072e-06
13450.056 6.09378557685979e-06
13500.056 6.09995358220954e-06
13550.056 5.92030080613235e-06
13600.056 5.588459717630022e-06
13650.056 5.872775942910009e-06
13700.056 5.565593594050462e-06
13750.056 5.672072690428999e-06
13800.056 6.092643203451154e-06
13850.056 6.070482259619362e-06
13900.056 5.861857678650065e-06
13950.056 5.680930120699886e-06
14000.056 5.424183958170246e-06
14050.056 5.534434678271271e-06
14100.056 5.148292805250753e-06
14150.056 5.1311158038103544e-06
14200.056 4.918523921990582e-06
14250.056 4.894639964779077e-06
14300.056 4.939373529579216e-06
14350.056 4.99566302442043e-06
14400.056 5.129577297270248e-06
14450.056 5.328023106700337e-06
14500.056 5.5578241673595465e-06
14550.056 5.5702556434399176e-06
14600.056 5.728438109201158e-06
14650.056 5.6518925263983505e-06
14700.056 5.354373859449367e-06
14750.056 5.561680269100639e-06
14800.056 5.604502391180943e-06
14850.056 5.896505793179017e-06
14900.056 5.906094188219579e-06
14950.056 5.9449381086009e-06
15000.056 6.0471544808007396e-06
15050.056 6.441040315899102e-06
15100.056 6.386765980500731e-06
15150.056 6.4818446958003635e-06
15200.056 6.741208170799628e-06
15250.056 6.722127722999779e-06
15300.056 6.943075102699955e-06
15350.056 7.091107440500277e-06
15400.056 7.185656367600025e-06
15450.056 7.385907222500433e-06
15500.056 7.468736571699128e-06
15550.056 7.715858379999714e-06
15600.056 7.710890242400853e-06
15650.056 7.9145151512999e-06
15700.056 8.238506954802012e-06
15750.056 8.425432912499299e-06
15800.056 8.522098659500856e-06
15850.056 8.31529530050066e-06
15900.056 8.47354466670077e-06
15950.056 8.598161484500015e-06
16000.056 8.719563602499493e-06
16050.056 8.940749757100533e-06
16100.056 9.073974757800258e-06
16150.056 9.043343071600333e-06
16200.056 9.229543257299529e-06
16250.056 9.264962280599916e-06
16300.056 9.352935131100106e-06
16350.056 9.68399967869943e-06
16400.056 9.61324877950131e-06
16450.056 9.835790022000589e-06
16500.056 9.985566076900614e-06
16550.056 1.0303146593699261e-05
16600.056 1.004164005820052e-05
16650.056 1.0566579062700966e-05
16700.056 1.0356242209098536e-05
16750.056 1.0483240644499386e-05
16800.056 1.0655276601000356e-05
16850.056 1.0682845298199355e-05
16900.056 1.0509917012200165e-05
16950.056 1.0452594397399032e-05
17000.056 1.0399044475801134e-05
17050.056 1.0278880682400548e-05
17100.056 9.926123792399948e-06
17150.056 9.769195196700008e-06
17200.056 9.296135839999738e-06
17250.056 9.03586639129981e-06
17300.056 9.188337553999032e-06
17350.056 8.859830980200192e-06
17400.056 8.96163273102011e-06
17450.056 8.554663948696972e-06
17500.056 8.324894474899168e-06
17550.056 8.21770210709055e-06
17600.056 7.995225190260394e-06
17650.056 8.10292125571858e-06
17700.056 7.41520178250867e-06
17750.056 7.253228668879978e-06
17800.056 7.1259569296414775e-06
17850.056 6.934360861620857e-06
17900.056 6.913221065100133e-06
17950.056 6.75760666563925e-06
18000.056 6.4041102446706465e-06
18050.056 6.463445392052389e-06
18100.056 6.270778291489947e-06
18150.056 6.6538407373919565e-06
18200.056 6.001060251299864e-06
18250.056 6.546507443258918e-06
18300.056 6.367424371399392e-06
18350.056 6.219583473910085e-06
18400.056 6.08919196839004e-06
18450.056 5.670315126282517e-06
18500.056 5.794776807080775e-06
18550.056 5.590321638939947e-06
18600.056 4.941165214147893e-06
18650.056 5.542664354661136e-06
18700.056 5.8265719030607506e-06
18750.056 5.601942669982275e-06
18800.056 5.660422615602046e-06
18850.056 6.240542745539362e-06
18900.056 6.039369891708227e-06
18950.056 6.044744143649518e-06
19000.056 6.340312145948897e-06
19050.056 6.218632648600174e-06
19100.056 6.271384674341927e-06
19150.056 6.4624393725397745e-06
19200.056 6.427324657961509e-06
19250.056 6.2158579338486955e-06
19300.056 6.421039133179382e-06
19350.056 6.561340666389418e-06
19400.056 6.185872626608728e-06
19450.056 6.514058015920951e-06
19500.056 6.560495588259434e-06
19550.056 6.051344262730973e-06
19600.056 6.589219290329152e-06
19650.056 6.459457311667061e-06
19700.056 6.5079038253604165e-06
19750.056 6.195764807740214e-06
19800.056 6.416602061859284e-06
19850.056 6.3395091339514e-06
19900.056 6.022707276481993e-06
19950.056 6.498135805639713e-06
20000.056 5.9289124302708325e-06
20050.056 6.204586071661398e-06
20100.056 6.261065157346773e-06
20150.056 6.169718584501387e-06
20200.056 6.260963109158512e-06
20250.056 6.426510382700149e-06
20300.056 6.4284697416006495e-06
20350.056 6.442488223299342e-06
20400.056 6.408105488497227e-06
20450.056 6.623828530999477e-06
20500.056 6.599666770400083e-06
20550.056 6.71648920559951e-06
20600.056 6.918866698400577e-06
20650.056 6.7515458533010955e-06
20700.056 6.964416354900085e-06
20750.056 6.970492750499119e-06
20800.056 7.1636850856001725e-06
20850.056 7.1381861336000476e-06
20900.056 7.357062520399918e-06
20950.056 7.40240237479954e-06
21000.056 7.615172216299548e-06
21050.056 7.64405504170026e-06
21100.056 7.678871419700071e-06
21150.056 7.936577865400342e-06
21200.056 7.937434211400505e-06
21250.056 8.167119391699225e-06
21300.056 7.996944982899897e-06
21350.056 8.351882404600491e-06
21400.056 8.188102984700285e-06
21450.056 8.734325230200105e-06
21500.056 8.415643858700298e-06
21550.056 8.596743131699535e-06
21600.056 8.7831140763006e-06
21650.056 8.784554616800439e-06
21700.056 9.010499334799578e-06
21750.056 8.914144789899984e-06
21800.056 8.944766057699744e-06
21850.056 9.038613418499827e-06
21900.056 9.199059676100708e-06
21950.056 9.131283934100425e-06
22000.056 9.386106408599472e-06
22050.056 9.059160521299292e-06
22100.056 9.279571789799674e-06
22150.056 9.462038562300632e-06
22200.056 9.3117337270012e-06
22250.056 9.712274717800423e-06
22300.056 9.616313537399686e-06
22350.056 9.4658700394003e-06
22400.056 9.784357383100127e-06
22450.056 9.694848578699197e-06
22500.056 9.804087390699787e-06
22550.056 9.757855906198941e-06
22600.056 9.718943756199631e-06
22650.056 9.76216246220132e-06
22700.056 9.743480584501287e-06
22750.056 9.954250946099358e-06
22800.056 9.72491513420001e-06
22850.056 9.847947633400663e-06
22900.056 1.0003642863899357e-05
22950.056 8.154005781000833e-06
23000.056 8.894227194500478e-06
23050.056 9.099794579028598e-06
23100.056 8.877689141730167e-06
23150.056 9.012992299140847e-06
23200.056 9.00800009383016e-06
23250.056 7.789451472708242e-06
23300.056 8.29262716091029e-06
23350.056 8.401536328159892e-06
23400.056 8.25297642860033e-06
23450.056 8.439471518400301e-06
23500.056 8.228087153498544e-06
23550.056 7.4440345416022456e-06
23600.056 7.67949000913155e-06
23650.056 8.121972394958795e-06
23700.056 8.030826896778222e-06
23750.056 8.014834384790615e-06
23800.056 7.915403853021144e-06
23850.056 6.9109652392405194e-06
23900.056 7.339627298969486e-06
23950.056 7.512820355201934e-06
24000.056 7.178102615198819e-06
24050.056 7.036541012541375e-06
24100.056 6.626984973798162e-06
24150.056 6.4759804708207275e-06
24200.056 6.546748179098443e-06
24250.056 6.4838935553006276e-06
24300.056 6.19313602990035e-06
24350.056 5.967648639280032e-06
24400.056 6.318163189399753e-06
24450.056 5.94043797872012e-06
24500.056 5.554538233950515e-06
24550.056 5.496683441439784e-06
24600.056 5.45112051495095e-06
24650.056 5.850911536919744e-06
24700.056 5.207605176279998e-06
24750.056 5.005439789211037e-06
24800.056 4.916832440590202e-06
24850.056 5.4229031283805165e-06
24900.056 4.628188918092359e-06
24950.056 5.376593497339428e-06
25000.056 4.864662139440424e-06
25050.056 4.303647463710891e-06
25100.056 4.876204886189741e-06
25150.056 4.417256915610196e-06
25200.056 4.654873673469362e-06
25250.056 4.542015038108802e-06
25300.056 4.6124034964005365e-06
25350.056 4.228075791219899e-06
25400.056 4.385611391401611e-06
25450.056 4.249508079020178e-06
25500.056 4.410015800621515e-06
25550.056 4.214116209780004e-06
25600.056 4.30003125524002e-06
25650.056 4.016268939509692e-06
25700.056 4.6034434401082295e-06
25750.056 3.876264726940847e-06
25800.056 4.397197684800558e-06
25850.056 4.2455120797395755e-06
25900.056 4.415427962401226e-06
25950.056 4.180530197200933e-06
26000.056 4.297790694490825e-06
26050.056 4.7107716760600665e-06
26100.056 4.4727495150809794e-06
26150.056 4.548505808298931e-06
26200.056 4.310109475540369e-06
26250.056 4.394199615090987e-06
26300.056 4.463531543309695e-06
26350.056 4.333546265799576e-06
26400.056 4.424458401219368e-06
26450.056 4.364651469420328e-06
26500.056 4.530195564028752e-06
26550.056 4.678915640999072e-06
26600.056 5.0900665871488845e-06
26650.056 4.4921274922489395e-06
26700.056 4.540356385639521e-06
26750.056 4.391771154218406e-06
26800.056 4.60907123522873e-06
26850.056 4.257320461220714e-06
26900.056 4.822889367589915e-06
26950.056 3.7548957961803187e-06
27000.056 4.592376815200897e-06
27050.056 4.1161136748292255e-06
27100.056 4.106123607349475e-06
27150.056 4.243850446889756e-06
27200.056 4.215536927820793e-06
27250.056 3.904097768631837e-06
27300.056 4.132594661440293e-06
27350.056 4.092724891468565e-06
27400.056 3.746049397690068e-06
27450.056 4.324874963128574e-06
27500.056 4.018047479120436e-06
27550.056 4.035714797279939e-06
27600.056 4.244300017109572e-06
27650.056 3.7325192078997063e-06
27700.056 3.753655924770521e-06
27750.056 4.331184336947735e-06
27800.056 3.580824809430084e-06
27850.056 3.8132602063687823e-06
27900.056 3.785789393669918e-06
27950.056 4.181299236709637e-06
28000.056 4.0487138466809505e-06
28050.056 3.4460831314806144e-06
28100.056 4.266167719862086e-06
28150.056 3.6736881601701858e-06
28200.056 3.3098454584201703e-06
28250.056 3.78812988578986e-06
28300.056 4.173559513351111e-06
28350.056 3.7378629906287835e-06
28400.056 3.755809179950137e-06
28450.056 3.723029652729419e-06
28500.056 3.828069608029439e-06
28550.056 3.2582638647190433e-06
28600.056 4.138814045620542e-06
28650.056 3.982373312619683e-06
28700.056 3.6329070819494263e-06
28750.056 3.891015589339601e-06
28800.056 3.873217100070534e-06
28850.056 3.929106264160228e-06
28900.056 3.4721377861603995e-06
28950.056 4.2946610661194e-06
29000.056 3.63351650804892e-06
29050.056 3.763938958380082e-06
