galfind/configs/Brown_Dwarf_templates/sonora_bobcat/m0.0/178g/sp_t275g178nc_m0.0_resample.dat
# %ECSV 1.0
# ---
# datatype:
# - {name: wav, unit: Angstrom, datatype: float64}
# - {name: flux_nu, unit: erg / (cm2 Hz s), datatype: float64}
# meta: {C/O: '1.00', Kzz: '1.0000E+05', Teff: '275.', Y: '0.28', '[Fe/H]': '0.00', f_hole: '1.00', f_rain: '0.00', grav: '178.'}
# schema: astropy-2.0
wav flux_nu
4000.0559999999996 nan
4050.0559999999996 2.0711303311700389e-19
4100.056 4.788570251970069e-18
4150.056 2.4690935405000204e-17
4200.056 3.250543556670019e-17
4250.056 1.6287294534800117e-16
4300.056 3.4971540368000144e-16
4350.056 6.336446211900024e-16
4400.056 1.0411850688600029e-15
4450.056 1.6248576512000035e-15
4500.056 2.592551386200009e-15
4550.056 3.539834162500002e-15
4600.056 3.2600610628000016e-15
4650.056 3.2074110707999976e-15
4700.056 2.707378033799996e-15
4750.056 2.020910091099996e-15
4800.056 1.5052744238999957e-15
4850.056 9.31518175249995e-16
4900.056 6.196547715599982e-16
4950.056 4.524707955099991e-16
5000.056 2.8464050052999855e-16
5050.056 1.902927874200003e-16
5100.056 2.1457496082000153e-16
5150.056 2.6278637061000014e-16
5200.056 3.1414451017000075e-16
5250.056 3.5785418609000054e-16
5300.056 4.081483760000007e-16
5350.056 4.676487399500007e-16
5400.056 5.189284168200009e-16
5450.056 5.948820553900028e-16
5500.056 6.93384469730001e-16
5550.056 8.057779943300009e-16
5600.056 9.114160681200011e-16
5650.056 9.974203435900004e-16
5700.056 1.0004104669000018e-15
5750.056 1.0295654510900008e-15
5800.056 9.698725672099978e-16
5850.056 6.628894679999905e-16
5900.056 1.5320880814211083e-16
5950.056 1.1782629583400365e-15
6000.056 2.6439737263000017e-15
6050.056 5.110378718300042e-15
6100.056 8.658600982400069e-15
6150.056 1.3353140809000077e-14
6200.056 1.9477836310000097e-14
6250.056 2.6117398169000024e-14
6300.056 3.6309666082000055e-14
6350.056 4.962002933400005e-14
6400.056 6.60807727730002e-14
6450.056 6.976861870299909e-14
6500.056 8.819476590700132e-14
6550.056 1.2347636635099727e-13
6600.056 1.7573645144700356e-13
6650.056 2.6587428045000225e-13
6700.056 3.7132613519000225e-13
6750.056 5.297252949000029e-13
6800.056 6.213810746100019e-13
6850.056 6.155739368499993e-13
6900.056 4.3626353607399714e-13
6950.056 2.49977227408005e-13
7000.056 3.0856034276298985e-13
7050.056 3.060447862610022e-13
7100.056 3.586016663699965e-13
7150.056 2.2804022755629236e-13
7200.056 1.111587376441792e-13
7250.056 1.3114745293250397e-13
7300.056 1.4288147388196035e-13
7350.056 2.4269172900856934e-13
7400.056 3.8054825885300883e-13
7450.056 6.340187301800194e-13
7500.056 8.841374400700033e-13
7550.056 1.0946681419800029e-12
7600.056 1.2189912695000007e-12
7650.056 7.380274928269882e-13
7700.056 7.770781782800137e-13
7750.056 1.551775985300013e-12
7800.056 1.8136486067000039e-12
7850.056 1.99135436689997e-12
7900.056 2.21595774519999e-12
7950.056 2.5703694522299955e-12
8000.056 2.816981067100005e-12
8050.056 3.1057224314000273e-12
8100.056 1.5717715910489154e-12
8150.056 5.748813539306812e-13
8200.056 1.8477553333855793e-12
8250.056 1.944071945772427e-12
8300.056 1.799799341551168e-12
8350.056 2.060803944441658e-12
8400.056 2.977464082482116e-12
8450.056 5.349280315280022e-12
8500.056 7.1715373539000145e-12
8550.056 9.444540909700143e-12
8600.056 1.173187428220007e-11
8650.056 1.2855977297000027e-11
8700.056 1.1364018568000007e-11
8750.056 1.08202505207e-11
8800.056 8.75737565849981e-12
8850.056 5.379275510539677e-12
8900.056 2.8908965174470045e-13
8950.056 6.06430757190918e-14
9000.056 6.670437758905961e-14
9050.056 5.562757477224976e-13
9100.056 7.00092040528875e-13
9150.056 1.1603196596409462e-12
9200.056 3.421490670269673e-12
9250.056 2.1417574133089888e-12
9300.056 4.037933963655988e-15
9350.056 3.70658792841596e-15
9400.056 1.0123078270648975e-13
9450.056 4.0793538089545686e-14
9500.056 3.702973782488687e-14
9550.056 3.08284210370485e-14
9600.056 6.58718645880242e-14
9650.056 2.3327497267638006e-13
9700.056 1.823808115951493e-12
9750.056 1.0659405454516657e-12
9800.056 1.358375712633134e-12
9850.056 1.7952438435849833e-12
9900.056 2.9663712752492988e-12
9950.056 3.055204471970243e-12
10000.056 2.8551318829567614e-12
10050.056 2.9051163863899406e-12
10100.056 2.2925939667999973e-12
10150.056 1.03482090662998e-12
10200.056 1.907357487363099e-13
10250.056 2.3127291974569796e-13
10300.056 6.468674818803979e-13
10350.056 1.925801249146002e-13
10400.056 8.937597568557323e-13
10450.056 1.7541050595897777e-12
10500.056 3.413668883160147e-12
10550.056 6.7402114739000995e-12
10600.056 9.044632226000239e-12
10650.056 9.209965219499966e-12
10700.056 7.097886139399904e-12
10750.056 6.576077093359839e-12
10800.056 5.814332214600112e-12
10850.056 4.682943740430042e-12
10900.056 3.5270837973998883e-12
10950.056 1.8297245602439842e-12
11000.056 8.294468699878731e-13
11050.056 3.000401347489492e-13
11100.056 7.624487049224643e-14
11150.056 1.3042081305695615e-14
11200.056 3.998075525836252e-15
11250.056 2.6544584135580727e-15
11300.056 1.3428033424081858e-14
11350.056 1.4650560393454883e-15
11400.056 3.2561379546114546e-14
11450.056 1.1978742882759251e-14
11500.056 1.3400535121123319e-14
11550.056 2.2624183177053264e-15
11600.056 3.145319640094164e-16
11650.056 5.100918046167722e-15
11700.056 9.209745921302276e-15
11750.056 2.6583865402513126e-15
11800.056 1.8554424051650026e-14
11850.056 1.648213209980424e-14
11900.056 1.8633119676048336e-14
11950.056 3.360289954370488e-14
12000.056 4.7794140668605494e-14
12050.056 7.877033873662982e-14
12100.056 8.689931304917415e-14
12150.056 1.265046056450874e-13
12200.056 1.40940351108801e-13
12250.056 3.821008033877927e-13
12300.056 9.291737014599428e-13
12350.056 1.2484414481164402e-12
12400.056 2.6296798739699922e-12
12450.056 5.799275523100154e-12
12500.056 7.654052210690082e-12
12550.056 8.422610009500091e-12
12600.056 1.4874822099501156e-11
12650.056 2.8629672168520256e-11
12700.056 3.3854384982399745e-11
12750.056 1.9676745734270883e-11
12800.056 1.0258672376899054e-11
12850.056 3.942499847509797e-12
12900.056 2.0982833180172544e-12
12950.056 1.5257944507524517e-12
13000.056 1.7480492251555313e-12
13050.056 8.892718125993847e-13
13100.056 8.547436453110096e-13
13150.056 3.103316043225185e-13
13200.056 4.409811921628942e-13
13250.056 5.362247761879821e-13
13300.056 1.548970222436652e-13
13350.056 8.051825960530371e-14
13400.056 2.2659966468703292e-14
13450.056 2.4365029998705648e-15
13500.056 2.563671201817616e-16
13550.056 1.6510405964948572e-17
13600.056 9.216834770242141e-19
13650.056 1.2791694668397415e-17
13700.056 4.0187733913898066e-18
13750.056 5.4958571671205534e-17
13800.056 5.4245683221119997e-17
13850.056 1.0584335255110554e-17
13900.056 5.357938421313358e-17
13950.056 2.952407893156346e-17
14000.056 1.1267347849498326e-16
14050.056 1.174393580278225e-16
14100.056 1.3972399938808355e-16
14150.056 9.941009674153354e-16
14200.056 7.107598834231098e-16
14250.056 1.5212681673098645e-15
14300.056 7.278341808593895e-15
14350.056 4.927018070006337e-15
14400.056 4.5701866885505115e-15
14450.056 1.3607520736906193e-14
14500.056 4.015647357111565e-14
14550.056 7.398290770125969e-14
14600.056 1.0865266290139245e-13
14650.056 2.2414098188216822e-14
14700.056 7.46814555373112e-15
14750.056 1.4735719440085587e-15
14800.056 1.9637801666374608e-15
14850.056 1.9366310892009915e-15
14900.056 1.5042994265931674e-15
14950.056 6.504011470976709e-16
15000.056 3.707563005808231e-15
15050.056 8.092664611296064e-15
15100.056 1.4868055104081797e-15
15150.056 2.655004992591272e-16
15200.056 4.53817167931838e-15
15250.056 1.0544374189095012e-14
15300.056 1.9742537427997226e-14
15350.056 3.578768053415367e-14
15400.056 3.436061682023809e-14
15450.056 6.770160508970873e-14
15500.056 1.1105061328727276e-13
15550.056 4.733982840739592e-13
15600.056 1.1880015881480046e-12
15650.056 3.2032157649006855e-12
15700.056 8.231063587890655e-12
15750.056 1.2768276998590386e-11
15800.056 1.7778429092700458e-11
15850.056 2.6164901669303142e-11
15900.056 3.237235790089881e-11
15950.056 4.4450055570999777e-11
16000.056 4.122096544200019e-11
16050.056 2.717225244549852e-11
16100.056 1.3180492631900225e-11
16150.056 5.201049260409293e-12
16200.056 1.4413285272589467e-12
16250.056 4.472554979899261e-13
16300.056 1.3928382552748786e-13
16350.056 1.6068298920463742e-13
16400.056 1.9130182952984215e-13
16450.056 2.0770177599034888e-13
16500.056 1.368697568648465e-13
16550.056 1.3922893973000287e-13
16600.056 7.05979690529275e-13
16650.056 2.876043557785916e-13
16700.056 3.425346226607397e-14
16750.056 1.3719927815093694e-13
16800.056 2.817850970671508e-13
16850.056 2.8350048228658896e-13
16900.056 5.911743830460756e-14
16950.056 3.3049381436142596e-14
17000.056 9.906453052775049e-15
17050.056 2.2654637174848153e-14
17100.056 8.759816843320135e-14
17150.056 3.748507941738188e-14
17200.056 2.5240000287213397e-13
17250.056 3.3572828899100624e-14
17300.056 2.6829718402337352e-14
17350.056 5.397765594224289e-14
17400.056 1.658370371349111e-13
17450.056 2.27898022033877e-13
17500.056 4.560768218500345e-13
17550.056 3.8645522835788686e-13
17600.056 3.6532831585804795e-13
17650.056 1.6552719701859934e-13
17700.056 1.4445094837457626e-13
17750.056 1.0643621826537547e-13
17800.056 4.143161783393437e-13
17850.056 1.007479895379035e-13
17900.056 6.046817343863044e-14
17950.056 4.0260239668263944e-14
18000.056 8.576128301059176e-14
18050.056 3.7647070560933235e-14
18100.056 4.1949032252797064e-14
18150.056 1.548734649403775e-14
18200.056 1.1782104253396331e-14
18250.056 7.57108946194625e-14
18300.056 3.1582661502319486e-15
18350.056 2.830858447001088e-15
18400.056 8.594884807877623e-16
18450.056 2.062087502871775e-14
18500.056 1.6277324734600042e-14
18550.056 5.076072901832797e-15
18600.056 1.7466869320583756e-14
18650.056 1.3799263950815313e-14
18700.056 3.744112407015054e-16
18750.056 8.042511538047067e-16
18800.056 5.3845928089438733e-14
18850.056 3.670096824659414e-14
18900.056 6.422066062972951e-14
18950.056 7.227908880240147e-14
19000.056 5.243857002558747e-15
19050.056 2.07006378962281e-15
19100.056 1.1890322909537993e-14
19150.056 4.148478867387452e-15
19200.056 1.3398340599902548e-14
19250.056 8.731194825949148e-15
19300.056 3.780580959069943e-15
19350.056 4.446014925225576e-15
19400.056 2.6545180592931987e-15
19450.056 3.1709022075056726e-15
19500.056 2.2362216296802766e-15
19550.056 9.306044088837685e-15
19600.056 2.4967962328369234e-14
19650.056 1.5126722544992105e-14
19700.056 2.884933921025716e-14
19750.056 4.286688996214586e-14
19800.056 2.1088413368716086e-14
19850.056 2.6661530226415745e-14
19900.056 5.67060918458397e-14
19950.056 7.41740610100496e-14
20000.056 9.023857326557846e-14
20050.056 6.003148590507538e-14
20100.056 9.481511859313452e-14
20150.056 6.24296677306618e-14
20200.056 3.423374859139742e-14
20250.056 1.0471154730247147e-13
20300.056 1.434270070715289e-13
20350.056 1.554281318866953e-13
20400.056 1.3346912555392938e-13
20450.056 2.3922056898044244e-13
20500.056 2.546368391186596e-13
20550.056 2.718712382557715e-13
20600.056 2.852255184075646e-13
20650.056 3.0764591055274774e-13
20700.056 3.2105585944898817e-13
20750.056 3.182371750629907e-13
20800.056 2.899353400179641e-13
20850.056 3.108982808100029e-13
20900.056 3.0302467812999684e-13
20950.056 2.7939461511000234e-13
21000.056 2.6087269802000025e-13
21050.056 2.6722223396999545e-13
21100.056 2.6008593893000043e-13
21150.056 2.6528408612000267e-13
21200.056 2.662287439700129e-13
21250.056 2.750204760899839e-13
21300.056 2.646627322170033e-13
21350.056 2.7292060033138474e-13
21400.056 3.0185666209762533e-13
21450.056 2.589630226344544e-13
21500.056 2.364230771481219e-13
21550.056 2.515963994987137e-13
21600.056 2.2647649176264744e-13
21650.056 1.7491890852461888e-13
21700.056 1.4223857111131215e-13
21750.056 1.6485381688751271e-13
21800.056 1.14825573446823e-13
21850.056 1.1159180926263098e-13
21900.056 8.18246106604126e-14
21950.056 2.7483303435451486e-14
22000.056 1.2767049428992507e-15
22050.056 3.872714723479809e-15
22100.056 1.6755868206593847e-14
22150.056 8.705371330253837e-15
22200.056 7.37182137895601e-15
22250.056 5.604668651377355e-15
22300.056 1.4243823498540819e-15
22350.056 3.1758554873448898e-15
22400.056 7.951494761357688e-16
22450.056 1.8951167164714904e-15
22500.056 1.3256550865731297e-15
22550.056 3.155131785957133e-16
22600.056 2.0268083419940005e-16
22650.056 3.3572366824312964e-16
22700.056 4.721949342612291e-16
22750.056 1.273739967824267e-15
22800.056 1.7640741107441145e-15
22850.056 1.017778162502731e-15
22900.056 5.575501787685711e-16
22950.056 2.694725499612159e-16
23000.056 3.9005848276989934e-16
23050.056 2.3091124504634776e-16
23100.056 1.1211513988851093e-14
23150.056 1.2703215998088371e-14
23200.056 1.226368954937889e-16
23250.056 1.548610038652427e-15
23300.056 8.638534516149628e-16
23350.056 1.5409378646005961e-15
23400.056 1.3777612418685682e-15
23450.056 3.270633091668655e-16
23500.056 3.709308487109849e-16
23550.056 1.3003370797251655e-15
23600.056 5.487028938766908e-15
23650.056 7.879172231145698e-15
23700.056 4.639995932393987e-16
23750.056 8.141305678832747e-16
23800.056 9.078956800011398e-15
23850.056 3.617544357681872e-15
23900.056 1.1244078059244371e-14
23950.056 3.045099987488454e-15
24000.056 1.5664964578183814e-14
24050.056 1.7567368384529035e-14
24100.056 3.615223618824042e-14
24150.056 5.2534537534943274e-14
24200.056 2.7780094036008532e-14
24250.056 1.9054676011230848e-14
24300.056 5.622666967467847e-14
24350.056 5.018966398028892e-14
24400.056 1.5631975621909874e-13
24450.056 1.8753029764574934e-13
24500.056 1.5876874936450125e-13
24550.056 3.3406844409684855e-13
24600.056 4.556700815979893e-13
24650.056 7.30424968855112e-13
24700.056 5.474983874627295e-13
24750.056 8.410417468921737e-13
24800.056 7.10076045310015e-13
24850.056 1.0251457551129804e-12
24900.056 5.964962637915992e-13
24950.056 9.15741367384817e-13
25000.056 1.3498600051705405e-12
25050.056 7.938827998465915e-13
25100.056 1.1698679315273373e-12
25150.056 4.804719725865093e-13
25200.056 7.873969968816365e-13
25250.056 2.784274929313694e-13
25300.056 2.3401697677315405e-13
25350.056 1.3295032801278272e-13
25400.056 3.213145898583319e-13
25450.056 6.43112977990107e-14
25500.056 4.741640960297138e-14
25550.056 1.5043588737515408e-13
25600.056 5.0122908022984635e-14
25650.056 1.6873437685902665e-14
25700.056 1.0815429753350096e-14
25750.056 4.14407287417208e-15
25800.056 2.0741169091649664e-14
25850.056 3.2701765017597906e-15
25900.056 3.5190217289634445e-15
25950.056 1.821790179669639e-15
26000.056 1.1891229317020262e-14
26050.056 2.239713643829982e-15
26100.056 6.885174556447037e-15
26150.056 3.3376990108302705e-15
26200.056 4.288054677934015e-15
26250.056 2.305659565764209e-14
26300.056 5.538674066831449e-15
26350.056 6.947313592371052e-14
26400.056 1.8472611783841934e-13
26450.056 7.918101125058173e-14
26500.056 2.7750539591298174e-13
26550.056 1.898945148082405e-14
26600.056 1.652905493050096e-14
26650.056 3.9533240527717505e-15
26700.056 4.366851472386513e-15
26750.056 6.278652037749645e-15
26800.056 2.0520518771473883e-14
26850.056 1.3881648790665601e-14
26900.056 5.0051638004523184e-14
26950.056 1.269179577798718e-14
27000.056 5.89555300962909e-14
27050.056 1.2512209789298473e-13
27100.056 8.568549546788376e-15
27150.056 8.984160797784105e-14
27200.056 1.0394675853589694e-14
27250.056 2.964483159571842e-14
27300.056 3.3340966282728736e-13
27350.056 8.579500859486904e-14
27400.056 9.139233129206e-15
27450.056 1.396626072935321e-13
27500.056 1.8363337429844575e-13
27550.056 3.362835533575137e-14
27600.056 9.914240761102091e-14
27650.056 3.009884458367493e-14
27700.056 3.808006735855863e-14
27750.056 1.9408852537058973e-13
27800.056 6.649334930267188e-14
27850.056 1.4597545472578217e-13
27900.056 2.0527856743652886e-13
27950.056 3.2663602723751183e-13
28000.056 5.080511795044938e-13
28050.056 3.7567759361001365e-14
28100.056 5.590104911701849e-13
28150.056 4.055011324874696e-13
28200.056 6.332572651908076e-14
28250.056 7.111938405024192e-13
28300.056 6.37839535481401e-13
28350.056 6.931654951008797e-14
28400.056 3.7930762284249523e-13
28450.056 6.908024208247902e-13
28500.056 2.5132627713844164e-13
28550.056 7.01166189770612e-14
28600.056 7.377962078779277e-13
28650.056 2.2391582955558482e-13
28700.056 7.199770863576676e-13
28750.056 1.0834652652892665e-12
28800.056 1.8521660091998493e-13
