galfind/configs/Brown_Dwarf_templates/sonora_bobcat/m0.0/178g/sp_t500g178nc_m0.0_resample.dat
# %ECSV 1.0
# ---
# datatype:
# - {name: wav, unit: Angstrom, datatype: float64}
# - {name: flux_nu, unit: erg / (cm2 Hz s), datatype: float64}
# meta: {C/O: '1.00', Kzz: '1.0000E+05', Teff: '500.', Y: '0.28', '[Fe/H]': '0.00', f_hole: '1.00', f_rain: '0.00', grav: '178.'}
# schema: astropy-2.0
wav flux_nu
[from data line 498]
28900.056 4.518024573715836e-10
28950.056 7.465491449865964e-10
29000.056 5.514455146873798e-10
29050.056 8.064297540834995e-10
29100.056 4.426518426909941e-10
29150.056 6.704834470310346e-10
29200.056 8.991168166286656e-10
29250.056 1.2446548795282798e-09
29300.056 5.941875071794064e-10
29350.056 1.7896296472587498e-09
29400.056 7.469948949567248e-10
29450.056 6.426329075218079e-10
29500.056 1.481281508653222e-09
29550.056 6.724710189409716e-10
29600.056 9.416670375336942e-10
29650.056 2.092220601994056e-09
29700.056 6.368942342755129e-10
29750.056 1.570743521985945e-09
29800.056 1.356419545348139e-09
29850.056 1.8527865754399932e-09
29900.056 1.1654612540535527e-09
29950.056 1.286193414234185e-09
30000.056 3.937396927224735e-11
30050.056 1.6565307382135375e-10
30100.056 5.066622606997681e-10
30150.056 1.5867305266576994e-09
30200.056 1.1883827325784272e-09
30250.056 2.412320092475883e-09
30300.056 2.9234149566792017e-09
30350.056 1.0266280524250648e-09
30400.056 3.0097345794253314e-09
30450.056 1.8450509331104375e-09
30500.056 1.6521777675185235e-09
30550.056 1.3386772975384961e-09
30600.056 4.7854813866876554e-09
30650.056 2.3003692481324187e-09
30700.056 1.7008675958998576e-09
30750.056 3.0190731476045323e-09
30800.056 2.2087794733665194e-09
30850.056 2.4692553741291872e-09
30900.056 1.4011603684812957e-09
30950.056 1.4240524393574252e-09
31000.056 1.5042808763124266e-09
31050.056 1.3193198778000342e-09
31100.056 7.869128715255268e-10
31150.056 1.4596266605951263e-09
31200.056 2.8910815527801214e-09
31250.056 1.6319577888686844e-09
31300.056 1.1260125971878206e-09
31350.056 1.937364709050109e-09
31400.056 1.3447658926434345e-09
31450.056 1.4676024380307337e-09
31500.056 6.096939282310152e-10
31550.056 9.85737977520039e-10
31600.056 6.56996087925589e-10
31650.056 5.966854580388962e-10
31700.056 6.114737632630302e-10
31750.056 3.0684980608268413e-10
31800.056 6.425629759381659e-10
31850.056 1.5023178920498358e-10
31900.056 3.346204318061744e-10
31950.056 1.9369814933274586e-10
32000.056 1.9401200154940697e-10
32050.056 2.6432344240980113e-10
32100.056 2.222192442633675e-10
32150.056 2.7353185335893785e-10
32200.056 1.37362842975975e-10
32250.056 3.578673401431402e-10
32300.056 1.1767684549511742e-10
32350.056 3.4392499745291075e-10
32400.056 8.032074462344769e-11
32450.056 2.8393738065161196e-10
32500.056 1.0585253796645489e-10
32550.056 2.2391197918779661e-10
32600.056 1.3811905223470167e-10
32650.056 5.312804446084786e-10
32700.056 2.0061527198485183e-10
32750.056 8.920288644883607e-10
32800.056 6.021834713743682e-10
32850.056 1.346604881896892e-09
32900.056 1.2209965217125178e-09
32950.056 1.3298437753778935e-09
33000.056 5.836188351697989e-10
33050.056 7.673818714383345e-10
33100.056 1.9011619480487377e-10
33150.056 2.928232435423257e-13
33200.056 5.59423726460744e-12
33250.056 6.516266784708302e-12
33300.056 3.5709133248882344e-11
33350.056 1.1841517305153825e-10
33400.056 3.6435746512316027e-10
33450.056 3.0624732822088334e-10
33500.056 9.730595374188027e-10
33550.056 2.613752789516885e-10
33600.056 6.836091062395487e-10
33650.056 6.330482026329045e-10
33700.056 2.830386577767023e-10
33750.056 9.075524758818657e-10
33800.056 1.3601854357082494e-10
33850.056 4.799608341214325e-10
33900.056 4.921536565149313e-10
33950.056 3.8932773969186757e-10
34000.056 8.227676686659314e-10
34050.056 1.5408996525353857e-10
34100.056 7.353060593551789e-10
34150.056 3.3368555303407227e-10
34200.056 7.802556749521443e-10
34250.056 5.283052216875415e-10
34300.056 4.835268277907823e-10
34350.056 8.749866447691226e-10
34400.056 3.1804515948270777e-10
34450.056 9.167592534429007e-10
34500.056 5.304807624685573e-10
34550.056 3.112796443489099e-10
34600.056 1.3782646369062694e-09
34650.056 3.009958162407366e-10
34700.056 1.0269216024327873e-09
34750.056 6.895279153722688e-10
34800.056 5.591212226443642e-10
34850.056 1.5349216534481502e-09
34900.056 5.427485707364334e-10
34950.056 1.372559532978391e-09
35000.056 2.5942693596733236e-09
35050.056 1.1059512988706243e-09
35100.056 2.5520504700402542e-09
35150.056 2.1679376761065554e-09
35200.056 1.7772191121545083e-09
35250.056 3.216220016865753e-09
35300.056 1.4048245337704626e-09
35350.056 1.8684966532762813e-09
35400.056 1.6935046811099812e-09
35450.056 1.2854868748413795e-09
35500.056 4.272504775901782e-09
35550.056 2.6528189836179606e-09
35600.056 2.8137156998226342e-09
35650.056 3.0003699458902938e-09
35700.056 3.0109700185065817e-09
35750.056 4.544494815718004e-09
35800.056 4.365963041876485e-09
35850.056 1.830024418757105e-09
35900.056 2.6320000794349074e-09
35950.056 3.3450571553190773e-09
36000.056 3.5832432329204933e-09
36050.056 2.685687665548261e-09
36100.056 2.526925218044478e-09
36150.056 4.861827907436474e-09
36200.056 5.444601985884068e-09
36250.056 3.826489511673596e-09
36300.056 7.848517592011746e-09
36350.056 4.966174462902107e-09
36400.056 7.204201898813674e-09
36450.056 7.101323815256722e-09
36500.056 8.051666369704007e-09
36550.056 1.045554399157779e-08
36600.056 1.1545159640395573e-08
36650.056 8.849607959158524e-09
36700.056 9.213248184742246e-09
36750.056 1.1654407710996543e-08
36800.056 1.3260194303472612e-08
36850.056 8.14148937484465e-09
36900.056 1.2279758199654499e-08
36950.056 1.3449162484097933e-08
37000.056 9.766508254056044e-09
37050.056 1.4479737721320716e-08
37100.056 1.0722840137836186e-08
37150.056 1.0839518629420101e-08
37200.056 1.6611880057695886e-08
37250.056 1.1236273822142047e-08
37300.056 8.854558168547314e-09
37350.056 1.4039552176069051e-08
37400.056 2.090113766410353e-08
37450.056 9.665141734522095e-09
37500.056 1.2455667385485254e-08
37550.056 2.140494417305137e-08
37600.056 2.9440181528486794e-08
37650.056 1.0951777211477182e-08
37700.056 2.065822945568163e-08
37750.056 1.403807696376299e-08
37800.056 1.4758861882612517e-08
37850.056 8.322401692465955e-09
37900.056 1.0574912722584928e-08
37950.056 1.8801983019334483e-08
38000.056 1.8048649458732274e-08
38050.056 2.3367434737859522e-08
38100.056 2.7879565847515732e-08
38150.056 2.9685978668618978e-08
38200.056 2.6229227419092975e-08
38250.056 2.6646513126688574e-08
38300.056 4.009854917528749e-08
38350.056 3.8631905487913885e-08
38400.056 1.8375140296853442e-08
38450.056 1.125518564116281e-08
38500.056 7.448085000627593e-09
38550.056 2.0176634710206516e-08
38600.056 2.0735460444976316e-08
38650.056 2.3725661154495128e-08
38700.056 2.111167864062679e-08
38750.056 2.159682696093336e-08
38800.056 2.1884041036447225e-08
38850.056 2.401671405681207e-08
38900.056 3.122997972268459e-08
38950.056 1.9995469995660815e-08
39000.056 2.9562685263122798e-08
39050.056 2.090851665611259e-08
39100.056 2.7606317982751575e-08
39150.056 3.503973010126198e-08
39200.056 2.628395455207742e-08
39250.056 3.863729454366051e-08
39300.056 2.8065493738633736e-08
39350.056 4.575279512559998e-08
39400.056 2.910355839857494e-08
39450.056 3.840907268110981e-08
39500.056 4.003665245950824e-08
39550.056 2.3813355957355554e-08
39600.056 3.857195101581121e-08
39650.056 4.817038035199385e-08
39700.056 4.423494916670606e-08
39750.056 2.5533555060221028e-08
39800.056 2.990430685993983e-08
39850.056 5.4721195750004896e-08
39900.056 5.892857737080281e-08
39950.056 3.2321007830434974e-08
40000.056 5.177914806420251e-08
40050.056 5.2824054025898596e-08
40100.056 2.497603748073334e-08
40150.056 5.043554308424251e-08
40200.056 5.291737636062525e-08
40250.056 5.77399306154862e-08
40300.056 5.692335317200373e-08
40350.056 4.040432681496087e-08
40400.056 5.65606786052493e-08
40450.056 3.3389552218029006e-08
40500.056 6.276533974069673e-08
40550.056 6.726704473813174e-08
40600.056 5.568830584500338e-08
40650.056 4.617839831899756e-08
40700.056 8.230208864379345e-08
40750.056 5.583409431078736e-08
40800.056 3.767943566618394e-08
40850.056 9.018286326402163e-08
40900.056 7.718682116919536e-08
40950.056 6.614800179755113e-08
41000.056 5.673553455577217e-08
41050.056 9.424613972277823e-08
41100.056 7.891279698439807e-08
41150.056 3.865274797643606e-08
41200.056 9.194507027500892e-08
41250.056 7.543350785103138e-08
41300.056 7.45739701573975e-08
41350.056 9.705161576899404e-08
41400.056 8.313637243600477e-08
41450.056 1.0448910396598546e-07
41500.056 6.996282396242756e-08
41550.056 6.545076454620316e-08
41600.056 7.364941187537566e-08
41650.056 9.062361947880729e-08
41700.056 1.0182536733997557e-07
41750.056 8.513373492298773e-08
41800.056 9.42832763990221e-08
41850.056 7.976543752738697e-08
41900.056 7.824812058561904e-08
41950.056 8.228453592350575e-08
42000.056 5.8891184527161735e-08
42050.056 6.137183125302428e-08
42100.056 7.952178141229616e-08
42150.056 7.014806325500261e-08
42200.056 7.354934694399612e-08
42250.056 6.790393707660654e-08
42300.056 6.456814848431852e-08
42350.056 9.132554533240752e-08
42400.056 1.0010292299301095e-07
42450.056 9.007121881402396e-08
42500.056 9.015844819699104e-08
42550.056 7.823831435198513e-08
42600.056 8.79680155945318e-08
42650.056 1.283560280049643e-07
42700.056 7.251486962333288e-08
42750.056 8.515657465901251e-08
42800.056 1.153433088300139e-07
42850.056 1.235018028679659e-07
42900.056 1.3315512989502236e-07
42950.056 1.0083751024398505e-07
43000.056 1.1625017954701045e-07
43050.056 6.298998315781082e-08
43100.056 9.849989726798936e-08
43150.056 8.154479322750959e-08
43200.056 1.1618521486200857e-07
43250.056 1.5437309379701022e-07
43300.056 1.4540714527900076e-07
43350.056 7.907004332497892e-08
43400.056 1.1330529853900403e-07
43450.056 7.896181368780829e-08
43500.056 8.207522709501804e-08
43550.056 8.868669777651085e-08
43600.056 1.3282794050001546e-07
43650.056 8.427208978110117e-08
43700.056 1.5204328830202714e-07
43750.056 1.3150552223899739e-07
43800.056 1.1998850381099027e-07
43850.056 1.0707559032301249e-07
43900.056 9.293990599088848e-08
43950.056 6.231651513449299e-08
44000.056 6.041683411399802e-08
44050.056 1.3755781333000322e-07
44100.056 1.8076546960000082e-07
44150.056 1.6497033730979725e-07
44200.056 1.4547455809900122e-07
44250.056 8.449879778699609e-08
44300.056 6.821004486771143e-08
44350.056 7.778059487911821e-08
44400.056 7.23875598780932e-08
44450.056 1.2269729914300156e-07
44500.056 1.1178352614782066e-07
44550.056 1.5750152737498758e-07
44600.056 1.3782642078560127e-07
44650.056 1.2335752411900975e-07
44700.056 8.265425637999388e-08
44750.056 1.236541426450253e-07
44800.056 8.975445280200903e-08
44850.056 1.2532582227300852e-07
44900.056 1.0292156882040344e-07
44950.056 1.2027449783000971e-07
45000.056 1.3828014283500506e-07
45050.056 1.26754035092986e-07
45100.056 1.1735885140100403e-07
45150.056 1.093330887391837e-07
45200.056 8.414093458400748e-08
45250.056 9.845909205047571e-08
45300.056 8.800936076251307e-08
45350.056 7.698384470841578e-08
45400.056 1.717969823920201e-07
45450.056 1.4432948774501277e-07
45500.056 1.697196389678104e-07
45550.056 1.79594890289954e-07
45600.056 1.630016859700258e-07
45650.056 1.324882857996003e-07
45700.056 8.876838478759473e-08
45750.056 8.219690619460388e-08
45800.056 1.8497303602100633e-07
45850.056 1.5423786657999292e-07
45900.056 1.8367124589199334e-07
45950.056 1.518716627599969e-07
46000.056 1.7386173644151835e-07
46050.056 1.294959408800059e-07
46100.056 2.0115089631998463e-07
46150.056 1.212618914790037e-07
46200.056 1.0642937471088726e-07
46250.056 4.765533356486421e-08
46300.056 1.2559058506000213e-07
46350.056 1.3170652255901598e-07
46400.056 1.1994741644700375e-07
46450.056 1.0854776200730445e-07
46500.056 1.2316037042452705e-07
46550.056 7.013767086400408e-08
46600.056 1.0186530127170539e-07
46650.056 1.5678013502300972e-07
46700.056 1.0181370140597441e-07
46750.056 5.590581560630916e-08
46800.056 3.8324667796140194e-08
46850.056 1.5089156152702254e-07
46900.056 1.5026305979399455e-07
46950.056 1.4616278010298672e-07
47000.056 1.4064910893902197e-07
47050.056 1.0549206115100543e-07
47100.056 7.351103879400831e-08
47150.056 1.1406216529361695e-07
47200.056 1.3295176348999395e-07
47250.056 7.512816045569026e-08
47300.056 5.047324508880934e-08
47350.056 1.525719611360021e-07
47400.056 1.3325682522898777e-07
47450.056 1.1142133029141389e-07
47500.056 1.584984765429859e-07
47550.056 1.351933549100064e-07
47600.056 1.2996017251048957e-07
47650.056 1.330784173148329e-07
47700.056 1.0420297651380586e-07
47750.056 7.724183411070299e-08
47800.056 6.681538532200857e-08
47850.056 3.5324371211606295e-08
47900.056 5.419624309067536e-08
47950.056 1.1616876346700612e-07
48000.056 1.5894756729000877e-07
48050.056 1.3301426043079754e-07
48100.056 5.789677379036542e-08
48150.056 1.01943164591003e-07
48200.056 7.308436242685836e-08
48250.056 9.01018783750015e-08
48300.056 1.5007192741998633e-07
48350.056 9.01643302069936e-08
48400.056 2.6837418863823236e-08
48450.056 5.559190596757357e-08
48500.056 8.896669611697953e-08
48550.056 9.46646156102086e-08
48600.056 1.151913289060008e-07
48650.056 1.4630658071999156e-07
48700.056 9.914074147781289e-08
48750.056 6.511812521102482e-08
48800.056 1.3037405913800472e-07
48850.056 7.191156552898739e-08
48900.056 9.986721758861083e-08
48950.056 5.6075904505000866e-08
49000.056 2.9454276813174177e-08
49050.056 9.005589516268745e-08
49100.056 1.1232971490322033e-07
49150.056 8.381522678519471e-08
49200.056 1.293939080340219e-07
49250.056 1.2979718392001088e-07
49300.056 1.0856641707499771e-07
49350.056 4.568539825549063e-08
49400.056 6.812899630428285e-08
49450.056 6.679926114226764e-08
49500.056 5.2732467184733934e-08
49550.056 1.322513068407047e-08
49600.056 3.588175216227055e-08
49650.056 7.350977650100025e-08
49700.056 7.980507940397532e-08
49750.056 8.405644946019677e-08
49800.056 5.5386259901498996e-08
49850.056 1.0880315743801758e-07
49900.056 8.944963935999294e-08
49950.056 8.718235626300022e-08
50000.056 6.958555415992364e-08
50050.056 8.550103164900198e-08
50100.056 6.729623776699656e-08
50150.056 3.343674054359363e-08
50200.056 7.136092228403032e-09
50250.056 4.0355700422998134e-08
50300.056 2.7026562020254226e-08
50350.056 7.943852008701143e-08
50400.056 8.13802104401913e-08
50450.056 6.021037577900268e-08
50500.056 9.386981752750667e-08
50550.056 8.253879536900504e-08
50600.056 5.994982746998315e-08
50650.056 9.756486698701617e-08
50700.056 9.866610364598733e-08
50750.056 6.369159342960555e-08
50800.056 2.401816539623566e-08
50850.056 1.4260399246266678e-08
50900.056 7.470674423200242e-08
50950.056 6.370530186599665e-08
51000.056 5.3864196999904734e-08
51050.056 7.466201255399004e-08
51100.056 2.8644082931271934e-08
51150.056 3.4603024802444726e-08
51200.056 9.514986347299633e-08
51250.056 6.554357231318833e-08
51300.056 4.4403379933215594e-08
51350.056 4.4734976585234276e-08
51400.056 1.683794047789269e-08
51450.056 1.3168664348376585e-08
51500.056 1.2626696193901239e-08
51550.056 4.583327788184675e-08
51600.056 3.716102103840831e-08
51650.056 4.68649210709956e-08
51700.056 5.0932902557890375e-08
51750.056 3.3146040087481104e-08
51800.056 6.034547652398974e-08
51850.056 4.8933534825696985e-08
51900.056 6.548414351099932e-08
51950.056 3.8682145138995544e-08
52000.056 4.619856886458254e-09
52050.056 2.1446482823103006e-08
52100.056 1.2994774073398114e-08
52150.056 7.826158607539921e-09
52200.056 2.0859016529899683e-08
52250.056 3.211952535240779e-08
52300.056 4.527347169499752e-08
52350.056 1.613713891055127e-08
52400.056 1.6146813029400337e-08
52450.056 5.1917986244005024e-08
52500.056 4.14877693930583e-08
52550.056 4.509914823499642e-08
52600.056 3.346876043780001e-08
52650.056 3.984378277920408e-08
52700.056 2.8604677608198832e-08
52750.056 1.2377550733972997e-08
52800.056 2.1445683439603195e-08
52850.056 2.5054342923592682e-08
52900.056 1.2460833030946295e-08
52950.056 1.9040613489862252e-08
53000.056 3.2151998253005196e-08
53050.056 1.2948601438156264e-08
53100.056 3.802336171379725e-08
53150.056 4.1697812846003286e-08
53200.056 1.8006681077768975e-08
53250.056 3.729436458370166e-08
53300.056 4.52224410863667e-08
53350.056 3.493858237860136e-08
53400.056 2.3843203369995793e-08
53450.056 8.961959042146923e-09
53500.056 1.899758001648272e-09
