galfind/configs/Brown_Dwarf_templates/sonora_bobcat/m0.0/178g/sp_t2300g178nc_m0.0_resample.dat
# %ECSV 1.0
# ---
# datatype:
# - {name: wav, unit: Angstrom, datatype: float64}
# - {name: flux_nu, unit: erg / (cm2 Hz s), datatype: float64}
# meta: {C/O: '1.00', Kzz: '1.0000E+05', Teff: '2300.', Y: '0.28', '[Fe/H]': '0.00', f_hole: '1.00', f_rain: '0.00', grav: '178.'}
# schema: astropy-2.0
wav flux_nu
[from data line 501]
29050.056 3.0648325612499604e-06
29100.056 2.6325087166701916e-06
29150.056 3.2071796333201853e-06
29200.056 2.9354977461603135e-06
29250.056 3.1449612176099745e-06
29300.056 2.8051731152587214e-06
29350.056 3.453982503009591e-06
29400.056 2.9874639064298475e-06
29450.056 2.9324423584398725e-06
29500.056 3.1225188759897022e-06
29550.056 3.019959383110325e-06
29600.056 3.1821584515499814e-06
29650.056 3.1062850742699508e-06
29700.056 2.834094272309836e-06
29750.056 3.3981180341610706e-06
29800.056 3.325527631309812e-06
29850.056 3.1937450858196352e-06
29900.056 2.920606395970742e-06
29950.056 3.4324695199694434e-06
30000.056 3.3671381604490035e-06
30050.056 3.189292175600003e-06
30100.056 2.6732609840793655e-06
30150.056 3.8076052223997698e-06
30200.056 3.4783402554002436e-06
30250.056 3.292961993400637e-06
30300.056 3.3103323201997874e-06
30350.056 3.26603163968062e-06
30400.056 3.739557702200493e-06
30450.056 3.0558356099903703e-06
30500.056 3.0054682272404205e-06
30550.056 3.840635808700641e-06
30600.056 3.63772832994034e-06
30650.056 3.626707440940199e-06
30700.056 3.383505720639942e-06
30750.056 3.3118144151001118e-06
30800.056 3.883578726140997e-06
30850.056 3.4247739417600147e-06
30900.056 3.4249526654997625e-06
30950.056 3.3349635795703144e-06
31000.056 3.7933643435999156e-06
31050.056 3.3489450681000946e-06
31100.056 3.6186532133999865e-06
31150.056 3.673823225399652e-06
31200.056 3.7339568431996274e-06
31250.056 4.0078039374007255e-06
31300.056 3.5925749368997746e-06
31350.056 3.569023051940003e-06
31400.056 3.7263402707005585e-06
31450.056 3.7286666729201994e-06
31500.056 3.825957829200493e-06
31550.056 3.5223040129999426e-06
31600.056 3.707007969539841e-06
31650.056 3.8622298849998746e-06
31700.056 3.913342077299928e-06
31750.056 3.5244539592001004e-06
31800.056 3.918651906900289e-06
31850.056 4.24764180229993e-06
31900.056 4.128796011299663e-06
31950.056 3.516366455599708e-06
32000.056 3.705850208300727e-06
32050.056 4.1560700043004425e-06
32100.056 4.209489247399622e-06
32150.056 4.162874855200045e-06
32200.056 4.012379513699953e-06
32250.056 3.837208482900152e-06
32300.056 4.115157813200097e-06
32350.056 4.365611443100572e-06
32400.056 3.988797459299943e-06
32450.056 3.874270685300325e-06
32500.056 4.2002793668002e-06
32550.056 4.534444153000133e-06
32600.056 4.422895566399733e-06
32650.056 4.317564510201047e-06
32700.056 4.150237036500133e-06
32750.056 4.311826299500023e-06
32800.056 4.001157886500439e-06
32850.056 4.612131671499728e-06
32900.056 4.457326353000121e-06
32950.056 3.9792437270998684e-06
33000.056 4.292306838600247e-06
33050.056 4.356110928699525e-06
33100.056 4.446000209898983e-06
33150.056 4.4302594572002246e-06
33200.056 4.189920913700666e-06
33250.056 4.46152552510029e-06
33300.056 4.8004574812003126e-06
33350.056 4.49508418600024e-06
33400.056 4.1916265277996e-06
33450.056 4.528884783698836e-06
33500.056 4.52794348330024e-06
33550.056 4.445711157899377e-06
33600.056 4.5165419566006285e-06
33650.056 4.607799344400843e-06
33700.056 4.7557067478993974e-06
33750.056 4.712480602500211e-06
33800.056 4.61360634390002e-06
33850.056 4.507259017700091e-06
33900.056 4.9848036068994845e-06
33950.056 4.509757803099504e-06
34000.056 4.555924391299146e-06
34050.056 4.677724515900106e-06
34100.056 4.877398144000531e-06
34150.056 4.781752307999456e-06
34200.056 4.578461953799446e-06
34250.056 5.0212652981993465e-06
34300.056 4.720061761399538e-06
34350.056 4.871473127199492e-06
34400.056 4.624644332699526e-06
34450.056 4.559886452200119e-06
34500.056 4.778147806400901e-06
34550.056 4.6545403001997636e-06
34600.056 4.779435596799905e-06
34650.056 4.830055190999913e-06
34700.056 4.670279096999406e-06
34750.056 4.973313229300281e-06
34800.056 5.042924181099632e-06
34850.056 4.648009717799992e-06
34900.056 4.9319622962003445e-06
34950.056 4.817280811899169e-06
35000.056 4.704812917299498e-06
35050.056 5.160792593000637e-06
35100.056 4.9853252248991995e-06
35150.056 4.916155088199606e-06
35200.056 4.989532971599742e-06
35250.056 4.576475250000436e-06
35300.056 4.964419313100459e-06
35350.056 5.141663055399675e-06
35400.056 4.887636863499757e-06
35450.056 4.804597112200248e-06
35500.056 5.075365043100036e-06
35550.056 4.92179864469988e-06
35600.056 4.815731480999199e-06
35650.056 5.208854276000549e-06
35700.056 4.836289034600339e-06
35750.056 4.894323175399671e-06
35800.056 5.076911025299673e-06
35850.056 5.135922969099788e-06
35900.056 5.262579187999539e-06
35950.056 5.108939267499551e-06
36000.056 4.748831490099491e-06
36050.056 5.2495477676002444e-06
36100.056 5.4219159763999224e-06
36150.056 4.9024892716004056e-06
36200.056 5.260911780599527e-06
36250.056 4.963467334099301e-06
36300.056 5.5312558390007304e-06
36350.056 5.306397172499306e-06
36400.056 5.177969165599886e-06
36450.056 5.499152954299666e-06
36500.056 5.15173138540032e-06
36550.056 5.06992385120055e-06
36600.056 5.095140631500452e-06
36650.056 5.270719667100518e-06
36700.056 5.520672577300125e-06
36750.056 5.102701098600581e-06
36800.056 5.267936054099617e-06
36850.056 5.369023464800013e-06
36900.056 5.380754235200677e-06
36950.056 5.374276843700095e-06
37000.056 5.423523563100109e-06
37050.056 5.551183568199882e-06
37100.056 5.3309544009004105e-06
37150.056 5.31027897699908e-06
37200.056 5.4947904623000926e-06
37250.056 5.521146403800276e-06
37300.056 5.528880816400895e-06
37350.056 5.265387182700552e-06
37400.056 5.508286030599759e-06
37450.056 5.455188948400346e-06
37500.056 5.62943266089973e-06
37550.056 5.4638898865992e-06
37600.056 5.7012778973994e-06
37650.056 5.302818832999569e-06
37700.056 5.427497686500179e-06
37750.056 5.667689010699238e-06
37800.056 5.752670158599911e-06
37850.056 5.583396240599785e-06
37900.056 5.661725572700382e-06
37950.056 5.7010661517002625e-06
38000.056 5.610414154000624e-06
38050.056 5.617203054300395e-06
38100.056 5.462033759600204e-06
38150.056 5.765293537099351e-06
38200.056 5.854395669499385e-06
38250.056 5.531660864100589e-06
38300.056 5.464918637799926e-06
38350.056 5.656122004799996e-06
38400.056 5.719423378199822e-06
38450.056 5.718305275100507e-06
38500.056 5.620606015099756e-06
38550.056 5.662625601000391e-06
38600.056 6.0289068401997696e-06
38650.056 5.419100576700185e-06
38700.056 5.505199449900682e-06
38750.056 5.770861349599968e-06
38800.056 5.64629975090076e-06
38850.056 5.705474894900225e-06
38900.056 5.484540709999953e-06
38950.056 5.725758737099686e-06
39000.056 5.6373491937001086e-06
39050.056 5.687165092399952e-06
39100.056 5.430312597099955e-06
39150.056 5.563398140500231e-06
39200.056 5.6862467255001965e-06
39250.056 5.674590830299372e-06
39300.056 5.6882394066991546e-06
39350.056 5.634857901100499e-06
39400.056 5.533619202300149e-06
39450.056 5.591379389899826e-06
39500.056 5.510426590499849e-06
39550.056 5.412307463199055e-06
39600.056 5.7921968304003e-06
39650.056 5.36816971230016e-06
39700.056 5.534287059499958e-06
39750.056 5.566139815099501e-06
39800.056 5.29349925350028e-06
39850.056 5.4469150556997665e-06
39900.056 5.311703956199694e-06
39950.056 5.527814456999801e-06
40000.056 5.2496194039996995e-06
40050.056 4.9422313058998804e-06
40100.056 5.269271146199811e-06
40150.056 4.958427576199156e-06
40200.056 5.196375874899731e-06
40250.056 5.130398542798667e-06
40300.056 4.836532882900325e-06
40350.056 5.029395845300163e-06
40400.056 5.112546139200056e-06
40450.056 4.739721922100847e-06
40500.056 4.543493696499985e-06
40550.056 5.139650644299666e-06
40600.056 4.693409149200326e-06
40650.056 4.87549990130095e-06
40700.056 5.090319709800252e-06
40750.056 4.542584421498858e-06
40800.056 4.51087731790051e-06
40850.056 4.288630051100905e-06
40900.056 4.225859708600649e-06
40950.056 4.546783587700012e-06
41000.056 4.69289657960031e-06
41050.056 4.5968494146991805e-06
41100.056 4.374192817200437e-06
41150.056 4.682965452400191e-06
41200.056 4.409595624900094e-06
41250.056 4.497442058200204e-06
41300.056 4.033317840099656e-06
41350.056 4.59215189350023e-06
41400.056 4.382314603699989e-06
41450.056 4.241181684499987e-06
41500.056 4.521263701800126e-06
41550.056 4.489955162200099e-06
41600.056 4.584229548699924e-06
41650.056 4.144367026400521e-06
41700.056 4.0377491364996595e-06
41750.056 4.336937972700058e-06
41800.056 4.161111023999797e-06
41850.056 3.89843937620047e-06
41900.056 4.368273451899395e-06
41950.056 4.059098566100446e-06
42000.056 4.229300013900295e-06
42050.056 3.9366065944989055e-06
42100.056 4.299228608100331e-06
42150.056 3.754551195199352e-06
42200.056 3.803340358600201e-06
42250.056 4.133680941899776e-06
42300.056 3.853248970800055e-06
42350.056 4.179199239200652e-06
42400.056 3.848023231900153e-06
42450.056 3.4453680499001814e-06
42500.056 3.5379675563002663e-06
42550.056 3.82759875679974e-06
42600.056 3.7339546453004903e-06
42650.056 3.665287962398949e-06
42700.056 3.785710629300681e-06
42750.056 3.6142812703000007e-06
42800.056 3.675312942200228e-06
42850.056 3.8972306202997025e-06
42900.056 3.7778910975002908e-06
42950.056 3.3549463476987606e-06
43000.056 3.603700762199993e-06
43050.056 3.4498298177012396e-06
43100.056 3.5783059466994687e-06
43150.056 3.6927590846007834e-06
43200.056 3.5018957529999585e-06
43250.056 3.559077533700677e-06
43300.056 3.5922318137001525e-06
43350.056 3.401143093999449e-06
43400.056 3.334664232099754e-06
43450.056 3.383014782800765e-06
43500.056 3.2980088173993e-06
43550.056 3.3579203200999512e-06
43600.056 3.5159091513000664e-06
43650.056 3.208325060960333e-06
43700.056 3.1933563932000403e-06
43750.056 3.230231723700047e-06
43800.056 3.1174008853999627e-06
43850.056 3.2018249963005045e-06
43900.056 3.24074014923993e-06
43950.056 3.084627276520281e-06
44000.056 2.8831196022001583e-06
44050.056 2.8913041371001094e-06
44100.056 3.0012782625006105e-06
44150.056 3.194083349299616e-06
44200.056 2.9553204200001896e-06
44250.056 2.8633189657997997e-06
44300.056 2.7803276230005805e-06
44350.056 2.792866957900155e-06
44400.056 2.832042981599968e-06
44450.056 3.0009096911001583e-06
44500.056 2.992605075900519e-06
44550.056 2.698424905619396e-06
44600.056 2.750148780480348e-06
44650.056 2.942237307140013e-06
44700.056 2.710724387500251e-06
44750.056 2.901521340039585e-06
44800.056 2.860996011129933e-06
44850.056 2.9174146937002007e-06
44900.056 2.7492236751003894e-06
44950.056 2.552185333840033e-06
45000.056 2.7949483334999743e-06
45050.056 2.74650394969962e-06
45100.056 2.8752719427998455e-06
45150.056 2.7634271549100616e-06
45200.056 2.5521036334998414e-06
45250.056 2.6286672175396374e-06
45300.056 2.7226598093001017e-06
45350.056 2.8344002912595794e-06
45400.056 2.7363621309203265e-06
45450.056 2.53860254979959e-06
45500.056 2.5704935205998645e-06
45550.056 2.827445400129635e-06
45600.056 2.6927310223999496e-06
45650.056 2.465168490099372e-06
45700.056 2.6664539753003535e-06
45750.056 2.600928032849867e-06
45800.056 2.57930659451994e-06
45850.056 2.8907231312000517e-06
45900.056 2.8060119348400176e-06
45950.056 2.537332048439923e-06
46000.056 2.864872034009999e-06
46050.056 2.9178449228707032e-06
46100.056 2.5375701034801386e-06
46150.056 2.59213715098993e-06
46200.056 2.8496363140006395e-06
46250.056 2.4475703038999272e-06
46300.056 2.9485969913998874e-06
46350.056 2.4797192187597735e-06
46400.056 2.6837944008597046e-06
46450.056 2.6101281415805557e-06
46500.056 2.5323381601399458e-06
46550.056 2.830052324479867e-06
46600.056 2.621640838359819e-06
46650.056 3.0914474857399595e-06
46700.056 2.932861467370796e-06
46750.056 2.5363210055599443e-06
46800.056 2.7601844049404527e-06
46850.056 2.8103863958800513e-06
46900.056 2.7331642284595164e-06
46950.056 2.9547448424101805e-06
47000.056 2.752234883600017e-06
47050.056 2.821760912649738e-06
47100.056 2.606070890200066e-06
47150.056 2.7552030012404588e-06
47200.056 2.7041856466406975e-06
47250.056 2.676700401699313e-06
47300.056 2.7315527241292914e-06
47350.056 2.4310199731995644e-06
47400.056 2.779430376909371e-06
47450.056 2.864069906659856e-06
47500.056 2.659115513999375e-06
47550.056 2.663828562719502e-06
47600.056 2.8659642954998718e-06
47650.056 2.252007115849448e-06
47700.056 2.853150003300015e-06
47750.056 2.1889077730406513e-06
47800.056 2.8468316360997724e-06
47850.056 2.3227543114992005e-06
47900.056 2.914673567400126e-06
47950.056 2.284834023930587e-06
48000.056 3.0442929373000457e-06
48050.056 2.435461831930451e-06
48100.056 2.5871830105300084e-06
48150.056 2.4102921005002485e-06
48200.056 2.8835851219506432e-06
48250.056 2.460141453019791e-06
48300.056 3.0267738424998144e-06
48350.056 2.213458637809481e-06
48400.056 2.821576188359941e-06
48450.056 2.507519312250203e-06
48500.056 2.9934830235000295e-06
48550.056 2.2895794075799986e-06
48600.056 2.8701068749997445e-06
48650.056 2.281701075339976e-06
48700.056 2.7088253710000708e-06
48750.056 2.1204690400203383e-06
48800.056 2.9666374840001674e-06
48850.056 2.302701516799577e-06
48900.056 2.8199212073000913e-06
48950.056 2.620138417580261e-06
49000.056 2.5655164126398856e-06
49050.056 2.6461620891997716e-06
49100.056 2.53908632164012e-06
49150.056 2.5335104872600243e-06
49200.056 2.6485332914899043e-06
49250.056 2.5386510851001615e-06
49300.056 2.3752046263396282e-06
49350.056 2.3714066097999875e-06
49400.056 2.774836589400363e-06
49450.056 2.4484200085105668e-06
49500.056 2.494723108200383e-06
49550.056 2.3203131558999285e-06
49600.056 2.3948477789503695e-06
49650.056 2.4667030404003442e-06
49700.056 2.176750987079758e-06
49750.056 2.967552305099513e-06
49800.056 2.484223563780032e-06
49850.056 2.8418409544400562e-06
49900.056 2.4014328482600977e-06
49950.056 2.5272265681993356e-06
50000.056 2.4191390898394423e-06
50050.056 2.536499273240103e-06
50100.056 2.5656302683998116e-06
50150.056 2.361743419779934e-06
50200.056 2.1853199260001513e-06
50250.056 2.326014628460218e-06
50300.056 2.289910395349654e-06
50350.056 2.509289544359942e-06
50400.056 2.4081166438000592e-06
50450.056 2.295482806100239e-06
50500.056 2.867210444200379e-06
50550.056 2.415552470959818e-06
50600.056 2.5071148422001936e-06
50650.056 2.415662140300579e-06
50700.056 2.598125245919363e-06
50750.056 2.549147347280288e-06
50800.056 2.1438326869898502e-06
50850.056 2.4160824127603232e-06
50900.056 2.4100476803999338e-06
50950.056 2.5407604763003978e-06
51000.056 2.7871016382002744e-06
51050.056 2.277890243960364e-06
51100.056 2.274716388849894e-06
51150.056 2.5429167185901e-06
51200.056 2.3558490845598495e-06
51250.056 2.577338916610093e-06
51300.056 2.285232837450593e-06
51350.056 2.497744852799795e-06
51400.056 2.420275826599372e-06
51450.056 1.8553715328797449e-06
51500.056 2.4886022873499823e-06
51550.056 2.81749758190024e-06
51600.056 2.0403918499499063e-06
51650.056 2.444421476999671e-06
51700.056 2.194219022179311e-06
51750.056 2.217032067500141e-06
51800.056 2.4813230805996855e-06
51850.056 2.4993128854998362e-06
51900.056 2.594712221500284e-06
51950.056 2.3394584385997396e-06
52000.056 2.1614719218099957e-06
52050.056 2.4790872927298067e-06
52100.056 2.4011436401995157e-06
52150.056 2.402748525120321e-06
52200.056 2.3037104852201175e-06
52250.056 2.279672188199964e-06
52300.056 2.371624830219974e-06
52350.056 2.63240458068024e-06
52400.056 2.072018086090062e-06
52450.056 2.311272233399998e-06
52500.056 2.4623805682393573e-06
52550.056 2.290416172599463e-06
52600.056 2.408828754060124e-06
52650.056 2.671142555570465e-06
52700.056 2.3368089401800767e-06
52750.056 1.99232536076983e-06
52800.056 2.2077485337002072e-06
52850.056 2.119172036379937e-06
52900.056 2.365971720000233e-06
52950.056 2.259558040399614e-06
53000.056 2.4890248974996688e-06
53050.056 2.389106747969652e-06
53100.056 2.1209731215995595e-06
53150.056 2.5271119931004743e-06
53200.056 1.9471955932603815e-06
53250.056 2.5788601139999313e-06
53300.056 2.4873077326007344e-06
53350.056 2.5276564287997697e-06
53400.056 2.2420085068001497e-06
53450.056 2.163290302900042e-06
53500.056 1.9963795434896686e-06
53550.056 2.4363345881999404e-06
53600.056 2.4260107543303835e-06
53650.056 2.135144691130534e-06
53700.056 2.1953487611305203e-06
