galfind/configs/Brown_Dwarf_templates/sonora_bobcat/m0.0/178g/sp_t1700g178nc_m0.0_resample.dat
# %ECSV 1.0
# ---
# datatype:
# - {name: wav, unit: Angstrom, datatype: float64}
# - {name: flux_nu, unit: erg / (cm2 Hz s), datatype: float64}
# meta: {C/O: '1.00', Kzz: '1.0000E+05', Teff: '1700.', Y: '0.28', '[Fe/H]': '0.00', f_hole: '1.00', f_rain: '0.00', grav: '178.'}
# schema: astropy-2.0
wav flux_nu
4000.0559999999996 nan
4050.0559999999996 6.327691406597767e-10
4100.056 1.2616016282288749e-09
4150.056 1.083034095165118e-09
4200.056 8.02138876679461e-10
4250.056 7.923256157102559e-10
4300.056 6.121373847651541e-10
4350.056 6.67831072200025e-10
4400.056 7.655512774601743e-10
4450.056 5.916833173500245e-10
4500.056 6.268335648900371e-10
4550.056 7.886464140578419e-10
4600.056 7.554144333900095e-10
4650.056 7.028009253098955e-10
4700.056 8.62029164050104e-10
4750.056 9.510014981299026e-10
4800.056 6.587628088600668e-10
4850.056 7.648279825400357e-10
4900.056 1.0235869697099774e-09
4950.056 9.884367825800209e-10
5000.056 5.070250910199316e-10
5050.056 3.854000400920264e-10
5100.056 3.9142455874804754e-10
5150.056 3.3200885280107496e-10
5200.056 3.1185865034398945e-10
5250.056 3.237134326700227e-10
5300.056 3.0809497189000314e-10
5350.056 2.8144908914001317e-10
5400.056 2.4357986672000004e-10
5450.056 1.819959542509973e-10
5500.056 1.2758766281499743e-10
5550.056 1.0228857826999647e-10
5600.056 7.467914905100033e-11
5650.056 4.992003087599956e-11
5700.056 3.046299985499977e-11
5750.056 1.6550419081999823e-11
5800.056 7.7280068065999e-12
5850.056 2.5956657705799434e-12
5900.056 3.5293427901843946e-13
5950.056 6.335528229900148e-12
6000.056 2.675515097500047e-11
6050.056 8.42869533310012e-11
6100.056 2.0664148634000524e-10
6150.056 4.376837327700023e-10
6200.056 7.848483076800047e-10
6250.056 1.3177998780200235e-09
6300.056 2.1631258964000265e-09
6350.056 3.236796594100053e-09
6400.056 4.581780006699989e-09
6450.056 6.352650006499729e-09
6500.056 7.79401633369949e-09
6550.056 1.0005207262399457e-08
6600.056 1.1873100193000226e-08
6650.056 1.2632243590900845e-08
6700.056 8.077943412465261e-09
6750.056 1.456088792970056e-08
6800.056 1.7658840761000825e-08
6850.056 2.064668915900007e-08
6900.056 2.1398982041000113e-08
6950.056 2.2707663791999032e-08
7000.056 2.56206911819988e-08
7050.056 2.5549595774000582e-08
7100.056 2.1200694330999532e-08
7150.056 2.0666180448000397e-08
7200.056 2.5679715593999775e-08
7250.056 3.1314134853001705e-08
7300.056 3.645765226700255e-08
7350.056 3.550334108700096e-08
7400.056 2.931724983200051e-08
7450.056 2.4037826038998122e-08
7500.056 2.081125780099952e-08
7550.056 1.720055326100007e-08
7600.056 1.0359953924699747e-08
7650.056 1.1381024002075625e-09
7700.056 3.4916760413109984e-10
7750.056 6.047333497600182e-09
7800.056 1.548219107997866e-08
7850.056 3.150858350100061e-08
7900.056 3.9979258024003034e-08
7950.056 4.007175525388055e-08
8000.056 5.752080125299839e-08
8050.056 8.266504330799405e-08
8100.056 1.166419000180046e-07
8150.056 1.6028375788800515e-07
8200.056 1.482020997247954e-07
8250.056 1.9152408124300104e-07
8300.056 1.947131190410249e-07
8350.056 2.1772510964001576e-07
8400.056 2.3412277472000073e-07
8450.056 1.9494502097998636e-07
8500.056 1.8616814363973682e-07
8550.056 2.200705561100136e-07
8600.056 2.3680805536996125e-07
8650.056 2.4117574731195606e-07
8700.056 2.337207554690129e-07
8750.056 2.6967729147901924e-07
8800.056 3.54286551039039e-07
8850.056 3.7366078667198376e-07
8900.056 3.222321411810091e-07
8950.056 3.3304959067208266e-07
9000.056 4.2572984154003114e-07
9050.056 4.3288309288998714e-07
9100.056 5.328447567699984e-07
9150.056 6.123810757700131e-07
9200.056 6.211147385000267e-07
9250.056 4.848584652279681e-07
9300.056 3.8890419572020953e-07
9350.056 4.373767907652783e-07
9400.056 4.984960111999954e-07
9450.056 5.615479165604516e-07
9500.056 6.346705440921359e-07
9550.056 7.038882457223184e-07
9600.056 7.203184063097286e-07
9650.056 8.12548959832375e-07
9700.056 9.029254056177118e-07
9750.056 7.469247225259661e-07
9800.056 8.190600122768877e-07
9850.056 8.29089459569947e-07
9900.056 6.726747127899559e-07
9950.056 5.429984169199958e-07
10000.056 5.268572670299576e-07
10050.056 5.794812531599807e-07
10100.056 7.17870222290081e-07
10150.056 7.220848923199072e-07
10200.056 7.938468004899745e-07
10250.056 8.043262319098679e-07
10300.056 7.752972399199549e-07
10350.056 9.00079844479975e-07
10400.056 1.0228490126999591e-06
10450.056 1.0756531595901505e-06
10500.056 1.0367637003499337e-06
10550.056 1.0766606455401528e-06
10600.056 1.179235017300137e-06
10650.056 1.2347690876400651e-06
10700.056 1.3037945810700836e-06
10750.056 1.4723561964901193e-06
10800.056 1.6236098595999243e-06
10850.056 1.8047805231598241e-06
10900.056 1.771530507689931e-06
10950.056 1.6371169992797958e-06
11000.056 1.5583401104669864e-06
11050.056 1.1937803933740364e-06
11100.056 1.2481115027467825e-06
11150.056 1.298049349790084e-06
11200.056 1.3246967943097593e-06
11250.056 1.5712262849599314e-06
11300.056 1.5404978849135024e-06
11350.056 1.3244075104829328e-06
11400.056 1.1317457127300754e-06
11450.056 1.5203384219109859e-06
11500.056 1.8169014856751379e-06
11550.056 1.6924890906108689e-06
11600.056 1.8044802929511734e-06
11650.056 1.8053030900387758e-06
11700.056 1.3433757643185124e-06
11750.056 1.383101213562769e-06
11800.056 1.4281243791030549e-06
11850.056 1.9275887463801717e-06
11900.056 2.0678114919375894e-06
11950.056 2.015742737259936e-06
12000.056 1.7818596235800192e-06
12050.056 2.15480085608012e-06
12100.056 2.1206078793998325e-06
12150.056 2.4591373194298123e-06
12200.056 2.4584328146795164e-06
12250.056 2.7145123049996875e-06
12300.056 2.847929783800335e-06
12350.056 2.8335928672101026e-06
12400.056 2.4668729650798643e-06
12450.056 2.09422987508004e-06
12500.056 2.2728161817497248e-06
12550.056 2.314112764470111e-06
12600.056 2.725049787900025e-06
12650.056 2.8291152062997985e-06
12700.056 3.11588887191018e-06
12750.056 3.060713326439987e-06
12800.056 3.294057773159918e-06
12850.056 3.132526902810031e-06
12900.056 2.9397083039197297e-06
12950.056 3.0561987201798074e-06
13000.056 3.1802680554994756e-06
13050.056 3.2949010217477516e-06
13100.056 3.301987983149773e-06
13150.056 3.2690574226097626e-06
13200.056 3.1119408711099346e-06
13250.056 2.8003899340730935e-06
13300.056 2.2748726402338386e-06
13350.056 1.219012554077665e-06
13400.056 1.0387570189130954e-06
13450.056 8.465787274665465e-07
13500.056 7.873978093567041e-07
13550.056 7.057606053636917e-07
13600.056 6.402903027045496e-07
13650.056 8.007781259504874e-07
13700.056 6.901184971244028e-07
13750.056 7.079635622356741e-07
13800.056 8.5464120806274e-07
13850.056 8.1322475101191e-07
13900.056 8.087710311109321e-07
13950.056 7.567628374134142e-07
14000.056 6.998324988842025e-07
14050.056 7.195036490662271e-07
14100.056 6.102615134022191e-07
14150.056 6.651213740607808e-07
14200.056 5.893817489144082e-07
14250.056 5.778504694794185e-07
14300.056 6.284664619790869e-07
14350.056 6.261057806707345e-07
14400.056 6.786836407192881e-07
14450.056 7.052170051975796e-07
14500.056 8.45938271847999e-07
14550.056 8.73776228538949e-07
14600.056 9.508175681253736e-07
14650.056 9.432979783637772e-07
14700.056 8.550474905920067e-07
14750.056 9.342400153293136e-07
14800.056 1.0094509515243666e-06
14850.056 1.1026785308187292e-06
14900.056 1.0937474450639875e-06
14950.056 1.1169526476052005e-06
15000.056 1.1675788596962667e-06
15050.056 1.318001746878654e-06
15100.056 1.3404774814231485e-06
15150.056 1.437127938653129e-06
15200.056 1.4794840409698594e-06
15250.056 1.5322892664369101e-06
15300.056 1.640537669123876e-06
15350.056 1.7260917458799824e-06
15400.056 1.8277856823900509e-06
15450.056 1.9388012920301374e-06
15500.056 1.99974791818976e-06
15550.056 2.146707884969857e-06
15600.056 2.1245418763102068e-06
15650.056 2.2600829442901314e-06
15700.056 2.468986155750747e-06
15750.056 2.5996207009697983e-06
15800.056 2.5924860084805004e-06
15850.056 2.4585342809300643e-06
15900.056 2.5458969392602137e-06
15950.056 2.6034836582298093e-06
16000.056 2.658609888579878e-06
16050.056 2.739404916300147e-06
16100.056 2.8526322670001316e-06
16150.056 2.738151301100196e-06
16200.056 2.859376193299799e-06
16250.056 2.8226494531999616e-06
16300.056 2.8436501568000044e-06
16350.056 3.018393681909917e-06
16400.056 2.983385826360208e-06
16450.056 3.068549081090169e-06
16500.056 3.1924905957003148e-06
16550.056 3.3331414801200276e-06
16600.056 3.1383058484003977e-06
16650.056 3.3766662619599993e-06
16700.056 3.2024403016096846e-06
16750.056 3.2594260796697828e-06
16800.056 3.418614077379848e-06
16850.056 3.4295795889998824e-06
16900.056 3.313246501410042e-06
16950.056 3.283132947749846e-06
17000.056 3.2856582692003143e-06
17050.056 3.2589869583000398e-06
17100.056 3.0730957429305935e-06
17150.056 2.9893578544800114e-06
17200.056 2.7257363805997424e-06
17250.056 2.5181768112898718e-06
17300.056 2.524765623859662e-06
17350.056 2.400328672974243e-06
17400.056 2.413368509082006e-06
17450.056 2.194044890059948e-06
17500.056 2.113618753662437e-06
17550.056 2.0567187078692827e-06
17600.056 1.954346191492908e-06
17650.056 1.970125364477858e-06
17700.056 1.630039903804808e-06
17750.056 1.5385295439510182e-06
17800.056 1.5849624270343784e-06
17850.056 1.353788296222171e-06
17900.056 1.419431444022488e-06
17950.056 1.3452469704916232e-06
18000.056 1.2267235135880544e-06
18050.056 1.208292737730499e-06
18100.056 1.1556611833592103e-06
18150.056 1.3498971923655461e-06
18200.056 1.0214136834162623e-06
18250.056 1.337584977218763e-06
18300.056 1.2311817994077908e-06
18350.056 1.125276285037292e-06
18400.056 1.1071844187620749e-06
18450.056 9.939545437552638e-07
18500.056 1.060796375754274e-06
18550.056 9.607539876251845e-07
18600.056 7.949887463651513e-07
18650.056 9.12595679045239e-07
18700.056 1.0095146625645221e-06
18750.056 9.82485594855401e-07
18800.056 1.0664721700733254e-06
18850.056 1.2471284759823083e-06
18900.056 1.1991463208085353e-06
18950.056 1.2816882567909758e-06
19000.056 1.3250288728248233e-06
19050.056 1.2452353351437706e-06
19100.056 1.3658189943342479e-06
19150.056 1.3704007025181024e-06
19200.056 1.373238436466718e-06
19250.056 1.2792180332277107e-06
19300.056 1.3580705648581552e-06
19350.056 1.2773764619424276e-06
19400.056 1.0567207143643236e-06
19450.056 1.321754042736063e-06
19500.056 1.319274082714822e-06
19550.056 1.06220286780839e-06
19600.056 1.2627941664409353e-06
19650.056 1.2719223308920715e-06
19700.056 1.2815727138131124e-06
19750.056 1.1876140661122044e-06
19800.056 1.269505606824804e-06
19850.056 1.3342797714594922e-06
19900.056 1.1385825811672126e-06
19950.056 1.4110996860259862e-06
20000.056 1.2371593983371304e-06
20050.056 1.3614669368214972e-06
20100.056 1.4083890436182367e-06
20150.056 1.4323997679721026e-06
20200.056 1.4920696229996706e-06
20250.056 1.579442185401856e-06
20300.056 1.5896220587521119e-06
20350.056 1.6764948630897549e-06
20400.056 1.6687608957432514e-06
20450.056 1.7927993094297182e-06
20500.056 1.8231149169600353e-06
20550.056 1.8535034368500622e-06
20600.056 2.017577869460321e-06
20650.056 1.9796705530403917e-06
20700.056 2.080694463740291e-06
20750.056 2.1358412811097247e-06
20800.056 2.238941349440052e-06
20850.056 2.2118510662199013e-06
20900.056 2.3518546910397046e-06
20950.056 2.3824511936699153e-06
21000.056 2.50063275969993e-06
21050.056 2.5228517240600206e-06
21100.056 2.5440399734699654e-06
21150.056 2.6890071673500053e-06
21200.056 2.657186099780145e-06
21250.056 2.805850158879802e-06
21300.056 2.7026488033799738e-06
21350.056 2.9052360906400414e-06
21400.056 2.7814009222603114e-06
21450.056 3.043708639949975e-06
21500.056 2.880775796700215e-06
21550.056 2.942544403539873e-06
21600.056 3.0089816395403205e-06
21650.056 2.957651084000159e-06
21700.056 3.1062054839999547e-06
21750.056 2.982719084589965e-06
21800.056 2.9731583055797005e-06
21850.056 2.954098156659875e-06
21900.056 3.024136031280234e-06
21950.056 2.884318347990153e-06
22000.056 2.8691079035000753e-06
22050.056 2.7075926330995835e-06
22100.056 2.8326748630700805e-06
22150.056 2.8609165672701523e-06
22200.056 2.747888806970451e-06
22250.056 2.8932666597603706e-06
22300.056 2.8394043916198683e-06
22350.056 2.715126150230258e-06
22400.056 2.802543520860097e-06
22450.056 2.702873655949796e-06
22500.056 2.7605443954600057e-06
22550.056 2.666872678759499e-06
22600.056 2.7053426835800953e-06
22650.056 2.6098599345705787e-06
22700.056 2.5735609102305294e-06
22750.056 2.6872880800999745e-06
22800.056 2.5290820150099917e-06
22850.056 2.5448026218802894e-06
22900.056 2.5867512555698573e-06
22950.056 1.749347798070171e-06
23000.056 1.9454334793101488e-06
23050.056 2.0975811030147348e-06
23100.056 2.0252544378188226e-06
23150.056 2.119942774392331e-06
23200.056 1.957385318629123e-06
23250.056 1.6396032946357395e-06
23300.056 1.708452084955183e-06
23350.056 1.7817593286690208e-06
23400.056 1.7180441533181533e-06
23450.056 1.7936424796141024e-06
23500.056 1.8190317632598259e-06
23550.056 1.658011674876375e-06
23600.056 1.6576891913052183e-06
23650.056 1.8055840420718236e-06
23700.056 1.6718044580837865e-06
23750.056 1.6874295348423655e-06
23800.056 1.6488188567940663e-06
23850.056 1.4467707092851551e-06
23900.056 1.6705138074629543e-06
23950.056 1.7458315347704626e-06
24000.056 1.653437422984494e-06
24050.056 1.6735380757831348e-06
24100.056 1.4925270343226955e-06
24150.056 1.4975339361124948e-06
24200.056 1.5088808264974148e-06
24250.056 1.450903000460152e-06
24300.056 1.434996277160056e-06
24350.056 1.2817046809041424e-06
24400.056 1.462595380869946e-06
24450.056 1.2639213083847743e-06
24500.056 1.196979847490873e-06
24550.056 1.1690745012421603e-06
24600.056 1.2275925171561856e-06
24650.056 1.3359565706180245e-06
24700.056 1.0636354657449126e-06
24750.056 1.0235412104163286e-06
24800.056 9.967456979352148e-07
24850.056 1.2080158789299472e-06
24900.056 8.505144014775269e-07
24950.056 1.1345046661198665e-06
25000.056 1.0072615462260978e-06
25050.056 7.606936918372017e-07
25100.056 9.497930473030025e-07
25150.056 7.950934950889507e-07
25200.056 8.600255920839181e-07
25250.056 7.786825069858443e-07
25300.056 8.958545459080489e-07
25350.056 7.041233954719979e-07
25400.056 8.385907765582696e-07
25450.056 7.011023702039752e-07
25500.056 7.598086589952361e-07
25550.056 7.17318457198064e-07
25600.056 7.446175624300022e-07
25650.056 6.406820603249683e-07
25700.056 8.912018522716592e-07
25750.056 5.895703442031409e-07
25800.056 8.52034980205167e-07
25850.056 6.928800521018585e-07
25900.056 8.225644503881017e-07
25950.056 6.61710240066981e-07
26000.056 8.570815048983646e-07
26050.056 8.509836552110373e-07
26100.056 9.033103742169614e-07
26150.056 8.709917952758087e-07
26200.056 8.371520281619935e-07
26250.056 8.986890288320882e-07
26300.056 8.656902968200783e-07
26350.056 9.425958447449411e-07
26400.056 9.667368589817574e-07
26450.056 9.505135475961207e-07
26500.056 1.0047990789526268e-06
26550.056 9.1403252975474e-07
26600.056 1.1376143349047638e-06
26650.056 8.081571869448571e-07
26700.056 8.299601433330582e-07
26750.056 6.750937769996879e-07
26800.056 8.168442803527679e-07
26850.056 6.110258270360141e-07
26900.056 8.649505348930673e-07
26950.056 5.716202796589316e-07
27000.056 8.313284989861875e-07
27050.056 6.89744576426007e-07
27100.056 6.912804545778334e-07
27150.056 7.729069539720086e-07
27200.056 7.414717234701893e-07
27250.056 6.992941481162975e-07
27300.056 8.855632311180361e-07
27350.056 8.205663798207312e-07
27400.056 6.340435250759338e-07
27450.056 9.47089080910657e-07
27500.056 8.662668616639081e-07
27550.056 7.603871076049205e-07
27600.056 9.662932597408578e-07
27650.056 6.970837272319216e-07
27700.056 6.603318649030866e-07
27750.056 9.641395761886302e-07
27800.056 6.52003954055943e-07
27850.056 7.379732489246146e-07
27900.056 7.711292743130758e-07
27950.056 9.30786413699946e-07
28000.056 8.568650904372606e-07
28050.056 6.094273471721768e-07
28100.056 9.865657340832987e-07
28150.056 7.504272950410502e-07
28200.056 6.152206638450382e-07
28250.056 8.650286091820426e-07
28300.056 1.019915361432126e-06
28350.056 7.058837449017716e-07
28400.056 7.958178970589614e-07
28450.056 8.569969880097971e-07
28500.056 8.400146207797865e-07
28550.056 5.635864694558002e-07
28600.056 9.998065240259318e-07
28650.056 8.972368174489298e-07
28700.056 7.975691161998431e-07
28750.056 9.314186267710025e-07
28800.056 8.665882275792232e-07
