galfind/configs/Brown_Dwarf_templates/sonora_bobcat/m0.0/178g/sp_t850g178nc_m0.0_resample.dat
# %ECSV 1.0
# ---
# datatype:
# - {name: wav, unit: Angstrom, datatype: float64}
# - {name: flux_nu, unit: erg / (cm2 Hz s), datatype: float64}
# meta: {C/O: '1.00', Kzz: '1.0000E+05', Teff: '850.', Y: '0.28', '[Fe/H]': '0.00', f_hole: '1.00', f_rain: '0.00', grav: '178.'}
# schema: astropy-2.0
wav flux_nu
[from data line 497]
28850.056 3.9299873493720024e-08
28900.056 2.0679751606947573e-08
28950.056 4.3942005968306455e-08
29000.056 3.562316415595886e-08
29050.056 4.0649288164251303e-08
29100.056 2.8656346437806095e-08
29150.056 5.090486881069303e-08
29200.056 3.6184747684863816e-08
29250.056 5.238026881589905e-08
29300.056 2.8392039858789026e-08
29350.056 7.933183867074127e-08
29400.056 4.10236013316521e-08
29450.056 4.481507184741179e-08
29500.056 5.2590242519024495e-08
29550.056 4.4155597854815746e-08
29600.056 5.33769121830156e-08
29650.056 5.8814791111318384e-08
29700.056 4.066714019380168e-08
29750.056 5.922716373491077e-08
29800.056 6.037454650287436e-08
29850.056 6.585147650618726e-08
29900.056 6.14678979641962e-08
29950.056 5.938469661931239e-08
30000.056 1.9938053823757292e-08
30050.056 2.8513580042816554e-08
30100.056 3.0474388597009134e-08
30150.056 5.782402912289364e-08
30200.056 4.6922995172953074e-08
30250.056 7.718242956797108e-08
30300.056 6.936257019890777e-08
30350.056 5.578133161340334e-08
30400.056 7.456079213256966e-08
30450.056 5.096476076651816e-08
30500.056 4.606997097058167e-08
30550.056 4.753506942289691e-08
30600.056 6.130105359840069e-08
30650.056 4.547771382259463e-08
30700.056 4.188228814366899e-08
30750.056 4.858317465816191e-08
30800.056 4.040538660000896e-08
30850.056 3.794566902358359e-08
30900.056 3.083826044090346e-08
30950.056 3.1083024586497215e-08
31000.056 2.7846553572803917e-08
31050.056 2.8342397069799427e-08
31100.056 2.159480971148823e-08
31150.056 2.861811220124851e-08
31200.056 3.145416298900762e-08
31250.056 2.245110655204706e-08
31300.056 2.019662079572639e-08
31350.056 2.2115667554581757e-08
31400.056 1.697632498936093e-08
31450.056 1.8952732106895414e-08
31500.056 1.3753485213127007e-08
31550.056 1.6206151200559943e-08
31600.056 1.2186154257141331e-08
31650.056 1.1307058151434334e-08
31700.056 1.1838769456199296e-08
31750.056 8.983629413354645e-09
31800.056 1.2671486944299454e-08
31850.056 8.316313882157248e-09
31900.056 1.0868262937940081e-08
31950.056 6.918738566605342e-09
32000.056 9.113767507714379e-09
32050.056 9.883037815077495e-09
32100.056 9.313265746471226e-09
32150.056 1.0584558268509166e-08
32200.056 8.256002808457987e-09
32250.056 1.2403893169232692e-08
32300.056 7.856446810387482e-09
32350.056 1.2842483625118819e-08
32400.056 7.852505868567647e-09
32450.056 1.1686229488026579e-08
32500.056 9.983926659646219e-09
32550.056 1.0341189040129002e-08
32600.056 1.2136280609899025e-08
32650.056 1.7642001013645923e-08
32700.056 1.4558075965063883e-08
32750.056 1.9276856477493226e-08
32800.056 1.7883657303280484e-08
32850.056 2.087107015139782e-08
32900.056 2.2708216610724278e-08
32950.056 2.39832504923788e-08
33000.056 1.9370087874363953e-08
33050.056 1.894956451840902e-08
33100.056 8.954456634316792e-09
33150.056 1.5550172716150709e-09
33200.056 1.812791474510085e-09
33250.056 1.1439905809097434e-09
33300.056 1.6268234542803923e-09
33350.056 3.185171285200089e-09
33400.056 5.077793103777993e-09
33450.056 7.289653289529156e-09
33500.056 1.24209372263075e-08
33550.056 9.90002747764648e-09
33600.056 1.6316715307468237e-08
33650.056 1.655502511464885e-08
33700.056 1.3284402606522098e-08
33750.056 2.0573635269185528e-08
33800.056 1.3789931175369191e-08
33850.056 1.7933721754097608e-08
33900.056 1.4433127514999786e-08
33950.056 1.484402609450573e-08
34000.056 1.9944564310407573e-08
34050.056 9.890084692947595e-09
34100.056 1.9260778849082196e-08
34150.056 1.395583337829953e-08
34200.056 1.6417324192172223e-08
34250.056 1.5949142165801937e-08
34300.056 1.3705605835889686e-08
34350.056 1.3644804628280043e-08
34400.056 1.1002615935567662e-08
34450.056 1.6722932429492683e-08
34500.056 1.4731443983872622e-08
34550.056 1.0606201189720667e-08
34600.056 2.0349245358599797e-08
34650.056 1.2445087556490862e-08
34700.056 1.7133555675698898e-08
34750.056 1.6275062050953838e-08
34800.056 1.3883181928535835e-08
34850.056 1.8095452995254653e-08
34900.056 1.7368247286190813e-08
34950.056 1.9477560967595553e-08
35000.056 2.9709476721306015e-08
35050.056 1.7389681309921034e-08
35100.056 2.445157581830288e-08
35150.056 2.346910217048663e-08
35200.056 2.3957762840217924e-08
35250.056 3.263541282298851e-08
35300.056 2.354673656480473e-08
35350.056 2.47919679041915e-08
35400.056 2.8132261026997865e-08
35450.056 1.916693968727135e-08
35500.056 3.9052411571996327e-08
35550.056 3.4494294701494236e-08
35600.056 3.0515498948616377e-08
35650.056 3.446103874299007e-08
35700.056 3.084882773834194e-08
35750.056 4.0502789865195336e-08
35800.056 5.096173751710157e-08
35850.056 3.036703006399701e-08
35900.056 4.158284196065571e-08
35950.056 4.073062233238952e-08
36000.056 4.038638496380656e-08
36050.056 3.768536898608683e-08
36100.056 3.876616519421702e-08
36150.056 4.394383933498904e-08
36200.056 4.829617186938683e-08
36250.056 4.3215031612987825e-08
36300.056 5.568426744473185e-08
36350.056 5.0670978041607215e-08
36400.056 5.253973635879046e-08
36450.056 6.052592111859322e-08
36500.056 6.425424712180224e-08
36550.056 6.792367085802026e-08
36600.056 7.919764980599174e-08
36650.056 7.372040297902508e-08
36700.056 7.742535034946151e-08
36750.056 8.589965831003965e-08
36800.056 8.643179870399896e-08
36850.056 7.765757723758536e-08
36900.056 8.826223784929e-08
36950.056 9.708142530998374e-08
37000.056 8.879730338698941e-08
37050.056 9.429471543899633e-08
37100.056 9.778342568670007e-08
37150.056 8.73901498373979e-08
37200.056 1.0591928018798797e-07
37250.056 1.004099069207798e-07
37300.056 8.943522139575903e-08
37350.056 9.87983811927188e-08
37400.056 1.3724896291779673e-07
37450.056 1.0242077361319364e-07
37500.056 1.0356134518639084e-07
37550.056 1.2978363602107306e-07
37600.056 1.471932367270159e-07
37650.056 1.0099816895100538e-07
37700.056 1.4709119047781335e-07
37750.056 1.1228553478730611e-07
37800.056 1.2115351366236148e-07
37850.056 8.976753911650647e-08
37900.056 1.0334456373263495e-07
37950.056 1.263331431703746e-07
38000.056 1.4629642604699623e-07
38050.056 1.4654549222563743e-07
38100.056 1.5058823543582199e-07
38150.056 1.6567470236599572e-07
38200.056 1.7231784665903353e-07
38250.056 1.5954120245901168e-07
38300.056 2.057240830129645e-07
38350.056 2.0944905144803404e-07
38400.056 1.416176167226443e-07
38450.056 1.4421433901135046e-07
38500.056 1.0727683164301781e-07
38550.056 1.6156293314404565e-07
38600.056 1.6230361811699244e-07
38650.056 1.6658721159897337e-07
38700.056 1.7642069384699765e-07
38750.056 1.8478827508300657e-07
38800.056 1.6276802873991972e-07
38850.056 1.7199311585702314e-07
38900.056 2.1557483379600009e-07
38950.056 1.743777353769844e-07
39000.056 1.9918005074798609e-07
39050.056 1.823036990640128e-07
39100.056 1.9524817847700318e-07
39150.056 2.0491845427499924e-07
39200.056 1.9876954813278112e-07
39250.056 2.2989267292997413e-07
39300.056 1.976773095199362e-07
39350.056 2.519955074520181e-07
39400.056 2.1562017343905954e-07
39450.056 2.293077520309873e-07
39500.056 2.2888606486603332e-07
39550.056 2.2085276846506207e-07
39600.056 2.457320243179435e-07
39650.056 2.6909424101098275e-07
39700.056 2.5453425646802654e-07
39750.056 2.1076499742846652e-07
39800.056 2.4100433223496005e-07
39850.056 2.966445604400061e-07
39900.056 2.9160349188000794e-07
39950.056 2.6132978840595176e-07
40000.056 3.2270391623204977e-07
40050.056 2.916714458420046e-07
40100.056 2.412175717346108e-07
40150.056 3.03665902803989e-07
40200.056 3.103519847699056e-07
40250.056 3.0836152470491015e-07
40300.056 3.067777123180434e-07
40350.056 3.0134445488197293e-07
40400.056 3.500443744290137e-07
40450.056 2.997445582568218e-07
40500.056 3.4897361324999247e-07
40550.056 3.5672771705593035e-07
40600.056 3.374933595000385e-07
40650.056 3.135464862839247e-07
40700.056 4.170486590049887e-07
40750.056 3.3649381572993587e-07
40800.056 2.8061586618287713e-07
40850.056 4.193554112700872e-07
40900.056 3.9383887736401907e-07
40950.056 3.559919705220199e-07
41000.056 3.6148341896399093e-07
41050.056 4.3746581914994647e-07
41100.056 3.729018838719866e-07
41150.056 2.876901369505684e-07
41200.056 4.211833184859869e-07
41250.056 3.707698935419772e-07
41300.056 3.384550866399308e-07
41350.056 4.434982268900348e-07
41400.056 4.000452227480534e-07
41450.056 4.2720674964002533e-07
41500.056 3.472304528503967e-07
41550.056 3.446681903980747e-07
41600.056 4.112550966380567e-07
41650.056 4.162285110400245e-07
41700.056 3.8318538712989687e-07
41750.056 3.901507904399745e-07
41800.056 4.5855812283000956e-07
41850.056 3.244114394599949e-07
41900.056 3.834796427989253e-07
41950.056 3.8853934938006737e-07
42000.056 3.714578906099216e-07
42050.056 3.296231648000113e-07
42100.056 4.567120711400128e-07
42150.056 3.363899776460104e-07
42200.056 3.2964602220400086e-07
42250.056 3.51853417127953e-07
42300.056 3.363278671259948e-07
42350.056 4.037413918800628e-07
42400.056 3.8881611218007517e-07
42450.056 3.4259900040204475e-07
42500.056 3.415015224869927e-07
42550.056 3.254650933659638e-07
42600.056 3.533131298850718e-07
42650.056 4.3585885712785864e-07
42700.056 3.5851894740195075e-07
42750.056 3.3479770386401727e-07
42800.056 3.7448387691905085e-07
42850.056 4.1827316176987426e-07
42900.056 4.430455072280919e-07
42950.056 3.496549075448968e-07
43000.056 3.9924737370803164e-07
43050.056 2.7280298514210416e-07
43100.056 3.571837448999417e-07
43150.056 3.334295698070385e-07
43200.056 3.8867574982000873e-07
43250.056 4.726565060300275e-07
43300.056 4.6570701070002e-07
43350.056 3.097297874719165e-07
43400.056 3.7762757398097904e-07
43450.056 3.263681882950584e-07
43500.056 3.294928959530093e-07
43550.056 3.4074194246805545e-07
43600.056 4.3847663879204333e-07
43650.056 3.252380659910088e-07
43700.056 4.42520157760046e-07
43750.056 4.046975531400567e-07
43800.056 3.8070488668395386e-07
43850.056 3.390876853300609e-07
43900.056 3.662640754579592e-07
43950.056 2.683829155339719e-07
44000.056 2.5305789857399957e-07
44050.056 4.011232187130106e-07
44100.056 4.76507289460031e-07
44150.056 4.5727503653395884e-07
44200.056 4.046710373719975e-07
44250.056 3.100491669640079e-07
44300.056 2.762813635350496e-07
44350.056 3.0860972827317996e-07
44400.056 3.019455645689887e-07
44450.056 3.687290103699698e-07
44500.056 3.709474884220884e-07
44550.056 4.43204716159948e-07
44600.056 3.804263221750347e-07
44650.056 3.942187422660579e-07
44700.056 2.962869480899968e-07
44750.056 3.7651976779604415e-07
44800.056 3.386563273920357e-07
44850.056 3.9803096280006007e-07
44900.056 3.2508901032803025e-07
44950.056 3.572445364580139e-07
45000.056 3.8024023011998773e-07
45050.056 3.73329137155986e-07
45100.056 3.746433330940024e-07
45150.056 3.70328232985964e-07
45200.056 3.054872917410266e-07
45250.056 3.3700329153790725e-07
45300.056 3.08068053364045e-07
45350.056 3.12677324021989e-07
45400.056 4.2405191930003587e-07
45450.056 3.8234030106998356e-07
45500.056 3.913954854560105e-07
45550.056 4.3825323248989725e-07
45600.056 4.281077502300461e-07
45650.056 3.5066254696295895e-07
45700.056 3.202235162510214e-07
45750.056 3.0589626089300046e-07
45800.056 4.2642767509000797e-07
45850.056 4.404071338699939e-07
45900.056 4.6063214351001146e-07
45950.056 3.7468497829098856e-07
46000.056 4.3873581172502677e-07
46050.056 3.804294602250236e-07
46100.056 4.398078164299698e-07
46150.056 3.546762494629832e-07
46200.056 3.4538675533802007e-07
46250.056 2.4210538001126026e-07
46300.056 3.8557055929199994e-07
46350.056 3.667563872000293e-07
46400.056 3.610302028000101e-07
46450.056 3.4000580714304287e-07
46500.056 3.5450335294007246e-07
46550.056 2.899393903919979e-07
46600.056 3.51275763333984e-07
46650.056 4.811963600799913e-07
46700.056 3.622355525599786e-07
46750.056 2.701304675780112e-07
46800.056 2.2053993703301925e-07
46850.056 4.6926262318007856e-07
46900.056 4.2294670533996316e-07
46950.056 4.2342006043998493e-07
47000.056 3.8338851006004806e-07
47050.056 3.723645878218712e-07
47100.056 2.654699010310381e-07
47150.056 3.330155936670506e-07
47200.056 3.980119164980148e-07
47250.056 3.015136726969712e-07
47300.056 2.35762795648309e-07
47350.056 4.2122095394997024e-07
47400.056 3.981170009599618e-07
47450.056 3.7995816296104144e-07
47500.056 4.309602019339507e-07
47550.056 3.831249907700043e-07
47600.056 3.8666465551997256e-07
47650.056 3.4119491416194316e-07
47700.056 3.561283152220964e-07
47750.056 2.6301703665300907e-07
47800.056 2.841374583660108e-07
47850.056 2.128751996110107e-07
47900.056 2.701705842649599e-07
47950.056 3.3704174585202497e-07
48000.056 4.5449768056005586e-07
48050.056 4.010100241500033e-07
48100.056 2.567149305140168e-07
48150.056 3.3278483382002266e-07
48200.056 3.06653846688001e-07
48250.056 3.090117997900131e-07
48300.056 4.2385872562990634e-07
48350.056 2.7604069905301396e-07
48400.056 1.8305044098856701e-07
48450.056 2.9331147178607173e-07
48500.056 3.723426245899457e-07
48550.056 3.129458632500071e-07
48600.056 3.4729357477000534e-07
48650.056 3.66403972619978e-07
48700.056 3.270882383090009e-07
48750.056 2.1916842635310287e-07
48800.056 4.161488082680019e-07
48850.056 2.6634195818294646e-07
48900.056 3.94896212231993e-07
48950.056 2.789959589000265e-07
49000.056 1.7639804828577304e-07
49050.056 3.388334064809648e-07
49100.056 3.588033144320618e-07
49150.056 3.081933968941212e-07
49200.056 3.8799545284004953e-07
49250.056 3.730555847900493e-07
49300.056 3.2691265326999117e-07
49350.056 2.0941977121903512e-07
49400.056 2.806222281699608e-07
49450.056 2.929290039210905e-07
49500.056 2.416103701279797e-07
49550.056 1.3740757570801348e-07
49600.056 2.25283267141048e-07
49650.056 2.7320812847998317e-07
49700.056 2.644927349239265e-07
49750.056 3.2837411528594463e-07
49800.056 2.6219256864281224e-07
49850.056 3.775702581540779e-07
49900.056 3.059047144359776e-07
49950.056 2.9289097248398986e-07
50000.056 2.7480849607797627e-07
50050.056 3.290071895699908e-07
50100.056 2.7269813514001006e-07
50150.056 1.869582645029794e-07
50200.056 9.678560889801812e-08
50250.056 2.511451998799733e-07
50300.056 2.0364769701401896e-07
50350.056 3.276429293170338e-07
50400.056 2.879848585949803e-07
50450.056 2.3043459928001746e-07
50500.056 3.065436641210361e-07
50550.056 2.7913041678901824e-07
50600.056 2.3503893186894392e-07
50650.056 3.1279659511006074e-07
50700.056 3.3659173290990143e-07
50750.056 2.644808238270387e-07
50800.056 1.6181547028498123e-07
50850.056 1.5047783887904682e-07
50900.056 3.2615428093799423e-07
50950.056 2.533361584400266e-07
51000.056 2.730715953420186e-07
51050.056 2.6710959224999e-07
51100.056 1.4936663921247978e-07
51150.056 2.072849734655905e-07
51200.056 3.606396687099742e-07
51250.056 2.4009938448395754e-07
51300.056 1.9314207462607903e-07
51350.056 2.1474054047898438e-07
51400.056 1.2987733601200062e-07
51450.056 1.1051374715607204e-07
51500.056 1.200884392250395e-07
51550.056 2.5688438428001853e-07
51600.056 1.85314092290028e-07
51650.056 1.9465287686596404e-07
51700.056 2.199364537470749e-07
51750.056 1.594683634975146e-07
51800.056 2.38586051211944e-07
51850.056 2.1598957401298807e-07
51900.056 3.0901040119803753e-07
51950.056 2.3120050738297959e-07
52000.056 8.76057342819833e-08
52050.056 1.710437997800198e-07
52100.056 1.3130178308299038e-07
52150.056 1.1304754104260955e-07
52200.056 1.3315086646959873e-07
52250.056 1.7381532754202596e-07
52300.056 2.584755516899839e-07
52350.056 1.7176851800160503e-07
52400.056 1.2855248645901212e-07
52450.056 2.3071392744101502e-07
52500.056 2.258168279479409e-07
52550.056 2.2188333921995907e-07
52600.056 1.8503300740702062e-07
52650.056 1.9431416941703215e-07
52700.056 1.686648106669978e-07
52750.056 1.1470662152359626e-07
52800.056 1.4588014268701965e-07
52850.056 1.5831315809995276e-07
52900.056 1.3853154969198152e-07
52950.056 1.5316870175300407e-07
53000.056 2.104298737490094e-07
53050.056 1.1493048040266611e-07
53100.056 1.7240943431696685e-07
53150.056 2.415012871740265e-07
53200.056 1.143291003625932e-07
53250.056 2.1343322074801591e-07
53300.056 2.2765011318791878e-07
53350.056 2.1198416426999447e-07
53400.056 1.9298577481000478e-07
53450.056 1.0962865833298518e-07
