galfind/configs/Brown_Dwarf_templates/sonora_bobcat/m0.0/178g/sp_t2200g178nc_m0.0_resample.dat
# %ECSV 1.0
# ---
# datatype:
# - {name: wav, unit: Angstrom, datatype: float64}
# - {name: flux_nu, unit: erg / (cm2 Hz s), datatype: float64}
# meta: {C/O: '1.00', Kzz: '1.0000E+05', Teff: '2200.', Y: '0.28', '[Fe/H]': '0.00', f_hole: '1.00', f_rain: '0.00', grav: '178.'}
# schema: astropy-2.0
wav flux_nu
4000.0559999999996 nan
4050.0559999999996 1.5944824622892113e-08
4100.056 1.7706066861331814e-08
4150.056 1.4490860819681807e-08
4200.056 1.0770142846125774e-08
4250.056 9.371626674622706e-09
4300.056 5.959348291272434e-09
4350.056 6.283684548740101e-09
4400.056 6.258903464402346e-09
4450.056 3.3127381093903442e-09
4500.056 3.5622729880206323e-09
4550.056 4.546796207138648e-09
4600.056 3.6196633636694278e-09
4650.056 2.681819442800119e-09
4700.056 3.2904638915406574e-09
4750.056 4.3185900251385065e-09
4800.056 2.4626058440305973e-09
4850.056 3.2253011031011997e-09
4900.056 7.0172004276991704e-09
4950.056 8.751732654340246e-09
5000.056 3.3294084927997463e-09
5050.056 4.877648299181297e-09
5100.056 1.0025773398172555e-08
5150.056 1.0989595418853696e-08
5200.056 5.575891705990203e-09
5250.056 8.028887666179373e-09
5300.056 1.0140876440950254e-08
5350.056 9.973943112901565e-09
5400.056 1.1330587231099848e-08
5450.056 8.724183459028692e-09
5500.056 6.398060137899093e-09
5550.056 8.753663526999445e-09
5600.056 6.813444294500502e-09
5650.056 5.757784831000347e-09
5700.056 6.9320111611004916e-09
5750.056 6.2404699829995095e-09
5800.056 5.69771321899979e-09
5850.056 2.5866941528700603e-09
5900.056 2.827315350354901e-10
5950.056 3.457004054000027e-09
6000.056 7.64640312449971e-09
6050.056 1.3778705579301039e-08
6100.056 1.9227461572300556e-08
6150.056 2.0335590930196388e-08
6200.056 1.1720789414500508e-08
6250.056 1.3267809527201244e-08
6300.056 1.9756722338200774e-08
6350.056 2.6431988886001566e-08
6400.056 3.372214741400141e-08
6450.056 4.511928012098856e-08
6500.056 4.544689795898897e-08
6550.056 5.7404844379986134e-08
6600.056 4.808121702400474e-08
6650.056 3.785987334900488e-08
6700.056 2.7023979784926957e-08
6750.056 3.45692451370039e-08
6800.056 3.9410645585000794e-08
6850.056 4.917595432999809e-08
6900.056 6.246459925400011e-08
6950.056 8.639380093199239e-08
7000.056 1.4239281317598243e-07
7050.056 1.3355822681701387e-07
7100.056 6.157721794599508e-08
7150.056 4.6927369948005775e-08
7200.056 6.85841254869963e-08
7250.056 1.0754468207001359e-07
7300.056 1.8892918161603577e-07
7350.056 2.879396355569968e-07
7400.056 3.7419111744403465e-07
7450.056 4.09987151214954e-07
7500.056 4.573114402420131e-07
7550.056 5.056078961650157e-07
7600.056 3.0914143848098014e-07
7650.056 6.974580835163814e-08
7700.056 3.5429997280987155e-08
7750.056 1.6104087307802604e-07
7800.056 2.20348237909654e-07
7850.056 2.5910767515399343e-07
7900.056 2.9900581937105364e-07
7950.056 3.1116112884527806e-07
8000.056 3.991725306609308e-07
8050.056 6.158510714029262e-07
8100.056 9.001938938401876e-07
8150.056 1.2486292802200358e-06
8200.056 8.450096456658801e-07
8250.056 1.0435587834099272e-06
8300.056 8.372379925202754e-07
8350.056 8.976592610602931e-07
8400.056 9.115081005001432e-07
8450.056 5.087766857498855e-07
8500.056 4.4162758879517844e-07
8550.056 5.751864754200518e-07
8600.056 7.168377553197127e-07
8650.056 9.321000946898736e-07
8700.056 1.070095034880183e-06
8750.056 1.3255330811201674e-06
8800.056 1.746424983310337e-06
8850.056 1.6528145101101825e-06
8900.056 1.1068139261700233e-06
8950.056 1.2148412832419858e-06
9000.056 1.5296651497101823e-06
9050.056 1.6297985011296164e-06
9100.056 2.065414584860119e-06
9150.056 2.4056329877900118e-06
9200.056 2.3099539659004664e-06
9250.056 1.5600775901499044e-06
9300.056 1.3041318814601221e-06
9350.056 1.4700871943597413e-06
9400.056 1.638202397070422e-06
9450.056 1.8531714735894581e-06
9500.056 2.222391513259787e-06
9550.056 2.4943831552704256e-06
9600.056 2.6941992614806075e-06
9650.056 3.035311062820762e-06
9700.056 3.286207657769663e-06
9750.056 2.617980727550048e-06
9800.056 2.857545703369768e-06
9850.056 2.788360082259829e-06
9900.056 2.482491216709936e-06
9950.056 2.3593102207801697e-06
10000.056 2.37134863616982e-06
10050.056 2.3156761311799026e-06
10100.056 2.788921866720982e-06
10150.056 2.72487929259978e-06
10200.056 2.9553926417696323e-06
10250.056 2.8917425559889915e-06
10300.056 2.864343315089544e-06
10350.056 3.229717654839678e-06
10400.056 3.4586888571899456e-06
10450.056 3.6885787150605676e-06
10500.056 3.7513040543092196e-06
10550.056 3.888080871060464e-06
10600.056 4.170692463040445e-06
10650.056 4.2518839048395705e-06
10700.056 4.4568898508401956e-06
10750.056 4.747577253290363e-06
10800.056 4.992309432959567e-06
10850.056 5.257960635839837e-06
10900.056 5.2141540118596556e-06
10950.056 5.054701088048753e-06
11000.056 4.838058496980187e-06
11050.056 3.695379724299793e-06
11100.056 4.004155321560747e-06
11150.056 4.2141773994796605e-06
11200.056 4.29431149904036e-06
11250.056 4.774852583599929e-06
11300.056 4.807251416130094e-06
11350.056 4.53170808629989e-06
11400.056 3.604486836149994e-06
11450.056 4.870437677009058e-06
11500.056 5.359769982299394e-06
11550.056 5.251433088310053e-06
11600.056 5.42598342420887e-06
11650.056 5.576519758990697e-06
11700.056 4.615323814014973e-06
11750.056 4.7536658449296924e-06
11800.056 4.778253215909217e-06
11850.056 5.702076262410186e-06
11900.056 5.878588072828875e-06
11950.056 5.809882669099767e-06
12000.056 5.508896211200366e-06
12050.056 6.004426601400352e-06
12100.056 5.971270375499838e-06
12150.056 6.4393258490997665e-06
12200.056 6.506163635299712e-06
12250.056 6.8279716517994495e-06
12300.056 6.965017925000803e-06
12350.056 7.01292050840043e-06
12400.056 6.446021380399436e-06
12450.056 5.532802667700096e-06
12500.056 5.976742766798963e-06
12550.056 5.998349994410083e-06
12600.056 6.5032293687000495e-06
12650.056 6.743906187999544e-06
12700.056 7.007534614899599e-06
12750.056 7.041526081200233e-06
12800.056 7.4381894835991855e-06
12850.056 7.307255615800209e-06
12900.056 7.163848672499331e-06
12950.056 7.35706077049917e-06
13000.056 7.5628071569991515e-06
13050.056 7.700460874599547e-06
13100.056 7.69321143869933e-06
13150.056 7.7413081864596e-06
13200.056 7.5323315094995476e-06
13250.056 7.1492572639601686e-06
13300.056 6.440874689569061e-06
13350.056 4.479374574386578e-06
13400.056 4.2993207961958214e-06
13450.056 3.884858302191823e-06
13500.056 3.8595352776404704e-06
13550.056 3.676283209850797e-06
13600.056 3.4132695135849858e-06
13650.056 3.6785481091959657e-06
13700.056 3.38441414035639e-06
13750.056 3.43585634786919e-06
13800.056 3.822528387697863e-06
13850.056 3.796988205171554e-06
13900.056 3.6801107279201727e-06
13950.056 3.5240321226848155e-06
14000.056 3.316997529002058e-06
14050.056 3.381965802759045e-06
14100.056 3.08083295430738e-06
14150.056 3.0930355786753334e-06
14200.056 2.9173902717915063e-06
14250.056 2.8901476489141825e-06
14300.056 2.938659222073509e-06
14350.056 2.96509265541637e-06
14400.056 3.092973695859291e-06
14450.056 3.233215144152232e-06
14500.056 3.4695502659006363e-06
14550.056 3.5004056910349134e-06
14600.056 3.634190606011031e-06
14650.056 3.5773833821487097e-06
14700.056 3.3461671551295717e-06
14750.056 3.5201042652206403e-06
14800.056 3.593876198080874e-06
14850.056 3.8284144191991785e-06
14900.056 3.833765988629761e-06
14950.056 3.865393517420726e-06
15000.056 3.958560554010639e-06
15050.056 4.287717455139182e-06
15100.056 4.265139096560562e-06
15150.056 4.375374473790318e-06
15200.056 4.573783790219709e-06
15250.056 4.582045301819772e-06
15300.056 4.785910193979873e-06
15350.056 4.920340830280185e-06
15400.056 5.0406336348000644e-06
15450.056 5.230112318360355e-06
15500.056 5.313092093699269e-06
15550.056 5.549191286399721e-06
15600.056 5.5365547231006595e-06
15650.056 5.738962196500013e-06
15700.056 6.052432897301726e-06
15750.056 6.235475341499464e-06
15800.056 6.3009375845009065e-06
15850.056 6.05193992920051e-06
15900.056 6.203800422100658e-06
15950.056 6.3059027211999625e-06
16000.056 6.4194329833996266e-06
16050.056 6.615975682500549e-06
16100.056 6.771715436800301e-06
16150.056 6.686177021300357e-06
16200.056 6.89295630169963e-06
16250.056 6.887704522099906e-06
16300.056 6.963397176600115e-06
16350.056 7.286884067399578e-06
16400.056 7.190536075601039e-06
16450.056 7.381598245300505e-06
16500.056 7.555165698300585e-06
16550.056 7.851940389999498e-06
16600.056 7.565217070200549e-06
16650.056 8.07835520430072e-06
16700.056 7.840134578698725e-06
16750.056 7.952835311599395e-06
16800.056 8.142449675100222e-06
16850.056 8.176316072199447e-06
16900.056 7.979725993600292e-06
16950.056 7.951263292499144e-06
17000.056 7.930552965800978e-06
17050.056 7.824414980700466e-06
17100.056 7.4996782836004986e-06
17150.056 7.380582483600015e-06
17200.056 6.912360431199644e-06
17250.056 6.627882685509916e-06
17300.056 6.750545156409141e-06
17350.056 6.485078259920511e-06
17400.056 6.570929061890066e-06
17450.056 6.204726657437208e-06
17500.056 5.989445921718965e-06
17550.056 5.913593968900541e-06
17600.056 5.69971381180014e-06
17650.056 5.804065347369054e-06
17700.056 5.153566727749136e-06
17750.056 5.018306179079964e-06
17800.056 4.9423762079110645e-06
17850.056 4.706292082050654e-06
17900.056 4.716395660339943e-06
17950.056 4.593019476569311e-06
18000.056 4.26291374636042e-06
18050.056 4.3157015417817305e-06
18100.056 4.155118085389919e-06
18150.056 4.507801313151363e-06
18200.056 3.91469591349032e-06
18250.056 4.427045071419114e-06
18300.056 4.266819242921756e-06
18350.056 4.098827755834134e-06
18400.056 4.015640150158028e-06
18450.056 3.6881424041571568e-06
18500.056 3.7983765782406788e-06
18550.056 3.6102877754303035e-06
18600.056 3.1070900284183306e-06
18650.056 3.5664934488608887e-06
18700.056 3.816295303894689e-06
18750.056 3.6480651780254037e-06
18800.056 3.7149033887014866e-06
18850.056 4.2022318182796346e-06
18900.056 4.052533484088405e-06
18950.056 4.070597461959746e-06
19000.056 4.312542535099153e-06
19050.056 4.2075034047300535e-06
19100.056 4.277313373511399e-06
19150.056 4.432020360191747e-06
19200.056 4.390262363005357e-06
19250.056 4.21099959152897e-06
19300.056 4.393207445419052e-06
19350.056 4.447520206559861e-06
19400.056 4.0657526876289085e-06
19450.056 4.4444799945406175e-06
19500.056 4.459508744259491e-06
19550.056 3.965902234700914e-06
19600.056 4.4430456974094775e-06
19650.056 4.366488664097426e-06
19700.056 4.395297836340371e-06
19750.056 4.125293032350355e-06
19800.056 4.315231799429439e-06
19850.056 4.30244290575142e-06
19900.056 3.973308539071232e-06
19950.056 4.443566876949849e-06
20000.056 3.9801166688406295e-06
20050.056 4.218013070211291e-06
20100.056 4.306228617447616e-06
20150.056 4.24349861766084e-06
20200.056 4.333328030488813e-06
20250.056 4.493188106380003e-06
20300.056 4.5055849799004176e-06
20350.056 4.55178359352952e-06
20400.056 4.526843456097783e-06
20450.056 4.745179355729566e-06
20500.056 4.7283323751201765e-06
20550.056 4.834236042319844e-06
20600.056 5.051689239160602e-06
20650.056 4.927679714710966e-06
20700.056 5.121266199220257e-06
20750.056 5.162547097669292e-06
20800.056 5.3416962965001934e-06
20850.056 5.321577715049974e-06
20900.056 5.539550986799747e-06
20950.056 5.588246600799695e-06
21000.056 5.805746328199644e-06
21050.056 5.832653238800198e-06
21100.056 5.878550752500035e-06
21150.056 6.134943139700274e-06
21200.056 6.121913838300456e-06
21250.056 6.363834003999382e-06
21300.056 6.202307771099905e-06
21350.056 6.559184288700363e-06
21400.056 6.385706655900397e-06
21450.056 6.911592248300043e-06
21500.056 6.610912001500327e-06
21550.056 6.775572800699589e-06
21600.056 6.9517545637006315e-06
21650.056 6.9345909671004035e-06
21700.056 7.1831935612996565e-06
21750.056 7.063177390799955e-06
21800.056 7.091283727799673e-06
21850.056 7.16001071169976e-06
21900.056 7.335375544300689e-06
21950.056 7.2413916474003464e-06
22000.056 7.4764110511996165e-06
22050.056 7.187394626599261e-06
22100.056 7.4015841904997605e-06
22150.056 7.529577218500535e-06
22200.056 7.351664095901195e-06
22250.056 7.727758810100489e-06
22300.056 7.646106013699697e-06
22350.056 7.471871742800288e-06
22400.056 7.784123344800247e-06
22450.056 7.682937717499187e-06
22500.056 7.791872394199765e-06
22550.056 7.720228091798957e-06
22600.056 7.713112409099729e-06
22650.056 7.697141934701296e-06
22700.056 7.686682780701356e-06
22750.056 7.90267699009949e-06
22800.056 7.646890272180096e-06
22850.056 7.771648681700635e-06
22900.056 7.92730793229954e-06
22950.056 6.066790502960732e-06
23000.056 6.745352588770398e-06
23050.056 6.965317742298984e-06
23100.056 6.711215587539833e-06
23150.056 6.8899540890708415e-06
23200.056 6.878558949590121e-06
23250.056 5.762445618268653e-06
23300.056 6.206865127710189e-06
23350.056 6.358738361620034e-06
23400.056 6.194778740980142e-06
23450.056 6.367928502140176e-06
23500.056 6.195203131018734e-06
23550.056 5.511663585041685e-06
23600.056 5.661608680111229e-06
23650.056 6.051713129409141e-06
23700.056 5.975783985158414e-06
23750.056 5.965641534650759e-06
23800.056 5.88321489414088e-06
23850.056 5.046583281320559e-06
23900.056 5.463050201299567e-06
23950.056 5.604513044521518e-06
24000.056 5.280921998839086e-06
24050.056 5.210421848340888e-06
24100.056 4.813116555598586e-06
24150.056 4.704273020540709e-06
24200.056 4.7427686442685525e-06
24250.056 4.661152678470447e-06
24300.056 4.448481293500255e-06
24350.056 4.214109955900156e-06
24400.056 4.5546018475197835e-06
24450.056 4.171919694119884e-06
24500.056 3.863080517200198e-06
24550.056 3.801147454119845e-06
24600.056 3.821771335230727e-06
24650.056 4.137424089499801e-06
24700.056 3.549447884189978e-06
24750.056 3.3802376368308195e-06
24800.056 3.299826895400424e-06
24850.056 3.769224458830107e-06
24900.056 3.021294694561795e-06
24950.056 3.67875101699953e-06
25000.056 3.2763973440602276e-06
25050.056 2.7358988242707853e-06
25100.056 3.22408757746989e-06
25150.056 2.8316548050300207e-06
25200.056 3.0332225109494813e-06
25250.056 2.897658343619156e-06
25300.056 3.0404083072002207e-06
25350.056 2.6339929057599792e-06
25400.056 2.8519652110312336e-06
25450.056 2.656457302470073e-06
25500.056 2.8099673156409895e-06
25550.056 2.6498932612701957e-06
25600.056 2.73183587045018e-06
25650.056 2.4793582575399784e-06
25700.056 3.0182895913287966e-06
25750.056 2.3364287192304174e-06
25800.056 2.8578590441904997e-06
25850.056 2.6668551452597635e-06
25900.056 2.8660802552806928e-06
25950.056 2.5933516749802334e-06
26000.056 2.8139352230008134e-06
26050.056 3.069595071810063e-06
26100.056 2.9407007221505465e-06
26150.056 2.9827818947891054e-06
26200.056 2.8190626784102284e-06
26250.056 2.879221812600695e-06
26300.056 2.92034866419996e-06
26350.056 2.868580392279685e-06
26400.056 2.9470138886993764e-06
26450.056 2.896081171530405e-06
26500.056 3.0404142780189744e-06
26550.056 3.0858949045893017e-06
26600.056 3.500555428509181e-06
26650.056 2.8853581367793886e-06
26700.056 2.938921669039826e-06
26750.056 2.7315752090788202e-06
26800.056 2.9727852455990406e-06
26850.056 2.5447614000303707e-06
26900.056 3.112277800050087e-06
26950.056 2.254222515490114e-06
27000.056 2.9418128834508026e-06
27050.056 2.5255729298696373e-06
27100.056 2.539617690509543e-06
27150.056 2.6615662488598643e-06
27200.056 2.647855624240609e-06
27250.056 2.4204884529112143e-06
27300.056 2.6963489509801283e-06
27350.056 2.632802275638963e-06
27400.056 2.305369079060055e-06
27450.056 2.858617152368913e-06
27500.056 2.618159934080187e-06
27550.056 2.568914807549932e-06
27600.056 2.8495767839596197e-06
27650.056 2.338007538239717e-06
27700.056 2.3152193393902254e-06
27750.056 2.897824096178375e-06
27800.056 2.2080338507098903e-06
27850.056 2.4280937905089086e-06
27900.056 2.438732745350136e-06
27950.056 2.7697374768997594e-06
28000.056 2.6490993153907248e-06
28050.056 2.1213221335105238e-06
28100.056 2.864503199901324e-06
28150.056 2.360724923510069e-06
28200.056 2.0596361501801713e-06
28250.056 2.5010659620200557e-06
28300.056 2.82678705555064e-06
28350.056 2.35515180838907e-06
28400.056 2.4320961018300225e-06
28450.056 2.4457000677995174e-06
28500.056 2.507926918029495e-06
28550.056 1.966996425809304e-06
28600.056 2.8143921608401945e-06
28650.056 2.6378125901297215e-06
28700.056 2.3595300121094613e-06
28750.056 2.6056648462397887e-06
28800.056 2.538610651300488e-06
28850.056 2.62583626929027e-06
28900.056 2.1855755870902034e-06
