galfind/configs/Brown_Dwarf_templates/sonora_bobcat/m0.0/178g/sp_t325g178nc_m0.0_resample.dat
# %ECSV 1.0
# ---
# datatype:
# - {name: wav, unit: Angstrom, datatype: float64}
# - {name: flux_nu, unit: erg / (cm2 Hz s), datatype: float64}
# meta: {C/O: '1.00', Kzz: '1.0000E+05', Teff: '325.', Y: '0.28', '[Fe/H]': '0.00', f_hole: '1.00', f_rain: '0.00', grav: '178.'}
# schema: astropy-2.0
wav flux_nu
[from data line 498]
28900.056 5.557092337914216e-12
28950.056 7.539591676238305e-12
29000.056 4.025107160137561e-12
29050.056 7.747194091743149e-12
29100.056 2.864836043584372e-12
29150.056 3.263654441713067e-12
29200.056 2.000916729988518e-11
29250.056 1.1574055395217213e-11
29300.056 7.191833846891456e-12
29350.056 1.9288220612875398e-11
29400.056 9.637325590009312e-12
29450.056 2.8140338560187157e-12
29500.056 2.406463075602773e-11
29550.056 5.768815279920232e-12
29600.056 5.892353773465473e-12
29650.056 3.573270832337373e-11
29700.056 4.233802603609685e-12
29750.056 2.4294746915471878e-11
29800.056 1.0855628055947341e-11
29850.056 3.044204630645179e-11
29900.056 9.883224593214231e-12
29950.056 1.3128695694381559e-11
30000.056 1.1337669359083257e-13
30050.056 1.5953693651896298e-12
30100.056 8.872169693845409e-12
30150.056 3.655008594863287e-11
30200.056 2.0642598610609306e-11
30250.056 3.081321392488623e-11
30300.056 4.9595522964243796e-11
30350.056 6.502328014127909e-12
30400.056 5.0658409110001336e-11
30450.056 4.585142895896852e-11
30500.056 1.2853466306666606e-11
30550.056 1.172458586385136e-11
30600.056 2.4219975803073206e-10
30650.056 7.488474526681453e-11
30700.056 2.5576334500714704e-11
30750.056 7.07109307628074e-11
30800.056 9.083381558752299e-11
30850.056 8.930362497781119e-11
30900.056 4.157622666954921e-11
30950.056 2.69558610688548e-11
31000.056 3.947250057865705e-11
31050.056 1.6239624832369574e-11
31100.056 1.3311252108833653e-11
31150.056 2.653135597610144e-11
31200.056 1.3028207524414014e-10
31250.056 5.579199175431866e-11
31300.056 2.4463599240209232e-11
31350.056 1.0864718854365946e-10
31400.056 6.685398023983784e-11
31450.056 6.46527820028121e-11
31500.056 1.789881647445284e-11
31550.056 3.868181843571382e-11
31600.056 3.0489813000767835e-11
31650.056 2.309693325605004e-11
31700.056 1.636778759100503e-11
31750.056 8.490617695345811e-12
31800.056 1.5833933216024835e-11
31850.056 2.140089223267165e-12
31900.056 5.526085529438715e-12
31950.056 3.2527931892950548e-12
32000.056 1.6781579674804595e-12
32050.056 2.621558142503522e-12
32100.056 2.3061623738580894e-12
32150.056 1.7292038715178489e-12
32200.056 7.199635480945405e-13
32250.056 1.7793041187164853e-12
32300.056 3.9911316005090345e-13
32350.056 1.6442423619200258e-12
32400.056 1.1211192597128201e-13
32450.056 9.572416851707931e-13
32500.056 1.0320822691880558e-13
32550.056 8.034294511207904e-13
32600.056 7.333918816130943e-14
32650.056 2.137538277990799e-12
32700.056 1.4592955647647706e-13
32750.056 6.142901701433387e-12
32800.056 2.3059658776472055e-12
32850.056 1.8477635035704303e-11
32900.056 1.4055899080295261e-11
32950.056 1.4401976427510258e-11
33000.056 3.1320139200355285e-12
33050.056 2.5592720775150752e-12
33100.056 3.7513820620331724e-13
33150.056 1.9164518695002577e-16
33200.056 1.9553356894023e-14
33250.056 4.05539737729025e-14
33300.056 9.539578413166296e-13
33350.056 1.8662519903089543e-12
33400.056 9.731709930859283e-12
33450.056 1.83661484652898e-12
33500.056 1.155600406189884e-11
33550.056 1.4616554960497716e-12
33600.056 4.760444159786539e-12
33650.056 4.867128744568497e-12
33700.056 7.537937656914843e-13
33750.056 6.438509419065673e-12
33800.056 2.497617564886213e-13
33850.056 2.9321949975893205e-12
33900.056 3.3020469564919597e-12
33950.056 3.1294684095364937e-12
34000.056 8.239667612999975e-12
34050.056 1.1666542080338086e-12
34100.056 9.287121984954372e-12
34150.056 2.808423109991104e-12
34200.056 1.2210282090912349e-11
34250.056 4.574926620491403e-12
34300.056 6.544304220943826e-12
34350.056 2.8013696604003835e-11
34400.056 4.0646096178841224e-12
34450.056 2.1193135476501648e-11
34500.056 6.699948445299579e-12
34550.056 1.21303269738772e-11
34600.056 6.09504875887965e-11
34650.056 3.3157587769384425e-12
34700.056 3.2982193739517883e-11
34750.056 1.6844791699958215e-11
34800.056 1.2782472176826702e-11
34850.056 6.033725798445823e-11
34900.056 5.362878651053482e-12
34950.056 6.873169027023824e-11
35000.056 8.550210320332966e-11
35050.056 6.550782170385471e-11
35100.056 1.3424486186391172e-10
35150.056 1.079746454909996e-10
35200.056 7.889939363901231e-11
35250.056 1.695250872769249e-10
35300.056 4.287969085834958e-11
35350.056 4.1455576503276767e-11
35400.056 2.6181403137874512e-11
35450.056 2.7237092089548414e-11
35500.056 1.214021382218799e-10
35550.056 6.368311716118322e-11
35600.056 1.2154473970569454e-10
35650.056 1.7775490706503716e-10
35700.056 1.8486397113591988e-10
35750.056 1.7396922161628257e-10
35800.056 8.82522132225024e-11
35850.056 4.041442154826771e-11
35900.056 5.074456030882882e-11
35950.056 1.0021556585871768e-10
36000.056 1.271933453088408e-10
36050.056 8.047006738264164e-11
36100.056 7.864317682471495e-11
36150.056 3.3955859400209713e-10
36200.056 2.905773938222114e-10
36250.056 1.5391991385063557e-10
36300.056 5.443228645721175e-10
36350.056 2.563993350595172e-10
36400.056 4.56847805448439e-10
36450.056 3.478094085714363e-10
36500.056 3.4934450829242897e-10
36550.056 8.056346663280513e-10
36600.056 7.748957108844298e-10
36650.056 4.220138821681126e-10
36700.056 5.806917558142123e-10
36750.056 8.216653144385113e-10
36800.056 1.0577044394476635e-09
36850.056 3.6198959891463283e-10
36900.056 5.892557506094968e-10
36950.056 1.0775840669334078e-09
37000.056 6.176538759514271e-10
37050.056 1.1966975701188277e-09
37100.056 3.950289317816908e-10
37150.056 6.245689898295387e-10
37200.056 1.5102766598119575e-09
37250.056 7.851944402522159e-10
37300.056 3.649751755226893e-10
37350.056 7.48796475478911e-10
37400.056 1.3419180351236977e-09
37450.056 4.0936432218102705e-10
37500.056 7.107281643320301e-10
37550.056 1.910004751226851e-09
37600.056 3.5108220807325394e-09
37650.056 6.160712742237944e-10
37700.056 1.3468350681511486e-09
37750.056 1.0369592414473752e-09
37800.056 8.928019316159091e-10
37850.056 4.3410904276489817e-10
37900.056 5.016798624952536e-10
37950.056 1.2100711808109718e-09
38000.056 1.0667154356605914e-09
38050.056 2.155442461838038e-09
38100.056 2.7091308338064617e-09
38150.056 3.52563674938418e-09
38200.056 2.164558378246766e-09
38250.056 3.2822840775866666e-09
38300.056 5.4231756835486115e-09
38350.056 3.709801473813274e-09
38400.056 1.0386470958679963e-09
38450.056 2.915769093308866e-10
38500.056 2.532673810627735e-10
38550.056 1.4396987754542226e-09
38600.056 1.8014549525906965e-09
38650.056 1.9095207092150315e-09
38700.056 1.1522635944037516e-09
38750.056 1.6455359639580885e-09
38800.056 1.5403117575470828e-09
38850.056 2.036230683015345e-09
38900.056 2.4696546694126695e-09
38950.056 1.2785064925519128e-09
39000.056 2.8785253529908268e-09
39050.056 9.962333328812613e-10
39100.056 2.1361106539886324e-09
39150.056 3.6575151479016956e-09
39200.056 2.136122499490529e-09
39250.056 4.038738944835058e-09
39300.056 2.1273020162428644e-09
39350.056 5.1812874192097725e-09
39400.056 2.339118660667705e-09
39450.056 4.152360065220767e-09
39500.056 4.206912131560283e-09
39550.056 1.3728534208864822e-09
39600.056 3.895876560386805e-09
39650.056 5.421506298599627e-09
39700.056 5.324885851990903e-09
39750.056 1.7417477863034911e-09
39800.056 1.8829542373574825e-09
39850.056 6.030214731300924e-09
39900.056 7.843543943010542e-09
39950.056 2.293368425848191e-09
40000.056 4.953231975861844e-09
40050.056 6.1681766329197e-09
40100.056 1.4616381950460732e-09
40150.056 5.003444048588131e-09
40200.056 5.874509846250918e-09
40250.056 6.847841280653628e-09
40300.056 7.094384297900487e-09
40350.056 3.219789280890892e-09
40400.056 4.879673288015707e-09
40450.056 1.839713886355158e-09
40500.056 7.044222925660683e-09
40550.056 7.365847190673201e-09
40600.056 6.448520012199918e-09
40650.056 4.366455001594817e-09
40700.056 9.107938136241039e-09
40750.056 5.93464879440856e-09
40800.056 2.97738227593906e-09
40850.056 1.1832040790602639e-08
40900.056 1.03681086079983e-08
40950.056 7.844247983166756e-09
41000.056 5.514515044657171e-09
41050.056 1.319126412019826e-08
41100.056 1.0920208110879666e-08
41150.056 2.882680036271167e-09
41200.056 1.2969984387321865e-08
41250.056 1.0152703403374126e-08
41300.056 1.0882037843117593e-08
41350.056 1.5762823231799486e-08
41400.056 1.1575823895499114e-08
41450.056 1.6888240900197906e-08
41500.056 8.848419571439747e-09
41550.056 7.759265196543583e-09
41600.056 8.713211465333749e-09
41650.056 1.4199890231041858e-08
41700.056 2.115066725099683e-08
41750.056 1.4382143236498867e-08
41800.056 1.4855450284901668e-08
41850.056 1.3507766519168545e-08
41900.056 1.0022086246796873e-08
41950.056 9.612432793119483e-09
42000.056 3.3853233868335787e-09
42050.056 5.6878840816499805e-09
42100.056 7.1891807731525e-09
42150.056 9.078064372839444e-09
42200.056 1.1602128958699876e-08
42250.056 8.914466908762476e-09
42300.056 7.3511620411991295e-09
42350.056 1.4835419150840548e-08
42400.056 1.8810856525301772e-08
42450.056 2.0167452322802664e-08
42500.056 2.0933094393998358e-08
42550.056 1.7389700503398244e-08
42600.056 1.583123294870552e-08
42650.056 2.4706328762895674e-08
42700.056 9.185271233023053e-09
42750.056 1.798443236640306e-08
42800.056 2.8421538683001615e-08
42850.056 2.91696122879949e-08
42900.056 2.922897203660279e-08
42950.056 2.2517561750200193e-08
43000.056 2.6563827046600365e-08
43050.056 1.1762844098059897e-08
43100.056 2.0853705506199768e-08
43150.056 1.7627846365100983e-08
43200.056 2.7904744894002034e-08
43250.056 3.722256680100156e-08
43300.056 3.3203573870000024e-08
43350.056 1.7677342700496724e-08
43400.056 2.6655549318801614e-08
43450.056 1.5774164057200544e-08
43500.056 1.4270673443911804e-08
43550.056 1.7232333423101466e-08
43600.056 3.210910563300204e-08
43650.056 1.7497217891199314e-08
43700.056 3.50297243927077e-08
43750.056 3.509829917899706e-08
43800.056 2.8740681181798453e-08
43850.056 2.585038216010299e-08
43900.056 1.7276577146498733e-08
43950.056 1.2050251382899015e-08
44000.056 1.27236617683994e-08
44050.056 3.4196590860001604e-08
44100.056 4.5478977450000874e-08
44150.056 3.955033688239805e-08
44200.056 3.8088500930001284e-08
44250.056 1.9150488589997722e-08
44300.056 1.3539441215101494e-08
44350.056 1.4451965405941698e-08
44400.056 1.3697470270499308e-08
44450.056 2.8498625644803115e-08
44500.056 2.470103039810249e-08
44550.056 3.635102928399936e-08
44600.056 2.8157389590300044e-08
44650.056 2.7522332817600296e-08
44700.056 1.8312952067397354e-08
44750.056 2.9413599974204286e-08
44800.056 1.742001401010103e-08
44850.056 2.5344756126600887e-08
44900.056 2.4205673643799508e-08
44950.056 2.879680915000355e-08
45000.056 3.625584438500053e-08
45050.056 3.0186761957396884e-08
45100.056 2.715738273230131e-08
45150.056 2.2593665337297228e-08
45200.056 1.608373163780157e-08
45250.056 1.9937014818496013e-08
45300.056 1.946039169220233e-08
45350.056 1.3367790121562964e-08
45400.056 4.3589269388003536e-08
45450.056 3.296427330610366e-08
45500.056 4.2305794700802273e-08
45550.056 4.474206214639145e-08
45600.056 3.640839903900378e-08
45650.056 3.123044104879879e-08
45700.056 1.8071584373058656e-08
45750.056 1.588798739600127e-08
45800.056 4.253596396400189e-08
45850.056 3.133212114840099e-08
45900.056 4.3986530075998196e-08
45950.056 4.1881031177997644e-08
46000.056 4.1824885783003866e-08
46050.056 3.016577508680408e-08
46100.056 5.1501036860996984e-08
46150.056 2.8369971950600032e-08
46200.056 2.1740929268796598e-08
46250.056 7.387502088424598e-09
46300.056 2.7313990783001302e-08
46350.056 2.8252733723503766e-08
46400.056 2.8584722645600947e-08
46450.056 2.428870994272847e-08
46500.056 2.878987154780429e-08
46550.056 1.3525600638499305e-08
46600.056 1.7763358904857567e-08
46650.056 3.106494975450146e-08
46700.056 2.0391941784195956e-08
46750.056 7.810207205271326e-09
46800.056 4.750050179759592e-09
46850.056 2.7135686838604322e-08
46900.056 3.442976510479859e-08
46950.056 3.4945706885998276e-08
47000.056 3.541441063100318e-08
47050.056 2.1341744679953814e-08
47100.056 1.5964499670100953e-08
47150.056 2.707084146320339e-08
47200.056 2.969095729999809e-08
47250.056 1.260158890018757e-08
47300.056 8.460708766732326e-09
47350.056 3.110372562700281e-08
47400.056 3.247189529499785e-08
47450.056 1.923389915944116e-08
47500.056 3.6465305264001095e-08
47550.056 3.2200323213000805e-08
47600.056 2.469279060859676e-08
47650.056 2.9153628275939268e-08
47700.056 2.1727505259883627e-08
47750.056 1.584623848290009e-08
47800.056 1.1047655693301367e-08
47850.056 4.171303136570835e-09
47900.056 7.782022165980063e-09
47950.056 2.4026325781001515e-08
48000.056 3.258166400299805e-08
48050.056 2.431869343966009e-08
48100.056 1.0164671017580812e-08
48150.056 2.095045873450105e-08
48200.056 1.193388366600254e-08
48250.056 1.7954657161599908e-08
48300.056 3.063513324799947e-08
48350.056 1.6720804983597596e-08
48400.056 2.8808501263201257e-09
48450.056 6.2086988245586e-09
48500.056 1.2787040674497074e-08
48550.056 1.5779516217166583e-08
48600.056 2.804068726899983e-08
48650.056 3.5428177432998595e-08
48700.056 2.2258211702003646e-08
48750.056 1.7525496690602184e-08
48800.056 2.802618924040106e-08
48850.056 1.2751488218368017e-08
48900.056 1.2983489315158566e-08
48950.056 6.334156836479726e-09
49000.056 3.6444564724109596e-09
49050.056 1.381828193374833e-08
49100.056 2.0582706229283622e-08
49150.056 1.6187323606030605e-08
49200.056 2.8447831063003313e-08
49250.056 2.9767338900000233e-08
49300.056 2.321705186049857e-08
49350.056 7.659495035554416e-09
49400.056 1.1683876376887145e-08
49450.056 9.50810689340709e-09
49500.056 7.1576599939606215e-09
49550.056 1.0145180510790076e-09
49600.056 3.3498525639526935e-09
49650.056 1.2606122374201466e-08
49700.056 1.6319530451296983e-08
49750.056 1.2482873779309804e-08
49800.056 6.849915035220139e-09
49850.056 1.919046889200255e-08
49900.056 1.9505881496399226e-08
49950.056 1.871902430909975e-08
50000.056 1.0119720225734402e-08
50050.056 1.2514810692461298e-08
50100.056 1.0632224731799196e-08
50150.056 3.6316863939692334e-09
50200.056 4.3446133499520573e-10
50250.056 3.4139921133999996e-09
50300.056 2.3131352632525235e-09
50350.056 1.208016220430195e-08
50400.056 1.584192029309829e-08
50450.056 1.253586911270108e-08
50500.056 1.9934046561500513e-08
50550.056 1.925639977900091e-08
50600.056 1.2048583823466507e-08
50650.056 2.126768688820271e-08
50700.056 1.9133431456998923e-08
50750.056 1.0226880915199943e-08
50800.056 2.3910177901544815e-09
50850.056 9.623076894884947e-10
50900.056 9.300556730901113e-09
50950.056 1.0764197887598847e-08
51000.056 7.051443128384052e-09
51050.056 1.3529433597198426e-08
51100.056 4.2558037612271484e-09
51150.056 3.5713962174208877e-09
51200.056 1.5884416923000075e-08
51250.056 1.2270088389038155e-08
51300.056 7.44552776303128e-09
51350.056 5.498360025561911e-09
51400.056 1.1312029143302664e-09
51450.056 1.0095808887997646e-09
51500.056 9.981088741546074e-10
51550.056 5.0633527834611394e-09
51600.056 6.117559759481171e-09
51650.056 9.507729209200007e-09
51700.056 8.28173875953169e-09
51750.056 5.300511530756223e-09
51800.056 1.189506799769922e-08
51850.056 9.057765416399516e-09
51900.056 8.268535928600094e-09
51950.056 3.611320927139414e-09
52000.056 2.7049022576590854e-10
52050.056 1.7063190905301688e-09
52100.056 8.02601640969816e-10
52150.056 4.169107391699658e-10
52200.056 2.2385115677299936e-09
52250.056 4.32255461533084e-09
52300.056 4.663166612199589e-09
52350.056 9.337409542102753e-10
52400.056 1.119446537252001e-09
52450.056 6.323448878600612e-09
52500.056 4.200418188887272e-09
52550.056 7.0637954582996885e-09
52600.056 6.023609410180412e-09
52650.056 7.35765221620016e-09
52700.056 4.123939491139642e-09
52750.056 1.0058190074476142e-09
52800.056 2.3445202379904626e-09
52850.056 2.888612630159276e-09
52900.056 7.306137943014422e-10
52950.056 1.4980160569702868e-09
53000.056 3.894875760100423e-09
53050.056 1.1910973210797435e-09
53100.056 6.156760794100254e-09
53150.056 5.958210080540109e-09
53200.056 2.563457945521921e-09
53250.056 4.772906665379841e-09
53300.056 5.462243494950089e-09
53350.056 4.281921488300174e-09
53400.056 2.466502236199483e-09
53450.056 6.14946639744794e-10
53500.056 1.038821367444684e-10
