galfind/configs/Brown_Dwarf_templates/sonora_bobcat/m0.0/178g/sp_t1100g178nc_m0.0_resample.dat
# %ECSV 1.0
# ---
# datatype:
# - {name: wav, unit: Angstrom, datatype: float64}
# - {name: flux_nu, unit: erg / (cm2 Hz s), datatype: float64}
# meta: {C/O: '1.00', Kzz: '1.0000E+05', Teff: '1100.', Y: '0.28', '[Fe/H]': '0.00', f_hole: '1.00', f_rain: '0.00', grav: '178.'}
# schema: astropy-2.0
wav flux_nu
4000.0559999999996 nan
4050.0559999999996 2.1079686558479133e-12
4100.056 4.768285786809671e-11
4150.056 9.472675189700735e-11
4200.056 8.21621326578311e-11
4250.056 1.2764864034200993e-10
4300.056 1.5192590383601576e-10
4350.056 1.6508274230600749e-10
4400.056 1.9911360158901004e-10
4450.056 2.154674988710021e-10
4500.056 2.140557052350121e-10
4550.056 2.5056712952313263e-10
4600.056 2.6801178216399987e-10
4650.056 2.464036739799804e-10
4700.056 2.5342876246000514e-10
4750.056 1.7276637251199726e-10
4800.056 6.505778466300061e-11
4850.056 2.1919529971999714e-11
4900.056 9.676267033099916e-12
4950.056 4.50006500699996e-12
5000.056 1.6585512518299807e-12
5050.056 6.791667645799972e-13
5100.056 5.539660481999996e-13
5150.056 4.865675486599999e-13
5200.056 4.2592495037999937e-13
5250.056 3.6068436712999937e-13
5300.056 3.027616593799994e-13
5350.056 2.5691556517999954e-13
5400.056 2.2000305906999959e-13
5450.056 1.8885394140999975e-13
5500.056 1.6217621888999995e-13
5550.056 1.397429210499998e-13
5600.056 1.2029282394999978e-13
5650.056 1.0281592307799974e-13
5700.056 8.690214580599982e-14
5750.056 7.211082407499982e-14
5800.056 5.753161733299979e-14
5850.056 3.859581101099953e-14
5900.056 1.2117173752859153e-14
5950.056 7.520352459300126e-14
6000.056 1.6808658992000104e-13
6050.056 3.4519088599000403e-13
6100.056 6.82378640970007e-13
6150.056 1.3108644782000123e-12
6200.056 2.43013703130002e-12
6250.056 4.320526662800033e-12
6300.056 7.432167033600056e-12
6350.056 1.2351636525200095e-11
6400.056 1.9847557011000145e-11
6450.056 3.0768716633000025e-11
6500.056 4.667883411700018e-11
6550.056 6.935470238300035e-11
6600.056 1.01196209027001e-10
6650.056 1.4436931658000083e-10
6700.056 1.5496351025407082e-10
6750.056 2.6878140588000155e-10
6800.056 3.487482099200015e-10
6850.056 3.9621833943000044e-10
6900.056 3.868838167800016e-10
6950.056 3.570682844499989e-10
7000.056 3.62275047840002e-10
7050.056 3.960823586199982e-10
7100.056 4.365977706899998e-10
7150.056 4.5600219710999535e-10
7200.056 4.577493016500066e-10
7250.056 4.427840575599865e-10
7300.056 4.041066177199997e-10
7350.056 3.6060376187999555e-10
7400.056 3.15769482060003e-10
7450.056 2.652052751000014e-10
7500.056 2.107400341899985e-10
7550.056 1.5383781129999878e-10
7600.056 1.0008604801699877e-10
7650.056 1.7590922798637896e-11
7700.056 9.137837649732521e-12
7750.056 7.587316329600196e-11
7800.056 1.687313980248031e-10
7850.056 3.779715712200034e-10
7900.056 6.125125449500037e-10
7950.056 7.375283915056485e-10
8000.056 1.3246908586000113e-09
8050.056 1.807445445100021e-09
8100.056 2.3210748078300003e-09
8150.056 2.939328065299999e-09
8200.056 3.741514328400119e-09
8250.056 4.662055987720081e-09
8300.056 5.73741536904038e-09
8350.056 6.913810100599775e-09
8400.056 8.30300711169973e-09
8450.056 1.0037303068899782e-08
8500.056 1.0663738026569324e-08
8550.056 1.3520691080400332e-08
8600.056 1.6264674246000023e-08
8650.056 1.7740285305999682e-08
8700.056 2.04315941119988e-08
8750.056 2.352776808500053e-08
8800.056 2.730367777300066e-08
8850.056 3.0724937928999315e-08
8900.056 3.133050435199944e-08
8950.056 2.8684664446597288e-08
9000.056 3.823259563399601e-08
9050.056 4.766771129420181e-08
9100.056 5.3847320342311447e-08
9150.056 5.790366550000253e-08
9200.056 6.564054780109182e-08
9250.056 6.634894730250381e-08
9300.056 4.1031844417188896e-08
9350.056 4.9363416027140825e-08
9400.056 6.467996654604397e-08
9450.056 7.395998425294694e-08
9500.056 7.47526009698658e-08
9550.056 8.265856638269479e-08
9600.056 8.215830229057256e-08
9650.056 9.104178983006696e-08
9700.056 1.0461333598440301e-07
9750.056 1.1023587196747209e-07
9800.056 1.2175917008261804e-07
9850.056 1.352808932609995e-07
9900.056 1.2814532508838924e-07
9950.056 1.2512958946899389e-07
10000.056 1.09588081839991e-07
10050.056 1.3748980493000004e-07
10100.056 1.631885527149932e-07
10150.056 1.7825933084997836e-07
10200.056 2.0137619405999392e-07
10250.056 2.1936429993999603e-07
10300.056 2.3342484058000403e-07
10350.056 2.667241618600039e-07
10400.056 2.950310848599927e-07
10450.056 3.0833269320000617e-07
10500.056 3.0955368744999885e-07
10550.056 3.162230298900092e-07
10600.056 3.3530393813999235e-07
10650.056 3.608895913900135e-07
10700.056 3.8313263680001954e-07
10750.056 4.110050777400138e-07
10800.056 4.36417576830003e-07
10850.056 4.6039190854998023e-07
10900.056 4.0682967296198604e-07
10950.056 2.939347799367125e-07
11000.056 2.613368426062647e-07
11050.056 2.2082365206553642e-07
11100.056 1.8872193191628213e-07
11150.056 1.549583096825821e-07
11200.056 1.5995107871221407e-07
11250.056 1.9211928400768299e-07
11300.056 1.8777051622297172e-07
11350.056 1.1213107947495176e-07
11400.056 1.4783457564830122e-07
11450.056 1.5474600192469687e-07
11500.056 1.7447217835184254e-07
11550.056 1.257661869662723e-07
11600.056 1.3582611546783753e-07
11650.056 1.5459039040087824e-07
11700.056 1.2801902878382526e-07
11750.056 9.683479039501081e-08
11800.056 1.479959850237603e-07
11850.056 2.1819991133606043e-07
11900.056 2.478907646533926e-07
11950.056 3.0656503034849386e-07
12000.056 3.3705001745699754e-07
12050.056 4.0001471609205904e-07
12100.056 4.4340287760998503e-07
12150.056 5.129741683599711e-07
12200.056 5.624945300979256e-07
12250.056 6.237593995099235e-07
12300.056 6.896712372600521e-07
12350.056 7.087259697200179e-07
12400.056 7.072542524999795e-07
12450.056 6.413465852700229e-07
12500.056 6.816156749499879e-07
12550.056 7.218013209200541e-07
12600.056 9.138226362200297e-07
12650.056 9.134004372099941e-07
12700.056 9.571481071501112e-07
12750.056 9.321843826760301e-07
12800.056 9.548667377100286e-07
12850.056 8.576084380700584e-07
12900.056 7.876600144270218e-07
12950.056 7.99918277311769e-07
13000.056 7.896815537568825e-07
13050.056 7.627051695678709e-07
13100.056 7.275975693883934e-07
13150.056 6.428586165371119e-07
13200.056 5.808812434586281e-07
13250.056 4.686917997913434e-07
13300.056 2.791703968045902e-07
13350.056 1.0260872397687331e-07
13400.056 7.263730411572938e-08
13450.056 4.946507375734911e-08
13500.056 3.9074007433138234e-08
13550.056 3.1338726881831654e-08
13600.056 2.2777861534125585e-08
13650.056 3.951054115731216e-08
13700.056 3.291490111020986e-08
13750.056 3.452295063742492e-08
13800.056 4.074148743877611e-08
13850.056 3.564521929209327e-08
13900.056 3.7000534511759657e-08
13950.056 3.4277475629513966e-08
14000.056 3.2520883658633976e-08
14050.056 3.6359295594004036e-08
14100.056 3.1850856904804676e-08
14150.056 4.036436789355037e-08
14200.056 3.37341542276707e-08
14250.056 3.466765462964313e-08
14300.056 4.6168939025336435e-08
14350.056 4.653717044637839e-08
14400.056 5.193610808491347e-08
14450.056 5.541924355419149e-08
14500.056 7.965095964590834e-08
14550.056 8.640584510387763e-08
14600.056 1.034929275252719e-07
14650.056 1.0538328720308546e-07
14700.056 9.248262378485474e-08
14750.056 1.0784842505913128e-07
14800.056 1.2779109225181313e-07
14850.056 1.3973855607620875e-07
14900.056 1.4210188619276802e-07
14950.056 1.5361393325169971e-07
15000.056 1.6577777611668768e-07
15050.056 1.936836422016531e-07
15100.056 2.0886172063261775e-07
15150.056 2.319396710774328e-07
15200.056 2.3371801030063763e-07
15250.056 2.6740490881098766e-07
15300.056 2.940332620704712e-07
15350.056 3.243900628567747e-07
15400.056 3.587060464730212e-07
15450.056 3.902010278360295e-07
15500.056 4.0845699045997e-07
15550.056 4.5331840857197073e-07
15600.056 4.529365407740221e-07
15650.056 4.838016346050367e-07
15700.056 5.450428960341276e-07
15750.056 5.794501612999773e-07
15800.056 5.667419048000855e-07
15850.056 6.10222687549987e-07
15900.056 5.985818402200397e-07
15950.056 6.02751410789927e-07
16000.056 5.56908731300001e-07
16050.056 4.800220721759926e-07
16100.056 4.2111621303497524e-07
16150.056 3.480666649958963e-07
16200.056 2.8686598897556737e-07
16250.056 2.7091905843813845e-07
16300.056 2.4307370940288463e-07
16350.056 2.6406303768103863e-07
16400.056 2.989121522625997e-07
16450.056 3.1691067919537013e-07
16500.056 3.402028234508426e-07
16550.056 3.2995720503469166e-07
16600.056 3.213834121225696e-07
16650.056 2.742262120790096e-07
16700.056 1.556125881272223e-07
16750.056 1.834329265207715e-07
16800.056 2.578104661549121e-07
16850.056 2.648339840235264e-07
16900.056 2.3978506668680295e-07
16950.056 2.1022664554681747e-07
17000.056 1.7572235956683317e-07
17050.056 2.264589078376525e-07
17100.056 2.467816010429211e-07
17150.056 2.0790397204388177e-07
17200.056 2.460519792509296e-07
17250.056 2.2079793215966847e-07
17300.056 1.9045601736956403e-07
17350.056 1.7320191085619396e-07
17400.056 1.849631977140021e-07
17450.056 1.8411069252103778e-07
17500.056 1.9740179115199656e-07
17550.056 1.8777752408230015e-07
17600.056 1.727955918897079e-07
17650.056 1.716070240033926e-07
17700.056 1.3509753235062575e-07
17750.056 1.269842474783481e-07
17800.056 1.5619378044865967e-07
17850.056 1.1889667160761052e-07
17900.056 1.1749303180680489e-07
17950.056 1.045643740357553e-07
18000.056 1.1017299471185988e-07
18050.056 1.0813042518033309e-07
18100.056 1.1052720178882185e-07
18150.056 1.3626871858065252e-07
18200.056 9.349273161324796e-08
18250.056 1.5165895855943813e-07
18300.056 1.2183870422631637e-07
18350.056 1.0725543201946799e-07
18400.056 1.0560030646152392e-07
18450.056 1.0900688753548782e-07
18500.056 1.1843918440618217e-07
18550.056 1.01971460244533e-07
18600.056 8.683868701277079e-08
18650.056 9.196850914490042e-08
18700.056 9.608344697145107e-08
18750.056 1.0723198568625056e-07
18800.056 1.4421975451683257e-07
18850.056 1.6490286555153528e-07
18900.056 1.596613904430083e-07
18950.056 2.0039615073855606e-07
19000.056 1.7844505146386275e-07
19050.056 1.540345575399394e-07
19100.056 2.033705711846659e-07
19150.056 1.7850447731785518e-07
19200.056 1.973953666850329e-07
19250.056 1.7001566641490182e-07
19300.056 1.7117424598535677e-07
19350.056 1.5283340518881216e-07
19400.056 1.1812426078707503e-07
19450.056 1.7198797044322517e-07
19500.056 1.7167655662053328e-07
19550.056 1.3205185905587965e-07
19600.056 1.6817677321769417e-07
19650.056 1.8189848505178348e-07
19700.056 1.855652220782597e-07
19750.056 1.8319516535508575e-07
19800.056 1.9612075089905856e-07
19850.056 2.2672607423408734e-07
19900.056 1.8607784209261973e-07
19950.056 2.5366028076221315e-07
20000.056 2.2639354299761327e-07
20050.056 2.533503096487055e-07
20100.056 2.71806905096764e-07
20150.056 2.788420061153351e-07
20200.056 2.9934206607742194e-07
20250.056 3.295547229086613e-07
20300.056 3.2426858467431375e-07
20350.056 3.6091422587852266e-07
20400.056 3.5588600762779325e-07
20450.056 3.9037326966791573e-07
20500.056 4.073115766534509e-07
20550.056 4.066702111119944e-07
20600.056 4.4915149195508717e-07
20650.056 4.43130245178094e-07
20700.056 4.563306930350782e-07
20750.056 4.698466979929583e-07
20800.056 4.83570628919998e-07
20850.056 4.713385874429743e-07
20900.056 4.910417608258979e-07
20950.056 4.834269320619773e-07
21000.056 4.832058077400428e-07
21050.056 4.792105967769878e-07
21100.056 4.6509038960302226e-07
21150.056 4.7565967016393156e-07
21200.056 4.504081839130023e-07
21250.056 4.448868317209253e-07
21300.056 4.055479691629331e-07
21350.056 4.120953440837869e-07
21400.056 3.904070106631143e-07
21450.056 3.809811814869867e-07
21500.056 3.5667622575190417e-07
21550.056 3.3730321060523387e-07
21600.056 3.127395000342755e-07
21650.056 2.8765346349501476e-07
21700.056 2.877243186259998e-07
21750.056 2.560386964292241e-07
21800.056 2.2758218874614756e-07
21850.056 2.074046921660972e-07
21900.056 1.6776017031715534e-07
21950.056 1.1935503478194814e-07
22000.056 6.339215434220386e-08
22050.056 4.537102474504767e-08
22100.056 6.194311978074753e-08
22150.056 8.212905116557457e-08
22200.056 9.203973227302154e-08
22250.056 8.540733697376021e-08
22300.056 7.296477172092314e-08
22350.056 6.961566466999731e-08
22400.056 5.5985476620093294e-08
22450.056 4.8938959928290905e-08
22500.056 4.81896592039794e-08
22550.056 4.088473287507224e-08
22600.056 4.2241735478064966e-08
22650.056 4.3496189812323647e-08
22700.056 3.907326790109945e-08
22750.056 4.013299455128443e-08
22800.056 3.644558985050304e-08
22850.056 3.242914482755828e-08
22900.056 2.9662274685945025e-08
22950.056 2.750863115999108e-08
23000.056 3.377296664369828e-08
23050.056 4.327958184051714e-08
23100.056 6.461431202291143e-08
23150.056 7.02463921465985e-08
23200.056 2.5992574791597493e-08
23250.056 2.9142841602406805e-08
23300.056 2.5493300792061957e-08
23350.056 2.5112928874656582e-08
23400.056 2.6974301533028676e-08
23450.056 2.7007579301927965e-08
23500.056 2.9601500553156754e-08
23550.056 3.601500211921901e-08
23600.056 4.08129668800152e-08
23650.056 5.0542166014092474e-08
23700.056 3.476843501131897e-08
23750.056 2.908592390492043e-08
23800.056 2.878522730046141e-08
23850.056 3.310902139730115e-08
23900.056 4.727044606543247e-08
23950.056 5.253476331133296e-08
24000.056 5.698518625059253e-08
24050.056 6.77821113842321e-08
24100.056 6.316995531288846e-08
24150.056 7.053279877151638e-08
24200.056 7.164942937997638e-08
24250.056 6.278542377229558e-08
24300.056 7.263795339372542e-08
24350.056 6.279042072629913e-08
24400.056 7.947892636993415e-08
24450.056 7.636980434704994e-08
24500.056 7.808268039166419e-08
24550.056 8.9167615775938e-08
24600.056 9.125972094340061e-08
24650.056 1.0897475996090859e-07
24700.056 8.67598142498815e-08
24750.056 9.454442147912163e-08
24800.056 9.688344661026864e-08
24850.056 1.2155483204816082e-07
24900.056 8.530600256151092e-08
24950.056 1.2599891785429652e-07
25000.056 1.1544254893253617e-07
25050.056 8.882277662889795e-08
25100.056 1.1566859298272424e-07
25150.056 8.837518257305859e-08
25200.056 1.0800190655140603e-07
25250.056 8.575522382615078e-08
25300.056 1.1170917444201695e-07
25350.056 7.740230135152394e-08
25400.056 1.1488508933962591e-07
25450.056 7.917147403748196e-08
25500.056 8.155132771416483e-08
25550.056 8.411871589928859e-08
25600.056 7.850140676538278e-08
25650.056 6.294339305062331e-08
25700.056 1.0128479871894501e-07
25750.056 5.5655181891391896e-08
25800.056 1.000495795035199e-07
25850.056 6.265525800272207e-08
25900.056 8.10643799175603e-08
25950.056 5.607553774653714e-08
26000.056 1.082469229395405e-07
26050.056 8.210643353628707e-08
26100.056 1.0719126707619203e-07
26150.056 9.034856956125472e-08
26200.056 9.775898344279845e-08
26250.056 1.2700800112286443e-07
26300.056 1.0226514586710595e-07
26350.056 1.465573202789673e-07
26400.056 1.4657123238653048e-07
26450.056 1.5229274687457796e-07
26500.056 1.6358789751139785e-07
26550.056 1.1702979139929739e-07
26600.056 1.5961762596423137e-07
26650.056 9.092154167352901e-08
26700.056 9.063732979530821e-08
26750.056 6.476304066429775e-08
26800.056 9.519679549779017e-08
26850.056 5.990141322133485e-08
26900.056 1.1168138890245064e-07
26950.056 6.421378649319205e-08
27000.056 1.2539060351148567e-07
27050.056 1.0048595386060832e-07
27100.056 8.870775735037213e-08
27150.056 1.3087532658911883e-07
27200.056 9.746423964857576e-08
27250.056 1.0530579401219076e-07
27300.056 1.7982183703801277e-07
27350.056 1.472808341575972e-07
27400.056 7.225371120872355e-08
27450.056 1.840683747138529e-07
27500.056 1.716727693367587e-07
27550.056 1.0648627042672992e-07
27600.056 1.7186541173906694e-07
27650.056 9.653388964519573e-08
27700.056 8.346917421128661e-08
27750.056 1.7314465822258394e-07
27800.056 9.28350868101883e-08
27850.056 1.1069559812853251e-07
27900.056 1.2017587138792752e-07
27950.056 1.7662432784400237e-07
28000.056 1.4903199549622458e-07
28050.056 7.477996259121902e-08
28100.056 1.8850541517951432e-07
28150.056 1.2519651647212232e-07
28200.056 7.990794686720285e-08
28250.056 1.731330362198943e-07
28300.056 2.1287102597302826e-07
28350.056 1.0036383297856095e-07
28400.056 1.42275519858878e-07
28450.056 1.7613205631263168e-07
28500.056 1.5111029710505175e-07
28550.056 7.523308252507207e-08
28600.056 1.976996014134638e-07
28650.056 1.7303820553730685e-07
28700.056 1.5302038718786482e-07
28750.056 1.9891965360351169e-07
28800.056 1.7349012417184753e-07
