galfind/configs/Brown_Dwarf_templates/sonora_bobcat/m0.0/178g/sp_t400g178nc_m0.0_resample.dat
# %ECSV 1.0
# ---
# datatype:
# - {name: wav, unit: Angstrom, datatype: float64}
# - {name: flux_nu, unit: erg / (cm2 Hz s), datatype: float64}
# meta: {C/O: '1.00', Kzz: '1.0000E+05', Teff: '400.', Y: '0.28', '[Fe/H]': '0.00', f_hole: '1.00', f_rain: '0.00', grav: '178.'}
# schema: astropy-2.0
wav flux_nu
[from data line 498]
28900.056 6.300985423318243e-11
28950.056 9.116733462064358e-11
29000.056 5.905081126096462e-11
29050.056 9.704129091551247e-11
29100.056 4.506145490666984e-11
29150.056 6.457237699313665e-11
29200.056 1.5459238063221547e-10
29250.056 1.5260115018959385e-10
29300.056 8.510010856780511e-11
29350.056 2.3214057307402835e-10
29400.056 9.863925626770299e-11
29450.056 5.5402693682983206e-11
29500.056 2.3230127516108937e-10
29550.056 7.621226116960714e-11
29600.056 9.826245391041297e-11
29650.056 3.463362986016887e-10
29700.056 6.57896958605293e-11
29750.056 2.351784623661007e-10
29800.056 1.5765146284177197e-10
29850.056 2.905087153185024e-10
29900.056 1.3215584772326765e-10
29950.056 1.6483848440884986e-10
30000.056 2.7047716019060238e-12
30050.056 1.8751162677620844e-11
30100.056 7.947549697763238e-11
30150.056 3.0236455027816676e-10
30200.056 1.9045482407715177e-10
30250.056 3.479058146007909e-10
30300.056 4.81134875618451e-10
30350.056 1.0505754220098121e-10
30400.056 4.772894849393884e-10
30450.056 3.3322729278950063e-10
30500.056 2.0073988052075014e-10
30550.056 1.6081038217979682e-10
30600.056 1.23938091647292e-09
30650.056 4.800625764792298e-10
30700.056 2.7798965194452546e-10
30750.056 5.803370468258404e-10
30800.056 4.983044688866981e-10
30850.056 5.572845361897126e-10
30900.056 2.8566732149531565e-10
30950.056 2.439354195328952e-10
31000.056 3.0128309211364156e-10
31050.056 1.992694985449684e-10
31100.056 1.3045718522937272e-10
31150.056 2.4493711920989866e-10
31200.056 7.447852759490127e-10
31250.056 3.5714209591333814e-10
31300.056 2.2092549216692592e-10
31350.056 5.418959959199356e-10
31400.056 3.5375216153765043e-10
31450.056 3.678711594046832e-10
31500.056 1.2524253561603828e-10
31550.056 2.3150683037759317e-10
31600.056 1.638671784122949e-10
31650.056 1.3559432364497794e-10
31700.056 1.2090081981050179e-10
31750.056 6.086640305564853e-11
31800.056 1.2359361122943925e-10
31850.056 2.171024077689182e-11
31900.056 5.267490726186272e-11
31950.056 3.14266534588827e-11
32000.056 2.2748569325682795e-11
32050.056 3.503215799312267e-11
32100.056 2.9195568221600155e-11
32150.056 2.9719023209334107e-11
32200.056 1.3954493766398142e-11
32250.056 3.590865880058403e-11
32300.056 9.81398938411797e-12
32350.056 3.5865904950649806e-11
32400.056 4.7608886387411525e-12
32450.056 2.561179095870573e-11
32500.056 5.414742542837479e-12
32550.056 2.052552255983039e-11
32600.056 5.853190777244069e-12
32650.056 5.357628526580561e-11
32700.056 9.507479084354696e-12
32750.056 1.1622394649336162e-10
32800.056 5.986626629669102e-11
32850.056 2.3219918132532137e-10
32900.056 1.960542142526629e-10
32950.056 2.022334825016248e-10
33000.056 5.909283765737534e-11
33050.056 7.265274539505901e-11
33100.056 1.383907853356853e-11
33150.056 3.709681927789439e-15
33200.056 3.951272161609113e-13
33250.056 6.48028510358885e-13
33300.056 7.239818618401817e-12
33350.056 2.21611744829967e-11
33400.056 8.584575924422431e-11
33450.056 4.16763268302667e-11
33500.056 1.6624782929792484e-10
33550.056 2.9796147628637157e-11
33600.056 8.439078060823591e-11
33650.056 7.907201794865613e-11
33700.056 2.283261411610353e-11
33750.056 1.131436141883948e-10
33800.056 8.667381387203983e-12
33850.056 5.342856320245436e-11
33900.056 5.960356001027028e-11
33950.056 4.734742665377876e-11
34000.056 1.130142038382088e-10
34050.056 1.621593837083998e-11
34100.056 1.0963547079555691e-10
34150.056 4.023924992583502e-11
34200.056 1.2685224625402628e-10
34250.056 6.806186710374064e-11
34300.056 7.389126868857005e-11
34350.056 1.9404085496677274e-10
34400.056 4.607334868408474e-11
34450.056 1.7726295715705126e-10
34500.056 7.996986708925416e-11
34550.056 6.789229638092539e-11
34600.056 3.376974651759918e-10
34650.056 3.99487739863957e-11
34700.056 2.2060479899127586e-10
34750.056 1.3065948623517804e-10
34800.056 1.0864398647971736e-10
34850.056 3.9590226330279915e-10
34900.056 7.035713726954949e-11
34950.056 3.5820048563897526e-10
35000.056 6.008025118186953e-10
35050.056 3.037821088572048e-10
35100.056 7.111974796006919e-10
35150.056 5.850665718758519e-10
35200.056 4.383481008143717e-10
35250.056 8.611740229289278e-10
35300.056 2.9825619204070105e-10
35350.056 3.92589927640616e-10
35400.056 2.9152712966411407e-10
35450.056 2.6216438537844464e-10
35500.056 9.758772871284374e-10
35550.056 5.301485960819969e-10
35600.056 7.108358108683482e-10
35650.056 8.49323069008559e-10
35700.056 8.795421949610414e-10
35750.056 1.1497814817121037e-09
35800.056 8.516396798008802e-10
35850.056 3.468627154702511e-10
35900.056 4.719218852466818e-10
35950.056 7.107049146714794e-10
36000.056 8.307204437961523e-10
36050.056 5.609928339473827e-10
36100.056 5.277119195213181e-10
36150.056 1.4377223310068229e-09
36200.056 1.500011877638747e-09
36250.056 9.376283787643899e-10
36300.056 2.452168633118858e-09
36350.056 1.2828584948288736e-09
36400.056 2.1874938862165057e-09
36450.056 1.9320762012661036e-09
36500.056 2.087083392046225e-09
36550.056 3.4302228324455307e-09
36600.056 3.5256575893086985e-09
36650.056 2.3687018570399738e-09
36700.056 2.649140915473942e-09
36750.056 3.5437426457521004e-09
36800.056 4.30418763633171e-09
36850.056 2.0318874096467305e-09
36900.056 3.3467777905967465e-09
36950.056 4.274613122699518e-09
37000.056 2.7401219080163385e-09
37050.056 4.7507680887002334e-09
37100.056 2.5638753525842618e-09
37150.056 3.048564506849653e-09
37200.056 5.5992595330489726e-09
37250.056 3.240354370421698e-09
37300.056 2.1201290170622155e-09
37350.056 3.9665346082276105e-09
37400.056 6.370632797392968e-09
37450.056 2.3407780222772126e-09
37500.056 3.5411286521328357e-09
37550.056 7.238358691535199e-09
37600.056 1.1333147008333901e-08
37650.056 3.0420787902578617e-09
37700.056 6.121372284190646e-09
37750.056 4.2988529890247935e-09
37800.056 4.187017956892013e-09
37850.056 2.1613287621976136e-09
37900.056 2.7293371239096886e-09
37950.056 5.700769841724165e-09
38000.056 5.135873979082526e-09
38050.056 8.007838936359977e-09
38100.056 9.9094233886071e-09
38150.056 1.1207609802674994e-08
38200.056 8.453079386668664e-09
38250.056 1.0127549874271965e-08
38300.056 1.5752215416982687e-08
38350.056 1.376634810505144e-08
38400.056 5.291797226743059e-09
38450.056 2.2311324891035013e-09
38500.056 1.5673744914071813e-09
38550.056 6.053404772721429e-09
38600.056 6.620057329538781e-09
38650.056 7.608617985782553e-09
38700.056 5.805714433438128e-09
38750.056 6.568893135521785e-09
38800.056 6.6451488194035995e-09
38850.056 7.837573190409832e-09
38900.056 9.841876697884357e-09
38950.056 5.7203176751965365e-09
39000.056 1.0079042380775675e-08
39050.056 5.473491621328938e-09
39100.056 8.7780759760658e-09
39150.056 1.2653891272277578e-08
39200.056 8.271281692363874e-09
39250.056 1.3871590699238362e-08
39300.056 8.833533171688829e-09
39350.056 1.687053348173934e-08
39400.056 9.231188506000063e-09
39450.056 1.3895142871282728e-08
39500.056 1.4242638717722119e-08
39550.056 6.379609026157037e-09
39600.056 1.3373692865993309e-08
39650.056 1.7571476969898387e-08
39700.056 1.6555492034042568e-08
39750.056 7.513980954650724e-09
39800.056 8.5648911981944e-09
39850.056 2.0018364212202408e-08
39900.056 2.3334979100601223e-08
39950.056 9.492638619159488e-09
40000.056 1.755201389375984e-08
40050.056 1.9799191688399233e-08
40100.056 6.717211177126744e-09
40150.056 1.7468295105860675e-08
40200.056 1.9038940978795434e-08
40250.056 2.1454646624995657e-08
40300.056 2.159691012950127e-08
40350.056 1.2489194835671225e-08
40400.056 1.8416731772536306e-08
40450.056 8.833441800302942e-09
40500.056 2.26333325668007e-08
40550.056 2.452393858442107e-08
40600.056 1.9792723548900374e-08
40650.056 1.535526876152956e-08
40700.056 3.0220526237796934e-08
40750.056 1.9763859090495163e-08
40800.056 1.1618823398015982e-08
40850.056 3.507093764110794e-08
40900.056 2.969513172279635e-08
40950.056 2.4588210622840282e-08
41000.056 1.910754483069212e-08
41050.056 3.7553211557592746e-08
41100.056 3.129748612259935e-08
41150.056 1.1765206921496994e-08
41200.056 3.6425458325204546e-08
41250.056 2.9499530270247554e-08
41300.056 3.0882577014762064e-08
41350.056 4.047051633099751e-08
41400.056 3.261658631979968e-08
41450.056 4.500888680139403e-08
41500.056 2.7106741436622336e-08
41550.056 2.462138279319262e-08
41600.056 2.685902018137167e-08
41650.056 3.745115590820409e-08
41700.056 4.8945107301989993e-08
41750.056 3.6343700277995586e-08
41800.056 3.813733795400713e-08
41850.056 3.526237519664361e-08
41900.056 3.027521755113123e-08
41950.056 3.0562310243699795e-08
42000.056 1.6703430927177652e-08
42050.056 2.1374183360823888e-08
42100.056 2.5503688067340318e-08
42150.056 2.7451704646839574e-08
42200.056 3.101515642789853e-08
42250.056 2.5903843176305188e-08
42300.056 2.3417536927558344e-08
42350.056 3.826560395550196e-08
42400.056 4.508200611400421e-08
42450.056 4.3470805304008496e-08
42500.056 4.421212429499545e-08
42550.056 3.7479905188994096e-08
42600.056 3.906306198201449e-08
42650.056 5.9143998205386884e-08
42700.056 2.7704660868269502e-08
42750.056 4.009840961990676e-08
42800.056 5.882851087800524e-08
42850.056 6.159668517298574e-08
42900.056 6.47261183978084e-08
42950.056 4.947524156949643e-08
43000.056 5.760887937700285e-08
43050.056 2.8332942873402417e-08
43100.056 4.775321189349701e-08
43150.056 3.8543767549103845e-08
43200.056 5.847131216500474e-08
43250.056 7.821056389200407e-08
43300.056 7.191442457900023e-08
43350.056 3.810196497369096e-08
43400.056 5.719071356560326e-08
43450.056 3.66037384042026e-08
43500.056 3.655447761390706e-08
43550.056 4.07411612756041e-08
43600.056 6.761833870100672e-08
43650.056 3.9992254170199267e-08
43700.056 7.665052424101566e-08
43750.056 6.998508285999538e-08
43800.056 6.149737934499559e-08
43850.056 5.540408259470627e-08
43900.056 4.200974853559492e-08
43950.056 2.823340868779705e-08
44000.056 2.8431678680098906e-08
44050.056 7.137341556900211e-08
44100.056 9.460798508300102e-08
44150.056 8.411848803219719e-08
44200.056 7.785695965300203e-08
44250.056 4.1322890946995974e-08
44300.056 3.163729572690452e-08
44350.056 3.5091395339156396e-08
44400.056 3.280749046369736e-08
44450.056 6.14522330190043e-08
44500.056 5.4395608797407934e-08
44550.056 7.902049577599633e-08
44600.056 6.572869755839999e-08
44650.056 6.057508613810235e-08
44700.056 3.991249135339554e-08
44750.056 6.245674110221155e-08
44800.056 4.09883671063034e-08
44850.056 5.82890592140028e-08
44900.056 5.186077298880028e-08
44950.056 6.076582513200653e-08
45000.056 7.343247688800216e-08
45050.056 6.440826941099299e-08
45100.056 5.821505809220229e-08
45150.056 5.09919563904928e-08
45200.056 3.810949145540391e-08
45250.056 4.596239227478981e-08
45300.056 4.327022412590595e-08
45350.056 3.3180303137167514e-08
45400.056 9.086553058500971e-08
45450.056 7.276688038340746e-08
45500.056 9.029734946180555e-08
45550.056 9.494711837497828e-08
45600.056 8.071285461701099e-08
45650.056 6.674568522959936e-08
45700.056 4.1549570218596843e-08
45750.056 3.758296105980241e-08
45800.056 9.409441200800438e-08
45850.056 7.345196266069909e-08
45900.056 9.457209877099557e-08
45950.056 8.289030504799697e-08
46000.056 8.975623525000935e-08
46050.056 6.566802815900583e-08
46100.056 1.0849918910999289e-07
46150.056 6.133502238880082e-08
46200.056 5.05518170337923e-08
46250.056 1.9583368906078246e-08
46300.056 6.166369943660182e-08
46350.056 6.455046533860855e-08
46400.056 6.142842034920195e-08
46450.056 5.4748649475418834e-08
46500.056 6.221436056301188e-08
46550.056 3.179250808830058e-08
46600.056 4.5704090334793305e-08
46650.056 7.379612339430402e-08
46700.056 4.7880789828988835e-08
46750.056 2.2099621268404003e-08
46800.056 1.4323530871699328e-08
46850.056 6.848205577801033e-08
46900.056 7.606219664299697e-08
46950.056 7.513275028999448e-08
47000.056 7.34598365940092e-08
47050.056 4.985009748962469e-08
47100.056 3.554232896990332e-08
47150.056 5.9247348154007874e-08
47200.056 6.615151113299578e-08
47250.056 3.255534577379491e-08
47300.056 2.157745974610491e-08
47350.056 7.322204139400457e-08
47400.056 6.894487457399405e-08
47450.056 4.9082218146484805e-08
47500.056 8.15693932803968e-08
47550.056 6.935301273500278e-08
47600.056 6.124144927889331e-08
47650.056 6.698479635375782e-08
47700.056 5.0284478104680457e-08
47750.056 3.659891027470092e-08
47800.056 2.879405028460419e-08
47850.056 1.2876318944042434e-08
47900.056 2.170510860693928e-08
47950.056 5.6619506290003165e-08
48000.056 7.762853863299925e-08
48050.056 6.141368644259946e-08
48100.056 2.5335077154682327e-08
48150.056 4.875638440000187e-08
48200.056 3.149593342405801e-08
48250.056 4.24952597124996e-08
48300.056 7.405907949199673e-08
48350.056 4.2693073616694795e-08
48400.056 9.386509189603402e-09
48450.056 2.0065384249766982e-08
48500.056 3.646677620539113e-08
48550.056 4.191367700590496e-08
48600.056 6.037472185699975e-08
48650.056 7.754361707899612e-08
48700.056 4.959920656420813e-08
48750.056 3.487552743280895e-08
48800.056 6.448432802600289e-08
48850.056 3.242950409550462e-08
48900.056 3.947168614631596e-08
48950.056 2.0847143561399502e-08
49000.056 1.1111918998400047e-08
49050.056 3.8492742566995004e-08
49100.056 5.2103024952359345e-08
49150.056 3.9283301215301854e-08
49200.056 6.437571615200951e-08
49250.056 6.670796160000277e-08
49300.056 5.4055853421998254e-08
49350.056 1.9767531232341443e-08
49400.056 3.027945587609223e-08
49450.056 2.7267031372286497e-08
49500.056 2.1253252935856726e-08
49550.056 3.8652834489170655e-09
49600.056 1.1983990777370278e-08
49650.056 3.3305071966902104e-08
49700.056 3.8889338963689534e-08
49750.056 3.563329492857942e-08
49800.056 2.1255724394547804e-08
49850.056 4.980317347620705e-08
49900.056 4.4286440177197325e-08
49950.056 4.314238409499991e-08
50000.056 2.9300786585502664e-08
50050.056 3.655869920020217e-08
50100.056 2.9387257339998085e-08
50150.056 1.223558899252756e-08
50200.056 1.8168493701988855e-09
50250.056 1.2982368381499775e-08
50300.056 8.538951876974631e-09
50350.056 3.4082618345305507e-08
50400.056 3.9004887508395486e-08
50450.056 2.8995529235801928e-08
50500.056 4.686452311720207e-08
50550.056 4.2226258915002444e-08
50600.056 2.9109327906341206e-08
50650.056 4.924205539200741e-08
50700.056 4.753762790999646e-08
50750.056 2.7980519578801214e-08
50800.056 8.297041891424438e-09
50850.056 3.9466185328000155e-09
50900.056 2.9488393327002312e-08
50950.056 2.8844470181997338e-08
51000.056 2.1442622074366562e-08
51050.056 3.476419971979516e-08
51100.056 1.1865146485790307e-08
51150.056 1.2239380326662485e-08
51200.056 4.2726488500999115e-08
51250.056 3.124735135971454e-08
51300.056 1.98627187077555e-08
51350.056 1.7835396210855175e-08
51400.056 4.942361104020033e-09
51450.056 4.021428361809576e-09
51500.056 3.818941657815605e-09
51550.056 1.686270656920326e-08
51600.056 1.620824308703354e-08
51650.056 2.2642687668799192e-08
51700.056 2.2509061048861684e-08
51750.056 1.4349596757823048e-08
51800.056 2.898898622799635e-08
51850.056 2.2747359178898752e-08
51900.056 2.591217974300019e-08
51950.056 1.3291341914698309e-08
52000.056 1.0702513200065587e-09
52050.056 6.691917054200853e-09
52100.056 3.4719211437593083e-09
52150.056 1.850910800690645e-09
52200.056 7.548732974409804e-09
52250.056 1.3082591801822938e-08
52300.056 1.631047563099889e-08
52350.056 4.188546909940178e-09
52400.056 4.697839196907971e-09
52450.056 2.0737248658801952e-08
52500.056 1.4941562340013363e-08
52550.056 1.9488764015698926e-08
52600.056 1.494261575488044e-08
52650.056 1.816063798300116e-08
52700.056 1.1705405904889317e-08
52750.056 3.811039110287714e-09
52800.056 7.800909581201436e-09
52850.056 9.42865837106748e-09
52900.056 3.2247811465882378e-09
52950.056 5.95381573973092e-09
53000.056 1.22616845187017e-08
53050.056 4.187213859594831e-09
53100.056 1.6850404393299865e-08
53150.056 1.712190095730077e-08
53200.056 7.3958445295197655e-09
53250.056 1.4731024542200117e-08
53300.056 1.7656463045420092e-08
53350.056 1.3633946761900673e-08
53400.056 8.45925345459826e-09
53450.056 2.440469261119079e-09
53500.056 3.5102731067286297e-10
53550.056 1.0139804992820145e-09
