galfind/configs/Brown_Dwarf_templates/sonora_bobcat/m0.0/178g/sp_t700g178nc_m0.0_resample.dat
# %ECSV 1.0
# ---
# datatype:
# - {name: wav, unit: Angstrom, datatype: float64}
# - {name: flux_nu, unit: erg / (cm2 Hz s), datatype: float64}
# meta: {C/O: '1.00', Kzz: '1.0000E+05', Teff: '700.', Y: '0.28', '[Fe/H]': '0.00', f_hole: '1.00', f_rain: '0.00', grav: '178.'}
# schema: astropy-2.0
wav flux_nu
4000.0559999999996 nan
4050.0559999999996 6.356961243499081e-15
4100.056 7.93509987719002e-13
4150.056 5.09798903970015e-12
4200.056 4.488635859333248e-12
4250.056 1.8222933153200305e-11
4300.056 2.955306204600111e-11
4350.056 3.7279674474000546e-11
4400.056 4.866837534000052e-11
4450.056 6.28901546030005e-11
4500.056 6.676266194400159e-11
4550.056 6.788261646562344e-11
4600.056 3.62378326303999e-11
4650.056 2.539576379199965e-11
4700.056 1.5047225101799896e-11
4750.056 4.559680303899944e-12
4800.056 1.0296506826899863e-12
4850.056 2.511343897799969e-13
4900.056 9.253829433399922e-14
4950.056 3.9578057123999654e-14
5000.056 1.4465425457499835e-14
5050.056 6.5770062525999876e-15
5100.056 5.941417432000025e-15
5150.056 5.908334791700026e-15
5200.056 6.005752553200008e-15
5250.056 6.140346646600003e-15
5300.056 6.386307519700004e-15
5350.056 6.7716129016000054e-15
5400.056 7.240735162800004e-15
5450.056 7.817596145200025e-15
5500.056 8.477089224100034e-15
5550.056 9.187941353300015e-15
5600.056 9.871784311100009e-15
5650.056 1.0415002764999995e-14
5700.056 1.0581594737500001e-14
5750.056 1.0264001925099994e-14
5800.056 9.123995153299974e-15
5850.056 6.478607008599922e-15
5900.056 2.1186053251322348e-15
5950.056 1.2714587951300284e-14
6000.056 2.639373739299996e-14
6050.056 4.615675145100059e-14
6100.056 7.302228496800062e-14
6150.056 1.0964793674600069e-13
6200.056 1.607672294600009e-13
6250.056 2.3053542612000086e-13
6300.056 3.3173050063000126e-13
6350.056 4.755973747100028e-13
6400.056 6.816304802000045e-13
6450.056 9.4861972764999e-13
6500.056 1.3731898022899995e-12
6550.056 2.0074555593999943e-12
6600.056 2.9464739862000654e-12
6650.056 4.3214057892000325e-12
6700.056 5.733551473720056e-12
6750.056 8.76294508820005e-12
6800.056 1.1429616682000086e-11
6850.056 1.2978410533000015e-11
6900.056 1.1960910659900139e-11
6950.056 1.0220104374199922e-11
7000.056 1.033793969210006e-11
7050.056 1.109479699069986e-11
7100.056 1.215588140349991e-11
7150.056 1.1765156465919778e-11
7200.056 1.1163392105680004e-11
7250.056 1.103187951239947e-11
7300.056 1.0325216907510318e-11
7350.056 1.0015033841639778e-11
7400.056 9.722818703000297e-12
7450.056 9.451583018100279e-12
7500.056 8.994947021299956e-12
7550.056 8.27041899059997e-12
7600.056 7.323206586999966e-12
7650.056 2.502454704728897e-12
7700.056 1.8123628204790779e-12
7750.056 7.720660704600107e-12
7800.056 1.1741295282060038e-11
7850.056 1.8799842401000047e-11
7900.056 2.6435721576999823e-11
7950.056 3.135768461636025e-11
8000.056 5.047177237400052e-11
8050.056 6.846688922800121e-11
8100.056 8.332374713379905e-11
8150.056 1.0406249196231977e-10
8200.056 1.5063028848540914e-10
8250.056 1.9001410001333127e-10
8300.056 2.4745782692091503e-10
8350.056 3.0718727292128154e-10
8400.056 3.8845410657099323e-10
8450.056 5.059549127199912e-10
8500.056 5.763398331929666e-10
8550.056 7.719070642100186e-10
8600.056 9.901781663300107e-10
8650.056 1.2018512507000154e-09
8700.056 1.4196741546000114e-09
8750.056 1.6911237405000122e-09
8800.056 1.9570305661000284e-09
8850.056 2.0904910754999784e-09
8900.056 1.5627854903798948e-09
8950.056 1.5443136651886045e-09
9000.056 1.758838468045042e-09
9050.056 3.0382183332920937e-09
9100.056 3.5499499784427262e-09
9150.056 3.891958853960773e-09
9200.056 4.867302186522624e-09
9250.056 4.8386576681961615e-09
9300.056 1.8510837902681636e-09
9350.056 2.3362889420835627e-09
9400.056 3.838820138492031e-09
9450.056 4.396902659139324e-09
9500.056 4.101724876729555e-09
9550.056 4.6376573944333655e-09
9600.056 4.688252076407732e-09
9650.056 5.750925727540165e-09
9700.056 7.916543696079848e-09
9750.056 8.318842238284888e-09
9800.056 9.51468968123348e-09
9850.056 1.0897468412115076e-08
9900.056 1.3350358776069262e-08
9950.056 1.4219114701720226e-08
10000.056 1.4165945881599086e-08
10050.056 1.867241338400018e-08
10100.056 2.208967054839939e-08
10150.056 2.479060177699915e-08
10200.056 2.7534856681001e-08
10250.056 3.136492500600106e-08
10300.056 3.6708213675997896e-08
10350.056 3.997810439100086e-08
10400.056 4.6962439278000056e-08
10450.056 5.215890164599572e-08
10500.056 5.710964078799947e-08
10550.056 6.244183789700068e-08
10600.056 6.579078802799854e-08
10650.056 6.930131797700186e-08
10700.056 7.019975825300193e-08
10750.056 7.269265791480155e-08
10800.056 7.284921310120144e-08
10850.056 6.953124514979962e-08
10900.056 5.458423096829872e-08
10950.056 3.138041319628137e-08
11000.056 2.318266824727328e-08
11050.056 1.5782335306695625e-08
11100.056 1.0705102797383956e-08
11150.056 6.1135103742742524e-09
11200.056 5.614156746376502e-09
11250.056 6.931771927743345e-09
11300.056 7.937897135230964e-09
11350.056 3.385418244651455e-09
11400.056 7.98857267565625e-09
11450.056 5.9962474692330046e-09
11500.056 5.129447812070387e-09
11550.056 2.0464222606295893e-09
11600.056 2.0502072271961927e-09
11650.056 4.0893006988297125e-09
11700.056 4.514791493442207e-09
11750.056 1.5162041941334054e-09
11800.056 5.7264129767848845e-09
11850.056 9.287546803675932e-09
11900.056 1.143526125714995e-08
11950.056 1.705017242771212e-08
12000.056 2.3801188149790305e-08
12050.056 3.2550896222604525e-08
12100.056 4.296084643079465e-08
12150.056 5.572816533769653e-08
12200.056 6.680136802339481e-08
12250.056 8.276664424078886e-08
12300.056 1.0222866888300834e-07
12350.056 1.081748030389993e-07
12400.056 1.2956145654599457e-07
12450.056 1.4133274002300615e-07
12500.056 1.512481539580065e-07
12550.056 1.6663014688700348e-07
12600.056 1.904465110490073e-07
12650.056 1.8784192544499865e-07
12700.056 1.8622871356201391e-07
12750.056 1.6825463844201104e-07
12800.056 1.5706244631340117e-07
12850.056 1.2231056474111372e-07
12900.056 1.0151203659167321e-07
12950.056 9.289407662085613e-08
13000.056 8.986883656944272e-08
13050.056 7.178373651878186e-08
13100.056 6.63363167546293e-08
13150.056 5.0281259934114597e-08
13200.056 4.410084391229308e-08
13250.056 3.2582972363597514e-08
13300.056 1.4748035261863017e-08
13350.056 4.547044642773308e-09
13400.056 2.4783978337115864e-09
13450.056 1.1393439580993602e-09
13500.056 6.184283015555963e-10
13550.056 3.6198755267957105e-10
13600.056 1.5165416456140445e-10
13650.056 5.547077071572336e-10
13700.056 3.744639092205074e-10
13750.056 5.26953115639927e-10
13800.056 5.777504151525084e-10
13850.056 3.9392303171182383e-10
13900.056 4.464837065118526e-10
13950.056 4.0198005983208327e-10
14000.056 4.182788803364608e-10
14050.056 5.817936407524491e-10
14100.056 5.349063845106116e-10
14150.056 8.514383626464655e-10
14200.056 6.159576894821412e-10
14250.056 7.223492604323393e-10
14300.056 1.4468910068312503e-09
14350.056 1.4547081346413697e-09
14400.056 1.6045541257718347e-09
14450.056 2.0677644847091318e-09
14500.056 3.937892979396269e-09
14550.056 4.405898213050445e-09
14600.056 6.0154433849582875e-09
14650.056 5.316095504650611e-09
14700.056 3.5446182854460627e-09
14750.056 3.739404480216529e-09
14800.056 5.5736659162416725e-09
14850.056 6.177188131561571e-09
14900.056 6.5678259424108135e-09
14950.056 7.091728670815354e-09
15000.056 1.0414076110751074e-08
15050.056 1.0629580001596515e-08
15100.056 1.0695033937985234e-08
15150.056 1.0958438111142636e-08
15200.056 1.3446450513211672e-08
15250.056 2.0950281630875214e-08
15300.056 2.5035980561451445e-08
15350.056 3.018815260250886e-08
15400.056 3.6279144390102556e-08
15450.056 4.273872768935592e-08
15500.056 4.741440041820611e-08
15550.056 5.876783553980979e-08
15600.056 6.767478918719885e-08
15650.056 7.707278646360254e-08
15700.056 9.192233667701056e-08
15750.056 9.961399892399591e-08
15800.056 1.0236822340400438e-07
15850.056 1.0905619552300493e-07
15900.056 9.875115734400218e-08
15950.056 9.001386255299117e-08
16000.056 6.994442548500467e-08
16050.056 4.453524870879748e-08
16100.056 3.0097162597196986e-08
16150.056 1.8605881489161074e-08
16200.056 1.1313420967430968e-08
16250.056 8.888573498861163e-09
16300.056 6.512073306775043e-09
16350.056 7.640938647122538e-09
16400.056 9.358663375282642e-09
16450.056 9.535893376190942e-09
16500.056 9.894315199185343e-09
16550.056 9.774589109769247e-09
16600.056 1.093706399453964e-08
16650.056 8.127160622608941e-09
16700.056 2.027169835032574e-09
16750.056 4.224346035355071e-09
16800.056 7.1874085100366196e-09
16850.056 7.953349327720529e-09
16900.056 5.538392502808164e-09
16950.056 4.019694579300857e-09
17000.056 2.6995478968590484e-09
17050.056 4.723765153748278e-09
17100.056 6.75174045144952e-09
17150.056 4.545552948673368e-09
17200.056 9.301084405445496e-09
17250.056 7.077032522559675e-09
17300.056 5.046716085021328e-09
17350.056 4.869618710680305e-09
17400.056 6.3596907057927436e-09
17450.056 7.752655732027675e-09
17500.056 9.374823906921773e-09
17550.056 8.516777038807421e-09
17600.056 6.9613811488100975e-09
17650.056 6.6974328103306605e-09
17700.056 5.107324944782456e-09
17750.056 4.825375280204673e-09
17800.056 7.939489725685053e-09
17850.056 4.849174265649537e-09
17900.056 4.1541358340639046e-09
17950.056 3.317877475973319e-09
18000.056 4.450763651547312e-09
18050.056 3.783138424568171e-09
18100.056 4.384550557970296e-09
18150.056 5.009251261085767e-09
18200.056 3.1779584191020653e-09
18250.056 7.825725193391505e-09
18300.056 3.6426699076050172e-09
18350.056 2.9957144411185725e-09
18400.056 2.694022161866247e-09
18450.056 4.9143226517957864e-09
18500.056 5.0461355267244804e-09
18550.056 3.6554766153516248e-09
18600.056 3.4917867197576595e-09
18650.056 2.994888431132404e-09
18700.056 2.0219843399351077e-09
18750.056 3.45262688904949e-09
18800.056 7.682324627053948e-09
18850.056 8.241515618499237e-09
18900.056 7.389220972718241e-09
18950.056 1.1912634662538394e-08
19000.056 6.235261405614294e-09
19050.056 4.10180313778273e-09
19100.056 7.520866430876714e-09
19150.056 4.474369304267348e-09
19200.056 6.0853229143612856e-09
19250.056 4.236911917909694e-09
19300.056 3.463071192672127e-09
19350.056 2.9780895937676733e-09
19400.056 2.3984022661248506e-09
19450.056 4.2019728398507096e-09
19500.056 3.748523826940971e-09
19550.056 3.2772556575962384e-09
19600.056 5.113479206019957e-09
19650.056 5.234862399792016e-09
19700.056 5.409269788844523e-09
19750.056 7.565556166293767e-09
19800.056 6.70901823956403e-09
19850.056 9.054356770245146e-09
19900.056 8.433858798969345e-09
19950.056 1.2584863538928952e-08
20000.056 1.3403104909971232e-08
20050.056 1.318837208696542e-08
20100.056 1.8158388750648182e-08
20150.056 1.3650283574447649e-08
20200.056 1.3687818348582155e-08
20250.056 1.9482680287534595e-08
20300.056 2.0810058093810882e-08
20350.056 2.2596775488840255e-08
20400.056 2.146043921710464e-08
20450.056 2.8962750346359242e-08
20500.056 3.263804184811309e-08
20550.056 3.355195698833492e-08
20600.056 3.6862250273561516e-08
20650.056 4.0414646585601206e-08
20700.056 4.262769218967549e-08
20750.056 4.536672008349589e-08
20800.056 4.597191085871106e-08
20850.056 4.715318610940123e-08
20900.056 4.942880174519006e-08
20950.056 4.737955439040247e-08
21000.056 4.5958022102306566e-08
21050.056 4.6068816076694844e-08
21100.056 4.3441811426802924e-08
21150.056 4.348636130179185e-08
21200.056 4.012103688200348e-08
21250.056 3.7402592459141114e-08
21300.056 3.192923248773864e-08
21350.056 3.1670623993797454e-08
21400.056 2.983985154039259e-08
21450.056 2.6211454092373722e-08
21500.056 2.36782538880492e-08
21550.056 2.1321603167077487e-08
21600.056 1.8457552917351745e-08
21650.056 1.4955469432556464e-08
21700.056 1.4699116242045634e-08
21750.056 1.2923609235514649e-08
21800.056 1.0364117254896014e-08
21850.056 9.401699509890636e-09
21900.056 6.756651719122918e-09
21950.056 3.634061069470454e-09
22000.056 1.227020005948342e-09
22050.056 1.03338568071997e-09
22100.056 2.4867998117090022e-09
22150.056 2.9027780276292883e-09
22200.056 3.2414212405779096e-09
22250.056 2.6505058198298756e-09
22300.056 1.8559078955373656e-09
22350.056 2.017510204327327e-09
22400.056 1.172814355714068e-09
22450.056 1.2506303360734869e-09
22500.056 1.0916752822865553e-09
22550.056 8.399027111563797e-10
22600.056 7.959613393421224e-10
22650.056 1.079060997310338e-09
22700.056 8.566087549607602e-10
22750.056 9.098573342648175e-10
22800.056 9.130614792020146e-10
22850.056 7.579477420238157e-10
22900.056 6.22663061445583e-10
22950.056 5.906524410013843e-10
23000.056 7.797371194004129e-10
23050.056 1.004617182864179e-09
23100.056 2.5705723794378245e-09
23150.056 2.5624548358931244e-09
23200.056 3.510602451877154e-10
23250.056 6.870424135329673e-10
23300.056 6.383977510175834e-10
23350.056 7.349980553883656e-10
23400.056 7.559610640382131e-10
23450.056 6.218940007975614e-10
23500.056 6.910924043455745e-10
23550.056 9.890724898026404e-10
23600.056 1.2734706972367487e-09
23650.056 1.828721563293041e-09
23700.056 7.499711511876662e-10
23750.056 6.272290936869972e-10
23800.056 1.180591759142294e-09
23850.056 1.1334331721288744e-09
23900.056 1.9835824200285823e-09
23950.056 1.7401995002734555e-09
24000.056 2.4033645577386734e-09
24050.056 2.8999769416117107e-09
24100.056 2.7547033386393776e-09
24150.056 3.5657275881124984e-09
24200.056 3.016270244780153e-09
24250.056 2.569860464656466e-09
24300.056 3.6317504230078357e-09
24350.056 3.0934502931112427e-09
24400.056 4.859171713888398e-09
24450.056 4.9040554091245374e-09
24500.056 4.811769444191392e-09
24550.056 6.318846583749266e-09
24600.056 6.400879492907777e-09
24650.056 8.678356452075539e-09
24700.056 5.772478916909821e-09
24750.056 6.875553951897722e-09
24800.056 6.7089851394380775e-09
24850.056 9.941349951091279e-09
24900.056 5.25787680355683e-09
24950.056 9.815828219702926e-09
25000.056 8.809978256998532e-09
25050.056 6.001755949497263e-09
25100.056 8.808479907647809e-09
25150.056 5.277744087750675e-09
25200.056 7.2909185326602606e-09
25250.056 4.033527554593429e-09
25300.056 6.145552710880435e-09
25350.056 3.279648473417304e-09
25400.056 6.765896822859332e-09
25450.056 3.0999017127868525e-09
25500.056 2.9832410595306415e-09
25550.056 4.0805827485874845e-09
25600.056 2.9998238680039525e-09
25650.056 1.922217535784383e-09
25700.056 3.551792868416003e-09
25750.056 1.3098666160160636e-09
25800.056 4.180158800014775e-09
25850.056 1.429628921426979e-09
25900.056 2.066941925389279e-09
25950.056 9.193553521356771e-10
26000.056 4.173525235914021e-09
26050.056 1.474996089174066e-09
26100.056 3.6994430272219853e-09
26150.056 2.4154561420914654e-09
26200.056 2.8454431399091904e-09
26250.056 7.166771789220388e-09
26300.056 3.3804623764678246e-09
26350.056 8.873485338384097e-09
26400.056 9.217794743121887e-09
26450.056 8.985955328822092e-09
26500.056 1.1729918471475387e-08
26550.056 4.1673896890341e-09
26600.056 5.85549836875586e-09
26650.056 1.8487848254669013e-09
26700.056 1.5461666140766211e-09
26750.056 1.1833008343899137e-09
26800.056 2.440326070437135e-09
26850.056 1.3502950255733504e-09
26900.056 4.166087232663287e-09
26950.056 1.8486115893091083e-09
27000.056 6.2995215284579585e-09
27050.056 5.456988046035942e-09
27100.056 2.45305307817936e-09
27150.056 7.820862419141444e-09
27200.056 2.5617983360935333e-09
27250.056 4.376885414239654e-09
27300.056 1.3633028923193628e-08
27350.056 7.987152814234149e-09
27400.056 1.2530575498616144e-09
27450.056 9.588170533321025e-09
27500.056 1.0021197320846191e-08
27550.056 3.086004762403197e-09
27600.056 6.473682897578861e-09
27650.056 2.6077775442010957e-09
27700.056 2.0529604042463524e-09
27750.056 7.503462947986018e-09
27800.056 2.7670903697120886e-09
27850.056 3.852387630496933e-09
27900.056 3.958885952884917e-09
27950.056 8.271102741153263e-09
28000.056 6.554284207101585e-09
28050.056 1.6052398717932523e-09
28100.056 7.2122733032673764e-09
28150.056 4.995321333653126e-09
28200.056 2.149331799673799e-09
28250.056 8.437051103264279e-09
28300.056 9.249463745840816e-09
28350.056 2.8982920659929575e-09
28400.056 6.474985559544306e-09
28450.056 9.350982336086484e-09
28500.056 6.724761959161484e-09
28550.056 2.198390027970107e-09
28600.056 1.0434655782245973e-08
28650.056 8.030491677267567e-09
28700.056 8.364766643892768e-09
28750.056 1.2351485462346246e-08
28800.056 8.215006205340202e-09
28850.056 1.12528804937097e-08
