galfind/configs/Brown_Dwarf_templates/sonora_bobcat/m0.0/178g/sp_t950g178nc_m0.0_resample.dat
# %ECSV 1.0
# ---
# datatype:
# - {name: wav, unit: Angstrom, datatype: float64}
# - {name: flux_nu, unit: erg / (cm2 Hz s), datatype: float64}
# meta: {C/O: '1.00', Kzz: '1.0000E+05', Teff: '950.', Y: '0.28', '[Fe/H]': '0.00', f_hole: '1.00', f_rain: '0.00', grav: '178.'}
# schema: astropy-2.0
wav flux_nu
4000.0559999999996 nan
4050.0559999999996 2.821905870894944e-13
4100.056 1.4380096592999225e-11
4150.056 4.273935432970271e-11
4200.056 3.674861442558479e-11
4250.056 7.328448596400418e-11
4300.056 9.66573861630074e-11
4350.056 1.0696804930700406e-10
4400.056 1.3075849517000313e-10
4450.056 1.524377349790008e-10
4500.056 1.5056958931100695e-10
4550.056 1.697265042183143e-10
4600.056 1.6820054351099887e-10
4650.056 1.451136329659916e-10
4700.056 1.2769911673000074e-10
4750.056 6.458171659699965e-11
4800.056 1.8675575832399817e-11
4850.056 5.0257885472999376e-12
4900.056 2.0627902223999836e-12
4950.056 9.231714001999917e-13
5000.056 3.1956206924999603e-13
5050.056 1.1862641026099946e-13
5100.056 9.244944479699999e-14
5150.056 7.888036310800006e-14
5200.056 6.762757948399993e-14
5250.056 5.69407000549999e-14
5300.056 4.8462275573999924e-14
5350.056 4.2577409632999944e-14
5400.056 3.850385321499996e-14
5450.056 3.574025186900001e-14
5500.056 3.3953500724000065e-14
5550.056 3.292968710500001e-14
5600.056 3.230317036499999e-14
5650.056 3.170863575299997e-14
5700.056 3.068937813999999e-14
5750.056 2.8819816728999974e-14
5800.056 2.511363208299993e-14
5850.056 1.7591029489199786e-14
5900.056 5.7018715906569604e-15
5950.056 3.421853562500064e-14
6000.056 7.102770029000011e-14
6050.056 1.2610824947700138e-13
6100.056 2.1164991353000186e-13
6150.056 3.516811194100027e-13
6200.056 5.886845072100042e-13
6250.056 9.874820326300066e-13
6300.056 1.6688289484000122e-12
6350.056 2.799484813100024e-12
6400.056 4.622419798900039e-12
6450.056 7.388827426999976e-12
6500.056 1.1687814212200028e-11
6550.056 1.8115136677000083e-11
6600.056 2.755570101600039e-11
6650.056 4.0968984928000284e-11
6700.056 4.940465670304035e-11
6750.056 8.229778363600048e-11
6800.056 1.0833259604400057e-10
6850.056 1.252832741500002e-10
6900.056 1.226685737200008e-10
6950.056 1.1222964985399953e-10
7000.056 1.1415315318500082e-10
7050.056 1.2498316801899903e-10
7100.056 1.3809479278999973e-10
7150.056 1.4203451197299813e-10
7200.056 1.400678588550021e-10
7250.056 1.3438495358999442e-10
7300.056 1.2094183534900038e-10
7350.056 1.068474631519982e-10
7400.056 9.241505484200139e-11
7450.056 7.66067772360008e-11
7500.056 6.01011894969995e-11
7550.056 4.353157725799965e-11
7600.056 2.95034913799997e-11
7650.056 6.746437984190655e-12
7700.056 4.278293085880205e-12
7750.056 2.489509034900053e-11
7800.056 5.0962222517540796e-11
7850.056 1.1439439036600097e-10
7900.056 1.9297928548000072e-10
7950.056 2.4080412293332306e-10
8000.056 4.5184395882000465e-10
8050.056 6.366410637200095e-10
8100.056 8.285505787699993e-10
8150.056 1.0642108491479982e-09
8200.056 1.417043924410061e-09
8250.056 1.7706672053920291e-09
8300.056 2.216731709360165e-09
8350.056 2.692110032279879e-09
8400.056 3.2699007911698936e-09
8450.056 4.016036569499908e-09
8500.056 4.338404229694723e-09
8550.056 5.564752017100131e-09
8600.056 6.8531278066000414e-09
8650.056 7.90431906740003e-09
8700.056 9.15152643789987e-09
8750.056 1.0594638895800113e-08
8800.056 1.2136233534200195e-08
8850.056 1.3358668001999864e-08
8900.056 1.2509763737999544e-08
8950.056 1.171102589888408e-08
9000.056 1.4718690753098022e-08
9050.056 2.004807941958047e-08
9100.056 2.2625537645892667e-08
9150.056 2.422410197635166e-08
9200.056 2.8020471750956717e-08
9250.056 2.829915742033793e-08
9300.056 1.587500146335693e-08
9350.056 1.9265650597314703e-08
9400.056 2.6419879829004902e-08
9450.056 3.030526295812528e-08
9500.056 2.9924835287217195e-08
9550.056 3.339607097538918e-08
9600.056 3.383845228777459e-08
9650.056 3.8379069200792854e-08
9700.056 4.602578763798607e-08
9750.056 4.8914157273740214e-08
9800.056 5.462068516362793e-08
9850.056 6.147290030729992e-08
9900.056 6.534917729029469e-08
9950.056 6.763155825139765e-08
10000.056 6.169987023399536e-08
10050.056 7.851630854400007e-08
10100.056 9.21631347669961e-08
10150.056 1.0250402004699066e-07
10200.056 1.1590222699399868e-07
10250.056 1.28230029502e-07
10300.056 1.4133898379200072e-07
10350.056 1.5967941207600143e-07
10400.056 1.7699863253999737e-07
10450.056 1.8841932491999896e-07
10500.056 1.951677637900011e-07
10550.056 2.0332972917000375e-07
10600.056 2.1466288777999395e-07
10650.056 2.295312536300078e-07
10700.056 2.409406144030103e-07
10750.056 2.550773897500071e-07
10800.056 2.659761373140042e-07
10850.056 2.713384901319916e-07
10900.056 2.285802785889938e-07
10950.056 1.505140782614084e-07
11000.056 1.2698938081111828e-07
11050.056 1.0146874863323715e-07
11100.056 8.079827511374028e-08
11150.056 5.974549123617166e-08
11200.056 6.090031797867246e-08
11250.056 7.308328120072666e-08
11300.056 7.424989941162872e-08
11350.056 4.008227942024981e-08
11400.056 6.392818909155612e-08
11450.056 5.8900460482850125e-08
11500.056 6.033725748161064e-08
11550.056 3.673574373691535e-08
11600.056 3.96097541752731e-08
11650.056 5.2675973434456754e-08
11700.056 4.840541177779656e-08
11750.056 2.8110264561676577e-08
11800.056 5.8180213084717556e-08
11850.056 8.73339587456898e-08
11900.056 1.0188674723729099e-07
11950.056 1.3654788016890086e-07
12000.056 1.635632015630963e-07
12050.056 1.996447327425337e-07
12100.056 2.3419407916999034e-07
12150.056 2.772221592469865e-07
12200.056 3.1520228195696663e-07
12250.056 3.5722598320195554e-07
12300.056 4.0573274256602777e-07
12350.056 4.226155604220085e-07
12400.056 4.4252040697998717e-07
12450.056 4.1508963636001563e-07
12500.056 4.4000990580999766e-07
12550.056 4.734302576000331e-07
12600.056 5.951828363700189e-07
12650.056 5.930541544499996e-07
12700.056 6.085637087100641e-07
12750.056 5.849675274730275e-07
12800.056 5.863046845320119e-07
12850.056 5.074755850100427e-07
12900.056 4.555496584169259e-07
12950.056 4.517298051443537e-07
13000.056 4.380523272667523e-07
13050.056 4.0122855005695935e-07
13100.056 3.7362833207739375e-07
13150.056 3.138951798275866e-07
13200.056 2.7669056458583536e-07
13250.056 2.1459871232278143e-07
13300.056 1.1616880354003769e-07
13350.056 4.1004594731142454e-08
13400.056 2.756693018894232e-08
13450.056 1.66385716478964e-08
13500.056 1.1675819002115236e-08
13550.056 8.541757811745531e-09
13600.056 5.066573437823386e-09
13650.056 1.1233056636974881e-08
13700.056 8.877660237916882e-09
13750.056 9.741338418929049e-09
13800.056 1.1281168822688066e-08
13850.056 9.225125668545468e-09
13900.056 9.67519862748215e-09
13950.056 8.823451336167298e-09
14000.056 8.563865607790281e-09
14050.056 1.0231951218245642e-08
14100.056 9.131659627913861e-09
14150.056 1.2647977533922288e-08
14200.056 1.0075085277100269e-08
14250.056 1.0748387633579133e-08
14300.056 1.6448502335979507e-08
14350.056 1.6786098308613295e-08
14400.056 1.888377586058861e-08
14450.056 2.0834695954398535e-08
14500.056 3.3537272369470556e-08
14550.056 3.7177011334671826e-08
14600.056 4.693989383410483e-08
14650.056 4.7347586391152796e-08
14700.056 3.955711230997445e-08
14750.056 4.6867854436610484e-08
14800.056 5.8506639585871186e-08
14850.056 6.375922109372646e-08
14900.056 6.605652020470857e-08
14950.056 7.353479506602107e-08
15000.056 8.323554424726782e-08
15050.056 9.630185654131718e-08
15100.056 1.0468811343201022e-07
15150.056 1.1602806850531174e-07
15200.056 1.1938399078548382e-07
15250.056 1.4501545863086426e-07
15300.056 1.6195463618417546e-07
15350.056 1.8278054543178674e-07
15400.056 2.055710160944244e-07
15450.056 2.2677305447161789e-07
15500.056 2.3887066628797575e-07
15550.056 2.6928862357599287e-07
15600.056 2.770484179580095e-07
15650.056 2.94999891347018e-07
15700.056 3.333472198460674e-07
15750.056 3.528592753149875e-07
15800.056 3.4772582625204186e-07
15850.056 3.71014456477998e-07
15900.056 3.5205036874001694e-07
15950.056 3.401757380799591e-07
16000.056 2.9425310065300586e-07
16050.056 2.264136030219932e-07
16100.056 1.7846182321498431e-07
16150.056 1.3177572984910863e-07
16200.056 9.554265986607116e-08
16250.056 8.479274187214787e-08
16300.056 7.039874834518184e-08
16350.056 7.845529620180647e-08
16400.056 9.276155566715614e-08
16450.056 9.927820979599291e-08
16500.056 1.0709732658385525e-07
16550.056 1.0400431339861783e-07
16600.056 1.0304265111963922e-07
16650.056 8.166486658812248e-08
16700.056 3.281190239615554e-08
16750.056 4.481112651423407e-08
16800.056 7.170625906272556e-08
16850.056 7.741918832457679e-08
16900.056 6.467433830741298e-08
16950.056 5.289757882707019e-08
17000.056 4.056233887798516e-08
17050.056 6.06013638951103e-08
17100.056 7.456613967766419e-08
17150.056 5.827137051311143e-08
17200.056 8.381689546497746e-08
17250.056 7.297767231854557e-08
17300.056 5.805835306018912e-08
17350.056 5.3076403355601436e-08
17400.056 6.01614484206023e-08
17450.056 6.54762729497597e-08
17500.056 7.42491417396746e-08
17550.056 6.97449414543092e-08
17600.056 6.14322335465516e-08
17650.056 6.095875759229837e-08
17700.056 4.657878339265136e-08
17750.056 4.4039550065403124e-08
17800.056 6.04379599130572e-08
17850.056 4.245315283665422e-08
17900.056 3.9987010604867454e-08
17950.056 3.3949447947327315e-08
18000.056 3.8948071274574556e-08
18050.056 3.7351774072416774e-08
18100.056 3.9904586103684733e-08
18150.056 5.0112568277458885e-08
18200.056 3.201706280083731e-08
18250.056 6.175399263386585e-08
18300.056 4.2286680743826215e-08
18350.056 3.589060404468549e-08
18400.056 3.493134336410805e-08
18450.056 4.1357336187308074e-08
18500.056 4.50283563065702e-08
18550.056 3.627159513032065e-08
18600.056 3.117201135914652e-08
18650.056 3.142099166368545e-08
18700.056 2.985300031376229e-08
18750.056 3.844182268756848e-08
18800.056 6.093631217755044e-08
18850.056 6.967768209380547e-08
18900.056 6.593494473081761e-08
18950.056 9.280153487605324e-08
19000.056 7.127357007415903e-08
19050.056 5.6743553098880537e-08
19100.056 8.605227771367725e-08
19150.056 6.715233823990371e-08
19200.056 8.043552080870778e-08
19250.056 6.390255349147454e-08
19300.056 6.07429482386647e-08
19350.056 5.241711032928102e-08
19400.056 3.875281544521829e-08
19450.056 6.399895405389237e-08
19500.056 6.366670874922376e-08
19550.056 4.671509365477662e-08
19600.056 6.374764119715437e-08
19650.056 7.141898353870381e-08
19700.056 7.267209573560892e-08
19750.056 7.813173679339854e-08
19800.056 8.062781008808646e-08
19850.056 9.959783035152138e-08
19900.056 8.049345509390708e-08
19950.056 1.193880561355054e-07
20000.056 1.0807946786472515e-07
20050.056 1.1973596757966633e-07
20100.056 1.3656620351711182e-07
20150.056 1.3390098818434172e-07
20200.056 1.4626216491679752e-07
20250.056 1.685742418671983e-07
20300.056 1.669962012182786e-07
20350.056 1.8843892724936246e-07
20400.056 1.8403577644761448e-07
20450.056 2.1088215602166703e-07
20500.056 2.2461347630284454e-07
20550.056 2.2366318581801274e-07
20600.056 2.4937092729215314e-07
20650.056 2.491100956550384e-07
20700.056 2.5604037460894643e-07
20750.056 2.6487864108007396e-07
20800.056 2.709947181209847e-07
20850.056 2.639254859729896e-07
20900.056 2.7434965092794e-07
20950.056 2.6574314100499427e-07
21000.056 2.6063066966303216e-07
21050.056 2.5712255945798593e-07
21100.056 2.452138970900157e-07
21150.056 2.480794172379555e-07
21200.056 2.3044636990100577e-07
21250.056 2.209774753775543e-07
21300.056 1.9453763137707607e-07
21350.056 1.9511600897038822e-07
21400.056 1.8302737214175193e-07
21450.056 1.7142774085678153e-07
21500.056 1.5777593633945484e-07
21550.056 1.4551562263751093e-07
21600.056 1.2945045534031155e-07
21650.056 1.1400245085614004e-07
21700.056 1.1324773789720487e-07
21750.056 9.886286982083986e-08
21800.056 8.39085336615713e-08
21850.056 7.516628338148346e-08
21900.056 5.653719811858463e-08
21950.056 3.613109772221109e-08
22000.056 1.5907276647872234e-08
22050.056 1.1661561310941352e-08
22100.056 1.9019351339192626e-08
22150.056 2.5453307133408353e-08
22200.056 2.8967029270542287e-08
22250.056 2.5335601210674866e-08
22300.056 2.0435176876970384e-08
22350.056 1.9992671952557424e-08
22400.056 1.4723964223049545e-08
22450.056 1.3177596136246159e-08
22500.056 1.259048937153364e-08
22550.056 1.0309687928060927e-08
22600.056 1.0620410223715235e-08
22650.056 1.1731796960761824e-08
22700.056 1.0030377594946238e-08
22750.056 1.0506441860195505e-08
22800.056 9.76084202913663e-09
22850.056 8.561709953700588e-09
22900.056 7.5790666332183e-09
22950.056 7.101210477244804e-09
23000.056 9.097165779679496e-09
23050.056 1.1773011740128263e-08
23100.056 2.0817302771741748e-08
23150.056 2.2561780268885166e-08
23200.056 5.914633214502546e-09
23250.056 7.841133640541507e-09
23300.056 7.037496499061645e-09
23350.056 7.121752366558774e-09
23400.056 7.739479423737658e-09
23450.056 7.282265863935129e-09
23500.056 8.04382436743407e-09
23550.056 1.0189001170183815e-08
23600.056 1.1871376800147571e-08
23650.056 1.5560809652282598e-08
23700.056 9.271989917771453e-09
23750.056 7.635238393648178e-09
23800.056 8.973197464037288e-09
23850.056 1.0070020180998488e-08
23900.056 1.530143083807864e-08
23950.056 1.6256648488655936e-08
24000.056 1.857576869155975e-08
24050.056 2.250557582049008e-08
24100.056 2.081409414500023e-08
24150.056 2.4345859274204606e-08
24200.056 2.370191781679405e-08
24250.056 2.0197383006897838e-08
24300.056 2.4994594961733864e-08
24350.056 2.1355039653147295e-08
24400.056 2.8915143639231533e-08
24450.056 2.814137260664075e-08
24500.056 2.8553586002804294e-08
24550.056 3.4435241798183496e-08
24600.056 3.4936203472145414e-08
24650.056 4.360836367147042e-08
24700.056 3.271521840277068e-08
24750.056 3.689159383498831e-08
24800.056 3.7614296895043804e-08
24850.056 4.9741605974506224e-08
24900.056 3.1643212050948584e-08
24950.056 5.124166056670336e-08
25000.056 4.6303190067345236e-08
25050.056 3.396831377803481e-08
25100.056 4.6294247536753205e-08
25150.056 3.252553499701878e-08
25200.056 4.167426143089741e-08
25250.056 2.912671216701296e-08
25300.056 4.103825499291129e-08
25350.056 2.564558755039951e-08
25400.056 4.33246489153166e-08
25450.056 2.569530176809782e-08
25500.056 2.6081648102491223e-08
25550.056 2.909586239512537e-08
25600.056 2.5381528078113475e-08
25650.056 1.8707264574327843e-08
25700.056 3.3274747246460125e-08
25750.056 1.5736110599605863e-08
25800.056 3.424032542462122e-08
25850.056 1.7464788057879614e-08
25900.056 2.3807852585003053e-08
25950.056 1.4336978906122665e-08
26000.056 3.66953931304693e-08
26050.056 2.1863823173521323e-08
26100.056 3.5191732342545744e-08
26150.056 2.736703534015243e-08
26200.056 3.0775825185924524e-08
26250.056 4.819962757607728e-08
26300.056 3.290198717504905e-08
26350.056 5.7631688846789924e-08
26400.056 5.768411421350125e-08
26450.056 5.944654389420584e-08
26500.056 6.630041427572195e-08
26550.056 3.81852230064121e-08
26600.056 5.4852544013542953e-08
26650.056 2.5782465848558316e-08
26700.056 2.4233475142509394e-08
26750.056 1.6907003673501325e-08
26800.056 2.7667902144107802e-08
26850.056 1.6365067860218795e-08
26900.056 3.620428277884223e-08
26950.056 1.9058092396954527e-08
27000.056 4.5676029615210416e-08
27050.056 3.6240646941360654e-08
27100.056 2.7159292263204787e-08
27150.056 5.0337061856391324e-08
27200.056 2.95837274164513e-08
27250.056 3.6334172516243746e-08
27300.056 7.787936116257775e-08
27350.056 5.701554584022577e-08
27400.056 1.9301430385066194e-08
27450.056 7.260205029093268e-08
27500.056 6.985857680569201e-08
27550.056 3.318579113277784e-08
27600.056 6.015335198368234e-08
27650.056 2.9419070178214898e-08
27700.056 2.42526467070503e-08
27750.056 6.295383422444183e-08
27800.056 2.8945438400697124e-08
27850.056 3.641594572784142e-08
27900.056 3.9410318137173064e-08
27950.056 6.644941483568433e-08
28000.056 5.314762747895689e-08
28050.056 2.100026987767993e-08
28100.056 6.873537752906156e-08
28150.056 4.343189195014336e-08
28200.056 2.36940106711117e-08
28250.056 6.693683375524643e-08
28300.056 8.274352530432678e-08
28350.056 3.1437301062786534e-08
28400.056 5.253758791708571e-08
28450.056 6.961254282201811e-08
28500.056 5.4797792577811544e-08
28550.056 2.3335805740974786e-08
28600.056 7.750413959988577e-08
28650.056 6.549171679367624e-08
28700.056 5.881676643190808e-08
28750.056 8.389208280277992e-08
28800.056 6.757824078159381e-08
28850.056 8.06287117436624e-08
