galfind/configs/Brown_Dwarf_templates/sonora_bobcat/m0.0/178g/sp_t1000g178nc_m0.0_resample.dat
# %ECSV 1.0
# ---
# datatype:
# - {name: wav, unit: Angstrom, datatype: float64}
# - {name: flux_nu, unit: erg / (cm2 Hz s), datatype: float64}
# meta: {C/O: '1.00', Kzz: '1.0000E+05', Teff: '1000.', Y: '0.28', '[Fe/H]': '0.00', f_hole: '1.00', f_rain: '0.00', grav: '178.'}
# schema: astropy-2.0
wav flux_nu
[from data line 499]
28950.056 1.269045022729737e-07
29000.056 1.018022283637868e-07
29050.056 1.1179063605527725e-07
29100.056 8.026659777847232e-08
29150.056 1.3895204530893067e-07
29200.056 9.966273060848517e-08
29250.056 1.3684270553908366e-07
29300.056 8.348131441193567e-08
29350.056 1.9665437259059204e-07
29400.056 1.1380193069988957e-07
29450.056 1.2467277782162384e-07
29500.056 1.36196644399364e-07
29550.056 1.2338319346651814e-07
29600.056 1.4349780937373738e-07
29650.056 1.4239609195198712e-07
29700.056 1.1063445650092203e-07
29750.056 1.485500261747486e-07
29800.056 1.5541106786689012e-07
29850.056 1.6039156841685585e-07
29900.056 1.50471600670195e-07
29950.056 1.5691451810104116e-07
30000.056 9.82425394585771e-08
30050.056 1.0884519082770462e-07
30100.056 1.048181587236716e-07
30150.056 1.6409915007998567e-07
30200.056 1.2715806263600228e-07
30250.056 1.7794085797853654e-07
30300.056 1.520409792990093e-07
30350.056 1.3305618505900652e-07
30400.056 1.6119127353890146e-07
30450.056 1.1938593075752054e-07
30500.056 1.0055190302490369e-07
30550.056 1.0739712014340104e-07
30600.056 1.234015318959955e-07
30650.056 1.021833579690806e-07
30700.056 9.78768973983837e-08
30750.056 9.732819204908485e-08
30800.056 8.579533697041902e-08
30850.056 7.779885284046908e-08
30900.056 7.365104162198559e-08
30950.056 6.653233837111728e-08
31000.056 6.081183596300444e-08
31050.056 6.483892532200328e-08
31100.056 4.9217402352895875e-08
31150.056 5.803583759769679e-08
31200.056 6.37177461950122e-08
31250.056 4.6718574677292514e-08
31300.056 4.589174184032242e-08
31350.056 4.551499261808174e-08
31400.056 3.610668682519211e-08
31450.056 3.965137195199207e-08
31500.056 3.178327985901163e-08
31550.056 3.537701776895637e-08
31600.056 2.8551933715750912e-08
31650.056 2.6461281796714275e-08
31700.056 2.7093743088595704e-08
31750.056 2.2383220395168385e-08
31800.056 2.8541810768796012e-08
31850.056 2.2666360663554088e-08
31900.056 2.715465076909984e-08
31950.056 1.7815882199031267e-08
32000.056 2.3400354513847338e-08
32050.056 2.452435130030102e-08
32100.056 2.3691309974553714e-08
32150.056 2.5624916679797167e-08
32200.056 2.1792277308651153e-08
32250.056 2.908431881900497e-08
32300.056 2.0959800192136728e-08
32350.056 3.063006575609681e-08
32400.056 2.1089174020095364e-08
32450.056 2.844817969099039e-08
32500.056 2.6639366857305146e-08
32550.056 2.5961800363896812e-08
32600.056 3.020269174416087e-08
32650.056 4.047297277249279e-08
32700.056 3.560110416130732e-08
32750.056 4.1570490153005244e-08
32800.056 3.9396247501795295e-08
32850.056 4.359922969419456e-08
32900.056 4.863515626743454e-08
32950.056 5.000290592369597e-08
33000.056 4.2067739870287055e-08
33050.056 3.938298263041817e-08
33100.056 2.2188290628795302e-08
33150.056 8.007993937040694e-09
33200.056 7.092116642757743e-09
33250.056 4.487527446298668e-09
33300.056 5.306036430901295e-09
33350.056 8.480811452400427e-09
33400.056 1.186887786029605e-08
33450.056 1.6410547330578968e-08
33500.056 2.4658379915811463e-08
33550.056 2.3279993753928576e-08
33600.056 3.429896034909597e-08
33650.056 3.5965536206897476e-08
33700.056 3.089516886922386e-08
33750.056 4.3377251453207204e-08
33800.056 3.5617053982095554e-08
33850.056 4.162115590859521e-08
33900.056 3.386870289789869e-08
33950.056 3.480911367929414e-08
34000.056 4.333512618941286e-08
34050.056 2.6731770742461767e-08
34100.056 4.2943790775599175e-08
34150.056 3.456959734799691e-08
34200.056 3.54503292268853e-08
34250.056 3.678434191648216e-08
34300.056 3.247457758923402e-08
34350.056 2.995707295020013e-08
34400.056 2.7278296874896195e-08
34450.056 3.667647811388948e-08
34500.056 3.395051248490258e-08
34550.056 2.770612469380164e-08
34600.056 4.312512524899851e-08
34650.056 3.158448731220015e-08
34700.056 3.720898206199745e-08
34750.056 3.7335033491988424e-08
34800.056 3.3639776509691776e-08
34850.056 3.779721761420961e-08
34900.056 4.033176327368553e-08
34950.056 4.16779638059914e-08
35000.056 5.798147733251319e-08
35050.056 3.8584657421798556e-08
35100.056 4.802705418390271e-08
35150.056 4.74795342230084e-08
35200.056 4.986761423499695e-08
35250.056 6.231032728238238e-08
35300.056 5.027808912291056e-08
35350.056 5.015258503738424e-08
35400.056 5.6076794171004676e-08
35450.056 4.0176218482720714e-08
35500.056 7.124767727939911e-08
35550.056 6.669540491499019e-08
35600.056 5.924682258952502e-08
35650.056 6.656669667710068e-08
35700.056 6.043320152949134e-08
35750.056 7.398121230399007e-08
35800.056 9.478925751100147e-08
35850.056 6.186397224669391e-08
35900.056 8.176459793350414e-08
35950.056 7.770759577998547e-08
36000.056 7.800322111301301e-08
36050.056 7.552591896397934e-08
36100.056 7.860796736255469e-08
36150.056 8.326897871598393e-08
36200.056 9.065397755898041e-08
36250.056 8.461189835157651e-08
36300.056 9.943635607750666e-08
36350.056 9.534980957300577e-08
36400.056 9.594047067759087e-08
36450.056 1.1100949357020264e-07
36500.056 1.1477458149199605e-07
36550.056 1.204390975575337e-07
36600.056 1.3734374461799705e-07
36650.056 1.3221100030967508e-07
36700.056 1.3954155267877817e-07
36750.056 1.5118751456905966e-07
36800.056 1.5116412324799818e-07
36850.056 1.4380582748276772e-07
36900.056 1.529831210003841e-07
36950.056 1.72406986348978e-07
37000.056 1.6459691778798924e-07
37050.056 1.6643291860999267e-07
37100.056 1.7916241338649215e-07
37150.056 1.5919812762700436e-07
37200.056 1.856801011489898e-07
37250.056 1.848690734539659e-07
37300.056 1.6652238539233198e-07
37350.056 1.7446264306803103e-07
37400.056 2.35722578725994e-07
37450.056 1.9275041191400094e-07
37500.056 1.910416202816792e-07
37550.056 2.2626456873110764e-07
37600.056 2.470886833000174e-07
37650.056 1.9277987433400558e-07
37700.056 2.56751791845025e-07
37750.056 2.0723485965500714e-07
37800.056 2.2115652727311937e-07
37850.056 1.8128470060300955e-07
37900.056 1.9857492358507417e-07
37950.056 2.2448354263495577e-07
38000.056 2.646574867089987e-07
38050.056 2.61590480659053e-07
38100.056 2.559200742520402e-07
38150.056 2.874508359459858e-07
38200.056 2.988491958460585e-07
38250.056 2.8197245708301235e-07
38300.056 3.433636922919544e-07
38350.056 3.526802859240403e-07
38400.056 2.6163847717592375e-07
38450.056 2.7892794491894115e-07
38500.056 2.207828961920476e-07
38550.056 3.028208756800576e-07
38600.056 3.0466347673899356e-07
38650.056 3.0815518411696474e-07
38700.056 3.281507879899898e-07
38750.056 3.4559547465000246e-07
38800.056 3.0088763771485266e-07
38850.056 3.1342614782203184e-07
38900.056 3.768112780980192e-07
38950.056 3.2981496189897757e-07
39000.056 3.626204626399848e-07
39050.056 3.4102514649999037e-07
39100.056 3.5439633511203206e-07
39150.056 3.662512277399973e-07
39200.056 3.6656772477097694e-07
39250.056 4.061762638959411e-07
39300.056 3.6228981748088106e-07
39350.056 4.316817631360286e-07
39400.056 3.9834727171906736e-07
39450.056 4.058808018979874e-07
39500.056 3.948661709700447e-07
39550.056 4.054926979960682e-07
39600.056 4.331663454398827e-07
39650.056 4.6162469514998964e-07
39700.056 4.437182285000329e-07
39750.056 3.9129830369208754e-07
39800.056 4.3667821822990535e-07
39850.056 4.990968790199983e-07
39900.056 4.86430009580017e-07
39950.056 4.6860930503191073e-07
40000.056 5.394221684000802e-07
40050.056 4.956681866080209e-07
40100.056 4.4948326364801584e-07
40150.056 5.190541742339668e-07
40200.056 5.311283708798593e-07
40250.056 5.05243242629874e-07
40300.056 5.084764073700661e-07
40350.056 5.206986309349871e-07
40400.056 5.737941576359968e-07
40450.056 5.343412416280792e-07
40500.056 5.587943721700226e-07
40550.056 5.797225553359263e-07
40600.056 5.49573442950061e-07
40650.056 5.334119794298993e-07
40700.056 6.54028752949984e-07
40750.056 5.576844890198891e-07
40800.056 4.8933742944982e-07
40850.056 6.363826731801262e-07
40900.056 6.037616159800267e-07
40950.056 5.681293111760209e-07
41000.056 5.883661710300097e-07
41050.056 6.635786009299428e-07
41100.056 5.765763582899789e-07
41150.056 4.948803079419476e-07
41200.056 6.377687940299721e-07
41250.056 5.786960269339743e-07
41300.056 5.303573531498822e-07
41350.056 6.663771068800668e-07
41400.056 6.135935663400779e-07
41450.056 6.3484628945009e-07
41500.056 5.517459143289882e-07
41550.056 5.537871460270797e-07
41600.056 6.408835251090613e-07
41650.056 6.274003230500514e-07
41700.056 5.76947811709854e-07
41750.056 5.962647540199756e-07
41800.056 6.729716181999662e-07
41850.056 4.865800560270181e-07
41900.056 5.819863112859095e-07
41950.056 5.704764746501057e-07
42000.056 5.665059277000181e-07
42050.056 5.003319279039662e-07
42100.056 6.537537878900591e-07
42150.056 4.915365532899745e-07
42200.056 4.899498924389893e-07
42250.056 5.135328149649125e-07
42300.056 4.847201635159963e-07
42350.056 5.727764917900937e-07
42400.056 5.271849727801124e-07
42450.056 4.801056490100238e-07
42500.056 4.82992845104999e-07
42550.056 4.7066985604594574e-07
42600.056 4.899863055930978e-07
42650.056 5.580802941798235e-07
42700.056 5.063485570620027e-07
42750.056 4.6868118716999766e-07
42800.056 4.999868982380777e-07
42850.056 5.639496153798378e-07
42900.056 5.798703596901076e-07
42950.056 4.821221205298299e-07
43000.056 5.372691021220163e-07
43050.056 4.017346139431746e-07
43100.056 4.958092449899492e-07
43150.056 4.7521912087506103e-07
43200.056 5.2469080143002e-07
43250.056 5.906621628300078e-07
43300.056 5.936941216700177e-07
43350.056 4.4470243015588914e-07
43400.056 5.071621887339628e-07
43450.056 4.6620845607208346e-07
43500.056 4.623912203199817e-07
43550.056 4.7485031020207253e-07
43600.056 5.781104919320437e-07
43650.056 4.619086408800054e-07
43700.056 5.54179914970027e-07
43750.056 5.29940466324094e-07
43800.056 4.982434831959421e-07
43850.056 4.636933994300946e-07
43900.056 5.044950577599366e-07
43950.056 3.9722778001896667e-07
44000.056 3.7362844939800816e-07
44050.056 5.045925654700207e-07
44100.056 5.74649124860042e-07
44150.056 5.539582085639341e-07
44200.056 5.109778132200045e-07
44250.056 4.3358058258100816e-07
44300.056 4.0055594446507205e-07
44350.056 4.2461443364109296e-07
44400.056 4.3237516401598784e-07
44450.056 4.7585125163997744e-07
44500.056 4.863194165601134e-07
44550.056 5.34272547369929e-07
44600.056 4.668289334410555e-07
44650.056 5.03715677462074e-07
44700.056 4.021168579600048e-07
44750.056 4.813556732370223e-07
44800.056 4.546565732580369e-07
44850.056 4.919353750800792e-07
44900.056 4.2135368384804464e-07
44950.056 4.498848139980231e-07
45000.056 4.733449771599711e-07
45050.056 4.708430574289901e-07
45100.056 4.776275616599975e-07
45150.056 4.645340262859687e-07
45200.056 4.018919890540291e-07
45250.056 4.3538824909989556e-07
45300.056 4.1726324989005004e-07
45350.056 4.2181108669395626e-07
45400.056 4.985479134800431e-07
45450.056 4.574809710299553e-07
45500.056 4.6595428517799497e-07
45550.056 5.17812444929898e-07
45600.056 5.027946860600304e-07
45650.056 4.2145826392493225e-07
45700.056 4.305666897010455e-07
45750.056 4.058931084959933e-07
45800.056 4.882677698800022e-07
45850.056 5.295179422899954e-07
45900.056 5.407570267400146e-07
45950.056 4.527225461409969e-07
46000.056 5.234938129550258e-07
46050.056 4.797906390630376e-07
46100.056 4.993666345599813e-07
46150.056 4.4939502358497465e-07
46200.056 4.513988195100631e-07
46250.056 3.5786384550495247e-07
46300.056 4.917995841839859e-07
46350.056 4.5589127056001704e-07
46400.056 4.5938427800000496e-07
46450.056 4.4693201951804997e-07
46500.056 4.392923902570671e-07
46550.056 4.2491062298199403e-07
46600.056 4.633629294479979e-07
46650.056 5.994693190699626e-07
46700.056 4.983204729900379e-07
46750.056 3.8476350300000806e-07
46800.056 3.4747091787003425e-07
46850.056 5.699996118500945e-07
46900.056 5.209180114599402e-07
46950.056 5.413293438499968e-07
47000.056 4.7411268482003165e-07
47050.056 5.002619108558454e-07
47100.056 3.708200275040568e-07
47150.056 4.3505032137005193e-07
47200.056 5.078382951700373e-07
47250.056 4.141510160299708e-07
47300.056 3.520418035719842e-07
47350.056 4.936832245099585e-07
47400.056 5.10905539369943e-07
47450.056 4.7213181330503175e-07
47500.056 5.327628869399371e-07
47550.056 4.732320241499924e-07
47600.056 4.89819278279956e-07
47650.056 4.1596236401191434e-07
47700.056 4.804916864591125e-07
47750.056 3.460068864490182e-07
47800.056 4.1686553471200314e-07
47850.056 3.203300748989945e-07
47900.056 4.006685272079528e-07
47950.056 4.1562591768003107e-07
48000.056 5.615690291100556e-07
48050.056 4.919879767400215e-07
48100.056 3.8159623393001356e-07
48150.056 4.3294882058004e-07
48200.056 4.346324186580094e-07
48250.056 4.106144157600075e-07
48300.056 5.330456637398663e-07
48350.056 3.6364330775002107e-07
48400.056 3.072671743269612e-07
48450.056 4.047477266580885e-07
48500.056 5.099999404699458e-07
48550.056 3.9657091658200306e-07
48600.056 4.638931962000034e-07
48650.056 4.442628211899757e-07
48700.056 4.4893800140200374e-07
48750.056 3.133096443901222e-07
48800.056 5.468512290820041e-07
48850.056 3.621902952039227e-07
48900.056 5.169593498400044e-07
48950.056 4.106930382300399e-07
49000.056 2.9198153096294775e-07
49050.056 4.647854311799659e-07
49100.056 4.599522478370752e-07
49150.056 4.3143918813101786e-07
49200.056 4.834016983400385e-07
49250.056 4.825273361100578e-07
49300.056 4.2185413492798775e-07
49350.056 3.2268395814004587e-07
49400.056 4.1491852306996614e-07
49450.056 4.1156851139112866e-07
49500.056 3.5988324078897203e-07
49550.056 2.490828771930212e-07
49600.056 3.516370178660736e-07
49650.056 3.8926878791997925e-07
49700.056 3.647789772889086e-07
49750.056 4.685949053999058e-07
49800.056 3.780890537260197e-07
49850.056 5.144558895000988e-07
49900.056 4.178608911379857e-07
49950.056 4.0751148583997067e-07
50000.056 3.947495882999703e-07
50050.056 4.511082047499902e-07
50100.056 4.0227957212701334e-07
50150.056 2.95364284949978e-07
50200.056 1.862032534180224e-07
50250.056 3.9037695581996055e-07
50300.056 3.315301570200177e-07
50350.056 4.7053053528403646e-07
50400.056 4.015985885999699e-07
50450.056 3.408723652510428e-07
50500.056 4.355408566100525e-07
50550.056 3.9246054896002273e-07
50600.056 3.585999433889281e-07
50650.056 4.3158328155008627e-07
50700.056 4.696891721598582e-07
50750.056 4.0480696513606503e-07
50800.056 2.6489969017496856e-07
50850.056 2.7153993528807504e-07
50900.056 4.641841776999924e-07
50950.056 3.779719267800599e-07
51000.056 4.277783466980347e-07
51050.056 3.785154447599997e-07
51100.056 2.4688802376496634e-07
51150.056 3.358214456899714e-07
51200.056 4.901884182999684e-07
51250.056 3.62177468451935e-07
51300.056 2.9892707475712963e-07
51350.056 3.325730098599791e-07
51400.056 2.2391716536998968e-07
51450.056 1.9335823632595314e-07
51500.056 2.221234050530652e-07
51550.056 4.1285309480603274e-07
51600.056 2.987674790810366e-07
51650.056 3.081782025899446e-07
51700.056 3.365771288829386e-07
51750.056 2.563420753000194e-07
51800.056 3.6751055209990275e-07
51850.056 3.427374098639847e-07
51900.056 4.6030165382608574e-07
51950.056 3.6590203333996496e-07
52000.056 1.7810341857597615e-07
52050.056 3.001870138900239e-07
52100.056 2.3533653171997904e-07
52150.056 2.163305599010127e-07
52200.056 2.293229986899909e-07
52250.056 2.8313199168203007e-07
52300.056 4.0611542632996636e-07
52350.056 3.1045592404141353e-07
52400.056 2.209132409790205e-07
52450.056 3.44312668260022e-07
52500.056 3.5336782593491594e-07
52550.056 3.587238033199236e-07
52600.056 3.056953930520502e-07
52650.056 3.192371495930625e-07
52700.056 2.846441385860009e-07
52750.056 2.0685310267998935e-07
52800.056 2.523989924140297e-07
52850.056 2.633607107809259e-07
52900.056 2.528609504929973e-07
52950.056 2.668984797999949e-07
53000.056 3.4956104585100097e-07
53050.056 2.1043013787092606e-07
53100.056 2.707912800109502e-07
53150.056 3.92400948810032e-07
53200.056 2.0099502314398913e-07
53250.056 3.5609345898002803e-07
53300.056 3.542377609191849e-07
53350.056 3.4679517853998037e-07
53400.056 3.4009135179002043e-07
53450.056 2.0949407616099578e-07
53500.056 1.4005233732295957e-07
53550.056 2.1185717727396716e-07
53600.056 2.965811266210458e-07
53650.056 2.2903857505697417e-07
