galfind/configs/Brown_Dwarf_templates/sonora_bobcat/m0.0/178g/sp_t1300g178nc_m0.0_resample.dat
# %ECSV 1.0
# ---
# datatype:
# - {name: wav, unit: Angstrom, datatype: float64}
# - {name: flux_nu, unit: erg / (cm2 Hz s), datatype: float64}
# meta: {C/O: '1.00', Kzz: '1.0000E+05', Teff: '1300.', Y: '0.28', '[Fe/H]': '0.00', f_hole: '1.00', f_rain: '0.00', grav: '178.'}
# schema: astropy-2.0
wav flux_nu
[from data line 497]
28850.056 4.1504828730605003e-07
28900.056 2.9198120932099345e-07
28950.056 4.580532536939946e-07
29000.056 3.798713962579123e-07
29050.056 4.0400151331196615e-07
29100.056 3.199280987940631e-07
29150.056 4.501748010610959e-07
29200.056 3.7213475730805295e-07
29250.056 4.509151950300013e-07
29300.056 3.415145438908546e-07
29350.056 5.502696719128883e-07
29400.056 4.0671737134692995e-07
29450.056 4.293384572389796e-07
29500.056 4.409462214589425e-07
29550.056 4.2711695622500567e-07
29600.056 4.733573344258644e-07
29650.056 4.4596589681294893e-07
29700.056 3.933681917678823e-07
29750.056 4.824625633941611e-07
29800.056 5.014481318129348e-07
29850.056 4.831691920199287e-07
29900.056 4.52758948038193e-07
29950.056 5.100055152269033e-07
30000.056 4.929468419249308e-07
30050.056 4.5725992039997513e-07
30100.056 4.123956775408664e-07
30150.056 5.545172430799749e-07
30200.056 4.673580175180058e-07
30250.056 5.206201879801029e-07
30300.056 4.655515847699826e-07
30350.056 4.4374746103803415e-07
30400.056 5.03331961430019e-07
30450.056 4.10935281709067e-07
30500.056 3.537190032320407e-07
30550.056 3.8882750923804245e-07
30600.056 4.0235272406100255e-07
30650.056 3.714279674899407e-07
30700.056 3.5522211995997773e-07
30750.056 3.356357229939732e-07
30800.056 3.1915902842906457e-07
30850.056 2.8458305669093287e-07
30900.056 2.941402635729499e-07
30950.056 2.598389808810515e-07
31000.056 2.453478214740014e-07
31050.056 2.6560806765001476e-07
31100.056 2.1875531928798307e-07
31150.056 2.3390105494298554e-07
31200.056 2.496935967760216e-07
31250.056 2.0566105542997663e-07
31300.056 2.072270077249786e-07
31350.056 1.943382185050037e-07
31400.056 1.768182364410177e-07
31450.056 1.780702686649767e-07
31500.056 1.6595389220196456e-07
31550.056 1.714672502079978e-07
31600.056 1.537149167159926e-07
31650.056 1.469411935680007e-07
31700.056 1.4919124322197953e-07
31750.056 1.3512467514804362e-07
31800.056 1.5522899532997482e-07
31850.056 1.39751905085018e-07
31900.056 1.571931790429994e-07
31950.056 1.229630479670132e-07
32000.056 1.4277674795097778e-07
32050.056 1.4934939736300765e-07
32100.056 1.4957084730401747e-07
32150.056 1.5513232151798192e-07
32200.056 1.4103067082599679e-07
32250.056 1.6886878526701574e-07
32300.056 1.4143646921899473e-07
32350.056 1.7603555744898592e-07
32400.056 1.4077432958999375e-07
32450.056 1.740337746969414e-07
32500.056 1.727115565470267e-07
32550.056 1.7041138873399167e-07
32600.056 1.7891432872999616e-07
32650.056 2.1614170256798332e-07
32700.056 2.0394211735502845e-07
32750.056 2.1557022101100642e-07
32800.056 2.100065548860177e-07
32850.056 2.203600255049661e-07
32900.056 2.4091579918999057e-07
32950.056 2.3628661333898047e-07
33000.056 2.1747505277095082e-07
33050.056 1.9800079093604857e-07
33100.056 1.5595827471498897e-07
33150.056 1.0781232152600665e-07
33200.056 8.44375648039826e-08
33250.056 6.435831774998302e-08
33300.056 6.255453764300986e-08
33350.056 7.502969947400136e-08
33400.056 8.744306591898568e-08
33450.056 1.0122152716899714e-07
33500.056 1.2540864765702286e-07
33550.056 1.348184733200267e-07
33600.056 1.6370789396599066e-07
33650.056 1.806446178320056e-07
33700.056 1.7173601983897633e-07
33750.056 2.112388852820007e-07
33800.056 2.0515535478098907e-07
33850.056 2.242967217929766e-07
33900.056 2.004724766629921e-07
33950.056 1.984554162909872e-07
34000.056 2.2023907689701364e-07
34050.056 1.8450729576495687e-07
34100.056 2.2533249772397131e-07
34150.056 2.0529292172897875e-07
34200.056 1.86112523572946e-07
34250.056 2.0576262807493495e-07
34300.056 1.8482149259290403e-07
34350.056 1.71256185743997e-07
34400.056 1.6914595546399855e-07
34450.056 1.9742697903698086e-07
34500.056 1.920519712589953e-07
34550.056 1.8129235399799787e-07
34600.056 2.1545219521100004e-07
34650.056 1.9947279997597848e-07
34700.056 1.9750411237798358e-07
34750.056 2.1043703149598017e-07
34800.056 2.0054700176896746e-07
34850.056 1.937965088280191e-07
34900.056 2.2015336236897487e-07
34950.056 2.0948768103196216e-07
35000.056 2.548441510550352e-07
35050.056 2.0673946371397463e-07
35100.056 2.2468567399599469e-07
35150.056 2.3161058291600341e-07
35200.056 2.402939670360104e-07
35250.056 2.6211827800996213e-07
35300.056 2.4109139315703194e-07
35350.056 2.3035939533995544e-07
35400.056 2.4657218955005067e-07
35450.056 2.0036374063907282e-07
35500.056 2.7630271185001984e-07
35550.056 2.756022700479765e-07
35600.056 2.544082270490574e-07
35650.056 2.81390705450004e-07
35700.056 2.5823539587500037e-07
35750.056 2.8390555874795533e-07
35800.056 3.5146288705001437e-07
35850.056 2.7576930748998285e-07
35900.056 3.34384520199979e-07
35950.056 3.2011715806098515e-07
36000.056 3.241112363100342e-07
36050.056 3.3124162947998014e-07
36100.056 3.405021149198188e-07
36150.056 3.4467024003799673e-07
36200.056 3.776679524499687e-07
36250.056 3.610026401599442e-07
36300.056 3.899462529100247e-07
36350.056 3.8398200125997107e-07
36400.056 3.864998983600044e-07
36450.056 4.28136877010001e-07
36500.056 4.2993086242796275e-07
36550.056 4.545864411601161e-07
36600.056 4.796893140200198e-07
36650.056 4.805814884819112e-07
36700.056 5.131583043839763e-07
36750.056 5.32435169730104e-07
36800.056 5.442040985999787e-07
36850.056 5.502646166699262e-07
36900.056 5.437927409400031e-07
36950.056 6.187653310199546e-07
37000.056 6.167533303599748e-07
37050.056 6.133204303799848e-07
37100.056 6.613320779400178e-07
37150.056 6.211767305100439e-07
37200.056 6.784849326600164e-07
37250.056 6.935467424299246e-07
37300.056 6.483005788798714e-07
37350.056 6.506618697901156e-07
37400.056 7.913182475199674e-07
37450.056 7.232906796600739e-07
37500.056 7.291113110099201e-07
37550.056 8.048705341701178e-07
37600.056 8.505327287900115e-07
37650.056 7.641022194900068e-07
37700.056 8.866491072800798e-07
37750.056 8.119964295300285e-07
37800.056 8.517445121902653e-07
37850.056 7.887188047099993e-07
37900.056 8.221521842802052e-07
37950.056 8.351233032999205e-07
38000.056 9.479553196600353e-07
38050.056 9.364718560501046e-07
38100.056 8.862772461601239e-07
38150.056 1.0141709582699598e-06
38200.056 1.0326848477300883e-06
38250.056 9.542734653300749e-07
38300.056 1.0507162907199293e-06
38350.056 1.0968016120600224e-06
38400.056 9.857541266898456e-07
38450.056 1.0846586326699817e-06
38500.056 9.739707262101622e-07
38550.056 1.1104104863200746e-06
38600.056 1.1605333288299253e-06
38650.056 1.0986139692399682e-06
38700.056 1.153756163460067e-06
38750.056 1.1872083177800172e-06
38800.056 1.12007403597982e-06
38850.056 1.1157670278200316e-06
38900.056 1.1613827175600223e-06
38950.056 1.2041555408199632e-06
39000.056 1.2030298880700113e-06
39050.056 1.2230839836598908e-06
39100.056 1.1490561014501595e-06
39150.056 1.219196861220022e-06
39200.056 1.251827825529989e-06
39250.056 1.2788661114497852e-06
39300.056 1.2139440557997348e-06
39350.056 1.2965717634701126e-06
39400.056 1.2790191056100783e-06
39450.056 1.2767891672099466e-06
39500.056 1.2124210234999925e-06
39550.056 1.2533245748800117e-06
39600.056 1.3390023389997638e-06
39650.056 1.2807439998999983e-06
39700.056 1.2888476011799888e-06
39750.056 1.2317133700700249e-06
39800.056 1.2468136278998923e-06
39850.056 1.326531832929945e-06
39900.056 1.2947727669600758e-06
39950.056 1.3332758406398197e-06
40000.056 1.2876888399700707e-06
40050.056 1.273552579970054e-06
40100.056 1.3088647827599957e-06
40150.056 1.2842361820898743e-06
40200.056 1.3070437663398174e-06
40250.056 1.2215255304897142e-06
40300.056 1.2210308740300949e-06
40350.056 1.303676864390096e-06
40400.056 1.3019968662200546e-06
40450.056 1.2946249185001258e-06
40500.056 1.2126082372001335e-06
40550.056 1.3445496193099153e-06
40600.056 1.1818366293801362e-06
40650.056 1.2354018919299014e-06
40700.056 1.361622318419994e-06
40750.056 1.2068610750196617e-06
40800.056 1.1295144883598723e-06
40850.056 1.2163500347602253e-06
40900.056 1.179481997900013e-06
40950.056 1.20683884224998e-06
41000.056 1.2179026160899854e-06
41050.056 1.256093999309882e-06
41100.056 1.1561633078999567e-06
41150.056 1.1381574447599518e-06
41200.056 1.2016511660199984e-06
41250.056 1.174663223760027e-06
41300.056 1.05171832370978e-06
41350.056 1.243472583640064e-06
41400.056 1.1607850067601418e-06
41450.056 1.1799558505902078e-06
41500.056 1.1335398818699845e-06
41550.056 1.1381569746400295e-06
41600.056 1.187955465230049e-06
41650.056 1.1398135671701493e-06
41700.056 1.0745956189098369e-06
41750.056 1.09883301223993e-06
41800.056 1.1589080017498736e-06
41850.056 9.180301409101073e-07
41900.056 1.0881887494399197e-06
41950.056 1.0171393171802418e-06
42000.056 1.0081788207801338e-06
42050.056 8.972560741698399e-07
42100.056 1.0657055685601119e-06
42150.056 8.111547332298087e-07
42200.056 8.523638734600261e-07
42250.056 9.02619180409959e-07
42300.056 7.912341701800377e-07
42350.056 9.412267711901704e-07
42400.056 8.126126628701765e-07
42450.056 7.526050201600498e-07
42500.056 7.804532289600714e-07
42550.056 7.794405559099438e-07
42600.056 7.75422103400187e-07
42650.056 7.567969893997212e-07
42700.056 7.956696229201847e-07
42750.056 7.464620817899432e-07
42800.056 7.384634956102051e-07
42850.056 8.278677722497863e-07
42900.056 8.112208263800643e-07
42950.056 7.453430522597027e-07
43000.056 7.727592002499919e-07
43050.056 6.802163712902994e-07
43100.056 7.62989699640045e-07
43150.056 7.508341953200942e-07
43200.056 7.72636099160078e-07
43250.056 7.717524681398686e-07
43300.056 8.081299179900363e-07
43350.056 7.080514704299258e-07
43400.056 7.421239749099763e-07
43450.056 7.273271740801258e-07
43500.056 7.166739681299363e-07
43550.056 7.467413742700708e-07
43600.056 7.985564341900352e-07
43650.056 7.074808347600361e-07
43700.056 7.322190479898703e-07
43750.056 7.371860412901458e-07
43800.056 6.936538961600153e-07
43850.056 6.999117069501272e-07
43900.056 7.303904916799208e-07
43950.056 6.53015392100018e-07
44000.056 6.277870167200554e-07
44050.056 6.753300476200495e-07
44100.056 7.186228283800673e-07
44150.056 7.169231391798964e-07
44200.056 6.854059481500028e-07
44250.056 6.591880665200126e-07
44300.056 6.383317461600735e-07
44350.056 6.346974253200532e-07
44400.056 6.618609747399729e-07
44450.056 6.709170954899978e-07
44500.056 6.82025234740083e-07
44550.056 6.630559866698989e-07
44600.056 6.3463289247007e-07
44650.056 6.798133705400661e-07
44700.056 6.124653797700212e-07
44750.056 6.604879123399526e-07
44800.056 6.559505636999892e-07
44850.056 6.484374740300816e-07
44900.056 6.011136535900517e-07
44950.056 6.013577683680351e-07
45000.056 6.337984293399625e-07
45050.056 6.381878512599695e-07
45100.056 6.571083782699926e-07
45150.056 6.143229104699852e-07
45200.056 5.703755961400287e-07
45250.056 5.931656794399253e-07
45300.056 6.179804813500307e-07
45350.056 6.300145082999478e-07
45400.056 6.22126621506057e-07
45450.056 5.798353973899098e-07
45500.056 6.031744637999657e-07
45550.056 6.496509068799412e-07
45600.056 6.131672394200026e-07
45650.056 5.532909555999032e-07
45700.056 6.320317613400634e-07
45750.056 5.742109491800121e-07
45800.056 5.897910602999792e-07
45850.056 6.791387136399749e-07
45900.056 6.704935990700209e-07
45950.056 5.828220429300073e-07
46000.056 6.673826557540275e-07
46050.056 6.564952465501045e-07
46100.056 5.877908373700285e-07
46150.056 6.212789715999713e-07
46200.056 6.425051676301209e-07
46250.056 5.511066253799761e-07
46300.056 6.832044494099847e-07
46350.056 6.077544246999667e-07
46400.056 6.24075319879968e-07
46450.056 6.452654589200586e-07
46500.056 5.836433998999942e-07
46550.056 6.890857921499855e-07
46600.056 6.590179597500208e-07
46650.056 8.144265074098771e-07
46700.056 7.477483017702137e-07
46750.056 6.056032543199914e-07
46800.056 6.347929560900672e-07
46850.056 7.295520163000919e-07
46900.056 6.865161624499009e-07
46950.056 7.484960071900096e-07
47000.056 6.376376883900019e-07
47050.056 7.458062958398695e-07
47100.056 5.772932169200634e-07
47150.056 6.365160311900529e-07
47200.056 6.981223855100888e-07
47250.056 6.189169491799706e-07
47300.056 6.147166840199077e-07
47350.056 6.041360964499301e-07
47400.056 7.044681337399104e-07
47450.056 6.148683939599893e-07
47500.056 7.108835263299227e-07
47550.056 6.229797086919574e-07
47600.056 6.939277885099474e-07
47650.056 5.451705592298896e-07
47700.056 7.068227630200856e-07
47750.056 5.102662763500743e-07
47800.056 6.848885030199487e-07
47850.056 5.340934408499311e-07
47900.056 6.636008821299996e-07
47950.056 5.515621400700519e-07
48000.056 7.593825968400215e-07
48050.056 6.19706001080057e-07
48100.056 6.446875099299986e-07
48150.056 6.083967246500751e-07
48200.056 6.871840026900539e-07
48250.056 5.921037005300164e-07
48300.056 7.453645021698485e-07
48350.056 5.437065543599947e-07
48400.056 6.299129297699708e-07
48450.056 5.833850295500549e-07
48500.056 7.590284927499972e-07
48550.056 5.527087736000014e-07
48600.056 7.000142947299706e-07
48650.056 5.874155741399736e-07
48700.056 6.923775924600354e-07
48750.056 5.128836301000713e-07
48800.056 7.734245816200172e-07
48850.056 5.541819906798865e-07
48900.056 7.327581536700482e-07
48950.056 6.530868341500287e-07
49000.056 5.848324142899051e-07
49050.056 6.972613645599894e-07
49100.056 6.342267736600548e-07
49150.056 6.676819459699799e-07
49200.056 6.424245673999947e-07
49250.056 6.831513097700405e-07
49300.056 5.95486641419965e-07
49350.056 6.008056293900217e-07
49400.056 6.991453690400055e-07
49450.056 6.284123558601552e-07
49500.056 6.298195061599876e-07
49550.056 5.431281926900051e-07
49600.056 6.201242888101121e-07
49650.056 6.431512198599867e-07
49700.056 5.761203159299094e-07
49750.056 7.896183379898867e-07
49800.056 6.172087497700199e-07
49850.056 7.844081165400867e-07
49900.056 6.352841691300191e-07
49950.056 6.683770368099101e-07
50000.056 6.596225418898956e-07
50050.056 6.76306722450024e-07
50100.056 6.957595676599725e-07
50150.056 5.727877747800007e-07
50200.056 5.060949375200286e-07
50250.056 6.747620025599826e-07
50300.056 6.185765688799846e-07
50350.056 7.51644675680007e-07
50400.056 6.418455588999622e-07
50450.056 6.169188425900945e-07
50500.056 7.529875141300901e-07
50550.056 6.511217070000055e-07
50600.056 6.766804451299568e-07
50650.056 6.835206824401099e-07
50700.056 7.443099136498435e-07
50750.056 7.479855103000954e-07
50800.056 5.45126467479924e-07
50850.056 6.242675121101082e-07
50900.056 7.397674258799781e-07
50950.056 6.87963198430144e-07
51000.056 7.988339701700824e-07
51050.056 6.308091889600425e-07
51100.056 5.673128794699415e-07
51150.056 6.773186725299512e-07
51200.056 7.276219539899785e-07
51250.056 6.952516074899508e-07
51300.056 5.946590977802043e-07
51350.056 6.485786666899353e-07
51400.056 5.570902251799238e-07
51450.056 4.6375030840990133e-07
51500.056 5.783887889900747e-07
51550.056 7.94859254470079e-07
51600.056 5.774162796000539e-07
51650.056 6.427889612299201e-07
51700.056 6.349518658098391e-07
51750.056 5.679073891100345e-07
51800.056 7.058287975998194e-07
51850.056 6.894927129999473e-07
51900.056 7.760054316701271e-07
51950.056 6.920064041999465e-07
52000.056 5.240335475899774e-07
52050.056 6.528958951599833e-07
52100.056 5.785850423399303e-07
52150.056 5.789140408900233e-07
52200.056 5.473626504799815e-07
52250.056 6.090286360900174e-07
52300.056 7.340781385499702e-07
52350.056 7.121186883800413e-07
52400.056 5.234346434300718e-07
52450.056 6.486052932200162e-07
52500.056 7.035794512298822e-07
52550.056 6.967779791598403e-07
52600.056 6.46807217930089e-07
52650.056 6.990914858601341e-07
52700.056 6.221521402200084e-07
52750.056 5.209364602899671e-07
52800.056 5.872121037000484e-07
52850.056 5.739176283599076e-07
52900.056 6.115137449000272e-07
52950.056 6.141987292999565e-07
53000.056 7.049519347499749e-07
53050.056 5.613131974898526e-07
53100.056 5.68630608159895e-07
53150.056 7.574038020200616e-07
53200.056 4.970136931300214e-07
53250.056 7.282761585900166e-07
53300.056 7.053150181502876e-07
53350.056 7.000828746399356e-07
53400.056 6.856136351100543e-07
53450.056 5.594667520900314e-07
53500.056 4.5990565034990485e-07
53550.056 5.902902548699152e-07
53600.056 6.603827681801087e-07
