galfind/configs/Brown_Dwarf_templates/sonora_bobcat/m0.0/178g/sp_t1500g178nc_m0.0_resample.dat
# %ECSV 1.0
# ---
# datatype:
# - {name: wav, unit: Angstrom, datatype: float64}
# - {name: flux_nu, unit: erg / (cm2 Hz s), datatype: float64}
# meta: {C/O: '1.00', Kzz: '1.0000E+05', Teff: '1500.', Y: '0.28', '[Fe/H]': '0.00', f_hole: '1.00', f_rain: '0.00', grav: '178.'}
# schema: astropy-2.0
wav flux_nu
[from data line 500]
29000.056 5.882247344318678e-07
29050.056 6.226724986829553e-07
29100.056 5.018123650840868e-07
29150.056 6.770886555511225e-07
29200.056 5.750294164250885e-07
29250.056 6.766768823629928e-07
29300.056 5.308499750977772e-07
29350.056 8.097006418728619e-07
29400.056 6.220046030078957e-07
29450.056 6.481825557409831e-07
29500.056 6.665976198059164e-07
29550.056 6.475968497370171e-07
29600.056 7.120035300308331e-07
29650.056 6.689426162259357e-07
29700.056 6.045216697478668e-07
29750.056 7.364958319862675e-07
29800.056 7.60253792711911e-07
29850.056 7.247415139769047e-07
29900.056 6.746678953312387e-07
29950.056 7.800117690798663e-07
30000.056 7.624084433978747e-07
30050.056 7.111319134999491e-07
30100.056 6.242122379298177e-07
30150.056 8.734740087999549e-07
30200.056 7.497171798100333e-07
30250.056 7.957675108101755e-07
30300.056 7.410428156799366e-07
30350.056 7.14789878590069e-07
30400.056 8.416759314500873e-07
30450.056 6.75282899639089e-07
30500.056 6.048905607800745e-07
30550.056 7.257892338001278e-07
30600.056 7.313209101900529e-07
30650.056 7.10415487239943e-07
30700.056 6.564833485239733e-07
30750.056 6.329846587499892e-07
30800.056 6.565551863801224e-07
30850.056 5.674819638699058e-07
30900.056 5.852013402799234e-07
30950.056 5.274359189940889e-07
31000.056 5.364696284199881e-07
31050.056 5.46850016430001e-07
31100.056 4.78612035639971e-07
31150.056 5.201157907599481e-07
31200.056 5.38598995150001e-07
31250.056 4.880154261899839e-07
31300.056 4.715413826839435e-07
31350.056 4.4470131537399703e-07
31400.056 4.155939007990717e-07
31450.056 4.2005491021996014e-07
31500.056 4.105418942479467e-07
31550.056 4.0854282340000173e-07
31600.056 3.789085037099769e-07
31650.056 3.7056952898599976e-07
31700.056 3.7443617378996177e-07
31750.056 3.435703402820953e-07
31800.056 3.9376442901995755e-07
31850.056 3.600399074940481e-07
31900.056 4.060442630000042e-07
31950.056 3.210942792190207e-07
32000.056 3.6889483027995626e-07
32050.056 3.9551199994502796e-07
32100.056 3.896526605900207e-07
32150.056 4.155865555199674e-07
32200.056 3.7592753974798613e-07
32250.056 4.4375657861004877e-07
32300.056 3.784322527819783e-07
32350.056 4.730414057900044e-07
32400.056 3.7777250696999716e-07
32450.056 4.617437117998734e-07
32500.056 4.6695643697108726e-07
32550.056 4.904051106399985e-07
32600.056 4.951003993059869e-07
32650.056 5.584981756500156e-07
32700.056 5.358090848500637e-07
32750.056 5.570506177400087e-07
32800.056 5.467217036840286e-07
32850.056 5.878990244398995e-07
32900.056 6.33873093909975e-07
32950.056 5.790820109499534e-07
33000.056 5.654316052899393e-07
33050.056 5.215617986000437e-07
33100.056 4.4404086226995247e-07
33150.056 3.0324161339202007e-07
33200.056 2.3616074074394263e-07
33250.056 1.9529418237993986e-07
33300.056 1.8495316068002674e-07
33350.056 2.1175713155000584e-07
33400.056 2.3223631576996967e-07
33450.056 2.6162899900599055e-07
33500.056 3.142065720600481e-07
33550.056 3.383480803900466e-07
33600.056 3.9446140646000863e-07
33650.056 4.431553328200459e-07
33700.056 4.416874754599588e-07
33750.056 5.38281130789998e-07
33800.056 5.242559512169484e-07
33850.056 5.706078819399717e-07
33900.056 5.457496238499555e-07
33950.056 5.207684427399732e-07
34000.056 5.67908807739944e-07
34050.056 5.09116536459904e-07
34100.056 6.003700113799691e-07
34150.056 5.41914484149906e-07
34200.056 4.772705624098606e-07
34250.056 5.504516767098694e-07
34300.056 4.778129756497272e-07
34350.056 4.521324061099918e-07
34400.056 4.451677459200124e-07
34450.056 5.069052441899765e-07
34500.056 5.114831196799939e-07
34550.056 4.6432258396998964e-07
34600.056 5.546240808700215e-07
34650.056 5.228697744899551e-07
34700.056 5.135864900299221e-07
34750.056 5.68595750920032e-07
34800.056 5.309435902298716e-07
34850.056 5.081215303700074e-07
34900.056 5.754033654099971e-07
34950.056 5.265643617798871e-07
35000.056 6.308071330200274e-07
35050.056 5.566680030099625e-07
35100.056 5.674603524299327e-07
35150.056 6.213386496999889e-07
35200.056 6.105806511600642e-07
35250.056 6.431399013599371e-07
35300.056 6.024649992200698e-07
35350.056 5.92040278829909e-07
35400.056 6.28240593580105e-07
35450.056 5.057494057202275e-07
35500.056 6.882922887000253e-07
35550.056 6.708396451599538e-07
35600.056 6.178731526500778e-07
35650.056 7.280560583400302e-07
35700.056 6.266367575200263e-07
35750.056 6.917981385898322e-07
35800.056 8.4221348028002e-07
35850.056 6.851672131699778e-07
35900.056 8.5254329708991e-07
35950.056 8.06368037610023e-07
36000.056 7.869827095600312e-07
36050.056 8.706111262000434e-07
36100.056 8.812526936394986e-07
36150.056 8.637879441100993e-07
36200.056 9.81951560899911e-07
36250.056 9.002179862098881e-07
36300.056 1.0436161652801277e-06
36350.056 9.866731772698988e-07
36400.056 9.755815100800345e-07
36450.056 1.11685672319994e-06
36500.056 1.060938556419959e-06
36550.056 1.11364175146035e-06
36600.056 1.15682415788006e-06
36650.056 1.1777674968198277e-06
36700.056 1.2910268581999536e-06
36750.056 1.2476830491201495e-06
36800.056 1.297372792289923e-06
36850.056 1.3375000658100045e-06
36900.056 1.3245825560301394e-06
36950.056 1.4222605718398716e-06
37000.056 1.4625928048699297e-06
37050.056 1.4617591305099434e-06
37100.056 1.507684038510145e-06
37150.056 1.4962128153699067e-06
37200.056 1.5787514761000502e-06
37250.056 1.608741613959943e-06
37300.056 1.548250296029933e-06
37350.056 1.4987071188102704e-06
37400.056 1.6838725049998793e-06
37450.056 1.5950251932501375e-06
37500.056 1.6566883548398233e-06
37550.056 1.7224651914398994e-06
37600.056 1.8239122325399216e-06
37650.056 1.6869878931999704e-06
37700.056 1.8429980009000648e-06
37750.056 1.8022711244100175e-06
37800.056 1.881306136500143e-06
37850.056 1.7497689635399474e-06
37900.056 1.8191822084002497e-06
37950.056 1.8280760565999565e-06
38000.056 1.9311219670001463e-06
38050.056 1.9203410319001097e-06
38100.056 1.818212168570219e-06
38150.056 2.060270440799906e-06
38200.056 2.078305267599962e-06
38250.056 1.881652023600228e-06
38300.056 1.9448995445999363e-06
38350.056 2.039387661999954e-06
38400.056 1.9993924116398016e-06
38450.056 2.1593787294000548e-06
38500.056 2.0131706962000587e-06
38550.056 2.1082063176000897e-06
38600.056 2.287987367799865e-06
38650.056 2.060218662400006e-06
38700.056 2.1094719008803014e-06
38750.056 2.1904449441000145e-06
38800.056 2.148286631000024e-06
38850.056 2.0975388389700817e-06
38900.056 2.068635172889931e-06
38950.056 2.246242024699936e-06
39000.056 2.157512089500051e-06
39050.056 2.236814929099866e-06
39100.056 2.0602013302601896e-06
39150.056 2.192926260000055e-06
39200.056 2.258954620700035e-06
39250.056 2.2437781471996275e-06
39300.056 2.1960589711996223e-06
39350.056 2.2512711845301973e-06
39400.056 2.2159834323000806e-06
39450.056 2.2304293582999054e-06
39500.056 2.1337289677698337e-06
39550.056 2.1487107203998544e-06
39600.056 2.343731430799848e-06
39650.056 2.112787395500002e-06
39700.056 2.170602307799928e-06
39750.056 2.132794599659854e-06
39800.056 2.040809915700007e-06
39850.056 2.1558492864498685e-06
39900.056 2.1172729799601016e-06
39950.056 2.2071528240998192e-06
40000.056 2.0018580019999955e-06
40050.056 1.982692148600024e-06
40100.056 2.107828846519939e-06
40150.056 1.9777368550997247e-06
40200.056 2.0383576309998085e-06
40250.056 1.915231158279523e-06
40300.056 1.8753616959901647e-06
40350.056 2.0299995325001823e-06
40400.056 1.99193259014007e-06
40450.056 1.9444849903001484e-06
40500.056 1.776194476500205e-06
40550.056 2.0504309355998573e-06
40600.056 1.7399610399102151e-06
40650.056 1.8732018516000154e-06
40700.056 2.0041468577000495e-06
40750.056 1.7567727765994096e-06
40800.056 1.6910012787600532e-06
40850.056 1.7017253165003547e-06
40900.056 1.6886833639201011e-06
40950.056 1.762077855459961e-06
41000.056 1.7685844464999546e-06
41050.056 1.7684029021997825e-06
41100.056 1.6559721814199603e-06
41150.056 1.7225640030999772e-06
41200.056 1.6880007506500403e-06
41250.056 1.6926943294001028e-06
41300.056 1.4813316253696972e-06
41350.056 1.747018617600052e-06
41400.056 1.6132327786001855e-06
41450.056 1.6396722662702382e-06
41500.056 1.6717081962200669e-06
41550.056 1.6280717094500247e-06
41600.056 1.6483763624000627e-06
41650.056 1.5577998192002414e-06
41700.056 1.4774070806598057e-06
41750.056 1.5219411723598849e-06
41800.056 1.5808873029297822e-06
41850.056 1.2910397632702087e-06
41900.056 1.5452451092899346e-06
41950.056 1.4071584160703522e-06
42000.056 1.4080875896101632e-06
42050.056 1.2475660788797196e-06
42100.056 1.4544979609201825e-06
42150.056 1.0860678505097007e-06
42200.056 1.1761013946900462e-06
42250.056 1.2821133018700158e-06
42300.056 1.0839294270100492e-06
42350.056 1.291354155220289e-06
42400.056 1.0958246413702488e-06
42450.056 9.915390436500974e-07
42500.056 1.0428585348601437e-06
42550.056 1.0478795780299608e-06
42600.056 1.0503231900802356e-06
42650.056 9.752840478295466e-07
42700.056 1.0701222225803125e-06
42750.056 9.9274087347993e-07
42800.056 9.764588626803142e-07
42850.056 1.0736969366797195e-06
42900.056 1.0423151623300507e-06
42950.056 9.615227934295887e-07
43000.056 9.907845917100065e-07
43050.056 8.939910200903901e-07
43100.056 9.917569982901152e-07
43150.056 9.827617537901314e-07
43200.056 9.875819430401186e-07
43250.056 9.68283841769821e-07
43300.056 1.020284567340072e-06
43350.056 9.034576282999352e-07
43400.056 9.434741810999716e-07
43450.056 9.279133056102008e-07
43500.056 9.224780514299076e-07
43550.056 9.598211982200765e-07
43600.056 9.905401983400505e-07
43650.056 8.784316803300504e-07
43700.056 8.861433637897863e-07
43750.056 9.086493602601748e-07
43800.056 8.468603441700833e-07
43850.056 8.642372757501684e-07
43900.056 8.958409926899158e-07
43950.056 8.236830205100757e-07
44000.056 7.922493845300821e-07
44050.056 8.095849325300627e-07
44100.056 8.473439651900994e-07
44150.056 8.658514268598654e-07
44200.056 8.231550735999922e-07
44250.056 8.059404195300212e-07
44300.056 7.871894773700729e-07
44350.056 7.701526743800361e-07
44400.056 8.075165139199625e-07
44450.056 8.16578859560011e-07
44500.056 8.197225770000754e-07
44550.056 7.70569187999871e-07
44600.056 7.668635537500794e-07
44650.056 8.109282243300583e-07
44700.056 7.502542702500345e-07
44750.056 7.889152912799323e-07
44800.056 7.908059933499715e-07
44850.056 7.766181772500815e-07
44900.056 7.323615192000668e-07
44950.056 7.137453164900319e-07
45000.056 7.592696529099595e-07
45050.056 7.627689385899513e-07
45100.056 7.885855064499902e-07
45150.056 7.312981832899884e-07
45200.056 6.834468531100195e-07
45250.056 7.059440490999404e-07
45300.056 7.510689852300266e-07
45350.056 7.691467115299503e-07
45400.056 7.363414585300729e-07
45450.056 6.868634776598997e-07
45500.056 7.146593974499686e-07
45550.056 7.674826792199624e-07
45600.056 7.153693394299922e-07
45650.056 6.617794327698912e-07
45700.056 7.635663394600551e-07
45750.056 6.9096766759002e-07
45800.056 6.909226727299718e-07
45850.056 8.049309376299693e-07
45900.056 7.915108787900262e-07
45950.056 6.941275119100032e-07
46000.056 8.010147183900255e-07
46050.056 7.959774555601378e-07
46100.056 6.813605589400568e-07
46150.056 7.454375221899677e-07
46200.056 7.753875875601395e-07
46250.056 6.636256898599912e-07
46300.056 8.292425668999897e-07
46350.056 7.245314299399397e-07
46400.056 7.443925130299409e-07
46450.056 7.76457721260075e-07
46500.056 7.002309289799627e-07
46550.056 8.461892528499885e-07
46600.056 7.920508977800353e-07
46650.056 9.893702908198555e-07
46700.056 9.207725450102841e-07
46750.056 7.417016359599669e-07
46800.056 7.958243684800892e-07
46850.056 8.703940036100992e-07
46900.056 8.193584522398782e-07
46950.056 9.088599236300032e-07
47000.056 7.647377939899994e-07
47050.056 9.173980384198808e-07
47100.056 7.109022502000645e-07
47150.056 7.816703501300682e-07
47200.056 8.480837996901371e-07
47250.056 7.535099763099469e-07
47300.056 7.701856777598618e-07
47350.056 7.056823160599022e-07
47400.056 8.466540012598837e-07
47450.056 7.336599646399614e-07
47500.056 8.485953239199091e-07
47550.056 7.451154867599474e-07
47600.056 8.43867578239943e-07
47650.056 6.468614582298781e-07
47700.056 8.619724416600594e-07
47750.056 6.212274389501096e-07
47800.056 8.451985638099296e-07
47850.056 6.590802231599222e-07
47900.056 8.247323067700264e-07
47950.056 6.603597097000818e-07
48000.056 9.270335782200057e-07
48050.056 7.270512287200814e-07
48100.056 7.989178513199916e-07
48150.056 7.269982592400951e-07
48200.056 8.464831789200759e-07
48250.056 7.142502800300221e-07
48300.056 9.158381020598467e-07
48350.056 6.579723911299613e-07
48400.056 8.092989355599872e-07
48450.056 6.96329851060026e-07
48500.056 9.305677026700192e-07
48550.056 6.651343512800013e-07
48600.056 8.637115070299418e-07
48650.056 6.977125692799755e-07
48700.056 8.583349588100556e-07
48750.056 6.287874357500498e-07
48800.056 9.40272323720032e-07
48850.056 6.743280830098704e-07
48900.056 8.874465522800691e-07
48950.056 7.917253210100135e-07
49000.056 7.514815166599084e-07
49050.056 8.464249895499833e-07
49100.056 7.633693030700569e-07
49150.056 8.164243267499731e-07
49200.056 7.636655313299744e-07
49250.056 8.198592363200201e-07
49300.056 7.130226384899505e-07
49350.056 7.60137437110001e-07
49400.056 8.704843925200284e-07
49450.056 7.635060725401686e-07
49500.056 7.904679185900077e-07
49550.056 6.9100172933999e-07
49600.056 7.673969755401424e-07
49650.056 8.002267381799958e-07
49700.056 7.037026250199257e-07
49750.056 1.007213897129881e-06
49800.056 7.601971308100292e-07
49850.056 9.745154747900706e-07
49900.056 7.778664960100314e-07
49950.056 8.283831614098614e-07
50000.056 8.177033668098498e-07
50050.056 8.196297642400431e-07
50100.056 8.799712327699539e-07
50150.056 7.308098282100154e-07
50200.056 6.851799468300654e-07
50250.056 8.356569863900134e-07
50300.056 7.682616775099703e-07
50350.056 9.239116507499903e-07
50400.056 7.892432694499573e-07
50450.056 7.819153713801172e-07
50500.056 9.670252159401218e-07
50550.056 8.140021680599909e-07
50600.056 8.724368239899787e-07
50650.056 8.37178469460137e-07
50700.056 9.218753033198225e-07
50750.056 9.528800076001187e-07
50800.056 6.93501005599906e-07
50850.056 8.17074799560132e-07
50900.056 9.148531513899629e-07
50950.056 8.867183842701634e-07
51000.056 1.0324883309700917e-06
51050.056 7.9342058956007e-07
51100.056 7.53004717179936e-07
51150.056 8.766548582599414e-07
51200.056 8.788364219899769e-07
51250.056 9.158850500399666e-07
51300.056 7.604057908402353e-07
51350.056 8.547312745098935e-07
51400.056 7.709306807898699e-07
51450.056 6.141786025698926e-07
51500.056 7.849369587100566e-07
51550.056 1.0352927985900923e-06
51600.056 7.24810860300059e-07
51650.056 8.415415313998927e-07
51700.056 8.134248187797886e-07
51750.056 7.500705970700472e-07
51800.056 9.191139731297921e-07
51850.056 8.936818860399073e-07
51900.056 9.742760937501484e-07
51950.056 8.871516485399331e-07
52000.056 7.145449712899661e-07
52050.056 8.513557748999548e-07
52100.056 7.774116605898941e-07
52150.056 7.844438653400324e-07
52200.056 7.517431041700084e-07
52250.056 8.10651518610008e-07
52300.056 9.333784021599798e-07
52350.056 9.475082827100757e-07
52400.056 6.981007685401088e-07
52450.056 8.348061246800059e-07
52500.056 9.301058468398574e-07
52550.056 8.853344491997854e-07
52600.056 8.615330965401078e-07
52650.056 9.543182518601378e-07
52700.056 8.192431420800147e-07
52750.056 6.962091218699467e-07
52800.056 7.753718748800656e-07
52850.056 7.477117573299018e-07
52900.056 8.215583750600279e-07
52950.056 8.126990568899291e-07
53000.056 9.316579254499553e-07
53050.056 7.734193837998364e-07
53100.056 7.692802878698592e-07
53150.056 9.845536668301102e-07
53200.056 6.691129678000565e-07
53250.056 9.48746539319998e-07
53300.056 9.314959605403606e-07
53350.056 9.217082290099023e-07
53400.056 8.819252225900642e-07
53450.056 7.597093755700352e-07
53500.056 6.37119619409891e-07
53550.056 8.054991295399211e-07
53600.056 8.856793506601387e-07
53650.056 7.242283230600594e-07
53700.056 7.544525967301274e-07
53750.056 8.077435876800187e-07
53800.056 8.011562963400925e-07
