galfind/configs/Brown_Dwarf_templates/sonora_bobcat/m0.0/178g/sp_t2100g178nc_m0.0_resample.dat
# %ECSV 1.0
# ---
# datatype:
# - {name: wav, unit: Angstrom, datatype: float64}
# - {name: flux_nu, unit: erg / (cm2 Hz s), datatype: float64}
# meta: {C/O: '1.00', Kzz: '1.0000E+05', Teff: '2100.', Y: '0.28', '[Fe/H]': '0.00', f_hole: '1.00', f_rain: '0.00', grav: '178.'}
# schema: astropy-2.0
wav flux_nu
4000.0559999999996 nan
4050.0559999999996 9.51662022534478e-09
4100.056 1.1170161573048277e-08
4150.056 8.97104640683327e-09
4200.056 6.50659423715223e-09
4250.056 5.628678286291997e-09
4300.056 3.500969136191439e-09
4350.056 3.748341994520079e-09
4400.056 3.798847493331414e-09
4450.056 2.0565626597601917e-09
4500.056 2.2195690325603288e-09
4550.056 2.8513917433891615e-09
4600.056 2.326952421669728e-09
4650.056 1.7992328378799866e-09
4700.056 2.2152327100404126e-09
4750.056 2.8497397547691657e-09
4800.056 1.6784541070203524e-09
4850.056 2.191114251780621e-09
4900.056 4.414641699009577e-09
4950.056 5.4732134409101915e-09
5000.056 2.2135553974797454e-09
5050.056 3.077224111660595e-09
5100.056 5.674928772451393e-09
5150.056 6.011244575912054e-09
5200.056 3.4253082025100815e-09
5250.056 4.802021323889903e-09
5300.056 6.026484507940052e-09
5350.056 6.189850363580832e-09
5400.056 7.018447507899983e-09
5450.056 5.450687296439374e-09
5500.056 4.014319072349557e-09
5550.056 5.154863968189709e-09
5600.056 4.288017191800336e-09
5650.056 3.678482535500087e-09
5700.056 3.885483460400164e-09
5750.056 2.9601939659798087e-09
5800.056 2.136117977679927e-09
5850.056 7.610637253679921e-10
5900.056 6.47556103328783e-11
5950.056 1.402129950310005e-09
6000.056 3.9675420808999215e-09
6050.056 7.898131752600416e-09
6100.056 1.141178208320051e-08
6150.056 1.3004969123098396e-08
6200.056 9.396914275800208e-09
6250.056 1.109272836300081e-08
6300.056 1.622788718080056e-08
6350.056 2.1205795404001098e-08
6400.056 2.6501819026000553e-08
6450.056 3.43861153919932e-08
6500.056 3.5346688834992717e-08
6550.056 4.353963144799139e-08
6600.056 3.919137314800264e-08
6650.056 3.2848725161003665e-08
6700.056 2.3173321648858748e-08
6750.056 3.099147099600287e-08
6800.056 3.528930763000107e-08
6850.056 4.2934260675998926e-08
6900.056 5.166772200100058e-08
6950.056 6.736780871099526e-08
7000.056 1.0293113521498876e-07
7050.056 9.734598518600834e-08
7100.056 5.097348076499665e-08
7150.056 4.239577047000369e-08
7200.056 5.929276234699774e-08
7250.056 8.787319487001009e-08
7300.056 1.4274266703902363e-07
7350.056 2.0264788409400147e-07
7400.056 2.4256121436902243e-07
7450.056 2.502806207059654e-07
7500.056 2.696400189540036e-07
7550.056 2.908396733340081e-07
7600.056 1.808571924909884e-07
7650.056 3.639570562304244e-08
7700.056 1.5573599804898073e-08
7750.056 1.0425002670601031e-07
7800.056 1.5442319852538959e-07
7850.056 1.9189886952299763e-07
7900.056 2.147995008820368e-07
7950.056 2.1622912963958374e-07
8000.056 2.7692694538495865e-07
8050.056 4.261113460059501e-07
8100.056 6.324034095801229e-07
8150.056 8.952919207900282e-07
8200.056 6.17933414481918e-07
8250.056 7.685269032699558e-07
8300.056 6.289744003802001e-07
8350.056 6.794334578602048e-07
8400.056 6.948062805000888e-07
8450.056 4.110977484799149e-07
8500.056 3.623036528521124e-07
8550.056 4.6145758432004645e-07
8600.056 5.595599681597883e-07
8650.056 7.029086940798989e-07
8700.056 7.813188025201411e-07
8750.056 9.689319880201335e-07
8800.056 1.3057439355902533e-06
8850.056 1.257170173550129e-06
8900.056 8.456646148400177e-07
8950.056 9.25068540467204e-07
9000.056 1.1801437140401366e-06
9050.056 1.2484208578897452e-06
9100.056 1.6019597862000754e-06
9150.056 1.8831801466200177e-06
9200.056 1.8115287263303259e-06
9250.056 1.2074049058499306e-06
9300.056 9.999057990070858e-07
9350.056 1.1317661253698065e-06
9400.056 1.270374220050281e-06
9450.056 1.4460151294396083e-06
9500.056 1.7404789258598066e-06
9550.056 1.965710358160344e-06
9600.056 2.1166790095204805e-06
9650.056 2.4070795000105832e-06
9700.056 2.6262524956697103e-06
9750.056 2.062684520150007e-06
9800.056 2.2646305647498006e-06
9850.056 2.2157613987498143e-06
9900.056 1.917627429169928e-06
9950.056 1.7551795945401057e-06
10000.056 1.757965583779851e-06
10050.056 1.7406593858099254e-06
10100.056 2.1436884562707015e-06
10150.056 2.097449022359813e-06
10200.056 2.289005541049806e-06
10250.056 2.2409763033792716e-06
10300.056 2.2032360985196236e-06
10350.056 2.520808622409734e-06
10400.056 2.7378284228899147e-06
10450.056 2.929172835370506e-06
10500.056 2.9577153663594762e-06
10550.056 3.076405115690434e-06
10600.056 3.3316963783804177e-06
10650.056 3.4045538989197637e-06
10700.056 3.584489924320179e-06
10750.056 3.869943691600338e-06
10800.056 4.113695099789631e-06
10850.056 4.378714620999778e-06
10900.056 4.336314765769725e-06
10950.056 4.173401139089009e-06
11000.056 3.977434885980124e-06
11050.056 2.98019897137993e-06
11100.056 3.241751335306592e-06
11150.056 3.424437773543735e-06
11200.056 3.495830080019424e-06
11250.056 3.941412672800908e-06
11300.056 3.9543186305901e-06
11350.056 3.678642567237926e-06
11400.056 2.902604439990025e-06
11450.056 3.992000425339174e-06
11500.056 4.4669193200044174e-06
11550.056 4.348099220404084e-06
11600.056 4.5185123655829584e-06
11650.056 4.628237586326629e-06
11700.056 3.7001162099230543e-06
11750.056 3.8278826953597805e-06
11800.056 3.85775234794918e-06
11850.056 4.751304566270227e-06
11900.056 4.932554065519001e-06
11950.056 4.85426949497981e-06
12000.056 4.52680106631026e-06
12050.056 5.037129531530279e-06
12100.056 4.989485529099762e-06
12150.056 5.463657963199742e-06
12200.056 5.50885737709957e-06
12250.056 5.838912508599459e-06
12300.056 5.984902391900701e-06
12350.056 6.015906009500388e-06
12400.056 5.436269170499535e-06
12450.056 4.595528284910093e-06
12500.056 4.993702662599117e-06
12550.056 5.0228178276801005e-06
12600.056 5.5526363442000486e-06
12650.056 5.775064882099579e-06
12700.056 6.073579393799755e-06
12750.056 6.075604383600167e-06
12800.056 6.458392824599355e-06
12850.056 6.3068723750001795e-06
12900.056 6.1359940538993615e-06
12950.056 6.318602744299314e-06
13000.056 6.5198312610991685e-06
13050.056 6.661661809559559e-06
13100.056 6.660762785959424e-06
13150.056 6.694375121959613e-06
13200.056 6.4842317226996435e-06
13250.056 6.097083307240158e-06
13300.056 5.4032346257412605e-06
13350.056 3.590800496585454e-06
13400.056 3.3893554213747385e-06
13450.056 3.014362941909848e-06
13500.056 2.9718401767695067e-06
13550.056 2.8033353587468536e-06
13600.056 2.590052358404406e-06
13650.056 2.843361898460956e-06
13700.056 2.5796435115953306e-06
13750.056 2.6185408469173275e-06
13800.056 2.963525462799688e-06
13850.056 2.9290335166556326e-06
13900.056 2.848125479297703e-06
13950.056 2.7119339176208022e-06
14000.056 2.5388565521939793e-06
14050.056 2.590057295341885e-06
14100.056 2.330517986130255e-06
14150.056 2.3602568603182645e-06
14200.056 2.2062409165684535e-06
14250.056 2.179654453444283e-06
14300.056 2.231606690915631e-06
14350.056 2.247257156859325e-06
14400.056 2.3634001291962686e-06
14450.056 2.4718651081041906e-06
14500.056 2.698990051353692e-06
14550.056 2.733115440279912e-06
14600.056 2.8555397480888976e-06
14650.056 2.8098904192209215e-06
14700.056 2.6132769071596685e-06
14750.056 2.766783573310591e-06
14800.056 2.849044484900775e-06
14850.056 3.0527503960992908e-06
14900.056 3.053579144329845e-06
14950.056 3.0821278292505936e-06
15000.056 3.1682576632805674e-06
15050.056 3.45886519055927e-06
15100.056 3.4506514552204556e-06
15150.056 3.5639135700702794e-06
15200.056 3.7257059435997525e-06
15250.056 3.745119634139794e-06
15300.056 3.932815091949851e-06
15350.056 4.056919065250136e-06
15400.056 4.180491494050066e-06
15450.056 4.3572742697603064e-06
15500.056 4.437840649949372e-06
15550.056 4.6598211953797475e-06
15600.056 4.6432810078005566e-06
15650.056 4.838440334600056e-06
15700.056 5.136883459701533e-06
15750.056 5.31370084209954e-06
15800.056 5.3622354501008695e-06
15850.056 5.0990774735004075e-06
15900.056 5.24405965050056e-06
15950.056 5.330939517999924e-06
16000.056 5.436176060299694e-06
16050.056 5.615744677100511e-06
16100.056 5.776536936100285e-06
16150.056 5.667622748100341e-06
16200.056 5.8745908577996955e-06
16250.056 5.8502780405999175e-06
16300.056 5.9185850146001e-06
16350.056 6.227103248999657e-06
16400.056 6.12342528880085e-06
16450.056 6.295363366000438e-06
16500.056 6.474260025100513e-06
16550.056 6.754690735599637e-06
16600.056 6.463314991100525e-06
16650.056 6.951796919600546e-06
16700.056 6.70901636929891e-06
16750.056 6.809322010599451e-06
16800.056 6.999763918200154e-06
16850.056 7.036954342099526e-06
16900.056 6.838619822200309e-06
16950.056 6.822765462799255e-06
17000.056 6.817701463500826e-06
17050.056 6.720118177800393e-06
17100.056 6.4214260765007085e-06
17150.056 6.322224908500051e-06
17200.056 5.871786583129621e-06
17250.056 5.585454298819953e-06
17300.056 5.690427304819236e-06
17350.056 5.45839660827058e-06
17400.056 5.529207355970023e-06
17450.056 5.193109485957527e-06
17500.056 4.9944149318689855e-06
17550.056 4.926316576760519e-06
17600.056 4.727448171070026e-06
17650.056 4.820019443719301e-06
17700.056 4.212732424389324e-06
17750.056 4.09271300513996e-06
17800.056 4.044216813463883e-06
17850.056 3.79165747863854e-06
17900.056 3.821134981319902e-06
17950.056 3.713392272674403e-06
18000.056 3.4155952710303533e-06
18050.056 3.455731516180343e-06
18100.056 3.3202926641139e-06
18150.056 3.645941041842121e-06
18200.056 3.0956041843034025e-06
18250.056 3.582573749210245e-06
18300.056 3.4319807075528494e-06
18350.056 3.2662710493421724e-06
18400.056 3.2033187485930617e-06
18450.056 2.9266131144648767e-06
18500.056 3.0301023388215786e-06
18550.056 2.85263232803635e-06
18600.056 2.4328296527106304e-06
18650.056 2.8103628738337275e-06
18700.056 3.0298050040315966e-06
18750.056 2.8947251826360155e-06
18800.056 2.973142106441184e-06
18850.056 3.393911193010711e-06
18900.056 3.2699189505925836e-06
18950.056 3.3050585873498235e-06
19000.056 3.5068102274793283e-06
19050.056 3.4064512296640174e-06
19100.056 3.4905281849810874e-06
19150.056 3.6143233039968055e-06
19200.056 3.5735267354841906e-06
19250.056 3.415458208067168e-06
19300.056 3.5805098797150256e-06
19350.056 3.5912717086389704e-06
19400.056 3.221673972721074e-06
19450.056 3.607799914082451e-06
19500.056 3.6119342195615716e-06
19550.056 3.1496527915428317e-06
19600.056 3.5755871587946362e-06
19650.056 3.5251292307837514e-06
19700.056 3.545065068583324e-06
19750.056 3.308992555010364e-06
19800.056 3.477686120649523e-06
19850.056 3.4928722270212726e-06
19900.056 3.173926594580909e-06
19950.056 3.622161636909904e-06
20000.056 3.2220759534004987e-06
20050.056 3.4398949885511397e-06
20100.056 3.5263256407080186e-06
20150.056 3.486438659460608e-06
20200.056 3.570791322839037e-06
20250.056 3.719004067299933e-06
20300.056 3.7353385656403286e-06
20350.056 3.7968529323895784e-06
20400.056 3.776944346968133e-06
20450.056 3.982493161959609e-06
20500.056 3.975359186990178e-06
20550.056 4.067551638489961e-06
20600.056 4.282281052660556e-06
20650.056 4.180928712630838e-06
20700.056 4.3577018271903035e-06
20750.056 4.409790587999379e-06
20800.056 4.57667804730017e-06
20850.056 4.55552191409994e-06
20900.056 4.765789499199701e-06
20950.056 4.813020096999764e-06
21000.056 5.02006817639971e-06
21050.056 5.0473290213001555e-06
21100.056 5.093377922100009e-06
21150.056 5.336843833300232e-06
21200.056 5.319330578000404e-06
21250.056 5.5549154246994764e-06
21300.056 5.403698281599929e-06
21350.056 5.745159788100293e-06
21400.056 5.573989117300406e-06
21450.056 6.0695172356000195e-06
21500.056 5.786974571500318e-06
21550.056 5.937588524399641e-06
21600.056 6.1013452002005935e-06
21650.056 6.0754761361003644e-06
21700.056 6.3226042339997215e-06
21750.056 6.195657475699948e-06
21800.056 6.220853306899667e-06
21850.056 6.2738760537997495e-06
21900.056 6.447200699000628e-06
21950.056 6.3448753574002945e-06
22000.056 6.5570939234997075e-06
22050.056 6.298350193799299e-06
22100.056 6.499854416399822e-06
22150.056 6.594871022800469e-06
22200.056 6.413243536401122e-06
22250.056 6.759691095400467e-06
22300.056 6.687168576899716e-06
22350.056 6.509363217500274e-06
22400.056 6.80275338430027e-06
22450.056 6.699532748139243e-06
22500.056 6.8016431885997686e-06
22550.056 6.722818859599027e-06
22600.056 6.728826005499788e-06
22650.056 6.683127568521182e-06
22700.056 6.6758465752512805e-06
22750.056 6.885542916239582e-06
22800.056 6.628130940720127e-06
22850.056 6.748340109220586e-06
22900.056 6.8914774116696426e-06
22950.056 5.105979234140631e-06
23000.056 5.709436466270355e-06
23050.056 5.9243296204891815e-06
23100.056 5.672892502499722e-06
23150.056 5.862414194930769e-06
23200.056 5.842475971820134e-06
23250.056 4.834902149478901e-06
23300.056 5.229573738240137e-06
23350.056 5.388548661450102e-06
23400.056 5.233053099740083e-06
23450.056 5.3894273301601005e-06
23500.056 5.256956865878919e-06
23550.056 4.645069385831357e-06
23600.056 4.749213080191035e-06
23650.056 5.095791281589327e-06
23700.056 5.025617132218647e-06
23750.056 5.021827539640751e-06
23800.056 4.951318224290658e-06
23850.056 4.226339980980511e-06
23900.056 4.613925036639621e-06
23950.056 4.74328802577127e-06
24000.056 4.440787019069211e-06
24050.056 4.399594356110656e-06
24100.056 4.029318229338866e-06
24150.056 3.944069859480646e-06
24200.056 3.967696530248698e-06
24250.056 3.8824549768203716e-06
24300.056 3.7166367016002073e-06
24350.056 3.486176988880195e-06
24400.056 3.805197741799781e-06
24450.056 3.437153164389827e-06
24500.056 3.181465872260041e-06
24550.056 3.119140888569941e-06
24600.056 3.1632103153805925e-06
24650.056 3.42999659177986e-06
24700.056 2.891956714229967e-06
24750.056 2.7473601674407292e-06
24800.056 2.678221428680423e-06
24850.056 3.1040158849200085e-06
24900.056 2.4127615771514654e-06
24950.056 2.998038245509601e-06
25000.056 2.6616611724901797e-06
25050.056 2.1621008749106523e-06
25100.056 2.592922719939941e-06
25150.056 2.250055287499982e-06
25200.056 2.4157788504895867e-06
25250.056 2.2849326123793586e-06
25300.056 2.4433211328301524e-06
25350.056 2.0610907451100006e-06
25400.056 2.2803203102409773e-06
25450.056 2.075609403610035e-06
25500.056 2.21516885250077e-06
25550.056 2.079899973900209e-06
25600.056 2.1529592623701473e-06
25650.056 1.92908182423999e-06
25700.056 2.421054310729042e-06
25750.056 1.7980504036003197e-06
25800.056 2.2870880715804345e-06
25850.056 2.0876207782797804e-06
25900.056 2.2857410541805146e-06
25950.056 2.0184817890300728e-06
26000.056 2.2632002473807527e-06
26050.056 2.439098858000078e-06
26100.056 2.3709252765503366e-06
26150.056 2.3901887940692723e-06
26200.056 2.2616347234101523e-06
26250.056 2.320458271220529e-06
26300.056 2.34060535866005e-06
26350.056 2.332636219069764e-06
26400.056 2.397017769039449e-06
26450.056 2.355867370690348e-06
26500.056 2.4823118933291276e-06
26550.056 2.477788663379413e-06
26600.056 2.870955662789338e-06
26650.056 2.285037500539562e-06
26700.056 2.3393708878899262e-06
26750.056 2.111663628429047e-06
26800.056 2.3521952184692303e-06
26850.056 1.9352846269802346e-06
26900.056 2.461290484470106e-06
26950.056 1.7275095530900246e-06
27000.056 2.322788111440644e-06
27050.056 1.963172804939785e-06
27100.056 1.9785718014695964e-06
27150.056 2.0951603954199093e-06
27200.056 2.077896519740499e-06
27250.056 1.8998561794109433e-06
27300.056 2.1760201720800843e-06
27350.056 2.1021236001191706e-06
27400.056 1.7965972109000116e-06
27450.056 2.317204045069099e-06
27500.056 2.114065463550075e-06
27550.056 2.0368887719699175e-06
27600.056 2.328461623309663e-06
27650.056 1.8500076904397596e-06
27700.056 1.8140682075301786e-06
27750.056 2.3598595445087117e-06
27800.056 1.7383563977398776e-06
27850.056 1.9308306945590506e-06
27900.056 1.9565387134301504e-06
27950.056 2.2524630309198163e-06
28000.056 2.136905048600619e-06
28050.056 1.6632478253604462e-06
28100.056 2.342677787441021e-06
28150.056 1.8925739562900517e-06
28200.056 1.6288438105901294e-06
28250.056 2.038888361290087e-06
28300.056 2.329564413550466e-06
28350.056 1.8646485101592468e-06
28400.056 1.9597774889199882e-06
28450.056 1.9948431431095813e-06
28500.056 2.0358146268595427e-06
28550.056 1.5298034700694307e-06
28600.056 2.320246966670093e-06
28650.056 2.1458529939197674e-06
28700.056 1.9104504562095496e-06
28750.056 2.1389130894798644e-06
28800.056 2.0611084323404413e-06
28850.056 2.152892901690256e-06
