galfind/configs/Brown_Dwarf_templates/sonora_bobcat/m0.0/178g/sp_t2400g178nc_m0.0_resample.dat
# %ECSV 1.0
# ---
# datatype:
# - {name: wav, unit: Angstrom, datatype: float64}
# - {name: flux_nu, unit: erg / (cm2 Hz s), datatype: float64}
# meta: {C/O: '1.00', Kzz: '1.0000E+05', Teff: '2400.', Y: '0.28', '[Fe/H]': '0.00', f_hole: '1.00', f_rain: '0.00', grav: '178.'}
# schema: astropy-2.0
wav flux_nu
[from data line 503]
29150.056 3.909234149700123e-06
29200.056 3.6253126738802357e-06
29250.056 3.823769136009897e-06
29300.056 3.4852353150285408e-06
29350.056 4.143470578799565e-06
29400.056 3.66596186528984e-06
29450.056 3.5711121163398575e-06
29500.056 3.798256791589638e-06
29550.056 3.6902533452703912e-06
29600.056 3.857540614540059e-06
29650.056 3.7779200774400067e-06
29700.056 3.4876612037598047e-06
29750.056 4.08460282218107e-06
29800.056 3.990198175369768e-06
29850.056 3.848119972039554e-06
29900.056 3.546050043300881e-06
29950.056 4.109255382899387e-06
30000.056 4.034140513158776e-06
30050.056 3.8527108300000424e-06
30100.056 3.2590046929792947e-06
30150.056 4.489903099099746e-06
30200.056 4.166185030500259e-06
30250.056 3.922609478800623e-06
30300.056 3.962105261999826e-06
30350.056 3.9303809900007195e-06
30400.056 4.396357843800494e-06
30450.056 3.6554951263004497e-06
30500.056 3.6358002289004815e-06
30550.056 4.515930320800667e-06
30600.056 4.279598155700325e-06
30650.056 4.2556231871002395e-06
30700.056 3.983049443039959e-06
30750.056 3.9269271084001275e-06
30800.056 4.517017339201148e-06
30850.056 4.035226931900049e-06
30900.056 4.033704951599739e-06
30950.056 3.924427484280304e-06
31000.056 4.4255710688999e-06
31050.056 3.955756671100132e-06
31100.056 4.246082670000041e-06
31150.056 4.274477840099681e-06
31200.056 4.378541370299574e-06
31250.056 4.615895220500786e-06
31300.056 4.191858281499746e-06
31350.056 4.132965034500007e-06
31400.056 4.3525763441005456e-06
31450.056 4.333756049600264e-06
31500.056 4.445682589500504e-06
31550.056 4.100017804499943e-06
31600.056 4.293785007899864e-06
31650.056 4.455422820899837e-06
31700.056 4.546607876199967e-06
31750.056 4.10952372850007e-06
31800.056 4.495086805900318e-06
31850.056 4.851289216399842e-06
31900.056 4.72831872809962e-06
31950.056 4.130430612299676e-06
32000.056 4.298519866500692e-06
32050.056 4.754698202400517e-06
32100.056 4.826944718299633e-06
32150.056 4.773621062000051e-06
32200.056 4.590533943799928e-06
32250.056 4.424601267600142e-06
32300.056 4.699080487800079e-06
32350.056 4.969694441800599e-06
32400.056 4.565565671299957e-06
32450.056 4.449307275300325e-06
32500.056 4.7778878810001745e-06
32550.056 5.111124236600138e-06
32600.056 4.981974380699708e-06
32650.056 4.893547061301049e-06
32700.056 4.706586863000111e-06
32750.056 4.889604331599992e-06
32800.056 4.566703965800553e-06
32850.056 5.187373080299769e-06
32900.056 5.023851300700192e-06
32950.056 4.568233305499894e-06
33000.056 4.880377923700232e-06
33050.056 4.928874150999557e-06
33100.056 5.017516298898994e-06
33150.056 5.005890819700292e-06
33200.056 4.772216709900606e-06
33250.056 5.008270698900329e-06
33300.056 5.370369112300307e-06
33350.056 5.056340471900293e-06
33400.056 4.7793826556996134e-06
33450.056 5.119127967598757e-06
33500.056 5.079372118300194e-06
33550.056 5.025094254099299e-06
33600.056 5.085592024700542e-06
33650.056 5.160922985100844e-06
33700.056 5.307021438299326e-06
33750.056 5.271750941600249e-06
33800.056 5.196067811599958e-06
33850.056 5.074802051600024e-06
33900.056 5.540251139299507e-06
33950.056 5.074527104199483e-06
34000.056 5.109006783699156e-06
34050.056 5.252892465500136e-06
34100.056 5.447605607600513e-06
34150.056 5.355713862399462e-06
34200.056 5.14111030909945e-06
34250.056 5.584249380799285e-06
34300.056 5.271418264599494e-06
34350.056 5.456993799399423e-06
34400.056 5.191364676799512e-06
34450.056 5.128776271700131e-06
34500.056 5.328430718900936e-06
34550.056 5.224961660699777e-06
34600.056 5.342077719099855e-06
34650.056 5.3876071701998475e-06
34700.056 5.206411674099509e-06
34750.056 5.526229392800277e-06
34800.056 5.588181885299671e-06
34850.056 5.203282603499962e-06
34900.056 5.493279827600395e-06
34950.056 5.375762686999161e-06
35000.056 5.27547462459955e-06
35050.056 5.689392005700608e-06
35100.056 5.564705277699185e-06
35150.056 5.439617677399537e-06
35200.056 5.535450153899759e-06
35250.056 5.123703208300487e-06
35300.056 5.512569785300487e-06
35350.056 5.688339486999636e-06
35400.056 5.449744119399836e-06
35450.056 5.358371816000181e-06
35500.056 5.609488182500102e-06
35550.056 5.468433513099904e-06
35600.056 5.388380958699158e-06
35650.056 5.738992042100536e-06
35700.056 5.39423201430032e-06
35750.056 5.418955976499671e-06
35800.056 5.6174425086996876e-06
35850.056 5.694088249999769e-06
35900.056 5.776281982599553e-06
35950.056 5.645004484999465e-06
36000.056 5.287483438099481e-06
36050.056 5.764161939900199e-06
36100.056 5.954854320100018e-06
36150.056 5.434860876700357e-06
36200.056 5.784115637099517e-06
36250.056 5.498146925399306e-06
36300.056 6.046458861700724e-06
36350.056 5.843730891999325e-06
36400.056 5.70603260329987e-06
36450.056 6.009160637299686e-06
36500.056 5.6667253264003205e-06
36550.056 5.586890358900507e-06
36600.056 5.602536619900489e-06
36650.056 5.780637128900536e-06
36700.056 6.019989065900125e-06
36750.056 5.610126031400642e-06
36800.056 5.779208903399617e-06
36850.056 5.883346499999933e-06
36900.056 5.892969343200669e-06
36950.056 5.88608637970013e-06
37000.056 5.9160632833001265e-06
37050.056 6.0540183252998855e-06
37100.056 5.817385561700387e-06
37150.056 5.794936659499067e-06
37200.056 5.9783942484001076e-06
37250.056 6.009943349000282e-06
37300.056 5.999535498200898e-06
37350.056 5.763434592400552e-06
37400.056 5.996659395899775e-06
37450.056 5.953181062900355e-06
37500.056 6.129692972499748e-06
37550.056 5.951375583499212e-06
37600.056 6.182526153899381e-06
37650.056 5.768738938599538e-06
37700.056 5.89064808900021e-06
37750.056 6.140249712199183e-06
37800.056 6.224536602599945e-06
37850.056 6.06590631269979e-06
37900.056 6.1380485689003735e-06
37950.056 6.174930039800281e-06
38000.056 6.08018551770063e-06
38050.056 6.082664913900398e-06
38100.056 5.936630012400182e-06
38150.056 6.22307800539932e-06
38200.056 6.3196250411993764e-06
38250.056 6.014146215700567e-06
38300.056 5.939452802199918e-06
38350.056 6.135290500200032e-06
38400.056 6.185600589999847e-06
38450.056 6.156067725600546e-06
38500.056 6.084080002599748e-06
38550.056 6.134447865800421e-06
38600.056 6.473226724299765e-06
38650.056 5.871304159600194e-06
38700.056 5.960682847500629e-06
38750.056 6.2320106129999814e-06
38800.056 6.093006388300792e-06
38850.056 6.176171853800207e-06
38900.056 5.938325414799985e-06
38950.056 6.164446368699685e-06
39000.056 6.093326683600089e-06
39050.056 6.1287609654999725e-06
39100.056 5.879135845999937e-06
39150.056 6.005206637100231e-06
39200.056 6.116248060900212e-06
39250.056 6.115618417099402e-06
39300.056 6.133632306299145e-06
39350.056 6.0745311698004986e-06
39400.056 5.958631803700155e-06
39450.056 6.027643307599843e-06
39500.056 5.952201555699903e-06
39550.056 5.846733237799019e-06
39600.056 6.21445087640035e-06
39650.056 5.817610247700171e-06
39700.056 5.974872261399991e-06
39750.056 6.017632092899514e-06
39800.056 5.739306921800266e-06
39850.056 5.883339483099785e-06
39900.056 5.7434268611996675e-06
39950.056 5.9551072237997935e-06
40000.056 5.70975438739969e-06
40050.056 5.391815807299859e-06
40100.056 5.72157690679985e-06
40150.056 5.396473416699197e-06
40200.056 5.644696472199746e-06
40250.056 5.576326523598642e-06
40300.056 5.3046958432002365e-06
40350.056 5.463841151100155e-06
40400.056 5.554977334300108e-06
40450.056 5.18769829170089e-06
40500.056 5.000546308399942e-06
40550.056 5.583655150199665e-06
40600.056 5.152025584700313e-06
40650.056 5.321907305401001e-06
40700.056 5.548086084200253e-06
40750.056 4.990358008898857e-06
40800.056 4.9649475212005024e-06
40850.056 4.7437144997009276e-06
40900.056 4.659372491100657e-06
40950.056 5.002352832300038e-06
41000.056 5.15086407490033e-06
41050.056 5.051814029799184e-06
41100.056 4.8408697575004525e-06
41150.056 5.1405922838002086e-06
41200.056 4.864980293000084e-06
41250.056 4.958460096900178e-06
41300.056 4.504485301399705e-06
41350.056 5.046650040900266e-06
41400.056 4.848016604099956e-06
41450.056 4.7049750701000255e-06
41500.056 4.965515604200085e-06
41550.056 4.957583744100092e-06
41600.056 5.056114613499875e-06
41650.056 4.612321502800517e-06
41700.056 4.512506536099706e-06
41750.056 4.81855048270008e-06
41800.056 4.61752467889986e-06
41850.056 4.369247595900495e-06
41900.056 4.823940687799338e-06
41950.056 4.544995766000395e-06
42000.056 4.720615719800286e-06
42050.056 4.42450697309889e-06
42100.056 4.7783306493003165e-06
42150.056 4.288412908499418e-06
42200.056 4.320621561700178e-06
42250.056 4.645761541899826e-06
42300.056 4.405424990100058e-06
42350.056 4.684214698200642e-06
42400.056 4.370984048100054e-06
42450.056 3.984560438100219e-06
42500.056 4.025493083500228e-06
42550.056 4.356814115399704e-06
42600.056 4.264956438400493e-06
42650.056 4.253627490899062e-06
42700.056 4.3058269683006195e-06
42750.056 4.145274470099972e-06
42800.056 4.227868028700048e-06
42850.056 4.4369748127996945e-06
42900.056 4.308219487500329e-06
42950.056 3.845028999098708e-06
43000.056 4.121186757300014e-06
43050.056 3.955398628601212e-06
43100.056 4.077675292399351e-06
43150.056 4.214916574900844e-06
43200.056 4.002720271599886e-06
43250.056 4.08569980250091e-06
43300.056 4.1046537348001445e-06
43350.056 3.931296795999401e-06
43400.056 3.842824824799734e-06
43450.056 3.900539457400763e-06
43500.056 3.798691596299168e-06
43550.056 3.854394716899922e-06
43600.056 4.033531969700037e-06
43650.056 3.7280942043003427e-06
43700.056 3.744192217100142e-06
43750.056 3.7592899704999887e-06
43800.056 3.6491370117999155e-06
43850.056 3.766776295800435e-06
43900.056 3.783731811579904e-06
43950.056 3.613001464620308e-06
44000.056 3.4181195039001725e-06
44050.056 3.4416537262001205e-06
44100.056 3.5178938866006826e-06
44150.056 3.7569926128995758e-06
44200.056 3.492293711980239e-06
44250.056 3.374373175499746e-06
44300.056 3.3006846822006605e-06
44350.056 3.328382713200142e-06
44400.056 3.3444600207999842e-06
44450.056 3.5431600103001675e-06
44500.056 3.5550274365005938e-06
44550.056 3.224636847699314e-06
44600.056 3.2872173081404306e-06
44650.056 3.473635167999969e-06
44700.056 3.23687407950029e-06
44750.056 3.4488602616995457e-06
44800.056 3.389211948489916e-06
44850.056 3.4849753078003144e-06
44900.056 3.314632972900437e-06
44950.056 3.0633070457800593e-06
45000.056 3.3417723934000025e-06
45050.056 3.267847141899559e-06
45100.056 3.4259971153998043e-06
45150.056 3.329480660400093e-06
45200.056 3.0981270501997885e-06
45250.056 3.1692023865795823e-06
45300.056 3.2187030714000545e-06
45350.056 3.3635018308694405e-06
45400.056 3.295407057140339e-06
45450.056 3.0859075317494686e-06
45500.056 3.093107056899821e-06
45550.056 3.346987382399502e-06
45600.056 3.2395484672999532e-06
45650.056 3.01264715639922e-06
45700.056 3.152956455500447e-06
45750.056 3.1474017160698375e-06
45800.056 3.1363872154599372e-06
45850.056 3.4128841927000844e-06
45900.056 3.307550667259945e-06
45950.056 3.0373832490199265e-06
46000.056 3.3282866019600152e-06
46050.056 3.428436149550837e-06
46100.056 3.046524079030141e-06
46150.056 3.1034634136599274e-06
46200.056 3.3642927861807026e-06
46250.056 2.957274885839941e-06
46300.056 3.4327120172998683e-06
46350.056 2.9584452708997633e-06
46400.056 3.1972082729996624e-06
46450.056 3.08906116510062e-06
46500.056 3.0286585390499868e-06
46550.056 3.3100105634998396e-06
46600.056 3.070981080799755e-06
46650.056 3.5327806375399312e-06
46700.056 3.3630612996208908e-06
46750.056 2.9981770654599894e-06
46800.056 3.2257520314005206e-06
46850.056 3.2624450588899924e-06
46900.056 3.1890918465194637e-06
46950.056 3.388676726000181e-06
47000.056 3.239979917900048e-06
47050.056 3.2535433209997723e-06
47100.056 3.1040572208000695e-06
47150.056 3.2126915305004573e-06
47200.056 3.1411408700007476e-06
47250.056 3.167874602199232e-06
47300.056 3.159148940899196e-06
47350.056 2.9191522984995338e-06
47400.056 3.2393727700993662e-06
47450.056 3.377716585119864e-06
47500.056 3.078144688699291e-06
47550.056 3.1466858608394052e-06
47600.056 3.3144811881998876e-06
47650.056 2.7284573313393986e-06
47700.056 3.303822397500004e-06
47750.056 2.6539527741907627e-06
47800.056 3.307108121899761e-06
47850.056 2.794303835088974e-06
47900.056 3.3731473923001274e-06
47950.056 2.7549792780806925e-06
48000.056 3.466313153200062e-06
48050.056 2.9079900164805008e-06
48100.056 3.018362610700039e-06
48150.056 2.872872806500289e-06
48200.056 3.3256607668007684e-06
48250.056 2.922301369979814e-06
48300.056 3.471576044399868e-06
48350.056 2.6511862413793595e-06
48400.056 3.259013741199915e-06
48450.056 2.996541040690234e-06
48500.056 3.4086615502000172e-06
48550.056 2.7582087501399704e-06
48600.056 3.3057850493997306e-06
48650.056 2.725587925919963e-06
48700.056 3.1076377827000814e-06
48750.056 2.5682064565004e-06
48800.056 3.356613388800182e-06
48850.056 2.7601310807894755e-06
48900.056 3.2535861508000696e-06
48950.056 3.0838181282003548e-06
49000.056 2.9944661505598605e-06
49050.056 3.069954561599753e-06
49100.056 2.979124983100086e-06
49150.056 2.940074597600005e-06
49200.056 3.132539568919942e-06
49250.056 2.966795585900233e-06
49300.056 2.8231349278996276e-06
49350.056 2.7694110271999895e-06
49400.056 3.1953635887004492e-06
49450.056 2.884432279500622e-06
49500.056 2.903555797900437e-06
49550.056 2.7619830400999248e-06
49600.056 2.7998212513703207e-06
49650.056 2.8780403521004556e-06
49700.056 2.572255460499699e-06
49750.056 3.3449845311994695e-06
49800.056 2.9269794038999962e-06
49850.056 3.2388130327400722e-06
49900.056 2.8046263332000644e-06
49950.056 2.94846092839923e-06
50000.056 2.8013599895993787e-06
50050.056 2.969517310900062e-06
50100.056 2.9454324766997846e-06
50150.056 2.7745309119998846e-06
50200.056 2.5850724945001505e-06
50250.056 2.6792932755302526e-06
50300.056 2.6930280603995662e-06
50350.056 2.8636116570999294e-06
50400.056 2.820888196100099e-06
50450.056 2.668479644220216e-06
50500.056 3.2499170288004113e-06
50550.056 2.8203799439597856e-06
50600.056 2.8827152060002645e-06
50650.056 2.8017371322006242e-06
50700.056 2.9664779037993563e-06
50750.056 2.895471385800288e-06
50800.056 2.5381893917398586e-06
50850.056 2.7846131136003274e-06
50900.056 2.7640705253999428e-06
50950.056 2.918241454100444e-06
51000.056 3.1340656429002947e-06
51050.056 2.6461996544004255e-06
51100.056 2.6454152936998817e-06
51150.056 2.9144516457801678e-06
51200.056 2.7294446257398368e-06
51250.056 2.9284192383001676e-06
51300.056 2.666508718750612e-06
51350.056 2.8535746670997993e-06
51400.056 2.7881348108993303e-06
51450.056 2.200949727399735e-06
51500.056 2.867683893839967e-06
51550.056 3.15198674790025e-06
51600.056 2.392808565909877e-06
51650.056 2.823529680499674e-06
51700.056 2.5298917119592506e-06
51750.056 2.5752222960001613e-06
51800.056 2.8174462906996614e-06
51850.056 2.853608106499868e-06
51900.056 2.94489841480028e-06
51950.056 2.666081775599715e-06
52000.056 2.5025367541600277e-06
52050.056 2.8391722231997816e-06
52100.056 2.7712248040994535e-06
52150.056 2.7596722426003773e-06
52200.056 2.6490255842901143e-06
52250.056 2.6113270994999638e-06
52300.056 2.685319612899963e-06
52350.056 2.9630746480002507e-06
52400.056 2.4253281751000406e-06
52450.056 2.6574493915000153e-06
52500.056 2.7794758513992617e-06
52550.056 2.6057268463994384e-06
52600.056 2.7426631475001127e-06
52650.056 3.005286456000518e-06
52700.056 2.6719325148000863e-06
52750.056 2.3047473229998246e-06
52800.056 2.5454114046002343e-06
52850.056 2.4521966118999637e-06
52900.056 2.7215366833002714e-06
52950.056 2.593197233899574e-06
53000.056 2.818036318899578e-06
53050.056 2.7376200673296406e-06
53100.056 2.417271360799511e-06
53150.056 2.8382373147004787e-06
53200.056 2.2760771404604206e-06
53250.056 2.9169304109999465e-06
53300.056 2.8049200519007315e-06
53350.056 2.8751535884997873e-06
53400.056 2.5600638124001577e-06
53450.056 2.481320841550018e-06
53500.056 2.3327822400696616e-06
53550.056 2.7836216961000213e-06
53600.056 2.7323162354004172e-06
53650.056 2.4769576548406066e-06
53700.056 2.5222165024505653e-06
53750.056 2.809794325599737e-06
53800.056 2.7633911664003726e-06
53850.056 2.779499988299136e-06
