galfind/configs/Brown_Dwarf_templates/sonora_bobcat/m0.0/178g/sp_t375g178nc_m0.0_resample.dat
# %ECSV 1.0
# ---
# datatype:
# - {name: wav, unit: Angstrom, datatype: float64}
# - {name: flux_nu, unit: erg / (cm2 Hz s), datatype: float64}
# meta: {C/O: '1.00', Kzz: '1.0000E+05', Teff: '375.', Y: '0.28', '[Fe/H]': '0.00', f_hole: '1.00', f_rain: '0.00', grav: '178.'}
# schema: astropy-2.0
wav flux_nu
[from data line 499]
28950.056 4.466696082316495e-11
29000.056 2.7388069940027282e-11
29050.056 4.706700117450529e-11
29100.056 2.0472669581521933e-11
29150.056 2.813745934504713e-11
29200.056 8.615282641749143e-11
29250.056 7.370194077993135e-11
29300.056 4.296391311019542e-11
29350.056 1.1507451948714559e-10
29400.056 5.014177906152786e-11
29450.056 2.3525293078068788e-11
29500.056 1.2262821581554335e-10
29550.056 3.632299229699508e-11
29600.056 4.437294572147886e-11
29650.056 1.8434080130138072e-10
29700.056 2.995483483875846e-11
29750.056 1.2335219064150196e-10
29800.056 7.427089671358425e-11
29850.056 1.5389067800247887e-10
29900.056 6.291753852954406e-11
29950.056 8.073260301165786e-11
30000.056 1.0900223914689921e-12
30050.056 9.120766149215226e-12
30100.056 4.257408691217515e-11
30150.056 1.6926600170379177e-10
30200.056 1.0153033227423504e-10
30250.056 1.7642917830770104e-10
30300.056 2.5520497379030816e-10
30350.056 4.730036264663611e-11
30400.056 2.532200893963418e-10
30450.056 1.8832458193156181e-10
30500.056 9.337402638761254e-11
30550.056 7.632767715650723e-11
30600.056 7.822455818347458e-10
30650.056 2.8229103843767197e-10
30700.056 1.4434289883309298e-10
30750.056 3.2263808461135047e-10
30800.056 3.046921077497824e-10
30850.056 3.327098295800816e-10
30900.056 1.6537073801456703e-10
30950.056 1.3102833770226316e-10
31000.056 1.7087189884041674e-10
31050.056 9.938531991944714e-11
31100.056 6.923605583687738e-11
31150.056 1.2992324490555446e-10
31200.056 4.582298721222727e-10
31250.056 2.0958900723244853e-10
31300.056 1.209877056752483e-10
31350.056 3.4661668409305876e-10
31400.056 2.2199579356290566e-10
31450.056 2.2600859017891646e-10
31500.056 7.241442362439624e-11
31550.056 1.3985125019528049e-10
31600.056 1.0190422175504194e-10
31650.056 8.188557038306105e-11
31700.056 6.855833509630664e-11
31750.056 3.4833166532750536e-11
31800.056 6.922751834386232e-11
31850.056 1.1256470539058013e-11
31900.056 2.7708049887763067e-11
31950.056 1.6596059585041343e-11
32000.056 1.0770222048390288e-11
32050.056 1.692064285596753e-11
32100.056 1.4241508474169427e-11
32150.056 1.3300809944111396e-11
32200.056 6.0880899730058826e-12
32250.056 1.5394216626201837e-11
32300.056 3.984607249318134e-12
32350.056 1.5395457048575268e-11
32400.056 1.6638377988728261e-12
32450.056 1.0300806488150985e-11
32500.056 1.7678575903741985e-12
32550.056 8.400035658077512e-12
32600.056 1.722268156594285e-12
32650.056 2.23217482832175e-11
32700.056 2.947237475402518e-12
32750.056 5.292253265442927e-11
32800.056 2.4790768103315013e-11
32850.056 1.1822439834601795e-10
32900.056 9.741752167248667e-11
32950.056 9.894715447790088e-11
33000.056 2.58508154352337e-11
33050.056 2.9167799403976416e-11
33100.056 5.111714492630555e-12
33150.056 1.3839606621328385e-15
33200.056 1.5718795128818622e-13
33250.056 2.877388094555538e-13
33300.056 4.159326882230543e-12
33350.056 1.15626508765365e-11
33400.056 4.84096982790867e-11
33450.056 1.8458728516606775e-11
33500.056 8.206909959625825e-11
33550.056 1.312788396913763e-11
33600.056 3.825050041254748e-11
33650.056 3.6627113607428045e-11
33700.056 8.881452246552159e-12
33750.056 5.15968334759965e-11
33800.056 3.1827490362438764e-12
33850.056 2.3911352543992712e-11
33900.056 2.69807965974115e-11
33950.056 2.223499443145638e-11
34000.056 5.4647155679876844e-11
34050.056 7.599588872335991e-12
34100.056 5.517712644589207e-11
34150.056 1.8964902726116294e-11
34200.056 6.597358419268223e-11
34250.056 3.205810187681069e-11
34300.056 3.7551092156355365e-11
34350.056 1.1308660999199453e-10
34400.056 2.3245965585981274e-11
34450.056 9.815144086730894e-11
34500.056 4.021005205660873e-11
34550.056 4.1383586506923246e-11
34600.056 2.079265710888041e-10
34650.056 1.970690745981407e-11
34700.056 1.2869248971236986e-10
34750.056 7.324538051063903e-11
34800.056 6.021172301211783e-11
34850.056 2.3850214115220627e-10
34900.056 3.375704507986658e-11
34950.056 2.2456121185550651e-10
35000.056 3.5153644488092543e-10
35050.056 1.9644362781661566e-10
35100.056 4.4806417620396964e-10
35150.056 3.6667174922080127e-10
35200.056 2.693354734969252e-10
35250.056 5.435919504960626e-10
35300.056 1.7270253588164242e-10
35350.056 2.1614824257259218e-10
35400.056 1.513229234770977e-10
35450.056 1.4312101677979403e-10
35500.056 5.557535796574149e-10
35550.056 2.938614942367563e-10
35600.056 4.350838673056672e-10
35650.056 5.52193612502499e-10
35700.056 5.700745151374805e-10
35750.056 6.881721759324422e-10
35800.056 4.592056571959604e-10
35850.056 1.9094761696339138e-10
35900.056 2.5310615656995086e-10
35950.056 4.0984307078189985e-10
36000.056 4.917583147934119e-10
36050.056 3.226411446899749e-10
36100.056 3.0694154208230675e-10
36150.056 9.496410348075784e-10
36200.056 9.486701132766294e-10
36250.056 5.677127362445278e-10
36300.056 1.6163657428416186e-09
36350.056 8.068630209076212e-10
36400.056 1.4201680472309652e-09
36450.056 1.2021190901059588e-09
36500.056 1.2739908648749757e-09
36550.056 2.2971793415095886e-09
36600.056 2.308129986894404e-09
36650.056 1.468707883240742e-09
36700.056 1.721391043614309e-09
36750.056 2.3422675991014114e-09
36800.056 2.8983928643895297e-09
36850.056 1.2470922550499506e-09
36900.056 2.072555138685794e-09
36950.056 2.886153424164701e-09
37000.056 1.7798717075263606e-09
37050.056 3.217947629249918e-09
37100.056 1.524197140006867e-09
37150.056 1.951847831760341e-09
37200.056 3.852613324899446e-09
37250.056 2.142988703322473e-09
37300.056 1.2858835081866456e-09
37350.056 2.5029750577239016e-09
37400.056 4.151109774026616e-09
37450.056 1.4284258449769736e-09
37500.056 2.26590110115272e-09
37550.056 4.960626946267522e-09
37600.056 8.13975158979708e-09
37650.056 1.942984560350198e-09
37700.056 3.996348772150496e-09
37750.056 2.8683761687281495e-09
37800.056 2.7035988146274815e-09
37850.056 1.3633566559830465e-09
37900.056 1.6942867783440031e-09
37950.056 3.710650437990764e-09
38000.056 3.312648101231497e-09
38050.056 5.527895839851953e-09
38100.056 6.886968294530041e-09
38150.056 8.061576172037123e-09
38200.056 5.733143208145862e-09
38250.056 7.332814735879624e-09
38300.056 1.1568495847688088e-08
38350.056 9.560442980427813e-09
38400.056 3.3758861104496408e-09
38450.056 1.2579810370316129e-09
38500.056 9.243958736117529e-10
38550.056 4.0146699805608385e-09
38600.056 4.534621320700178e-09
38650.056 5.141344488949031e-09
38700.056 3.6898797816926137e-09
38750.056 4.41565145803945e-09
38800.056 4.3943200088992795e-09
38850.056 5.34723212304365e-09
38900.056 6.6314047432615195e-09
38950.056 3.7310326642164266e-09
39000.056 7.02383833682144e-09
39050.056 3.400564871698511e-09
39100.056 5.9016305457967555e-09
39150.056 8.91043540115835e-09
39200.056 5.6021475941345915e-09
39250.056 9.784767551485233e-09
39300.056 5.910386634256362e-09
39350.056 1.203864318989946e-08
39400.056 6.247771944142023e-09
39450.056 9.84522438119565e-09
39500.056 1.0035781287441257e-08
39550.056 4.097040438145614e-09
39600.056 9.388266546926474e-09
39650.056 1.2517452274698963e-08
39700.056 1.1937013228341926e-08
39750.056 4.946991581438043e-09
39800.056 5.569701752283952e-09
39850.056 1.4227260443701858e-08
39900.056 1.7071936965100964e-08
39950.056 6.301102958443913e-09
40000.056 1.2212818981319762e-08
40050.056 1.419766652027941e-08
40100.056 4.3261231222631e-09
40150.056 1.2211798508460404e-08
40200.056 1.3568509239676975e-08
40250.056 1.5437121362146925e-08
40300.056 1.5656463431200952e-08
40350.056 8.448869642496204e-09
40400.056 1.2615586630934288e-08
40450.056 5.630385580862117e-09
40500.056 1.6134450714420862e-08
40550.056 1.738723193563626e-08
40600.056 1.4207592857700112e-08
40650.056 1.0664231801418797e-08
40700.056 2.1496769968777773e-08
40750.056 1.399056649111654e-08
40800.056 7.845842709999397e-09
40850.056 2.559512949300574e-08
40900.056 2.1821061153696994e-08
40950.056 1.7680010794942992e-08
41000.056 1.334168995953308e-08
41050.056 2.7722362616995132e-08
41100.056 2.3055518997579498e-08
41150.056 7.859322513315996e-09
41200.056 2.6909645943803527e-08
41250.056 2.1623392717200485e-08
41300.056 2.2917407457602155e-08
41350.056 3.0618569730998323e-08
41400.056 2.405525272119927e-08
41450.056 3.393241501059562e-08
41500.056 1.9655202446486804e-08
41550.056 1.7684410362408112e-08
41600.056 1.933298635462308e-08
41650.056 2.8144695248843272e-08
41700.056 3.839920971499272e-08
41750.056 2.763998709019696e-08
41800.056 2.877944551450477e-08
41850.056 2.678389041866511e-08
41900.056 2.201418211317349e-08
41950.056 2.1888240148499468e-08
42000.056 1.0711623092817621e-08
42050.056 1.478050537219316e-08
42100.056 1.7623578758390536e-08
42150.056 2.0002660458769367e-08
42200.056 2.33189539370991e-08
42250.056 1.8954968081334323e-08
42300.056 1.6723417288338566e-08
42350.056 2.8945507028101322e-08
42400.056 3.483721427870322e-08
42450.056 3.4584563713006035e-08
42500.056 3.536906154099653e-08
42550.056 2.9795234217995815e-08
42600.056 2.9975567790411006e-08
42650.056 4.582930296879061e-08
42700.056 2.011474513863261e-08
42750.056 3.1591704373505426e-08
42800.056 4.7404190198003705e-08
42850.056 4.9334713229989426e-08
42900.056 5.1202276065806055e-08
42950.056 3.9252245895098164e-08
43000.056 4.5897186224801714e-08
43050.056 2.1862316838501253e-08
43100.056 3.758056687299822e-08
43150.056 3.048693464630267e-08
43200.056 4.6930233177003736e-08
43250.056 6.285597697800304e-08
43300.056 5.726506973700019e-08
43350.056 3.026813895439325e-08
43400.056 4.574348047710276e-08
43450.056 2.858306584540172e-08
43500.056 2.7865975590804887e-08
43550.056 3.161303743160301e-08
43600.056 5.434410723300488e-08
43650.056 3.136428684379917e-08
43700.056 6.101307197101284e-08
43750.056 5.7120722558995744e-08
43800.056 4.928857226529668e-08
43850.056 4.446321592130509e-08
43900.056 3.2383423769896415e-08
43950.056 2.1923413208597828e-08
44000.056 2.2359271557199074e-08
44050.056 5.7535337568001954e-08
44100.056 7.635677733300108e-08
44150.056 6.742320462599735e-08
44200.056 6.32718747560019e-08
44250.056 3.287302043099645e-08
44300.056 2.4627611930303293e-08
44350.056 2.704882642245441e-08
44400.056 2.536048127659816e-08
44450.056 4.9026923769304113e-08
44500.056 4.306801451380572e-08
44550.056 6.294490663299766e-08
44600.056 5.12473911379e-08
44650.056 4.802672084810136e-08
44700.056 3.1639646854996106e-08
44750.056 5.001766301910875e-08
44800.056 3.180745776830243e-08
44850.056 4.555788880800197e-08
44900.056 4.148062848889986e-08
44950.056 4.870870006880556e-08
45000.056 5.969829554600151e-08
45050.056 5.1553038852994475e-08
45100.056 4.645572898870193e-08
45150.056 3.999348877289453e-08
45200.056 2.9493405781903054e-08
45250.056 3.5897848317592263e-08
45300.056 3.426217498020456e-08
45350.056 2.5333838956825747e-08
45400.056 7.342853360100735e-08
45450.056 5.78313170688061e-08
45500.056 7.250727588640433e-08
45550.056 7.638906850998338e-08
45600.056 6.386684338800811e-08
45650.056 5.331861525009905e-08
45700.056 3.248941442191751e-08
45750.056 2.9135610842002007e-08
45800.056 7.470685660100356e-08
45850.056 5.728865570830007e-08
45900.056 7.562645026899652e-08
45950.056 6.785798414999706e-08
46000.056 7.184742888700729e-08
46050.056 5.237765914780545e-08
46100.056 8.757231949399446e-08
46150.056 4.893948842920041e-08
46200.056 3.947223807609385e-08
46250.056 1.4667472707188837e-08
46300.056 4.864719963860167e-08
46350.056 5.072188746620683e-08
46400.056 4.9187134327701574e-08
46450.056 4.337923728008838e-08
46500.056 4.96712679761089e-08
46550.056 2.463875783779999e-08
46600.056 3.477949321173496e-08
46650.056 5.7344981955102975e-08
46700.056 3.727850187199165e-08
46750.056 1.626958377739294e-08
46800.056 1.0353208897659372e-08
46850.056 5.236994400300799e-08
46900.056 6.045406759999752e-08
46950.056 6.013612210899602e-08
47000.056 5.93462752680068e-08
47050.056 3.889806856006826e-08
47100.056 2.805433789170236e-08
47150.056 4.7355624022206156e-08
47200.056 5.2407603526996534e-08
47250.056 2.4655355894495885e-08
47300.056 1.636356357810396e-08
47350.056 5.711190952000421e-08
47400.056 5.540656374299547e-08
47450.056 3.7329492606603255e-08
47500.056 6.482079838559877e-08
47550.056 5.5475595013002e-08
47600.056 4.718606238714448e-08
47650.056 5.279167700849848e-08
47700.056 3.94167810306077e-08
47750.056 2.861225677050056e-08
47800.056 2.174836904700312e-08
47850.056 9.239083351931775e-09
47900.056 1.6054240764659694e-08
47950.056 4.424678253500254e-08
48000.056 6.058436034299835e-08
48050.056 4.703250427899975e-08
48100.056 1.9339557875421734e-08
48150.056 3.812789804580161e-08
48200.056 2.375694171805811e-08
48250.056 3.309008078499961e-08
48300.056 5.770949755299809e-08
48350.056 3.27479436400957e-08
48400.056 6.632257624015109e-09
48450.056 1.4250850147853576e-08
48500.056 2.694184824059347e-08
48550.056 3.1691535404904146e-08
48600.056 4.849917487199971e-08
48650.056 6.214145870499707e-08
48700.056 3.931404639520658e-08
48750.056 2.8496597743906114e-08
48800.056 5.075913490700226e-08
48850.056 2.476687572223598e-08
48900.056 2.8663561794596992e-08
48950.056 1.4805129156599526e-08
49000.056 8.022037597451707e-09
49050.056 2.868306497539636e-08
49100.056 3.9953815268277125e-08
49150.056 3.040890561804136e-08
49200.056 5.088758690100706e-08
49250.056 5.302986223500159e-08
49300.056 4.25113136749983e-08
49350.056 1.4976045443948343e-08
49400.056 2.300719608905415e-08
49450.056 2.0104601959909662e-08
49500.056 1.5552424427647406e-08
49550.056 2.5902771914280355e-09
49600.056 8.265559305167612e-09
49650.056 2.528872465200204e-08
49700.056 3.036449178429247e-08
49750.056 2.6426837788319634e-08
49800.056 1.5322203973851972e-08
49850.056 3.796656730480523e-08
49900.056 3.49873928291981e-08
49950.056 3.397090877799984e-08
50000.056 2.1639099391600545e-08
50050.056 2.706504028630196e-08
50100.056 2.203333763439849e-08
50150.056 8.639183085218247e-09
50200.056 1.1701040695945794e-09
50250.056 8.804555954699903e-09
50300.056 5.814625284450178e-09
50350.056 2.5400139526504156e-08
50400.056 3.0241604186596514e-08
50450.056 2.2730646427401668e-08
50500.056 3.683520042320139e-08
50550.056 3.375390731600189e-08
50600.056 2.2707370737843096e-08
50650.056 3.886793586900563e-08
50700.056 3.6825077539997594e-08
50750.056 2.103295912800061e-08
50800.056 5.7785851523768804e-09
50850.056 2.5858090077273412e-09
50900.056 2.1266257974001968e-08
50950.056 2.187829617599783e-08
51000.056 1.562253991350302e-08
51050.056 2.662087251049642e-08
51100.056 8.81081348972932e-09
51150.056 8.575593100983883e-09
51200.056 3.235252617099955e-08
51250.056 2.4056830460135948e-08
51300.056 1.5050634022303717e-08
51350.056 1.284724516988282e-08
51400.056 3.2158477549207088e-09
51450.056 2.6827566812840577e-09
51500.056 2.564448220821076e-09
51550.056 1.1943874891922451e-08
51600.056 1.2256850594882595e-08
51650.056 1.7706226392199607e-08
51700.056 1.6961692996170946e-08
51750.056 1.0786592250847358e-08
51800.056 2.256025742899756e-08
51850.056 1.7533492286399052e-08
51900.056 1.8749844804900224e-08
51950.056 9.150460785798752e-09
52000.056 6.826338686537226e-10
52050.056 4.490606636000539e-09
52100.056 2.2315391069795234e-09
52150.056 1.162463734791437e-09
52200.056 5.316894383589881e-09
52250.056 9.575768552202073e-09
52300.056 1.1423664339399156e-08
52350.056 2.668729134074693e-09
52400.056 3.072262207869982e-09
52450.056 1.4891658411201406e-08
52500.056 1.0430299318808659e-08
52550.056 1.4623366951799255e-08
52600.056 1.1487135724580478e-08
52650.056 1.4001935475900713e-08
52700.056 8.668803710989427e-09
52750.056 2.5690625431740748e-09
52800.056 5.517017535581053e-09
52850.056 6.728372667418246e-09
52900.056 2.0579870637667774e-09
52950.056 3.982337088340666e-09
53000.056 8.838064820801148e-09
53050.056 2.8801775392632394e-09
53100.056 1.270156689380011e-08
53150.056 1.2690932271400451e-08
53200.056 5.463664674599847e-09
53250.056 1.0695546512359946e-08
53300.056 1.269039743922932e-08
53350.056 9.83157389590048e-09
53400.056 5.936007926898753e-09
53450.056 1.5965904963494e-09
53500.056 2.193010629679182e-10
53550.056 6.19717073972008e-10
53600.056 3.897306065108839e-09
