galfind/configs/Brown_Dwarf_templates/sonora_bobcat/m0.0/178g/sp_t1800g178nc_m0.0_resample.dat
# %ECSV 1.0
# ---
# datatype:
# - {name: wav, unit: Angstrom, datatype: float64}
# - {name: flux_nu, unit: erg / (cm2 Hz s), datatype: float64}
# meta: {C/O: '1.00', Kzz: '1.0000E+05', Teff: '1800.', Y: '0.28', '[Fe/H]': '0.00', f_hole: '1.00', f_rain: '0.00', grav: '178.'}
# schema: astropy-2.0
wav flux_nu
[from data line 497]
28850.056 1.1613201008021365e-06
28900.056 8.669590063370457e-07
28950.056 1.2969336374399427e-06
29000.056 1.060918500559732e-06
29050.056 1.1179109144599128e-06
29100.056 9.007988635941372e-07
29150.056 1.2021382709601974e-06
29200.056 1.032419321558199e-06
29250.056 1.1898461898840072e-06
29300.056 9.55548890929577e-07
29350.056 1.4028936566997917e-06
29400.056 1.1016043307598434e-06
29450.056 1.1314977076099723e-06
29500.056 1.1785210947798686e-06
29550.056 1.1358475453200543e-06
29600.056 1.2453664372597783e-06
29650.056 1.1725747160298973e-06
29700.056 1.0602216024398257e-06
29750.056 1.3183564890805496e-06
29800.056 1.340796546269872e-06
29850.056 1.2656768910598555e-06
29900.056 1.1551497837203603e-06
29950.056 1.3854854546897657e-06
30000.056 1.3548553147297297e-06
30050.056 1.257924027279921e-06
30100.056 1.0689562318196962e-06
30150.056 1.5959542393299142e-06
30200.056 1.3828217088601028e-06
30250.056 1.3937312584703601e-06
30300.056 1.3465040255198256e-06
30350.056 1.3152800149501836e-06
30400.056 1.6136494817402893e-06
30450.056 1.259904549240135e-06
30500.056 1.171148867060155e-06
30550.056 1.573379949280311e-06
30600.056 1.5159947588301874e-06
30650.056 1.5503203341000224e-06
30700.056 1.4116110116299058e-06
30750.056 1.3728538792000282e-06
30800.056 1.6136782064303228e-06
30850.056 1.3594946256898926e-06
30900.056 1.367703490999875e-06
30950.056 1.3004849966601915e-06
31000.056 1.501998773869952e-06
31050.056 1.3757819792699864e-06
31100.056 1.3135535737299085e-06
31150.056 1.4609221822197126e-06
31200.056 1.4548161166498765e-06
31250.056 1.5309887371901449e-06
31300.056 1.3885186135698382e-06
31350.056 1.373990970339954e-06
31400.056 1.3254137238503486e-06
31450.056 1.3714693669999783e-06
31500.056 1.3842778504100401e-06
31550.056 1.2928765545499986e-06
31600.056 1.30602204585989e-06
31650.056 1.3583368677399479e-06
31700.056 1.3446161431298898e-06
31750.056 1.2092219172302515e-06
31800.056 1.440957478089993e-06
31850.056 1.459783857660188e-06
31900.056 1.5905881351099236e-06
31950.056 1.146079694469911e-06
32000.056 1.3006494667901242e-06
32050.056 1.5338774942801599e-06
32100.056 1.5190567195398408e-06
32150.056 1.6132217229999396e-06
32200.056 1.50298662860994e-06
32250.056 1.5405012915202125e-06
32300.056 1.5019642685299963e-06
32350.056 1.7765948555103208e-06
32400.056 1.46160905088002e-06
32450.056 1.572929515779894e-06
32500.056 1.6844112543003146e-06
32550.056 1.9042151402100726e-06
32600.056 1.8759273444798897e-06
32650.056 1.8935392208505267e-06
32700.056 1.8200040781502362e-06
32750.056 1.8479425274700177e-06
32800.056 1.7181610908501428e-06
32850.056 2.0846847778397297e-06
32900.056 2.070990892629999e-06
32950.056 1.758073062309847e-06
33000.056 1.8718655130201464e-06
33050.056 1.8841338099298724e-06
33100.056 1.8332881299895703e-06
33150.056 1.361926762930149e-06
33200.056 1.03070542655975e-06
33250.056 9.534728838995363e-07
33300.056 8.836672342502074e-07
33350.056 9.801353484701044e-07
33400.056 1.0115367057198345e-06
33450.056 1.1476012327197439e-06
33500.056 1.450008868360283e-06
33550.056 1.4706645239600038e-06
33600.056 1.6858989208303093e-06
33650.056 1.8825055493805294e-06
33700.056 1.8509327364797583e-06
33750.056 2.070669781079993e-06
33800.056 1.9155884863597585e-06
33850.056 1.983766077960118e-06
33900.056 2.1511143054196546e-06
33950.056 1.9446897108498954e-06
34000.056 1.9809922681994937e-06
34050.056 1.923797112379602e-06
34100.056 2.1762402580302384e-06
34150.056 2.0256478632095147e-06
34200.056 1.9011544532694325e-06
34250.056 2.184519372899701e-06
34300.056 1.8510169040790168e-06
34350.056 1.957582485990031e-06
34400.056 1.8501268500099307e-06
34450.056 1.898257916250036e-06
34500.056 2.102300833780256e-06
34550.056 1.8333093897298849e-06
34600.056 2.0939186874300248e-06
34650.056 2.088712036050074e-06
34700.056 2.0291332029695827e-06
34750.056 2.2623899270602644e-06
34800.056 2.165771089189587e-06
34850.056 1.988903113720122e-06
34900.056 2.0924596386903177e-06
34950.056 2.0215903315695246e-06
35000.056 2.1324504927598003e-06
35050.056 2.3824626270105033e-06
35100.056 2.1261887859695617e-06
35150.056 2.25087691417995e-06
35200.056 2.2673118846599448e-06
35250.056 2.1578616019400266e-06
35300.056 2.229440164450055e-06
35350.056 2.332156801599824e-06
35400.056 2.198829624970043e-06
35450.056 2.0376648956905002e-06
35500.056 2.4567722098998347e-06
35550.056 2.3119525656999396e-06
35600.056 2.137093599429884e-06
35650.056 2.5735578798002767e-06
35700.056 2.176264183400251e-06
35750.056 2.3782267365196894e-06
35800.056 2.5764611407998086e-06
35850.056 2.3905303262000195e-06
35900.056 2.741339857699674e-06
35950.056 2.510096179960046e-06
36000.056 2.3382780521998787e-06
36050.056 2.7438722689003256e-06
36100.056 2.7664631112992485e-06
36150.056 2.4703794596203913e-06
36200.056 2.791280645259686e-06
36250.056 2.5184207041595963e-06
36300.056 2.9849299361704495e-06
36350.056 2.7518327137997406e-06
36400.056 2.7001899676000328e-06
36450.056 3.031992086399687e-06
36500.056 2.780662132900167e-06
36550.056 2.7487266105605895e-06
36600.056 2.8001518884001717e-06
36650.056 2.9045735551001184e-06
36700.056 3.125674051800014e-06
36750.056 2.830043066200204e-06
36800.056 2.948756996599833e-06
36850.056 3.0230550608002716e-06
36900.056 3.024862747100428e-06
36950.056 3.0343635540798822e-06
37000.056 3.1425333865999307e-06
37050.056 3.1830318900998446e-06
37100.056 3.112591061300351e-06
37150.056 3.1238446290994955e-06
37200.056 3.2376807096000336e-06
37250.056 3.2687811378001006e-06
37300.056 3.2957911588004785e-06
37350.056 3.052735560800432e-06
37400.056 3.246478203199785e-06
37450.056 3.173831318900219e-06
37500.056 3.3008632343997134e-06
37550.056 3.2456993060994916e-06
37600.056 3.4250799604996764e-06
37650.056 3.2120778355998034e-06
37700.056 3.3449091802000067e-06
37750.056 3.43191387829975e-06
37800.056 3.5035581692998823e-06
37850.056 3.331013211399866e-06
37900.056 3.4134725322002842e-06
37950.056 3.452442329800069e-06
38000.056 3.4413146180003726e-06
38050.056 3.450280577700234e-06
38100.056 3.2914036883002628e-06
38150.056 3.603702301799711e-06
38200.056 3.632617256299662e-06
38250.056 3.3297951301004435e-06
38300.056 3.310392434299952e-06
38350.056 3.448925913499893e-06
38400.056 3.5236373792997825e-06
38450.056 3.657569987600217e-06
38500.056 3.4807636081998904e-06
38550.056 3.515787676500166e-06
38600.056 3.863244264899849e-06
38650.056 3.402584431600075e-06
38700.056 3.445439621900601e-06
38750.056 3.6211852423999573e-06
38800.056 3.575494399500376e-06
38850.056 3.5170113320001893e-06
38900.056 3.3993579989998617e-06
38950.056 3.661685246399821e-06
39000.056 3.5177265219001036e-06
39050.056 3.619318283599893e-06
39100.056 3.378550190800085e-06
39150.056 3.5324922753001115e-06
39200.056 3.637561378200099e-06
39250.056 3.600670973499451e-06
39300.056 3.581515694899421e-06
39350.056 3.588974796400331e-06
39400.056 3.5286688416001005e-06
39450.056 3.5587660034998584e-06
39500.056 3.4528351924997037e-06
39550.056 3.415387354289537e-06
39600.056 3.7380639887000097e-06
39650.056 3.3274131127000505e-06
39700.056 3.4585113812998646e-06
39750.056 3.4528539151996306e-06
39800.056 3.2424984301001615e-06
39850.056 3.3993948720997666e-06
39900.056 3.3284137440999893e-06
39950.056 3.4895850728998303e-06
40000.056 3.157732213199852e-06
40050.056 3.0385232035999808e-06
40100.056 3.2632016808998447e-06
40150.056 3.0551217736994212e-06
40200.056 3.18311422599977e-06
40250.056 3.0580353007992073e-06
40300.056 2.9131396820002938e-06
40350.056 3.1308196366002772e-06
40400.056 3.1170063178999936e-06
40450.056 2.914126429900334e-06
40500.056 2.705206670700208e-06
40550.056 3.1536162837997317e-06
40600.056 2.7160354384902986e-06
40650.056 2.909027320600327e-06
40700.056 3.064745506600127e-06
40750.056 2.6915037039991067e-06
40800.056 2.649111725210258e-06
40850.056 2.531077175240576e-06
40900.056 2.545456808100316e-06
40950.056 2.683053840139957e-06
41000.056 2.736280428000032e-06
41050.056 2.692857431999542e-06
41100.056 2.5240860885000667e-06
41150.056 2.7162453000000452e-06
41200.056 2.5606690757500625e-06
41250.056 2.6053825826002078e-06
41300.056 2.260560473849635e-06
41350.056 2.6690684467000817e-06
41400.056 2.4642533898001853e-06
41450.056 2.459634586160161e-06
41500.056 2.6194700784001775e-06
41550.056 2.522061658590051e-06
41600.056 2.5546327359000745e-06
41650.056 2.342115950480381e-06
41700.056 2.2349367620397116e-06
41750.056 2.365548111679878e-06
41800.056 2.3804169480796526e-06
41850.056 2.0582155536803784e-06
41900.056 2.42905569310985e-06
41950.056 2.1822159852005155e-06
42000.056 2.2401081095901927e-06
42050.056 2.0076056492494293e-06
42100.056 2.296476799120274e-06
42150.056 1.7498917538994802e-06
42200.056 1.8996643377500895e-06
42250.056 2.106558696219912e-06
42300.056 1.7792784627200634e-06
42350.056 2.1030341581205045e-06
42400.056 1.8020935842503913e-06
42450.056 1.581364690400128e-06
42500.056 1.6801819330302575e-06
42550.056 1.7368539846799563e-06
42600.056 1.7204364869803412e-06
42650.056 1.5733675851191999e-06
42700.056 1.7667101503605412e-06
42750.056 1.6307838378699408e-06
42800.056 1.62705391811049e-06
42850.056 1.758535484489636e-06
42900.056 1.706442265680084e-06
42950.056 1.5349063560193184e-06
43000.056 1.6098987271399599e-06
43050.056 1.4797171757507233e-06
43100.056 1.6213050182701142e-06
43150.056 1.6328561066802722e-06
43200.056 1.587328184240169e-06
43250.056 1.5731553099898755e-06
43300.056 1.6391912072101375e-06
43350.056 1.4395507337098632e-06
43400.056 1.5058480162499026e-06
43450.056 1.4848689899604058e-06
43500.056 1.4677429332298218e-06
43550.056 1.5149641346100793e-06
43600.056 1.5690898520500963e-06
43650.056 1.3697371205601113e-06
43700.056 1.3431679319397428e-06
43750.056 1.3957305750002142e-06
43800.056 1.2932952064101428e-06
43850.056 1.3251488316203206e-06
43900.056 1.3763304122799097e-06
43950.056 1.2702305762101452e-06
44000.056 1.1910336480901239e-06
44050.056 1.1877378724800964e-06
44100.056 1.2562631071801972e-06
44150.056 1.3084295804997992e-06
44200.056 1.2141696330100096e-06
44250.056 1.195644993550025e-06
44300.056 1.1615295864801472e-06
44350.056 1.1262666994400653e-06
44400.056 1.1897349096399322e-06
44450.056 1.2115238588500487e-06
44500.056 1.2009180386901303e-06
44550.056 1.091972677509779e-06
44600.056 1.110491977740119e-06
44650.056 1.1846031518000537e-06
44700.056 1.092841318080082e-06
44750.056 1.13764191806988e-06
44800.056 1.1391416963699565e-06
44850.056 1.1285934827300945e-06
44900.056 1.0640900922601238e-06
44950.056 1.0102121687800339e-06
45000.056 1.097013288019935e-06
45050.056 1.100057174279904e-06
45100.056 1.1339260847699828e-06
45150.056 1.0436477153299875e-06
45200.056 9.658223873599953e-07
45250.056 1.0055177475699194e-06
45300.056 1.090378505410052e-06
45350.056 1.1219562721099207e-06
45400.056 1.0507335059201286e-06
45450.056 9.70904350479852e-07
45500.056 1.0132211751099598e-06
45550.056 1.1084884925699513e-06
45600.056 1.0166291217799761e-06
45650.056 9.343840697398359e-07
45700.056 1.0904774697800736e-06
45750.056 9.884732147300164e-07
45800.056 9.749832590399657e-07
45850.056 1.1586921433899685e-06
45900.056 1.1502241706000418e-06
45950.056 9.970560690499937e-07
46000.056 1.1842412815300162e-06
46050.056 1.179821777740235e-06
46100.056 9.675779902200912e-07
46150.056 1.0577980160299456e-06
46200.056 1.131948577410237e-06
46250.056 9.395677598999958e-07
46300.056 1.2237587923699699e-06
46350.056 1.034849409639901e-06
46400.056 1.0653198950798905e-06
46450.056 1.104112564600158e-06
46500.056 9.997542317499249e-07
46550.056 1.2340144213899963e-06
46600.056 1.1354354394600415e-06
46650.056 1.4603494665698532e-06
46700.056 1.3600834610904023e-06
46750.056 1.0694277623999308e-06
46800.056 1.1660517636201634e-06
46850.056 1.2670584894101435e-06
46900.056 1.1768007712498032e-06
46950.056 1.3460176204600285e-06
47000.056 1.1119687066299959e-06
47050.056 1.3384816750698303e-06
47100.056 1.0291852310600848e-06
47150.056 1.1602321819801426e-06
47200.056 1.2442431541402919e-06
47250.056 1.0985888800898482e-06
47300.056 1.1584735468697558e-06
47350.056 9.830815049498386e-07
47400.056 1.225616680599773e-06
47450.056 1.0767734049099136e-06
47500.056 1.2110700099298343e-06
47550.056 1.076629699599906e-06
47600.056 1.2382307126499026e-06
47650.056 9.060106831197944e-07
47700.056 1.2640753240100386e-06
47750.056 8.692156086801925e-07
47800.056 1.2266055437998917e-06
47850.056 9.340302582198808e-07
47900.056 1.22810374271006e-06
47950.056 9.26222006490166e-07
48000.056 1.3865313827699893e-06
48050.056 1.0302832798001578e-06
48100.056 1.1502843111899647e-06
48150.056 1.0326342379401402e-06
48200.056 1.2446220459301385e-06
48250.056 1.0240323120199944e-06
48300.056 1.3586277502198017e-06
48350.056 9.193557009499e-07
48400.056 1.2152908897999844e-06
48450.056 9.815059802500328e-07
48500.056 1.3763227457400286e-06
48550.056 9.305937709400157e-07
48600.056 1.2785906580398924e-06
48650.056 9.67282784859977e-07
48700.056 1.2554008682600938e-06
48750.056 8.688100807900756e-07
48800.056 1.3840940448000768e-06
48850.056 9.473555167098147e-07
48900.056 1.2782872578201133e-06
48950.056 1.1163430500000084e-06
49000.056 1.1164774580998995e-06
49050.056 1.2043750383199423e-06
49100.056 1.0905470217001155e-06
49150.056 1.1612752722799921e-06
49200.056 1.078966186209953e-06
49250.056 1.1539118441800026e-06
49300.056 9.98363257349896e-07
49350.056 1.0838350421799718e-06
49400.056 1.2697902280300672e-06
49450.056 1.07495752339024e-06
49500.056 1.1351939744800647e-06
49550.056 9.85222509329971e-07
49600.056 1.0883805256402305e-06
49650.056 1.141981280080031e-06
49700.056 9.769773636199193e-07
49750.056 1.4991021686398157e-06
49800.056 1.080663701340053e-06
49850.056 1.4169886796300655e-06
49900.056 1.1034855246600681e-06
49950.056 1.1713372923297468e-06
50000.056 1.1585689168597494e-06
50050.056 1.1523804112600846e-06
50100.056 1.269721367109928e-06
50150.056 1.0476428470600284e-06
50200.056 9.913451854901238e-07
50250.056 1.169010999180067e-06
50300.056 1.065478299449942e-06
50350.056 1.2973931291599766e-06
50400.056 1.1046139352499482e-06
50450.056 1.1107707871901636e-06
50500.056 1.4268242219701997e-06
50550.056 1.1458191808899591e-06
50600.056 1.2590033755999996e-06
50650.056 1.1667340497302402e-06
50700.056 1.3092176910496927e-06
50750.056 1.3622691903001846e-06
50800.056 9.72898124399883e-07
50850.056 1.1816954532701865e-06
50900.056 1.2746519678199495e-06
50950.056 1.2741078662002195e-06
51000.056 1.4992694795201294e-06
51050.056 1.118437075730132e-06
51100.056 1.0904910770099197e-06
51150.056 1.2712995111499175e-06
51200.056 1.197458631759958e-06
51250.056 1.3411402229799699e-06
51300.056 1.076256001510325e-06
51350.056 1.2573136647798199e-06
51400.056 1.168192761659739e-06
51450.056 8.659418226898632e-07
51500.056 1.1797040752400317e-06
51550.056 1.5215019967901363e-06
51600.056 9.974614798000407e-07
51650.056 1.2164555315398123e-06
51700.056 1.1403858043296581e-06
51750.056 1.0755545771200735e-06
51800.056 1.3292726331897668e-06
51850.056 1.280975895319825e-06
51900.056 1.3741865193302099e-06
51950.056 1.2543698665498802e-06
52000.056 1.04110170876995e-06
52050.056 1.242045142659917e-06
52100.056 1.1479707470898009e-06
52150.056 1.1644287263900708e-06
52200.056 1.1252242718500536e-06
52250.056 1.1743758908399915e-06
52300.056 1.3110919797299794e-06
52350.056 1.39138521605016e-06
52400.056 9.995128729201478e-07
52450.056 1.1838936838500004e-06
52500.056 1.3489710015497621e-06
52550.056 1.238735047679658e-06
52600.056 1.2635345943901489e-06
52650.056 1.4263710629601888e-06
52700.056 1.1864280982200342e-06
52750.056 9.934435395798978e-07
52800.056 1.1123714720001046e-06
52850.056 1.0570124324198848e-06
52900.056 1.2060636019000491e-06
52950.056 1.1660078333598582e-06
53000.056 1.3464476917599095e-06
53050.056 1.1604679423597653e-06
53100.056 1.1276869801797794e-06
53150.056 1.408282237480227e-06
53200.056 9.557671935501355e-07
53250.056 1.3651539962599693e-06
53300.056 1.3530215438205427e-06
