galfind/configs/Brown_Dwarf_templates/sonora_bobcat/m0.0/178g/sp_t1400g178nc_m0.0_resample.dat
# %ECSV 1.0
# ---
# datatype:
# - {name: wav, unit: Angstrom, datatype: float64}
# - {name: flux_nu, unit: erg / (cm2 Hz s), datatype: float64}
# meta: {C/O: '1.00', Kzz: '1.0000E+05', Teff: '1400.', Y: '0.28', '[Fe/H]': '0.00', f_hole: '1.00', f_rain: '0.00', grav: '178.'}
# schema: astropy-2.0
wav flux_nu
4000.0559999999996 nan
4050.0559999999996 5.203040906410293e-11
4100.056 2.5349603299097415e-10
4150.056 2.979539696850238e-10
4200.056 2.5178704971099644e-10
4250.056 3.016481609770436e-10
4300.056 3.003541615000483e-10
4350.056 3.255758037420154e-10
4400.056 3.8588895312404655e-10
4450.056 3.635084563840087e-10
4500.056 3.735147162100238e-10
4550.056 4.5528557012896227e-10
4600.056 4.762900577480072e-10
4650.056 4.5671932438994783e-10
4700.056 5.376212692500298e-10
4750.056 5.15120628419974e-10
4800.056 3.0563142357501854e-10
4850.056 2.369857692919991e-10
4900.056 1.9618518375999888e-10
4950.056 1.1798006874099974e-10
5000.056 4.242279140999813e-11
5050.056 1.6666804548000234e-11
5100.056 1.3566913355800187e-11
5150.056 1.176613102350041e-11
5200.056 1.044449002089977e-11
5250.056 8.847887122600013e-12
5300.056 7.319523270699991e-12
5350.056 6.0844405426999915e-12
5400.056 5.084663183899987e-12
5450.056 4.22419907449999e-12
5500.056 3.4642233238999926e-12
5550.056 2.807950656799993e-12
5600.056 2.224541252099993e-12
5650.056 1.6944893673999936e-12
5700.056 1.2196236782999944e-12
5750.056 8.063949377499951e-13
5800.056 4.728501940899958e-13
5850.056 2.221613181639965e-13
5900.056 5.5664286228075154e-14
5950.056 4.874379895000094e-13
6000.056 1.5904719764300221e-12
6050.056 4.180700735200052e-12
6100.056 9.3016752338001e-12
6150.056 1.8683000833000174e-11
6200.056 3.459294589200026e-11
6250.056 6.024009215800047e-11
6300.056 1.0068384991500075e-10
6350.056 1.6226416179000113e-10
6400.056 2.5280343052000164e-10
6450.056 3.826525724900014e-10
6500.056 5.642516398700019e-10
6550.056 8.216208740900013e-10
6600.056 1.173862115040011e-09
6650.056 1.594857650300025e-09
6700.056 1.2456736740907844e-09
6750.056 2.634295781200031e-09
6800.056 3.500268690400056e-09
6850.056 3.959958904000015e-09
6900.056 3.762670605999997e-09
6950.056 3.4205803289999488e-09
7000.056 3.4066165952999892e-09
7050.056 3.65225842800001e-09
7100.056 3.8905359213999855e-09
7150.056 4.057821658599979e-09
7200.056 4.267714681900031e-09
7250.056 4.198731103799961e-09
7300.056 3.8264246069000176e-09
7350.056 3.2801335924999813e-09
7400.056 2.7457446048000074e-09
7450.056 2.2525596337999934e-09
7500.056 1.772725197599987e-09
7550.056 1.305460314899991e-09
7600.056 8.250891777899888e-10
7650.056 1.2422020765134909e-10
7700.056 5.013001274669979e-11
7750.056 5.789285120200158e-10
7800.056 1.3018382574284254e-09
7850.056 2.871652611000029e-09
7900.056 4.531394986000054e-09
7950.056 5.283483251673865e-09
8000.056 9.299861422300023e-09
8050.056 1.2957813212899864e-08
8100.056 1.733957690280001e-08
8150.056 2.2787193255600172e-08
8200.056 2.671932665460062e-08
8250.056 3.600113775500074e-08
8300.056 4.3365030475002406e-08
8350.056 5.193649196299939e-08
8400.056 6.08480814119982e-08
8450.056 6.558498901199801e-08
8500.056 6.643095158753668e-08
8550.056 8.040399433300289e-08
8600.056 8.79889669519966e-08
8650.056 8.397174820499067e-08
8700.056 8.72253806439922e-08
8750.056 9.908335121800555e-08
8800.056 1.2157199114900802e-07
8850.056 1.3693069335199115e-07
8900.056 1.427471645160006e-07
8950.056 1.3600184703906117e-07
9000.056 1.8108422867599697e-07
9050.056 1.9249542406200586e-07
9100.056 2.2229387328700177e-07
9150.056 2.4282777750600615e-07
9200.056 2.611665275529818e-07
9250.056 2.432722223310798e-07
9300.056 1.7574214158761097e-07
9350.056 2.0177919340581275e-07
9400.056 2.408668089270808e-07
9450.056 2.6934576653824783e-07
9500.056 2.8354448916852265e-07
9550.056 3.0746310687949683e-07
9600.056 3.0014269021829585e-07
9650.056 3.2719353612974414e-07
9700.056 3.624785264849878e-07
9750.056 3.4686168673949237e-07
9800.056 3.771902754193333e-07
9850.056 3.9951094494199544e-07
9900.056 3.3193164831397545e-07
9950.056 2.876714721539869e-07
10000.056 2.6223979337997685e-07
10050.056 3.113679170499976e-07
10100.056 3.736437320599965e-07
10150.056 3.8968777454994706e-07
10200.056 4.317244025499801e-07
10250.056 4.5252683246996785e-07
10300.056 4.5137700711000343e-07
10350.056 5.168672855600089e-07
10400.056 5.783068756599829e-07
10450.056 5.945250450300391e-07
10500.056 5.732886395199836e-07
10550.056 5.805338800200411e-07
10600.056 6.219542530400181e-07
10650.056 6.657806854800313e-07
10700.056 7.066036312500412e-07
10750.056 7.798714985600387e-07
10800.056 8.495046192299907e-07
10850.056 9.363803387499353e-07
10900.056 8.899530853599683e-07
10950.056 7.567678264889804e-07
11000.056 7.138660338299555e-07
11050.056 6.061772292535009e-07
11100.056 5.824255329498788e-07
11150.056 5.560037777255261e-07
11200.056 5.68956774463989e-07
11250.056 6.808167458313732e-07
11300.056 6.555262350295078e-07
11350.056 4.890027606922905e-07
11400.056 4.950187931222791e-07
11450.056 6.045548764795746e-07
11500.056 7.343856628682737e-07
11550.056 6.405659421663158e-07
11600.056 6.908482882359605e-07
11650.056 6.94389962153739e-07
11700.056 5.260793382051473e-07
11750.056 5.172995277101988e-07
11800.056 5.718239109536096e-07
11850.056 7.992928459768416e-07
11900.056 8.750671588801524e-07
11950.056 9.164497770279786e-07
12000.056 8.680093949790175e-07
12050.056 1.0378217512460957e-06
12100.056 1.059950804336946e-06
12150.056 1.2241610751199149e-06
12200.056 1.2580402601797681e-06
12250.056 1.3895944209298496e-06
12300.056 1.4871599800301474e-06
12350.056 1.4899309997900293e-06
12400.056 1.3724062334799569e-06
12450.056 1.2139591988300293e-06
12500.056 1.2993859064799298e-06
12550.056 1.340206673220089e-06
12600.056 1.6320633166000357e-06
12650.056 1.6567730714299423e-06
12700.056 1.8029269145101914e-06
12750.056 1.7672130409500028e-06
12800.056 1.8666539161400423e-06
12850.056 1.7437575615500482e-06
12900.056 1.6216821454299575e-06
12950.056 1.6803506278489299e-06
13000.056 1.717824961134704e-06
13050.056 1.7575404721759221e-06
13100.056 1.7416056961692826e-06
13150.056 1.6599383335558815e-06
13200.056 1.558247413183978e-06
13250.056 1.3494608948252527e-06
13300.056 9.781351950504864e-07
13350.056 4.2721945070366177e-07
13400.056 3.2472310036298224e-07
13450.056 2.4293735526752923e-07
13500.056 2.120379675725019e-07
13550.056 1.8203413948595074e-07
13600.056 1.5776211137101325e-07
13650.056 2.2490809324930142e-07
13700.056 1.8828443313173316e-07
13750.056 1.9737170094660162e-07
13800.056 2.4369737501315257e-07
13850.056 2.2451975188851135e-07
13900.056 2.2741100401463182e-07
13950.056 2.127114989598028e-07
14000.056 1.9711036158199598e-07
14050.056 2.0576996607644404e-07
14100.056 1.7094499903591684e-07
14150.056 1.986687967485103e-07
14200.056 1.7004238907602226e-07
14250.056 1.6825759459710143e-07
14300.056 1.9819975570284615e-07
14350.056 1.957667257446455e-07
14400.056 2.1497432108846672e-07
14450.056 2.2418781547824757e-07
14500.056 2.9085917180906566e-07
14550.056 3.057592615836854e-07
14600.056 3.461589623170329e-07
14650.056 3.487371216968411e-07
14700.056 3.0933804468096424e-07
14750.056 3.4834905417013364e-07
14800.056 3.9451660116145826e-07
14850.056 4.3412047900090385e-07
14900.056 4.300097378818968e-07
14950.056 4.4792044050807187e-07
15000.056 4.737668020320111e-07
15050.056 5.490328364022494e-07
15100.056 5.727113199520523e-07
15150.056 6.293658516522545e-07
15200.056 6.372992058099192e-07
15250.056 6.884559193679663e-07
15300.056 7.475232115389317e-07
15350.056 8.041337717419622e-07
15400.056 8.713209806500324e-07
15450.056 9.369303130240695e-07
15500.056 9.76285404364916e-07
15550.056 1.0680657279099214e-06
15600.056 1.0513917358400735e-06
15650.056 1.131950904350093e-06
15700.056 1.2653820579603522e-06
15750.056 1.348021595009919e-06
15800.056 1.327011659690246e-06
15850.056 1.3646075381999788e-06
15900.056 1.3957130130201172e-06
15950.056 1.450642970839853e-06
16000.056 1.4557377880199633e-06
16050.056 1.4475478209300216e-06
16100.056 1.4639998429500264e-06
16150.056 1.381763271110054e-06
16200.056 1.370812479099755e-06
16250.056 1.359641272319904e-06
16300.056 1.3367494458299675e-06
16350.056 1.4141321976620032e-06
16400.056 1.4620335438681274e-06
16450.056 1.5054648508000444e-06
16500.056 1.5800643612401727e-06
16550.056 1.5966004226500497e-06
16600.056 1.5333867717102676e-06
16650.056 1.5147967265139307e-06
16700.056 1.3585778233699928e-06
16750.056 1.425103804959925e-06
16800.056 1.5823195727299475e-06
16850.056 1.5588209641629626e-06
16900.056 1.5123328644400011e-06
16950.056 1.4499354540599548e-06
17000.056 1.3928477745902158e-06
17050.056 1.4488528617500411e-06
17100.056 1.3680426456802188e-06
17150.056 1.2703140511108997e-06
17200.056 1.1993218900398447e-06
17250.056 1.0961584826718165e-06
17300.056 1.051836574922906e-06
17350.056 9.736715585489994e-07
17400.056 9.797338998699841e-07
17450.056 8.714692202506219e-07
17500.056 8.612403755208023e-07
17550.056 8.244266700725036e-07
17600.056 7.822216031168138e-07
17650.056 7.749430770816305e-07
17700.056 6.191463196549662e-07
17750.056 5.693812218997998e-07
17800.056 6.22603470080427e-07
17850.056 4.974673844200613e-07
17900.056 5.259941941403928e-07
17950.056 4.841005630446652e-07
18000.056 4.5967546525670425e-07
18050.056 4.4232974159467333e-07
18100.056 4.287313539802772e-07
18150.056 5.167961642865599e-07
18200.056 3.715369943092861e-07
18250.056 5.264710933602438e-07
18300.056 4.6446999447690343e-07
18350.056 4.180481663945896e-07
18400.056 4.139048922708084e-07
18450.056 3.809310357401025e-07
18500.056 4.1020981953690136e-07
18550.056 3.6842731749007006e-07
18600.056 3.0745394123844975e-07
18650.056 3.4095697550106937e-07
18700.056 3.742024989862893e-07
18750.056 3.79074451850658e-07
18800.056 4.355303546932037e-07
18850.056 5.044168356743819e-07
18900.056 4.85546411382531e-07
18950.056 5.509223033625011e-07
19000.056 5.424778090559537e-07
19050.056 4.973178827117653e-07
19100.056 5.82364012671168e-07
19150.056 5.585692039612179e-07
19200.056 5.783851949116999e-07
19250.056 5.252791686193705e-07
19300.056 5.492520947624819e-07
19350.056 4.991637663767874e-07
19400.056 4.059937688769201e-07
19450.056 5.302373668243058e-07
19500.056 5.308589880323252e-07
19550.056 4.20383625039852e-07
19600.056 5.056023929490866e-07
19650.056 5.229111545573382e-07
19700.056 5.294412310893481e-07
19750.056 5.005507838450834e-07
19800.056 5.365256650918231e-07
19850.056 5.840441274271792e-07
19900.056 4.918656183792726e-07
19950.056 6.271826043760082e-07
20000.056 5.564577756110363e-07
20050.056 6.175392142651953e-07
20100.056 6.422822974786761e-07
20150.056 6.649441899280375e-07
20200.056 7.011411193359016e-07
20250.056 7.49577898633914e-07
20300.056 7.485821933490517e-07
20350.056 8.101028331688656e-07
20400.056 8.046377920796976e-07
20450.056 8.695686426348295e-07
20500.056 8.968847755319686e-07
20550.056 9.030313629060098e-07
20600.056 9.965269960001709e-07
20650.056 9.799932606741985e-07
20700.056 1.0245063436901554e-06
20750.056 1.0560493376398972e-06
20800.056 1.1040548121900167e-06
20850.056 1.0843740976899402e-06
20900.056 1.1485239790298168e-06
20950.056 1.1574630855599542e-06
21000.056 1.1992092155500136e-06
21050.056 1.2046860295499947e-06
21100.056 1.2022074919299986e-06
21150.056 1.258938203659924e-06
21200.056 1.226914808240026e-06
21250.056 1.276892572309894e-06
21300.056 1.2128957399399234e-06
21350.056 1.280652395920009e-06
21400.056 1.220909763110213e-06
21450.056 1.287242431969997e-06
21500.056 1.2194101073801457e-06
21550.056 1.2163916583600042e-06
21600.056 1.2072877632901669e-06
21650.056 1.1651237327600481e-06
21700.056 1.2008684642200017e-06
21750.056 1.1190668199899988e-06
21800.056 1.0795183423197791e-06
21850.056 1.0370372679400312e-06
21900.056 9.921498169100046e-07
21950.056 8.661115334001048e-07
22000.056 7.094926508900917e-07
22050.056 6.011802588497859e-07
22100.056 6.666244553501672e-07
22150.056 7.276176375770315e-07
22200.056 7.308321236300211e-07
22250.056 7.456209486202462e-07
22300.056 7.023711628079452e-07
22350.056 6.669867781970987e-07
22400.056 6.288507058369757e-07
22450.056 5.82546943285911e-07
22500.056 5.943191772291535e-07
22550.056 5.4362539221683e-07
22600.056 5.600360913181421e-07
22650.056 5.375726545900933e-07
22700.056 5.087917513710461e-07
22750.056 5.220047051200732e-07
22800.056 4.813896391019339e-07
22850.056 4.550321282720859e-07
22900.056 4.4716238095690444e-07
22950.056 3.5028151545597184e-07
23000.056 3.941566169300185e-07
23050.056 4.6127865833390596e-07
23100.056 5.089481703080271e-07
23150.056 5.264576699320247e-07
23200.056 3.612946459500232e-07
23250.056 3.392821765020181e-07
23300.056 3.078691555231008e-07
23350.056 3.0513393892299865e-07
23400.056 3.099837038800782e-07
23450.056 3.273827475540496e-07
23500.056 3.474164794900604e-07
23550.056 3.720747548430815e-07
23600.056 3.876865970479823e-07
23650.056 4.3692266076194106e-07
23700.056 3.5586569709103034e-07
23750.056 3.3889347010507123e-07
23800.056 3.1321152753801126e-07
23850.056 3.208621789830298e-07
23900.056 4.006055822960336e-07
23950.056 4.3439589300611135e-07
24000.056 4.456594856568215e-07
24050.056 4.7660635934900627e-07
24100.056 4.3600939172090277e-07
24150.056 4.5460664095221496e-07
24200.056 4.6785944587086195e-07
24250.056 4.4130800551804963e-07
24300.056 4.603630217220554e-07
24350.056 4.0627770699097873e-07
24400.056 4.737377179490909e-07
24450.056 4.2655142862882594e-07
24500.056 4.230314970749606e-07
24550.056 4.319083808541253e-07
24600.056 4.5083925507506716e-07
24650.056 5.017931193230378e-07
24700.056 4.0678691404690607e-07
24750.056 4.1049890681611326e-07
24800.056 4.0821385493607043e-07
24850.056 4.89086769107028e-07
24900.056 3.593149422712145e-07
24950.056 4.768236596390092e-07
25000.056 4.351405205600827e-07
25050.056 3.432309042600575e-07
25100.056 4.187612896439866e-07
25150.056 3.514012569359615e-07
25200.056 3.9122556451801136e-07
25250.056 3.4916243195395896e-07
25300.056 4.0733231991002793e-07
25350.056 3.236939499510032e-07
25400.056 3.9763272285710366e-07
25450.056 3.2600137917997153e-07
25500.056 3.452573783280909e-07
25550.056 3.337741583269913e-07
25600.056 3.4105500185998216e-07
25650.056 2.94811929168992e-07
25700.056 4.0387699588783716e-07
25750.056 2.742613965480862e-07
25800.056 3.9521928376706743e-07
25850.056 3.114190414929423e-07
25900.056 3.7187926767601213e-07
25950.056 2.987909918050198e-07
26000.056 4.061748540591677e-07
26050.056 3.8725303216297996e-07
26100.056 4.218734830509732e-07
26150.056 3.970520825539497e-07
26200.056 3.9285391096099257e-07
26250.056 4.3584065200497934e-07
26300.056 4.055177015200368e-07
26350.056 4.6742162192895103e-07
26400.056 4.7653771051491753e-07
26450.056 4.7505278398605344e-07
26500.056 5.000412968088348e-07
26550.056 4.3267130961085486e-07
26600.056 5.399847753719032e-07
26650.056 3.806527978109382e-07
26700.056 3.859786129540308e-07
26750.056 3.153810083398608e-07
26800.056 3.8872741194791446e-07
26850.056 2.9236318919699374e-07
26900.056 4.160909027270339e-07
26950.056 2.835466462229451e-07
27000.056 4.1296788142208437e-07
27050.056 3.5120935913101835e-07
27100.056 3.454836321259217e-07
27150.056 4.025654776820199e-07
27200.056 3.721210325240828e-07
27250.056 3.6587897009514087e-07
27300.056 4.750191232440298e-07
27350.056 4.352715420188856e-07
27400.056 3.214421672139546e-07
27450.056 5.084917163328364e-07
27500.056 4.7026732781891747e-07
27550.056 3.8835712970393703e-07
27600.056 5.107074978089353e-07
27650.056 3.6449074351096463e-07
27700.056 3.4143107422804635e-07
27750.056 5.08124145546853e-07
27800.056 3.4486134862897003e-07
27850.056 3.859520223768111e-07
27900.056 4.05077681810036e-07
27950.056 5.015627091599743e-07
28000.056 4.5643947045711055e-07
28050.056 3.1482645166907483e-07
28100.056 5.300618704151375e-07
28150.056 4.0086149731004697e-07
28200.056 3.228884795400233e-07
28250.056 4.765938811100141e-07
28300.056 5.583891708980573e-07
28350.056 3.703575439009067e-07
28400.056 4.2892727066896694e-07
28450.056 4.791402396008852e-07
28500.056 4.5764137291989717e-07
28550.056 3.0253922165290013e-07
28600.056 5.40633619157942e-07
28650.056 4.901679742339659e-07
28700.056 4.443752481479347e-07
28750.056 5.162856790810153e-07
28800.056 4.804889105321176e-07
28850.056 5.23147270937062e-07
