galfind/configs/Brown_Dwarf_templates/sonora_bobcat/m0.0/178g/sp_t1800g178nc_m0.0_resample.dat
# %ECSV 1.0
# ---
# datatype:
# - {name: wav, unit: Angstrom, datatype: float64}
# - {name: flux_nu, unit: erg / (cm2 Hz s), datatype: float64}
# meta: {C/O: '1.00', Kzz: '1.0000E+05', Teff: '1800.', Y: '0.28', '[Fe/H]': '0.00', f_hole: '1.00', f_rain: '0.00', grav: '178.'}
# schema: astropy-2.0
wav flux_nu
4000.0559999999996 nan
4050.0559999999996 1.361741738509755e-09
4100.056 2.2446665840058375e-09
4150.056 1.8354733277192346e-09
4200.056 1.317511093645506e-09
4250.056 1.2284995777224744e-09
4300.056 8.634618004392625e-10
4350.056 9.414578306340352e-10
4400.056 1.050128812220292e-09
4450.056 7.348106344600386e-10
4500.056 7.821770238500518e-10
4550.056 9.951438102437674e-10
4600.056 9.16481477819994e-10
4650.056 8.244989152998846e-10
4700.056 1.0162049742301426e-09
4750.056 1.1624765990898392e-09
4800.056 7.900845273000975e-10
4850.056 9.665779438500782e-10
4900.056 1.4295904005899514e-09
4950.056 1.5201386410600417e-09
5000.056 7.87392237849887e-10
5050.056 7.368912192300633e-10
5100.056 8.709023869841383e-10
5150.056 7.776640203572117e-10
5200.056 6.812873612009872e-10
5250.056 7.852871228300613e-10
5300.056 8.329394751900024e-10
5350.056 8.280705682100566e-10
5400.056 7.943106593500038e-10
5450.056 6.036175077299808e-10
5500.056 4.2675589125998485e-10
5550.056 3.8853294693998104e-10
5600.056 3.028978906100066e-10
5650.056 2.131196521399975e-10
5700.056 1.347398204529992e-10
5750.056 6.900814671099854e-11
5800.056 2.966755398099952e-11
5850.056 8.813015658199794e-12
5900.056 1.003910443391299e-12
5950.056 2.2054474128500545e-11
6000.056 1.0316594547400189e-10
6050.056 3.3438153438000533e-10
6100.056 7.511760871700299e-10
6150.056 1.3926173461999867e-09
6200.056 2.059646872600009e-09
6250.056 3.086337288900084e-09
6300.056 4.763017954500079e-09
6350.056 6.633214339300168e-09
6400.056 8.79103869079998e-09
6450.056 1.1610854399399127e-08
6500.056 1.3307649398598662e-08
6550.056 1.645627120789865e-08
6600.056 1.8121119382000423e-08
6650.056 1.7999862210401384e-08
6700.056 1.1719947751579724e-08
6750.056 1.9304889855900946e-08
6800.056 2.2780876497001046e-08
6850.056 2.6757561079999962e-08
6900.056 2.8667136379000268e-08
6950.056 3.2002126038998454e-08
7000.056 3.86263440819976e-08
7050.056 3.793078289500135e-08
7100.056 2.8557467997999112e-08
7150.056 2.7148054914000838e-08
7200.056 3.4788743575999506e-08
7250.056 4.4619318695003205e-08
7300.056 5.6600458334005325e-08
7350.056 6.0728297076002e-08
7400.056 5.411108025600212e-08
7450.056 4.6214494651994835e-08
7500.056 4.276871976399904e-08
7550.056 3.890954979200044e-08
7600.056 2.4801175545999146e-08
7650.056 2.997968114595569e-09
7700.056 8.561094917357982e-10
7750.056 1.4941927679800426e-08
7800.056 3.3673353883762284e-08
7850.056 5.8404907935000945e-08
7900.056 6.801376619000716e-08
7950.056 6.602150248833968e-08
8000.056 8.897796198099519e-08
8050.056 1.2988095579198895e-07
8100.056 1.873980499050148e-07
8150.056 2.630498767540095e-07
8200.056 2.2100827349058568e-07
8250.056 2.797650682399977e-07
8300.056 2.661738525800472e-07
8350.056 2.9421136615003856e-07
8400.056 3.1113256649000925e-07
8450.056 2.3747945080997708e-07
8500.056 2.2271262435788863e-07
8550.056 2.657757709400199e-07
8600.056 2.923464692259355e-07
8650.056 3.135822080389432e-07
8700.056 3.10735026188034e-07
8750.056 3.672973296000319e-07
8800.056 4.944250464280692e-07
8850.056 5.08471298559996e-07
8900.056 4.01412439050012e-07
8950.056 4.237625597279644e-07
9000.056 5.436771191500503e-07
9050.056 5.573185284999613e-07
9100.056 7.027521217900047e-07
9150.056 8.205807146800154e-07
9200.056 8.157891289300672e-07
9250.056 5.957472101579645e-07
9300.056 4.846583928450187e-07
9350.056 5.464228912445543e-07
9400.056 6.201731332460287e-07
9450.056 7.030908948799045e-07
9500.056 8.149224498979073e-07
9550.056 9.134545917505576e-07
9600.056 9.513309994421865e-07
9650.056 1.0836328014961533e-06
9700.056 1.2019630562468744e-06
9750.056 9.611847973619618e-07
9800.056 1.0584132308888713e-06
9850.056 1.0588424764999106e-06
9900.056 8.659165477399477e-07
9950.056 7.069936222300068e-07
10000.056 6.938263524799439e-07
10050.056 7.407378217799701e-07
10100.056 9.294556214901628e-07
10150.056 9.259284065698861e-07
10200.056 1.0179010222699703e-06
10250.056 1.0194984237797887e-06
10300.056 9.824570541899092e-07
10350.056 1.1454888244799365e-06
10400.056 1.2946708776699465e-06
10450.056 1.3734835906002262e-06
10500.056 1.3363876431798884e-06
10550.056 1.393627311630223e-06
10600.056 1.5315943639502065e-06
10650.056 1.5914282570400596e-06
10700.056 1.681749598840105e-06
10750.056 1.8892928210301725e-06
10800.056 2.0732175296798696e-06
10850.056 2.2849589931997816e-06
10900.056 2.2520293472899017e-06
10950.056 2.109945827149666e-06
11000.056 2.0060283904500034e-06
11050.056 1.4983028321370495e-06
11100.056 1.5976657208361468e-06
11150.056 1.6821278026366666e-06
11200.056 1.7188582774561346e-06
11250.056 2.018518640887026e-06
11300.056 1.992757223505834e-06
11350.056 1.7597018745106229e-06
11400.056 1.447950685144072e-06
11450.056 1.9846476473065753e-06
11500.056 2.338211570469072e-06
11550.056 2.2100077408823916e-06
11600.056 2.341261130712227e-06
11650.056 2.3545916795852585e-06
11700.056 1.7620060147311258e-06
11750.056 1.824556094705943e-06
11800.056 1.8653126337370787e-06
11850.056 2.4782462556442143e-06
11900.056 2.6372374083544584e-06
11950.056 2.565971379659915e-06
12000.056 2.2804591720600323e-06
12050.056 2.714498920610134e-06
12100.056 2.666512718919779e-06
12150.056 3.059103864999774e-06
12200.056 3.05948566457945e-06
12250.056 3.349731307879612e-06
12300.056 3.4925137310004108e-06
12350.056 3.482858652160168e-06
12400.056 3.0317427498398036e-06
12450.056 2.544323475960051e-06
12500.056 2.772017353619601e-06
12550.056 2.8127250817801157e-06
12600.056 3.2716021075000246e-06
12650.056 3.409346288299736e-06
12700.056 3.724752908400129e-06
12750.056 3.6716967732000094e-06
12800.056 3.952468515459815e-06
12850.056 3.7830661389900473e-06
12900.056 3.580486398909625e-06
12950.056 3.716305684219724e-06
13000.056 3.867350056949387e-06
13050.056 3.997114004549685e-06
13100.056 4.006475838479708e-06
13150.056 3.991347552635719e-06
13200.056 3.815118807989897e-06
13250.056 3.4726335438151115e-06
13300.056 2.895092580342745e-06
13350.056 1.6460450220547296e-06
13400.056 1.4465108191303455e-06
13450.056 1.210462755138813e-06
13500.056 1.1470232759131329e-06
13550.056 1.0435928545731613e-06
13600.056 9.541687342164449e-07
13650.056 1.1447399958200579e-06
13700.056 9.99148264792651e-07
13750.056 1.0206621158159878e-06
13800.056 1.2139488399255501e-06
13850.056 1.1683564058119061e-06
13900.056 1.1542438971466614e-06
13950.056 1.0836962502870434e-06
14000.056 1.0041091723903908e-06
14050.056 1.0295531431162333e-06
14100.056 8.866436660314445e-07
14150.056 9.443253632091778e-07
14200.056 8.502279047761656e-07
14250.056 8.343085295674246e-07
14300.056 8.882570423823471e-07
14350.056 8.878551001217769e-07
14400.056 9.55549591975828e-07
14450.056 9.945976906752014e-07
14500.056 1.1608080868633615e-06
14550.056 1.192285547967935e-06
14600.056 1.2810532532984877e-06
14650.056 1.266634999939448e-06
14700.056 1.1566284551738707e-06
14750.056 1.252161751380382e-06
14800.056 1.3338036522424566e-06
14850.056 1.4510237287446392e-06
14900.056 1.442155145308974e-06
14950.056 1.4661790987652718e-06
15000.056 1.5261234570423336e-06
15050.056 1.707224842880568e-06
15100.056 1.7258339171092028e-06
15150.056 1.83144501468716e-06
15200.056 1.8957500812518392e-06
15250.056 1.9431502163498836e-06
15300.056 2.070707582429859e-06
15350.056 2.1652829641400072e-06
15400.056 2.276006375720056e-06
15450.056 2.403570978230171e-06
15500.056 2.47064720574968e-06
15550.056 2.636766914819832e-06
15600.056 2.6145087239602767e-06
15650.056 2.7677062290601286e-06
15700.056 3.0008527145109215e-06
15750.056 3.1454748212697434e-06
15800.056 3.148930540240601e-06
15850.056 2.9601317825001252e-06
15900.056 3.065627891030273e-06
15950.056 3.124743563499814e-06
16000.056 3.194367546399836e-06
16050.056 3.3039617900002314e-06
16100.056 3.4397883776001675e-06
16150.056 3.3162299566002392e-06
16200.056 3.4722870347998087e-06
16250.056 3.4293928227999686e-06
16300.056 3.4654792634000244e-06
16350.056 3.679653271999864e-06
16400.056 3.614861807000294e-06
16450.056 3.720844920320238e-06
16500.056 3.864347732200336e-06
16550.056 4.048329535899969e-06
16600.056 3.8128831110604335e-06
16650.056 4.137501475640094e-06
16700.056 3.938639994449526e-06
16750.056 3.999309980399703e-06
16800.056 4.165239475719893e-06
16850.056 4.189390654629811e-06
16900.056 4.043797546310103e-06
16950.056 4.0267006634597325e-06
17000.056 4.039323475500388e-06
17050.056 3.9874639124000985e-06
17100.056 3.7733163889407217e-06
17150.056 3.6963703966400664e-06
17200.056 3.3710592968897043e-06
17250.056 3.1327706041499053e-06
17300.056 3.165182357389568e-06
17350.056 3.020672763100362e-06
17400.056 3.0436736775839935e-06
17450.056 2.7953923323636445e-06
17500.056 2.6831151827723128e-06
17550.056 2.62371896700336e-06
17600.056 2.4966633358248956e-06
17650.056 2.530062982594802e-06
17700.056 2.1205269721637165e-06
17750.056 2.023582039831003e-06
17800.056 2.0527401226484896e-06
17850.056 1.8020074797672337e-06
17900.056 1.8701336850759632e-06
17950.056 1.7884925235067358e-06
18000.056 1.627068255327108e-06
18050.056 1.6175981625244615e-06
18100.056 1.5483668820048844e-06
18150.056 1.7774231343135817e-06
18200.056 1.3890429900963295e-06
18250.056 1.7546407580126646e-06
18300.056 1.6368124616089798e-06
18350.056 1.5118191136702115e-06
18400.056 1.4857980541650994e-06
18450.056 1.3380764174009927e-06
18500.056 1.4170485067923412e-06
18550.056 1.2947487602292458e-06
18600.056 1.0796488681333813e-06
18650.056 1.2460818725523232e-06
18700.056 1.3705612359843014e-06
18750.056 1.3231961632173089e-06
18800.056 1.4115934609324816e-06
18850.056 1.6431340122018642e-06
18900.056 1.5812072447371614e-06
18950.056 1.6586893247579574e-06
19000.056 1.7345472211947383e-06
19050.056 1.6472447834389753e-06
19100.056 1.7665686595023863e-06
19150.056 1.7947930953080517e-06
19200.056 1.7849792386416676e-06
19250.056 1.6775685956817003e-06
19300.056 1.779325659713317e-06
19350.056 1.705106329056044e-06
19400.056 1.437368773432599e-06
19450.056 1.7487696872311135e-06
19500.056 1.7447985655097755e-06
19550.056 1.4319709201135003e-06
19600.056 1.6839760589468967e-06
19650.056 1.6842465747387896e-06
19700.056 1.6946029402441519e-06
19750.056 1.5688871308402546e-06
19800.056 1.6709717156917468e-06
19850.056 1.7328018309946636e-06
19900.056 1.5004782269953119e-06
19950.056 1.8224157704529726e-06
20000.056 1.6003867841671921e-06
20050.056 1.748727483688638e-06
20100.056 1.8058680707960068e-06
20150.056 1.8211163495941738e-06
20200.056 1.887847723221553e-06
20250.056 1.990046519999847e-06
20300.056 2.004324056383152e-06
20350.056 2.0916440978297143e-06
20400.056 2.0827235752690304e-06
20450.056 2.2277031156796866e-06
20500.056 2.252780095630075e-06
20550.056 2.296432658510069e-06
20600.056 2.4786214342803797e-06
20650.056 2.4297685557104853e-06
20700.056 2.550462689190321e-06
20750.056 2.609725605499648e-06
20800.056 2.7305904732700754e-06
20850.056 2.703724545779899e-06
20900.056 2.8669403353096824e-06
20950.056 2.9033107472198922e-06
21000.056 3.047897211099888e-06
21050.056 3.073891059770042e-06
21100.056 3.1037819232999644e-06
21150.056 3.27832785368006e-06
21200.056 3.249860016040206e-06
21250.056 3.428506483499744e-06
21300.056 3.3136948772999823e-06
21350.056 3.560421377620083e-06
21400.056 3.4195559049003405e-06
21450.056 3.7532257738999743e-06
21500.056 3.5559606786002425e-06
21550.056 3.643744178799817e-06
21600.056 3.740716330700388e-06
21650.056 3.6934295641002076e-06
21700.056 3.879261138199913e-06
21750.056 3.750873794399956e-06
21800.056 3.7549565178396927e-06
21850.056 3.7542832450998066e-06
21900.056 3.867758234100338e-06
21950.056 3.7424155205701683e-06
22000.056 3.8136882487999783e-06
22050.056 3.6441388291995018e-06
22100.056 3.7827895056000013e-06
22150.056 3.8063666107002344e-06
22200.056 3.6581907337306567e-06
22250.056 3.8625847120903705e-06
22300.056 3.8129991178098374e-06
22350.056 3.6638957177302286e-06
22400.056 3.824816002340177e-06
22450.056 3.72119429891963e-06
22500.056 3.7912366290599043e-06
22550.056 3.702491454349386e-06
22600.056 3.736036246900005e-06
22650.056 3.6347294578307294e-06
22700.056 3.6114443968707613e-06
22750.056 3.764761363399878e-06
22800.056 3.563991682330062e-06
22850.056 3.6224672016603617e-06
22900.056 3.693383258619857e-06
22950.056 2.525021103720292e-06
23000.056 2.814272330990197e-06
23050.056 2.983243096619646e-06
23100.056 2.8383841699267293e-06
23150.056 2.9785982577964575e-06
23200.056 2.879795352329148e-06
23250.056 2.3729630217135494e-06
23300.056 2.5348984102361325e-06
23350.056 2.6513811242690594e-06
23400.056 2.5549561559800895e-06
23450.056 2.649682641520061e-06
23500.056 2.6479247408595877e-06
23550.056 2.35430169298055e-06
23600.056 2.3570782382994235e-06
23650.056 2.548144400360722e-06
23700.056 2.44967692062148e-06
23750.056 2.4675427022215103e-06
23800.056 2.4266572504961353e-06
23850.056 2.086253224556229e-06
23900.056 2.3533824954008574e-06
23950.056 2.4412908459306317e-06
24000.056 2.2828734133394406e-06
24050.056 2.291205528000205e-06
24100.056 2.053923612879558e-06
24150.056 2.03984160118049e-06
24200.056 2.045557602929233e-06
24250.056 1.978045773760198e-06
24300.056 1.931362287160076e-06
24350.056 1.7496243436601928e-06
24400.056 1.9721437679498642e-06
24450.056 1.7139838288077978e-06
24500.056 1.607990356839836e-06
24550.056 1.5653118031281254e-06
24600.056 1.6313205506282583e-06
24650.056 1.769710006932996e-06
24700.056 1.4257296839269265e-06
24750.056 1.3601509133544268e-06
24800.056 1.323132498817283e-06
24850.056 1.5891636623889225e-06
24900.056 1.1374801935246968e-06
24950.056 1.4940064149967994e-06
25000.056 1.3245712351291051e-06
25050.056 1.0082005311222926e-06
25100.056 1.2543653119820033e-06
25150.056 1.05698610308995e-06
25200.056 1.1381948767958556e-06
25250.056 1.041254301152765e-06
25300.056 1.1794303388900589e-06
25350.056 9.356489993259962e-07
25400.056 1.097559194784387e-06
25450.056 9.33467562762981e-07
25500.056 1.012376784358325e-06
25550.056 9.508229608391126e-07
25600.056 9.885143746250269e-07
25650.056 8.572140716849665e-07
25700.056 1.1715777918765592e-06
25750.056 7.870258430871637e-07
25800.056 1.1122583296952256e-06
25850.056 9.304024201988262e-07
25900.056 1.0863277896631622e-06
25950.056 8.895724888649617e-07
26000.056 1.1144610113304619e-06
26050.056 1.1302875990110604e-06
26100.056 1.1741714150429944e-06
26150.056 1.1468743961917143e-06
26200.056 1.0954353346030068e-06
26250.056 1.1589235801321632e-06
26300.056 1.1333857951071034e-06
26350.056 1.2030127943679223e-06
26400.056 1.2337876489746874e-06
26450.056 1.2132472923201699e-06
26500.056 1.2828139446795218e-06
26550.056 1.1965705459816806e-06
26600.056 1.46788137402269e-06
26650.056 1.0652116772388172e-06
26700.056 1.0974785593060566e-06
26750.056 9.07680100711585e-07
26800.056 1.0814085650106732e-06
26850.056 8.17333755327039e-07
26900.056 1.1384593708030827e-06
26950.056 7.551905868949322e-07
27000.056 1.0856131863012649e-06
27050.056 8.985634231539874e-07
27100.056 9.044637332477847e-07
27150.056 9.95713520733998e-07
27200.056 9.65867129138253e-07
27250.056 8.995992596943977e-07
27300.056 1.1166083750460382e-06
27350.056 1.0431871625986361e-06
27400.056 8.251770325889385e-07
27450.056 1.1946584847915529e-06
27500.056 1.0897524359519247e-06
27550.056 9.801572501689137e-07
27600.056 1.218745635781815e-06
27650.056 8.940179119828937e-07
27700.056 8.521866140361029e-07
27750.056 1.220256177555484e-06
27800.056 8.354238571799246e-07
27850.056 9.440870377094999e-07
27900.056 9.818696487761004e-07
27950.056 1.1722387521699285e-06
28000.056 1.0862792151213379e-06
28050.056 7.86429629645234e-07
28100.056 1.237675653623406e-06
28150.056 9.523321006150447e-07
28200.056 7.890282856210514e-07
28250.056 1.0802513433400582e-06
28300.056 1.2669879317381679e-06
28350.056 9.035381697726747e-07
28400.056 1.0043387922719636e-06
28450.056 1.065763517879751e-06
28500.056 1.0567602563047273e-06
28550.056 7.207634843587365e-07
28600.056 1.250220100099941e-06
28650.056 1.1248330047639071e-06
28700.056 9.968153243697843e-07
28750.056 1.1569904005319896e-06
