galfind/configs/Brown_Dwarf_templates/sonora_bobcat/m0.0/178g/sp_t550g178nc_m0.0_resample.dat
# %ECSV 1.0
# ---
# datatype:
# - {name: wav, unit: Angstrom, datatype: float64}
# - {name: flux_nu, unit: erg / (cm2 Hz s), datatype: float64}
# meta: {C/O: '1.00', Kzz: '1.0000E+05', Teff: '550.', Y: '0.28', '[Fe/H]': '0.00', f_hole: '1.00', f_rain: '0.00', grav: '178.'}
# schema: astropy-2.0
wav flux_nu
4000.0559999999996 nan
4050.0559999999996 2.717191715022967e-16
4100.056 4.59177379774009e-14
4150.056 4.135326351700051e-13
4200.056 3.9549234790529516e-13
4250.056 2.790124255200022e-12
4300.056 5.540900789400088e-12
4350.056 8.44835396850005e-12
4400.056 1.2285630713400079e-11
4450.056 1.7410249956000124e-11
4500.056 2.1309864715000224e-11
4550.056 2.0216202288257755e-11
4600.056 4.715653524699979e-12
4650.056 2.7057251962999836e-12
4700.056 1.2682649925699886e-12
4750.056 3.4691390493999553e-13
4800.056 9.577981845899899e-14
4850.056 3.15547971079997e-14
4900.056 1.4358448866999913e-14
4950.056 7.590816422099954e-15
5000.056 3.744672127799969e-15
5050.056 2.284920760100001e-15
5100.056 2.300574198800016e-15
5150.056 2.4757198691000106e-15
5200.056 2.686232878000005e-15
5250.056 2.9068854529000028e-15
5300.056 3.175900321400004e-15
5350.056 3.5106118162000035e-15
5400.056 3.881445317000006e-15
5450.056 4.313172740100018e-15
5500.056 4.784304487300018e-15
5550.056 5.262217612100007e-15
5600.056 5.6868155025000055e-15
5650.056 5.995151584599997e-15
5700.056 6.0626202342e-15
5750.056 5.9188835989999995e-15
5800.056 5.305103227299986e-15
5850.056 3.7073628773999545e-15
5900.056 1.1816077479747439e-15
5950.056 7.342420411800185e-15
6000.056 1.550525865369997e-14
6050.056 2.7469378356000352e-14
6100.056 4.4408265866000395e-14
6150.056 6.721288413700041e-14
6200.056 9.73268054540005e-14
6250.056 1.355953718100004e-13
6300.056 1.8887979317000046e-13
6350.056 2.6086699000000114e-13
6400.056 3.5824665875000194e-13
6450.056 4.66777346249995e-13
6500.056 6.389715052900014e-13
6550.056 8.872132557099904e-13
6600.056 1.23617987821003e-12
6650.056 1.7318833884000133e-12
6700.056 2.26279684108002e-12
6750.056 3.226805498100016e-12
6800.056 4.0292204166000305e-12
6850.056 4.4028538286000025e-12
6900.056 3.9117035169000556e-12
6950.056 3.2823639661599786e-12
7000.056 3.4317885260999974e-12
7050.056 3.652843614599956e-12
7100.056 4.0231729027999585e-12
7150.056 3.706158298481915e-12
7200.056 3.4687951810051256e-12
7250.056 3.6742468871098525e-12
7300.056 3.658813823415223e-12
7350.056 3.955161882383914e-12
7400.056 4.238405479000163e-12
7450.056 4.610673117200188e-12
7500.056 4.852360229899994e-12
7550.056 4.903213170099993e-12
7600.056 4.677299202799984e-12
7650.056 1.7590772454609353e-12
7700.056 1.3772795980620503e-12
7750.056 5.062041280000069e-12
7800.056 7.2689138945400015e-12
7850.056 1.0439084455099998e-11
7900.056 1.3424430304199832e-11
7950.056 1.519561045938006e-11
8000.056 2.11786866950002e-11
8050.056 2.62431394010004e-11
8100.056 2.7449643495799216e-11
8150.056 3.006830719696317e-11
8200.056 4.41750274692764e-11
8250.056 5.2035474462784347e-11
8300.056 6.544761928386274e-11
8350.056 7.80942957541856e-11
8400.056 9.717860915739947e-11
8450.056 1.2786511205699868e-10
8500.056 1.4865320390099389e-10
8550.056 1.9605833933600397e-10
8600.056 2.479101233600023e-10
8650.056 2.9902852454000336e-10
8700.056 3.473464292900035e-10
8750.056 4.1067452373000265e-10
8800.056 4.678260925600042e-10
8850.056 4.79438236199992e-10
8900.056 2.797887505459793e-10
8950.056 2.776120006944539e-10
9000.056 2.8800692881094156e-10
9050.056 6.120580784505321e-10
9100.056 7.282634096673812e-10
9150.056 8.273586547335719e-10
9200.056 1.118779436711735e-09
9250.056 1.0874514233074018e-09
9300.056 2.664542399350484e-10
9350.056 3.5178410443314836e-10
9400.056 7.268479576299857e-10
9450.056 7.994975740597963e-10
9500.056 7.153836957636662e-10
9550.056 8.069368304641352e-10
9600.056 8.282381127445566e-10
9650.056 1.1193966007158072e-09
9700.056 1.821801502285629e-09
9750.056 1.8591280290864717e-09
9800.056 2.166127424427622e-09
9850.056 2.526582452227986e-09
9900.056 3.2312202239349793e-09
9950.056 3.4385114377301467e-09
10000.056 3.4788996173798376e-09
10050.056 4.666458024900087e-09
10100.056 5.546186583899937e-09
10150.056 5.933092130899977e-09
10200.056 6.130590142900409e-09
10250.056 7.2040373950903066e-09
10300.056 8.927526885069319e-09
10350.056 9.093110839810259e-09
10400.056 1.1902835822600288e-08
10450.056 1.3996969649597984e-08
10500.056 1.6033791817299632e-08
10550.056 1.837707796200023e-08
10600.056 1.9715792069999745e-08
10650.056 2.0829395926800503e-08
10700.056 2.0705314538200354e-08
10750.056 2.1397793327600336e-08
10800.056 2.1117884912020313e-08
10850.056 1.9660712827800238e-08
10900.056 1.514759596539958e-08
10950.056 8.150572396253155e-09
11000.056 5.353603959534564e-09
11050.056 3.175997262074282e-09
11100.056 1.8644028071557914e-09
11150.056 8.656992709167073e-10
11200.056 6.977846905079081e-10
11250.056 8.767224768326752e-10
11300.056 1.1593216494540476e-09
11350.056 3.9302819201275567e-10
11400.056 1.3113593049255101e-09
11450.056 8.783390439072271e-10
11500.056 7.187777007252595e-10
11550.056 2.0470175689181995e-10
11600.056 1.644998429616192e-10
11650.056 4.777312422658071e-10
11700.056 5.706388289999712e-10
11750.056 1.4712914398366449e-10
11800.056 7.73584161267841e-10
11850.056 1.2802266786939374e-09
11900.056 1.5557382748052359e-09
11950.056 2.4576285462194515e-09
12000.056 3.783721089981254e-09
12050.056 5.700742771256435e-09
12100.056 7.96663312873731e-09
12150.056 1.1115502130039446e-08
12200.056 1.355778601688989e-08
12250.056 1.8390580476907367e-08
12300.056 2.4993521927202215e-08
12350.056 2.700600427739958e-08
12400.056 3.586737181359841e-08
12450.056 4.41582086862019e-08
12500.056 4.8648070724004094e-08
12550.056 5.4962775277199346e-08
12600.056 6.09366093240028e-08
12650.056 6.170319450199866e-08
12700.056 6.095213213160309e-08
12750.056 5.103879953140353e-08
12800.056 4.363139011239974e-08
12850.056 3.0405770910592216e-08
12900.056 2.3874829556351187e-08
12950.056 2.0436404894804396e-08
13000.056 2.0553792071116082e-08
13050.056 1.4628945735170074e-08
13100.056 1.3704264800327947e-08
13150.056 9.414604889747186e-09
13200.056 8.666867621936924e-09
13250.056 6.358940005680621e-09
13300.056 2.52076043716021e-09
13350.056 7.224340346947254e-10
13400.056 3.2105645887573827e-10
13450.056 1.1397180785886613e-10
13500.056 4.9227536709890454e-11
13550.056 2.1348620333250313e-11
13600.056 6.376927075714254e-12
13650.056 3.7238554429490835e-11
13700.056 2.1080017741132965e-11
13750.056 4.2656652113155785e-11
13800.056 4.292419752789964e-11
13850.056 2.370589765490136e-11
13900.056 3.163481807501405e-11
13950.056 2.7866108970015274e-11
14000.056 3.1234871138224e-11
14050.056 5.022282626793326e-11
14100.056 4.590402122742362e-11
14150.056 8.497682954841048e-11
14200.056 5.50032876575485e-11
14250.056 7.200506898099834e-11
14300.056 1.8517246467187406e-10
14350.056 1.7267794248868782e-10
14400.056 1.8430802681314257e-10
14450.056 2.909712758617473e-10
14500.056 6.092473295552429e-10
14550.056 6.567156955141541e-10
14600.056 9.20996844957229e-10
14650.056 6.235820235041888e-10
14700.056 3.1937653625914933e-10
14750.056 2.337410326248824e-10
14800.056 3.980815317923222e-10
14850.056 4.718582605074459e-10
14900.056 4.887744726862003e-10
14950.056 4.4477352867241344e-10
15000.056 9.69543804168116e-10
15050.056 8.633205864128373e-10
15100.056 6.608880503990111e-10
15150.056 5.178743090285088e-10
15200.056 9.467684654084917e-10
15250.056 1.9385224375304843e-09
15300.056 2.4363370802144177e-09
15350.056 3.140422253364109e-09
15400.056 4.117377056905738e-09
15450.056 5.328652382284016e-09
15500.056 6.250343152748624e-09
15550.056 9.223217486746218e-09
15600.056 1.2151309799126325e-08
15650.056 1.6345613126741386e-08
15700.056 2.190864608410105e-08
15750.056 2.5619165087299532e-08
15800.056 2.819623284100035e-08
15850.056 3.158975410830244e-08
15900.056 2.9545870543800466e-08
15950.056 2.7811000924997867e-08
16000.056 2.1341265838501728e-08
16050.056 1.2775117504099009e-08
16100.056 7.989915233339186e-09
16150.056 4.391933246126635e-09
16200.056 2.344867375296771e-09
16250.056 1.6256544007615771e-09
16300.056 1.063022782507701e-09
16350.056 1.332922838935574e-09
16400.056 1.6528686191699434e-09
16450.056 1.562176354051383e-09
16500.056 1.4883319738255332e-09
16550.056 1.4900071526690302e-09
16600.056 2.042124586030408e-09
16650.056 1.474914031899525e-09
16700.056 2.529186995294186e-10
16750.056 7.536751750523347e-10
16800.056 1.2754380712944837e-09
16850.056 1.4241667762945632e-09
16900.056 8.027141776685543e-10
16950.056 5.239264643059828e-10
17000.056 3.056629038118828e-10
17050.056 6.080174497504741e-10
17100.056 9.963440337569822e-10
17150.056 5.867595495219099e-10
17200.056 1.6353420736616442e-09
17250.056 1.0122334429166905e-09
17300.056 6.76701284602073e-10
17350.056 7.05400481016213e-10
17400.056 1.0824510837658592e-09
17450.056 1.3861877073063298e-09
17500.056 1.7600488093556348e-09
17550.056 1.5515198436096947e-09
17600.056 1.2116203273050063e-09
17650.056 1.0887319934003648e-09
17700.056 8.418818000292465e-10
17750.056 7.755262137972624e-10
17800.056 1.5169227102177132e-09
17850.056 7.96986328375665e-10
17900.056 6.15595604100824e-10
17950.056 4.699316814621231e-10
18000.056 7.225713975476691e-10
18050.056 5.24538757500444e-10
18100.056 6.429563027551313e-10
18150.056 6.261921263803891e-10
18200.056 4.045458232699117e-10
18250.056 1.2482272927962051e-09
18300.056 3.6872757338564105e-10
18350.056 2.966502699607779e-10
18400.056 2.3296220211989415e-10
18450.056 7.246574780975349e-10
18500.056 7.102007843665455e-10
18550.056 4.439884463484669e-10
18600.056 4.966181466625721e-10
18650.056 3.6265440364295723e-10
18700.056 1.5107696799526076e-10
18750.056 3.2339364800448197e-10
18800.056 1.1049605824819405e-09
18850.056 1.1122717731041474e-09
18900.056 9.57152138209608e-10
18950.056 1.5995998396183435e-09
19000.056 5.866377014475074e-10
19050.056 3.0260088498976657e-10
19100.056 6.462646809502841e-10
19150.056 3.067680059480231e-10
19200.056 4.3647885966995324e-10
19250.056 3.0109609161844776e-10
19300.056 2.1938471485454694e-10
19350.056 1.8802453456913087e-10
19400.056 1.6379982592874967e-10
19450.056 2.8360982907715206e-10
19500.056 2.099194538805254e-10
19550.056 2.7353930089430286e-10
19600.056 5.329769747843795e-10
19650.056 4.175977143936809e-10
19700.056 4.881363958955972e-10
19750.056 7.904443118021868e-10
19800.056 5.846948938476459e-10
19850.056 7.637339386669667e-10
19900.056 9.004108889775165e-10
19950.056 1.2965926273336994e-09
20000.056 1.6204854826020653e-09
20050.056 1.339181291429953e-09
20100.056 2.2243852307194685e-09
20150.056 1.2891264368811936e-09
20200.056 1.0401506683554118e-09
20250.056 1.9099445067799908e-09
20300.056 2.209507123863286e-09
20350.056 2.3110977336661216e-09
20400.056 2.073806215457579e-09
20450.056 3.419848634536774e-09
20500.056 3.975314057949433e-09
20550.056 4.37779332774453e-09
20600.056 4.6885166927175114e-09
20650.056 5.71023893376666e-09
20700.056 6.301294100602377e-09
20750.056 6.981698813129153e-09
20800.056 6.9763464463985155e-09
20850.056 7.78068950960034e-09
20900.056 8.280710599298574e-09
20950.056 7.999763540200617e-09
21000.056 7.847488656600804e-09
21050.056 8.152370022799132e-09
21100.056 7.73068158150046e-09
21150.056 7.740445102298877e-09
21200.056 7.208566191080821e-09
21250.056 6.699425726695571e-09
21300.056 5.7184349206220395e-09
21350.056 5.637490659503144e-09
21400.056 5.396464236602828e-09
21450.056 4.4932182226781e-09
21500.056 3.991718608936598e-09
21550.056 3.5533575789097216e-09
21600.056 3.0432940130952904e-09
21650.056 2.2922092039085608e-09
21700.056 2.153362748335172e-09
21750.056 1.9343817568405147e-09
21800.056 1.4108383462153753e-09
21850.056 1.3170664827762031e-09
21900.056 9.316035460869825e-10
21950.056 4.073205745971299e-10
22000.056 9.32352450912052e-11
22050.056 1.0321456514651564e-10
22100.056 3.634581111814992e-10
22150.056 3.2779548419028463e-10
22200.056 3.569506579261819e-10
22250.056 2.8652814262939415e-10
22300.056 1.6177191131406063e-10
22350.056 1.9920786712615114e-10
22400.056 8.434946815911308e-11
22450.056 1.1408716341793986e-10
22500.056 9.212542759681577e-11
22550.056 6.026802838933749e-11
22600.056 4.9979426412096195e-11
22650.056 8.960363991416901e-11
22700.056 7.047996089843743e-11
22750.056 8.135867307449787e-11
22800.056 8.624982714071354e-11
22850.056 6.43665308516535e-11
22900.056 4.866765675847526e-11
22950.056 4.474325512514114e-11
23000.056 5.923302503431669e-11
23050.056 7.827738562235633e-11
23100.056 3.1749079647350375e-10
23150.056 2.932501409906663e-10
23200.056 1.830416610045097e-11
23250.056 5.955795588840657e-11
23300.056 5.477524965215469e-11
23350.056 7.489021252606989e-11
23400.056 6.390825023286076e-11
23450.056 4.494509195573158e-11
23500.056 5.0454977934443405e-11
23550.056 8.810242270326296e-11
23600.056 1.477556806973427e-10
23650.056 2.1262222411176534e-10
23700.056 5.381280607834263e-11
23750.056 4.724293760828319e-11
23800.056 1.5651816000532905e-10
23850.056 1.2128832074380056e-10
23900.056 2.5446634504168665e-10
23950.056 1.7007311280750287e-10
24000.056 3.0803479550353615e-10
24050.056 3.6804758779036065e-10
24100.056 3.818825303838867e-10
24150.056 5.45993300177595e-10
24200.056 3.9214663763706165e-10
24250.056 3.267316312170467e-10
24300.056 5.514088354345389e-10
24350.056 4.4947947125709993e-10
24400.056 8.768711697125351e-10
24450.056 9.332351295301465e-10
24500.056 8.596192847060034e-10
24550.056 1.2536869689559014e-09
24600.056 1.3002530637660503e-09
24650.056 1.915807717868764e-09
24700.056 1.1485402303353796e-09
24750.056 1.4649634240212747e-09
24800.056 1.3298439907081723e-09
24850.056 2.209979683004807e-09
24900.056 9.739010352569455e-10
24950.056 2.056900624131459e-09
25000.056 1.8865960428135657e-09
25050.056 1.1814236159064023e-09
25100.056 1.8870876886420298e-09
25150.056 9.433742330310245e-10
25200.056 1.3834364946297313e-09
25250.056 5.907343460256838e-10
25300.056 9.217709237348443e-10
25350.056 4.2166362837089044e-10
25400.056 1.0637906657891386e-09
25450.056 3.5982024937193467e-10
25500.056 3.1818800539854805e-10
25550.056 5.762115678205548e-10
25600.056 3.464966240060079e-10
25650.056 1.8190349909201823e-10
25700.056 2.8441295677879544e-10
25750.056 7.85051511402259e-11
25800.056 4.0368331352964224e-10
25850.056 8.528266724544837e-11
25900.056 1.2526294822885938e-10
25950.056 3.5406757706532765e-11
26000.056 3.8151487410253945e-10
26050.056 5.960183444167723e-11
26100.056 2.7010444914480733e-10
26150.056 1.337427580668855e-10
26200.056 1.6502256758584863e-10
26250.056 8.802937717847672e-10
26300.056 2.3566456241845757e-10
26350.056 1.247261552006737e-09
26400.056 1.5382326358386493e-09
26450.056 1.2112606451772262e-09
26500.056 2.185764814934708e-09
26550.056 3.6270145296934027e-10
26600.056 4.984448949985004e-10
26650.056 8.35481221035874e-11
26700.056 5.25615794593788e-11
26750.056 5.872910050331597e-11
26800.056 1.664004836628091e-10
26850.056 8.900240693500741e-11
26900.056 4.243617127042351e-10
26950.056 1.458339436182696e-10
27000.056 7.777817976423387e-10
27050.056 7.734578489902768e-10
27100.056 1.4624164037705484e-10
27150.056 1.053671521850719e-09
27200.056 1.455947126937532e-10
27250.056 4.115456521097217e-10
27300.056 2.27995795838045e-09
27350.056 9.146451754598753e-10
27400.056 5.823490535362883e-11
27450.056 1.1307630215282906e-09
27500.056 1.310537497574851e-09
27550.056 2.3049471647123653e-10
27600.056 6.426661746321187e-10
27650.056 1.801095791154875e-10
27700.056 1.4627700563433003e-10
27750.056 8.885470157756431e-10
27800.056 2.534030057007889e-10
27850.056 4.0853984917656897e-10
27900.056 4.0729853278859014e-10
27950.056 1.0548699743345922e-09
28000.056 8.81583506416869e-10
28050.056 1.2342672378942732e-10
28100.056 8.719984055977035e-10
28150.056 6.348513473116637e-10
28200.056 1.9127818633736756e-10
28250.056 1.1834659157418951e-09
28300.056 1.1417163826096618e-09
28350.056 2.554283105487365e-10
28400.056 8.26092876608815e-10
28450.056 1.3738238506635805e-09
28500.056 8.927975144449787e-10
28550.056 2.0117508680172513e-10
28600.056 1.4749512301152365e-09
28650.056 1.0177870389944148e-09
28700.056 1.3114283456988833e-09
28750.056 1.9679714268591176e-09
28800.056 9.886997622560444e-10
28850.056 1.8524463425920478e-09
