galfind/configs/Brown_Dwarf_templates/sonora_bobcat/m0.0/178g/sp_t200g178nc_m0.0_resample.dat
# %ECSV 1.0
# ---
# datatype:
# - {name: wav, unit: Angstrom, datatype: float64}
# - {name: flux_nu, unit: erg / (cm2 Hz s), datatype: float64}
# meta: {C/O: '1.00', Kzz: '1.0000E+05', Teff: '200.', Y: '0.28', '[Fe/H]': '0.00', f_hole: '1.00', f_rain: '0.00', grav: '178.'}
# schema: astropy-2.0
wav flux_nu
4000.0559999999996 nan
4050.0559999999996 2.815033060740039e-20
4100.056 3.454198402760039e-19
4150.056 1.1898792396600086e-18
4200.056 2.2094239623000136e-18
4250.056 7.134611033000045e-18
4300.056 1.527416670000007e-17
4350.056 2.814133658100011e-17
4400.056 4.197122120900006e-17
4450.056 5.985410031100017e-17
4500.056 1.0767794708300042e-16
4550.056 1.7905766552000061e-16
4600.056 2.5314721288000065e-16
4650.056 3.182013197300003e-16
4700.056 3.383848375400004e-16
4750.056 3.474738130000003e-16
4800.056 3.540607311199998e-16
4850.056 2.6263655196999886e-16
4900.056 2.060419571199996e-16
4950.056 1.7035253807999976e-16
5000.056 1.0012726598899919e-16
5050.056 5.311392729899987e-17
5100.056 6.448918701600052e-17
5150.056 9.429185552100023e-17
5200.056 1.2656321271000034e-16
5250.056 1.466105999100002e-16
5300.056 1.6879110244000028e-16
5350.056 1.9314779902000016e-16
5400.056 1.9780361341000013e-16
5450.056 2.2611112801000102e-16
5500.056 2.776943256600005e-16
5550.056 3.4396788809000064e-16
5600.056 4.0197673336000055e-16
5650.056 4.431767995799999e-16
5700.056 4.071767866900009e-16
5750.056 4.4376556400000074e-16
5800.056 4.438991015100001e-16
5850.056 3.055811123689952e-16
5900.056 4.8757211570002374e-17
5950.056 3.7958593560001107e-16
6000.056 9.201845542300046e-16
6050.056 2.1439861438000213e-15
6100.056 4.011946764700032e-15
6150.056 6.4546225387000396e-15
6200.056 9.514203202500043e-15
6250.056 1.1723709956899992e-14
6300.056 1.6027149185000022e-14
6350.056 2.1716901736000005e-14
6400.056 2.7835616187000088e-14
6450.056 2.2678837706799623e-14
6500.056 2.508956880030045e-14
6550.056 3.674535990499926e-14
6600.056 5.812374876200123e-14
6650.056 1.0612314556600102e-13
6700.056 1.7263998366000142e-13
6750.056 2.644848233900017e-13
6800.056 3.078519841600002e-13
6850.056 2.8604225530999925e-13
6900.056 1.6124819847789653e-13
6950.056 5.089981970580216e-14
7000.056 7.078331205999683e-14
7050.056 6.441005151280111e-14
7100.056 8.094999759799949e-14
7150.056 3.735111495979674e-14
7200.056 6.363921021372095e-15
7250.056 5.048186893692432e-15
7300.056 6.627275103682293e-15
7350.056 2.134643067523025e-14
7400.056 6.20679039253011e-14
7450.056 1.8292008291000557e-13
7500.056 3.4259158045000216e-13
7550.056 4.975545865100029e-13
7600.056 6.018156373800015e-13
7650.056 4.647691487299965e-13
7700.056 5.258586559900059e-13
7750.056 8.382054596500043e-13
7800.056 8.971882956599998e-13
7850.056 7.195823124099859e-13
7900.056 6.50652874130006e-13
7950.056 8.60169087989995e-13
8000.056 7.162482980799989e-13
8050.056 7.236916525200025e-13
8100.056 1.8296060170143482e-13
8150.056 7.179762787295432e-15
8200.056 9.517078288479592e-14
8250.056 1.239946517427085e-13
8300.056 5.419388900733186e-14
8350.056 7.431338706730959e-14
8400.056 1.9423455559841973e-13
8450.056 5.904408752500125e-13
8500.056 9.670697404100088e-13
8550.056 1.4018292207500186e-12
8600.056 1.8290396245000156e-12
8650.056 1.871927109799989e-12
8700.056 1.1922256435399807e-12
8750.056 8.495891381899899e-13
8800.056 4.303527332799783e-13
8850.056 1.6425294280528625e-13
8900.056 1.3818073914718213e-15
8950.056 1.9839419105443516e-17
9000.056 2.2619195325242807e-17
9050.056 5.546935503819516e-16
9100.056 9.808571332960593e-16
9150.056 2.8813837402346278e-15
9200.056 1.9540441543502818e-14
9250.056 1.0099944706916914e-14
9300.056 4.3497119871032724e-18
9350.056 2.4885516680945525e-19
9400.056 4.5173463893647634e-17
9450.056 4.844975121760259e-18
9500.056 1.2306302826540593e-17
9550.056 7.197468204219608e-18
9600.056 4.4321356457991505e-17
9650.056 2.8920548831601837e-16
9700.056 7.978687356012459e-15
9750.056 3.2164582854666133e-15
9800.056 4.916134008625269e-15
9850.056 7.163379214707509e-15
9900.056 1.2264691049531249e-14
9950.056 1.1864276833650906e-14
10000.056 1.0024027567028093e-14
10050.056 8.141374371099577e-15
10100.056 5.365710124100023e-15
10150.056 1.9245871197098874e-15
10200.056 1.157431690588714e-16
10250.056 5.090683366708409e-17
10300.056 3.094633436943394e-16
10350.056 6.800997082602429e-17
10400.056 7.543247865875581e-16
10450.056 1.833926935429858e-15
10500.056 5.376378764230389e-15
10550.056 1.427227986740022e-14
10600.056 1.9290932900000428e-14
10650.056 1.6811565822999734e-14
10700.056 9.937872442899753e-15
10750.056 6.984496882999731e-15
10800.056 5.460890899130165e-15
10850.056 3.908422567149924e-15
10900.056 2.8336955748998863e-15
10950.056 1.4874177197899984e-15
11000.056 6.510095368249304e-16
11050.056 2.323340309638969e-16
11100.056 4.2203607150384733e-17
11150.056 3.743269195360907e-18
11200.056 4.544803511113433e-19
11250.056 1.0777621529043966e-19
11300.056 1.9075190679148396e-18
11350.056 1.182866846218611e-19
11400.056 5.329912339514901e-18
11450.056 1.9986288128840218e-18
11500.056 2.361185730953662e-18
11550.056 5.916507039778615e-19
11600.056 3.9574061560342044e-20
11650.056 7.446245660938137e-19
11700.056 2.093085889689555e-18
11750.056 9.058768238718013e-19
11800.056 4.9458156639284335e-18
11850.056 3.5312185840220946e-18
11900.056 7.440267208375753e-18
11950.056 1.5073465140441372e-17
12000.056 1.3432407384889783e-17
12050.056 1.969294575764069e-17
12100.056 1.9897289925249872e-17
12150.056 2.963176203957326e-17
12200.056 3.793738177220981e-17
12250.056 2.098254468274906e-16
12300.056 5.902660856781868e-16
12350.056 8.216473565986706e-16
12400.056 2.665363636550108e-15
12450.056 8.90433834950042e-15
12500.056 1.4185514094599697e-14
12550.056 1.4944156323400148e-14
12600.056 2.937110113210178e-14
12650.056 8.334743717880404e-14
12700.056 1.146487124949975e-13
12750.056 6.679481437530329e-14
12800.056 4.252408406539647e-14
12850.056 1.340096029649893e-14
12900.056 3.912147283993312e-15
12950.056 2.755126981134009e-15
13000.056 2.8740896072793357e-15
13050.056 1.1499633327120916e-15
13100.056 1.278072913027863e-15
13150.056 2.6265853876928694e-16
13200.056 3.8970657473401814e-16
13250.056 8.8304821576989e-16
13300.056 1.614304261709733e-16
13350.056 1.0976845957530878e-16
13400.056 3.5507086063690995e-17
13450.056 2.6756695811890145e-18
13500.056 9.066748000317469e-20
13550.056 3.2385256464576958e-21
13600.056 1.3908196142097463e-22
13650.056 1.019884196571819e-21
13700.056 3.66311783148425e-22
13750.056 4.6653269973216956e-21
13800.056 4.730877826280742e-21
13850.056 9.259637412473463e-22
13900.056 5.9475141462760696e-21
13950.056 2.129681966017111e-21
14000.056 2.1336736267340187e-20
14050.056 1.816133391112454e-20
14100.056 2.836202882906744e-20
14150.056 4.1033801787997363e-19
14200.056 4.866436130494234e-19
14250.056 1.2892310305151677e-18
14300.056 4.838099225612747e-18
14350.056 3.337454425000744e-18
14400.056 3.0291474578543884e-18
14450.056 7.313767537098857e-18
14500.056 2.86599307749064e-17
14550.056 1.6057220377787969e-16
14600.056 1.8408647252729313e-16
14650.056 1.9546896275752826e-17
14700.056 5.800218725182909e-18
14750.056 9.741099776962808e-19
14800.056 9.441316539593739e-19
14850.056 7.186978492811457e-19
14900.056 2.945689417969132e-19
14950.056 4.438275219154968e-20
15000.056 3.399235294976566e-19
15050.056 3.720926480900752e-18
15100.056 2.692075810507433e-19
15150.056 2.0662871605815786e-20
15200.056 1.5424485417044106e-18
15250.056 3.2246652616884013e-18
15300.056 1.18600312292167e-17
15350.056 3.081024599330342e-17
15400.056 2.228381560465541e-17
15450.056 8.502148947469953e-17
15500.056 2.230324371699389e-16
15550.056 2.065885369307746e-15
15600.056 8.058887225276302e-15
15650.056 3.095167117110532e-14
15700.056 9.731459324200968e-14
15750.056 1.4420471813259937e-13
15800.056 1.9650474581800503e-13
15850.056 3.1858444552703203e-13
15900.056 4.051255027609882e-13
15950.056 6.51388038979998e-13
16000.056 6.391545331099891e-13
16050.056 4.2684131370398075e-13
16100.056 1.951585717360075e-13
16150.056 7.3864754883891e-14
16200.056 1.226299836340993e-14
16250.056 2.067146488368943e-15
16300.056 3.205585775516675e-16
16350.056 1.3129773406395148e-16
16400.056 1.2066939211020034e-16
16450.056 1.4501211106341616e-16
16500.056 9.653648294182231e-17
16550.056 1.2727443811221768e-16
16600.056 1.960903138339402e-15
16650.056 2.898616719668077e-16
16700.056 6.608095686979381e-17
16750.056 1.4610042884817743e-16
16800.056 4.891538619261736e-16
16850.056 4.574239625262829e-16
16900.056 5.3400523803428853e-17
16950.056 3.660003550927971e-17
17000.056 8.049052242505717e-18
17050.056 9.117732276345245e-18
17100.056 8.851510717385882e-17
17150.056 3.1091830759524863e-17
17200.056 3.1095283397035714e-16
17250.056 6.424284701930259e-18
17300.056 1.2357280017567946e-17
17350.056 5.842151634222008e-17
17400.056 2.449043158244829e-16
17450.056 4.1925380398964304e-16
17500.056 1.2656644609191335e-15
17550.056 1.2097874675859684e-15
17600.056 1.5571439885923779e-15
17650.056 3.2152227542423735e-16
17700.056 2.4263786474982275e-16
17750.056 1.3399859533844622e-16
17800.056 8.897873089708244e-16
17850.056 1.2254078147975063e-16
17900.056 7.540790309871741e-17
17950.056 6.475971270651606e-17
18000.056 1.106469765214784e-16
18050.056 7.467054678173831e-17
18100.056 6.411728931485461e-17
18150.056 1.7836413173651436e-17
18200.056 1.7520196191411144e-17
18250.056 1.0802335135032945e-16
18300.056 6.555206441713509e-18
18350.056 5.4457977809790915e-18
18400.056 2.0010296075441725e-18
18450.056 1.9139436395615312e-17
18500.056 1.190760680680276e-17
18550.056 6.4520812049899595e-18
18600.056 2.3561925368050216e-17
18650.056 3.3167816587303744e-17
18700.056 2.8236871349994146e-18
18750.056 3.661617833389639e-18
18800.056 6.674382370699091e-17
18850.056 3.995563815013319e-17
18900.056 9.388676175473844e-17
18950.056 8.086293601745248e-17
19000.056 1.1034575672522957e-17
19050.056 5.872511215146158e-18
19100.056 2.26315153792093e-17
19150.056 1.1428628870687118e-17
19200.056 2.281545769872447e-17
19250.056 1.5624798161124505e-17
19300.056 6.950184671532363e-18
19350.056 7.19561697139253e-18
19400.056 3.079567100001355e-18
19450.056 9.932722662901385e-19
19500.056 8.810773483182784e-19
19550.056 4.6564948369482025e-18
19600.056 1.0380253776596201e-17
19650.056 5.5071438665965195e-18
19700.056 1.372514269864479e-17
19750.056 2.208939991827667e-17
19800.056 1.0440366762097033e-17
19850.056 1.578778013741548e-17
19900.056 3.333925114530232e-17
19950.056 3.1855644702760443e-17
20000.056 3.2562765819650794e-17
20050.056 2.7818710095402945e-17
20100.056 4.764774419602663e-17
20150.056 3.0874393296185634e-17
20200.056 1.775568039563497e-17
20250.056 6.394631337172295e-17
20300.056 8.878246112027384e-17
20350.056 9.66816249186772e-17
20400.056 9.206711521267572e-17
20450.056 1.2695172977018961e-16
20500.056 1.1882549268695163e-16
20550.056 1.1300230384008372e-16
20600.056 1.0529006749641684e-16
20650.056 9.737664609678682e-17
20700.056 8.954695036199545e-17
20750.056 7.505485158499798e-17
20800.056 6.1854922800996e-17
20850.056 5.462311354899935e-17
20900.056 4.5708551127999564e-17
20950.056 3.7962656687999284e-17
21000.056 3.28615451229996e-17
21050.056 3.0497812056999685e-17
21100.056 2.982072554900014e-17
21150.056 3.191747540800055e-17
21200.056 3.605075513500091e-17
21250.056 4.345082457399981e-17
21300.056 5.147818593600084e-17
21350.056 6.165006270999815e-17
21400.056 8.00704104830068e-17
21450.056 8.055569177220511e-17
21500.056 8.023099220189126e-17
21550.056 9.154319057315928e-17
21600.056 9.010694885584966e-17
21650.056 7.703328267476941e-17
21700.056 5.554045172085973e-17
21750.056 6.71906617796155e-17
21800.056 5.601532373546037e-17
21850.056 5.903198082271038e-17
21900.056 4.3395748796547386e-17
21950.056 1.5931007368758695e-17
22000.056 5.694968343983469e-19
22050.056 8.75220819490085e-19
22100.056 3.5994382062328065e-18
22150.056 1.4666846766615472e-18
22200.056 1.1799910566113185e-18
22250.056 8.551322784850656e-19
22300.056 9.660504137718933e-20
22350.056 4.82966532194472e-19
22400.056 1.6177567172103017e-19
22450.056 3.475440447228203e-19
22500.056 2.7987293051529503e-19
22550.056 3.1024106131959304e-20
22600.056 1.6390116920988602e-20
22650.056 9.421926878416683e-21
22700.056 3.026075078239013e-20
22750.056 1.103420994065867e-19
22800.056 1.8791975306629942e-19
22850.056 9.092006371299703e-20
22900.056 4.637076217782208e-20
22950.056 2.079737454991e-20
23000.056 1.4820921284389283e-20
23050.056 3.389416482362742e-21
23100.056 2.3391082158183873e-18
23150.056 2.8910103325913493e-18
23200.056 1.437300861867902e-20
23250.056 3.502177124468058e-19
23300.056 7.950393641306304e-20
23350.056 2.6417415161853634e-19
23400.056 3.909588159615602e-19
23450.056 4.695750592663086e-20
23500.056 4.0763546086808836e-20
23550.056 1.2858125106704708e-19
23600.056 7.372353547134082e-19
23650.056 1.907313136532159e-18
23700.056 5.0237996448206644e-20
23750.056 1.459674706586195e-19
23800.056 1.838870769405361e-18
23850.056 5.085576522898176e-19
23900.056 2.1943321474698785e-18
23950.056 6.019917193696198e-19
24000.056 4.630755821197924e-18
24050.056 4.906141985397183e-18
24100.056 1.4997644751243094e-17
24150.056 2.474805160564358e-17
24200.056 1.5149118467224983e-17
24250.056 8.730533469987472e-18
24300.056 3.126666731446761e-17
24350.056 5.083462087118067e-17
24400.056 1.1383901935844055e-16
24450.056 1.9469210897201258e-16
24500.056 2.1503070653222008e-16
24550.056 4.4083268738057244e-16
24600.056 7.870775350200947e-16
24650.056 1.4107971912701263e-15
24700.056 1.268349759620589e-15
24750.056 2.2323598595679128e-15
24800.056 2.528207837865288e-15
24850.056 3.159984513566314e-15
24900.056 3.080275768150787e-15
24950.056 4.340736543340452e-15
25000.056 6.026040351452195e-15
25050.056 5.664834559155116e-15
25100.056 6.130169563268184e-15
25150.056 3.898132927571726e-15
25200.056 6.1637573132451595e-15
25250.056 3.759470101610119e-15
25300.056 3.019879422835142e-15
25350.056 2.754274482176312e-15
25400.056 4.9057476789474064e-15
25450.056 1.9688212788145705e-15
25500.056 1.3818460520129538e-15
25550.056 2.387024887079814e-15
25600.056 8.967339545343007e-16
25650.056 3.6825568475798707e-16
25700.056 4.261987807992906e-16
25750.056 1.7629230913806536e-16
25800.056 1.1342143513728132e-15
25850.056 1.653321374199047e-16
25900.056 9.949335352214062e-17
25950.056 2.2979370094772325e-16
26000.056 6.289719424357707e-16
26050.056 2.66536584068967e-16
26100.056 6.01846449771551e-16
26150.056 4.4234836185784945e-16
26200.056 5.64570688829902e-16
26250.056 1.7037932429798552e-15
26300.056 8.307427409636686e-16
26350.056 2.298076581763582e-15
26400.056 5.106072197759213e-15
26450.056 4.976888573770408e-15
26500.056 8.385498735039948e-15
26550.056 2.4914906751013016e-15
26600.056 2.5827014814073756e-15
26650.056 9.563464280199786e-16
26700.056 1.1651765529932222e-15
26750.056 1.5770141379617526e-15
26800.056 3.694423002824005e-15
26850.056 2.98588626941087e-15
26900.056 6.209361512369593e-15
26950.056 2.4037339087415257e-15
27000.056 6.9536244778999935e-15
27050.056 1.1616850543599458e-14
27100.056 2.2253369595322238e-15
27150.056 1.0137003982099662e-14
27200.056 2.702217303813267e-15
27250.056 5.21433732592516e-15
27300.056 2.2780149632200195e-14
27350.056 1.1134104029718899e-14
27400.056 2.7725938244677288e-15
27450.056 1.5881762693001803e-14
27500.056 1.7536612437027917e-14
27550.056 7.280700875729378e-15
27600.056 1.5259574403200387e-14
27650.056 7.181426302920591e-15
27700.056 8.486871745749208e-15
27750.056 2.1131713425131794e-14
27800.056 1.201210453595017e-14
27850.056 1.737078700855859e-14
27900.056 1.9677498545474553e-14
27950.056 2.094692360989781e-14
28000.056 3.072268918553897e-14
28050.056 4.908527431485575e-15
28100.056 2.2599225355088653e-14
28150.056 2.050913977604274e-14
28200.056 5.676498438877053e-15
28250.056 1.52919480613228e-14
28300.056 9.381540482044834e-15
28350.056 2.3787431084815302e-15
28400.056 1.1520377287396705e-14
28450.056 3.7438797682686574e-15
28500.056 2.6605885746150086e-15
28550.056 4.1898048064540745e-15
28600.056 1.0130831148077153e-14
28650.056 2.27231381673592e-15
28700.056 7.289568378814519e-15
28750.056 8.157340186681263e-15
28800.056 1.0841503149781026e-15
28850.056 3.43160070426515e-14
