galfind/configs/Brown_Dwarf_templates/sonora_bobcat/m0.0/178g/sp_t950g178nc_m0.0_resample.dat
# %ECSV 1.0
# ---
# datatype:
# - {name: wav, unit: Angstrom, datatype: float64}
# - {name: flux_nu, unit: erg / (cm2 Hz s), datatype: float64}
# meta: {C/O: '1.00', Kzz: '1.0000E+05', Teff: '950.', Y: '0.28', '[Fe/H]': '0.00', f_hole: '1.00', f_rain: '0.00', grav: '178.'}
# schema: astropy-2.0
wav flux_nu
[from data line 499]
28950.056 9.116377016239492e-08
29000.056 7.340095186528161e-08
29050.056 8.137790337283964e-08
29100.056 5.799510801959764e-08
29150.056 1.0240952480946562e-07
29200.056 7.247825757527062e-08
29250.056 1.0137473522597871e-07
29300.056 5.929571753966429e-08
29350.056 1.496188067179275e-07
29400.056 8.286784957579884e-08
29450.056 9.083825764566227e-08
29500.056 1.0149225851793583e-07
29550.056 8.981313023856273e-08
29600.056 1.0574896410380173e-07
29650.056 1.0806172256093281e-07
29700.056 8.120990768746544e-08
29750.056 1.1178875630247864e-07
29800.056 1.1608295452016962e-07
29850.056 1.2205980467156269e-07
29900.056 1.145895586312859e-07
29950.056 1.1659544713038147e-07
30000.056 6.11610894985913e-08
30050.056 7.307780523571076e-08
30100.056 7.099774761848577e-08
30150.056 1.1942599805768775e-07
30200.056 9.326510433624361e-08
30250.056 1.378237962090275e-07
30300.056 1.1919612712220943e-07
30350.056 1.0226429046360505e-07
30400.056 1.2652606651370124e-07
30450.056 9.127964803064495e-08
30500.056 7.84329004122825e-08
30550.056 8.323639564971936e-08
30600.056 9.892515005599756e-08
30650.056 7.923912227988652e-08
30700.056 7.502193343358565e-08
30750.056 7.798982211288736e-08
30800.056 6.759349387961515e-08
30850.056 6.187107768527422e-08
30900.056 5.603966120118899e-08
30950.056 5.221054358588332e-08
31000.056 4.748925222170438e-08
31050.056 4.972835551900135e-08
31100.056 3.777659533069687e-08
31150.056 4.615851281049762e-08
31200.056 5.062337969401072e-08
31250.056 3.673535414160433e-08
31300.056 3.528089845389393e-08
31350.056 3.591045663488178e-08
31400.056 2.804742080123158e-08
31450.056 3.113963221449342e-08
31500.056 2.4180494992373922e-08
31550.056 2.740169017477689e-08
31600.056 2.1598315572801213e-08
31650.056 1.9992396568424463e-08
31700.056 2.057123984899734e-08
31750.056 1.657540409342592e-08
31800.056 2.1787465585797522e-08
31850.056 1.6395745303572868e-08
31900.056 2.014511758629998e-08
31950.056 1.298304641901078e-08
32000.056 1.7192758494298328e-08
32050.056 1.817560422789077e-08
32100.056 1.740215589219259e-08
32150.056 1.9127721844498113e-08
32200.056 1.5850865218981172e-08
32250.056 2.1924263132344057e-08
32300.056 1.5160980240696865e-08
32350.056 2.2996361630397685e-08
32400.056 1.5276498207596185e-08
32450.056 2.1167196583173135e-08
32500.056 1.934622988065395e-08
32550.056 1.911524181602766e-08
32600.056 2.242354479974098e-08
32650.056 3.0765936742594035e-08
32700.056 2.656725813340593e-08
32750.056 3.216507029690457e-08
32800.056 3.03208766239046e-08
32850.056 3.4027536778796095e-08
32900.056 3.7763492945875184e-08
32950.056 3.9181451027197176e-08
33000.056 3.2546044217369896e-08
33050.056 3.083504294001465e-08
33100.056 1.6352170697495763e-08
33150.056 4.742291476910351e-09
33200.056 4.516744833178288e-09
33250.056 2.836143312659212e-09
33300.056 3.5390526368808726e-09
33350.056 6.044291468030295e-09
33400.056 8.814172434596836e-09
33450.056 1.2455460597679061e-08
33500.056 1.9471887130510033e-08
33550.056 1.7517186285807002e-08
33600.056 2.6785549166096842e-08
33650.056 2.77771100183979e-08
33700.056 2.337528083064518e-08
33750.056 3.385205859820682e-08
33800.056 2.6198173052475395e-08
33850.056 3.152159127346626e-08
33900.056 2.5445740650199138e-08
33950.056 2.623588544839453e-08
34000.056 3.346728509951099e-08
34050.056 1.921364384178434e-08
34100.056 3.29114892333007e-08
34150.056 2.561598239289808e-08
34200.056 2.7361999357488045e-08
34250.056 2.784893360368615e-08
34300.056 2.4367405457998277e-08
34350.056 2.2924904612200085e-08
34400.056 2.0138717881456765e-08
34450.056 2.8138746031090467e-08
34500.056 2.568394088510278e-08
34550.056 2.0115122626261272e-08
34600.056 3.3502655201198904e-08
34650.056 2.3164528484500653e-08
34700.056 2.8649529484598085e-08
34750.056 2.8296867450790444e-08
34800.056 2.501882454657337e-08
34850.056 2.94277257081077e-08
34900.056 3.049450357071737e-08
34950.056 3.226672259349313e-08
35000.056 4.628935590476037e-08
35050.056 2.952111841869979e-08
35100.056 3.8145302067202924e-08
35150.056 3.737984965510802e-08
35200.056 3.896938689989713e-08
35250.056 5.010937248638462e-08
35300.056 3.904971040160823e-08
35350.056 3.959152636478702e-08
35400.056 4.458170906220153e-08
35450.056 3.129065724531705e-08
35500.056 5.82108270135977e-08
35550.056 5.352233859649166e-08
35600.056 4.7399279071421804e-08
35650.056 5.341034757480042e-08
35700.056 4.82177054167912e-08
35750.056 6.04092140953921e-08
35800.056 7.717232812900146e-08
35850.056 4.8847480386195125e-08
35900.056 6.543797520050515e-08
35950.056 6.262519915598668e-08
36000.056 6.255074113801048e-08
36050.056 5.990285972778171e-08
36100.056 6.219227709366386e-08
36150.056 6.715607431598563e-08
36200.056 7.328891738998254e-08
36250.056 6.75552951409809e-08
36300.056 8.17141902546047e-08
36350.056 7.720600431240682e-08
36400.056 7.819369457339033e-08
36450.056 9.062884074910269e-08
36500.056 9.441093641479895e-08
36550.056 9.925968304702857e-08
36600.056 1.1426456983799486e-07
36650.056 1.0887051436597908e-07
36700.056 1.1477493721237888e-07
36750.056 1.252314719070527e-07
36800.056 1.2528209124699865e-07
36850.056 1.1716993690897472e-07
36900.056 1.27320910272786e-07
36950.056 1.423788811479797e-07
37000.056 1.3418664995298902e-07
37050.056 1.3747879482499416e-07
37100.056 1.4651668392599543e-07
37150.056 1.3031511518620117e-07
37200.056 1.537849481829886e-07
37250.056 1.5104200465297108e-07
37300.056 1.3551986559954207e-07
37350.056 1.4407077647502624e-07
37400.056 1.9684402018999487e-07
37450.056 1.5653733195559748e-07
37500.056 1.5585777479558376e-07
37550.056 1.8768001011109592e-07
37600.056 2.0736123645401692e-07
37650.056 1.5565856092900567e-07
37700.056 2.1330484048702014e-07
37750.056 1.6890600221800664e-07
37800.056 1.8104405993509713e-07
37850.056 1.434065243960082e-07
37900.056 1.5970574177205889e-07
37950.056 1.850344778294627e-07
38000.056 2.1745313285899783e-07
38050.056 2.154117591780469e-07
38100.056 2.1392464240903306e-07
38150.056 2.3877406154198973e-07
38200.056 2.486924163530494e-07
38250.056 2.3343595093801167e-07
38300.056 2.8934707290495793e-07
38350.056 2.9631955729303854e-07
38400.056 2.131728026339313e-07
38450.056 2.245990730649432e-07
38500.056 1.7395287415703474e-07
38550.056 2.457093980500543e-07
38600.056 2.4696080338599343e-07
38650.056 2.5109603302296743e-07
38700.056 2.67169856914993e-07
38750.056 2.814030351910034e-07
38800.056 2.448136852968772e-07
38850.056 2.565898145840298e-07
38900.056 3.135852176220117e-07
38950.056 2.670203040789795e-07
39000.056 2.972088726309854e-07
39050.056 2.7696246110999993e-07
39100.056 2.9128330771902004e-07
39150.056 3.0177842175099776e-07
39200.056 2.993600112109786e-07
39250.056 3.363589377799544e-07
39300.056 2.9675944908390224e-07
39350.056 3.6115574635202426e-07
39400.056 3.257005389770647e-07
39450.056 3.360569255459881e-07
39500.056 3.2954210889104e-07
39550.056 3.329521597957675e-07
39600.056 3.59396028113906e-07
39650.056 3.8706220431998684e-07
39700.056 3.69750843380032e-07
39750.056 3.197654140360821e-07
39800.056 3.603900612199247e-07
39850.056 4.211024793600017e-07
39900.056 4.114610684800128e-07
39950.056 3.8827170818792625e-07
40000.056 4.5824215259007044e-07
40050.056 4.173567985340141e-07
40100.056 3.680071652662143e-07
40150.056 4.374087183179759e-07
40200.056 4.4793503110987357e-07
40250.056 4.3114412739988666e-07
40300.056 4.3232378755005994e-07
40350.056 4.3793996630597943e-07
40400.056 4.910611997588022e-07
40450.056 4.4674737336406037e-07
40500.056 4.818173637900111e-07
40550.056 4.966803313799268e-07
40600.056 4.719606255300528e-07
40650.056 4.517267763729058e-07
40700.056 5.685569765549866e-07
40750.056 4.761682385499069e-07
40800.056 4.113418255428382e-07
40850.056 5.592472963801134e-07
40900.056 5.292551197900262e-07
40950.056 4.906102765120218e-07
41000.056 5.066289069300021e-07
41050.056 5.836790139299448e-07
41100.056 5.030862684799811e-07
41150.056 4.178207494119546e-07
41200.056 5.609824415599763e-07
41250.056 5.037747136149745e-07
41300.056 4.613655127898981e-07
41350.056 5.878404372700572e-07
41400.056 5.373161473300698e-07
41450.056 5.611792450200664e-07
41500.056 4.772557262469925e-07
41550.056 4.770965782060813e-07
41600.056 5.598706528380617e-07
41650.056 5.531657470100407e-07
41700.056 5.076664306698669e-07
41750.056 5.23370666969976e-07
41800.056 6.000142448999804e-07
41850.056 4.284832568230091e-07
41900.056 5.122621681279134e-07
41950.056 5.073179421200911e-07
42000.056 4.989486614599797e-07
42050.056 4.4045904767398136e-07
42100.056 5.892450099900465e-07
42150.056 4.385423073099903e-07
42200.056 4.344209604399929e-07
42250.056 4.5855928984492385e-07
42300.056 4.3484151300999385e-07
42350.056 5.159423153100838e-07
42400.056 4.822282385801008e-07
42450.056 4.3417091954003007e-07
42500.056 4.3529103365499635e-07
42550.056 4.2123429350395234e-07
42600.056 4.4467217816008667e-07
42650.056 5.207118519598327e-07
42700.056 4.5792819094197996e-07
42750.056 4.2376326840000657e-07
42800.056 4.5897434263606755e-07
42850.056 5.16196142569848e-07
42900.056 5.365549781661049e-07
42950.056 4.3725560663985343e-07
43000.056 4.924889290940233e-07
43050.056 3.5664132197914936e-07
43100.056 4.4972133124994274e-07
43150.056 4.273434939760533e-07
43200.056 4.798515440300144e-07
43250.056 5.549567413200173e-07
43300.056 5.540460482600195e-07
43350.056 3.982462228488962e-07
43400.056 4.647661908789675e-07
43450.056 4.191407944010765e-07
43500.056 4.1797886301599145e-07
43550.056 4.2956949852706877e-07
43600.056 5.339084498500447e-07
43650.056 4.152799894560059e-07
43700.056 5.192491944700372e-07
43750.056 4.898346816700817e-07
43800.056 4.6067139974394406e-07
43850.056 4.209585730700838e-07
43900.056 4.591394821799435e-07
43950.056 3.5181570476296727e-07
44000.056 3.312560212970043e-07
44050.056 4.719985707200164e-07
44100.056 5.449816277400394e-07
44150.056 5.247199830449417e-07
44200.056 4.771940792450015e-07
44250.056 3.914961901820084e-07
44300.056 3.575610880740648e-07
44350.056 3.8587135395409176e-07
44400.056 3.881258400209887e-07
44450.056 4.4054949251997306e-07
44500.056 4.4862482209210713e-07
44550.056 5.068455965599351e-07
44600.056 4.387165291240491e-07
44650.056 4.6890548936006987e-07
44700.056 3.6627096835000156e-07
44750.056 4.473384478080317e-07
44800.056 4.166776222200395e-07
44850.056 4.6286332042007485e-07
44900.056 3.897640392740408e-07
44950.056 4.2015438947001927e-07
45000.056 4.4358668829997637e-07
45050.056 4.394609097479897e-07
45100.056 4.448535627499992e-07
45150.056 4.3530718993296636e-07
45200.056 3.703198395320291e-07
45250.056 4.038438622838972e-07
45300.056 3.8078312310405e-07
45350.056 3.8552847767396656e-07
45400.056 4.758024320700408e-07
45450.056 4.342155806899651e-07
45500.056 4.4184456368000136e-07
45550.056 4.934028840698961e-07
45600.056 4.804240498400366e-07
45650.056 3.990099745399408e-07
45700.056 3.937807115790368e-07
45750.056 3.732570562629956e-07
45800.056 4.6965766530000513e-07
45850.056 5.021437800999962e-07
45900.056 5.16668983680014e-07
45950.056 4.280349169279924e-07
46000.056 4.972235396850259e-07
46050.056 4.4786373575903304e-07
46100.056 4.817242338899763e-07
46150.056 4.1847430291497643e-07
46200.056 4.1621827790004694e-07
46250.056 3.1859749788495364e-07
46300.056 4.5746534068399225e-07
46350.056 4.2710833700002284e-07
46400.056 4.278180500700075e-07
46450.056 4.1151628046804857e-07
46500.056 4.122971343790721e-07
46550.056 3.7736096404899486e-07
46600.056 4.2645151346199315e-07
46650.056 5.620173535499735e-07
46700.056 4.5246197436001407e-07
46750.056 3.459488660260088e-07
46800.056 3.010246888570285e-07
46850.056 5.398285661700909e-07
46900.056 4.90254351559948e-07
46950.056 5.029369604499921e-07
47000.056 4.4475576984003886e-07
47050.056 4.579951694758509e-07
47100.056 3.3414752881905083e-07
47150.056 4.00586713878053e-07
47200.056 4.723779658500295e-07
47250.056 3.7633332493996964e-07
47300.056 3.1024963232009465e-07
47350.056 4.723255461799618e-07
47400.056 4.7442867220994966e-07
47450.056 4.4385691525403655e-07
47500.056 5.005449197439414e-07
47550.056 4.4495568097999736e-07
47600.056 4.558240748099621e-07
47650.056 3.9166019943992385e-07
47700.056 4.38942564927109e-07
47750.056 3.18253627690014e-07
47800.056 3.701589698980072e-07
47850.056 2.832017311140019e-07
47900.056 3.551662435499536e-07
47950.056 3.909389668100299e-07
48000.056 5.277785771300572e-07
48050.056 4.64071154970015e-07
48100.056 3.3736379538401557e-07
48150.056 3.998778631000341e-07
48200.056 3.9060763576800506e-07
48250.056 3.765555133700102e-07
48300.056 4.977351536998782e-07
48350.056 3.334172830200194e-07
48400.056 2.6049236613896225e-07
48450.056 3.6904980293008496e-07
48500.056 4.646403472099436e-07
48550.056 3.6920017087800373e-07
48600.056 4.242141207000044e-07
48650.056 4.1920441876997633e-07
48700.056 4.0736165960500096e-07
48750.056 2.79874964871119e-07
48800.056 5.042205168990034e-07
48850.056 3.2951524520193124e-07
48900.056 4.776733553479998e-07
48950.056 3.649493690200359e-07
49000.056 2.485862378439576e-07
49050.056 4.2230597090996423e-07
49100.056 4.2723377694307196e-07
49150.056 3.8937427536802093e-07
49200.056 4.534309923600436e-07
49250.056 4.4596460797005574e-07
49300.056 3.9020928876198915e-07
49350.056 2.80920366921043e-07
49400.056 3.671064541359634e-07
49450.056 3.7186483674911654e-07
49500.056 3.1726877753697425e-07
49550.056 2.060226461010192e-07
49600.056 3.0641267303366555e-07
49650.056 3.481984020379799e-07
49700.056 3.2963752569391443e-07
49750.056 4.192616659399183e-07
49800.056 3.37644147031018e-07
49850.056 4.682615397400932e-07
49900.056 3.7989579958798106e-07
49950.056 3.67026392069978e-07
50000.056 3.521083121699745e-07
50050.056 4.10099718719989e-07
50100.056 3.5587031225701435e-07
50150.056 2.550858258099776e-07
50200.056 1.5050098665002212e-07
50250.056 3.404669743199644e-07
50300.056 2.852775241610199e-07
50350.056 4.209575794890369e-07
50400.056 3.620663670719736e-07
50450.056 3.004404746150328e-07
50500.056 3.892128244200467e-07
50550.056 3.523871395600217e-07
50600.056 3.128428708029317e-07
50650.056 3.8980541145007794e-07
50700.056 4.234838743998714e-07
50750.056 3.5290304662605526e-07
50800.056 2.2617461537597387e-07
50850.056 2.2469228020406532e-07
50900.056 4.16899110359993e-07
50950.056 3.325322656100469e-07
51000.056 3.712161850630279e-07
51050.056 3.390460812699955e-07
51100.056 2.0888928608297134e-07
51150.056 2.876822868077786e-07
51200.056 4.4708435475996936e-07
51250.056 3.168137565589422e-07
51300.056 2.589862544211107e-07
51350.056 2.8899570106798136e-07
51400.056 1.8686459548399467e-07
51450.056 1.609613785679605e-07
51500.056 1.8150037170005643e-07
51550.056 3.5506377542002647e-07
51600.056 2.5628562476803366e-07
51650.056 2.648114162399514e-07
51700.056 2.9337779534795335e-07
51750.056 2.1895826280601746e-07
51800.056 3.1947645643991795e-07
51850.056 2.9494344571098635e-07
51900.056 4.0728011554406993e-07
51950.056 3.165264829489706e-07
52000.056 1.4128103761997823e-07
52050.056 2.504741053510234e-07
52100.056 1.9450932699698404e-07
52150.056 1.7513767855201162e-07
52200.056 1.9165954031699452e-07
52250.056 2.4162404709702914e-07
52300.056 3.53124693389972e-07
52350.056 2.567984508510099e-07
52400.056 1.84951960689017e-07
52450.056 3.024857894600196e-07
52500.056 3.06117690013924e-07
52550.056 3.075345225999371e-07
52600.056 2.6024063448603945e-07
52650.056 2.7123724762105007e-07
52700.056 2.400896236719995e-07
52750.056 1.7062186658899253e-07
52800.056 2.1094698268202635e-07
52850.056 2.233728241199355e-07
52900.056 2.0831646364619046e-07
52950.056 2.2292496384199915e-07
53000.056 2.982890572710031e-07
53050.056 1.7247913321894205e-07
53100.056 2.3356476018695641e-07
53150.056 3.3729667522003067e-07
53200.056 1.6721682229098983e-07
53250.056 3.024037028200244e-07
53300.056 3.0689863130216194e-07
53350.056 2.9693526463998637e-07
53400.056 2.8563161957001526e-07
53450.056 1.6972337500999028e-07
53500.056 1.083011519109676e-07
53550.056 1.6764802953897767e-07
53600.056 2.4884325734603525e-07
