galfind/configs/Brown_Dwarf_templates/sonora_bobcat/m0.0/178g/sp_t350g178nc_m0.0_resample.dat
# %ECSV 1.0
# ---
# datatype:
# - {name: wav, unit: Angstrom, datatype: float64}
# - {name: flux_nu, unit: erg / (cm2 Hz s), datatype: float64}
# meta: {C/O: '1.00', Kzz: '1.0000E+05', Teff: '350.', Y: '0.28', '[Fe/H]': '0.00', f_hole: '1.00', f_rain: '0.00', grav: '178.'}
# schema: astropy-2.0
wav flux_nu
4000.0559999999996 nan
4050.0559999999996 1.2808221482010309e-18
4100.056 7.015431276090126e-17
4150.056 5.233625954000051e-16
4200.056 5.74500038802603e-16
4250.056 4.4275504089000375e-15
4300.056 1.0460416928700048e-14
4350.056 1.9979188265000086e-14
4400.056 3.4712811477000116e-14
4450.056 5.682786804400015e-14
4500.056 9.04543893710003e-14
4550.056 9.945944401299957e-14
4600.056 3.08111002099999e-14
4650.056 2.037010265899992e-14
4700.056 1.2444724501999944e-14
4750.056 6.9023756181999685e-15
4800.056 4.01327733569998e-15
4850.056 2.0752685506999872e-15
4900.056 1.240174133899996e-15
4950.056 8.563324253599978e-16
5000.056 5.530614043499977e-16
5050.056 4.020988365700013e-16
5100.056 4.4401656035000367e-16
5150.056 5.188715010400007e-16
5200.056 5.993472469900016e-16
5250.056 6.76646793370001e-16
5300.056 7.648156587900012e-16
5350.056 8.684930215900012e-16
5400.056 9.727632057100017e-16
5450.056 1.1048069354700054e-15
5500.056 1.2606008475000028e-15
5550.056 1.4299804916000017e-15
5600.056 1.5885881427000023e-15
5650.056 1.7131535174000002e-15
5700.056 1.7311887974000015e-15
5750.056 1.7153335039000005e-15
5800.056 1.554063956499995e-15
5850.056 1.0602171791799862e-15
5900.056 2.826117023349212e-16
5950.056 2.05860503231006e-15
6000.056 4.566118778799997e-15
6050.056 8.53648249110008e-15
6100.056 1.4144759172000117e-14
6150.056 2.1587151174000127e-14
6200.056 3.145641534000016e-14
6250.056 4.339954686000008e-14
6300.056 6.06601625650001e-14
6350.056 8.324808493300015e-14
6400.056 1.120412469490004e-13
6450.056 1.3101671788699847e-13
6500.056 1.7093478034100203e-13
6550.056 2.336735376879946e-13
6600.056 3.207714677190074e-13
6650.056 4.531065638600039e-13
6700.056 6.014816329900035e-13
6750.056 8.287977302400044e-13
6800.056 9.840772372100053e-13
6850.056 1.0145543609399996e-12
6900.056 8.130699621300059e-13
6950.056 5.948279364110054e-13
7000.056 6.871380320799841e-13
7050.056 7.099804446499994e-13
7100.056 8.074442702299909e-13
7150.056 6.078156934969765e-13
7200.056 4.45838780370046e-13
7250.056 5.222153208640846e-13
7300.056 5.442680143273445e-13
7350.056 7.346386762549935e-13
7400.056 9.442442194000311e-13
7450.056 1.2737211203900497e-12
7500.056 1.5637214040200044e-12
7550.056 1.7799128268000038e-12
7600.056 1.8769570278999987e-12
7650.056 9.30269574375976e-13
7700.056 8.63678363842022e-13
7750.056 2.225992620500023e-12
7800.056 2.8033619852800046e-12
7850.056 3.5027909180999606e-12
7900.056 4.176410477299961e-12
7950.056 4.691521608300004e-12
8000.056 5.698535389100027e-12
8050.056 6.516981167700076e-12
8100.056 4.642236186011784e-12
8150.056 3.2474927942198638e-12
8200.056 6.454862821054674e-12
8250.056 6.746087562663658e-12
8300.056 7.598625887976936e-12
8350.056 8.475490669215353e-12
8400.056 1.0669071434740147e-11
8450.056 1.5748397291299924e-11
8500.056 1.9433404683499868e-11
8550.056 2.4814421554000385e-11
8600.056 3.035386529000015e-11
8650.056 3.447761109600019e-11
8700.056 3.4989321964000256e-11
8750.056 3.735155554200016e-11
8800.056 3.6569829632999654e-11
8850.056 2.9201800077998826e-11
8900.056 5.136526781491532e-12
8950.056 3.2707799872134675e-12
9000.056 3.1062218180681072e-12
9050.056 1.3535552298678857e-11
9100.056 1.6503400726188215e-11
9150.056 2.1702364919422167e-11
9200.056 4.160174560897308e-11
9250.056 3.234646620539155e-11
9300.056 5.773919706260375e-13
9350.056 8.86848103913909e-13
9400.056 6.540016602584641e-12
9450.056 4.987109741359499e-12
9500.056 3.918568241207319e-12
9550.056 3.932545800301862e-12
9600.056 5.066242689829141e-12
9650.056 1.1251426346243995e-11
9700.056 3.966841734771689e-11
9750.056 3.11103712283318e-11
9800.056 3.774499512311715e-11
9850.056 4.701025619798234e-11
9900.056 7.006349320406508e-11
9950.056 7.396715280050556e-11
10000.056 7.200793812561815e-11
10050.056 8.887679763900058e-11
10100.056 8.860596537000005e-11
10150.056 5.885104662999988e-11
10200.056 2.7960132898502676e-11
10250.056 3.917789187621348e-11
10300.056 6.930105839371755e-11
10350.056 3.608113643997119e-11
10400.056 8.963388478160883e-11
10450.056 1.4232763115647726e-10
10500.056 2.113328578980035e-10
10550.056 3.1793912194000556e-10
10600.056 3.8601607253000676e-10
10650.056 4.0687096845000347e-10
10700.056 3.606808644299975e-10
10750.056 3.6428373912799594e-10
10800.056 3.3996603556000395e-10
10850.056 2.908917003172067e-10
10900.056 2.1352776738499247e-10
10950.056 1.0162713870919835e-10
11000.056 4.8482808273512235e-11
11050.056 1.989258179636641e-11
11100.056 7.113027145550697e-12
11150.056 1.8650170778478803e-12
11200.056 9.153268079946227e-13
11250.056 9.489685223916052e-13
11300.056 2.3973514464530706e-12
11350.056 4.299458668579272e-13
11400.056 4.346197582993298e-12
11450.056 1.9191655339089594e-12
11500.056 1.8467217036471037e-12
11550.056 3.194433555587841e-13
11600.056 9.682036861595256e-14
11650.056 8.167628125032693e-13
11700.056 1.1793423633711143e-12
11750.056 2.8054028541104124e-13
11800.056 1.9583789405841964e-12
11850.056 2.3449427288723e-12
11900.056 2.3870329004797864e-12
11950.056 3.890603036675666e-12
12000.056 6.333243630536138e-12
12050.056 1.0923411445304956e-11
12100.056 1.37004723536753e-11
12150.056 2.0577668886693604e-11
12200.056 2.3417516626296604e-11
12250.056 4.4433061146266184e-11
12300.056 8.78788512909523e-11
12350.056 1.1118918877830042e-10
12400.056 1.9216945147499654e-10
12450.056 3.2752587477500815e-10
12500.056 4.00120754819022e-10
12550.056 4.76670036452005e-10
12600.056 7.114480240670532e-10
12650.056 1.0186581230819844e-09
12700.056 1.1009444069200103e-09
12750.056 6.945821092250345e-10
12800.056 3.911318520249691e-10
12850.056 1.8004687880359395e-10
12900.056 1.230247507759719e-10
12950.056 9.056332519226987e-11
13000.056 1.058835567450411e-10
13050.056 5.870187729570428e-11
13100.056 5.461079102902601e-11
13150.056 2.643428891516305e-11
13200.056 3.281024358033058e-11
13250.056 2.986312257677665e-11
13300.056 1.0220493372132285e-11
13350.056 4.105021326141797e-12
13400.056 1.3051541575965033e-12
13450.056 2.325430873582998e-13
13500.056 5.085625363026326e-14
13550.056 7.836064124559433e-15
13600.056 9.360403479948208e-16
13650.056 1.159860228987364e-14
13700.056 4.585055054205037e-15
13750.056 2.7368496525919777e-14
13800.056 2.3207517710188787e-14
13850.056 7.205796821097829e-15
13900.056 2.006672478823453e-14
13950.056 1.515991036616993e-14
14000.056 2.6382585436873418e-14
14050.056 4.17434710303898e-14
14100.056 4.158064694656919e-14
14150.056 1.4751628559583693e-13
14200.056 8.90081039449842e-14
14250.056 1.5596091231178177e-13
14300.056 6.370676889804886e-13
14350.056 4.793648790978468e-13
14400.056 4.714813774019936e-13
14450.056 1.1491381021862868e-12
14500.056 2.860567969324163e-12
14550.056 3.37774291861905e-12
14600.056 4.81608236819413e-12
14650.056 1.603936894694843e-12
14700.056 6.163250413477754e-13
14750.056 1.728175109053369e-13
14800.056 2.5204632850712076e-13
14850.056 3.111363151191899e-13
14900.056 2.8588977368757025e-13
14950.056 1.6581325972916095e-13
15000.056 6.849909401807077e-13
15050.056 7.641667173053043e-13
15100.056 2.749331269798757e-13
15150.056 8.632830245873002e-14
15200.056 5.424440207849428e-13
15250.056 1.2769568202971428e-12
15300.056 1.829134698806984e-12
15350.056 2.675064713310201e-12
15400.056 3.2888151391017344e-12
15450.056 5.094650113244972e-12
15500.056 7.017220914423939e-12
15550.056 1.8778988749124502e-11
15600.056 3.563959869798372e-11
15650.056 7.72090012213168e-11
15700.056 1.595576932358075e-10
15750.056 2.414323966160102e-10
15800.056 3.2397520383200313e-10
15850.056 4.424302892690544e-10
15900.056 5.200370882539944e-10
15950.056 6.296106364199846e-10
16000.056 5.483940595000226e-10
16050.056 3.4867829501897416e-10
16100.056 1.8714591229999472e-10
16150.056 8.350707157537895e-11
16200.056 3.2034028282305076e-11
16250.056 1.485873083143401e-11
16300.056 6.847388156729462e-12
16350.056 9.503161022548344e-12
16400.056 1.175463829462268e-11
16450.056 1.099495478905029e-11
16500.056 7.668988220918845e-12
16550.056 7.578342100906927e-12
16600.056 2.1855432039782947e-11
16650.056 1.2887181196603551e-11
16700.056 1.4909708450139406e-12
16750.056 6.6311680206867786e-12
16800.056 1.1205102002378996e-11
16850.056 1.2188968803215152e-11
16900.056 3.905249176984051e-12
16950.056 2.176353963070437e-12
17000.056 8.61994541702103e-13
17050.056 2.0724137704458794e-12
17100.056 5.27307669297954e-12
17150.056 2.525331715759706e-12
17200.056 1.2681683048524004e-11
17250.056 3.8061142917598306e-12
17300.056 2.4937279574417984e-12
17350.056 3.5306507378689324e-12
17400.056 8.29596698880015e-12
17450.056 1.0977288464004881e-11
17500.056 1.7199596376838147e-11
17550.056 1.4557125874339963e-11
17600.056 1.1762323628054063e-11
17650.056 7.724663772839537e-12
17700.056 6.585303684641632e-12
17750.056 5.451963459505342e-12
17800.056 1.603308566201646e-11
17850.056 5.658029481662893e-12
17900.056 3.62038038330503e-12
17950.056 2.4127794586469594e-12
18000.056 4.827390798504257e-12
18050.056 2.4045472578936884e-12
18100.056 2.9644831836446006e-12
18150.056 1.6670927871605297e-12
18200.056 1.1826568471460687e-12
18250.056 5.867511466724824e-12
18300.056 5.258432885391617e-13
18350.056 4.4023236987117414e-13
18400.056 2.1879144631687386e-13
18450.056 2.589997347646552e-12
18500.056 2.4718749286308153e-12
18550.056 9.646973976337764e-13
18600.056 1.8717200688924543e-12
18650.056 1.2034329482425273e-12
18700.056 1.0309867932658561e-13
18750.056 2.668063737691983e-13
18800.056 4.701394588708146e-12
18850.056 4.066890681417774e-12
18900.056 4.307352012398163e-12
18950.056 6.429557501206189e-12
19000.056 9.564063714614612e-13
19050.056 3.533521741895009e-13
19100.056 1.3578783018118708e-12
19150.056 4.74980437560899e-13
19200.056 1.0532310758798843e-12
19250.056 7.161967534867343e-13
19300.056 3.8808316252137836e-13
19350.056 3.781235171933494e-13
19400.056 2.869774781429572e-13
19450.056 4.680703033135583e-13
19500.056 3.076033416755789e-13
19550.056 8.433627112627671e-13
19600.056 2.2078277507463663e-12
19650.056 1.3412120400949985e-12
19700.056 2.1089566752792066e-12
19750.056 3.366737056957862e-12
19800.056 1.867737228751213e-12
19850.056 2.2732051500317695e-12
19900.056 3.942681642999667e-12
19950.056 5.669453371407106e-12
20000.056 7.365433557096216e-12
20050.056 4.776150661169233e-12
20100.056 8.392852005788031e-12
20150.056 4.93824176948902e-12
20200.056 2.8903349496857226e-12
20250.056 7.563414083003659e-12
20300.056 9.702664229661352e-12
20350.056 1.0619425200793592e-11
20400.056 8.641295793698834e-12
20450.056 1.6463600591563667e-11
20500.056 1.8776531846870215e-11
20550.056 2.1084448236968545e-11
20600.056 2.2808620550456397e-11
20650.056 2.7383356427075323e-11
20700.056 3.007002735517988e-11
20750.056 3.2655133279297904e-11
20800.056 3.0772573955194554e-11
20850.056 3.578425943120065e-11
20900.056 3.702248642399805e-11
20950.056 3.54628123710014e-11
21000.056 3.44689273188009e-11
21050.056 3.654780065799863e-11
21100.056 3.5192144160000764e-11
21150.056 3.524605298699898e-11
21200.056 3.3807845459202584e-11
21250.056 3.2607252290496326e-11
21300.056 2.912963251220084e-11
21350.056 2.8834216671395733e-11
21400.056 2.9754142600292564e-11
21450.056 2.4236985459599307e-11
21500.056 2.1690473407647747e-11
21550.056 2.1140148102242954e-11
21600.056 1.8243125828233414e-11
21650.056 1.3434143740885641e-11
21700.056 1.155520253776461e-11
21750.056 1.1968487104798876e-11
21800.056 7.990390309767083e-12
21850.056 7.691438879713303e-12
21900.056 5.557644813927898e-12
21950.056 1.9561507251447783e-12
22000.056 1.6368667242355164e-13
22050.056 4.1275426983587345e-13
22100.056 1.848587315430308e-12
22150.056 1.0952143842686232e-12
22200.056 1.0216310179247996e-12
22250.056 8.100324012118793e-13
22300.056 3.0275315018396453e-13
22350.056 4.911153020538396e-13
22400.056 1.337663774442672e-13
22450.056 2.7097544176456773e-13
22500.056 2.003779908724109e-13
22550.056 7.611025442569602e-14
22600.056 5.716229455985322e-14
22650.056 1.2119685311951983e-13
22700.056 1.181752281455792e-13
22750.056 2.2075140412465281e-13
22800.056 2.6521730555510454e-13
22850.056 1.665830237550632e-13
22900.056 1.046855481466539e-13
22950.056 6.61998057154531e-14
23000.056 9.958976078307082e-14
23050.056 9.936348594483276e-14
23100.056 1.2730544989714575e-12
23150.056 1.2708028399674311e-12
23200.056 2.4357508662558488e-14
23250.056 1.9210880263969953e-13
23300.056 1.4348597227927993e-13
23350.056 2.3642771807538683e-13
23400.056 1.6602682724563457e-13
23450.056 7.039548869422703e-14
23500.056 7.729849582007979e-14
23550.056 2.2225599449761632e-13
23600.056 6.68108184059309e-13
23650.056 8.501772279745286e-13
23700.056 9.084934028435393e-14
23750.056 1.1979773948279803e-13
23800.056 9.163240040506438e-13
23850.056 4.624003114072157e-13
23900.056 1.2344366921643324e-12
23950.056 4.437076702452259e-13
24000.056 1.5241403991254775e-12
24050.056 1.7764675376196583e-12
24100.056 2.616343121570054e-12
24150.056 3.86408137619867e-12
24200.056 2.168163782917633e-12
24250.056 1.6456524900197632e-12
24300.056 3.939145924494584e-12
24350.056 3.091200652562788e-12
24400.056 8.774092231687489e-12
24450.056 9.990052243352208e-12
24500.056 8.327973537932463e-12
24550.056 1.526758386724162e-11
24600.056 1.7836691372956102e-11
24650.056 2.763194105123256e-11
24700.056 1.86315214039586e-11
24750.056 2.5988498094639955e-11
24800.056 2.1194290252981534e-11
24850.056 3.4996049592337473e-11
24900.056 1.5358404141883443e-11
24950.056 2.9262371663210935e-11
25000.056 3.435740149564105e-11
25050.056 1.9629482782710125e-11
25100.056 3.213229750328275e-11
25150.056 1.3112972644785821e-11
25200.056 2.053158496537365e-11
25250.056 6.887446744563803e-12
25300.056 8.151584446571714e-12
25350.056 3.682613001114328e-12
25400.056 9.979549129650868e-12
25450.056 2.254617018129843e-12
25500.056 1.7035726244371214e-12
25550.056 5.005518655746451e-12
25600.056 1.9384157587214516e-12
25650.056 7.457789092095455e-13
25700.056 5.17216223327297e-13
25750.056 1.3063731853275273e-13
25800.056 9.64673522470251e-13
25850.056 1.0701994232158035e-13
25900.056 1.4926698437770907e-13
25950.056 2.5148681727176974e-14
26000.056 6.408835230344876e-13
26050.056 3.7879022230847495e-14
26100.056 2.674867342125526e-13
26150.056 7.98206363477001e-14
26200.056 1.2460614029140855e-13
26250.056 1.5791270622987739e-12
26300.056 1.5446828352655762e-13
26350.056 4.6836115955141044e-12
26400.056 1.0237172338068077e-11
26450.056 4.609614947925351e-12
26500.056 1.6587378660872803e-11
26550.056 6.868664863811488e-13
26600.056 6.53918142632857e-13
26650.056 5.86255281557362e-14
26700.056 3.768457398487745e-14
26750.056 8.394550456955039e-14
26800.056 4.504090390918311e-13
26850.056 2.328332201923098e-13
26900.056 1.59673684814327e-12
26950.056 3.366758571109238e-13
27000.056 2.5966551505923405e-12
27050.056 4.7788420303966594e-12
27100.056 1.404639915830476e-13
27150.056 3.992848222083882e-12
27200.056 1.510963720789224e-13
27250.056 9.44537086628949e-13
27300.056 1.4874026737744488e-11
27350.056 3.05609152536303e-12
27400.056 9.542964939087625e-14
27450.056 5.0796837544496914e-12
27500.056 6.93955873620154e-12
27550.056 6.412248555659708e-13
27600.056 2.66878461809841e-12
27650.056 4.920095550126936e-13
27700.056 5.718336162863402e-13
27750.056 5.417519422680103e-12
27800.056 1.3281856987646829e-12
27850.056 3.0711262109422043e-12
27900.056 3.75523571765094e-12
27950.056 9.044905287482558e-12
28000.056 1.0524817729252226e-11
28050.056 6.448110617278e-13
28100.056 1.1305962609386526e-11
28150.056 8.00299918694424e-12
28200.056 1.2700871615362953e-12
28250.056 1.6027083390746607e-11
28300.056 1.4262571056542862e-11
28350.056 1.6627233564466094e-12
28400.056 8.855199932567555e-12
28450.056 1.9296205505934925e-11
28500.056 8.579840307587577e-12
28550.056 1.3962086426168754e-12
28600.056 1.7546597217996772e-11
28650.056 8.45172958778448e-12
28700.056 1.910819065526817e-11
28750.056 3.0158531384103664e-11
28800.056 7.837109282954033e-12
28850.056 3.7719725126088947e-11
