galfind/configs/Brown_Dwarf_templates/sonora_bobcat/m0.0/178g/sp_t2100g178nc_m0.0_resample.dat
# %ECSV 1.0
# ---
# datatype:
# - {name: wav, unit: Angstrom, datatype: float64}
# - {name: flux_nu, unit: erg / (cm2 Hz s), datatype: float64}
# meta: {C/O: '1.00', Kzz: '1.0000E+05', Teff: '2100.', Y: '0.28', '[Fe/H]': '0.00', f_hole: '1.00', f_rain: '0.00', grav: '178.'}
# schema: astropy-2.0
wav flux_nu
[from data line 499]
28950.056 2.400811824689751e-06
29000.056 1.9660490821194184e-06
29050.056 2.052170102159878e-06
29100.056 1.7040814711901893e-06
29150.056 2.175173491680227e-06
29200.056 1.9354765549303274e-06
29250.056 2.13805382740003e-06
29300.056 1.8232532837291338e-06
29350.056 2.4183562634896734e-06
29400.056 2.0043568971098454e-06
29450.056 2.0045064066899297e-06
29500.056 2.121569274269774e-06
29550.056 2.042651458040182e-06
29600.056 2.1915127430898552e-06
29650.056 2.1087911243398864e-06
29700.056 1.9042737612398271e-06
29750.056 2.3503341928709092e-06
29800.056 2.3273515536098555e-06
29850.056 2.2138970034397557e-06
29900.056 2.011611597640555e-06
29950.056 2.406308438419581e-06
30000.056 2.356600940539374e-06
30050.056 2.2091686599199505e-06
30100.056 1.844961833269503e-06
30150.056 2.731816410339838e-06
30200.056 2.4338930840101877e-06
30250.056 2.347986077080558e-06
30300.056 2.328565050539774e-06
30350.056 2.2876204880304086e-06
30400.056 2.717641377720446e-06
30450.056 2.1696744042902465e-06
30500.056 2.086131543590284e-06
30550.056 2.7694707132005125e-06
30600.056 2.6310344491803064e-06
30650.056 2.6568784113601276e-06
30700.056 2.4547763502499062e-06
30750.056 2.3938742220400604e-06
30800.056 2.8671460209006837e-06
30850.056 2.4852546655599573e-06
30900.056 2.4771007160298177e-06
30950.056 2.4095413386002764e-06
31000.056 2.8040973586399477e-06
31050.056 2.4473786362300267e-06
31100.056 2.6197076600399096e-06
31150.056 2.7277248608196447e-06
31200.056 2.7092815165797122e-06
31250.056 3.007162904040553e-06
31300.056 2.6555767112098185e-06
31350.056 2.6675929506799893e-06
31400.056 2.7248043845305246e-06
31450.056 2.7621621230200966e-06
31500.056 2.814547212620387e-06
31550.056 2.6098351907199504e-06
31600.056 2.75761799087983e-06
31650.056 2.9068279121999213e-06
31700.056 2.88204795539989e-06
31750.056 2.597519252190145e-06
31800.056 2.9713454081002173e-06
31850.056 3.2129625343200995e-06
31900.056 3.14285447539975e-06
31950.056 2.5549986868297973e-06
32000.056 2.7354751575606205e-06
32050.056 3.1445735176403204e-06
32100.056 3.177535933149621e-06
32150.056 3.1555963793100255e-06
32200.056 3.0540326934099765e-06
32250.056 2.8919157072601803e-06
32300.056 3.132290454940103e-06
32350.056 3.3518892314004908e-06
32400.056 3.0295746401599585e-06
32450.056 2.951521469850271e-06
32500.056 3.234143058900236e-06
32550.056 3.5483176790001015e-06
32600.056 3.4660452482797802e-06
32650.056 3.355561411500913e-06
32700.056 3.2278501374001772e-06
32750.056 3.3384414422600496e-06
32800.056 3.0664558111402273e-06
32850.056 3.619222318389706e-06
32900.056 3.499240634260026e-06
32950.056 3.04012110699984e-06
33000.056 3.299357999020271e-06
33050.056 3.379858453419568e-06
33100.056 3.4575730209290966e-06
33150.056 3.4050074252801135e-06
33200.056 3.143640963070606e-06
33250.056 3.4517435520601808e-06
33300.056 3.699509633840291e-06
33350.056 3.4631533363801207e-06
33400.056 3.1607957178296107e-06
33450.056 3.4435436203391003e-06
33500.056 3.552293242900278e-06
33550.056 3.4064695835195863e-06
33600.056 3.5111431070606674e-06
33650.056 3.6360974995007885e-06
33700.056 3.7538283534195454e-06
33750.056 3.7125090795201304e-06
33800.056 3.5787447425000938e-06
33850.056 3.513157843110197e-06
33900.056 3.982361049999484e-06
33950.056 3.5408197093995805e-06
34000.056 3.5784369314692657e-06
34050.056 3.6629640600000114e-06
34100.056 3.834320539060493e-06
34150.056 3.7558213551994976e-06
34200.056 3.589460244399484e-06
34250.056 3.995481147999517e-06
34300.056 3.731389127099609e-06
34350.056 3.8143166794997013e-06
34400.056 3.6327695076096086e-06
34450.056 3.548166336600112e-06
34500.056 3.815017949100738e-06
34550.056 3.64664288729976e-06
34600.056 3.777463273539986e-06
34650.056 3.8414867001000405e-06
34700.056 3.734933923799293e-06
34750.056 3.979669309000258e-06
34800.056 4.036890920499604e-06
34850.056 3.6656189942800454e-06
34900.056 3.905939717900217e-06
34950.056 3.81867760659927e-06
35000.056 3.699271074599528e-06
35050.056 4.202870188800629e-06
35100.056 3.931469445999313e-06
35150.056 3.977232113999767e-06
35200.056 3.997410149999767e-06
35250.056 3.6395132515002995e-06
35300.056 3.974608997100352e-06
35350.056 4.140243997699747e-06
35400.056 3.877373197299689e-06
35450.056 3.815620916400344e-06
35500.056 4.113926737399912e-06
35550.056 3.949416944599841e-06
35600.056 3.80086780599938e-06
35650.056 4.237789504900491e-06
35700.056 3.842271459700345e-06
35750.056 3.961365266099684e-06
35800.056 4.10933680379968e-06
35850.056 4.114962721399869e-06
35900.056 4.323985583999562e-06
35950.056 4.124972253699756e-06
36000.056 3.8099700976995753e-06
36050.056 4.30441757730032e-06
36100.056 4.42764597189971e-06
36150.056 3.947254344200457e-06
36200.056 4.3022183839995645e-06
36250.056 4.007594741499352e-06
36300.056 4.559060209000668e-06
36350.056 4.306281263899396e-06
36400.056 4.212964016599939e-06
36450.056 4.54795421629965e-06
36500.056 4.21764525190029e-06
36550.056 4.140646703900588e-06
36600.056 4.174579914500337e-06
36650.056 4.331371769000418e-06
36700.056 4.590647197300094e-06
36750.056 4.1798575618004115e-06
36800.056 4.3323584526996855e-06
36850.056 4.419987545100176e-06
36900.056 4.434183312600615e-06
36950.056 4.422403762400013e-06
37000.056 4.511215605100038e-06
37050.056 4.604596547099852e-06
37100.056 4.436726903600415e-06
37150.056 4.42832041169919e-06
37200.056 4.589558057900051e-06
37250.056 4.611625015200222e-06
37300.056 4.651428059500806e-06
37350.056 4.361038444300529e-06
37400.056 4.592853780199751e-06
37450.056 4.530583346100297e-06
37500.056 4.6906735830997045e-06
37550.056 4.556109585999252e-06
37600.056 4.784056039999483e-06
37650.056 4.450846458699652e-06
37700.056 4.577650743800096e-06
37750.056 4.772945313299417e-06
37800.056 4.8500041075998585e-06
37850.056 4.6742738882998035e-06
37900.056 4.755847275100361e-06
37950.056 4.799874232200199e-06
38000.056 4.72831172240056e-06
38050.056 4.738487899200354e-06
38100.056 4.577087090800243e-06
38150.056 4.8944737119994704e-06
38200.056 4.959793844299446e-06
38250.056 4.626689278800572e-06
38300.056 4.5739131475999415e-06
38350.056 4.7460389169999335e-06
38400.056 4.831206120999795e-06
38450.056 4.889325317200405e-06
38500.056 4.744908978999794e-06
38550.056 4.776230608500306e-06
38600.056 5.168684375099798e-06
38650.056 4.584111773600151e-06
38700.056 4.655496925000711e-06
38750.056 4.893064383699947e-06
38800.056 4.8032023480006375e-06
38850.056 4.810867473600239e-06
38900.056 4.630455290499906e-06
38950.056 4.8884497629997085e-06
39000.056 4.769964033700125e-06
39050.056 4.845244518199921e-06
39100.056 4.586369992999994e-06
39150.056 4.730535182500196e-06
39200.056 4.858566850900161e-06
39250.056 4.830968227299361e-06
39300.056 4.834038406399223e-06
39350.056 4.801364085100457e-06
39400.056 4.720208242000131e-06
39450.056 4.762986765599819e-06
39500.056 4.670645149499748e-06
39550.056 4.591942465599215e-06
39600.056 4.970655352200182e-06
39650.056 4.517318200000121e-06
39700.056 4.686773319299897e-06
39750.056 4.704491776799518e-06
39800.056 4.444266306800266e-06
39850.056 4.609974311599736e-06
39900.056 4.495643696599793e-06
39950.056 4.702928707699813e-06
40000.056 4.374484183399737e-06
40050.056 4.132796797399927e-06
40100.056 4.428081283399795e-06
40150.056 4.161879233399201e-06
40200.056 4.357516082599729e-06
40250.056 4.278146436298851e-06
40300.056 4.010461639000358e-06
40350.056 4.236373343300249e-06
40400.056 4.288511493899983e-06
40450.056 3.950895107800657e-06
40500.056 3.7481981651000905e-06
40550.056 4.313289575299671e-06
40600.056 3.845807035000333e-06
40650.056 4.041990175500733e-06
40700.056 4.234357958600211e-06
40750.056 3.7434969009989293e-06
40800.056 3.7114140662004306e-06
40850.056 3.5046387842007933e-06
40900.056 3.490018067600549e-06
40950.056 3.7333061070999708e-06
41000.056 3.85356157860021e-06
41050.056 3.7800809722992835e-06
41100.056 3.5583479617002965e-06
41150.056 3.839260788900144e-06
41200.056 3.6018161845000737e-06
41250.056 3.67195678430025e-06
41300.056 3.2329175778996232e-06
41350.056 3.7624057541001583e-06
41400.056 3.5417724027000865e-06
41450.056 3.446059523600012e-06
41500.056 3.704403704500177e-06
41550.056 3.6275618005601045e-06
41600.056 3.699459643300014e-06
41650.056 3.3331948259004874e-06
41700.056 3.2203250854796423e-06
41750.056 3.4635825005999765e-06
41800.056 3.3673865647996848e-06
41850.056 3.077411408300456e-06
41900.056 3.5289732991995917e-06
41950.056 3.2103105765005463e-06
42000.056 3.339821749270261e-06
42050.056 3.0713771815990696e-06
42100.056 3.4183870598003376e-06
42150.056 2.8108011528792945e-06
42200.056 2.926169164150177e-06
42250.056 3.2174169426497515e-06
42300.056 2.869731018500064e-06
42350.056 3.2508218896806333e-06
42400.056 2.9038738726003574e-06
42450.056 2.543059414300126e-06
42500.056 2.684604942800299e-06
42550.056 2.870560920599838e-06
42600.056 2.7888345828004417e-06
42650.056 2.6363234960389467e-06
42700.056 2.859069502000693e-06
42750.056 2.684328736900007e-06
42800.056 2.713545342260473e-06
42850.056 2.9145916705996884e-06
42900.056 2.8204557264301873e-06
42950.056 2.506363146198985e-06
43000.056 2.665819756209896e-06
43050.056 2.5388685282811427e-06
43100.056 2.6853896207997903e-06
43150.056 2.7438851727405623e-06
43200.056 2.6156870666000764e-06
43250.056 2.6290552484602055e-06
43300.056 2.689017335200169e-06
43350.056 2.4574447281796527e-06
43400.056 2.474173475859813e-06
43450.056 2.4888614006006596e-06
43500.056 2.4320831168995695e-06
43550.056 2.4921263846100135e-06
43600.056 2.5985741368400985e-06
43650.056 2.315969200570257e-06
43700.056 2.270020162399848e-06
43750.056 2.3272379668001495e-06
43800.056 2.2152728713800876e-06
43850.056 2.2615668233005e-06
43900.056 2.3216967833999436e-06
43950.056 2.1853922441302136e-06
44000.056 2.0191079085301517e-06
44050.056 2.0159266120001127e-06
44100.056 2.1356671967504125e-06
44150.056 2.2501282966996954e-06
44200.056 2.0706019612700946e-06
44250.056 2.0228408430499385e-06
44300.056 1.9534584072603847e-06
44350.056 1.9315299602101555e-06
44400.056 2.002397703749919e-06
44450.056 2.0935936237801157e-06
44500.056 2.073407271740312e-06
44550.056 1.8586170401595692e-06
44600.056 1.892297110390222e-06
44650.056 2.0484654364800533e-06
44700.056 1.8703680171001786e-06
44750.056 1.9803433139797247e-06
44800.056 1.9720718290999494e-06
44850.056 1.9819116727501193e-06
44900.056 1.8566161146902604e-06
44950.056 1.7379772502800367e-06
45000.056 1.9095879278999317e-06
45050.056 1.8975654174497578e-06
45100.056 1.9682528725599316e-06
45150.056 1.8462534045100114e-06
45200.056 1.6880624704399299e-06
45250.056 1.7640474396397898e-06
45300.056 1.8923094799901094e-06
45350.056 1.9510705982297853e-06
45400.056 1.8408395190502442e-06
45450.056 1.6889350230397336e-06
45500.056 1.744160902999907e-06
45550.056 1.9499006329098353e-06
45600.056 1.8004854262199565e-06
45650.056 1.632276501139647e-06
45700.056 1.8638245621401892e-06
45750.056 1.7337646180999573e-06
45800.056 1.7114236056999527e-06
45850.056 2.0066511746100068e-06
45900.056 1.9739085630200545e-06
45950.056 1.732977506589961e-06
46000.056 2.045597512259998e-06
46050.056 2.049481268070489e-06
46100.056 1.708535916940125e-06
46150.056 1.7792723270199294e-06
46200.056 1.968344333380457e-06
46250.056 1.6337691093599524e-06
46300.056 2.100992378359935e-06
46350.056 1.729795230999826e-06
46400.056 1.8368633601897788e-06
46450.056 1.8326542565403762e-06
46500.056 1.7235208666198917e-06
46550.056 2.0277110412399532e-06
46600.056 1.8749266279099567e-06
46650.056 2.3192900755699186e-06
46700.056 2.1829766098806253e-06
46750.056 1.7827420180099034e-06
46800.056 1.9571999774003174e-06
46850.056 2.0568866045701297e-06
46900.056 1.957702550499644e-06
46950.056 2.191135578190113e-06
47000.056 1.920244443369983e-06
47050.056 2.109692114799745e-06
47100.056 1.7831720516400906e-06
47150.056 1.969987106700336e-06
47200.056 1.9921642054005613e-06
47250.056 1.8720787972795663e-06
47300.056 1.9723366757395173e-06
47350.056 1.6598179297996843e-06
47400.056 2.0131378026395153e-06
47450.056 1.951017036429854e-06
47500.056 1.9537271375995936e-06
47550.056 1.8610396391997174e-06
47600.056 2.0756876396598535e-06
47650.056 1.5307673380995951e-06
47700.056 2.0839871986800275e-06
47750.056 1.4764870783204217e-06
47800.056 2.044101773899821e-06
47850.056 1.5805040505596226e-06
47900.056 2.0922773734001166e-06
47950.056 1.5599936975903527e-06
48000.056 2.2740493351000038e-06
48050.056 1.7037946095203198e-06
48100.056 1.8688622138099577e-06
48150.056 1.6917638431602098e-06
48200.056 2.089012928830365e-06
48250.056 1.7207055115598728e-06
48300.056 2.234941795799764e-06
48350.056 1.5243368740396963e-06
48400.056 2.040336179629965e-06
48450.056 1.701761363620122e-06
48500.056 2.239047615520026e-06
48550.056 1.5601531967500315e-06
48600.056 2.106948675699804e-06
48650.056 1.5933518128899815e-06
48700.056 2.015160306390086e-06
48750.056 1.4387999946102088e-06
48800.056 2.2344894882301434e-06
48850.056 1.5817302113796925e-06
48900.056 2.0651649175001355e-06
48950.056 1.8460309403000953e-06
49000.056 1.84502192857989e-06
49050.056 1.9309763618498573e-06
49100.056 1.8010954958301627e-06
49150.056 1.8482642318100256e-06
49200.056 1.837283877479913e-06
49250.056 1.8351442474300514e-06
49300.056 1.6524263062697294e-06
49350.056 1.7291089538799508e-06
49400.056 2.0443239729201965e-06
49450.056 1.746292952620415e-06
49500.056 1.8122593487602162e-06
49550.056 1.6235295832699423e-06
49600.056 1.73469364375035e-06
49650.056 1.8005895573401702e-06
49700.056 1.5508699331698571e-06
49750.056 2.2979948150996515e-06
49800.056 1.764087325920064e-06
49850.056 2.165398868920049e-06
49900.056 1.7530144508201118e-06
49950.056 1.8404017390695163e-06
50000.056 1.7938793404095668e-06
50050.056 1.8353073838401299e-06
50100.056 1.9405482552798653e-06
50150.056 1.6927955563899997e-06
50200.056 1.5686356683301623e-06
50250.056 1.7587177425101472e-06
50300.056 1.6586703381998139e-06
50350.056 1.9243169720499653e-06
50400.056 1.7424197228999933e-06
50450.056 1.7016306632602243e-06
50500.056 2.1931155809803026e-06
50550.056 1.769582654639878e-06
50600.056 1.8988763219000823e-06
50650.056 1.7867646483604312e-06
50700.056 1.9771840943394764e-06
50750.056 1.983628681460251e-06
50800.056 1.528664903489854e-06
50850.056 1.8111816792202663e-06
50900.056 1.8582780625099417e-06
50950.056 1.9190073733003165e-06
51000.056 2.188818024850218e-06
51050.056 1.697811201770251e-06
51100.056 1.6823300885499038e-06
51150.056 1.9250689556099846e-06
51200.056 1.7701064374199053e-06
51250.056 1.9894477190200175e-06
51300.056 1.6728178111804869e-06
51350.056 1.9049423584297952e-06
51400.056 1.8150257381595238e-06
51450.056 1.3342812634597966e-06
51500.056 1.8543221893400108e-06
51550.056 2.2275924053402052e-06
51600.056 1.5026008223199703e-06
51650.056 1.8407092799197131e-06
51700.056 1.671938717159458e-06
51750.056 1.6449822022201034e-06
51800.056 1.9319439030997307e-06
51850.056 1.911429613399801e-06
51900.056 2.0099811199002703e-06
51950.056 1.8138224434398057e-06
52000.056 1.6067103607899687e-06
52050.056 1.882400812769849e-06
52100.056 1.7901205935196592e-06
52150.056 1.8050665533701938e-06
52200.056 1.7313321408400989e-06
52250.056 1.7481203415899653e-06
52300.056 1.8647625244399749e-06
52350.056 2.0529038561402156e-06
52400.056 1.5298140654601257e-06
52450.056 1.7606333025599894e-06
52500.056 1.939961559269545e-06
52550.056 1.785968662049531e-06
52600.056 1.8657182506601537e-06
52650.056 2.093217424140338e-06
52700.056 1.7834038726900598e-06
52750.056 1.4918060638298517e-06
52800.056 1.6716732465401505e-06
52850.056 1.5833884730898937e-06
52900.056 1.8026660654001379e-06
52950.056 1.7270549294997275e-06
53000.056 1.9444331245597925e-06
53050.056 1.7999016653096788e-06
53100.056 1.6454676758496726e-06
53150.056 2.0056836973003835e-06
53200.056 1.4445769789602832e-06
53250.056 2.002920168399933e-06
53300.056 1.954862888220703e-06
53350.056 1.9585165606997757e-06
53400.056 1.7556976850901293e-06
53450.056 1.6594973910500583e-06
