galfind/configs/Brown_Dwarf_templates/sonora_bobcat/m0.0/178g/sp_t650g178nc_m0.0_resample.dat
# %ECSV 1.0
# ---
# datatype:
# - {name: wav, unit: Angstrom, datatype: float64}
# - {name: flux_nu, unit: erg / (cm2 Hz s), datatype: float64}
# meta: {C/O: '1.00', Kzz: '1.0000E+05', Teff: '650.', Y: '0.28', '[Fe/H]': '0.00', f_hole: '1.00', f_rain: '0.00', grav: '178.'}
# schema: astropy-2.0
wav flux_nu
4000.0559999999996 nan
4050.0559999999996 2.3415086565236276e-15
4100.056 3.4912517849700407e-13
4150.056 2.5787153763500572e-12
4200.056 2.3271845036168678e-12
4250.056 1.1399581462300125e-11
4300.056 1.9666896170600583e-11
4350.056 2.607601657200027e-11
4400.056 3.4961919530000317e-11
4450.056 4.64652643110004e-11
4500.056 5.097269947100097e-11
4550.056 5.047701149349707e-11
4600.056 2.1074252532799938e-11
4650.056 1.3805942916999873e-11
4700.056 7.47251839899994e-12
4750.056 2.103934210339972e-12
4800.056 4.761849315399939e-13
4850.056 1.1985683015899855e-13
4900.056 4.552336890599965e-14
4950.056 2.0400645914999837e-14
5000.056 8.148939467899917e-15
5050.056 4.164142864299996e-15
5100.056 3.95796443340002e-15
5150.056 4.094592514600019e-15
5200.056 4.3103042308000066e-15
5250.056 4.551357173900003e-15
5300.056 4.871167534900004e-15
5350.056 5.293249682300005e-15
5400.056 5.776030340900005e-15
5450.056 6.341750212500023e-15
5500.056 6.961311242200029e-15
5550.056 7.595180657700012e-15
5600.056 8.168791040700005e-15
5650.056 8.598770926399995e-15
5700.056 8.7246553776e-15
5750.056 8.519397998999996e-15
5800.056 7.62554988549998e-15
5850.056 5.398708791199935e-15
5900.056 1.7706096156273839e-15
5950.056 1.0613343308400248e-14
6000.056 2.207722348699996e-14
6050.056 3.8542496746000493e-14
6100.056 6.155931523200054e-14
6150.056 9.279290561100058e-14
6200.056 1.347756318400007e-13
6250.056 1.896196020900006e-13
6300.056 2.6692376839000083e-13
6350.056 3.7363398452000195e-13
6400.056 5.219017731200032e-13
6450.056 7.039333846699923e-13
6500.056 9.9092969401e-13
6550.056 1.4127219966699926e-12
6600.056 2.0263577963000464e-12
6650.056 2.9161741338000224e-12
6700.056 3.856859413880037e-12
6750.056 5.744206806300032e-12
6800.056 7.394303634700055e-12
6850.056 8.290054542200009e-12
6900.056 7.535912562500093e-12
6950.056 6.396155429899952e-12
7000.056 6.521819773000029e-12
7050.056 6.97657163269991e-12
7100.056 7.645668469999936e-12
7150.056 7.308941992049856e-12
7200.056 6.938922323443962e-12
7250.056 7.032196740319671e-12
7300.056 6.767725505020269e-12
7350.056 6.849476756829848e-12
7400.056 6.9348861191002316e-12
7450.056 7.064964418500235e-12
7500.056 7.032031267699976e-12
7550.056 6.759097295999981e-12
7600.056 6.206689217799975e-12
7650.056 2.195171336907913e-12
7700.056 1.6357212599680663e-12
7750.056 6.6310210549000915e-12
7800.056 9.821411549080016e-12
7850.056 1.4886314993500023e-11
7900.056 2.0004730969599823e-11
7950.056 2.3180955431380143e-11
8000.056 3.490052531200035e-11
8050.056 4.558385398600078e-11
8100.056 5.2884345962999155e-11
8150.056 6.356823078951993e-11
8200.056 9.207753418606556e-11
8250.056 1.1413587664794019e-10
8300.056 1.4765649119850774e-10
8350.056 1.8196735578738914e-10
8400.056 2.3004928584199686e-10
8450.056 3.0176464240799544e-10
8500.056 3.4734054174598144e-10
8550.056 4.661008098900109e-10
8600.056 5.990348028200064e-10
8650.056 7.302849956200093e-10
8700.056 8.637814551400078e-10
8750.056 1.0329451376700073e-09
8800.056 1.196509723540016e-09
8850.056 1.2674905189099848e-09
8900.056 8.861977943799369e-10
8950.056 8.833882153026949e-10
9000.056 9.813433693231237e-10
9050.056 1.8101727530358135e-09
9100.056 2.1347375348701797e-09
9150.056 2.3653283760019317e-09
9200.056 3.0330823038977664e-09
9250.056 3.0003108793802198e-09
9300.056 1.0118389503632706e-09
9350.056 1.2963646647180835e-09
9400.056 2.271349224927872e-09
9450.056 2.5861317720840554e-09
9500.056 2.3808084812194694e-09
9550.056 2.6974944049152992e-09
9600.056 2.730886827117464e-09
9650.056 3.445889595387225e-09
9700.056 4.974603552751043e-09
9750.056 5.198941147602629e-09
9800.056 5.990123261960472e-09
9850.056 6.904869596840833e-09
9900.056 8.60991088279963e-09
9950.056 9.173257638410246e-09
10000.056 9.232359017569443e-09
10050.056 1.2279792667000159e-08
10100.056 1.4600499049699668e-08
10150.056 1.627925868999961e-08
10200.056 1.7872596219500824e-08
10250.056 2.0551340535200804e-08
10300.056 2.443042401259832e-08
10350.056 2.628182640610067e-08
10400.056 3.171384497300019e-08
10450.056 3.5726737404996335e-08
10500.056 3.95709863309994e-08
10550.056 4.3793931367000466e-08
10600.056 4.6284265608999075e-08
10650.056 4.875547173700128e-08
10700.056 4.907761160890121e-08
10750.056 5.073288843860099e-08
10800.056 5.0521618117200936e-08
10850.056 4.7742892115800036e-08
10900.056 3.710293068659908e-08
10950.056 2.0749930093360774e-08
11000.056 1.4755731601343112e-08
11050.056 9.604231094156656e-09
11100.056 6.228938118212087e-09
11150.056 3.332985166795887e-09
11200.056 2.9566185101880002e-09
11250.056 3.6846085451892513e-09
11300.056 4.37865233454149e-09
11350.056 1.748458953762185e-09
11400.056 4.5471710573492856e-09
11450.056 3.2985986965365995e-09
11500.056 2.7573435396060556e-09
11550.056 9.946013664283238e-10
11600.056 9.487864432229602e-10
11650.056 2.0991201685323022e-09
11700.056 2.3849469782355736e-09
11750.056 7.305279408816958e-10
11800.056 3.0771428167298892e-09
11850.056 5.069583714189532e-09
11900.056 6.26432910425539e-09
11950.056 9.541225486181423e-09
12000.056 1.3771656725340632e-08
12050.056 1.9450360290972352e-08
12100.056 2.631905146881598e-08
12150.056 3.503248262259779e-08
12200.056 4.2374541294397514e-08
12250.056 5.397137084239235e-08
12300.056 6.84891089220058e-08
12350.056 7.277314823159917e-08
12400.056 9.0161913529996e-08
12450.056 1.0241881812900457e-07
12500.056 1.1042691367800635e-07
12550.056 1.2253500072700095e-07
12600.056 1.3738740977900557e-07
12650.056 1.3576267562199843e-07
12700.056 1.3404439087500903e-07
12750.056 1.1852445223910801e-07
12800.056 1.0809292705720052e-07
12850.056 8.155375347564866e-08
12900.056 6.635953660992976e-08
12950.056 5.94401856182186e-08
13000.056 5.8005441110868083e-08
13050.056 4.46962274290455e-08
13100.056 4.14303817299389e-08
13150.056 3.0539010247788335e-08
13200.056 2.701423813645262e-08
13250.056 1.9801882668317353e-08
13300.056 8.587755053647561e-09
13350.056 2.5936519495571484e-09
13400.056 1.3468220703814626e-09
13450.056 5.834373179525146e-10
13500.056 2.9821966155093497e-10
13550.056 1.6360644844735717e-10
13600.056 6.323189847097736e-11
13650.056 2.600859051085476e-10
13700.056 1.6844792006277185e-10
13750.056 2.575756158837936e-10
13800.056 2.767692153145089e-10
13850.056 1.7917293239031042e-10
13900.056 2.1105869360470584e-10
13950.056 1.8903337438614672e-10
14000.056 2.0061591703468696e-10
14050.056 2.8983029842053317e-10
14100.056 2.6726136690062587e-10
14150.056 4.3999463884198327e-10
14200.056 3.1025388218199596e-10
14250.056 3.738787363242368e-10
14300.056 7.933254276123277e-10
14350.056 7.898965166091675e-10
14400.056 8.629443856158083e-10
14450.056 1.165286939468979e-09
14500.056 2.278041289782111e-09
14550.056 2.527693536121964e-09
14600.056 3.4765149641497743e-09
14650.056 2.885287420391447e-09
14700.056 1.797230352365158e-09
14750.056 1.7528613845703493e-09
14800.056 2.7138438442866137e-09
14850.056 3.0454949031542964e-09
14900.056 3.2364619512322923e-09
14950.056 3.3635148039624e-09
15000.056 5.4566372743233764e-09
15050.056 5.330181452251548e-09
15100.056 5.0588033662142796e-09
15150.056 4.924574302061981e-09
15200.056 6.588950471284351e-09
15250.056 1.1077667129643278e-08
15300.056 1.3462040484398766e-08
15350.056 1.651649412953748e-08
15400.056 2.030962924887487e-08
15450.056 2.4466568746665775e-08
15500.056 2.7624089196170523e-08
15550.056 3.561335866255726e-08
15600.056 4.24475454841988e-08
15650.056 5.0174776386002e-08
15700.056 6.144386625460564e-08
15750.056 6.766119026999746e-08
15800.056 7.069412544000207e-08
15850.056 7.604447730100431e-08
15900.056 6.895069647500128e-08
15950.056 6.291830184499426e-08
16000.056 4.836718579900362e-08
16050.056 3.004787321809808e-08
16100.056 1.986978321455798e-08
16150.056 1.1915556386879279e-08
16200.056 7.01953244781624e-09
16250.056 5.352958658821625e-09
16300.056 3.819583765706865e-09
16350.056 4.5466232194473205e-09
16400.056 5.585236009263066e-09
16450.056 5.576779903833677e-09
16500.056 5.663697486922231e-09
16550.056 5.623008942552652e-09
16600.056 6.613151320442984e-09
16650.056 4.867990323194426e-09
16700.056 1.1071361272117726e-09
16750.056 2.5566853996865626e-09
16800.056 4.332962151716916e-09
16850.056 4.79375092581353e-09
16900.056 3.1740145017529302e-09
16950.056 2.2408369397706504e-09
17000.056 1.4550397830736169e-09
17050.056 2.6256969552775575e-09
17100.056 3.871590000358408e-09
17150.056 2.519271681410671e-09
17200.056 5.59368825861426e-09
17250.056 4.050678849619351e-09
17300.056 2.837622270704304e-09
17350.056 2.8000257179158455e-09
17400.056 3.807640157660277e-09
17450.056 4.715052443171056e-09
17500.056 5.7655580987279334e-09
17550.056 5.196015694661354e-09
17600.056 4.191138992908511e-09
17650.056 3.974583280020237e-09
17700.056 3.048233211487758e-09
17750.056 2.8663460794159336e-09
17800.056 4.926843343020469e-09
17850.056 2.901501240693522e-09
17900.056 2.418837750873347e-09
17950.056 1.9137744071513956e-09
18000.056 2.6581288684511125e-09
18050.056 2.1750342290136997e-09
18100.056 2.5630249103220076e-09
18150.056 2.812441365900911e-09
18200.056 1.7967596853500683e-09
18250.056 4.673866682742575e-09
18300.056 1.952482723605515e-09
18350.056 1.5950262692869442e-09
18400.056 1.38829589283208e-09
18450.056 2.8928702680234456e-09
18500.056 2.9224864388013857e-09
18550.056 2.0505092336663315e-09
18600.056 2.035955297160162e-09
18650.056 1.67063038478789e-09
18700.056 1.006127833209223e-09
18750.056 1.8290071333294281e-09
18800.056 4.4972750220957665e-09
18850.056 4.731146646269021e-09
18900.056 4.191926114700527e-09
18950.056 6.826305715790623e-09
19000.056 3.251699801740205e-09
19050.056 2.0128427031322773e-09
19100.056 3.813573302056506e-09
19150.056 2.1295548347295315e-09
19200.056 2.929382496501311e-09
19250.056 2.0194454917846054e-09
19300.056 1.6006105003500435e-09
19350.056 1.3772037636216182e-09
19400.056 1.1402597587788648e-09
19450.056 1.9798214247416723e-09
19500.056 1.6812480449650759e-09
19550.056 1.6252762656320214e-09
19600.056 2.6771764006066317e-09
19650.056 2.566716368506782e-09
19700.056 2.7061523274567083e-09
19750.056 4.015230041802598e-09
19800.056 3.37986493580234e-09
19850.056 4.560155765032294e-09
19900.056 4.531133903223168e-09
19950.056 6.638908312219509e-09
20000.056 7.47157243613465e-09
20050.056 7.029766531969921e-09
20100.056 1.0211972532699145e-08
20150.056 7.0439063511291305e-09
20200.056 6.6818528089344854e-09
20250.056 1.022841092527146e-08
20300.056 1.1204439655260215e-08
20350.056 1.1957159860553277e-08
20400.056 1.1249835497504352e-08
20450.056 1.6049127735969945e-08
20500.056 1.8270190791374328e-08
20550.056 1.9146792919324267e-08
20600.056 2.081830901052667e-08
20650.056 2.358803495031019e-08
20700.056 2.5190566042252754e-08
20750.056 2.710009534769738e-08
20800.056 2.7380849443634353e-08
20850.056 2.8749707351201048e-08
20900.056 3.026616637189409e-08
20950.056 2.9080004303301863e-08
21000.056 2.828975321540379e-08
21050.056 2.863499457119672e-08
21100.056 2.705109230480178e-08
21150.056 2.7074430745695186e-08
21200.056 2.505614733980246e-08
21250.056 2.332303774428455e-08
21300.056 1.990470839729943e-08
21350.056 1.970937199340868e-08
21400.056 1.8652842410641786e-08
21450.056 1.6139601105416615e-08
21500.056 1.452003182673598e-08
21550.056 1.3015119180115e-08
21600.056 1.1240335022521555e-08
21650.056 8.917467734659041e-09
21700.056 8.680439523221266e-09
21750.056 7.66313167869043e-09
21800.056 6.007156926579063e-09
21850.056 5.485817825355769e-09
21900.056 3.92535070462302e-09
21950.056 1.998937944770397e-09
22000.056 6.145111232572911e-10
22050.056 5.500978041846396e-10
22100.056 1.4851630046552163e-09
22150.056 1.6249697624832473e-09
22200.056 1.803664804299751e-09
22250.056 1.4606327610451163e-09
22300.056 9.697096761894285e-10
22350.056 1.0930268494341697e-09
22400.056 5.822213735026914e-10
22450.056 6.619560851935051e-10
22500.056 5.626421898541761e-10
22550.056 4.182115411092795e-10
22600.056 3.807435034450962e-10
22650.056 5.576413102215039e-10
22700.056 4.388495827952049e-10
22750.056 4.71498107745846e-10
22800.056 4.816223403168751e-10
22850.056 3.8927923964762514e-10
22900.056 3.1136556125923856e-10
22950.056 2.9576600493573493e-10
23000.056 3.91415014482689e-10
23050.056 5.084130166002381e-10
23100.056 1.475201987722759e-09
23150.056 1.427660516204652e-09
23200.056 1.5593540874065053e-10
23250.056 3.520867544698476e-10
23300.056 3.272420930635635e-10
23350.056 3.9592033879465384e-10
23400.056 3.902406328235102e-10
23450.056 3.070904728102727e-10
23500.056 3.430541526568893e-10
23550.056 5.176952244663568e-10
23600.056 7.092147933492238e-10
23650.056 1.031968169298691e-09
23700.056 3.693001399257696e-10
23750.056 3.088625036893188e-10
23800.056 6.861598717860286e-10
23850.056 6.213211374238138e-10
23900.056 1.1482221306929641e-09
23950.056 9.372633895672385e-10
24000.056 1.3913683984381368e-09
24050.056 1.6745314563714344e-09
24100.056 1.6199575075784953e-09
24150.056 2.1636566015732645e-09
24200.056 1.747391446811344e-09
24250.056 1.482955525549161e-09
24300.056 2.1972424737920985e-09
24350.056 1.8548376526765861e-09
24400.056 3.0785124900497513e-09
24450.056 3.1516327288034913e-09
24500.056 3.0424919946297033e-09
24550.056 4.102563559962056e-09
24600.056 4.174772576556978e-09
24650.056 5.793126709984408e-09
24700.056 3.730055988573945e-09
24750.056 4.524167404720703e-09
24800.056 4.335651876444239e-09
24850.056 6.641703230295994e-09
24900.056 3.335110528009981e-09
24950.056 6.461559009031442e-09
25000.056 5.8148830917735335e-09
25050.056 3.873094931648036e-09
25100.056 5.81528499984725e-09
25150.056 3.3157987449377974e-09
25200.056 4.672757529593913e-09
25250.056 2.4053847609549357e-09
25300.056 3.7167498246879548e-09
25350.056 1.8889689584474517e-09
25400.056 4.13954477019467e-09
25450.056 1.7404188023738356e-09
25500.056 1.6380607896471678e-09
25550.056 2.421248812396611e-09
25600.056 1.6796794761388323e-09
25650.056 1.016180956071917e-09
25700.056 1.8539665025232943e-09
25750.056 6.197318564218087e-10
25800.056 2.289504477004027e-09
25850.056 6.793687316338368e-10
25900.056 9.953763475142298e-10
25950.056 3.8794110664621775e-10
26000.056 2.2484637842597318e-09
26050.056 6.358726712340337e-10
26100.056 1.899549182320536e-09
26150.056 1.1545894957409201e-09
26200.056 1.3719379524359308e-09
26250.056 4.207713887396324e-09
26300.056 1.721033891050106e-09
26350.056 5.326107212727998e-09
26400.056 5.706066495769516e-09
26450.056 5.346634865495965e-09
26500.056 7.513333760876832e-09
26550.056 2.2100259831236234e-09
26600.056 3.1034835032445816e-09
26650.056 8.241842563306944e-10
26700.056 6.386610957529654e-10
26750.056 5.24938706819164e-10
26800.056 1.188089450412245e-09
26850.056 6.426315841538089e-10
26900.056 2.274968062693243e-09
26950.056 9.327235990084906e-10
27000.056 3.6507604205130994e-09
27050.056 3.260748095490144e-09
27100.056 1.1781799189345126e-09
27150.056 4.6635908545539096e-09
27200.056 1.2158028127828732e-09
27250.056 2.3661775063145093e-09
27300.056 8.530869977088722e-09
27350.056 4.565728112569501e-09
27400.056 5.393412769525911e-10
27450.056 5.4544328431153446e-09
27500.056 5.851772825622011e-09
27550.056 1.545229660708849e-09
27600.056 3.4974924582911543e-09
27650.056 1.2729122138160429e-09
27700.056 9.956622619287978e-10
27750.056 4.227353199465041e-09
27800.056 1.433613872541397e-09
27850.056 2.0847777088590754e-09
27900.056 2.115855616532185e-09
27950.056 4.7182762636624446e-09
28000.056 3.776701050116141e-09
28050.056 7.797202895755953e-10
28100.056 3.980540886591062e-09
28150.056 2.8154640484525483e-09
28200.056 1.0932861784487169e-09
28250.056 4.885889798016333e-09
28300.056 5.1511149685591275e-09
28350.056 1.472757972094472e-09
28400.056 3.6788501384795454e-09
28450.056 5.4839075262418954e-09
28500.056 3.8467376843672364e-09
28550.056 1.1185064603900837e-09
28600.056 6.115501820601604e-09
28650.056 4.55120536155482e-09
28700.056 5.015595041762906e-09
28750.056 7.436645639281956e-09
28800.056 4.598700699115875e-09
28850.056 6.7687836530620495e-09
