galfind/configs/Brown_Dwarf_templates/sonora_bobcat/m0.0/178g/sp_t1000g178nc_m0.0_resample.dat
# %ECSV 1.0
# ---
# datatype:
# - {name: wav, unit: Angstrom, datatype: float64}
# - {name: flux_nu, unit: erg / (cm2 Hz s), datatype: float64}
# meta: {C/O: '1.00', Kzz: '1.0000E+05', Teff: '1000.', Y: '0.28', '[Fe/H]': '0.00', f_hole: '1.00', f_rain: '0.00', grav: '178.'}
# schema: astropy-2.0
wav flux_nu
4000.0559999999996 nan
4050.0559999999996 5.568696510366601e-13
4100.056 2.224864015779867e-11
4150.056 5.7078759461203914e-11
4200.056 4.935203345345491e-11
4250.056 8.895450074700568e-11
4300.056 1.1345923995600954e-10
4350.056 1.241396612250051e-10
4400.056 1.5081801587100449e-10
4450.056 1.720720894250009e-10
4500.056 1.6949020989200845e-10
4550.056 1.9389747944957612e-10
4600.056 2.0072824649639873e-10
4650.056 1.7749437747298806e-10
4700.056 1.6604247757000163e-10
4750.056 9.322725310199927e-11
4800.056 2.9235208626999854e-11
4850.056 8.289593131499895e-12
4900.056 3.480829585299972e-12
4950.056 1.593420985589986e-12
5000.056 5.706457411099932e-13
5050.056 2.2104514352999906e-13
5100.056 1.751238931999999e-13
5150.056 1.5071451470000006e-13
5200.056 1.2968788771999984e-13
5250.056 1.0869886076699982e-13
5300.056 9.116610219599985e-14
5350.056 7.81465154399999e-14
5400.056 6.835733112999988e-14
5450.056 6.084024339899997e-14
5500.056 5.5065828712000066e-14
5550.056 5.0760942244999974e-14
5600.056 4.736564979499996e-14
5650.056 4.4357959006999936e-14
5700.056 4.121193904999996e-14
5750.056 3.7459368995999957e-14
5800.056 3.218031213099991e-14
5850.056 2.2562402382999726e-14
5900.056 7.232253731284779e-15
5950.056 4.3696234916000774e-14
6000.056 9.102815678600028e-14
6050.056 1.678416777400019e-13
6100.056 2.975587816200028e-13
6150.056 5.249544199500044e-13
6200.056 9.260236263900071e-13
6250.056 1.6132170971000116e-12
6300.056 2.7826989015000218e-12
6350.056 4.69921802830004e-12
6400.056 7.732235828700062e-12
6450.056 1.226994065449998e-11
6500.056 1.9146669801000055e-11
6550.056 2.9230170296000146e-11
6600.056 4.377032879300054e-11
6650.056 6.40500460720004e-11
6700.056 7.427964022859047e-11
6750.056 1.2493465475000072e-10
6800.056 1.633084163000008e-10
6850.056 1.8769794182000027e-10
6900.056 1.84000675330001e-10
6950.056 1.693443703599994e-10
7000.056 1.7230824083000118e-10
7050.056 1.8864035780999878e-10
7100.056 2.0829665723999968e-10
7150.056 2.1560815864599743e-10
7200.056 2.1422653604500326e-10
7250.056 2.0638271170199216e-10
7300.056 1.869222728060002e-10
7350.056 1.6586109467199748e-10
7400.056 1.4411372994000188e-10
7450.056 1.19846664310001e-10
7500.056 9.409017075999925e-11
7550.056 6.772614592999945e-11
7600.056 4.4534563410999497e-11
7650.056 9.031007758653499e-12
7700.056 5.381402968338271e-12
7750.056 3.556472123300084e-11
7800.056 7.686541210420134e-11
7850.056 1.7529076810000154e-10
7900.056 2.9273151142000135e-10
7950.056 3.6058744474054445e-10
8000.056 6.659781153300065e-10
8050.056 9.25976396270013e-10
8100.056 1.1975714032899995e-09
8150.056 1.527697889229998e-09
8200.056 1.998695389260078e-09
8250.056 2.487729217710042e-09
8300.056 3.089633596240225e-09
8350.056 3.735447845309848e-09
8400.056 4.5109969254598505e-09
8450.056 5.499986222399874e-09
8500.056 5.902545341315624e-09
8550.056 7.529682083600178e-09
8600.056 9.202208449200042e-09
8650.056 1.0452581656299982e-08
8700.056 1.2081867995199679e-08
8750.056 1.3948429107000188e-08
8800.056 1.6010999943000275e-08
8850.056 1.7740582828999764e-08
8900.056 1.7136376692099493e-08
8950.056 1.5902267548515916e-08
9000.056 2.0382905809597447e-08
9050.056 2.6917737093090792e-08
9100.056 3.033580908948084e-08
9150.056 3.2495730510901966e-08
9200.056 3.730948776523548e-08
9250.056 3.775912065781436e-08
9300.056 2.2017230637392053e-08
9350.056 2.6655641296961455e-08
9400.056 3.5949637260670374e-08
9450.056 4.122870968357751e-08
9500.056 4.1071791320162964e-08
9550.056 4.573968134898674e-08
9600.056 4.6132543011775714e-08
9650.056 5.1892232785062144e-08
9700.056 6.124134104363799e-08
9750.056 6.505537558923583e-08
9800.056 7.240671574089358e-08
9850.056 8.126286741239977e-08
9900.056 8.30611807060931e-08
9950.056 8.449475728799656e-08
10000.056 7.578748670299414e-08
10050.056 9.600613392300004e-08
10100.056 1.1308918189899513e-07
10150.056 1.2511399429298713e-07
10200.056 1.4159437476599738e-07
10250.056 1.559362236499991e-07
10300.056 1.6988763060000188e-07
10350.056 1.9301580448000207e-07
10400.056 2.13599402939996e-07
10450.056 2.2586655673000084e-07
10500.056 2.3119611344000075e-07
10550.056 2.3895914625000515e-07
10600.056 2.52665952729993e-07
10650.056 2.710993282800096e-07
10700.056 2.861273300580131e-07
10750.056 3.04461182342009e-07
10800.056 3.1977358725600406e-07
10850.056 3.304585160519884e-07
10900.056 2.828918926079916e-07
10950.056 1.9184667320961034e-07
11000.056 1.6492815793874369e-07
11050.056 1.3462639389387842e-07
11100.056 1.0978330393852694e-07
11150.056 8.427748296335902e-08
11200.056 8.654310528077585e-08
11250.056 1.0386371029749118e-07
11300.056 1.0387787182953459e-07
11350.056 5.792025990471158e-08
11400.056 8.633731400028753e-08
11450.056 8.325364762165976e-08
11500.056 8.835035255408221e-08
11550.056 5.7200069758261825e-08
11600.056 6.17453556907296e-08
11650.056 7.742170366471407e-08
11700.056 6.848063578719055e-08
11750.056 4.3783098692842465e-08
11800.056 8.131643866624185e-08
11850.056 1.2134115760715974e-07
11900.056 1.402282386498968e-07
11950.056 1.8345762832129882e-07
12000.056 2.1352620424119597e-07
12050.056 2.575588812248421e-07
12100.056 2.9624604740698936e-07
12150.056 3.473694894799825e-07
12200.056 3.904098404469559e-07
12250.056 4.384835054509453e-07
12300.056 4.931332233410345e-07
12350.056 5.114998780000116e-07
12400.056 5.258972718199848e-07
12450.056 4.857296741500182e-07
12500.056 5.153094895699949e-07
12550.056 5.517427524200405e-07
12600.056 6.986930315500223e-07
12650.056 6.970509693099986e-07
12700.056 7.204525891400793e-07
12750.056 6.964099774400296e-07
12800.056 7.03856573112017e-07
12850.056 6.177431807420484e-07
12900.056 5.597667420967261e-07
12950.056 5.605305408082791e-07
13000.056 5.464947466702322e-07
13050.056 5.105152969543983e-07
13100.056 4.786896542949077e-07
13150.056 4.0913413889831623e-07
13200.056 3.6321894074577557e-07
13250.056 2.8502579728597416e-07
13300.056 1.5892975440626055e-07
13350.056 5.689777676710993e-08
13400.056 3.918890241701301e-08
13450.056 2.4814242989105354e-08
13500.056 1.8206852793160012e-08
13550.056 1.3806553017339362e-08
13600.056 8.824736741942309e-09
13650.056 1.7814788214182415e-08
13700.056 1.44165471116092e-08
13750.056 1.545222807379967e-08
13800.056 1.7987120170664353e-08
13850.056 1.509240065586938e-08
13900.056 1.5778531324167534e-08
13950.056 1.4461071590887225e-08
14000.056 1.3913050913807249e-08
14050.056 1.6222032775489618e-08
14100.056 1.4405673578306544e-08
14150.056 1.933766712338596e-08
14200.056 1.5693925043682085e-08
14250.056 1.650767917142616e-08
14300.056 2.3967045024428407e-08
14350.056 2.4393186711918416e-08
14400.056 2.7400447174862515e-08
14450.056 2.9780523414443765e-08
14500.056 4.600045906532883e-08
14550.056 5.064320894120696e-08
14600.056 6.2751027298477e-08
14650.056 6.366183014688344e-08
14700.056 5.4422471867821945e-08
14750.056 6.431334653313488e-08
14800.056 7.85444520603549e-08
14850.056 8.568709098984117e-08
14900.056 8.821168966370485e-08
14950.056 9.730004848463671e-08
15000.056 1.0770548489203871e-07
15050.056 1.2546265865769958e-07
15100.056 1.3631848278151266e-07
15150.056 1.5133088156060644e-07
15200.056 1.5409533465272134e-07
15250.056 1.824592512456817e-07
15300.056 2.023439597134745e-07
15350.056 2.2633610815418222e-07
15400.056 2.5273542551982295e-07
15450.056 2.770207969344209e-07
15500.056 2.907846448409747e-07
15550.056 3.2539916764698546e-07
15600.056 3.3064633678801345e-07
15650.056 3.517759393220235e-07
15700.056 3.965987100890846e-07
15750.056 4.201478768739851e-07
15800.056 4.1256520151005423e-07
15850.056 4.418610055099948e-07
15900.056 4.241066490300228e-07
15950.056 4.157540238499495e-07
16000.056 3.6788059300000494e-07
16050.056 2.9436527504799243e-07
16100.056 2.404544930569806e-07
16150.056 1.845500535141981e-07
16200.056 1.3957452189634574e-07
16250.056 1.2668402329918332e-07
16300.056 1.0802797810974808e-07
16350.056 1.1927150740859e-07
16400.056 1.3920033004345023e-07
16450.056 1.4884708571737687e-07
16500.056 1.6049088147741823e-07
16550.056 1.5559124964968137e-07
16600.056 1.528725245656959e-07
16650.056 1.239300369914748e-07
16700.056 5.583814531321137e-08
16750.056 7.181840538663491e-08
16800.056 1.1071559259193158e-07
16850.056 1.1776244849458396e-07
16900.056 1.0132719850960862e-07
16950.056 8.490880506313632e-08
17000.056 6.701326801657964e-08
17050.056 9.555842680763008e-08
17100.056 1.1303530879524724e-07
17150.056 9.078553618358222e-08
17200.056 1.2204067994086477e-07
17250.056 1.0769008593103417e-07
17300.056 8.805699239600013e-08
17350.056 8.0305543979469e-08
17400.056 8.90652961463885e-08
17450.056 9.416515204149962e-08
17500.056 1.04860715774714e-07
17550.056 9.900801903933862e-08
17600.056 8.862227812395029e-08
17650.056 8.805390657200474e-08
17700.056 6.800715747112562e-08
17750.056 6.423123812077579e-08
17800.056 8.478907557229653e-08
17850.056 6.13784783816514e-08
17900.056 5.875338488933477e-08
17950.056 5.075613498532298e-08
18000.056 5.643761563078794e-08
18050.056 5.485192315737514e-08
18100.056 5.766747725252087e-08
18150.056 7.220364248840613e-08
18200.056 4.714085619101391e-08
18250.056 8.558152613376195e-08
18300.056 6.243431061594647e-08
18350.056 5.363388502132357e-08
18400.056 5.245700907908795e-08
18450.056 5.8803761487030036e-08
18500.056 6.4132450614497e-08
18550.056 5.287416761008719e-08
18600.056 4.519373031992585e-08
18650.056 4.64690271564885e-08
18700.056 4.602118584419475e-08
18750.056 5.6048601670390436e-08
18800.056 8.380355513410185e-08
18850.056 9.597301211221458e-08
18900.056 9.176592839262233e-08
18950.056 1.2389944034409154e-07
19000.056 1.009939412141003e-07
19050.056 8.283609206444805e-08
19100.056 1.1953316822240175e-07
19150.056 9.760227646688174e-08
19200.056 1.135080746502255e-07
19250.056 9.304672742689753e-08
19300.056 9.066272980425971e-08
19350.056 7.912493924415625e-08
19400.056 5.8969145574646e-08
19450.056 9.35350424172428e-08
19500.056 9.336026808840597e-08
19550.056 6.937858275968075e-08
19600.056 9.242372632209998e-08
19650.056 1.0254465547516066e-07
19700.056 1.0443484280990931e-07
19750.056 1.0844354126365046e-07
19800.056 1.136805978556551e-07
19850.056 1.3723885743293343e-07
19900.056 1.10965998894203e-07
19950.056 1.599629284567911e-07
20000.056 1.435257267513158e-07
20050.056 1.6020048810124496e-07
20100.056 1.7804193087128285e-07
20150.056 1.783253962219969e-07
20200.056 1.9380072969428922e-07
20250.056 2.1916610641109074e-07
20300.056 2.1603967314670277e-07
20350.056 2.4313257880969416e-07
20400.056 2.3840387653264298e-07
20450.056 2.680245666183497e-07
20500.056 2.829531926727451e-07
20550.056 2.818640997295069e-07
20600.056 3.1309629481106345e-07
20650.056 3.107854524540559e-07
20700.056 3.1929037473485765e-07
20750.056 3.2952555816716825e-07
20800.056 3.3769913949558877e-07
20850.056 3.285804495469847e-07
20900.056 3.415643030869256e-07
20950.056 3.3259484507698914e-07
21000.056 3.281134847600371e-07
21050.056 3.240944506989859e-07
21100.056 3.108395532280188e-07
21150.056 3.155317670229467e-07
21200.056 2.948888117460048e-07
21250.056 2.8543485158694434e-07
21300.056 2.542725596523638e-07
21350.056 2.559748783840867e-07
21400.056 2.4089931533077023e-07
21450.056 2.2870116327524933e-07
21500.056 2.117506482371326e-07
21550.056 1.9678636877687716e-07
21600.056 1.7730138566124376e-07
21650.056 1.5863906300280356e-07
21700.056 1.5783287599020452e-07
21750.056 1.3848999206277307e-07
21800.056 1.191868549789538e-07
21850.056 1.0716969199365367e-07
21900.056 8.225698593927483e-08
21950.056 5.4321575393348206e-08
22000.056 2.5273175274838756e-08
22050.056 1.8248199694939112e-08
22100.056 2.7927557463881536e-08
22150.056 3.7576613542821566e-08
22200.056 4.2687567219891105e-08
22250.056 3.8054525939935266e-08
22300.056 3.127927725007553e-08
22350.056 3.029283755736055e-08
22400.056 2.3047529664906286e-08
22450.056 2.031147369640659e-08
22500.056 1.966106301258054e-08
22550.056 1.6277087892618866e-08
22600.056 1.680999762102524e-08
22650.056 1.8082086271772004e-08
22700.056 1.5761675012071462e-08
22750.056 1.6421564007201745e-08
22800.056 1.51053542360041e-08
22850.056 1.3309857887972543e-08
22900.056 1.1912431509660781e-08
22950.056 1.1133961712906398e-08
23000.056 1.4095256189709041e-08
23050.056 1.820554880112515e-08
23100.056 3.035827428260334e-08
23150.056 3.306681069161647e-08
23200.056 9.724332500497973e-09
23250.056 1.2151070731642542e-08
23300.056 1.0813819121248498e-08
23350.056 1.0822142388267355e-08
23400.056 1.1723315981994905e-08
23450.056 1.1277185653487777e-08
23500.056 1.2425960610315558e-08
23550.056 1.5517332247581116e-08
23600.056 1.7914980429718888e-08
23650.056 2.3023844892337465e-08
23700.056 1.445227684435554e-08
23750.056 1.1931839659929086e-08
23800.056 1.3131939676400514e-08
23850.056 1.494529650962394e-08
23900.056 2.222918476819929e-08
23950.056 2.4084512961126082e-08
24000.056 2.692669960174958e-08
24050.056 3.250613056102182e-08
24100.056 3.012917177938929e-08
24150.056 3.466543730835467e-08
24200.056 3.43534145395301e-08
24250.056 2.9446045020906893e-08
24300.056 3.5627210180242145e-08
24350.056 3.051860939303001e-08
24400.056 4.037936676896667e-08
24450.056 3.9131057288185354e-08
24500.056 3.9841129017898485e-08
24550.056 4.7239181022999266e-08
24600.056 4.803519909817601e-08
24650.056 5.909516243251531e-08
24700.056 4.528839142631897e-08
24750.056 5.052869897650759e-08
24800.056 5.170493857847151e-08
24850.056 6.714119578625968e-08
24900.056 4.419565100043122e-08
24950.056 6.948809773075969e-08
25000.056 6.305415079649064e-08
25050.056 4.697122594719282e-08
25100.056 6.312805085350664e-08
25150.056 4.561917763285247e-08
25200.056 5.758689760329737e-08
25250.056 4.203194628143723e-08
25300.056 5.78709900646632e-08
25350.056 3.734390290825497e-08
25400.056 6.056850433871746e-08
25450.056 3.770238588838204e-08
25500.056 3.849800023233953e-08
25550.056 4.175598189864698e-08
25600.056 3.728863611394487e-08
25650.056 2.8200464421510756e-08
25700.056 4.895529602934806e-08
25750.056 2.4193788246137256e-08
25800.056 4.9510141976331415e-08
25850.056 2.700049929635833e-08
25900.056 3.6303177149276995e-08
25950.056 2.2848616489319527e-08
26000.056 5.3476973165494784e-08
26050.056 3.452092668147701e-08
26100.056 5.1817352094915316e-08
26150.056 4.133309490090879e-08
26200.056 4.5982499420396915e-08
26250.056 6.739375379152269e-08
26300.056 4.8724772479018355e-08
26350.056 7.988930267195046e-08
26400.056 7.983002593492805e-08
26450.056 8.268221088899219e-08
26500.056 9.084175396779081e-08
26550.056 5.6371318306655214e-08
26600.056 8.021692050518891e-08
26650.056 4.008526268118566e-08
26700.056 3.84270056849384e-08
26750.056 2.6754586108792095e-08
26800.056 4.235054842071169e-08
26850.056 2.539779321813364e-08
26900.056 5.3419584706980865e-08
26950.056 2.8784789664006142e-08
27000.056 6.491724155335729e-08
27050.056 5.131948314661302e-08
27100.056 4.093373332101225e-08
27150.056 7.014508394676063e-08
27200.056 4.481991248469227e-08
27250.056 5.2467236920708196e-08
27300.056 1.0499301592614633e-07
27350.056 7.973293231188422e-08
27400.056 3.049544167539011e-08
27450.056 1.014964893174126e-07
27500.056 9.642302642325501e-08
27550.056 4.995242933024888e-08
27600.056 8.783588087970778e-08
27650.056 4.4524809664226844e-08
27700.056 3.720482532238047e-08
27750.056 9.057733000374019e-08
27800.056 4.349361665555614e-08
27850.056 5.388297494703537e-08
27900.056 5.862788104778293e-08
27950.056 9.449831291397478e-08
28000.056 7.671870246416539e-08
28050.056 3.280345266356416e-08
28100.056 9.960854879751125e-08
28150.056 6.330563909096083e-08
28200.056 3.612361496919717e-08
28250.056 9.458063619471445e-08
28300.056 1.1760092021007325e-07
28350.056 4.729254889510738e-08
28400.056 7.50360257990669e-08
28450.056 9.722358472354698e-08
28500.056 7.852764047490272e-08
28550.056 3.5034124429591064e-08
28600.056 1.0873740733030273e-07
28650.056 9.294582866023864e-08
28700.056 8.25246730177406e-08
28750.056 1.1494497262590167e-07
28800.056 9.508936559452301e-08
28850.056 1.1179133137632213e-07
