galfind/configs/Brown_Dwarf_templates/sonora_bobcat/m0.0/100g/sp_t500g100nc_m0.0_resample.dat
# %ECSV 1.0
# ---
# datatype:
# - {name: wav, unit: Angstrom, datatype: float64}
# - {name: flux_nu, unit: erg / (cm2 Hz s), datatype: float64}
# meta: {C/O: '1.00', Kzz: '1.0000E+05', Teff: '500.', Y: '0.28', '[Fe/H]': '0.00', f_hole: '1.00', f_rain: '0.00', grav: '100.'}
# schema: astropy-2.0
wav flux_nu
4000.0559999999996 nan
4050.0559999999996 7.064334711309754e-17
4100.056 1.4866190623080302e-14
4150.056 1.3838476560600151e-13
4200.056 1.3469722957384151e-13
4250.056 1.0366077716500065e-12
4300.056 2.1569252270000277e-12
4350.056 3.4776787817000195e-12
4400.056 5.236565530400032e-12
4450.056 7.642566676300042e-12
4500.056 9.834121131500093e-12
4550.056 9.36063495802389e-12
4600.056 2.094058336329991e-12
4650.056 1.1853671100599925e-12
4700.056 5.321896862499952e-13
4750.056 1.4272339480299818e-13
4800.056 4.0540259305999575e-14
4850.056 1.2615153609799868e-14
4900.056 5.350491182199966e-15
4950.056 2.872790649299985e-15
5000.056 1.5774774717999887e-15
5050.056 1.0852404194400026e-15
5100.056 1.1561801713800107e-15
5150.056 1.301262476800008e-15
5200.056 1.4662537490000042e-15
5250.056 1.635579560300002e-15
5300.056 1.8274828054000027e-15
5350.056 2.050495900800003e-15
5400.056 2.2860865583000034e-15
5450.056 2.5615327435000137e-15
5500.056 2.8698992640000136e-15
5550.056 3.196286765600005e-15
5600.056 3.5054473359000038e-15
5650.056 3.753572464699997e-15
5700.056 3.8328695528000014e-15
5750.056 3.7647554083e-15
5800.056 3.3944075938999918e-15
5850.056 2.4168916514999687e-15
5900.056 7.648099324780895e-16
5950.056 4.758904020500138e-15
6000.056 1.0025122208799946e-14
6050.056 1.789561221700026e-14
6100.056 2.875272776600027e-14
6150.056 4.3255231046000275e-14
6200.056 6.278119763300033e-14
6250.056 8.760932668900021e-14
6300.056 1.2206062207000022e-13
6350.056 1.668799940200007e-13
6400.056 2.2462220475000113e-13
6450.056 2.8140004644999524e-13
6500.056 3.749877989259999e-13
6550.056 5.087410150499917e-13
6600.056 6.931999342200218e-13
6650.056 9.528598667800077e-13
6700.056 1.2405166540600106e-12
6750.056 1.7280385878000092e-12
6800.056 2.1404339282000207e-12
6850.056 2.3598710719000033e-12
6900.056 2.1291507451500463e-12
6950.056 1.8246267604699847e-12
7000.056 1.9826394330199973e-12
7050.056 2.118713519699971e-12
7100.056 2.3570388150199637e-12
7150.056 2.109882929552336e-12
7200.056 1.958219295094922e-12
7250.056 2.1572212792179308e-12
7300.056 2.209619094544154e-12
7350.056 2.496936389395628e-12
7400.056 2.777454366520135e-12
7450.056 3.1443195160001673e-12
7500.056 3.3932069498999904e-12
7550.056 3.459308771599993e-12
7600.056 3.2940874128999885e-12
7650.056 1.245441869343954e-12
7700.056 9.696335513640358e-13
7750.056 3.6358452501000487e-12
7800.056 5.1900808048599915e-12
7850.056 7.474985605299987e-12
7900.056 9.565629068499805e-12
7950.056 1.0703306824600014e-11
8000.056 1.4284377151800126e-11
8050.056 1.709742499540032e-11
8100.056 1.645781930568945e-11
8150.056 1.7008664271487145e-11
8200.056 2.5183153683439432e-11
8250.056 2.8625364610475537e-11
8300.056 3.5189769411178945e-11
8350.056 4.0079016141549653e-11
8400.056 4.888686399276029e-11
8450.056 6.468681913359908e-11
8500.056 7.553768921399685e-11
8550.056 9.917819450100164e-11
8600.056 1.2497259833600123e-10
8650.056 1.4996998534000193e-10
8700.056 1.7086210415000206e-10
8750.056 2.0076629265000127e-10
8800.056 2.2446480254000202e-10
8850.056 2.1701280794999375e-10
8900.056 9.430916145909165e-11
8950.056 9.844277647454827e-11
9000.056 9.341555736243697e-11
9050.056 2.4014326788206e-10
9100.056 2.968341479891961e-10
9150.056 3.4768371522963225e-10
9200.056 5.148916115768412e-10
9250.056 4.937237146156358e-10
9300.056 9.28626372448617e-11
9350.056 1.2183923932451009e-10
9400.056 2.7263577700470494e-10
9450.056 3.1203722059116826e-10
9500.056 2.7054906236474234e-10
9550.056 3.1071032276750095e-10
9600.056 3.11919910997232e-10
9650.056 4.4518749407060457e-10
9700.056 7.808714476721691e-10
9750.056 7.731386510100984e-10
9800.056 8.951847765992806e-10
9850.056 1.0390338549842997e-09
9900.056 1.3661777124035659e-09
9950.056 1.4068882949121104e-09
10000.056 1.4748242678298911e-09
10050.056 1.9585027253200613e-09
10100.056 2.4064524984799358e-09
10150.056 2.5190749658299895e-09
10200.056 2.5333971492602283e-09
10250.056 3.083136275867871e-09
10300.056 4.000140699077716e-09
10350.056 3.9935029033030385e-09
10400.056 5.758714792260312e-09
10450.056 7.149572207108566e-09
10500.056 8.533365816019833e-09
10550.056 1.0191851522300212e-08
10600.056 1.1111179290399788e-08
10650.056 1.1817199262000365e-08
10700.056 1.1555601313180193e-08
10750.056 1.1970424968120175e-08
10800.056 1.1625127600232166e-08
10850.056 1.0472395794420217e-08
10900.056 7.573108786699739e-09
10950.056 3.6618492498870418e-09
11000.056 2.2657619046381068e-09
11050.056 1.2691629161952045e-09
11100.056 6.879882179716672e-10
11150.056 2.771661928768225e-10
11200.056 1.9064858660390568e-10
11250.056 2.320791323681148e-10
11300.056 3.5254578680255257e-10
11350.056 1.050804867649134e-10
11400.056 3.8014644073612337e-10
11450.056 2.5647014337172347e-10
11500.056 1.896434500210238e-10
11550.056 4.360748183830121e-11
11600.056 3.330022645341707e-11
11650.056 1.1924027156668368e-10
11700.056 1.4125513010615258e-10
11750.056 2.900751965678234e-11
11800.056 1.832263275230037e-10
11850.056 3.0759323314959946e-10
11900.056 3.553473349294175e-10
11950.056 5.89438765139926e-10
12000.056 9.98540535659995e-10
12050.056 1.661133308177246e-09
12100.056 2.5335557054292892e-09
12150.056 3.8472903465488945e-09
12200.056 4.8563610322949136e-09
12250.056 7.224896010357366e-09
12300.056 1.0714263525783414e-08
12350.056 1.1744879280629814e-08
12400.056 1.6915586228719067e-08
12450.056 2.236492696900146e-08
12500.056 2.513865109540293e-08
12550.056 2.9180718464399645e-08
12600.056 3.3120354527602174e-08
12650.056 3.404105078709874e-08
12700.056 3.369222982420233e-08
12750.056 2.673741582796292e-08
12800.056 2.1421034892479787e-08
12850.056 1.366939861579635e-08
12900.056 1.030723260516654e-08
12950.056 8.471738443129965e-09
13000.056 8.415976982159595e-09
13050.056 5.449121292798131e-09
13100.056 4.937174083422525e-09
13150.056 3.164532307260625e-09
13200.056 2.9127595316103126e-09
13250.056 2.1230809602552644e-09
13300.056 7.959093270244703e-10
13350.056 2.3447969449254996e-10
13400.056 1.1933837531485808e-10
13450.056 3.9775914529080324e-11
13500.056 1.6264586446503362e-11
13550.056 6.617137170466013e-12
13600.056 1.5501674261806963e-12
13650.056 1.1130016053571303e-11
13700.056 6.041254079139187e-12
13750.056 1.1966765272461125e-11
13800.056 1.1136536892572943e-11
13850.056 6.1820804917390495e-12
13900.056 9.10286429190973e-12
13950.056 7.36625824228323e-12
14000.056 8.544416571129405e-12
14050.056 1.4469784219682053e-11
14100.056 1.4432169263410949e-11
14150.056 2.8246911404395114e-11
14200.056 1.7581718113744154e-11
14250.056 2.4784940339408105e-11
14300.056 6.28712105481726e-11
14350.056 6.164935279374062e-11
14400.056 6.632777942706146e-11
14450.056 1.0685625493365467e-10
14500.056 2.2924020742334566e-10
14550.056 2.4800780465445646e-10
14600.056 3.2272547821055755e-10
14650.056 2.023618344361637e-10
14700.056 9.755265821346345e-11
14750.056 5.71968938887749e-11
14800.056 1.0568393234662087e-10
14850.056 1.3492327970102952e-10
14900.056 1.3853019213646422e-10
14950.056 1.1261608480559556e-10
15000.056 2.756869706192567e-10
15050.056 2.2994168442792917e-10
15100.056 1.5971720999432507e-10
15150.056 1.1450849728989158e-10
15200.056 2.402713414878884e-10
15250.056 5.267144075959556e-10
15300.056 6.633002381810996e-10
15350.056 8.77779480441717e-10
15400.056 1.2022251453166477e-09
15450.056 1.6168210141450227e-09
15500.056 1.8925664401084708e-09
15550.056 3.0747300843665253e-09
15600.056 4.209901288200755e-09
15650.056 6.158771557550802e-09
15700.056 8.767942983850284e-09
15750.056 1.0821323380399613e-08
15800.056 1.2233593235160255e-08
15850.056 1.4140598008901716e-08
15900.056 1.3301616053800225e-08
15950.056 1.2652544459798598e-08
16000.056 9.472191616201165e-09
16050.056 5.376340992129439e-09
16100.056 3.2810192951995612e-09
16150.056 1.7274504720168306e-09
16200.056 8.959122697898891e-10
16250.056 5.941758654675046e-10
16300.056 3.700390166642432e-10
16350.056 4.669342032541953e-10
16400.056 5.873709423304676e-10
16450.056 5.246269761588368e-10
16500.056 4.686123109141569e-10
16550.056 4.761017522403601e-10
16600.056 7.022374663998254e-10
16650.056 5.126299627639379e-10
16700.056 7.725917250344828e-11
16750.056 2.55956931206349e-10
16800.056 4.368690617049835e-10
16850.056 5.001079466247766e-10
16900.056 2.5507681136029166e-10
16950.056 1.541794865598273e-10
17000.056 8.49863858076588e-11
17050.056 1.7900440275296359e-10
17100.056 3.1505005940955085e-10
17150.056 1.703728347577702e-10
17200.056 5.613504228088083e-10
17250.056 3.2646604164190947e-10
17300.056 2.0514595442129646e-10
17350.056 2.219818996976011e-10
17400.056 3.7433304580289796e-10
17450.056 4.972918744777531e-10
17500.056 6.567617764494281e-10
17550.056 5.89722090658118e-10
17600.056 4.468922716578776e-10
17650.056 4.0300870200088573e-10
17700.056 3.064495500021776e-10
17750.056 2.9659842738945637e-10
17800.056 6.592125466184152e-10
17850.056 3.208331705125406e-10
17900.056 2.3572315703508685e-10
17950.056 1.8409402138529563e-10
18000.056 2.899130122972875e-10
18050.056 2.2274853673455232e-10
18100.056 2.79179747451478e-10
18150.056 2.54253213600242e-10
18200.056 1.692856335739524e-10
18250.056 5.518367889137524e-10
18300.056 1.442560964219714e-10
18350.056 1.1186090209846045e-10
18400.056 8.551363300235698e-11
18450.056 3.1427268882497074e-10
18500.056 3.087218078720143e-10
18550.056 1.849669061285579e-10
18600.056 2.2490013657954967e-10
18650.056 1.6052414964054593e-10
18700.056 5.538044132619974e-11
18750.056 1.2677222811641346e-10
18800.056 4.800468139830813e-10
18850.056 4.85057619753606e-10
18900.056 4.1580173342460513e-10
18950.056 6.740959601453606e-10
19000.056 2.247127336881689e-10
19050.056 1.0985895100448012e-10
19100.056 2.4322348225650596e-10
19150.056 1.112137018651109e-10
19200.056 1.5705791867222836e-10
19250.056 1.127458686682462e-10
19300.056 7.927467543311177e-11
19350.056 6.735501936768623e-11
19400.056 6.040349681737688e-11
19450.056 1.0637384453947538e-10
19500.056 7.097861803540602e-11
19550.056 1.0307184675348777e-10
19600.056 2.289468778587376e-10
19650.056 1.6090755016580314e-10
19700.056 1.9214041292598757e-10
19750.056 3.2591263084449267e-10
19800.056 2.3015716164410188e-10
19850.056 2.9719435822737234e-10
19900.056 3.7072345565632255e-10
19950.056 5.310758890348729e-10
20000.056 6.923185143766733e-10
20050.056 5.405489249853698e-10
20100.056 9.434877410166324e-10
20150.056 5.064525757029773e-10
20200.056 3.889154036587261e-10
20250.056 7.704637580312895e-10
20300.056 9.117586771768161e-10
20350.056 9.695330578172026e-10
20400.056 8.449538190870315e-10
20450.056 1.4512949542709403e-09
20500.056 1.7261175132629156e-09
20550.056 1.950631361167318e-09
20600.056 2.070839927599992e-09
20650.056 2.6129398231308657e-09
20700.056 2.923829979575178e-09
20750.056 3.3244113401854596e-09
20800.056 3.280803555737316e-09
20850.056 3.751560144370218e-09
20900.056 4.049885958219122e-09
20950.056 3.888999788330324e-09
21000.056 3.8231753807505445e-09
21050.056 4.035781913099424e-09
21100.056 3.7992435262903125e-09
21150.056 3.817418556329446e-09
21200.056 3.5362955241405516e-09
21250.056 3.2646672598031296e-09
21300.056 2.738913392219042e-09
21350.056 2.7158568601912068e-09
21400.056 2.59085368397942e-09
21450.056 2.09608720689277e-09
21500.056 1.8398366470906045e-09
21550.056 1.6327851706077971e-09
21600.056 1.370442303461046e-09
21650.056 1.00471188172925e-09
21700.056 9.118504133239437e-10
21750.056 8.490434804997012e-10
21800.056 5.976476080276455e-10
21850.056 5.704725298935428e-10
21900.056 3.9468095658815973e-10
21950.056 1.54076586171862e-10
22000.056 3.1451254357128734e-11
22050.056 3.7434293636984645e-11
22100.056 1.4273989927160916e-10
22150.056 1.260940390633075e-10
22200.056 1.362910007454584e-10
22250.056 1.0776120037157375e-10
22300.056 5.756443056617111e-11
22350.056 7.379880656962476e-11
22400.056 2.934234890564993e-11
22450.056 4.091980786361131e-11
22500.056 3.2271554137973546e-11
22550.056 2.0301494828501837e-11
22600.056 1.6282226761395165e-11
22650.056 3.115967780032794e-11
22700.056 2.455849618947179e-11
22750.056 2.868803215870028e-11
22800.056 3.054600113280934e-11
22850.056 2.236410045715179e-11
22900.056 1.630871170937284e-11
22950.056 1.46922924283748e-11
23000.056 2.0054533744167042e-11
23050.056 2.6151379964614396e-11
23100.056 1.182152783184843e-10
23150.056 1.1215255542527447e-10
23200.056 5.990614165609177e-12
23250.056 2.066253154631976e-11
23300.056 1.9597792865771523e-11
23350.056 2.8510569368335296e-11
23400.056 2.3640275751072635e-11
23450.056 1.565532964331086e-11
23500.056 1.7215346231782048e-11
23550.056 3.205579873951085e-11
23600.056 5.670523994832995e-11
23650.056 8.347936760053212e-11
23700.056 1.9265610809547666e-11
23750.056 1.6641684337813515e-11
23800.056 6.227172732539078e-11
23850.056 4.646050528373499e-11
23900.056 1.0036919296797996e-10
23950.056 6.329230790707044e-11
24000.056 1.2168137366014537e-10
24050.056 1.4989056168844683e-10
24100.056 1.6225034884610677e-10
24150.056 2.340106569031358e-10
24200.056 1.6085870871477398e-10
24250.056 1.3165149115519875e-10
24300.056 2.2805065684515728e-10
24350.056 1.8878373603530676e-10
24400.056 3.894564818515414e-10
24450.056 4.307311413951302e-10
24500.056 3.9335141842821204e-10
24550.056 5.817213519405609e-10
24600.056 6.06989101568498e-10
24650.056 9.276757218162695e-10
24700.056 5.453853229113033e-10
24750.056 7.175385025258968e-10
24800.056 6.471562358960594e-10
24850.056 1.0834729211947312e-09
24900.056 4.894893611639033e-10
24950.056 1.0304848878715748e-09
25000.056 9.76719180677647e-10
25050.056 6.231648431686529e-10
25100.056 9.892811372148908e-10
25150.056 4.7627209307701e-10
25200.056 7.160242034940959e-10
25250.056 3.012995916550896e-10
25300.056 4.595361936945352e-10
25350.056 2.0852671734338779e-10
25400.056 5.335910129060372e-10
25450.056 1.7040273419851326e-10
25500.056 1.480169743019237e-10
25550.056 2.8262862603606844e-10
25600.056 1.5356791007162308e-10
25650.056 8.271155705559286e-11
25700.056 1.17460716286303e-10
25750.056 3.1393199841078584e-11
25800.056 1.720944815864713e-10
25850.056 3.295616466132656e-11
25900.056 4.764183379429387e-11
25950.056 1.2336233090587919e-11
26000.056 1.583204389122905e-10
26050.056 2.0616873499965304e-11
26100.056 1.025169492714679e-10
26150.056 4.713010038696827e-11
26200.056 6.124717806032475e-11
26250.056 3.7683318876822113e-10
26300.056 8.800410351216227e-11
26350.056 5.574105170250869e-10
26400.056 7.451391009553627e-10
26450.056 5.722073644374825e-10
26500.056 1.1115420725811199e-09
26550.056 1.5234518332776542e-10
26600.056 2.037619567176119e-10
26650.056 3.015521544432065e-11
26700.056 1.7968077987863786e-11
26750.056 2.325811006432346e-11
26800.056 7.19857356830857e-11
26850.056 3.8769466788810574e-11
26900.056 1.9824489518283612e-10
26950.056 6.465002566768818e-11
27000.056 3.685160477840979e-10
27050.056 3.868796363119563e-10
27100.056 5.7103346350840496e-11
27150.056 5.04221857610961e-10
27200.056 5.632987046044967e-11
27250.056 1.812718250141193e-10
27300.056 1.1511594419308538e-09
27350.056 4.2243498323797955e-10
27400.056 2.2730110942377453e-11
27450.056 5.334124484155838e-10
27500.056 6.212692315933096e-10
27550.056 1.0111514174374208e-10
27600.056 2.974795094709281e-10
27650.056 7.76427743683625e-11
27700.056 6.523448990051652e-11
27750.056 4.2898615192152216e-10
27800.056 1.167161148181483e-10
27850.056 1.9725967529786497e-10
27900.056 1.9393145150423083e-10
27950.056 5.200249693321107e-10
28000.056 4.5561431322952416e-10
28050.056 5.656869246442505e-11
28100.056 4.334820211352475e-10
28150.056 3.256871391532291e-10
28200.056 9.069695949188828e-11
28250.056 5.99001691837627e-10
28300.056 5.648634007858324e-10
28350.056 1.212975826097044e-10
28400.056 4.0972608487705353e-10
28450.056 6.978607993479756e-10
28500.056 4.4438755918802394e-10
28550.056 9.740773096189751e-11
28600.056 7.431163725350327e-10
28650.056 4.983593601552556e-10
28700.056 6.948829154410913e-10
28750.056 1.0182459399012621e-09
28800.056 4.748751806317527e-10
