galfind/configs/Brown_Dwarf_templates/sonora_bobcat/m0.0/100g/sp_t2100g100nc_m0.0_resample.dat
# %ECSV 1.0
# ---
# datatype:
# - {name: wav, unit: Angstrom, datatype: float64}
# - {name: flux_nu, unit: erg / (cm2 Hz s), datatype: float64}
# meta: {C/O: '1.00', Kzz: '1.0000E+05', Teff: '2100.', Y: '0.28', '[Fe/H]': '0.00', f_hole: '1.00', f_rain: '0.00', grav: '100.'}
# schema: astropy-2.0
wav flux_nu
[from data line 499]
28950.056 2.4719504728696857e-06
29000.056 2.0175995627593463e-06
29050.056 2.091046381649821e-06
29100.056 1.765514368780151e-06
29150.056 2.21520547482025e-06
29200.056 1.999613836140373e-06
29250.056 2.2043453161300567e-06
29300.056 1.8988955074990088e-06
29350.056 2.457234652049629e-06
29400.056 2.052091782539844e-06
29450.056 2.0514377050599033e-06
29500.056 2.182284976529769e-06
29550.056 2.0959000383902065e-06
29600.056 2.227554326679903e-06
29650.056 2.1760657801499072e-06
29700.056 1.9402686958998217e-06
29750.056 2.4121795963909985e-06
29800.056 2.363585671999889e-06
29850.056 2.273663848729735e-06
29900.056 2.058896707970541e-06
29950.056 2.4453288065395594e-06
30000.056 2.406339405099299e-06
30050.056 2.2601884628799315e-06
30100.056 1.867369670989499e-06
30150.056 2.7786328698598033e-06
30200.056 2.486024187530208e-06
30250.056 2.3842564026406087e-06
30300.056 2.3979289862497873e-06
30350.056 2.309373299220425e-06
30400.056 2.741523167870459e-06
30450.056 2.203807460930252e-06
30500.056 2.12428417685032e-06
30550.056 2.8254146504405686e-06
30600.056 2.68341046742032e-06
30650.056 2.690713518020131e-06
30700.056 2.503058213989938e-06
30750.056 2.420136634060083e-06
30800.056 2.895096940420749e-06
30850.056 2.517461348389963e-06
30900.056 2.5300968829098015e-06
30950.056 2.450055247230296e-06
31000.056 2.8261158529399303e-06
31050.056 2.43640566257003e-06
31100.056 2.678348275299918e-06
31150.056 2.7661481063196727e-06
31200.056 2.7714286526596964e-06
31250.056 3.0304131649405853e-06
31300.056 2.6867193528098016e-06
31350.056 2.699412485789995e-06
31400.056 2.766299232640524e-06
31450.056 2.795740573260128e-06
31500.056 2.8585387311604537e-06
31550.056 2.640336384679962e-06
31600.056 2.795513569099838e-06
31650.056 2.930971153729943e-06
31700.056 2.9435910084998973e-06
31750.056 2.6185449807401633e-06
31800.056 3.003715404700242e-06
31850.056 3.259934609850045e-06
31900.056 3.171572013959755e-06
31950.056 2.5769689136597534e-06
32000.056 2.781261100230682e-06
32050.056 3.1901917848003147e-06
32100.056 3.2139945304196103e-06
32150.056 3.1845722704400742e-06
32200.056 3.085248181739964e-06
32250.056 2.9110509421801848e-06
32300.056 3.1707065640501262e-06
32350.056 3.3679757200004737e-06
32400.056 3.0570951009699594e-06
32450.056 2.960978959050288e-06
32500.056 3.2444428563002446e-06
32550.056 3.5555617840001234e-06
32600.056 3.4814181401197827e-06
32650.056 3.3686373363509784e-06
32700.056 3.2294941577001596e-06
32750.056 3.361016354410047e-06
32800.056 3.0898453096402845e-06
32850.056 3.636793930859715e-06
32900.056 3.504054517980026e-06
32950.056 3.0408519457598297e-06
33000.056 3.310035129990285e-06
33050.056 3.3939993055595796e-06
33100.056 3.491376369839059e-06
33150.056 3.4465482389601637e-06
33200.056 3.20075916918067e-06
33250.056 3.4872348038201705e-06
33300.056 3.7614031077402717e-06
33350.056 3.5044236406001885e-06
33400.056 3.2209068078796265e-06
33450.056 3.5157197844290076e-06
33500.056 3.560925216200283e-06
33550.056 3.4530466486195136e-06
33600.056 3.5344704686006885e-06
33650.056 3.6515101972007927e-06
33700.056 3.7816108989395025e-06
33750.056 3.739855324980142e-06
33800.056 3.6280755089000667e-06
33850.056 3.526643263480137e-06
33900.056 3.979866137599487e-06
33950.056 3.5361043690995687e-06
34000.056 3.587617648549219e-06
34050.056 3.6703348788000416e-06
34100.056 3.878580116040491e-06
34150.056 3.7881944392995353e-06
34200.056 3.6049486052994613e-06
34250.056 4.008327836699486e-06
34300.056 3.745169062849586e-06
34350.056 3.854086179799625e-06
34400.056 3.6242173980795607e-06
34450.056 3.596661958800063e-06
34500.056 3.7902307791007627e-06
34550.056 3.657107346899767e-06
34600.056 3.7965044853000094e-06
34650.056 3.840487398599991e-06
34700.056 3.7099525743993313e-06
34750.056 3.963630307600272e-06
34800.056 4.06406089289958e-06
34850.056 3.6741851628000634e-06
34900.056 3.930098144400273e-06
34950.056 3.8286399225992155e-06
35000.056 3.710293949699509e-06
35050.056 4.164818811500609e-06
35100.056 3.949105593399231e-06
35150.056 3.95183882075974e-06
35200.056 4.005959663099727e-06
35250.056 3.6093781849002878e-06
35300.056 3.9641853954003685e-06
35350.056 4.1395336002997165e-06
35400.056 3.885028546799715e-06
35450.056 3.801795317900358e-06
35500.056 4.08765117619991e-06
35550.056 3.916120150899868e-06
35600.056 3.78984998999935e-06
35650.056 4.2185496140005016e-06
35700.056 3.820141476700375e-06
35750.056 3.93891046529969e-06
35800.056 4.074638092299663e-06
35850.056 4.116526332999788e-06
35900.056 4.287258747399538e-06
35950.056 4.11117347629972e-06
36000.056 3.7763163800995635e-06
36050.056 4.2716298836003e-06
36100.056 4.399769889299768e-06
36150.056 3.9458503791004245e-06
36200.056 4.279314787699537e-06
36250.056 3.973776089199312e-06
36300.056 4.537592314800743e-06
36350.056 4.312009222399373e-06
36400.056 4.181987285499916e-06
36450.056 4.508222671799647e-06
36500.056 4.194508879900304e-06
36550.056 4.095911182400567e-06
36600.056 4.15602574320037e-06
36650.056 4.305418845200456e-06
36700.056 4.54264188290014e-06
36750.056 4.171677974400453e-06
36800.056 4.303971565399615e-06
36850.056 4.3685483166001695e-06
36900.056 4.414117875300651e-06
36950.056 4.401288444000029e-06
37000.056 4.4756261379001015e-06
37050.056 4.565891630899886e-06
37100.056 4.399293039700401e-06
37150.056 4.377853179699146e-06
37200.056 4.559855467700077e-06
37250.056 4.578044999700277e-06
37300.056 4.601475259700834e-06
37350.056 4.334143381800544e-06
37400.056 4.557946305199709e-06
37450.056 4.515899527000333e-06
37500.056 4.648918187399724e-06
37550.056 4.517070097899232e-06
37600.056 4.745476070199436e-06
37650.056 4.398850240199606e-06
37700.056 4.501808713900128e-06
37750.056 4.741834800399352e-06
37800.056 4.822919704199882e-06
37850.056 4.631708392799787e-06
37900.056 4.723073511200362e-06
37950.056 4.767801052800219e-06
38000.056 4.668013787300602e-06
38050.056 4.695037975000349e-06
38100.056 4.536364685600229e-06
38150.056 4.852304938899398e-06
38200.056 4.936326588799391e-06
38250.056 4.5950073421005985e-06
38300.056 4.538365480999932e-06
38350.056 4.717466965799929e-06
38400.056 4.791901057999792e-06
38450.056 4.826434753900444e-06
38500.056 4.707329950099775e-06
38550.056 4.730343316000316e-06
38600.056 5.115706011099776e-06
38650.056 4.531047640400174e-06
38700.056 4.616245559600701e-06
38750.056 4.847871850899966e-06
38800.056 4.753727238900649e-06
38850.056 4.766596813400274e-06
38900.056 4.595291716699902e-06
38950.056 4.836944976999646e-06
39000.056 4.7281610242001335e-06
39050.056 4.794946670499925e-06
39100.056 4.544778279099967e-06
39150.056 4.6849358481002136e-06
39200.056 4.819194631700183e-06
39250.056 4.792571614199333e-06
39300.056 4.794686458199178e-06
39350.056 4.760115830500485e-06
39400.056 4.672314040400137e-06
39450.056 4.712015679999785e-06
39500.056 4.641794835599772e-06
39550.056 4.555669373799156e-06
39600.056 4.934547844200243e-06
39650.056 4.491946986100121e-06
39700.056 4.667975550899897e-06
39750.056 4.671585071799505e-06
39800.056 4.428915888100275e-06
39850.056 4.574304728099734e-06
39900.056 4.4702820615997724e-06
39950.056 4.6812575018998195e-06
40000.056 4.364857759099731e-06
40050.056 4.098843062999907e-06
40100.056 4.4070302131997724e-06
40150.056 4.132511508099192e-06
40200.056 4.329603127299691e-06
40250.056 4.289807581398797e-06
40300.056 3.978811962700344e-06
40350.056 4.2149488984002606e-06
40400.056 4.282234936899947e-06
40450.056 3.934977597300759e-06
40500.056 3.731200936100059e-06
40550.056 4.305871055099696e-06
40600.056 3.867320634700328e-06
40650.056 4.028560394800812e-06
40700.056 4.22476603180026e-06
40750.056 3.732663982998926e-06
40800.056 3.702340527800489e-06
40850.056 3.497680055000792e-06
40900.056 3.470286529200606e-06
40950.056 3.740514168399976e-06
41000.056 3.86931207880028e-06
41050.056 3.778172914899261e-06
41100.056 3.5696407504004063e-06
41150.056 3.85318141860017e-06
41200.056 3.599584051400069e-06
41250.056 3.6763193714002492e-06
41300.056 3.2363504870996315e-06
41350.056 3.777024973900185e-06
41400.056 3.573153062300047e-06
41450.056 3.4417327521999818e-06
41500.056 3.714808024800136e-06
41550.056 3.651228244020089e-06
41600.056 3.7609051650999726e-06
41650.056 3.3481467658005227e-06
41700.056 3.24217477707964e-06
41750.056 3.4814885270000072e-06
41800.056 3.34891033519968e-06
41850.056 3.1088878719004487e-06
41900.056 3.5475646001995364e-06
41950.056 3.189761290500554e-06
42000.056 3.3668236474502544e-06
42050.056 3.097623337698982e-06
42100.056 3.442857717500358e-06
42150.056 2.848985900599227e-06
42200.056 2.9633537564201705e-06
42250.056 3.2198554875697697e-06
42300.056 2.8799469323000552e-06
42350.056 3.2706566404206524e-06
42400.056 2.9234658393003535e-06
42450.056 2.5355871926001513e-06
42500.056 2.697016060350308e-06
42550.056 2.902805282499821e-06
42600.056 2.8063198493004625e-06
42650.056 2.623767400498923e-06
42700.056 2.8750723372707805e-06
42750.056 2.694180142200034e-06
42800.056 2.711739974250462e-06
42850.056 2.912240155899711e-06
42900.056 2.8131779700002087e-06
42950.056 2.5200191842989227e-06
43000.056 2.6770161817298723e-06
43050.056 2.5790652363111983e-06
43100.056 2.7136331827997393e-06
43150.056 2.786269439400612e-06
43200.056 2.6611868100000714e-06
43250.056 2.657239295360273e-06
43300.056 2.7282738672001763e-06
43350.056 2.507879634479673e-06
43400.056 2.5077587486697936e-06
43450.056 2.547157447620759e-06
43500.056 2.4762962407995083e-06
43550.056 2.5572341009999972e-06
43600.056 2.6580923224800812e-06
43650.056 2.3822759088403256e-06
43700.056 2.3152394606998325e-06
43750.056 2.389273956090135e-06
43800.056 2.2879604717000916e-06
43850.056 2.343501055600518e-06
43900.056 2.394092387959934e-06
43950.056 2.264241866270295e-06
44000.056 2.099616886830194e-06
44050.056 2.1024309435001112e-06
44100.056 2.2175008211704597e-06
44150.056 2.343177381899635e-06
44200.056 2.169082744710087e-06
44250.056 2.099280588479922e-06
44300.056 2.0336660949504253e-06
44350.056 2.035937038130144e-06
44400.056 2.0882379871599474e-06
44450.056 2.1980202111201047e-06
44500.056 2.1991779569003724e-06
44550.056 1.9596721955395266e-06
44600.056 2.0051768568002405e-06
44650.056 2.1625693801800912e-06
44700.056 1.9702517889202073e-06
44750.056 2.1101647241496916e-06
44800.056 2.1068445363599357e-06
44850.056 2.1192512138001024e-06
44900.056 1.981718554840308e-06
44950.056 1.8498226017800021e-06
45000.056 2.0383230786999322e-06
45050.056 2.024022813949719e-06
45100.056 2.09868924623988e-06
45150.056 1.992761299460022e-06
45200.056 1.823018728259912e-06
45250.056 1.8952555263597318e-06
45300.056 2.002606767270118e-06
45350.056 2.0854251747297443e-06
45400.056 1.9854223802802717e-06
45450.056 1.8165634865597175e-06
45500.056 1.8606827576599111e-06
45550.056 2.0850850308897732e-06
45600.056 1.9408273299299503e-06
45650.056 1.7501009027995727e-06
45700.056 1.985540924380229e-06
45750.056 1.870765737149915e-06
45800.056 1.8500273064999542e-06
45850.056 2.139899826630024e-06
45900.056 2.1112884560800697e-06
45950.056 1.8574165195799453e-06
46000.056 2.173366859299989e-06
46050.056 2.167795528480516e-06
46100.056 1.8420023059001234e-06
46150.056 1.9045284770799432e-06
46200.056 2.119909113540489e-06
46250.056 1.7611941084499284e-06
46300.056 2.2290741475599043e-06
46350.056 1.8244467446398135e-06
46400.056 1.959024651469751e-06
46450.056 1.935341435790441e-06
46500.056 1.840489978469903e-06
46550.056 2.136171551939924e-06
46600.056 1.969862010329905e-06
46650.056 2.421144412549952e-06
46700.056 2.2702309396806308e-06
46750.056 1.8842525452398865e-06
46800.056 2.0773765689103507e-06
46850.056 2.158656348550108e-06
46900.056 2.0713264389995996e-06
46950.056 2.2758927963901546e-06
47000.056 2.0491569958099716e-06
47050.056 2.1875774866597106e-06
47100.056 1.9185055516700978e-06
47150.056 2.077088694260399e-06
47200.056 2.0775930805605983e-06
47250.056 1.984728699909477e-06
47300.056 2.062280597309454e-06
47350.056 1.7639671959396324e-06
47400.056 2.1201979604094594e-06
47450.056 2.0978293038798417e-06
47500.056 2.0396272429295037e-06
47550.056 1.9752433706296302e-06
47600.056 2.188608264079879e-06
47650.056 1.6234276781995546e-06
47700.056 2.185286219180053e-06
47750.056 1.5733044969704747e-06
47800.056 2.1627919982997987e-06
47850.056 1.6955988896594933e-06
47900.056 2.2151892312701315e-06
47950.056 1.6523011121004065e-06
48000.056 2.3779983877000144e-06
48050.056 1.7976755963803635e-06
48100.056 1.953373316179978e-06
48150.056 1.7869477429402216e-06
48200.056 2.20260250326047e-06
48250.056 1.826018228439791e-06
48300.056 2.3449341925997516e-06
48350.056 1.6237665724796647e-06
48400.056 2.161935600619965e-06
48450.056 1.8378672487901551e-06
48500.056 2.3386172393800327e-06
48550.056 1.675781366640042e-06
48600.056 2.1934876312997908e-06
48650.056 1.690787929889981e-06
48700.056 2.0839659396400715e-06
48750.056 1.5427862898502627e-06
48800.056 2.3447427390701465e-06
48850.056 1.6998637677396762e-06
48900.056 2.1550917597001072e-06
48950.056 1.972714137420159e-06
49000.056 1.9450326665998744e-06
49050.056 2.0157835231098363e-06
49100.056 1.907869074200157e-06
49150.056 1.9437544804800593e-06
49200.056 1.976827056669917e-06
49250.056 1.93207382709009e-06
49300.056 1.7603601379997016e-06
49350.056 1.8025614655799806e-06
49400.056 2.1425365275402544e-06
49450.056 1.8424345194204486e-06
49500.056 1.9121621198402575e-06
49550.056 1.7228073990899624e-06
49600.056 1.8285341897203771e-06
49650.056 1.8850100679402298e-06
49700.056 1.634318880619845e-06
49750.056 2.3620870884995944e-06
49800.056 1.877739338600056e-06
49850.056 2.2373255577400366e-06
49900.056 1.8410676161601262e-06
49950.056 1.943955536059427e-06
50000.056 1.8739633447995436e-06
50050.056 1.935546699780138e-06
50100.056 2.0121815457798385e-06
50150.056 1.7914344832399822e-06
50200.056 1.6445245166301574e-06
50250.056 1.816946632280156e-06
50300.056 1.7456816758697582e-06
50350.056 1.9752114592099777e-06
50400.056 1.8349464169600365e-06
50450.056 1.7707974716102261e-06
50500.056 2.2761586669303354e-06
50550.056 1.8574180478598559e-06
50600.056 1.9681640524601245e-06
50650.056 1.8697048782604776e-06
50700.056 2.0425290728793976e-06
50750.056 2.017426670200258e-06
50800.056 1.6203627645298746e-06
50850.056 1.8792017127202878e-06
50900.056 1.9065372003999477e-06
50950.056 2.0037512994003186e-06
51000.056 2.2436949003102313e-06
51050.056 1.75674475383029e-06
51100.056 1.7494686730698992e-06
51150.056 1.9869923887200137e-06
51200.056 1.8453715483398784e-06
51250.056 2.0505013303100213e-06
51300.056 1.7618666482105313e-06
51350.056 1.968923280789767e-06
51400.056 1.876969848429474e-06
51450.056 1.3979491326997908e-06
51500.056 1.9301805524799716e-06
51550.056 2.2803068867602152e-06
51600.056 1.5714883911699536e-06
51650.056 1.8986236484596993e-06
51700.056 1.7139632368494411e-06
51750.056 1.71184841699012e-06
51800.056 1.9706567325797456e-06
51850.056 1.982799915999843e-06
51900.056 2.0651893358002874e-06
51950.056 1.8570742560197926e-06
52000.056 1.6779550654399682e-06
52050.056 1.9446771801898455e-06
52100.056 1.8639884182996087e-06
52150.056 1.8754988793302445e-06
52200.056 1.7966521287701053e-06
52250.056 1.8036615823799684e-06
52300.056 1.8957071247599816e-06
52350.056 2.1217716540402235e-06
52400.056 1.60217008847009e-06
52450.056 1.82496112070997e-06
52500.056 1.9776204743894876e-06
52550.056 1.824870366559506e-06
52600.056 1.9194472488501603e-06
52650.056 2.154476812250382e-06
52700.056 1.8535202426700597e-06
52750.056 1.5372476906398416e-06
52800.056 1.7287479322701754e-06
52850.056 1.6413013379398868e-06
52900.056 1.8457559920601798e-06
52950.056 1.785794342639678e-06
53000.056 1.9901336795697623e-06
53050.056 1.8666020016296851e-06
53100.056 1.6781741541296269e-06
53150.056 2.04444408838042e-06
53200.056 1.501179910820311e-06
53250.056 2.0779766895999165e-06
53300.056 2.0052311087007297e-06
53350.056 2.0117790342197876e-06
53400.056 1.7958996733701399e-06
53450.056 1.6991274746000467e-06
53500.056 1.5298135732297036e-06
