galfind/configs/Brown_Dwarf_templates/sonora_bobcat/m0.0/100g/sp_t1600g100nc_m0.0_resample.dat
# %ECSV 1.0
# ---
# datatype:
# - {name: wav, unit: Angstrom, datatype: float64}
# - {name: flux_nu, unit: erg / (cm2 Hz s), datatype: float64}
# meta: {C/O: '1.00', Kzz: '1.0000E+05', Teff: '1600.', Y: '0.28', '[Fe/H]': '0.00', f_hole: '1.00', f_rain: '0.00', grav: '100.'}
# schema: astropy-2.0
wav flux_nu
4000.0559999999996 nan
4050.0559999999996 3.0700930516649007e-10
4100.056 6.806988154499378e-10
4150.056 6.030185310570711e-10
4200.056 4.651573049074367e-10
4250.056 4.863458687311609e-10
4300.056 4.059295441590891e-10
4350.056 4.4513647962201435e-10
4400.056 5.161310042301055e-10
4450.056 4.192416578580144e-10
4500.056 4.455289279900268e-10
4550.056 5.599802164724943e-10
4600.056 5.479986059160163e-10
4650.056 5.122552112399246e-10
4700.056 6.245735503900877e-10
4750.056 6.830822470199342e-10
4800.056 4.763550838230408e-10
4850.056 5.246911259300168e-10
4900.056 6.606651151699919e-10
4950.056 6.079851117000126e-10
5000.056 2.988906321859652e-10
5050.056 1.973307656040147e-10
5100.056 1.9072678438202083e-10
5150.056 1.6350394411603489e-10
5200.056 1.5180704754099372e-10
5250.056 1.4365781061700915e-10
5300.056 1.2856004761000186e-10
5350.056 1.1216125373000448e-10
5400.056 9.308971792099984e-11
5450.056 6.979078580599935e-11
5500.056 4.94817609499992e-11
5550.056 3.8208650888999044e-11
5600.056 2.7730887986999987e-11
5650.056 1.8878547189999873e-11
5700.056 1.2032366764299921e-11
5750.056 7.0205561237999426e-12
5800.056 3.56659140139996e-12
5850.056 1.3561676832799737e-12
5900.056 2.3225809601495973e-13
5950.056 3.167162527670069e-12
6000.056 1.2069286968000199e-11
6050.056 3.552195222900048e-11
6100.056 8.591919364700165e-11
6150.056 1.8583160942000156e-10
6200.056 3.5543701973000285e-10
6250.056 6.279914394300093e-10
6300.056 1.060368479140012e-09
6350.056 1.6560511044000196e-09
6400.056 2.446363906099999e-09
6450.056 3.5088296127998913e-09
6500.056 4.460634616299778e-09
6550.056 5.871618058699707e-09
6600.056 7.247182522400162e-09
6650.056 8.114855862200489e-09
6700.056 5.326814995002686e-09
6750.056 1.010068793990036e-08
6800.056 1.2479849519400474e-08
6850.056 1.4572207568000025e-08
6900.056 1.4849189923200135e-08
6950.056 1.502897791609931e-08
7000.056 1.620693719299933e-08
7050.056 1.6400623145800295e-08
7100.056 1.462466672379968e-08
7150.056 1.4557930278300169e-08
7200.056 1.7512626674799934e-08
7250.056 2.058979410500083e-08
7300.056 2.2892901519001383e-08
7350.056 2.1147737542000538e-08
7400.056 1.6783647249200147e-08
7450.056 1.349094580979901e-08
7500.056 1.1343460771699747e-08
7550.056 8.997197416300012e-09
7600.056 5.321825495199888e-09
7650.056 6.084336044614505e-10
7700.056 2.0733582001566142e-10
7750.056 3.1794316439000965e-09
7800.056 8.30573736696829e-09
7850.056 1.8074587681000337e-08
7900.056 2.4113183156001785e-08
7950.056 2.465482130409357e-08
8000.056 3.675688508599916e-08
8050.056 5.281897662399611e-08
8100.056 7.453846807900208e-08
8150.056 1.0252411167400403e-07
8200.056 1.0232116558379857e-07
8250.056 1.3249243578000213e-07
8300.056 1.3982890334401612e-07
8350.056 1.5825294285300697e-07
8400.056 1.7240203227899812e-07
8450.056 1.4905658398598953e-07
8500.056 1.4375341269025346e-07
8550.056 1.6907502169301022e-07
8600.056 1.793749350879709e-07
8650.056 1.7676609368996292e-07
8700.056 1.7181849587801223e-07
8750.056 1.9731746635101108e-07
8800.056 2.557371948240267e-07
8850.056 2.761091528449824e-07
8900.056 2.524155477070045e-07
8950.056 2.561433998623068e-07
9000.056 3.286211168760212e-07
9050.056 3.376310239889945e-07
9100.056 4.076567959240001e-07
9150.056 4.58850514751013e-07
9200.056 4.704247007450042e-07
9250.056 3.7942156904706535e-07
9300.056 2.933278197983704e-07
9350.056 3.286728341087278e-07
9400.056 3.759672746971818e-07
9450.056 4.235588552928407e-07
9500.056 4.666215040071173e-07
9550.056 5.153068750294581e-07
9600.056 5.114447990602992e-07
9650.056 5.715265377148339e-07
9700.056 6.297003713608395e-07
9750.056 5.404637792749756e-07
9800.056 5.927384271807898e-07
9850.056 6.114588696609616e-07
9900.056 5.124924230569681e-07
9950.056 4.32707880595985e-07
10000.056 4.1760457028995705e-07
10050.056 4.6556939343998864e-07
10100.056 5.726997057600444e-07
10150.056 5.836805526399042e-07
10200.056 6.427388796599706e-07
10250.056 6.54098870519887e-07
10300.056 6.400808503999708e-07
10350.056 7.377154856699745e-07
10400.056 8.335893326999642e-07
10450.056 8.715296072501189e-07
10500.056 8.23452394249962e-07
10550.056 8.381354232601397e-07
10600.056 9.132665416001177e-07
10650.056 9.728591439600523e-07
10700.056 1.0365549740300757e-06
10750.056 1.1721262038800901e-06
10800.056 1.294446673219954e-06
10850.056 1.4415245173098387e-06
10900.056 1.3886971791299295e-06
10950.056 1.2344301027158688e-06
11000.056 1.1821819267359731e-06
11050.056 9.25857777598544e-07
11100.056 9.527161679427384e-07
11150.056 9.693608837994876e-07
11200.056 9.873673862528077e-07
11250.056 1.1661885632762143e-06
11300.056 1.1404821517441065e-06
11350.056 9.523262850045409e-07
11400.056 8.631090221090798e-07
11450.056 1.0994014395700117e-06
11500.056 1.3086145534406736e-06
11550.056 1.2065256473539433e-06
11600.056 1.2949747915069846e-06
11650.056 1.307692588744546e-06
11700.056 1.0017120321904004e-06
11750.056 1.014267505104415e-06
11800.056 1.0498569316129199e-06
11850.056 1.3955332090161371e-06
11900.056 1.4822578158526813e-06
11950.056 1.4996197035149173e-06
12000.056 1.3555825576640185e-06
12050.056 1.6266999344711468e-06
12100.056 1.617904744429875e-06
12150.056 1.8683276928198367e-06
12200.056 1.8954951737595618e-06
12250.056 2.094336216489689e-06
12300.056 2.215313209580307e-06
12350.056 2.2247371942501116e-06
12400.056 1.980450293839887e-06
12450.056 1.7151967787900476e-06
12500.056 1.8589662452697831e-06
12550.056 1.8970415048500903e-06
12600.056 2.204773961860038e-06
12650.056 2.2836140175398225e-06
12700.056 2.507077445180187e-06
12750.056 2.464636591370028e-06
12800.056 2.6496173688599687e-06
12850.056 2.513674765190084e-06
12900.056 2.356914022809769e-06
12950.056 2.4597526746098085e-06
13000.056 2.5330836997094644e-06
13050.056 2.610185664069783e-06
13100.056 2.6025889368037673e-06
13150.056 2.551271657758776e-06
13200.056 2.418794280569935e-06
13250.056 2.1616705951431047e-06
13300.056 1.703563880721845e-06
13350.056 8.812028563875304e-07
13400.056 7.349368689615158e-07
13450.056 5.863297168392339e-07
13500.056 5.432011058837533e-07
13550.056 4.830541229812752e-07
13600.056 4.2816454463923735e-07
13650.056 5.434582828037911e-07
13700.056 4.6238499349944953e-07
13750.056 4.6960274816893266e-07
13800.056 5.717875969466182e-07
13850.056 5.445680330533769e-07
13900.056 5.464431976567854e-07
13950.056 5.124090501919904e-07
14000.056 4.748951601944215e-07
14050.056 4.843000722847527e-07
14100.056 4.1013594365870914e-07
14150.056 4.465101187363245e-07
14200.056 3.951186727346856e-07
14250.056 3.885240265804726e-07
14300.056 4.257973272624182e-07
14350.056 4.195354572497119e-07
14400.056 4.620214963426644e-07
14450.056 4.790937268325677e-07
14500.056 5.851628814491179e-07
14550.056 6.085239287820738e-07
14600.056 6.60969659694886e-07
14650.056 6.5888169373259e-07
14700.056 5.940154371082126e-07
14750.056 6.537661251817366e-07
14800.056 7.140904336610905e-07
14850.056 7.819030088767792e-07
14900.056 7.811343505688141e-07
14950.056 7.970025794441375e-07
15000.056 8.359593492172367e-07
15050.056 9.468318168487036e-07
15100.056 9.70850522661124e-07
15150.056 1.051175551078102e-06
15200.056 1.075699447419887e-06
15250.056 1.1174841166889079e-06
15300.056 1.2061185276328869e-06
15350.056 1.2681530263309735e-06
15400.056 1.353221995402051e-06
15450.056 1.4436721592461257e-06
15500.056 1.491155640189771e-06
15550.056 1.6114985591198983e-06
15600.056 1.5860925400101612e-06
15650.056 1.7006920254101256e-06
15700.056 1.876160542550668e-06
15750.056 1.986045380039851e-06
15800.056 1.97416127043049e-06
15850.056 1.9403058479600017e-06
15900.056 2.002965646530215e-06
15950.056 2.0723947828298096e-06
16000.056 2.1157175102298866e-06
16050.056 2.17879218548009e-06
16100.056 2.272376692680145e-06
16150.056 2.2008202888202016e-06
16200.056 2.2911195353397765e-06
16250.056 2.2852644503199578e-06
16300.056 2.2948487915199873e-06
16350.056 2.4330481936799363e-06
16400.056 2.427181677630191e-06
16450.056 2.4887158182001132e-06
16500.056 2.5983686679403407e-06
16550.056 2.697242807550064e-06
16600.056 2.5514573203804345e-06
16650.056 2.740501178529967e-06
16700.056 2.607715686459751e-06
16750.056 2.6631706021897956e-06
16800.056 2.807703398289849e-06
16850.056 2.7977773250299633e-06
16900.056 2.712052850040032e-06
16950.056 2.679718657399868e-06
17000.056 2.6656547842902465e-06
17050.056 2.6459700667200002e-06
17100.056 2.4741721245705585e-06
17150.056 2.388956309739935e-06
17200.056 2.169436528019805e-06
17250.056 2.002839651357842e-06
17300.056 2.0005059271126784e-06
17350.056 1.8851719790351443e-06
17400.056 1.913821400397032e-06
17450.056 1.7238209146961126e-06
17500.056 1.6558294772524302e-06
17550.056 1.6226069925131826e-06
17600.056 1.5362991177919295e-06
17650.056 1.5399284411698142e-06
17700.056 1.2658245280648586e-06
17750.056 1.1813898365490523e-06
17800.056 1.2333269364713063e-06
17850.056 1.0399593226821447e-06
17900.056 1.0859907215609776e-06
17950.056 1.029319833062831e-06
18000.056 9.372856292720333e-07
18050.056 9.167305911792451e-07
18100.056 8.75120482629942e-07
18150.056 1.0376138392710691e-06
18200.056 7.694215099902468e-07
18250.056 1.0221746776756126e-06
18300.056 9.401811608011909e-07
18350.056 8.45600509442999e-07
18400.056 8.381291088134754e-07
18450.056 7.534865438881732e-07
18500.056 8.039700337272464e-07
18550.056 7.280829236481622e-07
18600.056 6.019219852146281e-07
18650.056 6.891551062122136e-07
18700.056 7.589335270088661e-07
18750.056 7.411805193041274e-07
18800.056 8.079563263672352e-07
18850.056 9.457590496479262e-07
18900.056 9.117418989474681e-07
18950.056 9.72202254165984e-07
19000.056 1.0055107566528746e-06
19050.056 9.419132684969851e-07
19100.056 1.0387794188431904e-06
19150.056 1.0432875627161194e-06
19200.056 1.0451347557274414e-06
19250.056 9.735294614308398e-07
19300.056 1.031917722658533e-06
19350.056 9.607328219760508e-07
19400.056 8.011038040587649e-07
19450.056 1.0056982542030736e-06
19500.056 9.981218715478188e-07
19550.056 8.007906802353579e-07
19600.056 9.633800891589572e-07
19650.056 9.688382478822378e-07
19700.056 9.786601820350928e-07
19750.056 9.118294710781869e-07
19800.056 9.701085098998267e-07
19850.056 1.023847173961477e-06
19900.056 8.714735440321587e-07
19950.056 1.0891704840710163e-06
20000.056 9.558087277821126e-07
20050.056 1.0489255674984858e-06
20100.056 1.1015334343353578e-06
20150.056 1.1126442721920235e-06
20200.056 1.1620065919876988e-06
20250.056 1.2378456350079145e-06
20300.056 1.2442905105980626e-06
20350.056 1.3160690074807792e-06
20400.056 1.3070573906834054e-06
20450.056 1.4206769934297757e-06
20500.056 1.4375039425750686e-06
20550.056 1.46186996322007e-06
20600.056 1.6012371413103236e-06
20650.056 1.572626487500408e-06
20700.056 1.6519324896802518e-06
20750.056 1.7072751834297447e-06
20800.056 1.7886970750500878e-06
20850.056 1.7693496353998841e-06
20900.056 1.8788912241597153e-06
20950.056 1.909509029429936e-06
21000.056 2.0127561129999428e-06
21050.056 2.0250869323200174e-06
21100.056 2.047845418019966e-06
21150.056 2.1720230223100077e-06
21200.056 2.138433316930122e-06
21250.056 2.2650486189198383e-06
21300.056 2.176689374399944e-06
21350.056 2.351159783480008e-06
21400.056 2.2414407591703053e-06
21450.056 2.4599972739599796e-06
21500.056 2.3234859456002046e-06
21550.056 2.3703376624698903e-06
21600.056 2.4246117585703015e-06
21650.056 2.373474856390176e-06
21700.056 2.5055984247099597e-06
21750.056 2.3953595760199517e-06
21800.056 2.3789656390497255e-06
21850.056 2.3594383501998894e-06
21900.056 2.4105982866002035e-06
21950.056 2.2871121010501645e-06
22000.056 2.260874195980103e-06
22050.056 2.114923719639605e-06
22100.056 2.225243411640081e-06
22150.056 2.2484488998101357e-06
22200.056 2.1612674137504168e-06
22250.056 2.2694256074103244e-06
22300.056 2.227100918909856e-06
22350.056 2.1285089258902284e-06
22400.056 2.19336935132009e-06
22450.056 2.11201817519981e-06
22500.056 2.159167232250004e-06
22550.056 2.0723361268795455e-06
22600.056 2.1082771967100983e-06
22650.056 2.031023657060514e-06
22700.056 1.9975808928304483e-06
22750.056 2.0856188439099944e-06
22800.056 1.956427981179997e-06
22850.056 1.9614012014302847e-06
22900.056 1.998532202959882e-06
22950.056 1.3508637551501419e-06
23000.056 1.5034318932931264e-06
23050.056 1.6261750944697667e-06
23100.056 1.5747474139588528e-06
23150.056 1.6474783000272808e-06
23200.056 1.5056936319821062e-06
23250.056 1.2672222073677858e-06
23300.056 1.311487186274163e-06
23350.056 1.3630295864890115e-06
23400.056 1.3109319170451387e-06
23450.056 1.3772525518460585e-06
23500.056 1.3950625510598594e-06
23550.056 1.2865344078933109e-06
23600.056 1.2863951933751773e-06
23650.056 1.401416062858876e-06
23700.056 1.2954500527018312e-06
23750.056 1.297508026929276e-06
23800.056 1.2626241064160763e-06
23850.056 1.118810320231112e-06
23900.056 1.3000648213239423e-06
23950.056 1.36203986907041e-06
24000.056 1.2955115820065802e-06
24050.056 1.318982455470059e-06
24100.056 1.1738298728697614e-06
24150.056 1.1819073557764427e-06
24200.056 1.1962325458415136e-06
24250.056 1.147356910740159e-06
24300.056 1.1372770912600333e-06
24350.056 1.0184331767851285e-06
24400.056 1.1612356988799238e-06
24450.056 1.0046321531177936e-06
24500.056 9.53177360408883e-07
24550.056 9.367382974481366e-07
24600.056 9.856089244941543e-07
24650.056 1.0696643173960063e-06
24700.056 8.578868146679144e-07
24750.056 8.291234178033091e-07
24800.056 8.044669885251867e-07
24850.056 9.70274030223953e-07
24900.056 6.954341431804419e-07
24950.056 9.137625164918787e-07
25000.056 8.142563054860631e-07
25050.056 6.248416662781427e-07
25100.056 7.689301139970155e-07
25150.056 6.463051592399681e-07
25200.056 6.974261706809117e-07
25250.056 6.37477212623891e-07
25300.056 7.292165726840449e-07
25350.056 5.798926216450063e-07
25400.056 6.844681576962111e-07
25450.056 5.777171583409771e-07
25500.056 6.216920782581956e-07
25550.056 5.89678547438057e-07
25600.056 6.094003013410072e-07
25650.056 5.315711371569659e-07
25700.056 7.195108573737234e-07
25750.056 4.923397500761184e-07
25800.056 6.93853292072135e-07
25850.056 5.679887081638687e-07
25900.056 6.686891941030705e-07
25950.056 5.473458804339798e-07
26000.056 6.983338844032707e-07
26050.056 6.945085847970367e-07
26100.056 7.325310087049432e-07
26150.056 7.088907730148491e-07
26200.056 6.825882835539862e-07
26250.056 7.290557771630937e-07
26300.056 7.05607647266069e-07
26350.056 7.638228177789442e-07
26400.056 7.867203137367718e-07
26450.056 7.770591192430927e-07
26500.056 8.160320123806804e-07
26550.056 7.387873551947692e-07
26600.056 9.108972349747937e-07
26650.056 6.593329036108904e-07
26700.056 6.72120152028054e-07
26750.056 5.594839081007601e-07
26800.056 6.688885666628023e-07
26850.056 5.154857806829974e-07
26900.056 7.086067530120654e-07
26950.056 4.867124094029461e-07
27000.056 6.852598914491484e-07
27050.056 5.771939092740201e-07
27100.056 5.785707407928735e-07
27150.056 6.445707284770041e-07
27200.056 6.176751886421714e-07
27250.056 5.893754611932498e-07
27300.056 7.310462766180087e-07
27350.056 6.850249992687932e-07
27400.056 5.398087633639391e-07
27450.056 7.833800042187039e-07
27500.056 7.214973906248978e-07
27550.056 6.390276772809408e-07
27600.056 8.000464275488689e-07
27650.056 5.887623513289272e-07
27700.056 5.622332138430905e-07
27750.056 7.946340821876873e-07
27800.056 5.532845823419413e-07
27850.056 6.231582088726573e-07
27900.056 6.506400486090684e-07
27950.056 7.718137300239572e-07
28000.056 7.194831671992238e-07
28050.056 5.253994644111393e-07
28100.056 8.185135958222489e-07
28150.056 6.356457418100464e-07
28200.056 5.307802522510365e-07
28250.056 7.253428901700488e-07
28300.056 8.490761776020845e-07
28350.056 6.064780459728209e-07
28400.056 6.698861552659579e-07
28450.056 7.187013136548234e-07
28500.056 7.084514187298297e-07
28550.056 4.943910459418341e-07
28600.056 8.327967898339298e-07
28650.056 7.574573936909288e-07
28700.056 6.816334869418698e-07
28750.056 7.879323819760085e-07
28800.056 7.311523185151819e-07
28850.056 7.914617130770949e-07
