galfind/configs/Brown_Dwarf_templates/sonora_bobcat/m0.0/100g/sp_t950g100nc_m0.0_resample.dat
# %ECSV 1.0
# ---
# datatype:
# - {name: wav, unit: Angstrom, datatype: float64}
# - {name: flux_nu, unit: erg / (cm2 Hz s), datatype: float64}
# meta: {C/O: '1.00', Kzz: '1.0000E+05', Teff: '950.', Y: '0.28', '[Fe/H]': '0.00', f_hole: '1.00', f_rain: '0.00', grav: '100.'}
# schema: astropy-2.0
wav flux_nu
[from data line 499]
28950.056 1.0270123242313704e-07
29000.056 8.23303473562499e-08
29050.056 8.994290776544359e-08
29100.056 6.466852032851855e-08
29150.056 1.119922074739792e-07
29200.056 8.073505657658497e-08
29250.056 1.1296324806903156e-07
29300.056 6.692586095785008e-08
29350.056 1.6105200287283872e-07
29400.056 9.160737223782616e-08
29450.056 1.0095067852370868e-07
29500.056 1.1151297637379487e-07
29550.056 9.892072241368544e-08
29600.056 1.161660965099481e-07
29650.056 1.1717586606237066e-07
29700.056 8.795146943406596e-08
29750.056 1.211296146506597e-07
29800.056 1.2604573454172284e-07
29850.056 1.3172210372666083e-07
29900.056 1.2180772594616165e-07
29950.056 1.2561855606006788e-07
30000.056 7.32253950377512e-08
30050.056 8.310141125620824e-08
30100.056 7.775349051007951e-08
30150.056 1.2788379741528552e-07
30200.056 9.875382222632313e-08
30250.056 1.4369136900853248e-07
30300.056 1.2317806634541124e-07
30350.056 1.0611122667590572e-07
30400.056 1.289812384789006e-07
30450.056 9.432675336649501e-08
30500.056 7.902449758380389e-08
30550.056 8.440272453488007e-08
30600.056 9.807567792699621e-08
30650.056 7.920312441868366e-08
30700.056 7.616201949158464e-08
30750.056 7.730454704318731e-08
30800.056 6.631972360791437e-08
30850.056 6.095795151367288e-08
30900.056 5.595140029898947e-08
30950.056 5.210813848643396e-08
31000.056 4.651582706560361e-08
31050.056 4.8167406651001857e-08
31100.056 3.726978771689628e-08
31150.056 4.472636296119768e-08
31200.056 4.8489279616009996e-08
31250.056 3.5422877540623665e-08
31300.056 3.430735294528422e-08
31350.056 3.452747720546115e-08
31400.056 2.719494664481112e-08
31450.056 2.9672511130694077e-08
31500.056 2.358223115095376e-08
31550.056 2.6548653498057395e-08
31600.056 2.08303986372505e-08
31650.056 1.945186234433354e-08
31700.056 1.9709037066397037e-08
31750.056 1.6336499144666364e-08
31800.056 2.0866612749897687e-08
31850.056 1.646662771807266e-08
31900.056 1.959752139039927e-08
31950.056 1.2647902441710637e-08
32000.056 1.668025340154836e-08
32050.056 1.7795666035840666e-08
32100.056 1.7251904357823054e-08
32150.056 1.8443519022697887e-08
32200.056 1.568489944160109e-08
32250.056 2.0961689827303422e-08
32300.056 1.5185452826887657e-08
32350.056 2.2013263514197073e-08
32400.056 1.506316773879589e-08
32450.056 2.029134409703321e-08
32500.056 1.8853548483793574e-08
32550.056 1.8196146831607792e-08
32600.056 2.163662207486106e-08
32650.056 2.9943228758094586e-08
32700.056 2.5678005538405506e-08
32750.056 3.044950783960453e-08
32800.056 2.8574929815574372e-08
32850.056 3.203375299789596e-08
32900.056 3.5851459925574877e-08
32950.056 3.7186822482397106e-08
33000.056 3.0836294711689755e-08
33050.056 2.9059423563415537e-08
33100.056 1.5429175662596283e-08
33150.056 5.3624815445803415e-09
33200.056 4.775770484958549e-09
33250.056 2.88184870709922e-09
33300.056 3.442431650220802e-09
33350.056 5.768219802100243e-09
33400.056 8.28778699739684e-09
33450.056 1.1746041473239127e-08
33500.056 1.8090552263409657e-08
33550.056 1.6685763767246995e-08
33600.056 2.5400704765496773e-08
33650.056 2.607800181539673e-08
33700.056 2.2515818781655516e-08
33750.056 3.1819583404107e-08
33800.056 2.6258784374324715e-08
33850.056 3.047392908179646e-08
33900.056 2.4748544893599383e-08
33950.056 2.5279911866395326e-08
34000.056 3.207424896241135e-08
34050.056 1.8898879931702927e-08
34100.056 3.1768334587799597e-08
34150.056 2.5547475861408406e-08
34200.056 2.6087726886688575e-08
34250.056 2.6947433587085258e-08
34300.056 2.4105566317908096e-08
34350.056 2.1668951554899765e-08
34400.056 1.968416886565663e-08
34450.056 2.6706866345191177e-08
34500.056 2.4738079243802858e-08
34550.056 2.018851227570163e-08
34600.056 3.185561657269831e-08
34650.056 2.3043524797900594e-08
34700.056 2.747421449999787e-08
34750.056 2.7426933936490813e-08
34800.056 2.4795721087212557e-08
34850.056 2.7779426114008603e-08
34900.056 2.9918477863847974e-08
34950.056 3.1279347789593175e-08
35000.056 4.4063062017661254e-08
35050.056 2.86622821359982e-08
35100.056 3.6083092421803464e-08
35150.056 3.485787704420726e-08
35200.056 3.7352865925796454e-08
35250.056 4.719327531078544e-08
35300.056 3.8233070037108253e-08
35350.056 3.783264802678677e-08
35400.056 4.243557836470172e-08
35450.056 2.9953031803216115e-08
35500.056 5.4896193786798697e-08
35550.056 5.146471416259072e-08
35600.056 4.4612355959421196e-08
35650.056 5.0434318579598145e-08
35700.056 4.6145368440491205e-08
35750.056 5.7341245373991164e-08
35800.056 7.407969931940099e-08
35850.056 4.697578342109401e-08
35900.056 6.201701173900364e-08
35950.056 5.8708380514286576e-08
36000.056 5.910392102801043e-08
36050.056 5.598992542658172e-08
36100.056 5.928047206686477e-08
36150.056 6.258762610308564e-08
36200.056 6.769836545898251e-08
36250.056 6.368232916197925e-08
36300.056 7.53505753346039e-08
36350.056 7.196998296560729e-08
36400.056 7.158822946139063e-08
36450.056 8.502859368530494e-08
36500.056 8.867003251629792e-08
36550.056 9.079797896652597e-08
36600.056 1.0562839769099713e-07
36650.056 1.0247773625217859e-07
36700.056 1.0852168265157997e-07
36750.056 1.1698979718105678e-07
36800.056 1.1662895303499932e-07
36850.056 1.1048882515297532e-07
36900.056 1.1911256705398496e-07
36950.056 1.3355011755298027e-07
37000.056 1.269353858169892e-07
37050.056 1.272595270719899e-07
37100.056 1.3961064055749642e-07
37150.056 1.2135843893539833e-07
37200.056 1.4240646753098702e-07
37250.056 1.4391878076097345e-07
37300.056 1.2835801031184339e-07
37350.056 1.3368501767402732e-07
37400.056 1.8603390401099497e-07
37450.056 1.4918827022039892e-07
37500.056 1.481969283570828e-07
37550.056 1.749159286720975e-07
37600.056 1.9152328112701429e-07
37650.056 1.477282946090011e-07
37700.056 2.0295417005102014e-07
37750.056 1.6015604409500152e-07
37800.056 1.704063339681014e-07
37850.056 1.360831438665084e-07
37900.056 1.5041713630705713e-07
37950.056 1.7404066085226136e-07
38000.056 2.0709356208300077e-07
38050.056 2.0439261027004338e-07
38100.056 1.976301494830376e-07
38150.056 2.2653769685198877e-07
38200.056 2.3659309466105353e-07
38250.056 2.23676893164014e-07
38300.056 2.7551125489896274e-07
38350.056 2.8349051736403303e-07
38400.056 2.027565739209331e-07
38450.056 2.1549829233594985e-07
38500.056 1.6509066879602808e-07
38550.056 2.3321973843005167e-07
38600.056 2.38012332760003e-07
38650.056 2.3572289307296785e-07
38700.056 2.517130622419895e-07
38750.056 2.691663371160073e-07
38800.056 2.3258000929885717e-07
38850.056 2.397418783280279e-07
38900.056 2.99561213668022e-07
38950.056 2.5750079082797564e-07
39000.056 2.8362900854798877e-07
39050.056 2.628288969199907e-07
39100.056 2.797682323800262e-07
39150.056 2.848929842079993e-07
39200.056 2.905947379769799e-07
39250.056 3.225812159489433e-07
39300.056 2.811846129408906e-07
39350.056 3.461857155840192e-07
39400.056 3.1369667882207293e-07
39450.056 3.2232118991098834e-07
39500.056 3.122437596150501e-07
39550.056 3.2375692292716384e-07
39600.056 3.443755161418979e-07
39650.056 3.6867809437198824e-07
39700.056 3.5480359148402944e-07
39750.056 3.094481418640798e-07
39800.056 3.5075235814991066e-07
39850.056 4.0315383094999915e-07
39900.056 3.936497845400208e-07
39950.056 3.7154805841391335e-07
40000.056 4.469278093680819e-07
40050.056 4.021589467360136e-07
40100.056 3.590581966512104e-07
40150.056 4.224738942619601e-07
40200.056 4.3132816684986326e-07
40250.056 4.124314965398827e-07
40300.056 4.1403562592506303e-07
40350.056 4.2961405309398644e-07
40400.056 4.772749905399967e-07
40450.056 4.4053582578007584e-07
40500.056 4.653734568700092e-07
40550.056 4.77880162843926e-07
40600.056 4.5850169549005747e-07
40650.056 4.3575322074489983e-07
40700.056 5.465402173199903e-07
40750.056 4.664137285799117e-07
40800.056 4.025336123908368e-07
40850.056 5.415172156501202e-07
40900.056 5.07793028912033e-07
40950.056 4.778419144720252e-07
41000.056 4.94282860648009e-07
41050.056 5.680187352199503e-07
41100.056 4.895445594999969e-07
41150.056 4.124514806249508e-07
41200.056 5.473983203659643e-07
41250.056 4.881327103439686e-07
41300.056 4.496594575598926e-07
41350.056 5.768333790300672e-07
41400.056 5.304883095040767e-07
41450.056 5.490530612600891e-07
41500.056 4.740735732469991e-07
41550.056 4.772716305990757e-07
41600.056 5.611023316080626e-07
41650.056 5.469349681500433e-07
41700.056 5.025888294698488e-07
41750.056 5.211789567099787e-07
41800.056 5.830812444699658e-07
41850.056 4.274556878980201e-07
41900.056 5.039654514839198e-07
41950.056 4.84299639280098e-07
42000.056 4.817139553799843e-07
42050.056 4.3044371674198007e-07
42100.056 5.691211805800434e-07
42150.056 4.3042348610997e-07
42200.056 4.2442700518699325e-07
42250.056 4.387501275349109e-07
42300.056 4.1853998204999917e-07
42350.056 5.015158206400853e-07
42400.056 4.5729329823011385e-07
42450.056 4.19525449280027e-07
42500.056 4.193049673749972e-07
42550.056 4.1031982551794126e-07
42600.056 4.23360769297091e-07
42650.056 4.796471446528347e-07
42700.056 4.402789607920113e-07
42750.056 4.076527165699898e-07
42800.056 4.3347242872507306e-07
42850.056 4.915716650298458e-07
42900.056 5.049127498221097e-07
42950.056 4.2493008849984387e-07
43000.056 4.717482646160148e-07
43050.056 3.530398962011604e-07
43100.056 4.347625850899456e-07
43150.056 4.1686890939305946e-07
43200.056 4.6876871792002033e-07
43250.056 5.221894947400065e-07
43300.056 5.261095200300142e-07
43350.056 3.953901364719062e-07
43400.056 4.4873850664895976e-07
43450.056 4.14190209746075e-07
43500.056 4.0253486557798173e-07
43550.056 4.174754147380793e-07
43600.056 5.170241105380405e-07
43650.056 4.1583611719900345e-07
43700.056 4.881490402900299e-07
43750.056 4.7186356202909187e-07
43800.056 4.423194185299471e-07
43850.056 4.1235734399008026e-07
43900.056 4.4826186874994123e-07
43950.056 3.511375191939812e-07
44000.056 3.3361986975400437e-07
44050.056 4.5531551413002385e-07
44100.056 5.188401972800354e-07
44150.056 4.938265102659287e-07
44200.056 4.5979812935800103e-07
44250.056 3.893376117770096e-07
44300.056 3.5848607452806784e-07
44350.056 3.794617048300903e-07
44400.056 3.90924707877993e-07
44450.056 4.3064084222196994e-07
44500.056 4.4298459486010976e-07
44550.056 4.87204060589929e-07
44600.056 4.1981929262605453e-07
44650.056 4.5785856334007947e-07
44700.056 3.6181972715000817e-07
44750.056 4.390363873670211e-07
44800.056 4.107178324500356e-07
44850.056 4.440189964800771e-07
44900.056 3.827932900720395e-07
44950.056 4.1084463959402197e-07
45000.056 4.3228773741996657e-07
45050.056 4.294414479589928e-07
45100.056 4.316282019039954e-07
45150.056 4.234774060339647e-07
45200.056 3.6714838642702877e-07
45250.056 3.968967471978956e-07
45300.056 3.7475960304205184e-07
45350.056 3.8165443601796385e-07
45400.056 4.6021931296004077e-07
45450.056 4.1788392286995913e-07
45500.056 4.2716332227499576e-07
45550.056 4.741637992998984e-07
45600.056 4.6171849225003017e-07
45650.056 3.834681401139387e-07
45700.056 3.9126354375004366e-07
45750.056 3.6801359008499147e-07
45800.056 4.5053684402000024e-07
45850.056 4.847666874799959e-07
45900.056 4.976677697800107e-07
45950.056 4.1732570713599536e-07
46000.056 4.797860909550218e-07
46050.056 4.378614204000345e-07
46100.056 4.601288624099822e-07
46150.056 4.1162886159997836e-07
46200.056 4.1197928645005515e-07
46250.056 3.2432532078195346e-07
46300.056 4.5076903513198944e-07
46350.056 4.176876732100188e-07
46400.056 4.1600004958000516e-07
46450.056 4.05242086484053e-07
46500.056 4.0232959119006326e-07
46550.056 3.870997808949901e-07
46600.056 4.2314752586799775e-07
46650.056 5.488277532699583e-07
46700.056 4.541864144600374e-07
46750.056 3.475136538160002e-07
46800.056 3.1359670801903286e-07
46850.056 5.252325846600942e-07
46900.056 4.7672546627994177e-07
46950.056 4.945280035500002e-07
47000.056 4.35076460840028e-07
47050.056 4.556419492058505e-07
47100.056 3.3779791801905484e-07
47150.056 3.9488833929604524e-07
47200.056 4.624463847800365e-07
47250.056 3.769262314399753e-07
47300.056 3.1800188831248584e-07
47350.056 4.524010365499576e-07
47400.056 4.6547203883994416e-07
47450.056 4.3447569957002826e-07
47500.056 4.88356834637932e-07
47550.056 4.3462201335999303e-07
47600.056 4.456294644499628e-07
47650.056 3.7918923267392145e-07
47700.056 4.387522120601039e-07
47750.056 3.137845599740183e-07
47800.056 3.794034119660039e-07
47850.056 2.905885258799955e-07
47900.056 3.64666599845955e-07
47950.056 3.7583771411403533e-07
48000.056 5.150207527100605e-07
48050.056 4.5426216727002036e-07
48100.056 3.470046315140149e-07
48150.056 3.9948215344003717e-07
48200.056 3.9622888718101135e-07
48250.056 3.762642000400083e-07
48300.056 4.824014835898615e-07
48350.056 3.305963918000238e-07
48400.056 2.759476477909642e-07
48450.056 3.693398634360905e-07
48500.056 4.6748946587994857e-07
48550.056 3.630424989460006e-07
48600.056 4.2180000817000434e-07
48650.056 4.061587180299751e-07
48700.056 4.0535996549099726e-07
48750.056 2.860283287641209e-07
48800.056 5.043756888789989e-07
48850.056 3.299054742769306e-07
48900.056 4.7015296466000523e-07
48950.056 3.754290961000421e-07
49000.056 2.6017259202894747e-07
49050.056 4.1916529714997237e-07
49100.056 4.220728869110746e-07
49150.056 3.9205604114302486e-07
49200.056 4.4581162622003895e-07
49250.056 4.429384018900557e-07
49300.056 3.8677087979399167e-07
49350.056 2.9056009037504325e-07
49400.056 3.74621244384971e-07
49450.056 3.724410338721198e-07
49500.056 3.244076482909706e-07
49550.056 2.2000913565102196e-07
49600.056 3.162605507636713e-07
49650.056 3.553790462819847e-07
49700.056 3.3080012560491266e-07
49750.056 4.186673828699073e-07
49800.056 3.422820668640215e-07
49850.056 4.6950038406009956e-07
49900.056 3.7885426131598403e-07
49950.056 3.732544490679767e-07
50000.056 3.5670569976997046e-07
50050.056 4.106238372399961e-07
50100.056 3.6158579193201627e-07
50150.056 2.638253393699762e-07
50200.056 1.6039216768301867e-07
50250.056 3.517859478799601e-07
50300.056 2.9462141289301864e-07
50350.056 4.2722615613503354e-07
50400.056 3.656326251669728e-07
50450.056 3.089839152350435e-07
50500.056 3.9036575378005087e-07
50550.056 3.5269280144002034e-07
50600.056 3.246257560489323e-07
50650.056 3.9364615947008526e-07
50700.056 4.251633877298564e-07
50750.056 3.6573217593206127e-07
50800.056 2.364142142939752e-07
50850.056 2.3910544968407184e-07
50900.056 4.1910013271999705e-07
50950.056 3.3824336635005725e-07
51000.056 3.815105473130315e-07
51050.056 3.3932434739000223e-07
51100.056 2.1986948379597168e-07
51150.056 3.004608974201684e-07
51200.056 4.429557773899723e-07
51250.056 3.248706936499301e-07
51300.056 2.7055118066512854e-07
51350.056 2.9491833113598286e-07
51400.056 1.9514553966699055e-07
51450.056 1.684184027679562e-07
51500.056 1.936601898430614e-07
51550.056 3.722251630700293e-07
51600.056 2.6887022429603914e-07
51650.056 2.7605958511994715e-07
51700.056 2.994687408259445e-07
51750.056 2.2663351734202313e-07
51800.056 3.267093198599149e-07
51850.056 3.0607708453498867e-07
51900.056 4.119932028060844e-07
51950.056 3.2702962537096856e-07
52000.056 1.5318144719197836e-07
52050.056 2.658084348810272e-07
52100.056 2.0520368439797775e-07
52150.056 1.8868148331501195e-07
52200.056 2.003578740099944e-07
52250.056 2.4953129844103146e-07
52300.056 3.5743246874996874e-07
52350.056 2.718756548522138e-07
52400.056 1.9216749178601546e-07
52450.056 3.084369868600194e-07
52500.056 3.109408942569204e-07
52550.056 3.200302377599239e-07
52600.056 2.7047948350804687e-07
52650.056 2.837602489120563e-07
52700.056 2.543236756129994e-07
52750.056 1.8082147342599108e-07
52800.056 2.2372322263402913e-07
52850.056 2.3317854598593152e-07
52900.056 2.2100254746500267e-07
52950.056 2.341627940059954e-07
53000.056 3.082474260089998e-07
53050.056 1.8174810675293437e-07
53100.056 2.3553795598294534e-07
53150.056 3.4493503519003275e-07
53200.056 1.7678439807499166e-07
53250.056 3.151048496800259e-07
53300.056 3.1544173977316837e-07
53350.056 3.0672404828398246e-07
53400.056 2.9806707945002094e-07
53450.056 1.7962575718899395e-07
53500.056 1.1785215899496388e-07
53550.056 1.8143260668897152e-07
