galfind/configs/Brown_Dwarf_templates/sonora_bobcat/m0.0/100g/sp_t525g100nc_m0.0_resample.dat
# %ECSV 1.0
# ---
# datatype:
# - {name: wav, unit: Angstrom, datatype: float64}
# - {name: flux_nu, unit: erg / (cm2 Hz s), datatype: float64}
# meta: {C/O: '1.00', Kzz: '1.0000E+05', Teff: '525.', Y: '0.28', '[Fe/H]': '0.00', f_hole: '1.00', f_rain: '0.00', grav: '100.'}
# schema: astropy-2.0
wav flux_nu
4000.0559999999996 nan
4050.0559999999996 1.4587066891267088e-16
4100.056 2.8989538514400564e-14
4150.056 2.5662745429500303e-13
4200.056 2.4626056749788395e-13
4250.056 1.74080189280001e-12
4300.056 3.4791499421000557e-12
4350.056 5.377406048000034e-12
4400.056 7.878823950100054e-12
4450.056 1.1269881570200072e-11
4500.056 1.3974375810000163e-11
4550.056 1.3398039377397819e-11
4600.056 3.512526969769987e-12
4650.056 2.052947211099986e-12
4700.056 9.541243241399913e-13
4750.056 2.506901306999966e-13
4800.056 6.579534659699927e-14
4850.056 1.9200075734999794e-14
4900.056 7.772989906599947e-15
4950.056 3.945863490999977e-15
5000.056 2.0305582526999837e-15
5050.056 1.3377907214100023e-15
5100.056 1.4037795344000123e-15
5150.056 1.5615327582000102e-15
5200.056 1.7426908664000046e-15
5250.056 1.9283056738000025e-15
5300.056 2.1401233235000026e-15
5350.056 2.388796482500003e-15
5400.056 2.6543823995000033e-15
5450.056 2.9654327440000147e-15
5500.056 3.3137534413000164e-15
5550.056 3.682319113400007e-15
5600.056 4.0308801050000045e-15
5650.056 4.308493756099997e-15
5700.056 4.3961548340000014e-15
5750.056 4.3112049656e-15
5800.056 3.8842995465999895e-15
5850.056 2.7657173449999645e-15
5900.056 8.807992867594544e-16
5950.056 5.448488974100153e-15
6000.056 1.1436252309799941e-14
6050.056 2.03412549030003e-14
6100.056 3.2607792518000306e-14
6150.056 4.8952968382000306e-14
6200.056 7.095442686700037e-14
6250.056 9.914251980700023e-14
6300.056 1.3840395666000028e-13
6350.056 1.8994910437000088e-13
6400.056 2.5700604335000135e-13
6450.056 3.255847082399944e-13
6500.056 4.3716477957999945e-13
6550.056 5.966371965899917e-13
6600.056 8.183261333000254e-13
6650.056 1.1312862332200094e-12
6700.056 1.4770540988200137e-12
6750.056 2.0809546237000115e-12
6800.056 2.599974769100026e-12
6850.056 2.8853134638000043e-12
6900.056 2.6164280419000553e-12
6950.056 2.2475894133299786e-12
7000.056 2.417993801670002e-12
7050.056 2.586215030419962e-12
7100.056 2.8689580451099574e-12
7150.056 2.6054112554339258e-12
7200.056 2.4400494754001474e-12
7250.056 2.6514506013959036e-12
7300.056 2.69546723358177e-12
7350.056 2.983877437952913e-12
7400.056 3.263178847310154e-12
7450.056 3.6162031343001823e-12
7500.056 3.8365932706999866e-12
7550.056 3.857046910699991e-12
7600.056 3.635207502499986e-12
7650.056 1.3424771315059489e-12
7700.056 1.0257633238200391e-12
7750.056 3.989919535400053e-12
7800.056 5.759390255839993e-12
7850.056 8.407935855599989e-12
7900.056 1.086766872489979e-11
7950.056 1.2229870537060028e-11
8000.056 1.6649733050400156e-11
8050.056 2.019645572590039e-11
8100.056 2.0134391654479425e-11
8150.056 2.1484353646759285e-11
8200.056 3.147771165559262e-11
8250.056 3.6407922609053986e-11
8300.056 4.524852905376774e-11
8350.056 5.2289929784674533e-11
8400.056 6.42900645386602e-11
8450.056 8.501591002059866e-11
8500.056 9.911576483499538e-11
8550.056 1.3134904383900233e-10
8600.056 1.6694205618000176e-10
8650.056 2.0183753930000275e-10
8700.056 2.3267614267000273e-10
8750.056 2.7564175393000176e-10
8800.056 3.1151462144000357e-10
8850.056 3.0681883650999185e-10
8900.056 1.4612854621918696e-10
8950.056 1.5331373173314985e-10
9000.056 1.4896984346306436e-10
9050.056 3.616750477721207e-10
9100.056 4.4512390560690927e-10
9150.056 5.147619752589377e-10
9200.056 7.414291982002728e-10
9250.056 7.181448509450982e-10
9300.056 1.569076838077898e-10
9350.056 2.031427939064647e-10
9400.056 4.229755725195709e-10
9450.056 4.905316440476706e-10
9500.056 4.303577708832991e-10
9550.056 4.954649343283694e-10
9600.056 4.945652659303088e-10
9650.056 6.836727330685135e-10
9700.056 1.1375605270901025e-09
9750.056 1.1415881167678808e-09
9800.056 1.3182972806737756e-09
9850.056 1.5246460566240463e-09
9900.056 1.982495679777922e-09
9950.056 2.0466460952031467e-09
10000.056 2.142394303408829e-09
10050.056 2.844307879100085e-09
10100.056 3.4987895845998917e-09
10150.056 3.752339467299961e-09
10200.056 3.896897938140325e-09
10250.056 4.675483574566475e-09
10300.056 5.946468651154534e-09
10350.056 6.1096700887900794e-09
10400.056 8.455208957900357e-09
10450.056 1.0257392639148046e-08
10500.056 1.2026528087299748e-08
10550.056 1.4105470299600275e-08
10600.056 1.5240837142499656e-08
10650.056 1.6173687678300506e-08
10700.056 1.5907560965700322e-08
10750.056 1.6460392555100278e-08
10800.056 1.6044608783160254e-08
10850.056 1.4553433107010234e-08
10900.056 1.0609330829559654e-08
10950.056 5.249104119435106e-09
11000.056 3.366162192585918e-09
11050.056 1.9548024332443858e-09
11100.056 1.1028420355975341e-09
11150.056 4.677843474953421e-10
11200.056 3.363584828321525e-10
11250.056 4.110189031066664e-10
11300.056 5.932899993837936e-10
11350.056 1.8803706930555332e-10
11400.056 6.212145638161589e-10
11450.056 4.297257342899184e-10
11500.056 3.1796396441551205e-10
11550.056 7.845757907168246e-11
11600.056 6.42452726831296e-11
11650.056 2.095799691852102e-10
11700.056 2.456913976835883e-10
11750.056 5.216566978015517e-11
11800.056 3.146222857995756e-10
11850.056 5.35701993383884e-10
11900.056 6.314560195052362e-10
11950.056 1.0369496364189154e-09
12000.056 1.716893267857192e-09
12050.056 2.7793953865737928e-09
12100.056 4.193654565554051e-09
12150.056 6.243629037427753e-09
12200.056 7.853435450898771e-09
12250.056 1.1346237767125057e-08
12300.056 1.627320993811212e-08
12350.056 1.766290215672972e-08
12400.056 2.472961296929859e-08
12450.056 3.175087231470209e-08
12500.056 3.535341255800382e-08
12550.056 4.056271108119959e-08
12600.056 4.5486653466802876e-08
12650.056 4.601693648829841e-08
12700.056 4.5441456260603414e-08
12750.056 3.704996037316403e-08
12800.056 3.072629982519992e-08
12850.056 2.0414800057282383e-08
12900.056 1.5572809843096545e-08
12950.056 1.3061178495391635e-08
13000.056 1.2792168582099107e-08
13050.056 8.578458701056948e-09
13100.056 7.784805966732691e-09
13150.056 5.1423850766342894e-09
13200.056 4.64139829196591e-09
13250.056 3.3712834771911736e-09
13300.056 1.289662820955439e-09
13350.056 3.78263799926867e-10
13400.056 1.9919195040334225e-10
13450.056 7.03329776055592e-11
13500.056 3.032772201345609e-11
13550.056 1.3299426467638061e-11
13600.056 3.3763308072599777e-12
13650.056 2.1925692347522457e-11
13700.056 1.2372513121282354e-11
13750.056 2.245135556082313e-11
13800.056 2.1443892848599566e-11
13850.056 1.243815467244843e-11
13900.056 1.7391017400911437e-11
13950.056 1.4207554455470975e-11
14000.056 1.618619070110026e-11
14050.056 2.663860942433794e-11
14100.056 2.656170732695106e-11
14150.056 4.985674765500433e-11
14200.056 3.186119071614207e-11
14250.056 4.3681460197040814e-11
14300.056 1.054911223087001e-10
14350.056 1.0527509088784732e-10
14400.056 1.1419334289593182e-10
14450.056 1.756163454311382e-10
14500.056 3.7028455209609427e-10
14550.056 4.0522599051723855e-10
14600.056 5.314944208575633e-10
14650.056 3.5841852776724416e-10
14700.056 1.8293905436977956e-10
14750.056 1.212548962230778e-10
14800.056 2.1951642739773286e-10
14850.056 2.7310780758154916e-10
14900.056 2.838365669525649e-10
14950.056 2.446214104329626e-10
15000.056 5.448401981862081e-10
15050.056 4.658661535647359e-10
15100.056 3.4929974270741385e-10
15150.056 2.7588348766291147e-10
15200.056 5.136895942903061e-10
15250.056 1.075291921205793e-09
15300.056 1.3509239940754375e-09
15350.056 1.7522286154137359e-09
15400.056 2.346136187787121e-09
15450.056 3.074060994236204e-09
15500.056 3.5809863615639384e-09
15550.056 5.470621782531949e-09
15600.056 7.230652397428057e-09
15650.056 1.0008909120555036e-08
15700.056 1.3695669223870716e-08
15750.056 1.6389902697169256e-08
15800.056 1.8128190081500464e-08
15850.056 2.0541636507502397e-08
15900.056 1.8935526760700318e-08
15950.056 1.7661654794097986e-08
16000.056 1.3124214666001593e-08
16050.056 7.476510795499265e-09
16100.056 4.626537579979384e-09
16150.056 2.496543525879577e-09
16200.056 1.3298275034819516e-09
16250.056 9.084630829323069e-10
16300.056 5.810459986151685e-10
16350.056 7.204766408599603e-10
16400.056 9.049866179479252e-10
16450.056 8.244562835146822e-10
16500.056 7.551101745673639e-10
16550.056 7.675476280389739e-10
16600.056 1.0672725964597495e-09
16650.056 7.840212349800963e-10
16700.056 1.264730988983211e-10
16750.056 3.920241982668358e-10
16800.056 6.73186750010574e-10
16850.056 7.688376925735876e-10
16900.056 4.1288498529425374e-10
16950.056 2.5566851133668937e-10
17000.056 1.453294214396359e-10
17050.056 2.9849320254664323e-10
17100.056 5.076851616603224e-10
17150.056 2.822278016896559e-10
17200.056 8.677889664388789e-10
17250.056 5.322830917756136e-10
17300.056 3.3802810526764076e-10
17350.056 3.586306964291009e-10
17400.056 5.80657744408786e-10
17450.056 7.673799502688249e-10
17500.056 1.0003908799541054e-09
17550.056 9.022330083035083e-10
17600.056 6.885256654575249e-10
17650.056 6.324083978570149e-10
17700.056 4.778386510937642e-10
17750.056 4.6416198273459113e-10
17800.056 9.89468817833162e-10
17850.056 5.001309485541358e-10
17900.056 3.7402565404468744e-10
17950.056 2.9493147303025703e-10
18000.056 4.5301026819763903e-10
18050.056 3.589609333219248e-10
18100.056 4.4613823498760156e-10
18150.056 4.249558100677612e-10
18200.056 2.8038019903533e-10
18250.056 8.722369376861024e-10
18300.056 2.537085436621557e-10
18350.056 1.9697837653405582e-10
18400.056 1.5598902871174387e-10
18450.056 5.05823699358336e-10
18500.056 4.993730430997058e-10
18550.056 3.107949326239482e-10
18600.056 3.619158881511868e-10
18650.056 2.6620149683519827e-10
18700.056 1.035270651663319e-10
18750.056 2.293216643706236e-10
18800.056 7.794887336781075e-10
18850.056 7.967327233252476e-10
18900.056 6.849960178839114e-10
18950.056 1.111936892425157e-09
19000.056 3.9847063082590255e-10
19050.056 2.0464398090924748e-10
19100.056 4.3874368294553136e-10
19150.056 2.075614007429556e-10
19200.056 2.904763404047197e-10
19250.056 2.05638341847618e-10
19300.056 1.47416900579783e-10
19350.056 1.2494618333647827e-10
19400.056 1.1117965937455113e-10
19450.056 1.9645629749949652e-10
19500.056 1.3592888541485296e-10
19550.056 1.801674214889765e-10
19600.056 3.8376269384334543e-10
19650.056 2.842772632859558e-10
19700.056 3.2947393631198047e-10
19750.056 5.550229480297838e-10
19800.056 4.043950171810192e-10
19850.056 5.322136679068461e-10
19900.056 6.320493570236517e-10
19950.056 9.067273779838308e-10
20000.056 1.1642529077975263e-09
20050.056 9.43250322724849e-10
20100.056 1.5963443699208187e-09
20150.056 8.843249330512355e-10
20200.056 7.098076152731397e-10
20250.056 1.3471424594072148e-09
20300.056 1.575821613642376e-09
20350.056 1.6663276325103417e-09
20400.056 1.4798355368383241e-09
20450.056 2.4626478073506335e-09
20500.056 2.9116877706328e-09
20550.056 3.2448487038701635e-09
20600.056 3.449152957753186e-09
20650.056 4.282424842805796e-09
20700.056 4.753875879327336e-09
20750.056 5.351885714029185e-09
20800.056 5.307687468020878e-09
20850.056 5.959990623740367e-09
20900.056 6.411661032058547e-09
20950.056 6.145392645400496e-09
21000.056 6.0192034885909405e-09
21050.056 6.3003726514990645e-09
21100.056 5.918609569280504e-09
21150.056 5.943108990739062e-09
21200.056 5.490379515930838e-09
21250.056 5.061357572519605e-09
21300.056 4.2337899910080266e-09
21350.056 4.201218541708055e-09
21400.056 3.9864718208559545e-09
21450.056 3.2560202794814253e-09
21500.056 2.863412249341481e-09
21550.056 2.5343926639035545e-09
21600.056 2.1299178424913695e-09
21650.056 1.5779989583165638e-09
21700.056 1.4499784116970908e-09
21750.056 1.3337245575728514e-09
21800.056 9.551448657376517e-10
21850.056 9.030668582423192e-10
21900.056 6.225622205236339e-10
21950.056 2.508643952909027e-10
22000.056 5.51813443504348e-11
22050.056 6.053593112258398e-11
22100.056 2.2070360459769523e-10
22150.056 2.0663513288416276e-10
22200.056 2.2556848544357085e-10
22250.056 1.7730985779315919e-10
22300.056 9.861781678270714e-11
22350.056 1.2352066955673698e-10
22400.056 5.1331143032753676e-11
22450.056 6.900809625702916e-11
22500.056 5.471675290004925e-11
22550.056 3.563292345848666e-11
22600.056 2.9034582972787724e-11
22650.056 5.3445364031388576e-11
22700.056 4.177516269873374e-11
22750.056 4.741257903165899e-11
22800.056 4.988092118744871e-11
22850.056 3.723344671178995e-11
22900.056 2.7474428305166532e-11
22950.056 2.5268364065151307e-11
23000.056 3.4380217146820834e-11
23050.056 4.5125084065708555e-11
23100.056 1.8860059299574315e-10
23150.056 1.8028913996707878e-10
23200.056 1.0730667462189084e-11
23250.056 3.3840178042255186e-11
23300.056 3.2332976030408295e-11
23350.056 4.573819248505264e-11
23400.056 3.9387315010628664e-11
23450.056 2.6951050999942786e-11
23500.056 2.972463884108242e-11
23550.056 5.32618479381501e-11
23600.056 8.91267574016455e-11
23650.056 1.3300349448628032e-10
23700.056 3.320952633176518e-11
23750.056 2.7856081443523776e-11
23800.056 9.567418524725509e-11
23850.056 7.413135946932176e-11
23900.056 1.5665020014233714e-10
23950.056 1.0453162377541459e-10
24000.056 1.9041094831407941e-10
24050.056 2.3558477355751726e-10
24100.056 2.4845394786019436e-10
24150.056 3.550097337630422e-10
24200.056 2.509690334136399e-10
24250.056 2.066072476725728e-10
24300.056 3.4713740923160245e-10
24350.056 2.89020105918254e-10
24400.056 5.742523120878528e-10
24450.056 6.27812316588145e-10
24500.056 5.801253215921339e-10
24550.056 8.446609760836039e-10
24600.056 8.752791127551383e-10
24650.056 1.3232782894291571e-09
24700.056 7.819584595147255e-10
24750.056 1.0187094395681345e-09
24800.056 9.319386849901983e-10
24850.056 1.5403493453487747e-09
24900.056 7.087271705337804e-10
24950.056 1.4827003139935575e-09
25000.056 1.389120836297817e-09
25050.056 8.935508113220014e-10
25100.056 1.406367010825475e-09
25150.056 6.958485035752831e-10
25200.056 1.0378337116716697e-09
25250.056 4.513557090279357e-10
25300.056 6.992211901175186e-10
25350.056 3.2061501165761657e-10
25400.056 8.066427889091493e-10
25450.056 2.682727680002831e-10
25500.056 2.3692506973663183e-10
25550.056 4.308483528381294e-10
25600.056 2.446825953425e-10
25650.056 1.3454727163637098e-10
25700.056 2.04148754623623e-10
25750.056 5.5875747043424274e-11
25800.056 2.8848781804018565e-10
25850.056 5.953028233236336e-11
25900.056 8.631943593789266e-11
25950.056 2.4055129219577144e-11
26000.056 2.707456515259824e-10
26050.056 4.0295384129010245e-11
26100.056 1.8471306075128657e-10
26150.056 8.98039572075468e-11
26200.056 1.1437525031265285e-10
26250.056 6.232705414203704e-10
26300.056 1.6194020738773642e-10
26350.056 8.875414306445157e-10
26400.056 1.1317692188180265e-09
26450.056 9.09178264755343e-10
26500.056 1.6474376312392684e-09
26550.056 2.613157218475867e-10
26600.056 3.579724342281645e-10
26650.056 5.82676697336813e-11
26700.056 3.60252730159277e-11
26750.056 4.23799214122824e-11
26800.056 1.238113299318925e-10
26850.056 6.651310459342488e-11
26900.056 3.2214842545942737e-10
26950.056 1.0913719168297647e-10
27000.056 5.920362873583075e-10
27050.056 5.937035290311043e-10
27100.056 1.0496199977984093e-10
27150.056 7.976097759035116e-10
27200.056 1.040868643387617e-10
27250.056 3.046914828080013e-10
27300.056 1.7478025217510654e-09
27350.056 6.882359040056934e-10
27400.056 4.139131491629791e-11
27450.056 8.564726848396828e-10
27500.056 9.769590062300045e-10
27550.056 1.7203785849936048e-10
27600.056 4.844134385264069e-10
27650.056 1.3314231865313982e-10
27700.056 1.0908134511962251e-10
27750.056 6.747437730465234e-10
27800.056 1.8711321615108995e-10
27850.056 3.0934111672734833e-10
27900.056 3.0360597336594064e-10
27950.056 7.998995074543549e-10
28000.056 6.856555751329921e-10
28050.056 9.196204258816114e-11
28100.056 6.568481032661103e-10
28150.056 4.897213242234162e-10
28200.056 1.442457193856968e-10
28250.056 8.952719055406127e-10
28300.056 8.60551649274038e-10
28350.056 1.9336705360469185e-10
28400.056 6.234934299696008e-10
28450.056 1.0352967114637064e-09
28500.056 6.731336665266055e-10
28550.056 1.532859153334147e-10
28600.056 1.1194261475955927e-09
28650.056 7.689935772656123e-10
28700.056 1.0166349825875666e-09
28750.056 1.5014626266825126e-09
28800.056 7.340400767870832e-10
