galfind/configs/Brown_Dwarf_templates/sonora_bobcat/m0.0/100g/sp_t1700g100nc_m0.0_resample.dat
# %ECSV 1.0
# ---
# datatype:
# - {name: wav, unit: Angstrom, datatype: float64}
# - {name: flux_nu, unit: erg / (cm2 Hz s), datatype: float64}
# meta: {C/O: '1.00', Kzz: '1.0000E+05', Teff: '1700.', Y: '0.28', '[Fe/H]': '0.00', f_hole: '1.00', f_rain: '0.00', grav: '100.'}
# schema: astropy-2.0
wav flux_nu
4000.0559999999996 nan
4050.0559999999996 6.716729797991442e-10
4100.056 1.1898240604829136e-09
4150.056 9.758908415581436e-10
4200.056 7.173428485400925e-10
4250.056 7.007367204102953e-10
4300.056 5.287254176181408e-10
4350.056 5.83394600568018e-10
4400.056 6.604696942401617e-10
4450.056 4.948992440530199e-10
4500.056 5.307731654800319e-10
4550.056 6.736319755658532e-10
4600.056 6.386144504040114e-10
4650.056 5.836639117099186e-10
4700.056 7.154059048701164e-10
4750.056 8.090212614399007e-10
4800.056 5.671413327020581e-10
4850.056 6.694389884300394e-10
4900.056 9.399082235999798e-10
4950.056 9.661813684000288e-10
5000.056 5.043782816499351e-10
5050.056 4.2157964746803825e-10
5100.056 4.728785556480692e-10
5150.056 4.2353121939311386e-10
5200.056 3.7907856021498987e-10
5250.056 4.023625146000329e-10
5300.056 4.0316768972000387e-10
5350.056 3.863566991900254e-10
5400.056 3.5462147181000094e-10
5450.056 2.680211878689937e-10
5500.056 1.870499019309942e-10
5550.056 1.5852096255499242e-10
5600.056 1.1902934148500133e-10
5650.056 8.035109850299907e-11
5700.056 4.853325969599961e-11
5750.056 2.497443466099963e-11
5800.056 1.0974416369699846e-11
5850.056 3.491738150219923e-12
5900.056 4.616765046849229e-13
5950.056 8.642390460800207e-12
6000.056 3.914753477200073e-11
6050.056 1.3011952710200197e-10
6100.056 3.14730772700011e-10
6150.056 6.392030801999991e-10
6200.056 1.0659840919000067e-09
6250.056 1.6998276520000392e-09
6300.056 2.6886633961000406e-09
6350.056 3.883898514000077e-09
6400.056 5.332240689999989e-09
6450.056 7.22790438119954e-09
6500.056 8.462109879799269e-09
6550.056 1.0609430516999175e-08
6600.056 1.206523970190032e-08
6650.056 1.2498999573000896e-08
6700.056 8.2599556195646e-09
6750.056 1.4260363044700655e-08
6800.056 1.7077940930800658e-08
6850.056 2.0068127346999953e-08
6900.056 2.1200040193000246e-08
6950.056 2.2655651353798776e-08
7000.056 2.5912889321998473e-08
7050.056 2.5697946837000754e-08
7100.056 2.0935602620999345e-08
7150.056 2.034612190800047e-08
7200.056 2.5425468910999768e-08
7250.056 3.1686983520001867e-08
7300.056 3.864243504700333e-08
7350.056 3.912305865900138e-08
7400.056 3.282680612400089e-08
7450.056 2.7161308058996844e-08
7500.056 2.4512580783999337e-08
7550.056 2.15733061050002e-08
7600.056 1.3578750339099594e-08
7650.056 1.5401633387292723e-09
7700.056 4.4279903673846627e-10
7750.056 8.13621710930023e-09
7800.056 1.9734132107217122e-08
7850.056 3.690028971400064e-08
7900.056 4.4124034077004714e-08
7950.056 4.2881934967489653e-08
8000.056 5.898770842799747e-08
8050.056 8.546026098499246e-08
8100.056 1.2323290687200798e-07
8150.056 1.734009790310081e-07
8200.056 1.579308990163922e-07
8250.056 1.9799069888800087e-07
8300.056 1.9533914703103074e-07
8350.056 2.1751877621002112e-07
8400.056 2.323051019700031e-07
8450.056 1.850847187679824e-07
8500.056 1.75625340955072e-07
8550.056 2.0703946475001456e-07
8600.056 2.2256835834095274e-07
8650.056 2.2926784870595169e-07
8700.056 2.2596148488903165e-07
8750.056 2.6518588480101784e-07
8800.056 3.536095495830468e-07
8850.056 3.728803299799899e-07
8900.056 3.1283293152600547e-07
8950.056 3.2465581923524797e-07
9000.056 4.160989384800385e-07
9050.056 4.3012593660997545e-07
9100.056 5.332285826800035e-07
9150.056 6.126876768000144e-07
9200.056 6.133363703800282e-07
9250.056 4.5894931642595987e-07
9300.056 3.6317023500811716e-07
9350.056 4.0817645676725907e-07
9400.056 4.647184549419999e-07
9450.056 5.251819498978381e-07
9500.056 5.949477722743318e-07
9550.056 6.659741429284383e-07
9600.056 6.746757002197473e-07
9650.056 7.64911433257886e-07
9700.056 8.442449118659086e-07
9750.056 6.920241042846707e-07
9800.056 7.643476358988755e-07
9850.056 7.781399815229311e-07
9900.056 6.56332956369966e-07
9950.056 5.558734111799917e-07
10000.056 5.440022987399452e-07
10050.056 5.881976692599816e-07
10100.056 7.336386616101069e-07
10150.056 7.380137241398802e-07
10200.056 8.121548209599679e-07
10250.056 8.172724076698249e-07
10300.056 7.983088746999328e-07
10350.056 9.255390215299406e-07
10400.056 1.0420411723499517e-06
10450.056 1.1010091361301807e-06
10500.056 1.0463581723599335e-06
10550.056 1.0707743891102095e-06
10600.056 1.1734251931401845e-06
10650.056 1.2428561531000535e-06
10700.056 1.3282498660100952e-06
10750.056 1.5002271940301313e-06
10800.056 1.6519424021099157e-06
10850.056 1.8305635168197973e-06
10900.056 1.7747890454199042e-06
10950.056 1.6089217130057662e-06
11000.056 1.537644481996986e-06
11050.056 1.1602370356563647e-06
11100.056 1.2233628295895906e-06
11150.056 1.2669742459405674e-06
11200.056 1.2935881401913508e-06
11250.056 1.5179314125061345e-06
11300.056 1.496015551063434e-06
11350.056 1.2913831440948453e-06
11400.056 1.1220337240866862e-06
11450.056 1.463931874331405e-06
11500.056 1.7207835915950984e-06
11550.056 1.6112752264376709e-06
11600.056 1.7175513438824591e-06
11650.056 1.7427114441583251e-06
11700.056 1.3350167065179197e-06
11750.056 1.3611650348748076e-06
11800.056 1.3933756541670335e-06
11850.056 1.8289366683971818e-06
11900.056 1.9297884121355694e-06
11950.056 1.9365817926988905e-06
12000.056 1.7477753289000251e-06
12050.056 2.0748963905201715e-06
12100.056 2.0553506810098272e-06
12150.056 2.355483568429802e-06
12200.056 2.3848944856794873e-06
12250.056 2.6175847598096123e-06
12300.056 2.75073388613038e-06
12350.056 2.764655560350171e-06
12400.056 2.4469765279198334e-06
12450.056 2.084681245020056e-06
12500.056 2.2698766045896784e-06
12550.056 2.308815125800094e-06
12600.056 2.650319365300036e-06
12650.056 2.762733843199763e-06
12700.056 3.0178413091001476e-06
12750.056 2.9737019007200514e-06
12800.056 3.2041858788598862e-06
12850.056 3.0608193053700903e-06
12900.056 2.8930027467896766e-06
12950.056 3.0154201160997242e-06
13000.056 3.113042997609372e-06
13050.056 3.204625280806713e-06
13100.056 3.1999347140117026e-06
13150.056 3.162177584213727e-06
13200.056 3.009570606909886e-06
13250.056 2.721466362348122e-06
13300.056 2.2059636351689776e-06
13350.056 1.2119510899646754e-06
13400.056 1.042818659617653e-06
13450.056 8.549716327438189e-07
13500.056 8.070117314890926e-07
13550.056 7.278242105818295e-07
13600.056 6.507203433996333e-07
13650.056 7.923884639290873e-07
13700.056 6.814993111959806e-07
13750.056 6.887239570388646e-07
13800.056 8.279028846865892e-07
13850.056 7.972679790608365e-07
13900.056 7.954432511621227e-07
13950.056 7.466649718292534e-07
14000.056 6.920076044751022e-07
14050.056 7.044825562532546e-07
14100.056 6.048630579335258e-07
14150.056 6.438763267160522e-07
14200.056 5.784960031528448e-07
14250.056 5.683451226614839e-07
14300.056 6.095120540267876e-07
14350.056 6.032183667962505e-07
14400.056 6.596014173887986e-07
14450.056 6.856112432845872e-07
14500.056 8.150804030408838e-07
14550.056 8.42515395223764e-07
14600.056 9.045455682603847e-07
14650.056 8.975380939945881e-07
14700.056 8.156697420759835e-07
14750.056 8.892253726412982e-07
14800.056 9.566717808963699e-07
14850.056 1.0436102358096968e-06
14900.056 1.0442292938160118e-06
14950.056 1.0607217327651879e-06
15000.056 1.1080727646173025e-06
15050.056 1.244127224498627e-06
15100.056 1.2667394566241706e-06
15150.056 1.3589808643761289e-06
15200.056 1.3980103750738685e-06
15250.056 1.4369323034018813e-06
15300.056 1.543523504293868e-06
15350.056 1.6130393824619927e-06
15400.056 1.7082385857800611e-06
15450.056 1.814146068900157e-06
15500.056 1.8673875498596956e-06
15550.056 2.0059711669498765e-06
15600.056 1.979825983320219e-06
15650.056 2.1113166669501305e-06
15700.056 2.310238868990823e-06
15750.056 2.433687883959809e-06
15800.056 2.430378017830589e-06
15850.056 2.3513694126500466e-06
15900.056 2.4292970167102714e-06
15950.056 2.4997945001998076e-06
16000.056 2.5568156022098506e-06
16050.056 2.6459104298001526e-06
16100.056 2.760320817300183e-06
16150.056 2.6802504745002425e-06
16200.056 2.801150932839773e-06
16250.056 2.790364511349961e-06
16300.056 2.812053107550007e-06
16350.056 2.9850629376698905e-06
16400.056 2.95415583522028e-06
16450.056 3.031954193140167e-06
16500.056 3.162110031490378e-06
16550.056 3.3006814709800183e-06
16600.056 3.1174316868004855e-06
16650.056 3.3810424005200375e-06
16700.056 3.2259257196296086e-06
16750.056 3.289104141409708e-06
16800.056 3.4419011330998946e-06
16850.056 3.4419147906199037e-06
16900.056 3.330309419690082e-06
16950.056 3.3105383642197696e-06
17000.056 3.3055929089303203e-06
17050.056 3.263342521740042e-06
17100.056 3.065338348720697e-06
17150.056 2.985918787109965e-06
17200.056 2.7107471526097643e-06
17250.056 2.5145372715698584e-06
17300.056 2.534284898369597e-06
17350.056 2.399165646790244e-06
17400.056 2.441100505196029e-06
17450.056 2.2230829249528386e-06
17500.056 2.126584561838298e-06
17550.056 2.0937525324172365e-06
17600.056 1.9837330999999097e-06
17650.056 2.0016130444937642e-06
17700.056 1.6671320017917876e-06
17750.056 1.573163350400046e-06
17800.056 1.615109041755398e-06
17850.056 1.3995151634121994e-06
17900.056 1.4488714595719536e-06
17950.056 1.3844656816997443e-06
18000.056 1.2547163013610753e-06
18050.056 1.2400648986593852e-06
18100.056 1.1840249524819244e-06
18150.056 1.3801798554914892e-06
18200.056 1.0537569211333235e-06
18250.056 1.3547670831987252e-06
18300.056 1.2620291910389852e-06
18350.056 1.1465326253962344e-06
18400.056 1.1331896027421101e-06
18450.056 1.020505707913891e-06
18500.056 1.081503549190319e-06
18550.056 9.855300813462299e-07
18600.056 8.183453161264718e-07
18650.056 9.438678339872877e-07
18700.056 1.035744247628231e-06
18750.056 1.0018780459861922e-06
18800.056 1.0765392527333565e-06
18850.056 1.256968794441887e-06
18900.056 1.2127716188853078e-06
18950.056 1.2704541168089763e-06
19000.056 1.3295357515998062e-06
19050.056 1.2575659012469858e-06
19100.056 1.3573700945053098e-06
19150.056 1.3801322013400881e-06
19200.056 1.372021680143585e-06
19250.056 1.286962524648745e-06
19300.056 1.363767439183386e-06
19350.056 1.293454318287076e-06
19400.056 1.0923267900716485e-06
19450.056 1.3406460601021114e-06
19500.056 1.3294146655067735e-06
19550.056 1.0830091723544675e-06
19600.056 1.2927280662039317e-06
19650.056 1.291774885507983e-06
19700.056 1.302681658650132e-06
19750.056 1.2103070730172433e-06
19800.056 1.285286625433777e-06
19850.056 1.3399056286886638e-06
19900.056 1.153552664701233e-06
19950.056 1.418087997293018e-06
20000.056 1.2434982207731606e-06
20050.056 1.3573788730706328e-06
20100.056 1.4235155876981594e-06
20150.056 1.4258575165740654e-06
20200.056 1.483450777861585e-06
20250.056 1.5750077656489065e-06
20300.056 1.5832426702250894e-06
20350.056 1.6586216903297457e-06
20400.056 1.648195012061213e-06
20450.056 1.7841068946397456e-06
20500.056 1.7955919885501102e-06
20550.056 1.8312418257900847e-06
20600.056 1.9907251982903904e-06
20650.056 1.9531583914505103e-06
20700.056 2.0496854833902823e-06
20750.056 2.1110690281296696e-06
20800.056 2.209052863030117e-06
20850.056 2.1901661120898703e-06
20900.056 2.320915240489677e-06
20950.056 2.3576925744999204e-06
21000.056 2.486574408399907e-06
21050.056 2.5007240188600355e-06
21100.056 2.5333304295099627e-06
21150.056 2.6863888540300568e-06
21200.056 2.653071861030182e-06
21250.056 2.8088519765597844e-06
21300.056 2.708739765969944e-06
21350.056 2.9255430590800453e-06
21400.056 2.798143806820351e-06
21450.056 3.0824642617499786e-06
21500.056 2.9142909416002358e-06
21550.056 2.9835291360198436e-06
21600.056 3.0656185533003716e-06
21650.056 3.015729676900235e-06
21700.056 3.185799992919923e-06
21750.056 3.067476975259941e-06
21800.056 3.061142248759704e-06
21850.056 3.0561477107998286e-06
21900.056 3.1453531996003034e-06
21950.056 3.026919821550192e-06
22000.056 3.065369599500048e-06
22050.056 2.907732846999507e-06
22100.056 3.040458381670027e-06
22150.056 3.057555877430207e-06
22200.056 2.935422969560619e-06
22250.056 3.095097759100352e-06
22300.056 3.0523931700698177e-06
22350.056 2.928776441520245e-06
22400.056 3.0543838035001668e-06
22450.056 2.964153221189684e-06
22500.056 3.0254250275499155e-06
22550.056 2.9333109534894065e-06
22600.056 2.9694330585600452e-06
22650.056 2.883233057590694e-06
22700.056 2.8572722966006734e-06
22750.056 2.9817541064799214e-06
22800.056 2.8115663347300378e-06
22850.056 2.8460840892203666e-06
22900.056 2.911712235439866e-06
22950.056 1.9682943172602393e-06
23000.056 2.203023917300177e-06
23050.056 2.347465245099683e-06
23100.056 2.2390102168257617e-06
23150.056 2.3476289652724254e-06
23200.056 2.2380325898911303e-06
23250.056 1.8471839085716332e-06
23300.056 1.96157465735316e-06
23350.056 2.047216425863046e-06
23400.056 1.962076214539116e-06
23450.056 2.0516012756060208e-06
23500.056 2.0465960815046856e-06
23550.056 1.8387809364704643e-06
23600.056 1.8414758914913286e-06
23650.056 1.9959764573528126e-06
23700.056 1.8986226943136216e-06
23750.056 1.9026075173624048e-06
23800.056 1.8663990875821293e-06
23850.056 1.6140502060841736e-06
23900.056 1.8446195138898503e-06
23950.056 1.918360052180577e-06
24000.056 1.7991647819325033e-06
24050.056 1.816870358995107e-06
24100.056 1.6190639579656446e-06
24150.056 1.613153037580496e-06
24200.056 1.6260055295403314e-06
24250.056 1.5647831633002082e-06
24300.056 1.532122721180043e-06
24350.056 1.384596728099183e-06
24400.056 1.5679227491098535e-06
24450.056 1.3562860913477793e-06
24500.056 1.2723058592168358e-06
24550.056 1.2443306197561187e-06
24600.056 1.3035750611622163e-06
24650.056 1.4143787328009811e-06
24700.056 1.1357060476249142e-06
24750.056 1.086872710423408e-06
24800.056 1.0516260602532621e-06
24850.056 1.2688266907929184e-06
24900.056 9.06737547130596e-07
24950.056 1.191949803714813e-06
25000.056 1.054536938109064e-06
25050.056 8.02709883113218e-07
25100.056 9.961621449280211e-07
25150.056 8.339862049829689e-07
25200.056 8.993150442308481e-07
25250.056 8.241817468548309e-07
25300.056 9.378795072730483e-07
25350.056 7.399762626290039e-07
25400.056 8.721723639723044e-07
25450.056 7.377848151979803e-07
25500.056 7.985161410872621e-07
25550.056 7.511215638421009e-07
25600.056 7.782958539310345e-07
25650.056 6.767617932179626e-07
25700.056 9.219104849896446e-07
25750.056 6.215992763731313e-07
25800.056 8.80932409375189e-07
25850.056 7.274969842488359e-07
25900.056 8.553015472441024e-07
25950.056 6.993553408359493e-07
26000.056 8.841000615503538e-07
26050.056 8.919316889940566e-07
26100.056 9.285785962619481e-07
26150.056 9.056256751927664e-07
26200.056 8.667855363129952e-07
26250.056 9.165781863031586e-07
26300.056 8.968796831080907e-07
26350.056 9.537053820769302e-07
26400.056 9.828691932206973e-07
26450.056 9.708044581151393e-07
26500.056 1.021612570173581e-06
26550.056 9.406327552977125e-07
26600.056 1.1573772583037261e-06
26650.056 8.373228657638599e-07
26700.056 8.576983845390627e-07
26750.056 7.123078412616863e-07
26800.056 8.513059954847206e-07
26850.056 6.481243427710116e-07
26900.056 8.998386591870896e-07
26950.056 6.044132397089434e-07
27000.056 8.639005473202172e-07
27050.056 7.169463641320149e-07
27100.056 7.216607531328353e-07
27150.056 7.991769618049947e-07
27200.056 7.704443890622339e-07
27250.056 7.252651447593305e-07
27300.056 8.979277261029998e-07
27350.056 8.434547942467156e-07
27400.056 6.655307225899423e-07
27450.056 9.642749059336117e-07
27500.056 8.825099537178974e-07
27550.056 7.915806201339362e-07
27600.056 9.867370686758264e-07
27650.056 7.205905726089039e-07
27700.056 6.886065341861065e-07
27750.056 9.81483901868567e-07
27800.056 6.732813853489202e-07
27850.056 7.644088363235481e-07
27900.056 7.977628398550989e-07
27950.056 9.461090983699432e-07
28000.056 8.835603120252943e-07
28050.056 6.405579814861896e-07
28100.056 1.0035284988773267e-06
28150.056 7.756151925410422e-07
28200.056 6.441721976570488e-07
28250.056 8.799434962600638e-07
28300.056 1.0334666076691116e-06
28350.056 7.410863611607391e-07
28400.056 8.15683721686954e-07
28450.056 8.670518228297765e-07
28500.056 8.613851996897778e-07
28550.056 5.936076027087823e-07
28600.056 1.0175564411999231e-06
28650.056 9.221746452079069e-07
28700.056 8.219856670488128e-07
28750.056 9.541737873400026e-07
28800.056 8.851459099052302e-07
