galfind/configs/Brown_Dwarf_templates/sonora_bobcat/m0.0/100g/sp_t350g100nc_m0.0_resample.dat
# %ECSV 1.0
# ---
# datatype:
# - {name: wav, unit: Angstrom, datatype: float64}
# - {name: flux_nu, unit: erg / (cm2 Hz s), datatype: float64}
# meta: {C/O: '1.00', Kzz: '1.0000E+05', Teff: '350.', Y: '0.28', '[Fe/H]': '0.00', f_hole: '1.00', f_rain: '0.00', grav: '100.'}
# schema: astropy-2.0
wav flux_nu
[from data line 498]
28900.056 1.560806451091244e-11
28950.056 2.1760052938888232e-11
29000.056 1.237314856996123e-11
29050.056 2.1772189309970318e-11
29100.056 9.351517887597807e-12
29150.056 1.1361010838411019e-11
29200.056 4.436437927803209e-11
29250.056 3.456686324013582e-11
29300.056 1.9704297753539892e-11
29350.056 5.291079131057826e-11
29400.056 2.5125051537953435e-11
29450.056 1.0081987842437433e-11
29500.056 5.938594859843183e-11
29550.056 1.650695709422465e-11
29600.056 1.925045971342295e-11
29650.056 8.653413079515232e-11
29700.056 1.3303723929676523e-11
29750.056 6.061879846226334e-11
29800.056 3.3627070145532224e-11
29850.056 7.148931123589897e-11
29900.056 2.7807733131998734e-11
29950.056 3.819752521223626e-11
30000.056 4.346459977065645e-13
30050.056 4.076539289387017e-12
30100.056 2.1012437403895312e-11
30150.056 8.448533738645423e-11
30200.056 4.8209356628838054e-11
30250.056 8.200094207850827e-11
30300.056 1.2768905161909806e-10
30350.056 2.1228000676077953e-11
30400.056 1.2024778172661758e-10
30450.056 9.729652227350196e-11
30500.056 4.086388117158631e-11
30550.056 3.4874409897608964e-11
30600.056 4.1182217872209733e-10
30650.056 1.4607162738091808e-10
30700.056 6.525840748794316e-11
30750.056 1.6066637205595088e-10
30800.056 1.5772389034100612e-10
30850.056 1.7273688914147748e-10
30900.056 8.018216505068781e-11
30950.056 6.386560586778295e-11
31000.056 8.663922514186501e-11
31050.056 4.2958682501078784e-11
31100.056 3.2709592848232003e-11
31150.056 6.115733824982734e-11
31200.056 2.39118941863178e-10
31250.056 1.1440905194537382e-10
31300.056 6.03857770592243e-11
31350.056 1.9259283357534884e-10
31400.056 1.2594511736934603e-10
31450.056 1.2304931993881128e-10
31500.056 3.8339857024264557e-11
31550.056 7.420753881269408e-11
31600.056 5.535235723253806e-11
31650.056 4.473228777998212e-11
31700.056 3.5510535252934015e-11
31750.056 1.887278429713209e-11
31800.056 3.532865150478382e-11
31850.056 5.419536825565866e-12
31900.056 1.316598162833224e-11
31950.056 8.447948875719198e-12
32000.056 4.804442191073292e-12
32050.056 8.182849932706904e-12
32100.056 7.093658057863482e-12
32150.056 6.058743527983425e-12
32200.056 2.682162709648739e-12
32250.056 6.8077960664954074e-12
32300.056 1.6806912997316323e-12
32350.056 6.607685974881336e-12
32400.056 6.073490681381428e-13
32450.056 4.173602774740714e-12
32500.056 6.081191106801275e-13
32550.056 3.2524155809855466e-12
32600.056 5.310783350865362e-13
32650.056 9.439164457161395e-12
32700.056 9.435460309195475e-13
32750.056 2.3370099238833698e-11
32800.056 9.737784208277387e-12
32850.056 5.6988870509897635e-11
32900.056 4.501896455316301e-11
32950.056 4.614831952152053e-11
33000.056 1.1126430641882158e-11
33050.056 1.2019051780394294e-11
33100.056 1.97662571456183e-12
33150.056 5.372315256904654e-16
33200.056 6.412835289411514e-14
33250.056 1.1902789732869286e-13
33300.056 2.0184711056546743e-12
33350.056 5.208344590811728e-12
33400.056 2.4071807489343177e-11
33450.056 7.872400554405207e-12
33500.056 3.7178013899398435e-11
33550.056 5.502269118341285e-12
33600.056 1.698221341178858e-11
33650.056 1.6113984448066e-11
33700.056 3.518965374141456e-12
33750.056 2.3174574642671356e-11
33800.056 1.2186733563231374e-12
33850.056 1.0658981039206109e-11
33900.056 1.228248424930523e-11
33950.056 1.0265447086085138e-11
34000.056 2.6035631521395892e-11
34050.056 3.56724077157498e-12
34100.056 2.7014123367624905e-11
34150.056 9.363562060234913e-12
34200.056 3.415444711868054e-11
34250.056 1.518139251239616e-11
34300.056 1.9146731747049823e-11
34350.056 6.030696268140838e-11
34400.056 1.1776852242118383e-11
34450.056 5.0360337107913125e-11
34500.056 1.9275787172158062e-11
34550.056 2.1952477737526843e-11
34600.056 1.1126496298677608e-10
34650.056 9.528931132698009e-12
34700.056 6.632846353337866e-11
34750.056 3.8033594436184936e-11
34800.056 3.282509154068635e-11
34850.056 1.2783948744731582e-10
34900.056 1.63419746030064e-11
34950.056 1.222465310036064e-10
35000.056 1.8831805232559485e-10
35050.056 1.1242601341416169e-10
35100.056 2.430133002092778e-10
35150.056 1.939131295337363e-10
35200.056 1.4750922257864158e-10
35250.056 2.979875727957018e-10
35300.056 9.667884681696535e-11
35350.056 1.0917724760314563e-10
35400.056 7.373650877760659e-11
35450.056 7.424336518204063e-11
35500.056 2.9219309670744413e-10
35550.056 1.4976443374230744e-10
35600.056 2.3450924747067795e-10
35650.056 3.1618539284521485e-10
35700.056 3.2981628915053873e-10
35750.056 3.57391596481545e-10
35800.056 2.4007533269140696e-10
35850.056 9.57948071887135e-11
35900.056 1.2165339876480535e-10
35950.056 1.9705192626311873e-10
36000.056 2.5626120502789077e-10
36050.056 1.6279533992448784e-10
36100.056 1.562170545266038e-10
36150.056 5.20441824328517e-10
36200.056 5.007578283872716e-10
36250.056 2.9863969042406844e-10
36300.056 8.951873278778632e-10
36350.056 4.2535511661886967e-10
36400.056 7.775261784445378e-10
36450.056 6.740571543607272e-10
36500.056 6.980648127317269e-10
36550.056 1.2945396242017304e-09
36600.056 1.2399328351006067e-09
36650.056 7.896632725952539e-10
36700.056 9.850164789733903e-10
36750.056 1.3012836762159607e-09
36800.056 1.6289232165021854e-09
36850.056 6.369859490080364e-10
36900.056 1.150046237086539e-09
36950.056 1.6134511457844436e-09
37000.056 9.691518833241202e-10
37050.056 1.8051568551470501e-09
37100.056 8.421160489648033e-10
37150.056 1.039554525521648e-09
37200.056 2.1942929358316733e-09
37250.056 1.2223108828663035e-09
37300.056 6.809737571112358e-10
37350.056 1.3697448867397259e-09
37400.056 2.29357850172449e-09
37450.056 7.558014362828882e-10
37500.056 1.2878840935794174e-09
37550.056 2.7619972359158465e-09
37600.056 4.777017441597438e-09
37650.056 1.069490893679886e-09
37700.056 2.244573513345889e-09
37750.056 1.6257469388134966e-09
37800.056 1.4573440488366492e-09
37850.056 7.039078393724655e-10
37900.056 9.021685407062003e-10
37950.056 2.100998904313105e-09
38000.056 1.9006496444368737e-09
38050.056 3.3363966582709028e-09
38100.056 3.987131973569528e-09
38150.056 4.876273420226852e-09
38200.056 3.42710046806462e-09
38250.056 4.5145779983527986e-09
38300.056 7.0315880485117754e-09
38350.056 5.6806340133353365e-09
38400.056 1.8417658897698337e-09
38450.056 6.251285235336075e-10
38500.056 4.576931718160549e-10
38550.056 2.218361228084404e-09
38600.056 2.4990819122078018e-09
38650.056 2.921755651844283e-09
38700.056 1.7977205227382302e-09
38750.056 2.4327457537319934e-09
38800.056 2.415369350411535e-09
38850.056 3.0434398127643716e-09
38900.056 3.739112603302778e-09
38950.056 2.052145141830492e-09
39000.056 4.238834916643879e-09
39050.056 1.8010862619508431e-09
39100.056 3.365787901112832e-09
39150.056 5.244145011579658e-09
39200.056 3.1658012669785582e-09
39250.056 6.010555578121358e-09
39300.056 3.300181234859502e-09
39350.056 7.318096022481565e-09
39400.056 3.517976440829932e-09
39450.056 5.81902044935023e-09
39500.056 5.713817420250969e-09
39550.056 2.219541498361847e-09
39600.056 5.653477528229298e-09
39650.056 7.0958721821891935e-09
39700.056 7.103858892171327e-09
39750.056 2.8705086245224056e-09
39800.056 3.1908920805601048e-09
39850.056 8.351709375201472e-09
39900.056 1.0531192386480636e-08
39950.056 3.510640708992128e-09
40000.056 7.185768373691822e-09
40050.056 8.524753463939565e-09
40100.056 2.523462910093447e-09
40150.056 7.395512375754182e-09
40200.056 8.178321273509826e-09
40250.056 9.405273691378444e-09
40300.056 9.512841774599942e-09
40350.056 5.033857230207152e-09
40400.056 7.442035176298004e-09
40450.056 3.203034266260971e-09
40500.056 1.0044511529241089e-08
40550.056 1.095677016914791e-08
40600.056 8.405448151100107e-09
40650.056 6.191987103366124e-09
40700.056 1.2938496557238375e-08
40750.056 8.339202929237396e-09
40800.056 4.645099024352243e-09
40850.056 1.637258946340411e-08
40900.056 1.3576204256438028e-08
40950.056 1.1352001152386754e-08
41000.056 8.088916488480261e-09
41050.056 1.7597398580695878e-08
41100.056 1.441791085553985e-08
41150.056 4.643363216254577e-09
41200.056 1.757958686440262e-08
41250.056 1.3191949339390965e-08
41300.056 1.4024473792154611e-08
41350.056 1.943573449749852e-08
41400.056 1.522371828449919e-08
41450.056 2.2376689589695817e-08
41500.056 1.2830912416055348e-08
41550.056 1.1291144785514386e-08
41600.056 1.2252031640864914e-08
41650.056 1.8344760849242174e-08
41700.056 2.5717047687794237e-08
41750.056 1.8198793157197347e-08
41800.056 1.8270051874103585e-08
41850.056 1.7967545672775105e-08
41900.056 1.4233973684033437e-08
41950.056 1.3775437971319848e-08
42000.056 6.062676650602033e-09
42050.056 9.29023475436989e-09
42100.056 1.040754993496242e-08
42150.056 1.2676944876183611e-08
42200.056 1.564064441142983e-08
42250.056 1.2055765220233204e-08
42300.056 1.070956798281296e-08
42350.056 1.9311195880500777e-08
42400.056 2.3801215868302502e-08
42450.056 2.4151048685004926e-08
42500.056 2.4539707544796847e-08
42550.056 2.0432546822596264e-08
42600.056 2.0386599278278444e-08
42650.056 3.1805986924692074e-08
42700.056 1.3167853315034938e-08
42750.056 2.294204891180409e-08
42800.056 3.5255646990803503e-08
42850.056 3.568946244799152e-08
42900.056 3.670826904260518e-08
42950.056 2.880301063069853e-08
43000.056 3.351815235200244e-08
43050.056 1.570811469506087e-08
43100.056 2.6586887320898543e-08
43150.056 2.1480073911302268e-08
43200.056 3.529237826100306e-08
43250.056 4.54736497130021e-08
43300.056 4.2267076687999965e-08
43350.056 2.2564914897094047e-08
43400.056 3.392788051660218e-08
43450.056 2.0326073045800987e-08
43500.056 1.9292614513703634e-08
43550.056 2.261168803750258e-08
43600.056 4.015851609300451e-08
43650.056 2.3486966230899586e-08
43700.056 4.543559662191129e-08
43750.056 4.271381812499611e-08
43800.056 3.6739042415896746e-08
43850.056 3.2793532624603305e-08
43900.056 2.3427779666797116e-08
43950.056 1.527233628479848e-08
44000.056 1.6265318893998998e-08
44050.056 4.371802593100078e-08
44100.056 5.690142252100024e-08
44150.056 5.025134885719832e-08
44200.056 4.742091638600146e-08
44250.056 2.3838956000297046e-08
44300.056 1.8358086994302538e-08
44350.056 1.9721645429594437e-08
44400.056 1.8030124471298452e-08
44450.056 3.644125312950299e-08
44500.056 3.258590287050452e-08
44550.056 4.722893155899797e-08
44600.056 3.857436075061941e-08
44650.056 3.513157880010241e-08
44700.056 2.33368760765973e-08
44750.056 3.8876375857007303e-08
44800.056 2.3540653978401845e-08
44850.056 3.288186190290162e-08
44900.056 3.122042442530044e-08
44950.056 3.7058999119204625e-08
45000.056 4.6107562175001544e-08
45050.056 3.884232457899519e-08
45100.056 3.477800256620084e-08
45150.056 2.9312687984594958e-08
45200.056 2.2145173517702338e-08
45250.056 2.711623380729341e-08
45300.056 2.5838149520903545e-08
45350.056 1.8582966772205088e-08
45400.056 5.730647958400633e-08
45450.056 4.362133822070441e-08
45500.056 5.653316332610359e-08
45550.056 5.866889106438551e-08
45600.056 4.7989114849007444e-08
45650.056 3.993815431229984e-08
45700.056 2.454072585393785e-08
45750.056 2.2392722548501643e-08
45800.056 5.776719660410274e-08
45850.056 4.274689551749985e-08
45900.056 5.8681486115996554e-08
45950.056 5.372301417299804e-08
46000.056 5.5352856797505726e-08
46050.056 3.96653031975051e-08
46100.056 6.925015742899527e-08
46150.056 3.815546874600066e-08
46200.056 3.0485501074494836e-08
46250.056 1.115907043957806e-08
46300.056 3.766226904260099e-08
46350.056 3.870926766420563e-08
46400.056 3.7219186992300994e-08
46450.056 3.346836156154937e-08
46500.056 3.856952404040735e-08
46550.056 1.8287388953900078e-08
46600.056 2.673788095911608e-08
46650.056 4.445944836860241e-08
46700.056 2.8546010662492916e-08
46750.056 1.2238180266802289e-08
46800.056 7.618603409579664e-09
46850.056 4.0582556391706433e-08
46900.056 4.65488865372982e-08
46950.056 4.6962468092996784e-08
47000.056 4.6272544916605825e-08
47050.056 2.982444129820306e-08
47100.056 2.1453240213002277e-08
47150.056 3.683743838700468e-08
47200.056 4.031510589179702e-08
47250.056 1.909376033159689e-08
47300.056 1.254207813032902e-08
47350.056 4.4476237772003444e-08
47400.056 4.259018103599589e-08
47450.056 2.8545780095946144e-08
47500.056 4.9841508710399266e-08
47550.056 4.344262250820175e-08
47600.056 3.6286965213045864e-08
47650.056 4.0709932913842985e-08
47700.056 3.020394376280418e-08
47750.056 2.2033077373200573e-08
47800.056 1.6507385865602567e-08
47850.056 6.89787548637141e-09
47900.056 1.2186687225059721e-08
47950.056 3.390760351900192e-08
48000.056 4.697175089499913e-08
48050.056 3.635706581640032e-08
48100.056 1.4736356890261632e-08
48150.056 2.983739456380116e-08
48200.056 1.7723342188638624e-08
48250.056 2.4627650476599355e-08
48300.056 4.495205791399792e-08
48350.056 2.4912588300996596e-08
48400.056 4.908253093185564e-09
48450.056 1.0538088651937696e-08
48500.056 2.0115504420095007e-08
48550.056 2.3645270839202956e-08
48600.056 3.7503556634999054e-08
48650.056 4.842509877499709e-08
48700.056 3.00416479115055e-08
48750.056 2.252955634460543e-08
48800.056 3.976747432360147e-08
48850.056 1.9072300759546878e-08
48900.056 2.1502273073409656e-08
48950.056 1.0820398501599698e-08
49000.056 5.846092615009179e-09
49050.056 2.1664576814097143e-08
49100.056 3.085783769872575e-08
49150.056 2.3364560063421936e-08
49200.056 3.996804483900612e-08
49250.056 4.1370627349001044e-08
49300.056 3.3125033939998884e-08
49350.056 1.1185510055445694e-08
49400.056 1.742211994920522e-08
49450.056 1.522554572176358e-08
49500.056 1.1498622314761038e-08
49550.056 1.8349827028620332e-09
49600.056 5.9610851389611956e-09
49650.056 1.929340607040191e-08
49700.056 2.312157074099355e-08
49750.056 1.9566994775660122e-08
49800.056 1.1298779653530113e-08
49850.056 2.9126945565604278e-08
49900.056 2.657752923269827e-08
49950.056 2.6347744440500136e-08
50000.056 1.601924328202735e-08
50050.056 2.0248514118581458e-08
50100.056 1.6413498910198794e-08
50150.056 6.2610639911686785e-09
50200.056 8.038940099443953e-10
50250.056 6.262692790899945e-09
50300.056 4.075744320558853e-09
50350.056 1.9016005503003377e-08
50400.056 2.2817947264096782e-08
50450.056 1.7632650753701752e-08
50500.056 2.8535254604960902e-08
50550.056 2.5472378869001702e-08
50600.056 1.7271926219944867e-08
50650.056 3.047763283800435e-08
50700.056 2.8064015499997656e-08
50750.056 1.5888067397300554e-08
50800.056 4.143494306986168e-09
50850.056 1.795223366004938e-09
50900.056 1.557554257150155e-08
50950.056 1.6135884811998208e-08
51000.056 1.1396036080950355e-08
51050.056 2.028020734439735e-08
51100.056 6.4922753351212645e-09
51150.056 6.177812266911339e-09
51200.056 2.4441176999999693e-08
51250.056 1.812194408343706e-08
51300.056 1.1366039348693175e-08
51350.056 9.247977666372407e-09
51400.056 2.159857887749479e-09
51450.056 1.8366524598134394e-09
51500.056 1.8030914671129665e-09
51550.056 8.641045224461867e-09
51600.056 9.006920889102184e-09
51650.056 1.3381958627299834e-08
51700.056 1.2730954679018637e-08
51750.056 7.88106248070179e-09
51800.056 1.690200590599813e-08
51850.056 1.315722585159921e-08
51900.056 1.3564885753499889e-08
51950.056 6.406526478099176e-09
52000.056 4.674777315608155e-10
52050.056 3.1018832131103704e-09
52100.056 1.5128595656696744e-09
52150.056 7.72854542083513e-10
52200.056 3.754423778439938e-09
52250.056 6.791383757181566e-09
52300.056 7.878474023899407e-09
52350.056 1.8048628709497718e-09
52400.056 2.102653319581993e-09
52450.056 1.068766405600088e-08
52500.056 7.279978275324294e-09
52550.056 1.0767575904199501e-08
52600.056 8.573961928960193e-09
52650.056 1.0410501523500523e-08
52700.056 6.467030540499464e-09
52750.056 1.7590465671323553e-09
52800.056 3.958918162550763e-09
52850.056 4.786336765798757e-09
52900.056 1.3803219216180692e-09
52950.056 2.742169392550467e-09
53000.056 6.20255471920097e-09
53050.056 1.9831453630114306e-09
53100.056 9.05970825289983e-09
53150.056 8.873422686460428e-09
53200.056 3.980003824351818e-09
53250.056 7.406136368190014e-09
53300.056 8.996066108658347e-09
53350.056 6.820700369880452e-09
53400.056 4.040343911398963e-09
53450.056 1.0772756190845925e-09
53500.056 1.4335113197944718e-10
