galfind/configs/Brown_Dwarf_templates/sonora_bobcat/m0.0/100g/sp_t1000g100nc_m0.0_resample.dat
# %ECSV 1.0
# ---
# datatype:
# - {name: wav, unit: Angstrom, datatype: float64}
# - {name: flux_nu, unit: erg / (cm2 Hz s), datatype: float64}
# meta: {C/O: '1.00', Kzz: '1.0000E+05', Teff: '1000.', Y: '0.28', '[Fe/H]': '0.00', f_hole: '1.00', f_rain: '0.00', grav: '100.'}
# schema: astropy-2.0
wav flux_nu
4000.0559999999996 nan
4050.0559999999996 6.658516451026116e-13
4100.056 2.2662447041398612e-11
4150.056 5.272599846160394e-11
4200.056 4.522703274203811e-11
4250.056 7.862883208600732e-11
4300.056 9.713535733300918e-11
4350.056 1.0676585668200489e-10
4400.056 1.2925679277300585e-10
4450.056 1.4373665998500089e-10
4500.056 1.4433547184500803e-10
4550.056 1.6767954340840374e-10
4600.056 1.7843883818160023e-10
4650.056 1.6212782387698697e-10
4700.056 1.5995088231600321e-10
4750.056 9.853587329299918e-11
4800.056 3.274300522699992e-11
4850.056 9.421207078799867e-12
4900.056 3.9612703848999665e-12
4950.056 1.8248029680999842e-12
5000.056 6.659063760399922e-13
5050.056 2.66815559269999e-13
5100.056 2.1512802413999993e-13
5150.056 1.8782809350000009e-13
5200.056 1.639585871999998e-13
5250.056 1.3939961411999978e-13
5300.056 1.183893363399998e-13
5350.056 1.0241146026699985e-13
5400.056 9.001665757599983e-14
5450.056 8.004982067699994e-14
5500.056 7.191203236900007e-14
5550.056 6.536482401399996e-14
5600.056 5.978078490299994e-14
5650.056 5.46013175709999e-14
5700.056 4.933660698299994e-14
5750.056 4.356081577799992e-14
5800.056 3.6344633045999885e-14
5850.056 2.4734297140999687e-14
5900.056 7.556986847132672e-15
5950.056 4.844683799200088e-14
6000.056 1.0460541212100035e-13
6050.056 2.0007934473000235e-13
6100.056 3.663366395900036e-13
6150.056 6.601171082200058e-13
6200.056 1.172500942310009e-12
6250.056 2.0339328674000144e-12
6300.056 3.4681273533000263e-12
6350.056 5.771204486900047e-12
6400.056 9.348885922600072e-12
6450.056 1.462339383099996e-11
6500.056 2.2509945039000056e-11
6550.056 3.394119338400017e-11
6600.056 5.027244402300063e-11
6650.056 7.282637392600046e-11
6700.056 8.241640670558049e-11
6750.056 1.3974335902000082e-10
6800.056 1.8212439446000088e-10
6850.056 2.0857994445000028e-10
6900.056 2.0414297852000144e-10
6950.056 1.8807889785999922e-10
7000.056 1.9182420082000152e-10
7050.056 2.0988444834999838e-10
7100.056 2.3166919288999961e-10
7150.056 2.392095419169968e-10
7200.056 2.3804536042600394e-10
7250.056 2.3046913809799003e-10
7300.056 2.0991201836599962e-10
7350.056 1.8750484229199666e-10
7400.056 1.6447194704000248e-10
7450.056 1.3809720102100134e-10
7500.056 1.0974075408699912e-10
7550.056 8.019869258099934e-11
7600.056 5.33407310939994e-11
7650.056 1.046527121029939e-11
7700.056 5.9079567257323185e-12
7750.056 4.2804768974001025e-11
7800.056 9.144122561734154e-11
7850.056 2.039912951800016e-10
7900.056 3.347489920600015e-10
7950.056 4.084551979579849e-10
8000.056 7.424084753200073e-10
8050.056 1.022312448480016e-09
8100.056 1.3085532116300008e-09
8150.056 1.6606783716649962e-09
8200.056 2.1587949256900982e-09
8250.056 2.6814022916090573e-09
8300.056 3.3213655001502593e-09
8350.056 4.005142123349783e-09
8400.056 4.8266685656598204e-09
8450.056 5.882155212499819e-09
8500.056 6.305807664209541e-09
8550.056 8.046474477300173e-09
8600.056 9.81612346750002e-09
8650.056 1.105281033239992e-08
8700.056 1.2756258728999513e-08
8750.056 1.4732522237000249e-08
8800.056 1.6960867191000384e-08
8850.056 1.8808078448999616e-08
8900.056 1.794540645109937e-08
8950.056 1.6627607398430172e-08
9000.056 2.131880058538665e-08
9050.056 2.836716367030091e-08
9100.056 3.2066086010439024e-08
9150.056 3.40853393558923e-08
9200.056 3.9262393065614356e-08
9250.056 3.950822290001946e-08
9300.056 2.2825856878007777e-08
9350.056 2.717047098205963e-08
9400.056 3.580975440473663e-08
9450.056 4.2145901210428644e-08
9500.056 4.201229061657401e-08
9550.056 4.703285128604939e-08
9600.056 4.678249995916326e-08
9650.056 5.239885262068521e-08
9700.056 6.096605581633745e-08
9750.056 6.417493346789945e-08
9800.056 7.113574112900802e-08
9850.056 7.97432272604101e-08
9900.056 8.10176348780902e-08
9950.056 8.179040091239499e-08
10000.056 7.337229904699137e-08
10050.056 9.249636747500053e-08
10100.056 1.100977658699914e-07
10150.056 1.2291674074698258e-07
10200.056 1.4047686757299544e-07
10250.056 1.5466593356999741e-07
10300.056 1.6835964980000343e-07
10350.056 1.927117174570007e-07
10400.056 2.1458486857999425e-07
10450.056 2.2631857279000223e-07
10500.056 2.3053454895000105e-07
10550.056 2.3770384568000818e-07
10600.056 2.5175641130999207e-07
10650.056 2.709315416600101e-07
10700.056 2.8545130890001686e-07
10750.056 3.0500059551601065e-07
10800.056 3.2111210728200386e-07
10850.056 3.3128917687598165e-07
10900.056 2.7807266021498783e-07
10950.056 1.837636961197556e-07
11000.056 1.6170987386945232e-07
11050.056 1.3438866480511927e-07
11100.056 1.1096281382156745e-07
11150.056 8.548240474442086e-08
11200.056 8.55269599387358e-08
11250.056 1.0158549595570317e-07
11300.056 1.0193398399164927e-07
11350.056 5.757360524930003e-08
11400.056 8.219825577226293e-08
11450.056 8.071115787528084e-08
11500.056 8.469877803992651e-08
11550.056 5.4244326925616995e-08
11600.056 5.969498042636262e-08
11650.056 7.503056727915463e-08
11700.056 6.634502264881837e-08
11750.056 4.09742361755716e-08
11800.056 7.72578432119441e-08
11850.056 1.1430988582011222e-07
11900.056 1.3035292432543783e-07
11950.056 1.715891470746937e-07
12000.056 1.995595290328942e-07
12050.056 2.4145368638104805e-07
12100.056 2.774313229687906e-07
12150.056 3.261909938319799e-07
12200.056 3.678925919509438e-07
12250.056 4.1357383572992504e-07
12300.056 4.660243445160445e-07
12350.056 4.85389656895017e-07
12400.056 5.039900794599859e-07
12450.056 4.696091628000232e-07
12500.056 5.027604197399945e-07
12550.056 5.365022314900454e-07
12600.056 6.673905392700258e-07
12650.056 6.627689832919956e-07
12700.056 6.877381252450967e-07
12750.056 6.677304041130373e-07
12800.056 6.784649170110247e-07
12850.056 5.98392155062372e-07
12900.056 5.409593649870252e-07
12950.056 5.466354253946609e-07
13000.056 5.272612564560065e-07
13050.056 4.945614145716779e-07
13100.056 4.6153015315220357e-07
13150.056 3.9616337445920306e-07
13200.056 3.5190408960595316e-07
13250.056 2.7914576453373944e-07
13300.056 1.5578184400459981e-07
13350.056 5.646451837171164e-08
13400.056 4.100166731604835e-08
13450.056 2.627913706474486e-08
13500.056 2.001445701348966e-08
13550.056 1.545982565865529e-08
13600.056 9.72754983428976e-09
13650.056 1.8723185100848078e-08
13700.056 1.5548617378315533e-08
13750.056 1.570446606034481e-08
13800.056 1.7949389641428156e-08
13850.056 1.5459225403647306e-08
13900.056 1.6202587848796334e-08
13950.056 1.4752463504389372e-08
14000.056 1.4271348629483924e-08
14050.056 1.6497705520309852e-08
14100.056 1.5080429431572215e-08
14150.056 1.9757826158024367e-08
14200.056 1.6353421035517927e-08
14250.056 1.7400837927144962e-08
14300.056 2.4248317475878732e-08
14350.056 2.4714681468920534e-08
14400.056 2.8268787278567208e-08
14450.056 3.0351858105356546e-08
14500.056 4.582973684637678e-08
14550.056 5.0792179294174354e-08
14600.056 6.146427412383749e-08
14650.056 6.307892724376516e-08
14700.056 5.4899323900176815e-08
14750.056 6.451002168182454e-08
14800.056 7.819521768714285e-08
14850.056 8.54794609229715e-08
14900.056 8.861565944380517e-08
14950.056 9.662807697050442e-08
15000.056 1.0618281294388443e-07
15050.056 1.2304426687887182e-07
15100.056 1.3419610806734607e-07
15150.056 1.492228933231483e-07
15200.056 1.5129162630332265e-07
15250.056 1.7564730053284663e-07
15300.056 1.9502920458817522e-07
15350.056 2.1540427018957808e-07
15400.056 2.404749774960215e-07
15450.056 2.631378397026229e-07
15500.056 2.7549378407596726e-07
15550.056 3.07229837015986e-07
15600.056 3.0765740500801547e-07
15650.056 3.2952138851502606e-07
15700.056 3.738075589131059e-07
15750.056 3.9839052681998487e-07
15800.056 3.8835928081607474e-07
15850.056 4.2006576111998635e-07
15900.056 4.0404694899002917e-07
15950.056 4.0114348105993783e-07
16000.056 3.5565150987100346e-07
16050.056 2.8603307082399386e-07
16100.056 2.3627468619638283e-07
16150.056 1.8257204357189933e-07
16200.056 1.3973300894324165e-07
16250.056 1.270900993918707e-07
16300.056 1.079465869176273e-07
16350.056 1.1886342189186933e-07
16400.056 1.3965051691016007e-07
16450.056 1.4884792961605042e-07
16500.056 1.6028126232097755e-07
16550.056 1.5565719395019514e-07
16600.056 1.506554727363312e-07
16650.056 1.2660312203104257e-07
16700.056 5.6400957676298646e-08
16750.056 7.000605041890621e-08
16800.056 1.0991203383660704e-07
16850.056 1.1764802293952821e-07
16900.056 1.0073959985676272e-07
16950.056 8.360525468963885e-08
17000.056 6.510769615167882e-08
17050.056 9.317707000697602e-08
17100.056 1.1045918172449136e-07
17150.056 8.72203900969116e-08
17200.056 1.1733045907049878e-07
17250.056 1.0431470063703706e-07
17300.056 8.434488821405513e-08
17350.056 7.660947716612674e-08
17400.056 8.595542785525748e-08
17450.056 9.157480537612726e-08
17500.056 1.0236885264953819e-07
17550.056 9.803788578346927e-08
17600.056 8.75288949151644e-08
17650.056 8.731389794026857e-08
17700.056 6.702669916695582e-08
17750.056 6.443895907566799e-08
17800.056 8.59940820034153e-08
17850.056 6.348679577659357e-08
17900.056 5.899723443445447e-08
17950.056 5.212690229761624e-08
18000.056 5.790347118012836e-08
18050.056 5.818115584283788e-08
18100.056 6.131700312501329e-08
18150.056 7.687789854798129e-08
18200.056 5.131612256427401e-08
18250.056 8.890079184886568e-08
18300.056 6.82234849538646e-08
18350.056 5.827702222749926e-08
18400.056 5.802764673545947e-08
18450.056 6.323896538139462e-08
18500.056 6.916086226559869e-08
18550.056 5.8325641850645414e-08
18600.056 5.024414381150653e-08
18650.056 5.2823941185884565e-08
18700.056 5.3113522513468323e-08
18750.056 6.25372856476901e-08
18800.056 8.932210540577894e-08
18850.056 1.025976505939123e-07
18900.056 9.950387175545648e-08
18950.056 1.280780543927796e-07
19000.056 1.1008934324369853e-07
19050.056 9.204812745407668e-08
19100.056 1.2757943921728006e-07
19150.056 1.0875712468670985e-07
19200.056 1.226475543287004e-07
19250.056 1.0378796375726548e-07
19300.056 1.0309886453001645e-07
19350.056 9.045698868507645e-08
19400.056 6.944052361472263e-08
19450.056 1.0622020898397032e-07
19500.056 1.0511760887589142e-07
19550.056 7.894699977925556e-08
19600.056 1.0528073394365037e-07
19650.056 1.1435721834090107e-07
19700.056 1.1716710472253123e-07
19750.056 1.1935393003810532e-07
19800.056 1.2555548334850725e-07
19850.056 1.4873726630295544e-07
19900.056 1.2134369794781085e-07
19950.056 1.7154329475395543e-07
20000.056 1.5344041240520562e-07
20050.056 1.7058525492926615e-07
20100.056 1.8942630294838934e-07
20150.056 1.8915408014615747e-07
20200.056 2.049147165399179e-07
20250.056 2.3011260624188796e-07
20300.056 2.2677319482334885e-07
20350.056 2.5351496028116225e-07
20400.056 2.485368445013348e-07
20450.056 2.782029218784413e-07
20500.056 2.912764400261513e-07
20550.056 2.9027463402050137e-07
20600.056 3.2145148432078243e-07
20650.056 3.177956377190849e-07
20700.056 3.2691886748077144e-07
20750.056 3.38139506213161e-07
20800.056 3.4538282769139824e-07
20850.056 3.356556836389811e-07
20900.056 3.479688315679138e-07
20950.056 3.391123995979771e-07
21000.056 3.3476618644004707e-07
21050.056 3.3088497798898647e-07
21100.056 3.16607706001024e-07
21150.056 3.223424250289458e-07
21200.056 3.004077303560019e-07
21250.056 2.907897591714377e-07
21300.056 2.578510659320502e-07
21350.056 2.6126927518798374e-07
21400.056 2.446260836157802e-07
21450.056 2.3322480521000436e-07
21500.056 2.1502624242250156e-07
21550.056 1.996163401513202e-07
21600.056 1.790114071501573e-07
21650.056 1.5958359028350315e-07
21700.056 1.590919127029015e-07
21750.056 1.394284401077882e-07
21800.056 1.19928579189501e-07
21850.056 1.0806860503539492e-07
21900.056 8.234392381346672e-08
21950.056 5.392881980950059e-08
22000.056 2.5154594493738875e-08
22050.056 1.72914357198655e-08
22100.056 2.5919098468724525e-08
22150.056 3.64359217312423e-08
22200.056 4.191534039747126e-08
22250.056 3.715601414067091e-08
22300.056 3.085821935700787e-08
22350.056 2.9607993550685084e-08
22400.056 2.2575377196868906e-08
22450.056 1.9643119066221692e-08
22500.056 1.8766403176947168e-08
22550.056 1.5557706219634943e-08
22600.056 1.6147582679166236e-08
22650.056 1.716883097807499e-08
22700.056 1.5005899465307094e-08
22750.056 1.5732493124907177e-08
22800.056 1.4182153548477428e-08
22850.056 1.2530017824817342e-08
22900.056 1.1088133281010131e-08
22950.056 1.0386782631546821e-08
23000.056 1.3183837818329072e-08
23050.056 1.7206415730796292e-08
23100.056 2.8266632422863447e-08
23150.056 3.165742017187816e-08
23200.056 9.58511439796848e-09
23250.056 1.1328891350172564e-08
23300.056 1.0123509769045544e-08
23350.056 1.0103628127787215e-08
23400.056 1.1057189965925114e-08
23450.056 1.0762365575247447e-08
23500.056 1.1855663220129624e-08
23550.056 1.4799956533565277e-08
23600.056 1.6905187437509125e-08
23650.056 2.1899060232147973e-08
23700.056 1.4288488978486884e-08
23750.056 1.1526531400339398e-08
23800.056 1.2230159891050676e-08
23850.056 1.4132541232759763e-08
23900.056 2.0935805561821344e-08
23950.056 2.3317057854467466e-08
24000.056 2.5484323203898862e-08
24050.056 3.159748168524826e-08
24100.056 2.9364758939817228e-08
24150.056 3.352107847490475e-08
24200.056 3.331081228136587e-08
24250.056 2.8420404258765186e-08
24300.056 3.4200421445021946e-08
24350.056 2.931845797900964e-08
24400.056 3.8619379741199994e-08
24450.056 3.801526884264264e-08
24500.056 3.878124536306517e-08
24550.056 4.6129743164319274e-08
24600.056 4.6987989087795174e-08
24650.056 5.7550136852714917e-08
24700.056 4.533198057248701e-08
24750.056 5.0955965976531826e-08
24800.056 5.2549055658521256e-08
24850.056 6.682412159439152e-08
24900.056 4.632414954389711e-08
24950.056 7.097657675921953e-08
25000.056 6.522739492855302e-08
25050.056 5.003617927607856e-08
25100.056 6.635981321971987e-08
25150.056 4.871510078024393e-08
25200.056 6.150179487981905e-08
25250.056 4.682159598221535e-08
25300.056 6.363522804697529e-08
25350.056 4.1804075874243274e-08
25400.056 6.61589286957332e-08
25450.056 4.265347352204741e-08
25500.056 4.325613471641764e-08
25550.056 4.639938280990363e-08
25600.056 4.080404478953497e-08
25650.056 3.2187359751712995e-08
25700.056 5.406706848937412e-08
25750.056 2.7515557185512224e-08
25800.056 5.3209335734488984e-08
25850.056 3.069764480405698e-08
25900.056 4.016795547209867e-08
25950.056 2.6524430476482183e-08
26000.056 5.874060782515492e-08
26050.056 3.993078059326039e-08
26100.056 5.621777480334803e-08
26150.056 4.563165236396966e-08
26200.056 5.127681616885416e-08
26250.056 7.15647272703861e-08
26300.056 5.425592115395891e-08
26350.056 8.525597600292224e-08
26400.056 8.563574702283419e-08
26450.056 9.087804461012808e-08
26500.056 9.83559282761822e-08
26550.056 6.400863993301371e-08
26600.056 9.006102381479108e-08
26650.056 4.685827583137698e-08
26700.056 4.5890503698001816e-08
26750.056 3.1954352363972594e-08
26800.056 5.040361454185727e-08
26850.056 3.0283791959803934e-08
26900.056 6.229526485443442e-08
26950.056 3.395783840282335e-08
27000.056 7.439903489820233e-08
27050.056 5.851533759007624e-08
27100.056 4.8220337191970974e-08
27150.056 8.010546018282403e-08
27200.056 5.31327701212173e-08
27250.056 6.043040481655559e-08
27300.056 1.1586151473950916e-07
27350.056 9.031517618685146e-08
27400.056 3.69941191855284e-08
27450.056 1.1530534595946263e-07
27500.056 1.0820138156792803e-07
27550.056 5.947614734545359e-08
27600.056 1.0270835827123383e-07
27650.056 5.2753481991406054e-08
27700.056 4.4512929086723545e-08
27750.056 1.0460850073739683e-07
27800.056 5.1111824454253114e-08
27850.056 6.343313460151438e-08
27900.056 6.90094849984767e-08
27950.056 1.0854609347814466e-07
28000.056 9.002022700703245e-08
28050.056 3.9471209112447145e-08
28100.056 1.1497649012893279e-07
28150.056 7.40846037321461e-08
28200.056 4.303942710254985e-08
28250.056 1.0778370796069991e-07
28300.056 1.3539352566381085e-07
28350.056 5.67385673506334e-08
28400.056 8.633904217319241e-08
28450.056 1.0974456809533478e-07
28500.056 9.121982608195439e-08
28550.056 4.137215351128619e-08
28600.056 1.2430809086763444e-07
28650.056 1.0729978927321697e-07
28700.056 9.529932521348544e-08
28750.056 1.3002033695784486e-07
28800.056 1.0838557360813801e-07
