galfind/configs/Brown_Dwarf_templates/sonora_bobcat/m0.0/100g/sp_t800g100nc_m0.0_resample.dat
# %ECSV 1.0
# ---
# datatype:
# - {name: wav, unit: Angstrom, datatype: float64}
# - {name: flux_nu, unit: erg / (cm2 Hz s), datatype: float64}
# meta: {C/O: '1.00', Kzz: '1.0000E+05', Teff: '800.', Y: '0.28', '[Fe/H]': '0.00', f_hole: '1.00', f_rain: '0.00', grav: '100.'}
# schema: astropy-2.0
wav flux_nu
[from data line 499]
28950.056 3.254572154994733e-08
29000.056 2.6145270874053815e-08
29050.056 3.002379144770845e-08
29100.056 2.1167499170267983e-08
29150.056 3.6853720032448016e-08
29200.056 2.6816045331573457e-08
29250.056 3.9719243224566964e-08
29300.056 2.0734510459296167e-08
29350.056 5.910691547460287e-08
29400.056 3.0288908713705823e-08
29450.056 3.3100746519969285e-08
29500.056 3.925398014199597e-08
29550.056 3.224286707411387e-08
29600.056 3.9591632903333225e-08
29650.056 4.4466948072359074e-08
29700.056 2.9417888237146934e-08
29750.056 4.4099236758299396e-08
29800.056 4.470082310724291e-08
29850.056 4.942846645197119e-08
29900.056 4.530057276651289e-08
29950.056 4.317749601826913e-08
30000.056 1.2637834252749015e-08
30050.056 1.893186485458023e-08
30100.056 2.061560963059075e-08
30150.056 4.065102071529485e-08
30200.056 3.283212342248634e-08
30250.056 5.6889046776207006e-08
30300.056 5.2161441656307946e-08
30350.056 4.070913400176707e-08
30400.056 5.579299149445788e-08
30450.056 3.738394524473642e-08
30500.056 3.407031405528066e-08
30550.056 3.49243871127484e-08
30600.056 4.55221847466008e-08
30650.056 3.287142047553565e-08
30700.056 3.0102053621450306e-08
30750.056 3.644018075166378e-08
30800.056 2.9151612702686182e-08
30850.056 2.7989506066446455e-08
30900.056 2.164175223527141e-08
30950.056 2.2873240200465216e-08
31000.056 1.9780903249533146e-08
31050.056 1.9806757121739382e-08
31100.056 1.5420357662656327e-08
31150.056 2.0974260174318835e-08
31200.056 2.2574400170605547e-08
31250.056 1.6212834034957772e-08
31300.056 1.4204979677961504e-08
31350.056 1.601613501982115e-08
31400.056 1.2277339175297421e-08
31450.056 1.340634490509656e-08
31500.056 9.702254880174878e-09
31550.056 1.1517201501100686e-08
31600.056 8.359808028985949e-09
31650.056 7.874702151374602e-09
31700.056 8.245000622869534e-09
31750.056 6.204451295735798e-09
31800.056 8.818451164000097e-09
31850.056 5.593797714207702e-09
31900.056 7.3085943744998325e-09
31950.056 4.673342888404028e-09
32000.056 6.088144610744759e-09
32050.056 6.77648210058732e-09
32100.056 6.4262440999379614e-09
32150.056 7.206151253019424e-09
32200.056 5.570686677627818e-09
32250.056 8.48331393282172e-09
32300.056 5.362766640630136e-09
32350.056 8.678775600698884e-09
32400.056 5.256275181588158e-09
32450.056 7.91303440430768e-09
32500.056 6.540685289841436e-09
32550.056 6.834289995319552e-09
32600.056 8.125532536096929e-09
32650.056 1.2449128237947083e-08
32700.056 9.858545960792785e-09
32750.056 1.3557401776422526e-08
32800.056 1.2312032484188772e-08
32850.056 1.4773491892808463e-08
32900.056 1.5994103423840722e-08
32950.056 1.7097694175989452e-08
33000.056 1.3591464574588323e-08
33050.056 1.3493408599307286e-08
33100.056 5.968858167697582e-09
33150.056 9.018382713330168e-10
33200.056 1.1177965716314302e-09
33250.056 6.712856641058828e-10
33300.056 9.8449834328022e-10
33350.056 2.0618715260099984e-09
33400.056 3.428057374908444e-09
33450.056 4.98997023633325e-09
33500.056 8.809855496306074e-09
33550.056 6.703949229031483e-09
33600.056 1.155293720459872e-08
33650.056 1.1452859637818684e-08
33700.056 9.235076166519098e-09
33750.056 1.4449975578854915e-08
33800.056 9.575641704769195e-09
33850.056 1.2511251156315375e-08
33900.056 1.0103108461730073e-08
33950.056 1.0273383142786735e-08
34000.056 1.4165342533716133e-08
34050.056 6.563522144217977e-09
34100.056 1.3651899897541943e-08
34150.056 9.837041497586139e-09
34200.056 1.162091149295418e-08
34250.056 1.1129929355763651e-08
34300.056 9.718243763523542e-09
34350.056 9.487654374099772e-09
34400.056 7.531818149832122e-09
34450.056 1.1637424758154202e-08
34500.056 1.026605354525237e-08
34550.056 7.323705291102646e-09
34600.056 1.438933510339991e-08
34650.056 8.620626197630816e-09
34700.056 1.2196990356178893e-08
34750.056 1.1414032141185474e-08
34800.056 9.827728383126303e-09
34850.056 1.2762982987703879e-08
34900.056 1.2320417407722887e-08
34950.056 1.4080013654096418e-08
35000.056 2.1889839122154904e-08
35050.056 1.241902492792043e-08
35100.056 1.778760267091287e-08
35150.056 1.6530931312285462e-08
35200.056 1.7343889732377953e-08
35250.056 2.3861262193210914e-08
35300.056 1.7175586205593403e-08
35350.056 1.796148444591313e-08
35400.056 2.0452066531197203e-08
35450.056 1.3818647126598543e-08
35500.056 2.9175857268017017e-08
35550.056 2.5774266263194632e-08
35600.056 2.2168622065213474e-08
35650.056 2.5119831394088513e-08
35700.056 2.2805629868132545e-08
35750.056 3.0353969767396235e-08
35800.056 3.843957547376126e-08
35850.056 2.2095737999567236e-08
35900.056 3.009895828380438e-08
35950.056 2.9526670261500377e-08
36000.056 2.946498458580493e-08
36050.056 2.6699635655689687e-08
36100.056 2.7884505314682473e-08
36150.056 3.178339963869107e-08
36200.056 3.4703640717489074e-08
36250.056 3.124503861503991e-08
36300.056 4.074304391873974e-08
36350.056 3.660246511332707e-08
36400.056 3.779495148197142e-08
36450.056 4.483108192340449e-08
36500.056 4.8155006970862486e-08
36550.056 4.940508720626488e-08
36600.056 5.865593599899255e-08
36650.056 5.4940118645476745e-08
36700.056 5.8082401991003715e-08
36750.056 6.412393479503639e-08
36800.056 6.43583255399996e-08
36850.056 5.725268002849008e-08
36900.056 6.655570946789119e-08
36950.056 7.248370309958675e-08
37000.056 6.564302114168982e-08
37050.056 6.952180193099474e-08
37100.056 7.37427514080018e-08
37150.056 6.394740921947498e-08
37200.056 7.842952882898699e-08
37250.056 7.531687061278551e-08
37300.056 6.641079125661743e-08
37350.056 7.334434154641604e-08
37400.056 1.0491216118999762e-07
37450.056 7.62529748303928e-08
37500.056 7.734562871875364e-08
37550.056 9.683553940246404e-08
37600.056 1.1064442724901341e-07
37650.056 7.40958429766021e-08
37700.056 1.1253337914341048e-07
37750.056 8.368308735770267e-08
37800.056 8.976861730874822e-08
37850.056 6.423534030840644e-08
37900.056 7.559376121902415e-08
37950.056 9.496930405607865e-08
38000.056 1.1061115026429766e-07
38050.056 1.1057719801503132e-07
38100.056 1.1301076920862058e-07
38150.056 1.2666148030699756e-07
38200.056 1.324212306410303e-07
38250.056 1.2226817693221153e-07
38300.056 1.6027082335197127e-07
38350.056 1.632333909710285e-07
38400.056 1.0562155200625325e-07
38450.056 1.0684563790445924e-07
38500.056 7.683101082320732e-08
38550.056 1.1963821999203896e-07
38600.056 1.2190068147409827e-07
38650.056 1.2185336938107672e-07
38700.056 1.2864979763199882e-07
38750.056 1.3736544662400972e-07
38800.056 1.212959015233255e-07
38850.056 1.2687835523521848e-07
38900.056 1.6473303055600272e-07
38950.056 1.3074765261998445e-07
39000.056 1.5021422840298983e-07
39050.056 1.346903720170098e-07
39100.056 1.4791003081400092e-07
39150.056 1.535888455020024e-07
39200.056 1.515208632254832e-07
39250.056 1.7586202234997622e-07
39300.056 1.464715907409431e-07
39350.056 1.952161044530131e-07
39400.056 1.6184748539336106e-07
39450.056 1.7520193160168694e-07
39500.056 1.746915640330361e-07
39550.056 1.68891510806956e-07
39600.056 1.881655157299539e-07
39650.056 2.048465052249816e-07
39700.056 1.9532992070802342e-07
39750.056 1.6002978647815812e-07
39800.056 1.845593126489676e-07
39850.056 2.2996851737800588e-07
39900.056 2.269998151090103e-07
39950.056 1.9711311452195503e-07
40000.056 2.548983727660485e-07
40050.056 2.2659702592299982e-07
40100.056 1.8345568140922574e-07
40150.056 2.3498191373958386e-07
40200.056 2.399432685869154e-07
40250.056 2.41102142330919e-07
40300.056 2.3900607584203706e-07
40350.056 2.372435626989752e-07
40400.056 2.7735139513021523e-07
40450.056 2.331750853730176e-07
40500.056 2.7779968716698327e-07
40550.056 2.812611587975323e-07
40600.056 2.6739325867403486e-07
40650.056 2.417234055233301e-07
40700.056 3.3023776164499113e-07
40750.056 2.6633644068995285e-07
40800.056 2.182402021338933e-07
40850.056 3.40203165070081e-07
40900.056 3.1519998475002095e-07
40950.056 2.8683535593301794e-07
41000.056 2.877837380999915e-07
41050.056 3.5690139817994936e-07
41100.056 3.0270604580199974e-07
41150.056 2.2771475907317186e-07
41200.056 3.4595227303998333e-07
41250.056 2.971261230869748e-07
41300.056 2.7206903606994006e-07
41350.056 3.6678165481003235e-07
41400.056 3.301320880920494e-07
41450.056 3.5492685704002114e-07
41500.056 2.8594484967890616e-07
41550.056 2.8523057842056695e-07
41600.056 3.4187741872945513e-07
41650.056 3.4710999064201646e-07
41700.056 3.2058747408589664e-07
41750.056 3.2666220062097566e-07
41800.056 3.7941864709001187e-07
41850.056 2.75662068346996e-07
41900.056 3.192341881083352e-07
41950.056 3.167003445300616e-07
42000.056 3.0152814555490936e-07
42050.056 2.734308399074262e-07
42100.056 3.768396928099979e-07
42150.056 2.838619937330069e-07
42200.056 2.745500411130065e-07
42250.056 2.8894753599295545e-07
42300.056 2.8081868233339945e-07
42350.056 3.4117748136005376e-07
42400.056 3.273891742800739e-07
42450.056 2.9112310949504955e-07
42500.056 2.8696294320798836e-07
42550.056 2.747705471299598e-07
42600.056 2.968341870360668e-07
42650.056 3.666104992248674e-07
42700.056 3.0268883562055955e-07
42750.056 2.8532111053500853e-07
42800.056 3.1943043705004826e-07
42850.056 3.5695717620988377e-07
42900.056 3.778725636720923e-07
42950.056 3.021098892399095e-07
43000.056 3.4244666201003365e-07
43050.056 2.3483531053409118e-07
43100.056 3.0505368553994054e-07
43150.056 2.8585119234203626e-07
43200.056 3.407259904620076e-07
43250.056 4.0924718987002466e-07
43300.056 4.041690612700151e-07
43350.056 2.7010571395992967e-07
43400.056 3.2696910231697624e-07
43450.056 2.828323695870513e-07
43500.056 2.77787862384009e-07
43550.056 2.914245605967604e-07
43600.056 3.8356203488604013e-07
43650.056 2.870291874140075e-07
43700.056 3.8215365366004966e-07
43750.056 3.5210292745105295e-07
43800.056 3.3138875697395855e-07
43850.056 2.939137504370474e-07
43900.056 3.1596393262496637e-07
43950.056 2.3055004657298268e-07
44000.056 2.2007507645199682e-07
44050.056 3.544901316850122e-07
44100.056 4.2176662330002545e-07
44150.056 3.985225768209588e-07
44200.056 3.5549716280399515e-07
44250.056 2.7138289910500955e-07
44300.056 2.4057903661404483e-07
44350.056 2.684641412037742e-07
44400.056 2.649734359329912e-07
44450.056 3.257261884919628e-07
44500.056 3.2968827782108354e-07
44550.056 3.9532597385994976e-07
44600.056 3.3492733117923344e-07
44650.056 3.492073632990618e-07
44700.056 2.592754006180008e-07
44750.056 3.356238069380423e-07
44800.056 2.962952235570291e-07
44850.056 3.4844071238005463e-07
44900.056 2.888852021000266e-07
44950.056 3.199341297740127e-07
45000.056 3.395752712099852e-07
45050.056 3.3276901966898813e-07
45100.056 3.293405999689994e-07
45150.056 3.2905270330676056e-07
45200.056 2.7216505322802475e-07
45250.056 2.994272475979097e-07
45300.056 2.694970235240448e-07
45350.056 2.7547863137999755e-07
45400.056 3.8488164811003306e-07
45450.056 3.4216138597998656e-07
45500.056 3.524559422190097e-07
45550.056 3.9295384622589904e-07
45600.056 3.847776472200461e-07
45650.056 3.1251566922096544e-07
45700.056 2.8284157283501937e-07
45750.056 2.7077354136700044e-07
45800.056 3.8629612699900356e-07
45850.056 3.9458638583999464e-07
45900.056 4.15405184340005e-07
45950.056 3.3973568909698864e-07
46000.056 3.9400818845502087e-07
46050.056 3.4040529047802487e-07
46100.056 3.977806907899701e-07
46150.056 3.1873012321098825e-07
46200.056 3.0780910301601425e-07
46250.056 2.1250884222756202e-07
46300.056 3.458268530940024e-07
46350.056 3.2972486956102973e-07
46400.056 3.189573845900091e-07
46450.056 3.013311901290451e-07
46500.056 3.191790772190687e-07
46550.056 2.5701450115499635e-07
46600.056 3.135679538059853e-07
46650.056 4.3034001407898924e-07
46700.056 3.219621578129791e-07
46750.056 2.3846217395860617e-07
46800.056 1.9273525128301896e-07
46850.056 4.2351241909707675e-07
46900.056 3.777755397799657e-07
46950.056 3.7790054151998815e-07
47000.056 3.452831990580442e-07
47050.056 3.3099857154128083e-07
47100.056 2.3616324747333685e-07
47150.056 2.955986906070438e-07
47200.056 3.5410032465601414e-07
47250.056 2.6803906638897586e-07
47300.056 2.0774004732460949e-07
47350.056 3.789432706399691e-07
47400.056 3.5407274629796454e-07
47450.056 3.4267772655303576e-07
47500.056 3.8747131847594906e-07
47550.056 3.4503754607000475e-07
47600.056 3.4447856723497977e-07
47650.056 3.063488926371502e-07
47700.056 3.179031178804862e-07
47750.056 2.340814764080087e-07
47800.056 2.519934593520103e-07
47850.056 1.8707326992901096e-07
47900.056 2.391012356279625e-07
47950.056 2.990956706020282e-07
48000.056 4.0872308387005947e-07
48050.056 3.6308773290600347e-07
48100.056 2.2766328073201757e-07
48150.056 3.017111373840208e-07
48200.056 2.725868250390027e-07
48250.056 2.767807785280137e-07
48300.056 3.7557644054990457e-07
48350.056 2.457885159160169e-07
48400.056 1.5926703108856997e-07
48450.056 2.599814986010699e-07
48500.056 3.3279397211194945e-07
48550.056 2.803380907080062e-07
48600.056 3.097540286500047e-07
48650.056 3.2831995156997747e-07
48700.056 2.8900057073499676e-07
48750.056 1.959726288950988e-07
48800.056 3.7530486662999653e-07
48850.056 2.373228793479533e-07
48900.056 3.510041651959936e-07
48950.056 2.4767453505002696e-07
49000.056 1.52037684905973e-07
49050.056 2.977448282439702e-07
49100.056 3.2235629805705953e-07
49150.056 2.733581905103265e-07
49200.056 3.5067187383004837e-07
49250.056 3.362565795660474e-07
49300.056 2.9452356624199455e-07
49350.056 1.837731447880317e-07
49400.056 2.4635562003596537e-07
49450.056 2.581594777035821e-07
49500.056 2.1192245533597998e-07
49550.056 1.161637958320131e-07
49600.056 1.9591574361524467e-07
49650.056 2.44321016124987e-07
49700.056 2.3478989055293133e-07
49750.056 2.8641529866894775e-07
49800.056 2.305387202124137e-07
49850.056 3.369134009040776e-07
49900.056 2.7081224771997623e-07
49950.056 2.630128114009947e-07
50000.056 2.4265704467897404e-07
50050.056 2.913828799349958e-07
50100.056 2.39149927835012e-07
50150.056 1.625735071109794e-07
50200.056 7.991331900161535e-08
50250.056 2.1921306797997376e-07
50300.056 1.7429882059301827e-07
50350.056 2.900183153740304e-07
50400.056 2.553896311119819e-07
50450.056 2.041549822898183e-07
50500.056 2.6893162130503453e-07
50550.056 2.4494026441801724e-07
50600.056 2.0730158507294848e-07
50650.056 2.7856727923605677e-07
50700.056 2.970497054399013e-07
50750.056 2.326225921120349e-07
50800.056 1.393823780487856e-07
50850.056 1.270441568720429e-07
50900.056 2.8621650614799646e-07
50950.056 2.2070717049402585e-07
51000.056 2.3599757496301628e-07
51050.056 2.3396447910299225e-07
51100.056 1.2928750440588375e-07
51150.056 1.7986382064298823e-07
51200.056 3.1746914951997815e-07
51250.056 2.0952648351795779e-07
51300.056 1.7034660330407657e-07
51350.056 1.8496362252998681e-07
51400.056 1.0920638822100041e-07
51450.056 9.2650086553875e-08
51500.056 1.0068999910603542e-07
51550.056 2.2477652008841595e-07
51600.056 1.611977207610295e-07
51650.056 1.692994487959656e-07
51700.056 1.9033939190088024e-07
51750.056 1.3732509467951605e-07
51800.056 2.0590782208995417e-07
51850.056 1.871596930469895e-07
51900.056 2.674861158640303e-07
51950.056 1.9883906276098278e-07
52000.056 7.150802015898533e-08
52050.056 1.4512426363401962e-07
52100.056 1.1006413962399059e-07
52150.056 9.412710087800858e-08
52200.056 1.125879464826e-07
52250.056 1.4817291850302638e-07
52300.056 2.1782769535898642e-07
52350.056 1.442087679244051e-07
52400.056 1.0773357501191026e-07
52450.056 2.0155776499801255e-07
52500.056 1.922935732899473e-07
52550.056 1.9082200615196135e-07
52600.056 1.583806292180179e-07
52650.056 1.6774300159902665e-07
52700.056 1.4563016616199702e-07
52750.056 9.652410086999719e-08
52800.056 1.2469347603401835e-07
52850.056 1.3531147724395753e-07
52900.056 1.1555256994598364e-07
52950.056 1.291100894150041e-07
53000.056 1.7839374637901316e-07
53050.056 9.496598193347269e-08
53100.056 1.4550867334796475e-07
53150.056 2.028723383840245e-07
53200.056 9.636971263959632e-08
53250.056 1.812487934700117e-07
53300.056 1.9701969689070463e-07
53350.056 1.8030612263399529e-07
53400.056 1.5976505779200143e-07
53450.056 8.93681982569853e-08
