galfind/configs/Brown_Dwarf_templates/sonora_bobcat/m0.0/100g/sp_t200g100nc_m0.0_resample.dat
# %ECSV 1.0
# ---
# datatype:
# - {name: wav, unit: Angstrom, datatype: float64}
# - {name: flux_nu, unit: erg / (cm2 Hz s), datatype: float64}
# meta: {C/O: '1.00', Kzz: '1.0000E+05', Teff: '200.', Y: '0.28', '[Fe/H]': '0.00', f_hole: '1.00', f_rain: '0.00', grav: '100.'}
# schema: astropy-2.0
wav flux_nu
4000.0559999999996 nan
4050.0559999999996 1.5722352384300233e-20
4100.056 2.070012394850023e-19
4150.056 6.833433494700048e-19
4200.056 1.124409639500007e-18
4250.056 4.235245631600028e-18
4300.056 9.351129737200042e-18
4350.056 1.7481252810000074e-17
4400.056 2.4775834699999997e-17
4450.056 3.3451874005000053e-17
4500.056 6.363009992600028e-17
4550.056 1.0938154271600038e-16
4600.056 1.545601689000003e-16
4650.056 1.8653306007000003e-16
4700.056 1.8274607647000024e-16
4750.056 1.7965882863000026e-16
4800.056 1.8140169026999989e-16
4850.056 1.227099625889993e-16
4900.056 9.134487722399981e-17
4950.056 7.533477759699995e-17
5000.056 4.531396010799966e-17
5050.056 2.4914418415799965e-17
5100.056 3.185001814900039e-17
5150.056 4.92145040780001e-17
5200.056 6.785441415300022e-17
5250.056 8.023390329100015e-17
5300.056 9.450891415400022e-17
5350.056 1.1076243370000014e-16
5400.056 1.1451836717700012e-16
5450.056 1.32856353500001e-16
5500.056 1.6701827520000024e-16
5550.056 2.1188772727000035e-16
5600.056 2.519601515800004e-16
5650.056 2.803115064199999e-16
5700.056 2.4918269124000054e-16
5750.056 2.7004668886000066e-16
5800.056 2.6796605271999986e-16
5850.056 1.7637274425499672e-16
5900.056 2.223606811374152e-17
5950.056 2.0547517534500765e-16
6000.056 5.414114338300004e-16
6050.056 1.3725196534400143e-15
6100.056 2.663274083200024e-15
6150.056 4.301997400900026e-15
6200.056 6.3146851331000294e-15
6250.056 7.640869892699981e-15
6300.056 1.0329829267999991e-14
6350.056 1.3827478454399965e-14
6400.056 1.750337717200004e-14
6450.056 1.3507307306799704e-14
6500.056 1.443939245940028e-14
6550.056 2.0900206292899313e-14
6600.056 3.330474547610081e-14
6650.056 6.138787270500064e-14
6700.056 1.0155293722600089e-13
6750.056 1.5587622499000109e-13
6800.056 1.8175465375000028e-13
6850.056 1.757516533799997e-13
6900.056 1.0311353247339811e-13
6950.056 3.142206732409172e-14
7000.056 4.415031518179739e-14
7050.056 3.989820092190105e-14
7100.056 5.1068434779599415e-14
7150.056 2.3177081084936408e-14
7200.056 3.63097862231123e-15
7250.056 2.9522628604293843e-15
7300.056 4.2184806681060275e-15
7350.056 1.2993583714643726e-14
7400.056 3.89592992760409e-14
7450.056 1.2967959388400546e-13
7500.056 2.605138378800018e-13
7550.056 3.972692973400024e-13
7600.056 4.944205261500013e-13
7650.056 3.6886345500099654e-13
7700.056 4.118570313980053e-13
7750.056 7.080982958100041e-13
7800.056 7.289376543399987e-13
7850.056 5.576560658799851e-13
7900.056 4.827123602990052e-13
7950.056 6.475449019129948e-13
8000.056 5.001622999699982e-13
8050.056 5.014651507600035e-13
8100.056 1.1465294515736254e-13
8150.056 4.512503879556421e-15
8200.056 5.793859887678502e-14
8250.056 7.787727986864598e-14
8300.056 3.2696327523306823e-14
8350.056 4.3233503900286974e-14
8400.056 1.0553716472887219e-13
8450.056 3.278911770420061e-13
8500.056 5.332333502900035e-13
8550.056 7.776471416400118e-13
8600.056 1.0113575833100086e-12
8650.056 1.0104978537599935e-12
8700.056 5.837404013399903e-13
8750.056 3.894087131099945e-13
8800.056 1.7892069128798852e-13
8850.056 6.684603601449407e-14
8900.056 4.0698774894060067e-16
8950.056 7.155749566161392e-18
9000.056 7.969614148359586e-18
9050.056 1.609455567224571e-16
9100.056 3.7345046288918827e-16
9150.056 1.2359874579201766e-15
9200.056 1.046656272749167e-14
9250.056 5.132819462947155e-15
9300.056 2.1935298865059116e-18
9350.056 1.933309093834626e-19
9400.056 2.6331494662052795e-17
9450.056 4.1973684921502805e-18
9500.056 8.693791227508757e-18
9550.056 5.644652502509505e-18
9600.056 3.052477384959871e-17
9650.056 1.9432743051140675e-16
9700.056 4.828549043473325e-15
9750.056 1.589338112154192e-15
9800.056 2.0352151012722225e-15
9850.056 2.4829593969466682e-15
9900.056 3.784716771457522e-15
9950.056 3.4330414744054328e-15
10000.056 2.888320554287903e-15
10050.056 2.7262416549198947e-15
10100.056 1.8856248741600252e-15
10150.056 6.670608627339817e-16
10200.056 3.291756539230428e-17
10250.056 1.5096705518261107e-17
10300.056 1.0015264704528175e-16
10350.056 2.1672857179532508e-17
10400.056 3.18667500341672e-16
10450.056 8.409123480877206e-16
10500.056 3.1314103675522676e-15
10550.056 1.0609110628500165e-14
10600.056 1.644747494450065e-14
10650.056 1.536605755469978e-14
10700.056 8.957372044699735e-15
10750.056 6.614716161889706e-15
10800.056 5.395308027240155e-15
10850.056 3.848007854230939e-15
10900.056 2.7438380085309087e-15
10950.056 1.3941359785799953e-15
11000.056 5.78490622720917e-16
11050.056 2.150170579580274e-16
11100.056 3.926289368107212e-17
11150.056 3.521002952376923e-18
11200.056 4.104197047203974e-19
11250.056 8.181391813683641e-20
11300.056 1.6453921578091113e-18
11350.056 7.152628428695598e-20
11400.056 4.351341930243805e-18
11450.056 1.590984263075105e-18
11500.056 1.9320306845480707e-18
11550.056 3.9327834793501615e-19
11600.056 1.893185513203585e-20
11650.056 4.578777798827241e-19
11700.056 1.1696692701851664e-18
11750.056 4.0673194817927907e-19
11800.056 2.6221633849966096e-18
11850.056 1.5953963983519384e-18
11900.056 3.1979679269406007e-18
11950.056 7.195903766156332e-18
12000.056 6.881039283869632e-18
12050.056 9.889075454773778e-18
12100.056 1.0241189985352162e-17
12150.056 1.4988383507643884e-17
12200.056 1.7829133312758593e-17
12250.056 1.2763783721135262e-16
12300.056 4.072251904643427e-16
12350.056 5.495040554721719e-16
12400.056 1.9847010818040688e-15
12450.056 7.446867931960327e-15
12500.056 1.1716032460789832e-14
12550.056 1.155292775729997e-14
12600.056 2.404159666626176e-14
12650.056 7.723524203204335e-14
12700.056 1.0226118131699804e-13
12750.056 5.120170869011447e-14
12800.056 2.8007505094896442e-14
12850.056 7.398887306989532e-15
12900.056 2.0922434256697477e-15
12950.056 1.5129963487936345e-15
13000.056 1.5245081668388286e-15
13050.056 6.398753376019091e-16
13100.056 5.809720783315221e-16
13150.056 1.2058545563490914e-16
13200.056 1.9841750809006767e-16
13250.056 4.446686384509475e-16
13300.056 9.61801982769197e-17
13350.056 5.835833793846259e-17
13400.056 2.2088341166851924e-17
13450.056 1.879410654811827e-18
13500.056 6.659263781054045e-20
13550.056 2.6979436245508328e-21
13600.056 8.864892544080256e-23
13650.056 7.909026000798469e-22
13700.056 2.704209804760284e-22
13750.056 3.3290808727582724e-21
13800.056 3.209425493382436e-21
13850.056 6.863216617518523e-22
13900.056 4.103451055448705e-21
13950.056 1.5189929635177755e-21
14000.056 1.56652701794114e-20
14050.056 1.0920272480763208e-20
14100.056 1.8945879235341436e-20
14150.056 3.020558237458708e-19
14200.056 3.302129633813858e-19
14250.056 8.719103600636334e-19
14300.056 3.3721482188618484e-18
14350.056 2.3226222313254108e-18
14400.056 2.077787558435449e-18
14450.056 5.073490526831559e-18
14500.056 1.9433527431651857e-17
14550.056 1.0356366061046945e-16
14600.056 9.244653806759379e-17
14650.056 1.1180441950087015e-17
14700.056 3.3408177251589247e-18
14750.056 4.1993538997911745e-19
14800.056 5.911047537939735e-19
14850.056 4.217466784306184e-19
14900.056 1.9530147327643425e-19
14950.056 3.496216745483607e-20
15000.056 2.2971051762041616e-19
15050.056 2.6041505877572396e-18
15100.056 1.518222151684717e-19
15150.056 1.1889994671657678e-20
15200.056 1.1011450062927132e-18
15250.056 2.063819013880828e-18
15300.056 6.8924855054042175e-18
15350.056 2.162485792958295e-17
15400.056 1.3048183326328111e-17
15450.056 4.6139407848908135e-17
15500.056 9.920563244625791e-17
15550.056 1.0482189840791908e-15
15600.056 3.9514385182764885e-15
15650.056 1.5332365563683207e-14
15700.056 5.3638976019937324e-14
15750.056 8.229980089873905e-14
15800.056 1.1183335791560472e-13
15850.056 1.8959517452972612e-13
15900.056 2.5886670462428203e-13
15950.056 4.4360979899899615e-13
16000.056 4.492229574319925e-13
16050.056 2.8743166812898726e-13
16100.056 1.2624937692980705e-13
16150.056 4.452207849199365e-14
16200.056 7.629688768888513e-15
16250.056 1.2990387771539138e-15
16300.056 1.8830246798372775e-16
16350.056 9.891692849043105e-17
16400.056 1.0654203318430711e-16
16450.056 1.1874067017072127e-16
16500.056 8.89188158342231e-17
16550.056 1.0002112096555409e-16
16600.056 1.362235326998022e-15
16650.056 2.0070890817178538e-16
16700.056 4.259234180633347e-17
16750.056 8.867744884899852e-17
16800.056 3.2927584770204987e-16
16850.056 3.095974072591695e-16
16900.056 3.21053140625137e-17
16950.056 1.939176510031555e-17
17000.056 4.495617358601631e-18
17050.056 4.943133044266582e-18
17100.056 5.5459049972986904e-17
17150.056 1.6004237242880072e-17
17200.056 1.84866668299371e-16
17250.056 4.271388312039072e-18
17300.056 8.002655157895314e-18
17350.056 3.540695649589926e-17
17400.056 1.464804883006709e-16
17450.056 2.379514203675274e-16
17500.056 7.586938451473266e-16
17550.056 7.049904222078193e-16
17600.056 9.01950178935576e-16
17650.056 1.8086331366938622e-16
17700.056 1.3819072765003664e-16
17750.056 7.738477064960639e-17
17800.056 7.567432224966956e-16
17850.056 7.460988767818287e-17
17900.056 5.107452166250655e-17
17950.056 4.7106118961587174e-17
18000.056 7.81950820892468e-17
18050.056 6.122142268331864e-17
18100.056 5.979191053955016e-17
18150.056 1.5649124191657404e-17
18200.056 1.551657439736179e-17
18250.056 1.06976465184626e-16
18300.056 5.571522544543999e-18
18350.056 4.4201363817096794e-18
18400.056 1.5319457484723057e-18
18450.056 1.725083194956914e-17
18500.056 1.0492111193948651e-17
18550.056 5.633394432368883e-18
18600.056 2.2186316805585344e-17
18650.056 3.107040294222847e-17
18700.056 2.3041738030141073e-18
18750.056 3.012762689226651e-18
18800.056 6.47132542341471e-17
18850.056 3.7688378351058155e-17
18900.056 9.462715324661025e-17
18950.056 7.896598439042842e-17
19000.056 9.746467591566063e-18
19050.056 4.896853502120636e-18
19100.056 1.9582169783800457e-17
19150.056 9.657138395513231e-18
19200.056 2.0434206227409323e-17
19250.056 1.3518829749545542e-17
19300.056 5.850763228668476e-18
19350.056 5.809635153164581e-18
19400.056 2.7065624466026514e-18
19450.056 1.0001235896604873e-18
19500.056 7.843320655055e-19
19550.056 4.475807622055376e-18
19600.056 1.0775472149321744e-17
19650.056 5.428297473907273e-18
19700.056 1.3337247748501349e-17
19750.056 2.4286202740140207e-17
19800.056 1.1055023323952186e-17
19850.056 1.5666001472516975e-17
19900.056 3.445359923265418e-17
19950.056 3.6150669315288e-17
20000.056 3.6271959528032126e-17
20050.056 3.1052498299750736e-17
20100.056 4.9715424644052593e-17
20150.056 3.2469286733586144e-17
20200.056 1.7762253571412025e-17
20250.056 6.854068392283241e-17
20300.056 9.956546978330252e-17
20350.056 1.0971451796197817e-16
20400.056 9.892240953388715e-17
20450.056 1.4510664758907434e-16
20500.056 1.3780358047710144e-16
20550.056 1.3395583312421797e-16
20600.056 1.2625456025041517e-16
20650.056 1.1986845009477873e-16
20700.056 1.130786785895927e-16
20750.056 9.662771580999679e-17
20800.056 8.022945491399303e-17
20850.056 7.367702394499934e-17
20900.056 6.294843863199953e-17
20950.056 5.2550096677998924e-17
21000.056 4.5597724355999404e-17
21050.056 4.281902190199939e-17
21100.056 4.1861967164000254e-17
21150.056 4.4725378098001e-17
21200.056 4.990260069400171e-17
21250.056 5.957958471699907e-17
21300.056 6.860164318700065e-17
21350.056 8.115783534259714e-17
21400.056 1.0411168684000997e-16
21450.056 1.0221204079252697e-16
21500.056 9.97724282698796e-17
21550.056 1.1630230076895296e-16
21600.056 1.11181900659341e-16
21650.056 9.028809182383676e-17
21700.056 6.054268535595041e-17
21750.056 7.901912487347071e-17
21800.056 6.482114869983621e-17
21850.056 6.892832475821252e-17
21900.056 5.019836050818976e-17
21950.056 1.680852434822245e-17
22000.056 5.330249885223947e-19
22050.056 9.61078540400047e-19
22100.056 4.313715661676637e-18
22150.056 1.7027579794003373e-18
22200.056 1.3178829555037494e-18
22250.056 9.57980739857162e-19
22300.056 1.0741664294072244e-19
22350.056 5.136284843511081e-19
22400.056 1.6246996309970834e-19
22450.056 3.634242913330618e-19
22500.056 2.9042075763632936e-19
22550.056 3.118631645992023e-20
22600.056 1.586669661666997e-20
22650.056 1.124583209531561e-20
22700.056 3.251273182085262e-20
22750.056 1.15230074354161e-19
22800.056 1.9811316580225881e-19
22850.056 1.0201478286702734e-19
22900.056 5.028534851284322e-20
22950.056 2.0459508509480442e-20
23000.056 1.7926983172753344e-20
23050.056 3.957977788803708e-21
23100.056 2.522086007515304e-18
23150.056 3.266282309344084e-18
23200.056 1.4086167942436003e-20
23250.056 3.532763635086355e-19
23300.056 8.234913413098434e-20
23350.056 2.748087038568594e-19
23400.056 4.2248485949612888e-19
23450.056 4.517209840477956e-20
23500.056 4.498625921068582e-20
23550.056 1.4740049930692823e-19
23600.056 8.291289756435596e-19
23650.056 2.1024321260204066e-18
23700.056 5.537979464092508e-20
23750.056 1.5093037925025896e-19
23800.056 1.9801440183692764e-18
23850.056 5.673613423129603e-19
23900.056 2.4085589806296653e-18
23950.056 6.103886036682605e-19
24000.056 5.0716012859757934e-18
24050.056 5.370454335554227e-18
24100.056 1.7104255226302563e-17
24150.056 2.7576363435357033e-17
24200.056 1.5191780569341706e-17
24250.056 9.246704967955531e-18
24300.056 3.052047658248353e-17
24350.056 5.141446493696113e-17
24400.056 1.2102212031124897e-16
24450.056 2.0891321100001687e-16
24500.056 2.264540703868039e-16
24550.056 4.624574872226603e-16
24600.056 8.075240864520445e-16
24650.056 1.5122225308501072e-15
24700.056 1.3298175433608956e-15
24750.056 2.3215141036234967e-15
24800.056 2.542724030388876e-15
24850.056 3.304432972436994e-15
24900.056 3.0862607268339944e-15
24950.056 4.333002029803346e-15
25000.056 6.125995504705362e-15
25050.056 5.852493513368337e-15
25100.056 6.2289341857570935e-15
25150.056 3.775518405797594e-15
25200.056 5.959612625510951e-15
25250.056 3.600932413423951e-15
25300.056 2.841920117381353e-15
25350.056 2.5836634066845466e-15
25400.056 4.4919895756138954e-15
25450.056 1.6793968978881762e-15
25500.056 1.1780120283470398e-15
25550.056 2.1136237703853798e-15
25600.056 7.718835734142117e-16
25650.056 3.1984949610940665e-16
25700.056 3.565811696373167e-16
25750.056 1.3416209947214138e-16
25800.056 9.220402539133337e-16
25850.056 1.3388478733154592e-16
25900.056 7.821279184300121e-17
25950.056 1.781923483113324e-16
26000.056 5.014946260415216e-16
26050.056 2.04680287604241e-16
26100.056 4.579340814331534e-16
26150.056 3.264831508044033e-16
26200.056 4.262738098648536e-16
26250.056 1.306495360024217e-15
26300.056 6.26892211887058e-16
26350.056 1.772507822511461e-15
26400.056 4.060490179537377e-15
26450.056 4.218682703048358e-15
26500.056 7.174602256760278e-15
26550.056 1.8315976532161193e-15
26600.056 2.0010460889514847e-15
26650.056 7.119202665598192e-16
26700.056 9.067841830701902e-16
26750.056 1.2112325092007836e-15
26800.056 3.021232021988913e-15
26850.056 2.2608395900947595e-15
26900.056 4.943943982549638e-15
26950.056 1.86595102275549e-15
27000.056 5.575196873133888e-15
27050.056 9.465552657199522e-15
27100.056 1.7113677518381866e-15
27150.056 8.307416489259587e-15
27200.056 2.1857685795362376e-15
27250.056 4.3890410691720296e-15
27300.056 1.919493398810027e-14
27350.056 9.471074712866885e-15
27400.056 2.243821361862849e-15
27450.056 1.3392860533101512e-14
27500.056 1.4944147757327925e-14
27550.056 6.062053949035487e-15
27600.056 1.2831768815740468e-14
27650.056 5.887874388794417e-15
27700.056 7.0359952218492675e-15
27750.056 1.7924342743761928e-14
27800.056 9.675616927009944e-15
27850.056 1.452753299826859e-14
27900.056 1.601327585643387e-14
27950.056 1.7738024995698645e-14
28000.056 2.6834423171678726e-14
28050.056 3.918064727905519e-15
28100.056 1.954515616044173e-14
28150.056 1.7920162543107828e-14
28200.056 4.636154247122386e-15
28250.056 1.3563935493452861e-14
28300.056 8.713116384404885e-15
28350.056 2.0371165980388836e-15
28400.056 9.601554140547691e-15
28450.056 3.736138620687714e-15
28500.056 2.5413498637278945e-15
28550.056 3.624411730468989e-15
28600.056 9.207623367639273e-15
28650.056 2.1151121151588267e-15
28700.056 6.646902537117801e-15
28750.056 7.0658888118042664e-15
28800.056 9.9780195846532e-16
