galfind/configs/Brown_Dwarf_templates/sonora_bobcat/m0.0/100g/sp_t1800g100nc_m0.0_resample.dat
# %ECSV 1.0
# ---
# datatype:
# - {name: wav, unit: Angstrom, datatype: float64}
# - {name: flux_nu, unit: erg / (cm2 Hz s), datatype: float64}
# meta: {C/O: '1.00', Kzz: '1.0000E+05', Teff: '1800.', Y: '0.28', '[Fe/H]': '0.00', f_hole: '1.00', f_rain: '0.00', grav: '100.'}
# schema: astropy-2.0
wav flux_nu
[from data line 496]
28800.056 1.0962795213542897e-06
28850.056 1.1784424171921575e-06
28900.056 8.921637701970608e-07
28950.056 1.3176367731799322e-06
29000.056 1.0694349064497036e-06
29050.056 1.117764124799863e-06
29100.056 9.093071186251281e-07
29150.056 1.2036709598102349e-06
29200.056 1.0450567010282544e-06
29250.056 1.2078481691020298e-06
29300.056 9.736257438895106e-07
29350.056 1.4068568676497577e-06
29400.056 1.1061270744498252e-06
29450.056 1.1407591984299647e-06
29500.056 1.1933540837198582e-06
29550.056 1.1450077191100668e-06
29600.056 1.247258262859801e-06
29650.056 1.1897272321998935e-06
29700.056 1.0567057616898129e-06
29750.056 1.3389997662006492e-06
29800.056 1.3471905592398992e-06
29850.056 1.28362578954985e-06
29900.056 1.1611868512803466e-06
29950.056 1.390714048919761e-06
30000.056 1.3679211928797001e-06
30050.056 1.271827161029898e-06
30100.056 1.064706650889689e-06
30150.056 1.6141692417598922e-06
30200.056 1.4007365027601164e-06
30250.056 1.4038837357804098e-06
30300.056 1.3763603472498155e-06
30350.056 1.31322844176019e-06
30400.056 1.6278868484603212e-06
30450.056 1.2739391747201286e-06
30500.056 1.182088197860177e-06
30550.056 1.617025395280352e-06
30600.056 1.5546607138302145e-06
30650.056 1.5857962021300313e-06
30700.056 1.4525188611999199e-06
30750.056 1.4003137400800391e-06
30800.056 1.6644890140203602e-06
30850.056 1.4025026065599032e-06
30900.056 1.4205558417898748e-06
30950.056 1.3546134376502012e-06
31000.056 1.5686944528299397e-06
31050.056 1.3954454408599823e-06
31100.056 1.3909775871398977e-06
31150.056 1.5394374576297009e-06
31200.056 1.5268972834798504e-06
31250.056 1.6112432569801862e-06
31300.056 1.4615156580298267e-06
31350.056 1.463953073219965e-06
31400.056 1.4131437537203792e-06
31450.056 1.4682467983900126e-06
31500.056 1.47749917461012e-06
31550.056 1.3787686148900028e-06
31600.056 1.414364738649874e-06
31650.056 1.4809034614499552e-06
31700.056 1.472629205709887e-06
31750.056 1.3003721800102658e-06
31800.056 1.5655754432000394e-06
31850.056 1.6088063752902027e-06
31900.056 1.7200182526598914e-06
31950.056 1.2314160849098725e-06
32000.056 1.4075616641702053e-06
32050.056 1.6690685946601805e-06
32100.056 1.6510379989498135e-06
32150.056 1.7350908662799669e-06
32200.056 1.624130391669926e-06
32250.056 1.6274487951002258e-06
32300.056 1.6403348898600235e-06
32350.056 1.8891530578703326e-06
32400.056 1.576993333240044e-06
32450.056 1.6604547429899579e-06
32500.056 1.7828987707503186e-06
32550.056 2.0155679150500897e-06
32600.056 1.993822472239869e-06
32650.056 1.989184444480629e-06
32700.056 1.9068747800902407e-06
32750.056 1.9525163912400248e-06
32800.056 1.7966616299401586e-06
32850.056 2.1942592725097274e-06
32900.056 2.1529269562199975e-06
32950.056 1.8185275007198254e-06
33000.056 1.9537504093201935e-06
33050.056 1.9916051195198514e-06
33100.056 1.981031606769478e-06
33150.056 1.548275459930164e-06
33200.056 1.1865320882897576e-06
33250.056 1.1725356706095076e-06
33300.056 1.1261394171102634e-06
33350.056 1.2188237156101365e-06
33400.056 1.2406727575297753e-06
33450.056 1.3947324197296055e-06
33500.056 1.6914594180603064e-06
33550.056 1.6758945412099698e-06
33600.056 1.8747852102204085e-06
33650.056 2.054747697090594e-06
33700.056 2.023909994029673e-06
33750.056 2.2134549463800013e-06
33800.056 2.052667350769762e-06
33850.056 2.090143246000121e-06
33900.056 2.304124751099615e-06
33950.056 2.0598600679798376e-06
34000.056 2.0895503903094365e-06
34050.056 2.0429243897396167e-06
34100.056 2.312772653250283e-06
34150.056 2.1743055017095536e-06
34200.056 2.0378301838893843e-06
34250.056 2.341022942069693e-06
34300.056 1.9870514488890183e-06
34350.056 2.1383954344399823e-06
34400.056 1.9851193433498316e-06
34450.056 2.046277792630014e-06
34500.056 2.227412416130329e-06
34550.056 1.9855576273998506e-06
34600.056 2.2340155492300377e-06
34650.056 2.2343275417400643e-06
34700.056 2.1598130200195278e-06
34750.056 2.3887636583402667e-06
34800.056 2.350120320679584e-06
34850.056 2.1218237269301252e-06
34900.056 2.2284422919003375e-06
34950.056 2.1697278104294695e-06
35000.056 2.2362341642197484e-06
35050.056 2.5238573909305825e-06
35100.056 2.2675327222594663e-06
35150.056 2.3606108948199646e-06
35200.056 2.3994535516298726e-06
35250.056 2.2328769020300338e-06
35300.056 2.356310453050062e-06
35350.056 2.4788008712997978e-06
35400.056 2.306310698309985e-06
35450.056 2.1779013614404966e-06
35500.056 2.561361241599816e-06
35550.056 2.4005275035999213e-06
35600.056 2.228312511609829e-06
35650.056 2.6771294919003135e-06
35700.056 2.270542133100316e-06
35750.056 2.477754781349694e-06
35800.056 2.6338830521997607e-06
35850.056 2.502484495299942e-06
35900.056 2.820086397999631e-06
35950.056 2.5883555194000547e-06
36000.056 2.3893177673998147e-06
36050.056 2.8094417751003325e-06
36100.056 2.845991325299356e-06
36150.056 2.540774580450386e-06
36200.056 2.8448747521796446e-06
36250.056 2.563423880899527e-06
36300.056 3.046828468020546e-06
36350.056 2.8193170857997273e-06
36400.056 2.7419619270000117e-06
36450.056 3.066329551399673e-06
36500.056 2.8211094821801964e-06
36550.056 2.7634308073205682e-06
36600.056 2.8313013483401952e-06
36650.056 2.9362484116001926e-06
36700.056 3.13689984860006e-06
36750.056 2.8620510189002292e-06
36800.056 2.9638242925997873e-06
36850.056 3.0089819682003167e-06
36900.056 3.0468803176004757e-06
36950.056 3.0443790740399013e-06
37000.056 3.1512354098999687e-06
37050.056 3.1806005052998536e-06
37100.056 3.112221463800374e-06
37150.056 3.1138938371994262e-06
37200.056 3.235481897900049e-06
37250.056 3.267450517200156e-06
37300.056 3.2947954105005404e-06
37350.056 3.050785888600447e-06
37400.056 3.2337494038997356e-06
37450.056 3.187972313200251e-06
37500.056 3.2858254379997155e-06
37550.056 3.225406966599448e-06
37600.056 3.407960386299616e-06
37650.056 3.1872266240997557e-06
37700.056 3.293850444300025e-06
37750.056 3.424854638199683e-06
37800.056 3.4951959655998836e-06
37850.056 3.3096586616998556e-06
37900.056 3.40094128800028e-06
37950.056 3.4446183831000823e-06
38000.056 3.3970552888004166e-06
38050.056 3.4254183076002307e-06
38100.056 3.271410191500261e-06
38150.056 3.5820560539996332e-06
38200.056 3.6311777321995895e-06
38250.056 3.3084326343004845e-06
38300.056 3.2810641921999463e-06
38350.056 3.4234257487998633e-06
38400.056 3.5013196812997696e-06
38450.056 3.6173240517002593e-06
38500.056 3.4570893040998606e-06
38550.056 3.478302307600161e-06
38600.056 3.829304935599825e-06
38650.056 3.357627318900104e-06
38700.056 3.4179669017006252e-06
38750.056 3.579156082799961e-06
38800.056 3.539355794300392e-06
38850.056 3.4778264433002442e-06
38900.056 3.3751127512998495e-06
38950.056 3.624337094799756e-06
39000.056 3.4799123001001084e-06
39050.056 3.5784900808998926e-06
39100.056 3.3467271767000587e-06
39150.056 3.4912622311001195e-06
39200.056 3.611526144700128e-06
39250.056 3.575475720499401e-06
39300.056 3.5549151703993483e-06
39350.056 3.5581629428003594e-06
39400.056 3.494070695900097e-06
39450.056 3.516549136699825e-06
39500.056 3.432705508099703e-06
39550.056 3.3842403610994873e-06
39600.056 3.7154636423000503e-06
39650.056 3.2977205968000408e-06
39700.056 3.4423011226998408e-06
39750.056 3.429137063799603e-06
39800.056 3.2289319653001753e-06
39850.056 3.3659629032997474e-06
39900.056 3.3090392494999794e-06
39950.056 3.478599558599839e-06
40000.056 3.1425979767998363e-06
40050.056 3.0106253553999683e-06
40100.056 3.241454602299829e-06
40150.056 3.031312313699398e-06
40200.056 3.1549485809997306e-06
40250.056 3.0755217903991678e-06
40300.056 2.8848514859002823e-06
40350.056 3.1191786550003116e-06
40400.056 3.114640995799955e-06
40450.056 2.898771639500421e-06
40500.056 2.6911364639002056e-06
40550.056 3.151246803799741e-06
40600.056 2.731570613720315e-06
40650.056 2.8891900625003847e-06
40700.056 3.0521082387001684e-06
40750.056 2.680115324499082e-06
40800.056 2.644683117360323e-06
40850.056 2.517562304560585e-06
40900.056 2.5273644021003734e-06
40950.056 2.6850978152799585e-06
41000.056 2.7424152478000833e-06
41050.056 2.6888041499295108e-06
41100.056 2.5298486621101393e-06
41150.056 2.7176424214000783e-06
41200.056 2.5538742391000478e-06
41250.056 2.6029370603002256e-06
41300.056 2.255340602979636e-06
41350.056 2.677530106100102e-06
41400.056 2.480571257100173e-06
41450.056 2.44928674585014e-06
41500.056 2.6268974107401627e-06
41550.056 2.526868647390045e-06
41600.056 2.595845542200053e-06
41650.056 2.3410284606204203e-06
41700.056 2.236581869259697e-06
41750.056 2.3643200473998897e-06
41800.056 2.3544508668696203e-06
41850.056 2.0826801700203994e-06
41900.056 2.4368781856498275e-06
41950.056 2.1438110863005365e-06
42000.056 2.245168404070172e-06
42050.056 2.010667397769352e-06
42100.056 2.311268017540297e-06
42150.056 1.7540865893094063e-06
42200.056 1.915200453980081e-06
42250.056 2.092518245279917e-06
42300.056 1.7569853764400522e-06
42350.056 2.099584260030543e-06
42400.056 1.7943993064904197e-06
42450.056 1.5513158401101504e-06
42500.056 1.6638728750502865e-06
42550.056 1.7300754158699804e-06
42600.056 1.7046519402303763e-06
42650.056 1.519370138319141e-06
42700.056 1.7495043452006093e-06
42750.056 1.6051577096999693e-06
42800.056 1.5905414514005017e-06
42850.056 1.7107626801896392e-06
42900.056 1.6562876440100888e-06
42950.056 1.5018231949392797e-06
43000.056 1.5711225234799674e-06
43050.056 1.4608489174107694e-06
43100.056 1.6025117480901243e-06
43150.056 1.6161431293803044e-06
43200.056 1.5830290593601774e-06
43250.056 1.5529897734799044e-06
43300.056 1.6225512841301464e-06
43350.056 1.431779889839881e-06
43400.056 1.4936284238298867e-06
43450.056 1.4897808876404803e-06
43500.056 1.4608221145297999e-06
43550.056 1.5204889726900675e-06
43600.056 1.5651553927801114e-06
43650.056 1.3649741910501515e-06
43700.056 1.31997075910972e-06
43750.056 1.3917695317702247e-06
43800.056 1.284980300000172e-06
43850.056 1.3248769346003509e-06
43900.056 1.3788544919199051e-06
43950.056 1.2746967779902096e-06
44000.056 1.1993143932901534e-06
44050.056 1.1935160927301107e-06
44100.056 1.260665503490218e-06
44150.056 1.315389844109756e-06
44200.056 1.2222287101599987e-06
44250.056 1.2008081866900354e-06
44300.056 1.1681528310601652e-06
44350.056 1.137167772910064e-06
44400.056 1.2031599687899347e-06
44450.056 1.2296312902900428e-06
44500.056 1.2296519598901452e-06
44550.056 1.1055739963297545e-06
44600.056 1.133648939390123e-06
44650.056 1.2077693110400755e-06
44700.056 1.1114331625700996e-06
44750.056 1.1633512165398685e-06
44800.056 1.1734015300299525e-06
44850.056 1.16022616517009e-06
44900.056 1.0896038735801438e-06
44950.056 1.0303467353800172e-06
45000.056 1.1288153244299217e-06
45050.056 1.1307797629898883e-06
45100.056 1.1652331778199652e-06
45150.056 1.0769332522799814e-06
45200.056 9.922307154199917e-07
45250.056 1.0327252139599013e-06
45300.056 1.1189923892800647e-06
45350.056 1.1573443389599162e-06
45400.056 1.085591702970142e-06
45450.056 9.946871788198454e-07
45500.056 1.0359709587599624e-06
45550.056 1.1450955501699335e-06
45600.056 1.0476675753799722e-06
45650.056 9.549339406398187e-07
45700.056 1.1255914971700813e-06
45750.056 1.0190453333000025e-06
45800.056 1.0030727342099676e-06
45850.056 1.1961587203499695e-06
45900.056 1.196533499610055e-06
45950.056 1.0282238117799893e-06
46000.056 1.2320467792000097e-06
46050.056 1.2190755173502423e-06
46100.056 9.983710807400982e-07
46150.056 1.0880951731599484e-06
46200.056 1.1785583534102564e-06
46250.056 9.654294767699873e-07
46300.056 1.2704352671699562e-06
46350.056 1.0574645591898943e-06
46400.056 1.0931586328898778e-06
46450.056 1.1308924964801886e-06
46500.056 1.0256987971399182e-06
46550.056 1.2707335538799898e-06
46600.056 1.164845088520033e-06
46650.056 1.5053763809798662e-06
46700.056 1.3945896777404035e-06
46750.056 1.0930320469499095e-06
46800.056 1.2056366992501858e-06
46850.056 1.3045638441201392e-06
46900.056 1.2137109771097808e-06
46950.056 1.3829714022500528e-06
47000.056 1.150983608109989e-06
47050.056 1.371029804629797e-06
47100.056 1.0638057616600957e-06
47150.056 1.1978757834001747e-06
47200.056 1.2755718072903263e-06
47250.056 1.1282189881698177e-06
47300.056 1.1949034304297252e-06
47350.056 1.0026446684398104e-06
47400.056 1.2639506542297372e-06
47450.056 1.1186506125199105e-06
47500.056 1.239428231399797e-06
47550.056 1.1105479399398844e-06
47600.056 1.2783706599799041e-06
47650.056 9.194718449297648e-07
47700.056 1.3037913948100473e-06
47750.056 8.824285655102125e-07
47800.056 1.2658098020398758e-06
47850.056 9.592877344698477e-07
47900.056 1.2753942076000667e-06
47950.056 9.38261603950185e-07
48000.056 1.4370054810399906e-06
48050.056 1.0538423254501799e-06
48100.056 1.174317344589964e-06
48150.056 1.0582367133501486e-06
48200.056 1.2864532278001718e-06
48250.056 1.051634423119961e-06
48300.056 1.4083850985897845e-06
48350.056 9.368912031098948e-07
48400.056 1.2624637835699835e-06
48450.056 1.013283097130045e-06
48500.056 1.4242908828400306e-06
48550.056 9.564002051500295e-07
48600.056 1.3140579950498816e-06
48650.056 9.910556347899744e-07
48700.056 1.2785701219100942e-06
48750.056 8.873868046600944e-07
48800.056 1.4377484361100882e-06
48850.056 9.755636412098062e-07
48900.056 1.3067664580001154e-06
48950.056 1.1547622245900206e-06
49000.056 1.1537099174898814e-06
49050.056 1.2314867485299343e-06
49100.056 1.1216231069401335e-06
49150.056 1.1928118254500136e-06
49200.056 1.1197785770699522e-06
49250.056 1.1826638901300083e-06
49300.056 1.0224478819998854e-06
49350.056 1.1047658481299757e-06
49400.056 1.310279033570091e-06
49450.056 1.1016575866502552e-06
49500.056 1.168179923630084e-06
49550.056 1.0090469343399804e-06
49600.056 1.116688305050255e-06
49650.056 1.169932202440054e-06
49700.056 9.95538053979918e-07
49750.056 1.5335434124797854e-06
49800.056 1.1152765075400616e-06
49850.056 1.4524553112100564e-06
49900.056 1.1292646525300874e-06
49950.056 1.2077478671296987e-06
50000.056 1.1852351294697322e-06
50050.056 1.1874402705400975e-06
50100.056 1.2958688655399204e-06
50150.056 1.0769205840400324e-06
50200.056 1.0101309774301268e-06
50250.056 1.1870897710800756e-06
50300.056 1.0897198958399253e-06
50350.056 1.3120918925599867e-06
50400.056 1.1319839383299681e-06
50450.056 1.1315863837801726e-06
50500.056 1.4678205690002259e-06
50550.056 1.1731071178099436e-06
50600.056 1.2859346388700228e-06
50650.056 1.1945073634202765e-06
50700.056 1.3335188254796354e-06
50750.056 1.3750818387801933e-06
50800.056 9.981670227398897e-07
50850.056 1.2064318956902067e-06
50900.056 1.2910551750399528e-06
50950.056 1.3060804010402193e-06
51000.056 1.5241928926001377e-06
51050.056 1.1332879367201539e-06
51100.056 1.1108774153599146e-06
51150.056 1.2956318637999157e-06
51200.056 1.2189422171399451e-06
51250.056 1.3672085551699593e-06
51300.056 1.1061998114903554e-06
51350.056 1.2808045103997872e-06
51400.056 1.1938955797997015e-06
51450.056 8.786439803798575e-07
51500.056 1.2117444184900087e-06
51550.056 1.5507486025601456e-06
51600.056 1.0148150528100388e-06
51650.056 1.2357142410397984e-06
51700.056 1.149916289359643e-06
51750.056 1.0948819177700817e-06
51800.056 1.3424136451997777e-06
51850.056 1.3104272100198316e-06
51900.056 1.3925611094202362e-06
51950.056 1.2690980544198744e-06
52000.056 1.0678072874899474e-06
52050.056 1.2665549590799144e-06
52100.056 1.176217161139773e-06
52150.056 1.1937313178700887e-06
52200.056 1.1527900886500625e-06
52250.056 1.1986765377399942e-06
52300.056 1.3180259030099812e-06
52350.056 1.424331300900179e-06
52400.056 1.020348935100145e-06
52450.056 1.2093204934399867e-06
52500.056 1.365059869159735e-06
52550.056 1.2500168037196228e-06
52600.056 1.2864082132501645e-06
52650.056 1.4578920588402108e-06
52700.056 1.216482051150031e-06
52750.056 1.0034063928698822e-06
52800.056 1.133544337650114e-06
52850.056 1.0734223436798786e-06
52900.056 1.2208049417100695e-06
52950.056 1.1884074926398288e-06
53000.056 1.364134434179888e-06
53050.056 1.1869690400697582e-06
53100.056 1.1333871469297455e-06
53150.056 1.4230022467602551e-06
53200.056 9.716826009101574e-07
