galfind/configs/Brown_Dwarf_templates/sonora_bobcat/m0.0/100g/sp_t700g100nc_m0.0_resample.dat
# %ECSV 1.0
# ---
# datatype:
# - {name: wav, unit: Angstrom, datatype: float64}
# - {name: flux_nu, unit: erg / (cm2 Hz s), datatype: float64}
# meta: {C/O: '1.00', Kzz: '1.0000E+05', Teff: '700.', Y: '0.28', '[Fe/H]': '0.00', f_hole: '1.00', f_rain: '0.00', grav: '100.'}
# schema: astropy-2.0
wav flux_nu
[from data line 500]
29000.056 1.0331834572287588e-08
29050.056 1.2575447489172607e-08
29100.056 8.57694074196798e-09
29150.056 1.4083226295154102e-08
29200.056 1.1239426353137441e-08
29250.056 1.7360971328528998e-08
29300.056 8.223108805735542e-09
29350.056 2.52113887098354e-08
29400.056 1.2276246843586335e-08
29450.056 1.3324003036979597e-08
29500.056 1.6951354610417818e-08
29550.056 1.2778550707532815e-08
29600.056 1.6318686389609643e-08
29650.056 2.0543326556476002e-08
29700.056 1.1782425683214485e-08
29750.056 1.9369068704006836e-08
29800.056 1.9133897439663917e-08
29850.056 2.1847207938288555e-08
29900.056 1.944124956554118e-08
29950.056 1.802898340840887e-08
30000.056 2.663425611379195e-09
30050.056 5.388128758059032e-09
30100.056 7.747878936691185e-09
30150.056 1.652708720921123e-08
30200.056 1.3670294787108288e-08
30250.056 2.617531883088208e-08
30300.056 2.5875285923454023e-08
30350.056 1.734206553975261e-08
30400.056 2.793114649001393e-08
30450.056 1.768156795316668e-08
30500.056 1.711481799602658e-08
30550.056 1.6679143987058448e-08
30600.056 2.492596771296148e-08
30650.056 1.6630674386619103e-08
30700.056 1.4600708122243892e-08
30750.056 2.0053398332836612e-08
30800.056 1.5086816273272783e-08
30850.056 1.530588084849374e-08
30900.056 1.0447539180830194e-08
30950.056 1.1852451201260103e-08
31000.056 1.028727011591222e-08
31050.056 1.0328353944891334e-08
31100.056 7.528622161933709e-09
31150.056 1.1326705569450033e-08
31200.056 1.303428216614295e-08
31250.056 9.138002597749263e-09
31300.056 7.308482232603728e-09
31350.056 9.143792052108912e-09
31400.056 6.8884358921914425e-09
31450.056 7.465601330417862e-09
31500.056 4.860304439593114e-09
31550.056 6.096132638402998e-09
31600.056 4.179646563836253e-09
31650.056 4.050738101008169e-09
31700.056 4.359695783709957e-09
31750.056 2.8928441537810453e-09
31800.056 4.629828150600466e-09
31850.056 2.3319694624380307e-09
31900.056 3.401169680685966e-09
31950.056 2.135155228622261e-09
32000.056 2.7554330529263892e-09
32050.056 3.128872018639153e-09
32100.056 2.912373143040564e-09
32150.056 3.4406588460817915e-09
32200.056 2.372834428403393e-09
32250.056 4.210505567860049e-09
32300.056 2.2832987974008064e-09
32350.056 4.174289820909485e-09
32400.056 2.1412894715141323e-09
32450.056 3.7777604382065466e-09
32500.056 2.6718787350125454e-09
32550.056 3.1459654411541213e-09
32600.056 3.5609011974313936e-09
32650.056 6.252258900219094e-09
32700.056 4.43506775413163e-09
32750.056 7.359922633258559e-09
32800.056 6.3471453518161045e-09
32850.056 8.376085186339055e-09
32900.056 8.669525237108045e-09
32950.056 9.508536104747443e-09
33000.056 7.0688059945457105e-09
33050.056 7.484724726873684e-09
33100.056 2.8426122071964004e-09
33150.056 1.3834793176960537e-10
33200.056 2.882539163211725e-10
33250.056 1.8561986220307533e-10
33300.056 3.7019907377307163e-10
33350.056 9.438875539288999e-10
33400.056 1.8365377463561144e-09
33450.056 2.550079285057342e-09
33500.056 5.240110486424177e-09
33550.056 3.1652466721374383e-09
33600.056 6.18818072201663e-09
33650.056 6.004526761749507e-09
33700.056 4.445577072061508e-09
33750.056 7.85932235851034e-09
33800.056 3.972596829458558e-09
33850.056 6.121534696630173e-09
33900.056 5.071360977163242e-09
33950.056 4.979626655340359e-09
34000.056 7.524606723917548e-09
34050.056 2.7969679411426545e-09
34100.056 7.029771991332047e-09
34150.056 4.555546525211232e-09
34200.056 6.300733471471651e-09
34250.056 5.5542136540328594e-09
34300.056 4.772853399557561e-09
34350.056 5.164414462699775e-09
34400.056 3.5123825333826175e-09
34450.056 6.251963267302911e-09
34500.056 5.138626307474756e-09
34550.056 3.2525659571668666e-09
34600.056 7.927310852960533e-09
34650.056 3.921730866235531e-09
34700.056 6.664072887549302e-09
34750.056 5.76504369579451e-09
34800.056 4.7981255031518556e-09
34850.056 7.245426991031797e-09
34900.056 6.084834189618473e-09
34950.056 7.751873926097557e-09
35000.056 1.3098643968992279e-08
35050.056 6.6012879229216535e-09
35100.056 1.0790560391732215e-08
35150.056 9.668806251103933e-09
35200.056 9.850253375874955e-09
35250.056 1.4513119046789725e-08
35300.056 9.392758092362801e-09
35350.056 1.0292445827627135e-08
35400.056 1.1620691865878639e-08
35450.056 7.741475061402307e-09
35500.056 1.845368963921099e-08
35550.056 1.532560045694659e-08
35600.056 1.3298161345899578e-08
35650.056 1.488526683867103e-08
35700.056 1.3629637078796289e-08
35750.056 1.9059583713998303e-08
35800.056 2.3381248008571268e-08
35850.056 1.2350816940763535e-08
35900.056 1.7102162090264075e-08
35950.056 1.7589211346608152e-08
36000.056 1.7643812244542576e-08
36050.056 1.5254314684763943e-08
36100.056 1.5698449919585376e-08
36150.056 1.9552904352613955e-08
36200.056 2.1575527461142702e-08
36250.056 1.8498939206109446e-08
36300.056 2.6401528197829576e-08
36350.056 2.2234929286205806e-08
36400.056 2.4306364070684684e-08
36450.056 2.8159752958881443e-08
36500.056 3.113878465153502e-08
36550.056 3.2365856107259425e-08
36600.056 3.846993108879152e-08
36650.056 3.47185875899706e-08
36700.056 3.662573233236726e-08
36750.056 4.1483581890525235e-08
36800.056 4.23103542766991e-08
36850.056 3.525221858533561e-08
36900.056 4.368006883927475e-08
36950.056 4.664432244079101e-08
37000.056 4.033838405619111e-08
37050.056 4.544180259899655e-08
37100.056 4.6212580822752804e-08
37150.056 4.025910058553109e-08
37200.056 5.146257684178864e-08
37250.056 4.670727617959112e-08
37300.056 4.075464193933884e-08
37350.056 4.8046808034991194e-08
37400.056 6.933155569359938e-08
37450.056 4.6136689157336504e-08
37500.056 4.8271189476237545e-08
37550.056 6.405103867284442e-08
37600.056 7.59961064898124e-08
37650.056 4.4861103606001785e-08
37700.056 7.324191076740684e-08
37750.056 5.24105343190035e-08
37800.056 5.63186848554265e-08
37850.056 3.750294029890534e-08
37900.056 4.587860162451176e-08
37950.056 6.20272756974769e-08
38000.056 7.002424782859732e-08
38050.056 7.231260750102536e-08
38100.056 7.684654400719274e-08
38150.056 8.468475005499985e-08
38200.056 8.72734518973187e-08
38250.056 7.965016248397903e-08
38300.056 1.0953600698697633e-07
38350.056 1.1059153273902498e-07
38400.056 6.619126077193338e-08
38450.056 6.273991477032843e-08
38500.056 4.3316442283702076e-08
38550.056 7.453715369702793e-08
38600.056 7.57735808569962e-08
38650.056 7.730622897208272e-08
38700.056 7.92625063500997e-08
38750.056 8.403668928891045e-08
38800.056 7.681472924615728e-08
38850.056 8.067446208371116e-08
38900.056 1.0634370516819621e-07
38950.056 8.0106031781091e-08
39000.056 9.627148631968906e-08
39050.056 8.33143905610156e-08
39100.056 9.377140412029247e-08
39150.056 1.004465637095038e-07
39200.056 9.498755896468458e-08
39250.056 1.1531800264708917e-07
39300.056 9.251376183246354e-08
39350.056 1.3094536084880912e-07
39400.056 1.0117676060397785e-07
39450.056 1.142380634615769e-07
39500.056 1.1632655239062991e-07
39550.056 1.0366501154526433e-07
39600.056 1.2263064759177716e-07
39650.056 1.3510938173898106e-07
39700.056 1.2852847338701686e-07
39750.056 9.917538419109187e-08
39800.056 1.1525880732398916e-07
39850.056 1.5468546562400703e-07
39900.056 1.5427947830600708e-07
39950.056 1.2334082604797248e-07
40000.056 1.6699302325863166e-07
40050.056 1.5040348150399646e-07
40100.056 1.1114589705824478e-07
40150.056 1.5353730404559343e-07
40200.056 1.5861208634494616e-07
40250.056 1.633927659474446e-07
40300.056 1.6020978259101957e-07
40350.056 1.5062484064467817e-07
40400.056 1.8423854531853053e-07
40450.056 1.429915500742215e-07
40500.056 1.8724734734497714e-07
40550.056 1.9016924651134151e-07
40600.056 1.766169896510228e-07
40650.056 1.53947617011062e-07
40700.056 2.2458741002398964e-07
40750.056 1.7402612291896893e-07
40800.056 1.3838874168892667e-07
40850.056 2.3753963288905855e-07
40900.056 2.1664405076821115e-07
40950.056 1.941351579068151e-07
41000.056 1.8840521535899145e-07
41050.056 2.482642340279511e-07
41100.056 2.1009881110100035e-07
41150.056 1.4391563118546243e-07
41200.056 2.432171465959966e-07
41250.056 2.0253663096428064e-07
41300.056 1.8706192414996422e-07
41350.056 2.5589227460201007e-07
41400.056 2.2915969265603092e-07
41450.056 2.536541433059933e-07
41500.056 1.953398902288327e-07
41550.056 1.93311951613454e-07
41600.056 2.2937721176149032e-07
41650.056 2.4195346296400754e-07
41700.056 2.286503026939267e-07
41750.056 2.2591534242697419e-07
41800.056 2.6513272540003326e-07
41850.056 1.9726695976198703e-07
41900.056 2.2150480444014897e-07
41950.056 2.241522980120438e-07
42000.056 2.0632374983831659e-07
42050.056 1.8997968101511702e-07
42100.056 2.618914693089801e-07
42150.056 1.9969951425801074e-07
42200.056 1.9415356510400465e-07
42250.056 2.016502666304811e-07
42300.056 1.9785933207100284e-07
42350.056 2.4496061550303497e-07
42400.056 2.4241481888304743e-07
42450.056 2.1377147778505615e-07
42500.056 2.0916129850698564e-07
42550.056 1.9594801400996712e-07
42600.056 2.1723084462075962e-07
42650.056 2.8359765048089806e-07
42700.056 2.1453913707035107e-07
42750.056 2.1022151995101235e-07
42800.056 2.455565982910366e-07
42850.056 2.7069917371991276e-07
42900.056 2.9031531192807204e-07
42950.056 2.2770242672094166e-07
43000.056 2.5861082395203574e-07
43050.056 1.6801704358105546e-07
43100.056 2.2557724325295418e-07
43150.056 2.0694408183702502e-07
43200.056 2.5927504218200683e-07
43250.056 3.227449764100249e-07
43300.056 3.154494066860092e-07
43350.056 1.976868547759479e-07
43400.056 2.4870690791498787e-07
43450.056 2.0416125288603385e-07
43500.056 2.0246764198902109e-07
43550.056 2.1551188270864322e-07
43600.056 2.9226624170603413e-07
43650.056 2.1101949640250833e-07
43700.056 3.0527267467804817e-07
43750.056 2.7209754102802957e-07
43800.056 2.556990183359712e-07
43850.056 2.2413578730203028e-07
43900.056 2.3298275201797866e-07
43950.056 1.6463085125498649e-07
44000.056 1.5727665564699543e-07
44050.056 2.8189315372000807e-07
44100.056 3.454763785300151e-07
44150.056 3.232210079679796e-07
44200.056 2.824793920549948e-07
44250.056 2.0135356504000735e-07
44300.056 1.7394225012603193e-07
44350.056 1.985177446952556e-07
44400.056 1.9087125329398847e-07
44450.056 2.5643871184997e-07
44500.056 2.5430234578006184e-07
44550.056 3.220773390199631e-07
44600.056 2.7486509446731953e-07
44650.056 2.723692384190461e-07
44700.056 1.9561670928399845e-07
44750.056 2.6503177302804543e-07
44800.056 2.2253867611602149e-07
44850.056 2.7663657315603536e-07
44900.056 2.2539217293501712e-07
44950.056 2.5522116886301046e-07
45000.056 2.7365402443999635e-07
45050.056 2.647479979459831e-07
45100.056 2.572995499210015e-07
45150.056 2.578644171300628e-07
45200.056 2.0805351249701754e-07
45250.056 2.31532849889928e-07
45300.056 2.034332658450345e-07
45350.056 2.0622709090901455e-07
45400.056 3.233171271920291e-07
45450.056 2.8276829491700077e-07
45500.056 2.979555981080129e-07
45550.056 3.2897408021990843e-07
45600.056 3.2049374616004954e-07
45650.056 2.585105332719818e-07
45700.056 2.137754454360069e-07
45750.056 2.0575197572400312e-07
45800.056 3.3179921904900336e-07
45850.056 3.226968352769905e-07
45900.056 3.478117265499999e-07
45950.056 2.8227759595499166e-07
46000.056 3.2810868884902125e-07
46050.056 2.7135539847101644e-07
46100.056 3.43913518339969e-07
46150.056 2.54578855644998e-07
46200.056 2.398553956049989e-07
46250.056 1.478962661484733e-07
46300.056 2.731209940400033e-07
46350.056 2.67640180891029e-07
46400.056 2.515332809330079e-07
46450.056 2.340893231240349e-07
46500.056 2.5832036181506014e-07
46550.056 1.858272278830022e-07
46600.056 2.418623073511807e-07
46650.056 3.4431135992700355e-07
46700.056 2.423162330759627e-07
46750.056 1.7146539281441035e-07
46800.056 1.312780029654125e-07
46850.056 3.4120795378405923e-07
46900.056 3.0482637466797917e-07
46950.056 3.0015625485698386e-07
47000.056 2.813584482170447e-07
47050.056 2.51120036614909e-07
47100.056 1.7711096444922568e-07
47150.056 2.32840332180037e-07
47200.056 2.805977987280035e-07
47250.056 2.0009562895597983e-07
47300.056 1.477770310262239e-07
47350.056 3.1557532473997894e-07
47400.056 2.787718498619747e-07
47450.056 2.7099790995643267e-07
47500.056 3.1439207233396005e-07
47550.056 2.784613277450086e-07
47600.056 2.7606453837598643e-07
47650.056 2.541579575239672e-07
47700.056 2.4233129980956855e-07
47750.056 1.8150903934400665e-07
47800.056 1.821044095560107e-07
47850.056 1.274537313080131e-07
47900.056 1.6842990872677223e-07
47950.056 2.4175819280202037e-07
48000.056 3.3085663544004993e-07
48050.056 2.922861215679982e-07
48100.056 1.62826525553015e-07
48150.056 2.3612369752601187e-07
48200.056 1.9952451620800175e-07
48250.056 2.1270103532401195e-07
48300.056 3.026735698699344e-07
48350.056 1.9365484691100923e-07
48400.056 1.0408128192357773e-07
48450.056 1.857189180776502e-07
48500.056 2.463261616259569e-07
48550.056 2.2179313740901008e-07
48600.056 2.411667361240037e-07
48650.056 2.722616725999801e-07
48700.056 2.1990879395200328e-07
48750.056 1.468081950780752e-07
48800.056 2.908116342959977e-07
48850.056 1.7975306620596557e-07
48900.056 2.6843534111118904e-07
48950.056 1.755454433700167e-07
49000.056 1.0113160307086467e-07
49050.056 2.241821563889729e-07
49100.056 2.537722732500471e-07
49150.056 2.037141475489209e-07
49200.056 2.806555927580468e-07
49250.056 2.6768657214803784e-07
49300.056 2.3352850498399582e-07
49350.056 1.3010706769032353e-07
49400.056 1.7829044593296702e-07
49450.056 1.8828531099005865e-07
49500.056 1.5183505010298595e-07
49550.056 7.045640645650723e-08
49600.056 1.323609371501888e-07
49650.056 1.8249241101599047e-07
49700.056 1.79619730190944e-07
49750.056 2.1299606240197023e-07
49800.056 1.6591497217360723e-07
49850.056 2.5674361658705836e-07
49900.056 2.0521392859997935e-07
49950.056 2.0022630528900034e-07
50000.056 1.7963668919497342e-07
50050.056 2.1821848206499795e-07
50100.056 1.7451619219800457e-07
50150.056 1.1210525969398341e-07
50200.056 4.5952311153211005e-08
50250.056 1.4999484295898344e-07
50300.056 1.1325723961941329e-07
50350.056 2.1222973273202405e-07
50400.056 1.913946848659855e-07
50450.056 1.4984773111860966e-07
50500.056 2.0458174231502464e-07
50550.056 1.8491140753601418e-07
50600.056 1.4924557794996178e-07
50650.056 2.1334547157404045e-07
50700.056 2.242820851859312e-07
50750.056 1.673068066980236e-07
50800.056 9.192660631518841e-08
50850.056 7.709152984282833e-08
50900.056 2.0881348677399737e-07
50950.056 1.6050220262101243e-07
51000.056 1.635071972063109e-07
51050.056 1.7561015072698915e-07
51100.056 8.85430677744696e-08
51150.056 1.216602991685169e-07
51200.056 2.3862041280498487e-07
51250.056 1.5323607496097112e-07
51300.056 1.2151236157205323e-07
51350.056 1.2985914816938868e-07
51400.056 7.092794196510292e-08
51450.056 5.856850823028331e-08
51500.056 6.130935209222253e-08
51550.056 1.534045388556123e-07
51600.056 1.102043070033235e-07
51650.056 1.20109801242976e-07
51700.056 1.3598104130349235e-07
51750.056 9.580177292651266e-08
51800.056 1.4783422722897074e-07
51850.056 1.3111207908599048e-07
51900.056 1.8943676202800658e-07
51950.056 1.347468489639874e-07
52000.056 3.848497504869001e-08
52050.056 9.208740433841307e-08
52100.056 6.80863042129945e-08
52150.056 5.4032773033606716e-08
52200.056 7.42069078779005e-08
52250.056 1.0019941589802187e-07
52300.056 1.4735392298099316e-07
52350.056 8.78155036676426e-08
52400.056 6.954043525200698e-08
52450.056 1.4601694557500952e-07
52500.056 1.329460182229631e-07
52550.056 1.3068331674997773e-07
52600.056 1.0538438211800567e-07
52650.056 1.1514032358501682e-07
52700.056 9.654529489399704e-08
52750.056 5.940212788319686e-08
52800.056 8.095432906501162e-08
52850.056 8.924150320127134e-08
52900.056 6.934935228684185e-08
52950.056 8.195711776580491e-08
53000.056 1.1565539238901661e-07
53050.056 5.8184017506185416e-08
53100.056 1.0233625646797605e-07
53150.056 1.331819188460159e-07
53200.056 6.159947276769864e-08
53250.056 1.205058930640064e-07
53300.056 1.381444940087699e-07
53350.056 1.1864961659699936e-07
53400.056 9.732164323299237e-08
53450.056 5.194140366748789e-08
53500.056 2.3118793923253085e-08
53550.056 4.359042075029718e-08
