galfind/configs/Brown_Dwarf_templates/sonora_bobcat/m0.0/100g/sp_t1500g100nc_m0.0_resample.dat
# %ECSV 1.0
# ---
# datatype:
# - {name: wav, unit: Angstrom, datatype: float64}
# - {name: flux_nu, unit: erg / (cm2 Hz s), datatype: float64}
# meta: {C/O: '1.00', Kzz: '1.0000E+05', Teff: '1500.', Y: '0.28', '[Fe/H]': '0.00', f_hole: '1.00', f_rain: '0.00', grav: '100.'}
# schema: astropy-2.0
wav flux_nu
[from data line 500]
29000.056 5.797239901788651e-07
29050.056 6.09117538246932e-07
29100.056 4.952200481650824e-07
29150.056 6.613642928871414e-07
29200.056 5.6689369238311e-07
29250.056 6.703207819109999e-07
29300.056 5.26145999689754e-07
29350.056 7.949531120458441e-07
29400.056 6.105166664068833e-07
29450.056 6.39733176103981e-07
29500.056 6.592728561549145e-07
29550.056 6.373461027480184e-07
29600.056 6.984288738668483e-07
29650.056 6.612091292919325e-07
29700.056 5.898671898258592e-07
29750.056 7.308292293453121e-07
29800.056 7.496271088769264e-07
29850.056 7.18860715422906e-07
29900.056 6.624679663642206e-07
29950.056 7.679586117678681e-07
30000.056 7.53692279428876e-07
30050.056 7.039636323099328e-07
30100.056 6.095770518498191e-07
30150.056 8.684016764999447e-07
30200.056 7.450086698700393e-07
30250.056 7.88227620710203e-07
30300.056 7.438297222899265e-07
30350.056 7.032761562400702e-07
30400.056 8.434687903401062e-07
30450.056 6.724087652330802e-07
30500.056 6.013345301900835e-07
30550.056 7.436934440101492e-07
30600.056 7.443062976500689e-07
30650.056 7.277561320899446e-07
30700.056 6.71685141339981e-07
30750.056 6.447039825500001e-07
30800.056 6.817638701101266e-07
30850.056 5.837354797399054e-07
30900.056 6.045325493299241e-07
30950.056 5.470929950830941e-07
31000.056 5.619153719699773e-07
31050.056 5.597953691799961e-07
31100.056 4.990342164299658e-07
31150.056 5.483795506199317e-07
31200.056 5.642852623799922e-07
31250.056 5.202060485699875e-07
31300.056 4.956051834209354e-07
31350.056 4.6842502104999264e-07
31400.056 4.3769323453908774e-07
31450.056 4.404860397099605e-07
31500.056 4.3840346641995193e-07
31550.056 4.2960081024400527e-07
31600.056 4.0048091742996995e-07
31650.056 3.935963931899959e-07
31700.056 3.9537557775996207e-07
31750.056 3.6250626970410275e-07
31800.056 4.1871791558996193e-07
31850.056 3.8591219757205076e-07
31900.056 4.362937615799989e-07
31950.056 3.3571583890101683e-07
32000.056 3.9067412341496326e-07
32050.056 4.274173756590303e-07
32100.056 4.172813224800193e-07
32150.056 4.4729782851996637e-07
32200.056 4.05413546016986e-07
32250.056 4.7520924261005884e-07
32300.056 4.103461823199758e-07
32350.056 5.097052384100125e-07
32400.056 4.0433492757999496e-07
32450.056 4.923081799898636e-07
32500.056 5.052244854701034e-07
32550.056 5.371619151300034e-07
32600.056 5.41895442759983e-07
32650.056 6.055936504200395e-07
32700.056 5.781494426500724e-07
32750.056 5.993340037200063e-07
32800.056 5.868410312600213e-07
32850.056 6.390293811298769e-07
32900.056 6.906073241999639e-07
32950.056 6.150454375499377e-07
33000.056 6.088447332599456e-07
33050.056 5.654590102600558e-07
33100.056 4.799767259699369e-07
33150.056 3.3118375902102003e-07
33200.056 2.508654462919396e-07
33250.056 2.0651014829993365e-07
33300.056 1.941222827400285e-07
33350.056 2.2220029304000724e-07
33400.056 2.41759130139968e-07
33450.056 2.73127773219988e-07
33500.056 3.2998188104005596e-07
33550.056 3.560159138100475e-07
33600.056 4.190131970300184e-07
33650.056 4.7593175696006046e-07
33700.056 4.7925407071995e-07
33750.056 5.884628342999992e-07
33800.056 5.738728214289336e-07
33850.056 6.198397473299694e-07
33900.056 6.031818274399335e-07
33950.056 5.639916134999665e-07
34000.056 6.14651875999916e-07
34050.056 5.607365402098805e-07
34100.056 6.606543060599698e-07
34150.056 5.955945926298779e-07
34200.056 5.162576535998277e-07
34250.056 6.096736792398469e-07
34300.056 5.26786272349668e-07
34350.056 4.900993202399892e-07
34400.056 4.862334858100114e-07
34450.056 5.536085702199717e-07
34500.056 5.572797397599984e-07
34550.056 5.052502980499909e-07
34600.056 6.087989496800315e-07
34650.056 5.766204881199518e-07
34700.056 5.614558011398982e-07
34750.056 6.255699955200559e-07
34800.056 5.919360013498189e-07
34850.056 5.539201392900075e-07
34900.056 6.361655579200195e-07
34950.056 5.736859076298653e-07
35000.056 6.879803849000175e-07
35050.056 6.224102907099488e-07
35100.056 6.160894596498925e-07
35150.056 6.8541541133999e-07
35200.056 6.728719776200749e-07
35250.056 6.960140328799245e-07
35300.056 6.639826225000791e-07
35350.056 6.525265939298951e-07
35400.056 6.83983190980112e-07
35450.056 5.484166422402785e-07
35500.056 7.558084895000062e-07
35550.056 7.286756317499528e-07
35600.056 6.671590108500771e-07
35650.056 8.040900366300422e-07
35700.056 6.779421280200549e-07
35750.056 7.598983190097858e-07
35800.056 9.194218701900061e-07
35850.056 7.488383644199653e-07
35900.056 9.420177471998718e-07
35950.056 8.794141034800472e-07
36000.056 8.460782738600112e-07
36050.056 9.580574800400648e-07
36100.056 9.680221962094208e-07
36150.056 9.332973488301129e-07
36200.056 1.0704108797098815e-06
36250.056 9.689891342298516e-07
36300.056 1.1461282375201851e-06
36350.056 1.0711782767998987e-06
36400.056 1.0469876735000382e-06
36450.056 1.2114264799799167e-06
36500.056 1.1413334422799763e-06
36550.056 1.1813183757203891e-06
36600.056 1.237644192420065e-06
36650.056 1.266605707409842e-06
36700.056 1.3793935519599643e-06
36750.056 1.3263730202301648e-06
36800.056 1.3755667623599148e-06
36850.056 1.4068946320600572e-06
36900.056 1.4070872523701847e-06
36950.056 1.4945888146398622e-06
37000.056 1.5480526053599284e-06
37050.056 1.5340198348199277e-06
37100.056 1.5815141929901864e-06
37150.056 1.5690418023298473e-06
37200.056 1.6497169171600699e-06
37250.056 1.6875990848399704e-06
37300.056 1.6244134656099642e-06
37350.056 1.558772189040294e-06
37400.056 1.7355316091998432e-06
37450.056 1.6626264629301525e-06
37500.056 1.7158959671498e-06
37550.056 1.7701299588398408e-06
37600.056 1.8794515266598707e-06
37650.056 1.73913445849994e-06
37700.056 1.88365158986006e-06
37750.056 1.8656405983199882e-06
37800.056 1.943789645200131e-06
37850.056 1.7993282408999361e-06
37900.056 1.8739293208202388e-06
37950.056 1.8860190978999553e-06
38000.056 1.966330447030176e-06
38050.056 1.9672123432401008e-06
38100.056 1.8586463491802405e-06
38150.056 2.1147826196998692e-06
38200.056 2.1444711376999103e-06
38250.056 1.916071812200274e-06
38300.056 1.966569600499935e-06
38350.056 2.0698461041999117e-06
38400.056 2.041448825719776e-06
38450.056 2.202391627900082e-06
38500.056 2.053534108300029e-06
38550.056 2.136590748500078e-06
38600.056 2.3349645241998415e-06
38650.056 2.0778554879000242e-06
38700.056 2.138086180500353e-06
38750.056 2.207282655300012e-06
38800.056 2.180888321300043e-06
38850.056 2.113792668520121e-06
38900.056 2.0887048591499057e-06
38950.056 2.277390210699905e-06
39000.056 2.171053270000052e-06
39050.056 2.2602742317998587e-06
39100.056 2.07961370228018e-06
39150.056 2.2035334164000505e-06
39200.056 2.291499633400067e-06
39250.056 2.2709621789995664e-06
39300.056 2.2209372029995576e-06
39350.056 2.271879028990212e-06
39400.056 2.233233209600074e-06
39450.056 2.2423654515998883e-06
39500.056 2.1544273537198117e-06
39550.056 2.1619824377698292e-06
39600.056 2.3710471093998588e-06
39650.056 2.114211536599987e-06
39700.056 2.186962934399896e-06
39750.056 2.1473326397398122e-06
39800.056 2.0504040524000174e-06
39850.056 2.155400034499847e-06
39900.056 2.128501741240121e-06
39950.056 2.223307513199821e-06
40000.056 2.0009048408799816e-06
40050.056 1.975764767400019e-06
40100.056 2.1106108986399267e-06
40150.056 1.970520799799685e-06
40200.056 2.0264641018997833e-06
40250.056 1.9304714902595064e-06
40300.056 1.8661131776301657e-06
40350.056 2.0391713130002223e-06
40400.056 1.9942636218900645e-06
40450.056 1.9399978881001934e-06
40500.056 1.7679605858302203e-06
40550.056 2.054634063499854e-06
40600.056 1.747965048830246e-06
40650.056 1.8575374153800276e-06
40700.056 1.9939916146000675e-06
40750.056 1.7496869447993605e-06
40800.056 1.6873226256501164e-06
40850.056 1.6882946372603755e-06
40900.056 1.6739928931601343e-06
40950.056 1.7607584563599617e-06
41000.056 1.7630323732999675e-06
41050.056 1.7583435813097675e-06
41100.056 1.6556852143499858e-06
41150.056 1.7185401623999975e-06
41200.056 1.6753265979000344e-06
41250.056 1.68649027708012e-06
41300.056 1.4714067980096842e-06
41350.056 1.7446070142100502e-06
41400.056 1.6120147180401947e-06
41450.056 1.6294088903002514e-06
41500.056 1.6731953751600754e-06
41550.056 1.6218879463500173e-06
41600.056 1.6623619453000585e-06
41650.056 1.547211749390275e-06
41700.056 1.4678491747697935e-06
41750.056 1.5085029664798787e-06
41800.056 1.5559759945497546e-06
41850.056 1.2921298644902305e-06
41900.056 1.540527083619934e-06
41950.056 1.364870790960374e-06
42000.056 1.3931123324101453e-06
42050.056 1.2296488901696856e-06
42100.056 1.4479884613601975e-06
42150.056 1.0676692563096677e-06
42200.056 1.1666545809500342e-06
42250.056 1.2550340975000425e-06
42300.056 1.050194651540043e-06
42350.056 1.2701191488803155e-06
42400.056 1.0672705151902654e-06
42450.056 9.538541926301224e-07
42500.056 1.0092631425501713e-06
42550.056 1.0161547875799858e-06
42600.056 1.0184338364202607e-06
42650.056 9.200064581095017e-07
42700.056 1.0327529956303373e-06
42750.056 9.525863986399417e-07
42800.056 9.295936147303194e-07
42850.056 1.0155965321997164e-06
42900.056 9.823937824100476e-07
42950.056 9.139226348595763e-07
43000.056 9.368718652600276e-07
43050.056 8.505432730403923e-07
43100.056 9.486030332901362e-07
43150.056 9.358980395101419e-07
43200.056 9.50947734010128e-07
43250.056 9.220652189098338e-07
43300.056 9.712279438300764e-07
43350.056 8.686258479899485e-07
43400.056 9.038299322699663e-07
43450.056 8.950855340002262e-07
43500.056 8.843765853499057e-07
43550.056 9.28451377520069e-07
43600.056 9.480259450900624e-07
43650.056 8.409532261000613e-07
43700.056 8.398563431697779e-07
43750.056 8.704461498801805e-07
43800.056 8.044678634901044e-07
43850.056 8.289934434101786e-07
43900.056 8.605184634099208e-07
43950.056 7.925286831901125e-07
44000.056 7.68184556220095e-07
44050.056 7.801206345700738e-07
44100.056 8.120566222101002e-07
44150.056 8.300458194898438e-07
44200.056 7.900768520999808e-07
44250.056 7.770473728600274e-07
44300.056 7.613747685000701e-07
44350.056 7.430536410600293e-07
44400.056 7.833162091999658e-07
44450.056 7.91840938510005e-07
44500.056 8.008594631100685e-07
44550.056 7.44846836879865e-07
44600.056 7.489989811200772e-07
44650.056 7.882477151000652e-07
44700.056 7.325782713900406e-07
44750.056 7.700694330699307e-07
44800.056 7.774592359999705e-07
44850.056 7.608187077400798e-07
44900.056 7.1843979095007e-07
44950.056 6.971045019600236e-07
45000.056 7.462569365399539e-07
45050.056 7.487500883899485e-07
45100.056 7.728752764899838e-07
45150.056 7.196489644199848e-07
45200.056 6.726715523900183e-07
45250.056 6.9293516319994e-07
45300.056 7.370602178200284e-07
45350.056 7.579217345899533e-07
45400.056 7.261440876800738e-07
45450.056 6.740094154099014e-07
45500.056 6.997887225299734e-07
45550.056 7.540649148999596e-07
45600.056 7.018879641399902e-07
45650.056 6.495877384198905e-07
45700.056 7.537512270400522e-07
45750.056 6.810064340900165e-07
45800.056 6.797347274399727e-07
45850.056 7.914891422199681e-07
45900.056 7.82931477620029e-07
45950.056 6.842170134000025e-07
46000.056 7.920949980300244e-07
46050.056 7.842970995201304e-07
46100.056 6.693526993700623e-07
46150.056 7.355751978099715e-07
46200.056 7.674794807401383e-07
46250.056 6.535061745299908e-07
46300.056 8.20868319819987e-07
46350.056 7.108390763299366e-07
46400.056 7.301419063199357e-07
46450.056 7.63117921150083e-07
46500.056 6.895424854499572e-07
46550.056 8.385276484299844e-07
46600.056 7.798970837300346e-07
46650.056 9.830765150798568e-07
46700.056 9.103918490202805e-07
46750.056 7.298325843199513e-07
46800.056 7.907309047400964e-07
46850.056 8.604521287300971e-07
46900.056 8.09359379859873e-07
46950.056 8.974234014800143e-07
47000.056 7.55447148079997e-07
47050.056 9.066179187798699e-07
47100.056 7.03895068080066e-07
47150.056 7.732242079600742e-07
47200.056 8.370963467801454e-07
47250.056 7.427312287499427e-07
47300.056 7.623231367598499e-07
47350.056 6.911044202998936e-07
47400.056 8.357832450598771e-07
47450.056 7.23553949299961e-07
47500.056 8.338103115899006e-07
47550.056 7.350438242099444e-07
47600.056 8.325414557799473e-07
47650.056 6.316122398798732e-07
47700.056 8.524343765800566e-07
47750.056 6.095195827401147e-07
47800.056 8.372517743699228e-07
47850.056 6.526221999899126e-07
47900.056 8.196994417300322e-07
47950.056 6.447487614500882e-07
48000.056 9.206351221700065e-07
48050.056 7.147401720800869e-07
48100.056 7.878210931299911e-07
48150.056 7.186627757300953e-07
48200.056 8.38365387860085e-07
48250.056 7.051456840400155e-07
48300.056 9.082220987198401e-07
48350.056 6.475545094399612e-07
48400.056 8.08484226949991e-07
48450.056 6.879286315900242e-07
48500.056 9.24523844360024e-07
48550.056 6.579588653500079e-07
48600.056 8.530310232299386e-07
48650.056 6.88549282419974e-07
48700.056 8.444557252300545e-07
48750.056 6.213710674500503e-07
48800.056 9.365758998800347e-07
48850.056 6.684977610498728e-07
48900.056 8.742571914900716e-07
48950.056 7.859789437500159e-07
49000.056 7.495983811599011e-07
49050.056 8.341645471599854e-07
49100.056 7.546086535900611e-07
49150.056 8.086627695899809e-07
49200.056 7.569302822299742e-07
49250.056 8.101512533300181e-07
49300.056 7.026367436999506e-07
49350.056 7.526231700799989e-07
49400.056 8.666462497300395e-07
49450.056 7.544681724301676e-07
49500.056 7.864252904100133e-07
49550.056 6.857331586899953e-07
49600.056 7.612368782201537e-07
49650.056 7.950103482900055e-07
49700.056 6.945600396599295e-07
49750.056 1.0006040354298734e-06
49800.056 7.550033002800349e-07
49850.056 9.712839458800668e-07
49900.056 7.684128217700394e-07
49950.056 8.25815489769844e-07
50000.056 8.106201246798457e-07
50050.056 8.145188572200491e-07
50100.056 8.731571491799536e-07
50150.056 7.273173558800214e-07
50200.056 6.834869559700685e-07
50250.056 8.267484220000174e-07
50300.056 7.634106976899662e-07
50350.056 9.125167215299936e-07
50400.056 7.836241872199657e-07
50450.056 7.769711259701217e-07
50500.056 9.665045827301327e-07
50550.056 8.093025147399845e-07
50600.056 8.7164835968999e-07
50650.056 8.322167505001501e-07
50700.056 9.141511877898008e-07
50750.056 9.457827136501223e-07
50800.056 6.921963013599099e-07
50850.056 8.14917022280142e-07
50900.056 9.065316377199655e-07
50950.056 8.869694653301633e-07
51000.056 1.0301200116700903e-06
51050.056 7.829391911300778e-07
51100.056 7.510321757799349e-07
51150.056 8.74713930509934e-07
51200.056 8.704522254999716e-07
51250.056 9.157024324299551e-07
51300.056 7.605351476502466e-07
51350.056 8.51490753979876e-07
51400.056 7.727633395798556e-07
51450.056 6.109475762398913e-07
51500.056 7.879606616000427e-07
51550.056 1.0386073581500924e-06
51600.056 7.197718935800628e-07
51650.056 8.385719591198898e-07
51700.056 8.03914565129785e-07
51750.056 7.481149745400565e-07
51800.056 9.135198364597938e-07
51850.056 8.944716454599046e-07
51900.056 9.660244775301637e-07
51950.056 8.827541649899311e-07
52000.056 7.180593725799632e-07
52050.056 8.492690595099564e-07
52100.056 7.779901592198788e-07
52150.056 7.878477399100358e-07
52200.056 7.538568257900128e-07
52250.056 8.105923545600086e-07
52300.056 9.222051998699845e-07
52350.056 9.515101917800892e-07
52400.056 6.975169182501118e-07
52450.056 8.334220073099993e-07
52500.056 9.28643862129853e-07
52550.056 8.777833346397642e-07
52600.056 8.617482331901167e-07
52650.056 9.609265012801423e-07
52700.056 8.227029871300131e-07
52750.056 6.930730790199394e-07
52800.056 7.757204285400696e-07
52850.056 7.443078477199003e-07
52900.056 8.204095635500377e-07
52950.056 8.131661859499167e-07
53000.056 9.296348781399405e-07
53050.056 7.763354565798368e-07
53100.056 7.606398337598402e-07
53150.056 9.793884551701266e-07
53200.056 6.698500256500656e-07
53250.056 9.534454136599911e-07
53300.056 9.332419598503749e-07
53350.056 9.200144551598992e-07
53400.056 8.764031187900702e-07
53450.056 7.571642334300368e-07
53500.056 6.401663483598858e-07
53550.056 8.07891662149915e-07
53600.056 8.892264625101452e-07
53650.056 7.246284810600727e-07
53700.056 7.568408094301431e-07
53750.056 8.146321693200194e-07
53800.056 8.080241234301035e-07
