galfind/configs/Brown_Dwarf_templates/sonora_bobcat/m0.0/100g/sp_t750g100nc_m0.0_resample.dat
# %ECSV 1.0
# ---
# datatype:
# - {name: wav, unit: Angstrom, datatype: float64}
# - {name: flux_nu, unit: erg / (cm2 Hz s), datatype: float64}
# meta: {C/O: '1.00', Kzz: '1.0000E+05', Teff: '750.', Y: '0.28', '[Fe/H]': '0.00', f_hole: '1.00', f_rain: '0.00', grav: '100.'}
# schema: astropy-2.0
wav flux_nu
[from data line 499]
28950.056 2.1035630607498748e-08
29000.056 1.6843373934694333e-08
29050.056 1.9848286220945767e-08
29100.056 1.3821927650252054e-08
29150.056 2.349839095161874e-08
29200.056 1.7715481098450148e-08
29250.056 2.677853754936268e-08
29300.056 1.3331929443554837e-08
29350.056 3.9565828613796976e-08
29400.056 1.975634612637526e-08
29450.056 2.1536699134475552e-08
29500.056 2.6301247091191605e-08
29550.056 2.0852959719587723e-08
29600.056 2.6044916111782007e-08
29650.056 3.0750217132305945e-08
29700.056 1.912539035320517e-08
29750.056 2.983475619765468e-08
29800.056 2.985910166635524e-08
29850.056 3.360034895037931e-08
29900.056 3.0476286885628e-08
29950.056 2.8474063333465474e-08
30000.056 6.076120324734495e-09
30050.056 1.0473934718067041e-08
30100.056 1.2882661083428194e-08
30150.056 2.637675590778692e-08
30200.056 2.1569183099556356e-08
30250.056 3.9413195704934657e-08
30300.056 3.739771652532597e-08
30350.056 2.7372459872841015e-08
30400.056 4.026584033420172e-08
30450.056 2.6219253038707943e-08
30500.056 2.4650131192424102e-08
30550.056 2.471972822588796e-08
30600.056 3.4094734203021366e-08
30650.056 2.369769807629132e-08
30700.056 2.130688496203214e-08
30750.056 2.7438868400933364e-08
30800.056 2.1325070904094294e-08
30850.056 2.099013146699035e-08
30900.056 1.526305636238534e-08
30950.056 1.6760672458088456e-08
31000.056 1.4444972853492727e-08
31050.056 1.4530075388489331e-08
31100.056 1.101689060403382e-08
31150.056 1.5734216152118948e-08
31200.056 1.7297052799504158e-08
31250.056 1.2304646654703633e-08
31300.056 1.0329881732652148e-08
31350.056 1.2233486612469025e-08
31400.056 9.303532020969278e-09
31450.056 1.011157848819721e-08
31500.056 7.002329548717495e-09
31550.056 8.506144943164584e-09
31600.056 6.0059408032143795e-09
31650.056 5.722143251215214e-09
31700.056 6.0904505950998035e-09
31750.056 4.3398913015902245e-09
31800.056 6.495849438060363e-09
31850.056 3.723220711363226e-09
31900.056 5.094758383695922e-09
31950.056 3.246642863942825e-09
32000.056 4.208574691400866e-09
32050.056 4.7310773678626784e-09
32100.056 4.450438775072075e-09
32150.056 5.10479211151264e-09
32200.056 3.760765997245366e-09
32250.056 6.111938852561367e-09
32300.056 3.6179467488502422e-09
32350.056 6.1667002483992114e-09
32400.056 3.492432513438686e-09
32450.056 5.610451551362454e-09
32500.056 4.34374409192519e-09
32550.056 4.769454634086889e-09
32600.056 5.578537850514195e-09
32650.056 9.03054968751862e-09
32700.056 6.8443531774321745e-09
32750.056 1.0166438281232005e-08
32800.056 9.041528602850848e-09
32850.056 1.1282492111798803e-08
32900.056 1.1979965685793196e-08
32950.056 1.2951848247405814e-08
33000.056 1.003746986247751e-08
33050.056 1.0246007543125356e-08
33100.056 4.223739817763991e-09
33150.056 3.947275799930058e-10
33200.056 6.061803228406172e-10
33250.056 3.700006413919462e-10
33300.056 6.187301556281323e-10
33350.056 1.4284031494159426e-09
33400.056 2.5475132694487978e-09
33450.056 3.6574736120352782e-09
33500.056 6.893041832405123e-09
33550.056 4.752752954675628e-09
33600.056 8.655513617007208e-09
33650.056 8.487570584109146e-09
33700.056 6.6050985397986365e-09
33750.056 1.0868024872182128e-08
33800.056 6.437217795159536e-09
33850.056 8.993506291039749e-09
33900.056 7.3177820121151715e-09
33950.056 7.358674487193316e-09
34000.056 1.054201827001477e-08
34050.056 4.425750763554852e-09
34100.056 1.0026411383376092e-08
34150.056 6.885701858190326e-09
34200.056 8.728369179685489e-09
34250.056 8.059078756805414e-09
34300.056 6.9723046175148636e-09
34350.056 7.1178204668297864e-09
34400.056 5.283578312810476e-09
34450.056 8.685574370215077e-09
34500.056 7.444300466091095e-09
34550.056 5.0253684678004415e-09
34600.056 1.0860469405500288e-08
34650.056 5.983051909514688e-09
34700.056 9.168192156759104e-09
34750.056 8.297697167286566e-09
34800.056 7.023980524330138e-09
34850.056 9.753261388237768e-09
34900.056 8.886319886342216e-09
34950.056 1.0622734266197054e-08
35000.056 1.715303580271848e-08
35050.056 9.221936314004708e-09
35100.056 1.4000995458052555e-08
35150.056 1.2790377730582719e-08
35200.056 1.325696681460847e-08
35250.056 1.883259836855636e-08
35300.056 1.2915014655544473e-08
35350.056 1.3805138807432702e-08
35400.056 1.5696110522916742e-08
35450.056 1.0521976458963819e-08
35500.056 2.3434742409816948e-08
35550.056 2.015646340759566e-08
35600.056 1.7382765312111447e-08
35650.056 1.961019444378876e-08
35700.056 1.7838959422022352e-08
35750.056 2.4308960325837355e-08
35800.056 3.0380428996881283e-08
35850.056 1.6810618132806952e-08
35900.056 2.3084438116154244e-08
35950.056 2.3104537000421778e-08
36000.056 2.308611507090363e-08
36050.056 2.049545879701194e-08
36100.056 2.1259790923734228e-08
36150.056 2.5164746817132544e-08
36200.056 2.761466373475094e-08
36250.056 2.4342914980402332e-08
36300.056 3.304119842343906e-08
36350.056 2.886199852056649e-08
36400.056 3.051293319971202e-08
36450.056 3.586941637426449e-08
36500.056 3.904183138941889e-08
36550.056 4.0226660774762056e-08
36600.056 4.7856460999991814e-08
36650.056 4.40894141425127e-08
36700.056 4.65710317173334e-08
36750.056 5.200312391983059e-08
36800.056 5.253030577619941e-08
36850.056 4.539354689571313e-08
36900.056 5.4350259436033047e-08
36950.056 5.8603009744588916e-08
37000.056 5.197933651439042e-08
37050.056 5.6568338330195766e-08
37100.056 5.893663049270247e-08
37150.056 5.1156378228734894e-08
37200.056 6.39406569043877e-08
37250.056 5.990076220158848e-08
37300.056 5.258040403611343e-08
37350.056 5.97644478436634e-08
37400.056 8.591862162195855e-08
37450.056 5.997730586809235e-08
37500.056 6.16201479585259e-08
37550.056 7.921252760265396e-08
37600.056 9.208800428641295e-08
37650.056 5.8161722026702044e-08
37700.056 9.152448628680853e-08
37750.056 6.677349255590309e-08
37800.056 7.170850692423623e-08
37850.056 4.9536808188455924e-08
37900.056 5.9464443964317266e-08
37950.056 7.722771952471306e-08
38000.056 8.876690484259726e-08
38050.056 8.987696562132838e-08
38100.056 9.364884512811641e-08
38150.056 1.0408483352799902e-07
38200.056 1.0828404273512418e-07
38250.056 9.922460998471041e-08
38300.056 1.331831204649738e-07
38350.056 1.3511561942002672e-07
38400.056 8.425006816495849e-08
38450.056 8.293716810496354e-08
38500.056 5.845929708180417e-08
38550.056 9.51101947930336e-08
38600.056 9.681271975749706e-08
38650.056 9.755069327087972e-08
38700.056 1.0180497808569969e-07
38750.056 1.083880725167103e-07
38800.056 9.717828506844249e-08
38850.056 1.0190590251791479e-07
38900.056 1.3338620995159884e-07
38950.056 1.0322524161598769e-07
39000.056 1.2092680509658956e-07
39050.056 1.0683940028701319e-07
39100.056 1.1850350644309609e-07
39150.056 1.2469126236950315e-07
39200.056 1.2082535379898377e-07
39250.056 1.4303810862028343e-07
39300.056 1.1703072976495426e-07
39350.056 1.6057106313601132e-07
39400.056 1.2872483488875534e-07
39450.056 1.4214418196258659e-07
39500.056 1.4321732936303322e-07
39550.056 1.336217345792608e-07
39600.056 1.5273068913376652e-07
39650.056 1.670147254409809e-07
39700.056 1.5913188370102013e-07
39750.056 1.2693766958684998e-07
39800.056 1.469363015839801e-07
39850.056 1.894062370470067e-07
39900.056 1.8776934168100847e-07
39950.056 1.571625383729648e-07
40000.056 2.0765204794803948e-07
40050.056 1.8543712816999767e-07
40100.056 1.441052461617449e-07
40150.056 1.9073211257558906e-07
40200.056 1.9576367636593202e-07
40250.056 1.9935041407493178e-07
40300.056 1.9661552554102775e-07
40350.056 1.905456313719761e-07
40400.056 2.274239910752547e-07
40450.056 1.8401117531580715e-07
40500.056 2.2950221397897873e-07
40550.056 2.3231694155513663e-07
40600.056 2.1878423904202864e-07
40650.056 1.9417961727805137e-07
40700.056 2.7357574744399e-07
40750.056 2.1657712753496193e-07
40800.056 1.7486131456991065e-07
40850.056 2.856238989500689e-07
40900.056 2.629772902996157e-07
40950.056 2.3733674439641597e-07
41000.056 2.3440700130699123e-07
41050.056 2.9910821912994955e-07
41100.056 2.534160064500003e-07
41150.056 1.8244396862377751e-07
41200.056 2.9144952339299014e-07
41250.056 2.4662037518227763e-07
41300.056 2.2619770348595353e-07
41350.056 3.0819314058002033e-07
41400.056 2.7653362284803966e-07
41450.056 3.013925781900052e-07
41500.056 2.3745258746920497e-07
41550.056 2.3606340584886042e-07
41600.056 2.8210389231694856e-07
41650.056 2.9149750575201103e-07
41700.056 2.715848340439124e-07
41750.056 2.7319180318097457e-07
41800.056 3.1953244308602437e-07
41850.056 2.3429941683129079e-07
41900.056 2.676210979607418e-07
41950.056 2.683149368820525e-07
42000.056 2.519648976599108e-07
42050.056 2.298298731524344e-07
42100.056 3.1733741097598634e-07
42150.056 2.402103919990104e-07
42200.056 2.3233580931800657e-07
42250.056 2.4376628698096955e-07
42300.056 2.3820352458480137e-07
42350.056 2.915825995630438e-07
42400.056 2.8427373679006e-07
42450.056 2.5125257098405443e-07
42500.056 2.466469620079867e-07
42550.056 2.3392102062396405e-07
42600.056 2.5618800847176304e-07
42650.056 3.2532796903588265e-07
42700.056 2.5770816583155285e-07
42750.056 2.4686124884701114e-07
42800.056 2.8194049136904186e-07
42850.056 3.1303790939589853e-07
42900.056 3.338333750180827e-07
42950.056 2.6398835684292684e-07
43000.056 2.998131404100361e-07
43050.056 2.0022045664907223e-07
43100.056 2.642309870739462e-07
43150.056 2.452945748630302e-07
43200.056 2.9927456181600653e-07
43250.056 3.6662826983002597e-07
43300.056 3.6011522395401253e-07
43350.056 2.3272274423893895e-07
43400.056 2.8724401234798217e-07
43450.056 2.422628234550423e-07
43500.056 2.38998415230016e-07
43550.056 2.525530051618518e-07
43600.056 3.375209630880375e-07
43650.056 2.4791938105600835e-07
43700.056 3.4421052695104996e-07
43750.056 3.1173610367804083e-07
43800.056 2.933688382739648e-07
43850.056 2.5812854532403813e-07
43900.056 2.735293961939735e-07
43950.056 1.9622123640198448e-07
44000.056 1.8740582811849572e-07
44050.056 3.1860177859200985e-07
44100.056 3.8465557466002056e-07
44150.056 3.619341088009696e-07
44200.056 3.190900161249945e-07
44250.056 2.3542453578300873e-07
44300.056 2.05975971285038e-07
44350.056 2.3298326557916518e-07
44400.056 2.2670643403398972e-07
44450.056 2.9098753878196515e-07
44500.056 2.918569017760726e-07
44550.056 3.5996949246995656e-07
44600.056 3.0544802785712626e-07
44650.056 3.1107484392205416e-07
44700.056 2.2702305562799946e-07
44750.056 3.004918975530449e-07
44800.056 2.58972215745025e-07
44850.056 3.132006796410447e-07
44900.056 2.5716154294202165e-07
44950.056 2.879480840370112e-07
45000.056 3.069517764599911e-07
45050.056 2.991106047719854e-07
45100.056 2.9362540442000057e-07
45150.056 2.941962946113611e-07
45200.056 2.4005534073402147e-07
45250.056 2.655759173829182e-07
45300.056 2.3596268255403993e-07
45350.056 2.407258247330073e-07
45400.056 3.5537091260003085e-07
45450.056 3.13389306339994e-07
45500.056 3.258069836880121e-07
45550.056 3.620322237039027e-07
45600.056 3.54053426790049e-07
45650.056 2.8628385438997386e-07
45700.056 2.478475518900127e-07
45750.056 2.3809746733400223e-07
45800.056 3.602986868240036e-07
45850.056 3.6000607654999264e-07
45900.056 3.829680932200025e-07
45950.056 3.1149539097698957e-07
46000.056 3.6197860314052105e-07
46050.056 3.062632660020208e-07
46100.056 3.721988231799688e-07
46150.056 2.868797190719929e-07
46200.056 2.7369657082700546e-07
46250.056 1.7889635194256743e-07
46300.056 3.0967920219600345e-07
46350.056 2.9896561049103e-07
46400.056 2.8542092973600874e-07
46450.056 2.6745802736704053e-07
46500.056 2.892503011510651e-07
46550.056 2.1995282581399926e-07
46600.056 2.774834610535825e-07
46650.056 3.8809016854399686e-07
46700.056 2.8113753871596906e-07
46750.056 2.0429362613600846e-07
46800.056 1.6045837848521564e-07
46850.056 3.8377985992306827e-07
46900.056 3.419582225039728e-07
46950.056 3.389820277359857e-07
47000.056 3.1378069655904564e-07
47050.056 2.9056927310349445e-07
47100.056 2.0583321816993097e-07
47150.056 2.639472686690408e-07
47200.056 3.1732200005600824e-07
47250.056 2.3353876753997756e-07
47300.056 1.7670444325401264e-07
47350.056 3.4886168479997384e-07
47400.056 3.164604028259701e-07
47450.056 3.078138346840351e-07
47500.056 3.5154378266695453e-07
47550.056 3.1235876441100706e-07
47600.056 3.1053802905498347e-07
47650.056 2.8063203231395896e-07
47700.056 2.7952132968407784e-07
47750.056 2.0771923698300748e-07
47800.056 2.1562095821601066e-07
47850.056 1.5622187326841261e-07
47900.056 2.0247373352996702e-07
47950.056 2.7098368532202444e-07
48000.056 3.705009878600557e-07
48050.056 3.285173574460002e-07
48100.056 1.9389552293401658e-07
48150.056 2.688686268080161e-07
48200.056 2.35177206988002e-07
48250.056 2.444736779380134e-07
48300.056 3.393103754299198e-07
48350.056 2.194131045920132e-07
48400.056 1.299554644110736e-07
48450.056 2.2255658281766027e-07
48500.056 2.889960049539527e-07
48550.056 2.514519373860083e-07
48600.056 2.749038277780043e-07
48650.056 3.0074000348997864e-07
48700.056 2.5355384878699967e-07
48750.056 1.703760714840873e-07
48800.056 3.326864458809968e-07
48850.056 2.0814009089795958e-07
48900.056 3.1000669263059117e-07
48950.056 2.1029221576802177e-07
49000.056 1.249544813721791e-07
49050.056 2.601539580239713e-07
49100.056 2.8815833239805333e-07
49150.056 2.3750744783502402e-07
49200.056 3.162636156800484e-07
49250.056 3.0172810719204297e-07
49300.056 2.639990633279951e-07
49350.056 1.555683222670275e-07
49400.056 2.1076549346396564e-07
49450.056 2.2241022866457e-07
49500.056 1.8069197124998308e-07
49550.056 9.164888067240992e-08
49600.056 1.6263757684483633e-07
49650.056 2.1234958779998866e-07
49700.056 2.0644888864393762e-07
49750.056 2.484608486319598e-07
49800.056 1.9729821371101044e-07
49850.056 2.959015163730682e-07
49900.056 2.3728472996597725e-07
49950.056 2.307598610259981e-07
50000.056 2.1011235917297358e-07
50050.056 2.5404543059499683e-07
50100.056 2.0540721671100824e-07
50150.056 1.360848969769814e-07
50200.056 6.167029794061315e-08
50250.056 1.829559469149787e-07
50300.056 1.4211092997121587e-07
50350.056 2.498380604860273e-07
50400.056 2.2248288286498403e-07
50450.056 1.7580204723721336e-07
50500.056 2.3543028801002953e-07
50550.056 2.1393024610301575e-07
50600.056 1.7668676454595526e-07
50650.056 2.4497109379104825e-07
50700.056 2.594935813319165e-07
50750.056 1.9814892775302874e-07
50800.056 1.1436667805938711e-07
50850.056 1.003651374190351e-07
50900.056 2.4636362972399667e-07
50950.056 1.8916313322501858e-07
51000.056 1.9777900730001334e-07
51050.056 2.0377066927999047e-07
51100.056 1.0762692815298675e-07
51150.056 1.49141558651233e-07
51200.056 2.7743779421998146e-07
51250.056 1.7976325929896508e-07
51300.056 1.4467267864306396e-07
51350.056 1.560273479779876e-07
51400.056 8.893749768900189e-08
51450.056 7.455511569597938e-08
51500.056 7.955484256442851e-08
51550.056 1.8699365796661384e-07
51600.056 1.340461926853265e-07
51650.056 1.4312946031697094e-07
51700.056 1.6177659968648723e-07
51750.056 1.153938565445143e-07
51800.056 1.7512239531696338e-07
51850.056 1.574138331179898e-07
51900.056 2.2667999522001654e-07
51950.056 1.6506918535698541e-07
52000.056 5.369423120948771e-08
52050.056 1.1663926339581629e-07
52100.056 8.774577038799283e-08
52150.056 7.261669976040767e-08
52200.056 9.208963376050038e-08
52250.056 1.2276760678002425e-07
52300.056 1.8052258020799042e-07
52350.056 1.1403413947048368e-07
52400.056 8.750067966880868e-08
52450.056 1.7271372147401098e-07
52500.056 1.611888379899556e-07
52550.056 1.5870110162197032e-07
52600.056 1.302106518960109e-07
52650.056 1.397039364790211e-07
52700.056 1.194278897879969e-07
52750.056 7.676729856679731e-08
52800.056 1.0133332125401487e-07
52850.056 1.1087424453396466e-07
52900.056 9.079511472346175e-08
52950.056 1.0402226587000485e-07
53000.056 1.4497877751101583e-07
53050.056 7.523209445568001e-08
53100.056 1.227304668839704e-07
53150.056 1.656970122960203e-07
53200.056 7.763053459039781e-08
53250.056 1.4864650148700843e-07
53300.056 1.6619256319538659e-07
53350.056 1.4758971677899758e-07
53400.056 1.2598444722799597e-07
53450.056 6.917197920448603e-08
