galfind/configs/Brown_Dwarf_templates/sonora_bobcat/m0.0/100g/sp_t225g100nc_m0.0_resample.dat
# %ECSV 1.0
# ---
# datatype:
# - {name: wav, unit: Angstrom, datatype: float64}
# - {name: flux_nu, unit: erg / (cm2 Hz s), datatype: float64}
# meta: {C/O: '1.00', Kzz: '1.0000E+05', Teff: '225.', Y: '0.28', '[Fe/H]': '0.00', f_hole: '1.00', f_rain: '0.00', grav: '100.'}
# schema: astropy-2.0
wav flux_nu
4000.0559999999996 nan
4050.0559999999996 3.403962418960053e-20
4100.056 5.033081898100062e-19
4150.056 1.9266119446000148e-18
4200.056 2.8216659845700165e-18
4250.056 1.2249985175800085e-17
4300.056 2.6986260024000107e-17
4350.056 5.0381400206000215e-17
4400.056 7.863350305100008e-17
4450.056 1.1641952317600012e-16
4500.056 2.0464133009000079e-16
4550.056 3.188046158700008e-16
4600.056 3.9209300527000054e-16
4650.056 4.446002800399999e-16
4700.056 4.1805770671000023e-16
4750.056 3.710001843800002e-16
4800.056 3.336701101699994e-16
4850.056 2.1581413344999878e-16
4900.056 1.491574397699997e-16
4950.056 1.1616556300799993e-16
5000.056 7.399237625799958e-17
5050.056 4.6408784470000056e-17
5100.056 5.677389831100067e-17
5150.056 7.907880393800009e-17
5200.056 1.0261857885100032e-16
5250.056 1.201240900300002e-16
5300.056 1.402036011800003e-16
5350.056 1.633434522300002e-16
5400.056 1.752336612000003e-16
5450.056 2.027525159800015e-16
5500.056 2.4632639490000035e-16
5550.056 3.0057072708000034e-16
5600.056 3.500628039900005e-16
5650.056 3.866299747499999e-16
5700.056 3.609505870000008e-16
5750.056 3.7775324524000066e-16
5800.056 3.6039914880999943e-16
5850.056 2.3960566287699584e-16
5900.056 3.90899313660531e-17
5950.056 3.4248101045201346e-16
6000.056 8.606040813699983e-16
6050.056 1.9675628463200186e-15
6100.056 3.625400526000033e-15
6150.056 5.765612466100035e-15
6200.056 8.484980348700042e-15
6250.056 1.0803194881299982e-14
6300.056 1.486967363429999e-14
6350.056 2.0109422075999966e-14
6400.056 2.605658920800006e-14
6450.056 2.290697763479953e-14
6500.056 2.658556289000051e-14
6550.056 3.794857370919869e-14
6600.056 5.722710966140135e-14
6650.056 9.592970227000098e-14
6700.056 1.4711993641000112e-13
6750.056 2.1800223764000141e-13
6800.056 2.5544650650000074e-13
6850.056 2.5278776811999973e-13
6900.056 1.6194991772029813e-13
6950.056 6.573920982370279e-14
7000.056 8.899158386099535e-14
7050.056 8.380595526140185e-14
7100.056 1.0309167051299867e-13
7150.056 5.3546721792339517e-14
7200.056 1.3631909605908897e-14
7250.056 1.4437706480761985e-14
7300.056 1.8135750060599267e-14
7350.056 4.2294646487659036e-14
7400.056 9.243203730870242e-14
7450.056 2.256501633020094e-13
7500.056 3.882758510300021e-13
7550.056 5.442446483800025e-13
7600.056 6.499332577700011e-13
7650.056 4.36692629508994e-13
7700.056 4.66921352748008e-13
7750.056 9.018670015600058e-13
7800.056 9.604253115799996e-13
7850.056 8.652516218799793e-13
7900.056 8.457883460160013e-13
7950.056 1.0473184422399926e-12
8000.056 9.494044398099985e-13
8050.056 9.903667960900086e-13
8100.056 3.0725171112174485e-13
8150.056 3.7592747037448784e-14
8200.056 2.455666959819136e-13
8250.056 2.9162388080033423e-13
8300.056 1.8139521481296252e-13
8350.056 2.154133395134381e-13
8400.056 3.9048106756119144e-13
8450.056 9.4241722138601e-13
8500.056 1.3976732093100067e-12
8550.056 1.9473434663300313e-12
8600.056 2.4724725901000166e-12
8650.056 2.5506351579999934e-12
8700.056 1.741777018299986e-12
8750.056 1.342810510799989e-12
8800.056 7.726870255999618e-13
8850.056 3.4263397915497153e-13
8900.056 4.001793147214058e-15
8950.056 2.0103352906431163e-16
9000.056 2.3576544777180687e-16
9050.056 3.4016276032228266e-15
9100.056 6.000657274396383e-15
9150.056 1.5682921139273112e-14
9200.056 9.445892369488765e-14
9250.056 5.042326094944296e-14
9300.056 3.177846322001617e-17
9350.056 8.910143649906749e-18
9400.056 6.175139344038854e-16
9450.056 1.5749543760378898e-16
9500.056 2.1317783234719973e-16
9550.056 1.568014263722311e-16
9600.056 5.53039922277468e-16
9650.056 2.854156904592754e-15
9700.056 4.3821145214194086e-14
9750.056 1.7245563730479556e-14
9800.056 2.0597843145521366e-14
9850.056 2.487445058703027e-14
9900.056 3.924884996672158e-14
9950.056 3.6195647024404656e-14
10000.056 3.261673803841818e-14
10050.056 3.1098488247399057e-14
10100.056 2.2242185454600155e-14
10150.056 8.280977941359909e-15
10200.056 6.329056401099192e-16
10250.056 4.740206320371549e-16
10300.056 2.2796046423451274e-15
10350.056 5.212760240639055e-16
10400.056 5.2996770463570284e-15
10450.056 1.3008932395103472e-14
10500.056 3.928459160236276e-14
10550.056 1.1556492742550182e-13
10600.056 1.7921483079300756e-13
10650.056 1.7963747796799832e-13
10700.056 1.1760764718799688e-13
10750.056 9.880387818329616e-14
10800.056 8.449814536690194e-14
10850.056 6.338639819383985e-14
10900.056 4.602887877309869e-14
10950.056 2.3648285567459858e-14
11000.056 1.0102438248998317e-14
11050.056 3.731503396164324e-15
11100.056 7.559968972133979e-16
11150.056 8.735608856073719e-17
11200.056 1.4243099884376057e-17
11250.056 4.48399223358493e-18
11300.056 5.641212981268807e-17
11350.056 2.9794796337616604e-18
11400.056 1.4118312907609453e-16
11450.056 5.200453369688082e-17
11500.056 6.016302099189137e-17
11550.056 1.0208803484773479e-17
11600.056 6.50436760782257e-19
11650.056 1.655554703254769e-17
11700.056 3.5471193303112843e-17
11750.056 1.0549413322090607e-17
11800.056 7.473566407620503e-17
11850.056 4.880917811929555e-17
11900.056 7.104409740337543e-17
11950.056 1.537958693496226e-16
12000.056 1.8457853095138321e-16
12050.056 2.842826064979718e-16
12100.056 3.052594692847222e-16
12150.056 4.394009381244835e-16
12200.056 4.927114275341302e-16
12250.056 2.502815251515958e-15
12300.056 7.658364316954566e-15
12350.056 1.0306187350850432e-14
12400.056 3.040457556226045e-14
12450.056 9.546268051340334e-14
12500.056 1.3865366475970013e-13
12550.056 1.4059553226499993e-13
12600.056 2.870364248719241e-13
12650.056 7.755584812330219e-13
12700.056 9.724180989889885e-13
12750.056 4.886370365274408e-13
12800.056 2.4022612394696784e-13
12850.056 7.00464876635965e-14
12900.056 2.6113120644343066e-14
12950.056 1.9013949504524144e-14
13000.056 2.0019894175079735e-14
13050.056 9.238991290758317e-15
13100.056 8.083635094751815e-15
13150.056 2.13646550895771e-15
13200.056 3.4195222035324797e-15
13250.056 5.830581839683386e-15
13300.056 1.4991434654099325e-15
13350.056 8.401447835405602e-16
13400.056 2.956275751183504e-16
13450.056 2.6674085172503538e-17
13500.056 1.4090603398114266e-18
13550.056 5.893894005592042e-20
13600.056 1.746034821141239e-21
13650.056 2.1332295923531585e-20
13700.056 5.913065098412056e-21
13750.056 1.052911473355218e-19
13800.056 1.0677513574974508e-19
13850.056 2.05830069020232e-20
13900.056 1.3147651573713721e-19
13950.056 5.240564289082914e-20
14000.056 4.1728433425795106e-19
14050.056 3.020720174348434e-19
14100.056 4.707842578336425e-19
14150.056 6.260385166003198e-18
14200.056 5.455188437111483e-18
14250.056 1.3574901211658322e-17
14300.056 5.950917888847613e-17
14350.056 4.0961380665796726e-17
14400.056 3.693229652795149e-17
14450.056 1.0382757007740442e-16
14500.056 3.6645142392550016e-16
14550.056 1.2084195073556691e-15
14600.056 1.258920539323226e-15
14650.056 1.8988369681461274e-16
14700.056 5.721668565650195e-17
14750.056 7.704076849530164e-18
14800.056 1.1953016927081062e-17
14850.056 9.57395554163204e-18
14900.056 5.752984940893378e-18
14950.056 1.64358118972536e-18
15000.056 1.0310234462161883e-17
15050.056 5.631503058374112e-17
15100.056 4.918680999983139e-18
15150.056 5.32561695767101e-19
15200.056 2.6541269802354886e-17
15250.056 5.3317623003653206e-17
15300.056 1.3414659397174657e-16
15350.056 3.5935888139681987e-16
15400.056 2.45065713033253e-16
15450.056 6.50155028679366e-16
15500.056 1.1968234471141774e-15
15550.056 9.083125302076914e-15
15600.056 2.869011789158938e-14
15650.056 9.699398367892306e-14
15700.056 3.1398198666524115e-13
15750.056 5.00529828436605e-13
15800.056 6.909485733110311e-13
15850.056 1.1111192019381627e-12
15900.056 1.4902187640108831e-12
15950.056 2.376387793859977e-12
16000.056 2.3410479756099844e-12
16050.056 1.5001322509399267e-12
16100.056 6.666449737020301e-13
16150.056 2.353998268088642e-13
16200.056 4.9739868379875947e-14
16250.056 1.0751610445730985e-14
16300.056 2.0823581419489133e-15
16350.056 1.7616535756139187e-15
16400.056 2.0805754313876036e-15
16450.056 2.265470626337895e-15
16500.056 1.6759838489957303e-15
16550.056 1.6855476161932507e-15
16600.056 1.4522469084036492e-14
16650.056 3.4125161172503452e-15
16700.056 5.235039145189882e-16
16750.056 1.4600060415036507e-15
16800.056 4.277506513706075e-15
16850.056 4.075756641128305e-15
16900.056 5.426319759217098e-16
16950.056 2.972409936088629e-16
17000.056 7.522524087115e-17
17050.056 1.2364246117772752e-16
17100.056 8.692376989072419e-16
17150.056 2.8813637915889623e-16
17200.056 2.82583638932401e-15
17250.056 1.453242561277187e-16
17300.056 1.7748174228989415e-16
17350.056 5.345902537659362e-16
17400.056 2.016783426202461e-15
17450.056 2.967645308086679e-15
17500.056 7.936971500559917e-15
17550.056 7.0713968459303094e-15
17600.056 7.84615782207362e-15
17650.056 2.280554053285513e-15
17700.056 1.865818603634708e-15
17750.056 1.2324255711300689e-15
17800.056 8.840642233347558e-15
17850.056 1.1198976299175551e-15
17900.056 7.362670051195834e-16
17950.056 5.968074319902934e-16
18000.056 1.1223807203764055e-15
18050.056 6.719899855091944e-16
18100.056 7.164462203138187e-16
18150.056 1.9250552696706252e-16
18200.056 1.6754729591705965e-16
18250.056 1.238101381451428e-15
18300.056 4.1858277077164496e-17
18350.056 3.562771847929254e-17
18400.056 9.593803438666382e-18
18450.056 2.0250870949836707e-16
18500.056 1.2671438104522736e-16
18550.056 4.747053430347181e-17
18600.056 2.3196159402930625e-16
18650.056 2.5936239408984833e-16
18700.056 8.656192457920978e-18
18750.056 1.2724249123765789e-17
18800.056 7.313898469605335e-16
18850.056 4.1302091564861483e-16
18900.056 1.0735249420450722e-15
18950.056 9.4923389935807e-16
19000.056 6.701841279044974e-17
19050.056 3.0309033839205255e-17
19100.056 1.6899351807513038e-16
19150.056 7.029033666032824e-17
19200.056 2.1450977775818996e-16
19250.056 1.397651891979122e-16
19300.056 5.704093244610299e-17
19350.056 6.617039299976202e-17
19400.056 3.431007166302107e-17
19450.056 2.384177135737266e-17
19500.056 1.655414609087456e-17
19550.056 9.12207671553681e-17
19600.056 2.393674148793484e-16
19650.056 1.3203335307210994e-16
19700.056 2.899998205307508e-16
19750.056 4.9156488327823155e-16
19800.056 2.234750198903523e-16
19850.056 2.8973765433792884e-16
19900.056 6.741839301612329e-16
19950.056 7.984185638602403e-16
20000.056 8.731146147171481e-16
20050.056 6.606365551581687e-16
20100.056 1.0049323746447141e-15
20150.056 6.706728957847354e-16
20200.056 3.5609787574827006e-16
20250.056 1.2932015202347067e-15
20300.056 1.8775888571524666e-15
20350.056 2.0769730459537937e-15
20400.056 1.8022386896078696e-15
20450.056 2.951780078670932e-15
20500.056 2.9625851844018683e-15
20550.056 3.020052521457939e-15
20600.056 2.991830893156485e-15
20650.056 3.018288553474407e-15
20700.056 3.0038268677138305e-15
20750.056 2.758590977819908e-15
20800.056 2.3895424258197445e-15
20850.056 2.3871051241000027e-15
20900.056 2.184269242099986e-15
20950.056 1.9081756765499825e-15
21000.056 1.7059773353799869e-15
21050.056 1.6802214526999716e-15
21100.056 1.640114538420004e-15
21150.056 1.717967823200042e-15
21200.056 1.816355177330085e-15
21250.056 2.0317179166999264e-15
21300.056 2.133492355180011e-15
21350.056 2.3635793915930874e-15
21400.056 2.827622361496265e-15
21450.056 2.5859473813045624e-15
21500.056 2.416025681700323e-15
21550.056 2.7540843346273456e-15
21600.056 2.5363124983101092e-15
21650.056 1.9755305897519844e-15
21700.056 1.4093910915761098e-15
21750.056 1.849425619956921e-15
21800.056 1.3955254577399702e-15
21850.056 1.4361002079226048e-15
21900.056 1.051072204183176e-15
21950.056 3.321976899708429e-16
22000.056 1.0972247949923864e-17
22050.056 2.843498983065462e-17
22100.056 1.266630353335944e-16
22150.056 5.599317345684434e-17
22200.056 4.4405964586908096e-17
22250.056 3.251154058428197e-17
22300.056 5.189554690661279e-18
22350.056 1.7661184357805306e-17
22400.056 4.789370059685661e-18
22450.056 1.1315009392970814e-17
22500.056 8.362136286079523e-18
22550.056 1.2168508941105404e-18
22600.056 6.616564646724985e-19
22650.056 7.529585306867234e-19
22700.056 1.5486871340845754e-18
22750.056 5.068328931743248e-18
22800.056 8.05968698420312e-18
22850.056 4.4231047088211175e-18
22900.056 2.251900646232178e-18
22950.056 8.936398846424818e-19
23000.056 1.1113018027299972e-18
23050.056 3.5976279727223527e-19
23100.056 7.565125536154763e-17
23150.056 9.680484461521621e-17
23200.056 5.274556946555326e-19
23250.056 9.979428884138923e-18
23300.056 3.550937124205728e-18
23350.056 8.833705635722328e-18
23400.056 1.0850311638656491e-17
23450.056 1.4704438615948553e-18
23500.056 1.680918471994682e-18
23550.056 5.874274591764242e-18
23600.056 3.1003017632587184e-17
23650.056 6.020853960463284e-17
23700.056 2.1352352775796555e-18
23750.056 4.69102113033058e-18
23800.056 6.082249466790801e-17
23850.056 2.0650014878636028e-17
23900.056 7.558615269576843e-17
23950.056 1.8270086076215673e-17
24000.056 1.3170688672802643e-16
24050.056 1.4518541632787143e-16
24100.056 4.0203229332665575e-16
24150.056 6.009953611683595e-16
24200.056 3.082710921264876e-16
24250.056 1.99542485772415e-16
24300.056 6.195838854482531e-16
24350.056 7.835562540936511e-16
24400.056 2.222807353497833e-15
24450.056 3.198968453469526e-15
24500.056 3.0473095241274704e-15
24550.056 6.430068427974097e-15
24600.056 1.009752921931108e-14
24650.056 1.7969497916111522e-14
24700.056 1.4331269229851443e-14
24750.056 2.3999908547732884e-14
24800.056 2.2554585828996823e-14
24850.056 3.0842118413356306e-14
24900.056 2.4066314179905857e-14
24950.056 3.326173608298432e-14
25000.056 5.167284003678898e-14
25050.056 3.873214747731617e-14
25100.056 4.744563996486401e-14
25150.056 2.2700525601445885e-14
25200.056 3.725723276154087e-14
25250.056 1.7558403755614274e-14
25300.056 1.2579471022095196e-14
25350.056 9.959002539006004e-15
25400.056 1.9116441146475915e-14
25450.056 5.303562326892399e-15
25500.056 3.950667883025902e-15
25550.056 8.858172753919965e-15
25600.056 3.0793323610503883e-15
25650.056 1.2352068341463056e-15
25700.056 1.1495281078587407e-15
25750.056 4.817106839097597e-16
25800.056 2.495666695401827e-15
25850.056 4.2182655924377257e-16
25900.056 3.273090330526929e-16
25950.056 4.0194927916610094e-16
26000.056 1.4246449982075156e-15
26050.056 4.663581633898543e-16
26100.056 1.1170227638634098e-15
26150.056 6.900306894926001e-16
26200.056 8.831894477702405e-16
26250.056 3.041541301842218e-15
26300.056 1.2346724051027377e-15
26350.056 4.868730221693081e-15
26400.056 1.168810240130412e-14
26450.056 9.212625840831974e-15
26500.056 1.9127039328702003e-14
26550.056 3.572171128839683e-15
26600.056 3.582696990465253e-15
26650.056 1.174640142507147e-15
26700.056 1.4418030752979515e-15
26750.056 1.9465250338705912e-15
26800.056 5.104065766574381e-15
26850.056 3.787386749122248e-15
26900.056 9.402901751089481e-15
26950.056 3.1631780191716896e-15
27000.056 1.0279109714947921e-14
27050.056 1.8281892555068927e-14
27100.056 2.6723149572983038e-15
27150.056 1.5332592690198983e-14
27200.056 3.371402414439228e-15
27250.056 7.228511950115717e-15
27300.056 3.878480485749097e-14
27350.056 1.6807719487058463e-14
27400.056 3.3023389365018773e-15
27450.056 2.3957622931553043e-14
27500.056 2.7917280497005e-14
27550.056 9.596783991539757e-15
27600.056 2.1646112106260855e-14
27650.056 9.118393544088446e-15
27700.056 1.1195924587418785e-14
27750.056 3.3155362609814455e-14
27800.056 1.6138577437899764e-14
27850.056 2.7172028749405087e-14
27900.056 3.2270632268908197e-14
27950.056 4.0151480437929836e-14
28000.056 6.340375091687433e-14
28050.056 8.019288407944276e-15
28100.056 5.574254352441346e-14
28150.056 4.6874234921506347e-14
28200.056 1.0470099860748335e-14
28250.056 5.315756172405754e-14
28300.056 4.180957092537432e-14
28350.056 7.317453416716322e-15
28400.056 3.2481395512989386e-14
28450.056 2.812657664468801e-14
28500.056 1.3448230520236323e-14
28550.056 1.0184713432129067e-14
28600.056 4.66733022861743e-14
28650.056 1.1065069843715757e-14
28700.056 3.8295858673771545e-14
28750.056 4.324339158456572e-14
28800.056 6.8032131773414344e-15
