galfind/configs/Brown_Dwarf_templates/sonora_bobcat/m0.0/100g/sp_t2000g100nc_m0.0_resample.dat
# %ECSV 1.0
# ---
# datatype:
# - {name: wav, unit: Angstrom, datatype: float64}
# - {name: flux_nu, unit: erg / (cm2 Hz s), datatype: float64}
# meta: {C/O: '1.00', Kzz: '1.0000E+05', Teff: '2000.', Y: '0.28', '[Fe/H]': '0.00', f_hole: '1.00', f_rain: '0.00', grav: '100.'}
# schema: astropy-2.0
wav flux_nu
4000.0559999999996 nan
4050.0559999999996 5.405899328411652e-09
4100.056 6.3577968832211404e-09
4150.056 4.8789797510279104e-09
4200.056 3.4535191605683933e-09
4250.056 2.972966875221456e-09
4300.056 1.8105461622107365e-09
4350.056 2.0070248389700133e-09
4400.056 2.0361543322807093e-09
4450.056 1.1384944032700836e-09
4500.056 1.2630737162801503e-09
4550.056 1.6268114997695195e-09
4600.056 1.3752455668098817e-09
4650.056 1.0952207967800126e-09
4700.056 1.3395894846402831e-09
4750.056 1.718940640589566e-09
4800.056 1.082820771310172e-09
4850.056 1.3874292948403154e-09
4900.056 2.680324696879781e-09
4950.056 3.305109488630179e-09
5000.056 1.4556543169198493e-09
5050.056 1.887497954250333e-09
5100.056 3.387586661610821e-09
5150.056 3.637346294258342e-09
5200.056 2.1802903153400477e-09
5250.056 2.8831864651600252e-09
5300.056 3.548693890900043e-09
5350.056 3.677778095310512e-09
5400.056 4.192465012599996e-09
5450.056 3.317375081179662e-09
5500.056 2.4566848709897375e-09
5550.056 3.039728011869765e-09
5600.056 2.5904197648001696e-09
5650.056 2.2331340043000287e-09
5700.056 2.2208875447000716e-09
5750.056 1.5789897188499048e-09
5800.056 1.046251779139965e-09
5850.056 3.401391716029929e-10
5900.056 2.598596202232566e-11
5950.056 7.072882247200054e-10
6000.056 2.2253177900999786e-09
6050.056 4.6614332746002095e-09
6100.056 6.857449767900384e-09
6150.056 8.204846140399123e-09
6200.056 6.747281926900144e-09
6250.056 8.167305728300512e-09
6300.056 1.1688284864500366e-08
6350.056 1.5192686859600655e-08
6400.056 1.898243549370029e-08
6450.056 2.447782660149565e-08
6500.056 2.4936112336395368e-08
6550.056 3.026909914299412e-08
6600.056 2.7969802593001792e-08
6650.056 2.4508492371602557e-08
6700.056 1.7737637860254774e-08
6750.056 2.4412382772002027e-08
6800.056 2.7938341126000725e-08
6850.056 3.394623236499926e-08
6900.056 4.003777944500037e-08
6950.056 4.958042731299591e-08
7000.056 6.986300587999235e-08
7050.056 6.596675572700513e-08
7100.056 3.909056354399749e-08
7150.056 3.406420719100251e-08
7200.056 4.629878001199854e-08
7250.056 6.62043542600066e-08
7300.056 1.0296499582701591e-07
7350.056 1.383480161250028e-07
7400.056 1.5525200920301328e-07
7450.056 1.5384680248496925e-07
7500.056 1.6442956260599916e-07
7550.056 1.7925648225600518e-07
7600.056 1.1639837097399221e-07
7650.056 2.2997894653529708e-08
7700.056 9.180320040290731e-09
7750.056 7.153546148000602e-08
7800.056 1.0924242859725869e-07
7850.056 1.3750291019499869e-07
7900.056 1.4845939406102742e-07
7950.056 1.4416448824254912e-07
8000.056 1.8162864809297546e-07
8050.056 2.7934628499196123e-07
8100.056 4.2657743988008743e-07
8150.056 6.262142653300303e-07
8200.056 4.586219199447393e-07
8250.056 5.467008162199771e-07
8300.056 4.5167621105014096e-07
8350.056 4.900812055701412e-07
8400.056 5.048475485400587e-07
8450.056 3.100539382599328e-07
8500.056 2.769146082977266e-07
8550.056 3.4347827382003445e-07
8600.056 4.0357550954984813e-07
8650.056 4.912212194069257e-07
8700.056 5.457139970321403e-07
8750.056 6.855890378380919e-07
8800.056 9.446243238101984e-07
8850.056 9.298008705201074e-07
8900.056 6.345834414299925e-07
8950.056 6.885722852436471e-07
9000.056 8.841163678001097e-07
9050.056 9.431731903497981e-07
9100.056 1.2162894339100562e-06
9150.056 1.4337314106700142e-06
9200.056 1.3712206291502006e-06
9250.056 8.829580605699225e-07
9300.056 7.176457849470646e-07
9350.056 8.172885181768354e-07
9400.056 9.255449828301787e-07
9450.056 1.054511313409713e-06
9500.056 1.271600137262824e-06
9550.056 1.45400788327133e-06
9600.056 1.551163291628408e-06
9650.056 1.78415319817345e-06
9700.056 1.957052315814746e-06
9750.056 1.5150172880279975e-06
9800.056 1.6856729992298183e-06
9850.056 1.6624571106998212e-06
9900.056 1.4781834598399667e-06
9950.056 1.3746685417700674e-06
10000.056 1.3772174189998512e-06
10050.056 1.36757774415996e-06
10100.056 1.6964585625905613e-06
10150.056 1.6586329823297799e-06
10200.056 1.8154887329998475e-06
10250.056 1.7823216234694081e-06
10300.056 1.7674957959196608e-06
10350.056 2.0301642222097326e-06
10400.056 2.206735513549909e-06
10450.056 2.3689906928604222e-06
10500.056 2.3470561986896255e-06
10550.056 2.4191376185604607e-06
10600.056 2.6281111825204386e-06
10650.056 2.7330748482598176e-06
10700.056 2.9197774543301617e-06
10750.056 3.181958473860286e-06
10800.056 3.3950077359797023e-06
10850.056 3.64251458234977e-06
10900.056 3.5617965082097414e-06
10950.056 3.3584948931691653e-06
11000.056 3.2025816662800937e-06
11050.056 2.350005505129998e-06
11100.056 2.5623253720214936e-06
11150.056 2.6945513317687414e-06
11200.056 2.755874698460372e-06
11250.056 3.126964750434895e-06
11300.056 3.1387181194411207e-06
11350.056 2.885710006124985e-06
11400.056 2.3664359511800737e-06
11450.056 3.1438284395271884e-06
11500.056 3.52610936268439e-06
11550.056 3.4138765284311157e-06
11600.056 3.561970758688069e-06
11650.056 3.673325644346602e-06
11700.056 2.958089776501089e-06
11750.056 3.0341836389349006e-06
11800.056 3.055936272706102e-06
11850.056 3.7562796340502316e-06
11900.056 3.882457915849121e-06
11950.056 3.887380616499786e-06
12000.056 3.642228990390226e-06
12050.056 4.066628616440339e-06
12100.056 4.044836299269786e-06
12150.056 4.445267323199766e-06
12200.056 4.517225270199531e-06
12250.056 4.8066762575994205e-06
12300.056 4.954746469700668e-06
12350.056 5.003620156110398e-06
12400.056 4.541611822599574e-06
12450.056 3.837546494060091e-06
12500.056 4.1833730031992425e-06
12550.056 4.21752245967008e-06
12600.056 4.613766811300066e-06
12650.056 4.824673797599597e-06
12700.056 5.096208803799808e-06
12750.056 5.08364635130022e-06
12800.056 5.429599504699473e-06
12850.056 5.295505663000186e-06
12900.056 5.148625147299434e-06
12950.056 5.325316495299279e-06
13000.056 5.480076521679128e-06
13050.056 5.59110195038957e-06
13100.056 5.578285338239399e-06
13150.056 5.5851951070595986e-06
13200.056 5.385927653469604e-06
13250.056 5.038327455400159e-06
13300.056 4.375388929036445e-06
13350.056 2.8210947804133484e-06
13400.056 2.622391329691841e-06
13450.056 2.2974328747352422e-06
13500.056 2.2660201794465617e-06
13550.056 2.120693651062743e-06
13600.056 1.923069032658997e-06
13650.056 2.1239567842972915e-06
13700.056 1.8938779474486102e-06
13750.056 1.9034461836814515e-06
13800.056 2.1833980420156875e-06
13850.056 2.16391053432778e-06
13900.056 2.1212238047184865e-06
13950.056 2.0117253182132692e-06
14000.056 1.8761606378719293e-06
14050.056 1.9040690822308836e-06
14100.056 1.7077263376814964e-06
14150.056 1.7209772262438255e-06
14200.056 1.6086239485434415e-06
14250.056 1.5866663451707394e-06
14300.056 1.6292595205627233e-06
14350.056 1.630355199545297e-06
14400.056 1.7351152212202427e-06
14450.056 1.8183067137601578e-06
14500.056 2.01172661275272e-06
14550.056 2.0443426573349487e-06
14600.056 2.133989619388769e-06
14650.056 2.1013604257271564e-06
14700.056 1.947210338336708e-06
14750.056 2.071706051912496e-06
14800.056 2.147911396524665e-06
14850.056 2.310579570051363e-06
14900.056 2.3219462081749357e-06
14950.056 2.3420567649504483e-06
15000.056 2.414364687870538e-06
15050.056 2.6480560412693457e-06
15100.056 2.653652021380394e-06
15150.056 2.771284796430235e-06
15200.056 2.8821288896297986e-06
15250.056 2.89964310580979e-06
15300.056 3.0679306756198353e-06
15350.056 3.1625941212901174e-06
15400.056 3.27913894642008e-06
15450.056 3.4354338610102907e-06
15500.056 3.504291872499396e-06
15550.056 3.7018794286797977e-06
15600.056 3.678998166130473e-06
15650.056 3.8573891166900816e-06
15700.056 4.126439429201411e-06
15750.056 4.285450620099632e-06
15800.056 4.322377127200872e-06
15850.056 4.163153422300281e-06
15900.056 4.280724204600561e-06
15950.056 4.375695749099898e-06
16000.056 4.471851901199718e-06
16050.056 4.632260923900403e-06
16100.056 4.780698674000311e-06
16150.056 4.708788980400359e-06
16200.056 4.88956706349967e-06
16250.056 4.8957173468999204e-06
16300.056 4.947892964900088e-06
16350.056 5.218145014099701e-06
16400.056 5.144129201100831e-06
16450.056 5.284095633700354e-06
16500.056 5.454907291800582e-06
16550.056 5.6956145345997185e-06
16600.056 5.442715913000606e-06
16650.056 5.887795479200445e-06
16700.056 5.68244530279899e-06
16750.056 5.785720158499423e-06
16800.056 5.9660030894001805e-06
16850.056 5.978701261599634e-06
16900.056 5.811217034600273e-06
16950.056 5.798223651599346e-06
17000.056 5.785079991100768e-06
17050.056 5.693213269600296e-06
17100.056 5.408027763300789e-06
17150.056 5.311503192029901e-06
17200.056 4.903158872819658e-06
17250.056 4.650498148069936e-06
17300.056 4.744529996349301e-06
17350.056 4.5234300136104855e-06
17400.056 4.622491082580076e-06
17450.056 4.313944235177753e-06
17500.056 4.131876356118906e-06
17550.056 4.097760795266352e-06
17600.056 3.9136317488679924e-06
17650.056 3.989349681686333e-06
17700.056 3.467222667465459e-06
17750.056 3.3413536937320223e-06
17800.056 3.3203615587287394e-06
17850.056 3.0925825618324864e-06
17900.056 3.1102384584018543e-06
17950.056 3.020437872013385e-06
18000.056 2.7575280943083013e-06
18050.056 2.788596100856194e-06
18100.056 2.671767282088974e-06
18150.056 2.9621800066399705e-06
18200.056 2.476677152287453e-06
18250.056 2.896903611652313e-06
18300.056 2.774950756676876e-06
18350.056 2.608779074435259e-06
18400.056 2.5683769874561085e-06
18450.056 2.342628780520753e-06
18500.056 2.4231275117025517e-06
18550.056 2.275821776209386e-06
18600.056 1.9307987200017485e-06
18650.056 2.2389158725966456e-06
18700.056 2.414624974977485e-06
18750.056 2.303249837087771e-06
18800.056 2.3751969742189885e-06
18850.056 2.725744474684752e-06
18900.056 2.6309333131087625e-06
18950.056 2.6501985116948832e-06
19000.056 2.824188970649447e-06
19050.056 2.7396512613689963e-06
19100.056 2.8100134551949374e-06
19150.056 2.9205262015898232e-06
19200.056 2.8822729475490765e-06
19250.056 2.74749655100524e-06
19300.056 2.880373292420027e-06
19350.056 2.877787450430056e-06
19400.056 2.5781120240531208e-06
19450.056 2.9057489434984096e-06
19500.056 2.8963305892296027e-06
19550.056 2.509223841640815e-06
19600.056 2.8827876913717463e-06
19650.056 2.8415933121999933e-06
19700.056 2.860802136793329e-06
19750.056 2.6733055747713696e-06
19800.056 2.805009390985573e-06
19850.056 2.823758033418372e-06
19900.056 2.550925781918743e-06
19950.056 2.942434660709999e-06
20000.056 2.607153319560435e-06
20050.056 2.7816206743911298e-06
20100.056 2.8908989705682494e-06
20150.056 2.839207671150413e-06
20200.056 2.9167116445491025e-06
20250.056 3.0574444278199995e-06
20300.056 3.0649852002002356e-06
20350.056 3.122111135229657e-06
20400.056 3.100469940348406e-06
20450.056 3.305527660279709e-06
20500.056 3.280928060280246e-06
20550.056 3.3629015028000376e-06
20600.056 3.5641795474405784e-06
20650.056 3.4803312983908614e-06
20700.056 3.6292826516702538e-06
20750.056 3.6901775777194026e-06
20800.056 3.834275789890227e-06
20850.056 3.8244394626198904e-06
20900.056 4.001841449879648e-06
20950.056 4.051355736599844e-06
21000.056 4.2499792569997345e-06
21050.056 4.260391146600148e-06
21100.056 4.317327808779994e-06
21150.056 4.546306614300237e-06
21200.056 4.516868211500404e-06
21250.056 4.737628893499525e-06
21300.056 4.6011905427998895e-06
21350.056 4.920137380800251e-06
21400.056 4.7582330233004465e-06
21450.056 5.209852494600022e-06
21500.056 4.9573302653003155e-06
21550.056 5.0884932313996795e-06
21600.056 5.241632136800588e-06
21650.056 5.210477316000409e-06
21700.056 5.453031843999738e-06
21750.056 5.3335222910999155e-06
21800.056 5.348161749799696e-06
21850.056 5.398090721399745e-06
21900.056 5.559249109100615e-06
21950.056 5.463947800000321e-06
22000.056 5.661342353599766e-06
22050.056 5.44290361189928e-06
22100.056 5.634396271999855e-06
22150.056 5.6955744346004536e-06
22200.056 5.521662554941176e-06
22250.056 5.831718047700433e-06
22300.056 5.772022357499667e-06
22350.056 5.613125711600293e-06
22400.056 5.887294305460311e-06
22450.056 5.794644823519236e-06
22500.056 5.891950963189725e-06
22550.056 5.805266126798997e-06
22600.056 5.818767305099809e-06
22650.056 5.77896066804119e-06
22700.056 5.7730037248812954e-06
22750.056 5.964374678889622e-06
22800.056 5.724044139320138e-06
22850.056 5.8290910709006195e-06
22900.056 5.977074638889665e-06
22950.056 4.365854730260587e-06
23000.056 4.909150076710356e-06
23050.056 5.099733698349235e-06
23100.056 4.860512069539686e-06
23150.056 5.03289086849081e-06
23200.056 5.028238213060115e-06
23250.056 4.136661652648973e-06
23300.056 4.484797229760164e-06
23350.056 4.623280530840123e-06
23400.056 4.469080173700064e-06
23450.056 4.6229514181399605e-06
23500.056 4.478816565068978e-06
23550.056 3.966644821431223e-06
23600.056 4.052066870480952e-06
23650.056 4.348006240029467e-06
23700.056 4.296075641698756e-06
23750.056 4.271022429980702e-06
23800.056 4.212580187000605e-06
23850.056 3.585388301520463e-06
23900.056 3.940120928109551e-06
23950.056 4.051168586001215e-06
24000.056 3.783012993899346e-06
24050.056 3.7557835581705043e-06
24100.056 3.419427427509004e-06
24150.056 3.3452493234206303e-06
24200.056 3.371732865808785e-06
24250.056 3.2879315363004324e-06
24300.056 3.1398669499301477e-06
24350.056 2.9453970172001982e-06
24400.056 3.230082384839719e-06
24450.056 2.8963954239497924e-06
24500.056 2.6713335243399175e-06
24550.056 2.6239423657299165e-06
24600.056 2.6723292206505356e-06
24650.056 2.8984446742298175e-06
24700.056 2.4290836058899393e-06
24750.056 2.3025065305207416e-06
24800.056 2.233212974660459e-06
24850.056 2.60626218187996e-06
24900.056 2.0076349276323175e-06
24950.056 2.5101791140396182e-06
25000.056 2.217142697660112e-06
25050.056 1.7878688474775598e-06
25100.056 2.1506561159679865e-06
25150.056 1.845637222007035e-06
25200.056 1.9912505318535616e-06
25250.056 1.879014147044477e-06
25300.056 2.0218864428191116e-06
25350.056 1.6840003531970275e-06
25400.056 1.8806369206808414e-06
25450.056 1.694435569463039e-06
25500.056 1.8126642614846577e-06
25550.056 1.6923440094082237e-06
25600.056 1.7575110784151737e-06
25650.056 1.5665747491700056e-06
25700.056 1.9811126817331686e-06
25750.056 1.452993523897258e-06
25800.056 1.8797227500904065e-06
25850.056 1.687890450337778e-06
25900.056 1.8734989638104118e-06
25950.056 1.6363980447999784e-06
26000.056 1.8574075830006601e-06
26050.056 2.0050868074601114e-06
26100.056 1.9459371622702253e-06
26150.056 1.9616336493093517e-06
26200.056 1.85651984432012e-06
26250.056 1.896556138290523e-06
26300.056 1.9184048612701115e-06
26350.056 1.908585994519776e-06
26400.056 1.970827810509433e-06
26450.056 1.9410924472903135e-06
26500.056 2.0439302681891926e-06
26550.056 2.0196229402194466e-06
26600.056 2.363020167399393e-06
26650.056 1.8558554830196589e-06
26700.056 1.896382990069956e-06
26750.056 1.7048162557492097e-06
26800.056 1.913418243819307e-06
26850.056 1.560479257730148e-06
26900.056 2.0079626901501498e-06
26950.056 1.3976735614800027e-06
27000.056 1.8992818398106089e-06
27050.056 1.595748743469868e-06
27100.056 1.6095820367296722e-06
27150.056 1.714536444489906e-06
27200.056 1.6948878598404868e-06
27250.056 1.5592628860108205e-06
27300.056 1.7909726178400015e-06
27350.056 1.7368728492792862e-06
27400.056 1.470851105980005e-06
27450.056 1.9193785869291784e-06
27500.056 1.7490410276999984e-06
27550.056 1.6794940280099362e-06
27600.056 1.938081719929666e-06
27650.056 1.514605756439772e-06
27700.056 1.4867424244801811e-06
27750.056 1.953371125098849e-06
27800.056 1.4149258543798434e-06
27850.056 1.5904162620890754e-06
27900.056 1.6178451559701848e-06
27950.056 1.8623989984998374e-06
28000.056 1.7758760142005516e-06
28050.056 1.3652924702503837e-06
28100.056 1.949660724030875e-06
28150.056 1.5644694608200422e-06
28200.056 1.338161494890122e-06
28250.056 1.691985116400106e-06
28300.056 1.9429902277203614e-06
28350.056 1.54777978180934e-06
28400.056 1.6167810323699583e-06
28450.056 1.6529584554396068e-06
28500.056 1.6911460636895997e-06
28550.056 1.2583285688994998e-06
28600.056 1.9340756143600357e-06
28650.056 1.7905175493997683e-06
28700.056 1.5983140813295633e-06
28750.056 1.7945052128299068e-06
28800.056 1.7121972360404018e-06
