galfind/configs/Brown_Dwarf_templates/sonora_bobcat/m0.0/100g/sp_t1400g100nc_m0.0_resample.dat
# %ECSV 1.0
# ---
# datatype:
# - {name: wav, unit: Angstrom, datatype: float64}
# - {name: flux_nu, unit: erg / (cm2 Hz s), datatype: float64}
# meta: {C/O: '1.00', Kzz: '1.0000E+05', Teff: '1400.', Y: '0.28', '[Fe/H]': '0.00', f_hole: '1.00', f_rain: '0.00', grav: '100.'}
# schema: astropy-2.0
wav flux_nu
[from data line 499]
28950.056 5.749400091479961e-07
29000.056 4.782785721728898e-07
29050.056 5.033885764969421e-07
29100.056 4.080450738760725e-07
29150.056 5.499647602801216e-07
29200.056 4.68855459038084e-07
29250.056 5.587504028429988e-07
29300.056 4.349065925307963e-07
29350.056 6.645805557988611e-07
29400.056 5.063752189729021e-07
29450.056 5.328933493909815e-07
29500.056 5.475844775779236e-07
29550.056 5.301135253380127e-07
29600.056 5.817640479218617e-07
29650.056 5.512220683999403e-07
29700.056 4.890635653588704e-07
29750.056 6.034271270772453e-07
29800.056 6.211386318659353e-07
29850.056 5.979197612649174e-07
29900.056 5.540515664731998e-07
29950.056 6.330410376858889e-07
30000.056 6.207202267389025e-07
30050.056 5.796368186199499e-07
30100.056 5.081085044238433e-07
30150.056 7.044346213399572e-07
30200.056 6.026745227300225e-07
30250.056 6.501459248301558e-07
30300.056 6.022309197499546e-07
30350.056 5.6889088365005e-07
30400.056 6.658192369800608e-07
30450.056 5.392829613330716e-07
30500.056 4.7406063269006256e-07
30550.056 5.557166636600929e-07
30600.056 5.663458211100354e-07
30650.056 5.388694516199381e-07
30700.056 5.060675952879845e-07
30750.056 4.82850721879985e-07
30800.056 4.852247083660919e-07
30850.056 4.234537184839175e-07
30900.056 4.4068468519493775e-07
30950.056 3.944150483840705e-07
31000.056 3.877326131379912e-07
31050.056 3.99850110130005e-07
31100.056 3.4751321752497576e-07
31150.056 3.757897115349674e-07
31200.056 3.9285181263001007e-07
31250.056 3.438446353449768e-07
31300.056 3.379954992779625e-07
31350.056 3.1747491761800037e-07
31400.056 2.9490947301904483e-07
31450.056 2.963323835939714e-07
31500.056 2.8672165437695526e-07
31550.056 2.8851710375200254e-07
31600.056 2.6517202967498175e-07
31650.056 2.5761056177599813e-07
31700.056 2.602093683299718e-07
31750.056 2.382357543440706e-07
31800.056 2.7241582710496607e-07
31850.056 2.484318617290319e-07
31900.056 2.7934123069e-07
31950.056 2.211166393980194e-07
32000.056 2.535661288949673e-07
32050.056 2.703375916630167e-07
32100.056 2.6751772226802224e-07
32150.056 2.807368352229744e-07
32200.056 2.5629179503699086e-07
32250.056 3.018788174630308e-07
32300.056 2.5888981028699145e-07
32350.056 3.1819537666798806e-07
32400.056 2.5639810109999514e-07
32450.056 3.127685050239059e-07
32500.056 3.1570911245305375e-07
32550.056 3.214626464119951e-07
32600.056 3.282234524439914e-07
32650.056 3.8101574365999645e-07
32700.056 3.6303217229004624e-07
32750.056 3.799297164000085e-07
32800.056 3.717001414460229e-07
32850.056 3.9310686894993175e-07
32900.056 4.2692063772998024e-07
32950.056 4.0022817312996685e-07
33000.056 3.8268839154793855e-07
33050.056 3.5140430182005264e-07
33100.056 2.9366007433997473e-07
33150.056 2.0971194756001015e-07
33200.056 1.62750101295962e-07
33250.056 1.3319703927696297e-07
33300.056 1.264101352030176e-07
33350.056 1.4476645076600155e-07
33400.056 1.5992169927997765e-07
33450.056 1.8093212234499362e-07
33500.056 2.195776811000376e-07
33550.056 2.3725676133803817e-07
33600.056 2.791308793999992e-07
33650.056 3.094212448500214e-07
33700.056 3.0346711687896574e-07
33750.056 3.6703989079999806e-07
33800.056 3.6042386967996957e-07
33850.056 3.902594030099668e-07
33900.056 3.654455685599756e-07
33950.056 3.51087583699979e-07
34000.056 3.8508361909998515e-07
34050.056 3.4005921263793396e-07
34100.056 4.0264836717996515e-07
34150.056 3.689845741159499e-07
34200.056 3.2611224542990696e-07
34250.056 3.7126464266990105e-07
34300.056 3.2754351606281986e-07
34350.056 3.0474699450999226e-07
34400.056 3.034682011960046e-07
34450.056 3.482651476099747e-07
34500.056 3.4375078578999606e-07
34550.056 3.21447202625992e-07
34600.056 3.7792900805000946e-07
34650.056 3.575345510499622e-07
34700.056 3.488030732899526e-07
34750.056 3.7916815054000096e-07
34800.056 3.621968397899215e-07
34850.056 3.4265125398001247e-07
34900.056 3.936136148449829e-07
34950.056 3.623381430299306e-07
35000.056 4.3447152050003013e-07
35050.056 3.7310464520995786e-07
35100.056 3.8938090607996845e-07
35150.056 4.1431732359999864e-07
35200.056 4.173763404900353e-07
35250.056 4.422902542699492e-07
35300.056 4.158122483600494e-07
35350.056 4.025810830899302e-07
35400.056 4.2432997330007815e-07
35450.056 3.477295328801463e-07
35500.056 4.676191966200338e-07
35550.056 4.6293470815996065e-07
35600.056 4.257447382900686e-07
35650.056 4.888567392700128e-07
35700.056 4.323764749600126e-07
35750.056 4.754952908098898e-07
35800.056 5.819877042300202e-07
35850.056 4.714634569799653e-07
35900.056 5.775183227799428e-07
35950.056 5.485088856400117e-07
36000.056 5.444704459200232e-07
36050.056 5.825506946900006e-07
36100.056 5.964387149496596e-07
36150.056 5.907340407100392e-07
36200.056 6.626403869599378e-07
36250.056 6.189273112099076e-07
36300.056 6.97742563550082e-07
36350.056 6.703694331799303e-07
36400.056 6.651060665200154e-07
36450.056 7.519416804899833e-07
36500.056 7.326279471099583e-07
36550.056 7.718517497002376e-07
36600.056 8.089507712600395e-07
36650.056 8.217450673398608e-07
36700.056 8.921056181999654e-07
36750.056 8.87516619360144e-07
36800.056 9.178470213399472e-07
36850.056 9.364641295899704e-07
36900.056 9.31693015000083e-07
36950.056 1.025072545259906e-06
37000.056 1.0469091329499487e-06
37050.056 1.0333757116099582e-06
37100.056 1.0948054297101069e-06
37150.056 1.066139760859972e-06
37200.056 1.1352453931900517e-06
37250.056 1.1649748692199353e-06
37300.056 1.1028349827398885e-06
37350.056 1.0790270185302135e-06
37400.056 1.2472790368199004e-06
37450.056 1.1765182028801342e-06
37500.056 1.2026085986898499e-06
37550.056 1.2773819162099901e-06
37600.056 1.3562428914799478e-06
37650.056 1.2422469171899806e-06
37700.056 1.3843834024100825e-06
37750.056 1.3311004154500233e-06
37800.056 1.394594266510231e-06
37850.056 1.286392204369964e-06
37900.056 1.3428751266602315e-06
37950.056 1.349771745599928e-06
38000.056 1.4628205287201069e-06
38050.056 1.4546159267200932e-06
38100.056 1.3716983620001966e-06
38150.056 1.5782224735599225e-06
38200.056 1.6042893026800082e-06
38250.056 1.4388939986601836e-06
38300.056 1.5162785426099294e-06
38350.056 1.596507317899954e-06
38400.056 1.5231030219097942e-06
38450.056 1.6681559526000388e-06
38500.056 1.532954887050105e-06
38550.056 1.6463653916900713e-06
38600.056 1.775094602599861e-06
38650.056 1.6076340190299978e-06
38700.056 1.671371841350223e-06
38750.056 1.7142017811300238e-06
38800.056 1.6748744916599227e-06
38850.056 1.631051486130076e-06
38900.056 1.6392923487299593e-06
38950.056 1.7712986094999369e-06
39000.056 1.7059969036000328e-06
39050.056 1.7707437626798587e-06
39100.056 1.6304494535901908e-06
39150.056 1.7315447663000363e-06
39200.056 1.803075287220037e-06
39250.056 1.8000831033996472e-06
39300.056 1.7397788354996298e-06
39350.056 1.8060952604401676e-06
39400.056 1.7794512285000732e-06
39450.056 1.7819189872999083e-06
39500.056 1.7009969784698923e-06
39550.056 1.7280815253799237e-06
39600.056 1.8786709014997991e-06
39650.056 1.708336571999984e-06
39700.056 1.7539155808999296e-06
39750.056 1.7042932580399052e-06
39800.056 1.6596743278999548e-06
39850.056 1.7485536385998904e-06
39900.056 1.7229552936901216e-06
39950.056 1.791332570899811e-06
40000.056 1.6428900709300269e-06
40050.056 1.6314435264000374e-06
40100.056 1.7254353987799601e-06
40150.056 1.6283503412097731e-06
40200.056 1.6644133048397968e-06
40250.056 1.5761340830396078e-06
40300.056 1.5416488272401279e-06
40350.056 1.679172362300174e-06
40400.056 1.6439958627300773e-06
40450.056 1.6222306380001627e-06
40500.056 1.4857693709501885e-06
40550.056 1.700735549099891e-06
40600.056 1.4585652674002034e-06
40650.056 1.5377930048299474e-06
40700.056 1.6685052189400334e-06
40750.056 1.472036896549492e-06
40800.056 1.4012369750000205e-06
40850.056 1.4422293953003026e-06
40900.056 1.4144159453200697e-06
40950.056 1.4788021021399675e-06
41000.056 1.4792390908999667e-06
41050.056 1.4936014601698284e-06
41100.056 1.4002556730599716e-06
41150.056 1.4199202503599798e-06
41200.056 1.42543756368002e-06
41250.056 1.421358269580079e-06
41300.056 1.2524784042097225e-06
41350.056 1.4811159943700516e-06
41400.056 1.3757821067301758e-06
41450.056 1.393208028940247e-06
41500.056 1.3930920730900313e-06
41550.056 1.3707000124000178e-06
41600.056 1.41407649376005e-06
41650.056 1.3302023012602214e-06
41700.056 1.2610462342098184e-06
41750.056 1.2859262113698956e-06
41800.056 1.3351927031998047e-06
41850.056 1.094187996860177e-06
41900.056 1.2990620501199358e-06
41950.056 1.1640837649803159e-06
42000.056 1.1767385697801378e-06
42050.056 1.0410191041297584e-06
42100.056 1.2333513706701565e-06
42150.056 9.15511521809722e-07
42200.056 9.905890586300278e-07
42250.056 1.0518710424700275e-06
42300.056 8.893596158200464e-07
42350.056 1.0772475141402458e-06
42400.056 9.089542840902187e-07
42450.056 8.245915162700957e-07
42500.056 8.680991199501307e-07
42550.056 8.698632375099742e-07
42600.056 8.669595535702291e-07
42650.056 7.942087358196154e-07
42700.056 8.801286121302757e-07
42750.056 8.163214960299427e-07
42800.056 7.936284676602695e-07
42850.056 8.763218058397538e-07
42900.056 8.489510989100452e-07
42950.056 7.964312621296405e-07
43000.056 8.125467499100216e-07
43050.056 7.371807149503334e-07
43100.056 8.224072201101095e-07
43150.056 8.068085370301168e-07
43200.056 8.293541634301061e-07
43250.056 8.033874559498349e-07
43300.056 8.493308789900566e-07
43350.056 7.624615214199566e-07
43400.056 7.887359568399803e-07
43450.056 7.828697997601777e-07
43500.056 7.714625801599217e-07
43550.056 8.126945688600681e-07
43600.056 8.334323743300479e-07
43650.056 7.442353581200543e-07
43700.056 7.505801216297986e-07
43750.056 7.723882769001663e-07
43800.056 7.170855908900788e-07
43850.056 7.366740210001492e-07
43900.056 7.644091949199258e-07
43950.056 7.007810137700854e-07
44000.056 6.835604072000813e-07
44050.056 7.043111650800652e-07
44100.056 7.336238712700818e-07
44150.056 7.435746963698592e-07
44200.056 7.119738380899834e-07
44250.056 6.98010097370024e-07
44300.056 6.832116452300645e-07
44350.056 6.693523680600333e-07
44400.056 7.050323662799724e-07
44450.056 7.12260758579998e-07
44500.056 7.241890713800636e-07
44550.056 6.815509077298819e-07
44600.056 6.76370546630071e-07
44650.056 7.145292539700667e-07
44700.056 6.607536556000323e-07
44750.056 6.98911529189939e-07
44800.056 7.045238378999769e-07
44850.056 6.889962733800796e-07
44900.056 6.484057109900592e-07
44950.056 6.356452569400255e-07
45000.056 6.768219470499584e-07
45050.056 6.798526120099581e-07
45100.056 7.011719106199863e-07
45150.056 6.544863420899846e-07
45200.056 6.117502074400235e-07
45250.056 6.30794060609937e-07
45300.056 6.659488323900271e-07
45350.056 6.840900063499556e-07
45400.056 6.610222610300638e-07
45450.056 6.138812562399082e-07
45500.056 6.377912199199726e-07
45550.056 6.860674792199567e-07
45600.056 6.411840842199955e-07
45650.056 5.907750339698992e-07
45700.056 6.840266609800533e-07
45750.056 6.17349163220015e-07
45800.056 6.209953731299747e-07
45850.056 7.198537866699691e-07
45900.056 7.113256288200271e-07
45950.056 6.213869049800034e-07
46000.056 7.153976407400253e-07
46050.056 7.06500402480114e-07
46100.056 6.120800827300517e-07
46150.056 6.680254030099743e-07
46200.056 6.932486723901237e-07
46250.056 5.936862532499877e-07
46300.056 7.3983102779999e-07
46350.056 6.45931477439947e-07
46400.056 6.629637070099476e-07
46450.056 6.928061630500699e-07
46500.056 6.257453350299687e-07
46550.056 7.553660330199811e-07
46600.056 7.073275807600294e-07
46650.056 8.834139614398617e-07
46700.056 8.167097800302561e-07
46750.056 6.584032935099619e-07
46800.056 7.09277092510082e-07
46850.056 7.786531054600894e-07
46900.056 7.348498395598869e-07
46950.056 8.075701093200116e-07
47000.056 6.838166784199976e-07
47050.056 8.146780098398744e-07
47100.056 6.340218490800621e-07
47150.056 6.939644510700621e-07
47200.056 7.53545390200117e-07
47250.056 6.704432506399585e-07
47300.056 6.812958954598725e-07
47350.056 6.328396557199076e-07
47400.056 7.564267873898932e-07
47450.056 6.556159110799723e-07
47500.056 7.581929319599113e-07
47550.056 6.670001700199513e-07
47600.056 7.507818188499527e-07
47650.056 5.752023085298866e-07
47700.056 7.68404770920065e-07
47750.056 5.528697166500981e-07
47800.056 7.545974241899319e-07
47850.056 5.897199579299182e-07
47900.056 7.349579913100227e-07
47950.056 5.862821312200713e-07
48000.056 8.261204693700122e-07
48050.056 6.521177384900725e-07
48100.056 7.102460822799957e-07
48150.056 6.530065589500846e-07
48200.056 7.54213865310073e-07
48250.056 6.386623505200185e-07
48300.056 8.143503335198451e-07
48350.056 5.885113377899733e-07
48400.056 7.191168066499881e-07
48450.056 6.269761254900326e-07
48500.056 8.311710405700171e-07
48550.056 5.983123949900047e-07
48600.056 7.653990454099503e-07
48650.056 6.288931976599729e-07
48700.056 7.579513855600452e-07
48750.056 5.642385790100534e-07
48800.056 8.43237663790026e-07
48850.056 6.063362768598831e-07
48900.056 7.910943903500618e-07
48950.056 7.137841571400213e-07
49000.056 6.665730971399018e-07
49050.056 7.554522480099927e-07
49100.056 6.837849344200526e-07
49150.056 7.308664400599794e-07
49200.056 6.897137301999819e-07
49250.056 7.361029506500241e-07
49300.056 6.398467276999586e-07
49350.056 6.761091509900064e-07
49400.056 7.7774393342003e-07
49450.056 6.846021982201555e-07
49500.056 7.061483163900023e-07
49550.056 6.157932270799996e-07
49600.056 6.872520474201338e-07
49650.056 7.154631061699999e-07
49700.056 6.295373239699249e-07
49750.056 8.875288302698824e-07
49800.056 6.815439735300284e-07
49850.056 8.699955237200725e-07
49900.056 6.940898485000314e-07
49950.056 7.452200153898711e-07
50000.056 7.305089497098674e-07
50050.056 7.390795903500401e-07
50100.056 7.800847346999604e-07
50150.056 6.504125669700149e-07
50200.056 6.035539110000502e-07
50250.056 7.464522148700037e-07
50300.056 6.905822714499719e-07
50350.056 8.246912281499967e-07
50400.056 7.093653094399677e-07
50450.056 6.967932262501107e-07
50500.056 8.568603376801136e-07
50550.056 7.277240152399914e-07
50600.056 7.757926659999803e-07
50650.056 7.540523476101302e-07
50700.056 8.224890206898242e-07
50750.056 8.450053386301074e-07
50800.056 6.225229627999168e-07
50850.056 7.243811222301274e-07
50900.056 8.177564614599717e-07
50950.056 7.881023612601546e-07
51000.056 9.123563047400859e-07
51050.056 7.026274212800632e-07
51100.056 6.658004159699389e-07
51150.056 7.781485254499414e-07
51200.056 7.925973794599757e-07
51250.056 8.072048223299533e-07
51300.056 6.81904230840228e-07
51350.056 7.503863468399002e-07
51400.056 6.720742234098859e-07
51450.056 5.431238189698962e-07
51500.056 6.909592642800532e-07
51550.056 9.167992245600855e-07
51600.056 6.502316947500628e-07
51650.056 7.450878086299069e-07
51700.056 7.187624905498137e-07
51750.056 6.642142356700484e-07
51800.056 8.096668011398044e-07
51850.056 7.95818551629927e-07
51900.056 8.664518781601485e-07
51950.056 7.879866806499409e-07
52000.056 6.324040197499705e-07
52050.056 7.533549133699663e-07
52100.056 6.848576028799004e-07
52150.056 6.928227780400298e-07
52200.056 6.572009986899993e-07
52250.056 7.151920245200123e-07
52300.056 8.241983436599813e-07
52350.056 8.369039709100673e-07
52400.056 6.178883097800949e-07
52450.056 7.439853144800033e-07
52500.056 8.176148854598694e-07
52550.056 7.87571230349797e-07
52600.056 7.577625538301038e-07
52650.056 8.35392057480139e-07
52700.056 7.288442063700097e-07
52750.056 6.150134311599512e-07
52800.056 6.890079198500593e-07
52850.056 6.642253465299059e-07
52900.056 7.221737398900363e-07
52950.056 7.204930387299335e-07
53000.056 8.190989901299524e-07
53050.056 6.78031750769849e-07
53100.056 6.654276796998607e-07
53150.056 8.681721486600966e-07
53200.056 5.932436400400477e-07
53250.056 8.454936048800001e-07
53300.056 8.220596390703288e-07
53350.056 8.124163707699166e-07
53400.056 7.826340457400665e-07
53450.056 6.661748718900345e-07
53500.056 5.626363360798954e-07
53550.056 7.083059432999147e-07
53600.056 7.801596663401267e-07
53650.056 6.447860428200502e-07
53700.056 6.669821579901232e-07
