galfind/configs/Brown_Dwarf_templates/sonora_bobcat/m0.0/100g/sp_t1100g100nc_m0.0_resample.dat
# %ECSV 1.0
# ---
# datatype:
# - {name: wav, unit: Angstrom, datatype: float64}
# - {name: flux_nu, unit: erg / (cm2 Hz s), datatype: float64}
# meta: {C/O: '1.00', Kzz: '1.0000E+05', Teff: '1100.', Y: '0.28', '[Fe/H]': '0.00', f_hole: '1.00', f_rain: '0.00', grav: '100.'}
# schema: astropy-2.0
wav flux_nu
4000.0559999999996 nan
4050.0559999999996 2.5745237368799994e-12
4100.056 4.747502902419662e-11
4150.056 8.6442801447007e-11
4200.056 7.499972168014577e-11
4250.056 1.1353241022901319e-10
4300.056 1.321796566480147e-10
4350.056 1.437444511720073e-10
4400.056 1.7243391039701122e-10
4450.056 1.82867161835002e-10
4500.056 1.8398201942101162e-10
4550.056 2.1808640952421086e-10
4600.056 2.3693206270760156e-10
4650.056 2.2120492220897954e-10
4700.056 2.363466976240068e-10
4750.056 1.7354007153799667e-10
4800.056 7.014537508900097e-11
4850.056 2.520366617999958e-11
4900.056 1.1281684325999885e-11
4950.056 5.183762048299951e-12
5000.056 1.8822456657999764e-12
5050.056 7.73746130279997e-13
5100.056 6.362823429499997e-13
5150.056 5.634646046400001e-13
5200.056 4.979675340599991e-13
5250.056 4.2639956279999936e-13
5300.056 3.6230495346999936e-13
5350.056 3.112367850899995e-13
5400.056 2.696674391699995e-13
5450.056 2.338801809499997e-13
5500.056 2.023463092499999e-13
5550.056 1.7489137887999973e-13
5600.056 1.5008106556999972e-13
5650.056 1.268129121999997e-13
5700.056 1.0489264390199973e-13
5750.056 8.429394569599975e-14
5800.056 6.480085008799973e-14
5850.056 4.212968076399947e-14
5900.056 1.2878680306841291e-14
5950.056 8.298168867900141e-14
6000.056 1.938368578300013e-13
6050.056 4.1396817541000497e-13
6100.056 8.327296342200087e-13
6150.056 1.5980298387000146e-12
6200.056 2.927812537400023e-12
6250.056 5.124880191300038e-12
6300.056 8.676910537800066e-12
6350.056 1.4214610870000109e-11
6400.056 2.2561096080000162e-11
6450.056 3.4623510628e-11
6500.056 5.211972280200019e-11
6550.056 7.698251372300039e-11
6600.056 1.1184664884000115e-10
6650.056 1.5897099961000094e-10
6700.056 1.6654374344414082e-10
6750.056 2.943265922700018e-10
6800.056 3.829395101800017e-10
6850.056 4.341057392000005e-10
6900.056 4.216473002100022e-10
6950.056 3.8752332277999856e-10
7000.056 3.931327466500025e-10
7050.056 4.294691048599978e-10
7100.056 4.732231784899996e-10
7150.056 4.924911821799944e-10
7200.056 4.940366836830078e-10
7250.056 4.787150118899835e-10
7300.056 4.37217890759999e-10
7350.056 3.909343245599943e-10
7400.056 3.4390208788000395e-10
7450.056 2.90431173700002e-10
7500.056 2.3275424032999832e-10
7550.056 1.7220724903999868e-10
7600.056 1.1380806672499866e-10
7650.056 2.0106010853113716e-11
7700.056 1.0102686920370606e-11
7750.056 8.788601491600223e-11
7800.056 1.9043417325716332e-10
7850.056 4.172228460000036e-10
7900.056 6.68355567930004e-10
7950.056 8.009846678260891e-10
8000.056 1.4280452980000125e-09
8050.056 1.942633166900025e-09
8100.056 2.4829509330100004e-09
8150.056 3.1447024372599975e-09
8200.056 3.99740617176015e-09
8250.056 5.002240008220111e-09
8300.056 6.16935224295044e-09
8350.056 7.455063627369676e-09
8400.056 8.975617071499667e-09
8450.056 1.0878331342399683e-08
8500.056 1.1561006013860156e-08
8550.056 1.4683032725500342e-08
8600.056 1.7607903986999977e-08
8650.056 1.8955473377999416e-08
8700.056 2.1701464499998496e-08
8750.056 2.5041923694000724e-08
8800.056 2.929991783800107e-08
8850.056 3.314089492499896e-08
8900.056 3.364615613829921e-08
8950.056 3.069998738992748e-08
9000.056 4.1159209015794725e-08
9050.056 5.111900642060195e-08
9100.056 5.792296940566182e-08
9150.056 6.172293183000278e-08
9200.056 7.000043761143005e-08
9250.056 6.997291368418687e-08
9300.056 4.2561031581654335e-08
9350.056 5.027659269255827e-08
9400.056 6.452022662747568e-08
9450.056 7.53769552203388e-08
9500.056 7.613720934703487e-08
9550.056 8.438343140340594e-08
9600.056 8.242305281595683e-08
9650.056 9.093025279035162e-08
9700.056 1.0314382293857671e-07
9750.056 1.0754238698627069e-07
9800.056 1.1840722760410245e-07
9850.056 1.3147703905400006e-07
9900.056 1.2453056948908587e-07
9950.056 1.2095462261099135e-07
10000.056 1.0654336287098708e-07
10050.056 1.3306539248300069e-07
10100.056 1.5933277642998775e-07
10150.056 1.7527814702597198e-07
10200.056 1.9937661688399086e-07
10250.056 2.1666103931999258e-07
10300.056 2.29818892170006e-07
10350.056 2.6392482064000175e-07
10400.056 2.9387635670999053e-07
10450.056 3.0589997739000857e-07
10500.056 3.0409476180999895e-07
10550.056 3.09283036690014e-07
10600.056 3.283440120499931e-07
10650.056 3.5471544221001396e-07
10700.056 3.7614825729302355e-07
10750.056 4.056946208400166e-07
10800.056 4.3259365198600257e-07
10850.056 4.566386853199703e-07
10900.056 3.9691966112098063e-07
10950.056 2.802308194361196e-07
11000.056 2.5452691039160404e-07
11050.056 2.1805223399105554e-07
11100.056 1.8882187308933946e-07
11150.056 1.5571276327341715e-07
11200.056 1.5759951450879214e-07
11250.056 1.8750974403002e-07
11300.056 1.8359120517024168e-07
11350.056 1.1125618578430767e-07
11400.056 1.4240808127907643e-07
11450.056 1.5003569015123452e-07
11500.056 1.6830968399553873e-07
11550.056 1.2180349985206952e-07
11600.056 1.3330082545021584e-07
11650.056 1.5122337748035005e-07
11700.056 1.26855597255618e-07
11750.056 9.510177683540992e-08
11800.056 1.4379920529203407e-07
11850.056 2.079529935732639e-07
11900.056 2.32543107811533e-07
11950.056 2.89142063519087e-07
12000.056 3.1655645728869713e-07
12050.056 3.757346469410668e-07
12100.056 4.1514408017998733e-07
12150.056 4.805575031349656e-07
12200.056 5.288684024939074e-07
12250.056 5.868903110668978e-07
12300.056 6.500684223000667e-07
12350.056 6.714903769600248e-07
12400.056 6.758135602199806e-07
12450.056 6.202062838600288e-07
12500.056 6.645414676299867e-07
12550.056 7.012690371300581e-07
12600.056 8.695433925700334e-07
12650.056 8.668244601799886e-07
12700.056 9.109336073601304e-07
12750.056 8.903542254940395e-07
12800.056 9.160328852340375e-07
12850.056 8.259617352290888e-07
12900.056 7.575925014566163e-07
12950.056 7.757335047215564e-07
13000.056 7.589263573918456e-07
13050.056 7.350111393077813e-07
13100.056 6.986638738307904e-07
13150.056 6.198369992191332e-07
13200.056 5.612926065674736e-07
13250.056 4.579600363878984e-07
13300.056 2.747613415785812e-07
13350.056 1.0278156438650863e-07
13400.056 7.527212153038523e-08
13450.056 5.158562763400703e-08
13500.056 4.202213079650018e-08
13550.056 3.4183746703720805e-08
13600.056 2.470502964590309e-08
13650.056 4.1115491154046595e-08
13700.056 3.4711668114127506e-08
13750.056 3.513909217873813e-08
13800.056 4.114610468261443e-08
13850.056 3.676180425077626e-08
13900.056 3.819488584418764e-08
13950.056 3.5423190504700194e-08
14000.056 3.3716608993619964e-08
14050.056 3.722063430503801e-08
14100.056 3.3105779036185325e-08
14150.056 4.0945085516659596e-08
14200.056 3.4729000900289435e-08
14250.056 3.591862720331282e-08
14300.056 4.634121336851213e-08
14350.056 4.645220997036026e-08
14400.056 5.257199447158464e-08
14450.056 5.5600856238487324e-08
14500.056 7.847045120253823e-08
14550.056 8.538197896654567e-08
14600.056 1.0007219485620445e-07
14650.056 1.0270115164284801e-07
14700.056 9.089238124123457e-08
14750.056 1.0540321233661995e-07
14800.056 1.24332046649959e-07
14850.056 1.3603747280311273e-07
14900.056 1.391846865322303e-07
14950.056 1.487674597738502e-07
15000.056 1.6012393820927442e-07
15050.056 1.8593267991120522e-07
15100.056 2.010044622636223e-07
15150.056 2.233287306004744e-07
15200.056 2.2457320371403986e-07
15250.056 2.529975736245812e-07
15300.056 2.7897109374117104e-07
15350.056 3.0450536088417065e-07
15400.056 3.368886264010204e-07
15450.056 3.664473139884325e-07
15500.056 3.830011869899582e-07
15550.056 4.2460972746297424e-07
15600.056 4.194133083820244e-07
15650.056 4.516091108450398e-07
15700.056 5.121132839451568e-07
15750.056 5.479137705589767e-07
15800.056 5.330093421341141e-07
15850.056 5.800349841199725e-07
15900.056 5.712434724900508e-07
15950.056 5.841595862399127e-07
16000.056 5.438155994999975e-07
16050.056 4.7486193046099463e-07
16100.056 4.247563905879825e-07
16150.056 3.55938492642e-07
16200.056 2.99526509788734e-07
16250.056 2.8481498000070005e-07
16300.056 2.566107769114179e-07
16350.056 2.785002374994235e-07
16400.056 3.1581562039415114e-07
16450.056 3.333656240467258e-07
16500.056 3.5807353822209246e-07
16550.056 3.477842454158735e-07
16600.056 3.362905509841787e-07
16650.056 2.9680700261529527e-07
16700.056 1.714519816169705e-07
16750.056 1.9827205739478296e-07
16800.056 2.785259890142552e-07
16850.056 2.849394807284743e-07
16900.056 2.588830100218286e-07
16950.056 2.265661721466457e-07
17000.056 1.8850085371103656e-07
17050.056 2.398954135683634e-07
17100.056 2.5836290219823343e-07
17150.056 2.160378097437734e-07
17200.056 2.517320870167208e-07
17250.056 2.2612722709505692e-07
17300.056 1.9523458145401623e-07
17350.056 1.7680357015984822e-07
17400.056 1.90399778178524e-07
17450.056 1.8857685256707675e-07
17500.056 2.0126206998208434e-07
17550.056 1.935704943659155e-07
17600.056 1.7806668164202372e-07
17650.056 1.767236770934213e-07
17700.056 1.38564237044864e-07
17750.056 1.3129672428946718e-07
17800.056 1.6202777391230038e-07
17850.056 1.251076661388378e-07
17900.056 1.212326468962295e-07
17950.056 1.0984435917476825e-07
18000.056 1.1531447731068462e-07
18050.056 1.1479440213355418e-07
18100.056 1.1713359009849346e-07
18150.056 1.444678886623214e-07
18200.056 1.009509482082288e-07
18250.056 1.5724000512279173e-07
18300.056 1.3092798001890077e-07
18350.056 1.1478518640985527e-07
18400.056 1.1452284641204766e-07
18450.056 1.1589233922216056e-07
18500.056 1.2574227399957117e-07
18550.056 1.1036079726189447e-07
18600.056 9.445716034846821e-08
18650.056 1.0164986043239341e-07
18700.056 1.0686353985573762e-07
18750.056 1.1636010817114716e-07
18800.056 1.5039310471773744e-07
18850.056 1.7204774437642542e-07
18900.056 1.679774061605949e-07
18950.056 2.0276477614082202e-07
19000.056 1.8747233223406846e-07
19050.056 1.6458311194670886e-07
19100.056 2.0987595199281626e-07
19150.056 1.904760963740865e-07
19200.056 2.0574070899497987e-07
19250.056 1.8141132798428302e-07
19300.056 1.8464261743993794e-07
19350.056 1.6556898886741958e-07
19400.056 1.3203516887443632e-07
19450.056 1.8542251561690706e-07
19500.056 1.8375088826370733e-07
19550.056 1.4313791706654763e-07
19600.056 1.8191605850062138e-07
19650.056 1.9322831273527366e-07
19700.056 1.978126710556131e-07
19750.056 1.9329334232313482e-07
19800.056 2.0650627726003153e-07
19850.056 2.3501935669034132e-07
19900.056 1.952254048399454e-07
19950.056 2.612503117678178e-07
20000.056 2.332781066259129e-07
20050.056 2.5921500827772523e-07
20100.056 2.7932305370474994e-07
20150.056 2.843280626102224e-07
20200.056 3.043750223748974e-07
20250.056 3.33864724293561e-07
20300.056 3.2912328262310943e-07
20350.056 3.6360879422071167e-07
20400.056 3.5847897166798425e-07
20450.056 3.9350792447790967e-07
20500.056 4.0773200600996226e-07
20550.056 4.076348348809899e-07
20600.056 4.497260451061088e-07
20650.056 4.4291733761212813e-07
20700.056 4.570374329840909e-07
20750.056 4.723901193879499e-07
20800.056 4.854619743560108e-07
20850.056 4.7357509639696864e-07
20900.056 4.928766397388871e-07
20950.056 4.86842528762965e-07
21000.056 4.885992431400489e-07
21050.056 4.851447409559897e-07
21100.056 4.7112124545902575e-07
21150.056 4.840490328269329e-07
21200.056 4.5819034295699945e-07
21250.056 4.5459432762792053e-07
21300.056 4.139546043249142e-07
21350.056 4.241180122127842e-07
21400.056 4.0030901697713154e-07
21450.056 3.9417531530068177e-07
21500.056 3.6792505685302925e-07
21550.056 3.487047513332389e-07
21600.056 3.2420075965539514e-07
21650.056 2.9780826255751665e-07
21700.056 2.9948658905699346e-07
21750.056 2.6645490572742545e-07
21800.056 2.3753334501463588e-07
21850.056 2.1725926576399892e-07
21900.056 1.762927305510459e-07
21950.056 1.2564638664045475e-07
22000.056 6.777828323630578e-08
22050.056 4.703099647193768e-08
22100.056 6.297562251745559e-08
22150.056 8.560260433287718e-08
22200.056 9.658016386124121e-08
22250.056 8.952903057057347e-08
22300.056 7.73286036782533e-08
22350.056 7.322949700006303e-08
22400.056 5.9164482609357224e-08
22450.056 5.141357589635532e-08
22500.056 5.0116838731874185e-08
22550.056 4.260171067234558e-08
22600.056 4.4180603515794075e-08
22650.056 4.498773811039952e-08
22700.056 4.046548591600734e-08
22750.056 4.171681636087785e-08
22800.056 3.727383446836063e-08
22850.056 3.3268218449590425e-08
22900.056 3.0206108882503564e-08
22950.056 2.790322268119107e-08
23000.056 3.4218226403298547e-08
23050.056 4.419154171139595e-08
23100.056 6.494418784151295e-08
23150.056 7.194107192019019e-08
23200.056 2.7536361883019266e-08
23250.056 2.947550186760699e-08
23300.056 2.5776497278832762e-08
23350.056 2.5317096917196202e-08
23400.056 2.7399608975349672e-08
23450.056 2.776887904474755e-08
23500.056 3.046973990730726e-08
23550.056 3.695283518190992e-08
23600.056 4.152222430549555e-08
23650.056 5.156400615759197e-08
23700.056 3.676809015680751e-08
23750.056 3.023527152170202e-08
23800.056 2.9009822453602077e-08
23850.056 3.364688032540045e-08
23900.056 4.7886323113063364e-08
23950.056 5.4297449778016253e-08
24000.056 5.789684958988991e-08
24050.056 7.003408451252897e-08
24100.056 6.539749426850352e-08
24150.056 7.258802107382057e-08
24200.056 7.380438606566843e-08
24250.056 6.46722119548938e-08
24300.056 7.435029926642686e-08
24350.056 6.440750260477829e-08
24400.056 8.092088358134095e-08
24450.056 7.867447376764104e-08
24500.056 8.041691148006014e-08
24550.056 9.188847318643967e-08
24600.056 9.431895915710067e-08
24650.056 1.1174358180320814e-07
24700.056 9.111047781995674e-08
24750.056 9.971538543143e-08
24800.056 1.0236716952097017e-07
24850.056 1.261129816060245e-07
24900.056 9.26857508803318e-08
24950.056 1.328454136461166e-07
25000.056 1.2304437003553922e-07
25050.056 9.731702790069507e-08
25100.056 1.2464869081401548e-07
25150.056 9.700735086008487e-08
25200.056 1.1792104327232597e-07
25250.056 9.75235641773567e-08
25300.056 1.2440970207705678e-07
25350.056 8.847617511518378e-08
25400.056 1.2714643335150126e-07
25450.056 9.144743015400743e-08
25500.056 9.34539294826171e-08
25550.056 9.515591158352438e-08
25600.056 8.835723740423325e-08
25650.056 7.406186039898137e-08
25700.056 1.1303148163672872e-07
25750.056 6.543577026433667e-08
25800.056 1.0992434944259983e-07
25850.056 7.344914747981783e-08
25900.056 9.162230424971148e-08
25950.056 6.71713937677934e-08
26000.056 1.2006014975254456e-07
26050.056 9.695746381524956e-08
26100.056 1.1821510757187986e-07
26150.056 1.0204866149760804e-07
26200.056 1.1033084525320714e-07
26250.056 1.3693865430784946e-07
26300.056 1.1547944183892856e-07
26350.056 1.5734290993735905e-07
26400.056 1.5872168910007495e-07
26450.056 1.6705383032274393e-07
26500.056 1.772746853390367e-07
26550.056 1.3318684422972818e-07
26600.056 1.775625392065861e-07
26650.056 1.0670150865749084e-07
26700.056 1.0793440355822356e-07
26750.056 7.925132933077472e-08
26800.056 1.1415264057797185e-07
26850.056 7.369794265980348e-08
26900.056 1.3081359000042552e-07
26950.056 7.776426839256658e-08
27000.056 1.4321887280374455e-07
27050.056 1.158208693686146e-07
27100.056 1.0534053430847722e-07
27150.056 1.48778108365222e-07
27200.056 1.1572155275953615e-07
27250.056 1.224846284957539e-07
27300.056 1.9530300398401471e-07
27350.056 1.6544959739805467e-07
27400.056 8.906546302788796e-08
27450.056 2.048804843620358e-07
27500.056 1.8982311051804558e-07
27550.056 1.2619501234685556e-07
27600.056 1.9613585596867835e-07
27650.056 1.1500216905179146e-07
27700.056 1.0114039932191398e-07
27750.056 1.9565663423747083e-07
27800.056 1.0991684856738128e-07
27850.056 1.2963276314201044e-07
27900.056 1.4004984138253174e-07
27950.056 1.9873229961130125e-07
28000.056 1.720802477575371e-07
28050.056 9.09115574778248e-08
28100.056 2.1151322330032486e-07
28150.056 1.4500306270842837e-07
28200.056 9.675229539021021e-08
28250.056 1.9312676854110337e-07
28300.056 2.36418626330619e-07
28350.056 1.206794538964535e-07
28400.056 1.6126406587307254e-07
28450.056 1.9555468200061833e-07
28500.056 1.7381123823984258e-07
28550.056 9.066154169546152e-08
28600.056 2.2107440120605287e-07
28650.056 1.9597476977199675e-07
28700.056 1.753280224530598e-07
28750.056 2.2060428186081854e-07
28800.056 1.9425866784025483e-07
