galfind/configs/Brown_Dwarf_templates/sonora_bobcat/m0.0/100g/sp_t1500g100nc_m0.0_resample.dat
# %ECSV 1.0
# ---
# datatype:
# - {name: wav, unit: Angstrom, datatype: float64}
# - {name: flux_nu, unit: erg / (cm2 Hz s), datatype: float64}
# meta: {C/O: '1.00', Kzz: '1.0000E+05', Teff: '1500.', Y: '0.28', '[Fe/H]': '0.00', f_hole: '1.00', f_rain: '0.00', grav: '100.'}
# schema: astropy-2.0
wav flux_nu
4000.0559999999996 nan
4050.0559999999996 1.3520239744277051e-10
4100.056 3.943487374839615e-10
4150.056 3.865606162140373e-10
4200.056 3.1365459316423646e-10
4250.056 3.5055227571808794e-10
4300.056 3.196611503030595e-10
4350.056 3.489128505680123e-10
4400.056 4.10057948156069e-10
4450.056 3.563069372940104e-10
4500.056 3.746647511820235e-10
4550.056 4.663693506447244e-10
4600.056 4.703462256980148e-10
4650.056 4.458668368799375e-10
4700.056 5.383338257000628e-10
4750.056 5.667492340599564e-10
4800.056 3.841129505380284e-10
4850.056 3.797656321000051e-10
4900.056 4.1481913595999753e-10
4950.056 3.295612884600037e-10
5000.056 1.4413307285798693e-10
5050.056 7.259099998300392e-11
5100.056 6.216339411100424e-11
5150.056 5.2173764821007293e-11
5200.056 4.718418635999784e-11
5250.056 4.0462225881001294e-11
5300.056 3.31910895620003e-11
5350.056 2.6930746739000366e-11
5400.056 2.1391432108999938e-11
5450.056 1.6518304000999934e-11
5500.056 1.2516609214999925e-11
5550.056 9.65378257729993e-12
5600.056 7.240399750599976e-12
5650.056 5.210514223099976e-12
5700.056 3.53199334199998e-12
5750.056 2.1834237198999845e-12
5800.056 1.171993308249988e-12
5850.056 4.788439765799913e-13
5900.056 9.62310115900452e-14
5950.056 1.1061071826900233e-12
6000.056 4.0291642967000625e-12
6050.056 1.1324535459700145e-11
6100.056 2.6440389195000323e-11
6150.056 5.565527018400055e-11
6200.056 1.0771650836700091e-10
6250.056 1.9603424479000199e-10
6300.056 3.420304809000031e-10
6350.056 5.659982092800045e-10
6400.056 8.913252898200031e-10
6450.056 1.35181565429999e-09
6500.056 1.889922275699966e-09
6550.056 2.6493529605999393e-09
6600.056 3.5589806438000615e-09
6650.056 4.370805972200187e-09
6700.056 2.9701964117027603e-09
6750.056 6.130305123500152e-09
6800.056 7.850234424400251e-09
6850.056 9.063105338500038e-09
6900.056 8.915998180900047e-09
6950.056 8.547846748599694e-09
7000.056 8.796194879099797e-09
7050.056 9.11493163070009e-09
7100.056 8.859979559599877e-09
7150.056 8.996423573300014e-09
7200.056 1.0241486025900021e-08
7250.056 1.113483768240018e-08
7300.056 1.1180545659900364e-08
7350.056 9.675614951100098e-09
7400.056 7.628726170700009e-09
7450.056 6.0704264262997925e-09
7500.056 4.79635317569993e-09
7550.056 3.512157340299982e-09
7600.056 2.049797645499966e-09
7650.056 2.614934810002399e-10
7700.056 9.551487709307584e-11
7750.056 1.3035779871700384e-09
7800.056 3.2741498279560807e-09
7850.056 7.690188592500117e-09
7900.056 1.1564376828800476e-08
7950.056 1.2697445843491047e-08
8000.056 2.0815028941999794e-08
8050.056 2.9716619000998534e-08
8100.056 4.10156876280003e-08
8150.056 5.530661517600146e-08
8200.056 5.998199013940077e-08
8250.056 7.981244898400184e-08
8300.056 8.965608947700786e-08
8350.056 1.0378903581000078e-07
8400.056 1.1616893633899686e-07
8450.056 1.0938268132699403e-07
8500.056 1.0739589473335867e-07
8550.056 1.273013455620063e-07
8600.056 1.3560826994498463e-07
8650.056 1.3029247214097593e-07
8700.056 1.2815216002899997e-07
8750.056 1.454446328670082e-07
8800.056 1.833137092520162e-07
8850.056 2.0198979617598393e-07
8900.056 1.974930755210028e-07
8950.056 1.9500594296756703e-07
9000.056 2.5262786317600724e-07
9050.056 2.616650712860029e-07
9100.056 3.0850443272400086e-07
9150.056 3.4026627075601056e-07
9200.056 3.566686153169899e-07
9250.056 3.0681530441797106e-07
9300.056 2.2915213300343633e-07
9350.056 2.5747306305385746e-07
9400.056 2.97908148464477e-07
9450.056 3.356920691881508e-07
9500.056 3.6063329477363363e-07
9550.056 3.9419437788886987e-07
9600.056 3.8478813090338514e-07
9650.056 4.238984044803055e-07
9700.056 4.6618602830164914e-07
9750.056 4.205407786766838e-07
9800.056 4.587456803344049e-07
9850.056 4.79922623863981e-07
9900.056 4.0293412656997033e-07
9950.056 3.4515030705498175e-07
10000.056 3.2717861653996424e-07
10050.056 3.7497161128999364e-07
10100.056 4.556904873300104e-07
10150.056 4.705305493599229e-07
10200.056 5.19449017829973e-07
10250.056 5.347304941099254e-07
10300.056 5.273888777499904e-07
10350.056 6.048865174599916e-07
10400.056 6.820349917699736e-07
10450.056 7.064564035500758e-07
10500.056 6.679800179799757e-07
10550.056 6.753216264600904e-07
10600.056 7.299009646400677e-07
10650.056 7.8180012214004e-07
10700.056 8.315484572900598e-07
10750.056 9.343381752100613e-07
10800.056 1.0291074358099782e-06
10850.056 1.1443822918598814e-06
10900.056 1.091282937079945e-06
10950.056 9.442442146099371e-07
11000.056 9.037855750539632e-07
11050.056 7.364936697889253e-07
11100.056 7.3656770604065e-07
11150.056 7.293239826230268e-07
11200.056 7.414112851107861e-07
11250.056 8.785645592564062e-07
11300.056 8.537830867145755e-07
11350.056 6.818169274646969e-07
11400.056 6.51083234164473e-07
11450.056 8.054027503877993e-07
11500.056 9.655721955559458e-07
11550.056 8.71129267113258e-07
11600.056 9.405856750175026e-07
11650.056 9.494993980027565e-07
11700.056 7.317630796882757e-07
11750.056 7.297370016645162e-07
11800.056 7.723571620503079e-07
11850.056 1.03882336172349e-06
11900.056 1.1108336915398738e-06
11950.056 1.1455915108869386e-06
12000.056 1.0533578037780204e-06
12050.056 1.2651321507391319e-06
12100.056 1.2708435226299163e-06
12150.056 1.4699460650698716e-06
12200.056 1.5017006754996492e-06
12250.056 1.6632097227797547e-06
12300.056 1.7712685815902394e-06
12350.056 1.7810174705700706e-06
12400.056 1.6107905251499241e-06
12450.056 1.4184712347500427e-06
12500.056 1.5301648015798602e-06
12550.056 1.5671099624700863e-06
12600.056 1.8427856188100404e-06
12650.056 1.8930789791798778e-06
12700.056 2.075842217380199e-06
12750.056 2.0383772486100203e-06
12800.056 2.1795912692900193e-06
12850.056 2.053821310000088e-06
12900.056 1.915514760479854e-06
12950.056 1.9980289835408623e-06
13000.056 2.046326611320552e-06
13050.056 2.1029718399828505e-06
13100.056 2.0896544409504133e-06
13150.056 2.0250034862424202e-06
13200.056 1.911804521705961e-06
13250.056 1.686969743915688e-06
13300.056 1.2826243085223867e-06
13350.056 6.204269076461045e-07
13400.056 4.996211798832319e-07
13450.056 3.8605794781617566e-07
13500.056 3.495942013630907e-07
13550.056 3.0578995992979537e-07
13600.056 2.6626888321928067e-07
13650.056 3.549638370106148e-07
13700.056 2.988012556339878e-07
13750.056 3.0519089368868687e-07
13800.056 3.7531384643440854e-07
13850.056 3.531086787722843e-07
13900.056 3.5636978822509443e-07
13950.056 3.3398854621572575e-07
14000.056 3.096402536253439e-07
14050.056 3.1711840387322093e-07
14100.056 2.655721286172098e-07
14150.056 2.965705236023087e-07
14200.056 2.583426606940924e-07
14250.056 2.54737006880144e-07
14300.056 2.8728454621204013e-07
14350.056 2.818967213933786e-07
14400.056 3.1268249928503795e-07
14450.056 3.238701856910483e-07
14500.056 4.0806329136644365e-07
14550.056 4.272770906250828e-07
14600.056 4.703880874172043e-07
14650.056 4.717664568995735e-07
14700.056 4.216286444492369e-07
14750.056 4.692075544977811e-07
14800.056 5.213705811788223e-07
14850.056 5.726601397078436e-07
14900.056 5.717826627581119e-07
14950.056 5.871387567750979e-07
15000.056 6.185887829721791e-07
15050.056 7.069925732780718e-07
15100.056 7.313925080540884e-07
15150.056 7.987826434803776e-07
15200.056 8.130514755049051e-07
15250.056 8.560810757309312e-07
15300.056 9.284919242079077e-07
15350.056 9.833541260639624e-07
15400.056 1.0576402433130429e-06
15450.056 1.1336095723980994e-06
15500.056 1.174885638654832e-06
15550.056 1.277706722539918e-06
15600.056 1.2542534765501157e-06
15650.056 1.3511457612201125e-06
15700.056 1.5030099022605304e-06
15750.056 1.5983321577098878e-06
15800.056 1.5808382938303952e-06
15850.056 1.5917093715199731e-06
15900.056 1.637429464650173e-06
15950.056 1.704821340219822e-06
16000.056 1.7313935467899217e-06
16050.056 1.7633113808300477e-06
16100.056 1.8258060423901017e-06
16150.056 1.7568402542901424e-06
16200.056 1.8018892080397484e-06
16250.056 1.7982067441099344e-06
16300.056 1.7924740213299715e-06
16350.056 1.8980852558799724e-06
16400.056 1.921146631890168e-06
16450.056 1.9696063277400564e-06
16500.056 2.0655018866902893e-06
16550.056 2.1232323912500866e-06
16600.056 2.0212420803803826e-06
16650.056 2.107166885179895e-06
16700.056 1.980185187479878e-06
16750.056 2.0434832301698546e-06
16800.056 2.1931073796798735e-06
16850.056 2.1720748212879827e-06
16900.056 2.110533399730016e-06
16950.056 2.0624917814799114e-06
17000.056 2.026647311100225e-06
17050.056 2.0408870181200093e-06
17100.056 1.9070939825704236e-06
17150.056 1.813953838719897e-06
17200.056 1.662491753999825e-06
17250.056 1.5277645429238168e-06
17300.056 1.50428213578977e-06
17350.056 1.4057068906470554e-06
17400.056 1.4263540859900157e-06
17450.056 1.2731102106203554e-06
17500.056 1.2329371390745783e-06
17550.056 1.2010414988371316e-06
17600.056 1.1364537066209694e-06
17650.056 1.130657504306853e-06
17700.056 9.149180959588192e-07
17750.056 8.447806547575403e-07
17800.056 9.023063082276174e-07
17850.056 7.392935301968023e-07
17900.056 7.747980309518849e-07
17950.056 7.269782566849974e-07
18000.056 6.694162357296139e-07
18050.056 6.486306065450497e-07
18100.056 6.209938940100602e-07
18150.056 7.487567005314652e-07
18200.056 5.398315850187761e-07
18250.056 7.43144365500982e-07
18300.056 6.725739166899965e-07
18350.056 5.991886979412561e-07
18400.056 5.957943372450406e-07
18450.056 5.377713927435938e-07
18500.056 5.771612196425805e-07
18550.056 5.199703215388162e-07
18600.056 4.2866887040014436e-07
18650.056 4.863768113601448e-07
18700.056 5.358000219675231e-07
18750.056 5.302147482714808e-07
18800.056 5.903955731963535e-07
18850.056 6.909522494811572e-07
18900.056 6.659613957138045e-07
18950.056 7.259152597919919e-07
19000.056 7.388937427549229e-07
19050.056 6.845407567073779e-07
19100.056 7.743551231541176e-07
19150.056 7.655348264140363e-07
19200.056 7.753321526873214e-07
19250.056 7.154937453699101e-07
19300.056 7.562264989349547e-07
19350.056 6.923582180217282e-07
19400.056 5.709268300576473e-07
19450.056 7.32942993282245e-07
19500.056 7.279237178258597e-07
19550.056 5.766220196163626e-07
19600.056 6.997197381427753e-07
19650.056 7.098271542306411e-07
19700.056 7.186499440643654e-07
19750.056 6.730646485521404e-07
19800.056 7.173691328948693e-07
19850.056 7.676878408813381e-07
19900.056 6.476016938301074e-07
19950.056 8.221970167610176e-07
20000.056 7.225076491910724e-07
20050.056 7.967930724993564e-07
20100.056 8.387817020355152e-07
20150.056 8.535010273530089e-07
20200.056 8.955949996977963e-07
20250.056 9.579395568849204e-07
20300.056 9.612056448050465e-07
20350.056 1.0272377620328105e-06
20400.056 1.0191850475645595e-06
20450.056 1.1113557156648044e-06
20500.056 1.1311001282350306e-06
20550.056 1.1460486800200454e-06
20600.056 1.2635201135402633e-06
20650.056 1.2416290348943238e-06
20700.056 1.3032383058502142e-06
20750.056 1.3502835037098106e-06
20800.056 1.4144100425200625e-06
20850.056 1.3951693224299009e-06
20900.056 1.4817624140797545e-06
20950.056 1.5039399108199455e-06
21000.056 1.5796328302099792e-06
21050.056 1.588437719300006e-06
21100.056 1.5998405596099772e-06
21150.056 1.6934427091099652e-06
21200.056 1.6592714962200715e-06
21250.056 1.7516164960498684e-06
21300.056 1.6736800851699218e-06
21350.056 1.8007145721800018e-06
21400.056 1.7117027237702745e-06
21450.056 1.8596462775199901e-06
21500.056 1.7540273880101878e-06
21550.056 1.7765909302499433e-06
21600.056 1.799457255680248e-06
21650.056 1.7490365317301208e-06
21700.056 1.8383854640099834e-06
21750.056 1.7357020648099708e-06
21800.056 1.705329966759726e-06
21850.056 1.6704150633199845e-06
21900.056 1.6697401814700997e-06
21950.056 1.5322564738201497e-06
22000.056 1.4129304232201549e-06
22050.056 1.270664862009687e-06
22100.056 1.3704147807601654e-06
22150.056 1.418285041530084e-06
22200.056 1.3796706587162002e-06
22250.056 1.434226298280334e-06
22300.056 1.3849211801298756e-06
22350.056 1.3163828204902114e-06
22400.056 1.311913694979998e-06
22450.056 1.2436255705248725e-06
22500.056 1.2736604246101362e-06
22550.056 1.1929104558296683e-06
22600.056 1.2256515350701439e-06
22650.056 1.1719087592203123e-06
22700.056 1.133456129970212e-06
22750.056 1.1778731273800681e-06
22800.056 1.093843734669938e-06
22850.056 1.0691917713001973e-06
22900.056 1.0774406771508577e-06
22950.056 7.484905131530283e-07
23000.056 8.406532169020659e-07
23050.056 9.433817971958311e-07
23100.056 9.601182763569568e-07
23150.056 9.962657984191355e-07
23200.056 8.063719752350647e-07
23250.056 7.05556323061939e-07
23300.056 6.89735382490167e-07
23350.056 7.027234589549989e-07
23400.056 6.880436927161451e-07
23450.056 7.29596474276078e-07
23500.056 7.548014804020225e-07
23550.056 7.40268729814185e-07
23600.056 7.502896325730373e-07
23650.056 8.327876414029222e-07
23700.056 7.195564135330056e-07
23750.056 7.092190944551609e-07
23800.056 6.740838324710425e-07
23850.056 6.324163650280764e-07
23900.056 7.662491314560215e-07
23950.056 8.163222689332554e-07
24000.056 8.001832641606695e-07
24050.056 8.328821609710252e-07
24100.056 7.429453197358303e-07
24150.056 7.611481919553822e-07
24200.056 7.783263012716916e-07
24250.056 7.386203545051098e-07
24300.056 7.495089252340456e-07
24350.056 6.625408685730516e-07
24400.056 7.652031972310244e-07
24450.056 6.693261871397836e-07
24500.056 6.455300096849369e-07
24550.056 6.444936904221463e-07
24600.056 6.789736834441087e-07
24650.056 7.445830041490285e-07
24700.056 5.960889557119044e-07
24750.056 5.876183310992146e-07
24800.056 5.735150034421298e-07
24850.056 6.930409366169879e-07
24900.056 4.990894460443249e-07
24950.056 6.606011032169463e-07
25000.056 5.931488579300715e-07
25050.056 4.586127808370877e-07
25100.056 5.630728152950026e-07
25150.056 4.7113293817796313e-07
25200.056 5.15487485997961e-07
25250.056 4.66982855215933e-07
25300.056 5.402822382540363e-07
25350.056 4.2775474322400554e-07
25400.056 5.140581877551504e-07
25450.056 4.279261499729725e-07
25500.056 4.5730628230113956e-07
25550.056 4.3713443412202197e-07
25600.056 4.491187813949943e-07
25650.056 3.9072548796198013e-07
25700.056 5.318409265267841e-07
25750.056 3.617633053471026e-07
25800.056 5.166797661610969e-07
25850.056 4.1436179240990227e-07
25900.056 4.918275510780335e-07
25950.056 3.992655336049985e-07
26000.056 5.242084907562088e-07
26050.056 5.130102863840073e-07
26100.056 5.476765498089517e-07
26150.056 5.239797831629047e-07
26200.056 5.095813560589825e-07
26250.056 5.528401382770366e-07
26300.056 5.27284983208052e-07
26350.056 5.853834865989468e-07
26400.056 6.025059826838405e-07
26450.056 5.982088777670691e-07
26500.056 6.276733742657583e-07
26550.056 5.551535929858064e-07
26600.056 6.898492943028479e-07
26650.056 4.91857457493918e-07
26700.056 4.994060441320443e-07
26750.056 4.1257867981281576e-07
26800.056 5.014770417668627e-07
26850.056 3.8225833560898877e-07
26900.056 5.343718351830522e-07
26950.056 3.65114426853946e-07
27000.056 5.218984102781111e-07
27050.056 4.4081358598102554e-07
27100.056 4.3891498244489926e-07
27150.056 4.992334698800145e-07
27200.056 4.709824277871304e-07
27250.056 4.559563250661935e-07
27300.056 5.754186964060158e-07
27350.056 5.35705484976849e-07
27400.056 4.1075783743294437e-07
27450.056 6.186205628947693e-07
27500.056 5.703876453258931e-07
27550.056 4.908214177729455e-07
27600.056 6.286344713308991e-07
27650.056 4.5540230585194284e-07
27700.056 4.315796326060734e-07
27750.056 6.231289651037757e-07
27800.056 4.280225018039523e-07
27850.056 4.824715736437305e-07
27900.056 5.053320915240548e-07
27950.056 6.099873095509637e-07
28000.056 5.643147449951692e-07
28050.056 4.0106054735610254e-07
28100.056 6.467926742691909e-07
28150.056 4.96304491513049e-07
28200.056 4.082151027740332e-07
28250.056 5.763522721090355e-07
28300.056 6.770753635130608e-07
28350.056 4.6898758709886966e-07
28400.056 5.257497071539593e-07
28450.056 5.743470993218528e-07
28500.056 5.602924147998665e-07
28550.056 3.812189860418685e-07
28600.056 6.601206907309287e-07
28650.056 6.002576188869425e-07
28700.056 5.426375598139053e-07
28750.056 6.28918382504016e-07
28800.056 5.820576920331477e-07
28850.056 6.340714416230801e-07
28900.056 4.6788501948401387e-07
