galfind/configs/Brown_Dwarf_templates/sonora_bobcat/m0.0/100g/sp_t2300g100nc_m0.0_resample.dat
# %ECSV 1.0
# ---
# datatype:
# - {name: wav, unit: Angstrom, datatype: float64}
# - {name: flux_nu, unit: erg / (cm2 Hz s), datatype: float64}
# meta: {C/O: '1.00', Kzz: '1.0000E+05', Teff: '2300.', Y: '0.28', '[Fe/H]': '0.00', f_hole: '1.00', f_rain: '0.00', grav: '100.'}
# schema: astropy-2.0
wav flux_nu
4000.0559999999996 nan
4050.0559999999996 2.475897830499503e-08
4100.056 2.5317993082710782e-08
4150.056 2.0864785439492266e-08
4200.056 1.5895751445292264e-08
4250.056 1.3976373731823629e-08
4300.056 9.121468560713412e-09
4350.056 9.576937898269949e-09
4400.056 9.315455602923302e-09
4450.056 4.891448572000495e-09
4500.056 5.388278819600994e-09
4550.056 6.82206858675785e-09
4600.056 5.3573103740488594e-09
4650.056 3.8337264731206025e-09
4700.056 4.671041682311125e-09
4750.056 6.263533634697456e-09
4800.056 3.725427085820882e-09
4850.056 4.8284697185922585e-09
4900.056 1.1146419888878304e-08
4950.056 1.3787265624610335e-08
5000.056 5.511052575230165e-09
5050.056 7.939340937813133e-09
5100.056 1.867254848935446e-08
5150.056 2.1485598547196716e-08
5200.056 9.802308242450722e-09
5250.056 1.3641167427608064e-08
5300.056 1.6879711953701007e-08
5350.056 1.5358048905502943e-08
5400.056 1.7284321943899385e-08
5450.056 1.3246931585037357e-08
5500.056 9.854029386798068e-09
5550.056 1.4274165233798579e-08
5600.056 9.618541060400266e-09
5650.056 7.5299746804011e-09
5700.056 1.0547285548801324e-08
5750.056 1.1709541725198765e-08
5800.056 1.4204544845599454e-08
5850.056 8.645508935000742e-09
5900.056 1.6282737948222416e-09
5950.056 6.876039189900253e-09
6000.056 1.1973602271699305e-08
6050.056 2.0817896627502384e-08
6100.056 2.973846771560008e-08
6150.056 2.9742935642392103e-08
6200.056 1.2291577837301316e-08
6250.056 1.3147340368801751e-08
6300.056 2.0462207307200872e-08
6350.056 2.9363308039402046e-08
6400.056 3.9653769797003444e-08
6450.056 5.64594122719799e-08
6500.056 5.4745821828983574e-08
6550.056 7.202076422897786e-08
6600.056 5.366339758400842e-08
6650.056 3.825927785290607e-08
6700.056 2.811504253760469e-08
6750.056 3.398083132000528e-08
6800.056 3.9224950710999694e-08
6850.056 5.2487263292996604e-08
6900.056 7.563253664399654e-08
6950.056 1.1210225989598317e-07
7000.056 1.926742594139741e-07
7050.056 1.7707042037002396e-07
7100.056 7.492386907199223e-08
7150.056 4.748693897201035e-08
7200.056 7.43652432719932e-08
7250.056 1.246315608840168e-07
7300.056 2.4163734800905425e-07
7350.056 3.950347434829846e-07
7400.056 5.59645172635039e-07
7450.056 6.554237423299443e-07
7500.056 7.572824666400286e-07
7550.056 8.555290671000309e-07
7600.056 5.358161148119705e-07
7650.056 1.5728781027727412e-07
7700.056 9.55656530189023e-08
7750.056 2.511801098560725e-07
7800.056 3.0882770933789875e-07
7850.056 3.377302737139854e-07
7900.056 4.052925133080753e-07
7950.056 4.388533704650576e-07
8000.056 5.572129880628948e-07
8050.056 8.476679281398895e-07
8100.056 1.2130892252802725e-06
8150.056 1.658291761790058e-06
8200.056 1.1718111398998169e-06
8250.056 1.3474031824499015e-06
8300.056 1.0609142510803407e-06
8350.056 1.1267976646303921e-06
8400.056 1.1387376219202261e-06
8450.056 5.934583605698515e-07
8500.056 5.088628933882772e-07
8550.056 6.79866455520036e-07
8600.056 8.737675916296428e-07
8650.056 1.178224534849856e-06
8700.056 1.4183360493402513e-06
8750.056 1.7580479532401435e-06
8800.056 2.2514188475704653e-06
8850.056 2.0975697466702332e-06
8900.056 1.4200615731499985e-06
8950.056 1.5573587036588116e-06
9000.056 1.92050659867025e-06
9050.056 2.076421776469405e-06
9100.056 2.5799959041901854e-06
9150.056 2.9626828252699895e-06
9200.056 2.8299567509806118e-06
9250.056 1.9170864778998232e-06
9300.056 1.6202352697801556e-06
9350.056 1.8229975654396492e-06
9400.056 2.0190032604606072e-06
9450.056 2.2616772273992976e-06
9500.056 2.6982778489197645e-06
9550.056 3.0172963264905743e-06
9600.056 3.270875062280771e-06
9650.056 3.647711340760976e-06
9700.056 3.920415895269625e-06
9750.056 3.168500836940117e-06
9800.056 3.4509740079697413e-06
9850.056 3.3652979980799056e-06
9900.056 3.2069462280399975e-06
9950.056 3.218060048400252e-06
10000.056 3.2488989430597916e-06
10050.056 3.121978016909926e-06
10100.056 3.6321070243514217e-06
10150.056 3.540262086799635e-06
10200.056 3.7987200268492257e-06
10250.056 3.7371430533785487e-06
10300.056 3.7540157358495478e-06
10350.056 4.141889002289616e-06
10400.056 4.347929551020077e-06
10450.056 4.625834243580531e-06
10500.056 4.7138242188388464e-06
10550.056 4.856196018660479e-06
10600.056 5.135583031400456e-06
10650.056 5.265355455509246e-06
10700.056 5.508697567020187e-06
10750.056 5.780188689180328e-06
10800.056 5.982190547679564e-06
10850.056 6.227465337589973e-06
10900.056 6.142363603949579e-06
10950.056 5.9655690959984565e-06
11000.056 5.765626732100281e-06
11050.056 4.4864185394095e-06
11100.056 4.8266008417609546e-06
11150.056 5.042249163539515e-06
11200.056 5.126885099400169e-06
11250.056 5.60427601668997e-06
11300.056 5.674183216150086e-06
11350.056 5.441643827849903e-06
11400.056 4.608530915709983e-06
11450.056 5.774303965478899e-06
11500.056 6.194437105049334e-06
11550.056 6.112135176340042e-06
11600.056 6.266956687178864e-06
11650.056 6.483388751570755e-06
11700.056 5.765544291679811e-06
11750.056 5.854952711569616e-06
11800.056 5.867142262860184e-06
11850.056 6.600632412820119e-06
11900.056 6.719764679368771e-06
11950.056 6.732954405799698e-06
12000.056 6.55213560350049e-06
12050.056 6.944540884300531e-06
12100.056 6.961845736400052e-06
12150.056 7.348638912899853e-06
12200.056 7.471791810699945e-06
12250.056 7.74135866739942e-06
12300.056 7.860441207100932e-06
12350.056 7.945347132500482e-06
12400.056 7.516903091199302e-06
12450.056 6.671574888820053e-06
12500.056 7.126097722898854e-06
12550.056 7.1378310067700035e-06
12600.056 7.417138845300039e-06
12650.056 7.685417165399506e-06
12700.056 7.880155152999368e-06
12750.056 7.942408763600389e-06
12800.056 8.324773651698996e-06
12850.056 8.253686305200188e-06
12900.056 8.186362421199438e-06
12950.056 8.39455786739889e-06
13000.056 8.568765580799158e-06
13050.056 8.675439622699564e-06
13100.056 8.646263303199163e-06
13150.056 8.700548637899615e-06
13200.056 8.507459675599388e-06
13250.056 8.17253961323018e-06
13300.056 7.476605789388858e-06
13350.056 5.499119122950681e-06
13400.056 5.3583862732639e-06
13450.056 4.925715891694764e-06
13500.056 4.9397093445174985e-06
13550.056 4.754757443978198e-06
13600.056 4.417192220275959e-06
13650.056 4.657117741584012e-06
13700.056 4.345726204384371e-06
13750.056 4.3986178953490715e-06
13800.056 4.79003155734209e-06
13850.056 4.790214724878445e-06
13900.056 4.6445798672210835e-06
13950.056 4.479377097680807e-06
14000.056 4.251163922530161e-06
14050.056 4.324928762381206e-06
14100.056 4.0073400809305956e-06
14150.056 3.977256127146397e-06
14200.056 3.8024968475985704e-06
14250.056 3.779009135683091e-06
14300.056 3.817333931019351e-06
14350.056 3.852570150570409e-06
14400.056 3.984192515620286e-06
14450.056 4.158567688500273e-06
14500.056 4.376296792289571e-06
14550.056 4.396048178759957e-06
14600.056 4.522662195961114e-06
14650.056 4.460654660378569e-06
14700.056 4.2075221487194345e-06
14750.056 4.3901918759306116e-06
14800.056 4.441889067470913e-06
14850.056 4.692388625509077e-06
14900.056 4.7119282905696784e-06
14950.056 4.745330196720813e-06
15000.056 4.836854691600717e-06
15050.056 5.181277690119136e-06
15100.056 5.147335228400695e-06
15150.056 5.272199356550334e-06
15200.056 5.467951490359674e-06
15250.056 5.4572640393997495e-06
15300.056 5.668831520799917e-06
15350.056 5.795059107700261e-06
15400.056 5.899683035900056e-06
15450.056 6.089641061700417e-06
15500.056 6.167344019499135e-06
15550.056 6.403003522299738e-06
15600.056 6.393331122500764e-06
15650.056 6.589906563199947e-06
15700.056 6.898168797301918e-06
15750.056 7.074153316099406e-06
15800.056 7.157865946000889e-06
15850.056 7.028287340900548e-06
15900.056 7.166734536100789e-06
15950.056 7.299186793499981e-06
16000.056 7.416449333099505e-06
16050.056 7.623430491100443e-06
16100.056 7.753782945800298e-06
16150.056 7.745019223900373e-06
16200.056 7.920564137299509e-06
16250.056 7.97539018399992e-06
16300.056 8.050314558900114e-06
16350.056 8.358225606099478e-06
16400.056 8.309796027801304e-06
16450.056 8.504979378200546e-06
16500.056 8.653376450800748e-06
16550.056 8.940106276099346e-06
16600.056 8.701934316000618e-06
16650.056 9.205838974800896e-06
16700.056 9.014769424598549e-06
16750.056 9.14974374589932e-06
16800.056 9.32169472400038e-06
16850.056 9.329347226699406e-06
16900.056 9.175535315700104e-06
16950.056 9.122178147299165e-06
17000.056 9.067886617701155e-06
17050.056 8.955375862000476e-06
17100.056 8.608030818300063e-06
17150.056 8.453822227399829e-06
17200.056 8.006029413699752e-06
17250.056 7.764082161799842e-06
17300.056 7.906988802499107e-06
17350.056 7.593242972770138e-06
17400.056 7.726650750700187e-06
17450.056 7.3350252246970125e-06
17500.056 7.119790724018993e-06
17550.056 7.050498579200387e-06
17600.056 6.837044301250337e-06
17650.056 6.9364487935686366e-06
17700.056 6.314265010048876e-06
17750.056 6.1397675144100696e-06
17800.056 6.043870051511308e-06
17850.056 5.867045872970824e-06
17900.056 5.837890985310027e-06
17950.056 5.6953253048691835e-06
18000.056 5.359905647450518e-06
18050.056 5.418239618672297e-06
18100.056 5.2362027783000585e-06
18150.056 5.59423882810172e-06
18200.056 4.998913504870052e-06
18250.056 5.482615840658969e-06
18300.056 5.329652397479507e-06
18350.056 5.168890726110159e-06
18400.056 5.065852009920001e-06
18450.056 4.701181441972425e-06
18500.056 4.799468327650796e-06
18550.056 4.626381535570134e-06
18600.056 4.047306756877929e-06
18650.056 4.578893275591062e-06
18700.056 4.835057887670696e-06
18750.056 4.637037688792032e-06
18800.056 4.677964522531883e-06
18850.056 5.209091391569497e-06
18900.056 5.040928885968317e-06
18950.056 5.024739359399636e-06
19000.056 5.300147057368969e-06
19050.056 5.196493826360111e-06
19100.056 5.2361626822117895e-06
19150.056 5.42060284289969e-06
19200.056 5.390221404071445e-06
19250.056 5.190653692188728e-06
19300.056 5.3694983855192595e-06
19350.056 5.490545933839634e-06
19400.056 5.164264925318709e-06
19450.056 5.457370582220892e-06
19500.056 5.489296070449426e-06
19550.056 5.030548795560986e-06
19600.056 5.5308325329492685e-06
19650.056 5.416795825897172e-06
19700.056 5.466517922460448e-06
19750.056 5.193765723090274e-06
19800.056 5.383641448039336e-06
19850.056 5.318239753131638e-06
19900.056 5.029877097731759e-06
19950.056 5.471580351039805e-06
20000.056 4.9599356905708056e-06
20050.056 5.192064200741426e-06
20100.056 5.292232668307058e-06
20150.056 5.186596049601172e-06
20200.056 5.278573465218523e-06
20250.056 5.447030108120215e-06
20300.056 5.4411253018205366e-06
20350.056 5.456042444979492e-06
20400.056 5.419234771157441e-06
20450.056 5.6521304166495945e-06
20500.056 5.6073989692501854e-06
20550.056 5.721915925799635e-06
20600.056 5.9277066728006415e-06
20650.056 5.7781045051011556e-06
20700.056 5.97265090360007e-06
20750.056 5.994459760799167e-06
20800.056 6.172888515700254e-06
20850.056 6.163267415100011e-06
20900.056 6.3601350631998194e-06
20950.056 6.409234668499637e-06
21000.056 6.627971767999559e-06
21050.056 6.63966239250026e-06
21100.056 6.690519634500063e-06
21150.056 6.94822931590034e-06
21200.056 6.932159450800535e-06
21250.056 7.162672646699264e-06
21300.056 6.9999111447998425e-06
21350.056 7.348381578500451e-06
21400.056 7.187654992600369e-06
21450.056 7.70659944660009e-06
21500.056 7.410359287300316e-06
21550.056 7.576525673099552e-06
21600.056 7.757296630600637e-06
21650.056 7.752753693600475e-06
21700.056 7.984491263599574e-06
21750.056 7.888404546999954e-06
21800.056 7.911293423999749e-06
21850.056 8.002183099399807e-06
21900.056 8.16247659000073e-06
21950.056 8.091038197100445e-06
22000.056 8.341309155199493e-06
22050.056 8.071444971599251e-06
22100.056 8.280003801599703e-06
22150.056 8.415904231400622e-06
22200.056 8.255965248501289e-06
22250.056 8.641986280500454e-06
22300.056 8.556781546699632e-06
22350.056 8.411487579800319e-06
22400.056 8.7243406167002e-06
22450.056 8.637252543899127e-06
22500.056 8.74981573749975e-06
22550.056 8.690114396098864e-06
22600.056 8.663792456799645e-06
22650.056 8.705714344801407e-06
22700.056 8.6885838927014e-06
22750.056 8.89405323699937e-06
22800.056 8.667541975800026e-06
22850.056 8.783323182800703e-06
22900.056 8.951492151799357e-06
22950.056 7.204157959720826e-06
23000.056 7.913305426240484e-06
23050.056 8.10959931615868e-06
23100.056 7.881722441310098e-06
23150.056 8.011767214670947e-06
23200.056 8.027412304320108e-06
23250.056 6.896475783338262e-06
23300.056 7.356749567120342e-06
23350.056 7.467109510999894e-06
23400.056 7.311507095920253e-06
23450.056 7.4892405880001835e-06
23500.056 7.251508429458508e-06
23550.056 6.56571778373215e-06
23600.056 6.774446171201495e-06
23650.056 7.172496829648886e-06
23700.056 7.102571135058173e-06
23750.056 7.066988335840637e-06
23800.056 6.978235042901151e-06
23850.056 6.054945195380532e-06
23900.056 6.473423225969435e-06
23950.056 6.6210096932018845e-06
24000.056 6.311031152458989e-06
24050.056 6.186815300191242e-06
24100.056 5.790212988088231e-06
24150.056 5.656113002110741e-06
24200.056 5.7252197146484435e-06
24250.056 5.661245002870686e-06
24300.056 5.378324365500281e-06
24350.056 5.1838182452200255e-06
24400.056 5.519251451789744e-06
24450.056 5.159612360430066e-06
24500.056 4.794952392580347e-06
24550.056 4.753802458309643e-06
24600.056 4.723939655340932e-06
24650.056 5.082629627289651e-06
24700.056 4.489676934659963e-06
24750.056 4.304498309821032e-06
24800.056 4.203672553480368e-06
24850.056 4.680241383880351e-06
24900.056 3.953155418292264e-06
24950.056 4.639873007419429e-06
25000.056 4.165846437910312e-06
25050.056 3.6573583639008735e-06
25100.056 4.159507543459799e-06
25150.056 3.7330066765302703e-06
25200.056 3.964115118349298e-06
25250.056 3.854205368458883e-06
25300.056 3.9277590082703935e-06
25350.056 3.562488237149929e-06
25400.056 3.720362493461536e-06
25450.056 3.584001426260204e-06
25500.056 3.7336050379513595e-06
25550.056 3.5361089902500582e-06
25600.056 3.629137950330139e-06
25650.056 3.3667179767198534e-06
25700.056 3.894266933998351e-06
25750.056 3.2377466694407025e-06
25800.056 3.7238367002405514e-06
25850.056 3.5588633187796634e-06
25900.056 3.738982107791029e-06
25950.056 3.507637472910674e-06
26000.056 3.6233614838608197e-06
26050.056 4.012564659530128e-06
26100.056 3.7788184270509196e-06
26150.056 3.8518069910589626e-06
26200.056 3.6396563287303436e-06
26250.056 3.6936170215710026e-06
26300.056 3.7695104688698244e-06
26350.056 3.635494959049525e-06
26400.056 3.7322585163992965e-06
26450.056 3.6729644025204184e-06
26500.056 3.824722983968774e-06
26550.056 3.94583042063909e-06
26600.056 4.3371865185889295e-06
26650.056 3.7791907547990548e-06
26700.056 3.819097421869569e-06
26750.056 3.695202331478549e-06
26800.056 3.889770017488751e-06
26850.056 3.5738523233806004e-06
26900.056 4.0849229508600324e-06
26950.056 3.134306770460314e-06
27000.056 3.888222961851027e-06
27050.056 3.4578504400893185e-06
27100.056 3.4505844074895566e-06
27150.056 3.5719174669797457e-06
27200.056 3.552399166260789e-06
27250.056 3.286126981291694e-06
27300.056 3.485582136760174e-06
27350.056 3.468616332238671e-06
27400.056 3.1524432524301113e-06
27450.056 3.6653921473286455e-06
27500.056 3.3975327948903666e-06
27550.056 3.4198538569299778e-06
27600.056 3.609898340839561e-06
27650.056 3.124783638959682e-06
27700.056 3.1539118581104358e-06
27750.056 3.676984693107854e-06
27800.056 2.9726743119699773e-06
27850.056 3.2170336755887613e-06
27900.056 3.1929613699800554e-06
27950.056 3.535668516889644e-06
28000.056 3.4388129010608433e-06
28050.056 2.8910376676905655e-06
28100.056 3.631845813751866e-06
28150.056 3.0931143394501553e-06
28200.056 2.762914680690223e-06
28250.056 3.193526743919941e-06
28300.056 3.5481634314309574e-06
28350.056 3.1664903657588392e-06
28400.056 3.1590367684101017e-06
28450.056 3.132106168859413e-06
28500.056 3.232674313739463e-06
28550.056 2.7328982849791043e-06
28600.056 3.5157898592504296e-06
28650.056 3.381999929129648e-06
28700.056 3.077357036419346e-06
28750.056 3.310137472729663e-06
28800.056 3.2684614799205273e-06
28850.056 3.3483641302202223e-06
28900.056 2.9420789260003576e-06
28950.056 3.6748359436994116e-06
