galfind/configs/Brown_Dwarf_templates/sonora_bobcat/m0.0/100g/sp_t1300g100nc_m0.0_resample.dat
# %ECSV 1.0
# ---
# datatype:
# - {name: wav, unit: Angstrom, datatype: float64}
# - {name: flux_nu, unit: erg / (cm2 Hz s), datatype: float64}
# meta: {C/O: '1.00', Kzz: '1.0000E+05', Teff: '1300.', Y: '0.28', '[Fe/H]': '0.00', f_hole: '1.00', f_rain: '0.00', grav: '100.'}
# schema: astropy-2.0
wav flux_nu
[from data line 498]
28900.056 3.0372243750799766e-07
28950.056 4.64770066522e-07
29000.056 3.8600304201090996e-07
29050.056 4.070067925999495e-07
29100.056 3.27164850410062e-07
29150.056 4.4957739111310727e-07
29200.056 3.786775354700641e-07
29250.056 4.5760287832600115e-07
29300.056 3.50366948406834e-07
29350.056 5.484873838918755e-07
29400.056 4.108136167429206e-07
29450.056 4.347770790309797e-07
29500.056 4.4641812107093537e-07
29550.056 4.314882108870069e-07
29600.056 4.7541556360187493e-07
29650.056 4.509873563809462e-07
29700.056 3.9523652444687804e-07
29750.056 4.889847231371903e-07
29800.056 5.050022024409442e-07
29850.056 4.884107309539289e-07
29900.056 4.5397348062718153e-07
29950.056 5.11807819521905e-07
30000.056 4.991064888209276e-07
30050.056 4.64716066869966e-07
30100.056 4.12836481565865e-07
30150.056 5.597650203699687e-07
30200.056 4.749264423610091e-07
30250.056 5.249853184751182e-07
30300.056 4.7521317378997686e-07
30350.056 4.4758263311203505e-07
30400.056 5.127276528480284e-07
30450.056 4.194924780240624e-07
30500.056 3.6097533583404535e-07
30550.056 4.0410736812005143e-07
30600.056 4.1664721711701017e-07
30650.056 3.862526327959393e-07
30700.056 3.699352131019817e-07
30750.056 3.493767724469771e-07
30800.056 3.3564225256506624e-07
30850.056 2.981303181399311e-07
30900.056 3.097379575059504e-07
30950.056 2.7458941256605365e-07
31000.056 2.604033002219981e-07
31050.056 2.773984832200119e-07
31100.056 2.3299612128998167e-07
31150.056 2.497395418799825e-07
31200.056 2.651510976500189e-07
31250.056 2.2152301925197598e-07
31300.056 2.2211615158197738e-07
31350.056 2.0822763098600272e-07
31400.056 1.9088042479502169e-07
31450.056 1.9130453983497742e-07
31500.056 1.807194319179638e-07
31550.056 1.8547852224199986e-07
31600.056 1.6727003250798948e-07
31650.056 1.609229624769991e-07
31700.056 1.6257938627097975e-07
31750.056 1.4840623079204677e-07
31800.056 1.6953952077897449e-07
31850.056 1.5391477088801875e-07
31900.056 1.7229596713799825e-07
31950.056 1.3574607837701502e-07
32000.056 1.5624626278497797e-07
32050.056 1.6461804687600857e-07
32100.056 1.6484612729801915e-07
32150.056 1.7025261720498065e-07
32200.056 1.5587376058399596e-07
32250.056 1.8456285415301712e-07
32300.056 1.570977242509961e-07
32350.056 1.9258877144198465e-07
32400.056 1.5559006232799323e-07
32450.056 1.9029061925693708e-07
32500.056 1.9043054080202918e-07
32550.056 1.881162938879922e-07
32600.056 1.9625417332199597e-07
32650.056 2.3563799227998595e-07
32700.056 2.2228336617003052e-07
32750.056 2.3403961367900654e-07
32800.056 2.2807867332001822e-07
32850.056 2.3898778063596085e-07
32900.056 2.6121820314798857e-07
32950.056 2.537938661779781e-07
33000.056 2.356120956879486e-07
33050.056 2.1504290541005077e-07
33100.056 1.723141688289879e-07
33150.056 1.2451088389700505e-07
33200.056 9.676794679598107e-08
33250.056 7.475881471798052e-08
33300.056 7.221727267401078e-08
33350.056 8.536363090000147e-08
33400.056 9.793805106498467e-08
33450.056 1.1233446821599672e-07
33500.056 1.37448327340024e-07
33550.056 1.4786674065902818e-07
33600.056 1.7764919431499199e-07
33650.056 1.9571566035200631e-07
33700.056 1.8794174203397523e-07
33750.056 2.287972626700007e-07
33800.056 2.2454334152898594e-07
33850.056 2.436502060809738e-07
33900.056 2.2075020646099016e-07
33950.056 2.1618201131498607e-07
34000.056 2.3890600975701043e-07
34050.056 2.0423592070295326e-07
34100.056 2.456778563539689e-07
34150.056 2.2619390491397644e-07
34200.056 2.0278299427794153e-07
34250.056 2.262973060539299e-07
34300.056 2.0337377712789318e-07
34350.056 1.871081316299949e-07
34400.056 1.8668504118099937e-07
34450.056 2.1601563949797954e-07
34500.056 2.1033503229999667e-07
34550.056 2.004823395179964e-07
34600.056 2.3467556135000105e-07
34650.056 2.2060728988297515e-07
34700.056 2.158166550239789e-07
34750.056 2.3076308709998285e-07
34800.056 2.2177249830096088e-07
34850.056 2.1130227383001828e-07
34900.056 2.4199941913597624e-07
34950.056 2.2828697470995993e-07
35000.056 2.7536787217003336e-07
35050.056 2.274689337219694e-07
35100.056 2.443371957799928e-07
35150.056 2.52095033852002e-07
35200.056 2.61428666556012e-07
35250.056 2.8170313482996166e-07
35300.056 2.62836300521033e-07
35350.056 2.5071912405995194e-07
35400.056 2.6587524702005294e-07
35450.056 2.1824113354208066e-07
35500.056 2.96599640950023e-07
35550.056 2.968526959999731e-07
35600.056 2.7320196831605825e-07
35650.056 3.037396835000037e-07
35700.056 2.778655156500019e-07
35750.056 3.0476985562994475e-07
35800.056 3.7604736365001525e-07
35850.056 2.989434824899773e-07
35900.056 3.6045549780997304e-07
35950.056 3.441945793069908e-07
36000.056 3.475616929500299e-07
36050.056 3.5767677918998036e-07
36100.056 3.68788992409801e-07
36150.056 3.6983109025000014e-07
36200.056 4.0657305085996266e-07
36250.056 3.884540496599366e-07
36300.056 4.2105012310003274e-07
36350.056 4.133091632299665e-07
36400.056 4.1415904024000404e-07
36450.056 4.6055820948000394e-07
36500.056 4.6109888360996276e-07
36550.056 4.847822891201305e-07
36600.056 5.121688279600228e-07
36650.056 5.164975846159037e-07
36700.056 5.523292388019762e-07
36750.056 5.679099875801159e-07
36800.056 5.827268401699748e-07
36850.056 5.895241143699382e-07
36900.056 5.842264869400155e-07
36950.056 6.612866456499469e-07
37000.056 6.638712514099716e-07
37050.056 6.548153580899757e-07
37100.056 7.091188007100414e-07
37150.056 6.682670483500328e-07
37200.056 7.253787329800252e-07
37250.056 7.461866076799296e-07
37300.056 6.977721773498752e-07
37350.056 6.922402951901343e-07
37400.056 8.369958797199525e-07
37450.056 7.729594914600943e-07
37500.056 7.789076955999014e-07
37550.056 8.51771391300095e-07
37600.056 9.023584182199944e-07
37650.056 8.156056873799965e-07
37700.056 9.403065309800827e-07
37750.056 8.706972634200223e-07
37800.056 9.118236413602765e-07
37850.056 8.421694497099904e-07
37900.056 8.771526109102066e-07
37950.056 8.890333465699179e-07
38000.056 1.0020851355000523e-06
38050.056 9.935530968300997e-07
38100.056 9.328556015501414e-07
38150.056 1.0798097784999524e-06
38200.056 1.1023781073800733e-06
38250.056 1.003561636220102e-06
38300.056 1.09399638101993e-06
38350.056 1.1489532777699953e-06
38400.056 1.044777604089823e-06
38450.056 1.1534733295400017e-06
38500.056 1.0343099477301572e-06
38550.056 1.1677042770100687e-06
38600.056 1.2356983940899074e-06
38650.056 1.1478216357999748e-06
38700.056 1.2092472347700995e-06
38750.056 1.2369253172100225e-06
38800.056 1.1808222240698276e-06
38850.056 1.1626544774700426e-06
38900.056 1.204552130550012e-06
38950.056 1.2683354812599524e-06
39000.056 1.2493853036600144e-06
39050.056 1.2809026259398747e-06
39100.056 1.194950609680168e-06
39150.056 1.262506235590021e-06
39200.056 1.3156875478500069e-06
39250.056 1.3333646091897367e-06
39300.056 1.2656557210996975e-06
39350.056 1.344961444560123e-06
39400.056 1.3274634362500762e-06
39450.056 1.323235925719932e-06
39500.056 1.2555914400999795e-06
39550.056 1.297802715779995e-06
39600.056 1.390634714819759e-06
39650.056 1.3088638668799885e-06
39700.056 1.3289206562399622e-06
39750.056 1.2711969549099935e-06
39800.056 1.278939128259896e-06
39850.056 1.352349667319931e-06
39900.056 1.3255996853101001e-06
39950.056 1.3679220938598092e-06
40000.056 1.3037005613800653e-06
40050.056 1.2901184896400528e-06
40100.056 1.3393475640699871e-06
40150.056 1.2962930898598445e-06
40200.056 1.315974876519806e-06
40250.056 1.2406549564397009e-06
40300.056 1.2290532959900976e-06
40350.056 1.3277101740601254e-06
40400.056 1.3147746998200654e-06
40450.056 1.3071333961201482e-06
40500.056 1.2157573572101464e-06
40550.056 1.357669609359916e-06
40600.056 1.1901237884201586e-06
40650.056 1.2348935922298982e-06
40700.056 1.3604979252500017e-06
40750.056 1.2103542537696246e-06
40800.056 1.1338272244199195e-06
40850.056 1.2104043212902384e-06
40900.056 1.171300863410025e-06
40950.056 1.2114629477899797e-06
41000.056 1.2166540944299832e-06
41050.056 1.2503513241098769e-06
41100.056 1.1600123301199697e-06
41150.056 1.1422209714299647e-06
41200.056 1.1950140179299978e-06
41250.056 1.1749527294600394e-06
41300.056 1.048800095849767e-06
41350.056 1.2416319343300586e-06
41400.056 1.1609422335401516e-06
41450.056 1.174617941580229e-06
41500.056 1.1382808229199954e-06
41550.056 1.1400136060900207e-06
41600.056 1.1951542212100454e-06
41650.056 1.1331567491701707e-06
41700.056 1.071026247559832e-06
41750.056 1.089894900379919e-06
41800.056 1.1380792277298507e-06
41850.056 9.187876118801255e-07
41900.056 1.0840275778599274e-06
41950.056 9.856877836002622e-07
42000.056 9.899158035301258e-07
42050.056 8.79172604189818e-07
42100.056 1.051058381030118e-06
42150.056 7.88575806459771e-07
42200.056 8.402830044710213e-07
42250.056 8.786717655699881e-07
42300.056 7.569649079400443e-07
42350.056 9.17858502900187e-07
42400.056 7.802724534201846e-07
42450.056 7.176932147700682e-07
42500.056 7.502833282600943e-07
42550.056 7.502680285699602e-07
42600.056 7.412418234602025e-07
42650.056 6.973805246997052e-07
42700.056 7.577460005602175e-07
42750.056 7.071834137799461e-07
42800.056 6.887309337002227e-07
42850.056 7.700738951197861e-07
42900.056 7.49365878280052e-07
42950.056 7.029313343796936e-07
43000.056 7.191245304300079e-07
43050.056 6.453163936602951e-07
43100.056 7.224687502200733e-07
43150.056 7.061502588200978e-07
43200.056 7.346109014900875e-07
43250.056 7.171190335298519e-07
43300.056 7.576883844500404e-07
43350.056 6.765358699599537e-07
43400.056 6.995187924899835e-07
43450.056 6.92946159190138e-07
43500.056 6.789887175999364e-07
43550.056 7.168431241900685e-07
43600.056 7.487020501500378e-07
43650.056 6.696525373200476e-07
43700.056 6.812631166798354e-07
43750.056 6.952341910501518e-07
43800.056 6.489384983000445e-07
43850.056 6.63138679550128e-07
43900.056 6.896584588099285e-07
43950.056 6.235279585500534e-07
44000.056 6.089350270400659e-07
44050.056 6.429213869600586e-07
44100.056 6.751672002700669e-07
44150.056 6.756283884298751e-07
44200.056 6.492011105799903e-07
44250.056 6.319190967400191e-07
44300.056 6.158776064900658e-07
44350.056 6.07511410320043e-07
44400.056 6.391297780099773e-07
44450.056 6.456730451499927e-07
44500.056 6.606495546200676e-07
44550.056 6.316278444798953e-07
44600.056 6.137272051700674e-07
44650.056 6.541727919900692e-07
44700.056 5.971423450700259e-07
44750.056 6.391574260899471e-07
44800.056 6.406128863799851e-07
44850.056 6.282152723800801e-07
44900.056 5.868501797900509e-07
44950.056 5.824505569600286e-07
45000.056 6.1723867216996e-07
45050.056 6.211965894499676e-07
45100.056 6.390468505099884e-07
45150.056 5.985674685999835e-07
45200.056 5.584879970200274e-07
45250.056 5.7751802358993e-07
45300.056 6.030787419600296e-07
45350.056 6.185510132899543e-07
45400.056 6.060184370760567e-07
45450.056 5.623559105669109e-07
45500.056 5.854114347199706e-07
45550.056 6.300028134499482e-07
45600.056 5.921343500300014e-07
45650.056 5.391146903499048e-07
45700.056 6.21513497910058e-07
45750.056 5.613044409590124e-07
45800.056 5.725912899299778e-07
45850.056 6.600972805599716e-07
45900.056 6.532680371300242e-07
45950.056 5.683540601800048e-07
46000.056 6.512244791060254e-07
46050.056 6.40308218720102e-07
46100.056 5.668827117700379e-07
46150.056 6.089514038999751e-07
46200.056 6.297076631601154e-07
46250.056 5.404466182399818e-07
46300.056 6.703131923899894e-07
46350.056 5.905850913299597e-07
46400.056 6.054974190399602e-07
46450.056 6.303900904900627e-07
46500.056 5.700816287899834e-07
46550.056 6.818357877499792e-07
46600.056 6.444184769200223e-07
46650.056 8.004950554398705e-07
46700.056 7.355957655602273e-07
46750.056 5.944079717299738e-07
46800.056 6.339386966400714e-07
46850.056 7.118335614200871e-07
46900.056 6.715448358698977e-07
46950.056 7.31941892510013e-07
47000.056 6.232040552999976e-07
47050.056 7.337296124698707e-07
47100.056 5.705463889000608e-07
47150.056 6.252861053300534e-07
47200.056 6.824217414400945e-07
47250.056 6.073881505599697e-07
47300.056 6.090574867098948e-07
47350.056 5.842077626599202e-07
47400.056 6.885404495199054e-07
47450.056 5.991223755199844e-07
47500.056 6.930917804399173e-07
47550.056 6.084162608499548e-07
47600.056 6.799485688999543e-07
47650.056 5.265737878298941e-07
47700.056 6.952674692200768e-07
47750.056 5.005320471800815e-07
47800.056 6.793703857999418e-07
47850.056 5.308164032399228e-07
47900.056 6.593014319600108e-07
47950.056 5.345489402500578e-07
48000.056 7.463899591200198e-07
48050.056 6.008088145600605e-07
48100.056 6.386112473099985e-07
48150.056 5.968816115600754e-07
48200.056 6.795268466800625e-07
48250.056 5.806054479600171e-07
48300.056 7.323464869698451e-07
48350.056 5.34585192689988e-07
48400.056 6.354516808999799e-07
48450.056 5.731415780700477e-07
48500.056 7.501340844500072e-07
48550.056 5.440389754000033e-07
48600.056 6.882296244199636e-07
48650.056 5.756936142199718e-07
48700.056 6.79956681470036e-07
48750.056 5.093755879400631e-07
48800.056 7.637183795600188e-07
48850.056 5.490477008798915e-07
48900.056 7.179838791600525e-07
48950.056 6.477598893000285e-07
49000.056 5.881604072199011e-07
49050.056 6.843934581199962e-07
49100.056 6.221273855900513e-07
49150.056 6.599406504399817e-07
49200.056 6.310799605099915e-07
49250.056 6.70942671280033e-07
49300.056 5.839934795899648e-07
49350.056 6.013798576600153e-07
49400.056 6.963490120700186e-07
49450.056 6.200682387401488e-07
49500.056 6.302125951399921e-07
49550.056 5.466228980200059e-07
49600.056 6.176922616101183e-07
49650.056 6.411437659099947e-07
49700.056 5.68736285369917e-07
49750.056 7.842606262398856e-07
49800.056 6.133138376300232e-07
49850.056 7.793394624100805e-07
49900.056 6.26222177970025e-07
49950.056 6.689365084698969e-07
50000.056 6.555131868098882e-07
50050.056 6.701384110100317e-07
50100.056 6.92779454329969e-07
50150.056 5.751156048100061e-07
50200.056 5.196396524900316e-07
50250.056 6.701167505999889e-07
50300.056 6.19123662429979e-07
50350.056 7.434045224900027e-07
50400.056 6.390958130499691e-07
50450.056 6.190488510001e-07
50500.056 7.543457602300968e-07
50550.056 6.490437162799986e-07
50600.056 6.833190182599686e-07
50650.056 6.805965296801155e-07
50700.056 7.37917424279837e-07
50750.056 7.493685087100961e-07
50800.056 5.523227629499254e-07
50850.056 6.339004227001143e-07
50900.056 7.339804728599794e-07
50950.056 6.92532238300147e-07
51000.056 8.012986053700823e-07
51050.056 6.252239790600499e-07
51100.056 5.792260771799425e-07
51150.056 6.844458382799459e-07
51200.056 7.192919037899781e-07
51250.056 7.026163863999458e-07
51300.056 6.035759502102128e-07
51350.056 6.527928336699232e-07
51400.056 5.717015205999132e-07
51450.056 4.7191661910989995e-07
51500.056 5.944758774800636e-07
51550.056 8.031741789300798e-07
51600.056 5.805239285800596e-07
51650.056 6.522032861899203e-07
51700.056 6.342661707298368e-07
51750.056 5.783846267900427e-07
51800.056 7.094382751398201e-07
51850.056 6.987785629299461e-07
51900.056 7.716574028501369e-07
51950.056 6.956302313099457e-07
52000.056 5.429609174499776e-07
52050.056 6.6040588322998e-07
52100.056 5.913453974399169e-07
52150.056 5.968321744800255e-07
52200.056 5.601990227499857e-07
52250.056 6.188336581300166e-07
52300.056 7.294822788599764e-07
52350.056 7.249171927300496e-07
52400.056 5.352000522500755e-07
52450.056 6.546936707200102e-07
52500.056 7.097075390198811e-07
52550.056 6.988519433898248e-07
52600.056 6.561575720500927e-07
52650.056 7.142218261401371e-07
52700.056 6.35593763250007e-07
52750.056 5.333430082399618e-07
52800.056 6.007548058200509e-07
52850.056 5.823546314899099e-07
52900.056 6.241489086200365e-07
52950.056 6.26272771579948e-07
53000.056 7.109261178799624e-07
53050.056 5.782905870798553e-07
53100.056 5.7198105229988e-07
53150.056 7.598951664600716e-07
53200.056 5.122692075000298e-07
53250.056 7.395790793300106e-07
53300.056 7.140132918302912e-07
53350.056 7.072739617999321e-07
53400.056 6.894304868200616e-07
53450.056 5.724547769500336e-07
53500.056 4.796682925999011e-07
53550.056 6.076550218999123e-07
53600.056 6.732998658601104e-07
53650.056 5.623165846700279e-07
