galfind/configs/Brown_Dwarf_templates/sonora_bobcat/m0.0/100g/sp_t400g100nc_m0.0_resample.dat
# %ECSV 1.0
# ---
# datatype:
# - {name: wav, unit: Angstrom, datatype: float64}
# - {name: flux_nu, unit: erg / (cm2 Hz s), datatype: float64}
# meta: {C/O: '1.00', Kzz: '1.0000E+05', Teff: '400.', Y: '0.28', '[Fe/H]': '0.00', f_hole: '1.00', f_rain: '0.00', grav: '100.'}
# schema: astropy-2.0
wav flux_nu
[from data line 498]
28900.056 6.913233343385099e-11
28950.056 1.0132123111149226e-10
29000.056 6.484870631470618e-11
29050.056 1.048654382708159e-10
29100.056 5.1212639053833943e-11
29150.056 6.881569659996468e-11
29200.056 1.5693845278949425e-10
29250.056 1.6791377078969225e-10
29300.056 8.731480019402714e-11
29350.056 2.4118968234252296e-10
29400.056 1.0853413996493325e-10
29450.056 6.39791976590805e-11
29500.056 2.377422418476438e-10
29550.056 8.225100897307573e-11
29600.056 1.0835919636837469e-10
29650.056 3.4399975222727047e-10
29700.056 7.277303522573007e-11
29750.056 2.4266443990964535e-10
29800.056 1.7080749440905117e-10
29850.056 2.862174292565323e-10
29900.056 1.3957820482839147e-10
29950.056 1.7897053088162335e-10
30000.056 3.055435685744269e-12
30050.056 1.9537567813548103e-11
30100.056 8.112385095708542e-11
30150.056 2.9320337522451033e-10
30200.056 1.8771249093192132e-10
30250.056 3.5430772854814387e-10
30300.056 5.025911891194355e-10
30350.056 1.1854763868093434e-10
30400.056 4.751642808161043e-10
30450.056 3.311790135979683e-10
30500.056 2.1564444772911926e-10
30550.056 1.7545509482996537e-10
30600.056 1.1159807430700944e-09
30650.056 4.657980192015785e-10
30700.056 2.7412331742137035e-10
30750.056 5.784517279146626e-10
30800.056 4.6064741390422083e-10
30850.056 5.309648166568599e-10
30900.056 2.6509928497253684e-10
30950.056 2.487459818358236e-10
31000.056 2.9775338184227385e-10
31050.056 1.9708914563805826e-10
31100.056 1.2937286719743638e-10
31150.056 2.4418085728896934e-10
31200.056 6.824047671150053e-10
31250.056 3.5973346525317815e-10
31300.056 2.2046958831941578e-10
31350.056 5.075892920048213e-10
31400.056 3.392421861234452e-10
31450.056 3.4838331703530775e-10
31500.056 1.256221160549321e-10
31550.056 2.2115878747321464e-10
31600.056 1.5394489527012185e-10
31650.056 1.3355599015132853e-10
31700.056 1.213326096866546e-10
31750.056 6.187790355022393e-11
31800.056 1.2304776098854546e-10
31850.056 2.2072092777682978e-11
31900.056 5.284786858380281e-11
31950.056 3.3031863215324636e-11
32000.056 2.3829337903170876e-11
32050.056 3.855185992854734e-11
32100.056 3.284872329498952e-11
32150.056 3.387625702229559e-11
32200.056 1.5737183104548305e-11
32250.056 4.178035718171715e-11
32300.056 1.1670542443726995e-11
32350.056 4.031403032366685e-11
32400.056 5.830584774166074e-12
32450.056 2.929803786240622e-11
32500.056 6.723549378977729e-12
32550.056 2.241285384987329e-11
32600.056 7.431421002094559e-12
32650.056 6.249363450295157e-11
32700.056 1.1843422576573849e-11
32750.056 1.2840017818696746e-10
32800.056 6.506323811455674e-11
32850.056 2.4391168480979995e-10
32900.056 2.0295554263188212e-10
32950.056 2.159236930262382e-10
33000.056 6.598633310376519e-11
33050.056 8.60779442094922e-11
33100.056 1.6771797753798827e-11
33150.056 4.184435842931859e-15
33200.056 4.451795517197868e-13
33250.056 6.575242371902331e-13
33300.056 6.717518018213337e-12
33350.056 2.1120281338186122e-11
33400.056 8.262973331770867e-11
33450.056 4.553835285563545e-11
33500.056 1.7199530549804648e-10
33550.056 3.1889264000380976e-11
33600.056 9.302376865258656e-11
33650.056 8.473646965029509e-11
33700.056 2.6976554363940417e-11
33750.056 1.253685139192866e-10
33800.056 1.0582765655270736e-11
33850.056 6.004260767242199e-11
33900.056 6.680897717890969e-11
33950.056 5.181908448661157e-11
34000.056 1.2465032576646538e-10
34050.056 1.8170234244481576e-11
34100.056 1.1834876632840382e-10
34150.056 4.677623347545497e-11
34200.056 1.3910247797640238e-10
34250.056 7.608675380913782e-11
34300.056 8.193730683548512e-11
34350.056 1.9185829914579932e-10
34400.056 5.0589474005984946e-11
34450.056 1.7880010190779507e-10
34500.056 8.424085201908807e-11
34550.056 6.43514084293524e-11
34600.056 3.189381152774056e-10
34650.056 4.3786006182513835e-11
34700.056 2.160788076339892e-10
34750.056 1.3208047957682716e-10
34800.056 1.1644542119634454e-10
34850.056 3.7690293075103645e-10
34900.056 7.863826997644303e-11
34950.056 3.3753925987883176e-10
35000.056 5.990544335453046e-10
35050.056 2.907843931278381e-10
35100.056 6.648374931795599e-10
35150.056 5.33872850661955e-10
35200.056 4.3013485591829917e-10
35250.056 8.143243768589367e-10
35300.056 3.135749775427125e-10
35350.056 3.964256561031355e-10
35400.056 3.0295668784772867e-10
35450.056 2.720198475653021e-10
35500.056 9.888773037739451e-10
35550.056 5.460628673459164e-10
35600.056 6.821529791207853e-10
35650.056 7.924797272567206e-10
35700.056 8.426229701452391e-10
35750.056 1.099644565329077e-09
35800.056 9.045976037755292e-10
35850.056 3.4840767752721945e-10
35900.056 4.682462430955017e-10
35950.056 6.563553528475566e-10
36000.056 8.04225114997942e-10
36050.056 5.402518571280927e-10
36100.056 5.096397866697545e-10
36150.056 1.2896200175558416e-09
36200.056 1.3570161072174816e-09
36250.056 8.855179186795272e-10
36300.056 2.2036755364249047e-09
36350.056 1.1628949773645337e-09
36400.056 1.975382873753941e-09
36450.056 1.8746404185310243e-09
36500.056 2.027558377364411e-09
36550.056 3.0683743092847818e-09
36600.056 3.1461393472782493e-09
36650.056 2.219922057678841e-09
36700.056 2.49949921769625e-09
36750.056 3.208620028559307e-09
36800.056 3.842857746985236e-09
36850.056 1.854480653837392e-09
36900.056 3.2317618676514927e-09
36950.056 3.808261396824781e-09
37000.056 2.492767013948734e-09
37050.056 4.216451823837517e-09
37100.056 2.5786109329358822e-09
37150.056 2.7314893747193987e-09
37200.056 4.9540269488587955e-09
37250.056 3.0001538861522374e-09
37300.056 2.026181868583532e-09
37350.056 3.7217230173924273e-09
37400.056 5.857049447121905e-09
37450.056 2.2318228987663188e-09
37500.056 3.3529606148989255e-09
37550.056 6.317550545637154e-09
37600.056 9.851898803331751e-09
37650.056 2.8201009309713483e-09
37700.056 5.688254554568532e-09
37750.056 3.906649953045867e-09
37800.056 3.792304299830707e-09
37850.056 1.9319345464252655e-09
37900.056 2.5571245152978164e-09
37950.056 5.324887527301267e-09
38000.056 4.904659109847421e-09
38050.056 7.424442755337401e-09
38100.056 8.829258457936998e-09
38150.056 9.97639744146307e-09
38200.056 7.917025137741396e-09
38250.056 9.098413387636768e-09
38300.056 1.3859705062258968e-08
38350.056 1.258688242033349e-08
38400.056 4.900109308957789e-09
38450.056 2.1968807866742364e-09
38500.056 1.4580434518964312e-09
38550.056 5.445779668581358e-09
38600.056 5.787587930377216e-09
38650.056 6.8308807235524105e-09
38700.056 4.913340910671517e-09
38750.056 5.824234575748138e-09
38800.056 5.981670321805066e-09
38850.056 6.971543665809613e-09
38900.056 8.84551974515087e-09
38950.056 5.21605138389858e-09
39000.056 9.278249733242952e-09
39050.056 5.058467352964593e-09
39100.056 8.012174473181167e-09
39150.056 1.1192334988040846e-08
39200.056 7.468825290520331e-09
39250.056 1.271953614252447e-08
39300.056 7.889335151154303e-09
39350.056 1.5322060756129324e-08
39400.056 8.246523008386828e-09
39450.056 1.2342977382387566e-08
39500.056 1.245704068310285e-08
39550.056 5.905544264046555e-09
39600.056 1.216843083563112e-08
39650.056 1.5101963302597868e-08
39700.056 1.45684384510824e-08
39750.056 7.106471751807765e-09
39800.056 8.08347548741138e-09
39850.056 1.775210437060265e-08
39900.056 2.0847899608501035e-08
39950.056 8.626776138817404e-09
40000.056 1.5959541808018158e-08
40050.056 1.7680496370399133e-08
40100.056 6.4832957564075e-09
40150.056 1.60869797571007e-08
40200.056 1.719247229109481e-08
40250.056 1.939295326546656e-08
40300.056 1.9248898618699926e-08
40350.056 1.1779127262085472e-08
40400.056 1.7027226263282298e-08
40450.056 8.570089413212839e-09
40500.056 2.107066459130094e-08
40550.056 2.3028117151281696e-08
40600.056 1.7587004537700636e-08
40650.056 1.3783204428776182e-08
40700.056 2.7420045356236836e-08
40750.056 1.783759653019486e-08
40800.056 1.0954767941829486e-08
40850.056 3.25486007974085e-08
40900.056 2.6741040794277268e-08
40950.056 2.3170340927092127e-08
41000.056 1.7809551244547294e-08
41050.056 3.433532295539087e-08
41100.056 2.8275797337039875e-08
41150.056 1.1175000533955193e-08
41200.056 3.407053313270453e-08
41250.056 2.618880382399257e-08
41300.056 2.7284410786682435e-08
41350.056 3.611749333239665e-08
41400.056 2.9854112021199805e-08
41450.056 4.15377409397922e-08
41500.056 2.5735298171481255e-08
41550.056 2.332537120966121e-08
41600.056 2.5160397376856637e-08
41650.056 3.437918859670356e-08
41700.056 4.398540106798856e-08
41750.056 3.33821886430945e-08
41800.056 3.442481740540814e-08
41850.056 3.2921875311263087e-08
41900.056 2.868865029558126e-08
41950.056 2.858268666800064e-08
42000.056 1.6126018230869233e-08
42050.056 2.0731810545629732e-08
42100.056 2.359829124915163e-08
42150.056 2.5616822121520085e-08
42200.056 2.9297039117489128e-08
42250.056 2.396359512405466e-08
42300.056 2.2427455739478714e-08
42350.056 3.585851067780185e-08
42400.056 4.198415116340467e-08
42450.056 4.018752864001022e-08
42500.056 4.021973969589448e-08
42550.056 3.4090627686592355e-08
42600.056 3.6350544056935225e-08
42650.056 5.5678996305483694e-08
42700.056 2.6626552661059327e-08
42750.056 3.873333873450642e-08
42800.056 5.654429679940716e-08
42850.056 5.8047330407984136e-08
42900.056 6.128797317921038e-08
42950.056 4.774153450029499e-08
43000.056 5.489701209180593e-08
43050.056 2.774612292040299e-08
43100.056 4.489606726649573e-08
43150.056 3.6205177739204626e-08
43200.056 5.7071897101004967e-08
43250.056 7.353933646600362e-08
43300.056 6.936397116599933e-08
43350.056 3.7484693356989506e-08
43400.056 5.518741808230288e-08
43450.056 3.512031930020252e-08
43500.056 3.491199345320803e-08
43550.056 3.939947972700522e-08
43600.056 6.477680791500811e-08
43650.056 4.0010424160100075e-08
43700.056 7.430627556101718e-08
43750.056 6.653705625699537e-08
43800.056 5.95030845382946e-08
43850.056 5.287033583830498e-08
43900.056 4.1364451867984255e-08
43950.056 2.6794109742697093e-08
44000.056 2.7625850083198442e-08
44050.056 6.99098855830009e-08
44100.056 9.10379135209994e-08
44150.056 8.100967414459869e-08
44200.056 7.433339294650124e-08
44250.056 3.9563038873196307e-08
44300.056 3.163220020470493e-08
44350.056 3.4786062119627434e-08
44400.056 3.1941332627796615e-08
44450.056 5.95755464128025e-08
44500.056 5.414007919800887e-08
44550.056 7.767213838499506e-08
44600.056 6.596708596701904e-08
44650.056 5.844884462460525e-08
44700.056 3.8791811488396706e-08
44750.056 6.286477480231292e-08
44800.056 4.084620619350372e-08
44850.056 5.633125245900345e-08
44900.056 5.065809668800168e-08
44950.056 6.011519033350648e-08
45000.056 7.215104917400284e-08
45050.056 6.313778112599199e-08
45100.056 5.6781687129501075e-08
45150.056 5.001252254619104e-08
45200.056 3.862875514450368e-08
45250.056 4.6247628114588105e-08
45300.056 4.270127137550629e-08
45350.056 3.337211445426916e-08
45400.056 9.075185184401102e-08
45450.056 7.165728200820707e-08
45500.056 9.048224160230589e-08
45550.056 9.365988873197452e-08
45600.056 7.980277011801389e-08
45650.056 6.515817266620061e-08
45700.056 4.170823361799651e-08
45750.056 3.8678150496702475e-08
45800.056 9.479005000400367e-08
45850.056 7.316765186729739e-08
45900.056 9.50499808539942e-08
45950.056 8.291909406799804e-08
46000.056 8.945219212850941e-08
46050.056 6.501386934430603e-08
46100.056 1.091364229469916e-07
46150.056 6.19837372830022e-08
46200.056 5.1817767861691815e-08
46250.056 2.0714457492854785e-08
46300.056 6.258383396280118e-08
46350.056 6.53217235662091e-08
46400.056 6.015862202130138e-08
46450.056 5.506383087531122e-08
46500.056 6.284664798171334e-08
46550.056 3.198558403370133e-08
46600.056 4.787688994997295e-08
46650.056 7.616709618800468e-08
46700.056 4.890093589558711e-08
46750.056 2.3638224068304378e-08
46800.056 1.530740617431978e-08
46850.056 7.187560404901125e-08
46900.056 7.613397334899742e-08
46950.056 7.576817339199374e-08
47000.056 7.340743838301087e-08
47050.056 5.091027247087625e-08
47100.056 3.5851654933504375e-08
47150.056 5.9241725566208005e-08
47200.056 6.644216793799577e-08
47250.056 3.4576594780895135e-08
47300.056 2.271157267619886e-08
47350.056 7.567977848200352e-08
47400.056 6.82222153259931e-08
47450.056 5.1377479913168944e-08
47500.056 8.189147642899529e-08
47550.056 7.02738481330036e-08
47600.056 6.331228916949407e-08
47650.056 6.790178056142971e-08
47700.056 5.1149942428105625e-08
47750.056 3.751137023620148e-08
47800.056 3.0166349084904494e-08
47850.056 1.4009239162632809e-08
47900.056 2.322228015983864e-08
47950.056 5.738277767100338e-08
48000.056 7.9660724489002e-08
48050.056 6.418062481800033e-08
48100.056 2.6409786265263006e-08
48150.056 5.070129268260164e-08
48200.056 3.2637274262718595e-08
48250.056 4.2525954402999336e-08
48300.056 7.613765954399424e-08
48350.056 4.376822804719515e-08
48400.056 1.029849707705615e-08
48450.056 2.1880823963095518e-08
48500.056 3.8513678922990534e-08
48550.056 4.3051682038884436e-08
48600.056 6.01237418449989e-08
48650.056 7.767366196799458e-08
48700.056 4.96839548831082e-08
48750.056 3.498249366841154e-08
48800.056 6.638043409000224e-08
48850.056 3.392060054624421e-08
48900.056 4.252741609563553e-08
48950.056 2.244872992979987e-08
49000.056 1.1728830367639466e-08
49050.056 4.0440534140794467e-08
49100.056 5.425160563917024e-08
49150.056 4.0435085975803556e-08
49200.056 6.621853466301136e-08
49250.056 6.780246457600365e-08
49300.056 5.558201419019886e-08
49350.056 2.0380442718549805e-08
49400.056 3.1342098014291367e-08
49450.056 2.912259495965732e-08
49500.056 2.237344427347683e-08
49550.056 4.306959695273115e-09
49600.056 1.3157764377604522e-08
49650.056 3.4843019524902095e-08
49700.056 3.947782199298746e-08
49750.056 3.7123109227189866e-08
49800.056 2.2703551561715883e-08
49850.056 5.202380791020827e-08
49900.056 4.422471731599647e-08
49950.056 4.412573527460045e-08
50000.056 3.070916909781117e-08
50050.056 3.84630267657018e-08
50100.056 3.0438793523498e-08
50150.056 1.3194392061597275e-08
50200.056 2.0513758880749783e-09
50250.056 1.4332739427599624e-08
50300.056 9.288840482790708e-09
50350.056 3.5652336374605954e-08
50400.056 3.9353839036994615e-08
50450.056 2.98114862931024e-08
50500.056 4.7652172314802386e-08
50550.056 4.134921845100295e-08
50600.056 2.9432146444691462e-08
50650.056 5.03256665000077e-08
50700.056 4.825291098599451e-08
50750.056 2.9219234411601883e-08
50800.056 8.98397278199627e-09
50850.056 4.413575577604242e-09
50900.056 3.1155910439802153e-08
50950.056 2.906676215399729e-08
51000.056 2.233923444562729e-08
51050.056 3.569746702739497e-08
51100.056 1.2330523569422265e-08
51150.056 1.3211058455556322e-08
51200.056 4.4064640454998996e-08
51250.056 3.1620828779854606e-08
51300.056 2.0585599476547116e-08
51350.056 1.858030153609124e-08
51400.056 5.387869076823041e-09
51450.056 4.3420723678264155e-09
51500.056 4.215460790781807e-09
51550.056 1.8088992879323413e-08
51600.056 1.6496194085454146e-08
51650.056 2.2704265295198884e-08
51700.056 2.3154193633092567e-08
51750.056 1.4588120379373176e-08
51800.056 2.8887178128995914e-08
51850.056 2.2949126720698506e-08
51900.056 2.698344814599934e-08
51950.056 1.4161270223398362e-08
52000.056 1.211732814590507e-09
52050.056 7.283393456000977e-09
52100.056 3.88475159212928e-09
52150.056 2.0821980342627175e-09
52200.056 7.935295144389831e-09
52250.056 1.323310036336334e-08
52300.056 1.6834718119898908e-08
52350.056 4.70901392899035e-09
52400.056 5.178552305366011e-09
52450.056 2.165989735220182e-08
52500.056 1.5679269727876816e-08
52550.056 1.98676319484988e-08
52600.056 1.5086703432299953e-08
52650.056 1.827275401730138e-08
52700.056 1.2315022722869207e-08
52750.056 4.101339823058693e-09
52800.056 8.326156683091455e-09
52850.056 9.866403134437297e-09
52900.056 3.5853625983747685e-09
52950.056 6.463321113590941e-09
53000.056 1.256726009800222e-08
53050.056 4.422628845120644e-09
53100.056 1.663168629799906e-08
53150.056 1.695653404610102e-08
53200.056 7.652690309039658e-09
53250.056 1.4929818162200447e-08
53300.056 1.8275343693210848e-08
53350.056 1.3845867038260916e-08
53400.056 8.651629745597873e-09
53450.056 2.6594858507089833e-09
53500.056 3.863753299008476e-10
53550.056 1.1398907275280258e-09
