galfind/configs/Brown_Dwarf_templates/sonora_bobcat/m0.0/100g/sp_t475g100nc_m0.0_resample.dat
# %ECSV 1.0
# ---
# datatype:
# - {name: wav, unit: Angstrom, datatype: float64}
# - {name: flux_nu, unit: erg / (cm2 Hz s), datatype: float64}
# meta: {C/O: '1.00', Kzz: '1.0000E+05', Teff: '475.', Y: '0.28', '[Fe/H]': '0.00', f_hole: '1.00', f_rain: '0.00', grav: '100.'}
# schema: astropy-2.0
wav flux_nu
[from data line 498]
28900.056 3.274103292759173e-10
28950.056 5.31041164998268e-10
29000.056 3.763121400558844e-10
29050.056 5.607349081462796e-10
29100.056 3.0840750461288684e-10
29150.056 4.339661695308581e-10
29200.056 6.356236346069047e-10
29250.056 8.82889611053083e-10
29300.056 4.088109965795069e-10
29350.056 1.2077857177464219e-09
29400.056 5.365307543726529e-10
29450.056 4.3878364339600354e-10
29500.056 1.029860199503176e-09
29550.056 4.5962375315964436e-10
29600.056 6.460758516852138e-10
29650.056 1.4463811318247286e-09
29700.056 4.331241974398153e-10
29750.056 1.0844744354570263e-09
29800.056 9.278705776636869e-10
29850.056 1.2535454207963484e-09
29900.056 7.805266520378567e-10
29950.056 8.992395204683873e-10
30000.056 2.467087433144836e-11
30050.056 1.0953059985155165e-10
30100.056 3.507996975322765e-10
30150.056 1.0760434008190775e-09
30200.056 7.931205473517803e-10
30250.056 1.6209428278937955e-09
30300.056 2.0796057410109277e-09
30350.056 7.0745134689728e-10
30400.056 2.0451571752406636e-09
30450.056 1.2727493127046438e-09
30500.056 1.1341341845057983e-09
30550.056 9.28878489772577e-10
30600.056 3.2811310546833975e-09
30650.056 1.6219841706127642e-09
30700.056 1.150580230703517e-09
30750.056 2.135013236271064e-09
30800.056 1.5117520381440543e-09
30850.056 1.7311409955136385e-09
30900.056 9.465361592603851e-10
30950.056 1.0083704216586476e-09
31000.056 1.05941198245193e-09
31050.056 8.821973064713517e-10
31100.056 5.393430362933279e-10
31150.056 1.0034104928181399e-09
31200.056 1.991610898337546e-09
31250.056 1.1874919171047147e-09
31300.056 7.889498910365251e-10
31350.056 1.3945826702070394e-09
31400.056 9.687541577668716e-10
31450.056 1.0318836647140435e-09
31500.056 4.383436129630966e-10
31550.056 6.970642721838928e-10
31600.056 4.595787193244722e-10
31650.056 4.33210368216665e-10
31700.056 4.3662750796177645e-10
31750.056 2.1898016720239673e-10
31800.056 4.5017498186414e-10
31850.056 1.0179235723819621e-10
31900.056 2.2708604413646772e-10
31950.056 1.3683463527133246e-10
32000.056 1.2784471389747157e-10
32050.056 1.8477140302924372e-10
32100.056 1.5903447576949919e-10
32150.056 1.8983289337023386e-10
32200.056 9.344019605862462e-11
32250.056 2.4821116493525263e-10
32300.056 8.125175902233407e-11
32350.056 2.3201314556654105e-10
32400.056 5.292213998203414e-11
32450.056 1.8909516145292416e-10
32500.056 6.747225285902149e-11
32550.056 1.4540445301260333e-10
32600.056 8.694504301030085e-11
32650.056 3.730042643305168e-10
32700.056 1.2763367989623405e-10
32750.056 6.274013412971599e-10
32800.056 3.937373540631564e-10
32850.056 9.542738541108799e-10
32900.056 8.444506892914467e-10
32950.056 9.37127627552058e-10
33000.056 3.9751153276807477e-10
33050.056 5.372682984522939e-10
33100.056 1.2766733191125233e-10
33150.056 1.3433487879381618e-13
33200.056 3.479994077295421e-12
33250.056 3.870860888961081e-12
33300.056 2.335635333282021e-11
33350.056 7.822331855166436e-11
33400.056 2.5513808971667614e-10
33450.056 2.127157035620275e-10
33500.056 6.834104632226144e-10
33550.056 1.7256243973251283e-10
33600.056 4.723005534577066e-10
33650.056 4.3131858396253164e-10
33700.056 1.9285404693691497e-10
33750.056 6.310238226761067e-10
33800.056 9.14692245173372e-11
33850.056 3.3340954648547677e-10
33900.056 3.4334556057045656e-10
33950.056 2.6853009863060796e-10
34000.056 5.867424309752533e-10
34050.056 1.0618679758893394e-10
34100.056 5.252087545041833e-10
34150.056 2.425291521637946e-10
34200.056 5.711405762342792e-10
34250.056 3.727980611630907e-10
34300.056 3.544482397106552e-10
34350.056 6.201516688241052e-10
34400.056 2.2605292688898954e-10
34450.056 6.44970331266842e-10
34500.056 3.7016193818224026e-10
34550.056 2.1908215513169524e-10
34600.056 9.72531377636259e-10
34650.056 2.138744380938175e-10
34700.056 7.366782408370914e-10
34750.056 4.874971352198146e-10
34800.056 4.174162045820532e-10
34850.056 1.0787919571814346e-09
34900.056 3.870464150537624e-10
34950.056 9.874458994754693e-10
35000.056 1.89478990607757e-09
35050.056 8.12813174499914e-10
35100.056 1.8328362445433142e-09
35150.056 1.5039287615160393e-09
35200.056 1.3099103129761049e-09
35250.056 2.3221710563424375e-09
35300.056 1.0561760618616438e-09
35350.056 1.3360831544673853e-09
35400.056 1.1984328894528734e-09
35450.056 9.333496065837652e-10
35500.056 3.143520033581972e-09
35550.056 1.955267455950434e-09
35600.056 2.0287621604246378e-09
35650.056 2.138523887537894e-09
35700.056 2.2304497799045828e-09
35750.056 3.269291651355591e-09
35800.056 3.224328673551571e-09
35850.056 1.293258670615826e-09
35900.056 1.8168612341331163e-09
35950.056 2.265494009177927e-09
36000.056 2.556179825075292e-09
36050.056 1.8540892308839137e-09
36100.056 1.7651338078590048e-09
36150.056 3.4184978439946488e-09
36200.056 3.776777072340907e-09
36250.056 2.6873706889354772e-09
36300.056 5.531898668178652e-09
36350.056 3.4144252151804214e-09
36400.056 5.047389430373685e-09
36450.056 5.194334614219964e-09
36500.056 5.870847016884115e-09
36550.056 7.369893070043851e-09
36600.056 8.12466226536053e-09
36650.056 6.275177407279545e-09
36700.056 6.6860906212964814e-09
36750.056 8.285544197685728e-09
36800.056 9.393397900837235e-09
36850.056 5.6276287792395045e-09
36900.056 8.935841652136531e-09
36950.056 9.535486193329007e-09
37000.056 6.879865987556921e-09
37050.056 1.0222953308703255e-08
37100.056 7.890025599633666e-09
37150.056 7.480306180976131e-09
37200.056 1.1777751538956481e-08
37250.056 8.087069159296853e-09
37300.056 6.30126033062442e-09
37350.056 1.0074940467128493e-08
37400.056 1.5083182477363303e-08
37450.056 6.895823335285336e-09
37500.056 8.977140320933448e-09
37550.056 1.505571288755045e-08
37600.056 2.1100604288873504e-08
37650.056 7.747232478895752e-09
37700.056 1.4957785894333198e-08
37750.056 9.997746180035198e-09
37800.056 1.0351143336053902e-08
37850.056 5.667320918323547e-09
37900.056 7.47199654541863e-09
37950.056 1.3609245167327661e-08
38000.056 1.3202764458378226e-08
38050.056 1.721980086410824e-08
38100.056 2.0077127516502072e-08
38150.056 2.168896428969931e-08
38200.056 1.9346192318627912e-08
38250.056 1.9691124802639087e-08
38300.056 2.949436853881025e-08
38350.056 2.855528368925145e-08
38400.056 1.306505380597641e-08
38450.056 7.919352827699223e-09
38500.056 5.065888156183848e-09
38550.056 1.4222987954004677e-08
38600.056 1.4604306059034948e-08
38650.056 1.6743254920336464e-08
38700.056 1.3955660483498817e-08
38750.056 1.5110033806764218e-08
38800.056 1.5456435850137187e-08
38850.056 1.6926629423431278e-08
38900.056 2.2214378394930966e-08
38950.056 1.4136904839218516e-08
39000.056 2.1714799271324815e-08
39050.056 1.4554247600138963e-08
39100.056 1.9962125736658847e-08
39150.056 2.5068933568748352e-08
39200.056 1.890259858720817e-08
39250.056 2.8474091761250625e-08
39300.056 1.9689402851064087e-08
39350.056 3.3912660746059796e-08
39400.056 2.058635875686299e-08
39450.056 2.7803739687933076e-08
39500.056 2.8769474144367978e-08
39550.056 1.7035575404828473e-08
39600.056 2.8211536295211082e-08
39650.056 3.418637269559391e-08
39700.056 3.208925237770478e-08
39750.056 1.868957020085518e-08
39800.056 2.1689985036510114e-08
39850.056 3.9837978992004544e-08
39900.056 4.363822717950218e-08
39950.056 2.2949540489356053e-08
40000.056 3.803981574560276e-08
40050.056 3.8743183548198275e-08
40100.056 1.8174259991492174e-08
40150.056 3.7226637476581824e-08
40200.056 3.899390382078731e-08
40250.056 4.287624262339058e-08
40300.056 4.1827965779700744e-08
40350.056 2.998757289989295e-08
40400.056 4.181242538902546e-08
40450.056 2.4650534698830326e-08
40500.056 4.755047149219795e-08
40550.056 5.084701552845515e-08
40600.056 4.0815450643402875e-08
40650.056 3.327575990743773e-08
40700.056 6.11437863965945e-08
40750.056 4.1086374490989757e-08
40800.056 2.7961338682926498e-08
40850.056 6.895278557291919e-08
40900.056 5.7628972268177543e-08
40950.056 5.073091255252851e-08
41000.056 4.264779477235204e-08
41050.056 7.196195038637952e-08
41100.056 5.968627309879978e-08
41150.056 2.8789970617528724e-08
41200.056 7.139511142900765e-08
41250.056 5.5854282798533795e-08
41300.056 5.5930460828795884e-08
41350.056 7.375987550799363e-08
41400.056 6.36886480448034e-08
41450.056 8.162457775198516e-08
41500.056 5.4604776480043025e-08
41550.056 5.109852506787693e-08
41600.056 5.655023364660993e-08
41650.056 7.01265405529054e-08
41700.056 7.969709110497694e-08
41750.056 6.662789983678842e-08
41800.056 7.248895433071941e-08
41850.056 6.375286385554803e-08
41900.056 6.153365161247264e-08
41950.056 6.309666438880564e-08
42000.056 4.4111491117186126e-08
42050.056 4.793729934642921e-08
42100.056 5.946074422104029e-08
42150.056 5.484415356860215e-08
42200.056 5.86457323525979e-08
42250.056 5.213949338175526e-08
42300.056 5.0758017392739524e-08
42350.056 7.268736744620567e-08
42400.056 7.986939327401048e-08
42450.056 7.301262218302301e-08
42500.056 7.185288078199038e-08
42550.056 6.236227480098439e-08
42600.056 6.991022004042859e-08
42650.056 1.0381968595896488e-07
42700.056 5.78579502697178e-08
42750.056 7.096008983700987e-08
42800.056 9.687249134901448e-08
42850.056 1.0168375155496917e-07
42900.056 1.093861638974224e-07
42950.056 8.450927493998634e-08
43000.056 9.624364489601389e-08
43050.056 5.273968334400888e-08
43100.056 8.033598304148903e-08
43150.056 6.679032384610908e-08
43200.056 9.904420605000773e-08
43250.056 1.2762176862700744e-07
43300.056 1.2182372981799834e-07
43350.056 6.758482746328073e-08
43400.056 9.53386466499027e-08
43450.056 6.561351414060644e-08
43500.056 6.659799774331634e-08
43550.056 7.342171074011166e-08
43600.056 1.1162012051401438e-07
43650.056 7.280112489660201e-08
43700.056 1.278136211490267e-07
43750.056 1.1045105367599677e-07
43800.056 1.0149706394319079e-07
43850.056 8.947763201000847e-08
43900.056 7.795891664318984e-08
43950.056 5.116517222599453e-08
44000.056 5.084818886329727e-08
44050.056 1.1796498795800185e-07
44100.056 1.536238617119982e-07
44150.056 1.3831434513319962e-07
44200.056 1.2241769824600007e-07
44250.056 7.079171832299688e-08
44300.056 5.822155711711006e-08
44350.056 6.572379962503653e-08
44400.056 6.07562837088931e-08
44450.056 1.0372511418999841e-07
44500.056 9.616394144561863e-08
44550.056 1.3531072221298809e-07
44600.056 1.1822930688409987e-07
44650.056 1.0381271102811239e-07
44700.056 6.965225965799639e-08
44750.056 1.0804205254602346e-07
44800.056 7.625904450280791e-08
44850.056 1.0424308447400812e-07
44900.056 8.768909770760444e-08
44950.056 1.0404394496360879e-07
45000.056 1.1940269968500478e-07
45050.056 1.0858332841098658e-07
45100.056 9.946860013000166e-08
45150.056 9.261614446888308e-08
45200.056 7.258757465620555e-08
45250.056 8.457724521057643e-08
45300.056 7.493542302241186e-08
45350.056 6.543475675801655e-08
45400.056 1.5069675315801852e-07
45450.056 1.2367526946401118e-07
45500.056 1.4842098400000865e-07
45550.056 1.5517074659995445e-07
45600.056 1.3986281158902628e-07
45650.056 1.1283747286780129e-07
45700.056 7.610736156379517e-08
45750.056 7.15618985756034e-08
45800.056 1.614380789510035e-07
45850.056 1.322514149639922e-07
45900.056 1.6058527066999176e-07
45950.056 1.3414770720099818e-07
46000.056 1.5108921302201535e-07
46050.056 1.1205508352690644e-07
46100.056 1.7651062092998403e-07
46150.056 1.0619114461600567e-07
46200.056 9.296195057178824e-08
46250.056 4.161515064558443e-08
46300.056 1.0962357800420144e-07
46350.056 1.1490374918401494e-07
46400.056 1.0244975417400231e-07
46450.056 9.424133492030716e-08
46500.056 1.0826538075552485e-07
46550.056 6.046128954450404e-08
46600.056 8.946328716198733e-08
46650.056 1.3738010882300905e-07
46700.056 8.855921978397598e-08
46750.056 4.903872639950807e-08
46800.056 3.321172225910093e-08
46850.056 1.3323557602002112e-07
46900.056 1.3006157298599577e-07
46950.056 1.2789830285098823e-07
47000.056 1.2318130699802088e-07
47050.056 9.199942965212189e-08
47100.056 6.395299875340843e-08
47150.056 9.88435446570148e-08
47200.056 1.151877706709949e-07
47250.056 6.652071487949195e-08
47300.056 4.437600478478825e-08
47350.056 1.3449238590100039e-07
47400.056 1.1513809512498884e-07
47450.056 9.799511830527135e-08
47500.056 1.3853858061298663e-07
47550.056 1.1898580443000679e-07
47600.056 1.1377897199199225e-07
47650.056 1.1642702168471413e-07
47700.056 9.112032392451317e-08
47750.056 6.772321370020324e-08
47800.056 5.847176466300735e-08
47850.056 3.089087194341594e-08
47900.056 4.7623125235695016e-08
47950.056 1.0069949490600633e-07
48000.056 1.3954286999301137e-07
48050.056 1.172492505474001e-07
48100.056 5.078446728592569e-08
48150.056 9.073958720200246e-08
48200.056 6.368447047981918e-08
48250.056 7.764097731700106e-08
48300.056 1.313206809039846e-07
48350.056 7.830238181199517e-08
48400.056 2.3437255950277914e-08
48450.056 4.8541165475222323e-08
48500.056 7.766614568898183e-08
48550.056 8.179921459800732e-08
48600.056 1.0032058255699954e-07
48650.056 1.2761489391099016e-07
48700.056 8.599318193501097e-08
48750.056 5.7718709034624244e-08
48800.056 1.1533113386900263e-07
48850.056 6.324114318978882e-08
48900.056 8.756577227619158e-08
48950.056 4.8629481762401395e-08
49000.056 2.51868237267227e-08
49050.056 7.810095544918887e-08
49100.056 9.864389525871867e-08
49150.056 7.33131720702469e-08
49200.056 1.1474728715502137e-07
49250.056 1.1460021806901062e-07
49300.056 9.621061786499858e-08
49350.056 3.958737173038939e-08
49400.056 5.9132807891184386e-08
49450.056 5.849685616396605e-08
49500.056 4.549886874625491e-08
49550.056 1.1288572115650514e-08
49600.056 3.0924497127425885e-08
49650.056 6.482319555700077e-08
49700.056 6.970055267867647e-08
49750.056 7.254773020199773e-08
49800.056 4.7868628154979624e-08
49850.056 9.56740048444173e-08
49900.056 7.725304239199256e-08
49950.056 7.694353966700115e-08
50000.056 6.040279053226357e-08
50050.056 7.447017723700172e-08
50100.056 5.826974503899701e-08
50150.056 2.8992306519294162e-08
50200.056 5.976625551198545e-09
50250.056 3.470847635499813e-08
50300.056 2.2947935013223627e-08
50350.056 6.911657270831004e-08
50400.056 7.010705507819142e-08
50450.056 5.308224706660324e-08
50500.056 8.177840616610621e-08
50550.056 7.059725448800528e-08
50600.056 5.198540695908579e-08
50650.056 8.55099846630141e-08
50700.056 8.51787524239853e-08
50750.056 5.547147560900541e-08
50800.056 2.0621786465100142e-08
50850.056 1.2027651923465751e-08
50900.056 6.403528415200202e-08
50950.056 5.4140363329997135e-08
51000.056 4.5793496142463786e-08
51050.056 6.453713885899139e-08
51100.056 2.47144947447193e-08
51150.056 2.9762058344103483e-08
51200.056 8.204383511599728e-08
51250.056 5.621596500187024e-08
51300.056 3.8777989794915544e-08
51350.056 3.7975083243645193e-08
51400.056 1.39891292314721e-08
51450.056 1.0961365198633218e-08
51500.056 1.0723586800702569e-08
51550.056 3.9561336719485966e-08
51600.056 3.1883512657208125e-08
51650.056 4.036646096999576e-08
51700.056 4.362651414035808e-08
51750.056 2.8283616606330675e-08
51800.056 5.1376665921991525e-08
51850.056 4.192568047549695e-08
51900.056 5.5476962185997704e-08
51950.056 3.249185342749624e-08
52000.056 3.79945362000455e-09
52050.056 1.8113632950202587e-08
52100.056 1.0901752606198454e-08
52150.056 6.454857819445692e-09
52200.056 1.7595169574999817e-08
52250.056 2.6819834304507317e-08
52300.056 3.731085964519787e-08
52350.056 1.347911393414655e-08
52400.056 1.3485124484780409e-08
52450.056 4.4353244401003845e-08
52500.056 3.4709972673450024e-08
52550.056 3.833749482999681e-08
52600.056 2.855382121659945e-08
52650.056 3.4136891004203426e-08
52700.056 2.4860764245098808e-08
52750.056 1.036970359131949e-08
52800.056 1.842132322560265e-08
52850.056 2.1265045950693776e-08
52900.056 1.0293259021157602e-08
52950.056 1.5993179491061925e-08
53000.056 2.6918481738805292e-08
53050.056 1.0725971565236817e-08
53100.056 3.1591780482796516e-08
53150.056 3.425336104100258e-08
53200.056 1.5422521295709196e-08
53250.056 3.128349520980169e-08
53300.056 3.821846627419457e-08
53350.056 2.9116974590401612e-08
53400.056 1.9541266690195696e-08
53450.056 7.3636669733174145e-09
53500.056 1.4504528853024563e-09
