galfind/configs/Brown_Dwarf_templates/sonora_bobcat/m0.0/100g/sp_t475g100nc_m0.0_resample.dat
# %ECSV 1.0
# ---
# datatype:
# - {name: wav, unit: Angstrom, datatype: float64}
# - {name: flux_nu, unit: erg / (cm2 Hz s), datatype: float64}
# meta: {C/O: '1.00', Kzz: '1.0000E+05', Teff: '475.', Y: '0.28', '[Fe/H]': '0.00', f_hole: '1.00', f_rain: '0.00', grav: '100.'}
# schema: astropy-2.0
wav flux_nu
4000.0559999999996 nan
4050.0559999999996 3.42546876174621e-17
4100.056 7.18674516906015e-15
4150.056 6.994196327100075e-14
4200.056 6.906041407701879e-14
4250.056 5.738120948500041e-13
4300.056 1.242045262110012e-12
4350.056 2.08939032640001e-12
4400.056 3.237646352000016e-12
4450.056 4.826306009000023e-12
4500.056 6.4631327994000494e-12
4550.056 6.1311810640219375e-12
4600.056 1.1878377038699942e-12
4650.056 6.538047109499959e-13
4700.056 2.864231518599974e-13
4750.056 8.058195097199904e-14
4800.056 2.5131059507999757e-14
4850.056 8.39268388479992e-15
4900.056 3.777386842399979e-15
4950.056 2.1545988751999906e-15
5000.056 1.2517533428799916e-15
5050.056 8.869704181800026e-16
5100.056 9.543778560200091e-16
5150.056 1.0828115419400062e-15
5200.056 1.2282599099000032e-15
5250.056 1.3785242316000018e-15
5300.056 1.5493845334000023e-15
5350.056 1.7473464295000023e-15
5400.056 1.9547188235000032e-15
5450.056 2.1968934262000123e-15
5500.056 2.4679419450000115e-15
5550.056 2.7552493942000044e-15
5600.056 3.0290916485000033e-15
5650.056 3.253170934099998e-15
5700.056 3.3293431921000018e-15
5750.056 3.2761158035000004e-15
5800.056 2.9470229596999924e-15
5850.056 2.0947005235099733e-15
5900.056 6.591833497876248e-16
5950.056 4.122662313700123e-15
6000.056 8.752171639099952e-15
6050.056 1.5682982467300228e-14
6100.056 2.5209563584000232e-14
6150.056 3.799277586100024e-14
6200.056 5.5230927625000295e-14
6250.056 7.695418193200017e-14
6300.056 1.0698926701300014e-13
6350.056 1.4585185938000054e-13
6400.056 1.9576834344000092e-13
6450.056 2.4310948965999594e-13
6500.056 3.2273974497600026e-13
6550.056 4.3713104007999205e-13
6600.056 5.94286438120019e-13
6650.056 8.157255071600067e-13
6700.056 1.0615629863900087e-12
6750.056 1.4674809239000076e-12
6800.056 1.8042543209000177e-12
6850.056 1.9777447163000026e-12
6900.056 1.7696748681000386e-12
6950.056 1.5021076375999897e-12
7000.056 1.6475210261899932e-12
7050.056 1.7560587125899777e-12
7100.056 1.958468460629968e-12
7150.056 1.720011137847144e-12
7200.056 1.571353501931811e-12
7250.056 1.7519254705505507e-12
7300.056 1.8031827938168051e-12
7350.056 2.0783961232685416e-12
7400.056 2.349902865820116e-12
7450.056 2.717167995780148e-12
7500.056 2.9832781646999934e-12
7550.056 3.086611764799995e-12
7600.056 2.9714725871999907e-12
7650.056 1.1557661550789585e-12
7700.056 9.17505517314033e-13
7750.056 3.3009130936000423e-12
7800.056 4.654246752379991e-12
7850.056 6.604139345199983e-12
7900.056 8.367360297399823e-12
7950.056 9.333959960400008e-12
8000.056 1.2268001158700104e-11
8050.056 1.4551854364300263e-11
8100.056 1.3509587857979488e-11
8150.056 1.3494233817870747e-11
8200.056 2.0363668240883853e-11
8250.056 2.2790876989678125e-11
8300.056 2.7732574805092338e-11
8350.056 3.112719303000166e-11
8400.056 3.770946686452034e-11
8450.056 5.008267871419935e-11
8500.056 5.859525565899787e-11
8550.056 7.622093752000117e-11
8600.056 9.513627630400087e-11
8650.056 1.1301398809000137e-10
8700.056 1.266337407000015e-10
8750.056 1.4698502196000086e-10
8800.056 1.6177163927800103e-10
8850.056 1.5259927272699523e-10
8900.056 5.936905856589479e-11
8950.056 6.118968294304919e-11
9000.056 5.6666090481431635e-11
9050.056 1.551250815174753e-10
9100.056 1.9243013141152807e-10
9150.056 2.287434586135132e-10
9200.056 3.4971052912131386e-10
9250.056 3.308793992924128e-10
9300.056 5.1940577936796165e-11
9350.056 6.913975128889452e-11
9400.056 1.6863974514598076e-10
9450.056 1.896356112858804e-10
9500.056 1.6229206314825498e-10
9550.056 1.8556916749295084e-10
9600.056 1.8785869219664392e-10
9650.056 2.783636596462531e-10
9700.056 5.191560193413187e-10
9750.056 5.048073450629167e-10
9800.056 5.855924621027469e-10
9850.056 6.82030124993707e-10
9900.056 9.079319491955911e-10
9950.056 9.322451360100792e-10
10000.056 9.779802185969337e-10
10050.056 1.2961647870300418e-09
10100.056 1.5854678152899644e-09
10150.056 1.6066040812100023e-09
10200.056 1.5460926879661498e-09
10250.056 1.914419726957844e-09
10300.056 2.545685268222344e-09
10350.056 2.4430873636730156e-09
10400.056 3.7063351199602536e-09
10450.056 4.733017599809009e-09
10500.056 5.774738201909906e-09
10550.056 7.053375613800156e-09
10600.056 7.776425887099883e-09
10650.056 8.290556382400249e-09
10700.056 8.0483621762201e-09
10750.056 8.347992136110102e-09
10800.056 8.074552746204101e-09
10850.056 7.218130062570182e-09
10900.056 5.174234992826813e-09
10950.056 2.4435309082250063e-09
11000.056 1.4539609736624228e-09
11050.056 7.840133770672574e-10
11100.056 4.0665941538145175e-10
11150.056 1.5502794529029589e-10
11200.056 1.0135624053663288e-10
11250.056 1.2233451662175155e-10
11300.056 1.9741451602787052e-10
11350.056 5.492463846646081e-11
11400.056 2.2060385971034218e-10
11450.056 1.44369677615662e-10
11500.056 1.0715574084346398e-10
11550.056 2.2910909118833274e-11
11600.056 1.6072110047805125e-11
11650.056 6.397984794044137e-11
11700.056 7.666136850216853e-11
11750.056 1.5289746701989614e-11
11800.056 1.0085028153342017e-10
11850.056 1.6547959078248535e-10
11900.056 1.864434718459504e-10
11950.056 3.1168515985436775e-10
12000.056 5.391735725797525e-10
12050.056 9.214110866933442e-10
12100.056 1.4135097790065518e-09
12150.056 2.186779524374075e-09
12200.056 2.763234885282976e-09
12250.056 4.249019126649174e-09
12300.056 6.5500562836778725e-09
12350.056 7.275313731325883e-09
12400.056 1.0809386205159438e-08
12450.056 1.476211017514094e-08
12500.056 1.677417310930207e-08
12550.056 1.973240512019976e-08
12600.056 2.2842716426401577e-08
12650.056 2.4003548749699067e-08
12700.056 2.3853331883801504e-08
12750.056 1.833374247372199e-08
12800.056 1.4075678252019724e-08
12850.056 8.570452822851677e-09
12900.056 6.390815531600806e-09
12950.056 5.136270702114054e-09
13000.056 5.1945981434411175e-09
13050.056 3.238663583086866e-09
13100.056 2.9282352134256285e-09
13150.056 1.8147773238009903e-09
13200.056 1.7146443608348603e-09
13250.056 1.260556315691659e-09
13300.056 4.643512565421321e-10
13350.056 1.3829368000168828e-10
13400.056 6.779178438808856e-11
13450.056 2.1181238801410946e-11
13500.056 8.161733100634898e-12
13550.056 3.0439580856809087e-12
13600.056 6.522284688772417e-13
13650.056 5.193245466337875e-12
13700.056 2.7040101794822833e-12
13750.056 5.920744485639731e-12
13800.056 5.346077638458131e-12
13850.056 2.8297031017014505e-12
13900.056 4.4329940761453115e-12
13950.056 3.546851631266859e-12
14000.056 4.204288268813119e-12
14050.056 7.315541464442961e-12
14100.056 7.306667267068237e-12
14150.056 1.504049283838252e-11
14200.056 9.122522712092769e-12
14250.056 1.3261964551269428e-11
14300.056 3.545482975736975e-11
14350.056 3.4031443782573435e-11
14400.056 3.629696304069313e-11
14450.056 6.152446022824798e-11
14500.056 1.3444614403293343e-10
14550.056 1.4392222407120024e-10
14600.056 1.8553485467000523e-10
14650.056 1.0740712315912176e-10
14700.056 4.901063854607168e-11
14750.056 2.5131091084966808e-11
14800.056 4.688488776158058e-11
14850.056 6.153255677781603e-11
14900.056 6.223169653654443e-11
14950.056 4.744405283683864e-11
15000.056 1.2798518990543448e-10
15050.056 1.0486476321035941e-10
15100.056 6.714833903910407e-11
15150.056 4.295647005675955e-11
15200.056 1.0323521689647311e-10
15250.056 2.351699654748954e-10
15300.056 2.966822570306616e-10
15350.056 4.0123013490248497e-10
15400.056 5.602349185119908e-10
15450.056 7.736388824904393e-10
15500.056 9.098569136582309e-10
15550.056 1.590333796337891e-09
15600.056 2.2629059848164385e-09
15650.056 3.5255160279999595e-09
15700.056 5.2602763203940735e-09
15750.056 6.734095911539839e-09
15800.056 7.80423764236013e-09
15850.056 9.234996290281157e-09
15900.056 8.917715735540147e-09
15950.056 8.70063019079907e-09
16000.056 6.58682607210081e-09
16050.056 3.735610767479593e-09
16100.056 2.244297051031704e-09
16150.056 1.1506882432962751e-09
16200.056 5.792175265011472e-10
16250.056 3.713452461939591e-10
16300.056 2.2428890623803746e-10
16350.056 2.8862623026811645e-10
16400.056 3.6358785162848187e-10
16450.056 3.1842276322390833e-10
16500.056 2.760635680199334e-10
16550.056 2.798758755181405e-10
16600.056 4.4266669642654854e-10
16650.056 3.2011726854903144e-10
16700.056 4.520079336460466e-11
16750.056 1.5969577960696924e-10
16800.056 2.7062347008894036e-10
16850.056 3.1047884286862064e-10
16900.056 1.4960421698849868e-10
16950.056 8.820202075966615e-11
17000.056 4.694469048037149e-11
17050.056 1.0144224917405905e-10
17100.056 1.8580491459134907e-10
17150.056 9.769559699018515e-11
17200.056 3.464235418711463e-10
17250.056 1.8932800612151865e-10
17300.056 1.1781152434719777e-10
17350.056 1.3050752421750822e-10
17400.056 2.3022902574548928e-10
17450.056 3.070304025117237e-10
17500.056 4.11920696690006e-10
17550.056 3.682845681459115e-10
17600.056 2.774876072907055e-10
17650.056 2.4470613249803556e-10
17700.056 1.8755396799068368e-10
17750.056 1.8062806346639793e-10
17800.056 4.202645830937046e-10
17850.056 1.9603664801426662e-10
17900.056 1.41441374062619e-10
17950.056 1.092837959864487e-10
18000.056 1.7662986565955885e-10
18050.056 1.3122050738670446e-10
18100.056 1.656852440510387e-10
18150.056 1.4328934366276892e-10
18200.056 9.63691626529897e-11
18250.056 3.3056283263194833e-10
18300.056 7.672798648037625e-11
18350.056 5.948559034567593e-11
18400.056 4.3662595985482664e-11
18450.056 1.8426587179126691e-10
18500.056 1.8040394872713265e-10
18550.056 1.0347931582773079e-10
18600.056 1.322891624342082e-10
18650.056 9.174174471290115e-11
18700.056 2.7576335027270653e-11
18750.056 6.507670390651521e-11
18800.056 2.8041479508816135e-10
18850.056 2.8002202080970806e-10
18900.056 2.404376505205274e-10
18950.056 3.8860052061930405e-10
19000.056 1.1973256842344073e-10
19050.056 5.568237846009119e-11
19100.056 1.2864528149360504e-10
19150.056 5.682960886764218e-11
19200.056 8.181475743100005e-11
19250.056 5.941073194601907e-11
19300.056 4.084191948365385e-11
19350.056 3.48613253714643e-11
19400.056 3.131757606433778e-11
19450.056 5.5020771902356654e-11
19500.056 3.559750120450546e-11
19550.056 5.664307570814382e-11
19600.056 1.309590125455336e-10
19650.056 8.790066572185461e-11
19700.056 1.0805510966224313e-10
19750.056 1.8417924648939393e-10
19800.056 1.2593091487612838e-10
19850.056 1.5950510785395898e-10
19900.056 2.0889514798119298e-10
19950.056 2.9941552800094215e-10
20000.056 3.9434253767073937e-10
20050.056 2.9682784818951307e-10
20100.056 5.31711287461962e-10
20150.056 2.795076481147395e-10
20200.056 2.0545372159071578e-10
20250.056 4.2483388995109706e-10
20300.056 5.083391029879965e-10
20350.056 5.457375775981676e-10
20400.056 4.663275538240535e-10
20450.056 8.229839221131551e-10
20500.056 9.830114478078632e-10
20550.056 1.1234159771911975e-09
20600.056 1.1934031108745123e-09
20650.056 1.5230239771577583e-09
20700.056 1.714360738110293e-09
20750.056 1.9650698510766716e-09
20800.056 1.927464891872603e-09
20850.056 2.240733722290119e-09
20900.056 2.423900527739507e-09
20950.056 2.3312505912001954e-09
21000.056 2.298976420010295e-09
21050.056 2.4454555376096705e-09
21100.056 2.307314468590181e-09
21150.056 2.319084424629696e-09
21200.056 2.1542773217543378e-09
21250.056 1.9931895047904917e-09
21300.056 1.678709433777039e-09
21350.056 1.663292535819909e-09
21400.056 1.5974272659577753e-09
21450.056 1.281818456902859e-09
21500.056 1.1240159774196402e-09
21550.056 1.0028798358969022e-09
21600.056 8.406061466062327e-10
21650.056 6.105978830116512e-10
21700.056 5.471161947146825e-10
21750.056 5.171250901629558e-10
21800.056 3.581184409144583e-10
21850.056 3.448581668256342e-10
21900.056 2.3953074820323667e-10
21950.056 9.059201663014781e-11
22000.056 1.6920361555315943e-11
22050.056 2.2069095320064796e-11
22100.056 8.785217116113224e-11
22150.056 7.303727926165965e-11
22200.056 7.799755336612782e-11
22250.056 6.202453449814874e-11
22300.056 3.172030900360562e-11
22350.056 4.169645539773345e-11
22400.056 1.5820105590605722e-11
22450.056 2.2914793757772523e-11
22500.056 1.7991995474573663e-11
22550.056 1.0843839230140159e-11
22600.056 8.571206653108751e-12
22650.056 1.7049198897529536e-11
22700.056 1.3582854413774326e-11
22750.056 1.644584951144538e-11
22800.056 1.773152170537279e-11
22850.056 1.2712442124860115e-11
22900.056 9.143711544873969e-12
22950.056 8.008782635849846e-12
23000.056 1.101500252720373e-11
23050.056 1.4213543447689777e-11
23100.056 7.02949474798285e-11
23150.056 6.650062314478253e-11
23200.056 3.1455073099052225e-12
23250.056 1.1969654517596003e-11
23300.056 1.1227958053028814e-11
23350.056 1.6809749052703598e-11
23400.056 1.340250719226426e-11
23450.056 8.5355092205589e-12
23500.056 9.358088891196494e-12
23550.056 1.8212070404113663e-11
23600.056 3.4322543848301124e-11
23650.056 4.9702701151439027e-11
23700.056 1.0516683777498071e-11
23750.056 9.412760057647931e-12
23800.056 3.854691225559753e-11
23850.056 2.7607504199085247e-11
23900.056 6.107412373524225e-11
23950.056 3.615945340249966e-11
24000.056 7.39055999242053e-11
24050.056 9.073084046505812e-11
24100.056 1.0122725883242931e-10
24150.056 1.4719992921929649e-10
24200.056 9.823728222572299e-11
24250.056 7.978409535753221e-11
24300.056 1.4292814376438836e-10
24350.056 1.1753319534272067e-10
24400.056 2.528290949095919e-10
24450.056 2.828342796630512e-10
24500.056 2.5513338532632876e-10
24550.056 3.8410060537796395e-10
24600.056 4.041466407394549e-10
24650.056 6.24142148841225e-10
24700.056 3.666106352216491e-10
24750.056 4.871241593924055e-10
24800.056 4.327248147315732e-10
24850.056 7.329399105949283e-10
24900.056 3.256259177071717e-10
24950.056 6.874649325139024e-10
25000.056 6.618074591299118e-10
25050.056 4.185668632858052e-10
25100.056 6.697813130074454e-10
25150.056 3.134369685256267e-10
25200.056 4.749911944423159e-10
25250.056 1.9328834665709512e-10
25300.056 2.8871090493800015e-10
25350.056 1.2988621493148271e-10
25400.056 3.3754196898924107e-10
25450.056 1.0316343677900904e-10
25500.056 8.802024645655306e-11
25550.056 1.7722465949693989e-10
25600.056 9.172130452762447e-11
25650.056 4.822591731071765e-11
25700.056 6.335791712463928e-11
25750.056 1.6551172317688374e-11
25800.056 9.638157157023863e-11
25850.056 1.7034548616799538e-11
25900.056 2.455088081438489e-11
25950.056 5.857907316423434e-12
26000.056 8.655487980584878e-11
26050.056 9.753476552576423e-12
26100.056 5.2774134025259955e-11
26150.056 2.276417868415148e-11
26200.056 3.0346989071035574e-11
26250.056 2.1208772784965664e-10
26300.056 4.392916501302553e-11
26350.056 3.297509229414437e-10
26400.056 4.664108044230495e-10
26450.056 3.400467898046885e-10
26500.056 7.134379467679027e-10
26550.056 8.308794219114178e-11
26600.056 1.0804192455295187e-10
26650.056 1.4447866851905119e-11
26700.056 8.300647993772051e-12
26750.056 1.1949095713116082e-11
26800.056 3.954696632506664e-11
26850.056 2.1313125058335655e-11
26900.056 1.1541300402366617e-10
26950.056 3.599475715460758e-11
27000.056 2.1600333134502134e-10
27050.056 2.3925427975190477e-10
27100.056 2.8796494745437e-11
27150.056 3.000512757278374e-10
27200.056 2.82865692860186e-11
27250.056 1.0116126309892232e-10
27300.056 7.202368620200744e-10
27350.056 2.444268435575797e-10
27400.056 1.172422387796225e-11
27450.056 3.1583955375991244e-10
27500.056 3.7603849985857405e-10
27550.056 5.611732134934834e-11
27600.056 1.7349655417907518e-10
27650.056 4.274217284855342e-11
27700.056 3.7036564290163575e-11
27750.056 2.602606662556927e-10
27800.056 6.932749188331322e-11
27850.056 1.2051308578633477e-10
27900.056 1.1909736532998412e-10
27950.056 3.2492158048497853e-10
28000.056 2.9181695955845775e-10
28050.056 3.319363036448854e-11
28100.056 2.772548643084522e-10
28150.056 2.0899024632921483e-10
28200.056 5.451362874209286e-11
28250.056 3.879486815052001e-10
28300.056 3.5989560488870986e-10
28350.056 7.285943207429284e-11
28400.056 2.5935714390660767e-10
28450.056 4.552766711173152e-10
28500.056 2.821580712213692e-10
28550.056 5.917858419457108e-11
28600.056 4.759042776665993e-10
28650.056 3.107684103407223e-10
28700.056 4.5863216234841214e-10
28750.056 6.686081764240842e-10
28800.056 2.9519149861207174e-10
