galfind/configs/Brown_Dwarf_templates/sonora_bobcat/m0.0/100g/sp_t275g100nc_m0.0_resample.dat
# %ECSV 1.0
# ---
# datatype:
# - {name: wav, unit: Angstrom, datatype: float64}
# - {name: flux_nu, unit: erg / (cm2 Hz s), datatype: float64}
# meta: {C/O: '1.00', Kzz: '1.0000E+05', Teff: '275.', Y: '0.28', '[Fe/H]': '0.00', f_hole: '1.00', f_rain: '0.00', grav: '100.'}
# schema: astropy-2.0
wav flux_nu
4000.0559999999996 nan
4050.0559999999996 1.4635591825010284e-19
4100.056 3.3811328259400493e-18
4150.056 1.7313039953100145e-17
4200.056 2.1131119873000118e-17
4250.056 1.1901753411900087e-16
4300.056 2.6063813166000096e-16
4350.056 4.782349428000019e-16
4400.056 7.869774695900015e-16
4450.056 1.2263820261800013e-15
4500.056 1.9882354381000066e-15
4550.056 2.6419196013000004e-15
4600.056 2.1731544426999993e-15
4650.056 2.021177703299997e-15
4700.056 1.5938329886999976e-15
4750.056 1.123580160499998e-15
4800.056 8.086075531099973e-16
4850.056 4.686688014799973e-16
4900.056 3.025245787899993e-16
4950.056 2.2241457680999975e-16
5000.056 1.478468740599994e-16
5050.056 1.0530359317600046e-16
5100.056 1.2309717929600136e-16
5150.056 1.549676335600002e-16
5200.056 1.8849007648000057e-16
5250.056 2.1917563958000036e-16
5300.056 2.5501950389000057e-16
5350.056 2.9708237491000044e-16
5400.056 3.327953908700007e-16
5450.056 3.8442837763000276e-16
5500.056 4.51615009420001e-16
5550.056 5.289966625900006e-16
5600.056 6.028005484000009e-16
5650.056 6.646754138600001e-16
5700.056 6.661639939900014e-16
5750.056 6.86264415640001e-16
5800.056 6.346507289599978e-16
5850.056 4.127637168499935e-16
5900.056 8.762945158120821e-17
5950.056 7.305498758300294e-16
6000.056 1.7606137925899914e-15
6050.056 3.4969982900000333e-15
6100.056 5.961053310200053e-15
6150.056 9.255734077000056e-15
6200.056 1.357926835500007e-14
6250.056 1.8168026855e-14
6300.056 2.5142712438e-14
6350.056 3.407298268399999e-14
6400.056 4.49847599750001e-14
6450.056 4.6552403755999135e-14
6500.056 5.815436308330095e-14
6550.056 8.071723340099729e-14
6600.056 1.1439138616500291e-13
6650.056 1.7194859169500165e-13
6700.056 2.426656460200015e-13
6750.056 3.4207071765000204e-13
6800.056 4.03820135380002e-13
6850.056 4.1369671946999985e-13
6900.056 3.0307497634400026e-13
6950.056 1.775648429785045e-13
7000.056 2.2358393326199117e-13
7050.056 2.2314959853780257e-13
7100.056 2.62583242116996e-13
7150.056 1.658468259396131e-13
7200.056 8.072143530670331e-14
7250.056 9.897177517345748e-14
7300.056 1.0884630365746123e-13
7350.056 1.8465276763208437e-13
7400.056 2.8913118822121024e-13
7450.056 4.952560460800228e-13
7500.056 7.047440655900027e-13
7550.056 8.837370977600025e-13
7600.056 9.870247375200002e-13
7650.056 5.71710749898989e-13
7700.056 5.934571580800124e-13
7750.056 1.2601349662000104e-12
7800.056 1.4663645983900004e-12
7850.056 1.6098809891799689e-12
7900.056 1.7830963519699798e-12
7950.056 2.053472765459991e-12
8000.056 2.2045459098200027e-12
8050.056 2.4064987590300282e-12
8100.056 1.1729995062210257e-12
8150.056 4.628069730107973e-13
8200.056 1.400202992984528e-12
8250.056 1.4698308771605016e-12
8300.056 1.3802280554286793e-12
8350.056 1.5003077420934066e-12
8400.056 2.060598366826678e-12
8450.056 3.677135906559999e-12
8500.056 4.860967076300005e-12
8550.056 6.393470008700107e-12
8600.056 7.888304628000038e-12
8650.056 8.518640717900021e-12
8700.056 7.202831984500024e-12
8750.056 6.650309551299996e-12
8800.056 5.1316213965998425e-12
8850.056 3.0148349156297917e-12
8900.056 1.2476372074889307e-13
8950.056 3.010603014497812e-14
9000.056 3.183603107006417e-14
9050.056 2.503494079862608e-13
9100.056 3.4971738052852296e-13
9150.056 6.343678890434913e-13
9200.056 2.11166709930856e-12
9250.056 1.3552623055058169e-12
9300.056 3.284263585186498e-15
9350.056 3.1439601678655766e-15
9400.056 6.938214211223467e-14
9450.056 3.56941372995572e-14
9500.056 3.1186052737754755e-14
9550.056 2.7659507432123028e-14
9600.056 5.174405193662177e-14
9650.056 1.8132912434996624e-13
9700.056 1.2635084820116822e-12
9750.056 6.792368141126841e-13
9800.056 7.723166752803238e-13
9850.056 9.150183700082026e-13
9900.056 1.4357600857135784e-12
9950.056 1.3734310283811726e-12
10000.056 1.335124283561289e-12
10050.056 1.3858871298699855e-12
10100.056 1.1199633360099968e-12
10150.056 4.926745591960038e-13
10200.056 8.40375298174419e-14
10250.056 1.081173311385005e-13
10300.056 3.1687747119371025e-13
10350.056 9.058741694719686e-14
10400.056 5.072220962106523e-13
10450.056 1.0984717470118364e-12
10500.056 2.430936540349119e-12
10550.056 5.4637058848301086e-12
10600.056 7.994405594900318e-12
10650.056 8.595023235600008e-12
10700.056 6.6735620102998495e-12
10750.056 6.522956467089821e-12
10800.056 5.927787546952082e-12
10850.056 4.7509491762980895e-12
10900.056 3.4325342927219037e-12
10950.056 1.6932173842454727e-12
11000.056 7.464020569659594e-13
11050.056 2.8759998069023207e-13
11100.056 7.540948460020586e-14
11150.056 1.3142034521398402e-14
11200.056 3.5414798386132864e-15
11250.056 2.1333345860482232e-15
11300.056 1.227414401513056e-14
11350.056 1.0808100957155218e-15
11400.056 2.6211344477709846e-14
11450.056 1.0008466731354043e-14
11500.056 1.0522020741878602e-14
11550.056 1.515187050402823e-15
11600.056 1.9398342397036938e-16
11650.056 3.578662535829873e-15
11700.056 5.8804811582754446e-15
11750.056 1.3652023490492242e-15
11800.056 1.044359443350433e-14
11850.056 8.789098373426089e-15
11900.056 9.108881037947319e-15
11950.056 1.7434058752627148e-14
12000.056 2.665938505624688e-14
12050.056 4.5447238886911466e-14
12100.056 5.3177916565576316e-14
12150.056 7.649826402667964e-14
12200.056 8.284462365269179e-14
12250.056 2.538191883548619e-13
12300.056 6.693659484523933e-13
12350.056 8.96411735408362e-13
12400.056 2.0100908918719853e-12
12450.056 4.734499567110128e-12
12500.056 6.2334475013202445e-12
12550.056 6.9430714102900475e-12
12600.056 1.3168174020189274e-11
12650.056 2.6940593234090087e-11
12700.056 3.128937469440006e-11
12750.056 1.6265168101696274e-11
12800.056 7.350167730299013e-12
12850.056 2.573461271402906e-12
12900.056 1.3920748453008634e-12
12950.056 1.0138418036962989e-12
13000.056 1.1339479389115537e-12
13050.056 5.828211969585881e-13
13100.056 5.036526891032422e-13
13150.056 1.8868993036368268e-13
13200.056 2.7340165380399227e-13
13250.056 3.2944407829277755e-13
13300.056 1.0620850265414951e-13
13350.056 5.028249172915124e-14
13400.056 1.7385248357861666e-14
13450.056 2.0815238945116675e-15
13500.056 2.372191384998829e-16
13550.056 1.8603647266172447e-17
13600.056 9.313685082043686e-19
13650.056 1.4709958068980742e-17
13700.056 4.359422797691691e-18
13750.056 5.050292845741884e-17
13800.056 4.330466767193086e-17
13850.056 1.058098755141934e-17
13900.056 4.991002285111569e-17
13950.056 2.740255574690981e-17
14000.056 8.89395967146775e-17
14050.056 9.851773473101165e-17
14100.056 1.2699388740309054e-16
14150.056 8.932451119491903e-16
14200.056 5.825744404124576e-16
14250.056 1.2574108642487704e-15
14300.056 5.632499754638142e-15
14350.056 4.121663712244399e-15
14400.056 3.853745581232082e-15
14450.056 1.099347709554173e-14
14500.056 3.2532602274202446e-14
14550.056 5.5344727049969815e-14
14600.056 6.768637917449586e-14
14650.056 1.5366827999695236e-14
14700.056 5.171229866373497e-15
14750.056 8.594546773776728e-16
14800.056 1.411397807536838e-15
14850.056 1.4731707409792652e-15
14900.056 1.1785604112192215e-15
14950.056 5.337149354039482e-16
15000.056 2.814505165619092e-15
15050.056 5.408512370609786e-15
15100.056 1.0507792392233633e-15
15150.056 1.9912836155521028e-16
15200.056 3.2652775626423568e-15
15250.056 7.510527220071626e-15
15300.056 1.301904534773001e-14
15350.056 2.6094464955471222e-14
15400.056 2.419182915695452e-14
15450.056 4.5255636872829126e-14
15500.056 6.944872393909188e-14
15550.056 3.0657473800991084e-13
15600.056 7.223632606071473e-13
15650.056 1.9526336730305254e-12
15700.056 5.184731246948501e-12
15750.056 8.472106495790373e-12
15800.056 1.1615323764400544e-11
15850.056 1.7364384048322773e-11
15900.056 2.2500491843508685e-11
15950.056 3.193312717039925e-11
16000.056 2.990241278370077e-11
16050.056 1.902746922089865e-11
16100.056 9.082206670200032e-12
16150.056 3.451882176474432e-12
16200.056 1.0241823332735058e-12
16250.056 3.332983651014394e-13
16300.056 1.0328860436056143e-13
16350.056 1.3454788510572795e-13
16400.056 1.7073810189872835e-13
16450.056 1.6164841196109982e-13
16500.056 1.1150956851132333e-13
16550.056 1.012170892833601e-13
16600.056 4.924030583489707e-13
16650.056 2.1131912263868933e-13
16700.056 2.331681970800054e-14
16750.056 9.391075144153096e-14
16800.056 1.998220431424407e-13
16850.056 2.041468063244757e-13
16900.056 4.152593893768397e-14
16950.056 2.091892130060995e-14
17000.056 6.318555331016486e-15
17050.056 1.4497768211852398e-14
17100.056 5.785054502644477e-14
17150.056 2.3115649781744775e-14
17200.056 1.7530757323789292e-13
17250.056 2.5712914502159908e-14
17300.056 1.9543716561334097e-14
17350.056 3.6772802268073866e-14
17400.056 1.1589733822986554e-13
17450.056 1.5764313683534002e-13
17500.056 3.185180922341526e-13
17550.056 2.7625554719469095e-13
17600.056 2.450403188488161e-13
17650.056 1.1780691864223107e-13
17700.056 1.0008352874405644e-13
17750.056 8.102776259476098e-14
17800.056 3.742635529719428e-13
17850.056 7.802211715648559e-14
17900.056 5.129756034172746e-14
17950.056 3.566952635404018e-14
18000.056 7.243698949051035e-14
18050.056 3.7968540566350266e-14
18100.056 4.5617712019087746e-14
18150.056 1.689322693688244e-14
18200.056 1.2943286576976371e-14
18250.056 8.451332809497926e-14
18300.056 3.6956725379383955e-15
18350.056 3.16147875730179e-15
18400.056 9.786430748810959e-16
18450.056 2.3554789264199142e-14
18500.056 1.8858651505727668e-14
18550.056 6.36490474014492e-15
18600.056 2.1074035680011862e-14
18650.056 1.642577122721214e-14
18700.056 4.66761062508301e-16
18750.056 1.0269897865700367e-15
18800.056 6.017442776692935e-14
18850.056 4.287290414410336e-14
18900.056 7.043022044516627e-14
18950.056 8.075982693721171e-14
19000.056 6.234154203102983e-15
19050.056 2.3894504579517496e-15
19100.056 1.2940995361923196e-14
19150.056 4.477681433332725e-15
19200.056 1.3675366764724792e-14
19250.056 8.978356003333696e-15
19300.056 4.006402419261655e-15
19350.056 4.368981173289453e-15
19400.056 2.7649246842843804e-15
19450.056 3.717513871144557e-15
19500.056 2.1756912954786735e-15
19550.056 9.518539049910677e-15
19600.056 2.7778120002763875e-14
19650.056 1.593379834844604e-14
19700.056 2.8434366981543565e-14
19750.056 4.6931496692586147e-14
19800.056 2.2445145743194058e-14
19850.056 2.7711959978786514e-14
19900.056 5.843179634443081e-14
19950.056 7.918960769350288e-14
20000.056 9.944750940914479e-14
20050.056 6.473679833250379e-14
20100.056 1.019893762197963e-13
20150.056 6.530525135855104e-14
20200.056 3.45704081288693e-14
20250.056 1.1185628158362654e-13
20300.056 1.564029341520024e-13
20350.056 1.7429754905993513e-13
20400.056 1.4066521336164614e-13
20450.056 2.617066858829923e-13
20500.056 2.8661446540567994e-13
20550.056 3.117446618351521e-13
20600.056 3.2958413598522506e-13
20650.056 3.6967555093128784e-13
20700.056 3.913399698717896e-13
20750.056 4.000314385659808e-13
20800.056 3.6180883637594534e-13
20850.056 4.0316606907800583e-13
20900.056 4.0183346961999024e-13
20950.056 3.7134443223300565e-13
21000.056 3.486197671280039e-13
21050.056 3.6297362358999006e-13
21100.056 3.518604407000038e-13
21150.056 3.5795659706000434e-13
21200.056 3.538727562680256e-13
21250.056 3.608516489719694e-13
21300.056 3.3831765879900575e-13
21350.056 3.481950056345745e-13
21400.056 3.817861938622331e-13
21450.056 3.204401731252419e-13
21500.056 2.882165146733104e-13
21550.056 3.0821818765517834e-13
21600.056 2.68931600845538e-13
21650.056 1.9813144384468818e-13
21700.056 1.533274606124258e-13
21750.056 1.8761113174561292e-13
21800.056 1.2783492562174893e-13
21850.056 1.2677830831171044e-13
21900.056 9.238608575874287e-14
21950.056 2.7945666470532853e-14
22000.056 1.2387570266182878e-15
22050.056 4.15910366562083e-15
22100.056 1.9144921088597494e-14
22150.056 9.77599307810816e-15
22200.056 8.253841892343526e-15
22250.056 6.1005992278188445e-15
22300.056 1.6153580315297128e-15
22350.056 3.5717971249698094e-15
22400.056 8.566376914037984e-16
22450.056 2.0026214814381285e-15
22500.056 1.4337454398975537e-15
22550.056 3.3444783374035813e-16
22600.056 2.2386228945946953e-16
22650.056 4.152629727844276e-16
22700.056 5.262066280953001e-16
22750.056 1.3584270982661744e-15
22800.056 1.8433441260034888e-15
22850.056 1.1000071603548172e-15
22900.056 6.098770634457776e-16
22950.056 2.7349816305468665e-16
23000.056 4.666990967830583e-16
23050.056 2.80852488810624e-16
23100.056 1.1523595845400375e-14
23150.056 1.3728661077008147e-14
23200.056 1.259906984150469e-16
23250.056 1.55252767715093e-15
23300.056 8.8418137202732e-16
23350.056 1.7609177307063325e-15
23400.056 1.4732075533798148e-15
23450.056 3.479598699909084e-16
23500.056 4.008938001867207e-16
23550.056 1.4098731562150473e-15
23600.056 5.956749673124129e-15
23650.056 8.481329309874134e-15
23700.056 5.2082200461620525e-16
23750.056 8.468072333183892e-16
23800.056 9.437134495019898e-15
23850.056 3.905726851854892e-15
23900.056 1.202085113930649e-14
23950.056 3.174411838530803e-15
24000.056 1.6722849803978398e-14
24050.056 1.9646852385401216e-14
24100.056 4.0456042890987745e-14
24150.056 5.83843947086042e-14
24200.056 2.863425744453034e-14
24250.056 2.055242252864724e-14
24300.056 5.6190148622755226e-14
24350.056 5.1416426162957626e-14
24400.056 1.6768014343572464e-13
24450.056 2.0590687434325703e-13
24500.056 1.7613378713697322e-13
24550.056 3.530662922998635e-13
24600.056 4.667873408778357e-13
24650.056 7.85430787293407e-13
24700.056 5.712465370994055e-13
24750.056 8.698039622408893e-13
24800.056 7.178518546041822e-13
24850.056 1.1070868625277498e-12
24900.056 6.295123888542105e-13
24950.056 9.827683283416793e-13
25000.056 1.4260920470010278e-12
25050.056 8.848610607896284e-13
25100.056 1.2878956386278837e-12
25150.056 5.255607868663671e-13
25200.056 8.536799493828293e-13
25250.056 3.0941876898688405e-13
25300.056 2.639884644187196e-13
25350.056 1.4830221682236138e-13
25400.056 3.583621542950239e-13
25450.056 7.059213682089419e-14
25500.056 5.172647047471944e-14
25550.056 1.6191588003850645e-13
25600.056 5.169384561393783e-14
25650.056 1.818114140074195e-14
25700.056 1.1179054909470576e-14
25750.056 4.018282064856505e-15
25800.056 2.1515221020998466e-14
25850.056 3.1275997242535225e-15
25900.056 3.385794760513678e-15
25950.056 1.5967051049458563e-15
26000.056 1.2179482697659524e-14
26050.056 1.955863238493024e-15
26100.056 6.422414653600252e-15
26150.056 2.9248689058992568e-15
26200.056 3.82962349871322e-15
26250.056 2.3294432710941786e-14
26300.056 4.982389947206134e-15
26350.056 7.592548552036345e-14
26400.056 2.066926477476104e-13
26450.056 8.986338550131677e-14
26500.056 3.3223886591409473e-13
26550.056 1.8140375472005757e-14
26600.056 1.6088786525057433e-14
26650.056 3.4557113468955378e-15
26700.056 3.7405078222432665e-15
26750.056 5.641602537815902e-15
26800.056 1.9918845892903453e-14
26850.056 1.2889389519822101e-14
26900.056 5.169597375725246e-14
26950.056 1.2017121504824152e-14
27000.056 6.139356915945898e-14
27050.056 1.339699082534676e-13
27100.056 7.630376992253677e-15
27150.056 9.354856297272667e-14
27200.056 9.49245107539254e-15
27250.056 3.00129143110257e-14
27300.056 3.722397703145825e-13
27350.056 9.110510244204834e-14
27400.056 8.281162591452483e-15
27450.056 1.5494980202016526e-13
27500.056 2.0102033248785759e-13
27550.056 3.3211115151059296e-14
27600.056 1.0414424513612696e-13
27650.056 2.915529792490614e-14
27700.056 3.719528098712663e-14
27750.056 2.117100074492729e-13
27800.056 6.661094428910303e-14
27850.056 1.5209072901158888e-13
27900.056 2.0407022815244558e-13
27950.056 3.56801270316808e-13
28000.056 5.605836023545753e-13
28050.056 3.681286759218847e-14
28100.056 5.779755888320783e-13
28150.056 4.253870657711162e-13
28200.056 6.324972867556788e-14
28250.056 7.538275463192848e-13
28300.056 6.61429741960367e-13
28350.056 7.190440901796724e-14
28400.056 3.8060109678427114e-13
28450.056 7.445340545877203e-13
28500.056 2.7688785977011806e-13
28550.056 7.142005593161886e-14
28600.056 7.652835110633168e-13
28650.056 2.5009227145059005e-13
28700.056 7.897084234998492e-13
28750.056 1.1196749781086468e-12
28800.056 2.0035227497736772e-13
