galfind/configs/Brown_Dwarf_templates/sonora_bobcat/m0.0/100g/sp_t575g100nc_m0.0_resample.dat
# %ECSV 1.0
# ---
# datatype:
# - {name: wav, unit: Angstrom, datatype: float64}
# - {name: flux_nu, unit: erg / (cm2 Hz s), datatype: float64}
# meta: {C/O: '1.00', Kzz: '1.0000E+05', Teff: '575.', Y: '0.28', '[Fe/H]': '0.00', f_hole: '1.00', f_rain: '0.00', grav: '100.'}
# schema: astropy-2.0
wav flux_nu
[from data line 498]
28900.056 1.4596935415074806e-09
28950.056 2.753260942316159e-09
29000.056 2.0884519503488013e-09
29050.056 2.8519458969908003e-09
29100.056 1.73155793609376e-09
29150.056 2.593054876182484e-09
29200.056 2.6896317031714354e-09
29250.056 4.27870959586705e-09
29300.056 1.8451856998722682e-09
29350.056 5.907505511696986e-09
29400.056 2.636334998424096e-09
29450.056 2.6751394267134014e-09
29500.056 4.3314288438716615e-09
29550.056 2.538868686722873e-09
29600.056 3.515726074942531e-09
29650.056 5.790158791883278e-09
29700.056 2.377483387233138e-09
29750.056 4.848158908909686e-09
29800.056 4.616468057943421e-09
29850.056 5.49182135838839e-09
29900.056 4.242045161866474e-09
29950.056 4.274941382293935e-09
30000.056 2.2020164102316184e-10
30050.056 6.687375614587647e-10
30100.056 1.6022085406976085e-09
30150.056 4.125373612606365e-09
30200.056 3.3463347196906612e-09
30250.056 7.021295769645344e-09
30300.056 7.941472247435215e-09
30350.056 3.7561226533008585e-09
30400.056 8.341700268204569e-09
30450.056 4.9491282613487175e-09
30500.056 4.973998470334043e-09
30550.056 4.337482112956386e-09
30600.056 9.499764793819758e-09
30650.056 5.470525839711344e-09
30700.056 4.347608255835821e-09
30750.056 7.1245297391129515e-09
30800.056 4.968059188152428e-09
30850.056 5.410094524113496e-09
30900.056 3.20652272879756e-09
30950.056 3.6679094295512977e-09
31000.056 3.4583931333147197e-09
31050.056 3.2735570188566755e-09
31100.056 2.0747852737811946e-09
31150.056 3.606016459257381e-09
31200.056 5.348079583929579e-09
31250.056 3.488302644319388e-09
31300.056 2.452692647625202e-09
31350.056 3.6406216036180862e-09
31400.056 2.629382040856312e-09
31450.056 2.8385764573892876e-09
31500.056 1.4443497307425413e-09
31550.056 2.061810371179751e-09
31600.056 1.3375196454889129e-09
31650.056 1.3251727254513142e-09
31700.056 1.4064651886449018e-09
31750.056 7.47336201815028e-10
31800.056 1.473412854977334e-09
31850.056 4.616400748091528e-10
31900.056 8.700975256347683e-10
31950.056 5.154067409488625e-10
32000.056 6.008418371024213e-10
32050.056 7.56296458292576e-10
32100.056 6.735227196068429e-10
32150.056 8.434952883979518e-10
32200.056 4.662110507550287e-10
32250.056 1.1035892998326641e-09
32300.056 4.431009932223427e-10
32350.056 1.0361386610575173e-09
32400.056 3.521909200711e-10
32450.056 9.008765378605674e-10
32500.056 4.550140914067056e-10
32550.056 7.07302892693383e-10
32600.056 6.315866998189666e-10
32650.056 1.651801446297691e-09
32700.056 8.554682430754907e-10
32750.056 2.338757900567701e-09
32800.056 1.7530527653623906e-09
32850.056 3.015430970048552e-09
32900.056 2.8637167307569437e-09
32950.056 3.2389418958081115e-09
33000.056 1.878856889019214e-09
33050.056 2.2967093878776026e-09
33100.056 6.724077788925478e-10
33150.056 4.117426842107013e-12
33200.056 2.708991030642383e-11
33250.056 2.293835549549667e-11
33300.056 8.166512145171475e-11
33350.056 2.530573080880481e-10
33400.056 6.554814756483182e-10
33450.056 7.394137109052802e-10
33500.056 2.0159434576678032e-09
33550.056 7.452026388619629e-10
33600.056 1.8221885137449774e-09
33650.056 1.7184763183838895e-09
33700.056 1.0061891575370952e-09
33750.056 2.4272051991245514e-09
33800.056 6.244690342693185e-10
33850.056 1.499026809169961e-09
33900.056 1.3925471499953207e-09
33950.056 1.1904212711470453e-09
34000.056 2.2344137292032623e-09
34050.056 5.506775509685469e-10
34100.056 1.982447797087495e-09
34150.056 1.069061882804716e-09
34200.056 1.967195115450798e-09
34250.056 1.481500947451252e-09
34300.056 1.3126951802564012e-09
34350.056 1.7795337630003486e-09
34400.056 8.820293831132622e-10
34450.056 2.0389691389841357e-09
34500.056 1.397476267127187e-09
34550.056 7.724660201919335e-10
34600.056 2.77209676414055e-09
34650.056 9.14512366001762e-10
34700.056 2.248092849106847e-09
34750.056 1.6576592178854543e-09
34800.056 1.36880642835264e-09
34850.056 2.7725561671930096e-09
34900.056 1.5812863666906485e-09
34950.056 2.733280039748693e-09
35000.056 5.232778112024185e-09
35050.056 2.2239842933109028e-09
35100.056 4.568952098451832e-09
35150.056 3.890578596039722e-09
35200.056 3.656892837977759e-09
35250.056 6.051132934432226e-09
35300.056 3.197458119108785e-09
35350.056 3.8230126933249424e-09
35400.056 3.982721148176205e-09
35450.056 2.7380226063432337e-09
35500.056 8.257263060296304e-09
35550.056 5.888923210870944e-09
35600.056 5.409035321492727e-09
35650.056 5.787839760880946e-09
35700.056 5.606267803401833e-09
35750.056 8.406493726005754e-09
35800.056 9.47362647306137e-09
35850.056 4.203387211351788e-09
35900.056 5.985507605928396e-09
35950.056 6.8358580112524185e-09
36000.056 7.130953225151021e-09
36050.056 5.601366680349227e-09
36100.056 5.530355815708504e-09
36150.056 8.559179008620269e-09
36200.056 9.560426612149809e-09
36250.056 7.3869495073104476e-09
36300.056 1.2802521691310501e-08
36350.056 9.240937981711713e-09
36400.056 1.1726342150548322e-08
36450.056 1.285209017950401e-08
36500.056 1.4769577081182247e-08
36550.056 1.6362785197008263e-08
36600.056 1.8986776634873208e-08
36650.056 1.5858958502233184e-08
36700.056 1.6691040033387603e-08
36750.056 1.9870284660453142e-08
36800.056 2.128741445974804e-08
36850.056 1.5311497156035298e-08
36900.056 2.147599027807503e-08
36950.056 2.2503558199596236e-08
37000.056 1.7759659805103813e-08
37050.056 2.2970500254021916e-08
37100.056 2.0888450613170617e-08
37150.056 1.8706522587178624e-08
37200.056 2.6217342861192333e-08
37250.056 2.0784000642396523e-08
37300.056 1.7498591660848953e-08
37350.056 2.3961616540085856e-08
37400.056 3.500802402785553e-08
37450.056 1.9337304548349927e-08
37500.056 2.220267665259275e-08
37550.056 3.318116358942877e-08
37600.056 4.251495701605003e-08
37650.056 1.980952503337443e-08
37700.056 3.586244949400308e-08
37750.056 2.4332874459393848e-08
37800.056 2.6040593002405925e-08
37850.056 1.5491113518988137e-08
37900.056 1.9874070963486348e-08
37950.056 3.1333130438110866e-08
38000.056 3.280329677811636e-08
38050.056 3.740266117179679e-08
38100.056 4.197224364910043e-08
38150.056 4.5306969711599966e-08
38200.056 4.4170218099457683e-08
38250.056 4.141351096892746e-08
38300.056 6.035991198278319e-08
38350.056 5.983831791971951e-08
38400.056 3.13115062809485e-08
38450.056 2.4695701236495568e-08
38500.056 1.6111929119029132e-08
38550.056 3.485070089801346e-08
38600.056 3.5397688051566165e-08
38650.056 3.824751468277078e-08
38700.056 3.596363831772834e-08
38750.056 3.776997926913746e-08
38800.056 3.691639105370583e-08
38850.056 3.91476434691239e-08
38900.056 5.219521954235543e-08
38950.056 3.599671154703038e-08
39000.056 4.837945292129003e-08
39050.056 3.765960441761616e-08
39100.056 4.601598510458956e-08
39150.056 5.3025427974824425e-08
39200.056 4.5199823058478626e-08
39250.056 6.054168891159817e-08
39300.056 4.5504226619982915e-08
39350.056 7.080018848150271e-08
39400.056 4.856285620361054e-08
39450.056 5.951117493865267e-08
39500.056 6.18806059638981e-08
39550.056 4.573110754334046e-08
39600.056 6.260124289169609e-08
39650.056 7.220816646038653e-08
39700.056 6.789429046560961e-08
39750.056 4.592996885218112e-08
39800.056 5.387978206869945e-08
39850.056 8.38156733100066e-08
39900.056 8.65687020420045e-08
39950.056 5.737597044854697e-08
40000.056 8.537240720481317e-08
40050.056 8.061080573639677e-08
40100.056 4.8421556498430283e-08
40150.056 8.056200385460076e-08
40200.056 8.396965058817231e-08
40250.056 8.937186027897398e-08
40300.056 8.665390560450558e-08
40350.056 7.22164107163863e-08
40400.056 9.519964592088009e-08
40450.056 6.484781866352931e-08
40500.056 1.0055927768448717e-07
40550.056 1.044358484528372e-07
40600.056 9.102739932100995e-08
40650.056 7.624065068781704e-08
40700.056 1.2501012596849182e-07
40750.056 8.986349069898143e-08
40800.056 6.706209148776373e-08
40850.056 1.3629283633103729e-07
40900.056 1.1916828180020215e-07
40950.056 1.0540586139813408e-07
41000.056 9.632299663739059e-08
41050.056 1.4213973271196275e-07
41100.056 1.1921737728479963e-07
41150.056 6.894948139841189e-08
41200.056 1.4042389472530777e-07
41250.056 1.1270263382500848e-07
41300.056 1.0786073683538422e-07
41350.056 1.4563026712799465e-07
41400.056 1.2884510844801368e-07
41450.056 1.515492945129802e-07
41500.056 1.0905650034639407e-07
41550.056 1.0558177226307702e-07
41600.056 1.2129563120767823e-07
41650.056 1.3752999848320573e-07
41700.056 1.3985892702495664e-07
41750.056 1.286074139849792e-07
41800.056 1.481815404400353e-07
41850.056 1.1786179803398404e-07
41900.056 1.2426494941310785e-07
41950.056 1.278402720770207e-07
42000.056 1.0552995670421691e-07
42050.056 1.0275184736230384e-07
42100.056 1.380197707498889e-07
42150.056 1.1130015460230635e-07
42200.056 1.1244093424029878e-07
42250.056 1.0963457889390019e-07
42300.056 1.0806058218146197e-07
42350.056 1.4168122085801654e-07
42400.056 1.465068970720232e-07
42450.056 1.3067191778304354e-07
42500.056 1.275417618439859e-07
42550.056 1.1459023334797422e-07
42600.056 1.298320132227467e-07
42650.056 1.8219729218493503e-07
42700.056 1.1905456479558099e-07
42750.056 1.2782330260201281e-07
42800.056 1.6091579328002467e-07
42850.056 1.7338939372094528e-07
42900.056 1.8719401156104375e-07
42950.056 1.4489803801796968e-07
43000.056 1.6445190774102566e-07
43050.056 9.810251335662359e-08
43100.056 1.3990961084597575e-07
43150.056 1.2255909831101564e-07
43200.056 1.6715285048800887e-07
43250.056 2.1364701654301605e-07
43300.056 2.062821946720009e-07
43350.056 1.2029846774996693e-07
43400.056 1.6020589246799865e-07
43450.056 1.2071220239821596e-07
43500.056 1.215868995060243e-07
43550.056 1.3198927499522397e-07
43600.056 1.879195393570236e-07
43650.056 1.2905250917580508e-07
43700.056 2.0791662469603832e-07
43750.056 1.7972391123600646e-07
43800.056 1.6744703110198362e-07
43850.056 1.4686712014401606e-07
43900.056 1.4156463046398534e-07
43950.056 9.611425941999096e-08
44000.056 9.277357550339585e-08
44050.056 1.9107531509400434e-07
44100.056 2.433969789520026e-07
44150.056 2.2351011305259636e-07
44200.056 1.9389530705699788e-07
44250.056 1.2454792844400076e-07
44300.056 1.0461366100121901e-07
44350.056 1.20009979764203e-07
44400.056 1.1253156958918907e-07
44450.056 1.721077118659869e-07
44500.056 1.6450314562403683e-07
44550.056 2.220121602699767e-07
44600.056 1.931428015938059e-07
44650.056 1.7735478502902637e-07
44700.056 1.2239731622899683e-07
44750.056 1.779502470530379e-07
44800.056 1.375768492482144e-07
44850.056 1.8245964866301748e-07
44900.056 1.4779136162320922e-07
44950.056 1.7233286052701004e-07
45000.056 1.8983660194400455e-07
45050.056 1.786022933209815e-07
45100.056 1.6839429497100262e-07
45150.056 1.652148712294715e-07
45200.056 1.3067423527000912e-07
45250.056 1.484761073289551e-07
45300.056 1.2847810390902146e-07
45350.056 1.2398338248402196e-07
45400.056 2.3445050084202518e-07
45450.056 1.995294132190122e-07
45500.056 2.224516952344117e-07
45550.056 2.390764775929295e-07
45600.056 2.269598360100418e-07
45650.056 1.8273392009929693e-07
45700.056 1.3430604723349696e-07
45750.056 1.2840434580340328e-07
45800.056 2.4857955042100314e-07
45850.056 2.213298077499886e-07
45900.056 2.512860442639937e-07
45950.056 2.0503426574699676e-07
46000.056 2.3673704648702062e-07
46050.056 1.836804803480077e-07
46100.056 2.618006861999749e-07
46150.056 1.7328955616300687e-07
46200.056 1.5776648073098904e-07
46250.056 8.198678431473688e-08
46300.056 1.8265936844200186e-07
46350.056 1.8654762640002272e-07
46400.056 1.6816337479100458e-07
46450.056 1.548818889009189e-07
46500.056 1.7754397375084256e-07
46550.056 1.1102101603700624e-07
46600.056 1.5605120655378117e-07
46650.056 2.317028471850121e-07
46700.056 1.5363943947196273e-07
46750.056 9.726080762101154e-08
46800.056 6.944649420908498e-08
46850.056 2.2849527083903726e-07
46900.056 2.0996345946999077e-07
46950.056 2.0526864062398318e-07
47000.056 1.9696935235003488e-07
47050.056 1.5932126784318436e-07
47100.056 1.1128629023951522e-07
47150.056 1.5807743140022566e-07
47200.056 1.8985183537099626e-07
47250.056 1.218240100989865e-07
47300.056 8.449394154128238e-08
47350.056 2.213075094159917e-07
47400.056 1.87308823575983e-07
47450.056 1.751026214787819e-07
47500.056 2.1954440595397378e-07
47550.056 1.9155093502000937e-07
47600.056 1.882453449794907e-07
47650.056 1.8323078540478476e-07
47700.056 1.555323197848933e-07
47750.056 1.1718464541230505e-07
47800.056 1.0840562364701021e-07
47850.056 6.599435678581067e-08
47900.056 9.43086611141861e-08
47950.056 1.6567099828401133e-07
48000.056 2.2794017518002967e-07
48050.056 1.97453059893998e-07
48100.056 9.496832759340996e-08
48150.056 1.5502056695200443e-07
48200.056 1.1860856337740075e-07
48250.056 1.3579417948400574e-07
48300.056 2.1036758411996572e-07
48350.056 1.3028145076499968e-07
48400.056 5.14935794854777e-08
48450.056 1.0147893210922675e-07
48500.056 1.4727136782396912e-07
48550.056 1.448100200018113e-07
48600.056 1.6160774472200138e-07
48650.056 1.9676694735198507e-07
48700.056 1.4310057372001048e-07
48750.056 9.461719521804588e-08
48800.056 1.9145415865200116e-07
48850.056 1.1234830705967954e-07
48900.056 1.6519586285254752e-07
48950.056 9.837592846600636e-08
49000.056 5.2425889428516605e-08
49050.056 1.4038892259397988e-07
49100.056 1.679238486873317e-07
49150.056 1.274973928208228e-07
49200.056 1.8963224181903545e-07
49250.056 1.8370484126602308e-07
49300.056 1.5780178466699745e-07
49350.056 7.474736210032517e-08
49400.056 1.0722337707307479e-07
49450.056 1.1098432773653296e-07
49500.056 8.765742842269168e-08
49550.056 2.893306085715239e-08
49600.056 6.802449922881766e-08
49650.056 1.1428136698599643e-07
49700.056 1.1711942986296067e-07
49750.056 1.3164383194898952e-07
49800.056 9.479808762250128e-08
49850.056 1.6519768555303429e-07
49900.056 1.3128139799158656e-07
49950.056 1.294317065660021e-07
50000.056 1.1003943949137531e-07
50050.056 1.3480121842800076e-07
50100.056 1.0588876160099796e-07
50150.056 5.986265045378885e-08
50200.056 1.688381416104606e-08
50250.056 7.782089055799339e-08
50300.056 5.38358942229374e-08
50350.056 1.2756815664801618e-07
50400.056 1.2068319736658805e-07
50450.056 9.242062559100494e-08
50500.056 1.346130698360135e-07
50550.056 1.1861195288500943e-07
50600.056 9.050495458697596e-08
50650.056 1.4051959564902492e-07
50700.056 1.4421938856996472e-07
50750.056 1.0056810931221283e-07
50800.056 4.5236645368992545e-08
50850.056 3.152810225213407e-08
50900.056 1.2312645786900027e-07
50950.056 9.730985874700101e-08
51000.056 9.049842720679605e-08
51050.056 1.113342048389881e-07
51100.056 4.8127914304785144e-08
51150.056 6.334148593481886e-08
51200.056 1.4736178609999278e-07
51250.056 9.614908345018274e-08
51300.056 7.100722606533096e-08
51350.056 7.333069873903234e-08
51400.056 3.296313806371336e-08
51450.056 2.60903499538558e-08
51500.056 2.616151234501085e-08
51550.056 8.21371398666091e-08
51600.056 6.080962758571501e-08
51650.056 7.130941153198823e-08
51700.056 7.989197041880894e-08
51750.056 5.3483249796159076e-08
51800.056 8.984590994698348e-08
51850.056 7.599077541839384e-08
51900.056 1.0826844511799702e-07
51950.056 6.994688908199191e-08
52000.056 1.1875722209155936e-08
52050.056 4.242400936450621e-08
52100.056 2.8313819695996967e-08
52150.056 1.9144530730883633e-08
52200.056 3.709696469310019e-08
52250.056 5.308901997281439e-08
52300.056 7.814041595699612e-08
52350.056 3.615636457037005e-08
52400.056 3.207559884956247e-08
52450.056 8.489793605800647e-08
52500.056 7.157481617587899e-08
52550.056 7.279713596599106e-08
52600.056 5.520891819800002e-08
52650.056 6.394588219280808e-08
52700.056 4.980276702589795e-08
52750.056 2.5274513943096102e-08
52800.056 3.931681781490502e-08
52850.056 4.444459246478598e-08
52900.056 2.7849400014528437e-08
52950.056 3.714126176712354e-08
53000.056 5.707456378401166e-08
53050.056 2.506970772851326e-08
53100.056 5.840737976998957e-08
53150.056 6.886986157800653e-08
53200.056 3.05954724732484e-08
53250.056 6.339552511560407e-08
53300.056 7.621071810967393e-08
53350.056 6.006297548440163e-08
53400.056 4.369237966599213e-08
53450.056 1.9579054389243972e-08
53500.056 5.528706082822219e-09
