galfind/configs/Brown_Dwarf_templates/sonora_bobcat/m0.0/100g/sp_t325g100nc_m0.0_resample.dat
# %ECSV 1.0
# ---
# datatype:
# - {name: wav, unit: Angstrom, datatype: float64}
# - {name: flux_nu, unit: erg / (cm2 Hz s), datatype: float64}
# meta: {C/O: '1.00', Kzz: '1.0000E+05', Teff: '325.', Y: '0.28', '[Fe/H]': '0.00', f_hole: '1.00', f_rain: '0.00', grav: '100.'}
# schema: astropy-2.0
wav flux_nu
4000.0559999999996 nan
4050.0559999999996 5.383196205662119e-19
4100.056 2.2082125844300394e-17
4150.056 1.517820521560014e-16
4200.056 1.6700729512350083e-16
4250.056 1.1973184531500097e-15
4300.056 2.7424600849000103e-15
4350.056 5.1519856841000205e-15
4400.056 8.801122435200022e-15
4450.056 1.4208317214100021e-14
4500.056 2.2775846849000078e-14
4550.056 2.601168090249991e-14
4600.056 1.0213805544799973e-14
4650.056 7.454232267699974e-15
4700.056 4.883006684699984e-15
4750.056 2.8694163026999907e-15
4800.056 1.7452408762999917e-15
4850.056 9.117613202099946e-16
4900.056 5.557741868799986e-16
4950.056 3.967677951099993e-16
5000.056 2.6783210803999903e-16
5050.056 2.0144347184000104e-16
5100.056 2.2887991290000267e-16
5150.056 2.7492497856000056e-16
5200.056 3.2389800187000095e-16
5250.056 3.7146498888000054e-16
5300.056 4.268811627800009e-16
5350.056 4.9249632339000075e-16
5400.056 5.566711588300012e-16
5450.056 6.391474755800044e-16
5500.056 7.376753417700022e-16
5550.056 8.44934321250001e-16
5600.056 9.440663629300012e-16
5650.056 1.0217100845499998e-15
5700.056 1.0277737587300014e-15
5750.056 1.028289046960001e-15
5800.056 9.361676781299966e-16
5850.056 6.212395463299909e-16
5900.056 1.518523457673145e-16
5950.056 1.1921942887400453e-15
6000.056 2.749809434369985e-15
6050.056 5.257963749400057e-15
6100.056 8.872500993300083e-15
6150.056 1.3709092611000083e-14
6200.056 2.0048535032000104e-14
6250.056 2.741757715000002e-14
6300.056 3.813287228200002e-14
6350.056 5.2073685338000056e-14
6400.056 6.97079286930002e-14
6450.056 7.870522259099863e-14
6500.056 1.0154540229800133e-13
6550.056 1.390257007459954e-13
6600.056 1.918348740050055e-13
6650.056 2.7352628432000266e-13
6700.056 3.690259116400021e-13
6750.056 5.073483604100028e-13
6800.056 6.046289813800042e-13
6850.056 6.353730305900002e-13
6900.056 5.092748248790062e-13
6950.056 3.588689143710052e-13
7000.056 4.2752732516098717e-13
7050.056 4.3871654937000144e-13
7100.056 5.032464825599917e-13
7150.056 3.5987715918554055e-13
7200.056 2.426550898977818e-13
7250.056 2.941120202333601e-13
7300.056 3.103690247204348e-13
7350.056 4.4413765067265396e-13
7400.056 5.978246195440255e-13
7450.056 8.613929913900449e-13
7500.056 1.1062508824500038e-12
7550.056 1.2982023503500034e-12
7600.056 1.3887220945999991e-12
7650.056 6.786026695569819e-13
7700.056 6.297760713040164e-13
7750.056 1.658547736100018e-12
7800.056 2.0741737827099994e-12
7850.056 2.523443923199962e-12
7900.056 2.9497529359899496e-12
7950.056 3.3039492875299936e-12
8000.056 3.866640363730013e-12
8050.056 4.341873166300063e-12
8100.056 2.773245153185945e-12
8150.056 1.7682337623291153e-12
8200.056 3.772233192145466e-12
8250.056 3.914835657437851e-12
8300.056 4.283968991181144e-12
8350.056 4.576799731287456e-12
8400.056 5.727322668167119e-12
8450.056 8.812439762539944e-12
8500.056 1.0976589096399938e-11
8550.056 1.4130497747200227e-11
8600.056 1.726607710900007e-11
8650.056 1.9224485162000102e-11
8700.056 1.8271597685000165e-11
8750.056 1.8586451428000058e-11
8800.056 1.6793211687099676e-11
8850.056 1.1897213602799327e-11
8900.056 1.2045045493070722e-12
8950.056 6.757942071059508e-13
9000.056 6.230898482541549e-13
9050.056 3.2499490641509513e-12
9100.056 4.229759025619882e-12
9150.056 6.226350854079299e-12
9200.056 1.4490204536513962e-11
9250.056 1.0869448696810917e-11
9300.056 1.28036130210658e-13
9350.056 1.7565521036385413e-13
9400.056 1.5400024750974047e-12
9450.056 1.2027638160037588e-12
9500.056 9.46335417371351e-13
9550.056 9.53029731679855e-13
9600.056 1.2476284086035046e-12
9650.056 3.091238483392911e-12
9700.056 1.2356805635589678e-11
9750.056 8.56850406232555e-12
9800.056 9.745080896047343e-12
9850.056 1.1468693605514681e-11
9900.056 1.7162647719087253e-11
9950.056 1.693022434740202e-11
10000.056 1.7101997790732324e-11
10050.056 1.9786538448200185e-11
10100.056 1.900594282599986e-11
10150.056 1.093722804974013e-11
10200.056 3.87925996042865e-12
10250.056 5.742620725041381e-12
10300.056 1.1782529326244101e-11
10350.056 5.021230269548278e-12
10400.056 1.7029790940964993e-11
10450.056 3.150368640047419e-11
10500.056 5.464484942002186e-11
10550.056 9.590359007550239e-11
10600.056 1.2660302272400356e-10
10650.056 1.3741293983700156e-10
10700.056 1.1807965127599792e-10
10750.056 1.2156634177609815e-10
10800.056 1.1333089225004097e-10
10850.056 9.425208480590295e-11
10900.056 6.620298109854776e-11
10950.056 3.046324482988924e-11
11000.056 1.4070049183764332e-11
11050.056 5.869602229640321e-12
11100.056 1.959439323347866e-12
11150.056 4.553401474887207e-13
11200.056 1.7286208719839912e-13
11250.056 1.5061597298973159e-13
11300.056 5.12947035728806e-13
11350.056 6.945779423788235e-14
11400.056 8.84064622992955e-13
11450.056 3.925737083931118e-13
11500.056 3.5839199088150373e-13
11550.056 5.206313807228074e-14
11600.056 1.25963994393136e-14
11650.056 1.428527014370939e-13
11700.056 2.009572054490959e-13
11750.056 4.063822684885564e-14
11800.056 3.1077969870473017e-13
11850.056 3.328796853103107e-13
11900.056 3.147055754283238e-13
11950.056 5.468968504271282e-13
12000.056 9.204135703395866e-13
12050.056 1.6559469307354941e-12
12100.056 2.123080875071971e-12
12150.056 3.18240518617764e-12
12200.056 3.5475131920829456e-12
12250.056 8.035893584219635e-12
12300.056 1.8142052449093263e-11
12350.056 2.3615579860776074e-11
12400.056 4.5375507240499254e-11
12450.056 8.711257279200281e-11
12500.056 1.0866280272600865e-10
12550.056 1.3056443590290162e-10
12600.056 2.1873742483822174e-10
12650.056 3.523544676541943e-10
12700.056 3.8654836891200665e-10
12750.056 2.173103757569174e-10
12800.056 1.048317854767875e-10
12850.056 4.257299979643873e-11
12900.056 2.7965705109159998e-11
12950.056 2.033787871768826e-11
13000.056 2.3328002415447287e-11
13050.056 1.2389541987974774e-11
13100.056 1.0816696103669235e-11
13150.056 4.936743033358072e-12
13200.056 6.419714295687002e-12
13250.056 6.300547538077942e-12
13300.056 2.2246840167182435e-12
13350.056 9.026930979379426e-13
13400.056 3.3641506578341016e-13
13450.056 5.5518639604134135e-14
13500.056 1.0730670338365354e-14
13550.056 1.5234206963469142e-15
13600.056 1.3341819676796542e-16
13650.056 1.9494004386010096e-15
13700.056 6.973498311898289e-16
13750.056 4.413251048550682e-15
13800.056 3.4136534012617463e-15
13850.056 1.1215124792869544e-15
13900.056 3.5915687411763765e-15
13950.056 2.4108307984060928e-15
14000.056 4.4977986937871114e-15
14050.056 6.978789681327494e-15
14100.056 7.830559187355357e-15
14150.056 3.261372779967474e-14
14200.056 1.8873630216818182e-14
14250.056 3.581765143104915e-14
14300.056 1.4214472638972774e-13
14350.056 1.1223132269391537e-13
14400.056 1.1031144318394463e-13
14450.056 2.759212500801571e-13
14500.056 7.230180265250967e-13
14550.056 8.957308960913551e-13
14600.056 1.1078520167726505e-12
14650.056 3.453483337131498e-13
14700.056 1.270246521855031e-13
14750.056 2.809830679800509e-14
14800.056 4.6645269629502226e-14
14850.056 5.886216521512311e-14
14900.056 5.298384693748898e-14
14950.056 2.815018450213096e-14
15000.056 1.2340914250033561e-13
15050.056 1.413959909990308e-13
15100.056 4.668832554310875e-14
15150.056 1.3392964004719766e-14
15200.056 1.0122853759649948e-13
15250.056 2.4135952566400144e-13
15300.056 3.471492871419785e-13
15350.056 5.668297122494958e-13
15400.056 6.609584468986992e-13
15450.056 1.0459020031187498e-12
15500.056 1.4452338018984484e-12
15550.056 4.473960530868457e-12
15600.056 8.616621731278605e-12
15650.056 2.0100149527181542e-11
15700.056 4.4805606966862307e-11
15750.056 7.254327190180406e-11
15800.056 9.73466613505028e-11
15850.056 1.380141326995224e-10
15900.056 1.7041780800689534e-10
15950.056 2.1897251384598953e-10
16000.056 1.9424641021201263e-10
16050.056 1.2045417491798858e-10
16100.056 6.240585500869723e-11
16150.056 2.6114710640795668e-11
16200.056 9.682985999411945e-12
16250.056 4.200593831748428e-12
16300.056 1.7564106521109598e-12
16350.056 2.501874487319818e-12
16400.056 3.198572616971163e-12
16450.056 2.750008688327845e-12
16500.056 1.894242453447812e-12
16550.056 1.7511179219403774e-12
16600.056 5.79818660120284e-12
16650.056 3.3045841783125353e-12
16700.056 3.498683146214026e-13
16750.056 1.578402058333979e-12
16800.056 2.8304379849321497e-12
16850.056 3.0911630234317864e-12
16900.056 8.67941251967077e-13
16950.056 4.4057647296163665e-13
17000.056 1.6113835865385892e-13
17050.056 3.922086828168816e-13
17100.056 1.1412667349004528e-12
17150.056 4.989551343086235e-13
17200.056 3.058512728630087e-12
17250.056 7.971991197982486e-13
17300.056 5.096985422046526e-13
17350.056 7.57104497451035e-13
17400.056 1.993630051287087e-12
17450.056 2.6629797173223736e-12
17500.056 4.480764889746885e-12
17550.056 3.8950341084022415e-12
17600.056 3.0821129473006295e-12
17650.056 1.9673961823261574e-12
17700.056 1.6407765305375049e-12
17750.056 1.4519448462097338e-12
17800.056 5.155579933761095e-12
17850.056 1.5093662938702792e-12
17900.056 1.0029432040899208e-12
17950.056 6.904798323342488e-13
18000.056 1.3494026217525055e-12
18050.056 7.571962977868788e-13
18100.056 9.55283220391375e-13
18150.056 4.798980998011254e-13
18200.056 3.5081522676041355e-13
18250.056 1.8759827830704816e-12
18300.056 1.4204263069276463e-13
18350.056 1.1594469236519337e-13
18400.056 5.165344421657918e-14
18450.056 7.495490764276212e-13
18500.056 6.965835833665223e-13
18550.056 2.6865505853695246e-13
18600.056 5.935594633444575e-13
18650.056 3.967164511946315e-13
18700.056 2.537261398788959e-14
18750.056 6.506956307164659e-14
18800.056 1.4488761280184541e-12
18850.056 1.2388416944197541e-12
18900.056 1.4089584217144489e-12
18950.056 1.96834954900972e-12
19000.056 2.533938601515559e-13
19050.056 9.322265336429828e-14
19100.056 3.8040130902117513e-13
19150.056 1.316898719631482e-13
19200.056 3.053017588990147e-13
19250.056 2.105706910660816e-13
19300.056 1.0993059908124356e-13
19350.056 1.0661023658099914e-13
19400.056 8.014820584106088e-14
19450.056 1.3316517609850607e-13
19500.056 7.56246934059811e-14
19550.056 2.4236453373245755e-13
19600.056 6.961007578934382e-13
19650.056 4.0263727173135207e-13
19700.056 6.197783095460799e-13
19750.056 1.0570599794099896e-12
19800.056 5.560233428006709e-13
19850.056 6.691190356707532e-13
19900.056 1.2251180921846044e-12
19950.056 1.7441382129339243e-12
20000.056 2.314269255099038e-12
20050.056 1.466840535665519e-12
20100.056 2.54819681658582e-12
20150.056 1.4818931707451314e-12
20200.056 8.323684745521089e-13
20250.056 2.370876349150799e-12
20300.056 3.1367482218851085e-12
20350.056 3.533352993915978e-12
20400.056 2.777144789503432e-12
20450.056 5.347989678323452e-12
20500.056 6.177203409016633e-12
20550.056 6.975763381837328e-12
20600.056 7.519007378207383e-12
20650.056 9.128282629982568e-12
20700.056 1.0009882178286056e-11
20750.056 1.0985964548849102e-11
20800.056 1.0166570069858136e-11
20850.056 1.1979519437700253e-11
20900.056 1.2476244818099153e-11
20950.056 1.18407687081005e-11
21000.056 1.1472528317100435e-11
21050.056 1.2264152433899407e-11
21100.056 1.1778319109600363e-11
21150.056 1.1830722384999772e-11
21200.056 1.1315652219601152e-11
21250.056 1.0971731413248523e-11
21300.056 9.759934751630339e-12
21350.056 9.752702261441673e-12
21400.056 1.0157478193464813e-11
21450.056 8.18379509812482e-12
21500.056 7.2695067005558645e-12
21550.056 7.256194392782799e-12
21600.056 6.148091870614836e-12
21650.056 4.4151119532561335e-12
21700.056 3.5897432276033226e-12
21750.056 4.022396806669212e-12
21800.056 2.6529531957880033e-12
21850.056 2.612623998282646e-12
21900.056 1.877262458011644e-12
21950.056 5.840387032249228e-13
22000.056 4.044615974267657e-14
22050.056 1.1608315142525943e-13
22100.056 5.462868234538853e-13
22150.056 3.1118038475406714e-13
22200.056 2.838743806183471e-13
22250.056 2.1794892404460365e-13
22300.056 7.583333223656397e-14
22350.056 1.328919246239e-13
22400.056 3.4176281772547647e-14
22450.056 7.031552441010222e-14
22500.056 5.230343983896379e-14
22550.056 1.755741563293875e-14
22600.056 1.2910514705962997e-14
22650.056 2.832471440755124e-14
22700.056 2.7923086874899423e-14
22750.056 5.507429687906025e-14
22800.056 6.705993247113813e-14
22850.056 4.185248789761568e-14
22900.056 2.570725329379534e-14
22950.056 1.4375748395698474e-14
23000.056 2.4316722765784686e-14
23050.056 2.165126432527969e-14
23100.056 3.4010882252385006e-13
23150.056 3.679907420893506e-13
23200.056 5.666046113862132e-15
23250.056 4.879790030655346e-14
23300.056 3.537368890209405e-14
23350.056 6.509666401627169e-14
23400.056 4.569497828192914e-14
23450.056 1.6754961009042183e-14
23500.056 1.8402076842462203e-14
23550.056 5.6222462208024714e-14
23600.056 1.862385668382921e-13
23650.056 2.4353247663652124e-13
23700.056 2.2941813508924866e-14
23750.056 3.034286867290954e-14
23800.056 2.5773668562970054e-13
23850.056 1.262517716182534e-13
23900.056 3.49431403085907e-13
23950.056 1.144857950110203e-13
24000.056 4.407115023477235e-13
24050.056 5.322959169318771e-13
24100.056 8.60100815978806e-13
24150.056 1.257694673227297e-12
24200.056 6.607846965393895e-13
24250.056 4.977640912814775e-13
24300.056 1.1962625253254199e-12
24350.056 9.836085997189544e-13
24400.056 2.994025271945138e-12
24450.056 3.5403846322721205e-12
24500.056 2.9839483480507205e-12
24550.056 5.440575236288234e-12
24600.056 6.459441435637919e-12
24650.056 1.0553969530209016e-11
24700.056 7.066644957759556e-12
24750.056 1.0124904090133915e-11
24800.056 8.184197638636599e-12
24850.056 1.37391095477135e-11
24900.056 6.426684462986502e-12
24950.056 1.1718078816169992e-11
25000.056 1.4513865335930826e-11
25050.056 8.708549970971649e-12
25100.056 1.3755965552464049e-11
25150.056 5.5330122072825625e-12
25200.056 8.795858335175122e-12
25250.056 3.031604660508411e-12
25300.056 3.300651936477848e-12
25350.056 1.5636912020649882e-12
25400.056 4.134736031634853e-12
25450.056 8.806382588493375e-13
25500.056 6.559853278437172e-13
25550.056 1.971417182201502e-12
25600.056 6.917691640931091e-13
25650.056 2.689855566212024e-13
25700.056 1.6967277745356533e-13
25750.056 4.47051207895199e-14
25800.056 3.2291348234183163e-13
25850.056 3.454074465678218e-14
25900.056 4.609834920232609e-14
25950.056 9.0554468328717e-15
26000.056 1.9956090541645516e-13
26050.056 1.2854980510700595e-14
26100.056 7.922270477151245e-14
26150.056 2.4291196394037018e-14
26200.056 3.728382360108016e-14
26250.056 4.573355274911207e-13
26300.056 4.618085116483307e-14
26350.056 1.5066634180969578e-12
26400.056 3.646263967676401e-12
26450.056 1.6171361984601402e-12
26500.056 6.136622516751251e-12
26550.056 2.2021738629014473e-13
26600.056 2.0490627852520815e-13
26650.056 2.043669592921758e-14
26700.056 1.5149823552265175e-14
26750.056 3.209395098020398e-14
26800.056 1.6940108530013072e-13
26850.056 8.927523515053842e-14
26900.056 5.913334794576345e-13
26950.056 1.1683705264754627e-13
27000.056 8.939146068759182e-13
27050.056 1.7842861050809973e-12
27100.056 4.868126167336529e-14
27150.056 1.3552722434115135e-12
27200.056 5.5301505806937876e-14
27250.056 3.3185174847286823e-13
27300.056 5.550832089916502e-12
27350.056 1.1108576660215323e-12
27400.056 3.8759009181232594e-14
27450.056 1.945811555427868e-12
27500.056 2.6098692983506488e-12
27550.056 2.5205400081695395e-13
27600.056 1.0440427088485093e-12
27650.056 1.9633821505203665e-13
27700.056 2.38092902814121e-13
27750.056 2.213958318895296e-12
27800.056 5.343201702059005e-13
27850.056 1.2984176175559628e-12
27900.056 1.5806013241122188e-12
27950.056 3.756679957601192e-12
28000.056 4.7924089398982724e-12
28050.056 2.6484583301032394e-13
28100.056 4.89194759944895e-12
28150.056 3.5506436386171175e-12
28200.056 5.205509506531017e-13
28250.056 6.948332233823244e-12
28300.056 6.087384779027483e-12
28350.056 6.806276952750324e-13
28400.056 3.6407629828481435e-12
28450.056 8.09811633008204e-12
28500.056 3.4408909553717485e-12
28550.056 5.812430294963109e-13
28600.056 7.404487927739955e-12
28650.056 3.3435029185578977e-12
28700.056 8.312267004939236e-12
28750.056 1.2453343349788315e-11
28800.056 2.9303464808746314e-12
