galfind/configs/Brown_Dwarf_templates/sonora_bobcat/m0.0/100g/sp_t525g100nc_m0.0_resample.dat
# %ECSV 1.0
# ---
# datatype:
# - {name: wav, unit: Angstrom, datatype: float64}
# - {name: flux_nu, unit: erg / (cm2 Hz s), datatype: float64}
# meta: {C/O: '1.00', Kzz: '1.0000E+05', Teff: '525.', Y: '0.28', '[Fe/H]': '0.00', f_hole: '1.00', f_rain: '0.00', grav: '100.'}
# schema: astropy-2.0
wav flux_nu
[from data line 498]
28900.056 7.153379379507449e-10
28950.056 1.251631474301916e-09
29000.056 9.233918941346117e-10
29050.056 1.318155527608737e-09
29100.056 7.623797065677963e-10
29150.056 1.1017744110358262e-09
29200.056 1.3379102357989883e-09
29250.056 2.039013558652231e-09
29300.056 8.960326372798199e-10
29350.056 2.782874912984268e-09
29400.056 1.2278297413250538e-09
29450.056 1.143800938492752e-09
29500.056 2.1832729851013913e-09
29550.056 1.1186472154901779e-09
29600.056 1.578508494011005e-09
29650.056 3.0063287483591317e-09
29700.056 1.0578669754481816e-09
29750.056 2.3710440568028444e-09
29800.056 2.1775242617316125e-09
29850.056 2.7067587187246157e-09
29900.056 1.8950571597531197e-09
29950.056 2.042086428528826e-09
30000.056 7.47158047557006e-11
30050.056 2.728494613326385e-10
30100.056 7.623387646394526e-10
30150.056 2.14404629781836e-09
30200.056 1.6722736162490811e-09
30250.056 3.5144590330176826e-09
30300.056 4.244812372946428e-09
30350.056 1.7095758949489024e-09
30400.056 4.316249992220877e-09
30450.056 2.5833577610230653e-09
30500.056 2.512316430889101e-09
30550.056 2.105972890844011e-09
30600.056 5.744586125250117e-09
30650.056 3.0729932095148373e-09
30700.056 2.322904451459003e-09
30750.056 4.0540922985340845e-09
30800.056 2.81257105563376e-09
30850.056 3.1442095855789193e-09
30900.056 1.7966096051414178e-09
30950.056 1.998729017425575e-09
31000.056 1.9801062643917488e-09
31050.056 1.7824533336561105e-09
31100.056 1.0959458445646213e-09
31150.056 1.981317181619775e-09
31200.056 3.3620127615612405e-09
31250.056 2.1111850994027844e-09
31300.056 1.443246277168452e-09
31350.056 2.3085402990880103e-09
31400.056 1.6382685719376942e-09
31450.056 1.7619047573494414e-09
31500.056 8.195231743386206e-10
31550.056 1.2336120237756297e-09
31600.056 8.020132739952806e-10
31650.056 7.811985848869765e-10
31700.056 8.139600349240986e-10
31750.056 4.153926094656032e-10
31800.056 8.460045677182284e-10
31850.056 2.2370797205234395e-10
31900.056 4.6293063614018995e-10
31950.056 2.751737653154459e-10
32000.056 2.907276903250336e-10
32050.056 3.9097864800214113e-10
32100.056 3.417852926951621e-10
32150.056 4.237973901266105e-10
32200.056 2.1948673888380508e-10
32250.056 5.584986036090097e-10
32300.056 2.0193602606070394e-10
32350.056 5.197496232431793e-10
32400.056 1.4665719805394938e-10
32450.056 4.404000859749539e-10
32500.056 1.9009702983793784e-10
32550.056 3.418799062259955e-10
32600.056 2.5718349023684086e-10
32650.056 8.361212239729582e-10
32700.056 3.62227758565642e-10
32750.056 1.2816681596454514e-09
32800.056 8.875408910353778e-10
32850.056 1.7767296715377316e-09
32900.056 1.6293081115526297e-09
32950.056 1.83282919077113e-09
33000.056 9.21700669955387e-10
33050.056 1.1964040757059552e-09
33100.056 3.1626616099967594e-10
33150.056 8.247126455167289e-13
33200.056 1.0001598429922552e-11
33250.056 9.645252855455212e-12
33300.056 4.431755667705976e-11
33350.056 1.4484313074489586e-10
33400.056 4.230848885154978e-10
33450.056 4.172214019003183e-10
33500.056 1.238882654308119e-09
33550.056 3.775947736192738e-10
33600.056 9.830350833768815e-10
33650.056 9.122954871189098e-10
33700.056 4.724378368582647e-10
33750.056 1.3124160655740144e-09
33800.056 2.548527158055623e-10
33850.056 7.469054294122388e-10
33900.056 7.304957324812255e-10
33950.056 5.939048861889182e-10
34000.056 1.206681864980867e-09
34050.056 2.548330733950163e-10
34100.056 1.0686355947856087e-09
34150.056 5.345921112365272e-10
34200.056 1.1105557137143775e-09
34250.056 7.817832731020924e-10
34300.056 7.125034730277227e-10
34350.056 1.0873260288405623e-09
34400.056 4.658658584304931e-10
34450.056 1.1922823968622224e-09
34500.056 7.510629192035082e-10
34550.056 4.198247362161875e-10
34600.056 1.6910894688703963e-09
34650.056 4.626948708634237e-10
34700.056 1.3344238585391282e-09
34750.056 9.302320980606376e-10
34800.056 7.793139335046322e-10
34850.056 1.7799063805197206e-09
34900.056 8.222461534898596e-10
34950.056 1.6873330339671262e-09
35000.056 3.2663522410410432e-09
35050.056 1.3744381529029596e-09
35100.056 2.9825034713770216e-09
35150.056 2.4913873887565397e-09
35200.056 2.2584181466949055e-09
35250.056 3.868484217716133e-09
35300.056 1.903490319652843e-09
35350.056 2.345128041445484e-09
35400.056 2.28365880150757e-09
35450.056 1.65864100306738e-09
35500.056 5.311597469332107e-09
35550.056 3.5435878338808115e-09
35600.056 3.4260175136373464e-09
35650.056 3.597947541388369e-09
35700.056 3.6233828953544896e-09
35750.056 5.432534555958407e-09
35800.056 5.779115525125235e-09
35850.056 2.4277797428282452e-09
35900.056 3.4482906430603998e-09
35950.056 4.101786716396326e-09
36000.056 4.432795484350587e-09
36050.056 3.3506207113873058e-09
36100.056 3.2422710992219487e-09
36150.056 5.560489657592044e-09
36200.056 6.203830055040091e-09
36250.056 4.603794792735283e-09
36300.056 8.660554437969393e-09
36350.056 5.807044675129053e-09
36400.056 7.923380953018077e-09
36450.056 8.446654584470877e-09
36500.056 9.679116115380409e-09
36550.056 1.129092102948405e-08
36600.056 1.2834920507534884e-08
36650.056 1.0327295511083724e-08
36700.056 1.0900874695159666e-08
36750.056 1.3235720400118947e-08
36800.056 1.4575087347058028e-08
36850.056 9.649749417748885e-09
36900.056 1.4401155489347885e-08
36950.056 1.5098811614737948e-08
37000.056 1.1417466686635447e-08
37050.056 1.581057681786254e-08
37100.056 1.339561533513221e-08
37150.056 1.2256432816515385e-08
37200.056 1.8122301068934484e-08
37250.056 1.3383019530407926e-08
37300.056 1.093108037778715e-08
37350.056 1.6147519340581e-08
37400.056 2.3837504559782756e-08
37450.056 1.199106570511033e-08
37500.056 1.4582852960746927e-08
37550.056 2.3093892627067368e-08
37600.056 3.0833289578807965e-08
37650.056 1.2796015767113032e-08
37700.056 2.4032914483001927e-08
37750.056 1.6066821111973157e-08
37800.056 1.7007338841652306e-08
37850.056 9.695108432446954e-09
37900.056 1.2637795651144562e-08
37950.056 2.1403007330596167e-08
38000.056 2.1576709860624357e-08
38050.056 2.6189309823792418e-08
38100.056 3.00090396628332e-08
38150.056 3.2239201323939654e-08
38200.056 3.0256013629859725e-08
38250.056 2.933236846993837e-08
38300.056 4.3481547139186694e-08
38350.056 4.2757744870615743e-08
38400.056 2.0987970984068362e-08
38450.056 1.467757062330574e-08
38500.056 9.419245353987975e-09
38550.056 2.30437038653084e-08
38600.056 2.346480623948694e-08
38650.056 2.6177707054434014e-08
38700.056 2.3307781545847856e-08
38750.056 2.4670768837355217e-08
38800.056 2.473663075218494e-08
38850.056 2.6565259118426204e-08
38900.056 3.5277818271588814e-08
38950.056 2.3364623323218684e-08
39000.056 3.345637993022226e-08
39050.056 2.437505069921299e-08
39100.056 3.14209105089503e-08
39150.056 3.763566926061352e-08
39200.056 3.022886457353137e-08
39250.056 4.2876908730239966e-08
39300.056 3.1026531797349326e-08
39350.056 5.063438043930088e-08
39400.056 3.2722410719740087e-08
39450.056 4.199251902747647e-08
39500.056 4.3714738073472684e-08
39550.056 2.9048066552468168e-08
39600.056 4.344473276578974e-08
39650.056 5.147704372719027e-08
39700.056 4.815322217460703e-08
39750.056 3.038118302141116e-08
39800.056 3.552480361657019e-08
39850.056 5.983146493400571e-08
39900.056 6.343396224240336e-08
39950.056 3.770828276591207e-08
40000.056 5.914812850406683e-08
40050.056 5.7697576389997575e-08
40100.056 3.0791677042214847e-08
40150.056 5.680072227764195e-08
40200.056 5.9261173578940424e-08
40250.056 6.412492527073355e-08
40300.056 6.219726572810249e-08
40350.056 4.8344237244299885e-08
40400.056 6.569796095559474e-08
40450.056 4.1798950828673495e-08
40500.056 7.169768597829343e-08
40550.056 7.54903067044536e-08
40600.056 6.317124886800583e-08
40650.056 5.221472164826611e-08
40700.056 9.085355223009313e-08
40750.056 6.29148399529857e-08
40800.056 4.500448898267658e-08
40850.056 1.0044629319502827e-07
40900.056 8.576636743099929e-08
40950.056 7.565412544001175e-08
41000.056 6.658367128527072e-08
41050.056 1.0472008184177073e-07
41100.056 8.728270144979964e-08
41150.056 4.6290608183236356e-08
41200.056 1.0370750061080882e-07
41250.056 8.208666090495134e-08
41300.056 8.022278060799065e-08
41350.056 1.0707604426099293e-07
41400.056 9.379668654100795e-08
41450.056 1.1476929656298132e-07
41500.056 7.9743692645126e-08
41550.056 7.598598267334847e-08
41600.056 8.579729615178621e-08
41650.056 1.013760073445059e-07
41700.056 1.0835278512896726e-07
41750.056 9.539074860498359e-08
41800.056 1.0726065087302837e-07
41850.056 8.927061020572536e-08
41900.056 9.05154082556555e-08
41950.056 9.331842740501212e-08
42000.056 7.156692081108534e-08
42050.056 7.280809958524879e-08
42100.056 9.485417784591612e-08
42150.056 8.07240332519041e-08
42200.056 8.369344040559774e-08
42250.056 7.816342783315382e-08
42300.056 7.68472754576007e-08
42350.056 1.0481736747501035e-07
42400.056 1.1135552693501615e-07
42450.056 1.0026115459603362e-07
42500.056 9.809046448898774e-08
42550.056 8.649916332497868e-08
42600.056 9.809722847553827e-08
42650.056 1.4196007479794997e-07
42700.056 8.5935694053369e-08
42750.056 9.774419003001175e-08
42800.056 1.2808129025901978e-07
42850.056 1.3631081184095738e-07
42900.056 1.4718770516903267e-07
42950.056 1.1354855376597859e-07
43000.056 1.2906008525902004e-07
43050.056 7.377270471461506e-08
43100.056 1.0870702734898283e-07
43150.056 9.273643543201233e-08
43200.056 1.319861841980088e-07
43250.056 1.6972531322701154e-07
43300.056 1.6296576057799896e-07
43350.056 9.23611082669739e-08
43400.056 1.267071131840013e-07
43450.056 9.126415264161057e-08
43500.056 9.251104820832138e-08
43550.056 1.0119872368221745e-07
43600.056 1.4848394998601898e-07
43650.056 9.941970580390357e-08
43700.056 1.6768371041003297e-07
43750.056 1.4420093590500027e-07
43800.056 1.336023226669876e-07
43850.056 1.1733439668701186e-07
43900.056 1.0806811995168733e-07
43950.056 7.193262992349274e-08
44000.056 7.024360703989638e-08
44050.056 1.5409896193900302e-07
44100.056 1.990275427619994e-07
44150.056 1.8093102033359907e-07
44200.056 1.57918389084999e-07
44250.056 9.618755871099849e-08
44300.056 7.992906941401426e-08
44350.056 9.127853053082436e-08
44400.056 8.483594483849085e-08
44450.056 1.3744284111399332e-07
44500.056 1.292657303716272e-07
44550.056 1.7864175349798229e-07
44600.056 1.5616035343680213e-07
44650.056 1.3951158059791894e-07
44700.056 9.468772161299653e-08
44750.056 1.4247521364903115e-07
44800.056 1.0538851547861142e-07
44850.056 1.4254622846901246e-07
44900.056 1.1676875211840671e-07
44950.056 1.3768728743300964e-07
45000.056 1.5445886240400536e-07
45050.056 1.4305848013298338e-07
45100.056 1.3297067048800223e-07
45150.056 1.2752668925827698e-07
45200.056 1.0032093834600708e-07
45250.056 1.153576753117663e-07
45300.056 1.004286447634164e-07
45350.056 9.285959454442067e-08
45400.056 1.934721146260225e-07
45450.056 1.6192537961801272e-07
45500.056 1.8686556957841042e-07
45550.056 1.98093830338941e-07
45600.056 1.8396086173003484e-07
45650.056 1.4808559704340024e-07
45700.056 1.0390200940639528e-07
45750.056 9.84755077105036e-08
45800.056 2.070351219000032e-07
45850.056 1.7676081568798964e-07
45900.056 2.0696657980599207e-07
45950.056 1.7022741413399775e-07
46000.056 1.9486057335901862e-07
46050.056 1.4741411734410682e-07
46100.056 2.2121382809997897e-07
46150.056 1.393800574130072e-07
46200.056 1.2460804865468753e-07
46250.056 5.980795433139113e-08
46300.056 1.4554839360200177e-07
46350.056 1.50969693573019e-07
46400.056 1.3456453404900328e-07
46450.056 1.2380468339431271e-07
46500.056 1.4261561876083382e-07
46550.056 8.405604961400561e-08
46600.056 1.2184405861178375e-07
46650.056 1.8416423247501145e-07
46700.056 1.1982803407196826e-07
46750.056 7.115985559391024e-08
46800.056 4.93473625722025e-08
46850.056 1.80393550119029e-07
46900.056 1.6989286723699378e-07
46950.056 1.66337996192985e-07
47000.056 1.6008035038602834e-07
47050.056 1.2440000696971773e-07
47100.056 8.633707919401164e-08
47150.056 1.2802459104082022e-07
47200.056 1.5205152849899518e-07
47250.056 9.260447449088926e-08
47300.056 6.281789527192065e-08
47350.056 1.7822685026599647e-07
47400.056 1.505503347119859e-07
47450.056 1.3539607634943657e-07
47500.056 1.7928061197238013e-07
47550.056 1.549970670610084e-07
47600.056 1.5093941926849148e-07
47650.056 1.504998639951902e-07
47700.056 1.2217563302618278e-07
47750.056 9.145802711260438e-08
47800.056 8.1714211795009e-08
47850.056 4.639174750980846e-08
47900.056 6.882521139149116e-08
47950.056 1.3292499804800874e-07
48000.056 1.837479652700202e-07
48050.056 1.5709323515099931e-07
48100.056 7.115283680000782e-08
48150.056 1.219147714250032e-07
48200.056 8.935061977559988e-08
48250.056 1.0544749211400327e-07
48300.056 1.710415065399758e-07
48350.056 1.0380040396899681e-07
48400.056 3.5672568598691046e-08
48450.056 7.246390582667876e-08
48500.056 1.1035421178197529e-07
48550.056 1.1239646215440949e-07
48600.056 1.3025258648800038e-07
48650.056 1.6273120850498737e-07
48700.056 1.1363073360491142e-07
48750.056 7.512294844793465e-08
48800.056 1.525035002520022e-07
48850.056 8.653916955928454e-08
48900.056 1.2465594177206918e-07
48950.056 7.126193133100346e-08
49000.056 3.718801145884123e-08
49050.056 1.0789695468398441e-07
49100.056 1.3254391655952515e-07
49150.056 9.912007525564972e-08
49200.056 1.5156347983202877e-07
49250.056 1.488402823910167e-07
49300.056 1.264482461279981e-07
49350.056 5.558705869745215e-08
49400.056 8.154237792767946e-08
49450.056 8.291908602307384e-08
49500.056 6.485776667099338e-08
49550.056 1.850092772959117e-08
49600.056 4.7314547848265236e-08
49650.056 8.82502264979989e-08
49700.056 9.250586162996866e-08
49750.056 1.0070312642749457e-07
49800.056 6.939510185196005e-08
49850.056 1.2931809236082525e-07
49900.056 1.0298607411598946e-07
49950.056 1.0207643505000174e-07
50000.056 8.394072196167875e-08
50050.056 1.0305201958500138e-07
50100.056 8.053646761999714e-08
50150.056 4.273920205519162e-08
50200.056 1.0318054935154064e-08
50250.056 5.3621638181996225e-08
50300.056 3.6198416273895334e-08
50350.056 9.6379628773013e-08
50400.056 9.403557227018955e-08
50450.056 7.144925965360386e-08
50500.056 1.0728656490060965e-07
50550.056 9.33084407340072e-08
50600.056 6.980494847998115e-08
50650.056 1.119646128470193e-07
50700.056 1.1345843382797606e-07
50750.056 7.64606029728087e-08
50800.056 3.126255103229445e-08
50850.056 2.0004966349569262e-08
50900.056 9.141438699200134e-08
50950.056 7.416191257099837e-08
51000.056 6.59802536545148e-08
51050.056 8.671194140498945e-08
51100.056 3.5128085342416026e-08
51150.056 4.461473308239963e-08
51200.056 1.1267684602799544e-07
51250.056 7.50200435278868e-08
51300.056 5.345803356522253e-08
51350.056 5.403455526493382e-08
51400.056 2.2113940834722772e-08
51450.056 1.7344345287282295e-08
51500.056 1.7166524219831263e-08
51550.056 5.8476445370887564e-08
51600.056 4.476611126221137e-08
51650.056 5.4420199640992534e-08
51700.056 6.018512722259932e-08
51750.056 3.9570613680107406e-08
51800.056 6.911579859898788e-08
51850.056 5.73378273242956e-08
51900.056 7.95439803589969e-08
51950.056 4.8938341204994206e-08
52000.056 6.883047076157507e-09
52050.056 2.8411407969704123e-08
52100.056 1.8111462207597784e-08
52150.056 1.1441227638524553e-08
52200.056 2.6101308542499958e-08
52250.056 3.8387468467110674e-08
52300.056 5.541401866099697e-08
52350.056 2.275455438460469e-08
52400.056 2.1419199489811147e-08
52450.056 6.287335862300532e-08
52500.056 5.1247050410765006e-08
52550.056 5.373801471199456e-08
52600.056 4.015784685999944e-08
52650.056 4.738590602120533e-08
52700.056 3.572801182959845e-08
52750.056 1.656258540272473e-08
52800.056 2.7430500418303583e-08
52850.056 3.1296044615590484e-08
52900.056 1.7434030761587598e-08
52950.056 2.4959195166902692e-08
53000.056 3.987218146300816e-08
53050.056 1.6756355892015263e-08
53100.056 4.368082308879368e-08
53150.056 4.939647084720417e-08
53200.056 2.2058173974108758e-08
53250.056 4.5422918838302806e-08
53300.056 5.519531778396282e-08
53350.056 4.25182022886018e-08
53400.056 2.965801200499401e-08
53450.056 1.2310271665645945e-08
53500.056 2.914447628830985e-09
53550.056 7.3683121838260205e-09
