galfind/configs/Brown_Dwarf_templates/sonora_bobcat/m0.0/100g/sp_t375g100nc_m0.0_resample.dat
# %ECSV 1.0
# ---
# datatype:
# - {name: wav, unit: Angstrom, datatype: float64}
# - {name: flux_nu, unit: erg / (cm2 Hz s), datatype: float64}
# meta: {C/O: '1.00', Kzz: '1.0000E+05', Teff: '375.', Y: '0.28', '[Fe/H]': '0.00', f_hole: '1.00', f_rain: '0.00', grav: '100.'}
# schema: astropy-2.0
wav flux_nu
4000.0559999999996 nan
4050.0559999999996 1.9764881343563565e-18
4100.056 1.657417697220033e-16
4150.056 1.533637201780016e-15
4200.056 1.623930483121018e-15
4250.056 1.5714544797800144e-14
4300.056 3.881452859100018e-14
4350.056 7.514011091100032e-14
4400.056 1.3072677928500037e-13
4450.056 2.1358121077000047e-13
4500.056 3.344561060700012e-13
4550.056 3.36582154824998e-13
4600.056 5.796981821599973e-14
4650.056 3.3360437056999826e-14
4700.056 1.7598398583999903e-14
4750.056 8.177889632099953e-15
4800.056 4.048471487899975e-15
4850.056 1.8030327160999876e-15
4900.056 9.910563763099969e-16
4950.056 6.646323735799984e-16
5000.056 4.4058863538999816e-16
5050.056 3.342436450000017e-16
5100.056 3.7273395285000415e-16
5150.056 4.3695731900000145e-16
5200.056 5.072499644300016e-16
5250.056 5.796693771500008e-16
5300.056 6.642440259000011e-16
5350.056 7.638302502700012e-16
5400.056 8.656403297300018e-16
5450.056 9.881606503400063e-16
5500.056 1.1274971826400043e-15
5550.056 1.2749250771000017e-15
5600.056 1.412055403500002e-15
5650.056 1.5238439860999995e-15
5700.056 1.5570853013000014e-15
5750.056 1.5626435869000011e-15
5800.056 1.4261066645999955e-15
5850.056 9.72449453449987e-16
5900.056 2.7378989330068403e-16
5950.056 1.908371608430068e-15
6000.056 4.224792243199975e-15
6050.056 7.703552498500095e-15
6100.056 1.2674226206600119e-14
6150.056 1.9448710956000125e-14
6200.056 2.8410404557000153e-14
6250.056 3.9150059762000044e-14
6300.056 5.4196943785000043e-14
6350.056 7.370122738800015e-14
6400.056 9.872348350400036e-14
6450.056 1.1694619211099803e-13
6500.056 1.530435445960014e-13
6550.056 2.07882593107994e-13
6600.056 2.835798240040087e-13
6650.056 3.9441667763000374e-13
6700.056 5.212470537400033e-13
6750.056 7.105156913000037e-13
6800.056 8.548200287600074e-13
6850.056 9.153979379600004e-13
6900.056 7.735163620300141e-13
6950.056 6.002403295260031e-13
7000.056 6.90197959979986e-13
7050.056 7.218175294259974e-13
7100.056 8.168496465199861e-13
7150.056 6.400846006806481e-13
7200.056 5.099672000444165e-13
7250.056 6.002312650069431e-13
7300.056 6.272687503369685e-13
7350.056 8.106980996478437e-13
7400.056 1.0046812780500472e-12
7450.056 1.3087196072800716e-12
7500.056 1.5743837326600028e-12
7550.056 1.7623567387000027e-12
7600.056 1.809744816399997e-12
7650.056 8.029853639339757e-13
7700.056 7.026381013370208e-13
7750.056 2.0620408618000247e-12
7800.056 2.7441532729499973e-12
7850.056 3.5626955224999625e-12
7900.056 4.298315457199918e-12
7950.056 4.783830336039997e-12
8000.056 5.860984310800031e-12
8050.056 6.710646847900108e-12
8100.056 5.088929685123743e-12
8150.056 4.094256930034302e-12
8200.056 7.2651350769562755e-12
8250.056 7.687462747987625e-12
8300.056 8.913430160343235e-12
8350.056 9.597556038891739e-12
8400.056 1.162418779224219e-11
8450.056 1.6471269050599848e-11
8500.056 1.9831541332499696e-11
8550.056 2.5331018899000376e-11
8600.056 3.090316056800017e-11
8650.056 3.5195674590000274e-11
8700.056 3.5969103317000406e-11
8750.056 3.8831823777000175e-11
8800.056 3.8562802340999646e-11
8850.056 3.1186544851998564e-11
8900.056 5.937548625082468e-12
8950.056 4.9043359157650464e-12
9000.056 4.3012500636616e-12
9050.056 1.6840986736423746e-11
9100.056 2.1339693512382113e-11
9150.056 2.8129452647870297e-11
9200.056 5.307310182071918e-11
9250.056 4.478886923498266e-11
9300.056 1.8971959391983336e-12
9350.056 2.6935193472599538e-12
9400.056 1.2331888075841473e-11
9450.056 1.188391940361996e-11
9500.056 9.525403871748386e-12
9550.056 1.0335892832977231e-11
9600.056 1.1529350817160504e-11
9650.056 2.2109625531821808e-11
9700.056 6.114972520762463e-11
9750.056 5.0631712472343824e-11
9800.056 5.824188508853421e-11
9850.056 6.839675325695805e-11
9900.056 9.726374603757145e-11
9950.056 9.788598896431071e-11
10000.056 1.0121869336601536e-10
10050.056 1.2691443829500308e-10
10100.056 1.402961503869986e-10
10150.056 1.0656489443230126e-10
10200.056 6.545431642142722e-11
10250.056 9.119135298073982e-11
10300.056 1.4796943145989817e-10
10350.056 9.61384602454456e-11
10400.056 2.1709144632203012e-10
10450.056 3.3857090651142726e-10
10500.056 4.901178797858078e-10
10550.056 7.133786405800197e-10
10600.056 8.600344649000095e-10
10650.056 9.279909834300196e-10
10700.056 8.497982212639927e-10
10750.056 8.841836704869971e-10
10800.056 8.375194854204061e-10
10850.056 7.180638245367251e-10
10900.056 5.017945747326811e-10
10950.056 2.2461481453528449e-10
11000.056 1.1229346135469993e-10
11050.056 5.122172268879384e-11
11100.056 2.0732761921697032e-11
11150.056 5.945601954317744e-12
11200.056 2.87940155788617e-12
11250.056 3.0500837378398428e-12
11300.056 7.296338500475536e-12
11350.056 1.3603505689782722e-12
11400.056 1.0335694824314248e-11
11450.056 5.458596584574911e-12
11500.056 4.432625030137958e-12
11550.056 7.107617227325474e-13
11600.056 2.81106003181872e-13
11650.056 2.0498006945149844e-12
11700.056 2.6473776355861818e-12
11750.056 5.059856944731254e-13
11800.056 3.770279403458456e-12
11850.056 4.94030649016414e-12
11900.056 4.827456884886329e-12
11950.056 8.123759187555823e-12
12000.056 1.4364337561062751e-11
12050.056 2.6333433768973275e-11
12100.056 3.7381749726291654e-11
12150.056 5.897019371849563e-11
12200.056 7.017362151902552e-11
12250.056 1.3195903793819056e-10
12300.056 2.5573509037854167e-10
12350.056 3.1338044654476695e-10
12400.056 5.431338641727848e-10
12450.056 8.944719156500406e-10
12500.056 1.0741354763881213e-09
12550.056 1.3243713736470085e-09
12600.056 1.875215577962171e-09
12650.056 2.4415800184359233e-09
12700.056 2.549340126560086e-09
12750.056 1.6159893695501478e-09
12800.056 9.307140659519207e-10
12850.056 4.384919757413976e-10
12900.056 3.116519034492066e-10
12950.056 2.2927801936229312e-10
13000.056 2.5677398158858747e-10
13050.056 1.3948623248468118e-10
13100.056 1.2384787794674624e-10
13150.056 6.411221052960658e-11
13200.056 7.344088137938548e-11
13250.056 6.184806075643324e-11
13300.056 2.2155412638461555e-11
13350.056 7.723691368159243e-12
13400.056 3.180506893096399e-12
13450.056 6.922461332124027e-13
13500.056 1.865762711147837e-13
13550.056 4.102735794339961e-14
13600.056 5.355112634721747e-15
13650.056 6.519976559652398e-14
13700.056 2.7471098813069718e-14
13750.056 1.0815352552026592e-13
13800.056 8.508868289276013e-14
13850.056 3.4701261807475e-14
13900.056 8.073040875549164e-14
13950.056 5.969312067142382e-14
14000.056 8.538377933061075e-14
14050.056 1.5229277748871935e-13
14100.056 1.5838778886550945e-13
14150.056 4.647270916658974e-13
14200.056 2.6255181852153954e-13
14250.056 4.4740713117180505e-13
14300.056 1.5303168468990286e-12
14350.056 1.3048074322456875e-12
14400.056 1.330799554649724e-12
14450.056 2.871000484331817e-12
14500.056 6.9246994725468794e-12
14550.056 7.536254726171731e-12
14600.056 9.284263138111277e-12
14650.056 3.673101464350261e-12
14700.056 1.4366317290568351e-12
14750.056 4.220959023378057e-13
14800.056 7.218618877042792e-13
14850.056 9.948576335093032e-13
14900.056 9.427894031183446e-13
14950.056 5.520819095809039e-13
15000.056 2.0658520008066357e-12
15050.056 1.872104337713581e-12
15100.056 8.356158295499135e-13
15150.056 3.2284174286517086e-13
15200.056 1.483498219860591e-12
15250.056 3.510951096990107e-12
15300.056 4.6329811605850625e-12
15350.056 6.889732959235559e-12
15400.056 9.063017214663612e-12
15450.056 1.3391189067080061e-11
15500.056 1.7116820222446277e-11
15550.056 4.3029279639740164e-11
15600.056 7.303015475351864e-11
15650.056 1.5189585724517914e-10
15700.056 2.9391242575350164e-10
15750.056 4.5234724749261766e-10
15800.056 5.865004120640071e-10
15850.056 7.853347873541171e-10
15900.056 8.938877240159987e-10
15950.056 1.0318888119299225e-09
16000.056 8.564191449800835e-10
16050.056 5.077427074259438e-10
16100.056 2.8032404685197534e-10
16150.056 1.2708376997759044e-10
16200.056 5.427344739061381e-11
16250.056 2.8384372131801114e-11
16300.056 1.4211913389764234e-11
16350.056 1.9932889801429607e-11
16400.056 2.5317449069729526e-11
16450.056 2.1134760591605555e-11
16500.056 1.5568311840838898e-11
16550.056 1.508895172752715e-11
16600.056 3.6519871275913005e-11
16650.056 2.383342583008154e-11
16700.056 2.7044744092909688e-12
16750.056 1.1835958823148617e-11
16800.056 1.9894264973527e-11
16850.056 2.2540527562118154e-11
16900.056 8.017136129055977e-12
16950.056 4.253370309935669e-12
17000.056 1.8376864389682957e-12
17050.056 4.377930044182267e-12
17100.056 1.0268965844003153e-11
17150.056 4.800418939329079e-12
17200.056 2.401492279843602e-11
17250.056 8.90533205788068e-12
17300.056 5.4495501064685516e-12
17350.056 7.036620030440776e-12
17400.056 1.5754810483696815e-11
17450.056 2.1039440750901095e-11
17500.056 3.1565665067752954e-11
17550.056 2.7712263474096796e-11
17600.056 2.098171929289728e-11
17650.056 1.578878063877858e-11
17700.056 1.2740732347664967e-11
17750.056 1.1788092805196371e-11
17800.056 3.49287006694779e-11
17850.056 1.2718471668588568e-11
17900.056 8.597931485980653e-12
17950.056 6.1880152782925325e-12
18000.056 1.1300168892692355e-11
18050.056 7.052820878718194e-12
18100.056 9.025996521501058e-12
18150.056 5.747059257138446e-12
18200.056 4.068951845305197e-12
18250.056 1.8169859699718332e-11
18300.056 2.202480749102861e-12
18350.056 1.7420193521195268e-12
18400.056 9.881456798336948e-13
18450.056 8.705915863296682e-12
18500.056 8.44237872570689e-12
18550.056 3.801072827377881e-12
18600.056 6.539732063336915e-12
18650.056 4.2033676730622635e-12
18700.056 5.420758965291336e-13
18750.056 1.4031960109410782e-12
18800.056 1.4394364235015645e-11
18850.056 1.3415096926874572e-11
18900.056 1.271211893755166e-11
18950.056 1.9520547052980404e-11
19000.056 3.7795428953480565e-12
19050.056 1.4498829818763389e-12
19100.056 4.593649790558918e-12
19150.056 1.716641786846496e-12
19200.056 3.1240860247098506e-12
19250.056 2.251325190083896e-12
19300.056 1.339777397810274e-12
19350.056 1.2094999020689544e-12
19400.056 1.0161669633769455e-12
19450.056 1.7699914364317805e-12
19500.056 1.0373670083834809e-12
19550.056 2.507238048232555e-12
19600.056 6.759116757977992e-12
19650.056 4.01080190257837e-12
19700.056 5.604976771426142e-12
19750.056 9.689739877836827e-12
19800.056 5.637478307412498e-12
19850.056 6.757498805513985e-12
19900.056 1.0888103276006182e-11
19950.056 1.570040298301823e-11
20000.056 2.1053760142467375e-11
20050.056 1.3855847772724705e-11
20100.056 2.5522550274704634e-11
20150.056 1.373075478071108e-11
20200.056 8.424256086806952e-12
20250.056 2.1214514331215042e-11
20300.056 2.6806855513700634e-11
20350.056 3.009231011934793e-11
20400.056 2.3908310581834738e-11
20450.056 4.5580116951316416e-11
20500.056 5.4131404531682566e-11
20550.056 6.23370179455037e-11
20600.056 6.706131111949591e-11
20650.056 8.511735146424247e-11
20700.056 9.543847817850287e-11
20750.056 1.0893128272098642e-10
20800.056 1.0297657821967956e-10
20850.056 1.237447425180036e-10
20900.056 1.3203740410298418e-10
20950.056 1.2674951954900834e-10
21000.056 1.2482445157340864e-10
21050.056 1.3470977519598943e-10
21100.056 1.283993273780066e-10
21150.056 1.287500641059925e-10
21200.056 1.2126276546661573e-10
21250.056 1.1454818987617918e-10
21300.056 9.917215066910419e-11
21350.056 9.819545671412272e-11
21400.056 9.864166514837773e-11
21450.056 7.820870092196068e-11
21500.056 6.896016489148906e-11
21550.056 6.510011967431113e-11
21600.056 5.450393945939177e-11
21650.056 3.8823760191197965e-11
21700.056 3.276988740386179e-11
21750.056 3.4074088051124356e-11
21800.056 2.2504940819123432e-11
21850.056 2.21563006466376e-11
21900.056 1.5702018004400753e-11
21950.056 5.206734591972034e-12
22000.056 5.563624485965241e-13
22050.056 1.1869038163953853e-12
22100.056 5.439335630985108e-12
22150.056 3.498919191325921e-12
22200.056 3.431215736423795e-12
22250.056 2.722670760469149e-12
22300.056 1.1181484651474598e-12
22350.056 1.7031594206306188e-12
22400.056 5.067867076714816e-13
22450.056 8.990338327121248e-13
22500.056 6.902322214320941e-13
22550.056 3.060622196700709e-13
22600.056 2.314482098367037e-13
22650.056 5.193129796005509e-13
22700.056 4.5283366239583027e-13
22750.056 7.097582779929178e-13
22800.056 8.150962896012333e-13
22850.056 5.306284320950015e-13
22900.056 3.521687348341162e-13
22950.056 2.436410040796482e-13
23000.056 3.725412169269097e-13
23050.056 4.151020582070434e-13
23100.056 3.673279244899796e-12
23150.056 3.668590645829522e-12
23200.056 8.951043349383924e-14
23250.056 5.608277422189289e-13
23300.056 4.679772157239273e-13
23350.056 8.005543465750056e-13
23400.056 5.544738278536251e-13
23450.056 2.6915886165874816e-13
23500.056 2.9203268883539914e-13
23550.056 7.418925594302625e-13
23600.056 1.964053774136218e-12
23650.056 2.612550588544065e-12
23700.056 3.456058965100105e-13
23750.056 3.8664254687331713e-13
23800.056 2.468571629202657e-12
23850.056 1.417630170182076e-12
23900.056 3.5698742146269496e-12
23950.056 1.4870166604124518e-12
24000.056 4.3543301088535194e-12
24050.056 5.301250425751497e-12
24100.056 7.185886174795743e-12
24150.056 1.0601959142831009e-11
24200.056 6.114722707530724e-12
24250.056 4.752521698042165e-12
24300.056 1.0145685861306442e-11
24350.056 8.158538200254723e-12
24400.056 2.1840038591003925e-11
24450.056 2.5431517567252146e-11
24500.056 2.1794944349321356e-11
24550.056 3.653407639153343e-11
24600.056 4.0753413052254066e-11
24650.056 6.538182852750748e-11
24700.056 4.0618016858267885e-11
24750.056 5.632165789005513e-11
24800.056 4.667811972456408e-11
24850.056 8.07971515694228e-11
24900.056 3.508874070868436e-11
24950.056 7.058630389474587e-11
25000.056 7.700592669955399e-11
25050.056 4.6781934700232684e-11
25100.056 7.59204861962138e-11
25150.056 3.1666025295284614e-11
25200.056 4.954575629457154e-11
25250.056 1.7658045647737772e-11
25300.056 2.250835839750982e-11
25350.056 1.0105713849983378e-11
25400.056 2.7244152396777166e-11
25450.056 6.650366106984819e-12
25500.056 5.202940285325874e-12
25550.056 1.3619857977688074e-11
25600.056 5.505495154796425e-12
25650.056 2.4583533715724352e-12
25700.056 2.038107730460921e-12
25750.056 4.985880247772214e-13
25800.056 3.6366064255126688e-12
25850.056 4.343104223187843e-13
25900.056 6.163003481990182e-13
25950.056 9.966275254777557e-14
26000.056 2.6860821255449054e-12
26050.056 1.5967187881160854e-13
26100.056 1.1809672664189962e-12
26150.056 3.654409647236172e-13
26200.056 5.692983343427297e-13
26250.056 6.79871696510613e-12
26300.056 7.521481246217074e-13
26350.056 1.58961946797457e-11
26400.056 3.151094102474115e-11
26450.056 1.6954106724490235e-11
26500.056 5.264289364122428e-11
26550.056 2.654668853485679e-12
26600.056 2.8572757378900864e-12
26650.056 2.4911615083565856e-13
26700.056 1.3582400261324956e-13
26750.056 3.1508186035925947e-13
26800.056 1.5424300465641785e-12
26850.056 8.010885389770348e-13
26900.056 5.538497874965857e-12
26950.056 1.2893626769709402e-12
27000.056 9.727930880937196e-12
27050.056 1.5173770415543812e-11
27100.056 5.998153247975347e-13
27150.056 1.4345924020260208e-11
27200.056 6.107843365026548e-13
27250.056 3.688079314157461e-12
27300.056 4.770547751312525e-11
27350.056 1.1006586775985582e-11
27400.056 3.307642413353737e-13
27450.056 1.7156198582606006e-11
27500.056 2.237979356706134e-11
27550.056 2.2400813005124637e-12
27600.056 8.859851858801944e-12
27650.056 1.6729944976369351e-12
27700.056 1.773153813712429e-12
27750.056 1.6637843935862376e-11
27800.056 3.988817982306734e-12
27850.056 8.525547540730316e-12
27900.056 9.231031784418692e-12
27950.056 2.5258472435274648e-11
28000.056 2.699975760523748e-11
28050.056 1.8839300811147974e-12
28100.056 2.6622083204324427e-11
28150.056 1.9665859634430497e-11
28200.056 3.53568231289408e-12
28250.056 3.856023256413714e-11
28300.056 3.40924604422531e-11
28350.056 4.739671724890732e-12
28400.056 2.2197295051465773e-11
28450.056 4.626177830822035e-11
28500.056 2.3326424309699425e-11
28550.056 3.9445543621112525e-12
28600.056 4.3515965374043615e-11
28650.056 2.388872722262303e-11
28700.056 4.752387231686579e-11
28750.056 7.016097675046508e-11
28800.056 2.182446476393958e-11
