galfind/configs/Brown_Dwarf_templates/sonora_bobcat/m0.0/100g/sp_t450g100nc_m0.0_resample.dat
# %ECSV 1.0
# ---
# datatype:
# - {name: wav, unit: Angstrom, datatype: float64}
# - {name: flux_nu, unit: erg / (cm2 Hz s), datatype: float64}
# meta: {C/O: '1.00', Kzz: '1.0000E+05', Teff: '450.', Y: '0.28', '[Fe/H]': '0.00', f_hole: '1.00', f_rain: '0.00', grav: '100.'}
# schema: astropy-2.0
wav flux_nu
4000.0559999999996 nan
4050.0559999999996 1.6368825845375363e-17
4100.056 3.1626894943200676e-15
4150.056 3.2289324281000335e-14
4200.056 3.237596542680908e-14
4250.056 2.8893726301000235e-13
4300.056 6.501964541800046e-13
4350.056 1.139829049980005e-12
4400.056 1.8199672851000078e-12
4450.056 2.775176741100011e-12
4500.056 3.873005175700023e-12
4550.056 3.680655178641969e-12
4600.056 6.318196920199967e-13
4650.056 3.3881586132999785e-13
4700.056 1.461063206299987e-13
4750.056 4.417710870099954e-14
4800.056 1.5425098072399864e-14
4850.056 5.5812714958999505e-15
4900.056 2.6777062518999874e-15
4950.056 1.6204792115999941e-15
5000.056 9.90356902319994e-16
5050.056 7.202054507400023e-16
5100.056 7.815269681700079e-16
5150.056 8.924016192200049e-16
5200.056 1.016839218610003e-15
5250.056 1.1458737826000017e-15
5300.056 1.294262162700002e-15
5350.056 1.467284199100002e-15
5400.056 1.647743010500003e-15
5450.056 1.858840473600011e-15
5500.056 2.0946721477000096e-15
5550.056 2.343814964600004e-15
5600.056 2.580911221000003e-15
5650.056 2.7781926226999985e-15
5700.056 2.8500446983000016e-15
5750.056 2.8193253203000007e-15
5800.056 2.5329175791999923e-15
5850.056 1.7839824750799773e-15
5900.056 5.473314118656404e-16
5950.056 3.5111160364001102e-15
6000.056 7.548647520799956e-15
6050.056 1.3547116208100192e-14
6100.056 2.1820413655000203e-14
6150.056 3.302055306000021e-14
6200.056 4.8069948913000254e-14
6250.056 6.676633761000015e-14
6300.056 9.260358207600011e-14
6350.056 1.2608523077800046e-13
6400.056 1.6924176936000077e-13
6450.056 2.0847837723199644e-13
6500.056 2.762067448810006e-13
6550.056 3.7415186826199236e-13
6600.056 5.081947426000163e-13
6650.056 6.975504875800059e-13
6700.056 9.083062369400069e-13
6750.056 1.2473252398100064e-12
6800.056 1.5232088534000145e-12
6850.056 1.6613549411000021e-12
6900.056 1.4727586382300322e-12
6950.056 1.2331831523319936e-12
7000.056 1.3665043195999902e-12
7050.056 1.450933253549984e-12
7100.056 1.6223137675999725e-12
7150.056 1.3912865572488511e-12
7200.056 1.2419942357454377e-12
7250.056 1.4011459726206661e-12
7300.056 1.4469495512442749e-12
7350.056 1.7035685227388533e-12
7400.056 1.9596208503700973e-12
7450.056 2.317789790260129e-12
7500.056 2.5927594048999962e-12
7550.056 2.729180004399997e-12
7600.056 2.662064782399992e-12
7650.056 1.0655646840779631e-12
7700.056 8.6426204921903e-13
7750.056 2.971956925300037e-12
7800.056 4.142139478219992e-12
7850.056 5.768509167999977e-12
7900.056 7.230289879099846e-12
7950.056 8.058635245440005e-12
8000.056 1.0455693087000085e-11
8050.056 1.231715910450022e-11
8100.056 1.0978245900194543e-11
8150.056 1.0542399528778454e-11
8200.056 1.63492927975168e-11
8250.056 1.8031624713521946e-11
8300.056 2.171799551101751e-11
8350.056 2.403894913560669e-11
8400.056 2.8980006338160343e-11
8450.056 3.8786149553199546e-11
8500.056 4.552279179199859e-11
8550.056 5.872628871800084e-11
8600.056 7.26345467220006e-11
8650.056 8.530836194200096e-11
8700.056 9.369816793000113e-11
8750.056 1.071068446000006e-10
8800.056 1.1555906611600035e-10
8850.056 1.0579699070299634e-10
8900.056 3.6062361095476865e-11
8950.056 3.6310914629645617e-11
9000.056 3.2861809908617514e-11
9050.056 9.649975102210062e-11
9100.056 1.2008989565088373e-10
9150.056 1.4531032215560625e-10
9200.056 2.3051074508250227e-10
9250.056 2.1434254353381303e-10
9300.056 2.7015223006360705e-11
9350.056 3.651492485341868e-11
9400.056 9.888763279187785e-11
9450.056 1.086409609748333e-10
9500.056 9.166820142183842e-11
9550.056 1.0410041794123807e-10
9600.056 1.0668797913044689e-10
9650.056 1.652088728867625e-10
9700.056 3.3089923434647434e-10
9750.056 3.139882836843948e-10
9800.056 3.6429007191169116e-10
9850.056 4.254196002269548e-10
9900.056 5.737089949103836e-10
9950.056 5.869195039278535e-10
10000.056 6.15393523132962e-10
10050.056 8.110580137800262e-10
10100.056 9.821003440399818e-10
10150.056 9.52343909330006e-10
10200.056 8.615357476390895e-10
10250.056 1.0896288766556017e-09
10300.056 1.4948334373981254e-09
10350.056 1.3578041701590043e-09
10400.056 2.1963428402601852e-09
10450.056 2.904280151459372e-09
10500.056 3.64332419894996e-09
10550.056 4.578074220800111e-09
10600.056 5.12057178719995e-09
10650.056 5.473933549500158e-09
10700.056 5.2648289702700415e-09
10750.056 5.468405210510051e-09
10800.056 5.265665909486057e-09
10850.056 4.666701788269136e-09
10900.056 3.316630792830875e-09
10950.056 1.5340988571068907e-09
11000.056 8.766419968860886e-10
11050.056 4.549108439094042e-10
11100.056 2.2478418737766623e-10
11150.056 8.077440201088684e-11
11200.056 4.980890739120688e-11
11250.056 5.920749029028843e-11
11300.056 1.0269436257902972e-10
11350.056 2.6421603999662297e-11
11400.056 1.1983269037039571e-10
11450.056 7.552824570369221e-11
11500.056 5.659571581917592e-11
11550.056 1.1236211545961197e-11
11600.056 7.107774279222164e-12
11650.056 3.1937525867399415e-11
11700.056 3.8767885414871356e-11
11750.056 7.5510969814696e-12
11800.056 5.178522281987109e-11
11850.056 8.209461993635764e-11
11900.056 8.971005819829114e-11
11950.056 1.50639854583083e-10
12000.056 2.6497916547686714e-10
12050.056 4.640879487538432e-10
12100.056 7.10224108871444e-10
12150.056 1.1153978201606086e-09
12200.056 1.4040934874313985e-09
12250.056 2.241470680112588e-09
12300.056 3.6141372198093817e-09
12350.056 4.084175957300935e-09
12400.056 6.278096760739699e-09
12450.056 8.895887059760543e-09
12500.056 1.0233904382321303e-08
12550.056 1.2217801782339876e-08
12600.056 1.4565001715611063e-08
12650.056 1.5788104660679375e-08
12700.056 1.578970163592089e-08
12750.056 1.1683924065551246e-08
12800.056 8.508185689649726e-09
12850.056 4.9090643034352845e-09
12900.056 3.623447109291446e-09
12950.056 2.8442424744008963e-09
13000.056 2.940250439401483e-09
13050.056 1.764001244910977e-09
13100.056 1.5914822043753824e-09
13150.056 9.503821192951591e-10
13200.056 9.293809362236958e-10
13250.056 6.947757238331752e-10
13300.056 2.52502242498387e-10
13350.056 7.669558885666057e-11
13400.056 3.614857633096759e-11
13450.056 1.0502200892862662e-11
13500.056 3.782240316126038e-12
13550.056 1.2751559650083595e-12
13600.056 2.472690392790638e-13
13650.056 2.188935524066862e-12
13700.056 1.090177228401497e-12
13750.056 2.6762801422183045e-12
13800.056 2.3362271913283244e-12
13850.056 1.1734367367897397e-12
13900.056 1.979337858783311e-12
13950.056 1.5625430444590875e-12
14000.056 1.9037095840956262e-12
14050.056 3.390610609597894e-12
14100.056 3.397473232893431e-12
14150.056 7.435588048295512e-12
14200.056 4.40092015594804e-12
14250.056 6.6187246380234395e-12
14300.056 1.870257589663935e-11
14350.056 1.7517354185116997e-11
14400.056 1.850947442043014e-11
14450.056 3.312570520223717e-11
14500.056 7.38307501133445e-11
14550.056 7.83717630491908e-11
14600.056 9.982730004285036e-11
14650.056 5.296459658320178e-11
14700.056 2.2986680735097712e-11
14750.056 1.0230837490493065e-11
14800.056 1.8976293402864088e-11
14850.056 2.5606849738655856e-11
14900.056 2.5449035771688767e-11
14950.056 1.8105929294298815e-11
15000.056 5.3672327354068735e-11
15050.056 4.3696240071808986e-11
15100.056 2.570758435963139e-11
15150.056 1.4484486100606179e-11
15200.056 4.0398957899145064e-11
15250.056 9.45905885871785e-11
15300.056 1.1970334036185375e-10
15350.056 1.6577248369712105e-10
15400.056 2.337523169201032e-10
15450.056 3.307797745046755e-10
15500.056 3.920891678252054e-10
15550.056 7.46680113250576e-10
15600.056 1.1073203009277608e-09
15650.056 1.8512458626505474e-09
15700.056 2.919364396390996e-09
15750.056 3.9006895033499615e-09
15800.056 4.646800000620059e-09
15850.056 5.65070263848073e-09
15900.056 5.638723964890087e-09
15950.056 5.6799402392994206e-09
16000.056 4.367646658100528e-09
16050.056 2.48533467121972e-09
16100.056 1.4673722158418138e-09
16150.056 7.315477893309121e-10
16200.056 3.5622051346994045e-10
16250.056 2.1968889727889032e-10
16300.056 1.2809137283509847e-10
16350.056 1.6839949553634715e-10
16400.056 2.124267271599049e-10
16450.056 1.8263856245731023e-10
16500.056 1.5288367407732868e-10
16550.056 1.542470448294619e-10
16600.056 2.650254840017851e-10
16650.056 1.8899018306791933e-10
16700.056 2.5093616653957868e-11
16750.056 9.431356700419307e-11
16800.056 1.5865063255684467e-10
16850.056 1.8220927553191165e-10
16900.056 8.245802035473882e-11
16950.056 4.7377511218454173e-11
17000.056 2.422580705286637e-11
17050.056 5.372179617454834e-11
17100.056 1.0307231207735642e-10
17150.056 5.267245338175915e-11
17200.056 2.0194272098968388e-10
17250.056 1.0264691948778867e-10
17300.056 6.332355404670888e-11
17350.056 7.213964279072932e-11
17400.056 1.3379570162886001e-10
17450.056 1.7885016416206676e-10
17500.056 2.445854916975718e-10
17550.056 2.177478547240894e-10
17600.056 1.6341428431856775e-10
17650.056 1.4023263483675877e-10
17700.056 1.0854307379549383e-10
17750.056 1.0386712745293281e-10
17800.056 2.541711041368842e-10
17850.056 1.1300328868643933e-10
17900.056 8.00699381870469e-11
17950.056 6.10723429833276e-11
18000.056 1.0145556794429426e-10
18050.056 7.263878390391497e-11
18100.056 9.229297377996275e-11
18150.056 7.518291485955377e-11
18200.056 5.113619059692894e-11
18250.056 1.8543858324713497e-10
18300.056 3.769499639430247e-11
18350.056 2.92634821689532e-11
18400.056 2.0484663383879662e-11
18450.056 1.0078557981209906e-10
18500.056 9.848942196782496e-11
18550.056 5.375369124697449e-11
18600.056 7.281319269332058e-11
18650.056 4.91496507143113e-11
18700.056 1.2592484485204734e-11
18750.056 3.0567937284244425e-11
18800.056 1.538130525970834e-10
18850.056 1.5166966928513936e-10
18900.056 1.3121945105769302e-10
18950.056 2.1087539783820677e-10
19000.056 5.951004667938791e-11
19050.056 2.6303134418358672e-11
19100.056 6.419504687591095e-11
19150.056 2.7329882086632465e-11
19200.056 4.06174102126479e-11
19250.056 2.97091568639695e-11
19300.056 1.9895885872421676e-11
19350.056 1.7102868416787303e-11
19400.056 1.530425211900798e-11
19450.056 2.685324220402603e-11
19500.056 1.6899205402543927e-11
19550.056 2.953341078371007e-11
19600.056 7.102051320489738e-11
19650.056 4.580407841541558e-11
19700.056 5.795295783296355e-11
19750.056 9.922254242025482e-11
19800.056 6.552905911506394e-11
19850.056 8.148962683168465e-11
19900.056 1.1204981776595501e-10
19950.056 1.6089527134252587e-10
20000.056 2.134144673997313e-10
20050.056 1.5495167977277344e-10
20100.056 2.8318460800761525e-10
20150.056 1.4730580925216452e-10
20200.056 1.0362172672774017e-10
20250.056 2.2393029350314285e-10
20300.056 2.709712717185266e-10
20350.056 2.943960549037106e-10
20400.056 2.4655838915507733e-10
20450.056 4.4548337562660693e-10
20500.056 5.335097146795984e-10
20550.056 6.145007088515622e-10
20600.056 6.54178063602538e-10
20650.056 8.404621291169741e-10
20700.056 9.495062978228466e-10
20750.056 1.0944143056238185e-09
20800.056 1.0655583338637826e-09
20850.056 1.2565600078600592e-09
20900.056 1.3597102120097457e-09
20950.056 1.3091395567601085e-09
21000.056 1.2939556161971474e-09
21050.056 1.3854486503198281e-09
21100.056 1.3102727264900965e-09
21150.056 1.3168657001158486e-09
21200.056 1.22680084038019e-09
21250.056 1.138560013600726e-09
21300.056 9.636308680666292e-10
21350.056 9.540580918696998e-10
21400.056 9.238836016255705e-10
21450.056 7.364266884659888e-10
21500.056 6.457322713967271e-10
21550.056 5.809185736711529e-10
21600.056 4.862761681608336e-10
21650.056 3.5042213712350375e-10
21700.056 3.0978769508315573e-10
21750.056 2.9812190049271286e-10
21800.056 2.0334001415008284e-10
21850.056 1.973803951369204e-10
21900.056 1.3768347516443415e-10
21950.056 5.043536053896486e-11
22000.056 8.4807690198886e-12
22050.056 1.2254281266641733e-11
22100.056 5.082445656793372e-11
22150.056 3.9686212888270193e-11
22200.056 4.176074179205784e-11
22250.056 3.3358665525833655e-11
22300.056 1.6273738713730118e-11
22350.056 2.1996558139685737e-11
22400.056 7.930972912554332e-12
22450.056 1.1967744124688283e-11
22500.056 9.359777717823597e-12
22550.056 5.348209437084076e-12
22600.056 4.171737843237548e-12
22650.056 8.615955288596546e-12
22700.056 6.9587335693574765e-12
22750.056 8.809467300108549e-12
22800.056 9.624240909869223e-12
22850.056 6.745248513148778e-12
22900.056 4.776818659918583e-12
22950.056 4.029091386463994e-12
23000.056 5.61485776981994e-12
23050.056 7.126026894215481e-12
23100.056 3.915501723973052e-11
23150.056 3.713565673268799e-11
23200.056 1.5321811272613495e-12
23250.056 6.493816821477626e-12
23300.056 5.992969930482041e-12
23350.056 9.248076812653511e-12
23400.056 7.085609343627252e-12
23450.056 4.3050428404448995e-12
23500.056 4.705139395123875e-12
23550.056 9.64012934869136e-12
23600.056 1.9511952550172474e-11
23650.056 2.772197190320974e-11
23700.056 5.325514019837947e-12
23750.056 4.972869144486395e-12
23800.056 2.2425939657309796e-11
23850.056 1.535461672605765e-11
23900.056 3.487160016556718e-11
23950.056 1.9231084067821382e-11
24000.056 4.21643677204372e-11
24050.056 5.1628383832541516e-11
24100.056 5.969030840178511e-11
24150.056 8.739280986344675e-11
24200.056 5.6506133297979464e-11
24250.056 4.54788576164873e-11
24300.056 8.453780997825973e-11
24350.056 6.902865172022238e-11
24400.056 1.5555172418669914e-10
24450.056 1.7598307822541445e-10
24500.056 1.5674251146757922e-10
24550.056 2.4087864575672293e-10
24600.056 2.5601545681925325e-10
24650.056 3.9941298724937553e-10
24700.056 2.355102325100519e-10
24750.056 3.160593053109156e-10
24800.056 2.762559983456175e-10
24850.056 4.727133251367631e-10
24900.056 2.0697150667187524e-10
24950.056 4.364932019603723e-10
25000.056 4.2869550765331366e-10
25050.056 2.6863095983872963e-10
25100.056 4.329074664470362e-10
25150.056 1.967583944375587e-10
25200.056 3.005916873894329e-10
25250.056 1.1823708928866834e-10
25300.056 1.719411219584723e-10
25350.056 7.686307738096288e-11
25400.056 2.024847727116073e-10
25450.056 5.899343536126008e-11
25500.056 4.9375123444471386e-11
25550.056 1.0532056293021263e-10
25600.056 5.166266045811546e-11
25650.056 2.639635522421092e-11
25700.056 3.166411612860171e-11
25750.056 8.09538317942203e-12
25800.056 5.0075474558042764e-11
25850.056 8.114797591046413e-12
25900.056 1.1660837541960811e-11
25950.056 2.5401216921293834e-12
26000.056 4.3615191898291956e-11
26050.056 4.208639982935277e-12
26100.056 2.4830323405647513e-11
26150.056 9.964353802378293e-12
26200.056 1.3712427424393504e-11
26250.056 1.0942822418913205e-10
26300.056 1.9799947891418752e-11
26350.056 1.8157980078878203e-10
26400.056 2.7453663023396085e-10
26450.056 1.8856553440151336e-10
26500.056 4.3071312319306574e-10
26550.056 4.184164011305446e-11
26600.056 5.260718621427612e-11
26650.056 6.32008954156025e-12
26700.056 3.5114451146453333e-12
26750.056 5.677404777900797e-12
26800.056 2.0315333297020762e-11
26850.056 1.0923179636949424e-11
26900.056 6.28292719564708e-11
26950.056 1.8576320550865515e-11
27000.056 1.1767648445104276e-10
27050.056 1.3885502347271723e-10
27100.056 1.326362048455727e-11
27150.056 1.6592434502570766e-10
27200.056 1.3005827602083018e-11
27250.056 5.2314217563033806e-11
27300.056 4.23313045384426e-10
27350.056 1.317789320084591e-10
27400.056 5.610682359106483e-12
27450.056 1.757976155882328e-10
27500.056 2.1413675216274909e-10
27550.056 2.9081225392130528e-11
27600.056 9.500161580153972e-11
27650.056 2.197668692797483e-11
27700.056 1.9766567504534358e-11
27750.056 1.4909061034008355e-10
27800.056 3.8790448246914236e-11
27850.056 6.988111566493977e-11
27900.056 6.974589847523952e-11
27950.056 1.9311366094049395e-10
28000.056 1.7861398801683834e-10
28050.056 1.8391931616277526e-11
28100.056 1.702219492497217e-10
28150.056 1.282647897134156e-10
28200.056 3.102886133864186e-11
28250.056 2.4094616182355005e-10
28300.056 2.203496464093176e-10
28350.056 4.148809396264393e-11
28400.056 1.566195764043421e-10
28450.056 2.8475522228530897e-10
28500.056 1.7046274367666547e-10
28550.056 3.401677807737723e-11
28600.056 2.9124446373000423e-10
28650.056 1.8446454307030965e-10
28700.056 2.8953569550296124e-10
28750.056 4.2114234474823797e-10
28800.056 1.7429259042207388e-10
