galfind/configs/Brown_Dwarf_templates/sonora_bobcat/m0.0/100g/sp_t250g100nc_m0.0_resample.dat
# %ECSV 1.0
# ---
# datatype:
# - {name: wav, unit: Angstrom, datatype: float64}
# - {name: flux_nu, unit: erg / (cm2 Hz s), datatype: float64}
# meta: {C/O: '1.00', Kzz: '1.0000E+05', Teff: '250.', Y: '0.28', '[Fe/H]': '0.00', f_hole: '1.00', f_rain: '0.00', grav: '100.'}
# schema: astropy-2.0
wav flux_nu
4000.0559999999996 nan
4050.0559999999996 7.397689198650132e-20
4100.056 1.3761770655000185e-18
4150.056 5.989166337200048e-18
4200.056 7.906432621900046e-18
4250.056 3.8831818682000276e-17
4300.056 8.475051568200029e-17
4350.056 1.562068206100006e-16
4400.056 2.5134860163000045e-16
4450.056 3.840295254300003e-16
4500.056 6.418379532800023e-16
4550.056 9.224573735100012e-16
4600.056 9.583677870500004e-16
4650.056 9.928432733799994e-16
4700.056 8.604842221699996e-16
4750.056 6.798454616699996e-16
4800.056 5.431975165199987e-16
4850.056 3.3250007716999815e-16
4900.056 2.2306470484999954e-16
4950.056 1.6880813113999985e-16
5000.056 1.098948406219995e-16
5050.056 7.401204780600021e-17
5100.056 8.785523658700097e-17
5150.056 1.145826645980001e-16
5200.056 1.4245374760000044e-16
5250.056 1.6577662889000027e-16
5300.056 1.9303319254000042e-16
5350.056 2.251719767300003e-16
5400.056 2.492677037100005e-16
5450.056 2.8889280286000213e-16
5500.056 3.440129685800006e-16
5550.056 4.089786330000005e-16
5600.056 4.696552184500006e-16
5650.056 5.1870381746e-16
5700.056 5.098279197300011e-16
5750.056 5.325549223700009e-16
5800.056 5.056596928499986e-16
5850.056 3.3270705435699447e-16
5900.056 6.27875028339856e-17
5950.056 5.47304879790022e-16
6000.056 1.3217727043199949e-15
6050.056 2.729564588500025e-15
6100.056 4.776028771000042e-15
6150.056 7.474469317300045e-15
6200.056 1.0950645173100055e-14
6250.056 1.437116151299999e-14
6300.056 1.9836768889399996e-14
6350.056 2.687562086599997e-14
6400.056 3.527740346100008e-14
6450.056 3.4192711305399335e-14
6500.056 4.159203080510075e-14
6550.056 5.846266133599799e-14
6600.056 8.491713091940204e-14
6650.056 1.333185563820013e-13
6700.056 1.9450153287000135e-13
6750.056 2.799965600200018e-13
6800.056 3.294308126500013e-13
6850.056 3.3221675763999974e-13
6900.056 2.294141663419988e-13
6950.056 1.1562376694840378e-13
7000.056 1.5054230070399318e-13
7050.056 1.4674004808700245e-13
7100.056 1.7590562055499756e-13
7150.056 1.0215579122389339e-13
7200.056 3.798146191213283e-14
7250.056 4.5102242264830904e-14
7300.056 5.206445121858633e-14
7350.056 1.0072038169919631e-13
7400.056 1.7957958374880546e-13
7450.056 3.53854935490015e-13
7500.056 5.442168488500025e-13
7550.056 7.162272773700024e-13
7600.056 8.258103236100009e-13
7650.056 5.173642677669921e-13
7700.056 5.553172108760097e-13
7750.056 1.0925646588500084e-12
7800.056 1.2219176936800004e-12
7850.056 1.2355674943699734e-12
7900.056 1.301689241579992e-12
7950.056 1.540106960439991e-12
8000.056 1.5449707527599998e-12
8050.056 1.6549354866000174e-12
8100.056 6.638247692558135e-13
8150.056 1.6725908966832704e-13
8200.056 6.879719444898091e-13
8250.056 7.512547081339064e-13
8300.056 6.03092285353702e-13
8350.056 6.755000587077508e-13
8400.056 1.0259996343927569e-12
8450.056 2.07065414506001e-12
8500.056 2.869764564900009e-12
8550.056 3.861785982600064e-12
8600.056 4.8172577373000266e-12
8650.056 5.097603286200003e-12
8700.056 3.940533587199995e-12
8750.056 3.373564608499987e-12
8800.056 2.2996607312799107e-12
8850.056 1.1879171949739097e-12
8900.056 2.7030153081150475e-14
8950.056 3.2600854051753197e-15
9000.056 3.722550610556068e-15
9050.056 3.89895012332723e-14
9100.056 5.900569498265347e-14
9150.056 1.2556992692836457e-13
9200.056 5.460788196189521e-13
9250.056 3.193652378855586e-13
9300.056 3.653070116060933e-16
9350.056 2.2052967187788776e-16
9400.056 8.362639499001154e-15
9450.056 3.148955129771065e-15
9500.056 3.2332914975321503e-15
9550.056 2.6358865825865528e-15
9600.056 6.5211079000166335e-15
9650.056 2.7641282834844042e-14
9700.056 2.7775076789780817e-13
9750.056 1.2839354514099485e-13
9800.056 1.4802360800476653e-13
9850.056 1.7681957344529314e-13
9900.056 2.8064472190306846e-13
9950.056 2.6374451454703364e-13
10000.056 2.4852637767794117e-13
10050.056 2.454468672349949e-13
10100.056 1.8448880461000026e-13
10150.056 7.367487305390005e-14
10200.056 8.512862555286495e-15
10250.056 8.888947658117791e-15
10300.056 3.263675541918398e-14
10350.056 8.184554097194535e-15
10400.056 6.052639831644284e-14
10450.056 1.395688563138313e-13
10500.056 3.5608135284792076e-13
10550.056 9.135362560350159e-13
10600.056 1.388741039280059e-12
10650.056 1.4582184013899937e-12
10700.056 1.0512508133799744e-12
10750.056 9.68700548144968e-13
10800.056 8.591904694868154e-13
10850.056 6.698043568581063e-13
10900.056 4.880400521718867e-13
10950.056 2.4782111921199737e-13
11000.056 1.0764835538931044e-13
11050.056 4.03018391732305e-14
11100.056 9.267173365833054e-15
11150.056 1.339161918367307e-15
11200.056 2.8792105726468043e-16
11250.056 1.3102176096052015e-16
11300.056 1.073954660592551e-15
11350.056 7.327886790342898e-17
11400.056 2.5081873117630236e-15
11450.056 9.274204690791109e-16
11500.056 1.0300049069388693e-15
11550.056 1.5652517666605794e-16
11600.056 1.4075091459472804e-17
11650.056 3.186341740112861e-16
11700.056 5.883486232325219e-16
11750.056 1.523829343048354e-16
11800.056 1.1388808990753307e-15
11850.056 8.398002508281755e-16
11900.056 9.882937312574867e-16
11950.056 2.015371224531964e-15
12000.056 2.809515244414952e-15
12050.056 4.5868612711048134e-15
12100.056 5.1404469276209634e-15
12150.056 7.35594378600275e-15
12200.056 8.024942221759714e-15
12250.056 3.06890756921643e-14
12300.056 8.754642238646564e-14
12350.056 1.1770759941614772e-13
12400.056 2.968256713174004e-13
12450.056 7.972393574280233e-13
12500.056 1.0936720235190212e-12
12550.056 1.1624059594260032e-12
12600.056 2.299920508505211e-12
12650.056 5.36045545886208e-12
12700.056 6.4409459014099665e-12
12750.056 3.274636812734263e-12
12800.056 1.512126299829794e-12
12850.056 4.854905072977801e-13
12900.056 2.2405785085772397e-13
12950.056 1.632171830721775e-13
13000.056 1.7790622632572358e-13
13050.056 8.771409402751185e-14
13100.056 7.58330355495293e-14
13150.056 2.4419983236165292e-14
13200.056 3.728253572859525e-14
13250.056 5.199361619730549e-14
13300.056 1.527266890233668e-14
13350.056 7.856184567859552e-15
13400.056 2.6874593909912477e-15
13450.056 2.763863989117755e-16
13500.056 2.1968503631277334e-17
13550.056 1.2241647423604496e-18
13600.056 4.455218264502012e-20
13650.056 6.645252374727351e-19
13700.056 1.823262146957859e-19
13750.056 2.8649231690672783e-18
13800.056 2.7024011468639633e-18
13850.056 5.659665764364417e-19
13900.056 3.2194994784837995e-18
13950.056 1.5136201777116543e-18
14000.056 7.550804742457416e-18
14050.056 6.649578517061749e-18
14100.056 9.388712147833058e-18
14150.056 9.112765232961436e-17
14200.056 6.686630591506624e-17
14250.056 1.5503078328608597e-16
14300.056 7.062130686292959e-16
14350.056 4.992946043849934e-16
14400.056 4.568038706225204e-16
14450.056 1.3327339114861561e-15
14500.056 4.281703462406187e-15
14550.056 9.602575142821453e-15
14600.056 1.1155839887974664e-14
14650.056 2.084649164206065e-15
14700.056 6.632921999153703e-16
14750.056 9.78067471031808e-17
14800.056 1.583294210307147e-16
14850.056 1.4513755166695635e-16
14900.056 1.0386473052754841e-16
14950.056 3.970454215436776e-17
15000.056 2.3003875252009146e-16
15050.056 6.879061473882641e-16
15100.056 9.195233735436928e-17
15150.056 1.3419023839482e-17
15200.056 3.6918165878922533e-16
15250.056 8.015399546643385e-16
15300.056 1.6250374101054543e-15
15350.056 3.733686143801461e-15
15400.056 2.9767992270667875e-15
15450.056 6.426843240223837e-15
15500.056 1.0644535791100868e-14
15550.056 6.008678603118002e-14
15600.056 1.6192910345499007e-13
15650.056 4.844015327573248e-13
15700.056 1.4225322967771655e-12
15750.056 2.3101927743760674e-12
15800.056 3.189982083764155e-12
15850.056 4.925976194718757e-12
15900.056 6.497288565959531e-12
15950.056 9.736422983499855e-12
16000.056 9.347096667600072e-12
16050.056 5.979335360009649e-12
16100.056 2.741035240159072e-12
16150.056 9.96767759841841e-13
16200.056 2.5357954830877815e-13
16250.056 6.827191846799711e-14
16300.056 1.710248969560505e-14
16350.056 1.9194933952448698e-14
16400.056 2.380990878264818e-14
16450.056 2.4242346302029004e-14
16500.056 1.7248746706674064e-14
16550.056 1.6169311578531116e-14
16600.056 1.0049131691424829e-13
16650.056 3.3609211895403296e-14
16700.056 4.172054089565413e-15
16750.056 1.4501821706338335e-14
16800.056 3.539724035389522e-14
16850.056 3.4818734629184816e-14
16900.056 5.81287628613095e-15
16950.056 3.0053896387525275e-15
17000.056 8.281140033863793e-16
17050.056 1.703318708408925e-15
17100.056 8.580570884040712e-15
17150.056 3.181680716430095e-15
17200.056 2.7125071614240477e-14
17250.056 2.5578554921320947e-15
17300.056 2.3384715586666997e-15
17350.056 5.3379439256265624e-15
17400.056 1.8406121169454004e-14
17450.056 2.570914533280337e-14
17500.056 5.894832207446648e-14
17550.056 5.15005290357436e-14
17600.056 5.038779328314101e-14
17650.056 1.9532388159096674e-14
17700.056 1.6461529990178384e-14
17750.056 1.2293854805159637e-14
17800.056 6.856675779727145e-14
17850.056 1.1353064585709613e-14
17900.056 7.425184883740634e-15
17950.056 5.452680673662434e-15
18000.056 1.0904727956244434e-14
18050.056 5.838599529015859e-15
18100.056 6.685516401434839e-15
18150.056 2.0838290266820147e-15
18200.056 1.6689056931745598e-15
18250.056 1.1888933221096406e-14
18300.056 4.088497493196055e-16
18350.056 3.5613244342603537e-16
18400.056 9.312387462774608e-17
18450.056 2.518925316944461e-15
18500.056 1.7783724410741742e-15
18550.056 5.878158677004437e-16
18600.056 2.5148867222329465e-15
18650.056 2.2752219567468433e-15
18700.056 5.289981271695102e-17
18750.056 9.658292948261644e-17
18800.056 7.73052099267023e-15
18850.056 4.8325303429685266e-15
18900.056 1.023214808718955e-14
18950.056 1.0252828785301337e-14
19000.056 6.547301764303496e-16
19050.056 2.66868565209375e-16
19100.056 1.6020405636375978e-15
19150.056 5.885100340400717e-16
19200.056 1.9543569553640812e-15
19250.056 1.2672878675220127e-15
19300.056 5.279262825098771e-16
19350.056 6.122897020434931e-16
19400.056 3.509162895443589e-16
19450.056 3.6908938817802823e-16
19500.056 2.305158198187689e-16
19550.056 1.1554581572566474e-15
19600.056 3.2591634528484825e-15
19650.056 1.8542106924004265e-15
19700.056 3.648890839614426e-15
19750.056 6.005627302477349e-15
19800.056 2.777820492081724e-15
19850.056 3.4914060266787406e-15
19900.056 7.852586028619717e-15
19950.056 1.0094938175492899e-14
20000.056 1.1955901599656033e-14
20050.056 8.242774333077505e-15
20100.056 1.2535162843582614e-14
20150.056 8.297512251339082e-15
20200.056 4.359355406901918e-15
20250.056 1.4955844950613572e-14
20300.056 2.140135465518494e-14
20350.056 2.3734199776039942e-14
20400.056 1.9776246544281495e-14
20450.056 3.5036747000995284e-14
20500.056 3.6899685543707674e-14
20550.056 3.901630116110641e-14
20600.056 4.019590411111037e-14
20650.056 4.285725378128695e-14
20700.056 4.4229076620018097e-14
20750.056 4.307442722039835e-14
20800.056 3.8311370097095035e-14
20850.056 4.075941614200037e-14
20900.056 3.9202521516999545e-14
20950.056 3.5395117515000093e-14
21000.056 3.248797874260003e-14
21050.056 3.3070026944999305e-14
21100.056 3.218681165500014e-14
21150.056 3.316122854700071e-14
21200.056 3.371178562020201e-14
21250.056 3.578323623299787e-14
21300.056 3.513713909830029e-14
21350.056 3.723152589565175e-14
21400.056 4.235572344352384e-14
21450.056 3.683041772566615e-14
21500.056 3.356269107429998e-14
21550.056 3.714351414481465e-14
21600.056 3.318014724555607e-14
21650.056 2.5024727729103295e-14
21700.056 1.8714811812003968e-14
21750.056 2.387969772432868e-14
21800.056 1.6944872363497167e-14
21850.056 1.7026564465698612e-14
21900.056 1.2465664340063774e-14
21950.056 3.81259268380535e-15
22000.056 1.413537549138608e-16
22050.056 4.484959618271954e-16
22100.056 2.0240093044466062e-15
22150.056 9.713293752597152e-16
22200.056 7.924008501009186e-16
22250.056 5.809079917887287e-16
22300.056 1.239294208666935e-16
22350.056 3.2798442311627224e-16
22400.056 8.10985464765934e-17
22450.056 1.9457150748118646e-16
22500.056 1.3921108478381304e-16
22550.056 2.612209569530618e-17
22600.056 1.589761834092391e-17
22650.056 2.454039700614052e-17
22700.056 3.8168794620244204e-17
22750.056 1.1211691326765516e-16
22800.056 1.641023410897015e-16
22850.056 9.451808079019372e-17
22900.056 4.997297711413398e-17
22950.056 2.0627901697707423e-17
23000.056 3.1825772177865704e-17
23050.056 1.4503284318817664e-17
23100.056 1.2158353460728008e-15
23150.056 1.5101300351989278e-15
23200.056 1.0630707543873584e-17
23250.056 1.5994589391891478e-16
23300.056 7.534003747949377e-17
23350.056 1.6139971549024286e-16
23400.056 1.5981957362903176e-16
23450.056 2.86758290484793e-17
23500.056 3.371528850183669e-17
23550.056 1.2096335187493875e-16
23600.056 5.76460993414952e-16
23650.056 9.236673581872925e-16
23700.056 4.375362569342119e-17
23750.056 8.125959621732951e-17
23800.056 9.965862424661316e-16
23850.056 3.7829947874265585e-16
23900.056 1.2483688597345174e-15
23950.056 3.0792699282959654e-16
24000.056 1.9040204047160437e-15
24050.056 2.17679602199667e-15
24100.056 5.179662180465613e-15
24150.056 7.503558210350647e-15
24200.056 3.688203037308831e-15
24250.056 2.540485906091069e-15
24300.056 7.41158730008403e-15
24350.056 7.634400693507815e-15
24400.056 2.4209164017023875e-14
24450.056 3.1316289413186446e-14
24500.056 2.7718790489571345e-14
24550.056 5.78048469188457e-14
24600.056 8.263574898462052e-14
24650.056 1.4223787929175405e-13
24700.056 1.0757180555937835e-13
24750.056 1.7138779168502746e-13
24800.056 1.477465839059449e-13
24850.056 2.145252537387757e-13
24900.056 1.413669475622685e-13
24950.056 2.0421763737714233e-13
25000.056 3.1552578593711934e-13
25050.056 2.080732481126248e-13
25100.056 2.8182244161344696e-13
25150.056 1.205531364903234e-13
25200.056 1.9795904055533141e-13
25250.056 7.841848717574216e-14
25300.056 5.879229832301e-14
25350.056 3.867334058572101e-14
25400.056 8.482084844622799e-14
25450.056 1.822914812084296e-14
25500.056 1.3581363137837372e-14
25550.056 3.8151483362762936e-14
25600.056 1.2378532804385002e-14
25650.056 4.5474789866825556e-15
25700.056 3.378236435860766e-15
25750.056 1.4014117095319244e-15
25800.056 6.6349096502061684e-15
25850.056 1.1503792041476752e-15
25900.056 1.066832125564844e-15
25950.056 8.071120917781058e-16
26000.056 3.8404518903915345e-15
26050.056 9.565471289563566e-16
26100.056 2.5369826687445267e-15
26150.056 1.380819640503809e-15
26200.056 1.7592729905447484e-15
26250.056 7.33121154449832e-15
26300.056 2.3619574278452484e-15
26350.056 1.656527570163797e-14
26400.056 4.347424307181321e-14
26450.056 2.4032741273919266e-14
26500.056 6.856431126993929e-14
26550.056 7.248022379810869e-15
26600.056 6.776662644979875e-15
26650.056 1.9400372511758883e-15
26700.056 2.276815362533153e-15
26750.056 3.1716432549193163e-15
26800.056 9.136177376667671e-15
26850.056 6.529789138433049e-15
26900.056 1.947146590705002e-14
26950.056 5.606360436448294e-15
27000.056 2.1397407001825533e-14
27050.056 4.206010212342782e-14
27100.056 4.2874417340746115e-15
27150.056 3.214931416485701e-14
27200.056 5.370901246445132e-15
27250.056 1.2978070918399406e-14
27300.056 1.0097562754748579e-13
27350.056 3.378377866674415e-14
27400.056 5.026509847271372e-15
27450.056 5.165868695534741e-14
27500.056 6.350694180012867e-14
27550.056 1.6258561234794044e-14
27600.056 4.1400518928800526e-14
27650.056 1.5024783523243388e-14
27700.056 1.8834463878150564e-14
27750.056 7.288976186652063e-14
27800.056 2.950133217829999e-14
27850.056 5.752787026089079e-14
27900.056 7.474074857871187e-14
27950.056 1.0806852824070356e-13
28000.056 1.7705050559885838e-13
28050.056 1.6336581001914193e-14
28100.056 1.7516285039792786e-13
28150.056 1.3507408828205172e-13
28200.056 2.4248078183107257e-14
28250.056 2.052969866060311e-13
28300.056 1.7653388447206624e-13
28350.056 2.297340238167057e-14
28400.056 1.0968099299236921e-13
28450.056 1.6354566028667487e-13
28500.056 6.329948813417144e-14
28550.056 2.642119629937629e-14
28600.056 2.0072552402491467e-13
28650.056 5.4557099429605106e-14
28700.056 1.8674022088749983e-13
28750.056 2.4101556288651724e-13
28800.056 3.9685118137426084e-14
28850.056 6.562123900635968e-13
