galfind/configs/Brown_Dwarf_templates/sonora_bobcat/m0.0/100g/sp_t375g100nc_m0.0_resample.dat
# %ECSV 1.0
# ---
# datatype:
# - {name: wav, unit: Angstrom, datatype: float64}
# - {name: flux_nu, unit: erg / (cm2 Hz s), datatype: float64}
# meta: {C/O: '1.00', Kzz: '1.0000E+05', Teff: '375.', Y: '0.28', '[Fe/H]': '0.00', f_hole: '1.00', f_rain: '0.00', grav: '100.'}
# schema: astropy-2.0
wav flux_nu
[from data line 498]
28900.056 3.4833381131764344e-11
28950.056 4.964376633871416e-11
29000.056 3.012090125310109e-11
29050.056 5.060758708305383e-11
29100.056 2.3309917338179528e-11
29150.056 3.020340747731009e-11
29200.056 8.710191970720933e-11
29250.056 8.104910842724811e-11
29300.056 4.415938231565853e-11
29350.056 1.1984312901979114e-10
29400.056 5.4844943867970774e-11
29450.056 2.7238584343716306e-11
29500.056 1.2541893280122192e-10
29550.056 3.904720204226554e-11
29600.056 4.896705306899322e-11
29650.056 1.8276408969756113e-10
29700.056 3.313895314998464e-11
29750.056 1.2758533572972795e-10
29800.056 8.092288671314118e-11
29850.056 1.509599789663132e-10
29900.056 6.61414887034212e-11
29950.056 8.794981155569454e-11
30000.056 1.2386580196547378e-12
30050.056 9.385259185217353e-12
30100.056 4.335655651653334e-11
30150.056 1.6613226402579693e-10
30200.056 1.0020501514739489e-10
30250.056 1.810591173530521e-10
30300.056 2.681434352107876e-10
30350.056 5.3553034296679124e-11
30400.056 2.52002408575264e-10
30450.056 1.8715433611330947e-10
30500.056 1.0098086130918161e-10
30550.056 8.336485092755453e-11
30600.056 7.035107870674478e-10
30650.056 2.720155108259863e-10
30700.056 1.4276852110418925e-10
30750.056 3.2191537702864203e-10
30800.056 2.7898338209121864e-10
30850.056 3.163824280004976e-10
30900.056 1.523426397776287e-10
30950.056 1.331016283846614e-10
31000.056 1.6908698902699625e-10
31050.056 9.849679157803077e-11
31100.056 6.879814887336931e-11
31150.056 1.2917180059933403e-10
31200.056 4.222267022768325e-10
31250.056 2.1154998284614751e-10
31300.056 1.2251550640097966e-10
31350.056 3.2530072824771915e-10
31400.056 2.1471306020349843e-10
31450.056 2.1568734696810307e-10
31500.056 7.265654098444624e-11
31550.056 1.3352918721037993e-10
31600.056 9.585831990181104e-11
31650.056 8.030271832177481e-11
31700.056 6.876925301657002e-11
31750.056 3.568853825197507e-11
31800.056 6.917250000535651e-11
31850.056 1.1486438832633018e-11
31900.056 2.774629696971773e-11
31950.056 1.7592979224669132e-11
32000.056 1.1334357845829837e-11
32050.056 1.8923528197380205e-11
32100.056 1.62051416456601e-11
32150.056 1.5368819161491054e-11
32200.056 6.9998976336096584e-12
32250.056 1.820811933926094e-11
32300.056 4.802291231966003e-12
32350.056 1.7750659757729865e-11
32400.056 2.0850034913113656e-12
32450.056 1.210703848385067e-11
32500.056 2.2565677252771886e-12
32550.056 9.326037552932115e-12
32600.056 2.264012536685445e-12
32650.056 2.664331735641241e-11
32700.056 3.76631438137696e-12
32750.056 5.985050297443355e-11
32800.056 2.7636671583335353e-11
32850.056 1.2709554979780837e-10
32900.056 1.0327976888135399e-10
32950.056 1.0768654867939134e-10
33000.056 2.912631889280927e-11
33050.056 3.5465446150563024e-11
33100.056 6.373658765281713e-12
33150.056 1.4417559501171694e-15
33200.056 1.8062914981357737e-13
33250.056 3.0019343897934086e-13
33300.056 3.876313637853134e-12
33350.056 1.128675106869913e-11
33400.056 4.7603754396163024e-11
33450.056 2.09767606385572e-11
33500.056 8.688604289825088e-11
33550.056 1.4413850585690365e-11
33600.056 4.304037147564689e-11
33650.056 3.978891256198648e-11
33700.056 1.0701297574166003e-11
33750.056 5.838895121215382e-11
33800.056 3.9457036461897296e-12
33850.056 2.729538293773096e-11
33900.056 3.101588324333146e-11
33950.056 2.468397091227975e-11
34000.056 6.100433979587031e-11
34050.056 8.502257731078395e-12
34100.056 6.016098217231628e-11
34150.056 2.231250213301476e-11
34200.056 7.308289426704968e-11
34250.056 3.6461513988225366e-11
34300.056 4.209360114494373e-11
34350.056 1.1285578648426167e-10
34400.056 2.5863157433719118e-11
34450.056 1.0005309534632048e-10
34500.056 4.2923441906296976e-11
34550.056 3.8805676709062773e-11
34600.056 1.958656322565719e-10
34650.056 2.1652841486663693e-11
34700.056 1.251903701682933e-10
34750.056 7.431948275069274e-11
34800.056 6.536107133746101e-11
34850.056 2.312668629959761e-10
34900.056 3.813785258389699e-11
34950.056 2.1089013563777359e-10
35000.056 3.5360867048210506e-10
35050.056 1.8698552853790379e-10
35100.056 4.198129515865321e-10
35150.056 3.358395769088613e-10
35200.056 2.6260364048152617e-10
35250.056 5.122742264512248e-10
35300.056 1.8235888405125504e-10
35350.056 2.2260713952383294e-10
35400.056 1.5991962783318137e-10
35450.056 1.5196736173071356e-10
35500.056 5.712894179123619e-10
35550.056 3.030075124263469e-10
35600.056 4.1817086249626934e-10
35650.056 5.197663292470747e-10
35700.056 5.478883378144696e-10
35750.056 6.617798233035905e-10
35800.056 4.971075360456897e-10
35850.056 1.9293797082840035e-10
35900.056 2.527143017120181e-10
35950.056 3.773008778290447e-10
36000.056 4.764108405262063e-10
36050.056 3.109086487505567e-10
36100.056 2.950139044450822e-10
36150.056 8.456870575699077e-10
36200.056 8.586729993868441e-10
36250.056 5.383805039468228e-10
36300.056 1.459173118348855e-09
36350.056 7.281995267249113e-10
36400.056 1.2912522418210883e-09
36450.056 1.176479979389733e-09
36500.056 1.2468459240396845e-09
36550.056 2.068587249840448e-09
36600.056 2.0533198838672348e-09
36650.056 1.384931723192242e-09
36700.056 1.6253503203108654e-09
36750.056 2.114938680384541e-09
36800.056 2.5879615853355915e-09
36850.056 1.1329074261426135e-09
36900.056 2.0206627329486858e-09
36950.056 2.557247463824886e-09
37000.056 1.6058396730060582e-09
37050.056 2.851703605384521e-09
37100.056 1.547073815135068e-09
37150.056 1.7498472185769285e-09
37200.056 3.396735046131308e-09
37250.056 1.9699482892137738e-09
37300.056 1.2248409413300023e-09
37350.056 2.3603118626546973e-09
37400.056 3.819961651277815e-09
37450.056 1.3546687242752602e-09
37500.056 2.162455084514681e-09
37550.056 4.310442057561087e-09
37600.056 7.054521486022508e-09
37650.056 1.804808086372265e-09
37700.056 3.7071250754693967e-09
37750.056 2.6016540532488404e-09
37800.056 2.438703589686317e-09
37850.056 1.209247746407891e-09
37900.056 1.5850987939392841e-09
37950.056 3.4826923824271447e-09
38000.056 3.1716678867188036e-09
38050.056 5.133808241651271e-09
38100.056 6.127066925981557e-09
38150.056 7.153870744313529e-09
38200.056 5.37049409909338e-09
38250.056 6.561123668872084e-09
38300.056 1.008659460685627e-08
38350.056 8.741812184494871e-09
38400.056 3.1376873012475804e-09
38450.056 1.2341334902740716e-09
38500.056 8.50087278243233e-10
38550.056 3.591241516220778e-09
38600.056 3.907735027364497e-09
38650.056 4.614082521425869e-09
38700.056 3.0938560466697753e-09
38750.056 3.8797726876336045e-09
38800.056 3.9376083382552855e-09
38850.056 4.7498910204336825e-09
38900.056 5.9337291686395275e-09
38950.056 3.3856544916978756e-09
39000.056 6.4434153426246585e-09
39050.056 3.1512015504663037e-09
39100.056 5.370170180752104e-09
39150.056 7.882799202433803e-09
39200.056 5.009562332185133e-09
39250.056 8.988284194894307e-09
39300.056 5.277993127218034e-09
39350.056 1.0874593311189414e-08
39400.056 5.556474824604701e-09
39450.056 8.704845056954346e-09
39500.056 8.673035321231755e-09
39550.056 3.744972282747817e-09
39600.056 8.512489168942714e-09
39650.056 1.0624255219298653e-08
39700.056 1.0420225640801821e-08
39750.056 4.6693539821733684e-09
39800.056 5.2570972855333745e-09
39850.056 1.2516354294202031e-08
39900.056 1.517742510300081e-08
39950.056 5.6750849807238844e-09
40000.056 1.1010384329543906e-08
40050.056 1.2606017016099368e-08
40100.056 4.17643175336294e-09
40150.056 1.1211304645276392e-08
40200.056 1.2153484638675715e-08
40250.056 1.3837535698852653e-08
40300.056 1.3849452174199907e-08
40350.056 7.921715358575382e-09
40400.056 1.1587891658393362e-08
40450.056 5.4267613335807084e-09
40500.056 1.4903760793161138e-08
40550.056 1.6322178596833112e-08
40600.056 1.2414096082200304e-08
40650.056 9.484376705386431e-09
40700.056 1.936022294614764e-08
40750.056 1.251405100564623e-08
40800.056 7.3447203039091165e-09
40850.056 2.3615779555906026e-08
40900.056 1.9441718465137607e-08
40950.056 1.660653741930694e-08
41000.056 1.231429853139123e-08
41050.056 2.5112444865993673e-08
41100.056 2.0625508839899862e-08
41150.056 7.428841531814362e-09
41200.056 2.495986958960352e-08
41250.056 1.8999229326596297e-08
41300.056 2.002776682291101e-08
41350.056 2.694715623119767e-08
41400.056 2.174748020759937e-08
41450.056 3.112624425689419e-08
41500.056 1.8617280625735386e-08
41550.056 1.6650094771384534e-08
41600.056 1.7941685896963367e-08
41650.056 2.5571782768542847e-08
41700.056 3.422756942899164e-08
41750.056 2.507486724869607e-08
41800.056 2.5478421993705563e-08
41850.056 2.4829170821954692e-08
41900.056 2.069668986753353e-08
41950.056 2.0333308660350078e-08
42000.056 1.0295948853527179e-08
42050.056 1.43409116322338e-08
42100.056 1.605867829565548e-08
42150.056 1.847709775231975e-08
42200.056 2.1845821889409514e-08
42250.056 1.734917524429398e-08
42300.056 1.5870473240858783e-08
42350.056 2.6781636957701217e-08
42400.056 3.213378232340344e-08
42450.056 3.155956519960724e-08
42500.056 3.181299396609572e-08
42550.056 2.673665379859449e-08
42600.056 2.7690212370881578e-08
42650.056 4.2806322091488376e-08
42700.056 1.91627336118424e-08
42750.056 3.0237590800705226e-08
42800.056 4.5251131128405164e-08
42850.056 4.612105046298814e-08
42900.056 4.814176031480749e-08
42950.056 3.7637023020996986e-08
43000.056 4.351978116480396e-08
43050.056 2.123332224350177e-08
43100.056 3.514693145149732e-08
43150.056 2.8258511769903356e-08
43200.056 4.5475882242003995e-08
43250.056 5.860807176800277e-08
43300.056 5.4928063812999704e-08
43350.056 2.9470811903291938e-08
43400.056 4.392640966800258e-08
43450.056 2.7145559349701654e-08
43500.056 2.6485347548105637e-08
43550.056 3.0353172682803737e-08
43600.056 5.172916020500623e-08
43650.056 3.115430298749975e-08
43700.056 5.9021674272014155e-08
43750.056 5.3998023828995634e-08
43800.056 4.749593364969569e-08
43850.056 4.2310208144904097e-08
43900.056 3.169126489524576e-08
43950.056 2.0541685514697835e-08
44000.056 2.1502388663798738e-08
44050.056 5.609891041300079e-08
44100.056 7.29955483159999e-08
44150.056 6.472757237319841e-08
44200.056 6.023810089450145e-08
44250.056 3.114117233869659e-08
44300.056 2.449700449270362e-08
44350.056 2.6645898522735213e-08
44400.056 2.4412596380297622e-08
44450.056 4.726856566650295e-08
44500.056 4.262545980430649e-08
44550.056 6.148297857199669e-08
44600.056 5.12953733512592e-08
44650.056 4.600496031720364e-08
44700.056 3.050368946939696e-08
44750.056 5.014735765310994e-08
44800.056 3.15064466735027e-08
44850.056 4.3686423296802427e-08
44900.056 4.034582987470097e-08
44950.056 4.7859600075905565e-08
45000.056 5.846165595000217e-08
45050.056 5.0261987925993666e-08
45100.056 4.505172466900094e-08
45150.056 3.883953530839314e-08
45200.056 2.971329568590301e-08
45250.056 3.5964905290591e-08
45300.056 3.3737393953804814e-08
45350.056 2.5303602345946985e-08
45400.056 7.318437752900858e-08
45450.056 5.6808546604405683e-08
45500.056 7.268437934510474e-08
45550.056 7.528816956788036e-08
45600.056 6.285870220001042e-08
45650.056 5.173561833790021e-08
45700.056 3.248606269693717e-08
45750.056 2.990822040870206e-08
45800.056 7.52169467570033e-08
45850.056 5.6870404194398795e-08
45900.056 7.586274204199539e-08
45950.056 6.7639268167998e-08
46000.056 7.14523959115075e-08
46050.056 5.159436199070568e-08
46100.056 8.83428746539936e-08
46150.056 4.93743209714013e-08
46200.056 4.040890750409333e-08
46250.056 1.547631331054351e-08
46300.056 4.9349845386201094e-08
46350.056 5.115635713910732e-08
46400.056 4.8049393305001184e-08
46450.056 4.369100057753007e-08
46500.056 4.9984512937910137e-08
46550.056 2.4558709002900623e-08
46600.056 3.651131121105461e-08
46650.056 5.9218870099203434e-08
46700.056 3.800300980239023e-08
46750.056 1.7355005335213256e-08
46800.056 1.1030759670619677e-08
46850.056 5.506382502660865e-08
46900.056 6.051909239399782e-08
46950.056 6.059723251499537e-08
47000.056 5.910254792700815e-08
47050.056 3.9630421067987937e-08
47100.056 2.8152023453103245e-08
47150.056 4.751273598960622e-08
47200.056 5.258973283199634e-08
47250.056 2.6179379536396052e-08
47300.056 1.717102336334389e-08
47350.056 5.906157936500369e-08
47400.056 5.471345420699452e-08
47450.056 3.9023954228307386e-08
47500.056 6.50599821787975e-08
47550.056 5.61339304030026e-08
47600.056 4.892084672044493e-08
47650.056 5.355573226401445e-08
47700.056 3.9990837832430657e-08
47750.056 2.9221788537300974e-08
47800.056 2.27459022591035e-08
47850.056 1.0039916515482033e-08
47900.056 1.7152789618979296e-08
47950.056 4.4934132085202594e-08
48000.056 6.235737780900021e-08
48050.056 4.929168695800033e-08
48100.056 2.0070344713822267e-08
48150.056 3.95711850354014e-08
48200.056 2.4533953126278565e-08
48250.056 3.293660202549924e-08
48300.056 5.972909378399638e-08
48350.056 3.376285768629577e-08
48400.056 7.270389216671935e-09
48450.056 1.5548127985740944e-08
48500.056 2.8458466469792936e-08
48550.056 3.258802398674366e-08
48600.056 4.827542791099893e-08
48650.056 6.244213119099592e-08
48700.056 3.9286277291206894e-08
48750.056 2.8434684996208202e-08
48800.056 5.231120839500189e-08
48850.056 2.594007998518566e-08
48900.056 3.098825874302669e-08
48950.056 1.600136341609972e-08
49000.056 8.466865845445381e-09
49050.056 3.028255658009592e-08
49100.056 4.176828622519784e-08
49150.056 3.1314226534642694e-08
49200.056 5.234059243700854e-08
49250.056 5.393769341300215e-08
49300.056 4.374348137479888e-08
49350.056 1.5381607717769716e-08
49400.056 2.3846110758933417e-08
49450.056 2.1532423154190238e-08
49500.056 1.642618927112744e-08
49550.056 2.8740613120270637e-09
49600.056 9.090667844535777e-09
49650.056 2.6522822238102108e-08
49700.056 3.0812393225990694e-08
49750.056 2.7612350368710072e-08
49800.056 1.6411465088318014e-08
49850.056 3.9792937525806066e-08
49900.056 3.4880887060997457e-08
49950.056 3.4725786889700274e-08
50000.056 2.273932613058341e-08
50050.056 2.864837185570166e-08
50100.056 2.2884455751398412e-08
50150.056 9.337177828458052e-09
50200.056 1.310410721973642e-09
50250.056 9.742715916199835e-09
50300.056 6.307857091569238e-09
50350.056 2.667249100550463e-08
50400.056 3.059969718609572e-08
50450.056 2.3328511599102082e-08
50500.056 3.7615615677301524e-08
50550.056 3.2991310670002294e-08
50600.056 2.301334560519321e-08
50650.056 3.9933566626005926e-08
50700.056 3.7598194033996355e-08
50750.056 2.205503277940112e-08
50800.056 6.261455441472777e-09
50850.056 2.883398673377493e-09
50900.056 2.263547574220191e-08
50950.056 2.2157470472997705e-08
51000.056 1.6356738559339803e-08
51050.056 2.7504241809996197e-08
51100.056 9.139629618434314e-09
51150.056 9.275168940707819e-09
51200.056 3.358659312299938e-08
51250.056 2.44939126592759e-08
51300.056 1.563867949929495e-08
51350.056 1.3492577222902856e-08
51400.056 3.5179654671987333e-09
51450.056 2.9002250173853397e-09
51500.056 2.8247364525520106e-09
51550.056 1.2843054999082604e-08
51600.056 1.244366822627309e-08
51650.056 1.776163595229947e-08
51700.056 1.7565123746090544e-08
51750.056 1.0956760081932438e-08
51800.056 2.2541887820997115e-08
51850.056 1.773106187709889e-08
51900.056 1.964562737909968e-08
51950.056 9.806581312598818e-09
52000.056 7.596415419046901e-10
52050.056 4.886905637600627e-09
52100.056 2.484544064359497e-09
52150.056 1.2925236607830881e-09
52200.056 5.596942589329884e-09
52250.056 9.720227449242356e-09
52300.056 1.184904222599918e-08
52350.056 2.9925746632462643e-09
52400.056 3.393131577144993e-09
52450.056 1.5674077592001293e-08
52500.056 1.1004185631893214e-08
52550.056 1.4958331838499206e-08
52600.056 1.1571161120880098e-08
52650.056 1.4046039180100898e-08
52700.056 9.118998543989331e-09
52750.056 2.75203333425705e-09
52800.056 5.888388497161091e-09
52850.056 7.051607369968119e-09
52900.056 2.2794997302076042e-09
52950.056 4.331591751530682e-09
53000.056 9.050594689201515e-09
53050.056 3.0251605388490872e-09
53100.056 1.256227424199953e-08
53150.056 1.2554702555480688e-08
53200.056 5.648721921309748e-09
53250.056 1.0798415350740187e-08
53300.056 1.318618244707886e-08
53350.056 9.988592137380669e-09
53400.056 6.068761121498466e-09
53450.056 1.7253377964443338e-09
53500.056 2.309974439449105e-10
53550.056 6.823190733880148e-10
