galfind/configs/Brown_Dwarf_templates/sonora_bobcat/m0.0/100g/sp_t425g100nc_m0.0_resample.dat
# %ECSV 1.0
# ---
# datatype:
# - {name: wav, unit: Angstrom, datatype: float64}
# - {name: flux_nu, unit: erg / (cm2 Hz s), datatype: float64}
# meta: {C/O: '1.00', Kzz: '1.0000E+05', Teff: '425.', Y: '0.28', '[Fe/H]': '0.00', f_hole: '1.00', f_rain: '0.00', grav: '100.'}
# schema: astropy-2.0
wav flux_nu
[from data line 499]
28950.056 1.8850115492683018e-10
29000.056 1.2582925836067026e-10
29050.056 1.9713999713857369e-10
29100.056 1.0099199724636794e-10
29150.056 1.3863826411165352e-10
29200.056 2.634956636851021e-10
29250.056 3.1442272924729294e-10
29300.056 1.5653431692999013e-10
29350.056 4.4153434163247415e-10
29400.056 1.972582931133444e-10
29450.056 1.3310591846908658e-10
29500.056 4.1292037991948735e-10
29550.056 1.5695280237830525e-10
29600.056 2.1368826036532969e-10
29650.056 5.916144693662891e-10
29700.056 1.4320878153170847e-10
29750.056 4.2463331541392396e-10
29800.056 3.2415779069020785e-10
29850.056 4.979203256273453e-10
29900.056 2.666330773577004e-10
29950.056 3.294753342858661e-10
30000.056 6.685475903055553e-12
30050.056 3.717881153095248e-11
30100.056 1.4006434422676953e-10
30150.056 4.772226148571612e-10
30200.056 3.227777248318033e-10
30250.056 6.29740685888135e-10
30300.056 8.606448727553169e-10
30350.056 2.342066462547616e-10
30400.056 8.22420561759943e-10
30450.056 5.46456523805627e-10
30500.056 4.087496016299754e-10
30550.056 3.314436744389644e-10
30600.056 1.668767906808067e-09
30650.056 7.438108791508166e-10
30700.056 4.75156491703615e-10
30750.056 9.523626374986042e-10
30800.056 7.166437291826012e-10
30850.056 8.297314865656895e-10
30900.056 4.2842811613994574e-10
30950.056 4.2430680877270097e-10
31000.056 4.827120674124174e-10
31050.056 3.525560043521886e-10
31100.056 2.223674106422886e-10
31150.056 4.20002435472657e-10
31200.056 1.0271312580276606e-09
31250.056 5.676281877001526e-10
31300.056 3.6093925176731823e-10
31350.056 7.441052929993363e-10
31400.056 5.038782061978579e-10
31450.056 5.260455350472704e-10
31500.056 2.0142281250108795e-10
31550.056 3.414915070971928e-10
31600.056 2.3209915641229534e-10
31650.056 2.0788765667782815e-10
31700.056 1.9755588353090796e-10
31750.056 9.952315080274382e-11
31800.056 2.016367406639708e-10
31850.056 3.903763194887106e-11
31900.056 9.199394873158029e-11
31950.056 5.667698816020967e-11
32000.056 4.513169601456827e-11
32050.056 7.041033767785205e-11
32100.056 6.000160881251589e-11
32150.056 6.600262145742511e-11
32200.056 3.11933562423146e-11
32250.056 8.373080389464141e-11
32300.056 2.46895746617323e-11
32350.056 7.97346626325745e-11
32400.056 1.375683031922161e-11
32450.056 6.086289471498163e-11
32500.056 1.6638549693577023e-11
32550.056 4.6487978837914666e-11
32600.056 1.9678344641121065e-11
32650.056 1.260467869352716e-10
32700.056 3.03758086187466e-11
32750.056 2.3979742886081686e-10
32800.056 1.318849347809342e-10
32850.056 4.165226825231767e-10
32900.056 3.542364192056984e-10
32950.056 3.835310153922778e-10
33000.056 1.3190845768266414e-10
33050.056 1.7791499858625908e-10
33100.056 3.729349161673221e-11
33150.056 1.40014904602039e-14
33200.056 9.691919104744792e-13
33250.056 1.2849367165049667e-12
33300.056 1.073805212158844e-11
33350.056 3.516586113638766e-11
33400.056 1.289176523086572e-10
33450.056 8.436060849511532e-11
33500.056 2.984550662305613e-10
33550.056 6.159172382027976e-11
33600.056 1.7602899296609156e-10
33650.056 1.5953558179996097e-10
33700.056 5.8199984789630646e-11
33750.056 2.3613869025375547e-10
33800.056 2.4302467206636724e-11
33850.056 1.1645570067067698e-10
33900.056 1.264307236054104e-10
33950.056 9.724402634453951e-11
34000.056 2.2720200800034992e-10
34050.056 3.528315418355312e-11
34100.056 2.098029851836636e-10
34150.056 8.787404713488876e-11
34200.056 2.3971756808052543e-10
34250.056 1.409783645151821e-10
34300.056 1.4389629794288658e-10
34350.056 3.009005215005371e-10
34400.056 8.966369399872397e-11
34450.056 2.924006638725536e-10
34500.056 1.4883422358321897e-10
34550.056 1.0094972622257728e-10
34600.056 4.86050679248048e-10
34650.056 8.011509193625222e-11
34700.056 3.4481730920096205e-10
34750.056 2.165820822181122e-10
34800.056 1.8970726426050426e-10
34850.056 5.657914388665083e-10
34900.056 1.4530513402775665e-10
34950.056 5.060979738581348e-10
35000.056 9.338098115592786e-10
35050.056 4.270850145870774e-10
35100.056 9.807380511309741e-10
35150.056 7.924236482855381e-10
35200.056 6.569949017388146e-10
35250.056 1.213243649586627e-09
35300.056 4.98218284974575e-10
35350.056 6.374320588414888e-10
35400.056 5.16435248154187e-10
35450.056 4.398020731074418e-10
35500.056 1.556227160546621e-09
35550.056 8.951559818794035e-10
35600.056 1.0350741943482931e-09
35650.056 1.1449727295861136e-09
35700.056 1.2178571608424828e-09
35750.056 1.6793732656915209e-09
35800.056 1.4863680924027275e-09
35850.056 5.758448215554889e-10
35900.056 7.89705892363128e-10
35950.056 1.054316612249815e-09
36000.056 1.254353121782101e-09
36050.056 8.663195642832337e-10
36100.056 8.168243149056618e-10
36150.056 1.8619290495897094e-09
36200.056 2.0056793986464784e-09
36250.056 1.3533675982677954e-09
36300.056 3.1306015168882e-09
36350.056 1.7472585443597408e-09
36400.056 2.8310848045945304e-09
36450.056 2.7757069232423748e-09
36500.056 3.056012815031759e-09
36550.056 4.288431331387827e-09
36600.056 4.523411828226426e-09
36650.056 3.3089764882274373e-09
36700.056 3.6255588495803408e-09
36750.056 4.59630236028326e-09
36800.056 5.3959459723424016e-09
36850.056 2.8310413665215164e-09
36900.056 4.790776420615463e-09
36950.056 5.3814939096896125e-09
37000.056 3.6550919936337995e-09
37050.056 5.901209838227472e-09
37100.056 3.96878734743006e-09
37150.056 4.005275992450853e-09
37200.056 6.870037211298144e-09
37250.056 4.3460376547868455e-09
37300.056 3.1222664875231393e-09
37350.056 5.46337096183064e-09
37400.056 8.413017641961492e-09
37450.056 3.4272147325715267e-09
37500.056 4.876770413793613e-09
37550.056 8.782271725543524e-09
37600.056 1.3140662498815161e-08
37650.056 4.1371882604223935e-09
37700.056 8.214320876452707e-09
37750.056 5.562556477717265e-09
37800.056 5.54833886058782e-09
37850.056 2.9006334737024527e-09
37900.056 3.847723860575247e-09
37950.056 7.630033973215862e-09
38000.056 7.136428446883886e-09
38050.056 1.0204941866665787e-08
38100.056 1.2071600807507927e-08
38150.056 1.3341405715051086e-08
38200.056 1.1087877951758776e-08
38250.056 1.2130103562161544e-08
38300.056 1.8357395664473508e-08
38350.056 1.7185826742467335e-08
38400.056 7.138324188974051e-09
38450.056 3.5904751098747137e-09
38500.056 2.332633667474299e-09
38550.056 7.817589248652183e-09
38600.056 8.176544026687857e-09
38650.056 9.586861014049195e-09
38700.056 7.3072585728311984e-09
38750.056 8.315114916154699e-09
38800.056 8.572812636791359e-09
38850.056 9.729361060339777e-09
38900.056 1.2512814339575407e-08
38950.056 7.59146835113396e-09
39000.056 1.2760453224447059e-08
39050.056 7.571923648435176e-09
39100.056 1.1317123785738304e-08
39150.056 1.5164724191983282e-08
39200.056 1.0584775136456357e-08
39250.056 1.7209565218820612e-08
39300.056 1.115411553788726e-08
39350.056 2.065498796836934e-08
39400.056 1.1627898825602645e-08
39450.056 1.673897379506943e-08
39500.056 1.707355611420426e-08
39550.056 8.792435285806719e-09
39600.056 1.6654205227228255e-08
39650.056 2.053364687549681e-08
39700.056 1.9559984207663077e-08
39750.056 1.023044202056031e-08
39800.056 1.1733991873594926e-08
39850.056 2.406060890090328e-08
39900.056 2.7507687729001325e-08
39950.056 1.2448310568356627e-08
40000.056 2.2091807799940657e-08
40050.056 2.373706710099887e-08
40100.056 9.533194511792268e-09
40150.056 2.2047308434077086e-08
40200.056 2.3338304359988696e-08
40250.056 2.609256730879507e-08
40300.056 2.572012893940003e-08
40350.056 1.669831470337543e-08
40400.056 2.385133255616965e-08
40450.056 1.2758340891878126e-08
40500.056 2.85773142408004e-08
40550.056 3.104892671796414e-08
40600.056 2.401451463100114e-08
40650.056 1.9154775981414486e-08
40700.056 3.7116915384156034e-08
40750.056 2.4360711415693316e-08
40800.056 1.5555376260333227e-08
40850.056 4.314039260861154e-08
40900.056 3.553991084333711e-08
40950.056 3.105553538609747e-08
41000.056 2.4667172061170126e-08
41050.056 4.526608316638752e-08
41100.056 3.736708287575986e-08
41150.056 1.5954112487218408e-08
41200.056 4.491182806760561e-08
41250.056 3.475571313574575e-08
41300.056 3.573003486982539e-08
41350.056 4.6996456445595565e-08
41400.056 3.9572382870800594e-08
41450.056 5.3505265248189954e-08
41500.056 3.413958194574367e-08
41550.056 3.1302305823143395e-08
41600.056 3.398766252193838e-08
41650.056 4.477274484550428e-08
41700.056 5.4874153025985076e-08
41750.056 4.310990658679268e-08
41800.056 4.523310971801134e-08
41850.056 4.215079167670139e-08
41900.056 3.8182900532342664e-08
41950.056 3.85148029417017e-08
42000.056 2.367641633776122e-08
42050.056 2.8453590509516827e-08
42100.056 3.32655650777656e-08
42150.056 3.406781532737062e-08
42200.056 3.7946442872598694e-08
42250.056 3.195032649130515e-08
42300.056 3.042030741567882e-08
42350.056 4.656232022260278e-08
42400.056 5.328617481800627e-08
42450.056 5.000931843801388e-08
42500.056 4.9725485002993146e-08
42550.056 4.248695612998992e-08
42600.056 4.6315717103699334e-08
42650.056 7.02774312539781e-08
42700.056 3.5567368889605824e-08
42750.056 4.8393585072607624e-08
42800.056 6.901773761500942e-08
42850.056 7.138000401697959e-08
42900.056 7.600139454721385e-08
42950.056 5.900103354099252e-08
43000.056 6.755322823540829e-08
43050.056 3.519138528550457e-08
43100.056 5.5727329474493824e-08
43150.056 4.529777367810603e-08
43200.056 6.996338111200598e-08
43250.056 9.01480984310046e-08
43300.056 8.545070848599889e-08
43350.056 4.6549986356986806e-08
43400.056 6.758637898860304e-08
43450.056 4.421512116270358e-08
43500.056 4.44595706555107e-08
43550.056 4.965184404610703e-08
43600.056 7.919216615701014e-08
43650.056 4.9951235065400606e-08
43700.056 9.10365772780203e-08
43750.056 8.021559750199543e-08
43800.056 7.259617923219342e-08
43850.056 6.432226524280598e-08
43900.056 5.2357092347892737e-08
43950.056 3.399784965399627e-08
44000.056 3.457955645119809e-08
44050.056 8.494981180200107e-08
44100.056 1.1070771290499888e-07
44150.056 9.888950786879907e-08
44200.056 8.951313277000094e-08
44250.056 4.9020987712296255e-08
44300.056 3.967385861380647e-08
44350.056 4.406050397908008e-08
44400.056 4.054309057629549e-08
44450.056 7.320430435040161e-08
44500.056 6.69916431240117e-08
44550.056 9.555027021299308e-08
44600.056 8.226289106289905e-08
44650.056 7.232593119040723e-08
44700.056 4.8127595291796517e-08
44750.056 7.68716404355162e-08
44800.056 5.147438335670493e-08
44850.056 7.074550978700474e-08
44900.056 6.20428677770025e-08
44950.056 7.367521844260735e-08
45000.056 8.699926849600356e-08
45050.056 7.726698297099021e-08
45100.056 6.985748530490124e-08
45150.056 6.276721677108862e-08
45200.056 4.8806271093704314e-08
45250.056 5.785183481958469e-08
45300.056 5.260921155410796e-08
45350.056 4.277550004061155e-08
45400.056 1.0972896087801359e-07
45450.056 8.79134775744085e-08
45500.056 1.0931671957640691e-07
45550.056 1.1332747143496813e-07
45600.056 9.851241478701775e-08
45650.056 7.999062886370096e-08
45700.056 5.211115897269593e-08
45750.056 4.859700242990286e-08
45800.056 1.1602174255700385e-07
45850.056 9.136692082139571e-08
45900.056 1.1583697117799312e-07
45950.056 9.928089505799811e-08
46000.056 1.0897217341901141e-07
46050.056 7.968314198710622e-08
46100.056 1.310704192709893e-07
46150.056 7.577648450600328e-08
46200.056 6.450208773829038e-08
46250.056 2.6833998854546867e-08
46300.056 7.715455761040126e-08
46350.056 8.0868622081411e-08
46400.056 7.335581432500164e-08
46450.056 6.736279787366283e-08
46500.056 7.696331917011688e-08
46550.056 4.0489771578402176e-08
46600.056 6.060936528827116e-08
46650.056 9.503746554510608e-08
46700.056 6.105255435498361e-08
46750.056 3.104165693260559e-08
46800.056 2.0436133016300012e-08
46850.056 9.070991671601422e-08
46900.056 9.309314217299699e-08
46950.056 9.219783828799197e-08
47000.056 8.899508659301395e-08
47050.056 6.349525619815199e-08
47100.056 4.443715047430562e-08
47150.056 7.179572370161005e-08
47200.056 8.162591680799531e-08
47250.056 4.416782056589416e-08
47300.056 2.911600340975593e-08
47350.056 9.399095592300292e-08
47400.056 8.290720716299165e-08
47450.056 6.543230324112683e-08
47500.056 9.991334052339267e-08
47550.056 8.560043571400469e-08
47600.056 7.910309829479334e-08
47650.056 8.336194747287676e-08
47700.056 6.348512045172505e-08
47750.056 4.676426148520204e-08
47800.056 3.8655202955405495e-08
47850.056 1.8806181920183733e-08
47900.056 3.0349890730097715e-08
47950.056 7.096399131300428e-08
48000.056 9.847578756200446e-08
48050.056 8.065391010800032e-08
48100.056 3.3678366969463834e-08
48150.056 6.30341528160019e-08
48200.056 4.192111312617872e-08
48250.056 5.3245676603999655e-08
48300.056 9.372110699999154e-08
48350.056 5.4637921623594835e-08
48400.056 1.3999103720088219e-08
48450.056 2.9513252491985428e-08
48500.056 5.0142459018987836e-08
48550.056 5.4838619444825295e-08
48600.056 7.282962448899901e-08
48650.056 9.374949832899312e-08
48700.056 6.102056498640935e-08
48750.056 4.208409523151536e-08
48800.056 8.168674136100251e-08
48850.056 4.2866254604392574e-08
48900.056 5.592625865625426e-08
48950.056 3.007915563980018e-08
49000.056 1.5610032332219394e-08
49050.056 5.191127980699278e-08
49100.056 6.801759305558286e-08
49150.056 5.0547654679444546e-08
49200.056 8.135577570101445e-08
49250.056 8.265009406500562e-08
49300.056 6.837842004439881e-08
49350.056 2.6112508985486937e-08
49400.056 3.9778853816589145e-08
49450.056 3.787650020391982e-08
49500.056 2.9244854035976214e-08
49550.056 6.166348343300197e-09
49600.056 1.8160570135983445e-08
49650.056 4.407179055570186e-08
49700.056 4.892833237848397e-08
49750.056 4.7887949520149425e-08
49800.056 3.008907829665374e-08
49850.056 6.553635921321088e-08
49900.056 5.445786619659531e-08
49950.056 5.436222533340066e-08
50000.056 3.973694707407873e-08
50050.056 4.9463533626001836e-08
50100.056 3.8918892347197605e-08
50150.056 1.7784350434406357e-08
50200.056 3.056231441245408e-09
50250.056 2.0035496623999292e-08
50300.056 1.3043449233906263e-08
50350.056 4.578157840410731e-08
50400.056 4.8905533367793526e-08
50450.056 3.6971273650902685e-08
50500.056 5.843317210840346e-08
50550.056 5.0441419967003656e-08
50600.056 3.6416667581389675e-08
50650.056 6.144557407800967e-08
50700.056 5.980357536499207e-08
50750.056 3.7232148496202865e-08
50800.056 1.229274291756565e-08
50850.056 6.423645186089195e-09
50900.056 4.096847979300225e-08
50950.056 3.6739255519997015e-08
51000.056 2.9261189813347778e-08
51050.056 4.466851778119372e-08
51100.056 1.6010354691435082e-08
51150.056 1.7954552445640793e-08
51200.056 5.568420869599853e-08
51250.056 3.9330413249253234e-08
51300.056 2.611954853250962e-08
51350.056 2.439821570816658e-08
51400.056 7.764481072351383e-09
51450.056 6.163677061421779e-09
51500.056 5.986627675506564e-09
51550.056 2.431795326080426e-08
51600.056 2.110254255812534e-08
51650.056 2.813844568589808e-08
51700.056 2.93916266032147e-08
51750.056 1.8709326972903976e-08
51800.056 3.5836318384994586e-08
51850.056 2.873729506139806e-08
51900.056 3.545109892499885e-08
51950.056 1.9418735484297783e-08
52000.056 1.8488410350002605e-09
52050.056 1.0288741046101425e-08
52100.056 5.739972421389029e-09
52150.056 3.1795633405819953e-09
52200.056 1.0728577406279799e-08
52250.056 1.72696139959045e-08
52300.056 2.27677932325986e-08
52350.056 7.002060865359849e-09
52400.056 7.46113205480507e-09
52450.056 2.8496290055602445e-08
52500.056 2.122571563121413e-08
52550.056 2.541938871399829e-08
52600.056 1.9087903981359774e-08
52650.056 2.303936360600196e-08
52700.056 1.601122673289908e-08
52750.056 5.813203254912304e-09
52800.056 1.1237715744031843e-08
52850.056 1.3185659276526299e-08
52900.056 5.334166975975355e-09
52950.056 9.124694706091238e-09
53000.056 1.6718491136503087e-08
53050.056 6.169768771218109e-09
53100.056 2.118586080709842e-08
53150.056 2.2042215411601445e-08
53200.056 9.955883107779532e-09
53250.056 1.9742304613200797e-08
53300.056 2.4177416723203297e-08
53350.056 1.833108999680117e-08
53400.056 1.1757677229797208e-08
53450.056 3.895964562808546e-09
53500.056 6.264291496232538e-10
53550.056 1.8078850040830405e-09
53600.056 9.31979517312664e-09
