galfind/configs/Brown_Dwarf_templates/sonora_bobcat/m0.0/100g/sp_t1600g100nc_m0.0_resample.dat
# %ECSV 1.0
# ---
# datatype:
# - {name: wav, unit: Angstrom, datatype: float64}
# - {name: flux_nu, unit: erg / (cm2 Hz s), datatype: float64}
# meta: {C/O: '1.00', Kzz: '1.0000E+05', Teff: '1600.', Y: '0.28', '[Fe/H]': '0.00', f_hole: '1.00', f_rain: '0.00', grav: '100.'}
# schema: astropy-2.0
wav flux_nu
[from data line 499]
28950.056 8.750186283599796e-07
29000.056 7.24839979231832e-07
29050.056 7.592533425499205e-07
29100.056 6.229452378370915e-07
29150.056 8.179717180201642e-07
29200.056 7.080987719171463e-07
29250.056 8.260744860910052e-07
29300.056 6.594131570436996e-07
29350.056 9.71772556469827e-07
29400.056 7.578432655738659e-07
29450.056 7.887059581149791e-07
29500.056 8.160026500699065e-07
29550.056 7.875047855800262e-07
29600.056 8.596670314398404e-07
29650.056 8.152771929199231e-07
29700.056 7.324485215098531e-07
29750.056 9.075595228903987e-07
29800.056 9.257781767199201e-07
29850.056 8.854273446698938e-07
29900.056 8.119583747202419e-07
29950.056 9.525284967598415e-07
30000.056 9.35335482059839e-07
30050.056 8.749561292999149e-07
30100.056 7.503549838797918e-07
30150.056 1.0902602450399294e-06
30200.056 9.422985320500617e-07
30250.056 9.74325176890263e-07
30300.056 9.378474645398898e-07
30350.056 8.907534733401013e-07
30400.056 1.0896089268801762e-06
30450.056 8.607090937700882e-07
30500.056 7.874559621601085e-07
30550.056 1.0231302139902175e-06
30600.056 1.0023850388001154e-06
30650.056 1.008689603549977e-06
30700.056 9.232604538899609e-07
30750.056 8.909820402700203e-07
30800.056 9.99608358410184e-07
30850.056 8.474842253299037e-07
30900.056 8.670407514899112e-07
30950.056 8.045480487401249e-07
31000.056 8.790647491199572e-07
31050.056 8.356703475299871e-07
31100.056 7.766258887299471e-07
31150.056 8.649368771398535e-07
31200.056 8.695886097399495e-07
31250.056 8.67020492890038e-07
31300.056 7.990109423198929e-07
31350.056 7.684566805699713e-07
31400.056 7.349310470501769e-07
31450.056 7.416831569899613e-07
31500.056 7.602016406399659e-07
31550.056 7.182046367400119e-07
31600.056 6.952169759599426e-07
31650.056 7.00293424139987e-07
31700.056 6.999319266299419e-07
31750.056 6.409572658901564e-07
31800.056 7.498919126099691e-07
31850.056 7.238877400800805e-07
31900.056 8.101004504099918e-07
31950.056 5.9800514839998e-07
32000.056 6.9391705418e-07
32050.056 7.968492630400538e-07
32100.056 7.721980330899646e-07
32150.056 8.368638350699558e-07
32200.056 7.691095834299738e-07
32250.056 8.461181886701213e-07
32300.056 7.727436234999591e-07
32350.056 9.392598665101136e-07
32400.056 7.513084591699934e-07
32450.056 8.67317741619838e-07
32500.056 9.133537125902022e-07
32550.056 1.0139321459500387e-06
32600.056 1.0137307580699568e-06
32650.056 1.0625423469202044e-06
32700.056 1.0192978134401337e-06
32750.056 1.0370321915199973e-06
32800.056 1.0009328673900366e-06
32850.056 1.156203731709812e-06
32900.056 1.1998989259199622e-06
32950.056 1.0250325001898892e-06
33000.056 1.0617293230900209e-06
33050.056 1.0310931882300199e-06
33100.056 9.348523115598326e-07
33150.056 6.560262637900685e-07
33200.056 4.926849009998858e-07
33250.056 4.2299299576985386e-07
33300.056 3.872975067600605e-07
33350.056 4.308379515500205e-07
33400.056 4.486543567799563e-07
33450.056 5.006637232799659e-07
33500.056 6.144547553201231e-07
33550.056 6.637779641000393e-07
33600.056 7.872857537400959e-07
33650.056 9.119681841102182e-07
33700.056 9.218985616998944e-07
33750.056 1.100598639399985e-06
33800.056 1.0457660942798477e-06
33850.056 1.104177200490005e-06
33900.056 1.1323313370698262e-06
33950.056 1.0423365132399604e-06
34000.056 1.0907579511597363e-06
34050.056 1.0448341424497564e-06
34100.056 1.2114617511600452e-06
34150.056 1.0965688756097147e-06
34200.056 9.812409091896578e-07
34250.056 1.1482436176697854e-06
34300.056 9.897332961293725e-07
34350.056 9.670101148800106e-07
34400.056 9.364338762900203e-07
34450.056 1.020752187999985e-06
34500.056 1.0703283602200402e-06
34550.056 9.403570199800012e-07
34600.056 1.1214917392800333e-06
34650.056 1.0954723105499923e-06
34700.056 1.054976556429796e-06
34750.056 1.1901767318001857e-06
34800.056 1.1331564188396414e-06
34850.056 1.0448117641300408e-06
34900.056 1.1571172083601574e-06
34950.056 1.056460956689722e-06
35000.056 1.2070994308799439e-06
35050.056 1.2253191091400784e-06
35100.056 1.1151196874797252e-06
35150.056 1.2507886723099693e-06
35200.056 1.2332694875800861e-06
35250.056 1.2172014405799216e-06
35300.056 1.206659295800083e-06
35350.056 1.2191781803698588e-06
35400.056 1.2237463442101078e-06
35450.056 1.0329462811904579e-06
35500.056 1.3593263360698994e-06
35550.056 1.274600903519982e-06
35600.056 1.173474428020041e-06
35650.056 1.4481133317301205e-06
35700.056 1.1937205352001608e-06
35750.056 1.3416061094097029e-06
35800.056 1.5301302841199269e-06
35850.056 1.324491464759997e-06
35900.056 1.6160472641697693e-06
35950.056 1.4833176858000998e-06
36000.056 1.385466464229987e-06
36050.056 1.6360653690102008e-06
36100.056 1.634056122249241e-06
36150.056 1.5177093833002348e-06
36200.056 1.7354807293397924e-06
36250.056 1.541623193259764e-06
36300.056 1.8678064171703208e-06
36350.056 1.717586724629893e-06
36400.056 1.6689826037500542e-06
36450.056 1.922534520899801e-06
36500.056 1.7757290673600643e-06
36550.056 1.7787244967605057e-06
36600.056 1.847699235740106e-06
36650.056 1.905482818899948e-06
36700.056 2.05810964649999e-06
36750.056 1.9160124912801617e-06
36800.056 1.985941198049878e-06
36850.056 2.033090772960207e-06
36900.056 2.0447300230003077e-06
36950.056 2.088779518639852e-06
37000.056 2.1730674448999234e-06
37050.056 2.1754934692998925e-06
37100.056 2.176882129880277e-06
37150.056 2.1835662240996755e-06
37200.056 2.2723156150000655e-06
37250.056 2.3120813977600533e-06
37300.056 2.2899336791002076e-06
37350.056 2.141702002650355e-06
37400.056 2.3063548477997938e-06
37450.056 2.2511292586301857e-06
37500.056 2.3251078315997566e-06
37550.056 2.332236627899665e-06
37600.056 2.4692529571997754e-06
37650.056 2.3141839933998627e-06
37700.056 2.435989113200018e-06
37750.056 2.477156109799891e-06
37800.056 2.5543601165999837e-06
37850.056 2.387052818499913e-06
37900.056 2.470867845200229e-06
37950.056 2.501457575199998e-06
38000.056 2.516708806400259e-06
38050.056 2.53485019520014e-06
38100.056 2.4015700274002542e-06
38150.056 2.6848197349997953e-06
38200.056 2.718806653099785e-06
38250.056 2.443781191000358e-06
38300.056 2.453814725299949e-06
38350.056 2.5734711590998763e-06
38400.056 2.6097150706197753e-06
38450.056 2.756473380800138e-06
38500.056 2.603018934099941e-06
38550.056 2.6461150273000897e-06
38600.056 2.9157754663998477e-06
38650.056 2.5677846100000534e-06
38700.056 2.62032793520048e-06
38750.056 2.7242559857999885e-06
38800.056 2.705464202100196e-06
38850.056 2.625249055500172e-06
38900.056 2.5634442814998586e-06
38950.056 2.794903612599858e-06
39000.056 2.657162861700071e-06
39050.056 2.7604962240998757e-06
39100.056 2.554030696520133e-06
39150.056 2.69093159590007e-06
39200.056 2.789836432600092e-06
39250.056 2.7560377305995026e-06
39300.056 2.7233512862994953e-06
39350.056 2.7510818450602583e-06
39400.056 2.7010340240000773e-06
39450.056 2.7170952881998672e-06
39500.056 2.6290327337997425e-06
39550.056 2.6133772385397045e-06
39600.056 2.8756825001999433e-06
39650.056 2.540706502599999e-06
39700.056 2.641223651099862e-06
39750.056 2.614610253159717e-06
39800.056 2.4669888421000886e-06
39850.056 2.5852952520998044e-06
39900.056 2.5539527918200918e-06
39950.056 2.6762211456998384e-06
40000.056 2.3917553228999255e-06
40050.056 2.3405276040999965e-06
40100.056 2.5167689546998885e-06
40150.056 2.3388585811995865e-06
40200.056 2.417929882499772e-06
40250.056 2.3216863402893995e-06
40300.056 2.2187227397502036e-06
40350.056 2.420828277100263e-06
40400.056 2.37936486298003e-06
40450.056 2.2753410117002424e-06
40500.056 2.079275146270235e-06
40550.056 2.4336682689998137e-06
40600.056 2.0739369344502773e-06
40650.056 2.210161390830148e-06
40700.056 2.3486302481001056e-06
40750.056 2.058806331899243e-06
40800.056 2.0093761324002133e-06
40850.056 1.962202569280448e-06
40900.056 1.9625050014802153e-06
40950.056 2.07219541165996e-06
41000.056 2.084157169299986e-06
41050.056 2.058624185839693e-06
41100.056 1.9430789871100205e-06
41150.056 2.0552707899000228e-06
41200.056 1.9591431019000458e-06
41250.056 1.9882289724601646e-06
41300.056 1.7244918461196608e-06
41350.056 2.0447262778100566e-06
41400.056 1.8870085622002005e-06
41450.056 1.896263439580229e-06
41500.056 1.9948135545201267e-06
41550.056 1.9126060636900186e-06
41600.056 1.956163200200063e-06
41650.056 1.7992216810803282e-06
41700.056 1.7103933746597701e-06
41750.056 1.7752286330598727e-06
41800.056 1.8131073350997073e-06
41850.056 1.5389199584402888e-06
41900.056 1.8283621164699211e-06
41950.056 1.610744670590429e-06
42000.056 1.6617072128901452e-06
42050.056 1.4725818093295952e-06
42100.056 1.7153773932402348e-06
42150.056 1.2754465748496071e-06
42200.056 1.3985348247200427e-06
42250.056 1.5170533653400293e-06
42300.056 1.270717916370036e-06
42350.056 1.5230861240803897e-06
42400.056 1.2866418785603199e-06
42450.056 1.1360014591801435e-06
42500.056 1.2056570674202139e-06
42550.056 1.2246040672399982e-06
42600.056 1.2298269930302927e-06
42650.056 1.1043132454293727e-06
42700.056 1.24889830121041e-06
42750.056 1.1494928209499464e-06
42800.056 1.1318241858503657e-06
42850.056 1.2196000042996889e-06
42900.056 1.1800380237500554e-06
42950.056 1.087549298419506e-06
43000.056 1.1241841669600199e-06
43050.056 1.0246514503004754e-06
43100.056 1.136149309620149e-06
43150.056 1.1316946380001767e-06
43200.056 1.1322652382601512e-06
43250.056 1.1037981271398583e-06
43300.056 1.1555734100300996e-06
43350.056 1.02820881315993e-06
43400.056 1.0779195783499406e-06
43450.056 1.0655445454002922e-06
43500.056 1.052222634079884e-06
43550.056 1.0984037954700656e-06
43600.056 1.1242656107000795e-06
43650.056 9.914421584600712e-07
43700.056 9.767611786997721e-07
43750.056 1.0196312786701885e-06
43800.056 9.422684713601272e-07
43850.056 9.721146558702216e-07
43900.056 1.0084189777799137e-06
43950.056 9.325469874501389e-07
44000.056 8.955482352101083e-07
44050.056 8.979330219000821e-07
44100.056 9.37757047970127e-07
44150.056 9.652837322898296e-07
44200.056 9.119572706499833e-07
44250.056 8.983577627900296e-07
44300.056 8.805335044600821e-07
44350.056 8.586684182100292e-07
44400.056 9.038146847299578e-07
44450.056 9.139193905900155e-07
44500.056 9.191482759200819e-07
44550.056 8.458841955398414e-07
44600.056 8.604649107100862e-07
44650.056 9.03212662740061e-07
44700.056 8.424675085100534e-07
44750.056 8.798153689399196e-07
44800.056 8.873156642699629e-07
44850.056 8.724843508500775e-07
44900.056 8.271146208100849e-07
44950.056 7.9440223526002e-07
45000.056 8.544928727299479e-07
45050.056 8.557607079299369e-07
45100.056 8.824862648899801e-07
45150.056 8.219415656499846e-07
45200.056 7.694690979100088e-07
45250.056 7.917400828099415e-07
45300.056 8.457655798600326e-07
45350.056 8.700095803099476e-07
45400.056 8.298937077500871e-07
45450.056 7.715053297498964e-07
45500.056 7.984359688399743e-07
45550.056 8.611989684499596e-07
45600.056 8.005955193899837e-07
45650.056 7.441535085198785e-07
45700.056 8.59363395070053e-07
45750.056 7.825016152900121e-07
45800.056 7.757028132099721e-07
45850.056 9.018763305699689e-07
45900.056 8.952456778900289e-07
45950.056 7.854120151999994e-07
46000.056 9.11192461910023e-07
46050.056 9.039487267801514e-07
46100.056 7.650275083800727e-07
46150.056 8.39184549669967e-07
46200.056 8.824571938201583e-07
46250.056 7.493920269899951e-07
46300.056 9.431369864699814e-07
46350.056 8.117670184399255e-07
46400.056 8.341792830299203e-07
46450.056 8.679195643601046e-07
46500.056 7.893116011899445e-07
46550.056 9.598652264099895e-07
46600.056 8.889248663700369e-07
46650.056 1.1260571487898592e-06
46700.056 1.044846068070303e-06
46750.056 8.381038221499367e-07
46800.056 9.096705719201165e-07
46850.056 9.835429950101066e-07
46900.056 9.218751106398553e-07
46950.056 1.0294148648700214e-06
47000.056 8.66949710479996e-07
47050.056 1.0379153443298626e-06
47100.056 8.118815508600691e-07
47150.056 8.942146330900922e-07
47200.056 9.617664133301881e-07
47250.056 8.537506642099171e-07
47300.056 8.849914232898229e-07
47350.056 7.844300144298745e-07
47400.056 9.537232834598529e-07
47450.056 8.336401115899461e-07
47500.056 9.454400138298843e-07
47550.056 8.421626894099356e-07
47600.056 9.54279900839939e-07
47650.056 7.233145984598552e-07
47700.056 9.76313627440043e-07
47750.056 6.994508416601357e-07
47800.056 9.565036911399146e-07
47850.056 7.499644125899063e-07
47900.056 9.449215758500432e-07
47950.056 7.376268664101128e-07
48000.056 1.0599777445299997e-06
48050.056 8.155260996301092e-07
48100.056 9.004374074599838e-07
48150.056 8.199256490501087e-07
48200.056 9.61675917280101e-07
48250.056 8.084570524300071e-07
48300.056 1.044119361579836e-06
48350.056 7.394312836599458e-07
48400.056 9.37695634949993e-07
48450.056 7.836330986000182e-07
48500.056 1.0589839481500292e-06
48550.056 7.523198037800126e-07
48600.056 9.807038741899252e-07
48650.056 7.808201870399765e-07
48700.056 9.689494138200636e-07
48750.056 7.092638689300504e-07
48800.056 1.0714539126600476e-06
48850.056 7.64281919269861e-07
48900.056 9.946208265000816e-07
48950.056 8.915563050200119e-07
49000.056 8.71696447299905e-07
49050.056 9.467797860799739e-07
49100.056 8.621124625100764e-07
49150.056 9.206943982499879e-07
49200.056 8.60239779559968e-07
49250.056 9.176890193600108e-07
49300.056 7.990105611599397e-07
49350.056 8.611889180099883e-07
49400.056 9.924576383300511e-07
49450.056 8.573981696001804e-07
49500.056 9.007375493000309e-07
49550.056 7.879075157699914e-07
49600.056 8.679359740201775e-07
49650.056 9.079936412700166e-07
49700.056 7.906609539099375e-07
49750.056 1.1534234667398598e-06
49800.056 8.626493749100426e-07
49850.056 1.109915823700058e-06
49900.056 8.771404576100497e-07
49950.056 9.377720798598097e-07
50000.056 9.230366879898196e-07
50050.056 9.223322029300593e-07
50100.056 1.000653914359948e-06
50150.056 8.369674214400265e-07
50200.056 7.948884024600898e-07
50250.056 9.361812990000361e-07
50300.056 8.650764972499575e-07
50350.056 1.030410474899992e-06
50400.056 8.887318669599656e-07
50450.056 8.8831705155013e-07
50500.056 1.1131994006601558e-06
50550.056 9.215229100199749e-07
50600.056 1.000179681530001e-06
50650.056 9.400787345001759e-07
50700.056 1.0383355030897662e-06
50750.056 1.0772331556701394e-06
50800.056 7.913898487899071e-07
50850.056 9.369505579601559e-07
50900.056 1.0240952481499627e-06
50950.056 1.0177574675701703e-06
51000.056 1.181214978000093e-06
51050.056 8.931485045700957e-07
51100.056 8.676206518699335e-07
51150.056 1.0042964878999267e-06
51200.056 9.752649066299657e-07
51250.056 1.0579393918899599e-06
51300.056 8.688821892102638e-07
51350.056 9.874972621898505e-07
51400.056 9.101742235898175e-07
51450.056 7.079471582498887e-07
51500.056 9.214682153900251e-07
51550.056 1.1955516534400992e-06
51600.056 8.168149537900562e-07
51650.056 9.629198594298672e-07
51700.056 9.163516261197557e-07
51750.056 8.619410407600643e-07
51800.056 1.0502067255797988e-06
51850.056 1.0233113780998779e-06
51900.056 1.094806138610181e-06
51950.056 1.0057881613699161e-06
52000.056 8.350735727099558e-07
52050.056 9.78298307779947e-07
52100.056 9.044658550098508e-07
52150.056 9.16579028740046e-07
52200.056 8.860028353200312e-07
52250.056 9.372929605700027e-07
52300.056 1.0475061404999883e-06
52350.056 1.099420956280117e-06
52400.056 8.06853670400125e-07
52450.056 9.512241240299958e-07
52500.056 1.070277467059832e-06
52550.056 9.946081414197277e-07
52600.056 9.98973235550129e-07
52650.056 1.120747009040146e-06
52700.056 9.486159404300195e-07
52750.056 7.996260039099227e-07
52800.056 8.917557964300821e-07
52850.056 8.515126275498993e-07
52900.056 9.51328210600041e-07
52950.056 9.346660065098954e-07
53000.056 1.0703221780899262e-06
53050.056 9.094272940598247e-07
53100.056 8.900947177998215e-07
53150.056 1.1190932346601644e-06
53200.056 7.758371007700877e-07
53250.056 1.0913119474199798e-06
53300.056 1.0754181909304234e-06
53350.056 1.0588523296398793e-06
53400.056 9.965424290800723e-07
53450.056 8.791975888900391e-07
53500.056 7.488578734798744e-07
53550.056 9.420554166599173e-07
53600.056 1.0320606085001629e-06
53650.056 8.33741631710102e-07
