galfind/configs/Brown_Dwarf_templates/sonora_bobcat/m0.0/31g/sp_t850g31nc_m0.0_resample.dat
# %ECSV 1.0
# ---
# datatype:
# - {name: wav, unit: Angstrom, datatype: float64}
# - {name: flux_nu, unit: erg / (cm2 Hz s), datatype: float64}
# meta: {C/O: '1.00', Kzz: '1.0000E+05', Teff: '850.', Y: '0.28', '[Fe/H]': '0.00', f_hole: '1.00', f_rain: '0.00', grav: '32.'}
# schema: astropy-2.0
wav flux_nu
4000.0559999999996 nan
4050.0559999999996 9.606208355997796e-14
4100.056 5.406057353829764e-12
4150.056 1.644847258440117e-11
4200.056 1.3808154928027288e-11
4250.056 2.965113334290356e-11
4300.056 3.838885018050337e-11
4350.056 4.368893042800215e-11
4400.056 5.375839275000264e-11
4450.056 6.158452115700014e-11
4500.056 6.36320051480035e-11
4550.056 7.383656570617678e-11
4600.056 7.841264207480046e-11
4650.056 6.982095979099397e-11
4700.056 6.442733115600118e-11
4750.056 3.331600951700002e-11
4800.056 9.225872444999853e-12
4850.056 2.4032087799999654e-12
4900.056 9.751492240899922e-13
4950.056 4.398457011999962e-13
5000.056 1.5829455346999808e-13
5050.056 6.276503456299985e-14
5100.056 5.0840185837000056e-14
5150.056 4.5047590685000134e-14
5200.056 4.0270600789e-14
5250.056 3.559042093599996e-14
5300.056 3.184837006199996e-14
5350.056 2.930230933899998e-14
5400.056 2.7546023648999965e-14
5450.056 2.6403394936000028e-14
5500.056 2.56974539560001e-14
5550.056 2.531550275200002e-14
5600.056 2.5019308832999997e-14
5650.056 2.456590489799997e-14
5700.056 2.3576833437999993e-14
5750.056 2.1793317535999977e-14
5800.056 1.841739995899994e-14
5850.056 1.2191492623399818e-14
5900.056 3.513682272592807e-15
5950.056 2.4492136634000547e-14
6000.056 5.3973352897999924e-14
6050.056 9.892652051300129e-14
6100.056 1.6808153569000165e-13
6150.056 2.778587230900022e-13
6200.056 4.556057868300032e-13
6250.056 7.390483080200039e-13
6300.056 1.2029928732100082e-12
6350.056 1.9416936982000163e-12
6400.056 3.0926558614000246e-12
6450.056 4.772728989999935e-12
6500.056 7.389918382699986e-12
6550.056 1.1268425214400047e-11
6600.056 1.6958928318000336e-11
6650.056 2.5015176491000187e-11
6700.056 3.0161995625240206e-11
6750.056 4.995453297400031e-11
6800.056 6.568241540900043e-11
6850.056 7.613791484400015e-11
6900.056 7.446639913300113e-11
6950.056 6.806012522999939e-11
7000.056 7.011858200000103e-11
7050.056 7.665596574299877e-11
7100.056 8.47808953039995e-11
7150.056 8.535023832399839e-11
7200.056 8.356625577125105e-11
7250.056 8.119689773849453e-11
7300.056 7.42198046823995e-11
7350.056 6.682187298219795e-11
7400.056 5.942108890900175e-11
7450.056 5.0663977081001045e-11
7500.056 4.1177479989999573e-11
7550.056 3.114555531799974e-11
7600.056 2.215905027699979e-11
7650.056 5.126507164038724e-12
7700.056 3.0640823207891633e-12
7750.056 1.97334051086004e-11
7800.056 3.829924206938048e-11
7850.056 8.102170948300028e-11
7900.056 1.3231274472899974e-10
7950.056 1.63587707650782e-10
8000.056 2.98109096290004e-10
8050.056 4.1407259934001115e-10
8100.056 5.216590624580053e-10
8150.056 6.65153065330362e-10
8200.056 8.919954552950737e-10
8250.056 1.1086964713780867e-09
8300.056 1.389852360919221e-09
8350.056 1.6682038672547137e-09
8400.056 2.022823545323946e-09
8450.056 2.505471668159873e-09
8500.056 2.7281330961222483e-09
8550.056 3.5301200609000536e-09
8600.056 4.382650899000018e-09
8650.056 5.087896743800035e-09
8700.056 5.872328179399894e-09
8750.056 6.8232199547000914e-09
8800.056 7.782480810700219e-09
8850.056 8.308149507399766e-09
8900.056 6.5568968467895174e-09
8950.056 6.452379580044453e-09
9000.056 7.4013524864076005e-09
9050.056 1.1502393516864445e-08
9100.056 1.3271382647809802e-08
9150.056 1.3939237130835193e-08
9200.056 1.6760795192336222e-08
9250.056 1.6830868005723562e-08
9300.056 8.670994669937798e-09
9350.056 1.0004430377287514e-08
9400.056 1.3018119830421851e-08
9450.056 1.6107997997797473e-08
9500.056 1.572850561130854e-08
9550.056 1.80384763289546e-08
9600.056 1.768456047971367e-08
9650.056 2.0222831133480853e-08
9700.056 2.371337207926404e-08
9750.056 2.4530116118829606e-08
9800.056 2.7058086986494048e-08
9850.056 3.052211388724795e-08
9900.056 3.424305454363328e-08
9950.056 3.4972973575677856e-08
10000.056 3.375639796999247e-08
10050.056 4.2294553541201255e-08
10100.056 5.123848313999096e-08
10150.056 5.903461819298949e-08
10200.056 6.896812516599758e-08
10250.056 7.73925392359993e-08
10300.056 8.769094187400146e-08
10350.056 1.017076279419984e-07
10400.056 1.161934522609957e-07
10450.056 1.2512675185399572e-07
10500.056 1.3098413460800344e-07
10550.056 1.3802065635400753e-07
10600.056 1.460181477789927e-07
10650.056 1.5747686352300497e-07
10700.056 1.6331382406901124e-07
10750.056 1.73659935817805e-07
10800.056 1.795075067032034e-07
10850.056 1.7648244262278515e-07
10900.056 1.344163880027935e-07
10950.056 7.715175865499115e-08
11000.056 6.729028382530892e-08
11050.056 5.4597464172534144e-08
11100.056 4.235333511303188e-08
11150.056 2.8654034474097566e-08
11200.056 2.5544340986567824e-08
11250.056 2.9656666868332042e-08
11300.056 3.248322305908314e-08
11350.056 1.6692707023735877e-08
11400.056 2.610983779711552e-08
11450.056 2.3826774228103977e-08
11500.056 2.0876222033981833e-08
11550.056 9.811432273207934e-09
11600.056 1.151613302330199e-08
11650.056 1.8654554058870918e-08
11700.056 1.758176504827831e-08
11750.056 6.514489711691287e-09
11800.056 2.033448127334327e-08
11850.056 3.158262966506228e-08
11900.056 3.621253405303901e-08
11950.056 5.210236577350706e-08
12000.056 6.759047863314319e-08
12050.056 8.77927642087889e-08
12100.056 1.0895131114655098e-07
12150.056 1.352910684233619e-07
12200.056 1.596334001977542e-07
12250.056 1.8650990925434026e-07
12300.056 2.1797073877953254e-07
12350.056 2.3064892554391269e-07
12400.056 2.5809656611399565e-07
12450.056 2.5849702802502353e-07
12500.056 2.8057665923899897e-07
12550.056 3.0337869738003276e-07
12600.056 3.5926149588401565e-07
12650.056 3.5333368510099505e-07
12700.056 3.641328302310629e-07
12750.056 3.519057311644335e-07
12800.056 3.5185500909232355e-07
12850.056 3.0354659202614474e-07
12900.056 2.646073232365493e-07
12950.056 2.6332969753789586e-07
13000.056 2.399689064633523e-07
13050.056 2.126586647133345e-07
13100.056 1.9127111207914763e-07
13150.056 1.5658925346372994e-07
13200.056 1.3485849464113935e-07
13250.056 1.0416869583839118e-07
13300.056 5.142738817270544e-08
13350.056 1.7943284653985194e-08
13400.056 1.390757270579368e-08
13450.056 7.840937830568857e-09
13500.056 5.540183712532351e-09
13550.056 3.913995110414482e-09
13600.056 1.7184810363156475e-09
13650.056 4.223717797378761e-09
13700.056 3.5294701256116474e-09
13750.056 3.152927896223839e-09
13800.056 3.2989066307444256e-09
13850.056 2.7696947296627832e-09
13900.056 2.9416766388169924e-09
13950.056 2.4942387551694097e-09
14000.056 2.5496615916732155e-09
14050.056 3.205059985247731e-09
14100.056 3.3306073806906216e-09
14150.056 4.676135922900333e-09
14200.056 3.8141044130443335e-09
14250.056 4.488732897741752e-09
14300.056 6.770886999033156e-09
14350.056 7.224925968071984e-09
14400.056 8.708307756454316e-09
14450.056 9.621871674889667e-09
14500.056 1.5964299280806327e-08
14550.056 1.85850438886579e-08
14600.056 2.2928390128332192e-08
14650.056 2.372727954381128e-08
14700.056 2.0198844655514835e-08
14750.056 2.351750478815376e-08
14800.056 3.0300458772373737e-08
14850.056 3.362944098799878e-08
14900.056 3.612262647571639e-08
14950.056 3.970791052723098e-08
15000.056 4.6421368853838335e-08
15050.056 5.165142823413021e-08
15100.056 5.620473224918683e-08
15150.056 6.290594541161974e-08
15200.056 6.602202436346429e-08
15250.056 8.006833437205854e-08
15300.056 9.062838821477006e-08
15350.056 1.0023535152796554e-07
15400.056 1.1436845908982154e-07
15450.056 1.2680003904414548e-07
15500.056 1.3301609308286775e-07
15550.056 1.4970307022860423e-07
15600.056 1.510889200585059e-07
15650.056 1.6419332236361184e-07
15700.056 1.89491135918873e-07
15750.056 2.032393907759931e-07
15800.056 1.9737610678005773e-07
15850.056 2.132300997629911e-07
15900.056 1.9661915595901576e-07
15950.056 1.8868231424495584e-07
16000.056 1.5264329283000785e-07
16050.056 1.0614880951159763e-07
16100.056 7.810932323600475e-08
16150.056 5.277380044907486e-08
16200.056 3.514692501676314e-08
16250.056 2.904533764507804e-08
16300.056 2.1832425150346578e-08
16350.056 2.4308597460322467e-08
16400.056 3.0266403514869567e-08
16450.056 3.1809692499522824e-08
16500.056 3.373566780767086e-08
16550.056 3.3490746921672065e-08
16600.056 3.1643005365572345e-08
16650.056 2.6526869703307713e-08
16700.056 7.619304331500032e-09
16750.056 1.051186594049402e-08
16800.056 1.9704421332767515e-08
16850.056 2.3268984514856834e-08
16900.056 1.7235436575355248e-08
16950.056 1.2605165473344021e-08
17000.056 8.671989563598368e-09
17050.056 1.4851745549888774e-08
17100.056 2.0809156939048404e-08
17150.056 1.4077727999112723e-08
17200.056 2.501085267737214e-08
17250.056 2.2180322355427837e-08
17300.056 1.538443796536046e-08
17350.056 1.3769290015673356e-08
17400.056 1.7156948653411257e-08
17450.056 2.116456277993645e-08
17500.056 2.6050824439649284e-08
17550.056 2.5370234707777316e-08
17600.056 2.1262389180543167e-08
17650.056 2.155840525795214e-08
17700.056 1.5363190525983433e-08
17750.056 1.577109049455347e-08
17800.056 2.5417596579400066e-08
17850.056 1.7457558094824906e-08
17900.056 1.4304989793506584e-08
17950.056 1.2537442430130926e-08
18000.056 1.5435279642700442e-08
18050.056 1.689152959567548e-08
18100.056 1.923147482675924e-08
18150.056 2.4460145927084736e-08
18200.056 1.60018590059653e-08
18250.056 3.0810560088337684e-08
18300.056 2.1593621054049675e-08
18350.056 1.7298707730659627e-08
18400.056 1.7836718526074567e-08
18450.056 2.17875914738092e-08
18500.056 2.408152647680808e-08
18550.056 1.9629292822204993e-08
18600.056 1.7855130434500038e-08
18650.056 1.8661776633576542e-08
18700.056 1.6937114216798147e-08
18750.056 2.262846688801348e-08
18800.056 3.550610249461546e-08
18850.056 4.1171629045120436e-08
18900.056 3.993086233436579e-08
18950.056 5.319774634940048e-08
19000.056 4.267580402242177e-08
19050.056 3.346105633886687e-08
19100.056 5.043799512829688e-08
19150.056 4.106371427050314e-08
19200.056 4.744708248958792e-08
19250.056 3.894469810221332e-08
19300.056 3.759130775236534e-08
19350.056 3.207654538603742e-08
19400.056 2.5374411698971996e-08
19450.056 4.2232340163595354e-08
19500.056 4.0166365840456125e-08
19550.056 2.9050044919009873e-08
19600.056 4.283816275644695e-08
19650.056 4.5645346538040576e-08
19700.056 4.783157289195004e-08
19750.056 5.1592996943677325e-08
19800.056 5.259034895698552e-08
19850.056 6.478638529163829e-08
19900.056 5.282416543737475e-08
19950.056 7.985359844255916e-08
20000.056 7.268472803140707e-08
20050.056 7.876815267699916e-08
20100.056 9.427793787962072e-08
20150.056 8.81338948490745e-08
20200.056 9.609757854966625e-08
20250.056 1.1283197240462643e-07
20300.056 1.132863630113379e-07
20350.056 1.2659427256687864e-07
20400.056 1.21602821497659e-07
20450.056 1.4261567000104734e-07
20500.056 1.5146797095625373e-07
20550.056 1.5054924368061743e-07
20600.056 1.6686885929857933e-07
20650.056 1.6654483842386363e-07
20700.056 1.7209000594814133e-07
20750.056 1.793358670100737e-07
20800.056 1.8004158976883353e-07
20850.056 1.7458495632979704e-07
20900.056 1.7893471520524242e-07
20950.056 1.7020671562677718e-07
21000.056 1.632302555710514e-07
21050.056 1.609767521013863e-07
21100.056 1.491137001305204e-07
21150.056 1.5035502013197005e-07
21200.056 1.3564798778310343e-07
21250.056 1.2570191629420737e-07
21300.056 1.0469719028817563e-07
21350.056 1.0586971391711032e-07
21400.056 9.66050828625385e-08
21450.056 8.719413094264554e-08
21500.056 7.790744137054617e-08
21550.056 6.990806056823807e-08
21600.056 5.825897174498446e-08
21650.056 4.8663618984378945e-08
21700.056 4.813188169879504e-08
21750.056 4.166527574946473e-08
21800.056 3.454715614798558e-08
21850.056 3.099809633261162e-08
21900.056 2.1572402122336765e-08
21950.056 1.2362255444238726e-08
22000.056 4.8196601825761025e-09
22050.056 3.0963791577352543e-09
22100.056 5.4785818990532816e-09
22150.056 8.437625800789947e-09
22200.056 9.927029289340025e-09
22250.056 8.174425748762813e-09
22300.056 6.52948194879389e-09
22350.056 6.358737672816185e-09
22400.056 4.3607508447288645e-09
22450.056 3.893183540450376e-09
22500.056 3.4317640739038143e-09
22550.056 2.774282216327824e-09
22600.056 2.8813810537760557e-09
22650.056 3.2697426753345804e-09
22700.056 2.707274741893444e-09
22750.056 2.910923847726545e-09
22800.056 2.6092251836498763e-09
22850.056 2.2797758693932053e-09
22900.056 1.891476473335766e-09
22950.056 1.8056228794878026e-09
23000.056 2.413392630937928e-09
23050.056 3.217008124684407e-09
23100.056 6.128310797906274e-09
23150.056 7.217432990488388e-09
23200.056 1.6315245928069666e-09
23250.056 2.023086805334237e-09
23300.056 1.90932791996648e-09
23350.056 1.99220073376489e-09
23400.056 2.2428194828260225e-09
23450.056 2.0775550060371736e-09
23500.056 2.2728021812843597e-09
23550.056 2.995639784175685e-09
23600.056 3.4094108405804965e-09
23650.056 4.860613384550954e-09
23700.056 2.8663725149357674e-09
23750.056 2.1896381646904817e-09
23800.056 2.7140310160144155e-09
23850.056 3.070438751917804e-09
23900.056 4.798593647530356e-09
23950.056 5.334046127533609e-09
24000.056 5.973020227114631e-09
24050.056 8.003523000846548e-09
24100.056 7.41294986154484e-09
24150.056 8.693213798051506e-09
24200.056 8.21925429331341e-09
24250.056 6.820987151127591e-09
24300.056 8.654381916118278e-09
24350.056 7.373332754133918e-09
24400.056 1.044603051209064e-08
24450.056 1.0771026526660673e-08
24500.056 1.1015469154384725e-08
24550.056 1.3783926177862762e-08
24600.056 1.4018847615784852e-08
24650.056 1.7862929788927297e-08
24700.056 1.3798458038122658e-08
24750.056 1.631359675478068e-08
24800.056 1.7034894600820414e-08
24850.056 2.1933660194672977e-08
24900.056 1.514386829002973e-08
24950.056 2.4480836912907523e-08
25000.056 2.286727663987623e-08
25050.056 1.7747383293304527e-08
25100.056 2.3986498124382646e-08
25150.056 1.6568527915001388e-08
25200.056 2.2034409260839685e-08
25250.056 1.5863935569380697e-08
25300.056 2.298139242913945e-08
25350.056 1.4001205000007086e-08
25400.056 2.4262353321821638e-08
25450.056 1.4033016879585614e-08
25500.056 1.394921956554791e-08
25550.056 1.6173898500579614e-08
25600.056 1.2554573641673957e-08
25650.056 9.841146921301917e-09
25700.056 1.7040682864940883e-08
25750.056 7.800986470825117e-09
25800.056 1.6592504752915734e-08
25850.056 8.580531710182814e-09
25900.056 1.1213769910573724e-08
25950.056 6.9260251705533984e-09
26000.056 1.8904547617975152e-08
26050.056 1.0663128454703054e-08
26100.056 1.6808313534367058e-08
26150.056 1.2928850986083563e-08
26200.056 1.5579741471807584e-08
26250.056 2.4517554191524137e-08
26300.056 1.6869033225959652e-08
26350.056 3.0978818947706225e-08
26400.056 3.179304451752173e-08
26450.056 3.5093657844865624e-08
26500.056 3.8651249384161864e-08
26550.056 2.1261369712669487e-08
26600.056 3.08032857994998e-08
26650.056 1.3862065435882729e-08
26700.056 1.3155152271070716e-08
26750.056 9.156257396049784e-09
26800.056 1.6188158856324343e-08
26850.056 9.281362707710313e-09
26900.056 2.1995060868066882e-08
26950.056 1.1226198601901805e-08
27000.056 2.9352336620187735e-08
27050.056 2.2623659157739907e-08
27100.056 1.6088532788166085e-08
27150.056 3.336538801465994e-08
27200.056 1.764295640578188e-08
27250.056 2.2360619165866202e-08
27300.056 5.1706715692357954e-08
27350.056 3.680335491681735e-08
27400.056 1.10870974525112e-08
27450.056 4.840029564127047e-08
27500.056 4.595073222869443e-08
27550.056 2.054769908543529e-08
27600.056 3.8755525254047955e-08
27650.056 1.7515680034256236e-08
27700.056 1.4307965661139428e-08
27750.056 4.064855080388925e-08
27800.056 1.704281823101469e-08
27850.056 2.2775930293497322e-08
27900.056 2.443314035904129e-08
27950.056 4.3629163883490776e-08
28000.056 3.548532404061422e-08
28050.056 1.2064625774529114e-08
28100.056 4.450024888182199e-08
28150.056 2.7962189646455525e-08
28200.056 1.4077028287810743e-08
28250.056 4.401846522298251e-08
28300.056 5.6913782559099554e-08
28350.056 2.009889280030057e-08
28400.056 3.423206205562536e-08
28450.056 4.547845660999293e-08
28500.056 3.621094993199947e-08
28550.056 1.416355910839654e-08
28600.056 5.217358227984568e-08
28650.056 4.445718278130976e-08
28700.056 3.980711951579062e-08
28750.056 5.8054230686571666e-08
28800.056 4.460527545221975e-08
