galfind/configs/Brown_Dwarf_templates/sonora_bobcat/m0.0/31g/sp_t900g31nc_m0.0_resample.dat
# %ECSV 1.0
# ---
# datatype:
# - {name: wav, unit: Angstrom, datatype: float64}
# - {name: flux_nu, unit: erg / (cm2 Hz s), datatype: float64}
# meta: {C/O: '1.00', Kzz: '1.0000E+05', Teff: '900.', Y: '0.28', '[Fe/H]': '0.00', f_hole: '1.00', f_rain: '0.00', grav: '32.'}
# schema: astropy-2.0
wav flux_nu
[from data line 498]
28900.056 4.4110373886269326e-08
28950.056 9.229130766368501e-08
29000.056 7.369040688432133e-08
29050.056 7.906350436635559e-08
29100.056 5.7747216108846034e-08
29150.056 9.758042213252863e-08
29200.056 7.210235603487818e-08
29250.056 1.0256614262108048e-07
29300.056 5.981168165915798e-08
29350.056 1.3960747881981516e-07
29400.056 8.001821886881879e-08
29450.056 8.91679037369395e-08
29500.056 9.885592481418311e-08
29550.056 8.58969536587789e-08
29600.056 1.01398176825699e-07
29650.056 1.0259781761767257e-07
29700.056 7.417284033661181e-08
29750.056 1.0530281211544092e-07
29800.056 1.0870324006228045e-07
29850.056 1.1418065534102771e-07
29900.056 1.0290751453742419e-07
29950.056 1.0607067179976292e-07
30000.056 6.313198417608556e-08
30050.056 6.945220440172989e-08
30100.056 6.13758507758813e-08
30150.056 1.0398956968148392e-07
30200.056 7.878782672574281e-08
30250.056 1.1857355689253184e-07
30300.056 1.0087097792171383e-07
30350.056 8.597388490870546e-08
30400.056 1.0306015055708915e-07
30450.056 7.494148193570027e-08
30500.056 6.134963424424547e-08
30550.056 6.597443318446054e-08
30600.056 7.594688951899657e-08
30650.056 5.960792517528491e-08
30700.056 5.8749922793705316e-08
30750.056 5.930996581328963e-08
30800.056 4.8944813116309796e-08
30850.056 4.594621239627606e-08
30900.056 4.108851348069346e-08
30950.056 3.971900772697119e-08
31000.056 3.411090555630255e-08
31050.056 3.3817058875100995e-08
31100.056 2.716111113021635e-08
31150.056 3.261910286458835e-08
31200.056 3.448853513840719e-08
31250.056 2.52563802437744e-08
31300.056 2.4254752223986003e-08
31350.056 2.455044947450026e-08
31400.056 1.9379941344580093e-08
31450.056 2.065226214089605e-08
31500.056 1.6571361225605508e-08
31550.056 1.8839310751538678e-08
31600.056 1.4275334545199698e-08
31650.056 1.3591045212762181e-08
31700.056 1.3478910333697856e-08
31750.056 1.152219438582494e-08
31800.056 1.428797558229895e-08
31850.056 1.1718436722301388e-08
31900.056 1.3450913647538625e-08
31950.056 8.552657733720114e-09
32000.056 1.1292036573918987e-08
32050.056 1.2373821127430326e-08
32100.056 1.2154133869112663e-08
32150.056 1.2527663692588298e-08
32200.056 1.0898581265480869e-08
32250.056 1.4064948887121887e-08
32300.056 1.0763140268159047e-08
32350.056 1.4734920661417115e-08
32400.056 1.035066746179653e-08
32450.056 1.3533092193085421e-08
32500.056 1.267678830488227e-08
32550.056 1.1857185270438715e-08
32600.056 1.466601888534118e-08
32650.056 2.0962726467316444e-08
32700.056 1.751805751550362e-08
32750.056 2.059124988350378e-08
32800.056 1.9228619429203133e-08
32850.056 2.1787549196596878e-08
32900.056 2.459600094869517e-08
32950.056 2.572584019210844e-08
33000.056 2.1018212530632063e-08
33050.056 1.9963506698912958e-08
33100.056 9.961684375717462e-09
33150.056 3.971349310110108e-09
33200.056 3.3583563726993097e-09
33250.056 1.896887450479585e-09
33300.056 2.1713679370504245e-09
33350.056 3.7086633708800803e-09
33400.056 5.396750356697602e-09
33450.056 7.824372555649376e-09
33500.056 1.2173686292207404e-08
33550.056 1.1173925994725341e-08
33600.056 1.7509456719157433e-08
33650.056 1.7423691450396153e-08
33700.056 1.550706508534696e-08
33750.056 2.1467258926605994e-08
33800.056 1.8901260626713297e-08
33850.056 2.0998306869957588e-08
33900.056 1.7235133098700264e-08
33950.056 1.7409516235277003e-08
34000.056 2.228112463060946e-08
34050.056 1.2846881186113018e-08
34100.056 2.214813154229923e-08
34150.056 1.8375162597089975e-08
34200.056 1.791163367300182e-08
34250.056 1.858816401528762e-08
34300.056 1.7282395827601302e-08
34350.056 1.4605907429999477e-08
34400.056 1.3570387839877034e-08
34450.056 1.798971936539391e-08
34500.056 1.7023121682602483e-08
34550.056 1.444719083076172e-08
34600.056 2.183549682289797e-08
34650.056 1.6270665964160693e-08
34700.056 1.9048956309998355e-08
34750.056 1.916186231159331e-08
34800.056 1.7673714182703172e-08
34850.056 1.9006525254307385e-08
34900.056 2.1173300847341267e-08
34950.056 2.223837407479457e-08
35000.056 3.118125026850985e-08
35050.056 2.015865580591719e-08
35100.056 2.5319425654203948e-08
35150.056 2.3434567888964852e-08
35200.056 2.6317506977596193e-08
35250.056 3.3045300373388864e-08
35300.056 2.7709389234605685e-08
35350.056 2.6785039611089687e-08
35400.056 3.007481187529948e-08
35450.056 2.097891820811122e-08
35500.056 3.910301530119909e-08
35550.056 3.718907255139158e-08
35600.056 3.097431625861672e-08
35650.056 3.557070980009531e-08
35700.056 3.3032650900191864e-08
35750.056 4.154732247139228e-08
35800.056 5.448493830519999e-08
35850.056 3.36381903405941e-08
35900.056 4.3854452163901407e-08
35950.056 4.0786760521887614e-08
36000.056 4.151368153380795e-08
36050.056 3.8055105177885346e-08
36100.056 4.151544098917431e-08
36150.056 4.31711276032882e-08
36200.056 4.5927919216085487e-08
36250.056 4.452940902198171e-08
36300.056 5.1762933608600776e-08
36350.056 4.973431352260751e-08
36400.056 4.796792267139151e-08
36450.056 5.999128779110751e-08
36500.056 6.30597901551977e-08
36550.056 6.164245027951707e-08
36600.056 7.379335357099935e-08
36650.056 7.298298809038123e-08
36700.056 7.846796086098417e-08
36750.056 8.353228144625303e-08
36800.056 8.240288638700047e-08
36850.056 7.874226231488209e-08
36900.056 8.540232838248616e-08
36950.056 9.561421865438272e-08
37000.056 9.088356905918974e-08
37050.056 8.88742565801864e-08
37100.056 1.0205562437700054e-07
37150.056 8.513896835519393e-08
37200.056 9.99500750449848e-08
37250.056 1.0462241863998177e-07
37300.056 9.179831084735724e-08
37350.056 9.416383046672249e-08
37400.056 1.3716497248979574e-07
37450.056 1.0813714203739964e-07
37500.056 1.082755133227867e-07
37550.056 1.246668067000865e-07
37600.056 1.3527662452700962e-07
37650.056 1.0612936214699627e-07
37700.056 1.5094393266781665e-07
37750.056 1.1581272336999287e-07
37800.056 1.225251931168842e-07
37850.056 9.627098519000686e-08
37900.056 1.0611894348603754e-07
37950.056 1.2629863419096655e-07
38000.056 1.5206276779890586e-07
38050.056 1.4928764770642963e-07
38100.056 1.392686311206375e-07
38150.056 1.686962003579913e-07
38200.056 1.7639632880304964e-07
38250.056 1.694704569920168e-07
38300.056 2.100923002409743e-07
38350.056 2.162508111620212e-07
38400.056 1.4806751630894658e-07
38450.056 1.5865783871116607e-07
38500.056 1.1706484651560813e-07
38550.056 1.6938521403904114e-07
38600.056 1.7799223365201925e-07
38650.056 1.666731978899736e-07
38700.056 1.794820856669882e-07
38750.056 1.9876952138601487e-07
38800.056 1.7009805533285415e-07
38850.056 1.714791798420197e-07
38900.056 2.2579752525702846e-07
38950.056 1.9321182091797117e-07
39000.056 2.0988171893599537e-07
39050.056 1.92123154368985e-07
39100.056 2.1093082435602764e-07
39150.056 2.0856157628700394e-07
39200.056 2.228580943305876e-07
39250.056 2.4591291206193763e-07
39300.056 2.0679719447189517e-07
39350.056 2.6587269468600507e-07
39400.056 2.37143993328085e-07
39450.056 2.457292029049906e-07
39500.056 2.3560771474205864e-07
39550.056 2.5177355577185514e-07
39600.056 2.620364275549117e-07
39650.056 2.795494959579887e-07
39700.056 2.718991041290282e-07
39750.056 2.3633536027816553e-07
39800.056 2.7235957374690886e-07
39850.056 3.1139706193999707e-07
39900.056 3.052930756080305e-07
39950.056 2.811021028729088e-07
40000.056 3.6117548161608653e-07
40050.056 3.1226047834800863e-07
40100.056 2.794552784912012e-07
40150.056 3.322159006459429e-07
40200.056 3.3718642573186666e-07
40250.056 3.212332210698858e-07
40300.056 3.2340465745606584e-07
40350.056 3.4713641762799006e-07
40400.056 3.824929389477928e-07
40450.056 3.567606712506852e-07
40500.056 3.711423038099947e-07
40550.056 3.781203562779306e-07
40600.056 3.6881464249005275e-07
40650.056 3.4016699313519885e-07
40700.056 4.3527645212499894e-07
40750.056 3.813872401499377e-07
40800.056 3.230226978938503e-07
40850.056 4.4089121912011785e-07
40900.056 4.073007434760418e-07
40950.056 3.884557611340292e-07
41000.056 4.03752408278014e-07
41050.056 4.670958311899563e-07
41100.056 4.0214398228802706e-07
41150.056 3.393782564171507e-07
41200.056 4.552625146859467e-07
41250.056 3.9735982196095723e-07
41300.056 3.69682109417907e-07
41350.056 4.894826311200755e-07
41400.056 4.4980544465008436e-07
41450.056 4.6476020781210316e-07
41500.056 4.053858981195119e-07
41550.056 4.092355154700644e-07
41600.056 4.857343574812608e-07
41650.056 4.7110982532003376e-07
41700.056 4.2996405445983297e-07
41750.056 4.531681155559819e-07
41800.056 4.892402583699498e-07
41850.056 3.748945454260304e-07
41900.056 4.253999488869343e-07
41950.056 3.9087558176208955e-07
42000.056 3.950978982499675e-07
42050.056 3.626558046319894e-07
42100.056 4.814345614100237e-07
42150.056 3.705696378299487e-07
42200.056 3.572395464179971e-07
42250.056 3.6021126323490267e-07
42300.056 3.489423527060066e-07
42350.056 4.2907067286007706e-07
42400.056 3.8141502060012377e-07
42450.056 3.536785614720269e-07
42500.056 3.504942472490017e-07
42550.056 3.4880107247194365e-07
42600.056 3.514712982880879e-07
42650.056 3.853099406428531e-07
42700.056 3.71873688647036e-07
42750.056 3.4112348551397754e-07
42800.056 3.568434635180718e-07
42850.056 4.074112907798598e-07
42900.056 4.138919001641089e-07
42950.056 3.638031452118553e-07
43000.056 3.965588885640109e-07
43050.056 3.061129593251547e-07
43100.056 3.6917278987194024e-07
43150.056 3.535098364170608e-07
43200.056 4.0552138336002085e-07
43250.056 4.36439150070002e-07
43300.056 4.434820107600051e-07
43350.056 3.465457535459348e-07
43400.056 3.8377209487695526e-07
43450.056 3.6050243084906536e-07
43500.056 3.3704364812697347e-07
43550.056 3.5648442178108325e-07
43600.056 4.4725930600603524e-07
43650.056 3.700686022570031e-07
43700.056 4.046545902500309e-07
43750.056 4.0533042088709727e-07
43800.056 3.768855244049499e-07
43850.056 3.591680207700637e-07
43900.056 3.8764640895994805e-07
43950.056 3.073653618750079e-07
44000.056 2.9981721521499915e-07
44050.056 3.9843574301103443e-07
44100.056 4.463483440800303e-07
44150.056 4.151668213769108e-07
44200.056 3.992487113159961e-07
44250.056 3.458205376550098e-07
44300.056 3.197729270340653e-07
44350.056 3.328691626185789e-07
44400.056 3.5462884275900433e-07
44450.056 3.826763005309619e-07
44500.056 3.991828847711017e-07
44550.056 4.2960314141992775e-07
44600.056 3.641068244050564e-07
44650.056 4.0641663595508627e-07
44700.056 3.226655797100148e-07
44750.056 3.928325262120097e-07
44800.056 3.662163351880303e-07
44850.056 3.869759872200733e-07
44900.056 3.4373098965702907e-07
44950.056 3.6858271376002284e-07
45000.056 3.884623349399583e-07
45050.056 3.85114655313002e-07
45100.056 3.8299672942999185e-07
45150.056 3.795590111459621e-07
45200.056 3.3541701432802875e-07
45250.056 3.579707436828947e-07
45300.056 3.337385445590561e-07
45350.056 3.444666523179714e-07
45400.056 4.159312551060369e-07
45450.056 3.719997342599557e-07
45500.056 3.826575656049958e-07
45550.056 4.2246281506190385e-07
45600.056 4.136807567000241e-07
45650.056 3.393616432029408e-07
45700.056 3.572285077180478e-07
45750.056 3.308209375929838e-07
45800.056 4.050357778599946e-07
45850.056 4.346969220559934e-07
45900.056 4.460675676400075e-07
45950.056 3.7841999911899465e-07
46000.056 4.283296723950128e-07
46050.056 3.9303500516503195e-07
46100.056 4.1042268209999217e-07
46150.056 3.7486405594498125e-07
46200.056 3.7420382963005314e-07
46250.056 2.999213187590551e-07
46300.056 4.099842168139901e-07
46350.056 3.754709229150156e-07
46400.056 3.697879953900054e-07
46450.056 3.6370589368105673e-07
46500.056 3.622845167410507e-07
46550.056 3.618454120199776e-07
46600.056 3.845205866099984e-07
46650.056 4.928466320599422e-07
46700.056 4.165008949700639e-07
46750.056 3.1558202576998515e-07
46800.056 2.9580902979203343e-07
46850.056 4.7417256024009714e-07
46900.056 4.2879689534994064e-07
46950.056 4.467702164600156e-07
47000.056 3.9448857750001647e-07
47050.056 4.1324154356485657e-07
47100.056 3.124160110870541e-07
47150.056 3.559272220930299e-07
47200.056 4.121673708660399e-07
47250.056 3.4451752844998646e-07
47300.056 2.950575098468786e-07
47350.056 4.021304239299517e-07
47400.056 4.214073518079432e-07
47450.056 3.9626476550602013e-07
47500.056 4.4167272955792346e-07
47550.056 3.934771477099898e-07
47600.056 3.9960680730996877e-07
47650.056 3.36576270672926e-07
47700.056 4.010796481150923e-07
47750.056 2.8325288159402354e-07
47800.056 3.54022843624002e-07
47850.056 2.7062393531098926e-07
47900.056 3.4063884249095654e-07
47950.056 3.2986295141404556e-07
48000.056 4.6300615956006587e-07
48050.056 4.1120074691002386e-07
48100.056 3.239581007330145e-07
48150.056 3.6802729886003664e-07
48200.056 3.6671212116501827e-07
48250.056 3.4521202666000563e-07
48300.056 4.258220533198488e-07
48350.056 2.988966886410264e-07
48400.056 2.609189215255688e-07
48450.056 3.3899408405210013e-07
48500.056 4.31754314827956e-07
48550.056 3.293258843239938e-07
48600.056 3.822850984600036e-07
48650.056 3.624818787399694e-07
48700.056 3.638375843629872e-07
48750.056 2.6639962684211944e-07
48800.056 4.6501633005499297e-07
48850.056 3.013213830439408e-07
48900.056 4.218214070340103e-07
48950.056 3.5228444315005093e-07
49000.056 2.4232430510794055e-07
49050.056 3.746915620299874e-07
49100.056 3.835165014590734e-07
49150.056 3.568978572945337e-07
49200.056 4.0833960165003616e-07
49250.056 4.0263282325005167e-07
49300.056 3.519997881899969e-07
49350.056 2.696176103120418e-07
49400.056 3.442606232699802e-07
49450.056 3.374011256741122e-07
49500.056 2.9918254581196677e-07
49550.056 2.0597581506202394e-07
49600.056 2.924780418860739e-07
49650.056 3.304084287639934e-07
49700.056 3.006838655309132e-07
49750.056 3.7145979274990474e-07
49800.056 3.139579261078262e-07
49850.056 4.28444540010102e-07
49900.056 3.4350007030598553e-07
49950.056 3.4552642567998016e-07
50000.056 3.254126307779662e-07
50050.056 3.738265728900066e-07
50100.056 3.286032090910133e-07
50150.056 2.417948958659734e-07
50200.056 1.458402680220105e-07
50250.056 3.2444193262995765e-07
50300.056 2.6742852353601843e-07
50350.056 3.9295439336403023e-07
50400.056 3.363262138059772e-07
50450.056 2.8682868232905257e-07
50500.056 3.482888617460528e-07
50550.056 3.1704955458001467e-07
50600.056 3.0260544715093866e-07
50650.056 3.628210972500935e-07
50700.056 3.8691473106985033e-07
50750.056 3.4115046292606333e-07
50800.056 2.1936998791898344e-07
50850.056 2.2192753793807283e-07
50900.056 3.7772516008400725e-07
50950.056 3.0599292491606234e-07
51000.056 3.4723708782103126e-07
51050.056 3.0399283547701086e-07
51100.056 2.0591090321597767e-07
51150.056 2.792789050405587e-07
51200.056 3.953529456799801e-07
51250.056 2.9874936000291687e-07
51300.056 2.551269234411407e-07
51350.056 2.660664918509865e-07
51400.056 1.7717037735698707e-07
51450.056 1.5260345436795557e-07
51500.056 1.7880799651706137e-07
51550.056 3.4926746122002867e-07
51600.056 2.5168371679304574e-07
51650.056 2.573381332459457e-07
51700.056 2.6985021944993935e-07
51750.056 2.0628470661803499e-07
51800.056 2.946262470659249e-07
51850.056 2.8107359765099716e-07
51900.056 3.70043192194093e-07
51950.056 2.9987231246397126e-07
52000.056 1.4175904785698077e-07
52050.056 2.4748550028703515e-07
52100.056 1.8684693227096954e-07
52150.056 1.7573825434501195e-07
52200.056 1.813705497949984e-07
52250.056 2.2475560398703465e-07
52300.056 3.1625987213997454e-07
52350.056 2.494896884400175e-07
52400.056 1.7269020095100794e-07
52450.056 2.8084967264801674e-07
52500.056 2.764137609259229e-07
52550.056 2.935783662539123e-07
52600.056 2.473806321940492e-07
52650.056 2.632419751040567e-07
52700.056 2.386865925669978e-07
52750.056 1.6610060113899154e-07
52800.056 2.08024996091032e-07
52850.056 2.1340693084393417e-07
52900.056 2.0301263299002016e-07
52950.056 2.1431654853799192e-07
53000.056 2.7791805195499896e-07
53050.056 1.6455471962293616e-07
53100.056 2.060211891649302e-07
53150.056 3.0594191326003546e-07
53200.056 1.628631074865954e-07
53250.056 2.8654201332002304e-07
53300.056 2.8715527143915517e-07
53350.056 2.787682433799819e-07
53400.056 2.704555053300258e-07
53450.056 1.6085689353699597e-07
53500.056 1.0656902268176441e-07
