galfind/configs/Brown_Dwarf_templates/sonora_bobcat/m0.0/31g/sp_t450g31nc_m0.0_resample.dat
# %ECSV 1.0
# ---
# datatype:
# - {name: wav, unit: Angstrom, datatype: float64}
# - {name: flux_nu, unit: erg / (cm2 Hz s), datatype: float64}
# meta: {C/O: '1.00', Kzz: '1.0000E+05', Teff: '450.', Y: '0.28', '[Fe/H]': '0.00', f_hole: '1.00', f_rain: '0.00', grav: '32.'}
# schema: astropy-2.0
wav flux_nu
4000.0559999999996 nan
4050.0559999999996 1.3424708495276708e-17
4100.056 3.473944379890075e-15
4150.056 3.4397789332000345e-14
4200.056 3.4062986917104484e-14
4250.056 2.6935401073100096e-13
4300.056 5.73357956270006e-13
4350.056 9.66410354100006e-13
4400.056 1.497736928500009e-12
4450.056 2.2436751582000074e-12
4500.056 3.0346723780000344e-12
4550.056 2.994804610659288e-12
4600.056 8.669344004359964e-13
4650.056 4.876210300499964e-13
4700.056 2.057987223909982e-13
4750.056 4.9616751303999306e-14
4800.056 1.3155687162099853e-14
4850.056 3.733021924099961e-15
4900.056 1.5812249491999929e-15
4950.056 9.411696976699973e-16
5000.056 5.953334806599957e-16
5050.056 4.475513430100028e-16
5100.056 4.961861545100069e-16
5150.056 5.760069796100067e-16
5200.056 6.656039132500025e-16
5250.056 7.583413685600011e-16
5300.056 8.648666659300012e-16
5350.056 9.890641570200016e-16
5400.056 1.1173077935900013e-15
5450.056 1.2696979171000105e-15
5500.056 1.4422911961000127e-15
5550.056 1.6259200553000038e-15
5600.056 1.8009249470000026e-15
5650.056 1.947591630499997e-15
5700.056 1.9967111212000017e-15
5750.056 1.9806616551000006e-15
5800.056 1.7790484227999946e-15
5850.056 1.2429675843899788e-15
5900.056 3.6414413843910876e-16
5950.056 2.4569013252401023e-15
6000.056 5.3695410478999165e-15
6050.056 9.75126658820019e-15
6100.056 1.583586051100018e-14
6150.056 2.403452809500017e-14
6200.056 3.50215571370002e-14
6250.056 4.8516195305000013e-14
6300.056 6.73599211930001e-14
6350.056 9.161592371700054e-14
6400.056 1.223488907180006e-13
6450.056 1.489088342899951e-13
6500.056 1.9707942335799804e-13
6550.056 2.659709438019948e-13
6600.056 3.6027443637601667e-13
6650.056 4.908503942800045e-13
6700.056 6.400119367600056e-13
6750.056 8.759725813500056e-13
6800.056 1.0822327899000166e-12
6850.056 1.2255773745800041e-12
6900.056 1.1369906471900393e-12
6950.056 9.95312747496686e-13
7000.056 1.1183721394390017e-12
7050.056 1.1932235471449791e-12
7100.056 1.3335280050519603e-12
7150.056 1.14760773896945e-12
7200.056 1.0387372466860163e-12
7250.056 1.182897430451869e-12
7300.056 1.2358900622787649e-12
7350.056 1.4310259221705926e-12
7400.056 1.6257110402151032e-12
7450.056 1.8827791191601352e-12
7500.056 2.064484930779983e-12
7550.056 2.1216944920999916e-12
7600.056 2.0002510663999905e-12
7650.056 6.957940902786712e-13
7700.056 5.063887465740198e-13
7750.056 2.2098676269000306e-12
7800.056 3.261769546107982e-12
7850.056 4.724182810749977e-12
7900.056 6.082199825499774e-12
7950.056 6.834751093799991e-12
8000.056 9.026881293700034e-12
8050.056 1.0680357930600277e-11
8100.056 9.534193023615109e-12
8150.056 9.562656194210862e-12
8200.056 1.4387407623762911e-11
8250.056 1.6103470212640378e-11
8300.056 1.9443203649902906e-11
8350.056 2.0307137958582977e-11
8400.056 2.394867530117145e-11
8450.056 3.1776602016279136e-11
8500.056 3.685127939989835e-11
8550.056 4.812771595600062e-11
8600.056 6.011350946600069e-11
8650.056 7.066111184500133e-11
8700.056 7.598624174000138e-11
8750.056 8.664197444100043e-11
8800.056 9.118973483900082e-11
8850.056 7.644954283099499e-11
8900.056 1.7781898840759114e-11
8950.056 2.218490236844765e-11
9000.056 1.7094339032367383e-11
9050.056 5.887060888810549e-11
9100.056 7.915620654430404e-11
9150.056 1.0180452115551518e-10
9200.056 1.7948324379975324e-10
9250.056 1.7764362059435227e-10
9300.056 2.6954327075647307e-11
9350.056 3.326714460316154e-11
9400.056 7.566204236802258e-11
9450.056 9.25556843435108e-11
9500.056 7.793318832359961e-11
9550.056 9.325526269780876e-11
9600.056 8.879422710058734e-11
9650.056 1.3216134932614386e-10
9700.056 2.361054202382275e-10
9750.056 2.210693307987362e-10
9800.056 2.4054270040099654e-10
9850.056 2.681398749777224e-10
9900.056 3.554498996929253e-10
9950.056 3.20767474298709e-10
10000.056 3.629172587866418e-10
10050.056 4.392648795520342e-10
10100.056 5.862918900219359e-10
10150.056 5.932751019199975e-10
10200.056 5.900042139150955e-10
10250.056 7.597929420851689e-10
10300.056 1.060701233246063e-09
10350.056 1.0926688392610505e-09
10400.056 1.8882322543106873e-09
10450.056 2.6330856165132348e-09
10500.056 3.4189089578990386e-09
10550.056 4.43340171927021e-09
10600.056 5.005598710729798e-09
10650.056 5.4261309001102065e-09
10700.056 5.180255460859015e-09
10750.056 5.4068954558844965e-09
10800.056 5.096844021899691e-09
10850.056 4.28047303695956e-09
10900.056 2.741516953800561e-09
10950.056 1.1682617523063572e-09
11000.056 7.125963293435872e-10
11050.056 3.863348229574115e-10
11100.056 1.8951152710420083e-10
11150.056 6.211295581731525e-11
11200.056 3.1379317658841344e-11
11250.056 3.562622950919705e-11
11300.056 7.132264379840371e-11
11350.056 1.7956613113360393e-11
11400.056 6.248251847090859e-11
11450.056 4.668010966866002e-11
11500.056 2.8207289189764116e-11
11550.056 4.481776261153955e-12
11600.056 3.4931198664929154e-12
11650.056 1.6730351054169253e-11
11700.056 1.798551157861706e-11
11750.056 2.4781177778121732e-12
11800.056 2.0728419934562202e-11
11850.056 3.5202328195363044e-11
11900.056 3.586876545393652e-11
11950.056 6.290906134615999e-11
12000.056 1.220347889342821e-10
12050.056 2.3506333684064817e-10
12100.056 4.2480077919109267e-10
12150.056 7.412156082161505e-10
12200.056 9.977972167692704e-10
12250.056 1.744173629672434e-09
12300.056 2.9852447316886207e-09
12350.056 3.3294064679988203e-09
12400.056 5.477430944485654e-09
12450.056 8.115651873819106e-09
12500.056 9.393806208445627e-09
12550.056 1.1521646468740225e-08
12600.056 1.3784464047071318e-08
12650.056 1.4540567634733002e-08
12700.056 1.4490312207243612e-08
12750.056 1.0666307175019236e-08
12800.056 7.71968721311822e-09
12850.056 4.3966121466874395e-09
12900.056 3.1785562180916682e-09
12950.056 2.471926186838635e-09
13000.056 2.2563828249272454e-09
13050.056 1.2903799597256787e-09
13100.056 1.0923102050429118e-09
13150.056 6.467691995218455e-10
13200.056 5.754877211269749e-10
13250.056 4.284692726263045e-10
13300.056 1.526287875316915e-10
13350.056 4.381768594746599e-11
13400.056 2.8546370097386248e-11
13450.056 8.81111356166621e-12
13500.056 3.488276523563056e-12
13550.056 1.3963517956404777e-12
13600.056 2.2810632247755137e-13
13650.056 2.0945057478025447e-12
13700.056 1.1092691846599036e-12
13750.056 1.8856798723173426e-12
13800.056 1.4917914680751152e-12
13850.056 8.861865360593428e-13
13900.056 1.51508659582203e-12
13950.056 1.0165227057672815e-12
14000.056 1.2216946476178526e-12
14050.056 2.2288941247825385e-12
14100.056 2.6817387686271315e-12
14150.056 5.6112063105796204e-12
14200.056 3.2745483443879546e-12
14250.056 5.310371249584335e-12
14300.056 1.2459542496894081e-11
14350.056 1.3571779798864977e-11
14400.056 1.5183292176892584e-11
14450.056 2.512014417709353e-11
14500.056 5.6157820850157155e-11
14550.056 6.208217233874702e-11
14600.056 7.068535013645538e-11
14650.056 4.109714687936577e-11
14700.056 1.8759362214797184e-11
14750.056 8.573176313694761e-12
14800.056 1.901483620918991e-11
14850.056 2.7418124690141972e-11
14900.056 2.8085794819741576e-11
14950.056 1.972416376583103e-11
15000.056 5.274175108656176e-11
15050.056 4.1582872038760026e-11
15100.056 2.6527025034698094e-11
15150.056 1.9349575708807874e-11
15200.056 4.277098970625454e-11
15250.056 1.0168190900668705e-10
15300.056 1.2543719114302415e-10
15350.056 1.798302697914838e-10
15400.056 2.556501739726395e-10
15450.056 3.60021488417907e-10
15500.056 4.0984450513358317e-10
15550.056 7.49954504451448e-10
15600.056 1.0248619322879785e-09
15650.056 1.659112606916726e-09
15700.056 2.504995114598037e-09
15750.056 3.338455423570737e-09
15800.056 3.816666028136271e-09
15850.056 4.578871534085952e-09
15900.056 4.304683791535121e-09
15950.056 4.084768824099005e-09
16000.056 2.9283780171306933e-09
16050.056 1.4986252508357493e-09
16100.056 8.938564159527772e-10
16150.056 4.396559267124677e-10
16200.056 2.205982738220212e-10
16250.056 1.3952628590332466e-10
16300.056 8.083885782997796e-11
16350.056 9.911746863102206e-11
16400.056 1.2800440786130832e-10
16450.056 1.0293905945463456e-10
16500.056 8.534831075546735e-11
16550.056 9.003394620171022e-11
16600.056 1.3859583568481047e-10
16650.056 1.0346568455939377e-10
16700.056 1.3312003731817095e-11
16750.056 4.8231741138191625e-11
16800.056 8.475735799152226e-11
16850.056 1.0291256224094307e-10
16900.056 4.628296300735999e-11
16950.056 2.4804879027526435e-11
17000.056 1.3255325914599876e-11
17050.056 2.882779858246392e-11
17100.056 5.434456144252187e-11
17150.056 2.668343352760218e-11
17200.056 1.0956022297005083e-10
17250.056 6.134677703758571e-11
17300.056 3.467013109285421e-11
17350.056 3.836135323644156e-11
17400.056 7.271598984171451e-11
17450.056 1.0284843929621801e-10
17500.056 1.4276957593298416e-10
17550.056 1.3208185585332856e-10
17600.056 9.81445870211437e-11
17650.056 9.106442254033959e-11
17700.056 6.534777955781974e-11
17750.056 7.040328573686658e-11
17800.056 1.904173294654768e-10
17850.056 8.164315218091046e-11
17900.056 5.897350193705118e-11
17950.056 4.8913463395321264e-11
18000.056 7.521108916317587e-11
18050.056 6.95422107753951e-11
18100.056 9.029744799489562e-11
18150.056 7.564407647827005e-11
18200.056 5.373931162957951e-11
18250.056 1.782860703515915e-10
18300.056 4.446124879276482e-11
18350.056 3.212161744885755e-11
18400.056 2.401490135065885e-11
18450.056 1.0111896664227102e-10
18500.056 9.854144621025014e-11
18550.056 5.812513523697602e-11
18600.056 8.114015074421853e-11
18650.056 5.857062742419073e-11
18700.056 1.6703663192184005e-11
18750.056 4.065171417871532e-11
18800.056 1.5972806705246174e-10
18850.056 1.638303087718964e-10
18900.056 1.408673418749707e-10
18950.056 2.1504137634092353e-10
19000.056 6.662021827711607e-11
19050.056 3.2535387740620295e-11
19100.056 7.175581257181074e-11
19150.056 3.33092581085278e-11
19200.056 4.538447129268159e-11
19250.056 3.542673632491795e-11
19300.056 2.368521593484064e-11
19350.056 2.023533031520799e-11
19400.056 1.8469294592550155e-11
19450.056 3.3388345497186066e-11
19500.056 1.9380279348668142e-11
19550.056 3.0155477850386605e-11
19600.056 8.006851752713419e-11
19650.056 5.1088474041639354e-11
19700.056 5.966718910656436e-11
19750.056 1.0720443419149283e-10
19800.056 7.2104998293271e-11
19850.056 9.48753100949758e-11
19900.056 1.216629361402869e-10
19950.056 1.7091248407989864e-10
20000.056 2.298092804478915e-10
20050.056 1.7517844519070865e-10
20100.056 3.1661742448734323e-10
20150.056 1.5671305733072867e-10
20200.056 1.1867338297569478e-10
20250.056 2.5085844804924354e-10
20300.056 3.042705567466026e-10
20350.056 3.359650141677267e-10
20400.056 2.843985372607998e-10
20450.056 4.915829188567517e-10
20500.056 6.115554575582541e-10
20550.056 7.158218740086554e-10
20600.056 7.532241056816644e-10
20650.056 9.900638738069681e-10
20700.056 1.1160757514181534e-09
20750.056 1.320153942795457e-09
20800.056 1.2752511909436227e-09
20850.056 1.4763905694051235e-09
20900.056 1.6397468411084326e-09
20950.056 1.5432905205400691e-09
21000.056 1.5159420919230026e-09
21050.056 1.633887700549604e-09
21100.056 1.5119411193502274e-09
21150.056 1.5343649291587876e-09
21200.056 1.4039107499711833e-09
21250.056 1.2835852640980489e-09
21300.056 1.0410484322576975e-09
21350.056 1.0479309778724252e-09
21400.056 9.890924198952315e-10
21450.056 7.647755501593254e-10
21500.056 6.650574582691505e-10
21550.056 5.877745064941868e-10
21600.056 4.777780712482275e-10
21650.056 3.466137425073511e-10
21700.056 2.991741273109554e-10
21750.056 2.967643707021682e-10
21800.056 2.0367422033005712e-10
21850.056 2.006073971628214e-10
21900.056 1.3459581573826599e-10
21950.056 4.481683194341558e-11
22000.056 8.377631196474713e-12
22050.056 1.0135804548623201e-11
22100.056 4.109600572605204e-11
22150.056 3.858892432016253e-11
22200.056 4.1321903331148555e-11
22250.056 3.19351920524376e-11
22300.056 1.6255976296548296e-11
22350.056 2.1896872069201943e-11
22400.056 8.311873616536968e-12
22450.056 1.1466542623916446e-11
22500.056 8.742315573594636e-12
22550.056 5.361501383220245e-12
22600.056 4.1464291914250274e-12
22650.056 8.274081142526846e-12
22700.056 6.699593741502471e-12
22750.056 7.603044376031117e-12
22800.056 7.844153549702403e-12
22850.056 5.7271032526965805e-12
22900.056 4.0783193627356e-12
22950.056 3.527242668305382e-12
23000.056 5.1461820621037964e-12
23050.056 6.583948034588779e-12
23100.056 3.207510899662176e-11
23150.056 3.2727057482294713e-11
23200.056 1.5830835147202325e-12
23250.056 5.1688247528134175e-12
23300.056 5.2313710616267884e-12
23350.056 8.306109178595255e-12
23400.056 6.948145551121383e-12
23450.056 4.3169481809998886e-12
23500.056 4.5357987378226996e-12
23550.056 9.043362240329418e-12
23600.056 1.6473717621390247e-11
23650.056 2.5787845656312158e-11
23700.056 5.595849957488844e-12
23750.056 4.5306881760529404e-12
23800.056 1.8969868062648445e-11
23850.056 1.392899651844273e-11
23900.056 3.036750993551804e-11
23950.056 1.8759017059239554e-11
24000.056 3.762330710620786e-11
24050.056 4.928802506914206e-11
24100.056 5.546968834785358e-11
24150.056 7.982155045259141e-11
24200.056 5.299409829212315e-11
24250.056 4.212418717151213e-11
24300.056 7.288078452062799e-11
24350.056 6.256465186611037e-11
24400.056 1.3543809882123125e-10
24450.056 1.5848620874792288e-10
24500.056 1.4408699711148066e-10
24550.056 2.1323612090681398e-10
24600.056 2.239895398712621e-10
24650.056 3.5513249544543184e-10
24700.056 2.0240382101430567e-10
24750.056 2.8066324513024674e-10
24800.056 2.5556890926717157e-10
24850.056 4.190450573671617e-10
24900.056 2.078700879618308e-10
24950.056 4.217488182183665e-10
25000.056 4.259129860890513e-10
25050.056 2.8527330161597586e-10
25100.056 4.391336077581344e-10
25150.056 2.053197068797816e-10
25200.056 3.2226725100939115e-10
25250.056 1.394934468418568e-10
25300.056 2.0606042196490416e-10
25350.056 9.403295096845671e-11
25400.056 2.4149284377609614e-10
25450.056 7.240445921377342e-11
25500.056 6.36327315998771e-11
25550.056 1.2560333741291762e-10
25600.056 5.984391108319843e-11
25650.056 3.4009542274974495e-11
25700.056 4.426404606840641e-11
25750.056 1.168210984763202e-11
25800.056 6.536807897575933e-11
25850.056 1.1646672836128454e-11
25900.056 1.6549864285882628e-11
25950.056 3.9702860205819635e-12
26000.056 5.84099750708008e-11
26050.056 6.5866576320259214e-12
26100.056 3.429669944992908e-11
26150.056 1.477004636101899e-11
26200.056 2.070135068950483e-11
26250.056 1.38778721448819e-10
26300.056 2.909093246635024e-11
26350.056 2.1425252634236986e-10
26400.056 3.1224812464448894e-10
26450.056 2.4548284640183857e-10
26500.056 4.948555838361646e-10
26550.056 5.775813433565799e-11
26600.056 7.49403639845075e-11
26650.056 1.0239785730383484e-11
26700.056 5.8297055873193815e-12
26750.056 8.851239329888761e-12
26800.056 2.986098600977883e-11
26850.056 1.6236692886235686e-11
26900.056 8.67584500557907e-11
26950.056 2.7093299954260313e-11
27000.056 1.615884058034603e-10
27050.056 1.7690230073194662e-10
27100.056 2.0819248671070174e-11
27150.056 2.1983630628061817e-10
27200.056 2.0306796178618203e-11
27250.056 7.391766764644496e-11
27300.056 5.260707319548396e-10
27350.056 1.800844561915671e-10
27400.056 8.530887256718458e-12
27450.056 2.336832853891654e-10
27500.056 2.6696538582615866e-10
27550.056 4.2227562282899854e-11
27600.056 1.3002611518015966e-10
27650.056 3.18733596215406e-11
27700.056 2.7738156658684976e-11
27750.056 1.9288584775251565e-10
27800.056 4.960152277391411e-11
27850.056 8.98511273464906e-11
27900.056 8.66433335931277e-11
27950.056 2.3800183070081915e-10
28000.056 2.2285627781069514e-10
28050.056 2.4682331995558713e-11
28100.056 2.0149112542748373e-10
28150.056 1.5701368031028456e-10
28200.056 4.119753879590493e-11
28250.056 2.8051404956830276e-10
28300.056 2.5958436243885046e-10
28350.056 5.473571113805122e-11
28400.056 1.8731150737377357e-10
28450.056 3.25725839126626e-10
28500.056 2.0265846346551727e-10
28550.056 4.4865894907529264e-11
28600.056 3.472198470642297e-10
28650.056 2.2370740982202484e-10
28700.056 3.3921458206944676e-10
28750.056 4.840112465916753e-10
28800.056 2.0807584110726241e-10
