galfind/configs/Brown_Dwarf_templates/sonora_bobcat/m0.0/31g/sp_t1400g31nc_m0.0_resample.dat
# %ECSV 1.0
# ---
# datatype:
# - {name: wav, unit: Angstrom, datatype: float64}
# - {name: flux_nu, unit: erg / (cm2 Hz s), datatype: float64}
# meta: {C/O: '1.00', Kzz: '1.0000E+05', Teff: '1400.', Y: '0.28', '[Fe/H]': '0.00', f_hole: '1.00', f_rain: '0.00', grav: '32.'}
# schema: astropy-2.0
wav flux_nu
[from data line 499]
28950.056 5.527885347900033e-07
29000.056 4.550813722498864e-07
29050.056 4.7223576557290316e-07
29100.056 3.8868508049605994e-07
29150.056 5.157928784091481e-07
29200.056 4.465549222381226e-07
29250.056 5.380564259460106e-07
29300.056 4.1756422819176495e-07
29350.056 6.299423090498328e-07
29400.056 4.778753304718831e-07
29450.056 5.083851699249768e-07
29500.056 5.256243836519315e-07
29550.056 5.041303858430167e-07
29600.056 5.495288513728896e-07
29650.056 5.281247882929421e-07
29700.056 4.5647004497086086e-07
29750.056 5.833306862553196e-07
29800.056 5.927015215649642e-07
29850.056 5.770476775439221e-07
29900.056 5.254636944341661e-07
29950.056 6.038047103308981e-07
30000.056 5.958758423179116e-07
30050.056 5.561824484499229e-07
30100.056 4.749254881328496e-07
30150.056 6.860905330399419e-07
30200.056 5.818573016050339e-07
30250.056 6.277001273402003e-07
30300.056 5.971329311099426e-07
30350.056 5.391490062200524e-07
30400.056 6.541072948400855e-07
30450.056 5.235488744800559e-07
30500.056 4.5692065718007904e-07
30550.056 5.680914977081241e-07
30600.056 5.729952071800582e-07
30650.056 5.481045017299355e-07
30700.056 5.155302034760028e-07
30750.056 4.869351063350025e-07
30800.056 5.055701738730926e-07
30850.056 4.308932330599158e-07
30900.056 4.5294479352994166e-07
30950.056 4.0622892121707385e-07
31000.056 4.038998607599792e-07
31050.056 3.988748694799973e-07
31100.056 3.585892939259714e-07
31150.056 3.9484230139594914e-07
31200.056 4.0990503528000165e-07
31250.056 3.660995787269774e-07
31300.056 3.508765863229546e-07
31350.056 3.312829432659954e-07
31400.056 3.0625490445906034e-07
31450.056 3.0392289873597365e-07
31500.056 3.0322288494696385e-07
31550.056 2.9850464116200636e-07
31600.056 2.759994225849741e-07
31650.056 2.6926249928099315e-07
31700.056 2.700268368299751e-07
31750.056 2.475270699320729e-07
31800.056 2.8547095709997403e-07
31850.056 2.6318817841303166e-07
31900.056 2.9583537004999206e-07
31950.056 2.2573651422201582e-07
32000.056 2.6449771601497606e-07
32050.056 2.89158460600018e-07
32100.056 2.8221716816202247e-07
32150.056 2.979550540879755e-07
32200.056 2.730132133639907e-07
32250.056 3.204138847270378e-07
32300.056 2.7932367397798993e-07
32350.056 3.3934246618999036e-07
32400.056 2.7108809709999256e-07
32450.056 3.2971476412289636e-07
32500.056 3.406608320340678e-07
32550.056 3.5241045262199754e-07
32600.056 3.601402903159871e-07
32650.056 4.150364178800142e-07
32700.056 3.9118945387004956e-07
32750.056 4.0956331613000546e-07
32800.056 3.997741987000108e-07
32850.056 4.282342750399056e-07
32900.056 4.701680895999608e-07
32950.056 4.239271336879453e-07
33000.056 4.1167880028294345e-07
33050.056 3.784391333500747e-07
33100.056 3.1281073103996207e-07
33150.056 2.2938315457100687e-07
33200.056 1.7276870424096326e-07
33250.056 1.4243042632196055e-07
33300.056 1.3428946731401768e-07
33350.056 1.5234741039000246e-07
33400.056 1.6542010651997732e-07
33450.056 1.8702808904199214e-07
33500.056 2.2646294310004257e-07
33550.056 2.444722560120373e-07
33600.056 2.89122212860008e-07
33650.056 3.2438603123002806e-07
33700.056 3.252437126749591e-07
33750.056 3.995670479300066e-07
33800.056 3.952268075519556e-07
33850.056 4.237671951599611e-07
33900.056 4.075897442899491e-07
33950.056 3.7636332852996757e-07
34000.056 4.1763750149996216e-07
34050.056 3.7732319091691483e-07
34100.056 4.45576008129962e-07
34150.056 4.077332879269278e-07
34200.056 3.473128956598777e-07
34250.056 4.1532734957987666e-07
34300.056 3.6342194211476604e-07
34350.056 3.2436819364998343e-07
34400.056 3.289168754940027e-07
34450.056 3.808279360499632e-07
34500.056 3.706536248800001e-07
34550.056 3.478726428699906e-07
34600.056 4.174995524900299e-07
34650.056 3.935784306799518e-07
34700.056 3.8009816337992686e-07
34750.056 4.1657361304002263e-07
34800.056 4.0729265966986494e-07
34850.056 3.7258466286001075e-07
34900.056 4.4130502015000155e-07
34950.056 3.9368424118991553e-07
35000.056 4.7628301632002076e-07
35050.056 4.1770419352992785e-07
35100.056 4.229261059599265e-07
35150.056 4.6302763710000504e-07
35200.056 4.6093168337004996e-07
35250.056 4.784773016099341e-07
35300.056 4.618945263400637e-07
35350.056 4.487150539899177e-07
35400.056 4.6290887123008235e-07
35450.056 3.731437079901988e-07
35500.056 5.175067038300259e-07
35550.056 5.036636935899502e-07
35600.056 4.560201545800715e-07
35650.056 5.472423523900243e-07
35700.056 4.6671403287004407e-07
35750.056 5.293396653598254e-07
35800.056 6.491183526600026e-07
35850.056 5.216165279099323e-07
35900.056 6.575566453598919e-07
35950.056 6.10033976800047e-07
36000.056 5.907794502299908e-07
36050.056 6.598480716300139e-07
36100.056 6.761323809395546e-07
36150.056 6.507014510700451e-07
36200.056 7.491568744199041e-07
36250.056 6.827788669598585e-07
36300.056 8.011292465001647e-07
36350.056 7.531655769499226e-07
36400.056 7.309732169200218e-07
36450.056 8.462840708699694e-07
36500.056 8.142361261999811e-07
36550.056 8.390761994602905e-07
36600.056 8.978585441100409e-07
36650.056 9.2215738093987e-07
36700.056 9.915859136799758e-07
36750.056 9.81171800990176e-07
36800.056 1.008410921249938e-06
36850.056 1.0168967968600395e-06
36900.056 1.030813956360154e-06
36950.056 1.1177261350698878e-06
37000.056 1.1588291964999424e-06
37050.056 1.1154056197899365e-06
37100.056 1.1927186553901796e-06
37150.056 1.1631630539398841e-06
37200.056 1.223478085660095e-06
37250.056 1.2715431113299645e-06
37300.056 1.1956163621299068e-06
37350.056 1.1520789747502456e-06
37400.056 1.3139660443598409e-06
37450.056 1.2665876268201645e-06
37500.056 1.2793639897398207e-06
37550.056 1.339277204549908e-06
37600.056 1.431977735079862e-06
37650.056 1.3117930807799377e-06
37700.056 1.435594353480077e-06
37750.056 1.414369627619997e-06
37800.056 1.480521417760241e-06
37850.056 1.3521332809299437e-06
37900.056 1.4142149939202052e-06
37950.056 1.425460745109917e-06
38000.056 1.5107017112101452e-06
38050.056 1.5201777362600658e-06
38100.056 1.4234247055502306e-06
38150.056 1.6583201648198681e-06
38200.056 1.7102671230399364e-06
38250.056 1.4838731728702533e-06
38300.056 1.5405601092799253e-06
38350.056 1.6438393606298688e-06
38400.056 1.5785943868997393e-06
38450.056 1.7312158098000795e-06
38500.056 1.5891960974700504e-06
38550.056 1.6889650218600429e-06
38600.056 1.8407508975998087e-06
38650.056 1.63064289101002e-06
38700.056 1.714729249340292e-06
38750.056 1.7243939886600347e-06
38800.056 1.7185762939999294e-06
38850.056 1.6509003370701398e-06
38900.056 1.664794359419917e-06
38950.056 1.8151079866998937e-06
39000.056 1.720897445970036e-06
39050.056 1.8032243738198448e-06
39100.056 1.65941866015018e-06
39150.056 1.73520810898002e-06
39200.056 1.8532140330601043e-06
39250.056 1.844009611299543e-06
39300.056 1.7744516972795183e-06
39350.056 1.8284258021901726e-06
39400.056 1.8000262536000466e-06
39450.056 1.796698633399876e-06
39500.056 1.7323629340098787e-06
39550.056 1.742844690099906e-06
39600.056 1.9144877800998027e-06
39650.056 1.7024416661999484e-06
39700.056 1.7776279975998767e-06
39750.056 1.7198608808698383e-06
39800.056 1.6699840491999537e-06
39850.056 1.7446840307198578e-06
39900.056 1.7353914939701753e-06
39950.056 1.8130606573998198e-06
40000.056 1.6321331279100063e-06
40050.056 1.6161962305400243e-06
40100.056 1.7335937507799469e-06
40150.056 1.6121001816397203e-06
40200.056 1.6390641216097615e-06
40250.056 1.59492769405957e-06
40300.056 1.5269750751001276e-06
40350.056 1.6935074511002423e-06
40400.056 1.642102361320066e-06
40450.056 1.6199409565002416e-06
40500.056 1.4714317904802252e-06
40550.056 1.709789198769892e-06
40600.056 1.4707573138102573e-06
40650.056 1.5051015611599317e-06
40700.056 1.6495321706600687e-06
40750.056 1.455998963819406e-06
40800.056 1.3949055218301196e-06
40850.056 1.4145677108003245e-06
40900.056 1.392730361580126e-06
40950.056 1.4762291127599667e-06
41000.056 1.468111293199994e-06
41050.056 1.4710673493597938e-06
41100.056 1.4020930694700216e-06
41150.056 1.4111309303100218e-06
41200.056 1.3998051851900043e-06
41250.056 1.4101120524100992e-06
41300.056 1.2285034604997058e-06
41350.056 1.4720402733800484e-06
41400.056 1.3720893380902078e-06
41450.056 1.3746973418802857e-06
41500.056 1.387460812010025e-06
41550.056 1.3504676386699998e-06
41600.056 1.4307474838000354e-06
41650.056 1.3113581352902754e-06
41700.056 1.2387324446398e-06
41750.056 1.2596317000598763e-06
41800.056 1.2904203720297547e-06
41850.056 1.087515943280206e-06
41900.056 1.2793361711099402e-06
41950.056 1.0820769882003414e-06
42000.056 1.1482267793301302e-06
42050.056 1.0072471433896988e-06
42100.056 1.2195892776301903e-06
42150.056 8.802937265196779e-07
42200.056 9.62588973889998e-07
42250.056 1.001596774630079e-06
42300.056 8.287235922900406e-07
42350.056 1.0333851150702811e-06
42400.056 8.56802181950232e-07
42450.056 7.526825824901377e-07
42500.056 8.048099574501732e-07
42550.056 8.065037593000246e-07
42600.056 8.0957138477027e-07
42650.056 7.056142384295415e-07
42700.056 8.10081676600294e-07
42750.056 7.429618207299765e-07
42800.056 7.112385895002799e-07
42850.056 7.7565625874976e-07
42900.056 7.51904072360039e-07
42950.056 7.091699798096298e-07
43000.056 7.135503827800541e-07
43050.056 6.563896904003225e-07
43100.056 7.395216592901393e-07
43150.056 7.116937317901326e-07
43200.056 7.479871427901186e-07
43250.056 7.148509863798653e-07
43300.056 7.474227868900593e-07
43350.056 6.869513790499798e-07
43400.056 7.058236749399771e-07
43450.056 7.113698495802134e-07
43500.056 6.884097003899172e-07
43550.056 7.394462475500455e-07
43600.056 7.421579848300629e-07
43650.056 6.604994066900634e-07
43700.056 6.657862356497994e-07
43750.056 6.908593136001594e-07
43800.056 6.288603465701068e-07
43850.056 6.604814186401644e-07
43900.056 6.875357326499518e-07
43950.056 6.317503369501503e-07
44000.056 6.253923677800999e-07
44050.056 6.411236572300825e-07
44100.056 6.586260683800819e-07
44150.056 6.663574052498305e-07
44200.056 6.367018284999605e-07
44250.056 6.33797461900031e-07
44300.056 6.225903028300547e-07
44350.056 6.046128182700248e-07
44400.056 6.45004065499981e-07
44450.056 6.505499193199847e-07
44500.056 6.73599915270044e-07
44550.056 6.210631778698799e-07
44600.056 6.30246659330066e-07
44650.056 6.5850761566008e-07
44700.056 6.161429186300437e-07
44750.056 6.503538618099383e-07
44800.056 6.686452588399757e-07
44850.056 6.468209332100759e-07
44900.056 6.122597517600627e-07
44950.056 5.95136023800006e-07
45000.056 6.428836908699515e-07
45050.056 6.426913867199552e-07
45100.056 6.612447373699745e-07
45150.056 6.228333379099762e-07
45200.056 5.821286759500218e-07
45250.056 5.968770547099349e-07
45300.056 6.311028474100324e-07
45350.056 6.539821619299648e-07
45400.056 6.336227795800645e-07
45450.056 5.82293889359915e-07
45500.056 6.019885822599829e-07
45550.056 6.524469883299546e-07
45600.056 6.076753982299885e-07
45650.056 5.598632035198998e-07
45700.056 6.571579061000445e-07
45750.056 5.904543004800048e-07
45800.056 5.91188493379977e-07
45850.056 6.862716118199666e-07
45900.056 6.866221435000346e-07
45950.056 5.948587027300028e-07
46000.056 6.912430222200221e-07
46050.056 6.769174600200957e-07
46100.056 5.826100664600617e-07
46150.056 6.422753139999814e-07
46200.056 6.709807806201193e-07
46250.056 5.67734215729987e-07
46300.056 7.159464585899845e-07
46350.056 6.132519158099426e-07
46400.056 6.277595732499399e-07
46450.056 6.607072913700833e-07
46500.056 5.996426149299564e-07
46550.056 7.340601585999749e-07
46600.056 6.785331514300321e-07
46650.056 8.621093446598634e-07
46700.056 7.915188359002488e-07
46750.056 6.310284840099366e-07
46800.056 6.920139198900928e-07
46850.056 7.517665048600863e-07
46900.056 7.08255189369879e-07
46950.056 7.790748427000317e-07
47000.056 6.585089573699948e-07
47050.056 7.868389610998529e-07
47100.056 6.143344738900651e-07
47150.056 6.714206871700693e-07
47200.056 7.25270636300129e-07
47250.056 6.414609483299507e-07
47300.056 6.600265569598522e-07
47350.056 5.977219890198952e-07
47400.056 7.292660368898833e-07
47450.056 6.29517766689973e-07
47500.056 7.243324451798941e-07
47550.056 6.404140570699485e-07
47600.056 7.224639882199611e-07
47650.056 5.408533060398767e-07
47700.056 7.427831242000583e-07
47750.056 5.245860252701065e-07
47800.056 7.328477000999233e-07
47850.056 5.695973952499035e-07
47900.056 7.169258098800303e-07
47950.056 5.503334430200835e-07
48000.056 8.050080125900135e-07
48050.056 6.203854417900812e-07
48100.056 6.82747892119995e-07
48150.056 6.298631360400842e-07
48200.056 7.305176927600887e-07
48250.056 6.143113644700029e-07
48300.056 7.91265988739833e-07
48350.056 5.632710688899742e-07
48400.056 7.090480508799957e-07
48450.056 6.038527615200319e-07
48500.056 8.118029095700234e-07
48550.056 5.777762496900166e-07
48600.056 7.377096468999476e-07
48650.056 6.029114263099688e-07
48700.056 7.248534828600422e-07
48750.056 5.430645400400553e-07
48800.056 8.282752183600309e-07
48850.056 5.874166169198917e-07
48900.056 7.581969828400647e-07
48950.056 6.946493663100264e-07
49000.056 6.563306863798966e-07
49050.056 7.247406109999955e-07
49100.056 6.594902371100602e-07
49150.056 7.092698301199972e-07
49200.056 6.696342922299831e-07
49250.056 7.111187469300215e-07
49300.056 6.140203719599587e-07
49350.056 6.53744967100004e-07
49400.056 7.620970282700499e-07
49450.056 6.596638969901523e-07
49500.056 6.91031617670011e-07
49550.056 5.981059147000089e-07
49600.056 6.693105405401563e-07
49650.056 6.972039116500124e-07
49700.056 6.062921863099313e-07
49750.056 8.645170142798716e-07
49800.056 6.633463606900376e-07
49850.056 8.544075113600655e-07
49900.056 6.698955138400434e-07
49950.056 7.330472443598436e-07
50000.056 7.111016274798617e-07
50050.056 7.214446361900518e-07
50100.056 7.601271507799594e-07
50150.056 6.345495109300266e-07
50200.056 5.912820330300532e-07
50250.056 7.222652707900069e-07
50300.056 6.738077946899658e-07
50350.056 7.978908510000072e-07
50400.056 6.906905459999824e-07
50450.056 6.801562236501186e-07
50500.056 8.466979486901322e-07
50550.056 7.115066855699807e-07
50600.056 7.634180702899985e-07
50650.056 7.362659703801543e-07
50700.056 8.01999123479788e-07
50750.056 8.240288372501101e-07
50800.056 6.129836939199299e-07
50850.056 7.11832828150145e-07
50900.056 7.953191083299745e-07
50950.056 7.797997643601532e-07
51000.056 9.001396492000786e-07
51050.056 6.754840006500738e-07
51100.056 6.551644120599374e-07
51150.056 7.667671261799277e-07
51200.056 7.706557287499645e-07
51250.056 7.974576114399278e-07
51300.056 6.732874394102501e-07
51350.056 7.365014165298661e-07
51400.056 6.654121224398654e-07
51450.056 5.312031769498947e-07
51500.056 6.880936654900256e-07
51550.056 9.160039191100817e-07
51600.056 6.341623679700698e-07
51650.056 7.303640798399031e-07
51700.056 6.942267563398103e-07
51750.056 6.526355435200648e-07
51800.056 7.900357240098074e-07
51850.056 7.873596702499296e-07
51900.056 8.43580761480178e-07
51950.056 7.732689634299396e-07
52000.056 6.294637616399625e-07
52050.056 7.398467193399756e-07
52100.056 6.758814449498758e-07
52150.056 6.888073576100347e-07
52200.056 6.521439875900068e-07
52250.056 7.066043975500121e-07
52300.056 7.9579739386999e-07
52350.056 8.340527333000954e-07
52400.056 6.103787864700959e-07
52450.056 7.32279313349992e-07
52500.056 8.065364114798635e-07
52550.056 7.654803955497627e-07
52600.056 7.484255664601203e-07
52650.056 8.37862763500146e-07
52700.056 7.26422206180007e-07
52750.056 6.01931133859938e-07
52800.056 6.803096837000664e-07
52850.056 6.50270671479901e-07
52900.056 7.106328698900559e-07
52950.056 7.122834396799131e-07
53000.056 8.077351866599362e-07
53050.056 6.735662967098537e-07
53100.056 6.413313624198265e-07
53150.056 8.522640735001224e-07
53200.056 5.861029613200593e-07
53250.056 8.4561198428999e-07
53300.056 8.179953582803505e-07
53350.056 8.012215326899113e-07
53400.056 7.65953510400079e-07
53450.056 6.510133849500355e-07
53500.056 5.590235917798861e-07
53550.056 7.032829040299039e-07
53600.056 7.782401579101384e-07
53650.056 6.375369990800747e-07
53700.056 6.620594228601504e-07
