galfind/configs/Brown_Dwarf_templates/sonora_bobcat/m0.0/31g/sp_t200g31nc_m0.0_resample.dat
# %ECSV 1.0
# ---
# datatype:
# - {name: wav, unit: Angstrom, datatype: float64}
# - {name: flux_nu, unit: erg / (cm2 Hz s), datatype: float64}
# meta: {C/O: '1.00', Kzz: '1.0000E+05', Teff: '200.', Y: '0.28', '[Fe/H]': '0.00', f_hole: '1.00', f_rain: '0.00', grav: '32.'}
# schema: astropy-2.0
wav flux_nu
[from data line 499]
28950.056 3.666013322627643e-15
29000.056 2.0313561251922863e-15
29050.056 4.230542504711041e-15
29100.056 3.84496826154036e-16
29150.056 1.2020137305376848e-16
29200.056 2.2554529000857405e-14
29250.056 4.0712580185572264e-15
29300.056 7.138831998845635e-16
29350.056 5.5599698526680454e-15
29400.056 7.0982272521114965e-15
29450.056 7.219642253642909e-16
29500.056 1.0948444568670477e-14
29550.056 3.875037857682189e-15
29600.056 7.023132744988326e-16
29650.056 7.902472386027553e-15
29700.056 3.2888829242290665e-15
29750.056 2.423914968911275e-14
29800.056 2.4620507338758678e-15
29850.056 1.3616478940276807e-14
29900.056 3.0449618896643552e-15
29950.056 3.776892503801568e-15
30000.056 6.7202644605792115e-18
30050.056 1.3005665389388762e-15
30100.056 7.42679975308931e-15
30150.056 1.3294613038732989e-14
30200.056 2.3906238035531606e-14
30250.056 1.1719884226472695e-14
30300.056 1.9227545528544128e-14
30350.056 6.237574989648438e-15
30400.056 3.3975427953947e-14
30450.056 8.200144744284275e-14
30500.056 3.771576644180038e-15
30550.056 4.4487835304173435e-15
30600.056 5.858019310631647e-13
30650.056 1.338726899709694e-13
30700.056 3.1028254297935673e-15
30750.056 3.832486149985638e-14
30800.056 2.860819613849721e-13
30850.056 1.8169978319942262e-13
30900.056 5.970962694937033e-14
30950.056 3.1828498304867194e-14
31000.056 3.7774912149687813e-14
31050.056 5.088622904063307e-15
31100.056 4.623215489233483e-15
31150.056 2.3660410880378687e-14
31200.056 2.2229654302533455e-13
31250.056 2.1534950959419386e-13
31300.056 1.457510190286593e-14
31350.056 2.4674303080414354e-13
31400.056 2.329720873150472e-13
31450.056 1.516043217775515e-13
31500.056 2.8105400651515944e-14
31550.056 9.406149872730667e-14
31600.056 1.0444944600445355e-13
31650.056 6.522498408287207e-14
31700.056 3.033085216564194e-14
31750.056 1.8795409711749994e-14
31800.056 2.3420597247947337e-14
31850.056 1.5008131865344087e-15
31900.056 5.211550530033695e-15
31950.056 2.8888497855999347e-15
32000.056 1.3109208021283884e-15
32050.056 1.068526790766871e-15
32100.056 1.027712461879477e-15
32150.056 3.202156331829983e-16
32200.056 8.072393857584039e-17
32250.056 2.1237759789927958e-16
32300.056 2.0657962248110694e-17
32350.056 6.385202715887283e-17
32400.056 3.375929099940224e-18
32450.056 3.160110163119732e-17
32500.056 2.470136053209594e-18
32550.056 1.5300942066118327e-17
32600.056 9.838092871531521e-19
32650.056 2.5136814365876418e-17
32700.056 1.3436281060216803e-18
32750.056 7.883450747889827e-17
32800.056 1.5810400221316665e-17
32850.056 7.399294454475255e-16
32900.056 2.6413862960883473e-16
32950.056 7.517003286546888e-16
33000.056 1.6160959666358096e-16
33050.056 3.786401909188474e-17
33100.056 6.071767974713643e-18
33150.056 1.370702945974989e-20
33200.056 4.70519625188965e-18
33250.056 6.520673963492731e-18
33300.056 2.1059547058368677e-16
33350.056 5.1934647832747115e-17
33400.056 9.205021125925644e-16
33450.056 1.8894426555586138e-17
33500.056 3.7505187634991373e-16
33550.056 3.804020863127141e-17
33600.056 1.9181695776180574e-16
33650.056 2.8381960045024164e-16
33700.056 2.1186801144219184e-17
33750.056 3.7343572329430374e-16
33800.056 1.2194799745522216e-17
33850.056 1.9330119415648387e-16
33900.056 2.534818177342411e-16
33950.056 3.930265185094755e-16
34000.056 1.5106447906128e-15
34050.056 2.1871280762152158e-16
34100.056 2.2988318688746035e-15
34150.056 8.849503315896748e-16
34200.056 5.918794864611658e-15
34250.056 9.073547324904394e-16
34300.056 2.0929939927164534e-15
34350.056 3.740379726375571e-14
34400.056 1.93873777692535e-15
34450.056 1.344497648101031e-14
34500.056 2.226700048773405e-15
34550.056 2.212186230869862e-14
34600.056 1.4251957726186666e-13
34650.056 9.459163567244796e-16
34700.056 3.749660297337899e-14
34750.056 1.2736792186612924e-14
34800.056 8.730971232631906e-15
34850.056 4.077237216823273e-14
34900.056 4.6348080345938846e-15
34950.056 1.1070116488956155e-13
35000.056 7.050048038561517e-14
35050.056 1.8062066130702943e-13
35100.056 2.0171285509821367e-13
35150.056 1.8381002747261894e-13
35200.056 2.5536671765431307e-13
35250.056 5.042933234715491e-13
35300.056 4.509065709894304e-14
35350.056 5.723150641301825e-15
35400.056 3.7524921607046965e-15
35450.056 5.985371006679565e-15
35500.056 5.200716585825936e-14
35550.056 2.8346735063095375e-14
35600.056 1.3955103223505572e-13
35650.056 3.1573792044492325e-13
35700.056 4.3489502374688963e-13
35750.056 9.080800158598546e-14
35800.056 3.739948923333333e-14
35850.056 1.863483628121016e-14
35900.056 3.282800782142457e-14
35950.056 1.0254165918711809e-13
36000.056 1.719018166020423e-13
36050.056 1.387829978194971e-13
36100.056 1.1373517971030593e-13
36150.056 2.0681809613682375e-12
36200.056 5.769589044054768e-13
36250.056 1.8803144693500534e-13
36300.056 1.6880093392751312e-12
36350.056 1.2128480678073079e-12
36400.056 1.0747770555982607e-12
36450.056 8.294429255497629e-13
36500.056 5.966666114706807e-13
36550.056 3.842005076333309e-12
36600.056 2.619334365221305e-12
36650.056 9.109698148531768e-13
36700.056 3.05352354731689e-12
36750.056 4.4809890662675126e-12
36800.056 6.313694960538653e-12
36850.056 8.695389102334044e-13
36900.056 1.2337615657365924e-12
36950.056 7.320169934518297e-12
37000.056 4.473257970026602e-12
37050.056 7.537952753492127e-12
37100.056 7.320269670861417e-13
37150.056 1.7725619750649026e-12
37200.056 1.3149395605289749e-11
37250.056 7.142810210560972e-12
37300.056 9.093192124267252e-13
37350.056 1.4134145640031414e-12
37400.056 2.574616648144518e-12
37450.056 8.732742660147183e-13
37500.056 2.248332824230243e-12
37550.056 1.1097814488040845e-11
37600.056 3.186711063664247e-11
37650.056 1.850700269096269e-12
37700.056 4.9379941202934126e-12
37750.056 6.217915906751364e-12
37800.056 2.982658194398904e-12
37850.056 1.644814854287218e-12
37900.056 1.0186576578748783e-12
37950.056 3.1733457312060453e-12
38000.056 2.767483211379691e-12
38050.056 1.4811143343831114e-11
38100.056 1.6301755909151843e-11
38150.056 3.79048508623868e-11
38200.056 1.8310543105606284e-11
38250.056 4.441984390444146e-11
38300.056 9.052257767445468e-11
38350.056 1.710294472038794e-11
38400.056 1.418768630612338e-12
38450.056 2.0848280980332458e-13
38500.056 6.106460364274738e-13
38550.056 8.434939983984368e-12
38600.056 1.5384902510340296e-11
38650.056 1.1224160075718314e-11
38700.056 1.3225087611155649e-12
38750.056 8.239704780764553e-12
38800.056 6.1228120604247684e-12
38850.056 1.3466049057380868e-11
38900.056 1.7887250173215512e-11
38950.056 5.712885859418349e-12
39000.056 3.642994400757495e-11
39050.056 2.045855934481335e-12
39100.056 9.186724955934576e-12
39150.056 3.5360093855652625e-11
39200.056 1.6877164084181365e-11
39250.056 3.6177020939294944e-11
39300.056 1.1610752073549503e-11
39350.056 6.144954951612147e-11
39400.056 1.3048579009312097e-11
39450.056 4.402606965324555e-11
39500.056 4.05663690292735e-11
39550.056 6.32710731291388e-12
39600.056 5.007837397705264e-11
39650.056 5.657506799467884e-11
39700.056 7.975898845937456e-11
39750.056 1.2725346023113715e-11
39800.056 9.87003524843714e-12
39850.056 5.318556266551597e-11
39900.056 1.3733338058822847e-10
39950.056 1.6944950366955246e-11
40000.056 4.737390690313007e-11
40050.056 7.120305822353424e-11
40100.056 1.1377886007461662e-11
40150.056 6.039908118094775e-11
40200.056 7.837940518585707e-11
40250.056 1.0241322543848423e-10
40300.056 1.2876448838458107e-10
40350.056 3.431417388527431e-11
40400.056 3.6239494920668696e-11
40450.056 9.04552152443341e-12
40500.056 1.248797002452181e-10
40550.056 1.1520515889975539e-10
40600.056 1.2310662106639847e-10
40650.056 4.987992440483332e-11
40700.056 7.13487241631676e-11
40750.056 6.398255385270971e-11
40800.056 2.973206360220774e-11
40850.056 2.716479102034702e-10
40900.056 2.294048592913215e-10
40950.056 1.655090149876488e-10
41000.056 6.36502614991689e-11
41050.056 2.8492868012174313e-10
41100.056 2.374406987529115e-10
41150.056 2.513340020008437e-11
41200.056 4.0743338494928793e-10
41250.056 2.1029033592886042e-10
41300.056 1.536406405935797e-10
41350.056 5.196501176300359e-10
41400.056 3.17617083616963e-10
41450.056 4.848534528598222e-10
41500.056 2.046302220412218e-10
41550.056 1.2831662788690476e-10
41600.056 1.7517448117332825e-10
41650.056 5.126223549475874e-10
41700.056 8.053930506449365e-10
41750.056 5.657391475469327e-10
41800.056 4.873216311880415e-10
41850.056 4.207748010130689e-10
41900.056 1.9127551407859097e-10
41950.056 1.7508248368611656e-10
42000.056 6.69731959706639e-12
42050.056 4.041318076641855e-11
42100.056 7.582635964340482e-11
42150.056 1.3292113087537356e-10
42200.056 3.6643747189437097e-10
42250.056 2.3673465649190587e-10
42300.056 1.58842877740366e-10
42350.056 5.46352526944604e-10
42400.056 9.52983086410158e-10
42450.056 1.361111358000178e-09
42500.056 1.5037044217199311e-09
42550.056 1.100560583849893e-09
42600.056 7.360731604313144e-10
42650.056 1.1251244392536917e-09
42700.056 2.2168246927264201e-10
42750.056 1.2854681170502154e-09
42800.056 2.625481385800183e-09
42850.056 2.4088518386896743e-09
42900.056 1.9320476480702185e-09
42950.056 1.7524442506402023e-09
43000.056 2.0852701956000653e-09
43050.056 6.966433372994406e-10
43100.056 1.0372862087316076e-09
43150.056 1.2576607936900628e-09
43200.056 2.7766871855001506e-09
43250.056 2.759331345960059e-09
43300.056 2.7658016600800443e-09
43350.056 1.6174040582695412e-09
43400.056 2.021388183620127e-09
43450.056 7.950264652472548e-10
43500.056 5.073100715458553e-10
43550.056 1.0229361699100463e-09
43600.056 2.5547786263001854e-09
43650.056 1.3343080500500923e-09
43700.056 2.8179608976410066e-09
43750.056 3.502823735399551e-09
43800.056 2.1121768098627535e-09
43850.056 1.7690384455941528e-09
43900.056 9.249021436589398e-10
43950.056 7.485599262872141e-10
44000.056 1.0719436165698678e-09
44050.056 3.205198363240136e-09
44100.056 3.922942056300061e-09
44150.056 3.577131823959782e-09
44200.056 3.407707993090138e-09
44250.056 1.52245877092987e-09
44300.056 1.0341500560911068e-09
44350.056 8.923487908160171e-10
44400.056 7.518707775880707e-10
44450.056 2.516909790440407e-09
44500.056 2.3424162186501467e-09
44550.056 3.1958929840000327e-09
44600.056 2.3549712598499275e-09
44650.056 2.0615009528402957e-09
44700.056 1.6852417709996423e-09
44750.056 3.166947857770277e-09
44800.056 1.3941340220700364e-09
44850.056 1.7592862546600643e-09
44900.056 2.281336977460018e-09
44950.056 2.923874733390492e-09
45000.056 4.1525636209000804e-09
45050.056 2.8443281477896147e-09
45100.056 2.68953807111005e-09
45150.056 1.887311504569664e-09
45200.056 1.423623389080097e-09
45250.056 1.8096282492995856e-09
45300.056 1.7748323355801606e-09
45350.056 9.753778359242405e-10
45400.056 4.5808182713003025e-09
45450.056 2.7896849039702396e-09
45500.056 4.366549616080204e-09
45550.056 4.377210258119157e-09
45600.056 3.2845817535003636e-09
45650.056 3.1495384292398583e-09
45700.056 1.6906973256678883e-09
45750.056 1.5279282675301676e-09
45800.056 4.041776191800138e-09
45850.056 2.393804963475265e-09
45900.056 4.421871239399827e-09
45950.056 5.175595940099666e-09
46000.056 4.247979221000368e-09
46050.056 2.5159869024704667e-09
46100.056 5.62480954299977e-09
46150.056 3.123676715539982e-09
46200.056 2.1287754698596407e-09
46250.056 6.206652361199962e-10
46300.056 2.6630078677201034e-09
46350.056 2.430488808840275e-09
46400.056 2.665550151360135e-09
46450.056 1.9927895198658847e-09
46500.056 2.8765924117002843e-09
46550.056 1.1836118119098198e-09
46600.056 1.3093862746898476e-09
46650.056 2.8048372024301242e-09
46700.056 1.893086012429644e-09
46750.056 5.36411307730051e-10
46800.056 2.840255617319899e-10
46850.056 2.1862992492303886e-09
46900.056 3.3043591034998935e-09
46950.056 3.6472174844999226e-09
47000.056 3.926789688200252e-09
47050.056 1.811578361615511e-09
47100.056 1.6273147931500798e-09
47150.056 2.5627036723602687e-09
47200.056 2.8769158535997746e-09
47250.056 1.0631923064397634e-09
47300.056 7.440427837632288e-10
47350.056 2.84949092370033e-09
47400.056 3.3219590217997967e-09
47450.056 1.4836469436479413e-09
47500.056 2.948879819030408e-09
47550.056 3.2626632880999843e-09
47600.056 1.782774338225745e-09
47650.056 2.3007770311239223e-09
47700.056 1.786331579863271e-09
47750.056 1.5146655648499702e-09
47800.056 8.548191620600756e-10
47850.056 2.7475094244205803e-10
47900.056 5.793880190530324e-10
47950.056 2.0323768592001077e-09
48000.056 2.603900526309745e-09
48050.056 1.8689320470820847e-09
48100.056 8.822968901340819e-10
48150.056 1.8717463157900796e-09
48200.056 7.336489911498279e-10
48250.056 1.2237633934800633e-09
48300.056 2.2728656132999576e-09
48350.056 1.1078842042398286e-09
48400.056 1.841419798179498e-10
48450.056 3.3800137688208523e-10
48500.056 7.134448666458843e-10
48550.056 9.006891665251912e-10
48600.056 2.354216257599898e-09
48650.056 2.904645697199901e-09
48700.056 1.947567331630324e-09
48750.056 2.1178333927000254e-09
48800.056 2.340334435290032e-09
48850.056 9.51424257399854e-10
48900.056 6.587440540159132e-10
48950.056 3.046677173359919e-10
49000.056 2.2320256629705538e-10
49050.056 8.654558352348994e-10
49100.056 1.4877150188912654e-09
49150.056 1.2889341530531275e-09
49200.056 2.4683337649001953e-09
49250.056 2.2856614603098453e-09
49300.056 1.6203699728898747e-09
49350.056 5.214658001811825e-10
49400.056 7.785132993547883e-10
49450.056 6.080641331851183e-10
49500.056 3.9775529460191484e-10
49550.056 8.500964168199764e-11
49600.056 1.7592745158503526e-10
49650.056 7.244857644401456e-10
49700.056 1.104478539199896e-09
49750.056 6.11468104485992e-10
49800.056 3.692908795550438e-10
49850.056 1.20438491819016e-09
49900.056 1.5285861863599592e-09
49950.056 1.4034427315299674e-09
50000.056 5.035333568588533e-10
50050.056 5.484170179990853e-10
50100.056 5.603454450899588e-10
50150.056 1.8681086794796585e-10
50200.056 4.574224437800713e-11
50250.056 1.7928756862000346e-10
50300.056 1.3318128720602226e-10
50350.056 6.46048562940098e-10
50400.056 9.691919192998629e-10
50450.056 1.049950715290157e-09
50500.056 1.3723020877299839e-09
50550.056 1.4492096433200214e-09
50600.056 6.98009917385914e-10
50650.056 1.5224932336000946e-09
50700.056 1.1620770659599144e-09
50750.056 5.754470152899695e-10
50800.056 1.455748044319663e-10
50850.056 7.888711429802177e-11
50900.056 4.325634171200578e-10
50950.056 5.721939047299443e-10
51000.056 3.471502538580392e-10
51050.056 8.436617033799762e-10
51100.056 2.8120447324996944e-10
51150.056 1.9598002464704484e-10
51200.056 8.504063115500342e-10
51250.056 6.795785785559041e-10
51300.056 4.382748422970267e-10
51350.056 2.2791904205694976e-10
51400.056 7.968496384401364e-11
51450.056 7.866534949948329e-11
51500.056 8.27592002140206e-11
51550.056 2.46404685510029e-10
51600.056 3.686319328900712e-10
51650.056 6.245955796800274e-10
51700.056 4.955819321328999e-10
51750.056 3.334690498280728e-10
51800.056 7.211935937599939e-10
51850.056 5.568446269299747e-10
51900.056 3.865122219299819e-10
51950.056 1.912370136959774e-10
52000.056 4.591718687199393e-11
52050.056 1.076224853600004e-10
52100.056 7.347756950699742e-11
52150.056 4.917184424701309e-11
52200.056 1.537083173300091e-10
52250.056 2.3256649674002594e-10
52300.056 2.2174888243998416e-10
52350.056 8.010709319819546e-11
52400.056 9.417974335999931e-11
52450.056 2.868213917500209e-10
52500.056 1.812325348419841e-10
52550.056 3.840857714200055e-10
52600.056 4.5026542389202153e-10
52650.056 4.846326804399779e-10
52700.056 2.7977555901996666e-10
52750.056 7.882168163618734e-11
52800.056 1.5612426939101689e-10
52850.056 1.7655511822097186e-10
52900.056 6.926786396838281e-11
52950.056 1.0816072808701512e-10
53000.056 2.0535304991002114e-10
53050.056 1.0451825927899122e-10
53100.056 3.0525294378000144e-10
53150.056 1.704154318304734e-10
53200.056 9.36017168450939e-11
53250.056 1.2991250077278963e-10
53300.056 1.9905399290921925e-10
53350.056 1.6537776246540835e-10
53400.056 1.3387555672897166e-10
53450.056 6.432566438399154e-11
53500.056 2.2043668131292863e-11
53550.056 3.807431255420231e-11
