galfind/configs/Brown_Dwarf_templates/sonora_bobcat/m0.0/31g/sp_t350g31nc_m0.0_resample.dat
# %ECSV 1.0
# ---
# datatype:
# - {name: wav, unit: Angstrom, datatype: float64}
# - {name: flux_nu, unit: erg / (cm2 Hz s), datatype: float64}
# meta: {C/O: '1.00', Kzz: '1.0000E+05', Teff: '350.', Y: '0.28', '[Fe/H]': '0.00', f_hole: '1.00', f_rain: '0.00', grav: '32.'}
# schema: astropy-2.0
wav flux_nu
4000.0559999999996 nan
4050.0559999999996 5.908454289552252e-19
4100.056 3.636816524890075e-17
4150.056 3.0532716990000265e-16
4200.056 3.253316207841112e-16
4250.056 2.9104250416400244e-15
4300.056 7.095255703300017e-15
4350.056 1.381761407310006e-14
4400.056 2.4133848200000008e-14
4450.056 3.9567137508999966e-14
4500.056 6.415801290000028e-14
4550.056 6.771003990492973e-14
4600.056 1.655415290269992e-14
4650.056 1.0093729720399942e-14
4700.056 5.1955911854999795e-15
4750.056 2.3128505074999917e-15
4800.056 1.1402948445699925e-15
4850.056 5.212507745099974e-16
4900.056 3.107762581899997e-16
4950.056 2.314257870999999e-16
5000.056 1.686134309599991e-16
5050.056 1.3474108750500113e-16
5100.056 1.5711532220100299e-16
5150.056 1.9173056539000184e-16
5200.056 2.29617574990001e-16
5250.056 2.6772372891000052e-16
5300.056 3.1137980946000063e-16
5350.056 3.6205341613000066e-16
5400.056 4.1125507652000096e-16
5450.056 4.743404394600057e-16
5500.056 5.508262120200046e-16
5550.056 6.364233359000013e-16
5600.056 7.196367903400016e-16
5650.056 7.897332456899986e-16
5700.056 8.001967032600006e-16
5750.056 7.95882669100001e-16
5800.056 7.082676435799969e-16
5850.056 4.770025084399918e-16
5900.056 1.2129780971001938e-16
5950.056 9.142573015450516e-16
6000.056 2.153923227409953e-15
6050.056 4.164642852300085e-15
6100.056 6.937965973100085e-15
6150.056 1.0610655558900073e-14
6200.056 1.553996239700009e-14
6250.056 2.1377369161999983e-14
6300.056 2.983734587199998e-14
6350.056 4.056086401700014e-14
6400.056 5.3764855132000177e-14
6450.056 6.111315505139814e-14
6500.056 7.899717379420016e-14
6550.056 1.0690389741699583e-13
6600.056 1.4600141178460667e-13
6650.056 2.0347095976600222e-13
6700.056 2.725741927000016e-13
6750.056 3.7121365362000235e-13
6800.056 4.5015003590000694e-13
6850.056 4.979851438700013e-13
6900.056 4.287961298640139e-13
6950.056 3.345689099777414e-13
7000.056 3.9475305412989167e-13
7050.056 4.111778744414984e-13
7100.056 4.656467585199845e-13
7150.056 3.5010369622827896e-13
7200.056 2.656887713145375e-13
7250.056 3.278747421375996e-13
7300.056 3.470463669967223e-13
7350.056 4.641551266304521e-13
7400.056 5.893106595680395e-13
7450.056 7.977501035600689e-13
7500.056 9.82884297449996e-13
7550.056 1.1087155735899996e-12
7600.056 1.129105378239997e-12
7650.056 4.682699732242838e-13
7700.056 3.797921726020124e-13
7750.056 1.3274636530400161e-12
7800.056 1.7636952691899867e-12
7850.056 2.3070466745799773e-12
7900.056 2.817925977393881e-12
7950.056 3.1132061074339727e-12
8000.056 3.73324175502e-12
8050.056 4.212059393500072e-12
8100.056 2.916413816946121e-12
8150.056 2.3168700178711903e-12
8200.056 4.163853137923875e-12
8250.056 4.4350948594817195e-12
8300.056 5.075334136994194e-12
8350.056 4.911658952253869e-12
8400.056 5.732198299224453e-12
8450.056 8.231989340683872e-12
8500.056 9.815193895899896e-12
8550.056 1.2674511375900178e-11
8600.056 1.5487325647500094e-11
8650.056 1.726239708000026e-11
8700.056 1.6193764407000345e-11
8750.056 1.6598033444300063e-11
8800.056 1.4918763867899546e-11
8850.056 1.0094681231699096e-11
8900.056 8.643288277916597e-13
8950.056 8.289773127351911e-13
9000.056 6.070454154935509e-13
9050.056 2.9816194873681936e-12
9100.056 4.2340853662450735e-12
9150.056 6.720812524263174e-12
9200.056 1.6184121694897647e-11
9250.056 1.4482604426634751e-11
9300.056 5.379202835134224e-13
9350.056 6.776640240943367e-13
9400.056 3.0349017127278827e-12
9450.056 3.22109006751636e-12
9500.056 2.5858642919594043e-12
9550.056 2.9629148022385263e-12
9600.056 3.0986782552217825e-12
9650.056 6.0766929093575345e-12
9700.056 1.650670463354656e-11
9750.056 1.2424423466713897e-11
9800.056 1.2337958717131517e-11
9850.056 1.3058213728677354e-11
9900.056 1.7919379987938542e-11
9950.056 1.5030341856522304e-11
10000.056 1.6854020934388606e-11
10050.056 1.8082744208600676e-11
10100.056 2.0940540061898257e-11
10150.056 1.4359941856495859e-11
10200.056 7.874624957396854e-12
10250.056 1.1599016527941457e-11
10300.056 2.0907970376457664e-11
10350.056 1.336707022836946e-11
10400.056 4.042955869474679e-11
10450.056 7.769349658579958e-11
10500.056 1.3316003222287058e-10
10550.056 2.2561550859901216e-10
10600.056 2.9819797134200275e-10
10650.056 3.37382205674011e-10
10700.056 3.0375638548308585e-10
10750.056 3.28467164749357e-10
10800.056 3.1090177700591317e-10
10850.056 2.517230205810821e-10
10900.056 1.5666357140882808e-10
10950.056 6.572374799800834e-11
11000.056 3.380596168250243e-11
11050.056 1.62077731907133e-11
11100.056 6.13876839784318e-12
11150.056 1.4926534072683297e-12
11200.056 4.950365311760236e-13
11250.056 4.579305198931142e-13
11300.056 1.582827900107116e-12
11350.056 2.3002036589979675e-13
11400.056 1.679183448618371e-12
11450.056 1.021942236436679e-12
11500.056 6.825685293422527e-13
11550.056 7.77231732060873e-14
11600.056 3.044044361043568e-14
11650.056 2.8893775954008715e-13
11700.056 3.225200680547266e-13
11750.056 4.317473320068706e-14
11800.056 3.8983020375214117e-13
11850.056 4.751454687948396e-13
11900.056 4.0026832584737163e-13
11950.056 7.401357812827299e-13
12000.056 1.429954975055809e-12
12050.056 2.9182372829663514e-12
12100.056 4.808334024401842e-12
12150.056 7.941622438959381e-12
12200.056 9.701920461303412e-12
12250.056 2.2462678111345513e-11
12300.056 5.083470056075982e-11
12350.056 6.449808273256728e-11
12400.056 1.3001016367853473e-10
12450.056 2.4030436529212477e-10
12500.056 2.9380691866774096e-10
12550.056 3.8885282662162987e-10
12600.056 6.322576087157351e-10
12650.056 8.977254170823588e-10
12700.056 9.41668437540173e-10
12750.056 5.209983062983288e-10
12800.056 2.4751419848307194e-10
12850.056 1.038537433814038e-10
12900.056 7.324785439439112e-11
12950.056 5.2413985694343926e-11
13000.056 5.3647622636022844e-11
13050.056 2.6733693426201182e-11
13100.056 2.1453506052874107e-11
13150.056 1.0693010884714813e-11
13200.056 1.1978265836298974e-11
13250.056 1.0752704294838684e-11
13300.056 4.059778529273279e-12
13350.056 1.2817449777539135e-12
13400.056 7.245282703510378e-13
13450.056 1.5991797589805845e-13
13500.056 4.203657517503267e-14
13550.056 9.997358792011012e-15
13600.056 9.094196313880617e-16
13650.056 1.4062242425628482e-14
13700.056 5.503981451038455e-15
13750.056 1.8540947653230247e-14
13800.056 1.1842133588031816e-14
13850.056 5.752590797026559e-15
13900.056 1.555209350717739e-14
13950.056 9.26420974968722e-15
14000.056 1.30259426769905e-14
14050.056 2.500295730221613e-14
14100.056 3.164896898763099e-14
14150.056 1.0140378066347787e-13
14200.056 5.1367931058109596e-14
14250.056 1.0007803054702127e-13
14300.056 2.9348899327095804e-13
14350.056 2.9028648268976567e-13
14400.056 3.088199720036515e-13
14450.056 6.547663148691629e-13
14500.056 1.652310531152129e-12
14550.056 1.831110129780448e-12
14600.056 1.7929573816122277e-12
14650.056 6.887426642609852e-13
14700.056 2.659863415601695e-13
14750.056 6.184119630119083e-14
14800.056 1.329125168786361e-13
14850.056 1.972450456458405e-13
14900.056 1.8634925901603637e-13
14950.056 9.572237433169931e-14
15000.056 3.6814732704646743e-13
15050.056 3.144840916249941e-13
15100.056 1.395760244911397e-13
15150.056 5.817533886722342e-14
15200.056 2.5418896551659235e-13
15250.056 6.405663425037293e-13
15300.056 8.052721182900357e-13
15350.056 1.3589806423984132e-12
15400.056 1.825713922478992e-12
15450.056 2.6233045779867345e-12
15500.056 3.270631238311004e-12
15550.056 9.429860049626568e-12
15600.056 1.4635608580807098e-11
15650.056 3.418185765239243e-11
15700.056 6.796619709574987e-11
15750.056 1.1612270591651847e-10
15800.056 1.4640448901258716e-10
15850.056 2.052046062461721e-10
15900.056 2.442273641988726e-10
15950.056 2.9030373797393135e-10
16000.056 2.418054070474483e-10
16050.056 1.3380123373747683e-10
16100.056 7.414970831765214e-11
16150.056 3.200314951478431e-11
16200.056 1.3815952186869485e-11
16250.056 7.305348978339195e-12
16300.056 3.459682084673406e-12
16350.056 4.695081503117491e-12
16400.056 6.198034389944515e-12
16450.056 4.412665500949254e-12
16500.056 3.178329763578903e-12
16550.056 3.002429763160231e-12
16600.056 7.590055009828937e-12
16650.056 5.079684494098975e-12
16700.056 5.044547125834197e-13
16750.056 2.316635474227265e-12
16800.056 4.062265881607109e-12
16850.056 4.780410000240651e-12
16900.056 1.575175518849145e-12
16950.056 7.146986535821715e-13
17000.056 3.039305281341198e-13
17050.056 7.190063444035466e-13
17100.056 1.8188396008447727e-12
17150.056 7.824680758303372e-13
17200.056 4.94011911723491e-12
17250.056 1.7421850449969568e-12
17300.056 9.86156350096264e-13
17350.056 1.271433610055307e-12
17400.056 3.1938829791351896e-12
17450.056 4.390594274587743e-12
17500.056 6.923839740058875e-12
17550.056 6.333342974072928e-12
17600.056 4.6093783045066994e-12
17650.056 3.67103442226118e-12
17700.056 2.7733610517614848e-12
17750.056 2.950310414717853e-12
17800.056 1.0856695284567757e-11
17850.056 3.2774401038886818e-12
17900.056 2.3890287437512947e-12
17950.056 1.845343221458175e-12
18000.056 3.092469687036418e-12
18050.056 2.4897357039559503e-12
18100.056 3.3337114221516096e-12
18150.056 1.9484500375359644e-12
18200.056 1.4680348862416218e-12
18250.056 6.680150623419655e-12
18300.056 7.832271055239398e-13
18350.056 5.782982788261949e-13
18400.056 3.081801537546999e-13
18450.056 3.0536373370306626e-12
18500.056 2.869463962807847e-12
18550.056 1.3195520219135762e-12
18600.056 2.5996880656744836e-12
18650.056 1.7345431140782135e-12
18700.056 1.8926905198584713e-13
18750.056 5.051506975036879e-13
18800.056 5.149722769970371e-12
18850.056 4.934292207797539e-12
18900.056 4.752323479805728e-12
18950.056 6.838629341352817e-12
19000.056 1.2498659396318337e-12
19050.056 5.013358960661162e-13
19100.056 1.5203667803319316e-12
19150.056 5.880409399321874e-13
19200.056 1.0225952317828135e-12
19250.056 7.960306307536542e-13
19300.056 4.606635515940666e-13
19350.056 4.155104125731983e-13
19400.056 3.557976272000577e-13
19450.056 6.449770789620465e-13
19500.056 3.0699646181629254e-13
19550.056 8.179936074277423e-13
19600.056 2.52088591707822e-12
19650.056 1.4401616933198994e-12
19700.056 1.8181803810482752e-12
19750.056 3.5101067873926596e-12
19800.056 1.9304125913940674e-12
19850.056 2.3445333044752165e-12
19900.056 3.835969401064496e-12
19950.056 5.335442427319733e-12
20000.056 7.329254363321152e-12
20050.056 4.86674281735276e-12
20100.056 9.08549095191009e-12
20150.056 4.596846669944522e-12
20200.056 2.847888341716279e-12
20250.056 7.485598416152833e-12
20300.056 9.62745996600718e-12
20350.056 1.1483147448927925e-11
20400.056 8.776307791913575e-12
20450.056 1.6491068787895613e-11
20500.056 2.070320320454375e-11
20550.056 2.4553155532265893e-11
20600.056 2.6309003849053152e-11
20650.056 3.487809664830323e-11
20700.056 3.925126744974151e-11
20750.056 4.698287099259322e-11
20800.056 4.3402004209493216e-11
20850.056 5.3173189068541764e-11
20900.056 5.866890309448659e-11
20950.056 5.529095613750323e-11
21000.056 5.481122944418772e-11
21050.056 6.042319365699028e-11
21100.056 5.69366805851064e-11
21150.056 5.757251949499733e-11
21200.056 5.348333092426124e-11
21250.056 5.042394648960382e-11
21300.056 4.273618571388231e-11
21350.056 4.284942332912578e-11
21400.056 4.2814050569797313e-11
21450.056 3.25271625039167e-11
21500.056 2.8398880827945638e-11
21550.056 2.7108908787727448e-11
21600.056 2.1820842157499334e-11
21650.056 1.5217492450827376e-11
21700.056 1.1860105676218475e-11
21750.056 1.3659513034182406e-11
21800.056 8.87442911295327e-12
21850.056 9.03077301599053e-12
21900.056 6.247178430596647e-12
21950.056 1.705498724504087e-12
22000.056 1.690058167279823e-13
22050.056 3.7315898347131524e-13
22100.056 1.8259640744752855e-12
22150.056 1.2289582802915379e-12
22200.056 1.1905615688288185e-12
22250.056 9.272313311771686e-13
22300.056 3.627922061768079e-13
22350.056 5.856771549461018e-13
22400.056 1.711215699668185e-13
22450.056 2.865343848158111e-13
22500.056 2.2136415699558357e-13
22550.056 9.324203141609885e-14
22600.056 6.909021476669062e-14
22650.056 1.6162652117048698e-13
22700.056 1.4071504376812704e-13
22750.056 2.1319227328201554e-13
22800.056 2.365538344760718e-13
22850.056 1.5423456414200822e-13
22900.056 1.043485366460215e-13
22950.056 6.525737888508311e-14
23000.056 1.1357032824966625e-13
23050.056 1.188150805584377e-13
23100.056 1.0936512803210604e-12
23150.056 1.2219603025198577e-12
23200.056 2.6667393364741493e-14
23250.056 1.5852178958246113e-13
23300.056 1.3933000285677442e-13
23350.056 2.730726998994562e-13
23400.056 1.8926347655416673e-13
23450.056 8.499969832388353e-14
23500.056 8.740152170651075e-14
23550.056 2.336841797430077e-13
23600.056 6.474906978539339e-13
23650.056 9.061237790806738e-13
23700.056 1.1506634671914052e-13
23750.056 1.1823699825655065e-13
23800.056 8.111953506106299e-13
23850.056 4.766334252899706e-13
23900.056 1.2001601888270307e-12
23950.056 4.890192115748652e-13
24000.056 1.4964766914975638e-12
24050.056 1.9398619870027293e-12
24100.056 2.7944994458941092e-12
24150.056 4.081785207213827e-12
24200.056 2.2634746416598038e-12
24250.056 1.7256172934151101e-12
24300.056 3.538731051253529e-12
24350.056 3.029054780394694e-12
24400.056 8.464527843685443e-12
24450.056 1.0444659680048513e-11
24500.056 9.045197182709715e-12
24550.056 1.46856327982461e-11
24600.056 1.6311948825055317e-11
24650.056 2.7773876763325054e-11
24700.056 1.632986121607211e-11
24750.056 2.3600296948620747e-11
24800.056 1.9794383229776858e-11
24850.056 3.4290059595676257e-11
24900.056 1.661329767990924e-11
24950.056 3.1727564031743126e-11
25000.056 3.6596499359069356e-11
25050.056 2.3935688919969564e-11
25100.056 3.6930562334687587e-11
25150.056 1.5129489592755132e-11
25200.056 2.469379485902942e-11
25250.056 9.317302023861852e-12
25300.056 1.1185401488517722e-11
25350.056 5.218061184901076e-12
25400.056 1.3829661529219923e-11
25450.056 3.2053745720321433e-12
25500.056 2.5570569650549806e-12
25550.056 6.69268110822683e-12
25600.056 2.3987266342901183e-12
25650.056 1.145956337433589e-12
25700.056 9.03215503200139e-13
25750.056 2.2483726831748583e-13
25800.056 1.6180321344055516e-12
25850.056 1.8437525624468987e-13
25900.056 2.5629129792953406e-13
25950.056 4.2017012698170094e-14
26000.056 1.1438261939795028e-12
26050.056 6.609832113057827e-14
26100.056 4.664781653386095e-13
26150.056 1.405276525975821e-13
26200.056 2.2713194190264182e-13
26250.056 2.748867724450936e-12
26300.056 2.945507982783504e-13
26350.056 6.6461495745996265e-12
26400.056 1.4403245766783242e-11
26450.056 8.146790488549038e-12
26500.056 2.5245050464829944e-11
26550.056 1.1269536978217732e-12
26600.056 1.2104284194253976e-12
26650.056 1.063337222862866e-13
26700.056 6.019322395608927e-14
26750.056 1.4961510817829243e-13
26800.056 7.575439431733589e-13
26850.056 3.9397889954563553e-13
26900.056 2.7387383917839752e-12
26950.056 6.071044734619796e-13
27000.056 4.655728237072654e-12
27050.056 7.49838937657281e-12
27100.056 2.625545470136307e-13
27150.056 6.650132712965062e-12
27200.056 2.734598302738068e-13
27250.056 1.7467082438933374e-12
27300.056 2.3558911851109072e-11
27350.056 5.328660277908507e-12
27400.056 1.5875892413795422e-13
27450.056 8.630559853387108e-12
27500.056 1.0867835055887255e-11
27550.056 1.1343813136486738e-12
27600.056 4.52129381890551e-12
27650.056 8.39316625839433e-13
27700.056 9.15515334031621e-13
27750.056 8.672644743195056e-12
27800.056 1.982934827225852e-12
27850.056 4.458340759417969e-12
27900.056 4.605902202114715e-12
27950.056 1.3196821963546229e-11
28000.056 1.5117372198913224e-11
28050.056 9.618259562457648e-13
28100.056 1.3783452263844369e-11
28150.056 1.062375642306961e-11
28200.056 1.8297420665167125e-12
28250.056 2.0092465641257246e-11
28300.056 1.7467068934806762e-11
28350.056 2.4508526419964707e-12
28400.056 1.1098866579004619e-11
28450.056 2.3420285079003314e-11
28500.056 1.1681491673052984e-11
28550.056 2.057617428787542e-12
28600.056 2.2303904250015545e-11
28650.056 1.1889414105792214e-11
28700.056 2.5459663733055867e-11
28750.056 3.545806347794232e-11
28800.056 1.0337698658461416e-11
