galfind/configs/Brown_Dwarf_templates/sonora_bobcat/m0.0/31g/sp_t2000g31nc_m0.0_resample.dat
# %ECSV 1.0
# ---
# datatype:
# - {name: wav, unit: Angstrom, datatype: float64}
# - {name: flux_nu, unit: erg / (cm2 Hz s), datatype: float64}
# meta: {C/O: '1.00', Kzz: '1.0000E+05', Teff: '2000.', Y: '0.28', '[Fe/H]': '0.00', f_hole: '1.00', f_rain: '0.00', grav: '32.'}
# schema: astropy-2.0
wav flux_nu
4000.0559999999996 nan
4050.0559999999996 5.141961078899779e-09
4100.056 5.277156100615297e-09
4150.056 3.819054031978938e-09
4200.056 2.678630944282755e-09
4250.056 2.261207177800477e-09
4300.056 1.29264473375556e-09
4350.056 1.520131930979917e-09
4400.056 1.4670865099004547e-09
4450.056 7.713467179250474e-10
4500.056 9.105185114301128e-10
4550.056 1.1729541807196304e-09
4600.056 1.0019278906998397e-09
4650.056 7.641543198401775e-10
4700.056 9.136819607202507e-10
4750.056 1.258771359929638e-09
4800.056 8.348544633600643e-10
4850.056 1.0471556112702932e-09
4900.056 2.2743070261596705e-09
4950.056 2.8338209710002773e-09
5000.056 1.2986630394600234e-09
5050.056 1.6749789350504293e-09
5100.056 3.592573401720895e-09
5150.056 4.1795509513267e-09
5200.056 2.166795230080087e-09
5250.056 2.7681637255198744e-09
5300.056 3.411062731550207e-09
5350.056 3.309079080770608e-09
5400.056 3.881613505899926e-09
5450.056 3.231031195829572e-09
5500.056 2.547277881089667e-09
5550.056 3.35927541296955e-09
5600.056 2.8218445654101048e-09
5650.056 2.5978955100000947e-09
5700.056 3.0126358384001464e-09
5750.056 2.631174210009806e-09
5800.056 2.4573435301599076e-09
5850.056 1.1441269335400049e-09
5900.056 1.1534182282374403e-10
5950.056 1.7237804038700101e-09
6000.056 3.6962323496999283e-09
6050.056 6.251850150300351e-09
6100.056 8.143039392900395e-09
6150.056 8.827069681298637e-09
6200.056 6.3634513166002125e-09
6250.056 7.380025166200414e-09
6300.056 1.0117196694100267e-08
6350.056 1.284101512670047e-08
6400.056 1.5950743280800517e-08
6450.056 2.0832925895095626e-08
6500.056 2.0271669248596386e-08
6550.056 2.4767539923793478e-08
6600.056 2.1402965355002032e-08
6650.056 1.8862260131002053e-08
6700.056 1.5111499432022354e-08
6750.056 1.9534826047901652e-08
6800.056 2.2215487822800367e-08
6850.056 2.768595348199918e-08
6900.056 3.382325045699963e-08
6950.056 4.215810885899422e-08
7000.056 5.8767781699992574e-08
7050.056 5.443710033000533e-08
7100.056 3.2969060739997247e-08
7150.056 2.8111068160002543e-08
7200.056 3.7972348223998276e-08
7250.056 5.4210127552004004e-08
7300.056 8.822623144801434e-08
7350.056 1.2629082594000043e-07
7400.056 1.544960550140127e-07
7450.056 1.6345954644395565e-07
7500.056 1.8533716626399797e-07
7550.056 2.15633875949008e-07
7600.056 1.4378848617898757e-07
7650.056 3.620870671700553e-08
7700.056 1.9537609625273528e-08
7750.056 8.551675117201445e-08
7800.056 1.1249376562426566e-07
7850.056 1.260936603869965e-07
7900.056 1.3533414369102923e-07
7950.056 1.3233217801947557e-07
8000.056 1.6281506754797547e-07
8050.056 2.527885727409522e-07
8100.056 4.003919793801097e-07
8150.056 6.120866268600459e-07
8200.056 4.674439795149252e-07
8250.056 5.037787082599847e-07
8300.056 3.9525390690013834e-07
8350.056 4.2665684948014316e-07
8400.056 4.3948009927007175e-07
8450.056 2.5125118578992364e-07
8500.056 2.207110058713822e-07
8550.056 2.7354372724002523e-07
8600.056 3.2562138551985876e-07
8650.056 4.143241595279568e-07
8700.056 4.957282131661821e-07
8750.056 6.448138355060693e-07
8800.056 9.026458459582252e-07
8850.056 8.894868212811481e-07
8900.056 5.93777497249944e-07
8950.056 6.422080839147648e-07
9000.056 8.218414573601235e-07
9050.056 8.995848205897061e-07
9100.056 1.1634752516400726e-06
9150.056 1.367661351700003e-06
9200.056 1.2805784743201422e-06
9250.056 7.573317400598747e-07
9300.056 6.032167259750694e-07
9350.056 6.967488980868098e-07
9400.056 7.963967619801816e-07
9450.056 9.088193058237066e-07
9500.056 1.115451016813812e-06
9550.056 1.2984759474564085e-06
9600.056 1.3901033023864526e-06
9650.056 1.616729092652475e-06
9700.056 1.7743124004407265e-06
9750.056 1.3517533057300078e-06
9800.056 1.5315037618678334e-06
9850.056 1.5138805953998354e-06
9900.056 1.4846291281940342e-06
9950.056 1.5062655985500816e-06
10000.056 1.525878494339813e-06
10050.056 1.4747747775120277e-06
10100.056 1.794746900030713e-06
10150.056 1.7318992773496327e-06
10200.056 1.884496662119699e-06
10250.056 1.8534496730192736e-06
10300.056 1.883085194399562e-06
10350.056 2.1374354704296297e-06
10400.056 2.274305661619942e-06
10450.056 2.453139075680344e-06
10500.056 2.4012384156595376e-06
10550.056 2.440491447470566e-06
10600.056 2.6252012669305343e-06
10650.056 2.7957919619096426e-06
10700.056 3.0384645890401574e-06
10750.056 3.2861284204602234e-06
10800.056 3.4461123468997316e-06
10850.056 3.6801135818398312e-06
10900.056 3.523331149549659e-06
10950.056 3.263871588079078e-06
11000.056 3.142501320270142e-06
11050.056 2.2803280389878978e-06
11100.056 2.4944471528855714e-06
11150.056 2.596632951606631e-06
11200.056 2.6485546596702143e-06
11250.056 2.9733207043898936e-06
11300.056 3.008552204874156e-06
11350.056 2.784044839303984e-06
11400.056 2.4670509329901493e-06
11450.056 2.9957016482510326e-06
11500.056 3.282399316009312e-06
11550.056 3.1908473125081314e-06
11600.056 3.3165025244430586e-06
11650.056 3.4723711633556434e-06
11700.056 2.999706338286018e-06
11750.056 3.0192534343859437e-06
11800.056 3.0291226855560254e-06
11850.056 3.5150981631602034e-06
11900.056 3.5681244242091204e-06
11950.056 3.6848501872997174e-06
12000.056 3.5790217552903347e-06
12050.056 3.875109817890586e-06
12100.056 3.90619097329993e-06
12150.056 4.210641139809825e-06
12200.056 4.347533631179661e-06
12250.056 4.574373632799345e-06
12300.056 4.7079657073007855e-06
12350.056 4.797189925400488e-06
12400.056 4.510516162739502e-06
12450.056 3.899138896400057e-06
12500.056 4.24229213939923e-06
12550.056 4.2781270628800036e-06
12600.056 4.4320865290000915e-06
12650.056 4.664332283999553e-06
12700.056 4.867297411399641e-06
12750.056 4.861481362000408e-06
12800.056 5.179804838099462e-06
12850.056 5.101455009200247e-06
12900.056 5.029143558339549e-06
12950.056 5.218439388618947e-06
13000.056 5.317535699409034e-06
13050.056 5.3814987035296126e-06
13100.056 5.339407363969221e-06
13150.056 5.336535046019607e-06
13200.056 5.14801393445943e-06
13250.056 4.865829567334161e-06
13300.056 4.220759188343429e-06
13350.056 2.8155493598543754e-06
13400.056 2.6424793763856175e-06
13450.056 2.330219654246488e-06
13500.056 2.34146393327328e-06
13550.056 2.2060275084832573e-06
13600.056 1.9491240807958503e-06
13650.056 2.093061222837254e-06
13700.056 1.8570753238689907e-06
13750.056 1.832938426273465e-06
13800.056 2.08720695128307e-06
13850.056 2.1038509886478773e-06
13900.056 2.0728646377003137e-06
13950.056 1.971383588858632e-06
14000.056 1.839536700994952e-06
14050.056 1.8514277273768565e-06
14100.056 1.6904346294452857e-06
14150.056 1.6555738300968843e-06
14200.056 1.5754813881554998e-06
14250.056 1.5545894703962368e-06
14300.056 1.5811981663927202e-06
14350.056 1.5733993888683093e-06
14400.056 1.681723796308252e-06
14450.056 1.7715741713611654e-06
14500.056 1.935999579202675e-06
14550.056 1.9617192281290112e-06
14600.056 2.023531988466776e-06
14650.056 1.9943141959432377e-06
14700.056 1.855653600053658e-06
14750.056 1.966446423683432e-06
14800.056 2.029006599261637e-06
14850.056 2.174053828916292e-06
14900.056 2.2073307227349674e-06
14950.056 2.219255240220401e-06
15000.056 2.2836005008305918e-06
15050.056 2.4910370630193338e-06
15100.056 2.4977308953104356e-06
15150.056 2.6236680638002194e-06
15200.056 2.710491845489814e-06
15250.056 2.7130104667197495e-06
15300.056 2.877952761679847e-06
15350.056 2.947084370720156e-06
15400.056 3.053335537550104e-06
15450.056 3.200932302260339e-06
15500.056 3.257938771799306e-06
15550.056 3.442852785239826e-06
15600.056 3.4176020201804864e-06
15650.056 3.584464083160067e-06
15700.056 3.8352660971614696e-06
15750.056 3.978704070699678e-06
15800.056 4.022189221760924e-06
15850.056 3.997788891000227e-06
15900.056 4.089372999900699e-06
15950.056 4.217586708699905e-06
16000.056 4.316548415399669e-06
16050.056 4.470051284000267e-06
16100.056 4.59887467410037e-06
16150.056 4.602322905400407e-06
16200.056 4.755462376699557e-06
16250.056 4.821738442999919e-06
16300.056 4.863619885200099e-06
16350.056 5.108544809999669e-06
16400.056 5.0853943510011045e-06
16450.056 5.2131982066003185e-06
16500.056 5.363382505100865e-06
16550.056 5.572485989199641e-06
16600.056 5.374633850800787e-06
16650.056 5.801988377000533e-06
16700.056 5.657956123498856e-06
16750.056 5.783030660399236e-06
16800.056 5.951261855300333e-06
16850.056 5.928455937309696e-06
16900.056 5.810750021520185e-06
16950.056 5.782844770339398e-06
17000.056 5.7403798477009346e-06
17050.056 5.647545975900272e-06
17100.056 5.341605837300601e-06
17150.056 5.2206303328295205e-06
17200.056 4.845708207719744e-06
17250.056 4.641683188959882e-06
17300.056 4.74764666385927e-06
17350.056 4.499109890090185e-06
17400.056 4.664245926770248e-06
17450.056 4.35674111802759e-06
17500.056 4.175822139428707e-06
17550.056 4.1829429165880455e-06
17600.056 3.9998575895501214e-06
17650.056 4.064606300182024e-06
17700.056 3.607441622869451e-06
17750.056 3.4443203197171564e-06
17800.056 3.4246192845327645e-06
17850.056 3.261090257814533e-06
17900.056 3.227105891930857e-06
17950.056 3.1461741291621468e-06
18000.056 2.8805773269492746e-06
18050.056 2.921539185145544e-06
18100.056 2.7955479417791737e-06
18150.056 3.0738255719090843e-06
18200.056 2.621666508271471e-06
18250.056 2.975433326033164e-06
18300.056 2.885655954530783e-06
18350.056 2.7146539278594253e-06
18400.056 2.680738714323158e-06
18450.056 2.4594537618859713e-06
18500.056 2.5067823763936775e-06
18550.056 2.3916110599573964e-06
18600.056 2.041510063709451e-06
18650.056 2.363095616836779e-06
18700.056 2.519899209714418e-06
18750.056 2.3932925571169486e-06
18800.056 2.4394136530331115e-06
18850.056 2.7816298558987563e-06
18900.056 2.6947748061147826e-06
18950.056 2.6658013523098732e-06
19000.056 2.8602926180393566e-06
19050.056 2.7957208797459673e-06
19100.056 2.8232089714221226e-06
19150.056 2.96317933645371e-06
19200.056 2.9295694392101206e-06
19250.056 2.796846880507019e-06
19300.056 2.901958165858031e-06
19350.056 2.9459469020170645e-06
19400.056 2.7273375749668896e-06
19450.056 2.9596454612606046e-06
19500.056 2.9426266064855266e-06
19550.056 2.618511956831949e-06
19600.056 2.98994289599769e-06
19650.056 2.9280225573858906e-06
19700.056 2.961267465060445e-06
19750.056 2.7964424792054e-06
19800.056 2.897413703240502e-06
19850.056 2.8865246974118295e-06
19900.056 2.660293755519935e-06
19950.056 3.005893514800078e-06
20000.056 2.674309214520578e-06
20050.056 2.81291421777137e-06
20100.056 2.9647384594579996e-06
20150.056 2.8623919055903956e-06
20200.056 2.9414876567588617e-06
20250.056 3.0897483525102627e-06
20300.056 3.075770062670162e-06
20350.056 3.1076114961697533e-06
20400.056 3.0765075384183548e-06
20450.056 3.307365959359812e-06
20500.056 3.236515758880366e-06
20550.056 3.327275816540024e-06
20600.056 3.5206178792206766e-06
20650.056 3.427792623201054e-06
20700.056 3.563661587280083e-06
20750.056 3.623597362179308e-06
20800.056 3.7543793063903616e-06
20850.056 3.7650975126998576e-06
20900.056 3.906298064309627e-06
20950.056 3.961288306199905e-06
21000.056 4.167326933299677e-06
21050.056 4.152357416500216e-06
21100.056 4.230173724019989e-06
21150.056 4.463061406500308e-06
21200.056 4.419957546500507e-06
21250.056 4.631272620099463e-06
21300.056 4.500982506999786e-06
21350.056 4.81588712930028e-06
21400.056 4.6617792767005214e-06
21450.056 5.097413686300067e-06
21500.056 4.862710007000331e-06
21550.056 4.988358010499671e-06
21600.056 5.146510076400621e-06
21650.056 5.119549163800547e-06
21700.056 5.3615845966996705e-06
21750.056 5.265475133699866e-06
21800.056 5.2680354095997775e-06
21850.056 5.3405360446997354e-06
21900.056 5.487146916200722e-06
21950.056 5.417039831600442e-06
22000.056 5.634648658299699e-06
22050.056 5.439929270499194e-06
22100.056 5.635317513699831e-06
22150.056 5.6884700887005316e-06
22200.056 5.5256997703014346e-06
22250.056 5.831200921100413e-06
22300.056 5.777252293149527e-06
22350.056 5.6544804763003695e-06
22400.056 5.931978201960347e-06
22450.056 5.861217189519097e-06
22500.056 5.961550970609635e-06
22550.056 5.873703243098812e-06
22600.056 5.88112961885974e-06
22650.056 5.90036518756143e-06
22700.056 5.891805475911496e-06
22750.056 6.067431396439535e-06
22800.056 5.853168023080103e-06
22850.056 5.943547527420758e-06
22900.056 6.125672931279516e-06
22950.056 4.652314051700691e-06
23000.056 5.233343921340438e-06
23050.056 5.393576231358993e-06
23100.056 5.161929125529789e-06
23150.056 5.295906075451023e-06
23200.056 5.343423435030044e-06
23250.056 4.448472656268605e-06
23300.056 4.807486849070296e-06
23350.056 4.902961343550062e-06
23400.056 4.735675619500083e-06
23450.056 4.9076679796997725e-06
23500.056 4.66788334433873e-06
23550.056 4.205244860251562e-06
23600.056 4.33425632201115e-06
23650.056 4.6094207881694344e-06
23700.056 4.593358946488494e-06
23750.056 4.51043579575063e-06
23800.056 4.458634540520905e-06
23850.056 3.80334258467049e-06
23900.056 4.1560069795693575e-06
23950.056 4.252132769071537e-06
24000.056 4.001178625209461e-06
24050.056 3.9486423298105685e-06
24100.056 3.616834379028799e-06
24150.056 3.5167834503107046e-06
24200.056 3.5722141698086843e-06
24250.056 3.487986190220734e-06
24300.056 3.293107258890138e-06
24350.056 3.1518916241301555e-06
24400.056 3.4162785580396197e-06
24450.056 3.114889710999825e-06
24500.056 2.849309934989934e-06
24550.056 2.8298049020396862e-06
24600.056 2.8532647180506733e-06
24650.056 3.0833539926195927e-06
24700.056 2.6452004395298916e-06
24750.056 2.504896747730916e-06
24800.056 2.4123715486205703e-06
24850.056 2.7717138487300153e-06
24900.056 2.2333291686615825e-06
24950.056 2.7141596082995293e-06
25000.056 2.38578542594007e-06
25050.056 2.010861810710625e-06
25100.056 2.343680307179982e-06
25150.056 2.022301606600238e-06
25200.056 2.1962176249993005e-06
25250.056 2.0995660097293708e-06
25300.056 2.2000330516201287e-06
25350.056 1.8883712385600737e-06
25400.056 2.0519605932510297e-06
25450.056 1.907810586420174e-06
25500.056 2.0162271235507727e-06
25550.056 1.8693275644602454e-06
25600.056 1.9420091309203048e-06
25650.056 1.7597711286600339e-06
25700.056 2.1190758752489947e-06
25750.056 1.6570272110102704e-06
25800.056 2.036671450380477e-06
25850.056 1.8631798190197843e-06
25900.056 2.0371102127205143e-06
25950.056 1.8370588208300149e-06
26000.056 1.985370128580616e-06
26050.056 2.2146046344602002e-06
26100.056 2.072014622780378e-06
26150.056 2.1167115625191882e-06
26200.056 1.998275066790213e-06
26250.056 1.9996688384008053e-06
26300.056 2.063023457760112e-06
26350.056 1.9815348341796616e-06
26400.056 2.0665668074192566e-06
26450.056 2.034610242180345e-06
26500.056 2.1309518763590377e-06
26550.056 2.145020811759322e-06
26600.056 2.452337346589233e-06
26650.056 2.0202187581595787e-06
26700.056 2.037089582289867e-06
26750.056 1.9329761827391368e-06
26800.056 2.086663477419135e-06
26850.056 1.8176181550701865e-06
26900.056 2.2058799744002103e-06
26950.056 1.6062059251301e-06
27000.056 2.096124096880868e-06
27050.056 1.7945620622697772e-06
27100.056 1.8073414539997282e-06
27150.056 1.8937412221398022e-06
27200.056 1.8833378175706528e-06
27250.056 1.7460029700710344e-06
27300.056 1.9036411981698884e-06
27350.056 1.9018336865291522e-06
27400.056 1.6705617288600546e-06
27450.056 2.047041432169012e-06
27500.056 1.8733656099400429e-06
27550.056 1.8630267390599764e-06
27600.056 2.053571844389597e-06
27650.056 1.66031885111973e-06
27700.056 1.6730074610102611e-06
27750.056 2.0632889216485373e-06
27800.056 1.549278822119759e-06
27850.056 1.7502718927888874e-06
27900.056 1.7588957449602466e-06
27950.056 1.966127009229773e-06
28000.056 1.925866782820589e-06
28050.056 1.5385101272104125e-06
28100.056 2.066089921081061e-06
28150.056 1.699666740320041e-06
28200.056 1.4796477708001768e-06
28250.056 1.7872529426100892e-06
28300.056 2.0293844177404323e-06
28350.056 1.7410940635692444e-06
28400.056 1.7364039982099629e-06
28450.056 1.7406438593595505e-06
28500.056 1.8090187189396218e-06
28550.056 1.44701157177942e-06
28600.056 2.0181556596400996e-06
28650.056 1.9167565901996705e-06
28700.056 1.7362724710193966e-06
28750.056 1.9084555570998796e-06
28800.056 1.8256069309704155e-06
