galfind/configs/Brown_Dwarf_templates/sonora_bobcat/m0.0/31g/sp_t1900g31nc_m0.0_resample.dat
# %ECSV 1.0
# ---
# datatype:
# - {name: wav, unit: Angstrom, datatype: float64}
# - {name: flux_nu, unit: erg / (cm2 Hz s), datatype: float64}
# meta: {C/O: '1.00', Kzz: '1.0000E+05', Teff: '1900.', Y: '0.28', '[Fe/H]': '0.00', f_hole: '1.00', f_rain: '0.00', grav: '32.'}
# schema: astropy-2.0
wav flux_nu
[from data line 497]
28850.056 1.548329122370219e-06
28900.056 1.262049501090117e-06
28950.056 1.7231314519797877e-06
29000.056 1.3845084350394925e-06
29050.056 1.4220233197597234e-06
29100.056 1.2014055682700768e-06
29150.056 1.5229575096002935e-06
29200.056 1.3777480194404133e-06
29250.056 1.5626636198700879e-06
29300.056 1.3114211327291891e-06
29350.056 1.7412592575996382e-06
29400.056 1.4150302387598112e-06
29450.056 1.4441936261099248e-06
29500.056 1.5365378653498223e-06
29550.056 1.4656886517201337e-06
29600.056 1.5566388011498817e-06
29650.056 1.5417250492299209e-06
29700.056 1.330329880859798e-06
29750.056 1.719081377230949e-06
29800.056 1.6706689011699537e-06
29850.056 1.6306617582997947e-06
29900.056 1.4640970171303882e-06
29950.056 1.7321682871296947e-06
30000.056 1.7219680071994842e-06
30050.056 1.6127357600898672e-06
30100.056 1.3031426496896183e-06
30150.056 2.0149164146898156e-06
30200.056 1.774877465180186e-06
30250.056 1.7266676678305675e-06
30300.056 1.7631348512998158e-06
30350.056 1.6155190982002785e-06
30400.056 1.9850482433204095e-06
30450.056 1.5927518235001629e-06
30500.056 1.4987686499202632e-06
30550.056 2.068535760170501e-06
30600.056 1.978079737470285e-06
30650.056 1.98099512294007e-06
30700.056 1.8520193710399625e-06
30750.056 1.7619178372600724e-06
30800.056 2.1246121823205646e-06
30850.056 1.8292892530599313e-06
30900.056 1.8574184064998389e-06
30950.056 1.78319333517025e-06
31000.056 2.0666795670699244e-06
31050.056 1.7303191485799882e-06
31100.056 1.9593602461899004e-06
31150.056 2.0584961511697217e-06
31200.056 2.04798719154974e-06
31250.056 2.218009355370443e-06
31300.056 1.9686357683197925e-06
31350.056 2.0074170611799966e-06
31400.056 2.0076453621004705e-06
31450.056 2.055784627640107e-06
31500.056 2.0839546895504238e-06
31550.056 1.9342673900000037e-06
31600.056 2.0560992511398524e-06
31650.056 2.1624187628199977e-06
31700.056 2.1855239019598936e-06
31750.056 1.882828354010237e-06
31800.056 2.245480852500209e-06
31850.056 2.4166437387901165e-06
31900.056 2.3859487121098377e-06
31950.056 1.820527773469779e-06
32000.056 2.0396285373805245e-06
32050.056 2.395036469510232e-06
32100.056 2.3902267880696255e-06
32150.056 2.3917154089801123e-06
32200.056 2.2979920419399284e-06
32250.056 2.1641704831302145e-06
32300.056 2.3826305848501397e-06
32350.056 2.5239704199003556e-06
32400.056 2.2679535202600223e-06
32450.056 2.2116161891002196e-06
32500.056 2.4224241098002784e-06
32550.056 2.6924421209001205e-06
32600.056 2.6635620074798252e-06
32650.056 2.5685718361308935e-06
32700.056 2.4458339956201794e-06
32750.056 2.568024391380042e-06
32800.056 2.342162357300225e-06
32850.056 2.804157545449748e-06
32900.056 2.6861347547299832e-06
32950.056 2.2843721953297924e-06
33000.056 2.496726385500312e-06
33050.056 2.583896866259715e-06
33100.056 2.6893979185691967e-06
33150.056 2.5656434702502012e-06
33200.056 2.297598076480473e-06
33250.056 2.54382869639997e-06
33300.056 2.738870806280222e-06
33350.056 2.5713218806501846e-06
33400.056 2.3892013573796928e-06
33450.056 2.6211694566991365e-06
33500.056 2.6831631604102873e-06
33550.056 2.5938391508296497e-06
33600.056 2.682382738060666e-06
33650.056 2.8074573279007074e-06
33700.056 2.906778730109554e-06
33750.056 2.904097073800068e-06
33800.056 2.7915822112500116e-06
33850.056 2.6965694797900955e-06
33900.056 3.069762103499526e-06
33950.056 2.693300640329622e-06
34000.056 2.746138310109312e-06
34050.056 2.7850793225299457e-06
34100.056 3.0191637524804117e-06
34150.056 2.9278117865996624e-06
34200.056 2.757346922919449e-06
34250.056 3.106856154699621e-06
34300.056 2.8470378628595046e-06
34350.056 2.9818895022197166e-06
34400.056 2.7223543080495847e-06
34450.056 2.785985596539972e-06
34500.056 2.889931987400588e-06
34550.056 2.7707934861998156e-06
34600.056 2.940766734140098e-06
34650.056 2.9541941154999912e-06
34700.056 2.841060627379383e-06
34750.056 3.0475122353802666e-06
34800.056 3.1844636651995563e-06
34850.056 2.816917161760117e-06
34900.056 3.0246664506502694e-06
34950.056 2.940767055899272e-06
35000.056 2.8454994922395955e-06
35050.056 3.221118841900552e-06
35100.056 3.0232190286292266e-06
35150.056 3.049146015919869e-06
35200.056 3.113422308699727e-06
35250.056 2.751197950890132e-06
35300.056 3.0505287647102456e-06
35350.056 3.21405401669974e-06
35400.056 2.9772989487197547e-06
35450.056 2.8942133868604455e-06
35500.056 3.1735794502998185e-06
35550.056 2.9796665770998836e-06
35600.056 2.853681753319543e-06
35650.056 3.2919687220004225e-06
35700.056 2.8884919226004376e-06
35750.056 3.0580431051397077e-06
35800.056 3.1428915226996517e-06
35850.056 3.179350869499732e-06
35900.056 3.364940495899551e-06
35950.056 3.1800297819998906e-06
36000.056 2.885768928399634e-06
36050.056 3.344488209900304e-06
36100.056 3.4289439717996667e-06
36150.056 3.0826067057803655e-06
36200.056 3.360011001019543e-06
36250.056 3.0575571579093454e-06
36300.056 3.585687410160779e-06
36350.056 3.389422214899553e-06
36400.056 3.242725056599951e-06
36450.056 3.5516005099996535e-06
36500.056 3.307478313100276e-06
36550.056 3.1823115275005228e-06
36600.056 3.283283631500301e-06
36650.056 3.4009768071003975e-06
36700.056 3.578420943500175e-06
36750.056 3.3179430611003474e-06
36800.056 3.3998597943996122e-06
36850.056 3.398934353600333e-06
36900.056 3.5090285384006023e-06
36950.056 3.480926575499971e-06
37000.056 3.56982433890012e-06
37050.056 3.6025223899999017e-06
37100.056 3.50863284670038e-06
37150.056 3.485299138099214e-06
37200.056 3.647986786600079e-06
37250.056 3.673519620700295e-06
37300.056 3.6925603950007268e-06
37350.056 3.451599618700518e-06
37400.056 3.6323255107996346e-06
37450.056 3.6313529476003407e-06
37500.056 3.6926725313997502e-06
37550.056 3.5994954061993044e-06
37600.056 3.8059554908994645e-06
37650.056 3.5271956780996243e-06
37700.056 3.581730554100091e-06
37750.056 3.8318515441994645e-06
37800.056 3.9090065123998945e-06
37850.056 3.702023057799822e-06
37900.056 3.8032406138002912e-06
37950.056 3.853150134200175e-06
38000.056 3.7257819198005483e-06
38050.056 3.787826443800251e-06
38100.056 3.6382477813002357e-06
38150.056 3.950413561899427e-06
38200.056 4.045889390799401e-06
38250.056 3.684344785100582e-06
38300.056 3.6355003776999306e-06
38350.056 3.8053601654998403e-06
38400.056 3.8738503166997696e-06
38450.056 3.926680900500382e-06
38500.056 3.814565009899783e-06
38550.056 3.814883517100215e-06
38600.056 4.1810486107997704e-06
38650.056 3.6608073864001727e-06
38700.056 3.756825727600653e-06
38750.056 3.919458689099992e-06
38800.056 3.864271713100492e-06
38850.056 3.837117542600335e-06
38900.056 3.731239998199859e-06
38950.056 3.9431745800996e-06
39000.056 3.82407081000014e-06
39050.056 3.898141464099911e-06
39100.056 3.6795219925999647e-06
39150.056 3.8106093264001796e-06
39200.056 3.956753814600191e-06
39250.056 3.925096471799311e-06
39300.056 3.910914849899194e-06
39350.056 3.8878652634004394e-06
39400.056 3.812909462000108e-06
39450.056 3.830139971299734e-06
39500.056 3.798037158799751e-06
39550.056 3.7125690518392867e-06
39600.056 4.072181302300208e-06
39650.056 3.6426326651000662e-06
39700.056 3.8192306045998334e-06
39750.056 3.7911388473995365e-06
39800.056 3.597904314900236e-06
39850.056 3.7080213504997177e-06
39900.056 3.6544310222998782e-06
39950.056 3.853523075299848e-06
40000.056 3.521453766899773e-06
40050.056 3.312859069299921e-06
40100.056 3.590625784599765e-06
40150.056 3.3481269502993096e-06
40200.056 3.4927592775996475e-06
40250.056 3.513954377798937e-06
40300.056 3.193290319800269e-06
40350.056 3.4503787385003684e-06
40400.056 3.49980826029982e-06
40450.056 3.2150663717006957e-06
40500.056 3.0044700266001365e-06
40550.056 3.5294357089997716e-06
40600.056 3.133639824770316e-06
40650.056 3.230458677700641e-06
40700.056 3.4141432992002963e-06
40750.056 3.0021245355990287e-06
40800.056 2.97986084226046e-06
40850.056 2.8061936023006423e-06
40900.056 2.803157818600573e-06
40950.056 3.033021176219961e-06
41000.056 3.1355491257002736e-06
41050.056 3.0436004329393738e-06
41100.056 2.885033007900404e-06
41150.056 3.109823709100174e-06
41200.056 2.885727244300017e-06
41250.056 2.9546600636002697e-06
41300.056 2.5596450509996502e-06
41350.056 3.053009476900175e-06
41400.056 2.881054267500096e-06
41450.056 2.755345094160043e-06
41500.056 2.9956595548400915e-06
41550.056 2.910136137950043e-06
41600.056 3.0629804954999746e-06
41650.056 2.680271577500525e-06
41700.056 2.576862962199664e-06
41750.056 2.733521617379959e-06
41800.056 2.6337954059595882e-06
41850.056 2.4630464722104203e-06
41900.056 2.8171119176496785e-06
41950.056 2.4210209545505686e-06
42000.056 2.6361491775402046e-06
42050.056 2.3895207008990525e-06
42100.056 2.713254554360383e-06
42150.056 2.129013165959181e-06
42200.056 2.292052861870104e-06
42250.056 2.4444413914099035e-06
42300.056 2.0882148319100385e-06
42350.056 2.491940001720647e-06
42400.056 2.1576667537004676e-06
42450.056 1.8140572352301896e-06
42500.056 1.9838728531503385e-06
42550.056 2.1115956406199634e-06
42600.056 2.0411707099904593e-06
42650.056 1.78084161702899e-06
42700.056 2.1009321701008423e-06
42750.056 1.9223524090400736e-06
42800.056 1.9001667146805412e-06
42850.056 2.022766464779689e-06
42900.056 1.9637810423501433e-06
42950.056 1.7930402261290707e-06
43000.056 1.8695938209698837e-06
43050.056 1.8176185762910395e-06
43100.056 1.94528027243001e-06
43150.056 1.9871175384604538e-06
43200.056 1.9411329486101513e-06
43250.056 1.8850266771500727e-06
43300.056 1.976418284860188e-06
43350.056 1.769608962459899e-06
43400.056 1.815746546949836e-06
43450.056 1.868404611270758e-06
43500.056 1.793318148929651e-06
43550.056 1.893369896570002e-06
43600.056 1.933676071690116e-06
43650.056 1.7027601533203267e-06
43700.056 1.6114243320996622e-06
43750.056 1.7273204956202e-06
43800.056 1.6214827666901966e-06
43850.056 1.6792329589804617e-06
43900.056 1.7320721199299031e-06
43950.056 1.6257677901003876e-06
44000.056 1.5296992029502649e-06
44050.056 1.5308126576001236e-06
44100.056 1.6105962098203527e-06
44150.056 1.6951549272396165e-06
44200.056 1.5810038695799884e-06
44250.056 1.5280687415300203e-06
44300.056 1.4902342656802873e-06
44350.056 1.4865851742900858e-06
44400.056 1.541226490299965e-06
44450.056 1.609797737820032e-06
44500.056 1.6420148392202701e-06
44550.056 1.4462188051296178e-06
44600.056 1.499682881950177e-06
44650.056 1.6030419039701558e-06
44700.056 1.4621365008301804e-06
44750.056 1.5657648193497815e-06
44800.056 1.603217285179927e-06
44850.056 1.5844504387000728e-06
44900.056 1.4774928853802547e-06
44950.056 1.3806564793399524e-06
45000.056 1.5421706831499035e-06
45050.056 1.5340376995397852e-06
45100.056 1.5849869663398724e-06
45150.056 1.5017736793299817e-06
45200.056 1.373248923619954e-06
45250.056 1.4224259549397653e-06
45300.056 1.505320649100112e-06
45350.056 1.5884378708298395e-06
45400.056 1.5116483274602304e-06
45450.056 1.3675571548797956e-06
45500.056 1.4019098812199415e-06
45550.056 1.5854833052798356e-06
45600.056 1.4656495491699439e-06
45650.056 1.303682295269662e-06
45700.056 1.5340481690901685e-06
45750.056 1.4198953311299163e-06
45800.056 1.396869614459959e-06
45850.056 1.6366268763000028e-06
45900.056 1.6507988611601078e-06
45950.056 1.4193915970599518e-06
46000.056 1.69262794378998e-06
46050.056 1.6533587100303459e-06
46100.056 1.3993631256301153e-06
46150.056 1.474894176599959e-06
46200.056 1.6522784278303748e-06
46250.056 1.3365878001699252e-06
46300.056 1.731111656049894e-06
46350.056 1.394187535619849e-06
46400.056 1.4831671604597955e-06
46450.056 1.4880502285803587e-06
46500.056 1.3923707341399025e-06
46550.056 1.6654557047099502e-06
46600.056 1.5236094310599457e-06
46650.056 1.926403855779944e-06
46700.056 1.7840832322304893e-06
46750.056 1.4467313662998608e-06
46800.056 1.619300605130295e-06
46850.056 1.6970472557101209e-06
46900.056 1.615026424089653e-06
46950.056 1.7751728354901498e-06
47000.056 1.580486693429952e-06
47050.056 1.727980379239687e-06
47100.056 1.475604641580127e-06
47150.056 1.6053625549303427e-06
47200.056 1.6358184766305078e-06
47250.056 1.5216344062695967e-06
47300.056 1.5843702024295526e-06
47350.056 1.3350016792496746e-06
47400.056 1.6688624450095527e-06
47450.056 1.5905417623098704e-06
47500.056 1.5978450121195697e-06
47550.056 1.5136528276997001e-06
47600.056 1.70991779190992e-06
47650.056 1.220607064899625e-06
47700.056 1.715051907300094e-06
47750.056 1.1817099355303608e-06
47800.056 1.6930019574598132e-06
47850.056 1.3029847545296038e-06
47900.056 1.7292871974701214e-06
47950.056 1.241059170230319e-06
48000.056 1.8875319146000062e-06
48050.056 1.376050175060303e-06
48100.056 1.5144880448099792e-06
48150.056 1.3834865566201968e-06
48200.056 1.7181147163403962e-06
48250.056 1.407425370099777e-06
48300.056 1.858541574829728e-06
48350.056 1.2490114980398114e-06
48400.056 1.7030197133399735e-06
48450.056 1.4102527438401265e-06
48500.056 1.8570330123500407e-06
48550.056 1.2969966106600687e-06
48600.056 1.7007226966398242e-06
48650.056 1.3069455497299727e-06
48700.056 1.6126022505700779e-06
48750.056 1.1878824820602241e-06
48800.056 1.884814936210126e-06
48850.056 1.3242849919197406e-06
48900.056 1.675733101560097e-06
48950.056 1.5565849526101309e-06
49000.056 1.5257033895698513e-06
49050.056 1.5732005851298776e-06
49100.056 1.485056675970159e-06
49150.056 1.5407657150500994e-06
49200.056 1.5514432584599515e-06
49250.056 1.5246873644300754e-06
49300.056 1.3611558635997936e-06
49350.056 1.4042573371100054e-06
49400.056 1.6961934440002174e-06
49450.056 1.433828245200361e-06
49500.056 1.5212927801601869e-06
49550.056 1.3336117106600053e-06
49600.056 1.4491345835503605e-06
49650.056 1.4910111667301801e-06
49700.056 1.2779270208098931e-06
49750.056 1.8896434966196363e-06
49800.056 1.483445216470061e-06
49850.056 1.7920623845000238e-06
49900.056 1.453254689510139e-06
49950.056 1.5657251231094727e-06
50000.056 1.4979694163396288e-06
50050.056 1.5368150994901497e-06
50100.056 1.6059252551798556e-06
50150.056 1.4143260400800099e-06
50200.056 1.286868232570145e-06
50250.056 1.4468179568301077e-06
50300.056 1.3888949995598061e-06
50350.056 1.577219414290022e-06
50400.056 1.452667599960056e-06
50450.056 1.4078675044901957e-06
50500.056 1.838362857630322e-06
50550.056 1.4854432542198764e-06
50600.056 1.5835713311001215e-06
50650.056 1.5007164446704095e-06
50700.056 1.6335998700294235e-06
50750.056 1.6146740156802213e-06
50800.056 1.2932579998599186e-06
50850.056 1.497456744530267e-06
50900.056 1.5368716053399578e-06
50950.056 1.629750351330246e-06
51000.056 1.8193117458501937e-06
51050.056 1.3893531965202602e-06
51100.056 1.3870858007698905e-06
51150.056 1.5830532294299742e-06
51200.056 1.497179336069893e-06
51250.056 1.6579580530099696e-06
51300.056 1.4176810732704937e-06
51350.056 1.5734273111597067e-06
51400.056 1.4840803311195469e-06
51450.056 1.103343590719823e-06
51500.056 1.537210317199921e-06
51550.056 1.8547105937901807e-06
51600.056 1.2623159150599968e-06
51650.056 1.5070206176397336e-06
51700.056 1.3669341924295496e-06
51750.056 1.36098839993011e-06
51800.056 1.580178593299808e-06
51850.056 1.6091219947698919e-06
51900.056 1.6653938303803017e-06
51950.056 1.5014657389398321e-06
52000.056 1.3479379495799588e-06
52050.056 1.5557799238898853e-06
52100.056 1.4841560102296505e-06
52150.056 1.4984953391402046e-06
52200.056 1.438962404520097e-06
52250.056 1.4629307962899893e-06
52300.056 1.5272352790999841e-06
52350.056 1.738571121540218e-06
52400.056 1.2884845673100867e-06
52450.056 1.4792568034799387e-06
52500.056 1.6026404209995709e-06
52550.056 1.4719423961295335e-06
52600.056 1.558471679280194e-06
52650.056 1.76472001991033e-06
52700.056 1.5079860608900335e-06
52750.056 1.2155419344598346e-06
52800.056 1.3875518929001672e-06
52850.056 1.3129986810998603e-06
52900.056 1.4602763986601626e-06
52950.056 1.446179575629706e-06
53000.056 1.6126685253998185e-06
53050.056 1.4853953808097326e-06
53100.056 1.3366738988996333e-06
53150.056 1.6674387045603615e-06
53200.056 1.1982261689402505e-06
53250.056 1.7185730951499001e-06
53300.056 1.637783370610697e-06
