galfind/configs/Brown_Dwarf_templates/sonora_bobcat/m0.0/31g/sp_t650g31nc_m0.0_resample.dat
# %ECSV 1.0
# ---
# datatype:
# - {name: wav, unit: Angstrom, datatype: float64}
# - {name: flux_nu, unit: erg / (cm2 Hz s), datatype: float64}
# meta: {C/O: '1.00', Kzz: '1.0000E+05', Teff: '650.', Y: '0.28', '[Fe/H]': '0.00', f_hole: '1.00', f_rain: '0.00', grav: '32.'}
# schema: astropy-2.0
wav flux_nu
4000.0559999999996 nan
4050.0559999999996 3.704007490837306e-15
4100.056 3.5897828917899865e-13
4150.056 2.0366016841900745e-12
4200.056 1.8004707604614246e-12
4250.056 6.836985066400282e-12
4300.056 1.0797461956200507e-11
4350.056 1.3806815204000367e-11
4400.056 1.8111011187600335e-11
4450.056 2.3456446971999965e-11
4500.056 2.5732614236000856e-11
4550.056 2.7705529665448228e-11
4600.056 2.161943815550807e-11
4650.056 1.6448493138299242e-11
4700.056 1.0793652344399986e-11
4750.056 3.4161795729999644e-12
4800.056 7.779692321299892e-13
4850.056 1.739074597029976e-13
4900.056 5.3133352607999465e-14
4950.056 1.841099538349981e-14
5000.056 5.778057953199927e-15
5050.056 2.7454705850000054e-15
5100.056 2.6555185194000185e-15
5150.056 2.8023683434000277e-15
5200.056 3.0095118410000077e-15
5250.056 3.238079840000004e-15
5300.056 3.5244706329000023e-15
5350.056 3.886259500400005e-15
5400.056 4.291424933400001e-15
5450.056 4.765045474000021e-15
5500.056 5.284228493100041e-15
5550.056 5.814579907900014e-15
5600.056 6.290587803200005e-15
5650.056 6.640424927599993e-15
5700.056 6.7190152290000046e-15
5750.056 6.533116058099999e-15
5800.056 5.804362737899986e-15
5850.056 4.031465549599939e-15
5900.056 1.2483053826786372e-15
5950.056 8.041104948800226e-15
6000.056 1.710639545579987e-14
6050.056 3.0329337638000485e-14
6100.056 4.88175176610005e-14
6150.056 7.34594883320005e-14
6200.056 1.060659160350006e-13
6250.056 1.479128569700002e-13
6300.056 2.066126238800008e-13
6350.056 2.8640220415000207e-13
6400.056 3.947282276800025e-13
6450.056 5.238499062499846e-13
6500.056 7.332520445499917e-13
6550.056 1.0421637264999981e-12
6600.056 1.5047194561500525e-12
6650.056 2.1926325809500184e-12
6700.056 2.9498659187200314e-12
6750.056 4.588566998200033e-12
6800.056 6.177374446100075e-12
6850.056 7.347611902900024e-12
6900.056 7.0930587559001724e-12
6950.056 6.3426200582398946e-12
7000.056 6.687659032700115e-12
7050.056 7.29660420059984e-12
7100.056 8.114792933699867e-12
7150.056 7.805872356183807e-12
7200.056 7.464337373702467e-12
7250.056 7.530347819148526e-12
7300.056 7.245327449805187e-12
7350.056 7.130020064810717e-12
7400.056 7.06092481750033e-12
7450.056 6.933229560900289e-12
7500.056 6.651000610799932e-12
7550.056 6.128342395499965e-12
7600.056 5.38041407849997e-12
7650.056 1.6872409568489231e-12
7700.056 1.1289187978710527e-12
7750.056 5.716746086700085e-12
7800.056 8.928492834340011e-12
7850.056 1.4415223557599959e-11
7900.056 2.0247735229999643e-11
7950.056 2.4036757876840198e-11
8000.056 3.836891310300046e-11
8050.056 5.172445568800179e-11
8100.056 6.151601092366099e-11
8150.056 7.768821097360177e-11
8200.056 1.1331806429299198e-10
8250.056 1.444466381350137e-10
8300.056 1.8991778822311035e-10
8350.056 2.296056731363121e-10
8400.056 2.901353942546831e-10
8450.056 3.8351419520998256e-10
8500.056 4.3847200103276007e-10
8550.056 5.994838943000109e-10
8600.056 7.829961600800115e-10
8650.056 9.553396456300222e-10
8700.056 1.11606673212001e-09
8750.056 1.3311590256000142e-09
8800.056 1.51421595408005e-09
8850.056 1.4991965816099474e-09
8900.056 7.958076428769201e-10
8950.056 9.029990600384753e-10
9000.056 8.700653361332986e-10
9050.056 1.8708241874447256e-09
9100.056 2.3106778227691773e-09
9150.056 2.5571027332094254e-09
9200.056 3.449808749563065e-09
9250.056 3.4961633548102764e-09
9300.056 1.3021719266490045e-09
9350.056 1.5254854493267152e-09
9400.056 2.282691697516945e-09
9450.056 2.873984029568738e-09
9500.056 2.6470689601909575e-09
9550.056 3.1051319086173904e-09
9600.056 2.9856710146152292e-09
9650.056 3.6494062569201084e-09
9700.056 4.756614419462173e-09
9750.056 4.84806505994415e-09
9800.056 5.3665383882708505e-09
9850.056 6.039408762171095e-09
9900.056 7.494924645668744e-09
9950.056 7.404729888885297e-09
10000.056 7.870906969948226e-09
10050.056 9.894292929910545e-09
10100.056 1.247051414819805e-08
10150.056 1.437324964569869e-08
10200.056 1.6554910219300836e-08
10250.056 1.91968173814214e-08
10300.056 2.318735989339825e-08
10350.056 2.635587232269992e-08
10400.056 3.304397810219991e-08
10450.056 3.7852731727493535e-08
10500.056 4.2422335080800265e-08
10550.056 4.749227290500184e-08
10600.056 5.0314392780397026e-08
10650.056 5.354599968220167e-08
10700.056 5.364160648490243e-08
10750.056 5.5791563065805484e-08
10800.056 5.514328031087345e-08
10850.056 5.040243342028794e-08
10900.056 3.582422136018903e-08
10950.056 1.8456234225999718e-08
11000.056 1.4242838460061666e-08
11050.056 9.863121642461395e-09
11100.056 6.391965513156611e-09
11150.056 3.144838119977752e-09
11200.056 2.3100859905482776e-09
11250.056 2.729768102566035e-09
11300.056 3.5955871419130715e-09
11350.056 1.4083447509024782e-09
11400.056 2.865446211433384e-09
11450.056 2.3157837336555112e-09
11500.056 1.5082387936360992e-09
11550.056 4.1249623244149635e-10
11600.056 4.778334164721301e-10
11650.056 1.2590285723823434e-09
11700.056 1.3228065067071456e-09
11750.056 2.388223362171544e-10
11800.056 1.4618101275928086e-09
11850.056 2.7292640445506365e-09
11900.056 3.280908560764102e-09
11950.056 5.225952933187033e-09
12000.056 8.297161084769618e-09
12050.056 1.2713514825364929e-08
12100.056 1.901319393569738e-08
12150.056 2.7315193371217227e-08
12200.056 3.433579749799327e-08
12250.056 4.5894743823486684e-08
12300.056 5.989568836840131e-08
12350.056 6.365849997191052e-08
12400.056 8.141097490899511e-08
12450.056 9.330607895100977e-08
12500.056 1.0216826339090527e-07
12550.056 1.1346013995200753e-07
12600.056 1.2870537575160844e-07
12650.056 1.261665047394958e-07
12700.056 1.2657199072696848e-07
12750.056 1.1443937282326725e-07
12800.056 1.0593375480124634e-07
12850.056 8.161954471843139e-08
12900.056 6.534289274344096e-08
12950.056 5.955980683405495e-08
13000.056 5.231773377472556e-08
13050.056 3.9505890510751266e-08
13100.056 3.44538264406581e-08
13150.056 2.4846205405784446e-08
13200.056 2.0557692397954103e-08
13250.056 1.4826773025977437e-08
13300.056 5.996327354424154e-09
13350.056 1.7467911759725596e-09
13400.056 1.2782794876377972e-09
13450.056 5.576375400696859e-10
13500.056 3.166328824294833e-10
13550.056 1.8558264011486883e-10
13600.056 5.574739848507374e-11
13650.056 2.2627668260966616e-10
13700.056 1.6643708216189158e-10
13750.056 1.6872894192179335e-10
13800.056 1.600200148800941e-10
13850.056 1.2026059452050968e-10
13900.056 1.4380300418991828e-10
13950.056 1.1154463778940889e-10
14000.056 1.2224141537355402e-10
14050.056 1.7701393142127395e-10
14100.056 2.0382377114909808e-10
14150.056 3.2608879142828345e-10
14200.056 2.413710413958493e-10
14250.056 3.201954770694617e-10
14300.056 5.758414609855683e-10
14350.056 6.48102924634389e-10
14400.056 7.681872585928534e-10
14450.056 9.618200546485874e-10
14500.056 1.86466041507238e-09
14550.056 2.228006013743133e-09
14600.056 2.8449283461036976e-09
14650.056 2.626633391360437e-09
14700.056 1.8339702813067791e-09
14750.056 1.8200039387838481e-09
14800.056 2.997662060718989e-09
14850.056 3.6253964671830804e-09
14900.056 3.914192482089455e-09
14950.056 4.113845620484563e-09
15000.056 6.0045472053995425e-09
15050.056 5.933788420438107e-09
15100.056 5.9862380863913276e-09
15150.056 6.452441997897157e-09
15200.056 8.051064323657562e-09
15250.056 1.2497372959540572e-08
15300.056 1.508383675819599e-08
15350.056 1.7836453268197098e-08
15400.056 2.1819653055334414e-08
15450.056 2.5788101706988065e-08
15500.056 2.8219037072546765e-08
15550.056 3.4934486500841334e-08
15600.056 3.882940641535049e-08
15650.056 4.5144534275080887e-08
15700.056 5.491876199591576e-08
15750.056 6.0484028909593e-08
15800.056 6.074999477781002e-08
15850.056 6.472350831200756e-08
15900.056 5.545658127960185e-08
15950.056 4.8458839677289274e-08
16000.056 3.379419435860545e-08
16050.056 1.8540954910078644e-08
16100.056 1.172747503490863e-08
16150.056 6.722083542055942e-09
16200.056 3.892493189840344e-09
16250.056 2.880838598814574e-09
16300.056 1.9593349484275946e-09
16350.056 2.2179616738706956e-09
16400.056 2.811046509431115e-09
16450.056 2.7252415848942697e-09
16500.056 2.650270810934271e-09
16550.056 2.7529934878409623e-09
16600.056 2.9441384218533024e-09
16650.056 2.3260636329038386e-09
16700.056 4.922389139068086e-10
16750.056 1.0289097682772158e-09
16800.056 1.89705168765663e-09
16850.056 2.267141965236664e-09
16900.056 1.4180917671649224e-09
16950.056 9.273342539160942e-10
17000.056 5.979147544930022e-10
17050.056 1.1147259720905799e-09
17100.056 1.7137594904221945e-09
17150.056 1.026505461989228e-09
17200.056 2.525511138575473e-09
17250.056 2.0053107813628542e-09
17300.056 1.2512728353981897e-09
17350.056 1.2081697879438965e-09
17400.056 1.7231764907850328e-09
17450.056 2.350697880554621e-09
17500.056 3.043847125315721e-09
17550.056 2.904637052917016e-09
17600.056 2.3029134194979495e-09
17650.056 2.3109321239081632e-09
17700.056 1.650702293089275e-09
17750.056 1.753125615969319e-09
17800.056 3.4132653725811513e-09
17850.056 2.0253634514671707e-09
17900.056 1.56115115138455e-09
17950.056 1.3417064987893112e-09
18000.056 1.819093305909804e-09
18050.056 1.936254545056809e-09
18100.056 2.3468721159218185e-09
18150.056 2.6597761126775037e-09
18200.056 1.7776623710645408e-09
18250.056 4.18485151719421e-09
18300.056 2.128092878654419e-09
18350.056 1.6326606386549933e-09
18400.056 1.5600696791420418e-09
18450.056 2.802189234831501e-09
18500.056 2.9550077429474637e-09
18550.056 2.197009775570612e-09
18600.056 2.2726366306769814e-09
18650.056 2.0597938274841338e-09
18700.056 1.3333493609710652e-09
18750.056 2.350213593123595e-09
18800.056 4.867890173738983e-09
18850.056 5.390724831324397e-09
18900.056 4.934973438252537e-09
18950.056 7.361711440998052e-09
19000.056 4.103066155397031e-09
19050.056 2.7579354813560024e-09
19100.056 4.999412535955045e-09
19150.056 3.189455720218064e-09
19200.056 4.1181353838702165e-09
19250.056 3.0841285830769085e-09
19300.056 2.5207105361757137e-09
19350.056 2.115605606275194e-09
19400.056 1.8030967587139183e-09
19450.056 3.2664154242976233e-09
19500.056 2.807507113630224e-09
19550.056 2.2107459776177946e-09
19600.056 3.955731594251035e-09
19650.056 3.795205223572503e-09
19700.056 4.0387419388381765e-09
19750.056 5.715801144090469e-09
19800.056 4.993672980991853e-09
19850.056 6.978984274035473e-09
19900.056 6.201463186758968e-09
19950.056 9.450457852882268e-09
20000.056 1.0087943562685644e-08
20050.056 9.718637085438161e-09
20100.056 1.3763957330631702e-08
20150.056 1.0127767872546546e-08
20200.056 1.0370540379345763e-08
20250.056 1.4956710309371157e-08
20300.056 1.606999284700175e-08
20350.056 1.7921351910243295e-08
20400.056 1.6693280755672463e-08
20450.056 2.2212679929422712e-08
20500.056 2.535251771885807e-08
20550.056 2.5881827877368497e-08
20600.056 2.817353832045352e-08
20650.056 3.079074501160176e-08
20700.056 3.2566885624486835e-08
20750.056 3.495308609678702e-08
20800.056 3.465131694784537e-08
20850.056 3.495498661540375e-08
20900.056 3.653820322486728e-08
20950.056 3.405984364059854e-08
21000.056 3.2218485160173226e-08
21050.056 3.239283816379344e-08
21100.056 2.9436311401944652e-08
21150.056 2.9481502642443884e-08
21200.056 2.635900481617385e-08
21250.056 2.3771256179173436e-08
21300.056 1.9059135399151378e-08
21350.056 1.915566188324829e-08
21400.056 1.7554798614304377e-08
21450.056 1.4796990284032706e-08
21500.056 1.3098458700449506e-08
21550.056 1.1526615341139556e-08
21600.056 9.445159252603294e-09
21650.056 7.475366033308323e-09
21700.056 7.2197059045222585e-09
21750.056 6.528503077289608e-09
21800.056 5.2197220757319995e-09
21850.056 4.832036440235818e-09
21900.056 3.222132922097585e-09
21950.056 1.5342631000906836e-09
22000.056 4.751195726296013e-10
22050.056 3.428975130189748e-10
22100.056 8.560917733828819e-10
22150.056 1.2185439127257637e-09
22200.056 1.3736236151927138e-09
22250.056 1.0568415055594136e-09
22300.056 7.436424360490726e-10
22350.056 8.100258432724869e-10
22400.056 4.508826756329446e-10
22450.056 4.694708015949709e-10
22500.056 3.815721717122098e-10
22550.056 2.935163211536412e-10
22600.056 2.7460662841431377e-10
22650.056 3.7691865824748666e-10
22700.056 2.97600282530876e-10
22750.056 3.1008933742111577e-10
22800.056 2.9642562492855665e-10
22850.056 2.46928973622959e-10
22900.056 1.8975384173628665e-10
22950.056 1.836665474871475e-10
23000.056 2.589769115069139e-10
23050.056 3.3840537412072417e-10
23100.056 8.868542810913455e-10
23150.056 9.854006674341325e-10
23200.056 1.2723636010682646e-10
23250.056 2.085267417903827e-10
23300.056 2.1090204247974947e-10
23350.056 2.549533063063392e-10
23400.056 2.752031078119306e-10
23450.056 2.2307474828259554e-10
23500.056 2.4043197578810333e-10
23550.056 3.5822772519651067e-10
23600.056 4.415812862898781e-10
23650.056 7.052848927460416e-10
23700.056 2.9319215061837697e-10
23750.056 2.1958177192713035e-10
23800.056 4.262811618095403e-10
23850.056 4.1490211740353534e-10
23900.056 7.320755653121124e-10
23950.056 6.87437876880194e-10
24000.056 9.170760903719642e-10
24050.056 1.240883168723453e-09
24100.056 1.1783104723269117e-09
24150.056 1.5020374822119292e-09
24200.056 1.2647900121786345e-09
24250.056 1.0438408451232521e-09
24300.056 1.4532557533042446e-09
24350.056 1.267657343720191e-09
24400.056 2.056462678378041e-09
24450.056 2.186814888244111e-09
24500.056 2.1855670493991457e-09
24550.056 2.905478686540841e-09
24600.056 2.951684572156058e-09
24650.056 4.101080720618186e-09
24700.056 2.756567345539507e-09
24750.056 3.4408058440629498e-09
24800.056 3.4713346015340867e-09
24850.056 4.948315318474031e-09
24900.056 2.9249739553271653e-09
24950.056 5.34914635649779e-09
25000.056 5.063479873402591e-09
25050.056 3.6639604656949324e-09
25100.056 5.255208462072889e-09
25150.056 3.1325934414055116e-09
25200.056 4.475339064460036e-09
25250.056 2.6092610666951733e-09
25300.056 4.0744644568056365e-09
25350.056 2.144167700916885e-09
25400.056 4.459663931587903e-09
25450.056 1.98971845469197e-09
25500.056 1.931458434862833e-09
25550.056 2.6634400539959706e-09
25600.056 1.7510157284225538e-09
25650.056 1.2192119986455672e-09
25700.056 2.196054775764949e-09
25750.056 7.948735744484219e-10
25800.056 2.4254631653327594e-09
25850.056 8.54011748200139e-10
25900.056 1.1886418973183238e-09
25950.056 5.444995929387976e-10
26000.056 2.5329766302206857e-09
26050.056 8.68134543405027e-10
26100.056 2.0930678966076784e-09
26150.056 1.3675365490016465e-09
26200.056 1.7333453749567635e-09
26250.056 4.207230334841907e-09
26300.056 2.013263881584572e-09
26350.056 5.426380308506642e-09
26400.056 5.845755176711538e-09
26450.056 6.124491585370158e-09
26500.056 7.743930102032615e-09
26550.056 2.7122892066956797e-09
26600.056 3.859442762220555e-09
26650.056 1.1972156591879798e-09
26700.056 1.0001970810251493e-09
26750.056 7.780760531031348e-10
26800.056 1.6929514593039442e-09
26850.056 9.358424915651327e-10
26900.056 2.9356188514414006e-09
26950.056 1.29210338195741e-09
27000.056 4.6095110076170505e-09
27050.056 3.868632020808898e-09
27100.056 1.6766952462321838e-09
27150.056 5.724252807300391e-09
27200.056 1.7402459064200606e-09
27250.056 3.0432926383198584e-09
27300.056 9.997390508453551e-09
27350.056 5.709946125489359e-09
27400.056 8.421928506687119e-10
27450.056 7.202909644093859e-09
27500.056 7.195968481602744e-09
27550.056 2.1738642545078187e-09
27600.056 4.653391966060726e-09
27650.056 1.777989071587889e-09
27700.056 1.3926713006505506e-09
27750.056 5.411846595606034e-09
27800.056 1.815162251392742e-09
27850.056 2.701138295349372e-09
27900.056 2.7490897663128566e-09
27950.056 6.051781943778513e-09
28000.056 4.901469187462876e-09
28050.056 1.0847113562337763e-09
28100.056 5.307519052619721e-09
28150.056 3.629540115906262e-09
28200.056 1.4951585169231583e-09
28250.056 6.206074579431096e-09
28300.056 7.131765343240647e-09
28350.056 2.095746126070861e-09
28400.056 4.672654369835076e-09
28450.056 6.725342271290041e-09
28500.056 4.855120391446239e-09
28550.056 1.553272468676236e-09
28600.056 7.761509484482846e-09
28650.056 6.061720507527708e-09
28700.056 6.159240202602476e-09
28750.056 9.507202329244135e-09
28800.056 5.924652916464545e-09
