galfind/configs/Brown_Dwarf_templates/sonora_bobcat/m0.0/31g/sp_t500g31nc_m0.0_resample.dat
# %ECSV 1.0
# ---
# datatype:
# - {name: wav, unit: Angstrom, datatype: float64}
# - {name: flux_nu, unit: erg / (cm2 Hz s), datatype: float64}
# meta: {C/O: '1.00', Kzz: '1.0000E+05', Teff: '500.', Y: '0.28', '[Fe/H]': '0.00', f_hole: '1.00', f_rain: '0.00', grav: '32.'}
# schema: astropy-2.0
wav flux_nu
[from data line 499]
28950.056 1.0363944202255614e-09
29000.056 7.218071654155947e-10
29050.056 1.054833997480761e-09
29100.056 6.154589189577037e-10
29150.056 8.02987999227021e-10
29200.056 1.052469044883408e-09
29250.056 1.682700982617814e-09
29300.056 6.846773336505406e-10
29350.056 2.0950526903371777e-09
29400.056 1.0116669624802926e-09
29450.056 9.163107737281416e-10
29500.056 1.652960737975827e-09
29550.056 8.790246905260783e-10
29600.056 1.255326880291062e-09
29650.056 2.262966377914357e-09
29700.056 8.135334556555321e-10
29750.056 1.8150395123648397e-09
29800.056 1.6699796074079898e-09
29850.056 1.995841035791391e-09
29900.056 1.4312360625258404e-09
29950.056 1.588122970256067e-09
30000.056 5.42700384003449e-11
30050.056 2.0506835967115583e-10
30100.056 5.897263069197678e-10
30150.056 1.4678954984155985e-09
30200.056 1.1547014063303545e-09
30250.056 2.501968157408803e-09
30300.056 3.223964227740036e-09
30350.056 1.3369173606080005e-09
30400.056 3.103376093117411e-09
30450.056 1.8761617329058453e-09
30500.056 1.879399030183669e-09
30550.056 1.6164610773109668e-09
30600.056 3.7613397363836506e-09
30650.056 2.2402110922797095e-09
30700.056 1.6296966300800123e-09
30750.056 2.9343286204523944e-09
30800.056 1.905672845313323e-09
30850.056 2.213214265065377e-09
30900.056 1.195033155017949e-09
30950.056 1.480218042526527e-09
31000.056 1.4307869592822577e-09
31050.056 1.23308396338076e-09
31100.056 7.768543806984941e-10
31150.056 1.3775569707241996e-09
31200.056 2.187115011573832e-09
31250.056 1.5226931026460842e-09
31300.056 9.968496822597633e-10
31350.056 1.6042120188797945e-09
31400.056 1.1534454395221894e-09
31450.056 1.1849295157197036e-09
31500.056 6.052735507085857e-10
31550.056 8.566799047903112e-10
31600.056 5.364363969967794e-10
31650.056 5.758590431319601e-10
31700.056 5.928046839540229e-10
31750.056 3.0038960535049797e-10
31800.056 5.911795827685936e-10
31850.056 1.6339224550349004e-10
31900.056 3.220707416040935e-10
31950.056 2.0106818541006552e-10
32000.056 2.0101955399650558e-10
32050.056 2.849046241974024e-10
32100.056 2.567189496492685e-10
32150.056 3.0799796269905413e-10
32200.056 1.6085243096147275e-10
32250.056 4.026089645245589e-10
32300.056 1.5604360542159984e-10
32350.056 3.6208457577051876e-10
32400.056 1.1184134294670244e-10
32450.056 3.0374175160810856e-10
32500.056 1.3477339684242502e-10
32550.056 2.2980469288317458e-10
32600.056 1.8472248111553016e-10
32650.056 6.279826615598681e-10
32700.056 2.5536253168410766e-10
32750.056 9.204625611503153e-10
32800.056 5.995329453318862e-10
32850.056 1.2502640065377649e-09
32900.056 1.1243337942359664e-09
32950.056 1.3200633077365215e-09
33000.056 6.744732020071747e-10
33050.056 9.02004742947351e-10
33100.056 2.283824626344133e-10
33150.056 5.021257367505073e-13
33200.056 6.897919914294222e-12
33250.056 5.642377281311365e-12
33300.056 2.6657778518006877e-11
33350.056 8.794165361074061e-11
33400.056 2.773733726009269e-10
33450.056 2.8986507305026104e-10
33500.056 8.655803350647468e-10
33550.056 2.558234054829933e-10
33600.056 7.055791775260983e-10
33650.056 6.406875290101363e-10
33700.056 3.575000783874069e-10
33750.056 9.430247369588243e-10
33800.056 2.0168958626357995e-10
33850.056 5.596275241060875e-10
33900.056 5.381899802562966e-10
33950.056 4.433249742225656e-10
34000.056 8.991716812914055e-10
34050.056 1.9030706779953167e-10
34100.056 8.023541347355871e-10
34150.056 4.2840307885333805e-10
34200.056 8.237238378216009e-10
34250.056 5.77568841745374e-10
34300.056 5.530677860460284e-10
34350.056 7.345900017317711e-10
34400.056 3.4226160300565517e-10
34450.056 8.202163465576907e-10
34500.056 5.410544021804933e-10
34550.056 3.0836673398034017e-10
34600.056 1.149799289219333e-09
34650.056 3.5195693796304945e-10
34700.056 9.75613352489515e-10
34750.056 6.606012740226841e-10
34800.056 6.10822745602129e-10
34850.056 1.171906307961652e-09
34900.056 6.20596503283216e-10
34950.056 1.204908608516177e-09
35000.056 2.3636177986947382e-09
35050.056 1.0047195210453375e-09
35100.056 2.0884238510578438e-09
35150.056 1.5918836787645203e-09
35200.056 1.7203200800235073e-09
35250.056 2.6921477829260477e-09
35300.056 1.454078974801879e-09
35350.056 1.6469189657780198e-09
35400.056 1.6200412220162806e-09
35450.056 1.2031450338735341e-09
35500.056 3.852762036704087e-09
35550.056 2.6942083765575094e-09
35600.056 2.4257674456029717e-09
35650.056 2.4769993714996333e-09
35700.056 2.6323683787215583e-09
35750.056 3.842738858599414e-09
35800.056 4.335112812927057e-09
35850.056 1.7742357821253933e-09
35900.056 2.4415865978084232e-09
35950.056 2.7326559876809926e-09
36000.056 3.1058150546534017e-09
36050.056 2.2615017475696865e-09
36100.056 2.2383883656754854e-09
36150.056 3.6891053650324638e-09
36200.056 4.020279820634044e-09
36250.056 3.1304839229752634e-09
36300.056 5.605011393852281e-09
36350.056 3.81079915772628e-09
36400.056 5.0784964596328966e-09
36450.056 5.907896054011385e-09
36500.056 6.7661839700592315e-09
36550.056 7.243097575903119e-09
36600.056 8.508557218596431e-09
36650.056 6.923971782519243e-09
36700.056 7.651399168269597e-09
36750.056 9.027700966884283e-09
36800.056 9.540242987699218e-09
36850.056 6.474878163840931e-09
36900.056 9.95598992591453e-09
36950.056 1.0119433252307096e-08
37000.056 7.839462139127069e-09
37050.056 1.0215080874105879e-08
37100.056 9.76439045171843e-09
37150.056 7.771365584221796e-09
37200.056 1.197611544028521e-08
37250.056 9.331223913358983e-09
37300.056 7.66852970814261e-09
37350.056 1.1038758001033327e-08
37400.056 1.6328555635522935e-08
37450.056 8.49777105828681e-09
37500.056 1.0061887204413051e-08
37550.056 1.493258837738376e-08
37600.056 1.951592422287418e-08
37650.056 8.598289544682172e-09
37700.056 1.6776811308181742e-08
37750.056 1.0791126845882457e-08
37800.056 1.140128600895984e-08
37850.056 6.33126569067767e-09
37900.056 8.745479384856458e-09
37950.056 1.458032054190597e-08
38000.056 1.5319199109845784e-08
38050.056 1.77121046779227e-08
38100.056 1.959247784343605e-08
38150.056 2.186543292721984e-08
38200.056 2.1149560019295195e-08
38250.056 2.0417667126385582e-08
38300.056 3.0085366822550696e-08
38350.056 2.9532808614831797e-08
38400.056 1.4061433674481741e-08
38450.056 1.047158104212007e-08
38500.056 6.547187854048654e-09
38550.056 1.5699060618225505e-08
38600.056 1.583388273582127e-08
38650.056 1.663992454246531e-08
38700.056 1.4157864777058994e-08
38750.056 1.6421855461054972e-08
38800.056 1.6295228062877477e-08
38850.056 1.749619599537707e-08
38900.056 2.351995817460684e-08
38950.056 1.6068526595033847e-08
39000.056 2.3282326737445443e-08
39050.056 1.6265398132377596e-08
39100.056 2.1849713985947914e-08
39150.056 2.4719814283904946e-08
39200.056 2.1196318624987186e-08
39250.056 2.9589257946839515e-08
39300.056 2.0223087106545128e-08
39350.056 3.539726672702091e-08
39400.056 2.1744931250613953e-08
39450.056 2.8791100469282234e-08
39500.056 3.0206901525131984e-08
39550.056 2.137309281539179e-08
39600.056 3.023440923632087e-08
39650.056 3.377411490596947e-08
39700.056 3.290962982876673e-08
39750.056 2.1834062727784987e-08
39800.056 2.5014257198510652e-08
39850.056 4.112883876890417e-08
39900.056 4.3798695350803684e-08
39950.056 2.6068838501562974e-08
40000.056 4.27872475718786e-08
40050.056 3.952223503227672e-08
40100.056 2.2185358211753656e-08
40150.056 4.013452422756392e-08
40200.056 4.214430485735545e-08
40250.056 4.5602780545488686e-08
40300.056 4.330176179324945e-08
40350.056 3.581268687592226e-08
40400.056 4.763058506451047e-08
40450.056 3.129867502807565e-08
40500.056 5.219403046139253e-08
40550.056 5.394433711924435e-08
40600.056 4.5387796564905745e-08
40650.056 3.5543865363926254e-08
40700.056 6.3349726966594e-08
40750.056 4.4899847665690994e-08
40800.056 3.348922049036789e-08
40850.056 7.245293519632619e-08
40900.056 6.117179421762355e-08
40950.056 5.609948212456596e-08
41000.056 5.011260888361132e-08
41050.056 7.615517107687234e-08
41100.056 6.332257539450358e-08
41150.056 3.449899850410429e-08
41200.056 7.78023577463153e-08
41250.056 5.7004078031676204e-08
41300.056 5.730476320989976e-08
41350.056 7.945354573679438e-08
41400.056 6.979254234780794e-08
41450.056 8.590269265498069e-08
41500.056 6.164055516011608e-08
41550.056 5.910951214351174e-08
41600.056 6.421323720078698e-08
41650.056 7.724700541219988e-08
41700.056 8.029047834996525e-08
41750.056 7.352571471548462e-08
41800.056 8.279394524992252e-08
41850.056 6.983923185999693e-08
41900.056 7.018143903917395e-08
41950.056 6.882797598201359e-08
42000.056 5.4676422007312715e-08
42050.056 5.749691745892837e-08
42100.056 7.139879751120411e-08
42150.056 6.394202720944121e-08
42200.056 6.606039828760063e-08
42250.056 5.9290722246699916e-08
42300.056 6.150712328808402e-08
42350.056 8.326273136940876e-08
42400.056 8.715350965001976e-08
42450.056 8.049905879403526e-08
42500.056 7.482360059278501e-08
42550.056 6.802510964097662e-08
42600.056 7.579515000765703e-08
42650.056 1.1129486503994891e-07
42700.056 7.074483995713732e-08
42750.056 8.10866371684054e-08
42800.056 1.0540616604502073e-07
42850.056 1.0935317561196407e-07
42900.056 1.1675661811303656e-07
42950.056 9.461628845198029e-08
43000.056 1.046182297398304e-07
43050.056 6.352181623711336e-08
43100.056 8.766954384797816e-08
43150.056 7.67826031338124e-08
43200.056 1.1296923214100506e-07
43250.056 1.3804087288400675e-07
43300.056 1.3446481536399195e-07
43350.056 8.106921551497758e-08
43400.056 1.060669969059974e-07
43450.056 7.810547239220956e-08
43500.056 7.461940373091564e-08
43550.056 8.287621073260368e-08
43600.056 1.255366466486169e-07
43650.056 8.89799362519053e-08
43700.056 1.3625215838603517e-07
43750.056 1.1963451626999923e-07
43800.056 1.127040756108857e-07
43850.056 9.626555972100425e-08
43900.056 9.28056351594109e-08
43950.056 6.082574143599641e-08
44000.056 6.094474486369364e-08
44050.056 1.3198268286200355e-07
44100.056 1.6745198109799665e-07
44150.056 1.4883651270240006e-07
44200.056 1.3040163198849652e-07
44250.056 8.205799468050273e-08
44300.056 6.918860703611259e-08
44350.056 7.959671905714184e-08
44400.056 7.425990247479077e-08
44450.056 1.1649531182298179e-07
44500.056 1.1297514265142647e-07
44550.056 1.559873414449824e-07
44600.056 1.328999237751023e-07
44650.056 1.1851525095322399e-07
44700.056 8.123807200100158e-08
44750.056 1.2539177404703075e-07
44800.056 9.110512813361097e-08
44850.056 1.1867483920411406e-07
44900.056 1.0161004296880712e-07
44950.056 1.2240609394340816e-07
45000.056 1.3377694874900325e-07
45050.056 1.2419590930998579e-07
45100.056 1.135394641283974e-07
45150.056 1.1171366308184247e-07
45200.056 8.958135800620347e-08
45250.056 1.0132689731326293e-07
45300.056 8.687478747491796e-08
45350.056 8.227488292462372e-08
45400.056 1.7243922499501992e-07
45450.056 1.3951548014201017e-07
45500.056 1.6258191133120935e-07
45550.056 1.707026115329365e-07
45600.056 1.5966460921403695e-07
45650.056 1.271989927160996e-07
45700.056 9.10195249669977e-08
45750.056 8.840899427110226e-08
45800.056 1.8172060844199476e-07
45850.056 1.5477315845199038e-07
45900.056 1.817844073999868e-07
45950.056 1.5259641077899752e-07
46000.056 1.700176158145126e-07
46050.056 1.3122884950561114e-07
46100.056 1.9250730634997484e-07
46150.056 1.2511868448351138e-07
46200.056 1.1110561989038919e-07
46250.056 5.498498377671979e-08
46300.056 1.2983014476960157e-07
46350.056 1.341168903020195e-07
46400.056 1.160392143470019e-07
46450.056 1.0881800523351906e-07
46500.056 1.2883042974893292e-07
46550.056 7.632044628890478e-08
46600.056 1.1037396338974696e-07
46650.056 1.6333979572100832e-07
46700.056 1.0775770221797118e-07
46750.056 6.66821106996678e-08
46800.056 4.578646775126525e-08
46850.056 1.6444762721403124e-07
46900.056 1.478211096459939e-07
46950.056 1.46856889991989e-07
47000.056 1.4368821355102856e-07
47050.056 1.1140096509403382e-07
47100.056 7.820094767283242e-08
47150.056 1.1175849765601627e-07
47200.056 1.326868907919963e-07
47250.056 8.626420228659237e-08
47300.056 5.8530257777363145e-08
47350.056 1.6042858058399062e-07
47400.056 1.3230479655598916e-07
47450.056 1.2500379938624105e-07
47500.056 1.595365963885802e-07
47550.056 1.3864644082101164e-07
47600.056 1.3415797670499743e-07
47650.056 1.3315698998335985e-07
47700.056 1.1058578441278482e-07
47750.056 8.311365302070498e-08
47800.056 7.537522605600771e-08
47850.056 4.380706635997874e-08
47900.056 6.447994208564887e-08
47950.056 1.1678457805281276e-07
48000.056 1.643608185800274e-07
48050.056 1.4283418272780538e-07
48100.056 6.63062489298088e-08
48150.056 1.1354849950400337e-07
48200.056 8.235579593460088e-08
48250.056 9.449635220900298e-08
48300.056 1.4948081897997047e-07
48350.056 9.131852206000122e-08
48400.056 3.3937865117461006e-08
48450.056 6.811469260280036e-08
48500.056 1.0189576359397671e-07
48550.056 1.0015000572100838e-07
48600.056 1.1609089342399896e-07
48650.056 1.4041826903998173e-07
48700.056 1.0054580516370684e-07
48750.056 6.904924982623717e-08
48800.056 1.3846076740899702e-07
48850.056 7.850352804568621e-08
48900.056 1.1421101471718597e-07
48950.056 6.615547648900553e-08
49000.056 3.3833358473457904e-08
49050.056 9.519696190858735e-08
49100.056 1.1921542018162394e-07
49150.056 8.904753064888615e-08
49200.056 1.3876075615102917e-07
49250.056 1.336134056590181e-07
49300.056 1.147098078955997e-07
49350.056 5.068741368943041e-08
49400.056 7.311432893458104e-08
49450.056 7.602066281472388e-08
49500.056 5.859867588229429e-08
49550.056 1.7471791788321714e-08
49600.056 4.354101063322972e-08
49650.056 8.112856340399929e-08
49700.056 8.263985655776856e-08
49750.056 8.901194805119326e-08
49800.056 6.258512525810487e-08
49850.056 1.1723168117422944e-07
49900.056 9.146719410298629e-08
49950.056 9.29921042322046e-08
50000.056 7.576499346947765e-08
50050.056 9.23086587130023e-08
50100.056 7.235118831829898e-08
50150.056 3.960641634989155e-08
50200.056 9.600769832041555e-09
50250.056 4.970108685299496e-08
50300.056 3.3054189927415094e-08
50350.056 8.759362349411105e-08
50400.056 8.25440881779897e-08
50450.056 6.513083284440533e-08
50500.056 9.350875025751059e-08
50550.056 8.12682755060087e-08
50600.056 6.179076698968333e-08
50650.056 9.917073112501773e-08
50700.056 9.960381999996729e-08
50750.056 6.832964257360878e-08
50800.056 2.8599397926194874e-08
50850.056 1.8516219647128982e-08
50900.056 8.069091358500039e-08
50950.056 6.411543363000112e-08
51000.056 5.823206177769416e-08
51050.056 7.589705736899225e-08
51100.056 3.2019533387493385e-08
51150.056 4.0943908882680934e-08
51200.056 9.91339131599969e-08
51250.056 6.437496896736856e-08
51300.056 4.8930035474824386e-08
51350.056 4.755300673743441e-08
51400.056 1.9583772494841672e-08
51450.056 1.54780752449318e-08
51500.056 1.5768091674789087e-08
51550.056 5.3872679115446364e-08
51600.056 3.991824133271235e-08
51650.056 4.8011198255990234e-08
51700.056 5.235329712925626e-08
51750.056 3.529683503725795e-08
51800.056 5.92134574329916e-08
51850.056 5.017070581349489e-08
51900.056 6.871674931999365e-08
51950.056 4.292431931309439e-08
52000.056 6.389424707747643e-09
52050.056 2.580451600160378e-08
52100.056 1.6648871842698337e-08
52150.056 1.0582830296950466e-08
52200.056 2.3109550178900077e-08
52250.056 3.3057706854411805e-08
52300.056 4.710567442959703e-08
52350.056 2.0860385053424545e-08
52400.056 1.9031378645951695e-08
52450.056 5.593596578600453e-08
52500.056 4.4166347303057716e-08
52550.056 4.705992921779457e-08
52600.056 3.582389339599888e-08
52650.056 4.256387062050447e-08
52700.056 3.28576264999988e-08
52750.056 1.522391980803727e-08
52800.056 2.5218937451503152e-08
52850.056 2.813196306359175e-08
52900.056 1.571417890913387e-08
52950.056 2.2508464625462186e-08
53000.056 3.517114285260944e-08
53050.056 1.4772017140735952e-08
53100.056 3.671371797069094e-08
53150.056 4.137497837680241e-08
53200.056 1.9767007536218727e-08
53250.056 3.998331586430356e-08
53300.056 4.868930767704572e-08
53350.056 3.703081916754196e-08
53400.056 2.557780905299268e-08
53450.056 1.092642507994651e-08
53500.056 2.506432607158251e-09
53550.056 6.6275286692719155e-09
