galfind/configs/Brown_Dwarf_templates/sonora_bobcat/m0.0/31g/sp_t375g31nc_m0.0_resample.dat
# %ECSV 1.0
# ---
# datatype:
# - {name: wav, unit: Angstrom, datatype: float64}
# - {name: flux_nu, unit: erg / (cm2 Hz s), datatype: float64}
# meta: {C/O: '1.00', Kzz: '1.0000E+05', Teff: '375.', Y: '0.28', '[Fe/H]': '0.00', f_hole: '1.00', f_rain: '0.00', grav: '32.'}
# schema: astropy-2.0
wav flux_nu
[from data line 499]
28950.056 5.950709216444645e-11
29000.056 3.528235216502242e-11
29050.056 5.854823384615675e-11
29100.056 2.9079006686021636e-11
29150.056 3.3673019781405106e-11
29200.056 8.854173090356967e-11
29250.056 9.696495805433187e-11
29300.056 4.6084466125466384e-11
29350.056 1.2655094931450474e-10
29400.056 6.495855746110952e-11
29450.056 3.4968598171232256e-11
29500.056 1.30664077241377e-10
29550.056 4.478055605671147e-11
29600.056 5.897296291265712e-11
29650.056 1.8014937967343863e-10
29700.056 3.943873622082799e-11
29750.056 1.33504703321504e-10
29800.056 9.280636753803614e-11
29850.056 1.4712754681177004e-10
29900.056 7.334863744450721e-11
29950.056 1.015965653425494e-10
30000.056 1.511185494486833e-12
30050.056 1.0248224934721513e-11
30100.056 4.551616591219966e-11
30150.056 1.498184467177941e-10
30200.056 9.682015225472746e-11
30250.056 1.874449652228753e-10
30300.056 2.8540610569116484e-10
30350.056 6.646292986669069e-11
30400.056 2.4625051865718197e-10
30450.056 1.8332710961790046e-10
30500.056 1.155158104868864e-10
30550.056 9.816802092573934e-11
30600.056 5.527973159904703e-10
30650.056 2.598802045159435e-10
30700.056 1.399398489142325e-10
30750.056 3.157958107598463e-10
30800.056 2.38904992121836e-10
30850.056 2.8506035543417405e-10
30900.056 1.2990771210768345e-10
30950.056 1.3615676009334293e-10
31000.056 1.684558016146578e-10
31050.056 9.970772179211456e-11
31100.056 6.5643565536468e-11
31150.056 1.2608490390579871e-10
31200.056 3.4897510849111157e-10
31250.056 2.1073718044111638e-10
31300.056 1.176326595234999e-10
31350.056 2.8278838933385923e-10
31400.056 1.937401880921475e-10
31450.056 1.8941759689100978e-10
31500.056 7.183349163598406e-11
31550.056 1.2035435637427274e-10
31600.056 8.282677667340028e-11
31650.056 7.782469196826858e-11
31700.056 6.880568659075059e-11
31750.056 3.5442685357312635e-11
31800.056 6.702275523434133e-11
31850.056 1.16899220614215e-11
31900.056 2.8371570804466708e-11
31950.056 1.9046980619793363e-11
32000.056 1.2081763026494354e-11
32050.056 2.178330446329601e-11
32100.056 1.9318887277434983e-11
32150.056 1.9062686414819293e-11
32200.056 8.509385874715219e-12
32250.056 2.3269261718022212e-11
32300.056 6.523489690692817e-12
32350.056 2.1390608051953688e-11
32400.056 3.0144231136888857e-12
32450.056 1.4807012838635444e-11
32500.056 3.3255284144201578e-12
32550.056 1.08492530469373e-11
32600.056 3.4843949459503724e-12
32650.056 3.445135579423089e-11
32700.056 5.50879665139056e-12
32750.056 7.061439992327875e-11
32800.056 3.15004744737445e-11
32850.056 1.3696589479008587e-10
32900.056 1.083190356877277e-10
32950.056 1.2087323959070966e-10
33000.056 3.475310415571767e-11
33050.056 4.7998895709339355e-11
33100.056 8.81527435854807e-12
33150.056 1.6135790868350562e-15
33200.056 2.1972093681126272e-13
33250.056 3.006374738019735e-13
33300.056 3.3283535112772906e-12
33350.056 1.0030827580330719e-11
33400.056 4.408325294167384e-11
33450.056 2.4355321907618066e-11
33500.056 9.37121641545481e-11
33550.056 1.62442350860522e-11
33600.056 5.116865523934916e-11
33650.056 4.4968878130190563e-11
33700.056 1.4483120126506548e-11
33750.056 6.978773564693907e-11
33800.056 5.688499985871115e-12
33850.056 3.343545605345611e-11
33900.056 3.732728194765333e-11
33950.056 2.8669876890698648e-11
34000.056 7.266603034402183e-11
34050.056 1.0312004593818972e-11
34100.056 6.828829890243242e-11
34150.056 2.8841725826025185e-11
34200.056 8.429637965477639e-11
34250.056 4.3970695531451645e-11
34300.056 5.036375587668612e-11
34350.056 1.0745833882805637e-10
34400.056 2.992152317445757e-11
34450.056 9.916655165234239e-11
34500.056 4.6597184179570044e-11
34550.056 3.572016623833594e-11
34600.056 1.7492991279358256e-10
34650.056 2.5327237302908266e-11
34700.056 1.215139435211505e-10
34750.056 7.354737300829738e-11
34800.056 7.377185564770615e-11
34850.056 2.0528006212105903e-10
34900.056 4.551827234234256e-11
34950.056 1.8827390074115485e-10
35000.056 3.440731523174547e-10
35050.056 1.711103128226779e-10
35100.056 3.723634965994284e-10
35150.056 2.7858339658737413e-10
35200.056 2.62102391466577e-10
35250.056 4.5898366268769693e-10
35300.056 1.9559315396769417e-10
35350.056 2.2347594120674502e-10
35400.056 1.6570436346876426e-10
35450.056 1.6096377405142783e-10
35500.056 5.810814735483405e-10
35550.056 3.2240310532075125e-10
35600.056 3.8859939013436453e-10
35650.056 4.4574016556294336e-10
35700.056 4.972525234135089e-10
35750.056 6.199675361506104e-10
35800.056 5.506988068719417e-10
35850.056 1.9535187778896466e-10
35900.056 2.535924351196093e-10
35950.056 3.2727460835943006e-10
36000.056 4.5547426796441406e-10
36050.056 2.969797907262843e-10
36100.056 2.7660112006645345e-10
36150.056 6.91080226781673e-10
36200.056 7.042020852106966e-10
36250.056 4.793416530388522e-10
36300.056 1.1735917284564073e-09
36350.056 6.14617565933472e-10
36400.056 1.0538631195023642e-09
36450.056 1.0951245557711027e-09
36500.056 1.1607424169847415e-09
36550.056 1.6546289237250109e-09
36600.056 1.6811121878262182e-09
36650.056 1.2056663697352983e-09
36700.056 1.434323145504776e-09
36750.056 1.761820340601978e-09
36800.056 2.050764179258672e-09
36850.056 9.672819899734853e-10
36900.056 1.862467410671872e-09
36950.056 2.0717932360981505e-09
37000.056 1.3886234100794968e-09
37050.056 2.231862015378882e-09
37100.056 1.541362471178838e-09
37150.056 1.390276156017346e-09
37200.056 2.7174764632051176e-09
37250.056 1.6626799392926808e-09
37300.056 1.1376191126799235e-09
37350.056 2.1122439467630803e-09
37400.056 3.221714352213605e-09
37450.056 1.2602102850127167e-09
37500.056 1.920265122020539e-09
37550.056 3.3028319696809036e-09
37600.056 5.1695007835161795e-09
37650.056 1.544745929137825e-09
37700.056 3.213506298963369e-09
37750.056 2.134578982589784e-09
37800.056 2.0489634819137826e-09
37850.056 9.948251675526294e-10
37900.056 1.431780007843517e-09
37950.056 2.990994119025589e-09
38000.056 2.9027253947512765e-09
38050.056 4.297377056470707e-09
38100.056 4.873100898355193e-09
38150.056 5.597418306476978e-09
38200.056 4.586661627011629e-09
38250.056 5.258324521120168e-09
38300.056 7.805460117142968e-09
38350.056 7.246912260807713e-09
38400.056 2.7244356782062853e-09
38450.056 1.2234955092305475e-09
38500.056 7.800989778301903e-10
38550.056 3.0384101272715675e-09
38600.056 3.0727741858298845e-09
38650.056 3.662222050616489e-09
38700.056 2.237434535847584e-09
38750.056 3.113683562199955e-09
38800.056 3.2113908275397363e-09
38850.056 3.7597502032219024e-09
38900.056 4.796486915885483e-09
38950.056 2.8961715926286627e-09
39000.056 5.5369007152707864e-09
39050.056 2.7474299678978793e-09
39100.056 4.5697544414776285e-09
39150.056 6.157817430692249e-09
39200.056 4.237153012585339e-09
39250.056 7.382000552588628e-09
39300.056 4.237594189403994e-09
39350.056 9.055885462445557e-09
39400.056 4.4311399628958475e-09
39450.056 7.020469642138785e-09
39500.056 6.9948317055232e-09
39550.056 3.4301024977340565e-09
39600.056 7.062832183264396e-09
39650.056 8.055859171492733e-09
39700.056 8.157982629313592e-09
39750.056 4.20212505564485e-09
39800.056 4.6759368663665275e-09
39850.056 9.998936525982094e-09
39900.056 1.2075032480980811e-08
39950.056 4.86763680974546e-09
40000.056 9.312230042875939e-09
40050.056 1.0063093462999232e-08
40100.056 3.8576003648292735e-09
40150.056 9.596685116434815e-09
40200.056 1.0103700390936548e-08
40250.056 1.1541434751806496e-08
40300.056 1.1134370261538176e-08
40350.056 7.111577453322751e-09
40400.056 9.993463854630954e-09
40450.056 5.159261795853892e-09
40500.056 1.2860040722961068e-08
40550.056 1.4254203354391767e-08
40600.056 1.0140844346310669e-08
40650.056 7.652428008016825e-09
40700.056 1.5999226643575765e-08
40750.056 1.0388490894676492e-08
40800.056 6.752933812768422e-09
40850.056 1.994849674290625e-08
40900.056 1.592192954717104e-08
40950.056 1.4560611366521384e-08
41000.056 1.0894563171795097e-08
41050.056 2.0853212597172084e-08
41100.056 1.6798109233432454e-08
41150.056 6.723015708646029e-09
41200.056 2.175556602533322e-08
41250.056 1.4821612213512428e-08
41300.056 1.571127826742575e-08
41350.056 2.1729803886096618e-08
41400.056 1.8191489509199704e-08
41450.056 2.6170232791291936e-08
41500.056 1.6778303412976734e-08
41550.056 1.4909432415428477e-08
41600.056 1.5322592032718127e-08
41650.056 2.1797490595601597e-08
41700.056 2.732609443068992e-08
41750.056 2.142881907989494e-08
41800.056 2.1375123234255605e-08
41850.056 2.1230079459004266e-08
41900.056 1.8390394647162213e-08
41950.056 1.761476443400128e-08
42000.056 9.950107638736634e-09
42050.056 1.3477469594933186e-08
42100.056 1.3798562624438746e-08
42150.056 1.6348506018968626e-08
42200.056 1.9592151233230475e-08
42250.056 1.4864159465207825e-08
42300.056 1.4624535025643568e-08
42350.056 2.359345873850088e-08
42400.056 2.7880828847204774e-08
42450.056 2.6884458868709074e-08
42500.056 2.594244073469455e-08
42550.056 2.2241598191192468e-08
42600.056 2.3159577035792765e-08
42650.056 3.7165500513883794e-08
42700.056 1.7957580642289122e-08
42750.056 2.7861796361504503e-08
42800.056 4.135521488910785e-08
42850.056 4.012173323158788e-08
42900.056 4.145687093761031e-08
42950.056 3.449189534579488e-08
43000.056 3.878585869740917e-08
43050.056 2.058105972744246e-08
43100.056 3.098835289689519e-08
43150.056 2.5126180998554318e-08
43200.056 4.2539176176004134e-08
43250.056 5.1085717336999904e-08
43300.056 4.990954290159651e-08
43350.056 2.8456214214790634e-08
43400.056 4.045242001750196e-08
43450.056 2.546978117850117e-08
43500.056 2.4286482087406006e-08
43550.056 2.793660591908611e-08
43600.056 4.7095618964406896e-08
43650.056 3.0938649128551134e-08
43700.056 5.358973827101568e-08
43750.056 4.814843999279417e-08
43800.056 4.390691595949343e-08
43850.056 3.780174973890109e-08
43900.056 3.0978697996727646e-08
43950.056 1.9043337257198248e-08
44000.056 2.0547133770097568e-08
44050.056 5.306708126199975e-08
44100.056 6.63090553459963e-08
44150.056 5.926316316706073e-08
44200.056 5.398876228399997e-08
44250.056 2.8598388271898056e-08
44300.056 2.4031777283503792e-08
44350.056 2.6271799560238835e-08
44400.056 2.3481884786696422e-08
44450.056 4.362894185629947e-08
44500.056 4.15074885808074e-08
44550.056 5.9115135395995464e-08
44600.056 5.0335072531547734e-08
44650.056 4.232836646540711e-08
44700.056 2.8703144174199005e-08
44750.056 4.972768897321171e-08
44800.056 3.081143974223511e-08
44850.056 4.032823821253418e-08
44900.056 3.808766441870295e-08
44950.056 4.681065999680591e-08
45000.056 5.568069031100297e-08
45050.056 4.797321387179226e-08
45100.056 4.249462761659853e-08
45150.056 3.7622692562070755e-08
45200.056 3.021009140240182e-08
45250.056 3.58658766514884e-08
45300.056 3.26991247669056e-08
45350.056 2.5117823187129222e-08
45400.056 7.187877782001008e-08
45450.056 5.419456047200556e-08
45500.056 7.114297113660489e-08
45550.056 7.185458445147477e-08
45600.056 6.072830699801403e-08
45650.056 4.924118964440089e-08
45700.056 3.217254178217717e-08
45750.056 3.096773400739214e-08
45800.056 7.507681229960087e-08
45850.056 5.5474355183096556e-08
45900.056 7.521626324599189e-08
45950.056 6.709325947699951e-08
46000.056 6.964082165250715e-08
46050.056 5.0882462258406347e-08
46100.056 8.666402484299068e-08
46150.056 4.982317292560472e-08
46200.056 4.170843179899299e-08
46250.056 1.685091847300072e-08
46300.056 4.9580070015799924e-08
46350.056 5.201946228960848e-08
46400.056 4.5815437613000094e-08
46450.056 4.33980821294741e-08
46500.056 5.066240893821154e-08
46550.056 2.5220180220901787e-08
46600.056 3.91895622932345e-08
46650.056 6.091784872910463e-08
46700.056 3.9347852503588465e-08
46750.056 1.9531975968723654e-08
46800.056 1.2350544832580617e-08
46850.056 5.8918264065510306e-08
46900.056 5.944150134379852e-08
46950.056 6.0647491911995e-08
47000.056 5.8832725787210143e-08
47050.056 4.066093226382806e-08
47100.056 2.8761034835634666e-08
47150.056 4.679603683250575e-08
47200.056 5.200460169719595e-08
47250.056 2.89616129856969e-08
47300.056 1.868753757126698e-08
47350.056 6.18589221010013e-08
47400.056 5.325762825499426e-08
47450.056 4.2044002692155524e-08
47500.056 6.473065421259515e-08
47550.056 5.669682922180538e-08
47600.056 5.126268124994675e-08
47650.056 5.4432275022510436e-08
47700.056 4.122014706843843e-08
47750.056 3.067097389170185e-08
47800.056 2.4683296639703672e-08
47850.056 1.15087175179227e-08
47900.056 1.916908617973798e-08
47950.056 4.576199338760366e-08
48000.056 6.421419255300487e-08
48050.056 5.254612914240292e-08
48100.056 2.1660142005143243e-08
48150.056 4.236827549860128e-08
48200.056 2.6174835589419343e-08
48250.056 3.3260784937498256e-08
48300.056 6.14301063969929e-08
48350.056 3.473950060809656e-08
48400.056 8.499050750087553e-09
48450.056 1.7961713595086796e-08
48500.056 3.1104008110392164e-08
48550.056 3.376890338330316e-08
48600.056 4.7525999406997546e-08
48650.056 6.117662902199232e-08
48700.056 3.939996309870648e-08
48750.056 2.881675357731173e-08
48800.056 5.4036990415000655e-08
48850.056 2.758960904776527e-08
48900.056 3.47968005200759e-08
48950.056 1.806386633550037e-08
49000.056 9.240395216788265e-09
49050.056 3.233911565619557e-08
49100.056 4.4076460506858644e-08
49150.056 3.235169775378598e-08
49200.056 5.460508084601102e-08
49250.056 5.4834060701003275e-08
49300.056 4.547797535579984e-08
49350.056 1.6268631096521872e-08
49400.056 2.506538154559226e-08
49450.056 2.3871377235771522e-08
49500.056 1.773671601746764e-08
49550.056 3.4514118959631406e-09
49600.056 1.0558129621928142e-08
49650.056 2.847261206810234e-08
49700.056 3.154703346828785e-08
49750.056 2.9388327135550474e-08
49800.056 1.8110976482014324e-08
49850.056 4.2514056879808276e-08
49900.056 3.4879133898795875e-08
49950.056 3.579654722560142e-08
50000.056 2.461462369691738e-08
50050.056 3.083700547810116e-08
50100.056 2.4244779450598184e-08
50150.056 1.063803803654761e-08
50200.056 1.6045610577017445e-09
50250.056 1.1490820870699576e-08
50300.056 7.2244510975863595e-09
50350.056 2.8603206063204792e-08
50400.056 3.039706064719478e-08
50450.056 2.4311231551062754e-08
50500.056 3.787062537246221e-08
50550.056 3.177987455550329e-08
50600.056 2.3005842364693973e-08
50650.056 4.048176875500612e-08
50700.056 3.780806173699204e-08
50750.056 2.334920872530203e-08
50800.056 7.137058959734434e-09
50850.056 3.469278988971795e-09
50900.056 2.42997565522015e-08
50950.056 2.202483773219797e-08
51000.056 1.7256419128087515e-08
51050.056 2.8200641461596187e-08
51100.056 9.812383977951245e-09
51150.056 1.0513085978003427e-08
51200.056 3.4548764859999716e-08
51250.056 2.4345102695346307e-08
51300.056 1.6550185826657274e-08
51350.056 1.4312215435375881e-08
51400.056 4.061076926991676e-09
51450.056 3.276438704090762e-09
51500.056 3.31899067026948e-09
51550.056 1.4399823427082717e-08
51600.056 1.269576311610398e-08
51650.056 1.7687501126998653e-08
51700.056 1.7976357347814184e-08
51750.056 1.1321434856932715e-08
51800.056 2.207439939699716e-08
51850.056 1.7728494681098422e-08
51900.056 2.0538415354698096e-08
51950.056 1.0785865288598763e-08
52000.056 9.358212950196276e-10
52050.056 5.600200818050799e-09
52100.056 3.0100613116694677e-09
52150.056 1.5777063993981939e-09
52200.056 6.010554207859891e-09
52250.056 9.779348832133047e-09
52300.056 1.2373161240499197e-08
52350.056 3.636124793702417e-09
52400.056 3.970708587275072e-09
52450.056 1.672834157300132e-08
52500.056 1.1804625871960718e-08
52550.056 1.519364697619897e-08
52600.056 1.172695183655937e-08
52650.056 1.4216832667500958e-08
52700.056 9.915137734349308e-09
52750.056 3.141078405509013e-09
52800.056 6.5732567406011085e-09
52850.056 7.592684579358043e-09
52900.056 2.700987290185189e-09
52950.056 4.976552146014694e-09
53000.056 9.474511349402246e-09
53050.056 3.3303867447569363e-09
53100.056 1.2198340153698324e-08
53150.056 1.23745752694847e-08
53200.056 5.989025059408487e-09
53250.056 1.1097480807516863e-08
53300.056 1.3911277452710786e-08
53350.056 1.0312398201096876e-08
53400.056 6.319790655497893e-09
53450.056 1.979284612189238e-09
53500.056 2.6998019347340067e-10
53550.056 8.298478733250294e-10
