galfind/configs/Brown_Dwarf_templates/sonora_bobcat/m0.0/31g/sp_t2400g31nc_m0.0_resample.dat
# %ECSV 1.0
# ---
# datatype:
# - {name: wav, unit: Angstrom, datatype: float64}
# - {name: flux_nu, unit: erg / (cm2 Hz s), datatype: float64}
# meta: {C/O: '1.00', Kzz: '1.0000E+05', Teff: '2401.', Y: '0.28', '[Fe/H]': '0.00', f_hole: '1.00', f_rain: '0.00', grav: '32.'}
# schema: astropy-2.0
wav flux_nu
4000.0559999999996 nan
4050.0559999999996 3.539009724158672e-08
4100.056 3.376122948092249e-08
4150.056 2.8502623494862098e-08
4200.056 2.2546020957007932e-08
4250.056 2.02734196946548e-08
4300.056 1.4087337778054312e-08
4350.056 1.4628570313839716e-08
4400.056 1.4135521217944164e-08
4450.056 7.976095196730647e-09
4500.056 8.870122474801215e-09
4550.056 1.111864909425641e-08
4600.056 8.749644782617933e-09
4650.056 6.4190710519108134e-09
4700.056 7.948163621992165e-09
4750.056 1.0295820865827811e-08
4800.056 6.710032172171515e-09
4850.056 8.752891858883855e-09
4900.056 1.9072259837056693e-08
4950.056 2.2888075019900206e-08
5000.056 1.0606482692470928e-08
5050.056 1.4771499224416809e-08
5100.056 3.5696554953405603e-08
5150.056 4.148451124369975e-08
5200.056 1.868216959547259e-08
5250.056 2.4871619597596753e-08
5300.056 3.038695935680198e-08
5350.056 2.7346394706704753e-08
5400.056 3.0541212757898774e-08
5450.056 2.3184786284385168e-08
5500.056 1.8080303316496062e-08
5550.056 2.6737739267298274e-08
5600.056 1.664976531440069e-08
5650.056 1.1987481393002604e-08
5700.056 1.8471351300203058e-08
5750.056 2.3339746629896972e-08
5800.056 3.242248821769873e-08
5850.056 2.3019739363803275e-08
5900.056 6.136454705040401e-09
5950.056 1.1289037580000968e-08
6000.056 1.9564287394398288e-08
6050.056 3.529836851040504e-08
6100.056 5.231646010199881e-08
6150.056 4.985812683748507e-08
6200.056 1.522808020180255e-08
6250.056 1.5419757602903405e-08
6300.056 2.7454507670401205e-08
6350.056 4.286550586300426e-08
6400.056 5.963447075940666e-08
6450.056 8.527995624266469e-08
6500.056 8.212796572697063e-08
6550.056 1.0923185212696725e-07
6600.056 7.935861108301237e-08
6650.056 5.193534417810976e-08
6700.056 3.6955054974894e-08
6750.056 4.270945754020971e-08
6800.056 5.0275539698200254e-08
6850.056 7.291646519999455e-08
6900.056 1.1581990738899172e-07
6950.056 1.7493477406696878e-07
7000.056 2.9030647170196677e-07
7050.056 2.646407334414447e-07
7100.056 1.137811034257855e-07
7150.056 5.984519670202116e-08
7200.056 1.0205953277198783e-07
7250.056 1.7508207060402856e-07
7300.056 3.4272439743408544e-07
7350.056 5.614322198129686e-07
7400.056 8.214547605700216e-07
7450.056 9.91516962989968e-07
7500.056 1.1486057923500416e-06
7550.056 1.277322897720047e-06
7600.056 8.403181273489726e-07
7650.056 3.8740191976777355e-07
7700.056 2.5974993353958365e-07
7750.056 3.9899036290314056e-07
7800.056 4.5757001616915184e-07
7850.056 4.86513202000979e-07
7900.056 5.989601786850905e-07
7950.056 6.679125866020761e-07
8000.056 8.252940651598717e-07
8050.056 1.1840486671398664e-06
8100.056 1.6013647083803332e-06
8150.056 2.10740196419009e-06
8200.056 1.6683800122437345e-06
8250.056 1.7205593979298991e-06
8300.056 1.3773681343203419e-06
8350.056 1.445463480510459e-06
8400.056 1.458692943450303e-06
8450.056 7.800686847698399e-07
8500.056 6.88736312830361e-07
8550.056 9.103703465200062e-07
8600.056 1.17063387421963e-06
8650.056 1.5653653171698347e-06
8700.056 1.9074852040302413e-06
8750.056 2.3149659862300083e-06
8800.056 2.839126648100678e-06
8850.056 2.617816606120154e-06
8900.056 1.8526734951599475e-06
8950.056 2.018879099769824e-06
9000.056 2.4140405346702626e-06
9050.056 2.6298661386492827e-06
9100.056 3.1658879977302746e-06
9150.056 3.566775913899969e-06
9200.056 3.418849519870667e-06
9250.056 2.432383099699698e-06
9300.056 2.124505075680125e-06
9350.056 2.355680189039626e-06
9400.056 2.56632377683077e-06
9450.056 2.8211877897992665e-06
9500.056 3.2911785572997742e-06
9550.056 3.6325900700006394e-06
9600.056 3.939848986600823e-06
9650.056 4.320151122601112e-06
9700.056 4.6075206521996544e-06
9750.056 3.83066102540014e-06
9800.056 4.139382890699764e-06
9850.056 4.0442052585000285e-06
9900.056 4.066525733380105e-06
9950.056 4.195777339110251e-06
10000.056 4.268203056709762e-06
10050.056 4.080612867030062e-06
10100.056 4.57118746518179e-06
10150.056 4.458670901029583e-06
10200.056 4.71688303439885e-06
10250.056 4.699868415338271e-06
10300.056 4.7619122784698e-06
10350.056 5.149495400589633e-06
10400.056 5.313480726140359e-06
10450.056 5.6230902310003535e-06
10500.056 5.735849793748709e-06
10550.056 5.900227820900382e-06
10600.056 6.160085708500384e-06
10650.056 6.344715804299144e-06
10700.056 6.606705768000156e-06
10750.056 6.845021653300201e-06
10800.056 6.982781510599678e-06
10850.056 7.195766779500093e-06
10900.056 7.063321411199612e-06
10950.056 6.891961577398473e-06
11000.056 6.751396810300271e-06
11050.056 5.4096473794991005e-06
11100.056 5.74875390260108e-06
11150.056 5.964368989599405e-06
11200.056 6.041561103300063e-06
11250.056 6.491323356000075e-06
11300.056 6.595501939500089e-06
11350.056 6.445616282199985e-06
11400.056 6.007479944420033e-06
11450.056 6.747321929098868e-06
11500.056 7.072841131999321e-06
11550.056 7.02685528870009e-06
11600.056 7.148415737299038e-06
11650.056 7.398588716800684e-06
11700.056 7.079110923869634e-06
11750.056 7.10892254699958e-06
11800.056 7.118184706060036e-06
11850.056 7.539644324900095e-06
11900.056 7.5969136871987786e-06
11950.056 7.684715832399712e-06
12000.056 7.634774485000419e-06
12050.056 7.911152838600638e-06
12100.056 7.983289411900198e-06
12150.056 8.265163620999897e-06
12200.056 8.43616290009999e-06
12250.056 8.636273143299354e-06
12300.056 8.734139535500873e-06
12350.056 8.838171535500494e-06
12400.056 8.574974361899315e-06
12450.056 7.935475996259945e-06
12500.056 8.348922141899017e-06
12550.056 8.353388232049852e-06
12600.056 8.327047608899985e-06
12650.056 8.621155152799467e-06
12700.056 8.776316492499279e-06
12750.056 8.826729810900455e-06
12800.056 9.172732797398928e-06
12850.056 9.174035052100014e-06
12900.056 9.192814962899785e-06
12950.056 9.410936020098728e-06
13000.056 9.546561946999352e-06
13050.056 9.618627876999633e-06
13100.056 9.567040425199107e-06
13150.056 9.633053170799754e-06
13200.056 9.469468018099455e-06
13250.056 9.20927213350015e-06
13300.056 8.566641107698809e-06
13350.056 6.68864312596067e-06
13400.056 6.583386378310026e-06
13450.056 6.172291049339716e-06
13500.056 6.2064080565996595e-06
13550.056 6.048837750402337e-06
13600.056 5.680657715040007e-06
13650.056 5.9020883164400465e-06
13700.056 5.613561733740302e-06
13750.056 5.687840576149082e-06
13800.056 6.036327533221193e-06
13850.056 6.041155862099382e-06
13900.056 5.867951411380025e-06
13950.056 5.7053798692198366e-06
14000.056 5.485113262690253e-06
14050.056 5.580267194611205e-06
14100.056 5.255453341690861e-06
14150.056 5.206207262680333e-06
14200.056 5.0415908735705965e-06
14250.056 5.02193778513912e-06
14300.056 5.060025820529244e-06
14350.056 5.108431116940388e-06
14400.056 5.225828519560211e-06
14450.056 5.4170359068903074e-06
14500.056 5.60113785074955e-06
14550.056 5.601040179509979e-06
14600.056 5.727309514021012e-06
14650.056 5.664971094148591e-06
14700.056 5.409303382179359e-06
14750.056 5.590096232960473e-06
14800.056 5.61878828144079e-06
14850.056 5.867563155799082e-06
14900.056 5.893050642199631e-06
14950.056 5.930193516200767e-06
15000.056 6.016407123000717e-06
15050.056 6.352890559899235e-06
15100.056 6.312654363600744e-06
15150.056 6.4587057565002905e-06
15200.056 6.615569961199661e-06
15250.056 6.591105149599777e-06
15300.056 6.78963880600003e-06
15350.056 6.902115380900307e-06
15400.056 6.9783743222000105e-06
15450.056 7.150933176700444e-06
15500.056 7.220546337599125e-06
15550.056 7.434683917299807e-06
15600.056 7.430242934900807e-06
15650.056 7.604856596999875e-06
15700.056 7.880900381201892e-06
15750.056 8.037343274199387e-06
15800.056 8.132974561400683e-06
15850.056 8.149167972100375e-06
15900.056 8.263880786000723e-06
15950.056 8.415858548899937e-06
16000.056 8.526104243499411e-06
16050.056 8.73015602570017e-06
16100.056 8.821994486300158e-06
16150.056 8.904461351400352e-06
16200.056 9.023093254699486e-06
16250.056 9.145724909599968e-06
16300.056 9.209679212000068e-06
16350.056 9.470750474699453e-06
16400.056 9.493604292501203e-06
16450.056 9.678069327000417e-06
16500.056 9.785330897200733e-06
16550.056 1.003879259529947e-05
16600.056 9.875107661600612e-06
16650.056 1.0318147020400738e-05
16700.056 1.0201205251698827e-05
16750.056 1.0349242183499384e-05
16800.056 1.0482464464200455e-05
16850.056 1.0464193215999512e-05
16900.056 1.038276721239969e-05
16950.056 1.030148527399963e-05
17000.056 1.0213361296401071e-05
17050.056 1.010186391370037e-05
17100.056 9.762531886599569e-06
17150.056 9.572696827399665e-06
17200.056 9.18692239859984e-06
17250.056 9.009172776999884e-06
17300.056 9.163870448699354e-06
17350.056 8.809786435399412e-06
17400.056 8.974942205100201e-06
17450.056 8.57975491199741e-06
17500.056 8.398324446299337e-06
17550.056 8.314158572100192e-06
17600.056 8.128254429900521e-06
17650.056 8.194082226508527e-06
17700.056 7.669368720318627e-06
17750.056 7.455934812030244e-06
17800.056 7.3557121599116305e-06
17850.056 7.226873857920889e-06
17900.056 7.189830708850123e-06
17950.056 7.027481466619253e-06
18000.056 6.732841201800599e-06
18050.056 6.7725598112324785e-06
18100.056 6.5969694606801745e-06
18150.056 6.924564400892126e-06
18200.056 6.3601840706696834e-06
18250.056 6.807230363578953e-06
18300.056 6.661589030249141e-06
18350.056 6.5272582159303385e-06
18400.056 6.398787511040088e-06
18450.056 6.041881715002352e-06
18500.056 6.1144897815407956e-06
18550.056 5.957098005929767e-06
18600.056 5.353367418937814e-06
18650.056 5.906980381481068e-06
18700.056 6.137511123240558e-06
18750.056 5.936381378422583e-06
18800.056 5.970155119722105e-06
18850.056 6.4912216561793325e-06
18900.056 6.31297411834846e-06
18950.056 6.2974923637994794e-06
19000.056 6.5677715579989586e-06
19050.056 6.4602807146301696e-06
19100.056 6.492573392101883e-06
19150.056 6.670826937769825e-06
19200.056 6.650060221121243e-06
19250.056 6.455982982158738e-06
19300.056 6.613553061429636e-06
19350.056 6.778137245509279e-06
19400.056 6.516689009538732e-06
19450.056 6.715867106781007e-06
19500.056 6.77275447308949e-06
19550.056 6.3790849893909854e-06
19600.056 6.852082208449123e-06
19650.056 6.718422868617305e-06
19700.056 6.779995778920452e-06
19750.056 6.532452064250125e-06
19800.056 6.711799930909272e-06
19850.056 6.6058071594014815e-06
19900.056 6.372012532082203e-06
19950.056 6.759536659699724e-06
20000.056 6.2387967761008906e-06
20050.056 6.465648652501323e-06
20100.056 6.536609839296668e-06
20150.056 6.4224512457015025e-06
20200.056 6.5081744154985024e-06
20250.056 6.666517870100373e-06
20300.056 6.642120986400664e-06
20350.056 6.636858331599475e-06
20400.056 6.5952335525974e-06
20450.056 6.8106273074996255e-06
20500.056 6.75661417850008e-06
20550.056 6.860683907599401e-06
20600.056 7.041175696000529e-06
20650.056 6.876314456001118e-06
20700.056 7.057391569599838e-06
20750.056 7.0515332741990955e-06
20800.056 7.218705131800212e-06
20850.056 7.210004100000053e-06
20900.056 7.375432191599953e-06
20950.056 7.417560937899588e-06
21000.056 7.6089086069995355e-06
21050.056 7.612498829500272e-06
21100.056 7.655639528900049e-06
21150.056 7.88845443180037e-06
21200.056 7.872694891400542e-06
21250.056 8.066623854999217e-06
21300.056 7.917953353299847e-06
21350.056 8.220290138400478e-06
21400.056 8.089708657400268e-06
21450.056 8.54940239620014e-06
21500.056 8.28290210260026e-06
21550.056 8.435647049399595e-06
21600.056 8.602076901200506e-06
21650.056 8.608752377700463e-06
21700.056 8.79640775479959e-06
21750.056 8.732243305499961e-06
21800.056 8.749079226799885e-06
21850.056 8.850460508799888e-06
21900.056 8.977802722000636e-06
21950.056 8.93596430960049e-06
22000.056 9.171803958599418e-06
22050.056 8.981616473599378e-06
22100.056 9.151193932899734e-06
22150.056 9.25670460690065e-06
22200.056 9.130021485601208e-06
22250.056 9.488252927800313e-06
22300.056 9.405925497799592e-06
22350.056 9.302774999800337e-06
22400.056 9.582702692200093e-06
22450.056 9.516991218699176e-06
22500.056 9.617835844699772e-06
22550.056 9.580112856698916e-06
22600.056 9.534343060599584e-06
22650.056 9.625320058901277e-06
22700.056 9.600535575701224e-06
22750.056 9.782291528799335e-06
22800.056 9.603193020199968e-06
22850.056 9.703752419400665e-06
22900.056 9.856973438299213e-06
22950.056 8.379792049400795e-06
23000.056 9.019522434100537e-06
23050.056 9.170331656098494e-06
23100.056 8.997602287100387e-06
23150.056 9.07314437150088e-06
23200.056 9.104968533600156e-06
23250.056 8.098507627698058e-06
23300.056 8.521762729000435e-06
23350.056 8.584119629699855e-06
23400.056 8.480903608800322e-06
23450.056 8.609902085300062e-06
23500.056 8.359887937898483e-06
23550.056 7.734805807102425e-06
23600.056 7.977050170901628e-06
23650.056 8.333360424998743e-06
23700.056 8.271283375898282e-06
23750.056 8.214082030600363e-06
23800.056 8.130658326101115e-06
23850.056 7.209996471500397e-06
23900.056 7.575988854599398e-06
23950.056 7.735203659702024e-06
24000.056 7.463118418499048e-06
24050.056 7.282148444601513e-06
24100.056 6.9268201178981695e-06
24150.056 6.781727905700594e-06
24200.056 6.871531261998561e-06
24250.056 6.830937144900889e-06
24300.056 6.509956918600298e-06
24350.056 6.363902720699936e-06
24400.056 6.662870716299688e-06
24450.056 6.3527913190003675e-06
24500.056 5.980386858100435e-06
24550.056 5.955939900099647e-06
24600.056 5.874071161801056e-06
24650.056 6.2478779451995905e-06
24700.056 5.691143295599929e-06
24750.056 5.515701373501201e-06
24800.056 5.409083753900136e-06
24850.056 5.842542499900685e-06
24900.056 5.191738595002398e-06
24950.056 5.844008270499397e-06
25000.056 5.3443519388004935e-06
25050.056 4.925011530200755e-06
25100.056 5.398518706499669e-06
25150.056 5.001445939500603e-06
25200.056 5.197033913999238e-06
25250.056 5.145469981298748e-06
25300.056 5.130329474700746e-06
25350.056 4.864049278399785e-06
25400.056 4.916241641501556e-06
25450.056 4.855822263900389e-06
25500.056 4.983630239501643e-06
25550.056 4.773362668799761e-06
25600.056 4.87293063379986e-06
25650.056 4.626758290499438e-06
25700.056 5.095455993198026e-06
25750.056 4.521644240001114e-06
25800.056 4.923524297500514e-06
25850.056 4.807188900999388e-06
25900.056 4.933847195401369e-06
25950.056 4.777113750601341e-06
26000.056 4.779245425900664e-06
26050.056 5.237754084000201e-06
26100.056 4.961211746201174e-06
26150.056 5.037946630199009e-06
26200.056 4.787773910400428e-06
26250.056 4.859262950201177e-06
26300.056 4.948579212599621e-06
26350.056 4.768310988699496e-06
26400.056 4.8595072145993986e-06
26450.056 4.800751330600269e-06
26500.056 4.949868480898722e-06
26550.056 5.125810433998998e-06
26600.056 5.458921555098818e-06
26650.056 5.00208238529876e-06
26700.056 5.050817089699293e-06
26750.056 4.979164673398491e-06
26800.056 5.116317567198632e-06
26850.056 4.971810163900862e-06
26900.056 5.358670034399866e-06
26950.056 4.396184852900499e-06
27000.056 5.1604752949009385e-06
27050.056 4.784591388398925e-06
27100.056 4.728351581499593e-06
27150.056 4.854431861999623e-06
27200.056 4.80556170240086e-06
27250.056 4.539980648002131e-06
27300.056 4.635029671700242e-06
27350.056 4.648837729298551e-06
27400.056 4.366603743800172e-06
27450.056 4.804215447398525e-06
27500.056 4.533946952500547e-06
27550.056 4.619150295199955e-06
27600.056 4.688556035999581e-06
27650.056 4.287757952599753e-06
27700.056 4.374355833100839e-06
27750.056 4.772472865897601e-06
27800.056 4.139766734300281e-06
27850.056 4.352947966598834e-06
27900.056 4.308894717599814e-06
27950.056 4.644978804299573e-06
28000.056 4.571083731600957e-06
28050.056 4.049688704300504e-06
28100.056 4.722553762902336e-06
28150.056 4.184096235900338e-06
28200.056 3.847237460500167e-06
28250.056 4.235842421499706e-06
28300.056 4.602582575201222e-06
28350.056 4.334957484798778e-06
28400.056 4.252580144000205e-06
28450.056 4.183867798799387e-06
28500.056 4.31475451699942e-06
28550.056 3.894020322198975e-06
28600.056 4.5379231004007336e-06
28650.056 4.457748148599669e-06
28700.056 4.154055323599402e-06
28750.056 4.364496902699573e-06
28800.056 4.349122168700517e-06
28850.056 4.400362182200061e-06
28900.056 4.068068389700599e-06
28950.056 4.740489005599218e-06
29000.056 4.078366708198781e-06
29050.056 4.198420827900105e-06
