galfind/configs/Brown_Dwarf_templates/sonora_bobcat/m0.0/31g/sp_t475g31nc_m0.0_resample.dat
# %ECSV 1.0
# ---
# datatype:
# - {name: wav, unit: Angstrom, datatype: float64}
# - {name: flux_nu, unit: erg / (cm2 Hz s), datatype: float64}
# meta: {C/O: '1.00', Kzz: '1.0000E+05', Teff: '475.', Y: '0.28', '[Fe/H]': '0.00', f_hole: '1.00', f_rain: '0.00', grav: '32.'}
# schema: astropy-2.0
wav flux_nu
4000.0559999999996 nan
4050.0559999999996 3.31872492204024e-17
4100.056 8.079493176380164e-15
4150.056 7.230851440500076e-14
4200.056 7.05687844665539e-14
4250.056 5.062470078900016e-13
4300.056 1.0301364463300144e-12
4350.056 1.6642549425000129e-12
4400.056 2.5024773186000185e-12
4450.056 3.6633902789000136e-12
4500.056 4.771180045800065e-12
4550.056 4.736251524268903e-12
4600.056 1.6194464216519946e-12
4650.056 9.585688505899924e-13
4700.056 4.3438272504999623e-13
4750.056 1.0512191732699843e-13
4800.056 2.4874341956999694e-14
4850.056 6.234276549299926e-15
4900.056 2.394545155399987e-15
4950.056 1.3146231267999953e-15
5000.056 7.807977595799939e-16
5050.056 5.681976165400034e-16
5100.056 6.231185383400079e-16
5150.056 7.174573645600086e-16
5200.056 8.241339286800031e-16
5250.056 9.342025993100013e-16
5300.056 1.0593029149100014e-15
5350.056 1.2043078809000018e-15
5400.056 1.3548561353000014e-15
5450.056 1.5333057970000115e-15
5500.056 1.7354985190000152e-15
5550.056 1.951149680000005e-15
5600.056 2.156809447600003e-15
5650.056 2.325892195899997e-15
5700.056 2.377816787300002e-15
5750.056 2.3437739880000004e-15
5800.056 2.1057425771999943e-15
5850.056 1.4812450642199754e-15
5900.056 4.444082247551009e-16
5950.056 2.9333137235701127e-15
6000.056 6.336437212999911e-15
6050.056 1.1493073082600222e-14
6100.056 1.8624831715000207e-14
6150.056 2.8146573541000197e-14
6200.056 4.095574473300024e-14
6250.056 5.693619440300003e-14
6300.056 7.925014340700016e-14
6350.056 1.0795471310600067e-13
6400.056 1.4423469942000075e-13
6450.056 1.771958881499941e-13
6500.056 2.352018740629973e-13
6550.056 3.1770991798399503e-13
6600.056 4.314234333370196e-13
6650.056 5.891336238600052e-13
6700.056 7.692739447500073e-13
6750.056 1.062249731340007e-12
6800.056 1.3221362379000203e-12
6850.056 1.5036725052000055e-12
6900.056 1.405164091600047e-12
6950.056 1.24235795749498e-12
7000.056 1.3830312332130076e-12
7050.056 1.481531867145971e-12
7100.056 1.6535873291999531e-12
7150.056 1.456979947767923e-12
7200.056 1.3463043327008735e-12
7250.056 1.5095583894689495e-12
7300.056 1.5713884845481876e-12
7350.056 1.7784420274959745e-12
7400.056 1.985168927600122e-12
7450.056 2.2420729487201505e-12
7500.056 2.408139310989978e-12
7550.056 2.427195192299989e-12
7600.056 2.2514394324999885e-12
7650.056 7.592250074309675e-13
7700.056 5.37928520246022e-13
7750.056 2.4654129451000347e-12
7800.056 3.703460979365985e-12
7850.056 5.475782034299975e-12
7900.056 7.1196164094997536e-12
7950.056 8.038701529380003e-12
8000.056 1.0794414951200052e-11
8050.056 1.2907602784700364e-11
8100.056 1.2052160547384062e-11
8150.056 1.252344160974496e-11
8200.056 1.847626578263195e-11
8250.056 2.1008582086531257e-11
8300.056 2.5643534615828043e-11
8350.056 2.7365465186157424e-11
8400.056 3.258569714421305e-11
8450.056 4.3077075325218704e-11
8500.056 4.9925116480297344e-11
8550.056 6.58628915250009e-11
8600.056 8.320166563200106e-11
8650.056 9.905871433200199e-11
8700.056 1.0901144812100192e-10
8750.056 1.2645619388100072e-10
8800.056 1.3618135117000219e-10
8850.056 1.181056165629929e-10
8900.056 3.2073098813882285e-11
8950.056 4.0365924311518065e-11
9000.056 3.205334553665499e-11
9050.056 1.0336150310919003e-10
9100.056 1.3810892686257065e-10
9150.056 1.726113258985573e-10
9200.056 2.907269322003892e-10
9250.056 2.9079135650935147e-10
9300.056 5.2804058098952254e-11
9350.056 6.471791597159779e-11
9400.056 1.3515336693298672e-10
9450.056 1.6775112669032995e-10
9500.056 1.4306323420600412e-10
9550.056 1.715697009959806e-10
9600.056 1.6245381217932303e-10
9650.056 2.329367498897279e-10
9700.056 3.90989258617439e-10
9750.056 3.7479657713894444e-10
9800.056 4.113759777054021e-10
9850.056 4.608378772885524e-10
9900.056 6.068976822041261e-10
9950.056 5.553435512134131e-10
10000.056 6.258414236297896e-10
10050.056 7.691404291940613e-10
10100.056 1.0313346324898804e-09
10150.056 1.0913432333169814e-09
10200.056 1.1456367443305049e-09
10250.056 1.4443026955939446e-09
10300.056 1.956967226755694e-09
10350.056 2.0968521639963337e-09
10400.056 3.3787354679184018e-09
10450.056 4.50693219994472e-09
10500.056 5.659032929780021e-09
10550.056 7.100268062250316e-09
10600.056 7.874316341559633e-09
10650.056 8.484940637820318e-09
10700.056 8.165526746345092e-09
10750.056 8.486164029586368e-09
10800.056 8.033215586546696e-09
10850.056 6.8167274488293615e-09
10900.056 4.417666587054469e-09
10950.056 1.9145917295558005e-09
11000.056 1.2082474237427153e-09
11050.056 6.740021063948576e-10
11100.056 3.443697759802831e-10
11150.056 1.1938779518322535e-10
11200.056 6.457145171959366e-11
11250.056 7.461631191343554e-11
11300.056 1.3752874920893513e-10
11350.056 3.770254101264253e-11
11400.056 1.1741880300540318e-10
11450.056 8.966069692177845e-11
11500.056 5.404098061462383e-11
11550.056 9.36174762820174e-12
11600.056 7.987814072679143e-12
11650.056 3.420984691040136e-11
11700.056 3.674818183235811e-11
11750.056 5.201492834773391e-12
11800.056 4.1968464131932603e-11
11850.056 7.4132375099453e-11
11900.056 7.872648546200335e-11
11950.056 1.3648899687610524e-10
12000.056 2.5983934400135486e-10
12050.056 4.864822720583125e-10
12100.056 8.727320291356671e-10
12150.056 1.4987709403706686e-09
12200.056 2.0162387818825456e-09
12250.056 3.380492430757015e-09
12300.056 5.509061832766421e-09
12350.056 6.046550359990141e-09
12400.056 9.552527308473338e-09
12450.056 1.358900178945184e-08
12500.056 1.554877455125239e-08
12550.056 1.8655759522760403e-08
12600.056 2.1683298846677993e-08
12650.056 2.2262413969646463e-08
12700.056 2.2108455241361586e-08
12750.056 1.6997274395592485e-08
12800.056 1.3025220989614537e-08
12850.056 7.863821727505361e-09
12900.056 5.72462858926013e-09
12950.056 4.558368865836824e-09
13000.056 4.087960125242947e-09
13050.056 2.4370182114516143e-09
13100.056 2.068680954881727e-09
13150.056 1.2644055930246742e-09
13200.056 1.0932841534236237e-09
13250.056 7.989319045586614e-10
13300.056 2.8631016321192935e-10
13350.056 8.252404554036812e-11
13400.056 5.5187242327658354e-11
13450.056 1.8114846632707942e-11
13500.056 7.651879888689215e-12
13550.056 3.31586984398709e-12
13600.056 6.015113611699509e-13
13650.056 4.8658659001173754e-12
13700.056 2.7262761433822515e-12
13750.056 4.164440916618589e-12
13800.056 3.4225175118544627e-12
13850.056 2.1172901642654804e-12
13900.056 3.3635926325888398e-12
13950.056 2.3088655278204616e-12
14000.056 2.731250073775507e-12
14050.056 4.811782038124098e-12
14100.056 5.766262105654943e-12
14150.056 1.1398440523727243e-11
14200.056 6.932209580953451e-12
14250.056 1.0847493748688264e-11
14300.056 2.4302614084494596e-11
14350.056 2.6894791608203655e-11
14400.056 3.040048557639471e-11
14450.056 4.769804898807703e-11
14500.056 1.0452893012864992e-10
14550.056 1.17348886886973e-10
14600.056 1.3809625827283125e-10
14650.056 8.806175323054365e-11
14700.056 4.302289530575523e-11
14750.056 2.3194057142754732e-11
14800.056 4.991087211170196e-11
14850.056 6.960630605037488e-11
14900.056 7.254747782133765e-11
14950.056 5.576687193109803e-11
15000.056 1.3299752721468716e-10
15050.056 1.0840710315922509e-10
15100.056 7.521058877374104e-11
15150.056 6.073414694889118e-11
15200.056 1.1944228436941398e-10
15250.056 2.696931839330454e-10
15300.056 3.33425817904206e-10
15350.056 4.5798673040642206e-10
15400.056 6.356263949476737e-10
15450.056 8.67741322435393e-10
15500.056 9.890644073962611e-10
15550.056 1.6416558827108276e-09
15600.056 2.168437513743095e-09
15650.056 3.2409430045573473e-09
15700.056 4.646160260532159e-09
15750.056 5.8926060474093766e-09
15800.056 6.565726937032516e-09
15850.056 7.638072307321627e-09
15900.056 6.936267161043163e-09
15950.056 6.382917203798504e-09
16000.056 4.499350899671054e-09
16050.056 2.306928568078638e-09
16100.056 1.3924921333332783e-09
16150.056 7.04433798832095e-10
16200.056 3.629449853627941e-10
16250.056 2.362441013801404e-10
16300.056 1.4121713098329934e-10
16350.056 1.6985225600791627e-10
16400.056 2.1879370456581444e-10
16450.056 1.818090657702232e-10
16500.056 1.5533870509163489e-10
16550.056 1.6478433945908982e-10
16600.056 2.346595076692901e-10
16650.056 1.7679204120922838e-10
16700.056 2.450064717818411e-11
16750.056 8.233955180985211e-11
16800.056 1.46147453038256e-10
16850.056 1.7702968534944346e-10
16900.056 8.44253760983271e-11
16950.056 4.678596301711003e-11
17000.056 2.589776493809237e-11
17050.056 5.500912027844278e-11
17100.056 9.935268530443809e-11
17150.056 5.0277754917939763e-11
17200.056 1.893842689259913e-10
17250.056 1.1370172068925333e-10
17300.056 6.496809433170463e-11
17350.056 7.009141439491534e-11
17400.056 1.2620746864628524e-10
17450.056 1.78429357165706e-10
17500.056 2.4384377318029744e-10
17550.056 2.2636984908078067e-10
17600.056 1.6963073234109338e-10
17650.056 1.6042003027990484e-10
17700.056 1.144746366787836e-10
17750.056 1.2317638805949684e-10
17800.056 3.150697893532421e-10
17850.056 1.431083015169757e-10
17900.056 1.0404575523184997e-10
17950.056 8.708313825254822e-11
18000.056 1.3140099911560275e-10
18050.056 1.2469193612220897e-10
18100.056 1.60429379501772e-10
18150.056 1.4258584305987514e-10
18200.056 1.0006042329871761e-10
18250.056 3.1330612759607743e-10
18300.056 8.905097962371217e-11
18350.056 6.460086479215849e-11
18400.056 5.073307923146507e-11
18450.056 1.832665976699788e-10
18500.056 1.800944598929633e-10
18550.056 1.1119488091670255e-10
18600.056 1.4657444477917733e-10
18650.056 1.0918143624188854e-10
18700.056 3.6263387076905e-11
18750.056 8.519479727841014e-11
18800.056 2.942630852881968e-10
18850.056 3.049563633303596e-10
18900.056 2.6215770014258773e-10
18950.056 4.027676845676792e-10
19000.056 1.3619006833077426e-10
19050.056 7.006861722807267e-11
19100.056 1.49313509384121e-10
19150.056 7.187948719853915e-11
19200.056 9.669054099626665e-11
19250.056 7.41648326005314e-11
19300.056 5.079743650785801e-11
19350.056 4.3257020621505455e-11
19400.056 3.935814475862587e-11
19450.056 7.127007167099317e-11
19500.056 4.363527390673994e-11
19550.056 6.025717884491979e-11
19600.056 1.5302222277747213e-10
19650.056 1.0285198488972218e-10
19700.056 1.1782802983000222e-10
19750.056 2.091060403971742e-10
19800.056 1.4604293220679118e-10
19850.056 1.9708473652756737e-10
19900.056 2.3784260467779966e-10
19950.056 3.3567924414862236e-10
20000.056 4.4572492515367915e-10
20050.056 3.5292485386210623e-10
20100.056 6.190426240482097e-10
20150.056 3.163337504159006e-10
20200.056 2.5122008874522137e-10
20250.056 5.057723733203397e-10
20300.056 6.052122883191273e-10
20350.056 6.596249190374007e-10
20400.056 5.72162008831604e-10
20450.056 9.594721382921998e-10
20500.056 1.180374490614754e-09
20550.056 1.3574170418448447e-09
20600.056 1.4263898375845923e-09
20650.056 1.840183811515616e-09
20700.056 2.0577329643079612e-09
20750.056 2.396507410478698e-09
20800.056 2.3301270948238247e-09
20850.056 2.6387848040682642e-09
20900.056 2.9100141310099503e-09
20950.056 2.733119819050105e-09
21000.056 2.6667467719297913e-09
21050.056 2.842956887589291e-09
21100.056 2.6203531913104045e-09
21150.056 2.6547190554115874e-09
21200.056 2.419606826705038e-09
21250.056 2.2029154380404245e-09
21300.056 1.775837616613114e-09
21350.056 1.788280973820344e-09
21400.056 1.6751559466956275e-09
21450.056 1.309650963133429e-09
21500.056 1.1408548287087748e-09
21550.056 1.0015081728122727e-09
21600.056 8.160031381865736e-10
21650.056 5.991439802037781e-10
21700.056 5.276740202305018e-10
21750.056 5.123259730924595e-10
21800.056 3.592523662131762e-10
21850.056 3.4944229453835445e-10
21900.056 2.3301600820266996e-10
21950.056 8.118451485057635e-11
22000.056 1.6602778597022542e-11
22050.056 1.8108325567162703e-11
22100.056 6.953629427296144e-11
22150.056 7.032146368971118e-11
22200.056 7.624399421792419e-11
22250.056 5.835744120176788e-11
22300.056 3.133584148038835e-11
22350.056 4.092808104398684e-11
22400.056 1.6290388834322885e-11
22450.056 2.1684216516329328e-11
22500.056 1.652980679067928e-11
22550.056 1.0634914613765775e-11
22600.056 8.36660687615831e-12
22650.056 1.594273854123216e-11
22700.056 1.2787939365364636e-11
22750.056 1.4033227904513427e-11
22800.056 1.4288248317449737e-11
22850.056 1.0671621327520547e-11
22900.056 7.662505780009427e-12
22950.056 6.87718522922315e-12
23000.056 9.913789247913958e-12
23050.056 1.2863529764374237e-11
23100.056 5.691096841042649e-11
23150.056 5.808792477270592e-11
23200.056 3.2234946422475788e-12
23250.056 9.431294099561143e-12
23300.056 9.647514095804538e-12
23350.056 1.4741987202561768e-11
23400.056 1.2895510337668433e-11
23450.056 8.385409639221069e-12
23500.056 8.855222134251244e-12
23550.056 1.683417871718492e-11
23600.056 2.8517985915589042e-11
23650.056 4.552681666608059e-11
23700.056 1.0851903515974528e-11
23750.056 8.498858191427459e-12
23800.056 3.226628872013713e-11
23850.056 2.4646559754738533e-11
23900.056 5.24014217321212e-11
23950.056 3.4737834639860455e-11
24000.056 6.50919836398994e-11
24050.056 8.573631072344822e-11
24100.056 9.300954133765243e-11
24150.056 1.3245466139727891e-10
24200.056 9.105174152475899e-11
24250.056 7.296775852566607e-11
24300.056 1.2209022943224642e-10
24350.056 1.0513278604984474e-10
24400.056 2.1741419441893237e-10
24450.056 2.5076969523122194e-10
24500.056 2.3101885379195678e-10
24550.056 3.369622114916379e-10
24600.056 3.51263942602906e-10
24650.056 5.477837791400159e-10
24700.056 3.15420035664852e-10
24750.056 4.3223218738942093e-10
24800.056 3.9997885471084936e-10
24850.056 6.455773315793006e-10
24900.056 3.2548321631363565e-10
24950.056 6.586040860189569e-10
25000.056 6.546173338462582e-10
25050.056 4.4141736992412374e-10
25100.056 6.753707002518187e-10
25150.056 3.2626877122818e-10
25200.056 5.064107118918385e-10
25250.056 2.2721662821756234e-10
25300.056 3.446236189702528e-10
25350.056 1.5833178593855518e-10
25400.056 3.998696976460856e-10
25450.056 1.2613165316592674e-10
25500.056 1.1289265549336046e-10
25550.056 2.1084373292178637e-10
25600.056 1.0600105442842203e-10
25650.056 6.170369130062916e-11
25700.056 8.717368802983908e-11
25750.056 2.35662888087638e-11
25800.056 1.2307938393436163e-10
25850.056 2.405663295006484e-11
25900.056 3.42753140833265e-11
25950.056 8.993804137507947e-12
26000.056 1.1332395802105224e-10
26050.056 1.4961964297700324e-11
26100.056 7.10603539061805e-11
26150.056 3.282841777488908e-11
26200.056 4.490096863166113e-11
26250.056 2.6066045142530535e-10
26300.056 6.238511939453047e-11
26350.056 3.834338093782096e-10
26400.056 5.242383813274475e-10
26450.056 4.35036275464479e-10
26500.056 8.072762177995574e-10
26550.056 1.131663764048053e-10
26600.056 1.5085027901912293e-10
26650.056 2.3012392371028514e-11
26700.056 1.364559541976585e-11
26750.056 1.838144359843888e-11
26800.056 5.7830658476501483e-11
26850.056 3.1430974093669236e-11
26900.056 1.5767478206227545e-10
26950.056 5.1825094951713696e-11
27000.056 2.9201103325130096e-10
27050.056 3.018895564381174e-10
27100.056 4.4359478996077735e-11
27150.056 3.9262747078150165e-10
27200.056 4.338987558017654e-11
27250.056 1.4072351260241922e-10
27300.056 8.857535487754626e-10
27350.056 3.295065631834805e-10
27400.056 1.766263895503747e-11
27450.056 4.185476477001252e-10
27500.056 4.668262701620103e-10
27550.056 8.066167409675082e-11
27600.056 2.3548784003393134e-10
27650.056 6.139325897205809e-11
27700.056 5.1657199225856346e-11
27750.056 3.348256950889642e-10
27800.056 8.81270724087663e-11
27850.056 1.5511367343574814e-10
27900.056 1.4956649399948256e-10
27950.056 4.0173189997165743e-10
28000.056 3.652494292603365e-10
28050.056 4.4452716847082096e-11
28100.056 3.3309797927612506e-10
28150.056 2.5744210705164383e-10
28200.056 7.250260678960624e-11
28250.056 4.5738322595033935e-10
28300.056 4.3212458143835126e-10
28350.056 9.640230061230386e-11
28400.056 3.1300291061860463e-10
28450.056 5.276514046340937e-10
28500.056 3.371786655100433e-10
28550.056 7.796037400734302e-11
28600.056 5.736341861419693e-10
28650.056 3.807467331991409e-10
28700.056 5.400381481812336e-10
28750.056 7.819486410884879e-10
28800.056 3.556620191085434e-10
28850.056 7.674721404428039e-10
