galfind/configs/Brown_Dwarf_templates/sonora_bobcat/m0.0/31g/sp_t1500g31nc_m0.0_resample.dat
# %ECSV 1.0
# ---
# datatype:
# - {name: wav, unit: Angstrom, datatype: float64}
# - {name: flux_nu, unit: erg / (cm2 Hz s), datatype: float64}
# meta: {C/O: '1.00', Kzz: '1.0000E+05', Teff: '1500.', Y: '0.28', '[Fe/H]': '0.00', f_hole: '1.00', f_rain: '0.00', grav: '32.'}
# schema: astropy-2.0
wav flux_nu
[from data line 499]
28950.056 7.134368106839874e-07
29000.056 5.883710460088517e-07
29050.056 6.090232866148892e-07
29100.056 5.082702527980648e-07
29150.056 6.588609580501708e-07
29200.056 5.786448117161683e-07
29250.056 6.833158633550183e-07
29300.056 5.435468659627044e-07
29350.056 7.919733825398103e-07
29400.056 6.14125213337862e-07
29450.056 6.474429806379769e-07
29500.056 6.72163999564925e-07
29550.056 6.446792456000257e-07
29600.056 6.979615097198883e-07
29650.056 6.735835477279357e-07
29700.056 5.891829056178559e-07
29750.056 7.493327888164123e-07
29800.056 7.554806187189649e-07
29850.056 7.347911453009088e-07
29900.056 6.678617503451812e-07
29950.056 7.756843660398799e-07
30000.056 7.676030344038698e-07
30050.056 7.207574360798954e-07
30100.056 6.089502948798255e-07
30150.056 8.967548184799214e-07
30200.056 7.696015355100589e-07
30250.056 8.051582983102643e-07
30300.056 7.888579275899048e-07
30350.056 7.148170800000802e-07
30400.056 8.872767741101578e-07
30450.056 7.058096218000626e-07
30500.056 6.371994379401087e-07
30550.056 8.401729018802059e-07
30600.056 8.277122655401081e-07
30650.056 8.229514793399654e-07
30700.056 7.620859526799912e-07
30750.056 7.259905255900261e-07
30800.056 8.121856958801545e-07
30850.056 6.847013809899165e-07
30900.056 7.113522583599272e-07
30950.056 6.578272620391035e-07
31000.056 7.046423861099523e-07
31050.056 6.587605773499891e-07
31100.056 6.274920310599532e-07
31150.056 7.029839821198772e-07
31200.056 7.078602924499569e-07
31250.056 6.912705668000216e-07
31300.056 6.424594965399038e-07
31350.056 6.169848321899811e-07
31400.056 5.857366235501484e-07
31450.056 5.867655425099773e-07
31500.056 6.078501290899765e-07
31550.056 5.715465495800213e-07
31600.056 5.534353895899451e-07
31650.056 5.539121640099894e-07
31700.056 5.559835826599549e-07
31750.056 5.029854940201383e-07
31800.056 5.93208880599982e-07
31850.056 5.720431102200641e-07
31900.056 6.409044805099831e-07
31950.056 4.6236032624997873e-07
32000.056 5.48324946070004e-07
32050.056 6.359889353000353e-07
32100.056 6.079448918699833e-07
32150.056 6.576863519399683e-07
32200.056 6.062562231499746e-07
32250.056 6.682734130301049e-07
32300.056 6.167508179299771e-07
32350.056 7.363923740600659e-07
32400.056 5.883298573599951e-07
32450.056 6.807662510998532e-07
32500.056 7.206582693801722e-07
32550.056 7.932999286800309e-07
32600.056 8.027532020899615e-07
32650.056 8.496694752201712e-07
32700.056 8.106697665901103e-07
32750.056 8.278226267099871e-07
32800.056 8.040948556500216e-07
32850.056 9.197451821398329e-07
32900.056 9.592545943499554e-07
32950.056 8.165099940998863e-07
33000.056 8.451138988200036e-07
33050.056 8.199170793800624e-07
33100.056 7.332533048498638e-07
33150.056 5.300963763700454e-07
33200.056 3.877295292499137e-07
33250.056 3.2732785946987524e-07
33300.056 2.9859830312004524e-07
33350.056 3.3614503144001803e-07
33400.056 3.5319678182995796e-07
33450.056 3.9668716764996706e-07
33500.056 4.883846247901094e-07
33550.056 5.27365556870041e-07
33600.056 6.27215280510083e-07
33650.056 7.23334100840175e-07
33700.056 7.329058443598832e-07
33750.056 8.85266617189975e-07
33800.056 8.488572782898561e-07
33850.056 8.891400696399749e-07
33900.056 9.042112824498414e-07
33950.056 8.215107972399571e-07
34000.056 8.633996140897722e-07
34050.056 8.33776374939782e-07
34100.056 9.781999493300156e-07
34150.056 8.852514435997883e-07
34200.056 7.749017445996876e-07
34250.056 9.210281866098182e-07
34300.056 7.948313644594367e-07
34350.056 7.630461142699906e-07
34400.056 7.372789013100054e-07
34450.056 8.263789607099565e-07
34500.056 8.329416340100203e-07
34550.056 7.498270977400144e-07
34600.056 9.015677379700401e-07
34650.056 8.797288888799707e-07
34700.056 8.326220762198331e-07
34750.056 9.348710614301612e-07
34800.056 9.244628040896617e-07
34850.056 8.248056192200208e-07
34900.056 9.351429948101441e-07
34950.056 8.40373830759769e-07
35000.056 9.703463104899564e-07
35050.056 9.676974929200163e-07
35100.056 8.793108521897273e-07
35150.056 9.896353962900104e-07
35200.056 9.845668990100843e-07
35250.056 9.648998993499076e-07
35300.056 9.6502086878007e-07
35350.056 9.683911817398748e-07
35400.056 9.652159283800987e-07
35450.056 8.129771761504166e-07
35500.056 1.0777137150199188e-06
35550.056 1.0023833550399812e-06
35600.056 9.209969204000507e-07
35650.056 1.1503394043700992e-06
35700.056 9.37565207430187e-07
35750.056 1.072651293109716e-06
35800.056 1.2220794841299218e-06
35850.056 1.0530810162799282e-06
35900.056 1.300561928239771e-06
35950.056 1.1834036176601382e-06
36000.056 1.098102420759942e-06
36050.056 1.3054994710801563e-06
36100.056 1.3075321856993404e-06
36150.056 1.223285305480161e-06
36200.056 1.4003833133298068e-06
36250.056 1.2298489448697738e-06
36300.056 1.5105178504903465e-06
36350.056 1.389195393729958e-06
36400.056 1.3282796207700493e-06
36450.056 1.538762126309834e-06
36500.056 1.4356984979000515e-06
36550.056 1.4256202000004199e-06
36600.056 1.5074949234400803e-06
36650.056 1.557565864159959e-06
36700.056 1.6499178208300185e-06
36750.056 1.5837659733401616e-06
36800.056 1.6190459126198898e-06
36850.056 1.634584920710228e-06
36900.056 1.6739568085003009e-06
36950.056 1.7178755195598699e-06
37000.056 1.7927060786599363e-06
37050.056 1.7562546142099133e-06
37100.056 1.7960931100102854e-06
37150.056 1.7955994521596803e-06
37200.056 1.8591566473801036e-06
37250.056 1.9133634880800716e-06
37300.056 1.8697202935801364e-06
37350.056 1.7549379987403162e-06
37400.056 1.8892767502597617e-06
37450.056 1.871569636770199e-06
37500.056 1.897954544779785e-06
37550.056 1.9163409136797006e-06
37600.056 2.037481234399753e-06
37650.056 1.908340080199848e-06
37700.056 1.9920501312000264e-06
37750.056 2.048178569039904e-06
37800.056 2.1220631457000452e-06
37850.056 1.9582757414199297e-06
37900.056 2.0408031296601667e-06
37950.056 2.0709993471999654e-06
38000.056 2.065922760960224e-06
38050.056 2.1050122834600777e-06
38100.056 1.9870029918402467e-06
38150.056 2.25345839199977e-06
38200.056 2.3159871914997886e-06
38250.056 2.023867083850347e-06
38300.056 2.0346708710499424e-06
38350.056 2.157601220199816e-06
38400.056 2.1723890429797495e-06
38450.056 2.3075367846001355e-06
38500.056 2.1799815885999234e-06
38550.056 2.2177510136400383e-06
38600.056 2.444204033699814e-06
38650.056 2.142867700200064e-06
38700.056 2.219114520520436e-06
38750.056 2.2567196908000163e-06
38800.056 2.2689100261601034e-06
38850.056 2.1803405894602153e-06
38900.056 2.1567936867598457e-06
38950.056 2.3576100995998357e-06
39000.056 2.221238193700055e-06
39050.056 2.322973761199873e-06
39100.056 2.1500393698001295e-06
39150.056 2.2490196695000405e-06
39200.056 2.3730486196201377e-06
39250.056 2.3456217686994775e-06
39300.056 2.30224290965945e-06
39350.056 2.3260390040802202e-06
39400.056 2.2834440416000458e-06
39450.056 2.2858625176998443e-06
39500.056 2.231154625549785e-06
39550.056 2.206850752519771e-06
39600.056 2.4459911532999318e-06
39650.056 2.1411179990999523e-06
39700.056 2.244817262899836e-06
39750.056 2.20312814973973e-06
39800.056 2.0942063908000445e-06
39850.056 2.1768493705498076e-06
39900.056 2.1746297374601562e-06
39950.056 2.284007981699857e-06
40000.056 2.019984691179943e-06
40050.056 1.9911693473999905e-06
40100.056 2.1526172738599055e-06
40150.056 1.984433761299639e-06
40200.056 2.031597815029749e-06
40250.056 1.9993247350994553e-06
40300.056 1.881566986380153e-06
40350.056 2.0855965900002902e-06
40400.056 2.0315385227200184e-06
40450.056 1.9700195226002843e-06
40500.056 1.7846677129702561e-06
40550.056 2.1014413614998616e-06
40600.056 1.8004170243402913e-06
40650.056 1.8622962617300696e-06
40700.056 2.003661993220127e-06
40750.056 1.762691499999275e-06
40800.056 1.7204828060702495e-06
40850.056 1.6879271293603952e-06
40900.056 1.685221199300222e-06
40950.056 1.7967907167799597e-06
41000.056 1.7910586066000117e-06
41050.056 1.7656325621997202e-06
41100.056 1.694345306010064e-06
41150.056 1.7558724475700562e-06
41200.056 1.679811361090019e-06
41250.056 1.7112228274901514e-06
41300.056 1.4797346341796829e-06
41350.056 1.7668159453100546e-06
41400.056 1.6446285488202143e-06
41450.056 1.6382116268702676e-06
41500.056 1.7167487197600844e-06
41550.056 1.6349162827299942e-06
41600.056 1.7226245400600336e-06
41650.056 1.5584639332003387e-06
41700.056 1.4777137763497876e-06
41750.056 1.5138160949698675e-06
41800.056 1.5383203763297046e-06
41850.056 1.3330897531202706e-06
41900.056 1.5634079855999418e-06
41950.056 1.3148167577203986e-06
42000.056 1.4121275346601353e-06
42050.056 1.243747811659606e-06
42100.056 1.4807632469202364e-06
42150.056 1.0779857891896089e-06
42200.056 1.1886651179700087e-06
42250.056 1.2514679126400895e-06
42300.056 1.0366932946000256e-06
42350.056 1.2714103426703557e-06
42400.056 1.0656782514902851e-06
42450.056 9.18964156720171e-07
42500.056 9.889741102602224e-07
42550.056 9.991873335400523e-07
42600.056 1.0080900806203014e-06
42650.056 8.729354188693998e-07
42700.056 1.0102791371103687e-06
42750.056 9.255346317699907e-07
42800.056 8.951726623203233e-07
42850.056 9.544808090397336e-07
42900.056 9.262439232000427e-07
42950.056 8.655080142995633e-07
43000.056 8.776492048400564e-07
43050.056 8.119501944603905e-07
43100.056 9.082315141401614e-07
43150.056 8.88459806870165e-07
43200.056 9.140472078701434e-07
43250.056 8.775747842398851e-07
43300.056 9.135475254500832e-07
43350.056 8.329317895699648e-07
43400.056 8.669691032799564e-07
43450.056 8.729013610802875e-07
43500.056 8.48326895289894e-07
43550.056 9.000148106700323e-07
43600.056 9.056831931600854e-07
43650.056 8.007313804900743e-07
43700.056 7.936856571697868e-07
43750.056 8.323677835701636e-07
43800.056 7.616210723001344e-07
43850.056 7.973295817101967e-07
43900.056 8.304414880699414e-07
43950.056 7.694745682101885e-07
44000.056 7.523243794001207e-07
44050.056 7.583299781100916e-07
44100.056 7.804309855601063e-07
44150.056 7.989390646698141e-07
44200.056 7.59020397089962e-07
44250.056 7.53308455710035e-07
44300.056 7.419587286600639e-07
44350.056 7.225418421300174e-07
44400.056 7.654344990199716e-07
44450.056 7.734251894999926e-07
44500.056 7.939417429300591e-07
44550.056 7.244493280198554e-07
44600.056 7.467951410800746e-07
44650.056 7.747563574200785e-07
44700.056 7.285104657800535e-07
44750.056 7.628931377399282e-07
44800.056 7.831574123899634e-07
44850.056 7.633338483500718e-07
44900.056 7.249692051700786e-07
44950.056 6.9657256067e-07
45000.056 7.565881788099449e-07
45050.056 7.532884136399416e-07
45100.056 7.758821948299674e-07
45150.056 7.31569994379975e-07
45200.056 6.852173916100139e-07
45250.056 7.010821538399375e-07
45300.056 7.444778081300327e-07
45350.056 7.706170776999588e-07
45400.056 7.43595698150078e-07
45450.056 6.864042533499113e-07
45500.056 7.0539901445998e-07
45550.056 7.638947003199534e-07
45600.056 7.124260008599822e-07
45650.056 6.604009053298858e-07
45700.056 7.691058929800458e-07
45750.056 6.998379028399988e-07
45800.056 6.939648464699743e-07
45850.056 8.014355644399679e-07
45900.056 8.050300243600337e-07
45950.056 7.015741982299993e-07
46000.056 8.154530181000225e-07
46050.056 8.006656837201153e-07
46100.056 6.848020320400734e-07
46150.056 7.524875625699794e-07
46200.056 7.936872387901366e-07
46250.056 6.696378447299894e-07
46300.056 8.423922225199779e-07
46350.056 7.179811153899318e-07
46400.056 7.374563240799237e-07
46450.056 7.699205499601042e-07
46500.056 7.034452815899439e-07
46550.056 8.585136875899784e-07
46600.056 7.911048987200333e-07
46650.056 1.0051039622298666e-06
46700.056 9.264640075302683e-07
46750.056 7.424818521399218e-07
46800.056 8.155613818901159e-07
46850.056 8.76573697650089e-07
46900.056 8.254744225498601e-07
46950.056 9.111289840000384e-07
47000.056 7.759948179699933e-07
47050.056 9.212341155098451e-07
47100.056 7.288644106800702e-07
47150.056 7.95889813930092e-07
47200.056 8.530407771901712e-07
47250.056 7.572897902899283e-07
47300.056 7.841475455198236e-07
47350.056 6.967313715498727e-07
47400.056 8.520710169198602e-07
47450.056 7.456232682099614e-07
47500.056 8.390882342898773e-07
47550.056 7.532537929199368e-07
47600.056 8.493670538799562e-07
47650.056 6.390572199098566e-07
47700.056 8.705884671200473e-07
47750.056 6.207473140601283e-07
47800.056 8.568744554899117e-07
47850.056 6.7380542122989e-07
47900.056 8.469053994200413e-07
47950.056 6.496094124401063e-07
48000.056 9.477388344800053e-07
48050.056 7.251481908301035e-07
48100.056 7.983630193899898e-07
48150.056 7.358400864601001e-07
48200.056 8.573293159001088e-07
48250.056 7.23512480859992e-07
48300.056 9.341494321598354e-07
48350.056 6.615000882799613e-07
48400.056 8.423056447399974e-07
48450.056 7.062707154100229e-07
48500.056 9.48966824000032e-07
48550.056 6.800378506500225e-07
48600.056 8.681833773199321e-07
48650.056 7.031051483499722e-07
48700.056 8.50945998820051e-07
48750.056 6.386348573000539e-07
48800.056 9.661449704000458e-07
48850.056 6.91587917069877e-07
48900.056 8.804195692800739e-07
48950.056 8.081174145600225e-07
49000.056 7.846282492098973e-07
49050.056 8.42353917829983e-07
49100.056 7.727105414700737e-07
49150.056 8.267766536800041e-07
49200.056 7.816263266099762e-07
49250.056 8.234096514600174e-07
49300.056 7.160856456799488e-07
49350.056 7.679213169799944e-07
49400.056 8.938567988600653e-07
49450.056 7.684651778801656e-07
49500.056 8.11936261190031e-07
49550.056 7.074045407900054e-07
49600.056 7.812499973101816e-07
49650.056 8.161460865300252e-07
49700.056 7.084066484199401e-07
49750.056 1.021080807439858e-06
49800.056 7.784888397100457e-07
49850.056 9.95777881920051e-07
49900.056 7.842363771500558e-07
49950.056 8.529249542198002e-07
50000.056 8.298109176498351e-07
50050.056 8.365662989200618e-07
50100.056 8.922735994899527e-07
50150.056 7.550677135000326e-07
50200.056 7.120077245700793e-07
50250.056 8.364361362600282e-07
50300.056 7.836273147599537e-07
50350.056 9.169443292900128e-07
50400.056 8.030504256099862e-07
50450.056 7.967058661601249e-07
50500.056 1.0006199031301584e-06
50550.056 8.333058498099684e-07
50600.056 8.979025935200212e-07
50650.056 8.514757977801794e-07
50700.056 9.298967124697524e-07
50750.056 9.561629718201253e-07
50800.056 7.195807166599221e-07
50850.056 8.405995587701615e-07
50900.056 9.175326873299692e-07
50950.056 9.201609144801499e-07
51000.056 1.0549882694800824e-06
51050.056 7.933288426900959e-07
51100.056 7.774774417799324e-07
51150.056 8.992701321899262e-07
51200.056 8.824859566199565e-07
51250.056 9.453583613899382e-07
51300.056 7.899838681802675e-07
51350.056 8.803290311598319e-07
51400.056 8.104484271198207e-07
51450.056 6.363665549898898e-07
51500.056 8.275235317000023e-07
51550.056 1.075077134120087e-06
51600.056 7.376847656500648e-07
51650.056 8.596796404498808e-07
51700.056 8.146997865097763e-07
51750.056 7.733574956500713e-07
51800.056 9.304971267998177e-07
51850.056 9.241673657899065e-07
51900.056 9.767582858701975e-07
51950.056 9.019173848799305e-07
52000.056 7.561419808999548e-07
52050.056 8.730025753499649e-07
52100.056 8.121914088398484e-07
52150.056 8.23558490900046e-07
52200.056 7.943412271800287e-07
52250.056 8.433976148000067e-07
52300.056 9.268850213399965e-07
52350.056 9.895554688201204e-07
52400.056 7.290834922301142e-07
52450.056 8.594016411699823e-07
52500.056 9.540261114798404e-07
52550.056 8.86404918339726e-07
52600.056 8.935839214201359e-07
52650.056 1.0069048899001456e-06
52700.056 8.599267943400097e-07
52750.056 7.135147858399212e-07
52800.056 8.0326078290008e-07
52850.056 7.648767962298975e-07
52900.056 8.450009400600565e-07
52950.056 8.423362946598874e-07
53000.056 9.56317317689919e-07
53050.056 8.142494270898431e-07
53100.056 7.793630428998065e-07
53150.056 9.98201441880163e-07
53200.056 6.992031050900853e-07
53250.056 9.93290018339974e-07
53300.056 9.67362743580403e-07
53350.056 9.458708965798987e-07
53400.056 8.92425636340083e-07
53450.056 7.802963913800333e-07
53500.056 6.773968887798769e-07
53550.056 8.432653324999092e-07
53600.056 9.2638619264016e-07
53650.056 7.534993025001107e-07
53700.056 7.901912595901738e-07
53750.056 8.624763572400137e-07
53800.056 8.585935969901186e-07
