galfind/configs/Brown_Dwarf_templates/sonora_bobcat/m0.0/31g/sp_t2400g31nc_m0.0_resample.dat
# %ECSV 1.0
# ---
# datatype:
# - {name: wav, unit: Angstrom, datatype: float64}
# - {name: flux_nu, unit: erg / (cm2 Hz s), datatype: float64}
# meta: {C/O: '1.00', Kzz: '1.0000E+05', Teff: '2401.', Y: '0.28', '[Fe/H]': '0.00', f_hole: '1.00', f_rain: '0.00', grav: '32.'}
# schema: astropy-2.0
wav flux_nu
[from data line 503]
29150.056 4.317830657600074e-06
29200.056 4.102487876500047e-06
29250.056 4.278338288999886e-06
29300.056 3.998687781498449e-06
29350.056 4.527630069699525e-06
29400.056 4.113507310399851e-06
29450.056 3.997809189999806e-06
29500.056 4.243177272899589e-06
29550.056 4.1263967726003945e-06
29600.056 4.258217320900136e-06
29650.056 4.234957516000144e-06
29700.056 3.921312269399713e-06
29750.056 4.491624142401011e-06
29800.056 4.368905955399752e-06
29850.056 4.274072888899511e-06
29900.056 3.967781395400911e-06
29950.056 4.487796312399403e-06
30000.056 4.431787981898607e-06
30050.056 4.2604185980000456e-06
30100.056 3.640170878699328e-06
30150.056 4.8410787092997115e-06
30200.056 4.5696842837002865e-06
30250.056 4.286769481000601e-06
30300.056 4.396970585699942e-06
30350.056 4.311476843000744e-06
30400.056 4.717649847700466e-06
30450.056 4.032060654500483e-06
30500.056 4.042065151700517e-06
30550.056 4.865331857700691e-06
30600.056 4.635545514700275e-06
30650.056 4.588274590600243e-06
30700.056 4.340420520800008e-06
30750.056 4.277173237600158e-06
30800.056 4.804916725001204e-06
30850.056 4.367341593000044e-06
30900.056 4.385810908499731e-06
30950.056 4.246663360500295e-06
31000.056 4.730749055599887e-06
31050.056 4.248087772300139e-06
31100.056 4.592080190500082e-06
31150.056 4.586239351899761e-06
31200.056 4.742567398799558e-06
31250.056 4.866530639400771e-06
31300.056 4.506802184099715e-06
31350.056 4.421503745799979e-06
31400.056 4.668139882800493e-06
31450.056 4.629573545700323e-06
31500.056 4.7369686501005285e-06
31550.056 4.396477035799963e-06
31600.056 4.574538686499906e-06
31650.056 4.718288358599837e-06
31700.056 4.8744094808000344e-06
31750.056 4.388220758900075e-06
31800.056 4.754034149600342e-06
31850.056 5.103406964699767e-06
31900.056 4.989634772799652e-06
31950.056 4.432221994699631e-06
32000.056 4.57929381030062e-06
32050.056 5.01105045940054e-06
32100.056 5.079974093699658e-06
32150.056 5.028344224700118e-06
32200.056 4.842886579599896e-06
32250.056 4.690401923200129e-06
32300.056 4.938630686500084e-06
32350.056 5.187014038200547e-06
32400.056 4.809279783500002e-06
32450.056 4.6983535579002924e-06
32500.056 4.990956452500167e-06
32550.056 5.298248006800136e-06
32600.056 5.160478245199723e-06
32650.056 5.110207883401e-06
32700.056 4.905748507700084e-06
32750.056 5.104890091799966e-06
32800.056 4.803346174400663e-06
32850.056 5.3746301497997915e-06
32900.056 5.210921233300221e-06
32950.056 4.810095964499928e-06
33000.056 5.083445514600213e-06
33050.056 5.1113201178996385e-06
33100.056 5.217447720399091e-06
33150.056 5.203811196200368e-06
33200.056 4.98006320040051e-06
33250.056 5.161479253700288e-06
33300.056 5.505349655500284e-06
33350.056 5.2173004820003564e-06
33400.056 5.001082922699679e-06
33450.056 5.318026699798726e-06
33500.056 5.22832856860016e-06
33550.056 5.21368080289927e-06
33600.056 5.249812175500445e-06
33650.056 5.317646532700761e-06
33700.056 5.450518202999321e-06
33750.056 5.429607858100236e-06
33800.056 5.392478260599861e-06
33850.056 5.233344002399938e-06
33900.056 5.6375380629995565e-06
33950.056 5.217961321599517e-06
34000.056 5.250432026099222e-06
34050.056 5.394966294900149e-06
34100.056 5.59640889590044e-06
34150.056 5.523169788399564e-06
34200.056 5.292012862299484e-06
34250.056 5.692416945999328e-06
34300.056 5.401122411699452e-06
34350.056 5.609784042599391e-06
34400.056 5.3228397901995345e-06
34450.056 5.312988333400097e-06
34500.056 5.429937307400881e-06
34550.056 5.368065331599813e-06
34600.056 5.485699031399889e-06
34650.056 5.502373101599799e-06
34700.056 5.307921155099656e-06
34750.056 5.609960242900254e-06
34800.056 5.6943948953996825e-06
34850.056 5.340171273699999e-06
34900.056 5.62049002590043e-06
34950.056 5.496458166299186e-06
35000.056 5.422833125999645e-06
35050.056 5.72407195730051e-06
35100.056 5.690328308799192e-06
35150.056 5.508642167499531e-06
35200.056 5.645104536899743e-06
35250.056 5.234742224200464e-06
35300.056 5.601661914800469e-06
35350.056 5.7751670436996215e-06
35400.056 5.566199587499953e-06
35450.056 5.452547286500134e-06
35500.056 5.668974318100128e-06
35550.056 5.553484034099977e-06
35600.056 5.519275990099154e-06
35650.056 5.789624788300468e-06
35700.056 5.492080947700277e-06
35750.056 5.4913631289997036e-06
35800.056 5.682641991399733e-06
35850.056 5.7916039581997176e-06
35900.056 5.80309139249959e-06
35950.056 5.717947464299406e-06
36000.056 5.3837583527995116e-06
36050.056 5.79406778960014e-06
36100.056 5.985362088500139e-06
36150.056 5.532509611200256e-06
36200.056 5.8354910848995275e-06
36250.056 5.567289402399338e-06
36300.056 6.059777220100714e-06
36350.056 5.927390144199417e-06
36400.056 5.753688686099826e-06
36450.056 6.016421550099707e-06
36500.056 5.7223232576003145e-06
36550.056 5.62423310320042e-06
36600.056 5.671663504600482e-06
36650.056 5.8167649414004904e-06
36700.056 6.009067170600151e-06
36750.056 5.680647612400651e-06
36800.056 5.818864707399565e-06
36850.056 5.903551399799849e-06
36900.056 5.933095743100628e-06
36950.056 5.922551893000145e-06
37000.056 5.921981764100213e-06
37050.056 6.051595899999936e-06
37100.056 5.84041589860032e-06
37150.056 5.793997748799134e-06
37200.056 5.990758634300148e-06
37250.056 6.017271933700316e-06
37300.056 5.9683270229008425e-06
37350.056 5.816158546800553e-06
37400.056 6.00028531949976e-06
37450.056 5.98012002550038e-06
37500.056 6.116618546599795e-06
37550.056 5.949816643899299e-06
37600.056 6.156370543999393e-06
37650.056 5.764384431999522e-06
37700.056 5.844554150100227e-06
37750.056 6.128550437699197e-06
37800.056 6.2118730235999906e-06
37850.056 6.048726176999784e-06
37900.056 6.123780936100329e-06
37950.056 6.151507859100283e-06
38000.056 6.043645332800643e-06
38050.056 6.0551482885003564e-06
38100.056 5.923728701400145e-06
38150.056 6.184491161399304e-06
38200.056 6.296787247599369e-06
38250.056 6.0274831296005315e-06
38300.056 5.943708850499917e-06
38350.056 6.134781612800062e-06
38400.056 6.14643722309988e-06
38450.056 6.084380487700568e-06
38500.056 6.06201081549976e-06
38550.056 6.110040685700421e-06
38600.056 6.398430809599753e-06
38650.056 5.854075564000194e-06
38700.056 5.940640163300491e-06
38750.056 6.2033508668000345e-06
38800.056 6.051722938800739e-06
38850.056 6.148579562000214e-06
38900.056 5.9244936392000125e-06
38950.056 6.100572641799626e-06
39000.056 6.065587928100088e-06
39050.056 6.077671211500002e-06
39100.056 5.857035077599902e-06
39150.056 5.9763621474002376e-06
39200.056 6.0639613278002105e-06
39250.056 6.069406713699441e-06
39300.056 6.088132300499176e-06
39350.056 6.039992310000486e-06
39400.056 5.902832729500181e-06
39450.056 5.975484625299821e-06
39500.056 5.9308790040999904e-06
39550.056 5.830428976598998e-06
39600.056 6.15796629330043e-06
39650.056 5.823918990700168e-06
39700.056 5.970666361500014e-06
39750.056 5.990805882899542e-06
39800.056 5.745977685900231e-06
39850.056 5.880656263499801e-06
39900.056 5.736742256899685e-06
39950.056 5.927586203599799e-06
40000.056 5.737731094099722e-06
40050.056 5.410717844699817e-06
40100.056 5.732803973799876e-06
40150.056 5.437470889099281e-06
40200.056 5.659167766299737e-06
40250.056 5.604463413598686e-06
40300.056 5.353050142000135e-06
40350.056 5.482719768400187e-06
40400.056 5.584475897600078e-06
40450.056 5.24910523590094e-06
40500.056 5.0673490087998825e-06
40550.056 5.607085176199707e-06
40600.056 5.239919486800269e-06
40650.056 5.3575285542010085e-06
40700.056 5.578668463100287e-06
40750.056 5.059504525698928e-06
40800.056 5.042000723400493e-06
40850.056 4.8495446653008776e-06
40900.056 4.750308941500643e-06
40950.056 5.093834685600063e-06
41000.056 5.246244950500388e-06
41050.056 5.1254953225992725e-06
41100.056 4.9540984163005255e-06
41150.056 5.228006354500214e-06
41200.056 4.950421529100069e-06
41250.056 5.05361663160014e-06
41300.056 4.637034134999787e-06
41350.056 5.1299583452002996e-06
41400.056 4.975500562399895e-06
41450.056 4.816116459400053e-06
41500.056 5.046158700099989e-06
41550.056 5.075789385400043e-06
41600.056 5.198036524899794e-06
41650.056 4.759359899100493e-06
41700.056 4.668902714799769e-06
41750.056 4.935660567700106e-06
41800.056 4.70459099769991e-06
41850.056 4.530177290000491e-06
41900.056 4.9174962236993116e-06
41950.056 4.650811784900361e-06
42000.056 4.857826898900259e-06
42050.056 4.5828829522989e-06
42100.056 4.900018572100326e-06
42150.056 4.4925774674994476e-06
42200.056 4.516534704700159e-06
42250.056 4.7662848669998796e-06
42300.056 4.579729314300065e-06
42350.056 4.815175768200578e-06
42400.056 4.5383267976999846e-06
42450.056 4.179094703300269e-06
42500.056 4.194524110700176e-06
42550.056 4.548642627499687e-06
42600.056 4.448082833300468e-06
42650.056 4.458870654099191e-06
42700.056 4.47499741450063e-06
42750.056 4.333914705299976e-06
42800.056 4.40710682289992e-06
42850.056 4.593247787199712e-06
42900.056 4.466546229400344e-06
42950.056 4.066851533798696e-06
43000.056 4.323798442499964e-06
43050.056 4.194127116701122e-06
43100.056 4.293452877899281e-06
43150.056 4.4513644674008366e-06
43200.056 4.24313245159985e-06
43250.056 4.312056717501015e-06
43300.056 4.358625541000185e-06
43350.056 4.196287956899468e-06
43400.056 4.105445721499726e-06
43450.056 4.17642846990083e-06
43500.056 4.0815909159990535e-06
43550.056 4.171752163099863e-06
43600.056 4.332237674499928e-06
43650.056 4.0752339076004395e-06
43700.056 4.110329771600214e-06
43750.056 4.078936562699925e-06
43800.056 4.024368479199925e-06
43850.056 4.197614250200287e-06
43900.056 4.145034068099868e-06
43950.056 3.972619415900442e-06
44000.056 3.834001281400289e-06
44050.056 3.896437909900113e-06
44100.056 3.911161224000732e-06
44150.056 4.2011029676994414e-06
44200.056 3.96759233530023e-06
44250.056 3.7514998959997256e-06
44300.056 3.7290296830006353e-06
44350.056 3.819459254100034e-06
44400.056 3.748988944500039e-06
44450.056 3.979079528600124e-06
44500.056 4.07019543270073e-06
44550.056 3.731187154499291e-06
44600.056 3.817609653300512e-06
44650.056 3.901040860700001e-06
44700.056 3.688091842600351e-06
44750.056 3.92990997299963e-06
44800.056 3.867897103899836e-06
44850.056 4.028399160400405e-06
44900.056 3.8761751523005365e-06
44950.056 3.60026265830007e-06
45000.056 3.862642563600032e-06
45050.056 3.785564636299567e-06
45100.056 3.90096221519969e-06
45150.056 3.899152286600195e-06
45200.056 3.656122748299703e-06
45250.056 3.6965188172994847e-06
45300.056 3.6213466815999985e-06
45350.056 3.8605274078992505e-06
45400.056 3.884150529600279e-06
45450.056 3.692315941599344e-06
45500.056 3.605684092399905e-06
45550.056 3.810114018999248e-06
45600.056 3.7874739140999408e-06
45650.056 3.585987456999003e-06
45700.056 3.589799175100532e-06
45750.056 3.7211775827996985e-06
45800.056 3.7572706005000464e-06
45850.056 3.865456091700167e-06
45900.056 3.834692441099864e-06
45950.056 3.5577076990000063e-06
46000.056 3.713075418400052e-06
46050.056 3.817533465600829e-06
46100.056 3.5791872337001754e-06
46150.056 3.6222886330999895e-06
46200.056 3.847932450200672e-06
46250.056 3.4786795604999292e-06
46300.056 3.81560005909981e-06
46350.056 3.4061273815997883e-06
46400.056 3.631993759799614e-06
46450.056 3.5049469922006984e-06
46500.056 3.490019743300158e-06
46550.056 3.7038050413998626e-06
46600.056 3.42645601389964e-06
46650.056 3.875699124700039e-06
46700.056 3.6533026289007666e-06
46750.056 3.4086013477999974e-06
46800.056 3.6001165273005417e-06
46850.056 3.6509903087999475e-06
46900.056 3.5791268604994434e-06
46950.056 3.6549500895001673e-06
47000.056 3.669987913300112e-06
47050.056 3.5799665129998077e-06
47100.056 3.589408854200172e-06
47150.056 3.55861522040044e-06
47200.056 3.5296352724006852e-06
47250.056 3.5993580666990363e-06
47300.056 3.4302095044991277e-06
47350.056 3.376349131099561e-06
47400.056 3.6329052670994664e-06
47450.056 3.7957388844998286e-06
47500.056 3.4145525736991665e-06
47550.056 3.5835197902992983e-06
47600.056 3.6519623585999818e-06
47650.056 3.2016283750993935e-06
47700.056 3.6587286818001247e-06
47750.056 3.120834443000846e-06
47800.056 3.6678509552997613e-06
47850.056 3.2899629189986156e-06
47900.056 3.7017871847001256e-06
47950.056 3.2172491639007675e-06
48000.056 3.7362492220000715e-06
48050.056 3.387598259500644e-06
48100.056 3.3273696080000804e-06
48150.056 3.330737016300353e-06
48200.056 3.6221651842009282e-06
48250.056 3.3868148302997926e-06
48300.056 3.778302367699882e-06
48350.056 3.10039354609938e-06
48400.056 3.610460824499873e-06
48450.056 3.4946435222002277e-06
48500.056 3.669526765100011e-06
48550.056 3.2965925583000007e-06
48600.056 3.5654975868997645e-06
48650.056 3.1823051683999415e-06
48700.056 3.3481728097001044e-06
48750.056 3.0919460493005515e-06
48800.056 3.6245055943001757e-06
48850.056 3.277090797899406e-06
48900.056 3.5471277777000115e-06
48950.056 3.5058208197005867e-06
49000.056 3.3724743099998184e-06
49050.056 3.366308890499762e-06
49100.056 3.36462565959999e-06
49150.056 3.2927042231001295e-06
49200.056 3.602187229400072e-06
49250.056 3.3755912365003495e-06
49300.056 3.268130735199741e-06
49350.056 3.077401568600059e-06
49400.056 3.506569872700571e-06
49450.056 3.2852682777005654e-06
49500.056 3.2744208555004045e-06
49550.056 3.1929602470000153e-06
49600.056 3.1811822666002808e-06
49650.056 3.223476576800671e-06
49700.056 2.9445645071996493e-06
49750.056 3.550855687099384e-06
49800.056 3.3685524459999533e-06
49850.056 3.5130125844001155e-06
49900.056 3.175385722600017e-06
49950.056 3.350299641198968e-06
50000.056 3.119858134799375e-06
50050.056 3.3609184376000226e-06
50100.056 3.2329057652997256e-06
50150.056 3.1543156394997652e-06
50200.056 2.9407549618001296e-06
50250.056 2.9527511614002194e-06
50300.056 3.0679444803994263e-06
50350.056 3.119771770999936e-06
50400.056 3.188310362300215e-06
50450.056 3.001525897400136e-06
50500.056 3.5007642461004324e-06
50550.056 3.213545524599763e-06
50600.056 3.1743105099003454e-06
50650.056 3.1331387504006558e-06
50700.056 3.2201451832993207e-06
50750.056 3.0957080254002528e-06
50800.056 2.9839421690999972e-06
50850.056 3.0540618307003043e-06
50900.056 3.04430605820001e-06
50950.056 3.2578568466004275e-06
51000.056 3.355656068100278e-06
51050.056 2.9532559533005145e-06
51100.056 2.9545514627998705e-06
51150.056 3.176190490600255e-06
51200.056 3.110667485299806e-06
51250.056 3.1736114489002423e-06
51300.056 3.024411372000601e-06
51350.056 3.1245052734997404e-06
51400.056 3.048921951499377e-06
51450.056 2.5663593643998157e-06
51500.056 3.153969964599881e-06
51550.056 3.331261788600238e-06
51600.056 2.751353454999837e-06
51650.056 3.1026510025996967e-06
51700.056 2.785049197199255e-06
51750.056 2.894489349500185e-06
51800.056 3.030262483699692e-06
51850.056 3.1184238910999986e-06
51900.056 3.189857886600247e-06
51950.056 2.8985750283997133e-06
52000.056 2.7953762157000187e-06
52050.056 3.1102850373997868e-06
52100.056 3.0503970845993665e-06
52150.056 3.012716519100476e-06
52200.056 2.9094068806000835e-06
52250.056 2.8528390309999727e-06
52300.056 2.897984021799937e-06
52350.056 3.1951971458002924e-06
52400.056 2.7740451166999162e-06
52450.056 2.9331708815000386e-06
52500.056 2.982537644499151e-06
52550.056 2.829942717099428e-06
52600.056 2.988560169600153e-06
52650.056 3.2306270514005505e-06
52700.056 2.9429380538001066e-06
52750.056 2.539337188499829e-06
52800.056 2.809897085400315e-06
52850.056 2.7380626419999135e-06
52900.056 2.96783723760036e-06
52950.056 2.859671366299499e-06
53000.056 3.0393361573994875e-06
53050.056 2.9876839259996626e-06
53100.056 2.62798014979943e-06
53150.056 3.0248701644004516e-06
53200.056 2.5882442224004443e-06
53250.056 3.177331537099968e-06
53300.056 3.0154707505007156e-06
53350.056 3.1283039165998696e-06
53400.056 2.808384298000161e-06
53450.056 2.6962230077999776e-06
53500.056 2.634232244499697e-06
53550.056 3.033485376400133e-06
53600.056 2.924104479500422e-06
53650.056 2.7914673103007705e-06
53700.056 2.7843497162005974e-06
53750.056 3.0534123745997273e-06
53800.056 3.0858074227003677e-06
53850.056 2.9714004649991063e-06
