galfind/configs/Brown_Dwarf_templates/sonora_bobcat/m0.0/31g/sp_t400g31nc_m0.0_resample.dat
# %ECSV 1.0
# ---
# datatype:
# - {name: wav, unit: Angstrom, datatype: float64}
# - {name: flux_nu, unit: erg / (cm2 Hz s), datatype: float64}
# meta: {C/O: '1.00', Kzz: '1.0000E+05', Teff: '400.', Y: '0.28', '[Fe/H]': '0.00', f_hole: '1.00', f_rain: '0.00', grav: '32.'}
# schema: astropy-2.0
wav flux_nu
[from data line 498]
28900.056 8.102519973966729e-11
28950.056 1.2124838987886057e-10
29000.056 7.540167700634896e-11
29050.056 1.21645906498914e-10
29100.056 6.33602574026551e-11
29150.056 7.568518035714562e-11
29200.056 1.617709115261923e-10
29250.056 2.003594039420355e-10
29300.056 9.129550100297531e-11
29350.056 2.536844474640489e-10
29400.056 1.288643278513301e-10
29450.056 8.089916869100361e-11
29500.056 2.4741110910805493e-10
29550.056 9.426369216652851e-11
29600.056 1.2924495921566083e-10
29650.056 3.41844229371024e-10
29700.056 8.57477343227341e-11
29750.056 2.540343506363584e-10
29800.056 1.9331542750377012e-10
29850.056 2.8083078385341107e-10
29900.056 1.545572900591571e-10
29950.056 2.0443617040443664e-10
30000.056 3.665003144182001e-12
30050.056 2.150641473198229e-11
30100.056 8.552803726417556e-11
30150.056 2.6102688114171277e-10
30200.056 1.8050825103716138e-10
30250.056 3.6010022828026294e-10
30300.056 5.295681600724167e-10
30350.056 1.4450606096466072e-10
30400.056 4.6391953128865497e-10
30450.056 3.242052681767743e-10
30500.056 2.415387928488936e-10
30550.056 2.0352739618081818e-10
30600.056 8.870914239701559e-10
30650.056 4.468756314488844e-10
30700.056 2.6622933999101106e-10
30750.056 5.638733524388941e-10
30800.056 3.9989177232965434e-10
30850.056 4.786969262402269e-10
30900.056 2.2871556334146222e-10
30950.056 2.542607299596599e-10
31000.056 2.9423647413678954e-10
31050.056 1.9654871484735576e-10
31100.056 1.2411102116430827e-10
31150.056 2.3737587481423347e-10
31200.056 5.62334439559119e-10
31250.056 3.548940965467832e-10
31300.056 2.074816146494418e-10
31350.056 4.422023171095574e-10
31400.056 3.044824904041078e-10
31450.056 3.0355507087545735e-10
31500.056 1.2412817033434734e-10
31550.056 1.9927134357248832e-10
31600.056 1.3276319182136716e-10
31650.056 1.3018482788641958e-10
31700.056 1.2104791539146685e-10
31750.056 6.092936621873495e-11
31800.056 1.1850998583544205e-10
31850.056 2.2659890755289247e-11
31900.056 5.3691262259321144e-11
31950.056 3.5214690878400205e-11
32000.056 2.5068156321596977e-11
32050.056 4.311357733958395e-11
32100.056 3.817131114544282e-11
32150.056 4.057734647384353e-11
32200.056 1.8629385656741228e-11
32250.056 5.117074155623093e-11
32300.056 1.5419329144873292e-11
32350.056 4.646211770175485e-11
32400.056 8.127743483143726e-12
32450.056 3.4106747826634145e-11
32500.056 9.381564724165383e-12
32550.056 2.5244708092096792e-11
32600.056 1.0749497056417292e-11
32650.056 7.746312504899292e-11
32700.056 1.6433452423347035e-11
32750.056 1.449319911295023e-10
32800.056 7.1264819840239e-11
32850.056 2.527108634434796e-10
32900.056 2.0580003214663482e-10
32950.056 2.338489818592602e-10
33000.056 7.744576786465005e-11
33050.056 1.1085855855891824e-10
33100.056 2.1983635116938086e-11
33150.056 5.708325353813626e-15
33200.056 5.3088624118981e-13
33250.056 6.307788323173575e-13
33300.056 5.693364052149041e-12
33350.056 1.8125478047239374e-11
33400.056 7.3917889424924e-11
33450.056 4.9578486321593544e-11
33500.056 1.7793280469439102e-10
33550.056 3.461657030050374e-11
33600.056 1.060670002363389e-10
33650.056 9.319119678806629e-11
33700.056 3.520666696907888e-11
33750.056 1.4363387546792436e-10
33800.056 1.483402814514486e-11
33850.056 7.153024025615349e-11
33900.056 7.736115893017242e-11
33950.056 5.912433903402375e-11
34000.056 1.4409244284737803e-10
34050.056 2.1993227674758243e-11
34100.056 1.3185788253965095e-10
34150.056 5.904795558849546e-11
34200.056 1.5584367575744751e-10
34250.056 8.850092355415768e-11
34300.056 9.563601083732546e-11
34350.056 1.7873231971776728e-10
34400.056 5.7014181764575624e-11
34450.056 1.737390924998021e-10
34500.056 8.961105120526312e-11
34550.056 6.083680572398684e-11
34600.056 2.848475696955776e-10
34650.056 5.0744329277305006e-11
34700.056 2.108667886794409e-10
34750.056 1.294293066578276e-10
34800.056 1.286630673090138e-10
34850.056 3.2548950144240346e-10
34900.056 9.165390038192818e-11
34950.056 3.0343616446836607e-10
35000.056 5.764679888663021e-10
35050.056 2.6841339046273865e-10
35100.056 5.892253033488642e-10
35150.056 4.3933723402631556e-10
35200.056 4.2948754759285554e-10
35250.056 7.299025532920973e-10
35300.056 3.319453158642803e-10
35350.056 3.8535073783322464e-10
35400.056 3.0610641194697613e-10
35450.056 2.769007902690551e-10
35500.056 9.810248209987502e-10
35550.056 5.749734226968026e-10
35600.056 6.312965153208511e-10
35650.056 6.783833066926179e-10
35700.056 7.634775602057151e-10
35750.056 1.0158604629741093e-09
35800.056 9.696698515764056e-10
35850.056 3.5008727302535614e-10
35900.056 4.647581648461878e-10
35950.056 5.727859176409561e-10
36000.056 7.605072538263495e-10
36050.056 5.086968052488076e-10
36100.056 4.773106876048873e-10
36150.056 1.0633316809010715e-09
36200.056 1.1119301172548734e-09
36250.056 7.843534078073675e-10
36300.056 1.7661861163502553e-09
36350.056 9.850845117321041e-10
36400.056 1.5969425312583038e-09
36450.056 1.7184886878009206e-09
36500.056 1.864332150252199e-09
36550.056 2.433147549421641e-09
36600.056 2.5809945442377453e-09
36650.056 1.9155821859525045e-09
36700.056 2.207222433545729e-09
36750.056 2.687678698690646e-09
36800.056 3.0516061688299804e-09
36850.056 1.5939733315758605e-09
36900.056 2.923647207285272e-09
36950.056 3.109924201350134e-09
37000.056 2.1677863791386523e-09
37050.056 3.3133206701521055e-09
37100.056 2.528455809023956e-09
37150.056 2.1705123088577425e-09
37200.056 3.975051270889565e-09
37250.056 2.574344907126595e-09
37300.056 1.8796180040383495e-09
37350.056 3.2905021047930625e-09
37400.056 4.937709834846856e-09
37450.056 2.076134235400221e-09
37500.056 2.9490228095341308e-09
37550.056 4.889130528012209e-09
37600.056 7.267519234497835e-09
37650.056 2.4059708665303906e-09
37700.056 4.944066659198128e-09
37750.056 3.2218421186746875e-09
37800.056 3.1972968902805918e-09
37850.056 1.6021869767165475e-09
37900.056 2.2974722135909164e-09
37950.056 4.5438992495046075e-09
38000.056 4.463301256414079e-09
38050.056 6.183066121372938e-09
38100.056 7.010109137267362e-09
38150.056 7.882271085837236e-09
38200.056 6.773221435407331e-09
38250.056 7.381306247284625e-09
38300.056 1.0924812806815922e-08
38350.056 1.0423244538425134e-08
38400.056 4.202173015989179e-09
38450.056 2.1663844083048965e-09
38500.056 1.3507851163781442e-09
38550.056 4.621343469281052e-09
38600.056 4.645217917047801e-09
38650.056 5.394159632202137e-09
38700.056 3.6187730358475862e-09
38750.056 4.729235224965862e-09
38800.056 4.8850732940482806e-09
38850.056 5.538151203530412e-09
38900.056 7.18712287946892e-09
38950.056 4.4822010179719294e-09
39000.056 7.970434905965111e-09
39050.056 4.373340151987866e-09
39100.056 6.8463851082216054e-09
39150.056 8.760685972835811e-09
39200.056 6.383343565870601e-09
39250.056 1.0466420555047559e-08
39300.056 6.324562976563938e-09
39350.056 1.2800970273839596e-08
39400.056 6.622386003506164e-09
39450.056 1.0033599254511884e-08
39500.056 1.018829085008547e-08
39550.056 5.472552509489142e-09
39600.056 1.0158607365920168e-08
39650.056 1.164386743690655e-08
39700.056 1.1562416312488252e-08
39750.056 6.3982058166748774e-09
39800.056 7.176045253085153e-09
39850.056 1.4321474963602613e-08
39900.056 1.6725168325541132e-08
39950.056 7.451204161273302e-09
40000.056 1.3671714001499577e-08
40050.056 1.4225467197818877e-08
40100.056 5.974408492790438e-09
40150.056 1.3798844017126636e-08
40200.056 1.4460925211612392e-08
40250.056 1.634723928252818e-08
40300.056 1.5663137242027876e-08
40350.056 1.0671507863469972e-08
40400.056 1.4850101936177351e-08
40450.056 8.181580803321751e-09
40500.056 1.8341492340500525e-08
40550.056 2.0000090986960864e-08
40600.056 1.4709775152201153e-08
40650.056 1.1266370539648317e-08
40700.056 2.2832131580217113e-08
40750.056 1.5024614819095475e-08
40800.056 1.0127651173508333e-08
40850.056 2.7628239561609126e-08
40900.056 2.2208494965739276e-08
40950.056 2.0409540456798447e-08
41000.056 1.5979627474023296e-08
41050.056 2.887329411766891e-08
41100.056 2.3451825575520802e-08
41150.056 1.0188908667111178e-08
41200.056 2.995682530374406e-08
41250.056 2.079444041225645e-08
41300.056 2.1838913152819653e-08
41350.056 2.985565374279552e-08
41400.056 2.5436467238100373e-08
41450.056 3.5285661159389436e-08
41500.056 2.3298770532230656e-08
41550.056 2.1122221607935832e-08
41600.056 2.180861151489225e-08
41650.056 2.975552554479182e-08
41700.056 3.570937006588613e-08
41750.056 2.9069898623693188e-08
41800.056 2.982079618040817e-08
41850.056 2.860610379907752e-08
41900.056 2.583159385586125e-08
41950.056 2.493844376495237e-08
42000.056 1.5554019012711285e-08
42050.056 1.9477287488546507e-08
42100.056 2.0720165954160304e-08
42150.056 2.3036472863459775e-08
42200.056 2.6572313370880422e-08
42250.056 2.0879700195873076e-08
42300.056 2.0982942531357927e-08
42350.056 3.225236416030158e-08
42400.056 3.6957131049106825e-08
42450.056 3.510663498371289e-08
42500.056 3.344821828199282e-08
42550.056 2.9086825804289724e-08
42600.056 3.094577021001699e-08
42650.056 4.903502729297785e-08
42700.056 2.5307481985436557e-08
42750.056 3.616836988885514e-08
42800.056 5.218540936421032e-08
42850.056 5.130867314598397e-08
42900.056 5.3622365822114226e-08
42950.056 4.4260950452192535e-08
43000.056 4.9440075361812835e-08
43050.056 2.7184412745263718e-08
43100.056 4.005890707699284e-08
43150.056 3.2918461336755844e-08
43200.056 5.4081962318004883e-08
43250.056 6.524619844000003e-08
43300.056 6.365162584799497e-08
43350.056 3.676410660478817e-08
43400.056 5.130344935990174e-08
43450.056 3.3504978390402006e-08
43500.056 3.2230428482908156e-08
43550.056 3.66091258905287e-08
43600.056 5.98769102378085e-08
43650.056 4.020766392390192e-08
43700.056 6.787644687811925e-08
43750.056 6.009421321009369e-08
43800.056 5.553555070029212e-08
43850.056 4.763227505420129e-08
43900.056 4.072604839054743e-08
43950.056 2.5351856632697746e-08
44000.056 2.6814958508896854e-08
44050.056 6.663486466900018e-08
44100.056 8.396701416499515e-08
44150.056 7.467616190060136e-08
44200.056 6.717440775299938e-08
44250.056 3.7024412351998345e-08
44300.056 3.1205728846305135e-08
44350.056 3.4635932061048204e-08
44400.056 3.126644553059518e-08
44450.056 5.5721377853597404e-08
44500.056 5.317699108061012e-08
44550.056 7.56859203129936e-08
44600.056 6.484021067026761e-08
44650.056 5.459162544320948e-08
44700.056 3.702081223059934e-08
44750.056 6.266693816641506e-08
44800.056 4.02960962810243e-08
44850.056 5.277578261770567e-08
44900.056 4.8395066715603793e-08
44950.056 5.9476125930406764e-08
45000.056 6.919849991200341e-08
45050.056 6.089991114249061e-08
45100.056 5.4143379014198154e-08
45150.056 4.9210505463407795e-08
45200.056 3.957819570290197e-08
45250.056 4.6397418249984486e-08
45300.056 4.1566068237507454e-08
45350.056 3.35869303068121e-08
45400.056 8.973009690401243e-08
45450.056 6.886760375280713e-08
45500.056 8.845019817720574e-08
45550.056 8.975451048996746e-08
45600.056 7.771155749801813e-08
45650.056 6.26424902056011e-08
45700.056 4.1580363921496824e-08
45750.056 4.015193293440238e-08
45800.056 9.47229568973999e-08
45850.056 7.202022276629494e-08
45900.056 9.443385105199006e-08
45950.056 8.271897610799958e-08
46000.056 8.766731657550866e-08
46050.056 6.469280332680696e-08
46100.056 1.0672725286598748e-07
46150.056 6.278912713260647e-08
46200.056 5.3456416573491663e-08
46250.056 2.257513068601768e-08
46300.056 6.304408767459998e-08
46350.056 6.657968933821057e-08
46400.056 5.777262571400016e-08
46450.056 5.466493418438643e-08
46500.056 6.412328480661502e-08
46550.056 3.3246637905802614e-08
46600.056 5.1116929451933014e-08
46650.056 7.827740005910604e-08
46700.056 5.066923554778505e-08
46750.056 2.6617976742944727e-08
46800.056 1.7162312487019154e-08
46850.056 7.670056099431366e-08
46900.056 7.485768955699811e-08
46950.056 7.587818486899357e-08
47000.056 7.365808919701343e-08
47050.056 5.2357760626988195e-08
47100.056 3.687995243373602e-08
47150.056 5.820179075630747e-08
47200.056 6.582647169779551e-08
47250.056 3.818735597919625e-08
47300.056 2.4806073259948073e-08
47350.056 7.908792542199999e-08
47400.056 6.680430378599327e-08
47450.056 5.541670691664501e-08
47500.056 8.16721463314925e-08
47550.056 7.107073212100707e-08
47600.056 6.592812278719665e-08
47650.056 6.891639029107769e-08
47700.056 5.289013184049746e-08
47750.056 3.945771936010251e-08
47800.056 3.27397416655045e-08
47850.056 1.606637442370371e-08
47900.056 2.5968256977736798e-08
47950.056 5.8279343201005037e-08
48000.056 8.17894990510082e-08
48050.056 6.81075305794038e-08
48100.056 2.86392915450842e-08
48150.056 5.4402618636801525e-08
48200.056 3.501304430873951e-08
48250.056 4.32912424419985e-08
48300.056 7.744105194498951e-08
48350.056 4.469324271739671e-08
48400.056 1.2032351164469598e-08
48450.056 2.5211381512048846e-08
48500.056 4.21046872049895e-08
48550.056 4.4643982291444066e-08
48600.056 5.945483537499758e-08
48650.056 7.579102945899002e-08
48700.056 4.993114655920724e-08
48750.056 3.574960452331586e-08
48800.056 6.853121345630038e-08
48850.056 3.598035848016375e-08
48900.056 4.738086538917057e-08
48950.056 2.5224815625000892e-08
49000.056 1.2801931483033822e-08
49050.056 4.274722552709413e-08
49100.056 5.6899018210361166e-08
49150.056 4.179796064678769e-08
49200.056 6.910169354801432e-08
49250.056 6.887023974600553e-08
49300.056 5.7692719773999906e-08
49350.056 2.164090410233981e-08
49400.056 3.287212281819011e-08
49450.056 3.208815027877412e-08
49500.056 2.40691355142171e-08
49550.056 5.179395799407259e-09
49600.056 1.5186276439169096e-08
49650.056 3.727978192990219e-08
49700.056 4.0418399611984266e-08
49750.056 3.924124828093995e-08
49800.056 2.488950636989244e-08
49850.056 5.521951202661146e-08
49900.056 4.437585771769428e-08
49950.056 4.5531968860201964e-08
50000.056 3.301347741734866e-08
50050.056 4.0983640752501313e-08
50100.056 3.2108866064497876e-08
50150.056 1.4948129826476663e-08
50200.056 2.513756592297122e-09
50250.056 1.6784186819199137e-08
50300.056 1.0637067899349874e-08
50350.056 3.8033197239405876e-08
50400.056 3.906062838399365e-08
50450.056 3.1127971249843194e-08
50500.056 4.764449344650344e-08
50550.056 4.009084426880421e-08
50600.056 2.940082582349236e-08
50650.056 5.0663073894007974e-08
50700.056 4.827141437598843e-08
50750.056 3.070543374390301e-08
50800.056 1.0172385067959806e-08
50850.056 5.290495293144696e-09
50900.056 3.305585134680147e-08
50950.056 2.8835218523997974e-08
51000.056 2.342969901139298e-08
51050.056 3.6301350241795164e-08
51100.056 1.3240707975459127e-08
51150.056 1.4890429522583641e-08
51200.056 4.497208048299953e-08
51250.056 3.1156139205215145e-08
51300.056 2.1763539334700057e-08
51350.056 1.9503321556243253e-08
51400.056 6.137530791167894e-09
51450.056 4.875042912671294e-09
51500.056 4.9315585295304056e-09
51550.056 2.0179802041983478e-08
51600.056 1.6901497298445322e-08
51650.056 2.2652624618097594e-08
51700.056 2.3503834949857698e-08
51750.056 1.5088346545278615e-08
51800.056 2.8232680016996285e-08
51850.056 2.2920217084997873e-08
51900.056 2.7947611797197206e-08
51950.056 1.5397032731498162e-08
52000.056 1.4999775430994063e-09
52050.056 8.303075289701205e-09
52100.056 4.6805220308692726e-09
52150.056 2.5471817598618665e-09
52200.056 8.490821285609867e-09
52250.056 1.3290285745864353e-08
52300.056 1.7436954142898883e-08
52350.056 5.686563148895123e-09
52400.056 5.974591930215185e-09
52450.056 2.2898599568601885e-08
52500.056 1.6617968943127343e-08
52550.056 2.0140467342498464e-08
52600.056 1.5377421943239096e-08
52650.056 1.8627996687201412e-08
52700.056 1.3381077965159231e-08
52750.056 4.688831958152666e-09
52800.056 9.267079172341433e-09
52850.056 1.0599477882777206e-08
52900.056 4.229548071474752e-09
52950.056 7.353186541926946e-09
53000.056 1.3164755191803226e-08
53050.056 4.8595383359124874e-09
53100.056 1.6142574945797423e-08
53150.056 1.6733993349440945e-08
53200.056 8.10226561661736e-09
53250.056 1.5408870322241327e-08
53300.056 1.9179402755780088e-08
53350.056 1.4252677781673187e-08
53400.056 8.993017134197094e-09
53450.056 3.0517005419288624e-09
53500.056 4.584969956488337e-10
