galfind/configs/Brown_Dwarf_templates/sonora_bobcat/m0.0/31g/sp_t1200g31nc_m0.0_resample.dat
# %ECSV 1.0
# ---
# datatype:
# - {name: wav, unit: Angstrom, datatype: float64}
# - {name: flux_nu, unit: erg / (cm2 Hz s), datatype: float64}
# meta: {C/O: '1.00', Kzz: '1.0000E+05', Teff: '1201.', Y: '0.28', '[Fe/H]': '0.00', f_hole: '1.00', f_rain: '0.00', grav: '32.'}
# schema: astropy-2.0
wav flux_nu
4000.0559999999996 nan
4050.0559999999996 1.1232583580791541e-11
4100.056 7.71088039344966e-11
4150.056 1.0110349669470841e-10
4200.056 8.67078582419482e-11
4250.056 1.1491752153202815e-10
4300.056 1.1908783800901876e-10
4350.056 1.2993337376600622e-10
4400.056 1.5544004997602125e-10
4450.056 1.4769602044100296e-10
4500.056 1.5388939234501066e-10
4550.056 1.903710688832605e-10
4600.056 2.037510277740058e-10
4650.056 1.92954980355977e-10
4700.056 2.2421049229702073e-10
4750.056 2.1344046332599072e-10
4800.056 1.2488266885900347e-10
4850.056 7.783001678999848e-11
4900.056 4.9993847487999737e-11
4950.056 2.570314301099971e-11
5000.056 8.277437712199756e-12
5050.056 2.993451729200021e-12
5100.056 2.4026758524000105e-12
5150.056 2.085589297100023e-12
5200.056 1.8159722119999851e-12
5250.056 1.5204927640999986e-12
5300.056 1.259926077799998e-12
5350.056 1.0556006109199982e-12
5400.056 8.926921743799981e-13
5450.056 7.541225377299987e-13
5500.056 6.328401898499992e-13
5550.056 5.278291411199988e-13
5600.056 4.3369553730999883e-13
5650.056 3.466074006599989e-13
5700.056 2.6653256783999903e-13
5750.056 1.9410474340999915e-13
5800.056 1.3172672911999919e-13
5850.056 7.565059457499896e-14
5900.056 2.1520249576176974e-14
5950.056 1.5508308572700278e-13
6000.056 4.206960604800043e-13
6050.056 1.0048781341100123e-12
6100.056 2.1529321826000234e-12
6150.056 4.27559623670004e-12
6200.056 7.963872254000063e-12
6250.056 1.406519067300011e-11
6300.056 2.395362685200018e-11
6350.056 3.9445728563000295e-11
6400.056 6.291457196700045e-11
6450.056 9.719443672000006e-11
6500.056 1.4715207227000053e-10
6550.056 2.193598200900007e-10
6600.056 3.22026164580004e-10
6650.056 4.577557324900051e-10
6700.056 4.062996003811274e-10
6750.056 8.361515483800083e-10
6800.056 1.1271490309300105e-09
6850.056 1.278379098600002e-09
6900.056 1.1957283712100111e-09
6950.056 1.0520078792299822e-09
7000.056 1.0445264793700062e-09
7050.056 1.132838010069996e-09
7100.056 1.2409162509899947e-09
7150.056 1.2808765668399828e-09
7200.056 1.2967183682500192e-09
7250.056 1.2525972941599557e-09
7300.056 1.1214296245399978e-09
7350.056 9.690717396999844e-10
7400.056 8.27888418750011e-10
7450.056 6.844599802900044e-10
7500.056 5.390049375599955e-10
7550.056 3.939902061999969e-10
7600.056 2.530036989799968e-10
7650.056 4.1118019380060213e-11
7700.056 1.8455494811096855e-11
7750.056 1.8861710815900498e-10
7800.056 4.1778254533696773e-10
7850.056 9.315870065000082e-10
7900.056 1.5051695285000135e-09
7950.056 1.79795265127486e-09
8000.056 3.2467866604000156e-09
8050.056 4.517656370300004e-09
8100.056 5.914649314000011e-09
8150.056 7.765734960620057e-09
8200.056 9.782518223400527e-09
8250.056 1.2869145357360609e-08
8300.056 1.59963975504712e-08
8350.056 1.96121255169988e-08
8400.056 2.3621454754499054e-08
8450.056 2.7154006273298567e-08
8500.056 2.822323981062466e-08
8550.056 3.4876010914001136e-08
8600.056 3.9531162338998074e-08
8650.056 3.92084543959947e-08
8700.056 4.2117559163997313e-08
8750.056 4.849690932900261e-08
8800.056 5.888409638100547e-08
8850.056 6.739785300099456e-08
8900.056 6.927453839699843e-08
8950.056 6.374730005298429e-08
9000.056 8.602592900469068e-08
9050.056 9.814980974960305e-08
9100.056 1.1219236078224394e-07
9150.056 1.1671055688310441e-07
9200.056 1.2904839554842446e-07
9250.056 1.2051047025627416e-07
9300.056 7.526567148676786e-08
9350.056 8.425576478401976e-08
9400.056 1.0005818428339837e-07
9450.056 1.1911564864443141e-07
9500.056 1.221646600864174e-07
9550.056 1.347091073947057e-07
9600.056 1.2559578354875608e-07
9650.056 1.3654067145679995e-07
9700.056 1.4837875051443689e-07
9750.056 1.4745515796986255e-07
9800.056 1.6065228512858188e-07
9850.056 1.7620642302199915e-07
9900.056 1.64375130026676e-07
9950.056 1.5570921030547995e-07
10000.056 1.4339566619096916e-07
10050.056 1.7392160593900197e-07
10100.056 2.1026305257897104e-07
10150.056 2.2944847453094506e-07
10200.056 2.593330252459776e-07
10250.056 2.7526071028596295e-07
10300.056 2.8545161559000926e-07
10350.056 3.2733158190999113e-07
10400.056 3.67572519699981e-07
10450.056 3.771363298100229e-07
10500.056 3.5447907256999944e-07
10550.056 3.5224435412004384e-07
10600.056 3.744990854400152e-07
10650.056 4.093515386700127e-07
10700.056 4.358278747420354e-07
10750.056 4.80482315088026e-07
10800.056 5.224772897400052e-07
10850.056 5.627244513479275e-07
10900.056 4.925458869499559e-07
10950.056 3.578216773553326e-07
11000.056 3.442080801656525e-07
11050.056 3.0212046488670183e-07
11100.056 2.7935751400394624e-07
11150.056 2.4696864699940973e-07
11200.056 2.44961700371335e-07
11250.056 2.865785927814121e-07
11300.056 2.7934469575877206e-07
11350.056 1.8846788302329244e-07
11400.056 2.1747398675862675e-07
11450.056 2.3411930100778628e-07
11500.056 2.712974236907288e-07
11550.056 2.197271097920622e-07
11600.056 2.4386938121143573e-07
11650.056 2.590229850577071e-07
11700.056 2.1852870864172882e-07
11750.056 1.8940942916506895e-07
11800.056 2.3343516853313138e-07
11850.056 3.137712850232214e-07
11900.056 3.343866125790727e-07
11950.056 3.960946616866671e-07
12000.056 4.064955736471114e-07
12050.056 4.77092808777614e-07
12100.056 5.053957444519815e-07
12150.056 5.810139909029289e-07
12200.056 6.2831367027082e-07
12250.056 6.941396597218164e-07
12300.056 7.583840696511328e-07
12350.056 7.840841805060552e-07
12400.056 7.771412456299793e-07
12450.056 7.332760863500512e-07
12500.056 7.900972754899569e-07
12550.056 8.216536223230608e-07
12600.056 9.601798333700443e-07
12650.056 9.640788726019508e-07
12700.056 1.0336048741901657e-06
12750.056 1.0214204596490556e-06
12800.056 1.0693590289870809e-06
12850.056 9.926139899011768e-07
12900.056 9.169278739520518e-07
12950.056 9.565266659754992e-07
13000.056 9.314547890336007e-07
13050.056 9.250279952397705e-07
13100.056 8.918249098100698e-07
13150.056 8.222418549229557e-07
13200.056 7.590967518022085e-07
13250.056 6.465721494014458e-07
13300.056 4.258478523192147e-07
13350.056 1.765589951111866e-07
13400.056 1.3301130112435646e-07
13450.056 9.520100388345051e-08
13500.056 8.305623663986132e-08
13550.056 7.064267702735686e-08
13600.056 5.45892939468288e-08
13650.056 7.9616953419013e-08
13700.056 6.684335160411004e-08
13750.056 6.604030747886416e-08
13800.056 7.983261766516014e-08
13850.056 7.448097908005766e-08
13900.056 7.638086685641145e-08
13950.056 7.22904995684684e-08
14000.056 6.847567438264574e-08
14050.056 7.08334747028139e-08
14100.056 6.127049430182398e-08
14150.056 7.026483938537165e-08
14200.056 6.134112442290603e-08
14250.056 6.227662987315906e-08
14300.056 7.42221337632138e-08
14350.056 7.192660604949227e-08
14400.056 8.299132976882529e-08
14450.056 8.597965733776686e-08
14500.056 1.1533500232031113e-07
14550.056 1.2426665154878348e-07
14600.056 1.3810196359214893e-07
14650.056 1.422372952610855e-07
14700.056 1.2578018810679717e-07
14750.056 1.4397284517061838e-07
14800.056 1.6671874707887458e-07
14850.056 1.8269215126587988e-07
14900.056 1.8758241357028003e-07
14950.056 1.9398630563882507e-07
15000.056 2.0802288624967894e-07
15050.056 2.390210223311782e-07
15100.056 2.5579747848863834e-07
15150.056 2.846700025781255e-07
15200.056 2.870143996133609e-07
15250.056 3.093905880418512e-07
15300.056 3.4153578980305934e-07
15350.056 3.6392667317835497e-07
15400.056 4.0006864770402125e-07
15450.056 4.348022594650528e-07
15500.056 4.5154286056490796e-07
15550.056 4.982542200099796e-07
15600.056 4.832075766660408e-07
15650.056 5.283223917630552e-07
15700.056 6.036409949782876e-07
15750.056 6.513068373939699e-07
15800.056 6.344478006642426e-07
15850.056 6.964108592239112e-07
15900.056 7.003031719021088e-07
15950.056 7.481310131098683e-07
16000.056 7.334923055479792e-07
16050.056 6.998546442799986e-07
16100.056 6.916067077560403e-07
16150.056 6.361600198120411e-07
16200.056 6.013020194337903e-07
16250.056 5.982010993383124e-07
16300.056 5.731809025243624e-07
16350.056 6.143738680651848e-07
16400.056 6.680629126455277e-07
16450.056 6.922682639676143e-07
16500.056 7.450098176993512e-07
16550.056 7.374029012673971e-07
16600.056 7.125601015722267e-07
16650.056 6.837787639750475e-07
16700.056 5.367451517069784e-07
16750.056 5.878682498139125e-07
16800.056 7.195341473170122e-07
16850.056 7.076768935168543e-07
16900.056 6.822197089581954e-07
16950.056 6.312053225409994e-07
17000.056 5.678237667661139e-07
17050.056 6.269403134380957e-07
17100.056 6.085402586151848e-07
17150.056 5.381110733389898e-07
17200.056 5.349484853308828e-07
17250.056 4.855910477649213e-07
17300.056 4.498842185812444e-07
17350.056 4.0516934027352526e-07
17400.056 4.2845658886778835e-07
17450.056 3.9182849032818504e-07
17500.056 3.9302831581266167e-07
17550.056 3.858785752578919e-07
17600.056 3.614545900885801e-07
17650.056 3.528323604160021e-07
17700.056 2.7677561079110424e-07
17750.056 2.5513975873280723e-07
17800.056 2.9754149778390457e-07
17850.056 2.3552366332417466e-07
17900.056 2.33502969294104e-07
17950.056 2.185993724168698e-07
18000.056 2.1376844605720206e-07
18050.056 2.083914536001528e-07
18100.056 2.0485702992518483e-07
18150.056 2.5432769954007746e-07
18200.056 1.8035708522677128e-07
18250.056 2.5679461410339146e-07
18300.056 2.296444868181969e-07
18350.056 1.9946345400732326e-07
18400.056 2.0256503781093845e-07
18450.056 1.9132739222859484e-07
18500.056 2.0485401940776159e-07
18550.056 1.8562953314456187e-07
18600.056 1.5704767843908022e-07
18650.056 1.746510862547732e-07
18700.056 1.872001274934044e-07
18750.056 1.9170262513679727e-07
18800.056 2.2340873426875212e-07
18850.056 2.568968926160858e-07
18900.056 2.505843929216418e-07
18950.056 2.787840205830009e-07
19000.056 2.777258183743779e-07
19050.056 2.5376991297357726e-07
19100.056 2.9738716777754606e-07
19150.056 2.902035641518227e-07
19200.056 2.979107340285415e-07
19250.056 2.741084190380776e-07
19300.056 2.849562346551464e-07
19350.056 2.5760252049542704e-07
19400.056 2.171847295773287e-07
19450.056 2.830616566932366e-07
19500.056 2.762111662069053e-07
19550.056 2.2065558259143624e-07
19600.056 2.74905440526195e-07
19650.056 2.816430015269604e-07
19700.056 2.8759782933712003e-07
19750.056 2.75002691499284e-07
19800.056 2.908447294010238e-07
19850.056 3.1911323174677826e-07
19900.056 2.704004746877394e-07
19950.056 3.4751410547382995e-07
20000.056 3.095871344637351e-07
20050.056 3.398744680188121e-07
20100.056 3.684496282567637e-07
20150.056 3.6966447673537296e-07
20200.056 3.921944015503112e-07
20250.056 4.255252532009714e-07
20300.056 4.2392592180679336e-07
20350.056 4.597747820328792e-07
20400.056 4.5331893875781687e-07
20450.056 5.023434201648778e-07
20500.056 5.104584840570215e-07
20550.056 5.145418401030087e-07
20600.056 5.701112649661868e-07
20650.056 5.607419942822378e-07
20700.056 5.837142294411201e-07
20750.056 6.106864292339029e-07
20800.056 6.318882896820582e-07
20850.056 6.218876681989374e-07
20900.056 6.510230990038481e-07
20950.056 6.568434585159535e-07
21000.056 6.784548156900485e-07
21050.056 6.780200770589984e-07
21100.056 6.7308357984001e-07
21150.056 7.06538749127942e-07
21200.056 6.799096558440091e-07
21250.056 7.006561684269134e-07
21300.056 6.523460046488586e-07
21350.056 6.925240131699806e-07
21400.056 6.518034184342028e-07
21450.056 6.810440116079916e-07
21500.056 6.358395414291919e-07
21550.056 6.234985226500266e-07
21600.056 6.0763658956617e-07
21650.056 5.718699163380582e-07
21700.056 5.94082509869977e-07
21750.056 5.370245238990012e-07
21800.056 5.007590622628283e-07
21850.056 4.7190913854202336e-07
21900.056 4.219586814649523e-07
21950.056 3.374918929950966e-07
22000.056 2.290065778110503e-07
22050.056 1.7271395276884043e-07
22100.056 2.082399970371344e-07
22150.056 2.537272435090085e-07
22200.056 2.7119372860581623e-07
22250.056 2.6392867962018697e-07
22300.056 2.425317752097728e-07
22350.056 2.28382720433599e-07
22400.056 2.0105019734061126e-07
22450.056 1.806585481239177e-07
22500.056 1.8010830369907773e-07
22550.056 1.57348302028687e-07
22600.056 1.6432225513912718e-07
22650.056 1.6002960664229885e-07
22700.056 1.4712120986109338e-07
22750.056 1.5117375918374503e-07
22800.056 1.3471361643315588e-07
22850.056 1.2410933084154907e-07
22900.056 1.175335622447563e-07
22950.056 9.923037981097852e-08
23000.056 1.1715822443700181e-07
23050.056 1.4498149910356e-07
23100.056 1.8045353694702942e-07
23150.056 1.939352375164095e-07
23200.056 1.0417249346551143e-07
23250.056 1.0031893848301731e-07
23300.056 8.820852705184313e-08
23350.056 8.640852180499539e-08
23400.056 9.095207737603442e-08
23450.056 9.605675987650601e-08
23500.056 1.0302064428242982e-07
23550.056 1.1726823930273318e-07
23600.056 1.2586750079299268e-07
23650.056 1.4811990605296932e-07
23700.056 1.1787364707259662e-07
23750.056 1.0214859692522719e-07
23800.056 9.254646271501333e-08
23850.056 1.0221607083200719e-07
23900.056 1.3599896439220566e-07
23950.056 1.525441372370597e-07
24000.056 1.581514722609293e-07
24050.056 1.812010877126547e-07
24100.056 1.6721025261792995e-07
24150.056 1.7893273264810317e-07
24200.056 1.8448060915581913e-07
24250.056 1.6785976297701696e-07
24300.056 1.8207485181505177e-07
24350.056 1.6018402510777598e-07
24400.056 1.9064299070106028e-07
24450.056 1.7958057807366987e-07
24500.056 1.7994278117235772e-07
24550.056 1.9429610461727445e-07
24600.056 2.0240393033402972e-07
24650.056 2.2852491984301284e-07
24700.056 1.908399344521237e-07
24750.056 2.0115787181958457e-07
24800.056 2.0033962577514084e-07
24850.056 2.385922046551294e-07
24900.056 1.8599898896804e-07
24950.056 2.430657301373075e-07
25000.056 2.2592050293814754e-07
25050.056 1.8507363560310957e-07
25100.056 2.23683318591791e-07
25150.056 1.865082782590746e-07
25200.056 2.1278115855999857e-07
25250.056 1.9326391035100396e-07
25300.056 2.2721806492241685e-07
25350.056 1.7840485027970966e-07
25400.056 2.2382334554286602e-07
25450.056 1.836159650244695e-07
25500.056 1.8953686248144489e-07
25550.056 1.8443280698487735e-07
25600.056 1.804801688819958e-07
25650.056 1.628908277019883e-07
25700.056 2.1414564028389893e-07
25750.056 1.4972490551505445e-07
25800.056 2.0925483642202992e-07
25850.056 1.6620387031695653e-07
25900.056 1.9136943672197178e-07
25950.056 1.6109585915102594e-07
26000.056 2.2036221252707898e-07
26050.056 2.1217406933395422e-07
26100.056 2.229358632579777e-07
26150.056 2.094352873259778e-07
26200.056 2.122309631059917e-07
26250.056 2.3515008808397825e-07
26300.056 2.2202553969303103e-07
26350.056 2.5691531905794046e-07
26400.056 2.653355338539368e-07
26450.056 2.741730877410494e-07
26500.056 2.845349908208863e-07
26550.056 2.4236125541486457e-07
26600.056 3.0004337359492983e-07
26650.056 2.1268165108497803e-07
26700.056 2.1442408165003068e-07
26750.056 1.7929808625192003e-07
26800.056 2.2646331089093712e-07
26850.056 1.709507834759846e-07
26900.056 2.452178877540332e-07
26950.056 1.682735968519589e-07
27000.056 2.4685552022206565e-07
27050.056 2.088621992440344e-07
27100.056 2.0574402432595133e-07
27150.056 2.46312084074021e-07
27200.056 2.2255510610008217e-07
27250.056 2.240431141421111e-07
27300.056 2.8726577666001e-07
27350.056 2.6815627088293567e-07
27400.056 1.9574293852096494e-07
27450.056 3.145302894428703e-07
27500.056 2.908986219308962e-07
27550.056 2.381292718989696e-07
27600.056 3.1641151522694056e-07
27650.056 2.2280920407095885e-07
27700.056 2.0963742928905064e-07
27750.056 3.095929497988898e-07
27800.056 2.0934764885695077e-07
27850.056 2.3804992004982456e-07
27900.056 2.507894851440411e-07
27950.056 3.1144341054698616e-07
28000.056 2.8820809922109296e-07
28050.056 1.9424575770504666e-07
28100.056 3.2918884511809544e-07
28150.056 2.5118947545304194e-07
28200.056 2.016209387820319e-07
28250.056 2.9827399966202606e-07
28300.056 3.5349682397500417e-07
28350.056 2.3783392818692992e-07
28400.056 2.6646299904296256e-07
28450.056 2.9990002303989436e-07
28500.056 2.9140268326692657e-07
28550.056 1.9142675672792391e-07
28600.056 3.4177525885893597e-07
28650.056 3.1454929169095033e-07
28700.056 2.9015347198394754e-07
28750.056 3.3571683333602823e-07
28800.056 3.0588236353908356e-07
28850.056 3.4020622856706005e-07
