galfind/configs/Brown_Dwarf_templates/sonora_bobcat/m0.0/31g/sp_t900g31nc_m0.0_resample.dat
# %ECSV 1.0
# ---
# datatype:
# - {name: wav, unit: Angstrom, datatype: float64}
# - {name: flux_nu, unit: erg / (cm2 Hz s), datatype: float64}
# meta: {C/O: '1.00', Kzz: '1.0000E+05', Teff: '900.', Y: '0.28', '[Fe/H]': '0.00', f_hole: '1.00', f_rain: '0.00', grav: '32.'}
# schema: astropy-2.0
wav flux_nu
4000.0559999999996 nan
4050.0559999999996 2.0779965200188834e-13
4100.056 9.210087200869541e-12
4150.056 2.3974375668001864e-11
4200.056 2.0172011433458436e-11
4250.056 3.895167932560552e-11
4300.056 4.862202968440473e-11
4350.056 5.4437467837002994e-11
4400.056 6.636527015000386e-11
4450.056 7.397246440800028e-11
4500.056 7.585729451900459e-11
4550.056 8.919173417429495e-11
4600.056 9.695436551764064e-11
4650.056 8.785796406899174e-11
4700.056 8.587013401700207e-11
4750.056 5.008048954299998e-11
4800.056 1.5343255651699778e-11
4850.056 4.129756213699929e-12
4900.056 1.6962627614999854e-12
4950.056 7.743050061299932e-13
5000.056 2.847096362899966e-13
5050.056 1.1678011190099969e-13
5100.056 9.584224238200005e-14
5150.056 8.54754627720002e-14
5200.056 7.661292846699994e-14
5250.056 6.748392177899992e-14
5300.056 5.976706501299992e-14
5350.056 5.406315961499995e-14
5400.056 4.9693286830999926e-14
5450.056 4.626688634900002e-14
5500.056 4.349389491500013e-14
5550.056 4.1236649546000004e-14
5600.056 3.912956103899998e-14
5650.056 3.6819269913999937e-14
5700.056 3.3877758431999975e-14
5750.056 3.010032924199995e-14
5800.056 2.4851678550999918e-14
5850.056 1.634278597219976e-14
5900.056 4.616798029819783e-15
5950.056 3.2779135756000694e-14
6000.056 7.319246663200007e-14
6050.056 1.4030701836700183e-13
6100.056 2.5077319698000254e-13
6150.056 4.3401667573000365e-13
6200.056 7.372417130800053e-13
6250.056 1.2244363645100072e-12
6300.056 2.014224010200014e-12
6350.056 3.2555706904000266e-12
6400.056 5.1586811620000394e-12
6450.056 7.911571333399919e-12
6500.056 1.2092605729599993e-11
6550.056 1.8183264899000077e-11
6600.056 2.6970734492000465e-11
6650.056 3.921770924300028e-11
6700.056 4.561805082307828e-11
6750.056 7.628429157600046e-11
6800.056 9.970384131900059e-11
6850.056 1.148294856200002e-10
6900.056 1.1229439055000148e-10
6950.056 1.030869471189992e-10
7000.056 1.0605354591800141e-10
7050.056 1.1593836782499838e-10
7100.056 1.2812490806299943e-10
7150.056 1.2995502989469768e-10
7200.056 1.281839202746019e-10
7250.056 1.2493386698199211e-10
7300.056 1.1461849165199914e-10
7350.056 1.0350703360869711e-10
7400.056 9.232317428800236e-11
7450.056 7.89201036580014e-11
7500.056 6.425064397899938e-11
7550.056 4.852230138099961e-11
7600.056 3.391435760099966e-11
7650.056 7.180378236043588e-12
7700.056 4.0392286571562274e-12
7750.056 2.9069580557000634e-11
7800.056 5.819602766602081e-11
7850.056 1.2364947253800053e-10
7900.056 1.9956469837000005e-10
7950.056 2.4377415411998284e-10
8000.056 4.3805291611000557e-10
8050.056 6.019361880200147e-10
8100.056 7.565262522410058e-10
8150.056 9.59497171397291e-10
8200.056 1.2667901828326952e-09
8250.056 1.5704666290796622e-09
8300.056 1.9563319098164706e-09
8350.056 2.350215120621761e-09
8400.056 2.8405844058939124e-09
8450.056 3.4966606919198256e-09
8500.056 3.785461075207153e-09
8550.056 4.875846146300076e-09
8600.056 6.017738033500008e-09
8650.056 6.900024434699987e-09
8700.056 7.958790157799766e-09
8750.056 9.236919106700154e-09
8800.056 1.059671084670033e-08
8850.056 1.1506199701299648e-08
8900.056 9.716693975299368e-09
8950.056 9.31016878011442e-09
9000.056 1.1153932680729984e-08
9050.056 1.638743777378331e-08
9100.056 1.8776093722170175e-08
9150.056 1.9607688935230206e-08
9200.056 2.3227898309166157e-08
9250.056 2.3263821082995787e-08
9300.056 1.2391704982844299e-08
9350.056 1.4293035106460344e-08
9400.056 1.8327049105278584e-08
9450.056 2.2642447477445154e-08
9500.056 2.2340252351434368e-08
9550.056 2.5537321488538368e-08
9600.056 2.4932873730347133e-08
9650.056 2.8259718361327588e-08
9700.056 3.2620146685015884e-08
9750.056 3.375615272121566e-08
9800.056 3.7190440959244635e-08
9850.056 4.196482799964414e-08
9900.056 4.5618625224750964e-08
9950.056 4.643584541927636e-08
10000.056 4.3797914639390224e-08
10050.056 5.491390727740146e-08
10100.056 6.643061417978798e-08
10150.056 7.626505870198493e-08
10200.056 8.903841763499548e-08
10250.056 9.924121298299712e-08
10300.056 1.1087104729900329e-07
10350.056 1.2878294572099766e-07
10400.056 1.4603853120799378e-07
10450.056 1.5547949169699754e-07
10500.056 1.5973493141000384e-07
10550.056 1.662649180090103e-07
10600.056 1.760205424819926e-07
10650.056 1.9058239751500595e-07
10700.056 1.9890718695701436e-07
10750.056 2.1274185037020694e-07
10800.056 2.2211561935940365e-07
10850.056 2.2214108829557933e-07
10900.056 1.726167232103903e-07
10950.056 1.0190369288830682e-07
11000.056 9.078859622899627e-08
11050.056 7.545667256111743e-08
11100.056 6.032903687873457e-08
11150.056 4.30840302071616e-08
11200.056 3.9534150005012685e-08
11250.056 4.5957215453659714e-08
11300.056 4.877065787543688e-08
11350.056 2.6136237696022937e-08
11400.056 3.880646778481311e-08
11450.056 3.653078598418927e-08
11500.056 3.427073630321633e-08
11550.056 1.8022194408821037e-08
11600.056 2.0891345599041184e-08
11650.056 3.064909983646534e-08
11700.056 2.8197073715782642e-08
11750.056 1.2512162517849458e-08
11800.056 3.260428433210711e-08
11850.056 4.905832655160581e-08
11900.056 5.549013726900881e-08
11950.056 7.792755610437435e-08
12000.056 9.692396142069209e-08
12050.056 1.2248927747999896e-07
12100.056 1.4706141039713293e-07
12150.056 1.7879515005378733e-07
12200.056 2.0805001512825287e-07
12250.056 2.3892225114442397e-07
12300.056 2.749957167005411e-07
12350.056 2.90332580278118e-07
12400.056 3.177033357289956e-07
12450.056 3.126854769410282e-07
12500.056 3.391241566249963e-07
12550.056 3.645476840150398e-07
12600.056 4.341467792000187e-07
12650.056 4.2780639463299335e-07
12700.056 4.4371419567907904e-07
12750.056 4.320507225844377e-07
12800.056 4.364881754042317e-07
12850.056 3.8286174180879946e-07
12900.056 3.385140828410192e-07
12950.056 3.4141730555165055e-07
13000.056 3.143240093672831e-07
13050.056 2.8590810677782084e-07
13100.056 2.5968504459080557e-07
13150.056 2.1740439086180135e-07
13200.056 1.8937798668264558e-07
13250.056 1.4853582414746992e-07
13300.056 7.656304094486661e-08
13350.056 2.7485035152039773e-08
13400.056 2.1379553982788278e-08
13450.056 1.2861072138858348e-08
13500.056 9.579940128807964e-09
13550.056 7.1239134865064594e-09
13600.056 3.5568520720165374e-09
13650.056 7.676953589377302e-09
13700.056 6.535195778382719e-09
13750.056 5.851888579892234e-09
13800.056 6.266085593806277e-09
13850.056 5.389083826669471e-09
13900.056 5.695712927486277e-09
13950.056 4.953141096971132e-09
14000.056 4.970885093541524e-09
14050.056 6.028956622648049e-09
14100.056 6.068161728770131e-09
14150.056 8.164185175255228e-09
14200.056 6.8136950955187054e-09
14250.056 7.75564723010915e-09
14300.056 1.1055467911862307e-08
14350.056 1.160167754899149e-08
14400.056 1.389460630560099e-08
14450.056 1.5063028146131143e-08
14500.056 2.3702351984387197e-08
14550.056 2.7160405951690058e-08
14600.056 3.283816868363274e-08
14650.056 3.416882041884769e-08
14700.056 2.984697895890948e-08
14750.056 3.499305840919647e-08
14800.056 4.352297138258221e-08
14850.056 4.785412880183694e-08
14900.056 5.108608502204986e-08
14950.056 5.5692559663884634e-08
15000.056 6.300519312074337e-08
15050.056 7.130252397503321e-08
15100.056 7.809133578141044e-08
15150.056 8.734615398739327e-08
15200.056 8.998980033753824e-08
15250.056 1.0525156902004785e-07
15300.056 1.1797498159418912e-07
15350.056 1.2928103685326957e-07
15400.056 1.4601476537602106e-07
15450.056 1.6065397582051776e-07
15500.056 1.6765110613346366e-07
15550.056 1.8703016337869846e-07
15600.056 1.861415044085091e-07
15650.056 2.013670557810166e-07
15700.056 2.3133355479009282e-07
15750.056 2.4815786550899295e-07
15800.056 2.4021410842107514e-07
15850.056 2.6149366801498164e-07
15900.056 2.455976551680231e-07
15950.056 2.416427441089445e-07
16000.056 2.0328080900800692e-07
16050.056 1.5055849779479742e-07
16100.056 1.1695407290419363e-07
16150.056 8.373130036059266e-08
16200.056 5.9348123376600304e-08
16250.056 5.0982054158519473e-08
16300.056 4.002854853928112e-08
16350.056 4.427109559626284e-08
16400.056 5.4314788526626594e-08
16450.056 5.7369833738276014e-08
16500.056 6.134680188024371e-08
16550.056 6.044043018482075e-08
16600.056 5.683753338732256e-08
16650.056 4.880224566691549e-08
16700.056 1.6222694845310626e-08
16750.056 2.0779664980630422e-08
16800.056 3.7471533805066984e-08
16850.056 4.298213617785028e-08
16900.056 3.3514818205187975e-08
16950.056 2.5457533885262206e-08
17000.056 1.8053068423979395e-08
17050.056 2.923277370443002e-08
17100.056 3.870932434567896e-08
17150.056 2.731700117745785e-08
17200.056 4.383978034091049e-08
17250.056 3.918752888375324e-08
17300.056 2.8469087866629312e-08
17350.056 2.541920924888554e-08
17400.056 3.0739384317221473e-08
17450.056 3.612113701832311e-08
17500.056 4.30662396732107e-08
17550.056 4.19939154059919e-08
17600.056 3.596508423050164e-08
17650.056 3.636243010113197e-08
17700.056 2.6393783601434743e-08
17750.056 2.668646708686202e-08
17800.056 4.051508753018155e-08
17850.056 2.8913504602576007e-08
17900.056 2.4265089188740012e-08
17950.056 2.1608568016341436e-08
18000.056 2.5703866984084542e-08
18050.056 2.7875238232410207e-08
18100.056 3.095981151134576e-08
18150.056 3.9350317104265623e-08
18200.056 2.620518512996331e-08
18250.056 4.7066951704710794e-08
18300.056 3.543594045056804e-08
18350.056 2.893146713426835e-08
18400.056 2.9852974090770725e-08
18450.056 3.4147318545045826e-08
18500.056 3.7675219041834056e-08
18550.056 3.157278671325123e-08
18600.056 2.8240946546327387e-08
18650.056 3.007045840489639e-08
18700.056 2.8841882244337443e-08
18750.056 3.5842498320368915e-08
18800.056 5.275279904841341e-08
18850.056 6.104385201501975e-08
18900.056 5.97904530258181e-08
18950.056 7.628210839417195e-08
19000.056 6.540580316395765e-08
19050.056 5.333435047654305e-08
19100.056 7.561999301072303e-08
19150.056 6.468245411096242e-08
19200.056 7.258340765857156e-08
19250.056 6.148943959018747e-08
19300.056 6.100139847537688e-08
19350.056 5.2985245554151066e-08
19400.056 4.1833906289158896e-08
19450.056 6.607947842789545e-08
19500.056 6.34979512174108e-08
19550.056 4.702274172829976e-08
19600.056 6.63649078806335e-08
19650.056 7.082708116008506e-08
19700.056 7.335141638388782e-08
19750.056 7.63871552338715e-08
19800.056 7.907305093186296e-08
19850.056 9.46764808184741e-08
19900.056 7.763235915273306e-08
19950.056 1.1283839725497589e-07
20000.056 1.015559086701676e-07
20050.056 1.114145149418479e-07
20100.056 1.2905192279250024e-07
20150.056 1.2377704292597955e-07
20200.056 1.3482311066861752e-07
20250.056 1.5414593191340406e-07
20300.056 1.533237439159327e-07
20350.056 1.707230026701468e-07
20400.056 1.6553413394346493e-07
20450.056 1.898181885333708e-07
20500.056 1.9893891751685725e-07
20550.056 1.9804660779646032e-07
20600.056 2.188979715016931e-07
20650.056 2.1663945911019113e-07
20700.056 2.2336440828376595e-07
20750.056 2.3230483942586372e-07
20800.056 2.3421150409740258e-07
20850.056 2.2710981496999033e-07
20900.056 2.3300180434352661e-07
20950.056 2.2391443745396892e-07
21000.056 2.1708738582805908e-07
21050.056 2.1432227434998662e-07
21100.056 2.00833670336725e-07
21150.056 2.0360108392276194e-07
21200.056 1.8569111095480192e-07
21250.056 1.7484003654828701e-07
21300.056 1.4874152106500028e-07
21350.056 1.512060423086437e-07
21400.056 1.3885037344285617e-07
21450.056 1.2825596558982185e-07
21500.056 1.1557236672485528e-07
21550.056 1.0494066182863755e-07
21600.056 8.929114547463465e-08
21650.056 7.61624186010164e-08
21700.056 7.57282543857398e-08
21750.056 6.547977701548248e-08
21800.056 5.474812012976102e-08
21850.056 4.9007597321010616e-08
21900.056 3.479024357786876e-08
21950.056 2.060955070147971e-08
22000.056 8.478221043259985e-09
22050.056 5.338972098786775e-09
22100.056 8.766468411266712e-09
22150.056 1.3553417629937256e-08
22200.056 1.6094503145291234e-08
22250.056 1.3508817833690585e-08
22300.056 1.101783248522728e-08
22350.056 1.0561792597883826e-08
22400.056 7.539828177891237e-09
22450.056 6.563845020174757e-09
22500.056 5.898684019787592e-09
22550.056 4.805080712022292e-09
22600.056 5.027206246945839e-09
22650.056 5.515288751810308e-09
22700.056 4.66304840984689e-09
22750.056 5.02612953578453e-09
22800.056 4.4364812603853224e-09
22850.056 3.906675488436737e-09
22900.056 3.2913400763973942e-09
22950.056 3.1279818739743775e-09
23000.056 4.117155246820659e-09
23050.056 5.495396299036873e-09
23100.056 9.82103828851772e-09
23150.056 1.1602344304960757e-08
23200.056 2.9647352006775436e-09
23250.056 3.4867899927657837e-09
23300.056 3.2337171597541905e-09
23350.056 3.3089173661303435e-09
23400.056 3.710340018372763e-09
23450.056 3.5329213245231348e-09
23500.056 3.873902384095697e-09
23550.056 4.9997420789015795e-09
23600.056 5.659614476848277e-09
23650.056 7.825739192583472e-09
23700.056 4.92794220628437e-09
23750.056 3.774731986682466e-09
23800.056 4.308961207476136e-09
23850.056 4.98678151506326e-09
23900.056 7.611649541814388e-09
23950.056 8.65004172017568e-09
24000.056 9.419176173176298e-09
24050.056 1.251407189013515e-08
24100.056 1.1632897753843422e-08
24150.056 1.3425627695081172e-08
24200.056 1.2965259685322242e-08
24250.056 1.0804948150479226e-08
24300.056 1.3433041577176135e-08
24350.056 1.142329282314042e-08
24400.056 1.572981114480115e-08
24450.056 1.614484803200197e-08
24500.056 1.652582899825882e-08
24550.056 2.040285718555529e-08
24600.056 2.0776103837724138e-08
24650.056 2.6026853708450676e-08
24700.056 2.063344925212747e-08
24750.056 2.4138053195306512e-08
24800.056 2.5242100214766875e-08
24850.056 3.19233730429717e-08
24900.056 2.2844730012107744e-08
24950.056 3.575136953055624e-08
25000.056 3.3409042168834086e-08
25050.056 2.632536569412339e-08
25100.056 3.511636638592891e-08
25150.056 2.5072234657174472e-08
25200.056 3.2750294173695064e-08
25250.056 2.4781583612238583e-08
25300.056 3.4902212715144284e-08
25350.056 2.2079966413851423e-08
25400.056 3.6566220257171255e-08
25450.056 2.2465653251220294e-08
25500.056 2.2397067303718156e-08
25550.056 2.509417883884796e-08
25600.056 2.0173605985899386e-08
25650.056 1.6255515882875088e-08
25700.056 2.731969426180254e-08
25750.056 1.3221329358618705e-08
25800.056 2.6100117734148783e-08
25850.056 1.4645245268955695e-08
25900.056 1.882005016575466e-08
25950.056 1.2302154893422193e-08
26000.056 3.012533659900609e-08
26050.056 1.8813000569288635e-08
26100.056 2.7204363748638867e-08
26150.056 2.1560131110317516e-08
26200.056 2.5577649601128843e-08
26250.056 3.72347271446839e-08
26300.056 2.7512588325142736e-08
26350.056 4.655567620237798e-08
26400.056 4.7577574563147745e-08
26450.056 5.267258240555129e-08
26500.056 5.698866962455791e-08
26550.056 3.437932569178217e-08
26600.056 4.923251500136868e-08
26650.056 2.3956313386613965e-08
26700.056 2.3343042605590288e-08
26750.056 1.616151609863817e-08
26800.056 2.741327157230611e-08
26850.056 1.591244119388423e-08
26900.056 3.55412562231591e-08
26950.056 1.86576952274901e-08
27000.056 4.515423665273123e-08
27050.056 3.466964189629158e-08
27100.056 2.685470547709521e-08
27150.056 5.0269241178002365e-08
27200.056 2.970156773449234e-08
27250.056 3.5359820763993175e-08
27300.056 7.45870472464753e-08
27350.056 5.590505797912125e-08
27400.056 1.9704371595251955e-08
27450.056 7.310246947561049e-08
27500.056 6.859204899442573e-08
27550.056 3.427908180338038e-08
27600.056 6.236844482177415e-08
27650.056 2.9523552072465574e-08
27700.056 2.453269496486537e-08
27750.056 6.384887082229557e-08
27800.056 2.8582761609885012e-08
27850.056 3.725567429915405e-08
27900.056 4.0427499238187146e-08
27950.056 6.764246481205669e-08
28000.056 5.609740124575613e-08
28050.056 2.12707276714414e-08
28100.056 7.049784359808047e-08
28150.056 4.485300798318367e-08
28200.056 2.3959565986620984e-08
28250.056 6.750082142048213e-08
28300.056 8.739252104007393e-08
28350.056 3.3555507749741735e-08
28400.056 5.334302799311531e-08
28450.056 6.894265341411116e-08
28500.056 5.664410123768194e-08
28550.056 2.3486038884212332e-08
28600.056 7.957046253492563e-08
28650.056 6.83659504978212e-08
28700.056 6.096959432136448e-08
28750.056 8.60143976285817e-08
28800.056 6.847057488044299e-08
