galfind/configs/Brown_Dwarf_templates/sonora_bobcat/m0.0/31g/sp_t2300g31nc_m0.0_resample.dat
# %ECSV 1.0
# ---
# datatype:
# - {name: wav, unit: Angstrom, datatype: float64}
# - {name: flux_nu, unit: erg / (cm2 Hz s), datatype: float64}
# meta: {C/O: '1.00', Kzz: '1.0000E+05', Teff: '2301.', Y: '0.28', '[Fe/H]': '0.00', f_hole: '1.00', f_rain: '0.00', grav: '32.'}
# schema: astropy-2.0
wav flux_nu
[from data line 502]
29100.056 3.0530563732800347e-06
29150.056 3.5302386460001566e-06
29200.056 3.336191657880157e-06
29250.056 3.5336679778499717e-06
29300.056 3.2471196712784664e-06
29350.056 3.763918496699497e-06
29400.056 3.3526278620398647e-06
29450.056 3.2740747092798057e-06
29500.056 3.496533199239647e-06
29550.056 3.377923874610362e-06
29600.056 3.498986376070077e-06
29650.056 3.500497363770088e-06
29700.056 3.172268049219774e-06
29750.056 3.7445625142810924e-06
29800.056 3.6262798432798205e-06
29850.056 3.5526697631995504e-06
29900.056 3.2651303274907953e-06
29950.056 3.7399097225994256e-06
30000.056 3.700381947148738e-06
30050.056 3.532217720799997e-06
30100.056 2.9511782150093644e-06
30150.056 4.106944691399699e-06
30200.056 3.817172082900291e-06
30250.056 3.584215519100667e-06
30300.056 3.690916856199895e-06
30350.056 3.560809058600677e-06
30400.056 3.989669823000492e-06
30450.056 3.3508284076004214e-06
30500.056 3.327154176500488e-06
30550.056 4.13886187560071e-06
30600.056 3.943323371300306e-06
30650.056 3.891444596700207e-06
30700.056 3.6772056951000106e-06
30750.056 3.5827897369001566e-06
30800.056 4.1111352663011254e-06
30850.056 3.6806293062000033e-06
30900.056 3.7175656468997255e-06
30950.056 3.5854509854603347e-06
31000.056 4.025476127499894e-06
31050.056 3.5403047040001083e-06
31100.056 3.913863269800038e-06
31150.056 3.92123535509974e-06
31200.056 4.055388607699597e-06
31250.056 4.194082897800744e-06
31300.056 3.83798721489973e-06
31350.056 3.788815872399985e-06
31400.056 3.977097671700532e-06
31450.056 3.96051307890027e-06
31500.056 4.05817101420058e-06
31550.056 3.750438373599967e-06
31600.056 3.918123879899874e-06
31650.056 4.057464107999891e-06
31700.056 4.196178077599994e-06
31750.056 3.7232535822001322e-06
31800.056 4.121146346500332e-06
31850.056 4.451116748099826e-06
31900.056 4.3368917153996925e-06
31950.056 3.7378116182996337e-06
32000.056 3.924280443200698e-06
32050.056 4.369523058600477e-06
32100.056 4.4101309753996434e-06
32150.056 4.359537897800131e-06
32200.056 4.202088480299903e-06
32250.056 4.033754224100141e-06
32300.056 4.302130514800119e-06
32350.056 4.5288804422005214e-06
32400.056 4.167952974999988e-06
32450.056 4.052931284400311e-06
32500.056 4.354244816000205e-06
32550.056 4.672026533600142e-06
32600.056 4.546462325799747e-06
32650.056 4.481447931701066e-06
32700.056 4.285340232700095e-06
32750.056 4.479050701499996e-06
32800.056 4.184115800800605e-06
32850.056 4.7593927149997515e-06
32900.056 4.592153972900149e-06
32950.056 4.150939595099905e-06
33000.056 4.443565396000229e-06
33050.056 4.48892208439958e-06
33100.056 4.608765078999037e-06
33150.056 4.584914415100334e-06
33200.056 4.341080541400596e-06
33250.056 4.55350867170023e-06
33300.056 4.891294710100317e-06
33350.056 4.601932379500353e-06
33400.056 4.361631047099659e-06
33450.056 4.704725384898729e-06
33500.056 4.621586713400219e-06
33550.056 4.59796048499929e-06
33600.056 4.640450179600552e-06
33650.056 4.721612559400779e-06
33700.056 4.86792354649936e-06
33750.056 4.842637625800206e-06
33800.056 4.792141301099904e-06
33850.056 4.624515105599974e-06
33900.056 5.048710437799527e-06
33950.056 4.600727163599514e-06
34000.056 4.659382759799155e-06
34050.056 4.779388803700139e-06
34100.056 5.016493162200475e-06
34150.056 4.924823421399554e-06
34200.056 4.691823146099443e-06
34250.056 5.105611000499344e-06
34300.056 4.807632932199448e-06
34350.056 5.006407520899387e-06
34400.056 4.704170047199511e-06
34450.056 4.7262090349000505e-06
34500.056 4.8299434613008866e-06
34550.056 4.7600532187997955e-06
34600.056 4.8951572759999405e-06
34650.056 4.907250629699833e-06
34700.056 4.716442741899559e-06
34750.056 5.0205222741002774e-06
34800.056 5.132134120999632e-06
34850.056 4.748367956200031e-06
34900.056 5.040063650600425e-06
34950.056 4.906464399299143e-06
35000.056 4.822738972299565e-06
35050.056 5.154462653800555e-06
35100.056 5.095486870599144e-06
35150.056 4.941318226499569e-06
35200.056 5.078907055599695e-06
35250.056 4.636106022500424e-06
35300.056 5.020568990600464e-06
35350.056 5.20878097869964e-06
35400.056 4.979687847599877e-06
35450.056 4.859664166600209e-06
35500.056 5.100488699700065e-06
35550.056 4.965631476399964e-06
35600.056 4.9112518086991575e-06
35650.056 5.232737129700508e-06
35700.056 4.8949769933003244e-06
35750.056 4.927619946199698e-06
35800.056 5.106253589799697e-06
35850.056 5.21624321979968e-06
35900.056 5.2590758699995546e-06
35950.056 5.159029645399455e-06
36000.056 4.799624297299501e-06
36050.056 5.25417006390018e-06
36100.056 5.432181931700076e-06
36150.056 4.9783224349003e-06
36200.056 5.2904422399995215e-06
36250.056 4.9971518297993e-06
36300.056 5.531174188400763e-06
36350.056 5.382725594399365e-06
36400.056 5.200083310499828e-06
36450.056 5.4848866040996745e-06
36500.056 5.182715082500323e-06
36550.056 5.072948315400467e-06
36600.056 5.140453856000473e-06
36650.056 5.287555104600507e-06
36700.056 5.486356676600174e-06
36750.056 5.157345774700627e-06
36800.056 5.28529104179952e-06
36850.056 5.363930171699921e-06
36900.056 5.406381415000674e-06
36950.056 5.3991526331001256e-06
37000.056 5.409149354200228e-06
37050.056 5.534859110499952e-06
37100.056 5.327412890800343e-06
37150.056 5.280923236199103e-06
37200.056 5.492207464300147e-06
37250.056 5.511419500200342e-06
37300.056 5.4738835610008786e-06
37350.056 5.295129084700569e-06
37400.056 5.4958141469997244e-06
37450.056 5.472981128300399e-06
37500.056 5.602083165999784e-06
37550.056 5.445448761899254e-06
37600.056 5.664270087499377e-06
37650.056 5.269218868199521e-06
37700.056 5.347084778100219e-06
37750.056 5.6444071408992e-06
37800.056 5.735482610799968e-06
37850.056 5.552253446399764e-06
37900.056 5.637511722800354e-06
37950.056 5.669009141600286e-06
38000.056 5.551984639300667e-06
38050.056 5.5741461092003555e-06
38100.056 5.430678983400161e-06
38150.056 5.714027572199294e-06
38200.056 5.828559350899344e-06
38250.056 5.531570826000573e-06
38300.056 5.45324020249992e-06
38350.056 5.650335503800028e-06
38400.056 5.670619992699846e-06
38450.056 5.62565743450055e-06
38500.056 5.586490460599753e-06
38550.056 5.6232933393004075e-06
38600.056 5.94262028009975e-06
38650.056 5.3769343496001975e-06
38700.056 5.468919989600559e-06
38750.056 5.731604550200022e-06
38800.056 5.5891525055007385e-06
38850.056 5.666861802200243e-06
38900.056 5.457461584899971e-06
38950.056 5.6488117293996e-06
39000.056 5.597598113400119e-06
39050.056 5.6224294822999815e-06
39100.056 5.3918189951999076e-06
39150.056 5.519487790800252e-06
39200.056 5.625629040500215e-06
39250.056 5.620363489599389e-06
39300.056 5.634497734599156e-06
39350.056 5.585735168100508e-06
39400.056 5.463353700900177e-06
39450.056 5.524599416299787e-06
39500.056 5.4806250734999446e-06
39550.056 5.383986100098986e-06
39600.056 5.731324931600413e-06
39650.056 5.365470229100161e-06
39700.056 5.527083116599988e-06
39750.056 5.5318000086995155e-06
39800.056 5.2949799546002635e-06
39850.056 5.426217383499786e-06
39900.056 5.294231201299684e-06
39950.056 5.49664510479981e-06
40000.056 5.277167645199722e-06
40050.056 4.933638223599829e-06
40100.056 5.2711115866998065e-06
40150.056 4.969184751199191e-06
40200.056 5.196067100799701e-06
40250.056 5.163217981798651e-06
40300.056 4.853582996900254e-06
40350.056 5.025807294300146e-06
40400.056 5.129468557500009e-06
40450.056 4.768890909700976e-06
40500.056 4.578988277799899e-06
40550.056 5.15353216609972e-06
40600.056 4.7770544937002815e-06
40650.056 4.901326008801026e-06
40700.056 5.112385786400314e-06
40750.056 4.5880193679989005e-06
40800.056 4.558581654800546e-06
40850.056 4.362948821500876e-06
40900.056 4.275112239000692e-06
40950.056 4.622695559400037e-06
41000.056 4.782638502400422e-06
41050.056 4.649300323899223e-06
41100.056 4.468872287500602e-06
41150.056 4.769637410500206e-06
41200.056 4.473272538900098e-06
41250.056 4.5790092177001545e-06
41300.056 4.138345615199729e-06
41350.056 4.671057922000277e-06
41400.056 4.506625407999898e-06
41450.056 4.324543561499976e-06
41500.056 4.592167928900014e-06
41550.056 4.609327707300046e-06
41600.056 4.748878071799821e-06
41650.056 4.275509819700519e-06
41700.056 4.180005816099707e-06
41750.056 4.450572399200109e-06
41800.056 4.215020615599841e-06
41850.056 4.041038576500451e-06
41900.056 4.459637569799319e-06
41950.056 4.132523307300416e-06
42000.056 4.36225121720028e-06
42050.056 4.0833872625988365e-06
42100.056 4.416593033000344e-06
42150.056 3.9565132332993425e-06
42200.056 3.9845333788002e-06
42250.056 4.24186229409986e-06
42300.056 4.0179057663000666e-06
42350.056 4.312342881700609e-06
42400.056 4.006482667000053e-06
42450.056 3.6022444880002554e-06
42500.056 3.682475412000235e-06
42550.056 4.020026964399703e-06
42600.056 3.906319429800474e-06
42650.056 3.845735499999033e-06
42700.056 3.941215058700749e-06
42750.056 3.7875052691000207e-06
42800.056 3.825882993200118e-06
42850.056 4.039625287099727e-06
42900.056 3.9160207998003284e-06
42950.056 3.5509063708986623e-06
43000.056 3.7928152947999592e-06
43050.056 3.6810442792012137e-06
43100.056 3.779661807299334e-06
43150.056 3.926416774900834e-06
43200.056 3.7299644490999257e-06
43250.056 3.7738209602008764e-06
43300.056 3.836190575300187e-06
43350.056 3.6632065755994843e-06
43400.056 3.565630149399741e-06
43450.056 3.654177063900904e-06
43500.056 3.5589925317991123e-06
43550.056 3.665081503799882e-06
43600.056 3.8128984051999586e-06
43650.056 3.5426060702004855e-06
43700.056 3.5411668749000834e-06
43750.056 3.55490464079998e-06
43800.056 3.489671887899955e-06
43850.056 3.6322746512003703e-06
43900.056 3.5966965815998806e-06
43950.056 3.4409808449004546e-06
44000.056 3.287071794200305e-06
44050.056 3.3413556576001024e-06
44100.056 3.3897273606006993e-06
44150.056 3.6412452822994394e-06
44200.056 3.4245004794001737e-06
44250.056 3.22847887859973e-06
44300.056 3.188697893900591e-06
44350.056 3.286321073900041e-06
44400.056 3.2263416923000834e-06
44450.056 3.4498408526001033e-06
44500.056 3.5254983281007082e-06
44550.056 3.1895070569993264e-06
44600.056 3.272681746700466e-06
44650.056 3.3928962446000704e-06
44700.056 3.165763375300337e-06
44750.056 3.4134661676995838e-06
44800.056 3.3682255203998513e-06
44850.056 3.491400993500307e-06
44900.056 3.3231011828005214e-06
44950.056 3.0755704937000167e-06
45000.056 3.3408730693000158e-06
45050.056 3.2770668709995673e-06
45100.056 3.3849057413996894e-06
45150.056 3.3689523897001297e-06
45200.056 3.1353578339997563e-06
45250.056 3.1851046501994694e-06
45300.056 3.131398601200038e-06
45350.056 3.3687559991993293e-06
45400.056 3.361106179800323e-06
45450.056 3.1554107670994447e-06
45500.056 3.0942259020999424e-06
45550.056 3.3191830532993556e-06
45600.056 3.26316123099994e-06
45650.056 3.03059644149905e-06
45700.056 3.1143140253004747e-06
45750.056 3.2027876704997596e-06
45800.056 3.224699370699998e-06
45850.056 3.379832077900137e-06
45900.056 3.3513871782999387e-06
45950.056 3.069031990999936e-06
46000.056 3.2727759508000476e-06
46050.056 3.33349783270074e-06
46100.056 3.093055168800186e-06
46150.056 3.1431371376999715e-06
46200.056 3.3911798656006467e-06
46250.056 2.9980394288998893e-06
46300.056 3.3675137775998144e-06
46350.056 2.917702369299778e-06
46400.056 3.154928069699638e-06
46450.056 3.037689234300683e-06
46500.056 3.0177436954000966e-06
46550.056 3.251364537199803e-06
46600.056 2.9780184243996484e-06
46650.056 3.4491358540000487e-06
46700.056 3.235812773900756e-06
46750.056 2.9544996022999474e-06
46800.056 3.170722739400518e-06
46850.056 3.2035802219999845e-06
46900.056 3.1391499380994453e-06
46950.056 3.228938974100201e-06
47000.056 3.224879759000066e-06
47050.056 3.1376401094997396e-06
47100.056 3.1228304277001535e-06
47150.056 3.1175106557004963e-06
47200.056 3.086850341400683e-06
47250.056 3.132437899799065e-06
47300.056 3.0061783482991406e-06
47350.056 2.8982723506995456e-06
47400.056 3.1826251951993833e-06
47450.056 3.348215698199811e-06
47500.056 2.99831776909917e-06
47550.056 3.127242513999298e-06
47600.056 3.2349120241999812e-06
47650.056 2.7183541324993917e-06
47700.056 3.2263411565001574e-06
47750.056 2.642674088700795e-06
47800.056 3.2486990867997327e-06
47850.056 2.8445810696986833e-06
47900.056 3.288867284100129e-06
47950.056 2.740042909200745e-06
48000.056 3.3449618644000747e-06
48050.056 2.904582483200624e-06
48100.056 2.9052145909000834e-06
48150.056 2.868546879700298e-06
48200.056 3.216503536500923e-06
48250.056 2.9273129029997114e-06
48300.056 3.368329696899826e-06
48350.056 2.66694668709946e-06
48400.056 3.2166047132999084e-06
48450.056 3.0374223754002297e-06
48500.056 3.2797492251000624e-06
48550.056 2.8397571390000055e-06
48600.056 3.139862495199738e-06
48650.056 2.731715564599976e-06
48700.056 2.949016852600074e-06
48750.056 2.630489653100497e-06
48800.056 3.2672190176001543e-06
48850.056 2.8325231056994674e-06
48900.056 3.141150209899997e-06
48950.056 3.0852254438005514e-06
49000.056 2.9511378705998255e-06
49050.056 2.958013782999747e-06
49100.056 2.9521841638999997e-06
49150.056 2.8980515021001403e-06
49200.056 3.1523416681000272e-06
49250.056 2.9600629256003163e-06
49300.056 2.8385753623996962e-06
49350.056 2.674636545400085e-06
49400.056 3.1075599496005557e-06
49450.056 2.861872998100582e-06
49500.056 2.8836041413004306e-06
49550.056 2.762050525700008e-06
49600.056 2.7768417276003627e-06
49650.056 2.81182367240059e-06
49700.056 2.539999689499684e-06
49750.056 3.179173401399371e-06
49800.056 2.9405753475999906e-06
49850.056 3.1191517413000935e-06
49900.056 2.761852969900061e-06
49950.056 2.9501215953990254e-06
50000.056 2.739371526299404e-06
50050.056 2.942786284700067e-06
50100.056 2.8481089729997295e-06
50150.056 2.7583692664998285e-06
50200.056 2.541354357200125e-06
50250.056 2.5771803801002045e-06
50300.056 2.674153128099468e-06
50350.056 2.753498202299948e-06
50400.056 2.7908805243001985e-06
50450.056 2.6215922877001728e-06
50500.056 3.1349303449004335e-06
50550.056 2.807278127099777e-06
50600.056 2.7993930770003147e-06
50650.056 2.756861110400666e-06
50700.056 2.8498173035992627e-06
50750.056 2.731170221400276e-06
50800.056 2.587037705599969e-06
50850.056 2.692790642200345e-06
50900.056 2.655155305499977e-06
50950.056 2.888630585000414e-06
51000.056 3.004875812400284e-06
51050.056 2.5672910265004887e-06
51100.056 2.5740848533998682e-06
51150.056 2.800514210900217e-06
51200.056 2.731214447199792e-06
51250.056 2.821012960000175e-06
51300.056 2.646093868600642e-06
51350.056 2.7620968526997053e-06
51400.056 2.680052013499357e-06
51450.056 2.1906774621997903e-06
51500.056 2.7841145728998625e-06
51550.056 2.9972317547002473e-06
51600.056 2.380866001999858e-06
51650.056 2.7228383548996744e-06
51700.056 2.4187083224992875e-06
51750.056 2.521070360600176e-06
51800.056 2.682165074999705e-06
51850.056 2.770031354899984e-06
51900.056 2.835701605500269e-06
51950.056 2.552607951599711e-06
52000.056 2.4523915455000113e-06
52050.056 2.7487896195998103e-06
52100.056 2.687469773199362e-06
52150.056 2.66641714720046e-06
52200.056 2.5586338683000995e-06
52250.056 2.508556443299976e-06
52300.056 2.561120270999968e-06
52350.056 2.8757916008002696e-06
52400.056 2.4103200059999284e-06
52450.056 2.5752755634999914e-06
52500.056 2.646215111799193e-06
52550.056 2.4879127562994236e-06
52600.056 2.647749767400162e-06
52650.056 2.9002323028005434e-06
52700.056 2.6052396997000835e-06
52750.056 2.2082734440998096e-06
52800.056 2.4638281222003082e-06
52850.056 2.3947512338999055e-06
52900.056 2.593010126900354e-06
52950.056 2.5216206903995014e-06
53000.056 2.7012883480995687e-06
53050.056 2.6478242404996725e-06
53100.056 2.3056736785994353e-06
53150.056 2.701585937700491e-06
53200.056 2.243512883000412e-06
53250.056 2.8558056612999415e-06
53300.056 2.692389196500754e-06
53350.056 2.776564623199852e-06
53400.056 2.465100215900157e-06
53450.056 2.361019069999987e-06
53500.056 2.298852401099686e-06
53550.056 2.687637220700048e-06
53600.056 2.603865352400398e-06
53650.056 2.4587785279007723e-06
53700.056 2.446465822700603e-06
53750.056 2.7152259079997038e-06
53800.056 2.7329297670003848e-06
