galfind/configs/Brown_Dwarf_templates/sonora_bobcat/m0.0/31g/sp_t750g31nc_m0.0_resample.dat
# %ECSV 1.0
# ---
# datatype:
# - {name: wav, unit: Angstrom, datatype: float64}
# - {name: flux_nu, unit: erg / (cm2 Hz s), datatype: float64}
# meta: {C/O: '1.00', Kzz: '1.0000E+05', Teff: '750.', Y: '0.28', '[Fe/H]': '0.00', f_hole: '1.00', f_rain: '0.00', grav: '32.'}
# schema: astropy-2.0
wav flux_nu
[from data line 499]
28950.056 2.5828939071682026e-08
29000.056 2.030041173343056e-08
29050.056 2.326038358326966e-08
29100.056 1.660349811179949e-08
29150.056 2.7762916336167572e-08
29200.056 2.0999533019428732e-08
29250.056 3.1804256467265686e-08
29300.056 1.6065648622440338e-08
29350.056 4.538191213588113e-08
29400.056 2.3508213644284272e-08
29450.056 2.5789832707081737e-08
29500.056 3.047338881081991e-08
29550.056 2.4624392647686144e-08
29600.056 3.07836285286684e-08
29650.056 3.414058788851165e-08
29700.056 2.1766097804395296e-08
29750.056 3.357654274476494e-08
29800.056 3.3733462450551234e-08
29850.056 3.776107789763532e-08
29900.056 3.3669736670118825e-08
29950.056 3.187036884637588e-08
30000.056 9.226372230577629e-09
30050.056 1.3580532347627431e-08
30100.056 1.4391501746336961e-08
30150.056 2.8663317353565242e-08
30200.056 2.2259476944756565e-08
30250.056 4.090823949620273e-08
30300.056 3.823547721340842e-08
30350.056 2.984242158856552e-08
30400.056 4.0053878723415116e-08
30450.056 2.643834713090758e-08
30500.056 2.4099455026906626e-08
30550.056 2.4972887259828943e-08
30600.056 3.1530829117450794e-08
30650.056 2.2468476699871715e-08
30700.056 2.0676734003642065e-08
30750.056 2.5517070205500316e-08
30800.056 1.927729607181871e-08
30850.056 1.9322281569658568e-08
30900.056 1.4243556352467331e-08
30950.056 1.5886587835065708e-08
31000.056 1.2998405293542348e-08
31050.056 1.2790138665359481e-08
31100.056 1.0346263710755264e-08
31150.056 1.4133238995939159e-08
31200.056 1.4479762923063447e-08
31250.056 1.0601959647804202e-08
31300.056 9.183656067137503e-09
31350.056 1.0477521347446355e-08
31400.056 8.068460783228954e-09
31450.056 8.43676468221764e-09
31500.056 6.306347694983447e-09
31550.056 7.431828170059475e-09
31600.056 5.141639444230455e-09
31650.056 4.990044054850465e-09
31700.056 5.206935067369519e-09
31750.056 3.975491662269302e-09
31800.056 5.489158615970426e-09
31850.056 3.5338662530203052e-09
31900.056 4.427949009499622e-09
31950.056 2.869465493203729e-09
32000.056 3.703755791394989e-09
32050.056 4.262860096672149e-09
32100.056 4.105875953555768e-09
32150.056 4.3965585774086084e-09
32200.056 3.456636220015592e-09
32250.056 5.1263438989307875e-09
32300.056 3.4212710364899002e-09
32350.056 5.179430897798908e-09
32400.056 3.266016298568668e-09
32450.056 4.771905003966495e-09
32500.056 3.862295969814839e-09
32550.056 3.973360768659942e-09
32600.056 4.915880570656708e-09
32650.056 7.98727806596329e-09
32700.056 6.042732119591656e-09
32750.056 8.44791773706188e-09
32800.056 7.518550290220775e-09
32850.056 9.285654147309034e-09
32900.056 1.0059354011775228e-08
32950.056 1.0920264201377207e-08
33000.056 8.558653955161444e-09
33050.056 8.635608467045738e-09
33100.056 3.5301786036794217e-09
33150.056 5.636961407739885e-10
33200.056 6.860671144197057e-10
33250.056 3.740528634679636e-10
33300.056 5.272678340301033e-10
33350.056 1.1676825748629418e-09
33400.056 2.010643761578873e-09
33450.056 3.0066378783094405e-09
33500.056 5.438349991674332e-09
33550.056 4.023535477609479e-09
33600.056 7.31415650186301e-09
33650.056 6.988846383438599e-09
33700.056 5.856628416831959e-09
33750.056 8.978814954252842e-09
33800.056 6.329005275860121e-09
33850.056 7.931197100675146e-09
33900.056 6.460019673050377e-09
33950.056 6.5130867828599e-09
34000.056 9.08873340702459e-09
34050.056 3.967479080206958e-09
34100.056 8.798126525265333e-09
34150.056 6.537748039294787e-09
34200.056 7.327171557766057e-09
34250.056 6.999453353064934e-09
34300.056 6.386794148687095e-09
34350.056 5.836718860149584e-09
34400.056 4.684609168708642e-09
34450.056 7.10127907963628e-09
34500.056 6.471492978804807e-09
34550.056 4.751766844420741e-09
34600.056 8.987070700849935e-09
34650.056 5.511970188788647e-09
34700.056 7.85723594427912e-09
34750.056 7.281841909016995e-09
34800.056 6.512410872711834e-09
34850.056 7.953601810633041e-09
34900.056 8.027082748272331e-09
34950.056 9.264235647087076e-09
35000.056 1.4478612221049224e-08
35050.056 8.057425375835633e-09
35100.056 1.1598290445502568e-08
35150.056 1.0083644755113657e-08
35200.056 1.148372481720802e-08
35250.056 1.5463950143885635e-08
35300.056 1.1445463407529939e-08
35350.056 1.1721240892013922e-08
35400.056 1.3412739425777056e-08
35450.056 9.029860200612587e-09
35500.056 1.9438052283198327e-08
35550.056 1.7486776826095167e-08
35600.056 1.4291591460239963e-08
35650.056 1.6427881538437052e-08
35700.056 1.5284384010003697e-08
35750.056 2.0548593452617356e-08
35800.056 2.6447926340120554e-08
35850.056 1.4696738417787508e-08
35900.056 1.9665517045302194e-08
35950.056 1.8902095403560996e-08
36000.056 1.914420361830348e-08
36050.056 1.6607066244663044e-08
36100.056 1.7878437925147742e-08
36150.056 2.0174571222793567e-08
36200.056 2.1629842749831786e-08
36250.056 2.017966331906181e-08
36300.056 2.5777841618547626e-08
36350.056 2.3130073450925903e-08
36400.056 2.3281670834313183e-08
36450.056 2.946635407509541e-08
36500.056 3.195494234868157e-08
36550.056 3.097221339260891e-08
36600.056 3.7958836332195294e-08
36650.056 3.61210994332778e-08
36700.056 3.917521423448729e-08
36750.056 4.277740206143244e-08
36800.056 4.2130160669900596e-08
36850.056 3.758380336749398e-08
36900.056 4.4565898270452674e-08
36950.056 4.809662461878971e-08
37000.056 4.34412897573915e-08
37050.056 4.4716369221493044e-08
37100.056 5.0507581089552803e-08
37150.056 4.0905374846353225e-08
37200.056 5.1056909452987e-08
37250.056 5.085243718819144e-08
37300.056 4.4034848802977276e-08
37350.056 4.8039835659112165e-08
37400.056 7.183473048183827e-08
37450.056 5.132539043205293e-08
37500.056 5.211308071672638e-08
37550.056 6.336260982705443e-08
37600.056 7.191481847880885e-08
37650.056 4.857220062609928e-08
37700.056 7.767415956940843e-08
37750.056 5.5767432660297345e-08
37800.056 5.915546980225527e-08
37850.056 4.109218605995584e-08
37900.056 4.961887554941203e-08
37950.056 6.383372641765282e-08
38000.056 7.528283101740096e-08
38050.056 7.370782924382227e-08
38100.056 7.353246915136048e-08
38150.056 8.709202286499838e-08
38200.056 9.138584522292772e-08
38250.056 8.534934764561094e-08
38300.056 1.1317888536898038e-07
38350.056 1.1442503067701919e-07
38400.056 7.027273040996637e-08
38450.056 7.21049008480728e-08
38500.056 5.0046880978397665e-08
38550.056 7.956666095702846e-08
38600.056 8.296157741940762e-08
38650.056 7.728769750478269e-08
38700.056 8.16912223258998e-08
38750.056 9.172167043171206e-08
38800.056 8.067893215782828e-08
38850.056 8.337238246411146e-08
38900.056 1.1295858085540702e-07
38950.056 8.941885058528354e-08
39000.056 1.0150315469759575e-07
39050.056 8.938201280400209e-08
39100.056 1.0146015014080312e-07
39150.056 1.0223352529910635e-07
39200.056 1.0610225604598954e-07
39250.056 1.2211639361277614e-07
39300.056 9.662033920705026e-08
39350.056 1.3706231243080605e-07
39400.056 1.0981924298686267e-07
39450.056 1.215104993862887e-07
39500.056 1.2085972824213822e-07
39550.056 1.2049281224312657e-07
39600.056 1.30589163914363e-07
39650.056 1.3858878360298225e-07
39700.056 1.3610572019602273e-07
39750.056 1.1189944685144681e-07
39800.056 1.2945489586997153e-07
39850.056 1.6149343503400326e-07
39900.056 1.6063572485101452e-07
39950.056 1.3461508496855674e-07
40000.056 1.87385108756847e-07
40050.056 1.5937946607759596e-07
40100.056 1.2910935461839828e-07
40150.056 1.6645551579217457e-07
40200.056 1.7058560339692682e-07
40250.056 1.7086269588492795e-07
40300.056 1.700347058965342e-07
40350.056 1.7522309754007892e-07
40400.056 2.0135194597029263e-07
40450.056 1.7082995877452701e-07
40500.056 2.0224875816197445e-07
40550.056 2.026979658387417e-07
40600.056 1.9529162711802903e-07
40650.056 1.681234920771871e-07
40700.056 2.349046721609909e-07
40750.056 1.9594707543497522e-07
40800.056 1.5874565170190803e-07
40850.056 2.5148605490007586e-07
40900.056 2.297677891788242e-07
40950.056 2.1431876750381123e-07
41000.056 2.1387934745499608e-07
41050.056 2.6685276652995253e-07
41100.056 2.2722110951201844e-07
41150.056 1.7101279010117367e-07
41200.056 2.64224267528973e-07
41250.056 2.1874670691876773e-07
41300.056 2.0272597383395007e-07
41350.056 2.8604073998103665e-07
41400.056 2.5548268001404904e-07
41450.056 2.772513058340233e-07
41500.056 2.257475054784194e-07
41550.056 2.2599372474115577e-07
41600.056 2.695669957712529e-07
41650.056 2.7696919210600464e-07
41700.056 2.530366360018886e-07
41750.056 2.625069391579804e-07
41800.056 2.9375364966899927e-07
41850.056 2.2558272014010148e-07
41900.056 2.503718036259472e-07
41950.056 2.366887349970534e-07
42000.056 2.3021867238841403e-07
42050.056 2.1664978583743682e-07
42100.056 2.906882973619821e-07
42150.056 2.3102565248199534e-07
42200.056 2.1542715574901326e-07
42250.056 2.2169123534495073e-07
42300.056 2.2219882357420685e-07
42350.056 2.737234761810446e-07
42400.056 2.5842828683707956e-07
42450.056 2.3381104865805068e-07
42500.056 2.2616747094898459e-07
42550.056 2.212377263259587e-07
42600.056 2.3415932992156039e-07
42650.056 2.814933044948865e-07
42700.056 2.446384347213806e-07
42750.056 2.3036435535999276e-07
42800.056 2.553695240720465e-07
42850.056 2.84826700679899e-07
42900.056 2.982635112700914e-07
42950.056 2.5004523366292336e-07
43000.056 2.771670209220344e-07
43050.056 1.9826793787008322e-07
43100.056 2.4930071136793605e-07
43150.056 2.3590778807053484e-07
43200.056 2.868950533420026e-07
43250.056 3.3159916450001987e-07
43300.056 3.288996644000045e-07
43350.056 2.306564096559489e-07
43400.056 2.713179313139698e-07
43450.056 2.397888164196465e-07
43500.056 2.2285825848200085e-07
43550.056 2.3801962260006785e-07
43600.056 3.223006582490366e-07
43650.056 2.5022907839680437e-07
43700.056 3.050754584680533e-07
43750.056 2.93342658367055e-07
43800.056 2.7515810388395907e-07
43850.056 2.4585945348403103e-07
43900.056 2.6334404079597467e-07
43950.056 1.949993851499991e-07
44000.056 1.9103443450349258e-07
44050.056 3.0096835968901795e-07
44100.056 3.5221975452602156e-07
44150.056 3.237019380969489e-07
44200.056 2.981730333059928e-07
44250.056 2.3334734900901301e-07
44300.056 2.07347597073042e-07
44350.056 2.2830650410826374e-07
44400.056 2.3260896460999712e-07
44450.056 2.794202275429522e-07
44500.056 2.866414122040794e-07
44550.056 3.37234186259951e-07
44600.056 2.7992416545043587e-07
44650.056 2.9890364745506756e-07
44700.056 2.2224944214000738e-07
44750.056 2.90301359192036e-07
44800.056 2.5244949461602115e-07
44850.056 2.8911511055404704e-07
44900.056 2.513976468820206e-07
44950.056 2.8018589947601343e-07
45000.056 2.951196551899786e-07
45050.056 2.8809600046699673e-07
45100.056 2.797442052039939e-07
45150.056 2.847210908350563e-07
45200.056 2.3990641997502266e-07
45250.056 2.610012554029099e-07
45300.056 2.3155691471904811e-07
45350.056 2.388374348880051e-07
45400.056 3.3859193735102957e-07
45450.056 2.9491965577598463e-07
45500.056 3.059968354820079e-07
45550.056 3.382507776879023e-07
45600.056 3.333512173100408e-07
45650.056 2.673600640779697e-07
45700.056 2.4703540556402116e-07
45750.056 2.3640944412399517e-07
45800.056 3.370179715789946e-07
45850.056 3.4209285667799656e-07
45900.056 3.590359492699973e-07
45950.056 3.004649592919872e-07
46000.056 3.401566450085118e-07
46050.056 2.9754970744402686e-07
46100.056 3.447974393899752e-07
46150.056 2.814286776539925e-07
46200.056 2.6993845095301184e-07
46250.056 1.897074025500624e-07
46300.056 3.048837850610024e-07
46350.056 2.8879075274102837e-07
46400.056 2.739812083780097e-07
46450.056 2.62064568632048e-07
46500.056 2.8019750192006076e-07
46550.056 2.3106319267698832e-07
46600.056 2.7609262550178907e-07
46650.056 3.7124066713497477e-07
46700.056 2.8578290739999656e-07
46750.056 2.1063372802939588e-07
46800.056 1.7267935125762045e-07
46850.056 3.711222682690788e-07
46900.056 3.2701685157396634e-07
46950.056 3.292754057419972e-07
47000.056 3.0402783507903605e-07
47050.056 2.9016169751509144e-07
47100.056 2.1123570700203685e-07
47150.056 2.5682972584603034e-07
47200.056 3.052561881300158e-07
47250.056 2.378489942259863e-07
47300.056 1.8511261352870616e-07
47350.056 3.283350927079661e-07
47400.056 3.0908698205996573e-07
47450.056 3.044873290198261e-07
47500.056 3.4020377946994715e-07
47550.056 3.035095096900039e-07
47600.056 2.9828008519498803e-07
47650.056 2.6656008868675523e-07
47700.056 2.817436712841732e-07
47750.056 2.0568618615601044e-07
47800.056 2.271842168380107e-07
47850.056 1.6788888884600859e-07
47900.056 2.1553007340296322e-07
47950.056 2.5566241626403603e-07
48000.056 3.565790954300627e-07
48050.056 3.21874028556007e-07
48100.056 2.0586337191401797e-07
48150.056 2.7195719903002024e-07
48200.056 2.438876237720049e-07
48250.056 2.4622977754801305e-07
48300.056 3.2046027047989787e-07
48350.056 2.146871940430214e-07
48400.056 1.4344288489337253e-07
48450.056 2.319548105598746e-07
48500.056 2.981243075579543e-07
48550.056 2.461168121200012e-07
48600.056 2.733567575710037e-07
48650.056 2.829167159999733e-07
48700.056 2.5186779992798934e-07
48750.056 1.7739462326309798e-07
48800.056 3.354122695199891e-07
48850.056 2.0941810672396117e-07
48900.056 3.052691664039973e-07
48950.056 2.244333372860325e-07
49000.056 1.3454315456837024e-07
49050.056 2.56546608724982e-07
49100.056 2.84314448825058e-07
49150.056 2.406850224922348e-07
49200.056 3.120902459770444e-07
49250.056 2.973416083060454e-07
49300.056 2.615120347140008e-07
49350.056 1.6391741977212997e-07
49400.056 2.1667626375697257e-07
49450.056 2.2688640383357525e-07
49500.056 1.8676188082397865e-07
49550.056 1.0175555576801424e-07
49600.056 1.727082500394446e-07
49650.056 2.1963903648799217e-07
49700.056 2.0656478792393323e-07
49750.056 2.443107314999461e-07
49800.056 2.020977295272188e-07
49850.056 2.972962433260811e-07
49900.056 2.3754284956637417e-07
49950.056 2.355152055340006e-07
50000.056 2.1356687391097135e-07
50050.056 2.548934984750034e-07
50100.056 2.0915768940501326e-07
50150.056 1.431212327169782e-07
50200.056 6.75996988986118e-08
50250.056 1.9378892177297203e-07
50300.056 1.502957313050185e-07
50350.056 2.5707324962902794e-07
50400.056 2.2536284795898392e-07
50450.056 1.8185442838762395e-07
50500.056 2.2994920006803517e-07
50550.056 2.1177428794401564e-07
50600.056 1.8380067098995225e-07
50650.056 2.4634856209205687e-07
50700.056 2.596314435758966e-07
50750.056 2.0593637373103298e-07
50800.056 1.216231309229915e-07
50850.056 1.1029009636404143e-07
50900.056 2.4771024714400135e-07
50950.056 1.9026447550002964e-07
51000.056 2.036418514221152e-07
51050.056 2.017881939269979e-07
51100.056 1.1413491203588813e-07
51150.056 1.5854511278658225e-07
51200.056 2.727448117099834e-07
51250.056 1.8178953306195425e-07
51300.056 1.5321839668808e-07
51350.056 1.589262263909895e-07
51400.056 9.232706405499846e-08
51450.056 7.846067576007659e-08
51500.056 8.619424259993396e-08
51550.056 2.0056471963121325e-07
51600.056 1.426950919428331e-07
51650.056 1.485522892549635e-07
51700.056 1.630954932278815e-07
51750.056 1.1879017868752078e-07
51800.056 1.754167450299652e-07
51850.056 1.6223297578099342e-07
51900.056 2.2764629681602475e-07
51950.056 1.7113265751398724e-07
52000.056 6.040048398408681e-08
52050.056 1.2571174176752167e-07
52100.056 9.335422339698952e-08
52150.056 8.103656756140775e-08
52200.056 9.580279588520135e-08
52250.056 1.2597380107702836e-07
52300.056 1.8053791486699008e-07
52350.056 1.2334365235760588e-07
52400.056 9.053054983820788e-08
52450.056 1.754473426380098e-07
52500.056 1.610186085919537e-07
52550.056 1.645977415439601e-07
52600.056 1.3760151109101876e-07
52650.056 1.4720619214502253e-07
52700.056 1.2851970636199653e-07
52750.056 8.310388596079775e-08
52800.056 1.0889898552501926e-07
52850.056 1.1694120531195979e-07
52900.056 9.792124894498922e-08
52950.056 1.1048747452000254e-07
53000.056 1.5198255905801782e-07
53050.056 7.924665230977728e-08
53100.056 1.2052692491595718e-07
53150.056 1.6720411824202156e-07
53200.056 8.219282166680007e-08
53250.056 1.5374718481800686e-07
53300.056 1.7019864612029296e-07
53350.056 1.54513817672995e-07
53400.056 1.3381212544699798e-07
53450.056 7.31700637859864e-08
53500.056 3.959321405098896e-08
