galfind/configs/Brown_Dwarf_templates/sonora_bobcat/m0.0/31g/sp_t750g31nc_m0.0_resample.dat
# %ECSV 1.0
# ---
# datatype:
# - {name: wav, unit: Angstrom, datatype: float64}
# - {name: flux_nu, unit: erg / (cm2 Hz s), datatype: float64}
# meta: {C/O: '1.00', Kzz: '1.0000E+05', Teff: '750.', Y: '0.28', '[Fe/H]': '0.00', f_hole: '1.00', f_rain: '0.00', grav: '32.'}
# schema: astropy-2.0
wav flux_nu
4000.0559999999996 nan
4050.0559999999996 2.0758801729869574e-14
4100.056 1.6043558992699595e-12
4150.056 6.792074196800373e-12
4200.056 5.771208739450997e-12
4250.056 1.5997929610801292e-11
4300.056 2.264642363350152e-11
4350.056 2.6893362002301025e-11
4400.056 3.3887349282001064e-11
4450.056 4.123416372099993e-11
4500.056 4.342570182300193e-11
4550.056 4.874952208173241e-11
4600.056 4.68682178775802e-11
4650.056 3.9259750229997246e-11
4700.056 3.1140906470000264e-11
4750.056 1.2399213384499962e-11
4800.056 2.9919326504999536e-12
4850.056 7.473253552599907e-13
4900.056 2.7970299147999766e-13
4950.056 1.1413538113699888e-13
5000.056 3.5664445550999505e-14
5050.056 1.2675373231699976e-14
5100.056 1.0346417416200031e-14
5150.056 9.544450712500062e-15
5200.056 9.099214600200009e-15
5250.056 8.798210330299999e-15
5300.056 8.751889219899999e-15
5350.056 8.975659342500005e-15
5400.056 9.358510363599997e-15
5450.056 9.903876682100028e-15
5500.056 1.0556872372300064e-14
5550.056 1.1257545630000021e-14
5600.056 1.1883380147000006e-14
5650.056 1.2287029351999987e-14
5700.056 1.2212185449700003e-14
5750.056 1.1617269735899991e-14
5800.056 1.012693603119997e-14
5850.056 6.903495030899896e-15
5900.056 2.070643871387509e-15
5950.056 1.3808106949800344e-14
6000.056 2.965325958999986e-14
6050.056 5.316826205000078e-14
6100.056 8.644337202800086e-14
6150.056 1.3248089829000093e-13
6200.056 1.9762379366000116e-13
6250.056 2.893765181900008e-13
6300.056 4.285205766400023e-13
6350.056 6.377178259200052e-13
6400.056 9.555979704300074e-13
6450.056 1.4069885995399685e-12
6500.056 2.1588670275899853e-12
6550.056 3.3314058185000085e-12
6600.056 5.1537547016001395e-12
6650.056 7.889469718200066e-12
6700.056 1.0322320633486085e-11
6750.056 1.711579561200012e-11
6800.056 2.3104585307000204e-11
6850.056 2.7265243520000074e-11
6900.056 2.6389644244000513e-11
6950.056 2.35488471658997e-11
7000.056 2.425544959260041e-11
7050.056 2.647961942429948e-11
7100.056 2.932945835079969e-11
7150.056 2.8833968591159374e-11
7200.056 2.7562976628442097e-11
7250.056 2.656301699217813e-11
7300.056 2.4086039256458976e-11
7350.056 2.1730124755059206e-11
7400.056 1.9553185784500745e-11
7450.056 1.7186575016400518e-11
7500.056 1.4733502468399836e-11
7550.056 1.2170890100999916e-11
7600.056 9.801963887399933e-12
7650.056 2.8175857637778647e-12
7700.056 1.8185979842730897e-12
7750.056 9.85240020480016e-12
7800.056 1.65171315529001e-11
7850.056 3.0635181426e-11
7900.056 4.826110588999957e-11
7950.056 6.041207172632074e-11
8000.056 1.1083765856900155e-10
8050.056 1.5826846365400524e-10
8100.056 2.008713663727033e-10
8150.056 2.6167690068837357e-10
8200.056 3.693026247760424e-10
8250.056 4.683433622550445e-10
8300.056 6.028268617366972e-10
8350.056 7.278533813697532e-10
8400.056 8.985179766859906e-10
8450.056 1.142151789095942e-09
8500.056 1.2669723657258805e-09
8550.056 1.6742007616200268e-09
8600.056 2.11839007560002e-09
8650.056 2.5138648553000433e-09
8700.056 2.908648988899995e-09
8750.056 3.4064594278000383e-09
8800.056 3.864606486300116e-09
8850.056 3.979021850999886e-09
8900.056 2.6531470895117613e-09
8950.056 2.786131751223559e-09
9000.056 2.925837114433404e-09
9050.056 5.224197296264434e-09
9100.056 6.182963502070307e-09
9150.056 6.619618306852632e-09
9200.056 8.316248134145337e-09
9250.056 8.3928210473759e-09
9300.056 3.8565593260775135e-09
9350.056 4.461542004721857e-09
9400.056 6.0956389940488064e-09
9450.056 7.584903358511372e-09
9500.056 7.218057601649628e-09
9550.056 8.344548412420687e-09
9600.056 8.148559215697187e-09
9650.056 9.542166848605004e-09
9700.056 1.1651878512537643e-08
9750.056 1.1996591305768993e-08
9800.056 1.3255712833492205e-08
9850.056 1.4920170326760478e-08
9900.056 1.7721030403839478e-08
9950.056 1.7961773653836656e-08
10000.056 1.823498132437589e-08
10050.056 2.28460426852009e-08
10100.056 2.799648488679533e-08
10150.056 3.235438184449561e-08
10200.056 3.7632991198000176e-08
10250.056 4.279163231190142e-08
10300.056 4.99351319029986e-08
10350.056 5.741307360899964e-08
10400.056 6.764776428699836e-08
10450.056 7.474052792899319e-08
10500.056 8.094265539700163e-08
10550.056 8.763356100000389e-08
10600.056 9.259623526099464e-08
10650.056 9.908797970010309e-08
10700.056 1.01169443119206e-07
10750.056 1.0632307273990264e-07
10800.056 1.0755719328840265e-07
10850.056 1.020147484171935e-07
10900.056 7.498699447701731e-08
10950.056 4.0971960620699416e-08
11000.056 3.394035748593203e-08
11050.056 2.5830235215855275e-08
11100.056 1.8592754165412443e-08
11150.056 1.0952341967908637e-08
11200.056 9.020194856889256e-09
11250.056 1.0522847831971152e-08
11300.056 1.247335522453389e-08
11350.056 5.716457991638617e-09
11400.056 1.0076971093169454e-08
11450.056 8.613389706827434e-09
11500.056 6.471373024219811e-09
11550.056 2.3388776221117646e-09
11600.056 2.7951987399799795e-09
11650.056 5.710344807670079e-09
11700.056 5.689892047790846e-09
11750.056 1.4276149505779516e-09
11800.056 6.456970753075514e-09
11850.056 1.0958401265050597e-08
11900.056 1.2942056679916562e-08
11950.056 1.95218551818352e-08
12000.056 2.7815024109046815e-08
12050.056 3.877030827382212e-08
12100.056 5.218291673647625e-08
12150.056 6.8732938026304e-08
12200.056 8.352384177730854e-08
12250.056 1.0275739656872605e-07
12300.056 1.2533322548528034e-07
12350.056 1.3299923125030414e-07
12400.056 1.5747936611919467e-07
12450.056 1.6640344356801572e-07
12500.056 1.8099393345800316e-07
12550.056 1.9802197619981858e-07
12600.056 2.300857226920115e-07
12650.056 2.256301625866963e-07
12700.056 2.2936724782963652e-07
12750.056 2.163732621865156e-07
12800.056 2.099253925088525e-07
12850.056 1.7312958509523942e-07
12900.056 1.454932627956703e-07
12950.056 1.3953870116159177e-07
13000.056 1.24616472268912e-07
13050.056 1.0317740033083334e-07
13100.056 9.13308081438688e-08
13150.056 7.075162595929074e-08
13200.056 5.962007451251558e-08
13250.056 4.4550101105800325e-08
13300.056 1.9980841149146965e-08
13350.056 6.3389302882632e-09
13400.056 4.759930685539613e-09
13450.056 2.3178833027979687e-09
13500.056 1.4682953653405913e-09
13550.056 9.321846872586453e-10
13600.056 3.291234516036616e-10
13650.056 1.0468663345684217e-09
13700.056 8.278605636869485e-10
13750.056 7.701038569837967e-10
13800.056 7.66953570514358e-10
13850.056 6.12383372516813e-10
13900.056 6.736815621119719e-10
13950.056 5.463884312756942e-10
14000.056 5.787682499040662e-10
14050.056 7.815112752617679e-10
14100.056 8.61704479460232e-10
14150.056 1.299414543679149e-09
14200.056 1.0112669574332808e-09
14250.056 1.2679368041366106e-09
14300.056 2.1240726157391767e-09
14350.056 2.328871105924118e-09
14400.056 2.8062327517877033e-09
14450.056 3.2866983552779257e-09
14500.056 5.996535601636479e-09
14550.056 7.1577997994521394e-09
14600.056 9.115685838868714e-09
14650.056 9.15074069584025e-09
14700.056 7.1476982176669825e-09
14750.056 7.96967360771727e-09
14800.056 1.1496594779954084e-08
14850.056 1.3235394415865927e-08
14900.056 1.4300037393380885e-08
14950.056 1.5672500425584664e-08
15000.056 2.0110744167538606e-08
15050.056 2.1323337582531097e-08
15100.056 2.271809728563838e-08
15150.056 2.5235899191367427e-08
15200.056 2.8244897688284887e-08
15250.056 3.803548242734205e-08
15300.056 4.43701036927788e-08
15350.056 5.047826153392616e-08
15400.056 5.9158556503831904e-08
15450.056 6.720545560244347e-08
15500.056 7.174123193215973e-08
15550.056 8.34288181956128e-08
15600.056 8.756845118390172e-08
15650.056 9.736545645450395e-08
15700.056 1.1452773257603992e-07
15750.056 1.23608997122792e-07
15800.056 1.2144021025602873e-07
15850.056 1.2957784534300394e-07
15900.056 1.1477041263500624e-07
15950.056 1.0449631629797558e-07
16000.056 7.77785083390077e-08
16050.056 4.7303947386078164e-08
16100.056 3.1523136701107316e-08
16150.056 1.916824581915648e-08
16200.056 1.1564633759889e-08
16250.056 8.943758663075104e-09
16300.056 6.301502504335496e-09
16350.056 7.092182906052793e-09
16400.056 8.962477188237723e-09
16450.056 9.14085589637078e-09
16500.056 9.385447956191772e-09
16550.056 9.510799043666691e-09
16600.056 9.355108651973217e-09
16650.056 7.583092728916511e-09
16700.056 1.8110790273629347e-09
16750.056 3.0490919782981842e-09
16800.056 5.741060020417083e-09
16850.056 6.9119411457214864e-09
16900.056 4.695514930980003e-09
16950.056 3.243233398823905e-09
17000.056 2.1657768290875318e-09
17050.056 3.9020101662425656e-09
17100.056 5.817658945187678e-09
17150.056 3.689139925823612e-09
17200.056 7.795286159931454e-09
17250.056 6.658381625533467e-09
17300.056 4.330195766874663e-09
17350.056 3.9860168870822625e-09
17400.056 5.282948811118684e-09
17450.056 6.971390401224056e-09
17500.056 8.905479953136933e-09
17550.056 8.613585866399532e-09
17600.056 6.987249911901706e-09
17650.056 7.0711469761538535e-09
17700.056 5.014809027180518e-09
17750.056 5.266768458754128e-09
17800.056 9.347020899076795e-09
17850.056 6.004342415397539e-09
17900.056 4.7575155642333255e-09
17950.056 4.1039200334311265e-09
18000.056 5.333253465570937e-09
18050.056 5.815075668335302e-09
18100.056 6.868479366093434e-09
18150.056 8.399901098952262e-09
18200.056 5.502728950770026e-09
18250.056 1.1803259466683215e-08
18300.056 7.108284931869089e-09
18350.056 5.5729863634334945e-09
18400.056 5.615648935959217e-09
18450.056 8.108476316824988e-09
18500.056 8.815088845812715e-09
18550.056 6.880753995234149e-09
18600.056 6.600202982373267e-09
18650.056 6.494806785318275e-09
18700.056 5.109200612271043e-09
18750.056 7.849267844997205e-09
18800.056 1.3997245165168735e-08
18850.056 1.600743144555929e-08
18900.056 1.5098687633341495e-08
18950.056 2.1672252645481214e-08
19000.056 1.4725951884237283e-08
19050.056 1.0712302580750088e-08
19100.056 1.7975837091759105e-08
19150.056 1.3072270746929425e-08
19200.056 1.6080878138920852e-08
19250.056 1.2476594950462112e-08
19300.056 1.1129077509417458e-08
19350.056 9.30899750749169e-09
19400.056 7.64935947812588e-09
19450.056 1.3561384909352665e-08
19500.056 1.251888809226977e-08
19550.056 9.037266522321514e-09
19600.056 1.4496789102746795e-08
19650.056 1.500515018183737e-08
19700.056 1.604182910349983e-08
19750.056 1.9327218317621885e-08
19800.056 1.858371408215219e-08
19850.056 2.4495907558560726e-08
19900.056 2.0295743818363568e-08
19950.056 3.1752926673525695e-08
20000.056 3.0594943699929306e-08
20050.056 3.150834252124799e-08
20100.056 4.0811828296667896e-08
20150.056 3.507373297679904e-08
20200.056 3.754336110853386e-08
20250.056 4.7977203894836954e-08
20300.056 4.950333024546277e-08
20350.056 5.570734463250446e-08
20400.056 5.242824161621127e-08
20450.056 6.492925110292554e-08
20500.056 7.138850890286874e-08
20550.056 7.102113309252439e-08
20600.056 7.873323826716648e-08
20650.056 8.109570287260371e-08
20700.056 8.449319111154179e-08
20750.056 8.893387619981049e-08
20800.056 8.865002501990735e-08
20850.056 8.678094340960402e-08
20900.056 8.931463232507091e-08
20950.056 8.36375787372918e-08
21000.056 7.90432146412304e-08
21050.056 7.822916369138899e-08
21100.056 7.124281611071075e-08
21150.056 7.132557357956501e-08
21200.056 6.355388985101477e-08
21250.056 5.763195601544075e-08
21300.056 4.659896247972189e-08
21350.056 4.683660500454536e-08
21400.056 4.2617685047341764e-08
21450.056 3.705634712715778e-08
21500.056 3.287216257729093e-08
21550.056 2.9114446021886714e-08
21600.056 2.3881944904537872e-08
21650.056 1.939626942838833e-08
21700.056 1.9061326756511554e-08
21750.056 1.6848286110079844e-08
21800.056 1.3870172737631793e-08
21850.056 1.2658318066085564e-08
21900.056 8.637047231647485e-09
21950.056 4.6128453608851724e-09
22000.056 1.6236522543005492e-09
22050.056 1.0871977813357194e-09
22100.056 2.2435010090653307e-09
22150.056 3.3928404999261685e-09
22200.056 3.902413335667103e-09
22250.056 3.1057736314863356e-09
22300.056 2.351966594523848e-09
22350.056 2.4004658461835367e-09
22400.056 1.5110242423985226e-09
22450.056 1.4371053960179852e-09
22500.056 1.2199420798798326e-09
22550.056 9.700874097706817e-10
22600.056 9.717202428132564e-10
22650.056 1.1909728921167214e-09
22700.056 9.57476756899485e-10
22750.056 1.0150017397200327e-09
22800.056 9.401921899519607e-10
22850.056 8.053787219284615e-10
22900.056 6.467465561241939e-10
22950.056 6.217136264452221e-10
23000.056 8.533795952571293e-10
23050.056 1.124907741565795e-09
23100.056 2.454246088313538e-09
23150.056 2.850187097603979e-09
23200.056 5.043564425306315e-10
23250.056 6.971938167223388e-10
23300.056 6.81983005844668e-10
23350.056 7.54341460244029e-10
23400.056 8.438523096600074e-10
23450.056 7.383924097871835e-10
23500.056 8.021070921317022e-10
23550.056 1.1073780917534166e-09
23600.056 1.2873269915006566e-09
23650.056 1.943111369087757e-09
23700.056 9.907740527651615e-10
23750.056 7.556659487290308e-10
23800.056 1.1240435287652776e-09
23850.056 1.1961420074381605e-09
23900.056 1.963402044022525e-09
23950.056 2.0516549324714828e-09
24000.056 2.4584595430476666e-09
24050.056 3.3295934510619607e-09
24100.056 3.0922689973275257e-09
24150.056 3.7549133088254075e-09
24200.056 3.3860877713029133e-09
24250.056 2.8070261525070053e-09
24300.056 3.6958701197759475e-09
24350.056 3.1868968835391597e-09
24400.056 4.786139055777021e-09
24450.056 4.983005482941725e-09
24500.056 5.076490467443481e-09
24550.056 6.52328988563094e-09
24600.056 6.621180766639506e-09
24650.056 8.762451492923056e-09
24700.056 6.3729353127327096e-09
24750.056 7.695718275292298e-09
24800.056 7.959632945637542e-09
24850.056 1.0709059817037758e-08
24900.056 6.867164013225078e-09
24950.056 1.1799449698291562e-08
25000.056 1.1061785646033363e-08
25050.056 8.3147787334607e-09
25100.056 1.1543842707553398e-08
25150.056 7.465930857914192e-09
25200.056 1.0263470144126698e-08
25250.056 6.69838165208839e-09
25300.056 1.013496327041292e-08
25350.056 5.762779096954769e-09
25400.056 1.0866519950600582e-08
25450.056 5.591797550802652e-09
25500.056 5.518676342196495e-09
25550.056 6.8788858195429145e-09
25600.056 4.970130881537481e-09
25650.056 3.7076201728289405e-09
25700.056 6.628775865739748e-09
25750.056 2.7483186497170334e-09
25800.056 6.788288979805341e-09
25850.056 2.9862733185248365e-09
25900.056 4.009955234194983e-09
25950.056 2.2071168284215775e-09
26000.056 7.4432781154426375e-09
26050.056 3.435085953407605e-09
26100.056 6.44453602844268e-09
26150.056 4.657137157939667e-09
26200.056 5.751917185092249e-09
26250.056 1.0741830296789064e-08
26300.056 6.357887517535506e-09
26350.056 1.3678841394401043e-08
26400.056 1.4213196349157732e-08
26450.056 1.5493972222405495e-08
26500.056 1.7914460100471986e-08
26550.056 8.16922972507121e-09
26600.056 1.1759222210892984e-08
26650.056 4.5770319094961365e-09
26700.056 4.135531704043924e-09
26750.056 2.985655068012075e-09
26800.056 5.712720060535506e-09
26850.056 3.2386948214561907e-09
26900.056 8.534991304875221e-09
26950.056 4.142217224121067e-09
27000.056 1.2325688702066596e-08
27050.056 9.815704112525233e-09
27100.056 5.743622135855375e-09
27150.056 1.4640144865082993e-08
27200.056 6.152635752279541e-09
27250.056 8.917935995140686e-09
27300.056 2.3975300563870095e-08
27350.056 1.5533670707582313e-08
27400.056 3.477028891213529e-09
27450.056 2.0130498555960043e-08
27500.056 1.9563705250330103e-08
27550.056 7.283852428986473e-09
27600.056 1.4399961011208624e-08
27650.056 6.111737100017074e-09
27700.056 4.8746699231826636e-09
27750.056 1.580748360900311e-08
27800.056 6.002059381925551e-09
27850.056 8.357430010317515e-09
27900.056 8.750384608061885e-09
27950.056 1.741275845207034e-08
28000.056 1.3928008174093779e-08
28050.056 3.924855843046657e-09
28100.056 1.657101061332288e-08
28150.056 1.0687572027341673e-08
28200.056 4.929816758358647e-09
28250.056 1.7728104178877217e-08
28300.056 2.2058475769443125e-08
28350.056 7.084859436690382e-09
28400.056 1.3603945349869228e-08
28450.056 1.8760934249189235e-08
28500.056 1.4244681942545063e-08
28550.056 5.125442446981743e-09
28600.056 2.146697648707108e-08
28650.056 1.7774273483541565e-08
28700.056 1.6554292305869326e-08
28750.056 2.5054872662849928e-08
28800.056 1.7722462381055526e-08
28850.056 2.2953028068748883e-08
