galfind/configs/Brown_Dwarf_templates/sonora_bobcat/m0.0/31g/sp_t2100g31nc_m0.0_resample.dat
# %ECSV 1.0
# ---
# datatype:
# - {name: wav, unit: Angstrom, datatype: float64}
# - {name: flux_nu, unit: erg / (cm2 Hz s), datatype: float64}
# meta: {C/O: '1.00', Kzz: '1.0000E+05', Teff: '2100.', Y: '0.28', '[Fe/H]': '0.00', f_hole: '1.00', f_rain: '0.00', grav: '32.'}
# schema: astropy-2.0
wav flux_nu
4000.0559999999996 nan
4050.0559999999996 8.865375453486649e-09
4100.056 8.750572307124619e-09
4150.056 6.547138734253315e-09
4200.056 4.706523823994172e-09
4250.056 3.9976838311621764e-09
4300.056 2.344316127650942e-09
4350.056 2.6802616836598495e-09
4400.056 2.5505348090908053e-09
4450.056 1.2990636065170959e-09
4500.056 1.5372276318602294e-09
4550.056 1.968768237579364e-09
4600.056 1.6308121393996543e-09
4650.056 1.1964140434553506e-09
4700.056 1.4283666891704103e-09
4750.056 1.998281372279299e-09
4800.056 1.2928100801701123e-09
4850.056 1.6314229237805824e-09
4900.056 3.776904751899319e-09
4950.056 4.682363051990378e-09
5000.056 2.075368324890149e-09
5050.056 2.7268902492309296e-09
5100.056 6.407610571381561e-09
5150.056 7.548850376352885e-09
5200.056 3.555088702580226e-09
5250.056 4.593420713009555e-09
5300.056 5.666563674970464e-09
5350.056 5.22791438532106e-09
5400.056 6.0640365564998056e-09
5450.056 4.9537170931191874e-09
5500.056 3.90077022425939e-09
5550.056 5.396871455809184e-09
5600.056 4.1801832676001e-09
5650.056 3.757075890800258e-09
5700.056 4.763521961700347e-09
5750.056 4.694231808759598e-09
5800.056 5.293502873579792e-09
5850.056 3.10227770688012e-09
5900.056 4.725465884406846e-10
5950.056 3.4337111219000506e-09
6000.056 6.0626457568998e-09
6050.056 9.690147082800708e-09
6100.056 1.2578746403200421e-08
6150.056 1.3008966932297381e-08
6200.056 7.744107467000386e-09
6250.056 8.714301965800624e-09
6300.056 1.2291733357600346e-08
6350.056 1.602194093290077e-08
6400.056 2.034625866440108e-08
6450.056 2.7487057532592686e-08
6500.056 2.6424185185794326e-08
6550.056 3.3286304339989895e-08
6600.056 2.690532997100325e-08
6650.056 2.2266228428902798e-08
6700.056 1.782450620574112e-08
6750.056 2.211325692840238e-08
6800.056 2.52082953450003e-08
6850.056 3.241305587799867e-08
6900.056 4.228190752099874e-08
6950.056 5.6230269746990506e-08
7000.056 8.390260618098878e-08
7050.056 7.653535200100929e-08
7100.056 4.102321710699598e-08
7150.056 3.1690816940004193e-08
7200.056 4.478847226199702e-08
7250.056 6.728112033900572e-08
7300.056 1.1804035065502202e-07
7350.056 1.8080725605399588e-07
7400.056 2.4027618220001624e-07
7450.056 2.7060312841594063e-07
7500.056 3.14342509537002e-07
7550.056 3.6687811072501487e-07
7600.056 2.3847573758998094e-07
7650.056 6.759788812252437e-08
7700.056 4.176872134567586e-08
7750.056 1.2616864794303147e-07
7800.056 1.56653893581644e-07
7850.056 1.6886877922799352e-07
7900.056 1.8872723270704062e-07
7950.056 1.918545121472246e-07
8000.056 2.3831285287995793e-07
8050.056 3.734668232459256e-07
8100.056 5.789761630141598e-07
8150.056 8.630347578700602e-07
8200.056 6.51231398049892e-07
8250.056 6.928395221299707e-07
8300.056 5.34447376800191e-07
8350.056 5.728468018202068e-07
8400.056 5.861620452901135e-07
8450.056 3.1510799252989925e-07
8500.056 2.7229614124712753e-07
8550.056 3.4817458413002843e-07
8600.056 4.2954178235980734e-07
8650.056 5.691956159199446e-07
8700.056 6.992505425252233e-07
8750.056 9.071418325570782e-07
8800.056 1.2381279221103137e-06
8850.056 1.1931712949141937e-06
8900.056 7.905472574399301e-07
8950.056 8.596844422138571e-07
9000.056 1.0846510881101674e-06
9050.056 1.1882532778095925e-06
9100.056 1.5197445117101054e-06
9150.056 1.774534592759999e-06
9200.056 1.6632425397402416e-06
9250.056 1.0042883413198322e-06
9300.056 8.119676097630862e-07
9350.056 9.355475763977585e-07
9400.056 1.0620880821403e-06
9450.056 1.205579036369601e-06
9500.056 1.478582568269776e-06
9550.056 1.7067611075044864e-06
9600.056 1.8484380844705726e-06
9650.056 2.1259231969206542e-06
9700.056 2.322221202479672e-06
9750.056 1.791655008260036e-06
9800.056 2.011713063549817e-06
9850.056 1.9747556063398493e-06
9900.056 1.9627765375000395e-06
9950.056 2.0159409721401336e-06
10000.056 2.0436401873098023e-06
10050.056 1.9565260114400495e-06
10100.056 2.332631192460978e-06
10150.056 2.249800440469559e-06
10200.056 2.4313859409195067e-06
10250.056 2.3937507997590235e-06
10300.056 2.4314813294295375e-06
10350.056 2.726978941009588e-06
10400.056 2.873988013200011e-06
10450.056 3.0947539807003556e-06
10500.056 3.0793951004193136e-06
10550.056 3.1469299579605705e-06
10600.056 3.357078570150554e-06
10650.056 3.541463452289464e-06
10700.056 3.8052252413301607e-06
10750.056 4.061640777720246e-06
10800.056 4.2168469313896835e-06
10850.056 4.452378969129898e-06
10900.056 4.288844416129628e-06
10950.056 4.035055405628837e-06
11000.056 3.895687416130201e-06
11050.056 2.8796106296197065e-06
11100.056 3.1325356161067474e-06
11150.056 3.2610920218965693e-06
11200.056 3.322665507247188e-06
11250.056 3.690535048951883e-06
11300.056 3.742859693396154e-06
11350.056 3.514948108068936e-06
11400.056 3.147425435010131e-06
11450.056 3.758965160888928e-06
11500.056 4.0688883958442806e-06
11550.056 3.981869955694128e-06
11600.056 4.110178724042932e-06
11650.056 4.299628242237702e-06
11700.056 3.8259905085019265e-06
11750.056 3.849245797609847e-06
11800.056 3.860643250054048e-06
11850.056 4.363321437980179e-06
11900.056 4.418164970708976e-06
11950.056 4.535126307339707e-06
12000.056 4.4394361816104084e-06
12050.056 4.739829362250638e-06
12100.056 4.780987107200012e-06
12150.056 5.09139875779985e-06
12200.056 5.242734427899768e-06
12250.056 5.470116885199324e-06
12300.056 5.597260587100872e-06
12350.056 5.693920480300514e-06
12400.056 5.402531427699411e-06
12450.056 4.743136716410032e-06
12500.056 5.1230352297991185e-06
12550.056 5.152085047929976e-06
12600.056 5.265196134600075e-06
12650.056 5.5217503659995265e-06
12700.056 5.714656109499505e-06
12750.056 5.721755934500455e-06
12800.056 6.057765066899302e-06
12850.056 5.995505912700207e-06
12900.056 5.945983309099583e-06
12950.056 6.1480223984988105e-06
13000.056 6.260419544999068e-06
13050.056 6.3266372205796e-06
13100.056 6.28013448769914e-06
13150.056 6.293092539159619e-06
13200.056 6.102620243099368e-06
13250.056 5.81528413457018e-06
13300.056 5.148348114731211e-06
13350.056 3.5810974985664646e-06
13400.056 3.4203923302756675e-06
13450.056 3.0636152803697516e-06
13500.056 3.0895873137815447e-06
13550.056 2.932451238261771e-06
13600.056 2.6231364992739286e-06
13650.056 2.7823632834890494e-06
13700.056 2.5101459057461465e-06
13750.056 2.4920886482323337e-06
13800.056 2.791024926555842e-06
13850.056 2.8166744807826142e-06
13900.056 2.7613368255860903e-06
13950.056 2.6387371952097285e-06
14000.056 2.4754919466130075e-06
14050.056 2.4985056701030012e-06
14100.056 2.3018786549553924e-06
14150.056 2.2540760085733595e-06
14200.056 2.1531608978165376e-06
14250.056 2.130992570117147e-06
14300.056 2.1582733348046125e-06
14350.056 2.15897859609635e-06
14400.056 2.277895766347282e-06
14450.056 2.39739427794019e-06
14500.056 2.5761070804426277e-06
14550.056 2.5998944182780146e-06
14600.056 2.67422450041091e-06
14650.056 2.6361010911020474e-06
14700.056 2.467347329019573e-06
14750.056 2.597793362220487e-06
14800.056 2.657135390890744e-06
14850.056 2.830248755169201e-06
14900.056 2.8658918829898867e-06
14950.056 2.883727985360534e-06
15000.056 2.9548917615606506e-06
15050.056 3.200296232229259e-06
15100.056 3.1967491308305416e-06
15150.056 3.3351806976202547e-06
15200.056 3.441970337249771e-06
15250.056 3.440016071889732e-06
15300.056 3.622176419439867e-06
15350.056 3.7043458957602044e-06
15400.056 3.8125586862701006e-06
15450.056 3.974099381700377e-06
15500.056 4.036702162899223e-06
15550.056 4.238578005999797e-06
15600.056 4.2181740048005756e-06
15650.056 4.39405197850003e-06
15700.056 4.661832466601635e-06
15750.056 4.81322101879961e-06
15800.056 4.870572619600922e-06
15850.056 4.851156991700315e-06
15900.056 4.952312553800763e-06
15950.056 5.091886372599916e-06
16000.056 5.198441049099581e-06
16050.056 5.368539168600273e-06
16100.056 5.492756825900354e-06
16150.056 5.512469723900415e-06
16200.056 5.666924132399513e-06
16250.056 5.744787204399927e-06
16300.056 5.794635068300108e-06
16350.056 6.054778423699598e-06
16400.056 6.039767013001222e-06
16450.056 6.186486172000398e-06
16500.056 6.328985753300937e-06
16550.056 6.552887801399535e-06
16600.056 6.357482062600789e-06
16650.056 6.8055092018006716e-06
16700.056 6.660040484698722e-06
16750.056 6.796303014999211e-06
16800.056 6.963268683500376e-06
16850.056 6.940088881699602e-06
16900.056 6.825540874900057e-06
16950.056 6.782768169099408e-06
17000.056 6.729683092401074e-06
17050.056 6.632594226700329e-06
17100.056 6.30609981610034e-06
17150.056 6.165900292519493e-06
17200.056 5.775917393489763e-06
17250.056 5.571441767869881e-06
17300.056 5.692240264659244e-06
17350.056 5.416130712030039e-06
17400.056 5.590726470060294e-06
17450.056 5.252002376097321e-06
17500.056 5.064605896618742e-06
17550.056 5.058993685250045e-06
17600.056 4.8674892777102095e-06
17650.056 4.940114458798816e-06
17700.056 4.450684809379277e-06
17750.056 4.268326783170191e-06
17800.056 4.226431031870956e-06
17850.056 4.076933266960647e-06
17900.056 4.031072286669901e-06
17950.056 3.928082961609082e-06
18000.056 3.6387979320503103e-06
18050.056 3.6881248053099137e-06
18100.056 3.539678890880231e-06
18150.056 3.841719009036317e-06
18200.056 3.3539152833793533e-06
18250.056 3.7277311523740678e-06
18300.056 3.6264701420276724e-06
18350.056 3.4548245152453914e-06
18400.056 3.401119012318077e-06
18450.056 3.1359830022021708e-06
18500.056 3.189048313090767e-06
18550.056 3.068118099890341e-06
18600.056 2.64042171637216e-06
18650.056 3.0328128599809054e-06
18700.056 3.2191374378995e-06
18750.056 3.0670052310114045e-06
18800.056 3.098919340561408e-06
18850.056 3.5053076511696993e-06
18900.056 3.396554163418614e-06
18950.056 3.35598220969981e-06
19000.056 3.5829278887991904e-06
19050.056 3.511659950289991e-06
19100.056 3.5311605413713952e-06
19150.056 3.693907718219637e-06
19200.056 3.6670963953012407e-06
19250.056 3.507446751718847e-06
19300.056 3.629326944029101e-06
19350.056 3.710264737729949e-06
19400.056 3.4794717623987384e-06
19450.056 3.703856925490756e-06
19500.056 3.7027877181094706e-06
19550.056 3.3511766899409937e-06
19600.056 3.764431235639527e-06
19650.056 3.680802505467602e-06
19700.056 3.727211323350492e-06
19750.056 3.534190544100373e-06
19800.056 3.6551222662794375e-06
19850.056 3.6177383185519364e-06
19900.056 3.3842891786112663e-06
19950.056 3.750978413130004e-06
20000.056 3.3612463436207034e-06
20050.056 3.516153920601452e-06
20100.056 3.6709865649276345e-06
20150.056 3.551492665030659e-06
20200.056 3.638065727608659e-06
20250.056 3.797951496230331e-06
20300.056 3.778792250080266e-06
20350.056 3.79889087989972e-06
20400.056 3.762144795648024e-06
20450.056 4.006878285019784e-06
20500.056 3.92976072196034e-06
20550.056 4.031887941479891e-06
20600.056 4.232213396960703e-06
20650.056 4.117957589261151e-06
20700.056 4.271595772880031e-06
20750.056 4.320085553859247e-06
20800.056 4.464034931760366e-06
20850.056 4.475808070729908e-06
20900.056 4.62648713019967e-06
20950.056 4.681280409699839e-06
21000.056 4.8971484982996096e-06
21050.056 4.882747242000255e-06
21100.056 4.958530041300016e-06
21150.056 5.203626728500329e-06
21200.056 5.162681776800552e-06
21250.056 5.381723475999378e-06
21300.056 5.240189369699772e-06
21350.056 5.5672102365003425e-06
21400.056 5.412025899500502e-06
21450.056 5.871265800800082e-06
21500.056 5.621172550200337e-06
21550.056 5.758271073599625e-06
21600.056 5.924693274400646e-06
21650.056 5.906133210900551e-06
21700.056 6.144541777399614e-06
21750.056 6.052847531599884e-06
21800.056 6.059249862099788e-06
21850.056 6.143228905399759e-06
21900.056 6.292238305700753e-06
21950.056 6.224106530100472e-06
22000.056 6.457052438699597e-06
22050.056 6.256846482599191e-06
22100.056 6.452228379299784e-06
22150.056 6.523292269700581e-06
22200.056 6.359521305401442e-06
22250.056 6.694689594500445e-06
22300.056 6.631882191799529e-06
22350.056 6.508013743300367e-06
22400.056 6.798489093000314e-06
22450.056 6.72486786535906e-06
22500.056 6.832551810179662e-06
22550.056 6.752157739198777e-06
22600.056 6.748425274799689e-06
22650.056 6.789162199141502e-06
22700.056 6.77554519082154e-06
22750.056 6.959813877939448e-06
22800.056 6.747279919280064e-06
22850.056 6.842658461580774e-06
22900.056 7.028581837599402e-06
22950.056 5.510933479230776e-06
23000.056 6.143352131330476e-06
23050.056 6.309065474438836e-06
23100.056 6.0807734053899454e-06
23150.056 6.201040862861069e-06
23200.056 6.2530465148100405e-06
23250.056 5.2926640176783535e-06
23300.056 5.6799658818403745e-06
23350.056 5.7719752606399575e-06
23400.056 5.60561972231012e-06
23450.056 5.778569806369867e-06
23500.056 5.508319441478559e-06
23550.056 4.998958517151873e-06
23600.056 5.163180338631324e-06
23650.056 5.468524312529232e-06
23700.056 5.445215701808279e-06
23750.056 5.362544164740638e-06
23800.056 5.301470464401077e-06
23850.056 4.5512159236105125e-06
23900.056 4.930758075019343e-06
23950.056 5.034097407181747e-06
24000.056 4.77281024951936e-06
24050.056 4.6866198292308275e-06
24100.056 4.333193949088541e-06
24150.056 4.21870986092074e-06
24200.056 4.286450262248562e-06
24250.056 4.210136398200817e-06
24300.056 3.968669226080176e-06
24350.056 3.8284937508800895e-06
24400.056 4.113279849149665e-06
24450.056 3.8022055741599455e-06
24500.056 3.4916319911500513e-06
24550.056 3.4758135044295487e-06
24600.056 3.475810652190821e-06
24650.056 3.746562924819519e-06
24700.056 3.2680976282898864e-06
24750.056 3.111442670010992e-06
24800.056 3.002984686280568e-06
24850.056 3.3991511029801224e-06
24900.056 2.819943654041911e-06
24950.056 3.3625673674994654e-06
25000.056 2.973626486960126e-06
25050.056 2.577608242840746e-06
25100.056 2.947779917779911e-06
25150.056 2.590106690710354e-06
25200.056 2.7928315262592043e-06
25250.056 2.694494370269161e-06
25300.056 2.7740898914602016e-06
25350.056 2.45323001165003e-06
25400.056 2.605139194721269e-06
25450.056 2.476003721930259e-06
25500.056 2.597324618940991e-06
25550.056 2.4161928927101743e-06
25600.056 2.5044734167003108e-06
25650.056 2.2975136716300245e-06
25700.056 2.6942393822587032e-06
25750.056 2.192707546130415e-06
25800.056 2.5923621804805247e-06
25850.056 2.4200221850797634e-06
25900.056 2.599376765070698e-06
25950.056 2.3959971639902184e-06
26000.056 2.510890687890706e-06
26050.056 2.8217585559802356e-06
26100.056 2.620558505230645e-06
26150.056 2.6825635134490563e-06
26200.056 2.528663930390294e-06
26250.056 2.5329389167609834e-06
26300.056 2.6149593342900427e-06
26350.056 2.4908329177095517e-06
26400.056 2.5894963137692055e-06
26450.056 2.543806770400416e-06
26500.056 2.658469360678881e-06
26550.056 2.7188169692991976e-06
26600.056 3.0486523798590797e-06
26650.056 2.5956706619393656e-06
26700.056 2.612996362439732e-06
26750.056 2.531375241358924e-06
26800.056 2.677266218588935e-06
26850.056 2.4283551285803368e-06
26900.056 2.831793729700189e-06
26950.056 2.1255544664602237e-06
27000.056 2.696331932941071e-06
27050.056 2.357910464419569e-06
27100.056 2.361916968719703e-06
27150.056 2.4504438816497426e-06
27200.056 2.442711513200754e-06
27250.056 2.265941412271334e-06
27300.056 2.4100739558199263e-06
27350.056 2.4241465581489456e-06
27400.056 2.1771702096201085e-06
27450.056 2.568169079698843e-06
27500.056 2.367501814890173e-06
27550.056 2.389488498780001e-06
27600.056 2.5538112546295627e-06
27650.056 2.1375707369097005e-06
27700.056 2.173335533920338e-06
27750.056 2.579177320438203e-06
27800.056 2.005531685199793e-06
27850.056 2.237605876578783e-06
27900.056 2.228037988940226e-06
27950.056 2.4644163022597013e-06
28000.056 2.425974984820661e-06
28050.056 1.9948827964704684e-06
28100.056 2.5718730331113736e-06
28150.056 2.1532036414800804e-06
28200.056 1.8977052718202337e-06
28250.056 2.2299170031200406e-06
28300.056 2.508284187670622e-06
28350.056 2.229036043619081e-06
28400.056 2.1934526811200115e-06
28450.056 2.1770239605194812e-06
28500.056 2.2654533559595596e-06
28550.056 1.8910879900192897e-06
28600.056 2.4873722844802244e-06
28650.056 2.390771694349622e-06
28700.056 2.1759758860092928e-06
28750.056 2.360443838639804e-06
28800.056 2.285483764220464e-06
28850.056 2.390695004020206e-06
28900.056 2.0792100573002485e-06
