galfind/configs/Brown_Dwarf_templates/sonora_bobcat/m0.0/31g/sp_t600g31nc_m0.0_resample.dat
# %ECSV 1.0
# ---
# datatype:
# - {name: wav, unit: Angstrom, datatype: float64}
# - {name: flux_nu, unit: erg / (cm2 Hz s), datatype: float64}
# meta: {C/O: '1.00', Kzz: '1.0000E+05', Teff: '600.', Y: '0.28', '[Fe/H]': '0.00', f_hole: '1.00', f_rain: '0.00', grav: '32.'}
# schema: astropy-2.0
wav flux_nu
[from data line 498]
28900.056 2.4052759895011273e-09
28950.056 4.927027552411096e-09
29000.056 3.658238726479689e-09
29050.056 4.7862634669606025e-09
29100.056 3.103861655851742e-09
29150.056 4.511514989537619e-09
29200.056 4.346917494636083e-09
29250.056 7.143198190800006e-09
29300.056 2.9773415629175143e-09
29350.056 9.520826611091397e-09
29400.056 4.58155026760404e-09
29450.056 4.843937979899239e-09
29500.056 6.5786814602762425e-09
29550.056 4.467405164126789e-09
29600.056 6.089589206981064e-09
29650.056 8.411393011681644e-09
29700.056 4.01442227662884e-09
29750.056 7.536356214145103e-09
29800.056 7.250697218241256e-09
29850.056 8.393301827984408e-09
29900.056 6.965876006627621e-09
29950.056 6.679975136550894e-09
30000.056 5.228946493225597e-10
30050.056 1.3702367475133634e-09
30100.056 2.6133363183559013e-09
30150.056 5.748288488191427e-09
30200.056 4.612335388304913e-09
30250.056 9.828441308772102e-09
30300.056 1.0869671777598474e-08
30350.056 6.1985908385759956e-09
30400.056 1.1244043582858173e-08
30450.056 6.7791882379506175e-09
30500.056 6.8504820654873745e-09
30550.056 6.427092149529478e-09
30600.056 1.0436605614480805e-08
30650.056 6.847142562797628e-09
30700.056 5.577268446803377e-09
30750.056 8.64613071786734e-09
30800.056 5.795234176533869e-09
30850.056 6.464757745365389e-09
30900.056 3.805908090355424e-09
30950.056 4.771296242794177e-09
31000.056 4.116814225931129e-09
31050.056 3.9306689320028884e-09
31100.056 2.7483267295583686e-09
31150.056 4.4094164881547525e-09
31200.056 5.424430763209406e-09
31250.056 3.891889143721625e-09
31300.056 2.827384319921683e-09
31350.056 3.886744428797718e-09
31400.056 2.9065623583113117e-09
31450.056 2.9904838295671208e-09
31500.056 1.840007320925032e-09
31550.056 2.368758989106155e-09
31600.056 1.4948090958024561e-09
31650.056 1.5915923581163876e-09
31700.056 1.692219029812514e-09
31750.056 9.813409677626613e-10
31800.056 1.7204553933303898e-09
31850.056 6.99619544386357e-10
31900.056 1.0945618748463088e-09
31950.056 6.871998924735947e-10
32000.056 8.372362754111365e-10
32050.056 1.0208030294524473e-09
32100.056 9.531814312466993e-10
32150.056 1.119661230158246e-09
32200.056 6.922655166368462e-10
32250.056 1.4120190154521128e-09
32300.056 6.949029872932019e-10
32350.056 1.327924355807743e-09
32400.056 5.94698652992298e-10
32450.056 1.1877384104099532e-09
32500.056 6.955521271353074e-10
32550.056 9.16808456947313e-10
32600.056 9.877006559437657e-10
32650.056 2.2398685083382415e-09
32700.056 1.2773654710850794e-09
32750.056 2.798443681551728e-09
32800.056 2.1607332936301175e-09
32850.056 3.3631677632715692e-09
32900.056 3.2879141965023807e-09
32950.056 3.7982876490728755e-09
33000.056 2.52707470619806e-09
33050.056 2.9358232508247625e-09
33100.056 9.122064037585639e-10
33150.056 1.3653537143015663e-11
33200.056 5.358651441429661e-11
33250.056 3.431424210246676e-11
33300.056 9.220701007468087e-11
33350.056 2.763521699976532e-10
33400.056 6.560357107849037e-10
33450.056 8.636864646544477e-10
33500.056 2.1311186089030222e-09
33550.056 9.562280880321604e-10
33600.056 2.2637305266989737e-09
33650.056 2.101655552488799e-09
33700.056 1.4779841461929138e-09
33750.056 2.9414025839635266e-09
33800.056 1.1470520106111224e-09
33850.056 2.098742305899477e-09
33900.056 1.8292031381527014e-09
33950.056 1.6820822836029314e-09
34000.056 2.847090285521797e-09
34050.056 8.132238634344185e-10
34100.056 2.602426985767571e-09
34150.056 1.604425357832597e-09
34200.056 2.3924874594062515e-09
34250.056 1.942660618608733e-09
34300.056 1.7705844482524946e-09
34350.056 1.921639728200072e-09
34400.056 1.1609525913923439e-09
34450.056 2.291010688171566e-09
34500.056 1.7970406551701376e-09
34550.056 1.069849930079282e-09
34600.056 3.019810864360564e-09
34650.056 1.300650455458127e-09
34700.056 2.6709442391854365e-09
34750.056 2.0631382578329916e-09
34800.056 1.8305638842963015e-09
34850.056 2.8335587026671296e-09
34900.056 2.1717771038953313e-09
34950.056 3.159409309746342e-09
35000.056 5.791304036175648e-09
35050.056 2.609175002023078e-09
35100.056 4.767835511378338e-09
35150.056 3.8079875323446e-09
35200.056 4.308776133855885e-09
35250.056 6.323894726211058e-09
35300.056 3.898491722942746e-09
35350.056 4.24209466072621e-09
35400.056 4.704004944250478e-09
35450.056 3.1743035186064907e-09
35500.056 8.666954907762322e-09
35550.056 6.9393430379443086e-09
35600.056 5.7698436533673666e-09
35650.056 6.300780605416431e-09
35700.056 6.166008026695389e-09
35750.056 8.868632137929977e-09
35800.056 1.0815760311148686e-08
35850.056 5.0800973871642425e-09
35900.056 6.9580323413813584e-09
35950.056 7.273129816043488e-09
36000.056 7.611742826701107e-09
36050.056 5.974074355164816e-09
36100.056 6.2172564603186705e-09
36150.056 8.462953818121002e-09
36200.056 9.210154705521153e-09
36250.056 7.809487729288344e-09
36300.056 1.1861392470483182e-08
36350.056 9.27429013611408e-09
36400.056 1.0682645682057559e-08
36450.056 1.2995566135792687e-08
36500.056 1.4792398524621609e-08
36550.056 1.4709075306367973e-08
36600.056 1.796692214887463e-08
36650.056 1.5727796238401332e-08
36700.056 1.7254984571390492e-08
36750.056 1.9710457760716984e-08
36800.056 1.9931759587869736e-08
36850.056 1.5680765565418233e-08
36900.056 2.113820604928108e-08
36950.056 2.194655751525594e-08
37000.056 1.824236532951442e-08
37050.056 2.1092518588296967e-08
37100.056 2.2344520615052224e-08
37150.056 1.7691815899204192e-08
37200.056 2.445917055823118e-08
37250.056 2.179364347033696e-08
37300.056 1.8529926466251265e-08
37350.056 2.3054325159867027e-08
37400.056 3.445569524473724e-08
37450.056 2.1001173127417508e-08
37500.056 2.2564830502399563e-08
37550.056 3.0459167261318504e-08
37600.056 3.710250977972767e-08
37650.056 1.9991172382338737e-08
37700.056 3.628719628310402e-08
37750.056 2.4258195560280783e-08
37800.056 2.582927635242487e-08
37850.056 1.5717340006299364e-08
37900.056 2.0723744449269404e-08
37950.056 3.0332724005905794e-08
38000.056 3.3885376438280214e-08
38050.056 3.533032007324745e-08
38100.056 3.756444373299932e-08
38150.056 4.311312169270003e-08
38200.056 4.408141904901274e-08
38250.056 4.059986047233904e-08
38300.056 5.818961309858563e-08
38350.056 5.764206654571651e-08
38400.056 3.071218234331616e-08
38450.056 2.7805351124984555e-08
38500.056 1.8178608224966125e-08
38550.056 3.494870813551398e-08
38600.056 3.5813292270700565e-08
38650.056 3.494488771562119e-08
38700.056 3.37578502874998e-08
38750.056 3.8154080322229165e-08
38800.056 3.578427674540837e-08
38850.056 3.779684338980193e-08
38900.056 5.1277618595618555e-08
38950.056 3.7486365177836946e-08
39000.056 4.736524504523251e-08
39050.056 3.7930028534709174e-08
39100.056 4.608528418086296e-08
39150.056 4.899999218097633e-08
39200.056 4.672048505888993e-08
39250.056 5.88480295048542e-08
39300.056 4.316282092520547e-08
39350.056 6.87007261710039e-08
39400.056 4.7812682012492066e-08
39450.056 5.778134203166533e-08
39500.056 5.993987911898416e-08
39550.056 5.1173194661712005e-08
39600.056 6.210926252477991e-08
39650.056 6.655138284298268e-08
39700.056 6.577534003013293e-08
39750.056 4.881651341911077e-08
39800.056 5.647058953219712e-08
39850.056 8.089683522000466e-08
39900.056 8.22012761690072e-08
39950.056 5.893411292966168e-08
40000.056 8.90476826395435e-08
40050.056 7.772403676059407e-08
40100.056 5.338917620446968e-08
40150.056 7.992362878257352e-08
40200.056 8.396877108964627e-08
40250.056 8.751623251666853e-08
40300.056 8.444249682950774e-08
40350.056 7.892999084398557e-08
40400.056 9.843988665311534e-08
40450.056 7.292386298728378e-08
40500.056 1.0164086535117866e-07
40550.056 1.0264492691039781e-07
40600.056 9.387648605031398e-08
40650.056 7.535706949309494e-08
40700.056 1.1910706977808993e-07
40750.056 9.189657821798678e-08
40800.056 7.226102402945215e-08
40850.056 1.33259048664044e-07
40900.056 1.1818447332247061e-07
40950.056 1.0838504988696759e-07
41000.056 1.0313292731219276e-07
41050.056 1.4056405676395813e-07
41100.056 1.1907174314150881e-07
41150.056 7.590978582835439e-08
41200.056 1.4224335566859765e-07
41250.056 1.095539571706317e-07
41300.056 1.056495099218544e-07
41350.056 1.4966084943500345e-07
41400.056 1.3293016392282077e-07
41450.056 1.5224828892498432e-07
41500.056 1.1589135876130825e-07
41550.056 1.1441084560802906e-07
41600.056 1.303346950573558e-07
41650.056 1.4465849523539627e-07
41700.056 1.382362007509378e-07
41750.056 1.359712053689779e-07
41800.056 1.567936828085273e-07
41850.056 1.2427289101714757e-07
41900.056 1.319876967126048e-07
41950.056 1.2816414412703128e-07
42000.056 1.1610873065229468e-07
42050.056 1.1369221989596527e-07
42100.056 1.4981368997498273e-07
42150.056 1.2294302456820225e-07
42200.056 1.1910590339250443e-07
42250.056 1.1692627070323702e-07
42300.056 1.1989050774604813e-07
42350.056 1.5214785390702092e-07
42400.056 1.5194269019603933e-07
42450.056 1.3757714816705416e-07
42500.056 1.292701714445811e-07
42550.056 1.2204503279396823e-07
42600.056 1.3492424884205168e-07
42650.056 1.816685386889204e-07
42700.056 1.3449497857110655e-07
42750.056 1.3783877202000254e-07
42800.056 1.6546218398663007e-07
42850.056 1.7809872733294012e-07
42900.056 1.8992336400406165e-07
42950.056 1.5469665290096383e-07
43000.056 1.7112874334504183e-07
43050.056 1.1218876584943297e-07
43100.056 1.4788507064195835e-07
43150.056 1.3597924594511893e-07
43200.056 1.815302476090017e-07
43250.056 2.1963126233701693e-07
43300.056 2.1523068365999663e-07
43350.056 1.3700928834496663e-07
43400.056 1.7065681150498788e-07
43450.056 1.3743144665802346e-07
43500.056 1.2928315074321556e-07
43550.056 1.411122892541422e-07
43600.056 2.033473071910272e-07
43650.056 1.4972460120950717e-07
43700.056 2.0806260539604865e-07
43750.056 1.8856556159401694e-07
43800.056 1.7821506097707603e-07
43850.056 1.5349362102601168e-07
43900.056 1.5776718343328794e-07
43950.056 1.0883900525999634e-07
44000.056 1.0701647433189172e-07
44050.056 2.0296101401900817e-07
44100.056 2.493478482450075e-07
44150.056 2.2503874301998694e-07
44200.056 1.990131685819933e-07
44250.056 1.390491915287092e-07
44300.056 1.1869847118562274e-07
44350.056 1.3630209038711887e-07
44400.056 1.316306985042899e-07
44450.056 1.8307895477596332e-07
44500.056 1.8244639526004742e-07
44550.056 2.364310335119711e-07
44600.056 1.9771453044591444e-07
44650.056 1.9247839870584237e-07
44700.056 1.3583919521100406e-07
44750.056 1.9309327139204067e-07
44800.056 1.5375037965461648e-07
44850.056 1.9069994111302435e-07
44900.056 1.6297730202661131e-07
44950.056 1.8981227182520852e-07
45000.056 2.01882130050997e-07
45050.056 1.9307479743998688e-07
45100.056 1.81260141772196e-07
45150.056 1.8480045729526023e-07
45200.056 1.494259269050096e-07
45250.056 1.658807648129384e-07
45300.056 1.4258797807303119e-07
45350.056 1.4385009303962576e-07
45400.056 2.4960224744002346e-07
45450.056 2.0944375427400347e-07
45500.056 2.2708909240921175e-07
45550.056 2.4642437494391556e-07
45600.056 2.3926368450004734e-07
45650.056 1.9053406970459098e-07
45700.056 1.5084114094970348e-07
45750.056 1.4733913679110163e-07
45800.056 2.5558860176399347e-07
45850.056 2.391698356479921e-07
45900.056 2.624137048719892e-07
45950.056 2.1777819691499157e-07
46000.056 2.4652004723151287e-07
46050.056 2.017564344181188e-07
46100.056 2.650206823299697e-07
46150.056 1.9114724609900643e-07
46200.056 1.7524047655499317e-07
46250.056 1.0133096739204889e-07
46300.056 2.0253966843500367e-07
46350.056 2.0063560327102705e-07
46400.056 1.810232966260058e-07
46450.056 1.7005379915283323e-07
46500.056 1.9497863331854978e-07
46550.056 1.3199411308330095e-07
46600.056 1.7690052363438442e-07
46650.056 2.5231562647000036e-07
46700.056 1.7587684424196883e-07
46750.056 1.2053246634160588e-07
46800.056 8.81906339684916e-08
46850.056 2.5591508496805176e-07
46900.056 2.2403175117798558e-07
46950.056 2.2144185861298998e-07
47000.056 2.1338917216103872e-07
47050.056 1.8102550590141336e-07
47100.056 1.2870609022712066e-07
47150.056 1.7027749945002413e-07
47200.056 2.0406325821100025e-07
47250.056 1.447055323379883e-07
47300.056 1.0375888877512305e-07
47350.056 2.388914800039796e-07
47400.056 2.0453763600798273e-07
47450.056 2.0285236024128136e-07
47500.056 2.3741672256416691e-07
47550.056 2.091565932110112e-07
47600.056 2.0356875778699666e-07
47650.056 1.926179256361396e-07
47700.056 1.7747025039301793e-07
47750.056 1.3308179553520597e-07
47800.056 1.3017964162201006e-07
47850.056 8.608076569521223e-08
47900.056 1.180355753923773e-07
47950.056 1.7737310995122235e-07
48000.056 2.482862864300466e-07
48050.056 2.2077245322800363e-07
48100.056 1.1611709963501369e-07
48150.056 1.791009269150087e-07
48200.056 1.427091010498022e-07
48250.056 1.5516447937200916e-07
48300.056 2.2193853457794484e-07
48350.056 1.4153938310800977e-07
48400.056 6.860979914004324e-08
48450.056 1.291527163287412e-07
48500.056 1.7746334813996483e-07
48550.056 1.6193634195500876e-07
48600.056 1.789191404750008e-07
48650.056 2.0293240346997661e-07
48700.056 1.5860757324970118e-07
48750.056 1.0884774547066229e-07
48800.056 2.1682780058099245e-07
48850.056 1.2954218924467646e-07
48900.056 1.9285957203420973e-07
48950.056 1.2268436500801438e-07
49000.056 6.585227430168822e-08
49050.056 1.5718264593598223e-07
49100.056 1.875942628303383e-07
49150.056 1.459654614222151e-07
49200.056 2.129344268170406e-07
49250.056 2.013475369040313e-07
49300.056 1.7580010678199986e-07
49350.056 9.001396751011694e-08
49400.056 1.2427097827997392e-07
49450.056 1.3233508760194327e-07
49500.056 1.0455748986348969e-07
49550.056 4.122269296250542e-08
49600.056 8.656653069158112e-08
49650.056 1.3337523948999515e-07
49700.056 1.305218002059533e-07
49750.056 1.4767047206897862e-07
49800.056 1.1310751688382892e-07
49850.056 1.8757537061605143e-07
49900.056 1.4758649486637865e-07
49950.056 1.4799631474300602e-07
50000.056 1.2732021934397156e-07
50050.056 1.5428804896500314e-07
50100.056 1.2231626073900375e-07
50150.056 7.487172102598576e-08
50200.056 2.4683005869767052e-08
50250.056 9.919410173098695e-08
50300.056 7.027860713281013e-08
50350.056 1.5045354011101794e-07
50400.056 1.3588665989398746e-07
50450.056 1.0721022228320955e-07
50500.056 1.4515213701501988e-07
50550.056 1.3058365297801305e-07
50600.056 1.0384879481597111e-07
50650.056 1.5520378853903063e-07
50700.056 1.6017274371493962e-07
50750.056 1.1629257240801665e-07
50800.056 5.7972182185112734e-08
50850.056 4.440857096311983e-08
50900.056 1.4256864279299943e-07
50950.056 1.0914668840400963e-07
51000.056 1.0743651088299734e-07
51050.056 1.2304432246899217e-07
51100.056 5.880913552935789e-08
51150.056 7.978234463317234e-08
51200.056 1.6647845731499107e-07
51250.056 1.0529769292637813e-07
51300.056 8.492739812864324e-08
51350.056 8.57912865727918e-08
51400.056 4.196390879760173e-08
51450.056 3.4037500970379205e-08
51500.056 3.54092424219953e-08
51550.056 1.0306166762568846e-07
51600.056 7.306250188762098e-08
51650.056 8.171633195697932e-08
51700.056 9.062896288898974e-08
51750.056 6.331318983826255e-08
51800.056 9.898342083998464e-08
51850.056 8.752336027299228e-08
51900.056 1.241269628989942e-07
51950.056 8.482837627799101e-08
52000.056 1.8789794756713856e-08
52050.056 5.5647591689608706e-08
52100.056 3.8891218268996664e-08
52150.056 2.8805374371544688e-08
52200.056 4.572788550690057e-08
52250.056 6.270334925712034e-08
52300.056 9.074326940799538e-08
52350.056 5.022249060879352e-08
52400.056 4.090087816240473e-08
52450.056 9.942989267680679e-08
52500.056 8.349802665217695e-08
52550.056 8.531030871998595e-08
52600.056 6.746575638280197e-08
52650.056 7.679467622980999e-08
52700.056 6.258001044139782e-08
52750.056 3.4671958887296666e-08
52800.056 5.0703584272407564e-08
52850.056 5.5653152125081565e-08
52900.056 3.847722942806608e-08
52950.056 4.8547674225563326e-08
53000.056 7.076856560201778e-08
53050.056 3.261315490749197e-08
53100.056 6.484980322437936e-08
53150.056 7.90918318650074e-08
53200.056 3.766570069982929e-08
53250.056 7.636544086360512e-08
53300.056 9.064297654250588e-08
53350.056 7.333852413560045e-08
53400.056 5.5108069683987904e-08
53450.056 2.7006129781642548e-08
