galfind/configs/Brown_Dwarf_templates/sonora_bobcat/m0.0/31g/sp_t275g31nc_m0.0_resample.dat
# %ECSV 1.0
# ---
# datatype:
# - {name: wav, unit: Angstrom, datatype: float64}
# - {name: flux_nu, unit: erg / (cm2 Hz s), datatype: float64}
# meta: {C/O: '1.00', Kzz: '1.0000E+05', Teff: '275.', Y: '0.28', '[Fe/H]': '0.00', f_hole: '1.00', f_rain: '0.00', grav: '32.'}
# schema: astropy-2.0
wav flux_nu
[from data line 499]
28950.056 9.074666746018749e-13
29000.056 4.0160402870752274e-13
29050.056 7.761282920234114e-13
29100.056 2.7332376848750253e-13
29150.056 1.9820113478198023e-13
29200.056 2.782936368815639e-12
29250.056 1.1715159958841427e-12
29300.056 6.145197115062705e-13
29350.056 1.8593084872446007e-12
29400.056 1.272790973529988e-12
29450.056 2.3802752472509925e-13
29500.056 2.664162381744815e-12
29550.056 5.65962275321304e-13
29600.056 4.762246522989915e-13
29650.056 3.269992117630682e-12
29700.056 3.971195144161182e-13
29750.056 3.0663320645973034e-12
29800.056 1.0087351677100638e-12
29850.056 2.9183284389914115e-12
29900.056 8.825207917247331e-13
29950.056 1.3539532064016268e-12
30000.056 7.806948013240572e-15
30050.056 1.5183653165030322e-13
30100.056 1.1240177481922089e-12
30150.056 4.254047757650965e-12
30200.056 2.219027493057076e-12
30250.056 3.1939867691741015e-12
30300.056 5.985037882661862e-12
30350.056 6.524361165304278e-13
30400.056 5.403013606635301e-12
30450.056 6.874559456649321e-12
30500.056 1.0253296014204212e-12
30550.056 1.136146510345425e-12
30600.056 3.432534040167929e-11
30650.056 1.0420920903377375e-11
30700.056 2.014769862870992e-12
30750.056 7.87482120984699e-12
30800.056 1.3042501807347038e-11
30850.056 1.2190881649593755e-11
30900.056 4.56973256130117e-12
30950.056 2.840306606509842e-12
31000.056 4.905223263171303e-12
31050.056 1.2719109916929445e-12
31100.056 1.263612860042197e-12
31150.056 2.552270039132597e-12
31200.056 1.7867426025097842e-11
31250.056 9.797380952310325e-12
31300.056 2.839925964083125e-12
31350.056 1.7177366474339982e-11
31400.056 1.2657145815769383e-11
31450.056 1.0570248158036135e-11
31500.056 2.5758834798679394e-12
31550.056 5.8091928917384075e-12
31600.056 4.937733395640915e-12
31650.056 3.861231022348487e-12
31700.056 2.31982635148032e-12
31750.056 1.4095305643317528e-12
31800.056 2.1433535794105062e-12
31850.056 2.5368382124802155e-13
31900.056 6.150766599011786e-13
31950.056 4.4859603947533256e-13
32000.056 1.6635804320623014e-13
32050.056 3.101689996379149e-13
32100.056 2.922058194750608e-13
32150.056 1.6957703084403632e-13
32200.056 6.299792105206016e-14
32250.056 1.573847415995588e-13
32300.056 3.020473127454252e-14
32350.056 1.2297029110092506e-13
32400.056 6.111634755015263e-15
32450.056 6.352667943244868e-14
32500.056 5.100526701551817e-15
32550.056 4.223863938365252e-14
32600.056 2.731444327210842e-15
32650.056 1.3259729734483398e-13
32700.056 5.381450267902809e-15
32750.056 4.1297089352953816e-13
32800.056 1.1952942794072486e-13
32850.056 1.717350154100257e-12
32900.056 1.1383059245171041e-12
32950.056 1.2763288647975982e-12
33000.056 2.498251916519289e-13
33050.056 1.5798658988698727e-13
33100.056 2.0705384725712024e-14
33150.056 1.6037272523501934e-17
33200.056 2.085967641511425e-15
33250.056 3.885511154856404e-15
33300.056 9.58818897365641e-14
33350.056 1.3190909359141603e-13
33400.056 9.887575904605678e-13
33450.056 1.1113008768475688e-13
33500.056 8.935484677385666e-13
33550.056 1.0062911937250051e-13
33600.056 3.8984478955978284e-13
33650.056 3.9141719903567443e-13
33700.056 4.564720956584839e-14
33750.056 5.458477464588111e-13
33800.056 1.5731712139908887e-14
33850.056 2.5016694173949136e-13
33900.056 3.0112076507350845e-13
33950.056 3.0290816268979707e-13
34000.056 8.638019992294104e-13
34050.056 1.235162781310051e-13
34100.056 1.0499690457228585e-12
34150.056 3.480582518122093e-13
34200.056 1.6378377470034338e-12
34250.056 4.868908542635834e-13
34300.056 8.34971513032228e-13
34350.056 4.19760545376721e-12
34400.056 5.440227923554647e-13
34450.056 2.785854208578251e-12
34500.056 7.496117757308754e-13
34550.056 1.824879773518392e-12
34600.056 9.316350692419329e-12
34650.056 3.6770405381941833e-13
34700.056 4.151935061140472e-12
34750.056 2.3555393128848158e-12
34800.056 1.977625666230283e-12
34850.056 8.764195017892533e-12
34900.056 6.670683559118248e-13
34950.056 1.0986839453594362e-11
35000.056 1.2579569680366856e-11
35050.056 1.1730977979356206e-11
35100.056 2.0057415613761643e-11
35150.056 1.5131726884115065e-11
35200.056 1.2711887488821043e-11
35250.056 2.7069090590462835e-11
35300.056 7.141604699443481e-12
35350.056 4.5065454787171795e-12
35400.056 2.6878141583264473e-12
35450.056 3.3961625660757715e-12
35500.056 1.5893473107107004e-11
35550.056 7.245885140787143e-12
35600.056 1.8038718959168582e-11
35650.056 3.153006844199694e-11
35700.056 3.384594397054433e-11
35750.056 2.1536579905339875e-11
35800.056 1.1968253521801946e-11
35850.056 4.8400806105497865e-12
35900.056 5.875035807147812e-12
35950.056 1.0925609859575078e-11
36000.056 1.7430756458760228e-11
36050.056 1.1038937717381146e-11
36100.056 1.022410154527822e-11
36150.056 5.6384746363544196e-11
36200.056 4.11617100843254e-11
36250.056 2.0983355139251778e-11
36300.056 8.989227534350535e-11
36350.056 4.058641440867283e-11
36400.056 7.254855113822483e-11
36450.056 5.931957247525665e-11
36500.056 5.587387824338046e-11
36550.056 1.4451545474283402e-10
36600.056 1.1560982072152699e-10
36650.056 6.360734796400681e-11
36700.056 1.0979699269443884e-10
36750.056 1.4119718388735304e-10
36800.056 1.866724522037006e-10
36850.056 4.7414217709189275e-11
36900.056 9.874803544099664e-11
36950.056 1.9011255858917104e-10
37000.056 1.0611168654264476e-10
37050.056 2.0395653167842033e-10
37100.056 6.586707537996287e-11
37150.056 9.534362727605861e-11
37200.056 2.8788013196291366e-10
37250.056 1.4735749308234812e-10
37300.056 5.440793816517036e-11
37350.056 1.192442055480486e-10
37400.056 2.0462612873516345e-10
37450.056 5.878366871671461e-11
37500.056 1.3147126634156612e-10
37550.056 3.178193715173528e-10
37600.056 6.581633318603998e-10
37650.056 1.0224905209006002e-10
37700.056 2.279312507672654e-10
37750.056 1.895116364623662e-10
37800.056 1.3912238084354774e-10
37850.056 6.015130914783852e-11
37900.056 7.348153073059397e-11
37950.056 2.0422033432199938e-10
38000.056 1.9785097082048022e-10
38050.056 4.6050266536200447e-10
38100.056 5.02268543477063e-10
38150.056 7.618076761563694e-10
38200.056 4.670598162324819e-10
38250.056 7.67098456818267e-10
38300.056 1.1996892571843767e-09
38350.056 7.199586074518814e-10
38400.056 1.5821901884109556e-10
38450.056 3.335459265989359e-11
38500.056 3.27435769326668e-11
38550.056 2.5014097488703947e-10
38600.056 2.9460502810263495e-10
38650.056 3.512534949970126e-10
38700.056 1.1526225009116731e-10
38750.056 2.6721762081545195e-10
38800.056 2.4465366392876897e-10
38850.056 3.8015882702854723e-10
38900.056 4.4477748930454353e-10
38950.056 2.1387160059476902e-10
39000.056 6.590792957082243e-10
39050.056 1.4722682224651288e-10
39100.056 3.856260076021225e-10
39150.056 7.662056929218777e-10
39200.056 3.8924707139325924e-10
39250.056 9.344785514509333e-10
39300.056 3.7730203694740464e-10
39350.056 1.153721230699336e-09
39400.056 4.1129421842582976e-10
39450.056 8.699746471434186e-10
39500.056 7.583813357042615e-10
39550.056 2.2427389783991148e-10
39600.056 8.813880090954015e-10
39650.056 9.35669702902808e-10
39700.056 1.1148515194822907e-09
39750.056 3.4848274452746077e-10
39800.056 3.6552753913385704e-10
39850.056 1.168522217363365e-09
39900.056 1.809601736656242e-09
39950.056 4.076764000721475e-10
40000.056 9.938507584036573e-10
40050.056 1.274680884853939e-09
40100.056 3.175878561466318e-10
40150.056 1.1428549229043062e-09
40200.056 1.3003367615795677e-09
40250.056 1.5423467909040209e-09
40300.056 1.5982255400216671e-09
40350.056 7.041408745874363e-10
40400.056 9.9855624665167e-10
40450.056 3.4091830156293205e-10
40500.056 1.7063853137727198e-09
40550.056 1.8988863464149388e-09
40600.056 1.3379689108500199e-09
40650.056 8.367107284949759e-10
40700.056 1.862168005886275e-09
40750.056 1.2346308826913114e-09
40800.056 6.450159235742351e-10
40850.056 3.1084079065808605e-09
40900.056 2.5179226299554913e-09
40950.056 2.1332749997445207e-09
41000.056 1.227158232280976e-09
41050.056 3.2930607906989227e-09
41100.056 2.598410232391148e-09
41150.056 6.004500046950421e-10
41200.056 3.7199097655307405e-09
41250.056 2.200599894115342e-09
41300.056 2.283705569556359e-09
41350.056 3.987974341679713e-09
41400.056 2.9004672490496782e-09
41450.056 4.76456609083831e-09
41500.056 2.537040754569124e-09
41550.056 1.9612779441282004e-09
41600.056 2.2086607149717175e-09
41650.056 4.038564610223443e-09
41700.056 6.028236377968734e-09
41750.056 4.108294747399149e-09
41800.056 3.6899785786707005e-09
41850.056 3.9181208782223805e-09
41900.056 2.576820215449102e-09
41950.056 2.4405235368871364e-09
42000.056 5.809626575651568e-10
42050.056 1.3720141684847078e-09
42100.056 1.4821036746906812e-09
42150.056 2.1942082254609942e-09
42200.056 3.488809856587797e-09
42250.056 2.321735979782847e-09
42300.056 1.947835366101922e-09
42350.056 4.345946977260081e-09
42400.056 6.020099679720934e-09
42450.056 6.715888768401455e-09
42500.056 6.9347333389989296e-09
42550.056 5.4942006670688344e-09
42600.056 4.930153672307522e-09
42650.056 8.061658821177354e-09
42700.056 2.608896564261965e-09
42750.056 6.8792395051314416e-09
42800.056 1.1757817123901355e-08
42850.056 1.095265208269752e-08
42900.056 1.0385566840381808e-08
42950.056 8.975386990309887e-09
43000.056 1.0513095179421216e-08
43050.056 4.483955090603353e-09
43100.056 7.307035170063844e-09
43150.056 6.136575438960608e-09
43200.056 1.1987837417501182e-08
43250.056 1.3930171910100373e-08
43300.056 1.3532928002899956e-08
43350.056 7.372974808397448e-09
43400.056 1.0953663634350957e-08
43450.056 5.782150207829985e-09
43500.056 4.7545902288356546e-09
43550.056 6.273808670230798e-09
43600.056 1.2897935945801887e-08
43650.056 7.3744033803100325e-09
43700.056 1.4498095440805032e-08
43750.056 1.4778700537297718e-08
43800.056 1.1747646523147998e-08
43850.056 1.0264496892700728e-08
43900.056 6.700466322783335e-09
43950.056 4.149414361699711e-09
44000.056 5.016562669729373e-09
44050.056 1.5086662392799832e-08
44100.056 1.8539287396899675e-08
44150.056 1.6937606310639314e-08
44200.056 1.6209016336900693e-08
44250.056 7.282973913899087e-09
44300.056 5.722302523590687e-09
44350.056 5.753879863928194e-09
44400.056 4.864652433369706e-09
44450.056 1.1824365247971385e-08
44500.056 1.0986421405621389e-08
44550.056 1.54898062989994e-08
44600.056 1.2405434375099419e-08
44650.056 1.0736676418201702e-08
44700.056 7.52659496869895e-09
44750.056 1.4187560449002662e-08
44800.056 7.272957099880453e-09
44850.056 9.665208410810678e-09
44900.056 1.0631721573840375e-08
44950.056 1.2957033333302141e-08
45000.056 1.7201204248400864e-08
45050.056 1.3103261826897884e-08
45100.056 1.1807281265769823e-08
45150.056 9.145307565237894e-09
45200.056 7.12144142691071e-09
45250.056 8.976890353707492e-09
45300.056 8.76752402358114e-09
45350.056 5.485711111141881e-09
45400.056 2.1320030678702607e-08
45450.056 1.4475203246381217e-08
45500.056 2.0735676780891377e-08
45550.056 2.089720648779422e-08
45600.056 1.589713031300304e-08
45650.056 1.3588194587199984e-08
45700.056 8.13865119233918e-09
45750.056 7.620978739970738e-09
45800.056 2.0446839004201008e-08
45850.056 1.3388711592080342e-08
45900.056 2.121759464289819e-08
45950.056 2.1400809707299268e-08
46000.056 1.9706671473052095e-08
46050.056 1.3413695166352786e-08
46100.056 2.6490360806998176e-08
46150.056 1.4026245147500453e-08
46200.056 1.0571516316517948e-08
46250.056 3.4875893825197523e-09
46300.056 1.3240503718800134e-08
46350.056 1.2910957697562158e-08
46400.056 1.2769248503900262e-08
46450.056 1.1496594755421826e-08
46500.056 1.3889353132122478e-08
46550.056 5.783984154559837e-09
46600.056 8.507368656986762e-09
46650.056 1.512525125800082e-08
46700.056 9.679713279097408e-09
46750.056 3.552684289560646e-09
46800.056 2.0230739215599537e-09
46850.056 1.3318302267402304e-08
46900.056 1.6341242097399377e-08
46950.056 1.7279928297899036e-08
47000.056 1.73827707567021e-08
47050.056 9.971317018789147e-09
47100.056 7.476871669500953e-09
47150.056 1.3381239324961483e-08
47200.056 1.4130525439298598e-08
47250.056 6.2492192208689e-09
47300.056 4.06897554252707e-09
47350.056 1.5412262647901642e-08
47400.056 1.5337884311998257e-08
47450.056 9.087615311922324e-09
47500.056 1.683837721934073e-08
47550.056 1.594925801690069e-08
47600.056 1.1696458709298609e-08
47650.056 1.3735585839967809e-08
47700.056 1.0099191229768013e-08
47750.056 7.601107257200167e-09
47800.056 5.121577004400887e-09
47850.056 1.8801640911044376e-09
47900.056 3.6590340530359836e-09
47950.056 1.1356615164300567e-08
48000.056 1.5792256908599414e-08
48050.056 1.1785647115440523e-08
48100.056 4.75769044606469e-09
48150.056 1.041536618790041e-08
48200.056 5.112516945205411e-09
48250.056 7.567130523799605e-09
48300.056 1.506795887939943e-08
48350.056 7.645358306798743e-09
48400.056 1.2715893213705984e-09
48450.056 2.695616868715722e-09
48500.056 5.565042032798652e-09
48550.056 6.786439967042976e-09
48600.056 1.3184230710698962e-08
48650.056 1.7027068403498646e-08
48700.056 1.0240881131102202e-08
48750.056 8.92966179220168e-09
48800.056 1.3744855454100339e-08
48850.056 6.076354102999041e-09
48900.056 5.752865364669298e-09
48950.056 2.6168907810999105e-09
49000.056 1.5118350759283563e-09
49050.056 6.2976809749191555e-09
49100.056 9.921383945184915e-09
49150.056 7.574217539845309e-09
49200.056 1.4222131251402134e-08
49250.056 1.4236568528199621e-08
49300.056 1.1031105729299603e-08
49350.056 3.350737753788478e-09
49400.056 5.288875173998326e-09
49450.056 4.390416687915992e-09
49500.056 3.052283062618358e-09
49550.056 4.0863011591600705e-10
49600.056 1.3573931640622997e-09
49650.056 5.67891656800104e-09
49700.056 7.285655691797942e-09
49750.056 5.19317190582924e-09
49800.056 2.901931829144196e-09
49850.056 8.930158777201353e-09
49900.056 8.869755146199439e-09
49950.056 8.86137630710015e-09
50000.056 4.2089336024385295e-09
50050.056 5.321095142020505e-09
50100.056 4.520705785899584e-09
50150.056 1.4579081600546614e-09
50200.056 1.6850410477626987e-10
50250.056 1.3371237298300106e-09
50300.056 8.597784274882142e-10
50350.056 5.25148383960108e-09
50400.056 6.911498279438687e-09
50450.056 5.961069291121032e-09
50500.056 9.510781380980035e-09
50550.056 8.542243152200651e-09
50600.056 5.3164237861636354e-09
50650.056 1.054415958770129e-08
50700.056 8.741310102699075e-09
50750.056 4.522207483520074e-09
50800.056 9.451232445897749e-10
50850.056 3.7075479448318287e-10
50900.056 3.825879787700519e-09
50950.056 4.467224074799408e-09
51000.056 2.8759775847272865e-09
51050.056 6.206072128169438e-09
51100.056 1.7717240522749822e-09
51150.056 1.4197264081613447e-09
51200.056 7.107550807700014e-09
51250.056 5.317035797043237e-09
51300.056 3.276778807930821e-09
51350.056 2.10061191178457e-09
51400.056 3.901130958210902e-10
51450.056 3.6724083614927907e-10
51500.056 3.868101835269577e-10
51550.056 1.984195501560476e-09
51600.056 2.4391560604107468e-09
51650.056 4.172582797400124e-09
51700.056 3.652417125845548e-09
51750.056 2.143444879780511e-09
51800.056 5.140375759599602e-09
51850.056 3.927886200009715e-09
51900.056 3.2448863224998334e-09
51950.056 1.3331140667498278e-09
52000.056 1.1501907909196931e-10
52050.056 6.078647972500562e-10
52100.056 2.939283913779402e-10
52150.056 1.5498165662506473e-10
52200.056 8.390306261900146e-10
52250.056 1.5945356155403596e-09
52300.056 1.621719304729856e-09
52350.056 3.4065937323934896e-10
52400.056 4.134401387159993e-10
52450.056 2.39835555547015e-09
52500.056 1.4863412849656785e-09
52550.056 2.8823517741599177e-09
52600.056 2.617828014970027e-09
52650.056 3.0869983922000583e-09
52700.056 1.7662201121997694e-09
52750.056 3.5985027283146857e-10
52800.056 9.066674359391811e-10
52850.056 1.0835668621497368e-09
52900.056 2.652272271996645e-10
52950.056 5.428872795861004e-10
53000.056 1.3985423857802526e-09
53050.056 4.338544906018831e-10
53100.056 2.2667257919298804e-09
53150.056 2.04368499807927e-09
53200.056 9.803410676053394e-10
53250.056 1.5167694116010167e-09
53300.056 1.9693266040793636e-09
53350.056 1.4422657711841107e-09
53400.056 8.210878569097193e-10
53450.056 2.2390217755693236e-10
53500.056 4.6201940076385943e-11
53550.056 9.34348164228045e-11
