galfind/configs/Brown_Dwarf_templates/sonora_bobcat/m0.0/31g/sp_t1700g31nc_m0.0_resample.dat
# %ECSV 1.0
# ---
# datatype:
# - {name: wav, unit: Angstrom, datatype: float64}
# - {name: flux_nu, unit: erg / (cm2 Hz s), datatype: float64}
# meta: {C/O: '1.00', Kzz: '1.0000E+05', Teff: '1700.', Y: '0.28', '[Fe/H]': '0.00', f_hole: '1.00', f_rain: '0.00', grav: '32.'}
# schema: astropy-2.0
wav flux_nu
[from data line 498]
28900.056 7.495739225750543e-07
28950.056 1.0917113145719364e-06
29000.056 8.785113264967236e-07
29050.056 9.056948053317991e-07
29100.056 7.486747101690815e-07
29150.056 9.815877888102556e-07
29200.056 8.645069251673063e-07
29250.056 1.0143441263700534e-06
29300.056 8.12246731516511e-07
29350.056 1.1650267696097287e-06
29400.056 9.067770831238049e-07
29450.056 9.482571986889618e-07
29500.056 9.965141181048871e-07
29550.056 9.502080866400629e-07
29600.056 1.0251008458598517e-06
29650.056 9.981108807499163e-07
29700.056 8.592694495998147e-07
29750.056 1.1244871532806896e-06
29800.056 1.114756686649952e-06
29850.056 1.082094266579867e-06
29900.056 9.69155692590263e-07
29950.056 1.1507206112898178e-06
30000.056 1.1431156384297471e-06
30050.056 1.064363419429862e-06
30100.056 8.721570749197381e-07
30150.056 1.3549740479698757e-06
30200.056 1.1661934275101173e-06
30250.056 1.1789952060204216e-06
30300.056 1.1812446728098343e-06
30350.056 1.0680851609701553e-06
30400.056 1.3538060575002997e-06
30450.056 1.0640619824400925e-06
30500.056 9.73498245850185e-07
30550.056 1.3663768394303549e-06
30600.056 1.3172171106102064e-06
30650.056 1.3320174051700108e-06
30700.056 1.2324970402499612e-06
30750.056 1.166311054820052e-06
30800.056 1.3921814742903264e-06
30850.056 1.1618787825299095e-06
30900.056 1.1951001785298992e-06
30950.056 1.1350131688701735e-06
31000.056 1.296090793559926e-06
31050.056 1.1234950424499781e-06
31100.056 1.1594879899599075e-06
31150.056 1.2946662145497398e-06
31200.056 1.2856084751598613e-06
31250.056 1.324749028600155e-06
31300.056 1.2107855553898218e-06
31350.056 1.2191542089799723e-06
31400.056 1.165653549920332e-06
31450.056 1.206882081670045e-06
31500.056 1.224351087230136e-06
31550.056 1.1309085788200253e-06
31600.056 1.1683669805298892e-06
31650.056 1.2035630789599855e-06
31700.056 1.223174249069901e-06
31750.056 1.0498447163102676e-06
31800.056 1.2898254595400526e-06
31850.056 1.3273192704101696e-06
31900.056 1.4288035409199071e-06
31950.056 9.753776599098554e-07
32000.056 1.163501481770203e-06
32050.056 1.3944904123701186e-06
32100.056 1.3595888215398354e-06
32150.056 1.4447102717199954e-06
32200.056 1.34918350295991e-06
32250.056 1.3509375238402236e-06
32300.056 1.3682613344100351e-06
32350.056 1.562062558200261e-06
32400.056 1.295669909810043e-06
32450.056 1.3700226892899333e-06
32500.056 1.4661835324803098e-06
32550.056 1.6566332888101002e-06
32600.056 1.6694712077598901e-06
32650.056 1.6710952494606055e-06
32700.056 1.592266965340221e-06
32750.056 1.6396570664100057e-06
32800.056 1.5155860831801457e-06
32850.056 1.856825273479749e-06
32900.056 1.8172063330699822e-06
32950.056 1.5190971316797967e-06
33000.056 1.638428721340184e-06
33050.056 1.6780816673299364e-06
33100.056 1.6704559093295297e-06
33150.056 1.2834661940501607e-06
33200.056 9.555291361997948e-07
33250.056 9.032810949295287e-07
33300.056 8.524275837101875e-07
33350.056 9.427459762101498e-07
33400.056 9.945716427398039e-07
33450.056 1.1266359320296271e-06
33500.056 1.3812849545002958e-06
33550.056 1.391255837009984e-06
33600.056 1.567395946680392e-06
33650.056 1.7267031620905596e-06
33700.056 1.693230252339634e-06
33750.056 1.8938375094299615e-06
33800.056 1.7594438279097512e-06
33850.056 1.7743898456900492e-06
33900.056 1.9225070410196387e-06
33950.056 1.7132019482398544e-06
34000.056 1.7425767184794476e-06
34050.056 1.704843867109603e-06
34100.056 1.9873765329202384e-06
34150.056 1.8510542434796516e-06
34200.056 1.7058619401693656e-06
34250.056 1.975799598439733e-06
34300.056 1.6625422158690263e-06
34350.056 1.8067035249399627e-06
34400.056 1.6327706504998088e-06
34450.056 1.7490346350599427e-06
34500.056 1.8343236962902633e-06
34550.056 1.6405327364498981e-06
34600.056 1.893449400060064e-06
34650.056 1.8750327576300193e-06
34700.056 1.7854336496796045e-06
34750.056 1.9932164117302684e-06
34800.056 2.0069789195995438e-06
34850.056 1.7729827972001117e-06
34900.056 1.8810670005703789e-06
34950.056 1.8077238046394898e-06
35000.056 1.8921207121797574e-06
35050.056 2.0998765112305e-06
35100.056 1.8876606796294036e-06
35150.056 1.965520289430003e-06
35200.056 2.0211274129598877e-06
35250.056 1.8546812979999646e-06
35300.056 1.9690960463200325e-06
35350.056 2.077422516279798e-06
35400.056 1.9231387590600093e-06
35450.056 1.7986476689505272e-06
35500.056 2.1469040718598077e-06
35550.056 1.972910677799947e-06
35600.056 1.8241805314699009e-06
35650.056 2.256850005960283e-06
35700.056 1.8618547277303807e-06
35750.056 2.0843212288497003e-06
35800.056 2.2013386277997436e-06
35850.056 2.0948567933798468e-06
35900.056 2.3872782701996183e-06
35950.056 2.16847955507014e-06
36000.056 1.9770515113698045e-06
36050.056 2.3684423418402993e-06
36100.056 2.3986800324794117e-06
36150.056 2.158086923480308e-06
36200.056 2.4159716108596427e-06
36250.056 2.1376523106295347e-06
36300.056 2.598869296270621e-06
36350.056 2.402079862519848e-06
36400.056 2.294802732920021e-06
36450.056 2.5933150531996928e-06
36500.056 2.400639897560182e-06
36550.056 2.3208245020404996e-06
36600.056 2.4179154405501812e-06
36650.056 2.508031873800196e-06
36700.056 2.6401988374001117e-06
36750.056 2.468074071600222e-06
36800.056 2.5254821796497675e-06
36850.056 2.52324539226038e-06
36900.056 2.6118192580004793e-06
36950.056 2.6060041041798985e-06
37000.056 2.7051109028000024e-06
37050.056 2.6903354180998777e-06
37100.056 2.66982188250038e-06
37150.056 2.664019935899419e-06
37200.056 2.7697542041000812e-06
37250.056 2.816182787600199e-06
37300.056 2.8229839347004804e-06
37350.056 2.6118370669004254e-06
37400.056 2.7627718699996695e-06
37450.056 2.761587050830278e-06
37500.056 2.79775031789975e-06
37550.056 2.7581434613994784e-06
37600.056 2.927663187699588e-06
37650.056 2.73574310949973e-06
37700.056 2.7946984162000292e-06
37750.056 2.955812126899694e-06
37800.056 3.026420934799929e-06
37850.056 2.8303821931998796e-06
37900.056 2.9303018734002176e-06
37950.056 2.9763280491000577e-06
38000.056 2.8920845289003897e-06
38050.056 2.9537755165001604e-06
38100.056 2.8123602550002515e-06
38150.056 3.1145018058995935e-06
38200.056 3.1927293022995703e-06
38250.056 2.8439029573004824e-06
38300.056 2.8185837264999392e-06
38350.056 2.9648905234997954e-06
38400.056 3.0249218690397462e-06
38450.056 3.129945458700252e-06
38500.056 2.99969823139984e-06
38550.056 3.0054144475001036e-06
38600.056 3.3228424212997957e-06
38650.056 2.8969148006001238e-06
38700.056 2.9806868488005802e-06
38750.056 3.0782546483999953e-06
38800.056 3.066237153300296e-06
38850.056 2.992223890700308e-06
38900.056 2.9343580194998266e-06
38950.056 3.1496455360997063e-06
39000.056 3.0065822944001037e-06
39050.056 3.1023323588998927e-06
39100.056 2.9039670631400464e-06
39150.056 3.023096315700098e-06
39200.056 3.1636482878001675e-06
39250.056 3.130944320999371e-06
39300.056 3.099203779699301e-06
39350.056 3.100759114800331e-06
39400.056 3.042498966000069e-06
39450.056 3.0487676295997846e-06
39500.056 3.0064327697597368e-06
39550.056 2.945626272999541e-06
39600.056 3.26262158440006e-06
39650.056 2.868837097999998e-06
39700.056 3.015309599599806e-06
39750.056 2.9815965301996155e-06
39800.056 2.8227817405001384e-06
39850.056 2.920321990499743e-06
39900.056 2.9002289457000423e-06
39950.056 3.063892928499863e-06
40000.056 2.733801728999853e-06
40050.056 2.6262260182999578e-06
40100.056 2.843744171199834e-06
40150.056 2.643837726299469e-06
40200.056 2.73382958539969e-06
40250.056 2.7282215179692005e-06
40300.056 2.5068774904002163e-06
40350.056 2.7518792478003636e-06
40400.056 2.7410929926598847e-06
40450.056 2.5671210451004682e-06
40500.056 2.35933126950024e-06
40550.056 2.7909040146998027e-06
40600.056 2.4243062457703188e-06
40650.056 2.5047198201603148e-06
40700.056 2.6717006063002178e-06
40750.056 2.3463816096991166e-06
40800.056 2.3211936630903597e-06
40850.056 2.2074461944005135e-06
40900.056 2.2172469322003992e-06
40950.056 2.3802286128199543e-06
41000.056 2.4213759140001295e-06
41050.056 2.359980891189542e-06
41100.056 2.2484938027002022e-06
41150.056 2.388079076500115e-06
41200.056 2.2384594255900126e-06
41250.056 2.288966316720225e-06
41300.056 1.9679517609396534e-06
41350.056 2.3646497667301154e-06
41400.056 2.2037769793001868e-06
41450.056 2.1525117289701834e-06
41500.056 2.317154279280106e-06
41550.056 2.2106664080100056e-06
41600.056 2.333759898400019e-06
41650.056 2.0643845637804474e-06
41700.056 1.9640500919297113e-06
41750.056 2.0543184733398812e-06
41800.056 2.0359697492996044e-06
41850.056 1.8406856654703773e-06
41900.056 2.1289894503098585e-06
41950.056 1.7895199155805133e-06
42000.056 1.951463438950162e-06
42050.056 1.7346665744393447e-06
42100.056 2.032938215580315e-06
42150.056 1.504021465539387e-06
42200.056 1.6619611012400374e-06
42250.056 1.7643152914300074e-06
42300.056 1.4586551107700278e-06
42350.056 1.7904321780905284e-06
42400.056 1.5108093940904066e-06
42450.056 1.2688962833401945e-06
42500.056 1.3848385578903011e-06
42550.056 1.4318845806800707e-06
42600.056 1.4193420415004e-06
42650.056 1.2084369185891375e-06
42700.056 1.4460710436406022e-06
42750.056 1.3073892702800276e-06
42800.056 1.2741072112004703e-06
42850.056 1.3484632575296591e-06
42900.056 1.3137189426100758e-06
42950.056 1.20419885279933e-06
43000.056 1.2450657105700304e-06
43050.056 1.166016418670672e-06
43100.056 1.2967775595601779e-06
43150.056 1.2933195766102828e-06
43200.056 1.3007124290301827e-06
43250.056 1.2545432478199417e-06
43300.056 1.309414312140136e-06
43350.056 1.1704761656899374e-06
43400.056 1.2212129334499e-06
43450.056 1.2411742002405102e-06
43500.056 1.1980752360098141e-06
43550.056 1.268961652290029e-06
43600.056 1.2858340690201326e-06
43650.056 1.114899742170163e-06
43700.056 1.0742629407397186e-06
43750.056 1.1541877936602128e-06
43800.056 1.0476298927001987e-06
43850.056 1.0981375328403273e-06
43900.056 1.15110021174992e-06
43950.056 1.0650040105703023e-06
44000.056 1.016210675450188e-06
44050.056 1.0162381874001232e-06
44100.056 1.0580575312901936e-06
44150.056 1.1023272607197254e-06
44200.056 1.0295399853599642e-06
44250.056 1.0136422493200535e-06
44300.056 9.927566084401335e-07
44350.056 9.660018687500377e-07
44400.056 1.028539245469956e-06
44450.056 1.0503626735900073e-06
44500.056 1.0748711859501247e-06
44550.056 9.541483206497696e-07
44600.056 9.944910381901094e-07
44650.056 1.0467522632501128e-06
44700.056 9.679523102301027e-07
44750.056 1.0191852537998825e-06
44800.056 1.0497321384499488e-06
44850.056 1.0266377741500774e-06
44900.056 9.631887113601425e-07
44950.056 9.09344676879977e-07
45000.056 1.009251091649911e-06
45050.056 1.006373541929892e-06
45100.056 1.0370936835999404e-06
45150.056 9.693651872699645e-07
45200.056 8.923881026699996e-07
45250.056 9.226177777198885e-07
45300.056 9.938465328300685e-07
45350.056 1.0380458908999357e-06
45400.056 9.830613547301362e-07
45450.056 8.915150337698661e-07
45500.056 9.230149450799711e-07
45550.056 1.028110307449923e-06
45600.056 9.428899755399674e-07
45650.056 8.522624467898249e-07
45700.056 1.0193114192500754e-06
45750.056 9.21421052729981e-07
45800.056 9.053402396499726e-07
45850.056 1.0767951785399681e-06
45900.056 1.0943321530700699e-06
45950.056 9.28138979999987e-07
46000.056 1.120659466490002e-06
46050.056 1.094266438400195e-06
46100.056 9.03964848110096e-07
46150.056 9.880576698699653e-07
46200.056 1.0804915603402325e-06
46250.056 8.716257463299766e-07
46300.056 1.1529547010099417e-06
46350.056 9.453666218899047e-07
46400.056 9.772710116898816e-07
46450.056 1.0152680353601949e-06
46500.056 9.217716271599151e-07
46550.056 1.151946361869981e-06
46600.056 1.049874445100028e-06
46650.056 1.36462734223988e-06
46700.056 1.2546913935103507e-06
46750.056 9.789869335298886e-07
46800.056 1.0969410117801883e-06
46850.056 1.1805211424101198e-06
46900.056 1.1008314087397818e-06
46950.056 1.2411811536200813e-06
47000.056 1.0435533201399795e-06
47050.056 1.2344428790597613e-06
47100.056 9.67888743560105e-07
47150.056 1.081267894080183e-06
47200.056 1.1475012918503067e-06
47250.056 1.0113112388598253e-06
47300.056 1.0718028414197263e-06
47350.056 8.964134436198018e-07
47400.056 1.1476259320797419e-06
47450.056 1.0124866644999317e-06
47500.056 1.1144000169397754e-06
47550.056 1.0009462444498775e-06
47600.056 1.157064797879932e-06
47650.056 8.178296783697645e-07
47700.056 1.1791483420100584e-06
47750.056 7.86068970680201e-07
47800.056 1.1498829553798726e-06
47850.056 8.705342617398219e-07
47900.056 1.1601727406600616e-06
47950.056 8.306584972301804e-07
48000.056 1.3060469742599953e-06
48050.056 9.44957716110176e-07
48100.056 1.0520800578699738e-06
48150.056 9.580959247201413e-07
48200.056 1.163533926900192e-06
48250.056 9.503173799099215e-07
48300.056 1.2822872238497772e-06
48350.056 8.452632245799259e-07
48400.056 1.1524237759899879e-06
48450.056 9.252197183300606e-07
48500.056 1.2960009837100328e-06
48550.056 8.731658289200441e-07
48600.056 1.177923478939891e-06
48650.056 8.988455640599681e-07
48700.056 1.1341241599200827e-06
48750.056 8.063326159401037e-07
48800.056 1.3203941245800886e-06
48850.056 8.940977050498266e-07
48900.056 1.1686065427401017e-06
48950.056 1.0618551874600381e-06
49000.056 1.0522352906398683e-06
49050.056 1.1075215020599386e-06
49100.056 1.0169392281401369e-06
49150.056 1.0876952341500458e-06
49200.056 1.0318612361399616e-06
49250.056 1.0758876573100238e-06
49300.056 9.264053103599017e-07
49350.056 9.92553078349995e-07
49400.056 1.1950789996901122e-06
49450.056 9.969166989602382e-07
49500.056 1.0687420798600854e-06
49550.056 9.14402626490004e-07
49600.056 1.0181824421002661e-06
49650.056 1.0633526125500658e-06
49700.056 9.021738573099268e-07
49750.056 1.3785779652697726e-06
49800.056 1.021760435910065e-06
49850.056 1.318557928610044e-06
49900.056 1.0231810526301e-06
49950.056 1.114984349569673e-06
50000.056 1.0801507011697533e-06
50050.056 1.0899632265501076e-06
50100.056 1.171992561519921e-06
50150.056 9.830864731400407e-07
50200.056 9.116265115601117e-07
50250.056 1.0713039998000624e-06
50300.056 9.964401979799158e-07
50350.056 1.177745238470018e-06
50400.056 1.0335768517200006e-06
50450.056 1.0253874449501693e-06
50500.056 1.3410023281802369e-06
50550.056 1.0740920135099345e-06
50600.056 1.1681107458700502e-06
50650.056 1.0942935219502877e-06
50700.056 1.2077603040096012e-06
50750.056 1.2316885948101793e-06
50800.056 9.188042934799157e-07
50850.056 1.0929089639602164e-06
50900.056 1.1676668708299597e-06
50950.056 1.1989945962101872e-06
51000.056 1.378522574550123e-06
51050.056 1.017334678530162e-06
51100.056 1.0053760460499096e-06
51150.056 1.1706894824699155e-06
51200.056 1.1159037703999303e-06
51250.056 1.2377831153399277e-06
51300.056 1.0187202868303673e-06
51350.056 1.155731446669749e-06
51400.056 1.0738433028997008e-06
51450.056 7.980900829198611e-07
51500.056 1.100836874999968e-06
51550.056 1.4104454501001311e-06
51600.056 9.269022116500503e-07
51650.056 1.1104334985398094e-06
51700.056 1.0321420277496724e-06
51750.056 9.908729075400868e-07
51800.056 1.2007275238798089e-06
51850.056 1.1978311059798726e-06
51900.056 1.257059551460261e-06
51950.056 1.1491209316798898e-06
52000.056 9.773558542399406e-07
52050.056 1.1432339240499374e-06
52100.056 1.0672384661097614e-06
52150.056 1.0833779287100934e-06
52200.056 1.047422114970063e-06
52250.056 1.0929022157800039e-06
52300.056 1.1779844128099894e-06
52350.056 1.3021653070401892e-06
52400.056 9.333419117401295e-07
52450.056 1.105381164629965e-06
52500.056 1.2300761384897432e-06
52550.056 1.1239735802196154e-06
52600.056 1.1660663433101813e-06
52650.056 1.330552859080213e-06
52700.056 1.115666424150018e-06
52750.056 9.010171176298744e-07
52800.056 1.0284871646601182e-06
52850.056 9.738534622098715e-07
52900.056 1.0900490438500902e-06
52950.056 1.0821153610598095e-06
53000.056 1.2333552743398865e-06
53050.056 1.0727348229197825e-06
53100.056 1.0043276949397171e-06
53150.056 1.2856493414602576e-06
53200.056 8.811984762901522e-07
53250.056 1.2943785207899415e-06
53300.056 1.2540983791505605e-06
53350.056 1.2249420090398594e-06
53400.056 1.1286365179001145e-06
