galfind/configs/Brown_Dwarf_templates/sonora_bobcat/m0.0/31g/sp_t325g31nc_m0.0_resample.dat
# %ECSV 1.0
# ---
# datatype:
# - {name: wav, unit: Angstrom, datatype: float64}
# - {name: flux_nu, unit: erg / (cm2 Hz s), datatype: float64}
# meta: {C/O: '1.00', Kzz: '1.0000E+05', Teff: '325.', Y: '0.28', '[Fe/H]': '0.00', f_hole: '1.00', f_rain: '0.00', grav: '32.'}
# schema: astropy-2.0
wav flux_nu
[from data line 499]
28950.056 1.0079841470030547e-11
29000.056 5.2200173781380505e-12
29050.056 9.291651374362851e-12
29100.056 4.037381312388751e-12
29150.056 4.0931785560625046e-12
29200.056 2.025515813021593e-11
29250.056 1.5258421210542262e-11
29300.056 7.929022894275292e-12
29350.056 2.1802330701657796e-11
29400.056 1.19565538652143e-11
29450.056 4.1253373439812e-12
29500.056 2.5813795817189724e-11
29550.056 6.914595978703588e-12
29600.056 7.836914055454907e-12
29650.056 3.472597308424277e-11
29700.056 5.47744884793004e-12
29750.056 2.6962608375722294e-11
29800.056 1.4136556303546634e-11
29850.056 2.8644501562551354e-11
29900.056 1.1223715603987685e-11
29950.056 1.687033082546324e-11
30000.056 1.6371116754267952e-13
30050.056 1.6439313800213925e-12
30100.056 9.468168267957739e-12
30150.056 3.597383902023803e-11
30200.056 1.9784068437409742e-11
30250.056 3.49398081842177e-11
30300.056 5.831698434088584e-11
30350.056 9.161964941961256e-12
30400.056 4.987936882172519e-11
30450.056 4.5100049861589045e-11
30500.056 1.6515475411215768e-11
30550.056 1.5032940646477776e-11
30600.056 1.715025731504389e-10
30650.056 6.676102565680334e-11
30700.056 2.5417064292121582e-11
30750.056 6.96969291490956e-11
30800.056 6.779352367247098e-11
30850.056 7.648936662600136e-11
30900.056 3.1372110576690336e-11
30950.056 2.7019343338001814e-11
31000.056 3.9539015732613124e-11
31050.056 1.6422486378307257e-11
31100.056 1.2870072833818281e-11
31150.056 2.4320333997358834e-11
31200.056 1.0182048045831686e-10
31250.056 5.610604409795418e-11
31300.056 2.6004685908192217e-11
31350.056 8.945579757409345e-11
31400.056 6.230735465539685e-11
31450.056 5.682875244500066e-11
31500.056 1.7857607485282456e-11
31550.056 3.3535709717187485e-11
31600.056 2.5292962220583903e-11
31650.056 2.154590105233845e-11
31700.056 1.635081929562488e-11
31750.056 9.116429327879055e-12
31800.056 1.5687422395124053e-11
31850.056 2.2908604822401698e-12
31900.056 5.5684955040361e-12
31950.056 3.954851617233368e-12
32000.056 1.9061884614612723e-12
32050.056 3.6899481120753205e-12
32100.056 3.332171810574562e-12
32150.056 2.6315187791488247e-12
32200.056 1.106431193689418e-12
32250.056 2.875098575994418e-12
32300.056 6.914563845395327e-13
32350.056 2.6583084164894365e-12
32400.056 2.1972687648363996e-13
32450.056 1.571930454134524e-12
32500.056 2.1068176716060797e-13
32550.056 1.1311122008858208e-12
32600.056 1.643362837851464e-13
32650.056 3.7603028094873186e-12
32700.056 2.893255864845638e-13
32750.056 9.505899655534012e-12
32800.056 3.4261143410788025e-12
32850.056 2.495458175274352e-11
32900.056 1.854064482342037e-11
32950.056 1.9832332836726028e-11
33000.056 4.3486777798241585e-12
33050.056 4.785779420041239e-12
33100.056 7.4220295493268e-13
33150.056 1.9616920172620832e-16
33200.056 2.6237520418810766e-14
33250.056 4.6289320817397595e-14
33300.056 8.051207781523441e-13
33350.056 1.9189508967348743e-12
33400.056 1.0238926051945576e-11
33450.056 3.111377796523701e-12
33500.056 1.521916156709914e-11
33550.056 2.1001538521241036e-12
33600.056 7.113612532525927e-12
33650.056 6.48632941446711e-12
33700.056 1.3510874154602625e-12
33750.056 9.868107911127074e-12
33800.056 4.673644999083718e-13
33850.056 4.5108807515946446e-12
33900.056 5.3035214875908885e-12
33950.056 4.404315255274377e-12
34000.056 1.1802019703224872e-11
34050.056 1.5734337954274391e-12
34100.056 1.2256139157676495e-11
34150.056 4.5422336136979265e-12
34200.056 1.6696529290488684e-11
34250.056 6.878291721559272e-12
34300.056 9.347948777539656e-12
34350.056 2.832048952644391e-11
34400.056 5.6537531199476014e-12
34450.056 2.292152811547307e-11
34500.056 8.430966109871752e-12
34550.056 9.911163392449212e-12
34600.056 5.087586876157736e-11
34650.056 4.288949113459508e-12
34700.056 2.9418571943225215e-11
34750.056 1.756275720655457e-11
34800.056 1.70224336289043e-11
34850.056 5.943916615536718e-11
34900.056 7.487327088864719e-12
34950.056 5.6769282269439454e-11
35000.056 8.856630337342794e-11
35050.056 5.559998862524674e-11
35100.056 1.1164719597240305e-10
35150.056 8.517033474414146e-11
35200.056 7.363287904581488e-11
35250.056 1.3996065214125762e-10
35300.056 4.983794635598204e-11
35350.056 4.9195190831350996e-11
35400.056 3.18547623432466e-11
35450.056 3.592780592756006e-11
35500.056 1.389358329121581e-10
35550.056 6.861543650938438e-11
35600.056 1.1030161678699487e-10
35650.056 1.542656159466471e-10
35700.056 1.6567987415882962e-10
35750.056 1.6322246315029444e-10
35800.056 1.188408201103298e-10
35850.056 4.288242841032723e-11
35900.056 5.274621086888834e-11
35950.056 7.857093337735998e-11
36000.056 1.190106915700324e-10
36050.056 7.432290383799521e-11
36100.056 6.906393984112695e-11
36150.056 2.3607915462563846e-10
36200.056 2.1776288266264516e-10
36250.056 1.335307051870006e-10
36300.056 4.09105234915345e-10
36350.056 1.9006188071272432e-10
36400.056 3.547587264499342e-10
36450.056 3.335146448313377e-10
36500.056 3.352656178414588e-10
36550.056 6.089432008667816e-10
36600.056 5.543638165980675e-10
36650.056 3.6007594101518426e-10
36700.056 4.853116245355673e-10
36750.056 6.073147261302428e-10
36800.056 7.50300374994026e-10
36850.056 2.7110096250478764e-10
36900.056 5.645253937322238e-10
36950.056 7.505133587162809e-10
37000.056 4.580771612402024e-10
37050.056 8.172372661582981e-10
37100.056 4.209079835167832e-10
37150.056 4.514781201280058e-10
37200.056 1.0494026007838927e-09
37250.056 5.745640594827041e-10
37300.056 3.1601515534450427e-10
37350.056 6.569244406792314e-10
37400.056 1.055507322323861e-09
37450.056 3.504427105999947e-10
37500.056 6.377820920067485e-10
37550.056 1.2237563641418662e-09
37600.056 2.183454053176467e-09
37650.056 4.986608469360039e-10
37700.056 1.067659040898844e-09
37750.056 7.651245103145808e-10
37800.056 6.629764245074538e-10
37850.056 3.0080289890099334e-10
37900.056 4.220307226203923e-10
37950.056 1.0025402965098944e-09
38000.056 9.646280748442564e-10
38050.056 1.7044388984656619e-09
38100.056 1.9082743249513153e-09
38150.056 2.4043821354462586e-09
38200.056 1.7374119498218653e-09
38250.056 2.300058088190802e-09
38300.056 3.4638246507253716e-09
38350.056 2.83587117326315e-09
38400.056 8.682551797036945e-10
38450.056 2.7616924637018936e-10
38500.056 1.990398614194294e-10
38550.056 1.0608102237970995e-09
38600.056 1.11441019553472e-09
38650.056 1.3769897902900338e-09
38700.056 6.546156201573494e-10
38750.056 1.103793224694993e-09
38800.056 1.1012098559439244e-09
38850.056 1.432092520376699e-09
38900.056 1.7459326816746988e-09
38950.056 9.681661920995078e-10
39000.056 2.2390640593496303e-09
39050.056 8.243851672266732e-10
39100.056 1.6358045251887433e-09
39150.056 2.5568025829482574e-09
39200.056 1.528423334066352e-09
39250.056 3.1085478186094864e-09
39300.056 1.5412601527876968e-09
39350.056 3.807653576413723e-09
39400.056 1.628831951001921e-09
39450.056 2.89604310936385e-09
39500.056 2.7236412741194488e-09
39550.056 1.0714493883217298e-09
39600.056 2.898545829227951e-09
39650.056 3.2140009579532197e-09
39700.056 3.4714637660867384e-09
39750.056 1.464563752908603e-09
39800.056 1.59635434646872e-09
39850.056 4.063095541681083e-09
39900.056 5.386519927250455e-09
39950.056 1.6888714495548172e-09
40000.056 3.599246794609763e-09
40050.056 4.2260666927197235e-09
40100.056 1.3208125190142323e-09
40150.056 3.892367542729635e-09
40200.056 4.1972538339689206e-09
40250.056 4.888037646740204e-09
40300.056 4.825780768099017e-09
40350.056 2.6313039385901376e-09
40400.056 3.759215816722831e-09
40450.056 1.630646681439448e-09
40500.056 5.382130594754074e-09
40550.056 6.1062444924997635e-09
40600.056 4.157068956480166e-09
40650.056 2.958681685832701e-09
40700.056 6.529460248718948e-09
40750.056 4.188233557953237e-09
40800.056 2.4798606717279965e-09
40850.056 8.97902631499257e-09
40900.056 7.142231058027128e-09
40950.056 6.379474671313961e-09
41000.056 4.2718727976684294e-09
41050.056 9.427722935966588e-09
41100.056 7.468349847772061e-09
41150.056 2.4006304522018174e-09
41200.056 1.0050664234811733e-08
41250.056 6.485938095197691e-09
41300.056 6.942025276028537e-09
41350.056 1.0254881103598595e-08
41400.056 8.128847595259387e-09
41450.056 1.2599593634695917e-08
41500.056 7.480903757076103e-09
41550.056 6.295438165852759e-09
41600.056 6.586791675684518e-09
41650.056 1.0378976046744725e-08
41700.056 1.4263906187695603e-08
41750.056 1.0340737677087619e-08
41800.056 9.760830954462266e-09
41850.056 1.0264820475612145e-08
41900.056 7.94949092693517e-09
41950.056 7.51213409918039e-09
42000.056 3.1358115543245232e-09
42050.056 5.301810772058274e-09
42100.056 5.245110917126478e-09
42150.056 6.9983147438606716e-09
42200.056 9.316228030064442e-09
42250.056 6.59603623435684e-09
42300.056 6.09468264266948e-09
42350.056 1.1202670990660256e-08
42400.056 1.4204858813402154e-08
42450.056 1.442422716820399e-08
42500.056 1.435147634349725e-08
42550.056 1.1887804905496578e-08
42600.056 1.1691367233886297e-08
42650.056 1.9061773857592648e-08
42700.056 7.805385239271448e-09
42750.056 1.5001773449452915e-08
42800.056 2.3701016576703795e-08
42850.056 2.2470230349893888e-08
42900.056 2.2476842341804766e-08
42950.056 1.9035380386098287e-08
43000.056 2.18069813079039e-08
43050.056 1.0552059723920877e-08
43100.056 1.663443159184835e-08
43150.056 1.3339292984101933e-08
43200.056 2.415467220800251e-08
43250.056 2.8706574953600277e-08
43300.056 2.8043375585798916e-08
43350.056 1.554720235179472e-08
43400.056 2.287399540439167e-08
43450.056 1.3272452606300299e-08
43500.056 1.2096682686172519e-08
43550.056 1.4546639338282556e-08
43600.056 2.662876908880409e-08
43650.056 1.6487721394520166e-08
43700.056 3.025440776120958e-08
43750.056 2.8519516695995956e-08
43800.056 2.4819301065995896e-08
43850.056 2.156949358910092e-08
43900.056 1.5949181533538223e-08
43950.056 9.653092507699138e-09
44000.056 1.0935923056168692e-08
44050.056 3.0617585274499516e-08
44100.056 3.7736232645398444e-08
44150.056 3.412596459643962e-08
44200.056 3.195584254590068e-08
44250.056 1.5532968504198315e-08
44300.056 1.28111586479018e-08
44350.056 1.34940075304248e-08
44400.056 1.1773901891858505e-08
44450.056 2.4426061125301388e-08
44500.056 2.3018752226483547e-08
44550.056 3.2686074287797995e-08
44600.056 2.7191672213358607e-08
44650.056 2.3120229391203707e-08
44700.056 1.576564614899874e-08
44750.056 2.85753886695063e-08
44800.056 1.624109689254136e-08
44850.056 2.1365054986941913e-08
44900.056 2.1655819307981376e-08
44950.056 2.648212965700393e-08
45000.056 3.315649959400186e-08
45050.056 2.7061754413795446e-08
45100.056 2.3986613301699316e-08
45150.056 1.99730652361052e-08
45200.056 1.5885754186951337e-08
45250.056 1.941686781327418e-08
45300.056 1.8379783204362792e-08
45350.056 1.2724117754904659e-08
45400.056 4.2214599065005814e-08
45450.056 3.043875193540286e-08
45500.056 4.165794205510304e-08
45550.056 4.1898024796786645e-08
45600.056 3.361530368000737e-08
45650.056 2.773102273920036e-08
45700.056 1.7481280264298198e-08
45750.056 1.664630024927141e-08
45800.056 4.259510064110151e-08
45850.056 2.967198303109912e-08
45900.056 4.328850968179556e-08
45950.056 4.0578314941799287e-08
46000.056 3.996437868040429e-08
46050.056 2.8448537213604832e-08
46100.056 5.19623107949955e-08
46150.056 2.85364503857019e-08
46200.056 2.283397656880573e-08
46250.056 8.376987727832104e-09
46300.056 2.783618443660003e-08
46350.056 2.8357138536904802e-08
46400.056 2.6197233280600172e-08
46450.056 2.459761575911098e-08
46500.056 2.8709774154636056e-08
46550.056 1.3048071148250472e-08
46600.056 2.030074882584903e-08
46650.056 3.314092908300223e-08
46700.056 2.1285453218393956e-08
46750.056 9.222155836611798e-09
46800.056 5.567813126470062e-09
46850.056 3.0883995529605275e-08
46900.056 3.390138314179899e-08
46950.056 3.512940585329744e-08
47000.056 3.4370053542805106e-08
47050.056 2.200783438814972e-08
47100.056 1.5840665472572425e-08
47150.056 2.737848717930311e-08
47200.056 2.941810676079731e-08
47250.056 1.477855127342799e-08
47300.056 9.49734155632722e-09
47350.056 3.3830519747802286e-08
47400.056 3.0862988333396336e-08
47450.056 2.1506770102183386e-08
47500.056 3.637285229415908e-08
47550.056 3.26994233750024e-08
47600.056 2.729179295104752e-08
47650.056 3.019989198121542e-08
47700.056 2.2400507337226817e-08
47750.056 1.6621816427100772e-08
47800.056 1.23932132447021e-08
47850.056 5.158634107590216e-09
47900.056 9.22445757458945e-09
47950.056 2.509817250980165e-08
48000.056 3.52434057460007e-08
48050.056 2.7599584532141374e-08
48100.056 1.107503728011368e-08
48150.056 2.301311778890079e-08
48200.056 1.2841820476271255e-08
48250.056 1.7474443388748733e-08
48300.056 3.4095767624997486e-08
48350.056 1.8340272458697376e-08
48400.056 3.6660274213348955e-09
48450.056 7.830102719976074e-09
48500.056 1.4760713315596279e-08
48550.056 1.6944498111663853e-08
48600.056 2.7443850280898035e-08
48650.056 3.572604938299622e-08
48700.056 2.2017020615204352e-08
48750.056 1.719933592890537e-08
48800.056 3.007874046150066e-08
48850.056 1.4354794438607622e-08
48900.056 1.607766243653807e-08
48950.056 7.853642488599918e-09
49000.056 4.17373527467755e-09
49050.056 1.6066549059907794e-08
49100.056 2.333765738966459e-08
49150.056 1.7264918442056175e-08
49200.056 3.0631967639005605e-08
49250.056 3.1024859502600465e-08
49300.056 2.5009437728599655e-08
49350.056 8.13611542921208e-09
49400.056 1.2832097148075907e-08
49450.056 1.1481917107922857e-08
49500.056 8.314495033367602e-09
49550.056 1.304773040337039e-09
49600.056 4.298859456166899e-09
49650.056 1.4422401233101937e-08
49700.056 1.6926897793693982e-08
49750.056 1.4108008564310587e-08
49800.056 8.214630841272282e-09
49850.056 2.1997634445723727e-08
49900.056 1.935295262919823e-08
49950.056 1.97549263883006e-08
50000.056 1.1657821864289852e-08
50050.056 1.486329141784086e-08
50100.056 1.1921392211698981e-08
50150.056 4.519683987010965e-09
50200.056 5.514416855784656e-10
50250.056 4.478863585699955e-09
50300.056 2.8039473415876187e-09
50350.056 1.3977150552502714e-08
50400.056 1.628299043335698e-08
50450.056 1.3258150147561886e-08
50500.056 2.126234211492061e-08
50550.056 1.8069456916301718e-08
50600.056 1.2485111054536658e-08
50650.056 2.3110054117603193e-08
50700.056 2.0495596259196887e-08
50750.056 1.1702248535900672e-08
50800.056 2.949045874841336e-09
50850.056 1.2483411763576604e-09
50900.056 1.114173791540113e-08
50950.056 1.1234239475398605e-08
51000.056 8.058822013504758e-09
51050.056 1.4929367392598145e-08
51100.056 4.670970052723172e-09
51150.056 4.412001264594445e-09
51200.056 1.7850319250999897e-08
51250.056 1.2974552391944123e-08
51300.056 8.344468654263057e-09
51350.056 6.449519111965923e-09
51400.056 1.426140905326296e-09
51450.056 1.2258181170132403e-09
51500.056 1.256709288081953e-09
51550.056 6.163624437741365e-09
51600.056 6.252911865941955e-09
51650.056 9.591052794799838e-09
51700.056 9.183560213157558e-09
51750.056 5.537984181121313e-09
51800.056 1.1965368472998641e-08
51850.056 9.383153800199234e-09
51900.056 9.417444314899338e-09
51950.056 4.3793826938995035e-09
52000.056 3.1828621810488037e-10
52050.056 2.091491175570265e-09
52100.056 1.0193113865057805e-09
52150.056 5.069834065268249e-10
52200.056 2.538084697569969e-09
52250.056 4.524416876651238e-09
52300.056 5.187524348419621e-09
52350.056 1.2186354955736253e-09
52400.056 1.4274395529220054e-09
52450.056 7.430515443700508e-09
52500.056 4.914783204506715e-09
52550.056 7.527295178399627e-09
52600.056 6.100428905099824e-09
52650.056 7.35826632964034e-09
52700.056 4.7147561233395275e-09
52750.056 1.1745131721711673e-09
52800.056 2.775238234410543e-09
52850.056 3.280371191819187e-09
52900.056 9.10144311521048e-10
52950.056 1.8594039081283093e-09
53000.056 4.161893496000891e-09
53050.056 1.3187552546935759e-09
53100.056 6.002427493199424e-09
53150.056 5.812481077645517e-09
53200.056 2.7937220770374844e-09
53250.056 4.8058675857572205e-09
53300.056 6.12728093904569e-09
53350.056 4.508803605344375e-09
53400.056 2.6035294429990876e-09
53450.056 6.97823979594729e-10
53500.056 9.257656794646826e-11
53550.056 2.5664414841341003e-10
