galfind/configs/Brown_Dwarf_templates/sonora_bobcat/m0.0/31g/sp_t950g31nc_m0.0_resample.dat
# %ECSV 1.0
# ---
# datatype:
# - {name: wav, unit: Angstrom, datatype: float64}
# - {name: flux_nu, unit: erg / (cm2 Hz s), datatype: float64}
# meta: {C/O: '1.00', Kzz: '1.0000E+05', Teff: '950.', Y: '0.28', '[Fe/H]': '0.00', f_hole: '1.00', f_rain: '0.00', grav: '32.'}
# schema: astropy-2.0
wav flux_nu
[from data line 499]
28950.056 1.3364284868963745e-07
29000.056 1.0691187445922536e-07
29050.056 1.1329863570484523e-07
29100.056 8.370825666512299e-08
29150.056 1.373501364592984e-07
29200.056 1.0416034894940747e-07
29250.056 1.437915023667357e-07
29300.056 8.92279554163497e-08
29350.056 1.8881466815056958e-07
29400.056 1.1477423357211405e-07
29450.056 1.2731794008390353e-07
29500.056 1.380321189221772e-07
29550.056 1.2364182476355477e-07
29600.056 1.42666266316447e-07
29650.056 1.4135913932688266e-07
29700.056 1.0582675010836093e-07
29750.056 1.463579536282381e-07
29800.056 1.51341825228605e-07
29850.056 1.559548358254598e-07
29900.056 1.4084120752309258e-07
29950.056 1.484465835925435e-07
30000.056 1.0437684177851625e-07
30050.056 1.0860933382280011e-07
30100.056 9.76513161621637e-08
30150.056 1.510593829378817e-07
30200.056 1.1482396613180042e-07
30250.056 1.6106970482054383e-07
30300.056 1.3525769145501381e-07
30350.056 1.1666677005540712e-07
30400.056 1.3810934938750027e-07
30450.056 1.0399218029661467e-07
30500.056 8.297431004800771e-08
30550.056 8.976760861140244e-08
30600.056 1.003357406089943e-07
30650.056 8.136831722497819e-08
30700.056 8.146264917978252e-08
30750.056 7.807285546908718e-08
30800.056 6.593643410131299e-08
30850.056 6.094652512067073e-08
30900.056 5.755789977289044e-08
30950.056 5.31938206276153e-08
31000.056 4.6339154366002386e-08
31050.056 4.7208734167002886e-08
31100.056 3.721046494989518e-08
31150.056 4.3104445753897605e-08
31200.056 4.6327046418008566e-08
31250.056 3.4087451743392465e-08
31300.056 3.340214758022473e-08
31350.056 3.299029165268009e-08
31400.056 2.650634265590037e-08
31450.056 2.7992909811595093e-08
31500.056 2.306314535789344e-08
31550.056 2.5797691662558523e-08
31600.056 2.0237981815648943e-08
31650.056 1.9275817571891647e-08
31700.056 1.900395911119655e-08
31750.056 1.657860813338726e-08
31800.056 2.0043583113097765e-08
31850.056 1.7391405966012274e-08
31900.056 1.953298488229806e-08
31950.056 1.2693771966400692e-08
32000.056 1.6562488179798125e-08
32050.056 1.7889359804100517e-08
32100.056 1.7718247820304055e-08
32150.056 1.8057660895597227e-08
32200.056 1.6102275462200855e-08
32250.056 2.007831893800264e-08
32300.056 1.6000062254099525e-08
32350.056 2.118315445239591e-08
32400.056 1.5351982740095436e-08
32450.056 1.960771222919325e-08
32500.056 1.894942159530305e-08
32550.056 1.750913205599796e-08
32600.056 2.1264703330601413e-08
32650.056 2.936025688979534e-08
32700.056 2.5198173762504833e-08
32750.056 2.842980600490452e-08
32800.056 2.6816614248303828e-08
32850.056 2.9801863234295137e-08
32900.056 3.375958627029412e-08
32950.056 3.4892121710897185e-08
33000.056 2.892751895628948e-08
33050.056 2.7079995269516566e-08
33100.056 1.4638020801597167e-08
33150.056 7.390473034000284e-09
33200.056 5.829179245099155e-09
33250.056 3.412247687099155e-09
33300.056 3.732810163300698e-09
33350.056 5.815527172700166e-09
33400.056 8.033328954396891e-09
33450.056 1.1246917486999297e-08
33500.056 1.666798940110881e-08
33550.056 1.6100606448206882e-08
33600.056 2.3970451470696656e-08
33650.056 2.4264825343095188e-08
33700.056 2.1905442590495723e-08
33750.056 2.9401731193506574e-08
33800.056 2.7211374279503192e-08
33850.056 2.9597169393296424e-08
33900.056 2.4598191892600108e-08
33950.056 2.4707377184196928e-08
34000.056 3.072585566881164e-08
34050.056 1.9502075171589955e-08
34100.056 3.0743379009997455e-08
34150.056 2.6362068696799038e-08
34200.056 2.488994062288954e-08
34250.056 2.6392968050483508e-08
34300.056 2.463113465798721e-08
34350.056 2.058314472269953e-08
34400.056 1.9916467149096107e-08
34450.056 2.5366646138492978e-08
34500.056 2.4131782202202558e-08
34550.056 2.140534858530211e-08
34600.056 3.01381513121972e-08
34650.056 2.393960367460023e-08
34700.056 2.6448615079497867e-08
34750.056 2.7071419159291497e-08
34800.056 2.536988056609141e-08
34850.056 2.6276579566209562e-08
34900.056 2.988407857118935e-08
34950.056 3.059606280089307e-08
35000.056 4.135731124381269e-08
35050.056 2.8157872814595498e-08
35100.056 3.399750490120422e-08
35150.056 3.20704030200048e-08
35200.056 3.577790659539565e-08
35250.056 4.372057865498675e-08
35300.056 3.793170433200783e-08
35350.056 3.613777668208712e-08
35400.056 4.010052450410179e-08
35450.056 2.8729104283314375e-08
35500.056 5.05528157058001e-08
35550.056 4.8870808064790026e-08
35600.056 4.122461544731994e-08
35650.056 4.7013662224995024e-08
35700.056 4.377679187169181e-08
35750.056 5.371489474378989e-08
35800.056 7.039424292379976e-08
35850.056 4.513865902249237e-08
35900.056 5.8047325352500614e-08
35950.056 5.385540075598709e-08
36000.056 5.506419607701034e-08
36050.056 5.134461728098234e-08
36100.056 5.597294129676633e-08
36150.056 5.710418762098566e-08
36200.056 6.080723239098275e-08
36250.056 5.936681544977649e-08
36300.056 6.720265612970313e-08
36350.056 6.557732904240736e-08
36400.056 6.315353558099139e-08
36450.056 7.78291666937088e-08
36500.056 8.129437399229477e-08
36550.056 7.986865123902182e-08
36600.056 9.427207377100165e-08
36650.056 9.406404798547746e-08
36700.056 1.008464691711834e-07
36750.056 1.0679319009906193e-07
36800.056 1.057850970739999e-07
36850.056 1.031114753669752e-07
36900.056 1.0861557607178348e-07
36950.056 1.2311152764898024e-07
37000.056 1.1870350452399007e-07
37050.056 1.1507385253598315e-07
37100.056 1.322585927344986e-07
37150.056 1.1135616583419587e-07
37200.056 1.2881457588698521e-07
37250.056 1.359928226199766e-07
37300.056 1.2005450491844712e-07
37350.056 1.215119393380278e-07
37400.056 1.7403467148199503e-07
37450.056 1.4131681727080484e-07
37500.056 1.411802061018815e-07
37550.056 1.6068683599109925e-07
37600.056 1.7237738187800964e-07
37650.056 1.404578050659947e-07
37700.056 1.9269656216002188e-07
37750.056 1.5142984754199177e-07
37800.056 1.5985708040511068e-07
37850.056 1.30972056031508e-07
37900.056 1.4065622061705272e-07
37950.056 1.63109516479759e-07
38000.056 1.9656923693600783e-07
38050.056 1.9412289242503584e-07
38100.056 1.778192986310459e-07
38150.056 2.1602394704898696e-07
38200.056 2.2498482288505942e-07
38250.056 2.1681480990302047e-07
38300.056 2.6348274762497134e-07
38350.056 2.730270721470206e-07
38400.056 1.9425967262493572e-07
38450.056 2.1001465640396485e-07
38500.056 1.5894611819001853e-07
38550.056 2.2309998455404468e-07
38600.056 2.3465218365202238e-07
38650.056 2.2079624674897057e-07
38700.056 2.3782490026098131e-07
38750.056 2.6079241990701647e-07
38800.056 2.2369989045882078e-07
38850.056 2.2333855605302203e-07
38900.056 2.87766163139039e-07
38950.056 2.5435036493596807e-07
39000.056 2.7307978131599327e-07
39050.056 2.5318387102897393e-07
39100.056 2.725492620670414e-07
39150.056 2.6942179579800217e-07
39200.056 2.899281923859858e-07
39250.056 3.151335664949174e-07
39300.056 2.698356498468659e-07
39350.056 3.360615403720071e-07
39400.056 3.092341961700918e-07
39450.056 3.1432918848998903e-07
39500.056 2.9889839867807086e-07
39550.056 3.231079733665561e-07
39600.056 3.3390357700188454e-07
39650.056 3.537377656459918e-07
39700.056 3.4567545644302543e-07
39750.056 3.0509163590706867e-07
39800.056 3.48897296415882e-07
39850.056 3.8945020206999295e-07
39900.056 3.79691271030039e-07
39950.056 3.591859374298898e-07
40000.056 4.428065898240989e-07
40050.056 3.9066750956201595e-07
40100.056 3.5999764829360283e-07
40150.056 4.136843152239294e-07
40200.056 4.1954644052384914e-07
40250.056 3.9465166355987406e-07
40300.056 3.9868057466007116e-07
40350.056 4.2974838632400293e-07
40400.056 4.6607806776158625e-07
40450.056 4.450009555541076e-07
40500.056 4.486138770300078e-07
40550.056 4.606080595239304e-07
40600.056 4.4763335235006387e-07
40650.056 4.2083355268088946e-07
40700.056 5.21967459079996e-07
40750.056 4.6516664823991705e-07
40800.056 4.01747990887833e-07
40850.056 5.193805550601284e-07
40900.056 4.822374178000425e-07
40950.056 4.6558086652803323e-07
41000.056 4.852658417200245e-07
41050.056 5.480388841099545e-07
41100.056 4.771637358400285e-07
41150.056 4.149396739229435e-07
41200.056 5.328552909999425e-07
41250.056 4.73214426188957e-07
41300.056 4.4013545348989235e-07
41350.056 5.692897751000811e-07
41400.056 5.293569752460938e-07
41450.056 5.39140471430133e-07
41500.056 4.799382738510038e-07
41550.056 4.877045182210572e-07
41600.056 5.704316120140578e-07
41650.056 5.452493635700473e-07
41700.056 4.996829722218235e-07
41750.056 5.261075389399787e-07
41800.056 5.609656304599335e-07
41850.056 4.3410419565104157e-07
41900.056 4.936713094909322e-07
41950.056 4.50489581858109e-07
42000.056 4.619155453200149e-07
42050.056 4.2028863179396916e-07
42100.056 5.474272013900387e-07
42150.056 4.2020852384992294e-07
42200.056 4.121778570069904e-07
42250.056 4.118772230998985e-07
42300.056 3.9334996994401113e-07
42350.056 4.83234472790088e-07
42400.056 4.2305062329013325e-07
42450.056 3.9435632062002376e-07
42500.056 3.9395729294501246e-07
42550.056 3.941531948019438e-07
42600.056 3.9143845050410547e-07
42650.056 4.1628141015384405e-07
42700.056 4.135712497170601e-07
42750.056 3.795753057599729e-07
42800.056 3.901511938470829e-07
42850.056 4.46249716929854e-07
42900.056 4.4856264708010635e-07
42950.056 4.0236305897083215e-07
43000.056 4.3272530411600587e-07
43050.056 3.4501604420717896e-07
43100.056 4.079701371199528e-07
43150.056 3.919889659780687e-07
43200.056 4.4248756346003015e-07
43250.056 4.643798818399897e-07
43300.056 4.7597968544000574e-07
43350.056 3.8697834840693705e-07
43400.056 4.1847928997295587e-07
43450.056 3.996063023990678e-07
43500.056 3.753499645629649e-07
43550.056 3.978365208470799e-07
43600.056 4.819580752540338e-07
43650.056 4.086390037120096e-07
43700.056 4.3473997853001145e-07
43750.056 4.3804374027710856e-07
43800.056 4.0729960096795276e-07
43850.056 3.980492534500755e-07
43900.056 4.2649534076994326e-07
43950.056 3.4752847786801106e-07
44000.056 3.393576889470057e-07
44050.056 4.265509618100422e-07
44100.056 4.7107898402003257e-07
44150.056 4.4024581006390126e-07
44200.056 4.27934541663997e-07
44250.056 3.838625505680077e-07
44300.056 3.5906429929907115e-07
44350.056 3.6790597587507697e-07
44400.056 3.942188553450041e-07
44450.056 4.1482972424496814e-07
44500.056 4.3431066753009944e-07
44550.056 4.543634733999227e-07
44600.056 3.918810224300604e-07
44650.056 4.3780529702608773e-07
44700.056 3.579557327300172e-07
44750.056 4.244538888279972e-07
44800.056 4.034862281840264e-07
44850.056 4.157254784000768e-07
44900.056 3.7363227798902986e-07
44950.056 3.955293674120261e-07
45000.056 4.170004202599553e-07
45050.056 4.1535061993e-07
45100.056 4.154930735579909e-07
45150.056 4.077518229349666e-07
45200.056 3.6634492795402836e-07
45250.056 3.8780982810989547e-07
45300.056 3.6916091904805404e-07
45350.056 3.8048394967596136e-07
45400.056 4.378820240380379e-07
45450.056 3.946564263199449e-07
45500.056 4.0643420867999036e-07
45550.056 4.465894176999086e-07
45600.056 4.355952748200181e-07
45650.056 3.6230273719893054e-07
45700.056 3.94344714255057e-07
45750.056 3.618073179499821e-07
45800.056 4.2342892769999327e-07
45850.056 4.619157243699894e-07
45900.056 4.7057489137001074e-07
45950.056 4.016381100670007e-07
46000.056 4.538659555150131e-07
46050.056 4.224717660490339e-07
46100.056 4.2777870279000003e-07
46150.056 4.058470709849803e-07
46200.056 4.0888990245006955e-07
46250.056 3.3728136567895635e-07
46300.056 4.4278217584598353e-07
46350.056 4.02072992870007e-07
46400.056 4.001522122800012e-07
46450.056 3.9794228915005847e-07
46500.056 3.883869371350411e-07
46550.056 4.1009416668197536e-07
46600.056 4.198483023520008e-07
46650.056 5.307069119799317e-07
46700.056 4.600943294100902e-07
46750.056 3.5305001702798365e-07
46800.056 3.4670332872403974e-07
46850.056 5.021356049500979e-07
46900.056 4.5942118274993335e-07
46950.056 4.835030980600224e-07
47000.056 4.2355318153000826e-07
47050.056 4.529707382318511e-07
47100.056 3.494418303930578e-07
47150.056 3.9106966795102983e-07
47200.056 4.4577838301004737e-07
47250.056 3.812390941299875e-07
47300.056 3.392819823069627e-07
47350.056 4.2248800250994716e-07
47400.056 4.5690220625993623e-07
47450.056 4.2227266615901706e-07
47500.056 4.715954332409173e-07
47550.056 4.203654740499827e-07
47600.056 4.337662577499611e-07
47650.056 3.58853155873917e-07
47700.056 4.4107951854709596e-07
47750.056 3.110317412170298e-07
47800.056 4.014162836919918e-07
47850.056 3.085877586049769e-07
47900.056 3.870013120959582e-07
47950.056 3.5329441606604585e-07
48000.056 4.953467237300635e-07
48050.056 4.3554983206002984e-07
48100.056 3.684346221940114e-07
48150.056 3.9992600014004187e-07
48200.056 4.1085632503402714e-07
48250.056 3.783861646500013e-07
48300.056 4.6073959462983945e-07
48350.056 3.3007869555602533e-07
48400.056 3.132793266619698e-07
48450.056 3.7278863839410185e-07
48500.056 4.752267504799637e-07
48550.056 3.5718338488199653e-07
48600.056 4.2034673163000106e-07
48650.056 3.884565437099683e-07
48700.056 4.0322834513199253e-07
48750.056 3.0047520515011687e-07
48800.056 5.053957175839953e-07
48850.056 3.350664108249323e-07
48900.056 4.5970393474001605e-07
48950.056 3.980466032300544e-07
49000.056 2.899696258939266e-07
49050.056 4.1637930877999135e-07
49100.056 4.14577102719072e-07
49150.056 3.9811428264802725e-07
49200.056 4.374577094100309e-07
49250.056 4.383047924400515e-07
49300.056 3.829570544339933e-07
49350.056 3.1427912776004175e-07
49400.056 3.9421989659998476e-07
49450.056 3.757716789011224e-07
49500.056 3.4497803556696555e-07
49550.056 2.5526626212502564e-07
49600.056 3.4020657198808257e-07
49650.056 3.7326943098199283e-07
49700.056 3.3677404104290763e-07
49750.056 4.2143512953989537e-07
49800.056 3.5669622588202645e-07
49850.056 4.7391037874010344e-07
49900.056 3.810704753559949e-07
49950.056 3.8848675092596956e-07
50000.056 3.6951692621995795e-07
50050.056 4.1574242052001013e-07
50100.056 3.763592723850058e-07
50150.056 2.851257747299739e-07
50200.056 1.8808869093100512e-07
50250.056 3.754147443999551e-07
50300.056 3.1680964100701307e-07
50350.056 4.428127643920274e-07
50400.056 3.777778352539768e-07
50450.056 3.3084910297606455e-07
50500.056 3.9756370773005867e-07
50550.056 3.588752281600127e-07
50600.056 3.533210876469407e-07
50650.056 4.0740414242010314e-07
50700.056 4.341757784298399e-07
50750.056 3.984981242840738e-07
50800.056 2.6516481378397724e-07
50850.056 2.761513862830826e-07
50900.056 4.247615951600079e-07
50950.056 3.5473600880507775e-07
51000.056 4.0721163810604055e-07
51050.056 3.445357242060174e-07
51100.056 2.519898854109717e-07
51150.056 3.3322752697394935e-07
51200.056 4.38846810719981e-07
51250.056 3.494140558469063e-07
51300.056 3.021544740101648e-07
51350.056 3.13018748317981e-07
51400.056 2.217710843449787e-07
51450.056 1.901602183179445e-07
51500.056 2.2868546664706873e-07
51550.056 4.122441645660387e-07
51600.056 2.9914560597805007e-07
51650.056 3.0878598584794075e-07
51700.056 3.1650983306591917e-07
51750.056 2.500620650550407e-07
51800.056 3.4740553325390846e-07
51850.056 3.362185109769969e-07
51900.056 4.240976495581116e-07
51950.056 3.5417841881996357e-07
52000.056 1.8804233150097956e-07
52050.056 3.05611596040036e-07
52100.056 2.3569697335995812e-07
52150.056 2.2648715330501437e-07
52200.056 2.2503104294199386e-07
52250.056 2.71605210543036e-07
52300.056 3.71994849899971e-07
52350.056 3.116814894610235e-07
52400.056 2.1491955973700965e-07
52450.056 3.273204959100192e-07
52500.056 3.2874165698891397e-07
52550.056 3.506384551918929e-07
52600.056 2.9780018786806056e-07
52650.056 3.1920367671707564e-07
52700.056 2.913664528169994e-07
52750.056 2.0963523122398582e-07
52800.056 2.578638574560363e-07
52850.056 2.59226206253925e-07
52900.056 2.5532092340403445e-07
52950.056 2.661364840539849e-07
53000.056 3.3227236172699216e-07
53050.056 2.1072700569691464e-07
53100.056 2.465493759449205e-07
53150.056 3.650275403100391e-07
53200.056 2.0361818146699522e-07
53250.056 3.4819058750002764e-07
53300.056 3.401805850651799e-07
53350.056 3.3329927687397476e-07
53400.056 3.305521185100356e-07
53450.056 2.0826767450000607e-07
53500.056 1.4614033484995087e-07
53550.056 2.2029782784895276e-07
