galfind/configs/Brown_Dwarf_templates/sonora_bobcat/m0.0/31g/sp_t525g31nc_m0.0_resample.dat
# %ECSV 1.0
# ---
# datatype:
# - {name: wav, unit: Angstrom, datatype: float64}
# - {name: flux_nu, unit: erg / (cm2 Hz s), datatype: float64}
# meta: {C/O: '1.00', Kzz: '1.0000E+05', Teff: '525.', Y: '0.28', '[Fe/H]': '0.00', f_hole: '1.00', f_rain: '0.00', grav: '32.'}
# schema: astropy-2.0
wav flux_nu
[from data line 498]
28900.056 8.615227361455081e-10
28950.056 1.5903778693444669e-09
29000.056 1.1272684590092801e-09
29050.056 1.6054544144722215e-09
29100.056 9.580119338301428e-10
29150.056 1.2832564789288398e-09
29200.056 1.5439825597345343e-09
29250.056 2.5294812263227497e-09
29300.056 1.0179176687556022e-09
29350.056 3.198494255338545e-09
29400.056 1.5235241032676722e-09
29450.056 1.4596667872651818e-09
29500.056 2.4107494362586184e-09
29550.056 1.3719449908121735e-09
29600.056 1.9476560506203328e-09
29650.056 3.268638436590228e-09
29700.056 1.2562414320803007e-09
29750.056 2.6949497299672928e-09
29800.056 2.527632093124461e-09
29850.056 2.9674393857168623e-09
29900.056 2.224387331554404e-09
29950.056 2.3659235088606002e-09
30000.056 9.619907356772606e-11
30050.056 3.3008899862461587e-10
30100.056 8.77396596451904e-10
30150.056 2.1119688185520363e-09
30200.056 1.6772154629644792e-09
30250.056 3.6677882667466587e-09
30300.056 4.549870397451804e-09
30350.056 2.0391089792410738e-09
30400.056 4.483991759301726e-09
30450.056 2.672514622331574e-09
30500.056 2.725432597361817e-09
30550.056 2.3818154771637347e-09
30600.056 5.005530937295671e-09
30650.056 3.062083081766919e-09
30700.056 2.291541291595126e-09
30750.056 3.990804607076498e-09
30800.056 2.5911996460581876e-09
30850.056 2.9788610269656062e-09
30900.056 1.637407716182896e-09
30950.056 2.0466917376481944e-09
31000.056 1.9177425068927753e-09
31050.056 1.7073515597064868e-09
31100.056 1.095685495519223e-09
31150.056 1.899628414150143e-09
31200.056 2.816219646445393e-09
31250.056 1.979557121581357e-09
31300.056 1.3246660076862724e-09
31350.056 2.043794328799473e-09
31400.056 1.4844041397557846e-09
31450.056 1.5270154041358676e-09
31500.056 8.152656373333473e-10
31550.056 1.1263065116852502e-09
31600.056 7.026090426105584e-10
31650.056 7.585120530602589e-10
31700.056 7.894033637855005e-10
31750.056 4.0778281684120555e-10
31800.056 7.907453226889395e-10
31850.056 2.386542855100069e-10
31900.056 4.459371919906e-10
31950.056 2.7708833973518146e-10
32000.056 2.9435533755745195e-10
32050.056 4.0023586058974583e-10
32100.056 3.6349084616798874e-10
32150.056 4.3757443680602394e-10
32200.056 2.366715532497821e-10
32250.056 5.698935756642584e-10
32300.056 2.3335137990102585e-10
32350.056 5.162427770597291e-10
32400.056 1.7565759544863059e-10
32450.056 4.4114386510539066e-10
32500.056 2.1050192269417287e-10
32550.056 3.3447760137061204e-10
32600.056 2.9432027287220087e-10
32650.056 8.937526527034085e-10
32700.056 3.995025862554924e-10
32750.056 1.2575441062787984e-09
32800.056 8.588909723612527e-10
32850.056 1.6473457327937143e-09
32900.056 1.5119565880281116e-09
32950.056 1.7765495802193146e-09
33000.056 9.784740643139102e-10
33050.056 1.2652814851145528e-09
33100.056 3.3676853819134284e-10
33150.056 1.184085655299361e-12
33200.056 1.1498701014980703e-11
33250.056 8.81337741269256e-12
33300.056 3.614492947838939e-11
33350.056 1.17408023541315e-10
33400.056 3.4701781800852123e-10
33450.056 3.88729626742312e-10
33500.056 1.1164874410320897e-09
33550.056 3.633546678032966e-10
33600.056 9.731135049072457e-10
33650.056 8.898771076898227e-10
33700.056 5.291356203570389e-10
33750.056 1.2964895320411634e-09
33800.056 3.2121469494867623e-10
33850.056 8.027806997776476e-10
33900.056 7.53074692950999e-10
33950.056 6.35947785740133e-10
34000.056 1.2357075738952754e-09
34050.056 2.805654292092039e-10
34100.056 1.1053448724004455e-09
34150.056 6.112937945614432e-10
34200.056 1.1021533233058131e-09
34250.056 8.02145067744852e-10
34300.056 7.566073017727807e-10
34350.056 9.491486422736636e-10
34400.056 4.732407339083042e-10
34450.056 1.0828916263346806e-09
34500.056 7.470387604860659e-10
34550.056 4.2376517666532653e-10
34600.056 1.4887455133294015e-09
34650.056 4.989325457757522e-10
34700.056 1.2836606049326042e-09
34750.056 8.942996181103736e-10
34800.056 8.155807431920446e-10
34850.056 1.4827193699047108e-09
34900.056 8.709185100168005e-10
34950.056 1.5591067006369812e-09
35000.056 3.033944337166967e-09
35050.056 1.2909898043938317e-09
35100.056 2.621338708445974e-09
35150.056 2.0171173096246333e-09
35200.056 2.212940983323724e-09
35250.056 3.4106345216584902e-09
35300.056 1.9000005058889066e-09
35350.056 2.1318974622847886e-09
35400.056 2.1769821479843825e-09
35450.056 1.5654188466102306e-09
35500.056 4.859179724234164e-09
35550.056 3.5189509367325627e-09
35600.056 3.0847748217442735e-09
35650.056 3.194708860895787e-09
35700.056 3.3211955431338007e-09
35750.056 4.860514687416449e-09
35800.056 5.618576177687623e-09
35850.056 2.3728434133053074e-09
35900.056 3.270405629024541e-09
35950.056 3.6042524176073766e-09
36000.056 3.989234066011546e-09
36050.056 2.956160878875093e-09
36100.056 2.9655492292436604e-09
36150.056 4.646011158460622e-09
36200.056 5.07375550911296e-09
36250.056 4.030701958798645e-09
36300.056 6.9247710354429925e-09
36350.056 4.882507974542738e-09
36400.056 6.262708356523382e-09
36450.056 7.3779134694093155e-09
36500.056 8.480437510608096e-09
36550.056 8.856545184517548e-09
36600.056 1.0545123794591877e-08
36650.056 8.737331063683615e-09
36700.056 9.635000286463841e-09
36750.056 1.128644438120923e-08
36800.056 1.1777065047529276e-08
36850.056 8.340496546026075e-09
36900.056 1.2373394362163906e-08
36950.056 1.261919357537651e-08
37000.056 9.954842166736429e-09
37050.056 1.25740270822493e-08
37100.056 1.2407861819409628e-08
37150.056 9.830287802422493e-09
37200.056 1.4708838681514182e-08
37250.056 1.1879468492698621e-08
37300.056 9.879737915634123e-09
37350.056 1.3680415448034453e-08
37400.056 2.029727044853686e-08
37450.056 1.099828271140474e-08
37500.056 1.2649923237142199e-08
37550.056 1.8344776411708525e-08
37600.056 2.350523855605813e-08
37650.056 1.0916124100844293e-08
37700.056 2.0985886778558215e-08
37750.056 1.3575688112451504e-08
37800.056 1.4417525448518171e-08
37850.056 8.177686695542737e-09
37900.056 1.1182372177653686e-08
37950.056 1.8028700814873448e-08
38000.056 1.9257445791184873e-08
38050.056 2.1591749219902622e-08
38100.056 2.3672087529159835e-08
38150.056 2.6589995776939942e-08
38200.056 2.618439055991175e-08
38250.056 2.4844010370605095e-08
38300.056 3.6488204923889284e-08
38350.056 3.5862117250413374e-08
38400.056 1.756344436239542e-08
38450.056 1.3877167621192413e-08
38500.056 8.758060313723104e-09
38550.056 1.975291456747731e-08
38600.056 2.0001852865323345e-08
38650.056 2.0580378139505212e-08
38700.056 1.8183931750932126e-08
38750.056 2.0863836804549068e-08
38800.056 2.0411206259066194e-08
38850.056 2.182221677482447e-08
38900.056 2.9442157308288547e-08
38950.056 2.0455732047665467e-08
39000.056 2.8546792240805588e-08
39050.056 2.0730629917828543e-08
39100.056 2.709883382574316e-08
39150.056 3.0104770295446736e-08
39200.056 2.6593691646375316e-08
39250.056 3.607993795999864e-08
39300.056 2.5156503590616068e-08
39350.056 4.2920972775141544e-08
39400.056 2.7263078594197986e-08
39450.056 3.5182214335458034e-08
39500.056 3.692879760725488e-08
39550.056 2.754850468707379e-08
39600.056 3.725026100889046e-08
39650.056 4.113999107520747e-08
39700.056 4.021793532112822e-08
39750.056 2.750670628772393e-08
39800.056 3.163993171166043e-08
39850.056 5.015070501520442e-08
39900.056 5.258339821410457e-08
39950.056 3.3013287856550416e-08
40000.056 5.303827700400793e-08
40050.056 4.8051273274895976e-08
40100.056 2.854622230510428e-08
40150.056 4.9058490497018895e-08
40200.056 5.1574419091079706e-08
40250.056 5.5242277651334467e-08
40300.056 5.2558327811100805e-08
40350.056 4.505441623485066e-08
40400.056 5.906121808194681e-08
40450.056 4.009386461536204e-08
40500.056 6.343831904228919e-08
40550.056 6.502413026343231e-08
40600.056 5.6178976450107586e-08
40650.056 4.416991136685076e-08
40700.056 7.629185098589302e-08
40750.056 5.523760002248985e-08
40800.056 4.189135522722196e-08
40850.056 8.67126356446309e-08
40900.056 7.423139937020531e-08
40950.056 6.797462843316678e-08
41000.056 6.202809391236123e-08
41050.056 9.126334669816812e-08
41100.056 7.626864840350465e-08
41150.056 4.332992817793904e-08
41200.056 9.297171226891441e-08
41250.056 6.895467112060896e-08
41300.056 6.856342170246047e-08
41350.056 9.573126055999556e-08
41400.056 8.437535474661084e-08
41450.056 1.0155640285198002e-07
41500.056 7.405690250338091e-08
41550.056 7.169343191245268e-08
41600.056 7.89380820434484e-08
41650.056 9.275679369709882e-08
41700.056 9.389724567295874e-08
41750.056 8.786245106148243e-08
41800.056 1.0017647145962547e-07
41850.056 8.266211390107642e-08
41900.056 8.45141994544303e-08
41950.056 8.280177255601785e-08
42000.056 6.844690345799889e-08
42050.056 7.032411374885126e-08
42100.056 8.941062335303464e-08
42150.056 7.749240436740157e-08
42200.056 7.851878970630118e-08
42250.056 7.242020786184768e-08
42300.056 7.501644978858527e-08
42350.056 9.949745419901158e-08
42400.056 1.0266370278102407e-07
42450.056 9.431876886804112e-08
42500.056 8.774468987778347e-08
42550.056 8.054898456497377e-08
42600.056 8.986832835291168e-08
42650.056 1.291147866109413e-07
42700.056 8.562946118865383e-08
42750.056 9.4783466289705e-08
42800.056 1.2045109364402318e-07
42850.056 1.2635034761895832e-07
42900.056 1.35020847101843e-07
42950.056 1.0935411360997656e-07
43000.056 1.2090187626823427e-07
43050.056 7.48771744019172e-08
43100.056 1.020736567514734e-07
43150.056 9.072020876451397e-08
43200.056 1.2997185313900437e-07
43250.056 1.5874711212400954e-07
43300.056 1.5484853705999264e-07
43350.056 9.449284975797478e-08
43400.056 1.219729071016954e-07
43450.056 9.206031810281258e-08
43500.056 8.757023530831653e-08
43550.056 9.686415063982823e-08
43600.056 1.447327740810195e-07
43650.056 1.0359207814780598e-07
43700.056 1.5477771627003912e-07
43750.056 1.3674876051300268e-07
43800.056 1.2899431782998353e-07
43850.056 1.1029733657700574e-07
43900.056 1.084933233765702e-07
43950.056 7.200901869869625e-08
44000.056 7.163760809669293e-08
44050.056 1.5005641905800465e-07
44100.056 1.89092499237999e-07
44150.056 1.6870370193699806e-07
44200.056 1.477784079259957e-07
44250.056 9.571305706830433e-08
44300.056 8.081670420281495e-08
44350.056 9.321800179041606e-08
44400.056 8.769224072299015e-08
44450.056 1.333752117159768e-07
44500.056 1.3021907699023154e-07
44550.056 1.7722667759397944e-07
44600.056 1.5010448159830488e-07
44650.056 1.3702954022702855e-07
44700.056 9.448154244100223e-08
44750.056 1.4262065941303415e-07
44800.056 1.0634589246045272e-07
44850.056 1.371800013698167e-07
44900.056 1.1695990677480808e-07
44950.056 1.3969452225420813e-07
45000.056 1.512684422160023e-07
45050.056 1.417426256259854e-07
45100.056 1.3052166198739718e-07
45150.056 1.3005669588988868e-07
45200.056 1.0429851199850455e-07
45250.056 1.1728902935875666e-07
45300.056 1.0032641422862122e-07
45350.056 9.725070258002548e-08
45400.056 1.93292836360021e-07
45450.056 1.580262588650092e-07
45500.056 1.8007034821211022e-07
45550.056 1.9100977039193e-07
45600.056 1.8089644419304088e-07
45650.056 1.4404313501749806e-07
45700.056 1.0560333102699868e-07
45750.056 1.0278086735100219e-07
45800.056 2.022049129389941e-07
45850.056 1.7695811100499034e-07
45900.056 2.035045289139871e-07
45950.056 1.6991949797899608e-07
46000.056 1.9056558359251295e-07
46050.056 1.4929459851291295e-07
46100.056 2.1256200512997267e-07
46150.056 1.4202355121351092e-07
46200.056 1.2713547151908963e-07
46250.056 6.545278256986737e-08
46300.056 1.4832494991800216e-07
46350.056 1.5146250411102176e-07
46400.056 1.3237723966600278e-07
46450.056 1.240556089099227e-07
46500.056 1.4606188638523764e-07
46550.056 8.94218381204044e-08
46600.056 1.2697163933508586e-07
46650.056 1.8638851718700718e-07
46700.056 1.243661445939692e-07
46750.056 7.928273737124785e-08
46800.056 5.521267686866672e-08
46850.056 1.882754185960363e-07
46900.056 1.6747304872499214e-07
46950.056 1.6589355003398876e-07
47000.056 1.6194290962103185e-07
47050.056 1.2847884772995488e-07
47100.056 9.037252111913432e-08
47150.056 1.264925373620185e-07
47200.056 1.5091407633599683e-07
47250.056 1.0039274978699117e-07
47300.056 6.902113714530128e-08
47350.056 1.8151043989798782e-07
47400.056 1.5054053678798782e-07
47450.056 1.4481051511042326e-07
47500.056 1.799053460615769e-07
47550.056 1.5678884725701194e-07
47600.056 1.5209651768199756e-07
47650.056 1.489900211659893e-07
47700.056 1.2704695834403365e-07
47750.056 9.552089440200537e-08
47800.056 8.828445940800847e-08
47850.056 5.312052262150997e-08
47900.056 7.675829723908612e-08
47950.056 1.3246900531961508e-07
48000.056 1.862955082600327e-07
48050.056 1.6293185573400505e-07
48100.056 7.790001459861008e-08
48150.056 1.300257903200045e-07
48200.056 9.668438389180128e-08
48250.056 1.0937569539700461e-07
48300.056 1.683351018459646e-07
48350.056 1.039917313630031e-07
48400.056 4.138505833769921e-08
48450.056 8.207871528498508e-08
48500.056 1.200302202589734e-07
48550.056 1.1575235745440894e-07
48600.056 1.3182019719999938e-07
48650.056 1.569261878579801e-07
48700.056 1.1482654347760586e-07
48750.056 7.859957855694339e-08
48800.056 1.5799953539499586e-07
48850.056 9.087815784538393e-08
48900.056 1.337313231800954e-07
48950.056 7.912838040900736e-08
49000.056 4.078574161287042e-08
49050.056 1.1032110978698572e-07
49100.056 1.364803513074276e-07
49150.056 1.0277419614192851e-07
49200.056 1.5780428606403263e-07
49250.056 1.5092047799802161e-07
49300.056 1.302183388477997e-07
49350.056 5.967075971239189e-08
49400.056 8.51530330437789e-08
49450.056 8.93491745207285e-08
49500.056 6.925006077099331e-08
49550.056 2.2070738406752426e-08
49600.056 5.299256266065614e-08
49650.056 9.376288298999824e-08
49700.056 9.442791781616456e-08
49750.056 1.0330230045719027e-07
49800.056 7.430355442966612e-08
49850.056 1.3467890444963487e-07
49900.056 1.0511889807638418e-07
49950.056 1.0649790583500522e-07
50000.056 8.817150444247539e-08
50050.056 1.0726966136200258e-07
50100.056 8.425526054769992e-08
50150.056 4.744635775409005e-08
50200.056 1.2390753860344378e-08
50250.056 6.067768990599328e-08
50300.056 4.090929994164621e-08
50350.056 1.0254512499831264e-07
50400.056 9.534523124838892e-08
50450.056 7.510569678600614e-08
50500.056 1.0627089163701278e-07
50550.056 9.323006194700992e-08
50600.056 7.154874784348037e-08
50650.056 1.1293212891802072e-07
50700.056 1.1439054956096066e-07
50750.056 7.955834091241065e-08
50800.056 3.480961806401421e-08
50850.056 2.3529138541351306e-08
50900.056 9.532794518200007e-08
50950.056 7.472274491500276e-08
51000.056 6.93580710084548e-08
51050.056 8.728429401999185e-08
51100.056 3.791446470144468e-08
51150.056 4.949124322547619e-08
51200.056 1.1541979043899561e-07
51250.056 7.407243010828632e-08
51300.056 5.7178620141828755e-08
51350.056 5.6254039881953725e-08
51400.056 2.418579856356179e-08
51450.056 1.920768589584966e-08
51500.056 1.9652270128452834e-08
51550.056 6.484177983692693e-08
51600.056 4.7236590130014465e-08
51650.056 5.57128359999877e-08
51700.056 6.117606700085418e-08
51750.056 4.15501099965091e-08
51800.056 6.848785014499004e-08
51850.056 5.8636485694394046e-08
51900.056 8.150480341799317e-08
51950.056 5.204592651599332e-08
52000.056 8.471007509516932e-09
52050.056 3.1910555786404725e-08
52100.056 2.1019490339398027e-08
52150.056 1.3864981077738966e-08
52200.056 2.7893189764330197e-08
52250.056 3.9465765315714047e-08
52300.056 5.6799030437796543e-08
52350.056 2.660048724335563e-08
52400.056 2.3525659140512356e-08
52450.056 6.601654364220519e-08
52500.056 5.2953740027765305e-08
52550.056 5.5592415153392944e-08
52600.056 4.257109081619927e-08
52650.056 5.014299480000559e-08
52700.056 3.9205206975698574e-08
52750.056 1.904909638832498e-08
52800.056 3.052263426470388e-08
52850.056 3.391869853678971e-08
52900.056 2.0101786014849425e-08
52950.056 2.7757483060282514e-08
53000.056 4.266295498501157e-08
53050.056 1.8256500566885133e-08
53100.056 4.3018134168688515e-08
53150.056 4.946644602100315e-08
53200.056 2.3505740217768626e-08
53250.056 4.7955176323104144e-08
53300.056 5.8097063739306865e-08
53350.056 4.4697596474601816e-08
53400.056 3.143675024859132e-08
53450.056 1.39027013986957e-08
53500.056 3.498881931644009e-09
