galfind/configs/Brown_Dwarf_templates/sonora_bobcat/m0.0/31g/sp_t575g31nc_m0.0_resample.dat
# %ECSV 1.0
# ---
# datatype:
# - {name: wav, unit: Angstrom, datatype: float64}
# - {name: flux_nu, unit: erg / (cm2 Hz s), datatype: float64}
# meta: {C/O: '1.00', Kzz: '1.0000E+05', Teff: '575.', Y: '0.28', '[Fe/H]': '0.00', f_hole: '1.00', f_rain: '0.00', grav: '32.'}
# schema: astropy-2.0
wav flux_nu
[from data line 499]
28950.056 3.4500545997088534e-09
29000.056 2.5159463496669637e-09
29050.056 3.400068032059444e-09
29100.056 2.1292637166721442e-09
29150.056 3.0159865562696165e-09
29200.056 3.121124383482707e-09
29250.056 5.184718317880689e-09
29300.056 2.0995740550101205e-09
29350.056 6.796436326529153e-09
29400.056 3.2168942909589053e-09
29450.056 3.326299387667763e-09
29500.056 4.791241788815673e-09
29550.056 3.067245813439107e-09
29600.056 4.260724770470063e-09
29650.056 6.27918738225118e-09
29700.056 2.7622121326813704e-09
29750.056 5.476261269056787e-09
29800.056 5.232850375013976e-09
29850.056 6.069443067846457e-09
29900.056 4.8797405842118424e-09
29950.056 4.825691104377789e-09
30000.056 2.8918071270580486e-10
30050.056 8.340102888788021e-10
30100.056 1.8304857413394174e-09
30150.056 4.163436792678343e-09
30200.056 3.3345308754581393e-09
30250.056 7.250678131710823e-09
30300.056 8.326120206615517e-09
30350.056 4.349214215949521e-09
30400.056 8.513887390968041e-09
30450.056 5.06153267308592e-09
30500.056 5.1684303083157586e-09
30550.056 4.716216380933675e-09
30600.056 8.330905952138647e-09
30650.056 5.3377157645838435e-09
30700.056 4.21282879782475e-09
30750.056 6.833787110756115e-09
30800.056 4.4986579212016354e-09
30850.056 5.077176472077203e-09
30900.056 2.888550668984037e-09
30950.056 3.6372964842191984e-09
31000.056 3.224555988284319e-09
31050.056 3.015662401790733e-09
31100.056 2.027158578260484e-09
31150.056 3.3631115253962456e-09
31200.056 4.41609093026573e-09
31250.056 3.1409334869041416e-09
31300.056 2.1962120647351994e-09
31350.056 3.1585364575670754e-09
31400.056 2.3329799497849404e-09
31450.056 2.396292859828935e-09
31500.056 1.3918181655741614e-09
31550.056 1.8392559862782696e-09
31600.056 1.1482020394684792e-09
31650.056 1.2375820867700127e-09
31700.056 1.3039973005587498e-09
31750.056 7.112582992761255e-10
31800.056 1.3181062566573396e-09
31850.056 4.740922010100473e-10
31900.056 7.944714726635241e-10
31950.056 4.919741754127966e-10
32000.056 5.770815317912908e-10
32050.056 7.308591204220614e-10
32100.056 6.757841739832067e-10
32150.056 8.041237590684416e-10
32200.056 4.69459156352922e-10
32250.056 1.0320895438835986e-09
32300.056 4.714517317049146e-10
32350.056 9.55111552637829e-10
32400.056 3.859185040706161e-10
32450.056 8.401971437107296e-10
32500.056 4.5611773922966633e-10
32550.056 6.401824012175834e-10
32600.056 6.488066468179414e-10
32650.056 1.6382798913884903e-09
32700.056 8.558695998647635e-10
32750.056 2.147407642743597e-09
32800.056 1.5886438763003947e-09
32850.056 2.6588455694936204e-09
32900.056 2.538228187369157e-09
32950.056 2.966435616808722e-09
33000.056 1.8479926191633914e-09
33050.056 2.2295287892779173e-09
33100.056 6.516204578518929e-10
33150.056 5.762283104810311e-12
33200.056 3.054766220728862e-11
33250.056 2.0831601324627724e-11
33300.056 6.506351706533599e-11
33350.056 2.0093472472751456e-10
33400.056 5.152195767542372e-10
33450.056 6.457088774880256e-10
33500.056 1.7077865659406463e-09
33550.056 6.767697874205372e-10
33600.056 1.6919771175717439e-09
33650.056 1.5642034331108726e-09
33700.056 1.0369349110552734e-09
33750.056 2.2358453128691457e-09
33800.056 7.297638118078176e-10
33850.056 1.5052496341186526e-09
33900.056 1.3489742145106162e-09
33950.056 1.1955718656112503e-09
34000.056 2.1432134592458183e-09
34050.056 5.553258470338652e-10
34100.056 1.9335250626629673e-09
34150.056 1.1452605763985163e-09
34200.056 1.8234430221435801e-09
34250.056 1.4233518407022407e-09
34300.056 1.3147316087611231e-09
34350.056 1.4930991115735743e-09
34400.056 8.426621738155568e-10
34450.056 1.7630218826456804e-09
34500.056 1.320174645509263e-09
34550.056 7.608476047418757e-10
34600.056 2.361632258387529e-09
34650.056 9.263102364839249e-10
34700.056 2.075838725385836e-09
34750.056 1.5343194786347623e-09
34800.056 1.3754111028547887e-09
34850.056 2.2570147633130233e-09
34900.056 1.5787138310290043e-09
34950.056 2.474079576163549e-09
35000.056 4.688564467938024e-09
35050.056 2.0307298736224714e-09
35100.056 3.90928064534886e-09
35150.056 3.0730608729394766e-09
35200.056 3.4477166974121493e-09
35250.056 5.170074010359822e-09
35300.056 3.0467330978902114e-09
35350.056 3.3626225000642075e-09
35400.056 3.6484601799466584e-09
35450.056 2.4906669955362173e-09
35500.056 7.238375416472506e-09
35550.056 5.581808339541767e-09
35600.056 4.698238773778593e-09
35650.056 5.041809960411431e-09
35700.056 5.029970555295658e-09
35750.056 7.3345324780482e-09
35800.056 8.807856207095017e-09
35850.056 3.948354191492356e-09
35900.056 5.4455533528180376e-09
35950.056 5.820737924697001e-09
36000.056 6.1820171270109245e-09
36050.056 4.740347053538992e-09
36100.056 4.869370883595619e-09
36150.056 6.993252550158308e-09
36200.056 7.62692841125581e-09
36250.056 6.302523646498568e-09
36300.056 1.0047442024322582e-08
36350.056 7.55241454407041e-09
36400.056 9.050063214220383e-09
36450.056 1.0905319392321259e-08
36500.056 1.251071018465007e-08
36550.056 1.2612012817901798e-08
36600.056 1.530595876091489e-08
36650.056 1.3128864726006487e-08
36700.056 1.444009199967574e-08
36750.056 1.666196733135472e-08
36800.056 1.7018961225289505e-08
36850.056 1.2937405794125888e-08
36900.056 1.801412021390222e-08
36950.056 1.8577933803896902e-08
37000.056 1.5147803691625018e-08
37050.056 1.8070930208056423e-08
37100.056 1.873241680326504e-08
37150.056 1.4803996185046914e-08
37200.056 2.1032894006512062e-08
37250.056 1.8126518709817646e-08
37300.056 1.5312897234459706e-08
37350.056 1.9765547587335753e-08
37400.056 2.950055833157352e-08
37450.056 1.723916970206836e-08
37500.056 1.891609929005791e-08
37550.056 2.6213189196198588e-08
37600.056 3.2504479675327366e-08
37650.056 1.6610764315186644e-08
37700.056 3.0874620581671377e-08
37750.056 2.0345767385931197e-08
37800.056 2.1684373539349093e-08
37850.056 1.2823464625348948e-08
37900.056 1.7168941516072387e-08
37950.056 2.6023876007619126e-08
38000.056 2.863619701674013e-08
38050.056 3.0525718231956255e-08
38100.056 3.283198773391416e-08
38150.056 3.7421176043100025e-08
38200.056 3.785700352961065e-08
38250.056 3.5078007144793444e-08
38300.056 5.0858153207586616e-08
38350.056 5.016701250371588e-08
38400.056 2.59155809622289e-08
38450.056 2.2512412589430765e-08
38500.056 1.4524496096370446e-08
38550.056 2.9468358073311666e-08
38600.056 3.0082761503013995e-08
38650.056 2.983276832100256e-08
38700.056 2.8023151418657533e-08
38750.056 3.1779315788966285e-08
38800.056 3.024320109177893e-08
38850.056 3.209956471272798e-08
38900.056 4.350929389809828e-08
38950.056 3.121834645415931e-08
39000.056 4.076171449170246e-08
39050.056 3.1612765643809515e-08
39100.056 3.933837217491248e-08
39150.056 4.2445356863505086e-08
39200.056 3.950050993870041e-08
39250.056 5.0935059389155995e-08
39300.056 3.675446356484901e-08
39350.056 5.990630320070307e-08
39400.056 4.0427816253968546e-08
39450.056 4.9893481753599284e-08
39500.056 5.207845204112117e-08
39550.056 4.2597905341150376e-08
39600.056 5.344107700290299e-08
39650.056 5.777120153438386e-08
39700.056 5.694110762129138e-08
39750.056 4.109994961559208e-08
39800.056 4.7531302641958794e-08
39850.056 7.043610699700476e-08
39900.056 7.216600292130632e-08
39950.056 4.962800961928463e-08
40000.056 7.652068967161965e-08
40050.056 6.74957024563945e-08
40100.056 4.426505885917979e-08
40150.056 6.928205147205563e-08
40200.056 7.286940072373101e-08
40250.056 7.659998798212418e-08
40300.056 7.349242768090489e-08
40350.056 6.688537981793718e-08
40400.056 8.491273998169964e-08
40450.056 6.112161157586978e-08
40500.056 8.856380116858195e-08
40550.056 8.978530284345684e-08
40600.056 8.08353619034118e-08
40650.056 6.430129981637337e-08
40700.056 1.0457913305229092e-07
40750.056 7.905607960898772e-08
40800.056 6.152086682279883e-08
40850.056 1.1768211612863984e-07
40900.056 1.0330168293584891e-07
40950.056 9.457380329880772e-08
41000.056 8.897418262039197e-08
41050.056 1.240553500163607e-07
41100.056 1.047173603186073e-07
41150.056 6.42301901198702e-08
41200.056 1.2578617003450057e-07
41250.056 9.567670039769415e-08
41300.056 9.315226208879773e-08
41350.056 1.3150677114900006e-07
41400.056 1.165342901306174e-07
41450.056 1.3531455577098166e-07
41500.056 1.0160854102180788e-07
41550.056 9.983001203084622e-08
41600.056 1.1247592210328932e-07
41650.056 1.27011253271297e-07
41700.056 1.2334027671494482e-07
41750.056 1.1957316994597882e-07
41800.056 1.3785864736442823e-07
41850.056 1.1037439189257669e-07
41900.056 1.1597582502152841e-07
41950.056 1.129720891725271e-07
42000.056 9.958807619978977e-08
42050.056 9.88662681204781e-08
42100.056 1.2926699962612634e-07
42150.056 1.0747211089900207e-07
42200.056 1.0553905757100313e-07
42250.056 1.0180074749084131e-07
42300.056 1.0471889896728731e-07
42350.056 1.3453910290901777e-07
42400.056 1.35667138520034e-07
42450.056 1.2340755526305097e-07
42500.056 1.1554084263418148e-07
42550.056 1.0808369056896958e-07
42600.056 1.1999194319236921e-07
42650.056 1.6501793327592672e-07
42700.056 1.1805025757110808e-07
42750.056 1.2377723013550367e-07
42800.056 1.5115881170122778e-07
42850.056 1.614777502169462e-07
42900.056 1.7232221303405584e-07
42950.056 1.4002953299796833e-07
43000.056 1.5484021157104e-07
43050.056 9.962964842052701e-08
43100.056 1.327893068999634e-07
43150.056 1.2097295845851727e-07
43200.056 1.649811253660027e-07
43250.056 2.0037559684701472e-07
43300.056 1.961250006279951e-07
43350.056 1.230408849539692e-07
43400.056 1.5494356911949053e-07
43450.056 1.2228173883361977e-07
43500.056 1.1542470582651658e-07
43550.056 1.2654325916163767e-07
43600.056 1.8445542538302478e-07
43650.056 1.3454842994660687e-07
43700.056 1.9140222497404601e-07
43750.056 1.7194452322301164e-07
43800.056 1.6244313262377846e-07
43850.056 1.395233635030096e-07
43900.056 1.4162184878608864e-07
43950.056 9.645524162799616e-08
44000.056 9.511383541379199e-08
44050.056 1.86307641209007e-07
44100.056 2.3073366094500469e-07
44150.056 2.0756692088699148e-07
44200.056 1.8276359206099409e-07
44250.056 1.2477804441090755e-07
44300.056 1.0605155834392015e-07
44350.056 1.221186650866848e-07
44400.056 1.169167512695896e-07
44450.056 1.6729339074996737e-07
44500.056 1.6563301876604222e-07
44550.056 2.181716547479739e-07
44600.056 1.8305109249881112e-07
44650.056 1.7475013515763793e-07
44700.056 1.223385706490035e-07
44750.056 1.7711572675903924e-07
44800.056 1.383036479552154e-07
44850.056 1.7388777752502182e-07
44900.056 1.482812869606103e-07
44950.056 1.7405562865200825e-07
45000.056 1.8600124524499916e-07
45050.056 1.7689608634298595e-07
45100.056 1.6505551680439644e-07
45150.056 1.673745758868623e-07
45200.056 1.3476073970000762e-07
45250.056 1.502196679329441e-07
45300.056 1.2876841497802805e-07
45350.056 1.2860604332062654e-07
45400.056 2.3253195431802275e-07
45450.056 1.9362330813600572e-07
45500.056 2.1277293842231145e-07
45550.056 2.294849383579195e-07
45600.056 2.213670005200462e-07
45650.056 1.7631411408989356e-07
45700.056 1.3604538867720155e-07
45750.056 1.328972459378019e-07
45800.056 2.3961418395599356e-07
45850.056 2.1989368269099143e-07
45900.056 2.4442238214198837e-07
45950.056 2.0301120933299298e-07
46000.056 2.2941558625751318e-07
46050.056 1.8520965615651686e-07
46100.056 2.4934403734997015e-07
46150.056 1.7565334760600825e-07
46200.056 1.5981327344499174e-07
46250.056 8.900482087395182e-08
46300.056 1.8533617921580322e-07
46350.056 1.8523818620602578e-07
46400.056 1.6554037206500487e-07
46450.056 1.5530813327262987e-07
46500.056 1.7973253639294626e-07
46550.056 1.1773242619080246e-07
46600.056 1.6083499185898457e-07
46650.056 2.3169146920400308e-07
46700.056 1.5910409719196813e-07
46750.056 1.0665578616990687e-07
46800.056 7.661298215904998e-08
46850.056 2.348938605550468e-07
46900.056 2.0629497465498783e-07
46950.056 2.038617899599894e-07
47000.056 1.9739529416303707e-07
47050.056 1.6393446413114035e-07
47100.056 1.161316059946185e-07
47150.056 1.5631127837942254e-07
47200.056 1.873118508809987e-07
47250.056 1.3008091555398903e-07
47300.056 9.191378425114278e-08
47350.056 2.214650932139822e-07
47400.056 1.873932893799846e-07
47450.056 1.8450773090535956e-07
47500.056 2.1950757569837007e-07
47550.056 1.9269416790101173e-07
47600.056 1.8736779846599713e-07
47650.056 1.7920517520350294e-07
47700.056 1.6111332874288344e-07
47750.056 1.2098564277500576e-07
47800.056 1.1618212309800977e-07
47850.056 7.44445730533118e-08
47900.056 1.0397261658918009e-07
47950.056 1.634059289864199e-07
48000.056 2.2906732189004242e-07
48050.056 2.02559024634004e-07
48100.056 1.031911678902126e-07
48150.056 1.634152972670073e-07
48200.056 1.2732963972240195e-07
48250.056 1.4029793574100772e-07
48300.056 2.052839426079517e-07
48350.056 1.2961573816200738e-07
48400.056 5.873012410404526e-08
48450.056 1.1308870675161578e-07
48500.056 1.5853451696796726e-07
48550.056 1.4718262031980912e-07
48600.056 1.6384400765500027e-07
48650.056 1.887726112259775e-07
48700.056 1.4439346401890305e-07
48750.056 9.886678654125625e-08
48800.056 1.9787301012699358e-07
48850.056 1.1684224376877883e-07
48900.056 1.7377724901546914e-07
48950.056 1.0781046928801184e-07
49000.056 5.68245844559507e-08
49050.056 1.4190327616198295e-07
49100.056 1.7133002586393496e-07
49150.056 1.3174158361352308e-07
49200.056 1.956206076180384e-07
49250.056 1.853972623050283e-07
49300.056 1.6137769986939975e-07
49350.056 7.955376565624524e-08
49400.056 1.111514489340751e-07
49450.056 1.1799525717523832e-07
49500.056 9.255510819409104e-08
49550.056 3.362460052480436e-08
49600.056 7.46405386507819e-08
49650.056 1.2034625063299618e-07
49700.056 1.1883988110095663e-07
49750.056 1.331103314079828e-07
49800.056 9.988036375544719e-08
49850.056 1.7051477391824612e-07
49900.056 1.3375249746178034e-07
49950.056 1.3452900245700594e-07
50000.056 1.1430761933217208e-07
50050.056 1.3882078948300304e-07
50100.056 1.0968424515300224e-07
50150.056 6.513967801468702e-08
50200.056 1.9600841301086252e-08
50250.056 8.570764666498921e-08
50300.056 5.948354634164879e-08
50350.056 1.3458602505401627e-07
50400.056 1.2252361832018775e-07
50450.056 9.647320577060826e-08
50500.056 1.326400229890175e-07
50550.056 1.1839684225101224e-07
50600.056 9.286022682597407e-08
50650.056 1.415479691820272e-07
50700.056 1.4529373065694658e-07
50750.056 1.0391224592021473e-07
50800.056 4.9418778053693137e-08
50850.056 3.6139724763616894e-08
50900.056 1.2685941227399956e-07
50950.056 9.761463604600705e-08
51000.056 9.420961836702635e-08
51050.056 1.1131354634899168e-07
51100.056 5.1292283998457975e-08
51150.056 6.89699238114019e-08
51200.056 1.4985277716499254e-07
51250.056 9.488610567998106e-08
51300.056 7.534969679153845e-08
51350.056 7.552510514151248e-08
51400.056 3.5125286103481867e-08
51450.056 2.822017063372592e-08
51500.056 2.9165078020192963e-08
51550.056 8.968972050464802e-08
51600.056 6.387531732851885e-08
51650.056 7.274398839198203e-08
51700.056 8.05439995132761e-08
51750.056 5.5559210842036454e-08
51800.056 8.867742096898646e-08
51850.056 7.74976981989926e-08
51900.056 1.0963641624599317e-07
51950.056 7.309359375899153e-08
52000.056 1.418486136128509e-08
52050.056 4.661342395030718e-08
52100.056 3.1740736955897196e-08
52150.056 2.2538832637304056e-08
52200.056 3.901767192270045e-08
52250.056 5.421856787611851e-08
52300.056 7.876188165459574e-08
52350.056 4.0956766327324526e-08
52400.056 3.4221764660703934e-08
52450.056 8.80424428326063e-08
52500.056 7.266555002297978e-08
52550.056 7.484157230098859e-08
52600.056 5.8339044220000765e-08
52650.056 6.733479960740844e-08
52700.056 5.398214673479803e-08
52750.056 2.847613955705654e-08
52800.056 4.304483496920605e-08
52850.056 4.749541376578462e-08
52900.056 3.1151523946072576e-08
52950.056 4.04450608735231e-08
53000.056 6.037620114801604e-08
53050.056 2.6793248382143133e-08
53100.056 5.71300853759827e-08
53150.056 6.825735031480562e-08
53200.056 3.218248558599872e-08
53250.056 6.619709931800515e-08
53300.056 7.924662399568909e-08
53350.056 6.280826126740102e-08
53400.056 4.586592710198865e-08
53450.056 2.147535752004373e-08
53500.056 6.468302518212337e-09
