galfind/configs/Brown_Dwarf_templates/sonora_bobcat/m0.0/31g/sp_t2000g31nc_m0.0_resample.dat
# %ECSV 1.0
# ---
# datatype:
# - {name: wav, unit: Angstrom, datatype: float64}
# - {name: flux_nu, unit: erg / (cm2 Hz s), datatype: float64}
# meta: {C/O: '1.00', Kzz: '1.0000E+05', Teff: '2000.', Y: '0.28', '[Fe/H]': '0.00', f_hole: '1.00', f_rain: '0.00', grav: '32.'}
# schema: astropy-2.0
wav flux_nu
[from data line 498]
28900.056 1.627649201210171e-06
28950.056 2.139132715619664e-06
29000.056 1.7284786060793485e-06
29050.056 1.7724132445797076e-06
29100.056 1.5226031630300601e-06
29150.056 1.8847461113402794e-06
29200.056 1.7281910695104237e-06
29250.056 1.924717772240094e-06
29300.056 1.6565185685890006e-06
29350.056 2.1142851968595914e-06
29400.056 1.7586314615598357e-06
29450.056 1.7718295292298934e-06
29500.056 1.8946382154597996e-06
29550.056 1.8098523158901793e-06
29600.056 1.9057860422899275e-06
29650.056 1.9011603832899475e-06
29700.056 1.6518551112698057e-06
29750.056 2.1012853707410367e-06
29800.056 2.0293613814399476e-06
29850.056 1.9868822164197504e-06
29900.056 1.7895073040604504e-06
29950.056 2.1065750080896168e-06
30000.056 2.0913281022893302e-06
30050.056 1.963920734379884e-06
30100.056 1.5885803287095594e-06
30150.056 2.420990109749781e-06
30200.056 2.1585673706202216e-06
30250.056 2.0696543227506304e-06
30300.056 2.1270062433598243e-06
30350.056 1.9658916668103633e-06
30400.056 2.3656515638904394e-06
30450.056 1.915251989310212e-06
30500.056 1.8316753023603189e-06
30550.056 2.4771751396005746e-06
30600.056 2.3614552712603066e-06
30650.056 2.3494246407700994e-06
30700.056 2.205746966499977e-06
30750.056 2.1008550267600962e-06
30800.056 2.521579568440704e-06
30850.056 2.1903173940099414e-06
30900.056 2.2227741938798064e-06
30950.056 2.1376968080502855e-06
31000.056 2.4544296690499183e-06
31050.056 2.064851871000011e-06
31100.056 2.360174685549918e-06
31150.056 2.435313598999724e-06
31200.056 2.452289311089699e-06
31250.056 2.638595878980541e-06
31300.056 2.3458129221397796e-06
31350.056 2.3762221854499953e-06
31400.056 2.414869281370496e-06
31450.056 2.4464153251901415e-06
31500.056 2.5032454057004995e-06
31550.056 2.3078403904699914e-06
31600.056 2.4542772526998576e-06
31650.056 2.5633150165099925e-06
31700.056 2.612376890679903e-06
31750.056 2.2651686247402154e-06
31800.056 2.6466384572002444e-06
31850.056 2.878582126560035e-06
31900.056 2.8004873703498067e-06
31950.056 2.216880428429735e-06
32000.056 2.444187428320661e-06
32050.056 2.8281889762102595e-06
32100.056 2.8291905199395967e-06
32150.056 2.807178568010143e-06
32200.056 2.7194547793599402e-06
32250.056 2.548103544210199e-06
32300.056 2.8101230280901612e-06
32350.056 2.951688965200398e-06
32400.056 2.6893860649799814e-06
32450.056 2.5919375181202724e-06
32500.056 2.83958955480027e-06
32550.056 3.1298447759801344e-06
32600.056 3.084119291979812e-06
32650.056 2.9776149923909847e-06
32700.056 2.836231878520151e-06
32750.056 2.979582498560039e-06
32800.056 2.7331553702403194e-06
32850.056 3.229916764829734e-06
32900.056 3.094197867419993e-06
32950.056 2.6591034421097967e-06
33000.056 2.907745102460314e-06
33050.056 2.9947831412796537e-06
33100.056 3.113896035359097e-06
33150.056 3.053782694240212e-06
33200.056 2.819316309100677e-06
33250.056 3.0697033853000855e-06
33300.056 3.3317987009002164e-06
33350.056 3.0910357937602352e-06
33400.056 2.8617744754696773e-06
33450.056 3.1370085218389896e-06
33500.056 3.1354450167002852e-06
33550.056 3.06392609183951e-06
33600.056 3.1265819552606927e-06
33650.056 3.241785576740748e-06
33700.056 3.371555834759503e-06
33750.056 3.342321624240105e-06
33800.056 3.2521851548200284e-06
33850.056 3.1215260902100676e-06
33900.056 3.5247418528995067e-06
33950.056 3.1089110624895847e-06
34000.056 3.1753422097392294e-06
34050.056 3.2393560396800287e-06
34100.056 3.4804481131804533e-06
34150.056 3.381612105199637e-06
34200.056 3.1944104282194467e-06
34250.056 3.5672402180995394e-06
34300.056 3.316617585199555e-06
34350.056 3.451050099799606e-06
34400.056 3.1709064165695377e-06
34450.056 3.2291475359599804e-06
34500.056 3.3250437078006924e-06
34550.056 3.224870271249804e-06
34600.056 3.384009019020087e-06
34650.056 3.397525190999962e-06
34700.056 3.259524625299385e-06
34750.056 3.4919254889602792e-06
34800.056 3.6464413951995405e-06
34850.056 3.25389225602011e-06
34900.056 3.5019530042503095e-06
34950.056 3.3963421110991977e-06
35000.056 3.286071648459535e-06
35050.056 3.667379424000553e-06
35100.056 3.5031395538991684e-06
35150.056 3.485753192799781e-06
35200.056 3.5694750418996873e-06
35250.056 3.1552921240102066e-06
35300.056 3.500637463040321e-06
35350.056 3.6785784572997174e-06
35400.056 3.4395450164997415e-06
35450.056 3.338994584360412e-06
35500.056 3.6104660662998572e-06
35550.056 3.4220763951998945e-06
35600.056 3.312875344599417e-06
35650.056 3.7410924497004705e-06
35700.056 3.3372519453004293e-06
35750.056 3.4801618505597076e-06
35800.056 3.5825183634996404e-06
35850.056 3.6535191141996926e-06
35900.056 3.7989076038995307e-06
35950.056 3.635875499799764e-06
36000.056 3.307990225499588e-06
36050.056 3.7851623327002853e-06
36100.056 3.893285599399763e-06
36150.056 3.511485041100367e-06
36200.056 3.802103126999521e-06
36250.056 3.4902689858992973e-06
36300.056 4.043447949620817e-06
36350.056 3.854363537299432e-06
36400.056 3.689394931299918e-06
36450.056 4.000585159299644e-06
36500.056 3.7349649863002987e-06
36550.056 3.6030335821005277e-06
36600.056 3.7050331146003568e-06
36650.056 3.833037817100453e-06
36700.056 4.025604738900193e-06
36750.056 3.7373261288004246e-06
36800.056 3.83030185829955e-06
36850.056 3.844067738100249e-06
36900.056 3.946165175000653e-06
36950.056 3.92443425210001e-06
37000.056 3.9947463756001705e-06
37050.056 4.054764521399925e-06
37100.056 3.925293428800368e-06
37150.056 3.892801592399147e-06
37200.056 4.082038933900096e-06
37250.056 4.099924560500324e-06
37300.056 4.1079181161008005e-06
37350.056 3.87247203990055e-06
37400.056 4.068712035999638e-06
37450.056 4.062080374700363e-06
37500.056 4.139903847799758e-06
37550.056 4.028389615699248e-06
37600.056 4.247079114599421e-06
37650.056 3.924782516899583e-06
37700.056 3.98459304050013e-06
37750.056 4.263066039999367e-06
37800.056 4.347954639799907e-06
37850.056 4.138640930599793e-06
37900.056 4.239188509300321e-06
37950.056 4.285425373900219e-06
38000.056 4.151813251700604e-06
38050.056 4.208241270400291e-06
38100.056 4.054694081900223e-06
38150.056 4.369531350699366e-06
38200.056 4.472942231099355e-06
38250.056 4.114554066500612e-06
38300.056 4.059717649299928e-06
38350.056 4.2419219209998825e-06
38400.056 4.301408098299782e-06
38450.056 4.327058968700437e-06
38500.056 4.230188708499766e-06
38550.056 4.235931563800275e-06
38600.056 4.607153920299761e-06
38650.056 4.056318416800187e-06
38700.056 4.156140250800662e-06
38750.056 4.3500092846999966e-06
38800.056 4.270411964800579e-06
38850.056 4.270822216300325e-06
38900.056 4.137305139599882e-06
38950.056 4.348349935299574e-06
39000.056 4.245816807500148e-06
39050.056 4.307590162399923e-06
39100.056 4.079518171699943e-06
39150.056 4.213964678500214e-06
39200.056 4.357928476000201e-06
39250.056 4.329349492699304e-06
39300.056 4.322836136299163e-06
39350.056 4.29051260320048e-06
39400.056 4.2061640891001304e-06
39450.056 4.231565849199727e-06
39500.056 4.198966248199785e-06
39550.056 4.1076654448991755e-06
39600.056 4.476515014100274e-06
39650.056 4.048861874900097e-06
39700.056 4.23068776679987e-06
39750.056 4.206159678699515e-06
39800.056 4.000365620000269e-06
39850.056 4.115919129999724e-06
39900.056 4.042873400999805e-06
39950.056 4.250800326199836e-06
40000.056 3.9367897109997465e-06
40050.056 3.6815924305999e-06
40100.056 3.985871985399745e-06
40150.056 3.719621830599244e-06
40200.056 3.890640206699641e-06
40250.056 3.913381114898817e-06
40300.056 3.562609911400292e-06
40350.056 3.815354617800331e-06
40400.056 3.88770072009984e-06
40450.056 3.5661448510008053e-06
40500.056 3.3550746713000716e-06
40550.056 3.915081600899762e-06
40600.056 3.517862939800311e-06
40650.056 3.6198611581007886e-06
40700.056 3.811795143800323e-06
40750.056 3.358221040298981e-06
40800.056 3.332208280800511e-06
40850.056 3.1459014983007195e-06
40900.056 3.1225992033006384e-06
40950.056 3.391170976899967e-06
41000.056 3.518767226400337e-06
41050.056 3.410777095999305e-06
41100.056 3.2371677875005006e-06
41150.056 3.4987179298001935e-06
41200.056 3.2406033701000343e-06
41250.056 3.3237700933002623e-06
41300.056 2.8971502055996473e-06
41350.056 3.4251978696001987e-06
41400.056 3.254463405400036e-06
41450.056 3.095314735699994e-06
41500.056 3.3628293112000734e-06
41550.056 3.299503224420051e-06
41600.056 3.462940799499938e-06
41650.056 3.0297014297005517e-06
41700.056 2.930844339579656e-06
41750.056 3.121578078200007e-06
41800.056 2.9785151287796364e-06
41850.056 2.8073004138804216e-06
41900.056 3.1974224971995617e-06
41950.056 2.7879200317005703e-06
42000.056 3.023919186870237e-06
42050.056 2.7667199158389388e-06
42100.056 3.0968125672003967e-06
42150.056 2.517639217439138e-06
42200.056 2.656311065630134e-06
42250.056 2.8351992989198598e-06
42300.056 2.4889436462100423e-06
42350.056 2.901119655220665e-06
42400.056 2.5526933092004257e-06
42450.056 2.1623381070001913e-06
42500.056 2.352255578060329e-06
42550.056 2.5308485604798763e-06
42600.056 2.4337515229304746e-06
42650.056 2.1844462559289524e-06
42700.056 2.503863558280902e-06
42750.056 2.3130044680000875e-06
42800.056 2.303072920260509e-06
42850.056 2.464056534499728e-06
42900.056 2.3867115586401957e-06
42950.056 2.1719917575289375e-06
43000.056 2.2805561415898274e-06
43050.056 2.2354951243011843e-06
43100.056 2.3528713835398433e-06
43150.056 2.421289926230562e-06
43200.056 2.3371076632101052e-06
43250.056 2.290597661900217e-06
43300.056 2.3882375662801993e-06
43350.056 2.170624690339826e-06
43400.056 2.1885681215298055e-06
43450.056 2.2548772993208554e-06
43500.056 2.1686660964995325e-06
43550.056 2.2804671066599766e-06
43600.056 2.3426777170300786e-06
43650.056 2.095089473300402e-06
43700.056 1.995431736959711e-06
43750.056 2.1060278253801533e-06
43800.056 2.0137445283801497e-06
43850.056 2.0772081022605034e-06
43900.056 2.117940023159911e-06
43950.056 2.0067325121604145e-06
44000.056 1.878071731640287e-06
44050.056 1.8884640730401083e-06
44100.056 1.982748612340443e-06
44150.056 2.0972539258195665e-06
44200.056 1.9601953566700174e-06
44250.056 1.8749222605399601e-06
44300.056 1.8297092485903838e-06
44350.056 1.8504692845600993e-06
44400.056 1.8826870362499922e-06
44450.056 1.987495486800049e-06
44500.056 2.0268046035303774e-06
44550.056 1.7895914479595397e-06
44600.056 1.8482193648802274e-06
44650.056 1.977187950370169e-06
44700.056 1.800857851480225e-06
44750.056 1.9475944409097163e-06
44800.056 1.975330931389913e-06
44850.056 1.972112174600067e-06
44900.056 1.8414928880603269e-06
44950.056 1.7158660150099397e-06
45000.056 1.9065681093999204e-06
45050.056 1.8944674337697162e-06
45100.056 1.9550067019398224e-06
45150.056 1.8793056848500135e-06
45200.056 1.7196098282099156e-06
45250.056 1.7780927472996818e-06
45300.056 1.845542503890119e-06
45350.056 1.9591237635997492e-06
45400.056 1.8838932765702796e-06
45450.056 1.7154791203897533e-06
45500.056 1.7383938239599292e-06
45550.056 1.9568212560297517e-06
45600.056 1.8338289868399344e-06
45650.056 1.633699955159536e-06
45700.056 1.8677250260002379e-06
45750.056 1.7750150236298646e-06
45800.056 1.7554074413799563e-06
45850.056 2.0073428002200355e-06
45900.056 2.0097578624201093e-06
45950.056 1.7541144591899286e-06
46000.056 2.048621461779976e-06
46050.056 2.01233166244044e-06
46100.056 1.7473038070601132e-06
46150.056 1.8101480215599661e-06
46200.056 2.0298966172604518e-06
46250.056 1.6691392542298972e-06
46300.056 2.0927826195198676e-06
46350.056 1.6949902388898236e-06
46400.056 1.8300649783897405e-06
46450.056 1.8010523733304607e-06
46500.056 1.7228256169799163e-06
46550.056 1.9949311841999097e-06
46600.056 1.8285063334798704e-06
46650.056 2.2623407871399847e-06
46700.056 2.1024198652205622e-06
46750.056 1.7595655023598593e-06
46800.056 1.95471887466035e-06
46850.056 2.018287914830103e-06
46900.056 1.9436040783395824e-06
46950.056 2.0942060829401876e-06
47000.056 1.9336104275399516e-06
47050.056 2.0227105114696648e-06
47100.056 1.826293597490124e-06
47150.056 1.935611078350431e-06
47200.056 1.93623082980059e-06
47250.056 1.8592638119594419e-06
47300.056 1.8972745261594452e-06
47350.056 1.642416533099612e-06
47400.056 1.9898630109194607e-06
47450.056 1.9788024196298376e-06
47500.056 1.896200895689444e-06
47550.056 1.8500673804195711e-06
47600.056 2.052734904619932e-06
47650.056 1.5111936889895585e-06
47700.056 2.040966932460107e-06
47750.056 1.4699850518904622e-06
47800.056 2.0364316687597896e-06
47850.056 1.6088942854294183e-06
47900.056 2.0818987566001487e-06
47950.056 1.534111290270417e-06
48000.056 2.2242931901000194e-06
48050.056 1.6711896682503817e-06
48100.056 1.8073661176099997e-06
48150.056 1.6718617217402202e-06
48200.056 2.0609338279905445e-06
48250.056 1.7171418324496895e-06
48300.056 2.195614386769718e-06
48350.056 1.5348189162397215e-06
48400.056 2.0452218708199718e-06
48450.056 1.7538161407301737e-06
48500.056 2.183659589060049e-06
48550.056 1.599820842970068e-06
48600.056 2.0167268929797963e-06
48650.056 1.585535796039983e-06
48700.056 1.9054105210800592e-06
48750.056 1.4666041636303067e-06
48800.056 2.212929772860133e-06
48850.056 1.6268056440796975e-06
48900.056 1.9957331786000704e-06
48950.056 1.8807471121002208e-06
49000.056 1.8254584043198583e-06
49050.056 1.8642738468998385e-06
49100.056 1.7933921219001408e-06
49150.056 1.829479457410128e-06
49200.056 1.8963613774999486e-06
49250.056 1.8187092707801273e-06
49300.056 1.6629315534497264e-06
49350.056 1.666290443010026e-06
49400.056 2.0043242524402936e-06
49450.056 1.725257490770429e-06
49500.056 1.8097645340302542e-06
49550.056 1.620840220330006e-06
49600.056 1.7267965279804022e-06
49650.056 1.7609834831802654e-06
49700.056 1.530903571519862e-06
49750.056 2.1784479941395576e-06
49800.056 1.785647316040044e-06
49850.056 2.0720888830200197e-06
49900.056 1.7281402980201447e-06
49950.056 1.8515607556193552e-06
50000.056 1.7579609454395676e-06
50050.056 1.8231865512001607e-06
50100.056 1.8720846440998135e-06
50150.056 1.695482281779975e-06
50200.056 1.534907270780147e-06
50250.056 1.6791493310901292e-06
50300.056 1.6469284738997232e-06
50350.056 1.8220101195400143e-06
50400.056 1.726471102900092e-06
50450.056 1.6510994945302067e-06
50500.056 2.1284635377603584e-06
50550.056 1.7500571725098485e-06
50600.056 1.8355676696101608e-06
50650.056 1.7582172426504777e-06
50700.056 1.892695270459337e-06
50750.056 1.8401299166202393e-06
50800.056 1.5465540432399303e-06
50850.056 1.7467346108102884e-06
50900.056 1.7600370664599597e-06
50950.056 1.8954240810702816e-06
51000.056 2.0758585085002248e-06
51050.056 1.6230395560003137e-06
51100.056 1.6288911351998885e-06
51150.056 1.8353036272500278e-06
51200.056 1.7416151430198597e-06
51250.056 1.9071420571499995e-06
51300.056 1.672082867240558e-06
51350.056 1.827925797189714e-06
51400.056 1.7336459880794722e-06
51450.056 1.3119922944698063e-06
51500.056 1.8019524589098974e-06
51550.056 2.110249281920204e-06
51600.056 1.4816172349299577e-06
51650.056 1.7512081614997021e-06
51700.056 1.5742321418794852e-06
51750.056 1.596126375190128e-06
51800.056 1.8065423195397955e-06
51850.056 1.8554999288999177e-06
51900.056 1.9121031140003053e-06
51950.056 1.7155171464098003e-06
52000.056 1.5762652893199635e-06
52050.056 1.8052807937798643e-06
52100.056 1.7390904575995801e-06
52150.056 1.748333293050277e-06
52200.056 1.675534607890107e-06
52250.056 1.6803020803199787e-06
52300.056 1.7350065810399877e-06
52350.056 1.9919481281202266e-06
52400.056 1.5177850527800365e-06
52450.056 1.7058679473099346e-06
52500.056 1.8207608447694715e-06
52550.056 1.6797041450295063e-06
52600.056 1.788381038710187e-06
52650.056 2.0136237614703957e-06
52700.056 1.7419023929300485e-06
52750.056 1.41771642792983e-06
52800.056 1.6076553176102033e-06
52850.056 1.5289733113298604e-06
52900.056 1.6877580644802148e-06
52950.056 1.667047481059646e-06
53000.056 1.8377812726597756e-06
53050.056 1.7373299262397188e-06
53100.056 1.5359684099495888e-06
53150.056 1.8885260887604223e-06
53200.056 1.4028162471303002e-06
53250.056 1.967441900049892e-06
53300.056 1.8627118686107377e-06
53350.056 1.8636801257398226e-06
