galfind/configs/Brown_Dwarf_templates/sonora_bobcat/m0.0/31g/sp_t1800g31nc_m0.0_resample.dat
# %ECSV 1.0
# ---
# datatype:
# - {name: wav, unit: Angstrom, datatype: float64}
# - {name: flux_nu, unit: erg / (cm2 Hz s), datatype: float64}
# meta: {C/O: '1.00', Kzz: '1.0000E+05', Teff: '1800.', Y: '0.28', '[Fe/H]': '0.00', f_hole: '1.00', f_rain: '0.00', grav: '32.'}
# schema: astropy-2.0
wav flux_nu
[from data line 496]
28800.056 1.1422568442203097e-06
28850.056 1.2326707087701892e-06
28900.056 9.711755159300787e-07
28950.056 1.375361096979878e-06
29000.056 1.1032112381996183e-06
29050.056 1.135005445999755e-06
29100.056 9.45460690960085e-07
29150.056 1.2237735033402868e-06
29200.056 1.0914894307203694e-06
29250.056 1.2609170355800722e-06
29300.056 1.0316368548393627e-06
29350.056 1.426999048309685e-06
29400.056 1.133043474249798e-06
29450.056 1.1715853708899479e-06
29500.056 1.238827199429851e-06
29550.056 1.1811681817500967e-06
29600.056 1.264968225659853e-06
29650.056 1.2423055567699131e-06
29700.056 1.068301771379801e-06
29750.056 1.3949170018808318e-06
29800.056 1.368103831149952e-06
29850.056 1.3309251380398332e-06
29900.056 1.1923097947003257e-06
29950.056 1.4153317545297658e-06
30000.056 1.4080527456796263e-06
30050.056 1.3141999178598599e-06
30100.056 1.0665071572896792e-06
30150.056 1.6613172672398475e-06
30200.056 1.445768875250151e-06
30250.056 1.4322164590404974e-06
30300.056 1.4499471471698169e-06
30350.056 1.318709250000209e-06
30400.056 1.6511118801603648e-06
30450.056 1.3115471033401222e-06
30500.056 1.2146817533602206e-06
30550.056 1.7014171868104274e-06
30600.056 1.6334285215302527e-06
30650.056 1.6463171951800418e-06
30700.056 1.5316086021199557e-06
30750.056 1.454236268470058e-06
30800.056 1.7526719593604383e-06
30850.056 1.4883619987699197e-06
30900.056 1.5174765295498732e-06
30950.056 1.452062959470213e-06
31000.056 1.684395016969925e-06
31050.056 1.4210389435399767e-06
31100.056 1.556837275989897e-06
31150.056 1.680269775359717e-06
31200.056 1.664091233429795e-06
31250.056 1.769304412640297e-06
31300.056 1.588962097699802e-06
31350.056 1.6282092950899916e-06
31400.056 1.586522856660425e-06
31450.056 1.6482426699600786e-06
31500.056 1.650881411800305e-06
31550.056 1.5430929717500148e-06
31600.056 1.6197348770998524e-06
31650.056 1.711964689909991e-06
31700.056 1.7273125997798908e-06
31750.056 1.4737496447602723e-06
31800.056 1.7969940763401428e-06
31850.056 1.8908092697401857e-06
31900.056 1.939127335289867e-06
31950.056 1.4004494817298146e-06
32000.056 1.6130779917403567e-06
32050.056 1.9184573548602094e-06
32100.056 1.8971446060597245e-06
32150.056 1.9471026069700576e-06
32200.056 1.8332492277799027e-06
32250.056 1.7734491481202283e-06
32300.056 1.8973499476300911e-06
32350.056 2.0698544361403205e-06
32400.056 1.7914536266800828e-06
32450.056 1.8109858277501017e-06
32500.056 1.9587325050203026e-06
32550.056 2.2069012542801084e-06
32600.056 2.195060915379845e-06
32650.056 2.142686114750782e-06
32700.056 2.039207128610216e-06
32750.056 2.1321546124400347e-06
32800.056 1.9373654862701944e-06
32850.056 2.361441851679752e-06
32900.056 2.2710256955399887e-06
32950.056 1.9149153420897898e-06
33000.056 2.0840137898102745e-06
33050.056 2.1575790243298105e-06
33100.056 2.2255523787493355e-06
33150.056 1.936010364650224e-06
33200.056 1.5753799891599547e-06
33250.056 1.7450915389796775e-06
33300.056 1.8093250646903097e-06
33350.056 1.8100944796301654e-06
33400.056 1.7584309284897146e-06
33450.056 1.9365567579993265e-06
33500.056 2.1142153536502995e-06
33550.056 2.042747853329848e-06
33600.056 2.179451909300577e-06
33650.056 2.3215774291606556e-06
33700.056 2.342872926159563e-06
33750.056 2.43780252912002e-06
33800.056 2.2919904410298462e-06
33850.056 2.259035078370097e-06
33900.056 2.550838408819568e-06
33950.056 2.242305231009707e-06
34000.056 2.279277816089377e-06
34050.056 2.2650521429097536e-06
34100.056 2.5336329501003493e-06
34150.056 2.4232224084996613e-06
34200.056 2.2694629327193858e-06
34250.056 2.5933944770496893e-06
34300.056 2.258313591659211e-06
34350.056 2.4519675657498443e-06
34400.056 2.2084433223896586e-06
34450.056 2.302684359449959e-06
34500.056 2.4096707785804493e-06
34550.056 2.247384412679837e-06
34600.056 2.458441849780093e-06
34650.056 2.458108318700015e-06
34700.056 2.3650229883194493e-06
34750.056 2.5669152218602615e-06
34800.056 2.650743496689578e-06
34850.056 2.336359853780125e-06
34900.056 2.4766276997503076e-06
34950.056 2.421018055709364e-06
35000.056 2.391926553749675e-06
35050.056 2.7152146259005945e-06
35100.056 2.4982589243792988e-06
35150.056 2.5432534923999627e-06
35200.056 2.608787066829775e-06
35250.056 2.3309468677400513e-06
35300.056 2.551598025650127e-06
35350.056 2.699157947399763e-06
35400.056 2.4793251466598536e-06
35450.056 2.3963260464104794e-06
35500.056 2.7027794352998008e-06
35550.056 2.5113659083999e-06
35600.056 2.3668032303397072e-06
35650.056 2.8139307091603647e-06
35700.056 2.408586998290425e-06
35750.056 2.607658077809708e-06
35800.056 2.694257385399682e-06
35850.056 2.671672050899782e-06
35900.056 2.910120862599579e-06
35950.056 2.699953036200025e-06
36000.056 2.452089049819702e-06
36050.056 2.8859687266003145e-06
36100.056 2.9450830287995557e-06
36150.056 2.6420254257803482e-06
36200.056 2.9093395982595822e-06
36250.056 2.617208918579423e-06
36300.056 3.116429148530715e-06
36350.056 2.9151513617997013e-06
36400.056 2.7882030629999844e-06
36450.056 3.0942629204996668e-06
36500.056 2.8731226739602406e-06
36550.056 2.76455089454051e-06
36600.056 2.8625180550802416e-06
36650.056 2.9686140989003163e-06
36700.056 3.1248383807001486e-06
36750.056 2.901840805500277e-06
36800.056 2.9719016433996878e-06
36850.056 2.9662505666003824e-06
36900.056 3.072173396600544e-06
36950.056 3.047325931099934e-06
37000.056 3.1462594868000608e-06
37050.056 3.1539011721998837e-06
37100.056 3.096158417300387e-06
37150.056 3.082392817899306e-06
37200.056 3.2158265425000736e-06
37250.056 3.2516504248002537e-06
37300.056 3.272688975500627e-06
37350.056 3.037003094800475e-06
37400.056 3.2011091769996445e-06
37450.056 3.2031375732503144e-06
37500.056 3.2496111609997467e-06
37550.056 3.180023894399382e-06
37600.056 3.3698735366995195e-06
37650.056 3.1365297418996732e-06
37700.056 3.189751225500054e-06
37750.056 3.400703489499575e-06
37800.056 3.4721013483998974e-06
37850.056 3.269338385999852e-06
37900.056 3.3708955483002547e-06
37950.056 3.4211884440001185e-06
38000.056 3.309286858800475e-06
38050.056 3.373607331800208e-06
38100.056 3.227820210200244e-06
38150.056 3.5356571324995053e-06
38200.056 3.6221812061994738e-06
38250.056 3.263832652000536e-06
38300.056 3.2238024575999347e-06
38350.056 3.3813138423998103e-06
38400.056 3.4513297886997567e-06
38450.056 3.531136938100319e-06
38500.056 3.4078105673998073e-06
38550.056 3.4070037476001553e-06
38600.056 3.755746081099783e-06
38650.056 3.2771779402001515e-06
38700.056 3.3668763149006266e-06
38750.056 3.4975855439999905e-06
38800.056 3.465493269900398e-06
38850.056 3.412373525200331e-06
38900.056 3.3318520613998392e-06
38950.056 3.545800999799645e-06
39000.056 3.4120961106001245e-06
39050.056 3.498094128499904e-06
39100.056 3.2896801029000005e-06
39150.056 3.4157215372001393e-06
39200.056 3.5602579645001806e-06
39250.056 3.5272994115993344e-06
39300.056 3.5046959887992416e-06
39350.056 3.492772649100388e-06
39400.056 3.426562612800087e-06
39450.056 3.437426140299754e-06
39500.056 3.401902355699736e-06
39550.056 3.326603249679411e-06
39600.056 3.669182481500135e-06
39650.056 3.250200356800033e-06
39700.056 3.414524493199811e-06
39750.056 3.383906974619571e-06
39800.056 3.2058801208001907e-06
39850.056 3.309898005399723e-06
39900.056 3.2744038684999608e-06
39950.056 3.4589885689998596e-06
40000.056 3.1202235226998082e-06
40050.056 2.9611568007999406e-06
40100.056 3.2093908906997952e-06
40150.056 2.990207112699384e-06
40200.056 3.107449872699665e-06
40250.056 3.117658032469069e-06
40300.056 2.842109874050244e-06
40350.056 3.096291410600378e-06
40400.056 3.1168184432998345e-06
40450.056 2.8812947906005775e-06
40500.056 2.672245781800196e-06
40550.056 3.1536858320997854e-06
40600.056 2.767616071420319e-06
40650.056 2.8578620931004774e-06
40700.056 3.033055705300259e-06
40750.056 2.664843565099072e-06
40800.056 2.6435157634904095e-06
40850.056 2.4932634430605704e-06
40900.056 2.5017858114404917e-06
40950.056 2.695727791319959e-06
41000.056 2.7685824448002034e-06
41050.056 2.6917894160694537e-06
41100.056 2.555261417050301e-06
41150.056 2.737739351100147e-06
41200.056 2.550958327150011e-06
41250.056 2.6088029945402562e-06
41300.056 2.250241276439653e-06
41350.056 2.698166525400148e-06
41400.056 2.528497658700148e-06
41450.056 2.4410334173401087e-06
41500.056 2.6467339819601046e-06
41550.056 2.5458394777800252e-06
41600.056 2.6841608464000013e-06
41650.056 2.357737853000488e-06
41700.056 2.253055478719683e-06
41750.056 2.376013936409914e-06
41800.056 2.3194101301195772e-06
41850.056 2.140915687890407e-06
41900.056 2.4590401436397815e-06
41950.056 2.086523576750548e-06
42000.056 2.27663339611018e-06
42050.056 2.0436120956791944e-06
42100.056 2.3579224197103523e-06
42150.056 1.7905323291892698e-06
42200.056 1.95967063587007e-06
42250.056 2.0854445987999546e-06
42300.056 1.7451420785800333e-06
42350.056 2.119675575340601e-06
42400.056 1.809495157080452e-06
42450.056 1.5162534101701924e-06
42500.056 1.6599386122603265e-06
42550.056 1.7423839866700352e-06
42600.056 1.7020158543004325e-06
42650.056 1.4578953417790456e-06
42700.056 1.7466335877907344e-06
42750.056 1.5851939733600516e-06
42800.056 1.5543576297705258e-06
42850.056 1.6466634648696602e-06
42900.056 1.6030902578801029e-06
42950.056 1.466097583749201e-06
43000.056 1.523453036059972e-06
43050.056 1.4548451538708556e-06
43100.056 1.5891216607901237e-06
43150.056 1.6057092591603602e-06
43200.056 1.5907122028601788e-06
43250.056 1.5370980859199892e-06
43300.056 1.6114827877201653e-06
43350.056 1.4364842327499269e-06
43400.056 1.4885714970198687e-06
43450.056 1.5252729051506398e-06
43500.056 1.4669145672397437e-06
43550.056 1.5520949000700194e-06
43600.056 1.5769248808901375e-06
43650.056 1.3718928232602427e-06
43700.056 1.3054884364896746e-06
43750.056 1.408731961930222e-06
43800.056 1.2956246681302138e-06
43850.056 1.3503646305903979e-06
43900.056 1.407531241239906e-06
43950.056 1.3098410711803532e-06
44000.056 1.2407357044702303e-06
44050.056 1.2384722334301287e-06
44100.056 1.2974810507602675e-06
44150.056 1.3601560014296694e-06
44200.056 1.267753729249971e-06
44250.056 1.2379108219600496e-06
44300.056 1.2087429862602e-06
44350.056 1.1884716735200592e-06
44400.056 1.2533631735599556e-06
44450.056 1.2942765350400189e-06
44500.056 1.321575840320186e-06
44550.056 1.1655212106496982e-06
44600.056 1.2134879141301385e-06
44650.056 1.2886540155601353e-06
44700.056 1.1819835472001393e-06
44750.056 1.2538980633798382e-06
44800.056 1.2906548842599385e-06
44850.056 1.266687272330078e-06
44900.056 1.1827617834001935e-06
44950.056 1.109737211839964e-06
45000.056 1.2399641984699008e-06
45050.056 1.234694830719846e-06
45100.056 1.275258159449912e-06
45150.056 1.1956624735399657e-06
45200.056 1.0950213165999815e-06
45250.056 1.134382911329836e-06
45300.056 1.2175283628600933e-06
45350.056 1.2782252825299003e-06
45400.056 1.2087129252501804e-06
45450.056 1.091336616959833e-06
45500.056 1.1273024620999592e-06
45550.056 1.27063812783989e-06
45600.056 1.165100464679955e-06
45650.056 1.0411161840497584e-06
45700.056 1.246073609010113e-06
45750.056 1.1329989717199543e-06
45800.056 1.111052588719967e-06
45850.056 1.3223194623099784e-06
45900.056 1.341466082350093e-06
45950.056 1.1398135421399723e-06
46000.056 1.3778972108499885e-06
46050.056 1.3431823423702608e-06
46100.056 1.1145480590901102e-06
46150.056 1.199335754889959e-06
46200.056 1.332058323100301e-06
46250.056 1.0680253876199545e-06
46300.056 1.4129237906199184e-06
46350.056 1.1421619215098781e-06
46400.056 1.195654593799844e-06
46450.056 1.2243875623602682e-06
46500.056 1.1235571580399047e-06
46550.056 1.3829972971899715e-06
46600.056 1.2615860923899999e-06
46650.056 1.6245081020699082e-06
46700.056 1.4983919386504153e-06
46750.056 1.183586775029873e-06
46800.056 1.3302762934702397e-06
46850.056 1.4150556852201272e-06
46900.056 1.3299506399997222e-06
46950.056 1.4877283036001125e-06
47000.056 1.2794740820899672e-06
47050.056 1.4631692055997193e-06
47100.056 1.1864825521001208e-06
47150.056 1.3162109273602562e-06
47200.056 1.370727619120406e-06
47250.056 1.2347221497897267e-06
47300.056 1.3050931923096478e-06
47350.056 1.083823405119741e-06
47400.056 1.3848373749496517e-06
47450.056 1.262837852079905e-06
47500.056 1.3341993201996837e-06
47550.056 1.2255966401098064e-06
47600.056 1.407024620909921e-06
47650.056 9.88066433409695e-07
47700.056 1.4242197460600753e-06
47750.056 9.511220702102707e-07
47800.056 1.3936840548698415e-06
47850.056 1.0546857185397371e-06
47900.056 1.4173560399100878e-06
47950.056 1.0041469288702415e-06
48000.056 1.5763204088999985e-06
48050.056 1.1329401515702336e-06
48100.056 1.2598144925099713e-06
48150.056 1.1443609554201694e-06
48200.056 1.4138634542002764e-06
48250.056 1.1496095569098573e-06
48300.056 1.5495334445997488e-06
48350.056 1.0176114262198838e-06
48400.056 1.4016617223299796e-06
48450.056 1.1310514810500894e-06
48500.056 1.5571538926500363e-06
48550.056 1.0534624511100592e-06
48600.056 1.4176806958098577e-06
48650.056 1.0756858385999672e-06
48700.056 1.351993308710089e-06
48750.056 9.671096499201543e-07
48800.056 1.5830244699101103e-06
48850.056 1.0785459526497869e-06
48900.056 1.3971455490501078e-06
48950.056 1.2805020325600707e-06
49000.056 1.265520051789855e-06
49050.056 1.3184505505899099e-06
49100.056 1.223488116990157e-06
49150.056 1.291958689560072e-06
49200.056 1.2589265438099553e-06
49250.056 1.2767937173000421e-06
49300.056 1.113947877379856e-06
49350.056 1.1773036456899976e-06
49400.056 1.4238558492601567e-06
49450.056 1.189351243270295e-06
49500.056 1.2725343242001307e-06
49550.056 1.0964421557300043e-06
49600.056 1.2108680483103142e-06
49650.056 1.2567341064301115e-06
49700.056 1.0671876185799127e-06
49750.056 1.6209222887397098e-06
49800.056 1.2263234297300687e-06
49850.056 1.5400925056200342e-06
49900.056 1.215369502380123e-06
49950.056 1.3189253913495797e-06
50000.056 1.270268573319692e-06
50050.056 1.2906630121001312e-06
50100.056 1.3714105288098914e-06
50150.056 1.1747182838700336e-06
50200.056 1.07762929535013e-06
50250.056 1.2434806098000848e-06
50300.056 1.170480350719871e-06
50350.056 1.3617590667600208e-06
50400.056 1.220213048820024e-06
50450.056 1.1990030795701846e-06
50500.056 1.574322160830281e-06
50550.056 1.2593587302899063e-06
50600.056 1.3599279941900827e-06
50650.056 1.278834103410349e-06
50700.056 1.404115923829513e-06
50750.056 1.412220051180202e-06
50800.056 1.084257721969915e-06
50850.056 1.2784543765402427e-06
50900.056 1.3390466682999563e-06
50950.056 1.3971671390202137e-06
51000.056 1.5866393420401576e-06
51050.056 1.1867180530302096e-06
51100.056 1.1784296239198973e-06
51150.056 1.3614457517699346e-06
51200.056 1.288792602989916e-06
51250.056 1.4339319290999442e-06
51300.056 1.1989342415104291e-06
51350.056 1.3489098905097158e-06
51400.056 1.2635350695296244e-06
51450.056 9.322085486998418e-07
51500.056 1.3024797231299455e-06
51550.056 1.6208954757901564e-06
51600.056 1.0770395210600296e-06
51650.056 1.2927012803797699e-06
51700.056 1.1864392372596123e-06
51750.056 1.1584324802500952e-06
51800.056 1.3789711890798109e-06
51850.056 1.388815438829875e-06
51900.056 1.4467218264602864e-06
51950.056 1.312925084979863e-06
52000.056 1.1467946959699477e-06
52050.056 1.3346179083099118e-06
52100.056 1.25874631803971e-06
52150.056 1.2750229652901417e-06
52200.056 1.229282828690082e-06
52250.056 1.265868552229999e-06
52300.056 1.3421553437899844e-06
52350.056 1.507885059730209e-06
52400.056 1.0927735580501183e-06
52450.056 1.2785641486599502e-06
52500.056 1.4061045474196644e-06
52550.056 1.2862622048595686e-06
52600.056 1.3499957789501926e-06
52650.056 1.536773836640267e-06
52700.056 1.297458388280023e-06
52750.056 1.0429958993398494e-06
52800.056 1.1938188303501397e-06
52850.056 1.128459158169865e-06
52900.056 1.260820381390121e-06
52950.056 1.2509990434297597e-06
53000.056 1.411875010849856e-06
53050.056 1.262192186749753e-06
53100.056 1.1597343755696743e-06
53150.056 1.4663694431203063e-06
53200.056 1.023946247260199e-06
53250.056 1.4937511448699183e-06
