galfind/configs/Brown_Dwarf_templates/sonora_bobcat/m0.0/31g/sp_t225g31nc_m0.0_resample.dat
# %ECSV 1.0
# ---
# datatype:
# - {name: wav, unit: Angstrom, datatype: float64}
# - {name: flux_nu, unit: erg / (cm2 Hz s), datatype: float64}
# meta: {C/O: '1.00', Kzz: '1.0000E+05', Teff: '225.', Y: '0.28', '[Fe/H]': '0.00', f_hole: '1.00', f_rain: '0.00', grav: '32.'}
# schema: astropy-2.0
wav flux_nu
[from data line 499]
28950.056 3.165370628831597e-14
29000.056 1.4384910769148764e-14
29050.056 2.966267164919075e-14
29100.056 5.6902446726494516e-15
29150.056 2.3536610911830274e-15
29200.056 1.5747220347461325e-13
29250.056 3.4522876686740937e-14
29300.056 1.1514139589945044e-14
29350.056 5.421019933987545e-14
29400.056 5.667910401622319e-14
29450.056 6.302670919474665e-15
29500.056 9.847971053210172e-14
29550.056 2.3151204475453834e-14
29600.056 9.272607976919063e-15
29650.056 9.289867790424214e-14
29700.056 1.69658758980862e-14
29750.056 1.5278143954989631e-13
29800.056 2.5635945307118652e-14
29850.056 1.1130849889824681e-13
29900.056 2.7372307310047973e-14
29950.056 3.821443393046242e-14
30000.056 1.0594193842227093e-16
30050.056 7.629050908971924e-15
30100.056 5.449164573054957e-14
30150.056 1.4145334803134814e-13
30200.056 1.2229440959047896e-13
30250.056 1.033212796593747e-13
30300.056 1.9456468530001992e-13
30350.056 2.856689986919866e-14
30400.056 2.3493563445861205e-13
30450.056 4.792355792548067e-13
30500.056 2.7463526995442678e-14
30550.056 3.548448777791048e-14
30600.056 3.0615621776332832e-12
30650.056 7.457841760789099e-13
30700.056 4.224729478942548e-14
30750.056 3.143746086719764e-13
30800.056 1.3190647288295602e-12
30850.056 8.98779901573888e-13
30900.056 3.1749369649338187e-13
30950.056 1.5405081479088695e-13
31000.056 2.369877886254294e-13
31050.056 4.1181365816865e-14
31100.056 4.113984815319349e-14
31150.056 1.349684358140185e-13
31200.056 1.3244126691040058e-12
31250.056 9.59108093640148e-13
31300.056 1.145092807159259e-13
31350.056 1.3816335361155443e-12
31400.056 1.1138743070806731e-12
31450.056 8.476747098583408e-13
31500.056 1.6490166009686077e-13
31550.056 4.784320123784851e-13
31600.056 4.768529531521902e-13
31650.056 3.3439484582087506e-13
31700.056 1.603608857228018e-13
31750.056 1.0101659081178747e-13
31800.056 1.3446184328186257e-13
31850.056 1.114427150319279e-14
31900.056 3.2687274504262076e-14
31950.056 2.0739399270363284e-14
32000.056 8.163001602856655e-15
32050.056 1.0003626700179299e-14
32100.056 9.722162039097956e-15
32150.056 3.9136730980505265e-15
32200.056 1.1123862801707838e-15
32250.056 2.9603076574971035e-15
32300.056 3.6157747181944093e-16
32350.056 1.2576375047802288e-15
32400.056 6.26795703000616e-17
32450.056 6.553751857638195e-16
32500.056 5.03096517431058e-17
32550.056 3.4771427992490715e-16
32600.056 2.4781920377241073e-17
32650.056 7.464386591176201e-16
32700.056 3.652479872722742e-17
32750.056 2.6298822335916045e-15
32800.056 5.83014314076068e-16
32850.056 1.981375088676728e-14
32900.056 9.303710085166832e-15
32950.056 1.735253450929293e-14
33000.056 3.8019669368490185e-15
33050.056 1.0252171835843663e-15
33100.056 1.4000624090347117e-16
33150.056 3.4054137007810693e-19
33200.056 6.292567257904371e-17
33250.056 9.83932842383757e-17
33300.056 2.9284597808704815e-15
33350.056 1.3234074075218595e-15
33400.056 1.878352171218696e-14
33450.056 5.830163192357002e-16
33500.056 9.372235815150104e-15
33550.056 9.070803420231678e-16
33600.056 4.429440440070305e-15
33650.056 5.484690841553444e-15
33700.056 4.078050534512573e-16
33750.056 6.901078311136682e-15
33800.056 1.995601365500953e-16
33850.056 3.3514255270960047e-15
33900.056 4.15797523504574e-15
33950.056 5.593092235597392e-15
34000.056 1.878979846299064e-14
34050.056 2.900708464139098e-15
34100.056 2.711036464549963e-14
34150.056 9.212370696440584e-15
34200.056 5.484690376546214e-14
34250.056 1.0764361714897198e-14
34300.056 2.3222565618034064e-14
34350.056 2.513407394102981e-13
34400.056 1.8309671160411598e-14
34450.056 1.1861689362319726e-13
34500.056 2.260676255101637e-14
34550.056 1.405510894072667e-13
34600.056 7.814793548770861e-13
34650.056 1.0383835040284315e-14
34700.056 2.4993390990451354e-13
34750.056 1.1172739380778266e-13
34800.056 7.659604345661176e-14
34850.056 3.8399346997291126e-13
34900.056 3.0111866725716284e-14
34950.056 8.295090989050263e-13
35000.056 6.34030161122057e-13
35050.056 1.0590803751832344e-12
35100.056 1.4595094312162288e-12
35150.056 1.058064848200481e-12
35200.056 1.1364402776003668e-12
35250.056 2.504667464813863e-12
35300.056 3.7088154067250837e-13
35350.056 9.146160129584587e-14
35400.056 5.648654557330581e-14
35450.056 8.185983213380617e-14
35500.056 5.455373985759324e-13
35550.056 2.6963932103316234e-13
35600.056 1.0729344558522244e-12
35650.056 2.2641161511819882e-12
35700.056 2.746933739624118e-12
35750.056 8.695093326630002e-13
35800.056 3.7559681884604945e-13
35850.056 1.776051919378738e-13
35900.056 2.5474882709220016e-13
35950.056 6.451250823652142e-13
36000.056 1.0622092438635438e-12
36050.056 7.755575308590854e-13
36100.056 6.784495993075416e-13
36150.056 7.736319947666274e-12
36200.056 3.323804879087314e-12
36250.056 1.2447922028124563e-12
36300.056 8.692145615887903e-12
36350.056 4.919510082028294e-12
36400.056 6.153484606918772e-12
36450.056 4.565587111051965e-12
36500.056 3.739397268074137e-12
36550.056 1.6563650218957693e-11
36600.056 1.1752857996497373e-11
36650.056 4.911616086890165e-12
36700.056 1.2756206231174968e-11
36750.056 1.752535108148841e-11
36800.056 2.4568516494114047e-11
36850.056 4.150675425050188e-12
36900.056 7.158052562216768e-12
36950.056 2.703415159494804e-11
37000.056 1.5159073921988074e-11
37050.056 2.785719656295254e-11
37100.056 4.3728194659260985e-12
37150.056 9.228700787161644e-12
37200.056 4.5215473909392127e-11
37250.056 2.3658321069581492e-11
37300.056 4.545574884689473e-12
37350.056 8.625854986481205e-12
37400.056 1.5454229337569665e-11
37450.056 4.548810300646172e-12
37500.056 1.1709192185138849e-11
37550.056 4.45163729439464e-11
37600.056 1.1058135704775137e-10
37650.056 9.62989758117839e-12
37700.056 2.320996875981032e-11
37750.056 2.489216206954336e-11
37800.056 1.410593288328283e-11
37850.056 6.6230656008131955e-12
37900.056 5.5162597750174015e-12
37950.056 1.7506909014509968e-11
38000.056 1.640775151087047e-11
38050.056 6.18062916590915e-11
38100.056 6.650537940030881e-11
38150.056 1.3354335150671708e-10
38200.056 6.888492571868584e-11
38250.056 1.485445755901811e-10
38300.056 2.6237209374834366e-10
38350.056 8.149399195341575e-11
38400.056 1.0264965438172963e-11
38450.056 1.5549479299928357e-12
38500.056 2.8503202579760354e-12
38550.056 3.194370241725159e-11
38600.056 4.8527924917968606e-11
38650.056 4.5829933222149214e-11
38700.056 8.265522234586256e-12
38750.056 3.352518658633637e-11
38800.056 2.6692506111076345e-11
38850.056 5.297073021753875e-11
38900.056 6.463733578605615e-11
38950.056 2.4018995573498765e-11
39000.056 1.1563366152716386e-10
39050.056 1.1397857945855888e-11
39100.056 4.304546030163533e-11
39150.056 1.2615100159094186e-10
39200.056 5.8009922298995905e-11
39250.056 1.4221694138487805e-10
39300.056 4.725054475261388e-11
39350.056 2.0025421715231345e-10
39400.056 5.3296821032902524e-11
39450.056 1.4823406052030431e-10
39500.056 1.2743325783960391e-10
39550.056 2.556976640714143e-11
39600.056 1.5930964681799196e-10
39650.056 1.6913015875868126e-10
39700.056 2.2668100432099087e-10
39750.056 4.6500246303597e-11
39800.056 4.247987755766637e-11
39850.056 1.8544801427195958e-10
39900.056 3.816271240614744e-10
39950.056 5.796972185014743e-11
40000.056 1.5851469440675496e-10
40050.056 2.238865817389705e-10
40100.056 4.251149292240354e-11
40150.056 1.9563570824636433e-10
40200.056 2.4270330162526475e-10
40250.056 3.0021542815125266e-10
40300.056 3.461069426151411e-10
40350.056 1.1232574726316601e-10
40400.056 1.40398977824391e-10
40450.056 3.763919668102362e-11
40500.056 3.4870554139369233e-10
40550.056 3.4937524304498065e-10
40600.056 3.045724330479984e-10
40650.056 1.4799037368111385e-10
40700.056 2.7377598826090284e-10
40750.056 2.1096302974104392e-10
40800.056 9.850423034412495e-11
40850.056 7.059861040701916e-10
40900.056 5.916601327318225e-10
40950.056 4.557750221680385e-10
41000.056 2.071144398341685e-10
41050.056 7.501257531538086e-10
41100.056 6.084081988064519e-10
41150.056 8.657932934450702e-11
41200.056 9.6568074006641e-10
41250.056 5.161376603130448e-10
41300.056 4.527641800749543e-10
41350.056 1.14101009630003e-09
41400.056 7.388928389199181e-10
41450.056 1.199863108057546e-09
41500.056 5.524244360273585e-10
41550.056 3.7461011304575055e-10
41600.056 4.806968600142098e-10
41650.056 1.1409694943559034e-09
41700.056 1.7862464498598142e-09
41750.056 1.2124206725628102e-09
41800.056 1.051059582980132e-09
41850.056 1.0142503461664137e-09
41900.056 5.288481143771649e-10
41950.056 5.036155954099458e-10
42000.056 4.1714785053302104e-11
42050.056 1.6859280999969442e-10
42100.056 2.465425550448823e-10
42150.056 4.0713346884890044e-10
42200.056 8.887114675744237e-10
42250.056 5.700587046527465e-10
42300.056 4.1534327112451857e-10
42350.056 1.2182030187540172e-09
42400.056 1.9294069758103236e-09
42450.056 2.502675288510397e-09
42500.056 2.7098727442997684e-09
42550.056 2.036283624589738e-09
42600.056 1.5442534964307128e-09
42650.056 2.456921401281295e-09
42700.056 5.764658282204532e-10
42750.056 2.4571094500404717e-09
42800.056 4.686952648500358e-09
42850.056 4.313632386699281e-09
42900.056 3.7166809355804994e-09
42950.056 3.3032523075802542e-09
43000.056 3.930940901700217e-09
43050.056 1.4289375801897193e-09
43100.056 2.265651636295094e-09
43150.056 2.2920651057401248e-09
43200.056 4.86113643860036e-09
43250.056 5.233104103050154e-09
43300.056 5.120275896260087e-09
43350.056 2.8630094055790762e-09
43400.056 3.959658443190317e-09
43450.056 1.7956628840207386e-09
43500.056 1.2450004498637285e-09
43550.056 2.0518317450101422e-09
43600.056 4.82869649080052e-09
43650.056 2.551546224080109e-09
43700.056 5.35171899344195e-09
43750.056 6.158591438099109e-09
43800.056 4.156708984769412e-09
43850.056 3.580094801646325e-09
43900.056 2.0233116232081752e-09
43950.056 1.4233629198379654e-09
44000.056 1.89519667832976e-09
44050.056 5.854349294260114e-09
44100.056 7.189035919700057e-09
44150.056 6.574040674999603e-09
44200.056 6.3265450334003114e-09
44250.056 2.7598461593897e-09
44300.056 1.9785656892602108e-09
44350.056 1.8382695514878413e-09
44400.056 1.5249673678240638e-09
44450.056 4.569962435220708e-09
44500.056 4.213387735300369e-09
44550.056 5.845534273999963e-09
44600.056 4.435369111699841e-09
44650.056 3.87994570040059e-09
44700.056 2.9537855010294157e-09
44750.056 5.649121339300714e-09
44800.056 2.5944023612320936e-09
44850.056 3.399882305200163e-09
44900.056 4.121715267130046e-09
44950.056 5.136608097630901e-09
45000.056 7.205273998300225e-09
45050.056 5.084204559499265e-09
45100.056 4.732520649120026e-09
45150.056 3.4022116390493075e-09
45200.056 2.582305769850228e-09
45250.056 3.3075667336091632e-09
45300.056 3.271991033300344e-09
45350.056 1.8650506175705376e-09
45400.056 8.393909719800742e-09
45450.056 5.285744996740435e-09
45500.056 8.012461817740413e-09
45550.056 8.082959032788202e-09
45600.056 5.9788922022008436e-09
45650.056 5.473781563939843e-09
45700.056 3.0493069193697624e-09
45750.056 2.7847003462502954e-09
45800.056 7.586520532100343e-09
45850.056 4.640595182540412e-09
45900.056 8.118247896199542e-09
45950.056 9.052108165299486e-09
46000.056 7.695151860250745e-09
46050.056 4.8230631591509815e-09
46100.056 1.0380555309599468e-08
46150.056 5.534732995360021e-09
46200.056 3.891784272639288e-09
46250.056 1.1629102600649672e-09
46300.056 4.917175580900132e-09
46350.056 4.578492551750646e-09
46400.056 4.872627140910206e-09
46450.056 3.955575206209799e-09
46500.056 5.280057132510665e-09
46550.056 2.1158043337897587e-09
46600.056 2.654827967913651e-09
46650.056 5.341441202080244e-09
46700.056 3.483251356299216e-09
46750.056 1.0628865248181429e-09
46800.056 5.687278615159798e-10
46850.056 4.34675043612077e-09
46900.056 6.122206941199758e-09
46950.056 6.653368484799781e-09
47000.056 7.0102762679005946e-09
47050.056 3.481547825723015e-09
47100.056 2.870412738640227e-09
47150.056 4.9048897576205366e-09
47200.056 5.304018568199512e-09
47250.056 2.054147818843564e-09
47300.056 1.3909389537504136e-09
47350.056 5.419036278100661e-09
47400.056 6.0126553214994944e-09
47450.056 2.9331705116199705e-09
47500.056 5.81176628800066e-09
47550.056 6.029524161600059e-09
47600.056 3.665837940079482e-09
47650.056 4.608751432823897e-09
47700.056 3.4612806499485937e-09
47750.056 2.7680567144199776e-09
47800.056 1.6517499782002203e-09
47850.056 5.403204036011222e-10
47900.056 1.1350008161490497e-09
47950.056 3.9157220352001805e-09
48000.056 5.221007154799566e-09
48050.056 3.761606836570162e-09
48100.056 1.6340643475021937e-09
48150.056 3.6038465431301594e-09
48200.056 1.521179868409695e-09
48250.056 2.4579472836050356e-09
48300.056 4.735774081999907e-09
48350.056 2.300640094019627e-09
48400.056 3.5410296478889097e-10
48450.056 7.041593209811864e-10
48500.056 1.5300368833696929e-09
48550.056 1.943700123514375e-09
48600.056 4.6617638761997116e-09
48650.056 5.8410438362997085e-09
48700.056 3.661805109620724e-09
48750.056 3.7116822172002196e-09
48800.056 4.6456558130000914e-09
48850.056 1.915109598760705e-09
48900.056 1.4676708304798114e-09
48950.056 6.43495560921977e-10
49000.056 4.314103265091192e-10
49050.056 1.8077576909997748e-09
49100.056 3.0676860553265677e-09
49150.056 2.5151847563693315e-09
49200.056 4.899310418900504e-09
49250.056 4.688533149099728e-09
49300.056 3.4412312458697756e-09
49350.056 1.0487137900954282e-09
49400.056 1.6022432534715303e-09
49450.056 1.2524049239342572e-09
49500.056 8.233953623398114e-10
49550.056 1.307937539359979e-10
49600.056 3.420883588720749e-10
49650.056 1.5665071357703278e-09
49700.056 2.274427029399639e-09
49750.056 1.3451249634940229e-09
49800.056 7.649503356780824e-10
49850.056 2.5671787479603627e-09
49900.056 3.0195212613798867e-09
49950.056 2.872877423199977e-09
50000.056 1.0834704040436477e-09
50050.056 1.263548882374178e-09
50100.056 1.2070004820298968e-09
50150.056 3.6412523192892265e-10
50200.056 6.388678491361419e-11
50250.056 3.315437714700056e-10
50300.056 2.3280918745405027e-10
50350.056 1.3898879526802515e-09
50400.056 2.046569667589649e-09
50450.056 2.0270067324603562e-09
50500.056 2.9299168149399687e-09
50550.056 2.9262920092001104e-09
50600.056 1.51762394801272e-09
50650.056 3.2806316002002945e-09
50700.056 2.5395557158997937e-09
50750.056 1.2243999659999575e-09
50800.056 2.5775317755293636e-10
50850.056 1.1925104908204105e-10
50900.056 9.291621139601369e-10
50950.056 1.2247791839198615e-09
51000.056 7.298656109650785e-10
51050.056 1.796064560259917e-09
51100.056 5.26256506628949e-10
51150.056 3.6720714717309417e-10
51200.056 1.89646611720005e-09
51250.056 1.4709322868617786e-09
51300.056 9.028411089501088e-10
51350.056 4.747089131298886e-10
51400.056 1.1959198803002338e-10
51450.056 1.1781244340317116e-10
51500.056 1.24834234685438e-10
51550.056 4.849441742300922e-10
51600.056 7.12417058430182e-10
51650.056 1.2776883494900591e-09
51700.056 1.0244801184488065e-09
51750.056 6.337175900261513e-10
51800.056 1.5201245046999616e-09
51850.056 1.1492988624599334e-09
51900.056 8.017816424299604e-10
51950.056 3.4059775367995444e-10
52000.056 5.893114395199062e-11
52050.056 1.7480276744400608e-10
52100.056 1.0599445316998941e-10
52150.056 6.632810635182018e-11
52200.056 2.502424718200132e-10
52250.056 4.298524183100666e-10
52300.056 4.0634911513996427e-10
52350.056 1.1569699400838998e-10
52400.056 1.3727745912099828e-10
52450.056 5.672165513600389e-10
52500.056 3.4527115013395496e-10
52550.056 7.784532339999991e-10
52600.056 8.562062651640383e-10
52650.056 9.569020396499782e-10
52700.056 5.149621382799283e-10
52750.056 1.1869714749797248e-10
52800.056 2.616612409670385e-10
52850.056 3.0231812235993713e-10
52900.056 9.770267048136937e-11
52950.056 1.6643433672802659e-10
53000.056 3.7546101823005105e-10
53050.056 1.5320003840697848e-10
53100.056 6.151780287099962e-10
53150.056 4.489065878040699e-10
53200.056 2.286296520898381e-10
53250.056 3.18837692699788e-10
53300.056 4.3898791836104883e-10
53350.056 3.3855751659842227e-10
53400.056 2.2948406630993762e-10
53450.056 9.088827633498483e-11
53500.056 2.853879229409103e-11
53550.056 4.9597113528403e-11
