galfind/configs/Brown_Dwarf_templates/sonora_bobcat/m0.0/31g/sp_t500g31nc_m0.0_resample.dat
# %ECSV 1.0
# ---
# datatype:
# - {name: wav, unit: Angstrom, datatype: float64}
# - {name: flux_nu, unit: erg / (cm2 Hz s), datatype: float64}
# meta: {C/O: '1.00', Kzz: '1.0000E+05', Teff: '500.', Y: '0.28', '[Fe/H]': '0.00', f_hole: '1.00', f_rain: '0.00', grav: '32.'}
# schema: astropy-2.0
wav flux_nu
4000.0559999999996 nan
4050.0559999999996 7.879236869552888e-17
4100.056 1.659564269863031e-14
4150.056 1.3697453139600163e-13
4200.056 1.3191573612552839e-13
4250.056 8.630290264900034e-13
4300.056 1.6831251502500302e-12
4350.056 2.6113204353000256e-12
4400.056 3.822595241300033e-12
4450.056 5.479481601000021e-12
4500.056 6.89824712020011e-12
4550.056 6.909513174888933e-12
4600.056 2.7682737494079936e-12
4650.056 1.712185424399984e-12
4700.056 8.256783692399931e-13
4750.056 2.054513079979969e-13
4800.056 4.59661411299994e-14
4850.056 1.0346717736899862e-14
4900.056 3.588809724399976e-15
4950.056 1.801258720999992e-15
5000.056 1.0002482275499917e-15
5050.056 7.085830988000041e-16
5100.056 7.7018875010000905e-16
5150.056 8.801669078500105e-16
5200.056 1.0047248415000038e-15
5250.056 1.1324741279000017e-15
5300.056 1.2768159059000014e-15
5350.056 1.4442090102000023e-15
5400.056 1.6195250629000014e-15
5450.056 1.8267271100000128e-15
5500.056 2.060483894300018e-15
5550.056 2.308171921500006e-15
5600.056 2.541739308400003e-15
5650.056 2.728943402299996e-15
5700.056 2.7830578302000026e-15
5750.056 2.7366351729000005e-15
5800.056 2.463731672699994e-15
5850.056 1.7380738329899715e-15
5900.056 5.314234745720969e-16
5950.056 3.4474639555001243e-15
6000.056 7.379504897799905e-15
6050.056 1.3321995805400252e-14
6100.056 2.159448044700024e-14
6150.056 3.260588056300023e-14
6200.056 4.738533945800027e-14
6250.056 6.599237826100004e-14
6300.056 9.201220161200021e-14
6350.056 1.2562704578700085e-13
6400.056 1.681570817900009e-13
6450.056 2.08342405940993e-13
6500.056 2.771663404139965e-13
6550.056 3.743953322479953e-13
6600.056 5.087874834800225e-13
6650.056 6.95242196970006e-13
6700.056 9.08189334080009e-13
6750.056 1.2633778274000086e-12
6800.056 1.5845244670000234e-12
6850.056 1.8111994671000066e-12
6900.056 1.708085415000055e-12
6950.056 1.5275009384259734e-12
7000.056 1.687834718268015e-12
7050.056 1.8159762118479619e-12
7100.056 2.025783620989946e-12
7150.056 1.8236196476378852e-12
7200.056 1.7137000828221366e-12
7250.056 1.8955383152115853e-12
7300.056 1.965107618175927e-12
7350.056 2.1809857460478804e-12
7400.056 2.3968495994601427e-12
7450.056 2.6477292510901667e-12
7500.056 2.791207834099973e-12
7550.056 2.7653229752999865e-12
7600.056 2.529657012999987e-12
7650.056 8.297442085397637e-13
7700.056 5.752979861620244e-13
7750.056 2.7450072940000397e-12
7800.056 4.1909996146119856e-12
7850.056 6.3067523630999734e-12
7900.056 8.278257490199734e-12
7950.056 9.390303468980016e-12
8000.056 1.2806250452000077e-11
8050.056 1.5462658997400463e-11
8100.056 1.5023699715395434e-11
8150.056 1.6106738895480774e-11
8200.056 2.340503917562229e-11
8250.056 2.7040382785366147e-11
8300.056 3.338328463430489e-11
8350.056 3.6447185377718376e-11
8400.056 4.389483053480237e-11
8450.056 5.7992482089358095e-11
8500.056 6.72512496006959e-11
8550.056 8.971740254900132e-11
8600.056 1.147276260540016e-10
8650.056 1.3831356585300294e-10
8700.056 1.554474901600026e-10
8750.056 1.830603775000012e-10
8800.056 2.0104705035000435e-10
8850.056 1.7968657782199006e-10
8900.056 5.581112571085111e-11
8950.056 7.019926725697832e-11
9000.056 5.75597432996189e-11
9050.056 1.7456638002477802e-10
9100.056 2.3173409664806173e-10
9150.056 2.8259193801070203e-10
9200.056 4.569624904815119e-10
9250.056 4.6020429354121894e-10
9300.056 9.683974949226206e-11
9350.056 1.1794600623684365e-10
9400.056 2.2955249035133155e-10
9450.056 2.878907084333051e-10
9500.056 2.485521008054616e-10
9550.056 2.9809750354412256e-10
9600.056 2.814943406778265e-10
9650.056 3.907882413408542e-10
9700.056 6.216747081439351e-10
9750.056 6.063898479341279e-10
9800.056 6.690727409221687e-10
9850.056 7.517573196503187e-10
9900.056 9.825657469170327e-10
9950.056 9.109791153188471e-10
10000.056 1.0204324430298063e-09
10050.056 1.2672983596101002e-09
10100.056 1.6946703556897918e-09
10150.056 1.8493723380099472e-09
10200.056 2.0099493828341774e-09
10250.056 2.48704988506616e-09
10300.056 3.2862556497938377e-09
10350.056 3.6052081810526808e-09
10400.056 5.486999870508497e-09
10450.056 7.060192902978067e-09
10500.056 8.631487441157989e-09
10550.056 1.0547025700600444e-08
10600.056 1.1540532242499415e-08
10650.056 1.2376961226910452e-08
10700.056 1.199517773366622e-08
10750.056 1.243196403629027e-08
10800.056 1.1834113946316536e-08
10850.056 1.0156227399168925e-08
10900.056 6.680577883141466e-09
10950.056 2.966962023205567e-09
11000.056 1.9368281138186908e-09
11050.056 1.1133036556282527e-09
11100.056 5.902029592552181e-10
11150.056 2.155718587268937e-10
11200.056 1.2360627328489e-10
11250.056 1.4458988386790753e-10
11300.056 2.484242885696931e-10
11350.056 7.311941112438501e-11
11400.056 2.0754971714823548e-10
11450.056 1.6082865820772365e-10
11500.056 9.699443853966699e-11
11550.056 1.822926812945475e-11
11600.056 1.6715625932206348e-11
11650.056 6.505917758163175e-11
11700.056 6.989489405075314e-11
11750.056 1.019081623231126e-11
11800.056 7.909141646982184e-11
11850.056 1.4386911095491486e-10
11900.056 1.582725083763959e-10
11950.056 2.71380900868255e-10
12000.056 5.055450374347658e-10
12050.056 9.193116688604238e-10
12100.056 1.6235108999803716e-09
12150.056 2.7286583520780207e-09
12200.056 3.6482416696483093e-09
12250.056 5.8822557615156675e-09
12300.056 9.173704583944142e-09
12350.056 9.954438734187946e-09
12400.056 1.51343536991389e-08
12450.056 2.0718700011242737e-08
12500.056 2.346365606859316e-08
12550.056 2.7623159418400715e-08
12600.056 3.15305969320528e-08
12650.056 3.180691785678787e-08
12700.056 3.154816549976384e-08
12750.056 2.5150784078664997e-08
12800.056 2.0170681549188995e-08
12850.056 1.2823873739187025e-08
12900.056 9.4354710537426e-09
12950.056 7.691177344601835e-09
13000.056 6.815267174004098e-09
13050.056 4.231051869457552e-09
13100.056 3.6004335726633224e-09
13150.056 2.2642499418572666e-09
13200.056 1.9185830119846207e-09
13250.056 1.3837531725705284e-09
13300.056 5.012827473148561e-10
13350.056 1.4526027752617897e-10
13400.056 9.942279858485626e-11
13450.056 3.452382959061571e-11
13500.056 1.5437196266410203e-11
13550.056 7.1573423196384835e-12
13600.056 1.4270247994986939e-12
13650.056 1.022977828595821e-11
13700.056 6.035091210486398e-12
13750.056 8.418391286431771e-12
13800.056 7.142091516337763e-12
13850.056 4.586573964123134e-12
13900.056 6.8498475127250615e-12
13950.056 4.802855870337526e-12
14000.056 5.606227389759781e-12
14050.056 9.537981297515324e-12
14100.056 1.138559727135447e-11
14150.056 2.147770526086134e-11
14200.056 1.3582540636971146e-11
14250.056 2.0581494480240605e-11
14300.056 4.417479106453696e-11
14350.056 4.947330822754594e-11
14400.056 5.6440762588697994e-11
14450.056 8.439143247807337e-11
14500.056 1.8139900104595314e-10
14550.056 2.0659407438208658e-10
14600.056 2.493501418631902e-10
14650.056 1.7246469736612682e-10
14700.056 9.022753939174322e-11
14750.056 5.627729848275618e-11
14800.056 1.1595487092210344e-10
14850.056 1.569056931631477e-10
14900.056 1.654903545940887e-10
14950.056 1.3762829132952352e-10
15000.056 2.951510307700631e-10
15050.056 2.4895040900582886e-10
15100.056 1.8683035427053157e-10
15150.056 1.6316062190019716e-10
15200.056 2.9060598770628386e-10
15250.056 6.187647422128174e-10
15300.056 7.654819490332587e-10
15350.056 1.0150396150533706e-09
15400.056 1.3731516282086543e-09
15450.056 1.8185080747316096e-09
15500.056 2.070851479838778e-09
15550.056 3.1871165861929905e-09
15600.056 4.076627407841931e-09
15650.056 5.709947270814581e-09
15700.056 7.849392253984125e-09
15750.056 9.574580988439814e-09
15800.056 1.0427724210642892e-08
15850.056 1.1826945077572506e-08
15900.056 1.0470330905880207e-08
15950.056 9.417469731497868e-09
16000.056 6.562752591441503e-09
16050.056 3.3851489695645086e-09
16100.056 2.0651510450455616e-09
16150.056 1.0726866988438384e-09
16200.056 5.664591539425532e-10
16250.056 3.7832177177937977e-10
16300.056 2.3245369921296861e-10
16350.056 2.751010603627987e-10
16400.056 3.535095492836041e-10
16450.056 3.028311714030922e-10
16500.056 2.654548375827167e-10
16550.056 2.821039560781855e-10
16600.056 3.766959013631619e-10
16650.056 2.858332382099466e-10
16700.056 4.2642460082890676e-11
16750.056 1.3290505537113932e-10
16800.056 2.3802046935411e-10
16850.056 2.8733729517820744e-10
16900.056 1.445243318776238e-10
16950.056 8.25824067608689e-11
17000.056 4.711063959399136e-11
17050.056 9.780825560257891e-11
17100.056 1.7042615421450338e-10
17150.056 8.878627304001795e-11
17200.056 3.0899666996262976e-10
17250.056 1.9680001732245973e-10
17300.056 1.1383708966832755e-10
17350.056 1.2019018729284824e-10
17400.056 2.0674488383847337e-10
17450.056 2.915488717317345e-10
17500.056 3.934646159164621e-10
17550.056 3.665862930151884e-10
17600.056 2.771245746460091e-10
17650.056 2.660593454983412e-10
17700.056 1.8925090780522016e-10
17750.056 2.0324090529421875e-10
17800.056 4.941593280955099e-10
17850.056 2.3626434203882957e-10
17900.056 1.7312004674011086e-10
17950.056 1.4591631325043597e-10
18000.056 2.162394625423583e-10
18050.056 2.1000207474186662e-10
18100.056 2.676781616111279e-10
18150.056 2.5030386355274516e-10
18200.056 1.737611559502466e-10
18250.056 5.162126047611373e-10
18300.056 1.647000472136477e-10
18350.056 1.2018133228115227e-10
18400.056 9.835892062165701e-11
18450.056 3.101594539091159e-10
18500.056 3.076340115212878e-10
18550.056 1.9758321572094157e-10
18600.056 2.4787033945959144e-10
18650.056 1.9057102496150768e-10
18700.056 7.223710606100676e-11
18750.056 1.6338973921255254e-10
18800.056 5.071898704667164e-10
18850.056 5.309198854112467e-10
18900.056 4.585080149068326e-10
18950.056 7.067385270287602e-10
19000.056 2.5931283100131924e-10
19050.056 1.4024519603983278e-10
19100.056 2.9094189890445694e-10
19150.056 1.4534315400292882e-10
19200.056 1.946091385084118e-10
19250.056 1.46770890714908e-10
19300.056 1.0298173380644459e-10
19350.056 8.749098239417283e-11
19400.056 7.90126420589169e-11
19450.056 1.4340266294605165e-10
19500.056 9.305022729741437e-11
19550.056 1.1434307637284815e-10
19600.056 2.765668998896981e-10
19650.056 1.9723660773105279e-10
19700.056 2.2133791894296753e-10
19750.056 3.8719745536087383e-10
19800.056 2.7995642692275076e-10
19850.056 3.86477772795804e-10
19900.056 4.3939213968375943e-10
19950.056 6.243322652494143e-10
20000.056 8.133405775596205e-10
20050.056 6.680995280585918e-10
20100.056 1.1336081125770314e-09
20150.056 6.04660540797531e-10
20200.056 5.036351725081446e-10
20250.056 9.640634621702787e-10
20300.056 1.136855513099914e-09
20350.056 1.2314069603692117e-09
20400.056 1.0903774013215736e-09
20450.056 1.7656978671649005e-09
20500.056 2.146528612077208e-09
20550.056 2.4193669564254244e-09
20600.056 2.5450485148413092e-09
20650.056 3.207942819931768e-09
20700.056 3.5540968204124172e-09
20750.056 4.073280115766569e-09
20800.056 3.980709148578678e-09
20850.056 4.410690485718505e-09
20900.056 4.823447096148215e-09
20950.056 4.521187057460138e-09
21000.056 4.3825588323564256e-09
21050.056 4.621232394218837e-09
21100.056 4.244783918150668e-09
21150.056 4.291724015291272e-09
21200.056 3.897373467237978e-09
21250.056 3.5368465512700035e-09
21300.056 2.839396682823016e-09
21350.056 2.859474524799629e-09
21400.056 2.6633429977292537e-09
21450.056 2.106978964794233e-09
21500.056 1.8396917639107884e-09
21550.056 1.609237316559128e-09
21600.056 1.3134960456986387e-09
21650.056 9.76256454460484e-10
21700.056 8.757678562832912e-10
21750.056 8.360301802402992e-10
21800.056 5.994455090566314e-10
21850.056 5.761858626242092e-10
21900.056 3.8214690748587366e-10
21950.056 1.391941768536893e-10
22000.056 3.06402514398784e-11
22050.056 3.050909515615185e-11
22100.056 1.1095867977464715e-10
22150.056 1.2022036202771349e-10
22200.056 1.3165087678282263e-10
22250.056 9.986401300347761e-11
22300.056 5.627454039582219e-11
22350.056 7.141314648768219e-11
22400.056 2.972442069055694e-11
22450.056 3.8214207065245495e-11
22500.056 2.919422104615744e-11
22550.056 1.949087180160123e-11
22600.056 1.562273551986904e-11
22650.056 2.8458742044175072e-11
22700.056 2.264481079759093e-11
22750.056 2.4243668813956288e-11
22800.056 2.4379933630134446e-11
22850.056 1.857521556232254e-11
22900.056 1.3434411851849876e-11
22950.056 1.238366260994586e-11
23000.056 1.7746353191114686e-11
23050.056 2.3236371610400343e-11
23100.056 9.461386599379836e-11
23150.056 9.720647778019708e-11
23200.056 6.078567103329534e-12
23250.056 1.6121393666855857e-11
23300.056 1.6590117341867444e-11
23350.056 2.447572382219679e-11
23400.056 2.230732394706248e-11
23450.056 1.5069419431493577e-11
23500.056 1.5990581159854147e-11
23550.056 2.9177397736784357e-11
23600.056 4.6465543928175845e-11
23650.056 7.532200717813592e-11
23700.056 1.9523187530206997e-11
23750.056 1.4891634590883316e-11
23800.056 5.1559225319409886e-11
23850.056 4.084778917144712e-11
23900.056 8.489212933454796e-11
23950.056 5.990302372069942e-11
24000.056 1.0579820606112833e-10
24050.056 1.402480828482111e-10
24100.056 1.4755894869952857e-10
24150.056 2.07688993432916e-10
24200.056 1.474655550715576e-10
24250.056 1.1893472094244216e-10
24300.056 1.9304796421070188e-10
24350.056 1.6665628608124303e-10
24400.056 3.3103912160997325e-10
24450.056 3.765574324388222e-10
24500.056 3.514228947751574e-10
24550.056 5.060142036393538e-10
24600.056 5.242144400949486e-10
24650.056 8.045686637979751e-10
24700.056 4.698256948143164e-10
24750.056 6.360245543644293e-10
24800.056 5.973199105497517e-10
24850.056 9.49006143308492e-10
24900.056 4.868267540502933e-10
24950.056 9.791893678833415e-10
25000.056 9.613363061125102e-10
25050.056 6.527369666568186e-10
25100.056 9.919432865543316e-10
25150.056 4.943254337177819e-10
25200.056 7.5890128238161e-10
25250.056 3.5266155919067994e-10
25300.056 5.455308610581521e-10
25350.056 2.530027966590411e-10
25400.056 6.27262818582791e-10
25450.056 2.0733074511116458e-10
25500.056 1.8864408440462942e-10
25550.056 3.3513065660436605e-10
25600.056 1.7669698541210177e-10
25650.056 1.0501306739015526e-10
25700.056 1.58857526879976e-10
25750.056 4.4043836658679846e-11
25800.056 2.1497992968197469e-10
25850.056 4.576306111470296e-11
25900.056 6.53568238165379e-11
25950.056 1.8588516274157892e-11
26000.056 2.0294710862915806e-10
26050.056 3.0962932472881697e-11
26100.056 1.3455429577314377e-10
26150.056 6.608271456418412e-11
26200.056 8.870393417207837e-11
26250.056 4.4973537834532645e-10
26300.056 1.2099803966143862e-10
26350.056 6.388614469551094e-10
26400.056 8.285655853162192e-10
26450.056 7.202528339341698e-10
26500.056 1.2417183647210794e-09
26550.056 2.0457052125587e-10
26600.056 2.789481479147221e-10
26650.056 4.7162106084809745e-11
26700.056 2.918531907321103e-11
26750.056 3.5284097592946314e-11
26800.056 1.0459133413840467e-10
26850.056 5.668965540928215e-11
26900.056 2.6802934535780254e-10
26950.056 9.194027182173824e-11
27000.056 4.911402568674369e-10
27050.056 4.838094442034983e-10
27100.056 8.633107210376359e-11
27150.056 6.523787338470212e-10
27200.056 8.486794347053672e-11
27250.056 2.4839131395113883e-10
27300.056 1.4033710573409235e-09
27350.056 5.620268840520108e-10
27400.056 3.3955943811374247e-11
27450.056 7.057555922589839e-10
27500.056 7.699695034596935e-10
27550.056 1.4396385024020694e-10
27600.056 4.00966427232224e-10
27650.056 1.104106183133549e-10
27700.056 9.041172178327695e-11
27750.056 5.498145686381085e-10
27800.056 1.4767153374103783e-10
27850.056 2.5413967360673406e-10
27900.056 2.457580085308197e-10
27950.056 6.465489692235617e-10
28000.056 5.728023494355881e-10
28050.056 7.562420659796224e-11
28100.056 5.296519970895715e-10
28150.056 4.04019088193813e-10
28200.056 1.2079020480062586e-10
28250.056 7.165688348816292e-10
28300.056 6.936521054314605e-10
28350.056 1.6112332141610567e-10
28400.056 4.994296649528746e-10
28450.056 8.202944564371338e-10
28500.056 5.350297701937498e-10
28550.056 1.2826065443584225e-10
28600.056 9.0677361696625e-10
28650.056 6.184482401991975e-10
28700.056 8.238613047196935e-10
28750.056 1.2136415065829287e-09
28800.056 5.789364124428057e-10
28850.056 1.153356235945932e-09
