galfind/configs/Brown_Dwarf_templates/sonora_cholla/logkzz7/178g/1000K_178g_logkzz7_resample.dat
# %ECSV 1.0
# ---
# datatype:
# - {name: wav, unit: Angstrom, datatype: float64}
# - {name: flux_nu, unit: erg / (cm2 Hz s), datatype: float64}
# schema: astropy-2.0
wav flux_nu
[from data line 1162]
68100.00000000009 1.638616478974351e-07
68150.00000000009 1.284059139498424e-07
68200.00000000009 1.3484669200423065e-07
68250.00000000009 5.74083472678638e-08
68300.00000000009 1.1872939189633768e-07
68350.00000000009 7.031850448986408e-08
68400.00000000009 1.6531190772878413e-07
68450.00000000009 1.5538065502623044e-07
68500.00000000009 1.2764405244440206e-07
68550.00000000009 8.370339925620101e-08
68600.00000000009 8.907971279081573e-08
68650.00000000009 5.8034111140818626e-08
68700.00000000009 9.883808439307986e-08
68750.00000000009 1.250281832633649e-07
68800.00000000009 1.4156147685210041e-07
68850.00000000009 6.93977065461505e-08
68900.00000000009 1.762188797878733e-07
68950.00000000009 1.8890594932955576e-07
69000.00000000009 1.751786712000523e-07
69050.00000000009 1.0161347247500004e-07
69100.00000000009 1.781489867810749e-07
69150.00000000009 2.0904500320908782e-07
69200.00000000009 1.2900251589641184e-07
69250.00000000009 2.008314941042315e-07
69300.00000000009 1.358663355606461e-07
69350.00000000009 1.8268437976695252e-07
69400.00000000009 9.200812635859662e-08
69450.00000000009 1.9106822304164762e-07
69500.00000000009 1.1144535784724344e-07
69550.00000000009 1.2292564756655505e-07
69600.00000000009 4.822346295552876e-08
69650.00000000009 1.1018686276158344e-07
69700.00000000009 1.7313619446694336e-07
69750.00000000009 1.2299018413052907e-07
69800.00000000009 1.575251396213446e-07
69850.00000000009 1.699687431891947e-07
69900.00000000009 1.1826910759593402e-07
69950.00000000009 1.282838245764262e-07
70000.00000000009 1.1567632237316287e-07
70050.00000000009 1.799541515000634e-07
70100.00000000009 1.3244235428877074e-07
70150.00000000009 1.4736179904029826e-07
70200.00000000009 1.0300831496829047e-07
70250.00000000009 1.3304695116853438e-07
70300.00000000009 1.7732810331971935e-07
70350.00000000009 1.3218037251813335e-07
70400.00000000009 1.0753406383023407e-07
70450.00000000009 5.09647283471692e-08
70500.00000000009 8.743406773251763e-08
70550.00000000009 9.072489486333373e-08
70600.00000000009 9.366236006499951e-08
70650.00000000009 1.5085429335065183e-07
70700.00000000009 1.4347094514261834e-07
70750.00000000009 1.7761303109003724e-07
70800.00000000009 1.1664628461865253e-07
70850.00000000009 1.0743502353549071e-07
70900.00000000009 1.1151491991882937e-07
70950.00000000009 1.6417818387669104e-07
71000.00000000009 1.4068780867344796e-07
71050.00000000009 1.4965184665476943e-07
71100.00000000009 1.3014494527210287e-07
71150.00000000009 1.204913097309201e-07
71200.00000000009 1.0568189873318286e-07
71250.00000000009 1.2490474816079095e-07
71300.00000000009 1.6309751371555544e-07
71350.00000000009 1.5237304628268906e-07
71400.00000000009 1.4363550290868355e-07
71450.00000000009 8.046495740523066e-08
71500.00000000009 1.020343320617524e-07
71550.00000000009 1.0863107716805528e-07
71600.00000000009 1.269969499038851e-07
71650.00000000009 1.0703171502157134e-07
71700.00000000009 8.63009524772979e-08
71750.00000000009 1.1994409751218112e-07
71800.00000000009 1.5602125803708567e-07
71850.00000000009 1.5145929689949673e-07
71900.00000000009 9.723479601806753e-08
71950.00000000009 1.1878580970017147e-07
72000.00000000009 1.1326056625852961e-07
72050.00000000009 8.106478456647246e-08
72100.00000000009 9.778918196757099e-08
72150.00000000009 9.320700586677722e-08
72200.00000000009 1.2114603473325814e-07
72250.00000000009 1.3633422313091947e-07
72300.00000000009 1.2389523841594892e-07
72350.00000000009 1.1999724799815327e-07
72400.00000000009 1.0699443276431861e-07
72450.00000000009 9.11337688315302e-08
72500.00000000009 1.0988623528334426e-07
72550.00000000009 6.7255200337225e-08
72600.00000000009 7.329123722304224e-08
72650.00000000009 1.3380679186916379e-07
72700.00000000009 1.2379203779437982e-07
72750.00000000009 1.0418808758737834e-07
72800.00000000009 9.352462896148724e-08
72850.00000000009 9.706499624697034e-08
72900.00000000009 1.296643544787958e-07
72950.00000000009 1.151033573827038e-07
73000.00000000009 1.1552786008454569e-07
73050.00000000009 9.258969871082351e-08
73100.00000000009 8.687429898695089e-08
73150.00000000009 1.6011618515561026e-07
73200.00000000009 9.26566016708062e-08
73250.00000000009 1.1135824821246254e-07
73300.00000000009 1.0764578609819324e-07
73350.00000000009 7.859916574923064e-08
73400.00000000009 1.0452062195229723e-07
73450.00000000009 7.070942414512309e-08
73500.00000000009 7.399347434969893e-08
73550.00000000009 1.0262525150383126e-07
73600.00000000009 7.693925197746156e-08
73650.00000000009 1.0670125298806443e-07
73700.00000000009 1.2663330947551935e-07
73750.00000000009 7.300216412988733e-08
73800.00000000009 9.579738468818295e-08
73850.00000000009 1.1285490822353551e-07
73900.00000000009 1.1743510676713689e-07
73950.00000000009 9.86597926829156e-08
74000.00000000009 8.444726104291389e-08
74050.00000000009 1.5768906996264772e-07
74100.00000000009 9.72368595884676e-08
74150.00000000009 1.0570308400149367e-07
74200.00000000009 9.347007084064249e-08
74250.00000000009 5.3720395861468676e-08
74300.00000000009 9.6877814839846e-08
74350.00000000009 1.2237613805695712e-07
74400.00000000009 1.0350124892729583e-07
74450.00000000009 6.706904324144177e-08
74500.00000000009 7.491458325162028e-08
74550.00000000009 9.648989348526986e-08
74600.00000000009 8.658196786149491e-08
74650.00000000009 8.52805708471697e-08
74700.00000000009 6.569885545720536e-08
74750.00000000009 8.147850264187301e-08
74800.00000000009 8.131874717683839e-08
74850.00000000009 6.50287382870349e-08
74900.00000000009 1.2777565906738361e-07
74950.00000000009 1.2767942363604314e-07
75000.00000000009 9.900221622266032e-08
75050.00000000009 7.10602975008402e-08
75100.00000000009 1.4006726329433729e-07
75150.00000000009 1.133361252963915e-07
75200.00000000009 1.3292117263236504e-07
75250.00000000009 1.334679253223445e-07
75300.00000000009 1.334673289451738e-07
75350.00000000009 7.396585427504474e-08
75400.00000000009 1.3439110298177077e-07
75450.00000000009 1.1386390250593898e-07
75500.00000000009 1.0759549945731644e-07
75550.00000000009 1.3020599977357072e-07
75600.00000000009 1.6645962727204895e-07
75650.00000000009 1.0433044055192363e-07
75700.00000000009 1.1009722680782207e-07
75750.00000000009 7.792722456373072e-08
75800.00000000009 1.1741531223290301e-07
75850.00000000009 1.4197990597336093e-07
75900.00000000009 1.1811380170950635e-07
75950.00000000009 9.23192822852569e-08
76000.00000000009 1.1420946948257469e-07
76050.00000000009 1.2045652214068653e-07
76100.00000000009 1.0639560253274003e-07
76150.00000000009 1.2508059679219857e-07
76200.00000000009 1.2723129637093272e-07
76250.00000000009 1.5723372602047117e-07
76300.00000000009 1.7498643323589554e-07
76350.00000000009 2.1677962289716667e-07
76400.00000000009 1.603526588927724e-07
76450.00000000009 1.488357578527983e-07
76500.00000000009 1.2822136472775198e-07
76550.00000000009 1.0669298702576388e-07
76600.00000000009 4.748119978319476e-08
76650.00000000009 5.4844424048507315e-08
76700.00000000009 6.010854109837581e-08
76750.00000000009 5.7929785718594136e-08
76800.00000000009 9.357260873597712e-08
76850.00000000009 3.583017428222261e-08
76900.00000000009 4.715983832165373e-08
76950.00000000009 7.510022966256028e-08
77000.00000000009 8.177598604618665e-08
77050.00000000009 5.488177617698418e-08
77100.00000000009 6.095035679480797e-08
77150.00000000009 9.0482352711197e-08
77200.00000000009 7.698252602788365e-08
77250.00000000009 8.62947685504693e-08
77300.00000000009 8.272426878124989e-08
77350.00000000009 5.293847693861167e-08
77400.00000000009 4.926706924504574e-08
77450.00000000009 6.238647497794757e-08
77500.00000000009 5.926629942438374e-08
77550.00000000009 7.341230043624314e-08
77600.00000000009 7.93922087639653e-08
77650.00000000009 7.468214854991105e-08
77700.00000000009 5.553627637982783e-08
77750.00000000009 1.0120610936836573e-07
77800.00000000009 7.9178630938088e-08
77850.00000000009 1.2537390791724806e-07
77900.00000000009 1.0162465676567128e-07
77950.00000000009 6.309243801058814e-08
78000.00000000009 8.390575599352005e-08
78050.00000000009 9.063632579640643e-08
78100.00000000009 6.964847336291312e-08
78150.00000000009 1.1160499191653906e-07
78200.00000000009 1.1373373305941036e-07
78250.00000000009 1.3086675784835715e-07
78300.00000000009 1.194422074394358e-07
78350.00000000009 1.1033163945474157e-07
78400.00000000009 9.37959826862931e-08
78450.00000000009 1.352018733503725e-07
78500.00000000009 1.274987154585359e-07
78550.00000000009 1.3077187768001947e-07
78600.00000000009 1.1271577583641897e-07
78650.00000000009 4.920055247266721e-08
78700.00000000009 8.711916040511598e-08
78750.00000000009 8.342459100032347e-08
78800.00000000009 1.1838309413655569e-07
78850.00000000009 7.141371374892869e-08
78900.00000000009 1.0825286357010463e-07
78950.00000000009 9.295107186489202e-08
79000.00000000009 9.890298354889876e-08
79050.00000000009 9.243005647151159e-08
79100.00000000009 9.830640025239846e-08
79150.00000000009 1.089050529539353e-07
79200.00000000009 1.275990501139449e-07
79250.00000000009 1.0440886610104249e-07
79300.00000000009 7.74015653049041e-08
79350.00000000009 1.1823341285576605e-07
79400.00000000009 9.580677001421283e-08
79450.00000000009 1.1912295872202942e-07
79500.00000000009 1.6452241481906497e-07
79550.00000000009 1.3047850668106816e-07
79600.00000000009 8.237250705177935e-08
79650.00000000009 1.1103575228353477e-07
79700.00000000009 1.3543503794584773e-07
79750.00000000009 1.3332991622261178e-07
79800.00000000009 1.0726951466838067e-07
79850.00000000009 1.0914315646111859e-07
79900.00000000009 1.7212539246752643e-07
79950.00000000009 1.2195210780311725e-07
