galfind/configs/Brown_Dwarf_templates/sonora_cholla/logkzz7/178g/1050K_178g_logkzz7_resample.dat
# %ECSV 1.0
# ---
# datatype:
# - {name: wav, unit: Angstrom, datatype: float64}
# - {name: flux_nu, unit: erg / (cm2 Hz s), datatype: float64}
# schema: astropy-2.0
wav flux_nu
[from data line 1162]
68100.00000000009 1.859888180191321e-07
68150.00000000009 1.4594064402042117e-07
68200.00000000009 1.5566416383335066e-07
68250.00000000009 7.050709485943843e-08
68300.00000000009 1.3779721118460178e-07
68350.00000000009 8.315285164181198e-08
68400.00000000009 1.867152622367738e-07
68450.00000000009 1.780175211448242e-07
68500.00000000009 1.4871048526844462e-07
68550.00000000009 1.0126738841042776e-07
68600.00000000009 1.0796473630246215e-07
68650.00000000009 7.28759228798092e-08
68700.00000000009 1.1904817627067566e-07
68750.00000000009 1.4687513395660947e-07
68800.00000000009 1.6472806869920828e-07
68850.00000000009 8.511479588487061e-08
68900.00000000009 2.025692656189598e-07
68950.00000000009 2.2063019803124322e-07
69000.00000000009 2.0779983090192025e-07
69050.00000000009 1.2210221786283838e-07
69100.00000000009 2.059931136598687e-07
69150.00000000009 2.3816931038609303e-07
69200.00000000009 1.475540698749078e-07
69250.00000000009 2.256547377434172e-07
69300.00000000009 1.6772734582545937e-07
69350.00000000009 2.0543153993202233e-07
69400.00000000009 1.1038794102486987e-07
69450.00000000009 2.1804459588089108e-07
69500.00000000009 1.3122528455145787e-07
69550.00000000009 1.4657958234494503e-07
69600.00000000009 5.976785741112726e-08
69650.00000000009 1.3135741198351125e-07
69700.00000000009 1.979072227752568e-07
69750.00000000009 1.442406568061577e-07
69800.00000000009 1.8219195919591033e-07
69850.00000000009 1.9809125163595925e-07
69900.00000000009 1.363095402227766e-07
69950.00000000009 1.5244792555355057e-07
70000.00000000009 1.337755864351997e-07
70050.00000000009 2.0343510850249792e-07
70100.00000000009 1.5188567558072227e-07
70150.00000000009 1.746451171608987e-07
70200.00000000009 1.231996763919424e-07
70250.00000000009 1.544991842815149e-07
70300.00000000009 2.0053658799948935e-07
70350.00000000009 1.517626350821284e-07
70400.00000000009 1.2873299846374788e-07
70450.00000000009 6.44307099327692e-08
70500.00000000009 1.0424442547411511e-07
70550.00000000009 1.0836069260582223e-07
70600.00000000009 1.1637512585837137e-07
70650.00000000009 1.7160223420597626e-07
70700.00000000009 1.6542203503152535e-07
70750.00000000009 2.0391439761306132e-07
70800.00000000009 1.3708513391111318e-07
70850.00000000009 1.2530638124648656e-07
70900.00000000009 1.2965380738124412e-07
70950.00000000009 1.8796007712787366e-07
71000.00000000009 1.6204667802018283e-07
71050.00000000009 1.75261507313026e-07
71100.00000000009 1.5487604584884898e-07
71150.00000000009 1.4250164942743978e-07
71200.00000000009 1.2439731650145164e-07
71250.00000000009 1.4809601623094045e-07
71300.00000000009 1.8823533225318953e-07
71350.00000000009 1.7135825224241533e-07
71400.00000000009 1.6484609843829686e-07
71450.00000000009 9.609368238651733e-08
71500.00000000009 1.231785758526361e-07
71550.00000000009 1.28538843778872e-07
71600.00000000009 1.5063668522882838e-07
71650.00000000009 1.277025910878068e-07
71700.00000000009 1.0438829691321926e-07
71750.00000000009 1.4332948784339358e-07
71800.00000000009 1.8332491003424546e-07
71850.00000000009 1.7866684158299555e-07
71900.00000000009 1.1594359571989596e-07
71950.00000000009 1.4273920208702735e-07
72000.00000000009 1.3437570340014037e-07
72050.00000000009 9.774972555817611e-08
72100.00000000009 1.1770365745182715e-07
72150.00000000009 1.1730012557949009e-07
72200.00000000009 1.4431815216395917e-07
72250.00000000009 1.6004330485961026e-07
72300.00000000009 1.4883196574459363e-07
72350.00000000009 1.3932991281372607e-07
72400.00000000009 1.2669346203644234e-07
72450.00000000009 1.1141707660087635e-07
72500.00000000009 1.2985067545165594e-07
72550.00000000009 8.143694907585801e-08
72600.00000000009 8.590941807746311e-08
72650.00000000009 1.5997314516309606e-07
72700.00000000009 1.4932077706249952e-07
72750.00000000009 1.2464244563659485e-07
72800.00000000009 1.1494958348982908e-07
72850.00000000009 1.1882808778436124e-07
72900.00000000009 1.5422282415199574e-07
72950.00000000009 1.3608462096170275e-07
73000.00000000009 1.3756992133824356e-07
73050.00000000009 1.1424018972800324e-07
73100.00000000009 1.0729910229338132e-07
73150.00000000009 1.898921821270439e-07
73200.00000000009 1.1620993536579381e-07
73250.00000000009 1.365176550446569e-07
73300.00000000009 1.3118451244593354e-07
73350.00000000009 9.661215391521529e-08
73400.00000000009 1.248343798317378e-07
73450.00000000009 8.451215742722241e-08
73500.00000000009 9.403736181227364e-08
73550.00000000009 1.2452169734821336e-07
73600.00000000009 9.450732710261073e-08
73650.00000000009 1.286793156514367e-07
73700.00000000009 1.5511854366406365e-07
73750.00000000009 9.312418697752393e-08
73800.00000000009 1.1415635134376134e-07
73850.00000000009 1.3574500730620307e-07
73900.00000000009 1.4521807600851698e-07
73950.00000000009 1.201877052854186e-07
74000.00000000009 1.0820993376542398e-07
74050.00000000009 1.896708645406565e-07
74100.00000000009 1.1779431986452276e-07
74150.00000000009 1.2993969054959296e-07
74200.00000000009 1.1459510155958116e-07
74250.00000000009 7.339487361545781e-08
74300.00000000009 1.199258956084689e-07
74350.00000000009 1.4480258590096897e-07
74400.00000000009 1.2101190556291554e-07
74450.00000000009 8.442446540108528e-08
74500.00000000009 9.428311676786138e-08
74550.00000000009 1.1814683345584721e-07
74600.00000000009 1.034845334132568e-07
74650.00000000009 1.0140084640974237e-07
74700.00000000009 7.889196857146739e-08
74750.00000000009 1.0267128931606446e-07
74800.00000000009 9.745458471340701e-08
74850.00000000009 7.608556827197373e-08
74900.00000000009 1.5661774650319214e-07
74950.00000000009 1.520356230836315e-07
75000.00000000009 1.2342516414343055e-07
75050.00000000009 9.584494096296221e-08
75100.00000000009 1.6876115330094076e-07
75150.00000000009 1.3560706381353194e-07
75200.00000000009 1.5852769442510755e-07
75250.00000000009 1.58820765313473e-07
75300.00000000009 1.59722440028475e-07
75350.00000000009 9.048904962376285e-08
75400.00000000009 1.5519661424255465e-07
75450.00000000009 1.3508834152066225e-07
75500.00000000009 1.2919362968016914e-07
75550.00000000009 1.5545058401453027e-07
75600.00000000009 1.9752725689378056e-07
75650.00000000009 1.2903572518512284e-07
75700.00000000009 1.292311478040314e-07
75750.00000000009 9.436808007931135e-08
75800.00000000009 1.3809666277046875e-07
75850.00000000009 1.6456679528117636e-07
75900.00000000009 1.3634015820699898e-07
75950.00000000009 1.1347221908987664e-07
76000.00000000009 1.313140776468017e-07
76050.00000000009 1.3924716144449508e-07
76100.00000000009 1.2292817594881677e-07
76150.00000000009 1.4431769666256007e-07
76200.00000000009 1.4796394837101598e-07
76250.00000000009 1.8787954438066563e-07
76300.00000000009 2.0116229321930127e-07
76350.00000000009 2.4957891202629176e-07
76400.00000000009 1.855023190154061e-07
76450.00000000009 1.708017540181382e-07
76500.00000000009 1.5008886591209816e-07
76550.00000000009 1.3343365583024525e-07
76600.00000000009 6.3248774919628e-08
76650.00000000009 7.271336961116022e-08
76700.00000000009 8.208667665176877e-08
76750.00000000009 7.592999514248377e-08
76800.00000000009 1.185448412923282e-07
76850.00000000009 5.098607680935891e-08
76900.00000000009 6.129593441018393e-08
76950.00000000009 9.406035216346953e-08
77000.00000000009 1.0208141865577335e-07
77050.00000000009 7.211651199273567e-08
77100.00000000009 7.584232932546225e-08
77150.00000000009 1.0978870763482839e-07
77200.00000000009 9.730861844288696e-08
77250.00000000009 1.0733608316858884e-07
77300.00000000009 1.0170585255902043e-07
77350.00000000009 6.704516334355407e-08
77400.00000000009 6.062847902088522e-08
77450.00000000009 7.408080480056791e-08
77500.00000000009 7.831635137139401e-08
77550.00000000009 9.249061361408802e-08
77600.00000000009 9.9919205791046e-08
77650.00000000009 9.481587818883971e-08
77700.00000000009 7.398333016169627e-08
77750.00000000009 1.234110220737922e-07
77800.00000000009 9.865825389231594e-08
77850.00000000009 1.4867996349905765e-07
77900.00000000009 1.2383337946733896e-07
77950.00000000009 8.04484260405572e-08
78000.00000000009 1.0198088842933123e-07
78050.00000000009 1.1016986077353102e-07
78100.00000000009 8.429328095227746e-08
78150.00000000009 1.3224044667440067e-07
78200.00000000009 1.3657393796872313e-07
78250.00000000009 1.5607516033377894e-07
78300.00000000009 1.452467938439055e-07
78350.00000000009 1.3371671821579622e-07
78400.00000000009 1.1523895510901904e-07
78450.00000000009 1.617375121500706e-07
78500.00000000009 1.5362142262399193e-07
78550.00000000009 1.5069651113811506e-07
78600.00000000009 1.3096788075241646e-07
78650.00000000009 6.17878014438188e-08
78700.00000000009 1.0995683082728344e-07
78750.00000000009 1.033413204248516e-07
78800.00000000009 1.4222194214780562e-07
78850.00000000009 9.078989747788081e-08
78900.00000000009 1.2845452713868756e-07
78950.00000000009 1.078673771182902e-07
79000.00000000009 1.1790667729897282e-07
79050.00000000009 1.1206793364036093e-07
79100.00000000009 1.1880601079994563e-07
79150.00000000009 1.3351238149447437e-07
79200.00000000009 1.5641798873378552e-07
79250.00000000009 1.289983602381347e-07
79300.00000000009 9.644213408417774e-08
79350.00000000009 1.434979491697026e-07
79400.00000000009 1.1727489056512622e-07
79450.00000000009 1.390822981813711e-07
79500.00000000009 1.9195152489162356e-07
79550.00000000009 1.5264680912398675e-07
79600.00000000009 1.0084974661765016e-07
79650.00000000009 1.298442963143379e-07
79700.00000000009 1.6518080349440818e-07
79750.00000000009 1.5881763186619783e-07
79800.00000000009 1.3154184400927145e-07
79850.00000000009 1.301376298119171e-07
79900.00000000009 2.039861242133423e-07
79950.00000000009 1.4636435212876037e-07
