galfind/configs/Brown_Dwarf_templates/sonora_cholla/logkzz7/178g/1050K_178g_logkzz7_resample.dat
# %ECSV 1.0
# ---
# datatype:
# - {name: wav, unit: Angstrom, datatype: float64}
# - {name: flux_nu, unit: erg / (cm2 Hz s), datatype: float64}
# schema: astropy-2.0
wav flux_nu
[from data line 388]
29400.000000000095 8.617928248792536e-08
29450.000000000095 8.949299480716455e-08
29500.000000000095 9.908140894698102e-08
29550.000000000095 8.287540759252706e-08
29600.000000000095 1.1763343497065028e-07
29650.000000000095 1.0069290598187378e-07
29700.000000000095 8.373121421271704e-08
29750.000000000095 1.0946794850802815e-07
29800.000000000095 1.2605470524460087e-07
29850.000000000095 1.3407463586132042e-07
29900.000000000095 1.2842760984022296e-07
29950.000000000095 1.1140332812656416e-07
30000.000000000095 1.0325006564525784e-07
30050.000000000095 9.04664468687019e-08
30100.000000000095 1.122156985723331e-07
30150.000000000095 1.474667653514212e-07
30200.000000000095 1.1086514105991857e-07
30250.000000000095 1.672024968934185e-07
30300.000000000095 1.4074384896652485e-07
30350.000000000095 1.1996666681191357e-07
30400.000000000095 1.637365846526261e-07
30450.000000000095 1.2336198597300267e-07
30500.000000000095 1.1881051406553446e-07
30550.000000000095 1.3214236471381332e-07
30600.000000000095 1.5664450275182118e-07
30650.000000000095 1.4716120204022752e-07
30700.000000000095 1.2778244867815613e-07
30750.000000000095 1.246822634301787e-07
30800.000000000095 1.152756909568471e-07
30850.000000000095 1.1866922996758162e-07
30900.000000000095 1.2117160420798922e-07
30950.000000000095 7.487122961828456e-08
31000.000000000095 1.0592549527106673e-07
31050.000000000095 1.0749969909463212e-07
31100.000000000095 7.373961718024893e-08
31150.000000000095 9.219769822004478e-08
31200.000000000095 1.0004742026261743e-07
31250.000000000095 8.164155050552499e-08
31300.000000000095 7.883828066392366e-08
31350.000000000095 7.523822676930513e-08
31400.000000000095 5.461119044369928e-08
31450.000000000095 7.628925916970922e-08
31500.000000000095 5.8608890661816895e-08
31550.000000000095 7.022669711062519e-08
31600.000000000095 5.028320477633189e-08
31650.000000000095 5.2895863599405835e-08
31700.000000000095 5.7969722886859986e-08
31750.000000000095 4.368948378175992e-08
31800.000000000095 5.548822211625082e-08
31850.000000000095 4.6370099475632835e-08
31900.000000000095 4.707976754675213e-08
31950.000000000095 4.530056461998168e-08
32000.000000000095 4.36068982102084e-08
32050.000000000095 3.8579640283252936e-08
32100.000000000095 3.549393734673555e-08
32150.000000000095 4.65824146652013e-08
32200.000000000095 3.502877511120023e-08
32250.000000000095 4.99960832567746e-08
32300.000000000095 3.033633089831614e-08
32350.000000000095 6.409681372965491e-08
32400.000000000095 4.2467907749861116e-08
32450.000000000095 5.814017988650488e-08
32500.000000000095 4.5365124362810035e-08
32550.000000000095 5.769886376941143e-08
32600.000000000095 6.275387975310069e-08
32650.000000000095 7.536505282029342e-08
32700.000000000095 6.099724442105657e-08
32750.000000000095 8.768041298344014e-08
32800.000000000095 6.56869209449416e-08
32850.000000000095 9.071446544458488e-08
32900.000000000095 1.0028814319262599e-07
32950.000000000095 9.789980961737085e-08
33000.000000000095 8.425275140423524e-08
33050.000000000095 8.605876631495284e-08
33100.000000000095 4.767153385646863e-08
33150.000000000095 1.040578200875711e-08
33200.000000000095 1.2170679911547136e-08
33250.000000000095 7.320232131918569e-09
33300.000000000095 8.421826317374868e-09
33350.000000000095 1.6968950681276737e-08
33400.000000000095 2.5059868307257018e-08
33450.000000000095 3.216894717677548e-08
33500.000000000095 4.5873468310656064e-08
33550.000000000095 4.271492803837287e-08
33600.000000000095 6.388850009165043e-08
33650.000000000095 6.625516757198038e-08
33700.000000000095 5.796536347760279e-08
33750.000000000095 8.031468205380126e-08
33800.000000000095 5.4392158561821296e-08
33850.000000000095 7.55908986317453e-08
33900.000000000095 6.709126476049328e-08
33950.000000000095 7.551931319198836e-08
34000.000000000095 7.817653448184579e-08
34050.000000000095 3.9945312196548746e-08
34100.000000000095 7.416300587465429e-08
34150.000000000095 5.480146162366539e-08
34200.000000000095 7.05120973560822e-08
34250.000000000095 6.140015436069974e-08
34300.000000000095 4.846369492995635e-08
34350.000000000095 6.688695272430186e-08
34400.000000000095 5.548116562080663e-08
34450.000000000095 7.850866233083292e-08
34500.000000000095 6.760468710380008e-08
34550.000000000095 4.664627080970874e-08
34600.000000000095 8.263053026054287e-08
34650.000000000095 5.09308536927453e-08
34700.000000000095 5.978839765776208e-08
34750.000000000095 6.059326990994169e-08
34800.000000000095 4.039733351750449e-08
34850.000000000095 6.836075731396787e-08
34900.000000000095 7.454589803860609e-08
34950.000000000095 6.453457654064657e-08
35000.000000000095 8.816941286618967e-08
35050.000000000095 6.695682844780393e-08
35100.000000000095 8.959324464266204e-08
35150.000000000095 8.280941355242283e-08
35200.000000000095 1.0600641410913878e-07
35250.000000000095 1.1756082744408796e-07
35300.000000000095 7.388098815004099e-08
35350.000000000095 1.0696394058729466e-07
35400.000000000095 1.0363561344847183e-07
35450.000000000095 8.806635513027078e-08
35500.000000000095 1.4215716926916595e-07
35550.000000000095 1.226210808937585e-07
35600.000000000095 1.2845363030509076e-07
35650.000000000095 1.3441517166235784e-07
35700.000000000095 9.203888734043269e-08
35750.000000000095 1.4972580622816371e-07
35800.000000000095 1.4466239830077369e-07
35850.000000000095 1.059749785505051e-07
35900.000000000095 1.588920342033114e-07
35950.000000000095 1.5398471654513623e-07
36000.000000000095 1.2570735150392735e-07
36050.000000000095 1.6370799576725712e-07
36100.000000000095 1.4968481395907554e-07
36150.000000000095 1.7276120398730186e-07
36200.000000000095 1.7601808858459605e-07
36250.000000000095 1.774528560160871e-07
36300.000000000095 1.9806635930856224e-07
36350.000000000095 2.0327082518570882e-07
36400.000000000095 2.386314921619726e-07
36450.000000000095 2.319577124077466e-07
36500.000000000095 2.2794383121524864e-07
36550.000000000095 2.4982524902217906e-07
36600.000000000095 2.792836931967063e-07
36650.000000000095 2.8235463451567065e-07
36700.000000000095 2.9560762143720753e-07
36750.000000000095 3.242271080766769e-07
36800.000000000095 3.042495258112189e-07
36850.000000000095 2.9076558247401273e-07
36900.000000000095 2.941789096252366e-07
36950.000000000095 3.3399881330529903e-07
37000.000000000095 3.109256941477199e-07
37050.000000000095 3.404520487341499e-07
37100.000000000095 3.4666032993408113e-07
37150.000000000095 3.6364374115962353e-07
37200.000000000095 3.8094957479882224e-07
37250.000000000095 3.330519206254264e-07
37300.000000000095 3.4512244301931783e-07
37350.000000000095 3.735110527145101e-07
37400.000000000095 4.3494851778061596e-07
37450.000000000095 3.961357158889123e-07
37500.000000000095 3.607708330917044e-07
37550.000000000095 4.640892304183685e-07
37600.000000000095 4.880394325718768e-07
37650.000000000095 3.9902431280773084e-07
37700.000000000095 4.5851505827481515e-07
37750.000000000095 3.7734552143791945e-07
37800.000000000095 4.4182915887709885e-07
37850.000000000095 3.652380578637387e-07
37900.000000000095 4.324068052791235e-07
37950.000000000095 4.7622046826923754e-07
38000.000000000095 5.260555957366582e-07
38050.000000000095 4.7323982004692997e-07
38100.000000000095 5.081539881259243e-07
38150.000000000095 5.072010996572796e-07
38200.000000000095 5.424360386133374e-07
38250.000000000095 5.084023136840095e-07
38300.000000000095 5.846668528533986e-07
38350.000000000095 6.0165484127735e-07
38400.000000000095 4.665877739501559e-07
38450.000000000095 5.427733479406179e-07
38500.000000000095 4.773247275273643e-07
38550.000000000095 5.399728952492146e-07
38600.000000000095 5.575947201030482e-07
38650.000000000095 6.200025719158664e-07
38700.000000000095 6.203675721728068e-07
38750.000000000095 6.070467332124939e-07
38800.000000000095 5.687507195942342e-07
38850.000000000095 6.395563302317514e-07
38900.000000000095 6.325118318635469e-07
38950.000000000095 6.145067846308385e-07
39000.000000000095 6.832128467487654e-07
39050.000000000095 6.379162527069797e-07
39100.000000000095 6.084952635366474e-07
39150.000000000095 6.505558968689016e-07
39200.000000000095 6.168982124989304e-07
39250.000000000095 6.984070780692021e-07
39300.000000000095 6.77350102001732e-07
39350.000000000095 7.446944928154869e-07
39400.000000000095 7.355378423603238e-07
39450.000000000095 7.445625580041116e-07
39500.000000000095 6.632621080910001e-07
39550.000000000095 7.050132446758313e-07
39600.000000000095 7.186986180643729e-07
39650.000000000095 7.902668353521759e-07
39700.000000000095 7.257856488356232e-07
39750.000000000095 6.432940012166839e-07
39800.000000000095 7.310249033483355e-07
39850.000000000095 7.594523999940372e-07
39900.000000000095 7.601672762672182e-07
39950.000000000095 7.529532658258498e-07
40000.000000000095 7.565723732144436e-07
40050.000000000095 7.876957663850047e-07
40100.000000000095 7.297003546982269e-07
40150.000000000095 8.417664064914576e-07
40200.000000000095 8.564179479452591e-07
40250.000000000095 7.277600416263142e-07
40300.000000000095 7.849118514953524e-07
40350.000000000095 7.405938464830408e-07
40400.000000000095 8.14148732668414e-07
40450.000000000095 7.80110258421052e-07
40500.000000000095 7.179471002331512e-07
40550.000000000095 8.185137771727849e-07
40600.000000000095 7.084558879153131e-07
40650.000000000095 8.367152241908967e-07
40700.000000000095 9.305719265111212e-07
40750.000000000095 7.724623414691164e-07
40800.000000000095 6.868279901978851e-07
40850.000000000095 7.969240813716432e-07
40900.000000000095 7.62012734719374e-07
40950.000000000095 7.458038477402324e-07
41000.000000000095 7.732108244548814e-07
41050.000000000095 8.101773787109578e-07
41100.000000000095 7.0559432044048e-07
41150.000000000095 6.792532453897265e-07
41200.000000000095 7.879259318004704e-07
41250.000000000095 7.91349882028311e-07
41300.000000000095 6.039355074753392e-07
41350.000000000095 8.177480752991442e-07
41400.000000000095 7.478582118545337e-07
41450.000000000095 7.740373699025876e-07
41500.000000000095 7.450043749991639e-07
41550.000000000095 6.704874799180649e-07
41600.000000000095 7.183070738976689e-07
41650.000000000095 7.011207681207181e-07
41700.000000000095 6.461493555589188e-07
41750.000000000095 5.818046615810927e-07
41800.000000000095 7.490903007344008e-07
41850.000000000095 4.2373009955263456e-07
41900.000000000095 5.942552343958966e-07
41950.000000000095 5.943362573577261e-07
42000.000000000095 5.911722518751066e-07
42050.000000000095 4.791856703909013e-07
42100.000000000095 5.157764513653366e-07
42150.000000000095 3.844281595535657e-07
42200.000000000095 4.4413469925718514e-07
42250.000000000095 4.093662569619457e-07
42300.000000000095 4.008417094675793e-07
42350.000000000095 4.2883719737517955e-07
42400.000000000095 3.482657288556042e-07
42450.000000000095 2.855515146157321e-07
42500.000000000095 3.608940705593776e-07
42550.000000000095 3.4382611996570394e-07
42600.000000000095 4.2055286385443787e-07
42650.000000000095 4.4865380805078596e-07
42700.000000000095 3.902335408505707e-07
42750.000000000095 3.838668477053961e-07
42800.000000000095 3.377961152824355e-07
42850.000000000095 4.195717924410041e-07
42900.000000000095 4.1248651945718114e-07
42950.000000000095 3.3360014367854535e-07
43000.000000000095 4.134609237527667e-07
43050.000000000095 2.787604765673838e-07
43100.000000000095 3.947857835425618e-07
43150.000000000095 4.1149937347835826e-07
43200.000000000095 4.0003824026864534e-07
43250.000000000095 3.687824133223899e-07
43300.000000000095 4.734212266538127e-07
43350.000000000095 3.4963030825021993e-07
43400.000000000095 4.368934281701441e-07
43450.000000000095 3.0954232683958453e-07
43500.000000000095 3.2589263527123185e-07
43550.000000000095 3.0823495183762994e-07
43600.000000000095 4.0343229406730017e-07
43650.000000000095 2.653266562139426e-07
43700.000000000095 4.026582953549092e-07
43750.000000000095 3.9306150632953384e-07
43800.000000000095 3.0995198487004e-07
43850.000000000095 3.4302063612857175e-07
43900.000000000095 2.655727871535853e-07
43950.000000000095 2.808166563967337e-07
44000.000000000095 1.9536370998806542e-07
44050.000000000095 2.691954521202602e-07
44100.000000000095 2.781771335895959e-07
44150.000000000095 2.7757304241552756e-07
44200.000000000095 2.402652345456941e-07
44250.000000000095 2.2586542845894173e-07
44300.000000000095 2.072095872367344e-07
44350.000000000095 1.7216883138255174e-07
44400.000000000095 1.839831215930144e-07
44450.000000000095 1.8224962908455582e-07
44500.000000000095 1.4438709914860565e-07
44550.000000000095 1.594138262270528e-07
44600.000000000095 1.3354341344585954e-07
44650.000000000095 1.5195620445257414e-07
44700.000000000095 1.429797434393653e-07
44750.000000000095 1.462013253898663e-07
44800.000000000095 1.359382033023686e-07
44850.000000000095 1.2472658982183967e-07
44900.000000000095 1.0473152736667623e-07
44950.000000000095 1.0290003971438572e-07
45000.000000000095 1.0353832193385837e-07
45050.000000000095 1.0891468690948036e-07
45100.000000000095 1.0001643763174077e-07
45150.000000000095 9.351196406438184e-08
45200.000000000095 7.621798759186732e-08
45250.000000000095 8.106648853900409e-08
45300.000000000095 9.292328436502378e-08
45350.000000000095 9.237631181114776e-08
45400.000000000095 7.199463324451894e-08
45450.000000000095 7.085308568827745e-08
45500.000000000095 7.441691664878322e-08
45550.000000000095 8.907076782848774e-08
45600.000000000095 6.952195132468777e-08
45650.000000000095 6.937973321512707e-08
45700.000000000095 8.979995020813942e-08
45750.000000000095 7.54719311019628e-08
45800.000000000095 6.40773517337979e-08
45850.000000000095 9.38296507316637e-08
45900.000000000095 9.086645565851596e-08
45950.000000000095 6.610847580026854e-08
46000.000000000095 8.702549252792616e-08
46050.000000000095 9.52935843170886e-08
46100.000000000095 6.69145466598337e-08
46150.000000000095 9.526701977116687e-08
46200.000000000095 9.186342262019068e-08
46250.000000000095 5.160736274285897e-08
46300.000000000095 1.0639146019086023e-07
46350.000000000095 7.664162152009003e-08
46400.000000000095 9.143350005203069e-08
46450.000000000095 1.2077872831658057e-07
46500.000000000095 8.993153404609192e-08
46550.000000000095 1.302561789010489e-07
46600.000000000095 1.299298718342136e-07
46650.000000000095 1.9951807036247535e-07
46700.000000000095 1.5114109393795805e-07
46750.000000000095 1.170600416567067e-07
46800.000000000095 9.996261908157285e-08
46850.000000000095 1.199989908711526e-07
46900.000000000095 1.0483182684067753e-07
46950.000000000095 1.459581141424946e-07
47000.000000000095 8.274347035009461e-08
47050.000000000095 1.4939533903733995e-07
47100.000000000095 7.961651809082565e-08
47150.000000000095 9.695893401503536e-08
47200.000000000095 1.0916927211981813e-07
47250.000000000095 8.190475829999257e-08
47300.000000000095 9.953562719398579e-08
47350.000000000095 7.140651868438402e-08
47400.000000000095 1.2366512997408226e-07
47450.000000000095 7.243580701181818e-08
47500.000000000095 1.3309294179555434e-07
47550.000000000095 7.597995314163146e-08
47600.000000000095 1.2774350867319463e-07
47650.000000000095 7.89468390012496e-08
47700.000000000095 1.1914732082866912e-07
47750.000000000095 7.153308323249643e-08
47800.000000000095 1.2069918382556423e-07
47850.000000000095 6.534311443639711e-08
47900.000000000095 1.1167644514741039e-07
47950.000000000095 8.367337165624697e-08
48000.000000000095 1.41887328953539e-07
48050.000000000095 9.60126121586493e-08
48100.000000000095 1.3463830571303698e-07
48150.000000000095 9.362992672847933e-08
48200.000000000095 1.3807298636913389e-07
48250.000000000095 1.0386311889292628e-07
48300.000000000095 1.650093914227677e-07
48350.000000000095 9.852806435138486e-08
48400.000000000095 1.3562274205177408e-07
48450.000000000095 8.746951768745331e-08
48500.000000000095 1.6466953676886736e-07
48550.000000000095 8.782583633465594e-08
48600.000000000095 1.554675919299584e-07
48650.000000000095 8.906575127308643e-08
48700.000000000095 1.7129439223110557e-07
