galfind/configs/Brown_Dwarf_templates/sonora_cholla/logkzz7/178g/1100K_178g_logkzz7_resample.dat
# %ECSV 1.0
# ---
# datatype:
# - {name: wav, unit: Angstrom, datatype: float64}
# - {name: flux_nu, unit: erg / (cm2 Hz s), datatype: float64}
# schema: astropy-2.0
wav flux_nu
[from data line 776]
48800.000000000095 1.9231101828022231e-07
48850.000000000095 1.435073332529956e-07
48900.000000000095 2.0386990565402282e-07
48950.000000000095 1.7930239005997172e-07
49000.000000000095 1.583492973126523e-07
49050.000000000095 1.9124576477063903e-07
49100.000000000095 1.4226383035928086e-07
49150.000000000095 2.1905093199601194e-07
49200.000000000095 1.4927222029528298e-07
49250.000000000095 2.2347998975488087e-07
49300.000000000095 1.6922772933148455e-07
49350.000000000095 1.8795961662688478e-07
49400.000000000095 2.2483954420671178e-07
49450.000000000095 1.9534707979085638e-07
49500.000000000095 1.9870590678627833e-07
49550.000000000095 1.3366183081503423e-07
49600.000000000095 2.0740400439423964e-07
49650.000000000095 1.8824739427030227e-07
49700.000000000095 1.7093417443733498e-07
49750.000000000095 2.8037336481433683e-07
49800.000000000095 1.7024192726019216e-07
49850.000000000095 2.9990784143724597e-07
49900.000000000095 2.1908412299100824e-07
49950.000000000095 2.5476093658847947e-07
50000.000000000095 2.769632280329836e-07
50050.000000000095 2.426343365839183e-07
50100.000000000095 3.32196204262935e-07
50150.000000000095 1.7574200337833528e-07
50200.000000000095 1.4349652380802165e-07
50250.000000000095 2.8290651404174114e-07
50300.000000000095 2.0057798831707836e-07
50350.000000000095 2.744963984200247e-07
50400.000000000095 2.424575708912386e-07
50450.000000000095 2.5493616776383673e-07
50500.000000000095 3.1357719623816737e-07
50550.000000000095 2.562906358283871e-07
50600.000000000095 3.0306051160171925e-07
50650.000000000095 2.6411280677043805e-07
50700.000000000095 3.611236032980046e-07
50750.000000000095 3.655958074723996e-07
50800.000000000095 1.9049856607620364e-07
50850.000000000095 2.2845694188951572e-07
50900.000000000095 3.411421301902933e-07
50950.000000000095 3.631046453251771e-07
51000.000000000095 3.285494485301464e-07
51050.000000000095 2.929566236593895e-07
51100.000000000095 2.0631583222743984e-07
51150.000000000095 2.5308178331209606e-07
51200.000000000095 3.5003336156345604e-07
51250.000000000095 3.4246768482526694e-07
51300.000000000095 2.1975488877153662e-07
51350.000000000095 2.939233783570411e-07
51400.000000000095 2.3811379066240453e-07
51450.000000000095 2.051190702844204e-07
51500.000000000095 1.892939920618786e-07
51550.000000000095 3.378741632656795e-07
51600.000000000095 2.2880697838444003e-07
51650.000000000095 3.163915627920802e-07
51700.000000000095 3.2287422284022915e-07
51750.000000000095 2.2016547905450475e-07
51800.000000000095 4.184972736996593e-07
51850.000000000095 3.2324124264421195e-07
51900.000000000095 4.0396086608491033e-07
51950.000000000095 3.517178277074329e-07
52000.000000000095 1.451752940772908e-07
52050.000000000095 2.378399483619213e-07
52100.000000000095 2.2696443503146122e-07
52150.000000000095 1.9041190693458066e-07
52200.000000000095 2.140109793563304e-07
52250.000000000095 2.438649919499965e-07
52300.000000000095 3.857265919355191e-07
52350.000000000095 2.8326036604025245e-07
52400.000000000095 2.1948033960841735e-07
52450.000000000095 3.366024686789932e-07
52500.000000000095 3.105415310605099e-07
52550.000000000095 3.2694721368149714e-07
52600.000000000095 2.5863065025861865e-07
52650.000000000095 3.2205181607040524e-07
52700.000000000095 2.508126949202322e-07
52750.000000000095 2.0881737953016415e-07
52800.000000000095 2.1828935924301538e-07
52850.000000000095 2.571591907187305e-07
52900.000000000095 2.0820181849975272e-07
52950.000000000095 2.134943878660155e-07
53000.000000000095 3.858278591945993e-07
53050.000000000095 1.8143003650798549e-07
53100.000000000095 3.4991051237913554e-07
53150.000000000095 3.99401068944998e-07
53200.000000000095 1.9886314563727275e-07
53250.000000000095 3.661346326030675e-07
53300.000000000095 3.76061343946668e-07
53350.000000000095 3.476980867773912e-07
53400.000000000095 3.784699850717807e-07
53450.000000000095 1.9403074525192515e-07
53500.000000000095 1.292045768640123e-07
53550.000000000095 1.9484216041057544e-07
53600.000000000095 2.691652264281677e-07
53650.000000000095 2.2752020818609846e-07
53700.000000000095 2.1147530118856868e-07
53750.000000000095 2.1822765104561407e-07
53800.000000000095 2.2318864247486718e-07
53850.000000000095 2.863879030282693e-07
53900.000000000095 2.544292063800151e-07
53950.000000000095 3.45426082226139e-07
54000.000000000095 2.531174580873127e-07
54050.000000000095 2.504662966193055e-07
54100.000000000095 1.3884697545243485e-07
54150.000000000095 1.9700580126810465e-07
54200.000000000095 1.07565804291044e-07
54250.000000000095 1.2167406982066883e-07
54300.000000000095 1.9615072032611812e-07
54350.000000000095 2.570343693996695e-07
54400.000000000095 2.6194986158198523e-07
54450.000000000095 2.220114434728485e-07
54500.000000000095 2.0623965952952308e-07
54550.000000000095 1.7457407483253404e-07
54600.000000000095 2.1953585440936778e-07
54650.000000000095 1.3104833017053632e-07
54700.000000000095 2.533760662231794e-07
54750.000000000095 2.494098953150921e-07
54800.000000000095 1.8175115795652772e-07
54850.000000000095 2.1147723424337778e-07
54900.000000000095 2.7368747927999846e-07
54950.000000000095 3.6227663375619475e-07
55000.000000000095 1.7458958680073594e-07
55050.000000000095 2.3808297564188598e-07
55100.000000000095 2.076110958332117e-07
55150.000000000095 1.8330814780478426e-07
55200.000000000095 1.7903897665819848e-07
55250.000000000095 1.9960613490294845e-07
55300.000000000095 1.5101158437708539e-07
55350.000000000095 2.2598620934650616e-07
55400.000000000095 2.8757183258906213e-07
55450.000000000095 2.1309048577309512e-07
55500.000000000095 1.2144892157899583e-07
55550.000000000095 1.6531749779221702e-07
55600.000000000095 1.5918768362327614e-07
55650.000000000095 1.3323225249836652e-07
55700.000000000095 1.7432280962223362e-07
55750.000000000095 2.0093049114050016e-07
55800.000000000095 1.4347029044686075e-07
55850.000000000095 1.312513653356372e-07
55900.000000000095 2.316637634975782e-07
55950.000000000095 3.069637950893469e-07
56000.000000000095 1.4638507454953584e-07
56050.000000000095 1.994374798388235e-07
56100.000000000095 2.2761693065471002e-07
56150.000000000095 1.6747296336388684e-07
56200.000000000095 1.9052011983479025e-07
56250.000000000095 1.906067042624047e-07
56300.000000000095 2.0792483175027783e-07
56350.000000000095 2.1049867800031532e-07
56400.000000000095 1.4518818800913124e-07
56450.000000000095 1.2893423931760467e-07
56500.000000000095 1.5418769979188374e-07
56550.000000000095 1.1089810952113369e-07
56600.000000000095 2.163515585029459e-07
56650.000000000095 2.055880124500344e-07
56700.000000000095 2.341239327129732e-07
56750.000000000095 1.2849346140491162e-07
56800.000000000095 2.2640174359364914e-07
56850.000000000095 1.8059527049772324e-07
56900.000000000095 1.5257404576521261e-07
56950.000000000095 2.277677937038365e-07
57000.000000000095 2.3980465022048283e-07
57050.000000000095 1.658713140269756e-07
57100.000000000095 9.405988560645747e-08
57150.000000000095 1.3047083223484915e-07
57200.000000000095 1.0864403541074404e-07
57250.000000000095 1.5786268644180917e-07
57300.000000000095 1.9704808529264144e-07
57350.000000000095 1.1557589999680321e-07
57400.000000000095 1.9796732189929987e-07
57450.000000000095 1.7772450591507912e-07
57500.000000000095 1.683755417812719e-07
57550.000000000095 2.1393704049947201e-07
57600.000000000095 2.2827584434979553e-07
57650.000000000095 9.722322615498603e-08
57700.000000000095 1.2056943437476037e-07
57750.000000000095 1.4739921665008564e-07
57800.000000000095 6.530703470720584e-08
57850.000000000095 2.5892452651411903e-07
57900.000000000095 3.015385461889794e-07
57950.000000000095 2.7135755759745717e-07
58000.000000000095 1.4136103121645982e-07
58050.000000000095 2.0160759766567852e-07
58100.000000000095 2.4550668168318296e-07
58150.000000000095 1.860228677633354e-07
58200.000000000095 1.0355255645924567e-07
58250.000000000095 1.364454903115943e-07
58300.000000000095 1.1312540654837983e-07
58350.000000000095 1.3730237249056026e-07
58400.000000000095 1.8437642312577935e-07
58450.000000000095 1.974853739317806e-07
58500.000000000095 1.7724643536566125e-07
58550.000000000095 2.051291964870284e-07
58600.000000000095 1.2511423861629313e-07
58650.000000000095 1.5625257970996848e-07
58700.000000000095 1.5914504072869215e-07
58750.000000000095 1.679405542385014e-07
58800.000000000095 8.904801795691438e-08
58850.000000000095 1.4706794716078805e-07
58900.000000000095 1.8939381819008294e-07
58950.000000000095 1.1814802999612376e-07
59000.000000000095 1.8184695238472063e-07
59050.000000000095 2.0403093742531032e-07
59100.000000000095 2.452964961116028e-07
59150.000000000095 1.7744768418098477e-07
59200.000000000095 1.8591480746229946e-07
59250.000000000095 1.9777130538458043e-07
59300.000000000095 1.8644364435371538e-07
59350.000000000095 9.98763308734232e-08
59400.000000000095 7.846650154782025e-08
59450.000000000095 1.6362190866622042e-07
59500.000000000095 1.0436037168976992e-07
59550.000000000095 2.1183134950188408e-07
59600.000000000095 2.0930101565326035e-07
59650.000000000095 1.814457789890683e-07
59700.000000000095 1.2607589141862742e-07
59750.000000000095 2.656893611015721e-07
59800.000000000095 1.6440994946370694e-07
59850.000000000095 2.1430972816935366e-07
59900.000000000095 1.1161472415229834e-07
59950.000000000095 1.8434341909545644e-07
60000.000000000095 2.949472329446783e-07
60050.000000000095 2.494740931353565e-07
60100.000000000095 2.5108319377865847e-07
60150.000000000095 1.7168926605625208e-07
60200.000000000095 2.010883516158074e-07
60250.000000000095 2.436640534239575e-07
60300.000000000095 2.2423430881060283e-07
60350.000000000095 1.630894830302102e-07
60400.000000000095 2.0061592485058878e-07
60450.000000000095 1.1354580586745384e-07
60500.000000000095 7.636142483917363e-08
60550.000000000095 2.0895404226326673e-07
60600.000000000095 2.0526083793216335e-07
60650.000000000095 1.7227977728219307e-07
60700.000000000095 1.5535862246109569e-07
60750.000000000095 1.1795622974306209e-07
60800.000000000095 2.1989301549298027e-07
60850.000000000095 3.0303171798407887e-07
60900.000000000095 2.767751472847348e-07
60950.000000000095 2.5541400835383935e-07
61000.000000000095 2.0035360869088213e-07
61050.000000000095 1.4120612500336167e-07
61100.000000000095 1.9718878083826902e-07
61150.000000000095 8.011424586527577e-08
61200.000000000095 2.660796030433076e-07
61250.000000000095 3.048597327648788e-07
61300.000000000095 2.705702737893067e-07
61350.000000000095 3.1379386656449775e-07
61400.000000000095 2.1364816465415615e-07
61450.000000000095 1.431455581929562e-07
61500.000000000095 1.691494429582723e-07
61550.000000000095 1.5281642118404417e-07
61600.000000000095 1.128236847067446e-07
61650.000000000095 1.871994650262903e-07
61700.000000000095 1.5742043452553582e-07
61750.000000000095 1.8456953605822102e-07
61800.000000000095 2.151700159404526e-07
61850.000000000095 1.3763827608375128e-07
61900.000000000095 2.577085124242037e-07
61950.000000000095 2.780802024049695e-07
62000.000000000095 2.455999814070695e-07
62050.000000000095 2.453808996333192e-07
62100.000000000095 2.6007299037739147e-07
62150.000000000095 2.564393880803431e-07
62200.000000000095 2.26807811012761e-07
62250.000000000095 2.3575652788121426e-07
62300.000000000095 3.254642839974397e-07
62350.000000000095 2.752622444451713e-07
62400.000000000095 1.657289116255764e-07
62450.000000000095 2.1376250898999805e-07
62500.000000000095 2.97960377492045e-07
62550.000000000095 2.8398070060838065e-07
62600.000000000095 3.141674572964933e-07
62650.000000000095 2.4383281384289505e-07
62700.000000000095 2.701266344842004e-07
62750.000000000095 3.2829338136747266e-07
62800.000000000095 2.027028227376798e-07
62850.000000000095 2.8414998391525727e-07
62900.000000000095 2.2966763820513436e-07
62950.000000000095 3.018288654752621e-07
63000.000000000095 2.7716482228783053e-07
63050.000000000095 3.704659560327531e-07
63100.000000000095 3.2989963681852924e-07
63150.000000000095 2.230943483912634e-07
63200.000000000095 2.9741010273729296e-07
63250.000000000095 2.840912656602756e-07
63300.000000000095 3.1441768506959323e-07
63350.000000000095 2.7036229617216025e-07
63400.000000000095 1.6385882150143884e-07
63450.000000000095 1.3924387402051577e-07
63500.000000000095 2.6668934141755713e-07
63550.000000000095 2.409797571421694e-07
63600.000000000095 3.1074777437139427e-07
63650.000000000095 2.1732365054202535e-07
63700.000000000095 1.4851461901969515e-07
63750.000000000095 2.1391884055802726e-07
63800.000000000095 2.3576075993057373e-07
63850.000000000095 2.2815695987895138e-07
63900.000000000095 1.6079031346892196e-07
63950.000000000095 2.459447644547549e-07
64000.000000000095 2.6813413479879344e-07
64050.000000000095 1.8936497130037567e-07
64100.000000000095 7.667626036239204e-08
64150.000000000095 1.063582208092173e-07
64200.000000000095 1.271090589675348e-07
64250.000000000095 1.9466984606135002e-07
64300.000000000095 1.53601072779475e-07
64350.000000000095 1.3464681790700293e-07
64400.000000000095 2.1203904450071681e-07
64450.000000000095 2.2252611931233554e-07
64500.000000000095 1.2734039617447638e-07
64550.000000000095 1.9838278882793122e-07
64600.000000000095 1.2382537013711913e-07
64650.000000000095 1.7751763548777625e-07
64700.000000000095 1.0293747264094518e-07
64750.000000000095 1.2672641765411095e-07
64800.000000000095 1.2627064290036561e-07
64850.000000000095 1.1376508262615446e-07
64900.000000000095 1.3284168069759293e-07
64950.000000000095 1.182188986860918e-07
65000.000000000095 1.421810194950747e-07
65050.000000000095 1.5254454889985715e-07
65100.000000000095 1.8103849692964403e-07
65150.000000000095 1.3472317221971116e-07
65200.000000000095 1.071301981709106e-07
65250.000000000095 1.6787870921193386e-07
65300.000000000095 1.3464753694452653e-07
65350.000000000095 2.5898536212516566e-07
65400.000000000095 1.3776290271102942e-07
65450.000000000095 1.4299639984050892e-07
65500.000000000095 1.6469233683200362e-07
65550.00000000009 1.1176729412612091e-07
65600.00000000009 1.3679351527825944e-07
65650.00000000009 1.4527293632036452e-07
65700.00000000009 1.3131383310993173e-07
65750.00000000009 1.1023469904245406e-07
65800.00000000009 1.532485736870173e-07
65850.00000000009 1.81711798357787e-07
65900.00000000009 1.093635326745433e-07
65950.00000000009 9.08863373140579e-08
66000.00000000009 1.319459151119165e-07
66050.00000000009 2.223211090526372e-07
66100.00000000009 1.447826944332005e-07
66150.00000000009 1.07485760564189e-07
66200.00000000009 1.1053774331870922e-07
66250.00000000009 1.0612291359748316e-07
66300.00000000009 5.742169663338684e-08
66350.00000000009 8.260625082824732e-08
66400.00000000009 1.0244791031350245e-07
66450.00000000009 1.7005256309685604e-07
66500.00000000009 2.154871609206528e-07
66550.00000000009 2.1036778412264826e-07
66600.00000000009 1.6109580558985231e-07
66650.00000000009 1.6090831585563124e-07
66700.00000000009 1.371331317930973e-07
66750.00000000009 1.2463097871019027e-07
66800.00000000009 1.618348809249586e-07
66850.00000000009 1.144999049631642e-07
66900.00000000009 1.7555897549078278e-07
66950.00000000009 2.2344511570148658e-07
67000.00000000009 2.1333741629482893e-07
67050.00000000009 1.4954040739981527e-07
67100.00000000009 1.2512735420510153e-07
67150.00000000009 1.3388228028273276e-07
67200.00000000009 1.5040747384415748e-07
67250.00000000009 1.52632620607765e-07
67300.00000000009 1.6761259289514326e-07
67350.00000000009 1.1490440158421944e-07
67400.00000000009 2.2059199061134617e-07
67450.00000000009 1.7317253868879785e-07
67500.00000000009 1.5241985647207858e-07
67550.00000000009 1.831927123170891e-07
67600.00000000009 2.8141871517107195e-07
67650.00000000009 2.1342977637967953e-07
67700.00000000009 1.6992146573345244e-07
67750.00000000009 1.484438483991651e-07
67800.00000000009 1.9246395491648109e-07
67850.00000000009 1.2158262571051495e-07
67900.00000000009 1.531510150380313e-07
67950.00000000009 1.087161470008799e-07
