galfind/configs/Brown_Dwarf_templates/sonora_cholla/logkzz7/178g/1150K_178g_logkzz7_resample.dat
# %ECSV 1.0
# ---
# datatype:
# - {name: wav, unit: Angstrom, datatype: float64}
# - {name: flux_nu, unit: erg / (cm2 Hz s), datatype: float64}
# schema: astropy-2.0
wav flux_nu
[from data line 389]
29450.000000000095 1.3564252968475195e-07
29500.000000000095 1.4631431478658044e-07
29550.000000000095 1.2727784699192805e-07
29600.000000000095 1.7877259476606906e-07
29650.000000000095 1.4531910282250574e-07
29700.000000000095 1.322914677084542e-07
29750.000000000095 1.6412253321490353e-07
29800.000000000095 1.9187568182867782e-07
29850.000000000095 1.942230188059409e-07
29900.000000000095 1.8076644023088842e-07
29950.000000000095 1.65529941333914e-07
30000.000000000095 1.6857053813673388e-07
30050.000000000095 1.4142220640794098e-07
30100.000000000095 1.6517694372562274e-07
30150.000000000095 2.172749460901296e-07
30200.000000000095 1.680120966320297e-07
30250.000000000095 2.3611255258626147e-07
30300.000000000095 2.0082968779172927e-07
30350.000000000095 1.7427593352929036e-07
30400.000000000095 2.3273091829159854e-07
30450.000000000095 1.8290435667813543e-07
30500.000000000095 1.7714898940956609e-07
30550.000000000095 2.0566225108644703e-07
30600.000000000095 2.2854663463649043e-07
30650.000000000095 2.2324724855534422e-07
30700.000000000095 1.950980754163839e-07
30750.000000000095 1.8728174735315716e-07
30800.000000000095 1.7976956535616162e-07
30850.000000000095 1.8221115936002332e-07
30900.000000000095 1.8704064985938722e-07
30950.000000000095 1.193891535969767e-07
31000.000000000095 1.6985061519203635e-07
31050.000000000095 1.6979559257178347e-07
31100.000000000095 1.2113988197431336e-07
31150.000000000095 1.4952373169850518e-07
31200.000000000095 1.5675468421688207e-07
31250.000000000095 1.3779370704141702e-07
31300.000000000095 1.3332404400629423e-07
31350.000000000095 1.2521259965603422e-07
31400.000000000095 9.506269102343854e-08
31450.000000000095 1.2809758610142809e-07
31500.000000000095 1.0675471029813351e-07
31550.000000000095 1.2280333257548184e-07
31600.000000000095 9.158088162449118e-08
31650.000000000095 9.821218678051515e-08
31700.000000000095 1.02468361190207e-07
31750.000000000095 8.37514849569199e-08
31800.000000000095 9.949501064015055e-08
31850.000000000095 8.847368118413755e-08
31900.000000000095 8.483384395469183e-08
31950.000000000095 8.690651644212603e-08
32000.000000000095 8.165621488487811e-08
32050.000000000095 7.441988791485353e-08
32100.000000000095 6.798771237376095e-08
32150.000000000095 9.00438431807883e-08
32200.000000000095 7.080341913152556e-08
32250.000000000095 8.931358975185538e-08
32300.000000000095 6.260557524686905e-08
32350.000000000095 1.1979733982448198e-07
32400.000000000095 8.46744276855057e-08
32450.000000000095 1.1158994553311271e-07
32500.000000000095 8.918513916595594e-08
32550.000000000095 1.1149141309842489e-07
32600.000000000095 1.2366854638160855e-07
32650.000000000095 1.4045709012054267e-07
32700.000000000095 1.1302106520236835e-07
32750.000000000095 1.588968577076201e-07
32800.000000000095 1.1675241289189544e-07
32850.000000000095 1.5771892569809407e-07
32900.000000000095 1.7860401142586362e-07
32950.000000000095 1.687072075589178e-07
33000.000000000095 1.5297929735824306e-07
33050.000000000095 1.5134079759675817e-07
33100.000000000095 9.440789728675712e-08
33150.000000000095 2.8719017013611213e-08
33200.000000000095 3.026700670437259e-08
33250.000000000095 1.8254271033479873e-08
33300.000000000095 1.928571195028886e-08
33350.000000000095 3.398450908197153e-08
33400.000000000095 4.6554741072843e-08
33450.000000000095 5.8774260264159187e-08
33500.000000000095 7.903244854775524e-08
33550.000000000095 7.746513796125165e-08
33600.000000000095 1.0958143829996745e-07
33650.000000000095 1.2057325538586306e-07
33700.000000000095 1.087925137868465e-07
33750.000000000095 1.432668314767136e-07
33800.000000000095 1.0719594512391138e-07
33850.000000000095 1.4293481941756697e-07
33900.000000000095 1.259591415102868e-07
33950.000000000095 1.4064083859776033e-07
34000.000000000095 1.385726133128714e-07
34050.000000000095 8.058716762641697e-08
34100.000000000095 1.3411566068096292e-07
34150.000000000095 1.0437180902309979e-07
34200.000000000095 1.289689606552553e-07
34250.000000000095 1.1692707115613318e-07
34300.000000000095 8.870267666565144e-08
34350.000000000095 1.1653838350044691e-07
34400.000000000095 1.0595679782137552e-07
34450.000000000095 1.382858927391495e-07
34500.000000000095 1.2923625293088822e-07
34550.000000000095 8.910435627592392e-08
34600.000000000095 1.4958024901432856e-07
34650.000000000095 1.0020004398726385e-07
34700.000000000095 1.1099771379769201e-07
34750.000000000095 1.1408022427824374e-07
34800.000000000095 7.833051532067127e-08
34850.000000000095 1.2373832709817007e-07
34900.000000000095 1.3642220381169558e-07
34950.000000000095 1.1429329080789417e-07
35000.000000000095 1.580020829419439e-07
35050.000000000095 1.2333645023367252e-07
35100.000000000095 1.546149319041256e-07
35150.000000000095 1.437913789669314e-07
35200.000000000095 1.8234449867638311e-07
35250.000000000095 2.03159673931251e-07
35300.000000000095 1.2966174612714835e-07
35350.000000000095 1.8495109606916795e-07
35400.000000000095 1.7619925737421607e-07
35450.000000000095 1.53235815061174e-07
35500.000000000095 2.3010174068679368e-07
35550.000000000095 2.0700426492356274e-07
35600.000000000095 2.148123499376647e-07
35650.000000000095 2.2631630089853703e-07
35700.000000000095 1.579857280966922e-07
35750.000000000095 2.3484603037566058e-07
35800.000000000095 2.443958905606847e-07
35850.000000000095 1.8434494013654123e-07
35900.000000000095 2.65988238560048e-07
35950.000000000095 2.5193960421140297e-07
36000.000000000095 2.2151103547099042e-07
36050.000000000095 2.7909896831829615e-07
36100.000000000095 2.5365047277074844e-07
36150.000000000095 2.874233893958901e-07
36200.000000000095 2.987400508817443e-07
36250.000000000095 2.896531685984057e-07
36300.000000000095 3.290810938527767e-07
36350.000000000095 3.328744593264269e-07
36400.000000000095 3.789665694909065e-07
36450.000000000095 3.7272441705179194e-07
36500.000000000095 3.668704659146349e-07
36550.000000000095 3.846072736218772e-07
36600.000000000095 4.219285180379814e-07
36650.000000000095 4.306531872400013e-07
36700.000000000095 4.6003446345519044e-07
36750.000000000095 4.950248269161987e-07
36800.000000000095 4.736305994286327e-07
36850.000000000095 4.6299619794250867e-07
36900.000000000095 4.557319712091084e-07
36950.000000000095 5.165198321098302e-07
37000.000000000095 4.900241048960971e-07
37050.000000000095 5.238342182810669e-07
37100.000000000095 5.282609296388644e-07
37150.000000000095 5.631360177268287e-07
37200.000000000095 5.865802597574782e-07
37250.000000000095 5.251343413455842e-07
37300.000000000095 5.446587421225335e-07
37350.000000000095 5.563632228304365e-07
37400.000000000095 6.478962927274271e-07
37450.000000000095 6.03620032633024e-07
37500.000000000095 5.718984546217563e-07
37550.000000000095 6.7815393341021e-07
37600.000000000095 7.15805040215707e-07
37650.000000000095 6.213577422236187e-07
37700.000000000095 6.942100319905325e-07
37750.000000000095 5.943072695331969e-07
37800.000000000095 6.879757185537863e-07
37850.000000000095 5.805856043776706e-07
37900.000000000095 6.807927880682089e-07
37950.000000000095 7.283806867066152e-07
38000.000000000095 7.736478253949126e-07
38050.000000000095 7.129350692070845e-07
38100.000000000095 7.515804401141931e-07
38150.000000000095 7.521659710998188e-07
38200.000000000095 8.059629067047998e-07
38250.000000000095 7.468379431971375e-07
38300.000000000095 8.187365711308916e-07
38350.000000000095 8.566232941803276e-07
38400.000000000095 6.98226238193419e-07
38450.000000000095 8.307249537151111e-07
38500.000000000095 7.596289636492442e-07
38550.000000000095 8.130910836825692e-07
38600.000000000095 8.483149194144404e-07
38650.000000000095 8.99504192140205e-07
38700.000000000095 9.000763286687363e-07
38750.000000000095 8.794378861235431e-07
38800.000000000095 8.59838580442478e-07
38850.000000000095 9.122468447248243e-07
38900.000000000095 8.922512366293978e-07
38950.000000000095 9.038460939972847e-07
39000.000000000095 9.675826158203696e-07
39050.000000000095 9.403702655027419e-07
39100.000000000095 8.589966360597702e-07
39150.000000000095 9.500907788397775e-07
39200.000000000095 8.995549016559869e-07
39250.000000000095 9.792908764266213e-07
39300.000000000095 9.69375890811663e-07
39350.000000000095 1.020582026131941e-06
39400.000000000095 1.0318539840570152e-06
39450.000000000095 1.043107040543339e-06
39500.000000000095 9.228176331429275e-07
39550.000000000095 9.90918516763215e-07
39600.000000000095 1.0182046510811268e-06
39650.000000000095 1.0523650569707325e-06
39700.000000000095 1.0094871878996953e-06
39750.000000000095 9.414865070147454e-07
39800.000000000095 1.0055630893806458e-06
39850.000000000095 1.0229428941767927e-06
39900.000000000095 1.020427050882477e-06
39950.000000000095 1.0394192655001324e-06
40000.000000000095 9.896083782624258e-07
40050.000000000095 1.0528261160361558e-06
40100.000000000095 1.0443654581760088e-06
40150.000000000095 1.1127788630763698e-06
40200.000000000095 1.1413715049721168e-06
40250.000000000095 9.417263276452966e-07
40300.000000000095 1.0184692171280569e-06
40350.000000000095 1.012536492388346e-06
40400.000000000095 1.0740308229812993e-06
40450.000000000095 1.0435731950706854e-06
40500.000000000095 9.153299729713745e-07
40550.000000000095 1.0821461676727536e-06
40600.000000000095 8.980395013479647e-07
40650.000000000095 1.1039917958617975e-06
40700.000000000095 1.1775211276038115e-06
40750.000000000095 9.769930019197815e-07
40800.000000000095 8.959530445514542e-07
40850.000000000095 9.854360286117083e-07
40900.000000000095 9.463013308027539e-07
40950.000000000095 9.624049985626114e-07
41000.000000000095 9.84392942731811e-07
41050.000000000095 1.0119840246092042e-06
41100.000000000095 9.057606119951321e-07
41150.000000000095 8.826565796141644e-07
41200.000000000095 9.63203401175278e-07
41250.000000000095 9.917849012418825e-07
41300.000000000095 7.491250768202874e-07
41350.000000000095 1.0000249527487928e-06
41400.000000000095 9.301361484483295e-07
41450.000000000095 9.492126247604198e-07
41500.000000000095 9.546851177566328e-07
41550.000000000095 8.557110109702808e-07
41600.000000000095 8.821120074510319e-07
41650.000000000095 8.621020861549048e-07
41700.000000000095 7.999691493981337e-07
41750.000000000095 7.063389129660963e-07
41800.000000000095 9.031082802550398e-07
41850.000000000095 5.170037667087235e-07
41900.000000000095 7.451302008726089e-07
41950.000000000095 7.34542223761421e-07
42000.000000000095 7.145423259027817e-07
42050.000000000095 5.655168323445173e-07
42100.000000000095 6.190160267944119e-07
42150.000000000095 4.665418899322906e-07
42200.000000000095 5.382365744278429e-07
42250.000000000095 4.962020064043497e-07
42300.000000000095 4.919749109918603e-07
42350.000000000095 5.142417118974177e-07
42400.000000000095 4.2051309127654354e-07
42450.000000000095 3.4114589135129784e-07
42500.000000000095 4.265643621263642e-07
42550.000000000095 4.190994384976247e-07
42600.000000000095 5.008496024641029e-07
42650.000000000095 5.242530539395297e-07
42700.000000000095 4.721389262677397e-07
42750.000000000095 4.632634927563764e-07
42800.000000000095 4.07677848930837e-07
42850.000000000095 4.886761245945296e-07
42900.000000000095 4.832094734336794e-07
42950.000000000095 3.9549982989556495e-07
43000.000000000095 4.836057124414541e-07
43050.000000000095 3.522891699346063e-07
43100.000000000095 4.773054548801812e-07
43150.000000000095 4.91692448457313e-07
43200.000000000095 4.7500382182596506e-07
43250.000000000095 4.150851160832611e-07
43300.000000000095 5.413558776346275e-07
43350.000000000095 4.3084235796424916e-07
43400.000000000095 5.244244964121798e-07
43450.000000000095 3.7070501147343744e-07
43500.000000000095 3.845712460575789e-07
43550.000000000095 3.658496632559341e-07
43600.000000000095 4.759772556541434e-07
43650.000000000095 3.185428472834713e-07
43700.000000000095 4.6697954562957064e-07
43750.000000000095 4.502468360500922e-07
43800.000000000095 3.607516519175006e-07
43850.000000000095 4.1278767510709664e-07
43900.000000000095 3.079174704897891e-07
43950.000000000095 3.498268056164811e-07
44000.000000000095 2.482489719136466e-07
44050.000000000095 3.2924802862373966e-07
44100.000000000095 3.379928570369845e-07
44150.000000000095 3.4405062955036995e-07
44200.000000000095 2.9506697259256216e-07
44250.000000000095 2.851990642233877e-07
44300.000000000095 2.652736418750947e-07
44350.000000000095 2.1993122307350033e-07
44400.000000000095 2.420098074592317e-07
44450.000000000095 2.3954086741668024e-07
44500.000000000095 1.9147723850201994e-07
44550.000000000095 2.1252999866725137e-07
44600.000000000095 1.8308291295806173e-07
44650.000000000095 2.0775284835032195e-07
44700.000000000095 1.965845622602683e-07
44750.000000000095 2.0280626874689834e-07
44800.000000000095 1.9105722061370554e-07
44850.000000000095 1.7628542843199915e-07
44900.000000000095 1.50415696175756e-07
44950.000000000095 1.5104242009538115e-07
45000.000000000095 1.5266529183350882e-07
45050.000000000095 1.5988473165373355e-07
45100.000000000095 1.4645864391458025e-07
45150.000000000095 1.3938149846000004e-07
45200.000000000095 1.1675698098035303e-07
45250.000000000095 1.239720694594908e-07
45300.000000000095 1.398167621778178e-07
45350.000000000095 1.4125368743508753e-07
45400.000000000095 1.1171347499713774e-07
45450.000000000095 1.1179929740892276e-07
45500.000000000095 1.1595754812910638e-07
45550.000000000095 1.354761141945749e-07
45600.000000000095 1.0963867641009542e-07
45650.000000000095 1.1012220382381141e-07
45700.000000000095 1.3882010251487707e-07
45750.000000000095 1.1950416001807656e-07
45800.000000000095 1.0445438498882599e-07
45850.000000000095 1.4758322629576303e-07
45900.000000000095 1.4322084630891734e-07
45950.000000000095 1.0842727621106715e-07
46000.000000000095 1.378791945587451e-07
46050.000000000095 1.4941848361332944e-07
46100.000000000095 1.093772026831038e-07
46150.000000000095 1.471466139299896e-07
46200.000000000095 1.396702867222957e-07
46250.000000000095 8.635243650768678e-08
46300.000000000095 1.6240360590842883e-07
46350.000000000095 1.1814893808323579e-07
46400.000000000095 1.4101423830114688e-07
46450.000000000095 1.7953337472612313e-07
46500.000000000095 1.392372868403275e-07
46550.000000000095 1.884525286193334e-07
46600.000000000095 1.8734122782817237e-07
46650.000000000095 2.7589129553250283e-07
46700.000000000095 2.1356073434712273e-07
46750.000000000095 1.7333993115369704e-07
46800.000000000095 1.5125674245976597e-07
46850.000000000095 1.8230259697345678e-07
46900.000000000095 1.596147604817205e-07
46950.000000000095 2.122706890614663e-07
47000.000000000095 1.3178657356587375e-07
47050.000000000095 2.2056745217248054e-07
47100.000000000095 1.2649127685814474e-07
47150.000000000095 1.4852615699529368e-07
47200.000000000095 1.6890579855104594e-07
47250.000000000095 1.3149667644873669e-07
47300.000000000095 1.5261685590462777e-07
47350.000000000095 1.147022169815667e-07
47400.000000000095 1.8594110612719692e-07
47450.000000000095 1.1797604048094483e-07
47500.000000000095 1.9775423503853462e-07
47550.000000000095 1.221098466524049e-07
47600.000000000095 1.8929210512453214e-07
47650.000000000095 1.247963824605555e-07
47700.000000000095 1.7761408461848554e-07
47750.000000000095 1.1132081675200129e-07
47800.000000000095 1.7828792060598687e-07
47850.000000000095 1.0006353778504425e-07
47900.000000000095 1.683613892449428e-07
47950.000000000095 1.2802349142317198e-07
48000.000000000095 2.0847202080976038e-07
48050.000000000095 1.447755964545574e-07
48100.000000000095 1.9543556836305095e-07
48150.000000000095 1.3874839789008544e-07
48200.000000000095 1.9804672459336374e-07
48250.000000000095 1.5373870309559125e-07
48300.000000000095 2.3492588864573915e-07
48350.000000000095 1.4361310707604645e-07
48400.000000000095 1.9557241989235197e-07
48450.000000000095 1.2731814554394902e-07
48500.000000000095 2.3386145455626002e-07
48550.000000000095 1.2966506766329143e-07
48600.000000000095 2.1887485205740903e-07
48650.000000000095 1.2944431021387936e-07
