galfind/configs/Brown_Dwarf_templates/sonora_cholla/logkzz7/178g/1150K_178g_logkzz7_resample.dat
# %ECSV 1.0
# ---
# datatype:
# - {name: wav, unit: Angstrom, datatype: float64}
# - {name: flux_nu, unit: erg / (cm2 Hz s), datatype: float64}
# schema: astropy-2.0
wav flux_nu
[from data line 1161]
68050.00000000009 2.380812027719387e-07
68100.00000000009 2.395933453144508e-07
68150.00000000009 1.8902733499777674e-07
68200.00000000009 2.0559184963996228e-07
68250.00000000009 1.0590143475750793e-07
68300.00000000009 1.8425157433204834e-07
68350.00000000009 1.1484948196822662e-07
68400.00000000009 2.394855843085849e-07
68450.00000000009 2.3403840876381444e-07
68500.00000000009 2.0129528942404115e-07
68550.00000000009 1.4425349926406138e-07
68600.00000000009 1.5640964708478024e-07
68650.00000000009 1.1233502783235465e-07
68700.00000000009 1.6990847186191013e-07
68750.00000000009 2.0144628415016162e-07
68800.00000000009 2.2081650240694108e-07
68850.00000000009 1.2635251651658542e-07
68900.00000000009 2.641660131296558e-07
68950.00000000009 2.9055910056881735e-07
69000.00000000009 2.795466600816723e-07
69050.00000000009 1.739307089443792e-07
69100.00000000009 2.7051368247389494e-07
69150.00000000009 3.075917262652419e-07
69200.00000000009 1.9383075865555152e-07
69250.00000000009 2.800656682164396e-07
69300.00000000009 2.391120505244444e-07
69350.00000000009 2.5943379033663977e-07
69400.00000000009 1.5712657713279576e-07
69450.00000000009 2.8119259906429753e-07
69500.00000000009 1.8386230593735255e-07
69550.00000000009 2.0470805938824092e-07
69600.00000000009 8.881444846583084e-08
69650.00000000009 1.8476038163697966e-07
69700.00000000009 2.5213326724102197e-07
69750.00000000009 1.976947615737978e-07
69800.00000000009 2.412734560968743e-07
69850.00000000009 2.647922982883223e-07
69900.00000000009 1.79550621957962e-07
69950.00000000009 2.1580334502254796e-07
70000.00000000009 1.7792384082284907e-07
70050.00000000009 2.584773149418339e-07
70100.00000000009 1.986203034984938e-07
70150.00000000009 2.3369404360626992e-07
70200.00000000009 1.713103121072553e-07
70250.00000000009 2.0598792356229913e-07
70300.00000000009 2.5245243911526093e-07
70350.00000000009 1.9605735583492052e-07
70400.00000000009 1.828562451792514e-07
70450.00000000009 9.943229335645622e-08
70500.00000000009 1.4639587438093494e-07
70550.00000000009 1.5369676661875474e-07
70600.00000000009 1.7071852755464052e-07
70650.00000000009 2.1800580732340019e-07
70700.00000000009 2.1452740383366368e-07
70750.00000000009 2.582608755006637e-07
70800.00000000009 1.808982997173667e-07
70850.00000000009 1.666891628432862e-07
70900.00000000009 1.7139350605118235e-07
70950.00000000009 2.445376100930384e-07
71000.00000000009 2.1292437280444364e-07
71050.00000000009 2.3350533298685007e-07
71100.00000000009 2.0790086290267306e-07
71150.00000000009 1.9559159095778628e-07
71200.00000000009 1.6959750457512252e-07
71250.00000000009 2.0040235056707934e-07
71300.00000000009 2.433998103589984e-07
71350.00000000009 2.1434981568441533e-07
71400.00000000009 2.1564520688140938e-07
71450.00000000009 1.3698604099031582e-07
71500.00000000009 1.7469965937143647e-07
71550.00000000009 1.769488812058538e-07
71600.00000000009 2.0531481748099084e-07
71650.00000000009 1.7849117699887375e-07
71700.00000000009 1.4973102649647449e-07
71750.00000000009 1.9524697511719597e-07
71800.00000000009 2.442684316111231e-07
71850.00000000009 2.40735428487667e-07
71900.00000000009 1.6073961431942528e-07
71950.00000000009 1.9498886210183814e-07
72000.00000000009 1.8387689741342352e-07
72050.00000000009 1.3912641400709037e-07
72100.00000000009 1.649828999151995e-07
72150.00000000009 1.6855735587162465e-07
72200.00000000009 1.9445470338321233e-07
72250.00000000009 2.1047109192773932e-07
72300.00000000009 2.0292952644679676e-07
72350.00000000009 1.838704509285654e-07
72400.00000000009 1.6906565158449587e-07
72450.00000000009 1.5749846846110076e-07
72500.00000000009 1.7537300700832932e-07
72550.00000000009 1.1645050149257301e-07
72600.00000000009 1.152572344469836e-07
72650.00000000009 2.180480431155458e-07
72700.00000000009 2.0718322301871831e-07
72750.00000000009 1.710219364270829e-07
72800.00000000009 1.650006226765699e-07
72850.00000000009 1.681776838092516e-07
72900.00000000009 2.0717486056802167e-07
72950.00000000009 1.787206092601504e-07
73000.00000000009 1.8842539481024283e-07
73050.00000000009 1.6344873136291712e-07
73100.00000000009 1.5511933376194806e-07
73150.00000000009 2.515326740239032e-07
73200.00000000009 1.6914046572982496e-07
73250.00000000009 1.8956303062316263e-07
73300.00000000009 1.855687773201879e-07
73350.00000000009 1.396952293791493e-07
73400.00000000009 1.7262716124637158e-07
73450.00000000009 1.1625119310017652e-07
73500.00000000009 1.3742202731699106e-07
73550.00000000009 1.6947626691049098e-07
73600.00000000009 1.3581317391594775e-07
73650.00000000009 1.7495525954649206e-07
73700.00000000009 2.1320912132632035e-07
73750.00000000009 1.4261493166774042e-07
73800.00000000009 1.5531433705638864e-07
73850.00000000009 1.8473205332608733e-07
73900.00000000009 2.0376947515363908e-07
73950.00000000009 1.6607971860793143e-07
74000.00000000009 1.6250651416764076e-07
74050.00000000009 2.5399908102621924e-07
74100.00000000009 1.5954896975442081e-07
74150.00000000009 1.8352444308215064e-07
74200.00000000009 1.6388560721189023e-07
74250.00000000009 1.2295033828268029e-07
74300.00000000009 1.701465321379003e-07
74350.00000000009 1.9277847732833363e-07
74400.00000000009 1.6190752270944415e-07
74450.00000000009 1.219082264412627e-07
74500.00000000009 1.403416268023874e-07
74550.00000000009 1.666074732185397e-07
74600.00000000009 1.447825820820226e-07
74650.00000000009 1.414149537134315e-07
74700.00000000009 1.1257753937617378e-07
74750.00000000009 1.5015810314892715e-07
74800.00000000009 1.3640461556371257e-07
74850.00000000009 1.0471936681343327e-07
74900.00000000009 2.152369097025076e-07
74950.00000000009 2.052180318500378e-07
75000.00000000009 1.7564838067191766e-07
75050.00000000009 1.565487263239906e-07
75100.00000000009 2.284710075567782e-07
75150.00000000009 1.9168212973510284e-07
75200.00000000009 2.1657246352887075e-07
75250.00000000009 2.0977266126084403e-07
75300.00000000009 2.1419081908442139e-07
75350.00000000009 1.312457540031121e-07
75400.00000000009 2.001498678321735e-07
75450.00000000009 1.8407036107547965e-07
75500.00000000009 1.722118640230324e-07
75550.00000000009 2.09597801512792e-07
75600.00000000009 2.617717616519664e-07
75650.00000000009 1.8382300091182074e-07
75700.00000000009 1.7333555438995757e-07
75750.00000000009 1.369419307120017e-07
75800.00000000009 1.871819604880223e-07
75850.00000000009 2.1381619328151124e-07
75900.00000000009 1.8064191440595546e-07
75950.00000000009 1.587620294611663e-07
76000.00000000009 1.7262513711592757e-07
76050.00000000009 1.8399589866211965e-07
76100.00000000009 1.6262765851175414e-07
76150.00000000009 1.8921675241801359e-07
76200.00000000009 1.960605480721271e-07
76250.00000000009 2.5367474445391736e-07
76300.00000000009 2.527404278793639e-07
76350.00000000009 3.1572662283814456e-07
76400.00000000009 2.3959334403699125e-07
76450.00000000009 2.193493422121965e-07
76500.00000000009 1.973481671096571e-07
76550.00000000009 1.8688574642132457e-07
76600.00000000009 1.015354635963754e-07
76650.00000000009 1.1302372971517143e-07
76700.00000000009 1.329832194056663e-07
76750.00000000009 1.1829554526427992e-07
76800.00000000009 1.73308019870816e-07
76850.00000000009 8.341294899336574e-08
76900.00000000009 1.0203213542082284e-07
76950.00000000009 1.3745217417789243e-07
77000.00000000009 1.5019442490185692e-07
77050.00000000009 1.115130190324574e-07
77100.00000000009 1.102146109148287e-07
77150.00000000009 1.4699751351912056e-07
77200.00000000009 1.4319771726745257e-07
77250.00000000009 1.5180663926064394e-07
77300.00000000009 1.4350281105541598e-07
77350.00000000009 1.010488288605879e-07
77400.00000000009 8.875015823872696e-08
77450.00000000009 1.0291812236942777e-07
77500.00000000009 1.2623217588836923e-07
77550.00000000009 1.367458334409625e-07
77600.00000000009 1.4409580696184163e-07
77650.00000000009 1.3804613035023077e-07
77700.00000000009 1.1614763634996435e-07
77750.00000000009 1.6868979943565837e-07
77800.00000000009 1.448508593750957e-07
77850.00000000009 1.9565806060959635e-07
77900.00000000009 1.696961811848364e-07
77950.00000000009 1.1797700583708738e-07
78000.00000000009 1.4981782946268213e-07
78050.00000000009 1.5184606560497078e-07
78100.00000000009 1.15156598644331e-07
78150.00000000009 1.7576894089190622e-07
78200.00000000009 1.8197927417986965e-07
78250.00000000009 2.071798647535626e-07
78300.00000000009 1.9778977573010828e-07
78350.00000000009 1.8534438896226514e-07
78400.00000000009 1.62378602544655e-07
78450.00000000009 2.137201115195694e-07
78500.00000000009 2.0545745700191464e-07
78550.00000000009 1.927692259153479e-07
78600.00000000009 1.7101589240191513e-07
78650.00000000009 9.210203536743791e-08
78700.00000000009 1.597033315582154e-07
78750.00000000009 1.5034840443702027e-07
78800.00000000009 1.920472596761867e-07
78850.00000000009 1.3124076590094617e-07
78900.00000000009 1.6884025787387778e-07
78950.00000000009 1.4579631585908625e-07
79000.00000000009 1.6444000284953404e-07
79050.00000000009 1.5819772307126832e-07
79100.00000000009 1.601445575288617e-07
79150.00000000009 1.8640341713453115e-07
79200.00000000009 2.1873454680231758e-07
79250.00000000009 1.824677024640684e-07
79300.00000000009 1.3495325488505917e-07
79350.00000000009 1.9728768011316738e-07
79400.00000000009 1.599121264901925e-07
79450.00000000009 1.8381099006742697e-07
79500.00000000009 2.466355696039658e-07
79550.00000000009 1.9880269232086291e-07
79600.00000000009 1.4103045144176372e-07
79650.00000000009 1.7011860405185386e-07
79700.00000000009 2.2833392628237506e-07
79750.00000000009 2.0851293412602435e-07
79800.00000000009 1.8103760203225302e-07
79850.00000000009 1.7699818599556676e-07
79900.00000000009 2.6892736535865655e-07
79950.00000000009 1.958707443749996e-07
