galfind/configs/Brown_Dwarf_templates/sonora_cholla/logkzz7/178g/1200K_178g_logkzz7_resample.dat
# %ECSV 1.0
# ---
# datatype:
# - {name: wav, unit: Angstrom, datatype: float64}
# - {name: flux_nu, unit: erg / (cm2 Hz s), datatype: float64}
# schema: astropy-2.0
wav flux_nu
[from data line 388]
29400.000000000095 1.619747249560879e-07
29450.000000000095 1.5815326271333231e-07
29500.000000000095 1.694014065200027e-07
29550.000000000095 1.4920135105569317e-07
29600.000000000095 2.0878416896931986e-07
29650.000000000095 1.6687048939410573e-07
29700.000000000095 1.569734780268325e-07
29750.000000000095 1.9094557172540182e-07
29800.000000000095 2.243344181446899e-07
29850.000000000095 2.2338870734514892e-07
29900.000000000095 2.057805081524769e-07
29950.000000000095 1.9251832159379723e-07
30000.000000000095 2.0154782972182013e-07
30050.000000000095 1.6746779152263853e-07
30100.000000000095 1.9124184606701617e-07
30150.000000000095 2.524531470541369e-07
30200.000000000095 1.9699405406083537e-07
30250.000000000095 2.7139937157219416e-07
30300.000000000095 2.3141769976326603e-07
30350.000000000095 2.0216778846039945e-07
30400.000000000095 2.704988096704467e-07
30450.000000000095 2.1471303415701676e-07
30500.000000000095 2.0929281910596242e-07
30550.000000000095 2.489537037148189e-07
30600.000000000095 2.712767437623403e-07
30650.000000000095 2.7111138227475105e-07
30700.000000000095 2.3728642905587738e-07
30750.000000000095 2.2783158463886735e-07
30800.000000000095 2.2047770572920925e-07
30850.000000000095 2.249454271569735e-07
30900.000000000095 2.3055744050892971e-07
30950.000000000095 1.4747777408423255e-07
31000.000000000095 2.1659788948504025e-07
31050.000000000095 2.1301097855103212e-07
31100.000000000095 1.5563702934750242e-07
31150.000000000095 1.9116096589190643e-07
31200.000000000095 1.986230816609137e-07
31250.000000000095 1.81295892546551e-07
31300.000000000095 1.7558422101432542e-07
31350.000000000095 1.6385523100290572e-07
31400.000000000095 1.2791737938296008e-07
31450.000000000095 1.6775150121044104e-07
31500.000000000095 1.4638751493559798e-07
31550.000000000095 1.6396459918258375e-07
31600.000000000095 1.253066982488747e-07
31650.000000000095 1.3593035975980682e-07
31700.000000000095 1.3861148666512258e-07
31750.000000000095 1.1597794516904171e-07
31800.000000000095 1.3690662497758503e-07
31850.000000000095 1.2308973481556354e-07
31900.000000000095 1.1522821630569086e-07
31950.000000000095 1.2041901981129578e-07
32000.000000000095 1.1158358955989058e-07
32050.000000000095 1.0528193833356193e-07
32100.000000000095 9.483130432558058e-08
32150.000000000095 1.2719574312760492e-07
32200.000000000095 1.0182383165907975e-07
32250.000000000095 1.2107145933423434e-07
32300.000000000095 8.965956915067387e-08
32350.000000000095 1.6793284567741637e-07
32400.000000000095 1.2013663113483457e-07
32450.000000000095 1.5585367988521294e-07
32500.000000000095 1.2746660619065167e-07
32550.000000000095 1.5884520651942103e-07
32600.000000000095 1.7614499266874942e-07
32650.000000000095 1.9429742257907045e-07
32700.000000000095 1.559213382140442e-07
32750.000000000095 2.1760586515230175e-07
32800.000000000095 1.5784844161142516e-07
32850.000000000095 2.1254706202713308e-07
32900.000000000095 2.4478992964896786e-07
32950.000000000095 2.237185155684286e-07
33000.000000000095 2.0770805569553063e-07
33050.000000000095 2.0473332280571798e-07
33100.000000000095 1.3704966754178783e-07
33150.000000000095 4.488669019687739e-08
33200.000000000095 4.554359479120578e-08
33250.000000000095 2.7962693914731266e-08
33300.000000000095 2.9255769681178827e-08
33350.000000000095 4.841417170367014e-08
33400.000000000095 6.46322226077867e-08
33450.000000000095 8.086961254057633e-08
33500.000000000095 1.0740328697267581e-07
33550.000000000095 1.0697269276361948e-07
33600.000000000095 1.4584374508993872e-07
33650.000000000095 1.6660443890239325e-07
33700.000000000095 1.5049030815512225e-07
33750.000000000095 1.9509041618542566e-07
33800.000000000095 1.5111421091683548e-07
33850.000000000095 1.9795017118747098e-07
33900.000000000095 1.7556388209085714e-07
33950.000000000095 1.9516637405104077e-07
34000.000000000095 1.8741646707391965e-07
34050.000000000095 1.1625614231214962e-07
34100.000000000095 1.821399065915866e-07
34150.000000000095 1.4452605995401846e-07
34200.000000000095 1.7793030958052278e-07
34250.000000000095 1.6515014178696013e-07
34300.000000000095 1.211787052272846e-07
34350.000000000095 1.5586659200002428e-07
34400.000000000095 1.484423492799257e-07
34450.000000000095 1.8760512051283173e-07
34500.000000000095 1.8266975638087747e-07
34550.000000000095 1.2407799214542537e-07
34600.000000000095 2.069042759080852e-07
34650.000000000095 1.42321739419709e-07
34700.000000000095 1.554737676736534e-07
34750.000000000095 1.6054080198854918e-07
34800.000000000095 1.1217923698104797e-07
34850.000000000095 1.7251241652392453e-07
34900.000000000095 1.886846001454677e-07
34950.000000000095 1.5561160133032627e-07
35000.000000000095 2.1766143513296635e-07
35050.000000000095 1.717512546064878e-07
35100.000000000095 2.100635865273964e-07
35150.000000000095 1.9541714117925744e-07
35200.000000000095 2.4444712050351104e-07
35250.000000000095 2.7474910063349887e-07
35300.000000000095 1.76740090370392e-07
35350.000000000095 2.5156535909454843e-07
35400.000000000095 2.369513172490079e-07
35450.000000000095 2.0743478179556903e-07
35500.000000000095 3.048235713768544e-07
35550.000000000095 2.765131291656102e-07
35600.000000000095 2.8660841553023264e-07
35650.000000000095 3.038068919744298e-07
35700.000000000095 2.1388562517934464e-07
35750.000000000095 3.033914147666907e-07
35800.000000000095 3.270613689112873e-07
35850.000000000095 2.5098414610607673e-07
35900.000000000095 3.546089254680469e-07
35950.000000000095 3.3478040499595227e-07
36000.000000000095 3.042949132490769e-07
36050.000000000095 3.7619689322517264e-07
36100.000000000095 3.411441605318138e-07
36150.000000000095 3.8564362527477656e-07
36200.000000000095 4.046559833547424e-07
36250.000000000095 3.8176823849197354e-07
36300.000000000095 4.4064630929181166e-07
36350.000000000095 4.384146652732584e-07
36400.000000000095 4.949241753012485e-07
36450.000000000095 4.91660181935546e-07
36500.000000000095 4.777160471332293e-07
36550.000000000095 4.948432611316107e-07
36600.000000000095 5.336793068813289e-07
36650.000000000095 5.496328366651442e-07
36700.000000000095 5.948639708098361e-07
36750.000000000095 6.297476193251422e-07
36800.000000000095 6.074315987923388e-07
36850.000000000095 5.997345490319979e-07
36900.000000000095 5.866504629733703e-07
36950.000000000095 6.582695289873634e-07
37000.000000000095 6.320868318181545e-07
37050.000000000095 6.69447249810136e-07
37100.000000000095 6.674880650926024e-07
37150.000000000095 7.211414890414692e-07
37200.000000000095 7.487514389807728e-07
37250.000000000095 6.784499148049318e-07
37300.000000000095 7.003658410315678e-07
37350.000000000095 6.904257045794716e-07
37400.000000000095 8.090620834815469e-07
37450.000000000095 7.54570012878552e-07
37500.000000000095 7.351975566821851e-07
37550.000000000095 8.368671330719276e-07
37600.000000000095 8.864530270430686e-07
37650.000000000095 7.889441053488167e-07
37700.000000000095 8.751956473641726e-07
37750.000000000095 7.653216936669607e-07
37800.000000000095 8.787370702730633e-07
37850.000000000095 7.475154475620659e-07
37900.000000000095 8.689010376545512e-07
37950.000000000095 9.187217198263741e-07
38000.000000000095 9.558205946476145e-07
38050.000000000095 8.936953975305655e-07
38100.000000000095 9.301419534085819e-07
38150.000000000095 9.370014070551622e-07
38200.000000000095 9.96192257151783e-07
38250.000000000095 9.159614245834478e-07
38300.000000000095 9.781850345770958e-07
38350.000000000095 1.0344876526601587e-06
38400.000000000095 8.708631563430655e-07
38450.000000000095 1.0386350998969916e-06
38500.000000000095 9.61793265732903e-07
38550.000000000095 1.0042255507966449e-06
38600.000000000095 1.060841509390637e-06
38650.000000000095 1.0891511349257385e-06
38700.000000000095 1.0917730135542803e-06
38750.000000000095 1.068563192414181e-06
38800.000000000095 1.0674756100350727e-06
38850.000000000095 1.0934629076059451e-06
38900.000000000095 1.0625641269660107e-06
38950.000000000095 1.098351289718468e-06
39000.000000000095 1.1546401913641093e-06
39050.000000000095 1.14987838352102e-06
39100.000000000095 1.0265383816187356e-06
39150.000000000095 1.1535494601007428e-06
39200.000000000095 1.090280648094447e-06
39250.000000000095 1.1635183476197913e-06
39300.000000000095 1.1616394940705353e-06
39350.000000000095 1.1958918986773541e-06
39400.000000000095 1.2188756951806579e-06
39450.000000000095 1.2354072741665737e-06
39500.000000000095 1.0950030776511256e-06
39550.000000000095 1.1738660356953431e-06
39600.000000000095 1.217107147302293e-06
39650.000000000095 1.211574942380268e-06
39700.000000000095 1.1893978791520956e-06
39750.000000000095 1.1348575715914834e-06
39800.000000000095 1.1707283069213498e-06
39850.000000000095 1.1829807352342987e-06
39900.000000000095 1.1796708938516868e-06
39950.000000000095 1.215975640208221e-06
40000.000000000095 1.1242404016902206e-06
40050.000000000095 1.2110066684662713e-06
40100.000000000095 1.2409442304073815e-06
40150.000000000095 1.268984528153286e-06
40200.000000000095 1.3101819531332034e-06
40250.000000000095 1.0630569293583906e-06
40300.000000000095 1.1503679619894261e-06
40350.000000000095 1.1739989628100493e-06
40400.000000000095 1.224793057682549e-06
40450.000000000095 1.191361189832875e-06
40500.000000000095 1.0217444919895486e-06
40550.000000000095 1.2392172440563597e-06
40600.000000000095 9.966821196361168e-07
40650.000000000095 1.2546422630157596e-06
40700.000000000095 1.3119159230690823e-06
40750.000000000095 1.0829261634061374e-06
40800.000000000095 1.0084135929055442e-06
40850.000000000095 1.0829672927863155e-06
40900.000000000095 1.044756853311441e-06
40950.000000000095 1.076860562028468e-06
41000.000000000095 1.095927633559427e-06
41050.000000000095 1.1164854803649324e-06
41100.000000000095 1.015367379795919e-06
41150.000000000095 9.876558002363947e-07
41200.000000000095 1.0510650225462138e-06
41250.000000000095 1.0949497204652621e-06
41300.000000000095 8.208700109158784e-07
41350.000000000095 1.091354999390631e-06
41400.000000000095 1.0212844282024658e-06
41450.000000000095 1.0356500223147209e-06
41500.000000000095 1.0646159193647643e-06
41550.000000000095 9.496004094696669e-07
41600.000000000095 9.607568191559605e-07
41650.000000000095 9.42723959278522e-07
41700.000000000095 8.748796571854064e-07
41750.000000000095 7.629399669889159e-07
41800.000000000095 9.716161798810319e-07
41850.000000000095 5.582216718817814e-07
41900.000000000095 8.142197558339314e-07
41950.000000000095 7.96103026468797e-07
42000.000000000095 7.609366370432834e-07
42050.000000000095 5.902088161948572e-07
42100.000000000095 6.54613513282819e-07
42150.000000000095 4.911340665177027e-07
42200.000000000095 5.694214179763551e-07
42250.000000000095 5.219020121256415e-07
42300.000000000095 5.210986263024169e-07
42350.000000000095 5.36698858987073e-07
42400.000000000095 4.417408714157704e-07
42450.000000000095 3.5487415548689453e-07
42500.000000000095 4.4534274293451767e-07
42550.000000000095 4.437191048379021e-07
42600.000000000095 5.255335955696704e-07
42650.000000000095 5.404922412673814e-07
42700.000000000095 4.94976506914765e-07
42750.000000000095 4.869832726858574e-07
42800.000000000095 4.2882021163158675e-07
42850.000000000095 5.047963928393452e-07
42900.000000000095 4.985609284248534e-07
42950.000000000095 4.1329072370959374e-07
43000.000000000095 4.9870008280426e-07
43050.000000000095 3.7549670983260847e-07
43100.000000000095 5.00214377159548e-07
43150.000000000095 5.119286119323338e-07
43200.000000000095 4.951067363727018e-07
43250.000000000095 4.1998524525693024e-07
43300.000000000095 5.543116089907267e-07
43350.000000000095 4.5719130099182183e-07
43400.000000000095 5.515091953195817e-07
43450.000000000095 3.863167759315766e-07
43500.000000000095 4.01996499202986e-07
43550.000000000095 3.809778286877701e-07
43600.000000000095 4.979690585242938e-07
43650.000000000095 3.332700757639677e-07
43700.000000000095 4.842900080526793e-07
43750.000000000095 4.6109883379246716e-07
43800.000000000095 3.7404012024815365e-07
43850.000000000095 4.3663318053101984e-07
43900.000000000095 3.183812881487735e-07
43950.000000000095 3.7432276505745494e-07
44000.000000000095 2.693539691280731e-07
44050.000000000095 3.5054697308736674e-07
44100.000000000095 3.587206463853929e-07
44150.000000000095 3.697139984746946e-07
44200.000000000095 3.153995112699706e-07
44250.000000000095 3.072224892871213e-07
44300.000000000095 2.8734205585019235e-07
44350.000000000095 2.3912019017469524e-07
44400.000000000095 2.6601854688546486e-07
44450.000000000095 2.6313296849191827e-07
44500.000000000095 2.1117736336098634e-07
44550.000000000095 2.3458153140782405e-07
44600.000000000095 2.0425700418402512e-07
44650.000000000095 2.3124765407992253e-07
44700.000000000095 2.192191486654897e-07
44750.000000000095 2.2694593400153233e-07
44800.000000000095 2.1486976630703607e-07
44850.000000000095 1.983089364673906e-07
44900.000000000095 1.7063165635508083e-07
44950.000000000095 1.7239382075755703e-07
45000.000000000095 1.7446497983562855e-07
45050.000000000095 1.8233189068920966e-07
45100.000000000095 1.6711700192757835e-07
45150.000000000095 1.5973818886790155e-07
45200.000000000095 1.3518496693428458e-07
45250.000000000095 1.4333912413919023e-07
45300.000000000095 1.6077932796623185e-07
45350.000000000095 1.6310469494527662e-07
45400.000000000095 1.2967165626561462e-07
45450.000000000095 1.3038246709424357e-07
45500.000000000095 1.3488579071688476e-07
45550.000000000095 1.5594409808110186e-07
45600.000000000095 1.2771425386770994e-07
45650.000000000095 1.287200595665003e-07
45700.000000000095 1.6094324112274528e-07
45750.000000000095 1.3955057457005648e-07
45800.000000000095 1.2303615936102417e-07
45850.000000000095 1.716952598742992e-07
45900.000000000095 1.6670967113748897e-07
45950.000000000095 1.2779871090009149e-07
46000.000000000095 1.6082565223486804e-07
46050.000000000095 1.7367047434373004e-07
46100.000000000095 1.289602364002625e-07
46150.000000000095 1.7015738897807467e-07
46200.000000000095 1.6100787356261289e-07
46250.000000000095 1.027171309671783e-07
46300.000000000095 1.8736294618219316e-07
46350.000000000095 1.3641797612776678e-07
46400.000000000095 1.6288657722942575e-07
46450.000000000095 2.0509818408978066e-07
46500.000000000095 1.613431727683336e-07
46550.000000000095 2.1282068972172676e-07
46600.000000000095 2.1212445941073628e-07
46650.000000000095 3.0802026528207503e-07
46700.000000000095 2.4050159193397735e-07
46750.000000000095 1.9797684527923835e-07
46800.000000000095 1.7407654454572257e-07
46850.000000000095 2.0954748030286805e-07
46900.000000000095 1.8355826169222595e-07
46950.000000000095 2.4071579547679833e-07
47000.000000000095 1.5416005760535287e-07
47050.000000000095 2.511361023533837e-07
47100.000000000095 1.4750224588388858e-07
47150.000000000095 1.716494819286654e-07
47200.000000000095 1.9504602353259403e-07
47250.000000000095 1.5386397378101254e-07
47300.000000000095 1.7638276171179136e-07
47350.000000000095 1.3458582066921963e-07
47400.000000000095 2.1281101281616545e-07
47450.000000000095 1.3900903712948426e-07
47500.000000000095 2.2572555335124186e-07
47550.000000000095 1.4319937326166233e-07
47600.000000000095 2.1589175176352906e-07
47650.000000000095 1.4568506310353783e-07
47700.000000000095 2.0318056576546892e-07
47750.000000000095 1.2945563396386535e-07
47800.000000000095 2.0353960478252488e-07
47850.000000000095 1.1595587425282777e-07
47900.000000000095 1.933153521780623e-07
47950.000000000095 1.478831897581389e-07
48000.000000000095 2.373427183031086e-07
48050.000000000095 1.6646672023329868e-07
48100.000000000095 2.219376853136395e-07
48150.000000000095 1.5909553113564764e-07
48200.000000000095 2.241051572640134e-07
48250.000000000095 1.7606277057317176e-07
48300.000000000095 2.6467831620573964e-07
48350.000000000095 1.634393452480876e-07
48400.000000000095 2.2211721909429155e-07
48450.000000000095 1.4523230455102405e-07
48500.000000000095 2.636322858047388e-07
48550.000000000095 1.4822271733980322e-07
