galfind/configs/Brown_Dwarf_templates/sonora_cholla/logkzz7/178g/1200K_178g_logkzz7_resample.dat
# %ECSV 1.0
# ---
# datatype:
# - {name: wav, unit: Angstrom, datatype: float64}
# - {name: flux_nu, unit: erg / (cm2 Hz s), datatype: float64}
# schema: astropy-2.0
wav flux_nu
10000.000000000093 nan
10050.000000000093 2.467702378302226e-07
10100.000000000093 2.898733241079721e-07
10150.000000000093 2.9513888687731963e-07
10200.000000000093 3.246382489122995e-07
10250.000000000093 3.485533970363098e-07
10300.000000000093 3.5109955085930076e-07
10350.000000000093 4.0257749467934113e-07
10400.000000000093 4.431470420226796e-07
10450.000000000093 4.5214752066708597e-07
10500.000000000093 4.379838447077587e-07
10550.000000000093 4.3942986027928945e-07
10600.000000000093 4.590142990729041e-07
10650.000000000093 4.929986000961755e-07
10700.000000000093 5.229756046148345e-07
10750.000000000093 5.572124725268116e-07
10800.000000000093 5.814519198940454e-07
10850.000000000093 6.217714287773438e-07
10900.000000000093 5.353888389556149e-07
10950.000000000093 3.7429735860041344e-07
11000.000000000093 3.213718004291784e-07
11050.000000000093 2.5707444446266923e-07
11100.000000000093 2.2846533414265763e-07
11150.000000000093 1.862418270065726e-07
11200.000000000093 1.9119179215315443e-07
11250.000000000093 2.3514306759186918e-07
11300.000000000093 2.2195536317613875e-07
11350.000000000093 1.3048016786899038e-07
11400.000000000093 2.3831419630743508e-07
11450.000000000093 1.8771112915946374e-07
11500.000000000093 2.400353992762994e-07
11550.000000000093 1.917571089131495e-07
11600.000000000093 2.0457287135190005e-07
11650.000000000093 2.1709654186723146e-07
11700.000000000093 2.3044880084033558e-07
11750.000000000093 2.2191389518860052e-07
11800.000000000093 2.6809648529904417e-07
11850.000000000093 3.226064748088388e-07
11900.000000000093 3.426841689499233e-07
11950.000000000093 4.1869145724566125e-07
12000.000000000093 4.394390865724091e-07
12050.000000000093 5.12840025848953e-07
12100.000000000093 5.494489869725102e-07
12150.000000000093 6.036519642736566e-07
12200.000000000093 6.635800054917936e-07
12250.000000000093 7.309172673242995e-07
12300.000000000093 7.845436719552112e-07
12350.000000000093 8.126720644195626e-07
12400.000000000093 8.334576655940944e-07
12450.000000000093 9.139100663512109e-07
12500.000000000093 9.578596795716743e-07
12550.000000000093 1.0056834149901844e-06
12600.000000000093 1.0171294245428757e-06
12650.000000000093 1.0085207864191563e-06
12700.000000000093 1.0490855128717007e-06
12750.000000000093 9.978683657030218e-07
12800.000000000093 1.0263977475526077e-06
12850.000000000093 9.269524024670345e-07
12900.000000000093 8.523663163462619e-07
12950.000000000093 8.8283353881196e-07
13000.000000000093 8.906588134799067e-07
13050.000000000093 8.784516138893865e-07
13100.000000000093 8.320581811482116e-07
13150.000000000093 7.4659070392515e-07
13200.000000000093 7.041277977914481e-07
13250.000000000093 5.601282397991248e-07
13300.000000000093 3.382056704077741e-07
13350.000000000093 1.192417235428305e-07
13400.000000000093 6.420411509665078e-08
13450.000000000093 4.175049122871861e-08
13500.000000000093 2.6112816746168493e-08
13550.000000000093 2.179858972382273e-08
13600.000000000093 1.6755810869500933e-08
13650.000000000093 3.631185761317337e-08
13700.000000000093 2.9021975475573893e-08
13750.000000000093 3.3838949788174735e-08
13800.000000000093 4.691687119795139e-08
13850.000000000093 3.519372873688301e-08
13900.000000000093 3.7037425047070464e-08
13950.000000000093 3.4366342669540066e-08
14000.000000000093 3.083281620462749e-08
14050.000000000093 3.7223218299586466e-08
14100.000000000093 2.6182278344345133e-08
14150.000000000093 3.610448385931846e-08
14200.000000000093 2.795055235772525e-08
14250.000000000093 2.8176720586963142e-08
14300.000000000093 4.028941042016577e-08
14350.000000000093 3.787620735759172e-08
14400.000000000093 4.2816195421377415e-08
14450.000000000093 4.516114488379619e-08
14500.000000000093 7.562264119923854e-08
14550.000000000093 7.544249174507088e-08
14600.000000000093 9.730784673494774e-08
14650.000000000093 1.0080839933200899e-07
14700.000000000093 7.500161730655533e-08
14750.000000000093 9.576609115614005e-08
14800.000000000093 1.1883467458421711e-07
14850.000000000093 1.2124892959671812e-07
14900.000000000093 1.3003154551448734e-07
14950.000000000093 1.4114797891136464e-07
15000.000000000093 1.5194131419094724e-07
15050.000000000093 1.8789149107641747e-07
15100.000000000093 2.055332285648871e-07
15150.000000000093 2.2023619860468294e-07
15200.000000000093 2.085963253614491e-07
15250.000000000093 2.479053092654469e-07
15300.000000000093 2.8691365600447106e-07
15350.000000000093 3.2951613164637433e-07
15400.000000000093 3.5685651583875854e-07
15450.000000000093 4.005624775999383e-07
15500.000000000093 4.239557830137798e-07
15550.000000000093 4.805457782460082e-07
15600.000000000093 4.79801749349284e-07
15650.000000000093 5.125690127430194e-07
15700.000000000093 5.940109529724868e-07
15750.000000000093 6.380656910878408e-07
15800.000000000093 6.130244054394933e-07
15850.000000000093 6.67919216560871e-07
15900.000000000093 6.798208225152643e-07
15950.000000000093 7.021088348488316e-07
16000.000000000093 7.161339415490271e-07
16050.000000000093 7.144728419207124e-07
16100.000000000093 7.123673374949001e-07
16150.000000000093 6.480804254338756e-07
16200.000000000093 6.147361908255105e-07
16250.000000000093 6.29576359855234e-07
16300.000000000093 5.980976806941398e-07
16350.000000000093 6.243023939469326e-07
16400.000000000095 6.551289282199092e-07
16450.000000000095 6.649415168800923e-07
16500.000000000095 6.864669541935659e-07
16550.000000000095 6.684701133136604e-07
16600.000000000095 6.423553524344749e-07
16650.000000000095 6.040038683332217e-07
16700.000000000095 5.057053843674571e-07
16750.000000000095 5.489708565953398e-07
16800.000000000095 6.213674801659564e-07
16850.000000000095 5.898906378627909e-07
16900.000000000095 5.689731949563424e-07
16950.000000000095 5.373037813090087e-07
17000.000000000095 5.069999469190467e-07
17050.000000000095 5.443709057502807e-07
17100.000000000095 5.156204780733801e-07
17150.000000000095 4.5456804698472353e-07
17200.000000000095 4.4658566253534035e-07
17250.000000000095 3.9643614458180757e-07
17300.000000000095 3.6170563389212534e-07
17350.000000000095 3.47964873302947e-07
17400.000000000095 3.250072211307028e-07
17450.000000000095 2.893350620619838e-07
17500.000000000095 2.898379570262027e-07
17550.000000000095 2.516273120248388e-07
17600.000000000095 2.413518481227352e-07
17650.000000000095 2.3495387119497334e-07
17700.000000000095 1.6619899450486705e-07
17750.000000000095 1.4635125780717263e-07
17800.000000000095 1.692423953971869e-07
17850.000000000095 1.1199947037181707e-07
17900.000000000095 1.3746991791289716e-07
17950.000000000095 1.0815743770676542e-07
18000.000000000095 1.0983015585266626e-07
18050.000000000095 9.864041657518217e-08
18100.000000000095 8.623733978971512e-08
18150.000000000095 1.1758493227847985e-07
18200.000000000095 7.53661672209389e-08
18250.000000000095 1.3862299276863315e-07
18300.000000000095 9.259457892193711e-08
18350.000000000095 8.600286073222897e-08
18400.000000000095 7.729193811699869e-08
18450.000000000095 8.091977638552299e-08
18500.000000000095 9.047671233692992e-08
18550.000000000095 7.197034430417368e-08
18600.000000000095 6.028471091735272e-08
18650.000000000095 5.803142398255815e-08
18700.000000000095 6.017950680250539e-08
18750.000000000095 6.8877713746126e-08
18800.000000000095 1.079229406970813e-07
18850.000000000095 1.2579319219815987e-07
18900.000000000095 1.1320649321778411e-07
18950.000000000095 1.6328604728814722e-07
19000.000000000095 1.2510143367460985e-07
19050.000000000095 1.0066163162313667e-07
19100.000000000095 1.5183125477720307e-07
19150.000000000095 1.2625790449671633e-07
19200.000000000095 1.3674649612244324e-07
19250.000000000095 1.20408255858208e-07
19300.000000000095 1.1066635126372904e-07
19350.000000000095 9.958778854926672e-08
19400.000000000095 6.596620278438389e-08
19450.000000000095 1.120033056488675e-07
19500.000000000095 1.0493110738269684e-07
19550.000000000095 8.419852280408201e-08
19600.000000000095 1.0835505251118292e-07
19650.000000000095 1.2003258975504818e-07
19700.000000000095 1.2063785195115613e-07
19750.000000000095 1.194268740618554e-07
19800.000000000095 1.3744015428589558e-07
19850.000000000095 1.593892889589148e-07
19900.000000000095 1.1880812623221518e-07
19950.000000000095 1.7487596944334025e-07
20000.000000000095 1.702850489416729e-07
20050.000000000095 1.8331578700438908e-07
20100.000000000095 1.9253064264950186e-07
20150.000000000095 1.9129883975568634e-07
20200.000000000095 2.2292005741380358e-07
20250.000000000095 2.439129823815499e-07
20300.000000000095 2.246937115330493e-07
20350.000000000095 2.548256868954852e-07
20400.000000000095 2.579913646160196e-07
20450.000000000095 2.965129877267171e-07
20500.000000000095 3.054483499157958e-07
20550.000000000095 2.947115823865495e-07
20600.000000000095 3.4147777973381757e-07
20650.000000000095 3.2094910006108017e-07
20700.000000000095 3.316461753500856e-07
20750.000000000095 3.611555271578118e-07
20800.000000000095 3.5953149688981427e-07
20850.000000000095 3.6132568578020013e-07
20900.000000000095 3.8176874752233305e-07
20950.000000000095 3.684446310104458e-07
21000.000000000095 3.8836634712607997e-07
21050.000000000095 3.7513398153986835e-07
21100.000000000095 3.8207700223377725e-07
21150.000000000095 3.868804016341992e-07
21200.000000000095 3.736960230996566e-07
21250.000000000095 3.8710907093817135e-07
21300.000000000095 3.6355918179143773e-07
21350.000000000095 3.801889820711386e-07
21400.000000000095 3.523281134284381e-07
21450.000000000095 3.6987735239648035e-07
21500.000000000095 3.647374221254802e-07
21550.000000000095 3.558758431018239e-07
21600.000000000095 3.547294579133541e-07
21650.000000000095 3.342211551907556e-07
21700.000000000095 3.477969344582843e-07
21750.000000000095 3.2670760466344643e-07
21800.000000000095 3.1499125238160246e-07
21850.000000000095 2.9764654011769546e-07
21900.000000000095 2.981950200629845e-07
21950.000000000095 2.409033246462405e-07
22000.000000000095 2.0328278433959874e-07
22050.000000000095 1.793151736094325e-07
22100.000000000095 2.130131114261101e-07
22150.000000000095 2.2245502987189714e-07
22200.000000000095 2.2057041696783954e-07
22250.000000000095 2.1064200414822836e-07
22300.000000000095 2.1153482346537146e-07
22350.000000000095 2.0190351586736096e-07
22400.000000000095 1.9316802368940713e-07
22450.000000000095 1.6859213214287093e-07
22500.000000000095 1.7765007557374405e-07
22550.000000000095 1.5587254051261567e-07
22600.000000000095 1.6954144386101613e-07
22650.000000000095 1.5825813109344858e-07
22700.000000000095 1.5497015030759576e-07
22750.000000000095 1.6550693010020425e-07
22800.000000000095 1.561026094314752e-07
22850.000000000095 1.4328242901073367e-07
22900.000000000095 1.4192106605451366e-07
22950.000000000095 1.222051779351843e-07
23000.000000000095 9.762052573645134e-08
23050.000000000095 1.2066638175449516e-07
23100.000000000095 1.3470650253319383e-07
23150.000000000095 1.3061490734226745e-07
23200.000000000095 9.667686623970641e-08
23250.000000000095 9.682554234041028e-08
23300.000000000095 9.454174032621225e-08
23350.000000000095 8.748960346733247e-08
23400.000000000095 1.0055224388938025e-07
23450.000000000095 9.782790138956099e-08
23500.000000000095 1.0101323121362224e-07
23550.000000000095 1.2292172331969193e-07
23600.000000000095 1.2058847388936915e-07
23650.000000000095 1.2897391310233283e-07
23700.000000000095 9.921581392495276e-08
23750.000000000095 1.0111541771027038e-07
23800.000000000095 1.0577719057264033e-07
23850.000000000095 1.0132964402499962e-07
23900.000000000095 1.2925209651449957e-07
23950.000000000095 1.3090367454868087e-07
24000.000000000095 1.6014747224290219e-07
24050.000000000095 1.494647149905776e-07
24100.000000000095 1.302233922727051e-07
24150.000000000095 1.4073128069819986e-07
24200.000000000095 1.4569248745750422e-07
24250.000000000095 1.5174430781266886e-07
24300.000000000095 1.4093992089266837e-07
24350.000000000095 1.3292136429138945e-07
24400.000000000095 1.7357345002231374e-07
24450.000000000095 1.3665483391579207e-07
24500.000000000095 1.4820234626291734e-07
24550.000000000095 1.3729307416437877e-07
24600.000000000095 1.4779178167700157e-07
24650.000000000095 1.628134768494862e-07
24700.000000000095 1.2204909071768121e-07
24750.000000000095 1.119778251654793e-07
24800.000000000095 1.1923187925695346e-07
24850.000000000095 1.528883978886681e-07
24900.000000000095 7.859559665452737e-08
24950.000000000095 1.3257132336742718e-07
25000.000000000095 1.2102076173918672e-07
25050.000000000095 8.57780005636375e-08
25100.000000000095 1.0964110817351535e-07
25150.000000000095 7.254794505713167e-08
25200.000000000095 9.219116048664716e-08
25250.000000000095 6.394947542610482e-08
25300.000000000095 8.880287222771152e-08
25350.000000000095 5.068842930360822e-08
25400.000000000095 8.529720113420443e-08
25450.000000000095 5.891569253613571e-08
25500.000000000095 5.673124580870552e-08
25550.000000000095 7.228014020232882e-08
25600.000000000095 6.408193141672079e-08
25650.000000000095 4.5114186724940383e-08
25700.000000000095 8.286800321221584e-08
25750.000000000095 4.421336925422197e-08
25800.000000000095 8.534148832158526e-08
25850.000000000095 4.542300440882763e-08
25900.000000000095 6.7564781200896e-08
25950.000000000095 4.217192132868563e-08
26000.000000000095 7.852324716185113e-08
26050.000000000095 6.219111320227643e-08
26100.000000000095 9.073012134526186e-08
26150.000000000095 7.816117478895551e-08
26200.000000000095 8.410201394910336e-08
26250.000000000095 1.0453871918246585e-07
26300.000000000095 8.057218534441225e-08
26350.000000000095 1.1218804993631974e-07
26400.000000000095 1.3446711460895716e-07
26450.000000000095 1.187025108873229e-07
26500.000000000095 1.0788671556119112e-07
26550.000000000095 8.859436636237107e-08
26600.000000000095 1.0903158916393739e-07
26650.000000000095 5.7735745391776e-08
26700.000000000095 4.661557022315069e-08
26750.000000000095 4.044340125332478e-08
26800.000000000095 5.6891448013942884e-08
26850.000000000095 3.555019567436881e-08
26900.000000000095 6.817276439844692e-08
26950.000000000095 3.628020831476144e-08
27000.000000000095 8.029272664595418e-08
27050.000000000095 7.309722291604945e-08
27100.000000000095 5.4877150714077683e-08
27150.000000000095 9.183577602378978e-08
27200.000000000095 5.853366387584974e-08
27250.000000000095 6.648005618165786e-08
27300.000000000095 1.2817017995527942e-07
27350.000000000095 9.941054696813256e-08
27400.000000000095 3.728781310230667e-08
27450.000000000095 1.2161766201881693e-07
27500.000000000095 1.1851799165917424e-07
27550.000000000095 6.992907055581416e-08
27600.000000000095 1.139214683933549e-07
27650.000000000095 5.763312753923535e-08
27700.000000000095 4.821972917557253e-08
27750.000000000095 1.0915327734117803e-07
27800.000000000095 6.021530359395193e-08
27850.000000000095 6.742144523453279e-08
27900.000000000095 8.584494848705348e-08
27950.000000000095 9.612191656964355e-08
28000.000000000095 9.846772821451785e-08
28050.000000000095 4.837932242278232e-08
28100.000000000095 1.2207721989821808e-07
28150.000000000095 9.298496282741146e-08
28200.000000000095 4.503588607198471e-08
28250.000000000095 1.1957847390249426e-07
28300.000000000095 1.5627803283643021e-07
28350.000000000095 5.1769885033384744e-08
28400.000000000095 1.0994032116722122e-07
28450.000000000095 1.1795850291177834e-07
28500.000000000095 1.0389775699279606e-07
28550.000000000095 5.035665906364446e-08
28600.000000000095 1.299588455442264e-07
28650.000000000095 1.1897568601987716e-07
28700.000000000095 1.0217513823915861e-07
28750.000000000095 1.360834267345827e-07
28800.000000000095 1.2018155179632542e-07
28850.000000000095 1.5595636142177914e-07
28900.000000000095 7.624643603898341e-08
28950.000000000095 1.6125540182311946e-07
29000.000000000095 1.1141840860923285e-07
29050.000000000095 1.337711942364734e-07
29100.000000000095 8.69572623649952e-08
29150.000000000095 1.6646559272831456e-07
29200.000000000095 1.180668449460495e-07
29250.000000000095 1.6153433320415245e-07
29300.000000000095 1.0076085837392043e-07
