galfind/configs/Brown_Dwarf_templates/sonora_cholla/logkzz7/178g/1250K_178g_logkzz7_resample.dat
# %ECSV 1.0
# ---
# datatype:
# - {name: wav, unit: Angstrom, datatype: float64}
# - {name: flux_nu, unit: erg / (cm2 Hz s), datatype: float64}
# schema: astropy-2.0
wav flux_nu
[from data line 387]
29350.000000000095 3.1340644026575384e-07
29400.000000000095 2.000011765768637e-07
29450.000000000095 1.9192583480006224e-07
29500.000000000095 2.0428523498891952e-07
29550.000000000095 1.8219714089572202e-07
29600.000000000095 2.542376987519557e-07
29650.000000000095 1.9920754132152933e-07
29700.000000000095 1.9486027441711132e-07
29750.000000000095 2.3124171459014082e-07
29800.000000000095 2.7309391772727306e-07
29850.000000000095 2.6655040474663694e-07
29900.000000000095 2.4226473013263774e-07
29950.000000000095 2.3187930561386394e-07
30000.000000000095 2.506775545450879e-07
30050.000000000095 2.0608969352110892e-07
30100.000000000095 2.2870698037137563e-07
30150.000000000095 3.029478335405644e-07
30200.000000000095 2.3925176103922865e-07
30250.000000000095 3.1897731074975497e-07
30300.000000000095 2.7398026185941267e-07
30350.000000000095 2.41324251789403e-07
30400.000000000095 3.1693630526622745e-07
30450.000000000095 2.571824853710579e-07
30500.000000000095 2.5147258083983074e-07
30550.000000000095 3.0292428770853925e-07
30600.000000000095 3.218074950236235e-07
30650.000000000095 3.257129053863247e-07
30700.000000000095 2.8589389045759526e-07
30750.000000000095 2.707718918300452e-07
30800.000000000095 2.6824955094477154e-07
30850.000000000095 2.710618263984765e-07
30900.000000000095 2.7691294045461966e-07
30950.000000000095 1.8158957662273613e-07
31000.000000000095 2.6402031556984325e-07
31050.000000000095 2.5839488909715285e-07
31100.000000000095 1.9213921426576173e-07
31150.000000000095 2.3426812055273146e-07
31200.000000000095 2.3966138815803927e-07
31250.000000000095 2.258615423234847e-07
31300.000000000095 2.1831458438576398e-07
31350.000000000095 2.0373869871695276e-07
31400.000000000095 1.6143783769728333e-07
31450.000000000095 2.0892409330167993e-07
31500.000000000095 1.8743767828848943e-07
31550.000000000095 2.0597517576844956e-07
31600.000000000095 1.6094736060334377e-07
31650.000000000095 1.7587490699866665e-07
31700.000000000095 1.7609852167700713e-07
31750.000000000095 1.498074104177715e-07
31800.000000000095 1.7432569289661973e-07
31850.000000000095 1.60156639951113e-07
31900.000000000095 1.4706813615764386e-07
31950.000000000095 1.5684791065087626e-07
32000.000000000095 1.4479126249507529e-07
32050.000000000095 1.3852373066245476e-07
32100.000000000095 1.2363695359740797e-07
32150.000000000095 1.670077413291171e-07
32200.000000000095 1.357652365020035e-07
32250.000000000095 1.5500663483469996e-07
32300.000000000095 1.2073481147734148e-07
32350.000000000095 2.1669479836224548e-07
32400.000000000095 1.5790781796751352e-07
32450.000000000095 2.0254873849125079e-07
32500.000000000095 1.6845717112405416e-07
32550.000000000095 2.0702415288259307e-07
32600.000000000095 2.3019199865823237e-07
32650.000000000095 2.4927040733262206e-07
32700.000000000095 2.0105143803362387e-07
32750.000000000095 2.767205768048083e-07
32800.000000000095 1.9964248234840383e-07
32850.000000000095 2.6669311927087224e-07
32900.000000000095 3.0906893714206543e-07
32950.000000000095 2.7967593846238587e-07
33000.000000000095 2.6491860191007054e-07
33050.000000000095 2.5738814307461613e-07
33100.000000000095 1.8202103937142296e-07
33150.000000000095 6.681601007571871e-08
33200.000000000095 6.532344660474687e-08
33250.000000000095 4.020158491076968e-08
33300.000000000095 4.200134303409842e-08
33350.000000000095 6.448220564797466e-08
33400.000000000095 8.39853230028118e-08
33450.000000000095 1.0401907706129214e-07
33500.000000000095 1.3470604181616228e-07
33550.000000000095 1.3730934756657972e-07
33600.000000000095 1.8145669942904935e-07
33650.000000000095 2.11514585325894e-07
33700.000000000095 1.9293957430433973e-07
33750.000000000095 2.4595855035974934e-07
33800.000000000095 1.978763861705308e-07
33850.000000000095 2.538991758512382e-07
33900.000000000095 2.263382239561075e-07
33950.000000000095 2.4968861691422925e-07
34000.000000000095 2.3717751078858217e-07
34050.000000000095 1.5499028610500354e-07
34100.000000000095 2.32171701663395e-07
34150.000000000095 1.8661933675337677e-07
34200.000000000095 2.2838047524946165e-07
34250.000000000095 2.1422614301846478e-07
34300.000000000095 1.5561801118001692e-07
34350.000000000095 1.9660614145859511e-07
34400.000000000095 1.9282469245563988e-07
34450.000000000095 2.370481096221331e-07
34500.000000000095 2.3741543492383604e-07
34550.000000000095 1.6091573975658612e-07
34600.000000000095 2.6312314192785477e-07
34650.000000000095 1.8706802471397373e-07
34700.000000000095 2.014073193396766e-07
34750.000000000095 2.0750941315517064e-07
34800.000000000095 1.4854678266617849e-07
34850.000000000095 2.2014853920348047e-07
34900.000000000095 2.4271637339846946e-07
34950.000000000095 1.96838188705167e-07
35000.000000000095 2.761757269073612e-07
35050.000000000095 2.210488979616849e-07
35100.000000000095 2.643438467117125e-07
35150.000000000095 2.457820030134528e-07
35200.000000000095 3.057039687265234e-07
35250.000000000095 3.405930702509459e-07
35300.000000000095 2.2364923220780324e-07
35350.000000000095 3.1561587503553624e-07
35400.000000000095 2.9573714733992544e-07
35450.000000000095 2.6147794791173605e-07
35500.000000000095 3.7485374001465675e-07
35550.000000000095 3.4233289105556237e-07
35600.000000000095 3.535979461367912e-07
35650.000000000095 3.7417291302569607e-07
35700.000000000095 2.677462171712054e-07
35750.000000000095 3.660249874967739e-07
35800.000000000095 4.0171151238646423e-07
35850.000000000095 3.1471989503886636e-07
35900.000000000095 4.350741658418766e-07
35950.000000000095 4.0935499064087475e-07
36000.000000000095 3.783871496082988e-07
36050.000000000095 4.630645115981572e-07
36100.000000000095 4.215472364906328e-07
36150.000000000095 4.723217435754453e-07
36200.000000000095 4.97129559220318e-07
36250.000000000095 4.6440157431474267e-07
36300.000000000095 5.394716002703832e-07
36350.000000000095 5.30869525716374e-07
36400.000000000095 5.957011664767327e-07
36450.000000000095 5.955603046163257e-07
36500.000000000095 5.762295541097372e-07
36550.000000000095 5.876995287314182e-07
36600.000000000095 6.286424700934104e-07
36650.000000000095 6.531748565585126e-07
36700.000000000095 7.139370955211708e-07
36750.000000000095 7.443481680349623e-07
36800.000000000095 7.230175920003899e-07
36850.000000000095 7.194366510107326e-07
36900.000000000095 7.004227967247069e-07
36950.000000000095 7.782531966787904e-07
37000.000000000095 7.540181669131945e-07
37050.000000000095 7.942630634442918e-07
37100.000000000095 7.899333389080713e-07
37150.000000000095 8.561594831379429e-07
37200.000000000095 8.845325857771959e-07
37250.000000000095 8.10451528261534e-07
37300.000000000095 8.371537924861128e-07
37350.000000000095 8.029102228680139e-07
37400.000000000095 9.458365894576585e-07
37450.000000000095 8.837918147636808e-07
37500.000000000095 8.756732870117629e-07
37550.000000000095 9.737401765636085e-07
37600.000000000095 1.0358104548803096e-06
37650.000000000095 9.345356005241336e-07
37700.000000000095 1.028981873346361e-06
37750.000000000095 9.157812717510934e-07
37800.000000000095 1.040713733539817e-06
37850.000000000095 8.963679168360876e-07
37900.000000000095 1.0307673088926522e-06
37950.000000000095 1.0839347351296473e-06
38000.000000000095 1.1120337681407877e-06
38050.000000000095 1.0504322542403683e-06
38100.000000000095 1.0864909631584018e-06
38150.000000000095 1.0990535054727242e-06
38200.000000000095 1.1648720044402256e-06
38250.000000000095 1.0647002101562264e-06
38300.000000000095 1.1174680754942147e-06
38350.000000000095 1.1924701030198173e-06
38400.000000000095 1.023672099608424e-06
38450.000000000095 1.2204995276214173e-06
38500.000000000095 1.13853574043111e-06
38550.000000000095 1.1713191054253307e-06
38600.000000000095 1.247229468573294e-06
38650.000000000095 1.2602275412780662e-06
38700.000000000095 1.2622326692948162e-06
38750.000000000095 1.236890987305599e-06
38800.000000000095 1.2476806195224605e-06
38850.000000000095 1.2598559630108075e-06
38900.000000000095 1.2181057243674565e-06
38950.000000000095 1.2677264403048486e-06
39000.000000000095 1.3266872742144149e-06
39050.000000000095 1.3364761480262385e-06
39100.000000000095 1.1762058068558725e-06
39150.000000000095 1.334410715928122e-06
39200.000000000095 1.2623597783148356e-06
39250.000000000095 1.328836474469554e-06
39300.000000000095 1.3363190917915526e-06
39350.000000000095 1.35922135520485e-06
39400.000000000095 1.3943014847236067e-06
39450.000000000095 1.4117632661510738e-06
39500.000000000095 1.249736321310824e-06
39550.000000000095 1.3401383240263406e-06
39600.000000000095 1.3984855194870633e-06
39650.000000000095 1.3578005145249276e-06
39700.000000000095 1.3543984499760484e-06
39750.000000000095 1.3130209580683856e-06
39800.000000000095 1.3268204697447545e-06
39850.000000000095 1.3362651418701723e-06
39900.000000000095 1.3274467762569591e-06
39950.000000000095 1.3790043570916624e-06
40000.000000000095 1.2557673517483555e-06
40050.000000000095 1.3635789323169307e-06
40100.000000000095 1.4209043389208217e-06
40150.000000000095 1.4210126665270214e-06
40200.000000000095 1.4721157537405176e-06
40250.000000000095 1.1853222694910264e-06
40300.000000000095 1.2844171281264212e-06
40350.000000000095 1.3256819764192416e-06
40400.000000000095 1.3727838687394317e-06
40450.000000000095 1.3363080652705283e-06
40500.000000000095 1.1359107384850259e-06
40550.000000000095 1.394375661675795e-06
40600.000000000095 1.1041413052262202e-06
40650.000000000095 1.4033578659209257e-06
40700.000000000095 1.452021191196153e-06
40750.000000000095 1.1997059053789092e-06
40800.000000000095 1.1252173022717156e-06
40850.000000000095 1.1941962584705885e-06
40900.000000000095 1.1477582223292088e-06
40950.000000000095 1.1964925351044773e-06
41000.000000000095 1.2159375896319564e-06
41050.000000000095 1.2380652285143168e-06
41100.000000000095 1.1309838615712175e-06
41150.000000000095 1.097281421148162e-06
41200.000000000095 1.1525772734351518e-06
41250.000000000095 1.2128005202301186e-06
41300.000000000095 9.085768911143677e-07
41350.000000000095 1.198657204372285e-06
41400.000000000095 1.1300119924232902e-06
41450.000000000095 1.1382514317586962e-06
41500.000000000095 1.183418071686603e-06
41550.000000000095 1.059122744534582e-06
41600.000000000095 1.0586167223602327e-06
41650.000000000095 1.0375461532860835e-06
41700.000000000095 9.680588591854653e-07
41750.000000000095 8.345585417638098e-07
41800.000000000095 1.064632837392375e-06
41850.000000000095 6.16787885567727e-07
41900.000000000095 9.028203640112505e-07
41950.000000000095 8.771407286663784e-07
42000.000000000095 8.326415062515934e-07
42050.000000000095 6.362906811777101e-07
42100.000000000095 7.176317424432889e-07
42150.000000000095 5.39097802152848e-07
42200.000000000095 6.267842163273861e-07
42250.000000000095 5.685348794144815e-07
42300.000000000095 5.756939531888979e-07
42350.000000000095 5.856520179742664e-07
42400.000000000095 4.846398482439796e-07
42450.000000000095 3.879219412482106e-07
42500.000000000095 4.837545766750522e-07
42550.000000000095 4.900419485569567e-07
42600.000000000095 5.694085779282042e-07
42650.000000000095 5.844421934872017e-07
42700.000000000095 5.386414691194767e-07
42750.000000000095 5.329309380204448e-07
42800.000000000095 4.698092305091774e-07
42850.000000000095 5.428606147424662e-07
42900.000000000095 5.360301076990513e-07
42950.000000000095 4.4817861727983506e-07
43000.000000000095 5.349547546427501e-07
43050.000000000095 4.158701617417877e-07
43100.000000000095 5.433368217358466e-07
43150.000000000095 5.543726329829371e-07
43200.000000000095 5.364609956039838e-07
43250.000000000095 4.4454728976547665e-07
43300.000000000095 5.905599504070641e-07
43350.000000000095 5.047850972559126e-07
43400.000000000095 5.980259288347958e-07
43450.000000000095 4.1895175421644295e-07
43500.000000000095 4.3578993818510936e-07
43550.000000000095 4.113682740945032e-07
43600.000000000095 5.397724327088908e-07
43650.000000000095 3.6203357422620625e-07
43700.000000000095 5.215790200082584e-07
43750.000000000095 4.902162209070612e-07
43800.000000000095 4.027360151299595e-07
43850.000000000095 4.7680967734035307e-07
43900.000000000095 3.419400004781038e-07
43950.000000000095 4.1374801014398183e-07
44000.000000000095 3.024150669869727e-07
44050.000000000095 3.862629661211663e-07
44100.000000000095 3.9406686893155344e-07
44150.000000000095 4.1126703822882373e-07
44200.000000000095 3.481369117448087e-07
44250.000000000095 3.4308435356609736e-07
44300.000000000095 3.2260839213202755e-07
44350.000000000095 2.690283422620949e-07
44400.000000000095 3.030675647589407e-07
44450.000000000095 3.0044683777424744e-07
44500.000000000095 2.423122443098698e-07
44550.000000000095 2.6948876164955263e-07
44600.000000000095 2.3731028877690197e-07
44650.000000000095 2.683761362076206e-07
44700.000000000095 2.5443547151678574e-07
44750.000000000095 2.648789245189341e-07
44800.000000000095 2.519334486557108e-07
44850.000000000095 2.3282345675430164e-07
44900.000000000095 2.023917040003623e-07
44950.000000000095 2.0584707869165004e-07
45000.000000000095 2.0876912188032478e-07
45050.000000000095 2.175408900265492e-07
45100.000000000095 1.993557350730388e-07
45150.000000000095 1.916192947710094e-07
45200.000000000095 1.6397163475191422e-07
45250.000000000095 1.7359000932114766e-07
45300.000000000095 1.9364205242734992e-07
45350.000000000095 1.971825717258277e-07
45400.000000000095 1.5762560951467577e-07
45450.000000000095 1.5939060777952228e-07
45500.000000000095 1.6411940223729317e-07
45550.000000000095 1.8739084236089344e-07
45600.000000000095 1.5594127687728566e-07
45650.000000000095 1.5780931148134246e-07
45700.000000000095 1.952991637290127e-07
45750.000000000095 1.708989683811058e-07
45800.000000000095 1.522322065237798e-07
45850.000000000095 2.095451214902506e-07
45900.000000000095 2.0361132077973732e-07
45950.000000000095 1.5823524601778923e-07
46000.000000000095 1.9695840719727924e-07
46050.000000000095 2.115803027576512e-07
46100.000000000095 1.5966083527217217e-07
46150.000000000095 2.0586772671054856e-07
46200.000000000095 1.9441533797857146e-07
46250.000000000095 1.2819314068913967e-07
46300.000000000095 2.2654250512475419e-07
46350.000000000095 1.6470143640004822e-07
46400.000000000095 1.969460756383562e-07
46450.000000000095 2.44788984844439e-07
46500.000000000095 1.9582574010606777e-07
46550.000000000095 2.5043422066759093e-07
46600.000000000095 2.505891878943686e-07
46650.000000000095 3.5825043219695734e-07
46700.000000000095 2.825053350311871e-07
46750.000000000095 2.3609408210316803e-07
46800.000000000095 2.0880298647956615e-07
46850.000000000095 2.521964976616094e-07
46900.000000000095 2.209366394246636e-07
46950.000000000095 2.852442001410826e-07
47000.000000000095 1.8925328986657124e-07
47050.000000000095 2.9899193032212104e-07
47100.000000000095 1.7983131340202726e-07
47150.000000000095 2.0797653846190668e-07
47200.000000000095 2.3582359961445047e-07
47250.000000000095 1.886444586571032e-07
47300.000000000095 2.1327991058111149e-07
47350.000000000095 1.6589134882943203e-07
47400.000000000095 2.544259486835443e-07
47450.000000000095 1.7207838385786338e-07
47500.000000000095 2.693783006158387e-07
47550.000000000095 1.7627226822770869e-07
47600.000000000095 2.571211905643293e-07
47650.000000000095 1.7829467750526734e-07
47700.000000000095 2.429017144869582e-07
47750.000000000095 1.5747417332403313e-07
47800.000000000095 2.4239524672822235e-07
47850.000000000095 1.4092258394730227e-07
47900.000000000095 2.3176297266049632e-07
47950.000000000095 1.7894502119305174e-07
48000.000000000095 2.8262718720233367e-07
48050.000000000095 2.002113632108562e-07
48100.000000000095 2.6271069133695677e-07
48150.000000000095 1.9113788085695233e-07
48200.000000000095 2.6475389732198696e-07
48250.000000000095 2.1078415183766207e-07
48300.000000000095 3.110620312355454e-07
48350.000000000095 1.937328421831594e-07
48400.000000000095 2.6296825079131844e-07
48450.000000000095 1.731867044163938e-07
48500.000000000095 3.101418867166112e-07
