galfind/configs/Brown_Dwarf_templates/sonora_cholla/logkzz7/178g/1300K_178g_logkzz7_resample.dat
# %ECSV 1.0
# ---
# datatype:
# - {name: wav, unit: Angstrom, datatype: float64}
# - {name: flux_nu, unit: erg / (cm2 Hz s), datatype: float64}
# schema: astropy-2.0
wav flux_nu
[from data line 1161]
68050.00000000009 3.371365777421607e-07
68100.00000000009 3.1674835869319556e-07
68150.00000000009 2.515022068710775e-07
68200.00000000009 2.780139781655317e-07
68250.00000000009 1.5810278235087122e-07
68300.00000000009 2.5258105275572905e-07
68350.00000000009 1.6349200545761573e-07
68400.00000000009 3.1344961928024385e-07
68450.00000000009 3.1129215495806765e-07
68500.00000000009 2.7530831372041096e-07
68550.00000000009 1.990240962174718e-07
68600.00000000009 2.2572638806165545e-07
68650.00000000009 1.692193710624972e-07
68700.00000000009 2.4026738448533856e-07
68750.00000000009 2.800406712658893e-07
68800.00000000009 3.030979967832437e-07
68850.00000000009 1.842742226803991e-07
68900.00000000009 3.481558003745625e-07
68950.00000000009 3.7112005959915014e-07
69000.00000000009 3.7902088322864505e-07
69050.00000000009 2.486287645798869e-07
69100.00000000009 3.5785278688587077e-07
69150.00000000009 4.053074441574307e-07
69200.00000000009 2.584590935018532e-07
69250.00000000009 3.541448155925213e-07
69300.00000000009 3.3881293320846164e-07
69350.00000000009 3.3723134994050084e-07
69400.00000000009 2.351805660533626e-07
69450.00000000009 3.459277606484062e-07
69500.00000000009 2.6939350933072796e-07
69550.00000000009 2.9178456655019954e-07
69600.00000000009 1.288420050955892e-07
69650.00000000009 2.6155473699781014e-07
69700.00000000009 3.221534596297984e-07
69750.00000000009 2.8233437696484867e-07
69800.00000000009 3.220912778692298e-07
69850.00000000009 3.5174164010450403e-07
69900.00000000009 2.432073467449906e-07
69950.00000000009 3.18377776308067e-07
70000.00000000009 2.3799427446411473e-07
70050.00000000009 3.3441642888795275e-07
70100.00000000009 2.663117239605328e-07
70150.00000000009 3.206902727458306e-07
70200.00000000009 2.443228200894536e-07
70250.00000000009 2.831435577974752e-07
70300.00000000009 3.21466854239183e-07
70350.00000000009 2.535346482424947e-07
70400.00000000009 2.613980054191105e-07
70450.00000000009 1.5159032960052153e-07
70500.00000000009 2.0710019782530898e-07
70550.00000000009 2.1710394644470267e-07
70600.00000000009 2.5388984757854233e-07
70650.00000000009 2.8329696175158667e-07
70700.00000000009 2.953977029972048e-07
70750.00000000009 3.405955149127178e-07
70800.00000000009 2.4773962065750124e-07
70850.00000000009 2.3248160762866667e-07
70900.00000000009 2.3073311236306039e-07
70950.00000000009 3.2528717866562586e-07
71000.00000000009 2.95865970849412e-07
71050.00000000009 3.291945440598204e-07
71100.00000000009 2.8687881681100713e-07
71150.00000000009 2.737004658009768e-07
71200.00000000009 2.3508884023482196e-07
71250.00000000009 2.8851960927297384e-07
71300.00000000009 3.280941239375119e-07
71350.00000000009 2.7287898204060036e-07
71400.00000000009 2.8993076751827784e-07
71450.00000000009 1.9748282938455313e-07
71500.00000000009 2.558004849347915e-07
71550.00000000009 2.4954785503374384e-07
71600.00000000009 2.983654168868782e-07
71650.00000000009 2.5265114452768e-07
71700.00000000009 2.1690286394316584e-07
71750.00000000009 2.796057016659873e-07
71800.00000000009 3.5053223727601285e-07
71850.00000000009 3.471751345806221e-07
71900.00000000009 2.2669233463926736e-07
71950.00000000009 2.9214306067333635e-07
72000.00000000009 2.643390193182819e-07
72050.00000000009 1.9972718584078408e-07
72100.00000000009 2.3878580521383104e-07
72150.00000000009 2.7404612984143034e-07
72200.00000000009 2.9970043025174866e-07
72250.00000000009 2.9751110596738384e-07
72300.00000000009 2.894531754051505e-07
72350.00000000009 2.4929486284497994e-07
72400.00000000009 2.494477539555229e-07
72450.00000000009 2.3376917784257143e-07
72500.00000000009 2.535238603435948e-07
72550.00000000009 1.8646408775550576e-07
72600.00000000009 1.704413296640201e-07
72650.00000000009 3.299184685374427e-07
72700.00000000009 2.97940110837453e-07
72750.00000000009 2.324223636242042e-07
72800.00000000009 2.426169076807404e-07
72850.00000000009 2.516775874884897e-07
72900.00000000009 3.0487570585567877e-07
72950.00000000009 2.4210765929485727e-07
73000.00000000009 2.7163166223883195e-07
73050.00000000009 2.469576552455936e-07
73100.00000000009 2.567564062665358e-07
73150.00000000009 3.716831151742412e-07
73200.00000000009 2.822750167629873e-07
73250.00000000009 2.901026643375216e-07
73300.00000000009 2.832208480851837e-07
73350.00000000009 2.043219991614404e-07
73400.00000000009 2.495495544691674e-07
73450.00000000009 1.6927316925273768e-07
73500.00000000009 2.243856758154807e-07
73550.00000000009 2.485354027109258e-07
73600.00000000009 2.0609089144630922e-07
73650.00000000009 2.5103157571583187e-07
73700.00000000009 3.030260230602483e-07
73750.00000000009 2.3937141781336843e-07
73800.00000000009 2.2018012605033373e-07
73850.00000000009 2.817235958584211e-07
73900.00000000009 3.098076544370471e-07
73950.00000000009 2.523481088482979e-07
74000.00000000009 2.643041356656928e-07
74050.00000000009 3.6675205564336733e-07
74100.00000000009 2.3504926138545957e-07
74150.00000000009 2.778505509305713e-07
74200.00000000009 2.1058081143288585e-07
74250.00000000009 2.0934496447029715e-07
74300.00000000009 2.5036517748074293e-07
74350.00000000009 2.737631598314391e-07
74400.00000000009 2.219915725532135e-07
74450.00000000009 2.090207431359208e-07
74500.00000000009 2.2155544158591552e-07
74550.00000000009 2.561704621127504e-07
74600.00000000009 2.0231706758857506e-07
74650.00000000009 1.9991849441202033e-07
74700.00000000009 1.6691422964260768e-07
74750.00000000009 2.2959010932203722e-07
74800.00000000009 1.9142380572952734e-07
74850.00000000009 1.7421969981620847e-07
74900.00000000009 3.02925255839565e-07
74950.00000000009 2.9540209028505266e-07
75000.00000000009 2.568571411931969e-07
75050.00000000009 2.733852891120089e-07
75100.00000000009 3.451022147156978e-07
75150.00000000009 3.0858376335087484e-07
75200.00000000009 2.8801870617678125e-07
75250.00000000009 3.014300757418885e-07
75300.00000000009 3.0386793902333673e-07
75350.00000000009 2.0847761224962502e-07
75400.00000000009 2.7304394170546734e-07
75450.00000000009 2.636308232696621e-07
75500.00000000009 2.4683253261118337e-07
75550.00000000009 2.838797192484339e-07
75600.00000000009 3.6631941416468206e-07
75650.00000000009 2.6601832711736606e-07
75700.00000000009 2.475189969197904e-07
75750.00000000009 2.2254860598487616e-07
75800.00000000009 2.6182007284847496e-07
75850.00000000009 2.853997426441927e-07
75900.00000000009 2.4435238779030854e-07
75950.00000000009 2.2190019789606072e-07
76000.00000000009 2.444707592293412e-07
76050.00000000009 2.4608379324219535e-07
76100.00000000009 2.1538770132181513e-07
76150.00000000009 2.520711914061812e-07
76200.00000000009 2.6868435760642326e-07
76250.00000000009 3.065286609512182e-07
76300.00000000009 3.245369671219731e-07
76350.00000000009 3.965282952468834e-07
76400.00000000009 3.24661793478734e-07
76450.00000000009 2.9227963485492763e-07
76500.00000000009 2.9820880070824047e-07
76550.00000000009 2.6352116370700385e-07
76600.00000000009 1.733140616905209e-07
76650.00000000009 2.0290806530559835e-07
76700.00000000009 2.0516672995660036e-07
76750.00000000009 2.1207890286717755e-07
76800.00000000009 2.6451728475436297e-07
76850.00000000009 1.4790801965942957e-07
76900.00000000009 2.005454544580767e-07
76950.00000000009 2.1122906167357513e-07
77000.00000000009 2.4102724564912533e-07
77050.00000000009 1.9127725660242116e-07
77100.00000000009 1.651574712012163e-07
77150.00000000009 2.0266125704419873e-07
77200.00000000009 2.449188124980741e-07
77250.00000000009 2.372692099159499e-07
77300.00000000009 2.2408496908828583e-07
77350.00000000009 1.6788219917538524e-07
77400.00000000009 1.2651561732545537e-07
77450.00000000009 1.6396010829760748e-07
77500.00000000009 2.0670378280639453e-07
77550.00000000009 2.1696123978957637e-07
77600.00000000009 2.1823112948962158e-07
77650.00000000009 2.0582709076154765e-07
77700.00000000009 1.809156093023318e-07
77750.00000000009 2.500758884118854e-07
77800.00000000009 2.4389942602368086e-07
77850.00000000009 2.821527441810724e-07
77900.00000000009 2.6599720642500503e-07
77950.00000000009 2.1452053761192122e-07
78000.00000000009 2.455228102217863e-07
78050.00000000009 2.2245512631362088e-07
78100.00000000009 1.7080516728176373e-07
78150.00000000009 2.5046679258277445e-07
78200.00000000009 2.864829999696869e-07
78250.00000000009 2.6730518118056966e-07
78300.00000000009 2.9621474357804475e-07
78350.00000000009 2.865614863735735e-07
78400.00000000009 2.543649395964607e-07
78450.00000000009 3.07126094617058e-07
78500.00000000009 3.058684851143224e-07
78550.00000000009 2.6042539759595146e-07
78600.00000000009 2.4152879483308574e-07
78650.00000000009 1.4329742746217863e-07
78700.00000000009 2.419036205880152e-07
78750.00000000009 2.4223989425223203e-07
78800.00000000009 2.7779380560731774e-07
78850.00000000009 1.8564035269653766e-07
78900.00000000009 2.3526339922640727e-07
78950.00000000009 1.9918239585055715e-07
79000.00000000009 2.4744642652008094e-07
79050.00000000009 2.580849965236694e-07
79100.00000000009 2.2890171038334512e-07
79150.00000000009 2.71427857530641e-07
79200.00000000009 3.346279352739175e-07
79250.00000000009 2.708199196840736e-07
79300.00000000009 2.01982852366997e-07
79350.00000000009 2.848263586463692e-07
79400.00000000009 2.3175649902135654e-07
79450.00000000009 2.7921070214239707e-07
79500.00000000009 3.418493201230377e-07
79550.00000000009 2.7053441720732964e-07
79600.00000000009 2.2080036268394147e-07
79650.00000000009 2.536741704743797e-07
79700.00000000009 3.4453822318992226e-07
79750.00000000009 2.964154858858751e-07
79800.00000000009 2.3551587149238286e-07
79850.00000000009 2.751208843855183e-07
79900.00000000009 3.675304064223147e-07
79950.00000000009 2.9834964896437884e-07
