galfind/configs/Brown_Dwarf_templates/sonora_cholla/logkzz7/178g/500K_178g_logkzz7_resample.dat
# %ECSV 1.0
# ---
# datatype:
# - {name: wav, unit: Angstrom, datatype: float64}
# - {name: flux_nu, unit: erg / (cm2 Hz s), datatype: float64}
# schema: astropy-2.0
wav flux_nu
[from data line 1211]
63550.04800076804 5.541753539779268e-09
63600.04800076804 4.783339834294338e-09
63650.04800076804 2.8688155092480226e-09
63700.04800076804 4.3006121718794514e-10
63750.04800076804 1.9687778688353782e-09
63800.04800076804 6.266721536980144e-09
63850.04800076804 4.399979124344814e-09
63900.04800076804 7.366820492099935e-10
63950.04800076804 2.824747437853012e-09
64000.04800076804 4.135481999778295e-09
64050.04800076804 1.0989495297416748e-09
64100.04800076804 1.5299603697415319e-10
64150.04800076804 2.379467002422028e-10
64200.04800076804 3.202148787631273e-10
64250.04800076804 1.8990876199573725e-09
64300.04800076804 1.6778646231684e-09
64350.04800076804 1.0292681196227142e-09
64400.04800076804 3.5014266233372054e-09
64450.04800076804 4.2121359595356416e-09
64500.04800076804 1.5788757112175041e-09
64550.04800076804 3.865183830122841e-09
64600.04800076804 2.50488883661009e-09
64650.04800076804 3.2055383198437733e-09
64700.04800076804 7.897604622685353e-10
64750.04800076804 1.5167840393185316e-09
64800.04800076804 5.714223343491586e-10
64850.04800076804 3.240256336448387e-10
64900.04800076804 2.6230548526285375e-10
64950.04800076804 1.7921587623672216e-10
65000.04800076804 5.367507520059239e-10
65050.04800076804 1.7172477383680447e-09
65100.04800076804 2.6665324352132754e-09
65150.04800076804 1.077687196755332e-09
65200.04800076804 2.1205188714968254e-10
65250.04800076804 1.427607197653186e-09
65300.04800076804 2.2234045935327812e-09
65350.04800076804 6.125725440478127e-09
65400.04800076804 1.9802626724321154e-09
65450.04800076804 1.9777251968075135e-09
65500.04800076804 2.3788037318929813e-09
65550.04800076805 6.918030009654743e-10
65600.04800076805 2.177605178649627e-09
65650.04800076805 9.419546665481132e-10
65700.04800076805 8.445862660619757e-10
65750.04800076805 5.792943556533723e-10
65800.04800076805 1.938920844921961e-09
65850.04800076805 2.9452855771257525e-09
65900.04800076805 4.1369648313641676e-10
65950.04800076805 1.369567097870568e-09
66000.04800076805 1.8026572043825561e-09
66050.04800076805 4.5506752943139774e-09
66100.04800076805 2.3420726598363024e-09
66150.04800076805 2.260446912607193e-09
66200.04800076805 2.21767745661682e-09
66250.04800076805 9.292450352106487e-10
66300.04800076805 2.730455443369141e-10
66350.04800076805 1.3256899833787153e-10
66400.04800076805 3.385567884028482e-10
66450.04800076805 1.9082573934555883e-09
66500.04800076805 3.7060767294790907e-09
66550.04800076805 4.149466518549802e-09
66600.04800076805 3.241144973914186e-09
66650.04800076805 1.789500958662987e-09
66700.04800076805 9.883873233001024e-10
66750.04800076805 1.337305515468377e-09
66800.04800076805 1.4650396258542474e-09
66850.04800076805 8.951764565370503e-10
66900.04800076805 4.878059665145317e-09
66950.04800076805 4.366706306534236e-09
67000.04800076805 5.174544569045248e-09
67050.04800076805 2.6667382468748042e-09
67100.04800076805 1.1149321443135858e-09
67150.04800076805 1.904942230055759e-09
67200.04800076805 2.920271137969543e-09
67250.04800076805 2.6105940643452233e-09
67300.04800076805 6.14832208906496e-09
67350.04800076805 2.4055172149938407e-09
67400.04800076805 6.371798005435285e-09
67450.04800076805 3.3973011304556236e-09
67500.04800076805 3.050054383050453e-09
67550.04800076805 9.058441170074542e-09
67600.04800076805 1.39605752345766e-08
67650.04800076805 9.644786699399483e-09
67700.04800076805 4.440579931948368e-09
67750.04800076805 2.083177312404109e-09
67800.04800076805 3.3542031456358712e-09
67850.04800076805 1.174609170956378e-09
67900.04800076805 1.4039226536987675e-09
67950.04800076805 1.2349310902398138e-09
68000.04800076805 3.781010422775062e-09
68050.04800076805 4.8543454099779175e-09
68100.04800076805 9.079317417142286e-09
68150.04800076805 7.333838624380802e-09
68200.04800076805 4.2732201560935256e-09
68250.04800076805 6.163932028419194e-10
68300.04800076805 4.503019055345646e-09
68350.04800076805 6.95003888358774e-09
68400.04800076805 1.0301096755658275e-08
68450.04800076805 8.135244172773353e-09
68500.04800076805 3.77318747588924e-09
68550.04800076805 1.0718429689421626e-09
68600.04800076805 1.0415443970784926e-09
68650.04800076805 4.5741761629511496e-10
68700.04800076805 1.831532703329301e-09
68750.04800076805 4.190128568170835e-09
68800.04800076805 4.909951921914702e-09
68850.04800076805 1.8761778448545273e-09
68900.04800076805 8.9285305005315e-09
68950.04800076805 9.663413203665758e-09
69000.04800076805 5.30793524541656e-09
69050.04800076805 2.043977074431609e-09
69100.04800076805 6.942342146540264e-09
69150.04800076805 1.1819961328628665e-08
69200.04800076805 1.0303993438756509e-08
69250.04800076805 1.202589765859574e-08
69300.04800076805 6.380578160797006e-09
69350.04800076805 1.5643560640310182e-08
69400.04800076805 4.978385529790063e-09
69450.04800076805 1.2791847153594581e-08
69500.04800076805 5.453103105052559e-09
69550.04800076805 3.236151140150067e-09
69600.04800076805 6.032709237279518e-10
69650.04800076805 3.510476627839845e-09
69700.04800076805 7.344906463054685e-09
69750.04800076805 4.36544949236686e-09
69800.04800076805 9.026896197154483e-09
69850.04800076805 8.89629973880928e-09
69900.04800076805 4.780414946266225e-09
69950.04800076805 4.526126196824796e-09
70000.04800076805 6.333857014523307e-09
70050.04800076805 1.2484705741417371e-08
70100.04800076805 9.95782074211171e-09
70150.04800076805 6.2030555832146e-09
70200.04800076805 3.793540110078277e-09
70250.04800076805 4.9422843193098806e-09
70300.04800076805 1.1478925972674037e-08
70350.04800076805 8.770909660036865e-09
70400.04800076805 3.391196096906854e-09
70450.04800076805 2.7172386486206424e-10
70500.04800076805 2.882022792493098e-09
70550.04800076805 2.9545545267633817e-09
70600.04800076805 3.184766481642546e-09
70650.04800076805 9.839121975174547e-09
70700.04800076805 1.1272379832894937e-08
70750.04800076805 1.821554878841137e-08
70800.04800076805 6.465245874752675e-09
70850.04800076805 7.549405121056659e-09
70900.04800076805 9.91068567339135e-09
70950.04800076805 1.4161268392028965e-08
71000.04800076805 1.345258150597996e-08
71050.04800076805 1.2756580623644167e-08
71100.04800076805 9.145877434252026e-09
71150.04800076805 4.672332947731807e-09
71200.04800076805 4.617728530268232e-09
71250.04800076805 1.0164253794095951e-08
71300.04800076805 1.4024039014261715e-08
71350.04800076805 1.3918745456306739e-08
71400.04800076805 9.074654073149002e-09
71450.04800076805 2.6139269987148762e-09
71500.04800076805 3.6011443147821964e-09
71550.04800076805 5.1767698899948345e-09
71600.04800076805 5.8344531714196004e-09
71650.04800076805 3.041345285953633e-09
71700.04800076805 1.966102763753862e-09
71750.04800076805 6.290235868922758e-09
71800.04800076805 1.0702624214060938e-08
71850.04800076805 1.0364426761237196e-08
71900.04800076805 4.565106311743423e-09
71950.04800076805 7.99399243976314e-09
72000.04800076805 6.7462320015609436e-09
72050.04800076805 2.4768191927905013e-09
72100.04800076805 3.423893420889452e-09
72150.04800076805 4.737157375477614e-09
72200.04800076805 7.952367169518406e-09
72250.04800076805 1.3069066411539615e-08
72300.04800076805 6.491879230547133e-09
72350.04800076805 8.737221442068361e-09
72400.04800076805 7.856421896663848e-09
72450.04800076805 5.600778361110434e-09
72500.04800076805 8.2352414149974e-09
72550.04800076805 2.4094563233442732e-09
72600.04800076805 5.007134483862666e-09
72650.04800076805 9.78973089138939e-09
72700.04800076805 4.3764634837384335e-09
72750.04800076805 4.688793975592303e-09
72800.04800076805 2.4261087879986346e-09
72850.04800076805 4.3596548204440855e-09
72900.04800076805 1.0465558664754996e-08
72950.04800076805 5.329298694442729e-09
73000.04800076805 5.848217135984252e-09
73050.04800076805 2.1864420808127896e-09
73100.04800076805 3.6002789549660723e-09
73150.04800076805 9.765833128902453e-09
73200.04800076805 3.1495868910641448e-09
73250.04800076805 4.1901228275108866e-09
73300.04800076805 2.686818642171868e-09
73350.04800076805 1.664843974690237e-09
73400.04800076805 4.1476425118425855e-09
73450.04800076805 2.043126849696635e-09
73500.04800076805 1.6385093851254577e-09
73550.04800076805 3.2471033919452175e-09
73600.04800076805 3.783507649098078e-09
73650.04800076805 3.642780396908711e-09
73700.04800076805 3.2048714467441174e-09
73750.04800076805 7.205953239771721e-10
73800.04800076805 2.9762431765895386e-09
73850.04800076805 5.034607807728343e-09
73900.04800076805 1.731384951396068e-09
73950.04800076805 2.2043127409951438e-09
74000.04800076805 7.036842327722486e-10
74050.04800076805 5.008610944853764e-09
74100.04800076805 3.6118818555473444e-09
74150.04800076805 3.732906103896808e-09
74200.04800076805 1.2540792668469034e-09
74250.04800076805 1.3170313702887402e-10
74300.04800076805 3.502957374606741e-09
74350.04800076805 5.313108034968374e-09
74400.04800076805 4.637345498030884e-09
74450.04800076805 1.2323672497765137e-09
74500.04800076805 4.826337066449576e-10
74550.04800076805 1.7086356751286234e-09
74600.04800076805 2.97960422481093e-09
74650.04800076805 3.3773534329546212e-09
74700.04800076805 1.95958977644397e-09
74750.04800076805 6.242587854434761e-10
74800.04800076805 1.091080275964426e-09
74850.04800076805 3.3898337355581375e-09
74900.04800076805 4.710027939108734e-09
74950.04800076805 4.099890983729515e-09
75000.04800076805 1.4365981031239226e-09
75050.04800076805 8.20066898429952e-11
75100.04800076805 3.383414457785888e-09
75150.04800076805 6.088616449170245e-09
75200.04800076805 6.437706469205871e-09
75250.04800076805 5.2774791310708605e-09
75300.04800076805 2.7576967671045473e-09
75350.04800076805 4.720712234527538e-10
75400.04800076805 5.104475237168367e-09
75450.04800076805 6.438665773057826e-09
75500.04800076805 6.449082369450913e-09
75550.04800076805 4.996779309095832e-09
75600.04800076805 4.990656654429016e-09
75650.04800076805 2.23407807868008e-09
75700.04800076805 7.875771868332772e-09
75750.04800076805 3.998359127476475e-09
75800.04800076805 5.907400290213307e-09
75850.04800076805 6.551982918853168e-09
75900.04800076805 7.166949587184154e-09
75950.04800076805 2.6488357137311113e-09
76000.04800076805 9.371448719976456e-09
76050.04800076805 8.979950872022891e-09
76100.04800076805 7.0996951947194265e-09
76150.04800076805 8.111572618666083e-09
76200.04800076805 6.0025021289146e-09
76250.04800076805 2.212461331294487e-09
76300.04800076805 9.530286421569613e-09
76350.04800076805 1.2495780204326217e-08
76400.04800076805 9.112899993501507e-09
76450.04800076805 6.159189151592485e-09
76500.04800076805 3.7058434258573818e-09
76550.04800076805 8.339520890427143e-10
76600.04800076805 1.1519420675041664e-10
76650.04800076805 9.591333900423022e-11
76700.04800076805 2.2584723414176275e-10
76750.04800076805 3.5753003285403676e-10
76800.04800076805 7.794211909366471e-10
76850.04800076805 5.035821459132171e-10
76900.04800076805 3.730072712572595e-10
76950.04800076805 1.1913799540031311e-09
77000.04800076805 3.1108292349465485e-09
77050.04800076805 2.2318979583703686e-10
77100.04800076805 2.7856329983499157e-10
77150.04800076805 3.474680482086567e-09
77200.04800076805 1.3790931115494828e-09
77250.04800076805 5.605194374725466e-10
77300.04800076805 2.8125640655452293e-09
77350.04800076805 1.358994283535613e-09
77400.04800076805 1.4771010432751169e-09
77450.04800076805 5.568784953960861e-09
77500.04800076805 3.4547176097347353e-09
77550.04800076805 1.726075408765246e-09
77600.04800076805 5.973907568844782e-10
77650.04800076805 9.042644295406195e-10
77700.04800076805 1.0137173973605567e-09
77750.04800076805 4.2750993112146505e-09
77800.04800076805 4.946446499360958e-09
77850.04800076805 8.422297615585735e-09
77900.04800076805 2.6921245328492804e-09
77950.04800076805 2.8427909509198003e-10
78000.04800076805 1.9872164438198414e-09
78050.04800076805 2.713922002709226e-09
78100.04800076805 4.064066556451088e-09
78150.04800076805 7.476373328739919e-09
78200.04800076805 8.546985579735887e-09
78250.04800076805 6.465728235719781e-09
78300.04800076805 1.2390263754555988e-09
78350.04800076805 4.324046749134326e-09
78400.04800076805 1.3183261607973208e-09
78450.04800076805 3.6877091811043746e-09
78500.04800076805 7.841783386907536e-09
78550.04800076805 1.1556470660134598e-08
78600.04800076805 7.2534389829036986e-09
78650.04800076805 4.4335088138165934e-10
78700.04800076805 1.1615702592324538e-09
78750.04800076805 3.0470964157990844e-09
78800.04800076805 2.249002584390549e-09
78850.04800076805 5.671760438552713e-10
78900.04800076805 3.1927309985498183e-09
78950.04800076805 6.460926435839863e-09
79000.04800076805 4.034772485271495e-09
79050.04800076805 2.8014686865317636e-09
79100.04800076805 4.072192998508026e-09
79150.04800076805 2.800556756027611e-09
79200.04800076805 3.9419750512562096e-09
79250.04800076805 1.5157381290030622e-09
79300.04800076805 2.0497114857513983e-09
79350.04800076805 3.1649967466425884e-09
79400.04800076805 1.4131372060237433e-09
79450.04800076805 7.079837898037356e-09
79500.04800076805 1.0097113211636018e-08
79550.04800076805 8.178596706370896e-09
79600.04800076805 3.42467643027015e-09
79650.04800076805 6.453169254893851e-09
79700.04800076805 4.200073907592361e-09
79750.04800076805 3.9155821338229074e-09
79800.04800076805 2.8105696715206348e-09
79850.04800076805 6.004035449405174e-09
79900.04800076805 1.1523095064178959e-08
79950.04800076805 1.2341964643096442e-08
