galfind/configs/Brown_Dwarf_templates/sonora_cholla/logkzz7/178g/550K_178g_logkzz7_resample.dat
# %ECSV 1.0
# ---
# datatype:
# - {name: wav, unit: Angstrom, datatype: float64}
# - {name: flux_nu, unit: erg / (cm2 Hz s), datatype: float64}
# schema: astropy-2.0
wav flux_nu
[from data line 1211]
63550.04800076804 1.1412630744330349e-08
63600.04800076804 1.0407012469739423e-08
63650.04800076804 5.893444045417299e-09
63700.04800076804 1.2187921739104412e-09
63750.04800076804 4.48224747662089e-09
63800.04800076804 1.2853770886040264e-08
63850.04800076804 8.948650721381812e-09
63900.04800076804 1.919029739130438e-09
63950.04800076804 6.265989145707997e-09
64000.04800076804 8.634156049797007e-09
64050.04800076804 2.647160136595702e-09
64100.04800076804 4.4915221142374944e-10
64150.04800076804 7.094144483550479e-10
64200.04800076804 9.344676273383321e-10
64250.04800076804 4.163006593485968e-09
64300.04800076804 3.4549200556331086e-09
64350.04800076804 2.1901135516902616e-09
64400.04800076804 7.1574824805797985e-09
64450.04800076804 8.283440012075168e-09
64500.04800076804 3.040397130915771e-09
64550.04800076804 7.2608651746331455e-09
64600.04800076804 4.286588320794138e-09
64650.04800076804 6.029309844291387e-09
64700.04800076804 1.6537992114919183e-09
64750.04800076804 3.114599375982665e-09
64800.04800076804 1.457637050038549e-09
64850.04800076804 8.643370236401031e-10
64900.04800076804 7.740320740052495e-10
64950.04800076804 6.015526885820939e-10
65000.04800076804 1.4074422160998562e-09
65050.04800076804 3.576835374030367e-09
65100.04800076804 5.568912622268622e-09
65150.04800076804 2.269322526748745e-09
65200.04800076804 6.510933912175056e-10
65250.04800076804 3.2545017585854e-09
65300.04800076804 4.2333054170397125e-09
65350.04800076804 1.1877120019433574e-08
65400.04800076804 3.94411400573608e-09
65450.04800076804 3.941278165875296e-09
65500.04800076804 4.79986340256575e-09
65550.04800076805 1.5637175398917484e-09
65600.04800076805 4.530475827901968e-09
65650.04800076805 2.2146967354821804e-09
65700.04800076805 2.0339526213212797e-09
65750.04800076805 1.3540217329008967e-09
65800.04800076805 3.940592917725249e-09
65850.04800076805 5.879785465353242e-09
65900.04800076805 1.0468006968546908e-09
65950.04800076805 2.7409995616274146e-09
66000.04800076805 3.5908872738218563e-09
66050.04800076805 8.859975177910153e-09
66100.04800076805 4.501511567033528e-09
66150.04800076805 4.2069379335236674e-09
66200.04800076805 4.013264144629894e-09
66250.04800076805 1.9871557701171234e-09
66300.04800076805 6.438999011668251e-10
66350.04800076805 3.9423746494288525e-10
66400.04800076805 9.573855388518009e-10
66450.04800076805 4.289583951074107e-09
66500.04800076805 7.44091353568297e-09
66550.04800076805 8.034228052163274e-09
66600.04800076805 6.1750001115264e-09
66650.04800076805 3.736833671554692e-09
66700.04800076805 2.312914678909447e-09
66750.04800076805 2.7706709783026863e-09
66800.04800076805 3.2104477895923245e-09
66850.04800076805 1.975904439714265e-09
66900.04800076805 9.374360341776902e-09
66950.04800076805 8.63616710687313e-09
67000.04800076805 9.732424050929147e-09
67050.04800076805 5.123366871650203e-09
67100.04800076805 2.375416600113796e-09
67150.04800076805 3.495135368912413e-09
67200.04800076805 5.671815178693723e-09
67250.04800076805 5.088012754251077e-09
67300.04800076805 1.0472103763202766e-08
67350.04800076805 4.381768691321672e-09
67400.04800076805 1.1310756371756364e-08
67450.04800076805 6.268471789944391e-09
67500.04800076805 5.637882899480269e-09
67550.04800076805 1.4473235396606411e-08
67600.04800076805 2.3085180990265314e-08
67650.04800076805 1.628423173575468e-08
67700.04800076805 7.884466950624887e-09
67750.04800076805 4.092289465664926e-09
67800.04800076805 6.531900044689091e-09
67850.04800076805 2.4197941665590256e-09
67900.04800076805 3.0007431406933726e-09
67950.04800076805 2.5087183823133915e-09
68000.04800076805 6.8624241859646674e-09
68050.04800076805 9.205675118860319e-09
68100.04800076805 1.5778883199548536e-08
68150.04800076805 1.2636385353405016e-08
68200.04800076805 8.044927938311297e-09
68250.04800076805 1.309904233569162e-09
68300.04800076805 8.516132007092193e-09
68350.04800076805 1.0290929646262976e-08
68400.04800076805 1.7899073241527902e-08
68450.04800076805 1.3964219996791614e-08
68500.04800076805 7.188738396575677e-09
68550.04800076805 2.326162614442051e-09
68600.04800076805 2.3366890286187032e-09
68650.04800076805 1.0289408300917862e-09
68700.04800076805 3.621608206375058e-09
68750.04800076805 7.48058380519352e-09
68800.04800076805 8.864918518283712e-09
68850.04800076805 3.2390851100459116e-09
68900.04800076805 1.510942284042323e-08
68950.04800076805 1.609000594742513e-08
69000.04800076805 9.446715231408245e-09
69050.04800076805 3.893128202974252e-09
69100.04800076805 1.2375149560468355e-08
69150.04800076805 1.9825001220490105e-08
69200.04800076805 1.5702006358004768e-08
69250.04800076805 2.015476739480504e-08
69300.04800076805 1.0583464432605572e-08
69350.04800076805 2.4444027641472407e-08
69400.04800076805 7.659977403126456e-09
69450.04800076805 2.086571484467821e-08
69500.04800076805 9.081582407349375e-09
69550.04800076805 6.031974592625135e-09
69600.04800076805 1.251730117915544e-09
69650.04800076805 6.21138500456592e-09
69700.04800076805 1.2748377960483067e-08
69750.04800076805 7.665271313647406e-09
69800.04800076805 1.4594620113127397e-08
69850.04800076805 1.4866306423949103e-08
69900.04800076805 8.454454797188005e-09
69950.04800076805 8.081407742691343e-09
70000.04800076805 1.04188521950825e-08
70050.04800076805 2.030199250907428e-08
70100.04800076805 1.541656702387807e-08
70150.04800076805 1.0275607127372278e-08
70200.04800076805 6.543850356751928e-09
70250.04800076805 8.986949712124678e-09
70300.04800076805 1.931286910498213e-08
70350.04800076805 1.4316108991294988e-08
70400.04800076805 5.9710186698855265e-09
70450.04800076805 6.472037738721918e-10
70500.04800076805 4.976071152661364e-09
70550.04800076805 5.071518908695968e-09
70600.04800076805 5.246844107820942e-09
70650.04800076805 1.587108028007583e-08
70700.04800076805 1.6923174010235567e-08
70750.04800076805 2.6950232599671938e-08
70800.04800076805 1.0324094898318156e-08
70850.04800076805 1.1320190420862368e-08
70900.04800076805 1.4707834167147574e-08
70950.04800076805 2.1086487350157843e-08
71000.04800076805 1.9709069319267834e-08
71050.04800076805 1.876917853984129e-08
71100.04800076805 1.3496782838231651e-08
71150.04800076805 7.973833106890455e-09
71200.04800076805 7.464441891675251e-09
71250.04800076805 1.4749326421570925e-08
71300.04800076805 2.0302858921448393e-08
71350.04800076805 2.095994792417314e-08
71400.04800076805 1.4571987283570877e-08
71450.04800076805 4.769588816501161e-09
71500.04800076805 5.980107738761066e-09
71550.04800076805 8.344871513964637e-09
71600.04800076805 9.52992888028866e-09
71650.04800076805 5.463036660298146e-09
71700.04800076805 3.6643557639409578e-09
71750.04800076805 1.0097955250413185e-08
71800.04800076805 1.656015721636748e-08
71850.04800076805 1.5821727499535576e-08
71900.04800076805 7.288192748526575e-09
71950.04800076805 1.2094580362186802e-08
72000.04800076805 1.047580338209154e-08
72050.04800076805 4.318620277858492e-09
72100.04800076805 5.731420630534395e-09
72150.04800076805 6.8929015122747375e-09
72200.04800076805 1.2020121416583544e-08
72250.04800076805 1.844191353756548e-08
72300.04800076805 1.00531910210394e-08
72350.04800076805 1.2965948929099991e-08
72400.04800076805 1.1548026548626319e-08
72450.04800076805 8.376925712811683e-09
72500.04800076805 1.2164621810682383e-08
72550.04800076805 3.8737685303760775e-09
72600.04800076805 7.804679279030017e-09
72650.04800076805 1.5057191837434385e-08
72700.04800076805 7.529343565290402e-09
72750.04800076805 7.986872623824022e-09
72800.04800076805 4.238394729606933e-09
72850.04800076805 6.940063568170334e-09
72900.04800076805 1.5926160432504553e-08
72950.04800076805 8.634810280268445e-09
73000.04800076805 9.309317011099206e-09
73050.04800076805 3.933944241327313e-09
73100.04800076805 5.924921049152407e-09
73150.04800076805 1.5502599181673537e-08
73200.04800076805 5.221813106948795e-09
73250.04800076805 7.136766970797063e-09
73300.04800076805 4.834574693539346e-09
73350.04800076805 3.0933762810642802e-09
73400.04800076805 7.030623063281978e-09
73450.04800076805 3.5626441139668314e-09
73500.04800076805 2.994382467328695e-09
73550.04800076805 5.65835071689835e-09
73600.04800076805 6.177808543583071e-09
73650.04800076805 6.459315263120724e-09
73700.04800076805 5.8344551495013795e-09
73750.04800076805 1.550312989547739e-09
73800.04800076805 5.320207170109557e-09
73850.04800076805 8.454351120885252e-09
73900.04800076805 3.5348032743520004e-09
73950.04800076805 4.145898408481375e-09
74000.04800076805 1.589380890530011e-09
74050.04800076805 9.154787585989011e-09
74100.04800076805 6.344238145571429e-09
74150.04800076805 6.475418282416394e-09
74200.04800076805 2.7578249146870862e-09
74250.04800076805 3.682610307265429e-10
74300.04800076805 6.058931136999111e-09
74350.04800076805 9.283630203217796e-09
74400.04800076805 8.356479043313812e-09
74450.04800076805 2.6167159512614814e-09
74500.04800076805 1.2117297954071616e-09
74550.04800076805 3.567712931406607e-09
74600.04800076805 5.264463711110313e-09
74650.04800076805 5.750527573740198e-09
74700.04800076805 3.482955335203645e-09
74750.04800076805 1.5488461742871733e-09
74800.04800076805 2.501396562068494e-09
74850.04800076805 5.142584252421546e-09
74900.04800076805 8.439269824733238e-09
74950.04800076805 7.719168047751487e-09
75000.04800076805 2.9282099643038948e-09
75050.04800076805 3.4389221618290496e-10
75100.04800076805 6.7718095706130065e-09
75150.04800076805 9.978529439090792e-09
75200.04800076805 1.0729193844148421e-08
75250.04800076805 9.877324964267987e-09
75300.04800076805 6.050914088912203e-09
75350.04800076805 1.3230784199081827e-09
75400.04800076805 9.92460555902351e-09
75450.04800076805 1.0428467192072272e-08
75500.04800076805 1.041497491893868e-08
75550.04800076805 8.782250270746767e-09
75600.04800076805 9.792847782707761e-09
75650.04800076805 4.883650838137517e-09
75700.04800076805 1.2800097044205091e-08
75750.04800076805 6.121303782375569e-09
75800.04800076805 9.825804578123758e-09
75850.04800076805 1.1127905633102526e-08
75900.04800076805 1.1992928977514348e-08
75950.04800076805 4.79899937783924e-09
76000.04800076805 1.4562492277554836e-08
76050.04800076805 1.3731581546998143e-08
76100.04800076805 1.1321298500109949e-08
76150.04800076805 1.2975506076563804e-08
76200.04800076805 1.0529362557879736e-08
76250.04800076805 5.075812569240831e-09
76300.04800076805 1.7249045041604653e-08
76350.04800076805 2.203735146788643e-08
76400.04800076805 1.583364669362712e-08
76450.04800076805 1.1237797755445964e-08
76500.04800076805 7.017064015085235e-09
76550.04800076805 2.0868920453308374e-09
76600.04800076805 3.520482388856743e-10
76650.04800076805 3.419569762058129e-10
76700.04800076805 6.733344345725414e-10
76750.04800076805 8.754125256695773e-10
76800.04800076805 1.9757971043065947e-09
76850.04800076805 8.729242277616496e-10
76900.04800076805 7.435951328684883e-10
76950.04800076805 2.483295677201037e-09
77000.04800076805 5.0398588772952526e-09
77050.04800076805 6.495382611907781e-10
77100.04800076805 7.225571958212016e-10
77150.04800076805 5.787395823044145e-09
77200.04800076805 2.747164350626849e-09
77250.04800076805 1.6198772014494245e-09
77300.04800076805 4.868917009055534e-09
77350.04800076805 2.1347273809970376e-09
77400.04800076805 2.3339468621374313e-09
77450.04800076805 7.64736300724972e-09
77500.04800076805 5.116083912753601e-09
77550.04800076805 3.2494725395981016e-09
77600.04800076805 1.4124787627696558e-09
77650.04800076805 2.0749148295319664e-09
77700.04800076805 1.897015016086553e-09
77750.04800076805 6.987651522061356e-09
77800.04800076805 7.552228746417383e-09
77850.04800076805 1.4048034039682837e-08
77900.04800076805 5.406386015022834e-09
77950.04800076805 7.86316420763304e-10
78000.04800076805 3.576524632861414e-09
78050.04800076805 4.979382737853277e-09
78100.04800076805 6.23650374946605e-09
78150.04800076805 1.1742237556810222e-08
78200.04800076805 1.2776093211782747e-08
78250.04800076805 1.135134951696102e-08
78300.04800076805 3.099022518304717e-09
78350.04800076805 8.075971809976725e-09
78400.04800076805 2.6522335741103316e-09
78450.04800076805 7.17823760476777e-09
78500.04800076805 1.2615175872436283e-08
78550.04800076805 1.801664453195825e-08
78600.04800076805 1.1866876094884065e-08
78650.04800076805 1.0047291756266313e-09
78700.04800076805 2.4575770566943342e-09
78750.04800076805 5.2511131580045745e-09
78800.04800076805 4.756663962096302e-09
78850.04800076805 1.4023263717235127e-09
78900.04800076805 5.891988921691626e-09
78950.04800076805 1.0533279112282033e-08
79000.04800076805 7.276846808586676e-09
79050.04800076805 4.9749373949463986e-09
79100.04800076805 6.805967342435576e-09
79150.04800076805 5.37743194953103e-09
79200.04800076805 7.305314394529898e-09
79250.04800076805 3.170075175548755e-09
79300.04800076805 3.5660486446023703e-09
79350.04800076805 5.8999712193451686e-09
79400.04800076805 2.879382442003148e-09
79450.04800076805 1.150495631181562e-08
79500.04800076805 1.6565609125834327e-08
79550.04800076805 1.3098577049740426e-08
79600.04800076805 5.562060970336746e-09
79650.04800076805 1.0083238200587887e-08
79700.04800076805 7.489850045261174e-09
79750.04800076805 7.1452368713228e-09
79800.04800076805 4.99381653881264e-09
79850.04800076805 9.635262247822186e-09
79900.04800076805 1.8167575109040895e-08
79950.04800076805 1.7573774136413905e-08
