galfind/configs/Brown_Dwarf_templates/sonora_cholla/logkzz7/178g/600K_178g_logkzz7_resample.dat
# %ECSV 1.0
# ---
# datatype:
# - {name: wav, unit: Angstrom, datatype: float64}
# - {name: flux_nu, unit: erg / (cm2 Hz s), datatype: float64}
# schema: astropy-2.0
wav flux_nu
3000.0480007680403 nan
3050.0480007680403 0.0
3100.0480007680403 0.0
3150.0480007680403 0.0
3200.0480007680403 0.0
3250.0480007680403 0.0
3300.0480007680403 0.0
3350.0480007680403 0.0
3400.0480007680403 0.0
3450.0480007680403 0.0
3500.0480007680403 0.0
3550.0480007680403 0.0
3600.0480007680403 0.0
3650.0480007680403 0.0
3700.0480007680403 0.0
3750.0480007680403 0.0
3800.0480007680403 0.0
3850.0480007680403 0.0
3900.0480007680403 0.0
3950.0480007680403 0.0
4000.0480007680403 0.0
4050.0480007680403 0.0
4100.04800076804 0.0
4150.04800076804 0.0
4200.04800076804 0.0
4250.04800076804 0.0
4300.04800076804 0.0
4350.04800076804 0.0
4400.04800076804 0.0
4450.04800076804 0.0
4500.04800076804 0.0
4550.04800076804 0.0
4600.04800076804 0.0
4650.04800076804 0.0
4700.04800076804 0.0
4750.04800076804 0.0
4800.04800076804 0.0
4850.04800076804 0.0
4900.04800076804 0.0
4950.04800076804 0.0
5000.04800076804 8.093044351487745e-12
5050.04800076804 2.0842438517475827e-11
5100.04800076804 2.383353409289294e-11
5150.04800076804 2.758311262407777e-11
5200.04800076804 3.1923778899880904e-11
5250.04800076804 3.5944175115589166e-11
5300.04800076804 3.993308305450342e-11
5350.04800076804 4.3913654857089443e-11
5400.04800076804 4.7024213641385305e-11
5450.04800076804 5.044411118823597e-11
5500.04800076804 5.37921885259e-11
5550.04800076804 5.715392900796422e-11
5600.04800076804 5.94508492621101e-11
5650.04800076804 6.01996247713675e-11
5700.04800076804 5.756864521154746e-11
5750.04800076804 5.48668284220649e-11
5800.04800076804 4.784307040784678e-11
5850.04800076804 3.553486552765427e-11
5900.04800076804 9.632301194013069e-12
5950.04800076804 1.7513395013512982e-11
6000.04800076804 6.295335050710697e-11
6050.04800076804 1.1179975757248832e-10
6100.04800076804 1.7013764472412632e-10
6150.04800076804 2.3606242946193367e-10
6200.04800076804 3.08207201372867e-10
6250.04800076804 3.775790992195736e-10
6300.04800076804 4.6164423556765437e-10
6350.04800076804 5.509363420863814e-10
6400.04800076804 6.312284600156193e-10
6450.04800076804 6.359504275116341e-10
6500.04800076804 7.134840682367647e-10
6550.04800076804 8.333222791887731e-10
6600.04800076804 9.48755245162453e-10
6650.04800076804 1.098997939068041e-09
6700.04800076804 1.2958424989270776e-09
6750.04800076804 1.472745682632012e-09
6800.04800076804 1.6428528315674704e-09
6850.04800076804 1.8319827061014506e-09
6900.04800076804 1.7112502368456643e-09
6950.04800076804 1.5547274516883156e-09
7000.04800076804 1.8471795232595341e-09
7050.04800076804 1.798654944940837e-09
7100.04800076804 1.881782052401723e-09
7150.04800076804 1.3641385983174656e-09
7200.04800076804 1.0944497900745362e-09
7250.04800076804 1.3341207744479636e-09
7300.04800076804 1.3697787522044454e-09
7350.04800076804 1.5929265683382963e-09
7400.04800076804 1.8572301137954091e-09
7450.04800076804 2.2882318758525675e-09
7500.04800076804 2.5812038385505482e-09
7550.04800076804 2.9101686258270988e-09
7600.04800076804 3.228729219427115e-09
7650.04800076804 3.354428062016814e-09
7700.04800076804 1.96738046929118e-09
7750.04800076804 7.42217996110062e-10
7800.04800076804 3.2853693613243007e-09
7850.04800076804 4.088863347041987e-09
7900.04800076804 4.829484121117375e-09
7950.04800076804 5.492876407272867e-09
8000.04800076804 5.560054508699394e-09
8050.04800076804 5.516399727558984e-09
8100.04800076804 3.4586947287729218e-09
8150.04800076804 2.8907116725089166e-09
8200.04800076804 4.468025269158379e-09
8250.04800076804 4.255003173275619e-09
8300.04800076804 4.649748216463467e-09
8350.04800076804 4.530255260378358e-09
8400.04800076804 4.755618243849217e-09
8450.04800076804 5.761750140172099e-09
8500.04800076804 6.64097369217905e-09
8550.04800076804 7.757601532669532e-09
8600.04800076804 9.034896087914836e-09
8650.04800076804 9.815665122077814e-09
8700.04800076804 9.786683195763487e-09
8750.04800076804 1.041469131702489e-08
8800.04800076804 1.001380888280381e-08
8850.04800076804 7.47857842438378e-09
8900.04800076804 2.1707450508619187e-09
8950.04800076804 1.8320688973220085e-09
9000.04800076804 1.6129488029391234e-09
9050.04800076804 4.493797403160146e-09
9100.04800076804 4.9366991441399554e-09
9150.04800076804 4.289088423463304e-09
9200.04800076804 5.8446923276606086e-09
9250.04800076804 4.073354778629009e-09
9300.04800076804 2.0538418038438179e-10
9350.04800076804 3.084123357458103e-10
9400.04800076804 9.794733674668932e-10
9450.04800076804 9.939692340426464e-10
9500.04800076804 7.592130144996005e-10
9550.04800076804 8.245440933042472e-10
9600.04800076804 7.698901740745876e-10
9650.04800076804 1.2020402647676908e-09
9700.04800076804 2.2961619851159402e-09
9750.04800076804 2.2083272690224748e-09
9800.04800076804 2.7522775278057643e-09
9850.04800076804 3.3118683013214962e-09
9900.04800076804 4.724611051051715e-09
9950.04800076804 4.953134226133579e-09
10000.04800076804 6.778033861302078e-09
10050.04800076804 7.346914907982437e-09
10100.04800076804 9.384818302309183e-09
10150.04800076804 1.0886929432463958e-08
10200.04800076804 1.2645429193271719e-08
10250.04800076804 1.4695716028931001e-08
10300.04800076804 1.720376783608185e-08
10350.04800076804 1.8930000323594347e-08
10400.04800076804 2.2737172657093398e-08
10450.04800076804 2.4891331059761087e-08
10500.04800076804 2.6496882766861124e-08
10550.04800076804 2.8158599420415422e-08
10600.04800076804 2.7673760236114272e-08
10650.04800076804 2.7456603348350652e-08
10700.04800076804 2.5491832706688432e-08
10750.04800076804 2.4849609744431812e-08
10800.04800076804 2.2454474885115128e-08
10850.04800076804 1.9425044524727462e-08
10900.04800076804 1.308270671926792e-08
10950.04800076804 5.607304908226612e-09
11000.04800076804 3.1002793187439257e-09
11050.04800076804 1.574733996234355e-09
11100.04800076804 8.307088956644854e-10
11150.04800076804 3.5189989036670987e-10
11200.04800076804 2.676422500086083e-10
11250.04800076804 3.5588135310158043e-10
11300.04800076804 4.93259712829118e-10
11350.04800076804 1.5153315697503755e-10
11400.04800076804 6.207128928683481e-10
11450.04800076804 3.7951167171047283e-10
11500.04800076804 3.365711948857962e-10
11550.04800076804 9.380795234516705e-11
11600.04800076804 6.725841955271034e-11
11650.04800076804 2.1582752166687438e-10
11700.04800076804 2.7858757849777915e-10
11750.04800076804 7.606268237310441e-11
11800.04800076804 4.368814114348082e-10
11850.04800076804 8.02591985710677e-10
11900.04800076804 1.015414854719531e-09
11950.04800076804 1.8155671337774944e-09
12000.04800076804 3.02441476167892e-09
12050.04800076804 4.7757119729710265e-09
12100.04800076804 6.965440844277246e-09
12150.04800076804 9.628824673232985e-09
12200.04800076804 1.1986731392613089e-08
12250.04800076804 1.5673027414335182e-08
12300.04800076804 2.0362250922720335e-08
12350.04800076804 2.1679555504025364e-08
12400.04800076804 2.8505515650924493e-08
12450.04800076804 3.476820095878507e-08
12500.04800076804 3.864859581530912e-08
12550.04800076804 4.277217907330252e-08
12600.04800076804 4.4842478992634336e-08
12650.04800076804 4.432445244322396e-08
12700.04800076804 4.3692584186018295e-08
12750.04800076804 3.7065160306746675e-08
12800.04800076804 3.3081235047164246e-08
12850.04800076804 2.383047098533594e-08
12900.04800076804 1.843625213393777e-08
12950.04800076804 1.5157110498030796e-08
13000.04800076804 1.6342202410428263e-08
13050.04800076804 1.1558072557735455e-08
13100.04800076804 1.0501132533935894e-08
13150.04800076804 7.158235615964615e-09
13200.04800076804 6.882343059831461e-09
13250.04800076804 4.547074896293266e-09
13300.04800076804 1.6490365822021142e-09
13350.04800076804 4.788908941897709e-10
13400.04800076804 1.7108604867009686e-10
13450.04800076804 5.142743955271745e-11
13500.04800076804 1.7794928887453418e-11
13550.04800076804 7.051135755241649e-12
13600.04800076804 1.5919013140836036e-12
13650.04800076804 1.33663054904404e-11
13700.04800076804 7.111675649881723e-12
13750.04800076804 1.8639107231752137e-11
13800.04800076804 1.8380387252782045e-11
13850.04800076804 8.42065700460744e-12
13900.04800076804 1.2681303768524668e-11
13950.04800076804 1.1124823617046267e-11
14000.04800076804 1.2343772334843458e-11
14050.04800076804 2.2434905249330407e-11
14100.04800076804 2.0201294487340388e-11
14150.04800076804 4.246710688350817e-11
14200.04800076804 2.5036556380734858e-11
14250.04800076804 3.570104858895669e-11
14300.04800076804 1.1629753422611349e-10
14350.04800076804 9.546174735922847e-11
14400.04800076804 1.060459757276317e-10
14450.04800076804 1.7133980722931587e-10
14500.04800076804 4.1186456685462727e-10
14550.04800076804 4.518248330378658e-10
14600.04800076804 8.115472681903266e-10
14650.04800076804 7.309204743078881e-10
14700.04800076804 4.041298341780092e-10
14750.04800076804 5.996795216417118e-10
14800.04800076804 7.756116511301024e-10
14850.04800076804 7.662250623582466e-10
14900.04800076804 9.805665999170789e-10
14950.04800076804 1.2786716345904995e-09
15000.04800076804 1.9944644596117034e-09
15050.04800076804 2.0572758466926057e-09
15100.04800076804 2.385515038079751e-09
15150.04800076804 2.280232154199229e-09
15200.04800076804 2.8773819715590073e-09
15250.04800076804 4.706685682500191e-09
15300.04800076804 5.766541209672355e-09
15350.04800076804 7.71286733539109e-09
15400.04800076804 9.133281045012749e-09
15450.04800076804 1.08124126077035e-08
15500.04800076804 1.2197700419363411e-08
15550.04800076804 1.579012808259192e-08
15600.04800076804 1.8005656984134966e-08
15650.04800076804 2.0835989915985524e-08
15700.04800076804 2.5615249888251514e-08
15750.04800076804 2.8375910856993082e-08
15800.04800076804 2.847185851175698e-08
15850.04800076804 2.964218942769409e-08
15900.04800076804 2.7926083110125365e-08
15950.04800076804 2.4281797838056105e-08
16000.04800076804 1.870825103277065e-08
16050.04800076804 1.1519746551199208e-08
16100.04800076804 7.232559469544927e-09
16150.04800076804 3.810786666934668e-09
16200.04800076804 1.9934803732700127e-09
16250.04800076804 1.5274536226739733e-09
16300.04800076804 9.57849693157105e-10
16350.04800076804 1.174581100009207e-09
16400.04800076804 1.4316496244070453e-09
16450.04800076804 1.3830560309213608e-09
16500.04800076804 1.3653582166983682e-09
16550.04800076804 1.3299660263406262e-09
16600.04800076804 1.8629867735720056e-09
16650.04800076804 1.3563624898097412e-09
16700.04800076804 1.9530068647404453e-10
16750.04800076804 7.006769777779879e-10
16800.04800076804 1.1711171373735087e-09
16850.04800076804 1.2253395394336115e-09
16900.04800076804 6.593722215560298e-10
16950.04800076804 4.729561965677393e-10
17000.04800076804 2.5931366533645556e-10
17050.04800076804 4.4929853822972487e-10
17100.04800076804 7.319179466070394e-10
17150.04800076804 3.8118254416290024e-10
17200.04800076804 1.2610520429833666e-09
17250.04800076804 6.722943189363406e-10
17300.04800076804 4.097962332026492e-10
17350.04800076804 5.042399891937261e-10
17400.04800076804 7.417062107156605e-10
17450.04800076804 9.725622455590605e-10
17500.04800076804 1.3211682437611697e-09
17550.04800076804 1.0568797751084675e-09
17600.04800076804 7.522102650183856e-10
17650.04800076804 6.279251600486853e-10
17700.04800076804 5.121597437143889e-10
17750.04800076804 4.42719143403177e-10
17800.04800076804 8.040472846187761e-10
17850.04800076804 4.2887808594193214e-10
17900.04800076804 3.606347134592286e-10
17950.04800076804 2.1082903038337664e-10
18000.04800076804 3.433337887948525e-10
18050.04800076804 2.747654045376559e-10
18100.04800076804 2.615781252046476e-10
18150.04800076804 2.996245439488763e-10
18200.04800076804 1.5477638823304275e-10
18250.04800076804 5.959441219044661e-10
18300.04800076804 1.5029860671608981e-10
18350.04800076804 1.15544876369244e-10
18400.04800076804 7.772574978015874e-11
18450.04800076804 3.4457254732532743e-10
18500.04800076804 3.4813433680128545e-10
18550.04800076804 1.959786190657246e-10
18600.04800076804 2.5660290542602065e-10
18650.04800076804 1.510981708807416e-10
18700.04800076804 5.714588170054992e-11
18750.04800076804 1.2017331165322183e-10
18800.04800076804 7.260471815395085e-10
18850.04800076804 6.162948847802019e-10
18900.04800076804 5.648020497726705e-10
18950.04800076804 1.1755634270313834e-09
19000.04800076804 3.594650530840664e-10
19050.04800076804 2.059262317347415e-10
19100.04800076804 5.82041704918657e-10
19150.04800076804 2.6212029913060067e-10
19200.04800076804 5.416985340948658e-10
19250.04800076804 3.836789293128859e-10
19300.04800076804 2.401304020904297e-10
19350.04800076804 3.072449536949321e-10
19400.04800076804 2.1669220457592792e-10
19450.04800076804 4.742430135497239e-10
19500.04800076804 3.80838593089892e-10
19550.04800076804 3.6534163478026117e-10
19600.04800076804 6.04685936306725e-10
19650.04800076804 6.946633749753135e-10
19700.04800076804 7.996895129929369e-10
19750.04800076804 1.1438127939747799e-09
19800.04800076804 1.1387618224434054e-09
19850.04800076804 1.498145506063299e-09
19900.04800076804 1.452486472841468e-09
19950.04800076804 2.093602138180021e-09
20000.04800076804 2.129109974929328e-09
20050.04800076804 2.020050947647449e-09
20100.04800076804 2.771758561136394e-09
20150.04800076804 2.040939214880803e-09
20200.04800076804 2.140336734415047e-09
20250.04800076804 2.8920203922759622e-09
20300.04800076804 2.773080141106585e-09
20350.04800076804 3.1839234117146776e-09
20400.04800076804 2.7708917843165665e-09
20450.04800076804 3.732261029663207e-09
20500.04800076804 3.758505407192693e-09
20550.04800076804 3.816072395123046e-09
20600.04800076804 4.0280568305382315e-09
20650.04800076804 4.028798409543569e-09
20700.04800076804 3.925394527758014e-09
20750.04800076804 4.1931475048254315e-09
20800.04800076804 3.907286915713118e-09
20850.04800076804 4.068499071617571e-09
20900.04800076804 4.07243636907375e-09
20950.04800076804 3.825852589643414e-09
21000.04800076804 3.773869334505529e-09
21050.04800076804 3.6358357659483346e-09
21100.04800076804 3.4925105468266884e-09
21150.04800076804 3.44790422899796e-09
21200.04800076804 3.234475332446412e-09
21250.04800076804 3.0742607819846526e-09
21300.04800076804 2.723981849419953e-09
21350.04800076804 2.693159087483137e-09
21400.04800076804 2.597549079883198e-09
21450.04800076804 2.170022587903583e-09
21500.04800076804 2.21734353001002e-09
21550.04800076804 2.0867195179093497e-09
21600.04800076804 1.8544965526969398e-09
21650.04800076804 1.580721015383245e-09
21700.04800076804 1.6341060367354862e-09
21750.04800076804 1.7209948061362274e-09
21800.04800076804 1.4645094555167895e-09
21850.04800076804 1.2889094947588011e-09
21900.04800076804 1.0791331624896395e-09
21950.04800076804 3.9402590372471966e-10
22000.04800076804 8.070339024985331e-11
22050.04800076804 1.2304136550563633e-10
22100.04800076804 4.051883540414279e-10
22150.04800076804 3.777917277593884e-10
22200.04800076804 3.0759887977311085e-10
22250.04800076804 3.094639418257543e-10
22300.04800076804 1.639455772022136e-10
22350.04800076804 2.0612736764615022e-10
22400.04800076804 1.0074841190018492e-10
22450.04800076804 1.049689927124107e-10
22500.04800076804 1.0914392996436044e-10
22550.04800076804 5.230312101868547e-11
22600.04800076804 7.387670783274856e-11
22650.04800076804 1.3474707225026462e-10
22700.04800076804 7.093814143804563e-11
22750.04800076804 6.78095555258279e-11
22800.04800076804 8.896960453101491e-11
22850.04800076804 7.841526691541724e-11
22900.04800076804 4.01490029741934e-11
22950.04800076804 2.982298135348834e-11
23000.04800076804 5.933445945677408e-11
23050.04800076804 5.873577191758604e-11
23100.04800076804 2.527779108929275e-10
23150.04800076804 2.656453506915782e-10
23200.04800076804 1.7787994192622418e-11
23250.04800076804 3.6586550927536044e-11
23300.04800076804 5.806882111861275e-11
23350.04800076804 3.581993305006425e-11
23400.04800076804 6.826220800901915e-11
23450.04800076804 3.635775833909477e-11
23500.04800076804 3.8334855040262573e-11
23550.04800076804 7.068627230619924e-11
23600.04800076804 1.0202525326328381e-10
23650.04800076804 1.3332619918588064e-10
23700.04800076804 3.240005734452481e-11
23750.04800076804 3.0539972714199336e-11
23800.04800076804 1.1579285203492879e-10
