galfind/configs/Brown_Dwarf_templates/sonora_cholla/logkzz7/178g/600K_178g_logkzz7_resample.dat
# %ECSV 1.0
# ---
# datatype:
# - {name: wav, unit: Angstrom, datatype: float64}
# - {name: flux_nu, unit: erg / (cm2 Hz s), datatype: float64}
# schema: astropy-2.0
wav flux_nu
[from data line 1211]
63550.04800076804 1.992359122800967e-08
63600.04800076804 1.8835179252499592e-08
63650.04800076804 1.041249813861329e-08
63700.04800076804 2.7830563225188992e-09
63750.04800076804 8.60447604258682e-09
63800.04800076804 2.23672221445631e-08
63850.04800076804 1.5738585843950948e-08
63900.04800076804 4.1516176436563794e-09
63950.04800076804 1.1780670688534427e-08
64000.04800076804 1.559273491167753e-08
64050.04800076804 5.361073488267583e-09
64100.04800076804 1.0638317980692653e-09
64150.04800076804 1.6951686627835532e-09
64200.04800076804 2.169289371722158e-09
64250.04800076804 7.84689440994724e-09
64300.04800076804 6.24565677828371e-09
64350.04800076804 4.089567253258759e-09
64400.04800076804 1.2692272458108526e-08
64450.04800076804 1.4368806004954043e-08
64500.04800076804 5.286499139192722e-09
64550.04800076804 1.2101505580545884e-08
64600.04800076804 6.596922970150786e-09
64650.04800076804 1.0232439141412335e-08
64700.04800076804 3.0970337079772905e-09
64750.04800076804 5.656373639111552e-09
64800.04800076804 3.1113347085552504e-09
64850.04800076804 1.9288291563501324e-09
64900.04800076804 1.870479428722118e-09
64950.04800076804 1.5519495555082708e-09
65000.04800076804 3.07462359515144e-09
65050.04800076804 6.498299987891619e-09
65100.04800076804 1.0024931697486097e-08
65150.04800076804 4.206882047366682e-09
65200.04800076804 1.5544713673636023e-09
65250.04800076804 6.350108307287968e-09
65300.04800076804 7.143315294255142e-09
65350.04800076804 2.001465630176224e-08
65400.04800076804 6.894634930881429e-09
65450.04800076804 6.9391792940592e-09
65500.04800076804 8.506698422704225e-09
65550.04800076805 3.080870477934694e-09
65600.04800076805 8.139392322999077e-09
65650.04800076805 4.4684957633701395e-09
65700.04800076805 4.147754227088545e-09
65750.04800076805 2.73295888295889e-09
65800.04800076805 7.028705992314937e-09
65850.04800076805 1.0331279475272775e-08
65900.04800076805 2.2390783119510922e-09
65950.04800076805 4.788603582014619e-09
66000.04800076805 6.310682103248736e-09
66050.04800076805 1.513900447110148e-08
66100.04800076805 7.716917561265821e-09
66150.04800076805 6.920870663186358e-09
66200.04800076805 6.570910173305611e-09
66250.04800076805 3.7129784289201273e-09
66300.04800076805 1.3131133627073614e-09
66350.04800076805 9.881614629009089e-10
66400.04800076805 2.197210863969521e-09
66450.04800076805 8.183896505436573e-09
66500.04800076805 1.313397524537585e-08
66550.04800076805 1.375323100613993e-08
66600.04800076805 1.0473445412304438e-08
66650.04800076805 6.968860249816024e-09
66700.04800076805 4.609917625614011e-09
66750.04800076805 5.0689193395714475e-09
66800.04800076805 6.128128227376759e-09
66850.04800076805 3.791591142195901e-09
66900.04800076805 1.579500129372348e-08
66950.04800076805 1.497445978012065e-08
67000.04800076805 1.6445576456939395e-08
67050.04800076805 8.756894429882468e-09
67100.04800076805 4.45070803108807e-09
67150.04800076805 5.843549682072188e-09
67200.04800076805 9.682495089222602e-09
67250.04800076805 8.764504293375802e-09
67300.04800076805 1.611469335951977e-08
67350.04800076805 7.072986755000611e-09
67400.04800076805 1.810918111156864e-08
67450.04800076805 1.049955996263347e-08
67500.04800076805 9.401622529749143e-09
67550.04800076805 2.1120193405020717e-08
67600.04800076805 3.467075884702835e-08
67650.04800076805 2.4765711795834595e-08
67700.04800076805 1.2697174933199634e-08
67750.04800076805 7.209034507207735e-09
67800.04800076805 1.1427331163020343e-08
67850.04800076805 4.434810096025822e-09
67900.04800076805 5.6192294031653556e-09
67950.04800076805 4.525167540841591e-09
68000.04800076805 1.1223450911756173e-08
68050.04800076805 1.5350997556561277e-08
68100.04800076805 2.4435054854404815e-08
68150.04800076805 1.94702187310121e-08
68200.04800076805 1.3599307322532144e-08
68250.04800076805 2.4694577339084064e-09
68300.04800076805 1.4137342172367966e-08
68350.04800076805 1.3800635234688406e-08
68400.04800076805 2.7605403674733076e-08
68450.04800076805 2.1633251877884974e-08
68500.04800076805 1.2213594667038367e-08
68550.04800076805 4.393577543429474e-09
68600.04800076805 4.522144074839411e-09
68650.04800076805 2.0531767297947544e-09
68700.04800076805 6.41912791060946e-09
68750.04800076805 1.2260017459350711e-08
68800.04800076805 1.445592125241422e-08
68850.04800076805 5.2528312032490686e-09
68900.04800076805 2.3373674263129276e-08
68950.04800076805 2.4526023941088672e-08
69000.04800076805 1.5376855470629087e-08
69050.04800076805 6.749068513752636e-09
69100.04800076805 1.9966939155420573e-08
69150.04800076805 3.0325558802080096e-08
69200.04800076805 2.2329320717028835e-08
69250.04800076805 3.094900857312119e-08
69300.04800076805 1.6570912464509922e-08
69350.04800076805 3.514548996936321e-08
69400.04800076805 1.1043763420777316e-08
69450.04800076805 3.1042922307415934e-08
69500.04800076805 1.3808015543765903e-08
69550.04800076805 1.0117770029588258e-08
69600.04800076805 2.3301432835648533e-09
69650.04800076805 1.010292056521465e-08
69700.04800076805 2.026419943154852e-08
69750.04800076805 1.2261825679570899e-08
69800.04800076805 2.186039528373004e-08
69850.04800076805 2.2644569764795955e-08
69900.04800076805 1.3555813139167997e-08
69950.04800076805 1.3059220621474048e-08
70000.04800076805 1.579647299742255e-08
70050.04800076805 3.043982234835505e-08
70100.04800076805 2.2158957040325375e-08
70150.04800076805 1.6039232230186064e-08
70200.04800076805 1.040849061635544e-08
70250.04800076805 1.4670257975066968e-08
70300.04800076805 2.939847476240583e-08
70350.04800076805 2.1270416629284326e-08
70400.04800076805 9.600207513201334e-09
70450.04800076805 1.3735609991881405e-09
70500.04800076805 7.956497365605809e-09
70550.04800076805 8.069108657990275e-09
70600.04800076805 8.13878905844603e-09
70650.04800076805 2.3560030711659086e-08
70700.04800076805 2.3947840675314883e-08
70750.04800076805 3.7155694411422154e-08
70800.04800076805 1.547377837474979e-08
70850.04800076805 1.6115688165780015e-08
70900.04800076805 2.0312005294562386e-08
70950.04800076805 2.9392832523093012e-08
71000.04800076805 2.72328994456305e-08
71050.04800076805 2.6233848859217688e-08
71100.04800076805 1.897898047777178e-08
71150.04800076805 1.2551501085611908e-08
71200.04800076805 1.1381521113495276e-08
71250.04800076805 2.040041845271614e-08
71300.04800076805 2.8036947229552395e-08
71350.04800076805 2.9486729620043074e-08
71400.04800076805 2.156506208161985e-08
71450.04800076805 7.853489173207027e-09
71500.04800076805 9.28296173975992e-09
71550.04800076805 1.2597159112343627e-08
71600.04800076805 1.4470475207061031e-08
71650.04800076805 8.999669318073524e-09
71700.04800076805 6.222613437715744e-09
71750.04800076805 1.526902251315068e-08
71800.04800076805 2.402435857157898e-08
71850.04800076805 2.2730733768636314e-08
71900.04800076805 1.1005806016324526e-08
71950.04800076805 1.723552564335983e-08
72000.04800076805 1.5283075691753798e-08
72050.04800076805 6.972766441091274e-09
72100.04800076805 8.87500124476098e-09
72150.04800076805 9.686331867970921e-09
72200.04800076805 1.7336227114374733e-08
72250.04800076805 2.497267656482972e-08
72300.04800076805 1.4809525173824734e-08
72350.04800076805 1.851113099710177e-08
72400.04800076805 1.617774990408798e-08
72450.04800076805 1.1916808656681548e-08
72500.04800076805 1.714058283636917e-08
72550.04800076805 5.8854913067455434e-09
72600.04800076805 1.1456843368848326e-08
72650.04800076805 2.1430796973783953e-08
72700.04800076805 1.2005557454796541e-08
72750.04800076805 1.2526191639228264e-08
72800.04800076805 6.983468436187989e-09
72850.04800076805 1.04749346068982e-08
72900.04800076805 2.2808578712430677e-08
72950.04800076805 1.3217394103572103e-08
73000.04800076805 1.3936666303595424e-08
73050.04800076805 6.614682771390258e-09
73100.04800076805 9.14133617548462e-09
73150.04800076805 2.311923433180021e-08
73200.04800076805 8.124358867116286e-09
73250.04800076805 1.1387858776227698e-08
73300.04800076805 8.125972745245774e-09
73350.04800076805 5.306443578750364e-09
73400.04800076805 1.1042199339066562e-08
73450.04800076805 5.830396731056115e-09
73500.04800076805 5.029799879743732e-09
73550.04800076805 9.391092435025192e-09
73600.04800076805 9.412909283997574e-09
73650.04800076805 1.0524605244652205e-08
73700.04800076805 9.818565846726679e-09
73750.04800076805 3.020501620543338e-09
73800.04800076805 8.745569139689655e-09
73850.04800076805 1.312085405653063e-08
73900.04800076805 6.557323465126865e-09
73950.04800076805 7.186152412834669e-09
74000.04800076805 3.226745494156739e-09
74050.04800076805 1.5243356788927206e-08
74100.04800076805 1.0223223510867903e-08
74150.04800076805 1.0329463981343371e-08
74200.04800076805 5.365306859739513e-09
74250.04800076805 9.108533750548231e-10
74300.04800076805 9.615704130931396e-09
74350.04800076805 1.485294611232511e-08
74400.04800076805 1.3716684325599255e-08
74450.04800076805 4.846231034532534e-09
74500.04800076805 2.6135383942323367e-09
74550.04800076805 6.599169273650855e-09
74600.04800076805 8.460354623424995e-09
74650.04800076805 8.970776733418768e-09
74700.04800076805 5.573836925130712e-09
74750.04800076805 3.1979311688647347e-09
74800.04800076805 4.940128066985214e-09
74850.04800076805 7.327214261901292e-09
74900.04800076805 1.3619759289703074e-08
74950.04800076805 1.3075269684448458e-08
75000.04800076805 5.321731119627155e-09
75050.04800076805 1.0934435973899945e-09
75100.04800076805 1.1915051875434206e-08
75150.04800076805 1.5114142621573232e-08
75200.04800076805 1.6434567009411978e-08
75250.04800076805 1.647700121783249e-08
75300.04800076805 1.1369203231447611e-08
75350.04800076805 3.0612260300302567e-09
75400.04800076805 1.6825357126435693e-08
75450.04800076805 1.5788223586864392e-08
75500.04800076805 1.5355681901624184e-08
75550.04800076805 1.4049701792012889e-08
75600.04800076805 1.6918220228348698e-08
75650.04800076805 9.077331558024995e-09
75700.04800076805 1.880625230031066e-08
75750.04800076805 8.98073525881765e-09
75800.04800076805 1.501045831483227e-08
75850.04800076805 1.7418692601369503e-08
75900.04800076805 1.8026799095559612e-08
75950.04800076805 7.861108683834565e-09
76000.04800076805 2.0720535300801452e-08
76050.04800076805 1.9608339149767546e-08
76100.04800076805 1.6973819167449654e-08
76150.04800076805 1.9126919503533298e-08
76200.04800076805 1.6613924919907653e-08
76250.04800076805 1.0058008406073063e-08
76300.04800076805 2.7516093452954888e-08
76350.04800076805 3.482741490662855e-08
76400.04800076805 2.4708189722053765e-08
76450.04800076805 1.8511871316333327e-08
76500.04800076805 1.2029860113974752e-08
76550.04800076805 4.417095427898091e-09
76600.04800076805 8.787992865248017e-10
76650.04800076805 9.58648810139418e-10
76700.04800076805 1.6416070359644095e-09
76750.04800076805 1.8519912010714672e-09
76800.04800076805 4.1899919772634426e-09
76850.04800076805 1.4760167517774093e-09
76900.04800076805 1.3646987449751266e-09
76950.04800076805 4.562406256998872e-09
77000.04800076805 7.563307508410847e-09
77050.04800076805 1.531877855125449e-09
77100.04800076805 1.6592520183027134e-09
77150.04800076805 8.907830954555248e-09
77200.04800076805 4.901175296216116e-09
77250.04800076805 3.734077419992145e-09
77300.04800076805 7.825415653221503e-09
77350.04800076805 3.3111114300019506e-09
77400.04800076805 3.589955636948854e-09
77450.04800076805 1.0075525820603467e-08
77500.04800076805 7.235587746560469e-09
77550.04800076805 5.6199811778797915e-09
77600.04800076805 2.9192849864754264e-09
77650.04800076805 4.0850828417063685e-09
77700.04800076805 3.3388506923313274e-09
77750.04800076805 1.0729663431277288e-08
77800.04800076805 1.0946385560147657e-08
77850.04800076805 2.1103238106254536e-08
77900.04800076805 9.513518278759964e-09
77950.04800076805 1.8416936516371244e-09
78000.04800076805 6.152668316125074e-09
78050.04800076805 8.208946575951565e-09
78100.04800076805 8.952804214703898e-09
78150.04800076805 1.721776258787867e-08
78200.04800076805 1.7826545878187953e-08
78250.04800076805 1.8035706802968767e-08
78300.04800076805 6.507090306629261e-09
78350.04800076805 1.3328795138505829e-08
78400.04800076805 4.85579757420854e-09
78450.04800076805 1.2488418867645484e-08
78500.04800076805 1.8981901323658025e-08
78550.04800076805 2.576389885621303e-08
78600.04800076805 1.7671623172306883e-08
78650.04800076805 2.0685366443171217e-09
78700.04800076805 4.792193836590577e-09
78750.04800076805 8.43439505443945e-09
78800.04800076805 8.872761699925854e-09
78850.04800076805 2.9405725241956064e-09
78900.04800076805 9.845047383132293e-09
78950.04800076805 1.5684873900863645e-08
79000.04800076805 1.178319334581246e-08
79050.04800076805 8.294909216141321e-09
79100.04800076805 1.0726914022818136e-08
79150.04800076805 9.350315792371966e-09
79200.04800076805 1.227593039735845e-08
79250.04800076805 6.02463032022805e-09
79300.04800076805 5.838439683967097e-09
79350.04800076805 1.0007984528772618e-08
79400.04800076805 5.3002391517891905e-09
79450.04800076805 1.7360716941826794e-08
79500.04800076805 2.5165880363496513e-08
79550.04800076805 1.9696781740912326e-08
79600.04800076805 8.596836255786758e-09
79650.04800076805 1.4923840749721018e-08
79700.04800076805 1.2268115371546386e-08
79750.04800076805 1.2007978750322122e-08
79800.04800076805 8.257672345205055e-09
79850.04800076805 1.4299848268064896e-08
79900.04800076805 2.7176074829744097e-08
79950.04800076805 2.3945979443669288e-08
