galfind/configs/Brown_Dwarf_templates/sonora_cholla/logkzz7/178g/650K_178g_logkzz7_resample.dat
# %ECSV 1.0
# ---
# datatype:
# - {name: wav, unit: Angstrom, datatype: float64}
# - {name: flux_nu, unit: erg / (cm2 Hz s), datatype: float64}
# schema: astropy-2.0
wav flux_nu
3000.0480007680403 nan
3050.0480007680403 0.0
3100.0480007680403 0.0
3150.0480007680403 0.0
3200.0480007680403 0.0
3250.0480007680403 0.0
3300.0480007680403 0.0
3350.0480007680403 0.0
3400.0480007680403 0.0
3450.0480007680403 0.0
3500.0480007680403 0.0
3550.0480007680403 0.0
3600.0480007680403 0.0
3650.0480007680403 0.0
3700.0480007680403 0.0
3750.0480007680403 0.0
3800.0480007680403 0.0
3850.0480007680403 0.0
3900.0480007680403 0.0
3950.0480007680403 0.0
4000.0480007680403 0.0
4050.0480007680403 0.0
4100.04800076804 0.0
4150.04800076804 0.0
4200.04800076804 0.0
4250.04800076804 0.0
4300.04800076804 0.0
4350.04800076804 0.0
4400.04800076804 0.0
4450.04800076804 0.0
4500.04800076804 0.0
4550.04800076804 0.0
4600.04800076804 0.0
4650.04800076804 0.0
4700.04800076804 0.0
4750.04800076804 0.0
4800.04800076804 0.0
4850.04800076804 0.0
4900.04800076804 0.0
4950.04800076804 0.0
5000.04800076804 6.163161241109022e-12
5050.04800076804 1.475268776414867e-11
5100.04800076804 1.609982217104276e-11
5150.04800076804 1.7984666425454814e-11
5200.04800076804 2.019526631005459e-11
5250.04800076804 2.2049334436748543e-11
5300.04800076804 2.3816026169097762e-11
5350.04800076804 2.5580197169885205e-11
5400.04800076804 2.7031110813591186e-11
5450.04800076804 2.8783701373142454e-11
5500.04800076804 3.0635916054984316e-11
5550.04800076804 3.254926206314798e-11
5600.04800076804 3.412406928794587e-11
5650.04800076804 3.5159131490283637e-11
5700.04800076804 3.478368627887859e-11
5750.04800076804 3.4080130633608805e-11
5800.04800076804 3.130785218090105e-11
5850.04800076804 2.595205797860952e-11
5900.04800076804 9.227403789725673e-12
5950.04800076804 1.569762613688154e-11
6000.04800076804 4.488960386634495e-11
6050.04800076804 7.399258808133065e-11
6100.04800076804 1.0880193830317256e-10
6150.04800076804 1.4823252562785456e-10
6200.04800076804 1.9241905519900955e-10
6250.04800076804 2.3883129163882465e-10
6300.04800076804 2.9553344641113927e-10
6350.04800076804 3.5974865789879586e-10
6400.04800076804 4.226381288812399e-10
6450.04800076804 4.4583819624586357e-10
6500.04800076804 5.114177307745277e-10
6550.04800076804 6.045724564987525e-10
6600.04800076804 7.002132067877137e-10
6650.04800076804 8.21266135133593e-10
6700.04800076804 9.837159780100965e-10
6750.04800076804 1.1377795140330087e-09
6800.04800076804 1.2893061016142628e-09
6850.04800076804 1.4590600174135057e-09
6900.04800076804 1.3703691002140338e-09
6950.04800076804 1.2520609951330933e-09
7000.04800076804 1.4536287460940923e-09
7050.04800076804 1.4263761589523049e-09
7100.04800076804 1.4975543890533974e-09
7150.04800076804 1.1749538564776666e-09
7200.04800076804 1.0343746686453399e-09
7250.04800076804 1.2167835125327389e-09
7300.04800076804 1.258511874733158e-09
7350.04800076804 1.429959114494936e-09
7400.04800076804 1.6193633125544364e-09
7450.04800076804 1.9010879841080083e-09
7500.04800076804 2.0900872274610738e-09
7550.04800076804 2.2814000051671926e-09
7600.04800076804 2.4407984248752814e-09
7650.04800076804 2.4771406601980023e-09
7700.04800076804 1.5105354490591503e-09
7750.04800076804 6.852968978499014e-10
7800.04800076804 2.4857339510842326e-09
7850.04800076804 3.170262274715469e-09
7900.04800076804 3.792729272012959e-09
7950.04800076804 4.373061994173285e-09
8000.04800076804 4.5990267720554324e-09
8050.04800076804 4.735400426220284e-09
8100.04800076804 3.4625782156683548e-09
8150.04800076804 3.107478174661726e-09
8200.04800076804 4.413933297510451e-09
8250.04800076804 4.307729899357145e-09
8300.04800076804 4.747024361946506e-09
8350.04800076804 4.790082587358156e-09
8400.04800076804 5.100894250754969e-09
8450.04800076804 6.036005417473918e-09
8500.04800076804 6.88429893113821e-09
8550.04800076804 7.901657170349116e-09
8600.04800076804 9.041528401672678e-09
8650.04800076804 9.831072141713966e-09
8700.04800076804 1.0019730608408306e-08
8750.04800076804 1.0711971177398182e-08
8800.04800076804 1.0630972032531042e-08
8850.04800076804 8.755141786986193e-09
8900.04800076804 3.555400710193692e-09
8950.04800076804 3.165269795330286e-09
9000.04800076804 2.8483662951145532e-09
9050.04800076804 6.459152171192206e-09
9100.04800076804 6.94042870980007e-09
9150.04800076804 6.191631491605273e-09
9200.04800076804 7.895428280732133e-09
9250.04800076804 5.950343009277094e-09
9300.04800076804 5.464706853360152e-10
9350.04800076804 7.698762374636767e-10
9400.04800076804 1.985138824938561e-09
9450.04800076804 2.0779912880201498e-09
9500.04800076804 1.672075508885063e-09
9550.04800076804 1.8297156115635323e-09
9600.04800076804 1.7122626164873001e-09
9650.04800076804 2.4462789232173737e-09
9700.04800076804 4.177230278654745e-09
9750.04800076804 4.106249838597862e-09
9800.04800076804 5.010960015009228e-09
9850.04800076804 5.930544815883993e-09
9900.04800076804 8.056640567606454e-09
9950.04800076804 8.584379134785699e-09
10000.04800076804 1.120297776197025e-08
10050.04800076804 1.2306079113445023e-08
10100.04800076804 1.5187617941972205e-08
10150.04800076804 1.753469375842751e-08
10200.04800076804 2.0182193307112276e-08
10250.04800076804 2.3058981958516263e-08
10300.04800076804 2.6501965329200506e-08
10350.04800076804 2.9220068862458808e-08
10400.04800076804 3.415817721601491e-08
10450.04800076804 3.7049753021101776e-08
10500.04800076804 3.937615708580441e-08
10550.04800076804 4.185308347158082e-08
10600.04800076804 4.174294816715575e-08
10650.04800076804 4.2132043250693185e-08
10700.04800076804 4.0212750417462184e-08
10750.04800076804 3.985247975469428e-08
10800.04800076804 3.698132009393614e-08
10850.04800076804 3.2973291478415025e-08
10900.04800076804 2.3030264380199225e-08
10950.04800076804 1.0617255294381262e-08
11000.04800076804 6.3235401859547916e-09
11050.04800076804 3.4561686148253878e-09
11100.04800076804 1.9852454496437264e-09
11150.04800076804 9.361694068518192e-10
11200.04800076804 7.773877700790275e-10
11250.04800076804 1.0355453700404612e-09
11300.04800076804 1.3006757407779184e-09
11350.04800076804 4.467937437450918e-10
11400.04800076804 1.5781318403911155e-09
11450.04800076804 1.0059674362575737e-09
11500.04800076804 9.267055895325114e-10
11550.04800076804 3.064638285419159e-10
11600.04800076804 2.4812275094057437e-10
11650.04800076804 6.310820769801215e-10
11700.04800076804 7.999359760523625e-10
11750.04800076804 2.5250649800449327e-10
11800.04800076804 1.2139955495826377e-09
11850.04800076804 2.1622459374898275e-09
11900.04800076804 2.719151603260413e-09
11950.04800076804 4.590706063646049e-09
12000.04800076804 7.077069705569523e-09
12050.04800076804 1.0515684081457944e-08
12100.04800076804 1.459502141099908e-08
12150.04800076804 1.9346580826950292e-08
12200.04800076804 2.3681957042327798e-08
12250.04800076804 3.0094000657461215e-08
12300.04800076804 3.7820826437025434e-08
12350.04800076804 4.008696098348218e-08
12400.04800076804 5.110488382822667e-08
12450.04800076804 6.109434361987094e-08
12500.04800076804 6.718663928967851e-08
12550.04800076804 7.337319001652807e-08
12600.04800076804 7.526543762760494e-08
12650.04800076804 7.373803199092859e-08
12700.04800076804 7.250660866190845e-08
12750.04800076804 6.302911129455652e-08
12800.04800076804 5.7747406828128957e-08
12850.04800076804 4.300084211647438e-08
12900.04800076804 3.4158011879834305e-08
12950.04800076804 2.9243153543797652e-08
13000.04800076804 3.0833718928684256e-08
13050.04800076804 2.3140420488072434e-08
13100.04800076804 2.1245940284093154e-08
13150.04800076804 1.5096695697428018e-08
13200.04800076804 1.43012106864771e-08
13250.04800076804 9.584666230062494e-09
13300.04800076804 3.7813517791821715e-09
13350.04800076804 1.098878246960506e-09
13400.04800076804 4.14534259400943e-10
13450.04800076804 1.4221434086167714e-10
13500.04800076804 5.416570951362295e-11
13550.04800076804 2.505577716110467e-11
13600.04800076804 6.912916424737671e-12
13650.04800076804 4.699704244270502e-11
13700.04800076804 2.662698821652866e-11
13750.04800076804 6.168994368151343e-11
13800.04800076804 6.485450632406268e-11
13850.04800076804 3.2193351117638696e-11
13900.04800076804 4.326256271039595e-11
13950.04800076804 3.9116480916468117e-11
14000.04800076804 4.192505229301787e-11
14050.04800076804 7.141121150316714e-11
14100.04800076804 6.203276726226292e-11
14150.04800076804 1.2032346199420868e-10
14200.04800076804 7.269718010915473e-11
14250.04800076804 9.852203232856291e-11
14300.04800076804 2.8513333086809325e-10
14350.04800076804 2.384329405833439e-10
14400.04800076804 2.659576642979641e-10
14450.04800076804 3.9944866633405006e-10
14500.04800076804 9.228561609895116e-10
14550.04800076804 9.987967741375967e-10
14600.04800076804 1.6820076659194695e-09
14650.04800076804 1.590110396353366e-09
14700.04800076804 9.080517201282221e-10
14750.04800076804 1.379752210680824e-09
14800.04800076804 1.8053920741658745e-09
14850.04800076804 1.783215424391452e-09
14900.04800076804 2.224612266083768e-09
14950.04800076804 2.886450893944438e-09
15000.04800076804 4.1020837731822416e-09
15050.04800076804 4.365582010701369e-09
15100.04800076804 5.232446037389603e-09
15150.04800076804 5.19169438381765e-09
15200.04800076804 6.026831629211856e-09
15250.04800076804 9.308655491514325e-09
15300.04800076804 1.1323002731454493e-08
15350.04800076804 1.4851152919991105e-08
15400.04800076804 1.73228951704665e-08
15450.04800076804 2.026424386234412e-08
15500.04800076804 2.24220071490498e-08
15550.04800076804 2.8357948722156235e-08
15600.04800076804 3.131495580123142e-08
15650.04800076804 3.5087783755864233e-08
15700.04800076804 4.2325992849098585e-08
15750.04800076804 4.634800151346761e-08
15800.04800076804 4.582059431633348e-08
15850.04800076804 4.7587379621101175e-08
15900.04800076804 4.479357091739441e-08
15950.04800076804 3.9514934809887984e-08
16000.04800076804 3.1245708646810174e-08
16050.04800076804 2.030739666066598e-08
16100.04800076804 1.3518576371316143e-08
16150.04800076804 7.64399134915179e-09
16200.04800076804 4.2306817440852685e-09
16250.04800076804 3.4775095534852277e-09
16300.04800076804 2.315507840065145e-09
16350.04800076804 2.7681980921920667e-09
16400.04800076804 3.310129532499178e-09
16450.04800076804 3.3272127634024313e-09
16500.04800076804 3.3947613220797675e-09
16550.04800076804 3.2448459419124752e-09
16600.04800076804 4.165431063720551e-09
16650.04800076804 2.983364103481125e-09
16700.04800076804 5.465260017894096e-10
16750.04800076804 1.6498273840455185e-09
16800.04800076804 2.744792599170209e-09
16850.04800076804 2.839039429906375e-09
16900.04800076804 1.7045668504144961e-09
16950.04800076804 1.2938495311053823e-09
17000.04800076804 7.828214640345763e-10
17050.04800076804 1.2665243561724073e-09
17100.04800076804 1.89844487956386e-09
17150.04800076804 1.0928797351504137e-09
17200.04800076804 2.984107576984803e-09
17250.04800076804 1.7821668990104776e-09
17300.04800076804 1.166667762570497e-09
17350.04800076804 1.3551201000074519e-09
17400.04800076804 1.8054694644350062e-09
17450.04800076804 2.296192487754388e-09
17500.04800076804 2.9832095430326605e-09
17550.04800076804 2.418346066721222e-09
17600.04800076804 1.761541257443048e-09
17650.04800076804 1.5379743382635253e-09
17700.04800076804 1.2336938881701318e-09
17750.04800076804 1.0514240614704026e-09
17800.04800076804 1.7599393706024058e-09
17850.04800076804 9.944485365686022e-10
17900.04800076804 8.928782454266578e-10
17950.04800076804 5.333236138546417e-10
18000.04800076804 8.220461677834876e-10
18050.04800076804 6.667228149162795e-10
18100.04800076804 6.257424238299796e-10
18150.04800076804 7.788003696246995e-10
18200.04800076804 3.9891607502742584e-10
18250.04800076804 1.3960564557062347e-09
18300.04800076804 4.186570240391994e-10
18350.04800076804 3.2940936365817823e-10
18400.04800076804 2.3420349737702455e-10
18450.04800076804 8.094803096760239e-10
18500.04800076804 8.191999746295937e-10
18550.04800076804 4.957233872638614e-10
18600.04800076804 5.95869759980446e-10
18650.04800076804 3.666995480342132e-10
18700.04800076804 1.71847786259211e-10
18750.04800076804 3.42065884913005e-10
18800.04800076804 1.6122737895248821e-09
18850.04800076804 1.4309072167597352e-09
18900.04800076804 1.2912378218745532e-09
18950.04800076804 2.616859344881669e-09
19000.04800076804 9.284804228597645e-10
19050.04800076804 5.559811900420332e-10
19100.04800076804 1.4570652062365139e-09
19150.04800076804 7.053254902574178e-10
19200.04800076804 1.3218518420182254e-09
19250.04800076804 9.467681345866805e-10
19300.04800076804 6.28315322467842e-10
19350.04800076804 7.572158113746562e-10
19400.04800076804 5.130677000510366e-10
19450.04800076804 1.126493001216451e-09
19500.04800076804 9.176995828180447e-10
19550.04800076804 8.483373958684742e-10
19600.04800076804 1.3428448638842747e-09
19650.04800076804 1.5668292260694281e-09
19700.04800076804 1.7497688598012578e-09
19750.04800076804 2.383827187824992e-09
19800.04800076804 2.4736412640966786e-09
19850.04800076804 3.248319763773617e-09
19900.04800076804 2.9586656405819332e-09
19950.04800076804 4.3649259589848425e-09
20000.04800076804 4.3576524654682635e-09
20050.04800076804 4.264845001964088e-09
20100.04800076804 5.584782319590049e-09
20150.04800076804 4.3071471131266746e-09
20200.04800076804 4.710276508248112e-09
20250.04800076804 6.128097093982804e-09
20300.04800076804 5.800547922472398e-09
20350.04800076804 6.693185095985937e-09
20400.04800076804 5.971102040876038e-09
20450.04800076804 7.789457580227842e-09
20500.04800076804 7.844809146802996e-09
20550.04800076804 7.90424017217326e-09
20600.04800076804 8.430256721982807e-09
20650.04800076804 8.360648071823958e-09
20700.04800076804 8.15801968730125e-09
20750.04800076804 8.744486338105385e-09
20800.04800076804 8.196220940736334e-09
20850.04800076804 8.507621222637754e-09
20900.04800076804 8.546588142454446e-09
20950.04800076804 8.032032256031048e-09
21000.04800076804 7.993365782066982e-09
21050.04800076804 7.659990473061158e-09
21100.04800076804 7.385776892903021e-09
21150.04800076804 7.310329016890788e-09
21200.04800076804 6.876715646622459e-09
21250.04800076804 6.586492581285213e-09
21300.04800076804 5.852580783224574e-09
21350.04800076804 5.803556183196547e-09
21400.04800076804 5.540529149373281e-09
21450.04800076804 4.732483407362255e-09
21500.04800076804 4.857869657141194e-09
21550.04800076804 4.537648366085731e-09
21600.04800076804 4.078400933543969e-09
21650.04800076804 3.5163910463150055e-09
21700.04800076804 3.695583706513396e-09
21750.04800076804 3.755239163750675e-09
21800.04800076804 3.2202409802754303e-09
21850.04800076804 2.8223914836384335e-09
21900.04800076804 2.3881881165039217e-09
21950.04800076804 9.49473703867091e-10
22000.04800076804 2.388257104055704e-10
22050.04800076804 3.131071364864911e-10
22100.04800076804 9.055644630423738e-10
22150.04800076804 9.179886164225028e-10
22200.04800076804 7.673195312595972e-10
22250.04800076804 7.645301451995966e-10
22300.04800076804 4.4730374393114925e-10
22350.04800076804 5.287181701495728e-10
22400.04800076804 2.8275862265267503e-10
22450.04800076804 2.854115389667742e-10
22500.04800076804 3.030022025000915e-10
22550.04800076804 1.4776993165994707e-10
22600.04800076804 2.109635799820907e-10
22650.04800076804 3.486182804601215e-10
22700.04800076804 1.9509596656220955e-10
22750.04800076804 2.0469826482536183e-10
22800.04800076804 2.3731059835828287e-10
22850.04800076804 2.0897849561533648e-10
22900.04800076804 1.1822450236141877e-10
22950.04800076804 9.590704197712973e-11
23000.04800076804 1.6186987172267871e-10
23050.04800076804 1.6797936385827206e-10
23100.04800076804 5.98604996844218e-10
23150.04800076804 6.124073198511583e-10
23200.04800076804 5.801942009094194e-11
23250.04800076804 1.016275759425209e-10
23300.04800076804 1.5045460888369065e-10
23350.04800076804 9.504520295516648e-11
23400.04800076804 1.8196038985288992e-10
23450.04800076804 1.1030112739742066e-10
23500.04800076804 1.1127116861909089e-10
23550.04800076804 1.9397206688346513e-10
23600.04800076804 2.6098049582583484e-10
23650.04800076804 3.4305539624687465e-10
23700.04800076804 9.514558958497764e-11
23750.04800076804 8.487198745560343e-11
