galfind/configs/Brown_Dwarf_templates/sonora_cholla/logkzz7/178g/700K_178g_logkzz7_resample.dat
# %ECSV 1.0
# ---
# datatype:
# - {name: wav, unit: Angstrom, datatype: float64}
# - {name: flux_nu, unit: erg / (cm2 Hz s), datatype: float64}
# schema: astropy-2.0
wav flux_nu
[from data line 813]
43650.04800076804 1.2241218395095354e-07
43700.04800076804 2.2548712250446228e-07
43750.04800076804 2.1445934541720813e-07
43800.04800076804 1.678773315355006e-07
43850.04800076804 1.6596342039487983e-07
43900.04800076804 1.4094322480557864e-07
43950.04800076804 1.0871317200240613e-07
44000.04800076804 7.642207119891122e-08
44050.04800076804 1.3543365562104936e-07
44100.04800076804 1.4814316918603785e-07
44150.04800076804 1.3934211246430658e-07
44200.04800076804 1.2310483484571128e-07
44250.04800076804 9.754569103625428e-08
44300.04800076804 8.390437262820525e-08
44350.04800076804 7.27734918802589e-08
44400.04800076804 7.197718161490998e-08
44450.04800076804 7.517371205563941e-08
44500.04800076804 5.910616158295623e-08
44550.04800076804 6.589577183343397e-08
44600.04800076804 4.937239094986848e-08
44650.04800076804 5.6144341112002064e-08
44700.04800076804 4.788071205392868e-08
44750.04800076804 4.904791131594498e-08
44800.04800076804 4.152436141387503e-08
44850.04800076804 3.8007807376628144e-08
44900.04800076804 2.909562238891398e-08
44950.04800076804 2.5644976128948337e-08
45000.04800076804 2.605629248779922e-08
45050.04800076804 2.7181260810706917e-08
45100.04800076804 2.5715453389554626e-08
45150.04800076804 2.0878724143098437e-08
45200.04800076804 1.4170171677555363e-08
45250.04800076804 1.5382317573126368e-08
45300.04800076804 1.876014482173054e-08
45350.04800076804 1.687899881562864e-08
45400.04800076804 1.2344131128226948e-08
45450.04800076804 1.1059786973629414e-08
45500.04800076804 1.297208756541301e-08
45550.04800076804 1.5048347798677257e-08
45600.04800076804 9.772721470471856e-09
45650.04800076804 9.894396228910817e-09
45700.04800076804 1.4207956495135036e-08
45750.04800076804 1.0854048872280976e-08
45800.04800076804 7.735312110181124e-09
45850.04800076804 1.3574469312161628e-08
45900.04800076804 1.3043884773387455e-08
45950.04800076804 7.470285289534579e-09
46000.04800076804 1.2101009374406097e-08
46050.04800076804 1.3911075944009616e-08
46100.04800076804 7.598281226119831e-09
46150.04800076804 1.4768950444401674e-08
46200.04800076804 1.4394137762997732e-08
46250.04800076804 6.016466457101485e-09
46300.04800076804 1.8008295416504933e-08
46350.04800076804 1.1713433639785763e-08
46400.04800076804 1.438508066110395e-08
46450.04800076804 2.3751010088684897e-08
46500.04800076804 1.4269657781400971e-08
46550.04800076804 2.898462167785628e-08
46600.04800076804 2.9243198686827838e-08
46650.04800076804 6.012026933262981e-08
46700.04800076804 3.9638707705115586e-08
46750.04800076804 2.3313300960676232e-08
46800.04800076804 1.6502560364007096e-08
46850.04800076804 2.2273779256361364e-08
46900.04800076804 1.8040206460819382e-08
46950.04800076804 3.07046979576787e-08
47000.04800076804 1.1248271040772857e-08
47050.04800076804 2.896002850658015e-08
47100.04800076804 1.0289270217538886e-08
47150.04800076804 1.6118710558039424e-08
47200.04800076804 1.7425138631364988e-08
47250.04800076804 1.0721107782936839e-08
47300.04800076804 1.5547412957650963e-08
47350.04800076804 9.43993645044879e-09
47400.04800076804 2.240211697147411e-08
47450.04800076804 8.542148968574789e-09
47500.04800076804 2.6206189290126136e-08
47550.04800076804 9.885541378173577e-09
47600.04800076804 2.5306606934637793e-08
47650.04800076804 1.1468253185086763e-08
47700.04800076804 2.4437586579384863e-08
47750.04800076804 1.091673530334263e-08
47800.04800076804 2.3793975299203235e-08
47850.04800076804 1.1446327699692301e-08
47900.04800076804 2.0035034852619094e-08
47950.04800076804 1.4587592066371216e-08
48000.04800076804 3.2113886303490114e-08
48050.04800076804 1.9279793789060697e-08
48100.04800076804 3.0266790849271194e-08
48150.04800076804 2.1341334924364792e-08
48200.04800076804 3.47277357701799e-08
48250.04800076804 2.303774561734913e-08
48300.04800076804 4.4270671061195216e-08
48350.04800076804 2.2601794317293433e-08
48400.04800076804 2.847605472485731e-08
48450.04800076804 2.0589341296657857e-08
48500.04800076804 4.295167895298362e-08
48550.04800076804 1.967347349423911e-08
48600.04800076804 4.439503902721071e-08
48650.04800076804 2.230558881880267e-08
48700.04800076804 5.1416105519425934e-08
48750.04800076804 2.6845441677158837e-08
48800.04800076804 5.2171752141618316e-08
48850.04800076804 3.718976330897734e-08
48900.04800076804 5.088848040391852e-08
48950.04800076804 5.0124458042519995e-08
49000.04800076804 4.000946455397408e-08
49050.04800076804 5.748342265472591e-08
49100.04800076804 3.966039975903514e-08
49150.04800076804 7.342295993376943e-08
49200.04800076804 3.795156893489249e-08
49250.04800076804 7.862073192825333e-08
49300.04800076804 4.636940239773103e-08
49350.04800076804 4.913076121001567e-08
49400.04800076804 6.378799576674546e-08
49450.04800076804 5.862515185741669e-08
49500.04800076804 5.3072464019532086e-08
49550.04800076804 2.1163521434314704e-08
49600.04800076804 5.604967817002769e-08
49650.04800076804 5.695175677044097e-08
49700.04800076804 5.878555601449246e-08
49750.04800076804 1.0196173061684719e-07
49800.04800076804 4.791798829700586e-08
49850.04800076804 1.2052984045062482e-07
49900.04800076804 7.861000083554991e-08
49950.04800076804 9.856933816901281e-08
50000.04800076804 9.240993201969439e-08
50050.04800076804 9.440987617399855e-08
50100.04800076804 1.0974230966855115e-07
50150.04800076804 4.3627987169214476e-08
50200.04800076804 1.8871463674168047e-08
50250.04800076804 7.024482737235132e-08
50300.04800076804 5.249029993967322e-08
50350.04800076804 9.43694176903752e-08
50400.04800076804 8.736148416653207e-08
50450.04800076804 8.599491737056502e-08
50500.04800076804 1.2663330828055174e-07
50550.04800076804 1.0294729078927267e-07
50600.04800076804 1.0202976191620985e-07
50650.04800076804 1.0243300524704018e-07
50700.04800076804 1.4748184643651032e-07
50750.04800076804 1.176655745105514e-07
50800.04800076804 4.417542112819905e-08
50850.04800076804 3.391002510782964e-08
50900.04800076804 1.1623484966367344e-07
50950.04800076804 1.1714191984779014e-07
51000.04800076804 9.099633957788798e-08
51050.04800076804 1.0733199526533681e-07
51100.04800076804 4.1329186239403796e-08
51150.04800076804 6.470968741139384e-08
51200.04800076804 1.4212463674949113e-07
51250.04800076804 1.0812599141992916e-07
51300.04800076804 7.01359512631747e-08
51350.04800076804 8.577176796993165e-08
51400.04800076804 4.064918494163118e-08
51450.04800076804 3.41425618112842e-08
51500.04800076804 2.97323117736825e-08
51550.04800076804 8.308298255485596e-08
51600.04800076804 6.445759098668928e-08
51650.04800076804 9.355488215122659e-08
51700.04800076804 9.361917149736364e-08
51750.04800076804 5.823803657151634e-08
51800.04800076804 1.285441391717405e-07
51850.04800076804 1.0487381905538207e-07
51900.04800076804 1.2990622211784559e-07
51950.04800076804 8.282072711757042e-08
52000.04800076804 1.4775487259472708e-08
52050.04800076804 4.7871934670505026e-08
52100.04800076804 3.529921539995797e-08
52150.04800076804 2.2584736952733896e-08
52200.04800076804 3.929225657326061e-08
52250.04800076804 6.847935116990368e-08
52300.04800076804 1.1011894936865874e-07
52350.04800076804 4.2202657583102375e-08
52400.04800076804 4.081804669559271e-08
52450.04800076804 1.0314918689392887e-07
52500.04800076804 9.379459284403743e-08
52550.04800076804 9.015829624858695e-08
52600.04800076804 7.055360193182918e-08
52650.04800076804 7.499774278985415e-08
52700.04800076804 6.005992164228019e-08
52750.04800076804 3.439157813608762e-08
52800.04800076804 4.378550999624829e-08
52850.04800076804 5.6260035452236386e-08
52900.04800076804 3.184421266938527e-08
52950.04800076804 4.10746336593201e-08
53000.04800076804 9.382517003323048e-08
53050.04800076804 2.937596532515403e-08
53100.04800076804 9.831230000089681e-08
53150.04800076804 1.1605323449616861e-07
53200.04800076804 4.479530759546709e-08
53250.04800076804 1.0443872621291547e-07
53300.04800076804 1.0943610989279174e-07
53350.04800076804 1.0647554128255854e-07
53400.04800076804 8.39051640719392e-08
53450.04800076804 2.500269657357371e-08
53500.04800076804 9.560003464755239e-09
53550.04800076804 1.932704408481021e-08
53600.04800076804 5.282173471230835e-08
53650.04800076804 4.972686086082798e-08
53700.04800076804 4.1345645676740654e-08
53750.04800076804 3.962634607839658e-08
53800.04800076804 3.851742162603347e-08
53850.04800076804 5.911003912686579e-08
53900.04800076804 7.668631515313902e-08
53950.04800076804 8.934485895101194e-08
54000.04800076804 5.5786911652077525e-08
54050.04800076804 6.138839610353758e-08
54100.04800076804 1.710600452945974e-08
54150.04800076804 2.7098216689867494e-08
54200.04800076804 6.905120042702197e-09
54250.04800076804 1.4515728895054397e-08
54300.04800076804 3.501672939853966e-08
54350.04800076804 5.031091790627362e-08
54400.04800076804 4.420066201171982e-08
54450.04800076804 3.9083919253571236e-08
54500.04800076804 3.2939427169188474e-08
54550.04800076804 3.135340913180569e-08
54600.04800076804 3.338556056790624e-08
54650.04800076804 8.259848443700164e-09
54700.04800076804 3.902214222719941e-08
54750.04800076804 3.662645643239967e-08
54800.04800076804 2.1147686447757535e-08
54850.04800076804 3.181310904917421e-08
54900.04800076804 5.1308460276280336e-08
54950.04800076804 7.83802060824519e-08
55000.04800076804 2.306510652799513e-08
55050.04800076804 4.1117118337000086e-08
55100.04800076804 4.609744342943426e-08
55150.04800076804 2.61727721140265e-08
55200.04800076804 2.2578995902753115e-08
55250.04800076804 3.262400637485892e-08
55300.04800076804 2.064034863480852e-08
55350.04800076804 4.4744464854179936e-08
55400.04800076804 5.2506374195753484e-08
55450.04800076804 3.009668469665365e-08
55500.04800076804 1.2427732046238451e-08
55550.04800076804 1.460388062771302e-08
55600.04800076804 2.1639249932407793e-08
55650.04800076804 1.9749377805610275e-08
55700.04800076804 2.21737531212772e-08
55750.04800076804 2.0955374221917393e-08
55800.04800076804 1.020979849309546e-08
55850.04800076804 1.3713757925085912e-08
55900.04800076804 3.4597963641502164e-08
55950.04800076804 5.018428995415785e-08
56000.04800076804 1.8030669171654358e-08
56050.04800076804 2.3822705910033084e-08
56100.04800076804 3.5257104222678724e-08
56150.04800076804 1.74309483356222e-08
56200.04800076804 2.4370391569809243e-08
56250.04800076804 3.886243558523031e-08
56300.04800076804 2.7613271991353896e-08
56350.04800076804 2.0845267809942858e-08
56400.04800076804 8.339295159363582e-09
56450.04800076804 7.916962372803766e-09
56500.04800076804 2.0299222463976772e-08
56550.04800076804 9.410087654944679e-09
56600.04800076804 3.2604765095442105e-08
56650.04800076804 3.7033140791100136e-08
56700.04800076804 3.0257619205793265e-08
56750.04800076804 1.0082944801300064e-08
56800.04800076804 2.474276534635213e-08
56850.04800076804 2.6229927883609184e-08
56900.04800076804 1.505073979898127e-08
56950.04800076804 3.0887438084533e-08
57000.04800076804 3.9349754513738684e-08
57050.04800076804 1.834351461269253e-08
57100.04800076804 6.381968769282788e-09
57150.04800076804 1.1187706723546244e-08
57200.04800076804 9.427647371634741e-09
57250.04800076804 1.371143705506282e-08
57300.04800076804 2.234592794412368e-08
57350.04800076804 1.0610317291964581e-08
57400.04800076804 2.7814578977456472e-08
57450.04800076804 1.5757445130436122e-08
57500.04800076804 1.5351418455996353e-08
57550.04800076804 2.2683924479722346e-08
57600.04800076804 2.0986482285433846e-08
57650.04800076804 4.871834399163085e-09
57700.04800076804 8.685418308980505e-09
57750.04800076804 1.5235184062729867e-08
57800.04800076804 6.011583942139143e-09
57850.04800076804 4.489237897629009e-08
57900.04800076804 5.148100560908553e-08
57950.04800076804 5.402735011931249e-08
58000.04800076804 1.694491608808239e-08
58050.04800076804 2.9397319615882607e-08
58100.04800076804 2.9818874727281385e-08
58150.04800076804 1.8349897194388657e-08
58200.04800076804 5.104124901374581e-09
58250.04800076804 8.275375340792081e-09
58300.04800076804 8.935715961074269e-09
58350.04800076804 1.1509653872092095e-08
58400.04800076804 2.541798011861832e-08
58450.04800076804 2.896224315032885e-08
58500.04800076804 2.8510836447293916e-08
58550.04800076804 2.5737337345582123e-08
58600.04800076804 1.0435163733593426e-08
58650.04800076804 1.3496158890002798e-08
58700.04800076804 1.8614050306710223e-08
58750.04800076804 1.5570033651506264e-08
58800.04800076804 3.0661573241903346e-09
58850.04800076804 1.1514139338284307e-08
58900.04800076804 1.6340248125643582e-08
58950.04800076804 6.934875032432874e-09
59000.04800076804 1.737902564976269e-08
59050.04800076804 2.6688955911832285e-08
59100.04800076804 2.6522526352718833e-08
59150.04800076804 1.9333185322842437e-08
59200.04800076804 2.2343202401330115e-08
59250.04800076804 2.340750835738999e-08
59300.04800076804 1.832495197576476e-08
59350.04800076804 4.232000791906386e-09
59400.04800076804 4.385113888144845e-09
59450.04800076804 1.9696126820558556e-08
59500.04800076804 1.0139664786331895e-08
59550.04800076804 2.4058094248904737e-08
59600.04800076804 3.037599394782954e-08
59650.04800076804 1.4663579304873695e-08
59700.04800076804 1.0031528464427321e-08
59750.04800076804 3.368473900946101e-08
59800.04800076804 1.467434158480074e-08
59850.04800076804 2.1152511919820894e-08
59900.04800076804 7.269311623259549e-09
59950.04800076804 1.8090074990115813e-08
60000.04800076804 4.045932450941101e-08
60050.04800076804 3.841773098229023e-08
60100.04800076804 2.9974140017208407e-08
60150.04800076804 1.3189015033434582e-08
60200.04800076804 2.6876183146306966e-08
60250.04800076804 4.3355330229020205e-08
60300.04800076804 3.657276875144586e-08
60350.04800076804 2.217342124877837e-08
60400.04800076804 2.2547220861430122e-08
60450.04800076804 6.1713413143392974e-09
60500.04800076804 2.4574729962242517e-09
60550.04800076804 1.9429360270647836e-08
60600.04800076804 2.6103682924921648e-08
60650.04800076804 1.607995589184174e-08
60700.04800076804 1.1363578903079208e-08
60750.04800076804 6.027060275582331e-09
60800.04800076804 2.4627028016155114e-08
60850.04800076804 4.9103788472847506e-08
60900.04800076804 4.423907857602666e-08
60950.04800076804 3.354158594286031e-08
61000.04800076804 3.0014685428999765e-08
61050.04800076804 1.1953736505330188e-08
61100.04800076804 1.5016420368134622e-08
61150.04800076804 5.082376777411327e-09
61200.04800076804 2.598346122000386e-08
61250.04800076804 3.622695690334523e-08
61300.04800076804 3.251504490337231e-08
61350.04800076804 5.2186263068189874e-08
61400.04800076804 1.9306743064234015e-08
61450.04800076804 7.22751427503394e-09
61500.04800076804 1.0251754736737497e-08
61550.04800076804 1.9398608592957985e-08
61600.04800076804 8.416215736815592e-09
61650.04800076804 1.8875529377059322e-08
61700.04800076804 2.0147237669316463e-08
61750.04800076804 2.2980886111075135e-08
61800.04800076804 1.995113695983103e-08
61850.04800076804 7.406785721678175e-09
61900.04800076804 3.414371710617676e-08
61950.04800076804 4.025151227772388e-08
62000.04800076804 4.3989129939700505e-08
62050.04800076804 4.5625016802218126e-08
62100.04800076804 2.9442468684627357e-08
62150.04800076804 4.319614496800234e-08
62200.04800076804 3.76028022661175e-08
62250.04800076804 2.923758480086477e-08
62300.04800076804 6.637197734068679e-08
62350.04800076804 5.142536173746495e-08
62400.04800076804 2.2087818402919148e-08
62450.04800076804 3.311223665869452e-08
62500.04800076804 6.203046355544608e-08
62550.04800076804 6.401364490145371e-08
62600.04800076804 5.951867216305843e-08
62650.04800076804 4.299692022084347e-08
62700.04800076804 3.6420473338652805e-08
62750.04800076804 5.510182097929357e-08
62800.04800076804 3.119495203667857e-08
62850.04800076804 5.074168018510532e-08
62900.04800076804 3.531225445239466e-08
62950.04800076804 6.93949535290106e-08
63000.04800076804 4.637408533459284e-08
63050.04800076804 8.825928101644162e-08
63100.04800076804 7.80689265517556e-08
63150.04800076804 5.2036969877002844e-08
63200.04800076804 5.604309415882265e-08
63250.04800076804 5.2917512487636e-08
63300.04800076804 4.5055767422619054e-08
63350.04800076804 4.000268096430778e-08
