galfind/configs/Brown_Dwarf_templates/sonora_cholla/logkzz7/178g/700K_178g_logkzz7_resample.dat
# %ECSV 1.0
# ---
# datatype:
# - {name: wav, unit: Angstrom, datatype: float64}
# - {name: flux_nu, unit: erg / (cm2 Hz s), datatype: float64}
# schema: astropy-2.0
wav flux_nu
[from data line 417]
23850.04800076804 4.704617439101081e-10
23900.04800076804 9.088648538280219e-10
23950.04800076804 7.854305499368913e-10
24000.04800076804 1.1991369955223642e-09
24050.04800076804 1.4403672901310217e-09
24100.04800076804 1.2220020130372573e-09
24150.04800076804 1.5504924608146835e-09
24200.04800076804 1.422286775431748e-09
24250.04800076804 1.0356685387071718e-09
24300.04800076804 1.8122376292802736e-09
24350.04800076804 1.277167228163582e-09
24400.04800076804 2.628117987989142e-09
24450.04800076804 2.3254380642682733e-09
24500.04800076804 2.4393894162090785e-09
24550.04800076804 3.2374365418176535e-09
24600.04800076804 3.882273427304752e-09
24650.04800076804 4.395780055586786e-09
24700.04800076804 3.1456729260958655e-09
24750.04800076804 3.511112617914966e-09
24800.04800076804 3.3113289253784017e-09
24850.04800076804 5.1809949704611845e-09
24900.04800076804 2.1622566352959387e-09
24950.04800076804 4.23009625258512e-09
25000.04800076804 4.1343556002097275e-09
25050.04800076804 2.4845262577663226e-09
25100.04800076804 3.6733781620951915e-09
25150.04800076804 1.8093460223769478e-09
25200.04800076804 2.745049498472395e-09
25250.04800076804 1.1797474128602535e-09
25300.04800076804 1.805844778986445e-09
25350.04800076804 7.904418867698073e-10
25400.04800076804 2.1486691936040273e-09
25450.04800076804 8.973341744114421e-10
25500.04800076804 7.926465009259115e-10
25550.04800076804 1.3538416905824272e-09
25600.04800076804 6.223222753190658e-10
25650.04800076804 4.4764634877542473e-10
25700.04800076804 7.373538482474209e-10
25750.04800076804 2.7214216618446435e-10
25800.04800076804 1.1158223236172744e-09
25850.04800076804 2.5111536089847414e-10
25900.04800076804 4.359093288212911e-10
25950.04800076804 1.4669850196800548e-10
26000.04800076804 1.047293098460774e-09
26050.04800076804 2.3085716653073068e-10
26100.04800076804 9.027137204807442e-10
26150.04800076804 5.054695136211051e-10
26200.04800076804 6.252053298973606e-10
26250.04800076804 2.257823060658047e-09
26300.04800076804 7.198424433341246e-10
26350.04800076804 3.0180173287306572e-09
26400.04800076804 4.308439417573642e-09
26450.04800076804 2.7355050213656218e-09
26500.04800076804 3.9654948209445084e-09
26550.04800076804 1.133670612571771e-09
26600.04800076804 1.2365791917188009e-09
26650.04800076804 3.0051010820674083e-10
26700.04800076804 1.6161394121047594e-10
26750.04800076804 2.1071286504493468e-10
26800.04800076804 4.091678358858267e-10
26850.04800076804 2.659666857640688e-10
26900.04800076804 1.0559911227360227e-09
26950.04800076804 3.721473157044689e-10
27000.04800076804 1.912730217541129e-09
27050.04800076804 1.7323695293664467e-09
27100.04800076804 4.905168742866295e-10
27150.04800076804 2.499314060017055e-09
27200.04800076804 4.447772390973498e-10
27250.04800076804 9.94722509277153e-10
27300.04800076804 5.3194599800126435e-09
27350.04800076804 2.3060866210842337e-09
27400.04800076804 1.8969844273379732e-10
27450.04800076804 2.878628398604525e-09
27500.04800076804 3.921283139770514e-09
27550.04800076804 7.032769115410828e-10
27600.04800076804 1.76005490576038e-09
27650.04800076804 5.712668824361027e-10
27700.04800076804 4.4421360227336066e-10
27750.04800076804 2.1559276113180837e-09
27800.04800076804 7.838397187765766e-10
27850.04800076804 1.044146520576385e-09
27900.04800076804 1.4329636387416098e-09
27950.04800076804 2.983258227262019e-09
28000.04800076804 2.30387589680369e-09
28050.04800076804 5.403129263651494e-10
28100.04800076804 3.6998039634095622e-09
28150.04800076804 2.153756377059447e-09
28200.04800076804 6.330741678316599e-10
28250.04800076804 4.114071963302463e-09
28300.04800076804 5.899771720570305e-09
28350.04800076804 9.417922804732579e-10
28400.04800076804 3.1460646564691927e-09
28450.04800076804 5.8286532636582854e-09
28500.04800076804 3.0350207909555133e-09
28550.04800076804 8.16797206559063e-10
28600.04800076804 4.916487702440306e-09
28650.04800076804 4.736428296120178e-09
28700.04800076804 3.905730191419064e-09
28750.04800076804 7.619536279560504e-09
28800.04800076804 6.292629780632743e-09
28850.04800076804 7.46642066260198e-09
28900.04800076804 3.2402394030437345e-09
28950.04800076804 1.0510741763422415e-08
29000.04800076804 6.300101723688641e-09
29050.04800076804 7.3843061979098454e-09
29100.04800076804 5.291041408224355e-09
29150.04800076804 1.2144579184033165e-08
29200.04800076804 7.346928037386527e-09
29250.04800076804 1.0712498716344581e-08
29300.04800076804 6.027083966731025e-09
29350.04800076804 2.7583931706801433e-08
29400.04800076804 7.317711069717369e-09
29450.04800076804 9.583728433551097e-09
29500.04800076804 1.4808109765169676e-08
29550.04800076804 9.22566511107302e-09
29600.04800076804 1.4348863366366627e-08
29650.04800076804 1.6783317127945274e-08
29700.04800076804 7.734838806468118e-09
29750.04800076804 1.3593290215833762e-08
29800.04800076804 1.4476376711527555e-08
29850.04800076804 2.1188958920618788e-08
29900.04800076804 2.154152950874461e-08
29950.04800076804 1.5304211203852713e-08
30000.04800076804 6.148348316314892e-09
30050.04800076804 8.689998700809188e-09
30100.04800076804 1.428585729819257e-08
30150.04800076804 2.0891783156133206e-08
30200.04800076804 1.3050521626367443e-08
30250.04800076804 2.879835551734188e-08
30300.04800076804 2.4462453016000495e-08
30350.04800076804 1.615336099741379e-08
30400.04800076804 2.6030766587386593e-08
30450.04800076804 1.8252126772946275e-08
30500.04800076804 1.627645053365934e-08
30550.04800076804 1.3591642667007713e-08
30600.04800076804 2.66581980492158e-08
30650.04800076804 1.8997428030764143e-08
30700.04800076804 1.5575192655145217e-08
30750.04800076804 1.8441171193366072e-08
30800.04800076804 1.3150750007412072e-08
30850.04800076804 1.639709757984907e-08
30900.04800076804 1.477617900981853e-08
30950.04800076804 8.028558751704503e-09
31000.04800076804 1.2341056024750459e-08
31050.04800076804 1.1595294877992102e-08
31100.04800076804 7.368462092934123e-09
31150.04800076804 1.0008975642638508e-08
31200.04800076804 1.3214486370955592e-08
31250.04800076804 7.42852377323157e-09
31300.04800076804 6.651635418630829e-09
31350.04800076804 7.783010689501579e-09
31400.04800076804 4.660289599650439e-09
31450.04800076804 7.220405943238359e-09
31500.04800076804 3.7107480692236626e-09
31550.04800076804 4.75585611495115e-09
31600.04800076804 3.055123627120086e-09
31650.04800076804 2.9434020590512673e-09
31700.04800076804 3.783127422630417e-09
31750.04800076804 1.5854403130153874e-09
31800.04800076804 3.654657456239311e-09
31850.04800076804 1.4938878454522516e-09
31900.04800076804 2.500566649194364e-09
31950.04800076804 1.6225226185397348e-09
32000.04800076804 1.7162224388106888e-09
32050.04800076804 1.4449153149337452e-09
32100.04800076804 1.1819069904016422e-09
32150.04800076804 1.6841160789851754e-09
32200.04800076804 9.705119524534681e-10
32250.04800076804 2.4638654235183296e-09
32300.04800076804 7.893356376651804e-10
32350.04800076804 2.681750311592502e-09
32400.04800076804 9.295797190139238e-10
32450.04800076804 1.8655083114304275e-09
32500.04800076804 1.213470823391484e-09
32550.04800076804 1.9832115770178433e-09
32600.04800076804 1.5051867774323652e-09
32650.04800076804 3.087876740454023e-09
32700.04800076804 1.9743984520059924e-09
32750.04800076804 4.593985576200624e-09
32800.04800076804 3.3444854150956724e-09
32850.04800076804 6.237734884011589e-09
32900.04800076804 5.775845847270578e-09
32950.04800076804 6.6595908177253225e-09
33000.04800076804 3.862910698017872e-09
33050.04800076804 4.478837421988304e-09
33100.04800076804 1.6394268783692936e-09
33150.04800076804 2.096884689921414e-11
33200.04800076804 9.840684120155004e-11
33250.04800076804 8.727821496604313e-11
33300.04800076804 2.2510154941517564e-10
33350.04800076804 7.428872175353279e-10
33400.04800076804 1.598271377646845e-09
33450.04800076804 1.5621111996750676e-09
33500.04800076804 3.771216180372167e-09
33550.04800076804 2.1902474419887433e-09
33600.04800076804 3.368694901708064e-09
33650.04800076804 2.9063647043224055e-09
33700.04800076804 2.064771861528875e-09
33750.04800076804 4.336420206752357e-09
33800.04800076804 1.261485311793823e-09
33850.04800076804 2.775487688361137e-09
33900.04800076804 2.9081352683889066e-09
33950.04800076804 2.7691170525700468e-09
34000.04800076804 4.37779375581727e-09
34050.04800076804 1.169584370293131e-09
34100.04800076804 3.611647192125872e-09
34150.04800076804 1.958953157283498e-09
34200.04800076804 3.360735680880644e-09
34250.04800076804 2.5887198098737965e-09
34300.04800076804 2.342301351627004e-09
34350.04800076804 4.275562497553855e-09
34400.04800076804 2.153735779889578e-09
34450.04800076804 4.556250868317632e-09
34500.04800076804 2.456025575143983e-09
34550.04800076804 1.818827359849385e-09
34600.04800076804 5.46923650515187e-09
34650.04800076804 1.722467208626332e-09
34700.04800076804 3.0682192994316117e-09
34750.04800076804 2.8844806987021265e-09
34800.04800076804 2.155430688212378e-09
34850.04800076804 4.8205663813804396e-09
34900.04800076804 3.3815756372929706e-09
34950.04800076804 3.7551352805490635e-09
35000.04800076804 7.056097256598559e-09
35050.04800076804 3.970517164974326e-09
35100.04800076804 7.630856967956216e-09
35150.04800076804 6.54054134059936e-09
35200.04800076804 7.44736640773053e-09
35250.04800076804 8.703392804835569e-09
35300.04800076804 5.204079298256419e-09
35350.04800076804 8.533035844551484e-09
35400.04800076804 7.2347379387578825e-09
35450.04800076804 5.74591862672444e-09
35500.04800076804 1.5724257696533763e-08
35550.04800076804 9.176075926424606e-09
35600.04800076804 1.091585880204968e-08
35650.04800076804 1.124945504929418e-08
35700.04800076804 7.940269199715217e-09
35750.04800076804 1.7750409397241933e-08
35800.04800076804 1.1793164749927536e-08
35850.04800076804 7.091666518880454e-09
35900.04800076804 1.2369951499990951e-08
35950.04800076804 1.347967646558071e-08
36000.04800076804 7.365188453991856e-09
36050.04800076804 1.1353579731801953e-08
36100.04800076804 1.0370821216104452e-08
36150.04800076804 1.6658674128951024e-08
36200.04800076804 1.4359664888800686e-08
36250.04800076804 1.5850611085030808e-08
36300.04800076804 2.0475719209357753e-08
36350.04800076804 1.6343553261892814e-08
36400.04800076804 2.6197306157209634e-08
36450.04800076804 2.2882241687384412e-08
36500.04800076804 2.304438979103098e-08
36550.04800076804 3.236242053696289e-08
36600.04800076804 3.6849011140318295e-08
36650.04800076804 3.585372173556379e-08
36700.04800076804 3.478842078113222e-08
36750.04800076804 4.062308674703016e-08
36800.04800076804 3.659169342478643e-08
36850.04800076804 2.5517835739020802e-08
36900.04800076804 3.5775561138519994e-08
36950.04800076804 3.7733071391424556e-08
37000.04800076804 3.218857533646324e-08
37050.04800076804 4.335367173047193e-08
37100.04800076804 3.853129204671166e-08
37150.04800076804 3.963326933245152e-08
37200.04800076804 4.184639145177186e-08
37250.04800076804 3.410266550140335e-08
37300.04800076804 3.429508129021496e-08
37350.04800076804 4.5017397673842466e-08
37400.04800076804 5.9160301293659396e-08
37450.04800076804 3.633705320718828e-08
37500.04800076804 3.928368939682705e-08
37550.04800076804 7.105232201194883e-08
37600.04800076804 7.858517971656268e-08
37650.04800076804 4.630140529699751e-08
37700.04800076804 6.098950588287799e-08
37750.04800076804 4.132254324412052e-08
37800.04800076804 4.904978906878728e-08
37850.04800076804 3.3910423126199614e-08
37900.04800076804 4.280740169971154e-08
37950.04800076804 6.053952803263928e-08
38000.04800076804 6.98288576159159e-08
38050.04800076804 6.798049924999071e-08
38100.04800076804 7.72331447218442e-08
38150.04800076804 7.875283610774016e-08
38200.04800076804 7.921489833058824e-08
38250.04800076804 7.604020294199093e-08
38300.04800076804 1.1530662202231373e-07
38350.04800076804 1.0739640167325392e-07
38400.04800076804 6.135123588869459e-08
38450.04800076804 5.4030145977175064e-08
38500.04800076804 3.3746697520172254e-08
38550.04800076804 6.036546715922291e-08
38600.04800076804 6.907591423696212e-08
38650.04800076804 9.020869410959745e-08
38700.04800076804 8.486365192258292e-08
38750.04800076804 9.210615465438712e-08
38800.04800076804 6.691736967095563e-08
38850.04800076804 1.0064102002771749e-07
38900.04800076804 1.0362524411300775e-07
38950.04800076804 7.353850754026275e-08
39000.04800076804 1.1491446674263448e-07
39050.04800076804 8.559069751511762e-08
39100.04800076804 1.0362512035941918e-07
39150.04800076804 9.796456954832425e-08
39200.04800076804 8.305835568024825e-08
39250.04800076804 1.1634173701298166e-07
39300.04800076804 1.0390984602361587e-07
39350.04800076804 1.4979580309615224e-07
39400.04800076804 1.1788595707687566e-07
39450.04800076804 1.2372996540609352e-07
39500.04800076804 1.2730643251302215e-07
39550.04800076804 1.112478203032761e-07
39600.04800076804 1.2927203916074298e-07
39650.04800076804 1.7207145012403455e-07
39700.04800076804 1.261885887678548e-07
39750.04800076804 8.296865999165685e-08
39800.04800076804 1.2078454083376153e-07
39850.04800076804 1.6016388205494838e-07
39900.04800076804 1.634536656020971e-07
39950.04800076804 1.3389852399688042e-07
40000.04800076804 1.7828296908657161e-07
40050.04800076804 1.6994620576294143e-07
40100.04800076804 9.753698743875809e-08
40150.04800076804 1.7733284636378105e-07
40200.04800076804 1.8387953483181863e-07
40250.04800076804 1.7912809183453887e-07
40300.04800076804 1.9060955267157603e-07
40350.04800076804 1.2976106427828567e-07
40400.04800076804 1.8528701647099687e-07
40450.04800076804 1.3988619873833733e-07
40500.04800076804 1.9731147537940966e-07
40550.04800076804 1.9655752036355934e-07
40600.04800076804 1.7756700236335649e-07
40650.04800076804 1.702305330907511e-07
40700.04800076804 2.620393920049895e-07
40750.04800076804 2.0231065869170814e-07
40800.04800076804 1.4374399445265178e-07
40850.04800076804 2.601601937896148e-07
40900.04800076804 2.2494880874292987e-07
40950.04800076804 1.6760905428813796e-07
41000.04800076804 2.0587855142553268e-07
41050.04800076804 2.563119184073931e-07
41100.04800076804 2.001562842363219e-07
41150.04800076804 1.2770104227058714e-07
41200.04800076804 2.6000734527247654e-07
41250.04800076804 2.2356497416558482e-07
41300.04800076804 1.983370895746063e-07
41350.04800076804 2.7404232858383716e-07
41400.04800076804 2.3255639209452679e-07
41450.04800076804 2.496597532767099e-07
41500.04800076804 1.87715318759186e-07
41550.04800076804 1.735403067366338e-07
41600.04800076804 2.2698091454546274e-07
41650.04800076804 2.3474465993001852e-07
41700.04800076804 2.211184121528945e-07
41750.04800076804 1.9631149183904598e-07
41800.04800076804 2.8221456390014696e-07
41850.04800076804 1.6358081799315797e-07
41900.04800076804 1.7812459681127146e-07
41950.04800076804 2.122482931062375e-07
42000.04800076804 2.3155233146119588e-07
42050.04800076804 1.9731768884801596e-07
42100.04800076804 2.3554273078372044e-07
42150.04800076804 1.7140286961126531e-07
42200.04800076804 1.892641642350366e-07
42250.04800076804 1.658179858836656e-07
42300.04800076804 1.553392925843326e-07
42350.04800076804 1.9320323185696457e-07
42400.04800076804 1.746899199756809e-07
42450.04800076804 1.6913604460413308e-07
42500.04800076804 1.750869232031636e-07
42550.04800076804 1.6662363691960302e-07
42600.04800076804 1.8124746000475192e-07
42650.04800076804 2.487406754223021e-07
42700.04800076804 1.451993190451668e-07
42750.04800076804 1.6401151147793212e-07
42800.04800076804 1.5783618082198428e-07
42850.04800076804 2.0245522962091478e-07
42900.04800076804 2.1086808742684667e-07
42950.04800076804 1.4845368892404213e-07
43000.04800076804 2.0794555454375534e-07
43050.04800076804 9.711641546348438e-08
43100.04800076804 1.5841099563231447e-07
43150.04800076804 1.729173438142025e-07
43200.04800076804 1.9207895710392066e-07
43250.04800076804 2.3546698549999677e-07
43300.04800076804 2.543487630752015e-07
43350.04800076804 1.4095189344129581e-07
43400.04800076804 1.9062490612706617e-07
43450.04800076804 1.323141923979232e-07
43500.04800076804 1.5324880078351772e-07
43550.04800076804 1.4725226403992774e-07
