galfind/configs/Brown_Dwarf_templates/sonora_cholla/logkzz7/178g/750K_178g_logkzz7_resample.dat
# %ECSV 1.0
# ---
# datatype:
# - {name: wav, unit: Angstrom, datatype: float64}
# - {name: flux_nu, unit: erg / (cm2 Hz s), datatype: float64}
# schema: astropy-2.0
wav flux_nu
[from data line 418]
23900.04800076804 1.8219028152706331e-09
23950.04800076804 1.6539830300370254e-09
24000.04800076804 2.42967064530595e-09
24050.04800076804 2.860289626912311e-09
24100.04800076804 2.362660103702408e-09
24150.04800076804 2.8486238318996624e-09
24200.04800076804 2.7647970915309325e-09
24250.04800076804 2.1207587935721615e-09
24300.04800076804 3.3472100462085268e-09
24350.04800076804 2.4602711052547117e-09
24400.04800076804 4.808655653845242e-09
24450.04800076804 4.107663427695344e-09
24500.04800076804 4.429886525064527e-09
24550.04800076804 5.5036245475968975e-09
24600.04800076804 6.522116937397413e-09
24650.04800076804 7.364867185573847e-09
24700.04800076804 5.289221269343095e-09
24750.04800076804 5.690388973490422e-09
24800.04800076804 5.491229235131304e-09
24850.04800076804 8.518610239055003e-09
24900.04800076804 3.6520807583822855e-09
24950.04800076804 6.970492730286658e-09
25000.04800076804 6.734576061607212e-09
25050.04800076804 4.116700237027786e-09
25100.04800076804 5.974452771867619e-09
25150.04800076804 3.089457752564152e-09
25200.04800076804 4.616995172228714e-09
25250.04800076804 2.093731001732496e-09
25300.04800076804 3.220143508576411e-09
25350.04800076804 1.4510636163795768e-09
25400.04800076804 3.73363304265519e-09
25450.04800076804 1.6786902436079918e-09
25500.04800076804 1.5224290743437147e-09
25550.04800076804 2.4449939978228994e-09
25600.04800076804 1.2867001105278949e-09
25650.04800076804 8.966498947065243e-10
25700.04800076804 1.596449963138136e-09
25750.04800076804 6.07316071138778e-10
25800.04800076804 2.2105319976434754e-09
25850.04800076804 5.704546605323012e-10
25900.04800076804 9.641200901238603e-10
25950.04800076804 3.609067371900992e-10
26000.04800076804 2.1305321536838447e-09
26050.04800076804 5.725687480301054e-10
26100.04800076804 1.917924513984476e-09
26150.04800076804 1.1577555833425036e-09
26200.04800076804 1.4037485267714664e-09
26250.04800076804 4.248897349791162e-09
26300.04800076804 1.5598959033776736e-09
26350.04800076804 5.398696573553429e-09
26400.04800076804 7.3411358835424175e-09
26450.04800076804 5.0454442141283665e-09
26500.04800076804 6.5278505175713355e-09
26550.04800076804 2.2831187979901313e-09
26600.04800076804 2.576073241237144e-09
26650.04800076804 7.04268942275619e-10
26700.04800076804 4.0197160690077923e-10
26750.04800076804 4.770610924442905e-10
26800.04800076804 8.856678665229585e-10
26850.04800076804 5.562167463648683e-10
26900.04800076804 2.007760117530841e-09
26950.04800076804 7.527301795149524e-10
27000.04800076804 3.4557669715435284e-09
27050.04800076804 3.0957303013230346e-09
27100.04800076804 1.0545962260281384e-09
27150.04800076804 4.444305799802009e-09
27200.04800076804 9.875480502939473e-10
27250.04800076804 1.9550145382401764e-09
27300.04800076804 8.976839548739259e-09
27350.04800076804 4.331054069832857e-09
27400.04800076804 4.3634557144562686e-10
27450.04800076804 5.2946213375943105e-09
27500.04800076804 7.016934476856763e-09
27550.04800076804 1.4645539143965304e-09
27600.04800076804 3.433110840408083e-09
27650.04800076804 1.1979085725771324e-09
27700.04800076804 9.217884595905013e-10
27750.04800076804 4.023564240346456e-09
27800.04800076804 1.5389601261277698e-09
27850.04800076804 1.9720664025018564e-09
27900.04800076804 2.6867597062365967e-09
27950.04800076804 5.1592958078286905e-09
28000.04800076804 4.0890664025361696e-09
28050.04800076804 1.0691622345332447e-09
28100.04800076804 6.3661228283926064e-09
28150.04800076804 3.768996826690145e-09
28200.04800076804 1.1800110236129123e-09
28250.04800076804 6.9314068824781855e-09
28300.04800076804 9.786245493220598e-09
28350.04800076804 1.7370081605102255e-09
28400.04800076804 5.342549227383553e-09
28450.04800076804 9.203191426527763e-09
28500.04800076804 5.133377802266476e-09
28550.04800076804 1.4861460398720013e-09
28600.04800076804 8.08565170792778e-09
28650.04800076804 7.665655502040441e-09
28700.04800076804 6.367571585262668e-09
28750.04800076804 1.1719124375502178e-08
28800.04800076804 9.810130080312345e-09
28850.04800076804 1.1779991877870211e-08
28900.04800076804 5.080778288678213e-09
28950.04800076804 1.5977889347771323e-08
29000.04800076804 9.656850700685214e-09
29050.04800076804 1.1581954156640538e-08
29100.04800076804 7.908000577559717e-09
29150.04800076804 1.8337100738417885e-08
29200.04800076804 1.0963514418735772e-08
29250.04800076804 1.6096301478593716e-08
29300.04800076804 9.126303150491952e-09
29350.04800076804 3.972318732527326e-08
29400.04800076804 1.1835475902426168e-08
29450.04800076804 1.506016314240359e-08
29500.04800076804 2.1352554750913775e-08
29550.04800076804 1.4172137848789646e-08
29600.04800076804 2.1480228841774313e-08
29650.04800076804 2.3652252602081256e-08
29700.04800076804 1.2419315851222508e-08
29750.04800076804 2.0575796672718506e-08
29800.04800076804 2.2198155013286388e-08
29850.04800076804 3.033705789860918e-08
29900.04800076804 3.085423298007164e-08
29950.04800076804 2.2635565492239432e-08
30000.04800076804 1.0965149527081265e-08
30050.04800076804 1.3784710446645386e-08
30100.04800076804 2.1615447603914836e-08
30150.04800076804 3.056392388573414e-08
30200.04800076804 1.9845235852401e-08
30250.04800076804 4.075319411573894e-08
30300.04800076804 3.426877998704795e-08
30350.04800076804 2.455046887944821e-08
30400.04800076804 3.740440518629125e-08
30450.04800076804 2.614470670361199e-08
30500.04800076804 2.3865402276542842e-08
30550.04800076804 2.1074500422761272e-08
30600.04800076804 3.666915273847121e-08
30650.04800076804 2.7572151187884506e-08
30700.04800076804 2.2912142886745597e-08
30750.04800076804 2.5826608703626005e-08
30800.04800076804 1.941723979705652e-08
30850.04800076804 2.3111360840092607e-08
30900.04800076804 2.1395825622734264e-08
30950.04800076804 1.197255961265165e-08
31000.04800076804 1.7775997755849972e-08
31050.04800076804 1.7266636230165273e-08
31100.04800076804 1.1035847107164772e-08
31150.04800076804 1.4696261432125253e-08
31200.04800076804 1.854117745897361e-08
31250.04800076804 1.1148024394963044e-08
31300.04800076804 1.0239482065245981e-08
31350.04800076804 1.1232399203571955e-08
31400.04800076804 6.91399785899688e-09
31450.04800076804 1.0734804865984332e-08
31500.04800076804 5.882940014629282e-09
31550.04800076804 7.581163878294353e-09
31600.04800076804 4.8778685002891585e-09
31650.04800076804 4.774720035513102e-09
31700.04800076804 6.0784331881849465e-09
31750.04800076804 2.807285507939688e-09
31800.04800076804 5.877459823343555e-09
31850.04800076804 2.8152316264620787e-09
31900.04800076804 4.235604476054918e-09
31950.04800076804 2.9454326800819e-09
32000.04800076804 3.1435508455320995e-09
32050.04800076804 2.604476432230281e-09
32100.04800076804 2.1900601051326824e-09
32150.04800076804 3.0913657363257165e-09
32200.04800076804 1.854723389037664e-09
32250.04800076804 4.381815982694659e-09
32300.04800076804 1.5121261594134964e-09
32350.04800076804 4.860176723032535e-09
32400.04800076804 1.922643958482469e-09
32450.04800076804 3.5334707245563512e-09
32500.04800076804 2.425427021204941e-09
32550.04800076804 3.717605152439051e-09
32600.04800076804 3.153097107821311e-09
32650.04800076804 5.547395888958629e-09
32700.04800076804 3.911380283057691e-09
32750.04800076804 7.783582861482146e-09
32800.04800076804 5.870942550740826e-09
32850.04800076804 1.0056722398758039e-08
32900.04800076804 9.670006440268031e-09
32950.04800076804 1.0837228429746968e-08
33000.04800076804 6.874643108817108e-09
33050.04800076804 7.865610487381594e-09
33100.04800076804 3.0712572336216075e-09
33150.04800076804 7.279395298347884e-11
33200.04800076804 2.3644634471201205e-10
33250.04800076804 1.8141774900085302e-10
33300.04800076804 3.9896065377011225e-10
33350.04800076804 1.2416427877109304e-09
33400.04800076804 2.497630998961487e-09
33450.04800076804 2.733095265367868e-09
33500.04800076804 5.8157235293141685e-09
33550.04800076804 3.80199855035798e-09
33600.04800076804 5.93190474912094e-09
33650.04800076804 5.165060694991771e-09
33700.04800076804 3.8463516693054605e-09
33750.04800076804 7.460140459044053e-09
33800.04800076804 2.5670641427779734e-09
33850.04800076804 5.065396723708545e-09
33900.04800076804 5.109376562378502e-09
33950.04800076804 5.08161988676569e-09
34000.04800076804 7.450637672125645e-09
34050.04800076804 2.2501718558215913e-09
34100.04800076804 6.266722686889402e-09
34150.04800076804 3.5970732260749523e-09
34200.04800076804 5.829917620566217e-09
34250.04800076804 4.564025757578231e-09
34300.04800076804 4.050615929741758e-09
34350.04800076804 6.961393933372949e-09
34400.04800076804 3.899299696407047e-09
34450.04800076804 7.64766988184272e-09
34500.04800076804 4.415035590347513e-09
34550.04800076804 3.2079034548619045e-09
34600.04800076804 8.667644984912186e-09
34650.04800076804 3.1553563426089934e-09
34700.04800076804 5.134419198414105e-09
34750.04800076804 4.914724897281788e-09
34800.04800076804 3.524802221796326e-09
34850.04800076804 7.483992261053816e-09
34900.04800076804 6.007451679430874e-09
34950.04800076804 6.191456249586705e-09
35000.04800076804 1.0655001541865454e-08
35050.04800076804 6.370491995394044e-09
35100.04800076804 1.155165884025397e-08
35150.04800076804 1.0039505911946029e-08
35200.04800076804 1.1861279382692593e-08
35250.04800076804 1.3355666238196908e-08
35300.04800076804 8.259241308460447e-09
35350.04800076804 1.3247293117281029e-08
35400.04800076804 1.1809540117921136e-08
35450.04800076804 9.501018227647757e-09
35500.04800076804 2.3050886991849263e-08
35550.04800076804 1.4406012793857957e-08
35600.04800076804 1.6673038415703857e-08
35650.04800076804 1.7105499073977155e-08
35700.04800076804 1.1940349205099914e-08
35750.04800076804 2.5914479382646016e-08
35800.04800076804 1.8232137764212572e-08
35850.04800076804 1.1491524420494399e-08
35900.04800076804 1.9616430404553745e-08
35950.04800076804 2.102751419449607e-08
36000.04800076804 1.2114780794813984e-08
36050.04800076804 1.8327374235757935e-08
36100.04800076804 1.6923597276372164e-08
36150.04800076804 2.4657952476785763e-08
36200.04800076804 2.167495386549559e-08
36250.04800076804 2.443832623219307e-08
36300.04800076804 2.9704506918098034e-08
36350.04800076804 2.5558011098574865e-08
36400.04800076804 3.844619554864318e-08
36450.04800076804 3.4749632981960285e-08
36500.04800076804 3.442125814606801e-08
36550.04800076804 4.5843763351979906e-08
36600.04800076804 5.2903194306315386e-08
36650.04800076804 5.2293853986380496e-08
36700.04800076804 5.128768621982361e-08
36750.04800076804 5.905130688426608e-08
36800.04800076804 5.265955079696936e-08
36850.04800076804 3.9643721663050695e-08
36900.04800076804 5.2166579801643815e-08
36950.04800076804 5.50052754025354e-08
37000.04800076804 4.86435884616294e-08
37050.04800076804 6.158181606417307e-08
37100.04800076804 5.823196711507651e-08
37150.04800076804 5.924956285596309e-08
37200.04800076804 6.199419430909903e-08
37250.04800076804 5.1064283663896093e-08
37300.04800076804 5.200464868661808e-08
37350.04800076804 6.630947932462203e-08
37400.04800076804 8.463379542824085e-08
37450.04800076804 5.758803386377635e-08
37500.04800076804 5.716379914798811e-08
37550.04800076804 9.933503078422896e-08
37600.04800076804 1.0810739175354606e-07
37650.04800076804 6.777221615033699e-08
37700.04800076804 8.668360776770361e-08
37750.04800076804 6.112686643176278e-08
37800.04800076804 7.215300401210054e-08
37850.04800076804 5.2302995079468125e-08
37900.04800076804 6.426599065265886e-08
37950.04800076804 8.67828581663839e-08
38000.04800076804 1.0153560693463942e-07
38050.04800076804 9.453614787196507e-08
38100.04800076804 1.0696957276763591e-07
38150.04800076804 1.0885881866234155e-07
38200.04800076804 1.1065957506724788e-07
38250.04800076804 1.0584591766475091e-07
38300.04800076804 1.5246516452471594e-07
38350.04800076804 1.4576027399452366e-07
38400.04800076804 8.819595026701693e-08
38450.04800076804 8.253391259330864e-08
38500.04800076804 5.5557321085999704e-08
38550.04800076804 8.955121719644144e-08
38600.04800076804 9.938944840893885e-08
38650.04800076804 1.281955873653141e-07
38700.04800076804 1.226483290868979e-07
38750.04800076804 1.2902129658697228e-07
38800.04800076804 9.698459840308024e-08
38850.04800076804 1.4072513607116133e-07
38900.04800076804 1.4443722916858147e-07
38950.04800076804 1.0778787204377144e-07
39000.04800076804 1.5843057318427153e-07
39050.04800076804 1.2340407190297106e-07
39100.04800076804 1.426484205472203e-07
39150.04800076804 1.3546847404219482e-07
39200.04800076804 1.196416758351914e-07
39250.04800076804 1.6108571771422072e-07
39300.04800076804 1.4604333481512133e-07
39350.04800076804 1.9907042686869076e-07
39400.04800076804 1.6490338551967885e-07
39450.04800076804 1.7127746689838707e-07
39500.04800076804 1.7037280111559462e-07
39550.04800076804 1.564234907643172e-07
39600.04800076804 1.7479103313139793e-07
39650.04800076804 2.2702718699263735e-07
39700.04800076804 1.726415120365931e-07
39750.04800076804 1.1951701538106313e-07
39800.04800076804 1.6967000844266322e-07
39850.04800076804 2.122370968704769e-07
39900.04800076804 2.1478814167317373e-07
39950.04800076804 1.8354504254609182e-07
40000.04800076804 2.3290246499458685e-07
40050.04800076804 2.2459364027173163e-07
40100.04800076804 1.4223676606518146e-07
40150.04800076804 2.3664493238775324e-07
40200.04800076804 2.4284129461031255e-07
40250.04800076804 2.3257379492002138e-07
40300.04800076804 2.4836184829627504e-07
40350.04800076804 1.7862127904088446e-07
40400.04800076804 2.42106042961617e-07
40450.04800076804 1.9421422684028476e-07
40500.04800076804 2.504098629964986e-07
40550.04800076804 2.5503874746156503e-07
40600.04800076804 2.3245755905581163e-07
40650.04800076804 2.3010750958613735e-07
40700.04800076804 3.294802576505038e-07
40750.04800076804 2.618539542211963e-07
40800.04800076804 1.9540894562678004e-07
40850.04800076804 3.2124604927956683e-07
40900.04800076804 2.831871923491437e-07
40950.04800076804 2.2197561954729257e-07
41000.04800076804 2.6309270069100287e-07
41050.04800076804 3.1684937817637624e-07
41100.04800076804 2.51526669868334e-07
41150.04800076804 1.770439557495092e-07
41200.04800076804 3.2185366189695853e-07
41250.04800076804 2.8465286596910243e-07
41300.04800076804 2.450883570529847e-07
41350.04800076804 3.373618713486645e-07
41400.04800076804 2.8993998715951946e-07
41450.04800076804 3.095967672211582e-07
41500.04800076804 2.4280808984217653e-07
41550.04800076804 2.2490616781655529e-07
41600.04800076804 2.848494091354825e-07
41650.04800076804 2.888908812227943e-07
41700.04800076804 2.693982973339696e-07
41750.04800076804 2.4346130328541744e-07
41800.04800076804 3.427678031440018e-07
41850.04800076804 1.9911772071192506e-07
41900.04800076804 2.283951450789453e-07
41950.04800076804 2.6515316183573326e-07
42000.04800076804 2.8773753626585084e-07
42050.04800076804 2.448026567307709e-07
42100.04800076804 2.9007808556038054e-07
42150.04800076804 2.1221626787229106e-07
42200.04800076804 2.334453566274499e-07
42250.04800076804 2.1259137868773304e-07
42300.04800076804 2.0375733309553513e-07
42350.04800076804 2.4249761334517046e-07
42400.04800076804 2.170232581597631e-07
42450.04800076804 2.072992793924393e-07
42500.04800076804 2.1320049615984015e-07
42550.04800076804 2.0329916249243537e-07
42600.04800076804 2.2611149431598e-07
42650.04800076804 3.045067109545208e-07
42700.04800076804 1.8724249182322355e-07
42750.04800076804 2.0143969689545712e-07
42800.04800076804 1.9271399195759855e-07
42850.04800076804 2.447782506228636e-07
42900.04800076804 2.5632745410519164e-07
42950.04800076804 1.8178672761018123e-07
43000.04800076804 2.5578234767534627e-07
43050.04800076804 1.2479589692417006e-07
43100.04800076804 1.971419218184896e-07
43150.04800076804 2.142104763009275e-07
43200.04800076804 2.3140178360303256e-07
43250.04800076804 2.8132581872490013e-07
43300.04800076804 3.0470169100416953e-07
43350.04800076804 1.7187267816125841e-07
43400.04800076804 2.2964305035288037e-07
43450.04800076804 1.622913607083275e-07
43500.04800076804 1.8326345185082325e-07
43550.04800076804 1.7578106101069674e-07
