galfind/configs/Brown_Dwarf_templates/sonora_cholla/logkzz7/178g/750K_178g_logkzz7_resample.dat
# %ECSV 1.0
# ---
# datatype:
# - {name: wav, unit: Angstrom, datatype: float64}
# - {name: flux_nu, unit: erg / (cm2 Hz s), datatype: float64}
# schema: astropy-2.0
wav flux_nu
[from data line 813]
43650.04800076804 1.454833592953051e-07
43700.04800076804 2.566072193037132e-07
43750.04800076804 2.4742374218346723e-07
43800.04800076804 1.9255236208263291e-07
43850.04800076804 1.8864280215094196e-07
43900.04800076804 1.620950616752263e-07
43950.04800076804 1.290036152883003e-07
44000.04800076804 8.879272750761402e-08
44050.04800076804 1.4840974386196835e-07
44100.04800076804 1.5976824149920636e-07
44150.04800076804 1.507819419853619e-07
44200.04800076804 1.3263358010165675e-07
44250.04800076804 1.0915268306666672e-07
44300.04800076804 9.454374001062458e-08
44350.04800076804 8.05068875464831e-08
44400.04800076804 7.962450120854634e-08
44450.04800076804 8.14778921753615e-08
44500.04800076804 6.361026842429765e-08
44550.04800076804 6.984074645314761e-08
44600.04800076804 5.348050652025277e-08
44650.04800076804 6.01569102028892e-08
44700.04800076804 5.26499831854997e-08
44750.04800076804 5.329839956814904e-08
44800.04800076804 4.606665572602314e-08
44850.04800076804 4.1567213495874815e-08
44900.04800076804 3.2414815680559626e-08
44950.04800076804 2.9035819906551823e-08
45000.04800076804 2.9144374769956244e-08
45050.04800076804 3.052731659155896e-08
45100.04800076804 2.8883775721851728e-08
45150.04800076804 2.3993964600157507e-08
45200.04800076804 1.695878033251161e-08
45250.04800076804 1.8185263929465507e-08
45300.04800076804 2.1989129353117796e-08
45350.04800076804 2.0110467260630555e-08
45400.04800076804 1.4772791830026353e-08
45450.04800076804 1.3459174865322165e-08
45500.04800076804 1.5584254227475463e-08
45550.04800076804 1.8263393574915165e-08
45600.04800076804 1.2157672195499072e-08
45650.04800076804 1.2280227424581662e-08
45700.04800076804 1.7545723462011386e-08
45750.04800076804 1.3505107368864462e-08
45800.04800076804 9.910098471461343e-09
45850.04800076804 1.6875359991962358e-08
45900.04800076804 1.617926809187833e-08
45950.04800076804 9.7016361119593e-09
46000.04800076804 1.510123377265999e-08
46050.04800076804 1.725539919666106e-08
46100.04800076804 9.87400011903227e-09
46150.04800076804 1.8178245236615538e-08
46200.04800076804 1.7961416080312334e-08
46250.04800076804 7.728903611704091e-09
46300.04800076804 2.190332064543541e-08
46350.04800076804 1.4430144048424972e-08
46400.04800076804 1.754458506728721e-08
46450.04800076804 2.8120747247373904e-08
46500.04800076804 1.746225499025738e-08
46550.04800076804 3.4488777404028314e-08
46600.04800076804 3.480063839702881e-08
46650.04800076804 6.698369892684475e-08
46700.04800076804 4.535329270376742e-08
46750.04800076804 2.788094046783945e-08
46800.04800076804 2.0746373632536408e-08
46850.04800076804 2.624705437793772e-08
46900.04800076804 2.1594682671696975e-08
46950.04800076804 3.6039318925326934e-08
47000.04800076804 1.4156919478641334e-08
47050.04800076804 3.448505754012234e-08
47100.04800076804 1.3053594810056763e-08
47150.04800076804 1.9905323848915093e-08
47200.04800076804 2.1181066624319938e-08
47250.04800076804 1.3570441521801098e-08
47300.04800076804 1.9385505079632906e-08
47350.04800076804 1.18631426820627e-08
47400.04800076804 2.678296594003013e-08
47450.04800076804 1.1028623231893037e-08
47500.04800076804 3.090127083147558e-08
47550.04800076804 1.2499279152542664e-08
47600.04800076804 2.995870741898276e-08
47650.04800076804 1.423792642626937e-08
47700.04800076804 2.8600210599945862e-08
47750.04800076804 1.3660134468606268e-08
47800.04800076804 2.8514575080928252e-08
47850.04800076804 1.389051532474902e-08
47900.04800076804 2.452478503299627e-08
47950.04800076804 1.7514534466060264e-08
48000.04800076804 3.683817853420568e-08
48050.04800076804 2.2531012325249603e-08
48100.04800076804 3.5581674822564716e-08
48150.04800076804 2.464759958773289e-08
48200.04800076804 3.990657437582152e-08
48250.04800076804 2.683375156178215e-08
48300.04800076804 4.957691158466193e-08
48350.04800076804 2.6355157022615605e-08
48400.04800076804 3.50857754131134e-08
48450.04800076804 2.3743302883541427e-08
48500.04800076804 4.9123167365231395e-08
48550.04800076804 2.2956672128880347e-08
48600.04800076804 4.990796875405755e-08
48650.04800076804 2.5304663988893227e-08
48700.04800076804 5.747248861307731e-08
48750.04800076804 3.013799343481203e-08
48800.04800076804 5.752695677650221e-08
48850.04800076804 4.143976838696663e-08
48900.04800076804 5.8330434496446586e-08
48950.04800076804 5.702063160843347e-08
49000.04800076804 4.6640488639057284e-08
49050.04800076804 6.303899753671723e-08
49100.04800076804 4.36726493709972e-08
49150.04800076804 8.105978050682737e-08
49200.04800076804 4.1826328504067314e-08
49250.04800076804 8.524004391125085e-08
49300.04800076804 5.154480905374084e-08
49350.04800076804 5.7838942552645145e-08
49400.04800076804 7.346315777934832e-08
49450.04800076804 6.562703054974683e-08
49500.04800076804 6.252523850832045e-08
49550.04800076804 2.7973232514339598e-08
49600.04800076804 6.755363307532107e-08
49650.04800076804 6.501344439978594e-08
49700.04800076804 6.545736985998755e-08
49750.04800076804 1.1553471987677748e-07
49800.04800076804 5.5534228239517286e-08
49850.04800076804 1.341805894239407e-07
49900.04800076804 8.636883553464076e-08
49950.04800076804 1.1024305981816068e-07
50000.04800076804 1.0625121636198216e-07
50050.04800076804 1.0431299234254571e-07
50100.04800076804 1.2953637594742908e-07
50150.04800076804 5.2250318788366794e-08
50200.04800076804 2.6581499288016152e-08
50250.04800076804 8.823181572506692e-08
50300.04800076804 6.54438398691704e-08
50350.04800076804 1.0862593675734317e-07
50400.04800076804 9.811874883755206e-08
50450.04800076804 1.0005837873625299e-07
50500.04800076804 1.4383867093090212e-07
50550.04800076804 1.1450789412039989e-07
50600.04800076804 1.20382905868045e-07
50650.04800076804 1.1450748724574812e-07
50700.04800076804 1.6785584590179883e-07
50750.04800076804 1.426062571547062e-07
50800.04800076804 5.4988505181291753e-08
50850.04800076804 4.7200071930843336e-08
50900.04800076804 1.3810306500633795e-07
50950.04800076804 1.3984171855586863e-07
51000.04800076804 1.128814189811927e-07
51050.04800076804 1.2491112969286632e-07
51100.04800076804 5.318490888709886e-08
51150.04800076804 8.230072323120102e-08
51200.04800076804 1.6269022041137848e-07
51250.04800076804 1.3075036001016094e-07
51300.04800076804 8.193188552313626e-08
51350.04800076804 1.0480207814970257e-07
51400.04800076804 5.5241310048429365e-08
51450.04800076804 4.6674211504857864e-08
51500.04800076804 4.0644636783854726e-08
51550.04800076804 1.0601728859180628e-07
51600.04800076804 7.873326563798067e-08
51650.04800076804 1.1386498620499821e-07
51700.04800076804 1.1528170567456349e-07
51750.04800076804 7.228498369623954e-08
51800.04800076804 1.572588820895415e-07
51850.04800076804 1.276457101236122e-07
51900.04800076804 1.590577610790625e-07
51950.04800076804 1.0753326350739124e-07
52000.04800076804 2.1934699778018146e-08
52050.04800076804 6.363874428684611e-08
52100.04800076804 4.9139217064494704e-08
52150.04800076804 3.3093491401663095e-08
52200.04800076804 5.157312082638706e-08
52250.04800076804 8.495913525241873e-08
52300.04800076804 1.4021905462378995e-07
52350.04800076804 5.931458281311889e-08
52400.04800076804 5.5260553595992447e-08
52450.04800076804 1.2664035052150625e-07
52500.04800076804 1.165762568751725e-07
52550.04800076804 1.1182920871190965e-07
52600.04800076804 8.718978787926259e-08
52650.04800076804 9.487172180439246e-08
52700.04800076804 7.627201419312835e-08
52750.04800076804 4.6809382945307737e-08
52800.04800076804 5.723423244587118e-08
52850.04800076804 7.239016747697178e-08
52900.04800076804 4.439533913262355e-08
52950.04800076804 5.429890820260552e-08
53000.04800076804 1.204916847605357e-07
53050.04800076804 3.968975828715025e-08
53100.04800076804 1.221443227089855e-07
53150.04800076804 1.4410874369129409e-07
53200.04800076804 5.700563316154661e-08
53250.04800076804 1.2948330769311875e-07
53300.04800076804 1.3628682977775865e-07
53350.04800076804 1.3127948818894326e-07
53400.04800076804 1.1027185876554976e-07
53450.04800076804 3.5506805141449766e-08
53500.04800076804 1.5133167858891998e-08
53550.04800076804 2.931012235537543e-08
53600.04800076804 7.023947741742899e-08
53650.04800076804 6.376929368936909e-08
53700.04800076804 5.392324589313044e-08
53750.04800076804 5.2336458743718625e-08
53800.04800076804 5.15839069891993e-08
53850.04800076804 7.679513580258514e-08
53900.04800076804 9.276734373129525e-08
53950.04800076804 1.1267859896993885e-07
54000.04800076804 7.142091066931258e-08
54050.04800076804 7.808335868557828e-08
54100.04800076804 2.4196033930705268e-08
54150.04800076804 3.8177885200776977e-08
54200.04800076804 1.1130858227916863e-08
54250.04800076804 2.0977316152656782e-08
54300.04800076804 4.7048098175835083e-08
54350.04800076804 6.675131850241478e-08
54400.04800076804 6.051826743025142e-08
54450.04800076804 5.303949980633518e-08
54500.04800076804 4.494063096702564e-08
54550.04800076804 4.1727909325888385e-08
54600.04800076804 4.664894755104036e-08
54650.04800076804 1.3703013345942393e-08
54700.04800076804 5.516261755660494e-08
54750.04800076804 5.147885216676184e-08
54800.04800076804 3.0758829242123706e-08
54850.04800076804 4.417517594384263e-08
54900.04800076804 6.814843702271779e-08
54950.04800076804 1.0246484532315876e-07
55000.04800076804 3.1791140448170884e-08
55050.04800076804 5.5662873492035506e-08
55100.04800076804 5.945501756195249e-08
55150.04800076804 3.6221862625005436e-08
55200.04800076804 3.2447891427156415e-08
55250.04800076804 4.489760951833622e-08
55300.04800076804 2.882618324717727e-08
55350.04800076804 6.014375876872465e-08
55400.04800076804 7.163923798593098e-08
55450.04800076804 4.192004117942843e-08
55500.04800076804 1.8169813724903002e-08
55550.04800076804 2.2590821482725754e-08
55600.04800076804 3.016563225920317e-08
55650.04800076804 2.763929369741481e-08
55700.04800076804 3.1891963960771886e-08
55750.04800076804 3.152791563501273e-08
55800.04800076804 1.6536439696315697e-08
55850.04800076804 2.020968129516757e-08
55900.04800076804 4.8413420558125904e-08
55950.04800076804 6.871592706756469e-08
56000.04800076804 2.5532225124809986e-08
56050.04800076804 3.426025842994426e-08
56100.04800076804 4.886284224171664e-08
56150.04800076804 2.6266483584582896e-08
56200.04800076804 3.498629947966184e-08
56250.04800076804 5.1826412396686304e-08
56300.04800076804 3.972166446423152e-08
56350.04800076804 3.186130549362264e-08
56400.04800076804 1.4126454946107272e-08
56450.04800076804 1.3184023492469649e-08
56500.04800076804 2.919094422849973e-08
56550.04800076804 1.4369622181735353e-08
56600.04800076804 4.5618667477468624e-08
56650.04800076804 4.995211739771737e-08
56700.04800076804 4.3865426905014106e-08
56750.04800076804 1.572306043246584e-08
56800.04800076804 3.7302964249901714e-08
56850.04800076804 3.7079257916831926e-08
56900.04800076804 2.239079303223509e-08
56950.04800076804 4.38713730136375e-08
57000.04800076804 5.441850987083561e-08
57050.04800076804 2.677279499592382e-08
57100.04800076804 1.0113293686848196e-08
57150.04800076804 1.7262184874308796e-08
57200.04800076804 1.4601882661714582e-08
57250.04800076804 2.105692159141456e-08
57300.04800076804 3.30032821114752e-08
57350.04800076804 1.6381774414122076e-08
57400.04800076804 3.943932416645875e-08
57450.04800076804 2.4601181056625474e-08
57500.04800076804 2.3865544242154018e-08
57550.04800076804 3.428322282056692e-08
57600.04800076804 3.255104186321423e-08
57650.04800076804 8.314403026533264e-09
57700.04800076804 1.3915750236286718e-08
57750.04800076804 2.247902110865588e-08
57800.04800076804 9.026746797089521e-09
57850.04800076804 6.214037574715967e-08
57900.04800076804 7.119540659499628e-08
57950.04800076804 7.185977930900228e-08
58000.04800076804 2.458184127728309e-08
58050.04800076804 4.091272253025708e-08
58100.04800076804 4.374016317401475e-08
58150.04800076804 2.7414112196463134e-08
58200.04800076804 8.888737687048936e-09
58250.04800076804 1.3305345049929756e-08
58300.04800076804 1.3980911769230077e-08
58350.04800076804 1.7756341062040544e-08
58400.04800076804 3.5990529615082835e-08
58450.04800076804 4.0590607734576016e-08
58500.04800076804 3.906437952999446e-08
58550.04800076804 3.753137847903788e-08
58600.04800076804 1.6221890993753876e-08
58650.04800076804 2.0729312265087676e-08
58700.04800076804 2.715942342919446e-08
58750.04800076804 2.421152223354106e-08
58800.04800076804 5.777790931456313e-09
58850.04800076804 1.8408639626304324e-08
58900.04800076804 2.5957949286211768e-08
58950.04800076804 1.167183564479145e-08
59000.04800076804 2.7055092192851167e-08
59050.04800076804 3.88020305884801e-08
59100.04800076804 4.0203315868341514e-08
59150.04800076804 2.9064451288580234e-08
59200.04800076804 3.2625569174838634e-08
59250.04800076804 3.4357632065182015e-08
59300.04800076804 2.7910013868916305e-08
59350.04800076804 7.625516180131636e-09
59400.04800076804 7.197426528813762e-09
59450.04800076804 2.9129116970907644e-08
59500.04800076804 1.4991841900916917e-08
59550.04800076804 3.555005304622436e-08
59600.04800076804 4.340810760662726e-08
59650.04800076804 2.2844953100654747e-08
59700.04800076804 1.5826381432153293e-08
59750.04800076804 4.9312659690774625e-08
59800.04800076804 2.2518629622311995e-08
59850.04800076804 3.2619111196737035e-08
59900.04800076804 1.1944540959461941e-08
59950.04800076804 2.738677526709985e-08
60000.04800076804 5.844175862777565e-08
60050.04800076804 5.3625946164480745e-08
60100.04800076804 4.4393354722509065e-08
60150.04800076804 2.120952768504837e-08
60200.04800076804 3.868777942109816e-08
60250.04800076804 5.9152408064828524e-08
60300.04800076804 5.090829871892606e-08
60350.04800076804 3.16825824799082e-08
60400.04800076804 3.412896066357953e-08
60450.04800076804 1.0574626869592347e-08
60500.04800076804 4.633708586322119e-09
60550.04800076804 3.0703485945484566e-08
60600.04800076804 3.8201049876640744e-08
60650.04800076804 2.495914687505277e-08
60700.04800076804 1.8235399895235537e-08
60750.04800076804 1.028880409573012e-08
60800.04800076804 3.710378170672885e-08
60850.04800076804 6.958791355683772e-08
60900.04800076804 6.279742942689219e-08
60950.04800076804 4.918286704636668e-08
61000.04800076804 4.1666239050037165e-08
61050.04800076804 1.8594266813228567e-08
61100.04800076804 2.4410668711687117e-08
61150.04800076804 8.730081308305165e-09
61200.04800076804 3.9923724134427363e-08
61250.04800076804 5.3456983549083964e-08
61300.04800076804 4.753436467697135e-08
61350.04800076804 7.217687521214936e-08
61400.04800076804 2.9705410813761263e-08
61450.04800076804 1.2622266182005651e-08
61500.04800076804 1.784589604286409e-08
61550.04800076804 2.796037446740534e-08
61600.04800076804 1.377464379923552e-08
61650.04800076804 2.9087038498811783e-08
61700.04800076804 2.916896962161346e-08
61750.04800076804 3.3514740175523215e-08
61800.04800076804 3.095886755589694e-08
61850.04800076804 1.2873604741733222e-08
61900.04800076804 5.0522296311212944e-08
61950.04800076804 5.7483103835437704e-08
62000.04800076804 6.076236338874195e-08
62050.04800076804 6.025210268769959e-08
62100.04800076804 4.430776973362819e-08
62150.04800076804 5.997983400890776e-08
62200.04800076804 5.1797981050758114e-08
62250.04800076804 4.225820081542891e-08
62300.04800076804 8.797792786436009e-08
62350.04800076804 6.850746873716785e-08
62400.04800076804 3.07656281779814e-08
62450.04800076804 4.5758805360294775e-08
62500.04800076804 8.169836573274575e-08
62550.04800076804 8.226111722359502e-08
62600.04800076804 8.002434785303116e-08
62650.04800076804 5.8356052519926247e-08
62700.04800076804 5.255894888468089e-08
62750.04800076804 7.54683064888276e-08
62800.04800076804 4.241135026421832e-08
62850.04800076804 6.826305431607727e-08
62900.04800076804 4.78678116376597e-08
62950.04800076804 8.938954789166737e-08
63000.04800076804 6.252374969499816e-08
63050.04800076804 1.104104903203082e-07
63100.04800076804 9.889081649483537e-08
63150.04800076804 6.578305362146112e-08
63200.04800076804 7.479430242996775e-08
63250.04800076804 6.879429306999738e-08
63300.04800076804 6.399580842787614e-08
63350.04800076804 5.780006877861083e-08
