galfind/configs/Brown_Dwarf_templates/sonora_cholla/logkzz7/178g/800K_178g_logkzz7_resample.dat
# %ECSV 1.0
# ---
# datatype:
# - {name: wav, unit: Angstrom, datatype: float64}
# - {name: flux_nu, unit: erg / (cm2 Hz s), datatype: float64}
# schema: astropy-2.0
wav flux_nu
[from data line 1210]
63500.04800076804 6.847344323759612e-08
63550.04800076804 7.9193977675056e-08
63600.04800076804 8.5476974495301e-08
63650.04800076804 5.3876109558955755e-08
63700.04800076804 2.5278619314128943e-08
63750.04800076804 4.9281129658308535e-08
63800.04800076804 8.698975693937816e-08
63850.04800076804 6.88329174477967e-08
63900.04800076804 3.166344799363586e-08
63950.04800076804 6.221727042437091e-08
64000.04800076804 7.408032487351776e-08
64050.04800076804 3.795940562084928e-08
64100.04800076804 1.100064886759528e-08
64150.04800076804 1.718228391755056e-08
64200.04800076804 2.0267262208577254e-08
64250.04800076804 4.44263417719246e-08
64300.04800076804 3.3146954576441063e-08
64350.04800076804 2.6754491481268725e-08
64400.04800076804 5.860101031113632e-08
64450.04800076804 6.448825754135417e-08
64500.04800076804 2.7506183564890366e-08
64550.04800076804 5.1134549372573926e-08
64600.04800076804 2.5444719596214875e-08
64650.04800076804 4.70899269821927e-08
64700.04800076804 1.9746352537122657e-08
64750.04800076804 2.992773474892745e-08
64800.04800076804 2.4019015242879623e-08
64850.04800076804 1.7987130503027346e-08
64900.04800076804 1.9506257483723548e-08
64950.04800076804 1.802288302612467e-08
65000.04800076804 2.5826302554324185e-08
65050.04800076804 3.5585412256133436e-08
65100.04800076804 4.896132936269542e-08
65150.04800076804 2.502085134891899e-08
65200.04800076804 1.58813656714863e-08
65250.04800076804 3.9674867524946754e-08
65300.04800076804 3.246233364535853e-08
65350.04800076804 7.991516977474668e-08
65400.04800076804 3.358795389624166e-08
65450.04800076804 3.458889697271281e-08
65500.04800076804 4.2780980862658824e-08
65550.04800076805 2.151254390892331e-08
65600.04800076805 3.831845643535183e-08
65650.04800076805 3.051833479856708e-08
65700.04800076805 2.890155176928492e-08
65750.04800076805 1.9854793245632357e-08
65800.04800076805 3.603247883284716e-08
65850.04800076805 4.881788482863057e-08
65900.04800076805 1.8570021434625347e-08
65950.04800076805 2.292875419026435e-08
66000.04800076805 3.154666882517415e-08
66050.04800076805 6.633700012878131e-08
66100.04800076805 3.6271067033571435e-08
66150.04800076805 2.8744133502804914e-08
66200.04800076805 2.7988769482508317e-08
66250.04800076805 2.2514308232219864e-08
66300.04800076805 9.611536861720429e-09
66350.04800076805 1.1596832284766414e-08
66400.04800076805 1.986131579722994e-08
66450.04800076805 4.43018466618673e-08
66500.04800076805 6.206585933174343e-08
66550.04800076805 6.1312893559902e-08
66600.04800076805 4.6464068394333674e-08
66650.04800076805 3.741411942012058e-08
66700.04800076805 3.0886720272211713e-08
66750.04800076805 2.7913816096816854e-08
66800.04800076805 3.761216239181564e-08
66850.04800076805 2.41082684616208e-08
66900.04800076805 6.142831628829975e-08
66950.04800076805 6.506470104373113e-08
67000.04800076805 6.496717820939335e-08
67050.04800076805 3.976729385081947e-08
67100.04800076805 2.659063436151962e-08
67150.04800076805 2.9205383856142623e-08
67200.04800076805 4.292654487791342e-08
67250.04800076805 4.04765009491415e-08
67300.04800076805 5.450534593357934e-08
67350.04800076805 3.032366697960003e-08
67400.04800076805 6.884541158004729e-08
67450.04800076805 4.689112878194439e-08
67500.04800076805 4.122615116551871e-08
67550.04800076805 6.351056474821947e-08
67600.04800076805 1.0705910347543232e-07
67650.04800076805 7.802626215121511e-08
67700.04800076805 4.971949404766072e-08
67750.04800076805 3.664583255056709e-08
67800.04800076805 5.4513490370485425e-08
67850.04800076805 2.59850835584582e-08
67900.04800076805 3.3440649606455624e-08
67950.04800076805 2.4306320393714885e-08
68000.04800076805 4.483016791410554e-08
68050.04800076805 6.198216056772734e-08
68100.04800076805 7.949194295169317e-08
68150.04800076805 6.20855734223739e-08
68200.04800076805 5.830635938225505e-08
68250.04800076805 1.7013399023379208e-08
68300.04800076805 5.353871177352899e-08
68350.04800076805 3.3311901142938966e-08
68400.04800076805 8.419206509709946e-08
68450.04800076805 7.214009911076748e-08
68500.04800076805 5.252289349807337e-08
68550.04800076805 2.639972392753273e-08
68600.04800076805 2.8473115684588548e-08
68650.04800076805 1.5526331705683592e-08
68700.04800076805 3.376120306572188e-08
68750.04800076805 4.911083346118416e-08
68800.04800076805 5.875788908325889e-08
68850.04800076805 2.3050033094967983e-08
68900.04800076805 8.062023948304759e-08
68950.04800076805 8.205618399698533e-08
69000.04800076805 6.662673490968433e-08
69050.04800076805 3.435931913113824e-08
69100.04800076805 7.739740441760805e-08
69150.04800076805 9.953187660702679e-08
69200.04800076805 6.25365908176345e-08
69250.04800076805 9.944639667014045e-08
69300.04800076805 5.9695400223739e-08
69350.04800076805 9.567575908896913e-08
69400.04800076805 3.575032059541057e-08
69450.04800076805 9.352791943115193e-08
69500.04800076805 4.519187825416534e-08
69550.04800076805 4.594760124587599e-08
69600.04800076805 1.4268647580022924e-08
69650.04800076805 4.205416454259233e-08
69700.04800076805 7.621020624037193e-08
69750.04800076805 5.0540536268008815e-08
69800.04800076805 7.155299049268497e-08
69850.04800076805 7.59953469532624e-08
69900.04800076805 5.1703345023276264e-08
69950.04800076805 5.1629542187702256e-08
70000.04800076805 5.1688276842198376e-08
70050.04800076805 9.114742066391236e-08
70100.04800076805 6.362865112242727e-08
70150.04800076805 6.161291409485458e-08
70200.04800076805 4.0570060436646237e-08
70250.04800076805 5.7234292623741743e-08
70300.04800076805 9.028383320357428e-08
70350.04800076805 6.397470999372179e-08
70400.04800076805 4.0031158292704736e-08
70450.04800076805 1.2651657910569074e-08
70500.04800076805 3.315025375373273e-08
70550.04800076805 3.3795117224037005e-08
70600.04800076805 3.2393001925388836e-08
70650.04800076805 7.314164169563419e-08
70700.04800076805 6.876252651885178e-08
70750.04800076805 9.239648900025297e-08
70800.04800076805 5.083487445670465e-08
70850.04800076805 4.829480299806542e-08
70900.04800076805 5.31087457647023e-08
70950.04800076805 7.95942603415232e-08
71000.04800076805 7.093794997698016e-08
71050.04800076805 7.173420661168364e-08
71100.04800076805 5.699170267484477e-08
71150.04800076805 4.8351243642826825e-08
71200.04800076805 4.229041048623091e-08
71250.04800076805 5.67756501056845e-08
71300.04800076805 7.708287024920805e-08
71350.04800076805 7.804626067370784e-08
71400.04800076805 6.750157645428521e-08
71450.04800076805 3.187093385196898e-08
71500.04800076805 3.735996716461396e-08
71550.04800076805 4.4613517302562015e-08
71600.04800076805 5.18201041343744e-08
71650.04800076805 3.960365729261803e-08
71700.04800076805 2.983463358940991e-08
71750.04800076805 4.9900873017691984e-08
71800.04800076805 7.214539347952789e-08
71850.04800076805 6.878940095695062e-08
71900.04800076805 3.944690179335951e-08
71950.04800076805 5.142511585631994e-08
72000.04800076805 4.857175023374234e-08
72050.04800076805 2.964968885847424e-08
72100.04800076805 3.569846011923994e-08
72150.04800076805 3.2396652121238424e-08
72200.04800076805 5.383840486238141e-08
72250.04800076805 6.43948328947113e-08
72300.04800076805 4.99752276860773e-08
72350.04800076805 5.526958714782506e-08
72400.04800076805 4.689685883408528e-08
72450.04800076805 3.7841745880225016e-08
72500.04800076805 4.962424713595735e-08
72550.04800076805 2.2690639962936256e-08
72600.04800076805 3.466407229801987e-08
72650.04800076805 5.996241597041313e-08
72700.04800076805 4.7870585702178186e-08
72750.04800076805 4.4894775258640455e-08
72800.04800076805 3.276838856210982e-08
72850.04800076805 3.793456581134298e-08
72900.04800076805 6.231000188362801e-08
72950.04800076805 4.8248433447546645e-08
73000.04800076805 4.783031210174933e-08
73050.04800076805 3.117166814384018e-08
73100.04800076805 3.3785185852451666e-08
73150.04800076805 7.308936857598399e-08
73200.04800076805 3.255063332068802e-08
73250.04800076805 4.506029615865526e-08
73300.04800076805 3.852059512056511e-08
73350.04800076805 2.6316954089066175e-08
73400.04800076805 4.19242717317551e-08
73450.04800076805 2.6484299417268597e-08
73500.04800076805 2.3733477456618787e-08
73550.04800076805 4.1369677598606157e-08
73600.04800076805 3.224205645779116e-08
73650.04800076805 4.213342507552291e-08
73700.04800076805 4.5528383198176694e-08
73750.04800076805 2.212668287448486e-08
73800.04800076805 3.714104962688681e-08
73850.04800076805 4.688346074248038e-08
73900.04800076805 3.8738955809460646e-08
73950.04800076805 3.4871605055162405e-08
74000.04800076805 2.3912807649744136e-08
74050.04800076805 6.313547561229433e-08
74100.04800076805 3.9407350094249775e-08
74150.04800076805 4.070275120166395e-08
74200.04800076805 3.352909398998953e-08
74250.04800076805 1.1801762521974484e-08
74300.04800076805 3.747013689831879e-08
74350.04800076805 5.422550653672398e-08
74400.04800076805 4.951311776803933e-08
74450.04800076805 2.3284111033322823e-08
74500.04800076805 2.011312337049043e-08
74550.04800076805 3.4376115820663696e-08
74600.04800076805 3.37226058444773e-08
74650.04800076805 3.371225043991437e-08
74700.04800076805 2.3215745068376754e-08
74750.04800076805 2.267857629003539e-08
74800.04800076805 2.8957137232716426e-08
74850.04800076805 2.606200561556254e-08
74900.04800076805 5.058454917483911e-08
74950.04800076805 5.276631620844566e-08
75000.04800076805 2.9605333070043315e-08
75050.04800076805 1.643894937818297e-08
75100.04800076805 5.434164518100311e-08
75150.04800076805 4.954257078859438e-08
75200.04800076805 5.6911897945086034e-08
75250.04800076805 6.133477798914478e-08
75300.04800076805 5.3844004051045094e-08
75350.04800076805 2.4506169388900717e-08
75400.04800076805 6.247520703360196e-08
75450.04800076805 5.080598699791435e-08
75500.04800076805 4.57037512359474e-08
75550.04800076805 5.322461231379714e-08
75600.04800076805 7.104841268123666e-08
75650.04800076805 4.2002673334590786e-08
75700.04800076805 5.272685905524946e-08
75750.04800076805 3.0902982634920435e-08
75800.04800076805 5.118321671757926e-08
75850.04800076805 6.341734701908337e-08
75900.04800076805 5.5150136200518776e-08
75950.04800076805 3.200876198433707e-08
76000.04800076805 5.592636376807993e-08
76050.04800076805 5.643511456839724e-08
76100.04800076805 5.217250722742515e-08
76150.04800076805 5.846944535980296e-08
76200.04800076805 5.716917073253675e-08
76250.04800076805 5.923105159518794e-08
76300.04800076805 8.660539776381913e-08
76350.04800076805 1.097247731644903e-07
76400.04800076805 7.813346466202886e-08
76450.04800076805 7.01757905752152e-08
76500.04800076805 5.311589689394363e-08
76550.04800076805 3.236070186606952e-08
76600.04800076805 1.0469742910493115e-08
76650.04800076805 1.2234425788382737e-08
76700.04800076805 1.5839096014802365e-08
76750.04800076805 1.534869127820641e-08
76800.04800076805 2.8412537951780366e-08
76850.04800076805 9.194551291710499e-09
76900.04800076805 1.1597716233998865e-08
76950.04800076805 2.44813740704622e-08
77000.04800076805 2.9779472291245966e-08
77050.04800076805 1.461931663470216e-08
77100.04800076805 1.8123726521908446e-08
77150.04800076805 3.338457155165288e-08
77200.04800076805 2.5244130257108476e-08
77250.04800076805 2.7710956079165187e-08
77300.04800076805 3.062344221428971e-08
77350.04800076805 1.491168918358595e-08
77400.04800076805 1.785714057486897e-08
77450.04800076805 2.5313011410461185e-08
77500.04800076805 2.3140236712263646e-08
77550.04800076805 2.5567196682349377e-08
77600.04800076805 2.2240644675469904e-08
77650.04800076805 2.4225294570236968e-08
77700.04800076805 1.9385813020316475e-08
77750.04800076805 3.9382099216741666e-08
77800.04800076805 3.338795364255562e-08
77850.04800076805 6.066513639221905e-08
77900.04800076805 4.0942492386050593e-08
77950.04800076805 1.7175651261549317e-08
78000.04800076805 3.1435737317727356e-08
78050.04800076805 3.4387419991520344e-08
78100.04800076805 2.9892405217116e-08
78150.04800076805 5.2634468450745106e-08
78200.04800076805 4.7776590454567305e-08
78250.04800076805 6.059553604351057e-08
78300.04800076805 4.2658789748035575e-08
78350.04800076805 4.863002708516726e-08
78400.04800076805 2.9209165147093823e-08
78450.04800076805 5.512210942738033e-08
78500.04800076805 5.856922317145256e-08
78550.04800076805 6.690172182347677e-08
78600.04800076805 5.3480928977742616e-08
78650.04800076805 1.5552304562001404e-08
78700.04800076805 2.9063089732948146e-08
78750.04800076805 3.228169416975612e-08
78800.04800076805 4.718302806459274e-08
78850.04800076805 2.0966930749200568e-08
78900.04800076805 3.957971459867449e-08
78950.04800076805 4.6169986136732947e-08
79000.04800076805 4.3177266498631655e-08
79050.04800076805 3.682620323542712e-08
79100.04800076805 3.957511459052741e-08
79150.04800076805 4.2769227077942304e-08
79200.04800076805 5.126263458874649e-08
79250.04800076805 3.561482059020602e-08
79300.04800076805 2.755095795287761e-08
79350.04800076805 4.477145586019487e-08
79400.04800076805 3.1981916125337663e-08
79450.04800076805 5.7992362872134025e-08
79500.04800076805 8.022402339117659e-08
79550.04800076805 6.197672492330667e-08
79600.04800076805 3.137254514913854e-08
79650.04800076805 4.754863534571658e-08
79700.04800076805 5.1039240811896666e-08
79750.04800076805 5.361532816740288e-08
79800.04800076805 3.737504809916831e-08
79850.04800076805 4.6414603124919756e-08
79900.04800076805 8.318592440916372e-08
79950.04800076805 6.047952830888683e-08
