galfind/configs/Brown_Dwarf_templates/sonora_cholla/logkzz7/178g/800K_178g_logkzz7_resample.dat
# %ECSV 1.0
# ---
# datatype:
# - {name: wav, unit: Angstrom, datatype: float64}
# - {name: flux_nu, unit: erg / (cm2 Hz s), datatype: float64}
# schema: astropy-2.0
wav flux_nu
3000.0480007680403 nan
3050.0480007680403 0.0
3100.0480007680403 0.0
3150.0480007680403 0.0
3200.0480007680403 0.0
3250.0480007680403 0.0
3300.0480007680403 0.0
3350.0480007680403 0.0
3400.0480007680403 0.0
3450.0480007680403 0.0
3500.0480007680403 0.0
3550.0480007680403 0.0
3600.0480007680403 0.0
3650.0480007680403 0.0
3700.0480007680403 0.0
3750.0480007680403 0.0
3800.0480007680403 0.0
3850.0480007680403 0.0
3900.0480007680403 0.0
3950.0480007680403 0.0
4000.0480007680403 0.0
4050.0480007680403 0.0
4100.04800076804 0.0
4150.04800076804 0.0
4200.04800076804 0.0
4250.04800076804 0.0
4300.04800076804 0.0
4350.04800076804 0.0
4400.04800076804 0.0
4450.04800076804 0.0
4500.04800076804 0.0
4550.04800076804 0.0
4600.04800076804 0.0
4650.04800076804 0.0
4700.04800076804 0.0
4750.04800076804 0.0
4800.04800076804 0.0
4850.04800076804 0.0
4900.04800076804 0.0
4950.04800076804 0.0
5000.04800076804 2.1739717642913914e-12
5050.04800076804 5.7518616644044624e-12
5100.04800076804 6.634684102498416e-12
5150.04800076804 7.756449119338918e-12
5200.04800076804 9.090824480772336e-12
5250.04800076804 1.0632715839171678e-11
5300.04800076804 1.2397988368611854e-11
5350.04800076804 1.4418033895963508e-11
5400.04800076804 1.6691964508466794e-11
5450.04800076804 1.9288188838242983e-11
5500.04800076804 2.221443126300332e-11
5550.04800076804 2.5472852003853284e-11
5600.04800076804 2.9024804057314868e-11
5650.04800076804 3.2797763473416416e-11
5700.04800076804 3.645754450352975e-11
5750.04800076804 4.001372710403421e-11
5800.04800076804 4.219335921561124e-11
5850.04800076804 4.0631239999167143e-11
5900.04800076804 1.7948355433147823e-11
5950.04800076804 2.895836201557255e-11
6000.04800076804 6.585853283271516e-11
6050.04800076804 8.784268220302675e-11
6100.04800076804 1.0714448620304754e-10
6150.04800076804 1.2599620590939557e-10
6200.04800076804 1.4551816097168783e-10
6250.04800076804 1.6606753533454385e-10
6300.04800076804 1.8899477835750197e-10
6350.04800076804 2.1425301634884974e-10
6400.04800076804 2.418561080558773e-10
6450.04800076804 2.683158809921743e-10
6500.04800076804 3.0235087198571566e-10
6550.04800076804 3.420519820128437e-10
6600.04800076804 3.8667284425527893e-10
6650.04800076804 4.374782776922013e-10
6700.04800076804 4.964001968782041e-10
6750.04800076804 5.611860832734722e-10
6800.04800076804 6.319545114842675e-10
6850.04800076804 7.076554029983396e-10
6900.04800076804 7.470021207173538e-10
6950.04800076804 7.712929750625074e-10
7000.04800076804 8.482601008847185e-10
7050.04800076804 8.975052078203767e-10
7100.04800076804 9.692878082940236e-10
7150.04800076804 9.372913902552077e-10
7200.04800076804 9.67373996210263e-10
7250.04800076804 1.0739003927621276e-09
7300.04800076804 1.1464891773243773e-09
7350.04800076804 1.2695402665698844e-09
7400.04800076804 1.3986815472831092e-09
7450.04800076804 1.5577864848056188e-09
7500.04800076804 1.6975957397438644e-09
7550.04800076804 1.8377854355572765e-09
7600.04800076804 1.973913016546339e-09
7650.04800076804 2.097284177762208e-09
7700.04800076804 1.673989101301318e-09
7750.04800076804 1.1192671787587887e-09
7800.04800076804 2.4761447140665198e-09
7850.04800076804 2.7435364181100284e-09
7900.04800076804 3.0023078335842673e-09
7950.04800076804 3.2682117738437074e-09
8000.04800076804 3.495402610357441e-09
8050.04800076804 3.725866739099863e-09
8100.04800076804 3.5345633894578905e-09
8150.04800076804 3.495913999929826e-09
8200.04800076804 4.22796231016659e-09
8250.04800076804 4.316874449405404e-09
8300.04800076804 4.717161277801441e-09
8350.04800076804 4.99789840341932e-09
8400.04800076804 5.3894439847803825e-09
8450.04800076804 6.044384354030412e-09
8500.04800076804 6.678748851599601e-09
8550.04800076804 7.361931138532542e-09
8600.04800076804 8.087017613344227e-09
8650.04800076804 8.758668655998221e-09
8700.04800076804 9.255782997001476e-09
8750.04800076804 9.93519577429603e-09
8800.04800076804 1.0405411020089534e-08
8850.04800076804 1.0177569141433689e-08
8900.04800076804 7.3683796814953556e-09
8950.04800076804 7.169181534738518e-09
9000.04800076804 7.004724831669139e-09
9050.04800076804 1.0609779618787409e-08
9100.04800076804 1.1116335943496647e-08
9150.04800076804 1.0715883150622997e-08
9200.04800076804 1.2399642787995625e-08
9250.04800076804 1.1117663116356905e-08
9300.04800076804 3.2715879971394432e-09
9350.04800076804 4.0212464523393686e-09
9400.04800076804 6.975463625183532e-09
9450.04800076804 7.51661850589564e-09
9500.04800076804 6.799201435983273e-09
9550.04800076804 7.555022966280414e-09
9600.04800076804 7.35788997514564e-09
9650.04800076804 9.019571638727086e-09
9700.04800076804 1.250063903225015e-08
9750.04800076804 1.2725452007990578e-08
9800.04800076804 1.492657689964148e-08
9850.04800076804 1.7131337024523795e-08
9900.04800076804 2.0952189361255633e-08
9950.04800076804 2.2785582451613406e-08
10000.04800076804 2.7101128603198585e-08
10050.04800076804 3.0062729015607256e-08
10100.04800076804 3.490813275096458e-08
10150.04800076804 3.928155162963489e-08
10200.04800076804 4.415073265616966e-08
10250.04800076804 4.9131935952600776e-08
10300.04800076804 5.477133161590266e-08
10350.04800076804 6.070855882232951e-08
10400.04800076804 6.901495309812142e-08
10450.04800076804 7.425418207091301e-08
10500.04800076804 7.881150622232464e-08
10550.04800076804 8.397796790835763e-08
10600.04800076804 8.685748697305971e-08
10650.04800076804 9.108202314241926e-08
10700.04800076804 9.248875579831095e-08
10750.04800076804 9.53226054446438e-08
10800.04800076804 9.40206815367122e-08
10850.04800076804 9.048053045298256e-08
10900.04800076804 6.935388093267758e-08
10950.04800076804 3.9163302062973136e-08
11000.04800076804 2.8147153013073043e-08
11050.04800076804 1.8694884759012412e-08
11100.04800076804 1.3213100681190366e-08
11150.04800076804 8.051419773829318e-09
11200.04800076804 7.778162351192573e-09
11250.04800076804 9.969072324991105e-09
11300.04800076804 1.079543736002455e-08
11350.04800076804 4.820273350479647e-09
11400.04800076804 1.2523015516779728e-08
11450.04800076804 8.78958144341022e-09
11500.04800076804 9.144980195712634e-09
11550.04800076804 4.577553493302057e-09
11600.04800076804 4.492723636065393e-09
11650.04800076804 7.214366605076611e-09
11700.04800076804 8.602134317903358e-09
11750.04800076804 4.322029117641053e-09
11800.04800076804 1.1807165440858225e-08
11850.04800076804 1.8326952490294312e-08
11900.04800076804 2.1977427226461034e-08
11950.04800076804 3.2081431393535256e-08
12000.04800076804 4.261042177559321e-08
12050.04800076804 5.532741431436972e-08
12100.04800076804 6.841282867247256e-08
12150.04800076804 8.219581158985009e-08
12200.04800076804 9.682073279537346e-08
12250.04800076804 1.1490342988912137e-07
12300.04800076804 1.3445073398653083e-07
12350.04800076804 1.424425858862148e-07
12400.04800076804 1.6926291757437952e-07
12450.04800076804 1.947737774099519e-07
12500.04800076804 2.0999003386782668e-07
12550.04800076804 2.2394894080990152e-07
12600.04800076804 2.2101367673806347e-07
12650.04800076804 2.1434441854454913e-07
12700.04800076804 2.1200419744937247e-07
12750.04800076804 1.9873548503924306e-07
12800.04800076804 1.9399414536632585e-07
12850.04800076804 1.5592889090918125e-07
12900.04800076804 1.3228850240170897e-07
12950.04800076804 1.2345122837624726e-07
13000.04800076804 1.2471062826697156e-07
13050.04800076804 1.059656095687701e-07
13100.04800076804 9.832057148456603e-08
13150.04800076804 7.660465933067034e-08
13200.04800076804 7.125252480466963e-08
13250.04800076804 5.0459329591973656e-08
13300.04800076804 2.4192361138894618e-08
13350.04800076804 7.452756941425864e-09
13400.04800076804 3.1730922905130558e-09
13450.04800076804 1.4533965722362224e-09
13500.04800076804 6.817761403314352e-10
13550.04800076804 4.2740240255102706e-10
13600.04800076804 1.8621544221695608e-10
13650.04800076804 7.65396588138512e-10
13700.04800076804 4.990520130828746e-10
13750.04800076804 8.709449129412754e-10
13800.04800076804 1.064599257712689e-09
13850.04800076804 6.289507867098323e-10
13900.04800076804 7.085444335991924e-10
13950.04800076804 6.665591082860282e-10
14000.04800076804 6.644205650122996e-10
14050.04800076804 9.608667274876837e-10
14100.04800076804 7.594425715216154e-10
14150.04800076804 1.265133515512851e-09
14200.04800076804 8.318845049285143e-10
14250.04800076804 9.92544687323954e-10
14300.04800076804 2.1689754055876483e-09
14350.04800076804 1.906050220094244e-09
14400.04800076804 2.1405757323772504e-09
14450.04800076804 2.744311457630612e-09
14500.04800076804 5.701646216610875e-09
14550.04800076804 5.965473174605298e-09
14600.04800076804 8.897556964702733e-09
14650.04800076804 8.985056523282478e-09
14700.04800076804 5.632852188807457e-09
14750.04800076804 8.348410783457261e-09
14800.04800076804 1.097724106259932e-08
14850.04800076804 1.1050540284481701e-08
14900.04800076804 1.2751301179367126e-08
14950.04800076804 1.571289015895864e-08
15000.04800076804 1.908281774677944e-08
15050.04800076804 2.2065917580495893e-08
15100.04800076804 2.6335925892580137e-08
15150.04800076804 2.741221999673111e-08
15200.04800076804 2.8125728767336675e-08
15250.04800076804 3.873319840725619e-08
15300.04800076804 4.624674347128346e-08
15350.04800076804 5.744528438338144e-08
15400.04800076804 6.504191534150975e-08
15450.04800076804 7.42246007851508e-08
15500.04800076804 7.985656811651088e-08
15550.04800076804 9.618462128189465e-08
15600.04800076804 9.81845040687254e-08
15650.04800076804 1.0609874160688152e-07
15700.04800076804 1.255652751165863e-07
15750.04800076804 1.359246356071832e-07
15800.04800076804 1.3042098905192072e-07
15850.04800076804 1.365249948261277e-07
15900.04800076804 1.308970106402541e-07
15950.04800076804 1.2179953995826835e-07
16000.04800076804 1.0421915859524692e-07
16050.04800076804 7.869239751476856e-08
16100.04800076804 6.031801952129023e-08
16150.04800076804 4.018441211808567e-08
16200.04800076804 2.5945626712273482e-08
16250.04800076804 2.4269559844310444e-08
16300.04800076804 1.861975615255827e-08
16350.04800076804 2.1107875881353117e-08
16400.04800076804 2.4252122104171292e-08
16450.04800076804 2.592743871373032e-08
16500.04800076804 2.7441441739775192e-08
16550.04800076804 2.561823627139651e-08
16600.04800076804 2.824260061916998e-08
16650.04800076804 1.967672832980546e-08
16700.04800076804 6.821303360128801e-09
16750.04800076804 1.3055077104034406e-08
16800.04800076804 2.0397045042765504e-08
16850.04800076804 2.0477664695016396e-08
16900.04800076804 1.542661652971288e-08
16950.04800076804 1.3290166008087798e-08
17000.04800076804 9.944860672425894e-09
17050.04800076804 1.38046413714161e-08
17100.04800076804 1.7259283294214793e-08
17150.04800076804 1.2510481528154426e-08
17200.04800076804 2.1777841514478436e-08
17250.04800076804 1.6093175608704948e-08
17300.04800076804 1.2503065329278512e-08
17350.04800076804 1.2935122748172005e-08
17400.04800076804 1.4133865234701042e-08
17450.04800076804 1.5972297505715338e-08
17500.04800076804 1.8912477402819764e-08
17550.04800076804 1.567490551670854e-08
17600.04800076804 1.2528849030554651e-08
17650.04800076804 1.1832599642744368e-08
17700.04800076804 9.127540929570608e-09
17750.04800076804 7.649005742898175e-09
17800.04800076804 1.0748724298151052e-08
17850.04800076804 6.684365405904425e-09
17900.04800076804 7.053994452884087e-09
17950.04800076804 4.530329063551626e-09
18000.04800076804 5.970618459823843e-09
18050.04800076804 5.006129001340822e-09
18100.04800076804 4.524615650561587e-09
18150.04800076804 6.411671295002735e-09
18200.04800076804 3.3744827584270135e-09
18250.04800076804 9.304471209429574e-09
18300.04800076804 4.054574725040616e-09
18350.04800076804 3.3919539897951444e-09
18400.04800076804 2.720546086679274e-09
18450.04800076804 5.354451045068363e-09
18500.04800076804 5.573858753665531e-09
18550.04800076804 3.8616324048170064e-09
18600.04800076804 3.87623996949998e-09
18650.04800076804 2.7735847979248203e-09
18700.04800076804 1.978422836844945e-09
18750.04800076804 3.2945779868115086e-09
18800.04800076804 9.204681253967865e-09
18850.04800076804 9.193030174376312e-09
18900.04800076804 8.185167730968802e-09
18950.04800076804 1.49326975877655e-08
19000.04800076804 7.3297260504421045e-09
19050.04800076804 4.948908108019317e-09
19100.04800076804 1.0660224986139553e-08
19150.04800076804 6.344883597290766e-09
19200.04800076804 9.34973439587114e-09
19250.04800076804 7.083601005669291e-09
19300.04800076804 5.40549603833685e-09
19350.04800076804 5.647356070103527e-09
19400.04800076804 3.577889259781755e-09
19450.04800076804 7.483798792861656e-09
19500.04800076804 6.514669450492487e-09
19550.04800076804 5.589934088568072e-09
19600.04800076804 8.1090321251425e-09
19650.04800076804 9.425169995880172e-09
19700.04800076804 1.0032650240724776e-08
19750.04800076804 1.1969004710222888e-08
19800.04800076804 1.3275421478184974e-08
19850.04800076804 1.6964834012985508e-08
19900.04800076804 1.3739062196471275e-08
19950.04800076804 2.0861981610216838e-08
20000.04800076804 2.0262227532174872e-08
20050.04800076804 2.085932553658562e-08
20100.04800076804 2.4699529624553995e-08
20150.04800076804 2.1437591920308442e-08
20200.04800076804 2.4930234339332474e-08
20250.04800076804 2.989577039735912e-08
20300.04800076804 2.7642121956241904e-08
20350.04800076804 3.205957215007458e-08
20400.04800076804 3.034050267545403e-08
20450.04800076804 3.7032200381516386e-08
20500.04800076804 3.757835547141505e-08
20550.04800076804 3.7036622478348504e-08
20600.04800076804 4.0737242415287695e-08
20650.04800076804 3.9580152369366005e-08
20700.04800076804 3.903929845277554e-08
20750.04800076804 4.200702235626343e-08
20800.04800076804 4.012806736903651e-08
20850.04800076804 4.1213131134328816e-08
20900.04800076804 4.1921520771472145e-08
20950.04800076804 3.95245692856376e-08
21000.04800076804 4.020776566233072e-08
21050.04800076804 3.8305880731973534e-08
21100.04800076804 3.741591632129746e-08
21150.04800076804 3.730889642027733e-08
21200.04800076804 3.540119019485174e-08
21250.04800076804 3.4882756284597284e-08
21300.04800076804 3.1452375728914666e-08
21350.04800076804 3.1488235737527796e-08
21400.04800076804 2.9544217239564786e-08
21450.04800076804 2.669589179004548e-08
21500.04800076804 2.7476364136198617e-08
21550.04800076804 2.56769309508913e-08
21600.04800076804 2.3855754323065916e-08
21650.04800076804 2.119715027792669e-08
21700.04800076804 2.2503806945673804e-08
21750.04800076804 2.1447205469802638e-08
21800.04800076804 1.8930707106805443e-08
21850.04800076804 1.6651058730035648e-08
21900.04800076804 1.4700666121637784e-08
21950.04800076804 7.3914542550244934e-09
22000.04800076804 3.023384505923031e-09
22050.04800076804 2.870400559150641e-09
22100.04800076804 6.041123809035917e-09
22150.04800076804 6.991270272087346e-09
22200.04800076804 6.217048898387958e-09
22250.04800076804 6.023905944772884e-09
22300.04800076804 4.571546829160907e-09
22350.04800076804 4.631937779392826e-09
22400.04800076804 3.0995484070043078e-09
22450.04800076804 2.9434825300500363e-09
22500.04800076804 3.2319070977414687e-09
22550.04800076804 1.7334676052495569e-09
22600.04800076804 2.3868783023990953e-09
22650.04800076804 3.0978087557883466e-09
22700.04800076804 2.2191378338054894e-09
22750.04800076804 2.4984710625678657e-09
22800.04800076804 2.3949820688479494e-09
22850.04800076804 2.087959616920796e-09
22900.04800076804 1.5380126445606065e-09
22950.04800076804 1.4610209060929227e-09
23000.04800076804 1.5734994767597728e-09
23050.04800076804 1.8724276905157258e-09
23100.04800076804 4.273888585677903e-09
23150.04800076804 4.07081422390423e-09
23200.04800076804 8.825701291148787e-10
23250.04800076804 1.159164171969068e-09
23300.04800076804 1.3986255351314061e-09
23350.04800076804 1.0104581324715348e-09
23400.04800076804 1.7697250273655266e-09
23450.04800076804 1.3837698706661115e-09
23500.04800076804 1.3084845049319732e-09
23550.04800076804 2.050136869374601e-09
23600.04800076804 2.3552273703155438e-09
23650.04800076804 2.9574932123767905e-09
23700.04800076804 1.1689050117045903e-09
23750.04800076804 1.0205447654415832e-09
