galfind/configs/Brown_Dwarf_templates/sonora_cholla/logkzz7/178g/850K_178g_logkzz7_resample.dat
# %ECSV 1.0
# ---
# datatype:
# - {name: wav, unit: Angstrom, datatype: float64}
# - {name: flux_nu, unit: erg / (cm2 Hz s), datatype: float64}
# schema: astropy-2.0
wav flux_nu
10000.000000000093 nan
10050.000000000093 2.0253100036181576e-08
10100.000000000093 2.2398016945357314e-08
10150.000000000093 2.4345585168621345e-08
10200.000000000093 2.6327992460800392e-08
10250.000000000093 2.8284095126125238e-08
10300.000000000093 3.037942995741845e-08
10350.000000000093 3.232833477992565e-08
10400.000000000093 3.474885891037011e-08
10450.000000000093 3.654360490565163e-08
10500.000000000093 3.8298802005287114e-08
10550.000000000093 4.0183871402352204e-08
10600.000000000093 4.1135412425186204e-08
10650.000000000093 4.2427975844738504e-08
10700.000000000093 4.29356527247343e-08
10750.000000000093 4.393603255193803e-08
10800.000000000093 4.35194216477555e-08
10850.000000000093 4.294286456366081e-08
10900.000000000093 3.8435989882666095e-08
10950.000000000093 2.8570049339855846e-08
11000.000000000093 2.3322845927766483e-08
11050.000000000093 1.7795690099422593e-08
11100.000000000093 1.4454793580764785e-08
11150.000000000093 9.949900275050081e-09
11200.000000000093 9.809341744176562e-09
11250.000000000093 1.1877485386349456e-08
11300.000000000093 1.3108444300115203e-08
11350.000000000093 7.097609006860619e-09
11400.000000000093 1.578576213808164e-08
11450.000000000093 1.1955875054770501e-08
11500.000000000093 1.2740906040482009e-08
11550.000000000093 7.478024599716532e-09
11600.000000000093 7.525620579805671e-09
11650.000000000093 1.0826151065552349e-08
11700.000000000093 1.2486120333386638e-08
11750.000000000093 7.405108898001674e-09
11800.000000000093 1.6217922770341544e-08
11850.000000000093 2.2663358410216065e-08
11900.000000000093 2.6178709745897454e-08
11950.000000000093 3.445093472901771e-08
12000.000000000093 4.1870565552005464e-08
12050.000000000093 4.984811034373613e-08
12100.000000000093 5.754433363310519e-08
12150.000000000093 6.438788609943014e-08
12200.000000000093 7.162358474346624e-08
12250.000000000093 7.975232519150275e-08
12300.000000000093 8.745508276967268e-08
12350.000000000093 9.06213769517025e-08
12400.000000000093 1.009020386421201e-07
12450.000000000093 1.0926216625387894e-07
12500.000000000093 1.1439640646526996e-07
12550.000000000093 1.1915807889774401e-07
12600.000000000093 1.207385709273189e-07
12650.000000000093 1.2115937067126908e-07
12700.000000000093 1.2118108581345216e-07
12750.000000000093 1.1428962278249427e-07
12800.000000000093 1.1354298926475377e-07
12850.000000000093 1.0184976354790901e-07
12900.000000000093 9.26859968374634e-08
12950.000000000093 8.931650468167632e-08
13000.000000000093 9.092261564938048e-08
13050.000000000093 8.236249063013822e-08
13100.000000000093 8.182088679745746e-08
13150.000000000093 7.127097226822547e-08
13200.000000000093 7.066519455192623e-08
13250.000000000093 5.610330518960932e-08
13300.000000000093 3.1747256144653185e-08
13350.000000000093 1.1912573026030236e-08
13400.000000000093 5.434744674351719e-09
13450.000000000093 2.695448200160157e-09
13500.000000000093 1.3316346915718625e-09
13550.000000000093 8.946351182001243e-10
13600.000000000093 4.349178980560197e-10
13650.000000000093 1.571903707726845e-09
13700.000000000093 1.0663906933336748e-09
13750.000000000093 1.7101300500402762e-09
13800.000000000093 2.154176714124938e-09
13850.000000000093 1.3384905537133823e-09
13900.000000000093 1.4692601037465586e-09
13950.000000000093 1.3804766292202481e-09
14000.000000000093 1.3520369958378971e-09
14050.000000000093 1.8826910447481196e-09
14100.000000000093 1.4526576539846803e-09
14150.000000000093 2.341790927888009e-09
14200.000000000093 1.5822058353338625e-09
14250.000000000093 1.825922478918316e-09
14300.000000000093 3.687328132419895e-09
14350.000000000093 3.2948274499167003e-09
14400.000000000093 3.7174049130344167e-09
14450.000000000093 4.563778083342738e-09
14500.000000000093 9.16797469250009e-09
14550.000000000093 9.491390487114328e-09
14600.000000000093 1.379959380873119e-08
14650.000000000093 1.4079112588705723e-08
14700.000000000093 9.10774042662768e-09
14750.000000000093 1.3220364010571844e-08
14800.000000000093 1.7234144113570175e-08
14850.000000000093 1.7446019360553992e-08
14900.000000000093 1.9702529715328515e-08
14950.000000000093 2.3851040186410914e-08
15000.000000000093 2.8079884607204674e-08
15050.000000000093 3.302433629926039e-08
15100.000000000093 3.851574749050916e-08
15150.000000000093 4.0130504706488414e-08
15200.000000000093 4.070767287085718e-08
15250.000000000093 5.3685382598223726e-08
15300.000000000093 6.319124563374701e-08
15350.000000000093 7.66966322918087e-08
15400.000000000093 8.4784497609573e-08
15450.000000000093 9.477565311032646e-08
15500.000000000093 9.97956883686653e-08
15550.000000000093 1.1650891902394734e-07
15600.000000000093 1.1492315470928722e-07
15650.000000000093 1.1917431108663585e-07
15700.000000000093 1.3975724718856337e-07
15750.000000000093 1.5014225020358448e-07
15800.000000000093 1.4645624137185167e-07
15850.000000000093 1.5540454630756325e-07
15900.000000000093 1.4532998650688243e-07
15950.000000000093 1.4494434489549724e-07
16000.000000000093 1.272356770301797e-07
16050.000000000093 1.0136256683973865e-07
16100.000000000093 8.210755621295843e-08
16150.000000000093 5.7743260881359976e-08
16200.000000000093 3.9793917928806615e-08
16250.000000000093 3.8353171393164025e-08
16300.000000000093 3.0821760343119765e-08
16350.000000000093 3.456506960687132e-08
16400.000000000095 3.929307505216955e-08
16450.000000000095 4.2610761704626714e-08
16500.000000000095 4.512903945598799e-08
16550.000000000095 4.226841741596474e-08
16600.000000000095 4.555292566132413e-08
16650.000000000095 3.226441894321174e-08
16700.000000000095 1.3264752803629317e-08
16750.000000000095 2.256874097368345e-08
16800.000000000095 3.4250583450263474e-08
16850.000000000095 3.419451378302113e-08
16900.000000000095 2.709179379948612e-08
16950.000000000095 2.4039838225938674e-08
17000.000000000095 1.8851465444095533e-08
17050.000000000095 2.525987679608183e-08
17100.000000000095 3.029582282919767e-08
17150.000000000095 2.311981973250249e-08
17200.000000000095 3.621868503946536e-08
17250.000000000095 2.8023863108175894e-08
17300.000000000095 2.2581802359235576e-08
17350.000000000095 2.285120106871029e-08
17400.000000000095 2.4030261885314265e-08
17450.000000000095 2.6227322196206468e-08
17500.000000000095 3.040492588161063e-08
17550.000000000095 2.5372940700853625e-08
17600.000000000095 2.085881103077424e-08
17650.000000000095 1.9993376786415683e-08
17700.000000000095 1.5253786330606932e-08
17750.000000000095 1.2843052468386814e-08
17800.000000000095 1.7385236548181253e-08
17850.000000000095 1.101268514174576e-08
17900.000000000095 1.2038955757045361e-08
17950.000000000095 7.944261935644997e-09
18000.000000000095 1.0008837588102718e-08
18050.000000000095 8.56219195256454e-09
18100.000000000095 7.648697517455853e-09
18150.000000000095 1.1007356432289788e-08
18200.000000000095 5.945870121481115e-09
18250.000000000095 1.527310764659514e-08
18300.000000000095 7.3032866150834016e-09
18350.000000000095 6.222917739863423e-09
18400.000000000095 5.1303070018280176e-09
18450.000000000095 8.76922309046865e-09
18500.000000000095 9.265311200009066e-09
18550.000000000095 6.62862222937622e-09
18600.000000000095 6.368659619804964e-09
18650.000000000095 4.802677204008746e-09
18700.000000000095 3.748382108327561e-09
18750.000000000095 5.857958889736547e-09
18800.000000000095 1.4414250197540606e-08
18850.000000000095 1.4811875491591359e-08
18900.000000000095 1.2970788414905256e-08
18950.000000000095 2.1954757688353874e-08
19000.000000000095 1.194040846798727e-08
19050.000000000095 8.219578166753296e-09
19100.000000000095 1.6596429132196756e-08
19150.000000000095 1.0463824594937242e-08
19200.000000000095 1.4815600839255305e-08
19250.000000000095 1.1523853767337676e-08
19300.000000000095 9.126328138782274e-09
19350.000000000095 9.419266414186156e-09
19400.000000000095 5.8240649461748494e-09
19450.000000000095 1.1810399299959777e-08
19500.000000000095 1.067367048955061e-08
19550.000000000095 8.862706714494491e-09
19600.000000000095 1.2670570238387267e-08
19650.000000000095 1.4703451359011322e-08
19700.000000000095 1.4835028945415117e-08
19750.000000000095 1.7044778727166072e-08
19800.000000000095 1.9889273933526907e-08
19850.000000000095 2.4979950305075155e-08
19900.000000000095 2.007612849155031e-08
19950.000000000095 3.036993245613714e-08
20000.000000000095 2.9087080729245125e-08
20050.000000000095 3.061600741434128e-08
20100.000000000095 3.5075672279322294e-08
20150.000000000095 3.1795801669990066e-08
20200.000000000095 3.741678787452364e-08
20250.000000000095 4.405291410738029e-08
20300.000000000095 4.095399296392235e-08
20350.000000000095 4.738176412637547e-08
20400.000000000095 4.54896710997538e-08
20450.000000000095 5.463799367447295e-08
20500.000000000095 5.609976231144576e-08
20550.000000000095 5.482098929993135e-08
20600.000000000095 6.120802196406476e-08
20650.000000000095 5.8947375100460724e-08
20700.000000000095 5.861384246851364e-08
20750.000000000095 6.308418503457424e-08
20800.000000000095 6.085497009509515e-08
20850.000000000095 6.217090212597324e-08
20900.000000000095 6.36745208728518e-08
20950.000000000095 6.027858037199329e-08
21000.000000000095 6.172807815273525e-08
21050.000000000095 5.876257267221672e-08
21100.000000000095 5.7626261699260085e-08
21150.000000000095 5.764454302703426e-08
21200.000000000095 5.487348966237235e-08
21250.000000000095 5.456152748972234e-08
21300.000000000095 4.933136775064063e-08
21350.000000000095 4.9653276557996556e-08
21400.000000000095 4.636255399085532e-08
21450.000000000095 4.250817774185993e-08
21500.000000000095 4.370365703861716e-08
21550.000000000095 4.094432954809334e-08
21600.000000000095 3.838410825599916e-08
21650.000000000095 3.435844945676431e-08
21700.000000000095 3.6333982980903765e-08
21750.000000000095 3.42632630926982e-08
21800.000000000095 3.047279753656209e-08
21850.000000000095 2.6901709801763184e-08
21900.000000000095 2.403885980362684e-08
21950.000000000095 1.2835847467088435e-08
22000.000000000095 5.943304133177808e-09
22050.000000000095 5.240134760967885e-09
22100.000000000095 1.017246725586884e-08
22150.000000000095 1.1944799823026544e-08
22200.000000000095 1.0876223413588095e-08
22250.000000000095 1.0410044230487475e-08
22300.000000000095 8.46030576002148e-09
22350.000000000095 8.272895067502207e-09
22400.000000000095 5.8772982656573124e-09
22450.000000000095 5.495142372256671e-09
22500.000000000095 6.045427416957219e-09
22550.000000000095 3.364797782611644e-09
22600.000000000095 4.559065626402304e-09
22650.000000000095 5.568833609423018e-09
22700.000000000095 4.298390042579179e-09
22750.000000000095 4.7786518774011966e-09
22800.000000000095 4.447525970586822e-09
22850.000000000095 3.893220545729677e-09
22900.000000000095 3.0455988361659282e-09
22950.000000000095 2.9821912463345985e-09
23000.000000000095 2.885336423502885e-09
23050.000000000095 3.5895548570678528e-09
23100.000000000095 7.291755621627068e-09
23150.000000000095 6.92303911197317e-09
23200.000000000095 1.8287766365719661e-09
23250.000000000095 2.246966059597744e-09
23300.000000000095 2.5776462889280607e-09
23350.000000000095 1.9641085548455547e-09
23400.000000000095 3.2482365109699622e-09
23450.000000000095 2.676203759087972e-09
23500.000000000095 2.53565302505841e-09
23550.000000000095 3.854478827120982e-09
23600.000000000095 4.2899026747489795e-09
23650.000000000095 5.2860074849828835e-09
23700.000000000095 2.307045654470266e-09
23750.000000000095 2.0204460231096313e-09
23800.000000000095 3.876635280763412e-09
23850.000000000095 3.4311702999812854e-09
23900.000000000095 5.939899117639083e-09
23950.000000000095 5.6835476745880094e-09
24000.000000000095 7.895781189704553e-09
24050.000000000095 9.010921469447542e-09
24100.000000000095 7.255915748754374e-09
24150.000000000095 8.184149628486911e-09
24200.000000000095 8.570701574926904e-09
24250.000000000095 6.9509161984102336e-09
24300.000000000095 9.529874182807011e-09
24350.000000000095 7.481283701274762e-09
24400.000000000095 1.3298700070884911e-08
24450.000000000095 1.0810555445441943e-08
24500.000000000095 1.2219628348177631e-08
24550.000000000095 1.356733430762144e-08
24600.000000000095 1.5631051709315666e-08
24650.000000000095 1.7581012872645765e-08
24700.000000000095 1.3015936486167444e-08
24750.000000000095 1.2948063175200707e-08
24800.000000000095 1.3091341099452535e-08
24850.000000000095 1.9779932164066802e-08
24900.000000000095 9.043110455721757e-09
24950.000000000095 1.5482791368378153e-08
25000.000000000095 1.5639213607074e-08
25050.000000000095 9.804086556908511e-09
25100.000000000095 1.3633834509998036e-08
25150.000000000095 7.70466192021307e-09
25200.000000000095 1.1036062492735212e-08
25250.000000000095 5.5770531010550635e-09
25300.000000000095 8.785248403872865e-09
25350.000000000095 4.157500402137787e-09
25400.000000000095 8.937668345490772e-09
25450.000000000095 4.652211096143148e-09
25500.000000000095 4.275114110384464e-09
25550.000000000095 6.51770889889554e-09
25600.000000000095 4.018865225673857e-09
25650.000000000095 2.8555163896969937e-09
25700.000000000095 5.640651878431898e-09
25750.000000000095 2.3324477824260345e-09
25800.000000000095 6.520080587284039e-09
25850.000000000095 2.1883231583786385e-09
25900.000000000095 3.3167815021992924e-09
25950.000000000095 1.6401049057224666e-09
26000.000000000095 6.158219293886195e-09
26050.000000000095 2.380094763483484e-09
26100.000000000095 6.15017546121208e-09
26150.000000000095 4.1480270377780306e-09
26200.000000000095 4.679018772076531e-09
26250.000000000095 1.0961687506604253e-08
26300.000000000095 5.214412547015086e-09
26350.000000000095 1.2347151675574003e-08
26400.000000000095 1.5237823681205724e-08
26450.000000000095 1.4026365752810698e-08
26500.000000000095 1.486594973156994e-08
26550.000000000095 7.065094430222905e-09
26600.000000000095 7.823982729143448e-09
26650.000000000095 2.8908693991841755e-09
26700.000000000095 1.6328148979412634e-09
26750.000000000095 1.9608667869269538e-09
26800.000000000095 3.3039214262286994e-09
26850.000000000095 1.9343341721419247e-09
26900.000000000095 5.584186868175143e-09
26950.000000000095 2.452547229140242e-09
27000.000000000095 7.683203903537569e-09
27050.000000000095 7.325028630760976e-09
27100.000000000095 3.6611574292915534e-09
27150.000000000095 9.91643025195067e-09
27200.000000000095 3.5084171047050113e-09
27250.000000000095 5.926983540039998e-09
27300.000000000095 2.0489047183612133e-08
27350.000000000095 1.1460152588738247e-08
27400.000000000095 1.8523079233258954e-09
27450.000000000095 1.4416214195824993e-08
27500.000000000095 1.7194993031446006e-08
27550.000000000095 5.183114369549992e-09
27600.000000000095 1.0764304049473819e-08
27650.000000000095 4.123371791535723e-09
27700.000000000095 3.312027483147696e-09
27750.000000000095 1.1694384714000208e-08
27800.000000000095 4.9798536043410234e-09
27850.000000000095 5.988114725030881e-09
27900.000000000095 8.130739083965168e-09
27950.000000000095 1.3222798910641616e-08
28000.000000000095 1.126598572168424e-08
28050.000000000095 3.568348798561399e-09
28100.000000000095 1.6380134422478327e-08
28150.000000000095 1.0277859081906166e-08
28200.000000000095 3.63147122149373e-09
28250.000000000095 1.7351898911583154e-08
28300.000000000095 2.3752873643009604e-08
28350.000000000095 5.1242004148649835e-09
28400.000000000095 1.3728357148610326e-08
28450.000000000095 2.0555314882862856e-08
28500.000000000095 1.3191631282020111e-08
28550.000000000095 4.44258441083736e-09
28600.000000000095 1.943851021248859e-08
28650.000000000095 1.8118672033112953e-08
28700.000000000095 1.529974999426975e-08
28750.000000000095 2.5095447200514587e-08
28800.000000000095 2.1484083383526396e-08
28850.000000000095 2.657586265891602e-08
28900.000000000095 1.1541843560457344e-08
28950.000000000095 3.322248572643929e-08
29000.000000000095 2.0698335850085024e-08
29050.000000000095 2.535443896441621e-08
29100.000000000095 1.6044075592695207e-08
29150.000000000095 3.7109559383770645e-08
29200.000000000095 2.2545418047096466e-08
29250.000000000095 3.308438941267778e-08
