galfind/configs/Brown_Dwarf_templates/sonora_cholla/logkzz7/178g/850K_178g_logkzz7_resample.dat
# %ECSV 1.0
# ---
# datatype:
# - {name: wav, unit: Angstrom, datatype: float64}
# - {name: flux_nu, unit: erg / (cm2 Hz s), datatype: float64}
# schema: astropy-2.0
wav flux_nu
[from data line 387]
29350.000000000095 7.301862061995916e-08
29400.000000000095 2.773167777840265e-08
29450.000000000095 3.264354041734719e-08
29500.000000000095 4.052656689576067e-08
29550.000000000095 2.9880695326208316e-08
29600.000000000095 4.304361420148168e-08
29650.000000000095 4.28534402508263e-08
29700.000000000095 2.772848772078867e-08
29750.000000000095 4.132294836359023e-08
29800.000000000095 4.584168401933187e-08
29850.000000000095 5.6063386776216885e-08
29900.000000000095 5.589074090777608e-08
29950.000000000095 4.3933252902710376e-08
30000.000000000095 2.9509230593432104e-08
30050.000000000095 3.072616820687858e-08
30100.000000000095 4.292699409850632e-08
30150.000000000095 5.913492994239825e-08
30200.000000000095 4.0413403207526644e-08
30250.000000000095 7.241734313760899e-08
30300.000000000095 5.995855080160035e-08
30350.000000000095 4.794635605792604e-08
30400.000000000095 6.64614854253144e-08
30450.000000000095 4.8306910912937836e-08
30500.000000000095 4.511381428082161e-08
30550.000000000095 4.367988930335436e-08
30600.000000000095 6.294787919990765e-08
30650.000000000095 5.0294833772988806e-08
30700.000000000095 4.3719696705869255e-08
30750.000000000095 4.540322390482383e-08
30800.000000000095 3.689205313208021e-08
30850.000000000095 4.111221759306209e-08
30900.000000000095 3.9702629069055876e-08
30950.000000000095 2.3729906858040787e-08
31000.000000000095 3.305811817635374e-08
31050.000000000095 3.338456998010942e-08
31100.000000000095 2.177533943029021e-08
31150.000000000095 2.810905925862437e-08
31200.000000000095 3.27191911670282e-08
31250.000000000095 2.222694725992581e-08
31300.000000000095 2.1060389403085827e-08
31350.000000000095 2.1436458118723097e-08
31400.000000000095 1.3755121306364573e-08
31450.000000000095 2.1244517446592914e-08
31500.000000000095 1.2995382221052894e-08
31550.000000000095 1.6721978569086744e-08
31600.000000000095 1.0964201200214115e-08
31650.000000000095 1.1114539660145179e-08
31700.000000000095 1.3586989745897663e-08
31750.000000000095 7.469582888189764e-09
31800.000000000095 1.2895751100388305e-08
31850.000000000095 8.092754289014728e-09
31900.000000000095 1.0119567172285244e-08
31950.000000000095 8.069940610710513e-09
32000.000000000095 8.55782377492825e-09
32050.000000000095 6.907210336692066e-09
32100.000000000095 6.1460754999953415e-09
32150.000000000095 8.355400683259944e-09
32200.000000000095 5.443511954924148e-09
32250.000000000095 1.100384925092862e-08
32300.000000000095 4.4724871154981114e-09
32350.000000000095 1.25073428839283e-08
32400.000000000095 6.258686890375995e-09
32450.000000000095 1.0004764239155122e-08
32500.000000000095 7.3144375033881705e-09
32550.000000000095 1.0235312313510193e-08
32600.000000000095 9.871790598255976e-09
32650.000000000095 1.44176224545734e-08
32700.000000000095 1.1323059588118651e-08
32750.000000000095 1.848289322834402e-08
32800.000000000095 1.4153721211840498e-08
32850.000000000095 2.183794511188189e-08
32900.000000000095 2.217978812356021e-08
32950.000000000095 2.3848802180521217e-08
33000.000000000095 1.74557576936469e-08
33050.000000000095 1.9079696373372317e-08
33100.000000000095 8.33122698798695e-09
33150.000000000095 5.433730828761215e-10
33200.000000000095 1.048207330483165e-09
33250.000000000095 6.611345330523142e-10
33300.000000000095 1.1236333975267738e-09
33350.000000000095 3.0031587538348497e-09
33400.000000000095 5.367260815726381e-09
33450.000000000095 6.709422693449207e-09
33500.000000000095 1.1651772532625741e-08
33550.000000000095 9.142805174818214e-09
33600.000000000095 1.4504649673435044e-08
33650.000000000095 1.3127663491874183e-08
33700.000000000095 1.0545728716743759e-08
33750.000000000095 1.7500869960506173e-08
33800.000000000095 8.22899608557269e-09
33850.000000000095 1.3591818357676882e-08
33900.000000000095 1.2891037315284701e-08
33950.000000000095 1.3663605609777979e-08
34000.000000000095 1.7468855032020098e-08
34050.000000000095 6.449924833531923e-09
34100.000000000095 1.547235582903631e-08
34150.000000000095 9.81756807302428e-09
34200.000000000095 1.4445231821534369e-08
34250.000000000095 1.152292171143948e-08
34300.000000000095 9.94817458356853e-09
34350.000000000095 1.5667228244024958e-08
34400.000000000095 1.0210879024726831e-08
34450.000000000095 1.7736555746697582e-08
34500.000000000095 1.1759940536041098e-08
34550.000000000095 8.459307309981863e-09
34600.000000000095 1.8633188808558152e-08
34650.000000000095 8.67231329038571e-09
34700.000000000095 1.2160776398655152e-08
34750.000000000095 1.1798349972824905e-08
34800.000000000095 8.15358822449366e-09
34850.000000000095 1.5464946989263655e-08
34900.000000000095 1.5024566215596247e-08
34950.000000000095 1.4224010303449752e-08
35000.000000000095 2.1194232215134076e-08
35050.000000000095 1.4293339561515687e-08
35100.000000000095 2.2959762488242836e-08
35150.000000000095 2.0569653523031853e-08
35200.000000000095 2.569258051383215e-08
35250.000000000095 2.75301556802075e-08
35300.000000000095 1.7720595842220014e-08
35350.000000000095 2.704883163247069e-08
35400.000000000095 2.5487612182599897e-08
35450.000000000095 2.1313459051632145e-08
35500.000000000095 4.191077035407844e-08
35550.000000000095 3.00139100523043e-08
35600.000000000095 3.355950877042323e-08
35650.000000000095 3.4188872760276076e-08
35700.000000000095 2.364333150517702e-08
35750.000000000095 4.690621817761416e-08
35800.000000000095 3.643690745249184e-08
35850.000000000095 2.499007757923441e-08
35900.000000000095 4.011226156301966e-08
35950.000000000095 4.001220600911785e-08
36000.000000000095 2.5892400095975893e-08
36050.000000000095 3.886024267659612e-08
36100.000000000095 3.599153346991258e-08
36150.000000000095 4.5727019707558774e-08
36200.000000000095 4.2722576168345345e-08
36250.000000000095 4.791349013481001e-08
36300.000000000095 5.354705613735754e-08
36350.000000000095 4.952605126418043e-08
36400.000000000095 6.932100773255318e-08
36450.000000000095 6.183665447274172e-08
36500.000000000095 6.348878286193404e-08
36550.000000000095 7.65917839329815e-08
36600.000000000095 8.649156114942201e-08
36650.000000000095 8.140470349803272e-08
36700.000000000095 9.101718566981283e-08
36750.000000000095 9.395983188455366e-08
36800.000000000095 9.104813969858208e-08
36850.000000000095 7.726764080010377e-08
36900.000000000095 8.866120797922758e-08
36950.000000000095 9.488150714289987e-08
37000.000000000095 9.038616217026977e-08
37050.000000000095 1.0179068863664179e-07
37100.000000000095 1.0725089999768434e-07
37150.000000000095 1.0977949494277165e-07
37200.000000000095 1.120884075634589e-07
37250.000000000095 9.443700715448117e-08
37300.000000000095 9.60440105139614e-08
37350.000000000095 1.195088844823263e-07
37400.000000000095 1.362565016627693e-07
37450.000000000095 1.1445214624383561e-07
37500.000000000095 1.0046852817101968e-07
37550.000000000095 1.4860334142668458e-07
37600.000000000095 1.7243051839680126e-07
37650.000000000095 1.1861284527224013e-07
37700.000000000095 1.4686651644009442e-07
37750.000000000095 1.117466393472878e-07
37800.000000000095 1.2663143099060732e-07
37850.000000000095 9.852444699425695e-08
37900.000000000095 1.186501312723259e-07
37950.000000000095 1.446390561282301e-07
38000.000000000095 1.7554926507440177e-07
38050.000000000095 1.5925393664321835e-07
38100.000000000095 1.7323389335089066e-07
38150.000000000095 1.7459407122059398e-07
38200.000000000095 1.8635136244044034e-07
38250.000000000095 1.792317634301713e-07
38300.000000000095 2.3340241009757483e-07
38350.000000000095 2.2455655667917102e-07
38400.000000000095 1.5352641708196912e-07
38450.000000000095 1.5741908062826788e-07
38500.000000000095 1.1922769767836463e-07
38550.000000000095 1.610836362693353e-07
38600.000000000095 1.699269524930487e-07
38650.000000000095 2.2085531275226078e-07
38700.000000000095 2.1323314841376903e-07
38750.000000000095 2.1009550439628045e-07
38800.000000000095 1.7064601826658453e-07
38850.000000000095 2.3135988116824964e-07
38900.000000000095 2.391397436126729e-07
38950.000000000095 1.9577576411210797e-07
39000.000000000095 2.5787603408870356e-07
39050.000000000095 2.1217477265804735e-07
39100.000000000095 2.3385962175999672e-07
39150.000000000095 2.232508583363752e-07
39200.000000000095 2.0585611614343363e-07
39250.000000000095 2.5876722623139974e-07
39300.000000000095 2.456569346390535e-07
39350.000000000095 3.090768399660083e-07
39400.000000000095 2.755685181636976e-07
39450.000000000095 2.8329617047507905e-07
39500.000000000095 2.6203864896714773e-07
39550.000000000095 2.5639982322513266e-07
39600.000000000095 2.7874080459475485e-07
39650.000000000095 3.359093648323003e-07
39700.000000000095 2.757016641476269e-07
39750.000000000095 2.114586389668531e-07
39800.000000000095 2.6435641413774024e-07
39850.000000000095 3.160148340173975e-07
39900.000000000095 3.2448516615865314e-07
39950.000000000095 2.924951144311363e-07
40000.000000000095 3.408069267500187e-07
40050.000000000095 3.239111445235524e-07
40100.000000000095 2.497711760274057e-07
40150.000000000095 3.599631295303069e-07
40200.000000000095 3.461199547277606e-07
40250.000000000095 3.4087323655238284e-07
40300.000000000095 3.599930076574444e-07
40350.000000000095 2.8441602071908774e-07
40400.000000000095 3.559425334465525e-07
40450.000000000095 3.1016543630595687e-07
40500.000000000095 3.4981831046204483e-07
40550.000000000095 3.598679533895724e-07
40600.000000000095 3.3831129934547755e-07
40650.000000000095 3.5271874918586853e-07
40700.000000000095 4.4961951868589893e-07
40750.000000000095 3.810588046625481e-07
40800.000000000095 3.035821140101841e-07
40850.000000000095 4.141229994892404e-07
40900.000000000095 3.866234142288362e-07
40950.000000000095 3.414457711889006e-07
41000.000000000095 3.6493474163409947e-07
41050.000000000095 4.2729892555668423e-07
41100.000000000095 3.0531809388275503e-07
41150.000000000095 2.878021093056072e-07
41200.000000000095 4.3240342676447484e-07
41250.000000000095 3.931564133868255e-07
41300.000000000095 3.215544158264808e-07
41350.000000000095 4.4338783028762694e-07
41400.000000000095 3.8957012717605135e-07
41450.000000000095 4.2162208147189345e-07
41500.000000000095 3.522575708871742e-07
41550.000000000095 3.2534118070764067e-07
41600.000000000095 3.955713215425672e-07
41650.000000000095 3.957709894531685e-07
41700.000000000095 3.598770680736747e-07
41750.000000000095 3.389923677680315e-07
41800.000000000095 4.3505045834729223e-07
41850.000000000095 2.5885961884220493e-07
41900.000000000095 3.2152001049913997e-07
41950.000000000095 3.321113036364704e-07
42000.000000000095 3.671629777070119e-07
42050.000000000095 3.0493842378985687e-07
42100.000000000095 3.520446936643736e-07
42150.000000000095 2.551288585781491e-07
42200.000000000095 2.971262213263785e-07
42250.000000000095 2.685975672750805e-07
42300.000000000095 2.553459622695478e-07
42350.000000000095 2.864456348331476e-07
42400.000000000095 2.4391221412966354e-07
42450.000000000095 2.1557167437836067e-07
42500.000000000095 2.56015490086493e-07
42550.000000000095 2.2906512882466464e-07
42600.000000000095 2.7952598002726884e-07
42650.000000000095 3.3974979411925234e-07
42700.000000000095 2.461770780268724e-07
42750.000000000095 2.5674554310542304e-07
42800.000000000095 2.23690120818526e-07
42850.000000000095 2.9666883276406895e-07
42900.000000000095 2.964790301190186e-07
42950.000000000095 2.2561141894687373e-07
43000.000000000095 2.9800100451532853e-07
43050.000000000095 1.615809001690292e-07
43100.000000000095 2.479003841300362e-07
43150.000000000095 2.737483472812498e-07
43200.000000000095 2.8170248214312897e-07
43250.000000000095 2.948095465509926e-07
43300.000000000095 3.5762626182421006e-07
43350.000000000095 2.2709718792315824e-07
43400.000000000095 2.9189150323222917e-07
43450.000000000095 2.070200379220566e-07
43500.000000000095 2.2923100534624596e-07
43550.000000000095 2.1623342891421417e-07
43600.000000000095 2.8907646616684583e-07
43650.000000000095 1.734101990420009e-07
43700.000000000095 2.960045207608307e-07
43750.000000000095 2.998294927879913e-07
43800.000000000095 2.2393545091182813e-07
43850.000000000095 2.3627921461927056e-07
43900.000000000095 1.9914954638086418e-07
43950.000000000095 1.706452524735251e-07
44000.000000000095 1.1929811652337235e-07
44050.000000000095 1.818550328557944e-07
44100.000000000095 1.9410645622405548e-07
44150.000000000095 1.8723045749756132e-07
44200.000000000095 1.6239471944458592e-07
44250.000000000095 1.3771215828330957e-07
44300.000000000095 1.2536542161946447e-07
44350.000000000095 1.0574180911117116e-07
44400.000000000095 1.0631311434179232e-07
44450.000000000095 1.0708519647589267e-07
44500.000000000095 8.360327469254901e-08
44550.000000000095 9.186984771482445e-08
44600.000000000095 7.307708224788614e-08
44650.000000000095 8.199330752669381e-08
44700.000000000095 7.416068954551359e-08
44750.000000000095 7.531819784197938e-08
44800.000000000095 6.699696127169539e-08
44850.000000000095 6.081814272017057e-08
44900.000000000095 4.8940730541627126e-08
44950.000000000095 4.540695062546906e-08
45000.000000000095 4.544144052644077e-08
45050.000000000095 4.790905981706753e-08
45100.000000000095 4.4787102831920505e-08
45150.000000000095 3.912766307261485e-08
45200.000000000095 2.922891311158349e-08
45250.000000000095 3.133668487435908e-08
45300.000000000095 3.733335596815418e-08
45350.000000000095 3.5217988731957494e-08
45400.000000000095 2.62944586155315e-08
45450.000000000095 2.483122365704089e-08
45500.000000000095 2.7669645932882064e-08
45550.000000000095 3.3111810349014623e-08
45600.000000000095 2.3347034456104837e-08
45650.000000000095 2.3409505376358818e-08
45700.000000000095 3.254961537931618e-08
45750.000000000095 2.576999732346435e-08
45800.000000000095 2.005826673011664e-08
45850.000000000095 3.2382684945152765e-08
45900.000000000095 3.1135912571812646e-08
45950.000000000095 2.0146809042920794e-08
46000.000000000095 2.9378762080922333e-08
46050.000000000095 3.3056602427236975e-08
46100.000000000095 2.0529745002161675e-08
46150.000000000095 3.422362644301127e-08
46200.000000000095 3.382467591675327e-08
46250.000000000095 1.5727817289793455e-08
46300.000000000095 4.001066093350023e-08
46350.000000000095 2.7324723004963275e-08
46400.000000000095 3.2512528735093324e-08
46450.000000000095 4.8720363107662456e-08
46500.000000000095 3.240698460414163e-08
46550.000000000095 5.7233877555938824e-08
46600.000000000095 5.727158948001841e-08
46650.000000000095 1.000869337766679e-07
46700.000000000095 7.072611729494472e-08
46750.000000000095 4.7999633516732236e-08
46800.000000000095 3.796328505213225e-08
46850.000000000095 4.6413750647237576e-08
46900.000000000095 3.9285269318432806e-08
46950.000000000095 6.149275053582686e-08
47000.000000000095 2.7782720670640366e-08
47050.000000000095 6.059488567912536e-08
47100.000000000095 2.5599644529352572e-08
47150.000000000095 3.643859098214561e-08
47200.000000000095 3.9406073415652066e-08
47250.000000000095 2.6787212844615517e-08
47300.000000000095 3.627837536609802e-08
47350.000000000095 2.3273382466722567e-08
47400.000000000095 4.7768424790246427e-08
47450.000000000095 2.2587603666095277e-08
47500.000000000095 5.35782693616878e-08
47550.000000000095 2.4682161363078338e-08
47600.000000000095 5.1707442387462274e-08
47650.000000000095 2.703978286421767e-08
47700.000000000095 4.86542078927771e-08
47750.000000000095 2.532207536761246e-08
47800.000000000095 4.914420805826961e-08
47850.000000000095 2.4415978959902617e-08
47900.000000000095 4.3289804395427554e-08
47950.000000000095 3.124711227918782e-08
48000.000000000095 6.05247721084884e-08
48050.000000000095 3.813445314369889e-08
48100.000000000095 5.836108679076269e-08
48150.000000000095 3.995453240138064e-08
48200.000000000095 6.297728117695983e-08
48250.000000000095 4.386987250040566e-08
48300.000000000095 7.670329564305495e-08
48350.000000000095 4.262273199047622e-08
48400.000000000095 5.875902860737674e-08
48450.000000000095 3.792118416603458e-08
48500.000000000095 7.673120974616214e-08
48550.000000000095 3.711037875594809e-08
48600.000000000095 7.497156918298731e-08
