galfind/configs/Brown_Dwarf_templates/sonora_cholla/logkzz7/178g/900K_178g_logkzz7_resample.dat
# %ECSV 1.0
# ---
# datatype:
# - {name: wav, unit: Angstrom, datatype: float64}
# - {name: flux_nu, unit: erg / (cm2 Hz s), datatype: float64}
# schema: astropy-2.0
wav flux_nu
[from data line 388]
29400.000000000095 3.755318949856533e-08
29450.000000000095 4.2845016015055484e-08
29500.000000000095 5.12267758428927e-08
29550.000000000095 3.924133955682339e-08
29600.000000000095 5.735125186417852e-08
29650.000000000095 5.424506245073926e-08
29700.000000000095 3.7861167906336425e-08
29750.000000000095 5.447774873699318e-08
29800.000000000095 6.094380772707279e-08
29850.000000000095 7.12865221514986e-08
29900.000000000095 7.105415006453374e-08
29950.000000000095 5.683292861525199e-08
30000.000000000095 4.1466472447174826e-08
30050.000000000095 4.112863574775446e-08
30100.000000000095 5.6917729332933483e-08
30150.000000000095 7.557591494475726e-08
30200.000000000095 5.377163538574406e-08
30250.000000000095 9.189383138823206e-08
30300.000000000095 7.666475776769374e-08
30350.000000000095 6.229141739009081e-08
30400.000000000095 8.760217500505793e-08
30450.000000000095 6.241246418194284e-08
30500.000000000095 5.9223157585098736e-08
30550.000000000095 5.992324690666067e-08
30600.000000000095 8.124779778352553e-08
30650.000000000095 7.020101058644737e-08
30700.000000000095 5.976889516252099e-08
30750.000000000095 6.024023728682291e-08
30800.000000000095 5.239829753644619e-08
30850.000000000095 5.548771248492144e-08
30900.000000000095 5.509244284136566e-08
30950.000000000095 3.2797853242901424e-08
31000.000000000095 4.565133823917844e-08
31050.000000000095 4.6535597859928264e-08
31100.000000000095 3.059439833980887e-08
31150.000000000095 3.9062214743240857e-08
31200.000000000095 4.4924233623125284e-08
31250.000000000095 3.2040742339754146e-08
31300.000000000095 3.0571560899795115e-08
31350.000000000095 3.041024145894863e-08
31400.000000000095 2.0291702622772178e-08
31450.000000000095 3.0333642017280045e-08
31500.000000000095 1.9830879675970463e-08
31550.000000000095 2.5059206127595083e-08
31600.000000000095 1.6870885341269474e-08
31650.000000000095 1.7256991198775628e-08
31700.000000000095 2.054512787154075e-08
31750.000000000095 1.2413022167053608e-08
31800.000000000095 1.9498084410845245e-08
31850.000000000095 1.343472899095489e-08
31900.000000000095 1.5750273774629788e-08
31950.000000000095 1.331664601169631e-08
32000.000000000095 1.367607041069989e-08
32050.000000000095 1.1374349908014853e-08
32100.000000000095 1.0243532545562194e-08
32150.000000000095 1.3714583216198584e-08
32200.000000000095 9.317939245523139e-09
32250.000000000095 1.711977764412549e-08
32300.000000000095 7.726375430544507e-09
32350.000000000095 2.009693504977828e-08
32400.000000000095 1.1036577780911477e-08
32450.000000000095 1.6765892981322134e-08
32500.000000000095 1.2556261262515224e-08
32550.000000000095 1.6939739312852173e-08
32600.000000000095 1.710357800840554e-08
32650.000000000095 2.323831773464699e-08
32700.000000000095 1.872726477271656e-08
32750.000000000095 2.8966284882209002e-08
32800.000000000095 2.2289725593956547e-08
32850.000000000095 3.293532112105088e-08
32900.000000000095 3.437934208840914e-08
32950.000000000095 3.5808129068021103e-08
33000.000000000095 2.7542523617023944e-08
33050.000000000095 2.973864950994557e-08
33100.000000000095 1.3810410419012134e-08
33150.000000000095 1.3188600947299793e-09
33200.000000000095 2.1208842893498668e-09
33250.000000000095 1.3081641542092875e-09
33300.000000000095 1.994088438688586e-09
33350.000000000095 4.883798593225123e-09
33400.000000000095 8.283284091124106e-09
33450.000000000095 1.0600094839343057e-08
33500.000000000095 1.7279397879204823e-08
33550.000000000095 1.430760854348082e-08
33600.000000000095 2.2615277854027262e-08
33650.000000000095 2.1248430162259895e-08
33700.000000000095 1.7386655340084206e-08
33750.000000000095 2.736281161962489e-08
33800.000000000095 1.4388086978285972e-08
33850.000000000095 2.2394078458138466e-08
33900.000000000095 2.0764205866931514e-08
33950.000000000095 2.26058765216123e-08
34000.000000000095 2.6984575004252105e-08
34050.000000000095 1.0881009332266183e-08
34100.000000000095 2.436590574893459e-08
34150.000000000095 1.6093265063649248e-08
34200.000000000095 2.289784833195871e-08
34250.000000000095 1.8659344519372117e-08
34300.000000000095 1.571203076469791e-08
34350.000000000095 2.3880731752130996e-08
34400.000000000095 1.665581331112262e-08
34450.000000000095 2.7461844238248806e-08
34500.000000000095 1.961781500546934e-08
34550.000000000095 1.3852254272480319e-08
34600.000000000095 2.828699436946918e-08
34650.000000000095 1.4425671485819422e-08
34700.000000000095 1.9298216251388312e-08
34750.000000000095 1.8999922296080512e-08
34800.000000000095 1.27212333528622e-08
34850.000000000095 2.358502044857409e-08
34900.000000000095 2.420603736147539e-08
34950.000000000095 2.22199291356902e-08
35000.000000000095 3.160335935349706e-08
35050.000000000095 2.212078248943341e-08
35100.000000000095 3.394057607493383e-08
35150.000000000095 3.07769766335821e-08
35200.000000000095 3.8706261821213646e-08
35250.000000000095 4.188429298526084e-08
35300.000000000095 2.6722625054000647e-08
35350.000000000095 4.010416021488707e-08
35400.000000000095 3.8807777664102614e-08
35450.000000000095 3.2127787373234186e-08
35500.000000000095 6.021600512476998e-08
35550.000000000095 4.588218249617047e-08
35600.000000000095 4.9735641136425745e-08
35650.000000000095 5.09249787480398e-08
35700.000000000095 3.4932563262810046e-08
35750.000000000095 6.610701419096343e-08
35800.000000000095 5.479344514240228e-08
35850.000000000095 3.839366933868431e-08
35900.000000000095 6.059241766673894e-08
35950.000000000095 6.21047012481914e-08
36000.000000000095 4.2580052891684016e-08
36050.000000000095 5.978007764409481e-08
36100.000000000095 5.561395054603095e-08
36150.000000000095 6.823350825423304e-08
36200.000000000095 6.499904707452934e-08
36250.000000000095 7.116232396977881e-08
36300.000000000095 7.927275106681189e-08
36350.000000000095 7.865895559144532e-08
36400.000000000095 1.0153273122429437e-07
36450.000000000095 9.666990370871163e-08
36500.000000000095 9.429567287162122e-08
36550.000000000095 1.1191928978309363e-07
36600.000000000095 1.2937740685389992e-07
36650.000000000095 1.298963229342412e-07
36700.000000000095 1.3219208832563935e-07
36750.000000000095 1.47783806131394e-07
36800.000000000095 1.3334006234119614e-07
36850.000000000095 1.1786324107254264e-07
36900.000000000095 1.315996346204458e-07
36950.000000000095 1.4474507414511013e-07
37000.000000000095 1.3258478991059562e-07
37050.000000000095 1.522061255714238e-07
37100.000000000095 1.558545214236309e-07
37150.000000000095 1.5892353801856878e-07
37200.000000000095 1.6602221162442049e-07
37250.000000000095 1.406563001255581e-07
37300.000000000095 1.4514378968270024e-07
37350.000000000095 1.7100035822012188e-07
37400.000000000095 2.045082706508715e-07
37450.000000000095 1.7027450928972495e-07
37500.000000000095 1.5088282382550233e-07
37550.000000000095 2.279513914137475e-07
37600.000000000095 2.4111343791679494e-07
37650.000000000095 1.7439622518444274e-07
37700.000000000095 2.0993708180288941e-07
37750.000000000095 1.6238002743511793e-07
37800.000000000095 1.897345672080503e-07
37850.000000000095 1.5075479529140038e-07
37900.000000000095 1.7886436718867406e-07
37950.000000000095 2.141239296469044e-07
38000.000000000095 2.5043331160381706e-07
38050.000000000095 2.2104749968650527e-07
38100.000000000095 2.446603948626672e-07
38150.000000000095 2.4678525825062096e-07
38200.000000000095 2.578391121983592e-07
38250.000000000095 2.454202433732353e-07
38300.000000000095 3.1148004327341147e-07
38350.000000000095 3.1149134518419753e-07
38400.000000000095 2.1704701913764139e-07
38450.000000000095 2.3226526957862673e-07
38500.000000000095 1.8484876469076956e-07
38550.000000000095 2.394299417888817e-07
38600.000000000095 2.4958501354167277e-07
38650.000000000095 3.032644913661629e-07
38700.000000000095 2.990642575979494e-07
38750.000000000095 2.9833714058594056e-07
38800.000000000095 2.5143993075843716e-07
38850.000000000095 3.2200831933442163e-07
38900.000000000095 3.2498217273079057e-07
38950.000000000095 2.80752854644484e-07
39000.000000000095 3.5116021500123324e-07
39050.000000000095 3.0191082523792537e-07
39100.000000000095 3.1447405778167867e-07
39150.000000000095 3.129886412755103e-07
39200.000000000095 2.9442889381839813e-07
39250.000000000095 3.6000850524935653e-07
39300.000000000095 3.3754765362145575e-07
39350.000000000095 4.076113091928339e-07
39400.000000000095 3.774004901719237e-07
39450.000000000095 3.8419704849097174e-07
39500.000000000095 3.543458374590317e-07
39550.000000000095 3.5892364900764827e-07
39600.000000000095 3.734095846780711e-07
39650.000000000095 4.5076819355165145e-07
39700.000000000095 3.789610567584771e-07
39750.000000000095 3.010175113024041e-07
39800.000000000095 3.8465015253518635e-07
39850.000000000095 4.2803313604289877e-07
39900.000000000095 4.2802003969798816e-07
39950.000000000095 3.987083288728135e-07
40000.000000000095 4.489867510160204e-07
40050.000000000095 4.4913522001706124e-07
40100.000000000095 3.543666612874651e-07
40150.000000000095 4.824684248786213e-07
40200.000000000095 4.876611559800233e-07
40250.000000000095 4.410205427884818e-07
40300.000000000095 4.7399363080378573e-07
40350.000000000095 3.9471361186353817e-07
40400.000000000095 4.7465717516931766e-07
40450.000000000095 4.2908988240351134e-07
40500.000000000095 4.53116379494837e-07
40550.000000000095 4.868058652253051e-07
40600.000000000095 4.4308657683948985e-07
40650.000000000095 4.790205062230465e-07
40700.000000000095 5.920701812272813e-07
40750.000000000095 4.883076366985632e-07
40800.000000000095 4.037008458594079e-07
40850.000000000095 5.392901560074739e-07
40900.000000000095 4.994926999426964e-07
40950.000000000095 4.445284838438704e-07
41000.000000000095 4.858045502774874e-07
41050.000000000095 5.397407334068158e-07
41100.000000000095 4.454807400017763e-07
41150.000000000095 3.895864538170657e-07
41200.000000000095 5.407151792962494e-07
41250.000000000095 5.148472075071211e-07
41300.000000000095 4.1011988239215494e-07
41350.000000000095 5.633246902113617e-07
41400.000000000095 4.995830362114864e-07
41450.000000000095 5.268109929869281e-07
41500.000000000095 4.5921905496375775e-07
41550.000000000095 4.217812363311784e-07
41600.000000000095 4.903241804238888e-07
41650.000000000095 4.798826360028814e-07
41700.000000000095 4.421501246153925e-07
41750.000000000095 4.058827689271434e-07
41800.000000000095 5.408678447374162e-07
41850.000000000095 3.0780186766736295e-07
41900.000000000095 3.9775930457334315e-07
41950.000000000095 4.144229998845171e-07
42000.000000000095 4.3409440763844435e-07
42050.000000000095 3.635103811993182e-07
42100.000000000095 3.964148634382672e-07
42150.000000000095 2.918322357323372e-07
42200.000000000095 3.353560199366824e-07
42250.000000000095 3.070489679679251e-07
42300.000000000095 2.9389123499576936e-07
42350.000000000095 3.2992706878786653e-07
42400.000000000095 2.717345771686185e-07
42450.000000000095 2.3311059697221382e-07
42500.000000000095 2.8558614479986877e-07
42550.000000000095 2.64151246614403e-07
42600.000000000095 3.208913044512424e-07
42650.000000000095 3.723025843045334e-07
42700.000000000095 2.8598410486753695e-07
42750.000000000095 2.906690177165538e-07
42800.000000000095 2.6003478664436933e-07
42850.000000000095 3.356757030108519e-07
42900.000000000095 3.310638784403488e-07
42950.000000000095 2.5625881606521824e-07
43000.000000000095 3.3239392809985283e-07
43050.000000000095 1.906647927299588e-07
43100.000000000095 2.9123884018670076e-07
43150.000000000095 3.133739707798836e-07
43200.000000000095 3.13232948097607e-07
43250.000000000095 3.219445355027424e-07
43300.000000000095 3.9442038427617316e-07
43350.000000000095 2.556106619954652e-07
43400.000000000095 3.275018295668248e-07
43450.000000000095 2.351986827592559e-07
43500.000000000095 2.5599491587949304e-07
43550.000000000095 2.386762837225027e-07
43600.000000000095 3.173779890357174e-07
43650.000000000095 2.0276163440981473e-07
43700.000000000095 3.260867288628451e-07
43750.000000000095 3.207034377666224e-07
43800.000000000095 2.494620084310212e-07
43850.000000000095 2.5750533355995643e-07
43900.000000000095 2.132926306962657e-07
43950.000000000095 1.958550766361148e-07
44000.000000000095 1.3324612840977224e-07
44050.000000000095 1.9679452751833029e-07
44100.000000000095 2.0565399137268054e-07
44150.000000000095 1.9882805298979298e-07
44200.000000000095 1.7336774184201934e-07
44250.000000000095 1.5452107450685249e-07
44300.000000000095 1.381088096724804e-07
44350.000000000095 1.1514549898269779e-07
44400.000000000095 1.1726462533548552e-07
44450.000000000095 1.1687038401120384e-07
44500.000000000095 9.126989865348904e-08
44550.000000000095 9.970507086229437e-08
44600.000000000095 8.062211032968278e-08
44650.000000000095 9.052061817361548e-08
44700.000000000095 8.334788294365214e-08
44750.000000000095 8.425262578250998e-08
44800.000000000095 7.6150299113335e-08
44850.000000000095 6.883682811122724e-08
44900.000000000095 5.6352609257107295e-08
44950.000000000095 5.291113536669544e-08
45000.000000000095 5.2827853532700587e-08
45050.000000000095 5.570596645403056e-08
45100.000000000095 5.20044318378766e-08
45150.000000000095 4.622839792353845e-08
45200.000000000095 3.558348933292435e-08
45250.000000000095 3.78866250229202e-08
45300.000000000095 4.470110798629501e-08
45350.000000000095 4.278904095573613e-08
45400.000000000095 3.232029774418647e-08
45450.000000000095 3.080487046777376e-08
45500.000000000095 3.390603073404942e-08
45550.000000000095 4.0656020483738865e-08
45600.000000000095 2.9439920761781925e-08
45650.000000000095 2.949125937073915e-08
45700.000000000095 4.030079855378778e-08
45750.000000000095 3.231477530975224e-08
45800.000000000095 2.575343453441999e-08
45850.000000000095 4.037133351330089e-08
45900.000000000095 3.885000669233661e-08
45950.000000000095 2.6067998242571656e-08
46000.000000000095 3.6852918914900515e-08
46050.000000000095 4.1158162838007926e-08
46100.000000000095 2.6568100358904822e-08
46150.000000000095 4.2282465654380915e-08
46200.000000000095 4.1815067308730664e-08
46250.000000000095 2.0367208633860367e-08
46300.000000000095 4.885120918800636e-08
46350.000000000095 3.3830732458873476e-08
46400.000000000095 4.0461736141358434e-08
46450.000000000095 5.8251600171120325e-08
46500.000000000095 4.00358508127748e-08
46550.000000000095 6.740300351954317e-08
46600.000000000095 6.744983829836956e-08
46650.000000000095 1.1265430888205492e-07
46700.000000000095 8.160643377168849e-08
46750.000000000095 5.7296226954010686e-08
46800.000000000095 4.677902431498677e-08
46850.000000000095 5.567993101622655e-08
46900.000000000095 4.7665471277602235e-08
46950.000000000095 7.266287184132258e-08
47000.000000000095 3.491989124101202e-08
47050.000000000095 7.22706770929568e-08
47100.000000000095 3.2749517793715896e-08
47150.000000000095 4.452328225862622e-08
47200.000000000095 4.833977773762395e-08
47250.000000000095 3.396368764328785e-08
47300.000000000095 4.50271146787746e-08
47350.000000000095 2.9584078978251867e-08
47400.000000000095 5.775176973646888e-08
47450.000000000095 2.9115749406279466e-08
47500.000000000095 6.401856855031403e-08
47550.000000000095 3.1394161387551764e-08
47600.000000000095 6.180245460778184e-08
47650.000000000095 3.390540254045405e-08
47700.000000000095 5.786119403968962e-08
47750.000000000095 3.180931370460779e-08
47800.000000000095 5.908294039925903e-08
47850.000000000095 2.997710110649462e-08
47900.000000000095 5.271218074785739e-08
47950.000000000095 3.828206112355111e-08
48000.000000000095 7.099384156993292e-08
48050.000000000095 4.571298326908381e-08
48100.000000000095 6.895090057332222e-08
48150.000000000095 4.7179172496345713e-08
48200.000000000095 7.311723265881298e-08
48250.000000000095 5.207159914680662e-08
48300.000000000095 8.795261406904495e-08
48350.000000000095 5.034031027909683e-08
48400.000000000095 7.040536216045222e-08
48450.000000000095 4.465336967951638e-08
48500.000000000095 8.84945576312262e-08
48550.000000000095 4.4106033741535714e-08
48600.000000000095 8.593696865573291e-08
48650.000000000095 4.626066186197841e-08
