galfind/configs/Brown_Dwarf_templates/sonora_cholla/logkzz7/178g/900K_178g_logkzz7_resample.dat
# %ECSV 1.0
# ---
# datatype:
# - {name: wav, unit: Angstrom, datatype: float64}
# - {name: flux_nu, unit: erg / (cm2 Hz s), datatype: float64}
# schema: astropy-2.0
wav flux_nu
10000.000000000093 nan
10050.000000000093 1.1229503205380413e-07
10100.000000000093 1.352674239747221e-07
10150.000000000093 1.452573177636438e-07
10200.000000000093 1.6392116655489618e-07
10250.000000000093 1.81329247288038e-07
10300.000000000093 1.9556415157021957e-07
10350.000000000093 2.234490658204419e-07
10400.000000000093 2.4544009712526907e-07
10450.000000000093 2.5577874369089404e-07
10500.000000000093 2.5616112658388654e-07
10550.000000000093 2.612515108450139e-07
10600.000000000093 2.6686077335823855e-07
10650.000000000093 2.7894906385430587e-07
10700.000000000093 2.8437972666280764e-07
10750.000000000093 2.9162526729258536e-07
10800.000000000093 2.884534202970291e-07
10850.000000000093 2.8096376273956727e-07
10900.000000000093 2.02654935781471e-07
10950.000000000093 1.0339722281072056e-07
11000.000000000093 7.472745581513092e-08
11050.000000000093 5.022321455600556e-08
11100.000000000093 3.692948883010638e-08
11150.000000000093 2.4370943252276162e-08
11200.000000000093 2.4591371625215586e-08
11250.000000000093 3.124950441335e-08
11300.000000000093 3.1414419480868714e-08
11350.000000000093 1.4891786409699075e-08
11400.000000000093 3.4777335540457814e-08
11450.000000000093 2.5119285694305813e-08
11500.000000000093 2.855748881202645e-08
11550.000000000093 1.725839397242608e-08
11600.000000000093 1.7884869704257443e-08
11650.000000000093 2.3678997327162015e-08
11700.000000000093 2.7243287800988742e-08
11750.000000000093 1.8231558460850412e-08
11800.000000000093 3.5761859974038415e-08
11850.000000000093 5.174696959092347e-08
11900.000000000093 5.968204047702924e-08
11950.000000000093 8.444645513070745e-08
12000.000000000093 1.0303610873065471e-07
12050.000000000093 1.2741526948108152e-07
12100.000000000093 1.4957986728183937e-07
12150.000000000093 1.732033093921833e-07
12200.000000000093 2.011799192430004e-07
12250.000000000093 2.3212697457126748e-07
12300.000000000093 2.645178526145554e-07
12350.000000000093 2.804216118910591e-07
12400.000000000093 3.213523883571565e-07
12450.000000000093 3.657398957622988e-07
12500.000000000093 3.911524569212126e-07
12550.000000000093 4.1504965182503694e-07
12600.000000000093 4.1048286894875285e-07
12650.000000000093 4.0130132750404794e-07
12700.000000000093 3.988234524992169e-07
12750.000000000093 3.68596051299435e-07
12800.000000000093 3.6288361427619226e-07
12850.000000000093 3.006231870325093e-07
12900.000000000093 2.6228626797129174e-07
12950.000000000093 2.5466560983426117e-07
13000.000000000093 2.546382547182618e-07
13050.000000000093 2.283903026301026e-07
13100.000000000093 2.1176410242583866e-07
13150.000000000093 1.709150176607152e-07
13200.000000000093 1.5816890461094728e-07
13250.000000000093 1.1410206919399959e-07
13300.000000000093 5.926131897966129e-08
13350.000000000093 1.8838069792488057e-08
13400.000000000093 8.436016312800516e-09
13450.000000000093 4.413237319556489e-09
13500.000000000093 2.2617899671968875e-09
13550.000000000093 1.5886001352405945e-09
13600.000000000093 8.607501191717734e-10
13650.000000000093 2.8020224782610613e-09
13700.000000000093 1.9422662309248203e-09
13750.000000000093 3.017117376443009e-09
13800.000000000093 3.948935177661442e-09
13850.000000000093 2.507006910111703e-09
13900.000000000093 2.7147688679531638e-09
13950.000000000093 2.5706185551193057e-09
14000.000000000093 2.4830398930115217e-09
14050.000000000093 3.3248035505000226e-09
14100.000000000093 2.467549625953156e-09
14150.000000000093 3.872085543153471e-09
14200.000000000093 2.661888901628412e-09
14250.000000000093 2.97414436765413e-09
14300.000000000093 5.709336082522754e-09
14350.000000000093 5.098602930958364e-09
14400.000000000093 5.746988594899788e-09
14450.000000000093 6.868560088093214e-09
14500.000000000093 1.340744858059699e-08
14550.000000000093 1.3771836770250803e-08
14600.000000000093 1.9602569295680016e-08
14650.000000000093 2.0020837628773563e-08
14700.000000000093 1.3171317250623293e-08
14750.000000000093 1.875782351762087e-08
14800.000000000093 2.44028689180473e-08
14850.000000000093 2.4782552044768663e-08
14900.000000000093 2.7561139893879556e-08
14950.000000000093 3.2748587012625994e-08
15000.000000000093 3.7879505710002594e-08
15050.000000000093 4.5116841678816504e-08
15100.000000000093 5.244151943933489e-08
15150.000000000093 5.5116005835412026e-08
15200.000000000093 5.486457863514935e-08
15250.000000000093 7.182201331832851e-08
15300.000000000093 8.48154434610163e-08
15350.000000000093 1.0258161376300953e-07
15400.000000000093 1.144985962530815e-07
15450.000000000093 1.293645044333821e-07
15500.000000000093 1.3816925081235857e-07
15550.000000000093 1.6305546674950104e-07
15600.000000000093 1.6154309239986914e-07
15650.000000000093 1.7443384256427037e-07
15700.000000000093 2.0563667161047234e-07
15750.000000000093 2.2220639428824642e-07
15800.000000000093 2.1148048950094546e-07
15850.000000000093 2.2457598109917175e-07
15900.000000000093 2.2010346238713485e-07
15950.000000000093 2.1304912527400652e-07
16000.000000000093 1.9310557914214707e-07
16050.000000000093 1.6088502348209527e-07
16100.000000000093 1.3478199264898846e-07
16150.000000000093 9.939398482949021e-08
16200.000000000093 7.169651297750039e-08
16250.000000000093 7.050912672378423e-08
16300.000000000093 5.8495409021151806e-08
16350.000000000093 6.408608650742476e-08
16400.000000000095 7.190805663506199e-08
16450.000000000095 7.735240985260852e-08
16500.000000000095 8.148885644558988e-08
16550.000000000095 7.681785072575943e-08
16600.000000000095 7.985509882009457e-08
16650.000000000095 5.7550016185589254e-08
16700.000000000095 2.853915922501361e-08
16750.000000000095 4.2942908493806735e-08
16800.000000000095 6.172598053871465e-08
16850.000000000095 6.052451292888898e-08
16900.000000000095 5.06535085310274e-08
16950.000000000095 4.6146715864175373e-08
17000.000000000095 3.81079153628228e-08
17050.000000000095 4.862416285211197e-08
17100.000000000095 5.512044540747112e-08
17150.000000000095 4.440746007970633e-08
17200.000000000095 6.103920507704723e-08
17250.000000000095 4.899156719121572e-08
17300.000000000095 4.128841662606396e-08
17350.000000000095 4.075689212995813e-08
17400.000000000095 4.127410023025428e-08
17450.000000000095 4.25022193625564e-08
17500.000000000095 4.754524864656733e-08
17550.000000000095 3.9689321325886317e-08
17600.000000000095 3.4015283215046126e-08
17650.000000000095 3.2761423738810794e-08
17700.000000000095 2.4586341888727752e-08
17750.000000000095 2.0509921616677028e-08
17800.000000000095 2.657329185477573e-08
17850.000000000095 1.6892698808558968e-08
17900.000000000095 1.9293036077592146e-08
17950.000000000095 1.305241798248969e-08
18000.000000000095 1.5705913282000407e-08
18050.000000000095 1.3176406476519895e-08
18100.000000000095 1.172593905649976e-08
18150.000000000095 1.6900479824602654e-08
18200.000000000095 9.293094595599202e-09
18250.000000000095 2.2601798054355876e-08
18300.000000000095 1.14845762093814e-08
18350.000000000095 9.965706658359879e-09
18400.000000000095 8.37214482665442e-09
18450.000000000095 1.2905805347893057e-08
18500.000000000095 1.3695279515482984e-08
18550.000000000095 1.0003663774431394e-08
18600.000000000095 9.286174220563128e-09
18650.000000000095 7.273331539807033e-09
18700.000000000095 6.064119925989684e-09
18750.000000000095 9.004588244501377e-09
18800.000000000095 2.027289257228403e-08
18850.000000000095 2.1464855088181745e-08
18900.000000000095 1.907371899859861e-08
18950.000000000095 3.255330175732118e-08
19000.000000000095 1.854289128390647e-08
19050.000000000095 1.3211905188832425e-08
19100.000000000095 2.5677773367891413e-08
19150.000000000095 1.694936358609939e-08
19200.000000000095 2.2340313048713246e-08
19250.000000000095 1.764947611154857e-08
19300.000000000095 1.4368167875860462e-08
19350.000000000095 1.412691450298498e-08
19400.000000000095 8.888499505723129e-09
19450.000000000095 1.765084585590828e-08
19500.000000000095 1.584292773870712e-08
19550.000000000095 1.320455418772803e-08
19600.000000000095 1.8408878811594327e-08
19650.000000000095 2.11428080601653e-08
19700.000000000095 2.202819909285095e-08
19750.000000000095 2.4721073193542013e-08
19800.000000000095 2.790264323857113e-08
19850.000000000095 3.483650074159568e-08
19900.000000000095 2.7166915910160563e-08
19950.000000000095 4.108401163101441e-08
20000.000000000095 3.9758573949804525e-08
20050.000000000095 4.158272283087276e-08
20100.000000000095 4.717404749896053e-08
20150.000000000095 4.3200658671687937e-08
20200.000000000095 5.0748701074261536e-08
20250.000000000095 5.878691605993394e-08
20300.000000000095 5.4090718059634707e-08
20350.000000000095 6.25489763389234e-08
20400.000000000095 6.068860897635471e-08
20450.000000000095 7.217374551689779e-08
20500.000000000095 7.379170211214755e-08
20550.000000000095 7.192066733186535e-08
20600.000000000095 8.046545843481202e-08
20650.000000000095 7.747402582577251e-08
20700.000000000095 7.717602142420592e-08
20750.000000000095 8.317241876004909e-08
20800.000000000095 8.043154205727786e-08
20850.000000000095 8.222115268439508e-08
20900.000000000095 8.43924732563973e-08
20950.000000000095 8.000552308621456e-08
21000.000000000095 8.231868536484141e-08
21050.000000000095 7.867393567565601e-08
21100.000000000095 7.777087967969836e-08
21150.000000000095 7.792820070546856e-08
21200.000000000095 7.440862258080048e-08
21250.000000000095 7.476272543098607e-08
21300.000000000095 6.84513063110428e-08
21350.000000000095 6.913221901053033e-08
21400.000000000095 6.468376181743058e-08
21450.000000000095 6.067971827863666e-08
21500.000000000095 6.21257690390088e-08
21550.000000000095 5.8657638643365065e-08
21600.000000000095 5.597827584419065e-08
21650.000000000095 5.075789922501555e-08
21700.000000000095 5.340919897488748e-08
21750.000000000095 4.9918728742822376e-08
21800.000000000095 4.5198881593205256e-08
21850.000000000095 4.032089824957648e-08
21900.000000000095 3.717301805473413e-08
21950.000000000095 2.1821668030449367e-08
22000.000000000095 1.158365035448436e-08
22050.000000000095 9.868710797861119e-09
22100.000000000095 1.738750855660203e-08
22150.000000000095 2.02031707426426e-08
22200.000000000095 1.872306974169989e-08
22250.000000000095 1.779184908146696e-08
22300.000000000095 1.5503751840929447e-08
22350.000000000095 1.4870585130136335e-08
22400.000000000095 1.1232347106007627e-08
22450.000000000095 1.039999078559092e-08
22500.000000000095 1.1355226219472304e-08
22550.000000000095 6.8610845366652305e-09
22600.000000000095 8.878343399836454e-09
22650.000000000095 1.0132746089180763e-08
22700.000000000095 8.500067316082183e-09
22750.000000000095 9.250733333389297e-09
22800.000000000095 8.537586588088165e-09
22850.000000000095 7.52605939368592e-09
22900.000000000095 6.318722151980953e-09
22950.000000000095 6.207654500833709e-09
23000.000000000095 5.387556208278038e-09
23050.000000000095 6.927475001900206e-09
23100.000000000095 1.2234849774030326e-08
23150.000000000095 1.1301897457041184e-08
23200.000000000095 3.798691149417647e-09
23250.000000000095 4.497036789180464e-09
23300.000000000095 4.8949583614707825e-09
23350.000000000095 3.893647465487128e-09
23400.000000000095 6.006684681820297e-09
23450.000000000095 5.2441175218686775e-09
23500.000000000095 5.0418693928630066e-09
23550.000000000095 7.31523720671333e-09
23600.000000000095 7.88448981543658e-09
23650.000000000095 9.368164439275255e-09
23700.000000000095 4.593129445000586e-09
23750.000000000095 4.200569012379407e-09
23800.000000000095 7.003466047695734e-09
23850.000000000095 6.3499980641100295e-09
23900.000000000095 1.0379410215470435e-08
23950.000000000095 1.0131130555458028e-08
24000.000000000095 1.3816840915937583e-08
24050.000000000095 1.5164109078747135e-08
24100.000000000095 1.2242424867145916e-08
24150.000000000095 1.3540396924146783e-08
24200.000000000095 1.4449338601810521e-08
24250.000000000095 1.250987234415938e-08
24300.000000000095 1.568001211919758e-08
24350.000000000095 1.2697128013228486e-08
24400.000000000095 2.1505958888957505e-08
24450.000000000095 1.712193963915579e-08
24500.000000000095 1.9319211545703144e-08
24550.000000000095 2.0572434799792484e-08
24600.000000000095 2.373419353023196e-08
24650.000000000095 2.6468581802603577e-08
24700.000000000095 1.9402784670643996e-08
24750.000000000095 1.913764323365181e-08
24800.000000000095 1.951113326644208e-08
24850.000000000095 2.866097635803854e-08
24900.000000000095 1.3322523777209674e-08
24950.000000000095 2.377667321609733e-08
25000.000000000095 2.2424942191468382e-08
25050.000000000095 1.4557245252502945e-08
25100.000000000095 1.9987275847053425e-08
25150.000000000095 1.1633016125207147e-08
25200.000000000095 1.6549179070212916e-08
25250.000000000095 8.89113576837902e-09
25300.000000000095 1.341081020160493e-08
25350.000000000095 6.63897533382427e-09
25400.000000000095 1.4341619728431367e-08
25450.000000000095 7.811823304829705e-09
25500.000000000095 7.442704068850068e-09
25550.000000000095 1.0511824198017683e-08
25600.000000000095 7.394378870199034e-09
25650.000000000095 4.931193094081935e-09
25700.000000000095 9.721505581958682e-09
25750.000000000095 4.140162643709471e-09
25800.000000000095 1.1194017346863328e-08
25850.000000000095 4.022533223875071e-09
25900.000000000095 6.346105245660424e-09
25950.000000000095 3.0876227311014585e-09
26000.000000000095 1.0982041740231572e-08
26050.000000000095 4.87056136433709e-09
26100.000000000095 1.1056174610161314e-08
26150.000000000095 7.925406346699491e-09
26200.000000000095 9.219411997111386e-09
26250.000000000095 1.797637206865077e-08
26300.000000000095 9.203060199410401e-09
26350.000000000095 2.09846292784841e-08
26400.000000000095 2.614723633146363e-08
26450.000000000095 2.096649622186492e-08
26500.000000000095 2.1630457439575483e-08
26550.000000000095 1.173780727955494e-08
26600.000000000095 1.4119698866717223e-08
26650.000000000095 5.235780953282984e-09
26700.000000000095 3.4741568203651757e-09
26750.000000000095 3.4339939399735015e-09
26800.000000000095 5.6262730925665725e-09
26850.000000000095 3.4042320534322418e-09
26900.000000000095 9.428165016783298e-09
26950.000000000095 4.141951168315694e-09
27000.000000000095 1.380221242712888e-08
27050.000000000095 1.2417021154078646e-08
27100.000000000095 6.296510332581555e-09
27150.000000000095 1.7067532022876988e-08
27200.000000000095 6.3675779189891624e-09
27250.000000000095 9.498035828133672e-09
27300.000000000095 2.9601853959099633e-08
27350.000000000095 1.826750685454492e-08
27400.000000000095 3.240451644761365e-09
27450.000000000095 2.174607222162271e-08
27500.000000000095 2.585977138778679e-08
27550.000000000095 8.380664327607689e-09
27600.000000000095 1.661294721623207e-08
27650.000000000095 6.9571489117935625e-09
27700.000000000095 5.4055546023525406e-09
27750.000000000095 1.7593866215265068e-08
27800.000000000095 7.83797241454249e-09
27850.000000000095 9.287930223141601e-09
27900.000000000095 1.236279206601865e-08
27950.000000000095 1.891450145740006e-08
28000.000000000095 1.6576618922734536e-08
28050.000000000095 5.667848226540828e-09
28100.000000000095 2.33468600997791e-08
28150.000000000095 1.505837387904552e-08
28200.000000000095 5.637468623923766e-09
28250.000000000095 2.4292230950098577e-08
28300.000000000095 3.287065367933952e-08
28350.000000000095 7.686583657061874e-09
28400.000000000095 1.9602503402067115e-08
28450.000000000095 2.7602045099607044e-08
28500.000000000095 1.8793049946757654e-08
28550.000000000095 6.800822644839424e-09
28600.000000000095 2.690950179584927e-08
28650.000000000095 2.4796732214623002e-08
28700.000000000095 2.1154404591812307e-08
28750.000000000095 3.320043513877185e-08
28800.000000000095 2.8632824442596922e-08
28850.000000000095 3.569249580380642e-08
28900.000000000095 1.5818025529486884e-08
28950.000000000095 4.3127537144491825e-08
29000.000000000095 2.7473198080637382e-08
29050.000000000095 3.36229575432108e-08
29100.000000000095 2.112896790036434e-08
29150.000000000095 4.7784958622778864e-08
29200.000000000095 2.9601102819803734e-08
29250.000000000095 4.3085423567359626e-08
29300.000000000095 2.5138847371043294e-08
