galfind/configs/Brown_Dwarf_templates/sonora_cholla/logkzz7/178g/950K_178g_logkzz7_resample.dat
# %ECSV 1.0
# ---
# datatype:
# - {name: wav, unit: Angstrom, datatype: float64}
# - {name: flux_nu, unit: erg / (cm2 Hz s), datatype: float64}
# schema: astropy-2.0
wav flux_nu
10000.000000000093 nan
10050.000000000093 1.367795735590519e-07
10100.000000000093 1.6392377332267842e-07
10150.000000000093 1.7344009890650759e-07
10200.000000000093 1.9473226176564242e-07
10250.000000000093 2.1431768256806234e-07
10300.000000000093 2.2768844648585513e-07
10350.000000000093 2.610643162253618e-07
10400.000000000093 2.864134173199044e-07
10450.000000000093 2.9728980051136035e-07
10500.000000000093 2.953945128433905e-07
10550.000000000093 3.0004140888029133e-07
10600.000000000093 3.085125954516191e-07
10650.000000000093 3.2507356943587465e-07
10700.000000000093 3.355479850786056e-07
10750.000000000093 3.474711665170076e-07
10800.000000000093 3.4842382157290575e-07
10850.000000000093 3.474794720637827e-07
10900.000000000093 2.599347969145461e-07
10950.000000000093 1.4017880193719216e-07
11000.000000000093 1.0487059529420844e-07
11050.000000000093 7.303621232548938e-08
11100.000000000093 5.5509951614373e-08
11150.000000000093 3.825746782905021e-08
11200.000000000093 3.8985341027159444e-08
11250.000000000093 4.9167497483436487e-08
11300.000000000093 4.84343499052654e-08
11350.000000000093 2.3732543005592556e-08
11400.000000000093 5.290894275960753e-08
11450.000000000093 3.8797923006098055e-08
11500.000000000093 4.547603389475275e-08
11550.000000000093 2.938920845579653e-08
11600.000000000093 3.092483592733715e-08
11650.000000000093 3.8431110315915884e-08
11700.000000000093 4.347471459717018e-08
11750.000000000093 3.2099353097951385e-08
11800.000000000093 5.575123907738512e-08
11850.000000000093 7.800686767404507e-08
11900.000000000093 8.828095945934781e-08
11950.000000000093 1.2240659629545677e-07
12000.000000000093 1.4518353494574417e-07
12050.000000000093 1.7653868390836698e-07
12100.000000000093 2.0331919088804787e-07
12150.000000000093 2.3209850674212638e-07
12200.000000000093 2.674268150314074e-07
12250.000000000093 3.050222441638773e-07
12300.000000000093 3.431188389005374e-07
12350.000000000093 3.6284463270886817e-07
12400.000000000093 4.0733831234048963e-07
12450.000000000093 4.6069633739184897e-07
12500.000000000093 4.904773442997659e-07
12550.000000000093 5.192833633795961e-07
12600.000000000093 5.142635654511559e-07
12650.000000000093 5.038549204423392e-07
12700.000000000093 5.045281239155967e-07
12750.000000000093 4.698815212732388e-07
12800.000000000093 4.6745811787237694e-07
12850.000000000093 3.938257312400195e-07
12900.000000000093 3.4777371890792385e-07
12950.000000000093 3.433411491868793e-07
13000.000000000093 3.428533460895883e-07
13050.000000000093 3.1437901429775745e-07
13100.000000000093 2.913672253640286e-07
13150.000000000093 2.394323096880365e-07
13200.000000000093 2.211365672938002e-07
13250.000000000093 1.614595462994646e-07
13300.000000000093 8.591573312426184e-08
13350.000000000093 2.7640667280532083e-08
13400.000000000093 1.285120417716809e-08
13450.000000000093 7.066755324775533e-09
13500.000000000093 3.7762411580645e-09
13550.000000000093 2.778908402480379e-09
13600.000000000093 1.6358773603114548e-09
13650.000000000093 4.8434499010985416e-09
13700.000000000093 3.4600156707869215e-09
13750.000000000093 5.044589622548451e-09
13800.000000000093 6.74168522587523e-09
13850.000000000093 4.444432451391155e-09
13900.000000000093 4.765483281027332e-09
13950.000000000093 4.499882028726909e-09
14000.000000000093 4.279137229177015e-09
14050.000000000093 5.566805418180761e-09
14100.000000000093 4.059596239107875e-09
14150.000000000093 6.201320969745459e-09
14200.000000000093 4.365211667431046e-09
14250.000000000093 4.74424533531744e-09
14300.000000000093 8.57239383760595e-09
14350.000000000093 7.741854380654976e-09
14400.000000000093 8.74675561559293e-09
14450.000000000093 1.012436873385386e-08
14500.000000000093 1.9231335144153102e-08
14550.000000000093 1.9604319582397577e-08
14600.000000000093 2.7329958854683045e-08
14650.000000000093 2.809360948774545e-08
14700.000000000093 1.893761575346453e-08
14750.000000000093 2.6458251337291727e-08
14800.000000000093 3.416984821171532e-08
14850.000000000093 3.478091508561909e-08
14900.000000000093 3.823944582421898e-08
14950.000000000093 4.4700304757632737e-08
15000.000000000093 5.063967181212291e-08
15050.000000000093 6.107436001534878e-08
15100.000000000093 7.020593853553123e-08
15150.000000000093 7.416344072555169e-08
15200.000000000093 7.269221230841877e-08
15250.000000000093 9.319952532505607e-08
15300.000000000093 1.0971864097978728e-07
15350.000000000093 1.3119525251017895e-07
15400.000000000093 1.4555246273033554e-07
15450.000000000093 1.6405607095731427e-07
15500.000000000093 1.7487134459022165e-07
15550.000000000093 2.046552031628691e-07
15600.000000000093 2.0387280498771426e-07
15650.000000000093 2.1914102961008495e-07
15700.000000000093 2.568450475116057e-07
15750.000000000093 2.770222077527441e-07
15800.000000000093 2.6436176971233055e-07
15850.000000000093 2.82638982626441e-07
15900.000000000093 2.789591257975874e-07
15950.000000000093 2.737902965072655e-07
16000.000000000093 2.5419619186418837e-07
16050.000000000093 2.1956194867563778e-07
16100.000000000093 1.9054076520171272e-07
16150.000000000093 1.4621859412215986e-07
16200.000000000093 1.111007297561026e-07
16250.000000000093 1.1096122927348519e-07
16300.000000000093 9.474024062214157e-08
16350.000000000093 1.0253883784258815e-07
16400.000000000095 1.1394435606328776e-07
16450.000000000095 1.220844933577668e-07
16500.000000000095 1.2828465039467745e-07
16550.000000000095 1.2170227821859818e-07
16600.000000000095 1.2375399956151377e-07
16650.000000000095 9.235085274150886e-08
16700.000000000095 5.2106999015600925e-08
16750.000000000095 7.171123762007212e-08
16800.000000000095 9.906898404730701e-08
16850.000000000095 9.629388982445623e-08
16900.000000000095 8.378472845046653e-08
16950.000000000095 7.750300195682571e-08
17000.000000000095 6.630523072397433e-08
17050.000000000095 8.182868179405996e-08
17100.000000000095 8.939348933061808e-08
17150.000000000095 7.423054039354207e-08
17200.000000000095 9.384706127819597e-08
17250.000000000095 7.746993656643809e-08
17300.000000000095 6.692578400285594e-08
17350.000000000095 6.526875707439884e-08
17400.000000000095 6.449164336857814e-08
17450.000000000095 6.410317028036705e-08
17500.000000000095 7.016558452575074e-08
17550.000000000095 5.883996160491225e-08
17600.000000000095 5.1846331651836325e-08
17650.000000000095 5.030259826541596e-08
17700.000000000095 3.713587869978958e-08
17750.000000000095 3.11915879884016e-08
17800.000000000095 3.937850051004684e-08
17850.000000000095 2.5163575026505712e-08
17900.000000000095 2.9505307949482218e-08
17950.000000000095 2.050862983009234e-08
18000.000000000095 2.3783782142043067e-08
18050.000000000095 2.0160682546768084e-08
18100.000000000095 1.779691044718381e-08
18150.000000000095 2.5708526221369172e-08
18200.000000000095 1.4475953909547115e-08
18250.000000000095 3.3359563514261865e-08
18300.000000000095 1.804459511949206e-08
18350.000000000095 1.5881558847917237e-08
18400.000000000095 1.3610130650532438e-08
18450.000000000095 1.899142534319825e-08
18500.000000000095 2.0422685411792534e-08
18550.000000000095 1.5221782078241693e-08
18600.000000000095 1.3722923529342391e-08
18650.000000000095 1.1231178972399813e-08
18700.000000000095 9.952659469545541e-09
18750.000000000095 1.3977712628579051e-08
18800.000000000095 2.8866863783396493e-08
18850.000000000095 3.1339455376234145e-08
18900.000000000095 2.7864409921904144e-08
18950.000000000095 4.6198857195174734e-08
19000.000000000095 2.805261275765083e-08
19050.000000000095 2.0537890290716676e-08
19100.000000000095 3.8052395698780436e-08
19150.000000000095 2.636288636087856e-08
19200.000000000095 3.321236734434654e-08
19250.000000000095 2.675956579688272e-08
19300.000000000095 2.2398095079737237e-08
19350.000000000095 2.145007104966976e-08
19400.000000000095 1.3552860148147708e-08
19450.000000000095 2.6152840705122243e-08
19500.000000000095 2.3810390875494907e-08
19550.000000000095 1.9559829133659387e-08
19600.000000000095 2.686486726966871e-08
19650.000000000095 3.0671379864688365e-08
19700.000000000095 3.1699494901482465e-08
19750.000000000095 3.4598356703133945e-08
19800.000000000095 3.9370564323407776e-08
19850.000000000095 4.853445663658466e-08
19900.000000000095 3.7187259482062134e-08
19950.000000000095 5.62688594695437e-08
20000.000000000095 5.452288555105541e-08
20050.000000000095 5.742963864156909e-08
20100.000000000095 6.402337802376478e-08
20150.000000000095 6.00106571408115e-08
20200.000000000095 7.076656104275331e-08
20250.000000000095 8.086790567415825e-08
20300.000000000095 7.422643602606858e-08
20350.000000000095 8.574769617805174e-08
20400.000000000095 8.41663558674582e-08
20450.000000000095 9.929243915966325e-08
20500.000000000095 1.0181137423326904e-07
20550.000000000095 9.880435033977215e-08
20600.000000000095 1.1173444226525374e-07
20650.000000000095 1.069409142065509e-07
20700.000000000095 1.0722365865898839e-07
20750.000000000095 1.1583005088017864e-07
20800.000000000095 1.1274365721028024e-07
20850.000000000095 1.1480710955214847e-07
20900.000000000095 1.1858916854713396e-07
20950.000000000095 1.1260040458623227e-07
21000.000000000095 1.1657573429369153e-07
21050.000000000095 1.1144712918109919e-07
21100.000000000095 1.1077994405089786e-07
21150.000000000095 1.1126876938624395e-07
21200.000000000095 1.0639765427530478e-07
21250.000000000095 1.0771207787949656e-07
21300.000000000095 9.899499922042184e-08
21350.000000000095 1.0060191182231622e-07
21400.000000000095 9.379633874031582e-08
21450.000000000095 8.966918495720364e-08
21500.000000000095 9.13768960358704e-08
21550.000000000095 8.662260554834765e-08
21600.000000000095 8.347889854394667e-08
21650.000000000095 7.621540676998928e-08
21700.000000000095 7.979537011221365e-08
21750.000000000095 7.433892838099565e-08
21800.000000000095 6.79434671540803e-08
21850.000000000095 6.100765454575611e-08
21900.000000000095 5.716295523175138e-08
21950.000000000095 3.55897617123534e-08
22000.000000000095 2.0923900922964392e-08
22050.000000000095 1.7293316543163864e-08
22100.000000000095 2.8259316819699065e-08
22150.000000000095 3.261221572454398e-08
22200.000000000095 3.0805213906986524e-08
22250.000000000095 2.8995426874281924e-08
22300.000000000095 2.6544714415225677e-08
22350.000000000095 2.510349525602067e-08
22400.000000000095 1.9940857910976864e-08
22450.000000000095 1.8211087800778124e-08
22500.000000000095 1.9794580588189894e-08
22550.000000000095 1.2682856388137897e-08
22600.000000000095 1.5957059119560405e-08
22650.000000000095 1.73313416345144e-08
22700.000000000095 1.535577633879627e-08
22750.000000000095 1.6448246455565542e-08
22800.000000000095 1.5082866202112712e-08
22850.000000000095 1.3376723288268154e-08
22900.000000000095 1.1721848223782742e-08
22950.000000000095 1.1555648928807964e-08
23000.000000000095 9.475678186664326e-09
23050.000000000095 1.2516502211715255e-08
23100.000000000095 1.9998676903973462e-08
23150.000000000095 1.8584933803409605e-08
23200.000000000095 7.335346336582628e-09
23250.000000000095 8.323850851317356e-09
23300.000000000095 8.725096187212112e-09
23350.000000000095 7.214927903107513e-09
23400.000000000095 1.0422778455531534e-08
23450.000000000095 9.420118806258932e-09
23500.000000000095 9.222438900351928e-09
23550.000000000095 1.297285207289616e-08
23600.000000000095 1.3726076227732432e-08
23650.000000000095 1.5937941708437715e-08
23700.000000000095 8.54827633849944e-09
23750.000000000095 7.95878538317322e-09
23800.000000000095 1.1856312089905666e-08
23850.000000000095 1.1008032956043674e-08
23900.000000000095 1.7340742556096264e-08
23950.000000000095 1.7095440144799104e-08
24000.000000000095 2.2843047861913347e-08
24050.000000000095 2.4508621198425352e-08
24100.000000000095 1.9762036330499197e-08
24150.000000000095 2.165265273773852e-08
24200.000000000095 2.3400629404207418e-08
24250.000000000095 2.0891771581203465e-08
24300.000000000095 2.466992489932892e-08
24350.000000000095 2.047763312613418e-08
24400.000000000095 3.316563611929612e-08
24450.000000000095 2.6025127765018622e-08
24500.000000000095 2.9524884962269517e-08
24550.000000000095 3.029936400660593e-08
24600.000000000095 3.458132641134711e-08
24650.000000000095 3.844033791701708e-08
24700.000000000095 2.83090469964307e-08
24750.000000000095 2.732520719322373e-08
24800.000000000095 2.8269317765539625e-08
24850.000000000095 4.0606820760560634e-08
24900.000000000095 1.9290142933595865e-08
24950.000000000095 3.383072501836785e-08
25000.000000000095 3.170694275026622e-08
25050.000000000095 2.1009717459790775e-08
25100.000000000095 2.8321322886952567e-08
25150.000000000095 1.6973069748433903e-08
25200.000000000095 2.3745024301438386e-08
25250.000000000095 1.3438876788547962e-08
25300.000000000095 2.003254475332371e-08
25350.000000000095 1.0195934999608745e-08
25400.000000000095 2.088660205841371e-08
25450.000000000095 1.2009407973512566e-08
25500.000000000095 1.1540683507338107e-08
25550.000000000095 1.584495564664539e-08
25600.000000000095 1.1845845932915524e-08
25650.000000000095 7.92282666850269e-09
25700.000000000095 1.5662352327718627e-08
25750.000000000095 6.9459264372063824e-09
25800.000000000095 1.7380635483117694e-08
25850.000000000095 6.805557278891058e-09
25900.000000000095 1.05737943954587e-08
25950.000000000095 5.4937528457656484e-09
26000.000000000095 1.6946038406116905e-08
26050.000000000095 8.589173353724774e-09
26100.000000000095 1.7585640428365863e-08
26150.000000000095 1.3163464514860555e-08
26200.000000000095 1.5156549058792494e-08
26250.000000000095 2.62769613571784e-08
26300.000000000095 1.4739395354436866e-08
26350.000000000095 3.0242587020405195e-08
26400.000000000095 3.70738408887598e-08
26450.000000000095 3.065627242715957e-08
26500.000000000095 3.01944519931997e-08
26550.000000000095 1.8237625904058498e-08
26600.000000000095 2.2188607717738025e-08
26650.000000000095 8.920738743573466e-09
26700.000000000095 6.164233967598277e-09
26750.000000000095 5.876346878031377e-09
26800.000000000095 9.413148720115425e-09
26850.000000000095 5.641802079496738e-09
26900.000000000095 1.4422369022900393e-08
26950.000000000095 6.620029247882584e-09
27000.000000000095 2.0125511670964898e-08
27050.000000000095 1.8180320409744314e-08
27100.000000000095 1.0132894623070125e-08
27150.000000000095 2.4563226493063747e-08
27200.000000000095 1.0443425931399923e-08
27250.000000000095 1.4527034992271343e-08
27300.000000000095 4.066429376814737e-08
27350.000000000095 2.66177184834376e-08
27400.000000000095 5.5537767189340794e-09
27450.000000000095 3.179271415254844e-08
27500.000000000095 3.620945160282923e-08
27550.000000000095 1.3400177568550381e-08
27600.000000000095 2.538229058936269e-08
27650.000000000095 1.1143911629865029e-08
27700.000000000095 8.728737406670415e-09
27750.000000000095 2.6221591768852743e-08
27800.000000000095 1.2227245616430897e-08
27850.000000000095 1.4245984447367137e-08
27900.000000000095 1.882390707219041e-08
27950.000000000095 2.6874390416274992e-08
28000.000000000095 2.4429487146454064e-08
28050.000000000095 9.02277998268427e-09
28100.000000000095 3.340747598873002e-08
28150.000000000095 2.2191923796905722e-08
28200.000000000095 8.751520977985613e-09
28250.000000000095 3.423734002936841e-08
28300.000000000095 4.6000485184670395e-08
28350.000000000095 1.1584281303904354e-08
28400.000000000095 2.825546103619829e-08
28450.000000000095 3.7468592035053206e-08
28500.000000000095 2.706546966646825e-08
28550.000000000095 1.0459277805503483e-08
28600.000000000095 3.7524773622389854e-08
28650.000000000095 3.451767925299115e-08
28700.000000000095 2.95407360563426e-08
28750.000000000095 4.452711135547298e-08
28800.000000000095 3.8683211636824795e-08
28850.000000000095 4.869270402543752e-08
28900.000000000095 2.1922489745529796e-08
28950.000000000095 5.6821169653824494e-08
29000.000000000095 3.682903243401192e-08
29050.000000000095 4.4966137039752634e-08
29100.000000000095 2.8049236406049146e-08
29150.000000000095 6.215155937388442e-08
29200.000000000095 3.9286410226527014e-08
29250.000000000095 5.6829015753796094e-08
