galfind/configs/Brown_Dwarf_templates/sonora_cholla/logkzz4/31g/1000K_31g_logkzz4_resample.dat
# %ECSV 1.0
# ---
# datatype:
# - {name: wav, unit: Angstrom, datatype: float64}
# - {name: flux_nu, unit: erg / (cm2 Hz s), datatype: float64}
# schema: astropy-2.0
wav flux_nu
[from data line 1160]
68000.00000000009 1.307097372614683e-07
68050.00000000009 1.789732769761146e-07
68100.00000000009 1.968529809795348e-07
68150.00000000009 1.5414961494016236e-07
68200.00000000009 1.557600261105808e-07
68250.00000000009 7.895124908647795e-08
68300.00000000009 1.3791275007528664e-07
68350.00000000009 7.335335974357632e-08
68400.00000000009 2.0316483942007795e-07
68450.00000000009 1.93992758786364e-07
68500.00000000009 1.6046913061561518e-07
68550.00000000009 1.1288209319990734e-07
68600.00000000009 1.1726899838988394e-07
68650.00000000009 8.127269163023524e-08
68700.00000000009 1.2938938798443177e-07
68750.00000000009 1.593399737839031e-07
68800.00000000009 1.730102233355232e-07
68850.00000000009 9.173804916142961e-08
68900.00000000009 2.1095728605910157e-07
68950.00000000009 2.1468448702355076e-07
69000.00000000009 1.9922623700302875e-07
69050.00000000009 1.2960781960314268e-07
69100.00000000009 2.0072596031293974e-07
69150.00000000009 2.5208251597937346e-07
69200.00000000009 1.5990374518129594e-07
69250.00000000009 2.2852482678239668e-07
69300.00000000009 1.5158400583065848e-07
69350.00000000009 2.1008606713093925e-07
69400.00000000009 1.0685584167209488e-07
69450.00000000009 2.1376774865050968e-07
69500.00000000009 1.4650650299844921e-07
69550.00000000009 1.531009726984118e-07
69600.00000000009 6.635465248284446e-08
69650.00000000009 1.4075211170741039e-07
69700.00000000009 2.0335083904572242e-07
69750.00000000009 1.4260233142607687e-07
69800.00000000009 1.92050493003634e-07
69850.00000000009 1.9433346884903152e-07
69900.00000000009 1.2790828993921832e-07
69950.00000000009 1.5469133714911763e-07
70000.00000000009 1.4046960458974524e-07
70050.00000000009 2.045871450659797e-07
70100.00000000009 1.6002214334313272e-07
70150.00000000009 1.698752509025618e-07
70200.00000000009 1.1958307628817954e-07
70250.00000000009 1.586967437336261e-07
70300.00000000009 1.9962835867282304e-07
70350.00000000009 1.4057342861026997e-07
70400.00000000009 1.3588961428816827e-07
70450.00000000009 7.141107229005526e-08
70500.00000000009 1.0965818973379196e-07
70550.00000000009 1.1895739509824828e-07
70600.00000000009 1.1174174809591719e-07
70650.00000000009 1.6980032142257942e-07
70700.00000000009 1.6242178152733375e-07
70750.00000000009 1.8018818374314433e-07
70800.00000000009 1.2148975062112392e-07
70850.00000000009 1.2490814330728027e-07
70900.00000000009 1.1755003964370854e-07
70950.00000000009 1.956891956738526e-07
71000.00000000009 1.5766299130920834e-07
71050.00000000009 1.6269887040999317e-07
71100.00000000009 1.4266018690621392e-07
71150.00000000009 1.5143933288441232e-07
71200.00000000009 1.3280341921326226e-07
71250.00000000009 1.4000932316259822e-07
71300.00000000009 1.8977209140484924e-07
71350.00000000009 1.7717405862904136e-07
71400.00000000009 1.7451243063806078e-07
71450.00000000009 9.874351965222415e-08
71500.00000000009 1.2381781321198054e-07
71550.00000000009 1.336372984157155e-07
71600.00000000009 1.3770277462317156e-07
71650.00000000009 1.3678309235435671e-07
71700.00000000009 1.1196271655903448e-07
71750.00000000009 1.3661642957932054e-07
71800.00000000009 1.806161210280809e-07
71850.00000000009 1.704793275489946e-07
71900.00000000009 1.2086371147703572e-07
71950.00000000009 1.2952425065435624e-07
72000.00000000009 1.3043957605804827e-07
72050.00000000009 1.0230704953747557e-07
72100.00000000009 1.1891329757633492e-07
72150.00000000009 9.880899834321796e-08
72200.00000000009 1.254811075458298e-07
72250.00000000009 1.4382526712178814e-07
72300.00000000009 1.4330465556154546e-07
72350.00000000009 1.4100164142236157e-07
72400.00000000009 1.1201206227985064e-07
72450.00000000009 1.0504175646606963e-07
72500.00000000009 1.2248597577793874e-07
72550.00000000009 7.593124142742325e-08
72600.00000000009 7.117086870861337e-08
72650.00000000009 1.5169781059191773e-07
72700.00000000009 1.4851296801348632e-07
72750.00000000009 1.2202593009668918e-07
72800.00000000009 1.1401663022905636e-07
72850.00000000009 1.0671185636586775e-07
72900.00000000009 1.2402919793473143e-07
72950.00000000009 1.3352525194914042e-07
73000.00000000009 1.3687669772537204e-07
73050.00000000009 1.1364558575046673e-07
73100.00000000009 1.0022185791230149e-07
73150.00000000009 1.7197857859887724e-07
73200.00000000009 1.0503239043587839e-07
73250.00000000009 1.1701317450081147e-07
73300.00000000009 1.2520781476486766e-07
73350.00000000009 9.83933299265318e-08
73400.00000000009 1.203250291584082e-07
73450.00000000009 8.072189956801622e-08
73500.00000000009 8.460150002033623e-08
73550.00000000009 1.0791266120688683e-07
73600.00000000009 8.216917747360691e-08
73650.00000000009 1.1617773776916678e-07
73700.00000000009 1.3980313347228398e-07
73750.00000000009 8.423434307311893e-08
73800.00000000009 1.0798069265607993e-07
73850.00000000009 1.1811673137884699e-07
73900.00000000009 1.3160113395326061e-07
73950.00000000009 1.1596408019453531e-07
74000.00000000009 1.0619649473668356e-07
74050.00000000009 1.7080116461634705e-07
74100.00000000009 9.988591914854146e-08
74150.00000000009 1.1920778531832465e-07
74200.00000000009 1.0590352734579706e-07
74250.00000000009 6.788865057604578e-08
74300.00000000009 1.0776797537707489e-07
74350.00000000009 1.308373533862093e-07
74400.00000000009 1.1613721761080964e-07
74450.00000000009 7.241792885547274e-08
74500.00000000009 8.979859325260855e-08
74550.00000000009 1.0530479477032111e-07
74600.00000000009 1.0547688532404317e-07
74650.00000000009 1.052238657121957e-07
74700.00000000009 8.103849737490295e-08
74750.00000000009 9.831017856579433e-08
74800.00000000009 9.927902981357251e-08
74850.00000000009 6.170570168120255e-08
74900.00000000009 1.3419620876339157e-07
74950.00000000009 1.465683481441735e-07
75000.00000000009 1.1490836668042047e-07
75050.00000000009 9.146449678978993e-08
75100.00000000009 1.5630099993579473e-07
75150.00000000009 1.2784469166292722e-07
75200.00000000009 1.5219161482461603e-07
75250.00000000009 1.2740533574332098e-07
75300.00000000009 1.450269087490616e-07
75350.00000000009 8.872805449562675e-08
75400.00000000009 1.4261731689009176e-07
75450.00000000009 1.23421680323656e-07
75500.00000000009 1.0827391635698671e-07
75550.00000000009 1.5614953798321509e-07
75600.00000000009 1.7888469533574494e-07
75650.00000000009 1.0736783927144077e-07
75700.00000000009 1.2039937148659773e-07
75750.00000000009 8.670731910330737e-08
75800.00000000009 1.3457938052523084e-07
75850.00000000009 1.702231045244449e-07
75900.00000000009 1.4542161859400492e-07
75950.00000000009 1.1546781876812583e-07
76000.00000000009 1.2181739318462754e-07
76050.00000000009 1.4698775826011457e-07
76100.00000000009 1.1782387527483602e-07
76150.00000000009 1.503939489860293e-07
76200.00000000009 1.5300377831391187e-07
76250.00000000009 1.818237966575806e-07
76300.00000000009 1.7855424648051964e-07
76350.00000000009 2.2423610644329137e-07
76400.00000000009 1.7459834146188604e-07
76450.00000000009 1.680170057673486e-07
76500.00000000009 1.3377804005329495e-07
76550.00000000009 1.2939490744220314e-07
76600.00000000009 6.654426665718362e-08
76650.00000000009 6.589476355090015e-08
76700.00000000009 7.80169880908085e-08
76750.00000000009 7.149843713890186e-08
76800.00000000009 1.0947194040080134e-07
76850.00000000009 4.415997382959005e-08
76900.00000000009 5.601255010205594e-08
76950.00000000009 8.25023176845329e-08
77000.00000000009 9.335734481619739e-08
77050.00000000009 6.191151075819904e-08
77100.00000000009 7.02556325692988e-08
77150.00000000009 1.0769924849752385e-07
77200.00000000009 8.434428585906351e-08
77250.00000000009 9.638616328940639e-08
77300.00000000009 9.134091770900412e-08
77350.00000000009 6.205407435752983e-08
77400.00000000009 5.490763862721536e-08
77450.00000000009 6.313874896886898e-08
77500.00000000009 6.967842750239334e-08
77550.00000000009 8.345011892233254e-08
77600.00000000009 8.836365609510117e-08
77650.00000000009 8.543386043901483e-08
77700.00000000009 5.7109039576905393e-08
77750.00000000009 1.0327651248443904e-07
77800.00000000009 8.084179504268473e-08
77850.00000000009 1.2568995415139512e-07
77900.00000000009 1.0054795149886495e-07
77950.00000000009 6.674821839466553e-08
78000.00000000009 8.359083864990503e-08
78050.00000000009 1.0735472965333416e-07
78100.00000000009 8.048134565931529e-08
78150.00000000009 1.1575003146965519e-07
78200.00000000009 1.1843065022515636e-07
78250.00000000009 1.2522670403101316e-07
78300.00000000009 1.2612141906448002e-07
78350.00000000009 1.123341148516442e-07
78400.00000000009 1.0775143816081166e-07
78450.00000000009 1.4326319312166537e-07
78500.00000000009 1.2114591576477922e-07
78550.00000000009 1.3907558666862534e-07
78600.00000000009 1.1979189424420516e-07
78650.00000000009 5.810121100067164e-08
78700.00000000009 9.173170349308462e-08
78750.00000000009 9.006337994840737e-08
78800.00000000009 1.2368067157709755e-07
78850.00000000009 9.018562578854031e-08
78900.00000000009 1.1851842883218043e-07
78950.00000000009 1.02523188808738e-07
79000.00000000009 1.0194400169893986e-07
79050.00000000009 9.434851165099499e-08
79100.00000000009 1.0254415974071703e-07
79150.00000000009 1.1168650945818297e-07
79200.00000000009 1.4573706823342792e-07
79250.00000000009 1.2692529136941368e-07
79300.00000000009 8.554567783145978e-08
79350.00000000009 1.2447488630205726e-07
79400.00000000009 1.0728515489929628e-07
79450.00000000009 1.1200778601721339e-07
79500.00000000009 1.7204225446295258e-07
79550.00000000009 1.3407532740147727e-07
79600.00000000009 9.521076968772274e-08
79650.00000000009 1.2230165172445053e-07
79700.00000000009 1.5676418958533977e-07
79750.00000000009 1.4220879871434048e-07
79800.00000000009 1.2310151640369702e-07
79850.00000000009 1.1747162795729782e-07
79900.00000000009 1.736372409973525e-07
79950.00000000009 1.1217225972611492e-07
