galfind/configs/Brown_Dwarf_templates/sonora_cholla/logkzz4/31g/1000K_31g_logkzz4_resample.dat
# %ECSV 1.0
# ---
# datatype:
# - {name: wav, unit: Angstrom, datatype: float64}
# - {name: flux_nu, unit: erg / (cm2 Hz s), datatype: float64}
# schema: astropy-2.0
wav flux_nu
[from data line 775]
48750.000000000095 1.2147956543641412e-07
48800.000000000095 1.9059827890327874e-07
48850.000000000095 1.4541105726393719e-07
48900.000000000095 2.1152711897043508e-07
48950.000000000095 1.8147326589854283e-07
49000.000000000095 1.5295278269280626e-07
49050.000000000095 1.9743775098476542e-07
49100.000000000095 1.3046028113327574e-07
49150.000000000095 2.2928819917189656e-07
49200.000000000095 1.5303506921114923e-07
49250.000000000095 2.3581397796506968e-07
49300.000000000095 1.7406635274392932e-07
49350.000000000095 1.8257816055181982e-07
49400.000000000095 2.2566890450796296e-07
49450.000000000095 2.025472256056452e-07
49500.000000000095 2.0279673686230933e-07
49550.000000000095 1.3031436537776503e-07
49600.000000000095 2.1187668835702231e-07
49650.000000000095 1.8485733510915922e-07
49700.000000000095 1.5547386665853815e-07
49750.000000000095 2.7800464132454065e-07
49800.000000000095 1.6606045156386175e-07
49850.000000000095 3.1367356778002576e-07
49900.000000000095 2.2336661279651446e-07
49950.000000000095 2.569722261903059e-07
50000.000000000095 2.804411881208533e-07
50050.000000000095 2.5273946772576853e-07
50100.000000000095 3.329373227543317e-07
50150.000000000095 1.5993811911409917e-07
50200.000000000095 1.2642572927576359e-07
50250.000000000095 2.8729877830905495e-07
50300.000000000095 2.0014828151235603e-07
50350.000000000095 2.667793181561042e-07
50400.000000000095 2.4874695168943845e-07
50450.000000000095 2.4924250061847534e-07
50500.000000000095 2.9456720778983626e-07
50550.000000000095 2.5427789047235993e-07
50600.000000000095 3.015063757498798e-07
50650.000000000095 2.6650585680027336e-07
50700.000000000095 3.524123712095977e-07
50750.000000000095 3.5765882580730563e-07
50800.000000000095 1.7302171079148228e-07
50850.000000000095 2.1655598225731544e-07
50900.000000000095 3.261649760160294e-07
50950.000000000095 3.53887303753448e-07
51000.000000000095 3.0954269407043485e-07
51050.000000000095 2.7493721749600885e-07
51100.000000000095 1.914687196179564e-07
51150.000000000095 2.4195137000992803e-07
51200.000000000095 3.430762459208342e-07
51250.000000000095 3.320105781528799e-07
51300.000000000095 2.1479856410413955e-07
51350.000000000095 2.8572214464530585e-07
51400.000000000095 2.2629091079644048e-07
51450.000000000095 1.944726885675077e-07
51500.000000000095 1.7847200307346573e-07
51550.000000000095 3.1877846476114596e-07
51600.000000000095 2.1824791145242248e-07
51650.000000000095 3.1439703464091134e-07
51700.000000000095 3.100536488754502e-07
51750.000000000095 2.1347533665014736e-07
51800.000000000095 4.003184212508429e-07
51850.000000000095 2.91247116663813e-07
51900.000000000095 3.9106494511253246e-07
51950.000000000095 3.3448372803779407e-07
52000.000000000095 1.2887957225091388e-07
52050.000000000095 2.282573384242151e-07
52100.000000000095 2.2156668389770262e-07
52150.000000000095 1.7958360214943905e-07
52200.000000000095 1.7449427397601922e-07
52250.000000000095 2.1637901665915478e-07
52300.000000000095 3.384995205798603e-07
52350.000000000095 2.8196734928279587e-07
52400.000000000095 2.050873913636835e-07
52450.000000000095 3.2523225783663185e-07
52500.000000000095 2.8663543618918766e-07
52550.000000000095 3.151208238723658e-07
52600.000000000095 2.322985522941896e-07
52650.000000000095 2.835380618974596e-07
52700.000000000095 2.346152071805825e-07
52750.000000000095 1.9766852884327334e-07
52800.000000000095 2.032460514737225e-07
52850.000000000095 2.466920091499791e-07
52900.000000000095 1.8271702593490533e-07
52950.000000000095 1.8443736636714673e-07
53000.000000000095 3.7796464680004437e-07
53050.000000000095 1.6299281024898524e-07
53100.000000000095 3.21824606178557e-07
53150.000000000095 3.630530358342167e-07
53200.000000000095 1.876334624298549e-07
53250.000000000095 3.5025668938739785e-07
53300.000000000095 3.449432022270557e-07
53350.000000000095 3.1414188047808633e-07
53400.000000000095 3.5054841704346116e-07
53450.000000000095 1.7769920777300546e-07
53500.000000000095 1.1898995641574539e-07
53550.000000000095 1.8627132085635916e-07
53600.000000000095 2.445646223006072e-07
53650.000000000095 2.2114072378546653e-07
53700.000000000095 2.003515395850484e-07
53750.000000000095 2.1063050364424876e-07
53800.000000000095 2.0275889752634463e-07
53850.000000000095 2.729983601275858e-07
53900.000000000095 2.3758580340268073e-07
53950.000000000095 3.25853916590537e-07
54000.000000000095 2.2730211076078825e-07
54050.000000000095 2.388910659349141e-07
54100.000000000095 1.2852924615458112e-07
54150.000000000095 1.8076700204427e-07
54200.000000000095 9.596729961454179e-08
54250.000000000095 1.032944096616357e-07
54300.000000000095 1.8488965976020078e-07
54350.000000000095 2.313380850766506e-07
54400.000000000095 2.4996042658013684e-07
54450.000000000095 1.9072062613351235e-07
54500.000000000095 1.7897194447662984e-07
54550.000000000095 1.5773294189088826e-07
54600.000000000095 2.0580275273741111e-07
54650.000000000095 1.1666072117987485e-07
54700.000000000095 2.2997214353919249e-07
54750.000000000095 2.34373579179444e-07
54800.000000000095 1.741666009682503e-07
54850.000000000095 2.0355581681128137e-07
54900.000000000095 2.554997633380617e-07
54950.000000000095 3.395533157176761e-07
55000.000000000095 1.4949174255964646e-07
55050.000000000095 2.2716100297870373e-07
55100.000000000095 1.7881285255714857e-07
55150.000000000095 1.6172768701469e-07
55200.000000000095 1.6289708196896075e-07
55250.000000000095 1.8718162363083406e-07
55300.000000000095 1.3834831994077213e-07
55350.000000000095 2.0601503897772437e-07
55400.000000000095 2.694898300504402e-07
55450.000000000095 1.9775791163434479e-07
55500.000000000095 1.1109201751676941e-07
55550.000000000095 1.506755338679589e-07
55600.000000000095 1.344479198219626e-07
55650.000000000095 1.1902380134689746e-07
55700.000000000095 1.6254516509417934e-07
55750.000000000095 1.773001530003815e-07
55800.000000000095 1.299062701975452e-07
55850.000000000095 1.1741190319715049e-07
55900.000000000095 2.094283247374775e-07
55950.000000000095 2.690809318277742e-07
56000.000000000095 1.3085061533884263e-07
56050.000000000095 1.8593977904727593e-07
56100.000000000095 2.1247616721706283e-07
56150.000000000095 1.5378034259020558e-07
56200.000000000095 1.7287029245287115e-07
56250.000000000095 1.6348754852627813e-07
56300.000000000095 1.8686095618137249e-07
56350.000000000095 1.885497090591524e-07
56400.000000000095 1.3289462350686688e-07
56450.000000000095 1.1627446747547563e-07
56500.000000000095 1.1099871408599038e-07
56550.000000000095 9.751687769851951e-08
56600.000000000095 1.9107545264397451e-07
56650.000000000095 1.7885275429422436e-07
56700.000000000095 1.942731943020819e-07
56750.000000000095 1.0928450630990519e-07
56800.000000000095 2.2280972107780386e-07
56850.000000000095 1.705295075236698e-07
56900.000000000095 1.284118640108332e-07
56950.000000000095 2.0551180490090188e-07
57000.000000000095 2.1843984480486077e-07
57050.000000000095 1.528897905733969e-07
57100.000000000095 8.35941383146257e-08
57150.000000000095 1.1546141847615723e-07
57200.000000000095 9.828055967224211e-08
57250.000000000095 1.3859345936999032e-07
57300.000000000095 1.847601946065069e-07
57350.000000000095 9.844584629216462e-08
57400.000000000095 1.6970343945558892e-07
57450.000000000095 1.5959305886570972e-07
57500.000000000095 1.5856167627008416e-07
57550.000000000095 1.999854811824554e-07
57600.000000000095 2.113644909108495e-07
57650.000000000095 8.507653924925509e-08
57700.000000000095 1.0821789140968374e-07
57750.000000000095 1.394069186073788e-07
57800.000000000095 5.7338786933982923e-08
57850.000000000095 2.4459180918996815e-07
57900.000000000095 2.7705086289351665e-07
57950.000000000095 2.3652274820459633e-07
58000.000000000095 1.2197708617121265e-07
58050.000000000095 1.8261697396933734e-07
58100.000000000095 2.0977391171552156e-07
58150.000000000095 1.530532911295586e-07
58200.000000000095 9.17083725117095e-08
58250.000000000095 1.2166402631599645e-07
58300.000000000095 9.018757178293968e-08
58350.000000000095 1.2190884724239262e-07
58400.000000000095 1.6905801821588423e-07
58450.000000000095 1.6658476384116885e-07
58500.000000000095 1.5383790361743828e-07
58550.000000000095 1.6920235997161986e-07
58600.000000000095 9.755618893395065e-08
58650.000000000095 1.2894673683692477e-07
58700.000000000095 1.4141274118035736e-07
58750.000000000095 1.4676102338053207e-07
58800.000000000095 7.362457493959899e-08
58850.000000000095 1.340983930071713e-07
58900.000000000095 1.7792682785607308e-07
58950.000000000095 1.0683357769086767e-07
59000.000000000095 1.685725243725476e-07
59050.000000000095 1.789447769370271e-07
59100.000000000095 2.162499759573873e-07
59150.000000000095 1.4800020075749274e-07
59200.000000000095 1.6658722722043255e-07
59250.000000000095 1.8323517935309842e-07
59300.000000000095 1.7044116271312306e-07
59350.000000000095 8.727685631919386e-08
59400.000000000095 6.79481403517643e-08
59450.000000000095 1.4625910290399532e-07
59500.000000000095 9.036011197399151e-08
59550.000000000095 1.7893734888619732e-07
59600.000000000095 1.5796200463609068e-07
59650.000000000095 1.6527324282806285e-07
59700.000000000095 1.0827407571398329e-07
59750.000000000095 2.2096242653695478e-07
59800.000000000095 1.3750025867547001e-07
59850.000000000095 1.8363245064065578e-07
59900.000000000095 9.157188265673245e-08
59950.000000000095 1.4291846256685096e-07
60000.000000000095 2.344568222933714e-07
60050.000000000095 2.0842020574845926e-07
60100.000000000095 2.220782410678038e-07
60150.000000000095 1.5347075783886589e-07
60200.000000000095 1.7333175757004163e-07
60250.000000000095 2.0629925188083917e-07
60300.000000000095 2.033055440942623e-07
60350.000000000095 1.4830066613319173e-07
60400.000000000095 1.6725822267580956e-07
60450.000000000095 1.0076658572011895e-07
60500.000000000095 6.555990656621201e-08
60550.000000000095 1.9367721787458618e-07
60600.000000000095 1.8689616748437413e-07
60650.000000000095 1.5831495872632816e-07
60700.000000000095 1.3307607643073603e-07
60750.000000000095 1.0480722982689286e-07
60800.000000000095 1.9426871191578258e-07
60850.000000000095 2.6227657940947814e-07
60900.000000000095 2.535028373231645e-07
60950.000000000095 2.3612350610615545e-07
61000.000000000095 1.630139684336224e-07
61050.000000000095 1.227022636800528e-07
61100.000000000095 1.7583730625957554e-07
61150.000000000095 6.927113006334079e-08
61200.000000000095 2.2545122565377195e-07
61250.000000000095 2.7445054890467614e-07
61300.000000000095 2.4007180891837086e-07
61350.000000000095 2.667171086694089e-07
61400.000000000095 1.9275755363727948e-07
61450.000000000095 1.1803463970630616e-07
61500.000000000095 1.5639847859295094e-07
61550.000000000095 1.365367194494765e-07
61600.000000000095 9.562605194105117e-08
61650.000000000095 1.7105695242621235e-07
61700.000000000095 1.3132686777569164e-07
61750.000000000095 1.616595406134942e-07
61800.000000000095 1.844582777476445e-07
61850.000000000095 1.2547088733229803e-07
61900.000000000095 2.100705551946531e-07
61950.000000000095 2.0806272128284862e-07
62000.000000000095 2.1500678653868885e-07
62050.000000000095 1.8544371441705522e-07
62100.000000000095 2.1681038835766331e-07
62150.000000000095 2.382840364771118e-07
62200.000000000095 1.9533701794721662e-07
62250.000000000095 2.130719441116664e-07
62300.000000000095 2.863210907409882e-07
62350.000000000095 2.075448721113683e-07
62400.000000000095 1.2253503677951603e-07
62450.000000000095 1.939000784116881e-07
62500.000000000095 2.541844037887076e-07
62550.000000000095 2.4536351630066416e-07
62600.000000000095 2.6382231214145637e-07
62650.000000000095 1.9114865983025047e-07
62700.000000000095 2.3780929046200004e-07
62750.000000000095 2.9544504325856764e-07
62800.000000000095 1.832270649014514e-07
62850.000000000095 2.4834352537516343e-07
62900.000000000095 1.84243806311912e-07
62950.000000000095 2.2320579085558155e-07
63000.000000000095 2.1740249946682846e-07
63050.000000000095 2.905205029738899e-07
63100.000000000095 2.515101573661918e-07
63150.000000000095 2.090154374519965e-07
63200.000000000095 2.654977124263334e-07
63250.000000000095 1.7392380485240353e-07
63300.000000000095 2.456974989838485e-07
63350.000000000095 2.2975541355704817e-07
63400.000000000095 1.4213913672669462e-07
63450.000000000095 1.2395029200771758e-07
63500.000000000095 2.1814435759381737e-07
63550.000000000095 1.982326855904885e-07
63600.000000000095 2.3289764344734258e-07
63650.000000000095 1.6759000531347064e-07
63700.000000000095 1.307190588619543e-07
63750.000000000095 1.8003100094960647e-07
63800.000000000095 2.138352621049583e-07
63850.000000000095 1.9558809602787834e-07
63900.000000000095 1.4352429620716604e-07
63950.000000000095 2.111499622291908e-07
64000.000000000095 2.103711318592514e-07
64050.000000000095 1.5646238027298746e-07
64100.000000000095 6.613732922333918e-08
64150.000000000095 9.042598005967986e-08
64200.000000000095 1.0132013009004102e-07
64250.000000000095 1.7184685130760182e-07
64300.000000000095 1.3055395449790691e-07
64350.000000000095 1.0882480879868702e-07
64400.000000000095 1.76503866588777e-07
64450.000000000095 1.86918004066518e-07
64500.000000000095 1.1068445365418942e-07
64550.000000000095 1.5648711034187308e-07
64600.000000000095 8.214098191510714e-08
64650.000000000095 1.364047504552054e-07
64700.000000000095 8.393888813775871e-08
64750.000000000095 1.1018602804515006e-07
64800.000000000095 1.0870912810507937e-07
64850.000000000095 9.537494634858981e-08
64900.000000000095 1.0899629383938682e-07
64950.000000000095 1.0482739817472351e-07
65000.000000000095 1.264363388835856e-07
65050.000000000095 1.1896980788595133e-07
65100.000000000095 1.5667335410145449e-07
65150.000000000095 9.648031989425753e-08
65200.000000000095 9.052995276008262e-08
65250.000000000095 1.5604430415628765e-07
65300.000000000095 1.1348599629021472e-07
65350.000000000095 2.1055625641176265e-07
65400.000000000095 1.2158071129354143e-07
65450.000000000095 1.3190858369250318e-07
65500.000000000095 1.5343680673295305e-07
65550.00000000009 9.809552418595273e-08
65600.00000000009 1.2576892029799182e-07
65650.00000000009 1.3391630751936682e-07
65700.00000000009 1.1918585501149823e-07
65750.00000000009 9.873060469950753e-08
65800.00000000009 1.4086527935672318e-07
65850.00000000009 1.5013387673795357e-07
65900.00000000009 9.599516407648987e-08
65950.00000000009 8.176727452190396e-08
66000.00000000009 1.2193212248574918e-07
66050.00000000009 2.0652114015581595e-07
66100.00000000009 1.3484252130249473e-07
66150.00000000009 9.374187337958e-08
66200.00000000009 9.870896316573802e-08
66250.00000000009 9.460194151547005e-08
66300.00000000009 5.125848597881271e-08
66350.00000000009 7.152485456368087e-08
66400.00000000009 8.984038702367088e-08
66450.00000000009 1.4935144039221319e-07
66500.00000000009 1.9912089448040804e-07
66550.00000000009 2.0299205960446574e-07
66600.00000000009 1.5129841811809174e-07
66650.00000000009 1.3759235416977978e-07
66700.00000000009 1.2234194482141635e-07
66750.00000000009 1.1451014798749585e-07
66800.00000000009 1.4758922632398718e-07
66850.00000000009 1.04205368115709e-07
66900.00000000009 1.632232856456157e-07
66950.00000000009 1.9726821781162515e-07
67000.00000000009 1.7652342241106794e-07
67050.00000000009 1.371313527155099e-07
67100.00000000009 1.0617926175898385e-07
67150.00000000009 1.1291040982580269e-07
67200.00000000009 1.3013826254874013e-07
67250.00000000009 1.4142751411574493e-07
67300.00000000009 1.4257803066682309e-07
67350.00000000009 9.610111463233037e-08
67400.00000000009 1.943770716976381e-07
67450.00000000009 1.5386435276367105e-07
67500.00000000009 1.361834162641564e-07
67550.00000000009 1.6377743293461216e-07
67600.00000000009 2.442338253403621e-07
67650.00000000009 1.935879466292555e-07
67700.00000000009 1.4832734944102996e-07
67750.00000000009 1.3479515718479921e-07
67800.00000000009 1.758886009608273e-07
67850.00000000009 1.0708554085960663e-07
67900.00000000009 1.3757449293926583e-07
