galfind/configs/Brown_Dwarf_templates/sonora_cholla/logkzz4/31g/1050K_31g_logkzz4_resample.dat
# %ECSV 1.0
# ---
# datatype:
# - {name: wav, unit: Angstrom, datatype: float64}
# - {name: flux_nu, unit: erg / (cm2 Hz s), datatype: float64}
# schema: astropy-2.0
wav flux_nu
[from data line 388]
29400.000000000095 1.2869752645045255e-07
29450.000000000095 1.2578944613981342e-07
29500.000000000095 1.2854049955664572e-07
29550.000000000095 1.091325397045981e-07
29600.000000000095 1.6242635817347494e-07
29650.000000000095 1.273506160399242e-07
29700.000000000095 1.1883723469411504e-07
29750.000000000095 1.3793254349031016e-07
29800.000000000095 1.8176820589779645e-07
29850.000000000095 1.778335398434701e-07
29900.000000000095 1.505816469131838e-07
29950.000000000095 1.3559656950673184e-07
30000.000000000095 1.57453140669403e-07
30050.000000000095 1.3125945275984072e-07
30100.000000000095 1.4600915126349624e-07
30150.000000000095 1.8165655776538178e-07
30200.000000000095 1.4550196168442307e-07
30250.000000000095 1.9233882366932086e-07
30300.000000000095 1.678295898744119e-07
30350.000000000095 1.333349727318187e-07
30400.000000000095 1.7205236730165442e-07
30450.000000000095 1.4415884823072184e-07
30500.000000000095 1.3703060394498423e-07
30550.000000000095 1.556095509700055e-07
30600.000000000095 1.620661039532939e-07
30650.000000000095 1.5373762727155667e-07
30700.000000000095 1.339768209549035e-07
30750.000000000095 1.2021612076266471e-07
30800.000000000095 1.2369340192459032e-07
30850.000000000095 1.2013434556258876e-07
30900.000000000095 1.1932343570997307e-07
30950.000000000095 8.434744196704414e-08
31000.000000000095 1.0484691436311841e-07
31050.000000000095 1.0143126009572343e-07
31100.000000000095 7.071971526995799e-08
31150.000000000095 9.036712668245162e-08
31200.000000000095 8.776864358790067e-08
31250.000000000095 7.701465615819983e-08
31300.000000000095 7.41113135616618e-08
31350.000000000095 6.986210579482638e-08
31400.000000000095 4.793172667769845e-08
31450.000000000095 7.378725317253283e-08
31500.000000000095 5.40515931088785e-08
31550.000000000095 7.086537542610803e-08
31600.000000000095 4.774788834899453e-08
31650.000000000095 5.394191077263083e-08
31700.000000000095 5.367411655703705e-08
31750.000000000095 4.521993796528854e-08
31800.000000000095 5.061286920664217e-08
31850.000000000095 4.971038827660015e-08
31900.000000000095 4.4103036280057686e-08
31950.000000000095 4.788081615889451e-08
32000.000000000095 4.5794091301455385e-08
32050.000000000095 3.4266502226197977e-08
32100.000000000095 3.452593988091935e-08
32150.000000000095 4.397805509290044e-08
32200.000000000095 3.7088547945520876e-08
32250.000000000095 4.6955619859219006e-08
32300.000000000095 3.1983207495200494e-08
32350.000000000095 5.701028559125231e-08
32400.000000000095 4.355061494981736e-08
32450.000000000095 5.600300718156762e-08
32500.000000000095 4.2435301642661674e-08
32550.000000000095 5.454059546192142e-08
32600.000000000095 5.956513234552625e-08
32650.000000000095 7.439358782592987e-08
32700.000000000095 5.543923235465644e-08
32750.000000000095 8.268364474780289e-08
32800.000000000095 5.4733558391795054e-08
32850.000000000095 8.017355675344841e-08
32900.000000000095 8.708731146639416e-08
32950.000000000095 9.025269056674948e-08
33000.000000000095 8.17466035764658e-08
33050.000000000095 7.780551257311837e-08
33100.000000000095 4.100547616492314e-08
33150.000000000095 1.7020338937652603e-08
33200.000000000095 1.742817113923829e-08
33250.000000000095 8.558738473896595e-09
33300.000000000095 8.569959048753752e-09
33350.000000000095 1.5803893478962982e-08
33400.000000000095 2.2206827540859067e-08
33450.000000000095 2.8804126959903014e-08
33500.000000000095 3.6065236628561116e-08
33550.000000000095 3.6615450724655326e-08
33600.000000000095 5.6083926752606016e-08
33650.000000000095 5.5177684438675046e-08
33700.000000000095 5.362632875808227e-08
33750.000000000095 6.765133763736261e-08
33800.000000000095 5.72609763640811e-08
33850.000000000095 7.21998215712477e-08
33900.000000000095 6.444442847829196e-08
33950.000000000095 6.805750301243869e-08
34000.000000000095 7.394370455418666e-08
34050.000000000095 4.0457557988021024e-08
34100.000000000095 7.332153590276355e-08
34150.000000000095 5.821488253317733e-08
34200.000000000095 7.086583825878726e-08
34250.000000000095 5.650314449432891e-08
34300.000000000095 4.67684172693685e-08
34350.000000000095 5.986505993446278e-08
34400.000000000095 5.63644913021197e-08
34450.000000000095 7.365315593589483e-08
34500.000000000095 6.443076955443878e-08
34550.000000000095 4.6694324155923736e-08
34600.000000000095 7.473674659200603e-08
34650.000000000095 5.4436691842388133e-08
34700.000000000095 5.675801028504243e-08
34750.000000000095 5.319860730848485e-08
34800.000000000095 4.0211871921857235e-08
34850.000000000095 5.819025351725717e-08
34900.000000000095 7.245398839182643e-08
34950.000000000095 5.810635051630074e-08
35000.000000000095 7.748352126364511e-08
35050.000000000095 6.488524745223072e-08
35100.000000000095 7.672327858431858e-08
35150.000000000095 7.310778280163559e-08
35200.000000000095 1.0673065987749199e-07
35250.000000000095 9.546265630860876e-08
35300.000000000095 6.81434043478688e-08
35350.000000000095 9.794321493880011e-08
35400.000000000095 9.083071727522666e-08
35450.000000000095 8.142857697729804e-08
35500.000000000095 1.2574359893376273e-07
35550.000000000095 1.1297477299177731e-07
35600.000000000095 1.1217715401829738e-07
35650.000000000095 1.092346525476848e-07
35700.000000000095 8.177758729175416e-08
35750.000000000095 1.355546506683432e-07
35800.000000000095 1.2685580561864268e-07
35850.000000000095 9.205397001252072e-08
35900.000000000095 1.433073782631209e-07
35950.000000000095 1.2663228529253828e-07
36000.000000000095 9.573565518058886e-08
36050.000000000095 1.354042267527516e-07
36100.000000000095 1.2960602985074102e-07
36150.000000000095 1.3298102221170465e-07
36200.000000000095 1.3462648306888208e-07
36250.000000000095 1.4423839867373762e-07
36300.000000000095 1.5808793169014264e-07
36350.000000000095 1.7305224872376946e-07
36400.000000000095 1.9389310569933228e-07
36450.000000000095 1.886288162952082e-07
36500.000000000095 2.0400576109116673e-07
36550.000000000095 1.8536881522005039e-07
36600.000000000095 2.2760621141219596e-07
36650.000000000095 2.3553173891917778e-07
36700.000000000095 2.593547903048895e-07
36750.000000000095 2.7395378790081765e-07
36800.000000000095 2.526887749738661e-07
36850.000000000095 2.45108609857777e-07
36900.000000000095 2.484750204777163e-07
36950.000000000095 2.751858453570013e-07
37000.000000000095 2.608158014096596e-07
37050.000000000095 2.7788396164253973e-07
37100.000000000095 3.030639810791152e-07
37150.000000000095 3.058705938593795e-07
37200.000000000095 2.974236220621119e-07
37250.000000000095 2.678109913274333e-07
37300.000000000095 2.8975253505049713e-07
37350.000000000095 3.0062015026980283e-07
37400.000000000095 3.529641848865703e-07
37450.000000000095 3.3884169299043624e-07
37500.000000000095 2.885138516531549e-07
37550.000000000095 3.8624386987414166e-07
37600.000000000095 4.058100756909129e-07
37650.000000000095 3.3591552044626027e-07
37700.000000000095 3.508197012214174e-07
37750.000000000095 3.019465557032832e-07
37800.000000000095 3.3770574141806246e-07
37850.000000000095 3.1723623928752297e-07
37900.000000000095 3.534631705307613e-07
37950.000000000095 3.9523860861529523e-07
38000.000000000095 4.37216668589362e-07
38050.000000000095 3.8704881472033704e-07
38100.000000000095 4.1586686845181584e-07
38150.000000000095 4.36640680853739e-07
38200.000000000095 4.84627185954124e-07
38250.000000000095 4.4738309873825474e-07
38300.000000000095 5.028501973487361e-07
38350.000000000095 5.324160926477793e-07
38400.000000000095 4.0388571121139915e-07
38450.000000000095 4.6150334378456607e-07
38500.000000000095 4.102288684700145e-07
38550.000000000095 4.589156108233032e-07
38600.000000000095 4.757114141618083e-07
38650.000000000095 5.818973185919042e-07
38700.000000000095 5.27469913059029e-07
38750.000000000095 5.212350877722778e-07
38800.000000000095 4.862239216257571e-07
38850.000000000095 5.830590824764902e-07
38900.000000000095 5.655962544416427e-07
38950.000000000095 5.48867734186908e-07
39000.000000000095 6.367871005072357e-07
39050.000000000095 5.701670959805268e-07
39100.000000000095 5.569898410273836e-07
39150.000000000095 5.726069225050001e-07
39200.000000000095 5.487180324282338e-07
39250.000000000095 6.375992421393658e-07
39300.000000000095 6.214715991292978e-07
39350.000000000095 7.22647961822276e-07
39400.000000000095 7.18250312087657e-07
39450.000000000095 7.010198063383642e-07
39500.000000000095 5.652352397308395e-07
39550.000000000095 6.279790375400447e-07
39600.000000000095 6.708440574107565e-07
39650.000000000095 7.425283348633889e-07
39700.000000000095 6.509041218369931e-07
39750.000000000095 5.795483400583467e-07
39800.000000000095 7.026968099986695e-07
39850.000000000095 7.178295040617509e-07
39900.000000000095 6.906636152750607e-07
39950.000000000095 7.071284439030421e-07
40000.000000000095 7.162219068406504e-07
40050.000000000095 7.616467903608707e-07
40100.000000000095 6.954516371826031e-07
40150.000000000095 8.505983117724716e-07
40200.000000000095 8.649397522808488e-07
40250.000000000095 6.904021108384048e-07
40300.000000000095 7.757777505659204e-07
40350.000000000095 7.255111334274067e-07
40400.000000000095 8.015180607919372e-07
40450.000000000095 7.85839802093648e-07
40500.000000000095 7.294793556135423e-07
40550.000000000095 8.069222056387718e-07
40600.000000000095 7.169834278009263e-07
40650.000000000095 8.545041243499542e-07
40700.000000000095 9.539427156813928e-07
40750.000000000095 8.311659700940078e-07
40800.000000000095 7.110520136044827e-07
40850.000000000095 8.338112320827297e-07
40900.000000000095 6.997894331217739e-07
40950.000000000095 7.515838016650679e-07
41000.000000000095 7.965270489815655e-07
41050.000000000095 8.805211679554111e-07
41100.000000000095 7.248918714769617e-07
41150.000000000095 6.830189822108625e-07
41200.000000000095 8.225252753065899e-07
41250.000000000095 8.317258898721672e-07
41300.000000000095 6.41683279350393e-07
41350.000000000095 8.67417969776472e-07
41400.000000000095 8.169440819390057e-07
41450.000000000095 8.307246988956689e-07
41500.000000000095 7.767980412999039e-07
41550.000000000095 7.420176052577733e-07
41600.000000000095 8.228159415620726e-07
41650.000000000095 7.025855071523883e-07
41700.000000000095 7.221210545354304e-07
41750.000000000095 5.865965152514257e-07
41800.000000000095 8.078570245615198e-07
41850.000000000095 4.616416778395493e-07
41900.000000000095 6.638582857223012e-07
41950.000000000095 6.223571612395261e-07
42000.000000000095 6.456740246159351e-07
42050.000000000095 5.28321998354359e-07
42100.000000000095 5.905985688822402e-07
42150.000000000095 4.5842320764019225e-07
42200.000000000095 5.444521005252732e-07
42250.000000000095 4.5445254842282453e-07
42300.000000000095 5.088532707922908e-07
42350.000000000095 5.043134152818476e-07
42400.000000000095 4.0827320569643395e-07
42450.000000000095 3.489773394512637e-07
42500.000000000095 4.0115284635585846e-07
42550.000000000095 4.2451876024561525e-07
42600.000000000095 4.344301873306981e-07
42650.000000000095 5.177720179922301e-07
42700.000000000095 4.3235995452288125e-07
42750.000000000095 4.432336267760663e-07
42800.000000000095 3.760642677803278e-07
42850.000000000095 4.437209211265275e-07
42900.000000000095 4.547899528557324e-07
42950.000000000095 3.7255449422495896e-07
43000.000000000095 4.780734520707313e-07
43050.000000000095 3.489231261382809e-07
43100.000000000095 4.617188243951682e-07
43150.000000000095 4.881639386661873e-07
43200.000000000095 4.793914378977514e-07
43250.000000000095 3.8671407893317574e-07
43300.000000000095 5.127138111309615e-07
43350.000000000095 4.3361494415765085e-07
43400.000000000095 5.125796153834491e-07
43450.000000000095 3.6888069660815583e-07
43500.000000000095 3.4193644899363427e-07
43550.000000000095 3.6373032226127773e-07
43600.000000000095 4.638605228512407e-07
43650.000000000095 3.200388456623301e-07
43700.000000000095 4.754796580318926e-07
43750.000000000095 4.5946894664141693e-07
43800.000000000095 3.6448558389430466e-07
43850.000000000095 4.282366943072499e-07
43900.000000000095 2.78934132492874e-07
43950.000000000095 3.5611688499949614e-07
44000.000000000095 2.4567026483650693e-07
44050.000000000095 3.4866241723390463e-07
44100.000000000095 3.4836000060482687e-07
44150.000000000095 3.609510251306378e-07
44200.000000000095 2.96820566774545e-07
44250.000000000095 3.0006015688804987e-07
44300.000000000095 2.729320612390528e-07
44350.000000000095 2.1584986321464648e-07
44400.000000000095 2.4863818240708123e-07
44450.000000000095 2.4315425936131577e-07
44500.000000000095 1.893815183213287e-07
44550.000000000095 2.206755147323375e-07
44600.000000000095 1.8559369281954425e-07
44650.000000000095 2.146782334920985e-07
44700.000000000095 1.9699736313830486e-07
44750.000000000095 2.0790456221140522e-07
44800.000000000095 1.936692041358984e-07
44850.000000000095 1.7705910206582732e-07
44900.000000000095 1.4625763431170093e-07
44950.000000000095 1.4994998716931357e-07
45000.000000000095 1.5135981265334736e-07
45050.000000000095 1.6066400703545684e-07
45100.000000000095 1.424226777259579e-07
45150.000000000095 1.379710776380223e-07
45200.000000000095 1.129368249997408e-07
45250.000000000095 1.2055631089735496e-07
45300.000000000095 1.3513305506109634e-07
45350.000000000095 1.3916638269578156e-07
45400.000000000095 1.0369105433972024e-07
45450.000000000095 1.0712511572043221e-07
45500.000000000095 1.0840343176566976e-07
45550.000000000095 1.2816011124641918e-07
45600.000000000095 1.0299423699057456e-07
45650.000000000095 1.0568086274652318e-07
45700.000000000095 1.3393338875206164e-07
45750.000000000095 1.1575835387853758e-07
45800.000000000095 1.0039090518753287e-07
45850.000000000095 1.4627318393954404e-07
45900.000000000095 1.4215750426633304e-07
45950.000000000095 1.042093689556956e-07
46000.000000000095 1.348897521879044e-07
46050.000000000095 1.4613852753768115e-07
46100.000000000095 1.0521091537536543e-07
46150.000000000095 1.451048484568215e-07
46200.000000000095 1.342108623652538e-07
46250.000000000095 7.979398071800431e-08
46300.000000000095 1.584221957696844e-07
46350.000000000095 1.1279219076972054e-07
46400.000000000095 1.3888377526471396e-07
46450.000000000095 1.8057167607427523e-07
46500.000000000095 1.345351982544761e-07
46550.000000000095 1.8628760825972284e-07
46600.000000000095 1.8884774490566006e-07
46650.000000000095 2.866562459926284e-07
46700.000000000095 2.1342201407577145e-07
46750.000000000095 1.7446874966471494e-07
46800.000000000095 1.4270373810711045e-07
46850.000000000095 1.8724600251697532e-07
46900.000000000095 1.5988347402270565e-07
46950.000000000095 2.1028922831092506e-07
47000.000000000095 1.295614731430974e-07
47050.000000000095 2.2678903637293419e-07
47100.000000000095 1.217111766832131e-07
47150.000000000095 1.4385376585174285e-07
47200.000000000095 1.698669082082712e-07
47250.000000000095 1.2711531466465565e-07
47300.000000000095 1.4864791632363703e-07
47350.000000000095 1.1062751461869401e-07
47400.000000000095 1.8612076154712453e-07
47450.000000000095 1.1354493151417997e-07
47500.000000000095 2.0003111347277505e-07
47550.000000000095 1.1743553705065231e-07
47600.000000000095 1.885180797271451e-07
47650.000000000095 1.2099443686803494e-07
47700.000000000095 1.7648774286142692e-07
47750.000000000095 1.0351024266981003e-07
47800.000000000095 1.723128866623239e-07
47850.000000000095 9.535581479759835e-08
47900.000000000095 1.6613061941675965e-07
47950.000000000095 1.2389536330205555e-07
48000.000000000095 2.130195642778523e-07
48050.000000000095 1.4251936608817805e-07
48100.000000000095 1.9198197987412808e-07
48150.000000000095 1.361289741364467e-07
48200.000000000095 1.989068556789343e-07
48250.000000000095 1.513649477587291e-07
48300.000000000095 2.402095878805706e-07
48350.000000000095 1.3314410639308793e-07
48400.000000000095 1.8994471967054335e-07
48450.000000000095 1.2486468474760009e-07
48500.000000000095 2.3695782299830468e-07
48550.000000000095 1.232388851753111e-07
48600.000000000095 2.1613396910493398e-07
48650.000000000095 1.2560023403592618e-07
