galfind/configs/Brown_Dwarf_templates/sonora_cholla/logkzz4/31g/1100K_31g_logkzz4_resample.dat
# %ECSV 1.0
# ---
# datatype:
# - {name: wav, unit: Angstrom, datatype: float64}
# - {name: flux_nu, unit: erg / (cm2 Hz s), datatype: float64}
# schema: astropy-2.0
wav flux_nu
[from data line 776]
48800.000000000095 2.486154777443791e-07
48850.000000000095 1.9199969507504927e-07
48900.000000000095 2.749437983881118e-07
48950.000000000095 2.350231992526011e-07
49000.000000000095 2.0361872742339438e-07
49050.000000000095 2.547671846336145e-07
49100.000000000095 1.7670075847329547e-07
49150.000000000095 2.8706078941642144e-07
49200.000000000095 2.0496767741986172e-07
49250.000000000095 2.9210745630555795e-07
49300.000000000095 2.2773989857238598e-07
49350.000000000095 2.3739511039398575e-07
49400.000000000095 2.9168960968658754e-07
49450.000000000095 2.579871456859596e-07
49500.000000000095 2.6004228154233863e-07
49550.000000000095 1.7781263663572714e-07
49600.000000000095 2.6808160130896907e-07
49650.000000000095 2.336551593363338e-07
49700.000000000095 1.9910623265885913e-07
49750.000000000095 3.420872017632818e-07
49800.000000000095 2.144995114621203e-07
49850.000000000095 3.757039405625843e-07
49900.000000000095 2.7590011464502e-07
49950.000000000095 3.123571188187095e-07
50000.000000000095 3.440628297071272e-07
50050.000000000095 3.073816656819911e-07
50100.000000000095 4.084229333111032e-07
50150.000000000095 2.141726067090999e-07
50200.000000000095 1.7202353758660843e-07
50250.000000000095 3.5739990803337574e-07
50300.000000000095 2.5380064730315137e-07
50350.000000000095 3.280531372025909e-07
50400.000000000095 3.072954639807445e-07
50450.000000000095 3.034230666086494e-07
50500.000000000095 3.563942750627025e-07
50550.000000000095 3.13171464173775e-07
50600.000000000095 3.6532076781810023e-07
50650.000000000095 3.2281966952361395e-07
50700.000000000095 4.16232241269844e-07
50750.000000000095 4.303128233521173e-07
50800.000000000095 2.2657677891025394e-07
50850.000000000095 2.954995629135559e-07
50900.000000000095 3.951768036180698e-07
50950.000000000095 4.382215609790219e-07
51000.000000000095 3.88580760373997e-07
51050.000000000095 3.363292613594812e-07
51100.000000000095 2.577717375623529e-07
51150.000000000095 3.0331757196302254e-07
51200.000000000095 4.1189381740974784e-07
51250.000000000095 4.095510787621673e-07
51300.000000000095 2.6760070241511427e-07
51350.000000000095 3.5680940216133996e-07
51400.000000000095 3.0548544954404394e-07
51450.000000000095 2.6132449254704586e-07
51500.000000000095 2.422208785565323e-07
51550.000000000095 4.0471116515753915e-07
51600.000000000095 2.7388432679046675e-07
51650.000000000095 3.894696241717401e-07
51700.000000000095 3.839467588319306e-07
51750.000000000095 2.7024599912456394e-07
51800.000000000095 4.870509729117842e-07
51850.000000000095 3.5388171574375715e-07
51900.000000000095 4.735709430619744e-07
51950.000000000095 4.131041815240799e-07
52000.000000000095 1.8612127329169013e-07
52050.000000000095 2.9523426602387176e-07
52100.000000000095 2.961321067109266e-07
52150.000000000095 2.4950156021562907e-07
52200.000000000095 2.438745177054763e-07
52250.000000000095 2.737013458446758e-07
52300.000000000095 4.137191085469628e-07
52350.000000000095 3.768836779561699e-07
52400.000000000095 2.7052536129827723e-07
52450.000000000095 4.02429660071651e-07
52500.000000000095 3.5179190995719365e-07
52550.000000000095 3.9489538390364043e-07
52600.000000000095 2.935284010612408e-07
52650.000000000095 3.775040523622071e-07
52700.000000000095 2.984733462349433e-07
52750.000000000095 2.6461711990671587e-07
52800.000000000095 2.652046005400366e-07
52850.000000000095 3.2238522242586646e-07
52900.000000000095 2.4933968352053255e-07
52950.000000000095 2.474531138324585e-07
53000.000000000095 4.732443002655085e-07
53050.000000000095 2.2806438808246332e-07
53100.000000000095 4.031767591097549e-07
53150.000000000095 4.413468040283769e-07
53200.000000000095 2.408957775206468e-07
53250.000000000095 4.341346546691764e-07
53300.000000000095 4.2806688504229783e-07
53350.000000000095 3.8477242801112826e-07
53400.000000000095 4.3805647400412104e-07
53450.000000000095 2.490673148067409e-07
53500.000000000095 1.7775531083905787e-07
53550.000000000095 2.600319042510827e-07
53600.000000000095 3.253394283534894e-07
53650.000000000095 2.857835037649285e-07
53700.000000000095 2.638691969389074e-07
53750.000000000095 2.8386175097131036e-07
53800.000000000095 2.7433813538653874e-07
53850.000000000095 3.540490711244331e-07
53900.000000000095 3.003803441978871e-07
53950.000000000095 4.055229961829231e-07
54000.000000000095 2.9981736200025867e-07
54050.000000000095 3.026092941149069e-07
54100.000000000095 1.856711115459733e-07
54150.000000000095 2.519358872859021e-07
54200.000000000095 1.4504912240928366e-07
54250.000000000095 1.5088374691272866e-07
54300.000000000095 2.4854268694673235e-07
54350.000000000095 3.0511088264238294e-07
54400.000000000095 3.2871593267310146e-07
54450.000000000095 2.614282603408835e-07
54500.000000000095 2.394557861888016e-07
54550.000000000095 2.1304678985487233e-07
54600.000000000095 2.711667691709665e-07
54650.000000000095 1.8212088763794846e-07
54700.000000000095 3.0761968805240247e-07
54750.000000000095 3.138512594499058e-07
54800.000000000095 2.449630144879478e-07
54850.000000000095 2.7442651799016555e-07
54900.000000000095 3.3762020193929264e-07
54950.000000000095 4.4021996754655706e-07
55000.000000000095 2.1820521758894744e-07
55050.000000000095 3.0435553558579534e-07
55100.000000000095 2.274400878157738e-07
55150.000000000095 2.289942237381955e-07
55200.000000000095 2.3001339348045298e-07
55250.000000000095 2.4835100582985196e-07
55300.000000000095 1.943423387481767e-07
55350.000000000095 2.636471997805886e-07
55400.000000000095 3.458096379664772e-07
55450.000000000095 2.75668540032235e-07
55500.000000000095 1.6445422423324793e-07
55550.000000000095 2.1635273386885123e-07
55600.000000000095 1.9577411056247264e-07
55650.000000000095 1.6099568404441583e-07
55700.000000000095 2.291845069297262e-07
55750.000000000095 2.587757656069569e-07
55800.000000000095 1.9519831619388476e-07
55850.000000000095 1.7270611238116651e-07
55900.000000000095 2.860108585554314e-07
55950.000000000095 3.746392324386991e-07
56000.000000000095 1.8622288613869052e-07
56050.000000000095 2.654087556033987e-07
56100.000000000095 2.912144089842256e-07
56150.000000000095 2.1606025778486065e-07
56200.000000000095 2.420218212140279e-07
56250.000000000095 2.150070177860634e-07
56300.000000000095 2.5566210077331376e-07
56350.000000000095 2.6367008005425575e-07
56400.000000000095 2.0372990984700187e-07
56450.000000000095 1.7813068513346425e-07
56500.000000000095 1.6525955481270935e-07
56550.000000000095 1.4664684801876023e-07
56600.000000000095 2.613890791522708e-07
56650.000000000095 2.453702941179373e-07
56700.000000000095 2.736458425402512e-07
56750.000000000095 1.6257088226823326e-07
56800.000000000095 3.004140850827248e-07
56850.000000000095 2.3270499386613862e-07
56900.000000000095 1.9494281276978278e-07
56950.000000000095 2.825519303722085e-07
57000.000000000095 2.9114257324417854e-07
57050.000000000095 2.2519498331003586e-07
57100.000000000095 1.3077286557450017e-07
57150.000000000095 1.710329630805069e-07
57200.000000000095 1.4296253736345109e-07
57250.000000000095 2.0791107070477287e-07
57300.000000000095 2.546546243608389e-07
57350.000000000095 1.408721871024988e-07
57400.000000000095 2.4061184534406886e-07
57450.000000000095 2.324498835757228e-07
57500.000000000095 2.2908069992991634e-07
57550.000000000095 2.792495706884135e-07
57600.000000000095 2.9754165620183136e-07
57650.000000000095 1.342925205389693e-07
57700.000000000095 1.630803551108419e-07
57750.000000000095 2.011425554947341e-07
57800.000000000095 8.763950260935934e-08
57850.000000000095 3.207294706035416e-07
57900.000000000095 3.6650152797035775e-07
57950.000000000095 3.135995143126311e-07
58000.000000000095 1.7270787084182633e-07
58050.000000000095 2.545395504335686e-07
58100.000000000095 2.9412840592977656e-07
58150.000000000095 2.3139144048463204e-07
58200.000000000095 1.4467709441994932e-07
58250.000000000095 1.869851548217353e-07
58300.000000000095 1.423197784058654e-07
58350.000000000095 1.8001218802481008e-07
58400.000000000095 2.3367082665178365e-07
58450.000000000095 2.3432273366907412e-07
58500.000000000095 2.1294826153703776e-07
58550.000000000095 2.4126164809924645e-07
58600.000000000095 1.5197083891775075e-07
58650.000000000095 1.9805346397025672e-07
58700.000000000095 2.003788113176141e-07
58750.000000000095 2.0072169187944692e-07
58800.000000000095 1.2213253725046726e-07
58850.000000000095 1.9637004525290843e-07
58900.000000000095 2.5190922867471584e-07
58950.000000000095 1.6123311472256208e-07
59000.000000000095 2.348429886319236e-07
59050.000000000095 2.499617051096102e-07
59100.000000000095 3.044924355935743e-07
59150.000000000095 2.198181043109519e-07
59200.000000000095 2.3670123203666956e-07
59250.000000000095 2.5464624988802804e-07
59300.000000000095 2.4034737248790675e-07
59350.000000000095 1.3990818397614071e-07
59400.000000000095 1.0859246660631058e-07
59450.000000000095 2.0524802433600023e-07
59500.000000000095 1.338051770982867e-07
59550.000000000095 2.607073183066225e-07
59600.000000000095 2.1884358583405736e-07
59650.000000000095 2.38924972835535e-07
59700.000000000095 1.60093413689339e-07
59750.000000000095 3.0375055975508e-07
59800.000000000095 2.0744063162483172e-07
59850.000000000095 2.530090918847242e-07
59900.000000000095 1.424795871540475e-07
59950.000000000095 2.1866029762642948e-07
60000.000000000095 3.2178538347421495e-07
60050.000000000095 2.8307849344610907e-07
60100.000000000095 3.087283556300189e-07
60150.000000000095 2.2451876837741488e-07
60200.000000000095 2.416368737889176e-07
60250.000000000095 2.874293770729197e-07
60300.000000000095 2.731714603088839e-07
60350.000000000095 2.081627665424322e-07
60400.000000000095 2.3082536596856924e-07
60450.000000000095 1.5632242876653518e-07
60500.000000000095 1.0754371097061889e-07
60550.000000000095 2.6782508908620123e-07
60600.000000000095 2.5540942878210943e-07
60650.000000000095 2.2801779573684783e-07
60700.000000000095 2.0171266526180595e-07
60750.000000000095 1.6616223753200817e-07
60800.000000000095 2.692063062691936e-07
60850.000000000095 3.5025747171195443e-07
60900.000000000095 3.3125880591011e-07
60950.000000000095 3.2011112650588607e-07
61000.000000000095 2.284840735771996e-07
61050.000000000095 1.8029969990438156e-07
61100.000000000095 2.5853361348319413e-07
61150.000000000095 1.0567547386816991e-07
61200.000000000095 3.2397314176625324e-07
61250.000000000095 3.826961202026236e-07
61300.000000000095 3.366605028924698e-07
61350.000000000095 3.607910472875385e-07
61400.000000000095 2.7839065937642806e-07
61450.000000000095 1.9900859443924105e-07
61500.000000000095 2.256669309707953e-07
61550.000000000095 1.884184147777266e-07
61600.000000000095 1.3367332646152957e-07
61650.000000000095 2.433813730538058e-07
61700.000000000095 1.8620464978603344e-07
61750.000000000095 2.3294699655264272e-07
61800.000000000095 2.540992981506063e-07
61850.000000000095 1.889862570846814e-07
61900.000000000095 2.8561582302319147e-07
61950.000000000095 3.033178941955575e-07
62000.000000000095 2.8793116264364836e-07
62050.000000000095 2.6916791443390086e-07
62100.000000000095 3.124301353525127e-07
62150.000000000095 3.16557766530328e-07
62200.000000000095 2.647927792100878e-07
62250.000000000095 2.974750014031388e-07
62300.000000000095 3.820511324449351e-07
62350.000000000095 2.9193020342146373e-07
62400.000000000095 1.8451824493598734e-07
62450.000000000095 2.671449852442572e-07
62500.000000000095 3.462859483792434e-07
62550.000000000095 3.2746147113279093e-07
62600.000000000095 3.5630911829610564e-07
62650.000000000095 2.59845462057563e-07
62700.000000000095 3.288098570713222e-07
62750.000000000095 3.965891751963738e-07
62800.000000000095 2.5900839090598445e-07
62850.000000000095 3.433492228277395e-07
62900.000000000095 2.647375003885682e-07
62950.000000000095 2.919228455257646e-07
63000.000000000095 3.109720057753983e-07
63050.000000000095 4.0330096484640653e-07
63100.000000000095 3.4587513061558483e-07
63150.000000000095 2.743544476367979e-07
63200.000000000095 3.578287404414125e-07
63250.000000000095 2.6227570245430556e-07
63300.000000000095 3.457339259308174e-07
63350.000000000095 3.075066384088752e-07
63400.000000000095 1.9974954550789958e-07
63450.000000000095 1.887476128991709e-07
63500.000000000095 3.1293664312352064e-07
63550.000000000095 2.721935860097871e-07
63600.000000000095 3.3273266584778535e-07
63650.000000000095 2.3493478019369232e-07
63700.000000000095 1.987278340698824e-07
63750.000000000095 2.697545484234922e-07
63800.000000000095 2.7423183144392617e-07
63850.000000000095 2.704468901666133e-07
63900.000000000095 2.1043713770746692e-07
63950.000000000095 2.9731262074882983e-07
64000.000000000095 3.053836672909197e-07
64050.000000000095 2.308963135434964e-07
64100.000000000095 1.0453298791197387e-07
64150.000000000095 1.405174955095948e-07
64200.000000000095 1.642731687525833e-07
64250.000000000095 2.4837058742799834e-07
64300.000000000095 1.968004991199434e-07
64350.000000000095 1.6853337027008295e-07
64400.000000000095 2.5348513887739216e-07
64450.000000000095 2.584016527133358e-07
64500.000000000095 1.6713173755448663e-07
64550.000000000095 2.3372973545736971e-07
64600.000000000095 1.3703630333694256e-07
64650.000000000095 1.964298480984193e-07
64700.000000000095 1.2877274654998507e-07
64750.000000000095 1.6137748194104985e-07
64800.000000000095 1.6403494036141307e-07
64850.000000000095 1.4893199528213347e-07
64900.000000000095 1.7584846560792965e-07
64950.000000000095 1.6132786522775238e-07
65000.000000000095 1.868744179952531e-07
65050.000000000095 1.8007257703254785e-07
65100.000000000095 2.1767257599975168e-07
65150.000000000095 1.5509849573652408e-07
65200.000000000095 1.3813394916363262e-07
65250.000000000095 2.1319104032006107e-07
65300.000000000095 1.650145190855479e-07
65350.000000000095 2.959445671773247e-07
65400.000000000095 1.7587066776498535e-07
65450.000000000095 1.8742182429139616e-07
65500.000000000095 2.1178611733290697e-07
65550.00000000009 1.4485699379546935e-07
65600.00000000009 1.7290946582786493e-07
65650.00000000009 1.9209266370134817e-07
65700.00000000009 1.6652124080018523e-07
65750.00000000009 1.4942292134133493e-07
65800.00000000009 2.0137829546793867e-07
65850.00000000009 2.112856747939445e-07
65900.00000000009 1.4609422867585298e-07
65950.00000000009 1.0986199610197025e-07
66000.00000000009 1.7285562134316018e-07
66050.00000000009 2.732768331003888e-07
66100.00000000009 1.8924000321225468e-07
66150.00000000009 1.2884624665001505e-07
66200.00000000009 1.4037075844083565e-07
66250.00000000009 1.3325815142403883e-07
66300.00000000009 8.005204925274588e-08
66350.00000000009 1.1294704614369331e-07
66400.00000000009 1.3102768939499598e-07
66450.00000000009 2.0547851653464262e-07
66500.00000000009 2.641709627713028e-07
66550.00000000009 2.6266534470432384e-07
66600.00000000009 2.0053291911623133e-07
66650.00000000009 2.0398019809859692e-07
66700.00000000009 1.7224114449799302e-07
66750.00000000009 1.577955463415841e-07
66800.00000000009 2.0081551710551914e-07
66850.00000000009 1.5357847083447286e-07
66900.00000000009 2.1200839955463171e-07
66950.00000000009 2.6392021597255824e-07
67000.00000000009 2.400910050773638e-07
67050.00000000009 1.8996147633788342e-07
67100.00000000009 1.5788855290658639e-07
67150.00000000009 1.658660811365117e-07
67200.00000000009 1.8126177734422202e-07
67250.00000000009 1.9627212273079117e-07
67300.00000000009 1.9137375447639016e-07
67350.00000000009 1.4112655438533333e-07
67400.00000000009 2.5734398479272257e-07
67450.00000000009 2.1330024022083132e-07
67500.00000000009 1.876630350901717e-07
67550.00000000009 2.1817268765192416e-07
67600.00000000009 3.116923612621557e-07
67650.00000000009 2.534528078880818e-07
67700.00000000009 2.0762827475568285e-07
67750.00000000009 1.916955545418218e-07
67800.00000000009 2.41210451763992e-07
67850.00000000009 1.542178507729444e-07
67900.00000000009 1.987553743146538e-07
67950.00000000009 1.2729284478573655e-07
68000.00000000009 1.7942939186442174e-07
68050.00000000009 2.501643428947455e-07
