galfind/configs/Brown_Dwarf_templates/sonora_cholla/logkzz4/31g/1100K_31g_logkzz4_resample.dat
# %ECSV 1.0
# ---
# datatype:
# - {name: wav, unit: Angstrom, datatype: float64}
# - {name: flux_nu, unit: erg / (cm2 Hz s), datatype: float64}
# schema: astropy-2.0
wav flux_nu
[from data line 388]
29400.000000000095 1.5683237551703206e-07
29450.000000000095 1.5075961825051875e-07
29500.000000000095 1.5258516790352455e-07
29550.000000000095 1.31770746363132e-07
29600.000000000095 1.946732268615368e-07
29650.000000000095 1.4865000591899895e-07
29700.000000000095 1.4596424031699657e-07
29750.000000000095 1.6578520928088744e-07
29800.000000000095 2.187806099742012e-07
29850.000000000095 2.1053399878752885e-07
29900.000000000095 1.7543926759484506e-07
29950.000000000095 1.628613185692809e-07
30000.000000000095 1.9266910288352973e-07
30050.000000000095 1.5923122571173304e-07
30100.000000000095 1.7255041703561866e-07
30150.000000000095 2.1713872778886255e-07
30200.000000000095 1.7645108836903153e-07
30250.000000000095 2.2751190095095347e-07
30300.000000000095 1.9951038058317646e-07
30350.000000000095 1.59060996623701e-07
30400.000000000095 2.0555240660563036e-07
30450.000000000095 1.7513171352585563e-07
30500.000000000095 1.67044043491724e-07
30550.000000000095 1.939740656299759e-07
30600.000000000095 1.975177487362868e-07
30650.000000000095 1.9057614991274524e-07
30700.000000000095 1.666262507177929e-07
30750.000000000095 1.4907698927852155e-07
30800.000000000095 1.5413779772246035e-07
30850.000000000095 1.5042678004311622e-07
30900.000000000095 1.5034564021779322e-07
30950.000000000095 1.0635830168019169e-07
31000.000000000095 1.3352325966883898e-07
31050.000000000095 1.296118547386151e-07
31100.000000000095 9.203799595718203e-08
31150.000000000095 1.1677234648288978e-07
31200.000000000095 1.1213807508484866e-07
31250.000000000095 1.0205741155476655e-07
31300.000000000095 9.903024190027009e-08
31350.000000000095 9.146434423018177e-08
31400.000000000095 6.487427671468425e-08
31450.000000000095 9.661287766272006e-08
31500.000000000095 7.464630614583044e-08
31550.000000000095 9.447068920212558e-08
31600.000000000095 6.564033944016608e-08
31650.000000000095 7.497852487725075e-08
31700.000000000095 7.233017338427948e-08
31750.000000000095 6.347695510284234e-08
31800.000000000095 6.892921538826585e-08
31850.000000000095 6.845447645467845e-08
31900.000000000095 6.023497773709e-08
31950.000000000095 6.717723448453719e-08
32000.000000000095 6.321171167197327e-08
32050.000000000095 4.8970713027761756e-08
32100.000000000095 4.814181305289321e-08
32150.000000000095 6.215283347183038e-08
32200.000000000095 5.304210605086672e-08
32250.000000000095 6.314092265221089e-08
32300.000000000095 4.686294769781946e-08
32350.000000000095 7.940002576759525e-08
32400.000000000095 6.187258485951354e-08
32450.000000000095 7.914493618044754e-08
32500.000000000095 6.053028998673031e-08
32550.000000000095 7.71002825407967e-08
32600.000000000095 8.562065657519745e-08
32650.000000000095 1.026710677862825e-07
32700.000000000095 7.6558927049646e-08
32750.000000000095 1.1353832025917676e-07
32800.000000000095 7.603831048379e-08
32850.000000000095 1.0767790744905588e-07
32900.000000000095 1.1933141124913521e-07
32950.000000000095 1.2059985055625193e-07
33000.000000000095 1.1133166640587684e-07
33050.000000000095 1.0487247142923686e-07
33100.000000000095 5.915363569108459e-08
33150.000000000095 2.8004058030703193e-08
33200.000000000095 2.7909865195910985e-08
33250.000000000095 1.376859421263142e-08
33300.000000000095 1.359408993601332e-08
33350.000000000095 2.351462426764925e-08
33400.000000000095 3.156502324060825e-08
33450.000000000095 4.0390902189405695e-08
33500.000000000095 4.945905227858906e-08
33550.000000000095 5.089123868412363e-08
33600.000000000095 7.496796622226086e-08
33650.000000000095 7.64164487077518e-08
33700.000000000095 7.466010421576273e-08
33750.000000000095 9.315516474872773e-08
33800.000000000095 8.09063176779876e-08
33850.000000000095 1.012304781815823e-07
33900.000000000095 8.969793869398091e-08
33950.000000000095 9.406611089491292e-08
34000.000000000095 9.98307698755832e-08
34050.000000000095 5.85245626961485e-08
34100.000000000095 9.955807411580195e-08
34150.000000000095 8.059828037208184e-08
34200.000000000095 9.720805346488985e-08
34250.000000000095 7.98479692492684e-08
34300.000000000095 6.468705836476288e-08
34350.000000000095 8.057709137408904e-08
34400.000000000095 7.895575671748262e-08
34450.000000000095 9.9518905879536e-08
34500.000000000095 9.098694447445976e-08
34550.000000000095 6.523114508758423e-08
34600.000000000095 1.0259810059651195e-07
34650.000000000095 7.718861073260009e-08
34700.000000000095 7.89332033349421e-08
34750.000000000095 7.541286245162893e-08
34800.000000000095 5.675198235064361e-08
34850.000000000095 8.012567038489972e-08
34900.000000000095 9.950364377702249e-08
34950.000000000095 7.901416380828077e-08
35000.000000000095 1.0712721573423213e-07
35050.000000000095 8.948438034608825e-08
35100.000000000095 1.0356821580584852e-07
35150.000000000095 9.876199180222015e-08
35200.000000000095 1.414442843449276e-07
35250.000000000095 1.2891713353669627e-07
35300.000000000095 9.215478778365168e-08
35350.000000000095 1.311668882424248e-07
35400.000000000095 1.2004327529158832e-07
35450.000000000095 1.0876157201944508e-07
35500.000000000095 1.6260298311567678e-07
35550.000000000095 1.4906213317786937e-07
35600.000000000095 1.478014101184052e-07
35650.000000000095 1.4565443274434126e-07
35700.000000000095 1.0944895397897964e-07
35750.000000000095 1.721160167469913e-07
35800.000000000095 1.6792564828733519e-07
35850.000000000095 1.238900062090372e-07
35900.000000000095 1.879122561325504e-07
35950.000000000095 1.6610610567250438e-07
36000.000000000095 1.321575854600274e-07
36050.000000000095 1.8238581706881386e-07
36100.000000000095 1.711439525771449e-07
36150.000000000095 1.7890810717946335e-07
36200.000000000095 1.8234370424334957e-07
36250.000000000095 1.9032339707654114e-07
36300.000000000095 2.1208681867854162e-07
36350.000000000095 2.2827098777746857e-07
36400.000000000095 2.515080090005264e-07
36450.000000000095 2.452889872176978e-07
36500.000000000095 2.6270281553171115e-07
36550.000000000095 2.387973684863973e-07
36600.000000000095 2.8765200061164616e-07
36650.000000000095 2.99015301203368e-07
36700.000000000095 3.283716472337022e-07
36750.000000000095 3.466306962738891e-07
36800.000000000095 3.2511414482968627e-07
36850.000000000095 3.16532227048441e-07
36900.000000000095 3.15655321054439e-07
36950.000000000095 3.517813321074081e-07
37000.000000000095 3.350097646214785e-07
37050.000000000095 3.5479209001232976e-07
37100.000000000095 3.8426829243253566e-07
37150.000000000095 3.9002944042609885e-07
37200.000000000095 3.8620265911868145e-07
37250.000000000095 3.4774265825135684e-07
37300.000000000095 3.7660304604593625e-07
37350.000000000095 3.762087400401985e-07
37400.000000000095 4.5025059667710045e-07
37450.000000000095 4.299754111999637e-07
37500.000000000095 3.792846202435651e-07
37550.000000000095 4.837331011252081e-07
37600.000000000095 5.156224321133462e-07
37650.000000000095 4.3410179906284356e-07
37700.000000000095 4.5725456490699354e-07
37750.000000000095 4.0087542045610436e-07
37800.000000000095 4.475102545275591e-07
37850.000000000095 4.1443117820874674e-07
37900.000000000095 4.672948227757827e-07
37950.000000000095 5.174286659581559e-07
38000.000000000095 5.551333069633561e-07
38050.000000000095 5.018004194571309e-07
38100.000000000095 5.376790949040924e-07
38150.000000000095 5.539266603855166e-07
38200.000000000095 6.228129690702958e-07
38250.000000000095 5.663641493400241e-07
38300.000000000095 6.187125998582857e-07
38350.000000000095 6.654286571213487e-07
38400.000000000095 5.182082785303412e-07
38450.000000000095 6.074692022878167e-07
38500.000000000095 5.517141535503557e-07
38550.000000000095 6.023905185026727e-07
38600.000000000095 6.290434376350603e-07
38650.000000000095 7.383869908224799e-07
38700.000000000095 6.856248948533201e-07
38750.000000000095 6.682963649212094e-07
38800.000000000095 6.395637186173663e-07
38850.000000000095 7.387841847761563e-07
38900.000000000095 7.109546733520147e-07
38950.000000000095 7.011103713551182e-07
39000.000000000095 7.998736278300403e-07
39050.000000000095 7.391745097028316e-07
39100.000000000095 6.823359653423096e-07
39150.000000000095 7.39569305961467e-07
39200.000000000095 7.035315619583763e-07
39250.000000000095 7.970498719315507e-07
39300.000000000095 7.883995842074957e-07
39350.000000000095 8.879469548229853e-07
39400.000000000095 8.989338219020963e-07
39450.000000000095 8.777183159894053e-07
39500.000000000095 7.070014960000102e-07
39550.000000000095 7.906537013566614e-07
39600.000000000095 8.411948308368392e-07
39650.000000000095 8.918889591947996e-07
39700.000000000095 8.149483123922092e-07
39750.000000000095 7.533410479797786e-07
39800.000000000095 8.647234590310234e-07
39850.000000000095 8.764746182931501e-07
39900.000000000095 8.478599019577265e-07
39950.000000000095 8.659871602828991e-07
40000.000000000095 8.483562446173558e-07
40050.000000000095 9.241169093298769e-07
40100.000000000095 8.777345054516151e-07
40150.000000000095 1.0147396008492787e-06
40200.000000000095 1.0462658602046869e-06
40250.000000000095 8.215914718618674e-07
40300.000000000095 9.171879664788197e-07
40350.000000000095 8.799685695304448e-07
40400.000000000095 9.639083679863213e-07
40450.000000000095 9.387380457997116e-07
40500.000000000095 8.44646271221103e-07
40550.000000000095 9.612641284476532e-07
40600.000000000095 8.295746303141863e-07
40650.000000000095 1.0191475538639301e-06
40700.000000000095 1.1080276521142217e-06
40750.000000000095 9.525825735063504e-07
40800.000000000095 8.41682648571494e-07
40850.000000000095 9.529180941789952e-07
40900.000000000095 8.128727982677685e-07
40950.000000000095 8.783583559473846e-07
41000.000000000095 9.195537421455905e-07
41050.000000000095 1.0133835444991793e-06
41100.000000000095 8.444540104956057e-07
41150.000000000095 7.951949669293717e-07
41200.000000000095 9.228880647489202e-07
41250.000000000095 9.558919576249299e-07
41300.000000000095 7.268692263278686e-07
41350.000000000095 9.758647241461399e-07
41400.000000000095 9.323162480263172e-07
41450.000000000095 9.353070860075515e-07
41500.000000000095 9.035703677315778e-07
41550.000000000095 8.553673816299014e-07
41600.000000000095 9.220528585656085e-07
41650.000000000095 7.955382588899947e-07
41700.000000000095 8.171967204370796e-07
41750.000000000095 6.578771233634213e-07
41800.000000000095 8.987134827010582e-07
41850.000000000095 5.172143674698864e-07
41900.000000000095 7.49006220946847e-07
41950.000000000095 6.977782842258399e-07
42000.000000000095 7.115095751575125e-07
42050.000000000095 5.684233201086474e-07
42100.000000000095 6.479716620728377e-07
42150.000000000095 4.985561953512811e-07
42200.000000000095 5.951607731908045e-07
42250.000000000095 4.972870583991806e-07
42300.000000000095 5.617112919584355e-07
42350.000000000095 5.461795692494693e-07
42400.000000000095 4.5037866161220513e-07
42450.000000000095 3.837042535136803e-07
42500.000000000095 4.336523731605655e-07
42550.000000000095 4.671445583391172e-07
42600.000000000095 4.769113834496664e-07
42650.000000000095 5.565038900213451e-07
42700.000000000095 4.747709060515155e-07
42750.000000000095 4.818835879081887e-07
42800.000000000095 4.1284782622821243e-07
42850.000000000095 4.826253547954898e-07
42900.000000000095 4.884034234184535e-07
42950.000000000095 4.017852859404605e-07
43000.000000000095 5.111431878657257e-07
43050.000000000095 3.853212869767328e-07
43100.000000000095 4.995378236748669e-07
43150.000000000095 5.22601882841737e-07
43200.000000000095 5.10891282807806e-07
43250.000000000095 4.1045479597284175e-07
43300.000000000095 5.369443592278369e-07
43350.000000000095 4.742437003154058e-07
43400.000000000095 5.501670767482859e-07
43450.000000000095 4.038816010560112e-07
43500.000000000095 3.718422149325444e-07
43550.000000000095 3.932506138156628e-07
43600.000000000095 4.948147931930826e-07
43650.000000000095 3.4386556738144004e-07
43700.000000000095 5.072214943763953e-07
43750.000000000095 4.842569321110071e-07
43800.000000000095 3.883939385366638e-07
43850.000000000095 4.633078021504392e-07
43900.000000000095 2.99353508049474e-07
43950.000000000095 3.899041181887783e-07
44000.000000000095 2.740762322308635e-07
44050.000000000095 3.7970857220227714e-07
44100.000000000095 3.7797714921233616e-07
44150.000000000095 3.947550433659538e-07
44200.000000000095 3.245823165158735e-07
44250.000000000095 3.314354411789921e-07
44300.000000000095 3.0404944044091777e-07
44350.000000000095 2.407752681088764e-07
44400.000000000095 2.8033796397924283e-07
44450.000000000095 2.745592357657371e-07
44500.000000000095 2.1547057814382542e-07
44550.000000000095 2.509166873632838e-07
44600.000000000095 2.1429277947507536e-07
44650.000000000095 2.469859898064205e-07
44700.000000000095 2.2662649477520466e-07
44750.000000000095 2.409690083372329e-07
44800.000000000095 2.2656450342172687e-07
44850.000000000095 2.0667892450617123e-07
44900.000000000095 1.731636246224811e-07
44950.000000000095 1.7897312257399502e-07
45000.000000000095 1.8070520788230137e-07
45050.000000000095 1.9152058994201832e-07
45100.000000000095 1.702661760910512e-07
45150.000000000095 1.6584953491336547e-07
45200.000000000095 1.3800245471269686e-07
45250.000000000095 1.4675720940477162e-07
45300.000000000095 1.6292634503752326e-07
45350.000000000095 1.6886095109877042e-07
45400.000000000095 1.2752042722124462e-07
45450.000000000095 1.3223796090660457e-07
45500.000000000095 1.3376525067546781e-07
45550.000000000095 1.5467497270712418e-07
45600.000000000095 1.2731222836206357e-07
45650.000000000095 1.3105605740071522e-07
45700.000000000095 1.640230908636066e-07
45750.000000000095 1.4321946551951154e-07
45800.000000000095 1.2602611226009325e-07
45850.000000000095 1.7976546540671707e-07
45900.000000000095 1.7486132980883258e-07
45950.000000000095 1.3072951719521042e-07
46000.000000000095 1.663054009454009e-07
46050.000000000095 1.7894467981032992e-07
46100.000000000095 1.3221696081560698e-07
46150.000000000095 1.7640286914217514e-07
46200.000000000095 1.6237259424387135e-07
46250.000000000095 1.0169152265385506e-07
46300.000000000095 1.9273729087240522e-07
46350.000000000095 1.362893323249662e-07
46400.000000000095 1.6890453571220076e-07
46450.000000000095 2.1550334717147905e-07
46500.000000000095 1.6424340359168886e-07
46550.000000000095 2.1887363518061467e-07
46600.000000000095 2.222919124199502e-07
46650.000000000095 3.2994453986678756e-07
46700.000000000095 2.4871963433990883e-07
46750.000000000095 2.0778104768956922e-07
46800.000000000095 1.7198241809302464e-07
46850.000000000095 2.252474024202041e-07
46900.000000000095 1.9247505201732107e-07
46950.000000000095 2.485261779055192e-07
47000.000000000095 1.6064593322353905e-07
47050.000000000095 2.6909674249616314e-07
47100.000000000095 1.5047190546048028e-07
47150.000000000095 1.753934150965714e-07
47200.000000000095 2.0623362473197022e-07
47250.000000000095 1.5748877926338003e-07
47300.000000000095 1.8079283850031665e-07
47350.000000000095 1.3797659674764918e-07
47400.000000000095 2.228246225277414e-07
47450.000000000095 1.425616923496691e-07
47500.000000000095 2.3863341222425335e-07
47550.000000000095 1.461417661652264e-07
47600.000000000095 2.2438277919478843e-07
47650.000000000095 1.4970899713345435e-07
47700.000000000095 2.1090461024252063e-07
47750.000000000095 1.2778106588614003e-07
47800.000000000095 2.054046099668007e-07
47850.000000000095 1.1605144576889372e-07
47900.000000000095 1.999049936434976e-07
47950.000000000095 1.50897002626703e-07
48000.000000000095 2.5295949689090564e-07
48050.000000000095 1.7176791231139317e-07
48100.000000000095 2.265458444367712e-07
48150.000000000095 1.630716958338942e-07
48200.000000000095 2.3435345452289844e-07
48250.000000000095 1.8165132399427038e-07
48300.000000000095 2.802252457263524e-07
48350.000000000095 1.5817796018410496e-07
48400.000000000095 2.247694843679219e-07
48450.000000000095 1.492957677309964e-07
48500.000000000095 2.769660877952052e-07
48550.000000000095 1.483543652752498e-07
48600.000000000095 2.5239277921510907e-07
48650.000000000095 1.4964697656158354e-07
48700.000000000095 2.666216066874488e-07
