galfind/configs/Brown_Dwarf_templates/sonora_cholla/logkzz4/31g/1150K_31g_logkzz4_resample.dat
# %ECSV 1.0
# ---
# datatype:
# - {name: wav, unit: Angstrom, datatype: float64}
# - {name: flux_nu, unit: erg / (cm2 Hz s), datatype: float64}
# schema: astropy-2.0
wav flux_nu
10000.000000000093 nan
10050.000000000093 2.0232774296453968e-07
10100.000000000093 2.419993660401072e-07
10150.000000000093 2.5561243072233945e-07
10200.000000000093 2.8421178231325357e-07
10250.000000000093 3.0275693294569305e-07
10300.000000000093 3.03233700341768e-07
10350.000000000093 3.480228847123e-07
10400.000000000093 3.904742502587945e-07
10450.000000000093 3.888280253525002e-07
10500.000000000093 3.574678123681769e-07
10550.000000000093 3.501461365794305e-07
10600.000000000093 3.618815674389946e-07
10650.000000000093 4.049041966699675e-07
10700.000000000093 4.341996186921664e-07
10750.000000000093 4.6807573080983466e-07
10800.000000000093 4.916537177976879e-07
10850.000000000093 5.373243834271018e-07
10900.000000000093 4.5075949355980085e-07
10950.000000000093 3.175481028906381e-07
11000.000000000093 2.971276093523386e-07
11050.000000000093 2.4623126176121e-07
11100.000000000093 2.40487304152808e-07
11150.000000000093 1.9822116448125434e-07
11200.000000000093 1.9036671140570844e-07
11250.000000000093 2.3018229415453187e-07
11300.000000000093 2.229772199208632e-07
11350.000000000093 1.3687077115279908e-07
11400.000000000093 2.180015208102862e-07
11450.000000000093 1.7533463791544646e-07
11500.000000000093 2.139571637480842e-07
11550.000000000093 1.7187372455931184e-07
11600.000000000093 1.8015490445089272e-07
11650.000000000093 1.9923749067578152e-07
11700.000000000093 2.1540433553854375e-07
11750.000000000093 1.8164771814174177e-07
11800.000000000093 2.2862127903922784e-07
11850.000000000093 2.77801353315976e-07
11900.000000000093 2.844087308829353e-07
11950.000000000093 3.555979651096669e-07
12000.000000000093 3.649396299388847e-07
12050.000000000093 4.303806526585247e-07
12100.000000000093 4.686544213697096e-07
12150.000000000093 4.958072203522588e-07
12200.000000000093 5.669185437219677e-07
12250.000000000093 6.282145317598208e-07
12300.000000000093 6.591680822233973e-07
12350.000000000093 6.97733958826528e-07
12400.000000000093 7.079720249802375e-07
12450.000000000093 7.869915963825516e-07
12500.000000000093 8.380646156021814e-07
12550.000000000093 8.712093500889882e-07
12600.000000000093 8.792892128865508e-07
12650.000000000093 8.827248048954306e-07
12700.000000000093 9.455351497210417e-07
12750.000000000093 8.969379090398808e-07
12800.000000000093 9.291200736776603e-07
12850.000000000093 8.649075615646182e-07
12900.000000000093 7.972929904233939e-07
12950.000000000093 8.645386573578129e-07
13000.000000000093 8.38784024834115e-07
13050.000000000093 8.317041798355573e-07
13100.000000000093 7.559845372869831e-07
13150.000000000093 6.863514800912717e-07
13200.000000000093 6.661094288562967e-07
13250.000000000093 5.458010633680619e-07
13300.000000000093 3.333749715521581e-07
13350.000000000093 1.3889124458389132e-07
13400.000000000093 8.526400415447428e-08
13450.000000000093 5.495672681459938e-08
13500.000000000093 3.6243685390298646e-08
13550.000000000093 3.252167470461891e-08
13600.000000000093 2.2554744253226985e-08
13650.000000000093 4.5947464510844826e-08
13700.000000000093 4.0099301966144746e-08
13750.000000000093 3.8270886692798533e-08
13800.000000000093 5.223547922210288e-08
13850.000000000093 4.177784286783184e-08
13900.000000000093 4.3523129122394385e-08
13950.000000000093 3.858125596485177e-08
14000.000000000093 3.3681082853801034e-08
14050.000000000093 4.094939005720546e-08
14100.000000000093 3.1995955083224573e-08
14150.000000000093 3.946044711142488e-08
14200.000000000093 3.4528719836451716e-08
14250.000000000093 3.3737315960672625e-08
14300.000000000093 4.2013153989016355e-08
14350.000000000093 4.039003946925593e-08
14400.000000000093 5.107566309788082e-08
14450.000000000093 5.10549929086873e-08
14500.000000000093 8.167104751257163e-08
14550.000000000093 8.16769194359626e-08
14600.000000000093 9.82046589013765e-08
14650.000000000093 1.0928956210486417e-07
14700.000000000093 8.049723854612918e-08
14750.000000000093 1.0465965997710831e-07
14800.000000000093 1.2472618239258527e-07
14850.000000000093 1.2390261465292523e-07
14900.000000000093 1.3997120614750802e-07
14950.000000000093 1.4796623588291212e-07
15000.000000000093 1.5374416096806787e-07
15050.000000000093 1.950092420740294e-07
15100.000000000093 2.089014238768086e-07
15150.000000000093 2.2982184422653284e-07
15200.000000000093 1.9969501428832892e-07
15250.000000000093 2.339469669359966e-07
15300.000000000093 2.6747438187783997e-07
15350.000000000093 3.0769588029815207e-07
15400.000000000093 3.2951704986435614e-07
15450.000000000093 3.7795155622075267e-07
15500.000000000093 3.9414612643687317e-07
15550.000000000093 4.42355493685796e-07
15600.000000000093 4.5988154216110106e-07
15650.000000000093 4.7395633799998777e-07
15700.000000000093 5.550874715238318e-07
15750.000000000093 5.922847276956486e-07
15800.000000000093 5.727701149810261e-07
15850.000000000093 6.343646445879887e-07
15900.000000000093 6.261199829484215e-07
15950.000000000093 6.454642477622521e-07
16000.000000000093 6.823675934040146e-07
16050.000000000093 6.792569179281027e-07
16100.000000000093 6.873086909351372e-07
16150.000000000093 5.726868213628763e-07
16200.000000000093 5.317614700825202e-07
16250.000000000093 5.55986191508547e-07
16300.000000000093 5.370646026327604e-07
16350.000000000093 5.5895386535218e-07
16400.000000000095 6.103122167510341e-07
16450.000000000095 6.345508019920298e-07
16500.000000000095 6.594615939989762e-07
16550.000000000095 6.413255057019929e-07
16600.000000000095 6.058887662489487e-07
16650.000000000095 5.889970382852856e-07
16700.000000000095 4.1690638647804545e-07
16750.000000000095 4.792523011728267e-07
16800.000000000095 5.925494586398187e-07
16850.000000000095 5.693186856880417e-07
16900.000000000095 5.518151450785769e-07
16950.000000000095 4.998426499790804e-07
17000.000000000095 4.654860785750408e-07
17050.000000000095 5.055072918985345e-07
17100.000000000095 4.995771230372442e-07
17150.000000000095 4.2698845799500706e-07
17200.000000000095 4.347315240445364e-07
17250.000000000095 3.834133281077776e-07
17300.000000000095 3.447418240404485e-07
17350.000000000095 3.3107235654377915e-07
17400.000000000095 3.1043855711349603e-07
17450.000000000095 3.0637746856254793e-07
17500.000000000095 3.1683531220388264e-07
17550.000000000095 2.6603385214873947e-07
17600.000000000095 2.5803791771025604e-07
17650.000000000095 2.5422279092613843e-07
17700.000000000095 1.7005906901192497e-07
17750.000000000095 1.628924450482765e-07
17800.000000000095 1.9935457162199488e-07
17850.000000000095 1.3303884191690365e-07
17900.000000000095 1.5575415418334074e-07
17950.000000000095 1.226902007596746e-07
18000.000000000095 1.2690205418490736e-07
18050.000000000095 1.2735479647921203e-07
18100.000000000095 1.0739700626053454e-07
18150.000000000095 1.5344673359295702e-07
18200.000000000095 1.0229664833432054e-07
18250.000000000095 1.7264542674005746e-07
18300.000000000095 1.2662303443366697e-07
18350.000000000095 1.1632385052112408e-07
18400.000000000095 1.0533131320948385e-07
18450.000000000095 1.0324634969676326e-07
18500.000000000095 1.233049804819752e-07
18550.000000000095 9.600717738620355e-08
18600.000000000095 7.614121388352191e-08
18650.000000000095 8.031903859969563e-08
18700.000000000095 8.907439506471456e-08
18750.000000000095 8.737082727862285e-08
18800.000000000095 1.3361930024838937e-07
18850.000000000095 1.6182598507945498e-07
18900.000000000095 1.5312011257051472e-07
18950.000000000095 1.9156666141680773e-07
19000.000000000095 1.691886806532019e-07
19050.000000000095 1.4141146562463843e-07
19100.000000000095 1.8975201134898295e-07
19150.000000000095 1.8114435534890948e-07
19200.000000000095 1.7529751615533854e-07
19250.000000000095 1.7034486177667006e-07
19300.000000000095 1.5774119710153755e-07
19350.000000000095 1.418144064872818e-07
19400.000000000095 9.755374755621301e-08
19450.000000000095 1.590288704922039e-07
19500.000000000095 1.4139429761406984e-07
19550.000000000095 1.1586907531695004e-07
19600.000000000095 1.5481065661234438e-07
19650.000000000095 1.5951157088467195e-07
19700.000000000095 1.6251475706523984e-07
19750.000000000095 1.5513717888218143e-07
19800.000000000095 1.789012805118743e-07
19850.000000000095 1.9444175215343897e-07
19900.000000000095 1.412715477361762e-07
19950.000000000095 2.1979614860034815e-07
20000.000000000095 2.2097292587143983e-07
20050.000000000095 2.3355109967658603e-07
20100.000000000095 2.482578090032977e-07
20150.000000000095 2.3286285026621094e-07
20200.000000000095 2.7857919743086247e-07
20250.000000000095 3.118582169081241e-07
20300.000000000095 2.7755859196578917e-07
20350.000000000095 3.112536528450742e-07
20400.000000000095 3.082822946340419e-07
20450.000000000095 3.8061324472226243e-07
20500.000000000095 3.79070867280599e-07
20550.000000000095 3.55388853751304e-07
20600.000000000095 4.3534421476739583e-07
20650.000000000095 3.962426173387707e-07
20700.000000000095 4.1784528305421714e-07
20750.000000000095 4.838307987380451e-07
20800.000000000095 4.775035695769477e-07
20850.000000000095 4.666370107540595e-07
20900.000000000095 5.041529420500615e-07
20950.000000000095 4.7656559913950035e-07
21000.000000000095 5.258692315110063e-07
21050.000000000095 5.004200905218274e-07
21100.000000000095 5.129795024825772e-07
21150.000000000095 5.043784740183402e-07
21200.000000000095 4.921249079967703e-07
21250.000000000095 5.111591033632865e-07
21300.000000000095 4.657508826914301e-07
21350.000000000095 5.114016925528817e-07
21400.000000000095 4.459848532616605e-07
21450.000000000095 4.674090626077395e-07
21500.000000000095 4.57569942977054e-07
21550.000000000095 4.3786148234686556e-07
21600.000000000095 4.351499612300812e-07
21650.000000000095 3.8585001177175334e-07
21700.000000000095 4.225565679575666e-07
21750.000000000095 3.836929103665234e-07
21800.000000000095 3.5322410696693523e-07
21850.000000000095 3.2103298772539885e-07
21900.000000000095 3.101947656831093e-07
21950.000000000095 2.004199901355637e-07
22000.000000000095 1.5976310401043744e-07
22050.000000000095 1.1589758018670871e-07
22100.000000000095 1.520266459709255e-07
22150.000000000095 1.7564357809195484e-07
22200.000000000095 1.7943179141402216e-07
22250.000000000095 1.6138014848531024e-07
22300.000000000095 1.6609530426685384e-07
22350.000000000095 1.522908959637343e-07
22400.000000000095 1.444171388416285e-07
22450.000000000095 1.2151753522134392e-07
22500.000000000095 1.3438894498766615e-07
22550.000000000095 9.431611789593856e-08
22600.000000000095 1.1472216679466402e-07
22650.000000000095 1.0486565411095963e-07
22700.000000000095 1.0414105912174121e-07
22750.000000000095 1.0814525188507627e-07
22800.000000000095 9.762772541313789e-08
22850.000000000095 8.820224231447517e-08
22900.000000000095 8.154136390369145e-08
22950.000000000095 8.069043153026952e-08
23000.000000000095 6.027342716586029e-08
23050.000000000095 8.649856684256048e-08
23100.000000000095 1.0775246265010123e-07
23150.000000000095 1.1153742838509917e-07
23200.000000000095 6.713615662431528e-08
23250.000000000095 6.16757898147095e-08
23300.000000000095 5.883537799003491e-08
23350.000000000095 5.122379765948002e-08
23400.000000000095 6.683323203842252e-08
23450.000000000095 6.104266704023249e-08
23500.000000000095 6.368002352373272e-08
23550.000000000095 8.601706743938358e-08
23600.000000000095 8.562836983548166e-08
23650.000000000095 9.972631744477467e-08
23700.000000000095 7.12476047178634e-08
23750.000000000095 6.454914519756664e-08
23800.000000000095 6.42742093181446e-08
23850.000000000095 6.788424849382087e-08
23900.000000000095 9.813356767050104e-08
23950.000000000095 1.0017486284888363e-07
24000.000000000095 1.2622512097084356e-07
24050.000000000095 1.272324718059021e-07
24100.000000000095 1.074316779681786e-07
24150.000000000095 1.1322001062594775e-07
24200.000000000095 1.2514786305040207e-07
24250.000000000095 1.1542091298425751e-07
24300.000000000095 1.1721960289827967e-07
24350.000000000095 1.100942031175651e-07
24400.000000000095 1.493270134326626e-07
24450.000000000095 1.2189951648103797e-07
24500.000000000095 1.39367708620069e-07
24550.000000000095 1.2442952557401393e-07
24600.000000000095 1.424557633034105e-07
24650.000000000095 1.5169524180403066e-07
24700.000000000095 1.241273381235732e-07
24750.000000000095 1.1238915758687741e-07
24800.000000000095 1.1884859755873071e-07
24850.000000000095 1.5469396924954296e-07
24900.000000000095 8.71900118273237e-08
24950.000000000095 1.4252190029905098e-07
25000.000000000095 1.3168396005406036e-07
25050.000000000095 1.0379503597473725e-07
25100.000000000095 1.2523571322622097e-07
25150.000000000095 8.21258512513499e-08
25200.000000000095 1.093688692201172e-07
25250.000000000095 8.010031302623383e-08
25300.000000000095 1.1551978671079369e-07
25350.000000000095 6.082842824512524e-08
25400.000000000095 1.0208470991896074e-07
25450.000000000095 7.649924581973788e-08
25500.000000000095 7.102081680771937e-08
25550.000000000095 8.836180866445894e-08
25600.000000000095 7.005288628463677e-08
25650.000000000095 6.012191069744384e-08
25700.000000000095 1.0412187429489846e-07
25750.000000000095 5.9107787295971454e-08
25800.000000000095 1.018693530836832e-07
25850.000000000095 5.8518510362217274e-08
25900.000000000095 7.780984319736486e-08
25950.000000000095 5.7218697890395724e-08
26000.000000000095 9.42938732554918e-08
26050.000000000095 8.41979205559184e-08
26100.000000000095 1.0896583137298329e-07
26150.000000000095 9.30417869680614e-08
26200.000000000095 1.0732511409831541e-07
26250.000000000095 1.1551202640800231e-07
26300.000000000095 9.288483257589456e-08
26350.000000000095 1.261740256837411e-07
26400.000000000095 1.5587877262417197e-07
26450.000000000095 1.399739756440312e-07
26500.000000000095 1.2510496994272168e-07
26550.000000000095 1.1538806952801911e-07
26600.000000000095 1.429229363743489e-07
26650.000000000095 7.883793009670056e-08
26700.000000000095 6.264187798521297e-08
26750.000000000095 5.426508507282557e-08
26800.000000000095 7.923731580654667e-08
26850.000000000095 4.940159327729611e-08
26900.000000000095 8.858046297793356e-08
26950.000000000095 4.869994453739061e-08
27000.000000000095 1.0393305764033534e-07
27050.000000000095 9.030571802184659e-08
27100.000000000095 7.328104373907202e-08
27150.000000000095 1.1727863256065304e-07
27200.000000000095 7.621872488858459e-08
27250.000000000095 8.568964314272891e-08
27300.000000000095 1.5125869208160584e-07
27350.000000000095 1.1614857907229294e-07
27400.000000000095 5.023849068267395e-08
27450.000000000095 1.520938085115701e-07
27500.000000000095 1.3197142514268055e-07
27550.000000000095 9.528775582783382e-08
27600.000000000095 1.5479060845954775e-07
27650.000000000095 7.691434362563946e-08
27700.000000000095 6.09230295518357e-08
27750.000000000095 1.4346199097215822e-07
27800.000000000095 7.915475734761815e-08
27850.000000000095 9.04399284215838e-08
27900.000000000095 1.1171016217064731e-07
27950.000000000095 1.0505309121611759e-07
28000.000000000095 1.2852461436924567e-07
28050.000000000095 6.540930671864014e-08
28100.000000000095 1.480053558462514e-07
28150.000000000095 1.2566588149491915e-07
28200.000000000095 5.947258762120934e-08
28250.000000000095 1.482291494868866e-07
28300.000000000095 1.993750838967711e-07
28350.000000000095 6.780899838878512e-08
28400.000000000095 1.4284632368185738e-07
28450.000000000095 1.3646194164193476e-07
28500.000000000095 1.3223687044517685e-07
28550.000000000095 6.217012070712047e-08
28600.000000000095 1.504379882853972e-07
28650.000000000095 1.5082104692145321e-07
28700.000000000095 1.2437474426863414e-07
28750.000000000095 1.7048068752971326e-07
28800.000000000095 1.3453091596614856e-07
28850.000000000095 1.982093495664853e-07
28900.000000000095 8.984908487527673e-08
28950.000000000095 1.8109706415687542e-07
29000.000000000095 1.2073582804954006e-07
29050.000000000095 1.492258153709571e-07
29100.000000000095 9.480746832997242e-08
29150.000000000095 1.825186721288759e-07
29200.000000000095 1.3619260320223523e-07
29250.000000000095 1.9092292948412518e-07
29300.000000000095 1.139290110168757e-07
