galfind/configs/Brown_Dwarf_templates/sonora_cholla/logkzz4/31g/1200K_31g_logkzz4_resample.dat
# %ECSV 1.0
# ---
# datatype:
# - {name: wav, unit: Angstrom, datatype: float64}
# - {name: flux_nu, unit: erg / (cm2 Hz s), datatype: float64}
# schema: astropy-2.0
wav flux_nu
10000.000000000093 nan
10050.000000000093 2.1686553699291808e-07
10100.000000000093 2.5920852224975374e-07
10150.000000000093 2.72658243030552e-07
10200.000000000093 3.021189601547285e-07
10250.000000000093 3.2041522193571124e-07
10300.000000000093 3.1934645319167875e-07
10350.000000000093 3.6622775052884667e-07
10400.000000000093 4.1121618066431223e-07
10450.000000000093 4.1005654647377266e-07
10500.000000000093 3.7806265574161645e-07
10550.000000000093 3.7049978120581073e-07
10600.000000000093 3.832322544913052e-07
10650.000000000093 4.2906958245205665e-07
10700.000000000093 4.5982719563129445e-07
10750.000000000093 4.967007488407453e-07
10800.000000000093 5.236353795641155e-07
10850.000000000093 5.753495255544695e-07
10900.000000000093 4.870706900044873e-07
10950.000000000093 3.500774386530655e-07
11000.000000000093 3.305490913415853e-07
11050.000000000093 2.740466372857865e-07
11100.000000000093 2.728121341726856e-07
11150.000000000093 2.290792945714449e-07
11200.000000000093 2.2151814394142654e-07
11250.000000000093 2.674273175917417e-07
11300.000000000093 2.572952660963541e-07
11350.000000000093 1.6329908104299692e-07
11400.000000000093 2.533683986921751e-07
11450.000000000093 2.059343370954785e-07
11500.000000000093 2.547885324944485e-07
11550.000000000093 2.1285810734254299e-07
11600.000000000093 2.224883872289507e-07
11650.000000000093 2.404083710410826e-07
11700.000000000093 2.5881856216260424e-07
11750.000000000093 2.3038866455709167e-07
11800.000000000093 2.7329903433381773e-07
11850.000000000093 3.2354515694547704e-07
11900.000000000093 3.3014398087640366e-07
11950.000000000093 4.051040892670588e-07
12000.000000000093 4.082594615037061e-07
12050.000000000093 4.794902115166212e-07
12100.000000000093 5.168074535387201e-07
12150.000000000093 5.446085692173889e-07
12200.000000000093 6.194096522060211e-07
12250.000000000093 6.837274032599302e-07
12300.000000000093 7.143699484879922e-07
12350.000000000093 7.549837480384209e-07
12400.000000000093 7.581918933873327e-07
12450.000000000093 8.37690490438882e-07
12500.000000000093 8.92523363554204e-07
12550.000000000093 9.26177285798361e-07
12600.000000000093 9.361105757445037e-07
12650.000000000093 9.399542570384253e-07
12700.000000000093 1.0123727883049107e-06
12750.000000000093 9.60635863719358e-07
12800.000000000093 9.979075310771733e-07
12850.000000000093 9.338661015154304e-07
12900.000000000093 8.644229458996979e-07
12950.000000000093 9.409849604521487e-07
13000.000000000093 9.160335710054873e-07
13050.000000000093 9.130794136727218e-07
13100.000000000093 8.326001991967739e-07
13150.000000000093 7.664418667288946e-07
13200.000000000093 7.45614827982111e-07
13250.000000000093 6.162513346792197e-07
13300.000000000093 3.8732755109344046e-07
13350.000000000093 1.6743573155070442e-07
13400.000000000093 1.0455255095439417e-07
13450.000000000093 6.942690368801488e-08
13500.000000000093 4.664428085789361e-08
13550.000000000093 4.22657204831574e-08
13600.000000000093 3.075078656574051e-08
13650.000000000093 6.000669730094802e-08
13700.000000000093 5.2922347578525135e-08
13750.000000000093 4.992362364456827e-08
13800.000000000093 6.895309678846648e-08
13850.000000000093 5.4960087423362276e-08
13900.000000000093 5.7628569649560865e-08
13950.000000000093 5.1361096627607544e-08
14000.000000000093 4.452795473336433e-08
14050.000000000093 5.3666297032249725e-08
14100.000000000093 4.157186449256229e-08
14150.000000000093 5.036724798693118e-08
14200.000000000093 4.453083742341804e-08
14250.000000000093 4.316497736122682e-08
14300.000000000093 5.185144072424829e-08
14350.000000000093 5.000813111302829e-08
14400.000000000093 6.296030296639293e-08
14450.000000000093 6.24429928611134e-08
14500.000000000093 9.763407782261377e-08
14550.000000000093 9.752441479317334e-08
14600.000000000093 1.1594614769502653e-07
14650.000000000093 1.2865524673030728e-07
14700.000000000093 9.590288428682105e-08
14750.000000000093 1.2276585139993411e-07
14800.000000000093 1.4487584775296955e-07
14850.000000000093 1.4308275828303392e-07
14900.000000000093 1.6201765428273846e-07
14950.000000000093 1.6940197734972169e-07
15000.000000000093 1.7554133802240892e-07
15050.000000000093 2.221667987038536e-07
15100.000000000093 2.3664010875912726e-07
15150.000000000093 2.597049419056408e-07
15200.000000000093 2.2647032415306349e-07
15250.000000000093 2.6237978270673915e-07
15300.000000000093 2.988866752351792e-07
15350.000000000093 3.414160670145453e-07
15400.000000000093 3.641542112876753e-07
15450.000000000093 4.1773171292815836e-07
15500.000000000093 4.351381983711526e-07
15550.000000000093 4.8622327162657e-07
15600.000000000093 5.045026353068746e-07
15650.000000000093 5.19074893186788e-07
15700.000000000093 6.066363951627356e-07
15750.000000000093 6.46209509222074e-07
15800.000000000093 6.274680594705771e-07
15850.000000000093 6.943893256287567e-07
15900.000000000093 6.881461936708708e-07
15950.000000000093 7.138624395554091e-07
16000.000000000093 7.682174597406488e-07
16050.000000000093 7.850279434768263e-07
16100.000000000093 8.130943641382822e-07
16150.000000000093 7.075007328993071e-07
16200.000000000093 6.847658595151309e-07
16250.000000000093 7.154131761630302e-07
16300.000000000093 7.051055189890012e-07
16350.000000000093 7.380911669992488e-07
16400.000000000095 7.876595175767317e-07
16450.000000000095 8.044132047339527e-07
16500.000000000095 8.346448230311219e-07
16550.000000000095 8.208178553613771e-07
16600.000000000095 7.761231984220127e-07
16650.000000000095 7.831913922159204e-07
16700.000000000095 6.124260747184074e-07
16750.000000000095 6.875596321928383e-07
16800.000000000095 8.002347439043411e-07
16850.000000000095 7.689315260227569e-07
16900.000000000095 7.593129695891369e-07
16950.000000000095 6.916514311897886e-07
17000.000000000095 6.575344913486141e-07
17050.000000000095 6.959969184151998e-07
17100.000000000095 6.682721111695936e-07
17150.000000000095 5.816209522453659e-07
17200.000000000095 5.628767981518589e-07
17250.000000000095 5.018123089428022e-07
17300.000000000095 4.5924889149829687e-07
17350.000000000095 4.405057924036664e-07
17400.000000000095 4.1341432948516276e-07
17450.000000000095 3.977402197512107e-07
17500.000000000095 4.0025486130154696e-07
17550.000000000095 3.4003314986905765e-07
17600.000000000095 3.36796474467829e-07
17650.000000000095 3.2901351717596083e-07
17700.000000000095 2.1993771028100866e-07
17750.000000000095 2.0978965607765124e-07
17800.000000000095 2.515622688226167e-07
17850.000000000095 1.685622975131169e-07
17900.000000000095 1.9756333936593564e-07
17950.000000000095 1.6071724517820132e-07
18000.000000000095 1.619314080169331e-07
18050.000000000095 1.602664466414131e-07
18100.000000000095 1.3551017341839501e-07
18150.000000000095 1.890851490579461e-07
18200.000000000095 1.28485763673947e-07
18250.000000000095 2.109787492544756e-07
18300.000000000095 1.5697307019308685e-07
18350.000000000095 1.457573204629519e-07
18400.000000000095 1.320180075171416e-07
18450.000000000095 1.2668828261300523e-07
18500.000000000095 1.504681270436392e-07
18550.000000000095 1.1756234720658355e-07
18600.000000000095 9.284764408179716e-08
18650.000000000095 9.89537133732916e-08
18700.000000000095 1.1068950219120872e-07
18750.000000000095 1.0661264950583745e-07
18800.000000000095 1.5873723145238676e-07
18850.000000000095 1.9296764317095773e-07
18900.000000000095 1.827358110412608e-07
18950.000000000095 2.2426760297248088e-07
19000.000000000095 2.0209790117874097e-07
19050.000000000095 1.706421061036541e-07
19100.000000000095 2.2179922563434544e-07
19150.000000000095 2.1627948665102533e-07
19200.000000000095 2.06326102128991e-07
19250.000000000095 2.0248194148180798e-07
19300.000000000095 1.8908345752747538e-07
19350.000000000095 1.7006029745535196e-07
19400.000000000095 1.1825539248553306e-07
19450.000000000095 1.894803860483731e-07
19500.000000000095 1.6807625701877206e-07
19550.000000000095 1.3874910258170643e-07
19600.000000000095 1.8314057950635933e-07
19650.000000000095 1.8797817027581817e-07
19700.000000000095 1.9062904418362558e-07
19750.000000000095 1.8029486470728926e-07
19800.000000000095 2.072628553467102e-07
19850.000000000095 2.2321846957153174e-07
19900.000000000095 1.6351557082458477e-07
19950.000000000095 2.514687723219461e-07
20000.000000000095 2.526577177151784e-07
20050.000000000095 2.665679095942377e-07
20100.000000000095 2.829441068432045e-07
20150.000000000095 2.6591892621883515e-07
20200.000000000095 3.154812399160243e-07
20250.000000000095 3.5224960813966557e-07
20300.000000000095 3.150154176801844e-07
20350.000000000095 3.5160333242478947e-07
20400.000000000095 3.4879874901640593e-07
20450.000000000095 4.294867939745487e-07
20500.000000000095 4.2750246155273e-07
20550.000000000095 4.009966780913085e-07
20600.000000000095 4.916711976178425e-07
20650.000000000095 4.4774965973399905e-07
20700.000000000095 4.722542157969831e-07
20750.000000000095 5.492054339856771e-07
20800.000000000095 5.428318034964589e-07
20850.000000000095 5.322626150314511e-07
20900.000000000095 5.759243140896954e-07
20950.000000000095 5.480427659640002e-07
21000.000000000095 6.060210328268101e-07
21050.000000000095 5.80358580540634e-07
21100.000000000095 6.013993262837615e-07
21150.000000000095 5.916740014914157e-07
21200.000000000095 5.792037949247134e-07
21250.000000000095 6.062599886011965e-07
21300.000000000095 5.589596813351576e-07
21350.000000000095 6.167376590940175e-07
21400.000000000095 5.406118108623842e-07
21450.000000000095 5.870265795372462e-07
21500.000000000095 5.66880047449211e-07
21550.000000000095 5.509470830991635e-07
21600.000000000095 5.552288058407854e-07
21650.000000000095 5.001359507872745e-07
21700.000000000095 5.522325573954546e-07
21750.000000000095 5.02459095317726e-07
21800.000000000095 4.729894062763058e-07
21850.000000000095 4.4017015388920955e-07
21900.000000000095 4.3732927809411075e-07
21950.000000000095 3.096891920834055e-07
22000.000000000095 2.604281927457236e-07
22050.000000000095 2.0303433141886417e-07
22100.000000000095 2.5387049072872925e-07
22150.000000000095 2.771826839909198e-07
22200.000000000095 2.8394747535720957e-07
22250.000000000095 2.5946029632667815e-07
22300.000000000095 2.6525471120733255e-07
22350.000000000095 2.4779004068799744e-07
22400.000000000095 2.427017762261236e-07
22450.000000000095 2.0227300225568993e-07
22500.000000000095 2.2395648492413773e-07
22550.000000000095 1.7534663894680824e-07
22600.000000000095 2.0147954254205025e-07
22650.000000000095 1.7828339452694503e-07
22700.000000000095 1.7907262850111063e-07
22750.000000000095 1.8904882750653152e-07
22800.000000000095 1.7288175742203683e-07
22850.000000000095 1.570429262881045e-07
22900.000000000095 1.5028293628150923e-07
22950.000000000095 1.3683796135620942e-07
23000.000000000095 1.0650192095731955e-07
23050.000000000095 1.4483274083381663e-07
23100.000000000095 1.692478078896965e-07
23150.000000000095 1.7137414000801716e-07
23200.000000000095 1.1861143739170476e-07
23250.000000000095 1.084309731782132e-07
23300.000000000095 1.0380712396800465e-07
23350.000000000095 9.148327340206904e-08
23400.000000000095 1.1323453823576453e-07
23450.000000000095 1.0504562349757182e-07
23500.000000000095 1.0932781822968212e-07
23550.000000000095 1.4178645314121146e-07
23600.000000000095 1.410839284187108e-07
23650.000000000095 1.580711817080626e-07
23700.000000000095 1.2077148311127021e-07
23750.000000000095 1.1365305913936718e-07
23800.000000000095 1.0886728294975625e-07
23850.000000000095 1.1221433863598463e-07
23900.000000000095 1.5443273081422632e-07
23950.000000000095 1.532686898316233e-07
24000.000000000095 1.9692705588837386e-07
24050.000000000095 1.8467956762995243e-07
24100.000000000095 1.6123704686457858e-07
24150.000000000095 1.6931314661161901e-07
24200.000000000095 1.842750498302948e-07
24250.000000000095 1.7866912514949242e-07
24300.000000000095 1.704763225763253e-07
24350.000000000095 1.6397581484735625e-07
24400.000000000095 2.1104170291561657e-07
24450.000000000095 1.7401474841110974e-07
24500.000000000095 1.9277243258031453e-07
24550.000000000095 1.6808109060932542e-07
24600.000000000095 1.9084798273617635e-07
24650.000000000095 2.0336371787649315e-07
24700.000000000095 1.6376434001696207e-07
24750.000000000095 1.5014883501058546e-07
24800.000000000095 1.5495693427401368e-07
24850.000000000095 1.9733301401879098e-07
24900.000000000095 1.1039665273820234e-07
24950.000000000095 1.8264926872706672e-07
25000.000000000095 1.6395006745089026e-07
25050.000000000095 1.2924111558192922e-07
25100.000000000095 1.5689088880764074e-07
25150.000000000095 1.0402841146699561e-07
25200.000000000095 1.3456262250019912e-07
25250.000000000095 1.0018323971598876e-07
25300.000000000095 1.4264201335178428e-07
25350.000000000095 7.665928943323155e-08
25400.000000000095 1.2404077941229452e-07
25450.000000000095 9.445237976919762e-08
25500.000000000095 8.722701788350027e-08
25550.000000000095 1.0925016397455243e-07
25600.000000000095 9.011890727496032e-08
25650.000000000095 7.605959425278403e-08
25700.000000000095 1.304409086260298e-07
25750.000000000095 7.551102442985873e-08
25800.000000000095 1.2785993650998847e-07
25850.000000000095 7.557183810964156e-08
25900.000000000095 1.0199699423569385e-07
25950.000000000095 7.482648741125865e-08
26000.000000000095 1.1582522658048553e-07
26050.000000000095 1.0865483303395704e-07
26100.000000000095 1.3584458648855322e-07
26150.000000000095 1.1967578228981245e-07
26200.000000000095 1.3358697488987357e-07
26250.000000000095 1.3999250811668918e-07
26300.000000000095 1.1825540403953663e-07
26350.000000000095 1.496814332874254e-07
26400.000000000095 1.8676674690713356e-07
26450.000000000095 1.6697817595473157e-07
26500.000000000095 1.503567167858494e-07
26550.000000000095 1.403874764660414e-07
26600.000000000095 1.7318184672479965e-07
26650.000000000095 9.840393911852581e-08
26700.000000000095 8.014525610119112e-08
26750.000000000095 6.91116506437785e-08
26800.000000000095 9.771474733983231e-08
26850.000000000095 6.239314985198014e-08
26900.000000000095 1.0774277284295191e-07
26950.000000000095 6.044725525659403e-08
27000.000000000095 1.2397572954467527e-07
27050.000000000095 1.0737679188749005e-07
27100.000000000095 9.017284377526516e-08
27150.000000000095 1.3771034546916008e-07
27200.000000000095 9.355674489109877e-08
27250.000000000095 1.029848637149911e-07
27300.000000000095 1.7344471725550564e-07
27350.000000000095 1.3518333074168823e-07
27400.000000000095 6.363829004532587e-08
27450.000000000095 1.7745588060621527e-07
27500.000000000095 1.5289930819866901e-07
27550.000000000095 1.1539978249215276e-07
27600.000000000095 1.839775154332024e-07
27650.000000000095 9.333682450850238e-08
27700.000000000095 7.476632141841316e-08
27750.000000000095 1.6950529653224398e-07
27800.000000000095 9.599360855602653e-08
27850.000000000095 1.0929213059214038e-07
27900.000000000095 1.3383316960455408e-07
27950.000000000095 1.2319733064132845e-07
28000.000000000095 1.5143610674403972e-07
28050.000000000095 8.02818021260509e-08
28100.000000000095 1.7299202707085498e-07
28150.000000000095 1.500839526682568e-07
28200.000000000095 7.337261689460849e-08
28250.000000000095 1.7286431519523242e-07
28300.000000000095 2.302196389591779e-07
28350.000000000095 8.194767841035781e-08
28400.000000000095 1.6893493766028786e-07
28450.000000000095 1.577296700648075e-07
28500.000000000095 1.558394000270125e-07
28550.000000000095 7.584237710910033e-08
28600.000000000095 1.7584754245339088e-07
28650.000000000095 1.7586205805200156e-07
28700.000000000095 1.4562973938298716e-07
28750.000000000095 1.9657626157656314e-07
28800.000000000095 1.5572997457615974e-07
28850.000000000095 2.2933333964977768e-07
28900.000000000095 1.0588903227323198e-07
28950.000000000095 2.0700000632973194e-07
29000.000000000095 1.3876060142217074e-07
29050.000000000095 1.7127132908469342e-07
29100.000000000095 1.1133891877186115e-07
29150.000000000095 2.0767596475947546e-07
29200.000000000095 1.5781745237489066e-07
29250.000000000095 2.1795600853285471e-07
