galfind/configs/Brown_Dwarf_templates/sonora_cholla/logkzz4/31g/1200K_31g_logkzz4_resample.dat
# %ECSV 1.0
# ---
# datatype:
# - {name: wav, unit: Angstrom, datatype: float64}
# - {name: flux_nu, unit: erg / (cm2 Hz s), datatype: float64}
# schema: astropy-2.0
wav flux_nu
[from data line 387]
29350.000000000095 3.302088978449158e-07
29400.000000000095 2.228430758849228e-07
29450.000000000095 2.085988318603792e-07
29500.000000000095 2.094883090192122e-07
29550.000000000095 1.853523950954118e-07
29600.000000000095 2.7090862838065743e-07
29650.000000000095 1.980692227116174e-07
29700.000000000095 2.1214665804276053e-07
29750.000000000095 2.3195627213611425e-07
29800.000000000095 3.060452591324272e-07
29850.000000000095 2.8702578820109803e-07
29900.000000000095 2.3279557024553123e-07
29950.000000000095 2.2727356149375935e-07
30000.000000000095 2.7672105891311934e-07
30050.000000000095 2.2641856103344492e-07
30100.000000000095 2.3430897568295906e-07
30150.000000000095 3.014660375226988e-07
30200.000000000095 2.5177507046103866e-07
30250.000000000095 3.1128352601781564e-07
30300.000000000095 2.750106733038011e-07
30350.000000000095 2.2185901999715013e-07
30400.000000000095 2.881080821360756e-07
30450.000000000095 2.5177776422092375e-07
30500.000000000095 2.4309035217056866e-07
30550.000000000095 2.9491290504128104e-07
30600.000000000095 2.907486167231209e-07
30650.000000000095 2.912926903673252e-07
30700.000000000095 2.562696253004871e-07
30750.000000000095 2.2662665312418958e-07
30800.000000000095 2.3644644632725854e-07
30850.000000000095 2.348558066749143e-07
30900.000000000095 2.3644042066256887e-07
30950.000000000095 1.6659779111915785e-07
31000.000000000095 2.151435787397778e-07
31050.000000000095 2.1060952360886856e-07
31100.000000000095 1.5466962097382655e-07
31150.000000000095 1.9365953099684792e-07
31200.000000000095 1.8225265732432398e-07
31250.000000000095 1.77252446902805e-07
31300.000000000095 1.752651715899227e-07
31350.000000000095 1.5778755255034822e-07
31400.000000000095 1.1819189834542838e-07
31450.000000000095 1.6504454267572497e-07
31500.000000000095 1.4147250753941845e-07
31550.000000000095 1.6597313699234356e-07
31600.000000000095 1.2354997357465973e-07
31650.000000000095 1.4371908613043853e-07
31700.000000000095 1.31896086753464e-07
31750.000000000095 1.1935100506939454e-07
31800.000000000095 1.2800136214871611e-07
31850.000000000095 1.2794778037686002e-07
31900.000000000095 1.1017433564030569e-07
31950.000000000095 1.273578614833396e-07
32000.000000000095 1.1775551778890266e-07
32050.000000000095 9.893339027601966e-08
32100.000000000095 9.13083759793929e-08
32150.000000000095 1.2328611511694156e-07
32200.000000000095 1.0550831684699397e-07
32250.000000000095 1.1385483189895124e-07
32300.000000000095 9.62356049160646e-08
32350.000000000095 1.539918617742428e-07
32400.000000000095 1.2095456162325236e-07
32450.000000000095 1.5380000959282223e-07
32500.000000000095 1.2198745348961783e-07
32550.000000000095 1.517587306300872e-07
32600.000000000095 1.7166135153689267e-07
32650.000000000095 1.9194133829385086e-07
32700.000000000095 1.4572525930548188e-07
32750.000000000095 2.1274578182348182e-07
32800.000000000095 1.435342239924294e-07
32850.000000000095 1.9357519737316533e-07
32900.000000000095 2.2339465313628676e-07
32950.000000000095 2.12356255136405e-07
33000.000000000095 2.0366368816316522e-07
33050.000000000095 1.8931386373406573e-07
33100.000000000095 1.2245499417034388e-07
33150.000000000095 6.731755804241039e-08
33200.000000000095 6.328947614072992e-08
33250.000000000095 3.270641549864558e-08
33300.000000000095 3.26064478042773e-08
33350.000000000095 4.862729868252025e-08
33400.000000000095 6.165420831376109e-08
33450.000000000095 7.721512780134655e-08
33500.000000000095 9.170702540196633e-08
33550.000000000095 9.768181254360771e-08
33600.000000000095 1.3233914532000137e-07
33650.000000000095 1.443374212318029e-07
33700.000000000095 1.4060205820206471e-07
33750.000000000095 1.7357879590310467e-07
33800.000000000095 1.575443821151179e-07
33850.000000000095 1.9339271363632898e-07
33900.000000000095 1.713347869842015e-07
33950.000000000095 1.775914293203386e-07
34000.000000000095 1.7927345373633519e-07
34050.000000000095 1.177436813340655e-07
34100.000000000095 1.8081629964243888e-07
34150.000000000095 1.4954046953166488e-07
34200.000000000095 1.8052127631501365e-07
34250.000000000095 1.5597132381914835e-07
34300.000000000095 1.206653904232316e-07
34350.000000000095 1.436778870055213e-07
34400.000000000095 1.5100510094410582e-07
34450.000000000095 1.8137221994060057e-07
34500.000000000095 1.7710457892472165e-07
34550.000000000095 1.2238125197458825e-07
34600.000000000095 1.9213579240457526e-07
34650.000000000095 1.512192319522944e-07
34700.000000000095 1.5260074824255248e-07
34750.000000000095 1.4716711046012056e-07
34800.000000000095 1.1154925976057103e-07
34850.000000000095 1.510944897176795e-07
34900.000000000095 1.882661337380861e-07
34950.000000000095 1.432144990267339e-07
35000.000000000095 2.0298462296723732e-07
35050.000000000095 1.690111395768736e-07
35100.000000000095 1.9010749163157548e-07
35150.000000000095 1.7928877210812201e-07
35200.000000000095 2.46381850366535e-07
35250.000000000095 2.3347385113058964e-07
35300.000000000095 1.6901616316014012e-07
35350.000000000095 2.3585677439675396e-07
35400.000000000095 2.1227817404056757e-07
35450.000000000095 1.9391973250686784e-07
35500.000000000095 2.7845073611009245e-07
35550.000000000095 2.600365010730878e-07
35600.000000000095 2.588704393841162e-07
35650.000000000095 2.595006107482588e-07
35700.000000000095 1.9698178773365243e-07
35750.000000000095 2.80478362647669e-07
35800.000000000095 2.9247965673433956e-07
35850.000000000095 2.264121829139146e-07
35900.000000000095 3.2178527776725075e-07
35950.000000000095 2.912433164817521e-07
36000.000000000095 2.503533695131392e-07
36050.000000000095 3.281542949812885e-07
36100.000000000095 3.0101788196816016e-07
36150.000000000095 3.2557434719643643e-07
36200.000000000095 3.336703242470081e-07
36250.000000000095 3.315837925765065e-07
36300.000000000095 3.8215727839599616e-07
36350.000000000095 3.930961620864919e-07
36400.000000000095 4.296896901764198e-07
36450.000000000095 4.235071092337855e-07
36500.000000000095 4.375078908388209e-07
36550.000000000095 4.0196035561156626e-07
36600.000000000095 4.6107688077180267e-07
36650.000000000095 4.935616615121213e-07
36700.000000000095 5.461559424084425e-07
36750.000000000095 5.666807230242656e-07
36800.000000000095 5.44270721551177e-07
36850.000000000095 5.396682638368333e-07
36900.000000000095 5.208686168427387e-07
36950.000000000095 5.838616729893622e-07
37000.000000000095 5.670823761207755e-07
37050.000000000095 5.986284422012058e-07
37100.000000000095 6.368519134674391e-07
37150.000000000095 6.55678657753374e-07
37200.000000000095 6.63777693592672e-07
37250.000000000095 6.005897199329979e-07
37300.000000000095 6.459411069145922e-07
37350.000000000095 5.912775412989769e-07
37400.000000000095 7.488319284782693e-07
37450.000000000095 6.935391856410795e-07
37500.000000000095 6.637758983358367e-07
37550.000000000095 7.78209586262706e-07
37600.000000000095 8.538558863263147e-07
37650.000000000095 7.367746160184069e-07
37700.000000000095 7.953777435351892e-07
37750.000000000095 7.165438320703003e-07
37800.000000000095 8.054922279826511e-07
37850.000000000095 7.133069770185029e-07
37900.000000000095 8.281555329252413e-07
37950.000000000095 8.991861588791226e-07
38000.000000000095 9.075193052526443e-07
38050.000000000095 8.452052335982832e-07
38100.000000000095 9.091261269860788e-07
38150.000000000095 9.103182658680309e-07
38200.000000000095 1.03267577926637e-06
38250.000000000095 9.047627078921331e-07
38300.000000000095 9.293443064770668e-07
38350.000000000095 1.037668508465413e-06
38400.000000000095 8.435509793781011e-07
38450.000000000095 1.038365652211077e-06
38500.000000000095 9.64983207105682e-07
38550.000000000095 9.915399942140636e-07
38600.000000000095 1.0714860768289117e-06
38650.000000000095 1.1565109236783758e-06
38700.000000000095 1.1227025895141664e-06
38750.000000000095 1.0633214912814472e-06
38800.000000000095 1.0850726996083267e-06
38850.000000000095 1.1470947169536177e-06
38900.000000000095 1.0912605435576748e-06
38950.000000000095 1.0965687855599578e-06
39000.000000000095 1.2113341850745323e-06
39050.000000000095 1.2020457500498807e-06
39100.000000000095 1.0051608011837487e-06
39150.000000000095 1.1987163550383128e-06
39200.000000000095 1.1179706136372423e-06
39250.000000000095 1.1978055301157027e-06
39300.000000000095 1.2186576380278711e-06
39350.000000000095 1.2809426330232488e-06
39400.000000000095 1.333920909423461e-06
39450.000000000095 1.3133315007195618e-06
39500.000000000095 1.0801025938579987e-06
39550.000000000095 1.1966025747635328e-06
39600.000000000095 1.2712793098421848e-06
39650.000000000095 1.23187929719662e-06
39700.000000000095 1.21784102571593e-06
39750.000000000095 1.213998648527819e-06
39800.000000000095 1.2450312919299334e-06
39850.000000000095 1.2374896544042306e-06
39900.000000000095 1.2208930710276266e-06
39950.000000000095 1.2448140732273814e-06
40000.000000000095 1.1427739052473489e-06
40050.000000000095 1.2988245173847603e-06
40100.000000000095 1.3118532915169158e-06
40150.000000000095 1.3694624600633908e-06
40200.000000000095 1.4497671861396997e-06
40250.000000000095 1.112056426464872e-06
40300.000000000095 1.2323116316575207e-06
40350.000000000095 1.2279487645577028e-06
40400.000000000095 1.3236911925994384e-06
40450.000000000095 1.268222195156647e-06
40500.000000000095 1.0875156210414949e-06
40550.000000000095 1.3169118292092704e-06
40600.000000000095 1.0681338435430123e-06
40650.000000000095 1.3755712579602535e-06
40700.000000000095 1.4278969460475334e-06
40750.000000000095 1.20337214566829e-06
40800.000000000095 1.12355504187946e-06
40850.000000000095 1.2081601905517068e-06
40900.000000000095 1.0567078053704963e-06
40950.000000000095 1.1473909280996483e-06
41000.000000000095 1.1839576761665627e-06
41050.000000000095 1.2915760682901461e-06
41100.000000000095 1.1126919785707599e-06
41150.000000000095 1.0293426701535866e-06
41200.000000000095 1.1247986807201625e-06
41250.000000000095 1.2185276596449698e-06
41300.000000000095 9.073791091173922e-07
41350.000000000095 1.1979350599593497e-06
41400.000000000095 1.1743998001461715e-06
41450.000000000095 1.1490733636873484e-06
41500.000000000095 1.1720287808227281e-06
41550.000000000095 1.0937025038395088e-06
41600.000000000095 1.1259100729769146e-06
41650.000000000095 9.910382397116485e-07
41700.000000000095 1.0165380670443331e-06
41750.000000000095 8.018403247990681e-07
41800.000000000095 1.0849769672642471e-06
41850.000000000095 6.231217885674503e-07
41900.000000000095 9.272656499329767e-07
41950.000000000095 8.53463353413223e-07
42000.000000000095 8.452452375116057e-07
42050.000000000095 6.328650036843658e-07
42100.000000000095 7.537101370204534e-07
42150.000000000095 5.589806881384746e-07
42200.000000000095 6.84914177989374e-07
42250.000000000095 5.520858958287524e-07
42300.000000000095 6.376464159343205e-07
42350.000000000095 6.000527383591744e-07
42400.000000000095 5.133429112342313e-07
42450.000000000095 4.049931317763821e-07
42500.000000000095 4.777982769263964e-07
42550.000000000095 5.313155832468543e-07
42600.000000000095 5.406940729100152e-07
42650.000000000095 6.085988567690253e-07
42700.000000000095 5.250167094220266e-07
42750.000000000095 5.408737991462299e-07
42800.000000000095 4.6842942158586975e-07
42850.000000000095 5.269559517459669e-07
42900.000000000095 5.161423555118307e-07
42950.000000000095 4.4731517098187754e-07
43000.000000000095 5.308360972703769e-07
43050.000000000095 4.3077057881116054e-07
43100.000000000095 5.392160493193507e-07
43150.000000000095 5.511473044689437e-07
43200.000000000095 5.422104281807115e-07
43250.000000000095 4.089116085792893e-07
43300.000000000095 5.60274198756792e-07
43350.000000000095 5.29752663940315e-07
43400.000000000095 5.981213877892503e-07
43450.000000000095 4.341606161144521e-07
43500.000000000095 4.095380333474495e-07
43550.000000000095 4.182011271736534e-07
43600.000000000095 5.389191425301524e-07
43650.000000000095 3.581462975043874e-07
43700.000000000095 5.417987970200332e-07
43750.000000000095 4.879132285318278e-07
43800.000000000095 4.042245862195635e-07
43850.000000000095 5.109619121912516e-07
43900.000000000095 3.1069772633451306e-07
43950.000000000095 4.384730750154589e-07
44000.000000000095 3.243574180442892e-07
44050.000000000095 4.256597953386503e-07
44100.000000000095 4.21992619653171e-07
44150.000000000095 4.5972955752862695e-07
44200.000000000095 3.699747094927222e-07
44250.000000000095 3.8110776143364697e-07
44300.000000000095 3.51961716130095e-07
44350.000000000095 2.859665275479622e-07
44400.000000000095 3.4130426494241333e-07
44450.000000000095 3.37529081632907e-07
44500.000000000095 2.7004161960760325e-07
44550.000000000095 3.1407816682574223e-07
44600.000000000095 2.7162580319392065e-07
44650.000000000095 3.126582513283076e-07
44700.000000000095 2.8847357406949946e-07
44750.000000000095 3.1144328852681977e-07
44800.000000000095 2.966338220193565e-07
44850.000000000095 2.682240602646683e-07
44900.000000000095 2.3184367369472872e-07
44950.000000000095 2.4259813538214995e-07
45000.000000000095 2.458360864740719e-07
45050.000000000095 2.5919350929259695e-07
45100.000000000095 2.3128630297158923e-07
45150.000000000095 2.2701200770575626e-07
45200.000000000095 1.9429516920068782e-07
45250.000000000095 2.047054889664937e-07
45300.000000000095 2.2498405527619456e-07
45350.000000000095 2.3437723652823374e-07
45400.000000000095 1.8110889412366178e-07
45450.000000000095 1.88055015202729e-07
45500.000000000095 1.8912211704193765e-07
45550.000000000095 2.1179234586568567e-07
45600.000000000095 1.8210650204115675e-07
45650.000000000095 1.8805696702540007e-07
45700.000000000095 2.305061347174665e-07
45750.000000000095 2.04785906191184e-07
45800.000000000095 1.8406578197092173e-07
45850.000000000095 2.5415924701568505e-07
45900.000000000095 2.4767366503614067e-07
45950.000000000095 1.9018679832899336e-07
46000.000000000095 2.3658851748634908e-07
46050.000000000095 2.512496237622415e-07
46100.000000000095 1.932368248363833e-07
46150.000000000095 2.445932052018526e-07
46200.000000000095 2.260009023897926e-07
46250.000000000095 1.5223351891906837e-07
46300.000000000095 2.6934047338885104e-07
46350.000000000095 1.8734845254113948e-07
46400.000000000095 2.3518595243050887e-07
46450.000000000095 2.9104339414073073e-07
46500.000000000095 2.3020712196677935e-07
46550.000000000095 2.891031463157983e-07
46600.000000000095 2.9504513594976324e-07
46650.000000000095 4.2307672848844646e-07
46700.000000000095 3.260320626144296e-07
46750.000000000095 2.802067799670192e-07
46800.000000000095 2.356649419555314e-07
46850.000000000095 3.0773495773058206e-07
46900.000000000095 2.635181543743393e-07
46950.000000000095 3.323514482499825e-07
47000.000000000095 2.2991008198849055e-07
47050.000000000095 3.6064246938619524e-07
47100.000000000095 2.1353767821350203e-07
47150.000000000095 2.4580544407572474e-07
47200.000000000095 2.855510727494227e-07
47250.000000000095 2.242550357046135e-07
47300.000000000095 2.5188972583777675e-07
47350.000000000095 1.9979871132535108e-07
47400.000000000095 3.011245679428458e-07
47450.000000000095 2.0830098874537633e-07
47500.000000000095 3.2234686694647857e-07
47550.000000000095 2.105609675793414e-07
47600.000000000095 3.0219680405091943e-07
47650.000000000095 2.1419501685663565e-07
47700.000000000095 2.868783508638295e-07
47750.000000000095 1.8237815409883426e-07
47800.000000000095 2.7734519487743763e-07
47850.000000000095 1.6281742332659483e-07
47900.000000000095 2.7372505933454644e-07
47950.000000000095 2.1127183249975194e-07
48000.000000000095 3.40091505611773e-07
48050.000000000095 2.360719411293053e-07
48100.000000000095 3.011986809461266e-07
48150.000000000095 2.231316901199514e-07
48200.000000000095 3.1201762221021813e-07
48250.000000000095 2.4900779366817296e-07
48300.000000000095 3.6600154306410166e-07
48350.000000000095 2.1273786676140273e-07
48400.000000000095 3.0188391485986905e-07
48450.000000000095 2.039016384521598e-07
48500.000000000095 3.641512256771765e-07
48550.000000000095 2.0413685921084732e-07
