galfind/configs/Brown_Dwarf_templates/sonora_cholla/logkzz4/31g/1250K_31g_logkzz4_resample.dat
# %ECSV 1.0
# ---
# datatype:
# - {name: wav, unit: Angstrom, datatype: float64}
# - {name: flux_nu, unit: erg / (cm2 Hz s), datatype: float64}
# schema: astropy-2.0
wav flux_nu
10000.000000000093 nan
10050.000000000093 2.413278411479567e-07
10100.000000000093 2.8833998002105627e-07
10150.000000000093 3.018459649118722e-07
10200.000000000093 3.3275449915537536e-07
10250.000000000093 3.5033335325989504e-07
10300.000000000093 3.4727411666531676e-07
10350.000000000093 3.973207213990995e-07
10400.000000000093 4.4634876548068865e-07
10450.000000000093 4.448829319957265e-07
10500.000000000093 4.06188139142233e-07
10550.000000000093 3.965296472470006e-07
10600.000000000093 4.094079051941749e-07
10650.000000000093 4.618954812021063e-07
10700.000000000093 4.956717298735573e-07
10750.000000000093 5.382014436378814e-07
10800.000000000093 5.724504069123547e-07
10850.000000000093 6.364481408745469e-07
10900.000000000093 5.508683388125969e-07
10950.000000000093 4.131987383076697e-07
11000.000000000093 3.957424443532716e-07
11050.000000000093 3.2592795207616175e-07
11100.000000000093 3.3423784081392085e-07
11150.000000000093 2.8738968080981256e-07
11200.000000000093 2.7887382182437233e-07
11250.000000000093 3.3521497856314536e-07
11300.000000000093 3.219631529988238e-07
11350.000000000093 2.159055430904404e-07
11400.000000000093 3.1817753421548916e-07
11450.000000000093 2.6370458453811454e-07
11500.000000000093 3.242952276205954e-07
11550.000000000093 2.783806286933693e-07
11600.000000000093 2.905658872560409e-07
11650.000000000093 3.1300097256074755e-07
11700.000000000093 3.330162316817104e-07
11750.000000000093 2.9870055805909707e-07
11800.000000000093 3.4439051236454385e-07
11850.000000000093 4.0050616592976953e-07
11900.000000000093 4.065423015823275e-07
11950.000000000093 4.855818631611307e-07
12000.000000000093 4.788056523467992e-07
12050.000000000093 5.640697392747996e-07
12100.000000000093 6.022103533191181e-07
12150.000000000093 6.351236388676449e-07
12200.000000000093 7.16873490887226e-07
12250.000000000093 7.905525191833005e-07
12300.000000000093 8.223157091829221e-07
12350.000000000093 8.658452121049578e-07
12400.000000000093 8.542188127166417e-07
12450.000000000093 9.307990512943947e-07
12500.000000000093 9.938369773979978e-07
12550.000000000093 1.0286810881040965e-06
12600.000000000093 1.0423184634441188e-06
12650.000000000093 1.046841209044907e-06
12700.000000000093 1.141054118773189e-06
12750.000000000093 1.0805918469863465e-06
12800.000000000093 1.128942408395954e-06
12850.000000000093 1.0651102773566471e-06
12900.000000000093 9.90706446290499e-07
12950.000000000093 1.0842105436941663e-06
13000.000000000093 1.0590980970248735e-06
13050.000000000093 1.061986741601485e-06
13100.000000000093 9.712653546651174e-07
13150.000000000093 9.104405201346853e-07
13200.000000000093 8.883387330896286e-07
13250.000000000093 7.387106841168316e-07
13300.000000000093 4.8332885686498e-07
13350.000000000093 2.2027637954591928e-07
13400.000000000093 1.431649741013276e-07
13450.000000000093 9.894284446771646e-08
13500.000000000093 6.85684495568563e-08
13550.000000000093 6.249117447766739e-08
13600.000000000093 4.696619000224587e-08
13650.000000000093 8.739614586311296e-08
13700.000000000093 7.824836932085205e-08
13750.000000000093 7.150411972034638e-08
13800.000000000093 9.849510036958843e-08
13850.000000000093 7.918146547769206e-08
13900.000000000093 8.258666222373833e-08
13950.000000000093 7.440193825593238e-08
14000.000000000093 6.37429469474346e-08
14050.000000000093 7.632758331753929e-08
14100.000000000093 6.006051487745897e-08
14150.000000000093 7.080523545635248e-08
14200.000000000093 6.405557258978214e-08
14250.000000000093 6.197617379736753e-08
14300.000000000093 7.072831100656762e-08
14350.000000000093 6.907423285094074e-08
14400.000000000093 8.623412894607188e-08
14450.000000000093 8.515879223121231e-08
14500.000000000093 1.2869751198025395e-07
14550.000000000093 1.288566992184761e-07
14600.000000000093 1.5081194499199747e-07
14650.000000000093 1.6699638702508747e-07
14700.000000000093 1.2726383065816709e-07
14750.000000000093 1.5923569794260314e-07
14800.000000000093 1.8534651483387507e-07
14850.000000000093 1.8163734390771484e-07
14900.000000000093 2.070478904345856e-07
14950.000000000093 2.131737695244567e-07
15000.000000000093 2.2017933923908793e-07
15050.000000000093 2.777598612859396e-07
15100.000000000093 2.933735012233033e-07
15150.000000000093 3.2100430513999737e-07
15200.000000000093 2.8174833126690683e-07
15250.000000000093 3.2074409039655373e-07
15300.000000000093 3.6291430984159555e-07
15350.000000000093 4.095923470033424e-07
15400.000000000093 4.3435380491775274e-07
15450.000000000093 4.983415838762282e-07
15500.000000000093 5.178407028402176e-07
15550.000000000093 5.737175937301929e-07
15600.000000000093 5.95973655938679e-07
15650.000000000093 6.090298689113421e-07
15700.000000000093 7.08068115795563e-07
15750.000000000093 7.509159727232238e-07
15800.000000000093 7.340476672016823e-07
15850.000000000093 8.05092086270983e-07
15900.000000000093 7.973349192359565e-07
15950.000000000093 8.251417965135708e-07
16000.000000000093 8.954349354520585e-07
16050.000000000093 9.253949292467071e-07
16100.000000000093 9.67731601415481e-07
16150.000000000093 8.543680731329186e-07
16200.000000000093 8.411895260620745e-07
16250.000000000093 8.744821024907782e-07
16300.000000000093 8.721095599835218e-07
16350.000000000093 9.172489067730752e-07
16400.000000000095 9.658755805522668e-07
16450.000000000095 9.801443725406312e-07
16500.000000000095 1.0194782408454388e-06
16550.000000000095 1.0126826872903695e-06
16600.000000000095 9.548510554586135e-07
16650.000000000095 9.893016050284254e-07
16700.000000000095 7.955933942695096e-07
16750.000000000095 8.862131408003953e-07
16800.000000000095 1.0086932269950051e-06
16850.000000000095 9.764451147057223e-07
16900.000000000095 9.696196590806005e-07
16950.000000000095 8.884971060448087e-07
17000.000000000095 8.519163686980076e-07
17050.000000000095 8.921108443733697e-07
17100.000000000095 8.501885076042629e-07
17150.000000000095 7.481973164610561e-07
17200.000000000095 7.138324200460268e-07
17250.000000000095 6.39519636214528e-07
17300.000000000095 5.915334737792e-07
17350.000000000095 5.678038610480197e-07
17400.000000000095 5.346795843702384e-07
17450.000000000095 5.144296326597809e-07
17500.000000000095 5.133770891623981e-07
17550.000000000095 4.40009421311346e-07
17600.000000000095 4.3820270678526547e-07
17650.000000000095 4.295684173927027e-07
17700.000000000095 2.8838988683386986e-07
17750.000000000095 2.7899863611232686e-07
17800.000000000095 3.286398635284472e-07
17850.000000000095 2.2495506378610045e-07
17900.000000000095 2.6088561139506084e-07
17950.000000000095 2.1764449210275777e-07
18000.000000000095 2.1638695170525554e-07
18050.000000000095 2.1809752535453665e-07
18100.000000000095 1.8463866339399008e-07
18150.000000000095 2.5219115417713967e-07
18200.000000000095 1.77395758045101e-07
18250.000000000095 2.775757773841059e-07
18300.000000000095 2.1331805126091908e-07
18350.000000000095 2.0017912083565713e-07
18400.000000000095 1.8167053069344314e-07
18450.000000000095 1.7026334452557206e-07
18500.000000000095 2.0146759196348366e-07
18550.000000000095 1.5938761909011734e-07
18600.000000000095 1.261249391683146e-07
18650.000000000095 1.3638817773783147e-07
18700.000000000095 1.5451081066022253e-07
18750.000000000095 1.451194906500333e-07
18800.000000000095 2.0786914226349356e-07
18850.000000000095 2.53876888926454e-07
18900.000000000095 2.4121980922688527e-07
18950.000000000095 2.8711805790476956e-07
19000.000000000095 2.692464515851094e-07
19050.000000000095 2.3123351960209277e-07
19100.000000000095 2.8443728859885894e-07
19150.000000000095 2.8922917033962195e-07
19200.000000000095 2.6906180069692994e-07
19250.000000000095 2.6949209006381496e-07
19300.000000000095 2.543473632614559e-07
19350.000000000095 2.3003935668368225e-07
19400.000000000095 1.6271704538868314e-07
19450.000000000095 2.540497929552977e-07
19500.000000000095 2.244270138837489e-07
19550.000000000095 1.878760271092744e-07
19600.000000000095 2.445618579270826e-07
19650.000000000095 2.481204571214591e-07
19700.000000000095 2.5061996038972565e-07
19750.000000000095 2.336833039644819e-07
19800.000000000095 2.667013761586844e-07
19850.000000000095 2.831315360998242e-07
19900.000000000095 2.097982303610547e-07
19950.000000000095 3.1817676693571304e-07
20000.000000000095 3.1923622968732025e-07
20050.000000000095 3.35310642457082e-07
20100.000000000095 3.560312135444157e-07
20150.000000000095 3.3359720853166935e-07
20200.000000000095 3.912685541087472e-07
20250.000000000095 4.360140283554345e-07
20300.000000000095 3.9240393162012046e-07
20350.000000000095 4.347005745736382e-07
20400.000000000095 4.308832325809922e-07
20450.000000000095 5.304491918536062e-07
20500.000000000095 5.256106217307078e-07
20550.000000000095 4.921714071860702e-07
20600.000000000095 6.043380018737331e-07
20650.000000000095 5.498249398383849e-07
20700.000000000095 5.806846871885916e-07
20750.000000000095 6.784696090455666e-07
20800.000000000095 6.704906478385213e-07
20850.000000000095 6.561976258984138e-07
20900.000000000095 7.122083059263037e-07
20950.000000000095 6.804798637738661e-07
21000.000000000095 7.541239880681813e-07
21050.000000000095 7.250108804790084e-07
21100.000000000095 7.554685586765363e-07
21150.000000000095 7.397628727983748e-07
21200.000000000095 7.287125384886515e-07
21250.000000000095 7.640889898984826e-07
21300.000000000095 7.095075041538793e-07
21350.000000000095 7.875224278663068e-07
21400.000000000095 6.874717984379569e-07
21450.000000000095 7.603938195048008e-07
21500.000000000095 7.270752812903251e-07
21550.000000000095 7.136397772151979e-07
21600.000000000095 7.238259131464452e-07
21650.000000000095 6.535411415107681e-07
21700.000000000095 7.285722548691779e-07
21750.000000000095 6.614483883480835e-07
21800.000000000095 6.258016574310946e-07
21850.000000000095 5.87748868101646e-07
21900.000000000095 5.88611247053985e-07
21950.000000000095 4.2653383083828894e-07
22000.000000000095 3.671068914563424e-07
22050.000000000095 2.8889143915804244e-07
22100.000000000095 3.5469377075081427e-07
22150.000000000095 3.8139332142144715e-07
22200.000000000095 3.929190872304374e-07
22250.000000000095 3.6099834659097224e-07
22300.000000000095 3.675403749401761e-07
22350.000000000095 3.437236323050773e-07
22400.000000000095 3.4193501872384517e-07
22450.000000000095 2.841461826585225e-07
22500.000000000095 3.153902118582656e-07
22550.000000000095 2.54349372062624e-07
22600.000000000095 2.8686994923039127e-07
22650.000000000095 2.48983931675698e-07
22700.000000000095 2.522456809724293e-07
22750.000000000095 2.670643516600366e-07
22800.000000000095 2.433424328769296e-07
22850.000000000095 2.2171173414672846e-07
22900.000000000095 2.146288910922576e-07
22950.000000000095 1.8831566796063392e-07
23000.000000000095 1.507174539518656e-07
23050.000000000095 2.026488508314571e-07
23100.000000000095 2.3225320677720396e-07
23150.000000000095 2.3629636055436308e-07
23200.000000000095 1.7137996462363104e-07
23250.000000000095 1.5268972828145348e-07
23300.000000000095 1.4555067987976244e-07
23350.000000000095 1.2835504471082265e-07
23400.000000000095 1.5632476193612332e-07
23450.000000000095 1.451156258367348e-07
23500.000000000095 1.5174278505702877e-07
23550.000000000095 1.9416806740164794e-07
23600.000000000095 1.9451429419033907e-07
23650.000000000095 2.1554645034606117e-07
23700.000000000095 1.6875258772534146e-07
23750.000000000095 1.5995424777193863e-07
23800.000000000095 1.4901943387941857e-07
23850.000000000095 1.535646341951812e-07
23900.000000000095 2.0825839471431846e-07
23950.000000000095 2.052867131280962e-07
24000.000000000095 2.6390424668509907e-07
24050.000000000095 2.416421200831829e-07
24100.000000000095 2.1515731837906203e-07
24150.000000000095 2.2569189252448697e-07
24200.000000000095 2.4457958394057197e-07
24250.000000000095 2.371013874919337e-07
24300.000000000095 2.2448492994743938e-07
24350.000000000095 2.1740762700957767e-07
24400.000000000095 2.713052988700593e-07
24450.000000000095 2.2714028619682437e-07
24500.000000000095 2.4893464741694505e-07
24550.000000000095 2.143574264072273e-07
24600.000000000095 2.43529696340967e-07
24650.000000000095 2.592041884542204e-07
24700.000000000095 2.113557621272507e-07
24750.000000000095 1.9411769361405708e-07
24800.000000000095 1.9958682186539605e-07
24850.000000000095 2.4954353875870194e-07
24900.000000000095 1.4459558793406094e-07
24950.000000000095 2.3552593476913457e-07
25000.000000000095 2.1049898459035418e-07
25050.000000000095 1.696300008574381e-07
25100.000000000095 2.0348671931063307e-07
25150.000000000095 1.3633117345952646e-07
25200.000000000095 1.761684728536883e-07
25250.000000000095 1.35297157350999e-07
25300.000000000095 1.8932283181274056e-07
25350.000000000095 1.047409848705408e-07
25400.000000000095 1.62977820296384e-07
25450.000000000095 1.278078197772768e-07
25500.000000000095 1.1717061655726837e-07
25550.000000000095 1.452489448577319e-07
25600.000000000095 1.2271382138809068e-07
25650.000000000095 1.0575027970006348e-07
25700.000000000095 1.7556902610968141e-07
25750.000000000095 1.0589113612327423e-07
25800.000000000095 1.6897392380150442e-07
25850.000000000095 1.0598124976510116e-07
25900.000000000095 1.4104933188744125e-07
25950.000000000095 1.0820293052943083e-07
26000.000000000095 1.5269503573013385e-07
26050.000000000095 1.5240751964034965e-07
26100.000000000095 1.8089378191323244e-07
26150.000000000095 1.6297283427371856e-07
26200.000000000095 1.7935910752896011e-07
26250.000000000095 1.819294647257967e-07
26300.000000000095 1.5988294355014783e-07
26350.000000000095 1.893940665553123e-07
26400.000000000095 2.3826173539363724e-07
26450.000000000095 2.1322369288145044e-07
26500.000000000095 1.9501735269476947e-07
26550.000000000095 1.875659276080157e-07
26600.000000000095 2.2899054214410905e-07
26650.000000000095 1.3515116859070944e-07
26700.000000000095 1.1508268982014498e-07
26750.000000000095 9.949318647350917e-08
26800.000000000095 1.3597665789170867e-07
26850.000000000095 8.858647157429939e-08
26900.000000000095 1.4546749862796182e-07
26950.000000000095 8.429272054529885e-08
27000.000000000095 1.6333359612693145e-07
27050.000000000095 1.407878172534812e-07
27100.000000000095 1.2366372711286953e-07
27150.000000000095 1.7767200911894538e-07
27200.000000000095 1.284520974625967e-07
27250.000000000095 1.3712669835812722e-07
27300.000000000095 2.1567468937057174e-07
27350.000000000095 1.7068727363986664e-07
27400.000000000095 9.09119004256482e-08
27450.000000000095 2.269481998709054e-07
27500.000000000095 1.9291096566896757e-07
27550.000000000095 1.5532622859009853e-07
27600.000000000095 2.415201098527936e-07
27650.000000000095 1.2604662213615766e-07
27700.000000000095 1.0172743955028121e-07
27750.000000000095 2.2097953433076275e-07
27800.000000000095 1.2927685131125188e-07
27850.000000000095 1.4714627165420848e-07
27900.000000000095 1.7722266351251155e-07
27950.000000000095 1.5842461700119369e-07
28000.000000000095 1.965804702907698e-07
28050.000000000095 1.0978013759872757e-07
28100.000000000095 2.2068533951316838e-07
28150.000000000095 1.9807086705380538e-07
28200.000000000095 1.008689761120808e-07
28250.000000000095 2.205329595488109e-07
28300.000000000095 2.896218725804141e-07
28350.000000000095 1.0991714916457733e-07
28400.000000000095 2.2009570963820146e-07
28450.000000000095 1.985064562676166e-07
28500.000000000095 2.0139584158627768e-07
28550.000000000095 1.0221124582694354e-07
28600.000000000095 2.2423039276650228e-07
28650.000000000095 2.2391327660544536e-07
28700.000000000095 1.866034888110235e-07
28750.000000000095 2.462522629199048e-07
28800.000000000095 1.9517157308200765e-07
28850.000000000095 2.8898728310738915e-07
28900.000000000095 1.3682370056731094e-07
28950.000000000095 2.5500577602578504e-07
29000.000000000095 1.7107422402694545e-07
29050.000000000095 2.1204557973212046e-07
29100.000000000095 1.4161969577022665e-07
29150.000000000095 2.5470001453531055e-07
29200.000000000095 1.9894851087770855e-07
29250.000000000095 2.6788365526012875e-07
29300.000000000095 1.6375071429216317e-07
