galfind/configs/Brown_Dwarf_templates/sonora_cholla/logkzz4/31g/1300K_31g_logkzz4_resample.dat
# %ECSV 1.0
# ---
# datatype:
# - {name: wav, unit: Angstrom, datatype: float64}
# - {name: flux_nu, unit: erg / (cm2 Hz s), datatype: float64}
# schema: astropy-2.0
wav flux_nu
[from data line 387]
29350.000000000095 4.5919184651944184e-07
29400.000000000095 3.3022824352217045e-07
29450.000000000095 3.0070133835533887e-07
29500.000000000095 3.0337999134619425e-07
29550.000000000095 2.7312532760526555e-07
29600.000000000095 3.9653550813081814e-07
29650.000000000095 2.7848631414717105e-07
29700.000000000095 3.2266653624791733e-07
29750.000000000095 3.399273093192072e-07
29800.000000000095 4.4516003416652844e-07
29850.000000000095 4.0774613211088215e-07
29900.000000000095 3.2325259199662576e-07
29950.000000000095 3.255530731250035e-07
30000.000000000095 4.107171898530795e-07
30050.000000000095 3.3211706293468013e-07
30100.000000000095 3.27014726927792e-07
30150.000000000095 4.2786120293567716e-07
30200.000000000095 3.674342943326721e-07
30250.000000000095 4.265782821810788e-07
30300.000000000095 3.85187997764194e-07
30350.000000000095 3.161584105943986e-07
30400.000000000095 3.9232074205297127e-07
30450.000000000095 3.5582618053362286e-07
30500.000000000095 3.458374762522953e-07
30550.000000000095 4.198131728116829e-07
30600.000000000095 4.0420402518351405e-07
30650.000000000095 4.108353840248536e-07
30700.000000000095 3.650622231234237e-07
30750.000000000095 3.122348082753476e-07
30800.000000000095 3.3764997648779116e-07
30850.000000000095 3.3100583478377105e-07
30900.000000000095 3.305373753112595e-07
30950.000000000095 2.441147988390231e-07
31000.000000000095 3.031437778821689e-07
31050.000000000095 3.0077601715842595e-07
31100.000000000095 2.2583396623153954e-07
31150.000000000095 2.761502949887662e-07
31200.000000000095 2.569016715156932e-07
31250.000000000095 2.59665931294616e-07
31300.000000000095 2.588541395622237e-07
31350.000000000095 2.3324220154647665e-07
31400.000000000095 1.8234452196457411e-07
31450.000000000095 2.4274174160220716e-07
31500.000000000095 2.1931571796403343e-07
31550.000000000095 2.4382036089865495e-07
31600.000000000095 1.9397093742907398e-07
31650.000000000095 2.2438468578069441e-07
31700.000000000095 2.0090324220156887e-07
31750.000000000095 1.8395125481987114e-07
31800.000000000095 1.9350712801677586e-07
31850.000000000095 1.9865111378427142e-07
31900.000000000095 1.6929305580005557e-07
31950.000000000095 1.9823523454202155e-07
32000.000000000095 1.8395673584381396e-07
32050.000000000095 1.6204036415883213e-07
32100.000000000095 1.4553385914675974e-07
32150.000000000095 1.9933230243115336e-07
32200.000000000095 1.695614812501711e-07
32250.000000000095 1.7593253575295072e-07
32300.000000000095 1.6107093520395042e-07
32350.000000000095 2.385004571049836e-07
32400.000000000095 1.9102917487677752e-07
32450.000000000095 2.411891498843484e-07
32500.000000000095 1.9865689764784288e-07
32550.000000000095 2.3659959637523084e-07
32600.000000000095 2.7107804939104386e-07
32650.000000000095 2.9140628809607505e-07
32700.000000000095 2.3040292462148868e-07
32750.000000000095 3.2155752859088506e-07
32800.000000000095 2.2117847300829313e-07
32850.000000000095 2.8860475072768654e-07
32900.000000000095 3.35552792689144e-07
32950.000000000095 3.1252261490208797e-07
33000.000000000095 3.071002964926465e-07
33050.000000000095 2.813318972346445e-07
33100.000000000095 2.0132123032026985e-07
33150.000000000095 1.279601588341735e-07
33200.000000000095 1.1461356083551687e-07
33250.000000000095 6.298651571116845e-08
33300.000000000095 6.437207638491914e-08
33350.000000000095 8.370465080287911e-08
33400.000000000095 1.0150713389402032e-07
33450.000000000095 1.2331532947775278e-07
33500.000000000095 1.4084728135748822e-07
33550.000000000095 1.53380069970495e-07
33600.000000000095 1.9616191465731484e-07
33650.000000000095 2.1945795469168226e-07
33700.000000000095 2.154399934301183e-07
33750.000000000095 2.632948411776878e-07
33800.000000000095 2.467632982705192e-07
33850.000000000095 2.9656759718876275e-07
33900.000000000095 2.641285783180909e-07
33950.000000000095 2.7173944306027477e-07
34000.000000000095 2.726812608495123e-07
34050.000000000095 1.9212302242744605e-07
34100.000000000095 2.762731419882151e-07
34150.000000000095 2.294023652575313e-07
34200.000000000095 2.7602115826935015e-07
34250.000000000095 2.4269717581365195e-07
34300.000000000095 1.8872042011431101e-07
34350.000000000095 2.1843810693871016e-07
34400.000000000095 2.356543286948509e-07
34450.000000000095 2.725719185894617e-07
34500.000000000095 2.7564073341144806e-07
34550.000000000095 1.933840000406562e-07
34600.000000000095 2.905457434078897e-07
34650.000000000095 2.3762229075248594e-07
34700.000000000095 2.408183598091981e-07
34750.000000000095 2.3144324899661406e-07
34800.000000000095 1.797267497758048e-07
34850.000000000095 2.3235869778902218e-07
34900.000000000095 2.90470134025668e-07
34950.000000000095 2.1658752225108332e-07
35000.000000000095 3.12031440007592e-07
35050.000000000095 2.6103101887209426e-07
35100.000000000095 2.876429908693367e-07
35150.000000000095 2.7004761495301814e-07
35200.000000000095 3.6010617147041123e-07
35250.000000000095 3.4244680431894565e-07
35300.000000000095 2.5379322009111346e-07
35350.000000000095 3.4658560507284163e-07
35400.000000000095 3.177292147676696e-07
35450.000000000095 2.8812946383367093e-07
35500.000000000095 3.9976219443378986e-07
35550.000000000095 3.7494163572326883e-07
35600.000000000095 3.722754440461517e-07
35650.000000000095 3.7531685346062517e-07
35700.000000000095 2.9169511574947043e-07
35750.000000000095 3.9111954435549725e-07
35800.000000000095 4.1623307299144035e-07
35850.000000000095 3.393423777992626e-07
35900.000000000095 4.5770703424704026e-07
35950.000000000095 4.2237114335189704e-07
36000.000000000095 3.7573906913669297e-07
36050.000000000095 4.760997768407637e-07
36100.000000000095 4.4550102302787354e-07
36150.000000000095 4.7658371456723713e-07
36200.000000000095 4.897795320794479e-07
36250.000000000095 4.780204548910309e-07
36300.000000000095 5.649174686495196e-07
36350.000000000095 5.59498110004386e-07
36400.000000000095 6.154619873218867e-07
36450.000000000095 6.123400191191195e-07
36500.000000000095 6.212431178546644e-07
36550.000000000095 5.72228778598291e-07
36600.000000000095 6.302621109920522e-07
36650.000000000095 7.02278582154435e-07
36700.000000000095 8.011403068467939e-07
36750.000000000095 7.976542155411971e-07
36800.000000000095 7.790816941132704e-07
36850.000000000095 7.962063900427256e-07
36900.000000000095 7.410178283892498e-07
36950.000000000095 8.28060762256531e-07
37000.000000000095 8.308544536077514e-07
37050.000000000095 8.794002548435208e-07
37100.000000000095 9.254143966203821e-07
37150.000000000095 9.511551358270092e-07
37200.000000000095 9.599388184676273e-07
37250.000000000095 8.772822727943839e-07
37300.000000000095 9.523335076105464e-07
37350.000000000095 8.123414955406713e-07
37400.000000000095 1.0700569941620704e-06
37450.000000000095 9.582918804526385e-07
37500.000000000095 9.772331123107516e-07
37550.000000000095 1.0998718247354475e-06
37600.000000000095 1.226492316528003e-06
37650.000000000095 1.0655713562577105e-06
37700.000000000095 1.1525629409656538e-06
37750.000000000095 1.0643589618942817e-06
37800.000000000095 1.1884982182936316e-06
37850.000000000095 1.04534012902782e-06
37900.000000000095 1.2136633131829707e-06
37950.000000000095 1.3098501312389764e-06
38000.000000000095 1.262545522192988e-06
38050.000000000095 1.1898215452052318e-06
38100.000000000095 1.3025295792984265e-06
38150.000000000095 1.3012991062710506e-06
38200.000000000095 1.4697976474480452e-06
38250.000000000095 1.2542722878969308e-06
38300.000000000095 1.2297948464343142e-06
38350.000000000095 1.4129372258957046e-06
38400.000000000095 1.1769591064392467e-06
38450.000000000095 1.4754966235359775e-06
38500.000000000095 1.3883250347164205e-06
38550.000000000095 1.359772049948489e-06
38600.000000000095 1.511223292188408e-06
38650.000000000095 1.56699018138291e-06
38700.000000000095 1.550097007254865e-06
38750.000000000095 1.4415607003086548e-06
38800.000000000095 1.5263410687688192e-06
38850.000000000095 1.551206986741662e-06
38900.000000000095 1.4649926345239292e-06
38950.000000000095 1.4665428116475603e-06
39000.000000000095 1.6049575177063484e-06
39050.000000000095 1.6557161482653466e-06
39100.000000000095 1.32454060534164e-06
39150.000000000095 1.6482972075827348e-06
39200.000000000095 1.521426846799958e-06
39250.000000000095 1.5808284200162511e-06
39300.000000000095 1.6297791583625475e-06
39350.000000000095 1.6613556115634123e-06
39400.000000000095 1.7402421203793827e-06
39450.000000000095 1.7231651051066025e-06
39500.000000000095 1.4405586956265024e-06
39550.000000000095 1.5724478050410195e-06
39600.000000000095 1.6766394825050136e-06
39650.000000000095 1.546065063608692e-06
39700.000000000095 1.5887968957025306e-06
39750.000000000095 1.662624432981125e-06
39800.000000000095 1.6061695031123146e-06
39850.000000000095 1.578287229566013e-06
39900.000000000095 1.5700372906799853e-06
39950.000000000095 1.598874737399268e-06
40000.000000000095 1.4235741129372425e-06
40050.000000000095 1.6511510798372957e-06
40100.000000000095 1.703007624418911e-06
40150.000000000095 1.6978345343160672e-06
40200.000000000095 1.8288920005012277e-06
40250.000000000095 1.3976806789077698e-06
40300.000000000095 1.5497915678343194e-06
40350.000000000095 1.556264644335864e-06
40400.000000000095 1.6592782855894645e-06
40450.000000000095 1.5823308956417435e-06
40500.000000000095 1.3364079088346651e-06
40550.000000000095 1.6722845633669754e-06
40600.000000000095 1.3282001001464065e-06
40650.000000000095 1.7071809531471463e-06
40700.000000000095 1.7401485952779383e-06
40750.000000000095 1.4708432168743585e-06
40800.000000000095 1.4105118832388863e-06
40850.000000000095 1.4836128865648393e-06
40900.000000000095 1.298221217004861e-06
40950.000000000095 1.4179551429607106e-06
41000.000000000095 1.4590230195132315e-06
41050.000000000095 1.5931142297617455e-06
41100.000000000095 1.391792510189048e-06
41150.000000000095 1.2682811717357872e-06
41200.000000000095 1.3426688377714975e-06
41250.000000000095 1.5051587834003813e-06
41300.000000000095 1.124096090072973e-06
41350.000000000095 1.444297460865783e-06
41400.000000000095 1.4507906129650469e-06
41450.000000000095 1.3942267512455278e-06
41500.000000000095 1.4426376005143849e-06
41550.000000000095 1.3650894761296877e-06
41600.000000000095 1.3739981874055727e-06
41650.000000000095 1.2047554746401872e-06
41700.000000000095 1.2589706590590294e-06
41750.000000000095 9.863079950685047e-07
41800.000000000095 1.322931802293168e-06
41850.000000000095 7.750202325880247e-07
41900.000000000095 1.1548394822581924e-06
41950.000000000095 1.049817218500559e-06
42000.000000000095 1.0487234384540572e-06
42050.000000000095 7.590173098704102e-07
42100.000000000095 9.341603530012487e-07
42150.000000000095 6.726605315491162e-07
42200.000000000095 8.449811356920934e-07
42250.000000000095 6.609117044898345e-07
42300.000000000095 7.939168341591218e-07
42350.000000000095 7.293842315333285e-07
42400.000000000095 6.429614868855431e-07
42450.000000000095 4.8389625014255e-07
42500.000000000095 5.731240703916592e-07
42550.000000000095 6.626031770907704e-07
42600.000000000095 6.52498152641434e-07
42650.000000000095 7.303529886862538e-07
42700.000000000095 6.301958740695528e-07
42750.000000000095 6.487039154767944e-07
42800.000000000095 5.721580931641439e-07
42850.000000000095 6.287701070624092e-07
42900.000000000095 5.920731823640726e-07
42950.000000000095 5.412717757599446e-07
43000.000000000095 6.068482033143683e-07
43050.000000000095 5.139115972288319e-07
43100.000000000095 6.169565711268058e-07
43150.000000000095 6.205226145450578e-07
43200.000000000095 6.160252506965207e-07
43250.000000000095 4.646266500831464e-07
43300.000000000095 6.265346548860339e-07
43350.000000000095 6.329805535887029e-07
43400.000000000095 6.76180938642657e-07
43450.000000000095 4.991792896687473e-07
43500.000000000095 4.877382683309559e-07
43550.000000000095 4.78347232569434e-07
43600.000000000095 6.25176414642589e-07
43650.000000000095 4.036697771123725e-07
43700.000000000095 6.318780667455846e-07
43750.000000000095 5.343667881979025e-07
43800.000000000095 4.582571337326871e-07
43850.000000000095 5.981680999019398e-07
43900.000000000095 3.5692478301484513e-07
43950.000000000095 5.126332779639936e-07
44000.000000000095 4.022695267828653e-07
44050.000000000095 5.07283032657132e-07
44100.000000000095 5.014210441230537e-07
44150.000000000095 5.638510136418506e-07
44200.000000000095 4.465433249806122e-07
44250.000000000095 4.664877453408738e-07
44300.000000000095 4.331607173670695e-07
44350.000000000095 3.581835745744713e-07
44400.000000000095 4.34043241706587e-07
44450.000000000095 4.3278867695040603e-07
44500.000000000095 3.5837503073859736e-07
44550.000000000095 4.1610848575208007e-07
44600.000000000095 3.592738212621986e-07
44650.000000000095 4.175874293261406e-07
44700.000000000095 3.872980106738431e-07
44750.000000000095 4.2541547613593725e-07
44800.000000000095 4.082438119387047e-07
44850.000000000095 3.658067729555364e-07
44900.000000000095 3.26614011153954e-07
44950.000000000095 3.459088183473542e-07
45000.000000000095 3.534356050446489e-07
45050.000000000095 3.6958739889133034e-07
45100.000000000095 3.277728509558533e-07
45150.000000000095 3.2777646736469743e-07
45200.000000000095 2.8645673587057205e-07
45250.000000000095 2.9727983748770946e-07
45300.000000000095 3.2908688141442183e-07
45350.000000000095 3.405172222129396e-07
45400.000000000095 2.7049963717471733e-07
45450.000000000095 2.791747676552786e-07
45500.000000000095 2.7642824925602163e-07
45550.000000000095 3.018595567335185e-07
45600.000000000095 2.7349647858286215e-07
45650.000000000095 2.81335468042391e-07
45700.000000000095 3.3638426661313556e-07
45750.000000000095 3.068536590224298e-07
45800.000000000095 2.816036709250618e-07
45850.000000000095 3.7764332562116614e-07
45900.000000000095 3.693259162533871e-07
45950.000000000095 2.894695240225464e-07
46000.000000000095 3.538603234151576e-07
46050.000000000095 3.6820293883505907e-07
46100.000000000095 2.947535227059897e-07
46150.000000000095 3.5307630432855966e-07
46200.000000000095 3.2921029443936195e-07
46250.000000000095 2.3264329776401752e-07
46300.000000000095 3.960776530477091e-07
46350.000000000095 2.717375684089642e-07
46400.000000000095 3.4584552921553264e-07
46450.000000000095 4.1249744408723144e-07
46500.000000000095 3.403231325368957e-07
46550.000000000095 4.081660824736697e-07
46600.000000000095 4.13635686827553e-07
46650.000000000095 5.739639089938193e-07
46700.000000000095 4.544905175242944e-07
46750.000000000095 3.9583295717801557e-07
46800.000000000095 3.363175392664066e-07
46850.000000000095 4.4181426471848465e-07
46900.000000000095 3.787164592399129e-07
46950.000000000095 4.706981868518302e-07
47000.000000000095 3.4162817303924697e-07
47050.000000000095 5.093081680467567e-07
47100.000000000095 3.1542587340970197e-07
47150.000000000095 3.619628844665105e-07
47200.000000000095 4.1564339065060897e-07
47250.000000000095 3.3529832242578667e-07
47300.000000000095 3.688550497927985e-07
47350.000000000095 3.014127804513694e-07
47400.000000000095 4.253555156083387e-07
47450.000000000095 3.184913784222869e-07
47500.000000000095 4.5867479439466377e-07
47550.000000000095 3.170455441227158e-07
47600.000000000095 4.296088389811649e-07
47650.000000000095 3.2059042960307916e-07
47700.000000000095 4.0656934495379237e-07
47750.000000000095 2.712572677299861e-07
47800.000000000095 3.9098948615214625e-07
47850.000000000095 2.4002832736316985e-07
47900.000000000095 3.9347779185123326e-07
47950.000000000095 3.0994860222590364e-07
48000.000000000095 4.83046511773835e-07
48050.000000000095 3.3913848307197314e-07
48100.000000000095 4.1938400384833717e-07
48150.000000000095 3.2167079535344956e-07
48200.000000000095 4.3977375500412737e-07
48250.000000000095 3.582478926728864e-07
48300.000000000095 5.025837864257733e-07
48350.000000000095 2.978992602454975e-07
48400.000000000095 4.2814033865396844e-07
48450.000000000095 2.935277277849402e-07
48500.000000000095 5.064551316733632e-07
48550.000000000095 2.92768469335283e-07
48600.000000000095 4.5260528794173687e-07
