galfind/configs/Brown_Dwarf_templates/sonora_cholla/logkzz4/31g/1300K_31g_logkzz4_resample.dat
# %ECSV 1.0
# ---
# datatype:
# - {name: wav, unit: Angstrom, datatype: float64}
# - {name: flux_nu, unit: erg / (cm2 Hz s), datatype: float64}
# schema: astropy-2.0
wav flux_nu
10000.000000000093 nan
10050.000000000093 2.630948453702196e-07
10100.000000000093 3.145797564081749e-07
10150.000000000093 3.2781806558358564e-07
10200.000000000093 3.599517051149035e-07
10250.000000000093 3.766051993591567e-07
10300.000000000093 3.720712460299872e-07
10350.000000000093 4.248677963390715e-07
10400.000000000093 4.773771809689806e-07
10450.000000000093 4.760776052167469e-07
10500.000000000093 4.305561132351136e-07
10550.000000000093 4.1928008564314605e-07
10600.000000000093 4.3178763631845313e-07
10650.000000000093 4.911973259651248e-07
10700.000000000093 5.275853231665516e-07
10750.000000000093 5.760116592735578e-07
10800.000000000093 6.176777066727987e-07
10850.000000000093 6.938971495620082e-07
10900.000000000093 6.108518680634541e-07
10950.000000000093 4.7396561326738037e-07
11000.000000000093 4.587473553496349e-07
11050.000000000093 3.732328925126665e-07
11100.000000000093 3.9208584302262464e-07
11150.000000000093 3.4412125040629483e-07
11200.000000000093 3.3535335938488246e-07
11250.000000000093 4.0188960463298317e-07
11300.000000000093 3.8537872852102264e-07
11350.000000000093 2.7120001882965697e-07
11400.000000000093 3.8332809123910596e-07
11450.000000000093 3.2301538352153367e-07
11500.000000000093 3.9516415435910283e-07
11550.000000000093 3.4721615355099406e-07
11600.000000000093 3.6226558552880553e-07
11650.000000000093 3.892300845009496e-07
11700.000000000093 4.0990702113785635e-07
11750.000000000093 3.707240068116109e-07
11800.000000000093 4.1713645097765684e-07
11850.000000000093 4.777394637867707e-07
11900.000000000093 4.83145348871956e-07
11950.000000000093 5.641741360393498e-07
12000.000000000093 5.459281809869824e-07
12050.000000000093 6.454304698697342e-07
12100.000000000093 6.836662086543359e-07
12150.000000000093 7.223292111344592e-07
12200.000000000093 8.098733099834319e-07
12250.000000000093 8.928297053393104e-07
12300.000000000093 9.260713416811015e-07
12350.000000000093 9.724286484525142e-07
12400.000000000093 9.442602451083968e-07
12450.000000000093 1.0140092570425034e-06
12500.000000000093 1.0862653849970136e-06
12550.000000000093 1.1224637144684735e-06
12600.000000000093 1.1380458516709292e-06
12650.000000000093 1.1431374007232946e-06
12700.000000000093 1.2598155611548268e-06
12750.000000000093 1.1900592817636585e-06
12800.000000000093 1.2505158474338608e-06
12850.000000000093 1.186947926699081e-06
12900.000000000093 1.1077570858355593e-06
12950.000000000093 1.218084037983527e-06
13000.000000000093 1.193920550539913e-06
13050.000000000093 1.2026956712725036e-06
13100.000000000093 1.103418198263846e-06
13150.000000000093 1.0502075727574595e-06
13200.000000000093 1.0265201188013723e-06
13250.000000000093 8.570799069396773e-07
13300.000000000093 5.805671700311129e-07
13350.000000000093 2.768446491483757e-07
13400.000000000093 1.8602864361199023e-07
13450.000000000093 1.3320219838344465e-07
13500.000000000093 9.497505892642049e-08
13550.000000000093 8.68044736728655e-08
13600.000000000093 6.712198176123884e-08
13650.000000000093 1.1980552539632508e-07
13700.000000000093 1.0857268364028902e-07
13750.000000000093 9.713141177434117e-08
13800.000000000093 1.332285361900435e-07
13850.000000000093 1.0796335111709585e-07
13900.000000000093 1.1209397148448616e-07
13950.000000000093 1.0218364071103117e-07
14000.000000000093 8.673863861602905e-08
14050.000000000093 1.0307484418272996e-07
14100.000000000093 8.233721493862802e-08
14150.000000000093 9.483049517588761e-08
14200.000000000093 8.730353475079906e-08
14250.000000000093 8.47203645663762e-08
14300.000000000093 9.248627153536843e-08
14350.000000000093 9.121569191239555e-08
14400.000000000093 1.1284890373516178e-07
14450.000000000093 1.1116182880383604e-07
14500.000000000093 1.6281589807153727e-07
14550.000000000093 1.6316727548384572e-07
14600.000000000093 1.8851107978639995e-07
14650.000000000093 2.0826228543696219e-07
14700.000000000093 1.6178545422121946e-07
14750.000000000093 1.9830700517421588e-07
14800.000000000093 2.2816347164498845e-07
14850.000000000093 2.2204152903558026e-07
14900.000000000093 2.5434157793350224e-07
14950.000000000093 2.5826366139600106e-07
15000.000000000093 2.665270945351271e-07
15050.000000000093 3.3461046367582254e-07
15100.000000000093 3.513009324602052e-07
15150.000000000093 3.8307606187423326e-07
15200.000000000093 3.3825089628199285e-07
15250.000000000093 3.794441379109614e-07
15300.000000000093 4.271270832105497e-07
15350.000000000093 4.7682505644021957e-07
15400.000000000093 5.032624385938052e-07
15450.000000000093 5.77234203690785e-07
15500.000000000093 5.98827526396121e-07
15550.000000000093 6.585454979146841e-07
15600.000000000093 6.838373144381967e-07
15650.000000000093 6.95197991925121e-07
15700.000000000093 8.04604430246355e-07
15750.000000000093 8.507148259205819e-07
15800.000000000093 8.359801518623131e-07
15850.000000000093 9.078643831867908e-07
15900.000000000093 8.993100499179152e-07
15950.000000000093 9.279350986401631e-07
16000.000000000093 1.0132381816059735e-06
16050.000000000093 1.0575655484262719e-06
16100.000000000093 1.114290274395829e-06
16150.000000000093 9.986170107159238e-07
16200.000000000093 9.97955014942833e-07
16250.000000000093 1.0321252323558505e-06
16300.000000000093 1.0391810390361542e-06
16350.000000000093 1.098146351768999e-06
16400.000000000095 1.1404427545722044e-06
16450.000000000095 1.1498810166739523e-06
16500.000000000095 1.1985567580233685e-06
16550.000000000095 1.201506439064015e-06
16600.000000000095 1.1299452261399554e-06
16650.000000000095 1.1978657415149432e-06
16700.000000000095 9.929044059396408e-07
16750.000000000095 1.0930690817754645e-06
16800.000000000095 1.2168434957346332e-06
16850.000000000095 1.1872440642151561e-06
16900.000000000095 1.1834137642449803e-06
16950.000000000095 1.0928119074684758e-06
17000.000000000095 1.0564240975538514e-06
17050.000000000095 1.0958774501984036e-06
17100.000000000095 1.0383896506594774e-06
17150.000000000095 9.242473057088998e-07
17200.000000000095 8.709500319480396e-07
17250.000000000095 7.837980570663497e-07
17300.000000000095 7.330449026849733e-07
17350.000000000095 7.056592005701884e-07
17400.000000000095 6.665228921686602e-07
17450.000000000095 6.407790742002016e-07
17500.000000000095 6.337318589178519e-07
17550.000000000095 5.493605265785652e-07
17600.000000000095 5.493455433458856e-07
17650.000000000095 5.400793935058915e-07
17700.000000000095 3.651329006798808e-07
17750.000000000095 3.5765507653208425e-07
17800.000000000095 4.13095110868301e-07
17850.000000000095 2.8922268883500074e-07
17900.000000000095 3.3168077918815284e-07
17950.000000000095 2.8375947633327914e-07
18000.000000000095 2.7857245219774454e-07
18050.000000000095 2.846567469466399e-07
18100.000000000095 2.411561711010772e-07
18150.000000000095 3.219950260922837e-07
18200.000000000095 2.3443402036810812e-07
18250.000000000095 3.51174751128863e-07
18300.000000000095 2.769395350922757e-07
18350.000000000095 2.628084686974751e-07
18400.000000000095 2.386915843041576e-07
18450.000000000095 2.2003739771566032e-07
18500.000000000095 2.583975420358186e-07
18550.000000000095 2.0735219303327085e-07
18600.000000000095 1.651478804983251e-07
18650.000000000095 1.7974471849045014e-07
18700.000000000095 2.050885696598282e-07
18750.000000000095 1.8941177126426625e-07
18800.000000000095 2.6234405411564794e-07
18850.000000000095 3.20679259363643e-07
18900.000000000095 3.053131585951198e-07
18950.000000000095 3.548303715010802e-07
19000.000000000095 3.427377822041514e-07
19050.000000000095 2.9907831935469493e-07
19100.000000000095 3.508239527418037e-07
19150.000000000095 3.6857876507979744e-07
19200.000000000095 3.3653092747538267e-07
19250.000000000095 3.428123319497639e-07
19300.000000000095 3.2594028771177936e-07
19350.000000000095 2.974481334604322e-07
19400.000000000095 2.1370396236075076e-07
19450.000000000095 3.253194660971532e-07
19500.000000000095 2.8668592409051e-07
19550.000000000095 2.43837168203084e-07
19600.000000000095 3.125031150002511e-07
19650.000000000095 3.1452505908030335e-07
19700.000000000095 3.1678474666927124e-07
19750.000000000095 2.921492674043431e-07
19800.000000000095 3.3089311296338264e-07
19850.000000000095 3.4738316947409396e-07
19900.000000000095 2.6089145945053995e-07
19950.000000000095 3.887659562732022e-07
20000.000000000095 3.898357266509409e-07
20050.000000000095 4.06954019695567e-07
20100.000000000095 4.3265525470171714e-07
20150.000000000095 4.043153144506865e-07
20200.000000000095 4.687936959885394e-07
20250.000000000095 5.211076732262308e-07
20300.000000000095 4.718761502922414e-07
20350.000000000095 5.191724637988269e-07
20400.000000000095 5.144481088320964e-07
20450.000000000095 6.320850333499772e-07
20500.000000000095 6.242141540091259e-07
20550.000000000095 5.845291441425285e-07
20600.000000000095 7.163397522652413e-07
20650.000000000095 6.5154122444229e-07
20700.000000000095 6.882157614011211e-07
20750.000000000095 8.067422211513533e-07
20800.000000000095 7.961715741849117e-07
20850.000000000095 7.79036323382804e-07
20900.000000000095 8.473625684343779e-07
20950.000000000095 8.125856456217973e-07
21000.000000000095 9.014602479463668e-07
21050.000000000095 8.700811031540767e-07
21100.000000000095 9.116663249955093e-07
21150.000000000095 8.893784920632146e-07
21200.000000000095 8.807084146297193e-07
21250.000000000095 9.251870550795022e-07
21300.000000000095 8.659749086116682e-07
21350.000000000095 9.646878153820303e-07
21400.000000000095 8.413391571872075e-07
21450.000000000095 9.479324053222683e-07
21500.000000000095 8.977197954021803e-07
21550.000000000095 8.906360258913545e-07
21600.000000000095 9.099720624111681e-07
21650.000000000095 8.252146735284301e-07
21700.000000000095 9.285253798767879e-07
21750.000000000095 8.431761768730408e-07
21800.000000000095 8.042163162609672e-07
21850.000000000095 7.658212417581896e-07
21900.000000000095 7.742087664729365e-07
21950.000000000095 5.818533666730009e-07
22000.000000000095 5.149065979007661e-07
22050.000000000095 4.172736129292383e-07
22100.000000000095 5.020591527113853e-07
22150.000000000095 5.272590826769379e-07
22200.000000000095 5.434458598049934e-07
22250.000000000095 5.053305054840665e-07
22300.000000000095 5.102766658802376e-07
22350.000000000095 4.802798772156282e-07
22400.000000000095 4.861523213263666e-07
22450.000000000095 4.0358182028386345e-07
22500.000000000095 4.4922825567561775e-07
22550.000000000095 3.776230370163782e-07
22600.000000000095 4.1603622047191727e-07
22650.000000000095 3.55967318297566e-07
22700.000000000095 3.6268958695087056e-07
22750.000000000095 3.875416086888683e-07
22800.000000000095 3.525220714333042e-07
22850.000000000095 3.2365439268293446e-07
22900.000000000095 3.1809545841508983e-07
22950.000000000095 2.6400137784130764e-07
23000.000000000095 2.1909683583890797e-07
23050.000000000095 2.8785651090498586e-07
23100.000000000095 3.21799627050975e-07
23150.000000000095 3.2609958981774904e-07
23200.000000000095 2.522530199159255e-07
23250.000000000095 2.1921735683944577e-07
23300.000000000095 2.097212276407434e-07
23350.000000000095 1.864691937636003e-07
23400.000000000095 2.219117511817913e-07
23450.000000000095 2.07384853293245e-07
23500.000000000095 2.1623056530151745e-07
23550.000000000095 2.6939865503754734e-07
23600.000000000095 2.7162626794044413e-07
23650.000000000095 2.970855790213101e-07
23700.000000000095 2.3950503384260163e-07
23750.000000000095 2.2889039035520252e-07
23800.000000000095 2.095527034411138e-07
23850.000000000095 2.1442670924202298e-07
23900.000000000095 2.8496131682258195e-07
23950.000000000095 2.769387984143773e-07
24000.000000000095 3.568817650577118e-07
24050.000000000095 3.165468201681003e-07
24100.000000000095 2.8812315805517465e-07
24150.000000000095 3.014070616914424e-07
24200.000000000095 3.2374066748974566e-07
24250.000000000095 3.160854581982891e-07
24300.000000000095 2.9497657342100695e-07
24350.000000000095 2.883754121189172e-07
24400.000000000095 3.487112442252126e-07
24450.000000000095 2.9590822321452287e-07
24500.000000000095 3.196320178560984e-07
24550.000000000095 2.7119368264434394e-07
24600.000000000095 3.0837212333227533e-07
24650.000000000095 3.2779531278946705e-07
24700.000000000095 2.6923919133559585e-07
24750.000000000095 2.4855879735771723e-07
24800.000000000095 2.5376108727352837e-07
24850.000000000095 3.1140375006027623e-07
24900.000000000095 1.8561106555264583e-07
24950.000000000095 2.987850449684795e-07
25000.000000000095 2.6513803714759674e-07
25050.000000000095 2.1711850297140006e-07
25100.000000000095 2.585011291214791e-07
25150.000000000095 1.7466337192199134e-07
25200.000000000095 2.2489626985076794e-07
25250.000000000095 1.7686608701330968e-07
25300.000000000095 2.4326093932603213e-07
25350.000000000095 1.3847696969082043e-07
25400.000000000095 2.0786986094386611e-07
25450.000000000095 1.6678540769479854e-07
25500.000000000095 1.5212034788116046e-07
25550.000000000095 1.8689072275413458e-07
25600.000000000095 1.6195919394043865e-07
25650.000000000095 1.4137203395226752e-07
25700.000000000095 2.2823329095132282e-07
25750.000000000095 1.424087737274663e-07
25800.000000000095 2.1628477883073825e-07
25850.000000000095 1.4268306803230818e-07
25900.000000000095 1.8822200794146556e-07
25950.000000000095 1.4917896113476607e-07
26000.000000000095 1.9463456188626642e-07
26050.000000000095 2.0439040366916378e-07
26100.000000000095 2.3275472052993831e-07
26150.000000000095 2.1443674859307785e-07
26200.000000000095 2.3215230314023902e-07
26250.000000000095 2.297754679901881e-07
26300.000000000095 2.093647767092123e-07
26350.000000000095 2.3339544980851332e-07
26400.000000000095 2.9584100127527063e-07
26450.000000000095 2.6436054172522815e-07
26500.000000000095 2.4593096381830914e-07
26550.000000000095 2.417647569396806e-07
26600.000000000095 2.9175234391959856e-07
26650.000000000095 1.7748706540954623e-07
26700.000000000095 1.5715869050794602e-07
26750.000000000095 1.3667589715367859e-07
26800.000000000095 1.8257340096304859e-07
26850.000000000095 1.2050276025329377e-07
26900.000000000095 1.8936251641382358e-07
26950.000000000095 1.1285840198909705e-07
27000.000000000095 2.0835183103987162e-07
27050.000000000095 1.791472259134376e-07
27100.000000000095 1.62884469296324e-07
27150.000000000095 2.2240331761381796e-07
27200.000000000095 1.6950815736072438e-07
27250.000000000095 1.7621555044799316e-07
27300.000000000095 2.615335941138732e-07
27350.000000000095 2.0941375228216782e-07
27400.000000000095 1.238165729658985e-07
27450.000000000095 2.81368392427072e-07
27500.000000000095 2.3711501397534492e-07
27550.000000000095 2.0066995244219016e-07
27600.000000000095 3.0495845288812945e-07
27650.000000000095 1.6360133201526583e-07
27700.000000000095 1.3295757953749492e-07
27750.000000000095 2.7761481347864905e-07
27800.000000000095 1.6735005213463962e-07
27850.000000000095 1.903687475280874e-07
27900.000000000095 2.2585923875411846e-07
27950.000000000095 1.9838831111333238e-07
28000.000000000095 2.4681501061714316e-07
28050.000000000095 1.439254333216188e-07
28100.000000000095 2.7311472718224775e-07
28150.000000000095 2.51878815888052e-07
28200.000000000095 1.3259982112801081e-07
28250.000000000095 2.734646393093738e-07
28300.000000000095 3.5342493696020127e-07
28350.000000000095 1.423442268287447e-07
28400.000000000095 2.7752454080661896e-07
28450.000000000095 2.4301726228395793e-07
28500.000000000095 2.5205553955549465e-07
28550.000000000095 1.3255915094506664e-07
28600.000000000095 2.772720513521371e-07
28650.000000000095 2.766948432767419e-07
28700.000000000095 2.317880755246983e-07
28750.000000000095 3.004481389091225e-07
28800.000000000095 2.3848075269191054e-07
28850.000000000095 3.5399081303932096e-07
28900.000000000095 1.718986897385387e-07
28950.000000000095 3.07513872268614e-07
29000.000000000095 2.0608817672523156e-07
29050.000000000095 2.555969249641013e-07
29100.000000000095 1.7595108615290184e-07
29150.000000000095 3.0585649384544476e-07
29200.000000000095 2.445510657855367e-07
29250.000000000095 3.215889044421796e-07
