galfind/configs/Brown_Dwarf_templates/sonora_cholla/logkzz4/31g/500K_31g_logkzz4_resample.dat
# %ECSV 1.0
# ---
# datatype:
# - {name: wav, unit: Angstrom, datatype: float64}
# - {name: flux_nu, unit: erg / (cm2 Hz s), datatype: float64}
# schema: astropy-2.0
wav flux_nu
3000.0480007680403 nan
3050.0480007680403 0.0
3100.0480007680403 0.0
3150.0480007680403 0.0
3200.0480007680403 0.0
3250.0480007680403 0.0
3300.0480007680403 0.0
3350.0480007680403 0.0
3400.0480007680403 0.0
3450.0480007680403 0.0
3500.0480007680403 0.0
3550.0480007680403 0.0
3600.0480007680403 0.0
3650.0480007680403 0.0
3700.0480007680403 0.0
3750.0480007680403 0.0
3800.0480007680403 0.0
3850.0480007680403 0.0
3900.0480007680403 0.0
3950.0480007680403 0.0
4000.0480007680403 0.0
4050.0480007680403 0.0
4100.04800076804 0.0
4150.04800076804 0.0
4200.04800076804 0.0
4250.04800076804 0.0
4300.04800076804 0.0
4350.04800076804 0.0
4400.04800076804 0.0
4450.04800076804 0.0
4500.04800076804 0.0
4550.04800076804 0.0
4600.04800076804 0.0
4650.04800076804 0.0
4700.04800076804 0.0
4750.04800076804 0.0
4800.04800076804 0.0
4850.04800076804 0.0
4900.04800076804 0.0
4950.04800076804 0.0
5000.04800076804 1.1743869766352503e-12
5050.04800076804 2.7077048079327245e-12
5100.04800076804 2.9019203661406045e-12
5150.04800076804 3.256665704616327e-12
5200.04800076804 3.709551067616956e-12
5250.04800076804 4.189157461785365e-12
5300.04800076804 4.7159379067893605e-12
5350.04800076804 5.317232915535844e-12
5400.04800076804 5.894784984456999e-12
5450.04800076804 6.619299049348842e-12
5500.04800076804 7.459340458972908e-12
5550.04800076804 8.365921115381735e-12
5600.04800076804 9.229759001658906e-12
5650.04800076804 9.925858800607676e-12
5700.04800076804 9.955672176040516e-12
5750.04800076804 9.978502476548272e-12
5800.04800076804 8.902251938932659e-12
5850.04800076804 6.390234247954319e-12
5900.04800076804 1.3774919276503625e-12
5950.04800076804 2.769661817816415e-12
6000.04800076804 1.184336678440312e-11
6050.04800076804 2.2674267991228793e-11
6100.04800076804 3.475112971716247e-11
6150.04800076804 4.707864364661753e-11
6200.04800076804 5.977706122381394e-11
6250.04800076804 7.177554673363843e-11
6300.04800076804 8.735764857728517e-11
6350.04800076804 1.0506876245384753e-10
6400.04800076804 1.2351253228436002e-10
6450.04800076804 1.26694091291626e-10
6500.04800076804 1.4823807835967544e-10
6550.04800076804 1.80986401883139e-10
6600.04800076804 2.1887691351941893e-10
6650.04800076804 2.675308184438511e-10
6700.04800076804 3.3459138154653366e-10
6750.04800076804 4.0113146452990556e-10
6800.04800076804 4.66217345648873e-10
6850.04800076804 5.375373001048997e-10
6900.04800076804 4.736004805846398e-10
6950.04800076804 3.831154232241479e-10
7000.04800076804 4.6333992915017844e-10
7050.04800076804 4.3242294006167873e-10
7100.04800076804 4.4778006186836483e-10
7150.04800076804 2.961648873717819e-10
7200.04800076804 2.079765633611959e-10
7250.04800076804 2.754265550268476e-10
7300.04800076804 2.8553932547519853e-10
7350.04800076804 3.5593311559346936e-10
7400.04800076804 4.2578416797431587e-10
7450.04800076804 5.640980934647636e-10
7500.04800076804 6.760158710900314e-10
7550.04800076804 7.959345629795916e-10
7600.04800076804 8.96094677410787e-10
7650.04800076804 9.481642460530679e-10
7700.04800076804 5.700115272965023e-10
7750.04800076804 1.796957020962199e-10
7800.04800076804 9.874861208412246e-10
7850.04800076804 1.1323857261878493e-09
7900.04800076804 1.3128750768925946e-09
7950.04800076804 1.5020854062645764e-09
8000.04800076804 1.4852273031558835e-09
8050.04800076804 1.480221144988878e-09
8100.04800076804 7.861464857171348e-10
8150.04800076804 6.430020120380621e-10
8200.04800076804 1.0550188543370099e-09
8250.04800076804 1.0436886848798652e-09
8300.04800076804 1.1411956084682863e-09
8350.04800076804 9.035892701850699e-10
8400.04800076804 8.996244286909981e-10
8450.04800076804 1.1363700302552863e-09
8500.04800076804 1.3287232751882834e-09
8550.04800076804 1.6403334880920021e-09
8600.04800076804 1.991889640929907e-09
8650.04800076804 2.1549089197666223e-09
8700.04800076804 1.9265913787849743e-09
8750.04800076804 1.9999990387785723e-09
8800.04800076804 1.6967467033743327e-09
8850.04800076804 8.56697369759771e-10
8900.04800076804 5.6780105615930665e-11
8950.04800076804 7.096521903625356e-11
9000.04800076804 4.765645257008075e-11
9050.04800076804 2.2536481852314225e-10
9100.04800076804 3.143090390316559e-10
9150.04800076804 3.1979319062664627e-10
9200.04800076804 6.873443490248438e-10
9250.04800076804 5.53181145351952e-10
9300.04800076804 1.9678172468351784e-11
9350.04800076804 2.4061118172323107e-11
9400.04800076804 7.22071718929961e-11
9450.04800076804 8.705902197353964e-11
9500.04800076804 6.35866366734814e-11
9550.04800076804 7.777981927480181e-11
9600.04800076804 6.618733388801406e-11
9650.04800076804 1.095698797631906e-10
9700.04800076804 2.2326547729549005e-10
9750.04800076804 1.9289779027506292e-10
9800.04800076804 2.360709503784577e-10
9850.04800076804 2.6334674371982075e-10
9900.04800076804 3.989099303687006e-10
9950.04800076804 3.1712994857769163e-10
10000.04800076804 5.016933656870505e-10
10050.04800076804 4.665299301564801e-10
10100.04800076804 7.297974023877442e-10
10150.04800076804 8.838843103322025e-10
10200.04800076804 1.1554973520117092e-09
10250.04800076804 1.4601073386646259e-09
10300.04800076804 1.8400307188659662e-09
10350.04800076804 2.3916259563145077e-09
10400.04800076804 3.6373072211996974e-09
10450.04800076804 4.549190447237371e-09
10500.04800076804 5.385085402309771e-09
10550.04800076804 6.3414278429398185e-09
10600.04800076804 6.344759619047497e-09
10650.04800076804 6.444227459130011e-09
10700.04800076804 5.775094795260347e-09
10750.04800076804 5.673553662578968e-09
10800.04800076804 4.70901469388902e-09
10850.04800076804 3.7215526183253686e-09
10900.04800076804 2.1083588569782226e-09
10950.04800076804 7.904148595250078e-10
11000.04800076804 4.14540893582596e-10
11050.04800076804 2.1648269489725856e-10
11100.04800076804 9.645121724190507e-11
11150.04800076804 2.969837821036531e-11
11200.04800076804 1.2741457700640728e-11
11250.04800076804 1.6462222186633486e-11
11300.04800076804 3.555251947957084e-11
11350.04800076804 7.337078716067005e-12
11400.04800076804 3.0365119093746066e-11
11450.04800076804 2.2647915932227774e-11
11500.04800076804 1.3933282123914462e-11
11550.04800076804 1.9831467949562964e-12
11600.04800076804 1.3046549501032046e-12
11650.04800076804 8.543194077223224e-12
11700.04800076804 9.357867017846845e-12
11750.04800076804 1.140982246161461e-12
11800.04800076804 1.2494151527622768e-11
11850.04800076804 2.8051035703213748e-11
11900.04800076804 2.947313195076038e-11
11950.04800076804 5.921678418447681e-11
12000.04800076804 1.5178236451131452e-10
12050.04800076804 3.1301616267229375e-10
12100.04800076804 6.260784952041927e-10
12150.04800076804 1.058148641672061e-09
12200.04800076804 1.4263828080366106e-09
12250.04800076804 2.207189437698302e-09
12300.04800076804 3.3078116442734697e-09
12350.04800076804 3.572080386959847e-09
12400.04800076804 5.425270604649678e-09
12450.04800076804 7.546152901430208e-09
12500.04800076804 8.701770155715806e-09
12550.04800076804 1.0209839583930897e-08
12600.04800076804 1.1167538647598182e-08
12650.04800076804 1.1125002514234929e-08
12700.04800076804 1.104679928914781e-08
12750.04800076804 8.749114825217372e-09
12800.04800076804 7.114861255756293e-09
12850.04800076804 4.589028534629152e-09
12900.04800076804 3.3317094567731837e-09
12950.04800076804 2.5428916476861804e-09
13000.04800076804 2.3972284563002087e-09
13050.04800076804 1.3845564807304167e-09
13100.04800076804 1.1275691351178613e-09
13150.04800076804 7.014900410875013e-10
13200.04800076804 6.428314354011532e-10
13250.04800076804 4.4298569641956016e-10
13300.04800076804 1.250466395395174e-10
13350.04800076804 3.602223638683318e-11
13400.04800076804 1.9746591579535678e-11
13450.04800076804 4.606004273403686e-12
13500.04800076804 1.4404423281526103e-12
13550.04800076804 5.217339235070955e-13
13600.04800076804 5.80464244586202e-14
13650.04800076804 8.630569855592535e-13
13700.04800076804 4.352632648992212e-13
13750.04800076804 7.203480153059857e-13
13800.04800076804 5.494826808267227e-13
13850.04800076804 3.372422095764244e-13
13900.04800076804 6.530942214924605e-13
13950.04800076804 4.117076951439299e-13
14000.04800076804 5.096702985261847e-13
14050.04800076804 1.0726850873271907e-12
14100.04800076804 1.2997398173483362e-12
14150.04800076804 3.4425829835234328e-12
14200.04800076804 1.7181371795708732e-12
14250.04800076804 2.86650393524129e-12
14300.04800076804 1.0123572688520094e-11
14350.04800076804 9.714010686501372e-12
14400.04800076804 1.0900186146055617e-11
14450.04800076804 1.7274838737079082e-11
14500.04800076804 5.076700217885984e-11
14550.04800076804 5.7285074721796326e-11
14600.04800076804 1.0665027170961074e-10
14650.04800076804 9.483556914783468e-11
14700.04800076804 5.3539539586089384e-11
14750.04800076804 7.224396830505605e-11
14800.04800076804 9.880981353532553e-11
14850.04800076804 1.1040681692634076e-10
14900.04800076804 1.390015392615184e-10
14950.04800076804 1.9678426256162494e-10
15000.04800076804 3.2021344944248816e-10
15050.04800076804 2.942755478156369e-10
15100.04800076804 3.320858520329333e-10
15150.04800076804 3.0426054844003747e-10
15200.04800076804 4.201204627469545e-10
15250.04800076804 7.656113674068507e-10
15300.04800076804 9.400146877463472e-10
15350.04800076804 1.357529540491746e-09
15400.04800076804 1.566763414402341e-09
15450.04800076804 1.8311733545663857e-09
15500.04800076804 2.127420615807929e-09
15550.04800076804 2.8701153492732505e-09
15600.04800076804 3.298380020907674e-09
15650.04800076804 3.835002629534089e-09
15700.04800076804 5.187651174879172e-09
15750.04800076804 6.051364108747215e-09
15800.04800076804 6.296723960524882e-09
15850.04800076804 7.0735221486830475e-09
15900.04800076804 5.837131539089526e-09
15950.04800076804 5.130363290701198e-09
16000.04800076804 3.3299434684762602e-09
16050.04800076804 1.6295909895805795e-09
16100.04800076804 9.30210669428931e-10
16150.04800076804 3.9240713368092227e-10
16200.04800076804 1.962894675236423e-10
16250.04800076804 1.38049359000597e-10
16300.04800076804 6.693227835368624e-11
16350.04800076804 8.7501051287583e-11
16400.04800076804 1.0708397942177703e-10
16450.04800076804 9.404865800379883e-11
16500.04800076804 8.362858653395277e-11
16550.04800076804 7.806116595285429e-11
16600.04800076804 1.293425757439178e-10
16650.04800076804 9.25622163378169e-11
16700.04800076804 8.368871191743647e-12
16750.04800076804 4.27948120921763e-11
16800.04800076804 7.308624239185994e-11
16850.04800076804 8.950503406276438e-11
16900.04800076804 3.81434079060943e-11
16950.04800076804 2.218586715941532e-11
17000.04800076804 1.050542092337052e-11
17050.04800076804 1.8763260071137568e-11
17100.04800076804 3.646718288102897e-11
17150.04800076804 1.4842580839582942e-11
17200.04800076804 9.174084104235728e-11
17250.04800076804 3.493709298923715e-11
17300.04800076804 1.7487394093282496e-11
17350.04800076804 2.4409322261821384e-11
17400.04800076804 4.7446993148841494e-11
17450.04800076804 6.996863173902435e-11
17500.04800076804 1.1485115438616527e-10
17550.04800076804 8.75266044486224e-11
17600.04800076804 5.871657519505347e-11
17650.04800076804 4.580094365295124e-11
17700.04800076804 3.732622855299423e-11
17750.04800076804 4.325189242723433e-11
17800.04800076804 9.460069667900281e-11
17850.04800076804 4.071172260420441e-11
17900.04800076804 3.320002900842384e-11
17950.04800076804 1.7688142968853706e-11
18000.04800076804 3.1380073523252887e-11
18050.04800076804 4.1736467923199685e-11
18100.04800076804 3.302432871001984e-11
18150.04800076804 4.1436343280104924e-11
18200.04800076804 2.306191456382245e-11
18250.04800076804 8.964271109276637e-11
18300.04800076804 2.248997424469272e-11
18350.04800076804 1.3965491920231272e-11
18400.04800076804 8.025216707486857e-12
18450.04800076804 5.522692912312454e-11
18500.04800076804 5.586820251643463e-11
18550.04800076804 3.0561045385455307e-11
18600.04800076804 5.366911107115019e-11
18650.04800076804 3.2093417042376325e-11
18700.04800076804 8.569802362910966e-12
18750.04800076804 1.9085926348182753e-11
18800.04800076804 1.597824343163269e-10
18850.04800076804 1.205150571785842e-10
18900.04800076804 1.1181586694679478e-10
18950.04800076804 1.986352033111056e-10
19000.04800076804 5.458479456055335e-11
19050.04800076804 3.114707952902899e-11
19100.04800076804 9.838712625836029e-11
19150.04800076804 4.118058388268728e-11
19200.04800076804 1.0044201787660997e-10
19250.04800076804 8.031917138763845e-11
19300.04800076804 3.9771406862878153e-11
19350.04800076804 6.53511429943253e-11
19400.04800076804 4.524694847905405e-11
19450.04800076804 1.0209679059763689e-10
19500.04800076804 7.961916273820209e-11
19550.04800076804 7.923079233014783e-11
19600.04800076804 1.5031220138607362e-10
19650.04800076804 1.453320461994458e-10
19700.04800076804 1.6948816880103716e-10
19750.04800076804 2.270033859413097e-10
19800.04800076804 2.9008913202333287e-10
19850.04800076804 3.694701943270252e-10
19900.04800076804 3.8635436299536803e-10
19950.04800076804 5.419586737875016e-10
20000.04800076804 5.983268175358313e-10
20050.04800076804 5.379598124706591e-10
20100.04800076804 7.216973040186157e-10
20150.04800076804 5.261626831264948e-10
20200.04800076804 5.134633594897316e-10
20250.04800076804 7.554352527157499e-10
20300.04800076804 7.64190267769027e-10
20350.04800076804 8.675672449128978e-10
20400.04800076804 7.004035587971617e-10
20450.04800076804 1.0410271844817156e-09
20500.04800076804 1.0342609451783431e-09
20550.04800076804 1.093085500565649e-09
20600.04800076804 1.1374544927128449e-09
20650.04800076804 1.1323216092031414e-09
20700.04800076804 1.1605388840974112e-09
20750.04800076804 1.2385475081980618e-09
20800.04800076804 1.101235544452276e-09
20850.04800076804 1.1704372863342907e-09
20900.04800076804 1.1954677584638617e-09
20950.04800076804 1.0716187977010615e-09
21000.04800076804 1.06372798893487e-09
21050.04800076804 1.000242460289091e-09
21100.04800076804 9.46965186364528e-10
21150.04800076804 9.126740292979758e-10
21200.04800076804 8.467883777856435e-10
21250.04800076804 7.856172574846761e-10
21300.04800076804 6.461847253658826e-10
21350.04800076804 6.398198072827065e-10
21400.04800076804 6.09026090909743e-10
21450.04800076804 4.5055425550633456e-10
21500.04800076804 4.704963311658643e-10
21550.04800076804 4.4235396007067497e-10
21600.04800076804 3.6480076894480735e-10
21650.04800076804 2.9486206233475546e-10
21700.04800076804 2.626768447723509e-10
21750.04800076804 3.4014662355288274e-10
21800.04800076804 2.8258688798627156e-10
21850.04800076804 2.5382696184634503e-10
21900.04800076804 1.965477498603859e-10
21950.04800076804 3.8704512748560313e-11
22000.04800076804 6.942075197897596e-12
22050.04800076804 1.5986096721949525e-11
22100.04800076804 5.546008586952977e-11
22150.04800076804 5.097567413243635e-11
22200.04800076804 4.195030565309023e-11
22250.04800076804 4.3720260067270606e-11
22300.04800076804 1.809791902914727e-11
22350.04800076804 2.786314131760606e-11
22400.04800076804 1.0790852157388537e-11
22450.04800076804 1.3932407443471011e-11
22500.04800076804 1.2369370539951118e-11
22550.04800076804 4.722961283577705e-12
22600.04800076804 7.690122742335898e-12
22650.04800076804 1.824244527981338e-11
22700.04800076804 7.522551128571587e-12
22750.04800076804 5.51105709441984e-12
22800.04800076804 9.535492057178781e-12
22850.04800076804 8.309326795453984e-12
22900.04800076804 3.1076514343870387e-12
22950.04800076804 1.885768031415401e-12
23000.04800076804 7.462168180196266e-12
23050.04800076804 7.086805120714985e-12
23100.04800076804 2.992294529315117e-11
23150.04800076804 3.871920475384505e-11
23200.04800076804 2.0060866566211382e-12
23250.04800076804 2.736030990334589e-12
23300.04800076804 6.361961122640595e-12
23350.04800076804 4.786473041307965e-12
23400.04800076804 9.516615612816935e-12
23450.04800076804 3.944042570098968e-12
23500.04800076804 3.784870802249065e-12
23550.04800076804 8.935598704390294e-12
23600.04800076804 1.1183842681691172e-11
23650.04800076804 2.2110070895809255e-11
23700.04800076804 4.141031602405126e-12
23750.04800076804 2.895183079799665e-12
23800.04800076804 1.4407946598922196e-11
