galfind/configs/Brown_Dwarf_templates/sonora_cholla/logkzz4/31g/500K_31g_logkzz4_resample.dat
# %ECSV 1.0
# ---
# datatype:
# - {name: wav, unit: Angstrom, datatype: float64}
# - {name: flux_nu, unit: erg / (cm2 Hz s), datatype: float64}
# schema: astropy-2.0
wav flux_nu
[from data line 418]
23900.04800076804 2.2955056099161856e-11
23950.04800076804 1.592540564369897e-11
24000.04800076804 3.067051000621039e-11
24050.04800076804 4.454269728240327e-11
24100.04800076804 4.320185749316869e-11
24150.04800076804 6.498879564838746e-11
24200.04800076804 4.327358883020615e-11
24250.04800076804 2.2094185560456787e-11
24300.04800076804 6.489852717349006e-11
24350.04800076804 4.438171439348491e-11
24400.04800076804 9.434039237394747e-11
24450.04800076804 1.17097878039292e-10
24500.04800076804 1.0751044833631109e-10
24550.04800076804 1.8010146692464054e-10
24600.04800076804 2.403341978357417e-10
24650.04800076804 2.5566354162815307e-10
24700.04800076804 2.0928118608789582e-10
24750.04800076804 2.442709113214547e-10
24800.04800076804 2.2413662677440444e-10
24850.04800076804 3.481675861410934e-10
24900.04800076804 1.580880562374959e-10
24950.04800076804 2.900346566717805e-10
25000.04800076804 3.4978610093928223e-10
25050.04800076804 2.0403568228607946e-10
25100.04800076804 2.770222723860565e-10
25150.04800076804 1.215311719410985e-10
25200.04800076804 2.0015805297758567e-10
25250.04800076804 8.19665582667049e-11
25300.04800076804 1.221720011178461e-10
25350.04800076804 4.742643825999729e-11
25400.04800076804 1.2805046801727846e-10
25450.04800076804 4.333566093796077e-11
25500.04800076804 3.190810476433356e-11
25550.04800076804 8.138993615419262e-11
25600.04800076804 1.1128455156644328e-11
25650.04800076804 1.5476281439012604e-11
25700.04800076804 1.6253238539472966e-11
25750.04800076804 6.124299617196832e-12
25800.04800076804 3.4683989557912e-11
25850.04800076804 4.431215325404764e-12
25900.04800076804 7.889354180278528e-12
25950.04800076804 1.784499509340521e-12
26000.04800076804 2.332505713574557e-11
26050.04800076804 2.5576917312487756e-12
26100.04800076804 1.8619568848874005e-11
26150.04800076804 6.626202834812834e-12
26200.04800076804 7.321298054219707e-12
26250.04800076804 6.882495844002239e-11
26300.04800076804 1.2729068531425147e-11
26350.04800076804 9.860279179135108e-11
26400.04800076804 2.042286358830496e-10
26450.04800076804 1.3354463372526006e-10
26500.04800076804 2.837802752304694e-10
26550.04800076804 3.3568999899174036e-11
26600.04800076804 2.884500003724065e-11
26650.04800076804 5.0859747789470255e-12
26700.04800076804 1.4934806814867758e-12
26750.04800076804 4.6254139891613766e-12
26800.04800076804 1.1734399491882779e-11
26850.04800076804 8.594663656382988e-12
26900.04800076804 4.627948712749477e-11
26950.04800076804 1.1932992148368239e-11
27000.04800076804 6.37552772600895e-11
27050.04800076804 7.760268996762305e-11
27100.04800076804 1.0473919018332075e-11
27150.04800076804 9.011839432717741e-11
27200.04800076804 8.4774533395811e-12
27250.04800076804 3.3428847495744186e-11
27300.04800076804 3.4103599930461677e-10
27350.04800076804 9.495027368777492e-11
27400.04800076804 4.0521535161727016e-12
27450.04800076804 1.4967545742393617e-10
27500.04800076804 2.0264176725842513e-10
27550.04800076804 2.4386326626946854e-11
27600.04800076804 8.207837489984236e-11
27650.04800076804 1.907657811173537e-11
27700.04800076804 1.5776340696104913e-11
27750.04800076804 1.174311993802907e-10
27800.04800076804 3.59909167208981e-11
27850.04800076804 5.915593394645537e-11
27900.04800076804 7.847798681085922e-11
27950.04800076804 2.122602039907057e-10
28000.04800076804 1.7422571561572387e-10
28050.04800076804 2.4643336462457444e-11
28100.04800076804 2.845984668583259e-10
28150.04800076804 1.787440966334587e-10
28200.04800076804 3.609047416169311e-11
28250.04800076804 3.3432025244137986e-10
28300.04800076804 5.41033715099625e-10
28350.04800076804 6.198059414374561e-11
28400.04800076804 2.9384633970089274e-10
28450.04800076804 6.717165753800126e-10
28500.04800076804 2.820820527047973e-10
28550.04800076804 6.42331337354666e-11
28600.04800076804 4.3722614691017276e-10
28650.04800076804 4.938465084496098e-10
28700.04800076804 4.2257758263210135e-10
28750.04800076804 9.633566540943571e-10
28800.04800076804 6.775773143552041e-10
28850.04800076804 9.021264247626406e-10
28900.04800076804 4.450842253434592e-10
28950.04800076804 1.4462964400792418e-09
29000.04800076804 7.89895955076488e-10
29050.04800076804 8.128081642376146e-10
29100.04800076804 7.040095949009066e-10
29150.04800076804 1.3619823251340457e-09
29200.04800076804 1.025977794153681e-09
29250.04800076804 1.418793024318538e-09
29300.04800076804 7.832865424191315e-10
29350.04800076804 3.813913783966573e-09
29400.04800076804 7.722165093339723e-10
29450.04800076804 9.981000370074982e-10
29500.04800076804 1.921089310588486e-09
29550.04800076804 1.0005923080828295e-09
29600.04800076804 2.0242981328459425e-09
29650.04800076804 2.653453409145842e-09
29700.04800076804 7.765830729646522e-10
29750.04800076804 1.6717702792081955e-09
29800.04800076804 1.7968221939736829e-09
29850.04800076804 3.040954167180858e-09
29900.04800076804 3.1462740283093137e-09
29950.04800076804 2.0712731440867693e-09
30000.04800076804 4.694714081263869e-10
30050.04800076804 9.57945894822393e-10
30100.04800076804 1.951424037077809e-09
30150.04800076804 2.828575520558533e-09
30200.04800076804 1.4913122943572648e-09
30250.04800076804 4.225599636191315e-09
30300.04800076804 4.223421816459942e-09
30350.04800076804 1.739183482024688e-09
30400.04800076804 3.6351834492344726e-09
30450.04800076804 2.869856529498452e-09
30500.04800076804 2.09143895831336e-09
30550.04800076804 1.5144338080750477e-09
30600.04800076804 4.4681959643430516e-09
30650.04800076804 2.9144266395044524e-09
30700.04800076804 2.0925867803064198e-09
30750.04800076804 2.9045259995547908e-09
30800.04800076804 1.8802474816624196e-09
30850.04800076804 2.7806409363918126e-09
30900.04800076804 2.2736733463849042e-09
30950.04800076804 1.0586550038294285e-09
31000.04800076804 1.8991817317276735e-09
31050.04800076804 1.3558536810485053e-09
31100.04800076804 8.576696306966387e-10
31150.04800076804 1.2442162313279556e-09
31200.04800076804 1.841779991833061e-09
31250.04800076804 1.0060070376748393e-09
31300.04800076804 6.856247808155465e-10
31350.04800076804 1.27985888098132e-09
31400.04800076804 5.751144795255881e-10
31450.04800076804 1.0265028856647565e-09
31500.04800076804 4.091020184808589e-10
31550.04800076804 5.063528030616955e-10
31600.04800076804 3.1886958713259814e-10
31650.04800076804 3.389323650845975e-10
31700.04800076804 3.891157732065271e-10
31750.04800076804 1.194727284678176e-10
31800.04800076804 3.526224361862756e-10
31850.04800076804 7.566346795338987e-11
31900.04800076804 1.943905898281935e-10
31950.04800076804 1.1522658190342778e-10
32000.04800076804 9.742958410645449e-11
32050.04800076804 8.161391523821469e-11
32100.04800076804 6.557028057459582e-11
32150.04800076804 8.476423543994567e-11
32200.04800076804 4.282956752646762e-11
32250.04800076804 1.389960658627695e-10
32300.04800076804 3.194219838732247e-11
32350.04800076804 1.3259183426694066e-10
32400.04800076804 2.7694876634294515e-11
32450.04800076804 7.159383686424922e-11
32500.04800076804 3.324087606819156e-11
32550.04800076804 8.222207192996665e-11
32600.04800076804 2.988503169143184e-11
32650.04800076804 1.6946767579022298e-10
32700.04800076804 5.517230341226545e-11
32750.04800076804 3.2022035191938453e-10
32800.04800076804 1.3745349227330456e-10
32850.04800076804 5.378526983680823e-10
32900.04800076804 3.930098019207584e-10
32950.04800076804 5.392718367218486e-10
33000.04800076804 2.1355582787619774e-10
33050.04800076804 2.4662630087092623e-10
33100.04800076804 6.566425501960557e-11
33150.04800076804 5.261014056491364e-14
33200.04800076804 1.6954881279890424e-12
33250.04800076804 2.6350358994209042e-12
33300.04800076804 1.4715192712889748e-11
33350.04800076804 5.4085096026422085e-11
33400.04800076804 1.6467063298703e-10
33450.04800076804 8.293705964970172e-11
33500.04800076804 3.2140543476450386e-10
33550.04800076804 1.237093344271615e-10
33600.04800076804 1.8367695574019343e-10
33650.04800076804 1.4495144870397667e-10
33700.04800076804 9.012025852329593e-11
33750.04800076804 2.528480742658731e-10
33800.04800076804 4.519283813807672e-11
33850.04800076804 1.485995138483009e-10
33900.04800076804 1.7209413658393596e-10
33950.04800076804 1.481451957146167e-10
34000.04800076804 2.9075175951147466e-10
34050.04800076804 4.7758114289207605e-11
34100.04800076804 2.493738555218059e-10
34150.04800076804 1.1748782871665916e-10
34200.04800076804 2.3529019104021177e-10
34250.04800076804 1.568211006718115e-10
34300.04800076804 1.638424673311683e-10
34350.04800076804 3.7570899618831217e-10
34400.04800076804 1.3156942033454347e-10
34450.04800076804 3.557599398193384e-10
34500.04800076804 1.3970462377624744e-10
34550.04800076804 1.4286836020107753e-10
34600.04800076804 5.74487504670788e-10
34650.04800076804 9.840350328192729e-11
34700.04800076804 2.4293996474580294e-10
34750.04800076804 1.8036753868068732e-10
34800.04800076804 2.2301777363563706e-10
34850.04800076804 4.360258207518864e-10
34900.04800076804 2.0417731908360808e-10
34950.04800076804 2.795681781289082e-10
35000.04800076804 8.071792430502192e-10
35050.04800076804 4.2035282171563897e-10
35100.04800076804 8.068658869610704e-10
35150.04800076804 6.313241431702457e-10
35200.04800076804 8.550601414404286e-10
35250.04800076804 9.886278714927535e-10
35300.04800076804 5.476271259693694e-10
35350.04800076804 7.971366511253727e-10
35400.04800076804 5.937859405841611e-10
35450.04800076804 4.4878601710200567e-10
35500.04800076804 1.9897904894214843e-09
35550.04800076804 9.741242519318363e-10
35600.04800076804 1.341551044923049e-09
35650.04800076804 1.475635297292344e-09
35700.04800076804 1.0462772911870525e-09
35750.04800076804 2.118056965650471e-09
35800.04800076804 1.1152876507591753e-09
35850.04800076804 5.766991252063175e-10
35900.04800076804 1.1135273217557325e-09
35950.04800076804 9.115030436108849e-10
36000.04800076804 3.922127275740962e-10
36050.04800076804 8.999141993505245e-10
36100.04800076804 7.228049865489735e-10
36150.04800076804 1.7388310158485388e-09
36200.04800076804 1.4644687635545083e-09
36250.04800076804 1.4312096000256276e-09
36300.04800076804 2.1871553599895574e-09
36350.04800076804 1.4443432441340456e-09
36400.04800076804 2.8438731967432566e-09
36450.04800076804 1.9360800829070615e-09
36500.04800076804 2.571015339089893e-09
36550.04800076804 3.820452442224451e-09
36600.04800076804 3.8314058007249055e-09
36650.04800076804 3.512396796752036e-09
36700.04800076804 4.594529675702451e-09
36750.04800076804 4.963437231724831e-09
36800.04800076804 3.989186999874811e-09
36850.04800076804 2.3083910399275566e-09
36900.04800076804 3.6385278089345837e-09
36950.04800076804 4.3323056932274134e-09
37000.04800076804 3.1704932687794245e-09
37050.04800076804 5.438826082714575e-09
37100.04800076804 4.442393042041347e-09
37150.04800076804 4.3117100994259055e-09
37200.04800076804 3.8358760023646874e-09
37250.04800076804 3.435743784692537e-09
37300.04800076804 3.0182560577071067e-09
37350.04800076804 5.3061490829681486e-09
37400.04800076804 5.6383350987260995e-09
37450.04800076804 2.967221019141612e-09
37500.04800076804 4.725068213955122e-09
37550.04800076804 7.404381523373929e-09
37600.04800076804 9.87868846582371e-09
37650.04800076804 5.299448490417661e-09
37700.04800076804 7.497893028841216e-09
37750.04800076804 4.139663504712299e-09
37800.04800076804 4.6950680234213934e-09
37850.04800076804 3.0695966994946903e-09
37900.04800076804 4.7221928719499434e-09
37950.04800076804 6.918229682229811e-09
38000.04800076804 8.160796386312177e-09
38050.04800076804 1.1176778498972005e-08
38100.04800076804 1.0796541484367028e-08
38150.04800076804 1.1313244299317121e-08
38200.04800076804 1.08501545821543e-08
38250.04800076804 1.1730389053241088e-08
38300.04800076804 2.205179630069095e-08
38350.04800076804 1.696437204303551e-08
38400.04800076804 7.193324505118093e-09
38450.04800076804 5.467766180603987e-09
38500.04800076804 2.37080685390048e-09
38550.04800076804 5.941088560043882e-09
38600.04800076804 8.138393469770775e-09
38650.04800076804 1.106223465760904e-08
38700.04800076804 8.136013688176994e-09
38750.04800076804 1.1009492538325787e-08
38800.04800076804 7.62932939297608e-09
38850.04800076804 1.4598093240970265e-08
38900.04800076804 1.42741461044259e-08
38950.04800076804 1.0038338531463183e-08
39000.04800076804 1.8159502876977873e-08
39050.04800076804 1.1078187502954966e-08
39100.04800076804 1.7500429382005128e-08
39150.04800076804 1.4818104144140987e-08
39200.04800076804 1.0272375329835607e-08
39250.04800076804 1.702096430784191e-08
39300.04800076804 1.450715552900281e-08
39350.04800076804 3.012231600849892e-08
39400.04800076804 1.7405851662483125e-08
39450.04800076804 1.9204493600081245e-08
39500.04800076804 1.9631720129529235e-08
39550.04800076804 1.457812599950584e-08
39600.04800076804 2.4014461175817802e-08
39650.04800076804 3.025549093203886e-08
39700.04800076804 1.762326363080575e-08
39750.04800076804 1.1904237082523839e-08
39800.04800076804 1.471108354092541e-08
39850.04800076804 2.618248569892277e-08
39900.04800076804 3.078370609576411e-08
39950.04800076804 2.0493197530919275e-08
40000.04800076804 3.273552216800499e-08
40050.04800076804 2.6044750489823185e-08
40100.04800076804 1.2394718948780496e-08
40150.04800076804 3.2125949051163106e-08
40200.04800076804 3.26951565695681e-08
40250.04800076804 3.200672020906067e-08
40300.04800076804 3.8235957454357845e-08
40350.04800076804 1.8807821961603313e-08
40400.04800076804 3.372387249730178e-08
40450.04800076804 2.1264887132764453e-08
40500.04800076804 4.4743750804957744e-08
40550.04800076804 3.7095361928996866e-08
40600.04800076804 3.148515919207284e-08
40650.04800076804 2.9750289625345547e-08
40700.04800076804 5.7761798444238195e-08
40750.04800076804 4.2572169762757096e-08
40800.04800076804 2.4695704455776564e-08
40850.04800076804 5.9084932728296717e-08
40900.04800076804 4.2826813423974e-08
40950.04800076804 3.264012632985126e-08
41000.04800076804 4.3572279840013844e-08
41050.04800076804 6.125899339160626e-08
41100.04800076804 3.0172801631221076e-08
41150.04800076804 2.0874584932161575e-08
41200.04800076804 6.526486737171254e-08
41250.04800076804 4.287233856430983e-08
41300.04800076804 4.3144783347700666e-08
41350.04800076804 6.816526818699755e-08
41400.04800076804 4.818704944594168e-08
41450.04800076804 6.258199866881942e-08
41500.04800076804 4.036862111623311e-08
41550.04800076804 3.572768803702483e-08
41600.04800076804 5.363649903082913e-08
41650.04800076804 6.096716622195834e-08
41700.04800076804 5.693026097312499e-08
41750.04800076804 4.980115904278939e-08
41800.04800076804 6.590931152120394e-08
41850.04800076804 4.6004769043698565e-08
41900.04800076804 4.231960248294085e-08
41950.04800076804 5.0538782575303676e-08
42000.04800076804 6.173478721882993e-08
42050.04800076804 5.481167750398956e-08
42100.04800076804 7.029019159926965e-08
42150.04800076804 5.4379000767603134e-08
42200.04800076804 6.490048346721539e-08
42250.04800076804 4.462036499750617e-08
42300.04800076804 4.636377886089921e-08
42350.04800076804 6.392515116969705e-08
42400.04800076804 6.545674877417405e-08
42450.04800076804 7.146724832462761e-08
42500.04800076804 6.08871826407651e-08
42550.04800076804 5.889373894500125e-08
42600.04800076804 5.471770812023588e-08
42650.04800076804 9.805383987681175e-08
42700.04800076804 4.290088824454899e-08
42750.04800076804 5.6396069183299514e-08
42800.04800076804 5.8668798287453954e-08
42850.04800076804 7.109109952443891e-08
42900.04800076804 8.086257649416496e-08
42950.04800076804 6.038448848390982e-08
43000.04800076804 8.334761807730136e-08
43050.04800076804 3.4553868797540194e-08
43100.04800076804 5.067207522273533e-08
43150.04800076804 6.032902365840807e-08
43200.04800076804 8.121231499894322e-08
43250.04800076804 9.877293633058981e-08
43300.04800076804 1.0031117306095106e-07
43350.04800076804 5.615417574748197e-08
43400.04800076804 7.456568032071951e-08
43450.04800076804 4.348841187810435e-08
43500.04800076804 4.865540416153053e-08
43550.04800076804 5.930269904448249e-08
43600.04800076804 8.10656377480474e-08
43650.04800076804 4.336651340682831e-08
