galfind/configs/Brown_Dwarf_templates/sonora_cholla/logkzz4/31g/550K_31g_logkzz4_resample.dat
# %ECSV 1.0
# ---
# datatype:
# - {name: wav, unit: Angstrom, datatype: float64}
# - {name: flux_nu, unit: erg / (cm2 Hz s), datatype: float64}
# schema: astropy-2.0
wav flux_nu
[from data line 1210]
63500.04800076804 9.982447605025488e-09
63550.04800076804 1.5458798396410087e-08
63600.04800076804 1.6292643642460866e-08
63650.04800076804 7.939499703413392e-09
63700.04800076804 2.0865833378025877e-09
63750.04800076804 7.145833695587902e-09
63800.04800076804 2.058762427171805e-08
63850.04800076804 1.3338073777685166e-08
63900.04800076804 3.134296381765311e-09
63950.04800076804 1.0308745204725534e-08
64000.04800076804 1.279932232554772e-08
64050.04800076804 4.134198113398856e-09
64100.04800076804 7.836731299629452e-10
64150.04800076804 1.254244233233743e-09
64200.04800076804 1.5655096404479811e-09
64250.04800076804 6.497874446566267e-09
64300.04800076804 5.062058974576119e-09
64350.04800076804 3.1360673366995134e-09
64400.04800076804 9.82668533380213e-09
64450.04800076804 1.2624812567491574e-08
64500.04800076804 4.178204304142772e-09
64550.04800076804 1.0037150654393889e-08
64600.04800076804 3.937905772133212e-09
64650.04800076804 7.856172576645642e-09
64700.04800076804 2.0228555768868718e-09
64750.04800076804 4.781597870848455e-09
64800.04800076804 2.607553994126671e-09
64850.04800076804 1.3224026274765632e-09
64900.04800076804 1.2055450096598964e-09
64950.04800076804 1.1093516863953543e-09
65000.04800076804 2.2563845986787145e-09
65050.04800076804 4.967687269463244e-09
65100.04800076804 8.61220483939021e-09
65150.04800076804 3.019668382786899e-09
65200.04800076804 1.068326258668464e-09
65250.04800076804 5.805075066208597e-09
65300.04800076804 6.041592712498207e-09
65350.04800076804 1.7220354889480476e-08
65400.04800076804 5.757969947924747e-09
65450.04800076804 6.051471499255557e-09
65500.04800076804 7.59354063655807e-09
65550.04800076805 2.482773526765704e-09
65600.04800076805 7.019353781184758e-09
65650.04800076805 3.6082425939804797e-09
65700.04800076805 3.2553452259699177e-09
65750.04800076805 2.1560472814909634e-09
65800.04800076805 5.800234926871901e-09
65850.04800076805 8.01296852531702e-09
65900.04800076805 1.6777382536569046e-09
65950.04800076805 4.073207224711421e-09
66000.04800076805 5.552715080775522e-09
66050.04800076805 1.4172511850300794e-08
66100.04800076805 6.704078136857597e-09
66150.04800076805 5.810162007567528e-09
66200.04800076805 5.702736790181767e-09
66250.04800076805 3.18724228741705e-09
66300.04800076805 1.026350225946043e-09
66350.04800076805 6.945367311900887e-10
66400.04800076805 1.6460437650796577e-09
66450.04800076805 6.852212410833824e-09
66500.04800076805 1.1091366097312658e-08
66550.04800076805 1.2842599476809025e-08
66600.04800076805 9.613440806377881e-09
66650.04800076805 5.256962110014992e-09
66700.04800076805 3.924458744746737e-09
66750.04800076805 4.233254871044247e-09
66800.04800076805 5.177707322906323e-09
66850.04800076805 3.072876717606466e-09
66900.04800076805 1.4520296378001928e-08
66950.04800076805 1.4046939777996785e-08
67000.04800076805 1.3938154204634173e-08
67050.04800076805 7.627549823526731e-09
67100.04800076805 3.5380470384905466e-09
67150.04800076805 4.4963123336242315e-09
67200.04800076805 7.896552768764096e-09
67250.04800076805 7.578636305426672e-09
67300.04800076805 1.387723811950741e-08
67350.04800076805 5.918244171229618e-09
67400.04800076805 1.5828781218214906e-08
67450.04800076805 8.654963528306248e-09
67500.04800076805 7.745516175732114e-09
67550.04800076805 1.883800136167031e-08
67600.04800076805 3.137465988925e-08
67650.04800076805 2.2931114366680115e-08
67700.04800076805 1.0773499483065734e-08
67750.04800076805 6.145886742839087e-09
67800.04800076805 9.858092603834943e-09
67850.04800076805 3.6561526536957475e-09
67900.04800076805 4.617985155676657e-09
67950.04800076805 3.833137256947761e-09
68000.04800076805 9.31453769313613e-09
68050.04800076805 1.4163543405260717e-08
68100.04800076805 2.3114279859353797e-08
68150.04800076805 1.784262523782082e-08
68200.04800076805 1.1791247424257929e-08
68250.04800076805 1.889525035137886e-09
68300.04800076805 1.170042870108998e-08
68350.04800076805 8.937041426735603e-09
68400.04800076805 2.573951371728474e-08
68450.04800076805 1.9618978685527843e-08
68500.04800076805 1.0663415631063675e-08
68550.04800076805 3.611808292508828e-09
68600.04800076805 3.635113916247704e-09
68650.04800076805 1.6107207429827992e-09
68700.04800076805 5.406643642699044e-09
68750.04800076805 1.0991434777170408e-08
68800.04800076805 1.2816274626168804e-08
68850.04800076805 4.103483357921451e-09
68900.04800076805 1.9831202823943536e-08
68950.04800076805 1.9743186918081032e-08
69000.04800076805 1.2248322920568513e-08
69050.04800076805 5.299836951450177e-09
69100.04800076805 1.8015729896042995e-08
69150.04800076805 2.8055926262782674e-08
69200.04800076805 2.055415090098437e-08
69250.04800076805 2.752989522899624e-08
69300.04800076805 1.2929152949554305e-08
69350.04800076805 3.1884991239995004e-08
69400.04800076805 9.466675829489117e-09
69450.04800076805 2.6947428130837454e-08
69500.04800076805 1.2036662605454722e-08
69550.04800076805 8.342138530082247e-09
69600.04800076805 1.8749304885592306e-09
69650.04800076805 8.049934192541762e-09
69700.04800076805 1.7123602369950064e-08
69750.04800076805 1.0860436864759846e-08
69800.04800076805 1.9784790069343468e-08
69850.04800076805 1.8979838247665955e-08
69900.04800076805 1.0183613920505175e-08
69950.04800076805 1.0546057312531714e-08
70000.04800076805 1.2946592775709498e-08
70050.04800076805 2.793683358274885e-08
70100.04800076805 2.0446081795983247e-08
70150.04800076805 1.281034714716044e-08
70200.04800076805 8.545061301690747e-09
70250.04800076805 1.312141049366507e-08
70300.04800076805 2.5759993584762766e-08
70350.04800076805 1.7612500040290045e-08
70400.04800076805 8.019973313486227e-09
70450.04800076805 1.03390032948575e-09
70500.04800076805 6.520509162185124e-09
70550.04800076805 7.090367046019672e-09
70600.04800076805 6.744243960327478e-09
70650.04800076805 2.0275867729576205e-08
70700.04800076805 1.9929512130579304e-08
70750.04800076805 2.988052875006273e-08
70800.04800076805 1.1490675105159181e-08
70850.04800076805 1.3779974670351733e-08
70900.04800076805 1.6620447636682747e-08
70950.04800076805 2.525850357935224e-08
71000.04800076805 2.080137218624537e-08
71050.04800076805 2.172631958917802e-08
71100.04800076805 1.3460976763405384e-08
71150.04800076805 1.1171579194294304e-08
71200.04800076805 9.840032302546248e-09
71250.04800076805 1.6752767129068945e-08
71300.04800076805 2.5218980016304358e-08
71350.04800076805 2.7370683344474207e-08
71400.04800076805 1.9582978921223852e-08
71450.04800076805 6.775593254930598e-09
71500.04800076805 7.49773662744529e-09
71550.04800076805 1.1210014789279508e-08
71600.04800076805 1.1200598563223906e-08
71650.04800076805 7.762085370053775e-09
71700.04800076805 5.192531264177144e-09
71750.04800076805 1.2927657150801772e-08
71800.04800076805 2.1088825032225436e-08
71850.04800076805 1.9831620696122123e-08
71900.04800076805 9.529641194868749e-09
71950.04800076805 1.3895735158500386e-08
72000.04800076805 1.282169810430463e-08
72050.04800076805 6.01898405207398e-09
72100.04800076805 6.755539467588148e-09
72150.04800076805 6.380886034263235e-09
72200.04800076805 1.4951647074651416e-08
72250.04800076805 1.9413623881911977e-08
72300.04800076805 1.2432712234275645e-08
72350.04800076805 1.6899517515444864e-08
72400.04800076805 1.2944075600591994e-08
72450.04800076805 9.22004438580725e-09
72500.04800076805 1.3823291982355592e-08
72550.04800076805 4.766999334756568e-09
72600.04800076805 8.918393352589366e-09
72650.04800076805 1.8429617425655037e-08
72700.04800076805 1.0388513057345874e-08
72750.04800076805 1.0395361727565866e-08
72800.04800076805 5.594237832135565e-09
72850.04800076805 7.90628593246845e-09
72900.04800076805 1.869414923241422e-08
72950.04800076805 1.1545002117947769e-08
73000.04800076805 1.21279055798077e-08
73050.04800076805 5.432427130980767e-09
73100.04800076805 7.435149417311839e-09
73150.04800076805 1.988282458714118e-08
73200.04800076805 6.133194732732317e-09
73250.04800076805 9.290372132345679e-09
73300.04800076805 6.741624429348681e-09
73350.04800076805 4.3355858532635206e-09
73400.04800076805 9.411654505358876e-09
73450.04800076805 4.592225729232124e-09
73500.04800076805 3.6451238510249954e-09
73550.04800076805 7.247420534720492e-09
73600.04800076805 6.512790676448634e-09
73650.04800076805 8.56786611905019e-09
73700.04800076805 7.90262264331199e-09
73750.04800076805 2.294265218618018e-09
73800.04800076805 7.163125742623529e-09
73850.04800076805 1.0384576954084052e-08
73900.04800076805 5.216297401408169e-09
73950.04800076805 5.802202840193732e-09
74000.04800076805 2.3685321078727417e-09
74050.04800076805 1.2460346660553762e-08
74100.04800076805 8.414257417323473e-09
74150.04800076805 8.056755190342735e-09
74200.04800076805 3.832529331802762e-09
74250.04800076805 5.95274473990926e-10
74300.04800076805 6.9828247463439e-09
74350.04800076805 1.2071321788184753e-08
74400.04800076805 1.0994573311492361e-08
74450.04800076805 3.6156431949092136e-09
74500.04800076805 1.9239447974408522e-09
74550.04800076805 5.19752224847457e-09
74600.04800076805 7.057135396810594e-09
74650.04800076805 7.422971986051946e-09
74700.04800076805 4.592986263822038e-09
74750.04800076805 2.1994481039267807e-09
74800.04800076805 3.782916999888403e-09
74850.04800076805 3.842068896983205e-09
74900.04800076805 1.0883068669356639e-08
74950.04800076805 1.0367614792203363e-08
75000.04800076805 4.101571872061464e-09
75050.04800076805 6.656856303525975e-10
75100.04800076805 9.383650267682744e-09
75150.04800076805 1.2526230140246606e-08
75200.04800076805 1.3696802008459334e-08
75250.04800076805 1.2791262433944757e-08
75300.04800076805 8.59467194635563e-09
75350.04800076805 2.2135663281049576e-09
75400.04800076805 1.3132088496420156e-08
75450.04800076805 1.2357858390534466e-08
75500.04800076805 1.258279179724271e-08
75550.04800076805 1.1421357435040957e-08
75600.04800076805 1.3483488288755433e-08
75650.04800076805 6.8052305505949756e-09
75700.04800076805 1.5674570714083935e-08
75750.04800076805 6.610103978991581e-09
75800.04800076805 1.2698527057780366e-08
75850.04800076805 1.4981553594063856e-08
75900.04800076805 1.600302726411723e-08
75950.04800076805 6.363942069499918e-09
76000.04800076805 1.6971260851108175e-08
76050.04800076805 1.7621483017701997e-08
76100.04800076805 1.4351851380586843e-08
76150.04800076805 1.6832747768053936e-08
76200.04800076805 1.4488253766205424e-08
76250.04800076805 7.288630290515042e-09
76300.04800076805 2.128836784745553e-08
76350.04800076805 2.6848121573455727e-08
76400.04800076805 2.152122226368905e-08
76450.04800076805 1.5736765368885405e-08
76500.04800076805 8.964771827417902e-09
76550.04800076805 3.3028537079491262e-09
76600.04800076805 6.010215761669836e-10
76650.04800076805 6.108430817051195e-10
76700.04800076805 1.1098129677065209e-09
76750.04800076805 1.3279515692381095e-09
76800.04800076805 3.033828600401269e-09
76850.04800076805 7.632576220008009e-10
76900.04800076805 8.121657683406525e-10
76950.04800076805 3.343946398160243e-09
77000.04800076805 6.019910697229761e-09
77050.04800076805 1.0412528178593375e-09
77100.04800076805 9.442617841911873e-10
77150.04800076805 7.069625116981822e-09
77200.04800076805 3.468086877350637e-09
77250.04800076805 2.478049126146677e-09
77300.04800076805 6.200142073288991e-09
77350.04800076805 2.217823031516882e-09
77400.04800076805 2.1460572989835695e-09
77450.04800076805 6.981389913336719e-09
77500.04800076805 5.42388965558382e-09
77550.04800076805 4.026691914332717e-09
77600.04800076805 1.7290570698463043e-09
77650.04800076805 2.6361606868087253e-09
77700.04800076805 1.984047864879686e-09
77750.04800076805 7.752696847966425e-09
77800.04800076805 8.711271031568372e-09
77850.04800076805 1.623272668812688e-08
77900.04800076805 6.441106923802019e-09
77950.04800076805 1.0350468035551473e-09
78000.04800076805 3.759756850375858e-09
78050.04800076805 6.582931962670037e-09
78100.04800076805 6.748581801436823e-09
78150.04800076805 1.4380985432451283e-08
78200.04800076805 1.3959138898907957e-08
78250.04800076805 1.1883500018290633e-08
78300.04800076805 4.8458805243824216e-09
78350.04800076805 1.0314974680519607e-08
78400.04800076805 3.6732787139154832e-09
78450.04800076805 9.759468985208797e-09
78500.04800076805 1.3737787896849946e-08
78550.04800076805 2.1736929209021058e-08
78600.04800076805 1.4521999141104566e-08
78650.04800076805 1.3822855787828914e-09
78700.04800076805 3.292238980903214e-09
78750.04800076805 5.985462393545805e-09
78800.04800076805 6.775174343455219e-09
78850.04800076805 2.0793672874153796e-09
78900.04800076805 7.67468232674701e-09
78950.04800076805 1.3046186828310928e-08
79000.04800076805 9.634403987782352e-09
79050.04800076805 6.210351044404049e-09
79100.04800076805 7.531316048895218e-09
79150.04800076805 7.269062751893292e-09
79200.04800076805 1.0096349189082991e-08
79250.04800076805 4.673867636750088e-09
79300.04800076805 3.898152853965064e-09
79350.04800076805 6.696886815329493e-09
79400.04800076805 4.2063837235832746e-09
79450.04800076805 1.362291610671142e-08
79500.04800076805 2.1527856646637392e-08
79550.04800076805 1.3296509676339798e-08
79600.04800076805 6.572221781443223e-09
79650.04800076805 1.210938934672298e-08
79700.04800076805 1.0159526073473346e-08
79750.04800076805 9.867084625726239e-09
79800.04800076805 3.644432830818847e-09
79850.04800076805 1.1482299727192497e-08
79900.04800076805 2.13501172024293e-08
79950.04800076805 1.5280236712314297e-08
