galfind/configs/Brown_Dwarf_templates/sonora_cholla/logkzz4/31g/550K_31g_logkzz4_resample.dat
# %ECSV 1.0
# ---
# datatype:
# - {name: wav, unit: Angstrom, datatype: float64}
# - {name: flux_nu, unit: erg / (cm2 Hz s), datatype: float64}
# schema: astropy-2.0
wav flux_nu
[from data line 417]
23850.04800076804 3.5557624647314624e-11
23900.04800076804 7.583421674925939e-11
23950.04800076804 6.083418125763556e-11
24000.04800076804 1.0154064790926597e-10
24050.04800076804 1.4887858968405925e-10
24100.04800076804 1.3239044766604456e-10
24150.04800076804 1.8504371232222383e-10
24200.04800076804 1.3394221187327483e-10
24250.04800076804 7.373382286065813e-11
24300.04800076804 1.8581300744206244e-10
24350.04800076804 1.3199247027044625e-10
24400.04800076804 2.6580978388887936e-10
24450.04800076804 3.0873707059203626e-10
24500.04800076804 3.017069457069912e-10
24550.04800076804 4.688397405100131e-10
24600.04800076804 6.09342072053169e-10
24650.04800076804 6.432548616081504e-10
24700.04800076804 5.272800219453729e-10
24750.04800076804 5.809721357894311e-10
24800.04800076804 5.695786498844229e-10
24850.04800076804 8.592358747064922e-10
24900.04800076804 4.1054516454860337e-10
24950.04800076804 7.342231435720685e-10
25000.04800076804 8.79686850318499e-10
25050.04800076804 5.220198959498115e-10
25100.04800076804 6.945991939488364e-10
25150.04800076804 3.256991000084063e-10
25200.04800076804 5.343228873439584e-10
25250.04800076804 2.225606924137602e-10
25300.04800076804 3.5713190583263085e-10
25350.04800076804 1.385412932161323e-10
25400.04800076804 3.6465762594996754e-10
25450.04800076804 1.4209408160104672e-10
25500.04800076804 1.0755489593606326e-10
25550.04800076804 2.4670352411756044e-10
25600.04800076804 4.0509851720772695e-11
25650.04800076804 5.523225032526725e-11
25700.04800076804 6.829179921068984e-11
25750.04800076804 2.6596380230261422e-11
25800.04800076804 1.300651153044148e-10
25850.04800076804 2.0886333519982727e-11
25900.04800076804 3.630603944506455e-11
25950.04800076804 9.696271410704317e-12
26000.04800076804 9.717310107020009e-11
26050.04800076804 1.4481416786694793e-11
26100.04800076804 8.195103885822675e-11
26150.04800076804 3.5337027207880763e-11
26200.04800076804 3.8084879217027214e-11
26250.04800076804 2.6652993288530664e-10
26300.04800076804 6.44466033923009e-11
26350.04800076804 3.4846455462029957e-10
26400.04800076804 5.969195633284874e-10
26450.04800076804 4.609685634426991e-10
26500.04800076804 7.737061992979897e-10
26550.04800076804 1.410616200088203e-10
26600.04800076804 1.29422529766345e-10
26650.04800076804 2.712108923545362e-11
26700.04800076804 8.521820963888265e-12
26750.04800076804 2.122689396564482e-11
26800.04800076804 4.738962846193238e-11
26850.04800076804 3.326573831736986e-11
26900.04800076804 1.6322767903647866e-10
26950.04800076804 4.7736779390355413e-11
27000.04800076804 2.2589126083489204e-10
27050.04800076804 2.5123845842836e-10
27100.04800076804 5.0895162180404207e-11
27150.04800076804 3.2136067637594275e-10
27200.04800076804 4.026393539475227e-11
27250.04800076804 1.3398133637785777e-10
27300.04800076804 1.0802408623028205e-09
27350.04800076804 3.498654369345821e-10
27400.04800076804 1.8272080765096708e-11
27450.04800076804 5.204069707713394e-10
27500.04800076804 6.856731368872874e-10
27550.04800076804 9.949213424752506e-11
27600.04800076804 3.0156464658347785e-10
27650.04800076804 7.679748485756935e-11
27700.04800076804 5.957474186581433e-11
27750.04800076804 3.981216214372299e-10
27800.04800076804 1.2845284178778511e-10
27850.04800076804 1.9300108979737058e-10
27900.04800076804 2.547130577515334e-10
27950.04800076804 6.24863725806919e-10
28000.04800076804 5.126818620670271e-10
28050.04800076804 8.970337563431393e-11
28100.04800076804 8.4602638729856e-10
28150.04800076804 5.026696476385437e-10
28200.04800076804 1.0860845625802223e-10
28250.04800076804 9.449525592236806e-10
28300.04800076804 1.5152427557113263e-09
28350.04800076804 1.949233219323518e-10
28400.04800076804 8.062767484882325e-10
28450.04800076804 1.6796313546495549e-09
28500.04800076804 7.776868366185639e-10
28550.04800076804 1.7416898135230085e-10
28600.04800076804 1.1745010404568323e-09
28650.04800076804 1.3192103981315218e-09
28700.04800076804 1.0890004272807233e-09
28750.04800076804 2.350605481895085e-09
28800.04800076804 1.7378318222485968e-09
28850.04800076804 2.248212625800492e-09
28900.04800076804 1.0111118810488993e-09
28950.04800076804 3.4002552989301645e-09
29000.04800076804 1.8228806951090072e-09
29050.04800076804 2.0468999889080655e-09
29100.04800076804 1.5836508611008979e-09
29150.04800076804 3.4187755464927293e-09
29200.04800076804 2.3094408514321926e-09
29250.04800076804 3.1807927107125677e-09
29300.04800076804 1.88362186806895e-09
29350.04800076804 8.79772116529572e-09
29400.04800076804 1.9668083927759042e-09
29450.04800076804 2.5740778270716916e-09
29500.04800076804 4.3701817520474975e-09
29550.04800076804 2.5093539607155175e-09
29600.04800076804 4.695272443446242e-09
29650.04800076804 5.689359660235356e-09
29700.04800076804 2.0728227970373136e-09
29750.04800076804 3.8679727511786446e-09
29800.04800076804 4.495474123720808e-09
29850.04800076804 6.780834057317172e-09
29900.04800076804 6.952253889469463e-09
29950.04800076804 4.679962110130534e-09
30000.04800076804 1.6677230745647327e-09
30050.04800076804 2.6150914670735087e-09
30100.04800076804 4.677271836073799e-09
30150.04800076804 6.084355611484894e-09
30200.04800076804 3.6215347877999862e-09
30250.04800076804 8.733209814659029e-09
30300.04800076804 8.163500828886877e-09
30350.04800076804 4.4367396517487525e-09
30400.04800076804 7.531131336340907e-09
30450.04800076804 5.835412013092037e-09
30500.04800076804 4.6698241081936425e-09
30550.04800076804 3.5708441835745457e-09
30600.04800076804 8.095748754641021e-09
30650.04800076804 5.778226112505625e-09
30700.04800076804 4.290731573809463e-09
30750.04800076804 5.412485827341397e-09
30800.04800076804 3.781175470507076e-09
30850.04800076804 5.164687622765182e-09
30900.04800076804 4.2703530778925364e-09
30950.04800076804 2.2773004728953602e-09
31000.04800076804 3.623794467421446e-09
31050.04800076804 2.82807484923505e-09
31100.04800076804 1.7974516297580135e-09
31150.04800076804 2.49021745738384e-09
31200.04800076804 3.198507799802145e-09
31250.04800076804 1.9396033653595764e-09
31300.04800076804 1.3878834469593528e-09
31350.04800076804 2.2002350101243093e-09
31400.04800076804 1.0057861430457976e-09
31450.04800076804 1.9428616020719304e-09
31500.04800076804 8.184717112153407e-10
31550.04800076804 1.0822877934727332e-09
31600.04800076804 6.312359244815042e-10
31650.04800076804 6.878397338147809e-10
31700.04800076804 8.126395624326947e-10
31750.04800076804 2.7595837383727925e-10
31800.04800076804 7.689420411522415e-10
31850.04800076804 2.1404550218316082e-10
31900.04800076804 4.683812708382149e-10
31950.04800076804 2.8546453438952076e-10
32000.04800076804 2.746300913767389e-10
32050.04800076804 2.015643391043622e-10
32100.04800076804 1.7026368281970368e-10
32150.04800076804 2.377159362526829e-10
32200.04800076804 1.2581314236549699e-10
32250.04800076804 3.9620645231789173e-10
32300.04800076804 9.542229570546709e-11
32350.04800076804 3.7478449387405487e-10
32400.04800076804 9.477258301470103e-11
32450.04800076804 2.1309173617086313e-10
32500.04800076804 1.204044523783852e-10
32550.04800076804 2.4709754140688285e-10
32600.04800076804 1.1655968628793896e-10
32650.04800076804 4.739448705281512e-10
32700.04800076804 2.071630308503148e-10
32750.04800076804 7.79394508119678e-10
32800.04800076804 3.774715833864919e-10
32850.04800076804 1.2018647018543901e-09
32900.04800076804 9.255489531900885e-10
32950.04800076804 1.2939314270465947e-09
33000.04800076804 5.980698989123293e-10
33050.04800076804 6.987977463088802e-10
33100.04800076804 2.0340886545349702e-10
33150.04800076804 4.462271276759765e-13
33200.04800076804 6.44494867191584e-12
33250.04800076804 8.061380189170121e-12
33300.04800076804 3.066382893428729e-11
33350.04800076804 1.1719404342770738e-10
33400.04800076804 3.1939501647745963e-10
33450.04800076804 2.1201387716198666e-10
33500.04800076804 6.906927457742905e-10
33550.04800076804 3.3049360401107843e-10
33600.04800076804 4.876022996875659e-10
33650.04800076804 3.6927294910293733e-10
33700.04800076804 2.617661177517368e-10
33750.04800076804 6.449500853332366e-10
33800.04800076804 1.4537756052818802e-10
33850.04800076804 3.940213392402767e-10
33900.04800076804 4.484951984054082e-10
33950.04800076804 3.9330955404973227e-10
34000.04800076804 7.22755168886036e-10
34050.04800076804 1.4307546633404944e-10
34100.04800076804 6.209970068287889e-10
34150.04800076804 3.176285623527665e-10
34200.04800076804 5.732247253915772e-10
34250.04800076804 3.9618539282888205e-10
34300.04800076804 3.949446538400452e-10
34350.04800076804 7.923709102844934e-10
34400.04800076804 3.502169893035076e-10
34450.04800076804 8.249307606336093e-10
34500.04800076804 3.2952946789525203e-10
34550.04800076804 3.1471602130092647e-10
34600.04800076804 1.1507371786386418e-09
34650.04800076804 2.6003979239702007e-10
34700.04800076804 5.198009578762042e-10
34750.04800076804 3.896269430829325e-10
34800.04800076804 4.687663069236056e-10
34850.04800076804 8.728325392104741e-10
34900.04800076804 5.355112187234672e-10
34950.04800076804 5.819939625135567e-10
35000.04800076804 1.5109586557946069e-09
35050.04800076804 8.394658177504295e-10
35100.04800076804 1.5335505187547526e-09
35150.04800076804 1.1979648363845856e-09
35200.04800076804 1.7213357535724887e-09
35250.04800076804 1.87180285261385e-09
35300.04800076804 1.1493824497552682e-09
35350.04800076804 1.7441462046250438e-09
35400.04800076804 1.3480224642023286e-09
35450.04800076804 1.0731978538580065e-09
35500.04800076804 3.912280537978443e-09
35550.04800076804 1.991615745171023e-09
35600.04800076804 2.6374193117833375e-09
35650.04800076804 2.7552273491375048e-09
35700.04800076804 1.909522128840882e-09
35750.04800076804 4.224739554399303e-09
35800.04800076804 2.339242605716305e-09
35850.04800076804 1.3118437569436995e-09
35900.04800076804 2.4371828848129964e-09
35950.04800076804 1.9842722639783437e-09
36000.04800076804 8.389187574737528e-10
36050.04800076804 1.9721845668057403e-09
36100.04800076804 1.6448507968099095e-09
36150.04800076804 3.051018633720262e-09
36200.04800076804 2.5906627291332907e-09
36250.04800076804 2.887228182871627e-09
36300.04800076804 3.731712114742792e-09
36350.04800076804 2.769644127455832e-09
36400.04800076804 5.197872838399598e-09
36450.04800076804 3.91808970176048e-09
36500.04800076804 4.972442063100219e-09
36550.04800076804 6.427821264267358e-09
36600.04800076804 6.861835732234417e-09
36650.04800076804 6.7405788568503446e-09
36700.04800076804 8.579555651131184e-09
36750.04800076804 9.007433482943753e-09
36800.04800076804 7.2066187552227966e-09
36850.04800076804 4.697036299362554e-09
36900.04800076804 6.975284293046659e-09
36950.04800076804 7.687192922965968e-09
37000.04800076804 6.327874029113841e-09
37050.04800076804 9.50310752746666e-09
37100.04800076804 8.74439899472037e-09
37150.04800076804 8.401030328008266e-09
37200.04800076804 6.777556599529162e-09
37250.04800076804 6.306376369819947e-09
37300.04800076804 5.914341731485064e-09
37350.04800076804 9.788131755078197e-09
37400.04800076804 1.0189504981178248e-08
37450.04800076804 6.525920439891899e-09
37500.04800076804 8.320141677961607e-09
37550.04800076804 1.2982903329034892e-08
37600.04800076804 1.7114716959165538e-08
37650.04800076804 9.875523707550275e-09
37700.04800076804 1.3000384390945501e-08
37750.04800076804 7.576727982429056e-09
37800.04800076804 8.881741838231567e-09
37850.04800076804 6.298393607217438e-09
37900.04800076804 9.065284787566607e-09
37950.04800076804 1.2436988069208766e-08
38000.04800076804 1.506023490084268e-08
38050.04800076804 1.797918772161686e-08
38100.04800076804 1.7630495108098092e-08
38150.04800076804 1.9209476222167848e-08
38200.04800076804 1.8740715932159782e-08
38250.04800076804 1.9820352336035607e-08
38300.04800076804 3.4335693880694065e-08
38350.04800076804 2.8126253758020688e-08
38400.04800076804 1.3307912314303039e-08
38450.04800076804 1.121599160657694e-08
38500.04800076804 5.042425473318115e-09
38550.04800076804 1.0757228274250986e-08
38600.04800076804 1.4487270722498096e-08
38650.04800076804 2.0461839252142226e-08
38700.04800076804 1.5426666771993474e-08
38750.04800076804 1.9002371332502843e-08
38800.04800076804 1.3803508141194567e-08
38850.04800076804 2.529187892942376e-08
38900.04800076804 2.48034914051425e-08
38950.04800076804 1.7872259030301372e-08
39000.04800076804 3.052043951927279e-08
39050.04800076804 2.0067984491715692e-08
39100.04800076804 2.973039966327042e-08
39150.04800076804 2.4536571739697857e-08
39200.04800076804 1.8075559197504202e-08
39250.04800076804 2.825096914948786e-08
39300.04800076804 2.5930675516553204e-08
39350.04800076804 4.7143343876231186e-08
39400.04800076804 2.9584370499651187e-08
39450.04800076804 3.232920950869632e-08
39500.04800076804 3.234411807148591e-08
39550.04800076804 2.6290325203800978e-08
39600.04800076804 3.9069205529006e-08
39650.04800076804 4.881081990539653e-08
39700.04800076804 2.9368506317318657e-08
39750.04800076804 2.0714404174633258e-08
39800.04800076804 2.592291189235988e-08
39850.04800076804 4.148796515805476e-08
39900.04800076804 4.703099209172501e-08
39950.04800076804 3.6224998014016994e-08
40000.04800076804 5.229532209069686e-08
40050.04800076804 4.2535600530655424e-08
40100.04800076804 2.2370631303624966e-08
40150.04800076804 5.257063085327775e-08
40200.04800076804 5.280571673034375e-08
40250.04800076804 4.9059455924424116e-08
40300.04800076804 6.004229226668671e-08
40350.04800076804 3.2602427007969015e-08
40400.04800076804 5.314069269134781e-08
40450.04800076804 3.743588448096713e-08
40500.04800076804 6.90476578580946e-08
40550.04800076804 5.844550180623359e-08
40600.04800076804 5.1702537286116776e-08
40650.04800076804 5.0180852245494755e-08
40700.04800076804 8.700939528799373e-08
40750.04800076804 6.899607357826001e-08
40800.04800076804 4.325227142638926e-08
40850.04800076804 8.966223353461506e-08
40900.04800076804 6.55500775268385e-08
40950.04800076804 5.1970430296605216e-08
41000.04800076804 6.859683518634213e-08
41050.04800076804 9.183021935973237e-08
41100.04800076804 4.6592053032970974e-08
41150.04800076804 3.6552732935975474e-08
41200.04800076804 9.720380566948003e-08
41250.04800076804 6.817142440807801e-08
41300.04800076804 6.496238141983376e-08
41350.04800076804 1.0131814702175131e-07
41400.04800076804 7.555629882575765e-08
41450.04800076804 9.313406783430365e-08
41500.04800076804 6.285353134589035e-08
41550.04800076804 5.7820722989376645e-08
41600.04800076804 8.525395168589947e-08
41650.04800076804 8.927942585212043e-08
41700.04800076804 8.180229851346525e-08
41750.04800076804 7.322271297931385e-08
41800.04800076804 9.931099492653913e-08
41850.04800076804 6.66993899978119e-08
41900.04800076804 6.583396325176903e-08
41950.04800076804 7.676602414437806e-08
42000.04800076804 9.498456796846811e-08
42050.04800076804 8.496635535958098e-08
42100.04800076804 1.047434366082984e-07
42150.04800076804 8.087671547008546e-08
42200.04800076804 9.44848722943792e-08
42250.04800076804 6.949747749492483e-08
42300.04800076804 7.473804743309564e-08
42350.04800076804 9.427560401493947e-08
42400.04800076804 9.108091241046067e-08
42450.04800076804 9.892763281593571e-08
42500.04800076804 8.530827322953188e-08
42550.04800076804 8.446949261510328e-08
42600.04800076804 7.928220869352582e-08
42650.04800076804 1.3754170616076084e-07
42700.04800076804 6.655652015866961e-08
42750.04800076804 8.017073287309122e-08
42800.04800076804 8.001160530847202e-08
42850.04800076804 9.756911864947745e-08
42900.04800076804 1.1119187366157066e-07
42950.04800076804 8.599079720504383e-08
43000.04800076804 1.1732310467798699e-07
43050.04800076804 5.2027122687298024e-08
43100.04800076804 7.261191421449866e-08
43150.04800076804 8.889489071921925e-08
43200.04800076804 1.12586091128359e-07
43250.04800076804 1.354106082952168e-07
43300.04800076804 1.4006190947174146e-07
43350.04800076804 7.928125211327457e-08
43400.04800076804 1.0459883769161009e-07
43450.04800076804 6.282646452802747e-08
43500.04800076804 6.854746464887897e-08
43550.04800076804 8.322804697614003e-08
43600.04800076804 1.126466186515731e-07
