galfind/configs/Brown_Dwarf_templates/sonora_cholla/logkzz4/31g/600K_31g_logkzz4_resample.dat
# %ECSV 1.0
# ---
# datatype:
# - {name: wav, unit: Angstrom, datatype: float64}
# - {name: flux_nu, unit: erg / (cm2 Hz s), datatype: float64}
# schema: astropy-2.0
wav flux_nu
3000.0480007680403 nan
3050.0480007680403 0.0
3100.0480007680403 0.0
3150.0480007680403 0.0
3200.0480007680403 0.0
3250.0480007680403 0.0
3300.0480007680403 0.0
3350.0480007680403 0.0
3400.0480007680403 0.0
3450.0480007680403 0.0
3500.0480007680403 0.0
3550.0480007680403 0.0
3600.0480007680403 0.0
3650.0480007680403 0.0
3700.0480007680403 0.0
3750.0480007680403 0.0
3800.0480007680403 0.0
3850.0480007680403 0.0
3900.0480007680403 0.0
3950.0480007680403 0.0
4000.0480007680403 0.0
4050.0480007680403 0.0
4100.04800076804 0.0
4150.04800076804 0.0
4200.04800076804 0.0
4250.04800076804 0.0
4300.04800076804 0.0
4350.04800076804 0.0
4400.04800076804 0.0
4450.04800076804 0.0
4500.04800076804 0.0
4550.04800076804 0.0
4600.04800076804 0.0
4650.04800076804 0.0
4700.04800076804 0.0
4750.04800076804 0.0
4800.04800076804 0.0
4850.04800076804 0.0
4900.04800076804 0.0
4950.04800076804 0.0
5000.04800076804 1.295548098953316e-12
5050.04800076804 3.4911836555079507e-12
5100.04800076804 4.149426837944908e-12
5150.04800076804 4.968170129486989e-12
5200.04800076804 5.931980445492311e-12
5250.04800076804 7.020382811955727e-12
5300.04800076804 8.262541185837349e-12
5350.04800076804 9.681784092014584e-12
5400.04800076804 1.121342352666241e-11
5450.04800076804 1.3004962683242913e-11
5500.04800076804 1.505885286724959e-11
5550.04800076804 1.734679632896298e-11
5600.04800076804 1.9786833241136863e-11
5650.04800076804 2.2239610817143364e-11
5700.04800076804 2.411568999676978e-11
5750.04800076804 2.602970853414758e-11
5800.04800076804 2.6189762659453174e-11
5850.04800076804 2.2579717126507438e-11
5900.04800076804 6.4679919150041464e-12
5950.04800076804 1.1972292415288158e-11
6000.04800076804 3.810943563334791e-11
6050.04800076804 5.721127605063051e-11
6100.04800076804 7.444005020399889e-11
6150.04800076804 9.066530057508413e-11
6200.04800076804 1.0674902924438706e-10
6250.04800076804 1.2215328421041016e-10
6300.04800076804 1.4020556137335155e-10
6350.04800076804 1.5950221353514992e-10
6400.04800076804 1.798000031888362e-10
6450.04800076804 1.901735311448059e-10
6500.04800076804 2.1408015028054019e-10
6550.04800076804 2.4405343130536186e-10
6600.04800076804 2.78266508095407e-10
6650.04800076804 3.176088185904825e-10
6700.04800076804 3.638116286994025e-10
6750.04800076804 4.116743345732427e-10
6800.04800076804 4.610523868620784e-10
6850.04800076804 5.14440980584914e-10
6900.04800076804 5.183204975969568e-10
6950.04800076804 5.093576524817492e-10
7000.04800076804 5.903294662811871e-10
7050.04800076804 6.085858693562224e-10
7100.04800076804 6.531031299137873e-10
7150.04800076804 5.382635617549097e-10
7200.04800076804 4.957843382032411e-10
7250.04800076804 5.928842790371038e-10
7300.04800076804 6.319965871559936e-10
7350.04800076804 7.44035691251591e-10
7400.04800076804 8.473628672624451e-10
7450.04800076804 1.0257012291120102e-09
7500.04800076804 1.1773450654067695e-09
7550.04800076804 1.341026446531848e-09
7600.04800076804 1.4953182954160401e-09
7650.04800076804 1.6176764216860664e-09
7700.04800076804 1.1690274717760992e-09
7750.04800076804 5.875263611436891e-10
7800.04800076804 1.8718701334490843e-09
7850.04800076804 2.036814527211459e-09
7900.04800076804 2.2405462428440573e-09
7950.04800076804 2.439210748534682e-09
8000.04800076804 2.4812128121636934e-09
8050.04800076804 2.536626988733369e-09
8100.04800076804 1.8791337346021783e-09
8150.04800076804 1.7507424678642752e-09
8200.04800076804 2.3305383955698266e-09
8250.04800076804 2.3404686042606566e-09
8300.04800076804 2.585523014612535e-09
8350.04800076804 2.3421860257791468e-09
8400.04800076804 2.434520148839954e-09
8450.04800076804 2.813847383762765e-09
8500.04800076804 3.1910636451881393e-09
8550.04800076804 3.6490629605280404e-09
8600.04800076804 4.130792335018428e-09
8650.04800076804 4.459507406030092e-09
8700.04800076804 4.363499501085568e-09
8750.04800076804 4.5921343236198285e-09
8800.04800076804 4.36793970702931e-09
8850.04800076804 3.065919212969438e-09
8900.04800076804 6.48994635537882e-10
8950.04800076804 8.437810557171089e-10
9000.04800076804 5.61327404994039e-10
9050.04800076804 1.7242829166429815e-09
9100.04800076804 2.1157685824786536e-09
9150.04800076804 2.0304270859214727e-09
9200.04800076804 3.1718710288408664e-09
9250.04800076804 2.7465330471881358e-09
9300.04800076804 3.1873715752548583e-10
9350.04800076804 3.656297079359854e-10
9400.04800076804 7.09933432595031e-10
9450.04800076804 9.131238812455436e-10
9500.04800076804 7.325679676413788e-10
9550.04800076804 8.92136284551981e-10
9600.04800076804 7.384932236422907e-10
9650.04800076804 1.016879723716899e-09
9700.04800076804 1.5728705545721316e-09
9750.04800076804 1.4520400004777223e-09
9800.04800076804 1.7441768296091741e-09
9850.04800076804 1.927417536435501e-09
9900.04800076804 2.6449536316265658e-09
9950.04800076804 2.383003153790044e-09
10000.04800076804 3.289212726821329e-09
10050.04800076804 3.4132439261313896e-09
10100.04800076804 4.741186255798324e-09
10150.04800076804 5.8241937510845896e-09
10200.04800076804 7.47931517540906e-09
10250.04800076804 8.932264134432169e-09
10300.04800076804 1.0576423343705311e-08
10350.04800076804 1.3098459044906739e-08
10400.04800076804 1.6807370722194702e-08
10450.04800076804 1.916024238028938e-08
10500.04800076804 2.1418973677023743e-08
10550.04800076804 2.395282936393593e-08
10600.04800076804 2.4209809732745222e-08
10650.04800076804 2.509347518832156e-08
10700.04800076804 2.4129044243419086e-08
10750.04800076804 2.409697525396498e-08
10800.04800076804 2.142099466886979e-08
10850.04800076804 1.8402910732164302e-08
10900.04800076804 1.1488307239435636e-08
10950.04800076804 4.872245948251966e-09
11000.04800076804 2.985867846547723e-09
11050.04800076804 1.7589496658751816e-09
11100.04800076804 9.624801761654198e-10
11150.04800076804 3.8350758422083086e-10
11200.04800076804 2.262851645475334e-10
11250.04800076804 2.8823325527767964e-10
11300.04800076804 4.568939841896323e-10
11350.04800076804 1.3701888347558374e-10
11400.04800076804 3.7384923775369776e-10
11450.04800076804 2.925830911919755e-10
11500.04800076804 1.8568272515066375e-10
11550.04800076804 4.015528912689352e-11
11600.04800076804 3.758406538491976e-11
11650.04800076804 1.3928603279575137e-10
11700.04800076804 1.5329727044285254e-10
11750.04800076804 2.2262676462090593e-11
11800.04800076804 1.8916257977425446e-10
11850.04800076804 4.154365631765991e-10
11900.04800076804 4.6255798612565325e-10
11950.04800076804 8.020767620727033e-10
12000.04800076804 1.6239738825832313e-09
12050.04800076804 2.8612092190330963e-09
12100.04800076804 5.044155793735657e-09
12150.04800076804 7.672408047942277e-09
12200.04800076804 1.0241142883804396e-08
12250.04800076804 1.4843143898430346e-08
12300.04800076804 2.0195718657667122e-08
12350.04800076804 2.139184962288796e-08
12400.04800076804 2.985955731791692e-08
12450.04800076804 3.9421976641025064e-08
12500.04800076804 4.443555932994269e-08
12550.04800076804 4.985006667261393e-08
12600.04800076804 5.0227876504514924e-08
12650.04800076804 4.849118513430986e-08
12700.04800076804 4.758527157347158e-08
12750.04800076804 4.122043553368254e-08
12800.04800076804 3.652726350393059e-08
12850.04800076804 2.622772757336601e-08
12900.04800076804 1.9661236740808513e-08
12950.04800076804 1.6523460685205208e-08
13000.04800076804 1.4599211546138004e-08
13050.04800076804 9.86940165074655e-09
13100.04800076804 8.106023952650227e-09
13150.04800076804 5.485990605798454e-09
13200.04800076804 4.8386206407013205e-09
13250.04800076804 3.383754339848746e-09
13300.04800076804 1.1617909034481014e-09
13350.04800076804 3.5314365409916064e-10
13400.04800076804 2.186607332885579e-10
13450.04800076804 6.930877726637518e-11
13500.04800076804 2.851903767755908e-11
13550.04800076804 1.4530658607210531e-11
13600.04800076804 2.8058236162339397e-12
13650.04800076804 2.2826715470917135e-11
13700.04800076804 1.4372888383119124e-11
13750.04800076804 1.7972939232893096e-11
13800.04800076804 1.4879087201457425e-11
13850.04800076804 1.1473304293994072e-11
13900.04800076804 1.5142936838673412e-11
13950.04800076804 1.0829292881358235e-11
14000.04800076804 1.2313492253685932e-11
14050.04800076804 2.1863125795942347e-11
14100.04800076804 2.5184817593948773e-11
14150.04800076804 5.1490513914131907e-11
14200.04800076804 3.026597624097136e-11
14250.04800076804 4.382195132599678e-11
14300.04800076804 1.1524949265543955e-10
14350.04800076804 1.152755409506196e-10
14400.04800076804 1.3286364916310205e-10
14450.04800076804 1.7941033130997536e-10
14500.04800076804 4.5742445522388114e-10
14550.04800076804 5.009905318521265e-10
14600.04800076804 8.200807379767873e-10
14650.04800076804 8.538995165233262e-10
14700.04800076804 5.122172269030326e-10
14750.04800076804 8.093227337147297e-10
14800.04800076804 1.1087615562579674e-09
14850.04800076804 1.1788590191241168e-09
14900.04800076804 1.483922486708746e-09
14950.04800076804 2.0574296110224566e-09
15000.04800076804 2.5906479666304196e-09
15050.04800076804 2.7371252300471043e-09
15100.04800076804 3.545836151511095e-09
15150.04800076804 3.5389341312517512e-09
15200.04800076804 3.742281277099241e-09
15250.04800076804 5.824470501723531e-09
15300.04800076804 7.166701877839575e-09
15350.04800076804 9.597993646310442e-09
15400.04800076804 1.0870760102890053e-08
15450.04800076804 1.233900609714572e-08
15500.04800076804 1.3333186379186542e-08
15550.04800076804 1.6543971115485312e-08
15600.04800076804 1.7883238534496367e-08
15650.04800076804 1.8559803138399968e-08
15700.04800076804 2.3099039940163138e-08
15750.04800076804 2.530872840593059e-08
15800.04800076804 2.4699773138665117e-08
15850.04800076804 2.598504663931366e-08
15900.04800076804 2.111104122195719e-08
15950.04800076804 1.8493819974453154e-08
16000.04800076804 1.258089328098456e-08
16050.04800076804 6.932651190594605e-09
16100.04800076804 4.403615661521171e-09
16150.04800076804 2.1460585201149698e-09
16200.04800076804 1.1921396398802708e-09
16250.04800076804 9.842955751677868e-10
16300.04800076804 5.54410293330665e-10
16350.04800076804 6.73710353127689e-10
16400.04800076804 7.587168672069561e-10
16450.04800076804 7.909793481341778e-10
16500.04800076804 7.79858798819763e-10
16550.04800076804 7.222755935964078e-10
16600.04800076804 9.005753348795036e-10
16650.04800076804 6.393277977972261e-10
16700.04800076804 9.562606900568646e-11
16750.04800076804 3.267995949970981e-10
16800.04800076804 5.830092793488603e-10
16850.04800076804 6.920104946071639e-10
16900.04800076804 3.7806466094199836e-10
16950.04800076804 2.551544119942609e-10
17000.04800076804 1.4530066573316856e-10
17050.04800076804 2.30994815592491e-10
17100.04800076804 3.854321787085736e-10
17150.04800076804 1.851722761107968e-10
17200.04800076804 7.488039092967556e-10
17250.04800076804 4.04505498066023e-10
17300.04800076804 2.2984244186012749e-10
17350.04800076804 2.779364832100262e-10
17400.04800076804 4.1155303045834734e-10
17450.04800076804 6.256925937607406e-10
17500.04800076804 9.156305015829349e-10
17550.04800076804 7.37688623927099e-10
17600.04800076804 5.232933908168281e-10
17650.04800076804 4.460544561734121e-10
17700.04800076804 3.515402405737931e-10
17750.04800076804 3.6919162931598917e-10
17800.04800076804 7.0843246074489e-10
17850.04800076804 3.87628670524316e-10
17900.04800076804 3.373559190933812e-10
17950.04800076804 1.917148135435335e-10
18000.04800076804 3.0879213961615686e-10
18050.04800076804 4.1718252907239496e-10
18100.04800076804 3.264980268629545e-10
18150.04800076804 4.937454752801162e-10
18200.04800076804 2.8002537735604203e-10
18250.04800076804 8.216021147550781e-10
18300.04800076804 3.190606018622573e-10
18350.04800076804 2.1843185837655357e-10
18400.04800076804 1.5087567043000288e-10
18450.04800076804 5.265941669411766e-10
18500.04800076804 5.721486135159305e-10
18550.04800076804 3.6593345495777293e-10
18600.04800076804 4.978985629835843e-10
18650.04800076804 3.32573067345624e-10
18700.04800076804 1.6168149149309916e-10
18750.04800076804 3.100988782170016e-10
18800.04800076804 1.3388731313239152e-09
18850.04800076804 1.1658385923449757e-09
18900.04800076804 1.0520868568679698e-09
18950.04800076804 1.8169587701357525e-09
19000.04800076804 7.497813222008852e-10
19050.04800076804 4.700748601593148e-10
19100.04800076804 1.2439895578464358e-09
19150.04800076804 6.299244440133424e-10
19200.04800076804 1.1529110440698413e-09
19250.04800076804 9.334668131865242e-10
19300.04800076804 5.754600729712677e-10
19350.04800076804 7.805584652297057e-10
19400.04800076804 4.971678840062382e-10
19450.04800076804 1.113642822926471e-09
19500.04800076804 9.160661166737502e-10
19550.04800076804 7.984654412179582e-10
19600.04800076804 1.3690042700103343e-09
19650.04800076804 1.4396898145120548e-09
19700.04800076804 1.5574832044118981e-09
19750.04800076804 1.971270930729582e-09
19800.04800076804 2.517436074902169e-09
19850.04800076804 3.255076514388331e-09
19900.04800076804 2.846364834258069e-09
19950.04800076804 4.27669725274472e-09
20000.04800076804 4.447592587486195e-09
20050.04800076804 4.400723514470126e-09
20100.04800076804 5.370245648748244e-09
20150.04800076804 4.317542898393383e-09
20200.04800076804 4.830764066981741e-09
20250.04800076804 6.4386870673478346e-09
20300.04800076804 6.053358758825399e-09
20350.04800076804 7.017853576087993e-09
20400.04800076804 6.2186212338063656e-09
20450.04800076804 8.378379552994731e-09
20500.04800076804 8.383636416496229e-09
20550.04800076804 8.427522780654303e-09
20600.04800076804 9.1628684186733e-09
20650.04800076804 8.74868626218466e-09
20700.04800076804 8.947476962769557e-09
20750.04800076804 9.623481985189322e-09
20800.04800076804 8.773017398065798e-09
20850.04800076804 8.906161137798101e-09
20900.04800076804 9.158810780249748e-09
20950.04800076804 8.092631768757211e-09
21000.04800076804 8.304026698962144e-09
21050.04800076804 7.556271018508598e-09
21100.04800076804 7.147359775111812e-09
21150.04800076804 6.9170636739859295e-09
21200.04800076804 6.460285894951983e-09
21250.04800076804 5.956336862900607e-09
21300.04800076804 4.794458738256662e-09
21350.04800076804 4.8364153727274725e-09
21400.04800076804 4.401813364891067e-09
21450.04800076804 3.441220040977414e-09
21500.04800076804 3.582944218285633e-09
21550.04800076804 3.2749971002502203e-09
21600.04800076804 2.737279867198851e-09
21650.04800076804 2.2368963168239604e-09
21700.04800076804 2.2223702701104536e-09
21750.04800076804 2.528556080661881e-09
21800.04800076804 2.1382117710620697e-09
21850.04800076804 1.825031487928911e-09
21900.04800076804 1.4312038228776474e-09
21950.04800076804 3.4466635714815657e-10
22000.04800076804 1.0045569256156903e-10
22050.04800076804 1.4225294640871907e-10
22100.04800076804 3.782983953065843e-10
22150.04800076804 4.534942125295407e-10
22200.04800076804 4.0444720159810924e-10
22250.04800076804 3.7868431195335005e-10
22300.04800076804 2.0638832209516987e-10
22350.04800076804 2.5656872547163427e-10
22400.04800076804 1.2644250825460659e-10
22450.04800076804 1.476329343023178e-10
22500.04800076804 1.3838866248916927e-10
22550.04800076804 5.029655001359747e-11
22600.04800076804 9.23620723792133e-11
22650.04800076804 1.7024249521307255e-10
22700.04800076804 7.758029631410776e-11
22750.04800076804 8.645387293073218e-11
22800.04800076804 9.726536865905481e-11
22850.04800076804 8.312196340524946e-11
22900.04800076804 3.7379389897358817e-11
22950.04800076804 3.317536326255353e-11
23000.04800076804 7.798192868021355e-11
23050.04800076804 8.005606445726756e-11
23100.04800076804 2.442337805830378e-10
23150.04800076804 3.0923782771473216e-10
23200.04800076804 3.2333133398707536e-11
23250.04800076804 2.9953293590538274e-11
23300.04800076804 5.957499950164895e-11
23350.04800076804 4.256120511389541e-11
23400.04800076804 9.179638333055499e-11
23450.04800076804 5.5931316539103194e-11
23500.04800076804 4.631866036301869e-11
23550.04800076804 9.995753143530616e-11
23600.04800076804 1.0428587967785691e-10
23650.04800076804 2.055863101275721e-10
23700.04800076804 5.081330170826637e-11
23750.04800076804 2.9121817023216124e-11
23800.04800076804 1.2264690250360795e-10
