galfind/configs/Brown_Dwarf_templates/sonora_cholla/logkzz4/31g/600K_31g_logkzz4_resample.dat
# %ECSV 1.0
# ---
# datatype:
# - {name: wav, unit: Angstrom, datatype: float64}
# - {name: flux_nu, unit: erg / (cm2 Hz s), datatype: float64}
# schema: astropy-2.0
wav flux_nu
[from data line 418]
23900.04800076804 2.0307526505292473e-10
23950.04800076804 1.8078012420848763e-10
24000.04800076804 2.7219544830414274e-10
24050.04800076804 4.0698249235620045e-10
24100.04800076804 3.389424983224852e-10
24150.04800076804 4.45520156655052e-10
24200.04800076804 3.3786543631719514e-10
24250.04800076804 2.0173283767590054e-10
24300.04800076804 4.4793434034444764e-10
24350.04800076804 3.300420619728345e-10
24400.04800076804 6.37407012022075e-10
24450.04800076804 6.952392292838217e-10
24500.04800076804 7.174742690098627e-10
24550.04800076804 1.0307812295239842e-09
24600.04800076804 1.3147655904040047e-09
24650.04800076804 1.3877921963025756e-09
24700.04800076804 1.1366982967676717e-09
24750.04800076804 1.1867379593514738e-09
24800.04800076804 1.2332831749841929e-09
24850.04800076804 1.8210384975894746e-09
24900.04800076804 9.1577918736727e-10
24950.04800076804 1.5781844382190892e-09
25000.04800076804 1.8940003263490976e-09
25050.04800076804 1.1489683561452417e-09
25100.04800076804 1.5019152354029078e-09
25150.04800076804 7.510614963946764e-10
25200.04800076804 1.2184131048159463e-09
25250.04800076804 5.232866436196462e-10
25300.04800076804 8.809639405454953e-10
25350.04800076804 3.4409508958385105e-10
25400.04800076804 8.793796749401196e-10
25450.04800076804 3.8048811858105107e-10
25500.04800076804 3.008075796886835e-10
25550.04800076804 6.208527036935376e-10
25600.04800076804 1.2113262403780615e-10
25650.04800076804 1.615648768030608e-10
25700.04800076804 2.2778198679911405e-10
25750.04800076804 9.093771455165735e-11
25800.04800076804 3.8343197624233935e-10
25850.04800076804 7.585924190647456e-11
25900.04800076804 1.2700043288182297e-10
25950.04800076804 3.9758403301131124e-11
26000.04800076804 3.116595453277278e-10
26050.04800076804 6.048440371342438e-11
26100.04800076804 2.7003763649226623e-10
26150.04800076804 1.3683801969513942e-10
26200.04800076804 1.4787201107913353e-10
26250.04800076804 7.73833726064501e-10
26300.04800076804 2.320309754965797e-10
26350.04800076804 9.583020744892494e-10
26400.04800076804 1.4410243500978573e-09
26450.04800076804 1.2519825812367839e-09
26500.04800076804 1.7371349795181576e-09
26550.04800076804 4.5343051164115126e-10
26600.04800076804 4.329116705536245e-10
26650.04800076804 1.0703706861480531e-10
26700.04800076804 3.63154553831075e-11
26750.04800076804 7.532017613415761e-11
26800.04800076804 1.545926281617394e-10
26850.04800076804 1.0271475077861705e-10
26900.04800076804 4.564264301562303e-10
26950.04800076804 1.4829627877142154e-10
27000.04800076804 6.317882383100112e-10
27050.04800076804 6.579245958823691e-10
27100.04800076804 1.8118022995406235e-10
27150.04800076804 8.9354543474922e-10
27200.04800076804 1.4382427922288826e-10
27250.04800076804 4.104162234179944e-10
27300.04800076804 2.7054297918578815e-09
27350.04800076804 1.0004901676171647e-09
27400.04800076804 6.559373635355199e-11
27450.04800076804 1.4307881373995883e-09
27500.04800076804 1.8252821326646508e-09
27550.04800076804 3.2172070740302496e-10
27600.04800076804 8.888481463528371e-10
27650.04800076804 2.4371608102074364e-10
27700.04800076804 1.8269283364805516e-10
27750.04800076804 1.0979834521420498e-09
27800.04800076804 3.732435167090011e-10
27850.04800076804 5.225462092541688e-10
27900.04800076804 6.934296381184049e-10
27950.04800076804 1.5163477384678252e-09
28000.04800076804 1.2817500751630932e-09
28050.04800076804 2.623137273720545e-10
28100.04800076804 2.083088590210488e-09
28150.04800076804 1.2039509487122912e-09
28200.04800076804 2.789400665626931e-10
28250.04800076804 2.2561204856294156e-09
28300.04800076804 3.5625950496179627e-09
28350.04800076804 5.075437370377923e-10
28400.04800076804 1.8708374252330984e-09
28450.04800076804 3.5524306799383164e-09
28500.04800076804 1.802030914236073e-09
28550.04800076804 4.0741051618932516e-10
28600.04800076804 2.6518611452692696e-09
28650.04800076804 2.915827435460563e-09
28700.04800076804 2.3891877985530496e-09
28750.04800076804 4.846031950097361e-09
28800.04800076804 3.697827806561541e-09
28850.04800076804 4.78163789908854e-09
28900.04800076804 2.024313832748728e-09
28950.04800076804 6.752847035126958e-09
29000.04800076804 3.6197864458237926e-09
29050.04800076804 4.315679299162861e-09
29100.04800076804 2.9909910514129235e-09
29150.04800076804 7.019858370011195e-09
29200.04800076804 4.481458592818217e-09
29250.04800076804 6.2523740494429605e-09
29300.04800076804 3.825281656345016e-09
29350.04800076804 1.674440997765725e-08
29400.04800076804 4.351304715940825e-09
29450.04800076804 5.541969372402029e-09
29500.04800076804 8.539277866546502e-09
29550.04800076804 5.185518086059105e-09
29600.04800076804 9.177340880352015e-09
29650.04800076804 1.0505520294266733e-08
29700.04800076804 4.573174819058901e-09
29750.04800076804 7.619206733177655e-09
29800.04800076804 9.239761768913478e-09
29850.04800076804 1.2659641072251148e-08
29900.04800076804 1.2724964282385065e-08
29950.04800076804 8.853478217541153e-09
30000.04800076804 4.445027380394948e-09
30050.04800076804 5.7594498260557715e-09
30100.04800076804 9.34106353832227e-09
30150.04800076804 1.1520826635875958e-08
30200.04800076804 7.361660563434525e-09
30250.04800076804 1.5486824430101306e-08
30300.04800076804 1.383336011787257e-08
30350.04800076804 9.010384080894066e-09
30400.04800076804 1.334570838540592e-08
30450.04800076804 1.0201253963434367e-08
30500.04800076804 8.65183050959012e-09
30550.04800076804 7.068304609151958e-09
30600.04800076804 1.3166759371966593e-08
30650.04800076804 1.0015231185262704e-08
30700.04800076804 7.61697533956523e-09
30750.04800076804 8.914261207838225e-09
30800.04800076804 6.704417536378965e-09
30850.04800076804 8.44404046746828e-09
30900.04800076804 7.139079908344835e-09
30950.04800076804 4.201866258109456e-09
31000.04800076804 6.0615602954399506e-09
31050.04800076804 5.079246558884084e-09
31100.04800076804 3.2085349457806123e-09
31150.04800076804 4.364234222663563e-09
31200.04800076804 5.116323021157608e-09
31250.04800076804 3.3062365333597607e-09
31300.04800076804 2.5170636770712064e-09
31350.04800076804 3.519517451546929e-09
31400.04800076804 1.646083144938325e-09
31450.04800076804 3.30491326873959e-09
31500.04800076804 1.4649382815971552e-09
31550.04800076804 2.0439512249044174e-09
31600.04800076804 1.1480695808514374e-09
31650.04800076804 1.266302497852966e-09
31700.04800076804 1.5024503193853038e-09
31750.04800076804 5.710355936056417e-10
31800.04800076804 1.4644090300573692e-09
31850.04800076804 5.249907799873598e-10
31900.04800076804 9.542497076368368e-10
31950.04800076804 6.10079552142333e-10
32000.04800076804 6.435462869016958e-10
32050.04800076804 4.2831543532620876e-10
32100.04800076804 3.8268017281344227e-10
32150.04800076804 5.534625711004418e-10
32200.04800076804 3.061783499982426e-10
32250.04800076804 9.131036592538546e-10
32300.04800076804 2.3238553209842003e-10
32350.04800076804 8.645128583244279e-10
32400.04800076804 2.6262269154004e-10
32450.04800076804 5.156580239923817e-10
32500.04800076804 3.2879109564088556e-10
32550.04800076804 5.961118010755296e-10
32600.04800076804 3.557512825599938e-10
32650.04800076804 1.0857842207651668e-09
32700.04800076804 5.790050918441018e-10
32750.04800076804 1.593990254863934e-09
32800.04800076804 8.371839020932357e-10
32850.04800076804 2.3049174216635264e-09
32900.04800076804 1.872672416149305e-09
32950.04800076804 2.5784554198415495e-09
33000.04800076804 1.3551686866563018e-09
33050.04800076804 1.580062881135116e-09
33100.04800076804 4.877551840924106e-10
33150.04800076804 2.795071102757628e-12
33200.04800076804 2.0867971097655634e-11
33250.04800076804 2.057257337808979e-11
33300.04800076804 5.854299504167732e-11
33350.04800076804 2.2004630092662462e-10
33400.04800076804 5.48487154480272e-10
33450.04800076804 4.6198754403215453e-10
33500.04800076804 1.2449561201961135e-09
33550.04800076804 7.160952563200947e-10
33600.04800076804 1.0781606555907416e-09
33650.04800076804 8.086761382694907e-10
33700.04800076804 6.221815769434146e-10
33750.04800076804 1.357786099820428e-09
33800.04800076804 3.8382158388917585e-10
33850.04800076804 8.770711935690654e-10
33900.04800076804 9.727700884255417e-10
33950.04800076804 8.830648563574176e-10
34000.04800076804 1.5319439843296144e-09
34050.04800076804 3.519498766043724e-10
34100.04800076804 1.312130302614351e-09
34150.04800076804 7.230212949285184e-10
34200.04800076804 1.200838360790589e-09
34250.04800076804 8.391295682611198e-10
34300.04800076804 8.181761747472146e-10
34350.04800076804 1.482719389685802e-09
34400.04800076804 7.885039332893069e-10
34450.04800076804 1.656018965812663e-09
34500.04800076804 6.963252999543876e-10
34550.04800076804 6.294759680235538e-10
34600.04800076804 2.0907451945933996e-09
34650.04800076804 5.90390492322305e-10
34700.04800076804 1.0022293596666297e-09
34750.04800076804 7.595619999117756e-10
34800.04800076804 8.791757233330466e-10
34850.04800076804 1.5633452204353712e-09
34900.04800076804 1.1737730744158191e-09
34950.04800076804 1.0932305083762655e-09
35000.04800076804 2.5415223486147356e-09
35050.04800076804 1.5316134747257244e-09
35100.04800076804 2.641602484067059e-09
35150.04800076804 2.1216492369888383e-09
35200.04800076804 3.1288782610899314e-09
35250.04800076804 3.1767471013682044e-09
35300.04800076804 2.107944313430688e-09
35350.04800076804 3.242423474445142e-09
35400.04800076804 2.633182024051883e-09
35450.04800076804 2.197874579955994e-09
35500.04800076804 6.649736849690634e-09
35550.04800076804 3.590961365117344e-09
35600.04800076804 4.6008008531165985e-09
35650.04800076804 4.67337578101232e-09
35700.04800076804 3.1992166499989997e-09
35750.04800076804 7.32312082719752e-09
35800.04800076804 4.279345141789693e-09
35850.04800076804 2.5413412955601956e-09
35900.04800076804 4.634000572385481e-09
35950.04800076804 3.824258383311172e-09
36000.04800076804 1.634234132259322e-09
36050.04800076804 3.766391025617149e-09
36100.04800076804 3.313000334328443e-09
36150.04800076804 4.9736881145610905e-09
36200.04800076804 4.2725886325652256e-09
36250.04800076804 5.232242060969223e-09
36300.04800076804 6.011049449507204e-09
36350.04800076804 4.875652210420438e-09
36400.04800076804 8.678400655650972e-09
36450.04800076804 7.0763088525900365e-09
36500.04800076804 8.638951791140866e-09
36550.04800076804 1.0021951767161532e-08
36600.04800076804 1.1254785335129227e-08
36650.04800076804 1.1436693115174066e-08
36700.04800076804 1.4475965931122691e-08
36750.04800076804 1.4868290877296803e-08
36800.04800076804 1.1926916175470145e-08
36850.04800076804 8.601283140795494e-09
36900.04800076804 1.2043769218577131e-08
36950.04800076804 1.2644669885435575e-08
37000.04800076804 1.134143439100586e-08
37050.04800076804 1.5299778445455527e-08
37100.04800076804 1.5288906215613777e-08
37150.04800076804 1.4694892028669002e-08
37200.04800076804 1.127629361306327e-08
37250.04800076804 1.077774890474022e-08
37300.04800076804 1.042334313291079e-08
37350.04800076804 1.6434769267631412e-08
37400.04800076804 1.6809906132497687e-08
37450.04800076804 1.2669330605462064e-08
37500.04800076804 1.335974670299219e-08
37550.04800076804 2.1011994428030926e-08
37600.04800076804 2.7186414923456917e-08
37650.04800076804 1.6641563253485463e-08
37700.04800076804 2.057584982276665e-08
37750.04800076804 1.273565803227415e-08
37800.04800076804 1.5088324717103767e-08
37850.04800076804 1.1528769786895993e-08
37900.04800076804 1.5467019207710993e-08
37950.04800076804 2.0233467266443862e-08
38000.04800076804 2.5256426180176413e-08
38050.04800076804 2.707956518070071e-08
38100.04800076804 2.6864356664168542e-08
38150.04800076804 3.0291681957170324e-08
38200.04800076804 2.9696489692894484e-08
38250.04800076804 3.1076412965708343e-08
38300.04800076804 5.013620744962604e-08
38350.04800076804 4.310259253070679e-08
38400.04800076804 2.2157583042676413e-08
38450.04800076804 1.9968071632996807e-08
38500.04800076804 9.68581524316282e-09
38550.04800076804 1.788989472452981e-08
38600.04800076804 2.3702205435039773e-08
38650.04800076804 3.439789560576361e-08
38700.04800076804 2.6280727461496456e-08
38750.04800076804 3.026086565298225e-08
38800.04800076804 2.2827035430862656e-08
38850.04800076804 4.007077104048229e-08
38900.04800076804 3.9363864315733586e-08
38950.04800076804 2.916401876731569e-08
39000.04800076804 4.746026230459555e-08
39050.04800076804 3.277086519376747e-08
39100.04800076804 4.6266218041177364e-08
39150.04800076804 3.7919278531098876e-08
39200.04800076804 2.943818619741724e-08
39250.04800076804 4.382196029541558e-08
39300.04800076804 4.1977989274219406e-08
39350.04800076804 6.917961237556065e-08
39400.04800076804 4.694341224672854e-08
39450.04800076804 5.073386461948416e-08
39500.04800076804 4.904937140773853e-08
39550.04800076804 4.215706929279566e-08
39600.04800076804 5.870655763621427e-08
39650.04800076804 7.284459173110036e-08
39700.04800076804 4.567478711525775e-08
39750.04800076804 3.285798623798994e-08
39800.04800076804 4.1681523641441937e-08
39850.04800076804 6.126345167686376e-08
39900.04800076804 6.766530572683176e-08
39950.04800076804 5.790944103849316e-08
40000.04800076804 7.750267443689066e-08
40050.04800076804 6.430365083135497e-08
40100.04800076804 3.649681515869605e-08
40150.04800076804 7.969476945986443e-08
40200.04800076804 7.886177501726796e-08
40250.04800076804 7.10075290829081e-08
40300.04800076804 8.763026254401416e-08
40350.04800076804 5.17630414956858e-08
40400.04800076804 7.789489466377793e-08
40450.04800076804 6.048013273793156e-08
40500.04800076804 9.874998995921164e-08
40550.04800076804 8.536120230672826e-08
40600.04800076804 7.825793202729295e-08
40650.04800076804 7.741916161011488e-08
40700.04800076804 1.2228396624088817e-07
40750.04800076804 1.0330389512513055e-07
40800.04800076804 6.808315492530085e-08
40850.04800076804 1.2603963882469414e-07
40900.04800076804 9.351626488639921e-08
40950.04800076804 7.737559528815394e-08
41000.04800076804 9.994000281796443e-08
41050.04800076804 1.2863186688468115e-07
41100.04800076804 6.768760230324938e-08
41150.04800076804 5.8219235796305466e-08
41200.04800076804 1.3618942949133377e-07
41250.04800076804 1.0062177320220459e-07
41300.04800076804 9.186613274041164e-08
41350.04800076804 1.4099705931815453e-07
41400.04800076804 1.098702638704228e-07
41450.04800076804 1.3022460631229995e-07
41500.04800076804 9.107481852726773e-08
41550.04800076804 8.654151129610854e-08
41600.04800076804 1.2526490977523737e-07
41650.04800076804 1.2275611752724568e-07
41700.04800076804 1.1234930753469959e-07
41750.04800076804 1.0221237031180673e-07
41800.04800076804 1.3922916730284774e-07
41850.04800076804 9.112648827026095e-08
41900.04800076804 9.611856191940761e-08
41950.04800076804 1.081389783186846e-07
42000.04800076804 1.3350083270752503e-07
42050.04800076804 1.201634470405525e-07
42100.04800076804 1.4418040087285084e-07
42150.04800076804 1.1102074881935504e-07
42200.04800076804 1.2954943003740533e-07
42250.04800076804 1.0005439171408725e-07
42300.04800076804 1.0854428552646425e-07
42350.04800076804 1.2916570530536562e-07
42400.04800076804 1.1411277410786565e-07
42450.04800076804 1.2720831477597756e-07
42500.04800076804 1.1375355005573196e-07
42550.04800076804 1.1275200052558364e-07
42600.04800076804 1.0792196929498236e-07
42650.04800076804 1.7963566279609847e-07
42700.04800076804 9.546335322080457e-08
42750.04800076804 1.0812724520493389e-07
42800.04800076804 1.0115942334579542e-07
42850.04800076804 1.2740265716210905e-07
42900.04800076804 1.4408441331489005e-07
42950.04800076804 1.1160851020729136e-07
43000.04800076804 1.5502027948343341e-07
43050.04800076804 7.312931614266286e-08
43100.04800076804 9.926343817726113e-08
43150.04800076804 1.2326110959963046e-07
43200.04800076804 1.479787651056004e-07
43250.04800076804 1.7212253629968849e-07
43300.04800076804 1.842859440336772e-07
43350.04800076804 1.0668226998722037e-07
43400.04800076804 1.3915663372991214e-07
43450.04800076804 8.602691009576802e-08
43500.04800076804 9.166803694184636e-08
43550.04800076804 1.0829297160864173e-07
43600.04800076804 1.4847777961726637e-07
