galfind/configs/Brown_Dwarf_templates/sonora_cholla/logkzz4/31g/650K_31g_logkzz4_resample.dat
# %ECSV 1.0
# ---
# datatype:
# - {name: wav, unit: Angstrom, datatype: float64}
# - {name: flux_nu, unit: erg / (cm2 Hz s), datatype: float64}
# schema: astropy-2.0
wav flux_nu
[from data line 418]
23900.04800076804 4.744206476313545e-10
23950.04800076804 4.44966208006006e-10
24000.04800076804 6.341104515232696e-10
24050.04800076804 9.504516091809836e-10
24100.04800076804 7.539140720251267e-10
24150.04800076804 9.476255973701037e-10
24200.04800076804 7.68102520520919e-10
24250.04800076804 4.748783178610328e-10
24300.04800076804 9.550898170473888e-10
24350.04800076804 7.201796531530288e-10
24400.04800076804 1.3441588962098118e-09
24450.04800076804 1.3875855541882003e-09
24500.04800076804 1.4946762119539656e-09
24550.04800076804 1.994761671357828e-09
24600.04800076804 2.5064223586659954e-09
24650.04800076804 2.6543372406106697e-09
24700.04800076804 2.17256604160049e-09
24750.04800076804 2.1603543478230323e-09
24800.04800076804 2.3596859416716227e-09
24850.04800076804 3.4388951113044474e-09
24900.04800076804 1.8027669620972123e-09
24950.04800076804 2.9826184809374947e-09
25000.04800076804 3.5937601964810896e-09
25050.04800076804 2.235709175339965e-09
25100.04800076804 2.876852078868063e-09
25150.04800076804 1.5227712476560916e-09
25200.04800076804 2.434358661128439e-09
25250.04800076804 1.087314379826207e-09
25300.04800076804 1.884043072805302e-09
25350.04800076804 7.447895433603799e-10
25400.04800076804 1.83938818759304e-09
25450.04800076804 8.620837499896838e-10
25500.04800076804 7.170745587918072e-10
25550.04800076804 1.3438376580449203e-09
25600.04800076804 3.096447025540421e-10
25650.04800076804 4.009143183944817e-10
25700.04800076804 6.283187303085774e-10
25750.04800076804 2.566126024081205e-10
25800.04800076804 9.362718535409229e-10
25850.04800076804 2.2236376693760802e-10
25900.04800076804 3.565385292651689e-10
25950.04800076804 1.3005173140188826e-10
26000.04800076804 8.09626416275982e-10
26050.04800076804 1.974833336186286e-10
26100.04800076804 7.192361395153653e-10
26150.04800076804 4.1121172284970605e-10
26200.04800076804 4.535633792929494e-10
26250.04800076804 1.8127224755620985e-09
26300.04800076804 6.494012991302162e-10
26350.04800076804 2.175102004007572e-09
26400.04800076804 2.9928379874496666e-09
26450.04800076804 2.8161870016209355e-09
26500.04800076804 3.381736775729416e-09
26550.04800076804 1.178710069269327e-09
26600.04800076804 1.1500860155321994e-09
26650.04800076804 3.3183230310994044e-10
26700.04800076804 1.2162847826912439e-10
26750.04800076804 2.1717207255170857e-10
26800.04800076804 4.217821290807693e-10
26850.04800076804 2.6572380469202735e-10
26900.04800076804 1.064433177839296e-09
26950.04800076804 3.7887859678551085e-10
27000.04800076804 1.4611222598625868e-09
27050.04800076804 1.4558801816962537e-09
27100.04800076804 5.071946494334033e-10
27150.04800076804 2.042742109152844e-09
27200.04800076804 4.1009874778580565e-10
27250.04800076804 1.0220381864741217e-09
27300.04800076804 5.630091082732706e-09
27350.04800076804 2.3352095003404598e-09
27400.04800076804 1.9348055911319572e-10
27450.04800076804 3.2509023338946962e-09
27500.04800076804 3.987388273367034e-09
27550.04800076804 8.539821339599696e-10
27600.04800076804 2.1729230293152806e-09
27650.04800076804 6.366983781285461e-10
27700.04800076804 4.716338332154944e-10
27750.04800076804 2.5362284544977267e-09
27800.04800076804 9.092232975622993e-10
27850.04800076804 1.2051732484658596e-09
27900.04800076804 1.6007855202240124e-09
27950.04800076804 3.1355574215480255e-09
28000.04800076804 2.7538079806755304e-09
28050.04800076804 6.393766439743115e-10
28100.04800076804 4.307983187467592e-09
28150.04800076804 2.5110427282931674e-09
28200.04800076804 6.27854563083206e-10
28250.04800076804 4.594307077153646e-09
28300.04800076804 7.116085100771469e-09
28350.04800076804 1.1209678400510116e-09
28400.04800076804 3.7678300511289094e-09
28450.04800076804 6.50424524359415e-09
28500.04800076804 3.6078280217964136e-09
28550.04800076804 8.486107207069227e-10
28600.04800076804 5.156029541684583e-09
28650.04800076804 5.5459867878998635e-09
28700.04800076804 4.572775188372577e-09
28750.04800076804 8.685769692673536e-09
28800.04800076804 6.722037809845716e-09
28850.04800076804 8.85930203440468e-09
28900.04800076804 3.6244714080974013e-09
28950.04800076804 1.1655635883422903e-08
29000.04800076804 6.38918738129051e-09
29050.04800076804 7.858870429777317e-09
29100.04800076804 5.00730641269696e-09
29150.04800076804 1.2266137294852782e-08
29200.04800076804 7.674898273097383e-09
29250.04800076804 1.0936138076657548e-08
29300.04800076804 6.671559472357722e-09
29350.04800076804 2.7410969601114838e-08
29400.04800076804 8.325074509654623e-09
29450.04800076804 1.022875660608554e-08
29500.04800076804 1.4396468269817669e-08
29550.04800076804 9.195064248336444e-09
29600.04800076804 1.5689610821932964e-08
29650.04800076804 1.6984529651713825e-08
29700.04800076804 8.601645781741413e-09
29750.04800076804 1.3088186446302392e-08
29800.04800076804 1.6290469188621058e-08
29850.04800076804 2.064303550648902e-08
29900.04800076804 2.0374590086936408e-08
29950.04800076804 1.4594220221013311e-08
30000.04800076804 9.229402126973994e-09
30050.04800076804 1.0489493750852666e-08
30100.04800076804 1.592687420213276e-08
30150.04800076804 1.9096051736235496e-08
30200.04800076804 1.2881580264508037e-08
30250.04800076804 2.4320234455460843e-08
30300.04800076804 2.1261407163938302e-08
30350.04800076804 1.531656567002065e-08
30400.04800076804 2.1059382837395614e-08
30450.04800076804 1.598437909635163e-08
30500.04800076804 1.4060705120705988e-08
30550.04800076804 1.218437707273005e-08
30600.04800076804 1.9691437427444153e-08
30650.04800076804 1.5659263356274048e-08
30700.04800076804 1.2183853958121409e-08
30750.04800076804 1.3334960731774878e-08
30800.04800076804 1.0776351519600294e-08
30850.04800076804 1.2622092538588465e-08
30900.04800076804 1.0924719801134634e-08
30950.04800076804 6.908852852640026e-09
31000.04800076804 9.239750611921046e-09
31050.04800076804 8.159947536168373e-09
31100.04800076804 5.118684742327506e-09
31150.04800076804 6.902245304908539e-09
31200.04800076804 7.63760284596395e-09
31250.04800076804 5.161681218118089e-09
31300.04800076804 4.161890838948628e-09
31350.04800076804 5.303909584777202e-09
31400.04800076804 2.55899625093457e-09
31450.04800076804 5.177657090271802e-09
31500.04800076804 2.418136684814102e-09
31550.04800076804 3.5066128629013638e-09
31600.04800076804 1.9501390188343295e-09
31650.04800076804 2.1594450509421e-09
31700.04800076804 2.5455860951028795e-09
31750.04800076804 1.0801593194306011e-09
31800.04800076804 2.518667219530829e-09
31850.04800076804 1.1238294467742804e-09
31900.04800076804 1.7215370428655001e-09
31950.04800076804 1.1788767308854047e-09
32000.04800076804 1.314435611675367e-09
32050.04800076804 8.186880457124544e-10
32100.04800076804 7.760595063755845e-10
32150.04800076804 1.1194722802372702e-09
32200.04800076804 6.501351341055287e-10
32250.04800076804 1.8030381748813164e-09
32300.04800076804 4.909283129151579e-10
32350.04800076804 1.717988648785086e-09
32400.04800076804 6.248446108870945e-10
32450.04800076804 1.0838469290384883e-09
32500.04800076804 7.398261490043356e-10
32550.04800076804 1.2364471320650205e-09
32600.04800076804 8.924379992412459e-10
32650.04800076804 2.162894079386813e-09
32700.04800076804 1.3131181089520831e-09
32750.04800076804 2.909260537476306e-09
32800.04800076804 1.6116498704960062e-09
32850.04800076804 3.974439911751732e-09
32900.04800076804 3.391858616023835e-09
32950.04800076804 4.518933273451437e-09
33000.04800076804 2.6505298053619625e-09
33050.04800076804 3.0600142141025135e-09
33100.04800076804 9.832433388539648e-10
33150.04800076804 1.3363825203609594e-11
33200.04800076804 5.96421627426509e-11
33250.04800076804 4.638393483988488e-11
33300.04800076804 1.0584721470243452e-10
33350.04800076804 3.795029609529042e-10
33400.04800076804 8.751882859752314e-10
33450.04800076804 8.954564173210287e-10
33500.04800076804 2.0162420857257188e-09
33550.04800076804 1.3472274503987918e-09
33600.04800076804 2.0925763494958958e-09
33650.04800076804 1.5877640823979245e-09
33700.04800076804 1.2918352902876906e-09
33750.04800076804 2.5114171711413848e-09
33800.04800076804 8.787609982966667e-10
33850.04800076804 1.731486336495108e-09
33900.04800076804 1.8591001360217873e-09
33950.04800076804 1.7554800075512431e-09
34000.04800076804 2.8743812785958453e-09
34050.04800076804 7.482172295862552e-10
34100.04800076804 2.4681176938710864e-09
34150.04800076804 1.457795468793421e-09
34200.04800076804 2.264847416258835e-09
34250.04800076804 1.5849476032941778e-09
34300.04800076804 1.518439736512405e-09
34350.04800076804 2.543495371233164e-09
34400.04800076804 1.564757606986709e-09
34450.04800076804 2.9922930908996467e-09
34500.04800076804 1.3501359045716506e-09
34550.04800076804 1.1767903613142326e-09
34600.04800076804 3.531460951796605e-09
34650.04800076804 1.1929186231511283e-09
34700.04800076804 1.7927415315673304e-09
34750.04800076804 1.3792749925272697e-09
34800.04800076804 1.5226333928490817e-09
34850.04800076804 2.5895600238448666e-09
34900.04800076804 2.2702886484505054e-09
34950.04800076804 1.9213706810836828e-09
35000.04800076804 3.992093479254693e-09
35050.04800076804 2.60004506105181e-09
35100.04800076804 4.2512921303506306e-09
35150.04800076804 3.5352197765008035e-09
35200.04800076804 5.268938299110576e-09
35250.04800076804 5.0029655028318015e-09
35300.04800076804 3.5115568607507755e-09
35350.04800076804 5.410400169424626e-09
35400.04800076804 4.619506180632571e-09
35450.04800076804 3.999926668109331e-09
35500.04800076804 1.0290019210610237e-08
35550.04800076804 5.9585576823522715e-09
35600.04800076804 7.3741398026541375e-09
35650.04800076804 7.331462501969234e-09
35700.04800076804 5.015675801504255e-09
35750.04800076804 1.156757852859303e-08
35800.04800076804 7.122447235116969e-09
35850.04800076804 4.39814426003184e-09
35900.04800076804 7.950552360227226e-09
35950.04800076804 6.660543125586778e-09
36000.04800076804 2.9493834739414953e-09
36050.04800076804 6.493013682564644e-09
36100.04800076804 6.017195270731466e-09
36150.04800076804 7.671018144672222e-09
36200.04800076804 6.710525984169832e-09
36250.04800076804 8.694074683051942e-09
36300.04800076804 9.260954834232345e-09
36350.04800076804 8.031124712433407e-09
36400.04800076804 1.3547213447354455e-08
36450.04800076804 1.1672931272887385e-08
36500.04800076804 1.3870109142103628e-08
36550.04800076804 1.4767547384373809e-08
36600.04800076804 1.731645090250735e-08
36650.04800076804 1.7799296697842087e-08
36700.04800076804 2.2564445640182362e-08
36750.04800076804 2.2796422422727006e-08
36800.04800076804 1.843715628685116e-08
36850.04800076804 1.4486244284128886e-08
36900.04800076804 1.9133579307054158e-08
36950.04800076804 1.9596981278602858e-08
37000.04800076804 1.8587440279172885e-08
37050.04800076804 2.307937897364295e-08
37100.04800076804 2.448963592245153e-08
37150.04800076804 2.361869967635507e-08
37200.04800076804 1.782493320015404e-08
37250.04800076804 1.7300685198036693e-08
37300.04800076804 1.6955016904287736e-08
37350.04800076804 2.5631927086499574e-08
37400.04800076804 2.586171095541419e-08
37450.04800076804 2.209233911953457e-08
37500.04800076804 2.0147601286247176e-08
37550.04800076804 3.1937476453838456e-08
37600.04800076804 4.027669212121058e-08
37650.04800076804 2.5923385154956055e-08
37700.04800076804 3.05055344096528e-08
37750.04800076804 1.9972308816037068e-08
37800.04800076804 2.3565687068591726e-08
37850.04800076804 1.9275918061821054e-08
37900.04800076804 2.4281823712670948e-08
37950.04800076804 3.063627007726234e-08
38000.04800076804 3.915487717449338e-08
38050.04800076804 3.8716031845260856e-08
38100.04800076804 3.876375662003381e-08
38150.04800076804 4.477108530247057e-08
38200.04800076804 4.40399999176166e-08
38250.04800076804 4.574239073843742e-08
38300.04800076804 6.952764736575445e-08
38350.04800076804 6.214761813512065e-08
38400.04800076804 3.4071055676570686e-08
38450.04800076804 3.220003995409732e-08
38500.04800076804 1.701027218786988e-08
38550.04800076804 2.788081682387446e-08
38600.04800076804 3.625669406110512e-08
38650.04800076804 5.3368993899791083e-08
38700.04800076804 4.1137441332070226e-08
38750.04800076804 4.52234728414675e-08
38800.04800076804 3.514933267610424e-08
38850.04800076804 5.913442147243219e-08
38900.04800076804 5.837330066359637e-08
38950.04800076804 4.454511738466948e-08
39000.04800076804 6.910463639529288e-08
39050.04800076804 4.9632418873211094e-08
39100.04800076804 6.754151446213617e-08
39150.04800076804 5.52725574894449e-08
39200.04800076804 4.48539275062308e-08
39250.04800076804 6.411872511103966e-08
39300.04800076804 6.28082852454509e-08
39350.04800076804 9.658542576719477e-08
39400.04800076804 7.018181699353203e-08
39450.04800076804 7.497031151728184e-08
39500.04800076804 6.950530639166e-08
39550.04800076804 6.245931781538146e-08
39600.04800076804 8.307216053754675e-08
39650.04800076804 1.0248580913658311e-07
39700.04800076804 6.684586894331002e-08
39750.04800076804 4.877230156769364e-08
39800.04800076804 6.264048222445615e-08
39850.04800076804 8.587163723153603e-08
39900.04800076804 9.283407419575944e-08
39950.04800076804 8.52894918237831e-08
40000.04800076804 1.0833934946453698e-07
40050.04800076804 9.129489672670018e-08
40100.04800076804 5.553749024496711e-08
40150.04800076804 1.1384950880294681e-07
40200.04800076804 1.1078363403839132e-07
40250.04800076804 9.812562336877408e-08
40300.04800076804 1.2100166827177642e-07
40350.04800076804 7.673704240842042e-08
40400.04800076804 1.08190694527487e-07
40450.04800076804 9.07665962164899e-08
40500.04800076804 1.3344884652809692e-07
40550.04800076804 1.1777015041772538e-07
40600.04800076804 1.1073905987585564e-07
40650.04800076804 1.115864604812015e-07
40700.04800076804 1.6319388080307544e-07
40750.04800076804 1.4473034516927748e-07
40800.04800076804 9.893439539534704e-08
40850.04800076804 1.6717438203304031e-07
40900.04800076804 1.2583429083920896e-07
40950.04800076804 1.0909475721238013e-07
41000.04800076804 1.3691060775359958e-07
41050.04800076804 1.7099380157193538e-07
41100.04800076804 9.339753327112004e-08
41150.04800076804 8.638114259361081e-08
41200.04800076804 1.8152230357417927e-07
41250.04800076804 1.3985013390305613e-07
41300.04800076804 1.2370052407858864e-07
41350.04800076804 1.8613009033117018e-07
41400.04800076804 1.5044099141904476e-07
41450.04800076804 1.7354982215303435e-07
41500.04800076804 1.2515830302297834e-07
41550.04800076804 1.2167222676126218e-07
41600.04800076804 1.726850979661948e-07
41650.04800076804 1.606715269155534e-07
41700.04800076804 1.4852730114151165e-07
41750.04800076804 1.358117129131474e-07
41800.04800076804 1.8466422227909455e-07
41850.04800076804 1.1911476199771354e-07
41900.04800076804 1.3351592118990658e-07
41950.04800076804 1.445290135616632e-07
42000.04800076804 1.7615761444246077e-07
42050.04800076804 1.593607480470095e-07
42100.04800076804 1.8639756103637667e-07
42150.04800076804 1.4392175249558499e-07
42200.04800076804 1.693393088626895e-07
42250.04800076804 1.3557165144329847e-07
42300.04800076804 1.4703830238147008e-07
42350.04800076804 1.6820083816621484e-07
42400.04800076804 1.397243071950497e-07
42450.04800076804 1.5576163742892848e-07
42500.04800076804 1.4528648228244406e-07
42550.04800076804 1.4263147585345293e-07
42600.04800076804 1.397058048075063e-07
42650.04800076804 2.2390238238715803e-07
42700.04800076804 1.288653781791047e-07
42750.04800076804 1.3964440439250836e-07
42800.04800076804 1.2412626799630953e-07
42850.04800076804 1.598592405717876e-07
42900.04800076804 1.7940251852779105e-07
42950.04800076804 1.3942274254645844e-07
43000.04800076804 1.9593116566576747e-07
43050.04800076804 9.790035792603316e-08
43100.04800076804 1.3030925146704657e-07
43150.04800076804 1.626323816643877e-07
43200.04800076804 1.866194871891618e-07
43250.04800076804 2.0810031974187596e-07
43300.04800076804 2.3145314260214086e-07
43350.04800076804 1.3767148422592928e-07
43400.04800076804 1.7817630359127866e-07
43450.04800076804 1.1255696414635577e-07
43500.04800076804 1.1740037620123477e-07
43550.04800076804 1.3749246226448996e-07
43600.04800076804 1.8798659370205167e-07
