galfind/configs/Brown_Dwarf_templates/sonora_cholla/logkzz4/31g/650K_31g_logkzz4_resample.dat
# %ECSV 1.0
# ---
# datatype:
# - {name: wav, unit: Angstrom, datatype: float64}
# - {name: flux_nu, unit: erg / (cm2 Hz s), datatype: float64}
# schema: astropy-2.0
wav flux_nu
[from data line 814]
43700.04800076804 2.0858069192159633e-07
43750.04800076804 2.1113765812819243e-07
43800.04800076804 1.471510436688053e-07
43850.04800076804 1.7031447484982177e-07
43900.04800076804 1.3016069435219998e-07
43950.04800076804 1.0546383011162096e-07
44000.04800076804 8.039641085038216e-08
44050.04800076804 1.578792949656852e-07
44100.04800076804 1.7124578712001741e-07
44150.04800076804 1.6812597476718174e-07
44200.04800076804 1.3899267978857376e-07
44250.04800076804 1.0893926607979841e-07
44300.04800076804 1.0188559950974438e-07
44350.04800076804 9.061426378674922e-08
44400.04800076804 9.210469465841044e-08
44450.04800076804 1.017518781573433e-07
44500.04800076804 8.370614897791062e-08
44550.04800076804 1.0472618704425584e-07
44600.04800076804 7.740046862709722e-08
44650.04800076804 9.024161207782498e-08
44700.04800076804 7.30824232979234e-08
44750.04800076804 8.19368496355805e-08
44800.04800076804 6.626331004839622e-08
44850.04800076804 6.850763225387066e-08
44900.04800076804 4.8514344734864514e-08
44950.04800076804 4.6438178146892334e-08
45000.04800076804 5.0066956527712e-08
45050.04800076804 5.2076035893151215e-08
45100.04800076804 4.7019425763315604e-08
45150.04800076804 4.111848664166948e-08
45200.04800076804 2.575602773784015e-08
45250.04800076804 3.0088079268889716e-08
45300.04800076804 3.648355613855579e-08
45350.04800076804 3.477141908386632e-08
45400.04800076804 2.380620675825324e-08
45450.04800076804 2.3378682237597117e-08
45500.04800076804 2.5185510701369417e-08
45550.04800076804 3.018946991314579e-08
45600.04800076804 2.138399143217079e-08
45650.04800076804 2.1151286262967057e-08
45700.04800076804 2.774355138686067e-08
45750.04800076804 2.3101168299088e-08
45800.04800076804 1.7100501605916577e-08
45850.04800076804 3.0999270060738164e-08
45900.04800076804 3.0867535389640075e-08
45950.04800076804 1.681023113588838e-08
46000.04800076804 2.754219914118745e-08
46050.04800076804 3.131570990182415e-08
46100.04800076804 1.728233822071974e-08
46150.04800076804 3.207310384567618e-08
46200.04800076804 2.971044928700947e-08
46250.04800076804 1.1902954299388665e-08
46300.04800076804 3.660961123405594e-08
46350.04800076804 2.5699730757132684e-08
46400.04800076804 3.0992916035857067e-08
46450.04800076804 4.9314014391557654e-08
46500.04800076804 2.937093822190872e-08
46550.04800076804 4.707728718566692e-08
46600.04800076804 4.923712340424874e-08
46650.04800076804 1.0516626795262624e-07
46700.04800076804 6.534240680344938e-08
46750.04800076804 4.4270427893101586e-08
46800.04800076804 2.7097022779023237e-08
46850.04800076804 5.164709529887576e-08
46900.04800076804 4.115219546420404e-08
46950.04800076804 6.177211381006167e-08
47000.04800076804 2.5564025509319936e-08
47050.04800076804 6.20676243405028e-08
47100.04800076804 2.007370514498001e-08
47150.04800076804 3.0755655145734997e-08
47200.04800076804 4.0332430340198096e-08
47250.04800076804 2.3005053316764607e-08
47300.04800076804 2.9747159360777186e-08
47350.04800076804 2.02570846315205e-08
47400.04800076804 4.9351343347062634e-08
47450.04800076804 1.876748339993797e-08
47500.04800076804 5.757834352207718e-08
47550.04800076804 2.1819656953602506e-08
47600.04800076804 5.26987768480099e-08
47650.04800076804 2.378769538410184e-08
47700.04800076804 5.07015670584931e-08
47750.04800076804 1.8373645314792088e-08
47800.04800076804 4.273276294969087e-08
47850.04800076804 2.1245432324494813e-08
47900.04800076804 3.5777602175062166e-08
47950.04800076804 2.8724314186800905e-08
48000.04800076804 6.721938516302301e-08
48050.04800076804 3.859853215612979e-08
48100.04800076804 5.0601490404184464e-08
48150.04800076804 3.9209021641780275e-08
48200.04800076804 6.042517549116479e-08
48250.04800076804 4.0791153835589383e-08
48300.04800076804 8.521424407507112e-08
48350.04800076804 3.707538984623923e-08
48400.04800076804 3.995557590651782e-08
48450.04800076804 3.7149015241239674e-08
48500.04800076804 7.691247685084019e-08
48550.04800076804 3.217843007731793e-08
48600.04800076804 6.856557149061337e-08
48650.04800076804 3.96547711075641e-08
48700.04800076804 7.930270927834434e-08
48750.04800076804 4.5658656118598154e-08
48800.04800076804 7.855152342382332e-08
48850.04800076804 5.7808234182836104e-08
48900.04800076804 7.88356418685972e-08
48950.04800076804 6.924490205374433e-08
49000.04800076804 4.9345967110670205e-08
49050.04800076804 8.180517199524337e-08
49100.04800076804 5.3733249008302305e-08
49150.04800076804 1.011372713998458e-07
49200.04800076804 6.49065955454853e-08
49250.04800076804 1.0995028120770794e-07
49300.04800076804 7.014702222343992e-08
49350.04800076804 5.697743167759026e-08
49400.04800076804 7.396692498656871e-08
49450.04800076804 8.192476027532291e-08
49500.04800076804 6.631766535229319e-08
49550.04800076804 2.5755249930203987e-08
49600.04800076804 6.844314987078727e-08
49650.04800076804 7.213831605399504e-08
49700.04800076804 6.609068866024185e-08
49750.04800076804 1.1222165514598343e-07
49800.04800076804 5.906343313886206e-08
49850.04800076804 1.404405161246325e-07
49900.04800076804 1.0068435925443416e-07
49950.04800076804 1.126904608284628e-07
50000.04800076804 1.0914483176772259e-07
50050.04800076804 1.1746441983156039e-07
50100.04800076804 1.1803525606985962e-07
50150.04800076804 4.726475436336075e-08
50200.04800076804 2.0453310759983756e-08
50250.04800076804 8.320713464199268e-08
50300.04800076804 6.004174083721791e-08
50350.04800076804 1.0141638794801901e-07
50400.04800076804 1.0329069359397478e-07
50450.04800076804 9.491433510485886e-08
50500.04800076804 1.2410713339159667e-07
50550.04800076804 1.0490100863369798e-07
50600.04800076804 1.0980381298223394e-07
50650.04800076804 1.1356881749255289e-07
50700.04800076804 1.5042616329376255e-07
50750.04800076804 1.2537653589045252e-07
50800.04800076804 4.689236362803477e-08
50850.04800076804 3.578556789275151e-08
50900.04800076804 1.1641324962397955e-07
50950.04800076804 1.1987463774028108e-07
51000.04800076804 8.719915441003e-08
51050.04800076804 1.0539076635858533e-07
51100.04800076804 3.949472537479626e-08
51150.04800076804 6.777920092234463e-08
51200.04800076804 1.4364960611536472e-07
51250.04800076804 1.0879085916242758e-07
51300.04800076804 7.190797286541742e-08
51350.04800076804 9.015883231165305e-08
51400.04800076804 4.237673843893775e-08
51450.04800076804 3.552203237787918e-08
51500.04800076804 3.197871491037343e-08
51550.04800076804 8.597956004232682e-08
51600.04800076804 6.454294192912711e-08
51650.04800076804 9.78023460897372e-08
51700.04800076804 9.315655766837906e-08
51750.04800076804 6.141751093983708e-08
51800.04800076804 1.2872687890161458e-07
51850.04800076804 1.0096097638231808e-07
51900.04800076804 1.2815450410366436e-07
51950.04800076804 8.499322514104534e-08
52000.04800076804 1.4842217127644774e-08
52050.04800076804 4.988233271039407e-08
52100.04800076804 3.8122223973237684e-08
52150.04800076804 2.3588048733509953e-08
52200.04800076804 3.5898910684829804e-08
52250.04800076804 6.400706959681037e-08
52300.04800076804 1.0564127457956992e-07
52350.04800076804 4.677320895975129e-08
52400.04800076804 3.994589898100296e-08
52450.04800076804 1.0254077836221043e-07
52500.04800076804 9.13320752207788e-08
52550.04800076804 9.04886593182556e-08
52600.04800076804 6.463278318179705e-08
52650.04800076804 6.87009523964203e-08
52700.04800076804 6.261148045236005e-08
52750.04800076804 3.696059816661602e-08
52800.04800076804 4.418798783855333e-08
52850.04800076804 5.839310529002202e-08
52900.04800076804 3.193363930271695e-08
52950.04800076804 3.592574930144128e-08
53000.04800076804 9.851484197001539e-08
53050.04800076804 2.8633512031214888e-08
53100.04800076804 9.374869643294004e-08
53150.04800076804 1.1364344513928636e-07
53200.04800076804 4.727850425313541e-08
53250.04800076804 1.0846405404995023e-07
53300.04800076804 1.0716998324640326e-07
53350.04800076804 1.024218410687748e-07
53400.04800076804 8.672309282304745e-08
53450.04800076804 2.4379754404387272e-08
53500.04800076804 9.484175376087402e-09
53550.04800076804 2.098637371069199e-08
53600.04800076804 5.279391799363163e-08
53650.04800076804 5.414071016620059e-08
53700.04800076804 4.2782812493609733e-08
53750.04800076804 4.2633736395930945e-08
53800.04800076804 3.999580291487984e-08
53850.04800076804 5.833557200127462e-08
53900.04800076804 7.296052858065179e-08
53950.04800076804 8.876753529583567e-08
54000.04800076804 5.410450064189523e-08
54050.04800076804 6.197122697305402e-08
54100.04800076804 1.753807513930468e-08
54150.04800076804 2.845095381841904e-08
54200.04800076804 6.6531065863293375e-09
54250.04800076804 1.3492019098763595e-08
54300.04800076804 3.654641073283274e-08
54350.04800076804 4.8519848556862546e-08
54400.04800076804 4.7678364788280024e-08
54450.04800076804 3.8464586937622024e-08
54500.04800076804 3.225647918924533e-08
54550.04800076804 3.054438618368716e-08
54600.04800076804 3.533243184109467e-08
54650.04800076804 8.133944138036966e-09
54700.04800076804 3.998085753799235e-08
54750.04800076804 3.921585187963589e-08
54800.04800076804 2.2448212792179955e-08
54850.04800076804 3.551980348478309e-08
54900.04800076804 5.331293461548069e-08
54950.04800076804 7.769089673230295e-08
55000.04800076804 2.1684355840615582e-08
55050.04800076804 4.513697988921186e-08
55100.04800076804 4.654448224171801e-08
55150.04800076804 2.4747520441233425e-08
55200.04800076804 2.3158640049639443e-08
55250.04800076804 3.4800894554363305e-08
55300.04800076804 2.1428120337501185e-08
55350.04800076804 4.8911715313800686e-08
55400.04800076804 5.8258093988646835e-08
55450.04800076804 3.095022040466698e-08
55500.04800076804 1.227398976049535e-08
55550.04800076804 1.4860702294356206e-08
55600.04800076804 2.1285771545001227e-08
55650.04800076804 2.033974152638047e-08
55700.04800076804 2.2429016198518573e-08
55750.04800076804 2.1582832993901143e-08
55800.04800076804 1.029225028049694e-08
55850.04800076804 1.3821229944104426e-08
55900.04800076804 3.716568900492404e-08
55950.04800076804 5.119967579474457e-08
56000.04800076804 1.6984155787865388e-08
56050.04800076804 2.5206218196851232e-08
56100.04800076804 3.789250926385895e-08
56150.04800076804 1.7679817692808836e-08
56200.04800076804 2.5693876681615524e-08
56250.04800076804 3.815662010281413e-08
56300.04800076804 2.872889568761454e-08
56350.04800076804 2.2174494986082275e-08
56400.04800076804 8.083578752700942e-09
56450.04800076804 7.667643824118779e-09
56500.04800076804 1.606063341178206e-08
56550.04800076804 8.800330956386218e-09
56600.04800076804 3.255262015335674e-08
56650.04800076804 3.51919547620087e-08
56700.04800076804 2.9619456791871136e-08
56750.04800076804 9.166295588422018e-09
56800.04800076804 2.9815169328713803e-08
56850.04800076804 2.8310441480038223e-08
56900.04800076804 1.3403371546177305e-08
56950.04800076804 3.2501659716001804e-08
57000.04800076804 4.131468726879314e-08
57050.04800076804 1.7985320363371293e-08
57100.04800076804 6.098433223139244e-09
57150.04800076804 1.0565402823786373e-08
57200.04800076804 9.258694295735942e-09
57250.04800076804 1.245924312214389e-08
57300.04800076804 2.3982477706124354e-08
57350.04800076804 1.0205526342399124e-08
57400.04800076804 2.53826794411183e-08
57450.04800076804 1.5076981960647882e-08
57500.04800076804 1.6363366605406555e-08
57550.04800076804 2.4357776899627106e-08
57600.04800076804 2.300018494494627e-08
57650.04800076804 4.476514935820306e-09
57700.04800076804 8.019692266177526e-09
57750.04800076804 1.5756451893168685e-08
57800.04800076804 6.146457948286205e-09
57850.04800076804 4.967006745982827e-08
57900.04800076804 5.425335797192339e-08
57950.04800076804 5.27258305814047e-08
58000.04800076804 1.6424971656954337e-08
58050.04800076804 2.9644685225720106e-08
58100.04800076804 2.991187842213263e-08
58150.04800076804 1.7509601052706494e-08
58200.04800076804 4.630269177939168e-09
58250.04800076804 7.919104857782146e-09
58300.04800076804 7.750175726330199e-09
58350.04800076804 1.1558759051255445e-08
58400.04800076804 2.565005539299837e-08
58450.04800076804 2.7173652993805672e-08
58500.04800076804 2.4789466898893235e-08
58550.04800076804 2.369718241492844e-08
58600.04800076804 8.997747996993218e-09
58650.04800076804 1.193567586387575e-08
58700.04800076804 1.7728865172932645e-08
58750.04800076804 1.392098419882677e-08
58800.04800076804 2.502800624765227e-09
58850.04800076804 1.1148093965429626e-08
58900.04800076804 1.6862522345503922e-08
58950.04800076804 6.610544696292923e-09
59000.04800076804 1.7463121126221873e-08
59050.04800076804 2.6189054968177745e-08
59100.04800076804 2.4267177464142333e-08
59150.04800076804 1.7457417250341067e-08
59200.04800076804 2.2251099275241742e-08
59250.04800076804 2.3970958275383322e-08
59300.04800076804 1.7890426382312192e-08
59350.04800076804 3.786281762671078e-09
59400.04800076804 3.7339817643237355e-09
59450.04800076804 1.9197911539345363e-08
59500.04800076804 9.595600501831196e-09
59550.04800076804 2.1658442761484138e-08
59600.04800076804 2.7259172048444204e-08
59650.04800076804 1.420058207493668e-08
59700.04800076804 9.208373448787857e-09
59750.04800076804 2.9825502657891375e-08
59800.04800076804 1.4066104434336124e-08
59850.04800076804 2.0404836808598348e-08
59900.04800076804 6.629483463651744e-09
59950.04800076804 1.4710676986100757e-08
60000.04800076804 3.893367790460376e-08
60050.04800076804 3.348585196515976e-08
60100.04800076804 2.948933946209397e-08
60150.04800076804 1.3324320469110749e-08
60200.04800076804 2.703680783383965e-08
60250.04800076804 3.7245717612237255e-08
60300.04800076804 3.4973868010365913e-08
60350.04800076804 2.2284048677598745e-08
60400.04800076804 2.266568036747963e-08
60450.04800076804 5.660950713849997e-09
60500.04800076804 2.083634367418572e-09
60550.04800076804 1.9553221555161448e-08
60600.04800076804 2.656099288068951e-08
60650.04800076804 1.6150709591527153e-08
60700.04800076804 1.0445987202501719e-08
60750.04800076804 5.874145139706985e-09
60800.04800076804 2.456300272025128e-08
60850.04800076804 5.014907315338797e-08
60900.04800076804 4.70206348527045e-08
60950.04800076804 3.7267022866220506e-08
61000.04800076804 2.9404980204910506e-08
61050.04800076804 1.1685771710739805e-08
61100.04800076804 1.5029758350523418e-08
61150.04800076804 4.58849049688299e-09
61200.04800076804 2.5986544966855846e-08
61250.04800076804 3.9749198061667715e-08
61300.04800076804 3.756276370843037e-08
61350.04800076804 5.2651395802685965e-08
61400.04800076804 2.0851760711315482e-08
61450.04800076804 6.6950496448291425e-09
61500.04800076804 1.3466267762399644e-08
61550.04800076804 1.998450287980232e-08
61600.04800076804 8.300003655069871e-09
61650.04800076804 2.127741381693083e-08
61700.04800076804 2.0346438989120752e-08
61750.04800076804 2.2495552521790174e-08
61800.04800076804 2.1933604381971727e-08
61850.04800076804 7.091530337913793e-09
61900.04800076804 3.25748568157153e-08
61950.04800076804 2.902997967165699e-08
62000.04800076804 4.5731362942647334e-08
62050.04800076804 3.7120054545335774e-08
62100.04800076804 2.969228410034783e-08
62150.04800076804 4.543236262602448e-08
62200.04800076804 3.798890287186394e-08
62250.04800076804 3.3693185725181394e-08
62300.04800076804 6.734739653574685e-08
62350.04800076804 4.7825131417728636e-08
62400.04800076804 1.700447567176469e-08
62450.04800076804 3.2047477493280124e-08
62500.04800076804 6.28719881959839e-08
62550.04800076804 5.102547762562464e-08
62600.04800076804 6.011443326745506e-08
62650.04800076804 3.971921808526933e-08
62700.04800076804 3.8499321347678126e-08
62750.04800076804 5.654542188690509e-08
62800.04800076804 3.2016250009088624e-08
62850.04800076804 5.240085828436472e-08
62900.04800076804 3.2145516965841316e-08
62950.04800076804 6.162061126037186e-08
63000.04800076804 4.265890288174789e-08
63050.04800076804 7.015248463838733e-08
63100.04800076804 6.598772899034348e-08
63150.04800076804 5.042293588552591e-08
63200.04800076804 5.713616055260828e-08
63250.04800076804 3.594174722374328e-08
63300.04800076804 4.232177554664076e-08
63350.04800076804 3.834819977420957e-08
63400.04800076804 1.513393745948976e-08
