galfind/configs/Brown_Dwarf_templates/sonora_cholla/logkzz4/31g/700K_31g_logkzz4_resample.dat
# %ECSV 1.0
# ---
# datatype:
# - {name: wav, unit: Angstrom, datatype: float64}
# - {name: flux_nu, unit: erg / (cm2 Hz s), datatype: float64}
# schema: astropy-2.0
wav flux_nu
3000.0480007680403 nan
3050.0480007680403 0.0
3100.0480007680403 0.0
3150.0480007680403 0.0
3200.0480007680403 0.0
3250.0480007680403 0.0
3300.0480007680403 0.0
3350.0480007680403 0.0
3400.0480007680403 0.0
3450.0480007680403 0.0
3500.0480007680403 0.0
3550.0480007680403 0.0
3600.0480007680403 0.0
3650.0480007680403 0.0
3700.0480007680403 0.0
3750.0480007680403 0.0
3800.0480007680403 0.0
3850.0480007680403 0.0
3900.0480007680403 0.0
3950.0480007680403 0.0
4000.0480007680403 0.0
4050.0480007680403 0.0
4100.04800076804 0.0
4150.04800076804 0.0
4200.04800076804 0.0
4250.04800076804 0.0
4300.04800076804 0.0
4350.04800076804 0.0
4400.04800076804 0.0
4450.04800076804 0.0
4500.04800076804 0.0
4550.04800076804 0.0
4600.04800076804 0.0
4650.04800076804 0.0
4700.04800076804 0.0
4750.04800076804 0.0
4800.04800076804 0.0
4850.04800076804 0.0
4900.04800076804 0.0
4950.04800076804 0.0
5000.04800076804 2.5716613238641057e-12
5050.04800076804 6.4678681281347376e-12
5100.04800076804 7.285474690305724e-12
5150.04800076804 8.308627311421995e-12
5200.04800076804 9.511012943679894e-12
5250.04800076804 1.0678118487654636e-11
5300.04800076804 1.1893824523556226e-11
5350.04800076804 1.318742259914134e-11
5400.04800076804 1.4463652080917414e-11
5450.04800076804 1.597724543559473e-11
5500.04800076804 1.76926879197112e-11
5550.04800076804 1.9638791811040373e-11
5600.04800076804 2.1705598890606864e-11
5650.04800076804 2.3830473717089786e-11
5700.04800076804 2.5663126160062983e-11
5750.04800076804 2.7739314309910426e-11
5800.04800076804 2.8890799679896073e-11
5850.04800076804 2.7625909661013795e-11
5900.04800076804 1.072207138314298e-11
5950.04800076804 1.822308558263394e-11
6000.04800076804 4.451958879701638e-11
6050.04800076804 6.100508501799396e-11
6100.04800076804 7.772643468290048e-11
6150.04800076804 9.624060111385691e-11
6200.04800076804 1.176235676827006e-10
6250.04800076804 1.4091608310447595e-10
6300.04800076804 1.699203700339134e-10
6350.04800076804 2.0294285932907714e-10
6400.04800076804 2.373995787080598e-10
6450.04800076804 2.5482667432665633e-10
6500.04800076804 2.930107951958246e-10
6550.04800076804 3.4484853867158264e-10
6600.04800076804 4.0167320319893413e-10
6650.04800076804 4.665634837181644e-10
6700.04800076804 5.476058535639317e-10
6750.04800076804 6.26946007189693e-10
6800.04800076804 7.075231890506099e-10
6850.04800076804 7.960073251691085e-10
6900.04800076804 7.871723744133412e-10
6950.04800076804 7.521090526149042e-10
7000.04800076804 8.653567261487687e-10
7050.04800076804 8.728482372770842e-10
7100.04800076804 9.188093341924025e-10
7150.04800076804 7.801336752363526e-10
7200.04800076804 7.322307664400316e-10
7250.04800076804 8.518805448963194e-10
7300.04800076804 9.102878103927616e-10
7350.04800076804 1.0261798147665655e-09
7400.04800076804 1.1258166655011444e-09
7450.04800076804 1.3054253447886934e-09
7500.04800076804 1.42983247295732e-09
7550.04800076804 1.5704815292140336e-09
7600.04800076804 1.7032087200097312e-09
7650.04800076804 1.7812143295295031e-09
7700.04800076804 1.2917510282876632e-09
7750.04800076804 7.990616036754541e-10
7800.04800076804 1.9588551346134514e-09
7850.04800076804 2.3182139857621934e-09
7900.04800076804 2.702420362500153e-09
7950.04800076804 3.0466961182319162e-09
8000.04800076804 3.184720689122979e-09
8050.04800076804 3.3196608126888715e-09
8100.04800076804 2.671041852840742e-09
8150.04800076804 2.6446387064132927e-09
8200.04800076804 3.3430074977772193e-09
8250.04800076804 3.450202414712698e-09
8300.04800076804 3.819150119268952e-09
8350.04800076804 3.727066122474958e-09
8400.04800076804 3.971690120715828e-09
8450.04800076804 4.49085468913961e-09
8500.04800076804 5.066839614506273e-09
8550.04800076804 5.711374240731357e-09
8600.04800076804 6.399247572181603e-09
8650.04800076804 6.980129780187558e-09
8700.04800076804 7.114796919063918e-09
8750.04800076804 7.59267649782301e-09
8800.04800076804 7.592774934351247e-09
8850.04800076804 6.321110877238694e-09
8900.04800076804 2.5740773224812357e-09
8950.04800076804 3.0576502275629308e-09
9000.04800076804 2.3181546242307147e-09
9050.04800076804 5.016630119206968e-09
9100.04800076804 5.677502057522305e-09
9150.04800076804 5.315856517824596e-09
9200.04800076804 7.061876829501269e-09
9250.04800076804 6.418164994203389e-09
9300.04800076804 1.5575783006571059e-09
9350.04800076804 1.7121641455956434e-09
9400.04800076804 2.6567982236059273e-09
9450.04800076804 3.344096630254627e-09
9500.04800076804 2.960313165756111e-09
9550.04800076804 3.5480019250589357e-09
9600.04800076804 3.1019032955031137e-09
9650.04800076804 3.8596304625491e-09
9700.04800076804 5.197629969353807e-09
9750.04800076804 4.98433096679311e-09
9800.04800076804 5.9331271787560374e-09
9850.04800076804 6.559938457058864e-09
9900.04800076804 8.34689008805361e-09
9950.04800076804 8.253883721227969e-09
10000.04800076804 1.0355053106400983e-08
10050.04800076804 1.1261431407500008e-08
10100.04800076804 1.4215071473771089e-08
10150.04800076804 1.6892713443680228e-08
10200.04800076804 2.0452528762645754e-08
10250.04800076804 2.3571376964717704e-08
10300.04800076804 2.698980584159169e-08
10350.04800076804 3.168335162010708e-08
10400.04800076804 3.786621940855999e-08
10450.04800076804 4.1598000289818305e-08
10500.04800076804 4.549283160764191e-08
10550.04800076804 4.9915153159888195e-08
10600.04800076804 5.138395899833258e-08
10650.04800076804 5.4331069149577393e-08
10700.04800076804 5.485923434659935e-08
10750.04800076804 5.6126221965561533e-08
10800.04800076804 5.2882436652746515e-08
10850.04800076804 4.9070413281649974e-08
10900.04800076804 3.3836122435907916e-08
10950.04800076804 1.6906155970351034e-08
11000.04800076804 1.1987227603585207e-08
11050.04800076804 8.019801771323224e-09
11100.04800076804 5.171035580942728e-09
11150.04800076804 2.5752074646713368e-09
11200.04800076804 1.875287070527682e-09
11250.04800076804 2.319564283021578e-09
11300.04800076804 3.0294382092850454e-09
11350.04800076804 1.138206298600283e-09
11400.04800076804 2.56477113916466e-09
11450.04800076804 1.9549388227540474e-09
11500.04800076804 1.388186933733727e-09
11550.04800076804 4.373070980096228e-10
11600.04800076804 4.69507836338944e-10
11650.04800076804 1.1741654443833172e-09
11700.04800076804 1.3264547689107496e-09
11750.04800076804 2.664898289676287e-10
11800.04800076804 1.568522372845075e-09
11850.04800076804 3.1719334758086452e-09
11900.04800076804 3.631422620799924e-09
11950.04800076804 5.8881422864092755e-09
12000.04800076804 9.924822341295691e-09
12050.04800076804 1.5340570730674126e-08
12100.04800076804 2.3529024842309008e-08
12150.04800076804 3.177689954589073e-08
12200.04800076804 4.121050678853016e-08
12250.04800076804 5.496950921615841e-08
12300.04800076804 6.871826092137357e-08
12350.04800076804 7.37212325479996e-08
12400.04800076804 9.457663500793111e-08
12450.04800076804 1.1923608100107417e-07
12500.04800076804 1.321849026381393e-07
12550.04800076804 1.442562282847547e-07
12600.04800076804 1.3980253848310518e-07
12650.04800076804 1.3472276420331043e-07
12700.04800076804 1.333672631579763e-07
12750.04800076804 1.2583355724928304e-07
12800.04800076804 1.199412858727736e-07
12850.04800076804 9.316468282130959e-08
12900.04800076804 7.340477387987846e-08
12950.04800076804 6.754656563127372e-08
13000.04800076804 5.850547269899551e-08
13050.04800076804 4.441827379231225e-08
13100.04800076804 3.69042012624419e-08
13150.04800076804 2.589891197911407e-08
13200.04800076804 2.269128891019346e-08
13250.04800076804 1.5730601321991464e-08
13300.04800076804 6.24409937623654e-09
13350.04800076804 1.9547619269639156e-09
13400.04800076804 1.2384242961724321e-09
13450.04800076804 4.905914195216306e-10
13500.04800076804 2.3926315169078057e-10
13550.04800076804 1.4962129280521656e-10
13600.04800076804 4.3564324377941566e-11
13650.04800076804 2.229386534580658e-10
13700.04800076804 1.6004097873982944e-10
13750.04800076804 1.794436691775466e-10
13800.04800076804 1.6995926133354066e-10
13850.04800076804 1.399878442256578e-10
13900.04800076804 1.5448832780137519e-10
13950.04800076804 1.2131228934242128e-10
14000.04800076804 1.2780299274714208e-10
14050.04800076804 1.9677436675315633e-10
14100.04800076804 2.0908279211614725e-10
14150.04800076804 3.645316074851139e-10
14200.04800076804 2.4189129224238183e-10
14250.04800076804 3.161383517413051e-10
14300.04800076804 6.674540456776329e-10
14350.04800076804 6.641951482667822e-10
14400.04800076804 7.900727282147226e-10
14450.04800076804 9.53632266731804e-10
14500.04800076804 2.15942195793334e-09
14550.04800076804 2.293788622568454e-09
14600.04800076804 3.4063666336848127e-09
14650.04800076804 3.749643837595056e-09
14700.04800076804 2.381827255936448e-09
14750.04800076804 3.6806141671794878e-09
14800.04800076804 4.966484703709153e-09
14850.04800076804 5.225481766009993e-09
14900.04800076804 6.232700915714733e-09
14950.04800076804 8.091929595301625e-09
15000.04800076804 9.257418539731279e-09
15050.04800076804 1.0723914000428529e-08
15100.04800076804 1.3361407552840899e-08
15150.04800076804 1.4019451428704949e-08
15200.04800076804 1.3259758429106423e-08
15250.04800076804 1.8902535443058534e-08
15300.04800076804 2.2867576511111457e-08
15350.04800076804 2.922857220826754e-08
15400.04800076804 3.281564793874141e-08
15450.04800076804 3.6842491764167205e-08
15500.04800076804 3.883872238060238e-08
15550.04800076804 4.672156830555213e-08
15600.04800076804 4.9378666483312e-08
15650.04800076804 4.974635071121422e-08
15700.04800076804 5.99540312628502e-08
15750.04800076804 6.447141023841509e-08
15800.04800076804 6.170890305995355e-08
15850.04800076804 6.43834220928253e-08
15900.04800076804 5.3601620071658673e-08
15950.04800076804 4.8478524419812975e-08
16000.04800076804 3.521154248514516e-08
16050.04800076804 2.174320630848561e-08
16100.04800076804 1.497912608211156e-08
16150.04800076804 8.170233141411248e-09
16200.04800076804 4.979717949351391e-09
16250.04800076804 4.4855268662251834e-09
16300.04800076804 2.915747432630343e-09
16350.04800076804 3.401164241926566e-09
16400.04800076804 3.719505187462063e-09
16450.04800076804 4.201747904272298e-09
16500.04800076804 4.3164574502519665e-09
16550.04800076804 3.915536656504808e-09
16600.04800076804 4.297977111306023e-09
16650.04800076804 3.0620987841956155e-09
16700.04800076804 7.17168250628607e-10
16750.04800076804 1.6752230902600286e-09
16800.04800076804 2.983876931242249e-09
16850.04800076804 3.4170688575598717e-09
16900.04800076804 2.2023662875637326e-09
16950.04800076804 1.6662949100895497e-09
17000.04800076804 1.0995557577930218e-09
17050.04800076804 1.6228051318757993e-09
17100.04800076804 2.3946980465282918e-09
17150.04800076804 1.3439087923692806e-09
17200.04800076804 3.811046803929351e-09
17250.04800076804 2.5380297631085083e-09
17300.04800076804 1.6429687814676588e-09
17350.04800076804 1.842880907134532e-09
17400.04800076804 2.2481941166672265e-09
17450.04800076804 3.2657579075344336e-09
17500.04800076804 4.445132772661552e-09
17550.04800076804 3.732928027702995e-09
17600.04800076804 2.7780165020424525e-09
17650.04800076804 2.5400228998075595e-09
17700.04800076804 1.9562599598767007e-09
17750.04800076804 1.9365210675240754e-09
17800.04800076804 3.2824945290113517e-09
17850.04800076804 2.069595662867935e-09
17900.04800076804 1.9610820835313968e-09
17950.04800076804 1.1845991999448762e-09
18000.04800076804 1.666757010582546e-09
18050.04800076804 2.1925323535209423e-09
18100.04800076804 1.7402578173510603e-09
18150.04800076804 2.8002076571006795e-09
18200.04800076804 1.6229234786936628e-09
18250.04800076804 3.974591550331389e-09
18300.04800076804 1.989563116251401e-09
18350.04800076804 1.5062925050590916e-09
18400.04800076804 1.1621658381370364e-09
18450.04800076804 2.4961671415686787e-09
18500.04800076804 2.87680065050779e-09
18550.04800076804 2.0202277918490535e-09
18600.04800076804 2.250696014692141e-09
18650.04800076804 1.6901678674762217e-09
18700.04800076804 1.1745645424362362e-09
18750.04800076804 1.873200595579712e-09
18800.04800076804 5.427752701371896e-09
18850.04800076804 5.297608460127565e-09
18900.04800076804 4.806983210871996e-09
18950.04800076804 7.726777844552557e-09
19000.04800076804 4.155284971190992e-09
19050.04800076804 2.7942375246421444e-09
19100.04800076804 6.315000574980971e-09
19150.04800076804 3.817527786593233e-09
19200.04800076804 5.65103628058125e-09
19250.04800076804 4.708048885055461e-09
19300.04800076804 3.3862101730761757e-09
19350.04800076804 3.959191503338209e-09
19400.04800076804 2.42715182533933e-09
19450.04800076804 5.051676108177317e-09
19500.04800076804 4.4411412693047314e-09
19550.04800076804 3.677797464659381e-09
19600.04800076804 5.883425121946924e-09
19650.04800076804 6.26315304807433e-09
19700.04800076804 6.537955481951028e-09
19750.04800076804 7.678570580516787e-09
19800.04800076804 9.628534105150659e-09
19850.04800076804 1.2048256030341955e-08
19900.04800076804 9.630790349634325e-09
19950.04800076804 1.492364879191028e-08
20000.04800076804 1.5199942957232806e-08
20050.04800076804 1.561487018798774e-08
20100.04800076804 1.8051932583474705e-08
20150.04800076804 1.554186242131165e-08
20200.04800076804 1.8532009904313643e-08
20250.04800076804 2.314556125761065e-08
20300.04800076804 2.0947316206317457e-08
20350.04800076804 2.4339313230284195e-08
20400.04800076804 2.2701556587158045e-08
20450.04800076804 2.9342250112224725e-08
20500.04800076804 2.961692255390487e-08
20550.04800076804 2.8791747953871164e-08
20600.04800076804 3.266260313030147e-08
20650.04800076804 3.040434859489585e-08
20700.04800076804 3.139940423637343e-08
20750.04800076804 3.398659949365828e-08
20800.04800076804 3.18107821370233e-08
20850.04800076804 3.1426062637713516e-08
20900.04800076804 3.268794427664163e-08
20950.04800076804 2.8965276646436398e-08
21000.04800076804 3.039385688641584e-08
21050.04800076804 2.7484393982415748e-08
21100.04800076804 2.6166836912524154e-08
21150.04800076804 2.5413369807808677e-08
21200.04800076804 2.393051032540707e-08
21250.04800076804 2.248867089255311e-08
21300.04800076804 1.8332493417277444e-08
21350.04800076804 1.8730913172203442e-08
21400.04800076804 1.666859654457127e-08
21450.04800076804 1.3834359452031347e-08
21500.04800076804 1.4278442851183737e-08
21550.04800076804 1.3015948547600286e-08
21600.04800076804 1.1045599715765045e-08
21650.04800076804 9.054818181794005e-09
21700.04800076804 9.603074505046365e-09
21750.04800076804 9.892287966786163e-09
21800.04800076804 8.527403308886383e-09
21850.04800076804 7.217594109253078e-09
21900.04800076804 5.79859099230968e-09
21950.04800076804 1.7697950043473882e-09
22000.04800076804 7.396139146495924e-10
22050.04800076804 7.230388146803659e-10
22100.04800076804 1.585014570843922e-09
22150.04800076804 2.1248831687649785e-09
22200.04800076804 1.9325690382810293e-09
22250.04800076804 1.7538720615210618e-09
22300.04800076804 1.1903411557649073e-09
22350.04800076804 1.2828571222381332e-09
22400.04800076804 7.539010019808745e-10
22450.04800076804 8.20107886826834e-10
22500.04800076804 8.046215090890116e-10
22550.04800076804 3.0509237277582503e-10
22600.04800076804 5.571751643571785e-10
22650.04800076804 8.419262999409749e-10
22700.04800076804 4.751304297649135e-10
22750.04800076804 5.795931146067954e-10
22800.04800076804 5.310878476027567e-10
22850.04800076804 4.5686589477343307e-10
22900.04800076804 2.4523619876331567e-10
22950.04800076804 2.6976477424506615e-10
23000.04800076804 4.0551486451853336e-10
23050.04800076804 4.688266557105619e-10
23100.04800076804 1.1526385308967127e-09
23150.04800076804 1.3649724941966349e-09
23200.04800076804 2.3129813256109106e-10
23250.04800076804 2.0236901006060926e-10
23300.04800076804 3.156837065530778e-10
23350.04800076804 2.396552182407676e-10
23400.04800076804 4.830236742574525e-10
23450.04800076804 3.528623313726221e-10
23500.04800076804 2.7875760119689875e-10
23550.04800076804 5.724015178340737e-10
23600.04800076804 5.533152410467894e-10
23650.04800076804 1.0032841510818655e-09
23700.04800076804 3.1336064803968074e-10
23750.04800076804 1.8590476608798666e-10
