galfind/configs/Brown_Dwarf_templates/sonora_cholla/logkzz4/31g/750K_31g_logkzz4_resample.dat
# %ECSV 1.0
# ---
# datatype:
# - {name: wav, unit: Angstrom, datatype: float64}
# - {name: flux_nu, unit: erg / (cm2 Hz s), datatype: float64}
# schema: astropy-2.0
wav flux_nu
[from data line 815]
43750.04800076804 2.9086568325659605e-07
43800.04800076804 2.050990055704827e-07
43850.04800076804 2.2976863360092076e-07
43900.04800076804 1.7535254872234845e-07
43950.04800076804 1.557542239604221e-07
44000.04800076804 1.1203989715309939e-07
44050.04800076804 1.926913278365529e-07
44100.04800076804 2.0237682722735632e-07
44150.04800076804 1.989109535997549e-07
44200.04800076804 1.6527440931366353e-07
44250.04800076804 1.4276301295465545e-07
44300.04800076804 1.314634739681685e-07
44350.04800076804 1.0802734557433252e-07
44400.04800076804 1.1322136379113399e-07
44450.04800076804 1.1559926216949054e-07
44500.04800076804 8.999610438526206e-08
44550.04800076804 1.068335213966897e-07
44600.04800076804 8.272714910542193e-08
44650.04800076804 9.471161773459117e-08
44700.04800076804 8.19995766947956e-08
44750.04800076804 8.635021740050748e-08
44800.04800076804 7.383116328777791e-08
44850.04800076804 6.966969893839362e-08
44900.04800076804 5.182233816495172e-08
44950.04800076804 4.945190403951943e-08
45000.04800076804 5.0408257333793314e-08
45050.04800076804 5.336218005271934e-08
45100.04800076804 4.7544813209214627e-08
45150.04800076804 4.248479153842825e-08
45200.04800076804 2.906004511174052e-08
45250.04800076804 3.253688923185869e-08
45300.04800076804 3.897700335122239e-08
45350.04800076804 3.70988721231404e-08
45400.04800076804 2.510147267733809e-08
45450.04800076804 2.4735612498426012e-08
45500.04800076804 2.656873100309747e-08
45550.04800076804 3.2938343051453685e-08
45600.04800076804 2.3004447029116254e-08
45650.04800076804 2.301871521055309e-08
45700.04800076804 3.177518089712006e-08
45750.04800076804 2.568526152173687e-08
45800.04800076804 1.921427604396125e-08
45850.04800076804 3.3444929500368924e-08
45900.04800076804 3.2472611191781435e-08
45950.04800076804 1.923633683808873e-08
46000.04800076804 2.9741729905149478e-08
46050.04800076804 3.3990416113053516e-08
46100.04800076804 1.960684483440313e-08
46150.04800076804 3.5485275959079804e-08
46200.04800076804 3.402300011890629e-08
46250.04800076804 1.4473724308235312e-08
46300.04800076804 4.017157807580743e-08
46350.04800076804 2.836707895681369e-08
46400.04800076804 3.318436110981665e-08
46450.04800076804 5.290041397755637e-08
46500.04800076804 3.2586898336241984e-08
46550.04800076804 5.823050066647145e-08
46600.04800076804 6.000682038369936e-08
46650.04800076804 1.1352140768184328e-07
46700.04800076804 7.470213687626462e-08
46750.04800076804 5.1660263481572014e-08
46800.04800076804 3.639161145167827e-08
46850.04800076804 5.299990974301749e-08
46900.04800076804 4.3233551518608476e-08
46950.04800076804 6.608793705056435e-08
47000.04800076804 2.827395498123003e-08
47050.04800076804 6.747743445129059e-08
47100.04800076804 2.430035392422133e-08
47150.04800076804 3.5649309600543865e-08
47200.04800076804 4.257483488326921e-08
47250.04800076804 2.6259441555235396e-08
47300.04800076804 3.5642375883761414e-08
47350.04800076804 2.246491753133332e-08
47400.04800076804 5.134218229104706e-08
47450.04800076804 2.143580806273495e-08
47500.04800076804 5.889863267135616e-08
47550.04800076804 2.411958326643499e-08
47600.04800076804 5.5825460646675066e-08
47650.04800076804 2.6785653621596522e-08
47700.04800076804 5.305614441852239e-08
47750.04800076804 2.2469014405611063e-08
47800.04800076804 4.9797712024054056e-08
47850.04800076804 2.4289625639666074e-08
47900.04800076804 4.3820903249770135e-08
47950.04800076804 3.145641698862445e-08
48000.04800076804 6.830327175584272e-08
48050.04800076804 4.09546244631992e-08
48100.04800076804 6.027260685242532e-08
48150.04800076804 4.218403183114736e-08
48200.04800076804 6.730068852893287e-08
48250.04800076804 4.5698055432238184e-08
48300.04800076804 8.785814549830181e-08
48350.04800076804 4.235632195366013e-08
48400.04800076804 5.632745112329612e-08
48450.04800076804 3.992849837235014e-08
48500.04800076804 8.483594797353642e-08
48550.04800076804 3.575489718340235e-08
48600.04800076804 7.814789278473095e-08
48650.04800076804 4.1010151808305224e-08
48700.04800076804 9.083751089851736e-08
48750.04800076804 4.829669439431622e-08
48800.04800076804 8.59087559347989e-08
48850.04800076804 6.443810344836502e-08
48900.04800076804 9.320570561018801e-08
48950.04800076804 8.390057043864203e-08
49000.04800076804 6.436597884911457e-08
49050.04800076804 9.314854453975676e-08
49100.04800076804 5.867560159658294e-08
49150.04800076804 1.1719758524690189e-07
49200.04800076804 6.687609727575372e-08
49250.04800076804 1.2328133487566417e-07
49300.04800076804 7.916726810749297e-08
49350.04800076804 7.854293452948555e-08
49400.04800076804 1.0133458471675391e-07
49450.04800076804 9.793413185193009e-08
49500.04800076804 8.989315330885763e-08
49550.04800076804 4.2759012765707e-08
49600.04800076804 9.778746882037709e-08
49650.04800076804 8.863352054316781e-08
49700.04800076804 8.019943962261917e-08
49750.04800076804 1.469753868649134e-07
49800.04800076804 7.582747752558976e-08
49850.04800076804 1.7655919883698247e-07
49900.04800076804 1.1952515644300148e-07
49950.04800076804 1.412818049876919e-07
50000.04800076804 1.4455851943807453e-07
50050.04800076804 1.420942121509278e-07
50100.04800076804 1.6723049666289581e-07
50150.04800076804 6.434561634128345e-08
50200.04800076804 3.9026760775659985e-08
50250.04800076804 1.2866107970186281e-07
50300.04800076804 9.035479892563215e-08
50350.04800076804 1.3488537046640067e-07
50400.04800076804 1.2978022037450889e-07
50450.04800076804 1.2947925676377648e-07
50500.04800076804 1.6314273557187941e-07
50550.04800076804 1.3560963867198368e-07
50600.04800076804 1.5501557023016028e-07
50650.04800076804 1.4560748924861522e-07
50700.04800076804 1.990194092615723e-07
50750.04800076804 1.8339646304261904e-07
50800.04800076804 7.063110561802936e-08
50850.04800076804 6.8531501540556e-08
50900.04800076804 1.6738228558683516e-07
50950.04800076804 1.7393906158489442e-07
51000.04800076804 1.3663819037515842e-07
51050.04800076804 1.4573207452790707e-07
51100.04800076804 6.732328161436124e-08
51150.04800076804 1.0733266013743701e-07
51200.04800076804 1.9082077229231986e-07
51250.04800076804 1.6128492297146848e-07
51300.04800076804 1.0132547444789632e-07
51350.04800076804 1.3436795109980254e-07
51400.04800076804 7.748004611067477e-08
51450.04800076804 6.553905381633035e-08
51500.04800076804 5.8484206800178826e-08
51550.04800076804 1.3787023912679704e-07
51600.04800076804 9.798105094519846e-08
51650.04800076804 1.474176019653538e-07
51700.04800076804 1.430347481634141e-07
51750.04800076804 9.557579450415965e-08
51800.04800076804 1.9511467901791267e-07
51850.04800076804 1.487517923155409e-07
51900.04800076804 1.9438898952311762e-07
51950.04800076804 1.432491044677406e-07
52000.04800076804 3.197038964371091e-08
52050.04800076804 8.702852878145087e-08
52100.04800076804 7.270887833303634e-08
52150.04800076804 5.0085630235735156e-08
52200.04800076804 6.236733464123973e-08
52250.04800076804 9.888386433002836e-08
52300.04800076804 1.6586921961873646e-07
52350.04800076804 9.095858446954165e-08
52400.04800076804 7.277204404690911e-08
52450.04800076804 1.5554068971989549e-07
52500.04800076804 1.3939724506853632e-07
52550.04800076804 1.405921837094901e-07
52600.04800076804 1.0087318433209446e-07
52650.04800076804 1.1273200865719076e-07
52700.04800076804 1.0048395532867409e-07
52750.04800076804 6.751572058128047e-08
52800.04800076804 7.621763285615117e-08
52850.04800076804 9.697164246836748e-08
52900.04800076804 6.026464600630611e-08
52950.04800076804 6.395767077569333e-08
53000.04800076804 1.6325835791343429e-07
53050.04800076804 5.226545660789487e-08
53100.04800076804 1.4726103967724953e-07
53150.04800076804 1.7559806535352363e-07
53200.04800076804 7.632772688969839e-08
53250.04800076804 1.6594325824829368e-07
53300.04800076804 1.6327805499604346e-07
53350.04800076804 1.5427944848982222e-07
53400.04800076804 1.4826088402687192e-07
53450.04800076804 4.9445671567713353e-08
53500.04800076804 2.3656212890982312e-08
53550.04800076804 4.754757707464901e-08
53600.04800076804 9.115136217064589e-08
53650.04800076804 8.872255750716546e-08
53700.04800076804 7.335658627218694e-08
53750.04800076804 7.395581129949089e-08
53800.04800076804 7.139369364821202e-08
53850.04800076804 1.0251507069382658e-07
53900.04800076804 1.0879105521675188e-07
53950.04800076804 1.4258722663082332e-07
54000.04800076804 8.808220279520296e-08
54050.04800076804 1.0084548034049407e-07
54100.04800076804 3.4588440223237194e-08
54150.04800076804 5.5016295708645345e-08
54200.04800076804 1.725001957719181e-08
54250.04800076804 2.7447190638438476e-08
54300.04800076804 6.481797078572617e-08
54350.04800076804 8.550607931992272e-08
54400.04800076804 8.78639686733107e-08
54450.04800076804 6.817508985715809e-08
54500.04800076804 6.002451879108435e-08
54550.04800076804 5.374261040372549e-08
54600.04800076804 6.803126771579533e-08
54650.04800076804 2.1860200088813306e-08
54700.04800076804 7.802695046755707e-08
54750.04800076804 7.593776692675612e-08
54800.04800076804 4.687411129775676e-08
54850.04800076804 6.687650947911794e-08
54900.04800076804 9.347338789821688e-08
54950.04800076804 1.3319518372907463e-07
55000.04800076804 4.217308963906009e-08
55050.04800076804 8.063717131787564e-08
55100.04800076804 7.568017074114206e-08
55150.04800076804 4.7476625211916895e-08
55200.04800076804 4.632600259070377e-08
55250.04800076804 6.436390581041903e-08
55300.04800076804 4.133101426259517e-08
55350.04800076804 8.377955665622005e-08
55400.04800076804 1.039648152813698e-07
55450.04800076804 5.95030860741095e-08
55500.04800076804 2.615779782388796e-08
55550.04800076804 3.520817005444874e-08
55600.04800076804 4.022384581690207e-08
55650.04800076804 3.882357962071289e-08
55700.04800076804 4.5887860031133036e-08
55750.04800076804 4.728067035598196e-08
55800.04800076804 2.6540775878532412e-08
55850.04800076804 2.9345545808014425e-08
55900.04800076804 7.025215716721247e-08
55950.04800076804 9.324412760005208e-08
56000.04800076804 3.4393823032432134e-08
56050.04800076804 5.109608885899835e-08
56100.04800076804 7.076826164543557e-08
56150.04800076804 3.963639281286897e-08
56200.04800076804 5.104630965953728e-08
56250.04800076804 6.560581576247454e-08
56300.04800076804 5.7418326040880705e-08
56350.04800076804 5.0371998745904766e-08
56400.04800076804 2.3109975166962124e-08
56450.04800076804 2.106798042748459e-08
56500.04800076804 3.22050814751387e-08
56550.04800076804 2.0516374315317024e-08
56600.04800076804 6.205197007812225e-08
56650.04800076804 6.263408250820825e-08
56700.04800076804 5.986604988020095e-08
56750.04800076804 2.2568531699828155e-08
56800.04800076804 6.491475455426227e-08
56850.04800076804 5.438508219705557e-08
56900.04800076804 2.970777019519805e-08
56950.04800076804 6.353662237235345e-08
57000.04800076804 7.573670325114329e-08
57050.04800076804 3.854152682589104e-08
57100.04800076804 1.526307835790329e-08
57150.04800076804 2.5119140294751855e-08
57200.04800076804 2.2032363366966762e-08
57250.04800076804 2.9600417151164932e-08
57300.04800076804 5.110140588552566e-08
57350.04800076804 2.386043028640522e-08
57400.04800076804 5.037301012772004e-08
57450.04800076804 3.646605148589296e-08
57500.04800076804 3.8039678201253134e-08
57550.04800076804 5.399925806523001e-08
57600.04800076804 5.374650864997285e-08
57650.04800076804 1.302819210357328e-08
57700.04800076804 2.0841631664679906e-08
57750.04800076804 3.4680876460261946e-08
57800.04800076804 1.3262062011180102e-08
57850.04800076804 9.081348733004084e-08
57900.04800076804 1.002410462364174e-07
57950.04800076804 9.105703057776812e-08
58000.04800076804 3.419077558872876e-08
58050.04800076804 5.612317979244241e-08
58100.04800076804 6.239692769082608e-08
58150.04800076804 3.731833444242146e-08
58200.04800076804 1.4151684996311132e-08
58250.04800076804 2.0323465846090556e-08
58300.04800076804 1.8814778176912114e-08
58350.04800076804 2.7335384420444986e-08
58400.04800076804 5.0918050351826585e-08
58450.04800076804 5.2108789599571215e-08
58500.04800076804 4.6905674717481195e-08
58550.04800076804 4.8972382997941184e-08
58600.04800076804 2.065937577043716e-08
58650.04800076804 2.7896866534589497e-08
58700.04800076804 3.726198539396142e-08
58750.04800076804 3.417016611744069e-08
58800.04800076804 8.873638936438629e-09
58850.04800076804 2.8172910469193124e-08
58900.04800076804 4.1552073819083005e-08
58950.04800076804 1.869265581163028e-08
59000.04800076804 4.138287822640258e-08
59050.04800076804 5.28014682914023e-08
59100.04800076804 5.632923634210795e-08
59150.04800076804 3.918912596101662e-08
59200.04800076804 4.636567687843411e-08
59250.04800076804 5.0891413785909844e-08
59300.04800076804 4.129495575557909e-08
59350.04800076804 1.2348523895898444e-08
59400.04800076804 1.03565750546293e-08
59450.04800076804 4.1770567172917715e-08
59500.04800076804 2.0895013251643394e-08
59550.04800076804 4.6754045158272594e-08
59600.04800076804 5.227709875895464e-08
59650.04800076804 3.5905588581774295e-08
59700.04800076804 2.3010863190098178e-08
59750.04800076804 6.392863594198143e-08
59800.04800076804 3.2691366875807605e-08
59850.04800076804 4.753574500946165e-08
59900.04800076804 1.744222399315834e-08
59950.04800076804 3.3294597767466664e-08
60000.04800076804 7.678050464576404e-08
60050.04800076804 6.590892728287918e-08
60100.04800076804 6.315666966842533e-08
60150.04800076804 3.343189140808401e-08
60200.04800076804 5.361140921004505e-08
60250.04800076804 6.963102649558178e-08
60300.04800076804 6.719006576847364e-08
60350.04800076804 4.458472541198144e-08
60400.04800076804 4.936065962316074e-08
60450.04800076804 1.6569599985246076e-08
60500.04800076804 7.562346518767801e-09
60550.04800076804 4.7829643505918136e-08
60600.04800076804 5.564007571394033e-08
60650.04800076804 3.822605226839372e-08
60700.04800076804 2.646965384741141e-08
60750.04800076804 1.7009143618411035e-08
60800.04800076804 5.484954053903025e-08
60850.04800076804 9.537498266685893e-08
60900.04800076804 9.06443523121687e-08
60950.04800076804 7.594701727850611e-08
61000.04800076804 5.382195835811232e-08
61050.04800076804 2.7676206978591413e-08
61100.04800076804 3.799921955910955e-08
61150.04800076804 1.2967136648833036e-08
61200.04800076804 6.02326400332422e-08
61250.04800076804 8.373192949463215e-08
61300.04800076804 7.570616566410792e-08
61350.04800076804 9.702081872408974e-08
61400.04800076804 4.825811892790496e-08
61450.04800076804 2.012655223371798e-08
61500.04800076804 3.651020794429759e-08
61550.04800076804 3.9900731922828226e-08
61600.04800076804 2.1762531319273483e-08
61650.04800076804 4.763357027079354e-08
61700.04800076804 4.009384934016572e-08
61750.04800076804 4.68470484365517e-08
61800.04800076804 5.189144622949315e-08
61850.04800076804 2.1401233471977342e-08
61900.04800076804 6.705701046677463e-08
61950.04800076804 5.962278575540444e-08
62000.04800076804 8.151436042259094e-08
62050.04800076804 6.272388188560624e-08
62100.04800076804 6.331416800678985e-08
62150.04800076804 8.497697483965981e-08
62200.04800076804 6.846693346483478e-08
62250.04800076804 6.662565121039897e-08
62300.04800076804 1.1445986163599911e-07
62350.04800076804 8.115008618572567e-08
62400.04800076804 3.412095593799621e-08
62450.04800076804 6.163618003044287e-08
62500.04800076804 1.0499466691610859e-07
62550.04800076804 9.027901934137154e-08
62600.04800076804 1.0308243772673641e-07
62650.04800076804 6.989669590181235e-08
62700.04800076804 7.664478259331811e-08
62750.04800076804 1.0454609406363242e-07
62800.04800076804 5.77964290384673e-08
62850.04800076804 9.013314005114476e-08
62900.04800076804 5.848321709838333e-08
62950.04800076804 1.0019634206789459e-07
63000.04800076804 7.545294133051463e-08
63050.04800076804 1.1151630164304368e-07
63100.04800076804 1.0409529549960747e-07
63150.04800076804 7.98759067431871e-08
63200.04800076804 1.0000295623824759e-07
63250.04800076804 6.018071384644011e-08
63300.04800076804 8.254314122232527e-08
63350.04800076804 7.61804388213326e-08
63400.04800076804 3.6187106926930024e-08
63450.04800076804 2.3133345994047394e-08
63500.04800076804 6.288061355258279e-08
