galfind/configs/Brown_Dwarf_templates/sonora_cholla/logkzz4/31g/750K_31g_logkzz4_resample.dat
# %ECSV 1.0
# ---
# datatype:
# - {name: wav, unit: Angstrom, datatype: float64}
# - {name: flux_nu, unit: erg / (cm2 Hz s), datatype: float64}
# schema: astropy-2.0
wav flux_nu
3000.0480007680403 nan
3050.0480007680403 0.0
3100.0480007680403 0.0
3150.0480007680403 0.0
3200.0480007680403 0.0
3250.0480007680403 0.0
3300.0480007680403 0.0
3350.0480007680403 0.0
3400.0480007680403 0.0
3450.0480007680403 0.0
3500.0480007680403 0.0
3550.0480007680403 0.0
3600.0480007680403 0.0
3650.0480007680403 0.0
3700.0480007680403 0.0
3750.0480007680403 0.0
3800.0480007680403 0.0
3850.0480007680403 0.0
3900.0480007680403 0.0
3950.0480007680403 0.0
4000.0480007680403 0.0
4050.0480007680403 0.0
4100.04800076804 0.0
4150.04800076804 0.0
4200.04800076804 0.0
4250.04800076804 0.0
4300.04800076804 0.0
4350.04800076804 0.0
4400.04800076804 0.0
4450.04800076804 0.0
4500.04800076804 0.0
4550.04800076804 0.0
4600.04800076804 0.0
4650.04800076804 0.0
4700.04800076804 0.0
4750.04800076804 0.0
4800.04800076804 0.0
4850.04800076804 0.0
4900.04800076804 0.0
4950.04800076804 0.0
5000.04800076804 2.0257331958885124e-12
5050.04800076804 5.57559627425412e-12
5100.04800076804 6.628567422007853e-12
5150.04800076804 7.88435512193043e-12
5200.04800076804 9.348543687593562e-12
5250.04800076804 1.0973080827722415e-11
5300.04800076804 1.2778701506696203e-11
5350.04800076804 1.4788624026698814e-11
5400.04800076804 1.6906753607793957e-11
5450.04800076804 1.9291784715123102e-11
5500.04800076804 2.1900486725716644e-11
5550.04800076804 2.4672384374250695e-11
5600.04800076804 2.7431709534209603e-11
5650.04800076804 2.990097708194077e-11
5700.04800076804 3.130790501751798e-11
5750.04800076804 3.21330809810449e-11
5800.04800076804 3.035534256331774e-11
5850.04800076804 2.4796392258009565e-11
5900.04800076804 8.212717118410468e-12
5950.04800076804 1.4371288074817826e-11
6000.04800076804 4.311809705805105e-11
6050.04800076804 6.844095294221633e-11
6100.04800076804 9.363653855979086e-11
6150.04800076804 1.181119459415806e-10
6200.04800076804 1.4240717473706847e-10
6250.04800076804 1.656843411725429e-10
6300.04800076804 1.91905242416462e-10
6350.04800076804 2.1945535950703002e-10
6400.04800076804 2.4761688426838434e-10
6450.04800076804 2.6439755716822004e-10
6500.04800076804 2.968556726814895e-10
6550.04800076804 3.365537065134447e-10
6600.04800076804 3.7999824226828454e-10
6650.04800076804 4.2823736161371226e-10
6700.04800076804 4.840435694042622e-10
6750.04800076804 5.413160726866491e-10
6800.04800076804 6.006185261962947e-10
6850.04800076804 6.646602022810046e-10
6900.04800076804 6.858037463569669e-10
6950.04800076804 6.980195374904973e-10
7000.04800076804 7.981415136136853e-10
7050.04800076804 8.345667586778114e-10
7100.04800076804 8.945843625195435e-10
7150.04800076804 7.977060090710181e-10
7200.04800076804 7.804221921325585e-10
7250.04800076804 8.984534582914608e-10
7300.04800076804 9.67693067231384e-10
7350.04800076804 1.0907901290702799e-09
7400.04800076804 1.205181294313162e-09
7450.04800076804 1.3973600477702114e-09
7500.04800076804 1.5498099485345714e-09
7550.04800076804 1.7251514512247822e-09
7600.04800076804 1.9053029829017095e-09
7650.04800076804 2.039376051704353e-09
7700.04800076804 1.3945658459042706e-09
7750.04800076804 6.96097190185217e-10
7800.04800076804 2.2532061214173392e-09
7850.04800076804 2.6437740897840174e-09
7900.04800076804 2.959175253545239e-09
7950.04800076804 3.2238535204986846e-09
8000.04800076804 3.331962833493546e-09
8050.04800076804 3.4386859200968437e-09
8100.04800076804 2.86400792075064e-09
8150.04800076804 2.8436678457849363e-09
8200.04800076804 3.4887452281899113e-09
8250.04800076804 3.576988750562898e-09
8300.04800076804 3.920428298617639e-09
8350.04800076804 3.919821654292623e-09
8400.04800076804 4.1773843262252344e-09
8450.04800076804 4.657806996033681e-09
8500.04800076804 5.20013505741779e-09
8550.04800076804 5.770445235355683e-09
8600.04800076804 6.362173543785046e-09
8650.04800076804 6.896294534338106e-09
8700.04800076804 7.110739799709477e-09
8750.04800076804 7.562412147494908e-09
8800.04800076804 7.692693631723931e-09
8850.04800076804 6.87135623651456e-09
8900.04800076804 3.5856174405255885e-09
8950.04800076804 4.042644665789774e-09
9000.04800076804 3.311722210077449e-09
9050.04800076804 6.1062986887589185e-09
9100.04800076804 6.673891301390641e-09
9150.04800076804 6.2707133291916116e-09
9200.04800076804 7.890926073728399e-09
9250.04800076804 7.311885983726974e-09
9300.04800076804 2.288391329682553e-09
9350.04800076804 2.5012151806947393e-09
9400.04800076804 3.661357537643537e-09
9450.04800076804 4.510999162310667e-09
9500.04800076804 4.1270071500726266e-09
9550.04800076804 4.9240560402308965e-09
9600.04800076804 4.454429153031305e-09
9650.04800076804 5.374414533944217e-09
9700.04800076804 7.014410041206729e-09
9750.04800076804 6.834102246861963e-09
9800.04800076804 8.123060895302796e-09
9850.04800076804 9.010377971261888e-09
9900.04800076804 1.114939823858758e-08
9950.04800076804 1.1454444690827299e-08
10000.04800076804 1.389655191782725e-08
10050.04800076804 1.5360435176775078e-08
10100.04800076804 1.8734603701569585e-08
10150.04800076804 2.1904393360036455e-08
10200.04800076804 2.589503923205467e-08
10250.04800076804 2.950230485626553e-08
10300.04800076804 3.341218221385123e-08
10350.04800076804 3.8598947870294537e-08
10400.04800076804 4.5415553976967994e-08
10450.04800076804 4.945646915632062e-08
10500.04800076804 5.363748895594316e-08
10550.04800076804 5.850379280364389e-08
10600.04800076804 6.084375053350074e-08
10650.04800076804 6.508541490118129e-08
10700.04800076804 6.704167749010915e-08
10750.04800076804 6.965044491873447e-08
10800.04800076804 6.74478304490307e-08
10850.04800076804 6.48693687845886e-08
10900.04800076804 4.6774274749292373e-08
10950.04800076804 2.5161446298791414e-08
11000.04800076804 1.8968405859837364e-08
11050.04800076804 1.352139598640424e-08
11100.04800076804 9.527816691475233e-09
11150.04800076804 5.3309057846923086e-09
11200.04800076804 4.255760868740998e-09
11250.04800076804 5.205961670333965e-09
11300.04800076804 6.350189700785245e-09
11350.04800076804 2.660015899867395e-09
11400.04800076804 5.771629385542519e-09
11450.04800076804 4.3374363841140025e-09
11500.04800076804 3.4178001781211046e-09
11550.04800076804 1.2916840566047502e-09
11600.04800076804 1.4187698231528058e-09
11650.04800076804 2.9506118591946743e-09
11700.04800076804 3.3811447668674808e-09
11750.04800076804 8.696608222923357e-10
11800.04800076804 4.011738770883148e-09
11850.04800076804 7.456058252599061e-09
11900.04800076804 8.523292675373551e-09
11950.04800076804 1.3273264200751188e-08
12000.04800076804 2.0584406837322748e-08
12050.04800076804 2.971652559104162e-08
12100.04800076804 4.209944879747209e-08
12150.04800076804 5.33525568422386e-08
12200.04800076804 6.75230348973959e-08
12250.04800076804 8.595229198089684e-08
12300.04800076804 1.0327846335589735e-07
12350.04800076804 1.112475676157277e-07
12400.04800076804 1.369708109939636e-07
12450.04800076804 1.6845688702522493e-07
12500.04800076804 1.8502884845181996e-07
12550.04800076804 2.000117916157297e-07
12600.04800076804 1.9291289826483015e-07
12650.04800076804 1.860996832879296e-07
12700.04800076804 1.8533199220629075e-07
12750.04800076804 1.803537887396919e-07
12800.04800076804 1.7668905074497215e-07
12850.04800076804 1.4228944072102525e-07
12900.04800076804 1.1583219610951993e-07
12950.04800076804 1.1086285293480618e-07
13000.04800076804 9.763747494070579e-08
13050.04800076804 7.862960619526494e-08
13100.04800076804 6.693684901983655e-08
13150.04800076804 4.863977262277159e-08
13200.04800076804 4.322834570019237e-08
13250.04800076804 3.028999625346883e-08
13300.04800076804 1.2839229383226773e-08
13350.04800076804 4.029038306186422e-09
13400.04800076804 2.4842270840845484e-09
13450.04800076804 1.0727503745193702e-09
13500.04800076804 5.526379995194044e-10
13550.04800076804 3.7166934151350485e-10
13600.04800076804 1.2863732722885177e-10
13650.04800076804 5.5025461005014e-10
13700.04800076804 4.0950602091856093e-10
13750.04800076804 4.5758722838530217e-10
13800.04800076804 4.715447187448314e-10
13850.04800076804 3.8416938507744637e-10
13900.04800076804 4.070189732814934e-10
13950.04800076804 3.326752747690143e-10
14000.04800076804 3.3810453871358444e-10
14050.04800076804 4.925577742657336e-10
14100.04800076804 4.941199826551635e-10
14150.04800076804 8.093174056829962e-10
14200.04800076804 5.610788957648325e-10
14250.04800076804 6.973693677657235e-10
14300.04800076804 1.3595526684738247e-09
14350.04800076804 1.3303536486751706e-09
14400.04800076804 1.6043996842384689e-09
14450.04800076804 1.8625625150297005e-09
14500.04800076804 3.99743133735046e-09
14550.04800076804 4.186264011606103e-09
14600.04800076804 5.9907214852268126e-09
14650.04800076804 6.648676562950575e-09
14700.04800076804 4.300543283147807e-09
14750.04800076804 6.512303725218921e-09
14800.04800076804 8.670021527557254e-09
14850.04800076804 9.04281443458463e-09
14900.04800076804 1.0558768162502387e-08
14950.04800076804 1.3265475112467065e-08
15000.04800076804 1.4813978293786081e-08
15050.04800076804 1.766776763241572e-08
15100.04800076804 2.1430638510015467e-08
15150.04800076804 2.280678763541522e-08
15200.04800076804 2.0934678933092257e-08
15250.04800076804 2.887275847019792e-08
15300.04800076804 3.4670075587801015e-08
15350.04800076804 4.3548041480450426e-08
15400.04800076804 4.851354796855219e-08
15450.04800076804 5.44327350338245e-08
15500.04800076804 5.697702163224732e-08
15550.04800076804 6.790629816894703e-08
15600.04800076804 6.956633715207955e-08
15650.04800076804 7.04775875701345e-08
15700.04800076804 8.503140929723056e-08
15750.04800076804 9.140553071981375e-08
15800.04800076804 8.698482528369973e-08
15850.04800076804 9.159199261753006e-08
15900.04800076804 7.84035920606723e-08
15950.04800076804 7.333109103272899e-08
16000.04800076804 5.5972471588881096e-08
16050.04800076804 3.690815175486849e-08
16100.04800076804 2.658306056506906e-08
16150.04800076804 1.5316720131384036e-08
16200.04800076804 9.790026418474256e-09
16250.04800076804 9.118549499043578e-09
16300.04800076804 6.357714777950999e-09
16350.04800076804 7.300130752240604e-09
16400.04800076804 8.006002814909585e-09
16450.04800076804 9.152871792484321e-09
16500.04800076804 9.537508521601636e-09
16550.04800076804 8.624422143757724e-09
16600.04800076804 9.126865664171075e-09
16650.04800076804 6.603291990117114e-09
16700.04800076804 1.8738222117803224e-09
16750.04800076804 3.722205581323466e-09
16800.04800076804 6.489898932339656e-09
16850.04800076804 7.250250420521175e-09
16900.04800076804 5.0160959844704905e-09
16950.04800076804 3.995252746203646e-09
17000.04800076804 2.8196393884291827e-09
17050.04800076804 4.023676712860002e-09
17100.04800076804 5.5890098060289574e-09
17150.04800076804 3.3977373472970296e-09
17200.04800076804 8.105756268057443e-09
17250.04800076804 5.803079445150486e-09
17300.04800076804 4.012863296822141e-09
17350.04800076804 4.388851795017834e-09
17400.04800076804 4.9693906699469635e-09
17450.04800076804 6.856453539358347e-09
17500.04800076804 8.990447124287077e-09
17550.04800076804 7.619747530450593e-09
17600.04800076804 5.822674606217314e-09
17650.04800076804 5.5004123060726385e-09
17700.04800076804 4.157322453717912e-09
17750.04800076804 4.037902206153023e-09
17800.04800076804 6.408021420534331e-09
17850.04800076804 4.181118880191997e-09
17900.04800076804 4.160519332102317e-09
17950.04800076804 2.581126794916427e-09
18000.04800076804 3.4239577539318504e-09
18050.04800076804 4.27634535203536e-09
18100.04800076804 3.4268833388972186e-09
18150.04800076804 5.523969120293651e-09
18200.04800076804 3.2044194193888396e-09
18250.04800076804 7.483983062145772e-09
18300.04800076804 4.01672869746274e-09
18350.04800076804 3.1758371651960866e-09
18400.04800076804 2.5448521145072915e-09
18450.04800076804 4.575504682908301e-09
18500.04800076804 5.357185635197874e-09
18550.04800076804 3.864189318476471e-09
18600.04800076804 3.978506849023671e-09
18650.04800076804 3.125100259024912e-09
18700.04800076804 2.429367611301515e-09
18750.04800076804 3.5679107142927845e-09
18800.04800076804 9.104130218972077e-09
18850.04800076804 9.258887568051837e-09
18900.04800076804 8.414173926375958e-09
18950.04800076804 1.3043424175460057e-08
19000.04800076804 7.663216396034724e-09
19050.04800076804 5.290969775258872e-09
19100.04800076804 1.1171345086631774e-08
19150.04800076804 7.211417109546791e-09
19200.04800076804 9.907938234125151e-09
19250.04800076804 8.383120538153724e-09
19300.04800076804 6.366131989324061e-09
19350.04800076804 7.05442835239076e-09
19400.04800076804 4.3104338631956065e-09
19450.04800076804 8.6315319436091e-09
19500.04800076804 7.776082525644393e-09
19550.04800076804 6.346192245522873e-09
19600.04800076804 9.833969580124315e-09
19650.04800076804 1.0514934369891646e-08
19700.04800076804 1.0800372802997807e-08
19750.04800076804 1.2282290619572895e-08
19800.04800076804 1.5292925126262833e-08
19850.04800076804 1.871767560461182e-08
19900.04800076804 1.468301381054416e-08
19950.04800076804 2.2769313134136013e-08
20000.04800076804 2.2974626367871662e-08
20050.04800076804 2.3875900221628152e-08
20100.04800076804 2.708169145228626e-08
20150.04800076804 2.3919344495133815e-08
20200.04800076804 2.8955107812084303e-08
20250.04800076804 3.521118491494804e-08
20300.04800076804 3.1639055402388385e-08
20350.04800076804 3.6651547066339495e-08
20400.04800076804 3.4773482299217953e-08
20450.04800076804 4.415046227089355e-08
20500.04800076804 4.472621047579541e-08
20550.04800076804 4.3060175766920355e-08
20600.04800076804 4.9623006147340953e-08
20650.04800076804 4.585651318970899e-08
20700.04800076804 4.741160944991662e-08
20750.04800076804 5.1632411640126466e-08
20800.04800076804 4.891678948324275e-08
20850.04800076804 4.815263505597284e-08
20900.04800076804 5.028971743614236e-08
20950.04800076804 4.501627072955547e-08
21000.04800076804 4.7603476931654026e-08
21050.04800076804 4.3281539776278914e-08
21100.04800076804 4.150915602643362e-08
21150.04800076804 4.045047627997914e-08
21200.04800076804 3.829492281599955e-08
21250.04800076804 3.6689576422874817e-08
21300.04800076804 3.0445544554010456e-08
21350.04800076804 3.1325040044055226e-08
21400.04800076804 2.7757664711194983e-08
21450.04800076804 2.384174111800506e-08
21500.04800076804 2.45511284675718e-08
21550.04800076804 2.2452705352159266e-08
21600.04800076804 1.93828754891872e-08
21650.04800076804 1.601951130370928e-08
21700.04800076804 1.731725633184685e-08
21750.04800076804 1.721936950140674e-08
21800.04800076804 1.4941581022744328e-08
21850.04800076804 1.2759769410732641e-08
21900.04800076804 1.0476677364102e-08
21950.04800076804 3.6623148256224053e-09
22000.04800076804 1.7391407405677872e-09
22050.04800076804 1.5017331222161016e-09
22100.04800076804 3.047412688597989e-09
22150.04800076804 4.123043220746354e-09
22200.04800076804 3.769487178005287e-09
22250.04800076804 3.4137343429174907e-09
22300.04800076804 2.5444112254684463e-09
22350.04800076804 2.6115149320729924e-09
22400.04800076804 1.6689239946077712e-09
22450.04800076804 1.728041862917301e-09
22500.04800076804 1.7554621510957288e-09
22550.04800076804 7.001314867002575e-10
22600.04800076804 1.2322117849797736e-09
22650.04800076804 1.704868648432775e-09
22700.04800076804 1.0806228022429827e-09
22750.04800076804 1.303634135559758e-09
22800.04800076804 1.1363451644974278e-09
22850.04800076804 9.860558659904558e-10
22900.04800076804 5.883820542104537e-10
22950.04800076804 6.750106339299689e-10
23000.04800076804 8.218843383343902e-10
23050.04800076804 1.0042192661920541e-09
23100.04800076804 2.222207305150379e-09
23150.04800076804 2.5164656340521852e-09
23200.04800076804 5.235401305465819e-10
23250.04800076804 4.774803763369836e-10
23300.04800076804 6.635360792312762e-10
23350.04800076804 5.157900238432242e-10
23400.04800076804 1.0004276622824551e-09
23450.04800076804 7.68327953042195e-10
23500.04800076804 6.220807396190652e-10
23550.04800076804 1.2031299026684726e-09
23600.04800076804 1.1590062914491716e-09
23650.04800076804 1.9333123654369113e-09
23700.04800076804 6.804783892984459e-10
23750.04800076804 4.398638269860862e-10
23800.04800076804 1.115257613789545e-09
