galfind/configs/Brown_Dwarf_templates/sonora_cholla/logkzz4/31g/800K_31g_logkzz4_resample.dat
# %ECSV 1.0
# ---
# datatype:
# - {name: wav, unit: Angstrom, datatype: float64}
# - {name: flux_nu, unit: erg / (cm2 Hz s), datatype: float64}
# schema: astropy-2.0
wav flux_nu
[from data line 1209]
63450.04800076804 3.612671661748403e-08
63500.04800076804 8.535863458198101e-08
63550.04800076804 8.816726166495926e-08
63600.04800076804 9.934061835704221e-08
63650.04800076804 7.135763817531551e-08
63700.04800076804 3.734706040654679e-08
63750.04800076804 6.263037677504254e-08
63800.04800076804 1.0926988631922525e-07
63850.04800076804 8.461114668720552e-08
63900.04800076804 4.6632529148076854e-08
63950.04800076804 8.656404484125177e-08
64000.04800076804 8.598743599610245e-08
64050.04800076804 4.9092670487198855e-08
64100.04800076804 1.6796046977816874e-08
64150.04800076804 2.5277443236867974e-08
64200.04800076804 2.7281100419851796e-08
64250.04800076804 6.125844350332392e-08
64300.04800076804 4.357077878173872e-08
64350.04800076804 3.528864651588001e-08
64400.04800076804 7.026789256127472e-08
64450.04800076804 8.10488373778969e-08
64500.04800076804 3.503333012072108e-08
64550.04800076804 5.889637846417926e-08
64600.04800076804 2.443175063572719e-08
64650.04800076804 5.7153164845158035e-08
64700.04800076804 2.5042891527205495e-08
64750.04800076804 3.957310603810461e-08
64800.04800076804 3.434002146118912e-08
64850.04800076804 2.5392324616903735e-08
64900.04800076804 2.6748151608339282e-08
64950.04800076804 2.781549697077293e-08
65000.04800076804 3.774523904527562e-08
65050.04800076804 4.289891524409075e-08
65100.04800076804 6.510458114876677e-08
65150.04800076804 2.6093354021831925e-08
65200.04800076804 2.2267791294955528e-08
65250.04800076804 5.974778581538217e-08
65300.04800076804 4.149910136757793e-08
65350.04800076804 9.114048330681079e-08
65400.04800076804 4.4816150723892817e-08
65450.04800076804 4.874985340690408e-08
65500.04800076804 6.117914949950748e-08
65550.04800076805 3.138753924987239e-08
65600.04800076805 5.1634588813293104e-08
65650.04800076805 4.501430362151501e-08
65700.04800076805 4.1102044097948045e-08
65750.04800076805 2.909475213508487e-08
65800.04800076805 4.999593382027194e-08
65850.04800076805 5.821848528594345e-08
65900.04800076805 2.6967239924160786e-08
65950.04800076805 3.092128663745278e-08
66000.04800076805 4.47225880830309e-08
66050.04800076805 9.283660700797117e-08
66100.04800076805 4.967880324509522e-08
66150.04800076805 3.537226660302573e-08
66200.04800076805 3.641190129707011e-08
66250.04800076805 3.2924985083569995e-08
66300.04800076805 1.3902482459170887e-08
66350.04800076805 1.756642008375307e-08
66400.04800076805 2.920319632656452e-08
66450.04800076805 5.945006729255677e-08
66500.04800076805 8.571279368060979e-08
66550.04800076805 9.079392874418367e-08
66600.04800076805 6.522370735575438e-08
66650.04800076805 4.6348690839972287e-08
66700.04800076805 4.4928570461491456e-08
66750.04800076805 4.0394654398479994e-08
66800.04800076805 5.514079433824858e-08
66850.04800076805 3.358226804121686e-08
66900.04800076805 8.084448311060535e-08
66950.04800076805 8.596126487788492e-08
67000.04800076805 7.898310392177276e-08
67050.04800076805 5.440097501922893e-08
67100.04800076805 3.494128544424013e-08
67150.04800076805 3.750983284291159e-08
67200.04800076805 5.369198121484365e-08
67250.04800076805 5.5205685892536696e-08
67300.04800076805 6.343406187540918e-08
67350.04800076805 3.681511915787513e-08
67400.04800076805 8.795769448407843e-08
67450.04800076805 5.829599727577364e-08
67500.04800076805 5.352271032718671e-08
67550.04800076805 7.7905692253465e-08
67600.04800076805 1.2963635609721223e-07
67650.04800076805 9.708042242823413e-08
67700.04800076805 6.120874858932347e-08
67750.04800076805 5.007542769824762e-08
67800.04800076805 7.35981307924061e-08
67850.04800076805 3.631656825394351e-08
67900.04800076805 4.754605858187079e-08
67950.04800076805 3.367941455148663e-08
68000.04800076805 5.710046419907973e-08
68050.04800076805 8.008422044683142e-08
68100.04800076805 1.0168128690468985e-07
68150.04800076805 7.783593494081313e-08
68200.04800076805 7.27067484600175e-08
68250.04800076805 2.541100704804309e-08
68300.04800076805 6.386712082022884e-08
68350.04800076805 3.2037784165765045e-08
68400.04800076805 1.0700317124874911e-07
68450.04800076805 9.360266014314844e-08
68500.04800076805 7.029020458332872e-08
68550.04800076805 3.795816258804304e-08
68600.04800076805 4.055548275235347e-08
68650.04800076805 2.2939746152968844e-08
68700.04800076805 4.7187142075187624e-08
68750.04800076805 6.658018541311846e-08
68800.04800076805 7.806823082119394e-08
68850.04800076805 2.980901074019127e-08
68900.04800076805 9.918189091816073e-08
68950.04800076805 8.706824763229393e-08
69000.04800076805 7.889149799491469e-08
69050.04800076805 4.5502721819823186e-08
69100.04800076805 9.807110195950403e-08
69150.04800076805 1.2958577214194165e-07
69200.04800076805 7.94789487145532e-08
69250.04800076805 1.2296546205310116e-07
69300.04800076805 6.365539001652769e-08
69350.04800076805 1.1496645580316307e-07
69400.04800076805 4.152092055107293e-08
69450.04800076805 1.0022841733482832e-07
69500.04800076805 6.119146175125217e-08
69550.04800076805 5.919768769837707e-08
69600.04800076805 2.0319927781336264e-08
69650.04800076805 5.259016507071198e-08
69700.04800076805 9.660126979428489e-08
69750.04800076805 6.536547092412034e-08
69800.04800076805 8.928295121096052e-08
69850.04800076805 8.339148123009185e-08
69900.04800076805 5.547190032271729e-08
69950.04800076805 6.224994430331585e-08
70000.04800076805 6.36886079674797e-08
70050.04800076805 1.0951776678852035e-07
70100.04800076805 7.989460744193638e-08
70150.04800076805 7.328551924885108e-08
70200.04800076805 4.7206426470085124e-08
70250.04800076805 7.361742783337026e-08
70300.04800076805 1.0031867215451852e-07
70350.04800076805 6.829803723499433e-08
70400.04800076805 5.1641323061748595e-08
70450.04800076805 1.8807055024619067e-08
70500.04800076805 4.396207698307487e-08
70550.04800076805 4.6092941894266216e-08
70600.04800076805 4.05259438681398e-08
70650.04800076805 8.545121037010765e-08
70700.04800076805 8.047223321992298e-08
70750.04800076805 9.032086015758536e-08
70800.04800076805 5.094272580792807e-08
70850.04800076805 5.590272151398572e-08
70900.04800076805 5.427200853224308e-08
70950.04800076805 9.625377204331915e-08
71000.04800076805 7.740199852255188e-08
71050.04800076805 7.67301070724897e-08
71100.04800076805 5.709242270069374e-08
71150.04800076805 6.319963265384187e-08
71200.04800076805 5.535000390957331e-08
71250.04800076805 6.289243386839276e-08
71300.04800076805 9.356954098641101e-08
71350.04800076805 9.48579617250952e-08
71400.04800076805 8.590836641296634e-08
71450.04800076805 4.0473875754053405e-08
71500.04800076805 4.723674768420824e-08
71550.04800076805 5.720115787672052e-08
71600.04800076805 5.879058846567244e-08
71650.04800076805 5.282519498852677e-08
71700.04800076805 3.954774285275392e-08
71750.04800076805 5.843886407353739e-08
71800.04800076805 8.59339979963791e-08
71850.04800076805 7.934979314865074e-08
71900.04800076805 5.03411595889289e-08
71950.04800076805 5.683833866446644e-08
72000.04800076805 5.702293622172182e-08
72050.04800076805 3.849582670007011e-08
72100.04800076805 4.260316197296529e-08
72150.04800076805 3.220677062651834e-08
72200.04800076805 5.8288559596956695e-08
72250.04800076805 6.593648906445638e-08
72300.04800076805 6.022430798853136e-08
72350.04800076805 6.737014703315833e-08
72400.04800076805 4.996485087765459e-08
72450.04800076805 4.234497082853623e-08
72500.04800076805 5.468799284708876e-08
72550.04800076805 2.629092686461559e-08
72600.04800076805 3.28817533168975e-08
72650.04800076805 6.956374178282322e-08
72700.04800076805 5.996540233874785e-08
72750.04800076805 5.160597363392575e-08
72800.04800076805 4.2315848190875954e-08
72850.04800076805 4.197023415837899e-08
72900.04800076805 6.038494840964548e-08
72950.04800076805 5.9478744912995615e-08
73000.04800076805 5.891317963992897e-08
73050.04800076805 3.92759600294594e-08
73100.04800076805 3.9771980807968834e-08
73150.04800076805 8.224171248726768e-08
73200.04800076805 3.7495163954979516e-08
73250.04800076805 5.084628703126088e-08
73300.04800076805 4.862748643902097e-08
73350.04800076805 3.3894489898382645e-08
73400.04800076805 5.03592575951269e-08
73450.04800076805 3.1830829450696825e-08
73500.04800076805 2.606363261999305e-08
73550.04800076805 4.460598363849545e-08
73600.04800076805 3.1949743410194424e-08
73650.04800076805 4.786063251064171e-08
73700.04800076805 5.369585063069075e-08
73750.04800076805 2.8871091809671985e-08
73800.04800076805 4.514176595876688e-08
73850.04800076805 5.159474897155088e-08
73900.04800076805 4.876081374105753e-08
73950.04800076805 4.424604501443307e-08
74000.04800076805 3.171145090364189e-08
74050.04800076805 7.386974491031278e-08
74100.04800076805 4.4274372772716536e-08
74150.04800076805 4.630733977728318e-08
74200.04800076805 3.942653019681359e-08
74250.04800076805 1.628696998215043e-08
74300.04800076805 4.279295620991744e-08
74350.04800076805 6.054579943727945e-08
74400.04800076805 5.7030497141458186e-08
74450.04800076805 2.5199457218666286e-08
74500.04800076805 2.6842367372963848e-08
74550.04800076805 3.9344121239066804e-08
74600.04800076805 4.256466112831061e-08
74650.04800076805 4.265237295687334e-08
74700.04800076805 2.9538391725023233e-08
74750.04800076805 2.8368891412994706e-08
74800.04800076805 3.613126967199188e-08
74850.04800076805 2.4526895582989618e-08
74900.04800076805 5.273449987224735e-08
74950.04800076805 6.415364079190407e-08
75000.04800076805 3.708548018899276e-08
75050.04800076805 2.201292562461658e-08
75100.04800076805 6.505274576764952e-08
75150.04800076805 5.865129696169971e-08
75200.04800076805 6.697881725280898e-08
75250.04800076805 6.11100793438628e-08
75300.04800076805 5.733467986311929e-08
75350.04800076805 3.232900416076753e-08
75400.04800076805 6.853290843654948e-08
75450.04800076805 5.76278258866394e-08
75500.04800076805 4.464690102600274e-08
75550.04800076805 6.46274561327699e-08
75600.04800076805 8.091493052212958e-08
75650.04800076805 4.1938769920454165e-08
75700.04800076805 5.536477408998238e-08
75750.04800076805 3.4855336982985234e-08
75800.04800076805 5.979083123497643e-08
75850.04800076805 7.878735284733995e-08
75900.04800076805 6.91530545523699e-08
75950.04800076805 4.003510529481027e-08
76000.04800076805 6.130134887622036e-08
76050.04800076805 7.004167881409093e-08
76100.04800076805 5.5684402086310904e-08
76150.04800076805 7.171818005552895e-08
76200.04800076805 7.099851334635425e-08
76250.04800076805 6.111749714357883e-08
76300.04800076805 8.747683801203834e-08
76350.04800076805 1.082812880381949e-07
76400.04800076805 8.770130715684369e-08
76450.04800076805 8.323513861798594e-08
76500.04800076805 5.793168147639898e-08
76550.04800076805 4.3238237629763695e-08
76600.04800076805 1.5506359595964075e-08
76650.04800076805 1.50579798710562e-08
76700.04800076805 1.9510173061760745e-08
76750.04800076805 1.911481231905502e-08
76800.04800076805 3.558403429624112e-08
76850.04800076805 9.807436714940875e-09
76900.04800076805 1.4489846898337233e-08
76950.04800076805 2.8287253883081526e-08
77000.04800076805 3.497881984939891e-08
77050.04800076805 1.8248549562494144e-08
77100.04800076805 2.2981688314688043e-08
77150.04800076805 4.057973271075043e-08
77200.04800076805 2.806754253233526e-08
77250.04800076805 3.333709871886031e-08
77300.04800076805 3.379311667440888e-08
77350.04800076805 1.7818411060623693e-08
77400.04800076805 2.008759068509649e-08
77450.04800076805 2.3496224811085547e-08
77500.04800076805 2.522143401394403e-08
77550.04800076805 3.0137358330462025e-08
77600.04800076805 2.5857740123817425e-08
77650.04800076805 2.843884151413335e-08
77700.04800076805 1.9263488415306308e-08
77750.04800076805 3.9521135159486874e-08
77800.04800076805 3.359475108973483e-08
77850.04800076805 5.999996825930556e-08
77900.04800076805 4.126839719411627e-08
77950.04800076805 1.9011302736420798e-08
78000.04800076805 3.48542243142165e-08
78050.04800076805 4.1986297871830513e-08
78100.04800076805 3.3706626953701e-08
78150.04800076805 5.719556897400934e-08
78200.04800076805 4.9464325449902284e-08
78250.04800076805 5.1545826834871335e-08
78300.04800076805 5.181742829527064e-08
78350.04800076805 5.120130744434276e-08
78400.04800076805 3.8229403599975675e-08
78450.04800076805 6.392169407515552e-08
78500.04800076805 5.435112955708678e-08
78550.04800076805 6.997435052780526e-08
78600.04800076805 5.9246069147473596e-08
78650.04800076805 1.7969324829586895e-08
78700.04800076805 3.153190621329375e-08
78750.04800076805 3.540908123005616e-08
78800.04800076805 5.4546704277763667e-08
78850.04800076805 2.713030490649779e-08
78900.04800076805 4.699112757413579e-08
78950.04800076805 5.041848085171044e-08
79000.04800076805 4.6265500273124555e-08
79050.04800076805 4.2275994109669543e-08
79100.04800076805 4.004444417240289e-08
79150.04800076805 4.58035605484733e-08
79200.04800076805 6.101093497723794e-08
79250.04800076805 4.5761511565255165e-08
79300.04800076805 3.143171889858174e-08
79350.04800076805 4.519726236758607e-08
79400.04800076805 4.116979942044436e-08
79450.04800076805 6.176506097287931e-08
79500.04800076805 8.974351720392139e-08
79550.04800076805 6.275132261814804e-08
79600.04800076805 3.6646242958504105e-08
79650.04800076805 5.493625863809617e-08
79700.04800076805 6.395242250584277e-08
79750.04800076805 6.390793475315043e-08
79800.04800076805 3.666533257745814e-08
79850.04800076805 5.008079793543992e-08
79900.04800076805 8.672560547449709e-08
79950.04800076805 5.270076167259e-08
