galfind/configs/Brown_Dwarf_templates/sonora_cholla/logkzz4/31g/850K_31g_logkzz4_resample.dat
# %ECSV 1.0
# ---
# datatype:
# - {name: wav, unit: Angstrom, datatype: float64}
# - {name: flux_nu, unit: erg / (cm2 Hz s), datatype: float64}
# schema: astropy-2.0
wav flux_nu
[from data line 1162]
68100.00000000009 1.2138684092786176e-07
68150.00000000009 9.309830728660087e-08
68200.00000000009 9.011258319791693e-08
68250.00000000009 3.4404061167419316e-08
68300.00000000009 7.847423174971569e-08
68350.00000000009 3.997239866240019e-08
68400.00000000009 1.269606773925844e-07
68450.00000000009 1.146494366705458e-07
68500.00000000009 8.831061532392636e-08
68550.00000000009 5.171311789635489e-08
68600.00000000009 5.429282474450809e-08
68650.00000000009 3.216967932579308e-08
68700.00000000009 6.18370674025021e-08
68750.00000000009 8.417174248489669e-08
68800.00000000009 9.736283895295696e-08
68850.00000000009 3.898469563246009e-08
68900.00000000009 1.2255067822389274e-07
68950.00000000009 1.1666775583233361e-07
69000.00000000009 1.0470411337318017e-07
69050.00000000009 6.161059243983657e-08
69100.00000000009 1.1984296856389634e-07
69150.00000000009 1.5492803840130706e-07
69200.00000000009 9.517090805280962e-08
69250.00000000009 1.4795321765450307e-07
69300.00000000009 7.80866047117858e-08
69350.00000000009 1.3525466237919526e-07
69400.00000000009 5.5423151711339855e-08
69450.00000000009 1.2877928130515085e-07
69500.00000000009 7.722452715009843e-08
69550.00000000009 7.67783173654674e-08
69600.00000000009 2.773626587566338e-08
69650.00000000009 6.834051012037852e-08
69700.00000000009 1.2052042484268169e-07
69750.00000000009 8.251856615546809e-08
69800.00000000009 1.1002490193978407e-07
69850.00000000009 1.1035250900382074e-07
69900.00000000009 7.063015839375618e-08
69950.00000000009 7.920260154903967e-08
70000.00000000009 8.054793166407414e-08
70050.00000000009 1.298779356387159e-07
70100.00000000009 9.616653588799162e-08
70150.00000000009 9.316184396849796e-08
70200.00000000009 6.083173772153697e-08
70250.00000000009 9.058691756994836e-08
70300.00000000009 1.257858591941139e-07
70350.00000000009 8.392627908667463e-08
70400.00000000009 6.70072566479484e-08
70450.00000000009 2.697260710411219e-08
70500.00000000009 5.612490807858381e-08
70550.00000000009 5.901507590973166e-08
70600.00000000009 5.2468832262920996e-08
70650.00000000009 1.039131624926952e-07
70700.00000000009 9.790518209513128e-08
70750.00000000009 1.0992609224708857e-07
70800.00000000009 6.669984340537763e-08
70850.00000000009 7.033337356762345e-08
70900.00000000009 6.776185884168202e-08
70950.00000000009 1.1861641718028805e-07
71000.00000000009 9.611686830902292e-08
71050.00000000009 9.464569921093873e-08
71100.00000000009 7.332991230761946e-08
71150.00000000009 7.962826714032478e-08
71200.00000000009 7.032269900715442e-08
71250.00000000009 7.784373367862205e-08
71300.00000000009 1.1479196409560165e-07
71350.00000000009 1.1269774345549945e-07
71400.00000000009 1.0384648862937724e-07
71450.00000000009 5.098598968542618e-08
71500.00000000009 6.178891722244948e-08
71550.00000000009 7.169615363267459e-08
71600.00000000009 7.503193939431735e-08
71650.00000000009 6.817351948827475e-08
71700.00000000009 5.234576920417705e-08
71750.00000000009 7.446695989057966e-08
71800.00000000009 1.0593087152375403e-07
71850.00000000009 9.817953338204453e-08
71900.00000000009 6.349522475753692e-08
71950.00000000009 7.222917658024675e-08
72000.00000000009 7.199845141950458e-08
72050.00000000009 4.9714175053633786e-08
72100.00000000009 5.729516498290404e-08
72150.00000000009 4.468299035727195e-08
72200.00000000009 7.307070980395452e-08
72250.00000000009 8.197286741071384e-08
72300.00000000009 7.795768393751587e-08
72350.00000000009 8.275127552173832e-08
72400.00000000009 6.444523605206978e-08
72450.00000000009 5.3990655377841495e-08
72500.00000000009 6.795306340852545e-08
72550.00000000009 3.6110186356042236e-08
72600.00000000009 4.117753484106207e-08
72650.00000000009 8.724026113476503e-08
72700.00000000009 7.793222270822371e-08
72750.00000000009 6.635997677617815e-08
72800.00000000009 5.616493270026037e-08
72850.00000000009 5.6403069563838504e-08
72900.00000000009 7.409723161553536e-08
72950.00000000009 7.477260355954646e-08
73000.00000000009 7.487380424514795e-08
73050.00000000009 5.323275431283407e-08
73100.00000000009 5.191296768428286e-08
73150.00000000009 1.025395892900171e-07
73200.00000000009 5.077426322631061e-08
73250.00000000009 6.433346813770032e-08
73300.00000000009 6.479421778463534e-08
73350.00000000009 4.5403845358165e-08
73400.00000000009 6.420137055890589e-08
73450.00000000009 4.18442931946297e-08
73500.00000000009 3.628917567634712e-08
73550.00000000009 5.68942657446556e-08
73600.00000000009 4.122513380853269e-08
73650.00000000009 6.21993353556769e-08
73700.00000000009 7.167778433621649e-08
73750.00000000009 4.001015133584182e-08
73800.00000000009 5.831216326638793e-08
73850.00000000009 6.653176666549885e-08
73900.00000000009 6.650265322681701e-08
73950.00000000009 5.9265977289949925e-08
74000.00000000009 4.546188202034102e-08
74050.00000000009 9.611426616225723e-08
74100.00000000009 5.6257006687554564e-08
74150.00000000009 6.040333717889765e-08
74200.00000000009 5.4552664604471746e-08
74250.00000000009 2.51569929923726e-08
74300.00000000009 5.59654536579119e-08
74350.00000000009 7.611429058443228e-08
74400.00000000009 6.926188106281061e-08
74450.00000000009 3.4031648323997206e-08
74500.00000000009 3.969066958823894e-08
74550.00000000009 5.266087420076292e-08
74600.00000000009 5.45302587428471e-08
74650.00000000009 5.4778491970665536e-08
74700.00000000009 3.9259373080055556e-08
74750.00000000009 4.168508455772321e-08
74800.00000000009 4.830244118720924e-08
74850.00000000009 3.32424083242839e-08
74900.00000000009 6.842608123728382e-08
74950.00000000009 8.314284552779442e-08
75000.00000000009 5.0989883869660825e-08
75050.00000000009 3.3326017191139085e-08
75100.00000000009 8.521406268644999e-08
75150.00000000009 7.392286532543009e-08
75200.00000000009 8.711900110126486e-08
75250.00000000009 7.774178412552956e-08
75300.00000000009 7.650047111774788e-08
75350.00000000009 4.421103746401436e-08
75400.00000000009 8.606796517132096e-08
75450.00000000009 7.274266683011913e-08
75500.00000000009 5.644491384214764e-08
75550.00000000009 8.407097619089816e-08
75600.00000000009 1.032079375677708e-07
75650.00000000009 5.506700398682311e-08
75700.00000000009 6.833944923520117e-08
75750.00000000009 4.551735976822689e-08
75800.00000000009 7.640465624423481e-08
75850.00000000009 9.841112162899827e-08
75900.00000000009 8.423235572434937e-08
75950.00000000009 5.3708107025202775e-08
76000.00000000009 7.495665176409832e-08
76050.00000000009 8.53967139962156e-08
76100.00000000009 6.797691871168328e-08
76150.00000000009 8.766102275723424e-08
76200.00000000009 8.766131383937155e-08
76250.00000000009 9.996284595312846e-08
76300.00000000009 1.0695614589880449e-07
76350.00000000009 1.4661807828932977e-07
76400.00000000009 1.069406487504188e-07
76450.00000000009 1.0182850868902972e-07
76500.00000000009 7.692639066322732e-08
76550.00000000009 6.029273996298999e-08
76600.00000000009 2.363174714062273e-08
76650.00000000009 2.4378538681753146e-08
76700.00000000009 2.8272018421075165e-08
76750.00000000009 2.7744143633492708e-08
76800.00000000009 5.028909522171482e-08
76850.00000000009 1.414081572472349e-08
76900.00000000009 2.241579163269914e-08
76950.00000000009 3.9961726116338694e-08
77000.00000000009 4.673648892114082e-08
77050.00000000009 2.5956850378162466e-08
77100.00000000009 3.298670766994875e-08
77150.00000000009 5.348918018986167e-08
77200.00000000009 3.875825473821597e-08
77250.00000000009 4.6414686136454144e-08
77300.00000000009 4.5230616355727983e-08
77350.00000000009 2.7307761189301106e-08
77400.00000000009 2.7730527947818413e-08
77450.00000000009 3.181762777086733e-08
77500.00000000009 3.154404138739321e-08
77550.00000000009 4.021862416669839e-08
77600.00000000009 3.814822180639906e-08
77650.00000000009 3.895439630978899e-08
77700.00000000009 2.688752213259218e-08
77750.00000000009 5.323761505371494e-08
77800.00000000009 4.2514225109092565e-08
77850.00000000009 7.556013566001913e-08
77900.00000000009 5.5172601356563174e-08
77950.00000000009 2.812673691650908e-08
78000.00000000009 4.732321827756775e-08
78050.00000000009 5.504325446208958e-08
78100.00000000009 4.250037977494623e-08
78150.00000000009 7.03932100172429e-08
78200.00000000009 6.357374489526034e-08
78250.00000000009 7.734593897030657e-08
78300.00000000009 6.919113938996874e-08
78350.00000000009 6.46696157883975e-08
78400.00000000009 5.384090286122678e-08
78450.00000000009 8.277012687864612e-08
78500.00000000009 6.84789758457382e-08
78550.00000000009 8.532004571779519e-08
78600.00000000009 7.318424731372887e-08
78650.00000000009 2.5214089153501036e-08
78700.00000000009 4.195955823967136e-08
78750.00000000009 4.58748353938524e-08
78800.00000000009 7.078382264633407e-08
78850.00000000009 3.854152891228856e-08
78900.00000000009 6.412890943417704e-08
78950.00000000009 6.126517806904975e-08
79000.00000000009 5.826109041099981e-08
79050.00000000009 5.478636701671615e-08
79100.00000000009 5.302115370684161e-08
79150.00000000009 5.826175139771118e-08
79200.00000000009 7.827579782708233e-08
79250.00000000009 6.16312881755066e-08
79300.00000000009 4.241662037822092e-08
79350.00000000009 6.390756959064586e-08
79400.00000000009 5.557690850148659e-08
79450.00000000009 7.54401717215353e-08
79500.00000000009 1.0916771035029665e-07
79550.00000000009 8.028842106541842e-08
79600.00000000009 4.732300102392533e-08
79650.00000000009 7.041886799547673e-08
79700.00000000009 8.418792944896626e-08
79750.00000000009 8.225737495632249e-08
79800.00000000009 6.38418819579847e-08
79850.00000000009 6.49406569676907e-08
79900.00000000009 1.0689079894083215e-07
79950.00000000009 6.554778221935413e-08
