galfind/configs/Brown_Dwarf_templates/sonora_cholla/logkzz4/31g/900K_31g_logkzz4_resample.dat
# %ECSV 1.0
# ---
# datatype:
# - {name: wav, unit: Angstrom, datatype: float64}
# - {name: flux_nu, unit: erg / (cm2 Hz s), datatype: float64}
# schema: astropy-2.0
wav flux_nu
[from data line 1161]
68050.00000000009 1.217026009495034e-07
68100.00000000009 1.4444149032500362e-07
68150.00000000009 1.1200357955376028e-07
68200.00000000009 1.0973773177077794e-07
68250.00000000009 4.6817302248319056e-08
68300.00000000009 9.550927384644767e-08
68350.00000000009 4.9003722781517117e-08
68400.00000000009 1.5061432799518038e-07
68450.00000000009 1.3907922706580477e-07
68500.00000000009 1.1030449517347342e-07
68550.00000000009 6.983063391209178e-08
68600.00000000009 7.268271309291832e-08
68650.00000000009 4.55556942470322e-08
68700.00000000009 8.154113019036448e-08
68750.00000000009 1.0638347358328813e-07
68800.00000000009 1.2079844483575046e-07
68850.00000000009 5.2866417953409296e-08
68900.00000000009 1.4946473829869312e-07
68950.00000000009 1.4519241324811002e-07
69000.00000000009 1.3239047164689023e-07
69050.00000000009 8.193767512022833e-08
69100.00000000009 1.451575180975753e-07
69150.00000000009 1.851188604334551e-07
69200.00000000009 1.1473966902523024e-07
69250.00000000009 1.740031529170675e-07
69300.00000000009 9.358917985075089e-08
69350.00000000009 1.5854958154825593e-07
69400.00000000009 7.081155876805214e-08
69450.00000000009 1.5364759367182186e-07
69500.00000000009 9.775984610240732e-08
69550.00000000009 9.895606844165121e-08
69600.00000000009 3.8415816107209747e-08
69650.00000000009 8.8632840285256e-08
69700.00000000009 1.4707846625317297e-07
69750.00000000009 1.0122830892521438e-07
69800.00000000009 1.3425608844600934e-07
69850.00000000009 1.3489832271144462e-07
69900.00000000009 8.801753926675383e-08
69950.00000000009 1.0019311223119797e-07
70000.00000000009 9.872304145248073e-08
70050.00000000009 1.5301778819635155e-07
70100.00000000009 1.1555986081600775e-07
70150.00000000009 1.1470857813146216e-07
70200.00000000009 7.700085512779327e-08
70250.00000000009 1.1127527669744737e-07
70300.00000000009 1.4817111309557213e-07
70350.00000000009 1.0021515132942795e-07
70400.00000000009 8.685443201216957e-08
70450.00000000009 3.907800004319887e-08
70500.00000000009 7.171330903471237e-08
70550.00000000009 7.648769971674576e-08
70600.00000000009 6.863272826021144e-08
70650.00000000009 1.2419322587313604e-07
70700.00000000009 1.169578716620118e-07
70750.00000000009 1.29452759953772e-07
70800.00000000009 8.236611712560532e-08
70850.00000000009 8.650276520403517e-08
70900.00000000009 8.203460482798908e-08
70950.00000000009 1.418038129516345e-07
71000.00000000009 1.1406535295186953e-07
71050.00000000009 1.1333117065655277e-07
71100.00000000009 9.17414459981056e-08
71150.00000000009 1.0029627134976842e-07
71200.00000000009 8.900285775797194e-08
71250.00000000009 9.529364664166894e-08
71300.00000000009 1.376866269969036e-07
71350.00000000009 1.3322152189218307e-07
71400.00000000009 1.2548325243590759e-07
71450.00000000009 6.452187066967009e-08
71500.00000000009 8.013370380599312e-08
71550.00000000009 8.944705837822418e-08
71600.00000000009 9.378625912607198e-08
71650.00000000009 8.815609781581033e-08
71700.00000000009 6.937701188186261e-08
71750.00000000009 9.212133459676818e-08
71800.00000000009 1.2749912502792477e-07
71850.00000000009 1.1859866905225158e-07
71900.00000000009 7.971647612558556e-08
71950.00000000009 8.81498267603425e-08
72000.00000000009 8.876737013726206e-08
72050.00000000009 6.431345023348113e-08
72100.00000000009 7.493301505517672e-08
72150.00000000009 5.86429342733786e-08
72200.00000000009 8.778064939957365e-08
72250.00000000009 9.920319968087007e-08
72300.00000000009 9.659486757236333e-08
72350.00000000009 9.990406422809033e-08
72400.00000000009 7.889039978176202e-08
72450.00000000009 6.755210533150734e-08
72500.00000000009 8.344389256093244e-08
72550.00000000009 4.77610059922127e-08
72600.00000000009 4.959889794899333e-08
72650.00000000009 1.0562668078879683e-07
72700.00000000009 9.798746221692776e-08
72750.00000000009 8.162816031159235e-08
72800.00000000009 7.237624372423823e-08
72850.00000000009 7.02485303704707e-08
72900.00000000009 8.73556387413321e-08
72950.00000000009 9.192161724862456e-08
73000.00000000009 9.272443209432854e-08
73050.00000000009 6.988612980814637e-08
73100.00000000009 6.506051306342986e-08
73150.00000000009 1.2245788218714226e-07
73200.00000000009 6.531894958152452e-08
73250.00000000009 7.822628196954373e-08
73300.00000000009 8.227175059216452e-08
73350.00000000009 5.977708215807845e-08
73400.00000000009 8.008452567399407e-08
73450.00000000009 5.309447408991806e-08
73500.00000000009 4.8303499798169346e-08
73550.00000000009 6.994437949479404e-08
73600.00000000009 5.1621151383274926e-08
73650.00000000009 7.729154640444153e-08
73700.00000000009 9.073382330875819e-08
73750.00000000009 5.1744877458579325e-08
73800.00000000009 7.29958938007992e-08
73850.00000000009 8.122684039771593e-08
73900.00000000009 8.515488585942666e-08
73950.00000000009 7.592276581661063e-08
74000.00000000009 6.188174784345542e-08
74050.00000000009 1.1801748661277228e-07
74100.00000000009 6.81721217664346e-08
74150.00000000009 7.628247384581392e-08
74200.00000000009 6.895961591600152e-08
74250.00000000009 3.540813663849805e-08
74300.00000000009 6.998859002770149e-08
74350.00000000009 9.161382763634178e-08
74400.00000000009 8.240325119409487e-08
74450.00000000009 4.412201267531622e-08
74500.00000000009 5.368507141346766e-08
74550.00000000009 6.738712970923557e-08
74600.00000000009 6.920699914208437e-08
74650.00000000009 6.928139226709003e-08
74700.00000000009 5.159176339473381e-08
74750.00000000009 5.744595700896077e-08
74800.00000000009 6.278999594317175e-08
74850.00000000009 4.2834121928193335e-08
74900.00000000009 8.497131529958925e-08
74950.00000000009 1.0231668025662022e-07
75000.00000000009 6.81664768893502e-08
75050.00000000009 4.802240100144416e-08
75100.00000000009 1.0586701894012534e-07
75150.00000000009 8.985964939746663e-08
75200.00000000009 1.058526313320222e-07
75250.00000000009 9.1418048153233e-08
75300.00000000009 9.569845869737287e-08
75350.00000000009 5.722901844051437e-08
75400.00000000009 1.0285655068560684e-07
75450.00000000009 8.784472829725822e-08
75500.00000000009 7.033040659149115e-08
75550.00000000009 1.0465966820882973e-07
75600.00000000009 1.248623165584837e-07
75650.00000000009 6.82430434291818e-08
75700.00000000009 8.284242747432578e-08
75750.00000000009 5.752422535367021e-08
75800.00000000009 9.351004328497856e-08
75850.00000000009 1.1984570464623408e-07
75900.00000000009 1.0246641296412671e-07
75950.00000000009 7.044177682041544e-08
76000.00000000009 8.909904006659485e-08
76050.00000000009 1.0373042211595525e-07
76100.00000000009 8.162392710772732e-08
76150.00000000009 1.0640171911637837e-07
76200.00000000009 1.0693899300259116e-07
76250.00000000009 1.243260622575973e-07
76300.00000000009 1.278833810695596e-07
76350.00000000009 1.693791031739653e-07
76400.00000000009 1.26360363882182e-07
76450.00000000009 1.2163226942625695e-07
76500.00000000009 9.469693713157398e-08
76550.00000000009 7.901866436688041e-08
76600.00000000009 3.443480140572928e-08
76650.00000000009 3.490970007954368e-08
76700.00000000009 3.940484237623729e-08
76750.00000000009 3.8835895594929506e-08
76800.00000000009 6.682727940049776e-08
76850.00000000009 2.0238731093003715e-08
76900.00000000009 3.1877943680145885e-08
76950.00000000009 5.23164594358113e-08
77000.00000000009 5.893614101936222e-08
77050.00000000009 3.486329318306532e-08
77100.00000000009 4.407740870547174e-08
77150.00000000009 6.853400641236847e-08
77200.00000000009 5.093062883846745e-08
77250.00000000009 6.074606509766343e-08
77300.00000000009 5.829860941074774e-08
77350.00000000009 3.730200507519668e-08
77400.00000000009 3.532789353178305e-08
77450.00000000009 4.172975493477965e-08
77500.00000000009 4.002160396049976e-08
77550.00000000009 5.199807082743021e-08
77600.00000000009 5.237235589107756e-08
77650.00000000009 5.126741045963294e-08
77700.00000000009 3.317651584578751e-08
77750.00000000009 6.705884756453399e-08
77800.00000000009 5.257001819703486e-08
77850.00000000009 8.952686041963125e-08
77900.00000000009 6.776651836656237e-08
77950.00000000009 3.8661213356533124e-08
78000.00000000009 5.87459599245421e-08
78050.00000000009 6.956085099509539e-08
78100.00000000009 5.2442436839178617e-08
78150.00000000009 8.296459465853838e-08
78200.00000000009 7.962612569542376e-08
78250.00000000009 9.072367640659395e-08
78300.00000000009 8.599701866662391e-08
78350.00000000009 7.751115936193614e-08
78400.00000000009 7.026673989027371e-08
78450.00000000009 1.008436498460219e-07
78500.00000000009 8.213013119923622e-08
78550.00000000009 1.0054476472591679e-07
78600.00000000009 8.701202570036775e-08
78650.00000000009 3.387655224096711e-08
78700.00000000009 5.386030049196696e-08
78750.00000000009 5.756900892625091e-08
78800.00000000009 8.59073354982385e-08
78850.00000000009 5.2402610586282574e-08
78900.00000000009 8.142015561403937e-08
78950.00000000009 7.27725057935478e-08
79000.00000000009 7.072688467659807e-08
79050.00000000009 6.693946091151353e-08
79100.00000000009 6.679079155483296e-08
79150.00000000009 7.161427434424411e-08
79200.00000000009 9.647821399722787e-08
79250.00000000009 7.950316924195483e-08
79300.00000000009 5.371811255606205e-08
79350.00000000009 8.085639860257435e-08
79400.00000000009 7.079936905840259e-08
79450.00000000009 8.653608129990467e-08
79500.00000000009 1.2757629929236237e-07
79550.00000000009 9.582473949854936e-08
79600.00000000009 6.009206004635209e-08
79650.00000000009 8.666331936132916e-08
79700.00000000009 1.051205203433963e-07
79750.00000000009 9.989161346441218e-08
79800.00000000009 8.141459396798247e-08
79850.00000000009 8.025618182757346e-08
79900.00000000009 1.2494816757633338e-07
79950.00000000009 7.754718931727641e-08
