galfind/configs/Brown_Dwarf_templates/sonora_cholla/logkzz4/31g/950K_31g_logkzz4_resample.dat
# %ECSV 1.0
# ---
# datatype:
# - {name: wav, unit: Angstrom, datatype: float64}
# - {name: flux_nu, unit: erg / (cm2 Hz s), datatype: float64}
# schema: astropy-2.0
wav flux_nu
10000.300009000362 nan
10050.300009000362 1.252167881841133e-07
10100.300009000362 1.5427944378809996e-07
10150.300009000362 1.6578878483553923e-07
10200.300009000362 1.9100819453773355e-07
10250.300009000362 2.0885839429913652e-07
10300.300009000362 2.1616013223669256e-07
10350.300009000362 2.5463749847426194e-07
10400.300009000362 2.8544323509235584e-07
10450.300009000362 2.8785647868524766e-07
10500.300009000362 2.7360402636808363e-07
10550.300009000362 2.730739060262042e-07
10600.300009000362 2.80989428736215e-07
10650.300009000362 3.1109602141665306e-07
10700.300009000362 3.281402542731649e-07
10750.300009000362 3.482551335498982e-07
10800.300009000362 3.5370934765966123e-07
10850.300009000362 3.6929054029712777e-07
10900.300009000362 2.7717844299628e-07
10950.300009000362 1.630658221252751e-07
11000.300009000362 1.3869733500147912e-07
11050.300009000362 1.1192880192814116e-07
11100.300009000362 9.225898551588701e-08
11150.300009000362 6.683941228090472e-08
11200.300009000362 6.161823110346727e-08
11250.300009000362 7.40823133818696e-08
11300.300009000362 7.573344855718638e-08
11350.300009000362 3.758979321028424e-08
11400.300009000362 7.012138445012104e-08
11450.300009000362 5.362344917521972e-08
11500.300009000362 5.7084329186103137e-08
11550.300009000362 3.498994569318278e-08
11600.300009000362 3.765284232594276e-08
11650.300009000362 5.037352344636527e-08
11700.300009000362 5.622885893759788e-08
11750.300009000362 3.146642704753345e-08
11800.300009000362 6.304806754173324e-08
11850.300009000362 9.177372880329956e-08
11900.300009000362 9.572744064446813e-08
11950.300009000362 1.376426933461035e-07
12000.300009000362 1.5915623228306692e-07
12050.300009000362 1.964662213711535e-07
12100.300009000362 2.3336374988826102e-07
12150.300009000362 2.570766145260722e-07
12200.300009000362 3.0425494383054373e-07
12250.300009000362 3.495815016940036e-07
12300.300009000362 3.81434625796399e-07
12350.300009000362 4.0728089518222897e-07
12400.300009000362 4.4416488532793464e-07
12450.300009000362 5.139590513883588e-07
12500.300009000362 5.499052755173378e-07
12550.300009000362 5.815597671155212e-07
12600.300009000362 5.761335584625343e-07
12650.300009000362 5.745754434564197e-07
12700.300009000362 5.952956731687024e-07
12750.300009000362 5.635978067536659e-07
12800.300009000362 5.68130474836409e-07
12850.300009000362 5.076060675740281e-07
12900.300009000362 4.514633239520407e-07
12950.300009000362 4.7097686561315885e-07
13000.300009000362 4.528077525101039e-07
13050.300009000362 4.207044926035946e-07
13100.300009000362 3.729341321089429e-07
13150.300009000362 3.0746820619551245e-07
13200.300009000362 2.873591545195029e-07
13250.300009000362 2.2293817396664046e-07
13300.300009000362 1.10951568141882e-07
13350.300009000362 3.73260061692949e-08
13400.300009000362 2.171222720360218e-08
13450.300009000362 1.1751720733587879e-08
13500.300009000362 7.047183868862013e-09
13550.300009000362 5.8073849198319494e-09
13600.300009000362 3.0930315875195023e-09
13650.300009000362 8.226600213609038e-09
13700.300009000362 6.819425064938486e-09
13750.300009000362 6.955918152955225e-09
13800.300009000362 8.644100905006107e-09
13850.300009000362 7.0780702948346035e-09
13900.300009000362 7.090136302908436e-09
13950.300009000362 6.2624044042813636e-09
14000.300009000362 5.7569373785044005e-09
14050.300009000362 7.305637149774837e-09
14100.300009000362 6.334558122842753e-09
14150.300009000362 8.59699263012958e-09
14200.300009000362 6.991496905294876e-09
14250.300009000362 7.393891081743243e-09
14300.300009000362 1.1120840944197302e-08
14350.300009000362 1.0864794654289292e-08
14400.300009000362 1.3275803098605417e-08
14450.300009000362 1.4144067058834557e-08
14500.300009000362 2.5600196098938895e-08
14550.300009000362 2.593319566961586e-08
14600.300009000362 3.316003518460624e-08
14650.300009000362 3.726479894339601e-08
14700.300009000362 2.624124381832375e-08
14750.300009000362 3.6447852915663794e-08
14800.300009000362 4.570365217759353e-08
14850.300009000362 4.73343514208966e-08
14900.300009000362 5.232781222830846e-08
14950.300009000362 5.993672775794863e-08
15000.300009000362 6.260150291003323e-08
15050.300009000362 7.971867052394954e-08
15100.300009000362 8.943033808207681e-08
15150.300009000362 9.851809804704803e-08
15200.300009000362 8.546156402667809e-08
15250.300009000362 1.0684344439924324e-07
15300.300009000362 1.252965678962013e-07
15350.300009000362 1.4928474913170972e-07
15400.300009000362 1.644853051654675e-07
15450.300009000362 1.8873258948554715e-07
15500.300009000362 1.9953350936413632e-07
15550.300009000362 2.2688028835592114e-07
15600.300009000362 2.3850529262806186e-07
15650.300009000362 2.476359485688865e-07
15700.300009000362 2.9369699006379283e-07
15750.300009000362 3.1728636202003994e-07
15800.300009000362 2.987713439321272e-07
15850.300009000362 3.2747183327008994e-07
15900.300009000362 3.139365744255521e-07
15950.300009000362 3.027373516278456e-07
16000.300009000362 2.8559271156538856e-07
16050.300009000362 2.3712826569572204e-07
16100.300009000362 2.023918799795206e-07
16150.300009000362 1.3736201220514746e-07
16200.300009000362 1.0316350419438035e-07
16250.300009000362 1.0323529190293984e-07
16300.300009000362 8.61891090152076e-08
16350.300009000362 9.253547250867005e-08
16400.300009000362 1.0562198206670582e-07
16450.300009000362 1.1758107257515626e-07
16500.300009000362 1.253676346950835e-07
16550.300009000362 1.1498871225153637e-07
16600.300009000362 1.0922071240131822e-07
16650.300009000362 8.791324192726227e-08
16700.300009000362 3.959653057059841e-08
16750.300009000362 5.142482292858724e-08
16800.300009000362 8.110408151121147e-08
16850.300009000362 8.364631572982418e-08
16900.300009000362 7.10732255126335e-08
16950.300009000362 6.140870056234032e-08
17000.300009000362 5.2148876251654474e-08
17050.300009000362 6.552697112897469e-08
17100.300009000362 7.737410369348785e-08
17150.300009000362 5.7734811112374164e-08
17200.300009000362 8.414749657226433e-08
17250.300009000362 6.96635903562539e-08
17300.300009000362 5.7050838043283305e-08
17350.300009000362 5.675949869077242e-08
17400.300009000362 5.459739629557926e-08
17450.300009000362 6.323828391231418e-08
17500.300009000362 7.381698723417741e-08
17550.300009000362 6.217992733293479e-08
17600.300009000362 5.3193823615557226e-08
17650.300009000362 5.375397094573006e-08
17700.300009000362 3.736951534695451e-08
17750.300009000362 3.6560328454028437e-08
17800.300009000362 4.8560262553663176e-08
17850.300009000362 3.3079317401632755e-08
17900.300009000362 3.728767122002573e-08
17950.300009000362 2.577164678439709e-08
18000.300009000362 2.971757530888462e-08
18050.300009000362 3.2444217206103705e-08
18100.300009000362 2.6938831434832294e-08
18150.300009000362 4.216286363852459e-08
18200.300009000362 2.5568669604738917e-08
18250.300009000362 5.026786518695562e-08
18300.300009000362 3.3367702941824294e-08
18350.300009000362 2.8872984965677065e-08
18400.300009000362 2.5616426505666423e-08
18450.300009000362 3.01390057800008e-08
18500.300009000362 3.6181717244285836e-08
18550.300009000362 2.7341560848421876e-08
18600.300009000362 2.3627906897877137e-08
18650.300009000362 2.2173443234991737e-08
18700.300009000362 2.2732815006732333e-08
18750.300009000362 2.5841724830789008e-08
18800.300009000362 4.619876553097986e-08
18850.300009000362 5.400330348615192e-08
18900.300009000362 5.037356761923167e-08
18950.300009000362 7.117586600079637e-08
19000.300009000362 5.3337019788874705e-08
19050.300009000362 4.312440777022513e-08
19100.300009000362 6.767112657498676e-08
19150.300009000362 5.6918308536922366e-08
19200.300009000362 6.099250191682527e-08
19250.300009000362 5.567510428529077e-08
19300.300009000362 4.850644395714444e-08
19350.300009000362 4.471296722849017e-08
19400.300009000362 2.980026816193861e-08
19450.300009000362 5.1942052528456265e-08
19500.300009000362 4.6892837152780934e-08
19550.300009000362 3.8311276021425765e-08
19600.300009000362 5.378804148359712e-08
19650.300009000362 5.7057239346583296e-08
19700.300009000362 6.028121749157516e-08
19750.300009000362 6.008198170115724e-08
19800.300009000362 7.107969769825628e-08
19850.300009000362 8.147711144305594e-08
19900.300009000362 5.8984345408626655e-08
19950.300009000362 9.346392688259226e-08
20000.300009000362 9.460041298185285e-08
20050.300009000362 9.954261690357309e-08
20100.300009000362 1.0743605946734119e-07
20150.300009000362 9.935290667127044e-08
20200.300009000362 1.2223525483676265e-07
20250.300009000362 1.3928984629595606e-07
20300.300009000362 1.219817886785609e-07
20350.300009000362 1.3941138206392172e-07
20400.300009000362 1.369891130163393e-07
20450.300009000362 1.708037110487312e-07
20500.300009000362 1.6895507043710633e-07
20550.300009000362 1.61779539657471e-07
20600.300009000362 1.926447747257785e-07
20650.300009000362 1.7576242635236043e-07
20700.300009000362 1.8411218403307188e-07
20750.300009000362 2.0636969177501736e-07
20800.300009000362 2.0084012060191366e-07
20850.300009000362 1.9529163174126694e-07
20900.300009000362 2.079255895740693e-07
20950.300009000362 1.9032826402652114e-07
21000.300009000362 2.0640827843831293e-07
21050.300009000362 1.9083621841753928e-07
21100.300009000362 1.8833695266049386e-07
21150.300009000362 1.8439852255506524e-07
21200.300009000362 1.7656948731125072e-07
21250.300009000362 1.761773496991703e-07
21300.300009000362 1.5337720095258503e-07
21350.300009000362 1.6187063423452146e-07
21400.300009000362 1.4172389696192947e-07
21450.300009000362 1.3311952692825654e-07
21500.300009000362 1.3430209229148982e-07
21550.300009000362 1.2370887317616247e-07
21600.300009000362 1.1491981022583283e-07
21650.300009000362 9.698288297327754e-08
21700.300009000362 1.052983516861486e-07
21750.300009000362 9.883365576533053e-08
21800.300009000362 8.650600864572892e-08
21850.300009000362 7.542004342656306e-08
21900.300009000362 6.69093494315498e-08
21950.300009000362 3.2980977059116896e-08
22000.300009000362 2.177616448503157e-08
22050.300009000362 1.5167665985172476e-08
22100.300009000362 2.3975811927001905e-08
22150.300009000362 3.135898333784669e-08
22200.300009000362 3.019918530215089e-08
22250.300009000362 2.6872932441012545e-08
22300.300009000362 2.5778496333345608e-08
22350.300009000362 2.36909181284524e-08
22400.300009000362 1.9511280889180964e-08
22450.300009000362 1.7476455565210732e-08
22500.300009000362 1.9202999443564205e-08
22550.300009000362 9.643619885609334e-09
22600.300009000362 1.4251848745322685e-08
22650.300009000362 1.549182964181344e-08
22700.300009000362 1.3543678656613527e-08
22750.300009000362 1.4542513320906398e-08
22800.300009000362 1.2417594237540519e-08
22850.300009000362 1.1101302977639715e-08
22900.300009000362 8.833930018903625e-09
22950.300009000362 1.0115334158551686e-08
23000.300009000362 7.808936567776132e-09
23050.300009000362 1.1735336039960151e-08
23100.300009000362 1.8271419853931478e-08
23150.300009000362 1.943630304899665e-08
23200.300009000362 7.475518145321105e-09
23250.300009000362 7.09844053879926e-09
23300.300009000362 7.296225652175771e-09
23350.300009000362 6.131563388952428e-09
23400.300009000362 9.774070633231728e-09
23450.300009000362 8.453192505011225e-09
23500.300009000362 8.036594581989165e-09
23550.300009000362 1.2500357424470811e-08
23600.300009000362 1.2077178154642211e-08
23650.300009000362 1.6581897740508455e-08
23700.300009000362 8.734958206478153e-09
23750.300009000362 6.991485862200584e-09
23800.300009000362 9.602408913042638e-09
23850.300009000362 9.771844384789867e-09
23900.300009000362 1.7125863088558244e-08
23950.300009000362 1.798184203948634e-08
24000.300009000362 2.177514448942069e-08
24050.300009000362 2.7225738552083152e-08
24100.300009000362 2.1182327845422707e-08
24150.300009000362 2.3000394164984013e-08
24200.300009000362 2.4151335015990483e-08
24250.300009000362 1.9458094121237723e-08
24300.300009000362 2.4144657576179957e-08
24350.300009000362 2.086783736350342e-08
24400.300009000362 3.393587550153542e-08
24450.300009000362 2.73309428934352e-08
24500.300009000362 3.3055928761263945e-08
24550.300009000362 3.267547423427196e-08
24600.300009000362 3.8590888511825715e-08
24650.300009000362 4.155529335914896e-08
24700.300009000362 3.3849363241850724e-08
24750.300009000362 3.0658471733475465e-08
24800.300009000362 3.4539449355880446e-08
24850.300009000362 4.802983509850342e-08
24900.300009000362 2.701459044954143e-08
24950.300009000362 4.3288095010116966e-08
25000.300009000362 4.446728278014524e-08
25050.300009000362 3.276933062196028e-08
25100.300009000362 3.967727515649038e-08
25150.300009000362 2.4619596689553966e-08
25200.300009000362 3.6156924737336006e-08
25250.300009000362 2.2458308374484205e-08
25300.300009000362 3.513949825960942e-08
25350.300009000362 1.633346455856028e-08
25400.300009000362 3.3641895541463403e-08
25450.300009000362 2.1916989651576085e-08
25500.300009000362 2.081181204383175e-08
25550.300009000362 2.6358763151274114e-08
25600.300009000362 1.5669502667214388e-08
25650.300009000362 1.4886482269973815e-08
25700.300009000362 2.7744597101617843e-08
25750.300009000362 1.3146815210231074e-08
25800.300009000362 2.8268380789231903e-08
25850.300009000362 1.288625713581402e-08
25900.300009000362 1.7314854570194965e-08
25950.300009000362 1.101656192562778e-08
26000.300009000362 2.8242452730477102e-08
26050.300009000362 1.7044445123999734e-08
26100.300009000362 2.9622442701229253e-08
26150.300009000362 2.1955928180293876e-08
26200.300009000362 2.8906409438144933e-08
26250.300009000362 3.7996264234297e-08
26300.300009000362 2.4956172677015363e-08
26350.300009000362 4.671900897751103e-08
26400.300009000362 5.416905204886251e-08
26450.300009000362 4.914683758160894e-08
26500.300009000362 4.4033249870789e-08
26550.300009000362 3.5038095339017936e-08
26600.300009000362 4.2628411046956415e-08
26650.300009000362 1.852304227163955e-08
26700.300009000362 1.283760529285383e-08
26750.300009000362 1.1478208502000411e-08
26800.300009000362 1.9180462154888268e-08
26850.300009000362 1.1594654195799446e-08
26900.300009000362 2.640135488256194e-08
26950.300009000362 1.26316637290776e-08
27000.300009000362 3.515321783455414e-08
27050.300009000362 3.031755666141863e-08
27100.300009000362 1.9711044954069752e-08
27150.300009000362 4.340329298686029e-08
27200.300009000362 1.992272769578315e-08
27250.300009000362 2.7337938106692104e-08
27300.300009000362 6.583172793281874e-08
27350.300009000362 4.405443941563052e-08
27400.300009000362 1.1076544914770964e-08
27450.300009000362 5.7800894001911266e-08
27500.300009000362 5.3814343723126024e-08
27550.300009000362 2.7319647951128634e-08
27600.300009000362 5.066188896134382e-08
27650.300009000362 2.220311351552857e-08
27700.300009000362 1.6093035338512365e-08
27750.300009000362 4.9362088364890277e-08
27800.300009000362 2.3223004077062638e-08
27850.300009000362 2.7225107091453348e-08
27900.300009000362 3.5299274982770214e-08
27950.300009000362 4.017806802106981e-08
28000.300009000362 4.550829784259321e-08
28050.300009000362 1.8158377756203434e-08
28100.300009000362 5.7077926714569613e-08
28150.300009000362 4.086863593725387e-08
28200.300009000362 1.592953206868768e-08
28250.300009000362 5.737368822743543e-08
28300.300009000362 8.208011083121755e-08
28350.300009000362 2.06673529821783e-08
28400.300009000362 5.1536955371167266e-08
28450.300009000362 5.730874970405234e-08
28500.300009000362 4.7450532695251726e-08
28550.300009000362 1.776706704930939e-08
28600.300009000362 5.892653348004835e-08
28650.300009000362 5.9238629868340196e-08
28700.300009000362 4.78340153118631e-08
28750.300009000362 7.281026994487381e-08
28800.300009000362 5.7610209548253253e-08
28850.300009000362 8.270502317275925e-08
28900.300009000362 3.404088546244457e-08
28950.300009000362 8.27462997827729e-08
29000.300009000362 5.2941985084309435e-08
29050.300009000362 6.554938857048726e-08
29100.300009000362 3.8779339228677003e-08
29150.300009000362 8.666161273248527e-08
29200.300009000362 5.7729179758058086e-08
29250.300009000362 8.604446321368624e-08
29300.300009000362 5.01060753201752e-08
