galfind/configs/Brown_Dwarf_templates/sonora_bobcat/m-0.5/316g/sp_t950g316nc_m-0.5_resample.dat
# %ECSV 1.0
# ---
# datatype:
# - {name: wav, unit: Angstrom, datatype: float64}
# - {name: flux_nu, unit: erg / (cm2 Hz s), datatype: float64}
# meta: {C/O: '1.00', Kzz: '1.0000E+05', Teff: '950.', Y: '0.28', '[Fe/H]': '-0.50', f_hole: '1.00', f_rain: '0.00', grav: '316.'}
# schema: astropy-2.0
wav flux_nu
4000.0559999999996 nan
4050.0559999999996 3.667908866966694e-13
4100.056 1.8024501829399376e-11
4150.056 5.0125009677001675e-11
4200.056 4.590061306393317e-11
4250.056 8.301677449800278e-11
4300.056 1.11550199638006e-10
4350.056 1.222922588630018e-10
4400.056 1.5190560746400187e-10
4450.056 1.771432566430036e-10
4500.056 1.78183871965006e-10
4550.056 2.0720966024999284e-10
4600.056 1.961977868359995e-10
4650.056 1.7370629263599616e-10
4700.056 1.5977512057499986e-10
4750.056 8.133239728299936e-11
4800.056 2.3098444573999675e-11
4850.056 5.454998123299916e-12
4900.056 1.7830708199999833e-12
4950.056 6.247004692399924e-13
5000.056 1.5275595630399755e-13
5050.056 4.055536096999977e-14
5100.056 2.878873080099993e-14
5150.056 2.359817028599991e-14
5200.056 2.008125708699995e-14
5250.056 1.759523090299996e-14
5300.056 1.6067772589999978e-14
5350.056 1.5364966249999998e-14
5400.056 1.5294221016999985e-14
5450.056 1.5400677427999953e-14
5500.056 1.5604788708999994e-14
5550.056 1.5850389978000006e-14
5600.056 1.6077627645999976e-14
5650.056 1.6115064221000014e-14
5700.056 1.5860887903000006e-14
5750.056 1.459380428499997e-14
5800.056 1.2291856457999967e-14
5850.056 8.12373099649991e-15
5900.056 2.4883612230188522e-15
5950.056 1.683455569000021e-14
6000.056 3.7609070557000354e-14
6050.056 6.870788747400053e-14
6100.056 1.1390009350900052e-13
6150.056 1.8084968457000104e-13
6200.056 2.829236131400015e-13
6250.056 4.4355701072000266e-13
6300.056 6.95449808080005e-13
6350.056 1.106638514720008e-12
6400.056 1.790857855400012e-12
6450.056 2.9265343805000137e-12
6500.056 4.809039598800031e-12
6550.056 7.892255383500058e-12
6600.056 1.2879700817300127e-11
6650.056 2.0680079617000152e-11
6700.056 2.678452771893022e-11
6750.056 4.79957798200003e-11
6800.056 6.665058684300029e-11
6850.056 7.866641433000008e-11
6900.056 7.562661052400002e-11
6950.056 6.659856260599985e-11
7000.056 6.53013731110002e-11
7050.056 7.158250197599987e-11
7100.056 7.903081172600004e-11
7150.056 8.257755140899946e-11
7200.056 8.039126922300095e-11
7250.056 7.352012584699837e-11
7300.056 6.306146549200022e-11
7350.056 5.265340265199964e-11
7400.056 4.313105315400013e-11
7450.056 3.4305654920999994e-11
7500.056 2.640891053299987e-11
7550.056 1.939828111899988e-11
7600.056 1.3910301416799885e-11
7650.056 3.337687785599823e-12
7700.056 2.0013025822881113e-12
7750.056 1.2059044915800245e-11
7800.056 2.3496230682100427e-11
7850.056 5.102930092400055e-11
7900.056 8.860473037800081e-11
7950.056 1.1605388641728176e-10
8000.056 2.3930206370000247e-10
8050.056 3.6530106435000396e-10
8100.056 5.236375000000008e-10
8150.056 7.240076431400022e-10
8200.056 1.0108207204000239e-09
8250.056 1.3279183490600153e-09
8300.056 1.7339320855500868e-09
8350.056 2.2032216188299865e-09
8400.056 2.773495202099973e-09
8450.056 3.496779624799995e-09
8500.056 3.8242555445118366e-09
8550.056 5.046193096400169e-09
8600.056 6.415369646500056e-09
8650.056 7.60133836780006e-09
8700.056 9.039362523600013e-09
8750.056 1.0651769226500078e-08
8800.056 1.2398387963000101e-08
8850.056 1.4010044822000042e-08
8900.056 1.4252344021399789e-08
8950.056 1.3135569719578747e-08
9000.056 1.7559897903199348e-08
9050.056 2.3050021737900353e-08
9100.056 2.6176096679300588e-08
9150.056 2.877232204870089e-08
9200.056 3.3095468201998204e-08
9250.056 3.415698550822756e-08
9300.056 1.9200670531674374e-08
9350.056 2.494580252292608e-08
9400.056 3.669395788976871e-08
9450.056 3.898770924026125e-08
9500.056 3.917211572430399e-08
9550.056 4.331078516352392e-08
9600.056 4.525944913466664e-08
9650.056 5.2036226574520666e-08
9700.056 6.373232610709699e-08
9750.056 6.933885027941472e-08
9800.056 7.787043431301504e-08
9850.056 8.803920551299918e-08
9900.056 8.915232182599886e-08
9950.056 9.137270994199978e-08
10000.056 7.319187559769974e-08
10050.056 9.959566658699995e-08
10100.056 1.1408242074600069e-07
10150.056 1.2279277151299743e-07
10200.056 1.3489074096000088e-07
10250.056 1.4750014372000117e-07
10300.056 1.6028508994999847e-07
10350.056 1.7580711770000355e-07
10400.056 1.9087032159999856e-07
10450.056 2.0265584011999782e-07
10500.056 2.1103395524999956e-07
10550.056 2.1969257346000082e-07
10600.056 2.3061086654999736e-07
10650.056 2.41185861380005e-07
10700.056 2.5069081254000374e-07
10750.056 2.594584832300033e-07
10800.056 2.661120872800024e-07
10850.056 2.7035734716999936e-07
10900.056 2.4434686131999807e-07
10950.056 1.8176701625299997e-07
11000.056 1.4827959619518428e-07
11050.056 1.1452980488792817e-07
11100.056 8.812365631807965e-08
11150.056 6.653538145190918e-08
11200.056 7.230350291157812e-08
11250.056 8.966893352809512e-08
11300.056 9.067325349100451e-08
11350.056 4.901979724023646e-08
11400.056 8.980021807613248e-08
11450.056 7.527550697754816e-08
11500.056 8.068005860771447e-08
11550.056 5.36488896782267e-08
11600.056 5.499203130471993e-08
11650.056 7.121840932734337e-08
11700.056 6.690333705264779e-08
11750.056 4.6345892505795264e-08
11800.056 8.227877990497666e-08
11850.056 1.1975659969709745e-07
11900.056 1.4179094969578992e-07
11950.056 1.7726565074340966e-07
12000.056 2.0467498662900047e-07
12050.056 2.391322896240158e-07
12100.056 2.705734865259904e-07
12150.056 3.0916141430999155e-07
12200.056 3.3958113271999013e-07
12250.056 3.7484983808999174e-07
12300.056 4.1338050168000766e-07
12350.056 4.2597752201000035e-07
12400.056 4.445436503399928e-07
12450.056 4.4343977040000667e-07
12500.056 4.576673939900014e-07
12550.056 4.870922881300124e-07
12600.056 5.665075819900069e-07
12650.056 5.72013495900001e-07
12700.056 5.831752137000164e-07
12750.056 5.626672731000069e-07
12800.056 5.568292715800029e-07
12850.056 4.989335146780044e-07
12900.056 4.6367029579601285e-07
12950.056 4.4874670086499977e-07
13000.056 4.4607774138299685e-07
13050.056 4.11257817977492e-07
13100.056 3.998144464947796e-07
13150.056 3.443850308878669e-07
13200.056 3.155681269847959e-07
13250.056 2.4545829652684553e-07
13300.056 1.4116027319618375e-07
13350.056 5.003404142400405e-08
13400.056 2.5943756522597265e-08
13450.056 1.617922948090338e-08
13500.056 1.0411059921824388e-08
13550.056 7.409580949514365e-09
13600.056 5.04443845587892e-09
13650.056 1.1760700380809449e-08
13700.056 8.893525208867675e-09
13750.056 1.203550452988453e-08
13800.056 1.491155282229474e-08
13850.056 1.1008380898791847e-08
13900.056 1.1115916830752099e-08
13950.056 1.065645291576153e-08
14000.056 1.0248369739686353e-08
14050.056 1.2517189424220501e-08
14100.056 1.0042371769088103e-08
14150.056 1.42278483220655e-08
14200.056 1.1097388076962005e-08
14250.056 1.1332925943967886e-08
14300.056 1.892265017274559e-08
14350.056 1.8906100129869255e-08
14400.056 1.9886262622828605e-08
14450.056 2.354060499729998e-08
14500.056 3.8208058688295584e-08
14550.056 4.018739405108602e-08
14600.056 5.4437192446478896e-08
14650.056 5.152736477385275e-08
14700.056 4.05797291470441e-08
14750.056 4.836086105139609e-08
14800.056 6.042625590341072e-08
14850.056 6.514986935850323e-08
14900.056 6.557760423374827e-08
14950.056 7.495645469766643e-08
15000.056 8.827223636172389e-08
15050.056 1.0106357907127825e-07
15100.056 1.0467092050620145e-07
15150.056 1.1260353055893691e-07
15200.056 1.217226885775917e-07
15250.056 1.5216564086360407e-07
15300.056 1.6695583753658377e-07
15350.056 1.918182566699937e-07
15400.056 2.1283665287502333e-07
15450.056 2.315944620370133e-07
15500.056 2.4372484238198693e-07
15550.056 2.708520429790016e-07
15600.056 2.888303285799998e-07
15650.056 2.999758450100074e-07
15700.056 3.251239807500147e-07
15750.056 3.3345929644999606e-07
15800.056 3.34964127620005e-07
15850.056 3.4256047376000115e-07
15900.056 3.26788269160004e-07
15950.056 3.1010766723998876e-07
16000.056 2.75719891680005e-07
16050.056 2.2282704173599313e-07
16100.056 1.8114114122399064e-07
16150.056 1.3993258264919623e-07
16200.056 1.0526893512629325e-07
16250.056 9.550794995845899e-08
16300.056 8.353921877820433e-08
16350.056 9.139828609902072e-08
16400.056 1.0245947023309074e-07
16450.056 1.0897724965429256e-07
16500.056 1.1704184386638473e-07
16550.056 1.1302092852849854e-07
16600.056 1.1623576834250496e-07
16650.056 8.514583224046e-08
16700.056 4.472742087985106e-08
16750.056 6.289959712003086e-08
16800.056 8.726138133859582e-08
16850.056 8.942318569730792e-08
16900.056 7.943294868473228e-08
16950.056 6.879096149662274e-08
17000.056 5.767371940590949e-08
17050.056 7.679969762620971e-08
17100.056 8.764405670550109e-08
17150.056 7.554677096019992e-08
17200.056 9.793741979898725e-08
17250.056 8.592914119846839e-08
17300.056 7.459629354600084e-08
17350.056 6.878249365653345e-08
17400.056 7.276441991059973e-08
17450.056 7.495241741723697e-08
17500.056 8.060731723191605e-08
17550.056 7.268172148196897e-08
17600.056 6.649971115929207e-08
17650.056 6.439045054047054e-08
17700.056 5.2659430075814915e-08
17750.056 4.689540373745161e-08
17800.056 5.7113829012540805e-08
17850.056 4.102552517516845e-08
17900.056 4.25939856299895e-08
17950.056 3.4756601578557384e-08
18000.056 3.8145786125167284e-08
18050.056 3.3355818078686415e-08
18100.056 3.538341899010733e-08
18150.056 4.152255315064675e-08
18200.056 2.789089905000644e-08
18250.056 5.14052076334853e-08
18300.056 3.366909364223048e-08
18350.056 3.0254070753936214e-08
18400.056 2.766380097715299e-08
18450.056 3.498916011111618e-08
18500.056 3.584969096501909e-08
18550.056 2.8534656219811055e-08
18600.056 2.525100850976258e-08
18650.056 2.3508614494918745e-08
18700.056 2.1447021123864917e-08
18750.056 2.85059791636372e-08
18800.056 4.725626059537872e-08
18850.056 5.042334209826836e-08
18900.056 4.687581917995347e-08
18950.056 6.667438286832583e-08
19000.056 4.7704284304961976e-08
19050.056 3.694869582349944e-08
19100.056 5.39268243512062e-08
19150.056 3.96928177548675e-08
19200.056 4.7599019454608344e-08
19250.056 3.681994983006386e-08
19300.056 3.4176318197605934e-08
19350.056 3.105877459466659e-08
19400.056 2.285358342460099e-08
19450.056 3.6141489737770594e-08
19500.056 3.5013384009884094e-08
19550.056 2.9670275603753837e-08
19600.056 3.656524946786187e-08
19650.056 4.1705778029231966e-08
19700.056 4.1362048813658677e-08
19750.056 4.5784075370230977e-08
19800.056 4.6369676341593485e-08
19850.056 5.681118321582479e-08
19900.056 4.937164893018863e-08
19950.056 6.696929594039543e-08
20000.056 6.268516650452946e-08
20050.056 6.889651080253438e-08
20100.056 7.675371012419494e-08
20150.056 7.235272257263671e-08
20200.056 7.615151473899903e-08
20250.056 8.652443083433093e-08
20300.056 8.68441079860926e-08
20350.056 9.335193408598479e-08
20400.056 9.251115384508707e-08
20450.056 1.0417837079699679e-07
20500.056 1.0936653178897744e-07
20550.056 1.1039393645701012e-07
20600.056 1.1704002086401166e-07
20650.056 1.1952579484700145e-07
20700.056 1.2155575341700884e-07
20750.056 1.2352385579299533e-07
20800.056 1.251091864519911e-07
20850.056 1.251698002419983e-07
20900.056 1.2739342783398848e-07
20950.056 1.2506719641300415e-07
21000.056 1.2344848026000436e-07
21050.056 1.225245470739964e-07
21100.056 1.2010119647000198e-07
21150.056 1.1994863770798777e-07
21200.056 1.1582654148100343e-07
21250.056 1.1292788021898792e-07
21300.056 1.063924871289931e-07
21350.056 1.0481067995399853e-07
21400.056 1.0278695978001511e-07
21450.056 9.73405445299011e-08
21500.056 9.335470802460917e-08
21550.056 8.894474954260327e-08
21600.056 8.352365797920769e-08
21650.056 7.711255025920178e-08
21700.056 7.753370769100068e-08
21750.056 7.015470754702508e-08
21800.056 6.338310408019411e-08
21850.056 5.867026876963773e-08
21900.056 4.9572376988299676e-08
21950.056 3.661342863141187e-08
22000.056 1.9371147718388967e-08
22050.056 1.6841484677122284e-08
22100.056 2.6406292968234728e-08
22150.056 2.955508487671088e-08
22200.056 3.171181816592097e-08
22250.056 2.9378857304905886e-08
22300.056 2.3970770203918225e-08
22350.056 2.4417522972237735e-08
22400.056 1.853976794531282e-08
22450.056 1.7712286445160887e-08
22500.056 1.7455215267996528e-08
22550.056 1.4709977566702715e-08
22600.056 1.4927867221751902e-08
22650.056 1.6391154179820824e-08
22700.056 1.441519177633388e-08
22750.056 1.4921308194497417e-08
22800.056 1.473243065018206e-08
22850.056 1.2984320897589039e-08
22900.056 1.2192152182103324e-08
22950.056 1.138617445956604e-08
23000.056 1.3835999177189392e-08
23050.056 1.6967552472611893e-08
23100.056 2.802065646740204e-08
23150.056 2.6284758341604886e-08
23200.056 8.498779454973818e-09
23250.056 1.2296485884361276e-08
23300.056 1.0864610231764116e-08
23350.056 1.1212634637449494e-08
23400.056 1.1513224964455506e-08
23450.056 1.0845618398458402e-08
23500.056 1.183234888951599e-08
23550.056 1.4748226901029013e-08
23600.056 1.7131699202225057e-08
23650.056 2.1063157700137554e-08
23700.056 1.1891314368956826e-08
23750.056 1.1118122116623778e-08
23800.056 1.4207624057316276e-08
23850.056 1.4960295566250268e-08
23900.056 2.1753994488965226e-08
23950.056 2.115227661686431e-08
24000.056 2.5504419580812576e-08
24050.056 2.7658243479154107e-08
24100.056 2.605044592075015e-08
24150.056 3.0138171980605556e-08
24200.056 2.892443184374167e-08
24250.056 2.6502549545410802e-08
24300.056 3.196021773369734e-08
24350.056 2.8080799850223e-08
24400.056 3.621504021102203e-08
24450.056 3.4517646598118305e-08
24500.056 3.478141290086269e-08
24550.056 3.990356698637098e-08
24600.056 4.043405261497685e-08
24650.056 4.914623523748547e-08
24700.056 3.6729432096028035e-08
24750.056 3.952821044416658e-08
24800.056 3.9709177920531355e-08
24850.056 5.314093266026074e-08
24900.056 3.168011615989269e-08
24950.056 5.135296242633608e-08
25000.056 4.5813969253078756e-08
25050.056 3.278752481459161e-08
25100.056 4.533550971013812e-08
25150.056 3.2126394252661596e-08
25200.056 4.0537146682502245e-08
25250.056 2.7048057803136725e-08
25300.056 3.751128481349117e-08
25350.056 2.3704351746396084e-08
25400.056 4.0311853231458344e-08
25450.056 2.3628054995503336e-08
25500.056 2.4610181679532114e-08
25550.056 2.8149410862848906e-08
25600.056 2.577289117684631e-08
25650.056 1.7627929301127556e-08
25700.056 3.181016447375654e-08
25750.056 1.5105564902121786e-08
25800.056 3.532736355647196e-08
25850.056 1.706259707041046e-08
25900.056 2.4554965612431283e-08
25950.056 1.3630529685714535e-08
26000.056 3.564851708377183e-08
26050.056 2.0609139458368135e-08
26100.056 3.623593708202392e-08
26150.056 2.7761736939530407e-08
26200.056 3.022028755922381e-08
26250.056 5.020402221452362e-08
26300.056 3.283437805052438e-08
26350.056 5.839810451608772e-08
26400.056 5.5188231310622634e-08
26450.056 5.597379159841337e-08
26500.056 6.431821033282319e-08
26550.056 3.564666703867241e-08
26600.056 4.8339801233873116e-08
26650.056 2.2939062500525805e-08
26700.056 2.118724474760209e-08
26750.056 1.5082641181074966e-08
26800.056 2.4157146784279813e-08
26850.056 1.439169396070892e-08
26900.056 3.203430275607929e-08
26950.056 1.7125961088204063e-08
27000.056 4.064572028892778e-08
27050.056 3.3570954919703175e-08
27100.056 2.4261086084134227e-08
27150.056 4.5748249521503327e-08
27200.056 2.59519485939008e-08
27250.056 3.333985069173735e-08
27300.056 7.126422190524889e-08
27350.056 5.1535759042762854e-08
27400.056 1.6363802961715286e-08
27450.056 6.149183335927312e-08
27500.056 6.200050431264803e-08
27550.056 2.8010536077019898e-08
27600.056 4.9721584479227796e-08
27650.056 2.5437903117467133e-08
27700.056 2.074859775961509e-08
27750.056 5.2646015339593834e-08
27800.056 2.524412841919734e-08
27850.056 3.0640434785162995e-08
27900.056 3.331530282584123e-08
27950.056 5.575243229964483e-08
28000.056 4.3757780211098315e-08
28050.056 1.7412861995519312e-08
28100.056 5.391119487752582e-08
28150.056 3.599834022398515e-08
28200.056 2.0349182588793262e-08
28250.056 5.565901291419217e-08
28300.056 6.317829331094708e-08
28350.056 2.5335338115847158e-08
28400.056 4.478034290149454e-08
28450.056 5.994987343024522e-08
28500.056 4.567626512748262e-08
28550.056 1.9774854343309015e-08
28600.056 6.553590219203212e-08
28650.056 5.246746290244392e-08
28700.056 4.979148028994328e-08
28750.056 6.971195661996571e-08
28800.056 5.634576514868136e-08
