galfind/configs/Brown_Dwarf_templates/sonora_bobcat/m-0.5/316g/sp_t600g316nc_m-0.5_resample.dat
# %ECSV 1.0
# ---
# datatype:
# - {name: wav, unit: Angstrom, datatype: float64}
# - {name: flux_nu, unit: erg / (cm2 Hz s), datatype: float64}
# meta: {C/O: '1.00', Kzz: '1.0000E+05', Teff: '600.', Y: '0.28', '[Fe/H]': '-0.50', f_hole: '1.00', f_rain: '0.00', grav: '316.'}
# schema: astropy-2.0
wav flux_nu
4000.0559999999996 nan
4050.0559999999996 3.1538420857301205e-16
4100.056 1.1019424515890267e-13
4150.056 1.0367140675700112e-12
4200.056 9.912825160790569e-13
4250.056 5.697531372800053e-12
4300.056 1.0650725272200127e-11
4350.056 1.507404301400003e-11
4400.056 2.12301527620001e-11
4450.056 3.009306710000036e-11
4500.056 3.514844662000014e-11
4550.056 3.519669566629983e-11
4600.056 1.4053956626699953e-11
4650.056 7.955686243699968e-12
4700.056 3.308266112799963e-12
4750.056 6.586038785699886e-13
4800.056 1.0986316378799832e-13
4850.056 1.9533871200299685e-14
4900.056 5.643594005599946e-15
4950.056 2.5624067990999822e-15
5000.056 1.3837478516999921e-15
5050.056 1.0117742051700016e-15
5100.056 1.0720273799800022e-15
5150.056 1.182010893700001e-15
5200.056 1.3063510555000002e-15
5250.056 1.4586985654000009e-15
5300.056 1.6302029430000006e-15
5350.056 1.831326522100003e-15
5400.056 2.0770503893000023e-15
5450.056 2.3314973445000012e-15
5500.056 2.5953520714000028e-15
5550.056 2.8570950741000035e-15
5600.056 3.1046978003000008e-15
5650.056 3.304396262200002e-15
5700.056 3.4097588776000014e-15
5750.056 3.292091199399997e-15
5800.056 2.936518173099993e-15
5850.056 2.068362104699978e-15
5900.056 6.864529616332247e-16
5950.056 4.243909738900063e-15
6000.056 9.07735888180007e-15
6050.056 1.6170900427000132e-14
6100.056 2.586723320200015e-14
6150.056 3.881940616900021e-14
6200.056 5.638713412500026e-14
6250.056 8.047586669600037e-14
6300.056 1.1261871266900052e-13
6350.056 1.5545751595000073e-13
6400.056 2.119322822500009e-13
6450.056 2.8075993578000007e-13
6500.056 3.7515659300000203e-13
6550.056 5.021607525699987e-13
6600.056 6.715019159800082e-13
6650.056 9.021029533500048e-13
6700.056 1.166282455530009e-12
6750.056 1.5909207850000062e-12
6800.056 2.023894742100009e-12
6850.056 2.3606546851000036e-12
6900.056 2.3836179268000128e-12
6950.056 2.2841006608000016e-12
7000.056 2.461179682999996e-12
7050.056 2.7082323633999893e-12
7100.056 3.032599617799995e-12
7150.056 3.0257532730399652e-12
7200.056 3.026978707470006e-12
7250.056 3.2227908714998967e-12
7300.056 3.2707251409001176e-12
7350.056 3.4856428444999878e-12
7400.056 3.65632989660005e-12
7450.056 3.786598034300045e-12
7500.056 3.763285730500001e-12
7550.056 3.544598306499994e-12
7600.056 3.1487030741999866e-12
7650.056 1.0275783947719554e-12
7700.056 7.223643890460301e-13
7750.056 3.053116167800048e-12
7800.056 4.9700201513400475e-12
7850.056 8.023959269700028e-12
7900.056 1.0766079685700016e-11
7950.056 1.2209785359600086e-11
8000.056 1.761802067200012e-11
8050.056 2.1930584078000165e-11
8100.056 2.4544011328999636e-11
8150.056 2.748235881120024e-11
8200.056 3.8068886048201004e-11
8250.056 4.498247076569987e-11
8300.056 5.601079416710177e-11
8350.056 6.861302502899961e-11
8400.056 8.562221298399991e-11
8450.056 1.101459827750002e-10
8500.056 1.2798453144399738e-10
8550.056 1.6854664786700425e-10
8600.056 2.163899058800019e-10
8650.056 2.6787767226000247e-10
8700.056 3.269696095700032e-10
8750.056 4.016721654500034e-10
8800.056 4.854503097900035e-10
8850.056 5.599028999000002e-10
8900.056 5.03851627059989e-10
8950.056 4.835471967190013e-10
9000.056 6.17892280169969e-10
9050.056 1.0207158431380112e-09
9100.056 1.2114474294930348e-09
9150.056 1.4079840787600305e-09
9200.056 1.7647820417940054e-09
9250.056 1.83087344799695e-09
9300.056 5.988576369292786e-10
9350.056 8.691475640562827e-10
9400.056 1.815628433370949e-09
9450.056 1.7665190055624103e-09
9500.056 1.725447296167972e-09
9550.056 1.9131855048820025e-09
9600.056 2.122917901997305e-09
9650.056 2.803183248180503e-09
9700.056 4.289714641125469e-09
9750.056 4.65623327639051e-09
9800.056 5.539219049489852e-09
9850.056 6.63189738509988e-09
9900.056 8.30125265210022e-09
9950.056 9.288914409200155e-09
10000.056 7.911883439069975e-09
10050.056 1.0979106979400052e-08
10100.056 1.1970166955700075e-08
10150.056 1.2375976767400046e-08
10200.056 1.2447096581800308e-08
10250.056 1.4076672138700172e-08
10300.056 1.6257975503399388e-08
10350.056 1.5760776933300407e-08
10400.056 1.8120962697000107e-08
10450.056 1.9706617186999036e-08
10500.056 2.103782959399973e-08
10550.056 2.2457019812000065e-08
10600.056 2.3106928313000022e-08
10650.056 2.3440440463000095e-08
10700.056 2.308006100900006e-08
10750.056 2.3127647063000087e-08
10800.056 2.2805953083000107e-08
10850.056 2.1989283900000078e-08
10900.056 1.937530869199973e-08
10950.056 1.350610798720005e-08
11000.056 9.675106457719027e-09
11050.056 6.082640183134008e-09
11100.056 3.766295256557724e-09
11150.056 2.1791557409145096e-09
11200.056 2.2449821367173638e-09
11250.056 3.0427757987309284e-09
11300.056 3.4785511295393167e-09
11350.056 1.5106133764491752e-09
11400.056 4.5104224487929145e-09
11450.056 3.0069778078953707e-09
11500.056 3.069413237798198e-09
11550.056 1.4056161691031777e-09
11600.056 1.1807991358564724e-09
11650.056 2.3268974931110367e-09
11700.056 2.7060842841694124e-09
11750.056 1.3434487925073343e-09
11800.056 3.9784415069407545e-09
11850.056 5.666246561229795e-09
11900.056 6.77978858281979e-09
11950.056 8.809911671980614e-09
12000.056 1.1101242994300434e-08
12050.056 1.3863078562600314e-08
12100.056 1.62674335058992e-08
12150.056 1.9576046512699346e-08
12200.056 2.1878025529800276e-08
12250.056 2.564900930809896e-08
12300.056 3.078095886200066e-08
12350.056 3.312093950299989e-08
12400.056 3.9020753072999595e-08
12450.056 4.476469860200041e-08
12500.056 4.8820907188001594e-08
12550.056 5.3722445359999785e-08
12600.056 5.869053077200083e-08
12650.056 6.220074730399983e-08
12700.056 6.369290021500037e-08
12750.056 5.84901181410006e-08
12800.056 5.3510712687999794e-08
12850.056 4.3764389806999724e-08
12900.056 3.876656979460123e-08
12950.056 3.538862997240126e-08
13000.056 3.6773502994002364e-08
13050.056 3.063624511215048e-08
13100.056 3.116468464480739e-08
13150.056 2.415617397454975e-08
13200.056 2.3717492635939192e-08
13250.056 1.8451442292982714e-08
13300.056 8.819955734172583e-09
13350.056 3.0424159156174746e-09
13400.056 9.547173621537312e-10
13450.056 4.100814654276608e-10
13500.056 1.9209329205506127e-10
13550.056 8.656687206878412e-11
13600.056 3.922070219941238e-11
13650.056 1.7112961921971065e-10
13700.056 1.0485311793552492e-10
13750.056 2.5566536854235955e-10
13800.056 2.9659218360380766e-10
13850.056 1.4427459869095556e-10
13900.056 1.7097778678770653e-10
13950.056 1.714670805348976e-10
14000.056 1.9165692269606725e-10
14050.056 2.8111718885840995e-10
14100.056 2.1589270115740843e-10
14150.056 3.7132206489010803e-10
14200.056 2.534180806964417e-10
14250.056 3.0440395128137734e-10
14300.056 7.860160942676326e-10
14350.056 6.859449370984538e-10
14400.056 6.92927455292623e-10
14450.056 1.094787699389944e-09
14500.056 2.104700531683456e-09
14550.056 2.1028555989387006e-09
14600.056 3.207238076248454e-09
14650.056 2.163679887215203e-09
14700.056 1.202539190319196e-09
14750.056 1.058755311801894e-09
14800.056 1.4174885056606568e-09
14850.056 1.5594466223328245e-09
14900.056 1.6093110426095416e-09
14950.056 1.6378692974852841e-09
15000.056 3.036685783723328e-09
15050.056 3.0327961557970188e-09
15100.056 2.257005767380385e-09
15150.056 1.6770806155223432e-09
15200.056 2.955224569186786e-09
15250.056 4.9271689436331215e-09
15300.056 5.873418348003911e-09
15350.056 6.992205365525728e-09
15400.056 8.611997481977235e-09
15450.056 1.0244558362618487e-08
15500.056 1.1977923345648348e-08
15550.056 1.523856250365181e-08
15600.056 1.9010349739399073e-08
15650.056 2.3741013824801226e-08
15700.056 2.898900537800031e-08
15750.056 3.1838218124000436e-08
15800.056 3.437841714699982e-08
15850.056 3.6806930073000784e-08
15900.056 3.6597332913000264e-08
15950.056 3.6020684514999507e-08
16000.056 3.195734195000057e-08
16050.056 2.4786950699999244e-08
16100.056 1.849987968229942e-08
16150.056 1.2531817597329355e-08
16200.056 7.770555448790302e-09
16250.056 6.076222388043648e-09
16300.056 4.654096925396703e-09
16350.056 5.399206744824369e-09
16400.056 6.113853051232229e-09
16450.056 6.350962682638534e-09
16500.056 6.390361909685623e-09
16550.056 6.218256441461918e-09
16600.056 7.890337212914645e-09
16650.056 5.101855932703295e-09
16700.056 1.6428295766322623e-09
16750.056 3.85293781386904e-09
16800.056 5.42701063085752e-09
16850.056 5.46185180644908e-09
16900.056 3.996768177271233e-09
16950.056 3.063447407745553e-09
17000.056 2.175295563045254e-09
17050.056 3.374086001154564e-09
17100.056 4.375911982064148e-09
17150.056 3.3558171971238984e-09
17200.056 6.053911882926026e-09
17250.056 4.281589511986208e-09
17300.056 3.4819969202446847e-09
17350.056 3.51939751908484e-09
17400.056 4.282737335164703e-09
17450.056 4.754119667761094e-09
17500.056 5.353447531776251e-09
17550.056 4.537846402189186e-09
17600.056 3.973490970042864e-09
17650.056 3.5059534896580674e-09
17700.056 2.955839576346087e-09
17750.056 2.431769868812863e-09
17800.056 3.4476856177215947e-09
17850.056 2.153983133932141e-09
17900.056 1.928131545498181e-09
17950.056 1.4112288163769446e-09
18000.056 1.8620836336622233e-09
18050.056 1.2477740185376905e-09
18100.056 1.4446945271775764e-09
18150.056 1.4061897900329352e-09
18200.056 9.422636194490756e-10
18250.056 2.297805459859936e-09
18300.056 8.892399533925749e-10
18350.056 7.76761932721649e-10
18400.056 6.038668729791347e-10
18450.056 1.4627739791069932e-09
18500.056 1.347987726510851e-09
18550.056 9.166438533872263e-10
18600.056 9.719279421969794e-10
18650.056 7.144411878694731e-10
18700.056 3.6526322280690026e-10
18750.056 6.86330489003979e-10
18800.056 1.9685977063422635e-09
18850.056 1.8495580935113992e-09
18900.056 1.642966472847563e-09
18950.056 2.415297156151765e-09
19000.056 1.1527535819414766e-09
19050.056 6.545885260926098e-10
19100.056 1.1743213623673338e-09
19150.056 6.488793825242571e-10
19200.056 8.523468915607851e-10
19250.056 6.157492674657483e-10
19300.056 4.940342843110903e-10
19350.056 4.4447401213717594e-10
19400.056 3.57332073673135e-10
19450.056 5.396147048198439e-10
19500.056 4.95965654183067e-10
19550.056 5.828907890774895e-10
19600.056 8.817681458293516e-10
19650.056 8.052412425411916e-10
19700.056 9.416887129193844e-10
19750.056 1.221455285417686e-09
19800.056 9.787704427101388e-10
19850.056 1.2122882814907144e-09
19900.056 1.3602376889177672e-09
19950.056 1.7386714488869398e-09
20000.056 1.8858706688962608e-09
20050.056 1.7336500128548498e-09
20100.056 2.438631325798014e-09
20150.056 1.7338054855034766e-09
20200.056 1.4744902056645134e-09
20250.056 2.1375151847294592e-09
20300.056 2.2986195033761376e-09
20350.056 2.2990869849142585e-09
20400.056 2.2644493020928445e-09
20450.056 3.060082796341639e-09
20500.056 3.297182856509607e-09
20550.056 3.456543558160318e-09
20600.056 3.6070585138303847e-09
20650.056 3.958084271299814e-09
20700.056 4.1477125169001795e-09
20750.056 4.2702563439998305e-09
20800.056 4.231848991799524e-09
20850.056 4.46193962930006e-09
20900.056 4.514131472699837e-09
20950.056 4.441118683500126e-09
21000.056 4.38748801160003e-09
21050.056 4.453777472299919e-09
21100.056 4.37519297020005e-09
21150.056 4.362969198899792e-09
21200.056 4.266623984900124e-09
21250.056 4.161332075399704e-09
21300.056 3.947405253799915e-09
21350.056 3.8554785839498795e-09
21400.056 3.889421387080422e-09
21450.056 3.54634889052407e-09
21500.056 3.38641240625966e-09
21550.056 3.1828150055779932e-09
21600.056 2.982489919138934e-09
21650.056 2.586393414509632e-09
21700.056 2.6133244539298458e-09
21750.056 2.3173246004383336e-09
21800.056 1.9240361614598015e-09
21850.056 1.8039434313125308e-09
21900.056 1.4865460081758356e-09
21950.056 9.406098130111387e-10
22000.056 3.03892757419596e-10
22050.056 3.6822174826945367e-10
22100.056 9.058569681441416e-10
22150.056 7.605890560237066e-10
22200.056 8.042204675380129e-10
22250.056 7.13857641767033e-10
22300.056 4.657986380021038e-10
22350.056 5.519765413657464e-10
22400.056 2.8676394577807457e-10
22450.056 3.630827810777033e-10
22500.056 3.1127757397821143e-10
22550.056 2.274639699475903e-10
22600.056 2.0483161371685429e-10
22650.056 2.8921527742823843e-10
22700.056 2.546351171904322e-10
22750.056 2.9402243740064215e-10
22800.056 3.2450796640446064e-10
22850.056 2.504592736197594e-10
22900.056 2.1215450091536574e-10
22950.056 1.9556451901620992e-10
23000.056 2.3400958812742893e-10
23050.056 2.914461652151197e-10
23100.056 8.237860519181661e-10
23150.056 6.481107513532313e-10
23200.056 8.514564992681308e-11
23250.056 2.44112242289259e-10
23300.056 2.1028305665144715e-10
23350.056 2.4919313325148313e-10
23400.056 2.1189817698032077e-10
23450.056 1.7255618729270972e-10
23500.056 1.893576990884026e-10
23550.056 3.0230175398069546e-10
23600.056 4.4377350516651814e-10
23650.056 5.697410968730464e-10
23700.056 1.7387476062589272e-10
23750.056 1.8769752733808726e-10
23800.056 5.000753116697672e-10
23850.056 3.889590623173075e-10
23900.056 6.932889459265315e-10
23950.056 4.902744052099342e-10
24000.056 8.152732884683066e-10
24050.056 8.56571222478368e-10
24100.056 8.629344217847985e-10
24150.056 1.141026095511502e-09
24200.056 9.266392411932826e-10
24250.056 8.393926385671435e-10
24300.056 1.2882970293159419e-09
24350.056 1.0805447511531007e-09
24400.056 1.7253625697065672e-09
24450.056 1.772918638728704e-09
24500.056 1.6499454559544268e-09
24550.056 2.240866022057161e-09
24600.056 2.3467009261796994e-09
24650.056 2.9631598002897116e-09
24700.056 2.179364245779005e-09
24750.056 2.519975385395882e-09
24800.056 2.371460866656764e-09
24850.056 3.528184579698678e-09
24900.056 1.7310864144150492e-09
24950.056 3.229530203295066e-09
25000.056 3.0113216787700655e-09
25050.056 1.925818960371722e-09
25100.056 2.987702772366885e-09
25150.056 1.7040559235592912e-09
25200.056 2.4038855514036278e-09
25250.056 1.1156320134822927e-09
25300.056 1.6973442911172492e-09
25350.056 8.295288595108503e-10
25400.056 1.932729644112696e-09
25450.056 7.699543246018001e-10
25500.056 7.124934513860313e-10
25550.056 1.2688703717713529e-09
25600.056 8.683582743682646e-10
25650.056 4.2303630058036427e-10
25700.056 7.2040953080977e-10
25750.056 2.1846046526399843e-10
25800.056 1.0299519871850183e-09
25850.056 2.561619772740037e-10
25900.056 3.9644212302518764e-10
25950.056 1.1789248433665375e-10
26000.056 1.0004394524067762e-09
26050.056 1.985310128242221e-10
26100.056 8.173798740560434e-10
26150.056 4.340763181084119e-10
26200.056 5.000777053291053e-10
26250.056 2.2148095097439647e-09
26300.056 7.159843354567027e-10
26350.056 3.0316475666048745e-09
26400.056 3.1640481630911145e-09
26450.056 2.605396937417025e-09
26500.056 4.358563329405379e-09
26550.056 9.494476118334297e-10
26600.056 1.2320406427269378e-09
26650.056 2.532395971598445e-10
26700.056 1.7178076472790568e-10
26750.056 1.6500980289491022e-10
26800.056 4.209024148260465e-10
26850.056 2.2372270099303998e-10
26900.056 9.661670684923787e-10
26950.056 3.682501171434186e-10
27000.056 1.7157632659818231e-09
27050.056 1.7067476540153587e-09
27100.056 4.0934408056689865e-10
27150.056 2.4280461283773467e-09
27200.056 4.1138804805433757e-10
27250.056 1.0294546380358116e-09
27300.056 4.7486998890162635e-09
27350.056 2.085066223955817e-09
27400.056 1.740117113342838e-10
27450.056 2.4819486606545864e-09
27500.056 2.9887286560994345e-09
27550.056 5.724667656053976e-10
27600.056 1.4918460804181204e-09
27650.056 4.6253831307733026e-10
27700.056 3.696791504030555e-10
27750.056 1.9805696499346166e-09
27800.056 6.515580703820827e-10
27850.056 9.53806839868804e-10
27900.056 1.0317771142235905e-09
27950.056 2.3369970470231126e-09
28000.056 1.865346024760353e-09
28050.056 3.2082336315160524e-10
28100.056 2.0313854803522843e-09
28150.056 1.4066661236618683e-09
28200.056 4.87658420866003e-10
28250.056 2.6521283017051058e-09
28300.056 2.5910852300304254e-09
28350.056 6.175655471223661e-10
28400.056 1.9324648394116664e-09
28450.056 3.096113464217614e-09
28500.056 2.043582448981639e-09
28550.056 4.90986154917329e-10
28600.056 3.3317115188338317e-09
28650.056 2.2469228385132584e-09
28700.056 2.760797136924795e-09
28750.056 4.3843425732326726e-09
28800.056 2.431594547581582e-09
