galfind/configs/Brown_Dwarf_templates/sonora_bobcat/m-0.5/316g/sp_t350g316nc_m-0.5_resample.dat
# %ECSV 1.0
# ---
# datatype:
# - {name: wav, unit: Angstrom, datatype: float64}
# - {name: flux_nu, unit: erg / (cm2 Hz s), datatype: float64}
# meta: {C/O: '1.00', Kzz: '1.0000E+05', Teff: '350.', Y: '0.28', '[Fe/H]': '-0.50', f_hole: '1.00', f_rain: '0.00', grav: '316.'}
# schema: astropy-2.0
wav flux_nu
[from data line 498]
28900.056 1.9249059515110058e-11
28950.056 2.4228011436095347e-11
29000.056 1.5139228485803803e-11
29050.056 3.0027890971599415e-11
29100.056 1.0263217893768283e-11
29150.056 1.556397713436239e-11
29200.056 6.086393087562064e-11
29250.056 4.1914886908825126e-11
29300.056 2.771197374532237e-11
29350.056 7.717552107259587e-11
29400.056 3.440482617432988e-11
29450.056 1.1628616667392845e-11
29500.056 9.225485698808871e-11
29550.056 2.4011010117505476e-11
29600.056 2.8725641469470646e-11
29650.056 1.4247562473066569e-10
29700.056 1.6578209956002664e-11
29750.056 8.215910849847504e-11
29800.056 4.234991007215768e-11
29850.056 1.3345231725052517e-10
29900.056 4.7167659695887975e-11
29950.056 4.917341673235819e-11
30000.056 5.629973361596113e-13
30050.056 7.888744730215813e-12
30100.056 3.559548396369652e-11
30150.056 1.250559714319717e-10
30200.056 7.702959598793371e-11
30250.056 1.3445913742052974e-10
30300.056 1.7253600751848312e-10
30350.056 2.7443955229820875e-11
30400.056 2.0184422892783315e-10
30450.056 1.6363206045154224e-10
30500.056 6.168294848392123e-11
30550.056 5.166882747914031e-11
30600.056 8.030335424991533e-10
30650.056 2.969086573284128e-10
30700.056 1.1809675643704995e-10
30750.056 2.796599994541368e-10
30800.056 3.341086050875456e-10
30850.056 3.391213161953031e-10
30900.056 1.6639996640938614e-10
30950.056 1.1323194605116396e-10
31000.056 1.6774163079322824e-10
31050.056 8.816586427984952e-11
31100.056 4.9638977816313986e-11
31150.056 1.1232252206836853e-10
31200.056 4.721693309109441e-10
31250.056 1.6159551023624195e-10
31300.056 7.957773717063797e-11
31350.056 3.3062335468649337e-10
31400.056 1.81863235734492e-10
31450.056 1.9651119792876807e-10
31500.056 5.7995464474850746e-11
31550.056 1.3248381156266586e-10
31600.056 9.596146130327072e-11
31650.056 6.98595332496419e-11
31700.056 5.694134117181934e-11
31750.056 2.3703015959278114e-11
31800.056 5.064372729650556e-11
31850.056 7.86137616409812e-12
31900.056 2.1718170479578317e-11
31950.056 1.0025448916176769e-11
32000.056 6.492515946164806e-12
32050.056 7.776312176735573e-12
32100.056 6.446153595198754e-12
32150.056 5.831578267315904e-12
32200.056 2.4352823695854375e-12
32250.056 5.890781661701699e-12
32300.056 1.4803644509873803e-12
32350.056 6.0729844745006095e-12
32400.056 4.937840391088562e-13
32450.056 3.673003575312717e-12
32500.056 4.989838524869735e-13
32550.056 4.1189771546096225e-12
32600.056 4.011170801422645e-13
32650.056 8.127143753748717e-12
32700.056 7.358140231838911e-13
32750.056 2.354984524390829e-11
32800.056 9.833107304596124e-12
32850.056 5.926771332021636e-11
32900.056 4.661801756143063e-11
32950.056 5.056447269468615e-11
33000.056 1.1094503055873742e-11
33050.056 9.753362180935827e-12
33100.056 1.4587135867845508e-12
33150.056 8.832885630396537e-16
33200.056 6.79493353024387e-14
33250.056 1.7312382643566746e-13
33300.056 4.22659496776782e-12
33350.056 8.472671043338907e-12
33400.056 3.6730320774535655e-11
33450.056 6.972104868212305e-12
33500.056 4.5121126921711284e-11
33550.056 5.8251984093264054e-12
33600.056 1.7393746773697717e-11
33650.056 1.9433862774762773e-11
33700.056 3.068333949082985e-12
33750.056 2.4376625145718635e-11
33800.056 1.0706192956736585e-12
33850.056 1.0858239540026641e-11
33900.056 1.0896485494030043e-11
33950.056 1.094453544758046e-11
34000.056 2.8610410618710053e-11
34050.056 4.152115957736088e-12
34100.056 3.0464036493984495e-11
34150.056 8.039965761407034e-12
34200.056 3.695761591448119e-11
34250.056 1.5170486536316645e-11
34300.056 1.9793679237677568e-11
34350.056 8.628787640191726e-11
34400.056 1.1712348180828378e-11
34450.056 6.894727699741774e-11
34500.056 2.277461196086352e-11
34550.056 4.2188239851379507e-11
34600.056 2.0979586583589524e-10
34650.056 1.1691212126000543e-11
34700.056 1.2963195317421122e-10
34750.056 5.721185876033314e-11
34800.056 3.662958513784797e-11
34850.056 1.8678830491072615e-10
34900.056 1.6783567038143298e-11
34950.056 2.315494730442143e-10
35000.056 2.581716628702642e-10
35050.056 1.9449716815905225e-10
35100.056 4.617352261192012e-10
35150.056 3.780446659691394e-10
35200.056 3.0048583538184117e-10
35250.056 6.072974491278596e-10
35300.056 1.1947552411502612e-10
35350.056 1.3979603317731198e-10
35400.056 9.004017210779751e-11
35450.056 8.27237382984392e-11
35500.056 3.919930270537163e-10
35550.056 2.3375443882530197e-10
35600.056 4.216506248050527e-10
35650.056 5.086703858387598e-10
35700.056 5.456118877403677e-10
35750.056 7.05892604511472e-10
35800.056 2.6226348199896206e-10
35850.056 1.5062710119920495e-10
35900.056 2.2620790536563302e-10
35950.056 4.605007556375363e-10
36000.056 5.193392981025481e-10
36050.056 3.529247646053495e-10
36100.056 3.287984057679069e-10
36150.056 1.2681751827919084e-09
36200.056 1.1209500757246788e-09
36250.056 5.654941752442717e-10
36300.056 1.7924508557612997e-09
36350.056 1.0036357831711473e-09
36400.056 1.635553404824484e-09
36450.056 1.0562138968186144e-09
36500.056 1.1119233621505514e-09
36550.056 2.7016501404898806e-09
36600.056 3.0986849049995712e-09
36650.056 1.4222008189437144e-09
36700.056 1.7891300675611873e-09
36750.056 3.0081356102008696e-09
36800.056 3.4916777625433323e-09
36850.056 1.4340303054591296e-09
36900.056 1.9052499620013193e-09
36950.056 3.823017686024378e-09
37000.056 2.3307681343426378e-09
37050.056 3.885054103036236e-09
37100.056 1.1697065246312694e-09
37150.056 2.2384996095470733e-09
37200.056 5.352539836899912e-09
37250.056 2.374601145753401e-09
37300.056 1.3157283927698656e-09
37350.056 2.7062687048349567e-09
37400.056 4.654228858339549e-09
37450.056 1.6537858928717972e-09
37500.056 2.125931034949471e-09
37550.056 6.5080798803214345e-09
37600.056 1.053409594249995e-08
37650.056 2.0545036981035423e-09
37700.056 4.354318660690724e-09
37750.056 3.282593262369999e-09
37800.056 3.490560347544723e-09
37850.056 1.830027697619931e-09
37900.056 2.0470419100394536e-09
37950.056 3.7340944597200985e-09
38000.056 3.2245294626203046e-09
38050.056 5.817601686770899e-09
38100.056 8.333944369467646e-09
38150.056 9.677760302727149e-09
38200.056 5.828617489872859e-09
38250.056 8.601408471362079e-09
38300.056 1.5189444441677234e-08
38350.056 1.0704071101062701e-08
38400.056 3.797253146083332e-09
38450.056 1.3429616007020513e-09
38500.056 1.2832563452768583e-09
38550.056 5.483782295360635e-09
38600.056 6.770701349698836e-09
38650.056 6.40111621708961e-09
38700.056 5.413828698608507e-09
38750.056 6.082654028749642e-09
38800.056 5.7606993420401654e-09
38850.056 7.038940081800767e-09
38900.056 8.103649399660302e-09
38950.056 4.785363301520836e-09
39000.056 8.553803501678366e-09
39050.056 3.98075803049221e-09
39100.056 6.537549320246229e-09
39150.056 1.0936415483399841e-08
39200.056 7.88180967479981e-09
39250.056 1.002897317582027e-08
39300.056 7.2340187668501114e-09
39350.056 1.4631590847800081e-08
39400.056 7.833490392428611e-09
39450.056 1.2456505155595998e-08
39500.056 1.4167563808899489e-08
39550.056 5.578982259495213e-09
39600.056 1.0511124676191527e-08
39650.056 1.7713936720999595e-08
39700.056 1.560485838490099e-08
39750.056 5.548058423405234e-09
39800.056 5.6273895574124554e-09
39850.056 1.7842226046001368e-08
39900.056 2.0342417692000724e-08
39950.056 8.397700128700246e-09
40000.056 1.4864395694799934e-08
40050.056 1.6713139136099232e-08
40100.056 4.312907010069094e-09
40150.056 1.3806613766100969e-08
40200.056 1.6721127999798647e-08
40250.056 1.9024140625497198e-08
40300.056 1.909882126980211e-08
40350.056 8.81585947650745e-09
40400.056 1.3558260944589904e-08
40450.056 6.211276299879782e-09
40500.056 1.7488075274799738e-08
40550.056 1.8525210767296968e-08
40600.056 1.917714760299959e-08
40650.056 1.2887445630649407e-08
40700.056 2.3687984783899378e-08
40750.056 1.6872183940498622e-08
40800.056 9.372041116298382e-09
40850.056 2.6958181890002962e-08
40900.056 2.596266492499808e-08
40950.056 1.721533160139086e-08
41000.056 1.5393794026279134e-08
41050.056 2.9575272420000118e-08
41100.056 2.5384013435798162e-08
41150.056 7.977995367129438e-09
41200.056 2.6943715588202993e-08
41250.056 2.4668539934525905e-08
41300.056 2.742309346200266e-08
41350.056 3.486925312699994e-08
41400.056 2.671001171099915e-08
41450.056 3.348937268500002e-08
41500.056 1.925310379373647e-08
41550.056 1.8013500569503636e-08
41600.056 1.9779470700529185e-08
41650.056 3.063905320500256e-08
41700.056 4.022362279899782e-08
41750.056 3.0907067773000234e-08
41800.056 3.3640247084000335e-08
41850.056 2.6618620471897764e-08
41900.056 2.1496331191294816e-08
41950.056 2.2456309811398842e-08
42000.056 1.1596456731623871e-08
42050.056 1.4712570536222098e-08
42100.056 2.0626432059798793e-08
42150.056 2.2678353552098887e-08
42200.056 2.5116237040998768e-08
42250.056 2.0747734432102525e-08
42300.056 1.78837141689988e-08
42350.056 2.987308446410074e-08
42400.056 3.515355678100165e-08
42450.056 3.623312509800196e-08
42500.056 3.848581469799925e-08
42550.056 3.429687967199915e-08
42600.056 2.9472984383005197e-08
42650.056 4.09294276819968e-08
42700.056 2.1346515467296407e-08
42750.056 3.0558209420003886e-08
42800.056 4.337459030100059e-08
42850.056 4.480128430099655e-08
42900.056 4.3745524447001885e-08
42950.056 3.5481264344000855e-08
43000.056 4.0828641134999114e-08
43050.056 2.270737891099979e-08
43100.056 3.621439480100014e-08
43150.056 3.3321407457000134e-08
43200.056 4.07903968690012e-08
43250.056 5.281633980300084e-08
43300.056 4.710069148699903e-08
43350.056 2.9205757352998627e-08
43400.056 4.065308876200108e-08
43450.056 3.0088086142000705e-08
43500.056 2.7837747202001366e-08
43550.056 2.93110097926012e-08
43600.056 4.6386237254000215e-08
43650.056 2.6988023044398175e-08
43700.056 4.549002729100588e-08
43750.056 4.9137502743998046e-08
43800.056 4.164372728599903e-08
43850.056 3.86644950390037e-08
43900.056 3.043199476299949e-08
43950.056 2.3697675244998894e-08
44000.056 2.3063671644999752e-08
44050.056 4.6020607986002985e-08
44100.056 5.652871113600071e-08
44150.056 5.160975411699856e-08
44200.056 5.0652558403000735e-08
44250.056 3.2844448366998376e-08
44300.056 2.2355335747300553e-08
44350.056 2.3797163406301092e-08
44400.056 2.5856490637999338e-08
44450.056 4.068184652600309e-08
44500.056 3.542393972600157e-08
44550.056 4.778878147300029e-08
44600.056 3.727826474140064e-08
44650.056 4.081460555999829e-08
44700.056 2.9791952098996824e-08
44750.056 3.855080799900317e-08
44800.056 2.7128191198400667e-08
44850.056 3.8521671531001266e-08
44900.056 3.569274610899906e-08
44950.056 4.088486466700246e-08
45000.056 4.635633977799994e-08
45050.056 4.193197817199701e-08
45100.056 3.853859451700276e-08
45150.056 3.559553202299882e-08
45200.056 2.421599290420067e-08
45250.056 2.9317896888997356e-08
45300.056 2.8800488140801906e-08
45350.056 2.027647582320201e-08
45400.056 5.051337998600144e-08
45450.056 4.3001392497004134e-08
45500.056 4.793411667800114e-08
45550.056 5.096494013899552e-08
45600.056 4.719183431000139e-08
45650.056 4.2767575255997295e-08
45700.056 2.5516085975997895e-08
45750.056 2.2353863317901863e-08
45800.056 4.8801828306001135e-08
45850.056 3.9697665539301727e-08
45900.056 5.082192088599935e-08
45950.056 4.9402734301997623e-08
46000.056 4.86733271690025e-08
46050.056 4.1295545980002434e-08
46100.056 5.321955695399808e-08
46150.056 3.5956577640999975e-08
46200.056 2.7950173275896972e-08
46250.056 1.0816921932229643e-08
46300.056 3.422763776000217e-08
46350.056 3.808440028600273e-08
46400.056 3.873872483300066e-08
46450.056 3.1974206290597633e-08
46500.056 3.760339940100263e-08
46550.056 2.2578098023298303e-08
46600.056 2.3326221061097695e-08
46650.056 3.688864070100166e-08
46700.056 2.8660864970997097e-08
46750.056 1.1654616797501567e-08
46800.056 7.4033085769190116e-09
46850.056 3.221216220100413e-08
46900.056 4.227788249799909e-08
46950.056 4.238721932699912e-08
47000.056 4.315778804300147e-08
47050.056 2.8341212514393507e-08
47100.056 2.397875537700039e-08
47150.056 3.3963906058003336e-08
47200.056 3.782270250599894e-08
47250.056 1.6588567271306742e-08
47300.056 1.1798973080593327e-08
47350.056 3.7544384266002014e-08
47400.056 4.099929918799925e-08
47450.056 2.592890622330163e-08
47500.056 4.358370184300141e-08
47550.056 3.945064251900043e-08
47600.056 3.0541447797097326e-08
47650.056 3.623588880269813e-08
47700.056 2.981272536080377e-08
47750.056 2.3241202291999836e-08
47800.056 1.6275154715200353e-08
47850.056 5.8611792479110195e-09
47900.056 1.0816486542520057e-08
47950.056 3.1138841925002076e-08
48000.056 3.802110996699774e-08
48050.056 2.961939665419946e-08
48100.056 1.5054463426960333e-08
48150.056 2.784473718800134e-08
48200.056 1.7811428572438015e-08
48250.056 2.7705135978000486e-08
48300.056 3.5927455477999874e-08
48350.056 2.256241744699733e-08
48400.056 4.082460498858823e-09
48450.056 8.67244402514314e-09
48500.056 1.8213352690297076e-08
48550.056 2.1283734357104136e-08
48600.056 3.60796083550005e-08
48650.056 4.117205300899935e-08
48700.056 3.143251098900207e-08
48750.056 2.517500402500053e-08
48800.056 3.410950671800082e-08
48850.056 1.6918463308287655e-08
48900.056 1.7095893574138108e-08
48950.056 9.196423134999495e-09
49000.056 5.636192881239464e-09
49050.056 1.865059106189803e-08
49100.056 2.5427345421223788e-08
49150.056 2.145999384259965e-08
49200.056 3.4762301877001996e-08
49250.056 3.649047663699997e-08
49300.056 3.011805213599795e-08
49350.056 1.22868054211418e-08
49400.056 1.6369875255296925e-08
49450.056 1.285607265608271e-08
49500.056 1.0404122254168054e-08
49550.056 1.5082100423329935e-09
49600.056 4.8658074713669605e-09
49650.056 1.7686222979001605e-08
49700.056 2.3561168490998946e-08
49750.056 1.7685500467148772e-08
49800.056 9.81726553966606e-09
49850.056 2.534242807300229e-08
49900.056 2.7903671605999674e-08
49950.056 2.5539987039999008e-08
50000.056 1.5062025214345642e-08
50050.056 1.7350008893702338e-08
50100.056 1.5749083841999144e-08
50150.056 5.494156771658883e-09
50200.056 6.271981117703264e-10
50250.056 5.095297438299989e-09
50300.056 3.583896251835814e-09
50350.056 1.7062472993401752e-08
50400.056 2.237959365839927e-08
50450.056 1.778412887300038e-08
50500.056 2.596567737180111e-08
50550.056 2.7933325925000282e-08
50600.056 1.7670437965795916e-08
50650.056 2.6850522937002378e-08
50700.056 2.5418543013999275e-08
50750.056 1.4562867861899325e-08
50800.056 3.6936853204690823e-09
50850.056 1.4255656717187674e-09
50900.056 1.3229623395801503e-08
50950.056 1.612734323139865e-08
51000.056 1.0281940881775929e-08
51050.056 1.8376928807297808e-08
51100.056 7.049358224180224e-09
51150.056 5.334297312815345e-09
51200.056 2.126782185900065e-08
51250.056 1.7902519186197933e-08
51300.056 1.0923278387700617e-08
51350.056 8.336594948890368e-09
51400.056 1.7891914845404317e-09
51450.056 1.570599037333603e-09
51500.056 1.4820495161308033e-09
51550.056 7.83399039960141e-09
51600.056 9.936091571700952e-09
51650.056 1.4504543549299777e-08
51700.056 1.1703111186406726e-08
51750.056 8.80780020168689e-09
51800.056 1.78848849979997e-08
51850.056 1.351186132199934e-08
51900.056 1.2390595309200205e-08
51950.056 5.626018339598872e-09
52000.056 3.5203393226285473e-10
52050.056 2.7306647869602554e-09
52100.056 1.2266320240196615e-09
52150.056 6.165423376170519e-10
52200.056 3.586233510499984e-09
52250.056 7.16357545308106e-09
52300.056 7.805530886799339e-09
52350.056 1.3984260040740182e-09
52400.056 1.7107212834050391e-09
52450.056 9.581739670301168e-09
52500.056 6.769320527321359e-09
52550.056 1.0739365390799111e-08
52600.056 9.29460297568112e-09
52650.056 1.1828328795799803e-08
52700.056 6.142590124009617e-09
52750.056 1.617507843023339e-09
52800.056 3.6538049490407388e-09
52850.056 4.647839882988955e-09
52900.056 1.0974253480606558e-09
52950.056 2.3385402244105103e-09
53000.056 6.716658879000244e-09
53050.056 2.011134072865818e-09
53100.056 1.0406579317501037e-08
53150.056 1.0936107259299657e-08
53200.056 4.279848182709822e-09
53250.056 8.948383041299847e-09
53300.056 8.985748097451289e-09
53350.056 7.870411887899828e-09
53400.056 4.453135895799439e-09
53450.056 9.231004939496735e-10
