galfind/configs/Brown_Dwarf_templates/sonora_bobcat/m-0.5/316g/sp_t400g316nc_m-0.5_resample.dat
# %ECSV 1.0
# ---
# datatype:
# - {name: wav, unit: Angstrom, datatype: float64}
# - {name: flux_nu, unit: erg / (cm2 Hz s), datatype: float64}
# meta: {C/O: '1.00', Kzz: '1.0000E+05', Teff: '400.', Y: '0.28', '[Fe/H]': '-0.50', f_hole: '1.00', f_rain: '0.00', grav: '316.'}
# schema: astropy-2.0
wav flux_nu
4000.0559999999996 nan
4050.0559999999996 1.3319838719610354e-18
4100.056 1.3590257598300288e-16
4150.056 1.5803833280400185e-15
4200.056 1.8684730424950136e-15
4250.056 1.9665847361400183e-14
4300.056 5.155219974100027e-14
4350.056 1.0455737683100044e-13
4400.056 1.905404326100008e-13
4450.056 3.2131338328000104e-13
4500.056 5.132155808800016e-13
4550.056 5.749112488099975e-13
4600.056 2.1659059314999924e-13
4650.056 1.2150612500899926e-13
4700.056 5.1037360160999517e-14
4750.056 1.5989598938799842e-14
4800.056 6.128897179399952e-15
4850.056 2.4092840028999793e-15
4900.056 1.2190801925799937e-15
4950.056 7.720083292499967e-16
5000.056 5.050547857399981e-16
5050.056 3.9540879520000047e-16
5100.056 4.2680693703000095e-16
5150.056 4.749603343500006e-16
5200.056 5.319607936700006e-16
5250.056 6.046528138700008e-16
5300.056 6.892023756200008e-16
5350.056 7.904781979500014e-16
5400.056 9.129331694600017e-16
5450.056 1.0431748945600018e-15
5500.056 1.1793911817000018e-15
5550.056 1.3137076633000018e-15
5600.056 1.4423626217000015e-15
5650.056 1.5544220520000008e-15
5700.056 1.6203652093000007e-15
5750.056 1.6015119813999994e-15
5800.056 1.4469185307999962e-15
5850.056 9.802115269799885e-16
5900.056 3.0275615925691227e-16
5950.056 2.052644155800035e-15
6000.056 4.544115401900034e-15
6050.056 8.14603450910006e-15
6100.056 1.3211864530000087e-14
6150.056 2.0080317204000113e-14
6200.056 2.9288826124000134e-14
6250.056 4.1424532340000173e-14
6300.056 5.764619485300025e-14
6350.056 7.935645284400035e-14
6400.056 1.0832386556000047e-13
6450.056 1.4007884638999997e-13
6500.056 1.8651592035000143e-13
6550.056 2.5103326829999917e-13
6600.056 3.3618306035000334e-13
6650.056 4.550036861000025e-13
6700.056 5.903289332600025e-13
6750.056 7.902536019600032e-13
6800.056 9.716772907100032e-13
6850.056 1.0707468540000005e-12
6900.056 9.829865651699987e-13
6950.056 8.566943718600025e-13
7000.056 9.448013641199924e-13
7050.056 1.0136976211399983e-12
7100.056 1.1439198763099978e-12
7150.056 1.0160713780299825e-12
7200.056 9.118429842029978e-13
7250.056 1.0218937533499586e-12
7300.056 1.0648760679000416e-12
7350.056 1.2787090663799997e-12
7400.056 1.4904367691900139e-12
7450.056 1.7314070188000173e-12
7500.056 1.9030831493000027e-12
7550.056 1.9924405593000008e-12
7600.056 1.9791502670999965e-12
7650.056 8.43302603300972e-13
7700.056 7.100215673400225e-13
7750.056 2.130398377700026e-12
7800.056 2.909082063200022e-12
7850.056 4.2129807799e-12
7900.056 5.240395690400004e-12
7950.056 5.706987520400027e-12
8000.056 7.754623215300045e-12
8050.056 9.217072237000053e-12
8100.056 8.506069153299845e-12
8150.056 7.39541218922022e-12
8200.056 1.2015453314820251e-11
8250.056 1.2949597714299966e-11
8300.056 1.5136699979040026e-11
8350.056 1.7842285936799994e-11
8400.056 2.2146294213000202e-11
8450.056 2.933402725100011e-11
8500.056 3.5070691826999925e-11
8550.056 4.330213309400062e-11
8600.056 5.258017402000034e-11
8650.056 6.117334467200035e-11
8700.056 6.81666273270004e-11
8750.056 7.754313735900046e-11
8800.056 8.541595031700017e-11
8850.056 8.570031635099902e-11
8900.056 4.4900620951998235e-11
8950.056 3.664452868830073e-11
9000.056 3.8889680449637904e-11
9050.056 9.816720134530082e-11
9100.056 1.1256645971192655e-10
9150.056 1.3447982947140042e-10
9200.056 1.8821241609960967e-10
9250.056 1.7494785591119327e-10
9300.056 1.09969268516439e-11
9350.056 1.8942516115981478e-11
9400.056 9.403787132027477e-11
9450.056 6.282179775651025e-11
9500.056 5.682003076761359e-11
9550.056 5.86609964540437e-11
9600.056 7.6597221321122e-11
9650.056 1.3330795392064624e-10
9700.056 3.266188055676855e-10
9750.056 3.2824911029813853e-10
9800.056 4.1851378842099355e-10
9850.056 5.423434787629917e-10
9900.056 7.452462280600266e-10
9950.056 8.540329316600187e-10
10000.056 6.607540891689084e-10
10050.056 7.326379197399903e-10
10100.056 6.750163614500004e-10
10150.056 5.335102100999939e-10
10200.056 3.7153444026001294e-10
10250.056 4.2081526591500305e-10
10300.056 5.293966956399767e-10
10350.056 3.6307138188001125e-10
10400.056 4.910623278400032e-10
10450.056 5.571533097999708e-10
10500.056 6.024163517599983e-10
10550.056 6.540762477900007e-10
10600.056 6.516052490700016e-10
10650.056 6.102613290599974e-10
10700.056 5.369984933699975e-10
10750.056 4.922860610499955e-10
10800.056 4.4778856064000144e-10
10850.056 4.022393577799989e-10
10900.056 3.495097023199947e-10
10950.056 2.474768295100003e-10
11000.056 1.6133951694398706e-10
11050.056 8.30201116963697e-11
11100.056 3.724323176000884e-11
11150.056 1.4596468973585128e-11
11200.056 1.1776448969385917e-11
11250.056 1.584564041805255e-11
11300.056 2.4104708742948255e-11
11350.056 8.817787257141151e-12
11400.056 4.3529739555905996e-11
11450.056 2.270776383717267e-11
11500.056 2.4743480085972696e-11
11550.056 8.404682573325849e-12
11600.056 4.621693753085478e-12
11650.056 1.678176552672452e-11
11700.056 2.3056590433833547e-11
11750.056 1.045914579374013e-11
11800.056 4.2422523448017844e-11
11850.056 5.261228735199912e-11
11900.056 5.92295233094999e-11
11950.056 7.430641708300235e-11
12000.056 9.325164141600531e-11
12050.056 1.2191868340500265e-10
12100.056 1.3726497859499744e-10
12150.056 1.7501391686799974e-10
12200.056 1.9726348973900193e-10
12250.056 2.611298542369944e-10
12300.056 3.6661709602401254e-10
12350.056 4.333003352400038e-10
12400.056 5.731979950600001e-10
12450.056 7.606078441500082e-10
12500.056 8.937821819400055e-10
12550.056 9.909603803200113e-10
12600.056 1.2728294745600316e-09
12650.056 1.6114599997800084e-09
12700.056 1.8012393900999975e-09
12750.056 1.6098325103600085e-09
12800.056 1.339223588679979e-09
12850.056 9.854078599499781e-10
12900.056 8.234593339600052e-10
12950.056 7.271976334100225e-10
13000.056 8.070689362200581e-10
13050.056 6.08859276092996e-10
13100.056 6.654849802199435e-10
13150.056 4.4172702204143434e-10
13200.056 4.935584508359628e-10
13250.056 4.526400540213063e-10
13300.056 1.800773083781493e-10
13350.056 8.215288940562071e-11
13400.056 1.6494516987088944e-11
13450.056 3.4996089719082263e-12
13500.056 9.786513274376944e-13
13550.056 1.7519519531199367e-13
13600.056 4.1425496569461765e-14
13650.056 3.521990231773176e-13
13700.056 1.6495768418813138e-13
13750.056 1.0225799818751925e-12
13800.056 1.0729783201524946e-12
13850.056 2.673204036423286e-13
13900.056 5.797021485471015e-13
13950.056 5.349419144272704e-13
14000.056 9.381081728989492e-13
14050.056 1.2860706308051486e-12
14100.056 1.046540386638489e-12
14150.056 2.893218123096284e-12
14200.056 1.876003183466186e-12
14250.056 2.8841739503818e-12
14300.056 1.2087062977123662e-11
14350.056 8.705081495221504e-12
14400.056 8.468082257844009e-12
14450.056 1.9915018689598273e-11
14500.056 4.48781309120909e-11
14550.056 5.127751693877429e-11
14600.056 9.325670816747566e-11
14650.056 3.764516362535529e-11
14700.056 1.6333809802100337e-11
14750.056 8.724050957268467e-12
14800.056 9.536042102332399e-12
14850.056 1.0159036452030963e-11
14900.056 1.0144732592776025e-11
14950.056 7.827476990727657e-12
15000.056 2.4191526045070236e-11
15050.056 2.9455461588027754e-11
15100.056 1.2677535904225606e-11
15150.056 5.2752995078800215e-12
15200.056 1.9700418272279762e-11
15250.056 4.156770515375565e-11
15300.056 5.782539481553616e-11
15350.056 6.90201039072994e-11
15400.056 8.91096744103313e-11
15450.056 1.2429054537272525e-10
15500.056 1.7069135443867872e-10
15550.056 2.9442994699604534e-10
15600.056 4.766980487069648e-10
15650.056 7.808688476900672e-10
15700.056 1.1731437174800246e-09
15750.056 1.423590484970021e-09
15800.056 1.6930862167999957e-09
15850.056 1.960905729200068e-09
15900.056 2.0741906045999994e-09
15950.056 2.2046144757000004e-09
16000.056 2.0149564686999968e-09
16050.056 1.5847529435499597e-09
16100.056 1.0839303298099944e-09
16150.056 6.436750934229525e-10
16200.056 3.0518369827701827e-10
16250.056 1.8057468513924904e-10
16300.056 1.0987608083938176e-10
16350.056 1.2589038898198305e-10
16400.056 1.391598142396824e-10
16450.056 1.521239409749558e-10
16500.056 1.2261991028126325e-10
16550.056 1.312460285508209e-10
16600.056 2.500756977215004e-10
16650.056 1.4148761059677095e-10
16700.056 3.1802865197474335e-11
16750.056 1.0943509433515431e-10
16800.056 1.4374999351300693e-10
16850.056 1.4192391256814342e-10
16900.056 7.514824340848609e-11
16950.056 5.263488805547939e-11
17000.056 2.9186508920301755e-11
17050.056 5.101928861652614e-11
17100.056 8.497356101799922e-11
17150.056 5.81857041372291e-11
17200.056 1.4763435021698377e-10
17250.056 6.519455924239252e-11
17300.056 5.13801283510581e-11
17350.056 6.399069864556201e-11
17400.056 9.742651495313783e-11
17450.056 1.1228755009493667e-10
17500.056 1.433834996010167e-10
17550.056 1.165999385758423e-10
17600.056 1.0422165560121315e-10
17650.056 7.695296630592864e-11
17700.056 6.743180861506554e-11
17750.056 4.936886861432489e-11
17800.056 8.07859460155354e-11
17850.056 4.3487472664629054e-11
17900.056 3.072080643199432e-11
17950.056 2.0168562495216683e-11
18000.056 3.219807310485446e-11
18050.056 1.5042067839620315e-11
18100.056 1.698604867289109e-11
18150.056 1.1746249820944384e-11
18200.056 8.173410398176804e-12
18250.056 2.7417968372712298e-11
18300.056 4.6874738977771406e-12
18350.056 3.9845832192259076e-12
18400.056 2.4159415587512078e-12
18450.056 1.465481526286822e-11
18500.056 1.2808774784669094e-11
18550.056 5.915177759104034e-12
18600.056 9.586358370852524e-12
18650.056 6.237299822948298e-12
18700.056 9.769379206702308e-13
18750.056 2.314238449879743e-12
18800.056 2.0366698346241203e-11
18850.056 1.7538990792512665e-11
18900.056 1.7196322255091834e-11
18950.056 2.338679945278987e-11
19000.056 5.928028360537925e-12
19050.056 2.723276298096416e-12
19100.056 8.063997247973048e-12
19150.056 3.3904915622602175e-12
19200.056 6.521603464731416e-12
19250.056 4.639031021704863e-12
19300.056 2.8476907440402226e-12
19350.056 2.9595794153195286e-12
19400.056 2.1006818396220294e-12
19450.056 2.7213734282310395e-12
19500.056 2.8536305447250734e-12
19550.056 4.578949197892402e-12
19600.056 8.1726607637208e-12
19650.056 6.64901466366367e-12
19700.056 9.381465383736432e-12
19750.056 1.123481794335105e-11
19800.056 7.767535607103868e-12
19850.056 9.530242978364792e-12
19900.056 1.360049726936508e-11
19950.056 1.50016663853481e-11
20000.056 1.6883013312381497e-11
20050.056 1.3949038754621778e-11
20100.056 2.020479138198892e-11
20150.056 1.399325961398828e-11
20200.056 1.058980608876863e-11
20250.056 1.7338861768400906e-11
20300.056 1.8805476782947595e-11
20350.056 1.8722069482387464e-11
20400.056 1.89540859076999e-11
20450.056 2.5554428114104414e-11
20500.056 2.6274791327000083e-11
20550.056 2.6856732432800017e-11
20600.056 2.7220706245302144e-11
20650.056 2.787067117699815e-11
20700.056 2.784603998799984e-11
20750.056 2.712846043599971e-11
20800.056 2.570875920299852e-11
20850.056 2.5818210958e-11
20900.056 2.4997240665999876e-11
20950.056 2.3883487116000112e-11
21000.056 2.298648131999992e-11
21050.056 2.2949989634999918e-11
21100.056 2.2556694739999995e-11
21150.056 2.2668903438999916e-11
21200.056 2.2770381258000347e-11
21250.056 2.3054269009999482e-11
21300.056 2.285227250600023e-11
21350.056 2.2961176594699564e-11
21400.056 2.4460200952601713e-11
21450.056 2.285507185500094e-11
21500.056 2.2496423429175203e-11
21550.056 2.238148849895964e-11
21600.056 2.1631450450133925e-11
21650.056 1.992564598485152e-11
21700.056 2.040819146975885e-11
21750.056 1.925058675424832e-11
21800.056 1.5874627027001412e-11
21850.056 1.485065772845439e-11
21900.056 1.2417122878223844e-11
21950.056 7.381739220518566e-12
22000.056 1.2740742628166315e-12
22050.056 2.342360193378729e-12
22100.056 6.610558935339128e-12
22150.056 4.5486584990414714e-12
22200.056 4.414607369951102e-12
22250.056 3.837306439157404e-12
22300.056 2.036634918362092e-12
22350.056 2.723062482513308e-12
22400.056 1.1730079754405568e-12
22450.056 1.8129712763927783e-12
22500.056 1.3868158690645972e-12
22550.056 7.964882873003143e-13
22600.056 6.511067835363117e-13
22650.056 9.680735624476887e-13
22700.056 1.0323699726621624e-12
22750.056 1.5041555804163003e-12
22800.056 1.8874467575299957e-12
22850.056 1.2412605039543672e-12
22900.056 9.060045080350889e-13
22950.056 7.308332387361791e-13
23000.056 8.010975137497132e-13
23050.056 8.929908039616575e-13
23100.056 5.027932521414964e-12
23150.056 3.981881045774705e-12
23200.056 2.919831743078761e-13
23250.056 1.4388934179872485e-12
23300.056 1.1027793451514339e-12
23350.056 1.3370263167282883e-12
23400.056 9.717604477394084e-13
23450.056 6.409246403360837e-13
23500.056 6.406913225843178e-13
23550.056 1.4475425432234187e-12
23600.056 2.8947048146676556e-12
23650.056 3.589681033365651e-12
23700.056 6.359450289106262e-13
23750.056 9.266670481051447e-13
23800.056 4.074223332085474e-12
23850.056 2.326969585953312e-12
23900.056 4.55461298450664e-12
23950.056 2.352306386803749e-12
24000.056 5.454340988602091e-12
24050.056 5.660093287955114e-12
24100.056 6.82573513712711e-12
24150.056 9.466937651819122e-12
24200.056 7.528586013748385e-12
24250.056 6.347422342850201e-12
24300.056 1.2265656104718419e-11
24350.056 1.026852642242592e-11
24400.056 1.9408390094386037e-11
24450.056 2.1204073586344836e-11
24500.056 1.9125184783706e-11
24550.056 3.113817187225157e-11
24600.056 3.677147463399806e-11
24650.056 4.517052218423349e-11
24700.056 3.9200111445572046e-11
24750.056 4.952948797237974e-11
24800.056 4.7287180204226175e-11
24850.056 6.289527847059508e-11
24900.056 3.652144114323262e-11
24950.056 5.948515758248699e-11
25000.056 6.998268859287582e-11
25050.056 4.236896011381454e-11
25100.056 6.515852038498836e-11
25150.056 3.381079660985656e-11
25200.056 5.310553180453523e-11
25250.056 2.1590331843459117e-11
25300.056 2.7520370922723446e-11
25350.056 1.2973012825025547e-11
25400.056 3.28193260696254e-11
25450.056 9.722191542533556e-12
25500.056 7.970102791142946e-12
25550.056 2.2929551355898492e-11
25600.056 1.1027930204580702e-11
25650.056 4.092368092326378e-12
25700.056 3.4958363499356557e-12
25750.056 8.543469116653622e-13
25800.056 6.114273383635753e-12
25850.056 8.310833160532671e-13
25900.056 1.3231615243089474e-12
25950.056 1.730321418777936e-13
26000.056 4.86770727372683e-12
26050.056 2.931365971467774e-13
26100.056 2.4294542650573245e-12
26150.056 7.351092784892324e-13
26200.056 1.162292958336558e-12
26250.056 1.2967907872648831e-11
26300.056 1.3825466549191156e-12
26350.056 3.222867766591605e-11
26400.056 5.3361380256025595e-11
26450.056 2.4642921494606952e-11
26500.056 7.607620404672932e-11
26550.056 5.127399000789093e-12
26600.056 4.77714629817933e-12
26650.056 4.1955829052980537e-13
26700.056 2.1951892017084344e-13
26750.056 4.733924982170367e-13
26800.056 2.5606913790838327e-12
26850.056 1.2707076709378433e-12
26900.056 8.777938369751541e-12
26950.056 2.1931267070829344e-12
27000.056 1.6005118266085037e-11
27050.056 2.588919893688044e-11
27100.056 9.824985204782671e-13
27150.056 2.5804193463717915e-11
27200.056 9.467578492709993e-13
27250.056 5.729177921140863e-12
27300.056 7.84223658463078e-11
27350.056 1.7376288762893255e-11
27400.056 5.085759222453145e-13
27450.056 2.5882583327079276e-11
27500.056 3.736966249146207e-11
27550.056 3.3042671269997293e-12
27600.056 1.381593648113435e-11
27650.056 2.473716312956172e-12
27700.056 2.69716350670471e-12
27750.056 2.5483372333141948e-11
27800.056 6.76930518779214e-12
27850.056 1.443244625437512e-11
27900.056 1.9208144743672366e-11
27950.056 4.3708046906100693e-11
28000.056 4.266567385576425e-11
28050.056 3.3159863821610995e-12
28100.056 5.5728811218179346e-11
28150.056 3.63447715422165e-11
28200.056 6.971535127287334e-12
28250.056 7.635311199053179e-11
28300.056 7.377692123160973e-11
28350.056 8.77343224044643e-12
28400.056 4.7526975368910095e-11
28450.056 9.751499196701689e-11
28500.056 4.572895639230213e-11
28550.056 7.713878282465976e-12
28600.056 8.943590652349322e-11
28650.056 4.527152833029663e-11
28700.056 8.69555847323331e-11
28750.056 1.6923743467574368e-10
28800.056 5.2470777649139146e-11
28850.056 1.6004371164841096e-10
