galfind/configs/Brown_Dwarf_templates/sonora_bobcat/m-0.5/316g/sp_t450g316nc_m-0.5_resample.dat
# %ECSV 1.0
# ---
# datatype:
# - {name: wav, unit: Angstrom, datatype: float64}
# - {name: flux_nu, unit: erg / (cm2 Hz s), datatype: float64}
# meta: {C/O: '1.00', Kzz: '1.0000E+05', Teff: '450.', Y: '0.28', '[Fe/H]': '-0.50', f_hole: '1.00', f_rain: '0.00', grav: '316.'}
# schema: astropy-2.0
wav flux_nu
[from data line 498]
28900.056 2.1474368391394952e-10
28950.056 3.153511730992374e-10
29000.056 2.3823671999644397e-10
29050.056 3.8069234978503213e-10
29100.056 1.7142459393213083e-10
29150.056 3.084117488937718e-10
29200.056 5.189245535234421e-10
29250.056 5.612455285873684e-10
29300.056 3.3000582186669293e-10
29350.056 9.301181864810498e-10
29400.056 3.473728413156657e-10
29450.056 2.3619192930391795e-10
29500.056 8.811150936574777e-10
29550.056 3.264254464706854e-10
29600.056 4.3815782209622433e-10
29650.056 1.3216967034395147e-09
29700.056 2.7653576500353957e-10
29750.056 8.714758979474325e-10
29800.056 6.265647568893528e-10
29850.056 1.2249225006726138e-09
29900.056 6.070252812997936e-10
29950.056 6.249534625681458e-10
30000.056 1.4292222497343182e-11
30050.056 8.856622184962136e-11
30100.056 3.247448735260266e-10
30150.056 1.0995109441875705e-09
30200.056 7.663455060331484e-10
30250.056 1.4621914650590314e-09
30300.056 1.63785198344813e-09
30350.056 4.505623214508725e-10
30400.056 1.874943470947313e-09
30450.056 1.2599841559159938e-09
30500.056 8.827135841359872e-10
30550.056 6.784432453918391e-10
30600.056 4.252486693683087e-09
30650.056 1.8246203630155608e-09
30700.056 1.1628722120529968e-09
30750.056 2.1099313844318004e-09
30800.056 1.869373361965034e-09
30850.056 2.0557672194675722e-09
30900.056 1.166694749902331e-09
30950.056 9.309544197056928e-10
31000.056 1.179793673091485e-09
31050.056 9.786195911608249e-10
31100.056 5.11690942303605e-10
31150.056 9.848115005465808e-10
31200.056 2.6870700947999286e-09
31250.056 1.115549859083962e-09
31300.056 7.868982327942552e-10
31350.056 1.7162013147215726e-09
31400.056 1.0908714539395916e-09
31450.056 1.2476501767639494e-09
31500.056 4.2010075502922603e-10
31550.056 8.297815966744277e-10
31600.056 5.687386072591632e-10
31650.056 4.470534436719965e-10
31700.056 4.358485095011445e-10
31750.056 1.9742501528958937e-10
31800.056 4.4126242993106334e-10
31850.056 9.062363622257146e-11
31900.056 2.2560379121296114e-10
31950.056 1.1178041496578759e-10
32000.056 1.0515249857460909e-10
32050.056 1.2540074382605254e-10
32100.056 9.641357114515917e-11
32150.056 1.1374975022541012e-10
32200.056 5.690718687368354e-11
32250.056 1.3816391458089044e-10
32300.056 4.119234461828107e-11
32350.056 1.5169419331048419e-10
32400.056 2.461345706573515e-11
32450.056 1.1475592003196891e-10
32500.056 3.055908247291463e-11
32550.056 1.0759774656911731e-10
32600.056 3.6326614251651396e-11
32650.056 2.080652988816552e-10
32700.056 5.605433752108556e-11
32750.056 4.499044161901854e-10
32800.056 2.897641209874852e-10
32850.056 8.250071583291785e-10
32900.056 7.513458243626386e-10
32950.056 7.708704468285105e-10
33000.056 2.543429470318658e-10
33050.056 3.0158493270875486e-10
33100.056 6.26971740331386e-11
33150.056 5.487342735048791e-14
33200.056 2.054935102686278e-12
33250.056 3.683944052319587e-12
33300.056 3.1151795939617386e-11
33350.056 9.950199007031877e-11
33400.056 3.323604443162102e-10
33450.056 1.7283353900784035e-10
33500.056 6.794764851922594e-10
33550.056 1.4110432552830402e-10
33600.056 3.4235264784824854e-10
33650.056 3.4534389377154053e-10
33700.056 1.0338666617448223e-10
33750.056 4.611734932159328e-10
33800.056 4.1983311742797913e-11
33850.056 2.1460027422112193e-10
33900.056 2.2767870183804605e-10
33950.056 1.8683479838153078e-10
34000.056 4.1749162584799974e-10
34050.056 6.479814206334278e-11
34100.056 3.8770319942383825e-10
34150.056 1.3073763735518529e-10
34200.056 4.0231936516275976e-10
34250.056 2.508485541575684e-10
34300.056 2.351750497721106e-10
34350.056 6.633160635252605e-10
34400.056 1.5502765864878206e-10
34450.056 6.241675812970629e-10
34500.056 3.0875697591121027e-10
34550.056 2.5520182731495187e-10
34600.056 1.2026203535620674e-09
34650.056 1.435872736291904e-10
34700.056 8.25300285942985e-10
34750.056 4.576444668267998e-10
34800.056 3.294604024064657e-10
34850.056 1.3528027208208457e-09
34900.056 2.4718202509624944e-10
34950.056 1.242391121951815e-09
35000.056 1.891614284719725e-09
35050.056 9.080699121419973e-10
35100.056 2.4385464301653663e-09
35150.056 2.0302821963638687e-09
35200.056 1.5233428914210852e-09
35250.056 2.9437390607962817e-09
35300.056 8.321981900503967e-10
35350.056 1.3643549101551901e-09
35400.056 1.0461509942409114e-09
35450.056 8.578480361872211e-10
35500.056 3.158338129394093e-09
35550.056 1.732875635078555e-09
35600.056 2.4176130097757686e-09
35650.056 2.7071997689552377e-09
35700.056 2.5565780598568675e-09
35750.056 4.271497466391358e-09
35800.056 2.6951560350553403e-09
35850.056 1.3177996688340314e-09
35900.056 2.0445104831872337e-09
35950.056 3.0796263710501333e-09
36000.056 3.1554513877405517e-09
36050.056 2.3607970635346744e-09
36100.056 2.0795996666774393e-09
36150.056 5.266557206239434e-09
36200.056 5.635271539080133e-09
36250.056 3.4281806563943918e-09
36300.056 8.257889645939576e-09
36350.056 5.147877794807886e-09
36400.056 7.764120532132075e-09
36450.056 6.021791912970097e-09
36500.056 6.766211180910603e-09
36550.056 1.1552325960255364e-08
36600.056 1.3021699636097268e-08
36650.056 8.031965841323799e-09
36700.056 8.369980387822793e-09
36750.056 1.242026160510342e-08
36800.056 1.4156762262667821e-08
36850.056 7.92784356445704e-09
36900.056 1.0652774088731838e-08
36950.056 1.4802074356396952e-08
37000.056 1.006012593099763e-08
37050.056 1.5496416977170648e-08
37100.056 7.919159937390318e-09
37150.056 1.1060103660072769e-08
37200.056 1.930298318649803e-08
37250.056 1.0060728756237599e-08
37300.056 7.533217005789222e-09
37350.056 1.3647242127148088e-08
37400.056 2.067380208327881e-08
37450.056 8.561133480702914e-09
37500.056 1.115533283780626e-08
37550.056 2.3944970075705966e-08
37600.056 3.348676756500258e-08
37650.056 1.0245493574884836e-08
37700.056 1.9358923488362216e-08
37750.056 1.3907027050171625e-08
37800.056 1.5388431642473535e-08
37850.056 8.636819512699793e-09
37900.056 1.0249892297060125e-08
37950.056 1.7431057364800104e-08
38000.056 1.5776617570084497e-08
38050.056 2.1861959475454285e-08
38100.056 2.9493848386939897e-08
38150.056 3.145417920907767e-08
38200.056 2.3127504297166003e-08
38250.056 2.7637739560562337e-08
38300.056 4.3553388245990925e-08
38350.056 3.8005679114907547e-08
38400.056 1.779579210705933e-08
38450.056 8.961157629436728e-09
38500.056 7.276393840461531e-09
38550.056 2.171539976040341e-08
38600.056 2.301982890669652e-08
38650.056 2.446969759771741e-08
38700.056 2.4233333156095728e-08
38750.056 2.270137904669939e-08
38800.056 2.2673279667299293e-08
38850.056 2.617231856120185e-08
38900.056 3.127400565741384e-08
38950.056 2.039245255790193e-08
39000.056 2.9090600356693413e-08
39050.056 2.0394691160611e-08
39100.056 2.6894963666518545e-08
39150.056 3.7998635828598884e-08
39200.056 2.7821393436398393e-08
39250.056 3.640619211190121e-08
39300.056 2.9057090348099468e-08
39350.056 4.574869914500006e-08
39400.056 2.9493640921406613e-08
39450.056 4.09742850995326e-08
39500.056 4.4891995974999956e-08
39550.056 2.3154941175354272e-08
39600.056 3.715350624450314e-08
39650.056 5.3428312259998226e-08
39700.056 4.716626897300482e-08
39750.056 2.3102735513235133e-08
39800.056 2.6034072464100763e-08
39850.056 5.6113531497002645e-08
39900.056 5.979095315200281e-08
39950.056 3.178093159999926e-08
40000.056 4.949053415699892e-08
40050.056 5.277355518319876e-08
40100.056 2.00360027304382e-08
40150.056 4.702034829800274e-08
40200.056 5.215805492699455e-08
40250.056 5.710006156899104e-08
40300.056 5.737417268200664e-08
40350.056 3.387348220889219e-08
40400.056 4.967681243830823e-08
40450.056 2.689450121601778e-08
40500.056 5.5292918146997345e-08
40550.056 5.92131539159873e-08
40600.056 5.566985237099978e-08
40650.056 4.3500162414147175e-08
40700.056 7.452873563799693e-08
40750.056 5.3687477183994614e-08
40800.056 3.442861217189289e-08
40850.056 7.833747791500866e-08
40900.056 7.262433017599371e-08
40950.056 5.568659867790484e-08
41000.056 5.0609155874597325e-08
41050.056 8.289671158599664e-08
41100.056 7.311216220499556e-08
41150.056 3.2058579035578796e-08
41200.056 7.722734546200662e-08
41250.056 7.089857902178943e-08
41300.056 7.524087818700542e-08
41350.056 9.011774895699885e-08
41400.056 7.327011168100067e-08
41450.056 9.122412503599872e-08
41500.056 5.981156194015759e-08
41550.056 5.61971664313125e-08
41600.056 6.012504728313101e-08
41650.056 8.140748635700566e-08
41700.056 9.703185725199106e-08
41750.056 7.848191832699775e-08
41800.056 8.489743555300475e-08
41850.056 7.086700906449337e-08
41900.056 6.423019691598423e-08
41950.056 6.937156477299913e-08
42000.056 4.7604845064078633e-08
42050.056 5.1490977781008546e-08
42100.056 6.534658452999369e-08
42150.056 6.33251398688976e-08
42200.056 6.569996659299442e-08
42250.056 5.96401410778065e-08
42300.056 5.405653256799712e-08
42350.056 7.721926123600254e-08
42400.056 8.703428186700458e-08
42450.056 8.117675540200727e-08
42500.056 8.538063045599707e-08
42550.056 7.577492105099655e-08
42600.056 7.521551940501676e-08
42650.056 1.0297332091299053e-07
42700.056 6.11167695499858e-08
42750.056 6.955750770501034e-08
42800.056 9.589822911100305e-08
42850.056 1.0251144944198732e-07
42900.056 1.0406412309300704e-07
42950.056 8.250444924899824e-08
43000.056 9.609622061499791e-08
43050.056 5.338263387700478e-08
43100.056 8.771044561699761e-08
43150.056 7.432452283200008e-08
43200.056 9.126403711400384e-08
43250.056 1.2358907986000346e-07
43300.056 1.1187726445699918e-07
43350.056 6.39423571859933e-08
43400.056 9.36219536660042e-08
43450.056 6.951375775200418e-08
43500.056 7.13157921580049e-08
43550.056 7.13621979940033e-08
43600.056 1.073451764560034e-07
43650.056 6.36069226949965e-08
43700.056 1.1172681447201452e-07
43750.056 1.0985908217099505e-07
43800.056 9.645681901499601e-08
43850.056 8.948905798201089e-08
43900.056 7.473480651899593e-08
43950.056 5.59037821819962e-08
44000.056 5.1850871043999286e-08
44050.056 1.063879308470062e-07
44100.056 1.3352890225600278e-07
44150.056 1.2359293573799595e-07
44200.056 1.1740947226900284e-07
44250.056 7.270204986299623e-08
44300.056 5.255432500800427e-08
44350.056 5.993943162890527e-08
44400.056 6.06930101399974e-08
44450.056 9.612018602700677e-08
44500.056 8.326510799300823e-08
44550.056 1.1563038590299879e-07
44600.056 9.406611246620226e-08
44650.056 9.581910364499569e-08
44700.056 6.726571947999262e-08
44750.056 8.889682023101168e-08
44800.056 6.630271829980389e-08
44850.056 9.494382701600391e-08
44900.056 8.240817958999796e-08
44950.056 9.235457664400699e-08
45000.056 1.0532866073800217e-07
45050.056 9.795186493799259e-08
45100.056 9.04923979460064e-08
45150.056 8.419088554899618e-08
45200.056 5.993530946900338e-08
45250.056 7.10190512009909e-08
45300.056 6.942289863900719e-08
45350.056 5.2893187903804966e-08
45400.056 1.2089823826300626e-07
45450.056 1.0590211922601044e-07
45500.056 1.1512587030900384e-07
45550.056 1.2470344237098555e-07
45600.056 1.1504189328300575e-07
45650.056 1.0114101705999397e-07
45700.056 6.347855692719617e-08
45750.056 5.613031200680371e-08
45800.056 1.2242336391600483e-07
45850.056 1.0321409648100319e-07
45900.056 1.2270608211999785e-07
45950.056 1.1076977683699455e-07
46000.056 1.1783334503900992e-07
46050.056 9.81609400410037e-08
46100.056 1.3139990756599489e-07
46150.056 8.565064738399995e-08
46200.056 7.160640675899241e-08
46250.056 3.0159573138628e-08
46300.056 8.571064362000398e-08
46350.056 9.373009999400901e-08
46400.056 9.211422030500235e-08
46450.056 7.982673294059414e-08
46500.056 8.814015300401117e-08
46550.056 5.4403830958998647e-08
46600.056 6.459207879919196e-08
46650.056 9.622704940200483e-08
46700.056 7.261687569399064e-08
46750.056 3.4318677417505336e-08
46800.056 2.3472922287982708e-08
46850.056 9.004316501001046e-08
46900.056 1.0445974627099586e-07
46950.056 1.0122589759299594e-07
47000.056 1.0029929114300627e-07
47050.056 7.152853774118245e-08
47100.056 5.5955400462001636e-08
47150.056 8.364246249800958e-08
47200.056 9.423401811099636e-08
47250.056 4.627046592289258e-08
47300.056 3.229009769674748e-08
47350.056 9.7867722875005e-08
47400.056 9.868385085099636e-08
47450.056 6.961826962570745e-08
47500.056 1.0946714134099864e-07
47550.056 9.25030369690022e-08
47600.056 8.234072128799262e-08
47650.056 9.261991266139513e-08
47700.056 7.431659357981185e-08
47750.056 5.601633081799981e-08
47800.056 4.506796980700419e-08
47850.056 1.9832238094402972e-08
47900.056 3.285875718805937e-08
47950.056 8.211785558400531e-08
48000.056 1.01888688421996e-07
48050.056 8.21173587233966e-08
48100.056 3.9349873769341524e-08
48150.056 6.895898663300312e-08
48200.056 4.966531771903825e-08
48250.056 6.962911538100057e-08
48300.056 9.778434255100038e-08
48350.056 6.428732519299316e-08
48400.056 1.4716364627186303e-08
48450.056 3.076510961518712e-08
48500.056 5.581767325498879e-08
48550.056 6.262002808122952e-08
48600.056 8.6683809722001e-08
48650.056 1.0271282572599782e-07
48700.056 7.5153258589007e-08
48750.056 5.2566726216005103e-08
48800.056 8.568050306300452e-08
48850.056 4.696676271059304e-08
48900.056 5.630153606735445e-08
48950.056 3.3388916496398294e-08
49000.056 1.8821898829946194e-08
49050.056 5.707662948179364e-08
49100.056 7.155704249101033e-08
49150.056 5.668736210949918e-08
49200.056 8.686156445000656e-08
49250.056 8.987694090100115e-08
49300.056 7.559557843599637e-08
49350.056 3.3081207045665545e-08
49400.056 4.647269956459075e-08
49450.056 4.0407017841958844e-08
49500.056 3.402588720358449e-08
49550.056 6.693389498539955e-09
49600.056 1.9399815210955387e-08
49650.056 5.012719474300228e-08
49700.056 5.97080586919922e-08
49750.056 5.4629084597296505e-08
49800.056 3.305273546030017e-08
49850.056 7.057361763200664e-08
49900.056 6.907208650499875e-08
49950.056 6.273059833299816e-08
50000.056 4.582985838423453e-08
50050.056 5.4936957586204325e-08
50100.056 4.7041013371997586e-08
50150.056 2.0530230545396355e-08
50200.056 3.3267770666015755e-09
50250.056 2.1754820606999756e-08
50300.056 1.468651041635275e-08
50350.056 5.244843013000592e-08
50400.056 5.95853370589969e-08
50450.056 4.270576805380098e-08
50500.056 6.72616489490032e-08
50550.056 6.775142198800139e-08
50600.056 4.52335896062876e-08
50650.056 6.825963554600901e-08
50700.056 7.019330905499872e-08
50750.056 4.269021909800015e-08
50800.056 1.4215086900161287e-08
50850.056 7.020964119623427e-09
50900.056 4.639042321600343e-08
50950.056 4.812781777899697e-08
51000.056 3.4749760220053e-08
51050.056 5.215766775779285e-08
51100.056 2.0447171303769993e-08
51150.056 2.0152757010082482e-08
51200.056 6.341089363199962e-08
51250.056 4.898791738999204e-08
51300.056 3.141811367390428e-08
51350.056 3.0303892334698964e-08
51400.056 9.596979418908032e-09
51450.056 7.641397429726638e-09
51500.056 6.6837525595145914e-09
51550.056 2.7900921597604585e-08
51600.056 2.7367474084603555e-08
51650.056 3.692606454899841e-08
51700.056 3.5467589943448135e-08
51750.056 2.54292885290548e-08
51800.056 4.783400304599646e-08
51850.056 3.691311719049824e-08
51900.056 4.256362531900186e-08
51950.056 2.3544245609796437e-08
52000.056 2.064501535974141e-09
52050.056 1.2094663392601398e-08
52100.056 6.549531459078684e-09
52150.056 3.687530423095098e-09
52200.056 1.3592079037399405e-08
52250.056 2.390798816670409e-08
52300.056 3.04917279089982e-08
52350.056 7.768979304582562e-09
52400.056 8.711044353239886e-09
52450.056 3.49745385700035e-08
52500.056 2.67307981940351e-08
52550.056 3.238419558899756e-08
52600.056 2.5224947581702373e-08
52650.056 3.105175097960097e-08
52700.056 1.885260929279962e-08
52750.056 7.2094337586676505e-09
52800.056 1.3436098894902511e-08
52850.056 1.6823406053596034e-08
52900.056 6.169790462489117e-09
52950.056 1.1083185155881771e-08
53000.056 2.313424532000128e-08
53050.056 8.206448770426664e-09
53100.056 3.127015494100204e-08
53150.056 3.269253031800015e-08
53200.056 1.2711935223069249e-08
53250.056 2.7759475570000604e-08
53300.056 3.111073475029701e-08
53350.056 2.6442123122999824e-08
53400.056 1.7018804610998173e-08
53450.056 4.755797498018438e-09
53500.056 8.404634312066978e-10
53550.056 2.219628751217988e-09
53600.056 1.1268167813641232e-08
