galfind/configs/Brown_Dwarf_templates/sonora_bobcat/m-0.5/316g/sp_t575g316nc_m-0.5_resample.dat
# %ECSV 1.0
# ---
# datatype:
# - {name: wav, unit: Angstrom, datatype: float64}
# - {name: flux_nu, unit: erg / (cm2 Hz s), datatype: float64}
# meta: {C/O: '1.00', Kzz: '1.0000E+05', Teff: '575.', Y: '0.28', '[Fe/H]': '-0.50', f_hole: '1.00', f_rain: '0.00', grav: '316.'}
# schema: astropy-2.0
wav flux_nu
[from data line 498]
28900.056 1.4749392351886332e-09
28950.056 2.511874893535249e-09
29000.056 2.0923245204104403e-09
29050.056 2.89962655503581e-09
29100.056 1.618362603637991e-09
29150.056 2.8856376759676053e-09
29200.056 2.9486387968318394e-09
29250.056 4.1077319938279026e-09
29300.056 2.1248106809728454e-09
29350.056 6.351241221049159e-09
29400.056 2.5210712724272477e-09
29450.056 2.465763069490725e-09
29500.056 5.0346284797076176e-09
29550.056 2.604070768504838e-09
29600.056 3.54310586039208e-09
29650.056 6.8233172107351354e-09
29700.056 2.5254082640056725e-09
29750.056 5.450297709948282e-09
29800.056 4.806017450111963e-09
29850.056 6.692076596058088e-09
29900.056 4.64386720145418e-09
29950.056 4.4651626914551725e-09
30000.056 2.1306868571438107e-10
30050.056 7.519905265854961e-10
30100.056 1.9248546814730616e-09
30150.056 5.403392570094898e-09
30200.056 4.512529932203486e-09
30250.056 8.713702536266464e-09
30300.056 8.88755894051008e-09
30350.056 4.004811976181438e-09
30400.056 1.023269827048802e-08
30450.056 6.513128768780506e-09
30500.056 6.094739266016741e-09
30550.056 4.944643384184119e-09
30600.056 1.4931514443511442e-08
30650.056 7.782066397467331e-09
30700.056 6.214893983195861e-09
30750.056 9.610430856608696e-09
30800.056 7.641002681205991e-09
30850.056 8.203771137815493e-09
30900.056 5.1125256136633125e-09
30950.056 4.8196517381671e-09
31000.056 5.313075198739193e-09
31050.056 5.420730330399202e-09
31100.056 2.9168492533549586e-09
31150.056 5.276642553578462e-09
31200.056 9.742944973700944e-09
31250.056 5.011148797957751e-09
31300.056 3.926554683068133e-09
31350.056 5.947725213228102e-09
31400.056 4.181057558834778e-09
31450.056 4.975688408199078e-09
31500.056 2.024205731495337e-09
31550.056 3.377063423921064e-09
31600.056 2.312227869037795e-09
31650.056 1.935112900262878e-09
31700.056 2.1306469943905377e-09
31750.056 1.074674211285401e-09
31800.056 2.296662656030213e-09
31850.056 6.5008519441554e-10
31900.056 1.4121902807740064e-09
31950.056 7.18632600430728e-10
32000.056 9.018906394699748e-10
32050.056 1.000125605291405e-09
32100.056 7.868928218245469e-10
32150.056 1.0747817632534303e-09
32200.056 5.855180355278303e-10
32250.056 1.3960911664765594e-09
32300.056 4.89175307131888e-10
32350.056 1.4740277320661672e-09
32400.056 4.002365712261788e-10
32450.056 1.2553367961874203e-09
32500.056 5.806807025304258e-10
32550.056 1.086836723451081e-09
32600.056 7.804573496185002e-10
32650.056 1.9508716735361774e-09
32700.056 1.0692714671848228e-09
32750.056 3.2434419369430706e-09
32800.056 2.7505197398200434e-09
32850.056 4.730047839440309e-09
32900.056 4.5966147646915286e-09
32950.056 4.83444592388509e-09
33000.056 2.4546908409721613e-09
33050.056 3.0003439675573734e-09
33100.056 8.572855421753629e-10
33150.056 4.697854904781912e-12
33200.056 3.2665215675508755e-11
33250.056 4.144159400131168e-11
33300.056 1.6344613879232813e-10
33350.056 5.006365737543358e-10
33400.056 1.3021080767158734e-09
33450.056 1.1836283873679268e-09
33500.056 3.570410863371666e-09
33550.056 1.2271637077382811e-09
33600.056 2.727740295653959e-09
33650.056 2.6318116290898385e-09
33700.056 1.211751044053504e-09
33750.056 3.5736887181197775e-09
33800.056 6.284159574368043e-10
33850.056 1.8919417541495215e-09
33900.056 1.8976789327152328e-09
33950.056 1.5818670604568363e-09
34000.056 2.94951976997326e-09
34050.056 6.561600145426185e-10
34100.056 2.5842968633002537e-09
34150.056 1.1478476312467096e-09
34200.056 2.5071978114035143e-09
34250.056 1.9888001417457744e-09
34300.056 1.5592901631167342e-09
34350.056 3.045526635619191e-09
34400.056 1.1632859237468598e-09
34450.056 3.2403865019314447e-09
34500.056 2.034133098293936e-09
34550.056 1.152335751131423e-09
34600.056 4.702289404260137e-09
34650.056 1.089224526127998e-09
34700.056 3.52227219318586e-09
34750.056 2.407113676196819e-09
34800.056 1.738892735252683e-09
34850.056 5.3027553785054125e-09
34900.056 1.922181510301965e-09
34950.056 4.439517988279107e-09
35000.056 7.808885681329183e-09
35050.056 3.2709536714329615e-09
35100.056 8.206588943585794e-09
35150.056 7.2230814943116765e-09
35200.056 5.675244005191023e-09
35250.056 1.0229431035646945e-08
35300.056 3.964586313196689e-09
35350.056 6.226880666190437e-09
35400.056 5.8600008287989915e-09
35450.056 4.150850503772159e-09
35500.056 1.2732895859230796e-08
35550.056 7.890720620150291e-09
35600.056 8.976413102294251e-09
35650.056 1.001032384574484e-08
35700.056 8.494117555834686e-09
35750.056 1.476245292106544e-08
35800.056 1.3115739574431339e-08
35850.056 6.54820603204629e-09
35900.056 1.026197829213998e-08
35950.056 1.2691525459487125e-08
36000.056 1.2280476031912378e-08
36050.056 1.0450807188531733e-08
36100.056 9.15869496434663e-09
36150.056 1.6535616643427515e-08
36200.056 1.8845399909596567e-08
36250.056 1.3191763092073941e-08
36300.056 2.4805141379453715e-08
36350.056 1.836986523492697e-08
36400.056 2.385282320624996e-08
36450.056 2.1131696734419427e-08
36500.056 2.402185563501052e-08
36550.056 3.297620693230488e-08
36600.056 3.7229161773991705e-08
36650.056 2.7581206507394136e-08
36700.056 2.770401288899662e-08
36750.056 3.676721645200845e-08
36800.056 3.995142266629615e-08
36850.056 2.8270640394884027e-08
36900.056 3.559629471546992e-08
36950.056 4.177387260599097e-08
37000.056 3.2267081387894764e-08
37050.056 4.359380400188865e-08
37100.056 3.121719544313896e-08
37150.056 3.570090954990679e-08
37200.056 5.153293082399344e-08
37250.056 3.3052988457412285e-08
37300.056 2.8434173439111658e-08
37350.056 4.319751142418069e-08
37400.056 5.927858809939869e-08
37450.056 3.1174951443051535e-08
37500.056 3.739390819126732e-08
37550.056 6.330204186901914e-08
37600.056 7.921115294400992e-08
37650.056 3.4283321760904794e-08
37700.056 5.839736123660511e-08
37750.056 4.2272734842616225e-08
37800.056 4.780631460671133e-08
37850.056 3.004011408920071e-08
37900.056 3.53183918474035e-08
37950.056 5.303006728219833e-08
38000.056 5.109321537789817e-08
38050.056 6.04263548438134e-08
38100.056 7.510168829902277e-08
38150.056 7.76771728437964e-08
38200.056 6.696304616945121e-08
38250.056 6.83998231159081e-08
38300.056 9.93523554549784e-08
38350.056 9.572508677602036e-08
38400.056 5.495613218457255e-08
38450.056 3.8366590664984157e-08
38500.056 2.984725387750779e-08
38550.056 6.399187360001277e-08
38600.056 6.299800392698736e-08
38650.056 6.894121541059076e-08
38700.056 7.297384928699526e-08
38750.056 6.558845221400132e-08
38800.056 6.567743621499581e-08
38850.056 7.232488048600386e-08
38900.056 8.69428799815869e-08
38950.056 6.301088611610224e-08
39000.056 7.831287373498248e-08
39050.056 6.805011948002913e-08
39100.056 7.606290176664152e-08
39150.056 9.654299428199687e-08
39200.056 7.615695873499418e-08
39250.056 9.6207555021003e-08
39300.056 8.258882281429469e-08
39350.056 1.1104972957500141e-07
39400.056 8.268030910580269e-08
39450.056 1.0214166308540114e-07
39500.056 1.090664541100031e-07
39550.056 7.207361321950523e-08
39600.056 9.843611068700189e-08
39650.056 1.2657430039899414e-07
39700.056 1.130099254160115e-07
39750.056 7.123277161652041e-08
39800.056 8.174115209050084e-08
39850.056 1.338555135650042e-07
39900.056 1.3745235093400592e-07
39950.056 9.206588750299406e-08
40000.056 1.2590112152899812e-07
40050.056 1.268100077560001e-07
40100.056 6.854676062909072e-08
40150.056 1.2157699162000723e-07
40200.056 1.2746058260098321e-07
40250.056 1.349132683979767e-07
40300.056 1.3536806042501371e-07
40350.056 9.769017322808214e-08
40400.056 1.3117900500923507e-07
40450.056 8.611270680659057e-08
40500.056 1.3639207288299092e-07
40550.056 1.460869411029737e-07
40600.056 1.3340654626300333e-07
40650.056 1.1467726789590624e-07
40700.056 1.745663675949913e-07
40750.056 1.3148909437998329e-07
40800.056 9.681737933897464e-08
40850.056 1.7827188172901967e-07
40900.056 1.64163539541987e-07
40950.056 1.3778692586981306e-07
41000.056 1.2873064753099358e-07
41050.056 1.8242276865998284e-07
41100.056 1.6397045780799012e-07
41150.056 9.38619568657965e-08
41200.056 1.7468789802101106e-07
41250.056 1.5994263891288293e-07
41300.056 1.604049345280044e-07
41350.056 1.8993481821999557e-07
41400.056 1.6378035938600896e-07
41450.056 1.9332222697999294e-07
41500.056 1.4157890190757792e-07
41550.056 1.3407446935303067e-07
41600.056 1.4456948040711005e-07
41650.056 1.7615292817801052e-07
41700.056 1.8791158821997722e-07
41750.056 1.6470584189198946e-07
41800.056 1.8065839368001872e-07
41850.056 1.4661136862998637e-07
41900.056 1.4966659291996628e-07
41950.056 1.6365142415200506e-07
42000.056 1.322845504579427e-07
42050.056 1.2780941003901959e-07
42100.056 1.6309560750597976e-07
42150.056 1.398596904100002e-07
42200.056 1.400833362019875e-07
42250.056 1.393290905620082e-07
42300.056 1.3064015339299468e-07
42350.056 1.6521932564700856e-07
42400.056 1.7953989631001017e-07
42450.056 1.562321188970213e-07
42500.056 1.6278912774299258e-07
42550.056 1.4550788372999066e-07
42600.056 1.5780624664803714e-07
42650.056 2.0915133132297523e-07
42700.056 1.4117964517396422e-07
42750.056 1.3944885872502104e-07
42800.056 1.8192171723100853e-07
42850.056 1.9765668768396744e-07
42900.056 2.056082753240181e-07
42950.056 1.611620039359868e-07
43000.056 1.8685278060199937e-07
43050.056 1.1077284267601996e-07
43100.056 1.7179766223999043e-07
43150.056 1.4420936371800787e-07
43200.056 1.74220339440007e-07
43250.056 2.314774186800096e-07
43300.056 2.1675781531000162e-07
43350.056 1.2570406638397814e-07
43400.056 1.7960344848500837e-07
43450.056 1.3729741281501354e-07
43500.056 1.4929510867201168e-07
43550.056 1.4801211185400633e-07
43600.056 2.0473701435601325e-07
43650.056 1.292981333759971e-07
43700.056 2.2159164689802576e-07
43750.056 2.0322934615299417e-07
43800.056 1.854149593819873e-07
43850.056 1.706629806990228e-07
43900.056 1.5645917406898753e-07
43950.056 1.1509739903698929e-07
44000.056 1.04910763248e-07
44050.056 2.0356549584000906e-07
44100.056 2.532960527700058e-07
44150.056 2.4137523377399327e-07
44200.056 2.2009284880500507e-07
44250.056 1.4097092245099492e-07
44300.056 1.1005078312901461e-07
44350.056 1.2856620205341666e-07
44400.056 1.2408602990999308e-07
44450.056 1.8919325173600996e-07
44500.056 1.6766333008002417e-07
44550.056 2.2657690060999227e-07
44600.056 1.975486645884057e-07
44650.056 1.8819889148499572e-07
44700.056 1.3469604356098574e-07
44750.056 1.742910454200299e-07
44800.056 1.417409188424109e-07
44850.056 1.973654487700083e-07
44900.056 1.6110878395499984e-07
44950.056 1.7944430210501367e-07
45000.056 2.0010582388000524e-07
45050.056 1.9026433131998543e-07
45100.056 1.7967321705301096e-07
45150.056 1.7265039956699008e-07
45200.056 1.297685333540086e-07
45250.056 1.5090007051197662e-07
45300.056 1.4132002712601726e-07
45350.056 1.1915722335720769e-07
45400.056 2.329609109200172e-07
45450.056 2.1126996165001793e-07
45500.056 2.251570289550097e-07
45550.056 2.4384081366496536e-07
45600.056 2.3083931778001642e-07
45650.056 2.001246498309913e-07
45700.056 1.356850311377943e-07
45750.056 1.240087284522053e-07
45800.056 2.4721380725001077e-07
45850.056 2.165159470840027e-07
45900.056 2.425516334799962e-07
45950.056 2.0625360706799347e-07
46000.056 2.3210641751702516e-07
46050.056 1.9048304864200046e-07
46100.056 2.587044543899905e-07
46150.056 1.7228994787999993e-07
46200.056 1.5370131775098687e-07
46250.056 7.485244316293301e-08
46300.056 1.7643919196000312e-07
46350.056 1.89656875669018e-07
46400.056 1.8058243605000686e-07
46450.056 1.5997698120159282e-07
46500.056 1.7308006032602922e-07
46550.056 1.1489065711000293e-07
46600.056 1.4529487962358093e-07
46650.056 2.057793739740118e-07
46700.056 1.5431663159597688e-07
46750.056 8.637620846601297e-08
46800.056 6.305213822799829e-08
46850.056 1.997275953800211e-07
46900.056 2.0921338595399103e-07
46950.056 1.9931742411198817e-07
47000.056 1.9438840776101718e-07
47050.056 1.509612910259564e-07
47100.056 1.1483501271400592e-07
47150.056 1.6676435129302054e-07
47200.056 1.9118218492199116e-07
47250.056 1.0867334290298718e-07
47300.056 7.612124170664233e-08
47350.056 2.0673174217000607e-07
47400.056 1.932058637299893e-07
47450.056 1.5635684054691986e-07
47500.056 2.1556930215999007e-07
47550.056 1.8209122866000558e-07
47600.056 1.7742768672398605e-07
47650.056 1.8810025532678734e-07
47700.056 1.5241854822913058e-07
47750.056 1.1715287252200032e-07
47800.056 1.0467694168701246e-07
47850.056 5.6187910888607115e-08
47900.056 8.380171729459583e-08
47950.056 1.7242760668200593e-07
48000.056 2.1227779897999944e-07
48050.056 1.813951213219889e-07
48100.056 8.944208895920368e-08
48150.056 1.437995400610048e-07
48200.056 1.1227920723819475e-07
48250.056 1.425909110230002e-07
48300.056 2.0475530381999764e-07
48350.056 1.3804872969598955e-07
48400.056 4.3796902472640725e-08
48450.056 8.690176687483857e-08
48500.056 1.341024187479722e-07
48550.056 1.420827821618152e-07
48600.056 1.6669450993700269e-07
48650.056 2.006781086899953e-07
48700.056 1.4952479697601387e-07
48750.056 9.737124066102117e-08
48800.056 1.7473394754401086e-07
48850.056 1.0583925591668274e-07
48900.056 1.427648840952274e-07
48950.056 9.141774642299761e-08
49000.056 5.129689644750793e-08
49050.056 1.3642355775598383e-07
49100.056 1.5776137991212153e-07
49150.056 1.2232991826939838e-07
49200.056 1.7543124645601662e-07
49250.056 1.756759872240068e-07
49300.056 1.5117746939599517e-07
49350.056 7.502131755771433e-08
49400.056 1.0675144621367816e-07
49450.056 1.0117827146702333e-07
49500.056 8.570057578188936e-08
49550.056 2.4584940943789933e-08
49600.056 6.006065228834938e-08
49650.056 1.1008951848299833e-07
49700.056 1.2074442975197487e-07
49750.056 1.2855279350049185e-07
49800.056 8.775652494109726e-08
49850.056 1.5418320445801554e-07
49900.056 1.383854323539968e-07
49950.056 1.2550551218299725e-07
50000.056 1.078330380589897e-07
50050.056 1.2813942777400303e-07
50100.056 1.0664723769399382e-07
50150.056 5.656893502979127e-08
50200.056 1.4266619994585573e-08
50250.056 6.983044985599806e-08
50300.056 4.756407982067686e-08
50350.056 1.2137344909201406e-07
50400.056 1.2417992236199284e-07
50450.056 8.885681949880148e-08
50500.056 1.3739163033500778e-07
50550.056 1.315495710560031e-07
50600.056 9.242724492997667e-08
50650.056 1.3851334083002088e-07
50700.056 1.4761839951999557e-07
50750.056 9.743539642000546e-08
50800.056 4.1935140948412616e-08
50850.056 2.7148566157111325e-08
50900.056 1.1789956728700317e-07
50950.056 1.05947393474997e-07
51000.056 8.875657599103945e-08
51050.056 1.1525946873398492e-07
51100.056 4.909114699373664e-08
51150.056 5.798535137000994e-08
51200.056 1.4195063197999527e-07
51250.056 1.0329008692198388e-07
51300.056 7.081167778141433e-08
51350.056 7.666775632066903e-08
51400.056 3.383277452612586e-08
51450.056 2.6252628568932527e-08
51500.056 2.3382168437508486e-08
51550.056 7.576147188180973e-08
51600.056 6.180153866230809e-08
51650.056 7.612468639799418e-08
51700.056 8.282317331559928e-08
51750.056 5.839320071305864e-08
51800.056 9.927057395998604e-08
51850.056 7.962174349489691e-08
51900.056 1.0775639158500401e-07
51950.056 6.97358058209923e-08
52000.056 1.005030563472644e-08
52050.056 3.967485848290495e-08
52100.056 2.552804386369646e-08
52150.056 1.6504119373173165e-08
52200.056 3.820699368659867e-08
52250.056 5.867785874971004e-08
52300.056 8.466756536399688e-08
52350.056 3.1606761819763026e-08
52400.056 3.164796214043006e-08
52450.056 8.719477051700954e-08
52500.056 7.365897372668222e-08
52550.056 7.596679053899447e-08
52600.056 5.716451312220315e-08
52650.056 6.762218126030573e-08
52700.056 4.700591636060006e-08
52750.056 2.389178141615445e-08
52800.056 3.744094360220579e-08
52850.056 4.4943141942788245e-08
52900.056 2.5275344745586875e-08
52950.056 3.6573043616903767e-08
53000.056 5.933346354500385e-08
53050.056 2.6105773728094053e-08
53100.056 7.026610610800087e-08
53150.056 7.728014232600492e-08
53200.056 3.1319072589996935e-08
53250.056 6.736415242200416e-08
53300.056 7.87003265503749e-08
53350.056 6.507579950199938e-08
53400.056 4.786624997999632e-08
53450.056 1.866329683079481e-08
