galfind/configs/Brown_Dwarf_templates/sonora_bobcat/m-0.5/316g/sp_t2100g316nc_m-0.5_resample.dat
# %ECSV 1.0
# ---
# datatype:
# - {name: wav, unit: Angstrom, datatype: float64}
# - {name: flux_nu, unit: erg / (cm2 Hz s), datatype: float64}
# meta: {C/O: '1.00', Kzz: '1.0000E+05', Teff: '2100.', Y: '0.28', '[Fe/H]': '-0.50', f_hole: '1.00', f_rain: '0.00', grav: '316.'}
# schema: astropy-2.0
wav flux_nu
4000.0559999999996 nan
4050.0559999999996 1.5081687634025064e-08
4100.056 2.3047721527648424e-08
4150.056 1.9670629644072705e-08
4200.056 1.4966433505069566e-08
4250.056 1.2797666381453682e-08
4300.056 8.093330413083079e-09
4350.056 7.409958187381071e-09
4400.056 7.00325800695279e-09
4450.056 3.331506504910659e-09
4500.056 3.2579441599908083e-09
4550.056 4.37321650644841e-09
4600.056 3.2231396777589877e-09
4650.056 2.1812021965199165e-09
4700.056 2.9489015460605144e-09
4750.056 3.9091750078583415e-09
4800.056 1.5291345852704166e-09
4850.056 2.1721807975306455e-09
4900.056 5.874576360648977e-09
4950.056 7.976367675709136e-09
5000.056 1.7603026953096914e-09
5050.056 2.7028746653205013e-09
5100.056 4.396528854268861e-09
5150.056 3.787207210516213e-09
5200.056 2.2744874959640312e-09
5250.056 3.80777490183013e-09
5300.056 5.003594665780005e-09
5350.056 5.076144103100384e-09
5400.056 5.360737036300074e-09
5450.056 3.8740889211596844e-09
5500.056 2.6515608888698557e-09
5550.056 3.2105428735799927e-09
5600.056 2.5777367758001893e-09
5650.056 2.0898231623000135e-09
5700.056 1.8460943536000343e-09
5750.056 1.1717696764199458e-09
5800.056 6.394856674499872e-10
5850.056 1.9938539588099428e-10
5900.056 2.0795447618421927e-11
5950.056 4.5588010172000686e-10
6000.056 1.6224670018100025e-09
6050.056 3.860359845400124e-09
6100.056 6.605033216900181e-09
6150.056 8.562144919799422e-09
6200.056 7.127496286900065e-09
6250.056 8.951965344700472e-09
6300.056 1.3828031339600339e-08
6350.056 1.8715542315001557e-08
6400.056 2.390084387220046e-08
6450.056 3.0006135286994195e-08
6500.056 3.3293822048993785e-08
6550.056 4.229296891299424e-08
6600.056 3.90604608180012e-08
6650.056 3.1518684175003225e-08
6700.056 1.940058087801547e-08
6750.056 2.77832400470025e-08
6800.056 3.332110951100282e-08
6850.056 4.516836625400194e-08
6900.056 6.54948195709987e-08
6950.056 8.765949520699787e-08
7000.056 1.296827163909939e-07
7050.056 1.0713691042700782e-07
7100.056 4.3106016805999e-08
7150.056 3.699317831700174e-08
7200.056 5.2409078019998357e-08
7250.056 8.170533417201214e-08
7300.056 1.4010940799402228e-07
7350.056 2.193073835549925e-07
7400.056 2.84752942376006e-07
7450.056 2.9750439807998366e-07
7500.056 2.9202808627000016e-07
7550.056 2.629617399300025e-07
7600.056 1.3172172023299704e-07
7650.056 1.8556083546522497e-08
7700.056 6.470810182866383e-09
7750.056 6.530593363500301e-08
7800.056 1.1656864708993812e-07
7850.056 1.6941423965000276e-07
7900.056 2.1481614395002397e-07
7950.056 2.3771432043662429e-07
8000.056 3.472028163199616e-07
8050.056 5.326150777899879e-07
8100.056 7.458426484600837e-07
8150.056 9.727496381900154e-07
8200.056 5.859804568779314e-07
8250.056 8.532505778999596e-07
8300.056 7.208408628001869e-07
8350.056 7.899323490901757e-07
8400.056 8.086440884300817e-07
8450.056 4.516874393499516e-07
8500.056 3.8155392792953695e-07
8550.056 5.317185380500648e-07
8600.056 7.039552919397787e-07
8650.056 9.279642821099028e-07
8700.056 9.166427426099228e-07
8750.056 1.065569941410142e-06
8800.056 1.4349746746201931e-06
8850.056 1.3333258242899837e-06
8900.056 8.700745735000881e-07
8950.056 9.811806097679532e-07
9000.056 1.2966215572501108e-06
9050.056 1.2783225168198763e-06
9100.056 1.6743949523900033e-06
9150.056 1.986816868950034e-06
9200.056 1.967682793700304e-06
9250.056 1.4116471588400449e-06
9300.056 1.203521645320039e-06
9350.056 1.358927959389932e-06
9400.056 1.521152352670215e-06
9450.056 1.7902393203097014e-06
9500.056 2.162379106989903e-06
9550.056 2.367577810550136e-06
9600.056 2.5828261056702803e-06
9650.056 2.8817880256603365e-06
9700.056 3.1480663854998053e-06
9750.056 2.5540268890399097e-06
9800.056 2.7264714663998717e-06
9850.056 2.638943147359877e-06
9900.056 1.9186776247198286e-06
9950.056 1.4013937052400713e-06
10000.056 1.3549326626199399e-06
10050.056 1.4539497406698948e-06
10100.056 1.8689939412004035e-06
10150.056 1.8279465918699537e-06
10200.056 2.0083323884099564e-06
10250.056 1.9777792530895927e-06
10300.056 1.8235115993898033e-06
10350.056 2.166262975009981e-06
10400.056 2.4780193629798913e-06
10450.056 2.6234237155903946e-06
10500.056 2.7189993468396562e-06
10550.056 2.9577521392202383e-06
10600.056 3.2576190229901876e-06
10650.056 3.1989255027300695e-06
10700.056 3.2582692009901378e-06
10750.056 3.5684453251402886e-06
10800.056 3.850886586929719e-06
10850.056 4.158708219449739e-06
10900.056 4.232050834399839e-06
10950.056 4.236500932299493e-06
11000.056 4.053770909430046e-06
11050.056 3.173865929240007e-06
11100.056 3.4420393843404327e-06
11150.056 3.709546158319835e-06
11200.056 3.759660765260505e-06
11250.056 4.3274226851200435e-06
11300.056 4.2698325102899645e-06
11350.056 3.961853084959803e-06
11400.056 2.803493926319998e-06
11450.056 4.336097916569599e-06
11500.056 5.025417412349671e-06
11550.056 4.8719313208999835e-06
11600.056 5.102962310759214e-06
11650.056 5.052442394780392e-06
11700.056 3.71138361356005e-06
11750.056 3.950664131809625e-06
11800.056 4.0316248702003e-06
11850.056 5.32830603254027e-06
11900.056 5.701716727259258e-06
11950.056 5.2249278988999995e-06
12000.056 4.566564665600121e-06
12050.056 5.348561767200003e-06
12100.056 5.190703598099663e-06
12150.056 5.8753265802996665e-06
12200.056 5.757246515499469e-06
12250.056 6.192036294499754e-06
12300.056 6.31483332280045e-06
12350.056 6.212489745500175e-06
12400.056 5.338704120099806e-06
12450.056 4.511521685120046e-06
12500.056 4.895096391469327e-06
12550.056 4.947529980510166e-06
12600.056 5.895367463000037e-06
12650.056 6.049966620099674e-06
12700.056 6.52150641020007e-06
12750.056 6.465701798399855e-06
12800.056 6.828316006199729e-06
12850.056 6.605194126100095e-06
12900.056 6.297101316599487e-06
12950.056 6.441835857499851e-06
13000.056 6.745210988199468e-06
13050.056 6.987028973399751e-06
13100.056 7.030857457799827e-06
13150.056 7.1092621837997986e-06
13200.056 6.889783016800031e-06
13250.056 6.4584724755500855e-06
13300.056 5.807887299990365e-06
13350.056 3.7558827733013904e-06
13400.056 3.5111315447740744e-06
13450.056 3.1372280644679323e-06
13500.056 3.006266192077586e-06
13550.056 2.8415705402190392e-06
13600.056 2.747154277118136e-06
13650.056 3.158573337539839e-06
13700.056 2.9132652491404793e-06
13750.056 3.0455431660934226e-06
13800.056 3.4526497286883953e-06
13850.056 3.3221025092397286e-06
13900.056 3.1829471631662113e-06
13950.056 3.024382151074973e-06
14000.056 2.831036083776015e-06
14050.056 2.9522026432276137e-06
14100.056 2.5880563005341776e-06
14150.056 2.7334785958851644e-06
14200.056 2.4980371910782895e-06
14250.056 2.4497561017784298e-06
14300.056 2.552436597115664e-06
14350.056 2.602245470437208e-06
14400.056 2.701229483580152e-06
14450.056 2.807489094621199e-06
14500.056 3.098165247935803e-06
14550.056 3.130590494828819e-06
14600.056 3.3649579993607862e-06
14650.056 3.301365113433874e-06
14700.056 3.0610498994698384e-06
14750.056 3.2547472509806325e-06
14800.056 3.367327527860672e-06
14850.056 3.611662230369437e-06
14900.056 3.5618930750997704e-06
14950.056 3.6054747578605836e-06
15000.056 3.7217686749203294e-06
15050.056 4.087781697359402e-06
15100.056 4.0496066017502695e-06
15150.056 4.144351522820255e-06
15200.056 4.371807488859733e-06
15250.056 4.434302005099918e-06
15300.056 4.616702230679933e-06
15350.056 4.8072771658000165e-06
15400.056 4.935172564600026e-06
15450.056 5.122776395800211e-06
15500.056 5.218602956399742e-06
15550.056 5.4474637035996715e-06
15600.056 5.454655319500436e-06
15650.056 5.639926920300083e-06
15700.056 5.940924262201007e-06
15750.056 6.122796479499583e-06
15800.056 6.147409419300523e-06
15850.056 5.423487624100424e-06
15900.056 5.610150988900171e-06
15950.056 5.612801215099878e-06
16000.056 5.721994663399907e-06
16050.056 5.852182777200464e-06
16100.056 6.026468492500117e-06
16150.056 5.721941793300132e-06
16200.056 5.988461917599946e-06
16250.056 5.772905559699982e-06
16300.056 5.855888265500059e-06
16350.056 6.181800611999805e-06
16400.056 6.006357561700327e-06
16450.056 6.1974486884003965e-06
16500.056 6.340998901100108e-06
16550.056 6.607726297299786e-06
16600.056 6.2462808389002215e-06
16650.056 6.671382941000228e-06
16700.056 6.379360338399446e-06
16750.056 6.388968561499722e-06
16800.056 6.567870855899848e-06
16850.056 6.653677012099639e-06
16900.056 6.431514187600273e-06
16950.056 6.423213873699569e-06
17000.056 6.478207449400479e-06
17050.056 6.417755460600319e-06
17100.056 6.199258295300517e-06
17150.056 6.141757144900305e-06
17200.056 5.736702697599666e-06
17250.056 5.414521069409966e-06
17300.056 5.444899869179439e-06
17350.056 5.340076066330561e-06
17400.056 5.220979930959858e-06
17450.056 4.966994220508239e-06
17500.056 4.802011861899674e-06
17550.056 4.6528612926107325e-06
17600.056 4.503428741240038e-06
17650.056 4.556186501679977e-06
17700.056 3.94265817342947e-06
17750.056 3.87802085120982e-06
17800.056 3.813176474810817e-06
17850.056 3.4905320382711787e-06
17900.056 3.6129096564311377e-06
17950.056 3.4957426300357724e-06
18000.056 3.2376831736801825e-06
18050.056 3.2531045372936046e-06
18100.056 3.1522762031616686e-06
18150.056 3.456779194215858e-06
18200.056 2.9049234766402836e-06
18250.056 3.449058489897527e-06
18300.056 3.2585080812939617e-06
18350.056 3.1551573345801357e-06
18400.056 3.064476567576128e-06
18450.056 2.792087086621185e-06
18500.056 2.9187347917503494e-06
18550.056 2.7056391639331354e-06
18600.056 2.3208449707832227e-06
18650.056 2.6521224984285102e-06
18700.056 2.8920746721385067e-06
18750.056 2.7809604300857244e-06
18800.056 2.916190020220851e-06
18850.056 3.3059930038698036e-06
18900.056 3.169304657349825e-06
18950.056 3.3199648398998328e-06
19000.056 3.4468030859594633e-06
19050.056 3.3190720373609603e-06
19100.056 3.4943941867305645e-06
19150.056 3.537025413492003e-06
19200.056 3.5237107857637847e-06
19250.056 3.357957274093623e-06
19300.056 3.530005571623281e-06
19350.056 3.4724502512198168e-06
19400.056 2.9882131702015296e-06
19450.056 3.4676148424101163e-06
19500.056 3.4814663184398003e-06
19550.056 2.97441910827557e-06
19600.056 3.325408482557697e-06
19650.056 3.3315953649884617e-06
19700.056 3.3251626754301777e-06
19750.056 3.0728423942802547e-06
19800.056 3.2717255059296246e-06
19850.056 3.355549952400293e-06
19900.056 2.9846309107105733e-06
19950.056 3.438521798609788e-06
20000.056 3.0839338082503936e-06
20050.056 3.3614633447005966e-06
20100.056 3.3165127323386022e-06
20150.056 3.3919116189205267e-06
20200.056 3.4798921650795383e-06
20250.056 3.5823831591497205e-06
20300.056 3.606712469590308e-06
20350.056 3.73138605897961e-06
20400.056 3.7395287766586606e-06
20450.056 3.850274008989371e-06
20500.056 3.932511618259829e-06
20550.056 3.9899230941699316e-06
20600.056 4.19597102664023e-06
20650.056 4.106865019740271e-06
20700.056 4.287266382540345e-06
20750.056 4.31468185805971e-06
20800.056 4.478066358399932e-06
20850.056 4.416638059739978e-06
20900.056 4.632233683799827e-06
20950.056 4.654891244299807e-06
21000.056 4.776231136699899e-06
21050.056 4.838970737400051e-06
21100.056 4.837534398399981e-06
21150.056 5.0033465552999755e-06
21200.056 5.002957266600167e-06
21250.056 5.1560818620997594e-06
21300.056 5.028541978000078e-06
21350.056 5.255784127700075e-06
21400.056 5.124465575400197e-06
21450.056 5.425686384499966e-06
21500.056 5.234382392900168e-06
21550.056 5.322124150699807e-06
21600.056 5.3938905643002565e-06
21650.056 5.35675173950008e-06
21700.056 5.480488584299915e-06
21750.056 5.374250936000027e-06
21800.056 5.383601973299745e-06
21850.056 5.3765284329998046e-06
21900.056 5.4614578873002905e-06
21950.056 5.36115980690007e-06
22000.056 5.425159836999858e-06
22050.056 5.288559750499688e-06
22100.056 5.367727908199918e-06
22150.056 5.390012902100174e-06
22200.056 5.247684095700445e-06
22250.056 5.42215462250031e-06
22300.056 5.369498723199974e-06
22350.056 5.236473282400084e-06
22400.056 5.347803909500021e-06
22450.056 5.256125735899733e-06
22500.056 5.294521301899986e-06
22550.056 5.247804318699658e-06
22600.056 5.265227035299949e-06
22650.056 5.156359200600503e-06
22700.056 5.124108773500546e-06
22750.056 5.2589167988998166e-06
22800.056 5.0830302067000075e-06
22850.056 5.146120924800167e-06
22900.056 5.1740809803998785e-06
22950.056 4.05854123398043e-06
23000.056 4.3406983434501305e-06
23050.056 4.49814196213952e-06
23100.056 4.342103726299862e-06
23150.056 4.509832018340269e-06
23200.056 4.426670824420187e-06
23250.056 3.888380455699423e-06
23300.056 4.071909479290005e-06
23350.056 4.213497245730048e-06
23400.056 4.1382072107000415e-06
23450.056 4.185619670920352e-06
23500.056 4.2295459800295795e-06
23550.056 3.866089067170654e-06
23600.056 3.853528695950586e-06
23650.056 4.06227274782941e-06
23700.056 3.973693318709277e-06
23750.056 4.036065191310508e-06
23800.056 3.99669169129015e-06
23850.056 3.565363776460348e-06
23900.056 3.812214148970122e-06
23950.056 3.920878572160615e-06
24000.056 3.7395016837392673e-06
24050.056 3.7069616330004602e-06
24100.056 3.453171112859458e-06
24150.056 3.4056632693104222e-06
24200.056 3.3813742385592208e-06
24250.056 3.32739052223017e-06
24300.056 3.2589938814101924e-06
24350.056 3.0048171578501728e-06
24400.056 3.2966049478199886e-06
24450.056 2.977285460099899e-06
24500.056 2.824829272220088e-06
24550.056 2.742482955430225e-06
24600.056 2.7982827872903285e-06
24650.056 3.0233014028901183e-06
24700.056 2.535998554430002e-06
24750.056 2.41237992851039e-06
24800.056 2.4055445480401675e-06
24850.056 2.774678414910099e-06
24900.056 2.101408173140873e-06
24950.056 2.643346503799869e-06
25000.056 2.3992176282102965e-06
25050.056 1.9042886291604736e-06
25100.056 2.3158310020299044e-06
25150.056 2.027988599699837e-06
25200.056 2.1591527123999766e-06
25250.056 2.0051377140555657e-06
25300.056 2.2000117293501607e-06
25350.056 1.8365435719399687e-06
25400.056 2.0747089874506477e-06
25450.056 1.8472832542259805e-06
25500.056 1.9853885189755174e-06
25550.056 1.8833500350650887e-06
25600.056 1.945140289324937e-06
25650.056 1.730652545687903e-06
25700.056 2.2554196381543242e-06
25750.056 1.614407308794278e-06
25800.056 2.1253303953202903e-06
25850.056 1.9069450771228196e-06
25900.056 2.109128710038424e-06
25950.056 1.820927017850136e-06
26000.056 2.1356589609706506e-06
26050.056 2.200524623260021e-06
26100.056 2.2502190894801963e-06
26150.056 2.2241158704295793e-06
26200.056 2.1172712299190678e-06
26250.056 2.235175097159126e-06
26300.056 2.199700899104028e-06
26350.056 2.3063523429899267e-06
26400.056 2.333397376959744e-06
26450.056 2.283560951740167e-06
26500.056 2.425316854219398e-06
26550.056 2.3525367345096487e-06
26600.056 2.773000898199623e-06
26650.056 2.1448480727936827e-06
26700.056 2.218241664947042e-06
26750.056 1.8841493189952094e-06
26800.056 2.1647655983395666e-06
26850.056 1.6906155971051944e-06
26900.056 2.2491280972799477e-06
26950.056 1.5364396875899084e-06
27000.056 2.1143907762403037e-06
27050.056 1.78012525120983e-06
27100.056 1.798886468845593e-06
27150.056 1.915078762370021e-06
27200.056 1.9009000328642637e-06
27250.056 1.7323586998015984e-06
27300.056 2.0913991781002194e-06
27350.056 1.9526159503694192e-06
27400.056 1.6225634519299048e-06
27450.056 2.2161468224494082e-06
27500.056 2.019629317800075e-06
27550.056 1.8630979966098116e-06
27600.056 2.235400162429817e-06
27650.056 1.7424906660398883e-06
27700.056 1.6675468529100705e-06
27750.056 2.2684166529792573e-06
27800.056 1.6562795284899639e-06
27850.056 1.7999177795794956e-06
27900.056 1.8539567082399986e-06
27950.056 2.1914163717698853e-06
28000.056 2.008131985910465e-06
28050.056 1.5286126846504052e-06
28100.056 2.271524178540664e-06
28150.056 1.7944141228500428e-06
28200.056 1.5303547272100356e-06
28250.056 1.996251656059998e-06
28300.056 2.291489587480385e-06
28350.056 1.6940584786894964e-06
28400.056 1.9011055399900515e-06
28450.056 1.9813746093897164e-06
28500.056 1.9675796417196084e-06
28550.056 1.3899094407195898e-06
28600.056 2.2874185454500842e-06
28650.056 2.0445322596999168e-06
28700.056 1.806405623719762e-06
28750.056 2.069930472129933e-06
28800.056 1.9966609155303803e-06
