galfind/configs/Brown_Dwarf_templates/sonora_bobcat/m-0.5/316g/sp_t1000g316nc_m-0.5_resample.dat
# %ECSV 1.0
# ---
# datatype:
# - {name: wav, unit: Angstrom, datatype: float64}
# - {name: flux_nu, unit: erg / (cm2 Hz s), datatype: float64}
# meta: {C/O: '1.00', Kzz: '1.0000E+05', Teff: '1000.', Y: '0.28', '[Fe/H]': '-0.50', f_hole: '1.00', f_rain: '0.00', grav: '316.'}
# schema: astropy-2.0
wav flux_nu
4000.0559999999996 nan
4050.0559999999996 7.727061509505113e-13
4100.056 2.918154846339867e-11
4150.056 7.007035453100267e-11
4200.056 6.348470200255465e-11
4250.056 1.0535226998500457e-10
4300.056 1.3513129516000833e-10
4350.056 1.4598209332000292e-10
4400.056 1.7957485312200282e-10
4450.056 2.0230198128200408e-10
4500.056 2.0360402072500814e-10
4550.056 2.4059862741798924e-10
4600.056 2.3544854108399947e-10
4650.056 2.1393281432999343e-10
4700.056 2.1064474828000029e-10
4750.056 1.1975504985099908e-10
4800.056 3.7088555952999654e-11
4850.056 1.0059818679199843e-11
4900.056 3.569915016699969e-12
4950.056 1.3417386927099847e-12
5000.056 3.5168805407999474e-13
5050.056 9.420503538799938e-14
5100.056 6.483360538299981e-14
5150.056 5.0850181188999686e-14
5200.056 4.076376993099992e-14
5250.056 3.31475343789999e-14
5300.056 2.8120290665999943e-14
5350.056 2.5206934869999983e-14
5400.056 2.3749155567999962e-14
5450.056 2.2853925194999917e-14
5500.056 2.229559822299998e-14
5550.056 2.1945818696000004e-14
5600.056 2.167981793699996e-14
5650.056 2.1250217125000015e-14
5700.056 2.0543850904000005e-14
5750.056 1.8625632749999963e-14
5800.056 1.5485753165999956e-14
5850.056 1.0093684140699889e-14
5900.056 3.0203893549686675e-15
5950.056 2.0969132777000255e-14
6000.056 4.738289173100047e-14
6050.056 8.783786497600067e-14
6100.056 1.4883591180000072e-13
6150.056 2.437180769900015e-13
6200.056 3.964032563100023e-13
6250.056 6.508220834200044e-13
6300.056 1.0760671113800088e-12
6350.056 1.8116035295000147e-12
6400.056 3.0918141057000235e-12
6450.056 5.2827871278000305e-12
6500.056 8.934032684700063e-12
6550.056 1.488178438500012e-11
6600.056 2.435290507100022e-11
6650.056 3.8815105652000276e-11
6700.056 4.762031646687034e-11
6750.056 8.725073885200055e-11
6800.056 1.1989946807000047e-10
6850.056 1.3992615266000012e-10
6900.056 1.3414474128e-10
6950.056 1.1842684599999974e-10
7000.056 1.1616771354000033e-10
7050.056 1.271749281899998e-10
7100.056 1.4031368260000008e-10
7150.056 1.4695447996099908e-10
7200.056 1.4362554224600165e-10
7250.056 1.315814487019973e-10
7300.056 1.1277212841000022e-10
7350.056 9.341158129599935e-11
7400.056 7.532826118800013e-11
7450.056 5.826178753799992e-11
7500.056 4.293897772399973e-11
7550.056 2.966938320299978e-11
7600.056 1.981557287899981e-11
7650.056 4.297500067367761e-12
7700.056 2.465786992656144e-12
7750.056 1.622818952170036e-11
7800.056 3.405404754184071e-11
7850.056 8.074421198200099e-11
7900.056 1.4652501560000146e-10
7950.056 1.9339464449700308e-10
8000.056 4.050497095400041e-10
8050.056 6.132208529300063e-10
8100.056 8.690346264200016e-10
8150.056 1.1864229662000037e-09
8200.056 1.6257812973400363e-09
8250.056 2.1089087988200243e-09
8300.056 2.7154188057001315e-09
8350.056 3.406504208099979e-09
8400.056 4.236579105599955e-09
8450.056 5.282573637599988e-09
8500.056 5.710128657956751e-09
8550.056 7.452725012500247e-09
8600.056 9.33375750550008e-09
8650.056 1.0786195057600053e-08
8700.056 1.2777028336999896e-08
8750.056 1.494925292700013e-08
8800.056 1.734081858000014e-08
8850.056 1.9576661245000043e-08
8900.056 2.018704226499977e-08
8950.056 1.85081776905376e-08
9000.056 2.4875921319999083e-08
9050.056 3.193269462820056e-08
9100.056 3.6182020074300796e-08
9150.056 3.973439837810118e-08
9200.056 4.54171289421973e-08
9250.056 4.7028988902396457e-08
9300.056 2.7713329090203285e-08
9350.056 3.56524187486054e-08
9400.056 5.1011508018548184e-08
9450.056 5.4486027630073545e-08
9500.056 5.505192997977475e-08
9550.056 6.07465278175114e-08
9600.056 6.309581640419727e-08
9650.056 7.175540066201257e-08
9700.056 8.637292744085306e-08
9750.056 9.370557503909564e-08
9800.056 1.0456089547069292e-07
9850.056 1.1711466711599905e-07
9900.056 1.1210598697999781e-07
9950.056 1.1153260375999942e-07
10000.056 8.897102524469962e-08
10050.056 1.2028045669399985e-07
10100.056 1.38614230049001e-07
10150.056 1.481016455299959e-07
10200.056 1.6312445344000064e-07
10250.056 1.7784885260000123e-07
10300.056 1.9114980444999892e-07
10350.056 2.1187055988000476e-07
10400.056 2.2997689350999756e-07
10450.056 2.4361599621999837e-07
10500.056 2.5232862210999984e-07
10550.056 2.620187616900014e-07
10600.056 2.761599243799965e-07
10650.056 2.89767174160007e-07
10700.056 3.030896877800052e-07
10750.056 3.1515549088000447e-07
10800.056 3.253890937900029e-07
10850.056 3.3460795630999855e-07
10900.056 3.066075835499977e-07
10950.056 2.3443211904799977e-07
11000.056 1.948422725817799e-07
11050.056 1.545410381804072e-07
11100.056 1.2224583476104783e-07
11150.056 9.522027895065935e-08
11200.056 1.03120179037094e-07
11250.056 1.271828100271914e-07
11300.056 1.2728272673199227e-07
11350.056 7.095858290957447e-08
11400.056 1.211593417740883e-07
11450.056 1.0631955819445562e-07
11500.056 1.1589873743465503e-07
11550.056 7.999301249716911e-08
11600.056 8.259559372315933e-08
11650.056 1.0259138731076433e-07
11700.056 9.191145807865385e-08
11750.056 6.674214093354363e-08
11800.056 1.1141098414703622e-07
11850.056 1.6373725049669698e-07
11900.056 1.931192203367855e-07
11950.056 2.3635166547791108e-07
12000.056 2.664517139220008e-07
12050.056 3.105938307220216e-07
12100.056 3.4722463831198854e-07
12150.056 3.9582722061999005e-07
12200.056 4.306737647599858e-07
12250.056 4.733008242399897e-07
12300.056 5.181460873500096e-07
12350.056 5.303317833500008e-07
12400.056 5.427090195999912e-07
12450.056 5.323324945900082e-07
12500.056 5.481192779799988e-07
12550.056 5.817704003200185e-07
12600.056 6.874645553800083e-07
12650.056 6.93506143030001e-07
12700.056 7.119580961200231e-07
12750.056 6.895287211400073e-07
12800.056 6.873709594100051e-07
12850.056 6.22651709992004e-07
12900.056 5.81408742500015e-07
12950.056 5.679100799509981e-07
13000.056 5.66025671197991e-07
13050.056 5.298678786624877e-07
13100.056 5.155054833435752e-07
13150.056 4.5041785977194495e-07
13200.056 4.128640881811933e-07
13250.056 3.242355380482644e-07
13300.056 1.9051100903086592e-07
13350.056 6.782592780748045e-08
13400.056 3.686769967907547e-08
13450.056 2.3678634105138576e-08
13500.056 1.5774153446095876e-08
13550.056 1.1549343024834725e-08
13600.056 8.156326688467e-09
13650.056 1.790166396398752e-08
13700.056 1.3777392385344238e-08
13750.056 1.7873526271047075e-08
13800.056 2.2154156907717906e-08
13850.056 1.688375653020183e-08
13900.056 1.700168276705506e-08
13950.056 1.617512049573274e-08
14000.056 1.5416794490283775e-08
14050.056 1.849787440031348e-08
14100.056 1.4892823002538533e-08
14150.056 2.0749824343237246e-08
14200.056 1.6377183306314782e-08
14250.056 1.6553015309367128e-08
14300.056 2.650529206710084e-08
14350.056 2.664399317144809e-08
14400.056 2.811923843654607e-08
14450.056 3.2580537210024917e-08
14500.056 5.162088196886047e-08
14550.056 5.4423629973479186e-08
14600.056 7.25607192277268e-08
14650.056 6.978873317013419e-08
14700.056 5.648001460121644e-08
14750.056 6.75852231999149e-08
14800.056 8.316055530556682e-08
14850.056 8.996324901392448e-08
14900.056 9.010517169799329e-08
14950.056 1.0246014382207857e-07
15000.056 1.1736596738545609e-07
15050.056 1.3611366990066468e-07
15100.056 1.421020762321025e-07
15150.056 1.544165494533088e-07
15200.056 1.6369059652896622e-07
15250.056 1.9979631730140313e-07
15300.056 2.178916430655803e-07
15350.056 2.484271453159905e-07
15400.056 2.7366982108102455e-07
15450.056 2.961571212770152e-07
15500.056 3.09848523259988e-07
15550.056 3.4185748309999594e-07
15600.056 3.606968808300024e-07
15650.056 3.7224724298000967e-07
15700.056 4.0169603628002144e-07
15750.056 4.1132145503999435e-07
15800.056 4.117297425200083e-07
15850.056 4.21223202800001e-07
15900.056 4.028900659500055e-07
15950.056 3.8369318845998525e-07
16000.056 3.4366765638000526e-07
16050.056 2.817059334219917e-07
16100.056 2.321651009149876e-07
16150.056 1.8259781428679555e-07
16200.056 1.4026815884258895e-07
16250.056 1.2870798736647563e-07
16300.056 1.1393944999855898e-07
16350.056 1.238901143138642e-07
16400.056 1.382021069471346e-07
16450.056 1.4698370714682706e-07
16500.056 1.576928090646575e-07
16550.056 1.524874767114178e-07
16600.056 1.550100156189083e-07
16650.056 1.157041040685881e-07
16700.056 6.415083862758532e-08
16750.056 8.58343864420503e-08
16800.056 1.1745267616366449e-07
16850.056 1.2039009714335637e-07
16900.056 1.0853052789497209e-07
16950.056 9.515665769691267e-08
17000.056 8.10191411791136e-08
17050.056 1.0594441081091347e-07
17100.056 1.1941969150290158e-07
17150.056 1.0417620421329892e-07
17200.056 1.3076084924198132e-07
17250.056 1.1628390242845912e-07
17300.056 1.0181330836110209e-07
17350.056 9.3683566395351e-08
17400.056 9.805457569779913e-08
17450.056 9.993463157058122e-08
17500.056 1.0699076216361955e-07
17550.056 9.71691373215594e-08
17600.056 8.946262857417489e-08
17650.056 8.714417094114055e-08
17700.056 7.126523640853965e-08
17750.056 6.38366687949289e-08
17800.056 7.662131767971577e-08
17850.056 5.58546303906192e-08
17900.056 5.849800399383653e-08
17950.056 4.835713412186316e-08
18000.056 5.2094504671306405e-08
18050.056 4.656093895669811e-08
18100.056 4.88689468132843e-08
18150.056 5.781263232217206e-08
18200.056 3.9029828364020844e-08
18250.056 6.991895892366076e-08
18300.056 4.7805896983825405e-08
18350.056 4.3086323372077936e-08
18400.056 3.9835700187512703e-08
18450.056 4.7869753824283504e-08
18500.056 4.958818200069272e-08
18550.056 3.995344925022365e-08
18600.056 3.498597175211913e-08
18650.056 3.3335252934547195e-08
18700.056 3.1581927469805095e-08
18750.056 4.0467139864684355e-08
18800.056 6.431049020627271e-08
18850.056 6.950065869188637e-08
18900.056 6.491795223427923e-08
18950.056 9.11185643827818e-08
19000.056 6.791670708533646e-08
19050.056 5.3949455305986614e-08
19100.056 7.744048884473068e-08
19150.056 5.8778036704653336e-08
19200.056 6.967623859416025e-08
19250.056 5.4830422292264646e-08
19300.056 5.165881589601978e-08
19350.056 4.698531385015812e-08
19400.056 3.429752635503508e-08
19450.056 5.386227380610328e-08
19500.056 5.2707710411953056e-08
19550.056 4.3689730682744173e-08
19600.056 5.3406052892173006e-08
19650.056 6.116128805358156e-08
19700.056 6.05147469586914e-08
19750.056 6.529415968395574e-08
19800.056 6.730405508741889e-08
19850.056 8.169661685246497e-08
19900.056 6.962026586245782e-08
19950.056 9.448390987598039e-08
20000.056 8.733007419551289e-08
20050.056 9.709254273982165e-08
20100.056 1.0565568628210479e-07
20150.056 1.0277248527229293e-07
20200.056 1.0884885212507973e-07
20250.056 1.2174508222209955e-07
20300.056 1.212478724987056e-07
20350.056 1.3166112857147962e-07
20400.056 1.303348880449784e-07
20450.056 1.4440317825399012e-07
20500.056 1.5110657582297168e-07
20550.056 1.5193215765901085e-07
20600.056 1.6155077759901482e-07
20650.056 1.634667626560041e-07
20700.056 1.6590930308401182e-07
20750.056 1.6822808464299402e-07
20800.056 1.7070905016198978e-07
20850.056 1.6973165075299683e-07
20900.056 1.7295301085598348e-07
20950.056 1.697354621820048e-07
21000.056 1.675775410200062e-07
21050.056 1.6602522447299558e-07
21100.056 1.6271458132500265e-07
21150.056 1.6265434127198296e-07
21200.056 1.5694213571700417e-07
21250.056 1.5324242857998364e-07
21300.056 1.4439292443399028e-07
21350.056 1.4247267346899882e-07
21400.056 1.394012948590208e-07
21450.056 1.326646622686014e-07
21500.056 1.2733100444111293e-07
21550.056 1.2161554972580498e-07
21600.056 1.1436598861621053e-07
21650.056 1.0649237490240356e-07
21700.056 1.0681169541400147e-07
21750.056 9.700436881660652e-08
21800.056 8.815627865359183e-08
21850.056 8.158647321759807e-08
21900.056 6.922229457269682e-08
21950.056 5.187895487051562e-08
22000.056 2.837008817614901e-08
22050.056 2.4234083759771157e-08
22100.056 3.629038981869856e-08
22150.056 4.130340554890627e-08
22200.056 4.4271490935777275e-08
22250.056 4.135742736550842e-08
22300.056 3.4298310495014564e-08
22350.056 3.451562513695676e-08
22400.056 2.6997856246696802e-08
22450.056 2.5292264991811998e-08
22500.056 2.521045942261301e-08
22550.056 2.1411197187368964e-08
22600.056 2.1836698159583253e-08
22650.056 2.353813919463938e-08
22700.056 2.0917493876678356e-08
22750.056 2.1538590769095e-08
22800.056 2.107690123547468e-08
22850.056 1.8664719706282993e-08
22900.056 1.7602518328891423e-08
22950.056 1.6459763815914482e-08
23000.056 1.995031471862875e-08
23050.056 2.4474489642748812e-08
23100.056 3.868195162763273e-08
23150.056 3.691323412963629e-08
23200.056 1.2844696665086713e-08
23250.056 1.7651128864972286e-08
23300.056 1.5558257008076067e-08
23350.056 1.5870703061939564e-08
23400.056 1.6344436429514662e-08
23450.056 1.560559260688806e-08
23500.056 1.6975515655039417e-08
23550.056 2.0900606536418967e-08
23600.056 2.409949337052838e-08
23650.056 2.9299609559716465e-08
23700.056 1.7309141809856914e-08
23750.056 1.605604427346821e-08
23800.056 1.9351411125550282e-08
23850.056 2.0743004444801072e-08
23900.056 2.9681153881748677e-08
23950.056 2.9481473936372294e-08
24000.056 3.4790230780882284e-08
24050.056 3.7834145433433155e-08
24100.056 3.555390681399508e-08
24150.056 4.065072454886743e-08
24200.056 3.960796070364098e-08
24250.056 3.621672565181084e-08
24300.056 4.2891647809850174e-08
24350.056 3.7717222446741373e-08
24400.056 4.796133232230385e-08
24450.056 4.5423220374274e-08
24500.056 4.5996041868649705e-08
24550.056 5.210928372443488e-08
24600.056 5.279644815601707e-08
24650.056 6.372015039212691e-08
24700.056 4.810630905758673e-08
24750.056 5.142033150772743e-08
24800.056 5.1942522206322254e-08
24850.056 6.848681345902946e-08
24900.056 4.1855449676496575e-08
24950.056 6.652425584750474e-08
25000.056 5.949884228123208e-08
25050.056 4.299320394957712e-08
25100.056 5.8757873198002354e-08
25150.056 4.24766244150124e-08
25200.056 5.29781573972968e-08
25250.056 3.649733725240452e-08
25300.056 4.9888618224142866e-08
25350.056 3.2283157506313665e-08
25400.056 5.327446840132972e-08
25450.056 3.2277603376384525e-08
25500.056 3.381652762706357e-08
25550.056 3.764746227814889e-08
25600.056 3.518206774042279e-08
25650.056 2.4607009744360927e-08
25700.056 4.3760213791562256e-08
25750.056 2.147673946791391e-08
25800.056 4.769990634975331e-08
25850.056 2.429413937232326e-08
25900.056 3.455518335604197e-08
25950.056 1.9919423686034163e-08
26000.056 4.8547217031846266e-08
26050.056 2.986056313409551e-08
26100.056 4.955215829563668e-08
26150.056 3.880746478875804e-08
26200.056 4.1986248960295694e-08
26250.056 6.586364581417525e-08
26300.056 4.4940739874328125e-08
26350.056 7.622056187404842e-08
26400.056 7.230961484753765e-08
26450.056 7.341122236028221e-08
26500.056 8.303139593637636e-08
26550.056 4.8777484222231954e-08
26600.056 6.632222805546913e-08
26650.056 3.298480060750423e-08
26700.056 3.08128441362112e-08
26750.056 2.1871073834833652e-08
26800.056 3.4037834413076075e-08
26850.056 2.056351214703983e-08
26900.056 4.3768956038410164e-08
26950.056 2.3867574475285432e-08
27000.056 5.404036757933275e-08
27050.056 4.42432698584481e-08
27100.056 3.376589797530754e-08
27150.056 5.953279381256723e-08
27200.056 3.6301508935175955e-08
27250.056 4.480301216210902e-08
27300.056 9.138958604354133e-08
27350.056 6.784521314693563e-08
27400.056 2.379213070658925e-08
27450.056 8.187273960499113e-08
27500.056 8.136337233349089e-08
27550.056 3.9092031321393414e-08
27600.056 6.812535246219818e-08
27650.056 3.567721680320382e-08
27700.056 2.939591524244197e-08
27750.056 7.130833201389313e-08
27800.056 3.520367673404382e-08
27850.056 4.2253329075006525e-08
27900.056 4.6155425224756e-08
27950.056 7.522214250162642e-08
28000.056 5.923742726138463e-08
28050.056 2.513344044320979e-08
28100.056 7.469827566678245e-08
28150.056 4.932488281809298e-08
28200.056 2.8692540779206115e-08
28250.056 7.499691084768913e-08
28300.056 8.659921548422275e-08
28350.056 3.556190159136369e-08
28400.056 6.04910466780143e-08
28450.056 8.00784292471797e-08
28500.056 6.178933760912792e-08
28550.056 2.7723321527338727e-08
28600.056 8.727700633720701e-08
28650.056 7.101430002614732e-08
28700.056 6.60124090994296e-08
28750.056 9.160748915839463e-08
28800.056 7.579883947998622e-08
28850.056 8.817320451250653e-08
