galfind/configs/Brown_Dwarf_templates/sonora_bobcat/m-0.5/316g/sp_t300g316nc_m-0.5_resample.dat
# %ECSV 1.0
# ---
# datatype:
# - {name: wav, unit: Angstrom, datatype: float64}
# - {name: flux_nu, unit: erg / (cm2 Hz s), datatype: float64}
# meta: {C/O: '1.00', Kzz: '1.0000E+05', Teff: '300.', Y: '0.28', '[Fe/H]': '-0.50', f_hole: '1.00', f_rain: '0.00', grav: '316.'}
# schema: astropy-2.0
wav flux_nu
[from data line 499]
28950.056 4.021361182531547e-12
29000.056 2.1730209652199335e-12
29050.056 5.029890554628358e-12
29100.056 1.435537253210506e-12
29150.056 1.7269054402831982e-12
29200.056 1.2699648737733326e-11
29250.056 6.181175138511904e-12
29300.056 4.031523413339901e-12
29350.056 1.2614814814258432e-11
29400.056 7.296815493495302e-12
29450.056 1.4807326411799668e-12
29500.056 1.7451882378089497e-11
29550.056 3.825303963713467e-12
29600.056 3.999330529295242e-12
29650.056 2.5258665677045726e-11
29700.056 2.4148478345550326e-12
29750.056 1.491928918239406e-11
29800.056 5.996193001542837e-12
29850.056 2.526122800207571e-11
29900.056 7.81022101487321e-12
29950.056 7.833584701014243e-12
30000.056 6.128816109501916e-14
30050.056 1.6568837121165941e-12
30100.056 7.3920234416292e-12
30150.056 2.287374468153711e-11
30200.056 1.4764904588249108e-11
30250.056 2.3743663589584922e-11
30300.056 3.284716405815595e-11
30350.056 4.145957961387959e-12
30400.056 4.026907737154958e-11
30450.056 3.89355229807429e-11
30500.056 8.732552490113329e-12
30550.056 8.501297329742448e-12
30600.056 2.2539591909287183e-10
30650.056 7.864062837433955e-11
30700.056 2.0117857777679854e-11
30750.056 6.28996437827518e-11
30800.056 9.625133687524235e-11
30850.056 8.723804314139201e-11
30900.056 3.790666220651105e-11
30950.056 2.4612756414337852e-11
31000.056 3.943000394694823e-11
31050.056 1.415566655161349e-11
31100.056 8.189797989087544e-12
31150.056 2.5127476592929963e-11
31200.056 1.2765691802918187e-10
31250.056 4.303402015127769e-11
31300.056 1.421979952221747e-11
31350.056 9.401742630463134e-11
31400.056 4.7031151545290375e-11
31450.056 4.980210221013513e-11
31500.056 1.3925183006422623e-11
31550.056 3.411719926393307e-11
31600.056 2.5694838431366804e-11
31650.056 1.7489805731619658e-11
31700.056 1.3152104717384326e-11
31750.056 5.212885877832724e-12
31800.056 1.0458563862630659e-11
31850.056 1.3722880405643646e-12
31900.056 4.042004237667203e-12
31950.056 1.6886124187414856e-12
32000.056 9.723673265875087e-13
32050.056 1.0470702559249764e-12
32100.056 9.113106424044686e-13
32150.056 7.081882466320599e-13
32200.056 2.5110086685605064e-13
32250.056 6.133997213196276e-13
32300.056 1.2472729600453634e-13
32350.056 5.067825486953024e-13
32400.056 2.8096006336132857e-14
32450.056 2.942920943765836e-13
32500.056 2.6407182577731644e-14
32550.056 3.1692094582253704e-13
32600.056 1.5384613952736982e-14
32650.056 6.050307237115995e-13
32700.056 3.09534893560605e-14
32750.056 2.0554283767855394e-12
32800.056 6.230192417621849e-13
32850.056 6.5225046937316055e-12
32900.056 4.336640950636734e-12
32950.056 5.67672130751071e-12
33000.056 1.0783223518629262e-12
33050.056 6.769645365103121e-13
33100.056 8.59685363093856e-14
33150.056 1.070814285367578e-16
33200.056 8.185333487200906e-15
33250.056 2.1785325000386536e-14
33300.056 8.240421466815425e-13
33350.056 9.508563601836566e-13
33400.056 5.267346553737191e-12
33450.056 4.4306177875452453e-13
33500.056 4.60226468527084e-12
33550.056 4.698573491085873e-13
33600.056 1.7573067816818873e-12
33650.056 2.0812742781780656e-12
33700.056 2.135002401697163e-13
33750.056 2.4937101233274492e-12
33800.056 7.062218235167134e-14
33850.056 1.0907872433665243e-12
33900.056 1.0692665619900973e-12
33950.056 1.2700997754324142e-12
34000.056 3.699062559081273e-12
34050.056 5.49171167307265e-13
34100.056 4.4416099944574215e-12
34150.056 1.07662032573387e-12
34200.056 6.179883500617257e-12
34250.056 1.9539711516705424e-12
34300.056 3.1532408481132536e-12
34350.056 1.8334296709757117e-11
34400.056 1.8057242542810768e-12
34450.056 1.3165127398012406e-11
34500.056 3.1568442733287742e-12
34550.056 1.0854524844638312e-11
34600.056 5.63243074964031e-11
34650.056 1.9944359587529734e-12
34700.056 3.294229879837748e-11
34750.056 1.2156454818711249e-11
34800.056 6.999847481662334e-12
34850.056 3.8506190262785124e-11
34900.056 2.680691660711935e-12
34950.056 6.197846983261221e-11
35000.056 5.4805155330548905e-11
35050.056 6.181396267321962e-11
35100.056 1.259442793992784e-10
35150.056 1.0532816649948283e-10
35200.056 9.404344852611654e-11
35250.056 1.912609207739779e-10
35300.056 2.978346625473727e-11
35350.056 2.147203670813846e-11
35400.056 1.3039658432072963e-11
35450.056 1.2552896421721502e-11
35500.056 7.427617009263463e-11
35550.056 5.595146674121112e-11
35600.056 1.0916207708190827e-10
35650.056 1.3357056851870917e-10
35700.056 1.658110043880502e-10
35750.056 1.645510376572967e-10
35800.056 4.31951208584693e-11
35850.056 2.8803330253198392e-11
35900.056 4.508254270202391e-11
35950.056 1.1501286882629316e-10
36000.056 1.3838982556710802e-10
36050.056 9.299461385566661e-11
36100.056 8.670599966021904e-11
36150.056 4.563501921245748e-10
36200.056 3.2974592861833266e-10
36250.056 1.4406816200339616e-10
36300.056 5.45930312936613e-10
36350.056 3.099200581423873e-10
36400.056 4.864963752997232e-10
36450.056 2.8237727865866356e-10
36500.056 2.7460388805523135e-10
36550.056 8.928265939919515e-10
36600.056 1.0507500733499039e-09
36650.056 3.836263065928865e-10
36700.056 5.784285628492295e-10
36750.056 1.0775729850702882e-09
36800.056 1.2251581493742498e-09
36850.056 4.119444030703581e-10
36900.056 5.159923839737691e-10
36950.056 1.4036435645828232e-09
37000.056 8.330334155114184e-10
37050.056 1.3865523750249036e-09
37100.056 2.815106501184525e-10
37150.056 6.632479965377825e-10
37200.056 2.089832537930089e-09
37250.056 8.681404634165765e-10
37300.056 3.7161105122124966e-10
37350.056 7.813103385457488e-10
37400.056 1.4472186935216493e-09
37450.056 5.110080964527489e-10
37500.056 6.089984676315603e-10
37550.056 2.465206454100537e-09
37600.056 4.3836249007597705e-09
37650.056 6.195416180657699e-10
37700.056 1.437308840960268e-09
37750.056 1.1426520714689416e-09
37800.056 1.1853281919392649e-09
37850.056 6.272975603019749e-10
37900.056 6.390267136829799e-10
37950.056 1.1686975074210326e-09
38000.056 9.50280267603678e-10
38050.056 2.1976525187542745e-09
38100.056 3.2386609918435988e-09
38150.056 4.013640288230665e-09
38200.056 2.1641470599832727e-09
38250.056 3.629812991894479e-09
38300.056 7.008893505374815e-09
38350.056 4.067252678862978e-09
38400.056 1.1869503036706512e-09
38450.056 3.3424497732298197e-10
38500.056 3.930262843002746e-10
38550.056 2.077121673660216e-09
38600.056 2.9044489971995738e-09
38650.056 2.4136814039939104e-09
38700.056 1.7460103255474684e-09
38750.056 2.368468098180852e-09
38800.056 2.1550256134400674e-09
38850.056 2.7087494915803693e-09
38900.056 2.9983770032695823e-09
38950.056 1.7016684874103941e-09
39000.056 3.627972905289415e-09
39050.056 1.1900611767146214e-09
39100.056 2.2021159504551096e-09
39150.056 4.3257822750600035e-09
39200.056 3.22081634087999e-09
39250.056 3.804931762741103e-09
39300.056 2.6261263355640787e-09
39350.056 6.394669623000068e-09
39400.056 2.99958344617993e-09
39450.056 5.2359199476343675e-09
39500.056 6.12764295729967e-09
39550.056 2.0270827590024813e-09
39600.056 4.173893947614786e-09
39650.056 8.070756932099882e-09
39700.056 7.098240096900267e-09
39750.056 2.0363083627054527e-09
39800.056 1.8063316174021153e-09
39850.056 7.638394719000741e-09
39900.056 9.390899412400206e-09
39950.056 3.3117032814001717e-09
40000.056 6.243902678100111e-09
40050.056 7.193442125179569e-09
40100.056 1.4880854139655543e-09
40150.056 5.756464667900487e-09
40200.056 7.39374340999944e-09
40250.056 8.648067146598795e-09
40300.056 8.697944977800858e-09
40350.056 3.409616483939893e-09
40400.056 5.140941250957905e-09
40450.056 2.224215259292007e-09
40500.056 7.695114924100078e-09
40550.056 8.228456152698817e-09
40600.056 9.230161433599776e-09
40650.056 5.515634265171702e-09
40700.056 1.0114311707799778e-08
40750.056 7.258215321639417e-09
40800.056 3.766554025939437e-09
40850.056 1.2664818324001332e-08
40900.056 1.2590069705499179e-08
40950.056 7.471872426680174e-09
41000.056 6.558033887439605e-09
41050.056 1.4024636694700363e-08
41100.056 1.186778739739901e-08
41150.056 2.995940587049748e-09
41200.056 1.2739483352881567e-08
41250.056 1.174569502153808e-08
41300.056 1.3072218695101428e-08
41350.056 1.789303707200005e-08
41400.056 1.3401516071899356e-08
41450.056 1.6326484183000038e-08
41500.056 8.630323405488445e-09
41550.056 7.976539130301495e-09
41600.056 9.061998292509378e-09
41650.056 1.55257545260014e-08
41700.056 2.1169738601999242e-08
41750.056 1.6130071779500336e-08
41800.056 1.7634714761999853e-08
41850.056 1.2968553614898972e-08
41900.056 9.956963153497657e-09
41950.056 9.945558111499283e-09
42000.056 3.977202094687926e-09
42050.056 5.745730298380701e-09
42100.056 9.108563408799619e-09
42150.056 1.0823060276899563e-08
42200.056 1.2660523058299673e-08
42250.056 1.0007039081001098e-08
42300.056 8.425852405199417e-09
42350.056 1.533448744910039e-08
42400.056 1.8804198849000768e-08
42450.056 2.0617295368000786e-08
42500.056 2.1924410111999732e-08
42550.056 1.9615187251999645e-08
42600.056 1.5426393116502154e-08
42650.056 2.1174246884998384e-08
42700.056 1.0372590351098748e-08
42750.056 1.744935662090191e-08
42800.056 2.4847462969000268e-08
42850.056 2.5174913357998694e-08
42900.056 2.4093015741000646e-08
42950.056 1.9876680094000676e-08
43000.056 2.2481015713999534e-08
43050.056 1.2897706322399205e-08
43100.056 1.932203668700054e-08
43150.056 1.9163117513000083e-08
43200.056 2.34970098060005e-08
43250.056 2.8670513445000292e-08
43300.056 2.5788687684999376e-08
43350.056 1.732526778329956e-08
43400.056 2.2634735963000333e-08
43450.056 1.66297082602001e-08
43500.056 1.4384497921300544e-08
43550.056 1.6194066733200577e-08
43600.056 2.5587473954999897e-08
43650.056 1.532208933989907e-08
43700.056 2.440546561500294e-08
43750.056 2.758185680799915e-08
43800.056 2.3157562839999577e-08
43850.056 2.134463629100154e-08
43900.056 1.657294085000002e-08
43950.056 1.338531428719953e-08
44000.056 1.3654978458999913e-08
44050.056 2.5487098663001626e-08
44100.056 3.057122842700022e-08
44150.056 2.796931380099942e-08
44200.056 2.7695935106000176e-08
44250.056 1.904926910399919e-08
44300.056 1.28695184087e-08
44350.056 1.2834730089500372e-08
44400.056 1.4549186386799792e-08
44450.056 2.2412966878001586e-08
44500.056 1.990258484200035e-08
44550.056 2.5726335971000295e-08
44600.056 2.015179912810023e-08
44650.056 2.268150012099929e-08
44700.056 1.7404256593998438e-08
44750.056 2.1713552300901226e-08
44800.056 1.5208476977100053e-08
44850.056 2.0865633519000676e-08
44900.056 2.0200631940999598e-08
44950.056 2.3371600636001085e-08
45000.056 2.6088984690999894e-08
45050.056 2.328791526099848e-08
45100.056 2.1518656310001415e-08
45150.056 1.999447880099946e-08
45200.056 1.3509181267900117e-08
45250.056 1.6447477240998957e-08
45300.056 1.590381252430061e-08
45350.056 1.0887791692001014e-08
45400.056 2.705922744000053e-08
45450.056 2.293136573270195e-08
45500.056 2.614950248200054e-08
45550.056 2.7207502559998083e-08
45600.056 2.559772391100053e-08
45650.056 2.3665622700998674e-08
45700.056 1.3981697835298624e-08
45750.056 1.2397350365701127e-08
45800.056 2.5757997443000333e-08
45850.056 2.0645935459700928e-08
45900.056 2.7531325651999787e-08
45950.056 2.7602490323998935e-08
46000.056 2.638533013600082e-08
46050.056 2.247361754000136e-08
46100.056 2.8220390499999134e-08
46150.056 2.005576197599995e-08
46200.056 1.4928437149298395e-08
46250.056 5.681157989219936e-09
46300.056 1.826798641060123e-08
46350.056 2.048788882160097e-08
46400.056 2.1191411461000318e-08
46450.056 1.6680358534498915e-08
46500.056 2.0757695190000824e-08
46550.056 1.2604171852398856e-08
46600.056 1.1776630883859109e-08
46650.056 1.9325617526500798e-08
46700.056 1.5297997570398655e-08
46750.056 5.828391183830657e-09
46800.056 3.510162539979525e-09
46850.056 1.5979633814402148e-08
46900.056 2.2509590699999836e-08
46950.056 2.311011773699972e-08
47000.056 2.379279597000048e-08
47050.056 1.5127804252297054e-08
47100.056 1.37157779922002e-08
47150.056 1.8148257805001453e-08
47200.056 2.000432120799949e-08
47250.056 8.430937755938226e-09
47300.056 6.078805249801801e-09
47350.056 1.9460414232000977e-08
47400.056 2.2020370465999765e-08
47450.056 1.3563109972900436e-08
47500.056 2.260038649000119e-08
47550.056 2.1783457961000073e-08
47600.056 1.542586885239877e-08
47650.056 1.8602417145999007e-08
47700.056 1.573357352090171e-08
47750.056 1.2878630275099884e-08
47800.056 8.205078638399746e-09
47850.056 2.649720740150503e-09
47900.056 5.211992087030096e-09
47950.056 1.587054071200115e-08
48000.056 1.9029479802898764e-08
48050.056 1.4823963044199942e-08
48100.056 7.991994160480046e-09
48150.056 1.4875745232000645e-08
48200.056 8.663515672998916e-09
48250.056 1.426969671080035e-08
48300.056 1.762760985999978e-08
48350.056 1.0711499670498668e-08
48400.056 1.773355986507459e-09
48450.056 3.7208264393929405e-09
48500.056 8.312186268398878e-09
48550.056 9.8906302799221e-09
48600.056 1.8887144332000336e-08
48650.056 2.1180800247999764e-08
48700.056 1.709579741700075e-08
48750.056 1.4931281338000057e-08
48800.056 1.778196597600008e-08
48850.056 8.399237742158854e-09
48900.056 7.543650240339106e-09
48950.056 3.805972067619807e-09
49000.056 2.513781953259688e-09
49050.056 8.66700913981913e-09
49100.056 1.2353852256101844e-08
49150.056 1.1029466144999809e-08
49200.056 1.800702786900088e-08
49250.056 1.8822058818999902e-08
49300.056 1.5232407187198795e-08
49350.056 6.1713860710208995e-09
49400.056 7.937857101738559e-09
49450.056 5.903848583651202e-09
49500.056 4.559335740507105e-09
49550.056 6.017522676519948e-10
49600.056 1.940039871824402e-09
49650.056 8.239276042100873e-09
49700.056 1.180982940199989e-08
49750.056 7.944332216789424e-09
49800.056 4.337473340550106e-09
49850.056 1.2256658970001053e-08
49900.056 1.4390112320999898e-08
49950.056 1.321999796489948e-08
50000.056 6.904398418069756e-09
50050.056 7.4208781294411744e-09
50100.056 7.026290021099576e-09
50150.056 2.1817786299395287e-09
50200.056 2.4782596277611166e-10
50250.056 1.930757773250004e-09
50300.056 1.4331415962393464e-09
50350.056 7.575863707900753e-09
50400.056 1.0866031076699865e-08
50450.056 9.679943209800138e-09
50500.056 1.2955989421400476e-08
50550.056 1.4297438092999997e-08
50600.056 8.772845477078531e-09
50650.056 1.343871479900073e-08
50700.056 1.1923153758999532e-08
50750.056 6.6397418905995405e-09
50800.056 1.4755326180725725e-09
50850.056 5.405655964862741e-10
50900.056 5.4166490667007e-09
50950.056 7.089331212699378e-09
51000.056 4.353486992005897e-09
51050.056 8.681680304199102e-09
51100.056 3.4306867863200354e-09
51150.056 2.160978147347566e-09
51200.056 9.49364884900047e-09
51250.056 8.464750393699325e-09
51300.056 5.074795121840036e-09
51350.056 3.1973759565453076e-09
51400.056 6.102199446371453e-10
51450.056 5.64024259899827e-10
51500.056 5.768644217272252e-10
51550.056 3.2204260455005616e-09
51600.056 4.786654438300334e-09
51650.056 7.132950329500002e-09
51700.056 5.2674470835789225e-09
51750.056 4.120760739840904e-09
51800.056 8.406187325899997e-09
51850.056 6.388038885499669e-09
51900.056 5.10817686459993e-09
51950.056 2.10128113606954e-09
52000.056 1.6021344283795295e-10
52050.056 1.0141431016100751e-09
52100.056 4.5177478475987474e-10
52150.056 2.3275044679968935e-10
52200.056 1.426689710170054e-09
52250.056 2.9476813329703574e-09
52300.056 2.9647955572997127e-09
52350.056 4.998276067729336e-10
52400.056 6.284550465020286e-10
52450.056 3.7010494861804734e-09
52500.056 2.5202187537208476e-09
52550.056 4.784483868199626e-09
52600.056 4.53149033697056e-09
52650.056 5.7689825755998044e-09
52700.056 2.7968442861097306e-09
52750.056 6.186881505317539e-10
52800.056 1.4833256542802944e-09
52850.056 1.8595977100396077e-09
52900.056 3.9727152297161405e-10
52950.056 8.458754397351918e-10
53000.056 2.7119074830000786e-09
53050.056 8.280279406259346e-10
53100.056 4.487515610500514e-09
53150.056 4.814328320999815e-09
53200.056 2.015723387749916e-09
53250.056 3.907458745599875e-09
53300.056 3.6099898837703903e-09
53350.056 3.181125684099885e-09
53400.056 1.716141323199781e-09
53450.056 3.7184179336989147e-10
53500.056 7.453790225598647e-11
53550.056 1.415973316869998e-10
