galfind/configs/Brown_Dwarf_templates/sonora_bobcat/m-0.5/316g/sp_t750g316nc_m-0.5_resample.dat
# %ECSV 1.0
# ---
# datatype:
# - {name: wav, unit: Angstrom, datatype: float64}
# - {name: flux_nu, unit: erg / (cm2 Hz s), datatype: float64}
# meta: {C/O: '1.00', Kzz: '1.0000E+05', Teff: '750.', Y: '0.28', '[Fe/H]': '-0.50', f_hole: '1.00', f_rain: '0.00', grav: '316.'}
# schema: astropy-2.0
wav flux_nu
4000.0559999999996 nan
4050.0559999999996 1.1262309200774854e-14
4100.056 1.7735103089900141e-12
4150.056 9.357296225900177e-12
4200.056 8.611294948044976e-12
4250.056 2.6144698334000323e-11
4300.056 4.174486416500122e-11
4350.056 5.053354767400013e-11
4400.056 6.583611336600038e-11
4450.056 8.661640743800168e-11
4500.056 9.058375423300121e-11
4550.056 9.674930669539903e-11
4600.056 6.43439801239999e-11
4650.056 4.6787530406999935e-11
4700.056 2.893913636599975e-11
4750.056 8.650996039499873e-12
4800.056 1.6096941809699735e-12
4850.056 2.6342235242999557e-13
4900.056 6.575884384699921e-14
4950.056 2.0533669278999754e-14
5000.056 6.492627905799927e-15
5050.056 3.2707786104000003e-15
5100.056 3.1062518775000024e-15
5150.056 3.180842404699998e-15
5200.056 3.3093955361999968e-15
5250.056 3.5076670222999987e-15
5300.056 3.754747991299998e-15
5350.056 4.068502765400005e-15
5400.056 4.473899377300002e-15
5450.056 4.875097397099994e-15
5500.056 5.2730369570000045e-15
5550.056 5.657661705800006e-15
5600.056 6.0209806888999975e-15
5650.056 6.305838644100004e-15
5700.056 6.440724421200003e-15
5750.056 6.127831622599992e-15
5800.056 5.326918686699986e-15
5850.056 3.6718468580999596e-15
5900.056 1.195450039354278e-15
5950.056 7.553071851800104e-15
6000.056 1.6457663071000136e-14
6050.056 2.935939936500024e-14
6100.056 4.703987130200025e-14
6150.056 7.150854547300039e-14
6200.056 1.0581578591500048e-13
6250.056 1.541471736500007e-13
6300.056 2.1977893943000113e-13
6350.056 3.105808050600016e-13
6400.056 4.3705325837000196e-13
6450.056 6.070740168700006e-13
6500.056 8.523144601500037e-13
6550.056 1.2030529702300011e-12
6600.056 1.7086475575000216e-12
6650.056 2.445205279200015e-12
6700.056 3.268779728430034e-12
6750.056 4.9297781891000236e-12
6800.056 6.620252736200032e-12
6850.056 7.876129897500013e-12
6900.056 7.818972518300028e-12
6950.056 7.217578291099988e-12
7000.056 7.402652481300016e-12
7050.056 8.14174264979997e-12
7100.056 9.03244560779999e-12
7150.056 9.295584811999916e-12
7200.056 9.229513791400082e-12
7250.056 9.139778264699743e-12
7300.056 8.679086755300202e-12
7350.056 8.39148973409995e-12
7400.056 8.06059831040009e-12
7450.056 7.643135769300062e-12
7500.056 7.040018275699992e-12
7550.056 6.188680953899982e-12
7600.056 5.164827254399971e-12
7650.056 1.490550053385929e-12
7700.056 9.80283966416047e-13
7750.056 4.872756425400084e-12
7800.056 8.413212249900098e-12
7850.056 1.4595075939000087e-11
7900.056 2.0948553834000078e-11
7950.056 2.4881771370800244e-11
8000.056 4.0445786840000326e-11
8050.056 5.504420646700052e-11
8100.056 7.108253602999952e-11
8150.056 9.183913139000026e-11
8200.056 1.2956578683900344e-10
8250.056 1.6855617672900115e-10
8300.056 2.2370046382801095e-10
8350.056 2.9070504883199853e-10
8400.056 3.7759242395999847e-10
8450.056 4.948199109200013e-10
8500.056 5.689820550609803e-10
8550.056 7.777837634100256e-10
8600.056 1.0277939088100102e-09
8650.056 1.2897155204000137e-09
8700.056 1.5835191313000187e-09
8750.056 1.9398751897000147e-09
8800.056 2.3319021149000193e-09
8850.056 2.6911397429000054e-09
8900.056 2.621282180599944e-09
8950.056 2.4840555497289797e-09
9000.056 3.276754305599861e-09
9050.056 4.774286005220051e-09
9100.056 5.552630965170142e-09
9150.056 6.244027885650182e-09
9200.056 7.470103835819807e-09
9250.056 7.707279436429648e-09
9300.056 3.4446447626908482e-09
9350.056 4.702240178060518e-09
9400.056 8.007168910879717e-09
9450.056 8.255639665887717e-09
9500.056 8.15260064091646e-09
9550.056 9.049973172923357e-09
9600.056 9.670374817134461e-09
9650.056 1.1797966440346208e-08
9700.056 1.590095358520893e-08
9750.056 1.7333185433535642e-08
9800.056 2.0004534250969102e-08
9850.056 2.3261302849099664e-08
9900.056 2.7813094134700383e-08
9950.056 3.050268540400029e-08
10000.056 2.56881935164699e-08
10050.056 3.565495609400013e-08
10100.056 3.9821719616000175e-08
10150.056 4.308192894499997e-08
10200.056 4.602133448200076e-08
10250.056 5.1155627142000615e-08
10300.056 5.758146852399835e-08
10350.056 5.988631909900116e-08
10400.056 6.611822255700013e-08
10450.056 7.075127533399765e-08
10500.056 7.481740714399924e-08
10550.056 7.891877755600012e-08
10600.056 8.150701183499972e-08
10650.056 8.381809494600071e-08
10700.056 8.442614393800057e-08
10750.056 8.577240805700069e-08
10800.056 8.584363368500058e-08
10850.056 8.391412468000028e-08
10900.056 7.345696272399912e-08
10950.056 5.1352611672800105e-08
11000.056 3.9061192888195833e-08
11050.056 2.7150152744373855e-08
11100.056 1.890342053243795e-08
11150.056 1.25927289951194e-08
11200.056 1.3510849498429465e-08
11250.056 1.7448988893440217e-08
11300.056 1.8606704947082005e-08
11350.056 9.051018930237692e-09
11400.056 2.1341061529005823e-08
11450.056 1.5716178252558812e-08
11500.056 1.6131234514885017e-08
11550.056 8.994083877334217e-09
11600.056 8.623377150430755e-09
11650.056 1.3509732483751085e-08
11700.056 1.4673364043988714e-08
11750.056 8.455960080690359e-09
11800.056 1.951375700968886e-08
11850.056 2.780130234489908e-08
11900.056 3.333480958569831e-08
11950.056 4.312853743620322e-08
12000.056 5.282101887520074e-08
12050.056 6.36443241760026e-08
12100.056 7.430938934599634e-08
12150.056 8.696838705399666e-08
12200.056 9.720314814299893e-08
12250.056 1.1030499138899657e-07
12300.056 1.2620264342900243e-07
12350.056 1.327360659349994e-07
12400.056 1.4918082553999768e-07
12450.056 1.6144910717000205e-07
12500.056 1.7073711676000463e-07
12550.056 1.8430654159000004e-07
12600.056 1.9999367960000247e-07
12650.056 2.0396316286999987e-07
12700.056 2.0554576097000284e-07
12750.056 1.936996518550025e-07
12800.056 1.850888103620003e-07
12850.056 1.584763088300011e-07
12900.056 1.4342657742000524e-07
12950.056 1.3419112162600238e-07
13000.056 1.350489557980048e-07
13050.056 1.1802858856410067e-07
13100.056 1.169181043182319e-07
13150.056 9.589514328843529e-08
13200.056 9.00027493913989e-08
13250.056 6.926676781442448e-08
13300.056 3.6569987781268093e-08
13350.056 1.2737497182505218e-08
13400.056 5.168449367547145e-09
13450.056 2.749678680045769e-09
13500.056 1.51337216061604e-09
13550.056 9.008914295644376e-10
13600.056 5.119541386781316e-10
13650.056 1.6056121062074386e-09
13700.056 1.1035489461430829e-09
13750.056 1.918807035140671e-09
13800.056 2.3432988563752907e-09
13850.056 1.441168639357686e-09
13900.056 1.5140865793539638e-09
13950.056 1.4988075382351545e-09
14000.056 1.526197633708856e-09
14050.056 2.044258661489255e-09
14100.056 1.6019636058680573e-09
14150.056 2.4618001026073055e-09
14200.056 1.7988062727591282e-09
14250.056 1.9623236190808823e-09
14300.056 4.027885983774463e-09
14350.056 3.824307373521462e-09
14400.056 3.945280345271716e-09
14450.056 5.305746596467195e-09
14500.056 9.466991663766406e-09
14550.056 9.710130375533495e-09
14600.056 1.4007705881332199e-08
14650.056 1.1640807999481859e-08
14700.056 7.756814095486793e-09
14750.056 8.467401390253928e-09
14800.056 1.126079926223956e-08
14850.056 1.211674468086841e-08
14900.056 1.2418191987265757e-08
14950.056 1.3862155256712391e-08
15000.056 1.9826198931006677e-08
15050.056 2.0849359605070295e-08
15100.056 1.944679146147448e-08
15150.056 1.8660128238830906e-08
15200.056 2.3928450300510493e-08
15250.056 3.4210082804782824e-08
15300.056 3.892903714416759e-08
15350.056 4.589173859759863e-08
15400.056 5.323122800210814e-08
15450.056 5.989292170755653e-08
15500.056 6.584760384649247e-08
15550.056 7.678958765700652e-08
15600.056 8.706311274599739e-08
15650.056 9.65276157690029e-08
15700.056 1.0900307069600181e-07
15750.056 1.1431480289100008e-07
15800.056 1.1791075416999984e-07
15850.056 1.2211751023500146e-07
15900.056 1.1741188131700087e-07
15950.056 1.1201702505599716e-07
16000.056 9.834284571600237e-08
16050.056 7.665374692999743e-08
16100.056 5.94034718599974e-08
16150.056 4.2771649209698284e-08
16200.056 2.929778082561983e-08
16250.056 2.4966937877989968e-08
16300.056 2.0560547048673047e-08
16350.056 2.3147846848143223e-08
16400.056 2.622227019210536e-08
16450.056 2.7582065528496218e-08
16500.056 2.9184154386998304e-08
16550.056 2.8089094130803987e-08
16600.056 3.132112935383074e-08
16650.056 2.13553757345671e-08
16700.056 8.753116152556943e-09
16750.056 1.5854185705371094e-08
16800.056 2.2647040911230266e-08
16850.056 2.2996723334399385e-08
16900.056 1.8798148968825384e-08
16950.056 1.5327615438051883e-08
17000.056 1.1909632398309735e-08
17050.056 1.7121874129412283e-08
17100.056 2.0645508782160388e-08
17150.056 1.680354940088072e-08
17200.056 2.5506605414798448e-08
17250.056 2.0574081089821464e-08
17300.056 1.7246145960229263e-08
17350.056 1.6386133220098707e-08
17400.056 1.83924175397105e-08
17450.056 1.9779019260577613e-08
17500.056 2.1661575717105335e-08
17550.056 1.891268973464353e-08
17600.056 1.6860193351633802e-08
17650.056 1.5738190868780316e-08
17700.056 1.301324768921086e-08
17750.056 1.1228993950965879e-08
17800.056 1.4661999231473027e-08
17850.056 9.858772230756083e-09
17900.056 9.653943904386643e-09
17950.056 7.458356767490613e-09
18000.056 8.932845155353558e-09
18050.056 6.952654015958213e-09
18100.056 7.740571637014531e-09
18150.056 8.476189562220074e-09
18200.056 5.654568786686503e-09
18250.056 1.1849039972742285e-08
18300.056 6.204086142330073e-09
18350.056 5.511418896034032e-09
18400.056 4.707716689525407e-09
18450.056 7.875360939692717e-09
18500.056 7.631525578053404e-09
18550.056 5.719920243788612e-09
18600.056 5.410667655821822e-09
18650.056 4.4933385756202664e-09
18700.056 3.27566859919167e-09
18750.056 5.150490462671459e-09
18800.056 1.0618455550719718e-08
18850.056 1.0616306354735058e-08
18900.056 9.642642299027412e-09
18950.056 1.4046507122518786e-08
19000.056 8.328523595503062e-09
19050.056 5.6051268683328985e-09
19100.056 8.737834653444229e-09
19150.056 5.609342841007371e-09
19200.056 6.9162190837982475e-09
19250.056 5.09476957533553e-09
19300.056 4.440260929410329e-09
19350.056 3.991352872563126e-09
19400.056 3.1290226976663118e-09
19450.056 4.876555399155506e-09
19500.056 4.495883009762278e-09
19550.056 4.434099683506185e-09
19600.056 5.920000692886741e-09
19650.056 6.1791102482672765e-09
19700.056 6.440207157046998e-09
19750.056 7.968004177900348e-09
19800.056 7.216297932934584e-09
19850.056 9.018548543131273e-09
19900.056 8.882234423698493e-09
19950.056 1.1679703936032088e-08
20000.056 1.1870322745434536e-08
20050.056 1.2044478374057992e-08
20100.056 1.5210991277064183e-08
20150.056 1.2102249747266773e-08
20200.056 1.1650410155267284e-08
20250.056 1.4860911297895306e-08
20300.056 1.557637468908513e-08
20350.056 1.591789333266498e-08
20400.056 1.5803494664398752e-08
20450.056 1.960175980428264e-08
20500.056 2.0952981893395715e-08
20550.056 2.1658403077802753e-08
20600.056 2.268464605120267e-08
20650.056 2.433738046049934e-08
20700.056 2.523565293490178e-08
20750.056 2.5951629182798813e-08
20800.056 2.606181600879709e-08
20850.056 2.6986487258000254e-08
20900.056 2.7429453963998234e-08
20950.056 2.7030513368001086e-08
21000.056 2.6746413076000553e-08
21050.056 2.6913775696999166e-08
21100.056 2.6436324553000412e-08
21150.056 2.6372184945397932e-08
21200.056 2.5631735731000924e-08
21250.056 2.4931975961097597e-08
21300.056 2.354594073809889e-08
21350.056 2.305979460479924e-08
21400.056 2.289621619390301e-08
21450.056 2.1208954418340252e-08
21500.056 2.0243648959961556e-08
21550.056 1.9053266882120365e-08
21600.056 1.7826488780193326e-08
21650.056 1.577536455189941e-08
21700.056 1.5941457342799538e-08
21750.056 1.4183191245314622e-08
21800.056 1.2325628798743688e-08
21850.056 1.1485769014210002e-08
21900.056 9.569574983658406e-09
21950.056 6.56267447806303e-09
22000.056 2.8908548279565074e-09
22050.056 2.8376633822667185e-09
22100.056 5.58286333008813e-09
22150.056 5.523195559705243e-09
22200.056 5.935541954753666e-09
22250.056 5.3420239893302214e-09
22300.056 3.9620943070629566e-09
22350.056 4.356764744792028e-09
22400.056 2.7772625548004128e-09
22450.056 3.0214348399866547e-09
22500.056 2.786416202082735e-09
22550.056 2.2430982647487533e-09
22600.056 2.1613254180255375e-09
22650.056 2.653722869963695e-09
22700.056 2.2799531545338732e-09
22750.056 2.448301730601093e-09
22800.056 2.5456024062180485e-09
22850.056 2.1406970001952764e-09
22900.056 1.9400697119774824e-09
22950.056 1.814118582512538e-09
23000.056 2.2006512016968603e-09
23050.056 2.7031439284120462e-09
23100.056 5.648117979277825e-09
23150.056 4.782128204331998e-09
23200.056 1.0487176115491006e-09
23250.056 2.0449235211168716e-09
23300.056 1.8006715455246502e-09
23350.056 2.0000051332386557e-09
23400.056 1.9360867755562896e-09
23450.056 1.703487897433524e-09
23500.056 1.881087421408657e-09
23550.056 2.5716314325093116e-09
23600.056 3.206148963258777e-09
23650.056 4.1075773319650965e-09
23700.056 1.7716535216501856e-09
23750.056 1.7512783057752107e-09
23800.056 3.1282666128333914e-09
23850.056 2.9082621561601715e-09
23900.056 4.632777144048825e-09
23950.056 3.93105301675337e-09
24000.056 5.438548878897826e-09
24050.056 5.791084877449562e-09
24100.056 5.583924391641659e-09
24150.056 6.888397823710264e-09
24200.056 6.063783225300938e-09
24250.056 5.602876942391525e-09
24300.056 7.480597440201638e-09
24350.056 6.497418575842874e-09
24400.056 9.13771545909775e-09
24450.056 9.024202066186566e-09
24500.056 8.797566260005463e-09
24550.056 1.0804701263906315e-08
24600.056 1.1031505747258452e-08
24650.056 1.3781917926843233e-08
24700.056 9.988625243453328e-09
24750.056 1.111463832830481e-08
24800.056 1.081074860782966e-08
24850.056 1.5464187767845672e-08
24900.056 8.256384647270086e-09
24950.056 1.456048145744335e-08
25000.056 1.3017890568363651e-08
25050.056 8.873789504272273e-09
25100.056 1.299207388817104e-08
25150.056 8.305332405658424e-09
25200.056 1.1093528050964578e-08
25250.056 6.263952507464492e-09
25300.056 9.214543851304783e-09
25350.056 5.14650279268079e-09
25400.056 1.0183988951738157e-08
25450.056 5.008290185954679e-09
25500.056 4.986981094215475e-09
25550.056 6.819945046269998e-09
25600.056 5.484214000310555e-09
25650.056 3.2621023770460404e-09
25700.056 6.16094521789735e-09
25750.056 2.384928598614751e-09
25800.056 7.61624057013386e-09
25850.056 2.72044476807603e-09
25900.056 4.13097499008783e-09
25950.056 1.7831570480256108e-09
26000.056 7.42726780960445e-09
26050.056 2.8504691356328332e-09
26100.056 7.155369319008756e-09
26150.056 4.754279835681227e-09
26200.056 5.302990669483493e-09
26250.056 1.2840381891534077e-08
26300.056 6.463434282031514e-09
26350.056 1.5556683046652106e-08
26400.056 1.4789407618238775e-08
26450.056 1.4425282900791095e-08
26500.056 1.8788312169669904e-08
26550.056 7.2643525541829966e-09
26600.056 9.705104959228198e-09
26650.056 3.327630006465244e-09
26700.056 2.8025117718872985e-09
26750.056 2.096024749821733e-09
26800.056 4.075303405941135e-09
26850.056 2.2417386739260186e-09
26900.056 6.7073138971690075e-09
26950.056 3.0960085730143557e-09
27000.056 9.889624085866607e-09
27050.056 8.717197813634769e-09
27100.056 4.239895635418954e-09
27150.056 1.2451039810938909e-08
27200.056 4.420122026646052e-09
27250.056 7.322877702577527e-09
27300.056 2.0945499499996233e-08
27350.056 1.2687697039837101e-08
27400.056 2.2071952699011943e-09
27450.056 1.4508109735398207e-08
27500.056 1.578449614928815e-08
27550.056 5.036108866103136e-09
27600.056 1.0236385170177831e-08
27650.056 4.384331097586896e-09
27700.056 3.4336865707342276e-09
27750.056 1.1771945094235349e-08
27800.056 4.7583538751988735e-09
27850.056 6.201860831123706e-09
27900.056 6.6193916938481845e-09
27950.056 1.2679041933633747e-08
28000.056 1.0001263011988525e-08
28050.056 2.7275992246400757e-09
28100.056 1.1033482903677632e-08
28150.056 7.74433276745448e-09
28200.056 3.6187436147543835e-09
28250.056 1.2981603481810538e-08
28300.056 1.3470769688416947e-08
28350.056 4.563111917582121e-09
28400.056 1.020482366073016e-08
28450.056 1.4456056633363743e-08
28500.056 1.0488095007709697e-08
28550.056 3.5609986306218445e-09
28600.056 1.6093773644839174e-08
28650.056 1.186628070540594e-08
28700.056 1.2643779539652085e-08
28750.056 1.838171077784518e-08
28800.056 1.2815615795302733e-08
