galfind/configs/Brown_Dwarf_templates/sonora_bobcat/m-0.5/316g/sp_t325g316nc_m-0.5_resample.dat
# %ECSV 1.0
# ---
# datatype:
# - {name: wav, unit: Angstrom, datatype: float64}
# - {name: flux_nu, unit: erg / (cm2 Hz s), datatype: float64}
# meta: {C/O: '1.00', Kzz: '1.0000E+05', Teff: '325.', Y: '0.28', '[Fe/H]': '-0.50', f_hole: '1.00', f_rain: '0.00', grav: '316.'}
# schema: astropy-2.0
wav flux_nu
4000.0559999999996 nan
4050.0559999999996 2.8563819404000534e-19
4100.056 9.579169884800158e-18
4150.056 6.754044855400067e-17
4200.056 9.527847842100065e-17
4250.056 5.787205574300047e-16
4300.056 1.363145175130007e-15
4350.056 2.6317420217000115e-15
4400.056 4.74137959370002e-15
4450.056 8.01613165200003e-15
4500.056 1.2882878581000042e-14
4550.056 1.7484926188000004e-14
4600.056 1.4589697985999996e-14
4650.056 1.2769249742999975e-14
4700.056 9.003349035799962e-15
4750.056 5.113360664099973e-15
4800.056 2.9577331048999853e-15
4850.056 1.5219493699999897e-15
4900.056 8.889258417999964e-16
4950.056 5.977832487099978e-16
5000.056 3.912428631799984e-16
5050.056 2.957143756200001e-16
5100.056 3.195962725300007e-16
5150.056 3.562942768700004e-16
5200.056 4.0137376878000054e-16
5250.056 4.563956380600007e-16
5300.056 5.190462846200008e-16
5350.056 5.946556043500011e-16
5400.056 6.856528365900011e-16
5450.056 7.875823000600016e-16
5500.056 9.013849615300014e-16
5550.056 1.0217881854300015e-15
5600.056 1.1434891010000014e-15
5650.056 1.254994607400001e-15
5700.056 1.320662885200001e-15
5750.056 1.3149672472999997e-15
5800.056 1.1970790041999971e-15
5850.056 8.356575622899902e-16
5900.056 2.4860432978541e-16
5950.056 1.7132079459300288e-15
6000.056 3.769441373000029e-15
6050.056 6.8317179506000495e-15
6100.056 1.0946332379400067e-14
6150.056 1.6367145491000088e-14
6200.056 2.3689569776000115e-14
6250.056 3.3381614396000146e-14
6300.056 4.6777532316000204e-14
6350.056 6.469469063700026e-14
6400.056 8.816097676900039e-14
6450.056 1.1041048045999991e-13
6500.056 1.4561305820300121e-13
6550.056 1.9736772341999953e-13
6600.056 2.671811963100025e-13
6650.056 3.69864408320002e-13
6700.056 4.851370455100022e-13
6750.056 6.596657884000029e-13
6800.056 8.00671077550002e-13
6850.056 8.473316557599997e-13
6900.056 7.185651339199957e-13
6950.056 5.704997444600027e-13
7000.056 6.343994889999935e-13
7050.056 6.669251438000005e-13
7100.056 7.577319507399989e-13
7150.056 6.189258289539867e-13
7200.056 4.902022010380002e-13
7250.056 5.615178468499753e-13
7300.056 5.903873315680224e-13
7350.056 7.784636018600016e-13
7400.056 9.784626399800064e-13
7450.056 1.2191183029200104e-12
7500.056 1.4030760362000025e-12
7550.056 1.5216513737000017e-12
7600.056 1.5796378150999998e-12
7650.056 8.243446103399798e-13
7700.056 7.708893974200201e-13
7750.056 1.9037044635000167e-12
7800.056 2.3331259660000143e-12
7850.056 3.1450304898999986e-12
7900.056 3.802928726200005e-12
7950.056 4.147070983700013e-12
8000.056 5.426276064900023e-12
8050.056 6.3458178392000275e-12
8100.056 5.1862454931998995e-12
8150.056 3.5845184348801575e-12
8200.056 6.938040375740094e-12
8250.056 7.296237211464088e-12
8300.056 8.171355922049934e-12
8350.056 9.711491718500033e-12
8400.056 1.268477257440022e-11
8450.056 1.7866382979000125e-11
8500.056 2.207021779200007e-11
8550.056 2.733459812700032e-11
8600.056 3.327803979100022e-11
8650.056 3.827892097600019e-11
8700.056 4.100819471500017e-11
8750.056 4.512007460600021e-11
8800.056 4.696739917899995e-11
8850.056 4.231058108099908e-11
8900.056 1.3287676469799133e-11
8950.056 7.84030104240027e-12
9000.056 7.7716424257107e-12
9050.056 2.989848333910005e-11
9100.056 3.278881607460293e-11
9150.056 4.0532088982619196e-11
9200.056 6.397953887370446e-11
9250.056 5.256142461679623e-11
9300.056 6.244749432107724e-13
9350.056 9.846637512970637e-13
9400.056 1.2830366416320118e-11
9450.056 5.065802750520479e-12
9500.056 4.65116146460959e-12
9550.056 4.3372297921479694e-12
9600.056 7.140167736177593e-12
9650.056 1.645518204346515e-11
9700.056 6.497378139959728e-11
9750.056 6.13886373871171e-11
9800.056 8.357392710169797e-11
9850.056 1.1684168940199891e-10
9900.056 1.7560256746600722e-10
9950.056 2.0196806032000464e-10
10000.056 1.4725508108167192e-10
10050.056 1.089864540679959e-10
10100.056 8.30062934509996e-11
10150.056 5.349341723699862e-11
10200.056 2.64261352140007e-11
10250.056 2.7300140033600133e-11
10300.056 3.709962344599825e-11
10350.056 1.9823087137100648e-11
10400.056 3.0597360126000246e-11
10450.056 3.502915255899831e-11
10500.056 3.769486767800007e-11
10550.056 4.060496741199992e-11
10600.056 3.850885109199998e-11
10650.056 3.3226766948999694e-11
10700.056 2.633522182799974e-11
10750.056 2.1951441547999644e-11
10800.056 1.8554503414000076e-11
10850.056 1.5712870079799896e-11
10900.056 1.3292374307199786e-11
10950.056 9.569677377399973e-12
11000.056 6.23326962649961e-12
11050.056 3.092875193069944e-12
11100.056 1.1786007956833294e-12
11150.056 3.597017642808828e-13
11200.056 2.2389375287039742e-13
11250.056 2.644292182579607e-13
11300.056 5.284458318067522e-13
11350.056 1.8133733219714143e-13
11400.056 1.1154176279042985e-12
11450.056 5.366273618675919e-13
11500.056 6.130681199077642e-13
11550.056 2.0932974248615386e-13
11600.056 8.992715567909153e-14
11650.056 4.4527095033446826e-13
11700.056 7.115828838076421e-13
11750.056 3.6388701476144926e-13
11800.056 1.4449771662249536e-12
11850.056 1.6046875501599982e-12
11900.056 1.8600755414400165e-12
11950.056 2.3672062667900432e-12
12000.056 2.819611634430149e-12
12050.056 3.707125352200076e-12
12100.056 4.1212802082899864e-12
12150.056 5.459568450910053e-12
12200.056 6.431637822300016e-12
12250.056 9.475808883090002e-12
12300.056 1.440744728670056e-11
12350.056 1.776018558800028e-11
12400.056 2.547766922200017e-11
12450.056 3.753006614900065e-11
12500.056 4.7002465566999766e-11
12550.056 5.12506583060008e-11
12600.056 7.205955726600211e-11
12650.056 1.0193912832600142e-10
12700.056 1.2233865446599982e-10
12750.056 1.1364293486000059e-10
12800.056 9.702966294699847e-11
12850.056 7.021419485699821e-11
12900.056 5.49470028881e-11
12950.056 4.842071646670094e-11
13000.056 5.4553113537003775e-11
13050.056 3.954778377299911e-11
13100.056 4.650112852469669e-11
13150.056 2.8224893533992268e-11
13200.056 3.2847442554427284e-11
13250.056 3.519146560196249e-11
13300.056 1.2167843552296232e-11
13350.056 6.976384197866431e-12
13400.056 1.22143508159839e-12
13450.056 1.5785537893318389e-13
13500.056 2.717944680206801e-14
13550.056 2.5058942772072902e-15
13600.056 3.7075079386954784e-16
13650.056 3.7516603421674204e-15
13700.056 1.5791161856653525e-15
13750.056 1.744750273819321e-14
13800.056 2.0022298571659398e-14
13850.056 3.2203823397405118e-15
13900.056 1.1621255819100812e-14
13950.056 8.71841333594702e-15
14000.056 2.529360263124781e-14
14050.056 2.747884058896936e-14
14100.056 2.453693165730843e-14
14150.056 1.0408573116207304e-13
14200.056 7.19933618410277e-14
14250.056 1.288593584038314e-13
14300.056 6.339101344313579e-13
14350.056 4.4387025834264326e-13
14400.056 4.2291770039608195e-13
14450.056 1.201527422288231e-12
14500.056 3.1042675724615805e-12
14550.056 4.620052578340441e-12
14600.056 9.29429941301794e-12
14650.056 2.7355777242517257e-12
14700.056 1.0244123360858895e-12
14750.056 4.624575039818623e-13
14800.056 4.1545414148936414e-13
14850.056 4.1685421198985533e-13
14900.056 3.718525419758953e-13
14950.056 2.248479181670988e-13
15000.056 9.762450317124523e-13
15050.056 1.6096938397856482e-12
15100.056 5.001028189527206e-13
15150.056 1.5241889052597e-13
15200.056 8.950499140770639e-13
15250.056 2.0986758139533342e-12
15300.056 3.4003372709111817e-12
15350.056 4.238332162233991e-12
15400.056 5.357369985838506e-12
15450.056 8.559562612277096e-12
15500.056 1.3578748347718811e-11
15550.056 2.899441779430476e-11
15600.056 5.4587383661196584e-11
15650.056 1.0097747848400903e-10
15700.056 1.6399111196800358e-10
15750.056 2.0253405552900223e-10
15800.056 2.4339863646000007e-10
15850.056 2.858762884500092e-10
15900.056 2.995997705099986e-10
15950.056 3.2520725944000023e-10
16000.056 2.973437353099974e-10
16050.056 2.3512171339999416e-10
16100.056 1.5497058404199998e-10
16150.056 8.7544856929993e-11
16200.056 3.512729971470122e-11
16250.056 1.6932610360293147e-11
16300.056 8.467241167022873e-12
16350.056 8.491544107704787e-12
16400.056 8.948812133272301e-12
16450.056 1.0603582781590686e-11
16500.056 7.486490180028532e-12
16550.056 8.741489189316006e-12
16600.056 2.2530933799624765e-11
16650.056 1.1053584861036386e-11
16700.056 2.5165042260551933e-12
16750.056 8.899177626674064e-12
16800.056 1.1518457960520381e-11
16850.056 1.1028791096488505e-11
16900.056 4.817263489651857e-12
16950.056 3.387003845421723e-12
17000.056 1.594850946742966e-12
17050.056 2.750611434500688e-12
17100.056 5.580686768555658e-12
17150.056 3.740884068893269e-12
17200.056 1.0951146517850654e-11
17250.056 3.2216909391872682e-12
17300.056 2.6975773015032537e-12
17350.056 3.9996201428717165e-12
17400.056 6.928561347040132e-12
17450.056 8.219921159342035e-12
17500.056 1.1668415769310717e-11
17550.056 9.626883061806146e-12
17600.056 9.102282447200744e-12
17650.056 5.914539933592769e-12
17700.056 5.199750695802534e-12
17750.056 3.6866091806411574e-12
17800.056 6.110786926728599e-12
17850.056 3.072458665431277e-12
17900.056 1.9269060810808624e-12
17950.056 1.237970503992906e-12
18000.056 2.033227843441384e-12
18050.056 8.283611895795145e-13
18100.056 8.558655102418027e-13
18150.056 4.744150484690515e-13
18200.056 3.3308320703260895e-13
18250.056 1.283156582698371e-12
18300.056 1.335652750615214e-13
18350.056 1.1773191570131793e-13
18400.056 5.278361959116107e-14
18450.056 5.464159417102524e-13
18500.056 4.411728941135907e-13
18550.056 1.6157600102266814e-13
18600.056 3.7095475841543593e-13
18650.056 2.613501714700303e-13
18700.056 1.6884471487736068e-14
18750.056 3.990935684044333e-14
18800.056 8.079321723919154e-13
18850.056 6.474865731539813e-13
18900.056 7.73287163070477e-13
18950.056 9.042218030068394e-13
19000.056 1.4659757214117418e-13
19050.056 6.909950378898479e-14
19100.056 2.7284709433866546e-13
19150.056 1.0910737564882831e-13
19200.056 2.622451606120986e-13
19250.056 1.9329128184746395e-13
19300.056 1.0172381868258314e-13
19350.056 1.2182716610926763e-13
19400.056 7.696891426420848e-14
19450.056 8.114409610710644e-14
19500.056 9.04807141139651e-14
19550.056 1.7609901129137824e-13
19600.056 3.1796267333887054e-13
19650.056 2.592084159016903e-13
19700.056 3.8516995657685427e-13
19750.056 4.204066532964644e-13
19800.056 2.7259205512894225e-13
19850.056 3.4439084124726857e-13
19900.056 5.445636370513985e-13
19950.056 5.21441637735157e-13
20000.056 5.799463527401372e-13
20050.056 4.832186789383453e-13
20100.056 6.765648715891554e-13
20150.056 4.669957369279662e-13
20200.056 3.507191503739955e-13
20250.056 5.865108606088684e-13
20300.056 6.357593362967612e-13
20350.056 6.370253778189333e-13
20400.056 6.61978652026007e-13
20450.056 8.274722468401079e-13
20500.056 8.132955396300224e-13
20550.056 8.001649230999793e-13
20600.056 7.771206554200519e-13
20650.056 7.50788337269952e-13
20700.056 7.169350254999875e-13
20750.056 6.649107004099935e-13
20800.056 6.069537974999796e-13
20850.056 5.77078233489997e-13
20900.056 5.357503106899976e-13
20950.056 4.956852689099985e-13
21000.056 4.65276600329997e-13
21050.056 4.556207986799984e-13
21100.056 4.484077108599988e-13
21150.056 4.578819772100022e-13
21200.056 4.746960911200065e-13
21250.056 5.034668664499969e-13
21300.056 5.28304614010009e-13
21350.056 5.577298164699902e-13
21400.056 6.247007411500343e-13
21450.056 6.128489208550251e-13
21500.056 6.203152354040008e-13
21550.056 6.427823217671925e-13
21600.056 6.380173225524588e-13
21650.056 6.172640751900507e-13
21700.056 6.372341049899732e-13
21750.056 6.309485911329232e-13
21800.056 5.370140948017276e-13
21850.056 5.111807801118679e-13
21900.056 4.3333935524261966e-13
21950.056 2.593153196970236e-13
22000.056 3.4512881769927406e-14
22050.056 6.814397438869805e-14
22100.056 1.8562263011357243e-13
22150.056 1.2168872417732845e-13
22200.056 1.1516584177504144e-13
22250.056 9.610108522109199e-14
22300.056 4.569680515292372e-14
22350.056 6.832467985131187e-14
22400.056 2.9979611689505934e-14
22450.056 4.863260217392925e-14
22500.056 3.612089513357204e-14
22550.056 1.747305317162956e-14
22600.056 1.3216608516790017e-14
22650.056 1.6960884127389093e-14
22700.056 2.1838751151376557e-14
22750.056 3.644227466337393e-14
22800.056 4.9699603461357804e-14
22850.056 2.968059996178758e-14
22900.056 2.0676637500014155e-14
22950.056 1.5253671609530515e-14
23000.056 1.4621826402950126e-14
23050.056 1.354368672272169e-14
23100.056 1.310207253304688e-13
23150.056 1.10014762039577e-13
23200.056 6.93796099086034e-15
23250.056 4.107733324696578e-14
23300.056 2.6461124147971112e-14
23350.056 3.4684422248568635e-14
23400.056 2.5279547280365628e-14
23450.056 1.404695393899413e-14
23500.056 1.3155283342750098e-14
23550.056 3.2835432041700946e-14
23600.056 7.69785555412414e-14
23650.056 9.8503560695609e-14
23700.056 1.3588529762988502e-14
23750.056 2.3168186530900416e-14
23800.056 1.1624731142489873e-13
23850.056 5.839924831285507e-14
23900.056 1.1907359064931137e-13
23950.056 5.6106627498544436e-14
24000.056 1.50645493739351e-13
24050.056 1.5803108080228567e-13
24100.056 2.1893280897450826e-13
24150.056 3.0839317722098684e-13
24200.056 2.5878049995407176e-13
24250.056 2.1235470556904337e-13
24300.056 4.4847628680617424e-13
24350.056 4.018679548420136e-13
24400.056 7.87450531595681e-13
24450.056 9.005914864745425e-13
24500.056 8.541410065834655e-13
24550.056 1.4708554231430468e-12
24600.056 1.9210243524899194e-12
24650.056 2.399367374904838e-12
24700.056 2.214975206628233e-12
24750.056 3.0480866720762464e-12
24800.056 3.0676457181215147e-12
24850.056 3.76747963533776e-12
24900.056 2.713539723543287e-12
24950.056 3.947156376701406e-12
25000.056 5.366008484349568e-12
25050.056 3.3485510086749905e-12
25100.056 4.876733079036e-12
25150.056 2.5799094539021528e-12
25200.056 4.3537057094498405e-12
25250.056 1.865043799992032e-12
25300.056 1.8930383530375627e-12
25350.056 1.0137000210395386e-12
25400.056 2.491889913817928e-12
25450.056 6.337398209113944e-13
25500.056 5.005567969666612e-13
25550.056 1.7590726737863292e-12
25600.056 7.099438412660027e-13
25650.056 2.291095717210249e-13
25700.056 1.36221662847065e-13
25750.056 3.574094832133352e-14
25800.056 2.5009020311139026e-13
25850.056 2.822066692751792e-14
25900.056 4.4237436964899215e-14
25950.056 6.323544324011827e-15
26000.056 1.5504937414849584e-13
26050.056 9.39834710460342e-15
26100.056 6.481553818620228e-14
26150.056 1.8908702456602384e-14
26200.056 2.9642114403812973e-14
26250.056 3.5741248094747874e-13
26300.056 3.103232841802955e-14
26350.056 1.3511890520139518e-12
26400.056 3.033986773113289e-12
26450.056 1.0274135664649947e-12
26500.056 3.956639865488592e-12
26550.056 1.8672415306907507e-13
26600.056 1.3857419856310936e-13
26650.056 1.3742434617729507e-14
26700.056 1.0146481259240522e-14
26750.056 2.0975573779460193e-14
26800.056 1.3478940857772992e-13
26850.056 6.79086012203056e-14
26900.056 4.469454795666009e-13
26950.056 8.56648323941398e-14
27000.056 6.881613142248999e-13
27050.056 1.4755921235706705e-12
27100.056 3.162503554448378e-14
27150.056 1.0829078783897505e-12
27200.056 3.355703354629494e-14
27250.056 2.1635174361207612e-13
27300.056 4.4381126295346904e-12
27350.056 7.869876920285322e-13
27400.056 2.470195902108955e-14
27450.056 1.3412693147630513e-12
27500.056 2.028016974802402e-12
27550.056 1.7334085876164852e-13
27600.056 7.870799900943999e-13
27650.056 1.3306671070868114e-13
27700.056 1.7717319373556712e-13
27750.056 1.7168294204980632e-12
27800.056 4.372774003193385e-13
27850.056 1.1824564627732537e-12
27900.056 1.878433070357419e-12
27950.056 3.4626130672273983e-12
28000.056 4.274056534018755e-12
28050.056 2.407221143781825e-13
28100.056 6.070663758902615e-12
28150.056 3.965848699388965e-12
28200.056 5.835646465497949e-13
28250.056 8.458649123236833e-12
28300.056 8.316951225275455e-12
28350.056 7.448138771654589e-13
28400.056 4.991432909366057e-12
28450.056 1.0296408959169341e-11
28500.056 3.845283415360131e-12
28550.056 7.011092910379645e-13
28600.056 9.68105612129835e-12
28650.056 3.5335046245576192e-12
28700.056 9.408900803339978e-12
28750.056 1.9681441173074636e-11
28800.056 4.200677520645463e-12
28850.056 2.149585554193323e-11
28900.056 8.580692587798853e-12
