galfind/configs/Brown_Dwarf_templates/sonora_bobcat/m-0.5/316g/sp_t1200g316nc_m-0.5_resample.dat
# %ECSV 1.0
# ---
# datatype:
# - {name: wav, unit: Angstrom, datatype: float64}
# - {name: flux_nu, unit: erg / (cm2 Hz s), datatype: float64}
# meta: {C/O: '1.00', Kzz: '1.0000E+05', Teff: '1200.', Y: '0.28', '[Fe/H]': '-0.50', f_hole: '1.00', f_rain: '0.00', grav: '316.'}
# schema: astropy-2.0
wav flux_nu
4000.0559999999996 nan
4050.0559999999996 1.16822748370872e-11
4100.056 1.534466765005871e-10
4150.056 2.2072400866301168e-10
4200.056 1.856587445699419e-10
4250.056 2.4203624081002186e-10
4300.056 2.5708959919802504e-10
4350.056 2.6819298590401183e-10
4400.056 3.188367055490131e-10
4450.056 3.135564823310078e-10
4500.056 3.209423842010198e-10
4550.056 3.956474192279627e-10
4600.056 3.961171330279993e-10
4650.056 3.7754397848997514e-10
4700.056 4.423346932200049e-10
4750.056 3.544448250309938e-10
4800.056 1.4641635968800437e-10
4850.056 7.431605647199949e-11
4900.056 3.953974143299962e-11
4950.056 1.7832668551999853e-11
5000.056 5.946439020099968e-12
5050.056 2.0758808100999834e-12
5100.056 1.5919251118999898e-12
5150.056 1.3336282324999727e-12
5200.056 1.0765459250700118e-12
5250.056 8.156938704199965e-13
5300.056 6.17131532579998e-13
5350.056 4.713412270499984e-13
5400.056 3.652844764699987e-13
5450.056 2.834994147299986e-13
5500.056 2.2030030029999926e-13
5550.056 1.7261316554999952e-13
5600.056 1.3656818264999945e-13
5650.056 1.0837090713299984e-13
5700.056 8.642383000199982e-14
5750.056 6.644680982899972e-14
5800.056 4.823104443299978e-14
5850.056 2.8251029058999674e-14
5900.056 7.482467139601918e-15
5950.056 6.008437671600074e-14
6000.056 1.552994928710021e-13
6050.056 3.5056058068000324e-13
6100.056 7.551436229100067e-13
6150.056 1.6046231453000156e-12
6200.056 3.32156597200003e-12
6250.056 6.605925485000064e-12
6300.056 1.2536793242700118e-11
6350.056 2.2718982709000195e-11
6400.056 3.9269551214000306e-11
6450.056 6.490613038700044e-11
6500.056 1.0322842368100069e-10
6550.056 1.5914490853000114e-10
6600.056 2.389687856200016e-10
6650.056 3.47636257410001e-10
6700.056 3.26188281139331e-10
6750.056 6.542820502000046e-10
6800.056 8.773271117700003e-10
6850.056 9.815343495099988e-10
6900.056 9.304554795299982e-10
6950.056 8.324440087999984e-10
7000.056 8.216355572600018e-10
7050.056 9.001723564999991e-10
7100.056 9.998369923400009e-10
7150.056 1.0604972876299947e-09
7200.056 1.0505627054000095e-09
7250.056 9.816857309099849e-10
7300.056 8.673784329599994e-10
7350.056 7.432867540399954e-10
7400.056 6.213749149500006e-10
7450.056 4.938534251299994e-10
7500.056 3.652983057499976e-10
7550.056 2.4264844001999783e-10
7600.056 1.3859185505199792e-10
7650.056 1.7960376396840638e-11
7700.056 7.151142295928555e-12
7750.056 8.852473212400281e-11
7800.056 2.388836330047261e-10
7850.056 6.205414729100078e-10
7900.056 1.0852621934300093e-09
7950.056 1.3433498055283775e-09
8000.056 2.5802072358000234e-09
8050.056 3.6155413623000344e-09
8100.056 4.81484021670001e-09
8150.056 6.241036878500015e-09
8200.056 7.938077693300134e-09
8250.056 1.007435945180011e-08
8300.056 1.2514730016400487e-08
8350.056 1.523331594119993e-08
8400.056 1.8435899716999786e-08
8450.056 2.243710521899993e-08
8500.056 2.3504515278495915e-08
8550.056 2.980610039050093e-08
8600.056 3.5077794977000245e-08
8650.056 3.567140750199927e-08
8700.056 4.0934191496997e-08
8750.056 4.7026279509001024e-08
8800.056 5.547193369700072e-08
8850.056 6.307441039499913e-08
8900.056 6.820089510799986e-08
8950.056 6.261612791202521e-08
9000.056 8.536174268099711e-08
9050.056 9.799319295300303e-08
9100.056 1.1168056722800201e-07
9150.056 1.2311924894500258e-07
9200.056 1.3718563109099077e-07
9250.056 1.4101637609218928e-07
9300.056 9.750172039345134e-08
9350.056 1.1973531384198675e-07
9400.056 1.5455631561359332e-07
9450.056 1.677469571235938e-07
9500.056 1.7420375139304223e-07
9550.056 1.8922651137524253e-07
9600.056 1.9279607272312873e-07
9650.056 2.123328204848584e-07
9700.056 2.4443160786862983e-07
9750.056 2.5372948751570577e-07
9800.056 2.761903715335781e-07
9850.056 2.946761513529992e-07
9900.056 2.3252773037898994e-07
9950.056 2.0131869587999792e-07
10000.056 1.6494784035899803e-07
10050.056 2.164479495999996e-07
10100.056 2.539482762600036e-07
10150.056 2.620307999699859e-07
10200.056 2.885753791999982e-07
10250.056 3.1110874607000054e-07
10300.056 3.189282662900005e-07
10350.056 3.6396245268001244e-07
10400.056 3.984816187699918e-07
10450.056 4.174005442500027e-07
10500.056 4.2381263625999847e-07
10550.056 4.39263015550007e-07
10600.056 4.687968859099943e-07
10650.056 4.943016700500186e-07
10700.056 5.234922398600126e-07
10750.056 5.545416352200118e-07
10800.056 5.85924840030003e-07
10850.056 6.29123266409991e-07
10900.056 6.071978159299948e-07
10950.056 5.203813436449947e-07
11000.056 4.627837860779623e-07
11050.056 3.967224506497891e-07
11100.056 3.5154649570590475e-07
11150.056 3.100669670031443e-07
11200.056 3.2633186977841856e-07
11250.056 3.990448459037636e-07
11300.056 3.879676227608076e-07
11350.056 2.5522035548159027e-07
11400.056 3.2604532449891174e-07
11450.056 3.477045737424842e-07
11500.056 4.060688258641075e-07
11550.056 3.1937412515911605e-07
11600.056 3.3681043040882536e-07
11650.056 3.639005620631964e-07
11700.056 2.779681908736945e-07
11750.056 2.4108441459490296e-07
11800.056 3.2307538226549944e-07
11850.056 4.852431904359971e-07
11900.056 5.631739225978513e-07
11950.056 6.010225630820102e-07
12000.056 6.010745264500037e-07
12050.056 7.11314774841049e-07
12100.056 7.530294137799768e-07
12150.056 8.65048005679979e-07
12200.056 8.957933938199449e-07
12250.056 9.794878592599769e-07
12300.056 1.048316016270026e-06
12350.056 1.0416382225599985e-06
12400.056 9.929313212699846e-07
12450.056 9.292966431000132e-07
12500.056 9.575136461699848e-07
12550.056 1.0065710864500495e-06
12600.056 1.2315934007200148e-06
12650.056 1.2397921677399955e-06
12700.056 1.3163665562400682e-06
12750.056 1.2852244474199984e-06
12800.056 1.3138838714300256e-06
12850.056 1.2302600351699926e-06
12900.056 1.1556492219700197e-06
12950.056 1.1639134381299836e-06
13000.056 1.184427320789953e-06
13050.056 1.1761985709759687e-06
13100.056 1.164281834078755e-06
13150.056 1.0795893751397764e-06
13200.056 1.0045407177679752e-06
13250.056 8.362236596473514e-07
13300.056 5.528995066760931e-07
13350.056 2.0967703587395292e-07
13400.056 1.3221157454600375e-07
13450.056 9.381283610850391e-08
13500.056 7.085634906266186e-08
13550.056 5.662523901014335e-08
13600.056 4.5786074131319046e-08
13650.056 8.126746126203986e-08
13700.056 6.602075505267488e-08
13750.056 7.636309910857355e-08
13800.056 9.467357037093331e-08
13850.056 7.912414960657207e-08
13900.056 7.926367229388868e-08
13950.056 7.366295237432388e-08
14000.056 6.856801117142762e-08
14050.056 7.772861764693447e-08
14100.056 6.309248847776003e-08
14150.056 8.190998915052351e-08
14200.056 6.732848164803696e-08
14250.056 6.62427299716417e-08
14300.056 9.126169447326766e-08
14350.056 9.257583708038631e-08
14400.056 9.84999381486536e-08
14450.056 1.0779341534925966e-07
14500.056 1.542100208704468e-07
14550.056 1.6211009481038287e-07
14600.056 2.028934246513267e-07
14650.056 2.007252442154053e-07
14700.056 1.7370652780013677e-07
14750.056 2.039812336205485e-07
14800.056 2.384440901851573e-07
14850.056 2.6071185346236877e-07
14900.056 2.567978205457252e-07
14950.056 2.8128644265592845e-07
15000.056 3.038958541858259e-07
15050.056 3.5771220535975384e-07
15100.056 3.7299491043210584e-07
15150.056 4.1050527253562164e-07
15200.056 4.2036170082134854e-07
15250.056 4.795010949470001e-07
15300.056 5.148796895859697e-07
15350.056 5.708890080269737e-07
15400.056 6.164247535740227e-07
15450.056 6.579791721640308e-07
15500.056 6.811392884099963e-07
15550.056 7.382417186499592e-07
15600.056 7.553203532400206e-07
15650.056 7.768653036600249e-07
15700.056 8.345715146400683e-07
15750.056 8.561741138999815e-07
15800.056 8.498694241100336e-07
15850.056 8.643743039700024e-07
15900.056 8.444063311300172e-07
15950.056 8.238374640799629e-07
16000.056 7.700870960800055e-07
16050.056 6.791854943299868e-07
16100.056 5.991618534299677e-07
16150.056 5.089935357979881e-07
16200.056 4.288529585719412e-07
16250.056 4.0697745442775655e-07
16300.056 3.7712058671250414e-07
16350.056 4.0004491309504425e-07
16400.056 4.3217897070195973e-07
16450.056 4.5412734166198536e-07
16500.056 4.797342987067169e-07
16550.056 4.6683287081985885e-07
16600.056 4.612048201910405e-07
16650.056 3.750637043959075e-07
16700.056 2.571790176254464e-07
16750.056 2.952904864709899e-07
16800.056 3.7192483714741797e-07
16850.056 3.7664730866917827e-07
16900.056 3.5499555005810195e-07
16950.056 3.249035871628959e-07
17000.056 2.923001567420525e-07
17050.056 3.509529835090405e-07
17100.056 3.73052644294006e-07
17150.056 3.3841846118298623e-07
17200.056 3.77829233653936e-07
17250.056 3.4846332651990774e-07
17300.056 3.159702270570132e-07
17350.056 2.918844884837745e-07
17400.056 2.950445367869928e-07
17450.056 2.878593923319299e-07
17500.056 3.007225538112334e-07
17550.056 2.7984041795431076e-07
17600.056 2.636461199612274e-07
17650.056 2.6102274464560485e-07
17700.056 2.1600744645331426e-07
17750.056 1.9795804194286077e-07
17800.056 2.2372678992659526e-07
17850.056 1.7385819927922497e-07
17900.056 1.8585608988519453e-07
17950.056 1.619187265500535e-07
18000.056 1.633206103197408e-07
18050.056 1.5606027979031744e-07
18100.056 1.579268298845151e-07
18150.056 1.870364767991333e-07
18200.056 1.3248823166743198e-07
18250.056 2.0874560682750458e-07
18300.056 1.6559780199847991e-07
18350.056 1.5203511536406396e-07
18400.056 1.4475359732042422e-07
18450.056 1.4926580501357396e-07
18500.056 1.5857269335240374e-07
18550.056 1.347183341005321e-07
18600.056 1.1545756822858363e-07
18650.056 1.1851703364211257e-07
18700.056 1.2482844191405466e-07
18750.056 1.3999096339013636e-07
18800.056 1.9003811752630943e-07
18850.056 2.117393976197557e-07
18900.056 2.0184521299313093e-07
18950.056 2.5989525807695516e-07
19000.056 2.2388391665548442e-07
19050.056 1.930543900642219e-07
19100.056 2.525365328371416e-07
19150.056 2.1486719517873383e-07
19200.056 2.390427701928557e-07
19250.056 2.0282395661923004e-07
19300.056 2.0174279675555658e-07
19350.056 1.854697885616213e-07
19400.056 1.3811788433785073e-07
19450.056 2.013604010501239e-07
19500.056 2.0010263068298176e-07
19550.056 1.6126131287710134e-07
19600.056 1.922719456374275e-07
19650.056 2.139768878276107e-07
19700.056 2.128926920787138e-07
19750.056 2.103677473941966e-07
19800.056 2.2801663267488913e-07
19850.056 2.6209059763221156e-07
19900.056 2.1762480506913906e-07
19950.056 2.860702857004989e-07
20000.056 2.582787957723249e-07
20050.056 2.924868095467448e-07
20100.056 2.9901195087289467e-07
20150.056 3.1211154242145584e-07
20200.056 3.2929936316125653e-07
20250.056 3.546198336719572e-07
20300.056 3.4844203150622784e-07
20350.056 3.828145838349574e-07
20400.056 3.792117119079066e-07
20450.056 4.0287963482493355e-07
20500.056 4.178000767459517e-07
20550.056 4.178069229490018e-07
20600.056 4.4611145126803636e-07
20650.056 4.4258357298003043e-07
20700.056 4.498861276180321e-07
20750.056 4.5396629807498703e-07
20800.056 4.6359703899998587e-07
20850.056 4.5567910500998715e-07
20900.056 4.6701161954994974e-07
20950.056 4.599511842700022e-07
21000.056 4.566661957100196e-07
21050.056 4.524345211999933e-07
21100.056 4.44784687850007e-07
21150.056 4.471214419999554e-07
21200.056 4.328608463600057e-07
21250.056 4.2696255762595747e-07
21300.056 4.053195410199691e-07
21350.056 4.030989106640035e-07
21400.056 3.927808773400589e-07
21450.056 3.812856785570026e-07
21500.056 3.6739425743803826e-07
21550.056 3.5443595813401797e-07
21600.056 3.3698017623003196e-07
21650.056 3.213225645880137e-07
21700.056 3.1940217211000513e-07
21750.056 2.9410176151101307e-07
21800.056 2.7284443296595996e-07
21850.056 2.5418008245200415e-07
21900.056 2.210460901069812e-07
21950.056 1.757906100840343e-07
22000.056 1.1091139178350627e-07
22050.056 9.004993181525635e-08
22100.056 1.1476028441173946e-07
22150.056 1.3431126064277676e-07
22200.056 1.433710471614977e-07
22250.056 1.3850890542074214e-07
22300.056 1.2139653469479438e-07
22350.056 1.1843278310880335e-07
22400.056 1.0045541716509925e-07
22450.056 9.13242172520878e-08
22500.056 9.288900962572465e-08
22550.056 8.169391580537786e-08
22600.056 8.355014941783816e-08
22650.056 8.534996453590629e-08
22700.056 7.87779579368936e-08
22750.056 7.959414041621253e-08
22800.056 7.593008397898268e-08
22850.056 6.836713134211543e-08
22900.056 6.547250237848172e-08
22950.056 6.209796010908293e-08
23000.056 7.305664371689512e-08
23050.056 8.895245388539708e-08
23100.056 1.2048013456421446e-07
23150.056 1.2015467408149006e-07
23200.056 5.591945663129041e-08
23250.056 6.425167661791292e-08
23300.056 5.5951181445720096e-08
23350.056 5.5424174202100714e-08
23400.056 5.709669756840966e-08
23450.056 5.722916894459997e-08
23500.056 6.153254868952366e-08
23550.056 7.309131931800791e-08
23600.056 8.196353551878694e-08
23650.056 9.575522203328748e-08
23700.056 6.591980168721376e-08
23750.056 6.038817714809605e-08
23800.056 6.089070490469961e-08
23850.056 6.764778414750816e-08
23900.056 9.081858671870602e-08
23950.056 9.562879346431124e-08
24000.056 1.0629091750679144e-07
24050.056 1.1617967348069275e-07
24100.056 1.092110456879838e-07
24150.056 1.1997605470402594e-07
24200.056 1.2146309609858993e-07
24250.056 1.121418636095032e-07
24300.056 1.2457776956382793e-07
24350.056 1.105123681677701e-07
24400.056 1.3396956057912195e-07
24450.056 1.2468220198225452e-07
24500.056 1.280262232650698e-07
24550.056 1.3832909027264466e-07
24600.056 1.4064207759980342e-07
24650.056 1.6504304004981768e-07
24700.056 1.304659950360637e-07
24750.056 1.3577397647841e-07
24800.056 1.391919945059101e-07
24850.056 1.7397983794223e-07
24900.056 1.1739560687455493e-07
24950.056 1.7213417373131836e-07
25000.056 1.564313710533376e-07
25050.056 1.1816029410141782e-07
25100.056 1.5398891902928157e-07
25150.056 1.200443021861551e-07
25200.056 1.4317161208950727e-07
25250.056 1.1130390010949564e-07
25300.056 1.4255177388565804e-07
25350.056 1.013945779159868e-07
25400.056 1.4821565020972963e-07
25450.056 1.023752720129932e-07
25500.056 1.0870074357073387e-07
25550.056 1.1161481706734942e-07
25600.056 1.1067063170107416e-07
25650.056 8.429543603625969e-08
25700.056 1.3802166624128503e-07
25750.056 7.696019024148264e-08
25800.056 1.4139996540506803e-07
25850.056 8.800034167784406e-08
25900.056 1.1824482121473116e-07
25950.056 7.82210581262118e-08
26000.056 1.47974810689054e-07
26050.056 1.1262594871005397e-07
26100.056 1.5260533613260572e-07
26150.056 1.2905511815710772e-07
26200.056 1.3565790103393163e-07
26250.056 1.7761365197429557e-07
26300.056 1.404367350941826e-07
26350.056 2.0130591111923822e-07
26400.056 1.9493863958388126e-07
26450.056 1.9707771628878184e-07
26500.056 2.1456126142375592e-07
26550.056 1.5366959208777403e-07
26600.056 2.066729675824053e-07
26650.056 1.203661479461863e-07
26700.056 1.1780712246064108e-07
26750.056 8.455688365129899e-08
26800.056 1.1920455392192835e-07
26850.056 7.657043705466949e-08
26900.056 1.3908412821529986e-07
26950.056 8.129316234175154e-08
27000.056 1.549933454798133e-07
27050.056 1.2532490563689883e-07
27100.056 1.1179388011985899e-07
27150.056 1.5879067173861859e-07
27200.056 1.217850348238448e-07
27250.056 1.3168358706239423e-07
27300.056 2.2525274797421674e-07
27350.056 1.8249696952569238e-07
27400.056 9.048863584857571e-08
27450.056 2.2505261181477297e-07
27500.056 2.1273541317447586e-07
27550.056 1.2988987977232048e-07
27600.056 2.0771839850819764e-07
27650.056 1.2010574843051804e-07
27700.056 1.0355300178551208e-07
27750.056 2.1062248162018822e-07
27800.056 1.159629126448918e-07
27850.056 1.3478514741865003e-07
27900.056 1.470299615345339e-07
27950.056 2.154311292736068e-07
28000.056 1.7604540371070892e-07
28050.056 9.229176625051847e-08
28100.056 2.280938627915127e-07
28150.056 1.5075610119611743e-07
28200.056 9.871921552319348e-08
28250.056 2.1080406754737743e-07
28300.056 2.523469104905545e-07
28350.056 1.1882712323636042e-07
28400.056 1.7510609751109077e-07
28450.056 2.1889177469244954e-07
28500.056 1.8102872269065843e-07
28550.056 9.242049408747866e-08
28600.056 2.3918477573568005e-07
28650.056 2.0519671289801826e-07
28700.056 1.8029073860506728e-07
28750.056 2.3619705099730067e-07
28800.056 2.1022791277094998e-07
