galfind/configs/Brown_Dwarf_templates/sonora_bobcat/m-0.5/316g/sp_t650g316nc_m-0.5_resample.dat
# %ECSV 1.0
# ---
# datatype:
# - {name: wav, unit: Angstrom, datatype: float64}
# - {name: flux_nu, unit: erg / (cm2 Hz s), datatype: float64}
# meta: {C/O: '1.00', Kzz: '1.0000E+05', Teff: '650.', Y: '0.28', '[Fe/H]': '-0.50', f_hole: '1.00', f_rain: '0.00', grav: '316.'}
# schema: astropy-2.0
wav flux_nu
4000.0559999999996 nan
4050.0559999999996 1.1625352495243023e-15
4100.056 3.27773606165007e-13
4150.056 2.5304797370000325e-12
4200.056 2.3590551168606044e-12
4250.056 1.0685007668800105e-11
4300.056 1.876103986270033e-11
4350.056 2.489309611400004e-11
4400.056 3.388290612900017e-11
4450.056 4.688557577900071e-11
4500.056 5.2172942171000325e-11
4550.056 5.32124271806997e-11
4600.056 2.5548855346999947e-11
4650.056 1.5807385467999963e-11
4700.056 7.497167042599922e-12
4750.056 1.674015027729972e-12
4800.056 2.7425472200699566e-13
4850.056 4.5121058922999236e-14
4900.056 1.1822499051299872e-14
4950.056 4.67214114259996e-15
5000.056 2.184121392899984e-15
5050.056 1.456613828000002e-15
5100.056 1.4954421179000025e-15
5150.056 1.6123730374000009e-15
5200.056 1.7521062961999993e-15
5250.056 1.9323639081000007e-15
5300.056 2.1430189127000004e-15
5350.056 2.395453889800004e-15
5400.056 2.7052014975000024e-15
5450.056 3.0185909844999993e-15
5500.056 3.3291560667000033e-15
5550.056 3.621872649400004e-15
5600.056 3.8918930049e-15
5650.056 4.112392584100002e-15
5700.056 4.2442995932000025e-15
5750.056 4.121744340199996e-15
5800.056 3.6393964195999905e-15
5850.056 2.4948307899999726e-15
5900.056 8.278849647298683e-16
5950.056 5.168579844700077e-15
6000.056 1.1268739181300089e-14
6050.056 1.9797584759000158e-14
6100.056 3.170906974300018e-14
6150.056 4.8096732098000266e-14
6200.056 7.030593178900031e-14
6250.056 1.0028348518400044e-13
6300.056 1.3985632406000064e-13
6350.056 1.931872936800009e-13
6400.056 2.653345884700011e-13
6450.056 3.5694045407000013e-13
6500.056 4.844858871800024e-13
6550.056 6.58421577289999e-13
6600.056 8.944131271700113e-13
6650.056 1.2199532464500065e-12
6700.056 1.5893925595800147e-12
6750.056 2.2220877505000095e-12
6800.056 2.8663835973000132e-12
6850.056 3.3641166748000054e-12
6900.056 3.391041880600018e-12
6950.056 3.2271334346999995e-12
7000.056 3.4288324509999994e-12
7050.056 3.7729695132999846e-12
7100.056 4.210453250899993e-12
7150.056 4.251216341799955e-12
7200.056 4.257237748790019e-12
7250.056 4.438442171099864e-12
7300.056 4.422810902600144e-12
7350.056 4.5716181470999795e-12
7400.056 4.6621275765000624e-12
7450.056 4.689304294500051e-12
7500.056 4.550725797999999e-12
7550.056 4.211438734199992e-12
7600.056 3.687044221199983e-12
7650.056 1.143088465911948e-12
7700.056 7.775571296690345e-13
7750.056 3.5339498283000575e-12
7800.056 5.880310124340059e-12
7850.056 9.622085131400044e-12
7900.056 1.316217300630003e-11
7950.056 1.5167072464400122e-11
8000.056 2.2653604900000162e-11
8050.056 2.891390043800023e-11
8100.056 3.382160074899957e-11
8150.056 3.9695233597900245e-11
8200.056 5.4954224325601454e-11
8250.056 6.70371804466e-11
8300.056 8.534581938200331e-11
8350.056 1.0686087805199939e-10
8400.056 1.3554969572399976e-10
8450.056 1.7591035316000047e-10
8500.056 2.0424384552999476e-10
8550.056 2.743526535300078e-10
8600.056 3.5794006992000337e-10
8650.056 4.478892718200044e-10
8700.056 5.518973106300057e-10
8750.056 6.816403702400058e-10
8800.056 8.272249158100066e-10
8850.056 9.60021416060001e-10
8900.056 8.992156449299804e-10
8950.056 8.62341099711999e-10
9000.056 1.1204054637899469e-09
9050.056 1.7609257830600185e-09
9100.056 2.078430505984056e-09
9150.056 2.3881159190700586e-09
9200.056 2.9418677847299775e-09
9250.056 3.052023145052901e-09
9300.056 1.1437517818883555e-09
9350.056 1.6194174726147449e-09
9400.056 3.1063598511325984e-09
9450.056 3.104457482118413e-09
9500.056 3.046437397508307e-09
9550.056 3.3838633031239913e-09
9600.056 3.6936303422930704e-09
9650.056 4.7237258200072095e-09
9700.056 6.863944886161596e-09
9750.056 7.473184110306786e-09
9800.056 8.788772033929712e-09
9850.056 1.0401439502899822e-08
9900.056 1.2872107716800297e-08
9950.056 1.4312732013800211e-08
10000.056 1.2235511013389952e-08
10050.056 1.7032238855000083e-08
10100.056 1.875866859800011e-08
10150.056 1.983472215800007e-08
10200.056 2.0507294770000443e-08
10250.056 2.304761022580029e-08
10300.056 2.6351196309999065e-08
10350.056 2.6328370180000614e-08
10400.056 2.9735306804000146e-08
10450.056 3.209949526699857e-08
10500.056 3.4135383360999566e-08
10550.056 3.6273848259000086e-08
10600.056 3.7335830820999995e-08
10650.056 3.80669069660002e-08
10700.056 3.779248417800015e-08
10750.056 3.807326072400021e-08
10800.056 3.77546181100002e-08
10850.056 3.6575799167000144e-08
10900.056 3.213048277699957e-08
10950.056 2.2402523664700075e-08
11000.056 1.6420216248998305e-08
11050.056 1.0739833775923996e-08
11100.056 6.98347811526298e-09
11150.056 4.276741265024498e-09
11200.056 4.491895960140927e-09
11250.056 5.978758096926173e-09
11300.056 6.642241202327053e-09
11350.056 3.012795565679543e-09
11400.056 8.211802181781502e-09
11450.056 5.699614762434478e-09
11500.056 5.812897360332082e-09
11550.056 2.8695148800841013e-09
11600.056 2.550500390698599e-09
11650.056 4.5822559389315514e-09
11700.056 5.20948898433843e-09
11750.056 2.7246186209475934e-09
11800.056 7.360468972266546e-09
11850.056 1.0491455771989616e-08
11900.056 1.2592081440509528e-08
11950.056 1.6357544684401202e-08
12000.056 2.0413456902700626e-08
12050.056 2.5159587574400688e-08
12100.056 2.9524616653898488e-08
12150.056 3.5157262324998686e-08
12200.056 3.930415953900021e-08
12250.056 4.5477314883998244e-08
12300.056 5.350105296500108e-08
12350.056 5.698077011599975e-08
12400.056 6.602836565899918e-08
12450.056 7.427058980600077e-08
12500.056 8.009465076400267e-08
12550.056 8.745267813999958e-08
12600.056 9.439078461200123e-08
12650.056 9.822299109799977e-08
12700.056 9.977831534300083e-08
12750.056 9.252014845000105e-08
12800.056 8.617346604399989e-08
12850.056 7.179867462499991e-08
12900.056 6.408950337200227e-08
12950.056 5.903948935510179e-08
13000.056 6.05886577310034e-08
13050.056 5.1436913433600746e-08
13100.056 5.183441611885589e-08
13150.056 4.11442965878508e-08
13200.056 3.966180374997901e-08
13250.056 3.067405650066355e-08
13300.056 1.5233307105354292e-08
13350.056 5.251806878433895e-09
13400.056 1.8089599714780611e-09
13450.056 8.471401651055335e-10
13500.056 4.220233292404329e-10
13550.056 2.1334876656816722e-10
13600.056 1.0578181409039314e-10
13650.056 4.0740284193132693e-10
13700.056 2.609073784362207e-10
13750.056 5.562978320875835e-10
13800.056 6.606233689523897e-10
13850.056 3.52328657472448e-10
13900.056 3.945794670989354e-10
13950.056 3.950704886270487e-10
14000.056 4.243791264432667e-10
14050.056 6.037654907610017e-10
14100.056 4.662043706818651e-10
14150.056 7.649457470427125e-10
14200.056 5.344524414797136e-10
14250.056 6.178189235016049e-10
14300.056 1.4634651392545396e-09
14350.056 1.3212556705852454e-09
14400.056 1.3447402188577062e-09
14450.056 1.9969890669560237e-09
14500.056 3.741033235423798e-09
14550.056 3.765159234022315e-09
14600.056 5.623932038239274e-09
14650.056 4.123759415619995e-09
14700.056 2.4408453226905958e-09
14750.056 2.3571747745071136e-09
14800.056 3.1789656268101045e-09
14850.056 3.4642285428207887e-09
14900.056 3.5691411868852734e-09
14950.056 3.77963132865198e-09
15000.056 6.360184906092685e-09
15050.056 6.413972416246701e-09
15100.056 5.24703011920179e-09
15150.056 4.35286387841732e-09
15200.056 6.7159657430473114e-09
15250.056 1.059057766517083e-08
15300.056 1.2396932736964764e-08
15350.056 1.4733426576829452e-08
15400.056 1.774251981728262e-08
15450.056 2.0616113425157835e-08
15500.056 2.3538168055146883e-08
15550.056 2.8841083122503176e-08
15600.056 3.457263549499855e-08
15650.056 4.1121342047001764e-08
15700.056 4.8583893206000526e-08
15750.056 5.2336599632000526e-08
15800.056 5.545079023399975e-08
15850.056 5.853837852900103e-08
15900.056 5.736879472500041e-08
15950.056 5.5701428785999e-08
16000.056 4.9136305325001035e-08
16050.056 3.808112466699878e-08
16100.056 2.8804886523098943e-08
16150.056 1.9943200170629056e-08
16200.056 1.2843910699330313e-08
16250.056 1.0398352978323906e-08
16300.056 8.195721326424465e-09
16350.056 9.407761689940543e-09
16400.056 1.0664476612180661e-08
16450.056 1.111347541386919e-08
16500.056 1.144475451996674e-08
16550.056 1.1065375729353529e-08
16600.056 1.3312541270716525e-08
16650.056 8.765201580632265e-09
16700.056 3.0773975003861637e-09
16750.056 6.578300699515314e-09
16800.056 9.348961654719775e-09
16850.056 9.433204043456939e-09
16900.056 7.2161266828130875e-09
16950.056 5.656384956942567e-09
17000.056 4.160233605721631e-09
17050.056 6.276059084105956e-09
17100.056 7.898479474836234e-09
17150.056 6.192621075596044e-09
17200.056 1.0472676522759818e-08
17250.056 7.8237682414107e-09
17300.056 6.431162239445509e-09
17350.056 6.332832660078624e-09
17400.056 7.460969559680807e-09
17450.056 8.197452242749206e-09
17500.056 9.118648484802235e-09
17550.056 7.811715860459901e-09
17600.056 6.8764971706875525e-09
17650.056 6.210469115687135e-09
17700.056 5.195782772695028e-09
17750.056 4.359086531213841e-09
17800.056 5.9891923308413654e-09
17850.056 3.847022753600819e-09
17900.056 3.5714528912261372e-09
17950.056 2.6671571859044714e-09
18000.056 3.391929245594711e-09
18050.056 2.4113504122191266e-09
18100.056 2.75777367782386e-09
18150.056 2.818725686573138e-09
18200.056 1.8827799537921375e-09
18250.056 4.331175844008048e-09
18300.056 1.8934874984225768e-09
18350.056 1.665644381878918e-09
18400.056 1.3430580318575195e-09
18450.056 2.808635450923042e-09
18500.056 2.632126492836484e-09
18550.056 1.8674794801721466e-09
18600.056 1.884792524110697e-09
18650.056 1.4484510992096341e-09
18700.056 8.596413953095019e-10
18750.056 1.5127463818022245e-09
18800.056 3.774243046145865e-09
18850.056 3.62425073089318e-09
18900.056 3.24084802887794e-09
18950.056 4.747721130118613e-09
19000.056 2.468920584637548e-09
19050.056 1.4939497762191763e-09
19100.056 2.5107551456320304e-09
19150.056 1.4698188391274121e-09
19200.056 1.8655694765889925e-09
19250.056 1.355857725899652e-09
19300.056 1.1274755365528734e-09
19350.056 1.0095309419829128e-09
19400.056 8.111829108608051e-10
19450.056 1.238717013973852e-09
19500.056 1.1306053746576995e-09
19550.056 1.2483966638899448e-09
19600.056 1.8022191244018218e-09
19650.056 1.724470094687093e-09
19700.056 1.926301179225424e-09
19750.056 2.4771873153243734e-09
19800.056 2.069809008863855e-09
19850.056 2.57648002597228e-09
19900.056 2.7604968501835824e-09
19950.056 3.5632907409686103e-09
20000.056 3.794306220827216e-09
20050.056 3.611577427531436e-09
20100.056 4.914903319126082e-09
20150.056 3.601300867401464e-09
20200.056 3.1969915922188144e-09
20250.056 4.438372061570204e-09
20300.056 4.742342376958492e-09
20350.056 4.763221597377664e-09
20400.056 4.7059224907736525e-09
20450.056 6.197197566991201e-09
20500.056 6.6745756632489856e-09
20550.056 6.976507649420752e-09
20600.056 7.287221779000813e-09
20650.056 7.972925165599677e-09
20700.056 8.347493361900457e-09
20750.056 8.61109017949962e-09
20800.056 8.583750211699003e-09
20850.056 9.022235406200128e-09
20900.056 9.156170665799573e-09
20950.056 9.023503938700304e-09
21000.056 8.929483591900097e-09
21050.056 9.049417287699789e-09
21100.056 8.892277762000119e-09
21150.056 8.869831499799478e-09
21200.056 8.65470585840028e-09
21250.056 8.427414243199317e-09
21300.056 7.977244437299754e-09
21350.056 7.794232054629739e-09
21400.056 7.811990504400915e-09
21450.056 7.153658586470112e-09
21500.056 6.8214884862383985e-09
21550.056 6.399179778570039e-09
21600.056 5.9877162184883256e-09
21650.056 5.208815940083692e-09
21700.056 5.2626272918097365e-09
21750.056 4.6594756031337696e-09
21800.056 3.92831969104739e-09
21850.056 3.6788189283938224e-09
21900.056 3.042306512641504e-09
21950.056 1.9798423851933103e-09
22000.056 7.259551929925274e-10
22050.056 8.074373822409016e-10
22100.056 1.8421381903978652e-09
22150.056 1.6425446416272146e-09
22200.056 1.7527099225139292e-09
22250.056 1.5610981077684677e-09
22300.056 1.0695566210859628e-09
22350.056 1.2362316270241466e-09
22400.056 6.907818446603875e-10
22450.056 8.281024004700552e-10
22500.056 7.287862080202854e-10
22550.056 5.551958723848044e-10
22600.056 5.117707452627213e-10
22650.056 6.872626079991112e-10
22700.056 5.961143895506466e-10
22750.056 6.669935504257329e-10
22800.056 7.199796730586684e-10
22850.056 5.748123017935831e-10
22900.056 5.005350838010899e-10
22950.056 4.661718860125292e-10
23000.056 5.611939959230987e-10
23050.056 6.960824687634594e-10
23100.056 1.7515103403323268e-09
23150.056 1.4042452817261637e-09
23200.056 2.2321068386779762e-10
23250.056 5.54420438870621e-10
23300.056 4.821966061221095e-10
23350.056 5.606068709405001e-10
23400.056 5.018637243370757e-10
23450.056 4.2095394226889175e-10
23500.056 4.649303157214331e-10
23550.056 6.968411464623011e-10
23600.056 9.563913053461848e-10
23650.056 1.2334135024789632e-09
23700.056 4.2786379131230187e-10
23750.056 4.443625900181404e-10
23800.056 1.0247507217677879e-09
23850.056 8.53493868808159e-10
23900.056 1.4630581248124992e-09
23950.056 1.1094104688257477e-09
24000.056 1.7199265642097693e-09
24050.056 1.8137808313115266e-09
24100.056 1.792616964521287e-09
24150.056 2.315047343015777e-09
24200.056 1.929522476322307e-09
24250.056 1.7664080402325596e-09
24300.056 2.5699871352643685e-09
24350.056 2.1857421661277482e-09
24400.056 3.324359908994788e-09
24450.056 3.367176707048409e-09
24500.056 3.188016087219249e-09
24550.056 4.15922542357988e-09
24600.056 4.304339646805402e-09
24650.056 5.429762241005668e-09
24700.056 3.941288077901975e-09
24750.056 4.493545980441299e-09
24800.056 4.273846975727425e-09
24850.056 6.308230069193249e-09
24900.056 3.166273163594752e-09
24950.056 5.829346444280975e-09
25000.056 5.317940498565431e-09
25050.056 3.482348981936465e-09
25100.056 5.299610540417307e-09
25150.056 3.146604971689148e-09
25200.056 4.355461936728458e-09
25250.056 2.1674258202160768e-09
25300.056 3.2781848698511513e-09
25350.056 1.6760973734552528e-09
25400.056 3.693459302327251e-09
25450.056 1.5877562104512227e-09
25500.056 1.5120932982918748e-09
25550.056 2.4325801956296524e-09
25600.056 1.769152725280714e-09
25650.056 9.278497764542194e-10
25700.056 1.6885156476361709e-09
25750.056 5.56300868573716e-10
25800.056 2.2834522601921716e-09
25850.056 6.484311528086886e-10
25900.056 1.000819502647379e-09
25950.056 3.435005302780973e-10
26000.056 2.216609729483138e-09
26050.056 5.698640531202229e-10
26100.056 1.950433842512984e-09
26150.056 1.1352454598671294e-09
26200.056 1.2834940591678042e-09
26250.056 4.487194640565915e-09
26300.056 1.7432296338258429e-09
26350.056 5.789582530640653e-09
26400.056 5.7601843193885486e-09
26450.056 5.140762477956401e-09
26500.056 7.731257558534385e-09
26550.056 2.1220073225842903e-09
26600.056 2.8024454829232154e-09
26650.056 7.026922124234644e-10
26700.056 5.191581774635261e-10
26750.056 4.428385310082726e-10
26800.056 1.0158408159358383e-09
26850.056 5.423726307989886e-10
26900.056 2.0574598445332556e-09
26950.056 8.393180214765381e-10
27000.056 3.422959982576161e-09
27050.056 3.2267075530099204e-09
27100.056 1.0364655708562719e-09
27150.056 4.644526287457474e-09
27200.056 1.0598760236184812e-09
27250.056 2.2444338725095605e-09
27300.056 8.518363553262607e-09
27350.056 4.274934602949286e-09
27400.056 4.6423354211232275e-10
27450.056 4.953220356759085e-09
27500.056 5.733709449018289e-09
27550.056 1.3396057569077973e-09
27600.056 3.161643766287468e-09
27650.056 1.1134395233609806e-09
27700.056 8.723380880578921e-10
27750.056 3.958174598529956e-09
27800.056 1.3998785681936499e-09
27850.056 1.9533008379319954e-09
27900.056 2.090413730387322e-09
27950.056 4.4579694730464235e-09
28000.056 3.5381430051389506e-09
28050.056 7.209960483412275e-10
28100.056 3.814994025119915e-09
28150.056 2.674660045816227e-09
28200.056 1.0411950873295265e-09
28250.056 4.82044739181534e-09
28300.056 4.789996059517433e-09
28350.056 1.3181798764198353e-09
28400.056 3.6313912801454507e-09
28450.056 5.515829437145839e-09
28500.056 3.800553561516968e-09
28550.056 1.0363253004303726e-09
28600.056 6.065386711989505e-09
28650.056 4.228446891902497e-09
28700.056 4.909465137681636e-09
28750.056 7.500389015698853e-09
28800.056 4.5652272554583336e-09
28850.056 6.814454512663216e-09
