galfind/configs/Brown_Dwarf_templates/sonora_bobcat/m-0.5/316g/sp_t275g316nc_m-0.5_resample.dat
# %ECSV 1.0
# ---
# datatype:
# - {name: wav, unit: Angstrom, datatype: float64}
# - {name: flux_nu, unit: erg / (cm2 Hz s), datatype: float64}
# meta: {C/O: '1.00', Kzz: '1.0000E+05', Teff: '275.', Y: '0.28', '[Fe/H]': '-0.50', f_hole: '1.00', f_rain: '0.00', grav: '316.'}
# schema: astropy-2.0
wav flux_nu
4000.0559999999996 nan
4050.0559999999996 1.104060537640017e-19
4100.056 2.1897537325300308e-18
4150.056 1.1415120124900097e-17
4200.056 1.9595701629000115e-17
4250.056 8.038514994600059e-17
4300.056 1.7768665861000087e-16
4350.056 3.3179712204000136e-16
4400.056 5.775782732300023e-16
4450.056 9.529428504000035e-16
4500.056 1.529903541300005e-15
4550.056 2.2548122249000052e-15
4600.056 2.6972617534000044e-15
4650.056 3.0508418340000014e-15
4700.056 2.8715579047999958e-15
4750.056 2.228459244199994e-15
4800.056 1.6504871733999949e-15
4850.056 1.0271134568099946e-15
4900.056 6.753051571899976e-16
4950.056 4.7865357607999835e-16
5000.056 3.145409353599985e-16
5050.056 2.2813935106999985e-16
5100.056 2.4609618503000047e-16
5150.056 2.757118512100003e-16
5200.056 3.135143302900004e-16
5250.056 3.5765966409000047e-16
5300.056 4.076631872700006e-16
5350.056 4.672223317200008e-16
5400.056 5.347832890300009e-16
5450.056 6.124399508300012e-16
5500.056 7.00393883340001e-16
5550.056 7.95072889710001e-16
5600.056 8.952405815000013e-16
5650.056 9.95613040160001e-16
5700.056 1.0608223345400011e-15
5750.056 1.0886252938999997e-15
5800.056 1.0058415008799977e-15
5850.056 6.959995622799917e-16
5900.056 2.0408645171910755e-16
5950.056 1.4069693849200243e-15
6000.056 3.1272793641000236e-15
6050.056 5.5951039712000395e-15
6100.056 8.920355222100056e-15
6150.056 1.3455391134000076e-14
6200.056 1.9703790183000098e-14
6250.056 2.7677064300000117e-14
6300.056 3.874717850200016e-14
6350.056 5.3444961332000216e-14
6400.056 7.253575357600032e-14
6450.056 8.769071922799993e-14
6500.056 1.1465788884700108e-13
6550.056 1.5738802050999971e-13
6600.056 2.1667423882000209e-13
6650.056 3.086845507200017e-13
6700.056 4.128054625800021e-13
6750.056 5.671048914100026e-13
6800.056 6.815673417300014e-13
6850.056 6.990845225199993e-13
6900.056 5.519817943899946e-13
6950.056 3.95213858550003e-13
7000.056 4.4667534271999485e-13
7050.056 4.618232694300011e-13
7100.056 5.289914292499997e-13
7150.056 3.9644678235099017e-13
7200.056 2.6616872109400083e-13
7250.056 3.087039609369857e-13
7300.056 3.275935210660127e-13
7350.056 4.840316094300022e-13
7400.056 6.633910467700038e-13
7450.056 8.903608900600075e-13
7500.056 1.0699358762700022e-12
7550.056 1.1859680262000017e-12
7600.056 1.2378997726e-12
7650.056 7.471945849299868e-13
7700.056 7.752851520300162e-13
7750.056 1.5527499060000103e-12
7800.056 1.8632442747000098e-12
7850.056 2.3756069125999984e-12
7900.056 2.8102720931000066e-12
7950.056 3.123987571700007e-12
8000.056 3.900881824800013e-12
8050.056 4.4970354083000144e-12
8100.056 3.24123900956993e-12
8150.056 1.669412872330096e-12
8200.056 4.002904959510024e-12
8250.056 4.2033030412391066e-12
8300.056 4.4155812307899334e-12
8350.056 5.329054886920041e-12
8400.056 7.516699989800185e-12
8450.056 1.1404750859400106e-11
8500.056 1.457024537300009e-11
8550.056 1.8293764253000183e-11
8600.056 2.2474404373000157e-11
8650.056 2.5677110619000104e-11
8700.056 2.6426363198000055e-11
8750.056 2.8060010720000094e-11
8800.056 2.736010540299987e-11
8850.056 2.1808240072999286e-11
8900.056 3.956049753099612e-12
8950.056 1.3759477746900649e-12
9000.056 1.3385972786549757e-12
9050.056 8.327098197689986e-12
9100.056 8.650785876156988e-12
9150.056 1.1370211459859508e-11
9200.056 2.0918426835291752e-11
9250.056 1.5360544119278455e-11
9300.056 4.922029983106955e-14
9350.056 4.064399733286921e-14
9400.056 1.4782177878192653e-12
9450.056 2.926353431058314e-13
9500.056 3.331695630040714e-13
9550.056 2.748410606663682e-13
9600.056 6.130310919584596e-13
9650.056 1.9131664111854266e-12
9700.056 1.2548911320759583e-11
9750.056 1.1477670953961394e-11
9800.056 1.6908529143259427e-11
9850.056 2.5887869128599878e-11
9900.056 4.280439957900195e-11
9950.056 4.925160743200116e-11
10000.056 3.498228612796602e-11
10050.056 1.5613775228198997e-11
10100.056 9.836941981299917e-12
10150.056 5.502486187099794e-12
10200.056 2.02862885206002e-12
10250.056 1.7997559380400044e-12
10300.056 2.6899680913298727e-12
10350.056 1.2147016341200447e-12
10400.056 2.1406135056200255e-12
10450.056 2.4669183816998904e-12
10500.056 2.6540776535000098e-12
10550.056 2.8233939750999883e-12
10600.056 2.54462973559999e-12
10650.056 2.0350487684999727e-12
10700.056 1.4721380451999778e-12
10750.056 1.121822225659977e-12
10800.056 8.910007794800034e-13
10850.056 7.187591777299928e-13
10900.056 5.869194034899891e-13
10950.056 4.164309774099975e-13
11000.056 2.6945916569798704e-13
11050.056 1.3418468540499626e-13
11100.056 4.6153552363103273e-14
11150.056 1.1360026892147833e-14
11200.056 5.1567971293494535e-15
11250.056 5.039992836920267e-15
11300.056 1.3447295649262349e-14
11350.056 4.40440804608195e-15
11400.056 3.0748518836229734e-14
11450.056 1.4487821934947984e-14
11500.056 1.683035095336513e-14
11550.056 6.421420443255467e-15
11600.056 2.3510582492244976e-15
11650.056 1.3553576523288013e-14
11700.056 2.546538576440255e-14
11750.056 1.527414799101486e-14
11800.056 5.4097404630828916e-14
11850.056 5.611097439140062e-14
11900.056 7.044282595800095e-14
11950.056 9.112795705700091e-14
12000.056 1.0027504117900412e-13
12050.056 1.3223573405300246e-13
12100.056 1.4898446978100106e-13
12150.056 2.0722442891500346e-13
12200.056 2.5999022992600016e-13
12250.056 4.249309014390072e-13
12300.056 6.754381681060263e-13
12350.056 8.483287950000177e-13
12400.056 1.316024665860019e-12
12450.056 2.142527141300051e-12
12500.056 2.911816197899981e-12
12550.056 3.339033554800065e-12
12600.056 5.084721043100162e-12
12650.056 7.937874904800179e-12
12700.056 1.0189449935199996e-11
12750.056 9.881604784800058e-12
12800.056 8.867112212899873e-12
12850.056 6.3789162214998195e-12
12900.056 4.633423471489986e-12
12950.056 4.093647702290048e-12
13000.056 4.6383215998003135e-12
13050.056 3.257841936699885e-12
13100.056 4.134485027599768e-12
13150.056 2.316784969770195e-12
13200.056 2.7083599797777714e-12
13250.056 3.38271639115977e-12
13300.056 1.0139330599025406e-12
13350.056 6.912436613701858e-13
13400.056 1.2199663264721593e-13
13450.056 1.0790570087207753e-14
13500.056 1.1073022106933287e-15
13550.056 5.4551693869637866e-17
13600.056 5.1858622689965824e-18
13650.056 5.1543456537036046e-17
13700.056 1.8613167937541093e-17
13750.056 3.634447845204839e-16
13800.056 4.714963003833587e-16
13850.056 5.71508606734297e-17
13900.056 3.2096978893962437e-16
13950.056 1.7701641045459596e-16
14000.056 8.716091787051654e-16
14050.056 8.199673226554665e-16
14100.056 7.838036524225764e-16
14150.056 5.06023420860841e-15
14200.056 3.928291653604466e-15
14250.056 7.979583751370731e-15
14300.056 3.992448971285862e-14
14350.056 2.922208626761049e-14
14400.056 2.7588571647159582e-14
14450.056 8.420199956453452e-14
14500.056 2.5787552403618004e-13
14550.056 5.266092017399312e-13
14600.056 1.0798906451590245e-12
14650.056 2.416186733921293e-13
14700.056 7.830234033575825e-14
14750.056 3.3285148829915996e-14
14800.056 2.386485171860925e-14
14850.056 2.353997068640045e-14
14900.056 1.7296584197048605e-14
14950.056 7.708514929890904e-15
15000.056 4.469429533467374e-14
15050.056 1.0650830584080403e-13
15100.056 2.5393415004979858e-14
15150.056 5.788203795253003e-15
15200.056 5.047708271543494e-14
15250.056 1.258566153111987e-13
15300.056 2.4469955493287053e-13
15350.056 3.2513219422401514e-13
15400.056 4.054053464971315e-13
15450.056 7.604701277653094e-13
15500.056 1.4400581671479361e-12
15550.056 3.728885047510615e-12
15600.056 7.963517867699653e-12
15650.056 1.6118969779401375e-11
15700.056 2.7063709009000633e-11
15750.056 3.3391826482000277e-11
15800.056 3.9604350575000006e-11
15850.056 4.640525594100133e-11
15900.056 4.7893526673999716e-11
15950.056 5.280410103799998e-11
16000.056 4.845038425799942e-11
16050.056 3.8803912334999043e-11
16100.056 2.5440727849000016e-11
16150.056 1.4292229517398899e-11
16200.056 5.083166988999998e-12
16250.056 2.0459599171879914e-12
16300.056 8.265396662336366e-13
16350.056 6.694408527766096e-13
16400.056 6.49315204628967e-13
16450.056 8.170670728066335e-13
16500.056 5.346421396577562e-13
16550.056 6.821719505175857e-13
16600.056 2.3770846716310994e-12
16650.056 9.766534631885377e-13
16700.056 2.545910455913075e-13
16750.056 8.280148439699643e-13
16800.056 1.093498431165248e-12
16850.056 1.013808165927011e-12
16900.056 3.816526796019421e-13
16950.056 2.779291604538173e-13
17000.056 1.1415725870833688e-13
17050.056 1.8165553486497254e-13
17100.056 4.4398112246821354e-13
17150.056 3.027403564164058e-13
17200.056 9.760686524492304e-13
17250.056 1.8721607346657336e-13
17300.056 1.78271046449782e-13
17350.056 3.1659407490365007e-13
17400.056 6.05286255387907e-13
17450.056 7.514106590437275e-13
17500.056 1.1755388786050359e-12
17550.056 1.00575403880101e-12
17600.056 1.0036617938300614e-12
17650.056 5.743942176935732e-13
17700.056 4.977336868543547e-13
17750.056 3.495806867321058e-13
17800.056 5.711367753324643e-13
17850.056 2.7271650275277996e-13
17900.056 1.5826768686572657e-13
17950.056 1.0249200875818534e-13
18000.056 1.6288511609074364e-13
18050.056 6.32932523521639e-14
18100.056 5.858145311838996e-14
18150.056 2.6670980759669254e-14
18200.056 1.8646429441115595e-14
18250.056 7.75589916750964e-14
18300.056 5.2945263387980635e-15
18350.056 5.041531954504487e-15
18400.056 1.5300767116701422e-15
18450.056 2.4197489668344272e-14
18500.056 1.7104629861883346e-14
18550.056 5.430841323014329e-15
18600.056 1.7773236642147807e-14
18650.056 1.466845686389504e-14
18700.056 4.68064161664565e-16
18750.056 9.945302195407062e-16
18800.056 3.988648372776973e-14
18850.056 2.861933407647366e-14
18900.056 4.273714388257443e-14
18950.056 4.37115700074606e-14
19000.056 4.989086975951465e-15
19050.056 2.472133399421576e-15
19100.056 1.2383463944324584e-14
19150.056 5.0959977490191e-15
19200.056 1.3952517158102014e-14
19250.056 1.083325919873495e-14
19300.056 5.2123239145729994e-15
19350.056 7.015231835297304e-15
19400.056 4.005034103152807e-15
19450.056 3.3048106675947923e-15
19500.056 3.754880600155143e-15
19550.056 8.444753007516471e-15
19600.056 1.4766251842976018e-14
19650.056 1.202995294993856e-14
19700.056 1.87292002909354e-14
19750.056 1.9039494222135563e-14
19800.056 1.1654158612853488e-14
19850.056 1.5340143781639853e-14
19900.056 2.5243412612308533e-14
19950.056 2.1404944587782746e-14
20000.056 2.3148653140263234e-14
20050.056 2.0028221942608406e-14
20100.056 2.728120186391823e-14
20150.056 1.8533265048203298e-14
20200.056 1.4000857409517276e-14
20250.056 2.3754359972166845e-14
20300.056 2.5630130130059916e-14
20350.056 2.5757375899697902e-14
20400.056 2.6768877758000243e-14
20450.056 3.074832610080309e-14
20500.056 2.896900709000088e-14
20550.056 2.7258353067499002e-14
20600.056 2.5282467674001424e-14
20650.056 2.3203504578998653e-14
20700.056 2.108540821499956e-14
20750.056 1.856160128099976e-14
20800.056 1.6179409053999598e-14
20850.056 1.450164725699987e-14
20900.056 1.2815715082999903e-14
20950.056 1.1409402654999899e-14
21000.056 1.0408666177699914e-14
21050.056 9.953145915499958e-15
21100.056 9.784606499499981e-15
21150.056 1.0167519306700076e-14
21200.056 1.0930424776900141e-14
21250.056 1.2197272015000023e-14
21300.056 1.3665469012000267e-14
21350.056 1.5380435615499795e-14
21400.056 1.8252594754000846e-14
21450.056 1.9069280520100707e-14
21500.056 1.999476971526001e-14
21550.056 2.1430322670339807e-14
21600.056 2.1806406052808634e-14
21650.056 2.194198878397301e-14
21700.056 2.2692222334739213e-14
21750.056 2.3204960554318553e-14
21800.056 2.0321249027069167e-14
21850.056 1.9983406092777896e-14
21900.056 1.7066829361587147e-14
21950.056 1.0456667587006468e-14
22000.056 1.211222774519526e-15
22050.056 2.254467086025762e-15
22100.056 5.8143198545271215e-15
22150.056 3.6522358202278e-15
22200.056 3.4673786765508364e-15
22250.056 2.7601988336291096e-15
22300.056 1.189383759318274e-15
22350.056 2.0518518321566535e-15
22400.056 9.724256671713906e-16
22450.056 1.5670151240897828e-15
22500.056 1.188196793911223e-15
22550.056 4.838958309073267e-16
22600.056 3.5022290172070874e-16
22650.056 3.5691954258827607e-16
22700.056 5.583978175390215e-16
22750.056 1.0177814620007361e-15
22800.056 1.4894498059608393e-15
22850.056 8.201862344109293e-16
22900.056 5.722170956940823e-16
22950.056 3.9727911861273384e-16
23000.056 3.2171323011094793e-16
23050.056 2.425500779021259e-16
23100.056 3.9531150737917175e-15
23150.056 3.5475630776556914e-15
23200.056 2.073324423552446e-16
23250.056 1.3820318788444369e-15
23300.056 7.125946815572247e-16
23350.056 1.0898867334972879e-15
23400.056 8.118709591739945e-16
23450.056 3.928782601997892e-16
23500.056 3.406530399357194e-16
23550.056 8.489311009142859e-16
23600.056 2.236706430788895e-15
23650.056 3.0452557440742856e-15
23700.056 3.5762376438930347e-16
23750.056 6.813010530601595e-16
23800.056 3.55898703120654e-15
23850.056 1.6294031646158388e-15
23900.056 3.4822411131992074e-15
23950.056 1.6121397015776814e-15
24000.056 4.765391939177222e-15
24050.056 5.150046166374524e-15
24100.056 7.976379575108377e-15
24150.056 1.15752407399428e-14
24200.056 1.032142326848492e-14
24250.056 8.467958385431786e-15
24300.056 1.8756486082294918e-14
24350.056 1.8864067796518243e-14
24400.056 3.660354470957977e-14
24450.056 4.501048159450322e-14
24500.056 4.630488353929442e-14
24550.056 8.092988555660346e-14
24600.056 1.151334568739958e-13
24650.056 1.4940003071491357e-13
24700.056 1.4341031299974648e-13
24750.056 2.1256957640321589e-13
24800.056 2.2847714334431317e-13
24850.056 2.701803591007093e-13
24900.056 2.37410565921881e-13
24950.056 3.237261747001706e-13
25000.056 4.801064462069653e-13
25050.056 3.2520727134363034e-13
25100.056 4.472438668364128e-13
25150.056 2.537670134870408e-13
25200.056 4.463830936946438e-13
25250.056 2.137321754671725e-13
25300.056 1.7592469111828263e-13
25350.056 1.1343561235830536e-13
25400.056 2.616196573847944e-13
25450.056 6.46041651710315e-14
25500.056 5.138529176883107e-14
25550.056 1.8179628210050963e-13
25600.056 6.732153319207351e-14
25650.056 2.1775455189023853e-14
25700.056 1.3530944587757886e-14
25750.056 5.134316129064767e-15
25800.056 2.4291011858447156e-14
25850.056 3.953139767113411e-15
25900.056 5.358304170886559e-15
25950.056 1.8055321333873786e-15
26000.056 1.4487865794749518e-14
26050.056 2.3185344223699238e-15
26100.056 7.973204391117207e-15
26150.056 3.65191466071949e-15
26200.056 4.6275085912454595e-15
26250.056 2.6904515811295196e-14
26300.056 5.394764629355465e-15
26350.056 8.955535704713021e-14
26400.056 2.3201362099242096e-13
26450.056 7.665883671496657e-14
26500.056 2.716571834710587e-13
26550.056 2.1854397931466548e-14
26600.056 1.6104728875522813e-14
26650.056 3.723825672676627e-15
26700.056 3.806195520544914e-15
26750.056 5.7302198232788525e-15
26800.056 2.052573695659687e-14
26850.056 1.4177762254235598e-14
26900.056 5.3958622582629074e-14
26950.056 1.2612588857484236e-14
27000.056 6.599562423143288e-14
27050.056 1.428489331648932e-13
27100.056 7.69275332344853e-15
27150.056 9.790577953729651e-14
27200.056 8.513555424405528e-15
27250.056 2.676511483101818e-14
27300.056 3.894245019587e-13
27350.056 8.391816235977644e-14
27400.056 7.528807313479482e-15
27450.056 1.39183370122523e-13
27500.056 1.9759801717177718e-13
27550.056 3.125832429415462e-14
27600.056 1.0221911271004762e-13
27650.056 2.716314856657446e-14
27700.056 3.616664868809691e-14
27750.056 2.1224085936476357e-13
27800.056 6.977613638967429e-14
27850.056 1.7127519028360865e-13
27900.056 2.8744387504771147e-13
27950.056 4.1686751167021173e-13
28000.056 6.12569223747165e-13
28050.056 4.5932818197009444e-14
28100.056 8.746202823956793e-13
28150.056 5.996595683424312e-13
28200.056 9.455116935339225e-14
28250.056 1.2693268214283385e-12
28300.056 1.217344835300734e-12
28350.056 1.1528917803869477e-13
28400.056 7.515675867379655e-13
28450.056 1.3070917022045735e-12
28500.056 4.388013001849065e-13
28550.056 1.2242057734177676e-13
28600.056 1.438939147755182e-12
28650.056 3.759903799512569e-13
28700.056 1.3136483002197152e-12
28750.056 2.6652876884918224e-12
28800.056 4.361117849718603e-13
