galfind/configs/Brown_Dwarf_templates/sonora_bobcat/m-0.5/316g/sp_t1600g316nc_m-0.5_resample.dat
# %ECSV 1.0
# ---
# datatype:
# - {name: wav, unit: Angstrom, datatype: float64}
# - {name: flux_nu, unit: erg / (cm2 Hz s), datatype: float64}
# meta: {C/O: '1.00', Kzz: '1.0000E+05', Teff: '1600.', Y: '0.28', '[Fe/H]': '-0.50', f_hole: '1.00', f_rain: '0.00', grav: '316.'}
# schema: astropy-2.0
wav flux_nu
[from data line 501]
29050.056 8.48975087532023e-07
29100.056 6.643064603131104e-07
29150.056 9.232355401300727e-07
29200.056 7.644373664230607e-07
29250.056 8.803376627269707e-07
29300.056 6.922731530037969e-07
29350.056 1.072323978469888e-06
29400.056 8.320842995979229e-07
29450.056 8.4655606877598e-07
29500.056 8.707178115499229e-07
29550.056 8.577190197850222e-07
29600.056 9.4872161178977e-07
29650.056 8.705052674699454e-07
29700.056 8.197580384398766e-07
29750.056 9.592561031062154e-07
29800.056 9.994168500798649e-07
29850.056 9.314291796598811e-07
29900.056 8.889352865903302e-07
29950.056 1.0362028073398464e-06
30000.056 9.962404701788336e-07
30050.056 9.205489017499959e-07
30100.056 8.276093958797753e-07
30150.056 1.128929121109982e-06
30200.056 9.660039266900333e-07
30250.056 1.0211693967001416e-06
30300.056 9.246076303199519e-07
30350.056 9.360095029401079e-07
30400.056 1.0512271981900485e-06
30450.056 8.552495778101372e-07
30500.056 7.721609609000813e-07
30550.056 8.725565349001064e-07
30600.056 8.776867133000263e-07
30650.056 8.423918596999334e-07
30700.056 7.791029953799517e-07
30750.056 7.555377725999603e-07
30800.056 7.574308314601424e-07
30850.056 6.654868994998962e-07
30900.056 6.752270328799047e-07
30950.056 6.089620908200909e-07
31000.056 6.036170733100112e-07
31050.056 6.501178609700194e-07
31100.056 5.456486876699795e-07
31150.056 5.757463613299708e-07
31200.056 6.009444625200213e-07
31250.056 5.285154837999733e-07
31300.056 5.250473553459472e-07
31350.056 4.929319977500091e-07
31400.056 4.646366317000487e-07
31450.056 4.6702776508995385e-07
31500.056 4.4560137856992256e-07
31550.056 4.550964684239959e-07
31600.056 4.1972989710999e-07
31650.056 4.062924392630043e-07
31700.056 4.16931184519953e-07
31750.056 3.826486696320961e-07
31800.056 4.3012352350993544e-07
31850.056 3.893685382680479e-07
31900.056 4.3698962378001677e-07
31950.056 3.679907652320308e-07
32000.056 4.1232655700992515e-07
32050.056 4.2238922416902744e-07
32100.056 4.2315435570001783e-07
32150.056 4.5071203597996234e-07
32200.056 4.037324022689828e-07
32250.056 4.870020997400359e-07
32300.056 4.0550253035997454e-07
32350.056 5.108791162599915e-07
32400.056 4.135855691400018e-07
32450.056 5.124383255898647e-07
32500.056 4.994385651200785e-07
32550.056 5.154880945099909e-07
32600.056 5.227840045819885e-07
32650.056 5.945930777999758e-07
32700.056 5.808950658700558e-07
32750.056 6.040085493000063e-07
32800.056 5.978508837600494e-07
32850.056 6.255410114599337e-07
32900.056 6.651222646600016e-07
32950.056 6.456003798799731e-07
33000.056 6.154619598299214e-07
33050.056 5.557530254700281e-07
33100.056 4.809518271599775e-07
33150.056 3.1892716659803147e-07
33200.056 2.609607697899309e-07
33250.056 2.17935827389938e-07
33300.056 2.0813790140003017e-07
33350.056 2.367814625500034e-07
33400.056 2.6330382665997153e-07
33450.056 2.8920487387999737e-07
33500.056 3.383534706700345e-07
33550.056 3.682512799800509e-07
33600.056 4.1970887628999337e-07
33650.056 4.6690947832003356e-07
33700.056 4.625090950699705e-07
33750.056 5.588422466099904e-07
33800.056 5.461272825029553e-07
33850.056 6.06271128149971e-07
33900.056 5.621601389299843e-07
33950.056 5.618229253599826e-07
34000.056 6.06304181119971e-07
34050.056 5.304767321899137e-07
34100.056 6.23941439369955e-07
34150.056 5.593887456799406e-07
34200.056 5.111708334698919e-07
34250.056 5.612402359498912e-07
34300.056 4.928928995397634e-07
34350.056 4.851175533599961e-07
34400.056 4.664743862800234e-07
34450.056 5.297231183999807e-07
34500.056 5.369138885799736e-07
34550.056 4.903258368299993e-07
34600.056 5.708140352500003e-07
34650.056 5.426005993399579e-07
34700.056 5.363697814299662e-07
34750.056 5.8899305225001e-07
34800.056 5.368427222799369e-07
34850.056 5.347830226500099e-07
34900.056 5.862267686099693e-07
34950.056 5.507068345998949e-07
35000.056 6.549768573600624e-07
35050.056 5.530122697899764e-07
35100.056 5.903333671299785e-07
35150.056 6.311335864599865e-07
35200.056 6.189141059600672e-07
35250.056 6.76920749049955e-07
35300.056 6.135118500000618e-07
35350.056 5.985833763899225e-07
35400.056 6.568355167801198e-07
35450.056 5.316583858301759e-07
35500.056 6.991306814600372e-07
35550.056 6.911585070199618e-07
35600.056 6.506784540000958e-07
35650.056 7.296960061800068e-07
35700.056 6.56103889879998e-07
35750.056 6.997793037699034e-07
35800.056 8.548731883000422e-07
35850.056 7.023495930200082e-07
35900.056 8.444441255599622e-07
35950.056 8.249617341499879e-07
36000.056 8.290626056500881e-07
36050.056 8.725723477400248e-07
36100.056 8.823125946595778e-07
36150.056 9.062620499300955e-07
36200.056 1.00463185800998e-06
36250.056 9.419021751999598e-07
36300.056 1.0419817272800304e-06
36350.056 1.0122361745699083e-06
36400.056 1.025755648670043e-06
36450.056 1.13589854255998e-06
36500.056 1.103154897089926e-06
36550.056 1.1937895567202939e-06
36600.056 1.206725059760058e-06
36650.056 1.2153322517997963e-06
36700.056 1.332441436779931e-06
36750.056 1.3234359868001135e-06
36800.056 1.3715662709299344e-06
36850.056 1.4428365826998935e-06
36900.056 1.3932151116300667e-06
36950.056 1.5282617644399055e-06
37000.056 1.5357958404199262e-06
37050.056 1.5649868857999854e-06
37100.056 1.612371320150074e-06
37150.056 1.6110685708000102e-06
37200.056 1.685247380400006e-06
37250.056 1.7069447115599013e-06
37300.056 1.6545170986098705e-06
37350.056 1.6508596905002151e-06
37400.056 1.8465845773999534e-06
37450.056 1.7325794088601e-06
37500.056 1.8121792524999096e-06
37550.056 1.9054082760000177e-06
37600.056 1.9787287739000228e-06
37650.056 1.8638261900000286e-06
37700.056 2.0156086825000757e-06
37750.056 1.936874811800072e-06
37800.056 2.022104373900149e-06
37850.056 1.94262077179998e-06
37900.056 1.9937259470002425e-06
37950.056 1.9929457039999595e-06
38000.056 2.1176199996000746e-06
38050.056 2.0920035016001126e-06
38100.056 2.024257142000147e-06
38150.056 2.199761300099961e-06
38200.056 2.2059863962000572e-06
38250.056 2.0995048951001164e-06
38300.056 2.17804649629995e-06
38350.056 2.2454483118000338e-06
38400.056 2.1784551903998807e-06
38450.056 2.304731390800005e-06
38500.056 2.213958247100086e-06
38550.056 2.3107538051000947e-06
38600.056 2.4010599365999074e-06
38650.056 2.290365287099984e-06
38700.056 2.315574234700145e-06
38750.056 2.390720156200031e-06
38800.056 2.3264261041999816e-06
38850.056 2.3282416354000002e-06
38900.056 2.3056144880999817e-06
38950.056 2.413235033700001e-06
39000.056 2.386899868300045e-06
39050.056 2.4217979379999087e-06
39100.056 2.2907328159001826e-06
39150.056 2.414344087900058e-06
39200.056 2.4324772135999723e-06
39250.056 2.431761697899806e-06
39300.056 2.3991012028997895e-06
39350.056 2.4377826900001447e-06
39400.056 2.430277085700082e-06
39450.056 2.4468351005999508e-06
39500.056 2.3627836398999366e-06
39550.056 2.3738579623998733e-06
39600.056 2.5069854050998637e-06
39650.056 2.3855640965000292e-06
39700.056 2.401020380400018e-06
39750.056 2.377562773099962e-06
39800.056 2.315315922400005e-06
39850.056 2.424009389399937e-06
39900.056 2.3622894204000244e-06
39950.056 2.4390137278998567e-06
40000.056 2.300455601700013e-06
40050.056 2.265552363400036e-06
40100.056 2.3475755780999625e-06
40150.056 2.270529802499812e-06
40200.056 2.3346025598998807e-06
40250.056 2.176296887699557e-06
40300.056 2.1962494537501683e-06
40350.056 2.287494294100087e-06
40400.056 2.263702651400066e-06
40450.056 2.218636615000062e-06
40500.056 2.075091897700156e-06
40550.056 2.310138129199882e-06
40600.056 2.0269190957801342e-06
40650.056 2.1932135136999844e-06
40700.056 2.2992658118000158e-06
40750.056 2.066586893599517e-06
40800.056 2.0123802579699224e-06
40850.056 2.01141310878032e-06
40900.056 2.0173774507000504e-06
40950.056 2.0617919609799713e-06
41000.056 2.0820393671999454e-06
41050.056 2.074274459439789e-06
41100.056 1.9487905008999176e-06
41150.056 2.0448354934999576e-06
41200.056 2.005084754850047e-06
41250.056 1.998318707700064e-06
41300.056 1.7836905549997526e-06
41350.056 2.040174315700063e-06
41400.056 1.901256666500145e-06
41450.056 1.947464283190184e-06
41500.056 1.9528946897000495e-06
41550.056 1.9170204084800173e-06
41600.056 1.919362539300072e-06
41650.056 1.872479017520177e-06
41700.056 1.7789200701198467e-06
41750.056 1.8720746034699056e-06
41800.056 1.9939863970798887e-06
41850.056 1.596866662460195e-06
41900.056 1.9059005912998621e-06
41950.056 1.9028375380002141e-06
42000.056 1.853851322660271e-06
42050.056 1.6783516513997665e-06
42100.056 1.9429422323001728e-06
42150.056 1.5533774260698856e-06
42200.056 1.5832381816001015e-06
42250.056 1.836069663509928e-06
42300.056 1.6582227642500137e-06
42350.056 1.844105728760233e-06
42400.056 1.6714096291101654e-06
42450.056 1.5029654871300237e-06
42500.056 1.5558459720601183e-06
42550.056 1.5801249997699886e-06
42600.056 1.623556994510187e-06
42650.056 1.7010031282595656e-06
42700.056 1.671040994270094e-06
42750.056 1.550529812660017e-06
42800.056 1.6146754246802075e-06
42850.056 1.7335697702997417e-06
42900.056 1.7212282308500944e-06
42950.056 1.4680602172595633e-06
43000.056 1.5853688262600373e-06
43050.056 1.3671456092504767e-06
43100.056 1.4930369615999573e-06
43150.056 1.4691630606501538e-06
43200.056 1.4172650120600287e-06
43250.056 1.50653619618999e-06
43300.056 1.5269197859900445e-06
43350.056 1.3132519598797588e-06
43400.056 1.3805255177599475e-06
43450.056 1.3318504412401686e-06
43500.056 1.3401754214998771e-06
43550.056 1.345472735950005e-06
43600.056 1.4446539272800786e-06
43650.056 1.242443338099998e-06
43700.056 1.3304855214600042e-06
43750.056 1.3187427360201206e-06
43800.056 1.2302537960299646e-06
43850.056 1.2141694338801972e-06
43900.056 1.2714719956799135e-06
43950.056 1.1452366749699358e-06
44000.056 1.0634327699500294e-06
44050.056 1.101845113790035e-06
44100.056 1.1801429037301268e-06
44150.056 1.196284899809943e-06
44200.056 1.1124613500900518e-06
44250.056 1.0770261615899887e-06
44300.056 1.0400930298601084e-06
44350.056 1.0176075498600698e-06
44400.056 1.0524516064699475e-06
44450.056 1.0638363218700327e-06
44500.056 1.0435737381801212e-06
44550.056 9.999449549398696e-07
44600.056 9.746954422101056e-07
44650.056 1.0456758105100372e-06
44700.056 9.539302229600352e-07
44750.056 9.995902796699208e-07
44800.056 9.858952603299629e-07
44850.056 9.798098149300984e-07
44900.056 9.206903894600725e-07
44950.056 9.039168534500556e-07
45000.056 9.488631036499733e-07
45050.056 9.54174198689956e-07
45100.056 9.90790129960005e-07
45150.056 9.080901191099978e-07
45200.056 8.474075385000166e-07
45250.056 8.840773978099254e-07
45300.056 9.44755487030029e-07
45350.056 9.565857076599289e-07
45400.056 9.114394743100859e-07
45450.056 8.620733047898791e-07
45500.056 8.972557370299504e-07
45550.056 9.584512491999668e-07
45600.056 8.958085358399929e-07
45650.056 8.257412852898666e-07
45700.056 9.409862707800761e-07
45750.056 8.584442539900224e-07
45800.056 8.565119626999653e-07
45850.056 1.0033756415499646e-06
45900.056 9.72037572010024e-07
45950.056 8.592602727500024e-07
46000.056 9.923021141600291e-07
46050.056 9.954692842601878e-07
46100.056 8.5011884209005e-07
46150.056 9.181051972099407e-07
46200.056 9.540810516301822e-07
46250.056 8.263891495299901e-07
46300.056 1.0190381428199893e-06
46350.056 9.07618370719938e-07
46400.056 9.306805436099441e-07
46450.056 9.606236000900686e-07
46500.056 8.654549180399687e-07
46550.056 1.0362830991599998e-06
46600.056 9.820189560800495e-07
46650.056 1.1979057616698386e-06
46700.056 1.1341608739903475e-06
46750.056 9.232744848000124e-07
46800.056 9.717694164200927e-07
46850.056 1.0685699473501253e-06
46900.056 1.0038998639298654e-06
46950.056 1.1252030172599905e-06
47000.056 9.454209754700157e-07
47050.056 1.1265117374298894e-06
47100.056 8.712971005100718e-07
47150.056 9.691396514300629e-07
47200.056 1.0488808110901535e-06
47250.056 9.35412599919938e-07
47300.056 9.559965936198653e-07
47350.056 8.81132097179912e-07
47400.056 1.0480635875398797e-06
47450.056 9.156440668499649e-07
47500.056 1.0509142853599162e-06
47550.056 9.213325394699485e-07
47600.056 1.0408908422699137e-06
47650.056 8.198749226898651e-07
47700.056 1.0589468758700642e-06
47750.056 7.734370566201206e-07
47800.056 1.0324640054199425e-06
47850.056 8.008900872299328e-07
47900.056 1.0051173122600078e-06
47950.056 8.337291913300791e-07
48000.056 1.12922636096e-06
48050.056 8.979384762100874e-07
48100.056 9.831857178299857e-07
48150.056 8.868967158501153e-07
48200.056 1.0313111101900658e-06
48250.056 8.740890233400353e-07
48300.056 1.1184103401598529e-06
48350.056 8.077953195499458e-07
48400.056 9.69373486839971e-07
48450.056 8.496958744900383e-07
48500.056 1.1288900599100017e-06
48550.056 8.080757222699833e-07
48600.056 1.0636050562499448e-06
48650.056 8.467755280399714e-07
48700.056 1.0645378966900593e-06
48750.056 7.580200164400586e-07
48800.056 1.1287159119600376e-06
48850.056 8.105378042398413e-07
48900.056 1.091668519530077e-06
48950.056 9.48941407490012e-07
49000.056 9.059575245899334e-07
49050.056 1.036815305689971e-06
49100.056 9.28171547640057e-07
49150.056 9.840573706699503e-07
49200.056 9.227445717699704e-07
49250.056 9.90211035920037e-07
49300.056 8.697982752599381e-07
49350.056 9.144024233200027e-07
49400.056 1.0420258544200027e-06
49450.056 9.257349807401972e-07
49500.056 9.448532719000057e-07
49550.056 8.326031037399663e-07
49600.056 9.218256057201402e-07
49650.056 9.529846346699711e-07
49700.056 8.51512885039904e-07
49750.056 1.2088087598598846e-06
49800.056 9.093590481300185e-07
49850.056 1.1519834085900875e-06
49900.056 9.43947074670011e-07
49950.056 9.71743966699881e-07
50000.056 9.805624116798332e-07
50050.056 9.723165581800325e-07
50100.056 1.0542874735399458e-06
50150.056 8.700512743700098e-07
50200.056 8.11802180950063e-07
50250.056 9.974067931200067e-07
50300.056 9.125909769799705e-07
50350.056 1.1113757477299972e-06
50400.056 9.349334650299305e-07
50450.056 9.251434331901193e-07
50500.056 1.1343340635501126e-06
50550.056 9.653103434900046e-07
50600.056 1.0143162611699548e-06
50650.056 9.875825704501245e-07
50700.056 1.10205100449986e-06
50750.056 1.131839342730123e-06
50800.056 8.135163287398831e-07
50850.056 9.673726827901151e-07
50900.056 1.0833969037199487e-06
50950.056 1.0290627009401852e-06
51000.056 1.212314666090106e-06
51050.056 9.56625956120063e-07
51100.056 8.869165063799339e-07
51150.056 1.0313087548299576e-06
51200.056 1.0394912015799892e-06
51250.056 1.0640254098999982e-06
51300.056 8.808804822002311e-07
51350.056 1.0134440119099059e-06
51400.056 9.022543097098824e-07
51450.056 7.283613209898796e-07
51500.056 9.198953752700969e-07
51550.056 1.2013452105500972e-06
51600.056 8.544860682400456e-07
51650.056 9.84783171869882e-07
51700.056 9.72293439539761e-07
51750.056 8.779420258800255e-07
51800.056 1.0801852667197643e-06
51850.056 1.0322709240699042e-06
51900.056 1.1506927927501256e-06
51950.056 1.0378148988499314e-06
52000.056 8.277208327299713e-07
52050.056 1.0015246827199518e-06
52100.056 9.115358545399285e-07
52150.056 9.095271379300313e-07
52200.056 8.752370019600027e-07
52250.056 9.464040054700033e-07
52300.056 1.1088841814199663e-06
52350.056 1.0968010579800588e-06
52400.056 8.146351515101129e-07
52450.056 9.665778775300248e-07
52500.056 1.0841763911598393e-06
52550.056 1.0425745993298163e-06
52600.056 1.0039898621200924e-06
52650.056 1.0961439085901427e-06
52700.056 9.421371533200258e-07
52750.056 8.175887974599506e-07
52800.056 8.981745839500677e-07
52850.056 8.746546617698871e-07
52900.056 9.615382487000067e-07
52950.056 9.392002572299501e-07
53000.056 1.0892056355500004e-06
53050.056 8.964653456898089e-07
53100.056 9.191209169698904e-07
53150.056 1.1531712174900906e-06
53200.056 7.699132132700437e-07
53250.056 1.0845655231500116e-06
53300.056 1.073956057600372e-06
53350.056 1.0710860790899026e-06
53400.056 1.0311855733100535e-06
53450.056 8.937248671800337e-07
53500.056 7.325283626898839e-07
53550.056 9.392625900499281e-07
53600.056 1.0242724378201495e-06
53650.056 8.358049662600427e-07
53700.056 8.705477888601125e-07
53750.056 9.290982771700137e-07
