galfind/configs/Brown_Dwarf_templates/sonora_bobcat/m-0.5/316g/sp_t1300g316nc_m-0.5_resample.dat
# %ECSV 1.0
# ---
# datatype:
# - {name: wav, unit: Angstrom, datatype: float64}
# - {name: flux_nu, unit: erg / (cm2 Hz s), datatype: float64}
# meta: {C/O: '1.00', Kzz: '1.0000E+05', Teff: '1300.', Y: '0.28', '[Fe/H]': '-0.50', f_hole: '1.00', f_rain: '0.00', grav: '316.'}
# schema: astropy-2.0
wav flux_nu
[from data line 498]
28900.056 2.2490209263818723e-07
28950.056 4.00197255874969e-07
29000.056 3.274145500719272e-07
29050.056 3.6162283061101937e-07
29100.056 2.690614018340498e-07
29150.056 4.232424022630568e-07
29200.056 3.1839800253102417e-07
29250.056 3.9637101818130844e-07
29300.056 2.8022250632893507e-07
29350.056 5.271522248879428e-07
29400.056 3.599592773729642e-07
29450.056 3.784165172313733e-07
29500.056 3.919262607489839e-07
29550.056 3.8129001005300566e-07
29600.056 4.3114623292485207e-07
29650.056 3.973280572119656e-07
29700.056 3.5709905883291514e-07
29750.056 4.3096265336307986e-07
29800.056 4.5702555965892794e-07
29850.056 4.361760392809313e-07
29900.056 4.2267980546120447e-07
29950.056 4.740244149769031e-07
30000.056 4.2145057323696146e-07
30050.056 3.9053031902600273e-07
30100.056 3.745576540828902e-07
30150.056 5.043600172899899e-07
30200.056 4.094036314429989e-07
30250.056 4.801466088800648e-07
30300.056 4.13244039509998e-07
30350.056 4.002792144000305e-07
30400.056 4.4651761499299947e-07
30450.056 3.573360803780703e-07
30500.056 3.112560659130244e-07
30550.056 3.2861611051201867e-07
30600.056 3.4483686097299167e-07
30650.056 3.1217471139795393e-07
30700.056 2.974560400479757e-07
30750.056 2.805532652469671e-07
30800.056 2.6476177516005633e-07
30850.056 2.3522639956294295e-07
30900.056 2.4048287110995364e-07
30950.056 2.1064465247704086e-07
31000.056 1.994431561890094e-07
31050.056 2.243196342480161e-07
31100.056 1.768216484739902e-07
31150.056 1.8941069194198996e-07
31200.056 2.049562661820247e-07
31250.056 1.6346460539998162e-07
31300.056 1.663888387519798e-07
31350.056 1.5718649039100708e-07
31400.056 1.3833925465201113e-07
31450.056 1.439412017459768e-07
31500.056 1.283099679399707e-07
31550.056 1.3464059828899294e-07
31600.056 1.2039857707600095e-07
31650.056 1.1237129385000608e-07
31700.056 1.1732548414798056e-07
31750.056 1.0209674333543288e-07
31800.056 1.2103213238897775e-07
31850.056 1.0442943922441687e-07
31900.056 1.2080044017700554e-07
31950.056 9.171305231860787e-08
32000.056 1.1058687643748026e-07
32050.056 1.1298897412300579e-07
32100.056 1.1102928034401009e-07
32150.056 1.1920524178198757e-07
32200.056 1.0536422741649879e-07
32250.056 1.3124400804701476e-07
32300.056 1.0276544755019023e-07
32350.056 1.3670286986099417e-07
32400.056 1.0502010337899633e-07
32450.056 1.3447968514395557e-07
32500.056 1.2993148173602266e-07
32550.056 1.2976532458999284e-07
32600.056 1.3878229286879648e-07
32650.056 1.6596644794498092e-07
32700.056 1.5902895117802258e-07
32750.056 1.702252931130074e-07
32800.056 1.6707882766701546e-07
32850.056 1.7648962000798044e-07
32900.056 1.91722069624997e-07
32950.056 1.9106154852398977e-07
33000.056 1.741063708929627e-07
33050.056 1.5987185854803265e-07
33100.056 1.2042852024798912e-07
33150.056 6.552228948050858e-08
33200.056 5.420310166098457e-08
33250.056 4.171922347498862e-08
33300.056 4.23544969560085e-08
33350.056 5.3385491149001214e-08
33400.056 6.478487577498903e-08
33450.056 7.762906927299812e-08
33500.056 1.0064688962702042e-07
33550.056 1.067230545840214e-07
33600.056 1.3353013829199007e-07
33650.056 1.4827690625800915e-07
33700.056 1.3474880433598019e-07
33750.056 1.714380364379976e-07
33800.056 1.561045594649975e-07
33850.056 1.753324387669838e-07
33900.056 1.5108867489099435e-07
33950.056 1.5532824668398908e-07
34000.056 1.7408231929101334e-07
34050.056 1.3573813054497164e-07
34100.056 1.757249166109858e-07
34150.056 1.5232470824798195e-07
34200.056 1.4633939717595819e-07
34250.056 1.561921230099545e-07
34300.056 1.3791154503493224e-07
34350.056 1.3512787689200388e-07
34400.056 1.270029106279977e-07
34450.056 1.5327767892998545e-07
34500.056 1.4887879577099135e-07
34550.056 1.3138137120900106e-07
34600.056 1.693248924709987e-07
34650.056 1.4583649216898913e-07
34700.056 1.5301592976499022e-07
34750.056 1.6104928060797858e-07
34800.056 1.4789917531798323e-07
34850.056 1.5372406654201467e-07
34900.056 1.6557563181597745e-07
34950.056 1.6194359069096893e-07
35000.056 2.0349983841003204e-07
35050.056 1.57011455794995e-07
35100.056 1.7733370869099393e-07
35150.056 1.8448479906800696e-07
35200.056 1.8781746696200885e-07
35250.056 2.1449092209796322e-07
35300.056 1.8479795671102514e-07
35350.056 1.8213137973696795e-07
35400.056 2.003718640000412e-07
35450.056 1.575243210410563e-07
35500.056 2.2702336234801066e-07
35550.056 2.2003362896898888e-07
35600.056 2.074642602170487e-07
35650.056 2.2930106108400974e-07
35700.056 2.07660409181e-07
35750.056 2.3228062489597867e-07
35800.056 2.863066945100076e-07
35850.056 2.1744243575699622e-07
35900.056 2.714971643049932e-07
35950.056 2.6201382933297577e-07
36000.056 2.639994482100373e-07
36050.056 2.7080226020998593e-07
36100.056 2.700634665318659e-07
36150.056 2.845325394279928e-07
36200.056 3.0949192554998235e-07
36250.056 2.9062874371596524e-07
36300.056 3.2011041634101515e-07
36350.056 3.1437821589998153e-07
36400.056 3.1914753360000605e-07
36450.056 3.4856902359199096e-07
36500.056 3.5000621836796825e-07
36550.056 3.7975942350008257e-07
36600.056 3.9992537422001084e-07
36650.056 3.891606052939392e-07
36700.056 4.1387752341798224e-07
36750.056 4.417546764100611e-07
36800.056 4.4341243874998714e-07
36850.056 4.4522152463591685e-07
36900.056 4.420944718699877e-07
36950.056 5.031292615599745e-07
37000.056 4.912867358599804e-07
37050.056 4.994741533200109e-07
37100.056 5.263402450699692e-07
37150.056 5.015082606500529e-07
37200.056 5.482610211500052e-07
37250.056 5.451436591699303e-07
37300.056 5.108322879098802e-07
37350.056 5.358838292100545e-07
37400.056 6.44543368719989e-07
37450.056 5.802616141300239e-07
37500.056 5.794672747949701e-07
37550.056 6.572921924901379e-07
37600.056 6.903013288000331e-07
37650.056 6.065274307700279e-07
37700.056 7.041513932500607e-07
37750.056 6.304808889100436e-07
37800.056 6.712123272101908e-07
37850.056 6.207265116700144e-07
37900.056 6.52152763340157e-07
37950.056 6.70307944489929e-07
38000.056 7.544951423399999e-07
38050.056 7.419349603900859e-07
38100.056 7.3729360206007e-07
38150.056 7.974837766299699e-07
38200.056 8.129971884000875e-07
38250.056 7.8025801604001e-07
38300.056 8.766365102799286e-07
38350.056 8.9799837488006e-07
38400.056 7.825029662599161e-07
38450.056 8.446336067999448e-07
38500.056 7.787344921601177e-07
38550.056 8.988234971800664e-07
38600.056 8.898178146099423e-07
38650.056 9.040758464999669e-07
38700.056 9.461152969499956e-07
38750.056 9.677221353500063e-07
38800.056 8.957388039598427e-07
38850.056 9.323681470000275e-07
38900.056 9.858754177000255e-07
38950.056 9.594348716099942e-07
39000.056 1.001196611779987e-06
39050.056 9.933862531099564e-07
39100.056 9.657888711900995e-07
39150.056 1.0262078018000167e-06
39200.056 1.005973285309966e-06
39250.056 1.062739273069916e-06
39300.056 1.0183046759898389e-06
39350.056 1.0857481712500636e-06
39400.056 1.069321103680062e-06
39450.056 1.0737488844999816e-06
39500.056 1.0464830392100113e-06
39550.056 1.0623238536000557e-06
39600.056 1.120448312189828e-06
39650.056 1.1371522681400065e-06
39700.056 1.1143995320700552e-06
39750.056 1.0652525955300917e-06
39800.056 1.101705095579906e-06
39850.056 1.18389639509999e-06
39900.056 1.1559045879800087e-06
39950.056 1.1772231243798883e-06
40000.056 1.1943940828300687e-06
40050.056 1.1645093077800509e-06
40100.056 1.1440742619700193e-06
40150.056 1.1950313936899653e-06
40200.056 1.2183640406398667e-06
40250.056 1.1433862524697944e-06
40300.056 1.1663356131000806e-06
40350.056 1.1905623939700102e-06
40400.056 1.221214708320023e-06
40450.056 1.2074092299600712e-06
40500.056 1.1760428817800884e-06
40550.056 1.2621544997999375e-06
40600.056 1.1531081265800743e-06
40650.056 1.1962360392598986e-06
40700.056 1.3186872200499802e-06
40750.056 1.1735274606497746e-06
40800.056 1.1044520767797832e-06
40850.056 1.2232256456001687e-06
40900.056 1.1991182656399977e-06
40950.056 1.181489237999987e-06
41000.056 1.2040465844699928e-06
41050.056 1.2518614232799043e-06
41100.056 1.1485962423899247e-06
41150.056 1.1126772897299383e-06
41200.056 1.2109543813299957e-06
41250.056 1.1630642790299981e-06
41300.056 1.0612750635598362e-06
41350.056 1.2365101598900722e-06
41400.056 1.1550373548600937e-06
41450.056 1.1922936663301236e-06
41500.056 1.107571415779956e-06
41550.056 1.108376072390053e-06
41600.056 1.1678753600600534e-06
41650.056 1.1613547298300914e-06
41700.056 1.0814532484298698e-06
41750.056 1.1269085927499553e-06
41800.056 1.2577614401299522e-06
41850.056 9.366328256900648e-07
41900.056 1.1379213499998614e-06
41950.056 1.1725629015701159e-06
42000.056 1.1531684222201534e-06
42050.056 1.0194579670799074e-06
42100.056 1.252687182240123e-06
42150.056 9.7676263864e-07
42200.056 9.951102881399873e-07
42250.056 1.1155093001999246e-06
42300.056 1.0359774391099782e-06
42350.056 1.160732448070156e-06
42400.056 1.0749271320501175e-06
42450.056 9.562026389000158e-07
42500.056 9.824214003200296e-07
42550.056 9.675437636699854e-07
42600.056 1.0258544959501482e-06
42650.056 1.1535534209297771e-06
42700.056 1.0602981208599688e-06
42750.056 9.612534708300408e-07
42800.056 1.0280314335100732e-06
42850.056 1.1093670790898044e-06
42900.056 1.1308305796201172e-06
42950.056 9.22570889889727e-07
43000.056 1.0230524876800426e-06
43050.056 8.164214420403027e-07
43100.056 9.448623004399354e-07
43150.056 9.099271231600911e-07
43200.056 9.316536570199939e-07
43250.056 1.056328577020063e-06
43300.056 1.0534652689400109e-06
43350.056 8.404160959297766e-07
43400.056 9.347236693499559e-07
43450.056 8.723159426601333e-07
43500.056 8.935267216299508e-07
43550.056 9.019227249900228e-07
43600.056 1.018064673070074e-06
43650.056 8.401336823700145e-07
43700.056 9.802181254700583e-07
43750.056 9.477169162101105e-07
43800.056 8.934346105299045e-07
43850.056 8.416164590301686e-07
43900.056 9.168977198599153e-07
43950.056 7.688840585799091e-07
44000.056 7.117534739800222e-07
44050.056 8.419863070000208e-07
44100.056 9.284482248100871e-07
44150.056 9.220834985399435e-07
44200.056 8.535141273200275e-07
44250.056 7.694686498400014e-07
44300.056 7.319863722501099e-07
44350.056 7.521977261300837e-07
44400.056 7.60312786429966e-07
44450.056 7.983272023300066e-07
44500.056 7.997480931001382e-07
44550.056 8.276533202899225e-07
44600.056 7.682627843300731e-07
44650.056 8.147448003500615e-07
44700.056 6.996034370100031e-07
44750.056 7.743315334600031e-07
44800.056 7.617967332400124e-07
44850.056 7.918405952200975e-07
44900.056 7.024072368700643e-07
44950.056 7.252193449700429e-07
45000.056 7.537468889199842e-07
45050.056 7.552786411199916e-07
45100.056 7.824418723499991e-07
45150.056 7.411293024599841e-07
45200.056 6.681300703100316e-07
45250.056 7.141838229098896e-07
45300.056 7.220539623200438e-07
45350.056 7.193676965999143e-07
45400.056 7.560886320000606e-07
45450.056 7.186046314399122e-07
45500.056 7.275288362299773e-07
45550.056 7.958272136898999e-07
45600.056 7.649381837800209e-07
45650.056 6.743461697998827e-07
45700.056 7.243426696800782e-07
45750.056 6.840010048899906e-07
45800.056 7.34000177069992e-07
45850.056 8.212708374699814e-07
45900.056 8.133570145000274e-07
45950.056 7.011123714500087e-07
46000.056 8.032670266600403e-07
46050.056 7.742474823700776e-07
46100.056 7.463121048599915e-07
46150.056 7.243314078499509e-07
46200.056 7.400799450101363e-07
46250.056 6.385864447689457e-07
46300.056 7.873384193999598e-07
46350.056 7.251516703299936e-07
46400.056 7.50593333750001e-07
46450.056 7.428419965300427e-07
46500.056 6.956451461900652e-07
46550.056 7.436409369299978e-07
46600.056 7.586914168000013e-07
46650.056 9.273143697499368e-07
46700.056 8.312501527701192e-07
46750.056 6.785326601800411e-07
46800.056 6.574967011100595e-07
46850.056 8.645323033501122e-07
46900.056 8.082103309899074e-07
46950.056 8.669813447600067e-07
47000.056 7.500739258700339e-07
47050.056 8.30380711579843e-07
47100.056 6.414076419000744e-07
47150.056 7.28581297190066e-07
47200.056 8.134157598500613e-07
47250.056 7.033540693699665e-07
47300.056 6.496290819969505e-07
47350.056 7.526277027799553e-07
47400.056 8.267122514299303e-07
47450.056 7.440357995600266e-07
47500.056 8.272667509799485e-07
47550.056 7.388399134499797e-07
47600.056 7.89334036929923e-07
47650.056 6.7062219775987e-07
47700.056 7.91366367380133e-07
47750.056 5.908495458400389e-07
47800.056 7.27643569799991e-07
47850.056 5.758055193799583e-07
47900.056 7.064979786199413e-07
47950.056 6.782268682000247e-07
48000.056 8.673517667200343e-07
48050.056 7.4744936795004e-07
48100.056 6.783937172600039e-07
48150.056 6.912004489500679e-07
48200.056 7.401956867300144e-07
48250.056 6.70998645640009e-07
48300.056 8.560567299898701e-07
48350.056 6.083545404100117e-07
48400.056 6.049611018099376e-07
48450.056 6.732611701600952e-07
48500.056 8.293708714399417e-07
48550.056 6.397838250399943e-07
48600.056 7.722627094199953e-07
48650.056 6.907503892099646e-07
48700.056 7.662787965200112e-07
48750.056 5.441766573801301e-07
48800.056 8.528496063600223e-07
48850.056 6.099546655498738e-07
48900.056 8.351814496200222e-07
48950.056 7.014345167300444e-07
49000.056 5.798150603979347e-07
49050.056 7.801292970099597e-07
49100.056 7.267034356700768e-07
49150.056 7.234781651169825e-07
49200.056 7.44242005850028e-07
49250.056 7.562484769400697e-07
49300.056 6.759499839499703e-07
49350.056 5.986308817500601e-07
49400.056 7.322134600099518e-07
49450.056 6.985936447001808e-07
49500.056 6.488066623599828e-07
49550.056 5.266468553800118e-07
49600.056 6.436820963720995e-07
49650.056 6.617684733399653e-07
49700.056 6.201227562698737e-07
49750.056 8.203787045598835e-07
49800.056 6.563909016680177e-07
49850.056 8.30494150750106e-07
49900.056 7.027813520699927e-07
49950.056 6.735284395499343e-07
50000.056 6.853388947299415e-07
50050.056 7.362235708699757e-07
50100.056 7.123606188799854e-07
50150.056 5.666113721299942e-07
50200.056 4.4001638264003376e-07
50250.056 6.950535191899602e-07
50300.056 6.305464366399992e-07
50350.056 7.928445684100489e-07
50400.056 6.718678853599545e-07
50450.056 6.061225097800586e-07
50500.056 7.523328026100731e-07
50550.056 6.823680206000285e-07
50600.056 6.382983036599158e-07
50650.056 7.150525210601025e-07
50700.056 7.877077674798543e-07
50750.056 7.229120768200951e-07
50800.056 5.172794737899227e-07
50850.056 5.712552671200941e-07
50900.056 7.737951090099748e-07
50950.056 6.754797000701065e-07
51000.056 7.808708850400676e-07
51050.056 6.655357660200104e-07
51100.056 4.99725768299943e-07
51150.056 6.366722487419745e-07
51200.056 7.950880276599613e-07
51250.056 6.53953933539965e-07
51300.056 5.488500652201617e-07
51350.056 6.360312812099484e-07
51400.056 4.824986834699623e-07
51450.056 4.217497824939191e-07
51500.056 4.938800543820991e-07
51550.056 7.492979076300628e-07
51600.056 5.588570455120294e-07
51650.056 5.816018942799166e-07
51700.056 6.251847902618652e-07
51750.056 5.129765142800122e-07
51800.056 6.725443225598288e-07
51850.056 6.366014212299639e-07
51900.056 7.937867819100949e-07
51950.056 6.599495204899502e-07
52000.056 4.3076672183996907e-07
52050.056 6.028305885100066e-07
52100.056 5.085576033299838e-07
52150.056 4.864710277300156e-07
52200.056 4.853344158939782e-07
52250.056 5.591515386600232e-07
52300.056 7.431701965799559e-07
52350.056 6.449891839280176e-07
52400.056 4.6555690788305916e-07
52450.056 6.172715196200369e-07
52500.056 6.700785468698849e-07
52550.056 6.646982371398987e-07
52600.056 5.976574681200776e-07
52650.056 6.247786420401111e-07
52700.056 5.550186020100102e-07
52750.056 4.477496957999816e-07
52800.056 5.107965768100394e-07
52850.056 5.214215142698875e-07
52900.056 5.372372869299878e-07
52950.056 5.456485997599856e-07
53000.056 6.706907849900236e-07
53050.056 4.7200569252986114e-07
53100.056 5.430561392399432e-07
53150.056 7.308708849500358e-07
53200.056 4.1963791421099016e-07
53250.056 6.686290235400305e-07
53300.056 6.573680635902746e-07
53350.056 6.526827572399572e-07
53400.056 6.524681878800236e-07
53450.056 4.812221222100126e-07
53500.056 3.637294992299234e-07
53550.056 5.023569322199288e-07
53600.056 5.932340501601017e-07
