galfind/configs/Brown_Dwarf_templates/sonora_bobcat/m-0.5/316g/sp_t2400g316nc_m-0.5_resample.dat
# %ECSV 1.0
# ---
# datatype:
# - {name: wav, unit: Angstrom, datatype: float64}
# - {name: flux_nu, unit: erg / (cm2 Hz s), datatype: float64}
# meta: {C/O: '1.00', Kzz: '1.0000E+05', Teff: '2400.', Y: '0.28', '[Fe/H]': '-0.50', f_hole: '1.00', f_rain: '0.00', grav: '316.'}
# schema: astropy-2.0
wav flux_nu
[from data line 502]
29100.056 3.0172637380903092e-06
29150.056 3.7326151080000498e-06
29200.056 3.358345001820232e-06
29250.056 3.548326550459856e-06
29300.056 3.17666544023896e-06
29350.056 3.960334644899716e-06
29400.056 3.4523845774098517e-06
29450.056 3.3618633196999524e-06
29500.056 3.538200854479692e-06
29550.056 3.4643041421102926e-06
29600.056 3.690552154429949e-06
29650.056 3.493434576079935e-06
29700.056 3.3141232115998935e-06
29750.056 3.845341527160864e-06
29800.056 3.818262767239735e-06
29850.056 3.5911999771496464e-06
29900.056 3.336642993010849e-06
29950.056 3.9371805265194845e-06
30000.056 3.819772912099107e-06
30050.056 3.6360560289000966e-06
30100.056 3.129731115309316e-06
30150.056 4.302107261099874e-06
30200.056 3.943563327400209e-06
30250.056 3.7533261384004944e-06
30300.056 3.6860119914997845e-06
30350.056 3.7948945622006395e-06
30400.056 4.272430609500426e-06
30450.056 3.500751159700409e-06
30500.056 3.4519846376003585e-06
30550.056 4.2960057560004576e-06
30600.056 4.071676994800308e-06
30650.056 4.09682466390022e-06
30700.056 3.7869962973398583e-06
30750.056 3.788591837100044e-06
30800.056 4.418320747700907e-06
30850.056 3.910811450600018e-06
30900.056 3.817214217799827e-06
30950.056 3.7925863684802037e-06
31000.056 4.324968929799952e-06
31050.056 3.969252533500115e-06
31100.056 4.05066789500002e-06
31150.056 4.137212718699592e-06
31200.056 4.1373790111996005e-06
31250.056 4.5652822704006944e-06
31300.056 4.0600714172998e-06
31350.056 4.043657319220017e-06
31400.056 4.23034449370054e-06
31450.056 4.2258165781001795e-06
31500.056 4.328317531200328e-06
31550.056 3.997515818599917e-06
31600.056 4.207691957699872e-06
31650.056 4.392516547399782e-06
31700.056 4.3686286046999296e-06
31750.056 4.077575937699982e-06
31800.056 4.397670903900249e-06
31850.056 4.745490083999981e-06
31900.056 4.64027835599961e-06
31950.056 4.087167653199843e-06
32000.056 4.1983253071005755e-06
32050.056 4.64907347250046e-06
32100.056 4.735928086799634e-06
32150.056 4.69659028189991e-06
32200.056 4.519122531399998e-06
32250.056 4.373851132800113e-06
32300.056 4.628774053700043e-06
32350.056 4.9119704903006425e-06
32400.056 4.521606940499897e-06
32450.056 4.438320014200307e-06
32500.056 4.747560741000143e-06
32550.056 5.069012672900066e-06
32600.056 4.9670112278997e-06
32650.056 4.84672573940085e-06
32700.056 4.716800680200161e-06
32750.056 4.830129810299999e-06
32800.056 4.507276042300378e-06
32850.056 5.130363183499721e-06
32900.056 4.997898113700153e-06
32950.056 4.5673052916998425e-06
33000.056 4.877004714000212e-06
33050.056 4.9197387387995426e-06
33100.056 4.93834420969907e-06
33150.056 4.974102901100081e-06
33200.056 4.7780457299006256e-06
33250.056 5.065840012500476e-06
33300.056 5.403062218000237e-06
33350.056 5.090466732400044e-06
33400.056 4.737520107099578e-06
33450.056 5.022683747999033e-06
33500.056 5.133020389200136e-06
33550.056 4.974458863199499e-06
33600.056 5.084312260100524e-06
33650.056 5.1492538253007955e-06
33700.056 5.284253089899455e-06
33750.056 5.230682217100186e-06
33800.056 5.090504452100106e-06
33850.056 5.102144307700192e-06
33900.056 5.587786166999492e-06
33950.056 5.1298531937995e-06
34000.056 5.135571752399251e-06
34050.056 5.285451109600066e-06
34100.056 5.35265751340057e-06
34150.056 5.2864776776993895e-06
34200.056 5.146269038199539e-06
34250.056 5.584691576899414e-06
34300.056 5.291767390299681e-06
34350.056 5.401224367299653e-06
34400.056 5.2679968952996325e-06
34450.056 5.027728508700256e-06
34500.056 5.4357556899008325e-06
34550.056 5.237617776099808e-06
34600.056 5.322627849699806e-06
34650.056 5.417498755399999e-06
34700.056 5.330285476999381e-06
34750.056 5.595699951400244e-06
34800.056 5.550103192899728e-06
34850.056 5.223682610699886e-06
34900.056 5.45915112760021e-06
34950.056 5.391386177799349e-06
35000.056 5.26458665459958e-06
35050.056 5.820136736000625e-06
35100.056 5.540822336299429e-06
35150.056 5.537728442699634e-06
35200.056 5.524925760599863e-06
35250.056 5.227934529600517e-06
35300.056 5.566341860400416e-06
35350.056 5.694845001799784e-06
35400.056 5.438413992799671e-06
35450.056 5.431557633300179e-06
35500.056 5.691499629200069e-06
35550.056 5.552709199099821e-06
35600.056 5.397831421299255e-06
35650.056 5.7990413972005164e-06
35700.056 5.463818866200279e-06
35750.056 5.485368622499644e-06
35800.056 5.707169141799717e-06
35850.056 5.682364985199985e-06
35900.056 5.873482405299631e-06
35950.056 5.6719397568996045e-06
36000.056 5.387253985499501e-06
36050.056 5.843403077500237e-06
36100.056 6.007769211599842e-06
36150.056 5.4250250681004475e-06
36200.056 5.820348759199622e-06
36250.056 5.583769556499433e-06
36300.056 6.071474729700513e-06
36350.056 5.782881272599377e-06
36400.056 5.766750292199952e-06
36450.056 6.083265229199728e-06
36500.056 5.713951700000261e-06
36550.056 5.69316414140054e-06
36600.056 5.630915719400364e-06
36650.056 5.829229816500444e-06
36700.056 6.100975298600009e-06
36750.056 5.6030492806004934e-06
36800.056 5.821702302299815e-06
36850.056 5.966617591700028e-06
36900.056 5.903949124600543e-06
36950.056 5.895030295300064e-06
37000.056 5.9633069183999605e-06
37050.056 6.098618225699823e-06
37100.056 5.880847112500437e-06
37150.056 5.887183149699205e-06
37200.056 5.989550384500011e-06
37250.056 6.042908901200115e-06
37300.056 6.0807811528007465e-06
37350.056 5.789408414000489e-06
37400.056 6.020987771899881e-06
37450.056 5.926521019800227e-06
37500.056 6.160197392499754e-06
37550.056 5.98933664849928e-06
37600.056 6.204073530799564e-06
37650.056 5.862781286099717e-06
37700.056 6.0333134874000924e-06
37750.056 6.127070428799437e-06
37800.056 6.202697913099875e-06
37850.056 6.110043393099888e-06
37900.056 6.1404964230003254e-06
37950.056 6.165825021800228e-06
38000.056 6.142069595600421e-06
38050.056 6.111036877000341e-06
38100.056 5.96867146880019e-06
38150.056 6.231555654999604e-06
38200.056 6.274116425599598e-06
38250.056 5.99225100460046e-06
38300.056 5.943028663199967e-06
38350.056 6.108619709799996e-06
38400.056 6.184299532699865e-06
38450.056 6.214914510300335e-06
38500.056 6.076644231499823e-06
38550.056 6.128196159200339e-06
38600.056 6.450531679299858e-06
38650.056 5.92858021350012e-06
38700.056 5.973253346800622e-06
38750.056 6.2130269771999375e-06
38800.056 6.10108373410068e-06
38850.056 6.163814205000088e-06
38900.056 5.936694759299955e-06
38950.056 6.173157711299892e-06
39000.056 6.086969848200069e-06
39050.056 6.137794002899957e-06
39100.056 5.894030158600028e-06
39150.056 6.013855614400172e-06
39200.056 6.109483148700135e-06
39250.056 6.096975071499544e-06
39300.056 6.111037864399394e-06
39350.056 6.046344897800387e-06
39400.056 5.993836044200105e-06
39450.056 6.0388159655999355e-06
39500.056 5.927102558199866e-06
39550.056 5.843420023899239e-06
39600.056 6.173687758100125e-06
39650.056 5.7900526651001485e-06
39700.056 5.91296577049999e-06
39750.056 5.982993668999608e-06
39800.056 5.695035490600265e-06
39850.056 5.876166637799815e-06
39900.056 5.718309612499715e-06
39950.056 5.909095138099818e-06
40000.056 5.640043501299733e-06
40050.056 5.4117491661999405e-06
40100.056 5.670985172799861e-06
40150.056 5.409029711199204e-06
40200.056 5.614552461399846e-06
40250.056 5.481824947798831e-06
40300.056 5.309347468900371e-06
40350.056 5.4243826782999786e-06
40400.056 5.471762376800109e-06
40450.056 5.14215458110059e-06
40500.056 4.976588489500045e-06
40550.056 5.5119856759996595e-06
40600.056 5.036391929100311e-06
40650.056 5.292096645600677e-06
40700.056 5.474471104200129e-06
40750.056 4.965676815098956e-06
40800.056 4.9285245538003326e-06
40850.056 4.694032675900885e-06
40900.056 4.662453631700533e-06
40950.056 4.917556799199984e-06
41000.056 5.046367249100169e-06
41050.056 4.991775052199227e-06
41100.056 4.737433285800204e-06
41150.056 5.048781554100131e-06
41200.056 4.81772737590012e-06
41250.056 4.8886895550001675e-06
41300.056 4.433336954099692e-06
41350.056 4.9389913709001515e-06
41400.056 4.722114039000065e-06
41450.056 4.654021163900029e-06
41500.056 4.885725489500196e-06
41550.056 4.821589527700115e-06
41600.056 4.842357662300021e-06
41650.056 4.531749519800392e-06
41700.056 4.415012135899674e-06
41750.056 4.73094578860002e-06
41800.056 4.647602973699902e-06
41850.056 4.277040298700417e-06
41900.056 4.744972183099505e-06
41950.056 4.597529670400241e-06
42000.056 4.671487908100246e-06
42050.056 4.368323415999111e-06
42100.056 4.7249329120002476e-06
42150.056 4.235616481799701e-06
42200.056 4.291736317600099e-06
42250.056 4.710176636899943e-06
42300.056 4.47357126840005e-06
42350.056 4.7055240170006356e-06
42400.056 4.38228084710003e-06
42450.056 4.074490134200158e-06
42500.056 4.066523860100184e-06
42550.056 4.330324302499812e-06
42600.056 4.29109710880042e-06
42650.056 4.397169285699295e-06
42700.056 4.362837878800302e-06
42750.056 4.169382316900004e-06
42800.056 4.345178749999935e-06
42850.056 4.495488637799665e-06
42900.056 4.43915304110031e-06
42950.056 3.8436086660989206e-06
43000.056 4.148901509300111e-06
43050.056 3.878772548801091e-06
43100.056 4.024001749499525e-06
43150.056 4.113566954800717e-06
43200.056 3.8931309151998384e-06
43250.056 4.0619751501008944e-06
43300.056 4.012125274500109e-06
43350.056 3.7990427152993355e-06
43400.056 3.762649199199782e-06
43450.056 3.7522977455004773e-06
43500.056 3.68288400809938e-06
43550.056 3.6615940094999066e-06
43600.056 3.8500022935001375e-06
43650.056 3.505288263900149e-06
43700.056 3.578758748900232e-06
43750.056 3.578070654100023e-06
43800.056 3.415274055699843e-06
43850.056 3.4771682578004464e-06
43900.056 3.5453704885399327e-06
43950.056 3.3693052907400396e-06
44000.056 3.153376501200013e-06
44050.056 3.129841540000086e-06
44100.056 3.2685291929005334e-06
44150.056 3.4455913953998198e-06
44200.056 3.1494175468802593e-06
44250.056 3.129731551499791e-06
44300.056 3.0221136422005558e-06
44350.056 2.954342377800221e-06
44400.056 3.058399139199907e-06
44450.056 3.1948029686001792e-06
44500.056 3.116359847400414e-06
44550.056 2.8727328781794372e-06
44600.056 2.8851918278603576e-06
44650.056 3.105711887919861e-06
44700.056 2.8961463186002154e-06
44750.056 3.0266900970996417e-06
44800.056 2.9673195816699808e-06
44850.056 3.016447868400284e-06
44900.056 2.8671769539002706e-06
44950.056 2.6758814798001407e-06
45000.056 2.9122850974000025e-06
45050.056 2.8474327631996706e-06
45100.056 2.999386679599981e-06
45150.056 2.8287364240500424e-06
45200.056 2.626998547699862e-06
45250.056 2.721298996559738e-06
45300.056 2.8840667942000875e-06
45350.056 2.9188401824196444e-06
45400.056 2.7991612104402944e-06
45450.056 2.633177044359605e-06
45500.056 2.695027715199776e-06
45550.056 2.931771678599794e-06
45600.056 2.773326347499957e-06
45650.056 2.588148455499502e-06
45700.056 2.7794732465002974e-06
45750.056 2.671940047949953e-06
45800.056 2.6420327629999016e-06
45850.056 2.9993132201000116e-06
45900.056 2.867705889019959e-06
45950.056 2.6199156496599463e-06
46000.056 2.97144233542001e-06
46050.056 3.06706485490073e-06
46100.056 2.6147544197001365e-06
46150.056 2.6752397503898903e-06
46200.056 2.883587329990633e-06
46250.056 2.5245331353299707e-06
46300.056 3.053658281999988e-06
46350.056 2.6367188493897908e-06
46400.056 2.7914342226997343e-06
46450.056 2.7360707612004305e-06
46500.056 2.63414187636988e-06
46550.056 2.946141808899929e-06
46600.056 2.7804131951999356e-06
46650.056 3.208167632519877e-06
46700.056 3.1073650427408863e-06
46750.056 2.66646229822003e-06
46800.056 2.8572941116004287e-06
46850.056 2.9288163000500894e-06
46900.056 2.831879910999578e-06
46950.056 3.1468019349701108e-06
47000.056 2.834683597700041e-06
47050.056 2.9986132286998136e-06
47100.056 2.66241489480003e-06
47150.056 2.905598656700315e-06
47200.056 2.8492153479406865e-06
47250.056 2.798540932199506e-06
47300.056 2.9372042409194057e-06
47350.056 2.5574074655196676e-06
47400.056 2.8991646121995187e-06
47450.056 2.950472045459932e-06
47500.056 2.812717780499549e-06
47550.056 2.7899826940996798e-06
47600.056 2.9852483789998006e-06
47650.056 2.4008433320395124e-06
47700.056 2.995916736099907e-06
47750.056 2.3259709151105885e-06
47800.056 2.9525034977998295e-06
47850.056 2.3922365314394375e-06
47900.056 3.0239299723000676e-06
47950.056 2.4282542092805055e-06
48000.056 3.186951321500045e-06
48050.056 2.5555902086203608e-06
48100.056 2.7600455327999653e-06
48150.056 2.5261386247802408e-06
48200.056 3.007993531600434e-06
48250.056 2.566510960399993e-06
48300.056 3.1509557656998677e-06
48350.056 2.3132973021994755e-06
48400.056 2.8991490536099313e-06
48450.056 2.547843257920134e-06
48500.056 3.138541604000007e-06
48550.056 2.346525880119957e-06
48600.056 3.057188020999767e-06
48650.056 2.3854143253399743e-06
48700.056 2.9117195408000846e-06
48750.056 2.185772567980234e-06
48800.056 3.0605231394001743e-06
48850.056 2.348874153319584e-06
48900.056 2.9831677116001757e-06
48950.056 2.6691507556001224e-06
49000.056 2.680903206619933e-06
49050.056 2.8032815579998362e-06
49100.056 2.63752700438011e-06
49150.056 2.634557979899929e-06
49200.056 2.685648570929872e-06
49250.056 2.635290241850105e-06
49300.056 2.451544747399656e-06
49350.056 2.5339402481998925e-06
49400.056 2.897022798100242e-06
49450.056 2.5547837949505323e-06
49500.056 2.583022939100317e-06
49550.056 2.4163053625998503e-06
49600.056 2.4946203847303042e-06
49650.056 2.593029712200219e-06
49700.056 2.2866657706797797e-06
49750.056 3.1572614814996437e-06
49800.056 2.538954912100045e-06
49850.056 2.9925971592200828e-06
49900.056 2.5107159647000514e-06
49950.056 2.593103533799556e-06
50000.056 2.5363824487394494e-06
50050.056 2.618128444700092e-06
50100.056 2.706247071499869e-06
50150.056 2.4510245287999675e-06
50200.056 2.314617961500161e-06
50250.056 2.4746604653502145e-06
50300.056 2.385885964679752e-06
50350.056 2.700857201729929e-06
50400.056 2.5007957934999635e-06
50450.056 2.417189472560247e-06
50500.056 2.9873979435003058e-06
50550.056 2.506048454699862e-06
50600.056 2.628248548500131e-06
50650.056 2.5166878638004733e-06
50700.056 2.7538802621995688e-06
50750.056 2.771989535200246e-06
50800.056 2.2106068765597846e-06
50850.056 2.554880918300253e-06
50900.056 2.5749909106999107e-06
50950.056 2.624182494500431e-06
51000.056 2.932083025400266e-06
51050.056 2.4325338030402886e-06
51100.056 2.40761773929989e-06
51150.056 2.694670494480066e-06
51200.056 2.4503985148599233e-06
51250.056 2.713248719000113e-06
51300.056 2.3651270042705353e-06
51350.056 2.6336770296999057e-06
51400.056 2.57863727859946e-06
51450.056 1.975769138849714e-06
51500.056 2.6191261512200716e-06
51550.056 2.9809395997002018e-06
51600.056 2.143140838819947e-06
51650.056 2.6039954581997086e-06
51700.056 2.3728496182993175e-06
51750.056 2.3416079026000807e-06
51800.056 2.6697441220996494e-06
51850.056 2.6022632007997376e-06
51900.056 2.747772374800248e-06
51950.056 2.5089227384997748e-06
52000.056 2.2687160638000107e-06
52050.056 2.628362076919808e-06
52100.056 2.5282690151996532e-06
52150.056 2.5325694164802225e-06
52200.056 2.4418084677801186e-06
52250.056 2.425276969699949e-06
52300.056 2.5546310788999542e-06
52350.056 2.744390772020204e-06
52400.056 2.169929682270137e-06
52450.056 2.4245877841000454e-06
52500.056 2.640395812899459e-06
52550.056 2.4568192970995327e-06
52600.056 2.558429500200079e-06
52650.056 2.8024913146003866e-06
52700.056 2.4332247934000815e-06
52750.056 2.1643594014998574e-06
52800.056 2.346216615700137e-06
52850.056 2.245800497099983e-06
52900.056 2.551561998000135e-06
52950.056 2.3780228814997247e-06
53000.056 2.6414230199897364e-06
53050.056 2.527954824349637e-06
53100.056 2.2920899867996787e-06
53150.056 2.6983085218003893e-06
53200.056 2.068058600000338e-06
53250.056 2.6656396120999737e-06
53300.056 2.624509461000617e-06
53350.056 2.6612505022997256e-06
53400.056 2.3951362910001467e-06
53450.056 2.3507129823500593e-06
53500.056 2.10175663290972e-06
53550.056 2.5720609529999653e-06
53600.056 2.5856782066003393e-06
53650.056 2.2281214879203483e-06
53700.056 2.3200270656404323e-06
53750.056 2.589745436199851e-06
53800.056 2.4878158100002936e-06
