galfind/configs/Brown_Dwarf_templates/sonora_bobcat/m-0.5/316g/sp_t375g316nc_m-0.5_resample.dat
# %ECSV 1.0
# ---
# datatype:
# - {name: wav, unit: Angstrom, datatype: float64}
# - {name: flux_nu, unit: erg / (cm2 Hz s), datatype: float64}
# meta: {C/O: '1.00', Kzz: '1.0000E+05', Teff: '375.', Y: '0.28', '[Fe/H]': '-0.50', f_hole: '1.00', f_rain: '0.00', grav: '316.'}
# schema: astropy-2.0
wav flux_nu
[from data line 500]
29000.056 3.395624961517512e-11
29050.056 6.306392141082864e-11
29100.056 2.3296277842632798e-11
29150.056 3.8059300187527136e-11
29200.056 1.1457431015723702e-10
29250.056 9.08291094869032e-11
29300.056 5.883568688648608e-11
29350.056 1.6149432260460516e-10
29400.056 6.640276912276025e-11
29450.056 2.788939000127778e-11
29500.056 1.8069546234381947e-10
29550.056 5.156816326905795e-11
29600.056 6.43579488447258e-11
29650.056 2.807118633006807e-10
29700.056 3.762215864141956e-11
29750.056 1.6525035185430547e-10
29800.056 9.439529034058076e-11
29850.056 2.5947139683084346e-10
29900.056 9.954654655031981e-11
29950.056 1.0443603629555812e-10
30000.056 1.4329390362577884e-12
30050.056 1.5520623844122105e-11
30100.056 6.807489231909114e-11
30150.056 2.432270453041807e-10
30200.056 1.521560777340567e-10
30250.056 2.7385945683994703e-10
30300.056 3.382412678253817e-10
30350.056 6.182233077167474e-11
30400.056 3.911993371162033e-10
30450.056 2.9694274670038704e-10
30500.056 1.371162848149459e-10
30550.056 1.1006800781041067e-10
30600.056 1.3279745637146456e-09
30650.056 5.075259729527388e-10
30700.056 2.3686720166737393e-10
30750.056 5.114589685784602e-10
30800.056 5.535537912364167e-10
30850.056 5.818476909331779e-10
30900.056 2.991551369703844e-10
30950.056 2.1114630876835843e-10
31000.056 3.0026851079591377e-10
31050.056 1.8332850993348815e-10
31100.056 1.0087863049251074e-10
31150.056 2.117247597232072e-10
31200.056 7.965709942999206e-10
31250.056 2.8352435365181294e-10
31300.056 1.5981666950128296e-10
31350.056 5.43902018700158e-10
31400.056 3.1181513930478057e-10
31450.056 3.4164665827481615e-10
31500.056 1.0403825841827758e-10
31550.056 2.291919048551058e-10
31600.056 1.6300676595434728e-10
31650.056 1.215535652266248e-10
31700.056 1.038132071682355e-10
31750.056 4.4165424493453485e-11
31800.056 9.638440475411219e-11
31850.056 1.6135421885016168e-11
31900.056 4.3272089558267537e-11
31950.056 2.059690227760011e-11
32000.056 1.4667023789812134e-11
32050.056 1.7824294817867926e-11
32100.056 1.4379527003405764e-11
32150.056 1.4030801902667284e-11
32200.056 6.271478897687348e-12
32250.056 1.510830511911378e-11
32300.056 4.0428554918127766e-12
32350.056 1.6282742161840673e-11
32400.056 1.6399310942905358e-12
32450.056 1.044697524710103e-11
32500.056 1.7411141430456422e-12
32550.056 1.1242674725541808e-11
32600.056 1.6163668099497756e-12
32650.056 2.223828411336851e-11
32700.056 2.792036088027432e-12
32750.056 5.94732825951229e-11
32800.056 2.8408169740046093e-11
32850.056 1.3600257179533753e-10
32900.056 1.129400100752553e-10
32950.056 1.1805935418733206e-10
33000.056 2.8701081538927054e-11
33050.056 2.817755001537355e-11
33100.056 4.618418835288412e-12
33150.056 2.159417961354917e-15
33200.056 1.8638051746478434e-13
33250.056 4.307637588227285e-13
33300.056 7.770021498844386e-12
33350.056 1.8837307435755098e-11
33400.056 7.498086729928322e-11
33450.056 1.9809776868658105e-11
33500.056 1.0718714371183064e-10
33550.056 1.5679187261171373e-11
33600.056 4.311995993028717e-11
33650.056 4.691693543268332e-11
33700.056 9.030109887924813e-12
33750.056 5.9985571679048e-11
33800.056 3.2993108612099243e-12
33850.056 2.6965197653901242e-11
33900.056 2.7589979957351666e-11
33950.056 2.5814376601229248e-11
34000.056 6.447989073061696e-11
34050.056 9.360890075936082e-12
34100.056 6.563190342724269e-11
34150.056 1.8335642483801225e-11
34200.056 7.552113233175933e-11
34250.056 3.509403299362203e-11
34300.056 4.148723383839262e-11
34350.056 1.5948986026034146e-10
34400.056 2.5139872624281765e-11
34450.056 1.3362914700750334e-10
34500.056 5.0330517175502216e-11
34550.056 7.209955298720661e-11
34600.056 3.5373726822217757e-10
34650.056 2.4327465072778596e-11
34700.056 2.246378589590774e-10
34750.056 1.0607162097155648e-10
34800.056 7.107268921893426e-11
34850.056 3.446620127022059e-10
34900.056 3.693152583545577e-11
34950.056 3.855081380104755e-10
35000.056 4.749908723599197e-10
35050.056 3.068129470355939e-10
35100.056 7.663372565660193e-10
35150.056 6.273929212657091e-10
35200.056 4.834164178468555e-10
35250.056 9.68082412375874e-10
35300.056 2.11057254486656e-10
35350.056 2.8609635272172836e-10
35400.056 1.916067899635195e-10
35450.056 1.7167161463268613e-10
35500.056 7.496927847979983e-10
35550.056 4.225742374770025e-10
35600.056 7.151959868629263e-10
35650.056 8.464596229761329e-10
35700.056 8.682545641061456e-10
35750.056 1.234057022280676e-09
35800.056 5.372174447578215e-10
35850.056 2.8991620258582946e-10
35900.056 4.3720321621276403e-10
35950.056 8.111709161794539e-10
36000.056 8.891862833101034e-10
36050.056 6.148236907996164e-10
36100.056 5.651027447223582e-10
36150.056 1.9248750197788444e-09
36200.056 1.822398543101955e-09
36250.056 9.73921122993479e-10
36300.056 2.855580692826143e-09
36350.056 1.6236682754451552e-09
36400.056 2.629616878720848e-09
36450.056 1.7887868816252165e-09
36500.056 1.9309834149049622e-09
36550.056 4.1967055473248705e-09
36600.056 4.775387460799234e-09
36650.056 2.4032419210051257e-09
36700.056 2.8249619574200255e-09
36750.056 4.576753964401333e-09
36800.056 5.313550506579026e-09
36850.056 2.3852149061396044e-09
36900.056 3.2132327421217177e-09
36950.056 5.720027550143989e-09
37000.056 3.5697841278756216e-09
37050.056 5.877979268830441e-09
37100.056 2.080396723087339e-09
37150.056 3.6265895345403453e-09
37200.056 7.830735263099662e-09
37250.056 3.6039499580051042e-09
37300.056 2.205212915438117e-09
37350.056 4.425091755446107e-09
37400.056 7.351570323633351e-09
37450.056 2.6809101677488533e-09
37500.056 3.5068147031529863e-09
37550.056 9.608788581342163e-09
37600.056 1.491750066270028e-08
37650.056 3.3254984492574144e-09
37700.056 6.809782785821041e-09
37750.056 5.038454833758137e-09
37800.056 5.419748468071108e-09
37850.056 2.8697943067699013e-09
37900.056 3.2973872549839368e-09
37950.056 5.9466930468301355e-09
38000.056 5.218396044873062e-09
38050.056 8.619445624981438e-09
38100.056 1.2178543527671603e-08
38150.056 1.375464032955881e-08
38200.056 8.753211011547607e-09
38250.056 1.2168231362645665e-08
38300.056 2.0747450790836075e-08
38350.056 1.5703472438983997e-08
38400.056 6.047431397693021e-09
38450.056 2.35870566713421e-09
38500.056 2.1156631974784453e-09
38550.056 8.204226890901021e-09
38600.056 9.644236944598235e-09
38650.056 9.519530302679304e-09
38700.056 8.501458694657843e-09
38750.056 8.948681384219525e-09
38800.056 8.626651294580211e-09
38850.056 1.0383353722001005e-08
38900.056 1.2117288841737404e-08
38950.056 7.329916753691105e-09
39000.056 1.2209416757777518e-08
39050.056 6.490907200993635e-09
39100.056 1.0033204582628107e-08
39150.056 1.587183386859968e-08
39200.056 1.1398903566299617e-08
39250.056 1.4759984593920416e-08
39300.056 1.0937629952870084e-08
39350.056 2.049153260530007e-08
39400.056 1.1590598179534748e-08
39450.056 1.7723340913611198e-08
39500.056 1.9930811095899463e-08
39550.056 8.463043784481091e-09
39600.056 1.5288849822041955e-08
39650.056 2.449291261799937e-08
39700.056 2.1583345146201582e-08
39750.056 8.41854659515179e-09
39800.056 8.89583163056057e-09
39850.056 2.510877290900169e-08
39900.056 2.7946464055001125e-08
39950.056 1.2378197653100196e-08
40000.056 2.120113694919976e-08
40050.056 2.351893104379906e-08
40100.056 6.736951104762333e-09
40150.056 1.9797881941001285e-08
40200.056 2.3368419695997995e-08
40250.056 2.6289989341996063e-08
40300.056 2.6390986751002992e-08
40350.056 1.3077125998186432e-08
40400.056 2.0005490213078153e-08
40450.056 9.524561670399491e-09
40500.056 2.4519260746399368e-08
40550.056 2.6008246086595536e-08
40600.056 2.6077027941999533e-08
40650.056 1.8364783091969143e-08
40700.056 3.337636866059901e-08
40750.056 2.3770252875497977e-08
40800.056 1.3696665411997518e-08
40850.056 3.686588451600409e-08
40900.056 3.505419633999725e-08
40950.056 2.4307594452541495e-08
41000.056 2.1843782303798802e-08
41050.056 4.0112854828999665e-08
41100.056 3.4682468875397635e-08
41150.056 1.1991352462959235e-08
41200.056 3.6700369610003866e-08
41250.056 3.359876944669447e-08
41300.056 3.704649259700339e-08
41350.056 4.600880261299982e-08
41400.056 3.5760718392999214e-08
41450.056 4.5035228589999925e-08
41500.056 2.6863593910135076e-08
41550.056 2.5199404442505234e-08
41600.056 2.7366521276649274e-08
41650.056 4.071232351100325e-08
41700.056 5.2253196014996666e-08
41750.056 4.053875816999996e-08
41800.056 4.4018894985000914e-08
41850.056 3.565843023669691e-08
41900.056 2.9620708364092835e-08
41950.056 3.1338823644498694e-08
42000.056 1.7770881014060604e-08
42050.056 2.1471542619763246e-08
42100.056 2.8908166662798027e-08
42150.056 3.071008596499849e-08
42200.056 3.3307581184998e-08
42250.056 2.818597803060346e-08
42300.056 2.462122986839842e-08
42350.056 3.940992788000101e-08
42400.056 4.572069124200225e-08
42450.056 4.5807519783002846e-08
42500.056 4.854736808799888e-08
42550.056 4.3192574439998734e-08
42600.056 3.8694546028007413e-08
42650.056 5.3697873563995675e-08
42700.056 2.895705884639455e-08
42750.056 3.867972313200519e-08
42800.056 5.462291647900089e-08
42850.056 5.6984749013994897e-08
42900.056 5.6231826295002816e-08
42950.056 4.529768198800071e-08
43000.056 5.239524327399889e-08
43050.056 2.8933925494000503e-08
43100.056 4.6973623716999655e-08
43150.056 4.199296075100029e-08
43200.056 5.144347657900172e-08
43250.056 6.792574787000128e-08
43300.056 6.061637353799891e-08
43350.056 3.64834257839978e-08
43400.056 5.185213924800166e-08
43450.056 3.8406045851001255e-08
43500.056 3.6633615559001996e-08
43550.056 3.779817072940163e-08
43600.056 5.932988836800061e-08
43650.056 3.446188663839768e-08
43700.056 5.912063595600775e-08
43750.056 6.229287307999733e-08
43800.056 5.320406881499857e-08
43850.056 4.945990419800519e-08
43900.056 3.9375697816998966e-08
43950.056 3.027161642599843e-08
44000.056 2.896570398199964e-08
44050.056 5.882020121000378e-08
44100.056 7.28786592660011e-08
44150.056 6.663962899499798e-08
44200.056 6.495514511200117e-08
44250.056 4.127793783399787e-08
44300.056 2.8431264848001096e-08
44350.056 3.099596022700174e-08
44400.056 3.3005339630998976e-08
44450.056 5.223992065900397e-08
44500.056 4.527037824100266e-08
44550.056 6.190570689000017e-08
44600.056 4.8585818651400945e-08
44650.056 5.226655517399765e-08
44700.056 3.7523940188995834e-08
44750.056 4.908253578300467e-08
44800.056 3.49043350928012e-08
44850.056 4.994590400100165e-08
44900.056 4.5440938859998735e-08
44950.056 5.171187945500339e-08
45000.056 5.889628656500005e-08
45050.056 5.366847528999608e-08
45100.056 4.9304124246003576e-08
45150.056 4.551268985899834e-08
45200.056 3.126048336230114e-08
45250.056 3.764589123299615e-08
45300.056 3.709637227600289e-08
45350.056 2.6593667852402656e-08
45400.056 6.536737767200223e-08
45450.056 5.596978561700553e-08
45500.056 6.185973826600158e-08
45550.056 6.626327884299366e-08
45600.056 6.108873526900209e-08
45650.056 5.486688307399646e-08
45700.056 3.30736720109975e-08
45750.056 2.8952512222102284e-08
45800.056 6.381950986400176e-08
45850.056 5.237787001920216e-08
45900.056 6.569687832099903e-08
45950.056 6.26974751269968e-08
46000.056 6.296307996500383e-08
46050.056 5.3220257596002956e-08
46100.056 6.937613191899739e-08
46150.056 4.613407026399999e-08
46200.056 3.658950311349603e-08
46250.056 1.439226912066939e-08
46300.056 4.4649455101002685e-08
46350.056 4.9455250694004007e-08
46400.056 4.987213323400092e-08
46450.056 4.18680895905968e-08
46500.056 4.818238351000412e-08
46550.056 2.8989785954198147e-08
46600.056 3.126299990327663e-08
46650.056 4.8600886743002256e-08
46700.056 3.743357165499593e-08
46750.056 1.5793737659702242e-08
46800.056 1.0252817791998704e-08
46850.056 4.337753238700543e-08
46900.056 5.504152741799849e-08
46950.056 5.4619033211998604e-08
47000.056 5.522519824300228e-08
47050.056 3.6993272881391006e-08
47100.056 3.049331209900056e-08
47150.056 4.418673890600463e-08
47200.056 4.937024840899849e-08
47250.056 2.2211276426795833e-08
47300.056 1.5701228783644257e-08
47350.056 4.9560842866002686e-08
47400.056 5.306123641199879e-08
47450.056 3.433677475430265e-08
47500.056 5.720916825600115e-08
47550.056 5.0525064702000735e-08
47600.056 4.0737664798096356e-08
47650.056 4.777182842239756e-08
47700.056 3.8916873556805254e-08
47750.056 2.987298898999981e-08
47800.056 2.1785580963200964e-08
47850.056 8.27355752139138e-09
47900.056 1.4831897974599984e-08
47950.056 4.132421464100262e-08
48000.056 5.079431047899717e-08
48050.056 3.9776247826399014e-08
48100.056 1.9772986373940555e-08
48150.056 3.620380305400176e-08
48200.056 2.4027411939337505e-08
48250.056 3.635339257100054e-08
48300.056 4.8280175023999996e-08
48350.056 3.075658593199644e-08
48400.056 5.867595865116363e-09
48450.056 1.2460810047928028e-08
48500.056 2.525610405259563e-08
48550.056 2.9242484568245387e-08
48600.056 4.6872074824000574e-08
48650.056 5.405754810999904e-08
48700.056 4.051313549600305e-08
48750.056 3.11774934760011e-08
48800.056 4.467855997500146e-08
48850.056 2.2747233129356804e-08
48900.056 2.4155239633917417e-08
48950.056 1.3367174724699255e-08
49000.056 7.958462989420004e-09
49050.056 2.5797961768397225e-08
49100.056 3.4414811752095096e-08
49150.056 2.8443948020099562e-08
49200.056 4.554498296800282e-08
49250.056 4.77429190750001e-08
49300.056 3.964001389899753e-08
49350.056 1.6355759395542447e-08
49400.056 2.216994873651577e-08
49450.056 1.7889487044383814e-08
49500.056 1.4705632446157328e-08
49550.056 2.2835746091629907e-09
49600.056 7.227030847501385e-09
49650.056 2.4120963054001963e-08
49700.056 3.110017728299794e-08
49750.056 2.4649527706098332e-08
49800.056 1.3919991253445976e-08
49850.056 3.424467797100315e-08
49900.056 3.6513896799999516e-08
49950.056 3.3331459638998763e-08
50000.056 2.084514355345696e-08
50050.056 2.449597874480296e-08
50100.056 2.183584197099885e-08
50150.056 8.091327009188413e-09
50200.056 9.88811515613514e-10
50250.056 7.730009378599964e-09
50300.056 5.34531942723416e-09
50350.056 2.381720593000251e-08
50400.056 2.9975867489998796e-08
50450.056 2.2892524408000536e-08
50500.056 3.446385625800152e-08
50550.056 3.646725957800051e-08
50600.056 2.3408326565894108e-08
50650.056 3.546118796300365e-08
50700.056 3.448181456099915e-08
50750.056 2.0033660936799322e-08
50800.056 5.4539082627007504e-09
50850.056 2.224365166409183e-09
50900.056 1.9168225997802008e-08
50950.056 2.2445956317998202e-08
51000.056 1.4705677717350614e-08
51050.056 2.5006350747996844e-08
51100.056 9.571089550360301e-09
51150.056 7.836855804051926e-09
51200.056 2.9496235266000603e-08
51250.056 2.419662996309677e-08
51300.056 1.494415729180119e-08
51350.056 1.23020723502077e-08
51400.056 2.906658904112683e-09
51450.056 2.4774076136502173e-09
51500.056 2.267704476860917e-09
51550.056 1.135119294740203e-08
51600.056 1.3379489396101455e-08
51650.056 1.920229525649957e-08
51700.056 1.624560214968395e-08
51750.056 1.202976505847752e-08
51800.056 2.4098717053999305e-08
51850.056 1.8253434397899144e-08
51900.056 1.7853979087000497e-08
51950.056 8.54746728279839e-09
52000.056 5.576026900817594e-10
52050.056 4.193436239000424e-09
52100.056 1.9624474522594935e-09
52150.056 1.008554822766792e-09
52200.056 5.293582749699893e-09
52250.056 1.0276857859921616e-08
52300.056 1.16741451963991e-08
52350.056 2.2624730957465294e-09
52400.056 2.7094827477020266e-09
52450.056 1.4150318709101673e-08
52500.056 1.0184007812221807e-08
52550.056 1.490669597769879e-08
52600.056 1.2457295348681444e-08
52650.056 1.5746224534099913e-08
52700.056 8.516104314979596e-09
52750.056 2.4824758021190173e-09
52800.056 5.346266273211069e-09
52850.056 6.802737270488453e-09
52900.056 1.7795595866731479e-09
52950.056 3.667578627780752e-09
53000.056 9.715069801300404e-09
53050.056 2.993218416531687e-09
53100.056 1.4523466395701328e-08
53150.056 1.516969867159962e-08
53200.056 5.865848449759744e-09
53250.056 1.2515672002599902e-08
53300.056 1.302432713172212e-08
53350.056 1.1334873704699818e-08
53400.056 6.6168990011991876e-09
53450.056 1.4513412148194825e-09
53500.056 1.8753317510644517e-10
53550.056 5.182427044939942e-10
53600.056 3.618976335482862e-09
