galfind/configs/Brown_Dwarf_templates/sonora_bobcat/m-0.5/316g/sp_t900g316nc_m-0.5_resample.dat
# %ECSV 1.0
# ---
# datatype:
# - {name: wav, unit: Angstrom, datatype: float64}
# - {name: flux_nu, unit: erg / (cm2 Hz s), datatype: float64}
# meta: {C/O: '1.00', Kzz: '1.0000E+05', Teff: '900.', Y: '0.28', '[Fe/H]': '-0.50', f_hole: '1.00', f_rain: '0.00', grav: '316.'}
# schema: astropy-2.0
wav flux_nu
[from data line 498]
28900.056 2.7408819884407597e-08
28950.056 5.351283304233112e-08
29000.056 4.522959694888427e-08
29050.056 5.297022951604101e-08
29100.056 3.654343669242695e-08
29150.056 6.56302008558716e-08
29200.056 4.6300262756700737e-08
29250.056 6.485927068641991e-08
29300.056 3.615967032323903e-08
29350.056 9.841809564673474e-08
29400.056 5.156738649403923e-08
29450.056 5.5881095819777687e-08
29500.056 6.598626834890376e-08
29550.056 5.585984795846874e-08
29600.056 6.619889679883846e-08
29650.056 7.373789047435922e-08
29700.056 5.432657698848733e-08
29750.056 7.633404357673244e-08
29800.056 7.7105167700191e-08
29850.056 8.271078625747385e-08
29900.056 8.031281659986214e-08
29950.056 7.648482119841e-08
30000.056 2.173552712471657e-08
30050.056 3.318793660334109e-08
30100.056 4.046485999020444e-08
30150.056 7.479853524599616e-08
30200.056 6.499366650432483e-08
30250.056 1.0351579604570967e-07
30300.056 9.29128096572027e-08
30350.056 7.67926860083733e-08
30400.056 1.0394649963130666e-07
30450.056 7.162284424479895e-08
30500.056 6.864076459675119e-08
30550.056 6.950732239439805e-08
30600.056 9.238976310900459e-08
30650.056 6.88678078816978e-08
30700.056 6.307708489588723e-08
30750.056 7.245274969368908e-08
30800.056 6.364228181231405e-08
30850.056 5.900737526378317e-08
30900.056 4.872240745343898e-08
30950.056 4.7708304077569944e-08
31000.056 4.579990986390703e-08
31050.056 5.0467883311999045e-08
31100.056 3.523319136191909e-08
31150.056 4.66437303302877e-08
31200.056 5.4441064800011705e-08
31250.056 3.802239062529695e-08
31300.056 3.4791901522753963e-08
31350.056 3.745359034634425e-08
31400.056 2.902027227478287e-08
31450.056 3.367341328759181e-08
31500.056 2.333200020540567e-08
31550.056 2.789624288975589e-08
31600.056 2.208374574545309e-08
31650.056 1.9888019281956574e-08
31700.056 2.173299180269941e-08
31750.056 1.58441742829636e-08
31800.056 2.3130418213997484e-08
31850.056 1.4625380357058532e-08
31900.056 2.012498479470214e-08
31950.056 1.2720780653720876e-08
32000.056 1.718601844189286e-08
32050.056 1.7728236349226216e-08
32100.056 1.6218639087130708e-08
32150.056 1.9604129186498923e-08
32200.056 1.473949046701838e-08
32250.056 2.313287659732626e-08
32300.056 1.3644832497621272e-08
32350.056 2.4376837962000287e-08
32400.056 1.4277234979637803e-08
32450.056 2.240021774391384e-08
32500.056 1.9211547108432044e-08
32550.056 2.0577260966597613e-08
32600.056 2.3548703782635407e-08
32650.056 3.052201409819217e-08
32700.056 2.7737606487006728e-08
32750.056 3.5286899907704774e-08
32800.056 3.478424589515462e-08
32850.056 3.9416826847197343e-08
32900.056 4.223796837425687e-08
32950.056 4.361617355164845e-08
33000.056 3.61771327647616e-08
33050.056 3.561714351170907e-08
33100.056 1.8138605858694365e-08
33150.056 2.5315281257552735e-09
33200.056 3.1455986650620643e-09
33250.056 2.3311307106993e-09
33300.056 3.4541812352409763e-09
33350.056 6.469107275910385e-09
33400.056 1.0137520340997424e-08
33450.056 1.4102785586607221e-08
33500.056 2.37589738206093e-08
33550.056 1.9293442430923576e-08
33600.056 3.0295839844296714e-08
33650.056 3.20372311440028e-08
33700.056 2.4326954104864325e-08
33750.056 3.88861145066041e-08
33800.056 2.3333927466703688e-08
33850.056 3.2175665384695775e-08
33900.056 2.605392980409892e-08
33950.056 2.763279970609361e-08
34000.056 3.5719669560208634e-08
34050.056 1.8621184269987766e-08
34100.056 3.393995952860423e-08
34150.056 2.3441250920348547e-08
34200.056 2.9501827048987627e-08
34250.056 2.8551258942989903e-08
34300.056 2.3069893209734887e-08
34350.056 2.618318890420224e-08
34400.056 1.9821702372996816e-08
34450.056 3.09446695514908e-08
34500.056 2.6879199094600947e-08
34550.056 1.820199443698035e-08
34600.056 3.681636916000015e-08
34650.056 2.1352139933200232e-08
34700.056 3.057501676389962e-08
34750.056 2.9070081414790076e-08
34800.056 2.34662094865067e-08
34850.056 3.4330726533903406e-08
34900.056 2.9585165683237087e-08
34950.056 3.3466455960993295e-08
35000.056 5.075638454760629e-08
35050.056 2.9662138810005265e-08
35100.056 4.395221132630094e-08
35150.056 4.420948308506736e-08
35200.056 4.186949383359946e-08
35250.056 5.826873717918196e-08
35300.056 3.841296031140626e-08
35350.056 4.3994153426890566e-08
35400.056 4.992479693039811e-08
35450.056 3.376701962691696e-08
35500.056 6.66326911297934e-08
35550.056 5.6444458109697126e-08
35600.056 5.4457196619921536e-08
35650.056 6.22548364957092e-08
35700.056 5.207695020139256e-08
35750.056 6.987141120259637e-08
35800.056 8.385303178760253e-08
35850.056 5.268321761809942e-08
35900.056 7.525693036050949e-08
35950.056 7.442625614688881e-08
36000.056 7.258222292501029e-08
36050.056 7.245540389998502e-08
36100.056 6.881141770136566e-08
36150.056 8.212617172998767e-08
36200.056 9.172668598098421e-08
36250.056 7.878372120198585e-08
36300.056 1.0291039006350841e-07
36350.056 9.486275073260471e-08
36400.056 1.0023729401379e-07
36450.056 1.0685938169589687e-07
36500.056 1.1065896697039853e-07
36550.056 1.270863396970339e-07
36600.056 1.427108853259897e-07
36650.056 1.26476553814082e-07
36700.056 1.3318570814438107e-07
36750.056 1.5200257296902972e-07
36800.056 1.5295828537599693e-07
36850.056 1.3876511715337267e-07
36900.056 1.5188642337519106e-07
36950.056 1.6960441281597783e-07
37000.056 1.553356145429897e-07
37050.056 1.698922547320105e-07
37100.056 1.6431531289099398e-07
37150.056 1.5971943736901422e-07
37200.056 1.9099218272699172e-07
37250.056 1.679145194619653e-07
37300.056 1.5378488562944795e-07
37350.056 1.7860262813901756e-07
37400.056 2.2758509701799486e-07
37450.056 1.7358746435879884e-07
37500.056 1.7803002554268964e-07
37550.056 2.2755123475807953e-07
37600.056 2.540606828900224e-07
37650.056 1.7534215771302466e-07
37700.056 2.391449456460219e-07
37750.056 1.9158398239801866e-07
37800.056 2.1281030338706886e-07
37850.056 1.6547844625800475e-07
37900.056 1.8599487911004539e-07
37950.056 2.1689216395797612e-07
38000.056 2.394311705999873e-07
38050.056 2.4050934288904353e-07
38100.056 2.5842781251402064e-07
38150.056 2.722557417399953e-07
38200.056 2.733206525980239e-07
38250.056 2.557154107400185e-07
38300.056 3.2101183211994957e-07
38350.056 3.2499684406003997e-07
38400.056 2.403949276629391e-07
38450.056 2.4329744621193507e-07
38500.056 2.0001677043604263e-07
38550.056 2.7802698254005086e-07
38600.056 2.686089626259667e-07
38650.056 2.8499899319597465e-07
38700.056 3.062298125900019e-07
38750.056 3.014093104100029e-07
38800.056 2.76995045301946e-07
38850.056 2.9859554156002257e-07
38900.056 3.4005684638997633e-07
38950.056 2.901734306899934e-07
39000.056 3.2001851186997465e-07
39050.056 3.127587212900298e-07
39100.056 3.1272824017700547e-07
39150.056 3.430198755199944e-07
39200.056 3.161280623479823e-07
39250.056 3.5991783241998936e-07
39300.056 3.311300658759537e-07
39350.056 3.8360304191002185e-07
39400.056 3.437165012960503e-07
39450.056 3.632594597469918e-07
39500.056 3.7051295953001296e-07
39550.056 3.4220759608307853e-07
39600.056 3.804170830799522e-07
39650.056 4.17400192519985e-07
39700.056 3.920831275900331e-07
39750.056 3.324528702980716e-07
39800.056 3.633443222499808e-07
39850.056 4.4107856209000683e-07
39900.056 4.352774546100027e-07
39950.056 4.002887805499683e-07
40000.056 4.5273730215001893e-07
40050.056 4.2773447753001215e-07
40100.056 3.5946408523721646e-07
40150.056 4.388933027800135e-07
40200.056 4.4970752747993284e-07
40250.056 4.452236663599169e-07
40300.056 4.4714994156004e-07
40350.056 4.152696179099616e-07
40400.056 4.715957732380256e-07
40450.056 4.118709378740042e-07
40500.056 4.6972783044000045e-07
40550.056 4.905770309979527e-07
40600.056 4.591891606000271e-07
40650.056 4.4032463167693034e-07
40700.056 5.420823079499801e-07
40750.056 4.550760626399271e-07
40800.056 3.9477068963987827e-07
40850.056 5.346091220700589e-07
40900.056 5.109187278099877e-07
40950.056 4.6896667281201146e-07
41000.056 4.6855000370998207e-07
41050.056 5.395392642499513e-07
41100.056 4.885908964699655e-07
41150.056 3.903931295539741e-07
41200.056 5.262513482900003e-07
41250.056 4.791698895359824e-07
41300.056 4.5313838909995695e-07
41350.056 5.394097799000124e-07
41400.056 4.940209343200394e-07
41450.056 5.309335989900028e-07
41500.056 4.4313342787096276e-07
41550.056 4.356300790800682e-07
41600.056 4.833619742620417e-07
41650.056 5.114304308500298e-07
41700.056 4.771345043599354e-07
41750.056 4.746591571099745e-07
41800.056 5.53383001390025e-07
41850.056 3.9898493300799037e-07
41900.056 4.700198870669221e-07
41950.056 5.100898362200424e-07
42000.056 4.813931840599399e-07
42050.056 4.2376855109000485e-07
42100.056 5.655049519699927e-07
42150.056 4.2249871397002003e-07
42200.056 4.2047213570198763e-07
42250.056 4.6509030310998467e-07
42300.056 4.3688153450398724e-07
42350.056 5.020649416100552e-07
42400.056 5.014665992100421e-07
42450.056 4.23545577800052e-07
42500.056 4.3590776059999205e-07
42550.056 4.077914183199883e-07
42600.056 4.5577632789707347e-07
42650.056 5.580911050399105e-07
42700.056 4.5489865671592376e-07
42750.056 4.069754335800415e-07
42800.056 4.6897538374603183e-07
42850.056 5.086050261799007e-07
42900.056 5.311522144800615e-07
42950.056 4.1363452992991416e-07
43000.056 4.699497442460093e-07
43050.056 3.267959547211053e-07
43100.056 4.288372632699734e-07
43150.056 3.8809176657002933e-07
43200.056 4.310918798700017e-07
43250.056 5.395010126500384e-07
43300.056 5.27937155050012e-07
43350.056 3.5413463857890874e-07
43400.056 4.495947761600018e-07
43450.056 3.83792472744063e-07
43500.056 4.1599055667001213e-07
43550.056 4.1925016159001403e-07
43600.056 5.10598850360045e-07
43650.056 3.7034865090600926e-07
43700.056 5.468122443100451e-07
43750.056 4.90398062360033e-07
43800.056 4.6593263885994637e-07
43850.056 4.225631132100723e-07
43900.056 4.5493139474996624e-07
43950.056 3.4294301078195497e-07
44000.056 3.1063613706501147e-07
44050.056 4.974706815200122e-07
44100.056 5.848838283300273e-07
44150.056 5.816515716999721e-07
44200.056 5.110849651600054e-07
44250.056 3.8272837708000377e-07
44300.056 3.320298895320547e-07
44350.056 3.8456492650606065e-07
44400.056 3.6344662709498245e-07
44450.056 4.6860133688000003e-07
44500.056 4.5006912040208304e-07
44550.056 5.448547627499646e-07
44600.056 4.949584117310261e-07
44650.056 4.789959013320201e-07
44700.056 3.729004420799763e-07
44750.056 4.481984256690728e-07
44800.056 4.1922269394803876e-07
44850.056 5.179131385700509e-07
44900.056 4.0906460823802555e-07
44950.056 4.4572007392402533e-07
45000.056 4.734214604100117e-07
45050.056 4.6461364084998e-07
45100.056 4.679300574300117e-07
45150.056 4.6715818736197365e-07
45200.056 3.8151206396902406e-07
45250.056 4.2535700501591494e-07
45300.056 3.883790764420433e-07
45350.056 3.757235886779796e-07
45400.056 5.265130251000417e-07
45450.056 4.978352356100046e-07
45500.056 4.974002326650194e-07
45550.056 5.532314674299123e-07
45600.056 5.41728140260042e-07
45650.056 4.684028598429583e-07
45700.056 3.954667412890097e-07
45750.056 3.822240712220012e-07
45800.056 5.536120100000136e-07
45850.056 5.441747857499947e-07
45900.056 5.657933252900146e-07
45950.056 4.649444641499933e-07
46000.056 5.38389238470054e-07
46050.056 4.636908225199978e-07
46100.056 5.669260333599727e-07
46150.056 4.381644358899878e-07
46200.056 4.2139756344101205e-07
46250.056 2.857193405229628e-07
46300.056 4.630777519099886e-07
46350.056 4.607147477400303e-07
46400.056 4.5404343927002213e-07
46450.056 4.1186254901601667e-07
46500.056 4.358318540950881e-07
46550.056 3.445825949500109e-07
46600.056 4.1915824549796023e-07
46650.056 5.539927165100236e-07
46700.056 4.3109782667994574e-07
46750.056 3.169638886250272e-07
46800.056 2.5894155581601925e-07
46850.056 5.427012715400597e-07
46900.056 5.130653054099738e-07
46950.056 4.978158565699726e-07
47000.056 4.7373239806005025e-07
47050.056 4.2730527817988095e-07
47100.056 3.245149326170289e-07
47150.056 4.1321255029405497e-07
47200.056 4.819795547499925e-07
47250.056 3.5501949572797376e-07
47300.056 2.7031380786051457e-07
47350.056 5.251571619399866e-07
47400.056 4.811018052599643e-07
47450.056 4.555317546900501e-07
47500.056 5.07736534309971e-07
47550.056 4.5761754634001065e-07
47600.056 4.681321819899657e-07
47650.056 4.418980777259421e-07
47700.056 4.136626736221033e-07
47750.056 3.30686976741004e-07
47800.056 3.311462853860217e-07
47850.056 2.4770025072101184e-07
47900.056 3.0799791917196704e-07
47950.056 4.356686752900036e-07
48000.056 5.292236118000352e-07
48050.056 4.834095836899761e-07
48100.056 2.9512637047201153e-07
48150.056 3.9574257260001345e-07
48200.056 3.523145318479934e-07
48250.056 3.8189497524000375e-07
48300.056 5.125950573799576e-07
48350.056 3.4629375937000203e-07
48400.056 2.0691741829416372e-07
48450.056 3.4692183480306714e-07
48500.056 4.210130797899376e-07
48550.056 3.961518391800167e-07
48600.056 4.0948981153000953e-07
48650.056 4.6281713820998366e-07
48700.056 3.891289474020101e-07
48750.056 2.548160255110978e-07
48800.056 4.6102436064301857e-07
48850.056 3.197400386259429e-07
48900.056 4.589160726119816e-07
48950.056 3.2480817441001593e-07
49000.056 2.09970959080992e-07
49050.056 4.085543369999554e-07
49100.056 4.2867940540905324e-07
49150.056 3.5329350501099985e-07
49200.056 4.554537565400543e-07
49250.056 4.2946348744004196e-07
49300.056 3.8691051650198834e-07
49350.056 2.4471471695604183e-07
49400.056 3.3290593525194265e-07
49450.056 3.4263424115708874e-07
49500.056 2.900628624149803e-07
49550.056 1.6264117247400744e-07
49600.056 2.639593033156434e-07
49650.056 3.1534508736997557e-07
49700.056 3.156575088929218e-07
49750.056 3.8714274662996225e-07
49800.056 3.1492984966840027e-07
49850.056 4.29284151790056e-07
49900.056 3.6912344771998936e-07
49950.056 3.318932794599902e-07
50000.056 3.210852418259868e-07
50050.056 3.8551017142997775e-07
50100.056 3.180425384119902e-07
50150.056 2.198629443999813e-07
50200.056 1.1695069194702246e-07
50250.056 2.92630586909982e-07
50300.056 2.3808635419301913e-07
50350.056 3.705610224690385e-07
50400.056 3.3976517284198414e-07
50450.056 2.6383697317800243e-07
50500.056 3.5911652766003296e-07
50550.056 3.411900821500127e-07
50600.056 2.6463332763394556e-07
50650.056 3.6794243340005957e-07
50700.056 3.94457763159947e-07
50750.056 3.0008739219603545e-07
50800.056 1.8991149286097159e-07
50850.056 1.770588058190444e-07
50900.056 3.7416370700999034e-07
50950.056 3.009866419200149e-07
51000.056 3.1612882020502154e-07
51050.056 3.239211519899796e-07
51100.056 1.7615413504097547e-07
51150.056 2.384739623496095e-07
51200.056 4.1916456771997223e-07
51250.056 2.8252518349997726e-07
51300.056 2.2170127312206017e-07
51350.056 2.6049467427897405e-07
51400.056 1.620146675680066e-07
51450.056 1.3696659390417113e-07
51500.056 1.4193143876643943e-07
51550.056 2.878699372400208e-07
51600.056 2.1186492870101725e-07
51650.056 2.268107064559683e-07
51700.056 2.6224988421196794e-07
51750.056 1.9343813943701224e-07
51800.056 2.836019004499397e-07
51850.056 2.488248863329875e-07
51900.056 3.587919378800201e-07
51950.056 2.7099873319997954e-07
52000.056 1.0540668488898013e-07
52050.056 1.9986859455501883e-07
52100.056 1.576755988839948e-07
52150.056 1.3398354299201116e-07
52200.056 1.613545673619983e-07
52250.056 2.086336121370228e-07
52300.056 3.1554747936999183e-07
52350.056 2.0296874060220062e-07
52400.056 1.6001556731501503e-07
52450.056 2.710314928100201e-07
52500.056 2.7208094208594077e-07
52550.056 2.574585519599713e-07
52600.056 2.1533552831001154e-07
52650.056 2.2829963171803482e-07
52700.056 1.9062523691500015e-07
52750.056 1.3530495598299505e-07
52800.056 1.6822439749601913e-07
52850.056 1.8602764575795082e-07
52900.056 1.6554427426756813e-07
52950.056 1.8290389837700556e-07
53000.056 2.4294637025400507e-07
53050.056 1.4163290868496393e-07
53100.056 2.1967850550398007e-07
53150.056 2.8536147911002977e-07
53200.056 1.3367561001838678e-07
53250.056 2.4738119304001984e-07
53300.056 2.697663842991218e-07
53350.056 2.466014516299963e-07
53400.056 2.2651077193000117e-07
53450.056 1.3497283824198296e-07
53500.056 7.731860145457564e-08
53550.056 1.232545408419919e-07
