galfind/configs/Brown_Dwarf_templates/sonora_bobcat/m-0.5/316g/sp_t1900g316nc_m-0.5_resample.dat
# %ECSV 1.0
# ---
# datatype:
# - {name: wav, unit: Angstrom, datatype: float64}
# - {name: flux_nu, unit: erg / (cm2 Hz s), datatype: float64}
# meta: {C/O: '1.00', Kzz: '1.0000E+05', Teff: '1900.', Y: '0.28', '[Fe/H]': '-0.50', f_hole: '1.00', f_rain: '0.00', grav: '316.'}
# schema: astropy-2.0
wav flux_nu
4000.0559999999996 nan
4050.0559999999996 5.193072000750075e-09
4100.056 1.004230389285379e-08
4150.056 8.155172806282023e-09
4200.056 5.7682001199649215e-09
4250.056 4.842351484810734e-09
4300.056 2.8453496977329517e-09
4350.056 2.6039082377264084e-09
4400.056 2.555262165710953e-09
4450.056 1.3167339980101747e-09
4500.056 1.3377711489901998e-09
4550.056 1.7952364004633607e-09
4600.056 1.4220878271197187e-09
4650.056 1.1085935491198688e-09
4700.056 1.4877448144501455e-09
4750.056 1.8451608993895409e-09
4800.056 8.788858633721632e-10
4850.056 1.208956234720167e-09
4900.056 2.470320983229733e-09
4950.056 2.9500819744498004e-09
5000.056 9.436370259998469e-10
5050.056 1.0518984022200917e-09
5100.056 1.2779378950422057e-09
5150.056 9.740193527662596e-10
5200.056 8.236827903270013e-10
5250.056 1.184067960580084e-09
5300.056 1.3592455025099942e-09
5350.056 1.3503715048500604e-09
5400.056 1.2887874862200131e-09
5450.056 9.491312921399754e-10
5500.056 6.629977128099854e-10
5550.056 6.344209803099808e-10
5600.056 5.041994473500116e-10
5650.056 3.707356726499963e-10
5700.056 2.4461828823999805e-10
5750.056 1.3296502295599741e-10
5800.056 6.418114137099921e-11
5850.056 2.2241977838999534e-11
5900.056 2.8923212964414273e-12
5950.056 5.112121703900121e-11
6000.056 1.9929549341200367e-10
6050.056 5.76466369230007e-10
6100.056 1.2185858666000402e-09
6150.056 2.1497235676999832e-09
6200.056 2.934625859300011e-09
6250.056 4.2376133475001084e-09
6300.056 6.551557654300088e-09
6350.056 9.023069553400404e-09
6400.056 1.1788693335500048e-08
6450.056 1.5092635905098552e-08
6500.056 1.77833020228981e-08
6550.056 2.2433840700998494e-08
6600.056 2.381757247400014e-08
6650.056 2.191885357600162e-08
6700.056 1.2978971267875356e-08
6750.056 2.1319493217001125e-08
6800.056 2.5894301987002035e-08
6850.056 3.3244373420001366e-08
6900.056 4.278561419200053e-08
6950.056 5.026767100600086e-08
7000.056 6.349963338699879e-08
7050.056 5.464392356900234e-08
7100.056 3.159293816699986e-08
7150.056 2.9520438296000666e-08
7200.056 3.9105143961999314e-08
7250.056 5.34569283680053e-08
7300.056 7.426351593900758e-08
7350.056 9.236962790700006e-08
7400.056 9.519770636800194e-08
7450.056 8.572581295399509e-08
7500.056 7.617916826499866e-08
7550.056 6.374769193300013e-08
7600.056 3.57705940709991e-08
7650.056 4.347197439375979e-09
7700.056 1.408561804147483e-09
7750.056 2.007918121130054e-08
7800.056 4.451306891380709e-08
7850.056 7.751473912800183e-08
7900.056 9.708124642500708e-08
7950.056 1.0164319684355223e-07
8000.056 1.487382763809918e-07
8050.056 2.2510872328499168e-07
8100.056 3.17626658370018e-07
8150.056 4.270102350200079e-07
8200.056 3.0487978387597587e-07
8250.056 4.208180700599925e-07
8300.056 3.857800204400652e-07
8350.056 4.2893120693005636e-07
8400.056 4.5023495692002104e-07
8450.056 2.9993739368998414e-07
8500.056 2.6825450846137157e-07
8550.056 3.505442902300313e-07
8600.056 4.3224401728991224e-07
8650.056 5.231405391159481e-07
8700.056 4.867774038459545e-07
8750.056 5.53848871250055e-07
8800.056 7.600091195300803e-07
8850.056 7.338492247699639e-07
8900.056 5.19960028920037e-07
8950.056 5.7515368332836e-07
9000.056 7.646414257600561e-07
9050.056 7.38527755389975e-07
9100.056 9.68157612139988e-07
9150.056 1.1578412024900182e-06
9200.056 1.1689089646801247e-06
9250.056 8.562050701000277e-07
9300.056 7.294582788789854e-07
9350.056 8.289135778499961e-07
9400.056 9.388414412500646e-07
9450.056 1.109058564469893e-06
9500.056 1.3411841476499222e-06
9550.056 1.474278935290105e-06
9600.056 1.6106427849101444e-06
9650.056 1.8187467987701526e-06
9700.056 2.0348333516498733e-06
9750.056 1.6283430498799107e-06
9800.056 1.7512831342299134e-06
9850.056 1.6942539079099357e-06
9900.056 1.19372149836989e-06
9950.056 7.775642193200288e-07
10000.056 7.376258043999737e-07
10050.056 8.384589751899552e-07
10100.056 1.0805811351701523e-06
10150.056 1.0564598210699518e-06
10200.056 1.1667760274199943e-06
10250.056 1.1811986817998538e-06
10300.056 1.070667580529933e-06
10350.056 1.2905518616200257e-06
10400.056 1.5216188467599234e-06
10450.056 1.6059614628802012e-06
10500.056 1.6338276186698666e-06
10550.056 1.8144450491301549e-06
10600.056 2.013470107380113e-06
10650.056 1.9933178309101336e-06
10700.056 2.031576324050077e-06
10750.056 2.280436780290175e-06
10800.056 2.5052308226298685e-06
10850.056 2.7767429523497975e-06
10900.056 2.8336499302299156e-06
10950.056 2.8307284108497614e-06
11000.056 2.697100495550007e-06
11050.056 2.0819070121400204e-06
11100.056 2.2428537105062417e-06
11150.056 2.4368637055739024e-06
11200.056 2.470305412161398e-06
11250.056 2.947465628352986e-06
11300.056 2.8794741255549546e-06
11350.056 2.612414138097885e-06
11400.056 1.9310410827900327e-06
11450.056 2.9381643120197768e-06
11500.056 3.5312675449197172e-06
11550.056 3.3596874864380383e-06
11600.056 3.5566698178554028e-06
11650.056 3.455597001161252e-06
11700.056 2.425510358317069e-06
11750.056 2.593175469979747e-06
11800.056 2.6810120958901895e-06
11850.056 3.738174255310233e-06
11900.056 4.099044586489489e-06
11950.056 3.636017248420032e-06
12000.056 3.0351142401000362e-06
12050.056 3.7472459191000093e-06
12100.056 3.6064371913997447e-06
12150.056 4.2289147333997515e-06
12200.056 4.0911328221995105e-06
12250.056 4.497712561699818e-06
12300.056 4.621428510100317e-06
12350.056 4.4920723108000415e-06
12400.056 3.7467854978998955e-06
12450.056 3.1602780594600153e-06
12500.056 3.414770206479629e-06
12550.056 3.481563713280167e-06
12600.056 4.279488827600012e-06
12650.056 4.403318088499778e-06
12700.056 4.8777398678002045e-06
12750.056 4.78932660109984e-06
12800.056 5.092272912799944e-06
12850.056 4.878800645899971e-06
12900.056 4.569502130299695e-06
12950.056 4.697702998199932e-06
13000.056 4.965094710699617e-06
13050.056 5.200719125779823e-06
13100.056 5.25372361847991e-06
13150.056 5.300321005519844e-06
13200.056 5.093764903400069e-06
13250.056 4.692272190900062e-06
13300.056 4.090775171303583e-06
13350.056 2.3950374085891945e-06
13400.056 2.1297156907679735e-06
13450.056 1.8386881019630337e-06
13500.056 1.712702379114308e-06
13550.056 1.581726870095987e-06
13600.056 1.5268877162693987e-06
13650.056 1.8668194217698751e-06
13700.056 1.6770820181271034e-06
13750.056 1.7725501322716358e-06
13800.056 2.076936213973819e-06
13850.056 1.9589115922241174e-06
13900.056 1.887897939412658e-06
13950.056 1.7726987325447375e-06
14000.056 1.6451743823929356e-06
14050.056 1.7315418150583805e-06
14100.056 1.4697941266890604e-06
14150.056 1.6084294766038846e-06
14200.056 1.4342545372684011e-06
14250.056 1.3951372086746258e-06
14300.056 1.4967668151368045e-06
14350.056 1.5256036105701368e-06
14400.056 1.5949177570810953e-06
14450.056 1.6598227279911267e-06
14500.056 1.9045678554998762e-06
14550.056 1.934447965602876e-06
14600.056 2.1293075333265437e-06
14650.056 2.0907732642762598e-06
14700.056 1.9157562239179373e-06
14750.056 2.065160192603485e-06
14800.056 2.1783513949104756e-06
14850.056 2.3573737114296428e-06
14900.056 2.308785097509866e-06
14950.056 2.352590835430374e-06
15000.056 2.4468650410402183e-06
15050.056 2.732633931029587e-06
15100.056 2.7202510537801464e-06
15150.056 2.839826925650187e-06
15200.056 2.9707781606897973e-06
15250.056 3.0538484510699573e-06
15300.056 3.1998932350699194e-06
15350.056 3.3658651238299708e-06
15400.056 3.489450292880028e-06
15450.056 3.644939857060148e-06
15500.056 3.730264247649878e-06
15550.056 3.924390056499737e-06
15600.056 3.928821339900269e-06
15650.056 4.0824982845001115e-06
15700.056 4.337547889700666e-06
15750.056 4.488643017399729e-06
15800.056 4.486092530500352e-06
15850.056 3.868804681100208e-06
15900.056 4.014295720800092e-06
15950.056 4.004949098599844e-06
16000.056 4.088658301799954e-06
16050.056 4.168170206800241e-06
16100.056 4.307551868600066e-06
16150.056 4.0307339606000896e-06
16200.056 4.2370916930999405e-06
16250.056 4.049546866599993e-06
16300.056 4.100558737200033e-06
16350.056 4.342472068899905e-06
16400.056 4.220035343900138e-06
16450.056 4.356837587200263e-06
16500.056 4.4638361337001134e-06
16550.056 4.6509188727999325e-06
16600.056 4.361274420800175e-06
16650.056 4.655791959100041e-06
16700.056 4.4160703082997084e-06
16750.056 4.41263992449984e-06
16800.056 4.565899766299846e-06
16850.056 4.621390934099787e-06
16900.056 4.458282979600091e-06
16950.056 4.43978563059985e-06
17000.056 4.488519067400318e-06
17050.056 4.460179811900122e-06
17100.056 4.297517557900394e-06
17150.056 4.239142790980186e-06
17200.056 3.9484336943097775e-06
17250.056 3.691653150229955e-06
17300.056 3.6854961017697105e-06
17350.056 3.6097420061603358e-06
17400.056 3.5049019748199265e-06
17450.056 3.30190532318888e-06
17500.056 3.1983672420297996e-06
17550.056 3.0737576714805095e-06
17600.056 2.9699410214599823e-06
17650.056 2.9916190663511115e-06
17700.056 2.550460317065703e-06
17750.056 2.4751015803099163e-06
17800.056 2.4673496761135315e-06
17850.056 2.1855680310830864e-06
17900.056 2.3086423580101033e-06
17950.056 2.20247512506689e-06
18000.056 2.0379298900090525e-06
18050.056 2.0306720671012877e-06
18100.056 1.965281638323787e-06
18150.056 2.19095268625052e-06
18200.056 1.7786269246631908e-06
18250.056 2.202205846233719e-06
18300.056 2.0453653337579944e-06
18350.056 1.963177600240135e-06
18400.056 1.9060381043391033e-06
18450.056 1.7267681394917364e-06
18500.056 1.819510424927212e-06
18550.056 1.664445416457106e-06
18600.056 1.4195796244535446e-06
18650.056 1.6080642028002844e-06
18700.056 1.7707548516803054e-06
18750.056 1.7193726576344008e-06
18800.056 1.8427356797784996e-06
18850.056 2.1002952883159004e-06
18900.056 2.009831413565219e-06
18950.056 2.1617874528899343e-06
19000.056 2.2092134760796915e-06
19050.056 2.1030263800059246e-06
19100.056 2.2764108432942635e-06
19150.056 2.2644379932900545e-06
19200.056 2.2746865067314748e-06
19250.056 2.139631300561839e-06
19300.056 2.2499017819984793e-06
19350.056 2.1685443255178804e-06
19400.056 1.8076045924997422e-06
19450.056 2.1777012742120023e-06
19500.056 2.1853850497498924e-06
19550.056 1.8260597879023562e-06
19600.056 2.056464518450855e-06
19650.056 2.0903060207870435e-06
19700.056 2.0813879728171235e-06
19750.056 1.9245936285461655e-06
19800.056 2.0649072456557672e-06
19850.056 2.1553125135901506e-06
19900.056 1.8799415606413073e-06
19950.056 2.217070181579875e-06
20000.056 1.98859276155023e-06
20050.056 2.1915082368303285e-06
20100.056 2.158234839689137e-06
20150.056 2.2382668604203108e-06
20200.056 2.3087135596397663e-06
20250.056 2.387430670609768e-06
20300.056 2.3980635471202045e-06
20350.056 2.5160087571197608e-06
20400.056 2.5227270319891705e-06
20450.056 2.6050449034895397e-06
20500.056 2.679144496199852e-06
20550.056 2.7089310855899885e-06
20600.056 2.8744812781401588e-06
20650.056 2.818963411300166e-06
20700.056 2.9422918109902445e-06
20750.056 2.965802158699847e-06
20800.056 3.082266765079944e-06
20850.056 3.0352804469699683e-06
20900.056 3.1861141080998303e-06
20950.056 3.1988164795998987e-06
21000.056 3.274585762999973e-06
21050.056 3.3114429392000097e-06
21100.056 3.3088106768999833e-06
21150.056 3.4148797181999333e-06
21200.056 3.40028240730009e-06
21250.056 3.4980529457998654e-06
21300.056 3.4058626430000457e-06
21350.056 3.5426877312000163e-06
21400.056 3.4521830434001593e-06
21450.056 3.616676990899968e-06
21500.056 3.5015276231001064e-06
21550.056 3.538698648999904e-06
21600.056 3.5669038290001575e-06
21650.056 3.528866538000027e-06
21700.056 3.5947181757999773e-06
21750.056 3.511331865800013e-06
21800.056 3.5023279062998155e-06
21850.056 3.477679759099882e-06
21900.056 3.511071857400144e-06
21950.056 3.4142514784000486e-06
22000.056 3.4008618470999466e-06
22050.056 3.3066695468998047e-06
22100.056 3.3459282808000062e-06
22150.056 3.3573869018000777e-06
22200.056 3.2640524523402414e-06
22250.056 3.361695438400231e-06
22300.056 3.3209739139999734e-06
22350.056 3.232075221600097e-06
22400.056 3.2695360262999914e-06
22450.056 3.190310871259896e-06
22500.056 3.219862510360033e-06
22550.056 3.1727614366997884e-06
22600.056 3.1897975630000242e-06
22650.056 3.102303496680314e-06
22700.056 3.063501154430313e-06
22750.056 3.1469698944099304e-06
22800.056 3.031997475639977e-06
22850.056 3.0473105528801005e-06
22900.056 3.0528839647799266e-06
22950.056 2.4131701323102234e-06
23000.056 2.5422884893100893e-06
23050.056 2.6607269349397224e-06
23100.056 2.5808378227299053e-06
23150.056 2.6864509661001615e-06
23200.056 2.57310689919011e-06
23250.056 2.316256794269723e-06
23300.056 2.358350988130058e-06
23350.056 2.434655537120013e-06
23400.056 2.3971456248800713e-06
23450.056 2.4345376497202374e-06
23500.056 2.494023989849845e-06
23550.056 2.3512370860703115e-06
23600.056 2.326462287130288e-06
23650.056 2.4478722383196437e-06
23700.056 2.3499123999796875e-06
23750.056 2.3920001215303003e-06
23800.056 2.351884979010022e-06
23850.056 2.1471109234701936e-06
23900.056 2.31891767561012e-06
23950.056 2.4031471004203313e-06
24000.056 2.323647023939508e-06
24050.056 2.3138118073502807e-06
24100.056 2.1595010448097345e-06
24150.056 2.1465315600203345e-06
24200.056 2.135500700759509e-06
24250.056 2.1016862008501357e-06
24300.056 2.0763072467201167e-06
24350.056 1.8987420568800965e-06
24400.056 2.109164670070015e-06
24450.056 1.888004055119887e-06
24500.056 1.816174644779982e-06
24550.056 1.7642416144101951e-06
24600.056 1.8149178159401845e-06
24650.056 1.9617627925501154e-06
24700.056 1.630414098339966e-06
24750.056 1.5576282269102528e-06
24800.056 1.5633732174901249e-06
24850.056 1.8129920252400813e-06
24900.056 1.3482531878505248e-06
24950.056 1.7209952360499597e-06
25000.056 1.5718711866902165e-06
25050.056 1.2353075072542838e-06
25100.056 1.5058099026599384e-06
25150.056 1.3094703984308898e-06
25200.056 1.4011057665240355e-06
25250.056 1.2821869598227549e-06
25300.056 1.4332904436250926e-06
25350.056 1.1845048151719814e-06
25400.056 1.3663239147203633e-06
25450.056 1.1869707077279752e-06
25500.056 1.2772656210693093e-06
25550.056 1.2164666422210479e-06
25600.056 1.2624666999189187e-06
25650.056 1.1078197253729432e-06
25700.056 1.4811054057595536e-06
25750.056 1.0375503109972038e-06
25800.056 1.4131262170681997e-06
25850.056 1.2181319802918725e-06
25900.056 1.3888222212062502e-06
25950.056 1.1615533545940748e-06
26000.056 1.4244964384004629e-06
26050.056 1.4307613290070201e-06
26100.056 1.5059245516930903e-06
26150.056 1.4647461815617902e-06
26200.056 1.407083882397023e-06
26250.056 1.5056269141780155e-06
26300.056 1.455093386769066e-06
26350.056 1.5766930838199555e-06
26400.056 1.5902662859698316e-06
26450.056 1.5534665770501035e-06
26500.056 1.653486757189599e-06
26550.056 1.5500963287097603e-06
26600.056 1.868553925509769e-06
26650.056 1.4039440598647898e-06
26700.056 1.4494991106040486e-06
26750.056 1.1956746184495018e-06
26800.056 1.4013759512957504e-06
26850.056 1.0747204477960928e-06
26900.056 1.4622611340999736e-06
26950.056 9.95728440616898e-07
27000.056 1.3900007121301935e-06
27050.056 1.1747321868799186e-06
27100.056 1.1830910589907413e-06
27150.056 1.27934924081003e-06
27200.056 1.2568363309401586e-06
27250.056 1.1651581980643659e-06
27300.056 1.4474562957801509e-06
27350.056 1.3347005732796358e-06
27400.056 1.077349735517904e-06
27450.056 1.534574653709626e-06
27500.056 1.4034263554700105e-06
27550.056 1.2529532272178399e-06
27600.056 1.5532240107198883e-06
27650.056 1.1802167856899415e-06
27700.056 1.1200464639400454e-06
27750.056 1.5679875299495788e-06
27800.056 1.1217047870799642e-06
27850.056 1.2234854513796714e-06
27900.056 1.2720295793640087e-06
27950.056 1.5238836386799454e-06
28000.056 1.3819342408502832e-06
28050.056 1.0291883924602632e-06
28100.056 1.5897675810104003e-06
28150.056 1.2352945245600524e-06
28200.056 1.0384830890400107e-06
28250.056 1.4041059671399919e-06
28300.056 1.6218085222602471e-06
28350.056 1.1477951540097003e-06
28400.056 1.319150946260027e-06
28450.056 1.4064225582497954e-06
28500.056 1.370335958189727e-06
28550.056 9.448761053597418e-07
28600.056 1.607720044490022e-06
28650.056 1.426792614599963e-06
28700.056 1.2677374741298442e-06
