galfind/configs/Brown_Dwarf_templates/sonora_bobcat/m-0.5/316g/sp_t500g316nc_m-0.5_resample.dat
# %ECSV 1.0
# ---
# datatype:
# - {name: wav, unit: Angstrom, datatype: float64}
# - {name: flux_nu, unit: erg / (cm2 Hz s), datatype: float64}
# meta: {C/O: '1.00', Kzz: '1.0000E+05', Teff: '500.', Y: '0.28', '[Fe/H]': '-0.50', f_hole: '1.00', f_rain: '0.00', grav: '316.'}
# schema: astropy-2.0
wav flux_nu
[from data line 499]
28950.056 8.042591707378612e-10
29000.056 6.395357024153096e-10
29050.056 9.541703275527138e-10
29100.056 4.756186846185919e-10
29150.056 8.616186928328659e-10
29200.056 1.1284060978619675e-09
29250.056 1.3932948601745593e-09
29300.056 7.700262346928733e-10
29350.056 2.235827338120657e-09
29400.056 8.398787642320881e-10
29450.056 6.948874912327462e-10
29500.056 1.9473589575805357e-09
29550.056 8.344952781153493e-10
29600.056 1.1420712300332567e-09
29650.056 2.808417655748745e-09
29700.056 7.586743956509755e-10
29750.056 2.0082245761611342e-09
29800.056 1.5987194497824222e-09
29850.056 2.6517795514643107e-09
29900.056 1.527913019658895e-09
29950.056 1.5309830206052741e-09
30000.056 4.7623230615438974e-11
30050.056 2.2782871036567687e-10
30100.056 7.213874175395585e-10
30150.056 2.2761110673626805e-09
30200.056 1.7170699350788582e-09
30250.056 3.332051895308649e-09
30300.056 3.564590410819932e-09
30350.056 1.2272682355229572e-09
30400.056 4.086382715498616e-09
30450.056 2.6494313617669243e-09
30500.056 2.1724701036178598e-09
30550.056 1.6882019495276565e-09
30600.056 7.554847204460437e-09
30650.056 3.5100690425628482e-09
30700.056 2.516323692807817e-09
30750.056 4.245075621177306e-09
30800.056 3.5134803093210622e-09
30850.056 3.858313210207962e-09
30900.056 2.2857693864997944e-09
30950.056 1.9636129224138716e-09
31000.056 2.338346013517947e-09
31050.056 2.17391822708163e-09
31100.056 1.1318321250529233e-09
31150.056 2.1310837099057484e-09
31200.056 4.873044635280124e-09
31250.056 2.223235470006852e-09
31300.056 1.6689907734179921e-09
31350.056 3.021856342608078e-09
31400.056 2.01758249230643e-09
31450.056 2.35781654714966e-09
31500.056 8.527282045124238e-10
31550.056 1.5707291071483126e-09
31600.056 1.0681518642410084e-09
31650.056 8.630659859026182e-10
31700.056 8.968247437202759e-10
31750.056 4.2305109460011925e-10
31800.056 9.384486793451229e-10
31850.056 2.185685388817486e-10
31900.056 5.189851251293366e-10
31950.056 2.594829878370655e-10
32000.056 2.8102171021508065e-10
32050.056 3.2592512924392497e-10
32100.056 2.501036896191242e-10
32150.056 3.207367084265738e-10
32200.056 1.6633871749063737e-10
32250.056 4.0581923283034894e-10
32300.056 1.284933743831232e-10
32350.056 4.38156415192466e-10
32400.056 8.982277890606772e-11
32450.056 3.546415778066908e-10
32500.056 1.2138049617208257e-10
32550.056 3.1571596371104316e-10
32600.056 1.551500285688155e-10
32650.056 5.932603169063105e-10
32700.056 2.2687384235504067e-10
32750.056 1.1404153169414436e-09
32800.056 8.422476365723366e-10
32850.056 1.8801992112592863e-09
32900.056 1.768602742750784e-09
32950.056 1.8320303979507318e-09
33000.056 7.274967849205282e-10
33050.056 9.01292295085126e-10
33100.056 2.1491624810241258e-10
33150.056 4.2477825801930196e-13
33200.056 7.055743261637552e-12
33250.056 1.0939089973171232e-11
33300.056 6.412942681161621e-11
33350.056 2.096976954215471e-10
33400.056 6.353274220167705e-10
33450.056 4.3564244281863616e-10
33500.056 1.519773465610649e-09
33550.056 3.9015654920591293e-10
33600.056 9.13360566645406e-10
33650.056 8.917233340078729e-10
33700.056 3.271085598486827e-10
33750.056 1.2080183236625832e-09
33800.056 1.4484079476804006e-10
33850.056 5.855455691246014e-10
33900.056 6.160842760518928e-10
33950.056 4.953665758533588e-10
34000.056 1.031461607817468e-09
34050.056 1.8029013818924346e-10
34100.056 9.25187908429831e-10
34150.056 3.517120087760571e-10
34200.056 9.26487087586437e-10
34250.056 6.554055759177908e-10
34300.056 5.569064045417819e-10
34350.056 1.3350501723159508e-09
34400.056 3.8797958712526165e-10
34450.056 1.3303090186942517e-09
34500.056 7.372988600809433e-10
34550.056 4.921963758956349e-10
34600.056 2.223773660740079e-09
34650.056 3.5775457153201296e-10
34700.056 1.591262211246158e-09
34750.056 9.646806993710146e-10
34800.056 7.004357651995036e-10
34850.056 2.562052913791683e-09
34900.056 6.359290252725119e-10
34950.056 2.2123282325896028e-09
35000.056 3.6537499421252452e-09
35050.056 1.5971919108979633e-09
35100.056 4.267596057154999e-09
35150.056 3.624777038444402e-09
35200.056 2.7502881825090805e-09
35250.056 5.17825435949716e-09
35300.056 1.6825877334114516e-09
35350.056 2.784503709820854e-09
35400.056 2.3339477258286376e-09
35450.056 1.7977964913847663e-09
35500.056 6.116176313158117e-09
35550.056 3.4865107921798573e-09
35600.056 4.405077081593716e-09
35650.056 4.867364332022545e-09
35700.056 4.392636055907269e-09
35750.056 7.639230607149865e-09
35800.056 5.6983072857100756e-09
35850.056 2.7615916176238947e-09
35900.056 4.328675584503467e-09
35950.056 5.93706119952401e-09
36000.056 5.902403911141137e-09
36050.056 4.670790335129928e-09
36100.056 4.063937301083805e-09
36150.056 8.838420600378891e-09
36200.056 9.827390449942525e-09
36250.056 6.367234372223686e-09
36300.056 1.3771790244749705e-08
36350.056 9.227841708751583e-09
36400.056 1.308385555292861e-08
36450.056 1.0808211847356672e-08
36500.056 1.2273739710546713e-08
36550.056 1.8839741556051513e-08
36600.056 2.1232581229095222e-08
36650.056 1.4320871147115629e-08
36700.056 1.4490087825516437e-08
36750.056 2.0483231263505253e-08
36800.056 2.292023992910699e-08
36850.056 1.4330192531112134e-08
36900.056 1.8834497079660254e-08
36950.056 2.3845006861094873e-08
37000.056 1.713154613363698e-08
37050.056 2.5023537022158336e-08
37100.056 1.5086522295988872e-08
37150.056 1.9069985210959832e-08
37200.056 3.036789597899631e-08
37250.056 1.7242936481495945e-08
37300.056 1.3921728557443568e-08
37350.056 2.344044672305683e-08
37400.056 3.3868240082818646e-08
37450.056 1.5459979561426283e-08
37500.056 1.958411705874963e-08
37550.056 3.761853242571017e-08
37600.056 4.992493177600517e-08
37650.056 1.7881708490042323e-08
37700.056 3.236276947150316e-08
37750.056 2.316902505102298e-08
37800.056 2.5958486185495682e-08
37850.056 1.5250312093899996e-08
37900.056 1.81086904828408e-08
37950.056 2.934741581389977e-08
38000.056 2.714950646573835e-08
38050.056 3.491315550480734e-08
38100.056 4.557769484320064e-08
38150.056 4.7674019963996984e-08
38200.056 3.776798322297096e-08
38250.056 4.184443822872394e-08
38300.056 6.355376501678627e-08
38350.056 5.849540486011384e-08
38400.056 3.012710082192314e-08
38450.056 1.7516606441093152e-08
38500.056 1.3840780384063504e-08
38550.056 3.5673743769806253e-08
38600.056 3.6325953936992484e-08
38650.056 3.941301617439522e-08
38700.056 4.0500283261594896e-08
38750.056 3.673541748379974e-08
38800.056 3.6986008398099146e-08
38850.056 4.1753647065702534e-08
38900.056 5.0192731363392826e-08
38950.056 3.425753868220232e-08
39000.056 4.5671801203389425e-08
39050.056 3.578615942111802e-08
39100.056 4.3581083241606356e-08
39150.056 5.859433137259813e-08
39200.056 4.4051198202597e-08
39250.056 5.7065884770801986e-08
39300.056 4.722391406029825e-08
39350.056 6.878635046300027e-08
39400.056 4.735261101764739e-08
39450.056 6.248730746065213e-08
39500.056 6.763267681200084e-08
39550.056 3.887232821631157e-08
39600.056 5.815831306720342e-08
39650.056 7.952529107099694e-08
39700.056 7.041734878400699e-08
39750.056 3.871781789422987e-08
39800.056 4.43016463202008e-08
39850.056 8.391835536200326e-08
39900.056 8.788032256900418e-08
39950.056 5.1680895715597734e-08
40000.056 7.60886485329983e-08
40050.056 7.917428661999896e-08
40100.056 3.516928023081326e-08
40150.056 7.293985488900424e-08
40200.056 7.861496712499078e-08
40250.056 8.481105915098618e-08
40300.056 8.52217505750093e-08
40350.056 5.509942732428852e-08
40400.056 7.801088631306712e-08
40450.056 4.587263948789515e-08
40500.056 8.379295794599516e-08
40550.056 9.001919242678303e-08
40600.056 8.29267082480006e-08
40650.056 6.786811039302417e-08
40700.056 1.109351751509948e-07
40750.056 8.111535441199093e-08
40800.056 5.5327841158287426e-08
40850.056 1.1480367247301269e-07
40900.056 1.0570991819899085e-07
40950.056 8.472852095920803e-08
41000.056 7.776522939399595e-08
41050.056 1.1953740699499175e-07
41100.056 1.0643905791999365e-07
41150.056 5.274308948609784e-08
41200.056 1.1274857696600893e-07
41250.056 1.0353655851528624e-07
41300.056 1.0706595179600592e-07
41350.056 1.2720372739999767e-07
41400.056 1.0619793093900309e-07
41450.056 1.2967463713099683e-07
41500.056 8.942245178168461e-08
41550.056 8.412447365411918e-08
41600.056 9.008066660106372e-08
41650.056 1.162760935840075e-07
41700.056 1.320694163099859e-07
41750.056 1.1037058660599495e-07
41800.056 1.1971212052500938e-07
41850.056 9.94902388561905e-08
41900.056 9.510508415317752e-08
41950.056 1.0344415017700061e-07
42000.056 7.691701729316268e-08
42050.056 7.878128043821312e-08
42100.056 9.945897853998895e-08
42150.056 9.130190530799789e-08
42200.056 9.300651045799146e-08
42250.056 8.795885273710801e-08
42300.056 8.114132939699618e-08
42350.056 1.0935130486100436e-07
42400.056 1.214561370030066e-07
42450.056 1.0937610465901193e-07
42500.056 1.1455718370199539e-07
42550.056 1.0177783491499438e-07
42600.056 1.0583655469402468e-07
42650.056 1.431189057789853e-07
42700.056 8.983326245697767e-08
42750.056 9.518514434701453e-08
42800.056 1.2856610059600447e-07
42850.056 1.3878379863398017e-07
42900.056 1.4277766158901096e-07
42950.056 1.1241942781399505e-07
43000.056 1.3094106313599852e-07
43050.056 7.422881447100965e-08
43100.056 1.200732345149944e-07
43150.056 1.0047036363800374e-07
43200.056 1.230255028450054e-07
43250.056 1.6620371083000563e-07
43300.056 1.525512792599999e-07
43350.056 8.662333072998831e-08
43400.056 1.2665332526000616e-07
43450.056 9.472010220800727e-08
43500.056 1.0030744264900756e-07
43550.056 9.967889326200453e-08
43600.056 1.4494907580200668e-07
43650.056 8.787967354799629e-08
43700.056 1.5400431568101932e-07
43750.056 1.4622421724999398e-07
43800.056 1.3062246519799317e-07
43850.056 1.2076894809401537e-07
43900.056 1.0471635042299284e-07
43950.056 7.74653374609939e-08
44000.056 7.113273297599938e-08
44050.056 1.4373233206500755e-07
44100.056 1.8030308183000412e-07
44150.056 1.688227012499947e-07
44200.056 1.5756811525800393e-07
44250.056 9.810043347799532e-08
44300.056 7.330114741600772e-08
44350.056 8.485156169070904e-08
44400.056 8.387640016799588e-08
44450.056 1.3139086415900836e-07
44500.056 1.1463543437501377e-07
44550.056 1.5832594210999682e-07
44600.056 1.3259446488700342e-07
44650.056 1.3087861906199501e-07
44700.056 9.20590455009896e-08
44750.056 1.210530714610182e-07
44800.056 9.357198110260646e-08
44850.056 1.3279554123500495e-07
44900.056 1.1214900497899807e-07
44950.056 1.2510846961400973e-07
45000.056 1.4174968549000245e-07
45050.056 1.332173429769898e-07
45100.056 1.240312704590084e-07
45150.056 1.1669768645099409e-07
45200.056 8.502073271750543e-08
45250.056 9.988963651398596e-08
45300.056 9.617767325001095e-08
45350.056 7.64081028644065e-08
45400.056 1.6428807604001027e-07
45450.056 1.4610104568201375e-07
45500.056 1.5762304957700602e-07
45550.056 1.7093604915197818e-07
45600.056 1.590782027100095e-07
45650.056 1.3865013175199266e-07
45700.056 8.967892563499524e-08
45750.056 8.025337082240462e-08
45800.056 1.7012161469800716e-07
45850.056 1.4576886441300336e-07
45900.056 1.6858264289999704e-07
45950.056 1.4767896458899348e-07
46000.056 1.6181612871701552e-07
46050.056 1.336311250160031e-07
46100.056 1.8073619160999312e-07
46150.056 1.1815567991199989e-07
46200.056 1.0170697378548974e-07
46250.056 4.5237086453766446e-08
46300.056 1.1972979806800423e-07
46350.056 1.2999303075801274e-07
46400.056 1.2584742898900387e-07
46450.056 1.1029415735219287e-07
46500.056 1.202264977680177e-07
46550.056 7.61981350689999e-08
46600.056 9.394911569318783e-08
46650.056 1.369408820950072e-07
46700.056 1.0263508043298567e-07
46750.056 5.205902663310818e-08
46800.056 3.6585787904997525e-08
46850.056 1.3065315011501451e-07
46900.056 1.4449531366199383e-07
46950.056 1.386572474629932e-07
47000.056 1.3608136498901016e-07
47050.056 1.0080556337537174e-07
47100.056 7.742556943200293e-08
47150.056 1.1539879975401383e-07
47200.056 1.3088363552599435e-07
47250.056 6.822862370029026e-08
47300.056 4.749210838381968e-08
47350.056 1.3858467376400617e-07
47400.056 1.3491449051699388e-07
47450.056 1.0091129446351196e-07
47500.056 1.5075072707599565e-07
47550.056 1.263765794110035e-07
47600.056 1.1774130061798985e-07
47650.056 1.2896334791019265e-07
47700.056 1.0346485331791823e-07
47750.056 7.824054534099995e-08
47800.056 6.610303134300729e-08
47850.056 3.165920096830447e-08
47900.056 5.0157379635298436e-08
47950.056 1.1612644845500537e-07
48000.056 1.4397221897799632e-07
48050.056 1.1882860060999401e-07
48100.056 5.691072659080233e-08
48150.056 9.642662659900395e-08
48200.056 7.210655689499532e-08
48250.056 9.676760061900047e-08
48300.056 1.3858246172000002e-07
48350.056 9.222586587299109e-08
48400.056 2.4020366141994367e-08
48450.056 4.938057628780106e-08
48500.056 8.364004575498253e-08
48550.056 9.166469523501211e-08
48600.056 1.1752254284200154e-07
48650.056 1.4071459533999681e-07
48700.056 1.0316685188500999e-07
48750.056 6.927850452801013e-08
48800.056 1.1918715750500711e-07
48850.056 6.816493132558949e-08
48900.056 8.669863119251186e-08
48950.056 5.317850233279771e-08
49000.056 2.959276160325589e-08
49050.056 8.553368628799021e-08
49100.056 1.0342241931201463e-07
49150.056 8.072854209189885e-08
49200.056 1.2024473093801009e-07
49250.056 1.2284747623900278e-07
49300.056 1.0419742182799578e-07
49350.056 4.7839223405228626e-08
49400.056 6.799970055008622e-08
49450.056 6.156462291876373e-08
49500.056 5.204904721597237e-08
49550.056 1.1925279531799919e-08
49600.056 3.245887276292537e-08
49650.056 7.209789137400145e-08
49700.056 8.264186521398619e-08
49750.056 8.131860672019487e-08
49800.056 5.170164449861868e-08
49850.056 1.0147360364400975e-07
49900.056 9.512662084599802e-08
49950.056 8.629034013299781e-08
50000.056 6.817833378819259e-08
50050.056 8.155211753600445e-08
50100.056 6.872826684499634e-08
50150.056 3.26938385304945e-08
50200.056 6.36871797769081e-09
50250.056 3.709447609599933e-08
50300.056 2.4978481692214235e-08
50350.056 7.745656617800895e-08
50400.056 8.371767486599537e-08
50450.056 5.936922754100122e-08
50500.056 9.369431585300474e-08
50550.056 9.198636528400204e-08
50600.056 6.273212517248305e-08
50650.056 9.464316462901348e-08
50700.056 9.934541217999805e-08
50750.056 6.238489148700165e-08
50800.056 2.32317309446758e-08
50850.056 1.2888065509765923e-08
50900.056 7.173729978200386e-08
50950.056 6.952702509499658e-08
51000.056 5.350631243111699e-08
51050.056 7.531363551298964e-08
51100.056 3.033817928284912e-08
51150.056 3.265448783213067e-08
51200.056 9.226922710399822e-08
51250.056 6.925674168898853e-08
51300.056 4.555071866180753e-08
51350.056 4.671970189783273e-08
51400.056 1.72423947559934e-08
51450.056 1.3442779440216945e-08
51500.056 1.173910315903844e-08
51550.056 4.405729171640663e-08
51600.056 3.948958197850527e-08
51650.056 5.124351041699714e-08
51700.056 5.2393485481022146e-08
51750.056 3.711517062675644e-08
51800.056 6.689567806199307e-08
51850.056 5.240863176169791e-08
51900.056 6.54669454040029e-08
51950.056 3.894593586199488e-08
52000.056 4.18016194462836e-09
52050.056 2.0745852755702515e-08
52100.056 1.2155012464697891e-08
52150.056 7.241598836125788e-09
52200.056 2.1787918932099037e-08
52250.056 3.6117537791206264e-08
52300.056 4.8949270851997596e-08
52350.056 1.4695024848875111e-08
52400.056 1.5770548311999786e-08
52450.056 5.376057149900612e-08
52500.056 4.2798006360780805e-08
52550.056 4.7759404907996536e-08
52600.056 3.633907930250282e-08
52650.056 4.399765806650238e-08
52700.056 2.839645307879987e-08
52750.056 1.2400983664224388e-08
52800.056 2.137367472200374e-08
52850.056 2.6329667809393524e-08
52900.056 1.1706377402620591e-08
52950.056 1.9195249678102573e-08
53000.056 3.552038285600219e-08
53050.056 1.3828334722677261e-08
53100.056 4.5385259446002074e-08
53150.056 4.819766425000137e-08
53200.056 1.9011217911188576e-08
53250.056 4.150278789300165e-08
53300.056 4.772581461041263e-08
53350.056 3.9952857913999754e-08
53400.056 2.7231836440997393e-08
53450.056 8.80102908049729e-09
53500.056 1.929720882969286e-09
53550.056 4.740184062531971e-09
