galfind/configs/Brown_Dwarf_templates/sonora_bobcat/m-0.5/316g/sp_t1700g316nc_m-0.5_resample.dat
# %ECSV 1.0
# ---
# datatype:
# - {name: wav, unit: Angstrom, datatype: float64}
# - {name: flux_nu, unit: erg / (cm2 Hz s), datatype: float64}
# meta: {C/O: '1.00', Kzz: '1.0000E+05', Teff: '1700.', Y: '0.28', '[Fe/H]': '-0.50', f_hole: '1.00', f_rain: '0.00', grav: '316.'}
# schema: astropy-2.0
wav flux_nu
[from data line 497]
28850.056 1.0334261178820858e-06
28900.056 7.573799316409917e-07
28950.056 1.139198443839948e-06
29000.056 9.606669138497923e-07
29050.056 1.0358593706300277e-06
29100.056 8.159302054561274e-07
29150.056 1.115230960340075e-06
29200.056 9.343608767220735e-07
29250.056 1.062042619580961e-06
29300.056 8.494940622497524e-07
29350.056 1.2808133808398778e-06
29400.056 1.0115837964499158e-06
29450.056 1.022125501929982e-06
29500.056 1.0534554030199077e-06
29550.056 1.03755153946003e-06
29600.056 1.1444740220797522e-06
29650.056 1.0498139729299407e-06
29700.056 9.953693851098765e-07
29750.056 1.1627409162502653e-06
29800.056 1.2064135694198465e-06
29850.056 1.1204019459798635e-06
29900.056 1.0657218715903735e-06
29950.056 1.253620908349823e-06
30000.056 1.206692233939796e-06
30050.056 1.119489549009997e-06
30100.056 9.972620634797386e-07
30150.056 1.3830285979199769e-06
30200.056 1.1929055669400542e-06
30250.056 1.2371753340501785e-06
30300.056 1.1380112440899205e-06
30350.056 1.164461256450147e-06
30400.056 1.3289797551901026e-06
30450.056 1.072096627100157e-06
30500.056 9.85773968770098e-07
30550.056 1.1658546627901564e-06
30600.056 1.1542006140200588e-06
30650.056 1.1370421178199468e-06
30700.056 1.0378459270999286e-06
30750.056 1.0185616581199692e-06
30800.056 1.0718174707701957e-06
30850.056 9.286769286398785e-07
30900.056 9.317581495098862e-07
30950.056 8.510734601601231e-07
31000.056 8.845612861500093e-07
31050.056 9.281980413200117e-07
31100.056 7.928456093999753e-07
31150.056 8.44588464029929e-07
31200.056 8.71221862689998e-07
31250.056 8.100702514599916e-07
31300.056 7.774116313699127e-07
31350.056 7.337240185899978e-07
31400.056 6.975773465201034e-07
31450.056 7.041913883599315e-07
31500.056 6.861936709199027e-07
31550.056 6.855786773099966e-07
31600.056 6.374901454099776e-07
31650.056 6.236273815500033e-07
31700.056 6.362501211599348e-07
31750.056 5.888108140201396e-07
31800.056 6.645744842999155e-07
31850.056 6.077881822000735e-07
31900.056 6.84072852480031e-07
31950.056 5.675809674000417e-07
32000.056 6.372135226199002e-07
32050.056 6.684517267600516e-07
32100.056 6.661663311200069e-07
32150.056 7.204426077899463e-07
32200.056 6.410348667299756e-07
32250.056 7.702181050100652e-07
32300.056 6.433692143499508e-07
32350.056 8.230846908400353e-07
32400.056 6.582177196800005e-07
32450.056 8.112281815898051e-07
32500.056 8.049694392201434e-07
32550.056 8.617105767599945e-07
32600.056 8.615473221599838e-07
32650.056 9.507145047000122e-07
32700.056 9.297075348500922e-07
32750.056 9.531260388100032e-07
32800.056 9.399636824600806e-07
32850.056 1.0099946772298828e-06
32900.056 1.0713150857600026e-06
32950.056 9.989089758799566e-07
33000.056 9.802696925299226e-07
33050.056 8.914687011999958e-07
33100.056 7.793598323799479e-07
33150.056 5.007968168500591e-07
33200.056 4.0136541202989077e-07
33250.056 3.3977791590990894e-07
33300.056 3.210942098400483e-07
33350.056 3.602790746100065e-07
33400.056 3.906179789099667e-07
33450.056 4.2541667173000074e-07
33500.056 4.961121096500484e-07
33550.056 5.429575003000646e-07
33600.056 6.23049980160008e-07
33650.056 7.129842632800724e-07
33700.056 7.264179020999699e-07
33750.056 8.872844166999954e-07
33800.056 8.628012359499156e-07
33850.056 9.625299111099807e-07
33900.056 9.220982155399504e-07
33950.056 9.055777076499724e-07
34000.056 9.721606308598959e-07
34050.056 8.728960113098557e-07
34100.056 1.01466788902997e-06
34150.056 9.025788997198479e-07
34200.056 8.183604780698147e-07
34250.056 9.215255210298309e-07
34300.056 7.8842489528959e-07
34350.056 7.779478225399984e-07
34400.056 7.515217033600454e-07
34450.056 8.380883211799968e-07
34500.056 8.790740833799746e-07
34550.056 7.728124533300001e-07
34600.056 9.148956066600143e-07
34650.056 8.750145246099445e-07
34700.056 8.646794681899171e-07
34750.056 9.733846763000747e-07
34800.056 8.648987335298541e-07
34850.056 8.640791460200112e-07
34900.056 9.467547173100001e-07
34950.056 8.745235624798145e-07
35000.056 1.0403287878700588e-06
35050.056 9.193072068499886e-07
35100.056 9.420897738899334e-07
35150.056 1.0366946910599529e-06
35200.056 9.986745407201216e-07
35250.056 1.0758887041199513e-06
35300.056 9.843895014201038e-07
35350.056 9.699639256599e-07
35400.056 1.0605348854801504e-06
35450.056 8.447095165003161e-07
35500.056 1.1347239842700257e-06
35550.056 1.1043255301899633e-06
35600.056 1.0323031568701051e-06
35650.056 1.1963275879000349e-06
35700.056 1.0451994068200038e-06
35750.056 1.1176005117198102e-06
35800.056 1.3607661070000474e-06
35850.056 1.126377143730058e-06
35900.056 1.3687424746899183e-06
35950.056 1.3181576980699776e-06
36000.056 1.296283462190111e-06
36050.056 1.4222285232600848e-06
36100.056 1.4243775708593137e-06
36150.056 1.4107332588201975e-06
36200.056 1.5908197036999415e-06
36250.056 1.4681096081599477e-06
36300.056 1.6667693025000744e-06
36350.056 1.587992515349865e-06
36400.056 1.5970629141900709e-06
36450.056 1.7938011251999415e-06
36500.056 1.6945216276399461e-06
36550.056 1.7910954430004495e-06
36600.056 1.8071437379000839e-06
36650.056 1.8393810640997708e-06
36700.056 2.010217413219904e-06
36750.056 1.9191846043001383e-06
36800.056 2.0057794525999127e-06
36850.056 2.1089914798999612e-06
36900.056 2.045030466900142e-06
36950.056 2.1601007895998616e-06
37000.056 2.1978023984999086e-06
37050.056 2.2386667435999475e-06
37100.056 2.255537539900157e-06
37150.056 2.2703775821999045e-06
37200.056 2.351646477700002e-06
37250.056 2.3772109273999243e-06
37300.056 2.3418328597999757e-06
37350.056 2.278227338700272e-06
37400.056 2.4766340025999344e-06
37450.056 2.3491337414001095e-06
37500.056 2.4784225186998745e-06
37550.056 2.5295688253998866e-06
37600.056 2.626639619799974e-06
37650.056 2.4990525402000003e-06
37700.056 2.6513211406000364e-06
37750.056 2.591002212800032e-06
37800.056 2.678692539100051e-06
37850.056 2.5876316263999573e-06
37900.056 2.6381516222002395e-06
37950.056 2.6426271531999976e-06
38000.056 2.739964171400115e-06
38050.056 2.716609912400128e-06
38100.056 2.6164918123001603e-06
38150.056 2.824376866199952e-06
38200.056 2.8261906117999977e-06
38250.056 2.681005960100173e-06
38300.056 2.7259158959999713e-06
38350.056 2.811135612000008e-06
38400.056 2.7913782949998736e-06
38450.056 2.917914418500031e-06
38500.056 2.805709624400032e-06
38550.056 2.8776123120001092e-06
38600.056 3.0268536938999202e-06
38650.056 2.841252098299992e-06
38700.056 2.8502744472002418e-06
38750.056 2.9581406665000184e-06
38800.056 2.8993412457000943e-06
38850.056 2.8861678212000066e-06
38900.056 2.822121389699942e-06
38950.056 2.978541490099994e-06
39000.056 2.921149890800065e-06
39050.056 2.9721666777999144e-06
39100.056 2.811200200900165e-06
39150.056 2.9417347504000636e-06
39200.056 2.974476630299989e-06
39250.056 2.9541747256997705e-06
39300.056 2.9324983799997755e-06
39350.056 2.952066410900172e-06
39400.056 2.9393603226000814e-06
39450.056 2.9628025272999464e-06
39500.056 2.8654205047998976e-06
39550.056 2.86197015749979e-06
39600.056 3.0322261178999083e-06
39650.056 2.846171588400038e-06
39700.056 2.8814392862999937e-06
39750.056 2.868244400499892e-06
39800.056 2.7580069699000588e-06
39850.056 2.8852566849999107e-06
39900.056 2.8100339899000125e-06
39950.056 2.905011191899863e-06
40000.056 2.7106307126999744e-06
40050.056 2.6560292039000193e-06
40100.056 2.777784380199933e-06
40150.056 2.657662441699724e-06
40200.056 2.742865608499885e-06
40250.056 2.5632460691994725e-06
40300.056 2.5717131388002245e-06
40350.056 2.6796428755001026e-06
40400.056 2.6506971308000627e-06
40450.056 2.56452234000008e-06
40500.056 2.3972233848001635e-06
40550.056 2.689110663999844e-06
40600.056 2.3499854941001575e-06
40650.056 2.554743924000045e-06
40700.056 2.658220691600026e-06
40750.056 2.3894494915994207e-06
40800.056 2.3417062199199843e-06
40850.056 2.2922949196803855e-06
40900.056 2.313721252400097e-06
40950.056 2.3748901535399705e-06
41000.056 2.4018779239999456e-06
41050.056 2.3797761068197293e-06
41100.056 2.239401191699924e-06
41150.056 2.38262719829997e-06
41200.056 2.297601580300065e-06
41250.056 2.3037842168000936e-06
41300.056 2.0471161240997334e-06
41350.056 2.3385842202000568e-06
41400.056 2.176573666400156e-06
41450.056 2.223480932900177e-06
41500.056 2.268542914100102e-06
41550.056 2.210866717550022e-06
41600.056 2.2007651652000835e-06
41650.056 2.132374381200205e-06
41700.056 2.0327208818798265e-06
41750.056 2.149282748799893e-06
41800.056 2.2646106920598667e-06
41850.056 1.8471616955602335e-06
41900.056 2.193363857939858e-06
41950.056 2.1741642082002374e-06
42000.056 2.1209145538002954e-06
42050.056 1.931741536219709e-06
42100.056 2.2075349141001865e-06
42150.056 1.778055875049849e-06
42200.056 1.8161803966301274e-06
42250.056 2.1135729552099293e-06
42300.056 1.9069853571900283e-06
42350.056 2.111127147540275e-06
42400.056 1.9098384101101775e-06
42450.056 1.7186377584000303e-06
42500.056 1.7803426333501404e-06
42550.056 1.8199245799599935e-06
42600.056 1.8608561449901904e-06
42650.056 1.925675152599496e-06
42700.056 1.9109157798501263e-06
42750.056 1.7783347465000176e-06
42800.056 1.8528287221102423e-06
42850.056 1.9791415409997205e-06
42900.056 1.962533484910098e-06
42950.056 1.6781323531195018e-06
43000.056 1.810063348610034e-06
43050.056 1.5792069812305447e-06
43100.056 1.7110676371599552e-06
43150.056 1.6902750275201819e-06
43200.056 1.6133217593000315e-06
43250.056 1.7032028511800029e-06
43300.056 1.7248262755000617e-06
43350.056 1.497548140679739e-06
43400.056 1.5625661261399405e-06
43450.056 1.5118572394901914e-06
43500.056 1.518050249299856e-06
43550.056 1.5203100105099947e-06
43600.056 1.6207856727900873e-06
43650.056 1.3975634367699994e-06
43700.056 1.4789452530999968e-06
43750.056 1.4711715945201192e-06
43800.056 1.3682630032599765e-06
43850.056 1.3589450952502182e-06
43900.056 1.4158612982199227e-06
43950.056 1.2876107867499417e-06
44000.056 1.1926007543500296e-06
44050.056 1.2138250029600394e-06
44100.056 1.2954979233001448e-06
44150.056 1.3227682682699396e-06
44200.056 1.2243365199900613e-06
44250.056 1.1976362951799829e-06
44300.056 1.1564115856201146e-06
44350.056 1.1222335653100767e-06
44400.056 1.1659704542399408e-06
44450.056 1.177798108600045e-06
44500.056 1.1477356338701218e-06
44550.056 1.0860894419198494e-06
44600.056 1.0695467388001164e-06
44650.056 1.1478965652200248e-06
44700.056 1.0562135650200452e-06
44750.056 1.0961311188099035e-06
44800.056 1.0805871950999561e-06
44850.056 1.0721495605701022e-06
44900.056 1.0152266441000798e-06
44950.056 9.855514554000593e-07
45000.056 1.0406097265899726e-06
45050.056 1.0445259414399427e-06
45100.056 1.0833672675500088e-06
45150.056 9.8987541103e-07
45200.056 9.254513218200084e-07
45250.056 9.635100220999312e-07
45300.056 1.0386119328900283e-06
45350.056 1.054404581529927e-06
45400.056 9.932412981700975e-07
45450.056 9.383699199398731e-07
45500.056 9.790205649499472e-07
45550.056 1.0449705513399812e-06
45600.056 9.70863153359985e-07
45650.056 9.020571660998592e-07
45700.056 1.0303327813000728e-06
45750.056 9.380909070300292e-07
45800.056 9.29798276579961e-07
45850.056 1.093473535279963e-06
45900.056 1.058756230130024e-06
45950.056 9.402877879600002e-07
46000.056 1.0888501954700246e-06
46050.056 1.0971834580802146e-06
46100.056 9.195101680600658e-07
46150.056 1.0044328206999363e-06
46200.056 1.0459437026001973e-06
46250.056 9.017229355199994e-07
46300.056 1.1223865361699943e-06
46350.056 9.923493577299222e-07
46400.056 1.0148343629499254e-06
46450.056 1.050163124250085e-06
46500.056 9.501459187899489e-07
46550.056 1.1450025595000047e-06
46600.056 1.074466319310058e-06
46650.056 1.3207397692098294e-06
46700.056 1.2585184796603946e-06
46750.056 1.0181767551699992e-06
46800.056 1.0791488246701098e-06
46850.056 1.1699023235701346e-06
46900.056 1.096621032519852e-06
46950.056 1.2416452477699822e-06
47000.056 1.0363185340100145e-06
47050.056 1.2425943617798966e-06
47100.056 9.6201093187007e-07
47150.056 1.0736646144100687e-06
47200.056 1.1554459515601921e-06
47250.056 1.0324800371699205e-06
47300.056 1.0686007029798372e-06
47350.056 9.541398505098993e-07
47400.056 1.146372052309857e-06
47450.056 1.0019665448399442e-06
47500.056 1.148653938939902e-06
47550.056 1.0097033537199423e-06
47600.056 1.1477857566499073e-06
47650.056 8.927851202698587e-07
47700.056 1.1692556859800434e-06
47750.056 8.499668677501462e-07
47800.056 1.143535803149933e-06
47850.056 8.835112488099288e-07
47900.056 1.116992174400028e-06
47950.056 9.098095766901028e-07
48000.056 1.2488280188099926e-06
48050.056 9.771221763201028e-07
48100.056 1.0914381311899782e-06
48150.056 9.717983228601258e-07
48200.056 1.1429378565000796e-06
48250.056 9.614423545300416e-07
48300.056 1.2343110138298488e-06
48350.056 8.879496566999189e-07
48400.056 1.0908101578199778e-06
48450.056 9.266184969900272e-07
48500.056 1.2496530818100149e-06
48550.056 8.832241574999847e-07
48600.056 1.1800178979599282e-06
48650.056 9.214012104899738e-07
48700.056 1.1802875883600725e-06
48750.056 8.335470048000496e-07
48800.056 1.2438995951400459e-06
48850.056 8.900247401898334e-07
48900.056 1.1995373721700922e-06
48950.056 1.0396376827900017e-06
49000.056 1.0157162899699412e-06
49050.056 1.1363660914499665e-06
49100.056 1.0174429921000588e-06
49150.056 1.081401380249945e-06
49200.056 1.0047470179699595e-06
49250.056 1.0833565412600244e-06
49300.056 9.504639542299246e-07
49350.056 1.0211707223399854e-06
49400.056 1.154902695750015e-06
49450.056 1.0131538173102078e-06
49500.056 1.0490985187500163e-06
49550.056 9.282429796899528e-07
49600.056 1.0176167304801607e-06
49650.056 1.058047618239972e-06
49700.056 9.349603964799122e-07
49750.056 1.3532405860398835e-06
49800.056 1.0018789932800217e-06
49850.056 1.2771649736100839e-06
49900.056 1.0378746929200158e-06
49950.056 1.0756184248998616e-06
50000.056 1.082750828639798e-06
50050.056 1.0640020645500473e-06
50100.056 1.173088471239935e-06
50150.056 9.712606714800124e-07
50200.056 9.233801892100834e-07
50250.056 1.101223721940022e-06
50300.056 1.003145517459964e-06
50350.056 1.225299683709984e-06
50400.056 1.0300756544199224e-06
50450.056 1.0321834945001315e-06
50500.056 1.272044639820127e-06
50550.056 1.0655795550399965e-06
50600.056 1.1400552743199613e-06
50650.056 1.0850313516401395e-06
50700.056 1.2172872882698514e-06
50750.056 1.2668811977301322e-06
50800.056 9.059115777598742e-07
50850.056 1.0897801371601222e-06
50900.056 1.193861486209942e-06
50950.056 1.1511210441802024e-06
51000.056 1.3588247312401136e-06
51050.056 1.0605114384900768e-06
51100.056 1.0080275406299307e-06
51150.056 1.1604546754699527e-06
51200.056 1.131512174539994e-06
51250.056 1.2038681687800085e-06
51300.056 9.862679491702512e-07
51350.056 1.1457437401898916e-06
51400.056 1.0432543670998516e-06
51450.056 8.208574247498715e-07
51500.056 1.0557270522300901e-06
51550.056 1.3562397602001033e-06
51600.056 9.454813077700434e-07
51650.056 1.1162190437798661e-06
51700.056 1.0845092712897264e-06
51750.056 9.93981987880033e-07
51800.056 1.2198932480297603e-06
51850.056 1.1589928264198792e-06
51900.056 1.2746055493401351e-06
51950.056 1.1619828400199204e-06
52000.056 9.452987603499686e-07
52050.056 1.1307576980399388e-06
52100.056 1.0400195781399064e-06
52150.056 1.0418366760800387e-06
52200.056 1.004732158750017e-06
52250.056 1.0711044471099946e-06
52300.056 1.232189511439969e-06
52350.056 1.2403299211000768e-06
52400.056 9.239646095501264e-07
52450.056 1.0818032971400228e-06
52500.056 1.2247964454498224e-06
52550.056 1.1615565788897887e-06
52600.056 1.1401302682500952e-06
52650.056 1.2547449547501439e-06
52700.056 1.0659320749500342e-06
52750.056 9.303353869499389e-07
52800.056 1.0184895032500776e-06
52850.056 9.844643906398903e-07
52900.056 1.0977125419500082e-06
52950.056 1.0626463262699364e-06
53000.056 1.2273580840199848e-06
53050.056 1.0344047414197958e-06
53100.056 1.050443163809879e-06
53150.056 1.2935004951201164e-06
53200.056 8.778959542400626e-07
53250.056 1.218595515690006e-06
53300.056 1.2141794552304076e-06
53350.056 1.2102747531298816e-06
53400.056 1.1524605715600594e-06
