galfind/configs/Brown_Dwarf_templates/sonora_bobcat/m-0.5/316g/sp_t525g316nc_m-0.5_resample.dat
# %ECSV 1.0
# ---
# datatype:
# - {name: wav, unit: Angstrom, datatype: float64}
# - {name: flux_nu, unit: erg / (cm2 Hz s), datatype: float64}
# meta: {C/O: '1.00', Kzz: '1.0000E+05', Teff: '525.', Y: '0.28', '[Fe/H]': '-0.50', f_hole: '1.00', f_rain: '0.00', grav: '316.'}
# schema: astropy-2.0
wav flux_nu
4000.0559999999996 nan
4050.0559999999996 3.7813620655787275e-17
4100.056 1.545019240603037e-14
4150.056 1.8363652041500178e-13
4200.056 1.8641170428499084e-13
4250.056 1.5373505798100137e-12
4300.056 3.2392666864000165e-12
4350.056 5.196077905700016e-12
4400.056 7.864773654400032e-12
4450.056 1.1630338586800076e-11
4500.056 1.4972145061000022e-11
4550.056 1.4826381560299932e-11
4600.056 4.679226610599978e-12
4650.056 2.3763407003999838e-12
4700.056 8.503756529499898e-13
4750.056 1.5937421057299738e-13
4800.056 3.1250975509999586e-14
4850.056 7.185666359099906e-15
4900.056 2.64025693279998e-15
4950.056 1.422000223099992e-15
5000.056 8.556886136899958e-16
5050.056 6.495170037100011e-16
5100.056 6.938763078900015e-16
5150.056 7.71358821160001e-16
5200.056 8.622589025100004e-16
5250.056 9.75813143010001e-16
5300.056 1.1043905067000009e-15
5350.056 1.252691061600002e-15
5400.056 1.430104333000002e-15
5450.056 1.6086166780000012e-15
5500.056 1.788999524100002e-15
5550.056 1.9680019200000024e-15
5600.056 2.146676755500002e-15
5650.056 2.3095796790000013e-15
5700.056 2.4190666154000017e-15
5750.056 2.377750411199998e-15
5800.056 2.104057038299994e-15
5850.056 1.4665717652799846e-15
5900.056 5.020320258219187e-16
5950.056 3.0160257516000476e-15
6000.056 6.640870692800051e-15
6050.056 1.167013458230009e-14
6100.056 1.8524080195000108e-14
6150.056 2.8057907956000154e-14
6200.056 4.1281244357000194e-14
6250.056 5.925308469300027e-14
6300.056 8.267459137500037e-14
6350.056 1.1332027349200052e-13
6400.056 1.5363399631000064e-13
6450.056 2.0214156815000005e-13
6500.056 2.701077630500018e-13
6550.056 3.6261219812999865e-13
6600.056 4.855169781300057e-13
6650.056 6.528476369500035e-13
6700.056 8.463164261400051e-13
6750.056 1.1386967180700045e-12
6800.056 1.4320664340000061e-12
6850.056 1.6493826112000023e-12
6900.056 1.6331058585000071e-12
6950.056 1.5364391193800026e-12
7000.056 1.6743586003999923e-12
7050.056 1.831499155099994e-12
7100.056 2.056636127399996e-12
7150.056 1.9859811158899738e-12
7200.056 1.9438825881899965e-12
7250.056 2.1115530832099275e-12
7300.056 2.167595159010085e-12
7350.056 2.393620197999995e-12
7400.056 2.592039446800034e-12
7450.056 2.7833026878000343e-12
7500.056 2.863751316100003e-12
7550.056 2.795658024699997e-12
7600.056 2.55357443759999e-12
7650.056 8.941291550959642e-13
7700.056 6.644479691060253e-13
7750.056 2.494759821000037e-12
7800.056 3.945782896560036e-12
7850.056 6.188549621200011e-12
7900.056 8.074575488500006e-12
7950.056 9.018615914700057e-12
8000.056 1.2735199915000086e-11
8050.056 1.5584736716000103e-11
8100.056 1.641619999809973e-11
8150.056 1.7153635584700262e-11
8200.056 2.4537154131100626e-11
8250.056 2.7922516380759825e-11
8300.056 3.3933821729800654e-11
8350.056 4.056391478279983e-11
8400.056 4.980034030200007e-11
8450.056 6.384145459500006e-11
8500.056 7.436022047999902e-11
8550.056 9.485507062800195e-11
8600.056 1.1826848336000087e-10
8650.056 1.4246560489000107e-10
8700.056 1.6823534640000145e-10
8750.056 2.012742507100016e-10
8800.056 2.367232225300013e-10
8850.056 2.636296953699993e-10
8900.056 2.105494515799949e-10
8950.056 1.9864484879900168e-10
9000.056 2.413490551959869e-10
9050.056 4.4048008660400503e-10
9100.056 5.222233770796175e-10
9150.056 6.147716714930101e-10
9200.056 7.935238540010165e-10
9250.056 8.120768978589815e-10
9300.056 1.9099406856425696e-10
9350.056 2.910202505971571e-10
9400.056 7.322627854547277e-10
9450.056 6.650413859020858e-10
9500.056 6.401095493414022e-10
9550.056 7.029302771262786e-10
9600.056 8.08007560328758e-10
9650.056 1.1393709119487299e-09
9700.056 1.9447092254793067e-09
9750.056 2.085343451863239e-09
9800.056 2.5324462469239522e-09
9850.056 3.100706547199942e-09
9900.056 3.9725765480001206e-09
9950.056 4.4937578161000856e-09
10000.056 3.74891726441099e-09
10050.056 5.089197251000011e-09
10100.056 5.393185561800032e-09
10150.056 5.269466844400009e-09
10200.056 4.935105134400147e-09
10250.056 5.642304486600061e-09
10300.056 6.6620337561997364e-09
10350.056 5.996728104800176e-09
10400.056 7.171558579200049e-09
10450.056 7.915185445499579e-09
10500.056 8.50908369829991e-09
10550.056 9.156602225700031e-09
10600.056 9.396027804600022e-09
10650.056 9.400198320300018e-09
10700.056 9.059683109900007e-09
10750.056 8.939988277e-09
10800.056 8.680650166800034e-09
10850.056 8.253307205500018e-09
10900.056 7.2698167881998924e-09
10950.056 5.048030869600016e-09
11000.056 3.4655420751696682e-09
11050.056 2.021856666446005e-09
11100.056 1.135908583621105e-09
11150.056 5.882290276915243e-10
11200.056 5.758807636337487e-10
11250.056 7.99934399151213e-10
11300.056 9.741004636133404e-10
11350.056 3.948225061598609e-10
11400.056 1.3887724236025353e-09
11450.056 8.556614300085364e-10
11500.056 8.820347363398482e-10
11550.056 3.570038896756605e-10
11600.056 2.6693009243598555e-10
11650.056 6.284920056954349e-10
11700.056 7.621436101873749e-10
11750.056 3.52587810289168e-10
11800.056 1.203855731396927e-09
11850.056 1.6847507133499448e-09
11900.056 1.9858352056899583e-09
11950.056 2.564318289260151e-09
12000.056 3.2713332730701607e-09
12050.056 4.1751166235000805e-09
12100.056 4.871340701119798e-09
12150.056 5.980536327599861e-09
12200.056 6.68272582810012e-09
12250.056 8.064937091999684e-09
12300.056 1.010742926420025e-08
12350.056 1.1146217360599997e-08
12400.056 1.3566346571199912e-08
12450.056 1.6171275348000126e-08
12500.056 1.801589519200049e-08
12550.056 2.011509194500001e-08
12600.056 2.2853075383000387e-08
12650.056 2.5293168191999953e-08
12700.056 2.640200378400006e-08
12750.056 2.3827155863000205e-08
12800.056 2.101039140799982e-08
12850.056 1.6536754707799768e-08
12900.056 1.4432050669600321e-08
12950.056 1.296678807880051e-08
13000.056 1.3784675921000982e-08
13050.056 1.1080884073450129e-08
13100.056 1.1454994334408988e-08
13150.056 8.45431502523565e-09
13200.056 8.617570315505567e-09
13250.056 6.857230504290798e-09
13300.056 3.079977006421212e-09
13350.056 1.1054527012151184e-09
13400.056 2.982033872124542e-10
13450.056 1.0683509692418685e-10
13500.056 4.415598226609143e-11
13550.056 1.5537406588418203e-11
13600.056 5.87019569392612e-12
13650.056 3.244482038497123e-11
13700.056 1.8203239644155888e-11
13750.056 5.8082034692405315e-11
13800.056 6.437197821295333e-11
13850.056 2.601933635074192e-11
13900.056 3.52891620458348e-11
13950.056 3.523006336964383e-11
14000.056 4.3141652351943375e-11
14050.056 6.559402185628097e-11
14100.056 5.014647458158128e-11
14150.056 9.613863611806576e-11
14200.056 6.324970321338447e-11
14250.056 8.174098145093304e-11
14300.056 2.4789953753336567e-10
14350.056 2.0263233737750378e-10
14400.056 2.0219049633882515e-10
14450.056 3.592928448151893e-10
14500.056 7.230497089792257e-10
14550.056 7.239824680686109e-10
14600.056 1.1514729981297724e-09
14650.056 6.65063475773382e-10
14700.056 3.366188443759637e-10
14750.056 2.4854570492446614e-10
14800.056 3.197233394246008e-10
14850.056 3.555312075950059e-10
14900.056 3.6705576815219654e-10
14950.056 3.454490437178489e-10
15000.056 7.523801364877966e-10
15050.056 7.636651460884151e-10
15100.056 4.764447683349148e-10
15150.056 2.878546759465345e-10
15200.056 6.499477297905216e-10
15250.056 1.1795281087976403e-09
15300.056 1.4595984505546498e-09
15350.056 1.7319096487276427e-09
15400.056 2.202951854019406e-09
15450.056 2.7420154530269924e-09
15500.056 3.350070514974522e-09
15550.056 4.618790024110607e-09
15600.056 6.232939996599619e-09
15650.056 8.524257105700562e-09
15700.056 1.1111785848900153e-08
15750.056 1.2663720823900215e-08
15800.056 1.4176260375199919e-08
15850.056 1.5604936597000427e-08
15900.056 1.5950476383900098e-08
15950.056 1.613899292099988e-08
16000.056 1.4512460310000171e-08
16050.056 1.133350470909968e-08
16100.056 8.264730991599822e-09
16150.056 5.388727895409685e-09
16200.056 3.106689831954176e-09
16250.056 2.2622966935536604e-09
16300.056 1.6349950999687805e-09
16350.056 1.9240195881901766e-09
16400.056 2.170466526405021e-09
16450.056 2.258629102698411e-09
16500.056 2.1526897853028194e-09
16550.056 2.134208488832769e-09
16600.056 3.0172035693947e-09
16650.056 1.8895167107968863e-09
16700.056 5.237467319259936e-10
16750.056 1.4336605590969618e-09
16800.056 1.979797078299337e-09
16850.056 1.986485224489276e-09
16900.056 1.3275582509629867e-09
16950.056 9.793734228278588e-10
17000.056 6.490463218488029e-10
17050.056 1.0576988032755072e-09
17100.056 1.461609546545768e-09
17150.056 1.0760840800083713e-09
17200.056 2.1782430702656742e-09
17250.056 1.3714737414506419e-09
17300.056 1.0946736555839876e-09
17350.056 1.1655613095449776e-09
17400.056 1.512244408652143e-09
17450.056 1.7036385585213858e-09
17500.056 1.973429066885398e-09
17550.056 1.6415618506224187e-09
17600.056 1.4296665326532773e-09
17650.056 1.2017209510181333e-09
17700.056 1.025714602597276e-09
17750.056 8.109304400502741e-10
17800.056 1.217137182770945e-09
17850.056 7.214528801631037e-10
17900.056 6.017808950761442e-10
17950.056 4.226337907705954e-10
18000.056 5.985834034243607e-10
18050.056 3.5643654543664773e-10
18100.056 4.1786459065307276e-10
18150.056 3.6932739983251935e-10
18200.056 2.494574596718527e-10
18250.056 6.782955427589239e-10
18300.056 2.0530034137786535e-10
18350.056 1.772911656189731e-10
18400.056 1.2913060506374153e-10
18450.056 4.140251313813655e-10
18500.056 3.7353834011589724e-10
18550.056 2.3003943840545267e-10
18600.056 2.710041523871218e-10
18650.056 1.857810477846112e-10
18700.056 6.979717092229057e-11
18750.056 1.4546443445711306e-10
18800.056 5.603138457538841e-10
18850.056 5.093783167046514e-10
18900.056 4.51796520506398e-10
18950.056 6.662188009343951e-10
19000.056 2.6781153283431397e-10
19050.056 1.3723848516969815e-10
19100.056 2.844483925130541e-10
19150.056 1.4176144584418474e-10
19200.056 2.044895941191499e-10
19250.056 1.460075061369867e-10
19300.056 1.0859588606777145e-10
19350.056 1.001626988872262e-10
19400.056 7.893366503114656e-11
19450.056 1.1638454808949063e-10
19500.056 1.1022871411541158e-10
19550.056 1.4306472757287863e-10
19600.056 2.3270032805519196e-10
19650.056 1.997419964676746e-10
19700.056 2.516325709510456e-10
19750.056 3.254642376643798e-10
19800.056 2.4546730661010383e-10
19850.056 3.01436463914284e-10
19900.056 3.652462299107035e-10
19950.056 4.55990549996626e-10
20000.056 5.045939462255685e-10
20050.056 4.4096320065475397e-10
20100.056 6.423507546242561e-10
20150.056 4.4470771908140134e-10
20200.056 3.5665512996634973e-10
20250.056 5.483765639293853e-10
20300.056 5.929909386666402e-10
20350.056 5.915247118839954e-10
20400.056 5.817663383929695e-10
20450.056 8.063953423591712e-10
20500.056 8.6294372948994e-10
20550.056 9.035915733600552e-10
20600.056 9.397140492200914e-10
20650.056 1.021780017689943e-09
20700.056 1.0627945610000252e-09
20750.056 1.0826118779599697e-09
20800.056 1.0594115874198955e-09
20850.056 1.1113748744200105e-09
20900.056 1.1132705074699765e-09
20950.056 1.088528149870021e-09
21000.056 1.0689370819300023e-09
21050.056 1.0831085641499885e-09
21100.056 1.0629975577700078e-09
21150.056 1.059681875129968e-09
21200.056 1.041149725550024e-09
21250.056 1.021023493539945e-09
21300.056 9.749161890699923e-10
21350.056 9.544854403099754e-10
21400.056 9.758926059000926e-10
21450.056 8.885496075230253e-10
21500.056 8.537024638949266e-10
21550.056 8.112460959897896e-10
21600.056 7.645027692213253e-10
21650.056 6.67808699478594e-10
21700.056 6.760150657599549e-10
21750.056 6.060531511764433e-10
21800.056 4.949356081301303e-10
21850.056 4.636268665053969e-10
21900.056 3.814789278803293e-10
21950.056 2.3323196429448695e-10
22000.056 6.098990841120008e-11
22050.056 8.599827388413726e-11
22100.056 2.3022214604146578e-10
22150.056 1.7729920099280975e-10
22200.056 1.830180833650185e-10
22250.056 1.6203018120068374e-10
22300.056 9.830619777060443e-11
22350.056 1.2075800980483367e-10
22400.056 5.7302365463890914e-11
22450.056 7.829335436938706e-11
22500.056 6.460482893521502e-11
22550.056 4.401149429487499e-11
22600.056 3.8504154496012415e-11
22650.056 5.7439680838359506e-11
22700.056 5.2761250766094305e-11
22750.056 6.493117311448989e-11
22800.056 7.452910343288982e-11
22850.056 5.460472404957467e-11
22900.056 4.410913356076643e-11
22950.056 3.946227689040225e-11
23000.056 4.6442115196772015e-11
23050.056 5.7275706589532176e-11
23100.056 1.9594328304252537e-10
23150.056 1.5196614662742518e-10
23200.056 1.5694001296189482e-11
23250.056 5.5292416340383584e-11
23300.056 4.6693338523942214e-11
23350.056 5.6039524578717966e-11
23400.056 4.425086462036054e-11
23450.056 3.423647285335833e-11
23500.056 3.6671235187665693e-11
23550.056 6.543124031770634e-11
23600.056 1.0656605310867621e-10
23650.056 1.347067363870757e-10
23700.056 3.410613894553332e-11
23750.056 4.026390188071149e-11
23800.056 1.3058855046245966e-10
23850.056 9.105739927805047e-11
23900.056 1.6912865886542717e-10
23950.056 1.0694443853577543e-10
24000.056 1.9867977358069612e-10
24050.056 2.0759688239096256e-10
24100.056 2.1837415374009008e-10
24150.056 2.9607355634148115e-10
24200.056 2.3427763189532424e-10
24250.056 2.0772874008999757e-10
24300.056 3.4585820999600655e-10
24350.056 2.8589003666646555e-10
24400.056 4.888627344866602e-10
24450.056 5.136573401611665e-10
24500.056 4.671237255963546e-10
24550.056 6.774805082913873e-10
24600.056 7.291998628829259e-10
24650.056 9.131274660424448e-10
24700.056 7.032580879313898e-10
24750.056 8.313930882727373e-10
24800.056 7.755337862780223e-10
24850.056 1.1388692360206247e-09
24900.056 5.62214749704534e-10
24950.056 1.035184170131754e-09
25000.056 1.0208355384445137e-09
25050.056 6.339183489305899e-10
25100.056 9.993582466456492e-10
25150.056 5.423225533782091e-10
25200.056 7.87777063101105e-10
25250.056 3.3806519825993265e-10
25300.056 5.025766129604245e-10
25350.056 2.3548668006797096e-10
25400.056 5.78884707775921e-10
25450.056 2.0903707665677505e-10
25500.056 1.8498578712670239e-10
25550.056 3.8576803060744175e-10
25600.056 2.3672648935758723e-10
25650.056 1.0516412892863563e-10
25700.056 1.501189199256658e-10
25750.056 4.1695727423875694e-11
25800.056 2.325565903791535e-10
25850.056 4.788881469745442e-11
25900.056 7.416028069313067e-11
25950.056 1.751911406079219e-11
26000.056 2.2179845443296794e-10
26050.056 2.964738484414736e-11
26100.056 1.5799376712786917e-10
26150.056 7.106886244902823e-11
26200.056 8.779876895172209e-11
26250.056 5.489401718495824e-10
26300.056 1.2824472139060135e-10
26350.056 8.61782102873258e-10
26400.056 1.0070396099269355e-09
26450.056 7.042527285688345e-10
26500.056 1.4322045864460113e-09
26550.056 2.126870100627673e-10
26600.056 2.5738284746267804e-10
26650.056 3.9457068912782076e-11
26700.056 2.4038439870631298e-11
26750.056 2.912790851658689e-11
26800.056 9.016693779873844e-11
26850.056 4.795146078435027e-11
26900.056 2.451617314903976e-10
26950.056 8.475011673549429e-11
27000.056 4.625425253020999e-10
27050.056 5.210694527733525e-10
27100.056 7.396525252999687e-11
27150.056 6.984410433242417e-10
27200.056 7.210564224166484e-11
27250.056 2.372255393566906e-10
27300.056 1.5295750910207136e-09
27350.056 5.34894869608004e-10
27400.056 3.103609551397129e-11
27450.056 6.759087243060823e-10
27500.056 8.687068202844691e-10
27550.056 1.248166096142129e-10
27600.056 3.775154454723446e-10
27650.056 9.741713459382599e-11
27700.056 8.352686865753063e-11
27750.056 5.533650380967573e-10
27800.056 1.6863620569465327e-10
27850.056 2.690405175017119e-10
27900.056 3.0238276868652e-10
27950.056 7.236458139873239e-10
28000.056 5.949819495369651e-10
28050.056 8.025191034816042e-11
28100.056 6.776556692248348e-10
28150.056 4.5940007619349787e-10
28200.056 1.3324636037309697e-10
28250.056 9.128000401997782e-10
28300.056 8.766299396344172e-10
28350.056 1.6794560939474087e-10
28400.056 6.297737758449195e-10
28450.056 1.10336660342156e-09
28500.056 6.677265029941425e-10
28550.056 1.3770046408153836e-10
28600.056 1.1268011591287684e-09
28650.056 7.146015208862775e-10
28700.056 9.854257142548493e-10
28750.056 1.669037954426862e-09
28800.056 7.846521998553676e-10
28850.056 1.5087522200595305e-09
