galfind/configs/Brown_Dwarf_templates/sonora_bobcat/m-0.5/316g/sp_t1100g316nc_m-0.5_resample.dat
# %ECSV 1.0
# ---
# datatype:
# - {name: wav, unit: Angstrom, datatype: float64}
# - {name: flux_nu, unit: erg / (cm2 Hz s), datatype: float64}
# meta: {C/O: '1.00', Kzz: '1.0000E+05', Teff: '1100.', Y: '0.28', '[Fe/H]': '-0.50', f_hole: '1.00', f_rain: '0.00', grav: '316.'}
# schema: astropy-2.0
wav flux_nu
4000.0559999999996 nan
4050.0559999999996 3.1806189493977374e-12
4100.056 7.027730626609539e-11
4150.056 1.28358809109006e-10
4200.056 1.1275025214392774e-10
4250.056 1.6314317678001073e-10
4300.056 1.9048980243201506e-10
4350.056 2.0148973448100641e-10
4400.056 2.4341529636200623e-10
4450.056 2.559815663430055e-10
4500.056 2.5938117167301335e-10
4550.056 3.142588313739787e-10
4600.056 3.161280500959994e-10
4650.056 2.9702529472998575e-10
4700.056 3.244768036100019e-10
4750.056 2.2355647110299765e-10
4800.056 8.07201100180006e-11
4850.056 2.964254861899959e-11
4900.056 1.2552668923899888e-11
4950.056 5.277216840199947e-12
5000.056 1.5999633823699825e-12
5050.056 4.886115643399961e-13
5100.056 3.477896359099984e-13
5150.056 2.737409688899961e-13
5200.056 2.1103065048000094e-13
5250.056 1.5669418014999943e-13
5300.056 1.1821066185999963e-13
5350.056 9.270843363999976e-14
5400.056 7.608698114999978e-14
5450.056 6.430847775999971e-14
5500.056 5.5798257302999875e-14
5550.056 4.9638309288999936e-14
5600.056 4.495846587999987e-14
5650.056 4.0924346108000003e-14
5700.056 3.7244575264999984e-14
5750.056 3.2206419132999914e-14
5800.056 2.5774926350999917e-14
5850.056 1.619419937119982e-14
5900.056 4.586468539513688e-15
5950.056 3.38938709820004e-14
6000.056 7.937484885800088e-14
6050.056 1.5515874201000122e-13
6100.056 2.843951693900018e-13
6150.056 5.17311066760004e-13
6200.056 9.511516680000073e-13
6250.056 1.7704594628000157e-12
6300.056 3.2912943081000315e-12
6350.056 6.068051663200056e-12
6400.056 1.0939150300600091e-11
6450.056 1.9084975431000135e-11
6500.056 3.205899557600023e-11
6550.056 5.21269142940004e-11
6600.056 8.230737629400063e-11
6650.056 1.256029837900007e-10
6700.056 1.351456081538107e-10
6750.056 2.575686129600017e-10
6800.056 3.4723815226000086e-10
6850.056 3.959928728700001e-10
6900.056 3.7806297776999973e-10
6950.056 3.368140177099994e-10
7000.056 3.317919367600008e-10
7050.056 3.627362683999996e-10
7100.056 4.004444630300003e-10
7150.056 4.2179694992999766e-10
7200.056 4.160168062700042e-10
7250.056 3.8566850192999317e-10
7300.056 3.355211286100001e-10
7350.056 2.814035305299982e-10
7400.056 2.2876180417000017e-10
7450.056 1.7617099798999959e-10
7500.056 1.262715370699991e-10
7550.056 8.157554359699925e-11
7600.056 4.7806470603999366e-11
7650.056 7.871718262858493e-12
7700.056 3.9299488989182586e-12
7750.056 3.377537301500093e-11
7800.056 8.435573407532214e-11
7850.056 2.24751031530003e-10
7900.056 4.1463731335000423e-10
7950.056 5.351919400231881e-10
8000.056 1.0895491184700104e-09
8050.056 1.5874315111000155e-09
8100.056 2.1749170041000043e-09
8150.056 2.8819246475000085e-09
8200.056 3.796752860400075e-09
8250.056 4.828250756000054e-09
8300.056 6.071205456100269e-09
8350.056 7.461992491299958e-09
8400.056 9.109348241599895e-09
8450.056 1.1196671502999968e-08
8500.056 1.1883622031841468e-08
8550.056 1.5244759292700485e-08
8600.056 1.8510794348000138e-08
8650.056 2.0139274060999892e-08
8700.056 2.367353762199912e-08
8750.056 2.7432767329000372e-08
8800.056 3.1904740661000295e-08
8850.056 3.615857645099989e-08
8900.056 3.837973213399979e-08
8950.056 3.499765384661414e-08
9000.056 4.759714463199826e-08
9050.056 5.8101192556001393e-08
9100.056 6.58800753066014e-08
9150.056 7.244831409300182e-08
9200.056 8.182664512299455e-08
9250.056 8.498569083319332e-08
9300.056 5.45276089092801e-08
9350.056 6.866627081893697e-08
9400.056 9.319386767444641e-08
9450.056 1.0040801134528252e-07
9500.056 1.0271815724320627e-07
9550.056 1.1255849125791125e-07
9600.056 1.154889761756758e-07
9650.056 1.2889110597363978e-07
9700.056 1.5092466274036757e-07
9750.056 1.6131623633585682e-07
9800.056 1.7764479279888673e-07
9850.056 1.944291308889989e-07
9900.056 1.6711901702099457e-07
9950.056 1.5528115154299861e-07
10000.056 1.2458213113399913e-07
10050.056 1.6604321692999968e-07
10100.056 1.9336680647000204e-07
10150.056 2.030381989199916e-07
10200.056 2.2398940055999966e-07
10250.056 2.4288891270000115e-07
10300.056 2.550136987399998e-07
10350.056 2.875236253200081e-07
10400.056 3.129314680499951e-07
10450.056 3.2969075234999995e-07
10500.056 3.378518715599998e-07
10550.056 3.4980795551000343e-07
10600.056 3.712514105999949e-07
10650.056 3.9118950790001206e-07
10700.056 4.1278907868000855e-07
10750.056 4.331491465000077e-07
10800.056 4.527462533500035e-07
10850.056 4.764119137199956e-07
10900.056 4.4882208361999673e-07
10950.056 3.639578336319985e-07
11000.056 3.136259020749704e-07
11050.056 2.6061979180389414e-07
11100.056 2.185257276253868e-07
11150.056 1.8135576356294896e-07
11200.056 1.9381487955042634e-07
11250.056 2.3751397824503093e-07
11300.056 2.3367362484967727e-07
11350.056 1.4060548789324434e-07
11400.056 2.0712751336253736e-07
11450.056 2.0082660540238332e-07
11500.056 2.2693313912835827e-07
11550.056 1.6789602944630739e-07
11600.056 1.7533186959625518e-07
11650.056 2.0172264167081482e-07
11700.056 1.6503820553216886e-07
11750.056 1.3149973550276003e-07
11800.056 1.9529106658009647e-07
11850.056 2.9173719162679614e-07
11900.056 3.4130760467917205e-07
11950.056 3.929949658010121e-07
12000.056 4.1852518393100194e-07
12050.056 4.893077098900351e-07
12100.056 5.325944306999839e-07
12150.056 6.074949319599857e-07
12200.056 6.457240016499708e-07
12250.056 7.060288204199843e-07
12300.056 7.63223130610016e-07
12350.056 7.696994171500007e-07
12400.056 7.59028217219988e-07
12450.056 7.246829708600111e-07
12500.056 7.452355916299926e-07
12550.056 7.869759279200331e-07
12600.056 9.513429649700116e-07
12650.056 9.5830688632e-07
12700.056 9.996910955700425e-07
12750.056 9.733297561300056e-07
12800.056 9.832427707800128e-07
12850.056 9.078760465400009e-07
12900.056 8.525611231300185e-07
12950.056 8.470365837339922e-07
13000.056 8.519942284399745e-07
13050.056 8.224799017279778e-07
13100.056 8.056921505729652e-07
13150.056 7.256967132303952e-07
13200.056 6.692580243119852e-07
13250.056 5.400969271001429e-07
13300.056 3.3464752467711286e-07
13350.056 1.2148371097568363e-07
13400.056 7.157175858543645e-08
13450.056 4.8494059603176105e-08
13500.056 3.451052747079519e-08
13550.056 2.650626725093698e-08
13600.056 2.0078844137608298e-08
13650.056 3.937898517089088e-08
13700.056 3.124621748307858e-08
13750.056 3.7877813390027074e-08
13800.056 4.693897060523269e-08
13850.056 3.7695668745068295e-08
13900.056 3.785889618774641e-08
13950.056 3.553784207711226e-08
14000.056 3.3406641600573164e-08
14050.056 3.8853019711691436e-08
14100.056 3.145327445358241e-08
14150.056 4.234452843989689e-08
14200.056 3.4145088112154594e-08
14250.056 3.396518426948037e-08
14300.056 5.026184189395754e-08
14350.056 5.089045433198729e-08
14400.056 5.398435136961405e-08
14450.056 6.046825643554024e-08
14500.056 9.108732695555803e-08
14550.056 9.610860426884812e-08
14600.056 1.2407210792669986e-07
14650.056 1.2170634455817583e-07
14700.056 1.0263162882416703e-07
14750.056 1.2225741478577732e-07
14800.056 1.462969319362066e-07
14850.056 1.592809485502497e-07
14900.056 1.581133953833225e-07
14950.056 1.7676247143971547e-07
15000.056 1.949242925486637e-07
15050.056 2.290735443731527e-07
15100.056 2.4016146171690397e-07
15150.056 2.63704490785722e-07
15200.056 2.728942312965573e-07
15250.056 3.2045651688400134e-07
15300.056 3.462474486969751e-07
15350.056 3.888974530249823e-07
15400.056 4.234949023650235e-07
15450.056 4.544650672830214e-07
15500.056 4.7200303810999236e-07
15550.056 5.151474397399801e-07
15600.056 5.3406510266001e-07
15650.056 5.483627118200156e-07
15700.056 5.892021939500403e-07
15750.056 6.030653723199895e-07
15800.056 6.005979197000181e-07
15850.056 6.14934449540001e-07
15900.056 5.933633910600101e-07
15950.056 5.71274684059976e-07
16000.056 5.214756371200057e-07
16050.056 4.421484076899888e-07
16100.056 3.7592133064697907e-07
16150.056 3.0712033070399327e-07
16200.056 2.463636688265731e-07
16250.056 2.3050569943107524e-07
16300.056 2.087441868632041e-07
16350.056 2.2410119002976244e-07
16400.056 2.4659804134729e-07
16450.056 2.612518488447542e-07
16500.056 2.7858787346196147e-07
16550.056 2.7011048845994614e-07
16600.056 2.699242810769201e-07
16650.056 2.0973262447238999e-07
16700.056 1.2930738240762785e-07
16750.056 1.5876798519949723e-07
16800.056 2.095833500384096e-07
16850.056 2.1408697617249034e-07
16900.056 1.978711216327014e-07
16950.056 1.7745393431080108e-07
17000.056 1.554927051194271e-07
17050.056 1.954428231205245e-07
17100.056 2.1441168044600303e-07
17150.056 1.9110734639299478e-07
17200.056 2.257988314939634e-07
17250.056 2.0519223198593591e-07
17300.056 1.828180149215064e-07
17350.056 1.6823028792818408e-07
17400.056 1.7281050610879697e-07
17450.056 1.7240118128386274e-07
17500.056 1.8258968184112696e-07
17550.056 1.680671205070024e-07
17600.056 1.5662298393836105e-07
17650.056 1.540376287123812e-07
17700.056 1.2647872941932416e-07
17750.056 1.1461417795213621e-07
17800.056 1.335438480833015e-07
17850.056 1.0042866877868258e-07
17900.056 1.0653692331058756e-07
17950.056 9.0428226405215e-08
18000.056 9.40446510897637e-08
18050.056 8.732575946113302e-08
18100.056 8.986898966927242e-08
18150.056 1.0701401438772399e-07
18200.056 7.356734866562582e-08
18250.056 1.2400579333720484e-07
18300.056 9.17741789841374e-08
18350.056 8.33667996536588e-08
18400.056 7.842021870046704e-08
18450.056 8.639545800502155e-08
18500.056 9.101603681738907e-08
18550.056 7.520895321252394e-08
18600.056 6.487667624611504e-08
18650.056 6.441299346787455e-08
18700.056 6.494238188618446e-08
18750.056 7.756598043778418e-08
18800.056 1.1371855052686857e-07
18850.056 1.2532908575246822e-07
18900.056 1.1825947536226265e-07
18950.056 1.5982610188676042e-07
19000.056 1.2870267774637055e-07
19050.056 1.0682871846494539e-07
19100.056 1.470786675888422e-07
19150.056 1.1848030008216289e-07
19200.056 1.3634383372529308e-07
19250.056 1.1142792055211958e-07
19300.056 1.0810641011214373e-07
19350.056 9.864789468339849e-08
19400.056 7.201754131428817e-08
19450.056 1.0989147881225793e-07
19500.056 1.0884492181388435e-07
19550.056 8.796608075346584e-08
19600.056 1.0629224252267318e-07
19650.056 1.2073242471823137e-07
19700.056 1.197063692102303e-07
19750.056 1.22986678229928e-07
19800.056 1.3063176791726474e-07
19850.056 1.547271920829055e-07
19900.056 1.2877381030274944e-07
19950.056 1.7310502923270262e-07
20000.056 1.5734192092231978e-07
20050.056 1.774785791307373e-07
20100.056 1.8600281052033454e-07
20150.056 1.894990383165525e-07
20200.056 2.0093056826265886e-07
20250.056 2.1981338026298585e-07
20300.056 2.1670860243131412e-07
20350.056 2.3810458216396834e-07
20400.056 2.3548235415934982e-07
20450.056 2.5445309072896745e-07
20500.056 2.648683497709613e-07
20550.056 2.651228830930086e-07
20600.056 2.829315465810233e-07
20650.056 2.825854186300139e-07
20700.056 2.8659265005601996e-07
20750.056 2.897027927629906e-07
20800.056 2.9499040911798753e-07
20850.056 2.908988285699925e-07
20900.056 2.9727127113996914e-07
20950.056 2.9198324722000497e-07
21000.056 2.8884087849001173e-07
21050.056 2.8580075312999416e-07
21100.056 2.8031593758000453e-07
21150.056 2.809170601659705e-07
21200.056 2.711426003800054e-07
21250.056 2.658804412719721e-07
21300.056 2.5109119923598186e-07
21350.056 2.4864230161600033e-07
21400.056 2.4250760308603674e-07
21450.056 2.33041059640002e-07
21500.056 2.2401780255082363e-07
21550.056 2.1495263896301036e-07
21600.056 2.0299541279001885e-07
21650.056 1.9160940664200843e-07
21700.056 1.911994837550034e-07
21750.056 1.7480998402920962e-07
21800.056 1.6051450668998183e-07
21850.056 1.4880535777699988e-07
21900.056 1.2754281708698884e-07
21950.056 9.839794449092407e-08
22000.056 5.758881363660092e-08
22050.056 4.77600473402785e-08
22100.056 6.56872860946208e-08
22150.056 7.635541762827952e-08
22200.056 8.167758619627854e-08
22250.056 7.764948238302172e-08
22300.056 6.62683103027939e-08
22350.056 6.547851892517845e-08
22400.056 5.3685007740637635e-08
22450.056 4.912340662204332e-08
22500.056 4.972128122765992e-08
22550.056 4.295225211502904e-08
22600.056 4.396920305888032e-08
22650.056 4.599052154481797e-08
22700.056 4.17546826253665e-08
22750.056 4.255022053047364e-08
22800.056 4.1050981345110365e-08
22850.056 3.662792026985124e-08
22900.056 3.482522709570997e-08
22950.056 3.273685336238997e-08
23000.056 3.9258899770696934e-08
23050.056 4.807123936959897e-08
23100.056 7.005564216880596e-08
23150.056 6.864728734422257e-08
23200.056 2.764519822709367e-08
23250.056 3.4567838535806126e-08
23300.056 3.029312434358156e-08
23350.056 3.0370901300180085e-08
23400.056 3.130232550044703e-08
23450.056 3.066194153926808e-08
23500.056 3.313083693039551e-08
23550.056 4.000854783477597e-08
23600.056 4.549696005100484e-08
23650.056 5.41431575703131e-08
23700.056 3.469678420969599e-08
23750.056 3.188101739527692e-08
23800.056 3.475853997226018e-08
23850.056 3.8182322036884024e-08
23900.056 5.292983276918108e-08
23950.056 5.4365332662525624e-08
24000.056 6.199604262349946e-08
24050.056 6.767148596413194e-08
24100.056 6.348755153023131e-08
24150.056 7.108223427841354e-08
24200.056 7.089144536109751e-08
24250.056 6.489830122190135e-08
24300.056 7.430962246261775e-08
24350.056 6.555828273260306e-08
24400.056 8.12944797454103e-08
24450.056 7.618550204177217e-08
24500.056 7.777997727733126e-08
24550.056 8.601577876262631e-08
24600.056 8.723322323109895e-08
24650.056 1.0380743894981088e-07
24700.056 8.014064583879765e-08
24750.056 8.451642947760167e-08
24800.056 8.61312494719252e-08
24850.056 1.1045014200224752e-07
24900.056 7.095319913312128e-08
24950.056 1.0834683243194981e-07
25000.056 9.759264801242184e-08
25050.056 7.200362707377645e-08
25100.056 9.613274455078761e-08
25150.056 7.221129775916173e-08
25200.056 8.805717864873768e-08
25250.056 6.451811749068182e-08
25300.056 8.548557058841484e-08
25350.056 5.7986333021997185e-08
25400.056 9.010443967377693e-08
25450.056 5.8276885895189205e-08
25500.056 6.157189995862617e-08
25550.056 6.551734113988387e-08
25600.056 6.332259787924435e-08
25650.056 4.621753433495695e-08
25700.056 7.927381795906471e-08
25750.056 4.145042385118271e-08
25800.056 8.357849288667665e-08
25850.056 4.710816225153762e-08
25900.056 6.52871850664067e-08
25950.056 4.036093110958637e-08
26000.056 8.641201061166008e-08
26050.056 5.941987652169602e-08
26100.056 8.870413797130677e-08
26150.056 7.22755765286014e-08
26200.056 7.715682846652835e-08
26250.056 1.0969676615505251e-07
26300.056 8.083343559848611e-08
26350.056 1.2572349328772553e-07
26400.056 1.2046090415360678e-07
26450.056 1.2212270049785014e-07
26500.056 1.3498055577813482e-07
26550.056 8.801435291317943e-08
26600.056 1.19667550258162e-07
26650.056 6.461652378713703e-08
26700.056 6.173194312922584e-08
26750.056 4.3844459444998814e-08
26800.056 6.482233258865514e-08
26850.056 4.0305547907566244e-08
26900.056 7.90971476065358e-08
26950.056 4.467446079681293e-08
27000.056 9.269832314350949e-08
27050.056 7.507701985230824e-08
27100.056 6.25901536420784e-08
27150.056 9.821895265741222e-08
27200.056 6.783593533868847e-08
27250.056 7.799963884606706e-08
27300.056 1.4570204619869675e-07
27350.056 1.1323061344658004e-07
27400.056 4.7586005764289976e-08
27450.056 1.3890975558135193e-07
27500.056 1.3437014705401114e-07
27550.056 7.280243950603704e-08
27600.056 1.2206645375546157e-07
27650.056 6.694464446003699e-08
27700.056 5.63750326374322e-08
27750.056 1.254663632820389e-07
27800.056 6.542422890454563e-08
27850.056 7.708822440887842e-08
27900.056 8.451731882354184e-08
27950.056 1.306589098331082e-07
28000.056 1.0435584611606866e-07
28050.056 4.959833898582562e-08
28100.056 1.3533583147130336e-07
28150.056 8.848284527838878e-08
28200.056 5.451326888893278e-08
28250.056 1.2954216755218253e-07
28300.056 1.5334511636941026e-07
28350.056 6.673161624228392e-08
28400.056 1.0552075273885368e-07
28450.056 1.361473034063667e-07
28500.056 1.0833483657302522e-07
28550.056 5.191979159744224e-08
28600.056 1.4811663494522826e-07
28650.056 1.2416548491698332e-07
28700.056 1.1148000752791952e-07
28750.056 1.509890127284654e-07
28800.056 1.299719235235303e-07
28850.056 1.4775992895082315e-07
