galfind/configs/Brown_Dwarf_templates/sonora_bobcat/m-0.5/316g/sp_t450g316nc_m-0.5_resample.dat
# %ECSV 1.0
# ---
# datatype:
# - {name: wav, unit: Angstrom, datatype: float64}
# - {name: flux_nu, unit: erg / (cm2 Hz s), datatype: float64}
# meta: {C/O: '1.00', Kzz: '1.0000E+05', Teff: '450.', Y: '0.28', '[Fe/H]': '-0.50', f_hole: '1.00', f_rain: '0.00', grav: '316.'}
# schema: astropy-2.0
wav flux_nu
4000.0559999999996 nan
4050.0559999999996 4.435762814503161e-18
4100.056 1.0509373542660242e-15
4150.056 1.4315446732900165e-14
4200.056 1.5807430214667114e-14
4250.056 1.761106646570015e-13
4300.056 4.370044258700016e-13
4350.056 8.247304587800035e-13
4400.056 1.3974162555000057e-12
4450.056 2.220598911400007e-12
4500.056 3.2601382142000065e-12
4550.056 3.3456000292999827e-12
4600.056 9.887947244099954e-13
4650.056 4.867145644999963e-13
4700.056 1.6946787313099802e-13
4750.056 3.75223627779995e-14
4800.056 1.0617330166399895e-14
4850.056 3.435115065399965e-15
4900.056 1.5594612089999907e-15
4950.056 9.404766255399957e-16
5000.056 6.031216417899975e-16
5050.056 4.687561944600007e-16
5100.056 5.055872006500011e-16
5150.056 5.652833395600008e-16
5200.056 6.351752096300004e-16
5250.056 7.221172437700008e-16
5300.056 8.201723852800007e-16
5350.056 9.337372193100015e-16
5400.056 1.0700724870000018e-15
5450.056 1.2102592052000017e-15
5500.056 1.356106705700002e-15
5550.056 1.5047933161000022e-15
5600.056 1.6550139221000017e-15
5650.056 1.7915819380000012e-15
5700.056 1.876262162900001e-15
5750.056 1.8371744482999983e-15
5800.056 1.614545582599995e-15
5850.056 1.111664706049988e-15
5900.056 3.6232345931721457e-16
5950.056 2.3013907593000378e-15
6000.056 5.175737545300041e-15
6050.056 9.26181996060007e-15
6100.056 1.4761540259000092e-14
6150.056 2.2312611169000125e-14
6200.056 3.278969718000016e-14
6250.056 4.705493022400022e-14
6300.056 6.587837507300028e-14
6350.056 9.052268973300039e-14
6400.056 1.227849832700005e-13
6450.056 1.5975401594e-13
6500.056 2.125501396800016e-13
6550.056 2.8527459829999893e-13
6600.056 3.818842156100041e-13
6650.056 5.152167666200029e-13
6700.056 6.689499876400031e-13
6750.056 8.956831558200036e-13
6800.056 1.112322953400004e-12
6850.056 1.252407351500001e-12
6900.056 1.1914917459000018e-12
6950.056 1.0767069992200023e-12
7000.056 1.1805995521799919e-12
7050.056 1.278990468989997e-12
7100.056 1.4399061232999973e-12
7150.056 1.3338903089199795e-12
7200.056 1.2572728350399963e-12
7250.056 1.3929991722199475e-12
7300.056 1.4462560223800581e-12
7350.056 1.6729920417699987e-12
7400.056 1.8885170434400216e-12
7450.056 2.1212112062000247e-12
7500.056 2.2634851112000034e-12
7550.056 2.282301031999999e-12
7600.056 2.157535042699994e-12
7650.056 8.447340714709697e-13
7700.056 6.692138562800235e-13
7750.056 2.2219295388000288e-12
7800.056 3.2436601984800282e-12
7850.056 4.953809770200003e-12
7900.056 6.313188970000003e-12
7950.056 6.911361506600036e-12
8000.056 9.495620807900058e-12
8050.056 1.1372387327400069e-11
8100.056 1.1160605587999806e-11
8150.056 1.0632248462020247e-11
8200.056 1.612995943050038e-11
8250.056 1.776252836242989e-11
8300.056 2.1133094366300214e-11
8350.056 2.4958770126499963e-11
8400.056 3.062844089700017e-11
8450.056 3.975866952800008e-11
8500.056 4.6867486712999714e-11
8550.056 5.840401029000098e-11
8600.056 7.137637498300047e-11
8650.056 8.397207304600053e-11
8700.056 9.568160606600066e-11
8750.056 1.1095069293000075e-10
8800.056 1.2561431024000042e-10
8850.056 1.3218760331999904e-10
8900.056 8.561012953099737e-11
8950.056 7.623237329550108e-11
9000.056 8.556625186779522e-11
9050.056 1.8265122142670227e-10
9100.056 2.1305717274590953e-10
9150.056 2.5250132663900256e-10
9200.056 3.386094634690133e-10
9250.056 3.3173756907099316e-10
9300.056 4.21716682825514e-11
9350.056 6.872121240245654e-11
9400.056 2.373477851751273e-10
9450.056 1.878801296271397e-10
9500.056 1.7500444087605351e-10
9550.056 1.8699132944561665e-10
9600.056 2.276587431769748e-10
9650.056 3.5542276431820704e-10
9700.056 7.226693601654682e-10
9750.056 7.512436522774881e-10
9800.056 9.354507364559861e-10
9850.056 1.1792414722899803e-09
9900.056 1.5648088669400524e-09
9950.056 1.7870918514000374e-09
10000.056 1.4339728047367042e-09
10050.056 1.7970270099999918e-09
10100.056 1.785829798500006e-09
10150.056 1.568945580399993e-09
10200.056 1.2752961732900437e-09
10250.056 1.4651257153000113e-09
10300.056 1.7871278201499249e-09
10350.056 1.4025491114700435e-09
10400.056 1.785444487920012e-09
10450.056 2.004923880299892e-09
10500.056 2.1665417440999866e-09
10550.056 2.348109886400006e-09
10600.056 2.3807628589000072e-09
10650.056 2.3096041047999968e-09
10700.056 2.131144639399995e-09
10750.056 2.0328598458999894e-09
10800.056 1.9131129106000064e-09
10850.056 1.7692397614799992e-09
10900.056 1.5507589004599765e-09
10950.056 1.0853498944200027e-09
11000.056 7.183490910709367e-10
11050.056 3.875999695863018e-10
11100.056 1.923719603977064e-10
11150.056 8.586654508526655e-11
11200.056 7.6516100028678e-11
11250.056 1.0611180103628157e-10
11300.056 1.4409751972959943e-10
11350.056 5.490451289931443e-11
11400.056 2.343159284635139e-10
11450.056 1.3109379369451115e-10
11500.056 1.3870606661269167e-10
11550.056 4.9904670230965504e-11
11600.056 3.162149413101208e-11
11650.056 9.443736097959238e-11
11700.056 1.2181243005436772e-10
11750.056 5.437392172514508e-11
11800.056 2.0967197721878796e-10
11850.056 2.7652706058299313e-10
11900.056 3.1592392139699697e-10
11950.056 3.996348825400171e-10
12000.056 5.08525769038028e-10
12050.056 6.599591265100156e-10
12100.056 7.551650730699784e-10
12150.056 9.470652816899906e-10
12200.056 1.0584772906300159e-09
12250.056 1.336904696719958e-09
12300.056 1.7834131102400538e-09
12350.056 2.043811598620009e-09
12400.056 2.600177644799993e-09
12450.056 3.278747434900029e-09
12500.056 3.757878226300058e-09
12550.056 4.221840910000027e-09
12600.056 5.130371298000111e-09
12650.056 6.100348859100007e-09
12700.056 6.590749086499995e-09
12750.056 5.869483022000039e-09
12800.056 4.9596157284999324e-09
12850.056 3.736173554099929e-09
12900.056 3.195280644940038e-09
12950.056 2.8345843856901035e-09
13000.056 3.096370514200231e-09
13050.056 2.394840424429005e-09
13100.056 2.5420540148877765e-09
13150.056 1.7678952937971378e-09
13200.056 1.9021857743298724e-09
13250.056 1.6206684428510422e-09
13300.056 6.831742835088648e-10
13350.056 2.7646739428418535e-10
13400.056 6.277786429332031e-11
13450.056 1.7149204114657585e-11
13500.056 5.85423942996291e-12
13550.056 1.446262452152056e-12
13600.056 4.2731991926889063e-13
13650.056 3.0647972139757722e-12
13700.056 1.548700850372569e-12
13750.056 7.069159112771306e-12
13800.056 7.468878729164203e-12
13850.056 2.340171923102208e-12
13900.056 4.0049034066264235e-12
13950.056 3.891283593912481e-12
14000.056 5.62634879743131e-12
14050.056 8.366381413266156e-12
14100.056 6.54134088874934e-12
14150.056 1.5000742618119645e-11
14200.056 9.671765372535866e-12
14250.056 1.374000585667597e-11
14300.056 5.0335157140718156e-11
14350.056 3.8077147817989066e-11
14400.056 3.746607003337734e-11
14450.056 7.768008284467422e-11
14500.056 1.6573591819204662e-10
14550.056 1.7403891246856136e-10
14600.056 2.961405678358806e-10
14650.056 1.4056177442156408e-10
14700.056 6.516628370037438e-11
14750.056 3.9561751112152585e-11
14800.056 4.687069526472519e-11
14850.056 5.1449447067597734e-11
14900.056 5.263228694277656e-11
14950.056 4.4636609715371515e-11
15000.056 1.172452904765822e-10
15050.056 1.285282472608725e-10
15100.056 6.522552279753825e-11
15150.056 3.1697223296471914e-11
15200.056 9.477495440638793e-11
15250.056 1.873402437140569e-10
15300.056 2.4571364148202875e-10
15350.056 2.9081143716028607e-10
15400.056 3.762633134652403e-10
15450.056 4.969203105517642e-10
15500.056 6.447048883799115e-10
15550.056 1.0010042940921452e-09
15600.056 1.494919830059892e-09
15650.056 2.2732499065501762e-09
15700.056 3.2207220127000607e-09
15750.056 3.823391423100063e-09
15800.056 4.4536661122999854e-09
15850.056 5.064068894600175e-09
15900.056 5.314025791300014e-09
15950.056 5.548159833599989e-09
16000.056 5.053021455600019e-09
16050.056 3.970667561599893e-09
16100.056 2.7978442821199667e-09
16150.056 1.732172530869883e-09
16200.056 9.003773674920584e-10
16250.056 5.890620046271041e-10
16300.056 3.9012506460626716e-10
16350.056 4.5887224675877614e-10
16400.056 5.133729213087311e-10
16450.056 5.444430878667676e-10
16500.056 4.752568679179117e-10
16550.056 4.889975661513928e-10
16600.056 8.078770460610048e-10
16650.056 4.820196848617542e-10
16700.056 1.1571962521909159e-10
16750.056 3.6830231656312675e-10
16800.056 4.940613098650279e-10
16850.056 4.927474805383908e-10
16900.056 2.9026122862770844e-10
16950.056 2.0655413942109363e-10
17000.056 1.2454909871581678e-10
17050.056 2.1303258255236934e-10
17100.056 3.23843283750075e-10
17150.056 2.2791553974151674e-10
17200.056 5.265030830884899e-10
17250.056 2.7728585979739074e-10
17300.056 2.1807585202660934e-10
17350.056 2.5135085951711287e-10
17400.056 3.5581375970562507e-10
17450.056 4.0614064304957634e-10
17500.056 4.93685825842076e-10
17550.056 4.0374156281856765e-10
17600.056 3.5423020631705497e-10
17650.056 2.780938251636492e-10
17700.056 2.4128602704778846e-10
17750.056 1.8213348998094037e-10
17800.056 2.893952867192891e-10
17850.056 1.621727958113865e-10
17900.056 1.2331136333001495e-10
17950.056 8.301647174846521e-11
18000.056 1.2679338441508582e-10
18050.056 6.558795818973962e-11
18100.056 7.614132479540907e-11
18150.056 5.896234824516269e-11
18200.056 4.053207218054616e-11
18250.056 1.2437203401061017e-10
18300.056 2.7572338266813098e-11
18350.056 2.3524817326458776e-11
18400.056 1.5710723415681135e-11
18450.056 7.14822705831333e-11
18500.056 6.352256273691695e-11
18550.056 3.36333459420873e-11
18600.056 4.659687509801721e-11
18650.056 3.042151068593473e-11
18700.056 7.303575150578559e-12
18750.056 1.660440734962603e-11
18800.056 9.790838738456789e-11
18850.056 8.630587010203739e-11
18900.056 7.93218384269997e-11
18950.056 1.1378382469717546e-10
19000.056 3.6049962961451334e-11
19050.056 1.7008893711672002e-11
19100.056 4.28651737087252e-11
19150.056 1.9221312355233358e-11
19200.056 3.2273533649774365e-11
19250.056 2.2880516758300297e-11
19300.056 1.5353220471418353e-11
19350.056 1.498560271555256e-11
19400.056 1.1229830001057878e-11
19450.056 1.5642466899883458e-11
19500.056 1.5662678589159448e-11
19550.056 2.2785630156397365e-11
19600.056 3.942069389140976e-11
19650.056 3.2492285848457704e-11
19700.056 4.394888626737352e-11
19750.056 5.499029024576493e-11
19800.056 3.934415385987607e-11
19850.056 4.807912884621748e-11
19900.056 6.387165322203537e-11
19950.056 7.528240331567772e-11
20000.056 8.438494356696668e-11
20050.056 7.084574692816752e-11
20100.056 1.0381569629496095e-10
20150.056 7.164659058437835e-11
20200.056 5.512874232522936e-11
20250.056 8.848755821968707e-11
20300.056 9.59035731046839e-11
20350.056 9.548785118538417e-11
20400.056 9.505150735989763e-11
20450.056 1.311964344200255e-10
20500.056 1.3772496659199647e-10
20550.056 1.4273616100500353e-10
20600.056 1.468788686690127e-10
20650.056 1.5502768024899006e-10
20700.056 1.5806137298300062e-10
20750.056 1.5745838957199745e-10
20800.056 1.514836803789885e-10
20850.056 1.557008382300006e-10
20900.056 1.5330823155999857e-10
20950.056 1.482388159700015e-10
21000.056 1.4410001937899983e-10
21050.056 1.4497158612999928e-10
21100.056 1.423165415100004e-10
21150.056 1.4224651347999812e-10
21200.056 1.4116183790800262e-10
21250.056 1.4039717935099508e-10
21300.056 1.3628920890300057e-10
21350.056 1.348239064859971e-10
21400.056 1.4072808189001132e-10
21450.056 1.2942789496600483e-10
21500.056 1.259150869080022e-10
21550.056 1.2253483368493794e-10
21600.056 1.1694463509242133e-10
21650.056 1.049096167000078e-10
21700.056 1.0684681881559311e-10
21750.056 9.826338727281798e-11
21800.056 8.023015975492277e-11
21850.056 7.499406896996557e-11
21900.056 6.217857594872529e-11
21950.056 3.72447716065829e-11
22000.056 7.668793382273805e-12
22050.056 1.2759105134363697e-11
22100.056 3.574289846347977e-11
22150.056 2.558407737331779e-11
22200.056 2.548407089522552e-11
22250.056 2.242422844637907e-11
22300.056 1.26188014174471e-11
22350.056 1.6181089781620985e-11
22400.056 7.172063299843318e-12
22450.056 1.0552656349842765e-11
22500.056 8.335823235987814e-12
22550.056 5.191174640118804e-12
22600.056 4.392732787251962e-12
22650.056 6.681196360601907e-12
22700.056 6.600377607033308e-12
22750.056 8.88438043587241e-12
22800.056 1.0706058038700227e-11
22850.056 7.391096709003948e-12
22900.056 5.631766964251571e-12
22950.056 4.776682503629585e-12
23000.056 5.4524907029474945e-12
23050.056 6.460298539721348e-12
23100.056 2.8515941409285763e-11
23150.056 2.2205304755958262e-11
23200.056 1.8508934149843553e-12
23250.056 7.995231761548849e-12
23300.056 6.47560641689002e-12
23350.056 7.789549755454854e-12
23400.056 5.793786862126748e-12
23450.056 4.141462470148528e-12
23500.056 4.274158768470327e-12
23550.056 8.756541512976213e-12
23600.056 1.6006238201333772e-11
23650.056 1.9915291989916077e-11
23700.056 4.113434305111386e-12
23750.056 5.461729161479598e-12
23800.056 2.1355796629862662e-11
23850.056 1.3246595744751982e-11
23900.056 2.5399327792253596e-11
23950.056 1.4227091640454373e-11
24000.056 2.999731743331057e-11
24050.056 3.118590109638704e-11
24100.056 3.513866537965114e-11
24150.056 4.838333724153954e-11
24200.056 3.80321290931399e-11
24250.056 3.277958040217261e-11
24300.056 5.950803955642422e-11
24350.056 4.916025571909434e-11
24400.056 8.942506097529405e-11
24450.056 9.606926834555858e-11
24500.056 8.624680482438659e-11
24550.056 1.3400395108286924e-10
24600.056 1.5102308928198944e-10
24650.056 1.8631097989912437e-10
24700.056 1.54002793328423e-10
24750.056 1.8778259658210222e-10
24800.056 1.7635303179379882e-10
24850.056 2.4643270941348053e-10
24900.056 1.3070135022809577e-10
24950.056 2.2666456625836804e-10
25000.056 2.451518198793921e-10
25050.056 1.4928206233683008e-10
25100.056 2.33782888667478e-10
25150.056 1.2277932188177828e-10
25200.056 1.8558486926979083e-10
25250.056 7.614499443234939e-11
25300.056 1.0576181353931731e-10
25350.056 4.890123280084301e-11
25400.056 1.231964507849865e-10
25450.056 4.005937968252106e-11
25500.056 3.3866451208592715e-11
25550.056 8.45462113925022e-11
25600.056 4.5295759135802573e-11
25650.056 1.8279957871514235e-11
25700.056 1.9945899170998283e-11
25750.056 5.1255728567924424e-12
25800.056 3.328295135243224e-11
25850.056 5.493819202788187e-12
25900.056 8.593093057725498e-12
25950.056 1.4834423587150696e-12
26000.056 2.9504056255223195e-11
26050.056 2.5109431357456347e-12
26100.056 1.7471640771891207e-11
26150.056 6.318516315041477e-12
26200.056 8.901877653651739e-12
26250.056 7.828667289442528e-11
26300.056 1.2001075202854469e-11
26350.056 1.5348702278991763e-10
26400.056 2.1427172317172202e-10
26450.056 1.204197296909662e-10
26500.056 3.096456408626301e-10
26550.056 2.957200049336195e-11
26600.056 3.142822461399418e-11
26650.056 3.499025389462101e-12
26700.056 1.920778427947493e-12
26750.056 3.1997363598035057e-12
26800.056 1.316348641253275e-11
26850.056 6.8448623588845245e-12
26900.056 4.1674052777209866e-11
26950.056 1.2379706334956089e-11
27000.056 7.904140379890433e-11
27050.056 1.0748187184245618e-10
27100.056 7.562388054084579e-12
27150.056 1.2572529826847887e-10
27200.056 7.231596207472289e-12
27250.056 3.319650252480161e-11
27300.056 3.2300968382602557e-10
27350.056 8.713716634911981e-11
27400.056 3.418553654894343e-12
27450.056 1.1987647071797054e-10
27500.056 1.6511596952927628e-10
27550.056 1.7743407433870795e-11
27600.056 6.418151694844994e-11
27650.056 1.3480264435089269e-11
27700.056 1.3032778173331061e-11
27750.056 1.0616589263716581e-10
27800.056 3.00875304089222e-11
27850.056 5.526836488012706e-11
27900.056 6.722911313494287e-11
27950.056 1.6084310044048367e-10
28000.056 1.4259191942884796e-10
28050.056 1.4363645304402068e-11
28100.056 1.749575821369454e-10
28150.056 1.158143757910776e-10
28200.056 2.6882190695730795e-11
28250.056 2.387234744554354e-10
28300.056 2.286324268671382e-10
28350.056 3.371061194069154e-11
28400.056 1.552178718000695e-10
28450.056 2.99565170431166e-10
28500.056 1.5911955679956384e-10
28550.056 2.8750498520015452e-11
28600.056 2.8608180984994955e-10
28650.056 1.633792974695008e-10
28700.056 2.675381851793728e-10
28750.056 4.893027043291363e-10
28800.056 1.8470463627071908e-10
