galfind/configs/Brown_Dwarf_templates/sonora_bobcat/m-0.5/316g/sp_t1500g316nc_m-0.5_resample.dat
# %ECSV 1.0
# ---
# datatype:
# - {name: wav, unit: Angstrom, datatype: float64}
# - {name: flux_nu, unit: erg / (cm2 Hz s), datatype: float64}
# meta: {C/O: '1.00', Kzz: '1.0000E+05', Teff: '1500.', Y: '0.28', '[Fe/H]': '-0.50', f_hole: '1.00', f_rain: '0.00', grav: '316.'}
# schema: astropy-2.0
wav flux_nu
[from data line 500]
29000.056 6.204594217448634e-07
29050.056 6.742092173450198e-07
29100.056 5.220078355450928e-07
29150.056 7.441594468100688e-07
29200.056 6.046825609890485e-07
29250.056 7.092551927419829e-07
29300.056 5.446400655908402e-07
29350.056 8.776209681268988e-07
29400.056 6.634256009769318e-07
29450.056 6.807489756409774e-07
29500.056 6.9942458677194e-07
29550.056 6.87973901263016e-07
29600.056 7.64617999639792e-07
29650.056 7.016889157509499e-07
29700.056 6.537694295698797e-07
29750.056 7.691875249501675e-07
29800.056 8.05258535385884e-07
29850.056 7.538581828438995e-07
29900.056 7.216140353892894e-07
29950.056 8.330965704198668e-07
30000.056 7.97174592750873e-07
30050.056 7.324417574099968e-07
30100.056 6.667794215098109e-07
30150.056 8.956538982299867e-07
30200.056 7.573407749100157e-07
30250.056 8.198765244401099e-07
30300.056 7.289897575299765e-07
30350.056 7.289735240000752e-07
30400.056 8.073038650100139e-07
30450.056 6.602498072771158e-07
30500.056 5.85091595440062e-07
30550.056 6.354767950800628e-07
30600.056 6.470314952000032e-07
30650.056 6.065163646499327e-07
30700.056 5.695739465659632e-07
30750.056 5.448047805899578e-07
30800.056 5.260633244901021e-07
30850.056 4.6814186244091446e-07
30900.056 4.779213526599221e-07
30950.056 4.280917094080674e-07
31000.056 4.104580881480099e-07
31050.056 4.5141444712002354e-07
31100.056 3.715420704829822e-07
31150.056 3.906225549039847e-07
31200.056 4.126826522900297e-07
31250.056 3.491511410479711e-07
31300.056 3.532916304359663e-07
31350.056 3.317220652060105e-07
31400.056 3.0942117472802466e-07
31450.056 3.1058473337996594e-07
31500.056 2.920081151779422e-07
31550.056 3.0064172239999603e-07
31600.056 2.760906393499959e-07
31650.056 2.644483972570029e-07
31700.056 2.7255371707996523e-07
31750.056 2.4696469434606835e-07
31800.056 2.79581518871953e-07
31850.056 2.513648320320323e-07
31900.056 2.832939103600096e-07
31950.056 2.3490628680902047e-07
32000.056 2.657921652549497e-07
32050.056 2.7132646101801534e-07
32100.056 2.7186299218601707e-07
32150.056 2.872379521859733e-07
32200.056 2.5829690342599036e-07
32250.056 3.111374382840238e-07
32300.056 2.5836080730398526e-07
32350.056 3.230056469459864e-07
32400.056 2.621384605299986e-07
32450.056 3.24432833993907e-07
32500.056 3.1537603460504656e-07
32550.056 3.186007700649916e-07
32600.056 3.273165625719905e-07
32650.056 3.799277464399726e-07
32700.056 3.694088970900398e-07
32750.056 3.8688965789000596e-07
32800.056 3.8213940841103256e-07
32850.056 3.9755533235996066e-07
32900.056 4.2366360469200116e-07
32950.056 4.202644333699802e-07
33000.056 3.9379184918993546e-07
33050.056 3.5762732909004194e-07
33100.056 3.021502490599867e-07
33150.056 2.0014712028702065e-07
33200.056 1.6361989891595504e-07
33250.056 1.3328822399396189e-07
33300.056 1.2832558175001855e-07
33350.056 1.4844202273800144e-07
33400.056 1.6910562563997801e-07
33450.056 1.8903834154899635e-07
33500.056 2.2628879235002843e-07
33550.056 2.46286898762039e-07
33600.056 2.8540269861998894e-07
33650.056 3.1544773612002015e-07
33700.056 3.042565443909719e-07
33750.056 3.6808239243998856e-07
33800.056 3.5667765539497565e-07
33850.056 3.9422416298997267e-07
33900.056 3.5640440243999335e-07
33950.056 3.605162297199882e-07
34000.056 3.894310748000003e-07
34050.056 3.336911911819393e-07
34100.056 3.979403564499609e-07
34150.056 3.580241476189678e-07
34200.056 3.3191117089892755e-07
34250.056 3.5901959547992173e-07
34300.056 3.2006617591684776e-07
34350.056 3.140482684600016e-07
34400.056 3.014091834980096e-07
34450.056 3.4559050638997883e-07
34500.056 3.442674056299817e-07
34550.056 3.188018391480003e-07
34600.056 3.7161455595999504e-07
34650.056 3.504599622119706e-07
34700.056 3.475020211999839e-07
34750.056 3.750612578399873e-07
34800.056 3.4711547103596495e-07
34850.056 3.4499729398001813e-07
34900.056 3.7739072584196986e-07
34950.056 3.603487411999328e-07
35000.056 4.295630321800547e-07
35050.056 3.565815711999791e-07
35100.056 3.8514821224999045e-07
35150.056 4.0263395087599886e-07
35200.056 4.0530809992003465e-07
35250.056 4.4454045538995506e-07
35300.056 4.024033903600387e-07
35350.056 3.8986688071994444e-07
35400.056 4.251334086200889e-07
35450.056 3.4972576045010613e-07
35500.056 4.5802776269002513e-07
35550.056 4.5432156107997686e-07
35600.056 4.305761709500766e-07
35650.056 4.7233069771000195e-07
35700.056 4.3190707332000267e-07
35750.056 4.638855288999501e-07
35800.056 5.626664638100254e-07
35850.056 4.5819318476999716e-07
35900.056 5.466976489899786e-07
35950.056 5.340893410499813e-07
36000.056 5.425669767800662e-07
36050.056 5.569194174400003e-07
36100.056 5.631711318197376e-07
36150.056 5.868146392900325e-07
36200.056 6.397527389899901e-07
36250.056 6.061614288799608e-07
36300.056 6.560265678300138e-07
36350.056 6.457488754799476e-07
36400.056 6.569839388800239e-07
36450.056 7.149925251899907e-07
36500.056 7.117694320599395e-07
36550.056 7.732007835901707e-07
36600.056 7.869300708900345e-07
36650.056 7.856893851098658e-07
36700.056 8.522390395099619e-07
36750.056 8.774861390800866e-07
36800.056 8.985731737099616e-07
36850.056 9.368567797298812e-07
36900.056 9.050796875800162e-07
36950.056 1.0226905400999494e-06
37000.056 1.013575801139949e-06
37050.056 1.0328657172800066e-06
37100.056 1.0849188029800103e-06
37150.056 1.0673613800000631e-06
37200.056 1.130741119770007e-06
37250.056 1.145257410959901e-06
37300.056 1.0951528037298478e-06
37350.056 1.1168563502801476e-06
37400.056 1.2902904406999738e-06
37450.056 1.1978838777500789e-06
37500.056 1.2320205358099387e-06
37550.056 1.3384565040001092e-06
37600.056 1.3913933433000445e-06
37650.056 1.290143961690034e-06
37700.056 1.4283050522000915e-06
37750.056 1.343189839340073e-06
37800.056 1.4130556115002148e-06
37850.056 1.3497233891400016e-06
37900.056 1.3941074142802327e-06
37950.056 1.3965148897499304e-06
38000.056 1.5276608021800393e-06
38050.056 1.503467675470111e-06
38100.056 1.464711490460125e-06
38150.056 1.5986191426999618e-06
38200.056 1.6101163884800955e-06
38250.056 1.539394602720064e-06
38300.056 1.6414285994299318e-06
38350.056 1.6905608935000545e-06
38400.056 1.5871351733998898e-06
38450.056 1.6986923877999806e-06
38500.056 1.62223148530013e-06
38550.056 1.742257579400085e-06
38600.056 1.7807563265999087e-06
38650.056 1.7345569331999765e-06
38700.056 1.7746915640000604e-06
38750.056 1.8234409738000318e-06
38800.056 1.7504779173998869e-06
38850.056 1.769917106500003e-06
38900.056 1.786127166500019e-06
38950.056 1.8387938481000007e-06
39000.056 1.8460348706000215e-06
39050.056 1.8624963236999116e-06
39100.056 1.7684800232301765e-06
39150.056 1.875559519300047e-06
39200.056 1.8782162901999606e-06
39250.056 1.9021888747998423e-06
39300.056 1.8591475705997966e-06
39350.056 1.916330341900117e-06
39400.056 1.911201069400081e-06
39450.056 1.920538815699959e-06
39500.056 1.8528463968999778e-06
39550.056 1.8748673519399555e-06
39600.056 1.9742450183998204e-06
39650.056 1.9161308772000233e-06
39700.056 1.913808986300039e-06
39750.056 1.8798353083400278e-06
39800.056 1.8650410702999514e-06
39850.056 1.959487781399961e-06
39900.056 1.9093021552000242e-06
39950.056 1.967191188499852e-06
40000.056 1.8916460574000453e-06
40050.056 1.866467738500051e-06
40100.056 1.9067438763599884e-06
40150.056 1.8801201652998835e-06
40200.056 1.9249207786998717e-06
40250.056 1.7935844069496424e-06
40300.056 1.8199688667001226e-06
40350.056 1.8898103721000674e-06
40400.056 1.8798169664000578e-06
40450.056 1.8625996211000606e-06
40500.056 1.7537209534001396e-06
40550.056 1.930400801899909e-06
40600.056 1.7103258803501122e-06
40650.056 1.8310432753099328e-06
40700.056 1.9447634506000023e-06
40750.056 1.746921717799613e-06
40800.056 1.685347158079857e-06
40850.056 1.7325829641602605e-06
40900.056 1.7228674857200144e-06
40950.056 1.7476926488399738e-06
41000.056 1.7669940650999585e-06
41050.056 1.7785177347798393e-06
41100.056 1.6620552401399163e-06
41150.056 1.7082530900999477e-06
41200.056 1.7195622643000251e-06
41250.056 1.698690080300036e-06
41300.056 1.525986701969776e-06
41350.056 1.75145964173007e-06
41400.056 1.6352186556001303e-06
41450.056 1.678419661780179e-06
41500.056 1.6437464202699992e-06
41550.056 1.629982530940022e-06
41600.056 1.649704303860062e-06
41650.056 1.6202902126801482e-06
41700.056 1.5320135821198582e-06
41750.056 1.6061227493099226e-06
41800.056 1.7320862733799127e-06
41850.056 1.35807227667015e-06
41900.056 1.628658314039857e-06
41950.056 1.6406707061601852e-06
42000.056 1.6014281404002352e-06
42050.056 1.4387957335098187e-06
42100.056 1.6933039020001575e-06
42150.056 1.3474136807099306e-06
42200.056 1.3700811121300633e-06
42250.056 1.5742185938099228e-06
42300.056 1.4322869211999982e-06
42350.056 1.5972621374302022e-06
42400.056 1.4533523355501508e-06
42450.056 1.3069438090500179e-06
42500.056 1.3495827375400874e-06
42550.056 1.3585124798899835e-06
42600.056 1.4062917249001881e-06
42650.056 1.503359073879648e-06
42700.056 1.4521159093300522e-06
42750.056 1.3391908637200217e-06
42800.056 1.4000036769901562e-06
42850.056 1.508288253559764e-06
42900.056 1.5056684318201028e-06
42950.056 1.2730330783796201e-06
43000.056 1.382255440820045e-06
43050.056 1.1708839707104167e-06
43100.056 1.2944850240899491e-06
43150.056 1.2683403008401325e-06
43200.056 1.2431559044100158e-06
43250.056 1.3397083508400107e-06
43300.056 1.3536880301300279e-06
43350.056 1.147493881709764e-06
43400.056 1.2193142447999482e-06
43450.056 1.1697892859201512e-06
43500.056 1.1798612990298999e-06
43550.056 1.1872658783600137e-06
43600.056 1.2910377309300755e-06
43650.056 1.103400878930002e-06
43700.056 1.2028086019300258e-06
43750.056 1.1857263030601215e-06
43800.056 1.109371709329944e-06
43850.056 1.084301526760184e-06
43900.056 1.1460106044099094e-06
43950.056 1.0155043156099257e-06
44000.056 9.436511261700277e-07
44050.056 1.0057250538200315e-06
44100.056 1.0845991606401122e-06
44150.056 1.0902502529499448e-06
44200.056 1.0160444652000437e-06
44250.056 9.688299448199935e-07
44300.056 9.347535952601082e-07
44350.056 9.244053838400693e-07
44400.056 9.510130258899536e-07
44450.056 9.65474953800022e-07
44500.056 9.54833340400125e-07
44550.056 9.307067018998873e-07
44600.056 8.94427487050096e-07
44650.056 9.596133057200487e-07
44700.056 8.634520101700258e-07
44750.056 9.172051104899423e-07
44800.056 9.050916259999749e-07
44850.056 9.046098637600975e-07
44900.056 8.395954715600676e-07
44950.056 8.359349991900526e-07
45000.056 8.729433736699748e-07
45050.056 8.789874142599691e-07
45100.056 9.12577736800002e-07
45150.056 8.418951827999942e-07
45200.056 7.816940305800237e-07
45250.056 8.19565185599915e-07
45300.056 8.644036412400325e-07
45350.056 8.723024936499263e-07
45400.056 8.466797971300758e-07
45450.056 8.017738559298839e-07
45500.056 8.303876147099535e-07
45550.056 8.909271634699445e-07
45600.056 8.395184941300018e-07
45650.056 7.640644653998714e-07
45700.056 8.63729247970081e-07
45750.056 7.927433512300148e-07
45800.056 8.013283091499715e-07
45850.056 9.310949736099685e-07
45900.056 9.054677020300236e-07
45950.056 7.948489382900057e-07
46000.056 9.148447047500328e-07
46050.056 9.11664364980158e-07
46100.056 8.007943885700303e-07
46150.056 8.44894617409943e-07
46200.056 8.763941980801709e-07
46250.056 7.622056306999759e-07
46300.056 9.3240734591998e-07
46350.056 8.384447573599562e-07
46400.056 8.62559278769964e-07
46450.056 8.836058860000568e-07
46500.056 7.964904419099938e-07
46550.056 9.382080682299968e-07
46600.056 9.02496885400037e-07
46650.056 1.0951061557098578e-06
46700.056 1.0250469226702867e-06
46750.056 8.394950067000274e-07
46800.056 8.706502959200792e-07
46850.056 9.8719741388012e-07
46900.056 9.274926474198774e-07
46950.056 1.0284508782500042e-06
47000.056 8.705106591400178e-07
47050.056 1.0227998819398752e-06
47100.056 7.903681093500746e-07
47150.056 8.804775833600611e-07
47200.056 9.59332007540119e-07
47250.056 8.524573981999512e-07
47300.056 8.549594046598941e-07
47350.056 8.25525607849928e-07
47400.056 9.667532228399007e-07
47450.056 8.474617939999872e-07
47500.056 9.674491551299285e-07
47550.056 8.494263040899545e-07
47600.056 9.483320303799173e-07
47650.056 7.612684211298655e-07
47700.056 9.630427080300873e-07
47750.056 7.067895260500946e-07
47800.056 9.298471156099536e-07
47850.056 7.254074036099363e-07
47900.056 9.046655617899834e-07
47950.056 7.716244193700574e-07
48000.056 1.02883124223001e-06
48050.056 8.365331509200716e-07
48100.056 8.822025997499923e-07
48150.056 8.158831408601023e-07
48200.056 9.310263971300508e-07
48250.056 7.998495715500254e-07
48300.056 1.018888279349855e-06
48350.056 7.367629564499731e-07
48400.056 8.52831651749959e-07
48450.056 7.852962266700553e-07
48500.056 1.0224441301199838e-06
48550.056 7.443464537099853e-07
48600.056 9.609430267999644e-07
48650.056 7.850917331699689e-07
48700.056 9.598483254000435e-07
48750.056 6.874314712000759e-07
48800.056 1.0291550156200307e-06
48850.056 7.401453681698492e-07
48900.056 9.980631194100607e-07
48950.056 8.66239078330024e-07
49000.056 8.007558551499253e-07
49050.056 9.477826589799716e-07
49100.056 8.524352225200608e-07
49150.056 8.954057453299588e-07
49200.056 8.540511015899856e-07
49250.056 9.079455469700515e-07
49300.056 7.999920668499496e-07
49350.056 8.109799568400215e-07
49400.056 9.379400960899875e-07
49450.056 8.472926688401913e-07
49500.056 8.457695264099969e-07
49550.056 7.384067748999817e-07
49600.056 8.319091636001237e-07
49650.056 8.540000347299706e-07
49700.056 7.741781098098905e-07
49750.056 1.074293965669882e-06
49800.056 8.235189296100168e-07
49850.056 1.0386136342700953e-06
49900.056 8.588751894500052e-07
49950.056 8.720337821299001e-07
50000.056 8.832294930298697e-07
50050.056 8.895944614500157e-07
50100.056 9.402384233899588e-07
50150.056 7.722862156300071e-07
50200.056 6.952641063300455e-07
50250.056 8.985394512099881e-07
50300.056 8.24200710079978e-07
50350.056 1.004519381740014e-06
50400.056 8.454349163099383e-07
50450.056 8.202020859201038e-07
50500.056 1.0029086428600984e-06
50550.056 8.694100200800134e-07
50600.056 8.898629263199431e-07
50650.056 8.956555339301134e-07
50700.056 9.945528026598593e-07
50750.056 9.981464729801144e-07
50800.056 7.209400647798938e-07
50850.056 8.426600590901082e-07
50900.056 9.780840848499583e-07
50950.056 9.096363125701681e-07
51000.056 1.0687184711000975e-06
51050.056 8.570494577100471e-07
51100.056 7.621807306799359e-07
51150.056 9.029001973299629e-07
51200.056 9.545714552899813e-07
51250.056 9.247776242899858e-07
51300.056 7.746516593302101e-07
51350.056 8.842860569099219e-07
51400.056 7.600431571399114e-07
51450.056 6.326272338798878e-07
51500.056 7.818617562901033e-07
51550.056 1.05048221726009e-06
51600.056 7.625418565200424e-07
51650.056 8.520991754098957e-07
51700.056 8.584286653297934e-07
51750.056 7.592344251400196e-07
51800.056 9.423949428097755e-07
51850.056 9.040349203199274e-07
51900.056 1.0306343328401173e-06
51950.056 9.127126274899402e-07
52000.056 7.03560498769973e-07
52050.056 8.725617092399681e-07
52100.056 7.809944897699498e-07
52150.056 7.739003375600251e-07
52200.056 7.444278047899894e-07
52250.056 8.188019018200106e-07
52300.056 9.869197491999616e-07
52350.056 9.511160243200426e-07
52400.056 7.016172479000966e-07
52450.056 8.506376255400293e-07
52500.056 9.442756299998535e-07
52550.056 9.219212621698435e-07
52600.056 8.677787272200907e-07
52650.056 9.358088881301423e-07
52700.056 8.16511415000019e-07
52750.056 6.999346983799626e-07
52800.056 7.738984700900571e-07
52850.056 7.616806587998841e-07
52900.056 8.233107084900051e-07
52950.056 8.124429714699629e-07
53000.056 9.497870087000135e-07
53050.056 7.566798398598205e-07
53100.056 7.881175391999041e-07
53150.056 1.0125035218100676e-06
53200.056 6.573180063300258e-07
53250.056 9.48836313080019e-07
53300.056 9.336632102503383e-07
53350.056 9.312981752699213e-07
53400.056 9.076461096700458e-07
53450.056 7.602497511300293e-07
53500.056 6.155962304198935e-07
53550.056 7.982660985899209e-07
53600.056 8.809829065001354e-07
53650.056 7.182716439100221e-07
53700.056 7.421762596000979e-07
