galfind/configs/Brown_Dwarf_templates/sonora_bobcat/m-0.5/316g/sp_t1700g316nc_m-0.5_resample.dat
# %ECSV 1.0
# ---
# datatype:
# - {name: wav, unit: Angstrom, datatype: float64}
# - {name: flux_nu, unit: erg / (cm2 Hz s), datatype: float64}
# meta: {C/O: '1.00', Kzz: '1.0000E+05', Teff: '1700.', Y: '0.28', '[Fe/H]': '-0.50', f_hole: '1.00', f_rain: '0.00', grav: '316.'}
# schema: astropy-2.0
wav flux_nu
4000.0559999999996 nan
4050.0559999999996 1.3627642718209791e-09
4100.056 3.675551205902542e-09
4150.056 2.9672683685642897e-09
4200.056 2.0180059876328807e-09
4250.056 1.787709013350596e-09
4300.056 1.1126940227452726e-09
4350.056 1.0615344217681281e-09
4400.056 1.1273778877502865e-09
4450.056 7.297152918200548e-10
4500.056 7.623421718000746e-10
4550.056 9.985182098437237e-10
4600.056 8.63761550109932e-10
4650.056 7.564564608498942e-10
4700.056 1.001585056660065e-09
4750.056 1.136308843904855e-09
4800.056 6.066912409720771e-10
4850.056 7.649071307500485e-10
4900.056 1.20922412375994e-09
4950.056 1.142287512659967e-09
5000.056 4.5112509210994156e-10
5050.056 3.286112477880147e-10
5100.056 2.95586732720034e-10
5150.056 2.1313550279103983e-10
5200.056 2.2148993029099674e-10
5250.056 2.558860299500123e-10
5300.056 2.3716634037000104e-10
5350.056 2.0788917691000417e-10
5400.056 1.7222576608999971e-10
5450.056 1.3295872026500014e-10
5500.056 9.749252258399861e-11
5550.056 7.783846941199858e-11
5600.056 5.930613875199976e-11
5650.056 4.267310013799979e-11
5700.056 2.859349615899983e-11
5750.056 1.762827061899992e-11
5800.056 9.096433645299904e-12
5850.056 3.274667020529933e-12
5900.056 4.4436312765357645e-13
5950.056 7.749196913600168e-12
6000.056 2.8962056011000462e-11
6050.056 7.84938477090009e-11
6100.056 1.7401234325000243e-10
6150.056 3.5280165335000364e-10
6200.056 6.490440090300055e-10
6250.056 1.092634862230012e-09
6300.056 1.7715774201000135e-09
6350.056 2.6842837121000386e-09
6400.056 3.861633999000009e-09
6450.056 5.37608798909985e-09
6500.056 6.9802147808997504e-09
6550.056 9.240088846499818e-09
6600.056 1.1284169815100046e-08
6650.056 1.2009958597800594e-08
6700.056 6.9568456383661335e-09
6750.056 1.3542428644400371e-08
6800.056 1.711967300200105e-08
6850.056 2.1119404364000705e-08
6900.056 2.430509334200054e-08
6950.056 2.5207611717000544e-08
7000.056 2.7597152683999924e-08
7050.056 2.549705295300045e-08
7100.056 1.9829321500000073e-08
7150.056 1.956553981100016e-08
7200.056 2.4183010166999827e-08
7250.056 2.9167408739001485e-08
7300.056 3.322413497000161e-08
7350.056 3.270004830600027e-08
7400.056 2.759787341300015e-08
7450.056 2.2340596634999165e-08
7500.056 1.820546003699968e-08
7550.056 1.3906339779999954e-08
7600.056 8.130776139399852e-09
7650.056 1.0203121556011657e-09
7700.056 3.751809825785024e-10
7750.056 4.83847747010014e-09
7800.056 1.2078626373326322e-08
7850.056 2.6117320172000427e-08
7900.056 3.591782662100122e-08
7950.056 3.8125341819927805e-08
8000.056 5.928979604599942e-08
8050.056 8.735625416999679e-08
8100.056 1.2146637014700154e-07
8150.056 1.6211487444000224e-07
8200.056 1.452229477279962e-07
8250.056 1.9670132230999996e-07
8300.056 2.0342850363001555e-07
8350.056 2.3023444162000957e-07
8400.056 2.49815785990001e-07
8450.056 2.0221010450999516e-07
8500.056 1.9049339930708486e-07
8550.056 2.386050268200143e-07
8600.056 2.7470365843897363e-07
8650.056 2.952084533059739e-07
8700.056 2.672337660819727e-07
8750.056 2.9411754576402036e-07
8800.056 3.908986382880254e-07
8850.056 3.9857448368997103e-07
8900.056 3.3701053434001083e-07
8950.056 3.5697354428863356e-07
9000.056 4.6661078630001993e-07
9050.056 4.463185949700056e-07
9100.056 5.602247752499892e-07
9150.056 6.555563527100105e-07
9200.056 6.820690921700297e-07
9250.056 5.526199734000038e-07
9300.056 4.6706268801897614e-07
9350.056 5.315734125130218e-07
9400.056 6.069262601099986e-07
9450.056 7.015770919209811e-07
9500.056 8.21015766012952e-07
9550.056 8.953282932770728e-07
9600.056 9.622795106660685e-07
9650.056 1.083049601960049e-06
9700.056 1.2345532266009218e-06
9750.056 1.0213658570599473e-06
9800.056 1.0999766371299356e-06
9850.056 1.074547615779984e-06
9900.056 7.485061289199395e-07
9950.056 4.864001891000081e-07
10000.056 4.517748052999869e-07
10050.056 5.390780727499871e-07
10100.056 6.694519945100492e-07
10150.056 6.579458355799613e-07
10200.056 7.249820621199935e-07
10250.056 7.525468688799571e-07
10300.056 6.928842764999838e-07
10350.056 8.244589207200362e-07
10400.056 9.690502055699541e-07
10450.056 1.0121188159900822e-06
10500.056 1.0136721845299517e-06
10550.056 1.1217056479500752e-06
10600.056 1.2360646890800482e-06
10650.056 1.2468622332300954e-06
10700.056 1.2808439787500432e-06
10750.056 1.4442309810000833e-06
10800.056 1.5932431897599538e-06
10850.056 1.800702269779887e-06
10900.056 1.8340331500099557e-06
10950.056 1.8124807982799012e-06
11000.056 1.721629634149984e-06
11050.056 1.369575342448996e-06
11100.056 1.435454464724143e-06
11150.056 1.537306864958926e-06
11200.056 1.561309476851255e-06
11250.056 1.9121402018100463e-06
11300.056 1.8486151632889496e-06
11350.056 1.6207312700791573e-06
11400.056 1.3114082463500443e-06
11450.056 1.8861332854798983e-06
11500.056 2.331219799145276e-06
11550.056 2.159928027633842e-06
11600.056 2.309027634324603e-06
11650.056 2.2162622855931502e-06
11700.056 1.536121948952057e-06
11750.056 1.6283838907648489e-06
11800.056 1.7171440258441064e-06
11850.056 2.4737215082701428e-06
11900.056 2.779061174759687e-06
11950.056 2.4095256069600245e-06
12000.056 1.96876779530002e-06
12050.056 2.51465609610004e-06
12100.056 2.4238000941998508e-06
12150.056 2.912536262699853e-06
12200.056 2.794755929499651e-06
12250.056 3.1199371811998914e-06
12300.056 3.2375775804001957e-06
12350.056 3.112730685799976e-06
12400.056 2.5936735082999503e-06
12450.056 2.2330303823800094e-06
12500.056 2.3798684334698306e-06
12550.056 2.452468932400141e-06
12600.056 3.051933153800006e-06
12650.056 3.127766970099876e-06
12700.056 3.528528161700227e-06
12750.056 3.4423994862998703e-06
12800.056 3.66982352420006e-06
12850.056 3.4878382962999165e-06
12900.056 3.2190572052998652e-06
12950.056 3.32005163519996e-06
13000.056 3.523626880639759e-06
13050.056 3.7221628238798936e-06
13100.056 3.777832543179942e-06
13150.056 3.783902148439875e-06
13200.056 3.6085267001000445e-06
13250.056 3.2622292447720363e-06
13300.056 2.731440694928738e-06
13350.056 1.4404375129713741e-06
13400.056 1.1987018293423527e-06
13450.056 9.937129531934367e-07
13500.056 8.925817258049275e-07
13550.056 8.025504880716901e-07
13600.056 7.675092763144554e-07
13650.056 1.0108281206044263e-06
13700.056 8.834185110025674e-07
13750.056 9.464183278905908e-07
13800.056 1.1416287819232112e-06
13850.056 1.0525517037866856e-06
13900.056 1.0243130856971964e-06
13950.056 9.524199213172476e-07
14000.056 8.78957264620527e-07
14050.056 9.339584770553112e-07
14100.056 7.712925921327102e-07
14150.056 8.773362718407388e-07
14200.056 7.645758304869291e-07
14250.056 7.392345438091803e-07
14300.056 8.262894881965851e-07
14350.056 8.411055706870806e-07
14400.056 8.839535196411444e-07
14450.056 9.237356882996736e-07
14500.056 1.1075198746109239e-06
14550.056 1.1313690411209266e-06
14600.056 1.2799039189833439e-06
14650.056 1.2595447672495482e-06
14700.056 1.14078477408198e-06
14750.056 1.2500130041273311e-06
14800.056 1.3478277165173158e-06
14850.056 1.4682747304347877e-06
14900.056 1.430238542905923e-06
14950.056 1.4722107711142237e-06
15000.056 1.5428634951561356e-06
15050.056 1.7513377728927374e-06
15100.056 1.756042313830073e-06
15150.056 1.8697597892361289e-06
15200.056 1.9363916719298518e-06
15250.056 2.0276355050699825e-06
15300.056 2.137163011549928e-06
15350.056 2.273175094429952e-06
15400.056 2.380625804800031e-06
15450.056 2.5007187397701015e-06
15500.056 2.5695784287999553e-06
15550.056 2.7238897129998053e-06
15600.056 2.727290900270151e-06
15650.056 2.8413162533001053e-06
15700.056 3.040000992970404e-06
15750.056 3.1516661741998436e-06
15800.056 3.134138887300213e-06
15850.056 2.733063151300079e-06
15900.056 2.8235827140000594e-06
15950.056 2.818595952099866e-06
16000.056 2.8662832206999843e-06
16050.056 2.8893925053000894e-06
16100.056 2.9581371709000204e-06
16150.056 2.748943547600036e-06
16200.056 2.849991894699872e-06
16250.056 2.7232566913999515e-06
16300.056 2.7365485472000116e-06
16350.056 2.882928079499972e-06
16400.056 2.8381813651000954e-06
16450.056 2.919664374500126e-06
16500.056 2.994057431000126e-06
16550.056 3.0876104725999854e-06
16600.056 2.9110598918001474e-06
16650.056 3.02088818499997e-06
16700.056 2.835654246399873e-06
16750.056 2.847582527199914e-06
16800.056 2.9813985190999005e-06
16850.056 2.996997382359875e-06
16900.056 2.9027131932999967e-06
16950.056 2.8644629288999764e-06
17000.056 2.874420491600242e-06
17050.056 2.8915250627000395e-06
17100.056 2.787578059200205e-06
17150.056 2.714931564870047e-06
17200.056 2.5574071739198362e-06
17250.056 2.3847787181199103e-06
17300.056 2.347106601519897e-06
17350.056 2.2782346749801364e-06
17400.056 2.20807925911998e-06
17450.056 2.05388531278935e-06
17500.056 2.007821894559911e-06
17550.056 1.9119888132763077e-06
17600.056 1.8444609693569937e-06
17650.056 1.8470637848681185e-06
17700.056 1.563297668407849e-06
17750.056 1.48778768792896e-06
17800.056 1.5150276416783028e-06
17850.056 1.2978850046860415e-06
17900.056 1.3952992843190688e-06
17950.056 1.3069773797839598e-06
18000.056 1.2189775336879936e-06
18050.056 1.202267400296134e-06
18100.056 1.1652391109198808e-06
18150.056 1.3164853442732871e-06
18200.056 1.037451937693102e-06
18250.056 1.3394083862678456e-06
18300.056 1.2188704059230031e-06
18350.056 1.1601573328600984e-06
18400.056 1.1256220240980535e-06
18450.056 1.0233578597614633e-06
18500.056 1.0822449799031205e-06
18550.056 9.820305063680688e-07
18600.056 8.372027402957405e-07
18650.056 9.313714603101384e-07
18700.056 1.0294973968271757e-06
18750.056 1.015890540128221e-06
18800.056 1.1192564693982852e-06
18850.056 1.273049828666952e-06
18900.056 1.2181851628955154e-06
18950.056 1.3504368528919887e-06
19000.056 1.3463007967798322e-06
19050.056 1.2663556136689247e-06
19100.056 1.4146308238821284e-06
19150.056 1.3742001330830766e-06
19200.056 1.3989690124352704e-06
19250.056 1.2960887527329514e-06
19300.056 1.3536286577576556e-06
19350.056 1.2830711848149062e-06
19400.056 1.0471233937578626e-06
19450.056 1.298727883703967e-06
19500.056 1.3019012137859433e-06
19550.056 1.077415014575202e-06
19600.056 1.217991945692941e-06
19650.056 1.258634693503438e-06
19700.056 1.2511455386330868e-06
19750.056 1.1667590262810943e-06
19800.056 1.2580914184828688e-06
19850.056 1.3362322755310834e-06
19900.056 1.1536373235251668e-06
19950.056 1.3819244352299422e-06
20000.056 1.2458037871351251e-06
20050.056 1.3822562393211575e-06
20100.056 1.3625465864814824e-06
20150.056 1.427268930530197e-06
20200.056 1.4792198466699033e-06
20250.056 1.5373780723898272e-06
20300.056 1.5362350658301396e-06
20350.056 1.6316917207898553e-06
20400.056 1.6348352725695069e-06
20450.056 1.6915905595796835e-06
20500.056 1.747291487779881e-06
20550.056 1.759311327829991e-06
20600.056 1.8747302456401165e-06
20650.056 1.8432128592201216e-06
20700.056 1.9144759222201504e-06
20750.056 1.9298625159899325e-06
20800.056 2.000694214349964e-06
20850.056 1.9687716507199704e-06
20900.056 2.0571758179298607e-06
20950.056 2.0596841285499484e-06
21000.056 2.095635395500016e-06
21050.056 2.1098040892999937e-06
21100.056 2.104430357619997e-06
21150.056 2.1580907724999224e-06
21200.056 2.1370712298000366e-06
21250.056 2.183644068899916e-06
21300.056 2.1229434287999998e-06
21350.056 2.1845416051000105e-06
21400.056 2.1305576509001304e-06
21450.056 2.1935543818999836e-06
21500.056 2.1319696690000653e-06
21550.056 2.1344863219999727e-06
21600.056 2.129929250200101e-06
21650.056 2.0964295086000016e-06
21700.056 2.116805330300006e-06
21750.056 2.0516700858800088e-06
21800.056 2.025927924299849e-06
21850.056 1.989666707699983e-06
21900.056 1.968073304700044e-06
21950.056 1.8665584416800556e-06
22000.056 1.7662301176000242e-06
22050.056 1.6568284639898666e-06
22100.056 1.6946577295700918e-06
22150.056 1.735229395160024e-06
22200.056 1.7077076386900597e-06
22250.056 1.7475015811501952e-06
22300.056 1.7020480392399651e-06
22350.056 1.654407058730138e-06
22400.056 1.628054556539959e-06
22450.056 1.5658476900100084e-06
22500.056 1.5861113716201067e-06
22550.056 1.5367314745798632e-06
22600.056 1.5491664888600731e-06
22650.056 1.5006806541701782e-06
22700.056 1.4622183657201114e-06
22750.056 1.492063422410032e-06
22800.056 1.4328100049899244e-06
22850.056 1.4039438378100747e-06
22900.056 1.3971424681099195e-06
22950.056 1.1601557306400472e-06
23000.056 1.2182742377500605e-06
23050.056 1.314642575209841e-06
23100.056 1.3238950141599955e-06
23150.056 1.3619425079500677e-06
23200.056 1.1904285096490403e-06
23250.056 1.1144954768109485e-06
23300.056 1.0666806456791318e-06
23350.056 1.0752790113499958e-06
23400.056 1.0718263985201042e-06
23450.056 1.1041194098301566e-06
23500.056 1.1528759381900454e-06
23550.056 1.1619185914601318e-06
23600.056 1.1691969224500574e-06
23650.056 1.2443100242098283e-06
23700.056 1.1201957596300234e-06
23750.056 1.129280349290122e-06
23800.056 1.083330908109993e-06
23850.056 1.0487841363400796e-06
23900.056 1.1702802997401082e-06
23950.056 1.2310173721001782e-06
24000.056 1.2302838391296757e-06
24050.056 1.2452402225501718e-06
24100.056 1.173475335169874e-06
24150.056 1.1833033403003164e-06
24200.056 1.191043220619751e-06
24250.056 1.1703184869900923e-06
24300.056 1.1740077390400694e-06
24350.056 1.069872664350011e-06
24400.056 1.200524524750085e-06
24450.056 1.0818577216698438e-06
24500.056 1.0631469358799854e-06
24550.056 1.0443211679941655e-06
24600.056 1.0760842931761033e-06
24650.056 1.1745674225361085e-06
24700.056 9.773149057069336e-07
24750.056 9.465324532371457e-07
24800.056 9.599877259730818e-07
24850.056 1.1121422318270886e-06
24900.056 8.296336439973242e-07
24950.056 1.0665808773390303e-06
25000.056 9.82813000457167e-07
25050.056 7.777771292431599e-07
25100.056 9.447908307589604e-07
25150.056 8.150501017519207e-07
25200.056 8.859610037260582e-07
25250.056 7.995342793818639e-07
25300.056 9.0600906054506e-07
25350.056 7.454557467109892e-07
25400.056 8.808153632902115e-07
25450.056 7.476673960029689e-07
25500.056 8.013275416511856e-07
25550.056 7.696229102060172e-07
25600.056 8.002601682729271e-07
25650.056 6.929856700629767e-07
25700.056 9.392967410056969e-07
25750.056 6.509795430451504e-07
25800.056 9.097666547521339e-07
25850.056 7.560098856289172e-07
25900.056 8.855974161881382e-07
25950.056 7.212399641390568e-07
26000.056 9.241962594303162e-07
26050.056 9.068085460960013e-07
26100.056 9.753853669260496e-07
26150.056 9.345984827348995e-07
26200.056 9.093008366440071e-07
26250.056 9.89375477722959e-07
26300.056 9.360417354230542e-07
26350.056 1.0490333945049598e-06
26400.056 1.0531221452488967e-06
26450.056 1.0328727546710662e-06
26500.056 1.099452443394739e-06
26550.056 9.96150492918827e-07
26600.056 1.2181452651258547e-06
26650.056 8.962136060878593e-07
26700.056 9.194110428340346e-07
26750.056 7.472196693126832e-07
26800.056 8.921123299308528e-07
26850.056 6.750797320620423e-07
26900.056 9.373745557989939e-07
26950.056 6.379130258089089e-07
27000.056 9.063755132221336e-07
27050.056 7.703061311179659e-07
27100.056 7.691885579458349e-07
27150.056 8.52727536352032e-07
27200.056 8.22059974480097e-07
27250.056 7.789994281292374e-07
27300.056 9.932090553401079e-07
27350.056 9.066264657537681e-07
27400.056 7.047108015899215e-07
27450.056 1.0549794713247586e-06
27500.056 9.684488835399823e-07
27550.056 8.312544542988691e-07
27600.056 1.0637226929079327e-06
27650.056 7.876897283979658e-07
27700.056 7.405321423390251e-07
27750.056 1.069515147946751e-06
27800.056 7.491195823469738e-07
27850.056 8.19306355709772e-07
27900.056 8.578717954800158e-07
27950.056 1.0472203078499749e-06
28000.056 9.405548753931682e-07
28050.056 6.774863579251636e-07
28100.056 1.096400285494254e-06
28150.056 8.375562977400595e-07
28200.056 6.894347452110071e-07
28250.056 9.7498648995999e-07
28300.056 1.1292977471551721e-06
28350.056 7.650879425608205e-07
28400.056 9.008072121860083e-07
28450.056 9.85372621374849e-07
28500.056 9.409878501748153e-07
28550.056 6.301798779728321e-07
28600.056 1.1098586271099818e-06
28650.056 9.848944483089818e-07
28700.056 8.804551376288983e-07
28750.056 1.0216722973839989e-06
