galfind/configs/Brown_Dwarf_templates/sonora_bobcat/m-0.5/316g/sp_t350g316nc_m-0.5_resample.dat
# %ECSV 1.0
# ---
# datatype:
# - {name: wav, unit: Angstrom, datatype: float64}
# - {name: flux_nu, unit: erg / (cm2 Hz s), datatype: float64}
# meta: {C/O: '1.00', Kzz: '1.0000E+05', Teff: '350.', Y: '0.28', '[Fe/H]': '-0.50', f_hole: '1.00', f_rain: '0.00', grav: '316.'}
# schema: astropy-2.0
wav flux_nu
4000.0559999999996 nan
4050.0559999999996 4.693240202060098e-19
4100.056 2.1724908816400394e-17
4150.056 1.7957048831200186e-16
4200.056 2.3491430103400167e-16
4250.056 1.7509996749300155e-15
4300.056 4.315267044400023e-15
4350.056 8.542881858100036e-15
4400.056 1.5632347917000068e-14
4450.056 2.67066235980001e-14
4500.056 4.3243833705000155e-14
4550.056 5.543220780799993e-14
4600.056 3.5560251081999946e-14
4650.056 2.6602547852999914e-14
4700.056 1.5757865590999908e-14
4750.056 7.442211925999949e-15
4800.056 3.7872528748999776e-15
4850.056 1.7879702126999874e-15
4900.056 9.939104179199956e-16
4950.056 6.520083733299975e-16
5000.056 4.280107851899983e-16
5050.056 3.2762363389000015e-16
5100.056 3.5285929315000074e-16
5150.056 3.9291876615000045e-16
5200.056 4.432109358300006e-16
5250.056 5.063718664800007e-16
5300.056 5.789851318900008e-16
5350.056 6.650025068700012e-16
5400.056 7.672220254300013e-16
5450.056 8.767461157500018e-16
5500.056 9.935809542400016e-16
5550.056 1.1137622435000015e-15
5600.056 1.2368637814000016e-15
5650.056 1.3544869297000013e-15
5700.056 1.432540557500001e-15
5750.056 1.4379022085999998e-15
5800.056 1.2951514900999963e-15
5850.056 8.730589553499898e-16
5900.056 2.659098344655106e-16
5950.056 1.8214007650600318e-15
6000.056 4.100192892000031e-15
6050.056 7.285365498900051e-15
6100.056 1.1633138760700074e-14
6150.056 1.7597692924000097e-14
6200.056 2.576099921200012e-14
6250.056 3.647371154300016e-14
6300.056 5.07831165750002e-14
6350.056 6.965378208300028e-14
6400.056 9.454506378300041e-14
6450.056 1.1995044500999993e-13
6500.056 1.5897676222000125e-13
6550.056 2.152363108399994e-13
6600.056 2.9070379471000276e-13
6650.056 3.993178651500022e-13
6700.056 5.215723056900023e-13
6750.056 7.040443711400031e-13
6800.056 8.581624182300024e-13
6850.056 9.2305174036e-13
6900.056 8.062227615399963e-13
6950.056 6.598260930300026e-13
7000.056 7.290010632999931e-13
7050.056 7.716520012099998e-13
7100.056 8.740675087699988e-13
7150.056 7.391536146659852e-13
7200.056 6.188838044559997e-13
7250.056 7.043491111499696e-13
7300.056 7.39070612800028e-13
7350.056 9.406022029200012e-13
7400.056 1.1512057405600085e-12
7450.056 1.4044820915000125e-12
7500.056 1.5973564587000023e-12
7550.056 1.708297019600001e-12
7600.056 1.717940879299998e-12
7650.056 8.301410322759774e-13
7700.056 7.637804634620217e-13
7750.056 1.956073185500019e-12
7800.056 2.515889042700018e-12
7850.056 3.563931821899998e-12
7900.056 4.350678561700005e-12
7950.056 4.7016113433000165e-12
8000.056 6.201500936100029e-12
8050.056 7.2586530131000364e-12
8100.056 6.220013515699884e-12
8150.056 4.7248122837001815e-12
8200.056 8.504748756560143e-12
8250.056 9.007997795012055e-12
8300.056 1.0280373731129955e-11
8350.056 1.2176574054400022e-11
8400.056 1.5556562009200224e-11
8450.056 2.138313325900013e-11
8500.056 2.6097425726000034e-11
8550.056 3.2242249241000405e-11
8600.056 3.9177587418000255e-11
8650.056 4.521353970800024e-11
8700.056 4.9135624503000225e-11
8750.056 5.472849649800029e-11
8800.056 5.822738073500001e-11
8850.056 5.471054073599903e-11
8900.056 2.1031084094098864e-11
8950.056 1.4384525141800413e-11
9000.056 1.4529057910789336e-11
9050.056 4.7165277070500194e-11
9100.056 5.2671529442624076e-11
9150.056 6.405715395149936e-11
9200.056 9.614078843840607e-11
9250.056 8.279773310379513e-11
9300.056 1.847062250353599e-12
9350.056 3.1789679813135653e-12
9400.056 2.7998175847210823e-11
9450.056 1.3875550592389604e-11
9500.056 1.2427073905667932e-11
9550.056 1.2103559281809618e-11
9600.056 1.7997604539253306e-11
9650.056 3.7026514840380216e-11
9700.056 1.2060691165452477e-10
9750.056 1.1633650657631347e-10
9800.056 1.541020387215969e-10
9850.056 2.087169246419976e-10
9900.056 3.0251393157901185e-10
9950.056 3.475278913100079e-10
10000.056 2.582035705572455e-10
10050.056 2.2760464821999374e-10
10100.056 1.870358850699995e-10
10150.056 1.2958931914199736e-10
10200.056 7.286618256900226e-11
10250.056 7.869599211100044e-11
10300.056 1.0359186182899521e-10
10350.056 6.035508054400191e-11
10400.056 8.852953447200062e-11
10450.056 1.0111106214399496e-10
10500.056 1.0899797389100006e-10
10550.056 1.1788829067799986e-10
10600.056 1.140149377600001e-10
10650.056 1.0149208166899923e-10
10700.056 8.363677231099935e-11
10750.056 7.230330500099899e-11
10800.056 6.278088152700024e-11
10850.056 5.429965133799973e-11
10900.056 4.644641692999927e-11
10950.056 3.3314055496999956e-11
11000.056 2.16607315514985e-11
11050.056 1.0811967362109864e-11
11100.056 4.350573345703368e-12
11150.056 1.4554319610588368e-12
11200.056 1.0088997385314788e-12
11250.056 1.2634368759543024e-12
11300.056 2.2653840728500628e-12
11350.056 7.949591189069376e-13
11400.056 4.5526880588376e-12
11450.056 2.237457967404185e-12
11500.056 2.5204554869754683e-12
11550.056 8.445722232205496e-13
11600.056 3.949594168468817e-13
11650.056 1.7692038332927572e-12
11700.056 2.6625529515719763e-12
11750.056 1.2893211639534313e-12
11800.056 5.2440560821517954e-12
11850.056 6.0479865627599585e-12
11900.056 6.875026292830041e-12
11950.056 8.680150166800192e-12
12000.056 1.0585399119800595e-11
12050.056 1.3901189496300294e-11
12100.056 1.5479139276199873e-11
12150.056 2.0185952666500125e-11
12200.056 2.3308490846400114e-11
12250.056 3.295282247939974e-11
12300.056 4.882116281600184e-11
12350.056 5.94324542840008e-11
12400.056 8.268463896500034e-11
12450.056 1.1710225063400171e-10
12500.056 1.427804602069997e-10
12550.056 1.5539257286200223e-10
12600.056 2.1169259909000589e-10
12650.056 2.87837061670003e-10
12700.056 3.3637809452999946e-10
12750.056 3.071739065900015e-10
12800.056 2.5816807867999586e-10
12850.056 1.8747265543999542e-10
12900.056 1.5073340315700026e-10
12950.056 1.3284227232100312e-10
13000.056 1.4910984083101049e-10
13050.056 1.0962965719049815e-10
13100.056 1.2522317677099037e-10
13150.056 7.857743349170622e-11
13200.056 9.051007638735265e-11
13250.056 9.138368593911569e-11
13300.056 3.34051144023817e-11
13350.056 1.764900516946423e-11
13400.056 3.1910988263216142e-12
13450.056 4.934144045588862e-13
13500.056 1.030486538710391e-13
13550.056 1.2209205452571349e-14
13600.056 2.1586191014585645e-15
13650.056 2.0965128563085044e-14
13700.056 9.152214707565894e-15
13750.056 8.17882081857348e-14
13800.056 8.966712041287011e-14
13850.056 1.6839140137241575e-14
13900.056 5.0193529690830064e-14
13950.056 4.1381311173575444e-14
14000.056 9.807263590851199e-14
14050.056 1.1620390825900657e-13
14100.056 1.0037205337687425e-13
14150.056 3.607208124042617e-13
14200.056 2.4170082324018177e-13
14250.056 4.0907874223932323e-13
14300.056 1.929263441510932e-12
14350.056 1.3501357481182612e-12
14400.056 1.2956255113771924e-12
14450.056 3.473040034331797e-12
14500.056 8.478767136032488e-12
14550.056 1.1289905549578945e-11
14600.056 2.2067958695613964e-11
14650.056 7.299651657620021e-12
14700.056 2.8968843355835883e-12
14750.056 1.3748158962229397e-12
14800.056 1.3378112313861666e-12
14850.056 1.3682444274372565e-12
14900.056 1.287802673574591e-12
14950.056 8.623815175373479e-13
15000.056 3.296392375983717e-12
15050.056 4.785118481696971e-12
15100.056 1.676983621491884e-12
15150.056 5.755414388461464e-13
15200.056 2.8512316555999226e-12
15250.056 6.459774668578717e-12
15300.056 9.827717883462321e-12
15350.056 1.2010189019800169e-11
15400.056 1.5316703818846805e-11
15450.056 2.3150013415982868e-11
15500.056 3.4597086478096435e-11
15550.056 6.819348787051101e-11
15600.056 1.215137686239917e-10
15650.056 2.1547384476301927e-10
15700.056 3.4188485812000743e-10
15750.056 4.2076392825000515e-10
15800.056 5.057138882799997e-10
15850.056 5.925645436800199e-10
15900.056 6.245782660699979e-10
15950.056 6.734043627200005e-10
16000.056 6.15498514779996e-10
16050.056 4.849449803599878e-10
16100.056 3.2257459433999957e-10
16150.056 1.8448585429198547e-10
16200.056 7.847668194780362e-11
16250.056 4.082893434795032e-11
16300.056 2.207222459556542e-11
16350.056 2.3559554513130173e-11
16400.056 2.5387952610254904e-11
16450.056 2.916266973445137e-11
16500.056 2.1507610028887857e-11
16550.056 2.4286005870625817e-11
16600.056 5.575481349954351e-11
16650.056 2.9023766923374796e-11
16700.056 6.452163376994888e-12
16750.056 2.298386390914369e-11
16800.056 2.97674133164274e-11
16850.056 2.886283843798441e-11
16900.056 1.3502034745979912e-11
16950.056 9.435525522863177e-12
17000.056 4.717772528921621e-12
17050.056 8.247255676905288e-12
17100.056 1.551824154204986e-11
17150.056 1.0434847453991736e-11
17200.056 2.911423615940672e-11
17250.056 1.0053094549450787e-11
17300.056 8.15200164276191e-12
17350.056 1.1291557554022544e-11
17400.056 1.8689058007868615e-11
17450.056 2.1883593895569808e-11
17500.056 2.9847334745752344e-11
17550.056 2.440271250749042e-11
17600.056 2.255814707130215e-11
17650.056 1.5390164006366498e-11
17700.056 1.3546513463659871e-11
17750.056 9.681791134548632e-12
17800.056 1.6058193082893806e-11
17850.056 8.273659737639227e-12
17900.056 5.401370802435e-12
17950.056 3.48549690162951e-12
18000.056 5.711648553691215e-12
18050.056 2.424804486031689e-12
18100.056 2.6007887016576497e-12
18150.056 1.5651608871030592e-12
18200.056 1.0977128864437903e-12
18250.056 4.038496869642306e-12
18300.056 5.044818845751037e-13
18350.056 4.351395153442219e-13
18400.056 2.2225752967924227e-13
18450.056 1.8973640682076297e-12
18500.056 1.5909800783655554e-12
18550.056 6.292856266948004e-13
18600.056 1.2626842156900847e-12
18650.056 8.541674696176217e-13
18700.056 7.635134160215617e-14
18750.056 1.8295878673020137e-13
18800.056 2.7233348578988747e-12
18850.056 2.255100135450705e-12
18900.056 2.4821671582347095e-12
18950.056 3.079745134122715e-12
19000.056 5.871898977722313e-13
19050.056 2.7218512793726786e-13
19100.056 9.702914905821791e-13
19150.056 3.9084442529119353e-13
19200.056 8.737442874211254e-13
19250.056 6.332832759047783e-13
19300.056 3.510420167575985e-13
19350.056 3.9862301497681543e-13
19400.056 2.6315171004235004e-13
19450.056 3.0220462248621893e-13
19500.056 3.3112804283485204e-13
19550.056 6.007354051255422e-13
19600.056 1.0875635112046308e-12
19650.056 8.841825028143201e-13
19700.056 1.2923562688234537e-12
19750.056 1.45827872119938e-12
19800.056 9.688802209094222e-13
19850.056 1.2073190430610476e-12
19900.056 1.8507698588756667e-12
19950.056 1.8670877774390347e-12
20000.056 2.0920797639417108e-12
20050.056 1.7286878067461076e-12
20100.056 2.451681124768405e-12
20150.056 1.698010564897441e-12
20200.056 1.2758390795199124e-12
20250.056 2.1195240579908165e-12
20300.056 2.2989427167950596e-12
20350.056 2.2968595828907357e-12
20400.056 2.369964260110018e-12
20450.056 3.056801940690444e-12
20500.056 3.0565199230000675e-12
20550.056 3.0551274643099425e-12
20600.056 3.0192210417002143e-12
20650.056 2.9795145978998037e-12
20700.056 2.896669907799959e-12
20750.056 2.7388230398999745e-12
20800.056 2.5393583788998978e-12
20850.056 2.467536851999991e-12
20900.056 2.3307495280999915e-12
20950.056 2.1855331484999993e-12
21000.056 2.0725296667999886e-12
21050.056 2.046047832699993e-12
21100.056 2.0133432208999955e-12
21150.056 2.0426849844000053e-12
21200.056 2.0906521890000293e-12
21250.056 2.1763323062999764e-12
21300.056 2.230903373000034e-12
21350.056 2.305673196509958e-12
21400.056 2.530433882020151e-12
21450.056 2.4311661860201014e-12
21500.056 2.432436592071007e-12
21550.056 2.483855330775967e-12
21600.056 2.440507107943238e-12
21650.056 2.3198221515580186e-12
21700.056 2.389319570574889e-12
21750.056 2.3254831876425127e-12
21800.056 1.9543284550865046e-12
21850.056 1.8432699931470644e-12
21900.056 1.5557214775424985e-12
21950.056 9.260092187139693e-13
22000.056 1.3388250329065197e-13
22050.056 2.6231467797407694e-13
22100.056 7.277644213461879e-13
22150.056 4.84805606647393e-13
22200.056 4.611513835015206e-13
22250.056 3.9147223791935444e-13
22300.056 1.9383307670620602e-13
22350.056 2.7652022780820285e-13
22400.056 1.1930373938753906e-13
22450.056 1.915572285360522e-13
22500.056 1.4293065473762703e-13
22550.056 7.38505007701769e-14
22600.056 5.745209133071905e-14
22650.056 7.902648276798573e-14
22700.056 9.440593903092362e-14
22750.056 1.5049537842483712e-13
22800.056 1.9892754642070724e-13
22850.056 1.2312918859089072e-13
22900.056 8.667812447327811e-14
22950.056 6.59542571353889e-14
23000.056 6.696999495422054e-14
23050.056 6.697619093623147e-14
23100.056 5.26179417164683e-13
23150.056 4.310806604634229e-13
23200.056 2.843701301524544e-14
23250.056 1.5860074350276254e-13
23300.056 1.1005105409671557e-13
23350.056 1.3851074278212256e-13
23400.056 1.0036366877158391e-13
23450.056 5.942765477039227e-14
23500.056 5.706539024938131e-14
23550.056 1.393251528921506e-13
23600.056 3.0883193681324513e-13
23650.056 3.883695321717026e-13
23700.056 5.829833413341323e-14
23750.056 9.415912037772931e-14
23800.056 4.559186308706753e-13
23850.056 2.3921487195177354e-13
23900.056 4.79829229750366e-13
23950.056 2.315851771932096e-13
24000.056 5.923158354938928e-13
24050.056 6.171362102411569e-13
24100.056 8.127422224378616e-13
24150.056 1.1365704469594104e-12
24200.056 9.32027172959932e-13
24250.056 7.700895945811537e-13
24300.056 1.5819137965270419e-12
24350.056 1.3722512080079596e-12
24400.056 2.6697827007709137e-12
24450.056 2.9915353076790283e-12
24500.056 2.7684189886466115e-12
24550.056 4.695805747179545e-12
24600.056 5.90642450949974e-12
24650.056 7.306503365336544e-12
24700.056 6.61648813205963e-12
24750.056 8.8141039332183e-12
24800.056 8.672810333429024e-12
24850.056 1.0923862148747039e-11
24900.056 7.237534514858395e-12
24950.056 1.0940735125339467e-11
25000.056 1.4172359822288892e-11
25050.056 8.6801869924939e-12
25100.056 1.2924632095985829e-11
25150.056 6.738071838382763e-12
25200.056 1.1098005256174596e-11
25250.056 4.6143528279856014e-12
25300.056 5.12217038395842e-12
25350.056 2.584793150673535e-12
25400.056 6.456303844925652e-12
25450.056 1.7180219275024401e-12
25500.056 1.3701945302523219e-12
25550.056 4.557905879610723e-12
25600.056 1.9469207840214e-12
25650.056 6.542158329592413e-13
25700.056 4.2719056220465506e-13
25750.056 1.0393054994409697e-13
25800.056 7.770382152597541e-13
25850.056 8.733056573552653e-14
25900.056 1.4039920559043543e-13
25950.056 1.596501875859105e-14
26000.056 5.226194362221534e-13
26050.056 2.5886612374491853e-14
26100.056 2.1933734407958917e-13
26150.056 5.889919182881851e-14
26200.056 9.870831076205505e-14
26250.056 1.2974241054750956e-12
26300.056 1.0274521879099153e-13
26350.056 4.376888776444226e-12
26400.056 8.894547957703263e-12
26450.056 3.290537448411063e-12
26500.056 1.2071164297026793e-11
26550.056 5.91116665331304e-13
26600.056 4.678792996831073e-13
26650.056 3.744904904721272e-14
26700.056 2.2264528698747005e-14
26750.056 5.340359898718867e-14
26800.056 3.676133101520828e-13
26850.056 1.755824398827575e-13
26900.056 1.2826184673136774e-12
26950.056 2.581178604587221e-13
27000.056 2.130689697001926e-12
27050.056 4.21329110363384e-12
27100.056 8.971567765464262e-14
27150.056 3.401512977719885e-12
27200.056 9.062238675722007e-14
27250.056 6.693912933930127e-13
27300.056 1.2808107034150114e-11
27350.056 2.3631237372997777e-12
27400.056 5.989092280752026e-14
27450.056 3.882962979003699e-12
27500.056 5.825266981016449e-12
27550.056 4.606012422681451e-13
27600.056 2.154224487486301e-12
27650.056 3.4408835091737385e-13
27700.056 4.3470764853711663e-13
27750.056 4.509853786119211e-12
27800.056 1.1286439290883052e-12
27850.056 2.8864925297025747e-12
27900.056 4.3301202683091835e-12
27950.056 8.748194800114912e-12
28000.056 9.894595949913472e-12
28050.056 5.862831129295301e-13
28100.056 1.3740886567016831e-11
28150.056 8.91480138721058e-12
28200.056 1.3996916182456832e-12
28250.056 1.8987796425167628e-11
28300.056 1.8613326510479863e-11
28350.056 1.7835194303261157e-12
28400.056 1.1347691378444565e-11
28450.056 2.3906374860140553e-11
28500.056 9.628227932784424e-12
28550.056 1.6280874180656511e-12
28600.056 2.1836310988480905e-11
28650.056 9.11096742636847e-12
28700.056 2.1470756986374505e-11
28750.056 4.425449476769949e-11
28800.056 1.0785745334193542e-11
