galfind/configs/Brown_Dwarf_templates/sonora_bobcat/m-0.5/316g/sp_t475g316nc_m-0.5_resample.dat
# %ECSV 1.0
# ---
# datatype:
# - {name: wav, unit: Angstrom, datatype: float64}
# - {name: flux_nu, unit: erg / (cm2 Hz s), datatype: float64}
# meta: {C/O: '1.00', Kzz: '1.0000E+05', Teff: '475.', Y: '0.28', '[Fe/H]': '-0.50', f_hole: '1.00', f_rain: '0.00', grav: '316.'}
# schema: astropy-2.0
wav flux_nu
[from data line 499]
28950.056 5.16338422929667e-10
29000.056 4.0130909795791224e-10
29050.056 6.179804516736189e-10
29100.056 2.9375122744974876e-10
29150.056 5.320921971731227e-10
29200.056 7.80681844526063e-10
29250.056 9.081659783180048e-10
29300.056 5.16836274487291e-10
29350.056 1.4798216924855183e-09
29400.056 5.515979483777793e-10
29450.056 4.183647590426487e-10
29500.056 1.3405013139837313e-09
29550.056 5.355078714087147e-10
29600.056 7.279020059397713e-10
29650.056 1.9729660615695656e-09
29700.056 4.714840695168823e-10
29750.056 1.355405818585128e-09
29800.056 1.0299529671940987e-09
29850.056 1.843524001124112e-09
29900.056 9.880427003462066e-10
29950.056 1.0039438255167374e-09
30000.056 2.6891543556429725e-11
30050.056 1.4509534005485194e-10
30100.056 4.943579785267828e-10
30150.056 1.6186562822446642e-09
30200.056 1.1745236142546497e-09
30250.056 2.2658660586370247e-09
30300.056 2.4757708111701244e-09
30350.056 7.660468075804622e-10
30400.056 2.835304189961811e-09
30450.056 1.864748589168312e-09
30500.056 1.4269611323609458e-09
30550.056 1.0996768984696161e-09
30600.056 5.770420426660232e-09
30650.056 2.576308234570734e-09
30700.056 1.7530983522898578e-09
30750.056 3.0590566955092743e-09
30800.056 2.6050466202692825e-09
30850.056 2.8682536992459552e-09
30900.056 1.6660250018535198e-09
30950.056 1.3807782338228731e-09
31000.056 1.6937993430770031e-09
31050.056 1.4985942748977375e-09
31100.056 7.792767473271443e-10
31150.056 1.4827019963868233e-09
31200.056 3.6874262157299995e-09
31250.056 1.6074267007188773e-09
31300.056 1.1760923058088998e-09
31350.056 2.3154605369807144e-09
31400.056 1.511251164868938e-09
31450.056 1.7489809132507692e-09
31500.056 6.10081000041136e-10
31550.056 1.1629594720621813e-09
31600.056 7.927729257022767e-10
31650.056 6.32180029587419e-10
31700.056 6.381402528862048e-10
31750.056 2.949794547959043e-10
31800.056 6.580594317930912e-10
31850.056 1.440278507353232e-10
31900.056 3.5031200329827776e-10
31950.056 1.74435729824783e-10
32000.056 1.7700132802225741e-10
32050.056 2.0824672605650152e-10
32100.056 1.595729369205938e-10
32150.056 1.9722691137688314e-10
32200.056 1.0064953032798104e-10
32250.056 2.4522796759720404e-10
32300.056 7.536837598304697e-11
32350.056 2.6714359848952305e-10
32400.056 4.9090237379624024e-11
32450.056 2.0999521317184648e-10
32500.056 6.382283381063206e-11
32550.056 1.9100974145102883e-10
32600.056 7.914230433202462e-11
32650.056 3.642446480149018e-10
32700.056 1.1867219307067533e-10
32750.056 7.405500709992985e-10
32800.056 5.136432119385795e-10
32850.056 1.2831324711282373e-09
32900.056 1.1897467488796657e-09
32950.056 1.2258340835899193e-09
33000.056 4.448843590976006e-10
33050.056 5.429585189125854e-10
33100.056 1.2120612427318167e-10
33150.056 1.620182042064248e-13
33200.056 3.949903679515939e-12
33250.056 6.557271787531395e-12
33300.056 4.540031979165305e-11
33350.056 1.4826162769429338e-10
33400.056 4.713937712633816e-10
33450.056 2.852437820475634e-10
33500.056 1.0509059585504272e-09
33550.056 2.433456872875318e-10
33600.056 5.788778566150087e-10
33650.056 5.729132135059076e-10
33700.056 1.913327936588387e-10
33750.056 7.717218066326949e-10
33800.056 8.100998619408002e-11
33850.056 3.6588046408666913e-10
33900.056 3.876952950480073e-10
33950.056 3.131278982849065e-10
34000.056 6.75345803054981e-10
34050.056 1.1061052489056304e-10
34100.056 6.149392235429902e-10
34150.056 2.2061694530102697e-10
34200.056 6.253534996086217e-10
34250.056 4.181378014862825e-10
34300.056 3.7112114778403485e-10
34350.056 9.61170710628839e-10
34400.056 2.517366401278344e-10
34450.056 9.324937770285413e-10
34500.056 4.907121203189313e-10
34550.056 3.5964623743874643e-10
34600.056 1.6630485599260728e-09
34650.056 2.3224118820203538e-10
34700.056 1.166946172227536e-09
34750.056 6.775846610365637e-10
34800.056 4.911221360008256e-10
34850.056 1.903286328819634e-09
34900.056 4.0819046179451457e-10
34950.056 1.6857063016337194e-09
35000.056 2.68653356166129e-09
35050.056 1.2202699899973776e-09
35100.056 3.2833452896788833e-09
35150.056 2.7599336767475116e-09
35200.056 2.0786252086330864e-09
35250.056 3.965663696560992e-09
35300.056 1.2056908096524426e-09
35350.056 1.9999144752347416e-09
35400.056 1.6053056752421608e-09
35450.056 1.2752258948928313e-09
35500.056 4.503976535177111e-09
35550.056 2.5114518706567664e-09
35600.056 3.3220664284781787e-09
35650.056 3.686350508950255e-09
35700.056 3.4013297653592792e-09
35750.056 5.830108685956302e-09
35800.056 4.027587508591281e-09
35850.056 1.952144126285472e-09
35900.056 3.048517021563297e-09
35950.056 4.365697841937234e-09
36000.056 4.399711947050817e-09
36050.056 3.3878619405730987e-09
36100.056 2.959269579035922e-09
36150.056 6.919854096989193e-09
36200.056 7.571690744962976e-09
36250.056 4.7614294230643126e-09
36300.056 1.0849258133247687e-08
36350.056 7.01237884755821e-09
36400.056 1.0255970860435385e-08
36450.056 8.22923207244419e-09
36500.056 9.305532577100854e-09
36550.056 1.499989224363584e-08
36600.056 1.6901851051596294e-08
36650.056 1.0942322003094884e-08
36700.056 1.1195010420631956e-08
36750.056 1.6200201750404306e-08
36800.056 1.8299970829497385e-08
36850.056 1.086699771078159e-08
36900.056 1.4458291074017456e-08
36950.056 1.906389507179597e-08
37000.056 1.333177561507767e-08
37050.056 1.999762539582746e-08
37100.056 1.117662448043485e-08
37150.056 1.4784833249090355e-08
37200.056 2.4554516709797204e-08
37250.056 1.336354199534284e-08
37300.056 1.0438713071536637e-08
37350.056 1.8224237214265442e-08
37400.056 2.6916460781938705e-08
37450.056 1.1704116296756597e-08
37500.056 1.5058995436810968e-08
37550.056 3.0452944220907903e-08
37600.056 4.1413058570203793e-08
37650.056 1.3773938429051789e-08
37700.056 2.5453239375002668e-08
37750.056 1.823058904149211e-08
37800.056 2.031198969781435e-08
37850.056 1.16633081646499e-08
37900.056 1.3862462060990381e-08
37950.056 2.3021852159799984e-08
38000.056 2.1054241845858392e-08
38050.056 2.802489310680571e-08
38100.056 3.7186712271820206e-08
38150.056 3.9213127885597304e-08
38200.056 2.999917332191099e-08
38250.056 3.4425519344962905e-08
38300.056 5.318902470278868e-08
38350.056 4.782023212661161e-08
38400.056 2.3562671644966347e-08
38450.056 1.2785610384285158e-08
38500.056 1.0215661151622522e-08
38550.056 2.824462235260467e-08
38600.056 2.927580413469397e-08
38650.056 3.15022099708964e-08
38700.056 3.18555935827952e-08
38750.056 2.9261044180199507e-08
38800.056 2.9386468694999678e-08
38850.056 3.352135212070218e-08
38900.056 4.020458627339443e-08
38950.056 2.6842992708502156e-08
39000.056 3.690909223909151e-08
39050.056 2.7516328156014385e-08
39100.056 3.477038287424751e-08
39150.056 4.7834596171898535e-08
39200.056 3.546614925179775e-08
39250.056 4.621287155920158e-08
39300.056 3.761722883559897e-08
39350.056 5.6771261819500115e-08
39400.056 3.789386505145677e-08
39450.056 5.125078565110213e-08
39500.056 5.578273202200033e-08
39550.056 3.044187595520453e-08
39600.056 4.710598696260336e-08
39650.056 6.594614629999764e-08
39700.056 5.829734413300564e-08
39750.056 3.035886525915715e-08
39800.056 3.453925157765078e-08
39850.056 6.946699561400296e-08
39900.056 7.332689577100349e-08
39950.056 4.108512367599859e-08
40000.056 6.214468576899858e-08
40050.056 6.544152108499881e-08
40100.056 2.6971011912803673e-08
40150.056 5.933394013900343e-08
40200.056 6.479285507999279e-08
40250.056 7.038952317598872e-08
40300.056 7.073899357100787e-08
40350.056 4.38143519388904e-08
40400.056 6.31342673470836e-08
40450.056 3.566657027419641e-08
40500.056 6.888904975199631e-08
40550.056 7.393162539678608e-08
40600.056 6.867387586600011e-08
40650.056 5.502583910125587e-08
40700.056 9.207788437199593e-08
40750.056 6.67968085519929e-08
40800.056 4.424122297359043e-08
40850.056 9.592964233201058e-08
40900.056 8.85567103509923e-08
40950.056 6.956360608556637e-08
41000.056 6.351767254119665e-08
41050.056 1.0064631654399415e-07
41100.056 8.923312011599466e-08
41150.056 4.174877745739818e-08
41200.056 9.436656451900793e-08
41250.056 8.666948960388774e-08
41300.056 9.075126088900582e-08
41350.056 1.081404828449983e-07
41400.056 8.915287381600174e-08
41450.056 1.0998119636199787e-07
41500.056 7.4061045119957e-08
41550.056 6.96139413943157e-08
41600.056 7.44575149840522e-08
41650.056 9.829759376500656e-08
41700.056 1.1429402619098854e-07
41750.056 9.397178663699646e-08
41800.056 1.0173081845000689e-07
41850.056 8.488146356639196e-08
41900.056 7.909147683488113e-08
41950.056 8.575806619799973e-08
42000.056 6.147914069256934e-08
42050.056 6.45919261248108e-08
42100.056 8.157537535999152e-08
42150.056 7.687385872499763e-08
42200.056 7.895531585299296e-08
42250.056 7.322047261660736e-08
42300.056 6.700906465599664e-08
42350.056 9.277829467100337e-08
42400.056 1.0378488887700554e-07
42450.056 9.498870490600946e-08
42500.056 9.968447737899625e-08
42550.056 8.84976170139955e-08
42600.056 9.011063239602064e-08
42650.056 1.2260219009998809e-07
42700.056 7.49238152429819e-08
42750.056 8.201215221001242e-08
42800.056 1.1192812354100342e-07
42850.056 1.2031041781098391e-07
42900.056 1.230327734370089e-07
42950.056 9.717912980599696e-08
43000.056 1.1322158882499841e-07
43050.056 6.348014808100703e-08
43100.056 1.036378620509957e-07
43150.056 8.710824172600266e-08
43200.056 1.0686750474400463e-07
43250.056 1.4471462213000448e-07
43300.056 1.3190837132099948e-07
43350.056 7.498264310199099e-08
43400.056 1.0987364668900518e-07
43450.056 8.182807770400562e-08
43500.056 8.54341318410062e-08
43550.056 8.512393888900391e-08
43600.056 1.258759280160049e-07
43650.056 7.542481144699634e-08
43700.056 1.3249877768401694e-07
43750.056 1.278469784639944e-07
43800.056 1.132696967199947e-07
43850.056 1.0491537391201308e-07
43900.056 8.928100633499446e-08
43950.056 6.637188910699513e-08
44000.056 6.121392867299935e-08
44050.056 1.247767903580069e-07
44100.056 1.5665860177000346e-07
44150.056 1.458292828079953e-07
44200.056 1.372906867830034e-07
44250.056 8.512120953499574e-08
44300.056 6.259068086000588e-08
44350.056 7.199587150750704e-08
44400.056 7.195973024799669e-08
44450.056 1.1341494602100761e-07
44500.056 9.855651812101083e-08
44550.056 1.3663573561999794e-07
44600.056 1.1279592124680283e-07
44650.056 1.1301210083799524e-07
44700.056 7.932676640099091e-08
44750.056 1.0464328757701479e-07
44800.056 7.947254699800512e-08
44850.056 1.1333770824500406e-07
44900.056 9.699461896199796e-08
44950.056 1.0838755170400835e-07
45000.056 1.232664554980017e-07
45050.056 1.1528564032599121e-07
45100.056 1.0689480848600741e-07
45150.056 9.997831656799519e-08
45200.056 7.203469028350437e-08
45250.056 8.496963154198856e-08
45300.056 8.247974682600903e-08
45350.056 6.418385991400576e-08
45400.056 1.4230030155000817e-07
45450.056 1.2562877496001215e-07
45500.056 1.3603362285400487e-07
45550.056 1.4749075507598202e-07
45600.056 1.365996750900075e-07
45650.056 1.1951267555299322e-07
45700.056 7.61571283583957e-08
45750.056 6.773758585660419e-08
45800.056 1.4580132859400588e-07
45850.056 1.2395957123800333e-07
45900.056 1.452189067309974e-07
45950.056 1.2900602073999387e-07
46000.056 1.394522545970126e-07
46050.056 1.1563056272500348e-07
46100.056 1.5569456183999399e-07
46150.056 1.015361570429999e-07
46200.056 8.619522814649107e-08
46250.056 3.7293874176487284e-08
46300.056 1.023254747170042e-07
46350.056 1.1147515452401087e-07
46400.056 1.0869492938400308e-07
46450.056 9.47962211650934e-08
46500.056 1.0387844427401432e-07
46550.056 6.49503767529992e-08
46600.056 7.877407728118995e-08
46650.056 1.1600223404700595e-07
46700.056 8.719438504998828e-08
46750.056 4.272584295620671e-08
46800.056 2.96326763535576e-08
46850.056 1.0973136158801245e-07
46900.056 1.2410774946699484e-07
46950.056 1.1960861999299463e-07
47000.056 1.1788355655100812e-07
47050.056 8.575253650957636e-08
47100.056 6.638847276100222e-08
47150.056 9.925223608801173e-08
47200.056 1.1218325225599539e-07
47250.056 5.6780616072291404e-08
47300.056 3.954809672926861e-08
47350.056 1.1770501530700568e-07
47400.056 1.1651906278399519e-07
47450.056 8.47038536225096e-08
47500.056 1.2985334710899724e-07
47550.056 1.0910862611100282e-07
47600.056 9.956046898049124e-08
47650.056 1.1045595216899397e-07
47700.056 8.855938437351488e-08
47750.056 6.679817834499987e-08
47800.056 5.5160097106005684e-08
47850.056 2.5352401770233694e-08
47900.056 4.1050115039798975e-08
47950.056 9.874455509800493e-08
48000.056 1.2251464769699601e-07
48050.056 9.99260781683954e-08
48100.056 4.776916923950192e-08
48150.056 8.232900688200357e-08
48200.056 6.049440003947565e-08
48250.056 8.290735350600055e-08
48300.056 1.1778689146600031e-07
48350.056 7.798097055499205e-08
48400.056 1.903381224798538e-08
48450.056 3.949050149115899e-08
48500.056 6.917163697098576e-08
48550.056 7.669086033051087e-08
48600.056 1.0193404471600126e-07
48650.056 1.2150046080699732e-07
48700.056 8.889395078900851e-08
48750.056 6.078648190900738e-08
48800.056 1.0209020406400579e-07
48850.056 5.720908045329136e-08
48900.056 7.080266659601319e-08
48950.056 4.2739723206597965e-08
49000.056 2.3881574058215054e-08
49050.056 7.0760013589592e-08
49100.056 8.704595990321243e-08
49150.056 6.836898875619903e-08
49200.056 1.0324015741100826e-07
49250.056 1.0615713834800188e-07
49300.056 8.966910370699604e-08
49350.056 4.017318737152702e-08
49400.056 5.684672460768856e-08
49450.056 5.049393958341117e-08
49500.056 4.2628571267663414e-08
49550.056 9.054071602679937e-09
49600.056 2.5450703690176318e-08
49650.056 6.081719850700198e-08
49700.056 7.097231185898936e-08
49750.056 6.750679274029572e-08
49800.056 4.187652951927906e-08
49850.056 8.561205505900815e-08
49900.056 8.187091469399839e-08
49950.056 7.429967063099797e-08
50000.056 5.660646357769355e-08
50050.056 6.782628217920449e-08
50100.056 5.755900333499699e-08
50150.056 2.627297014609546e-08
50200.056 4.676343298022137e-09
50250.056 2.8833007151999563e-08
50300.056 1.9421791960353465e-08
50350.056 6.45582140570074e-08
50400.056 7.141227142099615e-08
50450.056 5.0787848097801107e-08
50500.056 8.024658582600395e-08
50550.056 7.972447780200171e-08
50600.056 5.381250194948527e-08
50650.056 8.12137794440112e-08
50700.056 8.449542927599846e-08
50750.056 5.22077350310008e-08
50800.056 1.8420010476292594e-08
50850.056 9.659119272824575e-09
50900.056 5.853016916000374e-08
50950.056 5.8576162437996714e-08
51000.056 4.3697019710216096e-08
51050.056 6.341511978699124e-08
51100.056 2.5165212969019623e-08
51150.056 2.6009429405521566e-08
51200.056 7.745525136999901e-08
51250.056 5.8918070635990276e-08
51300.056 3.8250574931205794e-08
51350.056 3.818435427083387e-08
51400.056 1.3110249671512679e-08
51450.056 1.0305818868411848e-08
51500.056 8.988448256687438e-09
51550.056 3.5525244660205604e-08
51600.056 3.31985059642044e-08
51650.056 4.390930926999782e-08
51700.056 4.362856670454314e-08
51750.056 3.105689052695564e-08
51800.056 5.717358548599488e-08
51850.056 4.4447649128998174e-08
51900.056 5.35184525810024e-08
51950.056 3.076326301699567e-08
52000.056 2.9900905407987917e-09
52050.056 1.607883614530191e-08
52100.056 9.077870346198312e-09
52150.056 5.2621461437754226e-09
52200.056 1.7446180000799213e-08
52250.056 2.9763037202905133e-08
52300.056 3.92197784829979e-08
52350.056 1.0873858910126828e-08
52400.056 1.1928346274739827e-08
52450.056 4.402570020800504e-08
52500.056 3.43483361490731e-08
52550.056 3.977563532199706e-08
52600.056 3.0558166561602625e-08
52650.056 3.72985844831016e-08
52700.056 2.3383089393599783e-08
52750.056 9.599298291631013e-09
52800.056 1.7167780463503114e-08
52850.056 2.132566074209487e-08
52900.056 8.651622043677918e-09
52950.056 1.4833175398402168e-08
53000.056 2.9028953214001706e-08
53050.056 1.0802577735718033e-08
53100.056 3.811623649500213e-08
53150.056 4.0127197408000656e-08
53200.056 1.5703398087008948e-08
53250.056 3.432859177600106e-08
53300.056 3.905223868244959e-08
53350.056 3.29206350069998e-08
53400.056 2.182180059899778e-08
53450.056 6.5773499519479084e-09
53500.056 1.305940538207523e-09
53550.056 3.3164627447039807e-09
53600.056 1.5247838986362833e-08
