galfind/configs/Brown_Dwarf_templates/sonora_bobcat/m-0.5/316g/sp_t225g316nc_m-0.5_resample.dat
# %ECSV 1.0
# ---
# datatype:
# - {name: wav, unit: Angstrom, datatype: float64}
# - {name: flux_nu, unit: erg / (cm2 Hz s), datatype: float64}
# meta: {C/O: '1.00', Kzz: '1.0000E+05', Teff: '225.', Y: '0.28', '[Fe/H]': '-0.50', f_hole: '1.00', f_rain: '0.00', grav: '316.'}
# schema: astropy-2.0
wav flux_nu
4000.0559999999996 nan
4050.0559999999996 4.5135132027000535e-20
4100.056 5.512803950800066e-19
4150.056 2.2396323189000167e-18
4200.056 4.6863055859000276e-18
4250.056 1.3861170251900088e-17
4300.056 2.947921798900014e-17
4350.056 5.4184085963000216e-17
4400.056 8.929627284200029e-17
4450.056 1.4173817300000055e-16
4500.056 2.3448659475000087e-16
4550.056 3.675371052700011e-16
4600.056 5.070576499700013e-16
4650.056 6.590035187900011e-16
4700.056 7.492542731700006e-16
4750.056 7.518931221999999e-16
4800.056 7.088210945399992e-16
4850.056 5.400783616699981e-16
4900.056 4.13147278849999e-16
4950.056 3.2237373860999915e-16
5000.056 2.1682109574999887e-16
5050.056 1.498771516799998e-16
5100.056 1.6516993646000039e-16
5150.056 1.9199449056000025e-16
5200.056 2.227427975500003e-16
5250.056 2.538547959000003e-16
5300.056 2.8837899581000045e-16
5350.056 3.287762401500005e-16
5400.056 3.699980569300005e-16
5450.056 4.2456961941000076e-16
5500.056 4.917440464400007e-16
5550.056 5.662973633300009e-16
5600.056 6.44260253170001e-16
5650.056 7.217562465600007e-16
5700.056 7.627501339500009e-16
5750.056 7.952054404800002e-16
5800.056 7.543065599199989e-16
5850.056 5.428614249799936e-16
5900.056 1.5220708910460522e-16
5950.056 1.0258812656100169e-15
6000.056 2.251797362700018e-15
6050.056 4.147973951900031e-15
6100.056 6.700206153600042e-15
6150.056 1.0118952967900055e-14
6200.056 1.479711631100007e-14
6250.056 2.050002520600008e-14
6300.056 2.8833171121000117e-14
6350.056 4.001202852100017e-14
6400.056 5.410248664100024e-14
6450.056 6.122362876499988e-14
6500.056 7.793878948300079e-14
6550.056 1.0840410173699982e-13
6600.056 1.5307272615400158e-13
6650.056 2.2852986777000137e-13
6700.056 3.183534945300018e-13
6750.056 4.4133941738000204e-13
6800.056 5.261795108800007e-13
6850.056 5.203426263299992e-13
6900.056 3.7436986771999477e-13
6950.056 2.3113870013000283e-13
7000.056 2.7280514966999674e-13
7050.056 2.7679513935000117e-13
7100.056 3.2085605544e-13
7150.056 2.1070446576259403e-13
7200.056 1.0481993004980108e-13
7250.056 1.1991124809699406e-13
7300.056 1.2980412408900547e-13
7350.056 2.366588285880019e-13
7400.056 3.783647734700024e-13
7450.056 5.733723892100055e-13
7500.056 7.378623029600021e-13
7550.056 8.545820004000019e-13
7600.056 9.24427216700001e-13
7650.056 6.301393048159921e-13
7700.056 6.706825613600104e-13
7750.056 1.1958926345000065e-12
7800.056 1.3869140965000043e-12
7850.056 1.5696831146999977e-12
7900.056 1.7536716502000067e-12
7950.056 2.030371621000002e-12
8000.056 2.329983949100007e-12
8050.056 2.6292446247000053e-12
8100.056 1.5658119180699568e-12
8150.056 4.691880878120339e-13
8200.056 1.6156216545899956e-12
8250.056 1.7597484093241634e-12
8300.056 1.6227166443699624e-12
8350.056 2.0278837743600294e-12
8400.056 3.3235534837001127e-12
8450.056 5.69419381290007e-12
8500.056 7.639565149000065e-12
8550.056 9.858643590000095e-12
8600.056 1.2356019687000094e-11
8650.056 1.4033405807000033e-11
8700.056 1.3544715017999987e-11
8750.056 1.3500233037000009e-11
8800.056 1.1706006053399863e-11
8850.056 7.612531609899629e-12
8900.056 6.243033487529084e-13
8950.056 7.439034975100427e-14
9000.056 7.248759118704369e-14
9050.056 9.485979582999986e-13
9100.056 9.097144139211263e-13
9150.056 1.3646203718469136e-12
9200.056 3.2425836937203035e-12
9250.056 2.113676737920721e-12
9300.056 2.5128604501886015e-15
9350.056 4.105837495318297e-16
9400.056 5.2940400426447695e-14
9450.056 3.916880139761013e-15
9500.056 7.98659543862322e-15
9550.056 5.6563265908845994e-15
9600.056 1.9412091476680775e-14
9650.056 9.235209832323546e-14
9700.056 1.1376081108179789e-12
9750.056 1.0210410341651324e-12
9800.056 1.685834737433934e-12
9850.056 2.927965345880003e-12
9900.056 5.41542863120026e-12
9950.056 6.153960965600149e-12
10000.056 4.356903462766975e-12
10050.056 9.87259729459906e-13
10100.056 5.020093605099946e-13
10150.056 2.5007701785998746e-13
10200.056 6.740573236499876e-14
10250.056 4.54620251904999e-14
10300.056 7.899265810059653e-14
10350.056 3.0565554281501355e-14
10400.056 6.480694357700121e-14
10450.056 7.56316405519971e-14
10500.056 8.184805878600039e-14
10550.056 8.486014425899942e-14
10600.056 7.08532592309994e-14
10650.056 5.114706246299905e-14
10700.056 3.292772902499928e-14
10750.056 2.2196970767999437e-14
10800.056 1.624815532000004e-14
10850.056 1.2270288013699808e-14
10900.056 9.385837227099781e-15
10950.056 6.235593064799936e-15
11000.056 3.83834160329986e-15
11050.056 1.93091780756994e-15
11100.056 6.168772625153382e-16
11150.056 1.1847504721231607e-16
11200.056 3.286567529288896e-17
11250.056 2.308150806199534e-17
11300.056 8.986058802787932e-17
11350.056 2.876027352614442e-17
11400.056 2.1726328028878808e-16
11450.056 1.0287246371734149e-16
11500.056 1.192402434031094e-16
11550.056 5.718879104692526e-17
11600.056 1.8930755381083286e-17
11650.056 1.0901967003308966e-16
11700.056 2.589086986962154e-16
11750.056 1.9600099423741487e-16
11800.056 5.67135412149494e-16
11850.056 5.734755442580141e-16
11900.056 8.318585193100134e-16
11950.056 1.0714651728900001e-15
12000.056 1.0267285824700273e-15
12050.056 1.3803523096700256e-15
12100.056 1.6570332546700347e-15
12150.056 2.5136224545900597e-15
12200.056 3.5045529729200215e-15
12250.056 6.522981408670212e-15
12300.056 1.0495897357500365e-14
12350.056 1.3258411501000366e-14
12400.056 2.300774984000059e-14
12450.056 4.3375076170001434e-14
12500.056 6.79313203679999e-14
12550.056 8.900618041000226e-14
12600.056 1.525520834010053e-13
12650.056 2.7418993794000933e-13
12700.056 3.8827792629000084e-13
12750.056 3.97832923680003e-13
12800.056 3.8494164115999513e-13
12850.056 2.7508743341999133e-13
12900.056 1.7959493301999868e-13
12950.056 1.594564230220003e-13
13000.056 1.8293109082101203e-13
13050.056 1.2443440652419374e-13
13100.056 1.761998146809934e-13
13150.056 8.999678293200737e-14
13200.056 1.015856275179418e-13
13250.056 1.5729976816457891e-13
13300.056 3.917963913585431e-14
13350.056 3.1222157471142785e-14
13400.056 6.240156032921519e-15
13450.056 4.0348854438060914e-16
13500.056 1.9975170475129297e-17
13550.056 4.538817153522388e-19
13600.056 2.6946973075125663e-20
13650.056 2.0329114460789458e-19
13700.056 5.288362839301204e-20
13750.056 2.1549957247088284e-18
13800.056 3.022303981743341e-18
13850.056 3.471520237453169e-19
13900.056 2.931450009478215e-18
13950.056 1.0260652554562985e-18
14000.056 9.609153495700703e-18
14050.056 9.180961824232805e-18
14100.056 9.816392714729446e-18
14150.056 1.0568214531155019e-16
14200.056 1.0307663118292737e-16
14250.056 2.363043560506155e-16
14300.056 1.0186788521801798e-15
14350.056 8.440077222949406e-16
14400.056 8.027755615208824e-16
14450.056 2.336604339163367e-15
14500.056 9.329028743716702e-15
14550.056 2.9958125491710005e-14
14600.056 5.890430049382963e-14
14650.056 9.369251753990752e-15
14700.056 2.658518275276035e-15
14750.056 1.1401750266728729e-15
14800.056 5.858096973028688e-16
14850.056 6.032012311783174e-16
14900.056 3.0464321436812115e-16
14950.056 8.235538884484693e-17
15000.056 6.27135326980084e-16
15050.056 2.5850350279268294e-15
15100.056 4.849194137574852e-16
15150.056 7.860564657174411e-17
15200.056 1.0538827914078735e-15
15250.056 2.7944009745446387e-15
15300.056 7.228206156832268e-15
15350.056 1.0735470339161886e-14
15400.056 1.387800446327718e-14
15450.056 3.366693583261572e-14
15500.056 8.516632875890164e-14
15550.056 2.7906680628804376e-13
15600.056 6.849401523299893e-13
15650.056 1.5156138608701154e-12
15700.056 2.5672161486000673e-12
15750.056 3.1237963928000107e-12
15800.056 3.5871709223999985e-12
15850.056 4.159715988900102e-12
15900.056 4.233426258399981e-12
15950.056 4.749506987799987e-12
16000.056 4.369280404099948e-12
16050.056 3.5322446568999115e-12
16100.056 2.335928946799996e-12
16150.056 1.3440414291699108e-12
16200.056 4.3121046358997863e-13
16250.056 1.4166181120119485e-13
16300.056 4.1930611304609117e-14
16350.056 2.2909019359654397e-14
16400.056 1.849044920154365e-14
16450.056 2.330471326918672e-14
16500.056 1.4329003608832456e-14
16550.056 2.1049473951618352e-14
16600.056 1.1409059928489707e-13
16650.056 3.467799281277519e-14
16700.056 1.2326084552463547e-14
16750.056 3.3153551547471406e-14
16800.056 4.6378328394514544e-14
16850.056 4.1667970706895847e-14
16900.056 1.3490679497030209e-14
16950.056 1.0627073120895402e-14
17000.056 3.7479630731724236e-15
17050.056 4.763570815192373e-15
17100.056 1.4762326876689462e-14
17150.056 1.0919903887917539e-14
17200.056 3.851396702692159e-14
17250.056 4.0049818204393035e-15
17300.056 5.024730145944796e-15
17350.056 1.1580477144962806e-14
17400.056 2.466522193136299e-14
17450.056 3.3408424557456535e-14
17500.056 5.888447503809985e-14
17550.056 5.38297431563003e-14
17600.056 5.6605047404602416e-14
17650.056 2.684563884858862e-14
17700.056 2.202355209920238e-14
17750.056 1.5152325789600884e-14
17800.056 2.4310263658760825e-14
17850.056 1.1305421734295624e-14
17900.056 6.147525949161289e-15
17950.056 4.269425096277849e-15
18000.056 6.031996006642197e-15
18050.056 2.5247837790307657e-15
18100.056 1.9573267837587546e-15
18150.056 7.224303678350807e-16
18200.056 5.072149746951259e-16
18250.056 2.101369850687424e-15
18300.056 1.0839533583837354e-16
18350.056 1.096690179582931e-16
18400.056 2.4582977711321157e-17
18450.056 4.2375395004651884e-16
18500.056 2.4701681818017757e-16
18550.056 7.997084743022337e-17
18600.056 3.598071612593935e-16
18650.056 4.05205175354211e-16
18700.056 1.3146815278600466e-17
18750.056 2.001612022134888e-17
18800.056 8.247271732685845e-16
18850.056 5.191603248383171e-16
18900.056 9.633202663441661e-16
18950.056 9.044550736652552e-16
19000.056 9.184653416254768e-17
19050.056 5.090367352232988e-17
19100.056 2.749294512821276e-16
19150.056 1.3140332151457398e-16
19200.056 3.480978707567808e-16
19250.056 2.9069271891227027e-16
19300.056 1.406576096499381e-16
19350.056 1.9767540008428686e-16
19400.056 1.0179879210363673e-16
19450.056 5.590320217379191e-17
19500.056 6.072813691251553e-17
19550.056 1.5119932999899915e-16
19600.056 2.4416357337134993e-16
19650.056 1.8875639129160107e-16
19700.056 3.2785136146516684e-16
19750.056 3.0550062408973283e-16
19800.056 1.7781258604459135e-16
19850.056 2.47931239757741e-16
19900.056 4.001903716347247e-16
19950.056 2.9060483406263277e-16
20000.056 3.0244293062064534e-16
20050.056 2.805191486097247e-16
20100.056 3.725436957791726e-16
20150.056 2.4608164538654435e-16
20200.056 1.8965358012435976e-16
20250.056 3.2639714898382785e-16
20300.056 3.465557262004908e-16
20350.056 3.41996225454982e-16
20400.056 3.4343723960200125e-16
20450.056 3.5174687205102447e-16
20500.056 3.134210418600073e-16
20550.056 2.756443303699871e-16
20600.056 2.393790045700093e-16
20650.056 2.0424563602999023e-16
20700.056 1.7152523965999572e-16
20750.056 1.3910365695999716e-16
20800.056 1.1208792552099736e-16
20850.056 9.172313142799856e-17
20900.056 7.47695431169989e-17
20950.056 6.242437632699904e-17
21000.056 5.4349979341999423e-17
21050.056 4.992534526699971e-17
21100.056 4.8840545020000055e-17
21150.056 5.21587967730005e-17
21200.056 5.949502103000087e-17
21250.056 7.186823399800085e-17
21300.056 8.923463833600226e-17
21350.056 1.1190049979399986e-16
21400.056 1.4599538150900581e-16
21450.056 1.696179493960055e-16
21500.056 1.894620370180006e-16
21550.056 2.1206801369359879e-16
21600.056 2.222666514485555e-16
21650.056 2.3341414534656876e-16
21700.056 2.394553036800928e-16
21750.056 2.478096321178748e-16
21800.056 2.212592889672657e-16
21850.056 2.2759491244684667e-16
21900.056 1.9536762149463012e-16
21950.056 1.2525705947016894e-16
22000.056 1.352256808255934e-17
22050.056 2.0617326574624768e-17
22100.056 4.910591178387774e-17
22150.056 2.851949965367841e-17
22200.056 2.7427549347995415e-17
22250.056 2.0355147287018514e-17
22300.056 7.670309737106375e-18
22350.056 1.7090497292847114e-17
22400.056 9.558052618914217e-18
22450.056 1.4574109024474718e-17
22500.056 1.2106284045794858e-17
22550.056 3.820297947337119e-18
22600.056 2.8623614621006856e-18
22650.056 1.8882168111719296e-18
22700.056 3.859330311531593e-18
22750.056 7.657808976804113e-18
22800.056 1.1982860629096426e-17
22850.056 6.082241698338668e-18
22900.056 4.289471674637071e-18
22950.056 2.8928853894023212e-18
23000.056 1.7690522346240705e-18
23050.056 9.920888746885753e-19
23100.056 3.321226200132653e-17
23150.056 3.28014982140069e-17
23200.056 1.868180814349084e-18
23250.056 1.3730823815025479e-17
23300.056 4.797754478486959e-18
23350.056 1.0136358062151791e-17
23400.056 7.756801876580634e-18
23450.056 3.341489660142174e-18
23500.056 2.385013608097975e-18
23550.056 5.548496558901477e-18
23600.056 1.6224325163174627e-17
23650.056 2.460094801928226e-17
23700.056 2.5734986180147106e-18
23750.056 5.436307147081685e-18
23800.056 2.80531199154905e-17
23850.056 1.1496114962901282e-17
23900.056 2.6157061901947317e-17
23950.056 1.2856172439403045e-17
24000.056 4.170803549363432e-17
24050.056 4.7829488893668974e-17
24100.056 8.32917553412239e-17
24150.056 1.2880536433490534e-16
24200.056 1.25035637101326e-16
24250.056 1.064726678837233e-16
24300.056 2.4537078425985953e-16
24350.056 3.1493884942998573e-16
24400.056 5.668154881774104e-16
24450.056 8.232712174240868e-16
24500.056 9.812366064299167e-16
24550.056 1.6765474091201058e-15
24600.056 2.6132277050899645e-15
24650.056 3.709648238900272e-15
24700.056 3.82367090108974e-15
24750.056 6.1156113073904865e-15
24800.056 7.404087759900447e-15
24850.056 8.758184952909875e-15
24900.056 9.625357511830309e-15
24950.056 1.297278852629081e-14
25000.056 1.9402583581298897e-14
25050.056 1.6537933820741445e-14
25100.056 2.0942392854287576e-14
25150.056 1.4697456610398733e-14
25200.056 2.499300104860295e-14
25250.056 1.5613408101827315e-14
25300.056 1.1662087393216308e-14
25350.056 9.825666908666304e-15
25400.056 1.9683796829850127e-14
25450.056 6.801181025139166e-15
25500.056 5.714532587399948e-15
25550.056 1.4261698182340387e-14
25600.056 5.655540581309295e-15
25650.056 2.3408454322886214e-15
25700.056 2.1359669013403264e-15
25750.056 1.0998749866498872e-15
25800.056 4.023789093563844e-15
25850.056 8.676113592018217e-16
25900.056 9.873537991460433e-16
25950.056 6.94073462530303e-16
26000.056 2.718797674411736e-15
26050.056 8.489105153856114e-16
26100.056 2.0348300718222107e-15
26150.056 1.3053283505857773e-15
26200.056 1.540372037862454e-15
26250.056 4.968435364100647e-15
26300.056 1.9043075119842653e-15
26350.056 8.998324117839283e-15
26400.056 2.0456801208196035e-14
26450.056 1.0898089910151276e-14
26500.056 2.3766556697668803e-14
26550.056 5.927460523591286e-15
26600.056 4.829641104368603e-15
26650.056 1.763749506166758e-15
26700.056 1.9160457523973633e-15
26750.056 2.695795423649632e-15
26800.056 6.3151922963843534e-15
26850.056 5.641965901021358e-15
26900.056 1.3447299026589335e-14
26950.056 4.292570375375983e-15
27000.056 1.4305474418160356e-14
27050.056 2.5347385336098828e-14
27100.056 3.581112190743381e-15
27150.056 1.9797679881599696e-14
27200.056 3.879611942296408e-15
27250.056 7.990801628789392e-15
27300.056 5.2286237732900116e-14
27350.056 1.9330361075528136e-14
27400.056 3.86687839414942e-15
27450.056 2.90864031448038e-14
27500.056 3.4084890316126164e-14
27550.056 1.1255234292708763e-14
27600.056 2.6613104701500725e-14
27650.056 1.0828845405431147e-14
27700.056 1.3460717121728986e-14
27750.056 4.282918300070224e-14
27800.056 2.2081671081601373e-14
27850.056 3.7589314831297593e-14
27900.056 5.400790546021437e-14
27950.056 6.42473262969935e-14
28000.056 9.257880923139841e-14
28050.056 1.4922789786304476e-14
28100.056 1.1167053711063925e-13
28150.056 8.714512112734111e-14
28200.056 2.2976992224231695e-14
28250.056 1.5033886188620042e-13
28300.056 1.226731421419176e-13
28350.056 2.0849634666966806e-14
28400.056 9.961102344431946e-14
28450.056 9.420420954092718e-14
28500.056 3.8213675447551686e-14
28550.056 2.5666400088139982e-14
28600.056 1.5030018692759378e-13
28650.056 2.94955459073243e-14
28700.056 1.3175636685237486e-13
28750.056 2.1205369495516442e-13
28800.056 3.010111961731338e-14
