galfind/configs/Brown_Dwarf_templates/sonora_bobcat/m-0.5/316g/sp_t700g316nc_m-0.5_resample.dat
# %ECSV 1.0
# ---
# datatype:
# - {name: wav, unit: Angstrom, datatype: float64}
# - {name: flux_nu, unit: erg / (cm2 Hz s), datatype: float64}
# meta: {C/O: '1.00', Kzz: '1.0000E+05', Teff: '700.', Y: '0.28', '[Fe/H]': '-0.50', f_hole: '1.00', f_rain: '0.00', grav: '316.'}
# schema: astropy-2.0
wav flux_nu
4000.0559999999996 nan
4050.0559999999996 3.80890857890575e-15
4100.056 8.171238406250127e-13
4150.056 5.182002391100082e-12
4200.056 4.776847674498732e-12
4250.056 1.748280516940019e-11
4300.056 2.917672388400068e-11
4350.056 3.679084870100007e-11
4400.056 4.884035077800026e-11
4450.056 6.593313732300116e-11
4500.056 7.078296234700067e-11
4550.056 7.381892805539946e-11
4600.056 4.212214051799993e-11
4650.056 2.8369684030999967e-11
4700.056 1.5408187559799852e-11
4750.056 3.963965751499937e-12
4800.056 6.763469083499891e-13
4850.056 1.0821887731799813e-13
4900.056 2.6691877173999682e-14
4950.056 9.093388606999906e-15
5000.056 3.509256640599968e-15
5050.056 2.085673902300002e-15
5100.056 2.0806723482000027e-15
5150.056 2.2054050313e-15
5200.056 2.3651649716999983e-15
5250.056 2.5771041628000003e-15
5300.056 2.8254596085999995e-15
5350.056 3.1219319590000047e-15
5400.056 3.4863590148000016e-15
5450.056 3.8443476070999965e-15
5500.056 4.193047870000004e-15
5550.056 4.522920833600006e-15
5600.056 4.8330689409e-15
5650.056 5.086453746000003e-15
5700.056 5.2271651098000034e-15
5750.056 5.0134441249999934e-15
5800.056 4.365256208899989e-15
5850.056 3.0186173427999673e-15
5900.056 1.0003165157158332e-15
5950.056 6.207100104500087e-15
6000.056 1.3583830916900113e-14
6050.056 2.4103687011000194e-14
6100.056 3.856035661200021e-14
6150.056 5.864038902500032e-14
6200.056 8.64367470080004e-14
6250.056 1.2458631310000056e-13
6300.056 1.7492929104000085e-13
6350.056 2.426401214500012e-13
6400.056 3.3453074252000143e-13
6450.056 4.539273515600003e-13
6500.056 6.224422727000027e-13
6550.056 8.569299605899996e-13
6600.056 1.183831476320015e-12
6650.056 1.6457103237000094e-12
6700.056 2.1668833129300217e-12
6750.056 3.132913037100014e-12
6800.056 4.118874114200019e-12
6850.056 4.868878872000007e-12
6900.056 4.881540643600022e-12
6950.056 4.590298684099995e-12
7000.056 4.795665929300007e-12
7050.056 5.279115275399978e-12
7100.056 5.873671430299993e-12
7150.056 6.005314366199942e-12
7200.056 6.007500098800043e-12
7250.056 6.11808227439982e-12
7300.056 5.977328150000168e-12
7350.056 5.9988569632999685e-12
7400.056 5.965211124800073e-12
7450.056 5.856437341900056e-12
7500.056 5.572774053199997e-12
7550.056 5.057994209999988e-12
7600.056 4.332385251299977e-12
7650.056 1.2864331467749397e-12
7700.056 8.564708134980396e-13
7750.056 4.108487552200069e-12
7800.056 6.9858792761200745e-12
7850.056 1.1687785046900063e-11
7900.056 1.6233683485000044e-11
7950.056 1.8918920545360166e-11
8000.056 2.917589797500022e-11
8050.056 3.826587869900033e-11
8100.056 4.7025938002999543e-11
8150.056 5.799976128600023e-11
8200.056 8.078549463000214e-11
8250.056 1.021242441604004e-10
8300.056 1.3322497624700604e-10
8350.056 1.7081955808799915e-10
8400.056 2.2029905671999936e-10
8450.056 2.8833278869000083e-10
8500.056 3.3411556669698985e-10
8550.056 4.554107556400142e-10
8600.056 6.009714901800058e-10
8650.056 7.561423345400076e-10
8700.056 9.343818685400104e-10
8750.056 1.1534661508000093e-09
8800.056 1.3975927841000116e-09
8850.056 1.6222092890000026e-09
8900.056 1.5579006895199661e-09
8950.056 1.4866513565629929e-09
9000.056 1.951393655939912e-09
9050.056 2.9444098725000308e-09
9100.056 3.451425193560091e-09
9150.056 3.921882276410107e-09
9200.056 4.7578571894199185e-09
9250.056 4.923911412189807e-09
9300.056 2.0360619243557854e-09
9350.056 2.8267855633017237e-09
9400.056 5.077954940989517e-09
9450.056 5.1682771228775825e-09
9500.056 5.08834856284906e-09
9550.056 5.652452653315199e-09
9600.056 6.094875018804833e-09
9650.056 7.597313847196912e-09
9700.056 1.0595607763402329e-08
9750.056 1.1548802069651158e-08
9800.056 1.3447292382509476e-08
9850.056 1.576322993149975e-08
9900.056 1.9217494124800363e-08
9950.056 2.1227671744000264e-08
10000.056 1.8074626157399932e-08
10050.056 2.5151606225000117e-08
10100.056 2.791209986500014e-08
10150.056 2.993896222300006e-08
10200.056 3.1549555484000597e-08
10250.056 3.5256151492000444e-08
10300.056 3.9977547317998694e-08
10350.056 4.085108134900085e-08
10400.056 4.553910558900016e-08
10450.056 4.89016318279981e-08
10500.056 5.184379671999938e-08
10550.056 5.4878040001000104e-08
10600.056 5.654838526999991e-08
10650.056 5.790367093500039e-08
10700.056 5.78988099460003e-08
10750.056 5.85777659120004e-08
10800.056 5.8354362606000356e-08
10850.056 5.676485133700022e-08
10900.056 4.972919105699937e-08
10950.056 3.468245653930009e-08
11000.056 2.5918567934897273e-08
11050.056 1.7511847062254952e-08
11100.056 1.1826893464547636e-08
11150.056 7.581711367892434e-09
11200.056 8.064017554199806e-09
11250.056 1.0564391672525959e-08
11300.056 1.1475122316195934e-08
11350.056 5.403741259704287e-09
11400.056 1.363307741863673e-08
11450.056 9.770840019404293e-09
11500.056 9.985308751712915e-09
11550.056 5.260023898243836e-09
11600.056 4.880483030156248e-09
11650.056 8.136581776695125e-09
11700.056 9.047872829366664e-09
11750.056 4.972803534646833e-09
11800.056 1.2371046251880252e-08
11850.056 1.762913098494938e-08
11900.056 2.1169157832199064e-08
11950.056 2.7456090648202055e-08
12000.056 3.3941839631200745e-08
12050.056 4.1349561873001395e-08
12100.056 4.844194779399753e-08
12150.056 5.716960683899777e-08
12200.056 6.39222817459998e-08
12250.056 7.319680634399743e-08
12300.056 8.479886580300166e-08
12350.056 8.966202940399958e-08
12400.056 1.0233091278299854e-07
12450.056 1.1295772060200134e-07
12500.056 1.2058698393700377e-07
12550.056 1.3084597277899956e-07
12600.056 1.4097020271500178e-07
12650.056 1.4489542090399977e-07
12700.056 1.464296690510016e-07
12750.056 1.3693130224100166e-07
12800.056 1.2934814965800006e-07
12850.056 1.0937255018300036e-07
12900.056 9.830343012800362e-08
12950.056 9.12841060453022e-08
13000.056 9.26937319920043e-08
13050.056 7.992716534940087e-08
13100.056 7.983707677569406e-08
13150.056 6.453927885955602e-08
13200.056 6.130450289597893e-08
13250.056 4.725343695659297e-08
13300.056 2.424994020734991e-08
13350.056 8.39642706148704e-09
13400.056 3.150633066016643e-09
13450.056 1.582453327466679e-09
13500.056 8.312060149981727e-10
13550.056 4.6033937274148125e-10
13600.056 2.459107853212951e-10
13650.056 8.485450097139241e-10
13700.056 5.645498951317056e-10
13750.056 1.0767843217340711e-09
13800.056 1.3001957673887652e-09
13850.056 7.491561129522169e-10
13900.056 8.075230317896141e-10
13950.056 8.046941070535012e-10
14000.056 8.388475623867146e-10
14050.056 1.1568355329884787e-09
14100.056 8.99845069794023e-10
14150.056 1.4235089778753432e-09
14200.056 1.018056726889828e-09
14250.056 1.1400263881510157e-09
14300.056 2.502021451795907e-09
14350.056 2.322817725936685e-09
14400.056 2.380861230222283e-09
14450.056 3.3519537961544594e-09
14500.056 6.125840332661062e-09
14550.056 6.223949120844233e-09
14600.056 9.129790804267267e-09
14650.056 7.173282445755237e-09
14700.056 4.515105881714129e-09
14750.056 4.6809361007690705e-09
14800.056 6.2893519940505785e-09
14850.056 6.8007201970350945e-09
14900.056 6.991445919662836e-09
14950.056 7.633897770420529e-09
15000.056 1.1774116670450077e-08
15050.056 1.209845070334939e-08
15100.056 1.0666285000200324e-08
15150.056 9.623029764157932e-09
15200.056 1.3372480310159538e-08
15250.056 2.002205874361681e-08
15300.056 2.3082848706251135e-08
15350.056 2.7337660363419083e-08
15400.056 3.226067447576489e-08
15450.056 3.680759841204458e-08
15500.056 4.117451546479486e-08
15550.056 4.904713628700486e-08
15600.056 5.698255010099795e-08
15650.056 6.516156235800231e-08
15700.056 7.504008329700096e-08
15750.056 7.961448436700043e-08
15800.056 8.308867517699973e-08
15850.056 8.676040292300127e-08
15900.056 8.40853349730006e-08
15950.056 8.080798269799825e-08
16000.056 7.103926934300164e-08
16050.056 5.515236558699818e-08
16100.056 4.223970678899828e-08
16150.056 2.9842426183258695e-08
16200.056 1.9859780739390184e-08
16250.056 1.6537224907616092e-08
16300.056 1.3347178380619215e-08
16350.056 1.5165684804689906e-08
16400.056 1.7192608789708416e-08
16450.056 1.7998201167091772e-08
16500.056 1.883497246128547e-08
16550.056 1.8151255667532703e-08
16600.056 2.093289666246901e-08
16650.056 1.4026156294917395e-08
16700.056 5.338915383955024e-09
16750.056 1.0466951434756576e-08
16800.056 1.4942267750248655e-08
16850.056 1.5123196019909065e-08
16900.056 1.1996395256980031e-08
16950.056 9.600025435581584e-09
17000.056 7.273248444941e-09
17050.056 1.0696976783491512e-08
17100.056 1.3146668012210316e-08
17150.056 1.0513259840364592e-08
17200.056 1.678800906999934e-08
17250.056 1.3090879512734496e-08
17300.056 1.0870457110199351e-08
17350.056 1.049046030053926e-08
17400.056 1.2035438006928475e-08
17450.056 1.308338118997358e-08
17500.056 1.4424545159803589e-08
17550.056 1.2480068725021349e-08
17600.056 1.1054443656818522e-08
17650.056 1.0169360172658219e-08
17700.056 8.454407499841611e-09
17750.056 7.205636952088832e-09
17800.056 9.631869832363755e-09
17850.056 6.341130896784728e-09
17900.056 6.06310082596839e-09
17950.056 4.610612660806195e-09
18000.056 5.677634922359631e-09
18050.056 4.2412918823847034e-09
18100.056 4.785577630376359e-09
18150.056 5.083182487109413e-09
18200.056 3.391963481832348e-09
18250.056 7.4178785123098735e-09
18300.056 3.5824133077133716e-09
18350.056 3.1688820617309846e-09
18400.056 2.6366895724964334e-09
18450.056 4.880164643436741e-09
18500.056 4.652021203142234e-09
18550.056 3.405801803372995e-09
18600.056 3.313266846234602e-09
18650.056 2.652681114122262e-09
18700.056 1.767107296631271e-09
18750.056 2.929185222427582e-09
18800.056 6.564601127131298e-09
18850.056 6.436198646171784e-09
18900.056 5.8017167784141035e-09
18950.056 8.471854999612603e-09
19000.056 4.7307769246953774e-09
19050.056 3.0302733010314346e-09
19100.056 4.86809723024977e-09
19150.056 2.9948991575638535e-09
19200.056 3.72958005896408e-09
19250.056 2.72764718957551e-09
19300.056 2.3292932594219753e-09
19350.056 2.0870127225956637e-09
19400.056 1.6610527156760534e-09
19450.056 2.5629099648842794e-09
19500.056 2.3438621624276886e-09
19550.056 2.439889180742081e-09
19600.056 3.376707374261304e-09
19650.056 3.382745339898255e-09
19700.056 3.6338928869314176e-09
19750.056 4.597831500980467e-09
19800.056 4.004381932613345e-09
19850.056 5.0002781321012205e-09
19900.056 5.129827815240372e-09
19950.056 6.680657485078167e-09
20000.056 6.957131744881209e-09
20050.056 6.84809330687769e-09
20100.056 8.98014985016927e-09
20150.056 6.8384797300330856e-09
20200.056 6.333567155738242e-09
20250.056 8.418282811758351e-09
20300.056 8.916734042778315e-09
20350.056 9.02061239535024e-09
20400.056 8.93898974195932e-09
20450.056 1.1427824902241926e-08
20500.056 1.2270341108197775e-08
20550.056 1.2761658371401528e-08
20600.056 1.3343917221101542e-08
20650.056 1.4480332904199511e-08
20700.056 1.509966438410097e-08
20750.056 1.5564566230499286e-08
20800.056 1.55815881068982e-08
20850.056 1.6270944175400207e-08
20900.056 1.6533404375099074e-08
20950.056 1.6300576930000617e-08
21000.056 1.6136597307000254e-08
21050.056 1.630163002099955e-08
21100.056 1.6017984030000236e-08
21150.056 1.5979314651798895e-08
21200.056 1.556094328100054e-08
21250.056 1.5140604498098644e-08
21300.056 1.4313205988599433e-08
21350.056 1.3999381150399522e-08
21400.056 1.3959379359801743e-08
21450.056 1.2854276997080168e-08
21500.056 1.2258388165987838e-08
21550.056 1.1509783532670156e-08
21600.056 1.0765929413478696e-08
21650.056 9.43468071844853e-09
21700.056 9.53401165095962e-09
21750.056 8.454368113856032e-09
21800.056 7.240715926196902e-09
21850.056 6.765347490833363e-09
21900.056 5.616184796094309e-09
21950.056 3.7561408909123e-09
22000.056 1.526761201298751e-09
22050.056 1.5833357660602428e-09
22100.056 3.3478098996940588e-09
22150.056 3.155175321639662e-09
22200.056 3.3835045062352737e-09
22250.056 3.0275745231676923e-09
22300.056 2.1651862543351044e-09
22350.056 2.4403471160338387e-09
22400.056 1.461278213378941e-09
22450.056 1.6647025931464807e-09
22500.056 1.5012749710199988e-09
22550.056 1.1806300304752684e-09
22600.056 1.1136983019853872e-09
22650.056 1.426048575392364e-09
22700.056 1.2276040685226868e-09
22750.056 1.3416414612093135e-09
22800.056 1.41971854018933e-09
22850.056 1.1665615758093413e-09
22900.056 1.0388397061231315e-09
22950.056 9.711562991303524e-10
23000.056 1.1743928938146033e-09
23050.056 1.4488569416951178e-09
23100.056 3.2982103944212864e-09
23150.056 2.7122261407828256e-09
23200.056 5.125591967135204e-10
23250.056 1.1184981607507562e-09
23300.056 9.796982509640818e-10
23350.056 1.1137039130460606e-09
23400.056 1.0417681405446507e-09
23450.056 8.962355054871825e-10
23500.056 9.91348870001994e-10
23550.056 1.4119033019700525e-09
23600.056 1.8344498417295603e-09
23650.056 2.3634183180208112e-09
23700.056 9.208227169833145e-10
23750.056 9.298589403143548e-10
23800.056 1.873756355473369e-09
23850.056 1.6565853619325797e-09
23900.056 2.7325688566362002e-09
23950.056 2.2015970661672995e-09
24000.056 3.210446753721899e-09
24050.056 3.4009984374460706e-09
24100.056 3.314534310822025e-09
24150.056 4.180195735084824e-09
24200.056 3.5813764582162593e-09
24250.056 3.299894927540694e-09
24300.056 4.582576370486946e-09
24350.056 3.944584001188836e-09
24400.056 5.748699361855735e-09
24450.056 5.745683911678849e-09
24500.056 5.526314480547611e-09
24550.056 6.973047046978731e-09
24600.056 7.158172043404976e-09
24650.056 8.994404104602644e-09
24700.056 6.503991540621605e-09
24750.056 7.3205678200833615e-09
24800.056 7.042807537268206e-09
24850.056 1.0248129345435014e-08
24900.056 5.300295435590118e-09
24950.056 9.563149783126585e-09
25000.056 8.611039786893903e-09
25050.056 5.761614504570329e-09
25100.056 8.59565945465359e-09
25150.056 5.304758556720681e-09
25200.056 7.2100783171705836e-09
25250.056 3.835327938957522e-09
25300.056 5.7288210397016556e-09
25350.056 3.065897823143021e-09
25400.056 6.389337528793273e-09
25450.056 2.948935639979795e-09
25500.056 2.8781945601232694e-09
25550.056 4.238771338554969e-09
25600.056 3.251563601345166e-09
25650.056 1.8247093210158744e-09
25700.056 3.4242726685240107e-09
25750.056 1.226418987779647e-09
25800.056 4.410476561789011e-09
25850.056 1.4136286187254827e-09
25900.056 2.168911571857667e-09
25950.056 8.428189921155997e-10
26000.056 4.283568679389581e-09
26050.056 1.373142060773913e-09
26100.056 3.978276581029579e-09
26150.056 2.4915142133531033e-09
26200.056 2.7936719746767942e-09
26250.056 7.974553039540325e-09
26300.056 3.5830408192070022e-09
26350.056 9.90254172688811e-09
26400.056 9.566533592613973e-09
26450.056 9.018514292558996e-09
26500.056 1.2492267174557343e-08
26550.056 4.146698085921159e-09
26600.056 5.519190152488464e-09
26650.056 1.6425381774957359e-09
26700.056 1.3073031540819136e-09
26750.056 1.0273545978262678e-09
26800.056 2.1557043792841856e-09
26850.056 1.164029619719088e-09
26900.056 3.9007311411377416e-09
26950.056 1.6974405976019605e-09
27000.056 6.088000226404343e-09
27050.056 5.5211514796096056e-09
27100.056 2.2389072914002983e-09
27150.056 7.944594292256636e-09
27200.056 2.3153232534316485e-09
27250.056 4.277278864224633e-09
27300.056 1.3866977231161775e-08
27350.056 7.739653437423261e-09
27400.056 1.0762824236814976e-09
27450.056 8.857828318372147e-09
27500.056 9.913309212170929e-09
27550.056 2.7471872341365377e-09
27600.056 5.966422200470802e-09
27650.056 2.342182128631373e-09
27700.056 1.8259492112623348e-09
27750.056 7.122917302129926e-09
27800.056 2.7015856444235683e-09
27850.056 3.6294124885647754e-09
27900.056 3.870786870060356e-09
27950.056 7.794983871685936e-09
28000.056 6.1663451050593555e-09
28050.056 1.465994407793826e-09
28100.056 6.686215088372165e-09
28150.056 4.707599391272097e-09
28200.056 2.02458731751398e-09
28250.056 8.153972947257882e-09
28300.056 8.2701841319418e-09
28350.056 2.5589992710036577e-09
28400.056 6.299110449333635e-09
28450.056 9.187114936310296e-09
28500.056 6.525158603409933e-09
28550.056 2.000126440133822e-09
28600.056 1.0207257862751704e-08
28650.056 7.3277760126259724e-09
28700.056 8.122834356892372e-09
28750.056 1.205372884345644e-08
28800.056 7.909965017858872e-09
28850.056 1.1013495032061543e-08
