galfind/configs/Brown_Dwarf_templates/sonora_bobcat/m-0.5/316g/sp_t1800g316nc_m-0.5_resample.dat
# %ECSV 1.0
# ---
# datatype:
# - {name: wav, unit: Angstrom, datatype: float64}
# - {name: flux_nu, unit: erg / (cm2 Hz s), datatype: float64}
# meta: {C/O: '1.00', Kzz: '1.0000E+05', Teff: '1800.', Y: '0.28', '[Fe/H]': '-0.50', f_hole: '1.00', f_rain: '0.00', grav: '316.'}
# schema: astropy-2.0
wav flux_nu
4000.0559999999996 nan
4050.0559999999996 2.767818223404149e-09
4100.056 6.245568456454234e-09
4150.056 5.00655534564856e-09
4200.056 3.443003376808151e-09
4250.056 2.930451728519061e-09
4300.056 1.7320512699575068e-09
4350.056 1.6105627687542325e-09
4400.056 1.640495732030527e-09
4450.056 9.41024081380094e-10
4500.056 9.726166397201131e-10
4550.056 1.290804337075585e-09
4600.056 1.0703325256298597e-09
4650.056 8.91954100129878e-10
4700.056 1.1901296151200948e-09
4750.056 1.4100825508597479e-09
4800.056 7.23294802740111e-10
4850.056 9.603199813500896e-10
4900.056 1.7208026799998706e-09
4950.056 1.8441172061699143e-09
5000.056 6.762475095398995e-10
5050.056 6.173411504830378e-10
5100.056 6.407611988470898e-10
5150.056 4.663336572351077e-10
5200.056 4.51703358596997e-10
5250.056 5.878492847400388e-10
5300.056 6.0889619397e-10
5350.056 5.722909433500187e-10
5400.056 5.06247825200002e-10
5450.056 3.7927210924999685e-10
5500.056 2.6782641662999533e-10
5550.056 2.28561374279993e-10
5600.056 1.759828945700007e-10
5650.056 1.2519487925999899e-10
5700.056 8.070651541599935e-11
5750.056 4.738740974199962e-11
5800.056 2.4259447236999746e-11
5850.056 8.856692511999821e-12
5900.056 1.19688775702485e-12
5950.056 2.0311857206900442e-11
6000.056 7.427006709600124e-11
6050.056 2.0576099582000235e-10
6100.056 4.558048689100108e-10
6150.056 8.98917164850005e-10
6200.056 1.489294428000009e-09
6250.056 2.3380858600000388e-09
6300.056 3.6889518813000358e-09
6350.056 5.295850508900149e-09
6400.056 7.213661079100014e-09
6450.056 9.572783490199435e-09
6500.056 1.1774294204299178e-08
6550.056 1.5115315153999382e-08
6600.056 1.718164869200006e-08
6650.056 1.693113949950105e-08
6700.056 9.847849964200831e-09
6750.056 1.7566492065200683e-08
6800.056 2.169886125500155e-08
6850.056 2.7305781357001034e-08
6900.056 3.326279380500066e-08
6950.056 3.672179672500085e-08
7000.056 4.3058542270999584e-08
7050.056 3.8247977926001116e-08
7100.056 2.5806066132000014e-08
7150.056 2.481418535500036e-08
7200.056 3.184811468699961e-08
7250.056 4.100118745700307e-08
7300.056 5.159865980000386e-08
7350.056 5.691099128400043e-08
7400.056 5.246214996800072e-08
7450.056 4.434326745099778e-08
7500.056 3.766250062499925e-08
7550.056 3.014142302599998e-08
7600.056 1.7363961529399615e-08
7650.056 2.0712703807548156e-09
7700.056 7.291272192079794e-10
7750.056 9.94579425110028e-09
7800.056 2.4164758489321035e-08
7850.056 4.723045240200099e-08
7900.056 6.117561456600324e-08
7950.056 6.380152914923291e-08
8000.056 9.534599856299718e-08
8050.056 1.4241688138999434e-07
8100.056 1.9967697005300618e-07
8150.056 2.683324308700046e-07
8200.056 2.140443276689886e-07
8250.056 2.908339852699979e-07
8300.056 2.8257412760003354e-07
8350.056 3.165255107800259e-07
8400.056 3.3734840256000775e-07
8450.056 2.478886264599914e-07
8500.056 2.279205538137476e-07
8550.056 2.9042970027002114e-07
8600.056 3.4492444833394976e-07
8650.056 3.937101207719626e-07
8700.056 3.5903636369996527e-07
8750.056 4.01583497378033e-07
8800.056 5.453193265900461e-07
8850.056 5.40210281749965e-07
8900.056 4.154918096600216e-07
8950.056 4.5077302372780497e-07
9000.056 5.946200407600358e-07
9050.056 5.702563037399953e-07
9100.056 7.346928410099874e-07
9150.056 8.721404580800135e-07
9200.056 8.929114184100687e-07
9250.056 6.820424241000157e-07
9300.056 5.804529007269776e-07
9350.056 6.599788438040134e-07
9400.056 7.50227236780023e-07
9450.056 8.78889436441947e-07
9500.056 1.0497407116599378e-06
9550.056 1.1510294423360882e-06
9600.056 1.2503523721900995e-06
9650.056 1.4126695103100913e-06
9700.056 1.5970483368999004e-06
9750.056 1.2902384857899272e-06
9800.056 1.389894081919926e-06
9850.056 1.3490350927599634e-06
9900.056 9.433939115799173e-07
9950.056 6.042008697400164e-07
10000.056 5.677455088999819e-07
10050.056 6.623717973299743e-07
10100.056 8.402125147200877e-07
10150.056 8.228230908199565e-07
10200.056 9.084466627499948e-07
10250.056 9.324618677399189e-07
10300.056 8.482875920699656e-07
10350.056 1.0185225394700353e-06
10400.056 1.2048830362199397e-06
10450.056 1.2655727437401316e-06
10500.056 1.2756282055699194e-06
10550.056 1.4198238026701116e-06
10600.056 1.5727051419300766e-06
10650.056 1.56977486003012e-06
10700.056 1.6042175040800571e-06
10750.056 1.8109160720601243e-06
10800.056 1.9980454106999194e-06
10850.056 2.239565278649843e-06
10900.056 2.2854931232099385e-06
10950.056 2.274826565109845e-06
11000.056 2.1645731338499944e-06
11050.056 1.6861709568100097e-06
11100.056 1.796652819328182e-06
11150.056 1.945494067363917e-06
11200.056 1.973301451964324e-06
11250.056 2.3896415175869643e-06
11300.056 2.32248290276795e-06
11350.056 2.0767228440529233e-06
11400.056 1.59673464057004e-06
11450.056 2.373460713977846e-06
11500.056 2.896165252249746e-06
11550.056 2.723218685376045e-06
11600.056 2.8972377454625067e-06
11650.056 2.7939928314281957e-06
11700.056 1.941871918003065e-06
11750.056 2.071803777753801e-06
11800.056 2.1595482377001445e-06
11850.056 3.0668283225901914e-06
11900.056 3.4033410504395954e-06
11950.056 2.9783990888700327e-06
12000.056 2.448353110110024e-06
12050.056 3.085360510730024e-06
12100.056 2.9669519719998e-06
12150.056 3.5281150911998036e-06
12200.056 3.3959501227995757e-06
12250.056 3.7667682170998558e-06
12300.056 3.887845558100256e-06
12350.056 3.7573554140999987e-06
12400.056 3.1189453561999274e-06
12450.056 2.65167233054001e-06
12500.056 2.8484269690997432e-06
12550.056 2.9192582622601566e-06
12600.056 3.6181324635000064e-06
12650.056 3.719029525099829e-06
12700.056 4.163300565900228e-06
12750.056 4.0732935917998504e-06
12800.056 4.338505250000015e-06
12850.056 4.1399421277999345e-06
12900.056 3.847353675899787e-06
12950.056 3.9634354097999515e-06
13000.056 4.2010892229996915e-06
13050.056 4.421667790879861e-06
13100.056 4.476828686839932e-06
13150.056 4.504001313519862e-06
13200.056 4.311827529100063e-06
13250.056 3.936883888640049e-06
13300.056 3.369961176140667e-06
13350.056 1.874841435772126e-06
13400.056 1.6165501071049572e-06
13450.056 1.3690671134326352e-06
13500.056 1.2540883685820714e-06
13550.056 1.1437086378690203e-06
13600.056 1.1010102345946764e-06
13650.056 1.394295589574601e-06
13700.056 1.2357619677762287e-06
13750.056 1.3145055769967204e-06
13800.056 1.5636536173205577e-06
13850.056 1.4587663983817524e-06
13900.056 1.4121435966363256e-06
13950.056 1.319238335790439e-06
14000.056 1.2205774483319253e-06
14050.056 1.2904802167565878e-06
14100.056 1.0795994676558302e-06
14150.056 1.2039240900490576e-06
14200.056 1.061172498312963e-06
14250.056 1.0287224476731098e-06
14300.056 1.1243575430988503e-06
14350.056 1.1453971938891065e-06
14400.056 1.2006683950270674e-06
14450.056 1.2513821266740984e-06
14500.056 1.4661938093059031e-06
14550.056 1.493199595532903e-06
14600.056 1.665295691096437e-06
14650.056 1.6367735051604163e-06
14700.056 1.4911582037789632e-06
14750.056 1.6197612155574054e-06
14800.056 1.7266623582333897e-06
14850.056 1.8752511298817233e-06
14900.056 1.8309872732608984e-06
14950.056 1.874073728150292e-06
15000.056 1.9564719339101737e-06
15050.056 2.202789556329667e-06
15100.056 2.1998940646801047e-06
15150.056 2.319889124040157e-06
15200.056 2.4146046476698253e-06
15250.056 2.503180042379971e-06
15300.056 2.6307015563399226e-06
15350.056 2.782052215239958e-06
15400.056 2.898681870000029e-06
15450.056 3.0365616120601228e-06
15500.056 3.1142320666499235e-06
15550.056 3.288779173619772e-06
15600.056 3.2921983400002036e-06
15650.056 3.4268310969001124e-06
15700.056 3.6546946080005233e-06
15750.056 3.7868909226997903e-06
15800.056 3.7751545206002762e-06
15850.056 3.2568570850001323e-06
15900.056 3.3760488177000718e-06
15950.056 3.36790265729985e-06
16000.056 3.4353864770999708e-06
16050.056 3.4880418035001548e-06
16100.056 3.596820098100044e-06
16150.056 3.352461125600066e-06
16200.056 3.5125811702999154e-06
16250.056 3.353966429499979e-06
16300.056 3.386755793300022e-06
16350.056 3.5801980449999424e-06
16400.056 3.495275584400097e-06
16450.056 3.603363525800196e-06
16500.056 3.6913082017001237e-06
16550.056 3.831861619099967e-06
16600.056 3.5955003456001597e-06
16650.056 3.806521660299995e-06
16700.056 3.5978868534997994e-06
16750.056 3.5969143394998844e-06
16800.056 3.7369152032998627e-06
16850.056 3.7723313416998436e-06
16900.056 3.6442757636000274e-06
16950.056 3.6166238327999357e-06
17000.056 3.650009221900268e-06
17050.056 3.641251655500062e-06
17100.056 3.505790544900297e-06
17150.056 3.440678637880115e-06
17200.056 3.2150219749898173e-06
17250.056 2.999613052449935e-06
17300.056 2.976873157139813e-06
17350.056 2.90634367936023e-06
17400.056 2.817037798979959e-06
17450.056 2.636939522729137e-06
17500.056 2.563140243009857e-06
17550.056 2.4523468782194055e-06
17600.056 2.368043922207983e-06
17650.056 2.378387082625124e-06
17700.056 2.0195604234137834e-06
17750.056 1.9416926861369444e-06
17800.056 1.9543535323954114e-06
17850.056 1.7027776667210596e-06
17900.056 1.815926410855088e-06
17950.056 1.7175827855069319e-06
18000.056 1.593948218623014e-06
18050.056 1.5800599440781971e-06
18100.056 1.5292937336808374e-06
18150.056 1.7165613906843917e-06
18200.056 1.3727360956081419e-06
18250.056 1.73442898242879e-06
18300.056 1.5957714041419998e-06
18350.056 1.5253864708381182e-06
18400.056 1.4807823723710814e-06
18450.056 1.3417020585245824e-06
18500.056 1.4168667659231609e-06
18550.056 1.2905697372740844e-06
18600.056 1.100270927257656e-06
18650.056 1.2360234563192034e-06
18700.056 1.3645929037222316e-06
18750.056 1.3344853142112995e-06
18800.056 1.4476582353583787e-06
18850.056 1.64952172248293e-06
18900.056 1.5780034284633814e-06
18950.056 1.7217190522169658e-06
19000.056 1.7398676701097713e-06
19050.056 1.6469162384889223e-06
19100.056 1.8096716662391809e-06
19150.056 1.7805661831170697e-06
19200.056 1.799304263863361e-06
19250.056 1.6805876007459052e-06
19300.056 1.7626998910185754e-06
19350.056 1.6836726047248946e-06
19400.056 1.3878260845618135e-06
19450.056 1.6964483060579795e-06
19500.056 1.7019939138739214e-06
19550.056 1.4137660803962707e-06
19600.056 1.5946954411309043e-06
19650.056 1.6337352160992646e-06
19700.056 1.6251410875071031e-06
19750.056 1.508006697237125e-06
19800.056 1.6220191291708234e-06
19850.056 1.7075725846001083e-06
19900.056 1.4808005106742268e-06
19950.056 1.7603123952299117e-06
20000.056 1.5827081843701711e-06
20050.056 1.7504443833402323e-06
20100.056 1.72372469257933e-06
20150.056 1.7977050768802446e-06
20200.056 1.8586589757698435e-06
20250.056 1.9263440749097994e-06
20300.056 1.930692121390169e-06
20350.056 2.0383198440398144e-06
20400.056 2.043437359249359e-06
20450.056 2.112153564999616e-06
20500.056 2.1778078022298664e-06
20550.056 2.197447937879993e-06
20600.056 2.3380458895401345e-06
20650.056 2.295690221320139e-06
20700.056 2.3917299899901944e-06
20750.056 2.4112904256598954e-06
20800.056 2.5041649845199543e-06
20850.056 2.4649622647499685e-06
20900.056 2.583251143999845e-06
20950.056 2.590816956899928e-06
21000.056 2.645472744099998e-06
21050.056 2.670202461599999e-06
21100.056 2.66643920169999e-06
21150.056 2.7445648678999256e-06
21200.056 2.72597095860006e-06
21250.056 2.7969712692998983e-06
21300.056 2.721694044400025e-06
21350.056 2.8180612597000066e-06
21400.056 2.746966069000142e-06
21450.056 2.855575147299974e-06
21500.056 2.7707455904000816e-06
21550.056 2.7884994961999416e-06
21600.056 2.799117813000123e-06
21650.056 2.7631327290000113e-06
21700.056 2.8039811791999944e-06
21750.056 2.7313679794000094e-06
21800.056 2.71398691009984e-06
21850.056 2.68340908439993e-06
21900.056 2.689736613800089e-06
21950.056 2.593122568500049e-06
22000.056 2.5393606028999854e-06
22050.056 2.441753659399844e-06
22100.056 2.474733036900047e-06
22150.056 2.4976994709000447e-06
22200.056 2.4365228032001485e-06
22250.056 2.5029861070002042e-06
22300.056 2.4620016835999693e-06
22350.056 2.3950081520001155e-06
22400.056 2.3992866875999756e-06
22450.056 2.328224654599966e-06
22500.056 2.3533475779800613e-06
22550.056 2.3058659446198337e-06
22600.056 2.320276001600053e-06
22650.056 2.2511996189802427e-06
22700.056 2.2115134535802086e-06
22750.056 2.267269106879981e-06
22800.056 2.1818919560499528e-06
22850.056 2.1734469701100844e-06
22900.056 2.171868419299931e-06
22950.056 1.747997129610135e-06
23000.056 1.8318156615500763e-06
23050.056 1.936966020269788e-06
23100.056 1.900367999799948e-06
23150.056 1.971059332100113e-06
23200.056 1.8330103433200743e-06
23250.056 1.6783259372798409e-06
23300.056 1.6677811201500954e-06
23350.056 1.7078116440199987e-06
23400.056 1.6885384724500943e-06
23450.056 1.7240569176501971e-06
23500.056 1.7808946017599526e-06
23550.056 1.7240579571602065e-06
23600.056 1.712085301480168e-06
23650.056 1.8055745634197403e-06
23700.056 1.6960969917598675e-06
23750.056 1.7228748446302044e-06
23800.056 1.6787023399400018e-06
23850.056 1.5673763295901283e-06
23900.056 1.7102727767901133e-06
23950.056 1.7830551997902416e-06
24000.056 1.7466974293195972e-06
24050.056 1.7483810016002214e-06
24100.056 1.638860677209819e-06
24150.056 1.6383264580803215e-06
24200.056 1.6368996274896373e-06
24250.056 1.611531060680118e-06
24300.056 1.6013016403100886e-06
24350.056 1.4624786595900562e-06
24400.056 1.6313600218400423e-06
24450.056 1.4623023320898718e-06
24500.056 1.420111099959976e-06
24550.056 1.3845407238901762e-06
24600.056 1.426433073780138e-06
24650.056 1.5455053601901113e-06
24700.056 1.2857382299199518e-06
24750.056 1.2345215114601964e-06
24800.056 1.2448997224721018e-06
24850.056 1.4416704789200842e-06
24900.056 1.0740395755234093e-06
24950.056 1.3730184911899972e-06
25000.056 1.2600718815801877e-06
25050.056 9.939768009902146e-07
25100.056 1.2076525702319507e-06
25150.056 1.0477819395949078e-06
25200.056 1.1271388892400488e-06
25250.056 1.0257691023108161e-06
25300.056 1.1529479526200742e-06
25350.056 9.530805553639867e-07
25400.056 1.1088961688122753e-06
25450.056 9.546951154619723e-07
25500.056 1.0250098794732423e-06
25550.056 9.804711948100327e-07
25600.056 1.0187172980579207e-06
25650.056 8.896466907309614e-07
25700.056 1.194382953719633e-06
25750.056 8.357652471931763e-07
25800.056 1.148600608276165e-06
25850.056 9.744751283488956e-07
25900.056 1.1241420680871911e-06
25950.056 9.298638974120637e-07
26000.056 1.1608650947403813e-06
26050.056 1.153326792061013e-06
26100.056 1.226808437448065e-06
26150.056 1.185281827685856e-06
26200.056 1.1451035532760126e-06
26250.056 1.2335326142739847e-06
26300.056 1.1811486726030648e-06
26350.056 1.2991814887699593e-06
26400.056 1.3080316923398667e-06
26450.056 1.278859417240081e-06
26500.056 1.3608904652196757e-06
26550.056 1.2558489854247993e-06
26600.056 1.5233783475738178e-06
26650.056 1.1359666268868275e-06
26700.056 1.1688528657870414e-06
26750.056 9.58896191757604e-07
26800.056 1.1307497124718092e-06
26850.056 8.65391489049064e-07
26900.056 1.1829947018539844e-06
26950.056 8.100519433929023e-07
27000.056 1.1333215191601583e-06
27050.056 9.62697364789944e-07
27100.056 9.662603098487949e-07
27150.056 1.0544342887800317e-06
27200.056 1.0283835439061235e-06
27250.056 9.636183716012928e-07
27300.056 1.2084626268301265e-06
27350.056 1.109915793231711e-06
27400.056 8.843923164749117e-07
27450.056 1.2818027859196997e-06
27500.056 1.1751833552899943e-06
27550.056 1.0325585341778555e-06
27600.056 1.2959237883799134e-06
27650.056 9.766727557679561e-07
27700.056 9.238932092790358e-07
27750.056 1.3055480282796773e-06
27800.056 9.292971990999675e-07
27850.056 1.0136005796177303e-06
27900.056 1.0570810332370112e-06
27950.056 1.273710834309964e-06
28000.056 1.1510319140702186e-06
28050.056 8.489732055602084e-07
28100.056 1.3310770888403183e-06
28150.056 1.0293370337400567e-06
28200.056 8.598166489060067e-07
28250.056 1.1807314157499917e-06
28300.056 1.3641104395002035e-06
28350.056 9.501479782557679e-07
28400.056 1.102085722478018e-06
28450.056 1.1880534069198251e-06
28500.056 1.1471217775447755e-06
28550.056 7.854828369997921e-07
28600.056 1.3472231159100017e-06
28650.056 1.1962972076599742e-06
28700.056 1.067499467289875e-06
28750.056 1.2343503818999904e-06
