galfind/configs/Brown_Dwarf_templates/sonora_bobcat/m-0.5/316g/sp_t650g316nc_m-0.5_resample.dat
# %ECSV 1.0
# ---
# datatype:
# - {name: wav, unit: Angstrom, datatype: float64}
# - {name: flux_nu, unit: erg / (cm2 Hz s), datatype: float64}
# meta: {C/O: '1.00', Kzz: '1.0000E+05', Teff: '650.', Y: '0.28', '[Fe/H]': '-0.50', f_hole: '1.00', f_rain: '0.00', grav: '316.'}
# schema: astropy-2.0
wav flux_nu
[from data line 499]
28950.056 6.346622040705975e-09
29000.056 5.4275631595306745e-09
29050.056 7.096888022138843e-09
29100.056 4.322630449942591e-09
29150.056 7.540352407663813e-09
29200.056 6.600322024813625e-09
29250.056 9.665166136414233e-09
29300.056 4.8788812594463765e-09
29350.056 1.4582605919960258e-08
29400.056 6.288540282838297e-09
29450.056 6.6155107154604935e-09
29500.056 1.0816576507374338e-08
29550.056 6.610260395603532e-09
29600.056 8.692161931594315e-09
29650.056 1.3843412906362234e-08
29700.056 6.58099497593624e-09
29750.056 1.2137398943388162e-08
29800.056 1.1374590326753906e-08
29850.056 1.4139781154197568e-08
29900.056 1.1314911620030207e-08
29950.056 1.0534317068312562e-08
30000.056 7.809514797891202e-10
30050.056 2.1461719360340662e-09
30100.056 4.4554475665775155e-09
30150.056 1.1053761886649766e-08
30200.056 9.885314568256454e-09
30250.056 1.8506670599915448e-08
30300.056 1.825338225035045e-08
30350.056 1.0155101461107258e-08
30400.056 2.104599421099361e-08
30450.056 1.3442672785251686e-08
30500.056 1.3326565823219797e-08
30550.056 1.1448100906896233e-08
30600.056 2.5644498248762848e-08
30650.056 1.4845007383018797e-08
30700.056 1.2652414209627134e-08
30750.056 1.808073480763738e-08
30800.056 1.4422174199907193e-08
30850.056 1.4972507126435648e-08
30900.056 9.849567271333892e-09
30950.056 9.921654594425974e-09
31000.056 1.0263903695642198e-08
31050.056 1.092764752026873e-08
31100.056 6.289845501901433e-09
31150.056 1.0662222496079107e-08
31200.056 1.6561267813102555e-08
31250.056 9.45433557398656e-09
31300.056 7.602215755090245e-09
31350.056 1.0278244375702069e-08
31400.056 7.494603665727255e-09
31450.056 8.949946035718025e-09
31500.056 4.205233166587126e-09
31550.056 6.353605235067693e-09
31600.056 4.469291546226076e-09
31650.056 3.864132526001255e-09
31700.056 4.3530160019307995e-09
31750.056 2.4137441882709016e-09
31800.056 4.749213611290204e-09
31850.056 1.6918353564201865e-09
31900.056 3.2390042919021527e-09
31950.056 1.722789498734323e-09
32000.056 2.3373019197605375e-09
32050.056 2.4956443778266693e-09
32100.056 2.0506264895499098e-09
32150.056 2.814135531804858e-09
32200.056 1.64937731887639e-09
32250.056 3.627368321527411e-09
32300.056 1.4504508931366177e-09
32350.056 3.797992838970302e-09
32400.056 1.321167922983766e-09
32450.056 3.3061601683101174e-09
32500.056 1.9356776895028677e-09
32550.056 2.8805271685410033e-09
32600.056 2.6332011249073123e-09
32650.056 4.9137004784918555e-09
32700.056 3.39387856650357e-09
32750.056 7.1942754247118734e-09
32800.056 6.601312776845078e-09
32850.056 9.495471402590025e-09
32900.056 9.469828734401551e-09
32950.056 1.0038239872534564e-08
33000.056 6.264605321927841e-09
33050.056 7.2182019911711245e-09
33100.056 2.440524047891619e-09
33150.056 3.354038538398905e-11
33200.056 1.2555133213987297e-10
33250.056 1.316309349061674e-10
33300.056 3.8258239322908655e-10
33350.056 1.0586190313969836e-09
33400.056 2.3573753080406105e-09
33450.056 2.594829536121734e-09
33500.056 6.666721129803158e-09
33550.056 3.018620545762794e-09
33600.056 6.194160405633747e-09
33650.056 6.075438435010129e-09
33700.056 3.356202650497095e-09
33750.056 8.091049649177491e-09
33800.056 2.1004150538977343e-09
33850.056 4.844363599579217e-09
33900.056 4.50401359391024e-09
33950.056 4.084633324675203e-09
34000.056 6.749251402851024e-09
34050.056 1.964885094471891e-09
34100.056 5.953410584264077e-09
34150.056 3.032972350951398e-09
34200.056 5.639614932239909e-09
34250.056 4.7744620037902056e-09
34300.056 3.6497409270637087e-09
34350.056 5.9435083301207585e-09
34400.056 2.8688847838695765e-09
34450.056 6.640642192075898e-09
34500.056 4.634489824723824e-09
34550.056 2.5463555846870155e-09
34600.056 8.818108103800297e-09
34650.056 2.7792950448011614e-09
34700.056 6.837916210284185e-09
34750.056 5.2165193982066306e-09
34800.056 3.7792624259832745e-09
34850.056 9.393491113050797e-09
34900.056 4.6665402967780335e-09
34950.056 8.02733298989835e-09
35000.056 1.4120976400004995e-08
35050.056 6.199613826326969e-09
35100.056 1.3760019841664062e-08
35150.056 1.2579899501898049e-08
35200.056 1.0404352814233873e-08
35250.056 1.7650250748816307e-08
35300.056 8.081002461169656e-09
35350.056 1.1608320885815459e-08
35400.056 1.1938639505902555e-08
35450.056 8.004310102667402e-09
35500.056 2.1871596617304932e-08
35550.056 1.4928805695273206e-08
35600.056 1.5817282946308014e-08
35650.056 1.7967015339708462e-08
35700.056 1.468741823684894e-08
35750.056 2.4279905052219375e-08
35800.056 2.431640358422222e-08
35850.056 1.2888933456203813e-08
35900.056 1.9848412059217436e-08
35950.056 2.2605889395596777e-08
36000.056 2.1681618614003763e-08
36050.056 1.9555036753293234e-08
36100.056 1.754732348037184e-08
36150.056 2.7207593148675382e-08
36200.056 3.112522498653383e-08
36250.056 2.3290814810941932e-08
36300.056 3.8822057198149696e-08
36350.056 3.1195415053584435e-08
36400.056 3.75725390866516e-08
36450.056 3.531720627991828e-08
36500.056 3.945723645139543e-08
36550.056 5.030402847171019e-08
36600.056 5.697633308398871e-08
36650.056 4.503339958028999e-08
36700.056 4.57308093678673e-08
36750.056 5.759343748401218e-08
36800.056 6.091453970259601e-08
36850.056 4.717227763927321e-08
36900.056 5.699038474077883e-08
36950.056 6.452773622698685e-08
37000.056 5.288755972879289e-08
37050.056 6.66827573910004e-08
37100.056 5.3615129707073636e-08
37150.056 5.744243510356289e-08
37200.056 7.73740378109912e-08
37250.056 5.516160496958712e-08
37300.056 4.898558014442404e-08
37350.056 6.808088969981321e-08
37400.056 9.055086593719863e-08
37450.056 5.382628242835926e-08
37500.056 6.121981140434578e-08
37550.056 9.420080403603126e-08
37600.056 1.1307129488201458e-07
37650.056 5.681703121340873e-08
37700.056 9.138523545120799e-08
37750.056 6.749949723770958e-08
37800.056 7.643916246881981e-08
37850.056 5.110649484880199e-08
37900.056 5.937088178860898e-08
37950.056 8.269872476179536e-08
38000.056 8.328789925359676e-08
38050.056 9.246889704262057e-08
38100.056 1.09983217356606e-07
38150.056 1.1377234959199652e-07
38200.056 1.0408979806550283e-07
38250.056 1.0106962820021296e-07
38300.056 1.4139920433597044e-07
38350.056 1.3963458529902597e-07
38400.056 8.696151857906189e-08
38450.056 6.992820054827156e-08
38500.056 5.447014153181374e-08
38550.056 1.0078270170502153e-07
38600.056 9.765329448698186e-08
38650.056 1.0656503075398579e-07
38700.056 1.143457330489972e-07
38750.056 1.0437311475800401e-07
38800.056 1.0252376710298891e-07
38850.056 1.1130827032400607e-07
38900.056 1.3289784728098058e-07
38950.056 1.012550680800011e-07
39000.056 1.2001239156397613e-07
39050.056 1.107224989740374e-07
39100.056 1.1715803457318878e-07
39150.056 1.4193142802699562e-07
39200.056 1.1735444957599086e-07
39250.056 1.4437240705200294e-07
39300.056 1.2674102115798864e-07
39350.056 1.61731386096004e-07
39400.056 1.279816792162135e-07
39450.056 1.4979230601179866e-07
39500.056 1.5824866183800621e-07
39550.056 1.171206565602398e-07
39600.056 1.488363536269966e-07
39650.056 1.8184017314199055e-07
39700.056 1.6411572033201632e-07
39750.056 1.149177009968331e-07
39800.056 1.3059134986850052e-07
39850.056 1.9247458356000528e-07
39900.056 1.9468695150700688e-07
39950.056 1.4509086066598914e-07
40000.056 1.8663030849199978e-07
40050.056 1.8305791030500213e-07
40100.056 1.1553064628723474e-07
40150.056 1.8046578030201036e-07
40200.056 1.865357313449735e-07
40250.056 1.941687747349645e-07
40300.056 1.944040861750184e-07
40350.056 1.5291523021797536e-07
40400.056 1.955875217446786e-07
40450.056 1.404707240959865e-07
40500.056 1.994759093769869e-07
40550.056 2.1209648147396548e-07
40600.056 1.9435324002800777e-07
40650.056 1.7302377484077451e-07
40700.056 2.4703878378998777e-07
40750.056 1.9187512047597344e-07
40800.056 1.497020629649561e-07
40850.056 2.501061328400276e-07
40900.056 2.317925764079844e-07
40950.056 2.008193995248166e-07
41000.056 1.9089865438699126e-07
41050.056 2.5333589596997274e-07
41100.056 2.2888284581598585e-07
41150.056 1.4622111945379404e-07
41200.056 2.450431516410113e-07
41250.056 2.2328411034598133e-07
41300.056 2.191513383999993e-07
41350.056 2.598637249599943e-07
41400.056 2.293912954000164e-07
41450.056 2.6265414544998947e-07
41500.056 2.0100535669747238e-07
41550.056 1.921972554390422e-07
41600.056 2.0904624327431844e-07
41650.056 2.4350314019801395e-07
41700.056 2.4726170531996775e-07
41750.056 2.257266994359834e-07
41800.056 2.518136065400287e-07
41850.056 1.9789360131498362e-07
41900.056 2.1235330733395534e-07
41950.056 2.325129805970121e-07
42000.056 1.9888883713692615e-07
42050.056 1.8511171892202367e-07
42100.056 2.4017398337497016e-07
42150.056 1.952167079820047e-07
42200.056 1.9372029656898544e-07
42250.056 2.0040620860900564e-07
42300.056 1.8923689202099323e-07
42350.056 2.2968736155601508e-07
42400.056 2.441883562200148e-07
42450.056 2.0839372841403256e-07
42500.056 2.1623517578099e-07
42550.056 1.950339689619873e-07
42600.056 2.1616011845404894e-07
42650.056 2.8093093275996294e-07
42700.056 2.0118881322695115e-07
42750.056 1.9029667875602704e-07
42800.056 2.399100160420137e-07
42850.056 2.611270661229532e-07
42900.056 2.727899862860267e-07
42950.056 2.1336300076497502e-07
43000.056 2.4586249663800095e-07
43050.056 1.5257389077103418e-07
43100.056 2.25972956809987e-07
43150.056 1.9258957120401248e-07
43200.056 2.2823461632000747e-07
43250.056 2.9769235664001485e-07
43300.056 2.8328427922000367e-07
43350.056 1.700643916649653e-07
43400.056 2.3554942325300926e-07
43450.056 1.851301324400219e-07
43500.056 2.0335422611201487e-07
43550.056 2.0200906886000828e-07
43600.056 2.679485472320209e-07
43650.056 1.7602852876499908e-07
43700.056 2.9253194941903145e-07
43750.056 2.6299911585999756e-07
43800.056 2.436019291959799e-07
43850.056 2.234729120810312e-07
43900.056 2.153599981009825e-07
43950.056 1.5865044267798338e-07
44000.056 1.4376619147900152e-07
44050.056 2.673180231400104e-07
44100.056 3.2922453280000685e-07
44150.056 3.184801972679911e-07
44200.056 2.8496237088000556e-07
44250.056 1.890944692229956e-07
44300.056 1.5254053280602312e-07
44350.056 1.7879137366942584e-07
44400.056 1.7010794161598992e-07
44450.056 2.516899188680107e-07
44500.056 2.2693347076203679e-07
44550.056 2.98692273769986e-07
44600.056 2.6803490952300877e-07
44650.056 2.5024130033599875e-07
44700.056 1.8297588022298243e-07
44750.056 2.3256151300704326e-07
44800.056 1.9751128619701577e-07
44850.056 2.6953882279001316e-07
44900.056 2.1438861630400334e-07
44950.056 2.388488210120175e-07
45000.056 2.6192579224000837e-07
45050.056 2.511483261299812e-07
45100.056 2.407027310350128e-07
45150.056 2.3601558713598531e-07
45200.056 1.8193103835801147e-07
45250.056 2.0951368340096477e-07
45300.056 1.913791138360238e-07
45350.056 1.6969106204740695e-07
45400.056 3.042735648700245e-07
45450.056 2.8021241773102064e-07
45500.056 2.941277884680134e-07
45550.056 3.1885263485995163e-07
45600.056 3.0654787245002417e-07
45650.056 2.655360587619895e-07
45700.056 1.8858460413899438e-07
45750.056 1.7565002472800504e-07
45800.056 3.272538670900135e-07
45850.056 2.927293688830008e-07
45900.056 3.2021968857999705e-07
45950.056 2.6763901133599493e-07
46000.056 3.0519056695003526e-07
46050.056 2.506078747399968e-07
46100.056 3.382784717799875e-07
46150.056 2.3116386299100025e-07
46200.056 2.1170177737898624e-07
46250.056 1.1222257067448825e-07
46300.056 2.3831135385800057e-07
46350.056 2.5326900173002246e-07
46400.056 2.392182296360105e-07
46450.056 2.1306392825299523e-07
46500.056 2.3064864438804254e-07
46550.056 1.5973398085700676e-07
46600.056 2.0307419170897374e-07
46650.056 2.811761489070174e-07
46700.056 2.117040401339668e-07
46750.056 1.290231744036177e-07
46800.056 9.75284484198009e-08
46850.056 2.7489153314202836e-07
46900.056 2.773897507719886e-07
46950.056 2.637077014899826e-07
47000.056 2.572643097310253e-07
47050.056 2.0693267156593965e-07
47100.056 1.5720915647400999e-07
47150.056 2.2082150406802793e-07
47200.056 2.558033048499885e-07
47250.056 1.5669884570798427e-07
47300.056 1.1138691319561395e-07
47350.056 2.803289018100036e-07
47400.056 2.5485469733998386e-07
47450.056 2.1987035205912835e-07
47500.056 2.8188500734998447e-07
47550.056 2.4222197289400766e-07
47600.056 2.422850342499823e-07
47650.056 2.5000683615358016e-07
47700.056 2.0611665135074578e-07
47750.056 1.6138402230800094e-07
47800.056 1.495411739490169e-07
47850.056 8.894451085060978e-08
47900.056 1.2548281666639158e-07
47950.056 2.3219399441000534e-07
48000.056 2.8390096902000566e-07
48050.056 2.4970614596198296e-07
48100.056 1.2845007761260507e-07
48150.056 1.971428683880051e-07
48200.056 1.589758370119949e-07
48250.056 1.9345510801999988e-07
48300.056 2.7379424339999257e-07
48350.056 1.856688044939904e-07
48400.056 7.102451817268629e-08
48450.056 1.3477753618702758e-07
48500.056 1.9218197204296246e-07
48550.056 1.9867223641121745e-07
48600.056 2.182273484540042e-07
48650.056 2.6265728848999385e-07
48700.056 1.9944437233001637e-07
48750.056 1.2845537525603586e-07
48800.056 2.3473070595901396e-07
48850.056 1.4919810868997486e-07
48900.056 2.0809779283058362e-07
48950.056 1.3749242138199914e-07
49000.056 7.940336111668787e-08
49050.056 1.9369183121997658e-07
49100.056 2.1734443522982877e-07
49150.056 1.6891397349709807e-07
49200.056 2.3534723068002474e-07
49250.056 2.3122881744001293e-07
49300.056 2.016914727699943e-07
49350.056 1.0746064920712069e-07
49400.056 1.5144430368396931e-07
49450.056 1.4816706318953542e-07
49500.056 1.2566933008278687e-07
49550.056 4.5047593765700195e-08
49600.056 9.672289448809479e-08
49650.056 1.523431888199934e-07
49700.056 1.61730599855962e-07
49750.056 1.818530537289879e-07
49800.056 1.31949045182596e-07
49850.056 2.1190628665402283e-07
49900.056 1.8550932564999555e-07
49950.056 1.6806756235199655e-07
50000.056 1.523643349239877e-07
50050.056 1.8055545339599933e-07
50100.056 1.4917683514399118e-07
50150.056 8.680015087498813e-08
50200.056 2.795106423834919e-08
50250.056 1.1272826484099586e-07
50300.056 7.930528254830956e-08
50350.056 1.7092410728601933e-07
50400.056 1.6829898140999036e-07
50450.056 1.2287367110240156e-07
50500.056 1.842149358100119e-07
50550.056 1.742175604100045e-07
50600.056 1.258238999009708e-07
50650.056 1.8611901359202878e-07
50700.056 1.992460673099901e-07
50750.056 1.3762791725301087e-07
50800.056 6.716590270158827e-08
50850.056 4.983581888681826e-08
50900.056 1.70614670054001e-07
50950.056 1.4579586355599886e-07
51000.056 1.3154154584561172e-07
51050.056 1.5910536242298137e-07
51100.056 7.238855983969279e-08
51150.056 9.081660088409234e-08
51200.056 1.974024272399914e-07
51250.056 1.4021424408098095e-07
51300.056 1.0016922136802312e-07
51350.056 1.1181692795128514e-07
51400.056 5.670994606960816e-08
51450.056 4.471509719415825e-08
51500.056 4.119471175719401e-08
51550.056 1.153160665562126e-07
51600.056 8.896293287001084e-08
51650.056 1.0471741725998986e-07
51700.056 1.1804559886747639e-07
51750.056 8.381847685076014e-08
51800.056 1.3537659720697735e-07
51850.056 1.1119802895999543e-07
51900.056 1.5720836590200482e-07
51950.056 1.0840194876898965e-07
52000.056 2.1260637983493377e-08
52050.056 6.664182884290818e-08
52100.056 4.6378172811995246e-08
52150.056 3.2626325528985044e-08
52200.056 5.98661644949987e-08
52250.056 8.606717908881385e-08
52300.056 1.2834793328699657e-07
52350.056 5.8115677900095586e-08
52400.056 5.4192337857201576e-08
52450.056 1.248824850530123e-07
52500.056 1.1154632394077251e-07
52550.056 1.097647465699914e-07
52600.056 8.3541641032803e-08
52650.056 9.637001022601071e-08
52700.056 7.133195631800002e-08
52750.056 4.093260732337306e-08
52800.056 5.932348074900797e-08
52850.056 6.929683848968131e-08
52900.056 4.677807252917083e-08
52950.056 6.093126939520472e-08
53000.056 8.990970680800534e-08
53050.056 4.4109074147489624e-08
53100.056 9.899077940399757e-08
53150.056 1.1345227312301044e-07
53200.056 4.7843650069394864e-08
53250.056 9.935605809400761e-08
53300.056 1.1582386606634164e-07
53350.056 9.625281644099873e-08
53400.056 7.581658916599571e-08
53450.056 3.5022376661091476e-08
53500.056 1.2336501613675499e-08
