galfind/configs/Brown_Dwarf_templates/sonora_bobcat/m-0.5/316g/sp_t1100g316nc_m-0.5_resample.dat
# %ECSV 1.0
# ---
# datatype:
# - {name: wav, unit: Angstrom, datatype: float64}
# - {name: flux_nu, unit: erg / (cm2 Hz s), datatype: float64}
# meta: {C/O: '1.00', Kzz: '1.0000E+05', Teff: '1100.', Y: '0.28', '[Fe/H]': '-0.50', f_hole: '1.00', f_rain: '0.00', grav: '316.'}
# schema: astropy-2.0
wav flux_nu
[from data line 499]
28950.056 1.6822954417206225e-07
29000.056 1.3791421025526997e-07
29050.056 1.5539666392722073e-07
29100.056 1.1091456219481646e-07
29150.056 1.939581744992421e-07
29200.056 1.3586638187200834e-07
29250.056 1.7922879727454074e-07
29300.056 1.1368716309899888e-07
29350.056 2.61893148615804e-07
29400.056 1.5591523813140868e-07
29450.056 1.6741475251747757e-07
29500.056 1.8054862088820257e-07
29550.056 1.6923589373780294e-07
29600.056 1.9364249701202952e-07
29650.056 1.883581666073874e-07
29700.056 1.5881967421167208e-07
29750.056 2.0166135145513158e-07
29800.056 2.1144806026167808e-07
29850.056 2.1259440369795e-07
29900.056 2.0967749215921249e-07
29950.056 2.1871896547733398e-07
30000.056 1.3427185901399687e-07
30050.056 1.4918988694801154e-07
30100.056 1.536871581819712e-07
30150.056 2.3121309813098947e-07
30200.056 1.8520240428980404e-07
30250.056 2.4972252986403476e-07
30300.056 2.1478114136300254e-07
30350.056 1.9672447854300907e-07
30400.056 2.3449034581600572e-07
30450.056 1.7604005217673253e-07
30500.056 1.5731357654200278e-07
30550.056 1.6693254284960415e-07
30600.056 1.8909655310399842e-07
30650.056 1.6086072704398077e-07
30700.056 1.5184773273218217e-07
30750.056 1.5048968146197894e-07
30800.056 1.3989379384103173e-07
30850.056 1.2448861739596457e-07
30900.056 1.205519035919769e-07
30950.056 1.0667332800632357e-07
31000.056 1.0255306516130935e-07
31050.056 1.1581620529800551e-07
31100.056 8.574922011809617e-08
31150.056 9.868432442019413e-08
31200.056 1.099112308220182e-07
31250.056 8.205728617119127e-08
31300.056 8.216784973788716e-08
31350.056 7.977856526160497e-08
31400.056 6.465124223590584e-08
31450.056 7.195515555598518e-08
31500.056 5.8062961915686105e-08
31550.056 6.361826329219316e-08
31600.056 5.4190875765003645e-08
31650.056 4.933712606260782e-08
31700.056 5.256323892399193e-08
31750.056 4.240493206833344e-08
31800.056 5.4623973921290295e-08
31850.056 4.243089555926846e-08
31900.056 5.23366283108044e-08
31950.056 3.5698919980003334e-08
32000.056 4.648663251509316e-08
32050.056 4.722645100180235e-08
32100.056 4.487344365940372e-08
32150.056 5.069324364349562e-08
32200.056 4.2125222219671304e-08
32250.056 5.7449029930310725e-08
32300.056 3.9790512124472384e-08
32350.056 6.04496645053986e-08
32400.056 4.165422741309613e-08
32450.056 5.752056098458102e-08
32500.056 5.361661470901177e-08
32550.056 5.419420415039467e-08
32600.056 6.09165640843202e-08
32650.056 7.468818476918705e-08
32700.056 7.056244429401271e-08
32750.056 7.990573317570715e-08
32800.056 7.867528718860868e-08
32850.056 8.507662572099207e-08
32900.056 9.304043276639647e-08
32950.056 9.396810547399545e-08
33000.056 8.235278952988034e-08
33050.056 7.729441044001896e-08
33100.056 4.852754445779148e-08
33150.056 1.5951979458802228e-08
33200.056 1.468240117909415e-08
33250.056 1.065324196729663e-08
33300.056 1.2465242257603232e-08
33350.056 1.851385768140108e-08
33400.056 2.5036004102994367e-08
33450.056 3.332877352339911e-08
33500.056 4.822997209901467e-08
33550.056 4.713958838141186e-08
33600.056 6.543376437899333e-08
33650.056 7.178403049500528e-08
33700.056 6.034488573408887e-08
33750.056 8.44330101780033e-08
33800.056 6.599661147270772e-08
33850.056 7.922181300089215e-08
33900.056 6.490037487479658e-08
33950.056 6.846411486979031e-08
34000.056 8.174743269721266e-08
34050.056 5.3595358962090706e-08
34100.056 8.055382721900003e-08
34150.056 6.347031456389238e-08
34200.056 6.7408971179976e-08
34250.056 6.932667697477647e-08
34300.056 5.905930160427207e-08
34350.056 6.004495613300318e-08
34400.056 5.263058521159616e-08
34450.056 7.03853818359872e-08
34500.056 6.575157322699756e-08
34550.056 5.157796827720128e-08
34600.056 8.072838929199923e-08
34650.056 5.8951130088998286e-08
34700.056 6.985124715299537e-08
34750.056 7.084758826398253e-08
34800.056 6.179185461899172e-08
34850.056 7.314730110200783e-08
34900.056 7.340241926028141e-08
34950.056 7.526995970298479e-08
35000.056 1.0333073447901639e-07
35050.056 7.034200223300401e-08
35100.056 8.823288783199767e-08
35150.056 9.130264706330901e-08
35200.056 9.075974722610117e-08
35250.056 1.132527816009725e-07
35300.056 8.716541084181486e-08
35350.056 9.092191731798113e-08
35400.056 1.0259078551601322e-07
35450.056 7.429833902993328e-08
35500.056 1.2439969731599908e-07
35550.056 1.1417308923599318e-07
35600.056 1.0809183089303335e-07
35650.056 1.2167926246101222e-07
35700.056 1.0636097608899426e-07
35750.056 1.281084013939905e-07
35800.056 1.5937650386600281e-07
35850.056 1.0973261101299849e-07
35900.056 1.4751253148800498e-07
35950.056 1.4209110087998083e-07
36000.056 1.409737205870207e-07
36050.056 1.4427518722098177e-07
36100.056 1.4065269785092794e-07
36150.056 1.5489610929798604e-07
36200.056 1.7024903863997983e-07
36250.056 1.543004351639752e-07
36300.056 1.8211671400301317e-07
36350.056 1.7525503749499768e-07
36400.056 1.794791209469955e-07
36450.056 1.9668548871799167e-07
36500.056 1.9845421120598662e-07
36550.056 2.205643848000543e-07
36600.056 2.4098539723999834e-07
36650.056 2.2475098159796673e-07
36700.056 2.3852206400098003e-07
36750.056 2.6206705098004625e-07
36800.056 2.6159115432999457e-07
36850.056 2.514639375159467e-07
36900.056 2.6107762588998595e-07
36950.056 2.9457159859997503e-07
37000.056 2.812224934479876e-07
37050.056 2.9195028305001273e-07
37100.056 2.993238742059781e-07
37150.056 2.8446008626602794e-07
37200.056 3.233363123699974e-07
37250.056 3.07321875407948e-07
37300.056 2.841266313489136e-07
37350.056 3.0942591866902707e-07
37400.056 3.832231191099904e-07
37450.056 3.240887221720044e-07
37500.056 3.2359636439098194e-07
37550.056 3.8342846881011246e-07
37600.056 4.1345941445002494e-07
37650.056 3.3016576519003024e-07
37700.056 4.0901979289803606e-07
37750.056 3.4772613057702965e-07
37800.056 3.77840252590125e-07
37850.056 3.236105446300072e-07
37900.056 3.512512215500935e-07
37950.056 3.787481403779556e-07
38000.056 4.264134395839894e-07
38050.056 4.2060490072205925e-07
38100.056 4.302347193180376e-07
38150.056 4.5928193504998564e-07
38200.056 4.685429211300514e-07
38250.056 4.455352105700093e-07
38300.056 5.238935337599386e-07
38350.056 5.3303599842005e-07
38400.056 4.3125017122393e-07
38450.056 4.6043897963993166e-07
38500.056 4.0078863250007644e-07
38550.056 4.992310663300585e-07
38600.056 4.859519780699574e-07
38650.056 5.069508641199693e-07
38700.056 5.369198937999972e-07
38750.056 5.44600415419995e-07
38800.056 4.941209751998966e-07
38850.056 5.264520060600324e-07
38900.056 5.782195860399944e-07
38950.056 5.276143613399919e-07
39000.056 5.677539190799793e-07
39050.056 5.568415658000011e-07
39100.056 5.521541915900402e-07
39150.056 5.884534704600005e-07
39200.056 5.630535668099786e-07
39250.056 6.172619049199635e-07
39300.056 5.825147107499043e-07
39350.056 6.419206547100368e-07
39400.056 6.102588645200488e-07
39450.056 6.212459916899921e-07
39500.056 6.191381297700118e-07
39550.056 6.117505732060809e-07
39600.056 6.543026577298972e-07
39650.056 6.888533192299922e-07
39700.056 6.621102419400471e-07
39750.056 6.039224861300906e-07
39800.056 6.434596293999397e-07
39850.056 7.237329646300019e-07
39900.056 7.100250631000005e-07
39950.056 7.008998425199399e-07
40000.056 7.468723265900456e-07
40050.056 7.127960355800284e-07
40100.056 6.61320062494022e-07
40150.056 7.388003435100009e-07
40200.056 7.574074444498978e-07
40250.056 7.232393176398796e-07
40300.056 7.331117424200618e-07
40350.056 7.229820756699715e-07
40400.056 7.756515067380184e-07
40450.056 7.365548253700491e-07
40500.056 7.614044809000388e-07
40550.056 8.020307414899501e-07
40600.056 7.487233180800449e-07
40650.056 7.497310034469077e-07
40700.056 8.658180504899781e-07
40750.056 7.518112012398702e-07
40800.056 6.857692773498173e-07
40850.056 8.292374761301024e-07
40900.056 8.059169904999977e-07
40950.056 7.64419695740002e-07
41000.056 7.804406124099909e-07
41050.056 8.448113517899369e-07
41100.056 7.657317171299424e-07
41150.056 6.830735628999535e-07
41200.056 8.209418625199953e-07
41250.056 7.636092343899868e-07
41300.056 7.086308611099012e-07
41350.056 8.371842688400449e-07
41400.056 7.762841008100592e-07
41450.056 8.126075612500487e-07
41500.056 7.153389143229578e-07
41550.056 7.112473317100735e-07
41600.056 7.789245951820487e-07
41650.056 7.921226238100492e-07
41700.056 7.290071460499035e-07
41750.056 7.491113101599708e-07
41800.056 8.678346299899861e-07
41850.056 6.199626299300131e-07
41900.056 7.535970918798924e-07
41950.056 8.001621275800695e-07
42000.056 7.838360665700539e-07
42050.056 6.841548590399652e-07
42100.056 8.841336942800665e-07
42150.056 6.635434613000183e-07
42200.056 6.721626531499757e-07
42250.056 7.505909615199572e-07
42300.056 7.007786135499777e-07
42350.056 7.934512526401046e-07
42400.056 7.601715476400773e-07
42450.056 6.567483474900346e-07
42500.056 6.746755076100048e-07
42550.056 6.471718866999925e-07
42600.056 7.085168586200968e-07
42650.056 8.33253731939849e-07
42700.056 7.242461488499238e-07
42750.056 6.467069127900495e-07
42800.056 7.14018364690047e-07
42850.056 7.710986419998518e-07
42900.056 8.004846406300931e-07
42950.056 6.301316718198354e-07
43000.056 7.107855980200223e-07
43050.056 5.276855574221882e-07
43100.056 6.496655278399529e-07
43150.056 6.077860731340524e-07
43200.056 6.494978493399944e-07
43250.056 7.825628941800563e-07
43300.056 7.733263052300146e-07
43350.056 5.617265253498427e-07
43400.056 6.72266049599983e-07
43450.056 6.012239689321054e-07
43500.056 6.338404468499923e-07
43550.056 6.42060593976019e-07
43600.056 7.524935510500624e-07
43650.056 5.815575153980154e-07
43700.056 7.633707718000539e-07
43750.056 7.117420455700743e-07
43800.056 6.776357270399138e-07
43850.056 6.154374828501238e-07
43900.056 6.822840461399404e-07
43950.056 5.356756425799253e-07
44000.056 4.921804536250185e-07
44050.056 6.795311026200118e-07
44100.056 7.7037811340006e-07
44150.056 7.674430177399516e-07
44200.056 6.903393796600112e-07
44250.056 5.686322395900076e-07
44300.056 5.214992386190841e-07
44350.056 5.726355063680846e-07
44400.056 5.579902314409764e-07
44450.056 6.363394219199946e-07
44500.056 6.328416625301202e-07
44550.056 7.099860174899497e-07
44600.056 6.436772211240475e-07
44650.056 6.598527912400452e-07
44700.056 5.370638137099809e-07
44750.056 6.210826025600568e-07
44800.056 6.027459490700468e-07
44850.056 6.765905864500867e-07
44900.056 5.63445199282052e-07
44950.056 5.981121747040306e-07
45000.056 6.272668109600019e-07
45050.056 6.22620651159994e-07
45100.056 6.422179796100043e-07
45150.056 6.269858958569755e-07
45200.056 5.370144511800321e-07
45250.056 5.867924673398868e-07
45300.056 5.629166630300498e-07
45350.056 5.546227870499349e-07
45400.056 6.612774998100501e-07
45450.056 6.291967684099643e-07
45500.056 6.236135955300087e-07
45550.056 6.964916184898941e-07
45600.056 6.775071687100377e-07
45650.056 5.871569843299147e-07
45700.056 5.683864982180415e-07
45750.056 5.494779422879902e-07
45800.056 6.65640776660007e-07
45850.056 7.045214407299923e-07
45900.056 7.135095397600281e-07
45950.056 5.973838509199925e-07
46000.056 6.890071593950512e-07
46050.056 6.301252434500214e-07
46100.056 6.834078135499702e-07
46150.056 5.92851006579964e-07
46200.056 5.889942691900679e-07
46250.056 4.7034115470094096e-07
46300.056 6.372466581699732e-07
46350.056 6.04264033040023e-07
46400.056 6.200079830200199e-07
46450.056 5.855941925500343e-07
46500.056 5.822696959801011e-07
46550.056 5.324629978800034e-07
46600.056 5.975308355779724e-07
46650.056 7.581467610999951e-07
46700.056 6.310897910999892e-07
46750.056 4.985028693280319e-07
46800.056 4.3761829279003813e-07
46850.056 7.315529482400898e-07
46900.056 6.808419867499441e-07
46950.056 6.926053378099841e-07
47000.056 6.252095488000529e-07
47050.056 6.30712137569844e-07
47100.056 4.80881641035052e-07
47150.056 5.738930673260688e-07
47200.056 6.58071228700019e-07
47250.056 5.353200279399705e-07
47300.056 4.4220857821999644e-07
47350.056 6.693224872199732e-07
47400.056 6.673891817299491e-07
47450.056 6.232830224940466e-07
47500.056 6.80952497659963e-07
47550.056 6.164182848200026e-07
47600.056 6.365059144899438e-07
47650.056 5.683053743239011e-07
47700.056 6.045717508681387e-07
47750.056 4.6827947359101253e-07
47800.056 5.174627546400169e-07
47850.056 4.1262384979099577e-07
47900.056 4.980768222879425e-07
47950.056 5.762724008500103e-07
48000.056 7.113037644200453e-07
48050.056 6.395236647900043e-07
48100.056 4.716933063640131e-07
48150.056 5.521118755600357e-07
48200.056 5.415462403899918e-07
48250.056 5.321735369900094e-07
48300.056 6.973258050399131e-07
48350.056 4.77545176160013e-07
48400.056 3.724440214419422e-07
48450.056 5.305426009740994e-07
48500.056 6.288182011599276e-07
48550.056 5.306016326800022e-07
48600.056 5.863023142000073e-07
48650.056 5.9257239023997e-07
48700.056 5.719691704899996e-07
48750.056 3.895715389721395e-07
48800.056 6.629924673000203e-07
48850.056 4.668402580949063e-07
48900.056 6.610924011199938e-07
48950.056 5.102667124800358e-07
49000.056 3.662942582899699e-07
49050.056 5.981471952599494e-07
49100.056 5.896253816500722e-07
49150.056 5.35534902570999e-07
49200.056 6.198472058300564e-07
49250.056 5.950231868500611e-07
49300.056 5.389633158879826e-07
49350.056 3.981176944540598e-07
49400.056 5.199281933399358e-07
49450.056 5.280060029751419e-07
49500.056 4.5593611387997795e-07
49550.056 3.1370924662901756e-07
49600.056 4.422018560100761e-07
49650.056 4.751078859699666e-07
49700.056 4.6204253083189334e-07
49750.056 5.87109552629921e-07
49800.056 4.820929512940112e-07
49850.056 6.269500614800864e-07
49900.056 5.386659929399854e-07
49950.056 4.903696642799701e-07
50000.056 4.872811533499838e-07
50050.056 5.686994886199622e-07
50100.056 4.953081939499953e-07
50150.056 3.690472576899812e-07
50200.056 2.3900280606803345e-07
50250.056 4.780503019799657e-07
50300.056 4.210659849640209e-07
50350.056 5.719669593200548e-07
50400.056 5.01204963049974e-07
50450.056 4.1351077752801775e-07
50500.056 5.339953148600524e-07
50550.056 5.033237857500221e-07
50600.056 4.211653458099223e-07
50650.056 5.351301855300863e-07
50700.056 5.829591855298943e-07
50750.056 4.777953108040625e-07
50800.056 3.315164681799531e-07
50850.056 3.3504744016006985e-07
50900.056 5.674061590299836e-07
50950.056 4.65107460670044e-07
51000.056 5.178031799400364e-07
51050.056 4.840199670199868e-07
51100.056 3.0049860519995954e-07
51150.056 4.0446729468799605e-07
51200.056 6.169867142799572e-07
51250.056 4.3650661464796817e-07
51300.056 3.5659316909210266e-07
51350.056 4.2352943675996495e-07
51400.056 2.846966864669938e-07
51450.056 2.485861961199514e-07
51500.056 2.7486866356406835e-07
51550.056 4.820384474860339e-07
51600.056 3.592732805610187e-07
51650.056 3.6884147775994485e-07
51700.056 4.1750757528893197e-07
51750.056 3.206924430550128e-07
51800.056 4.472338080098927e-07
51850.056 4.090507901199812e-07
51900.056 5.627562853900563e-07
51950.056 4.403857601799666e-07
52000.056 2.2501630261897088e-07
52050.056 3.641979418990216e-07
52100.056 2.941522677399939e-07
52150.056 2.67044779669014e-07
52200.056 2.875697566959887e-07
52250.056 3.511984379700266e-07
52300.056 5.119460318099737e-07
52350.056 3.8222370507800256e-07
52400.056 2.819237088210314e-07
52450.056 4.212512353700295e-07
52500.056 4.4267856382091407e-07
52550.056 4.28777524729944e-07
52600.056 3.751345692080412e-07
52650.056 3.870855270670634e-07
52700.056 3.370137130840035e-07
52750.056 2.5549083325599143e-07
52800.056 3.028962290600293e-07
52850.056 3.2273617208091867e-07
52900.056 3.121253576349682e-07
52950.056 3.290997081579993e-07
53000.056 4.278039324090093e-07
53050.056 2.6660853848392217e-07
53100.056 3.535684282199687e-07
53150.056 4.813641746700304e-07
53200.056 2.440349918499807e-07
53250.056 4.247990306000273e-07
53300.056 4.3185874498320075e-07
53350.056 4.212879127699859e-07
53400.056 4.159898734300095e-07
53450.056 2.6752715296499156e-07
53500.056 1.8169458271895427e-07
53550.056 2.678741154779673e-07
53600.056 3.6311080801405767e-07
53650.056 2.7500396076197907e-07
53700.056 2.728766396870204e-07
53750.056 2.8435822531899854e-07
