galfind/configs/Brown_Dwarf_templates/sonora_bobcat/m-0.5/100g/sp_t900g100nc_m-0.5_resample.dat
# %ECSV 1.0
# ---
# datatype:
# - {name: wav, unit: Angstrom, datatype: float64}
# - {name: flux_nu, unit: erg / (cm2 Hz s), datatype: float64}
# meta: {C/O: '1.00', Kzz: '1.0000E+05', Teff: '900.', Y: '0.28', '[Fe/H]': '-0.50', f_hole: '1.00', f_rain: '0.00', grav: '100.'}
# schema: astropy-2.0
wav flux_nu
4000.0559999999996 nan
4050.0559999999996 2.505965597231174e-13
4100.056 1.1822097376359309e-11
4150.056 3.2200879708401696e-11
4200.056 2.8749346969412036e-11
4250.056 5.3826270573703136e-11
4300.056 6.992183056300528e-11
4350.056 7.719525405500255e-11
4400.056 9.580948621600212e-11
4450.056 1.0672815270500182e-10
4500.056 1.0916771266300569e-10
4550.056 1.289571543910116e-10
4600.056 1.2805453631300002e-10
4650.056 1.1623364520899429e-10
4700.056 1.1280035532800063e-10
4750.056 6.288720345399958e-11
4800.056 1.8577851383299862e-11
4850.056 4.860011444299917e-12
4900.056 1.7582644408999845e-12
4950.056 6.680072121699924e-13
5000.056 1.7578637910499734e-13
5050.056 4.760545599699973e-14
5100.056 3.346083021199992e-14
5150.056 2.6986259926999836e-14
5200.056 2.2436818865999952e-14
5250.056 1.9112770034999947e-14
5300.056 1.6949061720999977e-14
5350.056 1.5759722072999992e-14
5400.056 1.529127420499997e-14
5450.056 1.5018550977999926e-14
5500.056 1.4838905158999984e-14
5550.056 1.4708379789e-14
5600.056 1.4572406527999965e-14
5650.056 1.4275259087000016e-14
5700.056 1.3764823399000007e-14
5750.056 1.236838154899997e-14
5800.056 1.005580557709997e-14
5850.056 6.2835866202999255e-15
5900.056 1.7598722255728449e-15
5950.056 1.3461490154300182e-14
6000.056 3.2007660948000327e-14
6050.056 6.072006685200045e-14
6100.056 1.0417971586000046e-13
6150.056 1.71247927050001e-13
6200.056 2.769498653900015e-13
6250.056 4.485301686900027e-13
6300.056 7.251820738600054e-13
6350.056 1.1873900099000092e-12
6400.056 1.969458043800013e-12
6450.056 3.2743236245000075e-12
6500.056 5.448517906500032e-12
6550.056 8.994779282100063e-12
6600.056 1.468556806800017e-11
6650.056 2.346780215600017e-11
6700.056 2.946049094443022e-11
6750.056 5.340057941500033e-11
6800.056 7.35352646890003e-11
6850.056 8.606932757000009e-11
6900.056 8.244501403300023e-11
6950.056 7.265129477899981e-11
7000.056 7.178802606800039e-11
7050.056 7.858570912999956e-11
7100.056 8.669763941399996e-11
7150.056 8.936871509299904e-11
7200.056 8.64034457530015e-11
7250.056 7.947876010999702e-11
7300.056 6.817811630300028e-11
7350.056 5.704187680199931e-11
7400.056 4.6703188566000405e-11
7450.056 3.6775289300000116e-11
7500.056 2.7749513536999848e-11
7550.056 1.9701920134999867e-11
7600.056 1.3552123567399876e-11
7650.056 2.931235571105831e-12
7700.056 1.6017365440451005e-12
7750.056 1.1586581230300264e-11
7800.056 2.3685020526000486e-11
7850.056 5.431612458700056e-11
7900.056 9.670597072400081e-11
7950.056 1.2724678111034206e-10
8000.056 2.643784045000031e-10
8050.056 4.002739582300058e-10
8100.056 5.601435882199994e-10
8150.056 7.595394830239995e-10
8200.056 1.0584744654400383e-09
8250.056 1.3668456189160187e-09
8300.056 1.766312712220126e-09
8350.056 2.2106719365799355e-09
8400.056 2.7511637434599277e-09
8450.056 3.4531606292999527e-09
8500.056 3.756171555363778e-09
8550.056 4.922876539700142e-09
8600.056 6.205666923100056e-09
8650.056 7.272421524400061e-09
8700.056 8.568221663199933e-09
8750.056 1.0021433880900089e-08
8800.056 1.1543006036200132e-08
8850.056 1.2768327712999951e-08
8900.056 1.2037364687299609e-08
8950.056 1.1144452956994939e-08
9000.056 1.4304519909298488e-08
9050.056 1.985887804347036e-08
9100.056 2.2549633769790715e-08
9150.056 2.4394519585911397e-08
9200.056 2.835252403507729e-08
9250.056 2.8758708642490693e-08
9300.056 1.5339190821601243e-08
9350.056 1.91618258713861e-08
9400.056 2.7480584313332846e-08
9450.056 3.08986120658485e-08
9500.056 3.0330762627154535e-08
9550.056 3.375963164227597e-08
9600.056 3.432505390351127e-08
9650.056 3.9286533174435166e-08
9700.056 4.7979667213170115e-08
9750.056 5.14699757408478e-08
9800.056 5.765973995283315e-08
9850.056 6.50178910526999e-08
9900.056 6.675074504429666e-08
9950.056 6.80399376639988e-08
10000.056 5.641679993079806e-08
10050.056 7.620489622299976e-08
10100.056 8.875095448499892e-08
10150.056 9.678402078099423e-08
10200.056 1.0793007815500047e-07
10250.056 1.1884938525800113e-07
10300.056 1.2994939109899834e-07
10350.056 1.4432016560400292e-07
10400.056 1.5906924452999814e-07
10450.056 1.6907982194999678e-07
10500.056 1.7546094851999946e-07
10550.056 1.8248988996000171e-07
10600.056 1.9190450768999585e-07
10650.056 2.0239518404000636e-07
10700.056 2.1023629707400677e-07
10750.056 2.1865463400200531e-07
10800.056 2.2440549066200348e-07
10850.056 2.2653338191599637e-07
10900.056 1.9565764942199678e-07
10950.056 1.343647892680041e-07
11000.056 1.1040062768326259e-07
11050.056 8.616403987323377e-08
11100.056 6.699996479158218e-08
11150.056 4.817084814071847e-08
11200.056 4.925645842186531e-08
11250.056 5.9336099079167006e-08
11300.056 6.08870795712861e-08
11350.056 3.237962368958357e-08
11400.056 5.6578429022673523e-08
11450.056 4.826535361119274e-08
11500.056 4.783340184464443e-08
11550.056 2.8579289747888356e-08
11600.056 3.040171358760652e-08
11650.056 4.238535948059481e-08
11700.056 4.1079344608455236e-08
11750.056 2.2846831160479357e-08
11800.056 4.9127132941617956e-08
11850.056 7.304989338785848e-08
11900.056 8.647957832505283e-08
11950.056 1.1353651358220574e-07
12000.056 1.3633643445559853e-07
12050.056 1.6463049430102183e-07
12100.056 1.9302016399598938e-07
12150.056 2.2698110697598866e-07
12200.056 2.5514151055398127e-07
12250.056 2.881439921989791e-07
12300.056 3.255440429760149e-07
12350.056 3.3773206883000153e-07
12400.056 3.613331287399902e-07
12450.056 3.5771306810000887e-07
12500.056 3.75481879160003e-07
12550.056 4.002962523900176e-07
12600.056 4.7271993469001256e-07
12650.056 4.715919458700001e-07
12700.056 4.798872651100344e-07
12750.056 4.590971791130169e-07
12800.056 4.535800354640058e-07
12850.056 3.9613040394802264e-07
12900.056 3.5932425516272153e-07
12950.056 3.491238227682941e-07
13000.056 3.428940426620817e-07
13050.056 3.0949034097463355e-07
13100.056 2.9334956839428604e-07
13150.056 2.4698052098940064e-07
13200.056 2.2085040304275415e-07
13250.056 1.7303978563508355e-07
13300.056 9.486330989586579e-08
13350.056 3.3610340302199025e-08
13400.056 2.0681444915648212e-08
13450.056 1.2039930650118655e-08
13500.056 7.927364276002732e-09
13550.056 5.5809490047851935e-09
13600.056 3.292021011031785e-09
13650.056 7.944232657293301e-09
13700.056 6.0337499778773665e-09
13750.056 7.25442705402435e-09
13800.056 8.585263168067367e-09
13850.056 6.700012919182742e-09
13900.056 6.9883819417910964e-09
13950.056 6.476973239267885e-09
14000.056 6.264267816517214e-09
14050.056 7.655546666290974e-09
14100.056 6.6025490168368004e-09
14150.056 9.455861187395972e-09
14200.056 7.336289743296521e-09
14250.056 7.732048888481277e-09
14300.056 1.2702198297109327e-08
14350.056 1.2874155180582334e-08
14400.056 1.4153481835827119e-08
14450.056 1.613360073426043e-08
14500.056 2.6955662858932627e-08
14550.056 2.9514590109254278e-08
14600.056 3.823152120904835e-08
14650.056 3.7201830308775653e-08
14700.056 2.9504341033255768e-08
14750.056 3.419610766850119e-08
14800.056 4.426974725987053e-08
14850.056 4.8116941350885626e-08
14900.056 4.933024523484277e-08
14950.056 5.514678373518258e-08
15000.056 6.562205371877111e-08
15050.056 7.382595615044719e-08
15100.056 7.728976908777356e-08
15150.056 8.368979496028494e-08
15200.056 8.959738622854772e-08
15250.056 1.1340938925746218e-07
15300.056 1.2667333235767867e-07
15350.056 1.4471208720079406e-07
15400.056 1.628477885384269e-07
15450.056 1.7960783987021433e-07
15500.056 1.898591568389785e-07
15550.056 2.1429552622600451e-07
15600.056 2.2876844688700227e-07
15650.056 2.4062112950600765e-07
15700.056 2.658625323030315e-07
15750.056 2.7552061380999084e-07
15800.056 2.7599216632001513e-07
15850.056 2.8538174318000345e-07
15900.056 2.6747856390000653e-07
15950.056 2.5071022668998025e-07
16000.056 2.1419652329200618e-07
16050.056 1.617489954859935e-07
16100.056 1.2451535384698896e-07
16150.056 9.0579073480048e-08
16200.056 6.448422812228783e-08
16250.056 5.6613005634095174e-08
16300.056 4.70667539764446e-08
16350.056 5.246283307105185e-08
16400.056 6.104563300147215e-08
16450.056 6.516066073854693e-08
16500.056 6.975871859539688e-08
16550.056 6.749362109694678e-08
16600.056 6.85800436355277e-08
16650.056 5.229960216092354e-08
16700.056 2.1623190405658758e-08
16750.056 3.141602518022804e-08
16800.056 4.8235205753829826e-08
16850.056 5.13528478036749e-08
16900.056 4.315066820155014e-08
16950.056 3.555443153770389e-08
17000.056 2.7826490053514196e-08
17050.056 4.072167980124085e-08
17100.056 4.985593729527075e-08
17150.056 4.00711541307634e-08
17200.056 5.815870956184872e-08
17250.056 5.046401053060264e-08
17300.056 4.104946175040204e-08
17350.056 3.813202689283985e-08
17400.056 4.2747043764296386e-08
17450.056 4.6801279288056506e-08
17500.056 5.250064382520874e-08
17550.056 4.8670310476763504e-08
17600.056 4.303503898982608e-08
17650.056 4.223869610245351e-08
17700.056 3.3800662995369636e-08
17750.056 3.1419564523120096e-08
17800.056 4.1682244455378214e-08
17850.056 2.9586950741517662e-08
17900.056 2.8506200245173397e-08
17950.056 2.3883472806607077e-08
18000.056 2.7142722472077578e-08
18050.056 2.519314558413194e-08
18100.056 2.6930935732657162e-08
18150.056 3.241389534301036e-08
18200.056 2.1311887147474603e-08
18250.056 4.032114085326143e-08
18300.056 2.6842530857391945e-08
18350.056 2.3226745875244364e-08
18400.056 2.180843294044477e-08
18450.056 2.7420587377389973e-08
18500.056 2.8943927597028533e-08
18550.056 2.3146436108031218e-08
18600.056 2.0382814328213602e-08
18650.056 1.9431625515982916e-08
18700.056 1.767320093242037e-08
18750.056 2.3335486575852695e-08
18800.056 3.810909409400783e-08
18850.056 4.1493382678902005e-08
18900.056 3.9230012476660206e-08
18950.056 5.4611994023168936e-08
19000.056 3.9709391426185386e-08
19050.056 3.069146893483138e-08
19100.056 4.540138698761337e-08
19150.056 3.374693618448378e-08
19200.056 4.0139290695511405e-08
19250.056 3.125728774508092e-08
19300.056 2.8960368881599757e-08
19350.056 2.55574220231989e-08
19400.056 1.9351076756400177e-08
19450.056 3.087804641335657e-08
19500.056 2.949415380339963e-08
19550.056 2.4226754200900807e-08
19600.056 3.146707190370315e-08
19650.056 3.4686661487541013e-08
19700.056 3.5095816859447254e-08
19750.056 3.901856582118166e-08
19800.056 3.9348933626268625e-08
19850.056 4.807262893877125e-08
19900.056 4.1732620981944535e-08
19950.056 5.806091750731136e-08
20000.056 5.448332243725034e-08
20050.056 5.850999084886814e-08
20100.056 6.755594025113493e-08
20150.056 6.235794891818115e-08
20200.056 6.626245201314184e-08
20250.056 7.645727085895754e-08
20300.056 7.679605244846793e-08
20350.056 8.297587843326813e-08
20400.056 8.158954926087887e-08
20450.056 9.315694328439566e-08
20500.056 9.875907158017107e-08
20550.056 9.928467657001111e-08
20600.056 1.064148463660201e-07
20650.056 1.0886974676700424e-07
20700.056 1.1110689168111536e-07
20750.056 1.1365933304909255e-07
20800.056 1.149618157395889e-07
20850.056 1.143114446719973e-07
20900.056 1.168862044279816e-07
20950.056 1.1375143078100331e-07
21000.056 1.1145179289600946e-07
21050.056 1.1031331034399389e-07
21100.056 1.0670968281500435e-07
21150.056 1.0667657301998423e-07
21200.056 1.0124374950200392e-07
21250.056 9.742574886438357e-08
21300.056 8.916295210509007e-08
21350.056 8.81527605240957e-08
21400.056 8.517654575821937e-08
21450.056 7.96367316771487e-08
21500.056 7.520080046040438e-08
21550.056 7.032068295974402e-08
21600.056 6.449032016618172e-08
21650.056 5.78282515683e-08
21700.056 5.799304312280172e-08
21750.056 5.1864826175009784e-08
21800.056 4.572681356019385e-08
21850.056 4.208825594665545e-08
21900.056 3.371086824366786e-08
21950.056 2.3078784885963576e-08
22000.056 1.1033087346374696e-08
22050.056 8.922252047783661e-09
22100.056 1.4930022585492677e-08
22150.056 1.8226837934309673e-08
22200.056 1.9985109183356208e-08
22250.056 1.7782486929157982e-08
22300.056 1.435614188026442e-08
22350.056 1.4431847713277752e-08
22400.056 1.0565088245624745e-08
22450.056 9.990518873396454e-09
22500.056 9.486493051622808e-09
22550.056 7.90587938311407e-09
22600.056 8.061597155718547e-09
22650.056 9.020814907206408e-09
22700.056 7.676822634653448e-09
22750.056 8.0316115959156e-09
22800.056 7.730674712799363e-09
22850.056 6.820375763966741e-09
22900.056 6.157267653120561e-09
22950.056 5.765620096626892e-09
23000.056 7.254564840699977e-09
23050.056 9.108502659763655e-09
23100.056 1.6151538215679106e-08
23150.056 1.6116927009903907e-08
23200.056 4.448792017458659e-09
23250.056 6.339874935141934e-09
23300.056 5.696782428956802e-09
23350.056 5.908139075263376e-09
23400.056 6.3174277890768644e-09
23450.056 5.849441718818485e-09
23500.056 6.425029416378718e-09
23550.056 8.113745480648714e-09
23600.056 9.360811576891642e-09
23650.056 1.2094996141496027e-08
23700.056 6.936361146288578e-09
23750.056 6.024608019748309e-09
23800.056 7.658529876854375e-09
23850.056 8.295170461919522e-09
23900.056 1.2450222552486625e-08
23950.056 1.2505849578285213e-08
24000.056 1.4845303580512512e-08
24050.056 1.7109674734927198e-08
24100.056 1.595780220952182e-08
24150.056 1.874603960569215e-08
24200.056 1.778743077205611e-08
24250.056 1.5771240978619406e-08
24300.056 1.9537984228643363e-08
24350.056 1.7107404233377564e-08
24400.056 2.2741786789274873e-08
24450.056 2.2217521906388993e-08
24500.056 2.243971409727541e-08
24550.056 2.6643073515479095e-08
24600.056 2.7030383741435405e-08
24650.056 3.3484617040214344e-08
24700.056 2.5272896363574136e-08
24750.056 2.8068164237506456e-08
24800.056 2.843935799061789e-08
24850.056 3.780996424720032e-08
24900.056 2.3598203403684612e-08
24950.056 3.814274357078518e-08
25000.056 3.456314611787955e-08
25050.056 2.5434019162658927e-08
25100.056 3.473223850682979e-08
25150.056 2.439665964245609e-08
25200.056 3.143289038054786e-08
25250.056 2.1288538175884632e-08
25300.056 2.991932384922428e-08
25350.056 1.8681134281750237e-08
25400.056 3.198604623545073e-08
25450.056 1.8665728791913442e-08
25500.056 1.902153312648245e-08
25550.056 2.1666581630674888e-08
25600.056 1.8875119735250102e-08
25650.056 1.3612744753207953e-08
25700.056 2.444387346846136e-08
25750.056 1.1404802572518724e-08
25800.056 2.6286321519203596e-08
25850.056 1.2616236839359966e-08
25900.056 1.7646589641167006e-08
25950.056 1.0087611227152014e-08
26000.056 2.699401528260375e-08
26050.056 1.543275805389014e-08
26100.056 2.658673052401766e-08
26150.056 2.035496348285058e-08
26200.056 2.2874607706938567e-08
26250.056 3.757336937844123e-08
26300.056 2.4586754425723198e-08
26350.056 4.4114238485725085e-08
26400.056 4.294953435627365e-08
26450.056 4.4655823222734116e-08
26500.056 5.064326025194366e-08
26550.056 2.789389970256235e-08
26600.056 3.8809066442313665e-08
26650.056 1.7865968209643714e-08
26700.056 1.6586461618616367e-08
26750.056 1.1683000598206057e-08
26800.056 1.938658913924866e-08
26850.056 1.1401994464528174e-08
26900.056 2.5984632513402756e-08
26950.056 1.3605806043817316e-08
27000.056 3.340614940591586e-08
27050.056 2.7304601542933872e-08
27100.056 1.932276098677194e-08
27150.056 3.783844182519784e-08
27200.056 2.0849287966406626e-08
27250.056 2.685936380690537e-08
27300.056 5.849112894193795e-08
27350.056 4.2323605709482174e-08
27400.056 1.2879261681476817e-08
27450.056 5.158342641750976e-08
27500.056 5.062471769796136e-08
27550.056 2.2893645671105504e-08
27600.056 4.1054971042358616e-08
27650.056 2.038000589698355e-08
27700.056 1.654090571535836e-08
27750.056 4.341305852833698e-08
27800.056 1.978173761019675e-08
27850.056 2.496136645336063e-08
27900.056 2.6506832437713778e-08
27950.056 4.5701851607192667e-08
28000.056 3.6381048736025443e-08
28050.056 1.3545065635607876e-08
28100.056 4.4009517200013056e-08
28150.056 2.945229423091063e-08
28200.056 1.5942134548171465e-08
28250.056 4.54447718045072e-08
28300.056 5.295893402747413e-08
28350.056 2.073030745247301e-08
28400.056 3.64199367193924e-08
28450.056 4.850680132212752e-08
28500.056 3.7521861321756154e-08
28550.056 1.5784742919788487e-08
28600.056 5.3939438200933366e-08
28650.056 4.3744972997037794e-08
28700.056 4.1571489368428345e-08
28750.056 5.8071033687820523e-08
28800.056 4.5982012574226986e-08
