galfind/configs/Brown_Dwarf_templates/sonora_bobcat/m-0.5/100g/sp_t600g100nc_m-0.5_resample.dat
# %ECSV 1.0
# ---
# datatype:
# - {name: wav, unit: Angstrom, datatype: float64}
# - {name: flux_nu, unit: erg / (cm2 Hz s), datatype: float64}
# meta: {C/O: '1.00', Kzz: '1.0000E+05', Teff: '600.', Y: '0.28', '[Fe/H]': '-0.50', f_hole: '1.00', f_rain: '0.00', grav: '100.'}
# schema: astropy-2.0
wav flux_nu
[from data line 498]
28900.056 2.156363074275012e-09
28950.056 3.89147342102964e-09
29000.056 3.136571082820895e-09
29050.056 4.208675249602073e-09
29100.056 2.5741216351218563e-09
29150.056 4.1108781503866346e-09
29200.056 3.931514612178002e-09
29250.056 6.005305882862356e-09
29300.056 2.840621233900146e-09
29350.056 8.50061848064378e-09
29400.056 3.811118179029375e-09
29450.056 3.911857857220202e-09
29500.056 6.3937572022278385e-09
29550.056 3.762701955049299e-09
29600.056 5.110373263009253e-09
29650.056 8.502231196650739e-09
29700.056 3.725863241107645e-09
29750.056 7.175180014462408e-09
29800.056 6.839333090750801e-09
29850.056 8.248572248789646e-09
29900.056 6.426369612181419e-09
29950.056 6.255394127182795e-09
30000.056 3.624076122328877e-10
30050.056 1.0478690391813856e-09
30100.056 2.3764045517401473e-09
30150.056 6.251493511557684e-09
30200.056 5.433479216850983e-09
30250.056 1.0668891671164654e-08
30300.056 1.1504647377598837e-08
30350.056 5.780588523464494e-09
30400.056 1.2627554379688619e-08
30450.056 7.785418140851849e-09
30500.056 7.850220875994446e-09
30550.056 6.724753888011352e-09
30600.056 1.536457271481769e-08
30650.056 8.59818816419872e-09
30700.056 7.2726242854363514e-09
30750.056 1.1127241828060124e-08
30800.056 8.24386275710317e-09
30850.056 8.808043101556215e-09
30900.056 5.491479783608758e-09
30950.056 5.915227718894246e-09
31000.056 5.768479233577454e-09
31050.056 5.864657082542239e-09
31100.056 3.5241829897849335e-09
31150.056 6.1767767195360825e-09
31200.056 9.473605728611636e-09
31250.056 5.710786719773844e-09
31300.056 4.265313670866233e-09
31350.056 6.063979676912113e-09
31400.056 4.386085411840265e-09
31450.056 5.000189494148675e-09
31500.056 2.366042657896859e-09
31550.056 3.517281394666563e-09
31600.056 2.373375009894857e-09
31650.056 2.179517409482359e-09
31700.056 2.3646501752383547e-09
31750.056 1.2634724120410154e-09
31800.056 2.5725375601103494e-09
31850.056 8.192963052663787e-10
31900.056 1.5954332435414327e-09
31950.056 8.843431453143639e-10
32000.056 1.1218051125877194e-09
32050.056 1.3169298365083886e-09
32100.056 1.1180781023623885e-09
32150.056 1.4792795757636206e-09
32200.056 8.263179364763608e-10
32250.056 1.949005649941046e-09
32300.056 7.556641896044371e-10
32350.056 1.920533924558016e-09
32400.056 6.322778931737736e-10
32450.056 1.6650822822554416e-09
32500.056 8.925988396634299e-10
32550.056 1.3630195341332003e-09
32600.056 1.2278843417210425e-09
32650.056 2.77799035695071e-09
32700.056 1.6513849068329307e-09
32750.056 4.0476753890301905e-09
32800.056 3.3813516290863953e-09
32850.056 5.275606450829489e-09
32900.056 5.162564173204684e-09
32950.056 5.609657563097251e-09
33000.056 3.3488913231055695e-09
33050.056 3.970896306813387e-09
33100.056 1.2369864824336643e-09
33150.056 1.018244993634766e-11
33200.056 5.223278640031507e-11
33250.056 5.044582173006437e-11
33300.056 1.643641885766225e-10
33350.056 4.913601132946155e-10
33400.056 1.1844675184662565e-09
33450.056 1.3332755337049473e-09
33500.056 3.580457937552624e-09
33550.056 1.4389887900560543e-09
33600.056 3.261098131723538e-09
33650.056 3.1305272743279223e-09
33700.056 1.7565804274771715e-09
33750.056 4.3168806406973886e-09
33800.056 1.0566645456016556e-09
33850.056 2.5743660656337467e-09
33900.056 2.4229731206658926e-09
33950.056 2.0929638991139847e-09
34000.056 3.767651865805144e-09
34050.056 9.764886582211924e-10
34100.056 3.287775769108099e-09
34150.056 1.71061185541127e-09
34200.056 3.2398714551211115e-09
34250.056 2.5555782608916747e-09
34300.056 2.1086325208190925e-09
34350.056 3.1510141862976873e-09
34400.056 1.5262221802015782e-09
34450.056 3.6033137297253706e-09
34500.056 2.4338626047636613e-09
34550.056 1.2981164983593908e-09
34600.056 4.8382151753605204e-09
34650.056 1.517623713837791e-09
34700.056 3.745701579493198e-09
34750.056 2.8314165169760154e-09
34800.056 2.147139035563058e-09
34850.056 4.9986749963579515e-09
34900.056 2.6107605467850757e-09
34950.056 4.505427548678493e-09
35000.056 8.544654224458194e-09
35050.056 3.5848650555475285e-09
35100.056 7.784151182605759e-09
35150.056 7.082346271115248e-09
35200.056 5.901191790381001e-09
35250.056 1.0219527599025816e-08
35300.056 4.976973286295501e-09
35350.056 6.5842548500131e-09
35400.056 6.866694190519216e-09
35450.056 4.579244097551542e-09
35500.056 1.353324177197642e-08
35550.056 9.332739104214963e-09
35600.056 9.151728921186504e-09
35650.056 1.0112083814432494e-08
35700.056 8.96243507565361e-09
35750.056 1.4199734976649292e-08
35800.056 1.5293758610581397e-08
35850.056 7.179675018402729e-09
35900.056 1.0702028916842113e-08
35950.056 1.2446830570598642e-08
36000.056 1.2236771047972143e-08
36050.056 1.0283993727895453e-08
36100.056 9.696496669274276e-09
36150.056 1.5115645401495096e-08
36200.056 1.7290981013025318e-08
36250.056 1.3045200198005029e-08
36300.056 2.2642864486961726e-08
36350.056 1.688956437759015e-08
36400.056 2.1220121547141177e-08
36450.056 2.1457222101462073e-08
36500.056 2.444923226868038e-08
36550.056 2.9103113657481796e-08
36600.056 3.319495170239005e-08
36650.056 2.7190592383695305e-08
36700.056 2.7674529279549308e-08
36750.056 3.3830459146213606e-08
36800.056 3.6617583205696585e-08
36850.056 2.7000184877651408e-08
36900.056 3.560280098547386e-08
36950.056 3.812666360179238e-08
37000.056 3.058476882213203e-08
37050.056 3.989951239132836e-08
37100.056 3.353174740079388e-08
37150.056 3.328692642120021e-08
37200.056 4.5256730121391256e-08
37250.056 3.4043251962452595e-08
37300.056 2.9350005460254274e-08
37350.056 4.053402082014875e-08
37400.056 5.654325985719986e-08
37450.056 3.1954543150417395e-08
37500.056 3.689937649253895e-08
37550.056 5.676220879642766e-08
37600.056 7.072280488421442e-08
37650.056 3.340446236711321e-08
37700.056 5.7538315775984836e-08
37750.056 4.055830312294684e-08
37800.056 4.446635908433468e-08
37850.056 2.800385037535281e-08
37900.056 3.3701777732476246e-08
37950.056 5.137089974277454e-08
38000.056 5.2022415181787734e-08
38050.056 5.96172484940201e-08
38100.056 6.918060980527143e-08
38150.056 7.237245512159935e-08
38200.056 6.834363734125507e-08
38250.056 6.435421339206965e-08
38300.056 9.240225908397558e-08
38350.056 9.22098340040244e-08
38400.056 5.234425769619615e-08
38450.056 4.059432189333675e-08
38500.056 2.8444675960005414e-08
38550.056 5.865375839101954e-08
38600.056 5.8318211174389424e-08
38650.056 6.435256129028672e-08
38700.056 6.512623605759691e-08
38750.056 6.219857578560749e-08
38800.056 6.169441212388801e-08
38850.056 6.532686385750534e-08
38900.056 8.367491814594888e-08
38950.056 5.940729686487982e-08
39000.056 7.576457908128243e-08
39050.056 6.428699706082836e-08
39100.056 7.29188314846562e-08
39150.056 8.716195869190077e-08
39200.056 7.165994044078734e-08
39250.056 9.373224467939987e-08
39300.056 7.632213737718437e-08
39350.056 1.0650688026940386e-07
39400.056 7.862647297226036e-08
39450.056 9.404033139301226e-08
39500.056 9.847962098201392e-08
39550.056 7.10046414280171e-08
39600.056 9.582841228119649e-08
39650.056 1.1570326512498814e-07
39700.056 1.0521286220101248e-07
39750.056 7.133116904320744e-08
39800.056 8.314507217469969e-08
39850.056 1.2699453117600654e-07
39900.056 1.3000551592800521e-07
39950.056 8.963394341188647e-08
40000.056 1.2410348751200638e-07
40050.056 1.2187554819200013e-07
40100.056 7.362250713770603e-08
40150.056 1.201138840322068e-07
40200.056 1.231272270539711e-07
40250.056 1.3048038910696816e-07
40300.056 1.2913669165601158e-07
40350.056 1.0323016617858084e-07
40400.056 1.344760797380047e-07
40450.056 9.234298454384849e-08
40500.056 1.399359913439872e-07
40550.056 1.4850118123935635e-07
40600.056 1.3040779798100954e-07
40650.056 1.1432720326651673e-07
40700.056 1.7428986747198865e-07
40750.056 1.2951405369097534e-07
40800.056 9.750586332095989e-08
40850.056 1.8264306600403466e-07
40900.056 1.6350791340919107e-07
40950.056 1.4434541702101932e-07
41000.056 1.309837035189909e-07
41050.056 1.8725159108796547e-07
41100.056 1.6347849366199295e-07
41150.056 9.812937456691359e-08
41200.056 1.8166751680101026e-07
41250.056 1.5850600897078762e-07
41300.056 1.537213671779933e-07
41350.056 1.905230841079914e-07
41400.056 1.6902521743001614e-07
41450.056 1.969005327259824e-07
41500.056 1.4551387348473322e-07
41550.056 1.403738131570415e-07
41600.056 1.5583365212131825e-07
41650.056 1.790173815030127e-07
41700.056 1.8537365563996184e-07
41750.056 1.6643203479297936e-07
41800.056 1.8638555580703876e-07
41850.056 1.5132569983608198e-07
41900.056 1.614372536971611e-07
41950.056 1.699793986290164e-07
42000.056 1.3981300028783033e-07
42050.056 1.3415641521594837e-07
42100.056 1.7486075319797817e-07
42150.056 1.4398154315800826e-07
42200.056 1.4389925912499278e-07
42250.056 1.4583075050800457e-07
42300.056 1.3997388645079632e-07
42350.056 1.7621166128201512e-07
42400.056 1.858559303900185e-07
42450.056 1.6184220482504005e-07
42500.056 1.6473727661798806e-07
42550.056 1.4685835145797868e-07
42600.056 1.6450056264654864e-07
42650.056 2.2244616337994742e-07
42700.056 1.5081360384635316e-07
42750.056 1.5399775989402048e-07
42800.056 1.9492300542302053e-07
42850.056 2.0989859761094688e-07
42900.056 2.2316202548003343e-07
42950.056 1.7262268814196974e-07
43000.056 1.9722819925601232e-07
43050.056 1.1990983597502765e-07
43100.056 1.7541835783898527e-07
43150.056 1.4985573464401533e-07
43200.056 1.9088198870500785e-07
43250.056 2.4413422101001734e-07
43300.056 2.350197768380034e-07
43350.056 1.4057442538096268e-07
43400.056 1.9125238599800343e-07
43450.056 1.4592851991201839e-07
43500.056 1.5606611127402524e-07
43550.056 1.6176480374851488e-07
43600.056 2.1883362667002445e-07
43650.056 1.4838830952400296e-07
43700.056 2.4474360002703315e-07
43750.056 2.135380030980015e-07
43800.056 1.9872086558198338e-07
43850.056 1.8006113278502544e-07
43900.056 1.718229586359816e-07
43950.056 1.2133987459598508e-07
44000.056 1.1356334829899956e-07
44050.056 2.241180611790057e-07
44100.056 2.780402102470029e-07
44150.056 2.622886324549955e-07
44200.056 2.3215393613700184e-07
44250.056 1.5180100239899816e-07
44300.056 1.25774939374022e-07
44350.056 1.4520613391943252e-07
44400.056 1.3561190236798904e-07
44450.056 2.0701889366700204e-07
44500.056 1.91372529819037e-07
44550.056 2.522456219499801e-07
44600.056 2.2851402825080585e-07
44650.056 2.0656471088001416e-07
44700.056 1.477995583009895e-07
44750.056 2.0162473870304223e-07
44800.056 1.6413312945101452e-07
44850.056 2.2181696235201358e-07
44900.056 1.7556669595200876e-07
44950.056 2.0096181106201335e-07
45000.056 2.20416013641009e-07
45050.056 2.082561238499799e-07
45100.056 1.9801244017700672e-07
45150.056 1.9438613810087707e-07
45200.056 1.529996125600114e-07
45250.056 1.7675748358395902e-07
45300.056 1.5466274701802176e-07
45350.056 1.429536239338141e-07
45400.056 2.6381255279002617e-07
45450.056 2.3531566644001818e-07
45500.056 2.544498901780137e-07
45550.056 2.7099748577193756e-07
45600.056 2.6044352788003415e-07
45650.056 2.1847118662599722e-07
45700.056 1.5834003844059446e-07
45750.056 1.5106873085570327e-07
45800.056 2.83616119412011e-07
45850.056 2.5065290270899355e-07
45900.056 2.788521664079964e-07
45950.056 2.318521707009984e-07
46000.056 2.6394819627703134e-07
46050.056 2.0813491187699626e-07
46100.056 2.9660953095998357e-07
46150.056 1.9842450755500306e-07
46200.056 1.8254579449298683e-07
46250.056 9.594170118532773e-08
46300.056 2.0514864654199906e-07
46350.056 2.151049139400231e-07
46400.056 1.974062792900083e-07
46450.056 1.7996988221490797e-07
46500.056 1.9931428958504417e-07
46550.056 1.3053445348900816e-07
46600.056 1.770422899981764e-07
46650.056 2.506906143630171e-07
46700.056 1.7815162803696157e-07
46750.056 1.1111717375441496e-07
46800.056 8.152941120240328e-08
46850.056 2.447377079240303e-07
46900.056 2.3637380887499156e-07
46950.056 2.2740567347098168e-07
47000.056 2.2142249813503094e-07
47050.056 1.7812803471634194e-07
47100.056 1.3065336726881385e-07
47150.056 1.8449221389202748e-07
47200.056 2.1757875192599078e-07
47250.056 1.368249925849864e-07
47300.056 9.545086640219181e-08
47350.056 2.4602676076199845e-07
47400.056 2.1332489476398126e-07
47450.056 1.9338805327162652e-07
47500.056 2.420497283579777e-07
47550.056 2.111739672370074e-07
47600.056 2.100713959939856e-07
47650.056 2.1354192956998205e-07
47700.056 1.7527250531804625e-07
47750.056 1.3601088301600287e-07
47800.056 1.2625330109701404e-07
47850.056 7.61447305159106e-08
47900.056 1.0823252193338896e-07
47950.056 1.9434285625600466e-07
48000.056 2.493296264800169e-07
48050.056 2.189821812059889e-07
48100.056 1.0897006575040782e-07
48150.056 1.7341150362500305e-07
48200.056 1.3504262746579792e-07
48250.056 1.5936467522600272e-07
48300.056 2.3732626674997997e-07
48350.056 1.5530129599699548e-07
48400.056 5.981828660222705e-08
48450.056 1.1665413711962603e-07
48500.056 1.6607620833196576e-07
48550.056 1.6862293018401394e-07
48600.056 1.8402079248600264e-07
48650.056 2.254032865099905e-07
48700.056 1.6603712428401718e-07
48750.056 1.0846286381304255e-07
48800.056 2.081743894090088e-07
48850.056 1.2906480139727718e-07
48900.056 1.8397015668132483e-07
48950.056 1.1569638219900306e-07
49000.056 6.389531745626243e-08
49050.056 1.647884224739769e-07
49100.056 1.887106605541296e-07
49150.056 1.4571915467500343e-07
49200.056 2.0642429023803073e-07
49250.056 2.0223156587201874e-07
49300.056 1.7658220207599665e-07
49350.056 8.857541741901796e-08
49400.056 1.264698743541714e-07
49450.056 1.2750266202463367e-07
49500.056 1.0452241786509017e-07
49550.056 3.516682041240147e-08
49600.056 8.093985314855366e-08
49650.056 1.3104261879499414e-07
49700.056 1.3619818583895895e-07
49750.056 1.5290313900398993e-07
49800.056 1.1151909899817725e-07
49850.056 1.8365413087002762e-07
49900.056 1.5197408327699165e-07
49950.056 1.4494710824999905e-07
50000.056 1.2818471531087994e-07
50050.056 1.5427057096099919e-07
50100.056 1.2372310792799306e-07
50150.056 7.131722833238838e-08
50200.056 2.1071522206407578e-08
50250.056 9.361102822099475e-08
50300.056 6.49244048572082e-08
50350.056 1.446714066380178e-07
50400.056 1.4074818360898814e-07
50450.056 1.0548944166940298e-07
50500.056 1.5522899695501255e-07
50550.056 1.3989362657500664e-07
50600.056 1.0466448910097484e-07
50650.056 1.5948332330602573e-07
50700.056 1.6603411759397954e-07
50750.056 1.1623603098761311e-07
50800.056 5.435112757249046e-08
50850.056 3.875686545411592e-08
50900.056 1.4295976167600033e-07
50950.056 1.1719912710499803e-07
51000.056 1.0682192428477804e-07
51050.056 1.3206010964798442e-07
51100.056 5.785651654341454e-08
51150.056 7.50168862601074e-08
51200.056 1.663457533999918e-07
51250.056 1.1444021057538156e-07
51300.056 8.315467084152815e-08
51350.056 8.893540962438969e-08
51400.056 4.250847190070566e-08
51450.056 3.3401460700351163e-08
51500.056 3.209473460867223e-08
51550.056 9.589662525101108e-08
51600.056 7.255308367111314e-08
51650.056 8.502395555198979e-08
51700.056 9.593261929041436e-08
51750.056 6.5509353358309e-08
51800.056 1.0818124195997944e-07
51850.056 9.013971970199467e-08
51900.056 1.2902416737699962e-07
51950.056 8.598110234699124e-08
52000.056 1.507247618195501e-08
52050.056 5.2384958435607275e-08
52100.056 3.5341769619196155e-08
52150.056 2.4127307563564157e-08
52200.056 4.64160240587998e-08
52250.056 6.635508738561384e-08
52300.056 9.873139320299646e-08
52350.056 4.4971487004975113e-08
52400.056 4.106785666840191e-08
52450.056 1.016955900640085e-07
52500.056 8.801480020057536e-08
52550.056 8.794737349499166e-08
52600.056 6.562796774520039e-08
52650.056 7.629923515040991e-08
52700.056 5.826995194859858e-08
52750.056 3.113777635407483e-08
52800.056 4.71932972462058e-08
52850.056 5.425876314638376e-08
52900.056 3.539806916641023e-08
52950.056 4.6295911319104186e-08
53000.056 6.925265838300902e-08
53050.056 3.227984718289141e-08
53100.056 7.445301511499362e-08
53150.056 8.676059393700963e-08
53200.056 3.727786628502675e-08
53250.056 7.739439788900472e-08
53300.056 9.224873952851714e-08
53350.056 7.342949569900098e-08
53400.056 5.537319096899422e-08
53450.056 2.5351382168342573e-08
