galfind/configs/Brown_Dwarf_templates/sonora_bobcat/m-0.5/100g/sp_t700g100nc_m-0.5_resample.dat
# %ECSV 1.0
# ---
# datatype:
# - {name: wav, unit: Angstrom, datatype: float64}
# - {name: flux_nu, unit: erg / (cm2 Hz s), datatype: float64}
# meta: {C/O: '1.00', Kzz: '1.0000E+05', Teff: '700.', Y: '0.28', '[Fe/H]': '-0.50', f_hole: '1.00', f_rain: '0.00', grav: '100.'}
# schema: astropy-2.0
wav flux_nu
[from data line 500]
29000.056 1.0085015307958264e-08
29050.056 1.2638144894146422e-08
29100.056 8.375220833257938e-09
29150.056 1.3705714183952634e-08
29200.056 1.11493123484988e-08
29250.056 1.6948053542039145e-08
29300.056 8.244277308501762e-09
29350.056 2.412040180355318e-08
29400.056 1.1884297731821729e-08
29450.056 1.2738649898860241e-08
29500.056 1.6888813709712045e-08
29550.056 1.2259097326717861e-08
29600.056 1.5622742795078872e-08
29650.056 2.1069854672123134e-08
29700.056 1.1978647561803666e-08
29750.056 1.9642594449760918e-08
29800.056 1.9385991707755607e-08
29850.056 2.1934477634633767e-08
29900.056 1.9490924368565897e-08
29950.056 1.804673397916554e-08
30000.056 2.062682957413827e-09
30050.056 4.452798203641176e-09
30100.056 7.399235352024704e-09
30150.056 1.6442982229909155e-08
30200.056 1.4815128847672753e-08
30250.056 2.747706798922817e-08
30300.056 2.767015875273241e-08
30350.056 1.7843729515856866e-08
30400.056 3.073044423336175e-08
30450.056 1.9599777881195446e-08
30500.056 1.971458246962758e-08
30550.056 1.8385540258484044e-08
30600.056 3.0457263031492785e-08
30650.056 1.9554546616243524e-08
30700.056 1.7411409221292808e-08
30750.056 2.3903266889412233e-08
30800.056 1.8557456856583384e-08
30850.056 1.873575176448884e-08
30900.056 1.2778756187321814e-08
30950.056 1.4237627739829149e-08
31000.056 1.3000458640002917e-08
31050.056 1.3627652899218992e-08
31100.056 9.111385850132893e-09
31150.056 1.429158222199874e-08
31200.056 1.791783406090408e-08
31250.056 1.1921357201817337e-08
31300.056 9.468610653629036e-09
31350.056 1.1993372574501866e-08
31400.056 8.986273716134581e-09
31450.056 1.0200604380677017e-08
31500.056 5.9602703169858936e-09
31550.056 7.896801244902592e-09
31600.056 5.554639961382206e-09
31650.056 5.184063645989011e-09
31700.056 5.655322936820339e-09
31750.056 3.541648365501744e-09
31800.056 6.145996173030319e-09
31850.056 2.7894635922566927e-09
31900.056 4.456653495446263e-09
31950.056 2.6393393202929526e-09
32000.056 3.543949017536314e-09
32050.056 3.9039275512235315e-09
32100.056 3.4888151084653247e-09
32150.056 4.420210351645796e-09
32200.056 2.862787496963972e-09
32250.056 5.550964814448797e-09
32300.056 2.6898398257872946e-09
32350.056 5.600484271259848e-09
32400.056 2.541004826699519e-09
32450.056 4.98350959419597e-09
32500.056 3.457158183872659e-09
32550.056 4.2452710070380006e-09
32600.056 4.643220827412647e-09
32650.056 7.827970010492104e-09
32700.056 5.802766584278057e-09
32750.056 9.852105581652006e-09
32800.056 8.868821727887027e-09
32850.056 1.1529314050678765e-08
32900.056 1.186109799626705e-08
32950.056 1.2803390784006755e-08
33000.056 9.387212368489314e-09
33050.056 1.0012174415613345e-08
33100.056 3.826397261816855e-09
33150.056 1.227805948080805e-10
33200.056 2.9537100855493836e-10
33250.056 2.2664108868785518e-10
33300.056 5.026056366571097e-10
33350.056 1.2879552428848845e-09
33400.056 2.5486519217071037e-09
33450.056 3.4150133936979173e-09
33500.056 7.3626387351049655e-09
33550.056 4.253616374598804e-09
33600.056 8.247443449753676e-09
33650.056 8.1834055264601e-09
33700.056 5.578740402818874e-09
33750.056 1.0706247361609556e-08
33800.056 4.4308367988666395e-09
33850.056 7.687213149965166e-09
33900.056 6.506722573006278e-09
33950.056 6.336064215353644e-09
34000.056 9.712609925280096e-09
34050.056 3.492896390640532e-09
34100.056 8.802465570483017e-09
34150.056 5.3208205510120844e-09
34200.056 8.135740793879682e-09
34250.056 7.082304272645902e-09
34300.056 5.759920734035601e-09
34350.056 7.050418818040251e-09
34400.056 4.435352758793301e-09
34450.056 8.480693691514937e-09
34500.056 6.585546627724802e-09
34550.056 3.833668822570665e-09
34600.056 1.069806462680066e-08
34650.056 4.688705398545497e-09
34700.056 8.613093280979881e-09
34750.056 7.3369820615418445e-09
34800.056 5.676200234738244e-09
34850.056 1.0121617727001558e-08
34900.056 7.391268872994161e-09
34950.056 9.85247874729736e-09
35000.056 1.7165283877001694e-08
35050.056 8.25274762200702e-09
35100.056 1.4747672513292143e-08
35150.056 1.3909526196866611e-08
35200.056 1.2706504312099394e-08
35250.056 1.980765854370381e-08
35300.056 1.156519333972563e-08
35350.056 1.3807799932463095e-08
35400.056 1.5474986625895574e-08
35450.056 1.0032961094382544e-08
35500.056 2.4869014510534812e-08
35550.056 1.9505726827377552e-08
35600.056 1.8091006489011584e-08
35650.056 2.046189654566614e-08
35700.056 1.7652924177318868e-08
35750.056 2.588132966139836e-08
35800.056 3.040957583930204e-08
35850.056 1.618733889548886e-08
35900.056 2.3429036821231823e-08
35950.056 2.4823326584113637e-08
36000.056 2.4201558621103706e-08
36050.056 2.1753535371851882e-08
36100.056 2.127718383993095e-08
36150.056 2.793060958968261e-08
36200.056 3.155173131197133e-08
36250.056 2.578111781621641e-08
36300.056 3.848718617147605e-08
36350.056 3.209672778924621e-08
36400.056 3.62420309892709e-08
36450.056 3.885514433713399e-08
36500.056 4.282101508136788e-08
36550.056 4.7934321775163966e-08
36600.056 5.5547597121987994e-08
36650.056 4.820807727735633e-08
36700.056 4.979449402402556e-08
36750.056 5.8178190132322515e-08
36800.056 6.035404540539769e-08
36850.056 4.965833824129312e-08
36900.056 6.050980429585492e-08
36950.056 6.503495840178777e-08
37000.056 5.6019538056690194e-08
37050.056 6.579937947589958e-08
37100.056 6.136162430750323e-08
37150.056 5.818386479145908e-08
37200.056 7.422149787698929e-08
37250.056 6.2463351885386e-08
37300.056 5.5422674864564314e-08
37350.056 6.820566546569331e-08
37400.056 9.348429829019907e-08
37450.056 6.149346536205398e-08
37500.056 6.574432099935612e-08
37550.056 9.125358372764702e-08
37600.056 1.0810828529701781e-07
37650.056 6.119207447380687e-08
37700.056 9.753362681940916e-08
37750.056 7.139330862750791e-08
37800.056 7.839653083282985e-08
37850.056 5.3492512814155097e-08
37900.056 6.310950611671658e-08
37950.056 8.534569745223738e-08
38000.056 9.237340905179448e-08
38050.056 9.781587574722967e-08
38100.056 1.0822803256863102e-07
38150.056 1.1451748019600022e-07
38200.056 1.1406321159051253e-07
38250.056 1.038650299098139e-07
38300.056 1.429341760699678e-07
38350.056 1.4464891583103006e-07
38400.056 9.046423580115355e-08
38450.056 8.2083322512159e-08
38500.056 5.94996294546108e-08
38550.056 1.0252884009703377e-07
38600.056 1.0137512222438582e-07
38650.056 1.0840677166107976e-07
38700.056 1.1371353649899915e-07
38750.056 1.1173253603701118e-07
38800.056 1.056810571948678e-07
38850.056 1.112243638277109e-07
38900.056 1.401319746089861e-07
38950.056 1.0654427665429506e-07
39000.056 1.268236136926787e-07
39050.056 1.1505073875203016e-07
39100.056 1.2308168051658678e-07
39150.056 1.3855021428329926e-07
39200.056 1.231862679152823e-07
39250.056 1.5110764531399508e-07
39300.056 1.2744602779596968e-07
39350.056 1.680004094000113e-07
39400.056 1.341474487335438e-07
39450.056 1.5058907661118635e-07
39500.056 1.5578801317902167e-07
39550.056 1.3001580214191183e-07
39600.056 1.580268353359815e-07
39650.056 1.8093347791798244e-07
39700.056 1.6707420575501812e-07
39750.056 1.269016778261454e-07
39800.056 1.4549592346899537e-07
39850.056 1.9809228386300777e-07
39900.056 1.9789937824000555e-07
39950.056 1.5767587199697662e-07
40000.056 2.0207447251601756e-07
40050.056 1.9100931083300171e-07
40100.056 1.3737734147798902e-07
40150.056 1.925164453460065e-07
40200.056 1.966882149689528e-07
40250.056 2.0384933325794626e-07
40300.056 2.0164129884801976e-07
40350.056 1.7756381905097248e-07
40400.056 2.181676282218508e-07
40450.056 1.663464696583865e-07
40500.056 2.2165470818098046e-07
40550.056 2.3069588053834614e-07
40600.056 2.1034653086801931e-07
40650.056 1.8978489018932613e-07
40700.056 2.65015236664985e-07
40750.056 2.0782103247996127e-07
40800.056 1.663377711159271e-07
40850.056 2.745246901500493e-07
40900.056 2.515778991459933e-07
40950.056 2.2652733167922014e-07
41000.056 2.139969477419891e-07
41050.056 2.8017790864595447e-07
41100.056 2.4603790786798894e-07
41150.056 1.6747118217658694e-07
41200.056 2.727985112660047e-07
41250.056 2.385139815689857e-07
41300.056 2.2655309646997926e-07
41350.056 2.830769046699964e-07
41400.056 2.558641613640273e-07
41450.056 2.8529060325998485e-07
41500.056 2.2143511776868346e-07
41550.056 2.1772977793075553e-07
41600.056 2.460750268057328e-07
41650.056 2.679774540760176e-07
41700.056 2.6149475633994443e-07
41750.056 2.48022361188973e-07
41800.056 2.861827121310473e-07
41850.056 2.1905512678298146e-07
41900.056 2.463493147021456e-07
41950.056 2.5858222498503367e-07
42000.056 2.2905018855391124e-07
42050.056 2.1142911547963283e-07
42100.056 2.8373393946096894e-07
42150.056 2.200380828810157e-07
42200.056 2.1694292306999637e-07
42250.056 2.299106305379957e-07
42300.056 2.2126025923259607e-07
42350.056 2.6750368942802885e-07
42400.056 2.7202134378003155e-07
42450.056 2.3451776087805612e-07
42500.056 2.376187497269873e-07
42550.056 2.1697207163197386e-07
42600.056 2.4336943409006395e-07
42650.056 3.1756016038492067e-07
42700.056 2.3514084756693988e-07
42750.056 2.2677547456002413e-07
42800.056 2.7243903389502854e-07
42850.056 2.946463126899237e-07
42900.056 3.124506406940522e-07
42950.056 2.4211790919894764e-07
43000.056 2.749778723340201e-07
43050.056 1.7849194967505157e-07
43100.056 2.455749879859771e-07
43150.056 2.1797669982302132e-07
43200.056 2.637439094860055e-07
43250.056 3.3244243290002826e-07
43300.056 3.2378125786000596e-07
43350.056 2.0464324432494391e-07
43400.056 2.65780677795998e-07
43450.056 2.1483194159303217e-07
43500.056 2.2751158800502708e-07
43550.056 2.355815181868232e-07
43600.056 3.0454741188603346e-07
43650.056 2.1659473920800712e-07
43700.056 3.354866201550414e-07
43750.056 2.933768569060154e-07
43800.056 2.758959413169737e-07
43850.056 2.4875803607503884e-07
43900.056 2.5387494822697803e-07
43950.056 1.8262308931697732e-07
44000.056 1.6912637716150096e-07
44050.056 3.0827765848600763e-07
44100.056 3.754748878600093e-07
44150.056 3.5913967558998895e-07
44200.056 3.138865084519994e-07
44250.056 2.193931108710031e-07
44300.056 1.860341634230329e-07
44350.056 2.1563053890144978e-07
44400.056 2.0205987833698568e-07
44450.056 2.868644857139921e-07
44500.056 2.7319805717805647e-07
44550.056 3.471898860299692e-07
44600.056 3.1417653714241356e-07
44650.056 2.9104398941702705e-07
44700.056 2.1444653703398932e-07
44750.056 2.82383792333057e-07
44800.056 2.426478686430218e-07
44850.056 3.1544034711002875e-07
44900.056 2.46813715198016e-07
44950.056 2.797082365320153e-07
45000.056 2.998390822700094e-07
45050.056 2.8832201677297636e-07
45100.056 2.8093204148600586e-07
45150.056 2.819160623150682e-07
45200.056 2.261576659800158e-07
45250.056 2.559772261229357e-07
45300.056 2.2239122027203048e-07
45350.056 2.1669809649401005e-07
45400.056 3.536907943500322e-07
45450.056 3.2069378059901455e-07
45500.056 3.3495061795301734e-07
45550.056 3.635154010299151e-07
45600.056 3.55289767370046e-07
45650.056 2.970224481659873e-07
45700.056 2.3187381635399987e-07
45750.056 2.2446832213800223e-07
45800.056 3.7604834762401136e-07
45850.056 3.501000442139901e-07
45900.056 3.7666796602000303e-07
45950.056 3.0921843968799697e-07
46000.056 3.554360940300383e-07
46050.056 2.884752474739965e-07
46100.056 3.8877336367997473e-07
46150.056 2.7591845520100045e-07
46200.056 2.5940197028699383e-07
46250.056 1.5336715380457767e-07
46300.056 2.890586324919967e-07
46350.056 2.9448335585002887e-07
46400.056 2.752880021040127e-07
46450.056 2.509965920860202e-07
46500.056 2.7759695484106387e-07
46550.056 1.951901410230101e-07
46600.056 2.558863745249703e-07
46650.056 3.541104071960204e-07
46700.056 2.558796957769492e-07
46750.056 1.7615584142501753e-07
46800.056 1.351054616852103e-07
46850.056 3.4712596950004474e-07
46900.056 3.2467631350098715e-07
46950.056 3.1360634346997685e-07
47000.056 3.0401047353404363e-07
47050.056 2.5683179494511455e-07
47100.056 1.8969849918312142e-07
47150.056 2.536067973270393e-07
47200.056 3.015082664419921e-07
47250.056 2.0702523284298067e-07
47300.056 1.495660653192137e-07
47350.056 3.419251786799892e-07
47400.056 2.9553079046997407e-07
47450.056 2.8343631877023897e-07
47500.056 3.2858672038296897e-07
47550.056 2.9309667199600936e-07
47600.056 2.9467179413298134e-07
47650.056 2.868816640563687e-07
47700.056 2.5028958356387e-07
47750.056 1.9688795194300402e-07
47800.056 1.892984101940149e-07
47850.056 1.2891392770711368e-07
47900.056 1.7126676366157766e-07
47950.056 2.6881629785000673e-07
48000.056 3.4379718791003495e-07
48050.056 3.086793486059845e-07
48100.056 1.665075596528116e-07
48150.056 2.478695473570053e-07
48200.056 2.0405965007199866e-07
48250.056 2.2927591938200645e-07
48300.056 3.245911102099617e-07
48350.056 2.142835831770019e-07
48400.056 1.0408170298037908e-07
48450.056 1.9073021741204244e-07
48500.056 2.4949316623995553e-07
48550.056 2.4313179605601554e-07
48600.056 2.533262938600052e-07
48650.056 3.017304364799858e-07
48700.056 2.3314067775501473e-07
48750.056 1.5302210982306716e-07
48800.056 2.9262542354700833e-07
48850.056 1.9024801919996575e-07
48900.056 2.7680174839238275e-07
48950.056 1.8157627604600983e-07
49000.056 1.0573782355619445e-07
49050.056 2.405481855049675e-07
49100.056 2.6758515868504074e-07
49150.056 2.111058223403066e-07
49200.056 2.900735828700454e-07
49250.056 2.773135402860319e-07
49300.056 2.457434634379945e-07
49350.056 1.3593336422982526e-07
49400.056 1.8820383959896096e-07
49450.056 1.9485534376855427e-07
49500.056 1.6086940970798694e-07
49550.056 7.096755403630447e-08
49600.056 1.3664897397362433e-07
49650.056 1.8977132145698747e-07
49700.056 1.911339539719433e-07
49750.056 2.2445500108497896e-07
49800.056 1.7494885079979903e-07
49850.056 2.623126174900438e-07
49900.056 2.1648511795898735e-07
49950.056 2.0507879360199812e-07
50000.056 1.8815601840197875e-07
50050.056 2.2724675664499294e-07
50100.056 1.82249135727994e-07
50150.056 1.1645322092898427e-07
50200.056 4.6071679147412285e-08
50250.056 1.563762905879884e-07
50300.056 1.1613684999271214e-07
50350.056 2.1524222884402394e-07
50400.056 2.012562551019859e-07
50450.056 1.5457838588420358e-07
50500.056 2.1659405138802117e-07
50550.056 1.9768090522201012e-07
50600.056 1.5273895464796545e-07
50650.056 2.2370668477503692e-07
50700.056 2.3424346465195753e-07
50750.056 1.7241492345502248e-07
50800.056 9.419851556578473e-08
50850.056 7.779528616102675e-08
50900.056 2.1511770410799632e-07
50950.056 1.7063471236200413e-07
51000.056 1.6837825418861152e-07
51050.056 1.8875061113598348e-07
51100.056 9.201474316118841e-08
51150.056 1.2457173225300545e-07
51200.056 2.445612363399854e-07
51250.056 1.6257871266597725e-07
51300.056 1.253613626100442e-07
51350.056 1.3743442510898595e-07
51400.056 7.617355404080621e-08
51450.056 6.184495797288365e-08
51500.056 6.207926672172125e-08
51550.056 1.5487681593481424e-07
51600.056 1.1345053528521837e-07
51650.056 1.257615594149808e-07
51700.056 1.4406112782509108e-07
51750.056 1.018208354345107e-07
51800.056 1.575236655769681e-07
51850.056 1.3565907384899082e-07
51900.056 1.9781354844600144e-07
51950.056 1.4090813850298704e-07
52000.056 3.735397160258988e-08
52050.056 9.487845711351236e-08
52100.056 6.989984023399525e-08
52150.056 5.371786730760694e-08
52200.056 7.851148241130043e-08
52250.056 1.0600444093301937e-07
52300.056 1.5886560796299538e-07
52350.056 8.952544665416172e-08
52400.056 7.428654638580625e-08
52450.056 1.5361658918301077e-07
52500.056 1.413679047129628e-07
52550.056 1.3616818521498317e-07
52600.056 1.0651106576000141e-07
52650.056 1.1894471670301793e-07
52700.056 9.66766638329978e-08
52750.056 5.967024117679541e-08
52800.056 8.201583127800947e-08
52850.056 9.182983787467281e-08
52900.056 7.13461640613193e-08
52950.056 8.428290166860558e-08
53000.056 1.1701876166001276e-07
53050.056 6.10038498293851e-08
53100.056 1.1289188836398441e-07
53150.056 1.4066494329301795e-07
53200.056 6.324185524939515e-08
53250.056 1.2490830663600816e-07
53300.056 1.4486514275886543e-07
53350.056 1.2071325560000026e-07
53400.056 9.876422176699372e-08
53450.056 5.366865600598734e-08
53500.056 2.219883588109221e-08
