galfind/configs/Brown_Dwarf_templates/sonora_bobcat/m-0.5/100g/sp_t225g100nc_m-0.5_resample.dat
# %ECSV 1.0
# ---
# datatype:
# - {name: wav, unit: Angstrom, datatype: float64}
# - {name: flux_nu, unit: erg / (cm2 Hz s), datatype: float64}
# meta: {C/O: '1.00', Kzz: '1.0000E+05', Teff: '225.', Y: '0.28', '[Fe/H]': '-0.50', f_hole: '1.00', f_rain: '0.00', grav: '100.'}
# schema: astropy-2.0
wav flux_nu
4000.0559999999996 nan
4050.0559999999996 1.655154454520022e-20
4100.056 2.3182447475700274e-19
4150.056 8.859881495100065e-19
4200.056 1.3614992353900077e-18
4250.056 5.3839075251000384e-18
4300.056 1.1830521086800055e-17
4350.056 2.208335477500009e-17
4400.056 3.5284717085000096e-17
4450.056 5.429270227100016e-17
4500.056 9.453323718800036e-17
4550.056 1.519762530500005e-16
4600.056 2.089306491800005e-16
4650.056 2.5212147309000014e-16
4700.056 2.4857527929e-16
4750.056 2.220850671199998e-16
4800.056 1.9487648310999963e-16
4850.056 1.2817371370999932e-16
4900.056 8.981352839599975e-17
4950.056 6.921905576199984e-17
5000.056 4.958139265299982e-17
5050.056 3.7234965587000037e-17
5100.056 4.350369518600022e-17
5150.056 5.326257372800007e-17
5200.056 6.377828113700012e-17
5250.056 7.524053403800014e-17
5300.056 8.883518288900019e-17
5350.056 1.0534043198400021e-16
5400.056 1.2192626268000026e-16
5450.056 1.4385934146000052e-16
5500.056 1.7170599757000025e-16
5550.056 2.0342199390000032e-16
5600.056 2.3503672356000035e-16
5650.056 2.629644365300002e-16
5700.056 2.679066792300004e-16
5750.056 2.774477427700002e-16
5800.056 2.6220322400999964e-16
5850.056 1.7583470769699746e-16
5900.056 4.0313141261902e-17
5950.056 3.206716232740082e-16
6000.056 7.852362908500049e-16
6050.056 1.5853545213200134e-15
6100.056 2.712661709900019e-15
6150.056 4.186593650300024e-15
6200.056 6.1126714555000295e-15
6250.056 8.34293870780002e-15
6300.056 1.160048610810003e-14
6350.056 1.5970863472000038e-14
6400.056 2.1463740840000085e-14
6450.056 2.3160044034999822e-14
6500.056 2.8704831820000414e-14
6550.056 3.983133779999947e-14
6600.056 5.611032062100085e-14
6650.056 8.428866208200055e-14
6700.056 1.1879997277000068e-13
6750.056 1.6495831745000082e-13
6800.056 1.9960848929000047e-13
6850.056 2.111067466e-13
6900.056 1.6184101630699805e-13
6950.056 9.715463545000184e-14
7000.056 1.2412793102799666e-13
7050.056 1.2746752555900097e-13
7100.056 1.5367781586599951e-13
7150.056 9.865157928425651e-14
7200.056 4.362465245449785e-14
7250.056 4.9557368118466946e-14
7300.056 5.638089107251419e-14
7350.056 1.1171927993990066e-13
7400.056 1.9384341910000243e-13
7450.056 3.295244024500056e-13
7500.056 4.537134008400017e-13
7550.056 5.494145144200017e-13
7600.056 6.087553205900006e-13
7650.056 3.60428786920993e-13
7700.056 3.646129378610084e-13
7750.056 7.869721894600056e-13
7800.056 8.763382934700031e-13
7850.056 1.0182334647599915e-12
7900.056 1.09800055837e-12
7950.056 1.2337515964999987e-12
8000.056 1.3979682268300033e-12
8050.056 1.5396250268300072e-12
8100.056 7.786847762949661e-13
8150.056 1.8631678975785943e-13
8200.056 7.788162870823547e-13
8250.056 8.380003234481564e-13
8300.056 6.823682414903904e-13
8350.056 8.409130244523129e-13
8400.056 1.376818571220063e-12
8450.056 2.580645048090027e-12
8500.056 3.5096231024000225e-12
8550.056 4.542780410100051e-12
8600.056 5.612092766900038e-12
8650.056 6.141401956900004e-12
8700.056 5.387509592499982e-12
8750.056 5.011215281399991e-12
8800.056 3.914602610799924e-12
8850.056 2.3370618164198615e-12
8900.056 1.0876626844086293e-13
8950.056 9.936779541611107e-15
9000.056 1.1484959052450092e-14
9050.056 1.4220781783890252e-13
9100.056 1.632163498878457e-13
9150.056 2.9790820929145326e-13
9200.056 9.480210088707845e-13
9250.056 5.811532120121097e-13
9300.056 4.84383228508169e-16
9350.056 1.7782979716726237e-16
9400.056 1.2817718746068282e-14
9450.056 2.245091176788751e-15
9500.056 3.051423648420927e-15
9550.056 2.0457899150978287e-15
9600.056 7.199742926472268e-15
9650.056 3.1623935425107366e-14
9700.056 4.193212159911083e-13
9750.056 2.4970335567499603e-13
9800.056 3.6887913080270606e-13
9850.056 5.60449131814192e-13
9900.056 9.987352879860784e-13
9950.056 1.0664958582400558e-12
10000.056 8.267976859611099e-13
10050.056 3.8699963468997245e-13
10100.056 2.2487025452999888e-13
10150.056 9.930810706799543e-14
10200.056 1.6817207140100058e-14
10250.056 1.2415459700821134e-14
10300.056 3.1307942337147885e-14
10350.056 9.349920096080571e-15
10400.056 3.359667306510233e-14
10450.056 4.946608668699552e-14
10500.056 7.014819460000154e-14
10550.056 9.449513459999989e-14
10600.056 9.12898842660005e-14
10650.056 7.06816117679988e-14
10700.056 4.54117673879992e-14
10750.056 3.1723503609999e-14
10800.056 2.399706380530034e-14
10850.056 1.810735673379974e-14
10900.056 1.3905746098499675e-14
10950.056 8.763136301499972e-15
11000.056 5.007402680799648e-15
11050.056 2.283821359493891e-15
11100.056 7.043436180573268e-16
11150.056 1.3223351205541435e-16
11200.056 3.9945553029526045e-17
11250.056 2.0878444425692035e-17
11300.056 9.576073689933215e-17
11350.056 1.934307861253049e-17
11400.056 2.50327377929932e-16
11450.056 1.0622396519203368e-16
11500.056 1.3321589577794637e-16
11550.056 4.2963677516501636e-17
11600.056 7.72016453869768e-18
11650.056 7.632485029612613e-17
11700.056 1.6003082220371985e-16
11750.056 9.278796519955073e-17
11800.056 3.589432357771209e-16
11850.056 3.118234062339533e-16
11900.056 4.519263111244159e-16
11950.056 6.752964681040277e-16
12000.056 6.928216962026734e-16
12050.056 9.677945811910284e-16
12100.056 1.093792779774526e-15
12150.056 1.659452164804642e-15
12200.056 2.1560969759160208e-15
12250.056 5.208603552536398e-15
12300.056 1.0198479842845652e-14
12350.056 1.302065424839048e-14
12400.056 2.603063101390048e-14
12450.056 5.5959235719001827e-14
12500.056 8.540957891099909e-14
12550.056 1.0375790045700196e-13
12600.056 1.814339940000097e-13
12650.056 3.5831845740201157e-13
12700.056 4.950480907399963e-13
12750.056 4.3393474645801066e-13
12800.056 3.603111956199875e-13
12850.056 1.9886081781199008e-13
12900.056 1.0776245371100524e-13
12950.056 8.917749257426042e-14
13000.056 1.0078156571571335e-13
13050.056 5.975702567020088e-14
13100.056 7.692714051811439e-14
13150.056 2.9824651048982565e-14
13200.056 4.1315488106803915e-14
13250.056 6.607306966194915e-14
13300.056 1.6449704134627524e-14
13350.056 1.2117046315126026e-14
13400.056 3.184506933961355e-15
13450.056 2.536825312011083e-16
13500.056 1.5772780204933987e-17
13550.056 4.918020838280811e-19
13600.056 2.083333052733012e-20
13650.056 2.2199745604972474e-19
13700.056 6.034438418793318e-20
13750.056 1.6878525633384635e-18
13800.056 2.1380517085213472e-18
13850.056 2.742982556314223e-19
13900.056 2.071290550697084e-18
13950.056 8.180901710988837e-19
14000.056 6.630765343667377e-18
14050.056 5.61542917168656e-18
14100.056 6.560356482826292e-18
14150.056 7.05993455851768e-17
14200.056 6.202322155852592e-17
14250.056 1.4770642095547064e-16
14300.056 7.271605876374437e-16
14350.056 4.587268876554777e-16
14400.056 4.2367815022965733e-16
14450.056 1.3045165398005306e-15
14500.056 4.393070289984443e-15
14550.056 1.2665451939508594e-14
14600.056 2.0571613320655797e-14
14650.056 3.0985052480476805e-15
14700.056 9.2872875059989e-16
14750.056 2.1734737666508544e-16
14800.056 1.9838820790878834e-16
14850.056 1.7260532695241978e-16
14900.056 1.0715524757463396e-16
14950.056 3.1032738765750565e-17
15000.056 2.2942032207400424e-16
15050.056 9.342362911698153e-16
15100.056 1.242627379775172e-16
15150.056 1.6079350231507272e-17
15200.056 4.170381291992821e-16
15250.056 9.765672641575649e-16
15300.056 2.410022902902705e-15
15350.056 4.221948443956681e-15
15400.056 3.88382580730419e-15
15450.056 9.551084499143092e-15
15500.056 1.9468178802596663e-14
15550.056 9.159499319912964e-14
15600.056 2.560391921899761e-13
15650.056 6.746319175900872e-13
15700.056 1.4581379257800777e-12
15750.056 1.937051899260009e-12
15800.056 2.3911029662200048e-12
15850.056 3.1003759672102013e-12
15900.056 3.3864130355099303e-12
15950.056 4.2403135550000125e-12
16000.056 3.968780200699947e-12
16050.056 3.0044856613999085e-12
16100.056 1.749068550640041e-12
16150.056 8.558494329899182e-13
16200.056 2.301888895183054e-13
16250.056 6.616967369657564e-14
16300.056 1.8469951614742436e-14
16350.056 1.34166616543545e-14
16400.056 1.3404072978801869e-14
16450.056 1.7418304398691288e-14
16500.056 9.829441001601194e-15
16550.056 1.2691518081408324e-14
16600.056 7.510187801574962e-14
16650.056 2.419343397844511e-14
16700.056 4.960141805965741e-15
16750.056 1.4480885856188963e-14
16800.056 2.7735773769602953e-14
16850.056 2.664296230683597e-14
16900.056 5.7457167052888544e-15
16950.056 3.933461585803312e-15
17000.056 1.1328461436978257e-15
17050.056 1.7673746282361188e-15
17100.056 7.470072542902347e-15
17150.056 3.754017830553769e-15
17200.056 1.977396970108525e-14
17250.056 1.6917277230785017e-15
17300.056 1.856029306211107e-15
17350.056 4.788342091553781e-15
17400.056 1.3250997305822015e-14
17450.056 1.787707985309004e-14
17500.056 3.546575494857618e-14
17550.056 3.204334836220896e-14
17600.056 3.3128670266224456e-14
17650.056 1.3513113600639941e-14
17700.056 1.1287117546781223e-14
17750.056 7.792886262389766e-15
17800.056 1.9317323100086887e-14
17850.056 6.598847655270973e-15
17900.056 3.738981751830511e-15
17950.056 2.8831489096359708e-15
18000.056 4.567542430864751e-15
18050.056 2.2603951122480133e-15
18100.056 2.094401198406876e-15
18150.056 7.000310202984231e-16
18200.056 5.596249769828979e-16
18250.056 2.7907242198586438e-15
18300.056 1.2441934650088144e-16
18350.056 1.1392805996316157e-16
18400.056 2.813086953428655e-17
18450.056 5.473436226053337e-16
18500.056 3.43118876572279e-16
18550.056 1.0990717383420734e-16
18600.056 4.876193503531446e-16
18650.056 5.097167313251378e-16
18700.056 1.3663318125886023e-17
18750.056 2.111784172962915e-17
18800.056 1.1319474735617388e-15
18850.056 7.073453749620248e-16
18900.056 1.3639891442906774e-15
18950.056 1.1919950152052458e-15
19000.056 1.1938657953206428e-16
19050.056 5.971290690464672e-17
19100.056 3.224289043518756e-16
19150.056 1.3902746289757478e-16
19200.056 3.8263796241970033e-16
19250.056 2.898536254637674e-16
19300.056 1.3027708831945177e-16
19350.056 1.7099765501855674e-16
19400.056 9.303631410795305e-17
19450.056 5.862973011238013e-17
19500.056 5.830413336747902e-17
19550.056 1.8007109714217103e-16
19600.056 3.235829566250912e-16
19650.056 2.1732132700916313e-16
19700.056 3.7649881069629707e-16
19750.056 3.998674329264144e-16
19800.056 2.400109825989876e-16
19850.056 2.9923922018574834e-16
19900.056 5.317760685733841e-16
19950.056 4.527141191455006e-16
20000.056 4.636294642185887e-16
20050.056 3.9133568435431656e-16
20100.056 5.498249776313073e-16
20150.056 3.395890833648416e-16
20200.056 2.348070331325056e-16
20250.056 4.618189457900163e-16
20300.056 5.193639226594191e-16
20350.056 5.096754596465632e-16
20400.056 5.114672563410064e-16
20450.056 5.839511051020845e-16
20500.056 5.280633272280264e-16
20550.056 4.798397257429629e-16
20600.056 4.269971174120471e-16
20650.056 3.7718965700296136e-16
20700.056 3.2871319900998843e-16
20750.056 2.7289904692999424e-16
20800.056 2.2414477351999134e-16
20850.056 1.9018057179999729e-16
20900.056 1.583349573499982e-16
20950.056 1.334999005299981e-16
21000.056 1.1686427863199855e-16
21050.056 1.0870533477999923e-16
21100.056 1.063616386749999e-16
21150.056 1.1317144142000136e-16
21200.056 1.2726993481000259e-16
21250.056 1.5162710075000094e-16
21300.056 1.8248561557000464e-16
21350.056 2.2119437085799779e-16
21400.056 2.8450781452001986e-16
21450.056 3.121644318860184e-16
21500.056 3.406896796411465e-16
21550.056 3.8070247671599675e-16
21600.056 3.922269386553539e-16
21650.056 3.9027861758774757e-16
21700.056 3.76264329611493e-16
21750.056 4.0648599861002236e-16
21800.056 3.5533020816670127e-16
21850.056 3.5584767987436283e-16
21900.056 3.026274655571244e-16
21950.056 1.7088950253141103e-16
22000.056 1.471622909563793e-17
22050.056 2.6448415041788984e-17
22100.056 7.871848421109847e-17
22150.056 4.5042540879008126e-17
22200.056 3.985606720815371e-17
22250.056 3.0364555952376266e-17
22300.056 1.0154910885395247e-17
22350.056 2.1980223054593365e-17
22400.056 1.0034349955744813e-17
22450.056 1.7337521601377587e-17
22500.056 1.3697668623644659e-17
22550.056 4.022075349967109e-18
22600.056 2.637235512958056e-18
22650.056 2.5099555019080287e-18
22700.056 4.650360197998644e-18
22750.056 9.982216549060865e-18
22800.056 1.5457963112165695e-17
22850.056 8.168528939136457e-18
22900.056 4.892098687883607e-18
22950.056 3.0969152540738475e-18
23000.056 2.3862274167212555e-18
23050.056 1.270758682478666e-18
23100.056 5.096202764942068e-17
23150.056 5.1153993007886035e-17
23200.056 1.753884723668717e-18
23250.056 1.5561830285678523e-17
23300.056 6.158486030661438e-18
23350.056 1.1665670470090608e-17
23400.056 1.0620461321328896e-17
23450.056 3.70346700249098e-18
23500.056 3.1979965529915722e-18
23550.056 7.981839399003272e-18
23600.056 2.447701235042186e-17
23650.056 3.685268479866736e-17
23700.056 3.3821211154281307e-18
23750.056 6.462998945139415e-18
23800.056 3.9259074398488644e-17
23850.056 1.703793384613304e-17
23900.056 4.0067095268326226e-17
23950.056 1.709481460687038e-17
24000.056 6.183985702828428e-17
24050.056 6.914814345037838e-17
24100.056 1.2264387048845513e-16
24150.056 1.9188680945336377e-16
24200.056 1.6267240935886126e-16
24250.056 1.2281967420218008e-16
24300.056 3.215456707114445e-16
24350.056 4.005583785247403e-16
24400.056 7.811576399514034e-16
24450.056 1.1349921650730853e-15
24500.056 1.2584003284389047e-15
24550.056 2.309410474434484e-15
24600.056 3.666387271345989e-15
24650.056 5.3789223008306254e-15
24700.056 5.321574923846617e-15
24750.056 8.652957535066483e-15
24800.056 9.8840984805306e-15
24850.056 1.2301831250016822e-14
24900.056 1.233561863656139e-14
24950.056 1.696594629259151e-14
25000.056 2.5484627463135434e-14
25050.056 2.144137447685669e-14
25100.056 2.6695551747462465e-14
25150.056 1.6885160287287287e-14
25200.056 3.0390261620186e-14
25250.056 1.7543264497556907e-14
25300.056 1.3175406972076385e-14
25350.056 1.1169104281518589e-14
25400.056 2.1760052381181373e-14
25450.056 6.48683273766977e-15
25500.056 5.257507912296696e-15
25550.056 1.3684814499270782e-14
25600.056 5.149762973411773e-15
25650.056 1.97011427521577e-15
25700.056 1.5485009518094983e-15
25750.056 7.081353024890368e-16
25800.056 3.0790830691988248e-15
25850.056 5.537114191844849e-16
25900.056 5.625327827189927e-16
25950.056 4.1612125807890594e-16
26000.056 1.7999962408960245e-15
26050.056 5.050759256685107e-16
26100.056 1.2571872635574267e-15
26150.056 7.213667406425815e-16
26200.056 8.96876167024954e-16
26250.056 3.4370825819586708e-15
26300.056 1.1619851430618227e-15
26350.056 7.013087204719523e-15
26400.056 1.7846762285040174e-14
26450.056 9.413402114397916e-15
26500.056 2.3768641259540802e-14
26550.056 3.7953111388987316e-15
26600.056 3.2075851263678046e-15
26650.056 1.0195524995872314e-15
26700.056 1.1869500296006534e-15
26750.056 1.6429976034446879e-15
26800.056 4.458791659385385e-15
26850.056 3.4870199065661165e-15
26900.056 9.641704400079722e-15
26950.056 2.7925966439865156e-15
27000.056 1.034341963364625e-14
27050.056 1.994889182025908e-14
27100.056 2.171034214974422e-15
27150.056 1.5249530638769346e-14
27200.056 2.5725678315353295e-15
27250.056 5.952997037132193e-15
27300.056 4.5569141691500196e-14
27350.056 1.5675341175112018e-14
27400.056 2.50002617461185e-15
27450.056 2.334379145790305e-14
27500.056 2.888982173597576e-14
27550.056 8.050371558943989e-15
27600.056 2.033896542643114e-14
27650.056 7.493697336126625e-15
27700.056 9.764632642219108e-15
27750.056 3.583178196517308e-14
27800.056 1.573597312489056e-14
27850.056 3.1333036880167125e-14
27900.056 4.460515751455992e-14
27950.056 5.558474784409957e-14
28000.056 8.937488720560613e-14
28050.056 9.631406474742095e-15
28100.056 1.0187390168332608e-13
28150.056 7.877492253337896e-14
28200.056 1.5059873667989414e-14
28250.056 1.2546159067420317e-13
28300.056 1.1026765833708637e-13
28350.056 1.452539906754972e-14
28400.056 7.62579787391288e-14
28450.056 9.024075595599443e-14
28500.056 3.3956881138256767e-14
28550.056 1.716636913309703e-14
28600.056 1.3109026301252856e-13
28650.056 2.970079680017568e-14
28700.056 1.0583989954874873e-13
28750.056 1.6028512149838425e-13
28800.056 2.294295791348144e-14
28850.056 3.9010617105769e-13
