galfind/configs/Brown_Dwarf_templates/sonora_bobcat/m-0.5/100g/sp_t450g100nc_m-0.5_resample.dat
# %ECSV 1.0
# ---
# datatype:
# - {name: wav, unit: Angstrom, datatype: float64}
# - {name: flux_nu, unit: erg / (cm2 Hz s), datatype: float64}
# meta: {C/O: '1.00', Kzz: '1.0000E+05', Teff: '450.', Y: '0.28', '[Fe/H]': '-0.50', f_hole: '1.00', f_rain: '0.00', grav: '100.'}
# schema: astropy-2.0
wav flux_nu
[from data line 498]
28900.056 2.4386451525568714e-10
28950.056 3.728560250664258e-10
29000.056 2.738277193590805e-10
29050.056 4.1218550267193194e-10
29100.056 2.1360114261989602e-10
29150.056 3.3747330752484657e-10
29200.056 5.247443610625151e-10
29250.056 6.28898579430674e-10
29300.056 3.4332466275048037e-10
29350.056 9.413547014197357e-10
29400.056 3.8672181597632454e-10
29450.056 2.927094512249588e-10
29500.056 8.54853419054142e-10
29550.056 3.418166432390888e-10
29600.056 4.671142008764201e-10
29650.056 1.2557602540097033e-09
29700.056 3.1917295128877185e-10
29750.056 8.879917466314736e-10
29800.056 6.945005104902592e-10
29850.056 1.1074368589576297e-09
29900.056 6.031986272716236e-10
29950.056 6.789071135216845e-10
30000.056 1.6947316794225597e-11
30050.056 8.690790920397367e-11
30100.056 2.9761781296572086e-10
30150.056 1.0231047187491795e-09
30200.056 7.301146752497086e-10
30250.056 1.3841777289695667e-09
30300.056 1.6859179166381837e-09
30350.056 5.047252031076834e-10
30400.056 1.7753406152559598e-09
30450.056 1.148905991936951e-09
30500.056 9.04721753008388e-10
30550.056 7.123080894730312e-10
30600.056 3.530451175527394e-09
30650.056 1.5343891481999916e-09
30700.056 1.0895829858687736e-09
30750.056 1.9674656152156378e-09
30800.056 1.5508027768064286e-09
30850.056 1.7499003252336568e-09
30900.056 9.8327016863909e-10
30950.056 8.890288981617295e-10
31000.056 1.01873731341294e-09
31050.056 8.583131990686541e-10
31100.056 5.052253305706644e-10
31150.056 9.406686004844077e-10
31200.056 2.2584200876158106e-09
31250.056 1.1200209941309335e-09
31300.056 7.862344390290985e-10
31350.056 1.504652535550446e-09
31400.056 1.0126925797488165e-09
31450.056 1.1192527008352157e-09
31500.056 4.079470998650864e-10
31550.056 7.229590435130709e-10
31600.056 4.957768890263876e-10
31650.056 4.1778199613749207e-10
31700.056 4.107366261247304e-10
31750.056 2.034273851495826e-10
31800.056 4.350948793881017e-10
31850.056 9.053647652044493e-11
31900.056 2.1429406738270076e-10
31950.056 1.1900961829985934e-10
32000.056 1.1070011426882909e-10
32050.056 1.5111026830584689e-10
32100.056 1.2139154104587902e-10
32150.056 1.4407646422343147e-10
32200.056 7.168139861031062e-11
32250.056 1.843499861169736e-10
32300.056 5.532915193058562e-11
32350.056 1.8702136532218118e-10
32400.056 3.433287084562882e-11
32450.056 1.480077497297207e-10
32500.056 4.4400810595960825e-11
32550.056 1.2008088235031964e-10
32600.056 5.517287919522929e-11
32650.056 2.757087025804764e-10
32700.056 8.382267500649245e-11
32750.056 5.272116269046419e-10
32800.056 3.4315628041874054e-10
32850.056 8.912260724730521e-10
32900.056 8.080641709545745e-10
32950.056 8.348611627657992e-10
33000.056 3.084562556270221e-10
33050.056 3.9861628778464455e-10
33100.056 8.957290550217724e-11
33150.056 8.073463290318099e-14
33200.056 2.5248970959383992e-12
33250.056 3.642775092408413e-12
33300.056 2.5351206197112306e-11
33350.056 8.650509220795289e-11
33400.056 2.853808488046857e-10
33450.056 1.939291340026762e-10
33500.056 6.784765731624709e-10
33550.056 1.5480488378649486e-10
33600.056 4.011015746468438e-10
33650.056 3.7230008577851955e-10
33700.056 1.3638865924661818e-10
33750.056 5.251721003032047e-10
33800.056 5.742350783873308e-11
33850.056 2.5695554685476136e-10
33900.056 2.7866950117809015e-10
33950.056 2.165016535473026e-10
34000.056 4.753025696202921e-10
34050.056 7.703716324886699e-11
34100.056 4.335117982584679e-10
34150.056 1.729707699166439e-10
34200.056 4.662353970833118e-10
34250.056 2.990986861742604e-10
34300.056 2.8077792210280125e-10
34350.056 6.294207814895384e-10
34400.056 1.8422211452278118e-10
34450.056 6.244153725134136e-10
34500.056 3.2698411230683364e-10
34550.056 2.157090974934071e-10
34600.056 1.0276278842161505e-09
34650.056 1.6605294590767932e-10
34700.056 7.192190368823611e-10
34750.056 4.507043259063626e-10
34800.056 3.5397409275335974e-10
34850.056 1.2130642303438056e-09
34900.056 2.999865628807288e-10
34950.056 1.0425255067396533e-09
35000.056 1.863112820923923e-09
35050.056 8.190398149279894e-10
35100.056 2.0349112736426946e-09
35150.056 1.7345130132625612e-09
35200.056 1.286138711957132e-09
35250.056 2.4651091002458924e-09
35300.056 9.123866242442813e-10
35350.056 1.340854677262098e-09
35400.056 1.1068531167116535e-09
35450.056 8.932938946166266e-10
35500.056 3.0975303521017256e-09
35550.056 1.7651613742866491e-09
35600.056 2.119359791825142e-09
35650.056 2.3585573834631696e-09
35700.056 2.3104045089317697e-09
35750.056 3.535389053383693e-09
35800.056 2.9018637316352612e-09
35850.056 1.2359719747229925e-09
35900.056 1.7858337390392137e-09
35950.056 2.4841361616648055e-09
36000.056 2.6283782453894022e-09
36050.056 1.9333705919497353e-09
36100.056 1.7673598197680135e-09
36150.056 3.948937241327078e-09
36200.056 4.387314448812424e-09
36250.056 2.9037389272029398e-09
36300.056 6.605144460935934e-09
36350.056 3.906741755288956e-09
36400.056 6.060563642321463e-09
36450.056 5.444726618018638e-09
36500.056 6.092687134873376e-09
36550.056 8.97888629167898e-09
36600.056 9.691711301576675e-09
36650.056 6.92176307817949e-09
36700.056 7.139022986078741e-09
36750.056 9.477067317404207e-09
36800.056 1.1151336930460585e-08
36850.056 6.311903104092618e-09
36900.056 9.484027175471552e-09
36950.056 1.1119075948198067e-08
37000.056 7.684713154221114e-09
37050.056 1.2238178929485853e-08
37100.056 7.634909383551705e-09
37150.056 8.752168003824604e-09
37200.056 1.4133389679197251e-08
37250.056 8.570634815822315e-09
37300.056 6.4610792527260196e-09
37350.056 1.1110440771512144e-08
37400.056 1.674950879010875e-08
37450.056 7.007160552683294e-09
37500.056 9.630125947121106e-09
37550.056 1.8282397305927292e-08
37600.056 2.581786494644473e-08
37650.056 8.465196558310396e-09
37700.056 1.6104950687811378e-08
37750.056 1.1189195225549173e-08
37800.056 1.1675493359946674e-08
37850.056 6.5043209403602e-09
37900.056 7.995278956592287e-09
37950.056 1.4904959478809673e-08
38000.056 1.3559139730968435e-08
38050.056 1.8806128482636062e-08
38100.056 2.3543578908446585e-08
38150.056 2.5095831561178575e-08
38200.056 2.0314063951454967e-08
38250.056 2.22444613684906e-08
38300.056 3.373061666350979e-08
38350.056 3.155010940065067e-08
38400.056 1.4476647208552246e-08
38450.056 7.507636953382154e-09
38500.056 5.288097664310837e-09
38550.056 1.612165037410421e-08
38600.056 1.6815391293256297e-08
38650.056 1.9127260748266596e-08
38700.056 1.733747376909634e-08
38750.056 1.6985035445371403e-08
38800.056 1.7450854060669934e-08
38850.056 1.9606992498991727e-08
38900.056 2.4783513228560938e-08
38950.056 1.5497645034047363e-08
39000.056 2.3374898317154004e-08
39050.056 1.5947795108780606e-08
39100.056 2.1846406545572088e-08
39150.056 2.9504673908370494e-08
39200.056 2.0715568246656077e-08
39250.056 3.0945608288630803e-08
39300.056 2.2723134333357523e-08
39350.056 3.682200076679937e-08
39400.056 2.3034588966406983e-08
39450.056 3.176050992805787e-08
39500.056 3.334957927460342e-08
39550.056 1.746990004811137e-08
39600.056 3.0414539079842073e-08
39650.056 4.024833503099712e-08
39700.056 3.654998666180489e-08
39750.056 1.905891383893488e-08
39800.056 2.2212539118539922e-08
39850.056 4.44547562790033e-08
39900.056 4.851820336770245e-08
39950.056 2.4301406066317684e-08
40000.056 3.983241022199955e-08
40050.056 4.305705189289909e-08
40100.056 1.756325024123312e-08
40150.056 3.9134540033402226e-08
40200.056 4.147062277639149e-08
40250.056 4.5694659835490436e-08
40300.056 4.58932022660043e-08
40350.056 2.937923313518281e-08
40400.056 4.2083901673534394e-08
40450.056 2.2872247618013632e-08
40500.056 4.7450835234898624e-08
40550.056 5.139993475690168e-08
40600.056 4.3140985013001024e-08
40650.056 3.5420080979532857e-08
40700.056 6.302452387889489e-08
40750.056 4.3308805597791645e-08
40800.056 2.7757477474791386e-08
40850.056 6.828033050601271e-08
40900.056 5.94263697105933e-08
40950.056 4.995918581180829e-08
41000.056 4.173166429569489e-08
41050.056 7.18138848059887e-08
41100.056 6.18240185201979e-08
41150.056 2.7999941522385958e-08
41200.056 6.84043635230068e-08
41250.056 5.965397113565202e-08
41300.056 6.154486393300344e-08
41350.056 7.553481338199586e-08
41400.056 6.321293217600204e-08
41450.056 8.128825078199282e-08
41500.056 5.339295432107176e-08
41550.056 4.996615365674552e-08
41600.056 5.37404087143706e-08
41650.056 6.959777948000636e-08
41700.056 8.412319803198508e-08
41750.056 6.646719487799314e-08
41800.056 7.071797551901248e-08
41850.056 6.379517757609059e-08
41900.056 5.9066314928544266e-08
41950.056 6.130879588950063e-08
42000.056 4.066438576485418e-08
42050.056 4.5497357389866785e-08
42100.056 5.4850737694495785e-08
42150.056 5.41910590672998e-08
42200.056 5.6985124376595597e-08
42250.056 5.1609769933007274e-08
42300.056 4.7741891810197264e-08
42350.056 6.866181889740356e-08
42400.056 7.778967518300627e-08
42450.056 7.170654291401304e-08
42500.056 7.384966226799399e-08
42550.056 6.402298905899153e-08
42600.056 6.768659066442156e-08
42650.056 9.633240228398265e-08
42700.056 5.401088616598086e-08
42750.056 6.55385706240107e-08
42800.056 9.064609456900682e-08
42850.056 9.632161624197945e-08
42900.056 1.0119432204701142e-07
42950.056 7.841027604199328e-08
43000.056 9.07567859670024e-08
43050.056 4.8975902574106004e-08
43100.056 7.964052389499519e-08
43150.056 6.467026549500573e-08
43200.056 8.901134887100551e-08
43250.056 1.1724205486900598e-07
43300.056 1.0905478447200105e-07
43350.056 6.09593734579866e-08
43400.056 8.908931845600429e-08
43450.056 6.181543564200523e-08
43500.056 6.489844154401116e-08
43550.056 6.784836816150512e-08
43600.056 1.0270359044900945e-07
43650.056 6.377789566069882e-08
43700.056 1.1400809370201845e-07
43750.056 1.0381964656599475e-07
43800.056 9.347886261099413e-08
43850.056 8.570153034501088e-08
43900.056 7.055852175799148e-08
43950.056 4.942236856899466e-08
44000.056 4.780655100029917e-08
44050.056 1.0585491199400337e-07
44100.056 1.3304481377500245e-07
44150.056 1.2148448444699727e-07
44200.056 1.1342178484100308e-07
44250.056 6.706261024599558e-08
44300.056 5.227359352180768e-08
44350.056 5.91787284529504e-08
44400.056 5.592939674289598e-08
44450.056 9.407559943500568e-08
44500.056 8.349899906221246e-08
44550.056 1.1630185891899498e-07
44600.056 9.904678307430118e-08
44650.056 9.307328337600163e-08
44700.056 6.393088734199299e-08
44750.056 9.168181863501703e-08
44800.056 6.684349132900538e-08
44850.056 9.334443107900359e-08
44900.056 8.001485820700079e-08
44950.056 9.106155642700804e-08
45000.056 1.0532823466100335e-07
45050.056 9.616272962499064e-08
45100.056 8.833568822900443e-08
45150.056 8.13255564102912e-08
45200.056 6.150409124350598e-08
45250.056 7.32364658243854e-08
45300.056 6.833378252090929e-08
45350.056 5.514071293260817e-08
45400.056 1.2587959489001108e-07
45450.056 1.0745754076901096e-07
45500.056 1.2134326916200604e-07
45550.056 1.2849371314397443e-07
45600.056 1.1708180223701291e-07
45650.056 9.941500112499822e-08
45700.056 6.590227891819584e-08
45750.056 6.068958671300316e-08
45800.056 1.3084175057200677e-07
45850.056 1.0829195611850015e-07
45900.056 1.2890650811199646e-07
45950.056 1.1299851133999634e-07
46000.056 1.233169218445137e-07
46050.056 9.577524239200226e-08
46100.056 1.428298471999935e-07
46150.056 8.992016380300003e-08
46200.056 7.767158086549042e-08
46250.056 3.404743834958679e-08
46300.056 9.091284629800174e-08
46350.056 9.610030977701214e-08
46400.056 9.131293164200315e-08
46450.056 8.291800506189768e-08
46500.056 9.05507998888173e-08
46550.056 5.2703202907901354e-08
46600.056 7.219867181674982e-08
46650.056 1.0739500073100603e-07
46700.056 7.576375137798508e-08
46750.056 3.879283311650658e-08
46800.056 2.654531847789897e-08
46850.056 1.026112164910127e-07
46900.056 1.0904082047299541e-07
46950.056 1.0574979361999328e-07
47000.056 1.030663190720113e-07
47050.056 7.585018530291689e-08
47100.056 5.6260705923704515e-08
47150.056 8.676754347101138e-08
47200.056 9.81435224069942e-08
47250.056 5.265538898569311e-08
47300.056 3.5755666804256664e-08
47350.056 1.0744641833400506e-07
47400.056 9.985167927899222e-08
47450.056 7.680443980030898e-08
47500.056 1.1463192774999352e-07
47550.056 9.705438318100287e-08
47600.056 8.991225834899152e-08
47650.056 9.797208531843472e-08
47700.056 7.678833280924637e-08
47750.056 5.763892733490071e-08
47800.056 4.894883172100691e-08
47850.056 2.3922129989113905e-08
47900.056 3.8093469068978435e-08
47950.056 8.69674552430032e-08
48000.056 1.1222664502499954e-07
48050.056 9.246537087679674e-08
48100.056 4.2142947257503127e-08
48150.056 7.447561568400251e-08
48200.056 5.268615273717706e-08
48250.056 6.837677172699993e-08
48300.056 1.0845157239299672e-07
48350.056 6.91736650759932e-08
48400.056 1.799184355251152e-08
48450.056 3.735801168990864e-08
48500.056 6.262660972798533e-08
48550.056 6.820574793406765e-08
48600.056 8.79716843570002e-08
48650.056 1.0864080455299587e-07
48700.056 7.550429280201103e-08
48750.056 5.178583791301298e-08
48800.056 9.372110114600524e-08
48850.056 5.24320719685913e-08
48900.056 6.708777081191338e-08
48950.056 3.935845182659907e-08
49000.056 2.1118005827855634e-08
49050.056 6.493151414479165e-08
49100.056 8.02090746788129e-08
49150.056 6.188161917054092e-08
49200.056 9.316091080701128e-08
49250.056 9.535443013000424e-08
49300.056 8.071444051199804e-08
49350.056 3.4150030039127695e-08
49400.056 5.071025010158802e-08
49450.056 4.7096084622461075e-08
49500.056 3.834751570212473e-08
49550.056 8.444581979180082e-09
49600.056 2.394706921826014e-08
49650.056 5.486468347500132e-08
49700.056 6.15208195939841e-08
49750.056 6.024988875369769e-08
49800.056 3.8648686882705e-08
49850.056 7.79005764910097e-08
49900.056 6.840161773799702e-08
49950.056 6.574394678799936e-08
50000.056 5.050403880772034e-08
50050.056 6.154850109560282e-08
50100.056 5.020852794699678e-08
50150.056 2.3692613149895673e-08
50200.056 4.336739737027992e-09
50250.056 2.6974705566999385e-08
50300.056 1.7852291829663008e-08
50350.056 5.7646973878008335e-08
50400.056 6.235779189459409e-08
50450.056 4.55715738164021e-08
50500.056 7.114340953260351e-08
50550.056 6.521765971200295e-08
50600.056 4.649796288148698e-08
50650.056 7.351079489101093e-08
50700.056 7.432343933799643e-08
50750.056 4.6943049375002746e-08
50800.056 1.6647644355159032e-08
50850.056 8.974377334904298e-09
50900.056 5.314932446800296e-08
50950.056 4.9524597285996475e-08
51000.056 3.8544664069050375e-08
51050.056 5.674471936099191e-08
51100.056 2.152605308707881e-08
51150.056 2.3831862426818447e-08
51200.056 6.92525421609979e-08
51250.056 5.096783776729065e-08
51300.056 3.388418983660879e-08
51350.056 3.320566534686712e-08
51400.056 1.1491580347515284e-08
51450.056 9.044351050225976e-09
51500.056 8.28241325512533e-09
51550.056 3.211377855520537e-08
51600.056 2.847523393720539e-08
51650.056 3.728805308179799e-08
51700.056 3.871703688064077e-08
51750.056 2.5700530227879837e-08
51800.056 4.763541979399337e-08
51850.056 3.805944922689821e-08
51900.056 4.747866379400099e-08
51950.056 2.7275812213396867e-08
52000.056 2.706860367004904e-09
52050.056 1.4550010479001892e-08
52100.056 8.232139438598565e-09
52150.056 4.713600381997308e-09
52200.056 1.527548326869952e-08
52250.056 2.4787986821905125e-08
52300.056 3.2998402935998166e-08
52350.056 1.0022227462928132e-08
52400.056 1.0762910304609867e-08
52450.056 3.865683833400371e-08
52500.056 2.9511493909762524e-08
52550.056 3.4418347206997904e-08
52600.056 2.5674620865100886e-08
52650.056 3.094936484280251e-08
52700.056 2.1046817898399303e-08
52750.056 8.353038586921558e-09
52800.056 1.533182155620262e-08
52850.056 1.8423211699295e-08
52900.056 7.837429874438783e-09
52950.056 1.3053337968121754e-08
53000.056 2.381453351100275e-08
53050.056 9.069522594637548e-09
53100.056 3.0479461111000103e-08
53150.056 3.1937754842001776e-08
53200.056 1.3590883816869507e-08
53250.056 2.8080077837800588e-08
53300.056 3.3338159718680236e-08
53350.056 2.6385085244900788e-08
53400.056 1.7612601293497378e-08
53450.056 5.81029074063796e-09
53500.056 1.0523907981425725e-09
53550.056 2.8514334074000237e-09
53600.056 1.348449127604334e-08
