galfind/configs/Brown_Dwarf_templates/sonora_bobcat/m-0.5/100g/sp_t1500g100nc_m-0.5_resample.dat
# %ECSV 1.0
# ---
# datatype:
# - {name: wav, unit: Angstrom, datatype: float64}
# - {name: flux_nu, unit: erg / (cm2 Hz s), datatype: float64}
# meta: {C/O: '1.00', Kzz: '1.0000E+05', Teff: '1500.', Y: '0.28', '[Fe/H]': '-0.50', f_hole: '1.00', f_rain: '0.00', grav: '100.'}
# schema: astropy-2.0
wav flux_nu
[from data line 501]
29050.056 6.886411443959704e-07
29100.056 5.473679979241003e-07
29150.056 7.470890944881141e-07
29200.056 6.307626810270796e-07
29250.056 7.385496844669841e-07
29300.056 5.78101517221774e-07
29350.056 8.844526850098675e-07
29400.056 6.822254594279005e-07
29450.056 7.069354750969823e-07
29500.056 7.254673686289063e-07
29550.056 7.072032529710168e-07
29600.056 7.798964420328061e-07
29650.056 7.280309113839333e-07
29700.056 6.634013563668582e-07
29750.056 7.991516969622564e-07
29800.056 8.277387551338956e-07
29850.056 7.827525845978951e-07
29900.056 7.319828669152731e-07
29950.056 8.461721853098561e-07
30000.056 8.221147861528545e-07
30050.056 7.642070447099695e-07
30100.056 6.744109966097983e-07
30150.056 9.231264535999668e-07
30200.056 7.933301163000258e-07
30250.056 8.440854371101586e-07
30300.056 7.684319303899537e-07
30350.056 7.52040027830075e-07
30400.056 8.556630461800477e-07
30450.056 6.97579220532106e-07
30500.056 6.163745439300745e-07
30550.056 6.968895433000986e-07
30600.056 7.066868054800272e-07
30650.056 6.702495700699263e-07
30700.056 6.27261166871971e-07
30750.056 6.010569858599709e-07
30800.056 5.91610338030112e-07
30850.056 5.219970622399029e-07
30900.056 5.365875378799197e-07
30950.056 4.830044945470801e-07
31000.056 4.673128296699997e-07
31050.056 4.985355737200148e-07
31100.056 4.213120643399758e-07
31150.056 4.474828275189763e-07
31200.056 4.6896359449001973e-07
31250.056 4.0578972302996954e-07
31300.056 4.055701427409616e-07
31350.056 3.787997327480059e-07
31400.056 3.557296020920389e-07
31450.056 3.558965310299645e-07
31500.056 3.405877656519374e-07
31550.056 3.473232415239997e-07
31600.056 3.184372970749861e-07
31650.056 3.08784868339e-07
31700.056 3.135207164699635e-07
31750.056 2.8860724139807964e-07
31800.056 3.249183646399501e-07
31850.056 2.9519416205203746e-07
31900.056 3.3119666499000536e-07
31950.056 2.74699226378027e-07
32000.056 3.078450045349473e-07
32050.056 3.186877592530194e-07
32100.056 3.20338201532024e-07
32150.056 3.3590343709996716e-07
32200.056 3.040620156269871e-07
32250.056 3.6321820664002916e-07
32300.056 3.073620555939871e-07
32350.056 3.8024616353998275e-07
32400.056 3.090525478499978e-07
32450.056 3.804986396298889e-07
32500.056 3.756804945380563e-07
32550.056 3.808959832599922e-07
32600.056 3.8614390171399086e-07
32650.056 4.494396797399801e-07
32700.056 4.3334630941004775e-07
32750.056 4.52661736310006e-07
32800.056 4.4460802540903384e-07
32850.056 4.6382626643993557e-07
32900.056 4.984125754199919e-07
32950.056 4.824096945799725e-07
33000.056 4.5680105872992507e-07
33050.056 4.132451649300448e-07
33100.056 3.528437042799826e-07
33150.056 2.4848540724701613e-07
33200.056 1.9776565611495057e-07
33250.056 1.6081185641395326e-07
33300.056 1.526497340910207e-07
33350.056 1.743925861300014e-07
33400.056 1.9481622446997468e-07
33450.056 2.1765729895599637e-07
33500.056 2.5852436093003244e-07
33550.056 2.811674873680448e-07
33600.056 3.2362876075999205e-07
33650.056 3.5711945232002083e-07
33700.056 3.511704250229714e-07
33750.056 4.221659718399948e-07
33800.056 4.176752717579667e-07
33850.056 4.5853246130996916e-07
33900.056 4.2425152203998664e-07
33950.056 4.187361843499862e-07
34000.056 4.5471587779999097e-07
34050.056 3.9914759911592905e-07
34100.056 4.6834837998995174e-07
34150.056 4.2751796560395724e-07
34200.056 3.8413556263991136e-07
34250.056 4.2675492535989875e-07
34300.056 3.788676878088095e-07
34350.056 3.606342620699936e-07
34400.056 3.5476651796601377e-07
34450.056 4.0368769970997804e-07
34500.056 4.0354570125998507e-07
34550.056 3.786849251499951e-07
34600.056 4.3540029388999954e-07
34650.056 4.173541968099592e-07
34700.056 4.0794684651996726e-07
34750.056 4.437006426699974e-07
34800.056 4.150829737399396e-07
34850.056 4.0113964986001383e-07
34900.056 4.528333657599689e-07
34950.056 4.223218814999222e-07
35000.056 5.018864314550498e-07
35050.056 4.2479259313995723e-07
35100.056 4.523420254399861e-07
35150.056 4.767948733699888e-07
35200.056 4.780065372000455e-07
35250.056 5.152557685599553e-07
35300.056 4.771912863700535e-07
35350.056 4.589208008999267e-07
35400.056 4.93917346850099e-07
35450.056 4.0637933677014336e-07
35500.056 5.330866408100394e-07
35550.056 5.33317581739958e-07
35600.056 4.97298249090081e-07
35650.056 5.552296474200001e-07
35700.056 5.022717166999996e-07
35750.056 5.398680517799096e-07
35800.056 6.608614027100411e-07
35850.056 5.421217372499833e-07
35900.056 6.500292878999584e-07
35950.056 6.294597681100013e-07
36000.056 6.371458332900555e-07
36050.056 6.613340391600018e-07
36100.056 6.79912882869643e-07
36150.056 6.880912257300582e-07
36200.056 7.619048646999666e-07
36250.056 7.23275046529935e-07
36300.056 7.917039386500371e-07
36350.056 7.700061706799179e-07
36400.056 7.783771821500235e-07
36450.056 8.6392528930999e-07
36500.056 8.480953282599366e-07
36550.056 9.115872000202496e-07
36600.056 9.30895662920049e-07
36650.056 9.434838122098176e-07
36700.056 1.0283597920799438e-06
36750.056 1.0281523128901382e-06
36800.056 1.0693891693099434e-06
36850.056 1.1107736930499108e-06
36900.056 1.078881416300065e-06
36950.056 1.202394146559914e-06
37000.056 1.2090019089199425e-06
37050.056 1.2197151583799757e-06
37100.056 1.278726906940083e-06
37150.056 1.2519780946500224e-06
37200.056 1.3294531478100192e-06
37250.056 1.353596206179906e-06
37300.056 1.2952381512398674e-06
37350.056 1.2866195228502207e-06
37400.056 1.479057187399937e-06
37450.056 1.3817921723301243e-06
37500.056 1.4294336519998786e-06
37550.056 1.5224584603000285e-06
37600.056 1.5939515496000024e-06
37650.056 1.4819819095900153e-06
37700.056 1.6349003927200955e-06
37750.056 1.5591363582200418e-06
37800.056 1.6309323926002168e-06
37850.056 1.5446690342999686e-06
37900.056 1.5994013023002621e-06
37950.056 1.5930450345399442e-06
38000.056 1.7268784789600862e-06
38050.056 1.7065602779001192e-06
38100.056 1.6322200600201718e-06
38150.056 1.8194063790999449e-06
38200.056 1.8314054099000544e-06
38250.056 1.7105382766001452e-06
38300.056 1.8005872605999474e-06
38350.056 1.870058391900013e-06
38400.056 1.7859104323998384e-06
38450.056 1.916531846300017e-06
38500.056 1.8134274631001323e-06
38550.056 1.922301678100098e-06
38600.056 2.01898013269989e-06
38650.056 1.8954198841999928e-06
38700.056 1.9407236868001713e-06
38750.056 2.005656156800029e-06
38800.056 1.942028113699942e-06
38850.056 1.927584219100018e-06
38900.056 1.9292129781999844e-06
38950.056 2.034500805499978e-06
39000.056 2.0027861874000436e-06
39050.056 2.0414362630998783e-06
39100.056 1.9104638434002027e-06
39150.056 2.0274728674000583e-06
39200.056 2.0668397306999823e-06
39250.056 2.0652652561997428e-06
39300.056 2.015724516999721e-06
39350.056 2.074942912170168e-06
39400.056 2.0654104545000893e-06
39450.056 2.0677049149999346e-06
39500.056 1.9839338913999283e-06
39550.056 2.0120026417998885e-06
39600.056 2.139474731799815e-06
39650.056 2.0171771403000136e-06
39700.056 2.042115675299992e-06
39750.056 2.003949613559957e-06
39800.056 1.966867890999982e-06
39850.056 2.0543704266999193e-06
39900.056 2.00880298150006e-06
39950.056 2.0777236967998185e-06
40000.056 1.959321025400028e-06
40050.056 1.9159912888000515e-06
40100.056 1.9864086740999483e-06
40150.056 1.92148471949977e-06
40200.056 1.971150471799837e-06
40250.056 1.8521041703195833e-06
40300.056 1.842280117150168e-06
40350.056 1.9515033565001215e-06
40400.056 1.9249101096800808e-06
40450.056 1.8814441114001273e-06
40500.056 1.75540342180015e-06
40550.056 1.966022405899891e-06
40600.056 1.7304770425801682e-06
40650.056 1.8404022913699636e-06
40700.056 1.9536061591000145e-06
40750.056 1.7590697279995046e-06
40800.056 1.6853240298899858e-06
40850.056 1.7186357632203279e-06
40900.056 1.6925280349800488e-06
40950.056 1.7522856661599813e-06
41000.056 1.7630230380999431e-06
41050.056 1.7683353704598195e-06
41100.056 1.6570680032899445e-06
41150.056 1.7084500215999669e-06
41200.056 1.7050158477000416e-06
41250.056 1.6914966894500692e-06
41300.056 1.5152273009997365e-06
41350.056 1.7526232152300565e-06
41400.056 1.62826577700014e-06
41450.056 1.6584538329902043e-06
41500.056 1.6536794809600399e-06
41550.056 1.6452718393900097e-06
41600.056 1.6695561650800611e-06
41650.056 1.5968711666002092e-06
41700.056 1.52410266638982e-06
41750.056 1.5941352979199173e-06
41800.056 1.691660620459844e-06
41850.056 1.3662207313002046e-06
41900.056 1.6352407037698555e-06
41950.056 1.5865948709602804e-06
42000.056 1.5636594319202198e-06
42050.056 1.4100287115597292e-06
42100.056 1.6563673994201876e-06
42150.056 1.2993524406398113e-06
42200.056 1.3500651148900867e-06
42250.056 1.5136221024099152e-06
42300.056 1.3533498310800307e-06
42350.056 1.5601273469602323e-06
42400.056 1.3778710736802119e-06
42450.056 1.2425613920100277e-06
42500.056 1.2945454875301518e-06
42550.056 1.3287389232099453e-06
42600.056 1.3260422752202513e-06
42650.056 1.3596261342495143e-06
42700.056 1.3786996548901796e-06
42750.056 1.2906136455999935e-06
42800.056 1.3102829340002394e-06
42850.056 1.4365177378097328e-06
42900.056 1.400386518760093e-06
42950.056 1.218417062999576e-06
43000.056 1.28944114531e-06
43050.056 1.1286306602104599e-06
43100.056 1.225826000219993e-06
43150.056 1.220641858240147e-06
43200.056 1.1895782824000683e-06
43250.056 1.238116576939937e-06
43300.056 1.274683256230039e-06
43350.056 1.1024362662098305e-06
43400.056 1.1583933673399317e-06
43450.056 1.1326326700101778e-06
43500.056 1.1307132739098868e-06
43550.056 1.1565291654700411e-06
43600.056 1.2401926307400507e-06
43650.056 1.0780722297000118e-06
43700.056 1.1184021852899556e-06
43750.056 1.1229356834001382e-06
43800.056 1.0578687755899872e-06
43850.056 1.050581818490194e-06
43900.056 1.096989965119913e-06
43950.056 9.88982735669965e-07
44000.056 9.260018911200339e-07
44050.056 9.558047411400452e-07
44100.056 1.0273493457501104e-06
44150.056 1.0381159808799175e-06
44200.056 9.721500207800447e-07
44250.056 9.391149086499949e-07
44300.056 9.053218150700978e-07
44350.056 8.94721537850067e-07
44400.056 9.268489075899533e-07
44450.056 9.325095384600226e-07
44500.056 9.274953790201223e-07
44550.056 8.815573894498641e-07
44600.056 8.589662870000967e-07
44650.056 9.215827802500493e-07
44700.056 8.347635799500465e-07
44750.056 8.856887227599215e-07
44800.056 8.750684744499666e-07
44850.056 8.65639761700085e-07
44900.056 8.088207871200707e-07
44950.056 7.939068531700514e-07
45000.056 8.378252352599578e-07
45050.056 8.445336937899519e-07
45100.056 8.730045789899933e-07
45150.056 8.053995136099931e-07
45200.056 7.525266707600181e-07
45250.056 7.798113249399268e-07
45300.056 8.277135459800299e-07
45350.056 8.438433336399381e-07
45400.056 8.082488843400785e-07
45450.056 7.562457457898851e-07
45500.056 7.866627291199594e-07
45550.056 8.453050772899536e-07
45600.056 7.900246220699928e-07
45650.056 7.256413254298776e-07
45700.056 8.357975897500708e-07
45750.056 7.576556908000181e-07
45800.056 7.577301154699709e-07
45850.056 8.849790032999661e-07
45900.056 8.645124854400274e-07
45950.056 7.592873376100051e-07
46000.056 8.772238477700299e-07
46050.056 8.71914302340151e-07
46100.056 7.50041651810052e-07
46150.056 8.131105445699563e-07
46200.056 8.462765206401625e-07
46250.056 7.289192565799862e-07
46300.056 9.036533845099878e-07
46350.056 7.943354353099378e-07
46400.056 8.167028053799406e-07
46450.056 8.46166203270076e-07
46500.056 7.614294235399697e-07
46550.056 9.177177918299917e-07
46600.056 8.640624852900378e-07
46650.056 1.067013748799847e-06
46700.056 9.943876437903083e-07
46750.056 8.077864970499797e-07
46800.056 8.628235900600936e-07
46850.056 9.465658245101124e-07
46900.056 8.901028271098701e-07
46950.056 9.88351127030001e-07
47000.056 8.357499063400031e-07
47050.056 9.949562758198761e-07
47100.056 7.715647707800728e-07
47150.056 8.49964246440071e-07
47200.056 9.229102776001452e-07
47250.056 8.214544801899396e-07
47300.056 8.375766160998614e-07
47350.056 7.748862483198989e-07
47400.056 9.234480466098767e-07
47450.056 8.056311781299613e-07
47500.056 9.249239725799105e-07
47550.056 8.144305743899437e-07
47600.056 9.161505499699282e-07
47650.056 7.104581729198658e-07
47700.056 9.370197846300679e-07
47750.056 6.758927218001145e-07
47800.056 9.153757316299289e-07
47850.056 7.138857844999167e-07
47900.056 8.935130283000201e-07
47950.056 7.240605103200794e-07
48000.056 1.0033542808000088e-06
48050.056 7.944337366900873e-07
48100.056 8.660233177699907e-07
48150.056 7.888388734801038e-07
48200.056 9.168694662500735e-07
48250.056 7.758162880000231e-07
48300.056 9.882411495598335e-07
48350.056 7.121600774499625e-07
48400.056 8.6815693409998e-07
48450.056 7.57431663750037e-07
48500.056 1.005048876410013e-06
48550.056 7.195991640599962e-07
48600.056 9.345690041299439e-07
48650.056 7.556986593399744e-07
48700.056 9.300486542100546e-07
48750.056 6.768148097000611e-07
48800.056 1.012637325310031e-06
48850.056 7.253978673098571e-07
48900.056 9.633331660000745e-07
48950.056 8.539472140000202e-07
49000.056 8.044121354699061e-07
49050.056 9.163128874499825e-07
49100.056 8.256730786400588e-07
49150.056 8.779659302999647e-07
49200.056 8.269438380299741e-07
49250.056 8.828366367000318e-07
49300.056 7.714766381999459e-07
49350.056 8.124454696700041e-07
49400.056 9.311463972800212e-07
49450.056 8.247534288601864e-07
49500.056 8.445465254700061e-07
49550.056 7.425070372499867e-07
49600.056 8.229869623901443e-07
49650.056 8.529861395899963e-07
49700.056 7.556005689499122e-07
49750.056 1.0687062307598698e-06
49800.056 8.160354419100262e-07
49850.056 1.0333590891600832e-06
49900.056 8.352650162800261e-07
49950.056 8.772739212198658e-07
50000.056 8.725496074098482e-07
50050.056 8.761537029000352e-07
50100.056 9.329852938399553e-07
50150.056 7.757668698900132e-07
50200.056 7.224439694400567e-07
50250.056 8.885279700600077e-07
50300.056 8.212316815699685e-07
50350.056 9.84800648129993e-07
50400.056 8.411296932799516e-07
50450.056 8.273149754201218e-07
50500.056 1.0140373288601196e-06
50550.056 8.621801255399952e-07
50600.056 9.141574155699724e-07
50650.056 8.908512916601348e-07
50700.056 9.78507279379825e-07
50750.056 1.0066301038301252e-06
50800.056 7.354411136198967e-07
50850.056 8.634124688201293e-07
50900.056 9.656632328499636e-07
50950.056 9.226562156901799e-07
51000.056 1.0783270702201018e-06
51050.056 8.416986506100709e-07
51100.056 7.906865864599347e-07
51150.056 9.222948852899445e-07
51200.056 9.325660917599806e-07
51250.056 9.50022378039976e-07
51300.056 7.996543670302391e-07
51350.056 8.930237431999043e-07
51400.056 8.001217589598782e-07
51450.056 6.458810420498804e-07
51500.056 8.222404476700777e-07
51550.056 1.0758184716801007e-06
51600.056 7.683269281000547e-07
51650.056 8.8054280430989e-07
51700.056 8.560928277797816e-07
51750.056 7.863454257100379e-07
51800.056 9.574682531697703e-07
51850.056 9.31529186089911e-07
51900.056 1.0242572417801399e-06
51950.056 9.25353703459932e-07
52000.056 7.476989904799729e-07
52050.056 8.963656221199543e-07
52100.056 8.126329668299041e-07
52150.056 8.197407453500326e-07
52200.056 7.77821623749999e-07
52250.056 8.441057282700108e-07
52300.056 9.786206942499702e-07
52350.056 9.872436930100632e-07
52400.056 7.274666179101104e-07
52450.056 8.701732953400121e-07
52500.056 9.615215107298465e-07
52550.056 9.30761188419794e-07
52600.056 8.946445899901032e-07
52650.056 9.78939158170153e-07
52700.056 8.515754531900165e-07
52750.056 7.298747878199468e-07
52800.056 8.102594968500656e-07
52850.056 7.814751931398968e-07
52900.056 8.573204998500287e-07
52950.056 8.436883280999376e-07
53000.056 9.659694741599734e-07
53050.056 8.02945937869819e-07
53100.056 7.947492858398659e-07
53150.056 1.022195762920099e-06
53200.056 6.948708282800518e-07
53250.056 9.817645538200045e-07
53300.056 9.587307639203607e-07
53350.056 9.556891648799062e-07
53400.056 9.16886084710064e-07
53450.056 7.94374431710039e-07
53500.056 6.616535809798817e-07
53550.056 8.405504121599126e-07
53600.056 9.171712445601423e-07
53650.056 7.54679888680051e-07
53700.056 7.853060715001262e-07
53750.056 8.344988785900242e-07
53800.056 8.251366600800961e-07
