galfind/configs/Brown_Dwarf_templates/sonora_bobcat/m-0.5/100g/sp_t225g100nc_m-0.5_resample.dat
# %ECSV 1.0
# ---
# datatype:
# - {name: wav, unit: Angstrom, datatype: float64}
# - {name: flux_nu, unit: erg / (cm2 Hz s), datatype: float64}
# meta: {C/O: '1.00', Kzz: '1.0000E+05', Teff: '225.', Y: '0.28', '[Fe/H]': '-0.50', f_hole: '1.00', f_rain: '0.00', grav: '100.'}
# schema: astropy-2.0
wav flux_nu
[from data line 499]
28950.056 9.429135959139118e-14
29000.056 4.495414759180268e-14
29050.056 1.0922031016563196e-13
29100.056 2.0725604257609202e-14
29150.056 1.276598807701469e-14
29200.056 4.3546345956618603e-13
29250.056 1.0845584568588838e-13
29300.056 4.823535132247511e-14
29350.056 2.1631790799157088e-13
29400.056 2.0781170769655848e-13
29450.056 2.1639571993122784e-14
29500.056 3.69735328161393e-13
29550.056 8.424676616949724e-14
29600.056 4.20304397248637e-14
29650.056 4.2401790785575467e-13
29700.056 5.23317216953722e-14
29750.056 4.1695979928560394e-13
29800.056 8.865835924559032e-14
29850.056 4.908474563776706e-13
29900.056 1.364723102092898e-13
29950.056 1.486270658935403e-13
30000.056 5.044822342566634e-16
30050.056 4.8094453324762366e-14
30100.056 1.9883262910939105e-13
30150.056 4.892279004544135e-13
30200.056 4.4272003035764794e-13
30250.056 4.0691999052845417e-13
30300.056 7.065287783160951e-13
30350.056 8.641176424484605e-14
30400.056 1.0154683536129411e-12
30450.056 1.506494051978904e-12
30500.056 9.774432661664956e-14
30550.056 1.5656803630653795e-13
30600.056 1.1173487165481482e-11
30650.056 2.984525185727424e-12
30700.056 2.4871209192203834e-13
30750.056 1.5607602699667436e-12
30800.056 4.87268054093339e-12
30850.056 3.329919998179606e-12
30900.056 1.3671555211187709e-12
30950.056 6.392552724100696e-13
31000.056 1.010763554792451e-12
31050.056 1.889654275301959e-13
31100.056 1.4915034422493286e-13
31150.056 8.607183055002715e-13
31200.056 5.281412415000923e-12
31250.056 2.6995595991839726e-12
31300.056 3.9091300786909484e-13
31350.056 5.234511526004053e-12
31400.056 2.5470478752912263e-12
31450.056 2.433753192846659e-12
31500.056 5.704583447405494e-13
31550.056 1.5661646058926346e-12
31600.056 1.4576244454571763e-12
31650.056 9.093671658038238e-13
31700.056 5.564748037044857e-13
31750.056 2.5655791986121454e-13
31800.056 4.20827140478023e-13
31850.056 3.81411386319448e-14
31900.056 1.2425525621937011e-13
31950.056 5.225094929317989e-14
32000.056 2.7108875187312325e-14
32050.056 2.4391161556166546e-14
32100.056 2.2317315624664503e-14
32150.056 1.1066879807188884e-14
32200.056 3.1345541767399973e-15
32250.056 8.110891620766143e-15
32300.056 9.212257381039905e-16
32350.056 3.4119483330913633e-15
32400.056 1.1494790123218186e-16
32450.056 1.83081811351915e-15
32500.056 8.648944026158559e-17
32550.056 1.1387137014154474e-15
32600.056 3.569016733244926e-17
32650.056 2.0651390849110366e-15
32700.056 6.259804289686772e-17
32750.056 9.050825766342096e-15
32800.056 1.7777941312267786e-15
32850.056 5.257691194426969e-14
32900.056 2.454663840873097e-14
32950.056 5.419040258046169e-14
33000.056 1.0634484041525274e-14
33050.056 2.78031762756739e-15
33100.056 2.912747232639927e-16
33150.056 6.474091552608679e-19
33200.056 1.0085386139636829e-16
33250.056 2.1647753268627323e-16
33300.056 1.2616322505340778e-14
33350.056 5.230287845681255e-15
33400.056 5.896767771192686e-14
33450.056 1.4485820895480505e-15
33500.056 3.170401293250604e-14
33550.056 2.482743967864021e-15
33600.056 1.3431171298563535e-14
33650.056 1.8339458900851787e-14
33700.056 1.0069967980930814e-15
33750.056 2.0959201850098144e-14
33800.056 3.5967302986090995e-16
33850.056 9.210708777945309e-15
33900.056 1.0537862854675037e-14
33950.056 1.5365404366791277e-14
34000.056 5.443534941858002e-14
34050.056 7.846571725570252e-15
34100.056 7.84594659744614e-14
34150.056 2.1455305768165784e-14
34200.056 1.4803187508297968e-13
34250.056 2.998371692638006e-14
34300.056 6.641871060655441e-14
34350.056 7.145356124263213e-13
34400.056 4.535437067142558e-14
34450.056 3.741175071506298e-13
34500.056 5.941917724681205e-14
34550.056 4.889379149040336e-13
34600.056 2.8468777274114617e-12
34650.056 4.0126746604550074e-14
34700.056 1.2173868674303748e-12
34750.056 3.574326205142457e-13
34800.056 1.9249571131241687e-13
34850.056 1.0986660314240344e-12
34900.056 9.113157012075399e-14
34950.056 2.528144849986884e-12
35000.056 1.7329209482771573e-12
35050.056 3.868406053701975e-12
35100.056 5.180030477539556e-12
35150.056 4.520657302472548e-12
35200.056 5.20815307532888e-12
35250.056 1.0653077804721842e-11
35300.056 1.1846590578406857e-12
35350.056 3.0452175461510236e-13
35400.056 1.8328411795273045e-13
35450.056 2.0868017389574006e-13
35500.056 1.667134452923474e-12
35550.056 1.6054144487716817e-12
35600.056 3.882152392537635e-12
35650.056 5.9866365676312575e-12
35700.056 8.623798148071012e-12
35750.056 3.950930748953931e-12
35800.056 9.667293533752587e-13
35850.056 6.372949443735791e-13
35900.056 9.92969356036588e-13
35950.056 3.673390897872965e-12
36000.056 4.9053788086798586e-12
36050.056 3.7181993325815325e-12
36100.056 3.2489571473036516e-12
36150.056 3.339839024008939e-11
36200.056 1.4163153083742625e-11
36250.056 5.296345589082509e-12
36300.056 3.066565490081566e-11
36350.056 1.7982903849112513e-11
36400.056 2.2462392504010596e-11
36450.056 1.3927032563056476e-11
36500.056 1.1078472029784046e-11
36550.056 5.61063257200159e-11
36600.056 5.921609112257733e-11
36650.056 1.8122237976323393e-11
36700.056 4.167400606974533e-11
36750.056 7.347463930603126e-11
36800.056 9.175253196213676e-11
36850.056 2.0640323938336205e-11
36900.056 2.309649554438575e-11
36950.056 1.0772023652928458e-10
37000.056 6.44774497743109e-11
37050.056 1.1462926018632186e-10
37100.056 1.2205687557486323e-11
37150.056 3.4122065469888016e-11
37200.056 1.7602335116003696e-10
37250.056 8.167063853105575e-11
37300.056 1.9126405098693748e-11
37350.056 3.247636049228048e-11
37400.056 6.634317303590386e-11
37450.056 2.1900438702146176e-11
37500.056 3.239743239366079e-11
37550.056 1.8994807356515096e-10
37600.056 4.3980429384170294e-10
37650.056 3.2360650240159586e-11
37700.056 9.0736621855902e-11
37750.056 8.690195499818169e-11
37800.056 6.645402886886077e-11
37850.056 3.813716250745777e-11
37900.056 2.98958356304153e-11
37950.056 6.599648488042025e-11
38000.056 4.722078355674047e-11
38050.056 1.9574986581066638e-10
38100.056 2.6853666362034945e-10
38150.056 4.3141345513259307e-10
38200.056 1.9909407413172944e-10
38250.056 4.238305214431057e-10
38300.056 9.171932181575655e-10
38350.056 3.0356683268529344e-10
38400.056 4.7211824535488246e-11
38450.056 8.481745533009336e-12
38500.056 1.7136588743786182e-11
38550.056 1.5080534342801466e-10
38600.056 2.730106594499585e-10
38650.056 1.7730810428192099e-10
38700.056 6.910367532583559e-11
38750.056 1.7302823526632423e-10
38800.056 1.3788399688131514e-10
38850.056 2.009058528472535e-10
38900.056 2.4125228538418415e-10
38950.056 1.1001984043036771e-10
39000.056 3.853744129566546e-10
39050.056 4.720914467207393e-11
39100.056 1.5015744965923236e-10
39150.056 3.903658150712201e-10
39200.056 2.5622363272799524e-10
39250.056 3.7244160928856434e-10
39300.056 1.8688194740497307e-10
39350.056 7.108711707600032e-10
39400.056 2.2291185458409767e-10
39450.056 5.34738695899504e-10
39500.056 6.219029863499497e-10
39550.056 1.259538425805679e-10
39600.056 4.4841361152361246e-10
39650.056 9.198742713199855e-10
39700.056 8.768285463340596e-10
39750.056 1.5897212530087015e-10
39800.056 1.2290999056178194e-10
39850.056 7.870794347401248e-10
39900.056 1.2807511238000567e-09
39950.056 2.5308655287604313e-10
40000.056 6.132707175800193e-10
40050.056 8.556251618319259e-10
40100.056 1.1611061795489168e-10
40150.056 6.077826496200709e-10
40200.056 8.209763974319e-10
40250.056 1.0531864169697863e-09
40300.056 1.1516753828001164e-09
40350.056 3.379795735168215e-10
40400.056 4.5064651397906187e-10
40450.056 1.4669523985302346e-10
40500.056 1.0120474770140986e-09
40550.056 9.920545797157347e-10
40600.056 1.3003134839099496e-09
40650.056 6.282338108777614e-10
40700.056 1.0402565372778948e-09
40750.056 7.588285526739108e-10
40800.056 3.426591065823197e-10
40850.056 1.9526794457003215e-09
40900.056 1.931504080179753e-09
40950.056 1.076856745263465e-09
41000.056 6.814367372685456e-10
41050.056 2.2044125047700386e-09
41100.056 1.858091368513858e-09
41150.056 2.735195000535973e-10
41200.056 2.237641074414325e-09
41250.056 1.8766456540866424e-09
41300.056 1.8156520856723666e-09
41350.056 3.4765203790000527e-09
41400.056 2.341485724599769e-09
41450.056 2.937946749579894e-09
41500.056 1.2405627746664266e-09
41550.056 1.0675147416702574e-09
41600.056 1.3356527214558413e-09
41650.056 2.9093547713043886e-09
41700.056 4.543839013599821e-09
41750.056 3.2103533086900712e-09
41800.056 3.4760528361999344e-09
41850.056 2.3276975459217016e-09
41900.056 1.5326483579045263e-09
41950.056 1.2941274045868145e-09
42000.056 1.6612230922929612e-10
42050.056 4.624426668962739e-10
42100.056 9.519677343100076e-10
42150.056 1.3992974066299094e-09
42200.056 2.204578685300067e-09
42250.056 1.6442935916103238e-09
42300.056 1.199595893659861e-09
42350.056 3.0777035594300837e-09
42400.056 4.304762071900288e-09
42450.056 5.375030214100213e-09
42500.056 5.725469019499929e-09
42550.056 4.913143420999864e-09
42600.056 3.321482323690611e-09
42650.056 4.73951033309945e-09
42700.056 1.5525486973902627e-09
42750.056 4.597703554500548e-09
42800.056 7.14477133830014e-09
42850.056 7.0802478848996e-09
42900.056 6.5143929623001865e-09
42950.056 5.303472143100284e-09
43000.056 6.018579185999879e-09
43050.056 2.915563071159524e-09
43100.056 4.423698430120265e-09
43150.056 4.921032593900071e-09
43200.056 6.9385399178001235e-09
43250.056 7.7469674463001e-09
43300.056 7.183600245899861e-09
43350.056 5.010716841899735e-09
43400.056 6.069357062100052e-09
43450.056 3.5123213070899178e-09
43500.056 2.6888782787801118e-09
43550.056 4.043297567700136e-09
43600.056 7.139167070199941e-09
43650.056 4.215329926199844e-09
43700.056 6.912160485101002e-09
43750.056 8.073671990799675e-09
43800.056 6.297400782099894e-09
43850.056 5.559803523600441e-09
43900.056 3.7218622545201083e-09
43950.056 3.23806355799996e-09
44000.056 3.8021967547999295e-09
44050.056 7.405884205500491e-09
44100.056 8.760511898800068e-09
44150.056 7.840472857699823e-09
44200.056 7.798965299400036e-09
44250.056 5.206401918399734e-09
44300.056 3.4881397866000524e-09
44350.056 3.1480086008400385e-09
44400.056 3.3946202331000165e-09
44450.056 6.335811979500547e-09
44500.056 5.652615918000082e-09
44550.056 7.3561584121001095e-09
44600.056 5.602527622200036e-09
44650.056 6.239823632399964e-09
44700.056 4.994955954199453e-09
44750.056 6.5876818613003115e-09
44800.056 4.150987346900015e-09
44850.056 5.553075795500135e-09
44900.056 5.752304127799913e-09
44950.056 6.867627286300378e-09
45000.056 7.94775304689997e-09
45050.056 6.715462528299466e-09
45100.056 6.195791260000443e-09
45150.056 5.531021751799757e-09
45200.056 3.8488250695000955e-09
45250.056 4.701341138699531e-09
45300.056 4.463789749800238e-09
45350.056 2.934745958020323e-09
45400.056 8.045251547300144e-09
45450.056 6.2284272601007075e-09
45500.056 7.698793354000147e-09
45550.056 7.774763989099289e-09
45600.056 7.279745350000203e-09
45650.056 6.955489779999631e-09
45700.056 4.100720425159609e-09
45750.056 3.682857195280346e-09
45800.056 7.516317975600061e-09
45850.056 5.480452729930301e-09
45900.056 8.046814256399956e-09
45950.056 8.448082971299614e-09
46000.056 7.759426354300287e-09
46050.056 5.95487269700059e-09
46100.056 8.53256986899979e-09
46150.056 6.154202412099965e-09
46200.056 4.4327042884795065e-09
46250.056 1.5854249684200026e-09
46300.056 5.3825896621003645e-09
46350.056 5.606828496700299e-09
46400.056 6.024966854400135e-09
46450.056 4.393625105349714e-09
46500.056 6.018696460900282e-09
46550.056 3.3633109665195913e-09
46600.056 3.057155375649774e-09
46650.056 5.572118154100225e-09
46700.056 4.3954915636996e-09
46750.056 1.4630354559501301e-09
46800.056 8.008381589619133e-10
46850.056 4.43604607610064e-09
46900.056 6.524222664399955e-09
46950.056 6.856748298499952e-09
47000.056 7.170714853000144e-09
47050.056 4.07798578409916e-09
47100.056 4.059055377900037e-09
47150.056 5.112449556900391e-09
47200.056 5.82375019579984e-09
47250.056 2.35385851835949e-09
47300.056 1.7175696220205291e-09
47350.056 5.619376520300315e-09
47400.056 6.471833244299925e-09
47450.056 3.5125222834300004e-09
47500.056 6.060417171800581e-09
47550.056 6.417886398199961e-09
47600.056 3.911013696059622e-09
47650.056 4.9545872808297124e-09
47700.056 4.232031977310472e-09
47750.056 3.689914773199944e-09
47800.056 2.175623788579923e-09
47850.056 6.551262043711402e-10
47900.056 1.3802205063740488e-09
47950.056 4.430561904400323e-09
48000.056 5.205317913099569e-09
48050.056 3.95262353450009e-09
48100.056 2.231973692600044e-09
48150.056 4.210753526700156e-09
48200.056 1.988753531009648e-09
48250.056 3.4605281368001298e-09
48300.056 4.702364306399912e-09
48350.056 2.6992912686996404e-09
48400.056 4.2178691851086824e-10
48450.056 8.441741792982158e-10
48500.056 1.897878598609745e-09
48550.056 2.296334121281523e-09
48600.056 5.156192091200092e-09
48650.056 5.850172240799943e-09
48700.056 4.727861194200253e-09
48750.056 4.6293687847999935e-09
48800.056 4.9652628916999824e-09
48850.056 2.212049732999689e-09
48900.056 1.6895015685037779e-09
48950.056 7.905188496399725e-10
49000.056 5.811110347181641e-10
49050.056 2.1226038224797818e-09
49100.056 3.2320586428705134e-09
49150.056 3.0122225452999893e-09
49200.056 5.030063173200234e-09
49250.056 5.035826267099933e-09
49300.056 3.840604529289617e-09
49350.056 1.4230054979613193e-09
49400.056 2.023407036429624e-09
49450.056 1.4584753280252829e-09
49500.056 1.0196268271737857e-09
49550.056 1.486206708309973e-10
49600.056 4.0770495175708685e-10
49650.056 1.914030579000243e-09
49700.056 2.9290391357999796e-09
49750.056 1.7005585670418981e-09
49800.056 9.689146570800663e-10
49850.056 2.990712750200294e-09
49900.056 3.740377163099969e-09
49950.056 3.4339472717998732e-09
50000.056 1.4538227913546624e-09
50050.056 1.486570932062252e-09
50100.056 1.5086310220498964e-09
50150.056 4.364872135369079e-10
50200.056 7.184656879401899e-11
50250.056 3.868786661600031e-10
50300.056 3.00763741153068e-10
50350.056 1.6765014673401884e-09
50400.056 2.5790302618999332e-09
50450.056 2.6726411783001036e-09
50500.056 3.21745837990004e-09
50550.056 3.5831085080999775e-09
50600.056 1.9327207825497967e-09
50650.056 3.4219060312001143e-09
50700.056 2.8012245968998588e-09
50750.056 1.4763486749798831e-09
50800.056 3.0953608328391113e-10
50850.056 1.3246671282704937e-10
50900.056 1.099438977440155e-09
50950.056 1.4974066879198581e-09
51000.056 8.92352731332177e-10
51050.056 2.090469963719847e-09
51100.056 7.651855296829588e-10
51150.056 4.461499082221191e-10
51200.056 2.099831378200123e-09
51250.056 1.8452545502598456e-09
51300.056 1.1320589763899794e-09
51350.056 5.635753005338651e-10
51400.056 1.3261273068602633e-10
51450.056 1.298830217929678e-10
51500.056 1.4164396983604336e-10
51550.056 6.316136615801075e-10
51600.056 1.062208449070079e-09
51650.056 1.6613352707000427e-09
51700.056 1.2029334327337489e-09
51750.056 8.925852723941988e-10
51800.056 1.883870089800004e-09
51850.056 1.452119070999928e-09
51900.056 1.005814009609963e-09
51950.056 4.068298717199224e-10
52000.056 6.266987178498963e-11
52050.056 2.1624002057000867e-10
52100.056 1.174024615269802e-10
52150.056 7.153342830441981e-11
52200.056 3.0265881864002184e-10
52250.056 5.658725433700558e-10
52300.056 5.337102774499478e-10
52350.056 1.2572196295299056e-10
52400.056 1.536412360830053e-10
52450.056 6.862249307400767e-10
52500.056 4.2546098206897115e-10
52550.056 1.0007631198799728e-09
52600.056 1.1132792143201136e-09
52650.056 1.3175380830899488e-09
52700.056 6.436587963699187e-10
52750.056 1.4566437904296037e-10
52800.056 3.2200324607005227e-10
52850.056 3.8356163393993176e-10
52900.056 1.0669286937996606e-10
52950.056 1.9010110124703527e-10
53000.056 5.167842911200178e-10
53050.056 1.963637988099835e-10
53100.056 8.610864007100965e-10
53150.056 7.864033365839841e-10
53200.056 3.998989519079787e-10
53250.056 6.501608197799628e-10
53300.056 6.196557316200703e-10
53350.056 5.425329972599876e-10
53400.056 3.28095391809962e-10
53450.056 1.122978221279807e-10
53500.056 3.7265279750493706e-11
53550.056 5.796639241500095e-11
53600.056 1.7542654815104463e-10
