galfind/configs/Brown_Dwarf_templates/sonora_bobcat/m-0.5/100g/sp_t2000g100nc_m-0.5_resample.dat
# %ECSV 1.0
# ---
# datatype:
# - {name: wav, unit: Angstrom, datatype: float64}
# - {name: flux_nu, unit: erg / (cm2 Hz s), datatype: float64}
# meta: {C/O: '1.00', Kzz: '1.0000E+05', Teff: '2000.', Y: '0.28', '[Fe/H]': '-0.50', f_hole: '1.00', f_rain: '0.00', grav: '100.'}
# schema: astropy-2.0
wav flux_nu
4000.0559999999996 nan
4050.0559999999996 8.378364909265349e-09
4100.056 1.177809755106574e-08
4150.056 9.190388431657811e-09
4200.056 6.49615034441264e-09
4250.056 5.385021733342558e-09
4300.056 3.054059747914042e-09
4350.056 2.9999601374044266e-09
4400.056 2.800762892481198e-09
4450.056 1.2520139459282412e-09
4500.056 1.3716865150403144e-09
4550.056 1.834361240471284e-09
4600.056 1.404173280449589e-09
4650.056 9.72376162210143e-10
4700.056 1.2677742061602886e-09
4750.056 1.7525482431192194e-09
4800.056 8.159608886311308e-10
4850.056 1.0762675836703354e-09
4900.056 2.8788091558194737e-09
4950.056 4.004402436399647e-09
5000.056 1.0109047853498873e-09
5050.056 1.4409164220402964e-09
5100.056 2.676467695083604e-09
5150.056 2.632770415571064e-09
5200.056 1.41978799533702e-09
5250.056 2.0687789784800225e-09
5300.056 2.6625639357500388e-09
5350.056 2.6626958394403023e-09
5400.056 2.88701391019999e-09
5450.056 2.2160026280097937e-09
5500.056 1.5567206024798732e-09
5550.056 1.894777088389918e-09
5600.056 1.5576185430800855e-09
5650.056 1.3082350481000146e-09
5700.056 1.1892193339900286e-09
5750.056 7.792382099699619e-10
5800.056 4.409705269299899e-10
5850.056 1.3108910712899602e-10
5900.056 1.1633499093323525e-11
5950.056 3.1185637385100527e-10
6000.056 1.1228411165200043e-09
6050.056 2.5733459216000957e-09
6100.056 4.170491067700176e-09
6150.056 5.4100347393995635e-09
6200.056 4.837132764600077e-09
6250.056 6.026214487200257e-09
6300.056 8.623331350000178e-09
6350.056 1.1387928328700776e-08
6400.056 1.4483148867500293e-08
6450.056 1.8448500979396392e-08
6500.056 1.9538320498696605e-08
6550.056 2.4527713881295686e-08
6600.056 2.2205089511001432e-08
6650.056 1.9157473112001852e-08
6700.056 1.3295510657932732e-08
6750.056 1.9081688034301415e-08
6800.056 2.2459815613001166e-08
6850.056 2.9389975896000692e-08
6900.056 3.982762262999876e-08
6950.056 5.1228213903995475e-08
7000.056 7.314442371199481e-08
7050.056 6.156880032000464e-08
7100.056 2.997036079099864e-08
7150.056 2.7064989726001274e-08
7200.056 3.6172110001998994e-08
7250.056 5.265464950900551e-08
7300.056 8.743135563101377e-08
7350.056 1.3409015322999489e-07
7400.056 1.765433190370009e-07
7450.056 1.8774653176897993e-07
7500.056 1.9416519376499823e-07
7550.056 1.8493717529700274e-07
7600.056 9.334279563499817e-08
7650.056 1.37303086914206e-08
7700.056 4.84248483390213e-09
7750.056 4.740717075100261e-08
7800.056 8.013099906339437e-08
7850.056 1.0971494100899963e-07
7900.056 1.3061167548301995e-07
7950.056 1.3871793395637548e-07
8000.056 1.9588024798196903e-07
8050.056 3.212073963609736e-07
8100.056 4.890262242100943e-07
8150.056 7.015781597200233e-07
8200.056 4.38539573369937e-07
8250.056 5.696590831499697e-07
8300.056 4.5541044960016505e-07
8350.056 5.003907759001635e-07
8400.056 5.144561240000699e-07
8450.056 2.8262847819994225e-07
8500.056 2.3741003074666643e-07
8550.056 3.188169442500455e-07
8600.056 4.125323636058314e-07
8650.056 5.577180247509159e-07
8700.056 6.119403333990266e-07
8750.056 7.6907932796113e-07
8800.056 1.0759316750522121e-06
8850.056 1.0118946212250718e-06
8900.056 6.14910248840036e-07
8950.056 6.850994342353056e-07
9000.056 9.179886977000798e-07
9050.056 9.52324170399841e-07
9100.056 1.273254078800054e-06
9150.056 1.5297151962099973e-06
9200.056 1.4654185239302666e-06
9250.056 9.170973145999616e-07
9300.056 7.504176475970625e-07
9350.056 8.716772628318488e-07
9400.056 1.001852202620219e-06
9450.056 1.1849696458497113e-06
9500.056 1.4771950305298354e-06
9550.056 1.6831923192882248e-06
9600.056 1.8513857634903595e-06
9650.056 2.1173570930803973e-06
9700.056 2.3334639415297655e-06
9750.056 1.7780295952199637e-06
9800.056 1.9535412861298536e-06
9850.056 1.8949539155598385e-06
9900.056 1.512289533839882e-06
9950.056 1.2292338517000682e-06
10000.056 1.187233357759911e-06
10050.056 1.2321784642199023e-06
10100.056 1.588293886650475e-06
10150.056 1.5479074521899073e-06
10200.056 1.7062157575699415e-06
10250.056 1.6703070384195122e-06
10300.056 1.5964847130997648e-06
10350.056 1.8778009751598418e-06
10400.056 2.110820475869909e-06
10450.056 2.2714853878404276e-06
10500.056 2.3303453625196593e-06
10550.056 2.4953481599003142e-06
10600.056 2.753830830840275e-06
10650.056 2.7563450391999576e-06
10700.056 2.858985767510143e-06
10750.056 3.133299919660305e-06
10800.056 3.3688956801996944e-06
10850.056 3.6229246635097536e-06
10900.056 3.6128609017998296e-06
10950.056 3.499439235709322e-06
11000.056 3.3330512674500564e-06
11050.056 2.443158277250012e-06
11100.056 2.6788481722754466e-06
11150.056 2.8659281088408194e-06
11200.056 2.9314307550724995e-06
11250.056 3.377243365635964e-06
11300.056 3.3620492920530453e-06
11350.056 3.096950117850944e-06
11400.056 2.3692797646800177e-06
11450.056 3.408289269944427e-06
11500.056 3.903576228934531e-06
11550.056 3.77310935287207e-06
11600.056 3.948759128779114e-06
11650.056 4.004378070477505e-06
11700.056 3.081534904019108e-06
11750.056 3.2143899664797916e-06
11800.056 3.268337324391193e-06
11850.056 4.178386370140242e-06
11900.056 4.399052524489173e-06
11950.056 4.2083649016899175e-06
12000.056 3.7702588628401256e-06
12050.056 4.354270583880115e-06
12100.056 4.257828213699709e-06
12150.056 4.775346496399701e-06
12200.056 4.756902362199461e-06
12250.056 5.104759775219601e-06
12300.056 5.247233446900529e-06
12350.056 5.230428080870283e-06
12400.056 4.581540198999699e-06
12450.056 3.847503427090082e-06
12500.056 4.204197263409275e-06
12550.056 4.243716377740094e-06
12600.056 4.8574641435000295e-06
12650.056 5.035270166099641e-06
12700.056 5.40323736479993e-06
12750.056 5.3696196637000245e-06
12800.056 5.716149698199527e-06
12850.056 5.536253157900088e-06
12900.056 5.311189676499439e-06
12950.056 5.462732361599621e-06
13000.056 5.685513967099303e-06
13050.056 5.85412119877964e-06
13100.056 5.870826968019633e-06
13150.056 5.896025620299667e-06
13200.056 5.693452394699828e-06
13250.056 5.306383271250122e-06
13300.056 4.6597547187384265e-06
13350.056 2.942489452073336e-06
13400.056 2.7292101010707846e-06
13450.056 2.3885712304368017e-06
13500.056 2.313400027776673e-06
13550.056 2.1571855052096492e-06
13600.056 2.0189943928068557e-06
13650.056 2.2958086646871095e-06
13700.056 2.06764176156613e-06
13750.056 2.1215179989624613e-06
13800.056 2.443444417236572e-06
13850.056 2.380156919807613e-06
13900.056 2.31261277383722e-06
13950.056 2.1900484109359395e-06
14000.056 2.0405770343699327e-06
14050.056 2.0963781674550812e-06
14100.056 1.8467975680491475e-06
14150.056 1.9210697534183673e-06
14200.056 1.7614919448447525e-06
14250.056 1.733463349885432e-06
14300.056 1.7986371626017194e-06
14350.056 1.81465660542826e-06
14400.056 1.913703151128214e-06
14450.056 1.995509895052164e-06
14500.056 2.2255506417437774e-06
14550.056 2.261875436217882e-06
14600.056 2.3980696224287555e-06
14650.056 2.3596687793440648e-06
14700.056 2.179812622959785e-06
14750.056 2.3240953518685638e-06
14800.056 2.419280231060671e-06
14850.056 2.605821902339445e-06
14900.056 2.5875400810398726e-06
14950.056 2.6187763907405007e-06
15000.056 2.7028699143404436e-06
15050.056 2.977845427429387e-06
15100.056 2.973504573190323e-06
15150.056 3.0885224765502427e-06
15200.056 3.2268944642597717e-06
15250.056 3.2664638907898528e-06
15300.056 3.4351554463598612e-06
15350.056 3.5663893840300645e-06
15400.056 3.69053210133005e-06
15450.056 3.85598563904023e-06
15500.056 3.937504416199568e-06
15550.056 4.145004902659748e-06
15600.056 4.132827015500435e-06
15650.056 4.311850901100087e-06
15700.056 4.5908979572012115e-06
15750.056 4.757368482699602e-06
15800.056 4.782544785600706e-06
15850.056 4.397378327400371e-06
15900.056 4.543482009500339e-06
15950.056 4.58812069809989e-06
16000.056 4.678592184199798e-06
16050.056 4.8221664510004774e-06
16100.056 4.979571692000195e-06
16150.056 4.7990443296002434e-06
16200.056 5.005223999099834e-06
16250.056 4.9083280180999404e-06
16300.056 4.970341346800069e-06
16350.056 5.249332540999763e-06
16400.056 5.119231067400498e-06
16450.056 5.266664099900378e-06
16500.056 5.422115022800299e-06
16550.056 5.654004313299765e-06
16600.056 5.364375055100358e-06
16650.056 5.760158787500324e-06
16700.056 5.5135062194992595e-06
16750.056 5.565761385899637e-06
16800.056 5.730641183199956e-06
16850.056 5.7749590794996386e-06
16900.056 5.5792431376002575e-06
16950.056 5.5717141923994635e-06
17000.056 5.586673857400572e-06
17050.056 5.520198507100297e-06
17100.056 5.2857155189006804e-06
17150.056 5.2150941587401675e-06
17200.056 4.831972311409616e-06
17250.056 4.557594922089961e-06
17300.056 4.609208897809402e-06
17350.056 4.463955268820595e-06
17400.056 4.451478450449956e-06
17450.056 4.181670512338105e-06
17500.056 4.026294751179286e-06
17550.056 3.9436881332805645e-06
17600.056 3.785924830689981e-06
17650.056 3.851363689687707e-06
17700.056 3.316528022340499e-06
17750.056 3.233062998312907e-06
17800.056 3.2029575170556946e-06
17850.056 2.9340907978253336e-06
17900.056 3.006629360909988e-06
17950.056 2.9065532759566406e-06
18000.056 2.669423342431236e-06
18050.056 2.6866337425308068e-06
18100.056 2.5839638424848117e-06
18150.056 2.8630413436468347e-06
18200.056 2.3811977066553423e-06
18250.056 2.828499270516502e-06
18300.056 2.6828661452379435e-06
18350.056 2.550008657473138e-06
18400.056 2.4915798785020687e-06
18450.056 2.26960604673936e-06
18500.056 2.3733321132904143e-06
18550.056 2.2065306379362836e-06
18600.056 1.8749600996570846e-06
18650.056 2.1578428625845e-06
18700.056 2.3503760227774967e-06
18750.056 2.255054700127663e-06
18800.056 2.3472100110888526e-06
18850.056 2.6864973856517797e-06
18900.056 2.5861385866678432e-06
18950.056 2.6617642918798888e-06
19000.056 2.7943753016695156e-06
19050.056 2.6952689333229873e-06
19100.056 2.8112071939236806e-06
19150.056 2.877294263273955e-06
19200.056 2.8547337318289065e-06
19250.056 2.7146597512735042e-06
19300.056 2.8600697339072034e-06
19350.056 2.814815752205967e-06
19400.056 2.4537901609454133e-06
19450.056 2.834668472925211e-06
19500.056 2.8377254143587223e-06
19550.056 2.421750615394615e-06
19600.056 2.752539495561749e-06
19650.056 2.73685589289336e-06
19700.056 2.7461581433092123e-06
19750.056 2.5453186435332902e-06
19800.056 2.698736621661655e-06
19850.056 2.7498496933407127e-06
19900.056 2.4550185120805812e-06
19950.056 2.844963748369888e-06
20000.056 2.536207434000337e-06
20050.056 2.738104897030765e-06
20100.056 2.7737706484286125e-06
20150.056 2.78660249975044e-06
20200.056 2.8632210369194048e-06
20250.056 2.974851749409798e-06
20300.056 2.993911433740273e-06
20350.056 3.078554923629621e-06
20400.056 3.0722950947286165e-06
20450.056 3.2162877628395294e-06
20500.056 3.2498184508899983e-06
20550.056 3.311499066039953e-06
20600.056 3.497424992700398e-06
20650.056 3.423395447090524e-06
20700.056 3.573553220040349e-06
20750.056 3.6190610266596312e-06
20800.056 3.758376318500061e-06
20850.056 3.7242986694699506e-06
20900.056 3.90449401599973e-06
20950.056 3.936421276699811e-06
21000.056 4.0808219348998405e-06
21050.056 4.114990020800078e-06
21100.056 4.134239753340006e-06
21150.056 4.307733569800023e-06
21200.056 4.291704168300219e-06
21250.056 4.460854226899723e-06
21300.056 4.3387114268999905e-06
21350.056 4.578487131900106e-06
21400.056 4.442589725700296e-06
21450.056 4.765127967099959e-06
21500.056 4.570994312900233e-06
21550.056 4.659958230099758e-06
21600.056 4.747255591300384e-06
21650.056 4.709827905200171e-06
21700.056 4.861228748999848e-06
21750.056 4.7508544085999885e-06
21800.056 4.758613312299693e-06
21850.056 4.762944311899776e-06
21900.056 4.8637165156003714e-06
21950.056 4.76121926110014e-06
22000.056 4.8455672025998595e-06
22050.056 4.708985527599548e-06
22100.056 4.8061919952998875e-06
22150.056 4.823347350800228e-06
22200.056 4.6792267891806e-06
22250.056 4.866879246000389e-06
22300.056 4.820172239199915e-06
22350.056 4.683710780900117e-06
22400.056 4.822960625580109e-06
22450.056 4.728702465099627e-06
22500.056 4.783568869179951e-06
22550.056 4.72010214619951e-06
22600.056 4.741836716399944e-06
22650.056 4.650034078540674e-06
22700.056 4.6226061683307485e-06
22750.056 4.759801652239768e-06
22800.056 4.582163103500036e-06
22850.056 4.643250651620274e-06
22900.056 4.697380679329852e-06
22950.056 3.6084159685604427e-06
23000.056 3.9249279882201614e-06
23050.056 4.076951168899511e-06
23100.056 3.912937442209839e-06
23150.056 4.063036756970426e-06
23200.056 3.993919916520162e-06
23250.056 3.45573402679937e-06
23300.056 3.6463891786100444e-06
23350.056 3.7781891602300657e-06
23400.056 3.6790983786300416e-06
23450.056 3.753401749530278e-06
23500.056 3.737595505669465e-06
23550.056 3.3978241055307364e-06
23600.056 3.407330619870631e-06
23650.056 3.6111670164294364e-06
23700.056 3.5325201366691554e-06
23750.056 3.5710093806705616e-06
23800.056 3.528423912510251e-06
23850.056 3.110622665870374e-06
23900.056 3.3751592918499435e-06
23950.056 3.456829797990772e-06
24000.056 3.2842054721093276e-06
24050.056 3.2658556717004367e-06
24100.056 3.015655354679333e-06
24150.056 2.9800460378905047e-06
24200.056 2.968855171369125e-06
24250.056 2.9204813543602314e-06
24300.056 2.8335676878401445e-06
24350.056 2.6315103766401787e-06
24400.056 2.897202945419907e-06
24450.056 2.5986688090098506e-06
24500.056 2.4463662930599627e-06
24550.056 2.387840676900097e-06
24600.056 2.438143551370392e-06
24650.056 2.64250048571002e-06
24700.056 2.2113190747499734e-06
24750.056 2.1058511948905148e-06
24800.056 2.073765014350289e-06
24850.056 2.4103194319799937e-06
24900.056 1.8321750261399803e-06
24950.056 2.3030582895497958e-06
25000.056 2.0741188955801983e-06
25050.056 1.6460548390834586e-06
25100.056 1.996124484622963e-06
25150.056 1.7311379053279148e-06
25200.056 1.855293557059826e-06
25250.056 1.7314838733775814e-06
25300.056 1.8946502111071232e-06
25350.056 1.5716522558929932e-06
25400.056 1.7767863483546534e-06
25450.056 1.5786026570859893e-06
25500.056 1.696631603035536e-06
25550.056 1.597587998174147e-06
25600.056 1.6578191948300268e-06
25650.056 1.4706567567719583e-06
25700.056 1.9069702257693162e-06
25750.056 1.3637166017652673e-06
25800.056 1.801725574566305e-06
25850.056 1.604746535035805e-06
25900.056 1.7908778847843702e-06
25950.056 1.540530968284035e-06
26000.056 1.799806893680647e-06
26050.056 1.884989754307062e-06
26100.056 1.891587010167162e-06
26150.056 1.8830154025315462e-06
26200.056 1.7889452830540576e-06
26250.056 1.865928838081256e-06
26300.056 1.8540671134800909e-06
26350.056 1.90830834378987e-06
26400.056 1.947177166679648e-06
26450.056 1.9131283675902405e-06
26500.056 2.0252680056693544e-06
26550.056 1.97095007654458e-06
26600.056 2.3339508623695654e-06
26650.056 1.796212359900702e-06
26700.056 1.854190047394014e-06
26750.056 1.6007375935902908e-06
26800.056 1.8374284716434884e-06
26850.056 1.4447821647411416e-06
26900.056 1.9147098771970523e-06
26950.056 1.3095746111559414e-06
27000.056 1.8072518845304078e-06
27050.056 1.5187808823698803e-06
27100.056 1.5318365674706518e-06
27150.056 1.6410848615599782e-06
27200.056 1.6205366620113314e-06
27250.056 1.485181469249638e-06
27300.056 1.7686049225601179e-06
27350.056 1.6738728482244103e-06
27400.056 1.3905517392679456e-06
27450.056 1.8825480324893546e-06
27500.056 1.7186056444200287e-06
27550.056 1.6050114277958592e-06
27600.056 1.9057955881297632e-06
27650.056 1.4737979513718388e-06
27700.056 1.4216840887031144e-06
27750.056 1.9294036530591522e-06
27800.056 1.3870188982999307e-06
27850.056 1.5375231862683304e-06
27900.056 1.5762050376680892e-06
27950.056 1.850281368469891e-06
28000.056 1.7248250499304815e-06
28050.056 1.3061231224003578e-06
28100.056 1.928809031320697e-06
28150.056 1.5263586265800458e-06
28200.056 1.2980497403700705e-06
28250.056 1.6851044619000705e-06
28300.056 1.9428703935303334e-06
28350.056 1.4673823685794638e-06
28400.056 1.5983752375999878e-06
28450.056 1.6598842665996765e-06
28500.056 1.6684865145596059e-06
28550.056 1.1919285095095803e-06
28600.056 1.9339856023400313e-06
28650.056 1.752842250019864e-06
28700.056 1.5551506131996993e-06
28750.056 1.7689977759299295e-06
28800.056 1.691406687140374e-06
