galfind/configs/Brown_Dwarf_templates/sonora_bobcat/m-0.5/100g/sp_t200g100nc_m-0.5_resample.dat
# %ECSV 1.0
# ---
# datatype:
# - {name: wav, unit: Angstrom, datatype: float64}
# - {name: flux_nu, unit: erg / (cm2 Hz s), datatype: float64}
# meta: {C/O: '1.00', Kzz: '1.0000E+05', Teff: '200.', Y: '0.28', '[Fe/H]': '-0.50', f_hole: '1.00', f_rain: '0.00', grav: '100.'}
# schema: astropy-2.0
wav flux_nu
[from data line 498]
28900.056 1.2550704893569182e-14
28950.056 1.765206528795354e-14
29000.056 9.599555641835227e-15
29050.056 2.3405302105799196e-14
29100.056 2.4210129922212695e-15
29150.056 1.3713299962904143e-15
29200.056 8.995424965491845e-14
29250.056 1.9621891683552436e-14
29300.056 5.559545260855111e-15
29350.056 3.718983794388299e-14
29400.056 4.257906129153153e-14
29450.056 4.005267781801578e-15
29500.056 6.773891816615935e-14
29550.056 2.0746071877938555e-14
29600.056 5.97937850787556e-15
29650.056 6.241735954443534e-14
29700.056 1.3892421611630098e-14
29750.056 9.428949632894687e-14
29800.056 1.439822240479739e-14
29850.056 9.118023747720768e-14
29900.056 2.543859475059019e-14
29950.056 2.4860966183068316e-14
30000.056 6.315329900191214e-17
30050.056 1.290842567168809e-14
30100.056 4.423648387721464e-14
30150.056 7.825712513339317e-14
30200.056 1.1890074485790597e-13
30250.056 7.983509058405442e-14
30300.056 1.2921174549414469e-13
30350.056 2.6966590337700034e-14
30400.056 2.302734735158814e-13
30450.056 3.8273440832555473e-13
30500.056 1.9399343709054977e-14
30550.056 3.4104166462226593e-14
30600.056 2.9207283483835664e-12
30650.056 7.543428160109486e-13
30700.056 3.374837244783962e-14
30750.056 3.316614577354876e-13
30800.056 1.3373334082791357e-12
30850.056 8.982773256233792e-13
30900.056 3.192381755864805e-13
30950.056 1.7657068599226284e-13
31000.056 2.466769449694991e-13
31050.056 3.617355752816835e-14
31100.056 2.5684281296561472e-14
31150.056 2.3082234183664906e-13
31200.056 1.3074191021480554e-12
31250.056 8.47236131524406e-13
31300.056 8.250375623610734e-14
31350.056 1.3922497897569752e-12
31400.056 6.898183413684586e-13
31450.056 6.195112902711643e-13
31500.056 1.484236550979481e-13
31550.056 4.315988899556752e-13
31600.056 4.156039672038365e-13
31650.056 2.315089460755723e-13
31700.056 1.4935416672688045e-13
31750.056 6.730565733809764e-14
31800.056 1.0243474300030005e-13
31850.056 8.21437321757306e-15
31900.056 2.8217383717013612e-14
31950.056 1.0715012568738587e-14
32000.056 6.60400511241233e-15
32050.056 4.213459044145958e-15
32100.056 3.668983023437856e-15
32150.056 1.4885058296771186e-15
32200.056 3.691831508285424e-16
32250.056 9.739174137135563e-16
32300.056 7.845148960058379e-17
32350.056 2.7639275267501834e-16
32400.056 7.390613559335175e-18
32450.056 1.3015189446632358e-16
32500.056 4.894423978773154e-18
32550.056 6.330847743231423e-17
32600.056 1.6569468024787648e-18
32650.056 9.493985944784239e-17
32700.056 2.5959186010770702e-18
32750.056 4.524360278544951e-16
32800.056 7.267349511486248e-17
32850.056 3.695439285050476e-15
32900.056 1.3676617192328721e-15
32950.056 4.448785949128834e-15
33000.056 8.59418317867406e-16
33050.056 1.4691181851360471e-16
33100.056 1.494921717439198e-17
33150.056 3.3679530428402506e-20
33200.056 9.406585894026507e-18
33250.056 1.9775741186171576e-17
33300.056 1.4540432216413058e-15
33350.056 3.4465806309475075e-16
33400.056 5.1506579605201105e-15
33450.056 6.906300333187368e-17
33500.056 2.1973749368912778e-15
33550.056 1.6012223478071693e-16
33600.056 1.0262351226022212e-15
33650.056 1.636199417664274e-15
33700.056 6.895695886981915e-17
33750.056 1.927886722400698e-15
33800.056 2.565078140405531e-17
33850.056 8.510870546544664e-16
33900.056 1.0699863932593493e-15
33950.056 1.7704074374696602e-15
34000.056 7.258540895431427e-15
34050.056 9.476799951453644e-16
34100.056 1.1126103692417434e-14
34150.056 3.234652861049233e-15
34200.056 2.5724249922378212e-14
34250.056 4.345212800819752e-15
34300.056 1.0425958282269497e-14
34350.056 1.505953365884441e-13
34400.056 7.669628381930508e-15
34450.056 6.492861834030064e-14
34500.056 9.069687192014437e-15
34550.056 1.1383688858795442e-13
34600.056 7.44809885252418e-13
34650.056 6.603881807672422e-15
34700.056 2.8637177078208073e-13
34750.056 6.408826722037913e-14
34800.056 3.6184943502165196e-14
34850.056 1.8985063597577238e-13
34900.056 2.2680966235832855e-14
34950.056 4.851486584669562e-13
35000.056 3.0752299630841056e-13
35050.056 1.0186335183579724e-12
35100.056 1.040598296962033e-12
35150.056 1.191474461904477e-12
35200.056 1.710320377352902e-12
35250.056 3.147538066108466e-12
35300.056 2.480812078545272e-13
35350.056 3.53790752160678e-14
35400.056 2.1379714177273606e-14
35450.056 2.5775787763571823e-14
35500.056 2.6929565813771753e-13
35550.056 3.2092809864673463e-13
35600.056 7.880796122390403e-13
35650.056 1.1820515484740857e-12
35700.056 1.9746102551287395e-12
35750.056 7.327810246251418e-13
35800.056 1.609116089598369e-13
35850.056 1.1275368522702133e-13
35900.056 2.1152434391058454e-13
35950.056 9.66557970304451e-13
36000.056 1.3353332155514022e-12
36050.056 1.0436831919778922e-12
36100.056 8.253430181884006e-13
36150.056 1.1658346415749301e-11
36200.056 3.6174646904623863e-12
36250.056 1.2751821418059974e-12
36300.056 8.246803630618472e-12
36350.056 5.5852366057443075e-12
36400.056 5.824805992574518e-12
36450.056 3.603885172427112e-12
36500.056 2.6180826441572796e-12
36550.056 1.7910082323322553e-11
36600.056 1.936257890184803e-11
36650.056 4.948325269937886e-12
36700.056 1.3526498547042306e-11
36750.056 2.6663159256429802e-11
36800.056 3.115632882662463e-11
36850.056 6.166882571898106e-12
36900.056 6.0222428110818675e-12
36950.056 3.834217319154822e-11
37000.056 2.4510203416796108e-11
37050.056 4.1141985527122204e-11
37100.056 2.998123150992515e-12
37150.056 9.129058653522241e-12
37200.056 6.671701098641621e-11
37250.056 3.018087742441389e-11
37300.056 5.5827556334892846e-12
37350.056 8.257523132851671e-12
37400.056 1.7694377485704363e-11
37450.056 6.576189020122447e-12
37500.056 8.963708554194155e-12
37550.056 6.413180331094257e-11
37600.056 1.6394930059033564e-10
37650.056 8.828785306192549e-12
37700.056 2.8481236855392073e-11
37750.056 2.90766699621179e-11
37800.056 2.157859674164841e-11
37850.056 1.4013463190769226e-11
37900.056 9.162041579467243e-12
37950.056 1.8974472299125457e-11
38000.056 1.1950279849470006e-11
38050.056 6.5912727179844e-11
38100.056 9.482851084963162e-11
38150.056 1.5821510473872496e-10
38200.056 7.100673016118773e-11
38250.056 1.6025317260820418e-10
38300.056 3.9259818281415574e-10
38350.056 9.640483537692616e-11
38400.056 1.1817431098196106e-11
38450.056 1.87577649195357e-12
38500.056 5.779308196084624e-12
38550.056 5.844300595670573e-11
38600.056 1.1862049424798455e-10
38650.056 6.153296507963443e-11
38700.056 1.861317492788009e-11
38750.056 6.25007245373051e-11
38800.056 4.8991433749194894e-11
38850.056 7.188710198157029e-11
38900.056 8.620767297197935e-11
38950.056 3.9145151912050423e-11
39000.056 1.6233400247454547e-10
39050.056 1.2907560956856193e-11
39100.056 4.417944295742804e-11
39150.056 1.4256614091061033e-10
39200.056 1.0193125224760035e-10
39250.056 1.2792289393519879e-10
39300.056 6.666783614379047e-11
39350.056 2.966817430660027e-10
39400.056 7.985764165381367e-11
39450.056 2.1649870855001194e-10
39500.056 2.6436630076097245e-10
39550.056 4.526246094838913e-11
39600.056 1.7574930592944365e-10
39650.056 4.2059166902999946e-10
39700.056 3.987166145420159e-10
39750.056 6.097612094645749e-11
39800.056 3.808207353480427e-11
39850.056 3.168687789220525e-10
39900.056 5.936801412600167e-10
39950.056 1.0257479028021829e-10
40000.056 2.528496491836172e-10
40050.056 3.6242517894654257e-10
40100.056 4.246394720317654e-11
40150.056 2.5228475719703593e-10
40200.056 3.499105588419546e-10
40250.056 4.724447492799105e-10
40300.056 5.299528089890485e-10
40350.056 1.368448611420528e-10
40400.056 1.6034879949953745e-10
40450.056 5.2230644113751616e-11
40500.056 4.509430569035509e-10
40550.056 4.534713876478935e-10
40600.056 6.619498451999745e-10
40650.056 2.828258778075183e-10
40700.056 4.0362884701375203e-10
40750.056 3.063109935107684e-10
40800.056 1.4236905966876987e-10
40850.056 9.511867034301415e-10
40900.056 9.594126179198883e-10
40950.056 4.846717615131188e-10
41000.056 2.7623102311670553e-10
41050.056 1.0432418456210363e-09
41100.056 8.877042057559217e-10
41150.056 1.0739945979048227e-10
41200.056 1.0999255826751655e-09
41250.056 9.430918369148233e-10
41300.056 8.371334738141814e-10
41350.056 1.8620927745000388e-09
41400.056 1.255965865819885e-09
41450.056 1.4787278545299647e-09
41500.056 5.722531470815752e-10
41550.056 4.877673968291103e-10
41600.056 6.228015124339217e-10
41650.056 1.5359836360982027e-09
41700.056 2.4267690592999213e-09
41750.056 1.7556109161400542e-09
41800.056 1.9105216001999467e-09
41850.056 1.1481106436338555e-09
41900.056 7.378335765287806e-10
41950.056 5.593187006495013e-10
42000.056 4.478591117907767e-11
42050.056 1.6720726736340788e-10
42100.056 4.116710128289968e-10
42150.056 6.45975989798971e-10
42200.056 1.1189766931200456e-09
42250.056 8.428386311201376e-10
42300.056 6.110163273999349e-10
42350.056 1.6536787413700524e-09
42400.056 2.4387020324001444e-09
42450.056 3.161169185400095e-09
42500.056 3.3449820049999743e-09
42550.056 2.8715121279999227e-09
42600.056 1.8350480397302807e-09
42650.056 2.4957210436997053e-09
42700.056 7.885849703537868e-10
42750.056 2.6867342621902893e-09
42800.056 4.178453059700081e-09
42850.056 4.132383418499838e-09
42900.056 3.753213317600062e-09
42950.056 3.102645820500149e-09
43000.056 3.4542188007999367e-09
43050.056 1.680827739099677e-09
43100.056 2.412569913990183e-09
43150.056 2.933752891000064e-09
43200.056 4.132925499600054e-09
43250.056 4.347655963100036e-09
43300.056 4.13947359069992e-09
43350.056 3.0825762041998817e-09
43400.056 3.4431202800999913e-09
43450.056 1.865451028319939e-09
43500.056 1.3702150988190505e-09
43550.056 2.3678670046000816e-09
43600.056 4.05621121659994e-09
43650.056 2.560189423299936e-09
43700.056 3.927497762900497e-09
43750.056 4.651190704799858e-09
43800.056 3.600127075199927e-09
43850.056 3.0898659810001934e-09
43900.056 2.0632496130900846e-09
43950.056 1.9413529117600167e-09
44000.056 2.4005168302999668e-09
44050.056 4.2435927638002635e-09
44100.056 4.941695132100022e-09
44150.056 4.466715318199925e-09
44200.056 4.4082897958999794e-09
44250.056 3.1125353045998784e-09
44300.056 2.1334823716000047e-09
44350.056 1.7938802618000006e-09
44400.056 1.9776344960700324e-09
44450.056 3.671749083600278e-09
44500.056 3.3662966800000082e-09
44550.056 4.200010137500068e-09
44600.056 3.2694605433000084e-09
44650.056 3.6431264702000017e-09
44700.056 3.0739299565997287e-09
44750.056 3.860505806100122e-09
44800.056 2.506846301839981e-09
44850.056 3.1851308729000825e-09
44900.056 3.437363699299974e-09
44950.056 4.0884947211001735e-09
45000.056 4.636450826499978e-09
45050.056 3.9309881514997265e-09
45100.056 3.659728427600235e-09
45150.056 3.307339928599886e-09
45200.056 2.3578637355500223e-09
45250.056 2.8256720073997882e-09
45300.056 2.6418397909000876e-09
45350.056 1.7469604806601596e-09
45400.056 4.503703841500061e-09
45450.056 3.52128995370036e-09
45500.056 4.424701797500084e-09
45550.056 4.3882351338996646e-09
45600.056 4.202602389400094e-09
45650.056 4.074931117999816e-09
45700.056 2.446909084679746e-09
45750.056 2.2352872832602128e-09
45800.056 4.215695930299997e-09
45850.056 3.0686602194101604e-09
45900.056 4.580771908199994e-09
45950.056 4.813637820899835e-09
46000.056 4.436994418600096e-09
46050.056 3.392841249800301e-09
46100.056 4.756120803299912e-09
46150.056 3.6408165982999763e-09
46200.056 2.587151385919726e-09
46250.056 9.601033121400102e-10
46300.056 3.0923447682002064e-09
46350.056 3.209652953800097e-09
46400.056 3.4754532326000716e-09
46450.056 2.3999844337598555e-09
46500.056 3.4646711452001114e-09
46550.056 2.02511012092976e-09
46600.056 1.6992923775599095e-09
46650.056 3.14903807320012e-09
46700.056 2.550348737899796e-09
46750.056 8.502872383500538e-10
46800.056 4.5334786828596003e-10
46850.056 2.4269009059203486e-09
46900.056 3.68055801240001e-09
46950.056 3.9128064717999864e-09
47000.056 4.076998788700046e-09
47050.056 2.3002594200295973e-09
47100.056 2.47324169240002e-09
47150.056 2.880055780780174e-09
47200.056 3.2870808679999163e-09
47250.056 1.3454086511797086e-09
47300.056 9.990665070843e-10
47350.056 3.147361283700156e-09
47400.056 3.6497904808999747e-09
47450.056 2.011942368939965e-09
47500.056 3.2825203872003376e-09
47550.056 3.648588070099967e-09
47600.056 2.117686636119816e-09
47650.056 2.6769075347798367e-09
47700.056 2.3616002390602492e-09
47750.056 2.180560010799965e-09
47800.056 1.2255980245499103e-09
47850.056 3.650743652620771e-10
47900.056 7.767026781400314e-10
47950.056 2.4535283784001828e-09
48000.056 2.8131007762997675e-09
48050.056 2.1699843307000695e-09
48100.056 1.3188019186300072e-09
48150.056 2.3725654885000653e-09
48200.056 1.0468041142818136e-09
48250.056 1.857807207700088e-09
48300.056 2.4774268281999466e-09
48350.056 1.4245730877798107e-09
48400.056 2.3819235323893183e-10
48450.056 4.4261776014310904e-10
48500.056 9.698788248498843e-10
48550.056 1.1697582994282701e-09
48600.056 2.7597559909000644e-09
48650.056 3.1388767389999864e-09
48700.056 2.6937632654000882e-09
48750.056 2.7211133901999857e-09
48800.056 2.7087929637999656e-09
48850.056 1.216395848569836e-09
48900.056 8.539624844758834e-10
48950.056 4.062390994019889e-10
49000.056 3.204706496160829e-10
49050.056 1.1245465667698955e-09
49100.056 1.7251087191702627e-09
49150.056 1.694892168549992e-09
49200.056 2.7161242526001075e-09
49250.056 2.6781863930999566e-09
49300.056 1.970934228619797e-09
49350.056 7.609456988371597e-10
49400.056 1.086143231005812e-09
49450.056 7.774915466241409e-10
49500.056 5.327943097978925e-10
49550.056 1.02124576548997e-10
49600.056 2.2146666677504418e-10
49650.056 9.742119687301214e-10
49700.056 1.5294980176000095e-09
49750.056 8.620191257299434e-10
49800.056 5.181703020470401e-10
49850.056 1.5694624853001378e-09
49900.056 1.9967713543999907e-09
49950.056 1.8013765154999363e-09
50000.056 7.388627519018363e-10
50050.056 7.138630733151203e-10
50100.056 7.476056081099493e-10
50150.056 2.353817076039563e-10
50200.056 5.516322606901021e-11
50250.056 2.1762930635000212e-10
50300.056 1.7713908119703282e-10
50350.056 8.470358454200882e-10
50400.056 1.3326345127699946e-09
50450.056 1.486351805100036e-09
50500.056 1.6713328688700117e-09
50550.056 1.8540833199999669e-09
50600.056 9.784594182299384e-10
50650.056 1.7293660136000286e-09
50700.056 1.3908389187999258e-09
50750.056 7.435132895299381e-10
50800.056 1.7866890021095367e-10
50850.056 9.221973350902698e-11
50900.056 5.486338066100723e-10
50950.056 7.427698865999344e-10
51000.056 4.591091060630895e-10
51050.056 1.0715881966299343e-09
51100.056 4.3969117820996817e-10
51150.056 2.503077029130586e-10
51200.056 1.026291460200063e-09
51250.056 9.256611195099431e-10
51300.056 5.922334987699745e-10
51350.056 2.8355405177893723e-10
51400.056 9.28616395060152e-11
51450.056 8.978104428398086e-11
51500.056 9.788826102302406e-11
51550.056 3.3823180885004263e-10
51600.056 5.697945812600323e-10
51650.056 8.531483571200269e-10
51700.056 6.22483598226876e-10
51750.056 4.896678981100961e-10
51800.056 9.363468654900005e-10
51850.056 7.418326494399647e-10
51900.056 5.081630358399747e-10
51950.056 2.335175209199624e-10
52000.056 5.2659929120993156e-11
52050.056 1.3993557040100336e-10
52100.056 8.561067763198968e-11
52150.056 5.59107968346133e-11
52200.056 1.8765166945001453e-10
52250.056 3.103220934800203e-10
52300.056 2.9329348661997733e-10
52350.056 9.13105924609962e-11
52400.056 1.1040449519000378e-10
52450.056 3.5766428753003473e-10
52500.056 2.3152455918898647e-10
52550.056 5.175611307799923e-10
52600.056 5.985514037200506e-10
52650.056 6.780185550899718e-10
52700.056 3.630004465799588e-10
52750.056 1.011272174559801e-10
52800.056 2.003849465300264e-10
52850.056 2.311990668299729e-10
52900.056 7.923624829597973e-11
52950.056 1.2841990286902043e-10
53000.056 2.879404342000074e-10
53050.056 1.3822374739799362e-10
53100.056 4.3585296847004286e-10
53150.056 3.562217718219875e-10
53200.056 2.1052983783498467e-10
53250.056 3.164475869819896e-10
53300.056 3.143652747800313e-10
53350.056 2.855922421199927e-10
53400.056 1.985301825899836e-10
53450.056 8.607646271898812e-11
53500.056 3.222349248549528e-11
