galfind/configs/Brown_Dwarf_templates/sonora_bobcat/m-0.5/100g/sp_t2200g100nc_m-0.5_resample.dat
# %ECSV 1.0
# ---
# datatype:
# - {name: wav, unit: Angstrom, datatype: float64}
# - {name: flux_nu, unit: erg / (cm2 Hz s), datatype: float64}
# meta: {C/O: '1.00', Kzz: '1.0000E+05', Teff: '2200.', Y: '0.28', '[Fe/H]': '-0.50', f_hole: '1.00', f_rain: '0.00', grav: '100.'}
# schema: astropy-2.0
wav flux_nu
4000.0559999999996 nan
4050.0559999999996 2.1537526716155675e-08
4100.056 2.614043682635784e-08
4150.056 2.1929050710813684e-08
4200.056 1.6836464701314294e-08
4250.056 1.4539830894314907e-08
4300.056 9.224630415083193e-09
4350.056 9.039772463570844e-09
4400.056 8.434313752623318e-09
4450.056 3.896915316820858e-09
4500.056 4.186498414601324e-09
4550.056 5.476710295738065e-09
4600.056 4.047805989508535e-09
4650.056 2.619012263980755e-09
4700.056 3.3857825420610917e-09
4750.056 4.721246586877244e-09
4800.056 2.0978984074403588e-09
4850.056 2.7323852518914982e-09
4900.056 8.685422366048245e-09
4950.056 1.1974071298978695e-08
5000.056 2.6436927943898523e-09
5050.056 4.332243903171549e-09
5100.056 9.655808179242244e-09
5150.056 1.0043737022651215e-08
5200.056 4.351378623210055e-09
5250.056 6.999088078449363e-09
5300.056 9.19607290966051e-09
5350.056 8.322275047641385e-09
5400.056 9.012485920099742e-09
5450.056 6.764854874548753e-09
5500.056 4.5956714128093316e-09
5550.056 6.52564410083967e-09
5600.056 4.577842644600218e-09
5650.056 3.747706143900319e-09
5700.056 4.578469082400386e-09
5750.056 4.249573178329666e-09
5800.056 3.772042515099903e-09
5850.056 1.695314655280034e-09
5900.056 1.9580944806881273e-10
5950.056 2.38477968428002e-09
6000.056 5.119871416999853e-09
6050.056 9.399739965100808e-09
6100.056 1.409426995820011e-08
6150.056 1.5236740560897015e-08
6200.056 7.983914995500442e-09
6250.056 9.074304679300689e-09
6300.056 1.3571247001900347e-08
6350.056 1.8990238200402003e-08
6400.056 2.5574860214701617e-08
6450.056 3.483857195178809e-08
6500.056 3.500305304249112e-08
6550.056 4.675635207798719e-08
6600.056 3.524718912400511e-08
6650.056 2.6042411908403645e-08
6700.056 1.850447836098153e-08
6750.056 2.3853773048602916e-08
6800.056 2.8329375877001164e-08
6850.056 4.062645916300061e-08
6900.056 6.39318095919954e-08
6950.056 9.54356544569848e-08
7000.056 1.5691170082598354e-07
7050.056 1.2889445915401313e-07
7100.056 4.4125325827996505e-08
7150.056 3.286109200700359e-08
7200.056 4.853796684499687e-08
7250.056 8.31262183450104e-08
7300.056 1.7060905636703675e-07
7350.056 3.101110660409712e-07
7400.056 4.874724859419924e-07
7450.056 5.870491745999589e-07
7500.056 6.624137668400103e-07
7550.056 6.766911399200171e-07
7600.056 3.3143648630799893e-07
7650.056 5.477004825541054e-08
7700.056 2.5539849370203655e-08
7750.056 1.2537743907302062e-07
7800.056 1.8333028606777854e-07
7850.056 2.2258482878899297e-07
7900.056 2.8532246193605134e-07
7950.056 3.2640593306452553e-07
8000.056 4.615911541129081e-07
8050.056 7.34561472719953e-07
8100.056 1.0615762161502309e-06
8150.056 1.4305164574000335e-06
8200.056 8.449633534858687e-07
8250.056 1.1207546470699055e-06
8300.056 8.678631188003375e-07
8350.056 9.359697054403424e-07
8400.056 9.454476888501876e-07
8450.056 4.569506914298797e-07
8500.056 3.679079261731919e-07
8550.056 5.27075776920064e-07
8600.056 7.219628700796609e-07
8650.056 1.0298649880798556e-06
8700.056 1.1969002913360407e-06
8750.056 1.4799399733572525e-06
8800.056 1.9454264373303404e-06
8850.056 1.7778140094201568e-06
8900.056 1.111660358100086e-06
8950.056 1.23967778470624e-06
9000.056 1.6000965683601425e-06
9050.056 1.6839612386295984e-06
9100.056 2.167595105170123e-06
9150.056 2.533638812319983e-06
9200.056 2.4216473573705417e-06
9250.056 1.5943723981199259e-06
9300.056 1.3240837824501658e-06
9350.056 1.5198022202497124e-06
9400.056 1.7154131650604668e-06
9450.056 1.9884739285794052e-06
9500.056 2.4248654503398064e-06
9550.056 2.7143902270603346e-06
9600.056 2.9655672393705793e-06
9650.056 3.308289666740659e-06
9700.056 3.5636329377396796e-06
9750.056 2.8436876208000446e-06
9800.056 3.0772927594097707e-06
9850.056 2.9885789961498453e-06
9900.056 2.5144722788898626e-06
9950.056 2.285811750460166e-06
10000.056 2.250882319909863e-06
10050.056 2.2433554022698166e-06
10100.056 2.7535322332609576e-06
10150.056 2.686497308899891e-06
10200.056 2.924895888259701e-06
10250.056 2.8408315911089813e-06
10300.056 2.7766440711295775e-06
10350.056 3.156108355129749e-06
10400.056 3.4242279306699023e-06
10450.056 3.6526229675505942e-06
10500.056 3.792160262209206e-06
10550.056 3.983347992330359e-06
10600.056 4.301465525880302e-06
10650.056 4.295238929749621e-06
10700.056 4.435922306680193e-06
10750.056 4.717297846510366e-06
10800.056 4.959942143299542e-06
10850.056 5.216982131599837e-06
10900.056 5.206606500429696e-06
10950.056 5.087513517818872e-06
11000.056 4.88668366478016e-06
11050.056 3.7755734765798112e-06
11100.056 4.0914538364407455e-06
11150.056 4.321939846319657e-06
11200.056 4.4075344080304144e-06
11250.056 4.9067415141400006e-06
11300.056 4.920363608560024e-06
11350.056 4.640694658849843e-06
11400.056 3.564089142399947e-06
11450.056 4.991714970029214e-06
11500.056 5.510442098249481e-06
11550.056 5.401169240649978e-06
11600.056 5.586332165528931e-06
11650.056 5.719636570080666e-06
11700.056 4.7224586523789876e-06
11750.056 4.8728174882796565e-06
11800.056 4.9170323697052884e-06
11850.056 5.886516186340172e-06
11900.056 6.0933347356789385e-06
11950.056 5.932682841799828e-06
12000.056 5.5440079174003395e-06
12050.056 6.097632235000225e-06
12100.056 6.027224114299819e-06
12150.056 6.531989331799715e-06
12200.056 6.559541346899686e-06
12250.056 6.889912782999581e-06
12300.056 7.0207545263007155e-06
12350.056 7.040397147400399e-06
12400.056 6.4159926390995265e-06
12450.056 5.561589581430125e-06
12500.056 6.005965952198941e-06
12550.056 6.038731205270042e-06
12600.056 6.639423600500044e-06
12650.056 6.834784876399577e-06
12700.056 7.137032371399649e-06
12750.056 7.169232539400122e-06
12800.056 7.536971033499239e-06
12850.056 7.38921436250022e-06
12900.056 7.211607877199299e-06
12950.056 7.375451962799408e-06
13000.056 7.601001166499203e-06
13050.056 7.758078245799608e-06
13100.056 7.759977741499455e-06
13150.056 7.806834979399602e-06
13200.056 7.604369184899622e-06
13250.056 7.221467739090151e-06
13300.056 6.540973686319078e-06
13350.056 4.536674563439578e-06
13400.056 4.364113183454912e-06
13450.056 3.946481481270867e-06
13500.056 3.898091369806479e-06
13550.056 3.712764031146682e-06
13600.056 3.492496025780023e-06
13650.056 3.797883324804922e-06
13700.056 3.510287966090466e-06
13750.056 3.5878087271992037e-06
13800.056 3.994370673164783e-06
13850.056 3.945157813086576e-06
13900.056 3.8109431455081943e-06
13950.056 3.6498665632308672e-06
14000.056 3.4355367735800675e-06
14050.056 3.5158146596079827e-06
14100.056 3.1856514958083496e-06
14150.056 3.2296502183412927e-06
14200.056 3.0287667811144644e-06
14250.056 2.997998188754224e-06
14300.056 3.0552730185795107e-06
14350.056 3.090953895623351e-06
14400.056 3.2175920726262745e-06
14450.056 3.3563382861402493e-06
14500.056 3.6092994853756647e-06
14550.056 3.643170574809867e-06
14600.056 3.8021685063710226e-06
14650.056 3.740350171168653e-06
14700.056 3.4951109007496122e-06
14750.056 3.6805865885306746e-06
14800.056 3.762038828370876e-06
14850.056 4.00897642522921e-06
14900.056 3.999993212829738e-06
14950.056 4.033882251190749e-06
15000.056 4.133552645460589e-06
15050.056 4.483403834149192e-06
15100.056 4.452690404100513e-06
15150.056 4.558197170550323e-06
15200.056 4.774240106039698e-06
15250.056 4.789454224299803e-06
15300.056 4.9936144761598854e-06
15350.056 5.143588835000153e-06
15400.056 5.264699573700052e-06
15450.056 5.458526748900321e-06
15500.056 5.545686519899363e-06
15550.056 5.784095382799696e-06
15600.056 5.777575877200635e-06
15650.056 5.977745443200015e-06
15700.056 6.2927067094016186e-06
15750.056 6.477493225699449e-06
15800.056 6.536656061100854e-06
15850.056 6.164767985700609e-06
15900.056 6.330649484000547e-06
15950.056 6.406265521299977e-06
16000.056 6.516209209499696e-06
16050.056 6.702252203200646e-06
16100.056 6.862844372100269e-06
16150.056 6.7170138784002976e-06
16200.056 6.941033893799718e-06
16250.056 6.874992040399894e-06
16300.056 6.956400672400109e-06
16350.056 7.2827944436996105e-06
16400.056 7.151335641300885e-06
16450.056 7.341374450800521e-06
16500.056 7.507789349100436e-06
16550.056 7.790847646299478e-06
16600.056 7.487020203200425e-06
16650.056 7.967596397600693e-06
16700.056 7.709357372998829e-06
16750.056 7.791425399899497e-06
16800.056 7.96823278070009e-06
16850.056 8.01663421989946e-06
16900.056 7.800315861700363e-06
16950.056 7.781265100999111e-06
17000.056 7.772815542500868e-06
17050.056 7.680587081100482e-06
17100.056 7.3847028446004925e-06
17150.056 7.285096377300151e-06
17200.056 6.833280128499613e-06
17250.056 6.537439846269902e-06
17300.056 6.629264835109129e-06
17350.056 6.4174917361206756e-06
17400.056 6.43551352383e-06
17450.056 6.09915731041736e-06
17500.056 5.894411961869133e-06
17550.056 5.7987972084306725e-06
17600.056 5.597066392610127e-06
17650.056 5.696835403669245e-06
17700.056 5.03359892391916e-06
17750.056 4.933273583019854e-06
17800.056 4.848215111230998e-06
17850.056 4.588119897540546e-06
17900.056 4.625893371080025e-06
17950.056 4.504733219799439e-06
18000.056 4.184779210480416e-06
18050.056 4.2319956976944944e-06
18100.056 4.081168869609793e-06
18150.056 4.426888078395258e-06
18200.056 3.835468908126297e-06
18250.056 4.362775098222224e-06
18300.056 4.192969522713816e-06
18350.056 4.042856019326054e-06
18400.056 3.9504493360520245e-06
18450.056 3.6295057438969765e-06
18500.056 3.7508587125805954e-06
18550.056 3.549587542390267e-06
18600.056 3.0575918922705495e-06
18650.056 3.503829932824819e-06
18700.056 3.7637592591147107e-06
18750.056 3.601290374544261e-06
18800.056 3.6804464539213798e-06
18850.056 4.158706540359638e-06
18900.056 4.007794410868446e-06
18950.056 4.052932058609757e-06
19000.056 4.2738113102291955e-06
19050.056 4.1635241740000625e-06
19100.056 4.254459700441245e-06
19150.056 4.38829541606483e-06
19200.056 4.350588988309293e-06
19250.056 4.173571948749116e-06
19300.056 4.365231971539106e-06
19350.056 4.390851873377834e-06
19400.056 3.973030847289069e-06
19450.056 4.385077308040501e-06
19500.056 4.4010598707095565e-06
19550.056 3.88875026662082e-06
19600.056 4.3401313606695e-06
19650.056 4.277807264527647e-06
19700.056 4.297909810630309e-06
19750.056 4.0161324698503325e-06
19800.056 4.217767031649486e-06
19850.056 4.227878217151044e-06
19900.056 3.882698537011096e-06
19950.056 4.3493610692198105e-06
20000.056 3.907351240590571e-06
20050.056 4.160829846991116e-06
20100.056 4.205662096147851e-06
20150.056 4.178745712240811e-06
20200.056 4.267945889249006e-06
20250.056 4.407710110929875e-06
20300.056 4.429281181660429e-06
20350.056 4.491718224719471e-06
20400.056 4.47763525565793e-06
20450.056 4.658418989799437e-06
20500.056 4.674981615850034e-06
20550.056 4.769222530119805e-06
20600.056 4.975705839220519e-06
20650.056 4.859860759240779e-06
20700.056 5.054071067780339e-06
20750.056 5.09121820917943e-06
20800.056 5.266022678400112e-06
20850.056 5.231255002159988e-06
20900.056 5.449896511299772e-06
20950.056 5.489789635899689e-06
21000.056 5.677140564199712e-06
21050.056 5.7191746777001555e-06
21100.056 5.745365884000044e-06
21150.056 5.96978402900013e-06
21200.056 5.965358746600341e-06
21250.056 6.177839232199528e-06
21300.056 6.02576643059996e-06
21350.056 6.3413395692002534e-06
21400.056 6.177589162800323e-06
21450.056 6.62987344349999e-06
21500.056 6.3637743672002935e-06
21550.056 6.50248377849963e-06
21600.056 6.638070611600525e-06
21650.056 6.6131990539002795e-06
21700.056 6.813945882699714e-06
21750.056 6.6954070166999985e-06
21800.056 6.717169040499651e-06
21850.056 6.754113377899756e-06
21900.056 6.893645773400566e-06
21950.056 6.796115448800231e-06
22000.056 6.957690535299711e-06
22050.056 6.733916935799387e-06
22100.056 6.887869570299768e-06
22150.056 6.964230437500383e-06
22200.056 6.800349520000861e-06
22250.056 7.081887832700476e-06
22300.056 7.01212867769986e-06
22350.056 6.849586110300152e-06
22400.056 7.0684104716001435e-06
22450.056 6.968780075499439e-06
22500.056 7.041766847799893e-06
22550.056 6.979639637099284e-06
22600.056 6.985969545099838e-06
22650.056 6.91968651870098e-06
22700.056 6.899371731301034e-06
22750.056 7.072676549699601e-06
22800.056 6.85140946670003e-06
22850.056 6.9467714238004355e-06
22900.056 7.040506929299707e-06
22950.056 5.540935577960664e-06
23000.056 6.062523387260261e-06
23050.056 6.253492074959158e-06
23100.056 6.040274850599916e-06
23150.056 6.210144222720613e-06
23200.056 6.161675776530191e-06
23250.056 5.296982970188914e-06
23300.056 5.636435795840086e-06
23350.056 5.795014379410039e-06
23400.056 5.6568672780301e-06
23450.056 5.7689217728204e-06
23500.056 5.683619511289073e-06
23550.056 5.123288801071335e-06
23600.056 5.210930494961032e-06
23650.056 5.528044487699142e-06
23700.056 5.443284878808654e-06
23750.056 5.474924481220706e-06
23800.056 5.410558956480616e-06
23850.056 4.732163919400506e-06
23900.056 5.0880810065998225e-06
23950.056 5.1960508579812614e-06
24000.056 4.936034822129059e-06
24050.056 4.880260519640786e-06
24100.056 4.539821157168821e-06
24150.056 4.458023059640671e-06
24200.056 4.462565046028769e-06
24250.056 4.401672301530344e-06
24300.056 4.235726129350236e-06
24350.056 3.995333893410161e-06
24400.056 4.323698179099869e-06
24450.056 3.960484057529881e-06
24500.056 3.7001021342602037e-06
24550.056 3.630268720959992e-06
24600.056 3.654758930000634e-06
24650.056 3.956065005669931e-06
24700.056 3.393450595390006e-06
24750.056 3.2343319358807245e-06
24800.056 3.1791104231603234e-06
24850.056 3.6253708816001044e-06
24900.056 2.8896001279115747e-06
24950.056 3.520562110349651e-06
25000.056 3.165717197030271e-06
25050.056 2.6176302059007144e-06
25100.056 3.101088460869896e-06
25150.056 2.733114278879925e-06
25200.056 2.920204914249647e-06
25250.056 2.7785222508192513e-06
25300.056 2.9400806800702286e-06
25350.056 2.5351160014699826e-06
25400.056 2.763930654311113e-06
25450.056 2.5560666229300212e-06
25500.056 2.7118686689809066e-06
25550.056 2.5671684716501798e-06
25600.056 2.6442321231601017e-06
25650.056 2.3949202205999333e-06
25700.056 2.9481104735589125e-06
25750.056 2.250433238550413e-06
25800.056 2.7835488350204308e-06
25850.056 2.593660454209769e-06
25900.056 2.7904057130906646e-06
25950.056 2.5103799393202215e-06
26000.056 2.7576484380108008e-06
26050.056 2.9720031110200383e-06
26100.056 2.8846862431404582e-06
26150.056 2.9140362706292295e-06
26200.056 2.757446656190179e-06
26250.056 2.8378898293405198e-06
26300.056 2.860869439619967e-06
26350.056 2.848176522999752e-06
26400.056 2.9118821350795043e-06
26450.056 2.862063460070353e-06
26500.056 3.012851096759075e-06
26550.056 3.0374459786693954e-06
26600.056 3.4657281522992997e-06
26650.056 2.827338579649464e-06
26700.056 2.8932578460898855e-06
26750.056 2.6426755464888694e-06
26800.056 2.9087292687091564e-06
26850.056 2.4362836146403416e-06
26900.056 3.0325379022500376e-06
26950.056 2.1710381316300515e-06
27000.056 2.858682428530654e-06
27050.056 2.4460318332696806e-06
27100.056 2.4622657370195184e-06
27150.056 2.587643434719916e-06
27200.056 2.574296034310513e-06
27250.056 2.346268511761084e-06
27300.056 2.6574238050601927e-06
27350.056 2.5687148495190534e-06
27400.056 2.2302386841600126e-06
27450.056 2.8154813944290163e-06
27500.056 2.576608048230175e-06
27550.056 2.4994103996198683e-06
27600.056 2.813477669839664e-06
27650.056 2.2927692090897477e-06
27700.056 2.2511639803701737e-06
27750.056 2.8655186537085627e-06
27800.056 2.1710956527999266e-06
27850.056 2.3751698306990467e-06
27900.056 2.3959985841500806e-06
27950.056 2.7453862144697977e-06
28000.056 2.5992817693607027e-06
28050.056 2.0634126081605128e-06
28100.056 2.8340965663212048e-06
28150.056 2.320174175360062e-06
28200.056 2.0204443443701366e-06
28250.056 2.4820289204100643e-06
28300.056 2.8113808171306037e-06
28350.056 2.285743924379139e-06
28400.056 2.4031359311200274e-06
28450.056 2.43315372870956e-06
28500.056 2.4813807319394957e-06
28550.056 1.9014155470993456e-06
28600.056 2.8045870280101743e-06
28650.056 2.600380684609768e-06
28700.056 2.317410417479549e-06
28750.056 2.5764310375598103e-06
28800.056 2.5100111272504735e-06
28850.056 2.592414132700282e-06
28900.056 2.120835856840159e-06
