galfind/configs/Brown_Dwarf_templates/sonora_bobcat/m-0.5/100g/sp_t475g100nc_m-0.5_resample.dat
# %ECSV 1.0
# ---
# datatype:
# - {name: wav, unit: Angstrom, datatype: float64}
# - {name: flux_nu, unit: erg / (cm2 Hz s), datatype: float64}
# meta: {C/O: '1.00', Kzz: '1.0000E+05', Teff: '475.', Y: '0.28', '[Fe/H]': '-0.50', f_hole: '1.00', f_rain: '0.00', grav: '100.'}
# schema: astropy-2.0
wav flux_nu
[from data line 499]
28950.056 5.999361524672157e-10
29000.056 4.5222787617263863e-10
29050.056 6.628095545676987e-10
29100.056 3.576866541829284e-10
29150.056 5.661509455716049e-10
29200.056 7.813710792045638e-10
29250.056 1.0032493992842665e-09
29300.056 5.285139951048773e-10
29350.056 1.4770958180678231e-09
29400.056 6.132994471343047e-10
29450.056 5.056264371446441e-10
29500.056 1.2894168512766374e-09
29550.056 5.563055466352506e-10
29600.056 7.693675264092552e-10
29650.056 1.858956121401167e-09
29700.056 5.322045428319374e-10
29750.056 1.3563082918632532e-09
29800.056 1.118506888487138e-09
29850.056 1.6624050851958989e-09
29900.056 9.786606229670732e-10
29950.056 1.0705471093682813e-09
30000.056 3.1157177057771345e-11
30050.056 1.4260002389371811e-10
30100.056 4.496218290408149e-10
30150.056 1.4686631749604448e-09
30200.056 1.0966607323855338e-09
30250.056 2.1149361196448217e-09
30300.056 2.5127402530645208e-09
30350.056 8.420557384084045e-10
30400.056 2.6585564528392884e-09
30450.056 1.689719653614727e-09
30500.056 1.4399261063412183e-09
30550.056 1.1424959613709048e-09
30600.056 4.7619740343203505e-09
30650.056 2.175207470807588e-09
30700.056 1.620605258446473e-09
30750.056 2.830750283973427e-09
30800.056 2.1640562148569187e-09
30850.056 2.436570606133054e-09
30900.056 1.3975097822464955e-09
30950.056 1.3192073619677978e-09
31000.056 1.4588988592134123e-09
31050.056 1.2985249412416358e-09
31100.056 7.54458157081504e-10
31150.056 1.4018008106077657e-09
31200.056 3.05406400793616e-09
31250.056 1.5804777348921363e-09
31300.056 1.1305058907363772e-09
31350.056 2.001137037512384e-09
31400.056 1.3709168314457692e-09
31450.056 1.5309579982565231e-09
31500.056 5.844209939676084e-10
31550.056 1.0015624468661187e-09
31600.056 6.803129310339518e-10
31650.056 5.84845092670472e-10
31700.056 5.930221855891702e-10
31750.056 2.95266819870744e-10
31800.056 6.324383713091391e-10
31850.056 1.4090347966953097e-10
31900.056 3.2603073919269767e-10
31950.056 1.8038159364080517e-10
32000.056 1.8039973539241459e-10
32050.056 2.3964390824014684e-10
32100.056 1.9336991552397775e-10
32150.056 2.388937064949294e-10
32200.056 1.2033581989986517e-10
32250.056 3.106081222245779e-10
32300.056 9.695049382970694e-11
32350.056 3.1137625088058924e-10
32400.056 6.455040303413281e-11
32450.056 2.536314300546098e-10
32500.056 8.647760589285644e-11
32550.056 2.0448557251536318e-10
32600.056 1.1101817107069445e-10
32650.056 4.592586741189991e-10
32700.056 1.6457754170614792e-10
32750.056 8.270201147483557e-10
32800.056 5.719254720528147e-10
32850.056 1.3170692235400178e-09
32900.056 1.2109422425708139e-09
32950.056 1.268080308286267e-09
33000.056 5.169079789065933e-10
33050.056 6.730198971545911e-10
33100.056 1.611817902946685e-10
33150.056 2.2107777810380085e-13
33200.056 4.5873839959389035e-12
33250.056 6.153363978420247e-12
33300.056 3.6484037365776996e-11
33350.056 1.246675134798387e-10
33400.056 3.9051100228025104e-10
33450.056 2.989054644259606e-10
33500.056 9.950174736007096e-10
33550.056 2.514031080265069e-10
33600.056 6.407556333263062e-10
33650.056 5.933681698388937e-10
33700.056 2.391939743536669e-10
33750.056 8.379695650576443e-10
33800.056 1.0647605684580194e-10
33850.056 4.2145671862549913e-10
33900.056 4.4790248726763405e-10
33950.056 3.4953489247907136e-10
34000.056 7.43924166933066e-10
34050.056 1.2984445514373083e-10
34100.056 6.668335850063225e-10
34150.056 2.809036389375705e-10
34200.056 7.061987116183649e-10
34250.056 4.764674787540179e-10
34300.056 4.3044241264595474e-10
34350.056 8.864161946635407e-10
34400.056 2.8760813240504986e-10
34450.056 9.060925332737131e-10
34500.056 5.004998624014304e-10
34550.056 3.050438371908405e-10
34600.056 1.4124534875391896e-09
34650.056 2.6338523791131906e-10
34700.056 1.0153879381318997e-09
34750.056 6.590774497797884e-10
34800.056 5.138213152100904e-10
34850.056 1.6430292060688292e-09
34900.056 4.773294994672643e-10
34950.056 1.4065035232405123e-09
35000.056 2.580909796250941e-09
35050.056 1.0991714506930577e-09
35100.056 2.7014729079234505e-09
35150.056 2.3266984770692363e-09
35200.056 1.7616540952277428e-09
35250.056 3.3149438408859905e-09
35300.056 1.3007177042740283e-09
35350.056 1.8933517267183693e-09
35400.056 1.6408657609946732e-09
35450.056 1.2727599507390714e-09
35500.056 4.289205439775912e-09
35550.056 2.5262608554972167e-09
35600.056 2.8836958451466925e-09
35650.056 3.1530688921301125e-09
35700.056 3.0478487077221462e-09
35750.056 4.77484116893685e-09
35800.056 4.182922571487235e-09
35850.056 1.796546740393876e-09
35900.056 2.6252267124720248e-09
35950.056 3.5060674341662503e-09
36000.056 3.646709537140601e-09
36050.056 2.7567200138123173e-09
36100.056 2.519624482924618e-09
36150.056 5.201368590112856e-09
36200.056 5.856648740792616e-09
36250.056 3.982847533749503e-09
36300.056 8.56646301592336e-09
36350.056 5.308542888224932e-09
36400.056 7.911380124585364e-09
36450.056 7.298492949157761e-09
36500.056 8.238029695259996e-09
36550.056 1.1525840956323058e-08
36600.056 1.2599671432435641e-08
36650.056 9.287480959755266e-09
36700.056 9.47704930256503e-09
36750.056 1.237959737660537e-08
36800.056 1.4347397032067233e-08
36850.056 8.603757836204505e-09
36900.056 1.2680868103922694e-08
36950.056 1.4367490592597421e-08
37000.056 1.0240378431468296e-08
37050.056 1.571439714665767e-08
37100.056 1.053664505079187e-08
37150.056 1.1627082381183258e-08
37200.056 1.804903900049631e-08
37250.056 1.1384182279205725e-08
37300.056 8.910005672930854e-09
37350.056 1.471520335120419e-08
37400.056 2.1740824843783503e-08
37450.056 9.632467383599978e-09
37500.056 1.2790221740733651e-08
37550.056 2.3258538338909716e-08
37600.056 3.194118635640632e-08
37650.056 1.127962694964089e-08
37700.056 2.1116508787501683e-08
37750.056 1.4608504139212958e-08
37800.056 1.5467953837050503e-08
37850.056 8.813469934295401e-09
37900.056 1.0822615326020568e-08
37950.056 1.9454560771315282e-08
38000.056 1.7975335336813362e-08
38050.056 2.3964142788937943e-08
38100.056 2.963532426101249e-08
38150.056 3.1269715538358564e-08
38200.056 2.6229312943231703e-08
38250.056 2.7666141332267874e-08
38300.056 4.1547142581987524e-08
38350.056 3.9680540779513055e-08
38400.056 1.9093762059857885e-08
38450.056 1.0761359679000012e-08
38500.056 7.507916124121293e-09
38550.056 2.1108609231505895e-08
38600.056 2.169244464709529e-08
38650.056 2.4687566396875388e-08
38700.056 2.2979726670596017e-08
38750.056 2.2143005087002076e-08
38800.056 2.2767321854049233e-08
38850.056 2.5187299385392085e-08
38900.056 3.202157279076384e-08
38950.056 2.051235448280144e-08
39000.056 2.983080431769229e-08
39050.056 2.1502538955133673e-08
39100.056 2.816376422520955e-08
39150.056 3.709213839180063e-08
39200.056 2.6798175423914873e-08
39250.056 3.905110711020098e-08
39300.056 2.9410711794296247e-08
39350.056 4.59968307982996e-08
39400.056 2.975850188012848e-08
39450.056 3.9868523955917485e-08
39500.056 4.189108915000475e-08
39550.056 2.337386695247576e-08
39600.056 3.8590756926422056e-08
39650.056 5.0297839905596034e-08
39700.056 4.551651845740596e-08
39750.056 2.5127334512791663e-08
39800.056 2.9368982381149915e-08
39850.056 5.5469315520003866e-08
39900.056 5.974096124100295e-08
39950.056 3.1878966426396425e-08
40000.056 5.0543125263999796e-08
40050.056 5.35773570235991e-08
40100.056 2.3655350355974528e-08
40150.056 4.962786713650304e-08
40200.056 5.20222128073888e-08
40250.056 5.692872655898786e-08
40300.056 5.698286791400522e-08
40350.056 3.818128156227118e-08
40400.056 5.3800289001735665e-08
40450.056 3.0687852832024406e-08
40500.056 5.9593146342597547e-08
40550.056 6.453089761369727e-08
40600.056 5.4196018773001795e-08
40650.056 4.5225397781243945e-08
40700.056 7.845464190799377e-08
40750.056 5.443619087258943e-08
40800.056 3.607978838508815e-08
40850.056 8.427216176701583e-08
40900.056 7.34169742979924e-08
40950.056 6.248765143257033e-08
41000.056 5.3014903497393934e-08
41050.056 8.799332940798517e-08
41100.056 7.59377251101973e-08
41150.056 3.652777747487747e-08
41200.056 8.416791910400797e-08
41250.056 7.346710371511105e-08
41300.056 7.47783279178028e-08
41350.056 9.166301058199467e-08
41400.056 7.778535078000363e-08
41450.056 9.829176832199085e-08
41500.056 6.618386424522204e-08
41550.056 6.216597624466945e-08
41600.056 6.717435411323432e-08
41650.056 8.485956974600741e-08
41700.056 9.940953053098157e-08
41750.056 8.048304312599105e-08
41800.056 8.616022378701638e-08
41850.056 7.660457562228885e-08
41900.056 7.31314465993008e-08
41950.056 7.632335322800201e-08
42000.056 5.324666293272722e-08
42050.056 5.731532456338978e-08
42100.056 6.996392163109392e-08
42150.056 6.653664330740068e-08
42200.056 6.908831430169462e-08
42250.056 6.39562144143077e-08
42300.056 5.9858852519997e-08
42350.056 8.33994236974047e-08
42400.056 9.331781424800774e-08
42450.056 8.460449362401678e-08
42500.056 8.693038793799284e-08
42550.056 7.560838340198934e-08
42600.056 8.145038678652597e-08
42650.056 1.150614743789778e-07
42700.056 6.698197606757625e-08
42750.056 7.798436179401247e-08
42800.056 1.0636245195700888e-07
42850.056 1.1339834750997452e-07
42900.056 1.197699890140144e-07
42950.056 9.261456924099033e-08
43000.056 1.0698147409500371e-07
43050.056 5.888496993910847e-08
43100.056 9.41681668129937e-08
43150.056 7.675943874800735e-08
43200.056 1.0462809455700639e-07
43250.056 1.372705121070074e-07
43300.056 1.2862012785000135e-07
43350.056 7.22466990749832e-08
43400.056 1.0471920621300472e-07
43450.056 7.368419146500681e-08
43500.056 7.811260512301386e-08
43550.056 8.137902381090642e-08
43600.056 1.2044985788801185e-07
43650.056 7.596034951679924e-08
43700.056 1.3449262761502116e-07
43750.056 1.207901692879948e-07
43800.056 1.096822396759927e-07
43850.056 1.0026343871301283e-07
43900.056 8.490939470698956e-08
43950.056 5.926030187299332e-08
44000.056 5.692961278699914e-08
44050.056 1.2407084971800363e-07
44100.056 1.558487626900025e-07
44150.056 1.431704242499973e-07
44200.056 1.3214226780100312e-07
44250.056 7.922084128199554e-08
44300.056 6.261810867550967e-08
44350.056 7.12752382861134e-08
44400.056 6.706652799759495e-08
44450.056 1.1103573340100578e-07
44500.056 9.925104263441571e-08
44550.056 1.3718401755199308e-07
44600.056 1.186910570565015e-07
44650.056 1.1004663058300296e-07
44700.056 7.588987476999221e-08
44750.056 1.0812921346602078e-07
44800.056 8.050161614840675e-08
44850.056 1.1184022945000466e-07
44900.056 9.41987296870017e-08
44950.056 1.0742383228300908e-07
45000.056 1.2312281312900433e-07
45050.056 1.1321910552898886e-07
45100.056 1.0452177555700495e-07
45150.056 9.731657718488921e-08
45200.056 7.421056131950702e-08
45250.056 8.791989893758206e-08
45300.056 8.096708448581115e-08
45350.056 6.704478275380976e-08
45400.056 1.4754924618701366e-07
45450.056 1.2710661252001248e-07
45500.056 1.428563513710075e-07
45550.056 1.5115100467996858e-07
45600.056 1.391329962200162e-07
45650.056 1.175725443729985e-07
45700.056 7.89781287879952e-08
45750.056 7.318790362460351e-08
45800.056 1.5500498833800785e-07
45850.056 1.2969964197599927e-07
45900.056 1.5237509078099587e-07
45950.056 1.316351102499965e-07
46000.056 1.454672409230166e-07
46050.056 1.1291711814800153e-07
46100.056 1.677994883999921e-07
46150.056 1.062851240770004e-07
46200.056 9.309812163198893e-08
46250.056 4.200703592351577e-08
46300.056 1.0797543415500158e-07
46350.056 1.1433702044901409e-07
46400.056 1.0741162824800383e-07
46450.056 9.778341682039855e-08
46500.056 1.0681785814902122e-07
46550.056 6.342919518500232e-08
46600.056 8.746876563798762e-08
46650.056 1.288642971100076e-07
46700.056 9.071101851198153e-08
46750.056 4.822717679930805e-08
46800.056 3.340841329877914e-08
46850.056 1.2388765283101528e-07
46900.056 1.2882497227899483e-07
46950.056 1.2453129749399145e-07
47000.056 1.210215873930142e-07
47050.056 9.081501120123193e-08
47100.056 6.686369357750579e-08
47150.056 1.0198736347541368e-07
47200.056 1.1623650517599329e-07
47250.056 6.427162826399204e-08
47300.056 4.369796798618767e-08
47350.056 1.284426495830049e-07
47400.056 1.172431529179905e-07
47450.056 9.334985532771148e-08
47500.056 1.34894037923991e-07
47550.056 1.1441582350200365e-07
47600.056 1.0809095860899032e-07
47650.056 1.1607200313627321e-07
47700.056 9.133055390378044e-08
47750.056 6.88372642090011e-08
47800.056 5.963287208200831e-08
47850.056 3.0309504124404886e-08
47900.056 4.7225300832477564e-08
47950.056 1.0342468012000357e-07
48000.056 1.3351566642900117e-07
48050.056 1.1148984564579577e-07
48100.056 5.1189072603863796e-08
48150.056 8.881888450700274e-08
48200.056 6.410161396497704e-08
48250.056 8.149487689700013e-08
48300.056 1.2879143728999494e-07
48350.056 8.250970100599271e-08
48400.056 2.301172487865441e-08
48450.056 4.740114072145085e-08
48500.056 7.699544941098216e-08
48550.056 8.269231828140856e-08
48600.056 1.0281146121900047e-07
48650.056 1.27239171304995e-07
48700.056 8.913740929101261e-08
48750.056 6.004866579901697e-08
48800.056 1.1105965830200612e-07
48850.056 6.33166064252893e-08
48900.056 8.337852779443199e-08
48950.056 4.949300682099927e-08
49000.056 2.6504911707291953e-08
49050.056 7.93381329878896e-08
49100.056 9.638274145121547e-08
49150.056 7.408855220650117e-08
49200.056 1.1012238067001411e-07
49250.056 1.1195039980700594e-07
49300.056 9.526093147199803e-08
49350.056 4.1500574115809195e-08
49400.056 6.135029321298548e-08
49450.056 5.809319998506394e-08
49500.056 4.734791628092392e-08
49550.056 1.1271256874910144e-08
49600.056 3.0918754206673255e-08
49650.056 6.591124814800065e-08
49700.056 7.272782911998025e-08
49750.056 7.357723774479701e-08
49800.056 4.830876498480458e-08
49850.056 9.359768658101201e-08
49900.056 8.067468504899622e-08
49950.056 7.752214688599932e-08
50000.056 6.172169786180839e-08
50050.056 7.488457559400261e-08
50100.056 6.068626606199612e-08
50150.056 2.983950826079464e-08
50200.056 5.9832461952926454e-09
50250.056 3.508379629899899e-08
50300.056 2.3314494470543728e-08
50350.056 6.995727480400993e-08
50400.056 7.394847845599308e-08
50450.056 5.407311708520224e-08
50500.056 8.389521829660463e-08
50550.056 7.621354345100343e-08
50600.056 5.489273797748504e-08
50650.056 8.643893372601311e-08
50700.056 8.812624335099493e-08
50750.056 5.675469535100394e-08
50800.056 2.1266032001396208e-08
50850.056 1.2120818149845644e-08
50900.056 6.568750646700294e-08
50950.056 5.929614574899623e-08
51000.056 4.764719081071501e-08
51050.056 6.785923051899044e-08
51100.056 2.6359640819250306e-08
51150.056 3.028237039214524e-08
51200.056 8.317982584399714e-08
51250.056 6.043920405218898e-08
51300.056 4.07527777090113e-08
51350.056 4.089150793284425e-08
51400.056 1.5220679563392862e-08
51450.056 1.1889757492602078e-08
51500.056 1.0939928075382366e-08
51550.056 4.034469228680634e-08
51600.056 3.439081563610654e-08
51650.056 4.401120992799714e-08
51700.056 4.674058467466448e-08
51750.056 3.112154487578059e-08
51800.056 5.629912826199147e-08
51850.056 4.5308396184797825e-08
51900.056 5.8603292516000844e-08
51950.056 3.479180729799617e-08
52000.056 3.831787153492496e-09
52050.056 1.900836935340253e-08
52100.056 1.1177734804198204e-08
52150.056 6.597370600319676e-09
52200.056 1.926363347329945e-08
52250.056 3.035289253460635e-08
52300.056 4.156260355299785e-08
52350.056 1.3706885738176858e-08
52400.056 1.4333666622409908e-08
52450.056 4.753524107200455e-08
52500.056 3.7208778846480173e-08
52550.056 4.1679283053997285e-08
52600.056 3.0864851048200775e-08
52650.056 3.701666541510338e-08
52700.056 2.5830907641699232e-08
52750.056 1.0943699810067043e-08
52800.056 1.931699780200313e-08
52850.056 2.2997154982893614e-08
52900.056 1.072726609532416e-08
52950.056 1.7036230950502126e-08
53000.056 2.954825983700355e-08
53050.056 1.1782866831796759e-08
53100.056 3.6623053573999576e-08
53150.056 3.901778686500262e-08
53200.056 1.6657706489359235e-08
53250.056 3.4548129820901045e-08
53300.056 4.123263139507343e-08
53350.056 3.2519187508200914e-08
53400.056 2.2242294631996848e-08
53450.056 7.867302397397313e-09
53500.056 1.58131988306336e-09
53550.056 4.133356642704034e-09
