galfind/configs/Brown_Dwarf_templates/sonora_bobcat/m-0.5/100g/sp_t400g100nc_m-0.5_resample.dat
# %ECSV 1.0
# ---
# datatype:
# - {name: wav, unit: Angstrom, datatype: float64}
# - {name: flux_nu, unit: erg / (cm2 Hz s), datatype: float64}
# meta: {C/O: '1.00', Kzz: '1.0000E+05', Teff: '400.', Y: '0.28', '[Fe/H]': '-0.50', f_hole: '1.00', f_rain: '0.00', grav: '100.'}
# schema: astropy-2.0
wav flux_nu
[from data line 498]
28900.056 8.262958343284959e-11
28950.056 1.1860940606167696e-10
29000.056 8.083583722615869e-11
29050.056 1.3079588813388356e-10
29100.056 6.097768310871744e-11
29150.056 9.381709429728718e-11
29200.056 2.040989461882952e-10
29250.056 2.0149686169063883e-10
29300.056 1.1953332453603535e-10
29350.056 3.1453598918707647e-10
29400.056 1.290983724956163e-10
29450.056 7.600991355886713e-11
29500.056 3.148053124516689e-10
29550.056 1.054037596605863e-10
29600.056 1.3654869583817871e-10
29650.056 4.801896437752366e-10
29700.056 9.130294408229972e-11
29750.056 3.187197837616039e-10
29800.056 2.1525252319783208e-10
29850.056 4.1364396807855656e-10
29900.056 1.870825982495228e-10
29950.056 2.2326562114282575e-10
30000.056 3.923939451756039e-12
30050.056 2.685050586029044e-11
30100.056 1.104204133890212e-10
30150.056 4.210880177655389e-10
30200.056 2.711291851511276e-10
30250.056 4.858513283028612e-10
30300.056 6.326573733318971e-10
30350.056 1.4301935213711695e-10
30400.056 6.64147589231116e-10
30450.056 4.5745322231173027e-10
30500.056 2.8171375920054964e-10
30550.056 2.2261498521284693e-10
30600.056 1.716392919993296e-09
30650.056 6.648389894248669e-10
30700.056 4.061832534495233e-10
30750.056 8.003904166750352e-10
30800.056 7.049099925751306e-10
30850.056 7.828983286540061e-10
30900.056 4.1984986364448773e-10
30950.056 3.384449181565842e-10
31000.056 4.232693720195974e-10
31050.056 3.017449994207854e-10
31100.056 1.892160043938214e-10
31150.056 3.5090256651026114e-10
31200.056 1.0685964916255301e-09
31250.056 4.797274041809806e-10
31300.056 3.128197730576152e-10
31350.056 7.506940194019733e-10
31400.056 4.82937766024399e-10
31450.056 5.175083126619012e-10
31500.056 1.7093902157929012e-10
31550.056 3.2699717151220984e-10
31600.056 2.3181168201515258e-10
31650.056 1.8682420568358343e-10
31700.056 1.6751887487056382e-10
31750.056 8.275168044973637e-11
31800.056 1.7395705543734365e-10
31850.056 3.1492087675716426e-11
31900.056 7.722302636457526e-11
31950.056 4.316808744043341e-11
32000.056 3.344928029358299e-11
32050.056 4.798848140984153e-11
32100.056 3.874168294895628e-11
32150.056 4.074842623896563e-11
32200.056 1.9717055069755628e-11
32250.056 4.936074259870652e-11
32300.056 1.371458077718185e-11
32350.056 5.140196550594793e-11
32400.056 6.9886159016810715e-12
32450.056 3.7084898399948605e-11
32500.056 8.119344037733614e-12
32550.056 3.126180591330791e-11
32600.056 9.03354114175726e-12
32650.056 7.470327713713429e-11
32700.056 1.4655912799447773e-11
32750.056 1.6524030763268366e-10
32800.056 9.211396584517634e-11
32850.056 3.263246346128545e-10
32900.056 2.8583303408210943e-10
32950.056 2.8625156332723045e-10
33000.056 8.533072900486521e-11
33050.056 1.0220034963507118e-10
33100.056 1.9854436634914053e-11
33150.056 7.482639800586328e-15
33200.056 6.025752747494057e-13
33250.056 1.0200616479980354e-12
33300.056 1.0667773072027801e-11
33350.056 3.3946309776069444e-11
33400.056 1.257772136058635e-10
33450.056 6.118456698416214e-11
33500.056 2.4545400680615437e-10
33550.056 4.4949439251728195e-11
33600.056 1.20471878993044e-10
33650.056 1.1493190434536852e-10
33700.056 3.2737773737626086e-11
33750.056 1.5924571554483565e-10
33800.056 1.2429804550020703e-11
33850.056 7.461892207195158e-11
33900.056 8.311649239875459e-11
33950.056 6.649334903853165e-11
34000.056 1.5491236605226189e-10
34050.056 2.247421038502201e-11
34100.056 1.491994812939019e-10
34150.056 5.246243662013113e-11
34200.056 1.6719970068029806e-10
34250.056 9.274054432273739e-11
34300.056 9.757612438170028e-11
34350.056 2.699416680057285e-10
34400.056 6.180787079857375e-11
34450.056 2.483684920826579e-10
34500.056 1.1324425588426569e-10
34550.056 9.691027227292397e-11
34600.056 4.779958398753904e-10
34650.056 5.41086001803991e-11
34700.056 3.1098454464594677e-10
34750.056 1.7972510735086428e-10
34800.056 1.4120157027146388e-10
34850.056 5.612835344067845e-10
34900.056 9.433133619474896e-11
34950.056 5.050227805522616e-10
35000.056 8.221662607503327e-10
35050.056 4.091240212848683e-10
35100.056 1.0069037881416325e-09
35150.056 8.427609659912589e-10
35200.056 6.011441307164542e-10
35250.056 1.199449591343328e-09
35300.056 3.8441566671956475e-10
35350.056 5.522366421013201e-10
35400.056 4.086774632016422e-10
35450.056 3.6001190524726676e-10
35500.056 1.3391993317307152e-09
35550.056 7.197840545588913e-10
35600.056 9.929301589971212e-10
35650.056 1.185134137591933e-09
35700.056 1.1784881767185827e-09
35750.056 1.6502021236431153e-09
35800.056 1.1374103887984029e-09
35850.056 4.889041604902362e-10
35900.056 6.815095887935643e-10
35950.056 1.0598514402596506e-09
36000.056 1.168821315751125e-09
36050.056 8.096266878707121e-10
36100.056 7.503902466408299e-10
36150.056 2.042057784836231e-09
36200.056 2.1578139733751386e-09
36250.056 1.3335384125275507e-09
36300.056 3.474393164444028e-09
36350.056 1.8616153313304256e-09
36400.056 3.1231263397869865e-09
36450.056 2.6192612223375028e-09
36500.056 2.8585486327537774e-09
36550.056 4.8331905934006585e-09
36600.056 5.0725687934983985e-09
36650.056 3.321940596048968e-09
36700.056 3.5974797300527134e-09
36750.056 4.950964186652314e-09
36800.056 6.018470638471394e-09
36850.056 2.9522742377739747e-09
36900.056 4.557462867704607e-09
36950.056 5.999950206429036e-09
37000.056 3.862500971804128e-09
37050.056 6.656119004852871e-09
37100.056 3.4097499616307712e-09
37150.056 4.366167373920375e-09
37200.056 7.836194656358809e-09
37250.056 4.376860146031357e-09
37300.056 2.949329989620653e-09
37350.056 5.508056031787077e-09
37400.056 8.779112158874045e-09
37450.056 3.238236945275781e-09
37500.056 4.790952129298557e-09
37550.056 1.017439737151364e-08
37600.056 1.5426688086282094e-08
37650.056 4.204108714133412e-09
37700.056 8.313469326050907e-09
37750.056 5.893337711676904e-09
37800.056 5.903283430502625e-09
37850.056 3.1339262652799985e-09
37900.056 3.8190387270531935e-09
37950.056 7.702389925049089e-09
38000.056 6.843602750795173e-09
38050.056 1.0473829995368103e-08
38100.056 1.3422945795179699e-08
38150.056 1.48505903231388e-08
38200.056 1.0969331169193857e-08
38250.056 1.3258323738785823e-08
38300.056 2.0645172382573772e-08
38350.056 1.801193995762631e-08
38400.056 7.29085920614025e-09
38450.056 3.1073278495707656e-09
38500.056 2.2850295813122717e-09
38550.056 8.44419574698185e-09
38600.056 9.228318933177947e-09
38650.056 1.0336936782404412e-08
38700.056 8.713859855027397e-09
38750.056 9.078891649640488e-09
38800.056 9.171826147882457e-09
38850.056 1.0744211792941145e-08
38900.056 1.3371819176457018e-08
38950.056 7.906603929348041e-09
39000.056 1.3101077412966758e-08
39050.056 7.646414805705456e-09
39100.056 1.181581347817693e-08
39150.056 1.6981494575610246e-08
39200.056 1.1225959795317997e-08
39250.056 1.772502066602041e-08
39300.056 1.2138329984209142e-08
39350.056 2.1668165970699353e-08
39400.056 1.248234919245517e-08
39450.056 1.8441989406749775e-08
39500.056 1.93489373615014e-08
39550.056 8.739245509645757e-09
39600.056 1.7288617356501696e-08
39650.056 2.3685636838198623e-08
39700.056 2.1752032974403037e-08
39750.056 9.81289740836196e-09
39800.056 1.129766372590004e-08
39850.056 2.618260652900226e-08
39900.056 2.9529881873601587e-08
39950.056 1.2754655028059379e-08
40000.056 2.2607368833499515e-08
40050.056 2.5535173618099237e-08
40100.056 8.638082442003786e-09
40150.056 2.2189325489101046e-08
40200.056 2.4276701541895638e-08
40250.056 2.7169379020894415e-08
40300.056 2.7498939411302795e-08
40350.056 1.5778965104965584e-08
40400.056 2.339019605596428e-08
40450.056 1.1316141747065358e-08
40500.056 2.7660215706699936e-08
40550.056 2.9743257668909406e-08
40600.056 2.540295605440013e-08
40650.056 1.9877065641449638e-08
40700.056 3.721539890679699e-08
40750.056 2.5202622326695244e-08
40800.056 1.4908577034175826e-08
40850.056 4.134549901060766e-08
40900.056 3.6257906339195385e-08
40950.056 2.9342108705384647e-08
41000.056 2.3709376898336725e-08
41050.056 4.4363750970794386e-08
41100.056 3.796126823919872e-08
41150.056 1.477590266828275e-08
41200.056 4.191313776200454e-08
41250.056 3.6347997418674196e-08
41300.056 3.860293781600358e-08
41350.056 4.807661933499796e-08
41400.056 3.8788996270999936e-08
41450.056 5.1529845130996106e-08
41500.056 3.184128575345333e-08
41550.056 2.9603060169838933e-08
41600.056 3.177712231429139e-08
41650.056 4.369710422880445e-08
41700.056 5.652247791199119e-08
41750.056 4.251778867359652e-08
41800.056 4.494306969500628e-08
41850.056 4.112640303256394e-08
41900.056 3.5464115166630266e-08
41950.056 3.625853056199917e-08
42000.056 2.095643044850305e-08
42050.056 2.5863124606100094e-08
42100.056 3.0968596182398375e-08
42150.056 3.3169854067898874e-08
42200.056 3.615352527139752e-08
42250.056 3.124054959690571e-08
42300.056 2.790960303929792e-08
42350.056 4.3662539890401935e-08
42400.056 5.076149010600398e-08
42450.056 4.8936838920007103e-08
42500.056 5.070434429899628e-08
42550.056 4.371744069199533e-08
42600.056 4.375197507311362e-08
42650.056 6.321230895599034e-08
42700.056 3.2404969706588934e-08
42750.056 4.388297679250728e-08
42800.056 6.241886741900357e-08
42850.056 6.572357892498788e-08
42900.056 6.787471444800659e-08
42950.056 5.2914040468997676e-08
43000.056 6.150551149100059e-08
43050.056 3.185935870980232e-08
43100.056 5.342889180199767e-08
43150.056 4.361122243500294e-08
43200.056 6.086803495900361e-08
43250.056 8.045345525200355e-08
43300.056 7.36316439880005e-08
43350.056 4.1245757755192265e-08
43400.056 6.077367859000304e-08
43450.056 4.1081413652002716e-08
43500.056 4.1720829509006346e-08
43550.056 4.425261924270302e-08
43600.056 7.046459959300523e-08
43650.056 4.229549643199847e-08
43700.056 7.66585784960131e-08
43750.056 7.262744101699548e-08
43800.056 6.386768815499663e-08
43850.056 5.889453390800741e-08
43900.056 4.5679470647195137e-08
43950.056 3.2471590175596875e-08
44000.056 3.192695234679928e-08
44050.056 7.264493307400287e-08
44100.056 9.118584444000193e-08
44150.056 8.227519863199745e-08
44200.056 7.86955037610026e-08
44250.056 4.556669832099626e-08
44300.056 3.426849550180436e-08
44350.056 3.823815671057555e-08
44400.056 3.659274799829771e-08
44450.056 6.36916200320049e-08
44500.056 5.5698841159407114e-08
44550.056 7.852428655199774e-08
44600.056 6.44685489143008e-08
44650.056 6.2659246808e-08
44700.056 4.295719344439466e-08
44750.056 6.225307714351046e-08
44800.056 4.331654062570309e-08
44850.056 6.12890192140019e-08
44900.056 5.446840543859963e-08
44950.056 6.189411704000588e-08
45000.056 7.281680020900171e-08
45050.056 6.531434212099386e-08
45100.056 5.9566712259103376e-08
45150.056 5.367203786219467e-08
45200.056 3.972985883240388e-08
45250.056 4.786972541639094e-08
45300.056 4.5767744214705946e-08
45350.056 3.4985298799405245e-08
45400.056 8.619516759500648e-08
45450.056 7.198971470390797e-08
45500.056 8.191123747000339e-08
45550.056 8.687714003698452e-08
45600.056 7.773990579300734e-08
45650.056 6.702298687179791e-08
45700.056 4.3165877555597194e-08
45750.056 3.920058025730234e-08
45800.056 8.722112922000444e-08
45850.056 7.043637165250125e-08
45900.056 8.648972218299779e-08
45950.056 7.879627034499645e-08
46000.056 8.302340743800861e-08
46050.056 6.468559999600298e-08
46100.056 9.676823549999581e-08
46150.056 6.053291231159975e-08
46200.056 5.0606519307793496e-08
46250.056 2.084531838751837e-08
46300.056 6.037763930600181e-08
46350.056 6.352268094900826e-08
46400.056 6.203907080700194e-08
46450.056 5.5706242283717074e-08
46500.056 6.130776636721048e-08
46550.056 3.427259648469986e-08
46600.056 4.555863598263369e-08
46650.056 6.953432103600354e-08
46700.056 4.947844151299103e-08
46750.056 2.3243525546803962e-08
46800.056 1.544022602771898e-08
46850.056 6.521154582700821e-08
46900.056 7.308327158699671e-08
46950.056 7.157440783199635e-08
47000.056 7.058919965200651e-08
47050.056 4.9501892879445425e-08
47100.056 3.7559098357102404e-08
47150.056 5.8703753198407374e-08
47200.056 6.56384342969962e-08
47250.056 3.285710503639511e-08
47300.056 2.2376248099024763e-08
47350.056 7.010492475200438e-08
47400.056 6.810715111599539e-08
47450.056 4.83472751902849e-08
47500.056 7.709633371199773e-08
47550.056 6.565040302700155e-08
47600.056 5.761265812889407e-08
47650.056 6.511211917431701e-08
47700.056 5.084654584619964e-08
47750.056 3.798556795860011e-08
47800.056 3.065014575800418e-08
47850.056 1.3699950570292302e-08
47900.056 2.2953861563079535e-08
47950.056 5.722259684300239e-08
48000.056 7.356600593999781e-08
48050.056 5.8830755318398365e-08
48100.056 2.673351339246194e-08
48150.056 4.912307328200193e-08
48200.056 3.3049707232257345e-08
48250.056 4.513747166899989e-08
48300.056 7.115182105299896e-08
48350.056 4.476394416599487e-08
48400.056 1.0050971905751347e-08
48450.056 2.1180219402577047e-08
48500.056 3.816669967159106e-08
48550.056 4.28743903297458e-08
48600.056 6.048854203199995e-08
48650.056 7.395624538399747e-08
48700.056 5.0820996261007546e-08
48750.056 3.665859520400652e-08
48800.056 6.234143742400334e-08
48850.056 3.338021826213472e-08
48900.056 3.967478056719595e-08
48950.056 2.2535301384999126e-08
49000.056 1.2293988287384675e-08
49050.056 3.993386428449505e-08
49100.056 5.139604898230827e-08
49150.056 4.020902680091059e-08
49200.056 6.248727699200656e-08
49250.056 6.466017485100173e-08
49300.056 5.412194948799798e-08
49350.056 2.152583930272104e-08
49400.056 3.213684887819255e-08
49450.056 2.8454098382816434e-08
49500.056 2.302096936610634e-08
49550.056 4.271088875082032e-09
49600.056 1.2961908928442355e-08
49650.056 3.5141315637001924e-08
49700.056 4.107816493699098e-08
49750.056 3.703363430177867e-08
49800.056 2.2577230914859674e-08
49850.056 4.989983516560593e-08
49900.056 4.6170146728998346e-08
49950.056 4.4272569524999425e-08
50000.056 3.0922420067083877e-08
50050.056 3.802864379460269e-08
50100.056 3.166210123799796e-08
50150.056 1.3501264699357436e-08
50200.056 2.0208553537389992e-09
50250.056 1.4266089865199826e-08
50300.056 9.433385422017784e-09
50350.056 3.596560445600529e-08
50400.056 4.121093109679612e-08
50450.056 3.040757722940172e-08
50500.056 4.764650977420185e-08
50550.056 4.497045901600199e-08
50600.056 3.110839969879092e-08
50650.056 4.965088371300699e-08
50700.056 4.9022647157998285e-08
50750.056 2.9616743874000998e-08
50800.056 9.207300270004306e-09
50850.056 4.377677227696224e-09
50900.056 3.1531804950002525e-08
50950.056 3.1850966800997296e-08
51000.056 2.3043909582573057e-08
51050.056 3.666755695239487e-08
51100.056 1.323075251564235e-08
51150.056 1.3337488243644867e-08
51200.056 4.428730846599918e-08
51250.056 3.3511627971693975e-08
51300.056 2.1658356893204643e-08
51350.056 1.9783462638532777e-08
51400.056 5.695466663328255e-09
51450.056 4.629523629549433e-09
51500.056 4.245615024863732e-09
51550.056 1.8440346825003493e-08
51600.056 1.8127066827603344e-08
51650.056 2.505744339349918e-08
51700.056 2.4449990050045625e-08
51750.056 1.6185175925608324e-08
51800.056 3.1826332134996594e-08
51850.056 2.5004123895698844e-08
51900.056 2.8333863720000892e-08
51950.056 1.4951635658498015e-08
52000.056 1.1894342260314926e-09
52050.056 7.586426506300919e-09
52100.056 3.913781455589196e-09
52150.056 2.104683072698107e-09
52200.056 8.658755040119715e-09
52250.056 1.5084396415493022e-08
52300.056 1.8690491455798764e-08
52350.056 4.694847491865154e-09
52400.056 5.310142673177921e-09
52450.056 2.3010378386402213e-08
52500.056 1.6648088674196327e-08
52550.056 2.16506131969988e-08
52600.056 1.664663852122095e-08
52650.056 2.027281397260115e-08
52700.056 1.2889784394449447e-08
52750.056 4.347769414635511e-09
52800.056 8.74545826279164e-09
52850.056 1.0724708281587222e-08
52900.056 3.6638158261305534e-09
52950.056 6.7662090519910805e-09
53000.056 1.4131758970001474e-08
53050.056 4.831376145442806e-09
53100.056 1.946749355310063e-08
53150.056 1.9816531725400585e-08
53200.056 8.341829891819845e-09
53250.056 1.699437881789997e-08
53300.056 1.9774748766366164e-08
53350.056 1.5821644451000466e-08
53400.056 9.97836996539839e-09
53450.056 2.8026438434939703e-09
53500.056 4.0178442764134274e-10
53550.056 1.1641068231700052e-09
