galfind/configs/Brown_Dwarf_templates/sonora_bobcat/m-0.5/100g/sp_t1800g100nc_m-0.5_resample.dat
# %ECSV 1.0
# ---
# datatype:
# - {name: wav, unit: Angstrom, datatype: float64}
# - {name: flux_nu, unit: erg / (cm2 Hz s), datatype: float64}
# meta: {C/O: '1.00', Kzz: '1.0000E+05', Teff: '1800.', Y: '0.28', '[Fe/H]': '-0.50', f_hole: '1.00', f_rain: '0.00', grav: '100.'}
# schema: astropy-2.0
wav flux_nu
[from data line 496]
28800.056 1.1666161187002682e-06
28850.056 1.2416376788301346e-06
28900.056 9.396589420400357e-07
28950.056 1.375494161729938e-06
29000.056 1.1437701456497337e-06
29050.056 1.2112690585499598e-06
29100.056 9.78406693810149e-07
29150.056 1.2903954333301542e-06
29200.056 1.1145061812801525e-06
29250.056 1.2636517208999844e-06
29300.056 1.0308694107596068e-06
29350.056 1.4826190509498226e-06
29400.056 1.1879612945098682e-06
29450.056 1.2092381330999822e-06
29500.056 1.2540914253498622e-06
29550.056 1.2171394083800505e-06
29600.056 1.3322798013497696e-06
29650.056 1.2472153789199044e-06
29700.056 1.1510314805298461e-06
29750.056 1.3921853710704763e-06
29800.056 1.42312192687986e-06
29850.056 1.3354202282698495e-06
29900.056 1.2338443088003834e-06
29950.056 1.4679260009897695e-06
30000.056 1.4295118485797236e-06
30050.056 1.3349123806799527e-06
30100.056 1.1504260185496894e-06
30150.056 1.6623006758199319e-06
30200.056 1.4539877681500943e-06
30250.056 1.4638427006903138e-06
30300.056 1.3997470459698462e-06
30350.056 1.3974343805501913e-06
30400.056 1.666625410510246e-06
30450.056 1.3233983718401519e-06
30500.056 1.237044146920142e-06
30550.056 1.5961451097202737e-06
30600.056 1.5434147535801574e-06
30650.056 1.5699494466800038e-06
30700.056 1.4296652077699063e-06
30750.056 1.3986743481500148e-06
30800.056 1.6005750070703012e-06
30850.056 1.3610135911098784e-06
30900.056 1.3680860047798716e-06
30950.056 1.2973329935501824e-06
31000.056 1.4495744391899636e-06
31050.056 1.3906559901499942e-06
31100.056 1.278160428879934e-06
31150.056 1.4063048037897565e-06
31200.056 1.4101970381499027e-06
31250.056 1.4584340621700927e-06
31300.056 1.3338419200898544e-06
31350.056 1.2901191947399537e-06
31400.056 1.2569420590402931e-06
31450.056 1.2810121965099362e-06
31500.056 1.3000778899499381e-06
31550.056 1.2221249907500101e-06
31600.056 1.2024800154899073e-06
31650.056 1.2301867514299541e-06
31700.056 1.2225942541998962e-06
31750.056 1.1333976533002311e-06
31800.056 1.3062370604399354e-06
31850.056 1.2873479946001489e-06
31900.056 1.4283399153099747e-06
31950.056 1.0884708697899717e-06
32000.056 1.2124501460100118e-06
32050.056 1.3889423808401287e-06
32100.056 1.377326331329901e-06
32150.056 1.4683287797699206e-06
32200.056 1.360929030729958e-06
32250.056 1.458585320290173e-06
32300.056 1.356417960229966e-06
32350.056 1.6429766194002552e-06
32400.056 1.3384994832800025e-06
32450.056 1.4932139688198138e-06
32500.056 1.5830230924502876e-06
32550.056 1.7601672010900549e-06
32600.056 1.7266635527399219e-06
32650.056 1.7817704606603617e-06
32700.056 1.73042394213021e-06
32750.056 1.7394425322499966e-06
32800.056 1.6525644956701374e-06
32850.056 1.934208959129752e-06
32900.056 1.9621315710400016e-06
32950.056 1.7025792965298878e-06
33000.056 1.7862929016000643e-06
33050.056 1.7458666847598912e-06
33100.056 1.649630373579713e-06
33150.056 1.183294271900133e-06
33200.056 8.971661912397659e-07
33250.056 7.664153804096713e-07
33300.056 6.819851190501291e-07
33350.056 7.571556433900483e-07
33400.056 7.818635252099224e-07
33450.056 8.742567607199319e-07
33500.056 1.0977243915902028e-06
33550.056 1.1833571042000463e-06
33600.056 1.3843596259601686e-06
33650.056 1.5904216006503625e-06
33700.056 1.603996040909882e-06
33750.056 1.8498094773199987e-06
33800.056 1.7428168964397631e-06
33850.056 1.851817798490078e-06
33900.056 1.932851649199743e-06
33950.056 1.7973985645399695e-06
34000.056 1.8428151823695742e-06
34050.056 1.773485091399635e-06
34100.056 2.008392595960156e-06
34150.056 1.8472158539895055e-06
34200.056 1.7135044265395407e-06
34250.056 1.9609879487297094e-06
34300.056 1.66950732419907e-06
34350.056 1.7104350314600461e-06
34400.056 1.660796982810053e-06
34450.056 1.7163302736800436e-06
34500.056 1.8905412334601334e-06
34550.056 1.6369480490599569e-06
34600.056 1.8895571282199965e-06
34650.056 1.8739006160300441e-06
34700.056 1.8220358519797086e-06
34750.056 2.0493440865202655e-06
34800.056 1.9092287767096e-06
34850.056 1.795493376570086e-06
34900.056 1.920877465760251e-06
34950.056 1.8083637309896105e-06
35000.056 1.9830292140298945e-06
35050.056 2.1084166679802776e-06
35100.056 1.9131739005496883e-06
35150.056 2.0601460264698948e-06
35200.056 2.0553360617000654e-06
35250.056 2.0228791631900175e-06
35300.056 2.0251627830900607e-06
35350.056 2.0668845486998617e-06
35400.056 2.038306449720116e-06
35450.056 1.8114685072405044e-06
35500.056 2.2443429397998903e-06
35550.056 2.1418408512999835e-06
35600.056 1.9832346764599545e-06
35650.056 2.359807565160199e-06
35700.056 2.015597101090145e-06
35750.056 2.175751106749679e-06
35800.056 2.439229609399913e-06
35850.056 2.1954301946000905e-06
35900.056 2.543987760799737e-06
35950.056 2.361847305389998e-06
36000.056 2.2357891930999684e-06
36050.056 2.5727333929002554e-06
36100.056 2.5798372210991275e-06
36150.056 2.358554342840373e-06
36200.056 2.6607787705997653e-06
36250.056 2.422259476179728e-06
36300.056 2.8244389466103042e-06
36350.056 2.6265783402997643e-06
36400.056 2.5984956408000485e-06
36450.056 2.9078771188997768e-06
36500.056 2.68506727890012e-06
36550.056 2.6908539926006034e-06
36600.056 2.7253158048001545e-06
36650.056 2.8167855735000183e-06
36700.056 3.030347295799952e-06
36750.056 2.7651469426002052e-06
36800.056 2.893199458599871e-06
36850.056 2.9903792891001866e-06
36900.056 2.9561958489003625e-06
36950.056 2.9889897619998666e-06
37000.056 3.076237804699916e-06
37050.056 3.1251545979998755e-06
37100.056 3.0660109189003253e-06
37150.056 3.0772068605996085e-06
37200.056 3.181779724800015e-06
37250.056 3.207098726300042e-06
37300.056 3.222246366700367e-06
37350.056 3.022835462700385e-06
37400.056 3.2102087626998504e-06
37450.056 3.111274034900169e-06
37500.056 3.2539964327997654e-06
37550.056 3.220788246999581e-06
37600.056 3.371621892899777e-06
37650.056 3.1917603575998723e-06
37700.056 3.3285017506999992e-06
37750.056 3.357086729899819e-06
37800.056 3.4314404164998968e-06
37850.056 3.2952118781998916e-06
37900.056 3.3632002834002723e-06
37950.056 3.384776227900067e-06
38000.056 3.403226072500276e-06
38050.056 3.4022564208002135e-06
38100.056 3.255267288900212e-06
38150.056 3.521029352099818e-06
38200.056 3.5386950284997904e-06
38250.056 3.2946479636003543e-06
38300.056 3.2877517752999875e-06
38350.056 3.409771098199935e-06
38400.056 3.4629923104998168e-06
38450.056 3.578871703900144e-06
38500.056 3.429844718699937e-06
38550.056 3.461005479700157e-06
38600.056 3.7374882300999e-06
38650.056 3.3758593356000467e-06
38700.056 3.395375496500516e-06
38750.056 3.5575576387999683e-06
38800.056 3.5045449845003324e-06
38850.056 3.460297882200105e-06
38900.056 3.3512912059998734e-06
38950.056 3.5822376631999054e-06
39000.056 3.4668499280001028e-06
39050.056 3.5485320210999075e-06
39100.056 3.337258276700117e-06
39150.056 3.4769930439000964e-06
39200.056 3.5543846491000544e-06
39250.056 3.515763808699592e-06
39300.056 3.5022417695995845e-06
39350.056 3.50554146130028e-06
39400.056 3.4703214997000937e-06
39450.056 3.4910932529999067e-06
39500.056 3.3893281817997773e-06
39550.056 3.364984595799585e-06
39600.056 3.619876811699983e-06
39650.056 3.298019851700042e-06
39700.056 3.39413418409992e-06
39750.056 3.3848483387997177e-06
39800.056 3.2112884129001614e-06
39850.056 3.349020106599819e-06
39900.056 3.27413140379998e-06
39950.056 3.407063996999845e-06
40000.056 3.132946712399888e-06
40050.056 3.005492805899995e-06
40100.056 3.1916665520998437e-06
40150.056 3.022107649999451e-06
40200.056 3.1398132886998202e-06
40250.056 2.995288638599302e-06
40300.056 2.899757556800345e-06
40350.056 3.0704416398001635e-06
40400.056 3.0514693803000324e-06
40450.056 2.855697423100276e-06
40500.056 2.6774215443001535e-06
40550.056 3.073600211299769e-06
40600.056 2.690492769200248e-06
40650.056 2.886389803700244e-06
40700.056 3.0069412845000732e-06
40750.056 2.6877357287992007e-06
40800.056 2.6375218472402273e-06
40850.056 2.527707200840543e-06
40900.056 2.5441026812002617e-06
40950.056 2.660438154819975e-06
41000.056 2.7064719000000034e-06
41050.056 2.6663749989195933e-06
41100.056 2.504381792600027e-06
41150.056 2.691856432300024e-06
41200.056 2.559139498450095e-06
41250.056 2.5836994439001734e-06
41300.056 2.278008783699687e-06
41350.056 2.6454203089000565e-06
41400.056 2.4496393140001515e-06
41450.056 2.4583564249001067e-06
41500.056 2.5883468040001806e-06
41550.056 2.5164767466100413e-06
41600.056 2.528523829400085e-06
41650.056 2.35589740900032e-06
41700.056 2.257519054579727e-06
41750.056 2.414415471659913e-06
41800.056 2.4683972423597733e-06
41850.056 2.1140744025003385e-06
41900.056 2.4907362732497946e-06
41950.056 2.367610115700352e-06
42000.056 2.367008062920253e-06
42050.056 2.159960759599479e-06
42100.056 2.4553720081002518e-06
42150.056 1.9803628137296886e-06
42200.056 2.053491590450146e-06
42250.056 2.33127869625988e-06
42300.056 2.099366941210058e-06
42350.056 2.357970311680406e-06
42400.056 2.098757152830251e-06
42450.056 1.8744886722900393e-06
42500.056 1.9547698962402117e-06
42550.056 2.059705967959945e-06
42600.056 2.043544752270293e-06
42650.056 2.040326663879278e-06
42700.056 2.101236744130304e-06
42750.056 1.9695074857000193e-06
42800.056 2.0220636980902974e-06
42850.056 2.180163913499671e-06
42900.056 2.123161041070124e-06
42950.056 1.8363187861693622e-06
43000.056 1.967898830449996e-06
43050.056 1.7744037231307139e-06
43100.056 1.9008837653599229e-06
43150.056 1.9175163982502888e-06
43200.056 1.8190013776000664e-06
43250.056 1.8831942146100492e-06
43300.056 1.9097000534000877e-06
43350.056 1.6857841706897071e-06
43400.056 1.7470609089598616e-06
43450.056 1.7116280389203277e-06
43500.056 1.7025096075997989e-06
43550.056 1.7275704543000046e-06
43600.056 1.827465574470083e-06
43650.056 1.5886264982300515e-06
43700.056 1.6094898602299852e-06
43750.056 1.6281564379001394e-06
43800.056 1.5292604300600088e-06
43850.056 1.5319660561003162e-06
43900.056 1.588229807029942e-06
43950.056 1.4621249277399975e-06
44000.056 1.3440793126100368e-06
44050.056 1.3421925971200652e-06
44100.056 1.4433751498601918e-06
44150.056 1.489973533009885e-06
44200.056 1.3694815911100855e-06
44250.056 1.3406012563399755e-06
44300.056 1.289695933920165e-06
44350.056 1.2574569639801057e-06
44400.056 1.313556499789925e-06
44450.056 1.3321749345700695e-06
44500.056 1.3014532912601594e-06
44550.056 1.197681910079785e-06
44600.056 1.1995552218701326e-06
44650.056 1.2901976539400128e-06
44700.056 1.1799741697500927e-06
44750.056 1.2279856886298707e-06
44800.056 1.210217830899952e-06
44850.056 1.2073758741500955e-06
44900.056 1.1396838200901138e-06
44950.056 1.0876112712100615e-06
45000.056 1.1689554404199474e-06
45050.056 1.1725107272099082e-06
45100.056 1.2048666729099958e-06
45150.056 1.10592724834e-06
45200.056 1.028704295829989e-06
45250.056 1.071314253309927e-06
45300.056 1.1586936768000431e-06
45350.056 1.186805512009914e-06
45400.056 1.1117635821801227e-06
45450.056 1.036444640009859e-06
45500.056 1.0770018010499547e-06
45550.056 1.1689869685699624e-06
45600.056 1.0762796708999743e-06
45650.056 9.976416781998381e-07
45700.056 1.1494586905100727e-06
45750.056 1.0478096757000185e-06
45800.056 1.0332571797999658e-06
45850.056 1.2176133740099675e-06
45900.056 1.1985418116300328e-06
45950.056 1.0549002673899948e-06
46000.056 1.2383199849400195e-06
46050.056 1.2390752925802373e-06
46100.056 1.0222384311100902e-06
46150.056 1.1147098163999392e-06
46200.056 1.1823907187102347e-06
46250.056 9.980588343500042e-07
46300.056 1.2758571798299827e-06
46350.056 1.0937025166398968e-06
46400.056 1.1231864114698865e-06
46450.056 1.1593194408101462e-06
46500.056 1.0586511159599263e-06
46550.056 1.285213257030003e-06
46600.056 1.1892952057900476e-06
46650.056 1.5024746155698494e-06
46700.056 1.411910277560418e-06
46750.056 1.1297853317499414e-06
46800.056 1.2188976803101574e-06
46850.056 1.316242186460145e-06
46900.056 1.2272245500698114e-06
46950.056 1.3987032225500095e-06
47000.056 1.1651739433400038e-06
47050.056 1.3921612556598591e-06
47100.056 1.084588154210077e-06
47150.056 1.2150326530001243e-06
47200.056 1.2978306295102858e-06
47250.056 1.1557907039698596e-06
47300.056 1.2158730706597652e-06
47350.056 1.0427408072598474e-06
47400.056 1.276953276009786e-06
47450.056 1.1326095824099085e-06
47500.056 1.2656501877698526e-06
47550.056 1.1347706531099172e-06
47600.056 1.289357325269893e-06
47650.056 9.696896345398083e-07
47700.056 1.3185404243700236e-06
47750.056 9.321497376301903e-07
47800.056 1.2806767775998999e-06
47850.056 9.908391209598943e-07
47900.056 1.2765738248300657e-06
47950.056 9.914691624701597e-07
48000.056 1.4309511255099905e-06
48050.056 1.087121989070154e-06
48100.056 1.2111155808099644e-06
48150.056 1.0853328520701379e-06
48200.056 1.2965855272301237e-06
48250.056 1.0795930248500159e-06
48300.056 1.403068539039813e-06
48350.056 9.772720360798902e-07
48400.056 1.2634383143399888e-06
48450.056 1.0337975695400234e-06
48500.056 1.4226505795000295e-06
48550.056 9.844542538100096e-07
48600.056 1.331344164679894e-06
48650.056 1.0209330464799795e-06
48700.056 1.3143227523100895e-06
48750.056 9.229825041800654e-07
48800.056 1.4219480237800703e-06
48850.056 9.984799216798203e-07
48900.056 1.3349680407701156e-06
48950.056 1.1625462120000028e-06
49000.056 1.16640812065992e-06
49050.056 1.257095807629952e-06
49100.056 1.1405105262100974e-06
49150.056 1.2085817694799748e-06
49200.056 1.1264907419199522e-06
49250.056 1.2012787604100013e-06
49300.056 1.0507155105698964e-06
49350.056 1.1427388614699613e-06
49400.056 1.3130518076400566e-06
49450.056 1.1277665597402352e-06
49500.056 1.1822849397700565e-06
49550.056 1.0415440354099596e-06
49600.056 1.1375780671802182e-06
49650.056 1.1905233206400212e-06
49700.056 1.0293475184499232e-06
49750.056 1.5413452672798349e-06
49800.056 1.1277437636100478e-06
49850.056 1.4543678882200674e-06
49900.056 1.1532688507400513e-06
49950.056 1.2101008355097697e-06
50000.056 1.204436668219746e-06
50050.056 1.1940203231500738e-06
50100.056 1.314802448739928e-06
50150.056 1.0977968826000248e-06
50200.056 1.0484948408401228e-06
50250.056 1.2177197619400607e-06
50300.056 1.1136188946599424e-06
50350.056 1.3460584890199677e-06
50400.056 1.1506178722799388e-06
50450.056 1.1591374870901533e-06
50500.056 1.45910008245018e-06
50550.056 1.1881952511299655e-06
50600.056 1.29942615465999e-06
50650.056 1.208600883510213e-06
50700.056 1.3531109459597373e-06
50750.056 1.4084073135501717e-06
50800.056 1.0198915684698776e-06
50850.056 1.2294385356901668e-06
50900.056 1.3166853790899494e-06
50950.056 1.3070444754402242e-06
51000.056 1.5319899791601245e-06
51050.056 1.169059867980124e-06
51100.056 1.1412052475499252e-06
51150.056 1.315535242179926e-06
51200.056 1.2388202468699728e-06
51250.056 1.3747928276999966e-06
51300.056 1.1185768375603033e-06
51350.056 1.3001713535198485e-06
51400.056 1.2142536337597642e-06
51450.056 9.190302105198647e-07
51500.056 1.224916545270046e-06
51550.056 1.5482879421501293e-06
51600.056 1.046588619980035e-06
51650.056 1.2632427903298234e-06
51700.056 1.1899877187596742e-06
51750.056 1.1255768563800588e-06
51800.056 1.370186016139763e-06
51850.056 1.31630115055983e-06
51900.056 1.4119711449801816e-06
51950.056 1.2919292234798879e-06
52000.056 1.0884893106299573e-06
52050.056 1.2858872780599122e-06
52100.056 1.193044120349826e-06
52150.056 1.2088943979900653e-06
52200.056 1.166866853550047e-06
52250.056 1.2156487461499874e-06
52300.056 1.353372061539975e-06
52350.056 1.422871963620136e-06
52400.056 1.0464612585601451e-06
52450.056 1.2206422214900077e-06
52500.056 1.3836268498897732e-06
52550.056 1.2838726419196917e-06
52600.056 1.3009333720101282e-06
52650.056 1.450929856720175e-06
52700.056 1.2238399885400399e-06
52750.056 1.0460346429899025e-06
52800.056 1.158874323480097e-06
52850.056 1.0999692690598946e-06
52900.056 1.253079729840042e-06
52950.056 1.205902169789881e-06
53000.056 1.3800499378899217e-06
53050.056 1.2066385651097755e-06
53100.056 1.1759979684198146e-06
53150.056 1.4400754655902005e-06
53200.056 1.004735256500124e-06
53250.056 1.389432750899978e-06
