galfind/configs/Brown_Dwarf_templates/sonora_bobcat/m-0.5/100g/sp_t350g100nc_m-0.5_resample.dat
# %ECSV 1.0
# ---
# datatype:
# - {name: wav, unit: Angstrom, datatype: float64}
# - {name: flux_nu, unit: erg / (cm2 Hz s), datatype: float64}
# meta: {C/O: '1.00', Kzz: '1.0000E+05', Teff: '350.', Y: '0.28', '[Fe/H]': '-0.50', f_hole: '1.00', f_rain: '0.00', grav: '100.'}
# schema: astropy-2.0
wav flux_nu
[from data line 499]
28950.056 2.7637866881343818e-11
29000.056 1.685256904083242e-11
29050.056 3.017036852833462e-11
29100.056 1.229061357650947e-11
29150.056 1.7025387363313562e-11
29200.056 6.204105138270781e-11
29250.056 4.583180051265892e-11
29300.056 2.948589891038394e-11
29350.056 7.550716699723248e-11
29400.056 3.318711865507315e-11
29450.056 1.3296524902113604e-11
29500.056 8.587835055845943e-11
29550.056 2.346424116385399e-11
29600.056 2.7341406945914712e-11
29650.056 1.3376106626541356e-10
29700.056 1.81172896908507e-11
29750.056 8.487366833532602e-11
29800.056 4.603710464516812e-11
29850.056 1.1464257284501441e-10
29900.056 4.2032140518436564e-11
29950.056 5.2379451840510606e-11
30000.056 6.130797597858178e-13
30050.056 6.372282548855523e-12
30100.056 3.1128892135666254e-11
30150.056 1.270462749763194e-10
30200.056 7.445837347513772e-11
30250.056 1.2099804518565924e-10
30300.056 1.7308526445534587e-10
30350.056 2.775791651606329e-11
30400.056 1.8400174290912885e-10
30450.056 1.4328063649406635e-10
30500.056 5.831211712061821e-11
30550.056 4.89969386886581e-11
30600.056 6.741812867892032e-10
30650.056 2.3007757046515765e-10
30700.056 1.0712189948606485e-10
30750.056 2.428844012175571e-10
30800.056 2.6358858805624e-10
30850.056 2.751554479732463e-10
30900.056 1.3976596529721576e-10
30950.056 9.5900670664193e-11
31000.056 1.337104047510751e-10
31050.056 7.27973666009737e-11
31100.056 5.13174195974598e-11
31150.056 9.74714143685445e-11
31200.056 3.951928156831954e-10
31250.056 1.6034438837457097e-10
31300.056 8.784787963903687e-11
31350.056 3.008848129356018e-10
31400.056 1.8245713259039952e-10
31450.056 1.8734601334560332e-10
31500.056 5.557414496159429e-11
31550.056 1.1638056820857436e-10
31600.056 8.738584837858256e-11
31650.056 6.724138421251274e-11
31700.056 5.273845387752331e-11
31750.056 2.6092887270757695e-11
31800.056 5.278764754118271e-11
31850.056 8.197927432244427e-12
31900.056 2.0887954702952945e-11
31950.056 1.1575428459497471e-11
32000.056 7.063595314394353e-12
32050.056 1.0462977552432048e-11
32100.056 8.73205638819326e-12
32150.056 7.684488311950804e-12
32200.056 3.4778500578895875e-12
32250.056 8.436950142378037e-12
32300.056 2.1456795881153464e-12
32350.056 8.765950511193848e-12
32400.056 7.925648054062791e-13
32450.056 5.454650450715338e-12
32500.056 7.96702975702653e-13
32550.056 4.981400537146607e-12
32600.056 7.088548338416048e-13
32650.056 1.2098185226101e-11
32700.056 1.286934968805451e-12
32750.056 3.204364700021646e-11
32800.056 1.4567107246309046e-11
32850.056 7.887014535292021e-11
32900.056 6.508071301048704e-11
32950.056 6.414766644413925e-11
33000.056 1.5339345864444158e-11
33050.056 1.5148571367544787e-11
33100.056 2.4733355287454462e-12
33150.056 9.01079951669566e-16
33200.056 9.186302614401072e-14
33250.056 1.8797443329668923e-13
33300.056 3.463796873937683e-12
33350.056 8.764878752523868e-12
33400.056 3.797828698346199e-11
33450.056 1.0772763611316296e-11
33500.056 5.563083644002918e-11
33550.056 8.018470055040671e-12
33600.056 2.310575305886886e-11
33650.056 2.3394004435650736e-11
33700.056 4.618369920466169e-12
33750.056 3.097773906934293e-11
33800.056 1.5930275627284565e-12
33850.056 1.414417063254797e-11
33900.056 1.571463267251426e-11
33950.056 1.3897843703963472e-11
34000.056 3.4648370517830916e-11
34050.056 4.862517571641039e-12
34100.056 3.6209009809093565e-11
34150.056 1.110515751618917e-11
34200.056 4.3562903745134685e-11
34250.056 1.9352784723136925e-11
34300.056 2.4199769285108497e-11
34350.056 8.859252945946261e-11
34400.056 1.4974146423626673e-11
34450.056 7.333309658585276e-11
34500.056 2.7231629146272506e-11
34550.056 3.62298849363749e-11
34600.056 1.7997184797432675e-10
34650.056 1.2826964856905861e-11
34700.056 1.0601688376485873e-10
34750.056 5.527197484593226e-11
34800.056 4.136261438505403e-11
34850.056 1.9162049538845768e-10
34900.056 2.0716439848295845e-11
34950.056 1.9757246874091992e-10
35000.056 2.705285741061337e-10
35050.056 1.7137907173922427e-10
35100.056 3.927396610608833e-10
35150.056 3.240807615905987e-10
35200.056 2.281900523787912e-10
35250.056 4.753911548966301e-10
35300.056 1.259299168691785e-10
35350.056 1.5621435179201234e-10
35400.056 1.0363783291632468e-10
35450.056 9.949302712762729e-11
35500.056 4.1249483715112405e-10
35550.056 2.1785315040697557e-10
35600.056 3.651941781771044e-10
35650.056 4.84830785088082e-10
35700.056 4.879338586164203e-10
35750.056 5.771926815816135e-10
35800.056 3.0975255896619693e-10
35850.056 1.428534203071524e-10
35900.056 1.8904051437117647e-10
35950.056 3.470231750742961e-10
36000.056 4.0218408657751206e-10
36050.056 2.6474875528735766e-10
36100.056 2.5298696458471635e-10
36150.056 8.925050535843647e-10
36200.056 8.496556050695364e-10
36250.056 4.766798088165436e-10
36300.056 1.4764367435793742e-09
36350.056 7.297203472374506e-10
36400.056 1.283461849231618e-09
36450.056 9.805531095376924e-10
36500.056 1.0297779970559208e-09
36550.056 2.112215851230775e-09
36600.056 2.161294543915444e-09
36650.056 1.240554273915153e-09
36700.056 1.4976194714328466e-09
36750.056 2.1460554906410487e-09
36800.056 2.697133597792056e-09
36850.056 1.101187295932001e-09
36900.056 1.6886983729803774e-09
36950.056 2.735788520534606e-09
37000.056 1.6361133106302234e-09
37050.056 3.026050213771437e-09
37100.056 1.1597874090327114e-09
37150.056 1.7609621986414e-09
37200.056 3.700601382989727e-09
37250.056 1.9154619846488225e-09
37300.056 1.0758485064570942e-09
37350.056 2.1457035448743307e-09
37400.056 3.6789065092795576e-09
37450.056 1.2026752652402068e-09
37500.056 1.898520360700105e-09
37550.056 4.768473075796699e-09
37600.056 7.932600378040503e-09
37650.056 1.685022704760128e-09
37700.056 3.51284888377954e-09
37750.056 2.5993868145752035e-09
37800.056 2.453686509709341e-09
37850.056 1.249472285627464e-09
37900.056 1.46340078883863e-09
37950.056 3.1919258753883477e-09
38000.056 2.797675121294088e-09
38050.056 4.932052783433768e-09
38100.056 6.4386110243362755e-09
38150.056 7.634597041633005e-09
38200.056 4.987945875935818e-09
38250.056 6.904882157236557e-09
38300.056 1.1222386029060746e-08
38350.056 8.602795356761028e-09
38400.056 2.913055967931617e-09
38450.056 9.860453881200894e-10
38500.056 8.033044974944554e-10
38550.056 3.7217062594606516e-09
38600.056 4.409361086219043e-09
38650.056 4.696690937278422e-09
38700.056 3.543786506426624e-09
38750.056 4.149106809039061e-09
38800.056 4.013449783930356e-09
38850.056 4.976493445500693e-09
38900.056 6.0749996612535305e-09
38950.056 3.3604641132640325e-09
39000.056 6.360520704810525e-09
39050.056 2.9019847213091646e-09
39100.056 5.316318354164042e-09
39150.056 8.328153528699102e-09
39200.056 5.2104070907291995e-09
39250.056 8.680349983026153e-09
39300.056 5.38788959721381e-09
39350.056 1.1084761263979647e-08
39400.056 5.7221948644326076e-09
39450.056 9.249431837975403e-09
39500.056 9.740700630000315e-09
39550.056 3.672992367996029e-09
39600.056 8.475494524671934e-09
39650.056 1.2205252133399417e-08
39700.056 1.1378293274521603e-08
39750.056 4.225196894907561e-09
39800.056 4.728960210864651e-09
39850.056 1.3344546609301377e-08
39900.056 1.578157206800092e-08
39950.056 5.689413084060082e-09
40000.056 1.1062314933999713e-08
40050.056 1.3150476154059495e-08
40100.056 3.5478666921040927e-09
40150.056 1.0833452984140482e-08
40200.056 1.242842264575813e-08
40250.056 1.4191338246947057e-08
40300.056 1.4512328079001621e-08
40350.056 7.2370903532886075e-09
40400.056 1.1051463765684875e-08
40450.056 4.648661793239672e-09
40500.056 1.4128037876370386e-08
40550.056 1.4873490231034845e-08
40600.056 1.3414163718299825e-08
40650.056 9.69810193384553e-09
40700.056 1.8959016612798542e-08
40750.056 1.2763935877937705e-08
40800.056 6.8600563351582015e-09
40850.056 2.2091673640804157e-08
40900.056 1.9819417560697302e-08
40950.056 1.50650436611601e-08
41000.056 1.1720601176086205e-08
41050.056 2.4331957892597915e-08
41100.056 2.0660030541899202e-08
41150.056 6.578000627187325e-09
41200.056 2.29415130926027e-08
41250.056 1.9631858048990428e-08
41300.056 2.1325637316802672e-08
41350.056 2.776118306699928e-08
41400.056 2.1316889450799153e-08
41450.056 2.8974912710898144e-08
41500.056 1.654797043282585e-08
41550.056 1.5226688024244413e-08
41600.056 1.6617297629581512e-08
41650.056 2.473207307010282e-08
41700.056 3.4250934810995744e-08
41750.056 2.469812393549868e-08
41800.056 2.612987357800245e-08
41850.056 2.3467695210516623e-08
41900.056 1.866794423189469e-08
41950.056 1.8686253150398976e-08
42000.056 8.70666021195769e-09
42050.056 1.2242169819146337e-08
42100.056 1.528251505091968e-08
42150.056 1.7767920853478896e-08
42200.056 2.050265260269901e-08
42250.056 1.686319261701369e-08
42300.056 1.4309064157298642e-08
42350.056 2.5141769695800942e-08
42400.056 3.0124385445402395e-08
42450.056 3.0830369528003375e-08
42500.056 3.2233207968998146e-08
42550.056 2.7676558968997885e-08
42600.056 2.5527754057507455e-08
42650.056 3.743579810799513e-08
42700.056 1.7130903845674768e-08
42750.056 2.7123109926404387e-08
42800.056 3.9710944920001566e-08
42850.056 4.124432839799382e-08
42900.056 4.1482051604203286e-08
42950.056 3.260555972819999e-08
43000.056 3.802722398139982e-08
43050.056 1.893815234380025e-08
43100.056 3.235885722499934e-08
43150.056 2.7284928402501083e-08
43200.056 3.835113987800198e-08
43250.056 5.023643770700181e-08
43300.056 4.528779042800005e-08
43350.056 2.5950274275696137e-08
43400.056 3.786417516950175e-08
43450.056 2.496307371780109e-08
43500.056 2.39592948103029e-08
43550.056 2.6295435220201585e-08
43600.056 4.4178369345002226e-08
43650.056 2.5570732268998713e-08
43700.056 4.6575137842008215e-08
43750.056 4.662694898499687e-08
43800.056 3.9668847852798386e-08
43850.056 3.668754732630455e-08
43900.056 2.6834119946797906e-08
43950.056 1.9605331911098415e-08
44000.056 1.973614925599945e-08
44050.056 4.549242225500227e-08
44100.056 5.672670022400118e-08
44150.056 5.067318775799815e-08
44200.056 4.95606065390017e-08
44250.056 2.861350223599747e-08
44300.056 2.0565260900602063e-08
44350.056 2.2416081038662405e-08
44400.056 2.1869142134998918e-08
44450.056 3.936722204680356e-08
44500.056 3.4016226018303394e-08
44550.056 4.8124804446999337e-08
44600.056 3.8005637531900516e-08
44650.056 3.8475728237999495e-08
44700.056 2.668722271099637e-08
44750.056 3.880039215230542e-08
44800.056 2.5672085335901497e-08
44850.056 3.678905083100092e-08
44900.056 3.38479855786993e-08
44950.056 3.869671146700372e-08
45000.056 4.608854713600066e-08
45050.056 4.0488807644996314e-08
45100.056 3.6841076545402354e-08
45150.056 3.2613083198597164e-08
45200.056 2.3498665849702107e-08
45250.056 2.866135674249494e-08
45300.056 2.789142979100331e-08
45350.056 2.0200007586802996e-08
45400.056 5.351302939600314e-08
45450.056 4.3517583740605185e-08
45500.056 4.999533517300153e-08
45550.056 5.2960861078991784e-08
45600.056 4.6943645170003466e-08
45650.056 4.142870888749807e-08
45700.056 2.5818432491118298e-08
45750.056 2.3114689414301604e-08
45800.056 5.249954908200238e-08
45850.056 4.1202785023501415e-08
45900.056 5.2656293681998844e-08
45950.056 5.033773328399717e-08
46000.056 5.062362039450469e-08
46050.056 3.9559530399002785e-08
46100.056 5.901794171799759e-08
46150.056 3.71501561317998e-08
46200.056 2.9895669592796196e-08
46250.056 1.154984654118932e-08
46300.056 3.6260693755001555e-08
46350.056 3.80013718888048e-08
46400.056 3.826459952800107e-08
46450.056 3.350448226127765e-08
46500.056 3.784079902220538e-08
46550.056 2.0469983797299122e-08
46600.056 2.5589943154576662e-08
46650.056 4.056547418280189e-08
46700.056 2.9323786741995323e-08
46750.056 1.246097735558203e-08
46800.056 7.966450787719258e-09
46850.056 3.694216526600483e-08
46900.056 4.425382109399807e-08
46950.056 4.398073142099838e-08
47000.056 4.420282852900319e-08
47050.056 2.9218334695151798e-08
47100.056 2.3015657764301018e-08
47150.056 3.567300742400428e-08
47200.056 3.974571382399797e-08
47250.056 1.842704339109686e-08
47300.056 1.2692762197733112e-08
47350.056 4.1158852639002903e-08
47400.056 4.217633254199778e-08
47450.056 2.7303291995422187e-08
47500.056 4.62571145050003e-08
47550.056 4.0448561754000655e-08
47600.056 3.283547265244642e-08
47650.056 3.8731976357438386e-08
47700.056 3.0415712224334995e-08
47750.056 2.286894027769984e-08
47800.056 1.723993644090198e-08
47850.056 6.9372396443212204e-09
47900.056 1.2354713514599983e-08
47950.056 3.367774833800163e-08
48000.056 4.281624940099775e-08
48050.056 3.3250668498999435e-08
48100.056 1.5417626956101038e-08
48150.056 2.9358216353001328e-08
48200.056 1.8481843221265936e-08
48250.056 2.6896269229500064e-08
48300.056 4.120520822199974e-08
48350.056 2.534591995999687e-08
48400.056 4.919375935147607e-09
48450.056 1.0480198073831581e-08
48500.056 2.0471179414695465e-08
48550.056 2.3712702287587898e-08
48600.056 3.750412247199996e-08
48650.056 4.494736180399868e-08
48700.056 3.1002035890404306e-08
48750.056 2.403715294200247e-08
48800.056 3.722553879800169e-08
48850.056 1.8918515441647164e-08
48900.056 2.04162364820978e-08
48950.056 1.105590161309947e-08
49000.056 6.287409257675612e-09
49050.056 2.153230477149744e-08
49100.056 2.910554106922468e-08
49150.056 2.3374401715560318e-08
49200.056 3.774828082000326e-08
49250.056 3.9223672257000446e-08
49300.056 3.2410518493998194e-08
49350.056 1.2176723144915987e-08
49400.056 1.810511150769597e-08
49450.056 1.5113852424813306e-08
49500.056 1.2006807434357838e-08
49550.056 1.8582996747660146e-09
49600.056 6.015739726187168e-09
49650.056 1.9758181033201695e-08
49700.056 2.450094619299605e-08
49750.056 1.979116853707927e-08
49800.056 1.1464925776146028e-08
49850.056 2.8170201043003252e-08
49900.056 2.8102753346999204e-08
49950.056 2.6784348746599488e-08
50000.056 1.6440550678951574e-08
50050.056 2.0188916925162058e-08
50100.056 1.740936289139886e-08
50150.056 6.5359745478486926e-09
50200.056 7.936013435604188e-10
50250.056 6.381644719899974e-09
50300.056 4.269389443142909e-09
50350.056 1.946890188940277e-08
50400.056 2.4042163987597863e-08
50450.056 1.84163572131012e-08
50500.056 2.827359318570088e-08
50550.056 2.7933474542001098e-08
50600.056 1.8388417544514726e-08
50650.056 2.984513790600374e-08
50700.056 2.8395371968999123e-08
50750.056 1.6342208982900038e-08
50800.056 4.3486091316351115e-09
50850.056 1.7993910404169693e-09
50900.056 1.5902362048701657e-08
50950.056 1.7762997862298318e-08
51000.056 1.1850563817003814e-08
51050.056 2.079839981469734e-08
51100.056 7.167046123136354e-09
51150.056 6.365918928721534e-09
51200.056 2.4603408347999995e-08
51250.056 1.9246267358896854e-08
51300.056 1.2113976318561884e-08
51350.056 9.854252935071179e-09
51400.056 2.254141107442545e-09
51450.056 1.947005805281349e-09
51500.056 1.835293357776761e-09
51550.056 9.047035130101893e-09
51600.056 1.0218309063301745e-08
51650.056 1.502013760979979e-08
51700.056 1.3434538546251749e-08
51750.056 8.952197292271984e-09
51800.056 1.880940138499876e-08
51850.056 1.4503958943399332e-08
51900.056 1.441924739990046e-08
51950.056 6.8172734390989e-09
52000.056 4.3849162779481055e-10
52050.056 3.297509908100355e-09
52100.056 1.5251293885796282e-09
52150.056 7.714400814281102e-10
52200.056 4.145518269489921e-09
52250.056 7.825574466581473e-09
52300.056 8.860953185299297e-09
52350.056 1.8036208454691735e-09
52400.056 2.1432995951289932e-09
52450.056 1.140037172670114e-08
52500.056 7.80398706966367e-09
52550.056 1.1859941128799378e-08
52600.056 9.69589553150079e-09
52650.056 1.1922862431200336e-08
52700.056 6.921235877869578e-09
52750.056 1.8934068939472538e-09
52800.056 4.239945806960849e-09
52850.056 5.292867776768673e-09
52900.056 1.4019752596537061e-09
52950.056 2.8718827588905516e-09
53000.056 7.1878977359006304e-09
53050.056 2.188184529639546e-09
53100.056 1.0780649927600655e-08
53150.056 1.0754366067600059e-08
53200.056 4.481136298999966e-09
53250.056 8.892053954099746e-09
53300.056 9.934466391124052e-09
53350.056 8.071810481000183e-09
53400.056 4.772631954199193e-09
53450.056 1.120948775264577e-09
53500.056 1.3199765449145575e-10
53550.056 3.832289281881983e-10
