galfind/configs/Brown_Dwarf_templates/sonora_bobcat/m-0.5/100g/sp_t575g100nc_m-0.5_resample.dat
# %ECSV 1.0
# ---
# datatype:
# - {name: wav, unit: Angstrom, datatype: float64}
# - {name: flux_nu, unit: erg / (cm2 Hz s), datatype: float64}
# meta: {C/O: '1.00', Kzz: '1.0000E+05', Teff: '575.', Y: '0.28', '[Fe/H]': '-0.50', f_hole: '1.00', f_rain: '0.00', grav: '100.'}
# schema: astropy-2.0
wav flux_nu
4000.0559999999996 nan
4050.0559999999996 2.858641968613976e-16
4100.056 8.36235175561021e-14
4150.056 7.11652650590007e-13
4200.056 6.699453140449632e-13
4250.056 3.623281585100023e-12
4300.056 6.618516626400129e-12
4350.056 9.332332404300028e-12
4400.056 1.3179999216300078e-11
4450.056 1.8549053080000252e-11
4500.056 2.171785636900021e-11
4550.056 2.1539193535629768e-11
4600.056 8.193969959799976e-12
4650.056 4.96714839989999e-12
4700.056 2.262595079699977e-12
4750.056 5.066041383599913e-13
4800.056 8.624852625599867e-14
4850.056 1.4127785009199764e-14
4900.056 4.025199254799962e-15
4950.056 1.9063645961999876e-15
5000.056 1.0673206778499934e-15
5050.056 7.79966792250003e-16
5100.056 8.245103359600022e-16
5150.056 9.101241845800003e-16
5200.056 1.0104905485099996e-15
5250.056 1.1359940226000002e-15
5300.056 1.2787601416000003e-15
5350.056 1.4436276065000024e-15
5400.056 1.640126658100001e-15
5450.056 1.8349454521999986e-15
5500.056 2.0265659006000025e-15
5550.056 2.211047057900003e-15
5600.056 2.3882252053e-15
5650.056 2.540625155500002e-15
5700.056 2.6323001165000022e-15
5750.056 2.5568115417999975e-15
5800.056 2.231885178499994e-15
5850.056 1.5187815064899827e-15
5900.056 4.89768437252302e-16
5950.056 3.169693491600056e-15
6000.056 7.125713802200047e-15
6050.056 1.2710067776400111e-14
6100.056 2.0450158683000117e-14
6150.056 3.1283583529000176e-14
6200.056 4.627666312900022e-14
6250.056 6.659703486200026e-14
6300.056 9.307760843400042e-14
6350.056 1.2790915917000062e-13
6400.056 1.7394259012000065e-13
6450.056 2.300935994799989e-13
6500.056 3.0923980434000073e-13
6550.056 4.1657817275999807e-13
6600.056 5.599507667200105e-13
6650.056 7.534014069300042e-13
6700.056 9.6801143292001e-13
6750.056 1.3263802989000053e-12
6800.056 1.6848940848000088e-12
6850.056 1.976267811800004e-12
6900.056 2.0211156283000242e-12
6950.056 1.9574031565899948e-12
7000.056 2.1297261624000047e-12
7050.056 2.3513210079999754e-12
7100.056 2.639907103599987e-12
7150.056 2.6137436739299597e-12
7200.056 2.606856311506993e-12
7250.056 2.7697398695898775e-12
7300.056 2.793928218740132e-12
7350.056 2.936745429099961e-12
7400.056 3.0303173375000727e-12
7450.056 3.064750872800056e-12
7500.056 2.9694703661999996e-12
7550.056 2.714233069799993e-12
7600.056 2.3155542915999868e-12
7650.056 6.834281924959682e-13
7700.056 4.589658852140209e-13
7750.056 2.2542721329000384e-12
7800.056 3.862403136950039e-12
7850.056 6.473506696400023e-12
7900.056 8.945778139399984e-12
7950.056 1.0389904814480093e-11
8000.056 1.5478186246000155e-11
8050.056 1.960145786000026e-11
8100.056 2.206064635619952e-11
8150.056 2.494008471655004e-11
8200.056 3.483003142114152e-11
8250.056 4.1102946272379616e-11
8300.056 5.1354120153222125e-11
8350.056 6.204105169429794e-11
8400.056 7.700231873899923e-11
8450.056 9.946404312099951e-11
8500.056 1.1477643647999598e-10
8550.056 1.5183144762000363e-10
8600.056 1.9453186978000184e-10
8650.056 2.3943574373000254e-10
8700.056 2.8852307062000307e-10
8750.056 3.5167355604000266e-10
8800.056 4.186176698800035e-10
8850.056 4.6427532979999683e-10
8900.056 3.528535359819814e-10
8950.056 3.4507083222232505e-10
9000.056 4.0855368778168973e-10
9050.056 7.610288182909591e-10
9100.056 9.133534378671523e-10
9150.056 1.0512661158121667e-09
9200.056 1.3686542764999708e-09
9250.056 1.381632567166795e-09
9300.056 4.311038941777992e-10
9350.056 5.877180478432281e-10
9400.056 1.1594889690109218e-09
9450.056 1.2597217293693793e-09
9500.056 1.1743382201324265e-09
9550.056 1.3241229498183283e-09
9600.056 1.3967993693614464e-09
9650.056 1.843674178650657e-09
9700.056 2.8617262073689052e-09
9750.056 3.018687835560677e-09
9800.056 3.547843183234228e-09
9850.056 4.186083195247954e-09
9900.056 5.342242869090086e-09
9950.056 5.868875384770182e-09
10000.056 5.323225067215891e-09
10050.056 7.460600994300065e-09
10100.056 8.454892241700008e-09
10150.056 8.901874759800014e-09
10200.056 9.054600314300428e-09
10250.056 1.0453318137050305e-08
10300.056 1.2458730221899174e-08
10350.056 1.2237459227200392e-08
10400.056 1.4862186168100224e-08
10450.056 1.6663658777498242e-08
10500.056 1.826201278299957e-08
10550.056 2.0002805856000142e-08
10600.056 2.0817021402999884e-08
10650.056 2.13379931340003e-08
10700.056 2.0932596281500236e-08
10750.056 2.1095246328800294e-08
10800.056 2.068260995440023e-08
10850.056 1.9543153810100148e-08
10900.056 1.6168479957399686e-08
10950.056 9.985110561150166e-09
11000.056 6.9714837740829015e-09
11050.056 4.398626101868537e-09
11100.056 2.795067646284112e-09
11150.056 1.503988796369879e-09
11200.056 1.3860255205808031e-09
11250.056 1.7528329268891555e-09
11300.056 2.1083697620096886e-09
11350.056 8.448603287387408e-10
11400.056 2.50199080720308e-09
11450.056 1.731561355050659e-09
11500.056 1.561884331308251e-09
11550.056 5.827975862132724e-10
11600.056 4.943809596514588e-10
11650.056 1.1178164250202902e-09
11700.056 1.3129226636875624e-09
11750.056 4.6158408882786904e-10
11800.056 1.7833351379537527e-09
11850.056 2.7021016868788427e-09
11900.056 3.23163310383979e-09
11950.056 4.5726505246406575e-09
12000.056 6.288301133689614e-09
12050.056 8.493623410860422e-09
12100.056 1.0763355445728479e-08
12150.056 1.3786896652099125e-08
12200.056 1.5981008133900234e-08
12250.056 1.992187402005806e-08
12300.056 2.521554745180123e-08
12350.056 2.7207671059799612e-08
12400.056 3.377672592619889e-08
12450.056 4.005070242600097e-08
12500.056 4.387384103700318e-08
12550.056 4.8755149612999206e-08
12600.056 5.3592142113001845e-08
12650.056 5.605158705699932e-08
12700.056 5.675487350300165e-08
12750.056 5.017383446200194e-08
12800.056 4.463973725179991e-08
12850.056 3.408217018460105e-08
12900.056 2.878952532184328e-08
12950.056 2.5832621511141604e-08
13000.056 2.6618273866013207e-08
13050.056 2.0831567752620615e-08
13100.056 2.0391596657678274e-08
13150.056 1.5092452312861925e-08
13200.056 1.434653188333165e-08
13250.056 1.1098232183754102e-08
13300.056 4.938720882937221e-09
13350.056 1.6315001188651296e-09
13400.056 7.136214962787607e-10
13450.056 2.953104023344804e-10
13500.056 1.374326104213483e-10
13550.056 6.551810737705041e-11
13600.056 2.4242423918358203e-11
13650.056 1.1773152768926536e-10
13700.056 7.036656168671971e-11
13750.056 1.408549779723341e-10
13800.056 1.539535459843427e-10
13850.056 8.576244932984244e-11
13900.056 1.0543422810138323e-10
13950.056 9.89661145475393e-11
14000.056 1.0690669334373217e-10
14050.056 1.6289602836961633e-10
14100.056 1.3770505258505347e-10
14150.056 2.38747275390935e-10
14200.056 1.5912735408173752e-10
14250.056 1.9379788428431737e-10
14300.056 4.668740558873929e-10
14350.056 4.3798832301555963e-10
14400.056 4.5731602424187077e-10
14450.056 6.778148502802592e-10
14500.056 1.337485502001209e-09
14550.056 1.3885425697788633e-09
14600.056 1.8879870583233565e-09
14650.056 1.2992642139284262e-09
14700.056 7.049559178551878e-10
14750.056 5.457303207359097e-10
14800.056 8.440487612342198e-10
14850.056 9.782877802838414e-10
14900.056 1.0005565937224503e-09
14950.056 9.246491832250329e-10
15000.056 1.8507374177194122e-09
15050.056 1.6755581034489328e-09
15100.056 1.2640610433591945e-09
15150.056 9.678313694082419e-10
15200.056 1.7075136879523697e-09
15250.056 3.071031060689285e-09
15300.056 3.726159191207242e-09
15350.056 4.513738407014554e-09
15400.056 5.7734921293588795e-09
15450.056 7.05872258247805e-09
15500.056 8.231879276318903e-09
15550.056 1.1121128245279258e-08
15600.056 1.4060132753559175e-08
15650.056 1.815734146730133e-08
15700.056 2.2903745805200467e-08
15750.056 2.5924907410000037e-08
15800.056 2.822699178939994e-08
15850.056 3.077873147400153e-08
15900.056 3.0007397350000396e-08
15950.056 2.9138067474998697e-08
16000.056 2.4499414463001503e-08
16050.056 1.7186831417998996e-08
16100.056 1.2006205058199084e-08
16150.056 7.528342746505538e-09
16200.056 4.450746159772852e-09
16250.056 3.351729828062694e-09
16300.056 2.400729732218098e-09
16350.056 2.905021434991162e-09
16400.056 3.4378305736113227e-09
16450.056 3.4239130453642207e-09
16500.056 3.3259466488420917e-09
16550.056 3.2514532380324706e-09
16600.056 4.208085817899819e-09
16650.056 2.9085490172969587e-09
16700.056 7.055628873097863e-10
16750.056 1.8083749769357068e-09
16800.056 2.8027498730871904e-09
16850.056 2.9614265967098105e-09
16900.056 1.945956626771708e-09
16950.056 1.3768934596355003e-09
17000.056 8.872309877334309e-10
17050.056 1.5590334509082094e-09
17100.056 2.2371762616010492e-09
17150.056 1.5112721617401423e-09
17200.056 3.30905721290792e-09
17250.056 2.2463471563155225e-09
17300.056 1.6544107759853147e-09
17350.056 1.713265016910852e-09
17400.056 2.3192052794129346e-09
17450.056 2.7555977338018316e-09
17500.056 3.2542650928976344e-09
17550.056 2.8616688674998576e-09
17600.056 2.358455809679836e-09
17650.056 2.1366606561024982e-09
17700.056 1.753180714730924e-09
17750.056 1.556631379041586e-09
17800.056 2.5346102549931677e-09
17850.056 1.512339070556328e-09
17900.056 1.2425152057529265e-09
17950.056 9.68494535983531e-10
18000.056 1.3276943188755216e-09
18050.056 9.873563484648633e-10
18100.056 1.158839804637364e-09
18150.056 1.143834895110322e-09
18200.056 7.585727086465763e-10
18250.056 1.912070148162859e-09
18300.056 7.385896053320146e-10
18350.056 6.104444854203598e-10
18400.056 4.874825334559852e-10
18450.056 1.1903491815692909e-09
18500.056 1.1279532541264286e-09
18550.056 7.742974192288052e-10
18600.056 8.196529116285995e-10
18650.056 6.119514832896707e-10
18700.056 3.097643573016502e-10
18750.056 5.821095264957157e-10
18800.056 1.5742971223255916e-09
18850.056 1.5212870152224904e-09
18900.056 1.3650612988472482e-09
18950.056 1.9482212240811757e-09
19000.056 9.185972373592729e-10
19050.056 5.126286151912725e-10
19100.056 9.049266234749702e-10
19150.056 4.974214129158547e-10
19200.056 6.233786082588667e-10
19250.056 4.592831158620345e-10
19300.056 3.648869397993857e-10
19350.056 3.139268682064361e-10
19400.056 2.7005258861370906e-10
19450.056 4.1599576171531657e-10
19500.056 3.4074860837151453e-10
19550.056 4.2226528435818577e-10
19600.056 6.948021879002647e-10
19650.056 5.847290450178156e-10
19700.056 6.737183437733006e-10
19750.056 9.237799947532777e-10
19800.056 7.368554410067304e-10
19850.056 9.079507670980398e-10
19900.056 1.0308313613377e-09
19950.056 1.3517688530728153e-09
20000.056 1.541731922255824e-09
20050.056 1.3447420468199007e-09
20100.056 1.984422891623007e-09
20150.056 1.3053838426758571e-09
20200.056 1.0883302606721757e-09
20250.056 1.683392981165737e-09
20300.056 1.8614509712908352e-09
20350.056 1.8716544813958784e-09
20400.056 1.7821195009655866e-09
20450.056 2.5105996586814267e-09
20500.056 2.7771965923006165e-09
20550.056 2.9447306617564205e-09
20600.056 3.0747258375306693e-09
20650.056 3.4963526265497397e-09
20700.056 3.726367653340301e-09
20750.056 3.922194002449671e-09
20800.056 3.881339341039291e-09
20850.056 4.183420715700111e-09
20900.056 4.292681115299593e-09
20950.056 4.199087126000264e-09
21000.056 4.143218219200154e-09
21050.056 4.246766677099783e-09
21100.056 4.132800266300128e-09
21150.056 4.124020516499631e-09
21200.056 3.978607925900265e-09
21250.056 3.827862056909487e-09
21300.056 3.529803956589842e-09
21350.056 3.4611173355137254e-09
21400.056 3.454586897878572e-09
21450.056 3.075332552944356e-09
21500.056 2.8826699331262723e-09
21550.056 2.6487663516721462e-09
21600.056 2.4243076873458526e-09
21650.056 2.00375642995243e-09
21700.056 1.9894807689964127e-09
21750.056 1.7800985873353266e-09
21800.056 1.4425917352357205e-09
21850.056 1.3666840696491315e-09
21900.056 1.0807939785939122e-09
21950.056 5.985117253849581e-10
22000.056 1.7670474507334855e-10
22050.056 1.998716599767185e-10
22100.056 5.648174151280429e-10
22150.056 5.018648283601633e-10
22200.056 5.339781931279191e-10
22250.056 4.536529209982994e-10
22300.056 2.8756031132964555e-10
22350.056 3.413088820727123e-10
22400.056 1.670369346689361e-10
22450.056 2.1269530360257715e-10
22500.056 1.7590204489262794e-10
22550.056 1.2776362167709352e-10
22600.056 1.1171001321225797e-10
22650.056 1.7217287876606073e-10
22700.056 1.4143746104504906e-10
22750.056 1.6091663768428492e-10
22800.056 1.7373549121475984e-10
22850.056 1.3438190079088746e-10
22900.056 1.0665372401648243e-10
22950.056 9.999136433581912e-11
23000.056 1.2533513333043054e-10
23050.056 1.5916593949176732e-10
23100.056 4.963917720652267e-10
23150.056 4.17432642288583e-10
23200.056 4.355394135845101e-11
23250.056 1.2536640184443515e-10
23300.056 1.1233205536575875e-10
23350.056 1.415439418365872e-10
23400.056 1.251361879925323e-10
23450.056 9.515117667863248e-11
23500.056 1.0538286464462745e-10
23550.056 1.683783315176332e-10
23600.056 2.4929326444179204e-10
23650.056 3.408588212539517e-10
23700.056 1.0478909935215164e-10
23750.056 1.0019118393533714e-10
23800.056 2.7234195144633555e-10
23850.056 2.1967803188877335e-10
23900.056 4.08824773245391e-10
23950.056 2.910749668631324e-10
24000.056 4.823522749078008e-10
24050.056 5.437486576237961e-10
24100.056 5.484258164485183e-10
24150.056 7.425612385498446e-10
24200.056 5.759865262189728e-10
24250.056 5.04511744731023e-10
24300.056 7.938759585600299e-10
24350.056 6.754428288778605e-10
24400.056 1.1372505850104913e-09
24450.056 1.200686594721806e-09
24500.056 1.1316544648719901e-09
24550.056 1.5409115905987649e-09
24600.056 1.6186467297663735e-09
24650.056 2.1667758911561594e-09
24700.056 1.5162232957596317e-09
24750.056 1.8308310392094803e-09
24800.056 1.728360393378602e-09
24850.056 2.6517054659929494e-09
24900.056 1.335250372896786e-09
24950.056 2.536203692789855e-09
25000.056 2.367498871931419e-09
25050.056 1.5883785636277565e-09
25100.056 2.411552031480796e-09
25150.056 1.3597944858927625e-09
25200.056 1.9595360598024236e-09
25250.056 9.344013145913957e-10
25300.056 1.4228954927837805e-09
25350.056 7.009043270322874e-10
25400.056 1.6200503433859967e-09
25450.056 6.343904587693259e-10
25500.056 5.752874034621044e-10
25550.056 9.799251604825074e-10
25600.056 6.346022927937565e-10
25650.056 3.464927302618091e-10
25700.056 5.862136671415469e-10
25750.056 1.739854225751412e-10
25800.056 8.152442452987251e-10
25850.056 1.945405024188962e-10
25900.056 2.9004556748554243e-10
25950.056 9.026472345385122e-11
26000.056 7.778758707192349e-10
26050.056 1.5182421604747306e-10
26100.056 6.119834941432623e-10
26150.056 3.279211542431979e-10
26200.056 3.8915682343461585e-10
26250.056 1.7173035170306204e-09
26300.056 5.499253338685485e-10
26350.056 2.2794167550124347e-09
26400.056 2.5180092577716144e-09
26450.056 2.181833320347522e-09
26500.056 3.5822012706225477e-09
26550.056 7.611716184950572e-10
26600.056 1.0366954215690857e-09
26650.056 2.0333586224879514e-10
26700.056 1.3598863874912363e-10
26750.056 1.3476754643019093e-10
26800.056 3.5103507285362057e-10
26850.056 1.8641032489867845e-10
26900.056 8.201179097210881e-10
26950.056 3.005180480513832e-10
27000.056 1.4511135242427462e-09
27050.056 1.4080761185057642e-09
27100.056 3.348202035732263e-10
27150.056 1.9821791146487987e-09
27200.056 3.394042947984207e-10
27250.056 8.482480871977875e-10
27300.056 3.910025046691444e-09
27350.056 1.7651875155939202e-09
27400.056 1.3585158369803716e-10
27450.056 2.082713763133043e-09
27500.056 2.40444678893817e-09
27550.056 4.800283099787119e-10
27600.056 1.2432367569273805e-09
27650.056 3.835191839095554e-10
27700.056 3.0354926227933977e-10
27750.056 1.6395318723029034e-09
27800.056 5.087634427586272e-10
27850.056 7.712744190584471e-10
27900.056 7.803054405153912e-10
27950.056 1.8732859837490565e-09
28000.056 1.5375879832375789e-09
28050.056 2.489481083401576e-10
28100.056 1.5341447100481565e-09
28150.056 1.1240735850238753e-09
28200.056 3.747977569058435e-10
28250.056 2.0400612724449417e-09
28300.056 1.9710830851925455e-09
28350.056 4.928550067415734e-10
28400.056 1.489185350520802e-09
28450.056 2.3572370528764357e-09
28500.056 1.6005234202334032e-09
28550.056 3.8641255788735806e-10
28600.056 2.5914163204037343e-09
28650.056 1.7995957970401703e-09
28700.056 2.2425812109409714e-09
28750.056 3.3024811425770705e-09
28800.056 1.8198446913897827e-09
