galfind/configs/Brown_Dwarf_templates/sonora_bobcat/m-0.5/100g/sp_t750g100nc_m-0.5_resample.dat
# %ECSV 1.0
# ---
# datatype:
# - {name: wav, unit: Angstrom, datatype: float64}
# - {name: flux_nu, unit: erg / (cm2 Hz s), datatype: float64}
# meta: {C/O: '1.00', Kzz: '1.0000E+05', Teff: '750.', Y: '0.28', '[Fe/H]': '-0.50', f_hole: '1.00', f_rain: '0.00', grav: '100.'}
# schema: astropy-2.0
wav flux_nu
[from data line 498]
28900.056 1.0044850224647526e-08
28950.056 1.9519978450884672e-08
29000.056 1.6174840889367293e-08
29050.056 1.9724993692749083e-08
29100.056 1.3377030634396351e-08
29150.056 2.2411696438084413e-08
29200.056 1.7301502257078644e-08
29250.056 2.5821616552462732e-08
29300.056 1.296982544788177e-08
29350.056 3.718470928904809e-08
29400.056 1.8925115823319462e-08
29450.056 2.040074941334464e-08
29500.056 2.546285368796569e-08
29550.056 1.9792231541660408e-08
29600.056 2.4611818191159637e-08
29650.056 3.082723015962523e-08
29700.056 1.9194109840049923e-08
29750.056 2.9776691871607183e-08
29800.056 2.9664972578302112e-08
29850.056 3.2995185907883504e-08
29900.056 3.0292731129416135e-08
29950.056 2.8013009173206317e-08
30000.056 4.426138410495198e-09
30050.056 8.38305650594786e-09
30100.056 1.210452022107831e-08
30150.056 2.541556391485848e-08
30200.056 2.2718171793064723e-08
30250.056 4.064967799482238e-08
30300.056 3.965558731890353e-08
30350.056 2.8044560932834343e-08
30400.056 4.3932401576868915e-08
30450.056 2.865440660568383e-08
30500.056 2.829085254013732e-08
30550.056 2.731457590669131e-08
30600.056 4.068732481072301e-08
30650.056 2.7554899557427004e-08
30700.056 2.4890694367201008e-08
30750.056 3.249295318993484e-08
30800.056 2.5934692820325262e-08
30850.056 2.5475389578511727e-08
30900.056 1.8265353080574143e-08
30950.056 2.0110406974193636e-08
31000.056 1.8094344651653754e-08
31050.056 1.9061901587078983e-08
31100.056 1.3345531580045325e-08
31150.056 1.9808962646828647e-08
31200.056 2.3327554753005632e-08
31250.056 1.605067204613882e-08
31300.056 1.323902968461647e-08
31350.056 1.5947709683034188e-08
31400.056 1.2100839717358971e-08
31450.056 1.3679535678915997e-08
31500.056 8.68908570950353e-09
31550.056 1.1000994543015233e-08
31600.056 7.94240408791847e-09
31650.056 7.384123645645021e-09
31700.056 7.997701967750191e-09
31750.056 5.385869337222838e-09
31800.056 8.663285255370113e-09
31850.056 4.523520176123736e-09
31900.056 6.691888430000432e-09
31950.056 4.100724580314852e-09
32000.056 5.495079241508464e-09
32050.056 5.982107073117208e-09
32100.056 5.450965002388139e-09
32150.056 6.680675401429667e-09
32200.056 4.630790442093222e-09
32250.056 8.188359414692396e-09
32300.056 4.3642073804927876e-09
32350.056 8.362349656199678e-09
32400.056 4.277233339382649e-09
32450.056 7.525396185781184e-09
32500.056 5.718803421775024e-09
32550.056 6.526053167767644e-09
32600.056 7.444725783715027e-09
32650.056 1.1527139246776323e-08
32700.056 9.123162835185102e-09
32750.056 1.3785182803082463e-08
32800.056 1.2684997547725489e-08
32850.056 1.5615884747868373e-08
32900.056 1.6434368629743213e-08
32950.056 1.7547891770843473e-08
33000.056 1.3585425217675151e-08
33050.056 1.3940474474285202e-08
33100.056 5.808092279026172e-09
33150.056 3.3776337219672913e-10
33200.056 6.153416549363245e-10
33250.056 4.3571677946791085e-10
33300.056 8.214689857731968e-10
33350.056 1.933912339799936e-09
33400.056 3.530184730548722e-09
33450.056 4.953779158913158e-09
33500.056 9.720734469026167e-09
33550.056 6.457396617727021e-09
33600.056 1.1682633697149162e-08
33650.056 1.1750778572050081e-08
33700.056 8.532732791139005e-09
33750.056 1.4998233600779454e-08
33800.056 7.510539643960531e-09
33850.056 1.1581939207890972e-08
33900.056 9.505531274090095e-09
33950.056 9.58879935832658e-09
34000.056 1.3860621368065545e-08
34050.056 5.66360971395924e-09
34100.056 1.2826963375835379e-08
34150.056 8.251920649959071e-09
34200.056 1.1506852574024123e-08
34250.056 1.0462021255945355e-08
34300.056 8.560915792666835e-09
34350.056 9.756998302310372e-09
34400.056 6.758040229958481e-09
34450.056 1.1868518330333744e-08
34500.056 9.694492776744177e-09
34550.056 6.002864940866193e-09
34600.056 1.4702801199500547e-08
34650.056 7.295978307514676e-09
34700.056 1.1982285531999629e-08
34750.056 1.0694727785405609e-08
34800.056 8.47442007777662e-09
34850.056 1.3553071972002438e-08
34900.056 1.103134907722242e-08
34950.056 1.3592591587796699e-08
35000.056 2.2612191392752964e-08
35050.056 1.1664437471394433e-08
35100.056 1.9095032741612292e-08
35150.056 1.83044396631357e-08
35200.056 1.7295786714108993e-08
35250.056 2.5754330217181947e-08
35300.056 1.6131278514506907e-08
35350.056 1.8533025216568414e-08
35400.056 2.105157294927563e-08
35450.056 1.374054571121268e-08
35500.056 3.1554258593254665e-08
35550.056 2.589605265288664e-08
35600.056 2.3716648579313954e-08
35650.056 2.6942112406426588e-08
35700.056 2.3251255335376845e-08
35750.056 3.281676245659752e-08
35800.056 3.9592714328482114e-08
35850.056 2.2140479328408523e-08
35900.056 3.161979636435716e-08
35950.056 3.239473184097206e-08
36000.056 3.164184992780479e-08
36050.056 2.9161023613689746e-08
36100.056 2.883839131535473e-08
36150.056 3.5741065690980805e-08
36200.056 4.00881967394893e-08
36250.056 3.3797746492152216e-08
36300.056 4.7668997067191687e-08
36350.056 4.12764561213668e-08
36400.056 4.500574944683028e-08
36450.056 4.9327193455383184e-08
36500.056 5.339660826839174e-08
36550.056 5.882508271176789e-08
36600.056 6.827253985298809e-08
36650.056 6.052134110298096e-08
36700.056 6.28989172188473e-08
36750.056 7.224896321972747e-08
36800.056 7.392529496799828e-08
36850.056 6.317306964528986e-08
36900.056 7.464627248709314e-08
36950.056 8.076692944998577e-08
37000.056 7.139107266908975e-08
37050.056 8.074940414970029e-08
37100.056 7.791300518435234e-08
37150.056 7.278880880529983e-08
37200.056 9.091352645598906e-08
37250.056 7.959515130018235e-08
37300.056 7.111633746166773e-08
37350.056 8.398715491751461e-08
37400.056 1.144536323203983e-07
37450.056 7.957241708765369e-08
37500.056 8.301205552421476e-08
37550.056 1.1089772084905713e-07
37600.056 1.2902022179301854e-07
37650.056 7.839047662880872e-08
37700.056 1.204361656898116e-07
37750.056 8.989394572780805e-08
37800.056 9.845478942393988e-08
37850.056 6.950160662160588e-08
37900.056 8.123983830282329e-08
37950.056 1.0491081710818314e-07
38000.056 1.1618498325699248e-07
38050.056 1.2001253652623392e-07
38100.056 1.3013570120141424e-07
38150.056 1.3860742365100016e-07
38200.056 1.4030213870951774e-07
38250.056 1.2733004427551538e-07
38300.056 1.7135694391396448e-07
38350.056 1.740625130740322e-07
38400.056 1.132409417951485e-07
38450.056 1.0794029359515129e-07
38500.056 7.972389337051473e-08
38550.056 1.287876665580406e-07
38600.056 1.2736251929398462e-07
38650.056 1.3447950785397688e-07
38700.056 1.4253352794899978e-07
38750.056 1.4193469565401133e-07
38800.056 1.3162517320895525e-07
38850.056 1.3874452623101467e-07
38900.056 1.7276593741378683e-07
38950.056 1.3507220574459218e-07
39000.056 1.5710346657097885e-07
39050.056 1.4518328483902765e-07
39100.056 1.5298499092799006e-07
39150.056 1.6837619119399826e-07
39200.056 1.5400767509218053e-07
39250.056 1.8420023002499116e-07
39300.056 1.5764703472596142e-07
39350.056 2.0300113441201545e-07
39400.056 1.67163982036654e-07
39450.056 1.835442498686845e-07
39500.056 1.8828261853402464e-07
39550.056 1.6563029114673036e-07
39600.056 1.9410861413597109e-07
39650.056 2.1805807267498108e-07
39700.056 2.0292968685202118e-07
39750.056 1.6040716393865396e-07
39800.056 1.825360730929901e-07
39850.056 2.3812870979000797e-07
39900.056 2.362096746820053e-07
39950.056 1.9805293572497106e-07
40000.056 2.468331396460237e-07
40050.056 2.3065578531500304e-07
40100.056 1.7622179518654852e-07
40150.056 2.3401886610500513e-07
40200.056 2.3881443399994213e-07
40250.056 2.448999599069346e-07
40300.056 2.428547939310254e-07
40350.056 2.213709766189692e-07
40400.056 2.651054682512593e-07
40450.056 2.10895211980389e-07
40500.056 2.678763091129809e-07
40550.056 2.7676383644514286e-07
40600.056 2.5590426482602454e-07
40650.056 2.3397704741164596e-07
40700.056 3.1535450896498347e-07
40750.056 2.52913706689953e-07
40800.056 2.065032584589099e-07
40850.056 3.246979836400567e-07
40900.056 3.0029484532999503e-07
40950.056 2.726794211360189e-07
41000.056 2.618737075769869e-07
41050.056 3.312793402499514e-07
41100.056 2.913615894699865e-07
41150.056 2.0828944782838237e-07
41200.056 3.2241026954500017e-07
41250.056 2.830997775299847e-07
41300.056 2.670984438299703e-07
41350.056 3.3401458491000224e-07
41400.056 3.0352629549203284e-07
41450.056 3.3319209440999053e-07
41500.056 2.637031691974839e-07
41550.056 2.61115530337561e-07
41600.056 2.971186708821393e-07
41650.056 3.1682733969402126e-07
41700.056 3.0336868198993527e-07
41750.056 2.936391905109719e-07
41800.056 3.4183844139004534e-07
41850.056 2.560040460599831e-07
41900.056 2.934425720141378e-07
41950.056 3.0721663039504227e-07
42000.056 2.787589865499063e-07
42050.056 2.543152889452308e-07
42100.056 3.442011591799722e-07
42150.056 2.625910289860187e-07
42200.056 2.5847858692199867e-07
42250.056 2.7758104657898986e-07
42300.056 2.668827181379952e-07
42350.056 3.1882588743603733e-07
42400.056 3.1946892783003994e-07
42450.056 2.751254243360601e-07
42500.056 2.7844455439998823e-07
42550.056 2.5719175819197325e-07
42600.056 2.8743110100707034e-07
42650.056 3.688340468949065e-07
42700.056 2.8278574884953523e-07
42750.056 2.6750519185502567e-07
42800.056 3.1449861279903176e-07
42850.056 3.4059120228991177e-07
42900.056 3.604811833040621e-07
42950.056 2.795482654179347e-07
43000.056 3.168958515520236e-07
43050.056 2.1118895616206623e-07
43100.056 2.8343658050997226e-07
43150.056 2.555270839560249e-07
43200.056 3.025910853000035e-07
43250.056 3.7904774093003403e-07
43300.056 3.7057809290000765e-07
43350.056 2.401128898879332e-07
43400.056 3.060135327709939e-07
43450.056 2.5319440245804036e-07
43500.056 2.6654342078602526e-07
43550.056 2.759233552757275e-07
43600.056 3.511233070180375e-07
43650.056 2.5449170916000903e-07
43700.056 3.8211778634004503e-07
43750.056 3.364921254340248e-07
43800.056 3.176294867029675e-07
43850.056 2.8562358539204726e-07
43900.056 2.9883794202597553e-07
43950.056 2.1688853431097272e-07
44000.056 2.0077247847500192e-07
44050.056 3.5149429906600833e-07
44100.056 4.234682187000151e-07
44150.056 4.0721594152998344e-07
44200.056 3.558010155979983e-07
44250.056 2.5629668170800553e-07
44300.056 2.197080757280384e-07
44350.056 2.543233508751588e-07
44400.056 2.39303631453985e-07
44450.056 3.269399657349859e-07
44500.056 3.1592333873506644e-07
44550.056 3.9423268667996433e-07
44600.056 3.545945174330185e-07
44650.056 3.3506647396103417e-07
44700.056 2.5015844964198956e-07
44750.056 3.2400358546106166e-07
44800.056 2.846922031200262e-07
44850.056 3.6140518205003847e-07
44900.056 2.8378134124802047e-07
44950.056 3.1907818047601614e-07
45000.056 3.3953515604000805e-07
45050.056 3.289440528639769e-07
45100.056 3.2422097647500466e-07
45150.056 3.265742689407652e-07
45200.056 2.643262088400188e-07
45250.056 2.9678274511392344e-07
45300.056 2.592594075790351e-07
45350.056 2.563982261900047e-07
45400.056 3.9599634713003383e-07
45450.056 3.610358119100093e-07
45500.056 3.718305870200185e-07
45550.056 4.073988176199053e-07
45600.056 3.9985140334004967e-07
45650.056 3.3381132047097903e-07
45700.056 2.7098493208200465e-07
45750.056 2.6336216756500186e-07
45800.056 4.166046431500117e-07
45850.056 3.981895507099897e-07
45900.056 4.2281694192000763e-07
45950.056 3.462156204169949e-07
46000.056 3.989746039400401e-07
46050.056 3.295011931989985e-07
46100.056 4.2994289461997085e-07
46150.056 3.1502096381399636e-07
46200.056 2.9883806670399986e-07
46250.056 1.866811999805713e-07
46300.056 3.3205940255799563e-07
46350.056 3.327436104400311e-07
46400.056 3.158227184400148e-07
46450.056 2.887078630770268e-07
46500.056 3.1657737432907304e-07
46550.056 2.3081098673000925e-07
46600.056 2.96706724793969e-07
46650.056 4.0624047242101903e-07
46700.056 2.9726068158494654e-07
46750.056 2.1247421397461766e-07
46800.056 1.6597643829841432e-07
46850.056 3.9863166940605286e-07
46900.056 3.690934301969833e-07
46950.056 3.5808847786997635e-07
47000.056 3.446563512420487e-07
47050.056 2.9906713531390017e-07
47100.056 2.2160348919322574e-07
47150.056 2.895021615390451e-07
47200.056 3.438492951839943e-07
47250.056 2.450314184369776e-07
47300.056 1.803472204896141e-07
47350.056 3.8788999688998414e-07
47400.056 3.385983744999705e-07
47450.056 3.291379315160443e-07
47500.056 3.7222457421096526e-07
47550.056 3.346701199160095e-07
47600.056 3.366061542349785e-07
47650.056 3.212749757815607e-07
47700.056 2.9042120916878176e-07
47750.056 2.286142094650045e-07
47800.056 2.238253740820146e-07
47850.056 1.5984200960501402e-07
47900.056 2.0683128364997124e-07
47950.056 3.059548332300087e-07
48000.056 3.908982316100438e-07
48050.056 3.529781462859843e-07
48100.056 1.9855128697941374e-07
48150.056 2.8594149442700794e-07
48200.056 2.420941415249983e-07
48250.056 2.655303219300087e-07
48300.056 3.685195106599508e-07
48350.056 2.4400211102800555e-07
48400.056 1.3034259371107423e-07
48450.056 2.3235359086505205e-07
48500.056 2.94346907881951e-07
48550.056 2.799475835180149e-07
48600.056 2.900666779540064e-07
48650.056 3.384008218199828e-07
48700.056 2.691213103930117e-07
48750.056 1.775400699010803e-07
48800.056 3.373504919460077e-07
48850.056 2.2264396724995943e-07
48900.056 3.251025392613832e-07
48950.056 2.177039939240142e-07
49000.056 1.3007723170478917e-07
49050.056 2.8036128201396386e-07
49100.056 3.075959996250461e-07
49150.056 2.4659511643540867e-07
49200.056 3.330510944600518e-07
49250.056 3.1568031361003853e-07
49300.056 2.8132986614799326e-07
49350.056 1.6219382786302907e-07
49400.056 2.2210930737695663e-07
49450.056 2.3193613156356555e-07
49500.056 1.9185844528598503e-07
49550.056 9.324321777970677e-08
49600.056 1.6840090742903096e-07
49650.056 2.2106017895698474e-07
49700.056 2.2017571650693628e-07
49750.056 2.623555518739713e-07
49800.056 2.0944494871460133e-07
49850.056 3.0376065547205274e-07
49900.056 2.5134629529298493e-07
49950.056 2.3728529547899695e-07
50000.056 2.1999306869597922e-07
50050.056 2.662965687799894e-07
50100.056 2.14046724660996e-07
50150.056 1.4174999072098256e-07
50200.056 6.254753140401462e-08
50250.056 1.9064297630898435e-07
50300.056 1.4644265308741435e-07
50350.056 2.5392094098002756e-07
50400.056 2.3414835707298527e-07
50450.056 1.8162226427620436e-07
50500.056 2.490841939650261e-07
50550.056 2.290284709050118e-07
50600.056 1.7964635553095978e-07
50650.056 2.579681006580433e-07
50700.056 2.708829461769442e-07
50750.056 2.0312770444402762e-07
50800.056 1.1769051732438223e-07
50850.056 1.0194511874763257e-07
50900.056 2.537897382279943e-07
50950.056 1.9977856924300836e-07
51000.056 2.030509458511138e-07
51050.056 2.1894218768598402e-07
51100.056 1.1142047025038506e-07
51150.056 1.526464499770832e-07
51200.056 2.872408016799814e-07
51250.056 1.8875082649897493e-07
51300.056 1.488095909440528e-07
51350.056 1.6470760484998437e-07
51400.056 9.549211403400551e-08
51450.056 7.877681785588001e-08
51500.056 8.082367148872649e-08
51550.056 1.880707044132157e-07
51600.056 1.3703897689822064e-07
51650.056 1.486831930329758e-07
51700.056 1.706904363114878e-07
51750.056 1.223266678695115e-07
51800.056 1.849954760599614e-07
51850.056 1.6166246885898888e-07
51900.056 2.35669035686005e-07
51950.056 1.7143373680098508e-07
52000.056 5.307117689508717e-08
52050.056 1.19886388045015e-07
52100.056 9.07279894799948e-08
52150.056 7.29116559790081e-08
52200.056 9.709136963400052e-08
52250.056 1.2896907269502165e-07
52300.056 1.9285224204999418e-07
52350.056 1.1676475374584248e-07
52400.056 9.340235181650887e-08
52450.056 1.815781197960121e-07
52500.056 1.7099497885395636e-07
52550.056 1.636725583109777e-07
52600.056 1.3119517026600362e-07
52650.056 1.436283455000224e-07
52700.056 1.1943602242699755e-07
52750.056 7.743216736019639e-08
52800.056 1.0265796669001214e-07
52850.056 1.1390012909796668e-07
52900.056 9.351804777909602e-08
52950.056 1.0697747552120605e-07
53000.056 1.4585928786601357e-07
53050.056 7.884076727948062e-08
53100.056 1.344553534309794e-07
53150.056 1.7265439080302254e-07
53200.056 7.915140990199421e-08
53250.056 1.526658229520101e-07
53300.056 1.7387539045078185e-07
53350.056 1.4890561179399946e-07
53400.056 1.2605223025299501e-07
53450.056 7.188892450798501e-08
