galfind/configs/Brown_Dwarf_templates/sonora_bobcat/m-0.5/100g/sp_t950g100nc_m-0.5_resample.dat
# %ECSV 1.0
# ---
# datatype:
# - {name: wav, unit: Angstrom, datatype: float64}
# - {name: flux_nu, unit: erg / (cm2 Hz s), datatype: float64}
# meta: {C/O: '1.00', Kzz: '1.0000E+05', Teff: '950.', Y: '0.28', '[Fe/H]': '-0.50', f_hole: '1.00', f_rain: '0.00', grav: '100.'}
# schema: astropy-2.0
wav flux_nu
4000.0559999999996 nan
4050.0559999999996 5.385256607327811e-13
4100.056 1.95104381824986e-11
4150.056 4.558806433890273e-11
4200.056 4.0324969862099934e-11
4250.056 6.920887778300495e-11
4300.056 8.580401786700727e-11
4350.056 9.34221914370037e-11
4400.056 1.1471939350500329e-10
4450.056 1.2322071876500222e-10
4500.056 1.2599267470400748e-10
4550.056 1.511187157763882e-10
4600.056 1.5288377232700013e-10
4650.056 1.4091946064499143e-10
4700.056 1.452437559750014e-10
4750.056 9.053605178299905e-11
4800.056 2.921435085800006e-11
4850.056 8.718128597199846e-12
4900.056 3.3975878572999697e-12
4950.056 1.373611429489986e-12
5000.056 3.911473959299947e-13
5050.056 1.1157827390899916e-13
5100.056 7.79803748489997e-14
5150.056 6.140926455899943e-14
5200.056 4.883677109199997e-14
5250.056 3.8949923439999876e-14
5300.056 3.214439398199993e-14
5350.056 2.789775555399997e-14
5400.056 2.542022292599994e-14
5450.056 2.366343585899988e-14
5500.056 2.234372968399996e-14
5550.056 2.1333911453999992e-14
5600.056 2.0489054268999943e-14
5650.056 1.9549453142000024e-14
5700.056 1.8445093158e-14
5750.056 1.6267260540999954e-14
5800.056 1.3021660721999957e-14
5850.056 7.995234752399908e-15
5900.056 2.1784887440017828e-15
5950.056 1.7200738672100228e-14
6000.056 4.1477613990000454e-14
6050.056 8.01835165700006e-14
6100.056 1.4117868890000067e-13
6150.056 2.4056460358000156e-13
6200.056 4.0742692287000256e-13
6250.056 6.957727638000048e-13
6300.056 1.1912303494500099e-12
6350.056 2.0600964191000176e-12
6400.056 3.573783433400027e-12
6450.056 6.1314470133000246e-12
6500.056 1.0346304009500068e-11
6550.056 1.7095030240000126e-11
6600.056 2.7649950784000275e-11
6650.056 4.3442702903000294e-11
6700.056 5.129615552256034e-11
6750.056 9.46509778220006e-11
6800.056 1.2884126227000045e-10
6850.056 1.4902628184000012e-10
6900.056 1.425752699000003e-10
6950.056 1.2633985205599973e-10
7000.056 1.2504076865000064e-10
7050.056 1.3672476145999935e-10
7100.056 1.5071346811e-10
7150.056 1.5599607147799843e-10
7200.056 1.5171878661600254e-10
7250.056 1.4022857247099516e-10
7300.056 1.2086363008600023e-10
7350.056 1.0115167426699884e-10
7400.056 8.23808369680006e-11
7450.056 6.38541088080001e-11
7500.056 4.6716307877999696e-11
7550.056 3.152362938899976e-11
7600.056 2.0227730813999786e-11
7650.056 3.904536684620762e-12
7700.056 2.014514545951134e-12
7750.056 1.6244738547000408e-11
7800.056 3.5952994608020834e-11
7850.056 8.8926117400001e-11
7900.056 1.6271063845000147e-10
7950.056 2.1365322167844343e-10
8000.056 4.4338577517000495e-10
8050.056 6.604929034200092e-10
8100.056 9.107249403699994e-10
8150.056 1.2172017354899993e-09
8200.056 1.6594048671700547e-09
8250.056 2.1188605391800297e-09
8300.056 2.7015423699001876e-09
8350.056 3.3442221367699084e-09
8400.056 4.117772492019889e-09
8450.056 5.121008998799928e-09
8500.056 5.513197384259673e-09
8550.056 7.154975349900202e-09
8600.056 8.89674533110007e-09
8650.056 1.0174830289600032e-08
8700.056 1.194837892209972e-08
8750.056 1.3902784879000157e-08
8800.056 1.601067201600019e-08
8850.056 1.7783098891999874e-08
8900.056 1.7212965205399546e-08
8950.056 1.5817145249836803e-08
9000.056 2.0585096684897904e-08
9050.056 2.7684513742500677e-08
9100.056 3.1377019008910965e-08
9150.056 3.395458502290178e-08
9200.056 3.9151332813316004e-08
9250.056 3.986675454171464e-08
9300.056 2.2347363056849954e-08
9350.056 2.7735570421764283e-08
9400.056 3.881158217317219e-08
9450.056 4.3708356227712775e-08
9500.056 4.330703182320876e-08
9550.056 4.805204098614148e-08
9600.056 4.8577048708447955e-08
9650.056 5.498368353645369e-08
9700.056 6.59303269717111e-08
9750.056 7.06336744366461e-08
9800.056 7.871843671381695e-08
9850.056 8.810970726609987e-08
9900.056 8.544531452749516e-08
9950.056 8.449515882899797e-08
10000.056 6.964153682779746e-08
10050.056 9.348509386099963e-08
10100.056 1.0945606003099872e-07
10150.056 1.1845679113299158e-07
10200.056 1.3246277840199975e-07
10250.056 1.4523003838000078e-07
10300.056 1.565293772499993e-07
10350.056 1.7564998981000369e-07
10400.056 1.9336388254999716e-07
10450.056 2.0442086460999828e-07
10500.056 2.1011047257999955e-07
10550.056 2.173833991400027e-07
10600.056 2.2946971391999512e-07
10650.056 2.4317953588000836e-07
10700.056 2.5443994536000897e-07
10750.056 2.6646198283000706e-07
10800.056 2.759851034100039e-07
10850.056 2.8285217290199444e-07
10900.056 2.4848527715099547e-07
10950.056 1.7621169887340527e-07
11000.056 1.4784783791724783e-07
11050.056 1.1845727571547745e-07
11100.056 9.471625369590675e-08
11150.056 7.075471886464674e-08
11200.056 7.257435499984578e-08
11250.056 8.736681976257563e-08
11300.056 8.834593605217618e-08
11350.056 4.862282690528669e-08
11400.056 7.892594906740303e-08
11450.056 7.062334076651565e-08
11500.056 7.201379246163178e-08
11550.056 4.53607279322768e-08
11600.056 4.853392821238117e-08
11650.056 6.41609631035647e-08
11700.056 5.942298475539805e-08
11750.056 3.564782254947765e-08
11800.056 7.02512045218346e-08
11850.056 1.045678201693382e-07
11900.056 1.2285764669153934e-07
11950.056 1.5752687953410514e-07
12000.056 1.8358378617199804e-07
12050.056 2.2039416397202972e-07
12100.056 2.53832573164988e-07
12150.056 2.966651577889862e-07
12200.056 3.296339692419735e-07
12250.056 3.6939847986597313e-07
12300.056 4.131404143500192e-07
12350.056 4.259771622200031e-07
12400.056 4.4555590013998895e-07
12450.056 4.330003132000103e-07
12500.056 4.5422267882000055e-07
12550.056 4.82599631410025e-07
12600.056 5.775416204600151e-07
12650.056 5.759349517799998e-07
12700.056 5.907162384300462e-07
12750.056 5.684327808870189e-07
12800.056 5.669149916180086e-07
12850.056 5.021801306400257e-07
12900.056 4.589494953690233e-07
12950.056 4.5090868043369107e-07
13000.056 4.4442654607396777e-07
13050.056 4.092291228636884e-07
13100.056 3.8909500017886083e-07
13150.056 3.3300717986214764e-07
13200.056 2.986614373173194e-07
13250.056 2.3616670864080226e-07
13300.056 1.3282597751163063e-07
13350.056 4.7469566646740375e-08
13400.056 3.025935132822731e-08
13450.056 1.8319570058513344e-08
13500.056 1.257242038148653e-08
13550.056 9.121012137912928e-09
13600.056 5.665871551819385e-09
13650.056 1.2638879662537325e-08
13700.056 9.828956254409697e-09
13750.056 1.1384753206313064e-08
13800.056 1.3511033872141818e-08
13850.056 1.0847980375827368e-08
13900.056 1.126014608403343e-08
13950.056 1.0408403701379232e-08
14000.056 9.980195715495996e-09
14050.056 1.1931419848422593e-08
14100.056 1.0288354248025489e-08
14150.056 1.4410321048529146e-08
14200.056 1.1356482469319953e-08
14250.056 1.184089317735612e-08
14300.056 1.8573033521203848e-08
14350.056 1.8857620024359348e-08
14400.056 2.079416073008661e-08
14450.056 2.3227489453039496e-08
14500.056 3.764329340498818e-08
14550.056 4.116342351512271e-08
14600.056 5.25769220662211e-08
14650.056 5.198871961625185e-08
14700.056 4.255566220997422e-08
14750.056 4.9823654614103524e-08
14800.056 6.287938040159185e-08
14850.056 6.841005873338164e-08
14900.056 6.981704874493218e-08
14950.056 7.78786062180673e-08
15000.056 8.962042341608664e-08
15050.056 1.0265217172124123e-07
15100.056 1.0848921730186762e-07
15150.056 1.1854426445149813e-07
15200.056 1.2423817230896108e-07
15250.056 1.5232649983626948e-07
15300.056 1.6867646852637425e-07
15350.056 1.909616579143907e-07
15400.056 2.1303974693002914e-07
15450.056 2.3315579414281592e-07
15500.056 2.447741563779769e-07
15550.056 2.7353544639699767e-07
15600.056 2.877234844420058e-07
15650.056 3.0049435162501086e-07
15700.056 3.303383836530439e-07
15750.056 3.416778709899888e-07
15800.056 3.4052963889002257e-07
15850.056 3.5257334040000277e-07
15900.056 3.3231528868000944e-07
15950.056 3.137217601999744e-07
16000.056 2.714648057300057e-07
16050.056 2.0982768495599218e-07
16100.056 1.6475492246698536e-07
16150.056 1.2279046765179773e-07
16200.056 8.96907426591111e-08
16250.056 7.992384324985536e-08
16300.056 6.761396621084659e-08
16350.056 7.476070933177994e-08
16400.056 8.645111150178372e-08
16450.056 9.243154118436436e-08
16500.056 9.90956449995517e-08
16550.056 9.586676264183211e-08
16600.056 9.607451259513984e-08
16650.056 7.448891119010268e-08
16700.056 3.30711408392448e-08
16750.056 4.5175854453973046e-08
16800.056 6.821579787600358e-08
16850.056 7.246303071284467e-08
16900.056 6.226265721420132e-08
16950.056 5.2201006351387966e-08
17000.056 4.171338672758655e-08
17050.056 5.953176208122536e-08
17100.056 7.150374694858143e-08
17150.056 5.866827915679314e-08
17200.056 8.129831819128206e-08
17250.056 7.175847223667976e-08
17300.056 5.93148538229737e-08
17350.056 5.4864139431063354e-08
17400.056 6.045979714208314e-08
17450.056 6.518740251718663e-08
17500.056 7.255710818261027e-08
17550.056 6.773994220626357e-08
17600.056 6.055292591465607e-08
17650.056 5.971194703535246e-08
17700.056 4.7914340094745576e-08
17750.056 4.466662925616303e-08
17800.056 5.78350318228717e-08
17850.056 4.192308173247804e-08
17900.056 4.089520337265611e-08
17950.056 3.467994107731392e-08
18000.056 3.8521256430995695e-08
18050.056 3.645797250657809e-08
18100.056 3.851933558403901e-08
18150.056 4.674460900214207e-08
18200.056 3.096720562615282e-08
18250.056 5.648647309322438e-08
18300.056 3.9547347228433237e-08
18350.056 3.4435118859379255e-08
18400.056 3.2649666337725434e-08
18450.056 3.886389419496747e-08
18500.056 4.141609921507161e-08
18550.056 3.3610527149658903e-08
18600.056 2.9276492947993344e-08
18650.056 2.860080613527628e-08
18700.056 2.7158633333471386e-08
18750.056 3.4360078438673324e-08
18800.056 5.366947732149797e-08
18850.056 5.9105536818390665e-08
18900.056 5.6266834193595975e-08
18950.056 7.69023657744023e-08
19000.056 5.879535194277879e-08
19050.056 4.676887226479607e-08
19100.056 6.755865253371034e-08
19150.056 5.215520143442233e-08
19200.056 6.115970021404078e-08
19250.056 4.8622369726295665e-08
19300.056 4.5965248406750384e-08
19350.056 4.067847054668425e-08
19400.056 3.048917426038631e-08
19450.056 4.808550024846973e-08
19500.056 4.662747980721085e-08
19550.056 3.743741038920887e-08
19600.056 4.805352452793394e-08
19650.056 5.332968867171803e-08
19700.056 5.379187945578885e-08
19750.056 5.809041555676956e-08
19800.056 5.9546473505234485e-08
19850.056 7.185596891866501e-08
19900.056 6.120803003232367e-08
19950.056 8.49299249446547e-08
20000.056 7.841514211505192e-08
20050.056 8.548603271348413e-08
20100.056 9.617622303521529e-08
20150.056 9.17846397829616e-08
20200.056 9.821988682882285e-08
20250.056 1.1114075297888796e-07
20300.056 1.1051521840694039e-07
20350.056 1.2046150863864958e-07
20400.056 1.186302716575796e-07
20450.056 1.3296903184878706e-07
20500.056 1.4006711103376343e-07
20550.056 1.4030583871101087e-07
20600.056 1.5076877528802622e-07
20650.056 1.5248672317101038e-07
20700.056 1.5520413792512154e-07
20750.056 1.5833407421698993e-07
20800.056 1.6038841526498827e-07
20850.056 1.5835974169599502e-07
20900.056 1.6194198838897361e-07
20950.056 1.5768177669600253e-07
21000.056 1.5460705416701318e-07
21050.056 1.5271211829099275e-07
21100.056 1.4776376055200605e-07
21150.056 1.4790348746697815e-07
21200.056 1.4032707815900426e-07
21250.056 1.3536067205697765e-07
21300.056 1.2406819426748534e-07
21350.056 1.2284750747599522e-07
21400.056 1.1844344480372755e-07
21450.056 1.1145262350013806e-07
21500.056 1.0539353669753128e-07
21550.056 9.885421199736664e-08
21600.056 9.08429291642165e-08
21650.056 8.23457494696018e-08
21700.056 8.238622626730248e-08
21750.056 7.380790032124999e-08
21800.056 6.535983616254165e-08
21850.056 6.003241245201518e-08
21900.056 4.832269238519338e-08
21950.056 3.37301003835582e-08
22000.056 1.673151355230751e-08
22050.056 1.3322665365019325e-08
22100.056 2.1063693604438774e-08
22150.056 2.610632103471524e-08
22200.056 2.8687121862304633e-08
22250.056 2.5809719551028698e-08
22300.056 2.1219836477961582e-08
22350.056 2.105095575807499e-08
22400.056 1.5943362033004217e-08
22450.056 1.473038522726508e-08
22500.056 1.419505019848781e-08
22550.056 1.1918106334930974e-08
22600.056 1.223121156771119e-08
22650.056 1.3357609285419058e-08
22700.056 1.1547559353463665e-08
22750.056 1.2044737758393443e-08
22800.056 1.1465735292378885e-08
22850.056 1.0179832588347916e-08
22900.056 9.26196575810974e-09
22950.056 8.679298237326826e-09
23000.056 1.0859215746469476e-08
23050.056 1.3645430869039612e-08
23100.056 2.297946518594755e-08
23150.056 2.3258475969480015e-08
23200.056 7.0348545163199324e-09
23250.056 9.482532660823558e-09
23300.056 8.47296460171734e-09
23350.056 8.658553256389992e-09
23400.056 9.26261087820399e-09
23450.056 8.736884835504002e-09
23500.056 9.580308908549795e-09
23550.056 1.1933445405324618e-08
23600.056 1.3677703401848467e-08
23650.056 1.7380460451810337e-08
23700.056 1.0478479079357862e-08
23750.056 9.062545446983944e-09
23800.056 1.0796836853148536e-08
23850.056 1.1922042181119964e-08
23900.056 1.7558189560099956e-08
23950.056 1.806350453503529e-08
24000.056 2.0934405506763422e-08
24050.056 2.414451846915979e-08
24100.056 2.2494736446221353e-08
24150.056 2.605811400187425e-08
24200.056 2.518251875346622e-08
24250.056 2.2296086650838922e-08
24300.056 2.7090517200008082e-08
24350.056 2.3700535237443438e-08
24400.056 3.0941203193757074e-08
24450.056 3.0067587059186545e-08
24500.056 3.047214076608274e-08
24550.056 3.5736338214472685e-08
24600.056 3.6263564663895285e-08
24650.056 4.44341585205353e-08
24700.056 3.406956659447954e-08
24750.056 3.754590649242914e-08
24800.056 3.824170930881067e-08
24850.056 4.9950482411415684e-08
24900.056 3.207570081977594e-08
24950.056 5.0644853226005176e-08
25000.056 4.600448080002308e-08
25050.056 3.422071605445907e-08
25100.056 4.617602029564318e-08
25150.056 3.316509536257341e-08
25200.056 4.217650218194793e-08
25250.056 2.9611258980348848e-08
25300.056 4.0915317995205405e-08
25350.056 2.622789151406675e-08
25400.056 4.346026716830097e-08
25450.056 2.6359458687977254e-08
25500.056 2.702574295636168e-08
25550.056 2.993860052485576e-08
25600.056 2.6705547082434748e-08
25650.056 1.966756784145787e-08
25700.056 3.470614076377208e-08
25750.056 1.6826538975004535e-08
25800.056 3.661140163645715e-08
25850.056 1.867504289149386e-08
25900.056 2.5807435486159633e-08
25950.056 1.5382723060539768e-08
26000.056 3.804625315480557e-08
26050.056 2.332083596855181e-08
26100.056 3.7653960649670493e-08
26150.056 2.9525393931251502e-08
26200.056 3.289877565283243e-08
26250.056 5.079250238231854e-08
26300.056 3.493873923375634e-08
26350.056 5.9413136600569575e-08
26400.056 5.7965430694052955e-08
26450.056 6.028620773013221e-08
26500.056 6.727244567231515e-08
26550.056 3.9553215534761264e-08
26600.056 5.507873071608518e-08
26650.056 2.673451884753688e-08
26700.056 2.5184427125309256e-08
26750.056 1.766174921576276e-08
26800.056 2.8396957643017414e-08
26850.056 1.6924811820271835e-08
26900.056 3.676889385108653e-08
26950.056 1.9691164770632524e-08
27000.056 4.588355790105516e-08
27050.056 3.714758784114532e-08
27100.056 2.797092462032844e-08
27150.056 5.087620398307289e-08
27200.056 3.035659075027242e-08
27250.056 3.739711828255765e-08
27300.056 7.731949624987535e-08
27350.056 5.7547432152283684e-08
27400.056 1.961177043344178e-08
27450.056 7.100276036532718e-08
27500.056 6.882250199869889e-08
27550.056 3.327233591214451e-08
27600.056 5.858244100565889e-08
27650.056 2.980090142641422e-08
27700.056 2.4465662334453037e-08
27750.056 6.119065600936238e-08
27800.056 2.8856994907457362e-08
27850.056 3.589394171255701e-08
27900.056 3.844768218777673e-08
27950.056 6.403047910942407e-08
28000.056 5.126963278152126e-08
28050.056 2.052773625601576e-08
28100.056 6.366470190687868e-08
28150.056 4.202200728624114e-08
28200.056 2.350433920190652e-08
28250.056 6.368639673237482e-08
28300.056 7.558425326478552e-08
28350.056 3.038008061014449e-08
28400.056 5.1108831887066914e-08
28450.056 6.714957068493419e-08
28500.056 5.280591047927491e-08
28550.056 2.3069763351356924e-08
28600.056 7.462632004223145e-08
28650.056 6.142972264528715e-08
28700.056 5.7214148946783186e-08
28750.056 7.922357852687759e-08
28800.056 6.436690641366086e-08
28850.056 7.645072898621405e-08
