galfind/configs/Brown_Dwarf_templates/sonora_bobcat/m-0.5/100g/sp_t650g100nc_m-0.5_resample.dat
# %ECSV 1.0
# ---
# datatype:
# - {name: wav, unit: Angstrom, datatype: float64}
# - {name: flux_nu, unit: erg / (cm2 Hz s), datatype: float64}
# meta: {C/O: '1.00', Kzz: '1.0000E+05', Teff: '650.', Y: '0.28', '[Fe/H]': '-0.50', f_hole: '1.00', f_rain: '0.00', grav: '100.'}
# schema: astropy-2.0
wav flux_nu
[from data line 499]
28950.056 7.175832324888679e-09
29000.056 5.8813403181349555e-09
29050.056 7.606391471334348e-09
29100.056 4.876064061437692e-09
29150.056 7.836663296054077e-09
29200.056 6.830253172274755e-09
29250.056 1.049893587812747e-08
29300.056 4.996226884986746e-09
29350.056 1.4831448381023955e-08
29400.056 7.0107581057141e-09
29450.056 7.411037274051368e-09
29500.056 1.0712902644922318e-08
29550.056 7.095775920343229e-09
29600.056 9.320405239659266e-09
29650.056 1.3785092231443658e-08
29700.056 6.987452311235692e-09
29750.056 1.2288804158673893e-08
29800.056 1.1979517834034238e-08
29850.056 1.3883455354163294e-08
29900.056 1.1706939069486939e-08
29950.056 1.1020943759295078e-08
30000.056 9.017068999689621e-10
30050.056 2.2347922477403185e-09
30100.056 4.3161246640395525e-09
30150.056 1.0329426170516511e-08
30200.056 9.24039222962716e-09
30250.056 1.7690176045598627e-08
30300.056 1.8419891800871518e-08
30350.056 1.0613713012317845e-08
30400.056 2.03973205510348e-08
30450.056 1.2754473814501322e-08
30500.056 1.2960468178555555e-08
30550.056 1.1606388501701594e-08
30600.056 2.21023585569023e-08
30650.056 1.3324374446070146e-08
30700.056 1.1620765426342617e-08
30750.056 1.681321124358939e-08
30800.056 1.271211083990805e-08
30850.056 1.320376541390112e-08
30900.056 8.599671794853311e-09
30950.056 9.522596777263013e-09
31000.056 8.92817957717213e-09
31050.056 9.257380029081073e-09
31100.056 5.872812718172348e-09
31150.056 9.743005855471887e-09
31200.056 1.3325384500422741e-08
31250.056 8.489614857094666e-09
31300.056 6.522059013863212e-09
31350.056 8.712260682235497e-09
31400.056 6.42828141370787e-09
31450.056 7.322685002577926e-09
31500.056 3.87529674084118e-09
31550.056 5.4176851443932216e-09
31600.056 3.722691969790324e-09
31650.056 3.4654406159262065e-09
31700.056 3.7865723102103845e-09
31750.056 2.190948643475787e-09
31800.056 4.1234468308003845e-09
31850.056 1.586057121160473e-09
31900.056 2.780344136546122e-09
31950.056 1.5898199376269114e-09
32000.056 2.1031590618067535e-09
32050.056 2.3729087715213724e-09
32100.056 2.0700366199232263e-09
32150.056 2.698652728197872e-09
32200.056 1.6239679999311708e-09
32250.056 3.4773949463522332e-09
32300.056 1.5142338143903482e-09
32350.056 3.4625492378239564e-09
32400.056 1.3578019589860816e-09
32450.056 3.0436257552309926e-09
32500.056 1.883892770200384e-09
32550.056 2.543086098212174e-09
32600.056 2.5835396617201842e-09
32650.056 4.917771201059924e-09
32700.056 3.3280197291475983e-09
32750.056 6.600865264445593e-09
32800.056 5.764122740808067e-09
32850.056 8.080531089959137e-09
32900.056 8.10958118930765e-09
32950.056 8.817989952565937e-09
33000.056 5.949452918338876e-09
33050.056 6.663158961927884e-09
33100.056 2.3141417971191324e-09
33150.056 3.867117565898382e-11
33200.056 1.3057029066002493e-10
33250.056 1.1122972224252749e-10
33300.056 2.9556795209475473e-10
33350.056 8.201051536263747e-10
33400.056 1.7782384503334156e-09
33450.056 2.2175841753429758e-09
33500.056 5.3121914601737596e-09
33550.056 2.5942940221866903e-09
33600.056 5.430517930816002e-09
33650.056 5.307975012550022e-09
33700.056 3.32684380096859e-09
33750.056 7.130586475554063e-09
33800.056 2.3247942787583964e-09
33850.056 4.694134709169507e-09
33900.056 4.159305012055342e-09
33950.056 3.845550249883219e-09
34000.056 6.339270165114764e-09
34050.056 1.9638592060335497e-09
34100.056 5.628031587221333e-09
34150.056 3.1724448939639073e-09
34200.056 5.370737163333025e-09
34250.056 4.45832614632606e-09
34300.056 3.633745076513392e-09
34350.056 4.858718652027154e-09
34400.056 2.7199721248639502e-09
34450.056 5.732035894262174e-09
34500.056 4.1790693695985296e-09
34550.056 2.3060268577563845e-09
34600.056 7.4121051389006425e-09
34650.056 2.797767286699323e-09
34700.056 5.873706859104079e-09
34750.056 4.733169901982847e-09
34800.056 3.6021723237667553e-09
34850.056 7.280708900635888e-09
34900.056 4.603673177429442e-09
34950.056 6.836276500017948e-09
35000.056 1.2465745330553773e-08
35050.056 5.579121660600641e-09
35100.056 1.097463641634596e-08
35150.056 1.0172901509552417e-08
35200.056 8.911089642056744e-09
35250.056 1.461079665288406e-08
35300.056 7.851619407885757e-09
35350.056 9.821644019491443e-09
35400.056 1.071820361361634e-08
35450.056 6.985642437557867e-09
35500.056 1.8858286697405448e-08
35550.056 1.3962265602475344e-08
35600.056 1.3226176860929079e-08
35650.056 1.4819377116009491e-08
35700.056 1.288149113031924e-08
35750.056 1.9660082474318967e-08
35800.056 2.2284652768579815e-08
35850.056 1.1183103513201764e-08
35900.056 1.642564032157117e-08
35950.056 1.8156329198633196e-08
36000.056 1.7720513100132857e-08
36050.056 1.5450497423583792e-08
36100.056 1.4879885254955145e-08
36150.056 2.104938152326442e-08
36200.056 2.3947135464933357e-08
36250.056 1.8854702245279933e-08
36300.056 3.014707005537668e-08
36350.056 2.394801818708929e-08
36400.056 2.8327888665339852e-08
36450.056 2.956227856624159e-08
36500.056 3.3186637247565216e-08
36550.056 3.805935892286023e-08
36600.056 4.386679530198863e-08
36650.056 3.710158605418911e-08
36700.056 3.804453842556503e-08
36750.056 4.537124873831787e-08
36800.056 4.7950763276997056e-08
36850.056 3.7604017905645674e-08
36900.056 4.751108249015652e-08
36950.056 5.0838541634389997e-08
37000.056 4.242088279009092e-08
37050.056 5.223223592529888e-08
37100.056 4.658523577515373e-08
37150.056 4.505077655706856e-08
37200.056 5.905192765698997e-08
37250.056 4.7275316327089475e-08
37300.056 4.149299285397857e-08
37350.056 5.376868654459209e-08
37400.056 7.422053047427962e-08
37450.056 4.5609806424434565e-08
37500.056 5.040132467153514e-08
37550.056 7.328295040043709e-08
37600.056 8.877533092301649e-08
37650.056 4.624723154010495e-08
37700.056 7.659431604520688e-08
37750.056 5.498279865110759e-08
37800.056 6.043279112011146e-08
37850.056 3.970679386385404e-08
37900.056 4.729102557811088e-08
37950.056 6.757403884150123e-08
38000.056 7.09944569774764e-08
38050.056 7.776056750022506e-08
38100.056 8.799428259598807e-08
38150.056 9.25261060329999e-08
38200.056 9.009929559360822e-08
38250.056 8.298511762304199e-08
38300.056 1.166934126199715e-07
38350.056 1.1743140471502752e-07
38400.056 7.023675057356943e-08
38450.056 5.962209250478769e-08
38500.056 4.244847828180783e-08
38550.056 7.92153988190266e-08
38600.056 7.842438659228742e-08
38650.056 8.512059648478302e-08
38700.056 8.797401495699809e-08
38750.056 8.517287312400979e-08
38800.056 8.243767325797888e-08
38850.056 8.680450335040775e-08
38900.056 1.1047285568818688e-07
38950.056 8.137579562149776e-08
39000.056 9.980310068577987e-08
39050.056 8.810352121203052e-08
39100.056 9.64855692980855e-08
39150.056 1.1162873396590016e-07
39200.056 9.582729031378455e-08
39250.056 1.2104990340229796e-07
39300.056 1.0046155529597738e-07
39350.056 1.3591692223700728e-07
39400.056 1.0473237614696214e-07
39450.056 1.2087993096259907e-07
39500.056 1.2595458655401802e-07
39550.056 9.847151822286217e-08
39600.056 1.2530633004469007e-07
39650.056 1.4695661187798488e-07
39700.056 1.3461606332101523e-07
39750.056 9.725236017364646e-08
39800.056 1.124177689344984e-07
39850.056 1.611376538740073e-07
39900.056 1.6263726638800556e-07
39950.056 1.2151528615698164e-07
40000.056 1.611962996150116e-07
40050.056 1.5487218579500085e-07
40100.056 1.0314771189881371e-07
40150.056 1.5468509633140714e-07
40200.056 1.582221358799624e-07
40250.056 1.6576179190895773e-07
40300.056 1.6382438059101517e-07
40350.056 1.3819102483527648e-07
40400.056 1.7461592277720275e-07
40450.056 1.269172400954666e-07
40500.056 1.790597852049829e-07
40550.056 1.8805484024215057e-07
40600.056 1.6854107531401429e-07
40650.056 1.4999263143863656e-07
40700.056 2.1817779489398671e-07
40750.056 1.6678846958096863e-07
40800.056 1.3006537568794402e-07
40850.056 2.27263988589042e-07
40900.056 2.0600040886999203e-07
40950.056 1.8379603476282046e-07
41000.056 1.7043925208199027e-07
41050.056 2.3230033660595912e-07
41100.056 2.0351045495099105e-07
41150.056 1.3082432767157074e-07
41200.056 2.259692816100082e-07
41250.056 1.971719792011867e-07
41300.056 1.8899677352198684e-07
41350.056 2.353604949099928e-07
41400.056 2.1109249895202184e-07
41450.056 2.3999073529798226e-07
41500.056 1.8218682817834308e-07
41550.056 1.775932726464491e-07
41600.056 1.9901549568266555e-07
41650.056 2.221142257970148e-07
41700.056 2.2236884322995326e-07
41750.056 2.0578865497697554e-07
41800.056 2.3435834057804498e-07
41850.056 1.8430885689118114e-07
41900.056 2.0247260314755336e-07
41950.056 2.1293773587802487e-07
42000.056 1.8276288605441916e-07
42050.056 1.714014088353518e-07
42100.056 2.2717876090597173e-07
42150.056 1.8058033589101208e-07
42200.056 1.7889891583299423e-07
42250.056 1.8600423342150064e-07
42300.056 1.7898188129799633e-07
42350.056 2.2002478975702142e-07
42400.056 2.2754153116602434e-07
42450.056 1.968862277380491e-07
42500.056 1.9985766522298724e-07
42550.056 1.803308353399757e-07
42600.056 2.0247992594965675e-07
42650.056 2.688409179709342e-07
42700.056 1.9121947380974593e-07
42750.056 1.8903319242702245e-07
42800.056 2.3273697919702477e-07
42850.056 2.5124743400893544e-07
42900.056 2.6684648306504264e-07
42950.056 2.0665125821095917e-07
43000.056 2.3529247688201625e-07
43050.056 1.4819223895203877e-07
43100.056 2.0978669731598136e-07
43150.056 1.8288107596701825e-07
43200.056 2.2672748145600698e-07
43250.056 2.876536383500225e-07
43300.056 2.787714688520045e-07
43350.056 1.7160407525195356e-07
43400.056 2.2771493386300113e-07
43450.056 1.7920598464102479e-07
43500.056 1.9081524252102702e-07
43550.056 1.9763659669031902e-07
43600.056 2.606239899380292e-07
43650.056 1.8134680928350498e-07
43700.056 2.8968863603303743e-07
43750.056 2.525283531830076e-07
43800.056 2.3638454126497894e-07
43850.056 2.136889111080317e-07
43900.056 2.115554107359798e-07
43950.056 1.5080884084498137e-07
44000.056 1.4017198405400016e-07
44050.056 2.6572925697300664e-07
44100.056 3.268779477700051e-07
44150.056 3.10664291077993e-07
44200.056 2.726810607320007e-07
44250.056 1.845985799490005e-07
44300.056 1.548542783640275e-07
44350.056 1.792543575334411e-07
44400.056 1.6759174267398705e-07
44450.056 2.4684898485499774e-07
44500.056 2.3160512989104664e-07
44550.056 2.996060593299745e-07
44600.056 2.7205759016230926e-07
44650.056 2.4810095583902036e-07
44700.056 1.8024109743798924e-07
44750.056 2.4148102800805035e-07
44800.056 2.0235030960601795e-07
44850.056 2.6863984094002023e-07
44900.056 2.1066565938301223e-07
44950.056 2.402387879010145e-07
45000.056 2.6006684547000965e-07
45050.056 2.4797241637497745e-07
45100.056 2.386915369470065e-07
45150.056 2.3756219982987227e-07
45200.056 1.8889029467401329e-07
45250.056 2.158629342279477e-07
45300.056 1.875365833170261e-07
45350.056 1.787316925564131e-07
45400.056 3.0941332197002975e-07
45450.056 2.785942412040175e-07
45500.056 2.9583025410701567e-07
45550.056 3.1782631501992593e-07
45600.056 3.0857219820004064e-07
45650.056 2.584305820119935e-07
45700.056 1.9424530174799644e-07
45750.056 1.869229284352026e-07
45800.056 3.315689100490113e-07
45850.056 3.005963355479915e-07
45900.056 3.2845918992999896e-07
45950.056 2.7107834762199826e-07
46000.056 3.1028503855503545e-07
46050.056 2.479427010979956e-07
46100.056 3.4418105972997917e-07
46150.056 2.369683099230027e-07
46200.056 2.2064067160798947e-07
46250.056 1.2322859394528313e-07
46300.056 2.466210690519978e-07
46350.056 2.552702976480261e-07
46400.056 2.3572563674001047e-07
46450.056 2.1481516035301377e-07
46500.056 2.383369680680541e-07
46550.056 1.6184761653700972e-07
46600.056 2.1596517147057286e-07
46650.056 3.020193461430196e-07
46700.056 2.1625751030995455e-07
46750.056 1.4231572153761664e-07
46800.056 1.0696008647700652e-07
46850.056 2.9557637491903713e-07
46900.056 2.803121003669897e-07
46950.056 2.700259831239788e-07
47000.056 2.6279269456003756e-07
47050.056 2.1655032910852858e-07
47100.056 1.5942877973261755e-07
47150.056 2.1863553994603336e-07
47200.056 2.59424209941991e-07
47250.056 1.708899208739837e-07
47300.056 1.2127489726180285e-07
47350.056 2.94271791319994e-07
47400.056 2.537553056819776e-07
47450.056 2.378930108716329e-07
47500.056 2.851484361089731e-07
47550.056 2.517855331610086e-07
47600.056 2.523742972429837e-07
47650.056 2.5103445520697584e-07
47700.056 2.119628536775581e-07
47750.056 1.659477488090035e-07
47800.056 1.5691984286501478e-07
47850.056 1.0101139771621247e-07
47900.056 1.3846950126358364e-07
47950.056 2.315495007400054e-07
48000.056 2.964892849500257e-07
48050.056 2.6384058403198625e-07
48100.056 1.3671842088060963e-07
48150.056 2.1029917743600367e-07
48200.056 1.684097739721985e-07
48250.056 1.938167640380044e-07
48300.056 2.8086876224997145e-07
48350.056 1.848171702189985e-07
48400.056 8.058731612638335e-08
48450.056 1.520537779462338e-07
48500.056 2.0676900246296039e-07
48550.056 2.0587407104401522e-07
48600.056 2.180806331200039e-07
48650.056 2.6399466968998835e-07
48700.056 1.9893427121401664e-07
48750.056 1.3010614901305455e-07
48800.056 2.496327575070088e-07
48850.056 1.5901565199297165e-07
48900.056 2.2959116922818325e-07
48950.056 1.4765328713600608e-07
49000.056 8.374171332825902e-08
49050.056 2.02126091596972e-07
49100.056 2.2791377109873527e-07
49150.056 1.776127893982048e-07
49200.056 2.4771614585003816e-07
49250.056 2.395239017080253e-07
49300.056 2.108532408249957e-07
49350.056 1.1146684321912156e-07
49400.056 1.5646258524096596e-07
49450.056 1.6013126712504357e-07
49500.056 1.3182046484988865e-07
49550.056 5.1521695690102725e-08
49600.056 1.0752047095917858e-07
49650.056 1.598802754819907e-07
49700.056 1.6327135161895086e-07
49750.056 1.8808682300798511e-07
49800.056 1.4227368582759769e-07
49850.056 2.2238278524403543e-07
49900.056 1.8344041552598962e-07
49950.056 1.7439569101699875e-07
50000.056 1.5768665675057881e-07
50050.056 1.899671199409963e-07
50100.056 1.52272230855993e-07
50150.056 9.296433225698615e-08
50200.056 3.2225283154609956e-08
50250.056 1.2403646718199184e-07
50300.056 8.896150533221007e-08
50350.056 1.7895233820202078e-07
50400.056 1.7023974257898684e-07
50450.056 1.2927935151280323e-07
50500.056 1.8548302557401666e-07
50550.056 1.6805550864800836e-07
50600.056 1.2785868681497045e-07
50650.056 1.9097831028903108e-07
50700.056 1.9946275275396946e-07
50750.056 1.435834782980177e-07
50800.056 7.30806888069875e-08
50850.056 5.663724904912122e-08
50900.056 1.7827458668799836e-07
50950.056 1.4324500519900065e-07
51000.056 1.3636055346320958e-07
51050.056 1.5993572176698357e-07
51100.056 7.418752443625158e-08
51150.056 9.869924642364687e-08
51200.056 2.0428132756998885e-07
51250.056 1.3798258090097937e-07
51300.056 1.0353430266203607e-07
51350.056 1.1226793399458777e-07
51400.056 5.845514232090624e-08
51450.056 4.6681317136627054e-08
51500.056 4.582662001065652e-08
51550.056 1.2421823672741272e-07
51600.056 9.203139268711586e-08
51650.056 1.0461980047498547e-07
51700.056 1.1922073970096319e-07
51750.056 8.290300863175992e-08
51800.056 1.32052817484974e-07
51850.056 1.119214399579928e-07
51900.056 1.6238808363199986e-07
51950.056 1.1244839521598905e-07
52000.056 2.466181501899258e-08
52050.056 7.235468172870977e-08
52100.056 5.133606308999563e-08
52150.056 3.7372493155505575e-08
52200.056 6.163086595170014e-08
52250.056 8.517565050651676e-08
52300.056 1.2760543092399604e-07
52350.056 6.55154286976368e-08
52400.056 5.680064152960386e-08
52450.056 1.2703702598000964e-07
52500.056 1.1373184986656902e-07
52550.056 1.1102940954398782e-07
52600.056 8.470694018520051e-08
52650.056 9.655036512581375e-08
52700.056 7.631159512789817e-08
52750.056 4.42085265046748e-08
52800.056 6.351253283500737e-08
52850.056 7.194097127877855e-08
52900.056 5.191380859657546e-08
52950.056 6.400592245440495e-08
53000.056 9.155738265601116e-08
53050.056 4.547730216428857e-08
53100.056 9.294328746298929e-08
53150.056 1.1214063123501362e-07
53200.056 4.932221280259596e-08
53250.056 9.991424489300642e-08
53300.056 1.1766544838035046e-07
53350.056 9.562061392500071e-08
53400.056 7.531970420699362e-08
53450.056 3.809559161438996e-08
53500.056 1.365917938831512e-08
