galfind/configs/Brown_Dwarf_templates/sonora_bobcat/m-0.5/100g/sp_t2000g100nc_m-0.5_resample.dat
# %ECSV 1.0
# ---
# datatype:
# - {name: wav, unit: Angstrom, datatype: float64}
# - {name: flux_nu, unit: erg / (cm2 Hz s), datatype: float64}
# meta: {C/O: '1.00', Kzz: '1.0000E+05', Teff: '2000.', Y: '0.28', '[Fe/H]': '-0.50', f_hole: '1.00', f_rain: '0.00', grav: '100.'}
# schema: astropy-2.0
wav flux_nu
[from data line 498]
28900.056 1.380031056460077e-06
28950.056 1.9820226416398594e-06
29000.056 1.6344616734395785e-06
29050.056 1.723288275179943e-06
29100.056 1.4001275914201944e-06
29150.056 1.8286326456701793e-06
29200.056 1.5960206971502307e-06
29250.056 1.7796311956799975e-06
29300.056 1.48566862056939e-06
29350.056 2.0565170427497558e-06
29400.056 1.6789211586298571e-06
29450.056 1.6886947138699698e-06
29500.056 1.7692356879898096e-06
29550.056 1.7104817598201106e-06
29600.056 1.8599502387297874e-06
29650.056 1.754845281139882e-06
29700.056 1.6110385372598407e-06
29750.056 1.966062176040691e-06
29800.056 1.981494959709839e-06
29850.056 1.8608253129698025e-06
29900.056 1.7043373873605048e-06
29950.056 2.047587902959665e-06
30000.056 1.9947245136595494e-06
30050.056 1.8653483682499648e-06
30100.056 1.5842884345195702e-06
30150.056 2.3260817779198946e-06
30200.056 2.054484010790147e-06
30250.056 2.0147387809604405e-06
30300.056 1.959162578849787e-06
30350.056 1.9654853836503185e-06
30400.056 2.3432939589203783e-06
30450.056 1.8582853485202087e-06
30500.056 1.7713034523902079e-06
30550.056 2.3375333109303886e-06
30600.056 2.2320337201002475e-06
30650.056 2.2779841691000872e-06
30700.056 2.0846373186698764e-06
30750.056 2.051796742430026e-06
30800.056 2.4402757833405035e-06
30850.056 2.0939629384999182e-06
30900.056 2.0780196819798494e-06
30950.056 2.0212056784702323e-06
31000.056 2.358291631709968e-06
31050.056 2.125298024430011e-06
31100.056 2.129607291979906e-06
31150.056 2.2796353265596357e-06
31200.056 2.2531884949797802e-06
31250.056 2.4672401672603326e-06
31300.056 2.208696831569827e-06
31350.056 2.2163031719899774e-06
31400.056 2.2063736674704925e-06
31450.056 2.2772237576800155e-06
31500.056 2.276559692270178e-06
31550.056 2.148538417719969e-06
31600.056 2.211291370739822e-06
31650.056 2.3586512798899025e-06
31700.056 2.314046120399876e-06
31750.056 2.1074189737502273e-06
31800.056 2.429350555000089e-06
31850.056 2.5393781150802404e-06
31900.056 2.614489119449812e-06
31950.056 2.056132043829887e-06
32000.056 2.2034680067602823e-06
32050.056 2.5646262919903197e-06
32100.056 2.580258680769744e-06
32150.056 2.6219321005699403e-06
32200.056 2.482975148619941e-06
32250.056 2.4474678442701918e-06
32300.056 2.5388700296900404e-06
32350.056 2.8307029519004588e-06
32400.056 2.458218906030053e-06
32450.056 2.505923099620112e-06
32500.056 2.7100000411002776e-06
32550.056 3.01059776780006e-06
32600.056 2.927439665579807e-06
32650.056 2.8856264329007193e-06
32700.056 2.7863926004002353e-06
32750.056 2.847706591590031e-06
32800.056 2.615052130400216e-06
32850.056 3.120627334029698e-06
32900.056 3.0466657056100213e-06
32950.056 2.645602852009854e-06
33000.056 2.8443342331202173e-06
33050.056 2.8926476780996496e-06
33100.056 2.9118365371093076e-06
33150.056 2.595487746910162e-06
33200.056 2.1615821777898326e-06
33250.056 2.3402157255196677e-06
33300.056 2.355997734020503e-06
33350.056 2.380641507860083e-06
33400.056 2.255620861019662e-06
33450.056 2.471779902809432e-06
33500.056 2.7738150020002944e-06
33550.056 2.677442157549851e-06
33600.056 2.864404843760519e-06
33650.056 3.0390208072406855e-06
33700.056 3.0688031097596284e-06
33750.056 3.1593266629400646e-06
33800.056 2.9743909357698866e-06
33850.056 3.021292831800237e-06
33900.056 3.3897700573995398e-06
33950.056 3.03974709899972e-06
34000.056 3.060162115119368e-06
34050.056 3.0635477745597404e-06
34100.056 3.2669488787204135e-06
34150.056 3.1608795961994434e-06
34200.056 3.0219323809894335e-06
34250.056 3.400006702399629e-06
34300.056 3.013073002599186e-06
34350.056 3.1732675577999025e-06
34400.056 3.0416051050297885e-06
34450.056 2.969207341900126e-06
34500.056 3.297204941300531e-06
34550.056 3.0362199805497853e-06
34600.056 3.2198237331399757e-06
34650.056 3.2718118452001067e-06
34700.056 3.206159627299386e-06
34750.056 3.449473845400256e-06
34800.056 3.3939690732996523e-06
34850.056 3.1201891835000692e-06
34900.056 3.2644331263002403e-06
34950.056 3.21679856269942e-06
35000.056 3.180304603539695e-06
35050.056 3.641704166400695e-06
35100.056 3.329782887699501e-06
35150.056 3.411985755939873e-06
35200.056 3.430629081399838e-06
35250.056 3.2024311634002325e-06
35300.056 3.409222538300168e-06
35350.056 3.554616665899833e-06
35400.056 3.3273497043998175e-06
35450.056 3.2488787132003696e-06
35500.056 3.606087383799885e-06
35550.056 3.463689428299861e-06
35600.056 3.2739305303995875e-06
35650.056 3.7207960219004027e-06
35700.056 3.3278466161002695e-06
35750.056 3.4682427955996888e-06
35800.056 3.6551344330997515e-06
35850.056 3.5583928145000002e-06
35900.056 3.844819781699635e-06
35950.056 3.613788216099875e-06
36000.056 3.3794860740996925e-06
36050.056 3.831030527800322e-06
36100.056 3.907745332299498e-06
36150.056 3.4766012692004674e-06
36200.056 3.8349334990996526e-06
36250.056 3.5664478651994946e-06
36300.056 4.055748203300488e-06
36350.056 3.7992922602995363e-06
36400.056 3.7573901049999816e-06
36450.056 4.087891040199685e-06
36500.056 3.778652781200232e-06
36550.056 3.73783506630059e-06
36600.056 3.7514229179002467e-06
36650.056 3.892215441500276e-06
36700.056 4.142434838900015e-06
36750.056 3.7473422315003e-06
36800.056 3.9069452894998054e-06
36850.056 4.01258038270021e-06
36900.056 3.987522234100505e-06
36950.056 3.984704561099954e-06
37000.056 4.080129205699951e-06
37050.056 4.159317820999848e-06
37100.056 4.026132789000403e-06
37150.056 4.030792157499372e-06
37200.056 4.156508958500014e-06
37250.056 4.17891189380012e-06
37300.056 4.2254641727006475e-06
37350.056 3.954352546400463e-06
37400.056 4.1582175255998215e-06
37450.056 4.069582058400219e-06
37500.056 4.237912615099729e-06
37550.056 4.137934290999387e-06
37600.056 4.331514903399633e-06
37650.056 4.074806549999775e-06
37700.056 4.211503876300026e-06
37750.056 4.308852797899612e-06
37800.056 4.378943573299837e-06
37850.056 4.2350486410998515e-06
37900.056 4.302335173000319e-06
37950.056 4.333855452600145e-06
38000.056 4.308595931700405e-06
38050.056 4.307973093300297e-06
38100.056 4.14952609710022e-06
38150.056 4.434293651499675e-06
38200.056 4.468507877199636e-06
38250.056 4.182678477800458e-06
38300.056 4.14670653409998e-06
38350.056 4.294171590699933e-06
38400.056 4.37419382169981e-06
38450.056 4.460908700400257e-06
38500.056 4.303373540299866e-06
38550.056 4.329311602200237e-06
38600.056 4.668083242499871e-06
38650.056 4.19295670370009e-06
38700.056 4.2278075296006456e-06
38750.056 4.4370884482999385e-06
38800.056 4.363158474000517e-06
38850.056 4.345958800600151e-06
38900.056 4.190031021799879e-06
38950.056 4.4423825454998415e-06
39000.056 4.321494983500119e-06
39050.056 4.400931362399919e-06
39100.056 4.1642833366000625e-06
39150.056 4.303352292500143e-06
39200.056 4.403421866900099e-06
39250.056 4.368047571199502e-06
39300.056 4.366197817199438e-06
39350.056 4.344973261400362e-06
39400.056 4.296701998400107e-06
39450.056 4.324168025299885e-06
39500.056 4.2216672851997596e-06
39550.056 4.16984769429939e-06
39600.056 4.483877104200063e-06
39650.056 4.09294102530008e-06
39700.056 4.224447271499914e-06
39750.056 4.234320458799617e-06
39800.056 4.009016279700236e-06
39850.056 4.169697072199779e-06
39900.056 4.0649209141998685e-06
39950.056 4.236819923599833e-06
40000.056 3.929396749699805e-06
40050.056 3.7332903974999647e-06
40100.056 3.972476285299803e-06
40150.056 3.7645141722992587e-06
40200.056 3.923856704499791e-06
40250.056 3.796073158699076e-06
40300.056 3.620079673800433e-06
40350.056 3.8095542326001338e-06
40400.056 3.826771109200006e-06
40450.056 3.5338743694004664e-06
40500.056 3.3509677125001145e-06
40550.056 3.845278339299704e-06
40600.056 3.4089910965002943e-06
40650.056 3.627880948400482e-06
40700.056 3.7762457243001243e-06
40750.056 3.3641984463990457e-06
40800.056 3.323710162900342e-06
40850.056 3.1423958509006977e-06
40900.056 3.1561335056004223e-06
40950.056 3.327897059399973e-06
41000.056 3.4179842163001093e-06
41050.056 3.3600463750994e-06
41100.056 3.1520394172001503e-06
41150.056 3.408777946400078e-06
41200.056 3.2184073108001086e-06
41250.056 3.262779189600214e-06
41300.056 2.877777081599664e-06
41350.056 3.3400998913000908e-06
41400.056 3.119387414300121e-06
41450.056 3.079199999700006e-06
41500.056 3.284737979600206e-06
41550.056 3.204418423920082e-06
41600.056 3.2338841242000735e-06
41650.056 2.968297359300391e-06
41700.056 2.8538334547996526e-06
41750.056 3.0888489286999613e-06
41800.056 3.0765952985397717e-06
41850.056 2.7289952021003986e-06
41900.056 3.1611756906096694e-06
41950.056 2.9875459915003617e-06
42000.056 3.030128842200268e-06
42050.056 2.7793151921692578e-06
42100.056 3.12153973960029e-06
42150.056 2.592206430209611e-06
42200.056 2.653318242900178e-06
42250.056 2.99818975089982e-06
42300.056 2.751184705600056e-06
42350.056 3.0285071195005274e-06
42400.056 2.733979977400222e-06
42450.056 2.4425305615500608e-06
42500.056 2.520916046350227e-06
42550.056 2.7083084686798953e-06
42600.056 2.661633798400368e-06
42650.056 2.6658900784991307e-06
42700.056 2.725832920900375e-06
42750.056 2.56730589820005e-06
42800.056 2.6481664363202413e-06
42850.056 2.839128657999639e-06
42900.056 2.7664811071201845e-06
42950.056 2.3794520972691604e-06
43000.056 2.582301215020025e-06
43050.056 2.369800650810947e-06
43100.056 2.5153510050997514e-06
43150.056 2.557695349340483e-06
43200.056 2.41131812360001e-06
43250.056 2.4969635829802596e-06
43300.056 2.5041882444001085e-06
43350.056 2.268735968819532e-06
43400.056 2.302984666869787e-06
43450.056 2.2722614311204733e-06
43500.056 2.246642216899662e-06
43550.056 2.269126214979972e-06
43600.056 2.4010887406001055e-06
43650.056 2.1053003180501266e-06
43700.056 2.1219106611000723e-06
43750.056 2.1425418650701275e-06
43800.056 2.0260134260499774e-06
43850.056 2.0371980928004326e-06
43900.056 2.1036724909799615e-06
43950.056 1.955176903060026e-06
44000.056 1.7837862112400293e-06
44050.056 1.775868490280083e-06
44100.056 1.91677794174031e-06
44150.056 1.9960310541498412e-06
44200.056 1.8186648825401459e-06
44250.056 1.7796705934299328e-06
44300.056 1.7054430222002973e-06
44350.056 1.6663400398501692e-06
44400.056 1.743434655649901e-06
44450.056 1.796626787540113e-06
44500.056 1.749282997150251e-06
44550.056 1.5880328353996738e-06
44600.056 1.5951165143301906e-06
44650.056 1.7380251411799902e-06
44700.056 1.5764119321201458e-06
44750.056 1.6520549725597939e-06
44800.056 1.6239513098899529e-06
44850.056 1.6334126573101201e-06
44900.056 1.530961160500179e-06
44950.056 1.4449888538200796e-06
45000.056 1.5728939511999375e-06
45050.056 1.5721545127198365e-06
45100.056 1.6204667863399893e-06
45150.056 1.490570497850009e-06
45200.056 1.3659841624399564e-06
45250.056 1.435502797849875e-06
45300.056 1.5634114996600824e-06
45350.056 1.5991081881498553e-06
45400.056 1.4904611642301856e-06
45450.056 1.375308487389792e-06
45500.056 1.4314754886599261e-06
45550.056 1.5863784390299238e-06
45600.056 1.4493499949099642e-06
45650.056 1.3263177670897591e-06
45700.056 1.531827877770118e-06
45750.056 1.3989782111700073e-06
45800.056 1.3773709938299553e-06
45850.056 1.6411671472199802e-06
45900.056 1.6130310056200378e-06
45950.056 1.4097120009299807e-06
46000.056 1.680434578360009e-06
46050.056 1.6846910134203814e-06
46100.056 1.372456000480116e-06
46150.056 1.463002757479918e-06
46200.056 1.5909584895203577e-06
46250.056 1.3198986937399873e-06
46300.056 1.7254960626699742e-06
46350.056 1.4406913445198563e-06
46400.056 1.4995540984098298e-06
46450.056 1.5249184283402526e-06
46500.056 1.406926412589896e-06
46550.056 1.6936731035899948e-06
46600.056 1.5679849571200273e-06
46650.056 1.9693227106398694e-06
46700.056 1.8568517103305577e-06
46750.056 1.4842824874599235e-06
46800.056 1.6155478896702373e-06
46850.056 1.7314948290601593e-06
46900.056 1.624681991479729e-06
46950.056 1.855312040440044e-06
47000.056 1.5645797157200005e-06
47050.056 1.8104912423098055e-06
47100.056 1.4439535302400867e-06
47150.056 1.6295958232102177e-06
47200.056 1.6954157646204422e-06
47250.056 1.5418697657297302e-06
47300.056 1.6404605858696475e-06
47350.056 1.3674681547197734e-06
47400.056 1.6835953546596489e-06
47450.056 1.5562994566598704e-06
47500.056 1.6562709595397435e-06
47550.056 1.5253896162498445e-06
47600.056 1.7230579282498484e-06
47650.056 1.2669413114597002e-06
47700.056 1.7496088003700123e-06
47750.056 1.2150852389303033e-06
47800.056 1.6958978697198638e-06
47850.056 1.294465125189811e-06
47900.056 1.7196364890300935e-06
47950.056 1.294138080890252e-06
48000.056 1.9103163906999915e-06
48050.056 1.4204421241102366e-06
48100.056 1.5807298730499466e-06
48150.056 1.4120225238901807e-06
48200.056 1.7330408901602102e-06
48250.056 1.4223568944799787e-06
48300.056 1.871092988399778e-06
48350.056 1.2633818885297903e-06
48400.056 1.6866638101899752e-06
48450.056 1.3704263898000598e-06
48500.056 1.8879087078200258e-06
48550.056 1.2780433811300162e-06
48600.056 1.7724605078698433e-06
48650.056 1.322359113449982e-06
48700.056 1.7226140507101016e-06
48750.056 1.1849555409201221e-06
48800.056 1.878517370430115e-06
48850.056 1.2955389606097475e-06
48900.056 1.7494746708001515e-06
48950.056 1.5188957964600214e-06
49000.056 1.5381242903099117e-06
49050.056 1.6357196453299086e-06
49100.056 1.495053980840143e-06
49150.056 1.5604036858299903e-06
49200.056 1.490895634159928e-06
49250.056 1.5477963163700058e-06
49300.056 1.3657872961198086e-06
49350.056 1.4750939734899335e-06
49400.056 1.7209295344801085e-06
49450.056 1.4640900838603295e-06
49500.056 1.5256769080901266e-06
49550.056 1.352049927489935e-06
49600.056 1.4622291449402936e-06
49650.056 1.529244150820075e-06
49700.056 1.3099911977898918e-06
49750.056 1.994212279659755e-06
49800.056 1.4635947087500635e-06
49850.056 1.8687411206000655e-06
49900.056 1.484285652060078e-06
49950.056 1.5514608629596553e-06
50000.056 1.53533255174964e-06
50050.056 1.5415958585701078e-06
50100.056 1.6764764946098993e-06
50150.056 1.4192722218300212e-06
50200.056 1.337615585040157e-06
50250.056 1.53190408357011e-06
50300.056 1.409892738509894e-06
50350.056 1.6909976540099568e-06
50400.056 1.4719033463799433e-06
50450.056 1.4670148022201996e-06
50500.056 1.8824151246002382e-06
50550.056 1.507396893899925e-06
50600.056 1.6447428372800204e-06
50650.056 1.5289981122803228e-06
50700.056 1.7159359457796184e-06
50750.056 1.761211376420217e-06
50800.056 1.2897773765098482e-06
50850.056 1.5629840928502155e-06
50900.056 1.6389522060299415e-06
50950.056 1.6524864989302836e-06
51000.056 1.9247491149701746e-06
51050.056 1.473513685710184e-06
51100.056 1.4492724833099118e-06
51150.056 1.6701843115699412e-06
51200.056 1.5371382822199495e-06
51250.056 1.7358635858000126e-06
51300.056 1.4187468782403973e-06
51350.056 1.656055115689825e-06
51400.056 1.5649969523996443e-06
51450.056 1.1475523776298274e-06
51500.056 1.5835501989000438e-06
51550.056 1.955985330080173e-06
51600.056 1.298802462400006e-06
51650.056 1.601144634099759e-06
51700.056 1.477368600559545e-06
51750.056 1.4210513020200753e-06
51800.056 1.712785278099736e-06
51850.056 1.6580154074397866e-06
51900.056 1.7659438030002254e-06
51950.056 1.603406716519844e-06
52000.056 1.380368404689962e-06
52050.056 1.6342273227598703e-06
52100.056 1.5327688608297536e-06
52150.056 1.550684775000117e-06
52200.056 1.4921931321800792e-06
52250.056 1.5279324566399688e-06
52300.056 1.66804802031997e-06
52350.056 1.7911163557601801e-06
52400.056 1.3162401380801574e-06
52450.056 1.5304801059000078e-06
52500.056 1.7233359731496633e-06
52550.056 1.5877810467996033e-06
52600.056 1.6365687682201442e-06
52650.056 1.8310542236402491e-06
52700.056 1.5439153456400535e-06
52750.056 1.305868714679876e-06
52800.056 1.4577254863701197e-06
52850.056 1.3756301230398907e-06
52900.056 1.5823497566400758e-06
52950.056 1.5097358368798145e-06
53000.056 1.7191251368998606e-06
53050.056 1.5492117692197078e-06
53100.056 1.4665392024897565e-06
53150.056 1.785452885220294e-06
53200.056 1.2553639474202063e-06
53250.056 1.7419221798999584e-06
53300.056 1.72331422961062e-06
53350.056 1.7192660694597926e-06
53400.056 1.5644422355301054e-06
