galfind/configs/Brown_Dwarf_templates/sonora_bobcat/m-0.5/100g/sp_t525g100nc_m-0.5_resample.dat
# %ECSV 1.0
# ---
# datatype:
# - {name: wav, unit: Angstrom, datatype: float64}
# - {name: flux_nu, unit: erg / (cm2 Hz s), datatype: float64}
# meta: {C/O: '1.00', Kzz: '1.0000E+05', Teff: '525.', Y: '0.28', '[Fe/H]': '-0.50', f_hole: '1.00', f_rain: '0.00', grav: '100.'}
# schema: astropy-2.0
wav flux_nu
4000.0559999999996 nan
4050.0559999999996 5.573017754447993e-17
4100.056 2.152456794483056e-14
4150.056 2.2330488784600188e-13
4200.056 2.1674564992308603e-13
4250.056 1.5151864004300124e-12
4300.056 2.9966251073000364e-12
4350.056 4.583787988300013e-12
4400.056 6.772441186700034e-12
4450.056 9.873388995300106e-12
4500.056 1.2311149003800076e-11
4550.056 1.1909251819929906e-11
4600.056 3.266785240199985e-12
4650.056 1.7499416225999914e-12
4700.056 6.880757776399926e-13
4750.056 1.401498966119976e-13
4800.056 2.4400144302899633e-14
4850.056 4.5772161766999335e-15
4900.056 1.6347593237999884e-15
4950.056 9.391204368099955e-16
5000.056 6.111074212399969e-16
5050.056 4.938968691100022e-16
5100.056 5.397849455800018e-16
5150.056 6.067799809200006e-16
5200.056 6.8026578276999985e-16
5250.056 7.702090561000003e-16
5300.056 8.727340784800003e-16
5350.056 9.941794907200016e-16
5400.056 1.1416704592000014e-15
5450.056 1.2976968542000005e-15
5500.056 1.4610707464000026e-15
5550.056 1.6227875598000024e-15
5600.056 1.7723000719000001e-15
5650.056 1.888388822200001e-15
5700.056 1.9405308512000013e-15
5750.056 1.8710682567999985e-15
5800.056 1.6715787835999958e-15
5850.056 1.1718057855899865e-15
5900.056 3.723058990028782e-16
5950.056 2.4225019753000447e-15
6000.056 5.275529986500033e-15
6050.056 9.613466225900088e-15
6100.056 1.5653722920000095e-14
6150.056 2.368350069100013e-14
6200.056 3.4421330293000157e-14
6250.056 4.8937665075000195e-14
6300.056 6.84640637890003e-14
6350.056 9.469610884900046e-14
6400.056 1.292971494200005e-13
6450.056 1.6962593103999912e-13
6500.056 2.252220311000008e-13
6550.056 2.9878463457999813e-13
6600.056 3.9429014150000735e-13
6650.056 5.213482754900027e-13
6700.056 6.64938750690006e-13
6750.056 8.879551834600035e-13
6800.056 1.1138684246500057e-12
6850.056 1.3027080058000025e-12
6900.056 1.338163649880017e-12
6950.056 1.304554534639998e-12
7000.056 1.4431424296599996e-12
7050.056 1.5941715592299837e-12
7100.056 1.7983801497999905e-12
7150.056 1.7501150911339715e-12
7200.056 1.7364958576259844e-12
7250.056 1.887337430039919e-12
7300.056 1.9376017107631064e-12
7350.056 2.1078690621599733e-12
7400.056 2.2382749022000568e-12
7450.056 2.3282784917000477e-12
7500.056 2.2987223496000003e-12
7550.056 2.1348828352999955e-12
7600.056 1.8598039771999903e-12
7650.056 5.691630085619741e-13
7700.056 3.8931628856901657e-13
7750.056 1.8187433247000306e-12
7800.056 3.0626968982600285e-12
7850.056 5.054298402300013e-12
7900.056 6.921553928199977e-12
7950.056 7.948597207340062e-12
8000.056 1.1478998486600111e-11
8050.056 1.4170795676000177e-11
8100.056 1.514575941789961e-11
8150.056 1.6235228451820105e-11
8200.056 2.290879031666096e-11
8250.056 2.6152843858710584e-11
8300.056 3.1967660160720864e-11
8350.056 3.763713880069881e-11
8400.056 4.583265817319969e-11
8450.056 5.869996547699974e-11
8500.056 6.761042745399814e-11
8550.056 8.696284595700173e-11
8600.056 1.0843292689400089e-10
8650.056 1.3038458268000118e-10
8700.056 1.529296682200015e-10
8750.056 1.8242004542000131e-10
8800.056 2.125727999600013e-10
8850.056 2.2994273288999788e-10
8900.056 1.5919220748899152e-10
8950.056 1.5500197151278758e-10
9000.056 1.765997850557878e-10
9050.056 3.534336452276805e-10
9100.056 4.2599181901366956e-10
9150.056 4.994683929927307e-10
9200.056 6.697113865723562e-10
9250.056 6.748978526632912e-10
9300.056 1.7763961812649548e-10
9350.056 2.4776447411564483e-10
9400.056 5.424857828284341e-10
9450.056 5.75319590443381e-10
9500.056 5.317997977191924e-10
9550.056 5.984315566295051e-10
9600.056 6.442735037120267e-10
9650.056 8.903238739017483e-10
9700.056 1.4925241403244349e-09
9750.056 1.557241871541156e-09
9800.056 1.8520888726373315e-09
9850.056 2.2161204231339655e-09
9900.056 2.870745023180082e-09
9950.056 3.1774092439901113e-09
10000.056 2.867227951465951e-09
10050.056 4.011467528400039e-09
10100.056 4.495008177200019e-09
10150.056 4.556671605200026e-09
10200.056 4.408309172500243e-09
10250.056 5.176216633780133e-09
10300.056 6.315427584429588e-09
10350.056 5.8899398194502074e-09
10400.056 7.470484821300161e-09
10450.056 8.556643097299004e-09
10500.056 9.517149118999784e-09
10550.056 1.0586026565400094e-08
10600.056 1.1082456687599978e-08
10650.056 1.1321428747500139e-08
10700.056 1.0987656541900091e-08
10750.056 1.1020797559500117e-08
10800.056 1.0738215098100106e-08
10850.056 1.0081544431600095e-08
10900.056 8.366424946999823e-09
10950.056 5.133261298810062e-09
11000.056 3.4508534723614756e-09
11050.056 2.067684489088034e-09
11100.056 1.2417275661607462e-09
11150.056 6.227881018724552e-10
11200.056 5.505301380642487e-10
11250.056 6.994749667035131e-10
11300.056 8.876372536923622e-10
11350.056 3.3134765605693793e-10
11400.056 1.1193765939868615e-09
11450.056 7.396379137156442e-10
11500.056 6.693678243897627e-10
11550.056 2.247721612332377e-10
11600.056 1.726110309142853e-10
11650.056 4.4764134399568524e-10
11700.056 5.381831781600106e-10
11750.056 1.7798625640958898e-10
11800.056 7.586814607893079e-10
11850.056 1.1341312159010311e-09
11900.056 1.3320335365619212e-09
11950.056 1.8909301736702727e-09
12000.056 2.652280328353338e-09
12050.056 3.6740609060801294e-09
12100.056 4.656820028290313e-09
12150.056 6.071893058729695e-09
12200.056 7.030277668650225e-09
12250.056 9.005391735229172e-09
12300.056 1.1831823316400576e-08
12350.056 1.298545084429984e-08
12400.056 1.6582284036499517e-08
12450.056 2.032436603100043e-08
12500.056 2.262237323780169e-08
12550.056 2.549420782859961e-08
12600.056 2.8740506410701074e-08
12650.056 3.103453571579957e-08
12700.056 3.178585326100068e-08
12750.056 2.7454278705300984e-08
12800.056 2.3524720871799788e-08
12850.056 1.7252111794800257e-08
12900.056 1.4402287961771613e-08
12950.056 1.269660611387101e-08
13000.056 1.3375378197521893e-08
13050.056 1.011835027613332e-08
13100.056 9.981171457581153e-09
13150.056 7.0959428997943806e-09
13200.056 6.967173857349196e-09
13250.056 5.445893203862349e-09
13300.056 2.321512779952294e-09
13350.056 7.762484529098213e-10
13400.056 3.1360383691624997e-10
13450.056 1.1699323978979633e-10
13500.056 4.9867551619216155e-11
13550.056 2.0477106175974287e-11
13600.056 6.598349345063704e-12
13650.056 3.840339005318682e-11
13700.056 2.153808833283299e-11
13750.056 5.0950988042485945e-11
13800.056 5.371512646464498e-11
13850.056 2.703385216142188e-11
13900.056 3.5967954954599935e-11
13950.056 3.3640857455776165e-11
14000.056 3.7756621339205736e-11
14050.056 6.063818416600085e-11
14100.056 5.080476743764755e-11
14150.056 9.411474837525783e-11
14200.056 6.04384115808709e-11
14250.056 7.719565746627883e-11
14300.056 2.062097341032566e-10
14350.056 1.8594302191020826e-10
14400.056 1.9180604174576745e-10
14450.056 3.078448875678017e-10
14500.056 6.260471250847851e-10
14550.056 6.388907707736818e-10
14600.056 8.742289916973419e-10
14650.056 5.354721110347187e-10
14700.056 2.6730343517470757e-10
14750.056 1.750157966846459e-10
14800.056 2.7102504606515535e-10
14850.056 3.245954479199695e-10
14900.056 3.2820229616719393e-10
14950.056 2.8072001448662173e-10
15000.056 6.466415067897773e-10
15050.056 5.730447206940484e-10
15100.056 3.816903684982083e-10
15150.056 2.4729270079046187e-10
15200.056 5.3357707316933e-10
15250.056 1.0274964849793136e-09
15300.056 1.2670227779496618e-09
15350.056 1.5462033541051652e-09
15400.056 2.0475651325362505e-09
15450.056 2.593251487409097e-09
15500.056 3.0895436019766452e-09
15550.056 4.491286244210943e-09
15600.056 6.005098264964547e-09
15650.056 8.390759633660823e-09
15700.056 1.1186564978400167e-08
15750.056 1.316486689690018e-08
15800.056 1.4773528617699925e-08
15850.056 1.6528123406500932e-08
15900.056 1.6582688403400225e-08
15950.056 1.6554653280999405e-08
16000.056 1.4105168484200816e-08
16050.056 9.931329822299418e-09
16100.056 6.806693497319537e-09
16150.056 4.133320186154717e-09
16200.056 2.3293977558970036e-09
16250.056 1.6699545211880992e-09
16300.056 1.1458983194305555e-09
16350.056 1.4218290754573632e-09
16400.056 1.6829972112435315e-09
16450.056 1.6491885528082107e-09
16500.056 1.5353437105790839e-09
16550.056 1.5095018526131512e-09
16600.056 2.1290842836542634e-09
16650.056 1.4482007820949815e-09
16700.056 3.1157025959892474e-10
16750.056 9.005897328057782e-10
16800.056 1.378791091994376e-09
16850.056 1.4591073466104553e-09
16900.056 8.880580581251915e-10
16950.056 6.059932248770943e-10
17000.056 3.6952272151169904e-10
17050.056 6.79919156572622e-10
17100.056 1.0266283893699416e-09
17150.056 6.649001539189619e-10
17200.056 1.6118148875730634e-09
17250.056 1.0064246279365788e-09
17300.056 7.276680888695073e-10
17350.056 7.810682190798402e-10
17400.056 1.1188973264407225e-09
17450.056 1.3427199172044649e-09
17500.056 1.6146372492496683e-09
17550.056 1.4046252374878879e-09
17600.056 1.1450087714531699e-09
17650.056 1.0055086873352215e-09
17700.056 8.333268437241846e-10
17750.056 7.260986978397599e-10
17800.056 1.248638542120414e-09
17850.056 7.113881047525006e-10
17900.056 5.576013231533291e-10
17950.056 4.2612906281130624e-10
18000.056 6.127027356271607e-10
18050.056 4.264751122397843e-10
18100.056 5.084180639548977e-10
18150.056 4.675744938159492e-10
18200.056 3.130410136457746e-10
18250.056 8.510820856769119e-10
18300.056 2.7696639294061314e-10
18350.056 2.2719468011157354e-10
18400.056 1.7273164326947978e-10
18450.056 5.139359538637503e-10
18500.056 4.783336659877567e-10
18550.056 3.100720281555567e-10
18600.056 3.5105644631336373e-10
18650.056 2.4812805431931335e-10
18700.056 1.0340579764487579e-10
18750.056 2.0802257400511714e-10
18800.056 6.731989185381207e-10
18850.056 6.34947004103753e-10
18900.056 5.661264380264287e-10
18950.056 8.090306526112315e-10
19000.056 3.4237516562075653e-10
19050.056 1.7616611515290554e-10
19100.056 3.3647497438532075e-10
19150.056 1.7311061516753345e-10
19200.056 2.2516198592241035e-10
19250.056 1.6594689437725925e-10
19300.056 1.2665075482066885e-10
19350.056 1.097859411029797e-10
19400.056 9.500690268580494e-11
19450.056 1.4445127512391605e-10
19500.056 1.1706696908754052e-10
19550.056 1.597455166423602e-10
19600.056 2.7809472098644323e-10
19650.056 2.198580296344373e-10
19700.056 2.6673780803495575e-10
19750.056 3.6822709431265795e-10
19800.056 2.80749895662392e-10
19850.056 3.407511336411137e-10
19900.056 4.0866865337832306e-10
19950.056 5.329486954590102e-10
20000.056 6.201383129561363e-10
20050.056 5.159834191203431e-10
20100.056 7.897720722138131e-10
20150.056 5.03306634733452e-10
20200.056 3.971790584889119e-10
20250.056 6.499524087000592e-10
20300.056 7.252337375388778e-10
20350.056 7.282213417173156e-10
20400.056 6.849344461210499e-10
20450.056 9.95843520002706e-10
20500.056 1.1012967242264026e-09
20550.056 1.1717516942511486e-09
20600.056 1.2228810776752565e-09
20650.056 1.3949266450478759e-09
20700.056 1.4878278510880917e-09
20750.056 1.5626067378798784e-09
20800.056 1.5322196732597243e-09
20850.056 1.6612734403600403e-09
20900.056 1.6972239787998707e-09
20950.056 1.6563516845100908e-09
21000.056 1.630975475680044e-09
21050.056 1.6765366578999333e-09
21100.056 1.6318453383400438e-09
21150.056 1.6277880080198831e-09
21200.056 1.5759942884500967e-09
21250.056 1.5211956685698223e-09
21300.056 1.4084260897799563e-09
21350.056 1.381884543540102e-09
21400.056 1.3930531340802106e-09
21450.056 1.2351374273888911e-09
21500.056 1.1618160069203392e-09
21550.056 1.0737505065894919e-09
21600.056 9.85268020263946e-10
21650.056 8.11966652240259e-10
21700.056 8.033892859568505e-10
21750.056 7.256643006683489e-10
21800.056 5.793461732404462e-10
21850.056 5.517734892670542e-10
21900.056 4.3867947483116863e-10
21950.056 2.3604688978830647e-10
22000.056 6.0986832604567e-11
22050.056 7.80355462230796e-11
22100.056 2.3496045282144387e-10
22150.056 1.92475796706803e-10
22200.056 2.015441041939832e-10
22250.056 1.7210377465578473e-10
22300.056 1.0345269895983237e-10
22350.056 1.2645423547038934e-10
22400.056 5.793166153270624e-11
22450.056 7.787546668141495e-11
22500.056 6.318068342645014e-11
22550.056 4.392794646084701e-11
22600.056 3.755586804923222e-11
22650.056 6.102921687216017e-11
22700.056 5.125715606666597e-11
22750.056 6.072095134493179e-11
22800.056 6.741453432150255e-11
22850.056 5.0466362669240014e-11
22900.056 3.8770743463411325e-11
22950.056 3.5737156149760524e-11
23000.056 4.438471303833103e-11
23050.056 5.6089321339190114e-11
23100.056 1.9650393305177012e-10
23150.056 1.6235941772611376e-10
23200.056 1.446643066531233e-11
23250.056 4.822026319006205e-11
23300.056 4.2679803085294856e-11
23350.056 5.5106500304420424e-11
23400.056 4.5999673907980896e-11
23450.056 3.360292281767944e-11
23500.056 3.6789846483746865e-11
23550.056 6.26111168905916e-11
23600.056 1.0013566821759804e-10
23650.056 1.347409480677342e-10
23700.056 3.6598031826859216e-11
23750.056 3.712762909627912e-11
23800.056 1.1548641520173446e-10
23850.056 8.677510770497583e-11
23900.056 1.6577742402966924e-10
23950.056 1.089295298602325e-10
24000.056 1.948750417673798e-10
24050.056 2.189296469258422e-10
24100.056 2.2726037134461157e-10
24150.056 3.1309289621191196e-10
24200.056 2.354117656469773e-10
24250.056 2.0392230149071757e-10
24300.056 3.380981040706534e-10
24350.056 2.8549545691651287e-10
24400.056 5.04466342562528e-10
24450.056 5.428176577934956e-10
24500.056 5.029127714202706e-10
24550.056 7.080496342815261e-10
24600.056 7.56715986515125e-10
24650.056 1.0127288336075012e-09
24700.056 7.248135213014492e-10
24750.056 8.886949017886028e-10
24800.056 8.286883210022661e-10
24850.056 1.2774307754844524e-09
24900.056 6.392977986917477e-10
24950.056 1.2110020962326914e-09
25000.056 1.1640430402864609e-09
25050.056 7.728348305342247e-10
25100.056 1.1842399015275003e-09
25150.056 6.458698044985914e-10
25200.056 9.466209292720742e-10
25250.056 4.3013113794057314e-10
25300.056 6.411375445872548e-10
25350.056 3.0999714163419476e-10
25400.056 7.378785855305625e-10
25450.056 2.717134340271894e-10
25500.056 2.391391754226089e-10
25550.056 4.466550751148807e-10
25600.056 2.6839834465274854e-10
25650.056 1.403204349079997e-10
25700.056 2.129484586740267e-10
25750.056 6.005287538571112e-11
25800.056 3.1457042183927113e-10
25850.056 6.607349397577021e-11
25900.056 9.787815476767408e-11
25950.056 2.6651673588928365e-11
26000.056 2.9484510743000934e-10
26050.056 4.471839131534182e-11
26100.056 2.1160248676838107e-10
26150.056 1.026799172821332e-10
26200.056 1.259108564149005e-10
26250.056 6.990285141716079e-10
26300.056 1.8445136773211165e-10
26350.056 9.935565117052113e-10
26400.056 1.183004484984091e-09
26450.056 9.400457211409195e-10
26500.056 1.7471567657728975e-09
26550.056 2.8862463834874104e-10
26600.056 3.774573513782306e-10
26650.056 6.14813543532491e-11
26700.056 3.827945437863932e-11
26750.056 4.4519352161451586e-11
26800.056 1.2942242031593792e-10
26850.056 6.918793962931597e-11
26900.056 3.386637211002577e-10
26950.056 1.1635809299484416e-10
27000.056 6.209292980780286e-10
27050.056 6.522732507554747e-10
27100.056 1.1185467104963209e-10
27150.056 8.814817850347544e-10
27200.056 1.1179070077104607e-10
27250.056 3.321896945975855e-10
27300.056 1.8657582905361396e-09
27350.056 7.346816932757505e-10
27400.056 4.5144149437538506e-11
27450.056 8.956860066467227e-10
27500.056 1.0780568959607025e-09
27550.056 1.8120050801045475e-10
27600.056 5.127805746692824e-10
27650.056 1.4204023506961583e-10
27700.056 1.1722164369195523e-10
27750.056 7.216346702217853e-10
27800.056 2.1434688468320944e-10
27850.056 3.38815671020576e-10
27900.056 3.4606745467137403e-10
27950.056 8.659629584544145e-10
28000.056 7.292362401489486e-10
28050.056 1.0167527666948099e-10
28100.056 7.319890968349599e-10
28150.056 5.356835531527241e-10
28200.056 1.6037815390597893e-10
28250.056 9.988666244311215e-10
28300.056 9.415846021302566e-10
28350.056 2.1048576104676816e-10
28400.056 7.031363686278774e-10
28450.056 1.173853205072237e-09
28500.056 7.639515986591787e-10
28550.056 1.6849596302935423e-10
28600.056 1.2541189752366013e-09
28650.056 8.414346760734652e-10
28700.056 1.1337525525265762e-09
28750.056 1.6866987587698621e-09
28800.056 8.46846933663351e-10
