galfind/configs/Brown_Dwarf_templates/sonora_bobcat/m-0.5/100g/sp_t2200g100nc_m-0.5_resample.dat
# %ECSV 1.0
# ---
# datatype:
# - {name: wav, unit: Angstrom, datatype: float64}
# - {name: flux_nu, unit: erg / (cm2 Hz s), datatype: float64}
# meta: {C/O: '1.00', Kzz: '1.0000E+05', Teff: '2200.', Y: '0.28', '[Fe/H]': '-0.50', f_hole: '1.00', f_rain: '0.00', grav: '100.'}
# schema: astropy-2.0
wav flux_nu
[from data line 500]
29000.056 2.387070123029334e-06
29050.056 2.49760545733995e-06
29100.056 2.0815278355102287e-06
29150.056 2.6284325850601783e-06
29200.056 2.3489936272203024e-06
29250.056 2.5533389059499912e-06
29300.056 2.215502158399044e-06
29350.056 2.8738097510996744e-06
29400.056 2.4254624992198566e-06
29450.056 2.400556252189931e-06
29500.056 2.5393368783297463e-06
29550.056 2.4560958050602253e-06
29600.056 2.6293065353498852e-06
29650.056 2.518327962039888e-06
29700.056 2.310326107819856e-06
29750.056 2.795153724440923e-06
29800.056 2.770999871699822e-06
29850.056 2.624236777859722e-06
29900.056 2.3983872037006466e-06
29950.056 2.8620290458595327e-06
30000.056 2.7925519618192777e-06
30050.056 2.6298614365999974e-06
30100.056 2.2171777188294367e-06
30150.056 3.207670400499838e-06
30200.056 2.886444105050198e-06
30250.056 2.7664402348105584e-06
30300.056 2.7331057519897664e-06
30350.056 2.7348390236004962e-06
30400.056 3.190512112960457e-06
30450.056 2.5643341415402984e-06
30500.056 2.491539846960315e-06
30550.056 3.238894008390523e-06
30600.056 3.0717396270803165e-06
30650.056 3.097138336280164e-06
30700.056 2.861938021459893e-06
30750.056 2.8122207729700623e-06
30800.056 3.345707595790775e-06
30850.056 2.9183348014499816e-06
30900.056 2.8924644596298132e-06
30950.056 2.8344110370502753e-06
31000.056 3.27330050124995e-06
31050.056 2.902054204500057e-06
31100.056 3.0636415193999378e-06
31150.056 3.1648494536596213e-06
31200.056 3.1545468348496794e-06
31250.056 3.4968094016506143e-06
31300.056 3.093870250299819e-06
31350.056 3.0949493917399975e-06
31400.056 3.1930850149005447e-06
31450.056 3.219444160920117e-06
31500.056 3.2886358976303846e-06
31550.056 3.044620521199935e-06
31600.056 3.2088736116198265e-06
31650.056 3.3719702965998847e-06
31700.056 3.3474569427998977e-06
31750.056 3.058370098100095e-06
31800.056 3.4245260102002302e-06
31850.056 3.7034750768000633e-06
31900.056 3.6165577997997026e-06
31950.056 3.0295540841997986e-06
32000.056 3.1945817300606424e-06
32050.056 3.62526682820037e-06
32100.056 3.6709169075296305e-06
32150.056 3.6395472904399873e-06
32200.056 3.5190718661499855e-06
32250.056 3.3556751279001538e-06
32300.056 3.606234120160083e-06
32350.056 3.852293724000548e-06
32400.056 3.4995584157799364e-06
32450.056 3.4134578418002957e-06
32500.056 3.7196676956002054e-06
32550.056 4.042588406400096e-06
32600.056 3.944242902039755e-06
32650.056 3.82977909200092e-06
32700.056 3.6995598566001654e-06
32750.056 3.8127489643000403e-06
32800.056 3.5204236652402727e-06
32850.056 4.1053463632997015e-06
32900.056 3.97822536674006e-06
32950.056 3.5106826997998525e-06
33000.056 3.7965939671702448e-06
33050.056 3.86943341609952e-06
33100.056 3.9340392689990555e-06
33150.056 3.913765552200103e-06
33200.056 3.662789860600622e-06
33250.056 3.974995431420275e-06
33300.056 4.249537771260315e-06
33350.056 3.9876749845001076e-06
33400.056 3.6545930156795837e-06
33450.056 3.955364914599055e-06
33500.056 4.0596815797002485e-06
33550.056 3.912874301299546e-06
33600.056 4.015735839900646e-06
33650.056 4.123508301100807e-06
33700.056 4.25228686407951e-06
33750.056 4.202869666200158e-06
33800.056 4.0682360309001e-06
33850.056 4.018541806300208e-06
33900.056 4.503169640099476e-06
33950.056 4.045464617599551e-06
34000.056 4.0761869522992315e-06
34050.056 4.1845089800000376e-06
34100.056 4.332959009500526e-06
34150.056 4.255569687499435e-06
34200.056 4.08684470029949e-06
34250.056 4.513439067899467e-06
34300.056 4.236155865699624e-06
34350.056 4.324839906499663e-06
34400.056 4.159074641399612e-06
34450.056 4.0256218323001635e-06
34500.056 4.335409062800799e-06
34550.056 4.15951727299976e-06
34600.056 4.275114712899919e-06
34650.056 4.349777787200029e-06
34700.056 4.242121458899307e-06
34750.056 4.504418510900257e-06
34800.056 4.533094670199636e-06
34850.056 4.166995767599989e-06
34900.056 4.4151717280002275e-06
34950.056 4.32443992699928e-06
35000.056 4.203713725299508e-06
35050.056 4.7289164309006495e-06
35100.056 4.457536096799341e-06
35150.056 4.481748302099706e-06
35200.056 4.497174424499782e-06
35250.056 4.143909604800393e-06
35300.056 4.4904799316003886e-06
35350.056 4.650383327299763e-06
35400.056 4.38741531069967e-06
35450.056 4.337955348500284e-06
35500.056 4.625945646299974e-06
35550.056 4.4751146699998355e-06
35600.056 4.324902405899306e-06
35650.056 4.7479124098005185e-06
35700.056 4.3714260748003145e-06
35750.056 4.4531963029996745e-06
35800.056 4.627951884999692e-06
35850.056 4.629261772499898e-06
35900.056 4.827365719499572e-06
35950.056 4.635748060899685e-06
36000.056 4.31532918339953e-06
36050.056 4.806725633900286e-06
36100.056 4.946625058199777e-06
36150.056 4.426770933700464e-06
36200.056 4.7974823734995865e-06
36250.056 4.520208689999371e-06
36300.056 5.055286686800617e-06
36350.056 4.795884870699355e-06
36400.056 4.721731690199926e-06
36450.056 5.049668242199676e-06
36500.056 4.700725041300287e-06
36550.056 4.643592351400581e-06
36600.056 4.648006930000362e-06
36650.056 4.8179499500004415e-06
36700.056 5.0806270219000654e-06
36750.056 4.6382225652004625e-06
36800.056 4.814031250899718e-06
36850.056 4.927944721500106e-06
36900.056 4.910001173500613e-06
36950.056 4.9045085421000414e-06
37000.056 4.978869256700013e-06
37050.056 5.092196867899858e-06
37100.056 4.900956338700441e-06
37150.056 4.890796487099189e-06
37200.056 5.043381773000042e-06
37250.056 5.068778279200194e-06
37300.056 5.105329177900809e-06
37350.056 4.823232075000521e-06
37400.056 5.0516940624998e-06
37450.056 4.972867582000272e-06
37500.056 5.157849309599723e-06
37550.056 5.0151519054992575e-06
37600.056 5.23826297379951e-06
37650.056 4.897340516499675e-06
37700.056 5.037575431500103e-06
37750.056 5.198386904399399e-06
37800.056 5.275686208199857e-06
37850.056 5.127127657399824e-06
37900.056 5.1949186294003626e-06
37950.056 5.229438251100216e-06
38000.056 5.172778527300515e-06
38050.056 5.171832436700361e-06
38100.056 5.015055987500211e-06
38150.056 5.305137427099516e-06
38200.056 5.3638149413995125e-06
38250.056 5.0569195706005306e-06
38300.056 5.00480317529996e-06
38350.056 5.176777522299962e-06
38400.056 5.255362050299813e-06
38450.056 5.2965897994003766e-06
38500.056 5.161204050999806e-06
38550.056 5.194359742000326e-06
38600.056 5.552373225299829e-06
38650.056 4.99941173220014e-06
38700.056 5.0588753750007e-06
38750.056 5.302246355399934e-06
38800.056 5.200328284900672e-06
38850.056 5.226593227200177e-06
38900.056 5.028665420499913e-06
38950.056 5.2827042359997865e-06
39000.056 5.174681770000116e-06
39050.056 5.240114581499935e-06
39100.056 4.9901705030000164e-06
39150.056 5.123487740400191e-06
39200.056 5.238319259600149e-06
39250.056 5.213846380899444e-06
39300.056 5.2228491844993e-06
39350.056 5.176922318400435e-06
39400.056 5.112324148500122e-06
39450.056 5.150728793599868e-06
39500.056 5.0547564661998e-06
39550.056 4.977697733599199e-06
39600.056 5.328262009500167e-06
39650.056 4.914369672900124e-06
39700.056 5.063716660599942e-06
39750.056 5.0922139158995514e-06
39800.056 4.835498747000279e-06
39850.056 5.00196406409977e-06
39900.056 4.869994405599749e-06
39950.056 5.06938199689982e-06
40000.056 4.771919567699738e-06
40050.056 4.504292169099925e-06
40100.056 4.787305764099785e-06
40150.056 4.536144447199124e-06
40200.056 4.738578188599772e-06
40250.056 4.640414700298847e-06
40300.056 4.3916195260004594e-06
40350.056 4.5766689758000476e-06
40400.056 4.633985808200026e-06
40450.056 4.269850315300695e-06
40500.056 4.0920297275000416e-06
40550.056 4.6578152183996704e-06
40600.056 4.207415262900322e-06
40650.056 4.428040399600741e-06
40700.056 4.605253666900183e-06
40750.056 4.106881940698929e-06
40800.056 4.0704391840004556e-06
40850.056 3.848695211700838e-06
40900.056 3.827432494900578e-06
40950.056 4.079158515799984e-06
41000.056 4.206722780400236e-06
41050.056 4.128660136399223e-06
41100.056 3.8928692640003125e-06
41150.056 4.204502016600134e-06
41200.056 3.963706010600129e-06
41250.056 4.02894438200021e-06
41300.056 3.585700049899655e-06
41350.056 4.118551377100144e-06
41400.056 3.896264325100051e-06
41450.056 3.79475034049992e-06
41500.056 4.060906189500189e-06
41550.056 3.999834478980105e-06
41600.056 4.055952938000023e-06
41650.056 3.6907190014004533e-06
41700.056 3.5722617305996108e-06
41750.056 3.877877651200042e-06
41800.056 3.7756618887998193e-06
41850.056 3.459535942300416e-06
41900.056 3.926775023399499e-06
41950.056 3.7129720998003224e-06
42000.056 3.822377249900252e-06
42050.056 3.522022417199034e-06
42100.056 3.898408353100301e-06
42150.056 3.372175687999582e-06
42200.056 3.419997421700152e-06
42250.056 3.7972590347998315e-06
42300.056 3.563474679900043e-06
42350.056 3.828697055200642e-06
42400.056 3.5147159423001135e-06
42450.056 3.171601088800115e-06
42500.056 3.216227392800224e-06
42550.056 3.501629144999794e-06
42600.056 3.4317082701004503e-06
42650.056 3.4698410026990907e-06
42700.056 3.4913028858004424e-06
42750.056 3.3145915241000652e-06
42800.056 3.4278325996000494e-06
42850.056 3.6334716465996297e-06
42900.056 3.545220416000279e-06
42950.056 3.0555509447989354e-06
43000.056 3.3399121675000838e-06
43050.056 3.118034745361128e-06
43100.056 3.260497457599498e-06
43150.056 3.346885859600717e-06
43200.056 3.1559963218999226e-06
43250.056 3.2756532643006752e-06
43300.056 3.2496709587001023e-06
43350.056 3.04038955099935e-06
43400.056 3.0154090477397095e-06
43450.056 3.004992693300618e-06
43500.056 2.952482940999446e-06
43550.056 2.974329597839942e-06
43600.056 3.1447465760001035e-06
43650.056 2.815620470750224e-06
43700.056 2.83547010790021e-06
43750.056 2.851720411700072e-06
43800.056 2.730504122399896e-06
43850.056 2.768131760700512e-06
43900.056 2.8309762330199554e-06
43950.056 2.6661873805600907e-06
44000.056 2.45261769825002e-06
44050.056 2.440862704400089e-06
44100.056 2.6039532186004954e-06
44150.056 2.738899646199777e-06
44200.056 2.5015303791202277e-06
44250.056 2.4400322246998355e-06
44300.056 2.34394529750049e-06
44350.056 2.3210118325202066e-06
44400.056 2.3991447481999114e-06
44450.056 2.5150627529001566e-06
44500.056 2.4623911926004173e-06
44550.056 2.230821444499511e-06
44600.056 2.2483419335502856e-06
44650.056 2.4455775129399593e-06
44700.056 2.2223057710402126e-06
44750.056 2.3664082137996723e-06
44800.056 2.3178039042399562e-06
44850.056 2.3505225634301568e-06
44900.056 2.200795871560279e-06
44950.056 2.0608964043200875e-06
45000.056 2.252716772599958e-06
45050.056 2.2288367578997163e-06
45100.056 2.3215334934999442e-06
45150.056 2.179807591360042e-06
45200.056 1.996501697589893e-06
45250.056 2.0842994617197626e-06
45300.056 2.2292107474701205e-06
45350.056 2.281236631079726e-06
45400.056 2.1608472279002665e-06
45450.056 1.9938250251496905e-06
45500.056 2.0516519577798784e-06
45550.056 2.282679762619803e-06
45600.056 2.1209912117299528e-06
45650.056 1.9347486859395863e-06
45700.056 2.1670961787802316e-06
45750.056 2.036833240309945e-06
45800.056 2.0120557265199413e-06
45850.056 2.3392441376800106e-06
45900.056 2.2727063978200267e-06
45950.056 2.0204459068199546e-06
46000.056 2.360613864120002e-06
46050.056 2.386426281460579e-06
46100.056 2.000989982780136e-06
46150.056 2.0640129342099182e-06
46200.056 2.271892619060532e-06
46250.056 1.9163211615499507e-06
46300.056 2.4209368088599503e-06
46350.056 2.0123828130598024e-06
46400.056 2.1449660368097574e-06
46450.056 2.1220854754604157e-06
46500.056 2.0141415922698897e-06
46550.056 2.3245345105199435e-06
46600.056 2.1656097676999398e-06
46650.056 2.6190475947899166e-06
46700.056 2.484728081460722e-06
46750.056 2.0644360993099254e-06
46800.056 2.250813746780356e-06
46850.056 2.341501854090117e-06
46900.056 2.247001810959615e-06
46950.056 2.505017113940119e-06
47000.056 2.2202378013600014e-06
47050.056 2.397391877559759e-06
47100.056 2.066533142500068e-06
47150.056 2.272551531990356e-06
47200.056 2.2673774429006076e-06
47250.056 2.1663650175395144e-06
47300.056 2.281328224929463e-06
47350.056 1.942343704299656e-06
47400.056 2.2981480238194827e-06
47450.056 2.2820344678698653e-06
47500.056 2.2321390082395606e-06
47550.056 2.161451034079691e-06
47600.056 2.3745857564198294e-06
47650.056 1.7974426655195501e-06
47700.056 2.380916870439993e-06
47750.056 1.73551131640049e-06
47800.056 2.340191508399818e-06
47850.056 1.8364466910795512e-06
47900.056 2.3957830991701094e-06
47950.056 1.829279934440411e-06
48000.056 2.5783583732000216e-06
48050.056 1.971437336130354e-06
48100.056 2.151767233649961e-06
48150.056 1.9498736296002212e-06
48200.056 2.3915832745503984e-06
48250.056 1.9873290171398986e-06
48300.056 2.538884024199787e-06
48350.056 1.7684191644196177e-06
48400.056 2.323390508879957e-06
48450.056 1.975229861970131e-06
48500.056 2.5367073869400246e-06
48550.056 1.80695795260001e-06
48600.056 2.413274670599785e-06
48650.056 1.842447940039982e-06
48700.056 2.30530347620008e-06
48750.056 1.6693463625402237e-06
48800.056 2.513323590060153e-06
48850.056 1.8227921949996566e-06
48900.056 2.365064896400148e-06
48950.056 2.111555041420111e-06
49000.056 2.111150024519907e-06
49050.056 2.2110252766998426e-06
49100.056 2.069929381960149e-06
49150.056 2.1003614119799986e-06
49200.056 2.1135343477398934e-06
49250.056 2.0921149473900667e-06
49300.056 1.906588877759685e-06
49350.056 1.9842120632999363e-06
49400.056 2.320478798900218e-06
49450.056 2.0051935100904714e-06
49500.056 2.0569446085002566e-06
49550.056 1.8733308336199147e-06
49600.056 1.973834872020359e-06
49650.056 2.049453675360194e-06
49700.056 1.7800669610898296e-06
49750.056 2.577268825199635e-06
49800.056 2.011999901620064e-06
49850.056 2.4330836671800582e-06
49900.056 1.993547431320095e-06
49950.056 2.077930279549509e-06
50000.056 2.0277930418395197e-06
50050.056 2.0860550301701147e-06
50100.056 2.182091901199859e-06
50150.056 1.9331904731499846e-06
50200.056 1.7975281088001616e-06
50250.056 1.9855647463501735e-06
50300.056 1.886408519019785e-06
50350.056 2.1679269759799487e-06
50400.056 1.9839357106999854e-06
50450.056 1.9270034898502417e-06
50500.056 2.4513720081003065e-06
50550.056 2.0031129353598695e-06
50600.056 2.129535604670095e-06
50650.056 2.018034537600462e-06
50700.056 2.2257252423794826e-06
50750.056 2.228151207120258e-06
50800.056 1.7385997371798244e-06
50850.056 2.044895811280277e-06
50900.056 2.081189822999933e-06
50950.056 2.144452151100356e-06
51000.056 2.4304714684202373e-06
51050.056 1.9260360946002704e-06
51100.056 1.9063524284999037e-06
51150.056 2.1684535129500127e-06
51200.056 1.985167788619905e-06
51250.056 2.2188016597700495e-06
51300.056 1.8873143047805188e-06
51350.056 2.140236655699829e-06
51400.056 2.054792184629492e-06
51450.056 1.5274130016997708e-06
51500.056 2.0943964334900334e-06
51550.056 2.4701817732202132e-06
51600.056 1.6993784891099586e-06
51650.056 2.077985322499702e-06
51700.056 1.8872212854793996e-06
51750.056 1.863365611740098e-06
51800.056 2.162285360599701e-06
51850.056 2.132742407999776e-06
51900.056 2.2451786052002626e-06
51950.056 2.02787174917979e-06
52000.056 1.8146136742599756e-06
52050.056 2.118015437519827e-06
52100.056 2.0223496620496455e-06
52150.056 2.034926717820212e-06
52200.056 1.952222882150106e-06
52250.056 1.9576830065499585e-06
52300.056 2.0822517540899698e-06
52350.056 2.276483710720211e-06
52400.056 1.7234611721101334e-06
52450.056 1.966720208190006e-06
52500.056 2.1592356566595094e-06
52550.056 1.9976876111995203e-06
52600.056 2.0813057216201312e-06
52650.056 2.317801191370362e-06
52700.056 1.990268185700069e-06
52750.056 1.6945502591498513e-06
52800.056 1.8815323046001504e-06
52850.056 1.7867127079699199e-06
52900.056 2.0335706737001457e-06
52950.056 1.930905391399717e-06
53000.056 2.165853247129768e-06
53050.056 2.0295410225796595e-06
53100.056 1.849918600649675e-06
53150.056 2.224461890300403e-06
53200.056 1.6337682761403127e-06
53250.056 2.215875650999942e-06
53300.056 2.167427106800686e-06
53350.056 2.180346542499758e-06
53400.056 1.9508714685001345e-06
53450.056 1.8726563850000628e-06
53500.056 1.6587492085997197e-06
53550.056 2.079945890339893e-06
53600.056 2.121460432010326e-06
