galfind/configs/Brown_Dwarf_templates/sonora_bobcat/m-0.5/100g/sp_t400g100nc_m-0.5_resample.dat
# %ECSV 1.0
# ---
# datatype:
# - {name: wav, unit: Angstrom, datatype: float64}
# - {name: flux_nu, unit: erg / (cm2 Hz s), datatype: float64}
# meta: {C/O: '1.00', Kzz: '1.0000E+05', Teff: '400.', Y: '0.28', '[Fe/H]': '-0.50', f_hole: '1.00', f_rain: '0.00', grav: '100.'}
# schema: astropy-2.0
wav flux_nu
4000.0559999999996 nan
4050.0559999999996 9.44932695468427e-19
4100.056 1.2639862199580278e-16
4150.056 1.558804053110018e-15
4200.056 1.689648850319341e-15
4250.056 1.918167696940018e-14
4300.056 4.948043653100017e-14
4350.056 9.94202205530004e-14
4400.056 1.7903631931000058e-13
4450.056 2.997743705100006e-13
4500.056 4.76229719980001e-13
4550.056 4.770510113399976e-13
4600.056 8.858754353099952e-14
4650.056 4.1359666476999694e-14
4700.056 1.5346504056399848e-14
4750.056 4.577085266699954e-15
4800.056 1.6552611053399858e-15
4850.056 6.312087109599949e-16
4900.056 3.443927298899986e-16
4950.056 2.4583831996999925e-16
5000.056 1.8508170722999947e-16
5050.056 1.619646116700007e-16
5100.056 1.8351047587000076e-16
5150.056 2.1262447226000038e-16
5200.056 2.4497996359000017e-16
5250.056 2.8453601690000035e-16
5300.056 3.3001217269000027e-16
5350.056 3.8387633493000073e-16
5400.056 4.478639953400008e-16
5450.056 5.180124671000012e-16
5500.056 5.948599239000012e-16
5550.056 6.751416567200009e-16
5600.056 7.526334133200008e-16
5650.056 8.158929685000003e-16
5700.056 8.405082824200003e-16
5750.056 8.131472879699997e-16
5800.056 7.194193881399977e-16
5850.056 5.001621695699942e-16
5900.056 1.54554926338129e-16
5950.056 1.0257155047100227e-15
6000.056 2.3449544911000132e-15
6050.056 4.4153804872000395e-15
6100.056 7.25052348880005e-15
6150.056 1.0992177300200061e-14
6200.056 1.6009620217000077e-14
6250.056 2.2736653603000088e-14
6300.056 3.1871116367000126e-14
6350.056 4.401925686400019e-14
6400.056 5.983710669600023e-14
6450.056 7.657925319499959e-14
6500.056 1.006352360050008e-13
6550.056 1.335542845919985e-13
6600.056 1.762227406290031e-13
6650.056 2.3444196651000135e-13
6700.056 3.0342158223000156e-13
6750.056 3.9830026757000154e-13
6800.056 4.945702040500024e-13
6850.056 5.718709888000009e-13
6900.056 5.658903301500051e-13
6950.056 5.252197236900017e-13
7000.056 6.020691921299938e-13
7050.056 6.588841048499959e-13
7100.056 7.530082202799959e-13
7150.056 6.703751691409851e-13
7200.056 6.138724906465834e-13
7250.056 7.004175575679724e-13
7300.056 7.357330187432486e-13
7350.056 8.895087443129932e-13
7400.056 1.0326136864900253e-12
7450.056 1.1887788502600268e-12
7500.056 1.2739356534700025e-12
7550.056 1.2742303080999992e-12
7600.056 1.192951722399996e-12
7650.056 4.281128278929828e-13
7700.056 3.1461355459801196e-13
7750.056 1.214340088630018e-12
7800.056 1.8502355587400152e-12
7850.056 2.8622284629999935e-12
7900.056 3.718455947399977e-12
7950.056 4.1116642306600224e-12
8000.056 5.642469121800046e-12
8050.056 6.683368254200068e-12
8100.056 6.0685510040198056e-12
8150.056 5.3637999439325876e-12
8200.056 8.611155596534258e-12
8250.056 9.178095851745692e-12
8300.056 1.0765741366901897e-11
8350.056 1.2265477786769763e-11
8400.056 1.4855143471200035e-11
8450.056 1.9759910372999915e-11
8500.056 2.329605595199975e-11
8550.056 2.8870966272000442e-11
8600.056 3.464945810600017e-11
8650.056 3.9628743583000225e-11
8700.056 4.272482338200031e-11
8750.056 4.731757907900024e-11
8800.056 5.017201018299992e-11
8850.056 4.7319577180999034e-11
8900.056 1.9273042613498822e-11
8950.056 1.6289575041820268e-11
9000.056 1.605835931741568e-11
9050.056 4.407416357428281e-11
9100.056 5.184130792537973e-11
9150.056 6.330564600298853e-11
9200.056 9.479650944052859e-11
9250.056 8.755092808861524e-11
9300.056 7.672473944208313e-12
9350.056 1.1720911752061108e-11
9400.056 4.442370310085034e-11
9450.056 3.913456683651085e-11
9500.056 3.386040385749569e-11
9550.056 3.601863343557744e-11
9600.056 4.310885775381234e-11
9650.056 7.298019517803333e-11
9700.056 1.7366906466096504e-10
9750.056 1.6269981063630057e-10
9800.056 1.9791731173571512e-10
9850.056 2.4632649129749343e-10
9900.056 3.378121394020187e-10
9950.056 3.7780264960701646e-10
10000.056 3.2336074507931547e-10
10050.056 4.110501665200008e-10
10100.056 4.0856767723000185e-10
10150.056 3.2423584756000034e-10
10200.056 2.2012445102901592e-10
10250.056 2.7397084658690183e-10
10300.056 3.770249564630778e-10
10350.056 2.5267673576701034e-10
10400.056 4.022809504240157e-10
10450.056 5.05705936764936e-10
10500.056 6.019783804899958e-10
10550.056 7.185090199200075e-10
10600.056 7.660879546000069e-10
10650.056 7.559671394900021e-10
10700.056 6.823677879899995e-10
10750.056 6.545172389199977e-10
10800.056 6.107095090500049e-10
10850.056 5.497138803850043e-10
10900.056 4.604236997059901e-10
10950.056 2.8956467086500107e-10
11000.056 1.773617917611756e-10
11050.056 9.111402614719815e-11
11100.056 4.43201550278959e-11
11150.056 1.727326568839364e-11
11200.056 1.2475833683465767e-11
11250.056 1.473532794501749e-11
11300.056 2.4228196863013662e-11
11350.056 7.291278811549864e-12
11400.056 3.9743610420966366e-11
11450.056 2.1683219252067013e-11
11500.056 2.123246049632765e-11
11550.056 5.472739470074402e-12
11600.056 2.7054299451842794e-12
11650.056 1.1893476901580625e-11
11700.056 1.5732684538760283e-11
11750.056 4.949351257961447e-12
11800.056 2.5366702990741854e-11
11850.056 3.2295143382889086e-11
11900.056 3.4599981627349045e-11
11950.056 4.7644328822405506e-11
12000.056 6.734920382782135e-11
12050.056 9.751677362790163e-11
12100.056 1.1641749731408507e-10
12150.056 1.5693369836030126e-10
12200.056 1.7749457454880687e-10
12250.056 2.5617207272686673e-10
12300.056 3.941280456750204e-10
12350.056 4.691132733760004e-10
12400.056 6.633192653399899e-10
12450.056 9.299717220100119e-10
12500.056 1.0957010625700506e-09
12550.056 1.2531430635400039e-09
12600.056 1.6506691960200831e-09
12650.056 2.119387344519978e-09
12700.056 2.3200212227000078e-09
12750.056 1.869543945610047e-09
12800.056 1.3853600145399548e-09
12850.056 8.831678249599809e-10
12900.056 7.066153297747633e-10
12950.056 5.952799161790518e-10
13000.056 6.735267025231037e-10
13050.056 4.666034798131915e-10
13100.056 4.756183241844094e-10
13150.056 2.928638549228093e-10
13200.056 3.351194569676932e-10
13250.056 2.9891555421641975e-10
13300.056 1.1620679703150325e-10
13350.056 4.774560814371068e-11
13400.056 1.4920255728560185e-11
13450.056 3.621146456116786e-12
13500.056 1.0944294951502961e-12
13550.056 2.4660614150059187e-13
13600.056 4.9462166362136424e-14
13650.056 4.567633093929668e-13
13700.056 2.1229152178225643e-13
13750.056 9.27908506337966e-13
13800.056 8.652242831963606e-13
13850.056 3.0272377917369685e-13
13900.056 5.99640912165509e-13
13950.056 5.323652347432607e-13
14000.056 7.447123543651591e-13
14050.056 1.2487249311589746e-12
14100.056 1.0752066532318402e-12
14150.056 2.7459661085845135e-12
14200.056 1.6813493855490232e-12
14250.056 2.5515202670731627e-12
14300.056 9.44021565767185e-12
14350.056 7.272336917832772e-12
14400.056 7.235336153938814e-12
14450.056 1.5341062574635943e-11
14500.056 3.450661605732315e-11
14550.056 3.621062270976004e-11
14600.056 5.299608013843749e-11
14650.056 2.2168639396198542e-11
14700.056 9.45382599470833e-12
14750.056 3.827376369020335e-12
14800.056 5.245272853112975e-12
14850.056 6.426587132670416e-12
14900.056 6.2672531498673585e-12
14950.056 4.29264523591155e-12
15000.056 1.4088647737864762e-11
15050.056 1.3912516879820363e-11
15100.056 6.360444071374635e-12
15150.056 2.5857956413851692e-12
15200.056 1.0332967032080798e-11
15250.056 2.2353417184111102e-11
15300.056 2.983781420023493e-11
15350.056 3.7456287549321056e-11
15400.056 4.956709285147644e-11
15450.056 6.945182019385115e-11
15500.056 9.015597586162404e-11
15550.056 1.746268088513443e-10
15600.056 2.8516240731716124e-10
15650.056 5.055468525490743e-10
15700.056 8.304306353600255e-10
15750.056 1.1001235900500357e-09
15800.056 1.3552840684399949e-09
15850.056 1.653422937300129e-09
15900.056 1.8120519318400086e-09
15950.056 1.9964857035999813e-09
16000.056 1.782624041380058e-09
16050.056 1.2851176055799342e-09
16100.056 8.150993734939785e-10
16150.056 4.427892279652607e-10
16200.056 2.0696592303647638e-10
16250.056 1.204474578328032e-10
16300.056 6.932248006415398e-11
16350.056 9.109363417829583e-11
16400.056 1.0749510290236352e-10
16450.056 1.0515043479691304e-10
16500.056 8.041449776232987e-11
16550.056 8.190782530715961e-11
16600.056 1.6414279492576928e-10
16650.056 1.028205387881677e-10
16700.056 1.7041562893106194e-11
16750.056 6.429918359635903e-11
16800.056 9.417498761668832e-11
16850.056 9.967551671294088e-11
16900.056 4.56711877519633e-11
16950.056 2.8693849614306408e-11
17000.056 1.4250127922145118e-11
17050.056 2.926070135797512e-11
17100.056 5.459790160542856e-11
17150.056 3.153440367977984e-11
17200.056 1.0292210796192956e-10
17250.056 4.507610720531308e-11
17300.056 3.145770288956067e-11
17350.056 3.9691737026917267e-11
17400.056 6.950212628521713e-11
17450.056 8.426490260117635e-11
17500.056 1.112968073416972e-10
17550.056 9.427705923091991e-11
17600.056 7.70091328042382e-11
17650.056 5.907977514941734e-11
17700.056 5.1126444454110645e-11
17750.056 4.146920760548617e-11
17800.056 8.347271616389909e-11
17850.056 4.1381883881667075e-11
17900.056 2.801505842654777e-11
17950.056 2.0489581164369495e-11
18000.056 3.329174532650789e-11
18050.056 1.8969825178246707e-11
18100.056 2.270285068374219e-11
18150.056 1.5845737448465052e-11
18200.056 1.1191369727009326e-11
18250.056 3.7804490317359353e-11
18300.056 7.0078302516225234e-12
18350.056 5.6366490651384445e-12
18400.056 3.600213468393476e-12
18450.056 2.0381723112917706e-11
18500.056 1.8404445737239878e-11
18550.056 9.446167327837508e-12
18600.056 1.4321464117844587e-11
18650.056 9.295962601237466e-12
18700.056 1.7846073098871187e-12
18750.056 4.035165044408169e-12
18800.056 2.7782718466219694e-11
18850.056 2.456703233733595e-11
18900.056 2.3338861528526156e-11
18950.056 3.1811863647185285e-11
19000.056 9.176436226958547e-12
19050.056 3.974969332093475e-12
19100.056 1.0597098713657041e-11
19150.056 4.585250332323303e-12
19200.056 7.584292798272402e-12
19250.056 5.5107603060853965e-12
19300.056 3.5641766372629077e-12
19350.056 3.34762689913961e-12
19400.056 2.7007336198130836e-12
19450.056 3.762210567938232e-12
19500.056 3.19733495765973e-12
19550.056 5.686374972687814e-12
19600.056 1.0985768492933096e-11
19650.056 7.888384609776707e-12
19700.056 1.0938629930923408e-11
19750.056 1.4377835474775999e-11
19800.056 9.963770260029318e-12
19850.056 1.1767568104237643e-11
19900.056 1.6505423354112127e-11
19950.056 2.0186321570911786e-11
20000.056 2.3840299955107442e-11
20050.056 1.8183472988849457e-11
20100.056 2.8174828994406576e-11
20150.056 1.806209537729669e-11
20200.056 1.2831787301555034e-11
20250.056 2.3440290907624723e-11
20300.056 2.6545547786795877e-11
20350.056 2.6376179379784848e-11
20400.056 2.4909536722970975e-11
20450.056 3.668804130676071e-11
20500.056 3.9152812446050104e-11
20550.056 4.099422241310235e-11
20600.056 4.235029784970751e-11
20650.056 4.585880537669475e-11
20700.056 4.732790390750049e-11
20750.056 4.767154915599839e-11
20800.056 4.527117758699361e-11
20850.056 4.764953050900033e-11
20900.056 4.7159717169998844e-11
20950.056 4.525804888200116e-11
21000.056 4.378523807200026e-11
21050.056 4.45324233609995e-11
21100.056 4.3525647058000455e-11
21150.056 4.361316643499906e-11
21200.056 4.3133444042001706e-11
21250.056 4.2853024910997415e-11
21300.056 4.098203226339965e-11
21350.056 4.090058764781844e-11
21400.056 4.305881641510517e-11
21450.056 3.8978852985481036e-11
21500.056 3.7714998138720536e-11
21550.056 3.6690179450354663e-11
21600.056 3.441593438762885e-11
21650.056 2.951547211605914e-11
21700.056 2.9226393543446635e-11
21750.056 2.7865479411376206e-11
21800.056 2.2152571315689555e-11
21850.056 2.1111054537957192e-11
21900.056 1.73167908279153e-11
21950.056 8.956756186022118e-12
22000.056 1.4597950221994201e-12
22050.056 2.726827354346575e-12
22100.056 9.02758776140727e-12
22150.056 6.1249504827918575e-12
22200.056 5.943731403473257e-12
22250.056 5.091916317794406e-12
22300.056 2.621727566357282e-12
22350.056 3.5234052398802695e-12
22400.056 1.3730717017929145e-12
22450.056 2.1525132816879943e-12
22500.056 1.6440704963221928e-12
22550.056 9.40134605649362e-13
22600.056 7.682137402940883e-13
22650.056 1.353983581582953e-12
22700.056 1.2740962461733097e-12
22750.056 1.7982642156176204e-12
22800.056 2.1771126674014233e-12
22850.056 1.482926357047567e-12
22900.056 1.0099662042251804e-12
22950.056 8.290818209734609e-13
23000.056 1.0087274637857869e-12
23050.056 1.1830136098196047e-12
23100.056 6.552643662881091e-12
23150.056 5.434059060296322e-12
23200.056 3.127278215035215e-13
23250.056 1.5659753205468258e-12
23300.056 1.2688677954381304e-12
23350.056 1.6958760266311917e-12
23400.056 1.2569512358195346e-12
23450.056 7.775505123713024e-13
23500.056 8.09449830384116e-13
23550.056 1.7482773452876603e-12
23600.056 3.5455336337561036e-12
23650.056 4.534971783834417e-12
23700.056 8.454117465496374e-13
23750.056 1.0659238326288018e-12
23800.056 4.697310819390409e-12
23850.056 2.8733124405816507e-12
23900.056 5.8198227901474406e-12
23950.056 3.0096786952197642e-12
24000.056 6.934761645062869e-12
24050.056 7.744823342795439e-12
24100.056 9.066993564133998e-12
24150.056 1.2882515586085909e-11
24200.056 9.157525824496457e-12
24250.056 7.580270300174479e-12
24300.056 1.476348584752547e-11
24350.056 1.250306312175841e-11
24400.056 2.5045977659429616e-11
24450.056 2.8312556166233954e-11
24500.056 2.534126304399702e-11
24550.056 4.0027352381764053e-11
24600.056 4.634807751887526e-11
24650.056 6.097491164523212e-11
24700.056 4.933712992854288e-11
24750.056 6.347316166717972e-11
24800.056 5.893032423892264e-11
24850.056 8.62686470641904e-11
24900.056 4.742688241058246e-11
24950.056 8.201514861593266e-11
25000.056 9.173537066447238e-11
25050.056 5.981468520932007e-11
25100.056 9.053827612345056e-11
25150.056 4.6609010576614976e-11
25200.056 7.246761527649512e-11
25250.056 3.046083755087369e-11
25300.056 3.969721755811459e-11
25350.056 1.9236376412029373e-11
25400.056 4.723050882063652e-11
25450.056 1.4428458124227681e-11
25500.056 1.1736823564651365e-11
25550.056 2.900965797583872e-11
25600.056 1.3742579827080348e-11
25650.056 6.135363971936273e-12
25700.056 5.8548414849352455e-12
25750.056 1.4769419824992615e-12
25800.056 1.0096121779090418e-11
25850.056 1.4167856626531486e-12
25900.056 2.0798161265681035e-12
25950.056 3.41863307680914e-13
26000.056 8.153524411126277e-12
26050.056 5.64777129750397e-13
26100.056 4.1535415874298304e-12
26150.056 1.3862669942716109e-12
26200.056 2.0511028572601138e-12
26250.056 2.1390874383492542e-11
26300.056 2.7611036151004487e-12
26350.056 4.4342012871347466e-11
26400.056 7.308392474195821e-11
26450.056 4.156741762425745e-11
26500.056 1.164347396079281e-10
26550.056 8.407643233612245e-12
26600.056 8.937847382981683e-12
26650.056 8.405108508186367e-13
26700.056 4.4065231526153805e-13
26750.056 9.145517703031966e-13
26800.056 4.194157046580124e-12
26850.056 2.1835406076671376e-12
26900.056 1.448590275089768e-11
26950.056 3.728429151583704e-12
27000.056 2.618040407931737e-11
27050.056 3.874029438989266e-11
27100.056 1.946698837379765e-12
27150.056 4.063847014780974e-11
27200.056 1.9239900695504144e-12
27250.056 1.0429132963253022e-11
27300.056 1.162990277191278e-10
27350.056 2.9522916691222915e-11
27400.056 9.551916156972205e-13
27450.056 4.3006799486210575e-11
27500.056 5.784218749379733e-11
27550.056 5.874884613773945e-12
27600.056 2.246658226965602e-11
27650.056 4.4336776185856316e-12
27700.056 4.496140553509784e-12
27750.056 3.9789163769539657e-11
27800.056 1.0424024376595464e-11
27850.056 2.0627240673177044e-11
27900.056 2.3604642263209526e-11
27950.056 5.992950270429435e-11
28000.056 5.848723926094433e-11
28050.056 4.8652132239056436e-12
28100.056 6.391107917545152e-11
28150.056 4.5103219818589335e-11
28200.056 9.10574871220705e-12
28250.056 9.025531347368097e-11
28300.056 8.223781458509453e-11
28350.056 1.1965697518042723e-11
28400.056 5.564230622737784e-11
28450.056 1.1184887841851975e-10
28500.056 5.84990340331006e-11
28550.056 9.954703270399921e-12
28600.056 1.0639377990187935e-10
28650.056 6.04955633172999e-11
28700.056 1.0896495121545858e-10
28750.056 1.7389446912895257e-10
28800.056 6.021661993914034e-11
