galfind/configs/Brown_Dwarf_templates/sonora_bobcat/m-0.5/100g/sp_t2400g100nc_m-0.5_resample.dat
# %ECSV 1.0
# ---
# datatype:
# - {name: wav, unit: Angstrom, datatype: float64}
# - {name: flux_nu, unit: erg / (cm2 Hz s), datatype: float64}
# meta: {C/O: '1.00', Kzz: '1.0000E+05', Teff: '2400.', Y: '0.28', '[Fe/H]': '-0.50', f_hole: '1.00', f_rain: '0.00', grav: '100.'}
# schema: astropy-2.0
wav flux_nu
[from data line 503]
29150.056 3.8654808418001005e-06
29200.056 3.5607429100002533e-06
29250.056 3.7523337669498847e-06
29300.056 3.409749304938649e-06
29350.056 4.093299686599611e-06
29400.056 3.6136806741698566e-06
29450.056 3.5200026777498893e-06
29500.056 3.732258475599653e-06
29550.056 3.6350845212403712e-06
29600.056 3.8150648592700475e-06
29650.056 3.7057035433499578e-06
29700.056 3.4464643947198287e-06
29750.056 4.021271502021008e-06
29800.056 3.945120779059777e-06
29850.056 3.7823900558395744e-06
29900.056 3.4940846737608655e-06
29950.056 4.062053828499412e-06
30000.056 3.9743760880688715e-06
30050.056 3.8010824819000574e-06
30100.056 3.234862680659302e-06
30150.056 4.43188874119978e-06
30200.056 4.105451756400235e-06
30250.056 3.877045021400581e-06
30300.056 3.887513482899814e-06
30350.056 3.8926461207006904e-06
30400.056 4.357384031700472e-06
30450.056 3.6119800091004383e-06
30500.056 3.5900626578004475e-06
30550.056 4.452570572700608e-06
30600.056 4.217671406000321e-06
30650.056 4.208856187800239e-06
30700.056 3.926038119579932e-06
30750.056 3.886621318100107e-06
30800.056 4.479023644101082e-06
30850.056 3.997149319400053e-06
30900.056 3.9754497082997594e-06
30950.056 3.888257200020274e-06
31000.056 4.389946423999911e-06
31050.056 3.952421493600132e-06
31100.056 4.190899618800036e-06
31150.056 4.23035198689967e-06
31200.056 4.305724361799585e-06
31250.056 4.591161943700762e-06
31300.056 4.1494168209997674e-06
31350.056 4.100940335700023e-06
31400.056 4.312189293300536e-06
31450.056 4.295891616100243e-06
31500.056 4.408246946800457e-06
31550.056 4.067594165499934e-06
31600.056 4.2639401039998684e-06
31650.056 4.429170173699826e-06
31700.056 4.488764403299951e-06
31750.056 4.095485911800045e-06
31800.056 4.4593398166002925e-06
31850.056 4.809390301699876e-06
31900.056 4.689812796399614e-06
31950.056 4.1123319602997195e-06
32000.056 4.269202172300661e-06
32050.056 4.7147355562004924e-06
32100.056 4.788817847899641e-06
32150.056 4.739843350600007e-06
32200.056 4.559081960299944e-06
32250.056 4.3982973194001375e-06
32300.056 4.6679321438000676e-06
32350.056 4.939232493200606e-06
32400.056 4.537747638199939e-06
32450.056 4.43144326370032e-06
32500.056 4.754890789300161e-06
32550.056 5.081477825700126e-06
32600.056 4.9619021321997045e-06
32650.056 4.862188891901002e-06
32700.056 4.692967474400115e-06
32750.056 4.857974458499995e-06
32800.056 4.53831683490049e-06
32850.056 5.153770283699766e-06
32900.056 4.998333089400183e-06
32950.056 4.550397949899881e-06
33000.056 4.862439749800221e-06
33050.056 4.9136874639995565e-06
33100.056 4.982331293499009e-06
33150.056 4.978582448000242e-06
33200.056 4.7595458924006076e-06
33250.056 5.003892565300362e-06
33300.056 5.360863483000293e-06
33350.056 5.046609391900236e-06
33400.056 4.757543389299606e-06
33450.056 5.083455655398836e-06
33500.056 5.072769249900178e-06
33550.056 5.001787414499347e-06
33600.056 5.071162281300531e-06
33650.056 5.138977011200838e-06
33700.056 5.282485841799354e-06
33750.056 5.243787947100241e-06
33800.056 5.154048607700001e-06
33850.056 5.065490460100062e-06
33900.056 5.531709845199508e-06
33950.056 5.073307134299489e-06
34000.056 5.0977393003991805e-06
34050.056 5.243140035000118e-06
34100.056 5.413010367600521e-06
34150.056 5.3206246103994375e-06
34200.056 5.126255562099471e-06
34250.056 5.5637840443993e-06
34300.056 5.260453490499536e-06
34350.056 5.427036212299476e-06
34400.056 5.190879736099537e-06
34450.056 5.089893260100154e-06
34500.056 5.332599991600911e-06
34550.056 5.212605559099782e-06
34600.056 5.317184908699829e-06
34650.056 5.3754445903998804e-06
34700.056 5.213941005399483e-06
34750.056 5.524947602400267e-06
34800.056 5.560951275599694e-06
34850.056 5.191169268199943e-06
34900.056 5.465569563500352e-06
34950.056 5.360734929199209e-06
35000.056 5.254215233299544e-06
35050.056 5.699806693700623e-06
35100.056 5.539787123399247e-06
35150.056 5.444879660799554e-06
35200.056 5.5128471363997825e-06
35250.056 5.12982315890049e-06
35300.056 5.503398673300476e-06
35350.056 5.668516416999669e-06
35400.056 5.431814725099799e-06
35450.056 5.356728518100178e-06
35500.056 5.609722218900089e-06
35550.056 5.467399140799879e-06
35600.056 5.370695795199189e-06
35650.056 5.732629590200534e-06
35700.056 5.391939185100318e-06
35750.056 5.416981151599675e-06
35800.056 5.6161529691996945e-06
35850.056 5.66602955069982e-06
35900.056 5.776340735599566e-06
35950.056 5.63113707659951e-06
36000.056 5.287736003899493e-06
36050.056 5.761021357500208e-06
36100.056 5.942805202099975e-06
36150.056 5.4121169932003796e-06
36200.056 5.768791037099553e-06
36250.056 5.49621035449934e-06
36300.056 6.029091223700673e-06
36350.056 5.804637621799324e-06
36400.056 5.6966532256998915e-06
36450.056 6.000021460599702e-06
36500.056 5.651224521000307e-06
36550.056 5.590597184500508e-06
36600.056 5.585354823300459e-06
36650.056 5.766080744100521e-06
36700.056 6.012903067800086e-06
36750.056 5.581347200800605e-06
36800.056 5.759891627899673e-06
36850.056 5.877001011499959e-06
36900.056 5.864801310900645e-06
36950.056 5.861995775000121e-06
37000.056 5.899602335800069e-06
37050.056 6.0381396250998736e-06
37100.056 5.807922241200412e-06
37150.056 5.788386501799097e-06
37200.056 5.950571202900078e-06
37250.056 5.984822334300239e-06
37300.056 5.989012030500866e-06
37350.056 5.745551449200536e-06
37400.056 5.970480205699807e-06
37450.056 5.915352173900312e-06
37500.056 6.101014764099748e-06
37550.056 5.9290627465992266e-06
37600.056 6.15385994179943e-06
37650.056 5.758053412299586e-06
37700.056 5.893034513900187e-06
37750.056 6.097224631299239e-06
37800.056 6.179101544499924e-06
37850.056 6.040071623899816e-06
37900.056 6.100753761600364e-06
37950.056 6.134762274800266e-06
38000.056 6.05704431870057e-06
38050.056 6.052445384100381e-06
38100.056 5.910272918700185e-06
38150.056 6.180434868299398e-06
38200.056 6.26177842679945e-06
38250.056 5.967180590000532e-06
38300.056 5.899668496199933e-06
38350.056 6.088598068700022e-06
38400.056 6.148077988299847e-06
38450.056 6.132247577300479e-06
38500.056 6.042385450399767e-06
38550.056 6.090918839400398e-06
38600.056 6.4169528421997985e-06
38650.056 5.843965367000177e-06
38700.056 5.922380852700645e-06
38750.056 6.182691897099954e-06
38800.056 6.053120269200765e-06
38850.056 6.126603781700166e-06
38900.056 5.89477382039997e-06
38950.056 6.127305498999757e-06
39000.056 6.046486987100082e-06
39050.056 6.087220532199965e-06
39100.056 5.843056156799972e-06
39150.056 5.964662470900215e-06
39200.056 6.0717200459001915e-06
39250.056 6.066685494499454e-06
39300.056 6.084335328199226e-06
39350.056 6.020496416800464e-06
39400.056 5.929216442400135e-06
39450.056 5.988495362599878e-06
39500.056 5.903863838899882e-06
39550.056 5.806856092599085e-06
39600.056 6.156283261800277e-06
39650.056 5.769556704700154e-06
39700.056 5.915044050599992e-06
39750.056 5.964374246999544e-06
39800.056 5.691366097500273e-06
39850.056 5.8432185164997995e-06
39900.056 5.698336452099675e-06
39950.056 5.90187797989981e-06
40000.056 5.654841554599703e-06
40050.056 5.351791762599883e-06
40100.056 5.65902245319984e-06
40150.056 5.365051863899151e-06
40200.056 5.59411611729978e-06
40250.056 5.515146252298723e-06
40300.056 5.262243164900312e-06
40350.056 5.403537246100018e-06
40400.056 5.4873765694001055e-06
40450.056 5.118295883000842e-06
40500.056 4.952721891499962e-06
40550.056 5.517640052499664e-06
40600.056 5.088451668700318e-06
40650.056 5.281957130500916e-06
40700.056 5.48784754250022e-06
40750.056 4.946970702598887e-06
40800.056 4.918783235800482e-06
40850.056 4.695198257900908e-06
40900.056 4.622134881600643e-06
40950.056 4.9422139004000265e-06
41000.056 5.082591476400304e-06
41050.056 4.992350185199182e-06
41100.056 4.7701616660004084e-06
41150.056 5.082552168800176e-06
41200.056 4.819586973900118e-06
41250.056 4.90253175000017e-06
41300.056 4.457272403499704e-06
41350.056 4.987829574000218e-06
41400.056 4.784083958599981e-06
41450.056 4.655945214599966e-06
41500.056 4.914208619800118e-06
41550.056 4.894258869500104e-06
41600.056 4.971853784999926e-06
41650.056 4.559802992400477e-06
41700.056 4.457467276799678e-06
41750.056 4.7835759889000944e-06
41800.056 4.6075019661998965e-06
41850.056 4.3320294123004525e-06
41900.056 4.787221868099373e-06
41950.056 4.576001881900289e-06
42000.056 4.729149082600225e-06
42050.056 4.410886632998934e-06
42100.056 4.7761304376002856e-06
42150.056 4.321392279599596e-06
42200.056 4.367727103200084e-06
42250.056 4.704686549299911e-06
42300.056 4.507914775200036e-06
42350.056 4.733451460200671e-06
42400.056 4.429558145199986e-06
42450.056 4.082237038600178e-06
42500.056 4.069207042000201e-06
42550.056 4.428656967699688e-06
42600.056 4.343675534300484e-06
42650.056 4.425697440299209e-06
42700.056 4.390748371400451e-06
42750.056 4.227019798200004e-06
42800.056 4.3634874976998e-06
42850.056 4.547602480999645e-06
42900.056 4.435439267100346e-06
42950.056 3.895409339898775e-06
43000.056 4.216416794400082e-06
43050.056 4.0020534183011545e-06
43100.056 4.1314179064993e-06
43150.056 4.264418520900864e-06
43200.056 4.042184363799831e-06
43250.056 4.183940402601075e-06
43300.056 4.146020665700088e-06
43350.056 3.978173124399294e-06
43400.056 3.897853856299681e-06
43450.056 3.923300860900675e-06
43500.056 3.828241284699204e-06
43550.056 3.852542470199915e-06
43600.056 4.051061727700058e-06
43650.056 3.731026728600283e-06
43700.056 3.7768694321003246e-06
43750.056 3.7739337075999775e-06
43800.056 3.659849615399825e-06
43850.056 3.7572297169004397e-06
43900.056 3.7892740881198957e-06
43950.056 3.6101597641201846e-06
44000.056 3.39946121010006e-06
44050.056 3.4019418002001132e-06
44100.056 3.5211536474006592e-06
44150.056 3.7331192792996807e-06
44200.056 3.449796949650304e-06
44250.056 3.352875799799732e-06
44300.056 3.265554829800672e-06
44350.056 3.2713616851001883e-06
44400.056 3.316953755499943e-06
44450.056 3.496069822700173e-06
44500.056 3.476028047900561e-06
44550.056 3.168063185999344e-06
44600.056 3.2119512095204203e-06
44650.056 3.4183606125999043e-06
44700.056 3.1764373611002774e-06
44750.056 3.3726207250395677e-06
44800.056 3.295441715619943e-06
44850.056 3.3864554393003057e-06
44900.056 3.2168751438003714e-06
44950.056 2.981316002960099e-06
45000.056 3.2494634912000033e-06
45050.056 3.1765647131995766e-06
45100.056 3.3327600041998607e-06
45150.056 3.209876831570093e-06
45200.056 2.988258427299796e-06
45250.056 3.0682721622496413e-06
45300.056 3.154054140800071e-06
45350.056 3.25616778928951e-06
45400.056 3.1707318837603193e-06
45450.056 2.970007626889499e-06
45500.056 2.9986496141997936e-06
45550.056 3.2499635904995738e-06
45600.056 3.1240953165999643e-06
45650.056 2.912486102399319e-06
45700.056 3.065611818900405e-06
45750.056 3.024966111799887e-06
45800.056 3.010453514619919e-06
45850.056 3.3087719439000694e-06
45900.056 3.195811337319936e-06
45950.056 2.9340450443999314e-06
46000.056 3.2457618054200226e-06
46050.056 3.3442647450508146e-06
46100.056 2.9386789857901274e-06
46150.056 2.9868354929099268e-06
46200.056 3.2360756602106796e-06
46250.056 2.8427311522899574e-06
46300.056 3.3352545206999053e-06
46350.056 2.876488731029782e-06
46400.056 3.093457977599685e-06
46450.056 2.997594059900564e-06
46500.056 2.925638280529941e-06
46550.056 3.2167535431998633e-06
46600.056 3.0012481795998066e-06
46650.056 3.4456086123198985e-06
46700.056 3.2950470353608977e-06
46750.056 2.9102872333800015e-06
46800.056 3.1271630287005e-06
46850.056 3.173317059120006e-06
46900.056 3.0957229225195037e-06
46950.056 3.329776591020165e-06
47000.056 3.132707070400029e-06
47050.056 3.1848622346997896e-06
47100.056 2.983730938400044e-06
47150.056 3.1344846458004215e-06
47200.056 3.0622320962407353e-06
47250.056 3.0704760559993334e-06
47300.056 3.1054255898592653e-06
47350.056 2.8267683200995654e-06
47400.056 3.1469450423993993e-06
47450.056 3.2687157551598866e-06
47500.056 3.004328691699378e-06
47550.056 3.053304045329487e-06
47600.056 3.225385678299856e-06
47650.056 2.644724440629436e-06
47700.056 3.2149313251999654e-06
47750.056 2.570142711810708e-06
47800.056 3.205849716499781e-06
47850.056 2.685674163209121e-06
47900.056 3.2760302560001085e-06
47950.056 2.670287492720619e-06
48000.056 3.387784027300057e-06
48050.056 2.8162180396804416e-06
48100.056 2.9500970088000197e-06
48150.056 2.783279761300277e-06
48200.056 3.2406311602006624e-06
48250.056 2.8268864188198767e-06
48300.056 3.381133488399881e-06
48350.056 2.558940057839384e-06
48400.056 3.1547462004999184e-06
48450.056 2.877081015090218e-06
48500.056 3.3324660881000114e-06
48550.056 2.6449761524099593e-06
48600.056 3.2405872046997404e-06
48650.056 2.6409375509599632e-06
48700.056 3.056094951200077e-06
48750.056 2.4640895880403473e-06
48800.056 3.2706249392001797e-06
48850.056 2.646075969649498e-06
48900.056 3.1761182299000965e-06
48950.056 2.9681795571002752e-06
49000.056 2.9123880028398782e-06
49050.056 3.001536606599786e-06
49100.056 2.889533695200106e-06
49150.056 2.8534948375999654e-06
49200.056 3.0082040675199193e-06
49250.056 2.870806897100189e-06
49300.056 2.722238908199629e-06
49350.056 2.708409911299952e-06
49400.056 3.115235071300377e-06
49450.056 2.791945828200597e-06
49500.056 2.8143320022004086e-06
49550.056 2.669490774599907e-06
49600.056 2.7136077949803045e-06
49650.056 2.8028509560003793e-06
49700.056 2.496721806599725e-06
49750.056 3.2888952264995316e-06
49800.056 2.817888062000014e-06
49850.056 3.1685745580800657e-06
49900.056 2.7262532187000647e-06
49950.056 2.8442858579993425e-06
50000.056 2.7274611614994023e-06
50050.056 2.8756838243000636e-06
50100.056 2.877876982099821e-06
50150.056 2.687783404299912e-06
50200.056 2.517868964600157e-06
50250.056 2.6238670763302484e-06
50300.056 2.612717587699625e-06
50350.056 2.8140704335099283e-06
50400.056 2.7358018475000617e-06
50450.056 2.5980995591002188e-06
50500.056 3.170904808500378e-06
50550.056 2.7332237510198017e-06
50600.056 2.8124669747002324e-06
50650.056 2.7249514770005665e-06
50700.056 2.906172311299423e-06
50750.056 2.8615004452002783e-06
50800.056 2.4441180801998193e-06
50850.056 2.7248831629003076e-06
50900.056 2.710946744099935e-06
50950.056 2.8307500076004304e-06
51000.056 3.0722720108002874e-06
51050.056 2.588766974100385e-06
51100.056 2.5779886620998854e-06
51150.056 2.851045413920142e-06
51200.056 2.6497196805198576e-06
51250.056 2.865927451200156e-06
51300.056 2.5805183424205853e-06
51350.056 2.7907182609998326e-06
51400.056 2.731209035699363e-06
51450.056 2.1412302825997153e-06
51500.056 2.7952882914800044e-06
51550.056 3.1005687764002377e-06
51600.056 2.3242536396499013e-06
51650.056 2.76426021809969e-06
51700.056 2.4892572991792735e-06
51750.056 2.5094438332001375e-06
51800.056 2.7743889128996613e-06
51850.056 2.7845810190998235e-06
51900.056 2.8842874834002706e-06
51950.056 2.6219190390997317e-06
52000.056 2.444667296110023e-06
52050.056 2.776168450199791e-06
52100.056 2.7067082161995178e-06
52150.056 2.699209101500328e-06
52200.056 2.592230678650116e-06
52250.056 2.563392869599962e-06
52300.056 2.647355607999967e-06
52350.056 2.8961153721002196e-06
52400.056 2.351698911590089e-06
52450.056 2.595071012200019e-06
52500.056 2.737877356299328e-06
52550.056 2.5652776311994675e-06
52600.056 2.6871279219000954e-06
52650.056 2.940729663000477e-06
52700.056 2.6087723778000793e-06
52750.056 2.270664058399835e-06
52800.056 2.493351323600196e-06
52850.056 2.3913405898999797e-06
52900.056 2.6723280841002214e-06
52950.056 2.536521661999631e-06
53000.056 2.766354559209621e-06
53050.056 2.678154901319646e-06
53100.056 2.383916501199572e-06
53150.056 2.795753499500452e-06
53200.056 2.2204174408303978e-06
53250.056 2.842942231199955e-06
53300.056 2.751821753900686e-06
53350.056 2.81042218029977e-06
53400.056 2.5119935569001493e-06
53450.056 2.4491120953000266e-06
53500.056 2.27458851499968e-06
53550.056 2.7226588177999945e-06
53600.056 2.688675726000393e-06
53650.056 2.4070489724805067e-06
53700.056 2.4657341904205244e-06
53750.056 2.74407495019977e-06
53800.056 2.6837814126003502e-06
53850.056 2.731366973299178e-06
