galfind/configs/Brown_Dwarf_templates/sonora_bobcat/m-0.5/100g/sp_t1300g100nc_m-0.5_resample.dat
# %ECSV 1.0
# ---
# datatype:
# - {name: wav, unit: Angstrom, datatype: float64}
# - {name: flux_nu, unit: erg / (cm2 Hz s), datatype: float64}
# meta: {C/O: '1.00', Kzz: '1.0000E+05', Teff: '1300.', Y: '0.28', '[Fe/H]': '-0.50', f_hole: '1.00', f_rain: '0.00', grav: '100.'}
# schema: astropy-2.0
wav flux_nu
4000.0559999999996 nan
4050.0559999999996 4.5832817124855794e-11
4100.056 2.6779643109446347e-10
4150.056 2.779159684823267e-10
4200.056 2.1611862273076875e-10
4250.056 2.5525579452404766e-10
4300.056 2.3023076763203563e-10
4350.056 2.404852387810163e-10
4400.056 2.8059001191703543e-10
4450.056 2.3862716201300983e-10
4500.056 2.49756209930023e-10
4550.056 3.1808621827722137e-10
4600.056 3.100582964499975e-10
4650.056 2.881936809629655e-10
4700.056 3.6002561099402044e-10
4750.056 3.6007165900097094e-10
4800.056 1.8493907534601443e-10
4850.056 1.5194951803200012e-10
4900.056 1.3338568579799895e-10
4950.056 7.822614310599933e-11
5000.056 2.7947021995999345e-11
5050.056 1.0563774755300108e-11
5100.056 8.43034794610008e-12
5150.056 7.347620552400036e-12
5200.056 6.557355222999983e-12
5250.056 5.444341792699963e-12
5300.056 4.393137877699985e-12
5350.056 3.553179661699981e-12
5400.056 2.894085278499993e-12
5450.056 2.348331874199992e-12
5500.056 1.8798684343999973e-12
5550.056 1.4564494468999983e-12
5600.056 1.102304070689995e-12
5650.056 8.007662400199973e-13
5700.056 5.523729537999973e-13
5750.056 3.5036717693999757e-13
5800.056 1.9986057287999834e-13
5850.056 9.017500440699873e-14
5900.056 1.8252300527141908e-14
5950.056 2.0887099799700345e-13
6000.056 7.194844055600125e-13
6050.056 2.025110748200023e-12
6100.056 4.873302139800049e-12
6150.056 1.0503185754900103e-11
6200.056 2.0609592897000166e-11
6250.056 3.75748667530003e-11
6300.056 6.49519557100005e-11
6350.056 1.0764805785500075e-10
6400.056 1.7152993169000126e-10
6450.056 2.6402905713000207e-10
6500.056 3.952234673400042e-10
6550.056 5.792648809000035e-10
6600.056 8.371486702100077e-10
6650.056 1.160115315650006e-09
6700.056 8.615153369897445e-10
6750.056 1.9584387068000154e-09
6800.056 2.669601783500025e-09
6850.056 3.0094684172000134e-09
6900.056 2.836032962400015e-09
6950.056 2.480281225599983e-09
7000.056 2.406685848500009e-09
7050.056 2.6238278970000014e-09
7100.056 2.9102722942000015e-09
7150.056 3.091439488899976e-09
7200.056 3.1642269209000328e-09
7250.056 3.0166839072999483e-09
7300.056 2.6708517705999892e-09
7350.056 2.258945046199985e-09
7400.056 1.896468169900004e-09
7450.056 1.5589598419e-09
7500.056 1.2161488725999928e-09
7550.056 8.742499660399933e-10
7600.056 5.377996702999926e-10
7650.056 7.211343743104434e-11
7700.056 2.4670959634520695e-11
7750.056 3.644304160400108e-10
7800.056 8.656073803138584e-10
7850.056 1.9861533591000195e-09
7900.056 3.2031904388000218e-09
7950.056 3.764437693006622e-09
8000.056 6.6635746021000505e-09
8050.056 9.288434864399956e-09
8100.056 1.2492857887199975e-08
8150.056 1.6431585482300065e-08
8200.056 2.0003174773600478e-08
8250.056 2.6671367280100388e-08
8300.056 3.270090918400153e-08
8350.056 3.949218051499946e-08
8400.056 4.678022825399858e-08
8450.056 5.1161106026998995e-08
8500.056 5.187967285330309e-08
8550.056 6.40034682500024e-08
8600.056 7.154076945199853e-08
8650.056 6.857211854899422e-08
8700.056 6.994413056499296e-08
8750.056 7.906987171300367e-08
8800.056 9.782629472800414e-08
8850.056 1.0978022694799354e-07
8900.056 1.1416024972399968e-07
8950.056 1.0964944283485388e-07
9000.056 1.4618456160999565e-07
9050.056 1.5322054702500742e-07
9100.056 1.78444083814e-07
9150.056 1.9692524423900626e-07
9200.056 2.1503229571598575e-07
9250.056 2.0357101656508368e-07
9300.056 1.4761952764633902e-07
9350.056 1.7213206122957224e-07
9400.056 2.088583587388435e-07
9450.056 2.357512526640557e-07
9500.056 2.5094839610983636e-07
9550.056 2.712149030442652e-07
9600.056 2.69276571686825e-07
9650.056 2.948425403553542e-07
9700.056 3.350345372498896e-07
9750.056 3.219438560695058e-07
9800.056 3.4916825415304733e-07
9850.056 3.6512340924199875e-07
9900.056 2.8136797495197985e-07
9950.056 2.2512700205499278e-07
10000.056 1.9509990373599046e-07
10050.056 2.483385806299986e-07
10100.056 2.9739158208000296e-07
10150.056 3.0503975616996764e-07
10200.056 3.377705637599922e-07
10250.056 3.5740700390998825e-07
10300.056 3.523263960700028e-07
10350.056 4.0508696673001147e-07
10400.056 4.578734215999863e-07
10450.056 4.726934733400229e-07
10500.056 4.6318847323999125e-07
10550.056 4.805665952400269e-07
10600.056 5.184672481500116e-07
10650.056 5.483115523100308e-07
10700.056 5.780036221900257e-07
10750.056 6.369732401500299e-07
10800.056 6.926018045599967e-07
10850.056 7.657334630099582e-07
10900.056 7.387696841699814e-07
10950.056 6.434112999349861e-07
11000.056 5.987229892059609e-07
11050.056 5.120171139128979e-07
11100.056 4.884384010907985e-07
11150.056 4.6023031186412353e-07
11200.056 4.6893164181446535e-07
11250.056 5.705810703994557e-07
11300.056 5.49425196228513e-07
11350.056 4.054082382180633e-07
11400.056 4.330620270064501e-07
11450.056 5.101385518277621e-07
11500.056 6.099273540578189e-07
11550.056 5.086671076408357e-07
11600.056 5.494296672275753e-07
11650.056 5.68450401053097e-07
11700.056 4.347218987328168e-07
11750.056 3.973311552937084e-07
11800.056 4.822628160185982e-07
11850.056 6.893628984626222e-07
11900.056 7.715166786683033e-07
11950.056 7.786834951899853e-07
12000.056 7.19406464545e-07
12050.056 8.885909969290755e-07
12100.056 9.06072160749952e-07
12150.056 1.0662769550099442e-06
12200.056 1.079704328859831e-06
12250.056 1.2024822185199152e-06
12300.056 1.2875432811400943e-06
12350.056 1.2738426794900057e-06
12400.056 1.165281989199977e-06
12450.056 1.0645268288900146e-06
12500.056 1.1244071345499586e-06
12550.056 1.1681051312500754e-06
12600.056 1.4208598460100319e-06
12650.056 1.4300792976099677e-06
12700.056 1.563015854660151e-06
12750.056 1.5265848038499886e-06
12800.056 1.5985184297000415e-06
12850.056 1.4930225741000048e-06
12900.056 1.377901487269987e-06
12950.056 1.417406558473964e-06
13000.056 1.4599954738228112e-06
13050.056 1.4929496420819435e-06
13100.056 1.485437210520314e-06
13150.056 1.4093748329773085e-06
13200.056 1.3188244634839674e-06
13250.056 1.1387375981917825e-06
13300.056 8.134757344470764e-07
13350.056 3.4524194534323215e-07
13400.056 2.5677456268439714e-07
13450.056 1.8820409251516607e-07
13500.056 1.5888431370895202e-07
13550.056 1.3319687710262178e-07
13600.056 1.113424453299143e-07
13650.056 1.6847872830295354e-07
13700.056 1.4112084955685007e-07
13750.056 1.48871958556585e-07
13800.056 1.8230593310999865e-07
13850.056 1.6459489989287302e-07
13900.056 1.6684774448350426e-07
13950.056 1.545304087860685e-07
14000.056 1.4285760355643803e-07
14050.056 1.5343368650560103e-07
14100.056 1.2834245217286508e-07
14150.056 1.549999557201955e-07
14200.056 1.3121318520995023e-07
14250.056 1.3015808674615586e-07
14300.056 1.5957670087010154e-07
14350.056 1.5973307146994196e-07
14400.056 1.746574905755398e-07
14450.056 1.836856129540502e-07
14500.056 2.448190565017719e-07
14550.056 2.585414973393654e-07
14600.056 2.9981188166636397e-07
14650.056 3.0178987211317e-07
14700.056 2.678255212297202e-07
14750.056 3.0393439929021966e-07
14800.056 3.475343068696384e-07
14850.056 3.81685757545745e-07
14900.056 3.77373752045187e-07
14950.056 3.976020799452593e-07
15000.056 4.217513153689809e-07
15050.056 4.904477593063897e-07
15100.056 5.104387823357345e-07
15150.056 5.607359455983433e-07
15200.056 5.67245682318526e-07
15250.056 6.214205120259826e-07
15300.056 6.701660688229481e-07
15350.056 7.255028579959636e-07
15400.056 7.83378329868031e-07
15450.056 8.377148475720506e-07
15500.056 8.688863853049543e-07
15550.056 9.440593647699248e-07
15600.056 9.420314089200518e-07
15650.056 9.917923111500605e-07
15700.056 1.0877631686102182e-06
15750.056 1.1366186818199473e-06
15800.056 1.119525518240135e-06
15850.056 1.120188039960003e-06
15900.056 1.122102616010055e-06
15950.056 1.1261925885199045e-06
16000.056 1.0924051795999868e-06
16050.056 1.0223080074899955e-06
16100.056 9.624024201299615e-07
16150.056 8.517632334579833e-07
16200.056 7.774365772038088e-07
16250.056 7.443624910478988e-07
16300.056 7.095153966640947e-07
16350.056 7.515976528928993e-07
16400.056 7.964560150510075e-07
16450.056 8.265865364505674e-07
16500.056 8.662206491742811e-07
16550.056 8.541165609186977e-07
16600.056 8.262105927551335e-07
16650.056 7.430433393728396e-07
16700.056 5.608902300843797e-07
16750.056 6.060793559949519e-07
16800.056 7.281174475570334e-07
16850.056 7.298042891849664e-07
16900.056 6.963057988582891e-07
16950.056 6.493766862259988e-07
17000.056 5.967123259721341e-07
17050.056 6.756096644440804e-07
17100.056 6.865159082010433e-07
17150.056 6.29009551815943e-07
17200.056 6.551082341818595e-07
17250.056 6.072672284298253e-07
17300.056 5.628805568820167e-07
17350.056 5.244341878607478e-07
17400.056 5.293870573889846e-07
17450.056 5.022598383058212e-07
17500.056 5.153225711544817e-07
17550.056 4.925626812676431e-07
17600.056 4.6633892604705803e-07
17650.056 4.650992350082805e-07
17700.056 3.8559061724049543e-07
17750.056 3.615233017982707e-07
17800.056 4.003131136483453e-07
17850.056 3.2653540155088223e-07
17900.056 3.4014166010800984e-07
17950.056 3.107667469801274e-07
18000.056 3.044643204067004e-07
18050.056 3.0113535564844723e-07
18100.056 2.9795417434070094e-07
18150.056 3.508817457158184e-07
18200.056 2.6122811847858973e-07
18250.056 3.671048884757427e-07
18300.056 3.224254792774428e-07
18350.056 2.956982773732375e-07
18400.056 2.8841730030930905e-07
18450.056 2.76777844305827e-07
18500.056 2.9644953244451297e-07
18550.056 2.6576054821017264e-07
18600.056 2.2714818138964446e-07
18650.056 2.451703907588401e-07
18700.056 2.668536979087919e-07
18750.056 2.745293086610207e-07
18800.056 3.280155903198787e-07
18850.056 3.697915128560723e-07
18900.056 3.6065583287703133e-07
18950.056 4.1655172834700815e-07
19000.056 3.9821954768076644e-07
19050.056 3.6357902304973595e-07
19100.056 4.3172957504235933e-07
19150.056 4.031346152079754e-07
19200.056 4.236269423830569e-07
19250.056 3.812964725306786e-07
19300.056 3.912804578491244e-07
19350.056 3.618108035636758e-07
19400.056 2.92051964188365e-07
19450.056 3.823745539293264e-07
19500.056 3.7998854671416283e-07
19550.056 3.105149875872841e-07
19600.056 3.673377706507982e-07
19650.056 3.859370973672706e-07
19700.056 3.8983349850353343e-07
19750.056 3.724550942877567e-07
19800.056 4.016892544486597e-07
19850.056 4.3957041185289295e-07
19900.056 3.764648522258463e-07
19950.056 4.6976916171201137e-07
20000.056 4.2418071451401795e-07
20050.056 4.6957155719590583e-07
20100.056 4.823026402872037e-07
20150.056 4.974687049010693e-07
20200.056 5.226749595031864e-07
20250.056 5.562836165979207e-07
20300.056 5.48135298882048e-07
20350.056 5.919378298559159e-07
20400.056 5.892514491258065e-07
20450.056 6.211717778798596e-07
20500.056 6.399481622479394e-07
20550.056 6.415240028889725e-07
20600.056 6.872562646341029e-07
20650.056 6.785459784721193e-07
20700.056 6.956486848280867e-07
20750.056 7.059568548919715e-07
20800.056 7.235471579060015e-07
20850.056 7.106125448099732e-07
20900.056 7.3303802855989e-07
20950.056 7.273534804599674e-07
21000.056 7.299299888000395e-07
21050.056 7.260812544699934e-07
21100.056 7.153283997900174e-07
21150.056 7.266134666099276e-07
21200.056 7.044555614099996e-07
21250.056 7.040056032599242e-07
21300.056 6.692246651299203e-07
21350.056 6.751470437860094e-07
21400.056 6.540631363401337e-07
21450.056 6.475865834839949e-07
21500.056 6.231310424701002e-07
21550.056 6.046808736700402e-07
21600.056 5.80603133142088e-07
21650.056 5.560542243200209e-07
21700.056 5.540231182499985e-07
21750.056 5.127329797370163e-07
21800.056 4.797951084918779e-07
21850.056 4.5086211119402294e-07
21900.056 3.986569856089559e-07
21950.056 3.2567810667906997e-07
22000.056 2.224464517920188e-07
22050.056 1.7402364578488527e-07
22100.056 2.0388999457109893e-07
22150.056 2.446364269739882e-07
22200.056 2.6245990409437875e-07
22250.056 2.56674630083121e-07
22300.056 2.33089266153692e-07
22350.056 2.2322842809410844e-07
22400.056 1.954202971720104e-07
22450.056 1.7715911010795907e-07
22500.056 1.7739270016006964e-07
22550.056 1.5914666256553085e-07
22600.056 1.623668030050985e-07
22650.056 1.61015072496996e-07
22700.056 1.4961620933798438e-07
22750.056 1.51015356930043e-07
22800.056 1.3983503713535789e-07
22850.056 1.2779048325502935e-07
22900.056 1.2180902929135922e-07
22950.056 1.1452702917996953e-07
23000.056 1.3104031187499788e-07
23050.056 1.5976320361057332e-07
23100.056 2.0119980611303762e-07
23150.056 2.0968461200669112e-07
23200.056 1.1374502918239504e-07
23250.056 1.1568441157302562e-07
23300.056 9.972952279803869e-08
23350.056 9.735886882519819e-08
23400.056 1.0200632727082239e-07
23450.056 1.0572438000450806e-07
23500.056 1.1426336798734001e-07
23550.056 1.3289007353801814e-07
23600.056 1.4567697033097835e-07
23650.056 1.6825959225197396e-07
23700.056 1.2964588935272587e-07
23750.056 1.1564990645480808e-07
23800.056 1.0583990685700203e-07
23850.056 1.1913411800100309e-07
23900.056 1.5505926316521556e-07
23950.056 1.7081394815233113e-07
24000.056 1.822932011839576e-07
24050.056 2.0391788897668818e-07
24100.056 1.9348118093765118e-07
24150.056 2.071969191910717e-07
24200.056 2.1276950802694974e-07
24250.056 1.980011187150046e-07
24300.056 2.1413671401105068e-07
24350.056 1.9124223482094837e-07
24400.056 2.2519685069407403e-07
24450.056 2.1367647044708868e-07
24500.056 2.1885521117645166e-07
24550.056 2.3373556801308596e-07
24600.056 2.400467310920206e-07
24650.056 2.7445112372703064e-07
24700.056 2.300950962290217e-07
24750.056 2.3960978608904834e-07
24800.056 2.4581136589502613e-07
24850.056 2.9216799091115484e-07
24900.056 2.215930139619283e-07
24950.056 2.9809599356054367e-07
25000.056 2.77862955001177e-07
25050.056 2.248184174898405e-07
25100.056 2.7671118292987906e-07
25150.056 2.293296363834638e-07
25200.056 2.655160799662408e-07
25250.056 2.3103982311828225e-07
25300.056 2.7672728063041713e-07
25350.056 2.1451065990309948e-07
25400.056 2.803628070114718e-07
25450.056 2.1994997030737e-07
25500.056 2.3071964635414593e-07
25550.056 2.2609548344097e-07
25600.056 2.265436828126813e-07
25650.056 1.923322117134015e-07
25700.056 2.744095401085921e-07
25750.056 1.7706579209796115e-07
25800.056 2.6887259169354796e-07
25850.056 2.0119167105377464e-07
25900.056 2.4636723115277204e-07
25950.056 1.9046587094842976e-07
26000.056 2.8564798466312564e-07
26050.056 2.5881191163524334e-07
26100.056 2.928663810861807e-07
26150.056 2.6657769970548174e-07
26200.056 2.729992282395123e-07
26250.056 3.152267190755328e-07
26300.056 2.8259403900892966e-07
26350.056 3.476475518436522e-07
26400.056 3.484784643724769e-07
26450.056 3.5470039915755907e-07
26500.056 3.763779940628965e-07
26550.056 3.137995079160902e-07
26600.056 4.018208367312522e-07
26650.056 2.686039518607585e-07
26700.056 2.7452878198713255e-07
26750.056 2.1193148171380924e-07
26800.056 2.764385412099473e-07
26850.056 1.93041714542604e-07
26900.056 3.0132083382103163e-07
26950.056 1.9222450649514107e-07
27000.056 3.0943842813057845e-07
27050.056 2.5727222359201297e-07
27100.056 2.479571065504457e-07
27150.056 3.071106704910261e-07
27200.056 2.702284972002532e-07
27250.056 2.7035702389180123e-07
27300.056 3.8194426948203355e-07
27350.056 3.3829455197300934e-07
27400.056 2.215082846773723e-07
27450.056 4.0707824874538684e-07
27500.056 3.7575071045094615e-07
27550.056 2.8487230334061664e-07
27600.056 4.0326562598476405e-07
27650.056 2.6524888679028455e-07
27700.056 2.406559355696205e-07
27750.056 4.0268023881492306e-07
27800.056 2.5081610143388115e-07
27850.056 2.855680348470644e-07
27900.056 3.031648187292331e-07
27950.056 3.9910726002499276e-07
28000.056 3.520062643521646e-07
28050.056 2.168073472609585e-07
28100.056 4.2293160088318047e-07
28150.056 3.0297484973674066e-07
28200.056 2.2513565077751517e-07
28250.056 3.797137409009979e-07
28300.056 4.518859167452562e-07
28350.056 2.64697242146319e-07
28400.056 3.3064312072557095e-07
28450.056 3.8363862998389565e-07
28500.056 3.5283879572541055e-07
28550.056 2.0782543535972387e-07
28600.056 4.310679585419463e-07
28650.056 3.8331367820399027e-07
28700.056 3.429603321183423e-07
28750.056 4.1141584257301744e-07
28800.056 3.781948549380968e-07
28850.056 4.1726772517004095e-07
