galfind/configs/Brown_Dwarf_templates/sonora_bobcat/m-0.5/100g/sp_t1100g100nc_m-0.5_resample.dat
# %ECSV 1.0
# ---
# datatype:
# - {name: wav, unit: Angstrom, datatype: float64}
# - {name: flux_nu, unit: erg / (cm2 Hz s), datatype: float64}
# meta: {C/O: '1.00', Kzz: '1.0000E+05', Teff: '1100.', Y: '0.28', '[Fe/H]': '-0.50', f_hole: '1.00', f_rain: '0.00', grav: '100.'}
# schema: astropy-2.0
wav flux_nu
[from data line 499]
28950.056 2.0128627832946847e-07
29000.056 1.6330652291956325e-07
29050.056 1.7934955749260165e-07
29100.056 1.298942171010224e-07
29150.056 2.164834582788714e-07
29200.056 1.5938236715002002e-07
29250.056 2.1065380783451554e-07
29300.056 1.3656219870078049e-07
29350.056 2.895851130208764e-07
29400.056 1.808366152702956e-07
29450.056 1.9578135684457554e-07
29500.056 2.070311214661973e-07
29550.056 1.9422949875238773e-07
29600.056 2.2267225511021357e-07
29650.056 2.1420795619087774e-07
29700.056 1.7728022626704258e-07
29750.056 2.2707977268835944e-07
29800.056 2.391379416696711e-07
29850.056 2.3889654385904293e-07
29900.056 2.2651274492143048e-07
29950.056 2.425270664251257e-07
30000.056 1.758159099461955e-07
30050.056 1.8162761058900416e-07
30100.056 1.7445747757794807e-07
30150.056 2.529262762689851e-07
30200.056 2.014092802014026e-07
30250.056 2.611953838240464e-07
30300.056 2.2325502755100665e-07
30350.056 2.0263597143301003e-07
30400.056 2.3634128633500242e-07
30450.056 1.8317694383553408e-07
30500.056 1.5510794209540645e-07
30550.056 1.6455301822080425e-07
30600.056 1.803624622929929e-07
30650.056 1.565674946329704e-07
30700.056 1.5060837121838107e-07
30750.056 1.449089210529792e-07
30800.056 1.316283243880296e-07
30850.056 1.1854695120396118e-07
30900.056 1.1734742256987692e-07
30950.056 1.0414920582042516e-07
31000.056 9.645818510400568e-08
31050.056 1.0655289499700771e-07
31100.056 8.16681808585939e-08
31150.056 9.156514914869483e-08
31200.056 1.0025609266301648e-07
31250.056 7.607071779138876e-08
31300.056 7.657430798848874e-08
31350.056 7.3628326576803e-08
31400.056 6.083786823800471e-08
31450.056 6.550906846398721e-08
31500.056 5.522467240938549e-08
31550.056 5.958399794039494e-08
31600.056 5.0494050196600647e-08
31650.056 4.6717815715604806e-08
31700.056 4.799859826799116e-08
31750.056 4.08756051957151e-08
31800.056 5.023673832899115e-08
31850.056 4.1962649123207706e-08
31900.056 4.924441653840078e-08
31950.056 3.413433061500297e-08
32000.056 4.3385894497093846e-08
32050.056 4.4988423506401934e-08
32100.056 4.3865806884606344e-08
32150.056 4.6923428587194414e-08
32200.056 4.100286224740095e-08
32250.056 5.260047684070797e-08
32300.056 3.964985032239551e-08
32350.056 5.544692682919545e-08
32400.056 4.0139816971394604e-08
32450.056 5.278108634588125e-08
32500.056 5.067662915690932e-08
32550.056 4.936219843029477e-08
32600.056 5.564278626440021e-08
32650.056 7.077164846808916e-08
32700.056 6.49336526580117e-08
32750.056 7.202252918780619e-08
32800.056 6.92876309787075e-08
32850.056 7.480232572699014e-08
32900.056 8.327590891679426e-08
32950.056 8.401474320569336e-08
33000.056 7.313460720587962e-08
33050.056 6.752655943602475e-08
33100.056 4.316828946939379e-08
33150.056 1.9681167622102253e-08
33200.056 1.636804243709566e-08
33250.056 1.1027403350996632e-08
33300.056 1.2125254744402893e-08
33350.056 1.7349898626900738e-08
33400.056 2.277245121499409e-08
33450.056 3.005348841469874e-08
33500.056 4.232283846501457e-08
33550.056 4.2827259303812543e-08
33600.056 5.868329654039374e-08
33650.056 6.335737706479928e-08
33700.056 5.560537725298978e-08
33750.056 7.457892512800623e-08
33800.056 6.499440612720497e-08
33850.056 7.393764638849176e-08
33900.056 6.119489311999718e-08
33950.056 6.289074578749293e-08
34000.056 7.479917728941528e-08
34050.056 5.182579205988591e-08
34100.056 7.476942927599542e-08
34150.056 6.268077370569258e-08
34200.056 6.164513900297722e-08
34250.056 6.541403746597296e-08
34300.056 5.786151890567105e-08
34350.056 5.377223828900088e-08
34400.056 5.067742053779559e-08
34450.056 6.45903326949878e-08
34500.056 6.096406910000016e-08
34550.056 5.190018940900202e-08
34600.056 7.397740473999835e-08
34650.056 5.850082912799778e-08
34700.056 6.476568628899542e-08
34750.056 6.633011565898359e-08
34800.056 6.095562706308899e-08
34850.056 6.520349626701257e-08
34900.056 7.099619159168182e-08
34950.056 7.09975141299862e-08
35000.056 9.431336649001922e-08
35050.056 6.718079771959694e-08
35100.056 7.9477549665e-08
35150.056 8.075433780360848e-08
35200.056 8.421291563379842e-08
35250.056 1.0054931589597655e-07
35300.056 8.411379869861629e-08
35350.056 8.297024939797852e-08
35400.056 9.19486817010151e-08
35450.056 6.854108473103112e-08
35500.056 1.1113216255600272e-07
35550.056 1.0607069379798898e-07
35600.056 9.666346246203248e-08
35650.056 1.0771341327900451e-07
35700.056 9.788614124499392e-08
35750.056 1.1491333926398693e-07
35800.056 1.4559523964700272e-07
35850.056 1.0135437199399326e-07
35900.056 1.31211073078001e-07
35950.056 1.2446993028898277e-07
36000.056 1.2545649424901932e-07
36050.056 1.2501785153897736e-07
36100.056 1.279513587599293e-07
36150.056 1.335441324229826e-07
36200.056 1.453520639499782e-07
36250.056 1.369165993739701e-07
36300.056 1.544969827690116e-07
36350.056 1.5070055811399995e-07
36400.056 1.5188989916899482e-07
36450.056 1.7144870958199892e-07
36500.056 1.7422896554798764e-07
36550.056 1.8520393828904685e-07
36600.056 2.048122772900008e-07
36650.056 1.9816179682396662e-07
36700.056 2.0855436413597984e-07
36750.056 2.2480553843806278e-07
36800.056 2.2464314571799683e-07
36850.056 2.182592177599508e-07
36900.056 2.2470154494498287e-07
36950.056 2.545508364399778e-07
37000.056 2.472465394399905e-07
37050.056 2.4836579044799654e-07
37100.056 2.657983499649809e-07
37150.056 2.4051291537401906e-07
37200.056 2.743047450579968e-07
37250.056 2.734830470239536e-07
37300.056 2.5024692030291217e-07
37350.056 2.5998027891003513e-07
37400.056 3.3441597730999306e-07
37450.056 2.876092579720069e-07
37500.056 2.836366974279751e-07
37550.056 3.282046243201182e-07
37600.056 3.513986118900195e-07
37650.056 2.901603466410121e-07
37700.056 3.626475258860361e-07
37750.056 3.0642769591901484e-07
37800.056 3.251148925501505e-07
37850.056 2.8359969922800956e-07
37900.056 3.038527097361023e-07
37950.056 3.267569169209464e-07
38000.056 3.795860679139929e-07
38050.056 3.739331356360623e-07
38100.056 3.665772421220488e-07
38150.056 4.047863539999809e-07
38200.056 4.172213032340685e-07
38250.056 3.964747728380114e-07
38300.056 4.672934162999476e-07
38350.056 4.79812235500045e-07
38400.056 3.811503068459196e-07
38450.056 4.10013021949938e-07
38500.056 3.4631724111007944e-07
38550.056 4.418121831800616e-07
38600.056 4.389226400979823e-07
38650.056 4.4632202501996327e-07
38700.056 4.7516214814998564e-07
38750.056 4.925239003900006e-07
38800.056 4.381757430398362e-07
38850.056 4.564176866100295e-07
38900.056 5.205322658100258e-07
38950.056 4.7491621230998234e-07
39000.056 5.117499494099834e-07
39050.056 4.931623705399769e-07
39100.056 4.986030928100482e-07
39150.056 5.195178770999981e-07
39200.056 5.150327786959727e-07
39250.056 5.602369152299358e-07
39300.056 5.147739785798671e-07
39350.056 5.840152360300382e-07
39400.056 5.580233559800644e-07
39450.056 5.609977734299866e-07
39500.056 5.457769895400381e-07
39550.056 5.620623594670686e-07
39600.056 5.939479248198568e-07
39650.056 6.254666851099966e-07
39700.056 6.045875466400381e-07
39750.056 5.534945564640953e-07
39800.056 6.025935814398954e-07
39850.056 6.646361533299974e-07
39900.056 6.480567568300148e-07
39950.056 6.424398454298999e-07
40000.056 7.059325845300816e-07
40050.056 6.629132622300346e-07
40100.056 6.216694815940183e-07
40150.056 6.887514218799676e-07
40200.056 7.022156407798576e-07
40250.056 6.661067483598588e-07
40300.056 6.752163758700708e-07
40350.056 6.900159892799929e-07
40400.056 7.37272481764007e-07
40450.056 7.071812056900857e-07
40500.056 7.203429318300412e-07
40550.056 7.495813316199383e-07
40600.056 7.097275457900667e-07
40650.056 7.053055051629004e-07
40700.056 8.196332230799752e-07
40750.056 7.227039403398616e-07
40800.056 6.496708701597967e-07
40850.056 7.951105989901367e-07
40900.056 7.555736178500094e-07
40950.056 7.312978603400142e-07
41000.056 7.473072686099986e-07
41050.056 8.19232335629945e-07
41100.056 7.287085568299621e-07
41150.056 6.542751267619435e-07
41200.056 7.90012408179977e-07
41250.056 7.305490599699819e-07
41300.056 6.779352414498704e-07
41350.056 8.151572520700692e-07
41400.056 7.607014774800766e-07
41450.056 7.832825212801056e-07
41500.056 6.957878616309761e-07
41550.056 7.062607841700681e-07
41600.056 7.880860093470546e-07
41650.056 7.73562330140069e-07
41700.056 7.189351512598577e-07
41750.056 7.421275821499747e-07
41800.056 8.481013543799632e-07
41850.056 6.168384433200287e-07
41900.056 7.512267111218792e-07
41950.056 7.5882467245011e-07
42000.056 7.544553668900683e-07
42050.056 6.66850454629943e-07
42100.056 8.626332555900987e-07
42150.056 6.593941883199966e-07
42200.056 6.655923011759853e-07
42250.056 7.161816939799081e-07
42300.056 6.826719630699769e-07
42350.056 7.889566775901138e-07
42400.056 7.276496292901224e-07
42450.056 6.539182007500169e-07
42500.056 6.636196097500126e-07
42550.056 6.506364809799564e-07
42600.056 6.852530054011414e-07
42650.056 7.94369650139776e-07
42700.056 7.128333797859636e-07
42750.056 6.497858203800279e-07
42800.056 6.947620061980562e-07
42850.056 7.608956101998196e-07
42900.056 7.809202212601267e-07
42950.056 6.299481109497918e-07
43000.056 7.001021499060378e-07
43050.056 5.377601986212195e-07
43100.056 6.375303110299322e-07
43150.056 6.128839520820706e-07
43200.056 6.559516296999971e-07
43250.056 7.547756621200529e-07
43300.056 7.553614360600074e-07
43350.056 5.809763113198316e-07
43400.056 6.575967801899476e-07
43450.056 6.093771145661031e-07
43500.056 6.128836701399728e-07
43550.056 6.305580949580597e-07
43600.056 7.464263052200553e-07
43650.056 6.042462249960118e-07
43700.056 7.216546590100636e-07
43750.056 6.920238140401035e-07
43800.056 6.557911806619115e-07
43850.056 6.043000333501316e-07
43900.056 6.664170530999262e-07
43950.056 5.325010787999307e-07
44000.056 4.990091730790044e-07
44050.056 6.429589888300174e-07
44100.056 7.260283050600627e-07
44150.056 7.064018820399355e-07
44200.056 6.50141913360013e-07
44250.056 5.62754348605005e-07
44300.056 5.245430000110885e-07
44350.056 5.555114400951014e-07
44400.056 5.603046511449833e-07
44450.056 6.063079093999823e-07
44500.056 6.185020695101386e-07
44550.056 6.640548248599232e-07
44600.056 5.932157755430657e-07
44650.056 6.338697882830808e-07
44700.056 5.186093895900076e-07
44750.056 6.046798537900257e-07
44800.056 5.837992154200348e-07
44850.056 6.239362736200902e-07
44900.056 5.358641836480589e-07
44950.056 5.683104730720312e-07
45000.056 5.913892220699734e-07
45050.056 5.914481205699939e-07
45100.056 6.062185121399916e-07
45150.056 5.892765016959697e-07
45200.056 5.198066641700292e-07
45250.056 5.595715758698766e-07
45300.056 5.391915045200537e-07
45350.056 5.424564740299338e-07
45400.056 6.161847144000495e-07
45450.056 5.743701364399372e-07
45500.056 5.804297044199935e-07
45550.056 6.418805435798835e-07
45600.056 6.251752176200319e-07
45650.056 5.324710851339069e-07
45700.056 5.53542503056064e-07
45750.056 5.263346657459862e-07
45800.056 6.030850086800053e-07
45850.056 6.586000151599913e-07
45900.056 6.636468220800235e-07
45950.056 5.625620243400002e-07
46000.056 6.448405882100353e-07
46050.056 5.98969323530043e-07
46100.056 6.165743098799789e-07
46150.056 5.655548643999632e-07
46200.056 5.727138001600928e-07
46250.056 4.755984289349407e-07
46300.056 6.145996628599761e-07
46350.056 5.68359828130012e-07
46400.056 5.809206538500066e-07
46450.056 5.624619959700519e-07
46500.056 5.485665211200785e-07
46550.056 5.455667019399923e-07
46600.056 5.834683259899947e-07
46650.056 7.291047041399591e-07
46700.056 6.212041145600572e-07
46750.056 4.986303219080138e-07
46800.056 4.6201530594704776e-07
46850.056 6.928654690101056e-07
46900.056 6.401798767399282e-07
46950.056 6.672285311400019e-07
47000.056 5.917615027600351e-07
47050.056 6.231472218398281e-07
47100.056 4.787338821820691e-07
47150.056 5.494584723840641e-07
47200.056 6.297995056400447e-07
47250.056 5.294463901699614e-07
47300.056 4.608514260989762e-07
47350.056 6.105498062299479e-07
47400.056 6.368317120899349e-07
47450.056 5.941467899830367e-07
47500.056 6.515198674899402e-07
47550.056 5.881766381299881e-07
47600.056 6.069975491399408e-07
47650.056 5.230117825978923e-07
47700.056 6.01071870076131e-07
47750.056 4.445918368890245e-07
47800.056 5.324138017500002e-07
47850.056 4.2408504536797875e-07
47900.056 5.181543032619424e-07
47950.056 5.247969525000268e-07
48000.056 6.838519188600602e-07
48050.056 6.035607254100292e-07
48100.056 4.897209853880142e-07
48150.056 5.39906498040049e-07
48200.056 5.521378277000073e-07
48250.056 5.172875498900069e-07
48300.056 6.57021390609856e-07
48350.056 4.590390964900255e-07
48400.056 4.11356059521948e-07
48450.056 5.216974950681024e-07
48500.056 6.332551005499418e-07
48550.056 4.995834935099998e-07
48600.056 5.763815528100039e-07
48650.056 5.493824879299688e-07
48700.056 5.6380333419e-07
48750.056 4.008475462241436e-07
48800.056 6.66827804600008e-07
48850.056 4.611450634149057e-07
48900.056 6.433068566200088e-07
48950.056 5.254585872600516e-07
49000.056 3.9098791707393713e-07
49050.056 5.848726633299648e-07
49100.056 5.701098019200792e-07
49150.056 5.416120686400103e-07
49200.056 5.961340518100428e-07
49250.056 5.881515316500686e-07
49300.056 5.247568721379794e-07
49350.056 4.187496198020563e-07
49400.056 5.291456784799581e-07
49450.056 5.245209848601549e-07
49500.056 4.65470454919973e-07
49550.056 3.478149495220251e-07
49600.056 4.595097782880868e-07
49650.056 4.874470473899802e-07
49700.056 4.588623767078916e-07
49750.056 5.843080331898847e-07
49800.056 4.857478837880231e-07
49850.056 6.258813307001091e-07
49900.056 5.24162733195987e-07
49950.056 5.02811272419954e-07
50000.056 4.959417478299721e-07
50050.056 5.613135837199739e-07
50100.056 5.053443316500094e-07
50150.056 3.894921803099812e-07
50200.056 2.665036804360244e-07
50250.056 4.986173640999541e-07
50300.056 4.421103103560127e-07
50350.056 5.823405567600465e-07
50400.056 5.026966098499701e-07
50450.056 4.321635284200441e-07
50500.056 5.380986585000618e-07
50550.056 4.934079276200245e-07
50600.056 4.496284734099223e-07
50650.056 5.361509039700945e-07
50700.056 5.774498219898404e-07
50750.056 5.063191947540763e-07
50800.056 3.547692709989538e-07
50850.056 3.708768011600846e-07
50900.056 5.701299562599879e-07
50950.056 4.7504951815007026e-07
51000.056 5.398416992420463e-07
51050.056 4.764452916900048e-07
51100.056 3.243452713199567e-07
51150.056 4.3326041581396894e-07
51200.056 6.025040784299627e-07
51250.056 4.5081763744794164e-07
51300.056 3.830784308521442e-07
51350.056 4.305530733199702e-07
51400.056 3.0363410257798143e-07
51450.056 2.664766143179401e-07
51500.056 3.0719592882807936e-07
51550.056 5.198839830300442e-07
51600.056 3.88859680359033e-07
51650.056 3.929762897299346e-07
51700.056 4.2896840344591715e-07
51750.056 3.3801792659001695e-07
51800.056 4.623110431498784e-07
51850.056 4.3555314055998064e-07
51900.056 5.702106115400899e-07
51950.056 4.6004073632995894e-07
52000.056 2.58067825186974e-07
52050.056 4.0013626969402285e-07
52100.056 3.224674285599815e-07
52150.056 3.0196121161001337e-07
52200.056 3.0880829847798465e-07
52250.056 3.697527610550291e-07
52300.056 5.151843669399593e-07
52350.056 4.188748028360132e-07
52400.056 2.979199491190321e-07
52450.056 4.328932275000264e-07
52500.056 4.51969793322903e-07
52550.056 4.571671149299138e-07
52600.056 3.9698212518006087e-07
52650.056 4.1209688968807994e-07
52700.056 3.7168208916100266e-07
52750.056 2.816702780619877e-07
52800.056 3.356318416600323e-07
52850.056 3.459452551869096e-07
52900.056 3.429396829659966e-07
52950.056 3.550274188739918e-07
53000.056 4.503237590250045e-07
53050.056 2.9149032115190146e-07
53100.056 3.5312358329994633e-07
53150.056 4.980825213100329e-07
53200.056 2.687560779609874e-07
53250.056 4.5541661987003005e-07
53300.056 4.4729283653321846e-07
53350.056 4.3965119923997466e-07
53400.056 4.381820781400235e-07
53450.056 2.946096999000014e-07
53500.056 2.0967728256294503e-07
53550.056 3.0365262507194903e-07
53600.056 3.90062291068065e-07
53650.056 3.0512802965597517e-07
53700.056 3.0296327839504265e-07
53750.056 3.1399545742001824e-07
