galfind/configs/Brown_Dwarf_templates/sonora_bobcat/m-0.5/100g/sp_t2300g100nc_m-0.5_resample.dat
# %ECSV 1.0
# ---
# datatype:
# - {name: wav, unit: Angstrom, datatype: float64}
# - {name: flux_nu, unit: erg / (cm2 Hz s), datatype: float64}
# meta: {C/O: '1.00', Kzz: '1.0000E+05', Teff: '2300.', Y: '0.28', '[Fe/H]': '-0.50', f_hole: '1.00', f_rain: '0.00', grav: '100.'}
# schema: astropy-2.0
wav flux_nu
[from data line 501]
29050.056 3.0536570659500102e-06
29100.056 2.5957350677002364e-06
29150.056 3.192126011370152e-06
29200.056 2.8993717338402965e-06
29250.056 3.102105816539951e-06
29300.056 2.757334957908825e-06
29350.056 3.433740592939638e-06
29400.056 2.9655064593698566e-06
29450.056 2.9091220930899056e-06
29500.056 3.0847490232997005e-06
29550.056 2.9923443940203004e-06
29600.056 3.170465389489963e-06
29650.056 3.0622283704499146e-06
29700.056 2.822428368389853e-06
29750.056 3.361483751530999e-06
29800.056 3.310960742639806e-06
29850.056 3.155533449839652e-06
29900.056 2.896297240960749e-06
29950.056 3.4145111815694678e-06
30000.056 3.3375352016890773e-06
30050.056 3.1665253665000243e-06
30100.056 2.675175468689365e-06
30150.056 3.779754761399804e-06
30200.056 3.4494184930502198e-06
30250.056 3.277424050600585e-06
30300.056 3.2633392368997817e-06
30350.056 3.263343076180598e-06
30400.056 3.7328199952004735e-06
30450.056 3.043922436950365e-06
30500.056 2.989960809400383e-06
30550.056 3.8050777004005765e-06
30600.056 3.60604812679033e-06
30650.056 3.610460048460201e-06
30700.056 3.3552494245399113e-06
30750.056 3.303644614950087e-06
30800.056 3.877383064380934e-06
30850.056 3.417062199240015e-06
30900.056 3.395063388799785e-06
30950.056 3.325439868140287e-06
31000.056 3.7927612155999297e-06
31050.056 3.381633808200093e-06
31100.056 3.592030285299983e-06
31150.056 3.6623211387996392e-06
31200.056 3.6921576364996326e-06
31250.056 4.016385071400697e-06
31300.056 3.584460897199797e-06
31350.056 3.564994568800011e-06
31400.056 3.7183345681005484e-06
31450.056 3.7244848046601767e-06
31500.056 3.818659546600437e-06
31550.056 3.522327862399935e-06
31600.056 3.7053165735198417e-06
31650.056 3.869270932099863e-06
31700.056 3.887556198199919e-06
31750.056 3.544972575100067e-06
31800.056 3.9150831989002675e-06
31850.056 4.235085701699964e-06
31900.056 4.123474889299656e-06
31950.056 3.535580855699754e-06
32000.056 3.704421875200686e-06
32050.056 4.146911428900425e-06
32100.056 4.202803233099635e-06
32150.056 4.159654018299995e-06
32200.056 4.01278362629997e-06
32250.056 3.84406298270014e-06
32300.056 4.1119209139000796e-06
32350.056 4.368858533100579e-06
32400.056 3.993063970899929e-06
32450.056 3.890330596500318e-06
32500.056 4.211634511100184e-06
32550.056 4.537718026300114e-06
32600.056 4.430435804399731e-06
32650.056 4.31767023280098e-06
32700.056 4.1692544087001395e-06
32750.056 4.309467993200023e-06
32800.056 4.000878537600375e-06
32850.056 4.606992911999727e-06
32900.056 4.4619324215001155e-06
32950.056 3.995120160899869e-06
33000.056 4.303905391800232e-06
33050.056 4.368035271899516e-06
33100.056 4.4371624859990125e-06
33150.056 4.432965532100162e-06
33200.056 4.204762809000657e-06
33250.056 4.489208039000334e-06
33300.056 4.815474809800302e-06
33350.056 4.516339824400175e-06
33400.056 4.192260883499591e-06
33450.056 4.514562776398928e-06
33500.056 4.5537266763002206e-06
33550.056 4.444666996199436e-06
33600.056 4.528373445400611e-06
33650.056 4.613063344300828e-06
33700.056 4.755469393999431e-06
33750.056 4.706296224100202e-06
33800.056 4.594008837200062e-06
33850.056 4.522426972900138e-06
33900.056 5.002704878399488e-06
33950.056 4.536871775999512e-06
34000.056 4.569235361699183e-06
34050.056 4.696315221000088e-06
34100.056 4.859703382300535e-06
34150.056 4.771801138299431e-06
34200.056 4.588043595299476e-06
34250.056 5.024952655599376e-06
34300.056 4.735225985699594e-06
34350.056 4.861081004899556e-06
34400.056 4.655649198699564e-06
34450.056 4.5397902132001565e-06
34500.056 4.81406851590087e-06
34550.056 4.668174927499766e-06
34600.056 4.7792204467998724e-06
34650.056 4.844573727099955e-06
34700.056 4.708802185699381e-06
34750.056 4.998655833400267e-06
34800.056 5.036174591599659e-06
34850.056 4.661345102599962e-06
34900.056 4.9279340172002936e-06
34950.056 4.826004381099234e-06
35000.056 4.709933458099502e-06
35050.056 5.199955323900644e-06
35100.056 4.984373841599283e-06
35150.056 4.947978756499626e-06
35200.056 4.990541894099773e-06
35250.056 4.613916080400447e-06
35300.056 4.9820994701004404e-06
35350.056 5.146089414799717e-06
35400.056 4.892755860899716e-06
35450.056 4.831558613100236e-06
35500.056 5.101824621400034e-06
35550.056 4.953319395599855e-06
35600.056 4.828742450299233e-06
35650.056 5.225900610100537e-06
35700.056 4.864158101700321e-06
35750.056 4.917101931099671e-06
35800.056 5.103883098299687e-06
35850.056 5.132793888099852e-06
35900.056 5.287260018199562e-06
35950.056 5.120318980999594e-06
36000.056 4.780363952099499e-06
36050.056 5.269852186600248e-06
36100.056 5.432938947099884e-06
36150.056 4.901994985800429e-06
36200.056 5.2679961629995705e-06
36250.056 4.990563453599347e-06
36300.056 5.531202526500653e-06
36350.056 5.286677971599322e-06
36400.056 5.193979000099906e-06
36450.056 5.511843327199687e-06
36500.056 5.159479459500299e-06
36550.056 5.0999843046005516e-06
36600.056 5.1005931120004145e-06
36650.056 5.277900255300492e-06
36700.056 5.533729083900081e-06
36750.056 5.093649779900541e-06
36800.056 5.271600679199687e-06
36850.056 5.38830597470003e-06
36900.056 5.3728082530006385e-06
36950.056 5.369622633200086e-06
37000.056 5.425773707400046e-06
37050.056 5.553736479799869e-06
37100.056 5.340021023900435e-06
37150.056 5.323713744699131e-06
37200.056 5.4840577527000615e-06
37250.056 5.513340966500221e-06
37300.056 5.534621246300849e-06
37350.056 5.267564471200532e-06
37400.056 5.4985512298998024e-06
37450.056 5.430290966900296e-06
37500.056 5.616902673099734e-06
37550.056 5.458871467199232e-06
37600.056 5.685983072099463e-06
37650.056 5.312669274199628e-06
37700.056 5.450866378700147e-06
37750.056 5.636651603899311e-06
37800.056 5.717230334899886e-06
37850.056 5.572097940699817e-06
37900.056 5.637220116000369e-06
37950.056 5.671533448400244e-06
38000.056 5.6031924987005484e-06
38050.056 5.600813369100375e-06
38100.056 5.450327985700198e-06
38150.056 5.73236358869945e-06
38200.056 5.803480631999475e-06
38250.056 5.499742069800537e-06
38300.056 5.440316780499946e-06
38350.056 5.62151159789999e-06
38400.056 5.691601790399828e-06
38450.056 5.70421910940043e-06
38500.056 5.590492262699782e-06
38550.056 5.630701988300365e-06
38600.056 5.9768609388998114e-06
38650.056 5.407879900000162e-06
38700.056 5.4783362177006836e-06
38750.056 5.732092343299943e-06
38800.056 5.615944772700725e-06
38850.056 5.666379181400175e-06
38900.056 5.450830760199938e-06
38950.056 5.695517989499769e-06
39000.056 5.600321605000102e-06
39050.056 5.654005868899948e-06
39100.056 5.405748932699992e-06
39150.056 5.532956803200207e-06
39200.056 5.646943044400173e-06
39250.056 5.6314508788994415e-06
39300.056 5.645106652099256e-06
39350.056 5.588394523200455e-06
39400.056 5.512508893700129e-06
39450.056 5.559842463299872e-06
39500.056 5.469496701799843e-06
39550.056 5.382007656699132e-06
39600.056 5.735565155100224e-06
39650.056 5.331384753200141e-06
39700.056 5.480951239199967e-06
39750.056 5.519204627699543e-06
39800.056 5.254559690400281e-06
39850.056 5.414820311999784e-06
39900.056 5.274385762899703e-06
39950.056 5.4783918546998155e-06
40000.056 5.204462201599717e-06
40050.056 4.910285182699902e-06
40100.056 5.2077568545998e-06
40150.056 4.93497460519911e-06
40200.056 5.155015603699774e-06
40250.056 5.069261917398771e-06
40300.056 4.806643165500419e-06
40350.056 4.972957646799998e-06
40400.056 5.046290868200059e-06
40450.056 4.669022363800792e-06
40500.056 4.499585334799996e-06
40550.056 5.073868809899667e-06
40600.056 4.634062560500324e-06
40650.056 4.845521405300845e-06
40700.056 5.034768806000206e-06
40750.056 4.5093647012988994e-06
40800.056 4.474208231900485e-06
40850.056 4.248742659300879e-06
40900.056 4.201808055500626e-06
40950.056 4.4920899444000025e-06
41000.056 4.629329168000284e-06
41050.056 4.542447679599178e-06
41100.056 4.3075886416003836e-06
41150.056 4.6312175168001525e-06
41200.056 4.3737598938001374e-06
41250.056 4.448645286100188e-06
41300.056 3.997657112599673e-06
41350.056 4.5391161791001775e-06
41400.056 4.324763486400008e-06
41450.056 4.201968252699911e-06
41500.056 4.4762608253001575e-06
41550.056 4.435824024300106e-06
41600.056 4.503791026199977e-06
41650.056 4.105057762200467e-06
41700.056 3.992075780499626e-06
41750.056 4.31553237470008e-06
41800.056 4.169540057799855e-06
41850.056 3.877307295000425e-06
41900.056 4.343615757499427e-06
41950.056 4.125034402500301e-06
42000.056 4.262369092100239e-06
42050.056 3.94770028609896e-06
42100.056 4.324105936200291e-06
42150.056 3.830401686699587e-06
42200.056 3.876093099000119e-06
42250.056 4.239401113099876e-06
42300.056 4.024461788500039e-06
42350.056 4.270874223400669e-06
42400.056 3.958280497400041e-06
42450.056 3.607227654400153e-06
42500.056 3.6228383854002193e-06
42550.056 3.952796664699736e-06
42600.056 3.874695537600472e-06
42650.056 3.934178382199139e-06
42700.056 3.927267860400459e-06
42750.056 3.7541741233000443e-06
42800.056 3.879608492699918e-06
42850.056 4.077455356499636e-06
42900.056 3.978432796200319e-06
42950.056 3.456856165398839e-06
43000.056 3.7665637117000937e-06
43050.056 3.548327932701162e-06
43100.056 3.68221865579938e-06
43150.056 3.7941350477008075e-06
43200.056 3.5847887043998767e-06
43250.056 3.7207480567009092e-06
43300.056 3.6830683599000903e-06
43350.056 3.4955764012993002e-06
43400.056 3.438278672599688e-06
43450.056 3.4463872323006577e-06
43500.056 3.3740112131993167e-06
43550.056 3.396806737799928e-06
43600.056 3.5833777759000846e-06
43650.056 3.2550663647802634e-06
43700.056 3.285872855300276e-06
43750.056 3.294241221100027e-06
43800.056 3.17573250949985e-06
43850.056 3.2412559733004973e-06
43900.056 3.2907350049799286e-06
43950.056 3.1193503865101374e-06
44000.056 2.9010785181000327e-06
44050.056 2.891398295500093e-06
44100.056 3.0427588028005916e-06
44150.056 3.2157060102997344e-06
44200.056 2.9543230697102697e-06
44250.056 2.8746928086997732e-06
44300.056 2.7765698200005883e-06
44350.056 2.7716179539002e-06
44400.056 2.835153135699934e-06
44450.056 2.986547824200168e-06
44500.056 2.944404593600504e-06
44550.056 2.6756017357994232e-06
44600.056 2.7047788463503524e-06
44650.056 2.913795688479931e-06
44700.056 2.6732692775002447e-06
44750.056 2.8527616738796054e-06
44800.056 2.789103490019951e-06
44850.056 2.846300402000218e-06
44900.056 2.6789695914003323e-06
44950.056 2.49556521868009e-06
45000.056 2.726081030499982e-06
45050.056 2.6781863985996447e-06
45100.056 2.804875192799901e-06
45150.056 2.6694631187100667e-06
45200.056 2.465322378599848e-06
45250.056 2.549852114359688e-06
45300.056 2.6730174062001106e-06
45350.056 2.749099018609621e-06
45400.056 2.6387158231803042e-06
45450.056 2.4504205033596076e-06
45500.056 2.497234926199841e-06
45550.056 2.7491240786896965e-06
45600.056 2.5986873295999537e-06
45650.056 2.388940315199445e-06
45700.056 2.597057223600318e-06
45750.056 2.5033434552199118e-06
45800.056 2.4809260220199247e-06
45850.056 2.8068660329000324e-06
45900.056 2.713245420840001e-06
45950.056 2.453477214139934e-06
46000.056 2.790929976600008e-06
46050.056 2.847067585610692e-06
46100.056 2.4472358291601366e-06
46150.056 2.500615123499923e-06
46200.056 2.7351754555106208e-06
46250.056 2.355619627259945e-06
46300.056 2.8653744913799307e-06
46350.056 2.4170403382697824e-06
46400.056 2.596942012839724e-06
46450.056 2.5368077557404985e-06
46500.056 2.446835446799914e-06
46550.056 2.7505552741798972e-06
46600.056 2.5633966398598694e-06
46650.056 3.0192575984999237e-06
46700.056 2.8765290661808116e-06
46750.056 2.466430198309953e-06
46800.056 2.6748508604404313e-06
46850.056 2.737030500720065e-06
46900.056 2.656076455919552e-06
46950.056 2.9053537777201534e-06
47000.056 2.661324614700015e-06
47050.056 2.7716751915997624e-06
47100.056 2.50187015770005e-06
47150.056 2.6886148624604093e-06
47200.056 2.6422489247606795e-06
47250.056 2.594177497099412e-06
47300.056 2.683456163229353e-06
47350.056 2.359688608959599e-06
47400.056 2.702998676729421e-06
47450.056 2.7645902658198766e-06
47500.056 2.6015258251994606e-06
47550.056 2.588981934859586e-06
47600.056 2.78768729679984e-06
47650.056 2.1879846862494798e-06
47700.056 2.783164550359983e-06
47750.056 2.1233314192806053e-06
47800.056 2.760496909199791e-06
47850.056 2.2346036499993284e-06
47900.056 2.826069016200107e-06
47950.056 2.2214674053105245e-06
48000.056 2.977199552800044e-06
48050.056 2.362687998180408e-06
48100.056 2.533758883079989e-06
48150.056 2.339165529420239e-06
48200.056 2.8058632843205362e-06
48250.056 2.381311032219875e-06
48300.056 2.9500096076998258e-06
48350.056 2.138308450749507e-06
48400.056 2.7283108020899416e-06
48450.056 2.403636744720172e-06
48500.056 2.9268713925000284e-06
48550.056 2.1986028699199863e-06
48600.056 2.813986065899757e-06
48650.056 2.2168701972799737e-06
48700.056 2.6672409004000712e-06
48750.056 2.0362603536102813e-06
48800.056 2.888183341690165e-06
48850.056 2.2092713731995906e-06
48900.056 2.758562560500123e-06
48950.056 2.522057198300193e-06
49000.056 2.4943919037998974e-06
49050.056 2.5901996433998083e-06
49100.056 2.462838426520125e-06
49150.056 2.460647922919986e-06
49200.056 2.5422334057698927e-06
49250.056 2.462798118500125e-06
49300.056 2.291800670849644e-06
49350.056 2.32668373579995e-06
49400.056 2.7048794612003e-06
49450.056 2.3772936548505445e-06
49500.056 2.4182668405003443e-06
49550.056 2.2455787168999077e-06
49600.056 2.3239717149603543e-06
49650.056 2.4057415644002816e-06
49700.056 2.116340281499776e-06
49750.056 2.9226718159995725e-06
49800.056 2.39305733094005e-06
49850.056 2.7867089048400577e-06
49900.056 2.3368939200800857e-06
49950.056 2.4412736760994332e-06
50000.056 2.359194153939459e-06
50050.056 2.4599657361800923e-06
50100.056 2.509440000999839e-06
50150.056 2.2910699230399514e-06
50200.056 2.132348636000156e-06
50250.056 2.286012804460211e-06
50300.056 2.226203133229704e-06
50350.056 2.47580415608994e-06
50400.056 2.3388576154000243e-06
50450.056 2.24202655508024e-06
50500.056 2.799189535300345e-06
50550.056 2.3472341921398385e-06
50600.056 2.451267794300161e-06
50650.056 2.3535229421005238e-06
50700.056 2.5513855472394393e-06
50750.056 2.5277300576402735e-06
50800.056 2.068574883549817e-06
50850.056 2.367215789120307e-06
50900.056 2.3724764315999288e-06
50950.056 2.469708182600396e-06
51000.056 2.7385137018002684e-06
51050.056 2.236935902280327e-06
51100.056 2.2209172498998963e-06
51150.056 2.493203205290076e-06
51200.056 2.2972540385798783e-06
51250.056 2.5265062265500935e-06
51300.056 2.214024582900571e-06
51350.056 2.4481913246998317e-06
51400.056 2.3749490077994144e-06
51450.056 1.809483158799734e-06
51500.056 2.4280580485000204e-06
51550.056 2.774019875200227e-06
51600.056 1.9891849438799318e-06
51650.056 2.4001350150996888e-06
51700.056 2.167465213079327e-06
51750.056 2.167801678040116e-06
51800.056 2.4519526207996818e-06
51850.056 2.4420435577997935e-06
51900.056 2.5498280030002717e-06
51950.056 2.3066262806997594e-06
52000.056 2.112455951899992e-06
52050.056 2.4319994889598095e-06
52100.056 2.3470416602995774e-06
52150.056 2.3519959723402733e-06
52200.056 2.255659746460115e-06
52250.056 2.241714375499961e-06
52300.056 2.348902063339971e-06
52350.056 2.5764387530202147e-06
52400.056 2.0115062475201075e-06
52450.056 2.2594849859000083e-06
52500.056 2.4328412817794164e-06
52550.056 2.264431880099489e-06
52600.056 2.3666199717001117e-06
52650.056 2.617114975650425e-06
52700.056 2.2829314985000733e-06
52750.056 1.9649177091298385e-06
52800.056 2.167607661000172e-06
52850.056 2.0716161252499507e-06
52900.056 2.3322756766401875e-06
52950.056 2.2142560007996675e-06
53000.056 2.4507000569697014e-06
53050.056 2.3410680894296516e-06
53100.056 2.099937158899619e-06
53150.056 2.49554744570044e-06
53200.056 1.9046757134403613e-06
53250.056 2.516886996299943e-06
53300.056 2.4445816013006915e-06
53350.056 2.4770397454997577e-06
53400.056 2.2082151770001463e-06
53450.056 2.143692515100051e-06
53500.056 1.948408128299692e-06
53550.056 2.3878596516999307e-06
53600.056 2.390956550550362e-06
53650.056 2.0782667266504403e-06
53700.056 2.1505206149004735e-06
53750.056 2.4124461474998144e-06
