galfind/configs/Brown_Dwarf_templates/sonora_bobcat/m-0.5/100g/sp_t500g100nc_m-0.5_resample.dat
# %ECSV 1.0
# ---
# datatype:
# - {name: wav, unit: Angstrom, datatype: float64}
# - {name: flux_nu, unit: erg / (cm2 Hz s), datatype: float64}
# meta: {C/O: '1.00', Kzz: '1.0000E+05', Teff: '500.', Y: '0.28', '[Fe/H]': '-0.50', f_hole: '1.00', f_rain: '0.00', grav: '100.'}
# schema: astropy-2.0
wav flux_nu
4000.0559999999996 nan
4050.0559999999996 2.2653809553589915e-17
4100.056 9.719562840680246e-15
4150.056 1.1088184589900094e-13
4200.056 1.0974902754681914e-13
4250.056 8.797357993700081e-13
4300.056 1.824541643000016e-12
4350.056 2.9315519542000086e-12
4400.056 4.45749496030002e-12
4450.056 6.6177044012000566e-12
4500.056 8.585266383700038e-12
4550.056 8.233367696339943e-12
4600.056 1.9085907726999893e-12
4650.056 9.59416717649994e-13
4700.056 3.5211814747999604e-13
4750.056 6.954728487799883e-14
4800.056 1.270503771879982e-14
4850.056 2.704463897999965e-15
4900.056 1.0943488188899934e-15
4950.056 6.79860510159997e-16
5000.056 4.70736459069998e-16
5050.056 3.9184667340000175e-16
5100.056 4.3057225038000145e-16
5150.056 4.863386714800006e-16
5200.056 5.491798972800001e-16
5250.056 6.275220420300003e-16
5300.056 7.183898033100004e-16
5350.056 8.261248779100017e-16
5400.056 9.552758191300012e-16
5450.056 1.091107364500001e-15
5500.056 1.2305673245000023e-15
5550.056 1.365114154900002e-15
5600.056 1.4879196983000002e-15
5650.056 1.5855110094000007e-15
5700.056 1.6351785761000008e-15
5750.056 1.5983919523999992e-15
5800.056 1.4443310131999963e-15
5850.056 9.998540322299884e-16
5900.056 3.186521193458361e-16
5950.056 2.0807286222700404e-15
6000.056 4.535785009600025e-15
6050.056 8.173213342400076e-15
6100.056 1.3371286104000083e-14
6150.056 2.0409350431000112e-14
6200.056 2.9768363349000136e-14
6250.056 4.213089828800016e-14
6300.056 5.849495413200025e-14
6350.056 8.036860329100038e-14
6400.056 1.0942709225900042e-13
6450.056 1.4330515295999925e-13
6500.056 1.9052047767000084e-13
6550.056 2.531555446299981e-13
6600.056 3.3376068637000633e-13
6650.056 4.4005611657000233e-13
6700.056 5.605690844400047e-13
6750.056 7.402525276100027e-13
6800.056 9.230478442200047e-13
6850.056 1.077989022600002e-12
6900.056 1.108099006720014e-12
6950.056 1.080834408679999e-12
7000.056 1.2058108111999978e-12
7050.056 1.3312025216299873e-12
7100.056 1.5054013786499918e-12
7150.056 1.445556200965975e-12
7200.056 1.4223429815429822e-12
7250.056 1.5608148535299342e-12
7300.056 1.6096478379100936e-12
7350.056 1.7782125385799788e-12
7400.056 1.9117376857100486e-12
7450.056 2.0176985646000425e-12
7500.056 2.019653598600001e-12
7550.056 1.9060513044999965e-12
7600.056 1.6833712470999919e-12
7650.056 5.248536974809765e-13
7700.056 3.636473177170151e-13
7750.056 1.6429052238200274e-12
7800.056 2.7465838459200245e-12
7850.056 4.4615584089000075e-12
7900.056 6.054003561199977e-12
7950.056 6.9288542762200526e-12
8000.056 9.941063690300093e-12
8050.056 1.2179114917300146e-11
8100.056 1.265109114519965e-11
8150.056 1.3161040959250136e-11
8200.056 1.8806931567660757e-11
8250.056 2.1123715375234597e-11
8300.056 2.5571728750020492e-11
8350.056 2.97709542829991e-11
8400.056 3.599129816659982e-11
8450.056 4.6063686662999784e-11
8500.056 5.308706530499873e-11
8550.056 6.739700974600124e-11
8600.056 8.294024811400062e-11
8650.056 9.843555391800084e-11
8700.056 1.1347317708000105e-10
8750.056 1.3333122227000092e-10
8800.056 1.528220128200007e-10
8850.056 1.6190251045999826e-10
8900.056 1.0460345918099439e-10
8950.056 1.0096720447916112e-10
9000.056 1.1190189747303278e-10
9050.056 2.337385071002159e-10
9100.056 2.812622998040042e-10
9150.056 3.324727611055799e-10
9200.056 4.5302646557254144e-10
9250.056 4.541341319266847e-10
9300.056 1.0603146369798133e-10
9350.056 1.4976619101468984e-10
9400.056 3.506837305826458e-10
9450.056 3.6477647735560247e-10
9500.056 3.3499820726282706e-10
9550.056 3.7561693608501006e-10
9600.056 4.098887804829417e-10
9650.056 5.828017122228978e-10
9700.056 1.0256826977171082e-09
9750.056 1.0599567838333579e-09
9800.056 1.2684481130466195e-09
9850.056 1.530298943488572e-09
9900.056 2.000963363922069e-09
9950.056 2.2242758086100816e-09
10000.056 1.9958073892556683e-09
10050.056 2.778563187200027e-09
10100.056 3.0821625401000162e-09
10150.056 3.038179782400021e-09
10200.056 2.832201664650168e-09
10250.056 3.3641050385520784e-09
10300.056 4.170226083049734e-09
10350.056 3.7451085920301384e-09
10400.056 4.890195586000122e-09
10450.056 5.679938600999314e-09
10500.056 6.379513649599865e-09
10550.056 7.167272523200068e-09
10600.056 7.5304666145e-09
10650.056 7.669380115100084e-09
10700.056 7.383636117900048e-09
10750.056 7.375488886000063e-09
10800.056 7.1507908001000675e-09
10850.056 6.678971883200067e-09
10900.056 5.546459066499879e-09
10950.056 3.3922621638700337e-09
11000.056 2.2321347173756675e-09
11050.056 1.2984769286416849e-09
11100.056 7.53887158454201e-10
11150.056 3.629233355645209e-10
11200.056 3.119847273077384e-10
11250.056 3.9592116419875345e-10
11300.056 5.204203234167531e-10
11350.056 1.8690820916894714e-10
11400.056 6.821268422195577e-10
11450.056 4.3796748884865255e-10
11500.056 3.9850733458745434e-10
11550.056 1.265092174712172e-10
11600.056 9.123372326632447e-11
11650.056 2.569598064083321e-10
11700.056 3.132178745966107e-10
11750.056 1.0089599586890507e-10
11800.056 4.509776022102029e-10
11850.056 6.639611102514603e-10
11900.056 7.68699217424658e-10
11950.056 1.0891583835861547e-09
12000.056 1.5410164607522164e-09
12050.056 2.1625745545500634e-09
12100.056 2.731712101156596e-09
12150.056 3.595158147069852e-09
12200.056 4.155070225280159e-09
12250.056 5.413413882947532e-09
12300.056 7.285617755200355e-09
12350.056 8.092224068839914e-09
12400.056 1.0510667014099717e-08
12450.056 1.3144020436200256e-08
12500.056 1.4775420652901082e-08
12550.056 1.6789633295599784e-08
12600.056 1.9325417173700755e-08
12650.056 2.1344782260399693e-08
12700.056 2.2042884560800394e-08
12750.056 1.8771487300100633e-08
12800.056 1.5691086195199787e-08
12850.056 1.1219662956480072e-08
12900.056 9.307163408141012e-09
12950.056 8.1201763863877e-09
13000.056 8.67275349205129e-09
13050.056 6.434871655825307e-09
13100.056 6.372129627235853e-09
13150.056 4.421032400523438e-09
13200.056 4.438198046094036e-09
13250.056 3.5070872136217908e-09
13300.056 1.4646702488163301e-09
13350.056 4.987831037706159e-10
13400.056 1.927716318768503e-10
13450.056 6.754330384745246e-11
13500.056 2.7403888247267923e-11
13550.056 1.0312710085894764e-11
13600.056 3.0923025724150112e-12
13650.056 1.9634391761304733e-11
13700.056 1.0675215301614126e-11
13750.056 2.7733448278515826e-11
13800.056 2.8572527110323647e-11
13850.056 1.3600876642486949e-11
13900.056 1.9052787090102268e-11
13950.056 1.7761855365906843e-11
14000.056 2.0439535624830763e-11
14050.056 3.3596320819399435e-11
14100.056 2.809366020388991e-11
14150.056 5.419586797426961e-11
14200.056 3.4249514909641054e-11
14250.056 4.4964442557510354e-11
14300.056 1.2705692146357303e-10
14350.056 1.1177124857115811e-10
14400.056 1.145931533587422e-10
14450.056 1.9247756208901497e-10
14500.056 3.9782673488531936e-10
14550.056 4.032179245959822e-10
14600.056 5.546558564407788e-10
14650.056 3.1805258819684445e-10
14700.056 1.5276606912004563e-10
14750.056 9.116477412112637e-11
14800.056 1.3957683103786906e-10
14850.056 1.6993807340692517e-10
14900.056 1.7075550727267286e-10
14950.056 1.3997584042616918e-10
15000.056 3.459418246701685e-10
15050.056 3.0624361747493193e-10
15100.056 1.905798344327105e-10
15150.056 1.121983961019367e-10
15200.056 2.7137184463711066e-10
15250.056 5.378568606039959e-10
15300.056 6.696534368054168e-10
15350.056 8.197168699682909e-10
15400.056 1.1011583809776423e-09
15450.056 1.4217716837931117e-09
15500.056 1.7144645743337136e-09
15550.056 2.6088807186695607e-09
15600.056 3.6068753881006885e-09
15650.056 5.275288603470583e-09
15700.056 7.279309760010107e-09
15750.056 8.77047847882017e-09
15800.056 1.002159140599994e-08
15850.056 1.1388842780900686e-08
15900.056 1.1628895965900159e-08
15950.056 1.1811101781299635e-08
16000.056 1.0149506566300557e-08
16050.056 7.169446808099583e-09
16100.056 4.856074138099697e-09
16150.056 2.89417711260679e-09
16200.056 1.58561292813273e-09
16250.056 1.103079558193894e-09
16300.056 7.377395061610335e-10
16350.056 9.280848418853594e-10
16400.056 1.0983396908881031e-09
16450.056 1.0689236100163993e-09
16500.056 9.685421685976768e-10
16550.056 9.56148906693534e-10
16600.056 1.4204656787215867e-09
16650.056 9.572790983186135e-10
16700.056 1.9451955191046937e-10
16750.056 5.955786489979803e-10
16800.056 9.042968152544884e-10
16850.056 9.580189762274035e-10
16900.056 5.578486499700468e-10
16950.056 3.7396000268481214e-10
17000.056 2.2121682312140863e-10
17050.056 4.163983111986525e-10
17100.056 6.477731644547477e-10
17150.056 4.106437642162245e-10
17200.056 1.0503037427593565e-09
17250.056 6.241091963644393e-10
17300.056 4.474011211760621e-10
17350.056 4.909402676415981e-10
17400.056 7.260836923626568e-10
17450.056 8.746625611727276e-10
17500.056 1.0639763531950148e-09
17550.056 9.207349950439775e-10
17600.056 7.478143455848707e-10
17650.056 6.445734144834005e-10
17700.056 5.381442511237404e-10
17750.056 4.6398790319054344e-10
17800.056 8.205635405037243e-10
17850.056 4.5695260691466435e-10
17900.056 3.49168750676394e-10
17950.056 2.646939035162665e-10
18000.056 3.893569847215492e-10
18050.056 2.6204642152114525e-10
18100.056 3.140469620969884e-10
18150.056 2.7690850256686403e-10
18200.056 1.8698990297399532e-10
18250.056 5.269907520737586e-10
18300.056 1.570831397925633e-10
18350.056 1.2842940712256021e-10
18400.056 9.513485855755579e-11
18450.056 3.1404976758593896e-10
18500.056 2.902184407983386e-10
18550.056 1.8225189259716505e-10
18600.056 2.1509439036868142e-10
18650.056 1.4851783643418427e-10
18700.056 5.5513326462787414e-11
18750.056 1.1463227432036406e-10
18800.056 4.114292079128206e-10
18850.056 3.8334807640018225e-10
18900.056 3.4248719731713983e-10
18950.056 4.878413463321645e-10
19000.056 1.9556884344986074e-10
19050.056 9.70398421848315e-11
19100.056 1.9401243569069959e-10
19150.056 9.695401370402863e-11
19200.056 1.2952851480499682e-10
19250.056 9.56056895850238e-11
19300.056 7.140858574506339e-11
19350.056 6.244592080792528e-11
19400.056 5.386363846171059e-11
19450.056 8.094901599001013e-11
19500.056 6.58105670474216e-11
19550.056 9.402512930391618e-11
19600.056 1.6738797935581415e-10
19650.056 1.2917560741234875e-10
19700.056 1.6072182141600417e-10
19750.056 2.2106749598287043e-10
19800.056 1.6538472243954119e-10
19850.056 1.9916452509209856e-10
19900.056 2.453479847221749e-10
19950.056 3.1787702737128644e-10
20000.056 3.720795207919325e-10
20050.056 3.0339848593048806e-10
20100.056 4.693746157378856e-10
20150.056 2.9736155199618836e-10
20200.056 2.2926946853997816e-10
20250.056 3.840430174794805e-10
20300.056 4.298732635286845e-10
20350.056 4.31491487651304e-10
20400.056 4.0455629522744405e-10
20450.056 5.933845553948836e-10
20500.056 6.543731737344558e-10
20550.056 6.960067993050824e-10
20600.056 7.261609209711491e-10
20650.056 8.254415844569208e-10
20700.056 8.782445850480459e-10
20750.056 9.189391132399346e-10
20800.056 8.96507875399842e-10
20850.056 9.716254286100212e-10
20900.056 9.89080032619935e-10
20950.056 9.63810471240048e-10
21000.056 9.475025945600214e-10
21050.056 9.741129488399673e-10
21100.056 9.487014914000229e-10
21150.056 9.464493505899415e-10
21200.056 9.188320340300528e-10
21250.056 8.896124765799049e-10
21300.056 8.267444880839785e-10
21350.056 8.122172092725465e-10
21400.056 8.240514714741193e-10
21450.056 7.312466204228188e-10
21500.056 6.905146178720951e-10
21550.056 6.420689415174145e-10
21600.056 5.908616216806127e-10
21650.056 4.885163657570256e-10
21700.056 4.832125348381462e-10
21750.056 4.3966888289338717e-10
21800.056 3.4974758319459e-10
21850.056 3.337348143287824e-10
21900.056 2.6665636310416043e-10
21950.056 1.4210022854126288e-10
22000.056 3.413190925528731e-11
22050.056 4.6692432984688407e-11
22100.056 1.4416740762728628e-10
22150.056 1.1357744000773778e-10
22200.056 1.1769280807512511e-10
22250.056 1.0079728203578325e-10
22300.056 5.901446881834701e-11
22350.056 7.321559702595997e-11
22400.056 3.2515300522407476e-11
22450.056 4.4873759793102537e-11
22500.056 3.605973563653155e-11
22550.056 2.4427419489718423e-11
22600.056 2.0688510288657752e-11
22650.056 3.4398301351819043e-11
22700.056 2.9308455099817616e-11
22750.056 3.55616927700895e-11
22800.056 4.00685879370327e-11
22850.056 2.9492043414238696e-11
22900.056 2.224706262528053e-11
22950.056 2.024078582805207e-11
23000.056 2.5042116347785557e-11
23050.056 3.148917963199874e-11
23100.056 1.1765396128293926e-10
23150.056 9.672565447928019e-11
23200.056 7.960556296256916e-12
23250.056 2.858350832872854e-11
23300.056 2.5067735018998298e-11
23350.056 3.267774072312265e-11
23400.056 2.653665380045758e-11
23450.056 1.8950237088766604e-11
23500.056 2.0597763493915386e-11
23550.056 3.6340087240446e-11
23600.056 6.054762818147142e-11
23650.056 8.072818817998313e-11
23700.056 2.0567060359571214e-11
23750.056 2.1587029723101847e-11
23800.056 7.169217708180285e-11
23850.056 5.1948770152865446e-11
23900.056 1.0043029305804327e-10
23950.056 6.329722055441777e-11
24000.056 1.179728586844982e-10
24050.056 1.3240130424973475e-10
24100.056 1.3971094446665847e-10
24150.056 1.9389502689810503e-10
24200.056 1.4378684161062362e-10
24250.056 1.2372189786933941e-10
24300.056 2.107591873319588e-10
24350.056 1.7744610564003587e-10
24400.056 3.2106485300346817e-10
24450.056 3.4870350468471256e-10
24500.056 3.2039740957329365e-10
24550.056 4.593127878234708e-10
24600.056 4.960662561529953e-10
24650.056 6.620707819285813e-10
24700.056 4.822736798680736e-10
24750.056 5.955927118474977e-10
24800.056 5.528658548691462e-10
24850.056 8.498071564992731e-10
24900.056 4.2730277156926843e-10
24950.056 8.028847716619663e-10
25000.056 7.871400078254081e-10
25050.056 5.204700415973495e-10
25100.056 7.987853415504559e-10
25150.056 4.296302292595073e-10
25200.056 6.352227580808385e-10
25250.056 2.8285824462509257e-10
25300.056 4.149723716035154e-10
25350.056 1.9948141980840032e-10
25400.056 4.797561097479597e-10
25450.056 1.7142058464236633e-10
25500.056 1.4862355270585424e-10
25550.056 2.912595022667575e-10
25600.056 1.6804612793029493e-10
25650.056 8.591799784734729e-11
25700.056 1.2206894761811556e-10
25750.056 3.3635407745839585e-11
25800.056 1.8575316706745795e-10
25850.056 3.652789440195792e-11
25900.056 5.3948749752394516e-11
25950.056 1.3625109357277322e-11
26000.056 1.7178178531019163e-10
26050.056 2.2808024591144634e-11
26100.056 1.170233264418444e-10
26150.056 5.367138946671349e-11
26200.056 6.736658479646028e-11
26250.056 4.19275931610524e-10
26300.056 9.939957441172993e-11
26350.056 6.223573808682474e-10
26400.056 7.748171548608017e-10
26450.056 5.87392482172527e-10
26500.056 1.1664333310290543e-09
26550.056 1.6863483138622078e-10
26600.056 2.1469580292494283e-10
26650.056 3.1807671464425936e-11
26700.056 1.9108354814307662e-11
26750.056 2.4342826578687446e-11
26800.056 7.539435994051157e-11
26850.056 4.039199233286472e-11
26900.056 2.0858450165846224e-10
26950.056 6.905562763713771e-11
27000.056 3.8657388154166335e-10
27050.056 4.260710482712627e-10
27100.056 6.077079267455982e-11
27150.056 5.595741349489627e-10
27200.056 6.032744741397301e-11
27250.056 1.9716917519319845e-10
27300.056 1.2319468778053333e-09
27350.056 4.5125654841839297e-10
27400.056 2.4785239896763893e-11
27450.056 5.630593850438193e-10
27500.056 6.918405148126249e-10
27550.056 1.0642414104351544e-10
27600.056 3.1599347773171717e-10
27650.056 8.26717531418828e-11
27700.056 7.008827548149117e-11
27750.056 4.606684357950047e-10
27800.056 1.3398161656945335e-10
27850.056 2.175683256590086e-10
27900.056 2.2434639262706904e-10
27950.056 5.704204448074692e-10
28000.056 4.883216209939749e-10
28050.056 6.286685334488011e-11
28100.056 4.945034498408925e-10
28150.056 3.6058377585638435e-10
28200.056 1.0168685089977836e-10
28250.056 6.817602987953579e-10
28300.056 6.364062530206774e-10
28350.056 1.3340300249554593e-10
28400.056 4.701130769193575e-10
28450.056 8.085743761090277e-10
28500.056 5.119901395946232e-10
28550.056 1.078178854220427e-10
28600.056 8.487357936183679e-10
28650.056 5.578726207270791e-10
28700.056 7.851762236691187e-10
28750.056 1.1767040932642585e-09
28800.056 5.60541611976059e-10
