galfind/configs/Brown_Dwarf_templates/sonora_bobcat/m-0.5/100g/sp_t375g100nc_m-0.5_resample.dat
# %ECSV 1.0
# ---
# datatype:
# - {name: wav, unit: Angstrom, datatype: float64}
# - {name: flux_nu, unit: erg / (cm2 Hz s), datatype: float64}
# meta: {C/O: '1.00', Kzz: '1.0000E+05', Teff: '375.', Y: '0.28', '[Fe/H]': '-0.50', f_hole: '1.00', f_rain: '0.00', grav: '100.'}
# schema: astropy-2.0
wav flux_nu
[from data line 498]
28900.056 4.3020029389095505e-11
28950.056 5.992576062221449e-11
29000.056 3.881934329495481e-11
29050.056 6.581267188559289e-11
29100.056 2.8787975942466367e-11
29150.056 4.2638227560789634e-11
29200.056 1.1680660384740737e-10
29250.056 1.0116619061164683e-10
29300.056 6.265832917582773e-11
29350.056 1.6191705627252618e-10
29400.056 6.790478488596552e-11
29450.056 3.36135925576878e-11
29500.056 1.7201290770666643e-10
29550.056 5.2144710841496555e-11
29600.056 6.457712905640621e-11
29650.056 2.6617433811208073e-10
29700.056 4.288252644010285e-11
29750.056 1.719549923469536e-10
29800.056 1.0522425303646364e-10
29850.056 2.278754666765844e-10
29900.056 9.290001035445894e-11
29950.056 1.1369952463740229e-10
30000.056 1.6445545746239742e-12
30050.056 1.3554426464960145e-11
30100.056 6.104883871684225e-11
30150.056 2.4288585030336326e-10
30200.056 1.4861514322863096e-10
30250.056 2.552086273028661e-10
30300.056 3.471512244151659e-10
30350.056 6.651616382924798e-11
30400.056 3.656410813215781e-10
30450.056 2.6519972933068966e-10
30500.056 1.3629056840308474e-10
30550.056 1.0988449323016698e-10
30600.056 1.1115454050683998e-09
30650.056 4.0432001684010067e-10
30700.056 2.200874944283874e-10
30750.056 4.6073029941698445e-10
30800.056 4.4369864404636755e-10
30850.056 4.813303140761988e-10
30900.056 2.51488852353028e-10
30950.056 1.8827379907724927e-10
31000.056 2.479943561184883e-10
31050.056 1.5682473569625468e-10
31100.056 1.0366843116122234e-10
31150.056 1.9277826937809845e-10
31200.056 6.743041890976441e-10
31250.056 2.87201270911519e-10
31300.056 1.7479223845015788e-10
31350.056 4.915625555058849e-10
31400.056 3.0761050312152123e-10
31450.056 3.2298976626929177e-10
31500.056 1.0125369682053132e-10
31550.056 2.0223047737829e-10
31600.056 1.4703193494515585e-10
31650.056 1.1580795617803114e-10
31700.056 9.756688022926023e-11
31750.056 4.8236065280801984e-11
31800.056 9.9780109326625e-11
31850.056 1.6795525247987886e-11
31900.056 4.1863730106205046e-11
31950.056 2.3384919867165435e-11
32000.056 1.6214461848074637e-11
32050.056 2.3705689100424884e-11
32100.056 1.9376064092217676e-11
32150.056 1.8793489679587456e-11
32200.056 8.879645099313104e-12
32250.056 2.1829052960024313e-11
32300.056 5.833575884199778e-12
32350.056 2.2878891659958144e-11
32400.056 2.5952111277669564e-12
32450.056 1.544871563067377e-11
32500.056 2.814971687569969e-12
32550.056 1.349826052377191e-11
32600.056 2.858472594836296e-12
32650.056 3.262968009372916e-11
32700.056 4.8523661734461635e-12
32750.056 7.852702396694064e-11
32800.056 3.984850585087311e-11
32850.056 1.7133870406093736e-10
32900.056 1.464744020183671e-10
32950.056 1.4480001903655205e-10
33000.056 3.868658868672298e-11
33050.056 4.28463101283143e-11
33100.056 7.6791766507982e-12
33150.056 2.3931886908793704e-15
33200.056 2.5477373201065873e-13
33250.056 4.721877786087121e-13
33300.056 6.365341575499921e-12
33350.056 1.850913213587735e-11
33400.056 7.346072059871393e-11
33450.056 2.8263978763722693e-11
33500.056 1.2576450616477315e-10
33550.056 2.0523466116957498e-11
33600.056 5.647545233205275e-11
33650.056 5.5299165104004425e-11
33700.056 1.3383889464812122e-11
33750.056 7.515865169026595e-11
33800.056 4.864664193574888e-12
33850.056 3.4733411039961674e-11
33900.056 3.877516952446983e-11
33950.056 3.2295643036336273e-11
34000.056 7.755073035202151e-11
34050.056 1.0977956958515183e-11
34100.056 7.752405417209734e-11
34150.056 2.5475385696529707e-11
34200.056 8.952683969534651e-11
34250.056 4.4949429740815354e-11
34300.056 5.112489350042648e-11
34350.056 1.6089341872040118e-10
34400.056 3.1946492412537125e-11
34450.056 1.4111819206128267e-10
34500.056 5.875255897518979e-11
34550.056 6.101440638548891e-11
34600.056 3.02690123620367e-10
34650.056 2.7640723527341807e-11
34700.056 1.880132448460776e-10
34750.056 1.0364150588014773e-10
34800.056 8.017919602861354e-11
34850.056 3.4394253311716655e-10
34900.056 4.656104596528853e-11
34950.056 3.2637679045594545e-10
35000.056 4.934012523142906e-10
35050.056 2.720566474494047e-10
35100.056 6.520433437408543e-10
35150.056 5.417008018490167e-10
35200.056 3.8168490879725227e-10
35250.056 7.781328108023982e-10
35300.056 2.2838495179321013e-10
35350.056 3.118248505338906e-10
35400.056 2.1818466653841598e-10
35450.056 2.0086750196840523e-10
35500.056 7.831145414528887e-10
35550.056 4.1373072914914736e-10
35600.056 6.248066174363792e-10
35650.056 7.844319779356284e-10
35700.056 7.831050225661981e-10
35750.056 1.020433149592854e-09
35800.056 6.274012249998224e-10
35850.056 2.767259410542261e-10
35900.056 3.7619973988525886e-10
35950.056 6.30488105224321e-10
36000.056 7.12090425516651e-10
36050.056 4.794064707958902e-10
36100.056 4.5059829646175365e-10
36150.056 1.3830958461064704e-09
36200.056 1.400170224018134e-09
36250.056 8.284149637744089e-10
36300.056 2.339911490130468e-09
36350.056 1.1984585567561819e-09
36400.056 2.072362114098963e-09
36450.056 1.6641203923953597e-09
36500.056 1.7856273321278628e-09
36550.056 3.2975008112142204e-09
36600.056 3.4140856439170093e-09
36650.056 2.107976024415112e-09
36700.056 2.387407423479025e-09
36750.056 3.3503692492516055e-09
36800.056 4.141731791872494e-09
36850.056 1.8635821419098036e-09
36900.056 2.884279465145342e-09
36950.056 4.153635880059365e-09
37000.056 2.5752215978886622e-09
37050.056 4.608986206717069e-09
37100.056 2.0707899232193775e-09
37150.056 2.863070598417111e-09
37200.056 5.5134144412593504e-09
37250.056 2.9598055870400276e-09
37300.056 1.8403002344699216e-09
37350.056 3.565961682782453e-09
37400.056 5.885253420613763e-09
37450.056 2.0381552035905222e-09
37500.056 3.122869284635885e-09
37550.056 7.146099216122403e-09
37600.056 1.131726807584116e-08
37650.056 2.7495847426506522e-09
37700.056 5.569823893754718e-09
37750.056 4.019419809301483e-09
37800.056 3.918444035667727e-09
37850.056 2.0330940260429686e-09
37900.056 2.4426160398574538e-09
37950.056 5.127779820846147e-09
38000.056 4.52238489508152e-09
38050.056 7.372065377047054e-09
38100.056 9.543581205960508e-09
38150.056 1.0879147757490988e-08
38200.056 7.589290053782702e-09
38250.056 9.76732313300233e-09
38300.056 1.54965567636074e-08
38350.056 1.2796483190118513e-08
38400.056 4.774766292868559e-09
38450.056 1.8210068905189203e-09
38500.056 1.394758262437732e-09
38550.056 5.7494689752811315e-09
38600.056 6.507563064008561e-09
38650.056 7.151121033869806e-09
38700.056 5.739179917588023e-09
38750.056 6.284165271965223e-09
38800.056 6.235291753808445e-09
38850.056 7.499849809190906e-09
38900.056 9.247425221178972e-09
38950.056 5.296405053987837e-09
39000.056 9.322286113813757e-09
39050.056 4.879647830479571e-09
39100.056 8.153972210258835e-09
39150.056 1.2185213308600162e-08
39200.056 7.82399864590868e-09
39250.056 1.2708490834172258e-08
39300.056 8.314419275969565e-09
39350.056 1.582854335424949e-08
39400.056 8.668535616046004e-09
39450.056 1.3351879930293969e-08
39500.056 1.4020234542700748e-08
39550.056 5.811918439834735e-09
39600.056 1.2380326142901422e-08
39650.056 1.733803196109909e-08
39700.056 1.6037239409602263e-08
39750.056 6.610990409336862e-09
39800.056 7.52601473325261e-09
39850.056 1.9108215526601793e-08
39900.056 2.2011253822201226e-08
39950.056 8.725157868739832e-09
40000.056 1.61728724680796e-08
40050.056 1.871969746069936e-08
40100.056 5.684005971973901e-09
40150.056 1.58556029524007e-08
40200.056 1.7726950917917073e-08
40250.056 2.0023069359345872e-08
40300.056 2.035959759700217e-08
40350.056 1.0941722495331686e-08
40400.056 1.6485543647745146e-08
40450.056 7.454343444859423e-09
40500.056 2.0160540356100244e-08
40550.056 2.1490873054592418e-08
40600.056 1.8754101897099923e-08
40650.056 1.417325607598177e-08
40700.056 2.7172824061997857e-08
40750.056 1.8320824348996612e-08
40800.056 1.034680124095721e-08
40850.056 3.078427348880575e-08
40900.056 2.725275477919639e-08
40950.056 2.1449604982241226e-08
41000.056 1.702518525523352e-08
41050.056 3.344698914159642e-08
41100.056 2.8513763452798992e-08
41150.056 1.010891465685506e-08
41200.056 3.1526212481803566e-08
41250.056 2.7187474954195333e-08
41300.056 2.9251220716803212e-08
41350.056 3.706239846899873e-08
41400.056 2.9221285866999412e-08
41450.056 3.933336194179728e-08
41500.056 2.3423976029361948e-08
41550.056 2.168510754724642e-08
41600.056 2.3404647051685808e-08
41650.056 3.337730419000359e-08
41700.056 4.46891365169937e-08
41750.056 3.2867641376797744e-08
41800.056 3.4731669897004106e-08
41850.056 3.164628043670538e-08
41900.056 2.623664795521268e-08
41950.056 2.656861245839897e-08
42000.056 1.3968724912958563e-08
42050.056 1.830598170922219e-08
42100.056 2.220301369915917e-08
42150.056 2.4770591231038794e-08
42200.056 2.7685925235398334e-08
42250.056 2.3345623378204722e-08
42300.056 2.036918748489828e-08
42350.056 3.362837480100138e-08
42400.056 3.9650245653003126e-08
42450.056 3.9310341541005e-08
42500.056 4.089620829299729e-08
42550.056 3.5182295741996754e-08
42600.056 3.392590197041029e-08
42650.056 4.939218296179306e-08
42700.056 2.4003622491392158e-08
42750.056 3.490856046640575e-08
42800.056 5.0368044424002425e-08
42850.056 5.270879140199117e-08
42900.056 5.378340821080475e-08
42950.056 4.209034614809907e-08
43000.056 4.90196385840001e-08
43050.056 2.4882562952201112e-08
43100.056 4.222323246399861e-08
43150.056 3.4876945848001874e-08
43200.056 4.888783081500274e-08
43250.056 6.447360473300258e-08
43300.056 5.853197480800026e-08
43350.056 3.3060210091294416e-08
43400.056 4.861548839900237e-08
43450.056 3.24595755554018e-08
43500.056 3.215000957030442e-08
43550.056 3.4568148082202235e-08
43600.056 5.654611074100355e-08
43650.056 3.332780202389853e-08
43700.056 6.063734234901058e-08
43750.056 5.894477280599614e-08
43800.056 5.104301523699759e-08
43850.056 4.7167286889605915e-08
43900.056 3.550755447679665e-08
43950.056 2.5540645642397728e-08
44000.056 2.5374696282099356e-08
44050.056 5.82672812830026e-08
44100.056 7.295757287600155e-08
44150.056 6.547616167999776e-08
44200.056 6.335948355700218e-08
44250.056 3.652259655399683e-08
44300.056 2.6878047527003084e-08
44350.056 2.9691472792283768e-08
44400.056 2.8658311019098377e-08
44450.056 5.074971519030428e-08
44500.056 4.408431293640506e-08
44550.056 6.235122668499868e-08
44600.056 5.020121273450066e-08
44650.056 4.9759082962999635e-08
44700.056 3.423666351379553e-08
44750.056 4.9765293683407735e-08
44800.056 3.3769361967102206e-08
44850.056 4.811558864300134e-08
44900.056 4.351453476379937e-08
44950.056 4.953574992400477e-08
45000.056 5.868802824000111e-08
45050.056 5.210869593999517e-08
45100.056 4.743946694800285e-08
45150.056 4.2337568232796033e-08
45200.056 3.0935596828502934e-08
45250.056 3.750772917179312e-08
45300.056 3.6220657880204535e-08
45350.056 2.694490212330403e-08
45400.056 6.891774429900466e-08
45450.056 5.682712031260655e-08
45500.056 6.492698659700233e-08
45550.056 6.88625096929885e-08
45600.056 6.123585902800517e-08
45650.056 5.335960598999792e-08
45700.056 3.382118094371779e-08
45750.056 3.049115934910196e-08
45800.056 6.868249902800336e-08
45850.056 5.4707319930001446e-08
45900.056 6.843786856999836e-08
45950.056 6.381334778499675e-08
46000.056 6.57639377305065e-08
46050.056 5.1328151542002996e-08
46100.056 7.674214770099677e-08
46150.056 4.8056552923999755e-08
46200.056 3.944411071559492e-08
46250.056 1.5731377927648912e-08
46300.056 4.7475284167401726e-08
46350.056 4.984003510320646e-08
46400.056 4.941708428100147e-08
46450.056 4.391688141931725e-08
46500.056 4.88231123801077e-08
46550.056 2.6805075969699397e-08
46600.056 3.471522617385531e-08
46650.056 5.390532004500261e-08
46700.056 3.8617257044993384e-08
46750.056 1.72840980262629e-08
46800.056 1.12779464886991e-08
46850.056 4.989445335200639e-08
46900.056 5.7709198761997405e-08
46950.056 5.68961437809975e-08
47000.056 5.660497253600466e-08
47050.056 3.8586991905648885e-08
47100.056 2.975879118120162e-08
47150.056 4.648548473220573e-08
47200.056 5.1825560985997135e-08
47250.056 2.4978779289196018e-08
47300.056 1.70881711410839e-08
47350.056 5.4534827774003685e-08
47400.056 5.4364874682996696e-08
47450.056 3.689711975768338e-08
47500.056 6.072308346599924e-08
47550.056 5.222992934300104e-08
47600.056 4.422796970039528e-08
47650.056 5.1047756547177795e-08
47700.056 3.991512289181707e-08
47750.056 2.985252962009993e-08
47800.056 2.3335893857002995e-08
47850.056 9.918066945771701e-09
47900.056 1.711039347664982e-08
47950.056 4.4609832152001994e-08
48000.056 5.710248349199763e-08
48050.056 4.4980422052798983e-08
48100.056 2.057445474362145e-08
48150.056 3.852427077700163e-08
48200.056 2.5131628907637606e-08
48250.056 3.537813812699996e-08
48300.056 5.514019818199948e-08
48350.056 3.434135741299589e-08
48400.056 7.162395316539043e-09
48450.056 1.518753848974168e-08
48500.056 2.8474124189793455e-08
48550.056 3.249228368788486e-08
48600.056 4.8377325761999936e-08
48650.056 5.863820667999813e-08
48700.056 4.0259997547605874e-08
48750.056 3.00236171080042e-08
48800.056 4.893882684100247e-08
48850.056 2.5556980732966063e-08
48900.056 2.9033056762256957e-08
48950.056 1.6135162552099282e-08
49000.056 8.953028019126134e-09
49050.056 2.987855752269638e-08
49100.056 3.9377605831076336e-08
49150.056 3.115577315222045e-08
49200.056 4.9329560517004715e-08
49250.056 5.1203502000000966e-08
49300.056 4.2599564539998047e-08
49350.056 1.644263328375694e-08
49400.056 2.453677265533442e-08
49450.056 2.1121885178554693e-08
49500.056 1.696728991133712e-08
49550.056 2.8754425925000214e-09
49600.056 9.022382977179693e-09
49650.056 2.68653741120019e-08
49700.056 3.226107517699378e-08
49750.056 2.763067162661901e-08
49800.056 1.641125321962789e-08
49850.056 3.819193602000446e-08
49900.056 3.658342941199883e-08
49950.056 3.498836663999945e-08
50000.056 2.3008832625001343e-08
50050.056 2.8344871651002427e-08
50100.056 2.3961777672998446e-08
50150.056 9.618470647288129e-09
50200.056 1.2956410588826629e-09
50250.056 9.766930514099924e-09
50300.056 6.483821956305301e-09
50350.056 2.7023222484203937e-08
50400.056 3.2072616864397025e-08
50450.056 2.4000231493201475e-08
50500.056 3.7379229104201295e-08
50550.056 3.601990292800153e-08
50600.056 2.4377035160742874e-08
50650.056 3.918106454500526e-08
50700.056 3.80507388249988e-08
50750.056 2.2441512729100424e-08
50800.056 6.4695767306267585e-09
50850.056 2.872916792457504e-09
50900.056 2.292844867200211e-08
50950.056 2.43079266139978e-08
51000.056 1.6896598485989415e-08
51050.056 2.815299709719619e-08
51100.056 9.914166145604406e-09
51150.056 9.42584427207615e-09
51200.056 3.372067540499966e-08
51250.056 2.5917662406495508e-08
51300.056 1.6526985772533092e-08
51350.056 1.4345802712814512e-08
51400.056 3.6984775993598543e-09
51450.056 3.087362244161658e-09
51500.056 2.8587078441465756e-09
51550.056 1.3212513972902641e-08
51600.056 1.3856715872502483e-08
51650.056 1.974440534499955e-08
51700.056 1.8502270827094168e-08
51750.056 1.226726388242762e-08
51800.056 2.4937039595997822e-08
51850.056 1.9410166522799108e-08
51900.056 2.0691901447000693e-08
51950.056 1.036450530899849e-08
52000.056 7.386185513546801e-10
52050.056 5.13140943510059e-09
52100.056 2.510545384759438e-09
52150.056 1.3086147783754833e-09
52200.056 6.138848697839825e-09
52250.056 1.1128732455372172e-08
52300.056 1.3206685535299044e-08
52350.056 2.9899651200566697e-09
52400.056 3.4667607171799622e-09
52450.056 1.664476316890162e-08
52500.056 1.1715659509375686e-08
52550.056 1.6362919531899123e-08
52600.056 1.2910794242740893e-08
52650.056 1.5802816103500683e-08
52700.056 9.629845748649509e-09
52750.056 2.9427815835419163e-09
52800.056 6.235159640291214e-09
52850.056 7.72076781280804e-09
52900.056 2.3293451916319e-09
52950.056 4.534701147520793e-09
53000.056 1.0313167818200996e-08
53050.056 3.325314009465239e-09
53100.056 1.4806730758200691e-08
53150.056 1.490359530100025e-08
53200.056 6.235987706419928e-09
53250.056 1.2561863228399813e-08
53300.056 1.4369896319760374e-08
53350.056 1.1577845235200315e-08
53400.056 7.0740950530988244e-09
53450.056 1.8189150064643197e-09
53500.056 2.327055437954139e-10
53550.056 6.861056113200003e-10
