galfind/configs/Brown_Dwarf_templates/sonora_bobcat/m-0.5/100g/sp_t650g100nc_m-0.5_resample.dat
# %ECSV 1.0
# ---
# datatype:
# - {name: wav, unit: Angstrom, datatype: float64}
# - {name: flux_nu, unit: erg / (cm2 Hz s), datatype: float64}
# meta: {C/O: '1.00', Kzz: '1.0000E+05', Teff: '650.', Y: '0.28', '[Fe/H]': '-0.50', f_hole: '1.00', f_rain: '0.00', grav: '100.'}
# schema: astropy-2.0
wav flux_nu
4000.0559999999996 nan
4050.0559999999996 2.1932240205323997e-15
4100.056 4.087878076210064e-13
4150.056 2.5623568214000427e-12
4200.056 2.3588071416976315e-12
4250.056 9.029543959900061e-12
4300.056 1.5061488217900476e-11
4350.056 1.9362080475000114e-11
4400.056 2.608917777500019e-11
4450.056 3.5050289558000586e-11
4500.056 3.8333436444000675e-11
4550.056 3.987207527002929e-11
4600.056 2.3185269572999968e-11
4650.056 1.6473632304999963e-11
4700.056 9.400314855999913e-12
4750.056 2.569503049179961e-12
4800.056 4.611546467999925e-13
4850.056 7.37560781109987e-14
4900.056 1.7842993115599788e-14
4950.056 6.240674422199938e-15
5000.056 2.555661953099977e-15
5050.056 1.5622240395000052e-15
5100.056 1.565917876600003e-15
5150.056 1.6607891850999984e-15
5200.056 1.7798269889999982e-15
5250.056 1.939832649599999e-15
5300.056 2.1295992529999996e-15
5350.056 2.3593360747000038e-15
5400.056 2.6431050072000003e-15
5450.056 2.9233992355999953e-15
5500.056 3.1918715099000033e-15
5550.056 3.4363866905000037e-15
5600.056 3.652642998399998e-15
5650.056 3.813853362500003e-15
5700.056 3.8863072286000026e-15
5750.056 3.7136468219999956e-15
5800.056 3.206949303799991e-15
5850.056 2.125681696929975e-15
5900.056 6.586025887345073e-16
5950.056 4.491359187700075e-15
6000.056 1.0186332628600074e-14
6050.056 1.8380386570000165e-14
6100.056 3.003716432300016e-14
6150.056 4.6339342064000253e-14
6200.056 6.87068881040003e-14
6250.056 9.91816064270004e-14
6300.056 1.396976846900007e-13
6350.056 1.94809651920001e-13
6400.056 2.7016605197000105e-13
6450.056 3.668112528899984e-13
6500.056 5.044363806300009e-13
6550.056 6.946936904899985e-13
6600.056 9.57889226540017e-13
6650.056 1.3253254859500077e-12
6700.056 1.7281196771700196e-12
6750.056 2.491686462900011e-12
6800.056 3.2568376932000176e-12
6850.056 3.854550394700007e-12
6900.056 3.89797961870004e-12
6950.056 3.703744015499987e-12
7000.056 3.926423422400018e-12
7050.056 4.333855500299957e-12
7100.056 4.8400480400999816e-12
7150.056 4.8863322625399316e-12
7200.056 4.867408634650027e-12
7250.056 4.992683465499777e-12
7300.056 4.888253581480171e-12
7350.056 4.9077104647599335e-12
7400.056 4.8676919315001045e-12
7450.056 4.728096693400073e-12
7500.056 4.426957590299995e-12
7550.056 3.928780094499988e-12
7600.056 3.286219877999981e-12
7650.056 9.249468025709549e-13
7700.056 5.957331223420292e-13
7750.056 3.1829587658000565e-12
7800.056 5.510234229180062e-12
7850.056 9.498266924800042e-12
7900.056 1.3501869880400004e-11
7950.056 1.592121063180016e-11
8000.056 2.4969682455000247e-11
8050.056 3.286654738600046e-11
8100.056 3.978385504599943e-11
8150.056 4.84366191136999e-11
8200.056 6.808380940920304e-11
8250.056 8.484126549428006e-11
8300.056 1.1009817986350652e-10
8350.056 1.3882727123379545e-10
8400.056 1.7767733091199738e-10
8450.056 2.3335579110399854e-10
8500.056 2.6971687174798777e-10
8550.056 3.6797955430001044e-10
8600.056 4.847454210700051e-10
8650.056 6.074086358200075e-10
8700.056 7.432457982900089e-10
8750.056 9.130640897400068e-10
8800.056 1.0930115203000115e-09
8850.056 1.223730994199994e-09
8900.056 1.0051285909499478e-09
8950.056 9.749536266010328e-10
9000.056 1.1900721923787587e-09
9050.056 2.0307937959165958e-09
9100.056 2.4036467756488705e-09
9150.056 2.697792866217175e-09
9200.056 3.384949139266258e-09
9250.056 3.406138982265397e-09
9300.056 1.259460152185168e-09
9350.056 1.669749389725701e-09
9400.056 2.9502402635187637e-09
9450.056 3.265001852742535e-09
9500.056 3.07424108671346e-09
9550.056 3.4606088422901334e-09
9600.056 3.58566208660195e-09
9650.056 4.5035102964418615e-09
9700.056 6.435500110125398e-09
9750.056 6.84149244087614e-09
9800.056 7.922378764144276e-09
9850.056 9.20848747266995e-09
9900.056 1.1519978310629972e-08
9950.056 1.2560948745100288e-08
10000.056 1.1297391324429718e-08
10050.056 1.5756175399600096e-08
10100.056 1.7995337762999925e-08
10150.056 1.9549198933999847e-08
10200.056 2.0758821057700774e-08
10250.056 2.35782837057007e-08
10300.056 2.7463774208398313e-08
10350.056 2.824117279700077e-08
10400.056 3.2871940146000236e-08
10450.056 3.6110815191996914e-08
10500.056 3.9026968501999204e-08
10550.056 4.2084661331000224e-08
10600.056 4.361970341899952e-08
10650.056 4.487322414500075e-08
10700.056 4.4528705603000694e-08
10750.056 4.507529037500076e-08
10800.056 4.44764758254006e-08
10850.056 4.230377828000015e-08
10900.056 3.4827195286999403e-08
10950.056 2.166814695389047e-08
11000.056 1.581045124334441e-08
11050.056 1.058243182911505e-08
11100.056 7.1473869396568024e-09
11150.056 4.174151455051576e-09
11200.056 4.004040669942233e-09
11250.056 5.003551252744879e-09
11300.056 5.695063897266476e-09
11350.056 2.4890298705282298e-09
11400.056 6.328635710222592e-09
11450.056 4.596073235728516e-09
11500.056 4.169754435270765e-09
11550.056 1.7823160570483345e-09
11600.056 1.6730442714047653e-09
11650.056 3.2441463171988095e-09
11700.056 3.697214048651689e-09
11750.056 1.4330411077518083e-09
11800.056 4.806718976264689e-09
11850.056 7.29153088063464e-09
11900.056 8.817121336288372e-09
11950.056 1.2344026675871654e-08
12000.056 1.6507954785070856e-08
12050.056 2.1581817654401597e-08
12100.056 2.7117447562556658e-08
12150.056 3.3947978586697556e-08
12200.056 3.932036980279934e-08
12250.056 4.7567819824695535e-08
12300.056 5.794590999600286e-08
12350.056 6.162716583399915e-08
12400.056 7.394099560099735e-08
12450.056 8.394824892000227e-08
12500.056 9.035217917700548e-08
12550.056 9.890532794999914e-08
12600.056 1.0788473171300345e-07
12650.056 1.0980737631599911e-07
12700.056 1.1016309229400431e-07
12750.056 9.994125117500416e-08
12800.056 9.22732864250004e-08
12850.056 7.347367968840377e-08
12900.056 6.308202641480676e-08
12950.056 5.77501322507019e-08
13000.056 5.8109852868304626e-08
13050.056 4.729847785714872e-08
13100.056 4.573681725387837e-08
13150.056 3.5309360893158184e-08
13200.056 3.254763727735685e-08
13250.056 2.504427318594223e-08
13300.056 1.1825027662764856e-08
13350.056 3.939070570178178e-09
13400.056 1.9065721727199344e-09
13450.056 8.849188155829849e-10
13500.056 4.5796398384232936e-10
13550.056 2.55357950570581e-10
13600.056 1.1127879212323592e-10
13650.056 4.298505718666821e-10
13700.056 2.7878109032174207e-10
13750.056 4.6140557279051337e-10
13800.056 5.221710172256533e-10
13850.056 3.2754365009621316e-10
13900.056 3.7357814514546863e-10
13950.056 3.5115600262741506e-10
14000.056 3.648042522920673e-10
14050.056 5.173713214801162e-10
14100.056 4.427970537863348e-10
14150.056 7.164885671301038e-10
14200.056 5.026449833414801e-10
14250.056 5.801963378886184e-10
14300.056 1.234880702303033e-09
14350.056 1.2034718385200696e-09
14400.056 1.2777426901755312e-09
14450.056 1.726301667115116e-09
14500.056 3.26997586166848e-09
14550.056 3.477200660979024e-09
14600.056 4.696395123625285e-09
14650.056 3.6987348567358e-09
14700.056 2.2611664085162087e-09
14750.056 2.1015564410669168e-09
14800.056 3.1481091810683574e-09
14850.056 3.5219726966909773e-09
14900.056 3.639906049528601e-09
14950.056 3.67979653803923e-09
15000.056 6.121243416888319e-09
15050.056 5.853147342822369e-09
15100.056 5.105074182844291e-09
15150.056 4.609727696460343e-09
15200.056 6.575097702785045e-09
15250.056 1.0637514925387114e-08
15300.056 1.262179368757112e-08
15350.056 1.509862823453156e-08
15400.056 1.8430455051112856e-08
15450.056 2.1665424516432655e-08
15500.056 2.4515662502610416e-08
15550.056 3.0756562348855676e-08
15600.056 3.661169996729848e-08
15650.056 4.3354279661201924e-08
15700.056 5.167336723850192e-08
15750.056 5.6185059717999084e-08
15800.056 5.9208255822000267e-08
15850.056 6.285772384200258e-08
15900.056 5.959320493100077e-08
15950.056 5.6333555390996854e-08
16000.056 4.6876102225002916e-08
16050.056 3.2975600691998146e-08
16100.056 2.3563293381498056e-08
16150.056 1.537022800489919e-08
16200.056 9.611993565514235e-09
16250.056 7.639082682358689e-09
16300.056 5.743374746329609e-09
16350.056 6.7490413271164e-09
16400.056 7.973434485801972e-09
16450.056 8.134972320994551e-09
16500.056 8.24645811783136e-09
16550.056 8.02094601658918e-09
16600.056 9.454868473899358e-09
16650.056 6.687845684065957e-09
16700.056 1.902059983917052e-09
16750.056 4.13157746857836e-09
16800.056 6.471573689373947e-09
16850.056 6.842059026463552e-09
16900.056 4.900693167065678e-09
16950.056 3.6353137070893596e-09
17000.056 2.5014300061081487e-09
17050.056 4.148615086939804e-09
17100.056 5.627284157027686e-09
17150.056 4.009952956228424e-09
17200.056 7.722630692777817e-09
17250.056 5.75224225523563e-09
17300.056 4.347581184796742e-09
17350.056 4.322512598033981e-09
17400.056 5.480629039461034e-09
17450.056 6.402791556385187e-09
17500.056 7.4247156349870076e-09
17550.056 6.624736468138497e-09
17600.056 5.558328417276103e-09
17650.056 5.204105184341869e-09
17700.056 4.230221081123246e-09
17750.056 3.83374638018081e-09
17800.056 5.835534412554426e-09
17850.056 3.6900702192507522e-09
17900.056 3.209148839420803e-09
17950.056 2.5591467249863896e-09
18000.056 3.305505057975662e-09
18050.056 2.6597031768571892e-09
18100.056 3.0423067373211495e-09
18150.056 3.2428285228185614e-09
18200.056 2.1391427130432467e-09
18250.056 4.894336064794394e-09
18300.056 2.3092757860961643e-09
18350.056 1.935496964804282e-09
18400.056 1.6428394887650765e-09
18450.056 3.1656815305871086e-09
18500.056 3.092482147717202e-09
18550.056 2.2556589275682214e-09
18600.056 2.2225216505452307e-09
18650.056 1.7916325587514165e-09
18700.056 1.1332857287521146e-09
18750.056 1.915245274151278e-09
18800.056 4.26770847588069e-09
18850.056 4.264656455084e-09
18900.056 3.887310784101793e-09
18950.056 5.5312412599133e-09
19000.056 2.9923733864160432e-09
19050.056 1.866400304837613e-09
19100.056 3.047362060245778e-09
19150.056 1.8363388476626932e-09
19200.056 2.248192831801993e-09
19250.056 1.6625974653365227e-09
19300.056 1.3868284837441188e-09
19350.056 1.1990745450252008e-09
19400.056 1.0053356148179152e-09
19450.056 1.5686096711268963e-09
19500.056 1.3335149273540586e-09
19550.056 1.437561187112859e-09
19600.056 2.1657476805472068e-09
19650.056 2.015224791176584e-09
19700.056 2.1739180149934055e-09
19750.056 2.8845311739007528e-09
19800.056 2.4732255529200617e-09
19850.056 3.0921438005066787e-09
19900.056 3.23906045526848e-09
19950.056 4.2861063394948446e-09
20000.056 4.667652654364557e-09
20050.056 4.366367923468709e-09
20100.056 6.017987994903714e-09
20150.056 4.276690168777003e-09
20200.056 3.885621584898295e-09
20250.056 5.48289463256404e-09
20300.056 5.940437869897006e-09
20350.056 6.0332648381583506e-09
20400.056 5.842814153811217e-09
20450.056 7.743552313765788e-09
20500.056 8.501166020788135e-09
20550.056 8.90752427397145e-09
20600.056 9.322808213812125e-09
20650.056 1.0389542098299454e-08
20700.056 1.0963893544301177e-08
20750.056 1.1486301917999051e-08
20800.056 1.1474937902997956e-08
20850.056 1.2144471829200286e-08
20900.056 1.2475453636998536e-08
20950.056 1.2211015476500829e-08
21000.056 1.2045651375200654e-08
21050.056 1.224296774939921e-08
21100.056 1.1907790679100422e-08
21150.056 1.1887253632598667e-08
21200.056 1.1421841946400785e-08
21250.056 1.096970493215831e-08
21300.056 1.0088535673099315e-08
21350.056 9.907480648603162e-09
21400.056 9.784023845831834e-09
21450.056 8.817548346805836e-09
21500.056 8.26966641981731e-09
21550.056 7.60776990443033e-09
21600.056 6.9625707373602275e-09
21650.056 5.856434188643527e-09
21700.056 5.856442991556892e-09
21750.056 5.21747800945109e-09
21800.056 4.359966835190773e-09
21850.056 4.095414131201993e-09
21900.056 3.2408742035753193e-09
21950.056 1.9127985927226133e-09
22000.056 6.786456837482635e-10
22050.056 6.651689815516402e-10
22100.056 1.6343771370084696e-09
22150.056 1.6340235630177754e-09
22200.056 1.7608309039981937e-09
22250.056 1.4996600727012074e-09
22300.056 1.03438579047485e-09
22350.056 1.1710057252351256e-09
22400.056 6.490524059099995e-10
22450.056 7.529763169839352e-10
22500.056 6.457023049380863e-10
22550.056 4.979723340854866e-10
22600.056 4.571277663532065e-10
22650.056 6.353683701172591e-10
22700.056 5.160869238811781e-10
22750.056 5.632270392638569e-10
22800.056 5.874287595713016e-10
22850.056 4.774876847117172e-10
22900.056 3.959959733766041e-10
22950.056 3.7461674575266567e-10
23000.056 4.745020935039458e-10
23050.056 5.983942202941436e-10
23100.056 1.5619972100361763e-09
23150.056 1.3655267778367156e-09
23200.056 1.9144741665658912e-10
23250.056 4.390792010787535e-10
23300.056 3.9726227117947716e-10
23350.056 4.743406549559716e-10
23400.056 4.566767652511905e-10
23450.056 3.682576933382349e-10
23500.056 4.096009044241873e-10
23550.056 6.015683007406446e-10
23600.056 7.979837470192791e-10
23650.056 1.1001365027308884e-09
23700.056 4.1221559582187804e-10
23750.056 3.7441008378473656e-10
23800.056 8.09179335951914e-10
23850.056 7.226191731097269e-10
23900.056 1.2654487795314937e-09
23950.056 1.0106647485623406e-09
24000.056 1.4984511456965501e-09
24050.056 1.6979207360096163e-09
24100.056 1.656365829892991e-09
24150.056 2.1566313813377105e-09
24200.056 1.7711523807030228e-09
24250.056 1.5701339873055055e-09
24300.056 2.2805122629285835e-09
24350.056 1.9725336450295775e-09
24400.056 3.062022520396109e-09
24450.056 3.147124348649872e-09
24500.056 3.0432063355323364e-09
24550.056 3.949437211932827e-09
24600.056 4.072096278488829e-09
24650.056 5.365177129504015e-09
24700.056 3.764746308160532e-09
24750.056 4.423905746190095e-09
24800.056 4.271660262169532e-09
24850.056 6.343474285941288e-09
24900.056 3.3556708180009983e-09
24950.056 6.166887716817785e-09
25000.056 5.629003787753044e-09
25050.056 3.8775838420392756e-09
25100.056 5.720220030088321e-09
25150.056 3.4395117196863344e-09
25200.056 4.816064286175275e-09
25250.056 2.545353947576393e-09
25300.056 3.860471521706837e-09
25350.056 2.0186260738271382e-09
25400.056 4.304637401067838e-09
25450.056 1.898257008278021e-09
25500.056 1.7973107779414085e-09
25550.056 2.6684285819947935e-09
25600.056 1.8994374202123673e-09
25650.056 1.1331799721211662e-09
25700.056 2.1008642023828913e-09
25750.056 7.048057260224909e-10
25800.056 2.668601333555701e-09
25850.056 7.873034476182447e-10
25900.056 1.1748319793635305e-09
25950.056 4.4696664528814413e-10
26000.056 2.5772333157602404e-09
26050.056 7.395597382484223e-10
26100.056 2.2688689842931115e-09
26150.056 1.3833155572317352e-09
26200.056 1.611231031418952e-09
26250.056 4.944319599765062e-09
26300.056 2.0668071748359454e-09
26350.056 6.135255220683832e-09
26400.056 6.2718792872835575e-09
26450.056 6.029193840216526e-09
26500.056 8.4545252423791e-09
26550.056 2.562636552964711e-09
26600.056 3.5491228855198985e-09
26650.056 9.411934705283816e-10
26700.056 7.182714013591716e-10
26750.056 5.88696160785193e-10
26800.056 1.323469015990796e-09
26850.056 7.057144311904328e-10
26900.056 2.553395596411973e-09
26950.056 1.042961405726169e-09
27000.056 4.110735970299991e-09
27050.056 3.7077660161416776e-09
27100.056 1.3446933722549714e-09
27150.056 5.33630391573819e-09
27200.056 1.3925036792260937e-09
27250.056 2.7268310892733937e-09
27300.056 9.516129252942789e-09
27350.056 5.186604619224266e-09
27400.056 5.973979177318369e-10
27450.056 5.9729108651566674e-09
27500.056 6.505480771930587e-09
27550.056 1.7174737668832944e-09
27600.056 3.864927910172449e-09
27650.056 1.422399909035722e-09
27700.056 1.0987795605497876e-09
27750.056 4.667260417083199e-09
27800.056 1.612446943970906e-09
27850.056 2.302652097843079e-09
27900.056 2.3409565357685212e-09
27950.056 5.092047570541863e-09
28000.056 4.098903057726004e-09
28050.056 8.52372217544126e-10
28100.056 4.182541269604259e-09
28150.056 3.0478374705324973e-09
28200.056 1.1999516535075174e-09
28250.056 5.238545834336102e-09
28300.056 5.302311621008255e-09
28350.056 1.5787348936296498e-09
28400.056 4.016736988764078e-09
28450.056 5.908439685112959e-09
28500.056 4.207381544334193e-09
28550.056 1.2108249071420204e-09
28600.056 6.657543777479056e-09
28650.056 4.830581031520762e-09
28700.056 5.487322237521844e-09
28750.056 7.924950786930403e-09
28800.056 4.969444776754952e-09
28850.056 7.263600485942553e-09
