galfind/configs/Brown_Dwarf_templates/sonora_bobcat/m-0.5/100g/sp_t600g100nc_m-0.5_resample.dat
# %ECSV 1.0
# ---
# datatype:
# - {name: wav, unit: Angstrom, datatype: float64}
# - {name: flux_nu, unit: erg / (cm2 Hz s), datatype: float64}
# meta: {C/O: '1.00', Kzz: '1.0000E+05', Teff: '600.', Y: '0.28', '[Fe/H]': '-0.50', f_hole: '1.00', f_rain: '0.00', grav: '100.'}
# schema: astropy-2.0
wav flux_nu
4000.0559999999996 nan
4050.0559999999996 5.827700543111073e-16
4100.056 1.5683489393140352e-13
4150.056 1.1852108798300145e-12
4200.056 1.1041419141718646e-12
4250.056 5.192757276700031e-12
4300.056 9.159558240300222e-12
4350.056 1.2433796190000047e-11
4400.056 1.722808142800011e-11
4450.056 2.3897614346000372e-11
4500.056 2.7145147804000338e-11
4550.056 2.7397110073919638e-11
4600.056 1.2442624903399975e-11
4650.056 8.05249825919999e-12
4700.056 3.9840421752999605e-12
4750.056 9.32273214629984e-13
4800.056 1.5365455480999756e-13
4850.056 2.4489359605999578e-14
4900.056 6.443615360899933e-15
4950.056 2.7553205027999792e-15
5000.056 1.41376525759999e-15
5050.056 9.903811141200039e-16
5100.056 1.0323343003700026e-15
5150.056 1.1224560602999997e-15
5200.056 1.2252860482999992e-15
5250.056 1.3560701976e-15
5300.056 1.5077282356000002e-15
5350.056 1.6901169854000029e-15
5400.056 1.914734672600001e-15
5450.056 2.1458095147999987e-15
5500.056 2.3779111925000034e-15
5550.056 2.596754209300003e-15
5600.056 2.7907500716999982e-15
5650.056 2.9328903329000015e-15
5700.056 2.9919722359000015e-15
5750.056 2.869866687999997e-15
5800.056 2.5326413113999936e-15
5850.056 1.7197831434599798e-15
5900.056 5.375072575573636e-16
5950.056 3.603982937700063e-15
6000.056 7.958415182900053e-15
6050.056 1.4413564716000135e-14
6100.056 2.3587755815000127e-14
6150.056 3.6037505132000195e-14
6200.056 5.2779721447000235e-14
6250.056 7.545380088900029e-14
6300.056 1.0586118309500051e-13
6350.056 1.4719258215000073e-13
6400.056 2.0293592877000076e-13
6450.056 2.716233343699987e-13
6500.056 3.676268413700008e-13
6550.056 4.971784581299981e-13
6600.056 6.708945683200124e-13
6650.056 9.070993415300051e-13
6700.056 1.1681319104700124e-12
6750.056 1.6215419194000065e-12
6800.056 2.075139289000011e-12
6850.056 2.439498911100005e-12
6900.056 2.489091987400029e-12
6950.056 2.4016523874999925e-12
7000.056 2.5931259543000083e-12
7050.056 2.86334087039997e-12
7100.056 3.2090950183999853e-12
7150.056 3.2016873712299523e-12
7200.056 3.198576075159001e-12
7250.056 3.364647401449851e-12
7300.056 3.3680085422401467e-12
7350.056 3.4912552747799533e-12
7400.056 3.5572882111000827e-12
7450.056 3.5447935769000625e-12
7500.056 3.3835937273999978e-12
7550.056 3.0521604561999914e-12
7600.056 2.5914708546999855e-12
7650.056 7.542844343489641e-13
7700.056 5.006965054160232e-13
7750.056 2.5266422426000438e-12
7800.056 4.3302823116600455e-12
7850.056 7.33560786060003e-12
7900.056 1.0277404750599989e-11
7950.056 1.199824440874011e-11
8000.056 1.813151309900018e-11
8050.056 2.3183155320000313e-11
8100.056 2.6685322824199487e-11
8150.056 3.0889743501980005e-11
8200.056 4.307678076240191e-11
8250.056 5.17019585228497e-11
8300.056 6.535972040340313e-11
8350.056 8.007531133509734e-11
8400.056 1.0042108941599884e-10
8450.056 1.3043035637299932e-10
8500.056 1.506991488399942e-10
8550.056 2.0181951531100517e-10
8600.056 2.615898701000026e-10
8650.056 3.2476989253000364e-10
8700.056 3.947349944700043e-10
8750.056 4.838827621400037e-10
8800.056 5.788219793600053e-10
8850.056 6.45934149259996e-10
8900.056 5.069946309099734e-10
8950.056 4.950514472190901e-10
9000.056 5.934936358307279e-10
9050.056 1.0710773103310979e-09
9100.056 1.2801087427148372e-09
9150.056 1.4602377259026933e-09
9200.056 1.8759670939231466e-09
9250.056 1.892525685099799e-09
9300.056 6.301032386959601e-10
9350.056 8.503025430326533e-10
9400.056 1.609691579874504e-09
9450.056 1.762723777045792e-09
9500.056 1.6491540775667918e-09
9550.056 1.8595621287068637e-09
9600.056 1.94767810123147e-09
9650.056 2.524898850564016e-09
9700.056 3.802109839809397e-09
9750.056 4.026186136740955e-09
9800.056 4.709837377788845e-09
9850.056 5.530167562210951e-09
9900.056 7.024245378180068e-09
9950.056 7.699387120400224e-09
10000.056 6.984859252955845e-09
10050.056 9.787559043200078e-09
10100.056 1.1137819595799991e-08
10150.056 1.1891728922499989e-08
10200.056 1.2319290924300543e-08
10250.056 1.4146848165220422e-08
10300.056 1.67305737778989e-08
10350.056 1.6746009233900508e-08
10400.056 2.0014620614000243e-08
10450.056 2.2265524034997793e-08
10500.056 2.4270706698399442e-08
10550.056 2.642948588400017e-08
10600.056 2.7443632506999795e-08
10650.056 2.815856096100042e-08
10700.056 2.7724505342000348e-08
10750.056 2.797507178290042e-08
10800.056 2.7474727325400328e-08
10850.056 2.5999039483200168e-08
10900.056 2.1414162825699596e-08
10950.056 1.3203261575330241e-08
11000.056 9.351934613343504e-09
11050.056 6.021983467559954e-09
11100.056 3.913510233059577e-09
11150.056 2.1686945978550182e-09
11200.056 2.030098905703087e-09
11250.056 2.557961694531581e-09
11300.056 3.0132717203565046e-09
11350.056 1.2459017969619918e-09
11400.056 3.4902249614178402e-09
11450.056 2.4596372825856585e-09
11500.056 2.220516959032416e-09
11550.056 8.696600185972576e-10
11600.056 7.669231914337579e-10
11650.056 1.6380562301550502e-09
11700.056 1.9045472017924098e-09
11750.056 6.917305012030188e-10
11800.056 2.545970275892987e-09
11850.056 3.865499477923784e-09
11900.056 4.648529174681686e-09
11950.056 6.55981333377093e-09
12000.056 8.937354131770731e-09
12050.056 1.1941498304470687e-08
12100.056 1.5110610888487944e-08
12150.056 1.9217793315098702e-08
12200.056 2.229435039960009e-08
12250.056 2.7516360471897317e-08
12300.056 3.4358921471401696e-08
12350.056 3.686464065679946e-08
12400.056 4.526388346899845e-08
12450.056 5.2924011020001345e-08
12500.056 5.7624284168003994e-08
12550.056 6.372655760199907e-08
12600.056 6.966800282800232e-08
12650.056 7.202925316599921e-08
12700.056 7.262886525400236e-08
12750.056 6.477855964400259e-08
12800.056 5.843602793220002e-08
12850.056 4.525692647730174e-08
12900.056 3.840204486337432e-08
12950.056 3.469066136439182e-08
13000.056 3.541725961186382e-08
13050.056 2.8088708545861225e-08
13100.056 2.7364786860284068e-08
13150.056 2.055998657939507e-08
13200.056 1.9300620936066258e-08
13250.056 1.4882310646563006e-08
13300.056 6.76034994422763e-09
13350.056 2.2362383108204054e-09
13400.056 1.0138141921356566e-09
13450.056 4.3804060342335785e-10
13500.056 2.1202205839826236e-10
13550.056 1.0749559010075169e-10
13600.056 4.235416056549698e-11
13650.056 1.8864244039551377e-10
13700.056 1.1621804935828175e-10
13750.056 2.1652281704567387e-10
13800.056 2.398327697029942e-10
13850.056 1.3972473216595324e-10
13900.056 1.6678177173584546e-10
13950.056 1.566837787559473e-10
14000.056 1.6676236033972855e-10
14050.056 2.475641204416195e-10
14100.056 2.1037123065455075e-10
14150.056 3.5499630053984616e-10
14200.056 2.4117676417912556e-10
14250.056 2.8785894246956277e-10
14300.056 6.619500550533061e-10
14350.056 6.305074908933727e-10
14400.056 6.621493268168302e-10
14450.056 9.48277602418521e-10
14500.056 1.8443071626100538e-09
14550.056 1.931412107154522e-09
14600.056 2.6202601344818877e-09
14650.056 1.8961890529064066e-09
14700.056 1.0730028804246635e-09
14750.056 8.913320332132966e-10
14800.056 1.366495623657815e-09
14850.056 1.5616523905656157e-09
14900.056 1.6042551219073916e-09
14950.056 1.533062040368711e-09
15000.056 2.872300586401102e-09
15050.056 2.644393133026174e-09
15100.056 2.106383911636673e-09
15150.056 1.722697705194607e-09
15200.056 2.799338311798437e-09
15250.056 4.85635132508858e-09
15300.056 5.848036305826373e-09
15350.056 7.054636178842436e-09
15400.056 8.870773146321144e-09
15450.056 1.0684303549330128e-08
15500.056 1.2332941220931129e-08
15550.056 1.618931225926321e-08
15600.056 2.000486845337895e-08
15650.056 2.4995813048401555e-08
15700.056 3.084378996880077e-08
15750.056 3.437030788189984e-08
15800.056 3.696144401119999e-08
15850.056 3.988880265000187e-08
15900.056 3.84595585010005e-08
15950.056 3.69500216399982e-08
16000.056 3.092540299400192e-08
16050.056 2.169221470449874e-08
16100.056 1.5277014461898792e-08
16150.056 9.715878822049434e-09
16200.056 5.863503051244307e-09
16250.056 4.506126263631876e-09
16300.056 3.286583615480703e-09
16350.056 3.933289225010216e-09
16400.056 4.6525335995201225e-09
16450.056 4.672814456381846e-09
16500.056 4.613893558809417e-09
16550.056 4.502114217802296e-09
16600.056 5.625231881472986e-09
16650.056 3.917517542186015e-09
16700.056 1.0089793158577395e-09
16750.056 2.4358000184889e-09
16800.056 3.789042452104965e-09
16850.056 4.0026947757705306e-09
16900.056 2.7178677245185084e-09
16950.056 1.957182490471818e-09
17000.056 1.2924482832845752e-09
17050.056 2.221253622124062e-09
17100.056 3.120170300538164e-09
17150.056 2.1503352211545217e-09
17200.056 4.491844836401672e-09
17250.056 3.157156281020228e-09
17300.056 2.3474838449927542e-09
17350.056 2.3961134392678243e-09
17400.056 3.1647017955474115e-09
17450.056 3.7384046337191186e-09
17500.056 4.3836126362412025e-09
17550.056 3.875453284867731e-09
17600.056 3.21477612408884e-09
17650.056 2.9494262632628364e-09
17700.056 2.412609901839392e-09
17750.056 2.1591920677320637e-09
17800.056 3.4272202035412406e-09
17850.056 2.0909779356487426e-09
17900.056 1.7542046849952829e-09
17950.056 1.3815552984377105e-09
18000.056 1.851056294119874e-09
18050.056 1.4188862699776822e-09
18100.056 1.6503355810752013e-09
18150.056 1.6762535140403726e-09
18200.056 1.1100146423121834e-09
18250.056 2.695949824153809e-09
18300.056 1.125505466103457e-09
18350.056 9.34529632157468e-10
18400.056 7.629548254335984e-10
18450.056 1.7047370015900615e-09
18500.056 1.631601604131319e-09
18550.056 1.1480516826806287e-09
18600.056 1.1834149437687395e-09
18650.056 9.089587872934211e-10
18700.056 5.002031467818475e-10
18750.056 9.046688697595366e-10
18800.056 2.2703926368561427e-09
18850.056 2.2193131815638325e-09
18900.056 2.0031587331685015e-09
18950.056 2.8521290651307115e-09
19000.056 1.415661058819549e-09
19050.056 8.228075218661636e-10
19100.056 1.4069001046370136e-09
19150.056 8.001714178432284e-10
19200.056 9.914059932039138e-10
19250.056 7.315655731558942e-10
19300.056 5.920399350584761e-10
19350.056 5.097671179962238e-10
19400.056 4.3514753571883843e-10
19450.056 6.721126570616772e-10
19500.056 5.570873669219664e-10
19550.056 6.582882076388625e-10
19600.056 1.0493344303293275e-09
19650.056 9.143115479033248e-10
19700.056 1.0282331534192996e-09
19750.056 1.3962900577678895e-09
19800.056 1.1415762521715343e-09
19850.056 1.4149597644406867e-09
19900.056 1.5634262151647577e-09
19950.056 2.0522175116578247e-09
20000.056 2.308149075406867e-09
20050.056 2.06353154639225e-09
20100.056 2.9755151744576274e-09
20150.056 2.004834586466252e-09
20200.056 1.7213156204190306e-09
20250.056 2.5815334321908868e-09
20300.056 2.8374679322393394e-09
20350.056 2.8588472248243183e-09
20400.056 2.7413419989936543e-09
20450.056 3.783317437644035e-09
20500.056 4.17640971260881e-09
20550.056 4.413316429804666e-09
20600.056 4.61038240557102e-09
20650.056 5.212876829639649e-09
20700.056 5.540900891450498e-09
20750.056 5.8262146328795105e-09
20800.056 5.787208879638948e-09
20850.056 6.203837026700162e-09
20900.056 6.371464372199347e-09
20950.056 6.236918691300406e-09
21000.056 6.1563123443002625e-09
21050.056 6.294800515599649e-09
21100.056 6.126566663600199e-09
21150.056 6.115096286299406e-09
21200.056 5.8925178340004e-09
21250.056 5.665951269179202e-09
21300.056 5.220735656589725e-09
21350.056 5.1210357000295814e-09
21400.056 5.092485671030882e-09
21450.056 4.551863009515926e-09
21500.056 4.266899290286176e-09
21550.056 3.92005221511311e-09
21600.056 3.5880920279808074e-09
21650.056 2.9815904906937143e-09
21700.056 2.9683300773092946e-09
21750.056 2.650360828613709e-09
21800.056 2.1705813845524974e-09
21850.056 2.0506520587613986e-09
21900.056 1.6216271626978023e-09
21950.056 9.15257670933788e-10
22000.056 2.862696950166746e-10
22050.056 3.0723729062758714e-10
22100.056 8.373160910041985e-10
22150.056 7.736814285283188e-10
22200.056 8.276441489567163e-10
22250.056 7.022901659579479e-10
22300.056 4.5662667228664357e-10
22350.056 5.343737011678031e-10
22400.056 2.7017135749970553e-10
22450.056 3.349988662657346e-10
22500.056 2.7951128809563704e-10
22550.056 2.0649494489097628e-10
22600.056 1.8262938008202687e-10
22650.056 2.7408491735340786e-10
22700.056 2.233321327852014e-10
22750.056 2.4996718775939407e-10
22800.056 2.6646026682468073e-10
22850.056 2.0897209893859743e-10
22900.056 1.6801711441541326e-10
22950.056 1.5817971363526732e-10
23000.056 1.994554027087995e-10
23050.056 2.5383427088536516e-10
23100.056 7.533052081546235e-10
23150.056 6.410507793678122e-10
23200.056 7.139928583775781e-11
23250.056 1.9264211798351056e-10
23300.056 1.7310760463783145e-10
23350.056 2.1535659587586477e-10
23400.056 1.9565481400282897e-10
23450.056 1.511282064791035e-10
23500.056 1.6827423898201474e-10
23550.056 2.6216423458979064e-10
23600.056 3.7592716369695587e-10
23650.056 5.174661493983701e-10
23700.056 1.6791953601742595e-10
23750.056 1.5618116689317066e-10
23800.056 3.9909296742725226e-10
23850.056 3.326685797986807e-10
23900.056 6.123111683093726e-10
23950.056 4.5196137647549353e-10
24000.056 7.244674570291356e-10
24050.056 8.189977396084964e-10
24100.056 8.156419621120507e-10
24150.056 1.0944908093437404e-09
24200.056 8.625101126355399e-10
24250.056 7.584176666039476e-10
24300.056 1.165745694848594e-09
24350.056 9.954283995070602e-10
24400.056 1.6379898221273163e-09
24450.056 1.7136841725132994e-09
24500.056 1.6281664072008093e-09
24550.056 2.183939114296313e-09
24600.056 2.2784625048581715e-09
24650.056 3.0408997977064296e-09
24700.056 2.119617069946851e-09
24750.056 2.5384362632276853e-09
24800.056 2.41330934957112e-09
24850.056 3.6754550982649127e-09
24900.056 1.8689511147349523e-09
24950.056 3.531899531856127e-09
25000.056 3.2656708782229966e-09
25050.056 2.2050281322302972e-09
25100.056 3.3236067526051765e-09
25150.056 1.9083190045335234e-09
25200.056 2.729055020704097e-09
25250.056 1.3357704112576142e-09
25300.056 2.045672780518305e-09
25350.056 1.0183493040998033e-09
25400.056 2.313613294710602e-09
25450.056 9.33014002889253e-10
25500.056 8.573582463908221e-10
25550.056 1.4033872852736498e-09
25600.056 9.374371450249428e-10
25650.056 5.217366327636886e-10
25700.056 9.219836908150028e-10
25750.056 2.7923905358946e-10
25800.056 1.2460503935503201e-09
25850.056 3.141920459665022e-10
25900.056 4.701777850368825e-10
25950.056 1.5386567353424578e-10
26000.056 1.1955483549686603e-09
26050.056 2.5962315133167507e-10
26100.056 9.760908528977948e-10
26150.056 5.446030127428324e-10
26200.056 6.398934539544383e-10
26250.056 2.5375114570227393e-09
26300.056 8.83346700793726e-10
26350.056 3.2814455443494965e-09
26400.056 3.5167911508254644e-09
26450.056 3.168255067997147e-09
26500.056 4.922537481798361e-09
26550.056 1.1704396137757077e-09
26600.056 1.6168846183324757e-09
26650.056 3.447561658026362e-10
26700.056 2.367150712513908e-10
26750.056 2.2015114969473397e-10
26800.056 5.489776237529402e-10
26850.056 2.8991117907943304e-10
26900.056 1.2197748077017928e-09
26950.056 4.5786338485863586e-10
27000.056 2.1139557679728686e-09
27050.056 1.989105390085692e-09
27100.056 5.408546625758383e-10
27150.056 2.83963748694152e-09
27200.056 5.520906996769055e-10
27250.056 1.2840133085324638e-09
27300.056 5.4262418870849944e-09
27350.056 2.604228784685781e-09
27400.056 2.2143574380150363e-10
27450.056 3.044575278998179e-09
27500.056 3.4456510290686937e-09
27550.056 7.419197015447671e-10
27600.056 1.8540074772287169e-09
27650.056 5.966679796089491e-10
27700.056 4.6413078710569957e-10
27750.056 2.3761523961162988e-09
27800.056 7.501531651207064e-10
27850.056 1.1229948035408295e-09
27900.056 1.1344972015734846e-09
27950.056 2.668964312635777e-09
28000.056 2.168609961390426e-09
28050.056 3.7286407703595556e-10
28100.056 2.169513070164872e-09
28150.056 1.584215151751116e-09
28200.056 5.497283999102835e-10
28250.056 2.8428275804986606e-09
28300.056 2.7873632645182857e-09
28350.056 7.244671652015393e-10
28400.056 2.1061935505784065e-09
28450.056 3.26021369164006e-09
28500.056 2.246479633407923e-09
28550.056 5.610193929690766e-10
28600.056 3.623370858704755e-09
28650.056 2.5486862795745535e-09
28700.056 3.073862619609897e-09
28750.056 4.511208212636741e-09
28800.056 2.5872843101122535e-09
