galfind/configs/Brown_Dwarf_templates/sonora_bobcat/m0.0/3160g/sp_t2000g3160nc_m0.0_resample.dat
# %ECSV 1.0
# ---
# datatype:
# - {name: wav, unit: Angstrom, datatype: float64}
# - {name: flux_nu, unit: erg / (cm2 Hz s), datatype: float64}
# meta: {C/O: '1.00', Kzz: '1.0000E+05', Teff: '2000.', Y: '0.28', '[Fe/H]': '0.00', f_hole: '1.00', f_rain: '0.00', grav: '3160.'}
# schema: astropy-2.0
wav flux_nu
[from data line 498]
28900.056 1.2086163084599667e-06
28950.056 1.833557386119936e-06
29000.056 1.5644743165296813e-06
29050.056 1.6883385626200998e-06
29100.056 1.3180375801601592e-06
29150.056 1.8266015258400127e-06
29200.056 1.4966390364500753e-06
29250.056 1.6532217629899247e-06
29300.056 1.3514274356197348e-06
29350.056 2.0243547470798823e-06
29400.056 1.624847704349936e-06
29450.056 1.5934596901199608e-06
29500.056 1.6533184638199212e-06
29550.056 1.6511532924100562e-06
29600.056 1.8207647414197198e-06
29650.056 1.6263869761299696e-06
29700.056 1.6120963733799384e-06
29750.056 1.8372822095902838e-06
29800.056 1.8889762175197744e-06
29850.056 1.7228362730598213e-06
29900.056 1.6690831540705207e-06
29950.056 2.015360524239772e-06
30000.056 1.9053127239797296e-06
30050.056 1.7587896855400447e-06
30100.056 1.5742777375696527e-06
30150.056 2.2473623220800105e-06
30200.056 1.93612872028011e-06
30250.056 1.957483074050226e-06
30300.056 1.8100396068298629e-06
30350.056 1.954465243810284e-06
30400.056 2.264770158440224e-06
30450.056 1.7798758637302262e-06
30500.056 1.7093956500601027e-06
30550.056 2.1471799261201734e-06
30600.056 2.060680991890106e-06
30650.056 2.1208012623600434e-06
30700.056 1.9058774758098355e-06
30750.056 1.9472594390799353e-06
30800.056 2.2779092891103163e-06
30850.056 1.946999833769872e-06
30900.056 1.8284789385598788e-06
30950.056 1.7803035988201386e-06
31000.056 2.1230903827500452e-06
31050.056 2.0945776510500314e-06
31100.056 1.851807028059998e-06
31150.056 1.9697021228796965e-06
31200.056 1.9744592396398707e-06
31250.056 2.156656383290148e-06
31300.056 1.9298253323498108e-06
31350.056 1.9157522597299866e-06
31400.056 1.8772699346103501e-06
31450.056 1.9593569360599177e-06
31500.056 1.922836743329939e-06
31550.056 1.873176053899962e-06
31600.056 1.8412472562399362e-06
31650.056 1.9379648628898997e-06
31700.056 1.9092513497999024e-06
31750.056 1.786838909560199e-06
31800.056 2.0198453681999205e-06
31850.056 2.008874696900213e-06
31900.056 2.1909132571199727e-06
31950.056 1.7612478891000536e-06
32000.056 1.852007162119906e-06
32050.056 2.0818521068102552e-06
32100.056 2.1337712775497635e-06
32150.056 2.2585658481998876e-06
32200.056 2.0793710859099374e-06
32250.056 2.185952734750149e-06
32300.056 2.063382833269976e-06
32350.056 2.4869452870004175e-06
32400.056 2.1032739036900063e-06
32450.056 2.2674412881999086e-06
32500.056 2.377927349570278e-06
32550.056 2.6874618697999635e-06
32600.056 2.5746104689798983e-06
32650.056 2.615659619500296e-06
32700.056 2.556455727000239e-06
32750.056 2.560655974429967e-06
32800.056 2.393244249800284e-06
32850.056 2.8241459012997973e-06
32900.056 2.8201781807901006e-06
32950.056 2.5565467095499107e-06
33000.056 2.650795975680096e-06
33050.056 2.5794387117397547e-06
33100.056 2.480689444909747e-06
33150.056 1.8186658386002211e-06
33200.056 1.4684447143996492e-06
33250.056 1.3962458231295784e-06
33300.056 1.3504145283103035e-06
33350.056 1.459646503620047e-06
33400.056 1.4684996644798785e-06
33450.056 1.6005205694698485e-06
33500.056 1.9968055008001507e-06
33550.056 1.9889375237400035e-06
33600.056 2.2416975724201975e-06
33650.056 2.523854774700421e-06
33700.056 2.5168218049798817e-06
33750.056 2.753405139119959e-06
33800.056 2.517208388569827e-06
33850.056 2.7390574889001776e-06
33900.056 2.9393369250997207e-06
33950.056 2.716699453999907e-06
34000.056 2.8001441293896605e-06
34050.056 2.710756755879628e-06
34100.056 2.833227196100259e-06
34150.056 2.666609529499458e-06
34200.056 2.675283144099639e-06
34250.056 2.9611693987997735e-06
34300.056 2.5266892327691718e-06
34350.056 2.695263999800056e-06
34400.056 2.6174920777000735e-06
34450.056 2.5172645560601302e-06
34500.056 3.0168188369002078e-06
34550.056 2.558050593999946e-06
34600.056 2.830054536360013e-06
34650.056 2.8120287344000754e-06
34700.056 2.8822940544996683e-06
34750.056 3.1134316425002157e-06
34800.056 2.7964113972698628e-06
34850.056 2.7886437610800362e-06
34900.056 2.7996492434001344e-06
34950.056 2.8312840883996642e-06
35000.056 2.8828228735500005e-06
35050.056 3.216713469600451e-06
35100.056 2.9530062576998416e-06
35150.056 3.0871261876199373e-06
35200.056 3.0337341339000474e-06
35250.056 3.0805451201001224e-06
35300.056 3.0395944475000492e-06
35350.056 3.1904473137999498e-06
35400.056 3.0230131965000333e-06
35450.056 2.8860670569003047e-06
35500.056 3.375366411199943e-06
35550.056 3.2277281871999314e-06
35600.056 3.0309521205998554e-06
35650.056 3.46945825060022e-06
35700.056 3.0878486367000746e-06
35750.056 3.2151009949997487e-06
35800.056 3.5402098527998856e-06
35850.056 3.2871695070001953e-06
35900.056 3.6885133912998928e-06
35950.056 3.4229367633998833e-06
36000.056 3.314660816199974e-06
36050.056 3.716903251900249e-06
36100.056 3.737680700199316e-06
36150.056 3.3386248140003648e-06
36200.056 3.7672954908998275e-06
36250.056 3.51605765179984e-06
36300.056 3.941995470400156e-06
36350.056 3.6689220757997286e-06
36400.056 3.7350459853000797e-06
36450.056 4.095002841099775e-06
36500.056 3.7656338169000808e-06
36550.056 3.801357186100465e-06
36600.056 3.748001980000074e-06
36650.056 3.90950611830001e-06
36700.056 4.186633626499904e-06
36750.056 3.760999288900092e-06
36800.056 3.9768078482999245e-06
36850.056 4.1648157349001165e-06
36900.056 4.052759535600213e-06
36950.056 4.0527820597998945e-06
37000.056 4.158202246199899e-06
37050.056 4.2490577810998505e-06
37100.056 4.156043029800225e-06
37150.056 4.211199026799671e-06
37200.056 4.268648347699962e-06
37250.056 4.318118581999959e-06
37300.056 4.371908451400258e-06
37350.056 4.103652468300321e-06
37400.056 4.3008321858999544e-06
37450.056 4.15608127480012e-06
37500.056 4.43180192739984e-06
37550.056 4.330521073899684e-06
37600.056 4.502675151799893e-06
37650.056 4.30745793929994e-06
37700.056 4.484487656599943e-06
37750.056 4.454695743199961e-06
37800.056 4.528751433899904e-06
37850.056 4.453041567499949e-06
37900.056 4.466986971400215e-06
37950.056 4.501142096200071e-06
38000.056 4.56539479560016e-06
38050.056 4.513854388100158e-06
38100.056 4.353451713100164e-06
38150.056 4.6330038874999525e-06
38200.056 4.608282516399906e-06
38250.056 4.385671127900213e-06
38300.056 4.360907898999974e-06
38350.056 4.494569139299987e-06
38400.056 4.572597495199901e-06
38450.056 4.700873540600061e-06
38500.056 4.4957958376999485e-06
38550.056 4.578331764200158e-06
38600.056 4.871478431599959e-06
38650.056 4.489233975499981e-06
38700.056 4.47109211480031e-06
38750.056 4.670290051899996e-06
38800.056 4.59051575090024e-06
38850.056 4.61498492169999e-06
38900.056 4.412211245199926e-06
38950.056 4.664592974899999e-06
39000.056 4.581059879600071e-06
39050.056 4.644352492299941e-06
39100.056 4.413645307900087e-06
39150.056 4.5540991597000695e-06
39200.056 4.616914339400024e-06
39250.056 4.575050850599742e-06
39300.056 4.5760102106997715e-06
39350.056 4.547655005200189e-06
39400.056 4.5274260770000674e-06
39450.056 4.585244002599944e-06
39500.056 4.431738905099863e-06
39550.056 4.380267386499721e-06
39600.056 4.667226496999962e-06
39650.056 4.324216800500079e-06
39700.056 4.391720935499969e-06
39750.056 4.437719897999802e-06
39800.056 4.161716881900114e-06
39850.056 4.412265220899891e-06
39900.056 4.242675291099957e-06
39950.056 4.404432020699891e-06
40000.056 4.063455102299894e-06
40050.056 4.018709002699979e-06
40100.056 4.235148825099933e-06
40150.056 3.994413486499668e-06
40200.056 4.148616146099919e-06
40250.056 3.859633445299322e-06
40300.056 3.910056952800225e-06
40350.056 4.012349699900114e-06
40400.056 3.978898263400063e-06
40450.056 3.82310418270005e-06
40500.056 3.5906855833002174e-06
40550.056 4.0329421024997685e-06
40600.056 3.4692100099001626e-06
40650.056 3.83660825920014e-06
40700.056 3.972341083200031e-06
40750.056 3.516339182599281e-06
40800.056 3.5103521308999256e-06
40850.056 3.321958790100444e-06
40900.056 3.4158473529001523e-06
40950.056 3.4934942977999503e-06
41000.056 3.5514845796999472e-06
41050.056 3.5310795470996183e-06
41100.056 3.2994684684999145e-06
41150.056 3.5660010010999714e-06
41200.056 3.3780539445000714e-06
41250.056 3.4233964021001244e-06
41300.056 3.0027935393996977e-06
41350.056 3.4177035853000602e-06
41400.056 3.1917629223002165e-06
41450.056 3.2698303762001747e-06
41500.056 3.3735514250001458e-06
41550.056 3.2436780031200634e-06
41600.056 3.1831060558001087e-06
41650.056 3.111038811300207e-06
41700.056 2.969509126799861e-06
41750.056 3.146269988999847e-06
41800.056 3.2683025081998404e-06
41850.056 2.682135610900246e-06
41900.056 3.153646177299897e-06
41950.056 3.1334728837002956e-06
42000.056 3.054627244800393e-06
42050.056 2.7876612153996607e-06
42100.056 3.1104972357001807e-06
42150.056 2.5036872008997565e-06
42200.056 2.5652740433401568e-06
42250.056 3.0278460645999046e-06
42300.056 2.693976835400065e-06
42350.056 2.9701365617003287e-06
42400.056 2.697615716600203e-06
42450.056 2.4242173482000805e-06
42500.056 2.5085292788001e-06
42550.056 2.5388042002999997e-06
42600.056 2.602198091600141e-06
42650.056 2.6634949647994423e-06
42700.056 2.675583789600159e-06
42750.056 2.4689933374000014e-06
42800.056 2.6079063513203766e-06
42850.056 2.751710789699679e-06
42900.056 2.7461727189001004e-06
42950.056 2.360761485499401e-06
43000.056 2.535999559299997e-06
43050.056 2.226632696350674e-06
43100.056 2.4069603389999913e-06
43150.056 2.3708552283002442e-06
43200.056 2.229251708600032e-06
43250.056 2.320442519380005e-06
43300.056 2.3393528541001183e-06
43350.056 2.0542332408997515e-06
43400.056 2.1131612281399865e-06
43450.056 2.0488719495401772e-06
43500.056 2.043422671899822e-06
43550.056 2.0069637974700007e-06
43600.056 2.1287798262001278e-06
43650.056 1.8388162772500007e-06
43700.056 1.94096892229993e-06
43750.056 1.927552648560103e-06
43800.056 1.7717126505900002e-06
43850.056 1.779678770400228e-06
43900.056 1.8374242537399474e-06
43950.056 1.697299577979972e-06
44000.056 1.5775552833600301e-06
44050.056 1.5750784041700342e-06
44100.056 1.6552228302101839e-06
44150.056 1.710605775149958e-06
44200.056 1.5676478295600603e-06
44250.056 1.5745812148799833e-06
44300.056 1.5209935245401118e-06
44350.056 1.4379837196901006e-06
44400.056 1.5140500156299385e-06
44450.056 1.5365461997600583e-06
44500.056 1.4740749344601046e-06
44550.056 1.3812073305198173e-06
44600.056 1.3759354047101418e-06
44650.056 1.4824027068199964e-06
44700.056 1.3969868706500437e-06
44750.056 1.4108837234998848e-06
44800.056 1.3895640077799583e-06
44850.056 1.3798951809901298e-06
44900.056 1.3278261363400854e-06
44950.056 1.2766245281300607e-06
45000.056 1.3518256484099877e-06
45050.056 1.35012600307992e-06
45100.056 1.3975322969600333e-06
45150.056 1.273555272610005e-06
45200.056 1.188946493309996e-06
45250.056 1.2443231195599265e-06
45300.056 1.3604912890000296e-06
45350.056 1.376949815259915e-06
45400.056 1.280387223350124e-06
45450.056 1.2224995764498627e-06
45500.056 1.2810747768699197e-06
45550.056 1.355921018010017e-06
45600.056 1.2533424121899777e-06
45650.056 1.174608745879845e-06
45700.056 1.3276981976200666e-06
45750.056 1.2132115318400522e-06
45800.056 1.1990499736999423e-06
45850.056 1.4175911007599674e-06
45900.056 1.3671460257400107e-06
45950.056 1.2255280561899908e-06
46000.056 1.4272724009400045e-06
46050.056 1.4563789525903053e-06
46100.056 1.1891773085500808e-06
46150.056 1.3010350928299033e-06
46200.056 1.3588889869802408e-06
46250.056 1.161815847510015e-06
46300.056 1.4679784459800116e-06
46350.056 1.309486407629913e-06
46400.056 1.3184988235099035e-06
46450.056 1.3640148819701111e-06
46500.056 1.251234529759908e-06
46550.056 1.5066699100300208e-06
46600.056 1.4092082035800863e-06
46650.056 1.7264767411298156e-06
46700.056 1.6903669116105264e-06
46750.056 1.3463287013400318e-06
46800.056 1.4199811778301346e-06
46850.056 1.5283580281301649e-06
46900.056 1.4160615167398268e-06
46950.056 1.6537034914099809e-06
47000.056 1.3572811303600236e-06
47050.056 1.6205551666099033e-06
47100.056 1.256709328160069e-06
47150.056 1.4393950373300547e-06
47200.056 1.5250033407102721e-06
47250.056 1.3749625395998875e-06
47300.056 1.4591600573798087e-06
47350.056 1.2304260831899115e-06
47400.056 1.5015162719798403e-06
47450.056 1.3191873077499412e-06
47500.056 1.5004171000398724e-06
47550.056 1.3203536175999355e-06
47600.056 1.5174256792998956e-06
47650.056 1.1789739645598526e-06
47700.056 1.5360772960199966e-06
47750.056 1.1215390452302014e-06
47800.056 1.5042233199999367e-06
47850.056 1.1448312082099445e-06
47900.056 1.4821993624000255e-06
47950.056 1.1924626991501484e-06
48000.056 1.6434824121999666e-06
48050.056 1.2680694641901277e-06
48100.056 1.451975638819958e-06
48150.056 1.2649284247901514e-06
48200.056 1.5035254915200942e-06
48250.056 1.2597256705400726e-06
48300.056 1.6177767476998608e-06
48350.056 1.1634324356698493e-06
48400.056 1.4447616109499716e-06
48450.056 1.1895077988400245e-06
48500.056 1.642792260940016e-06
48550.056 1.1369373508599748e-06
48600.056 1.582249890899908e-06
48650.056 1.173748881059976e-06
48700.056 1.5809935015900853e-06
48750.056 1.071401816710042e-06
48800.056 1.6128789889300736e-06
48850.056 1.1421105202798083e-06
48900.056 1.5710855131001241e-06
48950.056 1.3252846281599693e-06
49000.056 1.347532421879988e-06
49050.056 1.4703636194399445e-06
49100.056 1.3158828890700626e-06
49150.056 1.3939176876199277e-06
49200.056 1.2791108889299391e-06
49250.056 1.3934344407800139e-06
49300.056 1.2259335915198902e-06
49350.056 1.3443703527499617e-06
49400.056 1.5018874699300135e-06
49450.056 1.294655459720235e-06
49500.056 1.3641297303000318e-06
49550.056 1.2093152168598978e-06
49600.056 1.3147164648201865e-06
49650.056 1.3804485618899362e-06
49700.056 1.2039192512199174e-06
49750.056 1.795137943699899e-06
49800.056 1.2802404939100129e-06
49850.056 1.6560666911601033e-06
49900.056 1.3423159523100008e-06
49950.056 1.386248399659875e-06
50000.056 1.4027320913397195e-06
50050.056 1.343124237750081e-06
50100.056 1.5494840833499204e-06
50150.056 1.2616359525100145e-06
50200.056 1.2273925164601162e-06
50250.056 1.4233538957200334e-06
50300.056 1.2690618306499647e-06
50350.056 1.6032806401399758e-06
50400.056 1.3151638633498771e-06
50450.056 1.3437066427801587e-06
50500.056 1.6753100701501308e-06
50550.056 1.3660097740800027e-06
50600.056 1.488927694079941e-06
50650.056 1.379014034000155e-06
50700.056 1.58713400011989e-06
50750.056 1.6864392210401328e-06
50800.056 1.1644226468498523e-06
50850.056 1.4452762933201075e-06
50900.056 1.5458210351999104e-06
50950.056 1.495711116670253e-06
51000.056 1.7996624517901385e-06
51050.056 1.3879578659600702e-06
51100.056 1.3539751231299225e-06
51150.056 1.539223515549961e-06
51200.056 1.4256263347200214e-06
51250.056 1.6011133448900249e-06
51300.056 1.276086843860272e-06
51350.056 1.5332403083999021e-06
51400.056 1.4346093246598176e-06
51450.056 1.0898664345098424e-06
51500.056 1.4337343452701085e-06
51550.056 1.8175869779400974e-06
51600.056 1.2044704516600298e-06
51650.056 1.4948210186898404e-06
51700.056 1.4319719034796411e-06
51750.056 1.3156692431700456e-06
51800.056 1.649838967039749e-06
51850.056 1.5084724748298339e-06
51900.056 1.6668216188001473e-06
51950.056 1.5434380919498997e-06
52000.056 1.2437626658899585e-06
52050.056 1.499161925669941e-06
52100.056 1.3995688901798917e-06
52150.056 1.3935963066400467e-06
52200.056 1.3526664041600402e-06
52250.056 1.420144977019972e-06
52300.056 1.618503959729977e-06
52350.056 1.6348682622801084e-06
52400.056 1.2326431071801375e-06
52450.056 1.4098517095600416e-06
52500.056 1.6387009165697948e-06
52550.056 1.5119078455197715e-06
52600.056 1.5297683525700724e-06
52650.056 1.6890280485801478e-06
52700.056 1.3935741621700658e-06
52750.056 1.2536692048899308e-06
52800.056 1.3394670082300965e-06
52850.056 1.3105349664098951e-06
52900.056 1.488494663169978e-06
52950.056 1.4036402701499292e-06
53000.056 1.6280839897699781e-06
53050.056 1.4042678669197545e-06
53100.056 1.4328184349298904e-06
53150.056 1.7282448874401553e-06
53200.056 1.1672475420500742e-06
53250.056 1.5891483006000225e-06
53300.056 1.6305114795504337e-06
