galfind/configs/Brown_Dwarf_templates/sonora_bobcat/m0.0/3160g/sp_t225g3160nc_m0.0_resample.dat
# %ECSV 1.0
# ---
# datatype:
# - {name: wav, unit: Angstrom, datatype: float64}
# - {name: flux_nu, unit: erg / (cm2 Hz s), datatype: float64}
# meta: {C/O: '1.00', Kzz: '1.0000E+05', Teff: '225.', Y: '0.28', '[Fe/H]': '0.00', f_hole: '1.00', f_rain: '0.00', grav: '3160.'}
# schema: astropy-2.0
wav flux_nu
[from data line 498]
28900.056 3.3415460205241805e-14
28950.056 2.6793251407474697e-14
29000.056 1.9769710397619602e-14
29050.056 5.070620231633966e-14
29100.056 1.8272586315223267e-15
29150.056 4.669794818995732e-15
29200.056 1.3089527130961031e-13
29250.056 4.105933058197434e-14
29300.056 8.36260000495692e-15
29350.056 9.31276362519894e-14
29400.056 8.231916687491045e-14
29450.056 1.2408488689196574e-14
29500.056 1.4260142397622811e-13
29550.056 7.57392937985947e-14
29600.056 1.578683692765846e-14
29650.056 1.070038774620087e-13
29700.056 5.81363735797182e-14
29750.056 2.1084372267832368e-13
29800.056 3.565053595248434e-14
29850.056 2.3448059198000097e-13
29900.056 6.109290256040406e-14
29950.056 2.848848179221386e-14
30000.056 1.4050822389944947e-16
30050.056 3.4201490529117527e-14
30100.056 1.2877840836042769e-13
30150.056 1.6176440581181508e-13
30200.056 5.331684142300028e-13
30250.056 4.399425599175133e-13
30300.056 4.188672016669261e-13
30350.056 1.618903100674236e-13
30400.056 9.544059446101907e-13
30450.056 1.0699671701597544e-12
30500.056 1.3256893798389268e-13
30550.056 1.7449920563253674e-13
30600.056 4.240941793519865e-12
30650.056 1.8784465526920007e-12
30700.056 1.3741633481690348e-13
30750.056 1.1525853223386477e-12
30800.056 2.4919536784798662e-12
30850.056 2.2292270473401794e-12
30900.056 3.2068543864705486e-13
30950.056 8.923184871301316e-13
31000.056 1.2135363518599245e-12
31050.056 2.329526651690279e-13
31100.056 5.294790983691514e-14
31150.056 5.916933511943067e-13
31200.056 2.435590757820028e-12
31250.056 1.5423971679196518e-12
31300.056 1.8328022127317923e-13
31350.056 1.6288044069901388e-12
31400.056 1.0385167625299763e-12
31450.056 9.342503209399372e-13
31500.056 2.825523594050279e-13
31550.056 6.719099632049308e-13
31600.056 4.2923204566090505e-13
31650.056 2.021787265607296e-13
31700.056 1.8896558410102808e-13
31750.056 5.0503401104105575e-14
31800.056 8.810567824799077e-14
31850.056 8.872840442846806e-15
31900.056 2.5183424622206313e-14
31950.056 6.083039140531024e-15
32000.056 5.413064399330405e-15
32050.056 2.1084123423530157e-15
32100.056 1.295854536786481e-15
32150.056 7.05326924677113e-16
32200.056 1.8313952218465834e-16
32250.056 4.086270674210483e-16
32300.056 4.518524875195561e-17
32350.056 1.4144083930384044e-16
32400.056 1.0491516208024668e-17
32450.056 9.232367372790438e-17
32500.056 9.731565866731943e-18
32550.056 6.096212331659958e-17
32600.056 4.119488173013907e-18
32650.056 7.202532651000346e-17
32700.056 5.395790628037171e-18
32750.056 1.8919458154703052e-16
32800.056 3.9489848972937766e-17
32850.056 1.1929473112271087e-15
32900.056 3.935568961995003e-16
32950.056 1.4486632709880374e-15
33000.056 3.359600722280305e-16
33050.056 1.0654651813812359e-16
33100.056 1.8343075763897137e-17
33150.056 5.965435607112403e-20
33200.056 1.8511578753841845e-17
33250.056 3.563562670544565e-17
33300.056 9.674988110710809e-16
33350.056 2.326324389018048e-16
33400.056 1.9535196552098712e-15
33450.056 4.60464693744056e-17
33500.056 7.43229948754054e-16
33550.056 1.0601825062038109e-16
33600.056 4.455137035268494e-16
33650.056 7.388108265563068e-16
33700.056 7.362699321570712e-17
33750.056 9.79264858141879e-16
33800.056 3.648934727908357e-17
33850.056 5.249352509900674e-16
33900.056 5.123073906503542e-16
33950.056 1.0155365927403467e-15
34000.056 3.884186721283803e-15
34050.056 5.441362234806769e-16
34100.056 6.919285656106416e-15
34150.056 1.634639002587584e-15
34200.056 1.770502693278707e-14
34250.056 4.782468658871261e-15
34300.056 9.180234657259338e-15
34350.056 7.983782559407287e-14
34400.056 5.014338262901245e-15
34450.056 4.105237250755601e-14
34500.056 7.439339145756664e-15
34550.056 1.0486848890037139e-13
34600.056 6.313596505351292e-13
34650.056 1.0992793213452618e-14
34700.056 3.8462133902818684e-13
34750.056 5.842136035491301e-14
34800.056 7.52127077407156e-14
34850.056 2.1056574238723988e-13
34900.056 3.5971108678975604e-14
34950.056 4.485537826209312e-13
35000.056 3.112186977415928e-13
35050.056 1.0846883340508836e-12
35100.056 1.0295688655248266e-12
35150.056 2.7323917163800837e-12
35200.056 3.666476989150384e-12
35250.056 4.469156828036595e-12
35300.056 3.3182881264795106e-13
35350.056 3.116551267739527e-14
35400.056 1.4807032858709483e-14
35450.056 2.4404777805519704e-14
35500.056 4.3726241755821624e-13
35550.056 8.197851516650166e-13
35600.056 1.1877714752643296e-12
35650.056 7.53799143492667e-13
35700.056 1.6254113761078105e-12
35750.056 1.6463365248861007e-12
35800.056 2.577843850335092e-13
35850.056 2.0329200620533963e-13
35900.056 8.150981256482268e-13
35950.056 3.784255257280336e-12
36000.056 5.2748439152701326e-12
36050.056 1.905131787670534e-12
36100.056 1.5275853012805302e-12
36150.056 2.0728457516180694e-11
36200.056 1.1051665188639146e-11
36250.056 2.8040793318012918e-12
36300.056 1.201744826588992e-11
36350.056 1.2649562661949581e-11
36400.056 1.4371890865799048e-11
36450.056 4.52196751265182e-12
36500.056 4.969920688731708e-12
36550.056 4.075539874200205e-11
36600.056 4.8621386597998787e-11
36650.056 8.679724579639284e-12
36700.056 1.712886574863802e-11
36750.056 6.941567712300611e-11
36800.056 6.046048128199314e-11
36850.056 1.3678958349983653e-11
36900.056 1.2920820092175352e-11
36950.056 7.469998517949696e-11
37000.056 5.7683901862308186e-11
37050.056 5.898739602776095e-11
37100.056 5.8314314208930765e-12
37150.056 1.9201541432453113e-11
37200.056 1.3776982812900826e-10
37250.056 4.563469439368956e-11
37300.056 1.3195283091800905e-11
37350.056 2.5854614663367904e-11
37400.056 6.541018453620044e-11
37450.056 4.4080870409996455e-11
37500.056 3.043340391613783e-11
37550.056 1.5699553452353173e-10
37600.056 3.013385097299768e-10
37650.056 3.342284719108514e-11
37700.056 8.520868864300499e-11
37750.056 7.784512901999882e-11
37800.056 9.241883117401787e-11
37850.056 7.279863952399857e-11
37900.056 4.721842027289902e-11
37950.056 6.234327176239704e-11
38000.056 4.492291044368245e-11
38050.056 1.5256178794750796e-10
38100.056 2.714271032779807e-10
38150.056 2.931229367719801e-10
38200.056 1.4940937465212786e-10
38250.056 2.85756647049145e-10
38300.056 6.845171801359294e-10
38350.056 2.957916292000357e-10
38400.056 6.775946412656653e-11
38450.056 1.1457296543406917e-11
38500.056 3.468213946996755e-11
38550.056 2.3622796749002406e-10
38600.056 4.021261747699763e-10
38650.056 2.2925336321599554e-10
38700.056 1.2057660212998182e-10
38750.056 2.4615851120999555e-10
38800.056 2.6300812403400517e-10
38850.056 3.0763000403001966e-10
38900.056 2.2321787648356407e-10
38950.056 1.7820606261603778e-10
39000.056 4.049810285169614e-10
39050.056 9.102951706400976e-11
39100.056 8.725005742751153e-11
39150.056 3.797953011200095e-10
39200.056 4.519181753700016e-10
39250.056 2.5879948855999465e-10
39300.056 2.587253821120295e-10
39350.056 7.742739450000115e-10
39400.056 3.5477250155173275e-10
39450.056 5.920371422716576e-10
39500.056 7.524317524399473e-10
39550.056 2.2620023500583306e-10
39600.056 3.962376716450899e-10
39650.056 1.2032707097000258e-09
39700.056 1.0394838528099638e-09
39750.056 2.1377996397095801e-10
39800.056 1.0873809798750838e-10
39850.056 8.293586639400946e-10
39900.056 1.3671911152899678e-09
39950.056 6.315842651500122e-10
40000.056 8.921970506000419e-10
40050.056 7.419932457299294e-10
40100.056 1.3152272602595379e-10
40150.056 7.874013538500696e-10
40200.056 1.2323568170199815e-09
40250.056 1.4461635377999485e-09
40300.056 1.3262628518000137e-09
40350.056 4.2184885198891504e-10
40400.056 4.1574337235198764e-10
40450.056 2.8697851627202855e-10
40500.056 1.0841834579400791e-09
40550.056 1.554256795599976e-09
40600.056 1.8791053883999817e-09
40650.056 9.782538338499015e-10
40700.056 1.4177118606000179e-09
40750.056 1.1291325516799213e-09
40800.056 6.979585154400119e-10
40850.056 2.223715228500108e-09
40900.056 2.4798445887999263e-09
40950.056 1.1395806515099091e-09
41000.056 1.0989616263599761e-09
41050.056 2.2708661974300963e-09
41100.056 1.890185946919813e-09
41150.056 5.446516572999847e-10
41200.056 2.0371102124602416e-09
41250.056 2.4255208444998064e-09
41300.056 2.722389378200203e-09
41350.056 4.061891927600039e-09
41400.056 3.6128845365999308e-09
41450.056 3.368876643199968e-09
41500.056 1.86281620339984e-09
41550.056 1.6004705645001158e-09
41600.056 2.0089061240999872e-09
41650.056 3.726665244700203e-09
41700.056 4.895847815099958e-09
41750.056 4.327248031400045e-09
41800.056 4.43117262919993e-09
41850.056 2.833225375099877e-09
41900.056 2.130495732499817e-09
41950.056 1.5816008777098816e-09
42000.056 5.941346555799057e-10
42050.056 9.474633778300655e-10
42100.056 1.8324519084000353e-09
42150.056 2.5129829436000584e-09
42200.056 2.9796012248999805e-09
42250.056 2.5302075845000318e-09
42300.056 2.4343099059999633e-09
42350.056 3.877763286400144e-09
42400.056 5.288953937200107e-09
42450.056 6.27657963670007e-09
42500.056 6.591879790299992e-09
42550.056 6.068395106199897e-09
42600.056 4.744310183600078e-09
42650.056 5.0075749110997565e-09
42700.056 3.270821819300014e-09
42750.056 5.5645986884002444e-09
42800.056 7.42556328630007e-09
42850.056 7.659191901899947e-09
42900.056 7.318732007499976e-09
42950.056 6.574069896700018e-09
43000.056 6.681774333299945e-09
43050.056 4.925047546799714e-09
43100.056 5.5917420985002e-09
43150.056 6.567468264100095e-09
43200.056 7.700043533300057e-09
43250.056 8.161826754100003e-09
43300.056 7.62373177709988e-09
43350.056 6.5390834440999705e-09
43400.056 6.674546196499939e-09
43450.056 5.297328558599927e-09
43500.056 4.267731991299998e-09
43550.056 5.529640985700155e-09
43600.056 7.10606603280001e-09
43650.056 5.881405954899882e-09
43700.056 6.995498686400322e-09
43750.056 8.039747059099965e-09
43800.056 7.189146741199892e-09
43850.056 6.407970871600005e-09
43900.056 5.461217775399975e-09
43950.056 5.08902274409999e-09
44000.056 5.5759496632000674e-09
44050.056 7.423251838400233e-09
44100.056 8.47916862820001e-09
44150.056 8.183647528099968e-09
44200.056 7.843767107199943e-09
44250.056 6.43700961209988e-09
44300.056 4.938354037699879e-09
44350.056 4.4566021427000496e-09
44400.056 5.155897843900039e-09
44450.056 6.656875857600166e-09
44500.056 6.76980819009996e-09
44550.056 7.190751384300021e-09
44600.056 6.7378491675000005e-09
44650.056 7.08547778929995e-09
44700.056 6.455710996699897e-09
44750.056 6.712716920600063e-09
44800.056 5.73053412339988e-09
44850.056 6.2834799796001444e-09
44900.056 6.976799971000037e-09
44950.056 7.614877719700092e-09
45000.056 7.926181093799986e-09
45050.056 7.309479611299862e-09
45100.056 6.9465361945000665e-09
45150.056 6.490793280599919e-09
45200.056 5.03873213899991e-09
45250.056 5.38809647360001e-09
45300.056 5.001444022199879e-09
45350.056 4.077251252700177e-09
45400.056 6.77964222010011e-09
45450.056 6.814687912000119e-09
45500.056 7.738526040400097e-09
45550.056 7.730222813499867e-09
45600.056 7.483807496300032e-09
45650.056 6.86512427609981e-09
45700.056 4.617980516299646e-09
45750.056 4.43542474700025e-09
45800.056 6.473996832700011e-09
45850.056 6.12504640730014e-09
45900.056 7.755355976800079e-09
45950.056 7.930274002699956e-09
46000.056 7.567259498199967e-09
46050.056 6.83606479350005e-09
46100.056 7.099829936899892e-09
46150.056 5.8882842224999165e-09
46200.056 4.080888834199654e-09
46250.056 2.226703663300035e-09
46300.056 4.4383970064002246e-09
46350.056 5.536558939800011e-09
46400.056 5.737792007100011e-09
46450.056 4.567541929599916e-09
46500.056 5.4817534964000205e-09
46550.056 4.2199195551998136e-09
46600.056 3.3094289977999745e-09
46650.056 4.457008653100074e-09
46700.056 3.5370152661997706e-09
46750.056 1.7964203246999954e-09
46800.056 1.2010372678499637e-09
46850.056 3.041445572600386e-09
46900.056 5.051724055900134e-09
46950.056 5.7729364901000355e-09
47000.056 5.895774639099978e-09
47050.056 4.400148560099784e-09
47100.056 4.345198889400046e-09
47150.056 4.6111052271000676e-09
47200.056 4.224276994399832e-09
47250.056 1.9735262896996984e-09
47300.056 1.6103338779302809e-09
47350.056 3.964899264400192e-09
47400.056 4.915493719100002e-09
47450.056 4.135056283099987e-09
47500.056 5.091812601900151e-09
47550.056 5.284919330399948e-09
47600.056 3.840189399499883e-09
47650.056 3.975531211299918e-09
47700.056 3.574169832000073e-09
47750.056 3.004024464499882e-09
47800.056 1.578908564569813e-09
47850.056 6.595836227400608e-10
47900.056 1.2585923009900715e-09
47950.056 2.8534879050001993e-09
48000.056 3.496535718099909e-09
48050.056 3.195225204300021e-09
48100.056 2.318970927299941e-09
48150.056 3.0480218334000325e-09
48200.056 1.9850278071998692e-09
48250.056 2.656510682500071e-09
48300.056 2.613121301899916e-09
48350.056 1.5272701528898211e-09
48400.056 4.5220254362992794e-10
48450.056 6.168693607901034e-10
48500.056 1.2093022502399478e-09
48550.056 1.5725732406902448e-09
48600.056 3.1531101670001023e-09
48650.056 3.735217125900018e-09
48700.056 3.7030821142000014e-09
48750.056 3.5559710365999797e-09
48800.056 3.1631848526999094e-09
48850.056 1.8187987807998862e-09
48900.056 1.171525821499891e-09
48950.056 6.54539917429963e-10
49000.056 5.400918319200819e-10
49050.056 1.4180770713000205e-09
49100.056 2.1067369715001583e-09
49150.056 2.42789466640001e-09
49200.056 3.0644940565000705e-09
49250.056 3.08136717019996e-09
49300.056 2.344273149299862e-09
49350.056 1.3916586127300579e-09
49400.056 1.3407825126598708e-09
49450.056 1.0074159411900688e-09
49500.056 7.214311681599175e-10
49550.056 2.816752633499826e-10
49600.056 3.755327284100449e-10
49650.056 1.0712188514400975e-09
49700.056 1.622886718600038e-09
49750.056 1.3225913907199557e-09
49800.056 9.851815364200204e-10
49850.056 1.8332275892000941e-09
49900.056 2.152017523e-09
49950.056 1.914295589699947e-09
50000.056 1.0779572332698728e-09
50050.056 9.305189998000762e-10
50100.056 8.54936967379954e-10
50150.056 3.9276796476995157e-10
50200.056 1.5977213933001157e-10
50250.056 3.7121220058000734e-10
50300.056 3.685240754700358e-10
50350.056 9.660121966300696e-10
50400.056 1.4607653328000529e-09
50450.056 1.728913543500012e-09
50500.056 1.933585437400034e-09
50550.056 1.99808151849997e-09
50600.056 1.572001533999973e-09
50650.056 1.7388949663999917e-09
50700.056 1.4041335197999343e-09
50750.056 8.713278879599457e-10
50800.056 3.2991968252994447e-10
50850.056 2.444376380400364e-10
50900.056 7.00571928500061e-10
50950.056 9.172111951299666e-10
51000.056 7.79527682390076e-10
51050.056 1.2159984182599726e-09
51100.056 8.87734336259948e-10
51150.056 5.401996713800455e-10
51200.056 1.1167397836100458e-09
51250.056 1.1332699337999725e-09
51300.056 8.454762584899615e-10
51350.056 4.726403804099422e-10
51400.056 2.602458946700106e-10
51450.056 1.980114538959738e-10
51500.056 2.145053719320323e-10
51550.056 5.249456782500395e-10
51600.056 7.931449702800298e-10
51650.056 9.887057173800154e-10
51700.056 8.30050742859929e-10
51750.056 8.018057455800605e-10
51800.056 1.0159389467899951e-09
51850.056 8.812993105799694e-10
51900.056 6.742363764599694e-10
51950.056 3.9441814516995126e-10
52000.056 1.630242693499936e-10
52050.056 2.7624746487000493e-10
52100.056 1.85357623029979e-10
52150.056 1.4016017917401987e-10
52200.056 3.4019508691002874e-10
52250.056 5.048822776000135e-10
52300.056 4.857219162999784e-10
52350.056 2.306641155799944e-10
52400.056 2.788189750100101e-10
52450.056 5.520648058500372e-10
52500.056 5.286493690199946e-10
52550.056 7.601134200300008e-10
52600.056 8.192053670700261e-10
52650.056 8.390035922199812e-10
52700.056 5.81571205599957e-10
52750.056 2.496937095299735e-10
52800.056 3.8477041445003356e-10
52850.056 4.116185149299827e-10
52900.056 1.8461876563897015e-10
52950.056 2.5541403127002976e-10
53000.056 4.76118443920011e-10
53050.056 3.75939834749999e-10
53100.056 6.274848588300358e-10
53150.056 6.21764258069981e-10
53200.056 4.919137202899888e-10
53250.056 5.735407247200042e-10
53300.056 5.563811905499981e-10
53350.056 4.874200057399843e-10
53400.056 3.5971373089997986e-10
53450.056 1.9476231563997876e-10
53500.056 1.0213074470399667e-10
53550.056 1.4469152641000578e-10
53600.056 2.545288908800308e-10
