galfind/configs/Brown_Dwarf_templates/sonora_bobcat/m0.0/3160g/sp_t275g3160nc_m0.0_resample.dat
# %ECSV 1.0
# ---
# datatype:
# - {name: wav, unit: Angstrom, datatype: float64}
# - {name: flux_nu, unit: erg / (cm2 Hz s), datatype: float64}
# meta: {C/O: '1.00', Kzz: '1.0000E+05', Teff: '275.', Y: '0.28', '[Fe/H]': '0.00', f_hole: '1.00', f_rain: '0.00', grav: '3160.'}
# schema: astropy-2.0
wav flux_nu
4000.0559999999996 nan
4050.0559999999996 1.3974464022900133e-18
4100.056 7.844440043000052e-18
4150.056 1.5540263836000054e-17
4200.056 2.4475760730000075e-17
4250.056 3.7843057901000105e-17
4300.056 5.641914972100015e-17
4350.056 8.247295079200021e-17
4400.056 1.1871977858500032e-16
4450.056 1.6893414088000048e-16
4500.056 2.397243695800006e-16
4550.056 3.366465698300009e-16
4600.056 4.678103622300012e-16
4650.056 6.436899567300017e-16
4700.056 8.759501908700025e-16
4750.056 1.1804257607000031e-15
4800.056 1.5697568055000038e-15
4850.056 2.021920368700005e-15
4900.056 2.5366323726000058e-15
4950.056 3.077924581900005e-15
5000.056 3.3710204386e-15
5050.056 3.372104355200002e-15
5100.056 3.849859960400006e-15
5150.056 4.478198748600008e-15
5200.056 5.217214661800007e-15
5250.056 5.801598283100006e-15
5300.056 6.3055548965000056e-15
5350.056 6.741452069000003e-15
5400.056 6.9127295639000036e-15
5450.056 7.306995866000006e-15
5500.056 7.859856802800006e-15
5550.056 8.478810483500007e-15
5600.056 8.922728186200004e-15
5650.056 9.087091809499997e-15
5700.056 8.622250289199998e-15
5750.056 8.456044942699993e-15
5800.056 7.727120993899986e-15
5850.056 5.708807109599944e-15
5900.056 1.942459503395046e-15
5950.056 9.71740755790012e-15
6000.056 1.9647134199000174e-14
6050.056 3.740294034400031e-14
6100.056 6.502820609600047e-14
6150.056 1.0479741105600065e-13
6200.056 1.6003606529000083e-13
6250.056 2.2597681550000096e-13
6300.056 3.245982432200017e-13
6350.056 4.539916162900021e-13
6400.056 6.110217050100027e-13
6450.056 7.270574082000005e-13
6500.056 9.27268081180006e-13
6550.056 1.2212895154000022e-12
6600.056 1.5837167861000091e-12
6650.056 2.068581979000008e-12
6700.056 2.5643593719000084e-12
6750.056 3.1388042449000094e-12
6800.056 3.608930634600005e-12
6850.056 3.763719627299999e-12
6900.056 3.124141075699971e-12
6950.056 2.2297740231000146e-12
7000.056 2.3406952594999868e-12
7050.056 2.296273719600005e-12
7100.056 2.497192617099999e-12
7150.056 1.6906131925199604e-12
7200.056 1.0128060219600177e-12
7250.056 1.123078434539971e-12
7300.056 1.0855404247200172e-12
7350.056 1.5304852163300081e-12
7400.056 2.045811640200007e-12
7450.056 2.679220864800016e-12
7500.056 3.1613704576000048e-12
7550.056 3.417610002400003e-12
7600.056 3.4294835046999963e-12
7650.056 2.0353840846799677e-12
7700.056 2.002753500420028e-12
7750.056 3.890042183600033e-12
7800.056 5.2843763683000265e-12
7850.056 6.33049345340001e-12
7900.056 7.830051766400047e-12
7950.056 9.519223676700021e-12
8000.056 1.1945267207000061e-11
8050.056 1.4527889335000031e-11
8100.056 1.0474010720299829e-11
8150.056 5.386792141200187e-12
8200.056 1.3181161433799983e-11
8250.056 1.4594290810040448e-11
8300.056 1.6651342575499836e-11
8350.056 1.9845175811000208e-11
8400.056 2.931779795900066e-11
8450.056 4.442264884200053e-11
8500.056 5.745846407200046e-11
8550.056 7.113116487000058e-11
8600.056 8.51635287920005e-11
8650.056 9.438095800900021e-11
8700.056 9.427236237599997e-11
8750.056 9.530843526000007e-11
8800.056 8.743821685299938e-11
8850.056 6.210917244399773e-11
8900.056 1.057899216329889e-11
8950.056 3.072315664900103e-12
9000.056 2.5035271529001424e-12
9050.056 1.8183215748100065e-11
9100.056 1.7491147601901103e-11
9150.056 2.01129544755994e-11
9200.056 3.257400506480169e-11
9250.056 1.9893524372348002e-11
9300.056 6.490015227501197e-14
9350.056 1.7262512833037734e-14
9400.056 1.2616813279877072e-12
9450.056 1.1467045055572705e-13
9500.056 1.8407934521264234e-13
9550.056 1.8885209958908326e-13
9600.056 4.4167368717638304e-13
9650.056 1.8088186823133992e-12
9700.056 1.2046652378699947e-11
9750.056 1.4743797386601054e-11
9800.056 2.2968462216699778e-11
9850.056 3.6935306568000417e-11
9900.056 5.979244252700171e-11
9950.056 6.895678462500098e-11
10000.056 4.807841567619031e-11
10050.056 2.4354223928998546e-11
10100.056 1.5966477491999845e-11
10150.056 9.160379448899623e-12
10200.056 3.770004311999948e-12
10250.056 3.309777954200035e-12
10300.056 4.59976730199987e-12
10350.056 2.3318192156000613e-12
10400.056 3.859642307500052e-12
10450.056 4.547407400999939e-12
10500.056 4.898368365000023e-12
10550.056 5.280901147799995e-12
10600.056 4.869261743699973e-12
10650.056 3.988791121499952e-12
10700.056 2.964794930199954e-12
10750.056 2.307666523099964e-12
10800.056 1.859307504399999e-12
10850.056 1.5090842568999831e-12
10900.056 1.2235184427399767e-12
10950.056 8.562347393599894e-13
11000.056 5.329893805199801e-13
11050.056 2.3892173896499094e-13
11100.056 6.20904531568934e-14
11150.056 9.931736951196747e-15
11200.056 2.5231853597740307e-15
11250.056 3.472016345544791e-15
11300.056 1.3915517141754854e-14
11350.056 4.0823575055372245e-15
11400.056 3.292527728439196e-14
11450.056 1.5224607409002204e-14
11500.056 1.3504706503147054e-14
11550.056 6.229590867096793e-15
11600.056 3.081107188409833e-15
11650.056 1.6843605647080255e-14
11700.056 3.818824050419575e-14
11750.056 2.4100335971930274e-14
11800.056 8.710837782760015e-14
11850.056 1.0021417530100139e-13
11900.056 1.391781874480017e-13
11950.056 1.820715991500013e-13
12000.056 2.0301605523000358e-13
12050.056 2.682113089200038e-13
12100.056 3.03269234490005e-13
12150.056 4.1195226563000314e-13
12200.056 5.23664581010003e-13
12250.056 8.284134326200235e-13
12300.056 1.30408516753003e-12
12350.056 1.6851835431100376e-12
12400.056 2.5890002732000584e-12
12450.056 4.141110830900098e-12
12500.056 5.57274295809999e-12
12550.056 6.331754233300123e-12
12600.056 9.514748185200237e-12
12650.056 1.4446002314000324e-11
12700.056 1.814828336e-11
12750.056 1.7245259835000004e-11
12800.056 1.520597275899979e-11
12850.056 1.103287830229973e-11
12900.056 7.86036978699988e-12
12950.056 6.807468885500014e-12
13000.056 7.223835040800185e-12
13050.056 4.855889353699863e-12
13100.056 5.836907158399848e-12
13150.056 3.2344761130001417e-12
13200.056 3.0263392080998513e-12
13250.056 3.3030856122599546e-12
13300.056 9.15719527607157e-13
13350.056 5.096483758923035e-13
13400.056 6.871113317357851e-14
13450.056 3.99822691324252e-15
13500.056 1.956349739518649e-16
13550.056 6.500320631301364e-18
13600.056 6.977332823254727e-19
13650.056 4.593431447366784e-18
13700.056 1.6207701070781867e-18
13750.056 4.7362084952599094e-17
13800.056 5.583082096612085e-17
13850.056 7.77541161758103e-18
13900.056 5.241812011096984e-17
13950.056 2.428546090369873e-17
14000.056 1.509956199532049e-16
14050.056 1.5156562444201994e-16
14100.056 1.7407035560102195e-16
14150.056 1.2505031855522116e-15
14200.056 1.3009892652598918e-15
14250.056 2.7157073824780383e-15
14300.056 9.003880901564333e-15
14350.056 1.1800112668518189e-14
14400.056 1.1513268831694107e-14
14450.056 3.1837444929399794e-14
14500.056 1.2635375952788459e-13
14550.056 3.6838714358530606e-13
14600.056 7.358422581653032e-13
14650.056 1.6497334646474052e-13
14700.056 5.09204144359798e-14
14750.056 3.152550261103114e-14
14800.056 1.486214252441554e-14
14850.056 1.7593693647650163e-14
14900.056 1.019332640902278e-14
14950.056 4.839725171662566e-15
15000.056 2.514921259708502e-14
15050.056 6.977624514161792e-14
15100.056 1.8740955063473013e-14
15150.056 5.2063787634263056e-15
15200.056 3.3915398899143834e-14
15250.056 8.580146193450082e-14
15300.056 1.9411295804555537e-13
15350.056 2.750541918590189e-13
15400.056 4.4451372589101723e-13
15450.056 8.631209702401011e-13
15500.056 2.0765731682400976e-12
15550.056 4.98819370170046e-12
15600.056 1.093285150970014e-11
15650.056 2.2221019996001366e-11
15700.056 3.690337018000086e-11
15750.056 4.692407577400054e-11
15800.056 5.6368103107000477e-11
15850.056 6.619210624200103e-11
15900.056 6.868156050099998e-11
15950.056 7.492761928599986e-11
16000.056 6.816779008099923e-11
16050.056 5.4170482193998604e-11
16100.056 3.466414999999937e-11
16150.056 1.88038803709988e-11
16200.056 6.3500902637995745e-12
16250.056 2.2037379938499034e-12
16300.056 6.788388178261384e-13
16350.056 3.554807985648454e-13
16400.056 2.8684968138778374e-13
16450.056 3.35634622872716e-13
16500.056 3.086809619559304e-13
16550.056 4.586401502873925e-13
16600.056 2.040392611085696e-12
16650.056 5.584526682758974e-13
16700.056 2.536125900426577e-13
16750.056 8.071210345486926e-13
16800.056 9.420020345043402e-13
16850.056 7.60289134188798e-13
16900.056 3.570618261082057e-13
16950.056 2.6842912971200164e-13
17000.056 1.3071655036560757e-13
17050.056 2.0182544312813096e-13
17100.056 4.5372865321730325e-13
17150.056 3.994003804561446e-13
17200.056 1.19798105862854e-12
17250.056 2.1391347984794053e-13
17300.056 2.2632908222579681e-13
17350.056 4.119682793320083e-13
17400.056 7.460893679710274e-13
17450.056 9.89170291721058e-13
17500.056 1.6160276680900108e-12
17550.056 1.3754782081499528e-12
17600.056 1.437446005250051e-12
17650.056 7.790605203089699e-13
17700.056 6.503387352699886e-13
17750.056 4.2946280826698084e-13
17800.056 6.029078673880261e-13
17850.056 2.637379871235667e-13
17900.056 1.423319993093786e-13
17950.056 7.065785397030716e-14
18000.056 1.1490787897809216e-13
18050.056 3.134871957114407e-14
18100.056 2.352077288919313e-14
18150.056 9.888516809627746e-15
18200.056 5.191933204460734e-15
18250.056 2.2866169242779274e-14
18300.056 1.249534689041253e-15
18350.056 1.4628208422965711e-15
18400.056 3.2157452284372532e-16
18450.056 6.307526193855661e-15
18500.056 4.006580921356948e-15
18550.056 1.187017058261056e-15
18600.056 5.170936534599136e-15
18650.056 5.20411068713658e-15
18700.056 1.651136647899174e-16
18750.056 3.194547607261297e-16
18800.056 1.788649344270896e-14
18850.056 1.1471801190776119e-14
18900.056 2.171693328215917e-14
18950.056 2.4983963979551388e-14
19000.056 1.5277432427671066e-15
19050.056 7.851945482729148e-16
19100.056 5.465907671216044e-15
19150.056 2.4892286778348413e-15
19200.056 7.59212863152713e-15
19250.056 6.5176733995516014e-15
19300.056 3.0445693899231356e-15
19350.056 4.843988133427937e-15
19400.056 2.5358594557564106e-15
19450.056 1.937915997316073e-15
19500.056 2.163952929843231e-15
19550.056 4.881145894930529e-15
19600.056 9.35927414501723e-15
19650.056 8.805017015139468e-15
19700.056 1.6171425886386316e-14
19750.056 1.741788016860725e-14
19800.056 8.502005945350935e-15
19850.056 1.567864345818618e-14
19900.056 2.8062623713073877e-14
19950.056 2.1077740221086744e-14
20000.056 2.3893886430703754e-14
20050.056 2.209044643510028e-14
20100.056 3.239642731384518e-14
20150.056 2.5077536769669908e-14
20200.056 1.9954198037933697e-14
20250.056 3.9826258298744576e-14
20300.056 4.5269929664599484e-14
20350.056 4.981305732219709e-14
20400.056 5.4443811054000534e-14
20450.056 6.474204713100425e-14
20500.056 6.315914680400037e-14
20550.056 6.06243708539981e-14
20600.056 5.774003775500173e-14
20650.056 5.387287924499846e-14
20700.056 4.988503814999941e-14
20750.056 4.457859782099953e-14
20800.056 3.951216524699932e-14
20850.056 3.6018074271999695e-14
20900.056 3.2299400295999746e-14
20950.056 2.9082041021999765e-14
21000.056 2.6752355019999853e-14
21050.056 2.572285602899991e-14
21100.056 2.5305066279000008e-14
21150.056 2.6150856468000146e-14
21200.056 2.7829805379000233e-14
21250.056 3.0560678146000043e-14
21300.056 3.362470669500036e-14
21350.056 3.697164836499953e-14
21400.056 4.282169219900128e-14
21450.056 4.332646529800086e-14
21500.056 4.296143113800005e-14
21550.056 4.481522113739963e-14
21600.056 4.399636579609889e-14
21650.056 4.365704950333714e-14
21700.056 4.33984908529985e-14
21750.056 4.4030604667648894e-14
21800.056 3.665463749332641e-14
21850.056 3.681465021222631e-14
21900.056 2.954184861931431e-14
21950.056 1.555340088211782e-14
22000.056 1.2600931766572247e-15
22050.056 2.2890716482810844e-15
22100.056 5.1597622111230276e-15
22150.056 2.8551049499379404e-15
22200.056 2.8708002352547437e-15
22250.056 2.032474011103269e-15
22300.056 6.212305684579106e-16
22350.056 1.549691296223e-15
22400.056 7.289136314267441e-16
22450.056 1.1713104322936261e-15
22500.056 8.228753671267869e-16
22550.056 2.6519295791432364e-16
22600.056 1.8681071911977637e-16
22650.056 1.2225041489028928e-16
22700.056 2.425776029823662e-16
22750.056 5.206257398333384e-16
22800.056 8.406603460878434e-16
22850.056 4.0550916496021307e-16
22900.056 3.5404182886944764e-16
22950.056 2.0085540277739277e-16
23000.056 1.4954025749218275e-16
23050.056 8.675112445367726e-17
23100.056 3.831544375515193e-15
23150.056 3.764906347773494e-15
23200.056 1.3888684951099316e-16
23250.056 1.2284623014405111e-15
23300.056 4.712083682821523e-16
23350.056 9.142503908502555e-16
23400.056 5.822328249270577e-16
23450.056 2.3618847364041157e-16
23500.056 1.6268847469260513e-16
23550.056 4.60867832256766e-16
23600.056 1.9671399058155227e-15
23650.056 3.173713528476875e-15
23700.056 2.1226806377199842e-16
23750.056 5.055218881966971e-16
23800.056 4.129268926665033e-15
23850.056 1.4311252199969172e-15
23900.056 3.89678281869645e-15
23950.056 1.5057260928191964e-15
24000.056 5.976785372986729e-15
24050.056 6.550234221616656e-15
24100.056 1.3256050860920526e-14
24150.056 2.0023198901600363e-14
24200.056 1.7806062764500774e-14
24250.056 1.402969156300151e-14
24300.056 3.308466278804415e-14
24350.056 3.10523420379972e-14
24400.056 6.685781294970253e-14
24450.056 7.881107611500261e-14
24500.056 7.823824418999897e-14
24550.056 1.4459154567100888e-13
24600.056 2.0651173382399077e-13
24650.056 2.6655130849001707e-13
24700.056 2.3101146306907636e-13
24750.056 3.494751701080343e-13
24800.056 3.6678230633001175e-13
24850.056 3.794703100229832e-13
24900.056 3.2653012297602066e-13
24950.056 4.1349949775343104e-13
25000.056 6.474531024399588e-13
25050.056 3.3196471533305207e-13
25100.056 5.088806450369251e-13
25150.056 2.5939106378397634e-13
25200.056 3.9109727115503516e-13
25250.056 1.7061015768596503e-13
25300.056 1.247026700291868e-13
25350.056 7.257868186550838e-14
25400.056 1.783492208899957e-13
25450.056 4.740388051249572e-14
25500.056 3.7187021068500273e-14
25550.056 1.1608593794760828e-13
25600.056 4.1767844978955215e-14
25650.056 1.5571884575081145e-14
25700.056 1.3203605476636164e-14
25750.056 6.626602156150685e-15
25800.056 2.2466772065641682e-14
25850.056 5.373280931318023e-15
25900.056 6.845714857590149e-15
25950.056 3.953787461390677e-15
26000.056 1.6537926367041318e-14
26050.056 4.951663598559198e-15
26100.056 1.1966332264911118e-14
26150.056 8.203428676048673e-15
26200.056 8.94752977366258e-15
26250.056 2.754317077761808e-14
26300.056 1.0462985896251187e-14
26350.056 6.020362697695272e-14
26400.056 1.388717034172749e-13
26450.056 6.011321424740784e-14
26500.056 1.3939339300659184e-13
26550.056 3.063017789211677e-14
26600.056 2.4783411486493534e-14
26650.056 9.396097756398522e-15
26700.056 9.669651869501633e-15
26750.056 1.3615881299198552e-14
26800.056 2.8779281910182236e-14
26850.056 2.6738429960305122e-14
26900.056 6.275257890359663e-14
26950.056 2.1009089523424672e-14
27000.056 7.055308713070146e-14
27050.056 1.2730306182499565e-13
27100.056 1.8118064541580203e-14
27150.056 9.26083574679991e-14
27200.056 1.8023045810791345e-14
27250.056 3.456294236499033e-14
27300.056 2.6092886362700186e-13
27350.056 8.092334329629204e-14
27400.056 1.790020853451667e-14
27450.056 1.3771145667202186e-13
27500.056 1.6128079389737888e-13
27550.056 4.6380979670695475e-14
27600.056 1.1600063604500059e-13
27650.056 4.6330142327804525e-14
27700.056 5.27361866452965e-14
27750.056 1.8715528823300737e-13
27800.056 9.791489289500579e-14
27850.056 1.5296116169988969e-13
27900.056 2.4124104246326536e-13
27950.056 3.1321366037096946e-13
28000.056 3.9710640184299027e-13
28050.056 6.792508709902307e-14
28100.056 5.193638848961483e-13
28150.056 3.801924095708982e-13
28200.056 1.13174327396953e-13
28250.056 7.550957809369942e-13
28300.056 6.288401642710365e-13
28350.056 1.0613848123022825e-13
28400.056 4.979260197442604e-13
28450.056 5.493976629495605e-13
28500.056 2.3045062599368216e-13
28550.056 1.4303829369228483e-13
28600.056 6.876782936278113e-13
28650.056 1.4587545567789662e-13
28700.056 7.580320568452878e-13
28750.056 1.2862429232542406e-12
28800.056 2.0110355145309252e-13
28850.056 1.7997222020800119e-12
