galfind/configs/Brown_Dwarf_templates/sonora_bobcat/m0.0/3160g/sp_t400g3160nc_m0.0_resample.dat
# %ECSV 1.0
# ---
# datatype:
# - {name: wav, unit: Angstrom, datatype: float64}
# - {name: flux_nu, unit: erg / (cm2 Hz s), datatype: float64}
# meta: {C/O: '1.00', Kzz: '1.0000E+05', Teff: '400.', Y: '0.28', '[Fe/H]': '0.00', f_hole: '1.00', f_rain: '0.00', grav: '3160.'}
# schema: astropy-2.0
wav flux_nu
[from data line 499]
28950.056 6.033235460661209e-11
29000.056 4.0133040634601584e-11
29050.056 8.404692610026811e-11
29100.056 2.649377370300375e-11
29150.056 4.9953860992782305e-11
29200.056 1.4097730903725963e-10
29250.056 1.1261088544386852e-10
29300.056 7.110499971225133e-11
29350.056 2.4491503309987e-10
29400.056 9.789445713861007e-11
29450.056 3.4931873776800316e-11
29500.056 2.589963157060291e-10
29550.056 7.656578181773987e-11
29600.056 9.894490754887803e-11
29650.056 3.7309945239213293e-10
29700.056 5.302595087614649e-11
29750.056 2.0696553789166584e-10
29800.056 1.2595545619651804e-10
29850.056 4.0786541058711484e-10
29900.056 1.5721364182743602e-10
29950.056 1.2688010695519e-10
30000.056 1.849084577190931e-12
30050.056 2.6441303312632787e-11
30100.056 1.1165827735330666e-10
30150.056 3.0221052783588796e-10
30200.056 2.032093581112649e-10
30250.056 4.471991970528315e-10
30300.056 4.690134969508515e-10
30350.056 1.043585502960167e-10
30400.056 5.566819153841313e-10
30450.056 4.5032783865981524e-10
30500.056 2.1766180796676932e-10
30550.056 1.7377500677799975e-10
30600.056 1.8143406445699586e-09
30650.056 8.187365469503412e-10
30700.056 3.2077270650333947e-10
30750.056 7.615633910970449e-10
30800.056 8.028459357731225e-10
30850.056 8.538358908748334e-10
30900.056 3.854513358731681e-10
30950.056 3.3450822069200177e-10
31000.056 4.701153507738597e-10
31050.056 2.8150472242975454e-10
31100.056 1.201852768536244e-10
31150.056 2.986940819689233e-10
31200.056 1.053842614629946e-09
31250.056 3.3687167965658577e-10
31300.056 1.762898906201734e-10
31350.056 6.360546781549125e-10
31400.056 3.3472990501567774e-10
31450.056 3.992175745605353e-10
31500.056 1.2754327948197273e-10
31550.056 2.8236879663744366e-10
31600.056 1.8718884737611883e-10
31650.056 1.3299984010611488e-10
31700.056 1.268546071510279e-10
31750.056 4.408354448680088e-11
31800.056 9.975378953580305e-11
31850.056 1.7046220779967807e-11
31900.056 4.783936524435369e-11
31950.056 1.988853255560038e-11
32000.056 1.6248118427182022e-11
32050.056 1.547582863525984e-11
32100.056 1.241122344300382e-11
32150.056 1.3201927290540745e-11
32200.056 5.375237097345236e-12
32250.056 1.3153609594163133e-11
32300.056 3.3658124902631484e-12
32350.056 1.3380435634381636e-11
32400.056 1.3441786700548854e-12
32450.056 9.175442815490272e-12
32500.056 1.5252568582107732e-12
32550.056 1.1169541165250566e-11
32600.056 1.3040804375149447e-12
32650.056 1.8654038896549917e-11
32700.056 2.1894013232471533e-12
32750.056 4.9852936694313056e-11
32800.056 2.1365898039502434e-11
32850.056 1.153261802930264e-10
32900.056 8.844088121050345e-11
32950.056 1.065695661893102e-10
33000.056 2.470532553486761e-11
33050.056 2.2594826637205124e-11
33100.056 3.50973356779116e-12
33150.056 3.611830159056823e-15
33200.056 1.8824454954779013e-13
33250.056 5.629391386826457e-13
33300.056 1.078617500628992e-11
33350.056 2.049888712427654e-11
33400.056 8.050042805139598e-11
33450.056 1.4872431157679534e-11
33500.056 9.481617711101379e-11
33550.056 1.3643958408915722e-11
33600.056 3.849275797690422e-11
33650.056 4.5011178721466197e-11
33700.056 7.647121627270195e-12
33750.056 5.660167103997101e-11
33800.056 2.8405573600294218e-12
33850.056 2.5582951087078435e-11
33900.056 2.2780206458905322e-11
33950.056 2.430049050247327e-11
34000.056 6.177415527901819e-11
34050.056 9.610118442189488e-12
34100.056 6.591208547241561e-11
34150.056 1.6054725151831133e-11
34200.056 7.703790959107235e-11
34250.056 3.54216636631286e-11
34300.056 4.067188301050802e-11
34350.056 1.670401771788725e-10
34400.056 2.2444218629905197e-11
34450.056 1.406107731793099e-10
34500.056 4.958863971315781e-11
34550.056 8.724655412464207e-11
34600.056 4.1987831517941247e-10
34650.056 2.792842342410508e-11
34700.056 3.0818557723692637e-10
34750.056 1.273663062180591e-10
34800.056 8.532378495504294e-11
34850.056 3.9224227772059164e-10
34900.056 4.15369419186937e-11
34950.056 4.889302822191999e-10
35000.056 5.199977363143202e-10
35050.056 3.6143616595623425e-10
35100.056 9.840185016896258e-10
35150.056 7.636320907728627e-10
35200.056 7.123076113010643e-10
35250.056 1.3609176523590816e-09
35300.056 2.550636805840822e-10
35350.056 3.160262145233225e-10
35400.056 2.0735160743159644e-10
35450.056 1.8068143968344415e-10
35500.056 8.630590762205709e-10
35550.056 5.706175698058437e-10
35600.056 9.821740040176443e-10
35650.056 9.70657984928124e-10
35700.056 1.0884610485932496e-09
35750.056 1.7044326645991777e-09
35800.056 6.190149844292473e-10
35850.056 3.990929703386616e-10
35900.056 7.121949274072857e-10
35950.056 1.3179965927219113e-09
36000.056 1.4688693727401719e-09
36050.056 9.653236967093695e-10
36100.056 9.004296806459894e-10
36150.056 3.0388446584599765e-09
36200.056 2.8410396219258604e-09
36250.056 1.4040818267861749e-09
36300.056 3.807414638842922e-09
36350.056 2.665199235885133e-09
36400.056 3.890707198299417e-09
36450.056 2.255274050274097e-09
36500.056 2.533195073789987e-09
36550.056 6.104496343000067e-09
36600.056 7.271654008299436e-09
36650.056 3.1495693295930834e-09
36700.056 3.7387380570265755e-09
36750.056 7.251819028100988e-09
36800.056 7.4303262585493525e-09
36850.056 3.4591968645077583e-09
36900.056 4.233047966516062e-09
36950.056 8.421524561048768e-09
37000.056 5.677954259320165e-09
37050.056 7.583028002787314e-09
37100.056 2.6100127645985022e-09
37150.056 5.251949654906378e-09
37200.056 1.169615447479988e-08
37250.056 5.022389266168812e-09
37300.056 3.028890157351092e-09
37350.056 6.580586049190732e-09
37400.056 1.055774055949955e-08
37450.056 4.616893858339468e-09
37500.056 4.921084064599831e-09
37550.056 1.3548359059902203e-08
37600.056 1.983730691719974e-08
37650.056 4.940224986640653e-09
37700.056 9.563749706701055e-09
37750.056 7.142670610110194e-09
37800.056 8.783081710200925e-09
37850.056 4.844852655099901e-09
37900.056 5.6605687499097935e-09
37950.056 8.263319210299939e-09
38000.056 7.404342400189361e-09
38050.056 1.1509779270201188e-08
38100.056 1.6959835158899653e-08
38150.056 1.8658551964198566e-08
38200.056 1.205030643244086e-08
38250.056 1.6410295657401233e-08
38300.056 2.8589916069796888e-08
38350.056 2.1776203850703215e-08
38400.056 9.30202260770653e-09
38450.056 4.302871023779062e-09
38500.056 4.255309990880795e-09
38550.056 1.3417680056600942e-08
38600.056 1.5670025256998556e-08
38650.056 1.4836046552699595e-08
38700.056 1.3962462119598277e-08
38750.056 1.4580636716399324e-08
38800.056 1.4242222824900073e-08
38850.056 1.668847800450093e-08
38900.056 1.774408232703782e-08
38950.056 1.254755307740134e-08
39000.056 1.8699105815097768e-08
39050.056 1.142034900060329e-08
39100.056 1.3469806168653647e-08
39150.056 2.2759103894999482e-08
39200.056 1.9290894187000086e-08
39250.056 1.9561891756100432e-08
39300.056 1.647655739450056e-08
39350.056 2.916842345300039e-08
39400.056 1.826465817480776e-08
39450.056 2.5827070002972013e-08
39500.056 2.944252616999891e-08
39550.056 1.484089688387295e-08
39600.056 2.1307990999002316e-08
39650.056 3.6154715022999585e-08
39700.056 3.165637526400054e-08
39750.056 1.3770431939100127e-08
39800.056 1.3117480324700697e-08
39850.056 3.503802989200208e-08
39900.056 3.900424495100042e-08
39950.056 2.1613279328000412e-08
40000.056 3.173154473400018e-08
40050.056 3.198911544599854e-08
40100.056 1.0607911020568772e-08
40150.056 2.898507097400163e-08
40200.056 3.527840595599843e-08
40250.056 3.858696133899703e-08
40300.056 3.774934784400229e-08
40350.056 1.9179332629296513e-08
40400.056 2.7152317026278938e-08
40450.056 1.6382113982899458e-08
40500.056 3.504795947799948e-08
40550.056 3.8436348528997446e-08
40600.056 3.994361103699955e-08
40650.056 2.8015796856897773e-08
40700.056 4.660953033600002e-08
40750.056 3.5418455563998194e-08
40800.056 2.290532229929782e-08
40850.056 5.1056708135002935e-08
40900.056 5.076414026499822e-08
40950.056 3.238255677419982e-08
41000.056 3.379780942499964e-08
41050.056 5.4711462478000823e-08
41100.056 4.753965371699619e-08
41150.056 1.909111473949927e-08
41200.056 4.916547710000486e-08
41250.056 4.76947959781942e-08
41300.056 5.2304126253003246e-08
41350.056 6.399893585300002e-08
41400.056 5.190010391599923e-08
41450.056 6.070201281500049e-08
41500.056 3.8799613530195015e-08
41550.056 3.5882784028004195e-08
41600.056 3.8522267517000034e-08
41650.056 5.8005284336002836e-08
41700.056 6.97728461229977e-08
41750.056 5.8115239480000814e-08
41800.056 6.27292289659996e-08
41850.056 4.701901885999775e-08
41900.056 4.091725075999356e-08
41950.056 4.417498615599916e-08
42000.056 3.008757528429132e-08
42050.056 3.3056060752802717e-08
42100.056 4.4507893519998105e-08
42150.056 4.463350945199934e-08
42200.056 4.694342319599801e-08
42250.056 3.963365928800209e-08
42300.056 3.7354440471998594e-08
42350.056 5.4130161865001114e-08
42400.056 6.133858818500124e-08
42450.056 6.148477825900247e-08
42500.056 6.533119377899901e-08
42550.056 5.9431629415999165e-08
42600.056 5.3663690119005506e-08
42650.056 6.998940244699616e-08
42700.056 4.323061443599618e-08
42750.056 5.1150602000004835e-08
42800.056 7.105677398600069e-08
42850.056 7.386251177999646e-08
42900.056 7.11874413480017e-08
42950.056 5.973426205500107e-08
43000.056 6.658180298899854e-08
43050.056 4.148023172900026e-08
43100.056 6.128247340400064e-08
43150.056 5.9123568173000406e-08
43200.056 6.690275363600165e-08
43250.056 8.77670311380009e-08
43300.056 7.71894561549975e-08
43350.056 4.8838047222999445e-08
43400.056 6.62937964600013e-08
43450.056 5.4188141694000667e-08
43500.056 5.00710942920007e-08
43550.056 5.034228043700207e-08
43600.056 7.456280830099978e-08
43650.056 4.4618083634997055e-08
43700.056 7.076871025400758e-08
43750.056 8.030417952499809e-08
43800.056 6.807931020699844e-08
43850.056 6.27087256560041e-08
43900.056 5.391402477599967e-08
43950.056 4.1685908573998425e-08
44000.056 3.961419367499997e-08
44050.056 7.257547359900478e-08
44100.056 9.375102649100097e-08
44150.056 8.80143274399981e-08
44200.056 8.313263546800019e-08
44250.056 5.5109304718997794e-08
44300.056 3.728178695899972e-08
44350.056 3.9093381298001415e-08
44400.056 4.604517397099944e-08
44450.056 6.578515569700385e-08
44500.056 5.968085103000112e-08
44550.056 7.640287263600055e-08
44600.056 6.182912881000072e-08
44650.056 6.752213283299685e-08
44700.056 4.9915103473996524e-08
44750.056 5.977811203800362e-08
44800.056 4.52695831779997e-08
44850.056 6.230774853200262e-08
44900.056 6.018215557099888e-08
44950.056 6.825764299100271e-08
45000.056 7.495481479799985e-08
45050.056 6.950275637099645e-08
45100.056 6.456654917300337e-08
45150.056 6.035755407599881e-08
45200.056 3.898758792999942e-08
45250.056 4.6629608731998655e-08
45300.056 4.580222294100065e-08
45350.056 3.213123667580276e-08
45400.056 7.80540068910021e-08
45450.056 7.207340155800343e-08
45500.056 8.04720500130026e-08
45550.056 8.691656407799509e-08
45600.056 8.048031596300139e-08
45650.056 7.025265341999562e-08
45700.056 3.9138088990195946e-08
45750.056 3.4258326607603116e-08
45800.056 7.581315538200146e-08
45850.056 6.731292512800258e-08
45900.056 8.564970933499902e-08
45950.056 8.114083707799771e-08
46000.056 8.142959055100191e-08
46050.056 7.205005765800282e-08
46100.056 8.305775551699647e-08
46150.056 5.553086960899998e-08
46200.056 4.127395919859551e-08
46250.056 1.6583695683099756e-08
46300.056 5.103629010100346e-08
46350.056 6.2535827097002e-08
46400.056 6.30606256670007e-08
46450.056 5.0682055242997e-08
46500.056 5.965516292200191e-08
46550.056 3.93021538159976e-08
46600.056 3.6220635943597354e-08
46650.056 5.512299479000232e-08
46700.056 4.275402299899615e-08
46750.056 1.7862225584202045e-08
46800.056 1.1662913964498623e-08
46850.056 4.55716834430062e-08
46900.056 6.558529345599989e-08
46950.056 6.676124008999869e-08
47000.056 6.763793572100142e-08
47050.056 4.508864969999248e-08
47100.056 3.820039855300082e-08
47150.056 5.2370238065004136e-08
47200.056 5.6157738353998324e-08
47250.056 2.3864971379795084e-08
47300.056 1.7075472690564734e-08
47350.056 5.4916992743002815e-08
47400.056 6.309033601099935e-08
47450.056 4.2704652807001706e-08
47500.056 6.90215408070016e-08
47550.056 6.29696966320008e-08
47600.056 5.021789415799667e-08
47650.056 5.626594002199761e-08
47700.056 4.6449488126004096e-08
47750.056 3.61787468289998e-08
47800.056 2.3582996024599047e-08
47850.056 8.114602325421369e-09
47900.056 1.5158663944800162e-08
47950.056 4.476202825700349e-08
48000.056 5.596626006299729e-08
48050.056 4.4948792332999126e-08
48100.056 2.29281005660996e-08
48150.056 4.110851843900188e-08
48200.056 2.8445450523597683e-08
48250.056 4.36101918460008e-08
48300.056 5.085238152899944e-08
48350.056 3.113068608699623e-08
48400.056 5.64566769311841e-09
48450.056 1.1753422360512876e-08
48500.056 2.59522746592969e-08
48550.056 3.130616908498596e-08
48600.056 5.415629816900123e-08
48650.056 6.190689614999932e-08
48700.056 4.963448689600129e-08
48750.056 3.870662858700039e-08
48800.056 4.972773636100044e-08
48850.056 2.450826712879678e-08
48900.056 2.417800289269742e-08
48950.056 1.2801267253099171e-08
49000.056 7.987741379242002e-09
49050.056 2.6193490808597662e-08
49100.056 3.644568163850496e-08
49150.056 3.175487441019926e-08
49200.056 5.082115717300274e-08
49250.056 5.392920444499983e-08
49300.056 4.4006635163997276e-08
49350.056 2.0100627910601714e-08
49400.056 2.2791821582095966e-08
49450.056 1.7468728933053602e-08
49500.056 1.4325955223917412e-08
49550.056 2.2057221576099417e-09
49600.056 6.630687381875295e-09
49650.056 2.441656448600221e-08
49700.056 3.3883773878999704e-08
49750.056 2.6562216150697864e-08
49800.056 1.427979915565996e-08
49850.056 3.679655538700283e-08
49900.056 4.214658117999978e-08
49950.056 3.720224956599845e-08
50000.056 2.274747867873714e-08
50050.056 2.4644341490103373e-08
50100.056 2.1931688730998755e-08
50150.056 7.596883413998468e-09
50200.056 9.546028201264366e-10
50250.056 6.917397776099981e-09
50300.056 5.095196437105131e-09
50350.056 2.35055608410021e-08
50400.056 3.1860182968000006e-08
50450.056 2.5774521541999737e-08
50500.056 3.761515172600218e-08
50550.056 4.166204401199991e-08
50600.056 2.7188618748395236e-08
50650.056 3.756743748500256e-08
50700.056 3.568867698299871e-08
50750.056 2.0308479956998728e-08
50800.056 5.1862493566646035e-09
50850.056 2.1037353193850473e-09
50900.056 1.8045027433402042e-08
50950.056 2.273427866199833e-08
51000.056 1.494552349669285e-08
51050.056 2.518628279379699e-08
51100.056 1.1137759924000086e-08
51150.056 7.659275815791844e-09
51200.056 2.932002973400123e-08
51250.056 2.576169357599791e-08
51300.056 1.5430457986500522e-08
51350.056 1.1721524511437767e-08
51400.056 2.765143527670597e-09
51450.056 2.2711554030063077e-09
51500.056 2.1175139351088197e-09
51550.056 1.110397477800161e-08
51600.056 1.432762328130093e-08
51650.056 2.0369815540999676e-08
51700.056 1.589294153740691e-08
51750.056 1.3133531033912673e-08
51800.056 2.5123081746999804e-08
51850.056 1.884412418749888e-08
51900.056 1.7049317640000024e-08
51950.056 7.827163994298357e-09
52000.056 5.893473727137937e-10
52050.056 3.896356113600342e-09
52100.056 1.8714091691994874e-09
52150.056 9.788644436993748e-10
52200.056 5.058708518300011e-09
52250.056 1.0176728114201263e-08
52300.056 1.1238044481699122e-08
52350.056 2.0964604902897543e-09
52400.056 2.574054538558116e-09
52450.056 1.3235987407701683e-08
52500.056 1.0349233576289181e-08
52550.056 1.4877492055798396e-08
52600.056 1.285670658000166e-08
52650.056 1.677747276499946e-08
52700.056 8.377122742999474e-09
52750.056 2.4195494849680883e-09
52800.056 5.192722226800985e-09
52850.056 6.6000867861987586e-09
52900.056 1.642045002226238e-09
52950.056 3.3961279691507368e-09
53000.056 9.692224652300209e-09
53050.056 3.2606951311499094e-09
53100.056 1.4997849837901457e-08
53150.056 1.6380507310999444e-08
53200.056 6.186643378279488e-09
53250.056 1.3323559073000227e-08
53300.056 1.3370879388201493e-08
53350.056 1.1797150654799534e-08
53400.056 6.6056208744992365e-09
53450.056 1.4118242670395543e-09
53500.056 2.6093559853694655e-10
53550.056 5.698076291089943e-10
53600.056 3.389481155357815e-09
