galfind/configs/Brown_Dwarf_templates/sonora_bobcat/m0.0/3160g/sp_t250g3160nc_m0.0_resample.dat
# %ECSV 1.0
# ---
# datatype:
# - {name: wav, unit: Angstrom, datatype: float64}
# - {name: flux_nu, unit: erg / (cm2 Hz s), datatype: float64}
# meta: {C/O: '1.00', Kzz: '1.0000E+05', Teff: '250.', Y: '0.28', '[Fe/H]': '0.00', f_hole: '1.00', f_rain: '0.00', grav: '3160.'}
# schema: astropy-2.0
wav flux_nu
[from data line 499]
28950.056 1.2845661102948106e-13
29000.056 7.544030285675453e-14
29050.056 2.0838440365510166e-13
29100.056 1.6515035404871973e-14
29150.056 2.980186558525272e-14
29200.056 5.292361780930429e-13
29250.056 1.7691301622977715e-13
29300.056 5.691346745406005e-14
29350.056 4.721936787109416e-13
29400.056 3.9182996213859875e-13
29450.056 5.531255353610102e-14
29500.056 6.841678780265857e-13
29550.056 2.524159647910973e-13
29600.056 9.983215701978272e-14
29650.056 6.211909013563084e-13
29700.056 1.8828417122769426e-13
29750.056 7.483605474718918e-13
29800.056 1.8579778407247783e-13
29850.056 1.1117655581610104e-12
29900.056 3.0325714859943174e-13
29950.056 1.6973034661292675e-13
30000.056 8.940330372127668e-16
30050.056 1.322825493388653e-13
30100.056 5.161200236575011e-13
30150.056 7.289276772813023e-13
30200.056 1.3886347784199516e-12
30250.056 1.6245200121701353e-12
30300.056 1.7243617883397157e-12
30350.056 4.600176162449029e-13
30400.056 2.968522527340785e-12
30450.056 3.5155762292091914e-12
30500.056 5.271057510439797e-13
30550.056 6.184449039266474e-13
30600.056 1.5390040432619453e-11
30650.056 6.576379425650176e-12
30700.056 6.773193033841435e-13
30750.056 4.402089059404244e-12
30800.056 8.170813727829434e-12
30850.056 6.961319882800699e-12
30900.056 1.3598242383057523e-12
30950.056 2.651445128670333e-12
31000.056 3.843183937479927e-12
31050.056 8.494838276960686e-13
31100.056 2.3983686056892664e-13
31150.056 1.920722740741002e-12
31200.056 8.98804866269991e-12
31250.056 4.384988423218795e-12
31300.056 6.464526735134431e-13
31350.056 5.755911342290562e-12
31400.056 3.0173343942699225e-12
31450.056 3.0289429760897813e-12
31500.056 9.383421151390796e-13
31550.056 2.247514399755759e-12
31600.056 1.4651276638949901e-12
31650.056 7.581741227508409e-13
31700.056 6.865401788001151e-13
31750.056 1.9104468269491155e-13
31800.056 3.5175086547896954e-13
31850.056 3.793426193263035e-14
31900.056 1.1225370945738309e-13
31950.056 2.9823663160875764e-14
32000.056 2.7396344727464174e-14
32050.056 1.2782050846612239e-14
32100.056 8.669668597306653e-15
32150.056 5.462818873370935e-15
32200.056 1.5892105474552918e-15
32250.056 3.718712843340474e-15
32300.056 4.711004826799554e-16
32350.056 1.522130520312018e-15
32400.056 1.3519663364371627e-16
32450.056 1.0957401230900547e-15
32500.056 1.3552587883186094e-16
32550.056 8.186251880629974e-16
32600.056 7.146916505669178e-17
32650.056 1.0732653244400518e-15
32700.056 9.594974268524203e-17
32750.056 3.0832105172505048e-15
32800.056 6.775159544331573e-16
32850.056 1.704454394746174e-14
32900.056 6.466774165822727e-15
32950.056 2.02570204207006e-14
33000.056 4.696545388703205e-15
33050.056 1.4835676375003357e-15
33100.056 2.549704046511798e-16
33150.056 9.337021793720754e-19
33200.056 1.7799611562212462e-16
33250.056 3.2996875925834995e-16
33300.056 9.271698957455897e-15
33350.056 3.1169985847446132e-15
33400.056 2.4168246110098164e-14
33450.056 6.872611273331005e-16
33500.056 1.0326826248450761e-14
33550.056 1.312199335942819e-15
33600.056 5.496671115677583e-15
33650.056 8.382901018758986e-15
33700.056 8.301059982641879e-16
33750.056 1.0052303952784722e-14
33800.056 4.1701568726981182e-16
33850.056 5.04658904760115e-15
33900.056 4.6716381261561465e-15
33950.056 8.238671325331183e-15
34000.056 2.8712503897064016e-14
34050.056 4.333003682277719e-15
34100.056 4.722429218202975e-14
34150.056 1.0479474365212482e-14
34200.056 9.931919574508036e-14
34250.056 2.8107218896410082e-14
34300.056 5.138432478719126e-14
34350.056 4.023198595649664e-13
34400.056 2.6491030706949243e-14
34450.056 2.395867821579183e-13
34500.056 4.3152757885915535e-14
34550.056 4.4075281079502735e-13
34600.056 2.5476906061784414e-12
34650.056 5.6823371190366055e-14
34700.056 1.663112521071427e-12
34750.056 3.222348406433156e-13
34800.056 3.088544569824789e-13
34850.056 1.074220944551239e-12
34900.056 1.2681552264074874e-13
34950.056 2.303065316568168e-12
35000.056 1.6224384250811344e-12
35050.056 4.192388567863398e-12
35100.056 5.267038759639808e-12
35150.056 8.750433024499705e-12
35200.056 1.1194238192201394e-11
35250.056 1.618757192251929e-11
35300.056 1.6236164137541456e-12
35350.056 2.5065418510073415e-13
35400.056 1.2597298652811895e-13
35450.056 1.6821610642406466e-13
35500.056 2.244580596676094e-12
35550.056 3.679706668269987e-12
35600.056 5.631906059110837e-12
35650.056 3.961631402671609e-12
35700.056 7.70449715598593e-12
35750.056 7.602619453271246e-12
35800.056 1.2371722824989894e-12
35850.056 1.0079076730517063e-12
35900.056 3.21519988804261e-12
35950.056 1.2579458163060838e-11
36000.056 1.707303554890079e-11
36050.056 7.355105082876978e-12
36100.056 6.296992156800574e-12
36150.056 6.377121921746177e-11
36200.056 3.702152119489759e-11
36250.056 1.0687724371565725e-11
36300.056 4.291710835093247e-11
36350.056 3.9580997399999264e-11
36400.056 4.850009106699609e-11
36450.056 1.734148028476509e-11
36500.056 1.8105843708710206e-11
36550.056 1.2032495332900467e-10
36600.056 1.4603279312699592e-10
36650.056 2.980168654191748e-11
36700.056 5.425719704345416e-11
36750.056 1.902807186600181e-10
36800.056 1.704530873839808e-10
36850.056 4.304351217244191e-11
36900.056 4.3924877970657396e-11
36950.056 2.0912778384648848e-10
37000.056 1.5003665349761992e-10
37050.056 1.6583589312229547e-10
37100.056 1.993641208411276e-11
37150.056 6.475520439810983e-11
37200.056 3.6654940474001975e-10
37250.056 1.2365303784507095e-10
37300.056 3.879246219490357e-11
37350.056 8.624691416974057e-11
37400.056 1.9699626749719838e-10
37450.056 1.1175420059998898e-10
37500.056 8.358473538019542e-11
37550.056 4.2247640593208147e-10
37600.056 7.801514150799438e-10
37650.056 9.489474644711412e-11
37700.056 2.3063673945101747e-10
37750.056 1.9799965831399806e-10
37800.056 2.4100896401004045e-10
37850.056 1.6615225289499665e-10
37900.056 1.268176168750974e-10
37950.056 1.7384131386099394e-10
38000.056 1.3032162763074273e-10
38050.056 3.9517397770202354e-10
38100.056 6.808525045959558e-10
38150.056 7.596172676919474e-10
38200.056 3.998094941934679e-10
38250.056 7.271083800601001e-10
38300.056 1.6457950045298291e-09
38350.056 7.888603442500996e-10
38400.056 2.0161936372290496e-10
38450.056 4.071543257798939e-11
38500.056 9.028797608841895e-11
38550.056 5.50695014110052e-10
38600.056 8.889475577799458e-10
38650.056 5.715549452299898e-10
38700.056 3.4033822917494737e-10
38750.056 6.034993063129858e-10
38800.056 6.176838380500112e-10
38850.056 7.270565028400497e-10
38900.056 5.80705108192912e-10
38950.056 4.360630714350873e-10
39000.056 9.494440507299098e-10
39050.056 2.5297903306903737e-10
39100.056 2.680101233083608e-10
39150.056 9.318386543600152e-10
39200.056 1.0167572983400084e-09
39250.056 6.618349227219928e-10
39300.056 6.149869043530589e-10
39350.056 1.718224492660026e-09
39400.056 8.171916558578515e-10
39450.056 1.3485025176461243e-09
39500.056 1.6760382396998885e-09
39550.056 5.450723177870844e-10
39600.056 9.19077596070194e-10
39650.056 2.529936862600038e-09
39700.056 2.19051951769994e-09
39750.056 5.098931396719103e-10
39800.056 2.940722046470236e-10
39850.056 1.887229383690203e-09
39900.056 2.8421719716999403e-09
39950.056 1.2877267232200283e-09
40000.056 1.9033101641000895e-09
40050.056 1.6862431398898527e-09
40100.056 3.22084376945727e-10
40150.056 1.6847354652001406e-09
40200.056 2.519938005399944e-09
40250.056 2.92345276529987e-09
40300.056 2.713387053600055e-09
40350.056 9.153985043408139e-10
40400.056 1.003119530953965e-09
40450.056 6.55641590750049e-10
40500.056 2.2766091336501244e-09
40550.056 3.0341634093999192e-09
40600.056 3.5914213113999646e-09
40650.056 1.9296584282998105e-09
40700.056 2.9723964543000437e-09
40750.056 2.340278942559833e-09
40800.056 1.3998948019699971e-09
40850.056 4.31833439550022e-09
40900.056 4.714667447199858e-09
40950.056 2.2327775463398435e-09
41000.056 2.2475167742199653e-09
41050.056 4.533830081200179e-09
41100.056 3.738548780199631e-09
41150.056 1.0629047507599635e-09
41200.056 3.974742420700472e-09
41250.056 4.492703493299586e-09
41300.056 5.062615687700396e-09
41350.056 7.313164954100047e-09
41400.056 6.300569440599869e-09
41450.056 6.1416841256999705e-09
41500.056 3.4075383853996764e-09
41550.056 2.961628827200238e-09
41600.056 3.6137322888999442e-09
41650.056 6.6626568150003766e-09
41700.056 8.693669040899904e-09
41750.056 7.496588160400097e-09
41800.056 7.820161164899883e-09
41850.056 5.082758155999774e-09
41900.056 3.893907898999613e-09
41950.056 3.1971510802998014e-09
42000.056 1.335885383989727e-09
42050.056 1.973700935600139e-09
42100.056 3.5692944988000293e-09
42150.056 4.63591928800007e-09
42200.056 5.341626788699941e-09
42250.056 4.37913917170008e-09
42300.056 4.154237167099909e-09
42350.056 6.6735549441002355e-09
42400.056 8.858041899300171e-09
42450.056 1.0356602212300138e-08
42500.056 1.089244444999997e-08
42550.056 9.982726168699831e-09
42600.056 7.790094996100213e-09
42650.056 8.721186830599574e-09
42700.056 5.49009086769993e-09
42750.056 9.021609251300445e-09
42800.056 1.2187131218000118e-08
42850.056 1.2486988519999867e-08
42900.056 1.1863352500999982e-08
42950.056 1.0501876559300056e-08
43000.056 1.084789839699989e-08
43050.056 7.807344525799539e-09
43100.056 9.193082117600332e-09
43150.056 1.0536579057000148e-08
43200.056 1.2358125346000114e-08
43250.056 1.3484274141000016e-08
43300.056 1.2382512556999748e-08
43350.056 1.0144067226299966e-08
43400.056 1.0912019941399945e-08
43450.056 8.76576818879991e-09
43500.056 7.130869967100019e-09
43550.056 8.768105265100259e-09
43600.056 1.1646428420999996e-08
43650.056 8.946774337899746e-09
43700.056 1.1190276965500664e-08
43750.056 1.3162387452999922e-08
43800.056 1.161013614739981e-08
43850.056 1.040547086440009e-08
43900.056 8.797523462599949e-09
43950.056 7.815450723999921e-09
44000.056 8.409083676100106e-09
44050.056 1.1969125671000465e-08
44100.056 1.4039102942000028e-08
44150.056 1.3448292878999929e-08
44200.056 1.2893951784999904e-08
44250.056 1.0166670972299763e-08
44300.056 7.460059339799803e-09
44350.056 6.815416095800111e-09
44400.056 8.137395981600048e-09
44450.056 1.0682488180000322e-08
44500.056 1.0666667180299923e-08
44550.056 1.1616183242000048e-08
44600.056 1.059082391820001e-08
44650.056 1.1330680322999867e-08
44700.056 9.953039442099768e-09
44750.056 1.0575197495100165e-08
44800.056 8.72800854489979e-09
44850.056 9.972881289100279e-09
44900.056 1.1002353328000032e-08
44950.056 1.2165526406000185e-08
45000.056 1.2786513679999973e-08
45050.056 1.1665094876399713e-08
45100.056 1.1016402716800176e-08
45150.056 1.026785105859985e-08
45200.056 7.512104490099839e-09
45250.056 8.302262795500013e-09
45300.056 7.707577152899808e-09
45350.056 5.947665268500333e-09
45400.056 1.1127983180200203e-08
45450.056 1.0999336803200244e-08
45500.056 1.2636397738000197e-08
45550.056 1.270522637299971e-08
45600.056 1.2212031115000074e-08
45650.056 1.1065072085999632e-08
45700.056 6.914688816699337e-09
45750.056 6.554215278800473e-09
45800.056 1.0580940809600038e-08
45850.056 9.834203263900269e-09
45900.056 1.282300768800011e-08
45950.056 1.3064276652999891e-08
46000.056 1.2419498423999967e-08
46050.056 1.1129544145000142e-08
46100.056 1.1743068318999763e-08
46150.056 9.360591397499874e-09
46200.056 6.311082144899377e-09
46250.056 3.0358646551000608e-09
46300.056 7.111540822000414e-09
46350.056 9.019618616600032e-09
46400.056 9.40214854900004e-09
46450.056 7.299663905899822e-09
46500.056 8.987989027800039e-09
46550.056 6.569578406699649e-09
46600.056 5.0868026412999305e-09
46650.056 7.301194386200153e-09
46700.056 5.683184706499581e-09
46750.056 2.5715805044000393e-09
46800.056 1.6150570607999202e-09
46850.056 4.9850554938007e-09
46900.056 8.461125418900214e-09
46950.056 9.589393353700038e-09
47000.056 9.81817582209998e-09
47050.056 6.935834075099532e-09
47100.056 6.7558677333000956e-09
47150.056 7.466973707400183e-09
47200.056 7.018420406799715e-09
47250.056 3.004426293529453e-09
47300.056 2.342789806480511e-09
47350.056 6.586972636200342e-09
47400.056 8.226674395899995e-09
47450.056 6.5171586433999936e-09
47500.056 8.610101326000305e-09
47550.056 8.922551666299925e-09
47600.056 6.257695620699762e-09
47650.056 6.687435044999827e-09
47700.056 5.905639714500178e-09
47750.056 4.921969709599824e-09
47800.056 2.50995303473968e-09
47850.056 8.75586312110116e-10
47900.056 1.8159266582001075e-09
47950.056 4.794161994400372e-09
48000.056 5.940237527599786e-09
48050.056 5.242858982700051e-09
48100.056 3.461105519299892e-09
48150.056 5.086815648700095e-09
48200.056 3.109780125799742e-09
48250.056 4.547372960700144e-09
48300.056 4.587967239499851e-09
48350.056 2.5711276778996648e-09
48400.056 5.86776496109878e-10
48450.056 9.016906197601848e-10
48500.056 1.9712765923998773e-09
48550.056 2.604217025720482e-09
48600.056 5.5805163182001805e-09
48650.056 6.575228712500018e-09
48700.056 6.3125854382000115e-09
48750.056 5.976873364399975e-09
48800.056 5.4769906400998445e-09
48850.056 2.8543764830997715e-09
48900.056 1.8673381315697978e-09
48950.056 9.385664531499434e-10
49000.056 7.359969786101458e-10
49050.056 2.283246300799989e-09
49100.056 3.5130920493003336e-09
49150.056 3.9286549511000005e-09
49200.056 5.343409301100165e-09
49250.056 5.4698757938999306e-09
49300.056 4.117158530099721e-09
49350.056 2.1747807833001293e-09
49400.056 2.1421599837497295e-09
49450.056 1.534155141900166e-09
49500.056 1.084156972409842e-09
49550.056 3.2220736603997884e-10
49600.056 5.000446846200776e-10
49650.056 1.775217911300189e-09
49700.056 2.8232563319000674e-09
49750.056 2.131588331699899e-09
49800.056 1.3969938704700359e-09
49850.056 3.1456855135001996e-09
49900.056 3.819690762700003e-09
49950.056 3.397083339699899e-09
50000.056 1.7514616271097403e-09
50050.056 1.5084177548001723e-09
50100.056 1.3917072077899102e-09
50150.056 5.365269918699194e-10
50200.056 1.7362467394001892e-10
50250.056 4.929138255600077e-10
50300.056 4.6350000012006025e-10
50350.056 1.569345804300136e-09
50400.056 2.520482593100097e-09
50450.056 2.938951047700009e-09
50500.056 3.3878975166000862e-09
50550.056 3.575608232499941e-09
50600.056 2.631893894599926e-09
50650.056 3.0916567656999987e-09
50700.056 2.4540123254998696e-09
50750.056 1.3951954881498948e-09
50800.056 4.247722433099101e-10
50850.056 2.773546691600564e-10
50900.056 1.0708233023901157e-09
50950.056 1.460946196829923e-09
51000.056 1.1294795811101592e-09
51050.056 2.0021561138999203e-09
51100.056 1.2921760889199173e-09
51150.056 6.912259674900906e-10
51200.056 1.8696369225000993e-09
51250.056 1.90286984409994e-09
51300.056 1.3086221219999326e-09
51350.056 6.688118971598925e-10
51400.056 2.9911875854002307e-10
51450.056 2.3561128606396113e-10
51500.056 2.553507990400477e-10
51550.056 7.511497612900713e-10
51600.056 1.2251287158000551e-09
51650.056 1.6130553997000281e-09
51700.056 1.2486817553198378e-09
51750.056 1.1778440262501369e-09
51800.056 1.6874275111999933e-09
51850.056 1.4098444872999376e-09
51900.056 1.0209255644999456e-09
51950.056 5.30161077749922e-10
52000.056 1.6942669065998802e-10
52050.056 3.503195317900096e-10
52100.056 2.21447033059969e-10
52150.056 1.5625396140902792e-10
52200.056 4.4551551430004013e-10
52250.056 7.09832255870026e-10
52300.056 6.773155349799624e-10
52350.056 2.620226517599919e-10
52400.056 3.205902432200139e-10
52450.056 7.845908724000662e-10
52500.056 6.986629539499853e-10
52550.056 1.131398545859981e-09
52600.056 1.2160789602200647e-09
52650.056 1.3160897022999621e-09
52700.056 8.112553532399267e-10
52750.056 2.890845666899582e-10
52800.056 4.980837023000538e-10
52850.056 5.480759135499682e-10
52900.056 2.118878037729564e-10
52950.056 3.159684078800439e-10
53000.056 6.597718736500163e-10
53050.056 4.4654654522999797e-10
53100.056 9.465601414700731e-10
53150.056 1.0155463905299685e-09
53200.056 7.030444710799771e-10
53250.056 8.964153488600008e-10
53300.056 8.307813674500049e-10
53350.056 7.099554337399712e-10
53400.056 4.833219831099667e-10
53450.056 2.2868276125997066e-10
53500.056 1.0695754276099491e-10
53550.056 1.5517906174400504e-10
53600.056 3.1476589218004907e-10
