galfind/configs/Brown_Dwarf_templates/sonora_bobcat/m0.0/3160g/sp_t500g3160nc_m0.0_resample.dat
# %ECSV 1.0
# ---
# datatype:
# - {name: wav, unit: Angstrom, datatype: float64}
# - {name: flux_nu, unit: erg / (cm2 Hz s), datatype: float64}
# meta: {C/O: '1.00', Kzz: '1.0000E+05', Teff: '500.', Y: '0.28', '[Fe/H]': '0.00', f_hole: '1.00', f_rain: '0.00', grav: '3160.'}
# schema: astropy-2.0
wav flux_nu
[from data line 499]
28950.056 5.419497210534226e-10
29000.056 4.266095373201927e-10
29050.056 7.079281810975636e-10
29100.056 2.898136606959389e-10
29150.056 6.104234924589946e-10
29200.056 8.991937500451525e-10
29250.056 1.000899410895113e-09
29300.056 5.792276960677115e-10
29350.056 1.912857960564609e-09
29400.056 6.597170719190785e-10
29450.056 4.4085446252720634e-10
29500.056 1.6860482955226284e-09
29550.056 6.788255019117339e-10
29600.056 9.184539451801591e-10
29650.056 2.3589160967048346e-09
29700.056 5.393471494166239e-10
29750.056 1.5513153722292656e-09
29800.056 1.1578648814712576e-09
29850.056 2.4919273271549416e-09
29900.056 1.3011406256760817e-09
29950.056 1.1227267883046465e-09
30000.056 3.0412864594631896e-11
30050.056 1.9964634297405674e-10
30100.056 7.046612063457655e-10
30150.056 1.952122188731976e-09
30200.056 1.410369340456375e-09
30250.056 3.0069325895841513e-09
30300.056 2.9510943953377985e-09
30350.056 9.9635852616006e-10
30400.056 3.496077341133167e-09
30450.056 2.4289555231156657e-09
30500.056 1.777485483675119e-09
30550.056 1.4038864204293764e-09
30600.056 7.445284555720139e-09
30650.056 3.7208087846782958e-09
30700.056 2.07642420697616e-09
30750.056 3.8671001475522465e-09
30800.056 3.4594217536702212e-09
30850.056 3.81223036779065e-09
30900.056 2.1042479262690045e-09
30950.056 1.783637151015043e-09
31000.056 2.2670722513635423e-09
31050.056 1.954835331009701e-09
31100.056 8.809171814089673e-10
31150.056 1.8006416408019392e-09
31200.056 4.525377102029935e-09
31250.056 1.7381158418083546e-09
31300.056 1.2536276186549314e-09
31350.056 2.7294873623473707e-09
31400.056 1.639333745061197e-09
31450.056 2.0165909460008645e-09
31500.056 6.995115685740416e-10
31550.056 1.4017393724399014e-09
31600.056 9.267558138033235e-10
31650.056 7.047670909820861e-10
31700.056 7.48934843850167e-10
31750.056 2.972561514569913e-10
31800.056 6.84905451870045e-10
31850.056 1.5279389500970526e-10
31900.056 3.8479609454777357e-10
31950.056 1.781047131635068e-10
32000.056 1.8599664750800802e-10
32050.056 1.877907796962216e-10
32100.056 1.4318389220747925e-10
32150.056 1.8080071111589205e-10
32200.056 8.938934470112459e-11
32250.056 2.1139957158172485e-10
32300.056 6.736730535359669e-11
32350.056 2.381558600552364e-10
32400.056 4.3985259138785945e-11
32450.056 1.8571354756900005e-10
32500.056 5.512908710216817e-11
32550.056 1.979016369570036e-10
32600.056 6.46285233077799e-11
32650.056 3.1662407802496217e-10
32700.056 9.481270057775716e-11
32750.056 6.745620322782091e-10
32800.056 4.3988231067838115e-10
32850.056 1.2253919237102559e-09
32900.056 1.093499613645221e-09
32950.056 1.1911481819293975e-09
33000.056 4.028347481271336e-10
33050.056 4.6364194994907914e-10
33100.056 9.845765018384477e-11
33150.056 1.6218503551806829e-13
33200.056 4.302615134922855e-12
33250.056 8.685673141948842e-12
33300.056 6.606343865497034e-11
33350.056 1.8232482697668695e-10
33400.056 5.681360786970039e-10
33450.056 2.6142700202029184e-10
33500.056 1.0545115264102044e-09
33550.056 2.362291419584963e-10
33600.056 5.335813619533983e-10
33650.056 5.865318672819406e-10
33700.056 1.6897243093888986e-10
33750.056 7.639938343734825e-10
33800.056 7.612087809963701e-11
33850.056 3.6116237999004165e-10
33900.056 3.437065859162201e-10
33950.056 3.057786553360854e-10
34000.056 6.736951180940889e-10
34050.056 1.1463746171154238e-10
34100.056 6.260905974350415e-10
34150.056 1.951199289281602e-10
34200.056 6.271626738757188e-10
34250.056 4.062449548923523e-10
34300.056 3.523151651774012e-10
34350.056 1.063059401694295e-09
34400.056 2.3136735326593163e-10
34450.056 9.86928592349388e-10
34500.056 5.014408101220569e-10
34550.056 4.4992412081416517e-10
34600.056 2.015477795060027e-09
34650.056 2.422198249346148e-10
34700.056 1.5139493335886706e-09
34750.056 7.904443788232054e-10
34800.056 5.508257374223552e-10
34850.056 2.2044247151010593e-09
34900.056 4.1453152684122793e-10
34950.056 2.1543900974658996e-09
35000.056 2.884149016362749e-09
35050.056 1.4209896775394556e-09
35100.056 4.13181653974977e-09
35150.056 3.201171027127547e-09
35200.056 2.771552896552084e-09
35250.056 5.211268745251861e-09
35300.056 1.2629377202028199e-09
35350.056 2.217824510504706e-09
35400.056 1.702588714225714e-09
35450.056 1.3439827992791588e-09
35500.056 4.92983633148193e-09
35550.056 2.8485672212514372e-09
35600.056 4.212238780440993e-09
35650.056 4.425597058497256e-09
35700.056 4.0948444634430304e-09
35750.056 7.45696687484003e-09
35800.056 4.282754215504458e-09
35850.056 2.447346963889695e-09
35900.056 4.170714035061694e-09
35950.056 6.0059530950694205e-09
36000.056 6.182623458700921e-09
36050.056 4.707810713438695e-09
36100.056 4.151490668346952e-09
36150.056 9.972372325899698e-09
36200.056 1.0573473197939124e-08
36250.056 6.230824685755392e-09
36300.056 1.3761862754144586e-08
36350.056 1.0161181947390748e-08
36400.056 1.3860058224897683e-08
36450.056 9.6888894381838e-09
36500.056 1.1209135361388967e-08
36550.056 1.9814851565000868e-08
36600.056 2.3024404945997502e-08
36650.056 1.317386470043812e-08
36700.056 1.3928340688147953e-08
36750.056 2.2553809625003116e-08
36800.056 2.3510115027698414e-08
36850.056 1.4149747309225747e-08
36900.056 1.7066471023497207e-08
36950.056 2.583687331399545e-08
37000.056 1.879841637909965e-08
37050.056 2.4541236361248706e-08
37100.056 1.2635943479608077e-08
37150.056 1.9595238770721123e-08
37200.056 3.352662058099841e-08
37250.056 1.6989590436866147e-08
37300.056 1.2893305417209297e-08
37350.056 2.393225394220354e-08
37400.056 3.4484153945998846e-08
37450.056 1.6578359690918518e-08
37500.056 1.8867096345979134e-08
37550.056 3.9228679885606755e-08
37600.056 5.182681604800118e-08
37650.056 1.803885403350242e-08
37700.056 3.1760567941203086e-08
37750.056 2.349691517900154e-08
37800.056 2.848168635350328e-08
37850.056 1.6626303339699784e-08
37900.056 2.0153601250299763e-08
37950.056 2.848256180669975e-08
38000.056 2.6739161284398506e-08
38050.056 3.397894471450402e-08
38100.056 4.659861597920019e-08
38150.056 4.956346698979658e-08
38200.056 3.649046064165116e-08
38250.056 4.343996434220322e-08
38300.056 6.806337986399206e-08
38350.056 5.9438774772008355e-08
38400.056 3.085755772898976e-08
38450.056 1.8876372197195655e-08
38500.056 1.6797243461303235e-08
38550.056 3.976834732600319e-08
38600.056 4.169837490499521e-08
38650.056 4.274437904819809e-08
38700.056 4.449150724999667e-08
38750.056 4.1535914066998196e-08
38800.056 4.097086819799956e-08
38850.056 4.687280436300203e-08
38900.056 5.225138980379358e-08
38950.056 3.8986089644002585e-08
39000.056 4.97842726969932e-08
39050.056 3.937677975401164e-08
39100.056 4.341767885869839e-08
39150.056 6.220791853599791e-08
39200.056 5.13769540179996e-08
39250.056 5.690497712600173e-08
39300.056 4.951764156480045e-08
39350.056 7.28691545930008e-08
39400.056 5.1847520019495954e-08
39450.056 6.730076214200445e-08
39500.056 7.428356167899847e-08
39550.056 4.477575116760972e-08
39600.056 5.9933458412004e-08
39650.056 8.702335711399839e-08
39700.056 7.676931826300302e-08
39750.056 4.2545889102304246e-08
39800.056 4.463709647800157e-08
39850.056 8.808988138700338e-08
39900.056 9.270915810400224e-08
39950.056 5.9483098623000226e-08
40000.056 8.144823360499912e-08
40050.056 8.182293423199777e-08
40100.056 3.622022310234705e-08
40150.056 7.618387536200368e-08
40200.056 8.634857372899523e-08
40250.056 9.182764512299178e-08
40300.056 9.123547789200654e-08
40350.056 5.6015485086590856e-08
40400.056 7.775185754719769e-08
40450.056 5.039222001299724e-08
40500.056 8.766754845299696e-08
40550.056 9.416522413299259e-08
40600.056 9.303358829099941e-08
40650.056 7.300275691259372e-08
40700.056 1.1478576788799867e-07
40750.056 8.762215429399519e-08
40800.056 6.241964322499207e-08
40850.056 1.1867591083400687e-07
40900.056 1.1500108488199514e-07
40950.056 8.343382409120144e-08
41000.056 8.50892836329986e-08
41050.056 1.239051388969993e-07
41100.056 1.1128591220099223e-07
41150.056 5.578530466799823e-08
41200.056 1.1537456532400942e-07
41250.056 1.0915622872398714e-07
41300.056 1.1401237130300516e-07
41350.056 1.3557299306999993e-07
41400.056 1.1243292264000045e-07
41450.056 1.3358443106200084e-07
41500.056 9.32449954159875e-08
41550.056 8.653869396601137e-08
41600.056 9.154642358270229e-08
41650.056 1.2409934886000544e-07
41700.056 1.387318940799928e-07
41750.056 1.1977437812600011e-07
41800.056 1.299768506400009e-07
41850.056 1.0009492806399488e-07
41900.056 9.483590515798393e-08
41950.056 1.0636842292899986e-07
42000.056 8.35651620939762e-08
42050.056 8.369457747700705e-08
42100.056 1.0666088294099295e-07
42150.056 9.62421331509983e-08
42200.056 9.896575380399369e-08
42250.056 9.018023295200488e-08
42300.056 8.574701502399701e-08
42350.056 1.1410812921800226e-07
42400.056 1.24136175609003e-07
42450.056 1.1455317399600667e-07
42500.056 1.212331499169975e-07
42550.056 1.1021324804199807e-07
42600.056 1.1033947814001511e-07
42650.056 1.4405665389099106e-07
42700.056 9.441514351998849e-08
42750.056 9.559294822001134e-08
42800.056 1.305949237300015e-07
42850.056 1.394253860519895e-07
42900.056 1.377210422940058e-07
42950.056 1.1342409579500041e-07
43000.056 1.2922734293599715e-07
43050.056 7.796424660000558e-08
43100.056 1.2137282171399848e-07
43150.056 1.0952137504400097e-07
43200.056 1.2249360190300395e-07
43250.056 1.6874918934000288e-07
43300.056 1.5025186278999586e-07
43350.056 8.812850515999642e-08
43400.056 1.2590058844700435e-07
43450.056 1.0187740989300347e-07
43500.056 1.013292328340017e-07
43550.056 9.89700593220042e-08
43600.056 1.4384110494000067e-07
43650.056 8.495109074599432e-08
43700.056 1.4238461762001562e-07
43750.056 1.4957175484999546e-07
43800.056 1.2893917409999572e-07
43850.056 1.1928382699101113e-07
43900.056 1.062487107419983e-07
43950.056 8.090354796999638e-08
44000.056 7.353419047499959e-08
44050.056 1.3847868601400916e-07
44100.056 1.8132703044000296e-07
44150.056 1.72142090189995e-07
44200.056 1.589328189700015e-07
44250.056 1.0146258736899589e-07
44300.056 7.129716303700184e-08
44350.056 7.957763094000402e-08
44400.056 8.79472559569979e-08
44450.056 1.2832886443300752e-07
44500.056 1.1363815531500645e-07
44550.056 1.5249275397000036e-07
44600.056 1.2411327670800254e-07
44650.056 1.300606413719924e-07
44700.056 9.280402694999219e-08
44750.056 1.1411676650701019e-07
44800.056 8.891326709500157e-08
44850.056 1.259473185630054e-07
44900.056 1.1298668037799713e-07
44950.056 1.2620513334800657e-07
45000.056 1.4003733756000022e-07
45050.056 1.3351291845599236e-07
45100.056 1.247667500950076e-07
45150.056 1.1749086900499763e-07
45200.056 7.858977244800017e-08
45250.056 9.211828719799444e-08
45300.056 9.188577528400461e-08
45350.056 6.783167135060513e-08
45400.056 1.5544797339000559e-07
45450.056 1.4340868164200808e-07
45500.056 1.5602696759200592e-07
45550.056 1.7283348944998755e-07
45600.056 1.5976672104000415e-07
45650.056 1.3831657536499026e-07
45700.056 8.029392526699377e-08
45750.056 6.977990767500511e-08
45800.056 1.5699104122500435e-07
45850.056 1.402002667890049e-07
45900.056 1.6734801514999675e-07
45950.056 1.4909011110799466e-07
46000.056 1.5969906992300748e-07
46050.056 1.3923573562800498e-07
46100.056 1.6783843480999234e-07
46150.056 1.0884685166800045e-07
46200.056 8.748351277899149e-08
46250.056 3.762827566279818e-08
46300.056 1.0712815765900633e-07
46350.056 1.264150715980061e-07
46400.056 1.2412617881300204e-07
46450.056 1.0263067032199281e-07
46500.056 1.1585465892300782e-07
46550.056 7.793785779599711e-08
46600.056 8.041929193579202e-08
46650.056 1.1810408427900587e-07
46700.056 9.164164641299096e-08
46750.056 4.267648823620575e-08
46800.056 2.9834379266397056e-08
46850.056 1.06228476365013e-07
46900.056 1.3575051044299744e-07
46950.056 1.3201193767599552e-07
47000.056 1.3137138505100519e-07
47050.056 9.254553662598072e-08
47100.056 7.420815755300162e-08
47150.056 1.0697426210201048e-07
47200.056 1.1868764195799662e-07
47250.056 5.54946160504901e-08
47300.056 3.944424580280983e-08
47350.056 1.1993144118300555e-07
47400.056 1.288844853399977e-07
47450.056 9.06014298030068e-08
47500.056 1.4221986840999985e-07
47550.056 1.2186804048000307e-07
47600.056 1.0904693610799214e-07
47650.056 1.1859198197499407e-07
47700.056 9.653262881501195e-08
47750.056 7.362773865999989e-08
47800.056 5.570163971100125e-08
47850.056 2.296801876140324e-08
47900.056 3.864959819959941e-08
47950.056 1.0053649019300686e-07
48000.056 1.2513207455699512e-07
48050.056 1.0174288432799584e-07
48100.056 5.020021671740009e-08
48150.056 8.537751400200394e-08
48200.056 6.535208722019574e-08
48250.056 9.328410358800091e-08
48300.056 1.1683104540000005e-07
48350.056 7.6171735879992e-08
48400.056 1.6991615390925796e-08
48450.056 3.498867863827805e-08
48500.056 6.725187263299015e-08
48550.056 7.717017310311233e-08
48600.056 1.117646689110023e-07
48650.056 1.2971980806999808e-07
48700.056 9.951178809600417e-08
48750.056 6.959551940300268e-08
48800.056 1.0440295340300353e-07
48850.056 5.660465079149216e-08
48900.056 6.554465419159376e-08
48950.056 3.8738990549997594e-08
49000.056 2.282954521080491e-08
49050.056 6.719334915469325e-08
49100.056 8.585992351461136e-08
49150.056 6.966335130399836e-08
49200.056 1.0784516193300649e-07
49250.056 1.1163964715400037e-07
49300.056 9.352589659599507e-08
49350.056 4.489566127240503e-08
49400.056 5.5518976418290096e-08
49450.056 4.655721586151e-08
49500.056 4.011759808505346e-08
49550.056 7.93645421327982e-09
49600.056 2.213668400884786e-08
49650.056 5.995321723500319e-08
49700.056 7.45619954219962e-08
49750.056 6.794821958409467e-08
49800.056 3.948763621745932e-08
49850.056 8.604726005100665e-08
49900.056 9.091978555999921e-08
49950.056 7.83487360289967e-08
50000.056 5.691976925109554e-08
50050.056 6.597223793900629e-08
50100.056 5.733395018299739e-08
50150.056 2.4307184505595713e-08
50200.056 4.013998685989755e-09
50250.056 2.4763332288999735e-08
50300.056 1.7247546080023296e-08
50350.056 6.238252949200525e-08
50400.056 7.274019139099861e-08
50450.056 5.265513428499991e-08
50500.056 8.273673494700499e-08
50550.056 8.85983839940003e-08
50600.056 5.794348515598697e-08
50650.056 8.216626704500879e-08
50700.056 8.551133322599799e-08
50750.056 5.1558245357998415e-08
50800.056 1.6994889304236313e-08
50850.056 8.35095286464388e-09
50900.056 5.3883718587004186e-08
50950.056 5.9501607768996804e-08
51000.056 4.248956217152679e-08
51050.056 6.165673448699174e-08
51100.056 2.6682027774799634e-08
51150.056 2.387853659700929e-08
51200.056 7.544691671100116e-08
51250.056 6.038294085799283e-08
51300.056 3.8044434339903415e-08
51350.056 3.646102658740384e-08
51400.056 1.1765797878542322e-08
51450.056 9.141259935844324e-09
51500.056 7.87128982169693e-09
51550.056 3.3577584822004604e-08
51600.056 3.419891556120295e-08
51650.056 4.598484356199811e-08
51700.056 4.179929487753243e-08
51750.056 3.274228077750614e-08
51800.056 6.027820567399778e-08
51850.056 4.538954108699769e-08
51900.056 5.029554318100169e-08
51950.056 2.767411398799521e-08
52000.056 2.6436728187290105e-09
52050.056 1.4290895305501522e-08
52100.056 7.972011009198327e-09
52150.056 4.591121573179385e-09
52200.056 1.6152133822499277e-08
52250.056 2.9525940133504324e-08
52300.056 3.7469757885997915e-08
52350.056 9.253191166675239e-09
52400.056 1.0475977711240101e-08
52450.056 4.132777636700504e-08
52500.056 3.377110718999536e-08
52550.056 3.913197146999591e-08
52600.056 3.141868162860375e-08
52650.056 3.979964063899976e-08
52700.056 2.2149070979199668e-08
52750.056 8.894857576123106e-09
52800.056 1.6044374670302912e-08
52850.056 2.0529452087495787e-08
52900.056 7.3615789121751116e-09
52950.056 1.3396565754102297e-08
53000.056 2.9514874985000767e-08
53050.056 1.0750958921959222e-08
53100.056 4.034098897600306e-08
53150.056 4.281377689099929e-08
53200.056 1.5485923901098533e-08
53250.056 3.558515014800147e-08
53300.056 3.9190335747007184e-08
53350.056 3.488132445699909e-08
53400.056 2.1981151148997915e-08
53450.056 5.8283418277083005e-09
53500.056 1.274932334349621e-09
53550.056 2.9704314442099724e-09
53600.056 1.3606137780182723e-08
