galfind/configs/Brown_Dwarf_templates/sonora_bobcat/m0.0/3160g/sp_t475g3160nc_m0.0_resample.dat
# %ECSV 1.0
# ---
# datatype:
# - {name: wav, unit: Angstrom, datatype: float64}
# - {name: flux_nu, unit: erg / (cm2 Hz s), datatype: float64}
# meta: {C/O: '1.00', Kzz: '1.0000E+05', Teff: '475.', Y: '0.28', '[Fe/H]': '0.00', f_hole: '1.00', f_rain: '0.00', grav: '3160.'}
# schema: astropy-2.0
wav flux_nu
4000.0559999999996 nan
4050.0559999999996 3.059825129426082e-17
4100.056 2.1286864646500413e-15
4150.056 2.159194707430025e-14
4200.056 3.063003014670024e-14
4250.056 2.421175350300021e-13
4300.056 5.820333961200028e-13
4350.056 1.071429509930004e-12
4400.056 1.7645019467000063e-12
4450.056 2.7121043482000088e-12
4500.056 3.962734629300011e-12
4550.056 4.705449510699989e-12
4600.056 2.521321842099995e-12
4650.056 1.7303225176999928e-12
4700.056 8.727354332399923e-13
4750.056 2.55655232829997e-13
4800.056 8.774314015399933e-14
4850.056 4.337172558399976e-14
4900.056 2.912817422799991e-14
4950.056 2.113136981899993e-14
5000.056 1.3531532077999932e-14
5050.056 9.235561376899989e-15
5100.056 9.048170023200006e-15
5150.056 9.264861876300001e-15
5200.056 9.741233872200005e-15
5250.056 1.0128614869400004e-14
5300.056 1.0518559379000008e-14
5350.056 1.1003657126000005e-14
5400.056 1.1490738026000006e-14
5450.056 1.2123562508000011e-14
5500.056 1.284306108200001e-14
5550.056 1.3581978956000006e-14
5600.056 1.4197400425000004e-14
5650.056 1.4575617075000004e-14
5700.056 1.4439757998e-14
5750.056 1.3982664695999988e-14
5800.056 1.251183893499997e-14
5850.056 8.782956859899905e-15
5900.056 2.9329507039040868e-15
5950.056 1.6928113659600236e-14
6000.056 3.488738858500025e-14
6050.056 6.182092000500044e-14
6100.056 1.012031256760007e-13
6150.056 1.5744976916000094e-13
6200.056 2.367821791400012e-13
6250.056 3.4230628624000164e-13
6300.056 4.946407881500025e-13
6350.056 7.040889501500033e-13
6400.056 9.88071689530005e-13
6450.056 1.3145382076000027e-12
6500.056 1.8019021265000115e-12
6550.056 2.4819093688000046e-12
6600.056 3.3831526294000234e-12
6650.056 4.597570216100022e-12
6700.056 5.744327984100023e-12
6750.056 7.73403933120003e-12
6800.056 9.104451438900017e-12
6850.056 9.15367209199999e-12
6900.056 7.475217687999962e-12
6950.056 5.7322183945e-12
7000.056 5.513302060999972e-12
7050.056 5.5832013854999995e-12
7100.056 6.045222196899997e-12
7150.056 5.437460168299932e-12
7200.056 4.822384298700038e-12
7250.056 4.949421439699867e-12
7300.056 4.759970324400083e-12
7350.056 5.130343658900002e-12
7400.056 5.495814980700014e-12
7450.056 5.976338153700032e-12
7500.056 6.2775212021e-12
7550.056 6.346424316299998e-12
7600.056 6.170620744999991e-12
7650.056 3.251113404779934e-12
7700.056 3.1053923263600627e-12
7750.056 6.909233482100063e-12
7800.056 9.313440757500066e-12
7850.056 1.2947646530000025e-11
7900.056 1.680276775500009e-11
7950.056 1.9183306233000103e-11
8000.056 2.7443443776000154e-11
8050.056 3.4727126021000185e-11
8100.056 3.625848246399976e-11
8150.056 3.6703770301000716e-11
8200.056 5.754242383100084e-11
8250.056 6.697248154550064e-11
8300.056 8.306255173300096e-11
8350.056 1.0208881597300057e-10
8400.056 1.296806748210014e-10
8450.056 1.6956608600000123e-10
8500.056 2.0280673500999987e-10
8550.056 2.5260897220000376e-10
8600.056 3.133269527500023e-10
8650.056 3.7068390093000243e-10
8700.056 4.248567388600026e-10
8750.056 4.90793429500003e-10
8800.056 5.508056628500019e-10
8850.056 5.687713062599962e-10
8900.056 3.7374975631999065e-10
8950.056 3.1850836675000365e-10
9000.056 3.451265796679969e-10
9050.056 7.150395468100059e-10
9100.056 7.908779028900296e-10
9150.056 8.813654059599976e-10
9200.056 1.1158692266400328e-09
9250.056 1.0096038699599547e-09
9300.056 7.990767695243573e-11
9350.056 1.3771679593110046e-10
9400.056 6.161348924050172e-10
9450.056 3.6792802157116646e-10
9500.056 3.492783587253755e-10
9550.056 3.7985800534272106e-10
9600.056 4.701626247291869e-10
9650.056 7.526215259996721e-10
9700.056 1.5439623266069576e-09
9750.056 1.7107945845201195e-09
9800.056 2.1598508078999756e-09
9850.056 2.7548555642999845e-09
9900.056 3.6212416415000814e-09
9950.056 4.116707248100046e-09
10000.056 3.2887296785496016e-09
10050.056 4.141337944699975e-09
10100.056 4.147365540800008e-09
10150.056 3.732434354199969e-09
10200.056 3.204498822200055e-09
10250.056 3.6712097746000376e-09
10300.056 4.392072854599905e-09
10350.056 3.6606438166000684e-09
10400.056 4.4818625582000185e-09
10450.056 5.019423461799908e-09
10500.056 5.403082575900006e-09
10550.056 5.856105945600011e-09
10600.056 5.990705381300005e-09
10650.056 5.907095117499993e-09
10700.056 5.580183332399985e-09
10750.056 5.420803528499973e-09
10800.056 5.176197326600016e-09
10850.056 4.823113753599989e-09
10900.056 4.1585693449999325e-09
10950.056 2.802017082599963e-09
11000.056 1.7417100244398982e-09
11050.056 8.410569187009878e-10
11100.056 3.325283266182705e-10
11150.056 1.2346184239615662e-10
11200.056 1.0665876683689199e-10
11250.056 1.9364461032622256e-10
11300.056 2.74495119552847e-10
11350.056 9.77467769372987e-11
11400.056 4.83349061577068e-10
11450.056 2.3835908583116783e-10
11500.056 2.4951078113954217e-10
11550.056 9.529200577770548e-11
11600.056 6.838019216015604e-11
11650.056 2.0168799398392043e-10
11700.056 2.7253465921896734e-10
11750.056 1.4280593202001128e-10
11800.056 5.318079018999967e-10
11850.056 7.329305615300053e-10
11900.056 8.926984542999966e-10
11950.056 1.1388282101400214e-09
12000.056 1.4518047594700339e-09
12050.056 1.8805957762000304e-09
12100.056 2.163580630300008e-09
12150.056 2.6912361571999926e-09
12200.056 3.0200115133000103e-09
12250.056 3.7152923101999846e-09
12300.056 4.805998495300096e-09
12350.056 5.459826082500045e-09
12400.056 6.785695135000032e-09
12450.056 8.318149191300077e-09
12500.056 9.43612891140005e-09
12550.056 1.0576059751700106e-08
12600.056 1.2452905544500129e-08
12650.056 1.4245504895000077e-08
12700.056 1.499713652199996e-08
12750.056 1.3239982548e-08
12800.056 1.1191116514199872e-08
12850.056 8.548186523399854e-09
12900.056 7.221262167499914e-09
12950.056 6.370144594800092e-09
13000.056 6.620609009700207e-09
13050.056 5.0804019278999415e-09
13100.056 5.3054105532996974e-09
13150.056 3.61689329563024e-09
13200.056 3.6367546692798286e-09
13250.056 2.7816217945639455e-09
13300.056 1.1430810994713568e-09
13350.056 4.118018482861114e-10
13400.056 5.884400375268915e-11
13450.056 1.3472067662330737e-11
13500.056 4.0504335510698626e-12
13550.056 1.0061894584691096e-12
13600.056 3.5557961821955076e-13
13650.056 2.2309954094282323e-12
13700.056 1.2600865248798536e-12
13750.056 6.3130214619359785e-12
13800.056 7.002452707200818e-12
13850.056 1.7543992075098631e-12
13900.056 3.337271896447539e-12
13950.056 3.1485158595943286e-12
14000.056 5.832197910211192e-12
14050.056 6.9229374671210454e-12
14100.056 5.721475682139283e-12
14150.056 1.3263762322279086e-11
14200.056 9.29753800175024e-12
14250.056 1.3086581230942247e-11
14300.056 4.5794070922654867e-11
14350.056 3.921562639146158e-11
14400.056 3.8278195807062935e-11
14450.056 8.281450230108813e-11
14500.056 1.809702475985447e-10
14550.056 2.1860177576484335e-10
14600.056 4.284173243998401e-10
14650.056 2.071742710513322e-10
14700.056 9.47273848283981e-11
14750.056 7.641099883805386e-11
14800.056 7.647238780568257e-11
14850.056 8.422876216910635e-11
14900.056 8.444794917614995e-11
14950.056 8.493124605764755e-11
15000.056 2.0209473709423488e-10
15050.056 2.5178058266350046e-10
15100.056 1.3536373895231788e-10
15150.056 7.484656024125522e-11
15200.056 1.9385985618834906e-10
15250.056 3.5527521777214887e-10
15300.056 4.790725013848898e-10
15350.056 5.889635660880217e-10
15400.056 7.752351437750605e-10
15450.056 1.0006332724190777e-09
15500.056 1.3789731049399307e-09
15550.056 2.0027500508401508e-09
15600.056 2.965226041549925e-09
15650.056 4.373739391800252e-09
15700.056 6.06243849140006e-09
15750.056 7.0965777431000845e-09
15800.056 8.24407264020002e-09
15850.056 9.33636127340016e-09
15900.056 9.726614067599993e-09
15950.056 1.0007989808399976e-08
16000.056 9.074725440699924e-09
16050.056 7.139607450899838e-09
16100.056 4.998992748599942e-09
16150.056 3.0659589604797908e-09
16200.056 1.5530923249700364e-09
16250.056 9.886085623650109e-10
16300.056 6.542003589623115e-10
16350.056 6.863520376571279e-10
16400.056 7.673392178955612e-10
16450.056 8.579451448747865e-10
16500.056 8.526955901436672e-10
16550.056 9.256049406794154e-10
16600.056 1.5210897293979498e-09
16650.056 8.159125525514651e-10
16700.056 2.2901436525870857e-10
16750.056 7.080689225091935e-10
16800.056 9.391949536736022e-10
16850.056 8.929131171931012e-10
16900.056 5.791194614822617e-10
16950.056 4.298802096828039e-10
17000.056 2.921901331980296e-10
17050.056 4.790067638320482e-10
17100.056 6.952232344446043e-10
17150.056 5.33827953128057e-10
17200.056 1.1191179552280051e-09
17250.056 6.164281301128566e-10
17300.056 5.160431401719807e-10
17350.056 5.633842963989892e-10
17400.056 7.427461131180266e-10
17450.056 8.437218879679871e-10
17500.056 1.011580312260093e-09
17550.056 7.808414491519553e-10
17600.056 7.2552376333005e-10
17650.056 5.424316540069973e-10
17700.056 4.5083826518998725e-10
17750.056 3.166732977290241e-10
17800.056 4.5144775298993235e-10
17850.056 2.431879708188589e-10
17900.056 1.9825158220598876e-10
17950.056 1.0982684234771699e-10
18000.056 1.8379908028804286e-10
18050.056 7.238874332695726e-11
18100.056 8.378742899391323e-11
18150.056 6.643357452621669e-11
18200.056 4.215383277291107e-11
18250.056 1.4815802029989857e-10
18300.056 2.6453416522808844e-11
18350.056 2.5499215212840614e-11
18400.056 1.5225038402466288e-11
18450.056 8.851046683547438e-11
18500.056 8.031041891588943e-11
18550.056 3.4918429543191154e-11
18600.056 5.3180042392375155e-11
18650.056 3.4446476221888837e-11
18700.056 6.12943197778008e-12
18750.056 1.686777308497439e-11
18800.056 1.532017444143645e-10
18850.056 1.3699518668513314e-10
18900.056 1.262544835786504e-10
18950.056 2.099451827714612e-10
19000.056 4.617343190670683e-11
19050.056 2.1644337293394913e-11
19100.056 6.894501303419795e-11
19150.056 2.791053204175302e-11
19200.056 5.8035774838788655e-11
19250.056 3.902440554212075e-11
19300.056 2.392930610420836e-11
19350.056 2.6477900518743565e-11
19400.056 1.7327561040280598e-11
19450.056 2.696212380761954e-11
19500.056 3.0748570253247896e-11
19550.056 4.064929783381843e-11
19600.056 7.47359776302457e-11
19650.056 7.121970543805272e-11
19700.056 9.704648770698042e-11
19750.056 1.292511861937518e-10
19800.056 8.53324703540693e-11
19850.056 1.2195282756431002e-10
19900.056 1.6629877439058426e-10
19950.056 1.9776968704181345e-10
20000.056 2.1677871459961337e-10
20050.056 1.9568679282457363e-10
20100.056 2.9156825191797523e-10
20150.056 2.0935407733582336e-10
20200.056 1.6350119352059616e-10
20250.056 2.755625138295848e-10
20300.056 2.9778002888520994e-10
20350.056 3.156433786839634e-10
20400.056 3.2402678432799735e-10
20450.056 4.662986332850594e-10
20500.056 5.050730738899885e-10
20550.056 5.355232701999986e-10
20600.056 5.67456646700029e-10
20650.056 6.132098758599851e-10
20700.056 6.398687053299991e-10
20750.056 6.510502423899951e-10
20800.056 6.399811520999766e-10
20850.056 6.708532516000033e-10
20900.056 6.726728182899956e-10
20950.056 6.590801793800039e-10
21000.056 6.47144309260001e-10
21050.056 6.564864397399959e-10
21100.056 6.459574791400007e-10
21150.056 6.44940084239994e-10
21200.056 6.352400265100056e-10
21250.056 6.242556792999813e-10
21300.056 5.983364942000027e-10
21350.056 5.816751735399865e-10
21400.056 5.96691727380028e-10
21450.056 5.346525238700137e-10
21500.056 5.025143458730053e-10
21550.056 4.831385824029875e-10
21600.056 4.4973340357159663e-10
21650.056 3.971210691073786e-10
21700.056 3.9638876474897865e-10
21750.056 3.554953045287633e-10
21800.056 2.7546302675496136e-10
21850.056 2.4757914738018735e-10
21900.056 1.9329064230751727e-10
21950.056 1.1045371896261155e-10
22000.056 1.9901773898095934e-11
22050.056 3.278310356452188e-11
22100.056 9.0703806377209e-11
22150.056 6.522630162852834e-11
22200.056 6.656016860368517e-11
22250.056 5.758900054054372e-11
22300.056 2.978120458568197e-11
22350.056 4.081702639062659e-11
22400.056 1.752947229378739e-11
22450.056 2.6361980538761166e-11
22500.056 2.0019801707058046e-11
22550.056 1.1745002687660076e-11
22600.056 9.623944769916584e-12
22650.056 1.3685954267008981e-11
22700.056 1.480082042183869e-11
22750.056 2.083183596500018e-11
22800.056 2.6050463615997117e-11
22850.056 1.6549040683884172e-11
22900.056 1.4639583611548016e-11
22950.056 1.1245956964319166e-11
23000.056 1.3055826050796023e-11
23050.056 1.512902609017071e-11
23100.056 8.35162926919184e-11
23150.056 6.66532732417939e-11
23200.056 4.222106379036141e-12
23250.056 2.091809742986943e-11
23300.056 1.594780004682852e-11
23350.056 1.8860021074827617e-11
23400.056 1.2599215491662061e-11
23450.056 9.032967521379072e-12
23500.056 9.215619536973884e-12
23550.056 2.1904887339541764e-11
23600.056 4.5717844720555346e-11
23650.056 5.617924549706083e-11
23700.056 9.078559738001126e-12
23750.056 1.255502853220122e-11
23800.056 6.323908974914853e-11
23850.056 3.487363648707014e-11
23900.056 7.468183016111863e-11
23950.056 3.718466244902078e-11
24000.056 8.950988867844561e-11
24050.056 8.603410899021767e-11
24100.056 1.0582882860028973e-10
24150.056 1.5090267879904099e-10
24200.056 1.202332632315771e-10
24250.056 1.0287625051481357e-10
24300.056 1.9718169729937484e-10
24350.056 1.4345338406443095e-10
24400.056 2.92330626709001e-10
24450.056 2.8409491476463007e-10
24500.056 2.442980013907558e-10
24550.056 4.1150625968002663e-10
24600.056 4.480683965929669e-10
24650.056 5.5210595238398e-10
24700.056 4.0578078088353785e-10
24750.056 4.769336637584617e-10
24800.056 4.190566597625998e-10
24850.056 5.973066532802539e-10
24900.056 2.399182981250692e-10
24950.056 4.6105745709658976e-10
25000.056 4.847079768219919e-10
25050.056 2.1904089504466414e-10
25100.056 4.055798117216887e-10
25150.056 1.7751637049947893e-10
25200.056 2.62454550869881e-10
25250.056 8.318547436995693e-11
25300.056 1.2262634063316938e-10
25350.056 4.610741827965026e-11
25400.056 1.379072632464104e-10
25450.056 3.7679106314339865e-11
25500.056 3.0806262388280404e-11
25550.056 9.994221290864028e-11
25600.056 5.204611369658563e-11
25650.056 1.6155998173293765e-11
25700.056 1.5995835759962823e-11
25750.056 3.928418702554093e-12
25800.056 2.6952193827550592e-11
25850.056 4.338215876183919e-12
25900.056 7.628821005041692e-12
25950.056 1.1439427000531114e-12
26000.056 2.4443454822080484e-11
26050.056 1.9065452061801093e-12
26100.056 1.457582609617405e-11
26150.056 4.8674761594475985e-12
26200.056 7.113820092994709e-12
26250.056 6.617902407375351e-11
26300.056 8.504915211295752e-12
26350.056 1.6147186255528874e-10
26400.056 2.2774542686659833e-10
26450.056 9.855339228460827e-11
26500.056 2.829932368017106e-10
26550.056 2.348631563221952e-11
26600.056 2.2570808433602123e-11
26650.056 2.5848826443290223e-12
26700.056 1.520423426023121e-12
26750.056 2.37110918790049e-12
26800.056 1.0349228809618076e-11
26850.056 5.279294172448355e-12
26900.056 3.162740636012024e-11
26950.056 9.768289261242163e-12
27000.056 6.250206918148709e-11
27050.056 8.929418218909985e-11
27100.056 5.5161739913626025e-12
27150.056 9.934914508412881e-11
27200.056 4.961318588503876e-12
27250.056 2.3063671782117314e-11
27300.056 2.842343021063389e-10
27350.056 6.336158247826193e-11
27400.056 2.5709464470622095e-12
27450.056 9.077024609714962e-11
27500.056 1.3420723063556245e-10
27550.056 1.286446369560146e-11
27600.056 4.9394548385918154e-11
27650.056 9.683809380725129e-12
27700.056 9.834228990028396e-12
27750.056 8.350316524237664e-11
27800.056 2.393040236116377e-11
27850.056 4.5495662891590195e-11
27900.056 6.28721911768421e-11
27950.056 1.4580202957906609e-10
28000.056 1.2415657735945965e-10
28050.056 1.2505012738493936e-11
28100.056 1.817465407586368e-10
28150.056 1.1068072831346624e-10
28200.056 2.4750491271213957e-11
28250.056 2.50363777276722e-10
28300.056 2.54776727508369e-10
28350.056 3.0841888668786005e-11
28400.056 1.6213443232951263e-10
28450.056 3.2441004273071546e-10
28500.056 1.5450551512678623e-10
28550.056 3.054724129777068e-11
28600.056 2.8812991185877247e-10
28650.056 1.4975400840626724e-10
28700.056 2.538287878633669e-10
28750.056 5.831210070771146e-10
28800.056 2.011126916074677e-10
28850.056 4.835618376712961e-10
28900.056 2.3229067876324573e-10
