galfind/configs/Brown_Dwarf_templates/sonora_bobcat/m0.0/3160g/sp_t525g3160nc_m0.0_resample.dat
# %ECSV 1.0
# ---
# datatype:
# - {name: wav, unit: Angstrom, datatype: float64}
# - {name: flux_nu, unit: erg / (cm2 Hz s), datatype: float64}
# meta: {C/O: '1.00', Kzz: '1.0000E+05', Teff: '525.', Y: '0.28', '[Fe/H]': '0.00', f_hole: '1.00', f_rain: '0.00', grav: '3160.'}
# schema: astropy-2.0
wav flux_nu
[from data line 499]
28950.056 8.41647426529471e-10
29000.056 6.765963119057817e-10
29050.056 1.0820867585779016e-09
29100.056 4.634575588098255e-10
29150.056 9.858616221539602e-10
29200.056 1.3002079114842499e-09
29250.056 1.5264699975416817e-09
29300.056 8.627619112173008e-10
29350.056 2.8601533560427357e-09
29400.056 9.809391064169223e-10
29450.056 7.241751774947916e-10
29500.056 2.4284902460078463e-09
29550.056 1.0432861929185496e-09
29600.056 1.4131308309967181e-09
29650.056 3.340352500830644e-09
29700.056 8.551479143762464e-10
29750.056 2.301768815349927e-09
29800.056 1.7798979311270703e-09
29850.056 3.536077607406852e-09
29900.056 1.9740622771188418e-09
29950.056 1.7179579032254352e-09
30000.056 5.295762317650218e-11
30050.056 3.025374464603187e-10
30100.056 1.0190428724163885e-09
30150.056 2.785872742983196e-09
30200.056 2.067339507634358e-09
30250.056 4.3532428039092024e-09
30300.056 4.214826140019743e-09
30350.056 1.5605157102010694e-09
30400.056 5.000454980030914e-09
30450.056 3.4041338123325763e-09
30500.056 2.65550259352687e-09
30550.056 2.1147535962541708e-09
30600.056 9.751317100100287e-09
30650.056 5.0184285391203945e-09
30700.056 2.9638661998408286e-09
30750.056 5.306092678078501e-09
30800.056 4.643211600400752e-09
30850.056 5.098597872511719e-09
30900.056 2.907156228317179e-09
30950.056 2.484797755120094e-09
31000.056 3.0924211902244795e-09
31050.056 2.8152361636295785e-09
31100.056 1.28589055369423e-09
31150.056 2.559067479381897e-09
31200.056 6.009429306699985e-09
31250.056 2.4174074432798352e-09
31300.056 1.8115270711404004e-09
31350.056 3.623829671409571e-09
31400.056 2.2317268061361692e-09
31450.056 2.7607722139957947e-09
31500.056 9.760779307244172e-10
31550.056 1.9087887880265813e-09
31600.056 1.2620406872059033e-09
31650.056 9.673521532810303e-10
31700.056 1.049913353410231e-09
31750.056 4.263023102306421e-10
31800.056 9.836582052070655e-10
31850.056 2.3069483375981285e-10
31900.056 5.688714441063705e-10
31950.056 2.6536713734125003e-10
32000.056 2.9323312337595313e-10
32050.056 2.9552484735161374e-10
32100.056 2.247066437022766e-10
32150.056 2.9160203252348496e-10
32200.056 1.4826251641416945e-10
32250.056 3.4829243406221023e-10
32300.056 1.1436204679229003e-10
32350.056 3.9327350375365996e-10
32400.056 8.030235111343747e-11
32450.056 3.150099188404968e-10
32500.056 1.0344786936751918e-10
32550.056 3.252006657450016e-10
32600.056 1.2577539813121692e-10
32650.056 5.1505571549592e-10
32700.056 1.8125502610923144e-10
32750.056 1.0566850071063304e-09
32800.056 7.398513656324446e-10
32850.056 1.8510048423103655e-09
32900.056 1.688397750161334e-09
32950.056 1.8237644364850193e-09
33000.056 6.664396294829598e-10
33050.056 7.808591725651218e-10
33100.056 1.759782643488879e-10
33150.056 4.349307319426337e-13
33200.056 7.658088952400326e-12
33250.056 1.4334888863114193e-11
33300.056 9.249377716551646e-11
33350.056 2.6007293028506064e-10
33400.056 7.756819758420107e-10
33450.056 4.1253528982715716e-10
33500.056 1.5679484011903196e-09
33550.056 3.860471734079516e-10
33600.056 8.515458460859809e-10
33650.056 9.23110992599911e-10
33700.056 2.8933946142925325e-10
33750.056 1.2088493822103943e-09
33800.056 1.3488517181438082e-10
33850.056 5.76281136935339e-10
33900.056 5.547727984668542e-10
33950.056 4.819373556756997e-10
34000.056 1.034026152214907e-09
34050.056 1.8249265973145604e-10
34100.056 9.414275482350918e-10
34150.056 3.0916299068319424e-10
34200.056 9.197665927105722e-10
34250.056 6.348245453051048e-10
34300.056 5.235026306028786e-10
34350.056 1.4945884831147548e-09
34400.056 3.563384972435013e-10
34450.056 1.4124557679146027e-09
34500.056 7.599083660231892e-10
34550.056 6.119799220566186e-10
34600.056 2.7124400488700227e-09
34650.056 3.6577458548960414e-10
34700.056 2.0441512774826166e-09
34750.056 1.116603191934371e-09
34800.056 7.807712818986321e-10
34850.056 3.0220950336180815e-09
34900.056 6.379365436810406e-10
34950.056 2.8449859442498516e-09
35000.056 3.969422020186668e-09
35050.056 1.8601715274064122e-09
35100.056 5.414511372573072e-09
35150.056 4.227372757737468e-09
35200.056 3.6276865848130716e-09
35250.056 6.7898973473554766e-09
35300.056 1.7290947661088314e-09
35350.056 3.133273659441654e-09
35400.056 2.4920580823969017e-09
35450.056 1.9195171752112958e-09
35500.056 6.760986918265607e-09
35550.056 3.896458671031474e-09
35600.056 5.566467987861436e-09
35650.056 5.921117554751949e-09
35700.056 5.296109152551797e-09
35750.056 9.763260192426078e-09
35800.056 6.083817862989682e-09
35850.056 3.4338193203823972e-09
35900.056 5.828041749652319e-09
35950.056 8.041359251519217e-09
36000.056 8.17190920700125e-09
36050.056 6.41900646872821e-09
36100.056 5.602497895118771e-09
36150.056 1.2631520210299553e-08
36200.056 1.3621125437198766e-08
36250.056 8.289454179539987e-09
36300.056 1.7526145825077172e-08
36350.056 1.3192620967831005e-08
36400.056 1.761001853479704e-08
36450.056 1.2755689676915625e-08
36500.056 1.4770869519023108e-08
36550.056 2.477948479810136e-08
36600.056 2.863529329999676e-08
36650.056 1.722893678546209e-08
36700.056 1.798080393769811e-08
36750.056 2.81183177220038e-08
36800.056 2.9298890913798163e-08
36850.056 1.8526841766717386e-08
36900.056 2.213385860444343e-08
36950.056 3.205628298199425e-08
37000.056 2.3804535582399388e-08
37050.056 3.0698304429858685e-08
37100.056 1.702813799553552e-08
37150.056 2.511429326548144e-08
37200.056 4.104259412799781e-08
37250.056 2.1690951295915145e-08
37300.056 1.7066383105108764e-08
37350.056 3.047979208050455e-08
37400.056 4.298066126219869e-08
37450.056 2.137862299533827e-08
37500.056 2.4405020936798808e-08
37550.056 4.804837821900846e-08
37600.056 6.215659094900184e-08
37650.056 2.3203781755003152e-08
37700.056 3.9965953793403735e-08
37750.056 2.9656840708002184e-08
37800.056 3.5808879159004295e-08
37850.056 2.1346574364199778e-08
37900.056 2.5847592197199947e-08
37950.056 3.606673029609965e-08
38000.056 3.4163654310798355e-08
38050.056 4.202788313880507e-08
38100.056 5.657658164700049e-08
38150.056 5.981884722299605e-08
38200.056 4.537447614570119e-08
38250.056 5.254348783090395e-08
38300.056 8.044941739399045e-08
38350.056 7.186392097800987e-08
38400.056 3.883846563718752e-08
38450.056 2.5111807520194122e-08
38500.056 2.2102943377304286e-08
38550.056 4.929442267300412e-08
38600.056 5.079168176599396e-08
38650.056 5.258828111299744e-08
38700.056 5.545281233199646e-08
38750.056 5.1144577303997914e-08
38800.056 5.048590966399922e-08
38850.056 5.739270936300238e-08
38900.056 6.425763468599208e-08
38950.056 4.868118069000285e-08
39000.056 6.053219594299162e-08
39050.056 4.991576605901445e-08
39100.056 5.415210486336792e-08
39150.056 7.540860156899742e-08
39200.056 6.236981577499935e-08
39250.056 6.977583029400219e-08
39300.056 6.127607621800026e-08
39350.056 8.70786789160009e-08
39400.056 6.360646463969581e-08
39450.056 8.101228481620505e-08
39500.056 8.879957313499852e-08
39550.056 5.565840393191225e-08
39600.056 7.322252582400414e-08
39650.056 1.03227709072998e-07
39700.056 9.135660132000395e-08
39750.056 5.313681885170614e-08
39800.056 5.638655431050179e-08
39850.056 1.0507668227300361e-07
39900.056 1.0969255179700285e-07
39950.056 7.279735580199998e-08
40000.056 9.788180887599873e-08
40050.056 9.800022835799772e-08
40100.056 4.622901155992832e-08
40150.056 9.208907721600435e-08
40200.056 1.029396151079941e-07
40250.056 1.0876486447698999e-07
40300.056 1.0836065228400787e-07
40350.056 6.923858994198909e-08
40400.056 9.496228914559742e-08
40450.056 6.297894405199647e-08
40500.056 1.048525074499961e-07
40550.056 1.1237952921899097e-07
40600.056 1.1009578145199955e-07
40650.056 8.830850682779214e-08
40700.056 1.3628860613199803e-07
40750.056 1.0446907572399398e-07
40800.056 7.617446410698982e-08
40850.056 1.397311291700081e-07
40900.056 1.3498058525399414e-07
40950.056 1.0039258685020209e-07
41000.056 1.019978623829981e-07
41050.056 1.4495435661999843e-07
41100.056 1.3101044351299108e-07
41150.056 6.89787902989979e-08
41200.056 1.3604080517801049e-07
41250.056 1.2824726830598527e-07
41300.056 1.322878139560054e-07
41350.056 1.5695100205999984e-07
41400.056 1.3120682100400115e-07
41450.056 1.553365797560007e-07
41500.056 1.1066409979098522e-07
41550.056 1.027010469260137e-07
41600.056 1.086709191399033e-07
41650.056 1.4410208995400615e-07
41700.056 1.5810868195999107e-07
41750.056 1.3811141805299953e-07
41800.056 1.501735989900016e-07
41850.056 1.1570035895499402e-07
41900.056 1.1185143733598095e-07
41950.056 1.260412978710003e-07
42000.056 1.0153764313097162e-07
42050.056 9.985816999200827e-08
42100.056 1.2668080499699113e-07
42150.056 1.1190659796799811e-07
42200.056 1.1461811653899225e-07
42250.056 1.0635992212700551e-07
42300.056 1.0129409381499663e-07
42350.056 1.3220313617400278e-07
42400.056 1.4288571549200353e-07
42450.056 1.2974834811800812e-07
42500.056 1.3708435596199703e-07
42550.056 1.2470274499999767e-07
42600.056 1.2740133184801813e-07
42650.056 1.6565166665998945e-07
42700.056 1.1044734737498582e-07
42750.056 1.0872866313801331e-07
42800.056 1.473726530100018e-07
42850.056 1.5819367462898713e-07
42900.056 1.5716798749000724e-07
42950.056 1.290362599419997e-07
43000.056 1.4741542813999686e-07
43050.056 8.903725824700777e-08
43100.056 1.387858692099975e-07
43150.056 1.2397793299000125e-07
43200.056 1.3840312466000458e-07
43250.056 1.9126405961000358e-07
43300.056 1.712222631099957e-07
43350.056 9.973316327099504e-08
43400.056 1.4295155909200534e-07
43450.056 1.155918279530046e-07
43500.056 1.1664979151100195e-07
43550.056 1.1371269310700472e-07
43600.056 1.634934327000012e-07
43650.056 9.71381014099938e-08
43700.056 1.6346635021401774e-07
43750.056 1.686827979099948e-07
43800.056 1.4637973302899473e-07
43850.056 1.3544653036801331e-07
43900.056 1.2199721620599766e-07
43950.056 9.286102288399569e-08
44000.056 8.389465543299953e-08
44050.056 1.571949649390102e-07
44100.056 2.0554843472000362e-07
44150.056 1.9607017073999418e-07
44200.056 1.7996424772000189e-07
44250.056 1.1485253171299547e-07
44300.056 8.184913004900284e-08
44350.056 9.225146780300498e-08
44400.056 1.0045808697599737e-07
44450.056 1.465006569110084e-07
44500.056 1.2948362420300855e-07
44550.056 1.7440883785000005e-07
44600.056 1.4303777640600322e-07
44650.056 1.4817178395599123e-07
44700.056 1.0565752714399094e-07
44750.056 1.3000370905501247e-07
44800.056 1.0251825901900241e-07
44850.056 1.4519124147500622e-07
44900.056 1.283361828909967e-07
44950.056 1.4271955577400777e-07
45000.056 1.5837794512000046e-07
45050.056 1.5186659939399125e-07
45100.056 1.4237012758700877e-07
45150.056 1.3449974887299727e-07
45200.056 9.117870779100057e-08
45250.056 1.0623099233599287e-07
45300.056 1.0591908441700607e-07
45350.056 7.950003887860562e-08
45400.056 1.7733241147000685e-07
45450.056 1.6400410318100935e-07
45500.056 1.774412444350069e-07
45550.056 1.9709710883998524e-07
45600.056 1.8262687929000518e-07
45650.056 1.580873937169888e-07
45700.056 9.327772248279336e-08
45750.056 8.131264814600559e-08
45800.056 1.809078107500053e-07
45850.056 1.6203635607100535e-07
45900.056 1.905437491599961e-07
45950.056 1.6756392566999387e-07
46000.056 1.8202676446500953e-07
46050.056 1.5814837560000527e-07
46100.056 1.9219714006999127e-07
46150.056 1.2484396925400056e-07
46200.056 1.0204885106599049e-07
46250.056 4.501807255349753e-08
46300.056 1.242132252120069e-07
46350.056 1.4515667283500736e-07
46400.056 1.417873073550026e-07
46450.056 1.179204557079917e-07
46500.056 1.3209783476201006e-07
46550.056 8.981265401499735e-08
46600.056 9.466498131259023e-08
46650.056 1.3767384323800703e-07
46700.056 1.0692495995398929e-07
46750.056 5.135291888700704e-08
46800.056 3.644754202339673e-08
46850.056 1.257443464830149e-07
46900.056 1.5639180838999653e-07
46950.056 1.5092084988999442e-07
47000.056 1.495680100210065e-07
47050.056 1.07143181522977e-07
47100.056 8.52988969480019e-08
47150.056 1.2323256021801235e-07
47200.056 1.3745681545999607e-07
47250.056 6.613404999598871e-08
47300.056 4.701031304771122e-08
47350.056 1.3998487477000622e-07
47400.056 1.4803177237999706e-07
47450.056 1.0589083725400858e-07
47500.056 1.6326315651999896e-07
47550.056 1.388011150780038e-07
47600.056 1.2707525390799082e-07
47650.056 1.3698713989999295e-07
47700.056 1.1158030836101455e-07
47750.056 8.517994568199986e-08
47800.056 6.643723552000225e-08
47850.056 2.8580651354703826e-08
47900.056 4.7034380403098994e-08
47950.056 1.178909889340077e-07
48000.056 1.461415665529948e-07
48050.056 1.1979819641199457e-07
48100.056 5.918830377000032e-08
48150.056 9.889102875500448e-08
48200.056 7.711934300539527e-08
48250.056 1.0808491241100086e-07
48300.056 1.3707000405000026e-07
48350.056 9.052926514899091e-08
48400.056 2.138345694947488e-08
48450.056 4.372022729101991e-08
48500.056 8.115331448498772e-08
48550.056 9.1972519666414e-08
48600.056 1.2815761602200262e-07
48650.056 1.4913995156999772e-07
48700.056 1.1416144036400504e-07
48750.056 7.844599044600386e-08
48800.056 1.2068848204400466e-07
48850.056 6.70794274379906e-08
48900.056 7.995168979159257e-08
48950.056 4.8368539265397084e-08
49000.056 2.8327762863325862e-08
49050.056 8.112517353999176e-08
49100.056 1.0162700280951323e-07
49150.056 8.16319432556981e-08
49200.056 1.2475395744000766e-07
49250.056 1.2813519259000073e-07
49300.056 1.079894523549945e-07
49350.056 5.2856021564206373e-08
49400.056 6.642360872308816e-08
49450.056 5.677993329481226e-08
49500.056 4.9223559486292196e-08
49550.056 1.0357306660759773e-08
49600.056 2.8296446866004795e-08
49650.056 7.128072580200306e-08
49700.056 8.669883459699463e-08
49750.056 8.162977935669369e-08
49800.056 4.8606782514639064e-08
49850.056 1.015476111870078e-07
49900.056 1.0539861624099902e-07
49950.056 9.052110454699628e-08
50000.056 6.820916553689532e-08
50050.056 7.956357163300673e-08
50100.056 6.892966284599695e-08
50150.056 3.052004326709479e-08
50200.056 5.424127686216322e-09
50250.056 3.20548422399996e-08
50300.056 2.2157916252984083e-08
50350.056 7.53154233780063e-08
50400.056 8.526211000799812e-08
50450.056 6.103195519600003e-08
50500.056 9.640890248100577e-08
50550.056 1.0226135878700045e-07
50600.056 6.720942697898464e-08
50650.056 9.559932797501084e-08
50700.056 1.0091963121499781e-07
50750.056 6.177914576499862e-08
50800.056 2.1526033446235513e-08
50850.056 1.1091548516905048e-08
50900.056 6.65985392750046e-08
50950.056 7.135153947499663e-08
51000.056 5.2209835885007935e-08
51050.056 7.351451644799007e-08
51100.056 3.1987211522699305e-08
51150.056 3.000728700878645e-08
51200.056 9.039730698100084e-08
51250.056 7.113742818099125e-08
51300.056 4.548995076540451e-08
51350.056 4.519096304955254e-08
51400.056 1.5591672214192996e-08
51450.056 1.2006227676882525e-08
51500.056 1.0277837221515784e-08
51550.056 4.18043370370056e-08
51600.056 4.071016298020361e-08
51650.056 5.3899248332997495e-08
51700.056 5.0587222332091006e-08
51750.056 3.923689075080716e-08
51800.056 7.117592404499676e-08
51850.056 5.3864342059797404e-08
51900.056 6.205123583800233e-08
51950.056 3.543132758499416e-08
52000.056 3.6491576000986635e-09
52050.056 1.8431347823102026e-08
52100.056 1.0627288197497892e-08
52150.056 6.267182563575743e-09
52200.056 2.023994188339902e-08
52250.056 3.6229988205505384e-08
52300.056 4.7307724341997587e-08
52350.056 1.2492010242173066e-08
52400.056 1.3872953696390086e-08
52450.056 5.1194902796006225e-08
52500.056 4.233786858462366e-08
52550.056 4.733984964999515e-08
52600.056 3.7652698241304377e-08
52650.056 4.723513831300011e-08
52700.056 2.6973882847699813e-08
52750.056 1.1508169868692417e-08
52800.056 2.0004537123303563e-08
52850.056 2.5559340213994662e-08
52900.056 9.956086015448279e-09
52950.056 1.74956321502028e-08
53000.056 3.6557657163001004e-08
53050.056 1.3673478716978793e-08
53100.056 4.8677435611003414e-08
53150.056 5.168902641899945e-08
53200.056 1.868940631319809e-08
53250.056 4.318039681500204e-08
53300.056 4.820217313820956e-08
53350.056 4.283638468499894e-08
53400.056 2.7722904432997504e-08
53450.056 7.759018504747813e-09
53500.056 1.8474486476494367e-09
