galfind/configs/Brown_Dwarf_templates/sonora_bobcat/m0.0/3160g/sp_t600g3160nc_m0.0_resample.dat
# %ECSV 1.0
# ---
# datatype:
# - {name: wav, unit: Angstrom, datatype: float64}
# - {name: flux_nu, unit: erg / (cm2 Hz s), datatype: float64}
# meta: {C/O: '1.00', Kzz: '1.0000E+05', Teff: '600.', Y: '0.28', '[Fe/H]': '0.00', f_hole: '1.00', f_rain: '0.00', grav: '3160.'}
# schema: astropy-2.0
wav flux_nu
[from data line 499]
28950.056 2.6127594613684376e-09
29000.056 2.218256815127212e-09
29050.056 3.1775879519685457e-09
29100.056 1.6053364976663168e-09
29150.056 3.2902396498432847e-09
29200.056 3.3249374380108317e-09
29250.056 4.38175550964996e-09
29300.056 2.36222269291362e-09
29350.056 7.747233447938504e-09
29400.056 2.8079803411079914e-09
29450.056 2.5694917325476642e-09
29500.056 6.008765597326901e-09
29550.056 3.134313372452727e-09
29600.056 4.169039248118525e-09
29650.056 7.79972823562649e-09
29700.056 2.8100641928825916e-09
29750.056 6.130080446797027e-09
29800.056 5.1948232753900494e-09
29850.056 8.371444777460154e-09
29900.056 5.638478361809611e-09
29950.056 4.9738747168225865e-09
30000.056 2.4754091704479006e-10
30050.056 9.972374268138398e-10
30100.056 2.665350533511175e-09
30150.056 6.689704838463138e-09
30200.056 5.381109839458855e-09
30250.056 1.0813615402040398e-08
30300.056 1.0122448244559566e-08
30350.056 4.8652568937081334e-09
30400.056 1.2046020545297978e-08
30450.056 7.899950168900355e-09
30500.056 7.10457280283338e-09
30550.056 5.880397987454523e-09
30600.056 1.8739297452201097e-08
30650.056 1.0470127753960763e-08
30700.056 7.146909890347819e-09
30750.056 1.1448009399708908e-08
30800.056 9.624537517361042e-09
30850.056 1.0301804398281023e-08
30900.056 6.436526551379524e-09
30950.056 5.70757466305047e-09
31000.056 6.666773312431074e-09
31050.056 6.847302436279096e-09
31100.056 3.371007533950608e-09
31150.056 6.099016903339699e-09
31200.056 1.1800803570000455e-08
31250.056 5.481894378111769e-09
31300.056 4.462339096331507e-09
31350.056 7.148114189981518e-09
31400.056 4.75635214959085e-09
31450.056 5.92921441172942e-09
31500.056 2.3617436509776022e-09
31550.056 4.151243472111228e-09
31600.056 2.8241282989834026e-09
31650.056 2.247760376140214e-09
31700.056 2.5945674919205205e-09
31750.056 1.2078819812579046e-09
31800.056 2.5857357482501305e-09
31850.056 7.602324518876514e-10
31900.056 1.6770126693079845e-09
31950.056 8.240073766940472e-10
32000.056 1.0326940157557365e-09
32050.056 1.033253178649961e-09
32100.056 7.966164559803877e-10
32150.056 1.0997897373429384e-09
32200.056 6.030327907060916e-10
32250.056 1.3643829288206603e-09
32300.056 4.92784002601118e-10
32350.056 1.5229047328342222e-09
32400.056 4.1003482024576787e-10
32450.056 1.2946783337449365e-09
32500.056 5.685650725380728e-10
32550.056 1.2502632415189591e-09
32600.056 7.40691954201615e-10
32650.056 1.900737513820501e-09
32700.056 1.0021546598555267e-09
32750.056 3.3262047472309192e-09
32800.056 2.7611504141037027e-09
32850.056 5.1304782853607376e-09
32900.056 4.876662296482447e-09
32950.056 5.230433326978115e-09
33000.056 2.4968628679030498e-09
33050.056 2.9943613397203767e-09
33100.056 8.319096094449184e-10
33150.056 5.624591512421938e-12
33200.056 3.836554172271912e-11
33250.056 5.792924426043995e-11
33300.056 2.4569509719425835e-10
33350.056 6.89159504099662e-10
33400.056 1.7717066007900014e-09
33450.056 1.3270167376067355e-09
33500.056 4.150896570440911e-09
33550.056 1.39701170760629e-09
33600.056 2.871303835525803e-09
33650.056 2.994502863459841e-09
33700.056 1.2180220022357175e-09
33750.056 3.926283062219129e-09
33800.056 6.481741633470736e-10
33850.056 2.0439843074062567e-09
33900.056 1.944462865626243e-09
33950.056 1.696010093775597e-09
34000.056 3.2047848284722338e-09
34050.056 7.022403258971879e-10
34100.056 2.8546998950045066e-09
34150.056 1.1220314024288954e-09
34200.056 2.6596585328987413e-09
34250.056 2.1149670338031692e-09
34300.056 1.5844695978845959e-09
34350.056 3.6794659314384805e-09
34400.056 1.1983482658595853e-09
34450.056 3.6854987082110987e-09
34500.056 2.313054426425429e-09
34550.056 1.5040104128083336e-09
34600.056 5.872539115660005e-09
34650.056 1.1794419132231968e-09
34700.056 4.545055474590007e-09
34750.056 2.873961794722868e-09
34800.056 2.0253608234490392e-09
34850.056 6.605970787370205e-09
34900.056 2.0435617897754443e-09
34950.056 5.788828622079574e-09
35000.056 8.713079720139471e-09
35050.056 3.8709245683099716e-09
35100.056 1.041217321476352e-08
35150.056 8.48479128786345e-09
35200.056 7.267698662719947e-09
35250.056 1.3009956275441457e-08
35300.056 4.152591056708275e-09
35350.056 7.302320368753256e-09
35400.056 6.480932145814693e-09
35450.056 4.701462198364052e-09
35500.056 1.4303308975057497e-08
35550.056 8.668889198751054e-09
35600.056 1.1122461525113481e-08
35650.056 1.2288887562448732e-08
35700.056 1.0099221858951233e-08
35750.056 1.85198152080803e-08
35800.056 1.4174824848311585e-08
35850.056 8.043473179352738e-09
35900.056 1.3305163738254595e-08
35950.056 1.639476695159846e-08
36000.056 1.6214063044302482e-08
36050.056 1.3928123597676409e-08
36100.056 1.196180006367281e-08
36150.056 2.253775490109882e-08
36200.056 2.5131589524997183e-08
36250.056 1.6748317488931614e-08
36300.056 3.122961976008641e-08
36350.056 2.4948039169101934e-08
36400.056 3.122442007629501e-08
36450.056 2.486900764337743e-08
36500.056 2.8505696539692025e-08
36550.056 4.232699382750382e-08
36600.056 4.837735006199425e-08
36650.056 3.279049121732802e-08
36700.056 3.368624610079242e-08
36750.056 4.8066851450005925e-08
36800.056 4.9817443107997536e-08
36850.056 3.555052093741322e-08
36900.056 4.132880803160194e-08
36950.056 5.413343521399021e-08
37000.056 4.254735555659838e-08
37050.056 5.288732051709941e-08
37100.056 3.5087662455033313e-08
37150.056 4.5801766763202924e-08
37200.056 6.714978799199567e-08
37250.056 3.9993521396391385e-08
37300.056 3.388705993372576e-08
37350.056 5.460290742620762e-08
37400.056 7.322424737799826e-08
37450.056 4.0272026200337705e-08
37500.056 4.5661056974497535e-08
37550.056 7.89666115510152e-08
37600.056 9.703862463000444e-08
37650.056 4.315609493150618e-08
37700.056 6.998311390800591e-08
37750.056 5.2531040097704935e-08
37800.056 6.280869595700854e-08
37850.056 3.985598877349991e-08
37900.056 4.7811690731001496e-08
37950.056 6.397598859899908e-08
38000.056 6.24156643083978e-08
38050.056 7.113953244200897e-08
38100.056 9.114513631440206e-08
38150.056 9.527161010699475e-08
38200.056 7.798011294200129e-08
38250.056 8.441116032300664e-08
38300.056 1.2209694554598476e-07
38350.056 1.1461863961601447e-07
38400.056 6.847769369898016e-08
38450.056 5.1005737678987665e-08
38500.056 4.4008699139408515e-08
38550.056 8.405062260100791e-08
38600.056 8.330151791198937e-08
38650.056 8.8100107012995e-08
38700.056 9.526075045599685e-08
38750.056 8.639640052999739e-08
38800.056 8.49467428669973e-08
38850.056 9.51378170150037e-08
38900.056 1.0716827616398682e-07
38950.056 8.463862593900319e-08
39000.056 9.907313402898638e-08
39050.056 8.953155764102332e-08
39100.056 9.31557750427965e-08
39150.056 1.2130697674799577e-07
39200.056 1.0145999490599826e-07
39250.056 1.1571384369100355e-07
39300.056 1.0382897765799888e-07
39350.056 1.3605888957000138e-07
39400.056 1.0617045110599696e-07
39450.056 1.2852703080500637e-07
39500.056 1.3847891254799898e-07
39550.056 9.61047562399216e-08
39600.056 1.2074619712800324e-07
39650.056 1.5834192739999638e-07
39700.056 1.4147454752000744e-07
39750.056 9.295269878701358e-08
39800.056 1.0033737947050231e-07
39850.056 1.6300028307000416e-07
39900.056 1.671788598600048e-07
39950.056 1.2139836730199863e-07
40000.056 1.5535262685199743e-07
40050.056 1.5351106651399818e-07
40100.056 8.558106178375213e-08
40150.056 1.4819387246000654e-07
40200.056 1.604943724599896e-07
40250.056 1.6659312454998317e-07
40300.056 1.6689804335801223e-07
40350.056 1.1813440350798331e-07
40400.056 1.5574443553179744e-07
40450.056 1.105774918409943e-07
40500.056 1.645757625209934e-07
40550.056 1.7564401651998552e-07
40600.056 1.6880621411000061e-07
40650.056 1.429105980189857e-07
40700.056 2.093766920399957e-07
40750.056 1.6246658461998854e-07
40800.056 1.257590665999809e-07
40850.056 2.104940215700121e-07
40900.056 2.025060708299908e-07
40950.056 1.5960692441000423e-07
41000.056 1.612234717999962e-07
41050.056 2.149365236499943e-07
41100.056 1.967733023299875e-07
41150.056 1.1742905644199654e-07
41200.056 2.0548235990201316e-07
41250.056 1.9223933575598008e-07
41300.056 1.9172902384000505e-07
41350.056 2.274199229799995e-07
41400.056 1.9431087177000452e-07
41450.056 2.2633702034999972e-07
41500.056 1.6973595226397791e-07
41550.056 1.5751993635202158e-07
41600.056 1.6753986390800766e-07
41650.056 2.103362724700084e-07
41700.056 2.1947271897998489e-07
41750.056 1.9821338184999686e-07
41800.056 2.175802412300049e-07
41850.056 1.6594364672099149e-07
41900.056 1.6924130606297152e-07
41950.056 1.9263023462100276e-07
42000.056 1.6487859572195772e-07
42050.056 1.5464714467601153e-07
42100.056 1.9604805864998472e-07
42150.056 1.6375315478899825e-07
42200.056 1.660775380149875e-07
42250.056 1.616891998630066e-07
42300.056 1.5427029074999533e-07
42350.056 1.921804858660052e-07
42400.056 2.045368651200055e-07
42450.056 1.7866662585401352e-07
42500.056 1.8795821608999522e-07
42550.056 1.713644518099964e-07
42600.056 1.8338551099802816e-07
42650.056 2.3553654920998376e-07
42700.056 1.644497955719763e-07
42750.056 1.5195204324201998e-07
42800.056 2.011814474400031e-07
42850.056 2.1876500081997838e-07
42900.056 2.2056269043801252e-07
42950.056 1.79333956991996e-07
43000.056 2.061163141099961e-07
43050.056 1.2554606037301686e-07
43100.056 1.9456379646999407e-07
43150.056 1.7036035497200288e-07
43200.056 1.8960422859000635e-07
43250.056 2.6217431440000623e-07
43300.056 2.384668695499957e-07
43350.056 1.375857084099891e-07
43400.056 1.9750988978000865e-07
43450.056 1.5968696982200938e-07
43500.056 1.6684292515500264e-07
43550.056 1.6227405295900606e-07
43600.056 2.2609369283000415e-07
43650.056 1.370277269039928e-07
43700.056 2.3177236035102414e-07
43750.056 2.2866414701999338e-07
43800.056 2.022002460859903e-07
43850.056 1.8679817450702084e-07
43900.056 1.7398870017299492e-07
43950.056 1.3204297817199302e-07
44000.056 1.177270307289996e-07
44050.056 2.1679053353001305e-07
44100.056 2.812489509000058e-07
44150.056 2.7243447943999143e-07
44200.056 2.457788226000034e-07
44250.056 1.578498431619943e-07
44300.056 1.1673453751300747e-07
44350.056 1.34550677028009e-07
44400.056 1.411012158789952e-07
44450.056 2.048470389900107e-07
44500.056 1.8087426156601688e-07
44550.056 2.441574147199985e-07
44600.056 2.053837894870056e-07
44650.056 2.0628347608998812e-07
44700.056 1.4762813599998684e-07
44750.056 1.8124477951402117e-07
44800.056 1.481178363920057e-07
44850.056 2.087387235200091e-07
44900.056 1.7749193137499583e-07
44950.056 1.9543956593401197e-07
45000.056 2.1640284072000168e-07
45050.056 2.101063551299877e-07
45100.056 1.990874990580123e-07
45150.056 1.9006279593899592e-07
45200.056 1.3348830341100225e-07
45250.056 1.5336346614898676e-07
45300.056 1.5170904491301147e-07
45350.056 1.1940180740600665e-07
45400.056 2.4592934666001156e-07
45450.056 2.2939269494001294e-07
45500.056 2.445827399990098e-07
45550.056 2.7292464703997753e-07
45600.056 2.552131600200089e-07
45650.056 2.2104109905198433e-07
45700.056 1.3686307483919265e-07
45750.056 1.2054104161900674e-07
45800.056 2.5755131007000835e-07
45850.056 2.3286511217100631e-07
45900.056 2.639042239899948e-07
45950.056 2.247845388599919e-07
46000.056 2.5238542896001723e-07
46050.056 2.1717055404000508e-07
46100.056 2.6912710964998833e-07
46150.056 1.7677429364600076e-07
46200.056 1.506662950879877e-07
46250.056 7.121855762309504e-08
46300.056 1.798552367860079e-07
46350.056 2.0486626811001134e-07
46400.056 1.9775222713600486e-07
46450.056 1.6678838309998865e-07
46500.056 1.8371021925501853e-07
46550.056 1.2863720124999887e-07
46600.056 1.4258041884598403e-07
46650.056 2.0264610036201086e-07
46700.056 1.5733977555798333e-07
46750.056 8.219647825801153e-08
46800.056 6.07790630609963e-08
46850.056 1.9122958287702106e-07
46900.056 2.2224431253999317e-07
46950.056 2.1116955732999055e-07
47000.056 2.071239227800115e-07
47050.056 1.5533632441896472e-07
47100.056 1.213239261830031e-07
47150.056 1.7511165874401848e-07
47200.056 1.9785249380999405e-07
47250.056 1.0297726189898479e-07
47300.056 7.357058076371494e-08
47350.056 2.056737208300077e-07
47400.056 2.0861082918999455e-07
47450.056 1.5745319174201445e-07
47500.056 2.2913581031999562e-07
47550.056 1.9249272404200612e-07
47600.056 1.8581705366798676e-07
47650.056 1.9541730795398895e-07
47700.056 1.5999867928502344e-07
47750.056 1.2270779167699982e-07
47800.056 1.0272859443400637e-07
47850.056 5.0159801980605675e-08
47900.056 7.709686638059728e-08
47950.056 1.743424355300099e-07
48000.056 2.1364646957999479e-07
48050.056 1.7978744309999003e-07
48100.056 8.9717025346201e-08
48150.056 1.4279767257000593e-07
48200.056 1.16304692699594e-07
48250.056 1.5507166648000045e-07
48300.056 2.0242773012000063e-07
48350.056 1.36838192034988e-07
48400.056 3.900322443329192e-08
48450.056 7.651986170789648e-08
48500.056 1.2857585170197915e-07
48550.056 1.415107964982181e-07
48600.056 1.7884546367000367e-07
48650.056 2.0947544631999662e-07
48700.056 1.6053994194800778e-07
48750.056 1.0568303524000941e-07
48800.056 1.7288517714200855e-07
48850.056 1.0235700793348501e-07
48900.056 1.30811156075589e-07
48950.056 8.358522289399568e-08
49000.056 4.8951772502448345e-08
49050.056 1.288939715689867e-07
49100.056 1.5387914519301908e-07
49150.056 1.2102036331049745e-07
49200.056 1.7865723016001167e-07
49250.056 1.7952102880000237e-07
49300.056 1.5333182997599281e-07
49350.056 7.927498840631155e-08
49400.056 1.0353969640728145e-07
49450.056 9.28791967173204e-08
49500.056 8.128618474658844e-08
49550.056 2.2106941827299493e-08
49600.056 5.277311826122834e-08
49650.056 1.0798239814000148e-07
49700.056 1.2463269686598786e-07
49750.056 1.279836856419906e-07
49800.056 8.174731869169808e-08
49850.056 1.5229279978801184e-07
49900.056 1.509836144059985e-07
49950.056 1.2869189801099525e-07
50000.056 1.0634849426099531e-07
50050.056 1.2502177364500634e-07
50100.056 1.0705862392899528e-07
50150.056 5.368160632959191e-08
50200.056 1.2732021638764736e-08
50250.056 6.143538818799886e-08
50300.056 4.2491920128916564e-08
50350.056 1.1850741540001009e-07
50400.056 1.2526564851799657e-07
50450.056 8.825624642300036e-08
50500.056 1.4005047787400832e-07
50550.056 1.4470268785000092e-07
50600.056 9.660510043697771e-08
50650.056 1.3839237383001798e-07
50700.056 1.5036928687999708e-07
50750.056 9.57293778390002e-08
50800.056 3.944110849235252e-08
50850.056 2.4210868581909724e-08
50900.056 1.1093682063600482e-07
50950.056 1.0967589558299717e-07
51000.056 8.704848925357132e-08
51050.056 1.1275037478998513e-07
51100.056 5.065872882039754e-08
51150.056 5.353612498261031e-08
51200.056 1.398991103499991e-07
51250.056 1.0563686125198684e-07
51300.056 7.040211043960871e-08
51350.056 7.582180376728808e-08
51400.056 3.2279346754205606e-08
51450.056 2.480126152398339e-08
51500.056 2.1295836550547244e-08
51550.056 7.18533722440087e-08
51600.056 6.266683746270562e-08
51650.056 7.906136351699512e-08
51700.056 8.072152181056643e-08
51750.056 6.133672757470995e-08
51800.056 1.0564281934399209e-07
51850.056 8.163968079299655e-08
51900.056 1.0305792158400452e-07
51950.056 6.543696871499116e-08
52000.056 9.290678966156875e-09
52050.056 3.648510756400403e-08
52100.056 2.3426389725596466e-08
52150.056 1.504738087632321e-08
52200.056 3.673363459909818e-08
52250.056 5.977581493090874e-08
52300.056 8.339790513899693e-08
52350.056 2.8077912139694765e-08
52400.056 2.9282036519200212e-08
52450.056 8.517227640501e-08
52500.056 7.353402097358681e-08
52550.056 7.557699482299305e-08
52600.056 5.9359754439805775e-08
52650.056 7.187373590700229e-08
52700.056 4.5066663339900476e-08
52750.056 2.2926866737274263e-08
52800.056 3.5932437231705854e-08
52850.056 4.4730415158090276e-08
52900.056 2.2636233831723015e-08
52950.056 3.5129531440304306e-08
53000.056 6.192929986400186e-08
53050.056 2.6367249533096405e-08
53100.056 7.632932411000371e-08
53150.056 8.200380793200094e-08
53200.056 3.108918717409683e-08
53250.056 6.963454257500433e-08
53300.056 7.971684800591952e-08
53350.056 7.04569765199984e-08
53400.056 5.019975677499646e-08
53450.056 1.746725534499578e-08
53500.056 5.306253773283304e-09
