galfind/configs/Brown_Dwarf_templates/sonora_bobcat/m0.0/3160g/sp_t900g3160nc_m0.0_resample.dat
# %ECSV 1.0
# ---
# datatype:
# - {name: wav, unit: Angstrom, datatype: float64}
# - {name: flux_nu, unit: erg / (cm2 Hz s), datatype: float64}
# meta: {C/O: '1.00', Kzz: '1.0000E+05', Teff: '900.', Y: '0.28', '[Fe/H]': '0.00', f_hole: '1.00', f_rain: '0.00', grav: '3160.'}
# schema: astropy-2.0
wav flux_nu
[from data line 993]
53650.056 1.3676982891699087e-07
53700.056 1.3041155411999626e-07
53750.056 1.3145481812498872e-07
53800.056 1.4169383402500995e-07
53850.056 1.976894799099528e-07
53900.056 1.7567764268401867e-07
53950.056 2.244718953750077e-07
54000.056 1.6235377459202878e-07
54050.056 1.775792429579941e-07
54100.056 7.906396636799259e-08
54150.056 1.1421970556202447e-07
54200.056 5.462461706398995e-08
54250.056 8.706072135400744e-08
54300.056 1.0751857542879535e-07
54350.056 1.4796745269498925e-07
54400.056 1.565531924209757e-07
54450.056 1.5070417806882707e-07
54500.056 1.4178606237301167e-07
54550.056 1.1446253412599808e-07
54600.056 1.3307714832499773e-07
54650.056 6.325359228738975e-08
54700.056 1.499015605629853e-07
54750.056 1.4563085895498023e-07
54800.056 9.75351327750119e-08
54850.056 1.1681604324499793e-07
54900.056 1.476377978489921e-07
54950.056 2.0376320579997786e-07
55000.056 1.0872042533099168e-07
55050.056 1.2753302834500015e-07
55100.056 1.5167900559902658e-07
55150.056 1.0178492678526515e-07
55200.056 1.0977990867709374e-07
55250.056 1.1896507091902616e-07
55300.056 9.422749833909962e-08
55350.056 1.4912584971400964e-07
55400.056 1.4345530033600456e-07
55450.056 1.1404328105307645e-07
55500.056 5.979097415260833e-08
55550.056 8.758986187699669e-08
55600.056 1.098992209419954e-07
55650.056 8.26544262358962e-08
55700.056 1.0496158001301859e-07
55750.056 9.932427749498756e-08
55800.056 7.210897902600354e-08
55850.056 6.180094859099333e-08
55900.056 1.109196590419879e-07
55950.056 1.6896515247203574e-07
56000.056 8.778771152747515e-08
56050.056 9.842107747101072e-08
56100.056 1.212238786153971e-07
56150.056 9.456934381600598e-08
56200.056 8.176572747858072e-08
56250.056 1.291862437890288e-07
56300.056 1.210750682609791e-07
56350.056 1.0857348387002139e-07
56400.056 6.694316840459747e-08
56450.056 7.238050176201182e-08
56500.056 1.0143140120300946e-07
56550.056 5.5753748527100784e-08
56600.056 1.1531156406598837e-07
56650.056 1.212586156640118e-07
56700.056 1.3100513933200198e-07
56750.056 7.105347769400157e-08
56800.056 9.255646290300677e-08
56850.056 9.19735256835225e-08
56900.056 7.229635180598698e-08
56950.056 1.25380199618994e-07
57000.056 1.3246620847800687e-07
57050.056 1.006573702209707e-07
57100.056 4.324350488379936e-08
57150.056 8.074821321742137e-08
57200.056 6.336534957199781e-08
57250.056 7.81664539679941e-08
57300.056 9.292840018401173e-08
57350.056 6.143669905700143e-08
57400.056 1.2857651791900388e-07
57450.056 9.238176647347623e-08
57500.056 8.458869177303821e-08
57550.056 1.0650471514280688e-07
57600.056 9.385588052918946e-08
57650.056 4.3725749641201354e-08
57700.056 6.732894378899862e-08
57750.056 8.877369730560312e-08
57800.056 5.930075962197925e-08
57850.056 1.314891189710294e-07
57900.056 1.532463154910151e-07
57950.056 1.47356870226003e-07
58000.056 8.485196776198852e-08
58050.056 1.1599691148499338e-07
58100.056 1.1161124957501625e-07
58150.056 1.052750921969671e-07
58200.056 4.734628493970164e-08
58250.056 6.550846044098707e-08
58300.056 5.025445839100795e-08
58350.056 6.798895059271361e-08
58400.056 9.682702494000464e-08
58450.056 1.1182365074300668e-07
58500.056 1.1767489555401129e-07
58550.056 1.1231565515899964e-07
58600.056 7.032872855859439e-08
58650.056 9.0235476847486e-08
58700.056 8.48913571675825e-08
58750.056 1.0693452582700286e-07
58800.056 3.1486149127892366e-08
58850.056 7.107006243400482e-08
58900.056 8.112472707200317e-08
58950.056 5.820016336818233e-08
59000.056 9.281264983111181e-08
59050.056 8.809798343357436e-08
59100.056 1.1328143716459752e-07
59150.056 9.689045518737834e-08
59200.056 9.722493237199825e-08
59250.056 1.1295548860302543e-07
59300.056 1.186818982799917e-07
59350.056 4.690792365669917e-08
59400.056 4.740968592928973e-08
59450.056 1.0527669840778837e-07
59500.056 6.157246179198602e-08
59550.056 9.367853929180352e-08
59600.056 1.300290723709922e-07
59650.056 9.239350556200753e-08
59700.056 6.984812467030697e-08
59750.056 1.5153375422197673e-07
59800.056 9.488989555299148e-08
59850.056 1.1147651292900005e-07
59900.056 6.672082609818844e-08
59950.056 9.403003353940431e-08
60000.056 1.5511026957983875e-07
60050.056 1.445531500930212e-07
60100.056 1.4317647006697328e-07
60150.056 8.427757220499163e-08
60200.056 1.0133569692317493e-07
60250.056 1.2699463592402335e-07
60300.056 1.274505159789777e-07
60350.056 8.598031587400929e-08
60400.056 1.1739308873497213e-07
60450.056 5.09426165619957e-08
60500.056 3.319908606040916e-08
60550.056 9.941697282802293e-08
60600.056 1.0405496319699943e-07
60650.056 9.339285952717877e-08
60700.056 7.872450070999866e-08
60750.056 5.8072478314012636e-08
60800.056 1.0777702417401328e-07
60850.056 1.4568937915300205e-07
60900.056 1.239444869070193e-07
60950.056 9.964902605272336e-08
61000.056 1.266099670599941e-07
61050.056 7.499567483199225e-08
61100.056 8.764534764201105e-08
61150.056 4.5265502012503804e-08
61200.056 1.0989600491602094e-07
61250.056 1.0841948575498979e-07
61300.056 7.83490227780122e-08
61350.056 1.1913593393198271e-07
61400.056 7.20886300010134e-08
61450.056 6.210367547201013e-08
61500.056 5.1867303986326355e-08
61550.056 8.047041905997945e-08
61600.056 6.118336156039828e-08
61650.056 6.239150772591596e-08
61700.056 7.185254200059738e-08
61750.056 7.90957123126031e-08
61800.056 9.469888582779067e-08
61850.056 4.903421302319245e-08
61900.056 1.240164917930119e-07
61950.056 1.0757442821297909e-07
62000.056 8.53441316549979e-08
62050.056 1.2233549246300346e-07
62100.056 9.043622882395636e-08
62150.056 1.0758969665442998e-07
62200.056 1.0633160592398278e-07
62250.056 1.0615954152397184e-07
62300.056 1.3757375836399095e-07
62350.056 1.3146268850200297e-07
62400.056 9.929263654801345e-08
62450.056 1.0195800785198751e-07
62500.056 1.387292185920091e-07
62550.056 1.534556801989809e-07
62600.056 1.1903675200400847e-07
62650.056 1.0780073909400759e-07
62700.056 1.1030436821101044e-07
62750.056 1.444927968469615e-07
62800.056 1.1920920579699344e-07
62850.056 1.2026644730997415e-07
62900.056 1.282696786799718e-07
62950.056 1.6502684967299303e-07
63000.056 9.619183839400705e-08
63050.056 1.926870597520061e-07
63100.056 1.967293830499934e-07
63150.056 1.3618778289899384e-07
63200.056 1.4086698661200575e-07
63250.056 1.6139404651600255e-07
63300.056 1.1768674757199708e-07
63350.056 1.4789842904199977e-07
63400.056 8.485073756698934e-08
63450.056 6.291354582501391e-08
63500.056 1.5642646117801065e-07
63550.056 1.5184086661597e-07
63600.056 1.219183201060072e-07
63650.056 1.2963446613400387e-07
63700.056 7.672453248898518e-08
63750.056 1.1009449647968228e-07
63800.056 1.3060524781232595e-07
63850.056 1.2642104676399746e-07
63900.056 8.990315373802103e-08
63950.056 1.0625552426503424e-07
64000.056 1.3773467639000668e-07
64050.056 8.378152423397906e-08
64100.056 4.092754676220371e-08
64150.056 5.08038337109939e-08
64200.056 5.190859337360799e-08
64250.056 1.0465183860100718e-07
64300.056 8.431387796698258e-08
64350.056 6.583691015261666e-08
64400.056 1.0681103460098903e-07
64450.056 1.0741435557941404e-07
64500.056 6.659632509998978e-08
64550.056 1.0615704840400899e-07
64600.056 8.524165120099076e-08
64650.056 1.1230484271598648e-07
64700.056 4.894568687799188e-08
64750.056 6.4188736432003e-08
64800.056 5.7434852479009834e-08
64850.056 5.1096754530812094e-08
64900.056 5.4708536070987464e-08
64950.056 4.880109965269646e-08
65000.056 6.14702860840164e-08
65050.056 9.129708016499257e-08
65100.056 8.222920123799801e-08
65150.056 8.1572970665998e-08
65200.056 5.133304392129503e-08
65250.056 7.351297819438791e-08
65300.056 7.9388748137512e-08
65350.056 1.3335105526400077e-07
65400.056 7.08065067329983e-08
65450.056 7.038528395098382e-08
65500.056 9.237385208100792e-08
65550.056 5.873454343159784e-08
65600.056 9.366773804551094e-08
65650.056 7.751190175880791e-08
65700.056 6.917883477801686e-08
65750.056 5.382606774391374e-08
65800.056 7.69460676280179e-08
65850.056 1.0998013576798362e-07
65900.056 5.0544791629003996e-08
65950.056 4.567252094540023e-08
66000.056 5.623849374621511e-08
66050.056 1.1449212221702798e-07
66100.056 7.290904444919979e-08
66150.056 6.617561500700806e-08
66200.056 6.302101407298959e-08
66250.056 5.228791264710483e-08
66300.056 4.100375814640345e-08
66350.056 3.686917185441132e-08
66400.056 5.4569192913995096e-08
66450.056 9.261230384700413e-08
66500.056 1.265588241040309e-07
66550.056 1.076104334019776e-07
66600.056 8.399958554201245e-08
66650.056 8.028171435900394e-08
66700.056 7.101494686300862e-08
66750.056 9.616467892799214e-08
66800.056 8.659614044199343e-08
66850.056 5.912429341802032e-08
66900.056 1.0412919422503578e-07
66950.056 1.1850449651303814e-07
67000.056 1.490659638000032e-07
67050.056 7.215674914397653e-08
67100.056 7.245589787200616e-08
67150.056 6.812954889200201e-08
67200.056 9.991706001201735e-08
67250.056 8.878595755301558e-08
67300.056 1.05098360649006e-07
67350.056 7.905948938401732e-08
67400.056 1.192300368849732e-07
67450.056 9.017552756201221e-08
67500.056 6.71690181690086e-08
67550.056 1.0590394952803434e-07
67600.056 1.6916731086999078e-07
67650.056 1.2268775885304642e-07
67700.056 9.119212699997124e-08
67750.056 7.776651467100998e-08
67800.056 9.127321945395448e-08
67850.056 6.817174880000334e-08
67900.056 8.486406912299016e-08
67950.056 7.277647212200233e-08
68000.056 1.0670643029598265e-07
68050.056 8.616670946798612e-08
68100.056 9.711085383202654e-08
68150.056 9.264508531498459e-08
68200.056 1.0082669532702435e-07
68250.056 6.410070796799004e-08
68300.056 9.958566820999935e-08
68350.056 9.232963002897913e-08
68400.056 1.1894295691099675e-07
68450.056 1.2400849562802332e-07
68500.056 9.944605923297266e-08
68550.056 6.690366225400098e-08
68600.056 7.130670339840381e-08
68650.056 4.476622408400335e-08
68700.056 7.712124129800821e-08
68750.056 9.248658493300995e-08
68800.056 8.91060528689663e-08
68850.056 6.897453281597327e-08
68900.056 1.5298889221600637e-07
68950.056 1.4756265590702194e-07
69000.056 1.0569408531201361e-07
69050.056 7.127523011899452e-08
69100.056 1.5111005017000312e-07
69150.056 1.5896989528401945e-07
69200.056 1.027298065980094e-07
69250.056 1.504976129529832e-07
69300.056 1.479327525810281e-07
69350.056 1.3648580267498652e-07
69400.056 8.425807282398651e-08
69450.056 1.3178089985698123e-07
69500.056 1.0427427698098351e-07
69550.056 1.0237755918800346e-07
69600.056 4.323728026400457e-08
69650.056 9.038932981003171e-08
69700.056 1.4115980806000097e-07
69750.056 9.434150760099375e-08
69800.056 1.2644575446298657e-07
69850.056 1.377777648700293e-07
69900.056 1.1534607260717298e-07
69950.056 1.1343735984683551e-07
70000.056 9.348434495999376e-08
70050.056 1.5466896887003186e-07
70100.056 9.33263186740096e-08
70150.056 1.113423961070083e-07
70200.056 8.619233521798937e-08
70250.056 9.897831821300104e-08
70300.056 1.270391755059854e-07
70350.056 1.2222955719100692e-07
70400.056 9.464511403098926e-08
70450.056 4.546957136421035e-08
70500.056 8.618459628300556e-08
70550.056 7.098632901279704e-08
70600.056 8.085988977000326e-08
70650.056 1.0450446485100086e-07
70700.056 1.0905653428902867e-07
70750.056 1.5203897563003819e-07
70800.056 1.0271511544498029e-07
70850.056 8.855307781999425e-08
70900.056 1.158842706989885e-07
70950.056 1.1797873244402989e-07
71000.056 1.1125126486498332e-07
71050.056 1.1759343188600161e-07
71100.056 9.243315835500253e-08
71150.056 8.388664271399114e-08
71200.056 9.370933750801638e-08
71250.056 1.1058671477400353e-07
71300.056 1.1491994688798888e-07
71350.056 1.303561036070129e-07
71400.056 1.1480298813197444e-07
71450.056 7.224282537799866e-08
71500.056 8.569984304697796e-08
71550.056 7.0087952141998e-08
71600.056 1.0392297434499814e-07
71650.056 8.528644145000506e-08
71700.056 6.389651292019342e-08
71750.056 8.76914664420143e-08
71800.056 1.1328939495000104e-07
71850.056 1.1314007051098368e-07
71900.056 8.203030609598508e-08
71950.056 1.058398128919578e-07
72000.056 9.915353138301317e-08
72050.056 6.499365942650315e-08
72100.056 7.60736307784985e-08
72150.056 9.891762619497467e-08
72200.056 8.289720269201473e-08
72250.056 1.1978519130001056e-07
72300.056 8.266454721200945e-08
72350.056 9.363572819797181e-08
72400.056 8.595335374700918e-08
72450.056 8.24293671749493e-08
72500.056 9.972651015801335e-08
72550.056 5.179685668301692e-08
72600.056 8.81167950930077e-08
72650.056 1.0496199381302259e-07
72700.056 7.612553086758348e-08
72750.056 9.450572393099245e-08
72800.056 6.243797798381539e-08
72850.056 6.437078653701287e-08
72900.056 1.119131142030161e-07
72950.056 7.841888243501224e-08
73000.056 7.56408461399795e-08
73050.056 6.059592814901184e-08
73100.056 8.03682392750108e-08
73150.056 1.2033098889699376e-07
73200.056 6.80888999595792e-08
73250.056 8.930205638499492e-08
73300.056 6.100877874907516e-08
73350.056 5.256511769499058e-08
73400.056 8.225201537299382e-08
73450.056 6.023800792699988e-08
73500.056 6.47173302480187e-08
73550.056 8.028691999199846e-08
73600.056 7.707169924597343e-08
73650.056 8.155852141381483e-08
73700.056 7.060800891697527e-08
73750.056 5.1901849927170415e-08
73800.056 6.791026718402108e-08
73850.056 8.157526266997994e-08
73900.056 6.779313706737932e-08
73950.056 7.49728801560163e-08
74000.056 5.0255561188389795e-08
74050.056 1.0053184339901655e-07
74100.056 8.286182944796356e-08
74150.056 8.67992243359951e-08
74200.056 6.133293642598284e-08
74250.056 4.4858485342794376e-08
74300.056 7.445450798299822e-08
74350.056 9.382919240500935e-08
74400.056 8.468653717500582e-08
74450.056 6.483545130798075e-08
74500.056 5.365090503058526e-08
74550.056 7.104613251992692e-08
74600.056 5.627188541780138e-08
74650.056 5.6825499731011335e-08
74700.056 6.385376595400776e-08
74750.056 4.9330870074787475e-08
74800.056 5.639921849800853e-08
74850.056 9.061113770402084e-08
74900.056 1.0230147462097106e-07
74950.056 8.549512211198971e-08
75000.056 8.270363072299534e-08
75050.056 4.797557352680756e-08
75100.056 1.0598523811103875e-07
75150.056 1.0254553974901744e-07
75200.056 8.710490508998249e-08
75250.056 9.998485694697716e-08
75300.056 9.56112396430013e-08
75350.056 5.793898327299614e-08
75400.056 1.127437717640054e-07
75450.056 1.0148372165102835e-07
75500.056 8.919603321299025e-08
75550.056 8.048432150101102e-08
75600.056 1.1417903750601308e-07
75650.056 9.167824141901033e-08
75700.056 9.887949091198388e-08
75750.056 8.649951273105326e-08
75800.056 8.73981389099767e-08
75850.056 1.0569374731203601e-07
75900.056 9.357844282298655e-08
75950.056 8.294395275899923e-08
76000.056 9.853259640097459e-08
76050.056 9.167141440597259e-08
76100.056 9.596536789698298e-08
76150.056 1.0015237834297675e-07
76200.056 9.545251061603962e-08
76250.056 1.0137862808819223e-07
76300.056 1.3776171697299542e-07
76350.056 1.6124255831002477e-07
76400.056 1.1626822426001839e-07
76450.056 1.2068776343102634e-07
76500.056 1.1336886996500804e-07
76550.056 6.641840576619632e-08
76600.056 3.174094290380755e-08
76650.056 4.235014663800035e-08
76700.056 4.175379320599646e-08
76750.056 4.125605702600793e-08
76800.056 6.141832289300801e-08
76850.056 5.034698595152666e-08
76900.056 5.693093298498181e-08
76950.056 4.649701117780755e-08
77000.056 6.046771119400061e-08
77050.056 4.305197036399362e-08
77100.056 5.242308379900035e-08
77150.056 6.643926413500262e-08
77200.056 5.063547043900378e-08
77250.056 5.982133118000367e-08
77300.056 6.840016158699007e-08
77350.056 4.8429325232972995e-08
77400.056 5.6414497836004334e-08
77450.056 6.69485341689968e-08
77500.056 6.51707184080014e-08
77550.056 6.435988157900637e-08
77600.056 6.061349919470345e-08
77650.056 6.270097697271127e-08
77700.056 7.123962847297088e-08
77750.056 7.095102235701516e-08
77800.056 8.833714914100719e-08
77850.056 1.0019306996200328e-07
77900.056 7.021981053597437e-08
77950.056 6.503529061001335e-08
78000.056 8.389257625199559e-08
78050.056 5.745315417099746e-08
78100.056 7.092402796003089e-08
78150.056 7.87212918610235e-08
78200.056 1.0258128773799562e-07
78250.056 8.889134588099948e-08
78300.056 6.835961931199858e-08
78350.056 8.222434690201969e-08
