galfind/configs/Brown_Dwarf_templates/sonora_bobcat/m0.0/3160g/sp_t575g3160nc_m0.0_resample.dat
# %ECSV 1.0
# ---
# datatype:
# - {name: wav, unit: Angstrom, datatype: float64}
# - {name: flux_nu, unit: erg / (cm2 Hz s), datatype: float64}
# meta: {C/O: '1.00', Kzz: '1.0000E+05', Teff: '575.', Y: '0.28', '[Fe/H]': '0.00', f_hole: '1.00', f_rain: '0.00', grav: '3160.'}
# schema: astropy-2.0
wav flux_nu
[from data line 499]
28950.056 1.8406888180870767e-09
29000.056 1.5408492266443472e-09
29050.056 2.2790048112845104e-09
29100.056 1.097111089734793e-09
29150.056 2.276794288713974e-09
29200.056 2.4811329987021187e-09
29250.056 3.1704959042436683e-09
29300.056 1.7311411859889582e-09
29350.056 5.6997550210275774e-09
29400.056 2.0202511173254153e-09
29450.056 1.747923391933752e-09
29500.056 4.5421142718165796e-09
29550.056 2.2329179137116183e-09
29600.056 2.9927463777252653e-09
29650.056 6.013651897447243e-09
29700.056 1.951428607844865e-09
29750.056 4.535620173425956e-09
29800.056 3.743536737602928e-09
29850.056 6.417175357231475e-09
29900.056 4.0810288759202425e-09
29950.056 3.588386291111816e-09
30000.056 1.5329276317561419e-10
30050.056 6.856845952429681e-10
30100.056 1.9735366626719354e-09
30150.056 5.103952990424129e-09
30200.056 4.005212680337274e-09
30250.056 8.180745287529323e-09
30300.056 7.736843078183627e-09
30350.056 3.435279047252948e-09
30400.056 9.199794954299565e-09
30450.056 6.085738520872416e-09
30500.056 5.270622986578785e-09
30550.056 4.2999129730168415e-09
30600.056 1.5337714280700766e-08
30650.056 8.336307664210626e-09
30700.056 5.455922124139886e-09
30750.056 9.044191685867235e-09
30800.056 7.668253748490756e-09
30850.056 8.292957128101314e-09
30900.056 5.039976119991732e-09
30950.056 4.412213522800296e-09
31000.056 5.254931945550838e-09
31050.056 5.2266941673992755e-09
31100.056 2.5073139543999545e-09
31150.056 4.675192554189776e-09
31200.056 9.596313065600241e-09
31250.056 4.263014893964795e-09
31300.056 3.3968727992987412e-09
31350.056 5.799689157321242e-09
31400.056 3.7708334930657435e-09
31450.056 4.693585020559583e-09
31500.056 1.7949479964047495e-09
31550.056 3.2679413460635957e-09
31600.056 2.1991804606973147e-09
31650.056 1.7302667209622449e-09
31700.056 1.9648178702604106e-09
31750.056 8.756281401241152e-10
31800.056 1.926248658460112e-09
31850.056 5.267329447107208e-10
31900.056 1.205682916484572e-09
31950.056 5.830840544741527e-10
32000.056 7.053192171786835e-10
32050.056 7.078673177752091e-10
32100.056 5.413965371860929e-10
32150.056 7.369283671789581e-10
32200.056 3.9472918725214183e-10
32250.056 9.063860199026012e-10
32300.056 3.171946409993262e-10
32350.056 1.016548918864152e-09
32400.056 2.515654008664531e-10
32450.056 8.507981916919697e-10
32500.056 3.418160409987779e-10
32550.056 8.358217045759832e-10
32600.056 4.381123641716154e-10
32650.056 1.2873980413857034e-09
32700.056 6.049943284513199e-10
32750.056 2.364495353690688e-09
32800.056 1.8720780959197602e-09
32850.056 3.789086267480611e-09
32900.056 3.558144749370262e-09
32950.056 3.825078174690086e-09
33000.056 1.6816739045549328e-09
33050.056 2.0176844534402696e-09
33100.056 5.245381792924561e-10
33150.056 2.6301934789675436e-12
33200.056 2.3296848358443954e-11
33250.056 3.7654589561414804e-11
33300.056 1.8114981542453982e-10
33350.056 5.137326643003684e-10
33400.056 1.3847666373040127e-09
33450.056 9.408528511169215e-10
33500.056 3.1255513071206737e-09
33550.056 9.534503276474223e-10
33600.056 2.0017258410458884e-09
33650.056 2.1088066543498505e-09
33700.056 7.941951671821164e-10
33750.056 2.768597910303063e-09
33800.056 4.034601755537912e-10
33850.056 1.396719288356837e-09
33900.056 1.3392109281272988e-09
33950.056 1.157630337898217e-09
34000.056 2.28231404483812e-09
34050.056 4.624810887918144e-10
34100.056 2.0405214847903178e-09
34150.056 7.580217186659838e-10
34200.056 1.9238873558390874e-09
34250.056 1.4723286623038902e-09
34300.056 1.1296661274079322e-09
34350.056 2.7980558438203467e-09
34400.056 8.285346367955365e-10
34450.056 2.7551116162563495e-09
34500.056 1.6539679800338618e-09
34550.056 1.1344374179837137e-09
34600.056 4.6296230588400094e-09
34650.056 8.226696935856025e-10
34700.056 3.5530641824028333e-09
34750.056 2.145671083935154e-09
34800.056 1.5098239391739767e-09
34850.056 5.214686213310153e-09
34900.056 1.4361767060688507e-09
34950.056 4.6492223606296875e-09
35000.056 6.863981501634529e-09
35050.056 3.0726679302012646e-09
35100.056 8.527715367796306e-09
35150.056 6.844600168317417e-09
35200.056 5.854178503259997e-09
35250.056 1.0642820204975656e-08
35300.056 3.1633373702898615e-09
35350.056 5.661998221538685e-09
35400.056 4.856263259578294e-09
35450.056 3.5904008343584966e-09
35500.056 1.1428798146199901e-08
35550.056 6.784800086505838e-09
35600.056 8.989381179742674e-09
35650.056 9.815140211742786e-09
35700.056 8.260965929852597e-09
35750.056 1.5266280013100217e-08
35800.056 1.100619477310126e-08
35850.056 6.2112153226451985e-09
35900.056 1.0362326173703783e-08
35950.056 1.3201023234998737e-08
36000.056 1.3147447055202031e-08
36050.056 1.0989926388097057e-08
36100.056 9.466758974588418e-09
36150.056 1.8843867861299113e-08
36200.056 2.0843488281297796e-08
36250.056 1.3508609161274252e-08
36300.056 2.6208522765728964e-08
36350.056 2.053587838540161e-08
36400.056 2.624113927539569e-08
36450.056 2.0301543429194832e-08
36500.056 2.3391480498579357e-08
36550.056 3.597748771700283e-08
36600.056 4.126489416899511e-08
36650.056 2.7005907641728483e-08
36700.056 2.7805255418414846e-08
36750.056 4.080616277500521e-08
36800.056 4.2394880574397716e-08
36850.056 2.918236491405404e-08
36900.056 3.4245826602021804e-08
36950.056 4.6129862035991614e-08
37000.056 3.560487628919875e-08
37050.056 4.4822884240559024e-08
37100.056 2.8210474276573163e-08
37150.056 3.817610656560234e-08
37200.056 5.779389803399642e-08
37250.056 3.311237026099277e-08
37300.056 2.7501730655197e-08
37350.056 4.5787289406506624e-08
37400.056 6.23378442269984e-08
37450.056 3.314548027801785e-08
37500.056 3.774709338729802e-08
37550.056 6.789639623701268e-08
37600.056 8.47361734500035e-08
37650.056 3.568981568470502e-08
37700.056 5.903523177700513e-08
37750.056 4.409219664310389e-08
37800.056 5.290025097700691e-08
37850.056 3.286622792409985e-08
37900.056 3.9599228007100786e-08
37950.056 5.3767360162999324e-08
38000.056 5.1951132118098e-08
38050.056 6.052727708740755e-08
38100.056 7.881670785320143e-08
38150.056 8.263119737899516e-08
38200.056 6.605343428400122e-08
38250.056 7.29511974700057e-08
38300.056 1.0743450794798676e-07
38350.056 9.945962639701294e-08
38400.056 5.761515508898271e-08
38450.056 4.109406777989012e-08
38500.056 3.561381084640692e-08
38550.056 7.135356761700648e-08
38600.056 7.146906960499102e-08
38650.056 7.519027414599588e-08
38700.056 8.082657543599656e-08
38750.056 7.346730485099751e-08
38800.056 7.23973121209981e-08
38850.056 8.145216860300319e-08
38900.056 9.169047856298869e-08
38950.056 7.145330512900315e-08
39000.056 8.507428977198817e-08
39050.056 7.497538636302037e-08
39100.056 7.898547797919694e-08
39150.056 1.049391474099963e-07
39200.056 8.73238689129987e-08
39250.056 9.917525084600308e-08
39300.056 8.839439754599948e-08
39350.056 1.1863215668500119e-07
39400.056 9.071849298499627e-08
39450.056 1.1159457111800603e-07
39500.056 1.2087491791999877e-07
39550.056 8.12348084222182e-08
39600.056 1.0358702930400382e-07
39650.056 1.3887268855199698e-07
39700.056 1.2365088963700625e-07
39750.056 7.828521150301086e-08
39800.056 8.421294264000218e-08
39850.056 1.4252142813000405e-07
39900.056 1.4691644482700415e-07
39950.056 1.0366827543199916e-07
40000.056 1.3481346262999784e-07
40050.056 1.3381932135599793e-07
40100.056 7.081894866253088e-08
40150.056 1.2805229526000581e-07
40200.056 1.3996719774699123e-07
40250.056 1.461286462449857e-07
40300.056 1.4616175367701074e-07
40350.056 1.0022836093798529e-07
40400.056 1.3395774968779735e-07
40450.056 9.2980430071995e-08
40500.056 1.432935353759943e-07
40550.056 1.5310290107498738e-07
40600.056 1.4791800943000013e-07
40650.056 1.2319102388198813e-07
40700.056 1.8363704528999655e-07
40750.056 1.4186747115299066e-07
40800.056 1.0776896993498427e-07
40850.056 1.8568100090001076e-07
40900.056 1.7871136720999193e-07
40950.056 1.3846882632300355e-07
41000.056 1.4002120583699689e-07
41050.056 1.904941037299959e-07
41100.056 1.7378345611398875e-07
41150.056 9.975292693299707e-08
41200.056 1.8111106197801237e-07
41250.056 1.6980464098398168e-07
41300.056 1.711952693400054e-07
41350.056 2.0289117171999968e-07
41400.056 1.7214099371000322e-07
41450.056 2.0177473813000012e-07
41500.056 1.4892403415398035e-07
41550.056 1.3819798833501886e-07
41600.056 1.4663035520800601e-07
41650.056 1.872391507600076e-07
41700.056 1.9853974056998712e-07
41750.056 1.773261883299979e-07
41800.056 1.9393274633000364e-07
41850.056 1.4865121934799226e-07
41900.056 1.4905779194297467e-07
41950.056 1.6920101795400182e-07
42000.056 1.4225554463096224e-07
42050.056 1.353860213180106e-07
42100.056 1.7135846051998688e-07
42150.056 1.4566185005799808e-07
42200.056 1.4814442154198912e-07
42250.056 1.420568340160064e-07
42300.056 1.3552403324299576e-07
42350.056 1.7122255320300417e-07
42400.056 1.831031192000048e-07
42450.056 1.6178587832801157e-07
42500.056 1.7044343057999592e-07
42550.056 1.5524125635999685e-07
42600.056 1.6391213940702476e-07
42650.056 2.1145368783998578e-07
42700.056 1.4545333221697968e-07
42750.056 1.3683881519901769e-07
42800.056 1.826962190900026e-07
42850.056 1.979113288519815e-07
42900.056 1.9864720313801059e-07
42950.056 1.6199125415799754e-07
43000.056 1.859000729099963e-07
43050.056 1.1273357523601342e-07
43100.056 1.754193195099953e-07
43150.056 1.5435125482900218e-07
43200.056 1.7197591458700578e-07
43250.056 2.3806568504000526e-07
43300.056 2.1540399549999563e-07
43350.056 1.243712949599914e-07
43400.056 1.7878894548000752e-07
43450.056 1.4445525991400754e-07
43500.056 1.4941066626000247e-07
43550.056 1.4531926206100567e-07
43600.056 2.0468360346000297e-07
43650.056 1.2309869528399304e-07
43700.056 2.0826062722702202e-07
43750.056 2.0829432270999377e-07
43800.056 1.8305170932099197e-07
43850.056 1.6922638243001818e-07
43900.056 1.5583822002999595e-07
43950.056 1.1832248536999403e-07
44000.056 1.0585295610899951e-07
44050.056 1.9642497325001212e-07
44100.056 2.556464796600051e-07
44150.056 2.463149780699924e-07
44200.056 2.2348765100000289e-07
44250.056 1.4298789363299465e-07
44300.056 1.0442734668400569e-07
44350.056 1.1965619872200747e-07
44400.056 1.2694379807699597e-07
44450.056 1.8479683106700997e-07
44500.056 1.6307886014201383e-07
44550.056 2.2036192399999914e-07
44600.056 1.8372035609500475e-07
44650.056 1.8631514819198904e-07
44700.056 1.3297790972998822e-07
44750.056 1.6356615169701803e-07
44800.056 1.3203935744600446e-07
44850.056 1.866082613500081e-07
44900.056 1.6057590350799606e-07
44950.056 1.773417328520105e-07
45000.056 1.9661872195000123e-07
45050.056 1.9020971379998887e-07
45100.056 1.795324434860111e-07
45150.056 1.707591074849964e-07
45200.056 1.1852001876800163e-07
45250.056 1.36766733878989e-07
45300.056 1.3576185689300955e-07
45350.056 1.0515798706900646e-07
45400.056 2.2270551181000983e-07
45450.056 2.0709276890001183e-07
45500.056 2.218382959310088e-07
45550.056 2.472943250599802e-07
45600.056 2.3047209827000757e-07
45650.056 1.9950679502598576e-07
45700.056 1.214782954727928e-07
45750.056 1.065426556120064e-07
45800.056 2.313582087500073e-07
45850.056 2.0846731370900605e-07
45900.056 2.389443649199951e-07
45950.056 2.0547311478999247e-07
46000.056 2.2848882686501448e-07
46050.056 1.9715987265000531e-07
46100.056 2.430262128599893e-07
46150.056 1.587952406310007e-07
46200.056 1.3359423195098852e-07
46250.056 6.162646186949599e-08
46300.056 1.605630847250077e-07
46350.056 1.8442915901801002e-07
46400.056 1.78606920612004e-07
46450.056 1.4999513170198958e-07
46500.056 1.6600721933801547e-07
46550.056 1.1503129289599822e-07
46600.056 1.2569790141778622e-07
46650.056 1.799759799120095e-07
46700.056 1.396889474959854e-07
46750.056 7.096729628570995e-08
46800.056 5.1803364564596343e-08
46850.056 1.6827223366801903e-07
46900.056 1.9970877794999435e-07
46950.056 1.9053314097999195e-07
47000.056 1.8745868835000968e-07
47050.056 1.3849130706196895e-07
47100.056 1.0869369163500264e-07
47150.056 1.572971007740164e-07
47200.056 1.7706149663999475e-07
47250.056 8.974852725498607e-08
47300.056 6.396326619921379e-08
47350.056 1.8290887666000732e-07
47400.056 1.8792361961999546e-07
47450.056 1.392703568490124e-07
47500.056 2.068431444099968e-07
47550.056 1.7409778115600529e-07
47600.056 1.654938557199881e-07
47650.056 1.754528026689904e-07
47700.056 1.4325057819202027e-07
47750.056 1.0955154411899983e-07
47800.056 8.976681535100486e-08
47850.056 4.209580270060504e-08
47900.056 6.611007586129796e-08
47950.056 1.5478145496000924e-07
48000.056 1.9049852439999462e-07
48050.056 1.5885767733399168e-07
48100.056 7.878826228680075e-08
48150.056 1.2747318451600548e-07
48200.056 1.025100658803944e-07
48250.056 1.3890092224000063e-07
48300.056 1.7993579905000056e-07
48350.056 1.2082142776598884e-07
48400.056 3.235444012382298e-08
48450.056 6.43872593815741e-08
48500.056 1.1170774376998219e-07
48550.056 1.2414371737821687e-07
48600.056 1.6165782539000328e-07
48650.056 1.8907291749999696e-07
48700.056 1.4458993496400693e-07
48750.056 9.627383028600724e-08
48800.056 1.548787784110072e-07
48850.056 8.985339242268704e-08
48900.056 1.1254616604939021e-07
48950.056 7.072342283499612e-08
49000.056 4.132308367222755e-08
49050.056 1.118794340909885e-07
49100.056 1.3561076480291712e-07
49150.056 1.0720382355729767e-07
49200.056 1.6010923960001028e-07
49250.056 1.6204478016000168e-07
49300.056 1.378030560499934e-07
49350.056 6.990444552450966e-08
49400.056 9.029720247138384e-08
49450.056 7.982291092006743e-08
49500.056 6.97208351553897e-08
49550.056 1.74748269763196e-08
49600.056 4.357309516306703e-08
49650.056 9.51463941860022e-08
49700.056 1.1158306885699046e-07
49750.056 1.1160884999699165e-07
49800.056 6.965287555885841e-08
49850.056 1.345828164420104e-07
49900.056 1.3529825678599867e-07
49950.056 1.1553606836899555e-07
50000.056 9.28596551682952e-08
50050.056 1.0902375304400668e-07
50100.056 9.36469918349959e-08
50150.056 4.520007034769289e-08
50200.056 9.78362201144382e-09
50250.056 5.039088334699918e-08
50300.056 3.4761733167585695e-08
50350.056 1.0325195406900874e-07
50400.056 1.1137685877299709e-07
50450.056 7.861792655000024e-08
50500.056 1.2494498419400745e-07
50550.056 1.301602482700007e-07
50600.056 8.637364313697996e-08
50650.056 1.2355208041801552e-07
50700.056 1.332420687999974e-07
50750.056 8.371125911899955e-08
50800.056 3.275497137803363e-08
50850.056 1.903758726320798e-08
50900.056 9.50501174810049e-08
50950.056 9.631636242799683e-08
51000.056 7.44319029214102e-08
51050.056 9.892250045998678e-08
51100.056 4.389679720539825e-08
51150.056 4.482102802134898e-08
51200.056 1.2248513265999982e-07
51250.056 9.361634597698827e-08
51300.056 6.155257718470716e-08
51350.056 6.483484795624967e-08
51400.056 2.5938770873744668e-08
51450.056 1.9898066381564548e-08
51500.056 1.701834893450594e-08
51550.056 6.087322560100762e-08
51600.056 5.481232053660497e-08
51650.056 7.022740110099601e-08
51700.056 6.993756724607806e-08
51750.056 5.3450269256659025e-08
51800.056 9.365219874499392e-08
51850.056 7.182886902999683e-08
51900.056 8.831107446300374e-08
51950.056 5.435058641599218e-08
52000.056 6.961139075947586e-09
52050.056 2.961811009500328e-08
52100.056 1.8414286764096964e-08
52150.056 1.1510805484504674e-08
52200.056 3.062156404659845e-08
52250.056 5.131460823360758e-08
52300.056 7.023284438699713e-08
52350.056 2.1936344690962834e-08
52400.056 2.3354621949420117e-08
52450.056 7.311398904400868e-08
52500.056 6.221640948438935e-08
52550.056 6.544055953299376e-08
52600.056 5.1502086208605336e-08
52650.056 6.30856515220014e-08
52700.056 3.8419808297100235e-08
52750.056 1.8563651729214993e-08
52800.056 3.0014509270905045e-08
52850.056 3.770764670549193e-08
52900.056 1.7626670222886222e-08
52950.056 2.8441142867203825e-08
53000.056 5.272269920600156e-08
53050.056 2.154545832817738e-08
53100.056 6.656024176400373e-08
53150.056 7.109673796000029e-08
53200.056 2.650978706339729e-08
53250.056 6.008937025000346e-08
53300.056 6.83976838676157e-08
53350.056 6.05482275989986e-08
53400.056 4.186562145099679e-08
53450.056 1.3616282567896536e-08
53500.056 3.839213004118786e-09
