galfind/configs/Brown_Dwarf_templates/sonora_bobcat/m0.0/3160g/sp_t200g3160nc_m0.0_resample.dat
# %ECSV 1.0
# ---
# datatype:
# - {name: wav, unit: Angstrom, datatype: float64}
# - {name: flux_nu, unit: erg / (cm2 Hz s), datatype: float64}
# meta: {C/O: '1.00', Kzz: '1.0000E+05', Teff: '200.', Y: '0.28', '[Fe/H]': '0.00', f_hole: '1.00', f_rain: '0.00', grav: '3160.'}
# schema: astropy-2.0
wav flux_nu
[from data line 498]
28900.056 7.876390573119745e-15
28950.056 4.332804685894526e-15
29000.056 4.221113828157157e-15
29050.056 1.0119640471991806e-14
29100.056 1.6629303584667527e-16
29150.056 6.941607138998369e-16
29200.056 2.6484338833401793e-14
29250.056 8.04520637274878e-15
29300.056 1.0936960576622087e-15
29350.056 1.476245813869857e-14
29400.056 1.2887926451306128e-14
29450.056 2.032212334066795e-15
29500.056 2.3925804923907367e-14
29550.056 1.7878099932267254e-14
29600.056 2.066671801530032e-15
29650.056 1.5120811067096506e-14
29700.056 1.4302726938805675e-14
29750.056 4.8000805305981176e-14
29800.056 5.763824761266544e-15
29850.056 4.174185578030037e-14
29900.056 1.0778496562299953e-14
29950.056 3.723554764906305e-15
30000.056 2.417866467586423e-17
30050.056 7.28308721607366e-15
30100.056 2.6951748174452552e-14
30150.056 3.297319933672196e-14
30200.056 1.7723272686700518e-13
30250.056 1.1184053361389569e-13
30300.056 8.986771941488361e-14
30350.056 4.5341161739307754e-14
30400.056 2.797695402300391e-13
30450.056 2.84223722248935e-13
30500.056 2.884438647870375e-14
30550.056 4.339660277362271e-14
30600.056 9.79819778439978e-13
30650.056 4.584200409479833e-13
30700.056 2.576367963937574e-14
30750.056 2.637116032129546e-13
30800.056 6.790846823199735e-13
30850.056 6.244660213300275e-13
30900.056 6.308596453508114e-14
30950.056 2.552429590950438e-13
31000.056 3.434875309599673e-13
31050.056 5.842813248284099e-14
31100.056 1.0565064963751858e-14
31150.056 1.592975693310757e-13
31200.056 5.615141112400188e-13
31250.056 4.512576982739177e-13
31300.056 4.760460155609421e-14
31350.056 3.8747088309602834e-13
31400.056 3.0945037006699207e-13
31450.056 2.498745800609829e-13
31500.056 7.492915692580845e-14
31550.056 1.6802338645768234e-13
31600.056 1.0538213705932271e-13
31650.056 4.6361715348412275e-14
31700.056 4.3908993288005535e-14
31750.056 1.1259326536424954e-14
31800.056 1.8556474776297796e-14
31850.056 1.783222619447739e-15
31900.056 4.698925691470324e-15
31950.056 1.03662512139257e-15
32000.056 8.4177580910053755e-16
32050.056 2.7309021066351246e-16
32100.056 1.472039083985169e-16
32150.056 6.528277585279977e-17
32200.056 1.3908711101132002e-17
32250.056 2.854798976940314e-17
32300.056 2.356432961175564e-18
32350.056 7.050907434853976e-18
32400.056 3.986069775439528e-19
32450.056 3.765845643180139e-18
32500.056 3.4102759790314343e-19
32550.056 2.0598231208699905e-18
32600.056 1.419192903326278e-19
32650.056 2.1099284691600932e-18
32700.056 1.705845002808338e-19
32750.056 5.3623239325208545e-18
32800.056 1.0545102867186308e-18
32850.056 4.201814776896383e-17
32900.056 1.1992463995830632e-17
32950.056 5.166334654500124e-17
33000.056 1.140206779003662e-17
33050.056 3.380490457210724e-18
33100.056 6.099183396579389e-19
33150.056 9.540533624765115e-21
33200.056 9.155615990758553e-19
33250.056 1.9808582264363557e-18
33300.056 5.362634381980349e-17
33350.056 8.687078775870766e-18
33400.056 8.425875174099521e-17
33450.056 1.4597037047994062e-18
33500.056 2.776885278290204e-17
33550.056 4.156956575315174e-18
33600.056 1.9447882635594084e-17
33650.056 3.6100711904835464e-17
33700.056 3.2695990823784017e-18
33750.056 5.620428424779336e-17
33800.056 1.587438500350193e-18
33850.056 3.20568403984222e-17
33900.056 3.466147531466048e-17
33950.056 8.366670653191556e-17
34000.056 3.75542331588988e-16
34050.056 4.672514082632145e-17
34100.056 7.570231705328614e-16
34150.056 1.9328958019103108e-16
34200.056 2.460247287575674e-15
34250.056 6.330561576172314e-16
34300.056 1.2824555393115642e-15
34350.056 1.2284660097611865e-14
34400.056 7.748019615772087e-16
34450.056 5.166365279709455e-15
34500.056 1.0054946519326536e-15
34550.056 1.980078070085257e-14
34600.056 1.2172739986093866e-13
34650.056 1.5659277080014112e-15
34700.056 6.657349037404625e-14
34750.056 7.488643130703297e-15
34800.056 1.5018542969929338e-14
34850.056 3.12688690031252e-14
34900.056 7.944416583721515e-15
34950.056 6.135990176689377e-14
35000.056 4.106000069411434e-14
35050.056 1.9588693863872318e-13
35100.056 1.3626675802895114e-13
35150.056 6.915976329690653e-13
35200.056 9.599186717760715e-13
35250.056 9.440519439664934e-13
35300.056 4.482756435566663e-14
35350.056 2.480795740732637e-15
35400.056 1.1171306994519503e-15
35450.056 2.5870385889146017e-15
35500.056 6.332359161643665e-14
35550.056 1.3099139872248044e-13
35600.056 1.8095318552849778e-13
35650.056 1.0249021930741788e-13
35700.056 2.5094735107525855e-13
35750.056 2.7577318981272603e-13
35800.056 4.387585906063118e-14
35850.056 3.1688616940085703e-14
35900.056 1.6718323633515658e-13
35950.056 9.376398418180998e-13
36000.056 1.3272125953199975e-12
36050.056 3.763132999681882e-13
36100.056 2.805077908481627e-13
36150.056 5.3053490405922035e-12
36200.056 2.662201162599761e-12
36250.056 5.838106518380189e-13
36300.056 2.701360774774479e-12
36350.056 3.330852828179847e-12
36400.056 3.5040084801998145e-12
36450.056 9.394008350972638e-13
36500.056 1.139739742465691e-12
36550.056 1.1482174117500714e-11
36600.056 1.338678079999967e-11
36650.056 2.1061985496797818e-12
36700.056 4.488681017154593e-12
36750.056 2.121927589500175e-11
36800.056 1.8110883080897962e-11
36850.056 3.652797646518007e-12
36900.056 3.1718549220199874e-12
36950.056 2.2376210980299348e-11
37000.056 1.9129886162882785e-11
37050.056 1.7943369173587165e-11
37100.056 1.468989982023532e-12
37150.056 4.6628709427727805e-12
37200.056 4.3585176719002845e-11
37250.056 1.4523757024196797e-11
37300.056 3.9820061403701355e-12
37350.056 6.372429228209923e-12
37400.056 1.815687640152045e-11
37450.056 1.5429649261199087e-11
37500.056 9.793025112109078e-12
37550.056 4.888061219761023e-11
37600.056 9.701133150599218e-11
37650.056 9.90860530064155e-12
37700.056 2.658585257760108e-11
37750.056 2.6454064229199418e-11
37800.056 3.015429741600672e-11
37850.056 2.8192307020999475e-11
37900.056 1.4995088737579602e-11
37950.056 1.8926055219898773e-11
38000.056 1.3131466444079486e-11
38050.056 4.9087712631402316e-11
38100.056 9.014533402279316e-11
38150.056 9.241106876059378e-11
38200.056 4.5049797936923124e-11
38250.056 9.085028666931653e-11
38300.056 2.329380321229764e-10
38350.056 9.057121207501042e-11
38400.056 1.8521835819480356e-11
38450.056 2.6335314112392717e-12
38500.056 1.166162601380265e-11
38550.056 8.795040637500964e-11
38600.056 1.5592134078099086e-10
38650.056 7.733322305619831e-11
38700.056 3.572531843299484e-11
38750.056 8.491600472079894e-11
38800.056 9.6338747289002e-11
38850.056 1.1241508829900645e-10
38900.056 7.269387430318755e-11
38950.056 6.297670202101377e-11
39000.056 1.4620013989998564e-10
39050.056 2.7784832773001795e-11
39100.056 2.3197452367085854e-11
39150.056 1.324449043440045e-10
39200.056 1.7418113996999966e-10
39250.056 8.689535795149723e-11
39300.056 9.53831412520128e-11
39350.056 3.038861732900041e-10
39400.056 1.3573404333817376e-10
39450.056 2.2572831205502352e-10
39500.056 2.9413369805997886e-10
39550.056 8.247870182481139e-11
39600.056 1.5139686218503604e-10
39650.056 5.030755824600137e-10
39700.056 4.328055412299819e-10
39750.056 7.862478647298344e-11
39800.056 3.540123007970248e-11
39850.056 3.1883337656103815e-10
39900.056 5.795999792899865e-10
39950.056 2.8214595397000434e-10
40000.056 3.736523220200152e-10
40050.056 2.846859159299709e-10
40100.056 4.7520866261659875e-11
40150.056 3.2834895005003045e-10
40200.056 5.426701612099978e-10
40250.056 6.41067071959984e-10
40300.056 5.797564890199998e-10
40350.056 1.7567971471396532e-10
40400.056 1.543821372859961e-10
40450.056 1.1430274356001425e-10
40500.056 4.640435949700426e-10
40550.056 7.185221846099976e-10
40600.056 8.858220723799914e-10
40650.056 4.5455680067995435e-10
40700.056 6.213975260600088e-10
40750.056 4.979090452199675e-10
40800.056 3.205448291300112e-10
40850.056 1.033890008240047e-09
40900.056 1.1796478436599661e-09
40950.056 5.369749861799532e-10
41000.056 5.047821363399903e-10
41050.056 1.0212550317700435e-09
41100.056 8.651917952199163e-10
41150.056 2.641964582299947e-10
41200.056 9.504468070701108e-10
41250.056 1.2009836542199234e-09
41300.056 1.358024352840092e-09
41350.056 2.0548514686000257e-09
41400.056 1.8967940494999677e-09
41450.056 1.698940608099976e-09
41500.056 9.48756482299928e-10
41550.056 8.097853592500521e-10
41600.056 1.0485157367800163e-09
41650.056 1.9152514751000876e-09
41700.056 2.5141382353999855e-09
41750.056 2.286998066700017e-09
41800.056 2.2866726481999615e-09
41850.056 1.4533087674999392e-09
41900.056 1.0700872289499213e-09
41950.056 7.156028831899409e-10
42000.056 2.5807206081997364e-10
42050.056 4.245225903000295e-10
42100.056 8.649384892100273e-10
42150.056 1.2473418988600394e-09
42200.056 1.5249735897999977e-09
42250.056 1.3620507037000116e-09
42300.056 1.338083679999989e-09
42350.056 2.0907848022000766e-09
42400.056 2.907156388700061e-09
42450.056 3.481271177500034e-09
42500.056 3.6558031832999997e-09
42550.056 3.387442265099945e-09
42600.056 2.6829054710000193e-09
42650.056 2.6552951823998753e-09
42700.056 1.8403301344000365e-09
42750.056 3.1496257610001223e-09
42800.056 4.147275275900038e-09
42850.056 4.3170046098999835e-09
42900.056 4.161066022399984e-09
42950.056 3.800922648900002e-09
43000.056 3.798580765099974e-09
43050.056 2.8783799676998545e-09
43100.056 3.1621541563001024e-09
43150.056 3.776568970900053e-09
43200.056 4.404653996700026e-09
43250.056 4.562883208e-09
43300.056 4.338620405799952e-09
43350.056 3.871528376699977e-09
43400.056 3.759266696399951e-09
43450.056 2.9645134365999454e-09
43500.056 2.3875926554999885e-09
43550.056 3.2182493838000895e-09
43600.056 4.013313693600014e-09
43650.056 3.5764397009999563e-09
43700.056 4.065256700900134e-09
43750.056 4.533288654999987e-09
43800.056 4.106923380899947e-09
43850.056 3.65008110719998e-09
43900.056 3.1584409968999926e-09
43950.056 3.0834350513000164e-09
44000.056 3.423555320600037e-09
44050.056 4.268360732000102e-09
44100.056 4.743789093700002e-09
44150.056 4.614810624799987e-09
44200.056 4.42293963809997e-09
44250.056 3.776845117399948e-09
44300.056 3.0433627495999343e-09
44350.056 2.7328844057000163e-09
44400.056 3.0437637831000274e-09
44450.056 3.856177741000078e-09
44500.056 3.986333741999983e-09
44550.056 4.154087842600009e-09
44600.056 3.983134785799998e-09
44650.056 4.116388245499985e-09
44700.056 3.8744248136999616e-09
44750.056 3.9563199993000185e-09
44800.056 3.4964714107999402e-09
44850.056 3.6984460051000654e-09
44900.056 4.096217211100028e-09
44950.056 4.410229159700039e-09
45000.056 4.546486142999994e-09
45050.056 4.255114194099943e-09
45100.056 4.071804475700017e-09
45150.056 3.822556197199963e-09
45200.056 3.157410626899956e-09
45250.056 3.2738546643000044e-09
45300.056 3.056685042199936e-09
45350.056 2.6360337545000813e-09
45400.056 3.868076008300052e-09
45450.056 3.940538599400053e-09
45500.056 4.394039294800041e-09
45550.056 4.375768247699947e-09
45600.056 4.262974046300011e-09
45650.056 3.966617388399914e-09
45700.056 2.9082483238998383e-09
45750.056 2.821698174700112e-09
45800.056 3.7133948699e-09
45850.056 3.5746947105000653e-09
45900.056 4.349403896100044e-09
45950.056 4.453128500499985e-09
46000.056 4.273646485099979e-09
46050.056 3.906613924300012e-09
46100.056 3.996453577099957e-09
46150.056 3.4439175624999525e-09
46200.056 2.50739270239983e-09
46250.056 1.5741455471000173e-09
46300.056 2.632181624700108e-09
46350.056 3.1857932109000027e-09
46400.056 3.268509678499999e-09
46450.056 2.7001086525999644e-09
46500.056 3.1234793520000097e-09
46550.056 2.5464256071999117e-09
46600.056 2.0576054719999914e-09
46650.056 2.571185662700032e-09
46700.056 2.102847385499888e-09
46750.056 1.2239829256999818e-09
46800.056 8.874787993999857e-10
46850.056 1.797812345500193e-09
46900.056 2.838464083400073e-09
46950.056 3.2383245669000227e-09
47000.056 3.2959935008999855e-09
47050.056 2.6241988787999136e-09
47100.056 2.608483856400018e-09
47150.056 2.678774065100018e-09
47200.056 2.412698273299911e-09
47250.056 1.2751777714698513e-09
47300.056 1.0959529845901385e-09
47350.056 2.2739175591000956e-09
47400.056 2.7614563391000047e-09
47450.056 2.4602778420999915e-09
47500.056 2.8296244094000637e-09
47550.056 2.9165443348999706e-09
47600.056 2.2397523128999496e-09
47650.056 2.2457729201999663e-09
47700.056 2.055904207200023e-09
47750.056 1.7451238961999313e-09
47800.056 9.833016148599018e-10
47850.056 5.139809085400286e-10
47900.056 8.643207885300433e-10
47950.056 1.6386540055000963e-09
48000.056 1.97018527109997e-09
48050.056 1.8627866175000044e-09
48100.056 1.4887429175999722e-09
48150.056 1.7443279636000062e-09
48200.056 1.2458600248199425e-09
48250.056 1.5027131325000295e-09
48300.056 1.4453516304999577e-09
48350.056 9.070540299499118e-10
48400.056 3.665531441099611e-10
48450.056 4.4712916373005436e-10
48500.056 7.58405386569984e-10
48550.056 9.57559538800111e-10
48600.056 1.7080818228000517e-09
48650.056 2.014399554600013e-09
48700.056 2.045817472e-09
48750.056 1.980232413499986e-09
48800.056 1.7448167464999542e-09
48850.056 1.131246919139948e-09
48900.056 7.523856338999454e-10
48950.056 4.819656125199774e-10
49000.056 4.211381919100419e-10
49050.056 8.823528296900235e-10
49100.056 1.238377665340067e-09
49150.056 1.4392215554000092e-09
49200.056 1.6843414131000255e-09
49250.056 1.666049692899978e-09
49300.056 1.3094838780099402e-09
49350.056 8.933636303000202e-10
49400.056 8.442436923799448e-10
49450.056 6.746452277200226e-10
49500.056 5.028248359999595e-10
49550.056 2.584497396399872e-10
49600.056 3.0669573419002553e-10
49650.056 6.68750891030047e-10
49700.056 9.379438506400192e-10
49750.056 8.331125669099825e-10
49800.056 7.019502940400104e-10
49850.056 1.0630005874700397e-09
49900.056 1.1934151909999986e-09
49950.056 1.0714101829599747e-09
50000.056 6.905660398999441e-10
50050.056 6.080170427900296e-10
50100.056 5.550458017299772e-10
50150.056 3.086205331099707e-10
50200.056 1.563538965200075e-10
50250.056 2.996067250400069e-10
50300.056 3.125030940600206e-10
50350.056 6.216179943700337e-10
50400.056 8.604760532900257e-10
50450.056 1.005152337040009e-09
50500.056 1.0944458387000122e-09
50550.056 1.112785232599987e-09
50600.056 9.4462353611999e-10
50650.056 9.869513734899938e-10
50700.056 8.271313239199694e-10
50750.056 5.743231649999732e-10
50800.056 2.7768782408996596e-10
50850.056 2.28111358870024e-10
50900.056 4.889534548800313e-10
50950.056 6.078250517599881e-10
51000.056 5.62132689380033e-10
51050.056 7.582335065099923e-10
51100.056 6.177628687299726e-10
51150.056 4.413712913300212e-10
51200.056 6.991158694700191e-10
51250.056 7.029198192499876e-10
51300.056 5.683352209099799e-10
51350.056 3.6187636828996916e-10
51400.056 2.354323174400037e-10
51450.056 1.771233386899821e-10
51500.056 1.9019694788002228e-10
51550.056 3.884777768500224e-10
51600.056 5.375650255300158e-10
51650.056 6.350985741600079e-10
51700.056 5.757826121899711e-10
51750.056 5.649545158200245e-10
51800.056 6.456167103199966e-10
51850.056 5.809454634899854e-10
51900.056 4.729205104799831e-10
51950.056 3.1128541599996935e-10
52000.056 1.597397958499967e-10
52050.056 2.295207565200022e-10
52100.056 1.6141258562998476e-10
52150.056 1.300205798660144e-10
52200.056 2.725806525700197e-10
52250.056 3.7703844994000764e-10
52300.056 3.6863521289998784e-10
52350.056 2.1424837813999628e-10
52400.056 2.533040077100077e-10
52450.056 4.1355787982002073e-10
52500.056 4.167012483999985e-10
52550.056 5.343085947000045e-10
52600.056 5.681041168600093e-10
52650.056 5.628987716599909e-10
52700.056 4.3200442253997563e-10
52750.056 2.2749142227998323e-10
52800.056 3.102063492600205e-10
52850.056 3.217016568799896e-10
52900.056 1.6755889174997884e-10
52950.056 2.1606037438002068e-10
53000.056 3.5966669726000743e-10
53050.056 3.190662466499995e-10
53100.056 4.3771254825001584e-10
53150.056 4.051380559599876e-10
53200.056 3.4688610640999584e-10
53250.056 3.8353252363000465e-10
53300.056 3.8512523761999726e-10
53350.056 3.489484218199917e-10
53400.056 2.7684101199998784e-10
53450.056 1.67216153109984e-10
53500.056 9.706302788099826e-11
53550.056 1.343865035700061e-10
