galfind/configs/Brown_Dwarf_templates/sonora_bobcat/m0.0/3160g/sp_t1900g3160nc_m0.0_resample.dat
# %ECSV 1.0
# ---
# datatype:
# - {name: wav, unit: Angstrom, datatype: float64}
# - {name: flux_nu, unit: erg / (cm2 Hz s), datatype: float64}
# meta: {C/O: '1.00', Kzz: '1.0000E+05', Teff: '1900.', Y: '0.28', '[Fe/H]': '0.00', f_hole: '1.00', f_rain: '0.00', grav: '3160.'}
# schema: astropy-2.0
wav flux_nu
[from data line 497]
28850.056 1.3770637114900815e-06
28900.056 1.0017815243899687e-06
28950.056 1.5271822909799456e-06
29000.056 1.3053786445197386e-06
29050.056 1.41245081428009e-06
29100.056 1.1014340562001349e-06
29150.056 1.5405168861700168e-06
29200.056 1.2519426036500608e-06
29250.056 1.3947156327799398e-06
29300.056 1.12778432015978e-06
29350.056 1.7217243033998977e-06
29400.056 1.366648169189942e-06
29450.056 1.3460145676299625e-06
29500.056 1.3937844373499367e-06
29550.056 1.3945968038200447e-06
29600.056 1.5382382338697402e-06
29650.056 1.3747019487399684e-06
29700.056 1.3616939463999343e-06
29750.056 1.5472669170402304e-06
29800.056 1.5974579124898048e-06
29850.056 1.4615872784898429e-06
29900.056 1.4252122115304576e-06
29950.056 1.707498230619807e-06
30000.056 1.6140368550597742e-06
30050.056 1.4882272955900302e-06
30100.056 1.343089958929703e-06
30150.056 1.899458209950007e-06
30200.056 1.6276895321400838e-06
30250.056 1.6684304970001878e-06
30300.056 1.5309618351598916e-06
30350.056 1.644396602240229e-06
30400.056 1.8950321560801738e-06
30450.056 1.4939783976001981e-06
30500.056 1.4257773598300882e-06
30550.056 1.759052346840154e-06
30600.056 1.702882227130077e-06
30650.056 1.7373817184400131e-06
30700.056 1.563751603409859e-06
30750.056 1.586334260219942e-06
30800.056 1.8062407101002674e-06
30850.056 1.541361273469876e-06
30900.056 1.4696953312398687e-06
30950.056 1.3949491340201417e-06
31000.056 1.613747170420037e-06
31050.056 1.6425865588700188e-06
31100.056 1.4160151206699995e-06
31150.056 1.5047276031697916e-06
31200.056 1.5350755220899291e-06
31250.056 1.5935352034900744e-06
31300.056 1.4513084005998338e-06
31350.056 1.4194661602999858e-06
31400.056 1.3695105584202456e-06
31450.056 1.4278701296299057e-06
31500.056 1.389963068589899e-06
31550.056 1.3657654456799794e-06
31600.056 1.3119337828299706e-06
31650.056 1.3394037340699652e-06
31700.056 1.3509080101199027e-06
31750.056 1.2510478267602007e-06
31800.056 1.424747789509889e-06
31850.056 1.3618815954101466e-06
31900.056 1.5243487077800478e-06
31950.056 1.2217115187600538e-06
32000.056 1.3265926436998718e-06
32050.056 1.4594058771901583e-06
32100.056 1.4789846079798618e-06
32150.056 1.6071761025199105e-06
32200.056 1.445968573799951e-06
32250.056 1.604746433360138e-06
32300.056 1.4141825991699508e-06
32350.056 1.805421449700281e-06
32400.056 1.4726260927399941e-06
32450.056 1.6707756752098144e-06
32500.056 1.7196570611002637e-06
32550.056 1.9466739082699855e-06
32600.056 1.885165888439952e-06
32650.056 1.9546320801001796e-06
32700.056 1.9183532341001846e-06
32750.056 1.922620115789975e-06
32800.056 1.837642318920223e-06
32850.056 2.131345561409864e-06
32900.056 2.1592705063700905e-06
32950.056 1.968772348569938e-06
33000.056 2.008635316920031e-06
33050.056 1.9143210571798476e-06
33100.056 1.7811241557598578e-06
33150.056 1.1119590501101848e-06
33200.056 8.820838819497264e-07
33250.056 7.694996459897452e-07
33300.056 7.275769304401412e-07
33350.056 8.151459435900377e-07
33400.056 8.642067474599424e-07
33450.056 9.497970430899645e-07
33500.056 1.1873739790101148e-06
33550.056 1.260151127170054e-06
33600.056 1.471680046430097e-06
33650.056 1.7197681900102775e-06
33700.056 1.7164411775799526e-06
33750.056 1.9952444431199716e-06
33800.056 1.823183888559834e-06
33850.056 2.0277815530700934e-06
33900.056 2.0700853104998318e-06
33950.056 1.977889363599976e-06
34000.056 2.078782288629733e-06
34050.056 1.931774577059675e-06
34100.056 2.1221071591401333e-06
34150.056 1.9181567767595705e-06
34200.056 1.9025555531596856e-06
34250.056 2.109041062849784e-06
34300.056 1.757308300329251e-06
34350.056 1.8765121079000584e-06
34400.056 1.7860779959101033e-06
34450.056 1.8142651946400667e-06
34500.056 2.134990190500075e-06
34550.056 1.7454169849400001e-06
34600.056 2.04808132096002e-06
34650.056 1.9682538963900027e-06
34700.056 2.0237566609898e-06
34750.056 2.2446820502001875e-06
34800.056 1.940910764949856e-06
34850.056 2.0024435068600634e-06
34900.056 2.0076963681301214e-06
34950.056 1.998759245799706e-06
35000.056 2.1564918261700307e-06
35050.056 2.230847664680268e-06
35100.056 2.1204212461998856e-06
35150.056 2.25963542612992e-06
35200.056 2.201093806340105e-06
35250.056 2.3141438617000255e-06
35300.056 2.1709164214100554e-06
35350.056 2.291374769599937e-06
35400.056 2.2599621463201366e-06
35450.056 2.0193627286503582e-06
35500.056 2.517972338699959e-06
35550.056 2.3815903167999894e-06
35600.056 2.2409925434400107e-06
35650.056 2.610823574800145e-06
35700.056 2.2729875324000322e-06
35750.056 2.406071373339773e-06
35800.056 2.7422313020999406e-06
35850.056 2.4415683918001944e-06
35900.056 2.8441243848999144e-06
35950.056 2.6464173392999124e-06
36000.056 2.572263022000084e-06
36050.056 2.9116688888002067e-06
36100.056 2.890099239099221e-06
36150.056 2.6546247279003117e-06
36200.056 3.020697211699874e-06
36250.056 2.777692017399917e-06
36300.056 3.166712865400116e-06
36350.056 2.956309796499804e-06
36400.056 3.005527266800094e-06
36450.056 3.333597197299829e-06
36500.056 3.066488738500029e-06
36550.056 3.1289335737004627e-06
36600.056 3.1064370164000677e-06
36650.056 3.2205905628999234e-06
36700.056 3.480312493499905e-06
36750.056 3.158456234100079e-06
36800.056 3.33430878929992e-06
36850.056 3.511923222100071e-06
36900.056 3.411065349400171e-06
36950.056 3.4431041904998797e-06
37000.056 3.532143667099903e-06
37050.056 3.6106273432998865e-06
37100.056 3.5545528099001856e-06
37150.056 3.6072041857997607e-06
37200.056 3.6735088002999752e-06
37250.056 3.7135328380999537e-06
37300.056 3.746267213900155e-06
37350.056 3.535287153300284e-06
37400.056 3.7300924255999526e-06
37450.056 3.58644229320011e-06
37500.056 3.830997672199862e-06
37550.056 3.77592175359977e-06
37600.056 3.926446515299934e-06
37650.056 3.755178904499965e-06
37700.056 3.922870924899962e-06
37750.056 3.88611440940001e-06
37800.056 3.966419419199939e-06
37850.056 3.8819303528999565e-06
37900.056 3.905015795300202e-06
37950.056 3.939918847900043e-06
38000.056 4.012544799900128e-06
38050.056 3.969962567100137e-06
38100.056 3.822333308200151e-06
38150.056 4.082864835199967e-06
38200.056 4.061747198899946e-06
38250.056 3.866348266000173e-06
38300.056 3.856989877199968e-06
38350.056 3.9785995900999955e-06
38400.056 4.037156065499903e-06
38450.056 4.169475750000039e-06
38500.056 3.984321970299967e-06
38550.056 4.067048365200129e-06
38600.056 4.321385509999959e-06
38650.056 3.997897656899977e-06
38700.056 3.981378240400254e-06
38750.056 4.156085621000007e-06
38800.056 4.083222655800173e-06
38850.056 4.098611034399992e-06
38900.056 3.925721410099935e-06
38950.056 4.1605624589e-06
39000.056 4.0827699231000655e-06
39050.056 4.1440308251999395e-06
39100.056 3.932663513600098e-06
39150.056 4.071049026900058e-06
39200.056 4.122838819000012e-06
39250.056 4.083682844799776e-06
39300.056 4.081094358199807e-06
39350.056 4.064894884500163e-06
39400.056 4.0454836027000635e-06
39450.056 4.100836503599946e-06
39500.056 3.9587051817998786e-06
39550.056 3.916170194599776e-06
39600.056 4.1757928701999545e-06
39650.056 3.874782505300061e-06
39700.056 3.927398560899976e-06
39750.056 3.954422588199844e-06
39800.056 3.7182683512000837e-06
39850.056 3.948775605199908e-06
39900.056 3.798848797499982e-06
39950.056 3.943602729799899e-06
40000.056 3.626950228799926e-06
40050.056 3.608957680699982e-06
40100.056 3.8034414638999497e-06
40150.056 3.5836553443997503e-06
40200.056 3.720257985099921e-06
40250.056 3.436293423699402e-06
40300.056 3.4992211316001825e-06
40350.056 3.6003665700000995e-06
40400.056 3.5610781010000675e-06
40450.056 3.4490400313000216e-06
40500.056 3.2183779541002144e-06
40550.056 3.6225317755998114e-06
40600.056 3.0979681644001396e-06
40650.056 3.444804201800101e-06
40700.056 3.568548308400035e-06
40750.056 3.142136875999363e-06
40800.056 3.137133851599909e-06
40850.056 2.9899384038003746e-06
40900.056 3.077101054200113e-06
40950.056 3.138276609599951e-06
41000.056 3.179789312299941e-06
41050.056 3.1560664929996824e-06
41100.056 2.9547479750999142e-06
41150.056 3.18838674379996e-06
41200.056 3.0246434370000683e-06
41250.056 3.0597380416001016e-06
41300.056 2.6756556621997176e-06
41350.056 3.056331816800061e-06
41400.056 2.8487935310002025e-06
41450.056 2.9282170985001727e-06
41500.056 3.0103014587001174e-06
41550.056 2.885836878020049e-06
41600.056 2.836342617300097e-06
41650.056 2.7848220406001825e-06
41700.056 2.6441737464998827e-06
41750.056 2.793428700899857e-06
41800.056 2.924151535499855e-06
41850.056 2.3582392769002168e-06
41900.056 2.7946489968999214e-06
41950.056 2.7870328222002814e-06
42000.056 2.7046136607303744e-06
42050.056 2.4528231638997102e-06
42100.056 2.7573587158001686e-06
42150.056 2.190746061399784e-06
42200.056 2.2465936792401388e-06
42250.056 2.6605079215999145e-06
42300.056 2.3499431353000572e-06
42350.056 2.60270288952028e-06
42400.056 2.3637733540001934e-06
42450.056 2.11482696110007e-06
42500.056 2.1930271643000867e-06
42550.056 2.2115357515999976e-06
42600.056 2.28236844050012e-06
42650.056 2.3368048638995005e-06
42700.056 2.3428753584001483e-06
42750.056 2.1547046258999975e-06
42800.056 2.270389505040354e-06
42850.056 2.4127626643996938e-06
42900.056 2.4040275440500797e-06
42950.056 2.0752233706994763e-06
43000.056 2.2256798467999914e-06
43050.056 1.9421160597405875e-06
43100.056 2.1142766496000023e-06
43150.056 2.0751008547202026e-06
43200.056 1.9603656754000465e-06
43250.056 2.0392610785399472e-06
43300.056 2.0623610903000996e-06
43350.056 1.7955455043397886e-06
43400.056 1.8606402839599945e-06
43450.056 1.7968939460801566e-06
43500.056 1.798207406099847e-06
43550.056 1.7687978235600124e-06
43600.056 1.8773503546301054e-06
43650.056 1.6193770687999974e-06
43700.056 1.7198852932999163e-06
43750.056 1.7041846640801035e-06
43800.056 1.5724556328300035e-06
43850.056 1.5741078939401969e-06
43900.056 1.626336817379936e-06
43950.056 1.498690831999975e-06
44000.056 1.3965082378400318e-06
44050.056 1.404474740870028e-06
44100.056 1.4761235353001578e-06
44150.056 1.518023692369963e-06
44200.056 1.4019336437200492e-06
44250.056 1.3966828788899898e-06
44300.056 1.3513401005400969e-06
44350.056 1.2870288341700826e-06
44400.056 1.346481082409944e-06
44450.056 1.3646222221600451e-06
44500.056 1.3140217966400934e-06
44550.056 1.2412791781298473e-06
44600.056 1.231430071740123e-06
44650.056 1.3212564808500086e-06
44700.056 1.2427754915400308e-06
44750.056 1.261864986039902e-06
44800.056 1.2431191094399588e-06
44850.056 1.2321856116401168e-06
44900.056 1.1836454285500744e-06
44950.056 1.145156626330052e-06
45000.056 1.2049413522699905e-06
45050.056 1.206271105679936e-06
45100.056 1.2518070507900263e-06
45150.056 1.1402193261000038e-06
45200.056 1.066406033530004e-06
45250.056 1.1138040152899323e-06
45300.056 1.2123745132400259e-06
45350.056 1.2273292984199268e-06
45400.056 1.1456078708601072e-06
45450.056 1.0945922992298754e-06
45500.056 1.1469100688999324e-06
45550.056 1.2107408540900115e-06
45600.056 1.1221512682799834e-06
45650.056 1.0514710297798586e-06
45700.056 1.1891803652600618e-06
45750.056 1.0850529339800468e-06
45800.056 1.0745869626699478e-06
45850.056 1.2681921315899647e-06
45900.056 1.2205678448700153e-06
45950.056 1.0941992754799922e-06
46000.056 1.2676464129500065e-06
46050.056 1.2918859422402657e-06
46100.056 1.0647952267900683e-06
46150.056 1.167497762589917e-06
46200.056 1.2134443962602085e-06
46250.056 1.0427459561600094e-06
46300.056 1.3054977953100066e-06
46350.056 1.1708763131499244e-06
46400.056 1.1816747836399238e-06
46450.056 1.2258328273000861e-06
46500.056 1.1181503768899237e-06
46550.056 1.344839951290016e-06
46600.056 1.2604884598500763e-06
46650.056 1.5374274996698205e-06
46700.056 1.5031998535304642e-06
46750.056 1.2034041919200352e-06
46800.056 1.2657209533601113e-06
46850.056 1.365537446310145e-06
46900.056 1.2689348439198483e-06
46950.056 1.468619756359981e-06
47000.056 1.2094177784100227e-06
47050.056 1.4488678405299127e-06
47100.056 1.123062125520066e-06
47150.056 1.276781281340043e-06
47200.056 1.35709208041022e-06
47250.056 1.220226003619916e-06
47300.056 1.2835986019098436e-06
47350.056 1.1072836752099214e-06
47400.056 1.3438644932798694e-06
47450.056 1.1695742026299513e-06
47500.056 1.3456125213598934e-06
47550.056 1.173921792479944e-06
47600.056 1.3513761951899095e-06
47650.056 1.0589059310098742e-06
47700.056 1.3663446686900125e-06
47750.056 1.0062785755101687e-06
47800.056 1.342173776719946e-06
47850.056 1.0246188834799518e-06
47900.056 1.3116141710700152e-06
47950.056 1.0701449170401181e-06
48000.056 1.4550037219999723e-06
48050.056 1.1345671459801044e-06
48100.056 1.2944916764099687e-06
48150.056 1.131564364130138e-06
48200.056 1.337311898580079e-06
48250.056 1.1240028763000657e-06
48300.056 1.440381771169876e-06
48350.056 1.046495942429881e-06
48400.056 1.2761746550199703e-06
48450.056 1.0678974563300215e-06
48500.056 1.4588583493400123e-06
48550.056 1.0231770919599738e-06
48600.056 1.404269194499924e-06
48650.056 1.0582317661199732e-06
48700.056 1.4080132885500749e-06
48750.056 9.662780634300351e-07
48800.056 1.4373248431800604e-06
48850.056 1.0275233683298242e-06
48900.056 1.4037176222401037e-06
48950.056 1.1938676016099753e-06
49000.056 1.1965198862799796e-06
49050.056 1.3205064426699543e-06
49100.056 1.179295771680052e-06
49150.056 1.2538680908299301e-06
49200.056 1.1507887531299478e-06
49250.056 1.2559126476100193e-06
49300.056 1.105281107469913e-06
49350.056 1.203128074239976e-06
49400.056 1.3408952451500036e-06
49450.056 1.1660087727902125e-06
49500.056 1.2246103417800168e-06
49550.056 1.0829322378299144e-06
49600.056 1.1824255138001611e-06
49650.056 1.2370396315599325e-06
49700.056 1.090244506609919e-06
49750.056 1.5973497645999126e-06
49800.056 1.1524750622400095e-06
49850.056 1.481088237730094e-06
49900.056 1.21044174371e-06
49950.056 1.249297204039893e-06
50000.056 1.2667358608397575e-06
50050.056 1.2131049937200653e-06
50100.056 1.3940906031599247e-06
50150.056 1.133089793000012e-06
50200.056 1.0969009417800993e-06
50250.056 1.28793082015002e-06
50300.056 1.1503454155599709e-06
50350.056 1.4465554436299847e-06
50400.056 1.1868983766498903e-06
50450.056 1.208706287820142e-06
50500.056 1.4974620089401173e-06
50550.056 1.2362436987600084e-06
50600.056 1.3346044920999409e-06
50650.056 1.2470303809501306e-06
50700.056 1.4324927635299086e-06
50750.056 1.5124293660401192e-06
50800.056 1.0488395028298618e-06
50850.056 1.2948319688401002e-06
50900.056 1.4022351070299162e-06
50950.056 1.3496437210802238e-06
51000.056 1.6189332162301243e-06
51050.056 1.255129396830057e-06
51100.056 1.2098839962899288e-06
51150.056 1.3761606274699674e-06
51200.056 1.302674541810018e-06
51250.056 1.4349840071000233e-06
51300.056 1.148075185020246e-06
51350.056 1.3755913594399e-06
51400.056 1.2687165616498497e-06
51450.056 9.807622241798592e-07
51500.056 1.267568249640108e-06
51550.056 1.622804444820089e-06
51600.056 1.094709690060035e-06
51650.056 1.3356775963298607e-06
51700.056 1.298130880579683e-06
51750.056 1.1788598414900399e-06
51800.056 1.4824636018197695e-06
51850.056 1.3586327388198622e-06
51900.056 1.5078354931001342e-06
51950.056 1.3932378940499138e-06
52000.056 1.1112167522899598e-06
52050.056 1.3383300052599494e-06
52100.056 1.2459603055899177e-06
52150.056 1.2362752578600392e-06
52200.056 1.202234719940028e-06
52250.056 1.2760603449299813e-06
52300.056 1.4697757804799773e-06
52350.056 1.463144255230084e-06
52400.056 1.1073356104101282e-06
52450.056 1.2729715627300383e-06
52500.056 1.4736441539898183e-06
52550.056 1.3705326940698017e-06
52600.056 1.3680615642500706e-06
52650.056 1.5072806874901336e-06
52700.056 1.2513116058800533e-06
52750.056 1.1189967715999433e-06
52800.056 1.200228502820087e-06
52850.056 1.179792936409891e-06
52900.056 1.323277611549973e-06
52950.056 1.2629719252499437e-06
53000.056 1.4670699755299887e-06
53050.056 1.24094151278978e-06
53100.056 1.2927468849799057e-06
53150.056 1.560322898640125e-06
53200.056 1.0429175320000528e-06
53250.056 1.4323289745000223e-06
53300.056 1.4663142245304031e-06
53350.056 1.4522615868998667e-06
