galfind/configs/Brown_Dwarf_templates/sonora_bobcat/m0.0/3160g/sp_t750g3160nc_m0.0_resample.dat
# %ECSV 1.0
# ---
# datatype:
# - {name: wav, unit: Angstrom, datatype: float64}
# - {name: flux_nu, unit: erg / (cm2 Hz s), datatype: float64}
# meta: {C/O: '1.00', Kzz: '1.0000E+05', Teff: '750.', Y: '0.28', '[Fe/H]': '0.00', f_hole: '1.00', f_rain: '0.00', grav: '3160.'}
# schema: astropy-2.0
wav flux_nu
4000.0559999999996 nan
4050.0559999999996 2.8408060608857575e-15
4100.056 5.0596299638301e-13
4150.056 4.647951045800054e-12
4200.056 4.769860205105012e-12
4250.056 2.8158478996000227e-11
4300.056 5.262991971200039e-11
4350.056 7.545273486700022e-11
4400.056 1.0472351836300042e-10
4450.056 1.4206163370000093e-10
4500.056 1.6743021677000047e-10
4550.056 1.7382800596999933e-10
4600.056 8.201237407199979e-11
4650.056 5.050713205499973e-11
4700.056 2.3617711554999755e-11
4750.056 5.155732559499915e-12
4800.056 8.791814267399872e-13
4850.056 2.2434767006999774e-13
4900.056 1.0909518643199941e-13
4950.056 6.556901765599965e-14
5000.056 3.554110502299976e-14
5050.056 2.110123079599996e-14
5100.056 1.9587374453000012e-14
5150.056 1.9260328632999998e-14
5200.056 1.9115896387e-14
5250.056 1.8845542322999998e-14
5300.056 1.8700359636e-14
5350.056 1.8846483454e-14
5400.056 1.9185454312000006e-14
5450.056 1.971454521400002e-14
5500.056 2.037215153700001e-14
5550.056 2.110360551800001e-14
5600.056 2.1770067296000007e-14
5650.056 2.2199189910000002e-14
5700.056 2.2088922219e-14
5750.056 2.1205631954999984e-14
5800.056 1.8763755394999947e-14
5850.056 1.3208122844899863e-14
5900.056 4.528209469968135e-15
5950.056 2.561578335700038e-14
6000.056 5.2746719553000323e-14
6050.056 9.17014697450007e-14
6100.056 1.4796050558000102e-13
6150.056 2.3070312431000147e-13
6200.056 3.52725064160002e-13
6250.056 5.283468091200028e-13
6300.056 7.876893216300039e-13
6350.056 1.162915087810006e-12
6400.056 1.70001151710001e-12
6450.056 2.411558564300008e-12
6500.056 3.4324398076000217e-12
6550.056 4.844587082700008e-12
6600.056 6.754912119200053e-12
6650.056 9.31291139040005e-12
6700.056 1.174006397510008e-11
6750.056 1.6312376885000064e-11
6800.056 1.9861099797000056e-11
6850.056 2.1126339716999992e-11
6900.056 1.8706013230999984e-11
6950.056 1.5568638605999984e-11
7000.056 1.4987122040999967e-11
7050.056 1.571142889399999e-11
7100.056 1.692144299399999e-11
7150.056 1.670701683659988e-11
7200.056 1.5981184337200055e-11
7250.056 1.5499289467599715e-11
7300.056 1.432885175540025e-11
7350.056 1.3686706943899972e-11
7400.056 1.303980448600008e-11
7450.056 1.25436156210001e-11
7500.056 1.1899419255999985e-11
7550.056 1.1060106988999985e-11
7600.056 1.007869905219997e-11
7650.056 4.366286696323876e-12
7700.056 3.782895988570107e-12
7750.056 1.0462730447000118e-11
7800.056 1.5173452398400107e-11
7850.056 2.3488311570000084e-11
7900.056 3.2798268337000175e-11
7950.056 3.891572354620032e-11
8000.056 6.229619598900043e-11
8050.056 8.414402801800059e-11
8100.056 1.042924672779996e-10
8150.056 1.2871264347600136e-10
8200.056 1.7946667777400313e-10
8250.056 2.2333714875600126e-10
8300.056 2.836617285100067e-10
8350.056 3.531041038200013e-10
8400.056 4.4031059386000167e-10
8450.056 5.554489603200026e-10
8500.056 6.352895863399904e-10
8550.056 8.144388591500194e-10
8600.056 1.0216330242000078e-09
8650.056 1.2294938148000094e-09
8700.056 1.4590817773000109e-09
8750.056 1.7343698226000126e-09
8800.056 2.0345035063000133e-09
8850.056 2.3051544116000048e-09
8900.056 2.2405635938999796e-09
8950.056 2.1525401826899943e-09
9000.056 2.746710660699979e-09
9050.056 3.920064740000054e-09
9100.056 4.5121215112700935e-09
9150.056 5.094501732900064e-09
9200.056 6.0601435183999904e-09
9250.056 6.256696759599791e-09
9300.056 2.449602239336427e-09
9350.056 3.5324627906245195e-09
9400.056 6.68850529851294e-09
9450.056 6.212636110445733e-09
9500.056 6.2467472416596505e-09
9550.056 6.932611307992796e-09
9600.056 7.658746431733965e-09
9650.056 9.575735500110387e-09
9700.056 1.3323992188199509e-08
9750.056 1.4801762015500816e-08
9800.056 1.735053024199966e-08
9850.056 2.04763659551998e-08
9900.056 2.443945989400035e-08
9950.056 2.7007561984000218e-08
10000.056 2.3552112139720054e-08
10050.056 3.2228480795000133e-08
10100.056 3.570683949400018e-08
10150.056 3.832834063600006e-08
10200.056 4.0824651226000435e-08
10250.056 4.582749778100035e-08
10300.056 5.1845322497999385e-08
10350.056 5.388396032600069e-08
10400.056 5.963595825800016e-08
10450.056 6.427857361499914e-08
10500.056 6.844083522299983e-08
10550.056 7.283019618200015e-08
10600.056 7.585857719600003e-08
10650.056 7.85769186050003e-08
10700.056 7.984499986700018e-08
10750.056 8.178293608200015e-08
10800.056 8.248468400600028e-08
10850.056 8.119238971000011e-08
10900.056 7.184992374799907e-08
10950.056 5.105810678199953e-08
11000.056 3.720090309749756e-08
11050.056 2.4071295327129837e-08
11100.056 1.4787416457006862e-08
11150.056 9.329443665094012e-09
11200.056 1.0352774695400956e-08
11250.056 1.5049897099750037e-08
11300.056 1.6532539718851493e-08
11350.056 7.57434857724702e-09
11400.056 2.0686407464633112e-08
11450.056 1.4058096923081448e-08
11500.056 1.5034035391081202e-08
11550.056 8.550972824991081e-09
11600.056 7.973647294583316e-09
11650.056 1.3017525256085776e-08
11700.056 1.4380007117979102e-08
11750.056 9.460239019933807e-09
11800.056 2.0776064955499716e-08
11850.056 2.941371263910003e-08
11900.056 3.6172101514999185e-08
11950.056 4.608592342200176e-08
12000.056 5.615697446100051e-08
12050.056 6.78443900930012e-08
12100.056 7.840655494999918e-08
12150.056 9.171780677599894e-08
12200.056 1.0217243207299979e-07
12250.056 1.154698209569987e-07
12300.056 1.3157952614800166e-07
12350.056 1.3840912847000015e-07
12400.056 1.5498044744999955e-07
12450.056 1.6881425568000114e-07
12500.056 1.799736450400024e-07
12550.056 1.951825270600005e-07
12600.056 2.078104171800006e-07
12650.056 2.1231345951000018e-07
12700.056 2.1366834216000063e-07
12750.056 2.0012803317000096e-07
12800.056 1.8919998683999958e-07
12850.056 1.6195689961299886e-07
12900.056 1.467346994260003e-07
12950.056 1.3582595550100136e-07
13000.056 1.3525035600100317e-07
13050.056 1.1777657296899932e-07
13100.056 1.1761787055099331e-07
13150.056 9.441727234740488e-08
13200.056 8.959397416099747e-08
13250.056 6.481020423460795e-08
13300.056 3.38336781543072e-08
13350.056 1.1279011694380554e-08
13400.056 3.0880038559278026e-09
13450.056 1.5625965390247444e-09
13500.056 8.167252777408279e-10
13550.056 4.518682591651363e-10
13600.056 2.8116436890094184e-10
13650.056 9.218461495077604e-10
13700.056 6.465056845694273e-10
13750.056 1.367089941628617e-09
13800.056 1.6377592880928268e-09
13850.056 8.254857926496198e-10
13900.056 8.884918676930211e-10
13950.056 8.955138615008877e-10
14000.056 1.0315003732196339e-09
14050.056 1.3572602233837954e-09
14100.056 1.047228734042262e-09
14150.056 1.621376436556806e-09
14200.056 1.2059319798951085e-09
14250.056 1.3698279961402497e-09
14300.056 3.0340286886167864e-09
14350.056 2.7791413798124388e-09
14400.056 2.7972145803193023e-09
14450.056 4.193054651599238e-09
14500.056 7.402302922098129e-09
14550.056 7.45233963737322e-09
14600.056 1.2427198848545117e-08
14650.056 9.841390576309169e-09
14700.056 6.284861879461722e-09
14750.056 7.445008930215005e-09
14800.056 9.086397861711607e-09
14850.056 9.979569058890767e-09
14900.056 1.0249979223364948e-08
14950.056 1.2320614401265564e-08
15000.056 1.7533879519741317e-08
15050.056 1.9543546391138557e-08
15100.056 1.8074687042949478e-08
15150.056 1.7164340791241468e-08
15200.056 2.3113651616546437e-08
15250.056 3.268584888250188e-08
15300.056 3.738023219359905e-08
15350.056 4.5215632412599874e-08
15400.056 5.296792630700517e-08
15450.056 5.978900846790384e-08
15500.056 6.703126491099596e-08
15550.056 7.848892838700284e-08
15600.056 9.03671224219987e-08
15650.056 1.0121585605900281e-07
15700.056 1.1572829155600042e-07
15750.056 1.2218351767200113e-07
15800.056 1.272234900699997e-07
15850.056 1.327413055300009e-07
15900.056 1.291589274000001e-07
15950.056 1.2415655579999858e-07
16000.056 1.1022477121999989e-07
16050.056 8.732116070999835e-08
16100.056 6.786257268799859e-08
16150.056 4.892155133569752e-08
16200.056 3.3196857073900845e-08
16250.056 2.795949818228913e-08
16300.056 2.3328851583255134e-08
16350.056 2.5717809949596942e-08
16400.056 2.8954578769681344e-08
16450.056 3.086088786082149e-08
16500.056 3.375975126795026e-08
16550.056 3.329830953885891e-08
16600.056 3.811465984945098e-08
16650.056 2.4388911712199955e-08
16700.056 1.0661600722281455e-08
16750.056 2.011986954341079e-08
16800.056 2.77342068499521e-08
16850.056 2.7723526695903898e-08
16900.056 2.3162507271968527e-08
16950.056 1.926465195774988e-08
17000.056 1.5669010823302028e-08
17050.056 2.1974813890101442e-08
17100.056 2.6220388559200306e-08
17150.056 2.203321837330038e-08
17200.056 3.230382793879894e-08
17250.056 2.59034430090952e-08
17300.056 2.2449493603999646e-08
17350.056 2.090980515319875e-08
17400.056 2.2533330110799672e-08
17450.056 2.3714087412598174e-08
17500.056 2.5307653006004404e-08
17550.056 2.090340866917888e-08
17600.056 1.910458182630188e-08
17650.056 1.7030333292700826e-08
17700.056 1.3651216716678819e-08
17750.056 1.0961534098444597e-08
17800.056 1.374510019224086e-08
17850.056 8.760886509192223e-09
17900.056 9.111493541053005e-09
17950.056 6.241399245880207e-09
18000.056 8.062236380914004e-09
18050.056 5.197412474827534e-09
18100.056 6.0438308632936784e-09
18150.056 6.457537774192306e-09
18200.056 4.195612195172964e-09
18250.056 1.0137003125670216e-08
18300.056 4.256346116650454e-09
18350.056 4.040552209839526e-09
18400.056 3.2564584295372983e-09
18450.056 6.608957501453063e-09
18500.056 6.192634061218986e-09
18550.056 4.216715453024124e-09
18600.056 4.192364177244344e-09
18650.056 3.3297077673886895e-09
18700.056 2.1031706501984854e-09
18750.056 3.816845353028614e-09
18800.056 1.0000036690298045e-08
18850.056 1.0015033714452718e-08
18900.056 8.50593550578564e-09
18950.056 1.4531359886654521e-08
19000.056 7.055582683294019e-09
19050.056 4.466682107178697e-09
19100.056 8.23797995970742e-09
19150.056 4.714804325018925e-09
19200.056 6.579587162176975e-09
19250.056 4.5525568834701914e-09
19300.056 3.785459401010548e-09
19350.056 3.579788982606792e-09
19400.056 2.6183208144060423e-09
19450.056 4.34712993179628e-09
19500.056 4.377106489340865e-09
19550.056 4.039593961586997e-09
19600.056 5.5809400732746146e-09
19650.056 6.236159092572728e-09
19700.056 6.575843832668923e-09
19750.056 8.56164694812475e-09
19800.056 7.454096649760402e-09
19850.056 1.0333631201381182e-08
19900.056 9.747478672927952e-09
19950.056 1.3557851193349012e-08
20000.056 1.359373990586474e-08
20050.056 1.4567318880442505e-08
20100.056 1.8724712302868225e-08
20150.056 1.5038116075257818e-08
20200.056 1.4254640988234835e-08
20250.056 1.938286287206829e-08
20300.056 2.0150688103790894e-08
20350.056 2.1284324920247293e-08
20400.056 2.132386342469927e-08
20450.056 2.75181347290027e-08
20500.056 2.971489117699593e-08
20550.056 3.093648415200187e-08
20600.056 3.3131888035001915e-08
20650.056 3.5570730134999973e-08
20700.056 3.718799544700087e-08
20750.056 3.8412520713999144e-08
20800.056 3.896287660399765e-08
20850.056 4.048460968000028e-08
20900.056 4.141337959699862e-08
20950.056 4.090480769800082e-08
21000.056 4.055710763800036e-08
21050.056 4.084178830799928e-08
21100.056 4.0197032004000295e-08
21150.056 4.0135949474998074e-08
21200.056 3.89733681070008e-08
21250.056 3.7890521627997726e-08
21300.056 3.5714642092999596e-08
21350.056 3.477791761089942e-08
21400.056 3.444229507100254e-08
21450.056 3.1624488760500554e-08
21500.056 2.986419481100102e-08
21550.056 2.819907778809982e-08
21600.056 2.609624256178066e-08
21650.056 2.3062795294199497e-08
21700.056 2.3059783453899224e-08
21750.056 2.029169613747076e-08
21800.056 1.7080858647449463e-08
21850.056 1.548966856589944e-08
21900.056 1.265844132513131e-08
21950.056 8.651843524220424e-09
22000.056 3.538265647301575e-09
22050.056 3.6599955092786437e-09
22100.056 7.257034380488686e-09
22150.056 6.801975574658011e-09
22200.056 7.285337149905556e-09
22250.056 6.69498838307137e-09
22300.056 4.71841915977404e-09
22350.056 5.376448711990767e-09
22400.056 3.3423108406156137e-09
22450.056 3.6698444600091807e-09
22500.056 3.4597529035584213e-09
22550.056 2.664239802942048e-09
22600.056 2.5371586804298223e-09
22650.056 3.1565641291143734e-09
22700.056 2.839618982532077e-09
22750.056 3.0528994711525724e-09
22800.056 3.3064238033646827e-09
22850.056 2.6708883296436256e-09
22900.056 2.5156166717913786e-09
22950.056 2.307272929778014e-09
23000.056 2.7721926519099225e-09
23050.056 3.458325687725131e-09
23100.056 7.618951298682556e-09
23150.056 6.26323904033522e-09
23200.056 1.2299234034741074e-09
23250.056 2.667658516628065e-09
23300.056 2.2796939766480296e-09
23350.056 2.4935830297597702e-09
23400.056 2.2141675164175996e-09
23450.056 2.0034432652694684e-09
23500.056 2.196331210219806e-09
23550.056 3.2097598266326004e-09
23600.056 4.31845429209611e-09
23650.056 5.3803617036138664e-09
23700.056 1.961808735749804e-09
23750.056 2.095116820832771e-09
23800.056 4.251322006781076e-09
23850.056 3.661243124169102e-09
23900.056 6.070551665442008e-09
23950.056 4.8542385628265686e-09
24000.056 7.209159879420407e-09
24050.056 7.285214802762493e-09
24100.056 7.1314764149576026e-09
24150.056 9.008167207554994e-09
24200.056 7.92625989332158e-09
24250.056 7.408205759089718e-09
24300.056 1.00732687464933e-08
24350.056 8.29140854520888e-09
24400.056 1.2267507980949696e-08
24450.056 1.1524813327582959e-08
24500.056 1.0988444692694668e-08
24550.056 1.3880729120512172e-08
24600.056 1.3862670856358901e-08
24650.056 1.7313613981217304e-08
24700.056 1.1742069032080523e-08
24750.056 1.2634066397853083e-08
24800.056 1.1952820356668288e-08
24850.056 1.7916786512736084e-08
24900.056 8.045623410817943e-09
24950.056 1.5279184020323778e-08
25000.056 1.3191256004334882e-08
25050.056 7.846529734979918e-09
25100.056 1.2579785915465677e-08
25150.056 7.3474131002753475e-09
25200.056 9.735901826159261e-09
25250.056 4.850441609436791e-09
25300.056 7.349755372481786e-09
25350.056 3.782459474074199e-09
25400.056 8.201920429971267e-09
25450.056 3.6841405103363954e-09
25500.056 3.658487881157392e-09
25550.056 5.741090772805431e-09
25600.056 4.5635920310789625e-09
25650.056 2.2857262249704835e-09
25700.056 4.2433255949466626e-09
25750.056 1.5613653561485314e-09
25800.056 5.547014852230724e-09
25850.056 1.871284274942844e-09
25900.056 2.963690122950002e-09
25950.056 1.110573735034543e-09
26000.056 5.568574725137231e-09
26050.056 1.7675182028785788e-09
26100.056 5.23831557188911e-09
26150.056 3.2391371210994033e-09
26200.056 3.5176782627060555e-09
26250.056 1.033768877479506e-08
26300.056 4.522814951252272e-09
26350.056 1.342170616549398e-08
26400.056 1.256720645022226e-08
26450.056 1.0890102930693481e-08
26500.056 1.5478333941660472e-08
26550.056 5.089667903981982e-09
26600.056 6.471708717017314e-09
26650.056 2.055604653480154e-09
26700.056 1.6504181273956586e-09
26750.056 1.2944025385313439e-09
26800.056 2.6134109363938114e-09
26850.056 1.442177427346398e-09
26900.056 4.590639967469547e-09
26950.056 2.11559278663407e-09
27000.056 7.082399705602992e-09
27050.056 6.5915359886599805e-09
27100.056 2.7156116063894834e-09
27150.056 9.354782060925732e-09
27200.056 2.7479277587819133e-09
27250.056 4.991419841245257e-09
27300.056 1.6829242876149962e-08
27350.056 8.850088927467085e-09
27400.056 1.3950048039310895e-09
27450.056 1.0441269638622752e-08
27500.056 1.2112594048273048e-08
27550.056 3.2841410689390327e-09
27600.056 7.1344467711688205e-09
27650.056 2.8311841329273936e-09
27700.056 2.2632482538525473e-09
27750.056 8.571281537637396e-09
27800.056 3.4972534370112146e-09
27850.056 4.465992068515339e-09
27900.056 5.120386256273964e-09
27950.056 9.923445628863684e-09
28000.056 7.543419556073634e-09
28050.056 1.9888576135008074e-09
28100.056 9.14937887766953e-09
28150.056 6.034004399717279e-09
28200.056 2.703149094085217e-09
28250.056 1.0765637331189234e-08
28300.056 1.1301340266136648e-08
28350.056 3.3206254757337602e-09
28400.056 8.257533220890893e-09
28450.056 1.2308191427208071e-08
28500.056 8.297437617332855e-09
28550.056 2.685689820006961e-09
28600.056 1.3062987902954774e-08
28650.056 9.271453869793528e-09
28700.056 9.850201699855962e-09
28750.056 1.6111236703447056e-08
28800.056 1.0743711840405906e-08
28850.056 1.4384278784761217e-08
