galfind/configs/Brown_Dwarf_templates/sonora_bobcat/m0.0/3160g/sp_t1500g3160nc_m0.0_resample.dat
# %ECSV 1.0
# ---
# datatype:
# - {name: wav, unit: Angstrom, datatype: float64}
# - {name: flux_nu, unit: erg / (cm2 Hz s), datatype: float64}
# meta: {C/O: '1.00', Kzz: '1.0000E+05', Teff: '1500.', Y: '0.28', '[Fe/H]': '0.00', f_hole: '1.00', f_rain: '0.00', grav: '3160.'}
# schema: astropy-2.0
wav flux_nu
[from data line 500]
29000.056 5.525598486328857e-07
29050.056 6.079612038210561e-07
29100.056 4.638831266050712e-07
29150.056 7.033609452550226e-07
29200.056 5.345889817220217e-07
29250.056 6.301928020159916e-07
29300.056 4.7533457185691234e-07
29350.056 8.260609996249383e-07
29400.056 6.003586129369622e-07
29450.056 6.088482446339663e-07
29500.056 6.29759469510981e-07
29550.056 6.275599746060244e-07
29600.056 6.991876490988297e-07
29650.056 6.283011667489688e-07
29700.056 6.064597416939326e-07
29750.056 6.9711727905609e-07
29800.056 7.32125160927901e-07
29850.056 6.82196221607914e-07
29900.056 6.792155184072627e-07
29950.056 7.830410299628965e-07
30000.056 7.315476755579076e-07
30050.056 6.659379112300077e-07
30100.056 6.306578080698504e-07
30150.056 8.518301424199983e-07
30200.056 7.040257773800092e-07
30250.056 7.806806452600811e-07
30300.056 6.854391090599787e-07
30350.056 7.059251878800759e-07
30400.056 7.789543747200166e-07
30450.056 6.222744964381102e-07
30500.056 5.726063463100438e-07
30550.056 6.258715274300478e-07
30600.056 6.395367500800025e-07
30650.056 6.009589031999567e-07
30700.056 5.583118958899574e-07
30750.056 5.387312306999539e-07
30800.056 5.349347383201029e-07
30850.056 4.68340352747926e-07
30900.056 4.754522759299225e-07
30950.056 4.198921421550633e-07
31000.056 4.1589707101001926e-07
31050.056 4.65136574300019e-07
31100.056 3.777077923639908e-07
31150.056 3.971321637219782e-07
31200.056 4.2304086105002826e-07
31250.056 3.5669669080897943e-07
31300.056 3.59377602528958e-07
31350.056 3.400059685280134e-07
31400.056 3.113409441990267e-07
31450.056 3.1972932449996215e-07
31500.056 2.932647596829468e-07
31550.056 3.03766164641991e-07
31600.056 2.804093080800045e-07
31650.056 2.648385411790088e-07
31700.056 2.7964465140996423e-07
31750.056 2.459380810200645e-07
31800.056 2.8510077327495476e-07
31850.056 2.49758062152034e-07
31900.056 2.866206533700203e-07
31950.056 2.3193016009201733e-07
32000.056 2.697414913449499e-07
32050.056 2.737090042090172e-07
32100.056 2.689480310850068e-07
32150.056 2.9356258300997925e-07
32200.056 2.581449390929924e-07
32250.056 3.189541396980292e-07
32300.056 2.5248642763297747e-07
32350.056 3.326718013820026e-07
32400.056 2.617925129399998e-07
32450.056 3.3114829068391424e-07
32500.056 3.169629853800535e-07
32550.056 3.2746708193499335e-07
32600.056 3.416436529359912e-07
32650.056 3.8444630280997225e-07
32700.056 3.8112933904003973e-07
32750.056 3.993267267200115e-07
32800.056 4.004495085500376e-07
32850.056 4.214848764199749e-07
32900.056 4.4563864033200875e-07
32950.056 4.4042310611998774e-07
33000.056 4.1521635617994765e-07
33050.056 3.8133046902002306e-07
33100.056 3.1521588963998e-07
33150.056 1.7609042758102415e-07
33200.056 1.501348453919528e-07
33250.056 1.2680420442296596e-07
33300.056 1.2505674567501938e-07
33350.056 1.466941528660026e-07
33400.056 1.6891986537998054e-07
33450.056 1.9087916639299813e-07
33500.056 2.338051375500295e-07
33550.056 2.5243480247803415e-07
33600.056 2.9850871362998884e-07
33650.056 3.3425578034003065e-07
33700.056 3.152098603359717e-07
33750.056 3.909208197799837e-07
33800.056 3.5823432567898083e-07
33850.056 4.039962884799777e-07
33900.056 3.6074738063999006e-07
33950.056 3.723110159099846e-07
34000.056 4.0423239733999196e-07
34050.056 3.3187921962594846e-07
34100.056 4.1089043526998057e-07
34150.056 3.5483747860896044e-07
34200.056 3.425149750289274e-07
34250.056 3.641990925599338e-07
34300.056 3.171069589118578e-07
34350.056 3.285169196800109e-07
34400.056 3.0148958541800987e-07
34450.056 3.528285850899808e-07
34500.056 3.5314800927997847e-07
34550.056 3.0882201300400385e-07
34600.056 3.823214745699967e-07
34650.056 3.420013269919786e-07
34700.056 3.5243287829998127e-07
34750.056 3.8206369069998915e-07
34800.056 3.405233785109727e-07
34850.056 3.6117089926001315e-07
34900.056 3.7423224466597476e-07
34950.056 3.6373615480993113e-07
35000.056 4.427253823800477e-07
35050.056 3.5773481798000824e-07
35100.056 3.9622338737998553e-07
35150.056 4.1789807092400123e-07
35200.056 4.109804613800331e-07
35250.056 4.6670675843994745e-07
35300.056 4.007542099000326e-07
35350.056 4.042341300299571e-07
35400.056 4.4919592967008e-07
35450.056 3.577880521701043e-07
35500.056 4.838186470000139e-07
35550.056 4.6614662041998953e-07
35600.056 4.4863137754007385e-07
35650.056 5.005263128400151e-07
35700.056 4.457719861900011e-07
35750.056 4.869759760499588e-07
35800.056 5.881296723000128e-07
35850.056 4.701326500200141e-07
35900.056 5.757568604499873e-07
35950.056 5.641413385899636e-07
36000.056 5.643181409300714e-07
36050.056 5.971940998900094e-07
36100.056 5.800516991597625e-07
36150.056 6.23818248630035e-07
36200.056 6.799098222299897e-07
36250.056 6.255377514099716e-07
36300.056 7.018926972800212e-07
36350.056 6.88497995099962e-07
36400.056 6.983172231900263e-07
36450.056 7.584541898499814e-07
36500.056 7.455102305999412e-07
36550.056 8.198261221001588e-07
36600.056 8.400150831500303e-07
36650.056 8.182355798898903e-07
36700.056 8.946687904799799e-07
36750.056 9.270488914700532e-07
36800.056 9.390886874699669e-07
36850.056 9.745435640998908e-07
36900.056 9.524149178400047e-07
36950.056 1.0606219853699517e-06
37000.056 1.0478981851999549e-06
37050.056 1.0744518031600215e-06
37100.056 1.108423601989983e-06
37150.056 1.1175518654200435e-06
37200.056 1.173663299320002e-06
37250.056 1.1715466713199183e-06
37300.056 1.1285477701498591e-06
37350.056 1.174108385820095e-06
37400.056 1.322864173019976e-06
37450.056 1.2281587677100315e-06
37500.056 1.2692701068899683e-06
37550.056 1.378626048700098e-06
37600.056 1.4340181492000387e-06
37650.056 1.3174443272200459e-06
37700.056 1.4505876506000617e-06
37750.056 1.3688165908700927e-06
37800.056 1.4541700340001405e-06
37850.056 1.3770688357400091e-06
37900.056 1.4276327820001698e-06
37950.056 1.4477562985499497e-06
38000.056 1.5519096314800278e-06
38050.056 1.530291111360082e-06
38100.056 1.5172898031000888e-06
38150.056 1.6249446550999715e-06
38200.056 1.6376268598000666e-06
38250.056 1.5774687777000309e-06
38300.056 1.669043697799923e-06
38350.056 1.7160226114000504e-06
38400.056 1.6251023650399312e-06
38450.056 1.734087376499973e-06
38500.056 1.663069758500071e-06
38550.056 1.7767848116000622e-06
38600.056 1.809838544199916e-06
38650.056 1.7773372789999794e-06
38700.056 1.8094369128000392e-06
38750.056 1.8533446088000154e-06
38800.056 1.7854372812999245e-06
38850.056 1.8262856609000209e-06
38900.056 1.8249394378000037e-06
38950.056 1.8770554728000004e-06
39000.056 1.88688590430001e-06
39050.056 1.9085885729999528e-06
39100.056 1.8216652649001242e-06
39150.056 1.926939821900034e-06
39200.056 1.9098698664999755e-06
39250.056 1.9449755441998987e-06
39300.056 1.9200767066998606e-06
39350.056 1.9643823154000754e-06
39400.056 1.947827540700052e-06
39450.056 1.9752249709999757e-06
39500.056 1.919200947099968e-06
39550.056 1.9157839056999943e-06
39600.056 2.0305904674998823e-06
39650.056 1.967830064500014e-06
39700.056 1.957565326400041e-06
39750.056 1.925499526000028e-06
39800.056 1.887247978599965e-06
39850.056 2.0166909865999774e-06
39900.056 1.960684950800007e-06
39950.056 2.0199345568999136e-06
40000.056 1.919049522700026e-06
40050.056 1.9355596433000246e-06
40100.056 1.978129771620014e-06
40150.056 1.9448969823999597e-06
40200.056 2.0010743065999098e-06
40250.056 1.8370736328997248e-06
40300.056 1.8918168372000813e-06
40350.056 1.945194581700023e-06
40400.056 1.936515762200043e-06
40450.056 1.9383626615000217e-06
40500.056 1.8137095693001326e-06
40550.056 2.0174919589999288e-06
40600.056 1.7530108999000666e-06
40650.056 1.912788924499951e-06
40700.056 2.0295075783000076e-06
40750.056 1.7708341351996885e-06
40800.056 1.7431612976398368e-06
40850.056 1.7758461630001767e-06
40900.056 1.8091143355000188e-06
40950.056 1.8005550276799627e-06
41000.056 1.8177308430999793e-06
41050.056 1.8247671478198602e-06
41100.056 1.7128405298999237e-06
41150.056 1.766857735899943e-06
41200.056 1.766894191350026e-06
41250.056 1.7481270674000177e-06
41300.056 1.543144882399825e-06
41350.056 1.7866789915000608e-06
41400.056 1.6629239210001148e-06
41450.056 1.7253739378601078e-06
41500.056 1.6915526553999848e-06
41550.056 1.6310122362900407e-06
41600.056 1.6479971049100541e-06
41650.056 1.6552046365000964e-06
41700.056 1.5373302136299095e-06
41750.056 1.6046734537499278e-06
41800.056 1.7392981647199409e-06
41850.056 1.3221125400500992e-06
41900.056 1.5867301898499219e-06
41950.056 1.628552845600142e-06
42000.056 1.5753284157402086e-06
42050.056 1.398357345759876e-06
42100.056 1.633376431700101e-06
42150.056 1.274972123549948e-06
42200.056 1.2949054552300273e-06
42250.056 1.5042144327799399e-06
42300.056 1.3516886429400086e-06
42350.056 1.4863800589101512e-06
42400.056 1.3874092823501093e-06
42450.056 1.2296396863500345e-06
42500.056 1.2690646108000114e-06
42550.056 1.256396562559996e-06
42600.056 1.3400212134300838e-06
42650.056 1.4329659414497907e-06
42700.056 1.3666999207500192e-06
42750.056 1.2331490011800215e-06
42800.056 1.311139263850151e-06
42850.056 1.4199567034697942e-06
42900.056 1.4274865404400749e-06
42950.056 1.2201471962697093e-06
43000.056 1.3288250766400158e-06
43050.056 1.1031366821603429e-06
43100.056 1.2595749892599652e-06
43150.056 1.2194603006101148e-06
43200.056 1.2047204099200164e-06
43250.056 1.3062259221699782e-06
43300.056 1.3121936446300298e-06
43350.056 1.0818402656698066e-06
43400.056 1.1794847774899955e-06
43450.056 1.1091326852201203e-06
43500.056 1.135721592609925e-06
43550.056 1.1216976575600127e-06
43600.056 1.2262119255900778e-06
43650.056 1.029026679750009e-06
43700.056 1.1695717612199939e-06
43750.056 1.1372273571000942e-06
43800.056 1.066308831019944e-06
43850.056 1.0323894083201464e-06
43900.056 1.0928001165599192e-06
43950.056 9.649161965699475e-07
44000.056 8.943611594800305e-07
44050.056 9.83700306290014e-07
44100.056 1.0558806525000961e-06
44150.056 1.0658366038399699e-06
44200.056 9.936784921000266e-07
44250.056 9.310333382299967e-07
44300.056 8.964914356901002e-07
44350.056 8.910748326600637e-07
44400.056 9.08434463389957e-07
44450.056 9.380074236000178e-07
44500.056 9.17878942330099e-07
44550.056 9.204894475399246e-07
44600.056 8.785303416400736e-07
44650.056 9.31070737270032e-07
44700.056 8.415029043199966e-07
44750.056 8.896112577099745e-07
44800.056 8.763170327999914e-07
44850.056 8.887705181000946e-07
44900.056 8.211803392100533e-07
44950.056 8.232569422800426e-07
45000.056 8.551010043099983e-07
45050.056 8.595697554599797e-07
45100.056 8.970616894500131e-07
45150.056 8.257971770499999e-07
45200.056 7.558898051400279e-07
45250.056 8.00055705339922e-07
45300.056 8.468408061200297e-07
45350.056 8.451096249599305e-07
45400.056 8.33612087640066e-07
45450.056 7.996479242299057e-07
45500.056 8.232797391799607e-07
45550.056 8.851663382899533e-07
45600.056 8.3395141924001e-07
45650.056 7.591391292298821e-07
45700.056 8.365575414100658e-07
45750.056 7.723566595600154e-07
45800.056 7.974877853499695e-07
45850.056 9.223466128599726e-07
45900.056 8.951940331500249e-07
45950.056 7.835560526800017e-07
46000.056 9.027411392500226e-07
46050.056 9.01509737750139e-07
46100.056 8.041297000100118e-07
46150.056 8.303949918999399e-07
46200.056 8.508006170001446e-07
46250.056 7.373094422199688e-07
46300.056 9.092132460699743e-07
46350.056 8.33707194519975e-07
46400.056 8.570828885299904e-07
46450.056 8.761521182000338e-07
46500.056 7.934499742100104e-07
46550.056 9.064960492100034e-07
46600.056 8.845501408800209e-07
46650.056 1.0725652793898978e-06
46700.056 1.0131858639102203e-06
46750.056 8.188289978300647e-07
46800.056 8.222440969100529e-07
46850.056 9.82526192740106e-07
46900.056 9.173856801798987e-07
46950.056 1.0235290096300126e-06
47000.056 8.524247394000295e-07
47050.056 9.95093435749893e-07
47100.056 7.630454819000626e-07
47150.056 8.70115434490041e-07
47200.056 9.437163267600863e-07
47250.056 8.300540056599697e-07
47300.056 8.165238202399344e-07
47350.056 8.296681313599663e-07
47400.056 9.64099512889944e-07
47450.056 8.312729492100045e-07
47500.056 9.602235882999472e-07
47550.056 8.309934294199706e-07
47600.056 9.345686157999293e-07
47650.056 7.681154696998892e-07
47700.056 9.365708849600839e-07
47750.056 7.018856720400682e-07
47800.056 8.926971916999829e-07
47850.056 6.865002054199701e-07
47900.056 8.593423819599501e-07
47950.056 7.777927845000418e-07
48000.056 1.0022548619799993e-06
48050.056 8.29375671550045e-07
48100.056 8.465471737599907e-07
48150.056 7.923185436200897e-07
48200.056 8.946922463100275e-07
48250.056 7.786669313900272e-07
48300.056 1.0065124635299085e-06
48350.056 7.266700480599723e-07
48400.056 7.798613765099438e-07
48450.056 7.634331827000611e-07
48500.056 9.857895655399607e-07
48550.056 7.319373400699815e-07
48600.056 9.445430832299775e-07
48650.056 7.750079055399676e-07
48700.056 9.445907477500259e-07
48750.056 6.579166862000725e-07
48800.056 9.914717649400357e-07
48850.056 7.14914435109858e-07
48900.056 9.783625054300425e-07
48950.056 8.310785458200087e-07
49000.056 7.54021326639961e-07
49050.056 9.259701905499581e-07
49100.056 8.34176839550057e-07
49150.056 8.679346064799574e-07
49200.056 8.363530430299959e-07
49250.056 8.865297065700501e-07
49300.056 7.872260672099621e-07
49350.056 7.691264625300366e-07
49400.056 8.982736088399581e-07
49450.056 8.234336925001737e-07
49500.056 8.087788261099908e-07
49550.056 6.824439798599734e-07
49600.056 7.950239790701002e-07
49650.056 8.153527615899372e-07
49700.056 7.566738591998839e-07
49750.056 1.0417848289999217e-06
49800.056 7.868851101200055e-07
49850.056 1.0030590813600878e-06
49900.056 8.493502731699928e-07
49950.056 8.327152809999391e-07
50000.056 8.5876995198989e-07
50050.056 8.613261563700052e-07
50100.056 9.189300968699556e-07
50150.056 7.310523163500032e-07
50200.056 6.326689504000489e-07
50250.056 8.707651008499784e-07
50300.056 7.807552383299934e-07
50350.056 9.858715905900339e-07
50400.056 8.107379790499337e-07
50450.056 7.764428042100767e-07
50500.056 9.65314969260076e-07
50550.056 8.490292534800256e-07
50600.056 8.318062001399235e-07
50650.056 8.592946517000944e-07
50700.056 9.851419540999173e-07
50750.056 9.504819371100905e-07
50800.056 6.676395873999007e-07
50850.056 7.812415223800856e-07
50900.056 9.630929554399482e-07
50950.056 8.794794891501368e-07
51000.056 1.0324726691700824e-06
51050.056 8.478669851400106e-07
51100.056 7.077899237999438e-07
51150.056 8.480168405099908e-07
51200.056 9.490031993199826e-07
51250.056 8.823067662499952e-07
51300.056 7.198192916401618e-07
51350.056 8.594330089299227e-07
51400.056 7.043976083399441e-07
51450.056 5.958074046799071e-07
51500.056 7.080462286101039e-07
51550.056 9.930314653900658e-07
51600.056 7.185359258200266e-07
51650.056 7.963174474999106e-07
51700.056 8.377431483598141e-07
51750.056 7.081513593900162e-07
51800.056 9.140402189098117e-07
51850.056 8.485376128799436e-07
51900.056 1.0107980972500934e-06
51950.056 8.802679649099483e-07
52000.056 6.260102405399639e-07
52050.056 8.08488826409989e-07
52100.056 7.188434613599852e-07
52150.056 6.945579259600215e-07
52200.056 6.90506485029988e-07
52250.056 7.717152331200124e-07
52300.056 9.775516419699713e-07
52350.056 8.78598627320025e-07
52400.056 6.607755447000784e-07
52450.056 8.124022554500411e-07
52500.056 9.145060468498746e-07
52550.056 8.785693730098942e-07
52600.056 8.221366342900686e-07
52650.056 8.795908395201099e-07
52700.056 7.520252360400188e-07
52750.056 6.407973859699764e-07
52800.056 7.053527176300495e-07
52850.056 7.19091414289883e-07
52900.056 7.589241452899667e-07
52950.056 7.601828399599826e-07
53000.056 9.110329487600266e-07
53050.056 6.850656707398479e-07
53100.056 7.803363781799435e-07
53150.056 9.85460614390045e-07
53200.056 5.982825157199967e-07
53250.056 8.922049955100285e-07
53300.056 9.009701075803035e-07
53350.056 8.92826736799945e-07
53400.056 8.868888998800166e-07
53450.056 6.953061190300127e-07
53500.056 5.457297064799139e-07
53550.056 7.259332654699445e-07
53600.056 8.242775273301248e-07
53650.056 6.532386084599998e-07
53700.056 6.709117258500607e-07
