galfind/configs/Brown_Dwarf_templates/sonora_bobcat/m0.0/3160g/sp_t375g3160nc_m0.0_resample.dat
# %ECSV 1.0
# ---
# datatype:
# - {name: wav, unit: Angstrom, datatype: float64}
# - {name: flux_nu, unit: erg / (cm2 Hz s), datatype: float64}
# meta: {C/O: '1.00', Kzz: '1.0000E+05', Teff: '375.', Y: '0.28', '[Fe/H]': '0.00', f_hole: '1.00', f_rain: '0.00', grav: '3160.'}
# schema: astropy-2.0
wav flux_nu
[from data line 499]
28950.056 2.9601260582730605e-11
29000.056 1.843722777437475e-11
29050.056 4.177240944568512e-11
29100.056 1.2144868357011002e-11
29150.056 2.1452191656272848e-11
29200.056 7.579169980271558e-11
29250.056 5.35536122812112e-11
29300.056 3.4054993280145906e-11
29350.056 1.2249514572209455e-10
29400.056 5.3495205409383835e-11
29450.056 1.5451122148043865e-11
29500.056 1.3652428241058142e-10
29550.056 3.752039538110628e-11
29600.056 4.6583457235774755e-11
29650.056 1.9380727379748126e-10
29700.056 2.5509139609208096e-11
29750.056 1.058874773505165e-10
29800.056 5.993244912607843e-11
29850.056 2.1794009209360937e-10
29900.056 7.789726511057256e-11
29950.056 6.108880204566794e-11
30000.056 7.550645750073651e-13
30050.056 1.419975666453467e-11
30100.056 6.098919944584007e-11
30150.056 1.5758621477585746e-10
30200.056 1.0783448869048162e-10
30250.056 2.3512803680809804e-10
30300.056 2.511486223804716e-10
30350.056 5.109985865002663e-11
30400.056 3.0056845335567555e-10
30450.056 2.580941150817484e-10
30500.056 1.0734363660040828e-10
30550.056 8.753367064144555e-11
30600.056 1.1072785759959659e-09
30650.056 4.890037032190748e-10
30700.056 1.6731130562736336e-10
30750.056 4.371492047372003e-10
30800.056 4.918207438846729e-10
30850.056 5.084660920736308e-10
30900.056 2.1260532183871915e-10
30950.056 1.9183230505360286e-10
31000.056 2.760480504316318e-10
31050.056 1.4420566580797646e-10
31100.056 6.051561326826461e-11
31150.056 1.6456793557632319e-10
31200.056 6.37567916139965e-10
31250.056 1.9911697888740493e-10
31300.056 9.03000491385285e-11
31350.056 3.843957870268631e-10
31400.056 1.9538704045088784e-10
31450.056 2.3052923657714532e-10
31500.056 7.25924510676772e-11
31550.056 1.6402582778888373e-10
31600.056 1.089020744543367e-10
31650.056 7.522142628329204e-11
31700.056 7.002580803201511e-11
31750.056 2.357298795890586e-11
31800.056 5.231221590450072e-11
31850.056 8.322250504093134e-12
31900.056 2.3938089896176564e-11
31950.056 9.476146724475797e-12
32000.056 7.427547890987018e-12
32050.056 6.7181697453636766e-12
32100.056 5.458367464969614e-12
32150.056 5.466682809947515e-12
32200.056 2.0737622284958586e-12
32250.056 5.1145838178710945e-12
32300.056 1.1691618801791558e-12
32350.056 4.7694258868913084e-12
32400.056 3.8596281210821024e-13
32450.056 3.217068998571098e-12
32500.056 4.2915737401629137e-13
32550.056 3.912864657570212e-12
32600.056 3.219271887258696e-13
32650.056 6.5792742676200724e-12
32700.056 5.744651854588598e-13
32750.056 1.888670743420453e-11
32800.056 6.996811562068674e-12
32850.056 4.802262830241058e-11
32900.056 3.437395556968247e-11
32950.056 4.4464799885804207e-11
33000.056 9.497675435722704e-12
33050.056 7.61054272715182e-12
33100.056 1.0720966250230596e-12
33150.056 1.4895683816024027e-15
33200.056 7.200415690894223e-14
33250.056 2.2407870318705197e-13
33300.056 5.6030019926454546e-12
33350.056 8.739383977806127e-12
33400.056 3.754080198249747e-11
33450.056 4.920387211529254e-12
33500.056 3.7979471054305033e-11
33550.056 4.872789093203608e-12
33600.056 1.517689833626817e-11
33650.056 1.804090029397859e-11
33700.056 2.5411348104869425e-12
33750.056 2.231509890748773e-11
33800.056 8.709834271606551e-13
33850.056 9.94952848156811e-12
33900.056 8.73527271270582e-12
33950.056 1.0001228296935562e-11
34000.056 2.6658209409913193e-11
34050.056 4.1208829844188e-12
34100.056 3.0164337187603133e-11
34150.056 6.913701388688408e-12
34200.056 3.7320426698387635e-11
34250.056 1.5521167329131204e-11
34300.056 1.9460669155936113e-11
34350.056 8.785755230540345e-11
34400.056 1.0284728304078462e-11
34450.056 7.17355008497518e-11
34500.056 2.225415018186516e-11
34550.056 4.982272060555065e-11
34600.056 2.440772176038068e-10
34650.056 1.3789766285167055e-11
34700.056 1.7815220459881818e-10
34750.056 6.819383683301108e-11
34800.056 4.532770925886419e-11
34850.056 2.1214535659016583e-10
34900.056 1.9547056670434277e-11
34950.056 2.8903928175460493e-10
35000.056 2.844607441408413e-10
35050.056 2.278382048044938e-10
35100.056 5.903799789725291e-10
35150.056 4.682895384609167e-10
35200.056 4.5216380806104804e-10
35250.056 8.600481049234381e-10
35300.056 1.5089507687050822e-10
35350.056 1.5449486649972812e-10
35400.056 9.731492253344338e-11
35450.056 8.754220498679961e-11
35500.056 4.612763477686948e-10
35550.056 3.3390654002970936e-10
35600.056 5.886401676202756e-10
35650.056 5.67680709179058e-10
35700.056 6.823261424422362e-10
35750.056 9.942107208469853e-10
35800.056 3.117268846222754e-10
35850.056 2.1164246971791685e-10
35900.056 3.889073015563497e-10
35950.056 7.8614044983296e-10
36000.056 9.005927876200949e-10
36050.056 5.676477505850433e-10
36100.056 5.354606136811844e-10
36150.056 2.0300783394459955e-09
36200.056 1.8018690593179222e-09
36250.056 8.378701775776532e-10
36300.056 2.414864317986067e-09
36350.056 1.6920865862100685e-09
36400.056 2.4819656270396484e-09
36450.056 1.3547266694558163e-09
36500.056 1.496708121138614e-09
36550.056 4.048181633950031e-09
36600.056 4.861053928899669e-09
36650.056 1.9112693387775674e-09
36700.056 2.3861978458507008e-09
36750.056 4.926316076600649e-09
36800.056 4.989393138649539e-09
36850.056 2.137365609173182e-09
36900.056 2.600978270854325e-09
36950.056 5.720489455299231e-09
37000.056 3.802215800790173e-09
37050.056 5.054143616876495e-09
37100.056 1.5184363944739247e-09
37150.056 3.3156472177622682e-09
37200.056 8.140918745200011e-09
37250.056 3.3545892869712e-09
37300.056 1.855717496439099e-09
37350.056 4.187183870094393e-09
37400.056 6.9648945450196995e-09
37450.056 3.023980330959641e-09
37500.056 3.111866097877897e-09
37550.056 9.40299872840153e-09
37600.056 1.420994573049966e-08
37650.056 3.188621407550427e-09
37700.056 6.353879916800709e-09
37750.056 4.7858081677300844e-09
37800.056 5.9052725630006345e-09
37850.056 3.2505497202499302e-09
37900.056 3.6992706871898612e-09
37950.056 5.411589552499954e-09
38000.056 4.7657548701585684e-09
38050.056 7.999551702350781e-09
38100.056 1.2016707064479665e-08
38150.056 1.3358133754198967e-08
38200.056 8.325660478055714e-09
38250.056 1.1807399070380923e-08
38300.056 2.1257506426597717e-08
38350.056 1.539413175950226e-08
38400.056 6.1806527778776255e-09
38450.056 2.6040192174794302e-09
38500.056 2.7189614405005072e-09
38550.056 9.364299276600652e-09
38600.056 1.1369969626599025e-08
38650.056 1.0404146055999756e-08
38700.056 9.381478242798735e-09
38750.056 1.029911468289954e-08
38800.056 1.0031187427700078e-08
38850.056 1.1815072855800704e-08
38900.056 1.2278154115538476e-08
38950.056 8.605253566301034e-09
39000.056 1.3524032537298462e-08
39050.056 7.507530535602078e-09
39100.056 8.968664849398793e-09
39150.056 1.6152125179799702e-08
39200.056 1.3933255634300106e-08
39250.056 1.3584178996500255e-08
39300.056 1.1388397068900472e-08
39350.056 2.1433096163500303e-08
39400.056 1.2903459622738286e-08
39450.056 1.87001798830815e-08
39500.056 2.1530563713999106e-08
39550.056 1.0274439488671981e-08
39600.056 1.5040762487101823e-08
39650.056 2.6937696960999763e-08
39700.056 2.3563346447000242e-08
39750.056 9.483577555199809e-09
39800.056 8.64211365095051e-09
39850.056 2.557968080700169e-08
39900.056 2.9185313447000168e-08
39950.056 1.5534682993600343e-08
40000.056 2.315942830500028e-08
40050.056 2.324962137679881e-08
40100.056 7.0971342837739966e-09
40150.056 2.1032920379001247e-08
40200.056 2.6209508893998892e-08
40250.056 2.8895571990997875e-08
40300.056 2.811271913100157e-08
40350.056 1.3486856300197495e-08
40400.056 1.894901247325923e-08
40450.056 1.1327532827299762e-08
40500.056 2.581176156799981e-08
40550.056 2.8641491780998218e-08
40600.056 3.028944777799964e-08
40650.056 2.0483072046598365e-08
40700.056 3.432258207400011e-08
40750.056 2.6139201221998625e-08
40800.056 1.6498605415098598e-08
40850.056 3.853187900400219e-08
40900.056 3.871488742299869e-08
40950.056 2.3686304792299672e-08
41000.056 2.487216930639976e-08
41050.056 4.150440774100082e-08
41100.056 3.5692391970997035e-08
41150.056 1.3460289614599466e-08
41200.056 3.6946054502603804e-08
41250.056 3.624444978259565e-08
41300.056 4.016422039300266e-08
41350.056 4.9892754921000036e-08
41400.056 4.0411938319999245e-08
41450.056 4.657501264700033e-08
41500.056 2.906421732509636e-08
41550.056 2.6775506823003e-08
41600.056 2.9034001379599867e-08
41650.056 4.515321871900227e-08
41700.056 5.5233485651998444e-08
41750.056 4.5805438427000737e-08
41800.056 4.937810504499956e-08
41850.056 3.644751005199828e-08
41900.056 3.102415540399529e-08
41950.056 3.289386299899922e-08
42000.056 2.127083459359396e-08
42050.056 2.4097775762201922e-08
42100.056 3.335486254499882e-08
42150.056 3.457096831299959e-08
42200.056 3.666156783099867e-08
42250.056 3.0395289322001505e-08
42300.056 2.8580342043998926e-08
42350.056 4.236309272600094e-08
42400.056 4.880808243700094e-08
42450.056 5.0184716597001756e-08
42500.056 5.331352299499931e-08
42550.056 4.852974980199933e-08
42600.056 4.2510379601003876e-08
42650.056 5.503532565999705e-08
42700.056 3.3635345897997375e-08
42750.056 4.186775704800364e-08
42800.056 5.8175315418000556e-08
42850.056 6.006509210499755e-08
42900.056 5.755468908900109e-08
42950.056 4.85997785440009e-08
43000.056 5.369546474399888e-08
43050.056 3.4045134264999685e-08
43100.056 4.89771897100008e-08
43150.056 4.839676025300036e-08
43200.056 5.5043916307001235e-08
43250.056 7.05601155100006e-08
43300.056 6.209726574399798e-08
43350.056 4.056528737899973e-08
43400.056 5.375612853400084e-08
43450.056 4.406070313200033e-08
43500.056 3.982606852800049e-08
43550.056 4.06831923140016e-08
43600.056 6.002617299699977e-08
43650.056 3.650854948899772e-08
43700.056 5.6466648960005866e-08
43750.056 6.526822876299866e-08
43800.056 5.532011335599881e-08
43850.056 5.083389381100288e-08
43900.056 4.342074739299979e-08
43950.056 3.3869006479998793e-08
44000.056 3.272837775700004e-08
44050.056 5.870948413500377e-08
44100.056 7.514862016800067e-08
44150.056 7.054900145599867e-08
44200.056 6.696505733600001e-08
44250.056 4.524884519499824e-08
44300.056 3.051813572699957e-08
44350.056 3.132491320300104e-08
44400.056 3.745879471499967e-08
44450.056 5.295191505600298e-08
44500.056 4.856221215200052e-08
44550.056 6.091204606300045e-08
44600.056 4.966894208700046e-08
44650.056 5.460369644599773e-08
44700.056 4.110176646499737e-08
44750.056 4.857408366500259e-08
44800.056 3.678664985599956e-08
44850.056 4.978719642300206e-08
44900.056 4.918368693399922e-08
44950.056 5.5884292182002e-08
45000.056 6.105508179899987e-08
45050.056 5.6194652849997274e-08
45100.056 5.223069182500253e-08
45150.056 4.878326466199906e-08
45200.056 3.148034348599941e-08
45250.056 3.769843309699921e-08
45300.056 3.6720742503000185e-08
45350.056 2.5606643463602206e-08
45400.056 6.204042472300156e-08
45450.056 5.7541795979002524e-08
45500.056 6.473114224500196e-08
45550.056 6.919134638399644e-08
45600.056 6.430709977800098e-08
45650.056 5.6354998957996695e-08
45700.056 3.1310166181796564e-08
45750.056 2.7615841707802608e-08
45800.056 5.978064346900098e-08
45850.056 5.313312177400202e-08
45900.056 6.863811576999947e-08
45950.056 6.609011527999832e-08
46000.056 6.525627839500115e-08
46050.056 5.792443702700218e-08
46100.056 6.585925883099736e-08
46150.056 4.48409617529999e-08
46200.056 3.257891338789637e-08
46250.056 1.2995207862699941e-08
46300.056 4.016471148400276e-08
46350.056 4.9681341864001306e-08
46400.056 5.0483321078000514e-08
46450.056 4.021501668099781e-08
46500.056 4.7950122371001154e-08
46550.056 3.163969987599796e-08
46600.056 2.8176039530198208e-08
46650.056 4.318202969900171e-08
46700.056 3.345696668399706e-08
46750.056 1.3691614854101441e-08
46800.056 8.776301776398983e-09
46850.056 3.4689612216004834e-08
46900.056 5.159313800800017e-08
46950.056 5.333681096999918e-08
47000.056 5.426378439800088e-08
47050.056 3.587267761799451e-08
47100.056 3.099935271200066e-08
47150.056 4.151321017600298e-08
47200.056 4.3919028306998635e-08
47250.056 1.8302551235796143e-08
47300.056 1.315281529962368e-08
47350.056 4.2597702637002214e-08
47400.056 4.978069121999956e-08
47450.056 3.3786520279001035e-08
47500.056 5.420578812700156e-08
47550.056 5.0579661857000455e-08
47600.056 3.9029992619997535e-08
47650.056 4.391013313699823e-08
47700.056 3.651603909700281e-08
47750.056 2.8732192172999767e-08
47800.056 1.788799085759894e-08
47850.056 5.898941356751028e-09
47900.056 1.134260750620021e-08
47950.056 3.432140551500274e-08
48000.056 4.2887238914997874e-08
48050.056 3.457549203999956e-08
48100.056 1.7956538359499588e-08
48150.056 3.2336540226001426e-08
48200.056 2.167800291269814e-08
48250.056 3.375725641600073e-08
48300.056 3.849774500399942e-08
48350.056 2.3083458536997107e-08
48400.056 4.039476520548843e-09
48450.056 8.319554586212055e-09
48500.056 1.8939599224797883e-08
48550.056 2.321472680582456e-08
48600.056 4.220609129100101e-08
48650.056 4.812903424699955e-08
48700.056 3.9389984985000836e-08
48750.056 3.1802273997000204e-08
48800.056 3.8804416275000054e-08
48850.056 1.8739847106097595e-08
48900.056 1.749927079509809e-08
48950.056 8.973423411099423e-09
49000.056 5.7410524156014735e-09
49050.056 1.929467956359839e-08
49100.056 2.7511114612103714e-08
49150.056 2.465677284009946e-08
49200.056 3.944969697800205e-08
49250.056 4.1999334281999786e-08
49300.056 3.394143401199781e-08
49350.056 1.546459652330129e-08
49400.056 1.7053644518997003e-08
49450.056 1.274887348690257e-08
49500.056 1.0239621060388123e-08
49550.056 1.5442178551999491e-09
49600.056 4.550943184676909e-09
49650.056 1.794990895700177e-08
49700.056 2.5765406952000013e-08
49750.056 1.9479765327998462e-08
49800.056 1.036621497640003e-08
49850.056 2.7685437631002127e-08
49900.056 3.239409386299986e-08
49950.056 2.879243688699885e-08
50000.056 1.6785943147507685e-08
50050.056 1.760287489030254e-08
50100.056 1.577365096699904e-08
50150.056 5.2180431671589234e-09
50200.056 6.553681198742811e-10
50250.056 4.651403419899999e-09
50300.056 3.5162081159587898e-09
50350.056 1.6906546363001546e-08
50400.056 2.3979107875000172e-08
50450.056 2.0372025541999773e-08
50500.056 2.8798373892001593e-08
50550.056 3.203781458199985e-08
50600.056 2.103244324639679e-08
50650.056 2.8695562538001603e-08
50700.056 2.638510602099892e-08
50750.056 1.4773469256698963e-08
50800.056 3.565821216870992e-09
50850.056 1.4267822491386912e-09
50900.056 1.2535737523401512e-08
50950.056 1.6309399344198762e-08
51000.056 1.0624768209672097e-08
51050.056 1.8663612800797895e-08
51100.056 8.459232041500018e-09
51150.056 5.357532739031293e-09
51200.056 2.1219905971001024e-08
51250.056 1.9204296184998646e-08
51300.056 1.1428084003800175e-08
51350.056 7.983084544850423e-09
51400.056 1.801203713948385e-09
51450.056 1.4989120532855481e-09
51500.056 1.4475135624425494e-09
51550.056 7.73469062790112e-09
51600.056 1.0711526285500645e-08
51650.056 1.5342628419699863e-08
51700.056 1.1535136900857726e-08
51750.056 9.706777840941974e-09
51800.056 1.8488022987999936e-08
51850.056 1.3948251517299157e-08
51900.056 1.1880585665299872e-08
51950.056 5.2355291795988725e-09
52000.056 4.174128353148692e-10
52050.056 2.6132706235602092e-09
52100.056 1.239514103029655e-09
52150.056 6.469388413532463e-10
52200.056 3.5055013459000793e-09
52250.056 7.122525557800806e-09
52300.056 7.567217505399377e-09
52350.056 1.3782177159638378e-09
52400.056 1.7204626488040915e-09
52450.056 9.013628595901156e-09
52500.056 7.006350411239539e-09
52550.056 1.0768780337198873e-08
52600.056 9.592934284501217e-09
52650.056 1.2496920668399559e-08
52700.056 6.138815794899531e-09
52750.056 1.6394793932023896e-09
52800.056 3.641011208180681e-09
52850.056 4.57418408079919e-09
52900.056 1.0776141515445047e-09
52950.056 2.2393660170204954e-09
53000.056 6.682521043500147e-09
53050.056 2.3054530908899442e-09
53100.056 1.0653234617301085e-08
53150.056 1.1806523329299579e-08
53200.056 4.642038818199627e-09
53250.056 9.574863583500107e-09
53300.056 9.314760726200852e-09
53350.056 8.146668867099641e-09
53400.056 4.468677628699473e-09
53450.056 9.652621467797097e-10
53500.056 1.9268187845396635e-10
53550.056 3.908789069089977e-10
53600.056 2.2252423078395538e-09
