galfind/configs/Brown_Dwarf_templates/sonora_bobcat/m0.0/3160g/sp_t525g3160nc_m0.0_resample.dat
# %ECSV 1.0
# ---
# datatype:
# - {name: wav, unit: Angstrom, datatype: float64}
# - {name: flux_nu, unit: erg / (cm2 Hz s), datatype: float64}
# meta: {C/O: '1.00', Kzz: '1.0000E+05', Teff: '525.', Y: '0.28', '[Fe/H]': '0.00', f_hole: '1.00', f_rain: '0.00', grav: '3160.'}
# schema: astropy-2.0
wav flux_nu
4000.0559999999996 nan
4050.0559999999996 6.902692175064197e-17
4100.056 5.250340023380101e-15
4150.056 4.8563214774000526e-14
4200.056 6.166781301970043e-14
4250.056 4.68119107660004e-13
4300.056 1.1070768359800055e-12
4350.056 2.0480587776000078e-12
4400.056 3.4287800349000125e-12
4450.056 5.38506307020002e-12
4500.056 7.952169828400021e-12
4550.056 9.145616115599972e-12
4600.056 3.9474703014999896e-12
4650.056 2.5142121860999884e-12
4700.056 1.207731935899989e-12
4750.056 3.4487256734999585e-13
4800.056 1.149132882089991e-13
4850.056 5.499281330699969e-14
4900.056 3.5693451064999874e-14
4950.056 2.4947592638999903e-14
5000.056 1.5420862520999917e-14
5050.056 1.0270483829099987e-14
5100.056 9.991441901100008e-15
5150.056 1.01943194698e-14
5200.056 1.0616062526000005e-14
5250.056 1.0961984853000005e-14
5300.056 1.1334963330000005e-14
5350.056 1.1826554548000006e-14
5400.056 1.2349453877000007e-14
5450.056 1.3005690603000012e-14
5500.056 1.3747792300000008e-14
5550.056 1.4530905560000006e-14
5600.056 1.5241067064000008e-14
5650.056 1.574878697e-14
5700.056 1.5714159281e-14
5750.056 1.5136119575999987e-14
5800.056 1.3395542832999965e-14
5850.056 9.4577225399999e-15
5900.056 3.1527982380830966e-15
5950.056 1.8250932015400254e-14
6000.056 3.772947427700027e-14
6050.056 6.677032205600046e-14
6100.056 1.0778872726700071e-13
6150.056 1.6618838807000098e-13
6200.056 2.496165118800013e-13
6250.056 3.6258690480000177e-13
6300.056 5.250949767200026e-13
6350.056 7.500380536000034e-13
6400.056 1.0585541165800055e-12
6450.056 1.4275482173000034e-12
6500.056 1.9703760301000124e-12
6550.056 2.723840176700005e-12
6600.056 3.7281740971000265e-12
6650.056 5.078778960500025e-12
6700.056 6.361638250600026e-12
6750.056 8.608751735300033e-12
6800.056 1.018457879020002e-11
6850.056 1.0313181405999986e-11
6900.056 8.519576763899965e-12
6950.056 6.641631007099997e-12
7000.056 6.373085290299972e-12
7050.056 6.516089988199997e-12
7100.056 7.039510033999995e-12
7150.056 6.518060984999928e-12
7200.056 5.9459358447000406e-12
7250.056 6.029723273899847e-12
7300.056 5.779337159800102e-12
7350.056 6.067123881799999e-12
7400.056 6.350194002900022e-12
7450.056 6.7557118524000395e-12
7500.056 7.004811232299999e-12
7550.056 7.065171841799999e-12
7600.056 6.914626955899989e-12
7650.056 3.44909940020992e-12
7700.056 3.244029893810066e-12
7750.056 7.53536714010008e-12
7800.056 1.0307658192300068e-11
7850.056 1.4357962382000024e-11
7900.056 1.8656074114000102e-11
7950.056 2.135932459100013e-11
8000.056 3.0888081565000186e-11
8050.056 3.939475177600022e-11
8100.056 4.300190413899974e-11
8150.056 4.6191163042000784e-11
8200.056 6.950347976800108e-11
8250.056 8.229151109200069e-11
8300.056 1.0280400429900158e-10
8350.056 1.2687262155000064e-10
8400.056 1.5987844424000144e-10
8450.056 2.064353616900014e-10
8500.056 2.444868403999992e-10
8550.056 3.0558786471000514e-10
8600.056 3.7935435395000273e-10
8650.056 4.50489859060003e-10
8700.056 5.212935107600034e-10
8750.056 6.066003341800039e-10
8800.056 6.89388301290003e-10
8850.056 7.331302439599971e-10
8900.056 5.489114455499896e-10
8950.056 4.940840472000037e-10
9000.056 5.555049011299942e-10
9050.056 1.0126091525000111e-09
9100.056 1.1319890966800366e-09
9150.056 1.2641976812600023e-09
9200.056 1.5616520697200358e-09
9250.056 1.4790997287399453e-09
9300.056 2.018425297396988e-10
9350.056 3.3107473940465e-10
9400.056 1.0971137969997364e-09
9450.056 7.674299177637453e-10
9500.056 7.373964758924285e-10
9550.056 8.051522545867395e-10
9600.056 9.55248361283179e-10
9650.056 1.40087316321911e-09
9700.056 2.5135270345099296e-09
9750.056 2.7676450471901855e-09
9800.056 3.3990841514999583e-09
9850.056 4.202735215999967e-09
9900.056 5.3368380616001085e-09
9950.056 6.002251379300064e-09
10000.056 4.930441111666011e-09
10050.056 6.5257519144999884e-09
10100.056 6.782468187300022e-09
10150.056 6.485332659599974e-09
10200.056 6.0110292794001e-09
10250.056 6.8543715761000645e-09
10300.056 8.046592081199842e-09
10350.056 7.231231880100127e-09
10400.056 8.577593968400033e-09
10450.056 9.508175511799822e-09
10500.056 1.0231993343899999e-08
10550.056 1.1061206015800028e-08
10600.056 1.1426381343000015e-08
10650.056 1.1500642590000002e-08
10700.056 1.1181073239599988e-08
10750.056 1.1112136779099968e-08
10800.056 1.0853098904300034e-08
10850.056 1.0343589737899988e-08
10900.056 9.083060567599865e-09
10950.056 6.288337600699934e-09
11000.056 4.101196423299754e-09
11050.056 2.1509154121699788e-09
11100.056 9.61441369456995e-10
11150.056 4.151025042229476e-10
11200.056 3.9311149239054904e-10
11250.056 6.812250984763935e-10
11300.056 8.859807513385245e-10
11350.056 3.3183759474480837e-10
11400.056 1.4218264812592124e-09
11450.056 7.578349747658906e-10
11500.056 7.981010728303003e-10
11550.056 3.3064203132580437e-10
11600.056 2.54571079843966e-10
11650.056 6.431976907287588e-10
11700.056 8.209801372979099e-10
11750.056 4.4411511703182495e-10
11800.056 1.4914064337499846e-09
11850.056 2.0896848311100127e-09
11900.056 2.559783914909983e-09
11950.056 3.2680057982000733e-09
12000.056 4.137048870300086e-09
12050.056 5.265249434300084e-09
12100.056 6.078807437799996e-09
12150.056 7.427184955499965e-09
12200.056 8.286050736200033e-09
12250.056 9.897351766499912e-09
12300.056 1.2294918746000223e-08
12350.056 1.3605813722900081e-08
12400.056 1.638609985300004e-08
12450.056 1.9366384761000148e-08
12500.056 2.1527862509000172e-08
12550.056 2.388175886100017e-08
12600.056 2.7008493567000213e-08
12650.056 2.9700222989000102e-08
12700.056 3.073063494299995e-08
12750.056 2.7531023960000038e-08
12800.056 2.3992455422999784e-08
12850.056 1.897045676599972e-08
12900.056 1.640692104549986e-08
12950.056 1.4652386610800223e-08
13000.056 1.509937102870047e-08
13050.056 1.2014290156999902e-08
13100.056 1.242168422719926e-08
13150.056 8.898222282530575e-09
13200.056 8.865403218699602e-09
13250.056 6.624330693653857e-09
13300.056 2.892681951472072e-09
13350.056 9.855319194374174e-10
13400.056 1.5842414969150737e-10
13450.056 4.5416233074431605e-11
13500.056 1.6239267845185262e-11
13550.056 5.1084926627769844e-12
13600.056 2.127906785113715e-12
13650.056 1.1549080348310135e-11
13700.056 6.842055601255943e-12
13750.056 2.732746724801161e-11
13800.056 3.0462176512727605e-11
13850.056 9.17413496275034e-12
13900.056 1.4507145506683744e-11
13950.056 1.4198055077508179e-11
14000.056 2.2649975676268094e-11
14050.056 2.8503481002649477e-11
14100.056 2.288559355180695e-11
14150.056 4.673292943051085e-11
14200.056 3.2659839109510814e-11
14250.056 4.35427284007132e-11
14300.056 1.392527161409692e-10
14350.056 1.1845175176117928e-10
14400.056 1.1639110472479911e-10
14450.056 2.3156349415905625e-10
14500.056 4.774498171137042e-10
14550.056 5.329829071521688e-10
14600.056 1.012746284892515e-09
14650.056 5.5268623085727e-10
14700.056 2.701510094217917e-10
14750.056 2.3713485362189213e-10
14800.056 2.567350848053437e-10
14850.056 2.8385720039142515e-10
14900.056 2.9078494175049805e-10
14950.056 3.103517942919293e-10
15000.056 6.526464440337117e-10
15050.056 7.665499760939879e-10
15100.056 4.688754271531294e-10
15150.056 2.918422613199611e-10
15200.056 6.527020029640494e-10
15250.056 1.1355359088271307e-09
15300.056 1.4581093097338835e-09
15350.056 1.7923934026520485e-09
15400.056 2.3068111594001998e-09
15450.056 2.8690930657702155e-09
15500.056 3.7338309094497754e-09
15550.056 5.094380260400344e-09
15600.056 7.07366561009982e-09
15650.056 9.759074400300504e-09
15700.056 1.2895706417200102e-08
15750.056 1.4719327060700167e-08
15800.056 1.6680221078000007e-08
15850.056 1.852221233200029e-08
15900.056 1.9021313939999994e-08
15950.056 1.9232530457999923e-08
16000.056 1.7327164791999873e-08
16050.056 1.3595795975399704e-08
16100.056 9.74485957819988e-09
16150.056 6.202641562599595e-09
16200.056 3.3910362122001054e-09
16250.056 2.3402882350260124e-09
16300.056 1.6625319830117114e-09
16350.056 1.7987079365945946e-09
16400.056 2.0255700416982066e-09
16450.056 2.220622671083363e-09
16500.056 2.2737762633887715e-09
16550.056 2.387646798328836e-09
16600.056 3.5236901443703166e-09
16650.056 1.993250639721406e-09
16700.056 5.985606972574325e-10
16750.056 1.6876772535251324e-09
16800.056 2.27709092287047e-09
16850.056 2.201631620540258e-09
16900.056 1.5264322162936264e-09
16950.056 1.1579516314613107e-09
17000.056 8.256561737270895e-10
17050.056 1.3104391578891176e-09
17100.056 1.797502976090022e-09
17150.056 1.4040602905001143e-09
17200.056 2.7120620866799996e-09
17250.056 1.6790509755816287e-09
17300.056 1.4111752659819496e-09
17350.056 1.4661053186899565e-09
17400.056 1.8296424166870526e-09
17450.056 2.04520861374994e-09
17500.056 2.3627110696202683e-09
17550.056 1.8424013270518906e-09
17600.056 1.6916919136301326e-09
17650.056 1.3244071359400084e-09
17700.056 1.0901065079159743e-09
17750.056 7.864276768573627e-10
17800.056 1.0976051497154768e-09
17850.056 6.140973459633995e-10
17900.056 5.36766241703289e-10
17950.056 3.1237570705396655e-10
18000.056 4.955720585669478e-10
18050.056 2.2004282468014086e-10
18100.056 2.599033568537487e-10
18150.056 2.2378996105805387e-10
18200.056 1.4343712415845848e-10
18250.056 4.630707390274568e-10
18300.056 1.0439044817581031e-10
18350.056 9.915720476747013e-11
18400.056 6.522911502925239e-11
18450.056 2.8634460816843557e-10
18500.056 2.6118637842131247e-10
18550.056 1.2936933937104588e-10
18600.056 1.7309887117148594e-10
18650.056 1.1565840711013219e-10
18700.056 3.019339418283424e-11
18750.056 7.622619542047418e-11
18800.056 4.761838310552713e-10
18850.056 4.3654872267578385e-10
18900.056 3.80810494874875e-10
18950.056 6.525598156057334e-10
19000.056 1.8128060221361305e-10
19050.056 8.900298767647193e-11
19100.056 2.4197100202921306e-10
19150.056 1.0553435352852379e-10
19200.056 1.928113478689835e-10
19250.056 1.3025607314843707e-10
19300.056 8.740781676687383e-11
19350.056 9.09908272798797e-11
19400.056 6.223265202776202e-11
19450.056 9.905609074355901e-11
19500.056 1.0912652788054384e-10
19550.056 1.3161081358403805e-10
19600.056 2.2784183658682357e-10
19650.056 2.1972857076748926e-10
19700.056 2.8501054450570337e-10
19750.056 3.857531588617962e-10
19800.056 2.6901569480937775e-10
19850.056 3.784537489657319e-10
19900.056 4.744125925764555e-10
19950.056 5.926881620990054e-10
20000.056 6.412420432596752e-10
20050.056 5.965748462161374e-10
20100.056 8.809361261294151e-10
20150.056 6.311262354704981e-10
20200.056 5.04626211986579e-10
20250.056 8.206716046405621e-10
20300.056 8.808191864311343e-10
20350.056 9.27087205462885e-10
20400.056 9.405633116799862e-10
20450.056 1.3495117344701809e-09
20500.056 1.4706541870199366e-09
20550.056 1.564461491890013e-09
20600.056 1.6647517885300887e-09
20650.056 1.8234675619999629e-09
20700.056 1.9199872965000053e-09
20750.056 1.974826748799979e-09
20800.056 1.959636856299915e-09
20850.056 2.0722465838000134e-09
20900.056 2.0959001758999785e-09
20950.056 2.0644757838000186e-09
21000.056 2.0372562685000058e-09
21050.056 2.0723225524999827e-09
21100.056 2.0397867883000053e-09
21150.056 2.035422307699968e-09
21200.056 1.9958883884000212e-09
21250.056 1.95013286699993e-09
21300.056 1.8558273656000051e-09
21350.056 1.7985218835799606e-09
21400.056 1.8261871448800949e-09
21450.056 1.6353631963500407e-09
21500.056 1.5349637060750247e-09
21550.056 1.4600876554799631e-09
21600.056 1.3524590809777988e-09
21650.056 1.1802221386829423e-09
21700.056 1.1772963213499354e-09
21750.056 1.0422527693024575e-09
21800.056 8.145880633567992e-10
21850.056 7.340577861989597e-10
21900.056 5.771621351402592e-10
21950.056 3.433359584204147e-10
22000.056 7.491978404475771e-11
22050.056 1.116352346960267e-10
22100.056 2.9845037129980254e-10
22150.056 2.2458709783350668e-10
22200.056 2.3270721572067978e-10
22250.056 2.047252638444281e-10
22300.056 1.13716417688901e-10
22350.056 1.490366923697048e-10
22400.056 6.742978354009311e-11
22450.056 9.584899820392091e-11
22500.056 7.633635568007179e-11
22550.056 4.7695090114518e-11
22600.056 4.043572569156086e-11
22650.056 5.826787782375411e-11
22700.056 5.908533260673943e-11
22750.056 7.695696903932592e-11
22800.056 9.288244036863645e-11
22850.056 6.242310520144802e-11
22900.056 5.572550677030695e-11
22950.056 4.529334177138129e-11
23000.056 5.362874476761503e-11
23050.056 6.530584294304796e-11
23100.056 2.833424813170238e-10
23150.056 2.2256841136429498e-10
23200.056 1.6888035623547185e-11
23250.056 7.235695529425634e-11
23300.056 5.7269212631344126e-11
23350.056 6.706114121008091e-11
23400.056 4.678202116994153e-11
23450.056 3.6061429953190826e-11
23500.056 3.782450923703857e-11
23550.056 8.103810170447083e-11
23600.056 1.5289539799341924e-10
23650.056 1.8837328964846738e-10
23700.056 3.578496295513208e-11
23750.056 4.557177986805224e-11
23800.056 1.9606229489960065e-10
23850.056 1.189977026466248e-10
23900.056 2.44909262183468e-10
23950.056 1.3514532404151664e-10
24000.056 2.934655347140152e-10
24050.056 2.8397872832954775e-10
24100.056 3.238082280312605e-10
24150.056 4.5622372944477763e-10
24200.056 3.6529727859686123e-10
24250.056 3.206640434566438e-10
24300.056 5.718007170296025e-10
24350.056 4.238421806542443e-10
24400.056 8.09556515550995e-10
24450.056 7.826778121492227e-10
24500.056 6.82669237861985e-10
24550.056 1.082115320143884e-09
24600.056 1.139921694289912e-09
24650.056 1.4131993019021614e-09
24700.056 1.0068713607379476e-09
24750.056 1.1490569965578443e-09
24800.056 1.0189503381237022e-09
24850.056 1.5092557709163703e-09
24900.056 5.922902153865769e-10
24950.056 1.1768170862045398e-09
25000.056 1.1560664554064982e-09
25050.056 5.515503349632967e-10
25100.056 1.0070958944323525e-09
25150.056 4.621068364312066e-10
25200.056 6.670803944259528e-10
25250.056 2.2290734428857499e-10
25300.056 3.4872524454331644e-10
25350.056 1.344035840174914e-10
25400.056 3.9280312806145277e-10
25450.056 1.1728502515051578e-10
25500.056 9.98218215809438e-11
25550.056 2.7951410904499683e-10
25600.056 1.6304075437320225e-10
25650.056 5.361258453413327e-11
25700.056 6.489691840268427e-11
25750.056 1.6695275047637746e-11
25800.056 1.0573946058846281e-10
25850.056 1.9656109068189677e-11
25900.056 3.3689362026737336e-11
25950.056 6.1772757824845734e-12
26000.056 1.0316409092849056e-10
26050.056 1.0367026071077229e-11
26100.056 6.910966789881108e-11
26150.056 2.6271738647075293e-11
26200.056 3.48850926080562e-11
26250.056 2.7455042341652694e-10
26300.056 4.5940736982375745e-11
26350.056 5.522677308642604e-10
26400.056 6.817038205512164e-10
26450.056 3.524904250583073e-10
26500.056 8.640345486630412e-10
26550.056 9.448522253580315e-11
26600.056 1.0128064544365286e-10
26650.056 1.3681943605975925e-11
26700.056 8.272522824364527e-12
26750.056 1.08053661898365e-11
26800.056 3.841671867997478e-11
26850.056 2.0174274084095513e-11
26900.056 1.0997625787999216e-10
26950.056 3.764502212586647e-11
27000.056 2.2010972621786775e-10
27050.056 2.7551341496073604e-10
27100.056 2.6894593045789535e-11
27150.056 3.452158104589594e-10
27200.056 2.4419538133393087e-11
27250.056 9.41598378907512e-11
27300.056 8.781123216244296e-10
27350.056 2.325641000836781e-10
27400.056 1.17544787565605e-11
27450.056 3.164668443493571e-10
27500.056 4.460579828600627e-10
27550.056 4.980918996289237e-11
27600.056 1.7143941535323035e-10
27650.056 3.805474323657468e-11
27700.056 3.5467685196484815e-11
27750.056 2.685052769303228e-10
27800.056 8.013285832234995e-11
27850.056 1.3697932600309517e-10
27900.056 1.7765411184802184e-10
27950.056 4.233952262776132e-10
28000.056 3.3737169975640763e-10
28050.056 4.09796704243127e-11
28100.056 4.681247095856053e-10
28150.056 2.856119830223701e-10
28200.056 7.392891890369441e-11
28250.056 6.296652312808206e-10
28300.056 6.413868300542892e-10
28350.056 9.170934820131792e-11
28400.056 4.2134597445728975e-10
28450.056 8.014009439861152e-10
28500.056 4.1695534066016235e-10
28550.056 8.482552158377213e-11
28600.056 7.40928654425917e-10
28650.056 4.2184009403680243e-10
28700.056 6.228342403611108e-10
28750.056 1.3482285888214715e-09
28800.056 5.444216395103289e-10
28850.056 1.1168310800694499e-09
