galfind/configs/Brown_Dwarf_templates/sonora_bobcat/m0.0/3160g/sp_t1800g3160nc_m0.0_resample.dat
# %ECSV 1.0
# ---
# datatype:
# - {name: wav, unit: Angstrom, datatype: float64}
# - {name: flux_nu, unit: erg / (cm2 Hz s), datatype: float64}
# meta: {C/O: '1.00', Kzz: '1.0000E+05', Teff: '1800.', Y: '0.28', '[Fe/H]': '0.00', f_hole: '1.00', f_rain: '0.00', grav: '3160.'}
# schema: astropy-2.0
wav flux_nu
[from data line 496]
28800.056 1.096642911598197e-06
28850.056 1.1454469496800652e-06
28900.056 8.276752179119711e-07
28950.056 1.268547580879953e-06
29000.056 1.0850982292497845e-06
29050.056 1.1772692896000805e-06
29100.056 9.16950101470116e-07
29150.056 1.29565301154002e-06
29200.056 1.0440431579100495e-06
29250.056 1.1736844256199534e-06
29300.056 9.38846226449818e-07
29350.056 1.4602761324999096e-06
29400.056 1.1448904268599475e-06
29450.056 1.1336866514099644e-06
29500.056 1.1719724787299494e-06
29550.056 1.1736731860900362e-06
29600.056 1.2949324362797625e-06
29650.056 1.1592227667899682e-06
29700.056 1.1449918056799316e-06
29750.056 1.299128951270187e-06
29800.056 1.346339975539833e-06
29850.056 1.2367271685298617e-06
29900.056 1.2124200998204012e-06
29950.056 1.439456471549836e-06
30000.056 1.3608779552698106e-06
30050.056 1.253170168470021e-06
30100.056 1.1411326033897452e-06
30150.056 1.592978959260004e-06
30200.056 1.3584003905000609e-06
30250.056 1.4129064481301542e-06
30300.056 1.285905622159919e-06
30350.056 1.369820326710181e-06
30400.056 1.5622470826301224e-06
30450.056 1.239530496310174e-06
30500.056 1.1733581164400776e-06
30550.056 1.4085917104901315e-06
30600.056 1.3796755714000519e-06
30650.056 1.3857759560199876e-06
30700.056 1.2532367275798881e-06
30750.056 1.2573427511499466e-06
30800.056 1.3809907861302218e-06
30850.056 1.1830433290898879e-06
30900.056 1.150222373029875e-06
30950.056 1.0634230459101275e-06
31000.056 1.1783978800000323e-06
31050.056 1.2362438256300138e-06
31100.056 1.0495969919899963e-06
31150.056 1.1087105647798796e-06
31200.056 1.1463035686599754e-06
31250.056 1.1197238971900274e-06
31300.056 1.0467050858698723e-06
31350.056 1.0084773627699957e-06
31400.056 9.614475116901503e-07
31450.056 9.930794931699162e-07
31500.056 9.562260728598968e-07
31550.056 9.533137294099865e-07
31600.056 9.009379173699895e-07
31650.056 8.904121571500016e-07
31700.056 9.165127315599183e-07
31750.056 8.391769685701651e-07
31800.056 9.57838076299901e-07
31850.056 8.839879402000979e-07
31900.056 9.967131941100623e-07
31950.056 8.126581642200478e-07
32000.056 9.070380835698792e-07
32050.056 9.674975662500913e-07
32100.056 9.67562870399945e-07
32150.056 1.065310733989939e-06
32200.056 9.408753375999683e-07
32250.056 1.103175692790098e-06
32300.056 9.187787849399375e-07
32350.056 1.2133378890201412e-06
32400.056 9.664326561999958e-07
32450.056 1.156426498199803e-06
32500.056 1.1557742409202021e-06
32550.056 1.290635656379993e-06
32600.056 1.2753980688999815e-06
32650.056 1.352228034210061e-06
32700.056 1.33421595126012e-06
32750.056 1.3478631080899914e-06
32800.056 1.3223129594701475e-06
32850.056 1.4820479461899135e-06
32900.056 1.528847454190056e-06
32950.056 1.4154628345599592e-06
33000.056 1.4125096219899764e-06
33050.056 1.3160244262399247e-06
33100.056 1.1788426702499254e-06
33150.056 6.81584694410109e-07
33200.056 5.552628625198323e-07
33250.056 4.817246313398706e-07
33300.056 4.6140892026007406e-07
33350.056 5.17622221590017e-07
33400.056 5.594951777599626e-07
33450.056 6.111050979399972e-07
33500.056 7.330548866300681e-07
33550.056 7.988354849000619e-07
33600.056 9.341817746700336e-07
33650.056 1.096024098820149e-06
33700.056 1.0998236735899727e-06
33750.056 1.3323418578599822e-06
33800.056 1.231854650699891e-06
33850.056 1.3883705967900265e-06
33900.056 1.3498465840799129e-06
33950.056 1.3322369008399816e-06
34000.056 1.4252517894698295e-06
34050.056 1.2728807085697968e-06
34100.056 1.4638860262500378e-06
34150.056 1.2834479993297487e-06
34200.056 1.2420392596397713e-06
34250.056 1.3728967360498263e-06
34300.056 1.1416064106294795e-06
34350.056 1.203560996620033e-06
34400.056 1.1271883849100772e-06
34450.056 1.2154182988100205e-06
34500.056 1.3642475172999976e-06
34550.056 1.1158467555000155e-06
34600.056 1.358158157220019e-06
34650.056 1.2698864887099636e-06
34700.056 1.300616707359889e-06
34750.056 1.4656678406601201e-06
34800.056 1.2445121641798736e-06
34850.056 1.3166359674500453e-06
34900.056 1.3373071415400467e-06
34950.056 1.2991725164497675e-06
35000.056 1.4872831189500492e-06
35050.056 1.3917579670701151e-06
35100.056 1.3979408924099276e-06
35150.056 1.5212322034099362e-06
35200.056 1.4587626536501222e-06
35250.056 1.5892406373499662e-06
35300.056 1.4194935209700822e-06
35350.056 1.4863504691799313e-06
35400.056 1.557197445800147e-06
35450.056 1.2907546836303355e-06
35500.056 1.7036463454999878e-06
35550.056 1.60550315726e-06
35600.056 1.521071705120092e-06
35650.056 1.7811111354000804e-06
35700.056 1.5359906992600038e-06
35750.056 1.6447524609198156e-06
35800.056 1.9448561918999876e-06
35850.056 1.6540416173201446e-06
35900.056 1.9954552232999387e-06
35950.056 1.8845679733499327e-06
36000.056 1.8404493472001392e-06
36050.056 2.081987926900143e-06
36100.056 2.040873131099278e-06
36150.056 1.9629728017602388e-06
36200.056 2.2361940425999243e-06
36250.056 2.033793692439968e-06
36300.056 2.34574711860008e-06
36350.056 2.2092994558998645e-06
36400.056 2.2424095760000922e-06
36450.056 2.509514358699894e-06
36500.056 2.322588797299974e-06
36550.056 2.415456874000429e-06
36600.056 2.4182623219000663e-06
36650.056 2.4788566774998498e-06
36700.056 2.7103872140999146e-06
36750.056 2.5113890488000733e-06
36800.056 2.637782490199919e-06
36850.056 2.7935664670000036e-06
36900.056 2.709194219700122e-06
36950.056 2.7829219374998764e-06
37000.056 2.8461316651999084e-06
37050.056 2.912059857199929e-06
37100.056 2.8948173392001354e-06
37150.056 2.9427122117998525e-06
37200.056 3.0146484950999873e-06
37250.056 3.045249684599943e-06
37300.056 3.0509806922000403e-06
37350.056 2.9151356826002434e-06
37400.056 3.1097492318999535e-06
37450.056 2.971256969300094e-06
37500.056 3.1726499316998867e-06
37550.056 3.172323466299862e-06
37600.056 3.2982999660999735e-06
37650.056 3.1465172649999925e-06
37700.056 3.308463574799989e-06
37750.056 3.2607356265000516e-06
37800.056 3.349711809199986e-06
37850.056 3.258934314899968e-06
37900.056 3.293158571400194e-06
37950.056 3.3261743877000164e-06
38000.056 3.4104318928000993e-06
38050.056 3.3757352222001164e-06
38100.056 3.252378098800138e-06
38150.056 3.485932237599974e-06
38200.056 3.4722006794999845e-06
38250.056 3.308607417900134e-06
38300.056 3.3221844778999577e-06
38350.056 3.4285386713000077e-06
38400.056 3.4574300724999078e-06
38450.056 3.5918551348000217e-06
38500.056 3.4343478192999897e-06
38550.056 3.520374863800105e-06
38600.056 3.725322423099952e-06
38650.056 3.4714915332999774e-06
38700.056 3.462231048400197e-06
38750.056 3.606286011000017e-06
38800.056 3.538941037700106e-06
38850.056 3.5508404800999938e-06
38900.056 3.416025104499951e-06
38950.056 3.6215680816000004e-06
39000.056 3.556255204600056e-06
39050.056 3.6125233862999382e-06
39100.056 3.4254029829001113e-06
39150.056 3.5604592904000528e-06
39200.056 3.598250104999999e-06
39250.056 3.568318779199807e-06
39300.056 3.5612390136998316e-06
39350.056 3.559087728300139e-06
39400.056 3.5406446484000606e-06
39450.056 3.5913637204999516e-06
39500.056 3.465197326899897e-06
39550.056 3.433302419599829e-06
39600.056 3.6597846650999425e-06
39650.056 3.4106559037000457e-06
39700.056 3.4472040548999885e-06
39750.056 3.456613892099888e-06
39800.056 3.266633122900054e-06
39850.056 3.4719981516999255e-06
39900.056 3.3450545312000013e-06
39950.056 3.470517118299905e-06
40000.056 3.1916166814999573e-06
40050.056 3.196995445999988e-06
40100.056 3.3624683258999697e-06
40150.056 3.172957469199824e-06
40200.056 3.289833130999922e-06
40250.056 3.022036149599482e-06
40300.056 3.0906927158001465e-06
40350.056 3.1876916872000823e-06
40400.056 3.146568365500071e-06
40450.056 3.0772923721000054e-06
40500.056 2.856347210700204e-06
40550.056 3.2169756661998527e-06
40600.056 2.7429159757001177e-06
40650.056 3.0582054206000665e-06
40700.056 3.1729200746000342e-06
40750.056 2.7816166599994452e-06
40800.056 2.7749562120998937e-06
40850.056 2.672258718600315e-06
40900.056 2.7484125613000817e-06
40950.056 2.7944913815999514e-06
41000.056 2.82228805829994e-06
41050.056 2.799283392799739e-06
41100.056 2.6265184571999164e-06
41150.056 2.821285404099953e-06
41200.056 2.688637634200062e-06
41250.056 2.7124533025000786e-06
41300.056 2.368962657299741e-06
41350.056 2.714461762900062e-06
41400.056 2.527680664400184e-06
41450.056 2.6050970972001647e-06
41500.056 2.6630061195000874e-06
41550.056 2.548486939760037e-06
41600.056 2.512908795500085e-06
41650.056 2.479052916700161e-06
41700.056 2.3416611494998976e-06
41750.056 2.465295811399872e-06
41800.056 2.5998106472798748e-06
41850.056 2.064224298620188e-06
41900.056 2.4601269026599356e-06
41950.056 2.4634897235002584e-06
42000.056 2.3821845429403454e-06
42050.056 2.1483561882597536e-06
42100.056 2.432759271900154e-06
42150.056 1.914973253149816e-06
42200.056 1.963254860940116e-06
42250.056 2.3242963150699228e-06
42300.056 2.045170648700049e-06
42350.056 2.2698559815602377e-06
42400.056 2.0664112242001775e-06
42450.056 1.8441793185500598e-06
42500.056 1.91326609115007e-06
42550.056 1.923121919399994e-06
42600.056 1.9975503132001054e-06
42650.056 2.050872147949564e-06
42700.056 2.0469398023001305e-06
42750.056 1.8770557699999963e-06
42800.056 1.9731565442703186e-06
42850.056 2.1116091662997135e-06
42900.056 2.1016632913800667e-06
42950.056 1.8207437048995432e-06
43000.056 1.9504067837699904e-06
43050.056 1.6920263971505106e-06
43100.056 1.855365047700004e-06
43150.056 1.8163830505701714e-06
43200.056 1.728488762500051e-06
43250.056 1.7998779466799167e-06
43300.056 1.8242494934000807e-06
43350.056 1.5766440923398103e-06
43400.056 1.6467873451599996e-06
43450.056 1.5845679259001411e-06
43500.056 1.5914525877998661e-06
43550.056 1.5683267795200208e-06
43600.056 1.6679698532400893e-06
43650.056 1.437434110519998e-06
43700.056 1.539109358849915e-06
43750.056 1.5209907449101039e-06
43800.056 1.4105034396e-06
43850.056 1.405796000980174e-06
43900.056 1.4553304919099267e-06
43950.056 1.3364968116499746e-06
44000.056 1.2471466667500324e-06
44050.056 1.2677340811600232e-06
44100.056 1.3345332222201387e-06
44150.056 1.3661913407899654e-06
44200.056 1.2696750454900408e-06
44250.056 1.2530275235499939e-06
44300.056 1.2135076951600909e-06
44350.056 1.164547382980071e-06
44400.056 1.2114200354299479e-06
44450.056 1.2279057652800354e-06
44500.056 1.1867303871600882e-06
44550.056 1.1313088262898707e-06
44600.056 1.1160729341901088e-06
44650.056 1.1939955633100175e-06
44700.056 1.1184846215900217e-06
44750.056 1.1426443720399174e-06
44800.056 1.1258733680699607e-06
44850.056 1.1163480993801072e-06
44900.056 1.0681421724200668e-06
44950.056 1.0405177641500463e-06
45000.056 1.0891345226799919e-06
45050.056 1.0924964832999496e-06
45100.056 1.136073902100021e-06
45150.056 1.0348055095800035e-06
45200.056 9.674167312700105e-07
45250.056 1.010449907169934e-06
45300.056 1.0951012302300246e-06
45350.056 1.1071499553899335e-06
45400.056 1.0393061521000937e-06
45450.056 9.93781587009885e-07
45500.056 1.0399785544999418e-06
45550.056 1.0975453567200037e-06
45600.056 1.0201409529499886e-06
45650.056 9.533172663398677e-07
45700.056 1.0776713926600606e-06
45750.056 9.832387233900387e-07
45800.056 9.765537966399537e-07
45850.056 1.150892605599964e-06
45900.056 1.1068550562400195e-06
45950.056 9.89877851229994e-07
46000.056 1.1436511550500094e-06
46050.056 1.1627686327602324e-06
46100.056 9.686440701300574e-07
46150.056 1.0594489206099264e-06
46200.056 1.097766326950186e-06
46250.056 9.469634066000036e-07
46300.056 1.1770096173300017e-06
46350.056 1.060029488439935e-06
46400.056 1.0733818310099416e-06
46450.056 1.114791105530067e-06
46500.056 1.0113848399599394e-06
46550.056 1.2129389594200106e-06
46600.056 1.141671016690066e-06
46650.056 1.3852171621798305e-06
46700.056 1.3504769811904101e-06
46750.056 1.0868462221800407e-06
46800.056 1.1382691644800916e-06
46850.056 1.23610044798013e-06
46900.056 1.1522452753998641e-06
46950.056 1.3222534842499855e-06
47000.056 1.0921626001700238e-06
47050.056 1.3094528465699155e-06
47100.056 1.014218349830064e-06
47150.056 1.1465010621900367e-06
47200.056 1.2225911120701791e-06
47250.056 1.0962959530699345e-06
47300.056 1.1429420007198698e-06
47350.056 1.0098594013199295e-06
47400.056 1.2187959792098922e-06
47450.056 1.0545111023799632e-06
47500.056 1.2216988290999105e-06
47550.056 1.0595101125899521e-06
47600.056 1.218680217869918e-06
47650.056 9.628923911398862e-07
47700.056 1.2308895062500274e-06
47750.056 9.119376172501409e-07
47800.056 1.2092497521799547e-06
47850.056 9.252121347999572e-07
47900.056 1.1746865324300022e-06
47950.056 9.72677964030095e-07
48000.056 1.3064595584699783e-06
48050.056 1.0296800827600876e-06
48100.056 1.1640883298199765e-06
48150.056 1.0237465138501262e-06
48200.056 1.2029811738900664e-06
48250.056 1.0147412299800577e-06
48300.056 1.299959541169887e-06
48350.056 9.493997608099071e-07
48400.056 1.1366680085699679e-06
48450.056 9.705580631000239e-07
48500.056 1.3115893989000046e-06
48550.056 9.30689158909974e-07
48600.056 1.2614381308699373e-06
48650.056 9.650097356499713e-07
48700.056 1.2673509369900649e-06
48750.056 8.779082444900345e-07
48800.056 1.2968767377600512e-06
48850.056 9.331361349598365e-07
48900.056 1.2697257177600872e-06
48950.056 1.0858372838699825e-06
49000.056 1.071960125189974e-06
49050.056 1.199444413539959e-06
49100.056 1.0691513477600466e-06
49150.056 1.1391069343099348e-06
49200.056 1.0485712285899566e-06
49250.056 1.1431935719100257e-06
49300.056 1.0066474581999292e-06
49350.056 1.0830265274399894e-06
49400.056 1.2097334481199947e-06
49450.056 1.0618588078001962e-06
49500.056 1.1066395726400068e-06
49550.056 9.749731809199291e-07
49600.056 1.0717914509101405e-06
49650.056 1.116129987049932e-06
49700.056 9.94148040609917e-07
49750.056 1.4332524006599196e-06
49800.056 1.0462221366000077e-06
49850.056 1.3369527546500885e-06
49900.056 1.1016388585499987e-06
49950.056 1.132427920909906e-06
50000.056 1.1515757520997915e-06
50050.056 1.1067426296500517e-06
50100.056 1.261465351879931e-06
50150.056 1.0229932615300097e-06
50200.056 9.79978629930084e-07
50250.056 1.1715372425100099e-06
50300.056 1.0492200527199756e-06
50350.056 1.3136249882799942e-06
50400.056 1.0786014022699021e-06
50450.056 1.0915724251501271e-06
50500.056 1.3463100383301054e-06
50550.056 1.1257785076500124e-06
50600.056 1.1991834614199398e-06
50650.056 1.1353488992701143e-06
50700.056 1.302270718999918e-06
50750.056 1.3595826718201096e-06
50800.056 9.480627139498716e-07
50850.056 1.1614544594400951e-06
50900.056 1.2784161072199221e-06
50950.056 1.2216507423001981e-06
51000.056 1.459174407660113e-06
51050.056 1.1408241601000462e-06
51100.056 1.0805274601699344e-06
51150.056 1.2342690532599733e-06
51200.056 1.1984996619400115e-06
51250.056 1.286904877660019e-06
51300.056 1.0352769868002236e-06
51350.056 1.2362510016399018e-06
51400.056 1.1203907344498767e-06
51450.056 8.833351242798731e-07
51500.056 1.1208066665901066e-06
51550.056 1.4501156303000826e-06
51600.056 9.97389938550038e-07
51650.056 1.1932346065398768e-06
51700.056 1.1782778301697213e-06
51750.056 1.0564405774400322e-06
51800.056 1.3309696917597836e-06
51850.056 1.2249729597698866e-06
51900.056 1.3693051906501231e-06
51950.056 1.257807990629926e-06
52000.056 9.906878016699613e-07
52050.056 1.1967185399699564e-06
52100.056 1.1089206621699397e-06
52150.056 1.0960166361200336e-06
52200.056 1.0688763231300173e-06
52250.056 1.1459283506299897e-06
52300.056 1.336994441309977e-06
52350.056 1.3095979130200659e-06
52400.056 9.937741614701171e-07
52450.056 1.150843129800037e-06
52500.056 1.3247379815398366e-06
52550.056 1.2430864529298277e-06
52600.056 1.2228980849100691e-06
52650.056 1.342475255700124e-06
52700.056 1.1228746251300416e-06
52750.056 9.97141565629953e-07
52800.056 1.0741578744100771e-06
52850.056 1.0617075910798877e-06
52900.056 1.1753197967599713e-06
52950.056 1.1345143846599555e-06
53000.056 1.3215188086499987e-06
53050.056 1.0950860322698016e-06
53100.056 1.162528372939917e-06
53150.056 1.4078556506800994e-06
53200.056 9.304009841300355e-07
53250.056 1.2910495984100227e-06
53300.056 1.316892445630374e-06
