galfind/configs/Brown_Dwarf_templates/sonora_bobcat/m0.0/3160g/sp_t2200g3160nc_m0.0_resample.dat
# %ECSV 1.0
# ---
# datatype:
# - {name: wav, unit: Angstrom, datatype: float64}
# - {name: flux_nu, unit: erg / (cm2 Hz s), datatype: float64}
# meta: {C/O: '1.00', Kzz: '1.0000E+05', Teff: '2200.', Y: '0.28', '[Fe/H]': '0.00', f_hole: '1.00', f_rain: '0.00', grav: '3160.'}
# schema: astropy-2.0
wav flux_nu
4000.0559999999996 nan
4050.0559999999996 1.1476670028477878e-08
4100.056 1.802314944714901e-08
4150.056 1.7586407577351706e-08
4200.056 1.3952068858706912e-08
4250.056 1.2488110105890015e-08
4300.056 8.846026601373681e-09
4350.056 8.916438622990642e-09
4400.056 1.0183980679193199e-08
4450.056 5.967345112620709e-09
4500.056 5.24023494432064e-09
4550.056 6.875426573978037e-09
4600.056 5.45494654266929e-09
4650.056 4.262232970328919e-09
4700.056 5.4882908282005675e-09
4750.056 6.285063930109352e-09
4800.056 3.0386435810506257e-09
4850.056 4.187012428360732e-09
4900.056 7.451701171999218e-09
4950.056 8.460827513020134e-09
5000.056 3.3777730132994584e-09
5050.056 4.28867917174033e-09
5100.056 5.274727007940956e-09
5150.056 4.047783252350782e-09
5200.056 3.5170232297599286e-09
5250.056 5.750482200000179e-09
5300.056 6.958772117899854e-09
5350.056 7.064518373400285e-09
5400.056 7.12625144130014e-09
5450.056 5.348548734799774e-09
5500.056 3.945691874399962e-09
5550.056 4.178935195399992e-09
5600.056 3.4587263698001187e-09
5650.056 2.7506121887999846e-09
5700.056 2.1175303690999973e-09
5750.056 1.286688175109967e-09
5800.056 6.579712086299906e-10
5850.056 2.210489614439949e-10
5900.056 2.788094692679335e-11
5950.056 4.843588865900094e-10
6000.056 1.7330275196300183e-09
6050.056 4.2919610154000736e-09
6100.056 7.852624248300137e-09
6150.056 1.142204909279971e-08
6200.056 1.2275435801400004e-08
6250.056 1.596296200200036e-08
6300.056 2.303530901700042e-08
6350.056 2.9472465502001157e-08
6400.056 3.603740038700019e-08
6450.056 4.6002495495995044e-08
6500.056 5.377900306199422e-08
6550.056 6.661500613899521e-08
6600.056 6.759963035000013e-08
6650.056 5.9494979770004136e-08
6700.056 3.7177498035800154e-08
6750.056 5.356070853500134e-08
6800.056 6.024523564000319e-08
6850.056 6.700073288599943e-08
6900.056 6.883598189499958e-08
6950.056 8.773817754000101e-08
7000.056 1.5197593473299673e-07
7050.056 1.572665661810073e-07
7100.056 7.99043721239994e-08
7150.056 7.293991737100168e-08
7200.056 9.611325103399792e-08
7250.056 1.3339421387101426e-07
7300.056 1.9472943030201954e-07
7350.056 2.6030434529000424e-07
7400.056 2.8295633101002164e-07
7450.056 2.642208683300032e-07
7500.056 2.463196226100032e-07
7550.056 2.2265184303000256e-07
7600.056 1.3380154475499303e-07
7650.056 2.0230169952388362e-08
7700.056 7.1630011045516735e-09
7750.056 7.631230566200243e-08
7800.056 1.4514457851261306e-07
7850.056 2.261304929300049e-07
7900.056 2.8867829946001373e-07
7950.056 3.123593212110786e-07
8000.056 4.465308464199794e-07
8050.056 6.323247302699935e-07
8100.056 8.344036948600394e-07
8150.056 1.0261423486499996e-06
8200.056 6.62702584795954e-07
8250.056 1.0185216596699882e-06
8300.056 9.40182673140109e-07
8350.056 1.0332552118500952e-06
8400.056 1.0669468300200456e-06
8450.056 6.930515880599784e-07
8500.056 6.122544168621539e-07
8550.056 8.166254071000627e-07
8600.056 1.0203207363898264e-06
8650.056 1.2265327038799234e-06
8700.056 1.1192067980898978e-06
8750.056 1.2285853772300929e-06
8800.056 1.6084914812501412e-06
8850.056 1.5246214813799064e-06
8900.056 1.1136657070300667e-06
8950.056 1.2407322684349008e-06
9000.056 1.6057183763201277e-06
9050.056 1.5337068225299608e-06
9100.056 1.949307764939966e-06
9150.056 2.2846412481500445e-06
9200.056 2.334491847680209e-06
9250.056 1.8978645073101311e-06
9300.056 1.689914737219983e-06
9350.056 1.8485117487600353e-06
9400.056 2.01357060999013e-06
9450.056 2.32702664592981e-06
9500.056 2.7212350384999927e-06
9550.056 2.9033972441000966e-06
9600.056 3.147374785600159e-06
9650.056 3.4775575210002337e-06
9700.056 3.8054310235998853e-06
9750.056 3.227761250899887e-06
9800.056 3.397407736399907e-06
9850.056 3.2803873239999417e-06
9900.056 2.2435659638998292e-06
9950.056 1.5123737590300558e-06
10000.056 1.5214441456199541e-06
10050.056 1.6345824412999436e-06
10100.056 2.0505728076602466e-06
10150.056 1.9941196765599446e-06
10200.056 2.1773909509999716e-06
10250.056 2.197206788829794e-06
10300.056 1.9917792439498834e-06
10350.056 2.3857722251501116e-06
10400.056 2.741817297679891e-06
10450.056 2.8545417478602474e-06
10500.056 2.9359627502697496e-06
10550.056 3.2120960323901672e-06
10600.056 3.5067332009300997e-06
10650.056 3.4725201790301957e-06
10700.056 3.5320750812601117e-06
10750.056 3.862149653050211e-06
10800.056 4.1764567533798095e-06
10850.056 4.575923647899763e-06
10900.056 4.735841161299856e-06
10950.056 4.85813947369976e-06
11000.056 4.658757771499975e-06
11050.056 3.838006382600104e-06
11100.056 4.135411375200276e-06
11150.056 4.492887840999932e-06
11200.056 4.506952842730404e-06
11250.056 5.2242212087301125e-06
11300.056 5.10074609989997e-06
11350.056 4.737114055459739e-06
11400.056 3.1227894778400223e-06
11450.056 5.141776894299795e-06
11500.056 6.137670691099762e-06
11550.056 5.957449336959948e-06
11600.056 6.2751678785994615e-06
11650.056 5.925370455100238e-06
11700.056 4.012585690740009e-06
11750.056 4.377667983639579e-06
11800.056 4.484825142890335e-06
11850.056 6.397437688100292e-06
11900.056 7.065162130799483e-06
11950.056 6.199740437200032e-06
12000.056 5.337573258700091e-06
12050.056 6.322788087499964e-06
12100.056 6.1470981805997075e-06
12150.056 7.034444223999716e-06
12200.056 6.791407768599496e-06
12250.056 7.353371936799877e-06
12300.056 7.450145987000323e-06
12350.056 7.199765223300021e-06
12400.056 6.041629411899876e-06
12450.056 5.0287415037000246e-06
12500.056 5.387595028799507e-06
12550.056 5.4822490388002835e-06
12600.056 6.862514589000023e-06
12650.056 7.0476087167997295e-06
12700.056 7.674558083900253e-06
12750.056 7.571234185199758e-06
12800.056 7.99168664749999e-06
12850.056 7.719868941299992e-06
12900.056 7.308410623899674e-06
12950.056 7.471666137999959e-06
13000.056 7.873865194099669e-06
13050.056 8.219236840299861e-06
13100.056 8.313439046399998e-06
13150.056 8.478391611899902e-06
13200.056 8.217509083800151e-06
13250.056 7.72828699190004e-06
13300.056 7.0617712755894316e-06
13350.056 4.6413918509903204e-06
13400.056 4.28590956215933e-06
13450.056 3.924715005395921e-06
13500.056 3.6999409970296846e-06
13550.056 3.574389424843876e-06
13600.056 3.556463194398247e-06
13650.056 4.1728290274078655e-06
13700.056 3.946973538958504e-06
13750.056 4.204802757959481e-06
13800.056 4.668270518377236e-06
13850.056 4.411141534480766e-06
13900.056 4.160641713714142e-06
13950.056 3.956239284749125e-06
14000.056 3.739759899250083e-06
14050.056 3.978507579421411e-06
14100.056 3.466756488738232e-06
14150.056 3.6748442489961615e-06
14200.056 3.3774775061752513e-06
14250.056 3.2951166594524596e-06
14300.056 3.4646816627616688e-06
14350.056 3.5490471888561236e-06
14400.056 3.6419468268100083e-06
14450.056 3.788976441812193e-06
14500.056 4.1401376212298445e-06
14550.056 4.147816347299816e-06
14600.056 4.551678896730645e-06
14650.056 4.437891516058875e-06
14700.056 4.131215113029839e-06
14750.056 4.401987172450534e-06
14800.056 4.519172779700521e-06
14850.056 4.845625838299461e-06
14900.056 4.770861776129753e-06
14950.056 4.828326738730519e-06
15000.056 4.999421742200153e-06
15050.056 5.4767135347995015e-06
15100.056 5.392907101900171e-06
15150.056 5.403825501300202e-06
15200.056 5.785218638099754e-06
15250.056 5.896153174800006e-06
15300.056 6.102624120999988e-06
15350.056 6.3709544031999755e-06
15400.056 6.504705226599992e-06
15450.056 6.7233173643002e-06
15500.056 6.837070546399963e-06
15550.056 7.09947597409964e-06
15600.056 7.133546098900374e-06
15650.056 7.346332871900105e-06
15700.056 7.687344349900681e-06
15750.056 7.91323450169966e-06
15800.056 7.940495496600307e-06
15850.056 6.6491646231002835e-06
15900.056 6.897649748700057e-06
15950.056 6.849980694399828e-06
16000.056 7.018670369800018e-06
16050.056 7.143144804400304e-06
16100.056 7.357123517200085e-06
16150.056 6.8707921194000454e-06
16200.056 7.262183152099994e-06
16250.056 6.902364211800044e-06
16300.056 7.007730359600054e-06
16350.056 7.424811293999874e-06
16400.056 7.224766123500157e-06
16450.056 7.507882243300363e-06
16500.056 7.653762418000023e-06
16550.056 8.03777433119985e-06
16600.056 7.514822436900138e-06
16650.056 8.082331681900046e-06
16700.056 7.708026834099675e-06
16750.056 7.65826133039981e-06
16800.056 7.909045283299849e-06
16850.056 8.079613545499674e-06
16900.056 7.812806164200234e-06
16950.056 7.79244813309974e-06
17000.056 7.94407660420037e-06
17050.056 7.88309581000018e-06
17100.056 7.659679106700444e-06
17150.056 7.6213001397003285e-06
17200.056 7.137959124599863e-06
17250.056 6.708536972900011e-06
17300.056 6.736516218599571e-06
17350.056 6.653306051300435e-06
17400.056 6.387447884699739e-06
17450.056 6.152245111368489e-06
17500.056 5.932457842810122e-06
17550.056 5.6762310590507806e-06
17600.056 5.535725309850036e-06
17650.056 5.543935951170255e-06
17700.056 4.788174448159473e-06
17750.056 4.725782121489734e-06
17800.056 4.618164647460984e-06
17850.056 4.188801028309955e-06
17900.056 4.385358350930236e-06
17950.056 4.229183697289867e-06
18000.056 3.936906831940154e-06
18050.056 3.947600397880333e-06
18100.056 3.867967790669572e-06
18150.056 4.219855071914847e-06
18200.056 3.5208738202402244e-06
18250.056 4.278356369154568e-06
18300.056 4.0002924741699505e-06
18350.056 3.92897666683222e-06
18400.056 3.818495736390278e-06
18450.056 3.450899511406021e-06
18500.056 3.5905747785102414e-06
18550.056 3.2956710049799243e-06
18600.056 2.852086809655389e-06
18650.056 3.2646387720705664e-06
18700.056 3.5537270596554175e-06
18750.056 3.4176981283987335e-06
18800.056 3.6614394161007106e-06
18850.056 4.1367655327898335e-06
18900.056 3.934194710648913e-06
18950.056 4.228184381159787e-06
19000.056 4.3542695029994486e-06
19050.056 4.168633977769915e-06
19100.056 4.463885199080397e-06
19150.056 4.470850738435989e-06
19200.056 4.458559830504593e-06
19250.056 4.235169120529762e-06
19300.056 4.464890881649371e-06
19350.056 4.377873022149653e-06
19400.056 3.677000048249609e-06
19450.056 4.350871429790011e-06
19500.056 4.37081323950993e-06
19550.056 3.692798041450531e-06
19600.056 4.102520991169709e-06
19650.056 4.171874750978627e-06
19700.056 4.1264741831401885e-06
19750.056 3.787474500450215e-06
19800.056 4.059076763979574e-06
19850.056 4.22119342345998e-06
19900.056 3.6821373349305178e-06
19950.056 4.283924596129745e-06
20000.056 3.838937669470477e-06
20050.056 4.259476051090452e-06
20100.056 4.093284367728527e-06
20150.056 4.27805884213056e-06
20200.056 4.401526497319677e-06
20250.056 4.500676315999727e-06
20300.056 4.53254370320036e-06
20350.056 4.73970596249961e-06
20400.056 4.766152464438793e-06
20450.056 4.8685497350493e-06
20500.056 5.023962967159699e-06
20550.056 5.080226342400031e-06
20600.056 5.372810336700068e-06
20650.056 5.24336892878003e-06
20700.056 5.512285186300294e-06
20750.056 5.518408033599745e-06
20800.056 5.755098830399793e-06
20850.056 5.64796571759996e-06
20900.056 5.975273700199917e-06
20950.056 6.00060080279984e-06
21000.056 6.136794889999947e-06
21050.056 6.266085936500038e-06
21100.056 6.25606426549995e-06
21150.056 6.480971659000013e-06
21200.056 6.512959745600184e-06
21250.056 6.711112466099742e-06
21300.056 6.541709113000179e-06
21350.056 6.866092797600087e-06
21400.056 6.692076267500108e-06
21450.056 7.141549334900024e-06
21500.056 6.860183250300108e-06
21550.056 7.015167395499863e-06
21600.056 7.1272628235001804e-06
21650.056 7.091678265900034e-06
21700.056 7.269338745899978e-06
21750.056 7.132057718000037e-06
21800.056 7.166320180499792e-06
21850.056 7.164573224999812e-06
21900.056 7.293887831400279e-06
21950.056 7.17620327210001e-06
22000.056 7.284092089299871e-06
22050.056 6.986736903699737e-06
22100.056 7.14143016449998e-06
22150.056 7.264312239700193e-06
22200.056 7.081895130000436e-06
22250.056 7.3654414712002284e-06
22300.056 7.278267039200037e-06
22350.056 7.091473093600113e-06
22400.056 7.271534412599987e-06
22450.056 7.161647065999743e-06
22500.056 7.1994126664999765e-06
22550.056 7.168758201399674e-06
22600.056 7.184756734199949e-06
22650.056 7.0263886661004364e-06
22700.056 6.9998637032004705e-06
22750.056 7.202895383599886e-06
22800.056 6.941094897500035e-06
22850.056 7.061418990100155e-06
22900.056 7.083493845099879e-06
22950.056 5.212440641440418e-06
23000.056 5.592971161390164e-06
23050.056 5.835995935529482e-06
23100.056 5.632703406509739e-06
23150.056 5.89812743361018e-06
23200.056 5.790975814960236e-06
23250.056 4.8995355263093896e-06
23300.056 5.205925849030036e-06
23350.056 5.418844529240024e-06
23400.056 5.363674220090059e-06
23450.056 5.4121676129803215e-06
23500.056 5.552389668359551e-06
23550.056 4.933233613360693e-06
23600.056 4.90855247907054e-06
23650.056 5.229410151109529e-06
23700.056 5.120583845409383e-06
23750.056 5.207915938570602e-06
23800.056 5.162673818730045e-06
23850.056 4.513308299750314e-06
23900.056 4.822999783850252e-06
23950.056 5.026961200600521e-06
24000.056 4.726518822289178e-06
24050.056 4.6552038883304585e-06
24100.056 4.309268343109578e-06
24150.056 4.210124292570378e-06
24200.056 4.1859071249192595e-06
24250.056 4.047166303080151e-06
24300.056 4.016526382420302e-06
24350.056 3.6182515044701473e-06
24400.056 3.980039941799985e-06
24450.056 3.575181075989955e-06
24500.056 3.383449635010205e-06
24550.056 3.255227727120377e-06
24600.056 3.330986720580215e-06
24650.056 3.5897668705401654e-06
24700.056 2.964966067739996e-06
24750.056 2.8004966026102736e-06
24800.056 2.8077454987100634e-06
24850.056 3.2692597957302306e-06
24900.056 2.3868966545907694e-06
24950.056 3.0746732096198876e-06
25000.056 2.7714270072703573e-06
25050.056 2.164464692520499e-06
25100.056 2.684978953469818e-06
25150.056 2.3406710535697925e-06
25200.056 2.473521854940112e-06
25250.056 2.2692593457095737e-06
25300.056 2.5201294160501712e-06
25350.056 2.081322502179959e-06
25400.056 2.378497078220605e-06
25450.056 2.093808425859966e-06
25500.056 2.260362448280451e-06
25550.056 2.160416240840049e-06
25600.056 2.2215108381298556e-06
25650.056 1.9657619473138664e-06
25700.056 2.621232516099387e-06
25750.056 1.8408967642202302e-06
25800.056 2.471216808960303e-06
25850.056 2.193426201709813e-06
25900.056 2.4305685846104465e-06
25950.056 2.075083890320204e-06
26000.056 2.495617485870601e-06
26050.056 2.506363608089983e-06
26100.056 2.6546395011202245e-06
26150.056 2.584319093919618e-06
26200.056 2.456295830180081e-06
26250.056 2.6416899667500344e-06
26300.056 2.5666705791599745e-06
26350.056 2.754043308529984e-06
26400.056 2.7720999756997963e-06
26450.056 2.700223680990031e-06
26500.056 2.87693064553944e-06
26550.056 2.7538469038597602e-06
26600.056 3.263886128659694e-06
26650.056 2.5051925556996987e-06
26700.056 2.582203287930095e-06
26750.056 2.1273625493191567e-06
26800.056 2.447977901529673e-06
26850.056 1.878721008580243e-06
26900.056 2.5491589941298495e-06
26950.056 1.7212704560298483e-06
27000.056 2.390152337550195e-06
27050.056 1.9949265427098057e-06
27100.056 2.026914392159577e-06
27150.056 2.142588295360064e-06
27200.056 2.1382028808901943e-06
27250.056 1.9404341420105088e-06
27300.056 2.3971816556402613e-06
27350.056 2.2062814108694747e-06
27400.056 1.8125325329498772e-06
27450.056 2.5461075440595116e-06
27500.056 2.3003847821500795e-06
27550.056 2.072837961189791e-06
27600.056 2.553913691309857e-06
27650.056 1.9754314631899557e-06
27700.056 1.869175753750019e-06
27750.056 2.5851763128094114e-06
27800.056 1.9010189122299399e-06
27850.056 2.0239976851396613e-06
27900.056 2.115246989729907e-06
27950.056 2.5232284396198724e-06
28000.056 2.2563259949503866e-06
28050.056 1.707937268600437e-06
28100.056 2.6070353068705705e-06
28150.056 2.0391960898500217e-06
28200.056 1.7234150419799927e-06
28250.056 2.297645203009914e-06
28300.056 2.6214634929704168e-06
28350.056 1.8727997932295534e-06
28400.056 2.1938593401301277e-06
28450.056 2.306177432459773e-06
28500.056 2.2451485058896607e-06
28550.056 1.5442861730096334e-06
28600.056 2.636110331840135e-06
28650.056 2.3110343869499834e-06
28700.056 2.0234264822498172e-06
28750.056 2.3629847940099566e-06
28800.056 2.2957465708503695e-06
28850.056 2.3552953615601646e-06
28900.056 1.768548176179968e-06
