galfind/configs/Brown_Dwarf_templates/sonora_bobcat/m0.0/3160g/sp_t1000g3160nc_m0.0_resample.dat
# %ECSV 1.0
# ---
# datatype:
# - {name: wav, unit: Angstrom, datatype: float64}
# - {name: flux_nu, unit: erg / (cm2 Hz s), datatype: float64}
# meta: {C/O: '1.00', Kzz: '1.0000E+05', Teff: '1000.', Y: '0.28', '[Fe/H]': '0.00', f_hole: '1.00', f_rain: '0.00', grav: '3160.'}
# schema: astropy-2.0
wav flux_nu
[from data line 499]
28950.056 8.170637216492869e-08
29000.056 6.890282753690715e-08
29050.056 7.916290906331537e-08
29100.056 5.516372032291012e-08
29150.056 1.0558390968421182e-07
29200.056 6.900119582115072e-08
29250.056 9.407608254089234e-08
29300.056 5.629987843420573e-08
29350.056 1.5473879269340963e-07
29400.056 7.91412173066111e-08
29450.056 8.533793645743335e-08
29500.056 1.0022032870218465e-07
29550.056 8.802498513241088e-08
29600.056 1.0223146256667193e-07
29650.056 1.0515467977929795e-07
29700.056 8.474386306891819e-08
29750.056 1.1276244359709191e-07
29800.056 1.1462447178019995e-07
29850.056 1.218395633220735e-07
29900.056 1.2327624946265054e-07
29950.056 1.2006465639836085e-07
30000.056 4.600247305242282e-08
30050.056 6.483088798700623e-08
30100.056 7.974762937080021e-08
30150.056 1.2982127589499542e-07
30200.056 1.0501126757020053e-07
30250.056 1.591673543810163e-07
30300.056 1.3525928292199803e-07
30350.056 1.212321263430052e-07
30400.056 1.557488448674093e-07
30450.056 1.0779945661981309e-07
30500.056 1.0441200405549908e-07
30550.056 1.0798992517200027e-07
30600.056 1.3954142710700536e-07
30650.056 1.0970027979799706e-07
30700.056 9.8084837196787e-08
30750.056 1.0666587024098585e-07
30800.056 9.809277517401942e-08
30850.056 8.889141445668135e-08
30900.056 7.956569521438234e-08
30950.056 6.974163146431443e-08
31000.056 7.123014385600895e-08
31050.056 8.327580381199948e-08
31100.056 5.6573131478300446e-08
31150.056 7.00393654382951e-08
31200.056 8.46847885510121e-08
31250.056 5.7590938623196546e-08
31300.056 5.6764477033420024e-08
31350.056 5.7805476515805855e-08
31400.056 4.513934823052311e-08
31450.056 5.317244855659029e-08
31500.056 3.7013191635343135e-08
31550.056 4.380809726443411e-08
31600.056 3.624863002965503e-08
31650.056 3.192878139646606e-08
31700.056 3.661193745279794e-08
31750.056 2.615435862740562e-08
31800.056 3.753970677709505e-08
31850.056 2.447578684551418e-08
31900.056 3.393802990640404e-08
31950.056 2.1558851140244132e-08
32000.056 2.93157176954459e-08
32050.056 2.8942395282182716e-08
32100.056 2.621490397061944e-08
32150.056 3.24345081015984e-08
32200.056 2.43645620578411e-08
32250.056 3.7802372706009277e-08
32300.056 2.2206225793473938e-08
32350.056 4.030506336580232e-08
32400.056 2.379021192819845e-08
32450.056 3.7573076389590765e-08
32500.056 3.1832679408068245e-08
32550.056 3.555461335309708e-08
32600.056 3.9003696994100894e-08
32650.056 4.7063961256789137e-08
32700.056 4.503000904800837e-08
32750.056 5.558988796660651e-08
32800.056 5.6571607389167556e-08
32850.056 6.401683474199962e-08
32900.056 6.737979070827915e-08
32950.056 6.881325560269925e-08
33000.056 5.8090181419990534e-08
33050.056 5.7939100934807086e-08
33100.056 3.1919963700792857e-08
33150.056 5.109649681190848e-09
33200.056 6.059184031906427e-09
33250.056 5.080552567198347e-09
33300.056 7.188020181702043e-09
33350.056 1.2291593447800855e-08
33400.056 1.8531565972397066e-08
33450.056 2.384238479965979e-08
33500.056 3.8756632531008736e-08
33550.056 3.2270445779065095e-08
33600.056 4.836160773339439e-08
33650.056 5.2277000138806425e-08
33700.056 3.874711124586301e-08
33750.056 6.24094619552003e-08
33800.056 3.6684987310726936e-08
33850.056 5.110015928909542e-08
33900.056 4.202263115549744e-08
33950.056 4.508100923429419e-08
34000.056 5.63153190377067e-08
34050.056 3.0971890075898763e-08
34100.056 5.38214172716041e-08
34150.056 3.6510697148758164e-08
34200.056 4.6431485998284305e-08
34250.056 4.533092233978773e-08
34300.056 3.558867923099564e-08
34350.056 4.4456104932005074e-08
34400.056 3.198645797719671e-08
34450.056 4.93438219185914e-08
34500.056 4.364929106959817e-08
34550.056 3.01398129224007e-08
34600.056 5.8237772964999876e-08
34650.056 3.413688260309868e-08
34700.056 4.9185978912199137e-08
34750.056 4.7184436436987746e-08
34800.056 3.736461624479709e-08
34850.056 5.702557656400225e-08
34900.056 4.548151712888619e-08
34950.056 5.2925201151990745e-08
35000.056 7.625432689550621e-08
35050.056 4.58900741584085e-08
35100.056 6.908926269400004e-08
35150.056 6.872238522830447e-08
35200.056 6.441152821030067e-08
35250.056 8.948682007837634e-08
35300.056 5.653205712490723e-08
35350.056 6.865361748919102e-08
35400.056 7.678698688300012e-08
35450.056 5.323940743891967e-08
35500.056 9.870461010299304e-08
35550.056 8.178720563300079e-08
35600.056 8.357360328902432e-08
35650.056 9.638641961221557e-08
35700.056 7.767966080239439e-08
35750.056 1.0499623142399755e-07
35800.056 1.2087834844800245e-07
35850.056 8.020452768100153e-08
35900.056 1.1607005672600995e-07
35950.056 1.1496971547798777e-07
36000.056 1.1257781583201453e-07
36050.056 1.1745480029898882e-07
36100.056 1.0538049954275767e-07
36150.056 1.2993257879299236e-07
36200.056 1.447585802949852e-07
36250.056 1.2157455989698152e-07
36300.056 1.5886677351211325e-07
36350.056 1.4910322599900138e-07
36400.056 1.5691377985299303e-07
36450.056 1.6144863159879175e-07
36500.056 1.6453537302299031e-07
36550.056 1.9534641322003785e-07
36600.056 2.1429707239999278e-07
36650.056 1.8635379853357735e-07
36700.056 1.9917659110519004e-07
36750.056 2.285409800500209e-07
36800.056 2.2856293521999474e-07
36850.056 2.1212131579996373e-07
36900.056 2.229489396119949e-07
36950.056 2.54964970769975e-07
37000.056 2.3493059169999115e-07
37050.056 2.54129994464019e-07
37100.056 2.410460451279869e-07
37150.056 2.491058725560214e-07
37200.056 2.8796730706999195e-07
37250.056 2.480408542619592e-07
37300.056 2.2932892094694663e-07
37350.056 2.757313548120168e-07
37400.056 3.3324071257999244e-07
37450.056 2.61048403763999e-07
37500.056 2.696390826479895e-07
37550.056 3.4004251361007503e-07
37600.056 3.7223635405001937e-07
37650.056 2.704194781430348e-07
37700.056 3.465288367840246e-07
37750.056 2.884883390980304e-07
37800.056 3.274066897800631e-07
37850.056 2.641619426500021e-07
37900.056 2.9448298485004277e-07
37950.056 3.279643339249816e-07
38000.056 3.538151401559907e-07
38050.056 3.519602381280391e-07
38100.056 3.813981404700204e-07
38150.056 3.9853272620999016e-07
38200.056 3.9268367946001994e-07
38250.056 3.8179001081001074e-07
38300.056 4.577491345799497e-07
38350.056 4.620023898100357e-07
38400.056 3.633151432329511e-07
38450.056 3.758296110199462e-07
38500.056 3.3314204782004546e-07
38550.056 4.2421873467003767e-07
38600.056 4.0803193658995656e-07
38650.056 4.322106692599846e-07
38700.056 4.601290848500024e-07
38750.056 4.530029871099919e-07
38800.056 4.1936590359996116e-07
38850.056 4.5633453795002464e-07
38900.056 4.930986617899698e-07
38950.056 4.4587289720999845e-07
39000.056 4.779248234799787e-07
39050.056 4.758924165600306e-07
39100.056 4.659323371200173e-07
39150.056 5.14200378279997e-07
39200.056 4.762565699199897e-07
39250.056 5.257692120799941e-07
39300.056 5.024791576399633e-07
39350.056 5.542207717400148e-07
39400.056 5.139335792500232e-07
39450.056 5.391354895300058e-07
39500.056 5.494082023100027e-07
39550.056 5.118024174000719e-07
39600.056 5.587845823099585e-07
39650.056 6.038306577399901e-07
39700.056 5.716924332000323e-07
39750.056 5.046415586600612e-07
39800.056 5.309368293799857e-07
39850.056 6.312067225700062e-07
39900.056 6.248478967400018e-07
39950.056 5.957216994999805e-07
40000.056 6.39470890390009e-07
40050.056 6.143686668300093e-07
40100.056 5.354820567740246e-07
40150.056 6.361030896700176e-07
40200.056 6.556907695199496e-07
40250.056 6.321439873199276e-07
40300.056 6.428680918100378e-07
40350.056 5.998086986599653e-07
40400.056 6.653440203000134e-07
40450.056 6.082152464500138e-07
40500.056 6.562626597200146e-07
40550.056 6.997698678899628e-07
40600.056 6.506214903300168e-07
40650.056 6.402363589799331e-07
40700.056 7.667453508399849e-07
40750.056 6.381139322599195e-07
40800.056 5.860060803898932e-07
40850.056 7.255609479200451e-07
40900.056 7.22081430189992e-07
40950.056 6.492131170699989e-07
41000.056 6.708082175399891e-07
41050.056 7.297863523399596e-07
41100.056 6.75852193269957e-07
41150.056 5.779988244099706e-07
41200.056 7.170388560500124e-07
41250.056 6.71323182189973e-07
41300.056 6.105798688299576e-07
41350.056 7.351559558200153e-07
41400.056 6.688275549600339e-07
41450.056 7.159333695500051e-07
41500.056 6.238338138499489e-07
41550.056 5.885697462200616e-07
41600.056 6.436010809240377e-07
41650.056 6.882248443300242e-07
41700.056 6.275190874199451e-07
41750.056 6.393687132499779e-07
41800.056 7.373466215599999e-07
41850.056 5.144539844900006e-07
41900.056 6.121671453799268e-07
41950.056 6.89414350610031e-07
42000.056 6.723855870699944e-07
42050.056 5.688438818999943e-07
42100.056 7.415871905100053e-07
42150.056 5.445756922400114e-07
42200.056 5.490501308899676e-07
42250.056 6.14107466169988e-07
42300.056 5.70652781099987e-07
42350.056 6.443505042600534e-07
42400.056 6.441721145800282e-07
42450.056 5.307260123000424e-07
42500.056 5.51547118509988e-07
42550.056 5.192798213500013e-07
42600.056 5.892970815200617e-07
42650.056 7.045659361899374e-07
42700.056 5.824552845699247e-07
42750.056 4.957503587900554e-07
42800.056 5.813047308800224e-07
42850.056 6.409258987699088e-07
42900.056 6.661317482800538e-07
42950.056 5.294535969099262e-07
43000.056 6.113680093999949e-07
43050.056 4.17860225444123e-07
43100.056 5.711056854199673e-07
43150.056 5.119402772700287e-07
43200.056 5.481486101300067e-07
43250.056 7.057190474900324e-07
43300.056 6.802671161000107e-07
43350.056 4.353086889099152e-07
43400.056 5.698255445900212e-07
43450.056 4.853714551300673e-07
43500.056 5.286430457999963e-07
43550.056 5.232240893460045e-07
43600.056 6.379295147300414e-07
43650.056 4.4143088121200247e-07
43700.056 6.668444206300481e-07
43750.056 6.089405113500192e-07
43800.056 5.710065359999414e-07
43850.056 5.187869938300765e-07
43900.056 5.574599611999705e-07
43950.056 4.308515378999599e-07
44000.056 3.8141642851001177e-07
44050.056 5.871577024900179e-07
44100.056 6.933246577200324e-07
44150.056 7.05187955639973e-07
44200.056 6.186132840000123e-07
44250.056 4.6126223430999637e-07
44300.056 3.9591194359005645e-07
44350.056 4.535773348430453e-07
44400.056 4.410009852199796e-07
44450.056 5.558453490100117e-07
44500.056 5.227133986400795e-07
44550.056 6.325296331299757e-07
44600.056 5.700577282570254e-07
44650.056 5.648145944199941e-07
44700.056 4.4580695215996816e-07
44750.056 5.132112365900676e-07
44800.056 4.843814561860384e-07
44850.056 5.991748876100474e-07
44900.056 4.829702931500134e-07
44950.056 5.112264634600309e-07
45000.056 5.490304275900109e-07
45050.056 5.462416646599813e-07
45100.056 5.537009247900223e-07
45150.056 5.378931234089903e-07
45200.056 4.3158562189501965e-07
45250.056 4.7648355332993364e-07
45300.056 4.6615263230004125e-07
45350.056 4.317489328179762e-07
45400.056 5.88794068970044e-07
45450.056 5.681610251800013e-07
45500.056 5.677752447100131e-07
45550.056 6.404084751199458e-07
45600.056 6.158230991400274e-07
45650.056 5.443896125699465e-07
45700.056 4.5513266341400657e-07
45750.056 4.256005771600036e-07
45800.056 6.208406484600101e-07
45850.056 6.235133595699959e-07
45900.056 6.432522060100189e-07
45950.056 5.253001610199894e-07
46000.056 6.198198404500507e-07
46050.056 5.52010080830008e-07
46100.056 6.325322839899767e-07
46150.056 4.98536325379986e-07
46200.056 4.754679038300136e-07
46250.056 3.21690748045967e-07
46300.056 5.330167247699928e-07
46350.056 5.363694132200223e-07
46400.056 5.361801643800232e-07
46450.056 4.82297095059994e-07
46500.056 4.998287267700767e-07
46550.056 4.1614163828001097e-07
46600.056 4.790564178399576e-07
46650.056 6.360419567700246e-07
46700.056 5.124153453199571e-07
46750.056 3.615597151860381e-07
46800.056 3.008485998420124e-07
46850.056 6.207543679600612e-07
46900.056 6.02587431029968e-07
46950.056 5.874520666399721e-07
47000.056 5.413930756000446e-07
47050.056 5.020697304578942e-07
47100.056 3.7779312343502055e-07
47150.056 4.879905032700505e-07
47200.056 5.608060943599956e-07
47250.056 4.0273976854996814e-07
47300.056 3.126494309280207e-07
47350.056 5.879796111799984e-07
47400.056 5.746495782299716e-07
47450.056 5.103175003780369e-07
47500.056 5.925085153099749e-07
47550.056 5.17954425890012e-07
47600.056 5.475791705999622e-07
47650.056 5.038242985859424e-07
47700.056 4.848784483920914e-07
47750.056 3.8337395884000367e-07
47800.056 3.8592671523002615e-07
47850.056 2.774078904000107e-07
47900.056 3.47659780998972e-07
47950.056 5.076212502800113e-07
48000.056 6.04320487420012e-07
48050.056 5.452753697399775e-07
48100.056 3.43359396230004e-07
48150.056 4.391874860200184e-07
48200.056 4.089569585619914e-07
48250.056 4.429105544199982e-07
48300.056 5.949281166999784e-07
48350.056 4.017239120199874e-07
48400.056 2.375494091659633e-07
48450.056 3.8245282219706667e-07
48500.056 4.819905821599316e-07
48550.056 4.500764780200216e-07
48600.056 4.858639094200098e-07
48650.056 5.270558282699878e-07
48700.056 4.640087926100061e-07
48750.056 2.966630842560811e-07
48800.056 5.181446274000274e-07
48850.056 3.6086485916893973e-07
48900.056 5.165210668799831e-07
48950.056 3.719722668300049e-07
49000.056 2.5109947039400426e-07
49050.056 4.729955788499549e-07
49100.056 4.865330740630512e-07
49150.056 4.0495107916699364e-07
49200.056 5.141071466600402e-07
49250.056 4.886160001600291e-07
49300.056 4.3531979538598323e-07
49350.056 2.885026344640462e-07
49400.056 3.9100934371093974e-07
49450.056 3.899735170790913e-07
49500.056 3.3785516288097447e-07
49550.056 1.9339512260600063e-07
49600.056 3.0295696816204393e-07
49650.056 3.608099325299719e-07
49700.056 3.682343516669287e-07
49750.056 4.6351829090996617e-07
49800.056 3.608041748939976e-07
49850.056 4.978262158600457e-07
49900.056 4.462989112199948e-07
49950.056 3.8032705347998776e-07
50000.056 3.773466490599937e-07
50050.056 4.443570344199784e-07
50100.056 3.8079270737998495e-07
50150.056 2.5802862164998186e-07
50200.056 1.4342055882902578e-07
50250.056 3.3623593853998724e-07
50300.056 2.751175480650207e-07
50350.056 4.3353752657003917e-07
50400.056 3.932634113399862e-07
50450.056 3.0211539921200244e-07
50500.056 4.267782425600308e-07
50550.056 4.171494322500102e-07
50600.056 3.1062866608993987e-07
50650.056 4.2451509180006574e-07
50700.056 4.7479067797997027e-07
50750.056 3.5364509531802746e-07
50800.056 2.226637452979659e-07
50850.056 2.1126665492604592e-07
50900.056 4.390588195399898e-07
50950.056 3.6652099173002156e-07
51000.056 3.8343582470802853e-07
51050.056 3.857313703799719e-07
51100.056 2.1609506282997684e-07
51150.056 2.7900061833902193e-07
51200.056 4.925971024499757e-07
51250.056 3.415039912279794e-07
51300.056 2.5986027491505206e-07
51350.056 3.1997850663196135e-07
51400.056 2.0185264558901108e-07
51450.056 1.7090472695096836e-07
51500.056 1.7256056484504246e-07
51550.056 3.377150229780233e-07
51600.056 2.4916480532201106e-07
51650.056 2.7267004937996907e-07
51700.056 3.1600444724095e-07
51750.056 2.3732039193401643e-07
51800.056 3.493326669999371e-07
51850.056 2.996465489579891e-07
51900.056 4.265219211600282e-07
51950.056 3.25013959639975e-07
52000.056 1.3147749697297754e-07
52050.056 2.3794159326001675e-07
52100.056 1.9153187842099465e-07
52150.056 1.631530823590135e-07
52200.056 1.981740814109942e-07
52250.056 2.557206439950228e-07
52300.056 3.8985871362999305e-07
52350.056 2.4287509804939655e-07
52400.056 1.9923436904201705e-07
52450.056 3.2188263529002964e-07
52500.056 3.3340185907794003e-07
52550.056 3.106813467699742e-07
52600.056 2.675045433500196e-07
52650.056 2.8289631030103284e-07
52700.056 2.2567463769800398e-07
52750.056 1.662452785679895e-07
52800.056 2.0173592437702243e-07
52850.056 2.2645129204494544e-07
52900.056 2.00318786679166e-07
52950.056 2.2867671588800563e-07
53000.056 3.023905344240036e-07
53050.056 1.7706833047695855e-07
53100.056 2.8328815044999e-07
53150.056 3.5560615968001857e-07
53200.056 1.6408310044698394e-07
53250.056 3.0435397812002317e-07
53300.056 3.2850352835113015e-07
53350.056 3.1525848558999163e-07
53400.056 2.9630678924999657e-07
53450.056 1.6871763659198687e-07
53500.056 1.0288946757757353e-07
53550.056 1.590279897189894e-07
53600.056 2.489533515620366e-07
53650.056 1.8471937097398788e-07
