galfind/configs/Brown_Dwarf_templates/sonora_bobcat/m0.0/3160g/sp_t350g3160nc_m0.0_resample.dat
# %ECSV 1.0
# ---
# datatype:
# - {name: wav, unit: Angstrom, datatype: float64}
# - {name: flux_nu, unit: erg / (cm2 Hz s), datatype: float64}
# meta: {C/O: '1.00', Kzz: '1.0000E+05', Teff: '350.', Y: '0.28', '[Fe/H]': '0.00', f_hole: '1.00', f_rain: '0.00', grav: '3160.'}
# schema: astropy-2.0
wav flux_nu
4000.0559999999996 nan
4050.0559999999996 4.41618482784008e-18
4100.056 1.1692433448400166e-16
4150.056 5.887460168900047e-16
4200.056 1.1242486650500064e-15
4250.056 3.4870764025000222e-15
4300.056 7.191894337300032e-15
4350.056 1.2792258742400048e-14
4400.056 2.1195777923000076e-14
4450.056 3.351529088600012e-14
4500.056 5.148799704000017e-14
4550.056 7.324524531600007e-14
4600.056 7.289033414400005e-14
4650.056 7.392613567999996e-14
4700.056 6.272851344899985e-14
4750.056 4.2585753891999836e-14
4800.056 2.89749635309999e-14
4850.056 2.0134590807999938e-14
4900.056 1.5782611804999968e-14
4950.056 1.275559600699997e-14
5000.056 9.052046687099962e-15
5050.056 6.533785453399992e-15
5100.056 6.553778899500005e-15
5150.056 6.862392958000004e-15
5200.056 7.423948216500005e-15
5250.056 7.840438410800002e-15
5300.056 8.211422430400005e-15
5350.056 8.608953732900004e-15
5400.056 8.894058952600004e-15
5450.056 9.378593603800007e-15
5500.056 9.994372122300006e-15
5550.056 1.0657810633000005e-14
5600.056 1.1178327673000006e-14
5650.056 1.1446930035999999e-14
5700.056 1.1136709806999998e-14
5750.056 1.0833443149999993e-14
5800.056 9.83291796969998e-15
5850.056 7.106377822199926e-15
5900.056 2.421042968475065e-15
5950.056 1.3102621565000173e-14
6000.056 2.6503943341000216e-14
6050.056 4.840261998700037e-14
6100.056 8.135847455900057e-14
6150.056 1.2816330530000078e-13
6200.056 1.9364113050000103e-13
6250.056 2.767574077400013e-13
6300.056 3.9978977779000203e-13
6350.056 5.669975869800027e-13
6400.056 7.868826355100039e-13
6450.056 1.005650469330002e-12
6500.056 1.3572288865000091e-12
6550.056 1.8674934326000043e-12
6600.056 2.5418868452000167e-12
6650.056 3.4687175928000164e-12
6700.056 4.382467670800017e-12
6750.056 5.775140083700022e-12
6800.056 6.727682919800009e-12
6850.056 6.6095387251999885e-12
6900.056 5.115479608799957e-12
6950.056 3.6266659078000086e-12
7000.056 3.5379156527999796e-12
7050.056 3.486891950500004e-12
7100.056 3.7854795492999995e-12
7150.056 3.0062547989799473e-12
7200.056 2.2905461997400266e-12
7250.056 2.438779728799937e-12
7300.056 2.346878652700041e-12
7350.056 2.817087896300006e-12
7400.056 3.310980234900007e-12
7450.056 3.9104829506000196e-12
7500.056 4.334221212800003e-12
7550.056 4.528270069600003e-12
7600.056 4.480294140099995e-12
7650.056 2.590707129369955e-12
7700.056 2.5562417161000405e-12
7750.056 5.178995111900044e-12
7800.056 6.947305069100041e-12
7850.056 9.01361174730002e-12
7900.056 1.1454690491600063e-11
7950.056 1.3337990043000053e-11
8000.056 1.8053937009000093e-11
8050.056 2.2455486755000087e-11
8100.056 1.99600059319998e-11
8150.056 1.546098566100044e-11
8200.056 2.952507232300022e-11
8250.056 3.3075727611100653e-11
8300.056 3.99145032039999e-11
8350.056 4.853603920100037e-11
8400.056 6.544472950200112e-11
8450.056 9.154166195600088e-11
8500.056 1.1449225755000066e-10
8550.056 1.4294610009000152e-10
8600.056 1.7656728413000126e-10
8650.056 2.0508539594000107e-10
8700.056 2.2340494664000086e-10
8750.056 2.463582612600011e-10
8800.056 2.5563559678999975e-10
8850.056 2.2411893429999534e-10
8900.056 7.883015818599536e-11
8950.056 4.658690677100117e-11
9000.056 4.307481682670047e-11
9050.056 1.5822843796500028e-10
9100.056 1.632762632080087e-10
9150.056 1.800943022799962e-10
9200.056 2.5165828907801143e-10
9250.056 1.8530577049098572e-10
9300.056 1.9919958045598424e-12
9350.056 2.3953822415296563e-12
9400.056 4.1362719128808836e-11
9450.056 1.0614998448881049e-11
9500.056 1.1124309281856962e-11
9550.056 1.1678408915070178e-11
9600.056 1.847354281599916e-11
9650.056 4.445308936683725e-11
9700.056 1.6088556148499648e-10
9750.056 1.8434493102001334e-10
9800.056 2.5686372664899704e-10
9850.056 3.650789775000012e-10
9900.056 5.355035437400144e-10
9950.056 6.187750420200081e-10
10000.056 4.519414098491447e-10
10050.056 3.837171970499887e-10
10100.056 3.137850891099985e-10
10150.056 2.186795807099943e-10
10200.056 1.2948605701100101e-10
10250.056 1.3801511804000157e-10
10300.056 1.7589759431599517e-10
10350.056 1.0933258814100238e-10
10400.056 1.5351623224000113e-10
10450.056 1.769995847899971e-10
10500.056 1.9006359354000073e-10
10550.056 2.065895159700001e-10
10600.056 2.0216245630999958e-10
10650.056 1.826113603399988e-10
10700.056 1.5341601605999864e-10
10750.056 1.3460887319999855e-10
10800.056 1.1814042457800026e-10
10850.056 1.0252020377399934e-10
10900.056 8.654688005799853e-11
10950.056 6.031069733899917e-11
11000.056 3.699825814899826e-11
11050.056 1.62250624368995e-11
11100.056 4.793858569843557e-12
11150.056 1.1155569465699512e-12
11200.056 5.828728719962525e-13
11250.056 1.0400973326113303e-12
11300.056 2.3068238031428483e-12
11350.056 7.449239511702676e-13
11400.056 5.111758847228503e-12
11450.056 2.2657865737103723e-12
11500.056 2.2182527213133704e-12
11550.056 8.069614105974233e-13
11600.056 4.658190611461749e-13
11650.056 2.12617348954227e-12
11700.056 3.649113462339534e-12
11750.056 1.989612335157254e-12
11800.056 8.199775673900021e-12
11850.056 1.0096579349000083e-11
11900.056 1.2394890818000059e-11
11950.056 1.581729316400019e-11
12000.056 1.939746220540044e-11
12050.056 2.556133799600035e-11
12100.056 2.8643828365000354e-11
12150.056 3.694848129800006e-11
12200.056 4.308025695200008e-11
12250.056 5.946872117200083e-11
12300.056 8.665526888500206e-11
12350.056 1.0683065100100172e-10
12400.056 1.4691580708000187e-10
12450.056 2.045641026000033e-10
12500.056 2.484349312899993e-10
12550.056 2.716746757000042e-10
12600.056 3.65155362250007e-10
12650.056 4.843017365700066e-10
12700.056 5.548919934499986e-10
12750.056 4.988122014499991e-10
12800.056 4.1486359526999397e-10
12850.056 3.0361484272999365e-10
12900.056 2.375118899299965e-10
12950.056 2.0701406526000187e-10
13000.056 2.193537241300063e-10
13050.056 1.555979349159967e-10
13100.056 1.7357821372299298e-10
13150.056 1.0542284962500633e-10
13200.056 1.0612019037799489e-10
13250.056 9.727725772509855e-11
13300.056 3.279219485171279e-11
13350.056 1.5282399973539168e-11
13400.056 1.8338538433024395e-12
13450.056 1.9797714674054263e-13
13500.056 2.7428575243189163e-14
13550.056 2.5536925847055287e-15
13600.056 4.636950152450264e-16
13650.056 3.944476115983796e-15
13700.056 1.85535132445105e-15
13750.056 2.2018420680094734e-14
13800.056 2.609600760749377e-14
13850.056 3.831941345089041e-15
13900.056 1.5154038093269924e-14
13950.056 1.0792148044175993e-14
14000.056 3.723106501917905e-14
14050.056 3.6005392371047365e-14
14100.056 3.3578539165766654e-14
14150.056 1.332873687941566e-13
14200.056 1.0550880773473952e-13
14250.056 1.80463875717669e-13
14300.056 6.877837468964563e-13
14350.056 6.98164194360295e-13
14400.056 6.739103700116927e-13
14450.056 1.7340872712205156e-12
14500.056 4.903668262541319e-12
14550.056 8.87884037350825e-12
14600.056 1.8324882208029932e-11
14650.056 5.984374832961412e-12
14700.056 2.2182435563568895e-12
14750.056 1.5054378230408424e-12
14800.056 1.0631626808928307e-12
14850.056 1.1832839245133298e-12
14900.056 9.800547271442769e-13
14950.056 7.350960105955474e-13
15000.056 2.6690229170326884e-12
15050.056 4.628111928660201e-12
15100.056 1.6933284203538183e-12
15150.056 6.685896724062514e-13
15200.056 2.733524667763431e-12
15250.056 5.883009186146181e-12
15300.056 9.865547729851427e-12
15350.056 1.2630131760570739e-11
15400.056 1.7936765174200933e-11
15450.056 2.7371570114802646e-11
15500.056 4.8123983585999926e-11
15550.056 8.90199480770079e-11
15600.056 1.6264206029399836e-10
15650.056 2.9041826530001897e-10
15700.056 4.560619763600076e-10
15750.056 5.675799633600076e-10
15800.056 6.885832633400053e-10
15850.056 8.100259414700142e-10
15900.056 8.52961260399999e-10
15950.056 9.112870155199988e-10
16000.056 8.282560757599905e-10
16050.056 6.509090517599834e-10
16100.056 4.2392563591999384e-10
16150.056 2.3476529896998354e-10
16200.056 9.281514084199802e-11
16250.056 4.3339167206499856e-11
16300.056 2.0688903499925992e-11
16350.056 1.7007202344416395e-11
16400.056 1.7395089641472905e-11
16450.056 2.0800288195649463e-11
16500.056 1.923830749977406e-11
16550.056 2.3909165129490902e-11
16600.056 6.157680047098472e-11
16650.056 2.5224732504682575e-11
16700.056 7.731788216530282e-12
16750.056 2.65068818228997e-11
16800.056 3.2595646683161084e-11
16850.056 2.863286191992526e-11
16900.056 1.5368793197976366e-11
16950.056 1.1206448932053067e-11
17000.056 6.446451766637497e-12
17050.056 1.0871881167561442e-11
17100.056 1.9558884127421645e-11
17150.056 1.5199178257488866e-11
17200.056 3.934516560263956e-11
17250.056 1.3131122029576587e-11
17300.056 1.1643682764289653e-11
17350.056 1.595088532480008e-11
17400.056 2.496588434128096e-11
17450.056 3.011173511170084e-11
17500.056 4.193997037300151e-11
17550.056 3.317242958009841e-11
17600.056 3.291055546780155e-11
17650.056 2.1225663885499387e-11
17700.056 1.810980942769945e-11
17750.056 1.2274727687280284e-11
17800.056 1.7576004311541075e-11
17850.056 8.464041873924651e-12
17900.056 5.487751413090163e-12
17950.056 2.7258348496645644e-12
18000.056 4.8934110138697865e-12
18050.056 1.4133775420506327e-12
18100.056 1.3955047433112618e-12
18150.056 8.060341519082693e-13
18200.056 4.661099499826031e-13
18250.056 2.0571435602572907e-12
18300.056 1.6199859894246505e-13
18350.056 1.7822746340156304e-13
18400.056 5.957040170159027e-14
18450.056 9.193779916805283e-13
18500.056 7.395673154423345e-13
18550.056 2.2050710338129304e-13
18600.056 5.838267243827279e-13
18650.056 4.0593532009384e-13
18700.056 1.7500429967717902e-14
18750.056 5.20204369984247e-14
18800.056 1.9683730768851727e-12
18850.056 1.5227657633809732e-12
18900.056 2.011118806778716e-12
18950.056 2.7291840292191953e-12
19000.056 2.4354611757243043e-13
19050.056 1.1302373745135834e-13
19100.056 6.172935968807236e-13
19150.056 2.314552154699658e-13
19200.056 6.98031727743979e-13
19250.056 5.043904860582443e-13
19300.056 2.3950068186046735e-13
19350.056 3.4224139518663653e-13
19400.056 1.928943807640187e-13
19450.056 2.3709126308577633e-13
19500.056 2.8790560136499853e-13
19550.056 5.319096018824595e-13
19600.056 1.0811449322946433e-12
19650.056 1.0538959127163603e-12
19700.056 1.6268837060926046e-12
19750.056 1.9553646559408052e-12
19800.056 1.0836972429573024e-12
19850.056 1.7272773668636071e-12
19900.056 2.935193117134255e-12
19950.056 2.7995064084594388e-12
20000.056 3.160778962143994e-12
20050.056 2.734526725319768e-12
20100.056 4.0251667799904134e-12
20150.056 3.003535824591343e-12
20200.056 2.3012868270742894e-12
20250.056 4.262886798021461e-12
20300.056 4.726824310120039e-12
20350.056 5.149870986739554e-12
20400.056 5.5591955086000456e-12
20450.056 7.517278128100717e-12
20500.056 7.799055815100052e-12
20550.056 7.973797871599816e-12
20600.056 8.119010071100338e-12
20650.056 8.177453608299759e-12
20700.056 8.118003841199934e-12
20750.056 7.806515320399959e-12
20800.056 7.359901446199846e-12
20850.056 7.284385922399988e-12
20900.056 6.983562660699979e-12
20950.056 6.621211734399984e-12
21000.056 6.328221655699985e-12
21050.056 6.2865135226999795e-12
21100.056 6.184946665899994e-12
21150.056 6.243076893200012e-12
21200.056 6.324751893300037e-12
21250.056 6.47796746639992e-12
21300.056 6.5279488509000355e-12
21350.056 6.593059255899854e-12
21400.056 7.087160235800251e-12
21450.056 6.578576761800146e-12
21500.056 6.2643385298000094e-12
21550.056 6.2854001719798884e-12
21600.056 6.0025047622448696e-12
21650.056 5.620194559046643e-12
21700.056 5.621020253119755e-12
21750.056 5.382323778620728e-12
21800.056 4.254677583395765e-12
21850.056 3.940762571635719e-12
21900.056 3.087235074983032e-12
21950.056 1.6254038320151464e-12
22000.056 1.7346203107599522e-13
22050.056 3.4462560310338915e-13
22100.056 9.020739030484027e-13
22150.056 5.763328391216562e-13
22200.056 5.732733304507271e-13
22250.056 4.58694985494141e-13
22300.056 1.8392066551930187e-13
22350.056 3.1835554478738e-13
22400.056 1.3237928453658464e-13
22450.056 2.1861978695563913e-13
22500.056 1.4972587205588964e-13
22550.056 6.703089628118663e-14
22600.056 4.865761977100438e-14
22650.056 5.3080335304092925e-14
22700.056 7.774038738958123e-14
22750.056 1.4095691657316507e-13
22800.056 2.0345218131983555e-13
22850.056 1.0764438547349632e-13
22900.056 9.496500235062171e-14
22950.056 5.957426927531069e-14
23000.056 5.895902577709143e-14
23050.056 5.0272847085592685e-14
23100.056 7.546427878678826e-13
23150.056 6.634007008351868e-13
23200.056 2.7795187725004904e-14
23250.056 2.0309508440350646e-13
23300.056 1.1992131407316508e-13
23350.056 1.6254121189218156e-13
23400.056 1.0222499232131306e-13
23450.056 5.300677832630342e-14
23500.056 4.796827023858258e-14
23550.056 1.4025766020412882e-13
23600.056 4.2835050418528063e-13
23650.056 5.698737594341807e-13
23700.056 5.4970480676125645e-14
23750.056 1.0129444298136572e-13
23800.056 7.382060871345003e-13
23850.056 3.0671633047138937e-13
23900.056 7.445095878095805e-13
23950.056 2.933554818268297e-13
24000.056 9.456576455458227e-13
24050.056 9.343372492243706e-13
24100.056 1.5331875371832509e-12
24150.056 2.216823138696091e-12
24200.056 1.834248417719145e-12
24250.056 1.4693739179901658e-12
24300.056 3.3062614461527144e-12
24350.056 2.4859668560027043e-12
24400.056 5.7088925821501405e-12
24450.056 5.81634320112498e-12
24500.056 5.1032405857948406e-12
24550.056 9.646496489980499e-12
24600.056 1.2137461377799226e-11
24650.056 1.4919641081731078e-11
24700.056 1.2038448237286942e-11
24750.056 1.6226041875151024e-11
24800.056 1.4850373996800202e-11
24850.056 1.7486218903287294e-11
24900.056 9.552784006253915e-12
24950.056 1.4740220691546273e-11
25000.056 2.0110073999298912e-11
25050.056 8.429611732520522e-12
25100.056 1.492524588657693e-11
25150.056 6.326709870210834e-12
25200.056 9.824379130960688e-12
25250.056 3.0559108697281653e-12
25300.056 3.1182746049837156e-12
25350.056 1.27857429089402e-12
25400.056 3.8240515007065186e-12
25450.056 8.03644071937636e-13
25500.056 5.98034146901908e-13
25550.056 2.6743390529360145e-12
25600.056 9.956966363020619e-13
25650.056 2.763720883879518e-13
25700.056 1.7277126460702804e-13
25750.056 5.069365239332944e-14
25800.056 3.0283177748766153e-13
25850.056 4.2640678847472355e-14
25900.056 7.283220010775965e-14
25950.056 1.424649758916342e-14
26000.056 2.0153043567870478e-13
26050.056 1.96610512270582e-14
26100.056 1.0209524653711105e-13
26150.056 3.8038923515332966e-14
26200.056 5.1381951000824934e-14
26250.056 4.275555133217879e-13
26300.056 5.393035636973044e-14
26350.056 1.6685928831900618e-12
26400.056 3.646705418137141e-12
26450.056 1.0507637656619948e-12
26500.056 3.888960701751097e-12
26550.056 2.490422618269319e-13
26600.056 1.795200097709807e-13
26650.056 3.0065473402892815e-14
26700.056 2.5446696545608217e-14
26750.056 4.0732573570591964e-14
26800.056 1.8079712141869334e-13
26850.056 1.0618300961465747e-13
26900.056 5.234428313737865e-13
26950.056 1.2370405838784836e-13
27000.056 7.875875737338703e-13
27050.056 1.6121760671270048e-12
27100.056 6.27360523686391e-14
27150.056 1.1599756743673734e-12
27200.056 6.052009849435344e-14
27250.056 2.4928671646730707e-13
27300.056 4.630690385773998e-12
27350.056 8.071935296509988e-13
27400.056 4.8247461776755285e-14
27450.056 1.3908585258473195e-12
27500.056 2.1207313464918547e-12
27550.056 2.321792449403931e-13
27600.056 9.106327792132617e-13
27650.056 1.8767072636853403e-13
27700.056 2.3399191152103274e-13
27750.056 1.8280998146524004e-12
27800.056 5.468237697442349e-13
27850.056 1.2828940963868944e-12
27900.056 2.2081006664090458e-12
27950.056 3.818006672081084e-12
28000.056 4.427526636593968e-12
28050.056 3.4779737019009993e-13
28100.056 7.094560483386571e-12
28150.056 4.5097716799879425e-12
28200.056 7.840034620643203e-13
28250.056 1.1003218236084296e-11
28300.056 1.0794463153087909e-11
28350.056 9.90358496544283e-13
28400.056 6.718530820789303e-12
28450.056 1.307725815196159e-11
28500.056 4.7988903285221905e-12
28550.056 1.2318434874463588e-12
28600.056 1.1905510315824573e-11
28650.056 3.862274565020318e-12
28700.056 1.1566775454725923e-11
28750.056 2.8038507288799443e-11
28800.056 5.726476399549248e-12
