galfind/configs/Brown_Dwarf_templates/sonora_bobcat/m0.0/3160g/sp_t1400g3160nc_m0.0_resample.dat
# %ECSV 1.0
# ---
# datatype:
# - {name: wav, unit: Angstrom, datatype: float64}
# - {name: flux_nu, unit: erg / (cm2 Hz s), datatype: float64}
# meta: {C/O: '1.00', Kzz: '1.0000E+05', Teff: '1400.', Y: '0.28', '[Fe/H]': '0.00', f_hole: '1.00', f_rain: '0.00', grav: '3160.'}
# schema: astropy-2.0
wav flux_nu
[from data line 499]
28950.056 4.808637988759683e-07
29000.056 3.9934987096091594e-07
29050.056 4.434738915980469e-07
29100.056 3.326191332740542e-07
29150.056 5.324110916490212e-07
29200.056 3.859257675520126e-07
29250.056 4.6919476112600287e-07
29300.056 3.398772314329447e-07
29350.056 6.435424861209548e-07
29400.056 4.415368399689705e-07
29450.056 4.532981822229661e-07
29500.056 4.7177759079699373e-07
29550.056 4.670521247000218e-07
29600.056 5.250097835328558e-07
29650.056 4.720686798519736e-07
29700.056 4.4890985495194403e-07
29750.056 5.233391978680628e-07
29800.056 5.530178971619223e-07
29850.056 5.19930279977931e-07
29900.056 5.228091318042167e-07
29950.056 5.943061133919116e-07
30000.056 5.386630011989462e-07
30050.056 4.902563283300055e-07
30100.056 4.777027851348874e-07
30150.056 6.475924417499967e-07
30200.056 5.229843756449988e-07
30250.056 6.043371449000649e-07
30300.056 5.216450386799872e-07
30350.056 5.305297273200517e-07
30400.056 5.876975858900071e-07
30450.056 4.6122025504308663e-07
30500.056 4.2316742260002873e-07
30550.056 4.5539294293002855e-07
30600.056 4.7460852443999844e-07
30650.056 4.354636381799629e-07
30700.056 4.0677664420196696e-07
30750.056 3.896690706599599e-07
30800.056 3.814077268150765e-07
30850.056 3.330484222369381e-07
30900.056 3.3909412483593875e-07
30950.056 2.9421721370604987e-07
31000.056 2.890420718280175e-07
31050.056 3.289123487900157e-07
31100.056 2.5998078970099317e-07
31150.056 2.7593769937398367e-07
31200.056 2.9882319508002785e-07
31250.056 2.419659634289823e-07
31300.056 2.457963062229684e-07
31350.056 2.3244028713001153e-07
31400.056 2.0625832748401685e-07
31450.056 2.1605767474396915e-07
31500.056 1.9173490555396205e-07
31550.056 2.0121011331398963e-07
31600.056 1.8317370146100641e-07
31650.056 1.7027842214700972e-07
31700.056 1.8195742295597381e-07
31750.056 1.5554752143204307e-07
31800.056 1.855383017299682e-07
31850.056 1.5758980953702388e-07
31900.056 1.8449398493901538e-07
31950.056 1.4295657941201168e-07
32000.056 1.720281161469681e-07
32050.056 1.734833142680106e-07
32100.056 1.6858264743300558e-07
32150.056 1.8652858607698608e-07
32200.056 1.6133537290199727e-07
32250.056 2.0519030237602255e-07
32300.056 1.5582673991498187e-07
32350.056 2.1374028531000128e-07
32400.056 1.6275104297199854e-07
32450.056 2.1138500099994056e-07
32500.056 2.0039294341703685e-07
32550.056 2.0633511151699305e-07
32600.056 2.1933046324999466e-07
32650.056 2.5014030587897444e-07
32700.056 2.472744733000293e-07
32750.056 2.6305174920601123e-07
32800.056 2.6388790417402534e-07
32850.056 2.7915175443998287e-07
32900.056 2.973530876100043e-07
32950.056 2.957730905939919e-07
33000.056 2.744830842309584e-07
33050.056 2.535275304780234e-07
33100.056 1.9745566606398315e-07
33150.056 9.698872411201398e-08
33200.056 8.416204872697213e-08
33250.056 7.000799391698186e-08
33300.056 7.113749369101289e-08
33350.056 8.710438816300211e-08
33400.056 1.0391157609498672e-07
33450.056 1.2115129137899912e-07
33500.056 1.5450771666202345e-07
33550.056 1.6440736366802494e-07
33600.056 2.0201215133398812e-07
33650.056 2.2691822479002222e-07
33700.056 2.0642544131697647e-07
33750.056 2.643484988219891e-07
33800.056 2.320483428609941e-07
33850.056 2.658265700209826e-07
33900.056 2.3148168411399192e-07
33950.056 2.414169532099856e-07
34000.056 2.671780825100039e-07
34050.056 2.076602553099677e-07
34100.056 2.6895528544798836e-07
34150.056 2.2639261223497412e-07
34200.056 2.2422962102194585e-07
34250.056 2.3615908419094963e-07
34300.056 2.0395244741190726e-07
34350.056 2.1325990769601052e-07
34400.056 1.9176330600200227e-07
34450.056 2.320963103819834e-07
34500.056 2.2853818960998355e-07
34550.056 1.9448703710400274e-07
34600.056 2.547974363499983e-07
34650.056 2.1643858475398643e-07
34700.056 2.3093198654498658e-07
34750.056 2.4681962136998106e-07
34800.056 2.1790116792598201e-07
34850.056 2.3903531726001117e-07
34900.056 2.43714626113976e-07
34950.056 2.404854300399534e-07
35000.056 3.0155432311003636e-07
35050.056 2.3259145022600788e-07
35100.056 2.669168269899896e-07
35150.056 2.80552397151005e-07
35200.056 2.761044393010188e-07
35250.056 3.2193678374995086e-07
35300.056 2.6694531019402716e-07
35350.056 2.730033102999672e-07
35400.056 3.054066308200545e-07
35450.056 2.3691833847007521e-07
35500.056 3.370972218100084e-07
35550.056 3.2009783992999274e-07
35600.056 3.0915973484005995e-07
35650.056 3.4616731269001694e-07
35700.056 3.0519327012999997e-07
35750.056 3.420741602199747e-07
35800.056 4.157159251400078e-07
35850.056 3.203715255100082e-07
35900.056 4.035262986199947e-07
35950.056 3.943784975149661e-07
36000.056 3.9355833583005357e-07
36050.056 4.155416165199989e-07
36100.056 3.992874165798283e-07
36150.056 4.359911492800112e-07
36200.056 4.750240904299871e-07
36250.056 4.339389886299697e-07
36300.056 4.924591865200197e-07
36350.056 4.822349338099756e-07
36400.056 4.899658671300147e-07
36450.056 5.29798621449982e-07
36500.056 5.248525441799544e-07
36550.056 5.824734358701136e-07
36600.056 6.046896851600178e-07
36650.056 5.788573781799219e-07
36700.056 6.282729152499868e-07
36750.056 6.669047543100459e-07
36800.056 6.698841044499787e-07
36850.056 6.820873984699013e-07
36900.056 6.736627117999928e-07
36950.056 7.589683247299646e-07
37000.056 7.407670090299692e-07
37050.056 7.616018200700266e-07
37100.056 7.846429127999653e-07
37150.056 7.856958137600506e-07
37200.056 8.365434204300012e-07
37250.056 8.223028958299237e-07
37300.056 7.8208604974987e-07
37350.056 8.366406397900595e-07
37400.056 9.592072824499818e-07
37450.056 8.734901624600163e-07
37500.056 8.902562523399782e-07
37550.056 9.949729298301202e-07
37600.056 1.0401047308600364e-06
37650.056 9.267951537300482e-07
37700.056 1.0449515888300577e-06
37750.056 9.612738515100791e-07
37800.056 1.034494558270147e-06
37850.056 9.610240724500122e-07
37900.056 1.0085926861101462e-06
37950.056 1.0313970240799472e-06
38000.056 1.120013470850012e-06
38050.056 1.102694369710075e-06
38100.056 1.110554898830068e-06
38150.056 1.1822766505499741e-06
38200.056 1.1957994559000664e-06
38250.056 1.1561065273400123e-06
38300.056 1.2546335483199215e-06
38350.056 1.2854411874600552e-06
38400.056 1.1740286383299363e-06
38450.056 1.2611071295999575e-06
38500.056 1.1994536865600805e-06
38550.056 1.317028191400056e-06
38600.056 1.3170237308999193e-06
38650.056 1.324128496879978e-06
38700.056 1.3623328503000146e-06
38750.056 1.3872268398400033e-06
38800.056 1.3183428939699059e-06
38850.056 1.3683143479300303e-06
38900.056 1.3945096059000015e-06
38950.056 1.3994136410599995e-06
39000.056 1.4293370173999964e-06
39050.056 1.4392689869999705e-06
39100.056 1.383308184850103e-06
39150.056 1.4712780843000245e-06
39200.056 1.4401146305999766e-06
39250.056 1.494119721099927e-06
39300.056 1.4661607883198745e-06
39350.056 1.5192800152000571e-06
39400.056 1.4980192645000458e-06
39450.056 1.5198942136999873e-06
39500.056 1.4881873879999833e-06
39550.056 1.483520173840039e-06
39600.056 1.5719748412998791e-06
39650.056 1.5557914239000059e-06
39700.056 1.53478887890005e-06
39750.056 1.491090196700058e-06
39800.056 1.487458579999951e-06
39850.056 1.6042178081999892e-06
39900.056 1.5659585808000019e-06
39950.056 1.6034015388999268e-06
40000.056 1.557553365400034e-06
40050.056 1.5594245702000296e-06
40100.056 1.5629794900600231e-06
40150.056 1.5827833108999828e-06
40200.056 1.625019879699908e-06
40250.056 1.5010777180497934e-06
40300.056 1.545493112250071e-06
40350.056 1.5740498265000031e-06
40400.056 1.588305559320029e-06
40450.056 1.5848505110000318e-06
40500.056 1.507492131700104e-06
40550.056 1.6615606243999397e-06
40600.056 1.466807848790053e-06
40650.056 1.572676452259925e-06
40700.056 1.6970195664999964e-06
40750.056 1.475967218999755e-06
40800.056 1.4394330832298218e-06
40850.056 1.5118961295001413e-06
40900.056 1.5339651291000093e-06
40950.056 1.5026237547399705e-06
41000.056 1.5253634014999923e-06
41050.056 1.5473718855198876e-06
41100.056 1.4469999218999252e-06
41150.056 1.4541403704799425e-06
41200.056 1.5026928578000146e-06
41250.056 1.4695513945800028e-06
41300.056 1.3052497037798524e-06
41350.056 1.522541810450057e-06
41400.056 1.4142416801000926e-06
41450.056 1.4723178367500815e-06
41500.056 1.4109527066599599e-06
41550.056 1.3627671597900533e-06
41600.056 1.4000299324000508e-06
41650.056 1.4172278977000757e-06
41700.056 1.3058754900099097e-06
41750.056 1.3627850673099442e-06
41800.056 1.4990502672599564e-06
41850.056 1.1148263748000697e-06
41900.056 1.3445043173799103e-06
41950.056 1.4027940390501e-06
42000.056 1.3638949338701613e-06
42050.056 1.1986827831899136e-06
42100.056 1.4284884053000853e-06
42150.056 1.1068715160299883e-06
42200.056 1.1266112689599864e-06
42250.056 1.294532443759951e-06
42300.056 1.1777863981699959e-06
42350.056 1.2922858900601378e-06
42400.056 1.2221560218200867e-06
42450.056 1.070397827990034e-06
42500.056 1.1047780287199978e-06
42550.056 1.0830803221600024e-06
42600.056 1.1709628795300792e-06
42650.056 1.28366976621985e-06
42700.056 1.1931803924499768e-06
42750.056 1.0627237343000408e-06
42800.056 1.1489268280000947e-06
42850.056 1.2443636602998202e-06
42900.056 1.2642478299000846e-06
42950.056 1.059698946319758e-06
43000.056 1.172654212840016e-06
43050.056 9.396342566603008e-07
43100.056 1.1055831440099549e-06
43150.056 1.0581652023200964e-06
43200.056 1.0640637289300024e-06
43250.056 1.1929069354900254e-06
43300.056 1.18776706006002e-06
43350.056 9.396490970798054e-07
43400.056 1.0568118415899962e-06
43450.056 9.765916084701219e-07
43500.056 1.0132904606399482e-06
43550.056 1.0002837831900038e-06
43600.056 1.1124421687300795e-06
43650.056 9.079097253600128e-07
43700.056 1.077351458600025e-06
43750.056 1.0373994706000832e-06
43800.056 9.750647287899217e-07
43850.056 9.258206585301453e-07
43900.056 9.941143651799257e-07
43950.056 8.532409573799355e-07
44000.056 7.851755389500287e-07
44050.056 9.125378237600119e-07
44100.056 9.91518999340085e-07
44150.056 9.979944724899688e-07
44200.056 9.253197480300229e-07
44250.056 8.387014391199964e-07
44300.056 7.986457175001038e-07
44350.056 8.118281518900674e-07
44400.056 8.194225496399604e-07
44450.056 8.631411764800145e-07
44500.056 8.463462654801071e-07
44550.056 8.767383893399429e-07
44600.056 8.239879410600602e-07
44650.056 8.650046360700307e-07
44700.056 7.634613500599851e-07
44750.056 8.223199573400041e-07
44800.056 8.083959369800102e-07
44850.056 8.397567047400904e-07
44900.056 7.574613270000508e-07
44950.056 7.698985867700408e-07
45000.056 8.014355983800025e-07
45050.056 8.032121725599879e-07
45100.056 8.376071137400129e-07
45150.056 7.79039424949997e-07
45200.056 6.99160298800031e-07
45250.056 7.472799853299139e-07
45300.056 7.801007652400351e-07
45350.056 7.699120529899251e-07
45400.056 7.917141354500603e-07
45450.056 7.618654249499242e-07
45500.056 7.744551772299726e-07
45550.056 8.431842822599379e-07
45600.056 7.999159305400164e-07
45650.056 7.194758705098882e-07
45700.056 7.689401012700625e-07
45750.056 7.183366937700011e-07
45800.056 7.686504795299797e-07
45850.056 8.714430022899782e-07
45900.056 8.537877313600299e-07
45950.056 7.392256393700033e-07
46000.056 8.528323613800299e-07
46050.056 8.378278191400943e-07
46100.056 7.815304929199956e-07
46150.056 7.726652383099474e-07
46200.056 7.838405292901265e-07
46250.056 6.722403403699548e-07
46300.056 8.41057172529963e-07
46350.056 7.804684857299903e-07
46400.056 8.049506089900055e-07
46450.056 8.089701527900275e-07
46500.056 7.458832316300468e-07
46550.056 8.099706851400058e-07
46600.056 8.122265467100011e-07
46650.056 9.964450847099417e-07
46700.056 9.204565582601255e-07
46750.056 7.350265822700647e-07
46800.056 7.124887342400449e-07
46850.056 9.271669026501014e-07
46900.056 8.645514424499134e-07
46950.056 9.478786307500062e-07
47000.056 7.957705454800372e-07
47050.056 9.028469428298804e-07
47100.056 6.889066649100589e-07
47150.056 7.978559813100468e-07
47200.056 8.752500452700602e-07
47250.056 7.548347833799744e-07
47300.056 7.088816412499572e-07
47350.056 7.9704171546998e-07
47400.056 8.988135103599523e-07
47450.056 7.80297479020017e-07
47500.056 8.940157458199564e-07
47550.056 7.78074042699983e-07
47600.056 8.598601099899322e-07
47650.056 7.228695125898882e-07
47700.056 8.535178974601055e-07
47750.056 6.442592625800419e-07
47800.056 7.919043426299996e-07
47850.056 6.084337528199766e-07
47900.056 7.571843128699381e-07
47950.056 7.353618203900296e-07
48000.056 9.276866505700072e-07
48050.056 7.871053620400316e-07
48100.056 7.411228898599948e-07
48150.056 7.299298192200708e-07
48200.056 7.994909639500117e-07
48250.056 7.163288922300152e-07
48300.056 9.332162269499178e-07
48350.056 6.634173785599883e-07
48400.056 6.527334363799359e-07
48450.056 7.0613285921008e-07
48500.056 8.921764395199394e-07
48550.056 6.826801761899911e-07
48600.056 8.534069215899903e-07
48650.056 7.329522245999682e-07
48700.056 8.495612213900116e-07
48750.056 5.844092860400979e-07
48800.056 9.062355855200341e-07
48850.056 6.498458756598706e-07
48900.056 8.980393876900254e-07
48950.056 7.484130671300166e-07
49000.056 6.408712464099669e-07
49050.056 8.451300353999511e-07
49100.056 7.733404901000652e-07
49150.056 7.811866102999664e-07
49200.056 7.854247380700166e-07
49250.056 8.115950547200539e-07
49300.056 7.24712893129971e-07
49350.056 6.598708028700554e-07
49400.056 7.979708403599431e-07
49450.056 7.496985305901694e-07
49500.056 7.103261347499863e-07
49550.056 5.705900059599894e-07
49600.056 6.984239954000931e-07
49650.056 7.188297918999382e-07
49700.056 6.791582619098778e-07
49750.056 9.204148564299227e-07
49800.056 7.037557927700069e-07
49850.056 9.045416194400878e-07
49900.056 7.75090708829991e-07
49950.056 7.336379384799512e-07
50000.056 7.591935988499243e-07
50050.056 7.887413086799868e-07
50100.056 8.034720477199655e-07
50150.056 6.246879648699967e-07
50200.056 4.994866800600456e-07
50250.056 7.647013298199708e-07
50300.056 6.815264067800039e-07
50350.056 8.785418077100485e-07
50400.056 7.254945095699449e-07
50450.056 6.660227619400549e-07
50500.056 8.437746342500665e-07
50550.056 7.61144098570029e-07
50600.056 7.048395011599143e-07
50650.056 7.710989971900961e-07
50700.056 8.857541096099162e-07
50750.056 8.096666924200824e-07
50800.056 5.634139267999145e-07
50850.056 6.382732202100834e-07
50900.056 8.611007562699591e-07
50950.056 7.639817495301086e-07
51000.056 8.866647781700688e-07
51050.056 7.527005877499948e-07
51100.056 5.734269271199478e-07
51150.056 7.111307116799982e-07
51200.056 8.736182152899702e-07
51250.056 7.471534277499855e-07
51300.056 6.050596544901402e-07
51350.056 7.330741355799309e-07
51400.056 5.628488450199668e-07
51450.056 4.84822819409922e-07
51500.056 5.597634595600982e-07
51550.056 8.385808042500551e-07
51600.056 6.111276104600189e-07
51650.056 6.5854822838992e-07
51700.056 7.16044578839848e-07
51750.056 5.84393195190015e-07
51800.056 7.754610984498322e-07
51850.056 7.137066071899593e-07
51900.056 8.926356684400816e-07
51950.056 7.497532891599522e-07
52000.056 4.861738459899616e-07
52050.056 6.68952403960004e-07
52100.056 5.769256818099927e-07
52150.056 5.47961016060019e-07
52200.056 5.570286367999827e-07
52250.056 6.3877520785002e-07
52300.056 8.54311779599971e-07
52350.056 7.224178068040135e-07
52400.056 5.392077304500634e-07
52450.056 6.956131403600442e-07
52500.056 7.752764328898895e-07
52550.056 7.449409460899153e-07
52600.056 6.844618986800637e-07
52650.056 7.228222142500975e-07
52700.056 6.16541667720015e-07
52750.056 5.099530975699814e-07
52800.056 5.700278346600434e-07
52850.056 5.931306891798873e-07
52900.056 6.105853055819599e-07
52950.056 6.231794567499899e-07
53000.056 7.673633162700286e-07
53050.056 5.40935743399868e-07
53100.056 6.515768882699578e-07
53150.056 8.410284270400333e-07
53200.056 4.7621427410998373e-07
53250.056 7.506204077600312e-07
53300.056 7.598469139102784e-07
53350.056 7.534756283999595e-07
53400.056 7.547355353100075e-07
53450.056 5.507808416500067e-07
53500.056 4.165051174679256e-07
53550.056 5.73259539649946e-07
53600.056 6.767037046401086e-07
53650.056 5.251668992279902e-07
