galfind/configs/Brown_Dwarf_templates/sonora_bobcat/m0.0/3160g/sp_t325g3160nc_m0.0_resample.dat
# %ECSV 1.0
# ---
# datatype:
# - {name: wav, unit: Angstrom, datatype: float64}
# - {name: flux_nu, unit: erg / (cm2 Hz s), datatype: float64}
# meta: {C/O: '1.00', Kzz: '1.0000E+05', Teff: '325.', Y: '0.28', '[Fe/H]': '0.00', f_hole: '1.00', f_rain: '0.00', grav: '3160.'}
# schema: astropy-2.0
wav flux_nu
[from data line 499]
28950.056 5.063995652019194e-12
29000.056 2.6942233071872218e-12
29050.056 7.228203102157361e-12
29100.056 1.7025616472503988e-12
29150.056 2.5622652716398436e-12
29200.056 1.5568944514043216e-11
29250.056 8.043927156962034e-12
29300.056 4.895512025159486e-12
29350.056 2.1028932936487223e-11
29400.056 1.1754722737190715e-11
29450.056 2.1692996316975132e-12
29500.056 2.6197142180615603e-11
29550.056 6.47201375791044e-12
29600.056 6.833350240437828e-12
29650.056 3.4250364324932986e-11
29700.056 4.390257385665544e-12
29750.056 1.987667839287104e-11
29800.056 9.25258863037359e-12
29850.056 4.25949615608818e-11
29900.056 1.3283894263776986e-11
29950.056 9.627628308086444e-12
30000.056 8.425391025804185e-14
30050.056 3.0654820657872294e-12
30100.056 1.3263619482815719e-11
30150.056 2.9083775559793568e-11
30200.056 2.274679363069673e-11
30250.056 4.6390234002164286e-11
30300.056 5.134477077149324e-11
30350.056 9.18310144450129e-12
30400.056 6.400136344821844e-11
30450.056 6.409610829148585e-11
30500.056 1.8261972386740054e-11
30550.056 1.6201645907132982e-11
30600.056 3.017788829569882e-10
30650.056 1.28464330740708e-10
30700.056 3.0636158954437815e-11
30750.056 1.0460216082241782e-10
30800.056 1.3913704162374284e-10
30850.056 1.309420692392127e-10
30900.056 4.453747020736976e-11
30950.056 4.656720607810242e-11
31000.056 7.06239168998057e-11
31050.056 2.620368511597551e-11
31100.056 1.0310241091993475e-11
31150.056 3.76029239505619e-11
31200.056 1.7388640038599096e-10
31250.056 5.542330907593358e-11
31300.056 1.6988995973853606e-11
31350.056 1.0480442926705432e-10
31400.056 4.9685437685637506e-11
31450.056 5.7036261294305897e-11
31500.056 1.7592647542240192e-11
31550.056 4.122841282174665e-11
31600.056 2.7384218638331707e-11
31650.056 1.7484440979430043e-11
31700.056 1.5581089267503196e-11
31750.056 4.886770441058792e-12
31800.056 1.0260118477899754e-11
31850.056 1.4031990877591773e-12
31900.056 4.1782132173093485e-12
31950.056 1.456755638240663e-12
32000.056 1.1396270376357382e-12
32050.056 8.713285171081702e-13
32100.056 7.027656403100544e-13
32150.056 6.150993833135975e-13
32200.056 2.1060267243564754e-13
32250.056 5.128576366080818e-13
32300.056 9.167156854967001e-14
32350.056 3.585281893263234e-13
32400.056 2.5613785476580696e-14
32450.056 2.5548250364860913e-13
32500.056 2.7706455548475566e-14
32550.056 2.7011720445401153e-13
32600.056 1.7566426516011312e-14
32650.056 4.421110852270135e-13
32700.056 2.981623046015623e-14
32750.056 1.4200650279192805e-12
32800.056 3.93004348344952e-13
32850.056 4.644793545390853e-12
32900.056 2.7345440613055044e-12
32950.056 4.502570012010338e-12
33000.056 9.182102372150124e-13
33050.056 5.024297212211275e-13
33100.056 6.573305208886058e-14
33150.056 1.9076376767732603e-16
33200.056 1.165171534768927e-14
33250.056 3.02366720408699e-14
33300.056 9.338227936451857e-13
33350.056 8.558267119740968e-13
33400.056 4.5873675160395986e-12
33450.056 2.901607321889109e-13
33500.056 3.295884005990346e-12
33550.056 3.6375958339245334e-13
33600.056 1.3806029796741764e-12
33650.056 1.725321912143859e-12
33700.056 1.7990075942357193e-13
33750.056 2.0355193319401546e-12
33800.056 6.428403307366068e-14
33850.056 9.066611800895644e-13
33900.056 7.879365487805543e-13
33950.056 1.0602305563762987e-12
34000.056 3.0968204211411673e-12
34050.056 4.913950127834767e-13
34100.056 4.046157807225866e-12
34150.056 8.602893888159713e-13
34200.056 5.7833887440383895e-12
34250.056 2.007020742563319e-12
34300.056 2.9877638084841673e-12
34350.056 1.6577850061807254e-11
34400.056 1.4914072424667844e-12
34450.056 1.2564463650390473e-11
34500.056 2.9831812217562994e-12
34550.056 1.1599068235899824e-11
34600.056 5.960908211505082e-11
34650.056 2.4069847773022628e-12
34700.056 4.2762666916130275e-11
34750.056 1.3477831281160013e-11
34800.056 9.157118861791253e-12
34850.056 4.24117245524508e-11
34900.056 3.277563273946607e-12
34950.056 7.133971853020367e-11
35000.056 5.93242098228508e-11
35050.056 6.900554317824275e-11
35100.056 1.5190114987991467e-10
35150.056 1.3371954677797956e-10
35200.056 1.418198765840187e-10
35250.056 2.6101006442384357e-10
35300.056 3.95454145251049e-11
35350.056 2.2923528665277945e-11
35400.056 1.3332916406046013e-11
35450.056 1.3112532334824472e-11
35500.056 8.998617126790065e-11
35550.056 8.604097290186821e-11
35600.056 1.5143527684212532e-10
35650.056 1.3487449783726911e-10
35700.056 1.9352572730031653e-10
35750.056 2.334267258521772e-10
35800.056 5.3657923357512975e-11
35850.056 4.0613855649911553e-11
35900.056 8.380421801130782e-11
35950.056 2.110613746456981e-10
36000.056 2.5794989802402164e-10
36050.056 1.473769690620322e-10
36100.056 1.3922169923940116e-10
36150.056 7.142396761340062e-10
36200.056 5.512807021399776e-10
36250.056 2.1952354982737987e-10
36300.056 7.235976278804088e-10
36350.056 5.280447814380106e-10
36400.056 7.566303532199083e-10
36450.056 3.585351661765581e-10
36500.056 3.788012425150647e-10
36550.056 1.385880789700015e-09
36600.056 1.6932581453899159e-09
36650.056 5.241623640721572e-10
36700.056 7.474598012825064e-10
36750.056 1.821166699400217e-09
36800.056 1.7790111213298178e-09
36850.056 6.249992452538048e-10
36900.056 7.382226675125021e-10
36950.056 2.0970190002397777e-09
37000.056 1.3769651406841145e-09
37050.056 1.7717378731535845e-09
37100.056 3.8228451560862724e-10
37150.056 1.0027986034541072e-09
37200.056 3.1931950521000823e-09
37250.056 1.2077811072697092e-09
37300.056 5.363113877940501e-10
37350.056 1.29199046442807e-09
37400.056 2.3634668239899104e-09
37450.056 1.0483663117498723e-09
37500.056 9.75030094872967e-10
37550.056 3.6883823171706225e-09
37600.056 6.001912208499722e-09
37650.056 1.054522628636145e-09
37700.056 2.255264093330245e-09
37750.056 1.7463531186400046e-09
37800.056 2.1662333634602602e-09
37850.056 1.2202631133599728e-09
37900.056 1.2680055556739584e-09
37950.056 1.8447777709099747e-09
38000.056 1.547640202623174e-09
38050.056 3.1857686410202673e-09
38100.056 5.012489217149786e-09
38150.056 5.681055749939572e-09
38200.056 3.2914055559458906e-09
38250.056 5.1224726042504754e-09
38300.056 9.980844744998947e-09
38350.056 6.333731140900897e-09
38400.056 2.1847583974990985e-09
38450.056 7.230033718548343e-10
38500.056 8.984122664761728e-10
38550.056 3.824281111900285e-09
38600.056 5.128909607499619e-09
38650.056 4.2591799735599226e-09
38700.056 3.4052041075994856e-09
38750.056 4.303688899309836e-09
38800.056 4.190227754600051e-09
38850.056 4.970160003200335e-09
38900.056 4.823454518949368e-09
38950.056 3.3618133873505082e-09
39000.056 6.002350589699376e-09
39050.056 2.606162182360627e-09
39100.056 3.1297335384482466e-09
39150.056 6.760730113599951e-09
39200.056 6.176368335400074e-09
39250.056 5.381381890390052e-09
39300.056 4.527678242660263e-09
39350.056 9.876359496200151e-09
39400.056 5.427624427859171e-09
39450.056 8.309542098160702e-09
39500.056 9.801070614999492e-09
39550.056 4.091090751290733e-09
39600.056 6.276543374870955e-09
39650.056 1.2938323669999981e-08
39700.056 1.1286958571599945e-08
39750.056 3.758787859539682e-09
39800.056 3.003230928040216e-09
39850.056 1.1529594135400947e-08
39900.056 1.4175277055099922e-08
39950.056 6.924730045400175e-09
40000.056 1.0572810311400291e-08
40050.056 1.0385634224799335e-08
40100.056 2.635022174156861e-09
40150.056 9.494830974900641e-09
40200.056 1.2556480951899541e-08
40250.056 1.4092935717999088e-08
40300.056 1.3516352310300594e-08
40350.056 5.673871928658895e-09
40400.056 7.618426460679686e-09
40450.056 4.5554335186600475e-09
40500.056 1.206909807990015e-08
40550.056 1.3952229372599282e-08
40600.056 1.5385540062999824e-08
40650.056 9.530513990699186e-09
40700.056 1.5973719614000146e-08
40750.056 1.2262172956299266e-08
40800.056 7.390742945099566e-09
40850.056 1.9252987538001063e-08
40900.056 1.9874934554999373e-08
40950.056 1.1016158184519624e-08
41000.056 1.1647445952899899e-08
41050.056 2.083536404400059e-08
41100.056 1.7519079661198417e-08
41150.056 5.76224813159976e-09
41200.056 1.8230263138102015e-08
41250.056 1.8514296897997895e-08
41300.056 2.0837999220201538e-08
41350.056 2.7100901440000053e-08
41400.056 2.2118880591999475e-08
41450.056 2.4304392638000085e-08
41500.056 1.4397973789998324e-08
41550.056 1.3049520770601323e-08
41600.056 1.4643723063499803e-08
41650.056 2.451441679500129e-08
41700.056 3.0886687804999394e-08
41750.056 2.5648183186000443e-08
41800.056 2.7495976291999656e-08
41850.056 1.94172978473991e-08
41900.056 1.581171981979784e-08
41950.056 1.5810410173299453e-08
42000.056 8.9241829609976e-09
42050.056 1.0920855529900821e-08
42100.056 1.6391514275099658e-08
42150.056 1.835696511499993e-08
42200.056 1.9926094909999513e-08
42250.056 1.6055938525300633e-08
42300.056 1.504037087599947e-08
42350.056 2.3313589173000634e-08
42400.056 2.8145058216000522e-08
42450.056 3.0580398451000775e-08
42500.056 3.238747407399971e-08
42550.056 2.9523608987999573e-08
42600.056 2.4342734425001613e-08
42650.056 3.054390946199844e-08
42700.056 1.848196627199898e-08
42750.056 2.5785438049001832e-08
42800.056 3.563221417900034e-08
42850.056 3.641679294699902e-08
42900.056 3.4582312411000316e-08
42950.056 2.965469699200048e-08
43000.056 3.202431617999944e-08
43050.056 2.1281252150999225e-08
43100.056 2.8483383969000766e-08
43150.056 2.978704979300029e-08
43200.056 3.4347799788000564e-08
43250.056 4.144920456600022e-08
43300.056 3.680776826699889e-08
43350.056 2.6082094895999944e-08
43400.056 3.2329130667000236e-08
43450.056 2.6526131689999958e-08
43500.056 2.2890795696000197e-08
43550.056 2.4610858142000874e-08
43600.056 3.543659940299986e-08
43650.056 2.2882254255998825e-08
43700.056 3.304329946400305e-08
43750.056 3.926214288699943e-08
43800.056 3.3537517002999364e-08
43850.056 3.059832200100115e-08
43900.056 2.5875033830999886e-08
43950.056 2.0809999692999416e-08
44000.056 2.0949242908000134e-08
44050.056 3.514869651800202e-08
44100.056 4.381409873000024e-08
44150.056 4.1298652721999475e-08
44200.056 3.949600337199985e-08
44250.056 2.8087487599999032e-08
44300.056 1.912072393899956e-08
44350.056 1.8684705405100515e-08
44400.056 2.284788105099994e-08
44450.056 3.145062477200152e-08
44500.056 2.968769133499996e-08
44550.056 3.5362876608000253e-08
44600.056 2.9749114271000152e-08
44650.056 3.279898042299903e-08
44700.056 2.5961226681998725e-08
44750.056 2.9589987659001127e-08
44800.056 2.2745913971999522e-08
44850.056 2.9243218255001108e-08
44900.056 3.0355954347999757e-08
44950.056 3.440167883600094e-08
45000.056 3.709696814299991e-08
45050.056 3.372867191399861e-08
45100.056 3.146327439200118e-08
45150.056 2.9341782929999463e-08
45200.056 1.927658929299954e-08
45250.056 2.28334486059998e-08
45300.056 2.1774015470999746e-08
45350.056 1.5282972556501245e-08
45400.056 3.54978889910008e-08
45450.056 3.347654964300121e-08
45500.056 3.826089279000096e-08
45550.056 3.9870773065998396e-08
45600.056 3.7481148557000426e-08
45650.056 3.318191894599835e-08
45700.056 1.8644712774697813e-08
45750.056 1.6849793966601626e-08
45800.056 3.381839121000038e-08
45850.056 3.029524071500109e-08
45900.056 4.0073303532999974e-08
45950.056 3.973220048799925e-08
46000.056 3.822455747900029e-08
46050.056 3.4045264014001054e-08
46100.056 3.762195835099872e-08
46150.056 2.6959736399999815e-08
46200.056 1.8681078855497866e-08
46250.056 7.518952652300103e-09
46300.056 2.2626651971001542e-08
46350.056 2.848991401900044e-08
46400.056 2.9413891151000255e-08
46450.056 2.292668956239901e-08
46500.056 2.811075648100034e-08
46550.056 1.8845198723998736e-08
46600.056 1.5609125699799332e-08
46650.056 2.4071382238000793e-08
46700.056 1.8572191531898436e-08
46750.056 7.414537867700576e-09
46800.056 4.566635837299532e-09
46850.056 1.8051838412302637e-08
46900.056 2.876944938800037e-08
46950.056 3.083863649499978e-08
47000.056 3.1568456077000246e-08
47050.056 2.0785444165297447e-08
47100.056 1.8850136840000387e-08
47150.056 2.3683660502001305e-08
47200.056 2.415716281699916e-08
47250.056 9.762405202397902e-09
47300.056 7.113086538981975e-09
47350.056 2.306306264600123e-08
47400.056 2.7886300911999847e-08
47450.056 1.9466127306000292e-08
47500.056 2.9980800086001106e-08
47550.056 2.940638147200003e-08
47600.056 2.1244038034398816e-08
47650.056 2.3876903166799132e-08
47700.056 2.0227025919101172e-08
47750.056 1.6309177303999725e-08
47800.056 9.15782640589911e-09
47850.056 2.809992050900503e-09
47900.056 5.768352510400209e-09
47950.056 1.7962551214001497e-08
48000.056 2.243127264299888e-08
48050.056 1.841888984400001e-08
48100.056 1.010539114419967e-08
48150.056 1.7864411075000674e-08
48200.056 1.1148852736698954e-08
48250.056 1.7740120623000502e-08
48300.056 1.9322856704999545e-08
48350.056 1.1035223694898525e-08
48400.056 1.8624079903894694e-09
48450.056 3.6530574399809082e-09
48500.056 8.704756450399158e-09
48550.056 1.1101731257282297e-08
48600.056 2.24120296150006e-08
48650.056 2.565285795999986e-08
48700.056 2.2154691036000263e-08
48750.056 1.9239432922000038e-08
48800.056 2.0873500003999724e-08
48850.056 9.82335785959883e-09
48900.056 7.983937822679081e-09
48950.056 3.83964555379976e-09
49000.056 2.619944606220692e-09
49050.056 9.201105987599418e-09
49100.056 1.3829828363801784e-08
49150.056 1.3379448933899788e-08
49200.056 2.092020739100097e-08
49250.056 2.221385477599982e-08
49300.056 1.7442734237298766e-08
49350.056 7.992473649600655e-09
49400.056 8.389342744138568e-09
49450.056 5.971665370451105e-09
49500.056 4.531384193969164e-09
49550.056 7.171072270099672e-10
49600.056 1.8832353267423827e-09
49650.056 8.229664175000915e-09
49700.056 1.2685857802000187e-08
49750.056 9.057968546399332e-09
49800.056 4.86785077817008e-09
49850.056 1.357761335960104e-08
49900.056 1.6530296116999978e-08
49950.056 1.4816582564999479e-08
50000.056 7.829601990058728e-09
50050.056 7.523669388281148e-09
50100.056 6.84844233069953e-09
50150.056 2.1229971986595593e-09
50200.056 3.1715370047610037e-10
50250.056 1.8440257899000095e-09
50300.056 1.4968291844903249e-09
50350.056 7.428258466900714e-09
50400.056 1.1546222372000262e-08
50450.056 1.1182203332099896e-08
50500.056 1.4579590492000681e-08
50550.056 1.6173462136999837e-08
50600.056 1.0810371948298939e-08
50650.056 1.4268458111000418e-08
50700.056 1.2157802959499393e-08
50750.056 6.58700073259946e-09
50800.056 1.4761099165135616e-09
50850.056 6.275337725702598e-10
50900.056 5.123820954000669e-09
50950.056 7.043509934299462e-09
51000.056 4.62383853542094e-09
51050.056 8.813240490199185e-09
51100.056 4.318638428199894e-09
51150.056 2.3137821576605363e-09
51200.056 9.34970399850055e-09
51250.056 8.99280581419953e-09
51300.056 5.397158671099873e-09
51350.056 3.088357172019355e-09
51400.056 7.210455189701337e-10
51450.056 6.088665259148331e-10
51500.056 6.344249190662096e-10
51550.056 3.1964663052004492e-09
51600.056 5.117586139300277e-09
51650.056 7.332822077300043e-09
51700.056 5.222545165778981e-09
51750.056 4.563669496160888e-09
51800.056 8.350832012500004e-09
51850.056 6.456062962899618e-09
51900.056 4.865021308299812e-09
51950.056 2.0310915905195618e-09
52000.056 2.4005511216895404e-10
52050.056 1.051019004800065e-09
52100.056 5.265276691098708e-10
52150.056 2.964692055640944e-10
52200.056 1.4682630387401003e-09
52250.056 2.9409539544002525e-09
52300.056 2.9084976476997527e-09
52350.056 5.815026581059423e-10
52400.056 7.344648625100436e-10
52450.056 3.515304712600441e-09
52500.056 2.7260633968098765e-09
52550.056 4.799194655799594e-09
52600.056 4.627851688300522e-09
52650.056 5.8532975678997774e-09
52700.056 2.870816144499707e-09
52750.056 7.019454405277748e-10
52800.056 1.5725504948002718e-09
52850.056 1.9029513516997304e-09
52900.056 4.612349782758228e-10
52950.056 8.932446653301857e-10
53000.056 2.6814160008000677e-09
53050.056 1.0696502713399727e-09
53100.056 4.45898032050048e-09
53150.056 5.119100028099815e-09
53200.056 2.3136246613798417e-09
53250.056 4.162169398800001e-09
53300.056 3.788816988600198e-09
53350.056 3.2277468148998306e-09
53400.056 1.7531387703997982e-09
53450.056 4.6213059039989424e-10
53500.056 1.353933487099844e-10
