galfind/configs/Brown_Dwarf_templates/sonora_bobcat/m0.0/3160g/sp_t1200g3160nc_m0.0_resample.dat
# %ECSV 1.0
# ---
# datatype:
# - {name: wav, unit: Angstrom, datatype: float64}
# - {name: flux_nu, unit: erg / (cm2 Hz s), datatype: float64}
# meta: {C/O: '1.00', Kzz: '1.0000E+05', Teff: '1200.', Y: '0.28', '[Fe/H]': '0.00', f_hole: '1.00', f_rain: '0.00', grav: '3160.'}
# schema: astropy-2.0
wav flux_nu
[from data line 499]
28950.056 2.1898732325057324e-07
29000.056 1.7954412998576437e-07
29050.056 2.0227726431262804e-07
29100.056 1.4778510686552443e-07
29150.056 2.6342728755771844e-07
29200.056 1.7443537467000083e-07
29250.056 2.25488641383508e-07
29300.056 1.5029523020139007e-07
29350.056 3.455599454129914e-07
29400.056 2.0552509554669384e-07
29450.056 2.1664128705677505e-07
29500.056 2.3301373300730495e-07
29550.056 2.2343668664971659e-07
29600.056 2.545622188679269e-07
29650.056 2.3599536823498822e-07
29700.056 2.1327623206837806e-07
29750.056 2.6008812884812666e-07
29800.056 2.7386859132176794e-07
29850.056 2.687940740279579e-07
29900.056 2.764174041421205e-07
29950.056 2.956854368199361e-07
30000.056 2.114762032085983e-07
30050.056 2.1492810051400537e-07
30100.056 2.2931616031495984e-07
30150.056 3.253596444799928e-07
30200.056 2.546882804159941e-07
30250.056 3.314138640550368e-07
30300.056 2.797933020219945e-07
30350.056 2.7334379925201925e-07
30400.056 3.172359907190061e-07
30450.056 2.348901118300421e-07
30500.056 2.1984523071600564e-07
30550.056 2.335507575380081e-07
30600.056 2.615146219100013e-07
30650.056 2.2649642477198333e-07
30700.056 2.1054835116997878e-07
30750.056 2.0669654442597456e-07
30800.056 1.9828619903604087e-07
30850.056 1.7368988188596304e-07
30900.056 1.7230572153296592e-07
30950.056 1.4599419198132931e-07
31000.056 1.4595241725101354e-07
31050.056 1.7015801053700586e-07
31100.056 1.262457467059981e-07
31150.056 1.4041660128998968e-07
31200.056 1.5889760607701994e-07
31250.056 1.1813974429459109e-07
31300.056 1.2099959302028098e-07
31350.056 1.1554655700460797e-07
31400.056 9.52848394431074e-08
31450.056 1.0635699263598155e-07
31500.056 8.536993755938171e-08
31550.056 9.341587732819079e-08
31600.056 8.198381149650705e-08
31650.056 7.38777362598091e-08
31700.056 8.174235214898858e-08
31750.056 6.436300886341756e-08
31800.056 8.316631735898568e-08
31850.056 6.393287621731174e-08
31900.056 8.006812958500909e-08
31950.056 5.592347567640639e-08
32000.056 7.242788528248815e-08
32050.056 7.188088805050489e-08
32100.056 6.765538239430152e-08
32150.056 7.877090589299471e-08
32200.056 6.42007452700008e-08
32250.056 8.891635039101549e-08
32300.056 6.008466577598907e-08
32350.056 9.357994020500241e-08
32400.056 6.413680534499764e-08
32450.056 8.99595840425744e-08
32500.056 8.214935868161826e-08
32550.056 8.629901310179476e-08
32600.056 9.48996973889993e-08
32650.056 1.0980822318698213e-07
32700.056 1.0808738829801617e-07
32750.056 1.2087569522200954e-07
32800.056 1.224105107886132e-07
32850.056 1.3241629428599453e-07
32900.056 1.4133299112100073e-07
32950.056 1.4212845312999734e-07
33000.056 1.2732741994497836e-07
33050.056 1.209776704920137e-07
33100.056 8.037897056498827e-08
33150.056 2.5259196424004177e-08
33200.056 2.410583582938969e-08
33250.056 1.9587843678294193e-08
33300.056 2.2523294375205434e-08
33350.056 3.176508680400173e-08
33400.056 4.200449717399355e-08
33450.056 5.2891786491399996e-08
33500.056 7.491289597201485e-08
33550.056 7.334811407541254e-08
33600.056 9.886349757999062e-08
33650.056 1.1002667213901305e-07
33700.056 9.139964761738617e-08
33750.056 1.2870317111099694e-07
33800.056 9.652576365300674e-08
33850.056 1.1848006620399145e-07
33900.056 9.884907236899477e-08
33950.056 1.0557967898698981e-07
34000.056 1.230927464020087e-07
34050.056 8.225304610099016e-08
34100.056 1.2102305946500075e-07
34150.056 9.300769325839042e-08
34200.056 1.0187154098897031e-07
34250.056 1.0375795800997397e-07
34300.056 8.6100102101062e-08
34350.056 9.58222559330082e-08
34400.056 7.934780645819713e-08
34450.056 1.0612913976398753e-07
34500.056 1.0019732006999236e-07
34550.056 7.739424449040171e-08
34600.056 1.2054050346999962e-07
34650.056 8.754631386199608e-08
34700.056 1.0511393543499397e-07
34750.056 1.0793542085998128e-07
34800.056 9.09973627452927e-08
34850.056 1.1405975011900541e-07
34900.056 1.0636565867698041e-07
34950.056 1.1125294715797861e-07
35000.056 1.4968763219401708e-07
35050.056 1.028340936810105e-07
35100.056 1.3189516285799576e-07
35150.056 1.365408662310063e-07
35200.056 1.318692284220051e-07
35250.056 1.668605248599633e-07
35300.056 1.2304184735001545e-07
35350.056 1.347414642989821e-07
35400.056 1.5243079939101795e-07
35450.056 1.1100293827504023e-07
35500.056 1.7924114854599732e-07
35550.056 1.6077498559099758e-07
35600.056 1.5849278757103865e-07
35650.056 1.8031524853801927e-07
35700.056 1.52488162897996e-07
35750.056 1.851029154619913e-07
35800.056 2.2335630387000262e-07
35850.056 1.5880150746100415e-07
35900.056 2.1515536598000558e-07
35950.056 2.0997915810097725e-07
36000.056 2.0743843957602876e-07
36050.056 2.1959005408999024e-07
36100.056 2.0373352022091188e-07
36150.056 2.3343201109399451e-07
36200.056 2.5668048479998313e-07
36250.056 2.2647034919197426e-07
36300.056 2.724538792820176e-07
36350.056 2.6272444061599367e-07
36400.056 2.697452570980003e-07
36450.056 2.880604795219851e-07
36500.056 2.874921238719755e-07
36550.056 3.2810178020006503e-07
36600.056 3.509043323200015e-07
36650.056 3.2168539165795844e-07
36700.056 3.467124617859889e-07
36750.056 3.8155422132003217e-07
36800.056 3.806923388899903e-07
36850.056 3.718148032339354e-07
36900.056 3.7823441058198954e-07
36950.056 4.289958499899718e-07
37000.056 4.086164869899846e-07
37050.056 4.278144981400259e-07
37100.056 4.2856548673997043e-07
37150.056 4.308646905500352e-07
37200.056 4.7507025748999576e-07
37250.056 4.432998382699418e-07
37300.056 4.145952745019095e-07
37350.056 4.671646604800265e-07
37400.056 5.501080059899874e-07
37450.056 4.7131360767000217e-07
37500.056 4.780519272889855e-07
37550.056 5.631532519301057e-07
37600.056 6.005286908800263e-07
37650.056 4.90928838700045e-07
37700.056 5.852888491300383e-07
37750.056 5.118539346600505e-07
37800.056 5.657542743401055e-07
37850.056 4.941212615100071e-07
37900.056 5.337239795700861e-07
37950.056 5.647685125699645e-07
38000.056 6.162116189599961e-07
38050.056 6.071980031400557e-07
38100.056 6.315857680800364e-07
38150.056 6.646188948799833e-07
38200.056 6.695658438200417e-07
38250.056 6.49291004460004e-07
38300.056 7.383990846999335e-07
38350.056 7.510236860800473e-07
38400.056 6.378282214099445e-07
38450.056 6.827599430799437e-07
38500.056 6.281883357100673e-07
38550.056 7.355233093700459e-07
38600.056 7.16454276599938e-07
38650.056 7.454327089299814e-07
38700.056 7.801233530600022e-07
38750.056 7.857240861999887e-07
38800.056 7.293644713699293e-07
38850.056 7.791367225100345e-07
38900.056 8.20657880969981e-07
38950.056 7.801629653199974e-07
39000.056 8.204326815499832e-07
39050.056 8.192910715300085e-07
39100.056 7.975737734700508e-07
39150.056 8.585913106200071e-07
39200.056 8.181917439999845e-07
39250.056 8.796895029599715e-07
39300.056 8.540801699699221e-07
39350.056 9.090352979300293e-07
39400.056 8.757065554600289e-07
39450.056 8.966886144800024e-07
39500.056 8.959500749999978e-07
39550.056 8.754332472800736e-07
39600.056 9.352656386799183e-07
39650.056 9.65734285079994e-07
39700.056 9.343882065300461e-07
39750.056 8.740429455200733e-07
39800.056 8.984601154499624e-07
39850.056 1.0056861715000022e-06
39900.056 9.893591583499973e-07
39950.056 9.895639527899604e-07
40000.056 1.0079157402300254e-06
40050.056 9.858431075100205e-07
40100.056 9.358634811900283e-07
40150.056 1.0187795333300105e-06
40200.056 1.0464031003499255e-06
40250.056 9.841599912498856e-07
40300.056 1.0085962241700531e-06
40350.056 9.93253266529974e-07
40400.056 1.0450728336100147e-06
40450.056 1.0115318483500316e-06
40500.056 1.0129239169300526e-06
40550.056 1.096149385709955e-06
40600.056 9.975889143300307e-07
40650.056 1.0279333871199172e-06
40700.056 1.1609366804999856e-06
40750.056 9.913804598098547e-07
40800.056 9.445129211898438e-07
40850.056 1.068139176470082e-06
40900.056 1.0762271820100019e-06
40950.056 1.010655640219987e-06
41000.056 1.0401032809299975e-06
41050.056 1.0846804986999319e-06
41100.056 1.0068592800999371e-06
41150.056 9.439838270099523e-07
41200.056 1.06070051320001e-06
41250.056 1.0117316774499829e-06
41300.056 9.073675713699085e-07
41350.056 1.079009666740037e-06
41400.056 9.939351002300569e-07
41450.056 1.045352762410033e-06
41500.056 9.55469077219945e-07
41550.056 9.146310670000691e-07
41600.056 9.761356002500456e-07
41650.056 1.0091810200900413e-06
41700.056 9.164601418299251e-07
41750.056 9.524122516499653e-07
41800.056 1.0827804890199774e-06
41850.056 7.676418505200242e-07
41900.056 9.316385018499106e-07
41950.056 1.0124466425200518e-06
42000.056 9.925792511700821e-07
42050.056 8.51071570009966e-07
42100.056 1.0667695268100488e-06
42150.056 7.983384417800131e-07
42200.056 8.108482115599608e-07
42250.056 9.239637623299698e-07
42300.056 8.505584881499844e-07
42350.056 9.422419416000954e-07
42400.056 9.172512580100523e-07
42450.056 7.745156135500403e-07
42500.056 8.026667379699905e-07
42550.056 7.707077777100075e-07
42600.056 8.571107962600659e-07
42650.056 9.843929745399024e-07
42700.056 8.657819729499262e-07
42750.056 7.501042854100614e-07
42800.056 8.423770163300457e-07
42850.056 9.196168995798655e-07
42900.056 9.497875088400747e-07
42950.056 7.675103172698541e-07
43000.056 8.741926175800026e-07
43050.056 6.440822569102069e-07
43100.056 8.182627951999538e-07
43150.056 7.577117482400554e-07
43200.056 7.883689086300005e-07
43250.056 9.512319509100408e-07
43300.056 9.34067648720016e-07
43350.056 6.611318205198539e-07
43400.056 8.065180433700128e-07
43450.056 7.145439653501061e-07
43500.056 7.630441280299833e-07
43550.056 7.547789053240006e-07
43600.056 8.76059397390066e-07
43650.056 6.582917221100099e-07
43700.056 8.805050186700488e-07
43750.056 8.249623935300498e-07
43800.056 7.782705600499171e-07
43850.056 7.122965876901168e-07
43900.056 7.791324328599472e-07
43950.056 6.281988959899386e-07
44000.056 5.677176712750207e-07
44050.056 7.600093161000126e-07
44100.056 8.546988110000577e-07
44150.056 8.643431396299674e-07
44200.056 7.804705814400172e-07
44250.056 6.449882544899993e-07
44300.056 5.898060017800865e-07
44350.056 6.373682618980643e-07
44400.056 6.282605625299701e-07
44450.056 7.131957685400106e-07
44500.056 6.910149262001028e-07
44550.056 7.719369499199642e-07
44600.056 7.077023343100394e-07
44650.056 7.243591808000136e-07
44700.056 6.049038200099688e-07
44750.056 6.742702014700512e-07
44800.056 6.549955282400391e-07
44850.056 7.364935390300737e-07
44900.056 6.251228074600361e-07
44950.056 6.494681112400351e-07
45000.056 6.856314531600093e-07
45050.056 6.838640312699896e-07
45100.056 7.071301034100178e-07
45150.056 6.737391996399926e-07
45200.056 5.725936274400296e-07
45250.056 6.24228108199914e-07
45300.056 6.30503451560043e-07
45350.056 6.046482390399401e-07
45400.056 7.02728324200053e-07
45450.056 6.798332703399696e-07
45500.056 6.776941072899985e-07
45550.056 7.550602295699361e-07
45600.056 7.230080090100253e-07
45650.056 6.424849004099159e-07
45700.056 6.188061295200324e-07
45750.056 5.849764315299946e-07
45800.056 7.110082513399975e-07
45850.056 7.614163127599891e-07
45900.056 7.646694988500312e-07
45950.056 6.412783435099934e-07
46000.056 7.489626360200474e-07
46050.056 7.019088538000323e-07
46100.056 7.265934618999799e-07
46150.056 6.431150850099656e-07
46200.056 6.356810904400653e-07
46250.056 5.023079823009507e-07
46300.056 6.950010469799748e-07
46350.056 6.672183468900132e-07
46400.056 6.841566793500219e-07
46450.056 6.527343921300095e-07
46500.056 6.347247345800819e-07
46550.056 6.037498123300091e-07
46600.056 6.517707678999709e-07
46650.056 8.315726557699989e-07
46700.056 7.187894601700013e-07
46750.056 5.471275630300512e-07
46800.056 4.86455543330027e-07
46850.056 7.982965335600829e-07
46900.056 7.496711990899437e-07
46950.056 7.767311810599837e-07
47000.056 6.773889140100484e-07
47050.056 7.047829484198733e-07
47100.056 5.298114172130392e-07
47150.056 6.444423267700547e-07
47200.056 7.277625192800199e-07
47250.056 5.831436155799707e-07
47300.056 4.913992325609999e-07
47350.056 7.154751073699922e-07
47400.056 7.489247956599617e-07
47450.056 6.619854715000315e-07
47500.056 7.527193088099676e-07
47550.056 6.598996875700036e-07
47600.056 7.092659162599467e-07
47650.056 6.223170122899083e-07
47700.056 6.712204753801165e-07
47750.056 5.180545686900134e-07
47800.056 5.789619691700243e-07
47850.056 4.402394444270001e-07
47900.056 5.414560421439472e-07
47950.056 6.373594710900148e-07
48000.056 7.754629138400141e-07
48050.056 6.852823318200022e-07
48100.056 5.265105578620022e-07
48150.056 5.898578861600392e-07
48200.056 5.977475476999925e-07
48250.056 5.821952720900044e-07
48300.056 7.768714856799492e-07
48350.056 5.315169283999931e-07
48400.056 4.1136249993794283e-07
48450.056 5.59910433550089e-07
48500.056 6.901191514399208e-07
48550.056 5.759199507200072e-07
48600.056 6.644163963500041e-07
48650.056 6.422668660799773e-07
48700.056 6.514365073200011e-07
48750.056 4.299566064301117e-07
48800.056 7.166397567400334e-07
48850.056 5.059505486499037e-07
48900.056 7.187340886799963e-07
48950.056 5.579437942900162e-07
49000.056 4.1863089732199117e-07
49050.056 6.646422932699456e-07
49100.056 6.389211619900654e-07
49150.056 5.896269935879855e-07
49200.056 6.648505695900401e-07
49250.056 6.512501485900444e-07
49300.056 5.837022721099803e-07
49350.056 4.4942879740006197e-07
49400.056 5.849090784499314e-07
49450.056 5.768016568151382e-07
49500.056 5.100457309399765e-07
49550.056 3.5110070139000315e-07
49600.056 4.886317550700716e-07
49650.056 5.249914680199522e-07
49700.056 5.173086624598978e-07
49750.056 6.79095976369941e-07
49800.056 5.280545998900035e-07
49850.056 6.9952156672007e-07
49900.056 6.136127575099902e-07
49950.056 5.418322755199728e-07
50000.056 5.541270040699764e-07
50050.056 6.240312368199688e-07
50100.056 5.733666119199807e-07
50150.056 4.159444533799836e-07
50200.056 2.7844597863403897e-07
50250.056 5.340350440999765e-07
50300.056 4.6488704601802164e-07
50350.056 6.463302574900536e-07
50400.056 5.530024800599709e-07
50450.056 4.5967759316001824e-07
50500.056 6.144658202700472e-07
50550.056 5.824540231400214e-07
50600.056 4.7487928612991874e-07
50650.056 5.90864922760088e-07
50700.056 6.753937992499403e-07
50750.056 5.472901235500527e-07
50800.056 3.6862746067594456e-07
50850.056 3.8224006737006784e-07
50900.056 6.445275919299774e-07
50950.056 5.429181074000516e-07
51000.056 6.051008312410416e-07
51050.056 5.588764651499754e-07
51100.056 3.540994593099631e-07
51150.056 4.5974096746801564e-07
51200.056 6.939897416299633e-07
51250.056 5.108406190699782e-07
51300.056 4.019769824200896e-07
51350.056 4.995994829699469e-07
51400.056 3.4001197312999986e-07
51450.056 2.9490211103095017e-07
51500.056 3.187904960400699e-07
51550.056 5.48918023296034e-07
51600.056 4.020789170130111e-07
51650.056 4.2652483118994686e-07
51700.056 4.876039134109126e-07
51750.056 3.7577944694501666e-07
51800.056 5.288502382398907e-07
51850.056 4.7107159775998127e-07
51900.056 6.469515496100533e-07
51950.056 5.090351309399632e-07
52000.056 2.623653024119668e-07
52050.056 4.1275384765501817e-07
52100.056 3.4085618460999625e-07
52150.056 3.0848417608001717e-07
52200.056 3.376120179579864e-07
52250.056 4.1052934139002585e-07
52300.056 6.046227125399825e-07
52350.056 4.376832524359976e-07
52400.056 3.356598039880357e-07
52450.056 4.831770161200406e-07
52500.056 5.232669674999166e-07
52550.056 4.936943120099531e-07
52600.056 4.4107975146004067e-07
52650.056 4.5855756919005907e-07
52700.056 3.81311412582008e-07
52750.056 2.978331273899866e-07
52800.056 3.4528873819003244e-07
52850.056 3.747451675849146e-07
52900.056 3.60963306237956e-07
52950.056 3.878797475400006e-07
53000.056 5.012777981100152e-07
53050.056 3.1402204169392035e-07
53100.056 4.3521008394998046e-07
53150.056 5.677097771100214e-07
53200.056 2.8319721520897637e-07
53250.056 4.919076152500294e-07
53300.056 5.088762804902056e-07
53350.056 5.038671536999816e-07
53400.056 5.000141450399977e-07
53450.056 3.1427516225999333e-07
53500.056 2.171693655089536e-07
53550.056 3.174847227799695e-07
53600.056 4.2193387717206755e-07
53650.056 3.164745787399845e-07
53700.056 3.1512525045701527e-07
