galfind/configs/Brown_Dwarf_templates/sonora_bobcat/m0.0/3160g/sp_t1700g3160nc_m0.0_resample.dat
# %ECSV 1.0
# ---
# datatype:
# - {name: wav, unit: Angstrom, datatype: float64}
# - {name: flux_nu, unit: erg / (cm2 Hz s), datatype: float64}
# meta: {C/O: '1.00', Kzz: '1.0000E+05', Teff: '1700.', Y: '0.28', '[Fe/H]': '0.00', f_hole: '1.00', f_rain: '0.00', grav: '3160.'}
# schema: astropy-2.0
wav flux_nu
[from data line 498]
28900.056 6.761435284919734e-07
28950.056 1.045680779809958e-06
29000.056 8.936946346998229e-07
29050.056 9.725651709900713e-07
29100.056 7.560269154441005e-07
29150.056 1.081780233650022e-06
29200.056 8.625547022000398e-07
29250.056 9.799315658459663e-07
29300.056 7.743140546698516e-07
29350.056 1.2306620292399193e-06
29400.056 9.503242504199525e-07
29450.056 9.470699661499657e-07
29500.056 9.778295347399597e-07
29550.056 9.790660524600305e-07
29600.056 1.081254745099785e-06
29650.056 9.699734024899684e-07
29700.056 9.536019345899301e-07
29750.056 1.0822957994901514e-06
29800.056 1.125853658459858e-06
29850.056 1.0386613531698797e-06
29900.056 1.0228998248303504e-06
29950.056 1.2027941323298605e-06
30000.056 1.136887772139843e-06
30050.056 1.0446512170300145e-06
30100.056 9.608462622597828e-07
30150.056 1.3217723193000018e-06
30200.056 1.120832896510041e-06
30250.056 1.184696627330125e-06
30300.056 1.0683553247899441e-06
30350.056 1.1263179085901404e-06
30400.056 1.2675512633400755e-06
30450.056 1.0134870586001523e-06
30500.056 9.505829404800681e-07
30550.056 1.102921355200104e-06
30600.056 1.0955909607000303e-06
30650.056 1.07768008596997e-06
30700.056 9.828449143399184e-07
30750.056 9.735159395099488e-07
30800.056 1.0278499932101763e-06
30850.056 8.884224511899026e-07
30900.056 8.807960921898904e-07
30950.056 7.983241765601033e-07
31000.056 8.445319267100283e-07
31050.056 9.077173816600148e-07
31100.056 7.637492273399936e-07
31150.056 8.021240337699375e-07
31200.056 8.36307150430005e-07
31250.056 7.706433836799986e-07
31300.056 7.446491136199124e-07
31350.056 7.101776296700077e-07
31400.056 6.706860411700829e-07
31450.056 6.870002452099367e-07
31500.056 6.521441215799134e-07
31550.056 6.61766088069989e-07
31600.056 6.199580620699978e-07
31650.056 6.013395756100113e-07
31700.056 6.258540884599381e-07
31750.056 5.682522153701201e-07
31800.056 6.459746169399231e-07
31850.056 5.846816042900653e-07
31900.056 6.571769898100461e-07
31950.056 5.480838131900348e-07
32000.056 6.17776773599904e-07
32050.056 6.401842701500515e-07
32100.056 6.348167374399871e-07
32150.056 6.960550386699599e-07
32200.056 6.137204563699792e-07
32250.056 7.395305024700598e-07
32300.056 6.029922465099522e-07
32350.056 7.928164352100507e-07
32400.056 6.321856565900022e-07
32450.056 7.769704413498432e-07
32500.056 7.570338555701305e-07
32550.056 8.19745215059993e-07
32600.056 8.283642085399889e-07
32650.056 8.965225607799944e-07
32700.056 8.893871736200737e-07
32750.056 9.108163884500049e-07
32800.056 9.081360292900902e-07
32850.056 9.81647380659946e-07
32900.056 1.0241135177000283e-06
32950.056 9.735359542699747e-07
33000.056 9.495069965499512e-07
33050.056 8.726160529099749e-07
33100.056 7.641761046299573e-07
33150.056 4.485543762700589e-07
33200.056 3.789000577798968e-07
33250.056 3.33465106949919e-07
33300.056 3.2330633737004773e-07
33350.056 3.6307190372000855e-07
33400.056 3.9607376737997086e-07
33450.056 4.3071641477999897e-07
33500.056 5.046904521600436e-07
33550.056 5.472997260900526e-07
33600.056 6.297143364600062e-07
33650.056 7.191438050700743e-07
33700.056 7.145540964999715e-07
33750.056 8.713840854899851e-07
33800.056 8.151219269699351e-07
33850.056 9.18375873569992e-07
33900.056 8.638786875899594e-07
33950.056 8.709048603099769e-07
34000.056 9.381476026499135e-07
34050.056 8.133944076798864e-07
34100.056 9.623460301799936e-07
34150.056 8.36932914919879e-07
34200.056 7.969993934698514e-07
34250.056 8.684233043798811e-07
34300.056 7.366021838596788e-07
34350.056 7.693583661300121e-07
34400.056 7.134569004500444e-07
34450.056 8.007357452699934e-07
34500.056 8.481259793199722e-07
34550.056 7.206235621400091e-07
34600.056 8.7654738784001e-07
34650.056 8.085408050199632e-07
34700.056 8.231172914099431e-07
34750.056 9.201534298000503e-07
34800.056 7.947908873699238e-07
34850.056 8.439787346700183e-07
34900.056 8.676241361299952e-07
34950.056 8.335994558698452e-07
35000.056 9.847649215500564e-07
35050.056 8.512804442300464e-07
35100.056 9.004564838699604e-07
35150.056 9.780414658899713e-07
35200.056 9.344689289400901e-07
35250.056 1.0416411045199507e-06
35300.056 9.080418498700666e-07
35350.056 9.342257615499375e-07
35400.056 1.0234240921201217e-06
35450.056 8.184916742102358e-07
35500.056 1.09347221371001e-06
35550.056 1.0414420865299871e-06
35600.056 9.938411464701034e-07
35650.056 1.1447563090700387e-06
35700.056 9.993586584599953e-07
35750.056 1.0729378461498797e-06
35800.056 1.293120404880011e-06
35850.056 1.069908318210074e-06
35900.056 1.3049526341799629e-06
35950.056 1.2597702701999524e-06
36000.056 1.2415472262401278e-06
36050.056 1.3766591693200775e-06
36100.056 1.3415417890194772e-06
36150.056 1.3617336845901537e-06
36200.056 1.5320689507599647e-06
36250.056 1.3934065947899845e-06
36300.056 1.6015865316100496e-06
36350.056 1.5326889467499097e-06
36400.056 1.5545352332800707e-06
36450.056 1.7360336109999486e-06
36500.056 1.6333142051999405e-06
36550.056 1.7407272395003425e-06
36600.056 1.756147722600059e-06
36650.056 1.7711750463998262e-06
36700.056 1.9559177618999354e-06
36750.056 1.8734674357000675e-06
36800.056 1.948642392699928e-06
36850.056 2.068623403899939e-06
36900.056 2.005285233800072e-06
36950.056 2.114510961799894e-06
37000.056 2.145726884399919e-06
37050.056 2.198750839499972e-06
37100.056 2.214550528300077e-06
37150.056 2.253659813399939e-06
37200.056 2.3243439304999957e-06
37250.056 2.3453021071999306e-06
37300.056 2.325922332599941e-06
37350.056 2.2707962235001966e-06
37400.056 2.459859737199957e-06
37450.056 2.3337080720000752e-06
37500.056 2.480142513799917e-06
37550.056 2.5339589728999573e-06
37600.056 2.6336302066000074e-06
37650.056 2.4976695578000174e-06
37700.056 2.6539088805000215e-06
37750.056 2.592945203200083e-06
37800.056 2.6886902447000413e-06
37850.056 2.597356276299984e-06
37900.056 2.642061380800188e-06
37950.056 2.671080242699988e-06
38000.056 2.7675806763000735e-06
38050.056 2.7388233923001e-06
38100.056 2.6511615918001245e-06
38150.056 2.8480103335999744e-06
38200.056 2.8441498224000207e-06
38250.056 2.716535676700096e-06
38300.056 2.7584381615999454e-06
38350.056 2.846287876500023e-06
38400.056 2.8369879811999163e-06
38450.056 2.969450175500005e-06
38500.056 2.845151274000016e-06
38550.056 2.938019785200085e-06
38600.056 3.085018244799939e-06
38650.056 2.909010353699978e-06
38700.056 2.9120649654001387e-06
38750.056 3.0209815613000228e-06
38800.056 2.956710445100038e-06
38850.056 2.9730151329000005e-06
38900.056 2.8824881797999705e-06
38950.056 3.0459370517000026e-06
39000.056 3.0007442056000425e-06
39050.056 3.0484811211999397e-06
39100.056 2.8909544927001236e-06
39150.056 3.020680393100047e-06
39200.056 3.041254818699988e-06
39250.056 3.0279218897998388e-06
39300.056 3.0157968576998473e-06
39350.056 3.028964195400116e-06
39400.056 3.0119013682000592e-06
39450.056 3.056048346099958e-06
39500.056 2.9504046333999185e-06
39550.056 2.930059526599881e-06
39600.056 3.119037515899926e-06
39650.056 2.9299492349000333e-06
39700.056 2.949938201400005e-06
39750.056 2.9442666754999344e-06
39800.056 2.804720281600024e-06
39850.056 2.982457382899944e-06
39900.056 2.88027991010001e-06
39950.056 2.984757007899908e-06
40000.056 2.756655954699985e-06
40050.056 2.777257424999999e-06
40100.056 2.9072162880999856e-06
40150.056 2.7592873575998825e-06
40200.056 2.85524945149992e-06
40250.056 2.6142019435995624e-06
40300.056 2.6826631720001173e-06
40350.056 2.7710900104000617e-06
40400.056 2.733889682400066e-06
40450.056 2.7005461283000016e-06
40500.056 2.499925144000186e-06
40550.056 2.8120297128998867e-06
40600.056 2.3994258177000988e-06
40650.056 2.6721745349000307e-06
40700.056 2.7818383890000305e-06
40750.056 2.431777411299529e-06
40800.056 2.4207619823998797e-06
40850.056 2.3632410428002633e-06
40900.056 2.426077120400056e-06
40950.056 2.456557105899954e-06
41000.056 2.4749049417999483e-06
41050.056 2.4573858678997854e-06
41100.056 2.3098357263999195e-06
41150.056 2.4611349272999477e-06
41200.056 2.366272496200053e-06
41250.056 2.3773913929000576e-06
41300.056 2.0784479125997684e-06
41350.056 2.388187322900062e-06
41400.056 2.223388632000162e-06
41450.056 2.29651365980015e-06
41500.056 2.3273290206000563e-06
41550.056 2.2277438356600324e-06
41600.056 2.2075567085000725e-06
41650.056 2.1890890877001395e-06
41700.056 2.0573105050799066e-06
41750.056 2.1579283123998897e-06
41800.056 2.292990364619897e-06
41850.056 1.79604838451016e-06
41900.056 2.1473031385899397e-06
41950.056 2.161421114000226e-06
42000.056 2.085153038340307e-06
42050.056 1.872001414299795e-06
42100.056 2.1357760025001365e-06
42150.056 1.672097713689853e-06
42200.056 1.7101912979500936e-06
42250.056 2.017849856309928e-06
42300.056 1.7777569597000384e-06
42350.056 1.9712952070601996e-06
42400.056 1.804315514300157e-06
42450.056 1.6088652756000497e-06
42500.056 1.6670482237300516e-06
42550.056 1.670521336239991e-06
42600.056 1.7458501269800919e-06
42650.056 1.8046736235796318e-06
42700.056 1.7857854615801022e-06
42750.056 1.6334486103999982e-06
42800.056 1.715148316830273e-06
42850.056 1.8466310662997383e-06
42900.056 1.8379233961100609e-06
42950.056 1.595438439559604e-06
43000.056 1.7098192463199964e-06
43050.056 1.4729566501804432e-06
43100.056 1.6286435728599962e-06
43150.056 1.5908725800701476e-06
43200.056 1.5287919940700473e-06
43250.056 1.5991110294999074e-06
43300.056 1.6217664886000626e-06
43350.056 1.390618185749819e-06
43400.056 1.466199745760002e-06
43450.056 1.40474861408013e-06
43500.056 1.4170555343998845e-06
43550.056 1.3988915461800238e-06
43600.056 1.494462305210079e-06
43650.056 1.2845473357200003e-06
43700.056 1.3917495286999281e-06
43750.056 1.370514274270103e-06
43800.056 1.277283406419989e-06
43850.056 1.2649658861901584e-06
43900.056 1.3146686305599206e-06
43950.056 1.1995671753699698e-06
44000.056 1.1197927879000318e-06
44050.056 1.1561778782800194e-06
44100.056 1.221219130790122e-06
44150.056 1.2449308713799673e-06
44200.056 1.1612562589400348e-06
44250.056 1.132743824339996e-06
44300.056 1.0975299018400907e-06
44350.056 1.0620743180500639e-06
44400.056 1.0987068255999516e-06
44450.056 1.115895323330028e-06
44500.056 1.0826539548900875e-06
44550.056 1.04375905198989e-06
44600.056 1.0219274664100967e-06
44650.056 1.090776493120024e-06
44700.056 1.014810285740014e-06
44750.056 1.0444398054699324e-06
44800.056 1.0291983681799655e-06
44850.056 1.0236940119501008e-06
44900.056 9.73156431470061e-07
44950.056 9.555930429300428e-07
45000.056 9.958675778499934e-07
45050.056 1.000452607299961e-06
45100.056 1.0419182559700174e-06
45150.056 9.503294347100028e-07
45200.056 8.859894525200166e-07
45250.056 9.271865885399338e-07
45300.056 9.992318294700246e-07
45350.056 1.0075126787499366e-06
45400.056 9.547417427300826e-07
45450.056 9.137843679698923e-07
45500.056 9.533686898599489e-07
45550.056 1.008347100669992e-06
45600.056 9.405654177999949e-07
45650.056 8.744692520598745e-07
45700.056 9.857553263500615e-07
45750.056 9.007715870700309e-07
45800.056 8.996906855299585e-07
45850.056 1.0574050953899655e-06
45900.056 1.017751576300021e-06
45950.056 9.058987977499956e-07
46000.056 1.0449252705000151e-06
46050.056 1.0586532101002044e-06
46100.056 8.949192502600455e-07
46150.056 9.702514628399326e-07
46200.056 1.002964121740169e-06
46250.056 8.682325352899969e-07
46300.056 1.0720740736399964e-06
46350.056 9.696630617399463e-07
46400.056 9.863274455499576e-07
46450.056 1.0231184200400523e-06
46500.056 9.236404721799557e-07
46550.056 1.1013324723100056e-06
46600.056 1.0440198833000545e-06
46650.056 1.261170362069842e-06
46700.056 1.2224938497603618e-06
46750.056 9.88401108400048e-07
46800.056 1.0281717872700754e-06
46850.056 1.1323966249301186e-06
46900.056 1.0579628865798766e-06
46950.056 1.203439535799994e-06
47000.056 9.971935946300246e-07
47050.056 1.192579797439913e-06
47100.056 9.22546979110063e-07
47150.056 1.039138140950035e-06
47200.056 1.1133711225401454e-06
47250.056 9.947533993099487e-07
47300.056 1.025133508879891e-06
47350.056 9.327590346899377e-07
47400.056 1.1174872577599124e-06
47450.056 9.641096949699764e-07
47500.056 1.1199767708499244e-06
47550.056 9.681626024299588e-07
47600.056 1.1094610447999238e-06
47650.056 8.853871445598925e-07
47700.056 1.1188454205200424e-06
47750.056 8.328895147001172e-07
47800.056 1.095386999779963e-06
47850.056 8.405338499299626e-07
47900.056 1.0602342621099866e-06
47950.056 8.938793756200759e-07
48000.056 1.186727525449984e-06
48050.056 9.466114034000745e-07
48100.056 1.0518353035599823e-06
48150.056 9.345496196801161e-07
48200.056 1.0898996770100544e-06
48250.056 9.242631303600501e-07
48300.056 1.1854363755998957e-06
48350.056 8.668538759499295e-07
48400.056 1.0149705374799636e-06
48450.056 8.905770073100303e-07
48500.056 1.1891265638899943e-06
48550.056 8.541421177099734e-07
48600.056 1.1421800173099491e-06
48650.056 8.8904231097997e-07
48700.056 1.1486726674300538e-06
48750.056 8.012597760200398e-07
48800.056 1.1806464286300447e-06
48850.056 8.528804094698439e-07
48900.056 1.1589931514500717e-06
48950.056 9.937674484599903e-07
49000.056 9.637313291499695e-07
49050.056 1.0979002060299617e-06
49100.056 9.78296101360046e-07
49150.056 1.0413750688299412e-06
49200.056 9.65143911139966e-07
49250.056 1.0475418981200318e-06
49300.056 9.240738090999422e-07
49350.056 9.762597429800029e-07
49400.056 1.098027689509985e-06
49450.056 9.745492524101832e-07
49500.056 1.0024211322999997e-06
49550.056 8.782984259499435e-07
49600.056 9.75080840610123e-07
49650.056 1.0100902860199339e-06
49700.056 9.101944200199111e-07
49750.056 1.2924606107599226e-06
49800.056 9.54176991870006e-07
49850.056 1.2142917360400853e-06
49900.056 1.009263707019997e-06
49950.056 1.0283989198199168e-06
50000.056 1.0499203776298234e-06
50050.056 1.0163898713800382e-06
50100.056 1.1435765887199383e-06
50150.056 9.24274827120007e-07
50200.056 8.702063415000698e-07
50250.056 1.0675061392300015e-06
50300.056 9.5878971051998e-07
50350.056 1.197310155240005e-06
50400.056 9.83871053579913e-07
50450.056 9.857166337101114e-07
50500.056 1.2128772688000948e-06
50550.056 1.0283472663400167e-06
50600.056 1.0757949885399367e-06
50650.056 1.0375380619101031e-06
50700.056 1.1885354536899222e-06
50750.056 1.2208581298001023e-06
50800.056 8.560998343898815e-07
50850.056 1.037816019020091e-06
50900.056 1.1681392578699298e-06
50950.056 1.1054520493701765e-06
51000.056 1.314010819870102e-06
51050.056 1.038682403540036e-06
51100.056 9.59588056799939e-07
51150.056 1.1055401550999782e-06
51200.056 1.1073365812800045e-06
51250.056 1.150697636640013e-06
51300.056 9.316168236702014e-07
51350.056 1.1088919483199069e-06
51400.056 9.829525519099002e-07
51450.056 7.923972040498858e-07
51500.056 9.860213932701046e-07
51550.056 1.2936061101400771e-06
51600.056 9.071242029400381e-07
51650.056 1.06118730678989e-06
51700.056 1.0664038188097577e-06
51750.056 9.427169422400245e-07
51800.056 1.1902859784497938e-06
51850.056 1.1008561180699075e-06
51900.056 1.2448085160401133e-06
51950.056 1.1317582239099354e-06
52000.056 8.761648294199627e-07
52050.056 1.0672326885099646e-06
52100.056 9.816572140399582e-07
52150.056 9.657214053400286e-07
52200.056 9.456293848500073e-07
52250.056 1.023812701539997e-06
52300.056 1.2150680101599757e-06
52350.056 1.1675251291800521e-06
52400.056 8.868846150501042e-07
52450.056 1.0377723146500366e-06
52500.056 1.1868601741598514e-06
52550.056 1.1235634137298509e-06
52600.056 1.0889234865200686e-06
52650.056 1.1887498049601167e-06
52700.056 1.0024595371900323e-06
52750.056 8.828469547599607e-07
52800.056 9.552578112300674e-07
52850.056 9.507702672898858e-07
52900.056 1.0384809254699718e-06
52950.056 1.0130816695599656e-06
53000.056 1.1857744853700096e-06
53050.056 9.603574893498206e-07
53100.056 1.037874885429926e-06
53150.056 1.2658699634100783e-06
53200.056 8.248108392300215e-07
53250.056 1.1591003824300238e-06
53300.056 1.177539698400347e-06
53350.056 1.1657711076999116e-06
53400.056 1.1356793703200329e-06
53450.056 9.640759953000215e-07
53500.056 7.804584799698962e-07
53550.056 1.0086483676299583e-06
