galfind/configs/Brown_Dwarf_templates/sonora_bobcat/m0.0/3160g/sp_t550g3160nc_m0.0_resample.dat
# %ECSV 1.0
# ---
# datatype:
# - {name: wav, unit: Angstrom, datatype: float64}
# - {name: flux_nu, unit: erg / (cm2 Hz s), datatype: float64}
# meta: {C/O: '1.00', Kzz: '1.0000E+05', Teff: '550.', Y: '0.28', '[Fe/H]': '0.00', f_hole: '1.00', f_rain: '0.00', grav: '3160.'}
# schema: astropy-2.0
wav flux_nu
4000.0559999999996 nan
4050.0559999999996 1.0037944434887293e-16
4100.056 8.860798298590176e-15
4150.056 8.602318934300093e-14
4200.056 1.0571959896660073e-13
4250.056 8.325108943000074e-13
4300.056 1.9589465356000096e-12
4350.056 3.5741174232000136e-12
4400.056 5.9029815418000205e-12
4450.056 9.152983732400032e-12
4500.056 1.3207989000000033e-11
4550.056 1.4820666770499948e-11
4600.056 6.093255807099983e-12
4650.056 3.7615742998999816e-12
4700.056 1.7366937595899835e-12
4750.056 4.539430870099941e-13
4800.056 1.3493645634299883e-13
4850.056 6.066647140599964e-14
4900.056 3.873613803399986e-14
4950.056 2.684260804099989e-14
5000.056 1.6390576329999907e-14
5050.056 1.0807925298999983e-14
5100.056 1.0480230456000009e-14
5150.056 1.0677567643000001e-14
5200.056 1.1076673018000007e-14
5250.056 1.1406454058000004e-14
5300.056 1.1776894212000006e-14
5350.056 1.2280531579000005e-14
5400.056 1.2832483279000008e-14
5450.056 1.3517159830000013e-14
5500.056 1.428730557100001e-14
5550.056 1.5099710539000007e-14
5600.056 1.584678010100001e-14
5650.056 1.6405444389000003e-14
5700.056 1.6448934253e-14
5750.056 1.5912373369999986e-14
5800.056 1.4084615186999961e-14
5850.056 9.886570901299896e-15
5900.056 3.282839927585101e-15
5950.056 1.913612547000027e-14
6000.056 3.967293131900028e-14
6050.056 6.955979492300047e-14
6100.056 1.1152669940900073e-13
6150.056 1.7146681526000103e-13
6200.056 2.5717411670000134e-13
6250.056 3.7380614220000186e-13
6300.056 5.414017670200026e-13
6350.056 7.742543589500037e-13
6400.056 1.0951883805100055e-12
6450.056 1.4863151332000037e-12
6500.056 2.0576446993000133e-12
6550.056 2.8490139254000045e-12
6600.056 3.9057618813000285e-12
6650.056 5.3237530713000275e-12
6700.056 6.673459180300028e-12
6750.056 9.046397778300033e-12
6800.056 1.0726015129000023e-11
6850.056 1.0903427601999987e-11
6900.056 9.069405788299967e-12
6950.056 7.136369464299996e-12
7000.056 6.845088896699972e-12
7050.056 7.0317239774999964e-12
7100.056 7.588704331499994e-12
7150.056 7.1197005578999274e-12
7200.056 6.574320310800039e-12
7250.056 6.632733752999839e-12
7300.056 6.346651194800114e-12
7350.056 6.584507430099997e-12
7400.056 6.8171387762000265e-12
7450.056 7.169238589300045e-12
7500.056 7.3672643304e-12
7550.056 7.379277290399998e-12
7600.056 7.20738345509999e-12
7650.056 3.5772411248899164e-12
7700.056 3.3095858711900714e-12
7750.056 7.931677778300083e-12
7800.056 1.0751755912200068e-11
7850.056 1.504648825200003e-11
7900.056 1.9624522786000103e-11
7950.056 2.2512373696000138e-11
8000.056 3.27538768530002e-11
8050.056 4.194450403500024e-11
8100.056 4.674598929199974e-11
8150.056 5.147744964200081e-11
8200.056 7.603922443200121e-11
8250.056 9.068199805400068e-11
8300.056 1.1355002969800189e-10
8350.056 1.402186716050007e-10
8400.056 1.7601061892000142e-10
8450.056 2.258452488900014e-10
8500.056 2.6616224960999875e-10
8550.056 3.3294350277000584e-10
8600.056 4.13118084450003e-10
8650.056 4.911876726500034e-10
8700.056 5.705962402100039e-10
8750.056 6.660693322200045e-10
8800.056 7.611453808100035e-10
8850.056 8.194477403499977e-10
8900.056 6.458240407599892e-10
8950.056 5.923089005000035e-10
9000.056 6.779194880799929e-10
9050.056 1.1785887620100142e-09
9100.056 1.3250843456400403e-09
9150.056 1.4834301367600052e-09
9200.056 1.819353974770036e-09
9250.056 1.7541429581999392e-09
9300.056 2.9382133337859254e-10
9350.056 4.710675393331618e-10
9400.056 1.4009820290287448e-09
9450.056 1.0368099248569315e-09
9500.056 1.003010886058585e-09
9550.056 1.0981653479528495e-09
9600.056 1.2841481053581749e-09
9650.056 1.827212838384131e-09
9700.056 3.1280811792699106e-09
9750.056 3.4479336314802272e-09
9800.056 4.201119815849946e-09
9850.056 5.151657897099957e-09
9900.056 6.480889304700127e-09
9950.056 7.274609505600075e-09
10000.056 6.044993229670016e-09
10050.056 8.101468541299996e-09
10100.056 8.53201808740003e-09
10150.056 8.346385109699978e-09
10200.056 7.958330550800128e-09
10250.056 9.063675788000083e-09
10300.056 1.0569246093599798e-08
10350.056 9.763611998200168e-09
10400.056 1.1432881570300043e-08
10450.056 1.2610588931999767e-08
10500.056 1.354904404299999e-08
10550.056 1.4610841872000036e-08
10600.056 1.512081578500002e-08
10650.056 1.5308497124000012e-08
10700.056 1.5013946352999992e-08
10750.056 1.501843054499997e-08
10800.056 1.4764985968000046e-08
10850.056 1.4164154471999992e-08
10900.056 1.2478250703899819e-08
10950.056 8.690851240399915e-09
11000.056 5.771570504599649e-09
11050.056 3.1344064603199734e-09
11100.056 1.4792144724523378e-09
11150.056 6.821679818241634e-10
11200.056 6.681304758641593e-10
11250.056 1.1275274485440361e-09
11300.056 1.420618507393412e-09
11350.056 5.473855370943624e-10
11400.056 2.1889060729831186e-09
11450.056 1.2126497488142774e-09
11500.056 1.2789993147312203e-09
11550.056 5.539802690469036e-10
11600.056 4.399770005258954e-10
11650.056 1.0369190476828898e-09
11700.056 1.2928710228398654e-09
11750.056 7.146330924260324e-10
11800.056 2.2686814938699727e-09
11850.056 3.188693039300017e-09
11900.056 3.9123217057999685e-09
11950.056 4.993942341300123e-09
12000.056 6.293854230700122e-09
12050.056 7.945810437800127e-09
12100.056 9.184368315799977e-09
12150.056 1.1140886740799932e-08
12200.056 1.2414656726600053e-08
12250.056 1.4672162706899849e-08
12300.056 1.7946143491000313e-08
12350.056 1.9666927631000096e-08
12400.056 2.341283950000004e-08
12450.056 2.7304525760000192e-08
12500.056 3.014662938200029e-08
12550.056 3.33184950100002e-08
12600.056 3.7128926117000255e-08
12650.056 4.022472561700012e-08
12700.056 4.135932243499997e-08
12750.056 3.7281128888000075e-08
12800.056 3.2905291099999736e-08
12850.056 2.6365263385999637e-08
12900.056 2.299562062299984e-08
12950.056 2.0641463241600317e-08
13000.056 2.1177119865000657e-08
13050.056 1.7101892910199882e-08
13100.056 1.7602786745498936e-08
13150.056 1.2866094347780817e-08
13200.056 1.2748719857799448e-08
13250.056 9.46020693099178e-09
13300.056 4.249912653246942e-09
13350.056 1.4305806414219336e-09
13400.056 2.438752552633789e-10
13450.056 7.656881707838532e-11
13500.056 2.925057072054943e-11
13550.056 1.0089164011981824e-11
13600.056 4.485303780661567e-12
13650.056 2.2841630036913413e-11
13700.056 1.3826683610871637e-11
13750.056 5.024310138111318e-11
13800.056 5.6397768900458215e-11
13850.056 1.833803208790856e-11
13900.056 2.6959999456314084e-11
13950.056 2.6696751939090205e-11
14000.056 4.0187462963794565e-11
14050.056 5.1594547853934025e-11
14100.056 4.0938641669883805e-11
14150.056 7.962911946861611e-11
14200.056 5.5740479917472105e-11
14250.056 7.263396399633935e-11
14300.056 2.2271964083225809e-10
14350.056 1.897149097636381e-10
14400.056 1.8693965367503832e-10
14450.056 3.5849270974899054e-10
14500.056 7.226403776959668e-10
14550.056 7.84680409455162e-10
14600.056 1.4697950060800692e-09
14650.056 8.457359973623241e-10
14700.056 4.2570983937754445e-10
14750.056 3.8960311616146286e-10
14800.056 4.3480305237167967e-10
14850.056 4.813198093263706e-10
14900.056 4.958454550454087e-10
14950.056 5.42085964772917e-10
15000.056 1.0806612599079047e-09
15050.056 1.2444598865589696e-09
15100.056 8.075247292342363e-10
15150.056 5.320566976756191e-10
15200.056 1.1118148360920693e-09
15250.056 1.8878328363141977e-09
15300.056 2.3768581407869796e-09
15350.056 2.922927372220066e-09
15400.056 3.7198608872003353e-09
15450.056 4.55561314645034e-09
15500.056 5.788601083699633e-09
15550.056 7.694985532600492e-09
15600.056 1.0383781074699745e-08
15650.056 1.3891839667100676e-08
15700.056 1.795586998100013e-08
15750.056 2.0256158072000226e-08
15800.056 2.2678034120999997e-08
15850.056 2.4948529822000364e-08
15900.056 2.5431665898999995e-08
15950.056 2.5512677014999883e-08
16000.056 2.2921094772999853e-08
16050.056 1.7974652340999615e-08
16100.056 1.3020913167199829e-08
16150.056 8.425537624999461e-09
16200.056 4.755897760670158e-09
16250.056 3.390647920921005e-09
16300.056 2.4753827486031445e-09
16350.056 2.7026443071516963e-09
16400.056 3.0495448363147133e-09
16450.056 3.3191959216937986e-09
16500.056 3.443328689411862e-09
16550.056 3.568660346410331e-09
16600.056 5.043786214058165e-09
16650.056 2.911553802833827e-09
16700.056 9.064520878740577e-10
16750.056 2.442322561490469e-09
16800.056 3.318586349959327e-09
16850.056 3.228258940247028e-09
16900.056 2.3024511249393073e-09
16950.056 1.765116897965116e-09
17000.056 1.2838100333121437e-09
17050.056 2.0080876230601704e-09
17100.056 2.691618090774038e-09
17150.056 2.1201296140361516e-09
17200.056 3.9474262637799885e-09
17250.056 2.5586538086294468e-09
17300.056 2.155949660349925e-09
17350.056 2.1955275957699243e-09
17400.056 2.676966775064065e-09
17450.056 2.9706003738198947e-09
17500.056 3.3814643460904174e-09
17550.056 2.6519216811778404e-09
17600.056 2.4255662713502004e-09
17650.056 1.937052810794023e-09
17700.056 1.5870520907139657e-09
17750.056 1.1602266396260926e-09
17800.056 1.60074006520441e-09
17850.056 9.102629782333172e-10
17900.056 8.193138698631998e-10
17950.056 4.867008361659152e-10
18000.056 7.531130359442854e-10
18050.056 3.5210362347213834e-10
18100.056 4.1818804420730533e-10
18150.056 3.728605488931139e-10
18200.056 2.39412359502626e-10
18250.056 7.448556606163143e-10
18300.056 1.8443889311155152e-10
18350.056 1.749471080572517e-10
18400.056 1.1911460715540167e-10
18450.056 4.654265640741514e-10
18500.056 4.2517731174195224e-10
18550.056 2.2225525570133452e-10
18600.056 2.8187233271030925e-10
18650.056 1.914486470151514e-10
18700.056 5.841815824936465e-11
18750.056 1.415562644157729e-10
18800.056 7.617671021814931e-10
18850.056 7.056564366936374e-10
18900.056 6.053060266196317e-10
18950.056 1.0464118514471776e-09
19000.056 3.188327174018939e-10
19050.056 1.6059136164911196e-10
19100.056 4.082899528352398e-10
19150.056 1.8434999703481317e-10
19200.056 3.1949559374675226e-10
19250.056 2.160540949421725e-10
19300.056 1.5052203788545566e-10
19350.056 1.5310696250140806e-10
19400.056 1.067019084760945e-10
19450.056 1.713730658038636e-10
19500.056 1.8554800617645166e-10
19550.056 2.1549631523758768e-10
19600.056 3.6265208937279546e-10
19650.056 3.5316041636617045e-10
19700.056 4.4707120619708966e-10
19750.056 6.082263987705118e-10
19800.056 4.3478761910569735e-10
19850.056 6.089407129392102e-10
19900.056 7.347139388967748e-10
19950.056 9.370008424689354e-10
20000.056 1.0070924637811572e-09
20050.056 9.507880239096243e-10
20100.056 1.3948103242822975e-09
20150.056 1.001017468159231e-09
20200.056 8.110143043739322e-10
20250.056 1.2966977269806531e-09
20300.056 1.3875150262550572e-09
20350.056 1.4562856655588138e-09
20400.056 1.4706838389699735e-09
20450.056 2.1023957612002865e-09
20500.056 2.295222028599875e-09
20550.056 2.442431068000035e-09
20600.056 2.6021679061001415e-09
20650.056 2.8624149330999488e-09
20700.056 3.0226465428000155e-09
20750.056 3.1205665975999614e-09
20800.056 3.108299074099854e-09
20850.056 3.294749175800025e-09
20900.056 3.3428844023999584e-09
20950.056 3.2982063905000346e-09
21000.056 3.260276763700011e-09
21050.056 3.3181591701999683e-09
21100.056 3.2662179069000115e-09
21150.056 3.2589265872999373e-09
21200.056 3.1899792287000375e-09
21250.056 3.1106367565998778e-09
21300.056 2.952444567800004e-09
21350.056 2.859366631839939e-09
21400.056 2.8909514618001573e-09
21450.056 2.5906290561400627e-09
21500.056 2.430404284585045e-09
21550.056 2.302188817069944e-09
21600.056 2.1285570897910054e-09
21650.056 1.8491839501769143e-09
21700.056 1.8437120027998993e-09
21750.056 1.624035136148982e-09
21800.056 1.275598589403994e-09
21850.056 1.1511791117041361e-09
21900.056 9.081607497900985e-10
21950.056 5.504912777719386e-10
22000.056 1.3222088628982872e-10
22050.056 1.8720447576683785e-10
22100.056 4.864324815797347e-10
22150.056 3.7536639244338727e-10
22200.056 3.9180515828454405e-10
22250.056 3.471773418491694e-10
22300.056 1.9982375483802154e-10
22350.056 2.5675359204123213e-10
22400.056 1.206696087192188e-10
22450.056 1.6575133202564773e-10
22500.056 1.3547289109988484e-10
22550.056 8.760384561190649e-11
22600.056 7.562515273638349e-11
22650.056 1.0793766841620802e-10
22700.056 1.0667873448394095e-10
22750.056 1.3406072889706092e-10
22800.056 1.5932275983962006e-10
22850.056 1.103116147220886e-10
22900.056 9.90903569919549e-11
22950.056 8.277189589372503e-11
23000.056 9.832147174313765e-11
23050.056 1.2141180182809167e-10
23100.056 4.69928852816917e-10
23150.056 3.674811068195144e-10
23200.056 3.1750334578696674e-11
23250.056 1.240200689208315e-10
23300.056 9.973736624696002e-11
23350.056 1.161449436641215e-10
23400.056 8.347096884378444e-11
23450.056 6.65944330106244e-11
23500.056 7.053652247252082e-11
23550.056 1.4215869218618155e-10
23600.056 2.541448946157163e-10
23650.056 3.142639895943997e-10
23700.056 6.546996816906208e-11
23750.056 8.085323465364182e-11
23800.056 3.146332927250422e-10
23850.056 2.0080296929706576e-10
23900.056 4.0202969686392246e-10
23950.056 2.3470754445133005e-10
24000.056 4.816490885842618e-10
24050.056 4.683946711763941e-10
24100.056 5.175504809614278e-10
24150.056 7.216202509462827e-10
24200.056 5.819076444768038e-10
24250.056 5.173522175200701e-10
24300.056 8.872188691409425e-10
24350.056 6.665254132112363e-10
24400.056 1.2289059491709866e-09
24450.056 1.1854562816764944e-09
24500.056 1.0442140022037786e-09
24550.056 1.604273205744137e-09
24600.056 1.668761417369868e-09
24650.056 2.075794530809808e-09
24700.056 1.4591963518019066e-09
24750.056 1.6471966652881506e-09
24800.056 1.4696321823042061e-09
24850.056 2.2062794304284098e-09
24900.056 8.676437058741239e-10
24950.056 1.7355150291778462e-09
25000.056 1.6577552516680107e-09
25050.056 8.156838782829283e-10
25100.056 1.470294025723439e-09
25150.056 6.947085076034443e-10
25200.056 9.908422463118427e-10
25250.056 3.476960738433456e-10
25300.056 5.48440102659953e-10
25350.056 2.1903656574411196e-10
25400.056 6.18539263313152e-10
25450.056 1.9593307926260272e-10
25500.056 1.7077627173796818e-10
25550.056 4.381983813688182e-10
25600.056 2.688575417192771e-10
25650.056 9.34027509766096e-11
25700.056 1.2415843523245377e-10
25750.056 3.325205789874883e-11
25800.056 1.9691535191523067e-10
25850.056 3.99247688713666e-11
25900.056 6.741851569108795e-11
25950.056 1.373478629311119e-11
26000.056 1.9571542042725718e-10
26050.056 2.3044890880307807e-11
26100.056 1.390443871365331e-10
26150.056 5.711878361062656e-11
26200.056 7.222276334321789e-11
26250.056 5.016841691208395e-10
26300.056 9.832380171136819e-11
26350.056 9.217954675269709e-10
26400.056 1.0744221082199003e-09
26450.056 6.086441383341936e-10
26500.056 1.3681024877924158e-09
26550.056 1.7703122717916753e-10
26600.056 1.974195029736225e-10
26650.056 2.997951764402988e-11
26700.056 1.8589552860751596e-11
26750.056 2.226230306475082e-11
26800.056 7.194133413440741e-11
26850.056 3.8178443095121716e-11
26900.056 1.950206092694337e-10
26950.056 6.993438349257339e-11
27000.056 3.8173778578329876e-10
27050.056 4.524216538461145e-10
27100.056 5.591751789442143e-11
27150.056 5.89603900369906e-10
27200.056 5.153885091409677e-11
27250.056 1.774246482099581e-10
27300.056 1.4081193023717054e-09
27350.056 4.1478449090533086e-10
27400.056 2.4257453003825218e-11
27450.056 5.480872244774128e-10
27500.056 7.504434789755615e-10
27550.056 9.458218303549524e-11
27600.056 3.0386332261190336e-10
27650.056 7.312229724765646e-11
27700.056 6.576968050298562e-11
27750.056 4.5553189732595495e-10
27800.056 1.4161838486443444e-10
27850.056 2.2952073007029212e-10
27900.056 2.8897623087447785e-10
27950.056 6.785404038344811e-10
28000.056 5.314920419325168e-10
28050.056 7.236698123461746e-11
28100.056 7.152030395293839e-10
28150.056 4.4226448886511577e-10
28200.056 1.2462662085017536e-10
28250.056 9.48461996911209e-10
28300.056 9.652545163071353e-10
28350.056 1.5453760782223716e-10
28400.056 6.480534531471555e-10
28450.056 1.1875843561864045e-09
28500.056 6.481062531961396e-10
28550.056 1.3876084154526674e-10
28600.056 1.1270835235859452e-09
28650.056 6.675810637596823e-10
28700.056 9.295343382248827e-10
28750.056 1.9279490772776814e-09
28800.056 8.443137731059342e-10
