galfind/configs/Brown_Dwarf_templates/sonora_bobcat/m0.0/3160g/sp_t2300g3160nc_m0.0_resample.dat
# %ECSV 1.0
# ---
# datatype:
# - {name: wav, unit: Angstrom, datatype: float64}
# - {name: flux_nu, unit: erg / (cm2 Hz s), datatype: float64}
# meta: {C/O: '1.00', Kzz: '1.0000E+05', Teff: '2300.', Y: '0.28', '[Fe/H]': '0.00', f_hole: '1.00', f_rain: '0.00', grav: '3160.'}
# schema: astropy-2.0
wav flux_nu
[from data line 501]
29050.056 2.845607277670128e-06
29100.056 2.2633842985102584e-06
29150.056 3.0126410890199858e-06
29200.056 2.5569093364301462e-06
29250.056 2.7441557286798653e-06
29300.056 2.348972546709497e-06
29350.056 3.2410523936998205e-06
29400.056 2.708578060719901e-06
29450.056 2.6297329041599604e-06
29500.056 2.74732247158984e-06
29550.056 2.7235508564901344e-06
29600.056 2.9770343723497376e-06
29650.056 2.6905525357599796e-06
29700.056 2.6468940602999637e-06
29750.056 3.0392211440105177e-06
29800.056 3.0713710022896882e-06
29850.056 2.8056061342697392e-06
29900.056 2.6622646481507363e-06
29950.056 3.233338853389628e-06
30000.056 3.072319468379506e-06
30050.056 2.8668283176001105e-06
30100.056 2.515047199589451e-06
30150.056 3.5722852198000043e-06
30200.056 3.1577651253501864e-06
30250.056 3.0748305952003516e-06
30300.056 2.914891639399798e-06
30350.056 3.137059793600489e-06
30400.056 3.5969457675003317e-06
30450.056 2.8604239788203422e-06
30500.056 2.783141907080195e-06
30550.056 3.5255601766002454e-06
30600.056 3.3360322509302122e-06
30650.056 3.4217676624801468e-06
30700.056 3.0962017728398024e-06
30750.056 3.1644773491499365e-06
30800.056 3.7928108922605537e-06
30850.056 3.293993989559913e-06
30900.056 3.0716065400999266e-06
30950.056 3.1103762175300913e-06
31000.056 3.704399164200046e-06
31050.056 3.4946010114000815e-06
31100.056 3.3364625061000125e-06
31150.056 3.46886796059953e-06
31200.056 3.3913183329996904e-06
31250.056 3.957977287500505e-06
31300.056 3.4361698685998147e-06
31350.056 3.453541118259988e-06
31400.056 3.5732843875004994e-06
31450.056 3.5945956094800414e-06
31500.056 3.6425932416001466e-06
31550.056 3.4248622003999043e-06
31600.056 3.581962910979904e-06
31650.056 3.8040423249997624e-06
31700.056 3.657928995099938e-06
31750.056 3.50439260319998e-06
31800.056 3.7919388764001456e-06
31850.056 4.081008623100197e-06
31900.056 4.061735143599697e-06
31950.056 3.506271889000044e-06
32000.056 3.539258719000296e-06
32050.056 3.9791401164004e-06
32100.056 4.116461220299581e-06
32150.056 4.107954294999876e-06
32200.056 3.952047268900007e-06
32250.056 3.847475893000074e-06
32300.056 4.030492068900014e-06
32350.056 4.343472202900635e-06
32400.056 3.967533523699897e-06
32450.056 3.958311590900225e-06
32500.056 4.228735829200156e-06
32550.056 4.57903255539995e-06
32600.056 4.437048133699755e-06
32650.056 4.3530568231005145e-06
32700.056 4.26265729610024e-06
32750.056 4.287037430399966e-06
32800.056 3.980101524900317e-06
32850.056 4.5998412545996726e-06
32900.056 4.529044651200097e-06
32950.056 4.144439946099821e-06
33000.056 4.388777505000208e-06
33050.056 4.384674187699563e-06
33100.056 4.343015099699372e-06
33150.056 4.365183097399989e-06
33200.056 4.133068267400446e-06
33250.056 4.469096231600356e-06
33300.056 4.716552888200257e-06
33350.056 4.458216598999868e-06
33400.056 4.073193300399636e-06
33450.056 4.273442900299392e-06
33500.056 4.645736612100049e-06
33550.056 4.3357659015997365e-06
33600.056 4.499524423500442e-06
33650.056 4.649357391500663e-06
33700.056 4.74059604909966e-06
33750.056 4.7111036144e-06
33800.056 4.479731103000175e-06
33850.056 4.632227698700295e-06
33900.056 5.139093482399505e-06
33950.056 4.65732623809962e-06
34000.056 4.679679622699483e-06
34050.056 4.826343046899925e-06
34100.056 4.720339934000545e-06
34150.056 4.708591922399425e-06
34200.056 4.677213303999687e-06
34250.056 5.094628364099681e-06
34300.056 4.780153789499774e-06
34350.056 4.837302705199916e-06
34400.056 4.864115645199819e-06
34450.056 4.429371859900306e-06
34500.056 5.121938099900586e-06
34550.056 4.760864546299898e-06
34600.056 4.819618403699918e-06
34650.056 4.965397783500184e-06
34700.056 5.0028620853993765e-06
34750.056 5.194825325900219e-06
34800.056 5.004001447699787e-06
34850.056 4.777148769099867e-06
34900.056 4.940345865199994e-06
34950.056 4.955305737799565e-06
35000.056 4.78466548769974e-06
35050.056 5.5026521797005125e-06
35100.056 5.0572495778996974e-06
35150.056 5.180887745599816e-06
35200.056 5.070985819199972e-06
35250.056 4.9252964833003944e-06
35300.056 5.175494883300292e-06
35350.056 5.287011947599954e-06
35400.056 4.968443285099651e-06
35450.056 5.038675968800168e-06
35500.056 5.359328662999998e-06
35550.056 5.218713757499795e-06
35600.056 4.985203609999432e-06
35650.056 5.4497638339003896e-06
35700.056 5.092953596000183e-06
35750.056 5.1361765356996706e-06
35800.056 5.4067657564997735e-06
35850.056 5.2943266249001405e-06
35900.056 5.594584810899811e-06
35950.056 5.2933339430997294e-06
36000.056 5.105852736899667e-06
36050.056 5.551387036400267e-06
36100.056 5.684027852799651e-06
36150.056 5.037211154000446e-06
36200.056 5.516055392499729e-06
36250.056 5.293387331199635e-06
36300.056 5.744430038000284e-06
36350.056 5.384048997799517e-06
36400.056 5.471015247900038e-06
36450.056 5.83827865349973e-06
36500.056 5.430280862000173e-06
36550.056 5.4435110879004965e-06
36600.056 5.32601890070016e-06
36650.056 5.556221837300221e-06
36700.056 5.8639087770999235e-06
36750.056 5.289059144500236e-06
36800.056 5.56046089229992e-06
36850.056 5.746759324900116e-06
36900.056 5.630484225800331e-06
36950.056 5.6003932776999565e-06
37000.056 5.711056193499899e-06
37050.056 5.835367385499787e-06
37100.056 5.656501324200325e-06
37150.056 5.712129312699432e-06
37200.056 5.749840076799941e-06
37250.056 5.825075196699976e-06
37300.056 5.898512594900481e-06
37350.056 5.549273067500413e-06
37400.056 5.779815360499952e-06
37450.056 5.645227537800146e-06
37500.056 5.958331115499798e-06
37550.056 5.7777434057994614e-06
37600.056 5.989362803499764e-06
37650.056 5.716655151399865e-06
37700.056 5.92388623249996e-06
37750.056 5.91160047539977e-06
37800.056 5.98317653739986e-06
37850.056 5.9291386138999445e-06
37900.056 5.930738621100258e-06
37950.056 5.95473145200015e-06
38000.056 5.998587223000255e-06
38050.056 5.9304443122002325e-06
38100.056 5.77230882720019e-06
38150.056 6.068627051299856e-06
38200.056 6.0568424806997866e-06
38250.056 5.781131334800336e-06
38300.056 5.740429780599983e-06
38350.056 5.893709035399982e-06
38400.056 5.990052639599897e-06
38450.056 6.088125298800155e-06
38500.056 5.8745970353998995e-06
38550.056 5.956241155200249e-06
38600.056 6.303323205599925e-06
38650.056 5.81162409260002e-06
38700.056 5.811986902600465e-06
38750.056 6.046635076199965e-06
38800.056 5.947704183400448e-06
38850.056 6.008240690600003e-06
38900.056 5.760057319499932e-06
38950.056 6.017038655599991e-06
39000.056 5.937685198600068e-06
39050.056 5.996194053999948e-06
39100.056 5.73656050230006e-06
39150.056 5.871958735700112e-06
39200.056 5.9537251800000675e-06
39250.056 5.926774765599649e-06
39300.056 5.934161181599622e-06
39350.056 5.876819243200276e-06
39400.056 5.851321022500083e-06
39450.056 5.906396285799946e-06
39500.056 5.745424224399858e-06
39550.056 5.674122143899513e-06
39600.056 6.00613108949999e-06
39650.056 5.6005918039001345e-06
39700.056 5.698818099199971e-06
39750.056 5.7939439822997025e-06
39800.056 5.447423862100202e-06
39850.056 5.709267745999848e-06
39900.056 5.5117641460998386e-06
39950.056 5.705979808699851e-06
40000.056 5.361346895499797e-06
40050.056 5.252493622699975e-06
40100.056 5.49412831179991e-06
40150.056 5.217265156299439e-06
40200.056 5.409487169299904e-06
40250.056 5.162856339299056e-06
40300.056 5.14378548570031e-06
40350.056 5.238412762300115e-06
40400.056 5.228739718400073e-06
40450.056 4.980096116900201e-06
40500.056 4.766440716100186e-06
40550.056 5.285232754699674e-06
40600.056 4.675426661500241e-06
40650.056 5.0454352859003266e-06
40700.056 5.219170568300035e-06
40750.056 4.7032908996990746e-06
40800.056 4.684943360500023e-06
40850.056 4.416776841200701e-06
40900.056 4.488953624000307e-06
40950.056 4.6367880130999455e-06
41000.056 4.742915674599998e-06
41050.056 4.738129913199406e-06
41100.056 4.435929588599954e-06
41150.056 4.755040483500042e-06
41200.056 4.5298999132000756e-06
41250.056 4.601824662400174e-06
41300.056 4.1055762251996674e-06
41350.056 4.598758036300077e-06
41400.056 4.348381829800209e-06
41450.056 4.394503517700178e-06
41500.056 4.552699639300206e-06
41550.056 4.42606835840011e-06
41600.056 4.3642323483001085e-06
41650.056 4.2108091102002816e-06
41700.056 4.079899166099788e-06
41750.056 4.336802377199868e-06
41800.056 4.3960994754998545e-06
41850.056 3.822938592700333e-06
41900.056 4.3511307079997516e-06
41950.056 4.2837564888002785e-06
42000.056 4.248314137600372e-06
42050.056 3.949895828199467e-06
42100.056 4.305047729000218e-06
42150.056 3.661159252999712e-06
42200.056 3.7255992328001816e-06
42250.056 4.282332062199901e-06
42300.056 3.925861054300079e-06
42350.056 4.230223857500487e-06
42400.056 3.886368389500171e-06
42450.056 3.569286516500126e-06
42500.056 3.6353642941001284e-06
42550.056 3.7310254223999745e-06
42600.056 3.7510675949002435e-06
42650.056 3.851273326599338e-06
42700.056 3.856109691900184e-06
42750.056 3.612458439200007e-06
42800.056 3.817906036400325e-06
42850.056 3.954817196999672e-06
42900.056 3.953188753000201e-06
42950.056 3.3835280549991455e-06
43000.056 3.632963080900035e-06
43050.056 3.2764129042009356e-06
43100.056 3.460719468699892e-06
43150.056 3.461959814200445e-06
43200.056 3.2491551565999345e-06
43250.056 3.3905529247003553e-06
43300.056 3.3799748416001643e-06
43350.056 3.083116247399576e-06
43400.056 3.102758085799947e-06
43450.056 3.0563848313002615e-06
43500.056 3.0184800349996736e-06
43550.056 2.9589692536999496e-06
43600.056 3.1295772520002026e-06
43650.056 2.7585503783200352e-06
43700.056 2.8649664911000187e-06
43750.056 2.861017844100089e-06
43800.056 2.6450376277999526e-06
43850.056 2.678577347000348e-06
43900.056 2.7554853251399825e-06
43950.056 2.583152474389967e-06
44000.056 2.3980303148000178e-06
44050.056 2.3711704489000604e-06
44100.056 2.4891257264003247e-06
44150.056 2.603403884099932e-06
44200.056 2.351656418590128e-06
44250.056 2.399098893499932e-06
44300.056 2.3059230615002512e-06
44350.056 2.164164862300188e-06
44400.056 2.3018210985999134e-06
44450.056 2.366593476660123e-06
44500.056 2.257268860100194e-06
44550.056 2.0896884888796618e-06
44600.056 2.0899546959802356e-06
44650.056 2.276468631059922e-06
44700.056 2.146646802100105e-06
44750.056 2.165072854639794e-06
44800.056 2.132656299909979e-06
44850.056 2.139664030210199e-06
44900.056 2.0521538913001433e-06
44950.056 1.9380894898201113e-06
45000.056 2.095650700299987e-06
45050.056 2.069964792249828e-06
45100.056 2.1476018893000656e-06
45150.056 1.972050212190011e-06
45200.056 1.820652189829943e-06
45250.056 1.9194902479498694e-06
45300.056 2.1155597247100577e-06
45350.056 2.1193029661398313e-06
45400.056 1.9714723484602067e-06
45450.056 1.879590450919778e-06
45500.056 1.9587929003598436e-06
45550.056 2.1085162337300053e-06
45600.056 1.9476853200999614e-06
45650.056 1.8177111985997522e-06
45700.056 2.022900760400129e-06
45750.056 1.8757362869000494e-06
45800.056 1.844011410699914e-06
45850.056 2.1831267997999907e-06
45900.056 2.096548652659989e-06
45950.056 1.8861665131799824e-06
46000.056 2.2164351625199913e-06
46050.056 2.2745966580305086e-06
46100.056 1.8439974415401285e-06
46150.056 1.9534855697098535e-06
46200.056 2.086899952840428e-06
46250.056 1.77617826969001e-06
46300.056 2.268555430670023e-06
46350.056 1.985707310649863e-06
46400.056 2.019542595579824e-06
46450.056 2.044185118860235e-06
46500.056 1.917398057919863e-06
46550.056 2.2538932279400217e-06
46600.056 2.1247809267100847e-06
46650.056 2.5443676244398384e-06
46700.056 2.5040381255407617e-06
46750.056 2.018359274430052e-06
46800.056 2.143526631680253e-06
46850.056 2.2733187596702075e-06
46900.056 2.127395113819723e-06
46950.056 2.4968571758900245e-06
47000.056 2.0850065497300347e-06
47050.056 2.3842317199498513e-06
47100.056 1.9173066814000675e-06
47150.056 2.2130361846401276e-06
47200.056 2.2605302440005004e-06
47250.056 2.1116397312897366e-06
47300.056 2.286507851529647e-06
47350.056 1.8612018412398588e-06
47400.056 2.2424641172897097e-06
47450.056 2.10899417805994e-06
47500.056 2.219189824399762e-06
47550.056 2.0587105233398762e-06
47600.056 2.3002610329998283e-06
47650.056 1.7797754702097106e-06
47700.056 2.329845613019937e-06
47750.056 1.6995138491303655e-06
47800.056 2.2644975140999005e-06
47850.056 1.7297259542498458e-06
47900.056 2.296412177700037e-06
47950.056 1.8019674309502967e-06
48000.056 2.5040282152999674e-06
48050.056 1.9139059618502304e-06
48100.056 2.1635536759699198e-06
48150.056 1.8971111779401983e-06
48200.056 2.295631146170185e-06
48250.056 1.918049659720079e-06
48300.056 2.447659316899825e-06
48350.056 1.725934283189681e-06
48400.056 2.21252794299996e-06
48450.056 1.8115719952200612e-06
48500.056 2.4827726587000053e-06
48550.056 1.6960575270199706e-06
48600.056 2.4076870711998325e-06
48650.056 1.746357295999987e-06
48700.056 2.3567330576001052e-06
48750.056 1.5821449910101122e-06
48800.056 2.410608263230139e-06
48850.056 1.700252465359717e-06
48900.056 2.3463482316002033e-06
48950.056 1.9648426929799744e-06
49000.056 2.0413144533600128e-06
49050.056 2.1782976896998935e-06
49100.056 1.9729764782001043e-06
49150.056 2.0411298752599246e-06
49200.056 1.9334456374398886e-06
49250.056 2.0268223896000157e-06
49300.056 1.8123688472197686e-06
49350.056 1.9797295751999037e-06
49400.056 2.2454755476000676e-06
49450.056 1.9190655415203584e-06
49500.056 1.9913383663001338e-06
49550.056 1.7988599651998324e-06
49600.056 1.9182401943002728e-06
49650.056 2.0183809978999937e-06
49700.056 1.737125231019875e-06
49750.056 2.615109527399812e-06
49800.056 1.8858783699600303e-06
49850.056 2.4070274982601276e-06
49900.056 1.945545359620014e-06
49950.056 1.9983000527997877e-06
50000.056 2.0030715018395712e-06
50050.056 1.9663240690001305e-06
50100.056 2.200725167399904e-06
50150.056 1.8532150323700232e-06
50200.056 1.7854836904001547e-06
50250.056 1.9998676615901084e-06
50300.056 1.8159453608399152e-06
50350.056 2.2516263100099515e-06
50400.056 1.9044967997998512e-06
50450.056 1.9152167802002295e-06
50500.056 2.415737310800192e-06
50550.056 1.94087693701996e-06
50600.056 2.1139648947999798e-06
50650.056 1.963011641400291e-06
50700.056 2.246622865619789e-06
50750.056 2.359979736220184e-06
50800.056 1.676830081989806e-06
50850.056 2.0588227811001435e-06
50900.056 2.1344574498998943e-06
50950.056 2.0983480504003627e-06
51000.056 2.4818437887002008e-06
51050.056 1.9585374968601374e-06
51100.056 1.936432597899904e-06
51150.056 2.1979275101599734e-06
51200.056 1.9578748291400137e-06
51250.056 2.243183491800039e-06
51300.056 1.825248700340384e-06
51350.056 2.1603061738999375e-06
51400.056 2.091738953499672e-06
51450.056 1.5503800438297684e-06
51500.056 2.100038735280116e-06
51550.056 2.541733027900138e-06
51600.056 1.674531513989996e-06
51650.056 2.123805350099763e-06
51700.056 1.967955714149466e-06
51750.056 1.8689175678000498e-06
51800.056 2.275853428099668e-06
51850.056 2.106971017499735e-06
51900.056 2.2999951728001974e-06
51950.056 2.1189947778998437e-06
52000.056 1.7817115480499722e-06
52050.056 2.1433079092698915e-06
52100.056 2.0233629263997987e-06
52150.056 2.02555914212009e-06
52200.056 1.9584057226900874e-06
52250.056 1.9869942600599413e-06
52300.056 2.1843706069199677e-06
52350.056 2.283604111160177e-06
52400.056 1.7356076888201607e-06
52450.056 1.9617822805000634e-06
52500.056 2.25413308077967e-06
52550.056 2.059288014099669e-06
52600.056 2.145970625760069e-06
52650.056 2.3611846035102362e-06
52700.056 1.9553737638900992e-06
52750.056 1.7841827670198943e-06
52800.056 1.8953514361001158e-06
52850.056 1.8347620669099328e-06
52900.056 2.1220967954400144e-06
52950.056 1.9447218863998573e-06
53000.056 2.23084830215992e-06
53050.056 2.0453607221496546e-06
53100.056 1.9498824543998197e-06
53150.056 2.3395644367002673e-06
53200.056 1.6578217126901853e-06
53250.056 2.1910081107000146e-06
53300.056 2.233689089400517e-06
53350.056 2.2315422881997403e-06
53400.056 2.0471777703001073e-06
53450.056 1.9558688071500576e-06
53500.056 1.6442831909098122e-06
53550.056 2.096008573679978e-06
53600.056 2.1981268448102575e-06
53650.056 1.7795265870801607e-06
