galfind/configs/Brown_Dwarf_templates/sonora_bobcat/m-0.5/10g/sp_t1500g10nc_m-0.5_resample.dat
# %ECSV 1.0
# ---
# datatype:
# - {name: wav, unit: Angstrom, datatype: float64}
# - {name: flux_nu, unit: erg / (cm2 Hz s), datatype: float64}
# meta: {C/O: '1.00', Kzz: '1.0000E+05', Teff: '1500.', Y: '0.28', '[Fe/H]': '-0.50', f_hole: '1.00', f_rain: '0.00', grav: '10.'}
# schema: astropy-2.0
wav flux_nu
[from data line 500]
29000.056 6.167961680928273e-07
29050.056 6.384202153418633e-07
29100.056 5.251251012880744e-07
29150.056 6.923360888191953e-07
29200.056 6.050288613191924e-07
29250.056 7.211662870840225e-07
29300.056 5.66010970473665e-07
29350.056 8.342962069777908e-07
29400.056 6.417005614938453e-07
29450.056 6.782294330749734e-07
29500.056 7.043205667849034e-07
29550.056 6.740721063550286e-07
29600.056 7.31791315948869e-07
29650.056 7.063148179519253e-07
29700.056 6.096712850888317e-07
29750.056 7.885955143424684e-07
29800.056 7.929264428609662e-07
29850.056 7.691280919019007e-07
29900.056 6.936445540012055e-07
29950.056 8.096125274698722e-07
30000.056 8.006577810078531e-07
30050.056 7.473548251998984e-07
30100.056 6.228773451938033e-07
30150.056 9.285841083599201e-07
30200.056 7.922871496200585e-07
30250.056 8.328687338802851e-07
30300.056 8.041561539099063e-07
30350.056 7.254788210400851e-07
30400.056 8.899709215901344e-07
30450.056 7.072809451140734e-07
30500.056 6.238015816901187e-07
30550.056 8.044684558202006e-07
30600.056 7.964242896500968e-07
30650.056 7.740072685999213e-07
30700.056 7.212504480740133e-07
30750.056 6.74510364520018e-07
30800.056 7.243422905301445e-07
30850.056 6.09158659329892e-07
30900.056 6.409423429299188e-07
30950.056 5.830598740241065e-07
31000.056 5.823432680199559e-07
31050.056 5.698727446099925e-07
31100.056 5.170706472999557e-07
31150.056 5.74128769289909e-07
31200.056 5.895772530499864e-07
31250.056 5.396340793199782e-07
31300.056 5.10179645703927e-07
31350.056 4.773426979219896e-07
31400.056 4.437006246641033e-07
31450.056 4.362414330199581e-07
31500.056 4.473263721549469e-07
31550.056 4.302946772600145e-07
31600.056 3.990334030949552e-07
31650.056 3.899777501699829e-07
31700.056 3.881079381099616e-07
31750.056 3.5531496914611186e-07
31800.056 4.137718565699598e-07
31850.056 3.8236811869404715e-07
31900.056 4.3691322225998173e-07
31950.056 3.231879899190203e-07
32000.056 3.870707075649654e-07
32050.056 4.299055934290298e-07
32100.056 4.157251497760272e-07
32150.056 4.484575982399598e-07
32200.056 4.0463554417298576e-07
32250.056 4.830270385800631e-07
32300.056 4.196286096899787e-07
32350.056 5.167041461800005e-07
32400.056 3.998421400799889e-07
32450.056 4.991386583798322e-07
32500.056 5.209774943311195e-07
32550.056 5.493596343000121e-07
32600.056 5.58619620535978e-07
32650.056 6.335109577300556e-07
32700.056 6.014125824600857e-07
32750.056 6.23679046039999e-07
32800.056 6.092829729290115e-07
32850.056 6.573499103498359e-07
32900.056 7.252534887099428e-07
32950.056 6.33502272949913e-07
33000.056 6.325086743699259e-07
33050.056 5.75668077740098e-07
33100.056 4.7600970454992536e-07
33150.056 3.3924240412301083e-07
33200.056 2.381970568799396e-07
33250.056 1.859524951799347e-07
33300.056 1.6991698066002388e-07
33350.056 1.9483103707000342e-07
33400.056 2.1221467212996982e-07
33450.056 2.423943994189935e-07
33500.056 2.97613846320057e-07
33550.056 3.2869392324005205e-07
33600.056 3.9626578522001966e-07
33650.056 4.5905244925005626e-07
33700.056 4.756227240599459e-07
33750.056 5.985653399600008e-07
33800.056 5.98406484637907e-07
33850.056 6.464486518599424e-07
33900.056 6.32593278309906e-07
33950.056 5.748584632699525e-07
34000.056 6.315140364798902e-07
34050.056 5.843567989598467e-07
34100.056 6.923373953599461e-07
34150.056 6.255872080398539e-07
34200.056 5.175090975897918e-07
34250.056 6.410805877197942e-07
34300.056 5.511266726795847e-07
34350.056 4.809686722799729e-07
34400.056 4.942903799500165e-07
34450.056 5.731868345099539e-07
34500.056 5.593560015600017e-07
34550.056 5.225490484299968e-07
34600.056 6.270678934500431e-07
34650.056 6.086327320199371e-07
34700.056 5.733809773298789e-07
34750.056 6.407596445400702e-07
34800.056 6.334925401997467e-07
34850.056 5.595526588100011e-07
34900.056 6.821538869800477e-07
34950.056 5.895694896798478e-07
35000.056 7.197584649500238e-07
35050.056 6.470111862598664e-07
35100.056 6.313415782398475e-07
35150.056 7.046638391399836e-07
35200.056 7.001772877900951e-07
35250.056 7.126040949899062e-07
35300.056 7.020617604600901e-07
35350.056 6.728907139298694e-07
35400.056 7.010199662901334e-07
35450.056 5.499781228803422e-07
35500.056 7.783673892499952e-07
35550.056 7.523701906199356e-07
35600.056 6.785060546200891e-07
35650.056 8.352287622200388e-07
35700.056 6.940507474800868e-07
35750.056 7.883923323297218e-07
35800.056 9.694372917400066e-07
35850.056 7.842560495099181e-07
35900.056 9.919820214998152e-07
35950.056 9.193938593400653e-07
36000.056 8.783159065199834e-07
36050.056 9.995545909400422e-07
36100.056 1.0165425251593181e-06
36150.056 9.750848341301073e-07
36200.056 1.1254097761898541e-06
36250.056 1.0133242238497907e-06
36300.056 1.2070136252202517e-06
36350.056 1.1270944509098842e-06
36400.056 1.086239607520034e-06
36450.056 1.2647906367799334e-06
36500.056 1.1965999207399816e-06
36550.056 1.224100863990435e-06
36600.056 1.2987022589200776e-06
36650.056 1.3362405845598446e-06
36700.056 1.4248583837899777e-06
36750.056 1.3942446570102307e-06
36800.056 1.4422468808999021e-06
36850.056 1.4434888209600923e-06
36900.056 1.4661460409102438e-06
36950.056 1.5626361800198591e-06
37000.056 1.6158547466399537e-06
37050.056 1.5702983062999217e-06
37100.056 1.6439436469402605e-06
37150.056 1.6087882401197985e-06
37200.056 1.6912897290600844e-06
37250.056 1.7390741480999986e-06
37300.056 1.6611913401299433e-06
37350.056 1.5984378082103123e-06
37400.056 1.7754114156397902e-06
37450.056 1.7164155757101753e-06
37500.056 1.7464826194398025e-06
37550.056 1.7986627227598005e-06
37600.056 1.911257439859802e-06
37650.056 1.7668984963999186e-06
37700.056 1.8861444610600767e-06
37750.056 1.8951221555799282e-06
37800.056 1.971284039200177e-06
37850.056 1.8257760371399137e-06
37900.056 1.9059985727002256e-06
37950.056 1.9080529049999595e-06
38000.056 1.9618898795901986e-06
38050.056 1.9839125085600788e-06
38100.056 1.8746822921002387e-06
38150.056 2.1296063947998083e-06
38200.056 2.1833699785998605e-06
38250.056 1.930091158220318e-06
38300.056 1.9713133695699454e-06
38350.056 2.0862690754998536e-06
38400.056 2.042894614279742e-06
38450.056 2.184714427400111e-06
38500.056 2.0603741396000205e-06
38550.056 2.125577635850063e-06
38600.056 2.3097043799998085e-06
38650.056 2.0558081357000603e-06
38700.056 2.135777709540374e-06
38750.056 2.1727414021000227e-06
38800.056 2.1578260924000343e-06
38850.056 2.0918051485901665e-06
38900.056 2.0897010900998796e-06
38950.056 2.251573284799859e-06
39000.056 2.1497242944000695e-06
39050.056 2.225882131999858e-06
39100.056 2.071785537500169e-06
39150.056 2.1633868222000486e-06
39200.056 2.2852288241601046e-06
39250.056 2.2597414670995305e-06
39300.056 2.2017619734194967e-06
39350.056 2.2389240948502265e-06
39400.056 2.2169638300000563e-06
39450.056 2.2035239506998576e-06
39500.056 2.1459209890698572e-06
39550.056 2.1391165339897924e-06
39600.056 2.3344178420998755e-06
39650.056 2.093575734699948e-06
39700.056 2.1818446597998735e-06
39750.056 2.125915978839803e-06
39800.056 2.060691338500028e-06
39850.056 2.125441953199839e-06
39900.056 2.1099937065601352e-06
39950.056 2.206273377199843e-06
40000.056 2.0011968861799627e-06
40050.056 1.942105553400018e-06
40100.056 2.0596580296798943e-06
40150.056 1.934976032719616e-06
40200.056 1.979517212619749e-06
40250.056 1.9436849066095052e-06
40300.056 1.842262753580196e-06
40350.056 2.0204812892002057e-06
40400.056 1.9636159047500805e-06
40450.056 1.8886238643003454e-06
40500.056 1.7408681419201987e-06
40550.056 2.019953435699902e-06
40600.056 1.7802639488702675e-06
40650.056 1.8166825567300195e-06
40700.056 1.9404155590800924e-06
40750.056 1.7450127694193244e-06
40800.056 1.6793846035202588e-06
40850.056 1.67062966780038e-06
40900.056 1.649226667820188e-06
40950.056 1.7619927058199825e-06
41000.056 1.754353520199999e-06
41050.056 1.736766443919754e-06
41100.056 1.6617617192900796e-06
41150.056 1.7050227051400487e-06
41200.056 1.6658947691100577e-06
41250.056 1.6732915944801198e-06
41300.056 1.4705383164397162e-06
41350.056 1.7553725866000424e-06
41400.056 1.6261127563601646e-06
41450.056 1.6206194956101918e-06
41500.056 1.661990060040054e-06
41550.056 1.632577598629969e-06
41600.056 1.7294798401100282e-06
41650.056 1.5605394073803301e-06
41700.056 1.4896736645797761e-06
41750.056 1.5490448766599217e-06
41800.056 1.584824299829684e-06
41850.056 1.3695642416102785e-06
41900.056 1.6233735533498696e-06
41950.056 1.454219301150392e-06
42000.056 1.513027757080163e-06
42050.056 1.3515261252495326e-06
42100.056 1.6217664763402263e-06
42150.056 1.2121117826495864e-06
42200.056 1.327120168950046e-06
42250.056 1.4145814242900016e-06
42300.056 1.2181702303000617e-06
42350.056 1.4874732594503378e-06
42400.056 1.2641518512603197e-06
42450.056 1.0952417272500922e-06
42500.056 1.1846626467402281e-06
42550.056 1.235622712459973e-06
42600.056 1.1952936827403447e-06
42650.056 1.108003096899382e-06
42700.056 1.248230321660426e-06
42750.056 1.1421948737700292e-06
42800.056 1.1201792593803268e-06
42850.056 1.2408197366196909e-06
42900.056 1.1688233793200873e-06
42950.056 1.0630506760694953e-06
43000.056 1.106000193580024e-06
43050.056 9.980656249605318e-07
43100.056 1.0834938740000967e-06
43150.056 1.0995645081802143e-06
43200.056 1.0942136821801333e-06
43250.056 1.0710032684299238e-06
43300.056 1.1352188837900509e-06
43350.056 9.923739258799423e-07
43400.056 1.0322066413998903e-06
43450.056 1.04229270423031e-06
43500.056 1.0283000193598634e-06
43550.056 1.0785620941700542e-06
43600.056 1.1267130163900618e-06
43650.056 9.811452186200837e-07
43700.056 9.438138445298437e-07
43750.056 1.0096136823301797e-06
43800.056 9.41688839060078e-07
43850.056 9.572496450302458e-07
43900.056 9.940141049699104e-07
43950.056 9.072556544201045e-07
44000.056 8.67500161130069e-07
44050.056 8.625351925800744e-07
44100.056 9.18194232860123e-07
44150.056 9.460704131798324e-07
44200.056 8.860084267200337e-07
44250.056 8.586980177800247e-07
44300.056 8.343664439501015e-07
44350.056 8.22718405090066e-07
44400.056 8.660570622299635e-07
44450.056 8.698670096100026e-07
44500.056 8.844927326601309e-07
44550.056 8.049972200498275e-07
44600.056 8.08747388010093e-07
44650.056 8.628051544300654e-07
44700.056 7.812622468400879e-07
44750.056 8.331715981399123e-07
44800.056 8.339354465599536e-07
44850.056 8.181584838800619e-07
44900.056 7.613152213200872e-07
44950.056 7.362787854600219e-07
45000.056 7.961056374299323e-07
45050.056 8.017232782699362e-07
45100.056 8.186567875499637e-07
45150.056 7.621396597799839e-07
45200.056 7.085172908000074e-07
45250.056 7.278316342999209e-07
45300.056 7.736685099200347e-07
45350.056 8.052055344099508e-07
45400.056 7.683113915500845e-07
45450.056 7.027664834698938e-07
45500.056 7.245488642299857e-07
45550.056 7.935726593999413e-07
45600.056 7.336376192699836e-07
45650.056 6.708484334198736e-07
45700.056 7.969281034100543e-07
45750.056 7.147176034199993e-07
45800.056 7.082140065599744e-07
45850.056 8.325784650299598e-07
45900.056 8.352460807200492e-07
45950.056 7.177625727400001e-07
46000.056 8.500167564800199e-07
46050.056 8.291087892401187e-07
46100.056 6.983217165200766e-07
46150.056 7.739836879899751e-07
46200.056 8.205229751601602e-07
46250.056 6.824553929299857e-07
46300.056 8.759367008899731e-07
46350.056 7.373602669799253e-07
46400.056 7.56449186369917e-07
46450.056 7.93137962400118e-07
46500.056 7.168042793499382e-07
46550.056 8.927312266699765e-07
46600.056 8.158866486500377e-07
46650.056 1.0489011691498538e-06
46700.056 9.605201631402932e-07
46750.056 7.604329995099136e-07
46800.056 8.462078704501302e-07
46850.056 9.108469423000989e-07
46900.056 8.521929888998444e-07
46950.056 9.491615703800499e-07
47000.056 7.996613908999915e-07
47050.056 9.586715558498215e-07
47100.056 7.441208036200822e-07
47150.056 8.208768984801027e-07
47200.056 8.841630923301918e-07
47250.056 7.768310124199172e-07
47300.056 8.106036655098052e-07
47350.056 7.092778720598597e-07
47400.056 8.855657944998403e-07
47450.056 7.642086033399588e-07
47500.056 8.684160215298663e-07
47550.056 7.72165810179928e-07
47600.056 8.792157535599487e-07
47650.056 6.446818269698377e-07
47700.056 9.059480000800542e-07
47750.056 6.229114556801405e-07
47800.056 8.900041139598983e-07
47850.056 6.850179929298711e-07
47900.056 8.814344906300451e-07
47950.056 6.552883887201146e-07
48000.056 9.893207711300086e-07
48050.056 7.427515455801148e-07
48100.056 8.263984084099882e-07
48150.056 7.562665543401069e-07
48200.056 8.926325495301206e-07
48250.056 7.413501606399869e-07
48300.056 9.71575097789812e-07
48350.056 6.695215505199604e-07
48400.056 8.757268612999962e-07
48450.056 7.221022610400335e-07
48500.056 9.933477863700348e-07
48550.056 6.900760400900267e-07
48600.056 9.024518294199265e-07
48650.056 7.162512049499676e-07
48700.056 8.79396519420056e-07
48750.056 6.442414927900651e-07
48800.056 1.0110755211100499e-06
48850.056 7.028031479198679e-07
48900.056 9.135572255600844e-07
48950.056 8.350884723800281e-07
49000.056 8.065360936098783e-07
49050.056 8.700962265999837e-07
49100.056 7.928966344000813e-07
49150.056 8.536486079200045e-07
49200.056 8.027044351599722e-07
49250.056 8.497861272100235e-07
49300.056 7.299053198499457e-07
49350.056 7.85246545399996e-07
49400.056 9.26044052350072e-07
49450.056 7.89117297590183e-07
49500.056 8.363202078100358e-07
49550.056 7.215597851300058e-07
49600.056 8.027786477702008e-07
49650.056 8.387125668900336e-07
49700.056 7.196620730799291e-07
49750.056 1.0570040098498384e-06
49800.056 7.991027546600493e-07
49850.056 1.0317140478100632e-06
49900.056 8.016644769500644e-07
49950.056 8.779552728797842e-07
50000.056 8.519994917898228e-07
50050.056 8.606663486600681e-07
50100.056 9.151790073299486e-07
50150.056 7.657450786500411e-07
50200.056 7.189578771100739e-07
50250.056 8.57444846560026e-07
50300.056 8.027575000099499e-07
50350.056 9.447415955000138e-07
50400.056 8.219624219599876e-07
50450.056 8.128513536201444e-07
50500.056 1.029524498780172e-06
50550.056 8.498234106399653e-07
50600.056 9.195542190600216e-07
50650.056 8.757740592001986e-07
50700.056 9.56995388439726e-07
50750.056 9.859244713201381e-07
50800.056 7.336369976199174e-07
50850.056 8.628048437401747e-07
50900.056 9.394089480099701e-07
50950.056 9.342842541401801e-07
51000.056 1.0813156316000978e-06
51050.056 8.045359718901071e-07
51100.056 7.920145396599258e-07
51150.056 9.249056782199185e-07
51200.056 9.047075181399556e-07
51250.056 9.61208465349929e-07
51300.056 8.086203952902937e-07
51350.056 8.910400204798198e-07
51400.056 8.191996143398083e-07
51450.056 6.356313905198713e-07
51500.056 8.469956020000094e-07
51550.056 1.1026352669101046e-06
51600.056 7.506981251300689e-07
51650.056 8.775277994398729e-07
51700.056 8.242117004297615e-07
51750.056 7.856311780500754e-07
51800.056 9.436869618597814e-07
51850.056 9.459036750399032e-07
51900.056 1.0010394934002102e-06
51950.056 9.185012516199242e-07
52000.056 7.69591209629957e-07
52050.056 8.958437149499622e-07
52100.056 8.259017318098335e-07
52150.056 8.43245395070053e-07
52200.056 7.963351175700222e-07
52250.056 8.552591200400137e-07
52300.056 9.430459769599895e-07
52350.056 1.0165313900901259e-06
52400.056 7.343534305701202e-07
52450.056 8.755389938499818e-07
52500.056 9.685277298098226e-07
52550.056 9.066816877997058e-07
52600.056 9.074620108201421e-07
52650.056 1.020701838280178e-06
52700.056 8.760256990300106e-07
52750.056 7.219829491399108e-07
52800.056 8.185032546100852e-07
52850.056 7.763146918398893e-07
52900.056 8.593172327100695e-07
52950.056 8.554868203398778e-07
53000.056 9.69381368459919e-07
53050.056 8.260215560998232e-07
53100.056 7.681552543497774e-07
53150.056 1.0168642077901712e-06
53200.056 7.035988472000905e-07
53250.056 1.0167429248199728e-06
53300.056 9.809301134104312e-07
53350.056 9.623045108998947e-07
53400.056 9.05372842550095e-07
53450.056 7.908193227800429e-07
53500.056 6.802972144198534e-07
53550.056 8.610132153398878e-07
53600.056 9.452201640601761e-07
53650.056 7.639959073401173e-07
53700.056 8.040037969501988e-07
