galfind/configs/Brown_Dwarf_templates/sonora_bobcat/m-0.5/10g/sp_t525g10nc_m-0.5_resample.dat
# %ECSV 1.0
# ---
# datatype:
# - {name: wav, unit: Angstrom, datatype: float64}
# - {name: flux_nu, unit: erg / (cm2 Hz s), datatype: float64}
# meta: {C/O: '1.00', Kzz: '1.0000E+05', Teff: '525.', Y: '0.28', '[Fe/H]': '-0.50', f_hole: '1.00', f_rain: '0.00', grav: '10.'}
# schema: astropy-2.0
wav flux_nu
4000.0559999999996 nan
4050.0559999999996 9.120513142912625e-17
4100.056 1.9701910833290313e-14
4150.056 1.603557899680034e-13
4200.056 1.537949817530148e-13
4250.056 8.520486825300136e-13
4300.056 1.5714863547200575e-12
4350.056 2.230343741860056e-12
4400.056 3.188821748100049e-12
4450.056 4.403949798900014e-12
4500.056 5.140513074300174e-12
4550.056 5.528876891976704e-12
4600.056 3.934029773972015e-12
4650.056 2.766125932099942e-12
4700.056 1.482590895259982e-12
4750.056 3.414055835599937e-13
4800.056 5.776259266699906e-14
4850.056 8.913878752199851e-15
4900.056 2.486492141199977e-15
4950.056 1.1657018983299914e-15
5000.056 6.382375749599951e-16
5050.056 4.538124047500063e-16
5100.056 4.75939734110003e-16
5150.056 5.199660632099992e-16
5200.056 5.693493161499995e-16
5250.056 6.321242650799995e-16
5300.056 7.040542627800004e-16
5350.056 7.886781602400012e-16
5400.056 8.89016046079999e-16
5450.056 9.889905182599987e-16
5500.056 1.0851893781600037e-15
5550.056 1.173659580600002e-15
5600.056 1.248918185899999e-15
5650.056 1.2982558778000001e-15
5700.056 1.2957942748000012e-15
5750.056 1.2118120795999985e-15
5800.056 1.0097806229299958e-15
5850.056 6.332531481999887e-16
5900.056 1.7665515099659094e-16
5950.056 1.3773329974800405e-15
6000.056 3.445081975300001e-15
6050.056 6.716948760300087e-15
6100.056 1.154453992710008e-14
6150.056 1.8420087585000108e-14
6200.056 2.803413228200014e-14
6250.056 4.1221030199000056e-14
6300.056 5.923225256200031e-14
6350.056 8.381706241200057e-14
6400.056 1.1696146463800026e-13
6450.056 1.5583698277099556e-13
6500.056 2.1379508692699804e-13
6550.056 2.9216270709799865e-13
6600.056 3.9869148691001433e-13
6650.056 5.41858907830004e-13
6700.056 6.946987127090088e-13
6750.056 9.739808442800046e-13
6800.056 1.2418477807000107e-12
6850.056 1.4512230292000052e-12
6900.056 1.4549027473100456e-12
6950.056 1.3846447366939803e-12
7000.056 1.5073364056500235e-12
7050.056 1.6540904677999628e-12
7100.056 1.8527858145299633e-12
7150.056 1.777843613248255e-12
7200.056 1.7468758463759805e-12
7250.056 1.845448968164623e-12
7300.056 1.8605043723581343e-12
7350.056 1.916114396344229e-12
7400.056 1.9502102410100975e-12
7450.056 1.9305107049600783e-12
7500.056 1.823191839299992e-12
7550.056 1.6061609492999924e-12
7600.056 1.3132951559499908e-12
7650.056 3.5284482046118213e-13
7700.056 2.2180156552061002e-13
7750.056 1.3291448879500241e-12
7800.056 2.351729885456022e-12
7850.056 4.182798009299987e-12
7900.056 6.054470457279895e-12
7950.056 7.218431972190078e-12
8000.056 1.1175312552700115e-11
8050.056 1.4363492449300566e-11
8100.056 1.592627094947612e-11
8150.056 1.8547177006817663e-11
8200.056 2.6212436862366863e-11
8250.056 3.133464793324175e-11
8300.056 3.9592392650682714e-11
8350.056 4.559572025920904e-11
8400.056 5.599430215111733e-11
8450.056 7.348828940609746e-11
8500.056 8.493648942209371e-11
8550.056 1.1477714594100184e-10
8600.056 1.493305693160023e-10
8650.056 1.8388682625000437e-10
8700.056 2.1454200539000398e-10
8750.056 2.588042574400021e-10
8800.056 2.942119746100074e-10
8850.056 2.793761974619864e-10
8900.056 1.0966293860776978e-10
8950.056 1.371380262125308e-10
9000.056 1.1985609884642491e-10
9050.056 3.2809149433653564e-10
9100.056 4.336940193087137e-10
9150.056 5.126494771305632e-10
9200.056 7.779214683584736e-10
9250.056 7.94116391829069e-10
9300.056 2.155036255654216e-10
9350.056 2.603628107811748e-10
9400.056 4.517182774565995e-10
9450.056 5.80514318261016e-10
9500.056 5.122816126449016e-10
9550.056 6.163739944494724e-10
9600.056 5.819282382046202e-10
9650.056 7.67532708283298e-10
9700.056 1.1195131140568695e-09
9750.056 1.114681383571638e-09
9800.056 1.2266582722174062e-09
9850.056 1.378812438773087e-09
9900.056 1.7926246402778257e-09
9950.056 1.704035039775458e-09
10000.056 1.729583435541715e-09
10050.056 2.271383143030165e-09
10100.056 2.9175820010196072e-09
10150.056 3.190015418159913e-09
10200.056 3.465357391468289e-09
10250.056 4.239688198323886e-09
10300.056 5.414017719886676e-09
10350.056 5.763858045901688e-09
10400.056 8.114827690500646e-09
10450.056 9.93997423622737e-09
10500.056 1.1619635146379941e-08
10550.056 1.3548286922400526e-08
10600.056 1.434427172769924e-08
10650.056 1.4921632865210415e-08
10700.056 1.4250996692314324e-08
10750.056 1.4369309193246451e-08
10800.056 1.3552372514935473e-08
10850.056 1.1733344134183099e-08
10900.056 8.108984863798993e-09
10950.056 4.012127570227526e-09
11000.056 2.819714969887089e-09
11050.056 1.765963549467626e-09
11100.056 1.0379768882808281e-09
11150.056 4.323015202836194e-10
11200.056 2.7672030720054886e-10
11250.056 3.224818071970194e-10
11300.056 5.003334291348409e-10
11350.056 1.73585784788997e-10
11400.056 4.1915978082590146e-10
11450.056 3.379367712244196e-10
11500.056 2.0824882411373002e-10
11550.056 4.657567979615991e-11
11600.056 4.7403296397068603e-11
11650.056 1.5373241580610594e-10
11700.056 1.6361784135544394e-10
11750.056 2.6263753550825024e-11
11800.056 1.7893872305755939e-10
11850.056 3.1313558568674354e-10
11900.056 3.471793033463156e-10
11950.056 5.505594260179273e-10
12000.056 9.397672153994183e-10
12050.056 1.5565287644528053e-09
12100.056 2.5348491437397374e-09
12150.056 3.947099006242473e-09
12200.056 5.048960870159829e-09
12250.056 7.538176379659989e-09
12300.056 1.0951080141854943e-08
12350.056 1.1845377030631882e-08
12400.056 1.6921611042938505e-08
12450.056 2.213627475942262e-08
12500.056 2.4858662226173542e-08
12550.056 2.8665838093840472e-08
12600.056 3.241107940290295e-08
12650.056 3.331579881804803e-08
12700.056 3.359295866196436e-08
12750.056 2.811478760452889e-08
12800.056 2.3551840767211335e-08
12850.056 1.6299936118833726e-08
12900.056 1.275668389641229e-08
12950.056 1.1008737285452347e-08
13000.056 9.849354947167903e-09
13050.056 6.687432662473081e-09
13100.056 5.853202927052173e-09
13150.056 3.919081058329914e-09
13200.056 3.373019428405038e-09
13250.056 2.5478511027548195e-09
13300.056 9.976002397526176e-10
13350.056 3.189630311981602e-10
13400.056 2.334473290678739e-10
13450.056 9.124260423231288e-11
13500.056 4.5118910955948794e-11
13550.056 2.3709439884414293e-11
13600.056 5.581158577476901e-12
13650.056 3.277387801370975e-11
13700.056 2.1133508677696715e-11
13750.056 2.5509192746713436e-11
13800.056 2.274673614674813e-11
13850.056 1.5579706364636867e-11
13900.056 2.125262312289856e-11
13950.056 1.5464298497236096e-11
14000.056 1.7653109651766188e-11
14050.056 2.8218087692627202e-11
14100.056 3.320064509082092e-11
14150.056 5.7732915265324036e-11
14200.056 3.817721224602951e-11
14250.056 5.4635709898298225e-11
14300.056 1.0766658325633786e-10
14350.056 1.223107557653866e-10
14400.056 1.4021449998996073e-10
14450.056 1.938628983578459e-10
14500.056 3.930942226929889e-10
14550.056 4.4504268187022387e-10
14600.056 5.108681748713062e-10
14650.056 3.6842187832854726e-10
14700.056 2.0293725676210315e-10
14750.056 1.3892233321874542e-10
14800.056 2.756721655932107e-10
14850.056 3.681484666271221e-10
14900.056 3.8392182384424967e-10
14950.056 3.259501407539872e-10
15000.056 6.250042429253568e-10
15050.056 5.34740558413789e-10
15100.056 4.083557397068965e-10
15150.056 3.692953692872826e-10
15200.056 6.045608530985988e-10
15250.056 1.1511166312025487e-09
15300.056 1.3761271651528427e-09
15350.056 1.7379823355439595e-09
15400.056 2.3292516850029054e-09
15450.056 2.945050272041596e-09
15500.056 3.3509574835523947e-09
15550.056 4.771251771428943e-09
15600.056 5.87437665953904e-09
15650.056 7.842124982108029e-09
15700.056 1.0134327406689532e-08
15750.056 1.1994970844756493e-08
15800.056 1.2924301900780831e-08
15850.056 1.4312990165382962e-08
15900.056 1.3006272066920142e-08
15950.056 1.1894502717597214e-08
16000.056 8.755832856402108e-09
16050.056 4.931175860149354e-09
16100.056 3.173693456585311e-09
16150.056 1.7799250123605877e-09
16200.056 1.0059262465652869e-09
16250.056 7.098762352751328e-10
16300.056 4.59622639355353e-10
16350.056 5.310436314682003e-10
16400.056 6.730971404591372e-10
16450.056 6.065147279315826e-10
16500.056 5.4558823386892e-10
16550.056 5.739411703253717e-10
16600.056 7.010298812002561e-10
16650.056 5.345113924177657e-10
16700.056 9.557051602771316e-11
16750.056 2.5969589454415494e-10
16800.056 4.5992557283544124e-10
16850.056 5.439288812022175e-10
16900.056 3.035432760601519e-10
16950.056 1.8249768417233796e-10
17000.056 1.1129662264112577e-10
17050.056 2.1879480243721556e-10
17100.056 3.526315776209478e-10
17150.056 1.9604199899687455e-10
17200.056 5.817350864222353e-10
17250.056 4.108185004396855e-10
17300.056 2.4794073262070683e-10
17350.056 2.5599449881938253e-10
17400.056 4.031967921433438e-10
17450.056 5.546598615856878e-10
17500.056 7.193201824949829e-10
17550.056 6.734687478009307e-10
17600.056 5.240078649122113e-10
17650.056 5.140774610891076e-10
17700.056 3.7544337764795304e-10
17750.056 3.986058338173689e-10
17800.056 8.5535768350565e-10
17850.056 4.61157836574408e-10
17900.056 3.421660462556591e-10
17950.056 2.9688563957572703e-10
18000.056 4.1464781438668616e-10
18050.056 4.2056407797166103e-10
18100.056 5.171390625082729e-10
18150.056 5.097567735657081e-10
18200.056 3.557552588406737e-10
18250.056 8.811427212359523e-10
18300.056 3.728251088408997e-10
18350.056 2.763058776377579e-10
18400.056 2.367043102971179e-10
18450.056 5.677579018807931e-10
18500.056 5.579362954259118e-10
18550.056 3.9457888397765294e-10
18600.056 4.554309027074693e-10
18650.056 3.659510207543969e-10
18700.056 1.7520774405184222e-10
18750.056 3.434694652232334e-10
18800.056 8.102270937572777e-10
18850.056 8.26749219698064e-10
18900.056 7.429302037370472e-10
18950.056 9.9127090924726e-10
19000.056 4.658140904003431e-10
19050.056 2.7457783553055744e-10
19100.056 4.682730193818132e-10
19150.056 2.731621949116705e-10
19200.056 3.185156577333978e-10
19250.056 2.5898856314505256e-10
19300.056 1.9727608923738378e-10
19350.056 1.66656387556346e-10
19400.056 1.4987063858677265e-10
19450.056 2.411199917666152e-10
19500.056 1.7233802109085262e-10
19550.056 1.978280697092866e-10
19600.056 3.9871483597933055e-10
19650.056 3.046398007644817e-10
19700.056 3.349773381100937e-10
19750.056 5.00450801658486e-10
19800.056 3.935498226807457e-10
19850.056 5.188393513233562e-10
19900.056 5.598441305691938e-10
19950.056 7.318139035797665e-10
20000.056 8.794955998697593e-10
20050.056 7.57272386079639e-10
20100.056 1.1475228580120551e-09
20150.056 6.913599872906517e-10
20200.056 5.985129723494173e-10
20250.056 9.675608816026278e-10
20300.056 1.1001974603817032e-09
20350.056 1.14782084941038e-09
20400.056 1.0745327457261566e-09
20450.056 1.496306599641016e-09
20500.056 1.7448574829109278e-09
20550.056 1.891657856621714e-09
20600.056 1.950932046297231e-09
20650.056 2.310168598228625e-09
20700.056 2.4853974745736895e-09
20750.056 2.7243285072086356e-09
20800.056 2.6601993964079035e-09
20850.056 2.8785906729702633e-09
20900.056 3.0653561719549884e-09
20950.056 2.9117435373502396e-09
21000.056 2.857074672794754e-09
21050.056 2.983565037099315e-09
21100.056 2.8236121008403747e-09
21150.056 2.840802046291578e-09
21200.056 2.6653098597316026e-09
21250.056 2.4979013485456554e-09
21300.056 2.176779486108271e-09
21350.056 2.176458337309755e-09
21400.056 2.116584289083527e-09
21450.056 1.7927892909504364e-09
21500.056 1.6286238849390618e-09
21550.056 1.4609149889323635e-09
21600.056 1.2665997883742121e-09
21650.056 1.008563243264935e-09
21700.056 9.5952338558427e-10
21750.056 9.08168228868095e-10
21800.056 7.192657148347782e-10
21850.056 6.971308407969952e-10
21900.056 4.997628450018985e-10
21950.056 2.2192926822412037e-10
22000.056 6.148037030100625e-11
22050.056 5.720131296400219e-11
22100.056 1.7554937255610254e-10
22150.056 2.024393864465582e-10
22200.056 2.162387522044018e-10
22250.056 1.6869393584780457e-10
22300.056 1.0736121989112407e-10
22350.056 1.295650096290806e-10
22400.056 6.09840233690888e-11
22450.056 7.338850384064595e-11
22500.056 5.634351779239665e-11
22550.056 4.1436106675268895e-11
22600.056 3.493329702682753e-11
22650.056 5.6134054629329717e-11
22700.056 4.489256781932216e-11
22750.056 4.7059237499688366e-11
22800.056 4.7436632637535687e-11
22850.056 3.7480321891530954e-11
22900.056 2.7618032233243674e-11
22950.056 2.642633796184308e-11
23000.056 3.712994121997646e-11
23050.056 4.752853974102608e-11
23100.056 1.5445105708982404e-10
23150.056 1.506207678370394e-10
23200.056 1.4240532990599331e-11
23250.056 3.1859632998051197e-11
23300.056 3.2711906089839276e-11
23350.056 4.4985241992484383e-11
23400.056 4.3480604465416236e-11
23450.056 3.151678265927808e-11
23500.056 3.321000605766336e-11
23550.056 5.572397841767505e-11
23600.056 7.690772458343344e-11
23650.056 1.2310833275603374e-10
23700.056 3.954487826406608e-11
23750.056 3.0408655208275865e-11
23800.056 8.528237329156479e-11
23850.056 7.20449555063368e-11
23900.056 1.367850515287506e-10
23950.056 1.0508072484141373e-10
24000.056 1.6737016946953718e-10
24050.056 2.1619384244550085e-10
24100.056 2.1970645483892983e-10
24150.056 2.9612799848179836e-10
24200.056 2.2636298933297775e-10
24250.056 1.8778061872733348e-10
24300.056 2.8563100825011e-10
24350.056 2.573471235965478e-10
24400.056 4.522446093190084e-10
24450.056 5.050313708360061e-10
24500.056 4.912718484895659e-10
24550.056 6.592883323775371e-10
24600.056 6.879391355478636e-10
24650.056 9.799206820338624e-10
24700.056 6.495349109614554e-10
24750.056 8.38715213177448e-10
24800.056 8.207908932297411e-10
24850.056 1.2264056372549121e-09
24900.056 7.088905920666928e-10
24950.056 1.3076086230080002e-09
25000.056 1.2905262457031507e-09
25050.056 9.393875533326425e-10
25100.056 1.3649681600344996e-09
25150.056 7.659556925314099e-10
25200.056 1.1546391187789264e-09
25250.056 6.064312496946291e-10
25300.056 9.313108320731627e-10
25350.056 4.640645427471357e-10
25400.056 1.0503268835775917e-09
25450.056 4.063325461637947e-10
25500.056 3.7693346269504803e-10
25550.056 6.171479070129134e-10
25600.056 3.478469587314122e-10
25650.056 2.2535895444262097e-10
25700.056 3.7317640216073156e-10
25750.056 1.115153121053008e-10
25800.056 4.765922247130583e-10
25850.056 1.187210627554224e-10
25900.056 1.69791398928036e-10
25950.056 5.5845556342081886e-11
26000.056 4.6060497704243505e-10
26050.056 9.249502826139299e-11
26100.056 3.413019941730139e-10
26150.056 1.8559954420931884e-10
26200.056 2.436454378472411e-10
26250.056 9.560366744742145e-10
26300.056 3.187515528649742e-10
26350.056 1.2655861384793696e-09
26400.056 1.4686470353617974e-09
26450.056 1.4402473674420802e-09
26500.056 2.1744958932334597e-09
26550.056 4.879317769123555e-10
26600.056 6.707797914140148e-10
26650.056 1.37755469369872e-10
26700.056 9.261524821090043e-11
26750.056 9.528688525524e-11
26800.056 2.5688275448563647e-10
26850.056 1.3851085685848867e-10
26900.056 5.865396253511685e-10
26950.056 2.174185503331064e-10
27000.056 1.0303315463615526e-09
27050.056 9.699025031572403e-10
27100.056 2.3382558473532116e-10
27150.056 1.3617362093138857e-09
27200.056 2.336369958901787e-10
27250.056 5.76430523183829e-10
27300.056 2.6116712714292262e-09
27350.056 1.2155572000309163e-09
27400.056 9.156803015029653e-11
27450.056 1.4585963130051108e-09
27500.056 1.5352927300201565e-09
27550.056 3.428859540783312e-10
27600.056 8.644039510660028e-10
27650.056 2.6769695760997744e-10
27700.056 2.1119137230622672e-10
27750.056 1.1088941426394427e-09
27800.056 3.1872004068256616e-10
27850.056 5.240106201360649e-10
27900.056 5.086915260792722e-10
27950.056 1.2418349459902939e-09
28000.056 1.0791856732513037e-09
28050.056 1.678896853649906e-10
28100.056 9.927268934215194e-10
28150.056 7.70628811090625e-10
28200.056 2.59382211371609e-10
28250.056 1.3048991728447514e-09
28300.056 1.2862866018013492e-09
28350.056 3.4477230362108296e-10
28400.056 9.67959708358932e-10
28450.056 1.4872855120081453e-09
28500.056 1.0149644827687285e-09
28550.056 2.707000786270906e-10
28600.056 1.7034870997253142e-09
28650.056 1.1787741418424847e-09
28700.056 1.4913319823494605e-09
28750.056 2.173633485039818e-09
28800.056 1.1444443676289625e-09
28850.056 1.991576979364878e-09
