galfind/configs/Brown_Dwarf_templates/sonora_bobcat/m-0.5/10g/sp_t2100g10nc_m-0.5_resample.dat
# %ECSV 1.0
# ---
# datatype:
# - {name: wav, unit: Angstrom, datatype: float64}
# - {name: flux_nu, unit: erg / (cm2 Hz s), datatype: float64}
# meta: {C/O: '1.00', Kzz: '1.0000E+05', Teff: '2100.', Y: '0.28', '[Fe/H]': '-0.50', f_hole: '1.00', f_rain: '0.00', grav: '10.'}
# schema: astropy-2.0
wav flux_nu
[from data line 500]
29000.056 2.160575265679167e-06
29050.056 2.2130634972397227e-06
29100.056 1.936308362740033e-06
29150.056 2.3330575151302448e-06
29200.056 2.170645471110383e-06
29250.056 2.373451988400085e-06
29300.056 2.0963053708587715e-06
29350.056 2.569419263349536e-06
29400.056 2.1912046708398646e-06
29450.056 2.179110760569852e-06
29500.056 2.338414403469763e-06
29550.056 2.2387378805802417e-06
29600.056 2.3369416770599885e-06
29650.056 2.3471944895099955e-06
29700.056 2.0573818978298114e-06
29750.056 2.5646043034411047e-06
29800.056 2.467128202579938e-06
29850.056 2.423505449459684e-06
29900.056 2.1929385253805335e-06
29950.056 2.560736986179533e-06
30000.056 2.5406724201791318e-06
30050.056 2.3944606706999147e-06
30100.056 1.9450282468894936e-06
30150.056 2.9024492822497394e-06
30200.056 2.623292348490257e-06
30250.056 2.4852768555506817e-06
30300.056 2.568930454689845e-06
30350.056 2.3965539281104694e-06
30400.056 2.818453902220465e-06
30450.056 2.3072044613302735e-06
30500.056 2.2394172905503846e-06
30550.056 2.955208881520647e-06
30600.056 2.814612283640318e-06
30650.056 2.7815445572001383e-06
30700.056 2.623085682029999e-06
30750.056 2.5043993100101275e-06
30800.056 2.9778070345108617e-06
30850.056 2.6093289272499558e-06
30900.056 2.650242710599772e-06
30950.056 2.5492083996703213e-06
31000.056 2.89726415231991e-06
31050.056 2.459395017880043e-06
31100.056 2.81396352816995e-06
31150.056 2.859097649159733e-06
31200.056 2.922320083679664e-06
31250.056 3.0921228077806254e-06
31300.056 2.7699921219397605e-06
31350.056 2.7855779260899962e-06
31400.056 2.8662076311705213e-06
31450.056 2.8820043759201823e-06
31500.056 2.957759059490562e-06
31550.056 2.7215549606799832e-06
31600.056 2.878771872639857e-06
31650.056 2.9940646868599746e-06
31700.056 3.0807772566999256e-06
31750.056 2.680711364630205e-06
31800.056 3.076884200200272e-06
31850.056 3.3525695991199604e-06
31900.056 3.2519615934797746e-06
31950.056 2.6485081854296906e-06
32000.056 2.8769511668607268e-06
32050.056 3.288641476120319e-06
32100.056 3.2964265749496027e-06
32150.056 3.25848425823016e-06
32200.056 3.15555828639993e-06
32250.056 2.9761114436801766e-06
32300.056 3.255479909370163e-06
32350.056 3.4157920941004436e-06
32400.056 3.121710811059972e-06
32450.056 3.010634127500302e-06
32500.056 3.28347571740026e-06
32550.056 3.5926681656001457e-06
32600.056 3.520904604739794e-06
32650.056 3.4209789787510583e-06
32700.056 3.257954638700126e-06
32750.056 3.4245758301300314e-06
32800.056 3.16043361282044e-06
32850.056 3.6898721162797234e-06
32900.056 3.5372615299000213e-06
32950.056 3.0814748333798165e-06
33000.056 3.3605093030302914e-06
33050.056 3.4393812378196108e-06
33100.056 3.565131329229033e-06
33150.056 3.5245558352802596e-06
33200.056 3.2840425761206917e-06
33250.056 3.528921225160127e-06
33300.056 3.829330995340269e-06
33350.056 3.559256771920298e-06
33400.056 3.3197817783896607e-06
33450.056 3.6337400337388557e-06
33500.056 3.5844326184002746e-06
33550.056 3.5413182652093984e-06
33600.056 3.588252859120682e-06
33650.056 3.694282933800773e-06
33700.056 3.8388228126794455e-06
33750.056 3.8061305780201408e-06
33800.056 3.7337803318999887e-06
33850.056 3.5776881433100318e-06
33900.056 3.993211654199501e-06
33950.056 3.5513335058995584e-06
34000.056 3.6283857928791533e-06
34050.056 3.7070499480000713e-06
34100.056 3.967531985760478e-06
34150.056 3.857059952699599e-06
34200.056 3.6511421819994257e-06
34250.056 4.043904244799453e-06
34300.056 3.774055452799509e-06
34350.056 3.937618052299495e-06
34400.056 3.6340533439795097e-06
34450.056 3.6970068046999885e-06
34500.056 3.780300453600782e-06
34550.056 3.6958997084997997e-06
34600.056 3.849648865600055e-06
34650.056 3.857918558199919e-06
34700.056 3.6939606655994275e-06
34750.056 3.96056699440029e-06
34800.056 4.115099487499548e-06
34850.056 3.7137964839800925e-06
34900.056 3.9882988759003704e-06
34950.056 3.8644988866991406e-06
35000.056 3.7590320194995077e-06
35050.056 4.124811225600566e-06
35100.056 4.008335727799135e-06
35150.056 3.931357334419694e-06
35200.056 4.045519555599649e-06
35250.056 3.594517328600291e-06
35300.056 3.970363002400387e-06
35350.056 4.161272577399704e-06
35400.056 3.924713403499775e-06
35450.056 3.8033701946003612e-06
35500.056 4.069799810699913e-06
35550.056 3.897086626799928e-06
35600.056 3.807340276899285e-06
35650.056 4.2112537206005104e-06
35700.056 3.818436231900402e-06
35750.056 3.923593073799711e-06
35800.056 4.052902434299645e-06
35850.056 4.151356005499658e-06
35900.056 4.2529164635995245e-06
35950.056 4.117794140699635e-06
36000.056 3.761732455399558e-06
36050.056 4.248385045800251e-06
36100.056 4.382156227099886e-06
36150.056 3.968190435300353e-06
36200.056 4.270810138299522e-06
36250.056 3.957837242699271e-06
36300.056 4.52015209000082e-06
36350.056 4.3484300361993414e-06
36400.056 4.164470778099866e-06
36450.056 4.471502959299649e-06
36500.056 4.186268300900317e-06
36550.056 4.058358566600517e-06
36600.056 4.154526189500411e-06
36650.056 4.291282844800504e-06
36700.056 4.490424667800198e-06
36750.056 4.182036759300509e-06
36800.056 4.284725986399502e-06
36850.056 4.325251314600125e-06
36900.056 4.40677173440069e-06
36950.056 4.395972095100061e-06
37000.056 4.437320810500213e-06
37050.056 4.531006635699963e-06
37100.056 4.364248939700357e-06
37150.056 4.31949518679911e-06
37200.056 4.532733477800115e-06
37250.056 4.543133362000349e-06
37300.056 4.532966979100854e-06
37350.056 4.319686284100572e-06
37400.056 4.520618105499665e-06
37450.056 4.5066059075003785e-06
37500.056 4.599195570999776e-06
37550.056 4.474445618199225e-06
37600.056 4.698132105199395e-06
37650.056 4.337641247499556e-06
37700.056 4.403733063600169e-06
37750.056 4.6989027356992785e-06
37800.056 4.789931891499925e-06
37850.056 4.58458212719977e-06
37900.056 4.682527449200352e-06
37950.056 4.720950272900257e-06
38000.056 4.590231266900643e-06
38050.056 4.637905504200319e-06
38100.056 4.483498806000195e-06
38150.056 4.786816003699333e-06
38200.056 4.893035071099347e-06
38250.056 4.556145742100609e-06
38300.056 4.493005368199927e-06
38350.056 4.687067059599936e-06
38400.056 4.732938477599795e-06
38450.056 4.7263436582004696e-06
38500.056 4.651678416799762e-06
38550.056 4.662597946200332e-06
38600.056 5.019638398099763e-06
38650.056 4.459467203500196e-06
38700.056 4.557405438500654e-06
38750.056 4.782186057099995e-06
38800.056 4.6765075692006535e-06
38850.056 4.704422924200287e-06
38900.056 4.540801855999894e-06
38950.056 4.75189768809958e-06
39000.056 4.666872433600156e-06
39050.056 4.7145842563999344e-06
39100.056 4.484019427799931e-06
39150.056 4.618180969000242e-06
39200.056 4.752315806200209e-06
39250.056 4.728072579599336e-06
39300.056 4.729284949999173e-06
39350.056 4.685711054900504e-06
39400.056 4.5989993459001495e-06
39450.056 4.629904320499743e-06
39500.056 4.596540639799839e-06
39550.056 4.506706915299072e-06
39600.056 4.864511955800329e-06
39650.056 4.461480453800117e-06
39700.056 4.636554015799921e-06
39750.056 4.615867281199513e-06
39800.056 4.406767824100297e-06
39850.056 4.52383513569975e-06
39900.056 4.428699969199733e-06
39950.056 4.639410096099839e-06
40000.056 4.361568190199735e-06
40050.056 4.024760451499866e-06
40100.056 4.3517636395997174e-06
40150.056 4.081990302699095e-06
40200.056 4.2814914155996505e-06
40250.056 4.2966434140987715e-06
40300.056 3.925670204500414e-06
40350.056 4.1544482015001385e-06
40400.056 4.246723047799856e-06
40450.056 3.856817800200939e-06
40500.056 3.6745253917999778e-06
40550.056 4.268896967899766e-06
40600.056 3.891392297800291e-06
40650.056 4.01641360120092e-06
40700.056 4.191756998700333e-06
40750.056 3.7053269193989545e-06
40800.056 3.6730794246005997e-06
40850.056 3.462987970500762e-06
40900.056 3.4268221355007374e-06
40950.056 3.7285710260999866e-06
41000.056 3.88122785690046e-06
41050.056 3.7535619628992066e-06
41100.056 3.5670999235006375e-06
41150.056 3.883215588600192e-06
41200.056 3.589699082100106e-06
41250.056 3.6789669038002214e-06
41300.056 3.2370417238996912e-06
41350.056 3.7968995648001977e-06
41400.056 3.6265015749999553e-06
41450.056 3.429538988999813e-06
41500.056 3.725609487600039e-06
41550.056 3.7058445226800435e-06
41600.056 3.867398398999918e-06
41650.056 3.3872002990005415e-06
41700.056 3.289860344599613e-06
41750.056 3.562149125700157e-06
41800.056 3.353530305899783e-06
41850.056 3.18280176460036e-06
41900.056 3.6083717287993844e-06
41950.056 3.282413137200396e-06
42000.056 3.530159418500279e-06
42050.056 3.231536733898827e-06
42100.056 3.589744540400373e-06
42150.056 3.101005055599373e-06
42200.056 3.140732500260165e-06
42250.056 3.388524198199822e-06
42300.056 3.1889975849000653e-06
42350.056 3.4942497375006408e-06
42400.056 3.181265170200111e-06
42450.056 2.7817407273001766e-06
42500.056 2.8852591568002223e-06
42550.056 3.2511677429996856e-06
42600.056 3.099284521000484e-06
42650.056 3.063840600198994e-06
42700.056 3.1536738732007286e-06
42750.056 2.9875563903001618e-06
42800.056 3.0306813573200714e-06
42850.056 3.2771590878996486e-06
42900.056 3.146475804900306e-06
42950.056 2.790067674998775e-06
43000.056 3.0519178946799344e-06
43050.056 2.9268380412812275e-06
43100.056 3.037575789899346e-06
43150.056 3.167161018320861e-06
43200.056 2.971473215999962e-06
43250.056 3.0278033213007506e-06
43300.056 3.0506453338001248e-06
43350.056 2.8918324557794805e-06
43400.056 2.810739711659625e-06
43450.056 2.8665254777409404e-06
43500.056 2.789986713999294e-06
43550.056 2.8836791645399346e-06
43600.056 3.032819459699974e-06
43650.056 2.7570582017604845e-06
43700.056 2.704237473400177e-06
43750.056 2.75028586940005e-06
43800.056 2.705069358399897e-06
43850.056 2.7824515017004884e-06
43900.056 2.7681470931999246e-06
43950.056 2.6375803481003457e-06
44000.056 2.448993987150129e-06
44050.056 2.4633898501000535e-06
44100.056 2.6119087409506355e-06
44150.056 2.7701524522995935e-06
44200.056 2.584283586290203e-06
44250.056 2.4197297420197795e-06
44300.056 2.3571482845605623e-06
44350.056 2.4359368101201293e-06
44400.056 2.4267332075300527e-06
44450.056 2.585589024000053e-06
44500.056 2.623191261700646e-06
44550.056 2.3355386911594563e-06
44600.056 2.3922574010603476e-06
44650.056 2.5531060662600895e-06
44700.056 2.298144427920312e-06
44750.056 2.553335460559607e-06
44800.056 2.492456507619895e-06
44850.056 2.5451857925500885e-06
44900.056 2.3721991806004074e-06
44950.056 2.206515831659959e-06
45000.056 2.4236615757999682e-06
45050.056 2.409755585409617e-06
45100.056 2.4755355647997512e-06
45150.056 2.4145016931201093e-06
45200.056 2.2079572166498167e-06
45250.056 2.27761111174954e-06
45300.056 2.302860854150137e-06
45350.056 2.463936999259586e-06
45400.056 2.395897665940314e-06
45450.056 2.1990105782996727e-06
45500.056 2.191879556279935e-06
45550.056 2.445061052959598e-06
45600.056 2.3254879407499175e-06
45650.056 2.083097381049331e-06
45700.056 2.2955935415303357e-06
45750.056 2.2551068551998047e-06
45800.056 2.240843912839941e-06
45850.056 2.4851219500100737e-06
45900.056 2.4703440207200923e-06
45950.056 2.1869368140598925e-06
46000.056 2.4898997681799607e-06
46050.056 2.4597027192205447e-06
46100.056 2.196977337940113e-06
46150.056 2.2507991098799704e-06
46200.056 2.5045117435205465e-06
46250.056 2.1055123846398695e-06
46300.056 2.5309588728798397e-06
46350.056 2.0764399961397956e-06
46400.056 2.267415665729686e-06
46450.056 2.19590551888058e-06
46500.056 2.1469730063299643e-06
46550.056 2.4051482877198404e-06
46600.056 2.199512294169765e-06
46650.056 2.6630986288700245e-06
46700.056 2.4761337674406533e-06
46750.056 2.1450454052998692e-06
46800.056 2.3625176523504145e-06
46850.056 2.4007278694500717e-06
46900.056 2.338865969039507e-06
46950.056 2.4652401129402247e-06
47000.056 2.37054152853998e-06
47050.056 2.370082725639654e-06
47100.056 2.2602786088801203e-06
47150.056 2.3247578171505126e-06
47200.056 2.2992182113006468e-06
47250.056 2.269894332329274e-06
47300.056 2.255948391009322e-06
47350.056 2.0369439283795542e-06
47400.056 2.373189536909382e-06
47450.056 2.449924828049809e-06
47500.056 2.2492738316993064e-06
47550.056 2.2598489528194176e-06
47600.056 2.4508593578199567e-06
47650.056 1.8846510323194883e-06
47700.056 2.4239619614201313e-06
47750.056 1.8361190112905854e-06
47800.056 2.441254922999757e-06
47850.056 2.000945217889147e-06
47900.056 2.4898142357601574e-06
47950.056 1.9075517512605437e-06
48000.056 2.603120961000048e-06
48050.056 2.0444061372904806e-06
48100.056 2.1569019095600367e-06
48150.056 2.0377891625802337e-06
48200.056 2.4533871558507275e-06
48250.056 2.099485872999627e-06
48300.056 2.5811760792997253e-06
48350.056 1.8921525346596242e-06
48400.056 2.4416317848799657e-06
48450.056 2.1785704824402217e-06
48500.056 2.550692338400074e-06
48550.056 1.992245305280044e-06
48600.056 2.377215481499767e-06
48650.056 1.938720126539993e-06
48700.056 2.238608388130043e-06
48750.056 1.8286569326203904e-06
48800.056 2.5770444926801286e-06
48850.056 2.0114090810196356e-06
48900.056 2.3713787300000292e-06
48950.056 2.277173735820359e-06
49000.056 2.1847242246998616e-06
49050.056 2.209682631899797e-06
49100.056 2.1706304894100867e-06
49150.056 2.1746508553201508e-06
49200.056 2.3169483083899635e-06
49250.056 2.1838454460801993e-06
49300.056 2.040725249609677e-06
49350.056 1.9801212692500694e-06
49400.056 2.3625769048503988e-06
49450.056 2.0860140453205004e-06
49500.056 2.157455382960337e-06
49550.056 1.9799145722200086e-06
49600.056 2.0621487613804405e-06
49650.056 2.084513156100382e-06
49700.056 1.842349986829809e-06
49750.056 2.497301496099472e-06
49800.056 2.153470473080026e-06
49850.056 2.3969214829200308e-06
49900.056 2.053005229400127e-06
49950.056 2.2012403401392255e-06
50000.056 2.065201993179503e-06
50050.056 2.173447400050142e-06
50100.056 2.1781937692597587e-06
50150.056 2.038965604079925e-06
50200.056 1.842488204620138e-06
50250.056 1.951490160960157e-06
50300.056 1.966512708819612e-06
50350.056 2.1069855700100033e-06
50400.056 2.0620854077601424e-06
50450.056 1.9464539282002137e-06
50500.056 2.453454146900392e-06
50550.056 2.0756455010398214e-06
50600.056 2.1304275258802135e-06
50650.056 2.072736787200555e-06
50700.056 2.191570174139257e-06
50750.056 2.100796797440259e-06
50800.056 1.8708229759299458e-06
50850.056 2.0400667168403174e-06
50900.056 2.0191793426399595e-06
50950.056 2.210714304800325e-06
51000.056 2.3648032861602545e-06
51050.056 1.9063953731503832e-06
51100.056 1.9138692522998842e-06
51150.056 2.1298117852000986e-06
51200.056 2.047675172299822e-06
51250.056 2.189978785440043e-06
51300.056 1.97792410699063e-06
51350.056 2.1245111690197125e-06
51400.056 2.0247425348994044e-06
51450.056 1.5750191746097842e-06
51500.056 2.109656270379869e-06
51550.056 2.3915773418402266e-06
51600.056 1.7520610043199198e-06
51650.056 2.0416565136196783e-06
51700.056 1.8194124388694123e-06
51750.056 1.8792972258001456e-06
51800.056 2.0692834483797735e-06
51850.056 2.1404223828999526e-06
51900.056 2.198468304000297e-06
51950.056 1.9631647356897654e-06
52000.056 1.8458071590699552e-06
52050.056 2.0978783749298507e-06
52100.056 2.0361757417194953e-06
52150.056 2.036424808730366e-06
52200.056 1.949301697880113e-06
52250.056 1.9284597430799714e-06
52300.056 1.9797801711699905e-06
52350.056 2.2778651779802306e-06
52400.056 1.791607281759979e-06
52450.056 1.9687624931699338e-06
52500.056 2.06721141767936e-06
52550.056 1.9210382226994754e-06
52600.056 2.051062895560178e-06
52650.056 2.292162147270465e-06
52700.056 2.011307541320066e-06
52750.056 1.6565468119698263e-06
52800.056 1.86704344386025e-06
52850.056 1.789401929569867e-06
52900.056 1.95218524388028e-06
52950.056 1.9273103529195754e-06
53000.056 2.0998275951297253e-06
53050.056 2.0246579555797055e-06
53100.056 1.7680801621695348e-06
53150.056 2.1364807456604817e-06
53200.056 1.6522102054203504e-06
53250.056 2.252822037199894e-06
53300.056 2.117801723110758e-06
53350.056 2.1402623769598183e-06
53400.056 1.8950168588201553e-06
53450.056 1.79798822400001e-06
53500.056 1.709902182649681e-06
53550.056 2.0631895498598804e-06
53600.056 2.0601721642703314e-06
