galfind/configs/Brown_Dwarf_templates/sonora_bobcat/m-0.5/10g/sp_t950g10nc_m-0.5_resample.dat
# %ECSV 1.0
# ---
# datatype:
# - {name: wav, unit: Angstrom, datatype: float64}
# - {name: flux_nu, unit: erg / (cm2 Hz s), datatype: float64}
# meta: {C/O: '1.00', Kzz: '1.0000E+05', Teff: '950.', Y: '0.28', '[Fe/H]': '-0.50', f_hole: '1.00', f_rain: '0.00', grav: '10.'}
# schema: astropy-2.0
wav flux_nu
4000.0559999999996 nan
4050.0559999999996 6.755835807494748e-13
4100.056 1.1929496322808555e-11
4150.056 2.034254675323267e-11
4200.056 1.6459692604481187e-11
4250.056 2.551687760970767e-11
4300.056 2.727357920250384e-11
4350.056 2.951243018580262e-11
4400.056 3.608829793790486e-11
4450.056 3.60194400979007e-11
4500.056 3.7221834262403204e-11
4550.056 4.6733611325566e-11
4600.056 5.3427368315719766e-11
4650.056 5.037885929999542e-11
4700.056 5.7136716231000345e-11
4750.056 4.93776487455975e-11
4800.056 2.408395913400013e-11
4850.056 1.144297185949955e-11
4900.056 5.83702401649992e-12
4950.056 2.756097107999978e-12
5000.056 9.796675774299941e-13
5050.056 3.7248683834999397e-13
5100.056 2.926483119799965e-13
5150.056 2.501269730099933e-13
5200.056 2.0914988202000206e-13
5250.056 1.697799982599991e-13
5300.056 1.3782572289999962e-13
5350.056 1.1390382282999972e-13
5400.056 9.608386026699963e-14
5450.056 8.137442981999948e-14
5500.056 6.885524341199975e-14
5550.056 5.840279422599985e-14
5600.056 4.9537076366999814e-14
5650.056 4.150701156100002e-14
5700.056 3.4323271206999964e-14
5750.056 2.6329244565999862e-14
5800.056 1.8072909560999902e-14
5850.056 9.152151964799878e-15
5900.056 1.8565653186131436e-15
5950.056 2.153126776860034e-14
6000.056 6.414983767800099e-14
6050.056 1.48895959782001e-13
6100.056 3.0920715945000194e-13
6150.056 6.133386409800049e-13
6200.056 1.1758541687200093e-12
6250.056 2.1811086844000165e-12
6300.056 3.903318427300034e-12
6350.056 6.765713376000059e-12
6400.056 1.1349025482200083e-11
6450.056 1.830766687899997e-11
6500.056 2.8950605833000146e-11
6550.056 4.452997903100036e-11
6600.056 6.703329361100066e-11
6650.056 9.809917005500015e-11
6700.056 9.834622063843134e-11
6750.056 1.8821170087000105e-10
6800.056 2.518277917900002e-10
6850.056 2.8323120417e-10
6900.056 2.696504430100019e-10
6950.056 2.432906308699992e-10
7000.056 2.4659513510000277e-10
7050.056 2.690848542399965e-10
7100.056 2.972245666000002e-10
7150.056 3.030351295499949e-10
7200.056 2.9445384574900565e-10
7250.056 2.7960607419598326e-10
7300.056 2.496079170509982e-10
7350.056 2.2038287091299412e-10
7400.056 1.9155470942000413e-10
7450.056 1.5664202724300227e-10
7500.056 1.1969108482499914e-10
7550.056 8.27649629739993e-11
7600.056 5.090676254399935e-11
7650.056 7.158929398786156e-12
7700.056 2.6087228001818487e-12
7750.056 3.74866637200012e-11
7800.056 9.084944126200217e-11
7850.056 2.208387521200017e-10
7900.056 3.796765727400008e-10
7950.056 4.740496194194984e-10
8000.056 9.021631177700144e-10
8050.056 1.247442889480036e-09
8100.056 1.582109544560003e-09
8150.056 2.013002830596977e-09
8200.056 2.6313748099641656e-09
8250.056 3.2923470138400224e-09
8300.056 4.122385295814355e-09
8350.056 5.002783925855546e-09
8400.056 6.082184086209773e-09
8450.056 7.60683315041964e-09
8500.056 8.120944274204678e-09
8550.056 1.026751394660015e-08
8600.056 1.2199260366799896e-08
8650.056 1.293409951129918e-08
8700.056 1.4663387335798927e-08
8750.056 1.7016379151200384e-08
8800.056 1.9991849420200984e-08
8850.056 2.2327810654098587e-08
8900.056 2.0169917920198897e-08
8950.056 1.9132782443530697e-08
9000.056 2.3877314757075233e-08
9050.056 3.2805768311624726e-08
9100.056 3.79792304917e-08
9150.056 3.9748591200657506e-08
9200.056 4.660173775194964e-08
9250.056 4.61815934916222e-08
9300.056 2.6064124712023774e-08
9350.056 2.954641623998011e-08
9400.056 3.6384237053369186e-08
9450.056 4.4567963457006215e-08
9500.056 4.4290888223140884e-08
9550.056 4.9832192793148107e-08
9600.056 4.593874916475066e-08
9650.056 5.0719674831265133e-08
9700.056 5.660474144463638e-08
9750.056 5.804302317794321e-08
9800.056 6.373877717937704e-08
9850.056 7.135152999135814e-08
9900.056 7.049002517711659e-08
9950.056 6.76873712690421e-08
10000.056 5.9494096503488514e-08
10050.056 7.815051731800176e-08
10100.056 9.516033155598386e-08
10150.056 1.0569792221497602e-07
10200.056 1.2209014551899225e-07
10250.056 1.3282443001999087e-07
10300.056 1.4164730758000457e-07
10350.056 1.6393436024899743e-07
10400.056 1.8514149512999203e-07
10450.056 1.897426756650042e-07
10500.056 1.7720665122200361e-07
10550.056 1.7570785453201427e-07
10600.056 1.8536584435800216e-07
10650.056 2.0546566819300795e-07
10700.056 2.1859623586801783e-07
10750.056 2.388429495430101e-07
10800.056 2.559407161566071e-07
10850.056 2.676390467659697e-07
10900.056 2.2448923613208103e-07
10950.056 1.494038069616325e-07
11000.056 1.3803486585111524e-07
11050.056 1.1852011846429482e-07
11100.056 9.978332775924862e-08
11150.056 7.577736373515067e-08
11200.056 6.944768280544265e-08
11250.056 8.091141129327361e-08
11300.056 8.437269042703118e-08
11350.056 4.88999420626384e-08
11400.056 6.610606449726067e-08
11450.056 6.389371152539819e-08
11500.056 6.057453698111262e-08
11550.056 3.454692313274194e-08
11600.056 4.030491913068577e-08
11650.056 5.6369222291811425e-08
11700.056 5.051037478594218e-08
11750.056 2.3855490889653377e-08
11800.056 5.5286574290653923e-08
11850.056 8.146268945453935e-08
11900.056 9.139045104882694e-08
11950.056 1.2039411479067516e-07
12000.056 1.408746389274881e-07
12050.056 1.757583274847532e-07
12100.056 2.0424168208772963e-07
12150.056 2.45098619274481e-07
12200.056 2.762146485113298e-07
12250.056 3.141214196211117e-07
12300.056 3.5449688169005606e-07
12350.056 3.6874237118101753e-07
12400.056 3.9106024122999717e-07
12450.056 3.897580581800268e-07
12500.056 4.1961841214599037e-07
12550.056 4.4265608672204197e-07
12600.056 5.115499942130245e-07
12650.056 5.06434078852988e-07
12700.056 5.336079552920966e-07
12750.056 5.220044587986414e-07
12800.056 5.329492659712382e-07
12850.056 4.808821662983052e-07
12900.056 4.334754734457929e-07
12950.056 4.3998489790356607e-07
13000.056 4.1543673579111864e-07
13050.056 3.884054219881289e-07
13100.056 3.6005673437105503e-07
13150.056 3.1133622345592463e-07
13200.056 2.768739913664142e-07
13250.056 2.2446279427955323e-07
13300.056 1.2370162334087098e-07
13350.056 4.6526171220263706e-08
13400.056 3.6949455046054655e-08
13450.056 2.3254678292380803e-08
13500.056 1.812282695088213e-08
13550.056 1.3776649319668809e-08
13600.056 7.369456994417664e-09
13650.056 1.4258827416457471e-08
13700.056 1.2476385487881368e-08
13750.056 1.0994076042454985e-08
13800.056 1.1902148318785014e-08
13850.056 1.042320350006317e-08
13900.056 1.085413972869033e-08
13950.056 9.561891150727845e-09
14000.056 9.432926576795702e-09
14050.056 1.1169034350062364e-08
14100.056 1.1105226567719988e-08
14150.056 1.4508467350887076e-08
14200.056 1.2381328618657628e-08
14250.056 1.3751087462762428e-08
14300.056 1.873755993346077e-08
14350.056 1.944725621872648e-08
14400.056 2.33402527007855e-08
14450.056 2.4999730808504637e-08
14500.056 3.7877742191673994e-08
14550.056 4.295043699442316e-08
14600.056 5.0888717230686186e-08
14650.056 5.307390469713342e-08
14700.056 4.7150801694361005e-08
14750.056 5.50858187274115e-08
14800.056 6.709457798990786e-08
14850.056 7.379081689386712e-08
14900.056 7.811492620403717e-08
14950.056 8.402202760313337e-08
15000.056 9.340345138522402e-08
15050.056 1.0593489730955921e-07
15100.056 1.1435694916160205e-07
15150.056 1.274992025666274e-07
15200.056 1.3076614273178396e-07
15250.056 1.4786845954104477e-07
15300.056 1.6394639819360443e-07
15350.056 1.7729193929897295e-07
15400.056 1.9771455787352647e-07
15450.056 2.152668225016232e-07
15500.056 2.231550148799513e-07
15550.056 2.4581407619809297e-07
15600.056 2.441974221586148e-07
15650.056 2.607755401750199e-07
15700.056 2.939578674911164e-07
15750.056 3.100948976439922e-07
15800.056 3.0115465308109405e-07
15850.056 3.217291438859828e-07
15900.056 3.021886410140238e-07
15950.056 2.936062170419364e-07
16000.056 2.487424175540005e-07
16050.056 1.8727093409509484e-07
16100.056 1.4534871148168844e-07
16150.056 1.0570585917540738e-07
16200.056 7.600485894921802e-08
16250.056 6.557529306407039e-08
16300.056 5.268966641123451e-08
16350.056 5.771935230597485e-08
16400.056 6.972173393468948e-08
16450.056 7.399114966588071e-08
16500.056 7.856096038930379e-08
16550.056 7.698777813728078e-08
16600.056 7.11809964562242e-08
16650.056 6.226026145087698e-08
16700.056 2.265639357675405e-08
16750.056 2.6539040009123686e-08
16800.056 4.597873132539404e-08
16850.056 5.271455701833388e-08
16900.056 4.2613843207181824e-08
16950.056 3.3447052853111585e-08
17000.056 2.4844371099966673e-08
17050.056 3.8682423606990376e-08
17100.056 5.0264676759221746e-08
17150.056 3.753556702432716e-08
17200.056 5.673861542996548e-08
17250.056 5.253924272479122e-08
17300.056 3.967508392549207e-08
17350.056 3.5775654753663875e-08
17400.056 4.157986044323945e-08
17450.056 4.873867864739582e-08
17500.056 5.7509045089126984e-08
17550.056 5.671871084495768e-08
17600.056 4.958055003757855e-08
17650.056 5.0088831077859125e-08
17700.056 3.842457123192028e-08
17750.056 3.882077137287214e-08
17800.056 5.491901913751429e-08
17850.056 4.210744730960189e-08
17900.056 3.6028956824954574e-08
17950.056 3.25817927069917e-08
18000.056 3.752487559553445e-08
18050.056 4.135865189366154e-08
18100.056 4.545990615784865e-08
18150.056 5.6608860220265143e-08
18200.056 3.973161121849623e-08
18250.056 6.45056920251925e-08
18300.056 5.279803464441119e-08
18350.056 4.4608580062252876e-08
18400.056 4.567812329009664e-08
18450.056 4.9515303094123986e-08
18500.056 5.43197534875361e-08
18550.056 4.698761754874476e-08
18600.056 4.2034065452380175e-08
18650.056 4.516571125576672e-08
18700.056 4.543604481969793e-08
18750.056 5.242770588125143e-08
18800.056 7.162463901032489e-08
18850.056 8.150045536647164e-08
18900.056 8.139592172864609e-08
18950.056 9.734217697334983e-08
19000.056 8.91900779096818e-08
19050.056 7.578225433526556e-08
19100.056 9.91192150900188e-08
19150.056 8.868974798388754e-08
19200.056 9.570593657233883e-08
19250.056 8.355461700797508e-08
19300.056 8.449809296920118e-08
19350.056 7.530427506262646e-08
19400.056 6.086211368179752e-08
19450.056 8.8523922849415e-08
19500.056 8.471369355918874e-08
19550.056 6.646717333801596e-08
19600.056 8.846955107428362e-08
19650.056 9.277246088884096e-08
19700.056 9.58721482477201e-08
19750.056 9.664318703067607e-08
19800.056 1.009250222608e-07
19850.056 1.1638183211177968e-07
19900.056 9.856840212577009e-08
19950.056 1.3331778626646036e-07
20000.056 1.2079091842773478e-07
20050.056 1.3184038835684545e-07
20100.056 1.4752160291443607e-07
20150.056 1.4199379894959146e-07
20200.056 1.5286979357713218e-07
20250.056 1.69816231466898e-07
20300.056 1.6727322411645386e-07
20350.056 1.8197411239124274e-07
20400.056 1.78571393006707e-07
20450.056 1.9690520559315455e-07
20500.056 2.0358711767485816e-07
20550.056 2.029552457273956e-07
20600.056 2.184855077293866e-07
20650.056 2.1565003704109328e-07
20700.056 2.2052742159126573e-07
20750.056 2.2584327144427325e-07
20800.056 2.2626805966540518e-07
20850.056 2.1981933732998797e-07
20900.056 2.229888572646326e-07
20950.056 2.1475451593296852e-07
21000.056 2.0767145717104954e-07
21050.056 2.0473903791299015e-07
21100.056 1.934682792046233e-07
21150.056 1.944074866509667e-07
21200.056 1.7934620175199798e-07
21250.056 1.693418599904539e-07
21300.056 1.4855421855025673e-07
21350.056 1.490337854838881e-07
21400.056 1.3943066981688714e-07
21450.056 1.2946961683615415e-07
21500.056 1.1918486023955435e-07
21550.056 1.0933728647901451e-07
21600.056 9.527635595284417e-08
21650.056 8.371402030161861e-08
21700.056 8.30638980917988e-08
21750.056 7.30681721061756e-08
21800.056 6.283453924496208e-08
21850.056 5.6996999659779116e-08
21900.056 4.252591791805409e-08
21950.056 2.7481382686869366e-08
22000.056 1.2960042878505165e-08
22050.056 8.532118399445016e-09
22100.056 1.2822307232475056e-08
22150.056 1.9009209768571017e-08
22200.056 2.2117872030130046e-08
22250.056 1.9295424084939145e-08
22300.056 1.6277619784514117e-08
22350.056 1.5530834796590145e-08
22400.056 1.1826749483442845e-08
22450.056 1.0292395382183738e-08
22500.056 9.45494764620257e-09
22550.056 7.965761276562352e-09
22600.056 8.357738065026973e-09
22650.056 8.850284749013548e-09
22700.056 7.713178416621614e-09
22750.056 8.28263669864902e-09
22800.056 7.3392161789825564e-09
22850.056 6.568690754283715e-09
22900.056 5.689716587396481e-09
22950.056 5.4143785358282285e-09
23000.056 6.935778912939193e-09
23050.056 9.084009679838058e-09
23100.056 1.4761234733261327e-08
23150.056 1.6900029876790864e-08
23200.056 5.3820061668410765e-09
23250.056 5.980533761471228e-09
23300.056 5.476462597870754e-09
23350.056 5.546206677374084e-09
23400.056 6.148421025927872e-09
23450.056 6.027095697162573e-09
23500.056 6.578745370394742e-09
23550.056 8.240400413868273e-09
23600.056 9.155403092544994e-09
23650.056 1.2067464092690159e-08
23700.056 8.286687870651127e-09
23750.056 6.500309295202159e-09
23800.056 6.8421615723944985e-09
23850.056 8.042227000871967e-09
23900.056 1.1760363225282293e-08
23950.056 1.3450771563015071e-08
24000.056 1.430204523017056e-08
24050.056 1.8408563276516135e-08
24100.056 1.722862759099614e-08
24150.056 1.9489610625391777e-08
24200.056 1.9068784788006865e-08
24250.056 1.6289706436225175e-08
24300.056 1.967090181686604e-08
24350.056 1.7004883528002287e-08
24400.056 2.2243393315243308e-08
24450.056 2.282235460536219e-08
24500.056 2.3355187349650224e-08
24550.056 2.8044803223730125e-08
24600.056 2.8528917283462895e-08
24650.056 3.462266793243337e-08
24700.056 2.9036735855143505e-08
24750.056 3.3133923106679746e-08
24800.056 3.489970994483822e-08
24850.056 4.247768577234117e-08
24900.056 3.260570880185004e-08
24950.056 4.7764999859056257e-08
25000.056 4.528484964361856e-08
25050.056 3.742660761843269e-08
25100.056 4.828271638262573e-08
25150.056 3.637397804969501e-08
25200.056 4.657730930393698e-08
25250.056 3.772867619319186e-08
25300.056 5.042806405680343e-08
25350.056 3.430512865469287e-08
25400.056 5.2926082604680906e-08
25450.056 3.573569000311495e-08
25500.056 3.558318417322481e-08
25550.056 3.826062456307319e-08
25600.056 3.210828411318419e-08
25650.056 2.7416130571292294e-08
25700.056 4.2682828122739273e-08
25750.056 2.3000495192460828e-08
25800.056 4.031941213710239e-08
25850.056 2.547448449935692e-08
25900.056 3.1602717709824834e-08
25950.056 2.254836184970647e-08
26000.056 4.6609897833727034e-08
26050.056 3.373594719296076e-08
26100.056 4.328040793496002e-08
26150.056 3.59189401127262e-08
26200.056 4.188810906955165e-08
26250.056 5.501025522379269e-08
26300.056 4.450710956157774e-08
26350.056 6.729127045163409e-08
26400.056 6.826367337990222e-08
26450.056 7.650803980565148e-08
26500.056 8.096909646028663e-08
26550.056 5.529601709689607e-08
26600.056 7.643439837721209e-08
26650.056 4.176356207068086e-08
26700.056 4.2205184634383406e-08
26750.056 2.965172435187772e-08
26800.056 4.741976686035305e-08
26850.056 2.8374729178493682e-08
26900.056 5.779277487500552e-08
26950.056 3.203249288220327e-08
27000.056 6.922323478169776e-08
27050.056 5.394046033891132e-08
27100.056 4.56796650281727e-08
27150.056 7.556335894874807e-08
27200.056 5.078164238686162e-08
27250.056 5.6744987462933074e-08
27300.056 1.0536874553512254e-07
27350.056 8.41691998412742e-08
27400.056 3.5799472659866936e-08
27450.056 1.0786372458680916e-07
27500.056 1.0025312956659427e-07
27550.056 5.74737372640087e-08
27600.056 9.777144669558256e-08
27650.056 5.030404257442316e-08
27700.056 4.264751486616519e-08
27750.056 9.822400979242631e-08
27800.056 4.7807422879539724e-08
27850.056 6.044816065117489e-08
27900.056 6.534172856696593e-08
27950.056 1.0164611498384838e-07
28000.056 8.67365541572638e-08
28050.056 3.714767042188381e-08
28100.056 1.0602948172146571e-07
28150.056 7.036237735699245e-08
28200.056 4.0863399990464336e-08
28250.056 9.945432555830766e-08
28300.056 1.2648450313254092e-07
28350.056 5.530451206193098e-08
28400.056 8.092475129997851e-08
28450.056 1.0045818295840196e-07
28500.056 8.635977996625536e-08
28550.056 3.912966989451515e-08
28600.056 1.168269147612411e-07
28650.056 1.0047110422204006e-07
28700.056 9.120037018613707e-08
28750.056 1.214367840662328e-07
28800.056 1.0012246958597139e-07
28850.056 1.1958530983695313e-07
