galfind/configs/Brown_Dwarf_templates/sonora_bobcat/m-0.5/10g/sp_t450g10nc_m-0.5_resample.dat
# %ECSV 1.0
# ---
# datatype:
# - {name: wav, unit: Angstrom, datatype: float64}
# - {name: flux_nu, unit: erg / (cm2 Hz s), datatype: float64}
# meta: {C/O: '1.00', Kzz: '1.0000E+05', Teff: '450.', Y: '0.28', '[Fe/H]': '-0.50', f_hole: '1.00', f_rain: '0.00', grav: '10.'}
# schema: astropy-2.0
wav flux_nu
4000.0559999999996 nan
4050.0559999999996 3.439824169724884e-18
4100.056 9.195848410570268e-16
4150.056 9.991604866400022e-15
4200.056 1.0319088952305068e-14
4250.056 9.061321118999996e-14
4300.056 2.031846032100027e-13
4350.056 3.512840551700028e-13
4400.056 5.649679515700034e-13
4450.056 8.784567656700037e-13
4500.056 1.190769301770017e-12
4550.056 1.203890515468355e-12
4600.056 4.4419465193699846e-13
4650.056 2.453045662499998e-13
4700.056 9.290802158999907e-14
4750.056 1.744809993369966e-14
4800.056 3.497040883699955e-15
4850.056 8.9755486836999e-16
4900.056 4.157161830099979e-16
4950.056 2.746530952199989e-16
5000.056 1.9471704357999873e-16
5050.056 1.5886648417200247e-16
5100.056 1.7612439689000148e-16
5150.056 2.0191207723000046e-16
5200.056 2.3093365047e-16
5250.056 2.6600063937e-16
5300.056 3.0551033257000006e-16
5350.056 3.5077898595000067e-16
5400.056 4.0243660996999997e-16
5450.056 4.561200819700009e-16
5500.056 5.118718178000026e-16
5550.056 5.684244317500012e-16
5600.056 6.220536510600002e-16
5650.056 6.648495903299994e-16
5700.056 6.733374662100004e-16
5750.056 6.409579696799996e-16
5800.056 5.404694779099975e-16
5850.056 3.492413870199936e-16
5900.056 9.941335939300879e-17
5950.056 7.412245270600277e-16
6000.056 1.8565344073099916e-15
6050.056 3.633508967500055e-15
6100.056 6.159632827200054e-15
6150.056 9.70211507180006e-15
6200.056 1.4682461994000077e-14
6250.056 2.1444716870000018e-14
6300.056 3.0597646709000134e-14
6350.056 4.2671703199000285e-14
6400.056 5.834908612500012e-14
6450.056 7.521745308599763e-14
6500.056 1.0116034583299906e-13
6550.056 1.365259030339986e-13
6600.056 1.8393342195500755e-13
6650.056 2.468181354150017e-13
6700.056 3.162152293160038e-13
6750.056 4.266524147400019e-13
6800.056 5.319303805800051e-13
6850.056 6.171059456100023e-13
6900.056 6.185344555500224e-13
6950.056 5.892443168705932e-13
7000.056 6.561661553080063e-13
7050.056 7.178266594349848e-13
7100.056 8.083881719929799e-13
7150.056 7.466950806632695e-13
7200.056 7.212678248717436e-13
7250.056 7.895074635753486e-13
7300.056 8.125660184420537e-13
7350.056 8.784225674089146e-13
7400.056 9.28587478720052e-13
7450.056 9.608563992900484e-13
7500.056 9.386600677599963e-13
7550.056 8.507910475199959e-13
7600.056 7.119208153599952e-13
7650.056 2.0511957588099034e-13
7700.056 1.3845349701260534e-13
7750.056 7.349627934700127e-13
7800.056 1.282618942984007e-12
7850.056 2.2111286202999918e-12
7900.056 3.146794376799919e-12
7950.056 3.742200132310033e-12
8000.056 5.574928117320037e-12
8050.056 6.999003599700265e-12
8100.056 7.162610541685535e-12
8150.056 7.746659941726063e-12
8200.056 1.1214570497168935e-11
8250.056 1.2781662535966739e-11
8300.056 1.5670050913197333e-11
8350.056 1.6962498178266854e-11
8400.056 2.010335076577221e-11
8450.056 2.6151082751539317e-11
8500.056 3.002504021339844e-11
8550.056 3.88929724520005e-11
8600.056 4.8269613710000554e-11
8650.056 5.669371391800101e-11
8700.056 6.189175709500114e-11
8750.056 7.069673377600036e-11
8800.056 7.55174549100005e-11
8850.056 6.632576930399574e-11
8900.056 1.8588422688799213e-11
8950.056 2.3394570964105097e-11
9000.056 1.8461677877757093e-11
9050.056 5.869799714340788e-11
9100.056 7.807902788978936e-11
9150.056 9.948724678454121e-11
9200.056 1.6611176843139363e-10
9250.056 1.6845015905813448e-10
9300.056 3.3923594168044143e-11
9350.056 4.1346024609404976e-11
9400.056 8.565804994444358e-11
9450.056 1.0725951501136549e-10
9500.056 9.244389305958984e-11
9550.056 1.1132795161117534e-10
9600.056 1.0684334391635333e-10
9650.056 1.5289050814007263e-10
9700.056 2.5762281692291685e-10
9750.056 2.459356884997595e-10
9800.056 2.655246841926574e-10
9850.056 2.9576874966956416e-10
9900.056 3.8408723693124727e-10
9950.056 3.5602445405244814e-10
10000.056 3.630797363606561e-10
10050.056 4.579590160970314e-10
10100.056 5.747959143649373e-10
10150.056 5.580194787270081e-10
10200.056 5.322230961499877e-10
10250.056 6.85813573949305e-10
10300.056 9.282379741766218e-10
10350.056 8.856439434617434e-10
10400.056 1.4447140882562455e-09
10450.056 1.951420936238437e-09
10500.056 2.4376360194684173e-09
10550.056 3.030676620230148e-09
10600.056 3.326860372649882e-09
10650.056 3.48684488850009e-09
10700.056 3.265067286843016e-09
10750.056 3.3092932995523692e-09
10800.056 3.11059571212224e-09
10850.056 2.6648599452698093e-09
10900.056 1.8612585695082656e-09
10950.056 9.338168216329903e-10
11000.056 6.192322448483184e-10
11050.056 3.6705964682923707e-10
11100.056 2.006252761301434e-10
11150.056 7.366297124147697e-11
11200.056 4.055756227579079e-11
11250.056 4.564565878460345e-11
11300.056 8.552444370514918e-11
11350.056 2.4451576758988078e-11
11400.056 7.654975429593385e-11
11450.056 5.983910209337806e-11
11500.056 3.678771230591779e-11
11550.056 6.4341155284957645e-12
11600.056 5.412790934573392e-12
11650.056 2.2827420256357935e-11
11700.056 2.4112518416132734e-11
11750.056 3.5356435817395826e-12
11800.056 2.724261749862366e-11
11850.056 4.3331990327493e-11
11900.056 4.2846885303094096e-11
11950.056 6.932193812505835e-11
12000.056 1.2377932182359553e-10
12050.056 2.1963017135257033e-10
12100.056 3.6288575500559105e-10
12150.056 5.810951478969064e-10
12200.056 7.402804901062223e-10
12250.056 1.1968903447411443e-09
12300.056 1.9232470472488476e-09
12350.056 2.1708262596765946e-09
12400.056 3.3489135035383313e-09
12450.056 4.748776832096561e-09
12500.056 5.483361813281139e-09
12550.056 6.639318685988017e-09
12600.056 8.127719532412435e-09
12650.056 9.06174354603544e-09
12700.056 9.323491117788e-09
12750.056 7.1487391881005565e-09
12800.056 5.285139736763904e-09
12850.056 3.25946558529147e-09
12900.056 2.548490508956515e-09
12950.056 2.131671249073928e-09
13000.056 1.993850293372391e-09
13050.056 1.2483564789843052e-09
13100.056 1.0957381260291816e-09
13150.056 6.828552191723472e-10
13200.056 6.296012217117987e-10
13250.056 5.010996656955997e-10
13300.056 1.906954774793455e-10
13350.056 5.980978125182722e-11
13400.056 4.104880274534042e-11
13450.056 1.3665328906790875e-11
13500.056 5.7285991875292086e-12
13550.056 2.4917240489521606e-12
13600.056 4.440994457142318e-13
13650.056 3.7923359955046644e-12
13700.056 2.092964378732797e-12
13750.056 3.2730389721768e-12
13800.056 2.6723208586612904e-12
13850.056 1.633896064781074e-12
13900.056 2.644310825103408e-12
13950.056 1.8118364779070702e-12
14000.056 2.1471035267909244e-12
14050.056 3.8291370456406425e-12
14100.056 4.552058644867357e-12
14150.056 8.992035721047882e-12
14200.056 5.269914662810015e-12
14250.056 8.28732444984874e-12
14300.056 1.854693071708992e-11
14350.056 2.0466295420365444e-11
14400.056 2.281337400202328e-11
14450.056 3.615353330640273e-11
14500.056 7.754185899744133e-11
14550.056 8.367643888099981e-11
14600.056 8.727280952150336e-11
14650.056 4.9585231065937184e-11
14700.056 2.2444634317456615e-11
14750.056 1.0329303756680341e-11
14800.056 2.240172576147887e-11
14850.056 3.2783119413923685e-11
14900.056 3.326315655144856e-11
14950.056 2.2123385155865704e-11
15000.056 5.724688791767867e-11
15050.056 4.43188381562924e-11
15100.056 2.7711863268518918e-11
15150.056 2.001907795862725e-11
15200.056 4.217994592358524e-11
15250.056 9.29346792247647e-11
15300.056 1.1075682402690449e-10
15350.056 1.514512788833813e-10
15400.056 2.2380124948387334e-10
15450.056 3.0351156811410175e-10
15500.056 3.492096667840025e-10
15550.056 6.189170630481094e-10
15600.056 8.183688022682787e-10
15650.056 1.3414245718881754e-09
15700.056 1.9480968589870727e-09
15750.056 2.6260288729123115e-09
15800.056 2.994909562790106e-09
15850.056 3.5862403103767028e-09
15900.056 3.5622792790471172e-09
15950.056 3.5218045217890736e-09
16000.056 2.7181820434106975e-09
16050.056 1.529748247530745e-09
16100.056 9.618564835791394e-10
16150.056 5.040908505956746e-10
16200.056 2.667555107666301e-10
16250.056 1.756794177809355e-10
16300.056 1.0527686996725463e-10
16350.056 1.273253527042276e-10
16400.056 1.624628741876417e-10
16450.056 1.340057702901663e-10
16500.056 1.1199733957128634e-10
16550.056 1.1748011913387653e-10
16600.056 1.7122277572267527e-10
16650.056 1.2752732709170808e-10
16700.056 1.8401194300762325e-11
16750.056 6.294970542797596e-11
16800.056 1.0787581936937703e-10
16850.056 1.2854257206679867e-10
16900.056 6.205966721397526e-11
16950.056 3.4047413608421805e-11
17000.056 1.9107269948641057e-11
17050.056 4.0215322262882534e-11
17100.056 7.121635601510698e-11
17150.056 3.633923351834442e-11
17200.056 1.3475551552613912e-10
17250.056 8.093128746147503e-11
17300.056 4.698808482550913e-11
17350.056 5.162780348125633e-11
17400.056 9.226377741750853e-11
17450.056 1.2716685302077588e-10
17500.056 1.696925782864368e-10
17550.056 1.5703312998724747e-10
17600.056 1.189841420714916e-10
17650.056 1.1261225238313622e-10
17700.056 8.283679563008693e-11
17750.056 8.794022193329844e-11
17800.056 2.156183701220136e-10
17850.056 1.0174299518356263e-10
17900.056 7.304042481547634e-11
17950.056 6.271172873215585e-11
18000.056 9.159002540904713e-11
18050.056 8.725491647506407e-11
18100.056 1.0993188018289614e-10
18150.056 9.411893717501687e-11
18200.056 6.767752333008074e-11
18250.056 1.9071514194673248e-10
18300.056 6.036168321789165e-11
18350.056 4.348740068354007e-11
18400.056 3.345081567790308e-11
18450.056 1.1456101245074931e-10
18500.056 1.0767855482521912e-10
18550.056 6.963054363709613e-11
18600.056 9.216120956059997e-11
18650.056 6.791469461620445e-11
18700.056 2.30083537832119e-11
18750.056 5.008751130719555e-11
18800.056 1.5421875694899386e-10
18850.056 1.5210781949810482e-10
18900.056 1.3572606021404232e-10
18950.056 1.7794910847209792e-10
19000.056 6.937594301118373e-11
19050.056 3.6158588829817406e-11
19100.056 6.677611460133516e-11
19150.056 3.556777843030491e-11
19200.056 4.269197982156281e-11
19250.056 3.567096435861629e-11
19300.056 2.564400632004302e-11
19350.056 2.1975112945726258e-11
19400.056 2.007482010776272e-11
19450.056 3.147389893421293e-11
19500.056 2.0565718270818393e-11
19550.056 3.0159880794408903e-11
19600.056 6.668491524733681e-11
19650.056 4.561309367735905e-11
19700.056 5.222102629979874e-11
19750.056 8.081363437950069e-11
19800.056 5.89319978415356e-11
19850.056 7.360365520062422e-11
19900.056 8.966624476370254e-11
19950.056 1.1378567324565915e-10
20000.056 1.4314968234904388e-10
20050.056 1.1386630754821551e-10
20100.056 1.83480830467332e-10
20150.056 1.0274683866283349e-10
20200.056 8.038692573848299e-11
20250.056 1.4498965636094744e-10
20300.056 1.693512365376652e-10
20350.056 1.774790795555342e-10
20400.056 1.6077631595621992e-10
20450.056 2.373267218092122e-10
20500.056 2.812871600434505e-10
20550.056 3.101033854581589e-10
20600.056 3.200888467840757e-10
20650.056 3.8840572660521024e-10
20700.056 4.2093269817301005e-10
20750.056 4.668952782604038e-10
20800.056 4.478050001096805e-10
20850.056 4.987468550340373e-10
20900.056 5.319192872448501e-10
20950.056 5.059303429070461e-10
21000.056 4.997844062790975e-10
21050.056 5.297236042998985e-10
21100.056 5.051496407730603e-10
21150.056 5.085040056249466e-10
21200.056 4.827373647267113e-10
21250.056 4.58298507922048e-10
21300.056 4.0723427824511905e-10
21350.056 4.078012572677995e-10
21400.056 4.0746428770883966e-10
21450.056 3.4274886035228275e-10
21500.056 3.1414195583662173e-10
21550.056 2.865235094571753e-10
21600.056 2.5035150132258666e-10
21650.056 1.968982195125818e-10
21700.056 1.8338031608303934e-10
21750.056 1.8075909126560473e-10
21800.056 1.3947696660129735e-10
21850.056 1.3795498942980295e-10
21900.056 1.0192507315412378e-10
21950.056 4.167918318961705e-11
22000.056 9.440632912959223e-12
22050.056 1.1391076417150433e-11
22100.056 3.976200811945204e-11
22150.056 3.779846585668219e-11
22200.056 3.936896334930518e-11
22250.056 3.144681459035598e-11
22300.056 1.7957173881407977e-11
22350.056 2.3208147233502905e-11
22400.056 9.873507420862375e-12
22450.056 1.2813695067193829e-11
22500.056 9.701828032940165e-12
22550.056 6.637512555567332e-12
22600.056 5.315402450690799e-12
22650.056 9.546223131114473e-12
22700.056 7.887045493470469e-12
22750.056 8.66570146256643e-12
22800.056 9.189926177421847e-12
22850.056 6.8992727532142755e-12
22900.056 4.8903872384076156e-12
22950.056 4.4460254915348424e-12
23000.056 6.249439288694682e-12
23050.056 7.800534051009158e-12
23100.056 3.085540835792192e-11
23150.056 2.9167090236161714e-11
23200.056 2.088754408214951e-12
23250.056 6.138782086966471e-12
23300.056 6.199434715793148e-12
23350.056 9.203053946697806e-12
23400.056 7.973172588871814e-12
23450.056 5.238180478052803e-12
23500.056 5.4064718245403545e-12
23550.056 1.0012605413740767e-11
23600.056 1.6159700111939054e-11
23650.056 2.4815436031803515e-11
23700.056 6.447970006897825e-12
23750.056 5.396002587754799e-12
23800.056 1.9090288934414333e-11
23850.056 1.456476966413452e-11
23900.056 2.8819584934431677e-11
23950.056 1.8881975224269502e-11
24000.056 3.4888560179329375e-11
24050.056 4.422946124985466e-11
24100.056 4.825442643365561e-11
24150.056 6.721870070960715e-11
24200.056 4.809014385706241e-11
24250.056 3.887660375197845e-11
24300.056 6.449002430506447e-11
24350.056 5.8071581252143554e-11
24400.056 1.1156769053755047e-10
24450.056 1.292994148861705e-10
24500.056 1.2254092621636514e-10
24550.056 1.6874544030450588e-10
24600.056 1.814404386694657e-10
24650.056 2.634325814168725e-10
24700.056 1.756780605552598e-10
24750.056 2.3391320470199886e-10
24800.056 2.2289673826800687e-10
24850.056 3.4227260037404626e-10
24900.056 1.9509670946871492e-10
24950.056 3.581886705934582e-10
25000.056 3.6877317637367707e-10
25050.056 2.6742500392912433e-10
25100.056 3.902310212766778e-10
25150.056 2.0611067332956744e-10
25200.056 3.2139518329377093e-10
25250.056 1.565645134157965e-10
25300.056 2.265939935207908e-10
25350.056 1.1131676591492055e-10
25400.056 2.6212155882526244e-10
25450.056 9.058842781005252e-11
25500.056 8.012973489587552e-11
25550.056 1.5139616846063196e-10
25600.056 7.467580250999195e-11
25650.056 4.5833770293745675e-11
25700.056 6.321780547395139e-11
25750.056 1.748793186288895e-11
25800.056 9.132295140854954e-11
25850.056 1.7808010878731293e-11
25900.056 2.5286507610270896e-11
25950.056 6.5793628896877546e-12
26000.056 8.325835954852817e-11
26050.056 1.0845383456520717e-11
26100.056 5.240584999623749e-11
26150.056 2.390091147204307e-11
26200.056 3.2845509965417796e-11
26250.056 1.934218507525513e-10
26300.056 4.6110021081149845e-11
26350.056 2.789463703254804e-10
26400.056 3.741541921259641e-10
26450.056 3.232646089798452e-10
26500.056 6.002425121345227e-10
26550.056 8.566326355085698e-11
26600.056 1.1093903573754812e-10
26650.056 1.672056098528434e-11
26700.056 9.840869109834319e-12
26750.056 1.3874038365541423e-11
26800.056 4.4403556592754125e-11
26850.056 2.4238484378813102e-11
26900.056 1.228928864333637e-10
26950.056 4.0240658011373843e-11
27000.056 2.2452049421539145e-10
27050.056 2.419473468569628e-10
27100.056 3.3193640686849446e-11
27150.056 3.0810000238404583e-10
27200.056 3.267543185616095e-11
27250.056 1.0887796602762056e-10
27300.056 6.799475054669943e-10
27350.056 2.5502431138364195e-10
27400.056 1.3316427056285685e-11
27450.056 3.1742864149591395e-10
27500.056 3.5877664277071017e-10
27550.056 6.244725928786507e-11
27600.056 1.8207277573708033e-10
27650.056 4.752982333933974e-11
27700.056 4.0503871265514334e-11
27750.056 2.599101766039789e-10
27800.056 7.003474872556901e-11
27850.056 1.2224993351191385e-10
27900.056 1.1774600307606978e-10
27950.056 3.099323465057659e-10
28000.056 2.8727559521357673e-10
28050.056 3.513150863518103e-11
28100.056 2.5772290610248383e-10
28150.056 2.050759437061348e-10
28200.056 5.758353008785019e-11
28250.056 3.5323776220105007e-10
28300.056 3.284841442807008e-10
28350.056 7.645814397501816e-11
28400.056 2.471397581402248e-10
28450.056 4.1182145801234426e-10
28500.056 2.654593478036025e-10
28550.056 6.2901707580551e-11
28600.056 4.495903432217611e-10
28650.056 2.9228838917887445e-10
28700.056 4.353336808286094e-10
28750.056 6.095523185832336e-10
28800.056 2.8016701593787316e-10
28850.056 6.088118061599589e-10
