galfind/configs/Brown_Dwarf_templates/sonora_bobcat/m-0.5/10g/sp_t250g10nc_m-0.5_resample.dat
# %ECSV 1.0
# ---
# datatype:
# - {name: wav, unit: Angstrom, datatype: float64}
# - {name: flux_nu, unit: erg / (cm2 Hz s), datatype: float64}
# meta: {C/O: '1.00', Kzz: '1.0000E+05', Teff: '250.', Y: '0.28', '[Fe/H]': '-0.50', f_hole: '1.00', f_rain: '0.00', grav: '10.'}
# schema: astropy-2.0
wav flux_nu
[from data line 499]
28950.056 5.036801500874002e-13
29000.056 2.1619551766312654e-13
29050.056 4.1709732719497124e-13
29100.056 1.4842979583984656e-13
29150.056 9.518663210160989e-14
29200.056 1.7149999800555288e-12
29250.056 6.234597882320043e-13
29300.056 3.3323165392941455e-13
29350.056 1.0268170222922755e-12
29400.056 7.532834058685351e-13
29450.056 1.1936147567547002e-13
29500.056 1.5380176482911228e-12
29550.056 3.061334329405575e-13
29600.056 2.4582799579699477e-13
29650.056 1.8551067512044435e-12
29700.056 2.0233495902264642e-13
29750.056 1.8127586617529667e-12
29800.056 5.306408881393707e-13
29850.056 1.7009220641886082e-12
29900.056 4.904656950568312e-13
29950.056 7.581696740769307e-13
30000.056 3.889746748204149e-15
30050.056 8.878910097091129e-14
30100.056 6.900060485676129e-13
30150.056 2.559694387084433e-12
30200.056 1.2897464299288667e-12
30250.056 1.7950210009491951e-12
30300.056 3.4530061235186934e-12
30350.056 3.2999909690804324e-13
30400.056 3.1723631667133012e-12
30450.056 4.4861099439466896e-12
30500.056 4.928589878350166e-13
30550.056 6.061075511791834e-13
30600.056 2.3484494925495868e-11
30650.056 6.691951276389648e-12
30700.056 1.0935454398448582e-12
30750.056 4.639241651227969e-12
30800.056 8.976721356686229e-12
30850.056 7.850902407250805e-12
30900.056 2.970318805892322e-12
30950.056 1.5977596478931335e-12
31000.056 2.945554003571989e-12
31050.056 6.713884539990323e-13
31100.056 7.280953375605427e-13
31150.056 1.5268413185714592e-12
31200.056 1.2165354433703666e-11
31250.056 6.607446078935039e-12
31300.056 1.6923379122364713e-12
31350.056 1.1882743348342006e-11
31400.056 8.709871603129778e-12
31450.056 7.320912472464332e-12
31500.056 1.6539245798775045e-12
31550.056 3.945582570445005e-12
31600.056 3.495868955443306e-12
31650.056 2.700429584530533e-12
31700.056 1.505848176088252e-12
31750.056 9.371609747275308e-13
31800.056 1.3977445023358668e-12
31850.056 1.5948649418242122e-13
31900.056 3.7285206779288135e-13
31950.056 2.7872510395310767e-13
32000.056 9.123824789452849e-14
32050.056 1.7495898775508588e-13
32100.056 1.669751884029465e-13
32150.056 8.949967962923742e-14
32200.056 3.245756488810444e-14
32250.056 7.866262923034967e-14
32300.056 1.4857978078517942e-14
32350.056 6.08335337970497e-14
32400.056 2.55389692976787e-15
32450.056 2.953362182735761e-14
32500.056 2.0034029153483078e-15
32550.056 1.9680190766543306e-14
32600.056 9.230513867746815e-16
32650.056 5.869047430283176e-14
32700.056 1.9342997672563326e-15
32750.056 1.9524037748503378e-13
32800.056 5.346895220089033e-14
32850.056 9.202320860914277e-13
32900.056 5.87638587270517e-13
32950.056 6.555195556379644e-13
33000.056 1.2384642834629738e-13
33050.056 6.937808075149602e-14
33100.056 8.729815585738623e-15
33150.056 7.843038439789487e-18
33200.056 1.0093278288810467e-15
33250.056 2.076558758860756e-15
33300.056 6.080076784037375e-14
33350.056 6.945767537325978e-14
33400.056 5.677805340916065e-13
33450.056 4.885088941284362e-14
33500.056 4.564394161107049e-13
33550.056 4.957597653108345e-14
33600.056 1.9509945271073262e-13
33650.056 2.0301214383632633e-13
33700.056 2.0366721724435995e-14
33750.056 2.7847215694892325e-13
33800.056 6.85874071206378e-15
33850.056 1.2846367589670414e-13
33900.056 1.5615008136318512e-13
33950.056 1.6562647966069868e-13
34000.056 4.798699814854115e-13
34050.056 6.982680745951823e-14
34100.056 6.003136656065511e-13
34150.056 1.9691317315846047e-13
34200.056 9.771745383736618e-13
34250.056 2.685962082207567e-13
34300.056 4.833937439651711e-13
34350.056 2.7922563492592214e-12
34400.056 3.258404126632501e-13
34450.056 1.7664425129829936e-12
34500.056 4.435917998839872e-13
34550.056 1.2763116545541012e-12
34600.056 6.4977675438844355e-12
34650.056 2.125016761085276e-13
34700.056 2.7259119859368144e-12
34750.056 1.4997972795853293e-12
34800.056 1.2046012303860981e-12
34850.056 5.67268870729901e-12
34900.056 4.0086130221804085e-13
34950.056 7.810508344294836e-12
35000.056 8.26757680678058e-12
35050.056 8.341483282013845e-12
35100.056 1.3933168625255874e-11
35150.056 1.0307291068293895e-11
35200.056 8.504248284625654e-12
35250.056 1.8736554651404974e-11
35300.056 4.635542802356987e-12
35350.056 2.5688896259561256e-12
35400.056 1.5262623206967622e-12
35450.056 1.941132788580916e-12
35500.056 9.603831925894827e-12
35550.056 4.317190490171242e-12
35600.056 1.2053720402657588e-11
35650.056 2.2201837994411096e-11
35700.056 2.3858519222535396e-11
35750.056 1.3365419480474072e-11
35800.056 6.971809100128984e-12
35850.056 2.951740490598417e-12
35900.056 3.5657283892973947e-12
35950.056 7.0307525291031094e-12
36000.056 1.1203104110686189e-11
36050.056 7.142518112574782e-12
36100.056 6.687631186624618e-12
36150.056 4.1187363659358744e-11
36200.056 2.8408932697938265e-11
36250.056 1.3851661766248403e-11
36300.056 6.438275028272132e-11
36350.056 2.9136925463271696e-11
36400.056 5.081218625956553e-11
36450.056 4.0016022339535836e-11
36500.056 3.721249033220227e-11
36550.056 1.0448894639437147e-10
36600.056 8.006199493368696e-11
36650.056 4.284766612639785e-11
36700.056 7.849464451600421e-11
36750.056 1.0107219754990679e-10
36800.056 1.364949854170216e-10
36850.056 3.1999113507041674e-11
36900.056 6.565388810290499e-11
36950.056 1.394518553144205e-10
37000.056 7.596966887140532e-11
37050.056 1.4888675235941052e-10
37100.056 4.303903491048827e-11
37150.056 6.743687666769225e-11
37200.056 2.1443288155448445e-10
37250.056 1.1004398408458211e-10
37300.056 3.6260373912769683e-11
37350.056 7.969518771476931e-11
37400.056 1.387743405448574e-10
37450.056 3.844132015201163e-11
37500.056 9.157469485028277e-11
37550.056 2.354527629193101e-10
37600.056 5.003072836797482e-10
37650.056 7.16025963173429e-11
37700.056 1.5945591971673563e-10
37750.056 1.3821215966655792e-10
37800.056 9.677672293480492e-11
37850.056 4.159435363967058e-11
37900.056 4.8050770103647026e-11
37950.056 1.4113453606862848e-10
38000.056 1.3666930620290426e-10
38050.056 3.411819050243856e-10
38100.056 3.659292321534056e-10
38150.056 5.846493097171081e-10
38200.056 3.4717836678870946e-10
38250.056 5.96753070763741e-10
38300.056 9.313462072407883e-10
38350.056 5.14207471297144e-10
38400.056 1.0459761188415578e-10
38450.056 2.009607501015652e-11
38500.056 2.15944511712626e-11
38550.056 1.7762626207369857e-10
38600.056 2.1580805472981148e-10
38650.056 2.553620791792677e-10
38700.056 7.676198332251737e-11
38750.056 1.8990930184647897e-10
38800.056 1.717956647684714e-10
38850.056 2.805976505104315e-10
38900.056 3.2534298555394817e-10
38950.056 1.500382430165114e-10
39000.056 4.916861609847804e-10
39050.056 9.813896800827327e-11
39100.056 2.7453271077532896e-10
39150.056 5.761657874746004e-10
39200.056 2.8085213015498164e-10
39250.056 7.00976807281408e-10
39300.056 2.7129536967977816e-10
39350.056 8.560627586699602e-10
39400.056 2.9796887716090327e-10
39450.056 6.499942701058414e-10
39500.056 5.52207423005752e-10
39550.056 1.533376797193079e-10
39600.056 6.61118073656655e-10
39650.056 6.876280880666957e-10
39700.056 8.443755012658399e-10
39750.056 2.46670827276945e-10
39800.056 2.598117496561972e-10
39850.056 8.550408877012702e-10
39900.056 1.3740696343641983e-09
39950.056 2.899234982790645e-10
40000.056 7.214684676712936e-10
40050.056 9.454846259053628e-10
40100.056 2.2701397848111359e-10
40150.056 8.460653199758772e-10
40200.056 9.683381505368344e-10
40250.056 1.1493521467052534e-09
40300.056 1.2037925065297627e-09
40350.056 5.107699585422428e-10
40400.056 7.209149900581325e-10
40450.056 2.3423466168507145e-10
40500.056 1.2667410699030027e-09
40550.056 1.395496711402276e-09
40600.056 1.000439574858006e-09
40650.056 6.126629277700871e-10
40700.056 1.336351636098156e-09
40750.056 9.091556525051573e-10
40800.056 4.641488709175366e-10
40850.056 2.318909830134651e-09
40900.056 1.894650769581569e-09
40950.056 1.592418554245557e-09
41000.056 8.935406037202167e-10
41050.056 2.4436278024592393e-09
41100.056 1.9543218364707486e-09
41150.056 4.263579291557612e-10
41200.056 2.775696012376556e-09
41250.056 1.6541196935283781e-09
41300.056 1.690832959459245e-09
41350.056 3.0166283691598373e-09
41400.056 2.1719939476397544e-09
41450.056 3.518038689428782e-09
41500.056 1.87393714577255e-09
41550.056 1.4420401347992478e-09
41600.056 1.6551959353255835e-09
41650.056 3.0170308741747374e-09
41700.056 4.506306228689187e-09
41750.056 3.107133722925392e-09
41800.056 2.7620203490105047e-09
41850.056 2.962559741015796e-09
41900.056 1.8846394673941202e-09
41950.056 1.8074947742529612e-09
42000.056 3.74527543363099e-10
42050.056 9.643849079657266e-10
42100.056 1.0691350782459148e-09
42150.056 1.6031068225850424e-09
42200.056 2.6293561911027326e-09
42250.056 1.76070946218519e-09
42300.056 1.4415980025431693e-09
42350.056 3.259174898888076e-09
42400.056 4.502202619260699e-09
42450.056 5.147944341101028e-09
42500.056 5.404760960599233e-09
42550.056 4.278190687049249e-09
42600.056 3.720814570810718e-09
42650.056 5.843418023358318e-09
42700.056 1.9186412187204752e-09
42750.056 5.26562856991113e-09
42800.056 8.720548024100728e-09
42850.056 8.14733857699838e-09
42900.056 7.511546399751132e-09
42950.056 6.690480640780155e-09
43000.056 7.724229384260643e-09
43050.056 3.42511453827925e-09
43100.056 5.45178966333406e-09
43150.056 4.717439037690341e-09
43200.056 8.831832457200655e-09
43250.056 9.772992598810443e-09
43300.056 9.639376017900101e-09
43350.056 5.659860309018118e-09
43400.056 8.037488403470608e-09
43450.056 4.339085766123931e-09
43500.056 3.563072594283844e-09
43550.056 4.6262834747804184e-09
43600.056 9.31440667840133e-09
43650.056 5.482838938499972e-09
43700.056 1.0051347633803396e-08
43750.056 1.0635106321698418e-08
43800.056 8.320072164698717e-09
43850.056 7.516171806730727e-09
43900.056 4.957544393633377e-09
43950.056 3.205741942859792e-09
44000.056 3.92229533703954e-09
44050.056 1.0598573919999918e-08
44100.056 1.2325585494399934e-08
44150.056 1.1390630510619678e-08
44200.056 1.115495823730069e-08
44250.056 5.539500834699255e-09
44300.056 4.391943069400527e-09
44350.056 4.31641367269336e-09
44400.056 3.6685873858098585e-09
44450.056 8.625976514991004e-09
44500.056 7.91706253500098e-09
44550.056 1.0745983180699723e-08
44600.056 8.615688084259673e-09
44650.056 7.697758358841178e-09
44700.056 5.681292542739124e-09
44750.056 1.0076786750301763e-08
44800.056 5.404663817358266e-09
44850.056 7.075772079580312e-09
44900.056 7.849892405440218e-09
44950.056 9.186152702301313e-09
45000.056 1.1855076117300658e-08
45050.056 9.246001408198588e-09
45100.056 8.436396441860017e-09
45150.056 6.733102766648586e-09
45200.056 5.288983427770501e-09
45250.056 6.638608664858156e-09
45300.056 6.479242389510831e-09
45350.056 4.100929353135184e-09
45400.056 1.402552820300129e-08
45450.056 9.952073908970937e-09
45500.056 1.2950846659610402e-08
45550.056 1.3048531957796808e-08
45600.056 1.070257108620174e-08
45650.056 9.536126364749926e-09
45700.056 6.025542481609442e-09
45750.056 5.7748945687904746e-09
45800.056 1.3239791235000842e-08
45850.056 8.954728037150457e-09
45900.056 1.3324787397799253e-08
45950.056 1.4041805502899445e-08
46000.056 1.2693659562201403e-08
46050.056 8.889221678231287e-09
46100.056 1.6209365608999325e-08
46150.056 9.8012629021001e-09
46200.056 7.57228682190873e-09
46250.056 2.7226119192178315e-09
46300.056 9.17832533829998e-09
46350.056 8.84057311410148e-09
46400.056 8.970865903600234e-09
46450.056 8.178925500140701e-09
46500.056 9.638272640481615e-09
46550.056 4.387394861539804e-09
46600.056 6.060947579033143e-09
46650.056 1.023316604520052e-08
46700.056 7.128210209098362e-09
46750.056 2.6834213190404576e-09
46800.056 1.5289450513069667e-09
46850.056 9.127105657601384e-09
46900.056 1.1046211016099489e-08
46950.056 1.150482068299959e-08
47000.056 1.1647401844501136e-08
47050.056 6.942485693914087e-09
47100.056 5.628249873220661e-09
47150.056 9.219770394101012e-09
47200.056 9.939690456499047e-09
47250.056 4.554601035099247e-09
47300.056 3.056695105084721e-09
47350.056 1.0490619970901076e-08
47400.056 1.0611892810298898e-08
47450.056 6.399585514330182e-09
47500.056 1.0878104241334622e-08
47550.056 1.0563562273700157e-08
47600.056 7.646641189309128e-09
47650.056 9.297142749811734e-09
47700.056 7.173913848830444e-09
47750.056 5.647685988549962e-09
47800.056 3.915808446800662e-09
47850.056 1.4301819890223127e-09
47900.056 2.8142570456340188e-09
47950.056 8.092235878200146e-09
48000.056 1.0557865285399512e-08
48050.056 8.046965731700233e-09
48100.056 3.6204383859364968e-09
48150.056 7.53405102240026e-09
48200.056 3.745428745007486e-09
48250.056 5.575696382859785e-09
48300.056 1.0250662142499769e-08
48350.056 5.626031961199107e-09
48400.056 9.550322018231001e-10
48450.056 2.002075747595329e-09
48500.056 4.1269701133990255e-09
48550.056 4.836048636130784e-09
48600.056 9.21096687119933e-09
48650.056 1.1217404085299269e-08
48700.056 7.283860378521527e-09
48750.056 6.78226863380091e-09
48800.056 9.385485131700298e-09
48850.056 4.47502858708032e-09
48900.056 4.090919818833486e-09
48950.056 1.9402875448199247e-09
49000.056 1.1504842818697075e-09
49050.056 4.653211237229364e-09
49100.056 6.979960821047262e-09
49150.056 5.5391333844949224e-09
49200.056 9.795634560101027e-09
49250.056 9.557272397199729e-09
49300.056 7.765371117299637e-09
49350.056 2.5329029463371093e-09
49400.056 3.9760423740047845e-09
49450.056 3.2854944914747166e-09
49500.056 2.2905472308845088e-09
49550.056 2.8567864474900704e-10
49600.056 9.918971681238192e-10
49650.056 4.220192556700774e-09
49700.056 5.427280541398676e-09
49750.056 3.7092662143051465e-09
49800.056 2.1584667044521587e-09
49850.056 6.3367618759008805e-09
49900.056 6.502866075099708e-09
49950.056 6.477784112900066e-09
50000.056 3.0337081934519453e-09
50050.056 3.813235443222436e-09
50100.056 3.380393970699697e-09
50150.056 1.0642600600287483e-09
50200.056 1.0920089404985084e-10
50250.056 9.638773180500115e-10
50300.056 6.093696615891619e-10
50350.056 3.854364446700784e-09
50400.056 5.092537069799002e-09
50450.056 4.53011060578082e-09
50500.056 6.789445308071959e-09
50550.056 6.34617135250045e-09
50600.056 3.934816504707069e-09
50650.056 7.62257611290083e-09
50700.056 6.368218896399512e-09
50750.056 3.3720803422000346e-09
50800.056 6.850125637506345e-10
50850.056 2.490272939511318e-10
50900.056 2.8003185157003893e-09
50950.056 3.385163549239555e-09
51000.056 2.088006405618299e-09
51050.056 4.627259850939625e-09
51100.056 1.340752281550173e-09
51150.056 1.0247186675716604e-09
51200.056 5.183142267700014e-09
51250.056 3.944389021423409e-09
51300.056 2.484663730150544e-09
51350.056 1.4994329342186752e-09
51400.056 2.489157312085637e-10
51450.056 2.436294664704188e-10
51500.056 2.633736571017106e-10
51550.056 1.445983718450357e-09
51600.056 1.8603721592505795e-09
51650.056 3.23351071905013e-09
51700.056 2.7629594638695793e-09
51750.056 1.6217449388314013e-09
51800.056 3.924238188199745e-09
51850.056 3.0180400761697985e-09
51900.056 2.3904257194199052e-09
51950.056 9.435121459898702e-10
52000.056 6.97053238710816e-11
52050.056 4.1543340362003676e-10
52100.056 1.848943686479569e-10
52150.056 9.379560661614116e-11
52200.056 5.999353192900208e-10
52250.056 1.1851178194902553e-09
52300.056 1.1598108335598865e-09
52350.056 2.1718355292456342e-10
52400.056 2.700041018740021e-10
52450.056 1.7184371845900905e-09
52500.056 1.0253152504567965e-09
52550.056 2.1715132883799615e-09
52600.056 2.0530064835180506e-09
52650.056 2.3976015597300405e-09
52700.056 1.3359601324198085e-09
52750.056 2.419480958159025e-10
52800.056 6.477344477951349e-10
52850.056 7.840817750767994e-10
52900.056 1.6781337735741124e-10
52950.056 3.614481639260734e-10
53000.056 1.0278088540001762e-09
53050.056 2.931819925471167e-10
53100.056 1.714648305769946e-09
53150.056 1.5274653365223574e-09
53200.056 7.379483424912652e-10
53250.056 1.1069272568946912e-09
53300.056 1.421157329469218e-09
53350.056 1.045775830772081e-09
53400.056 5.81022468879801e-10
53450.056 1.430912991099561e-10
53500.056 2.9640332939691534e-11
53550.056 5.5909108728202106e-11
53600.056 3.165627124276794e-10
