galfind/configs/Brown_Dwarf_templates/sonora_bobcat/m-0.5/10g/sp_t1600g10nc_m-0.5_resample.dat
# %ECSV 1.0
# ---
# datatype:
# - {name: wav, unit: Angstrom, datatype: float64}
# - {name: flux_nu, unit: erg / (cm2 Hz s), datatype: float64}
# meta: {C/O: '1.00', Kzz: '1.0000E+05', Teff: '1600.', Y: '0.28', '[Fe/H]': '-0.50', f_hole: '1.00', f_rain: '0.00', grav: '10.'}
# schema: astropy-2.0
wav flux_nu
4000.0559999999996 nan
4050.0559999999996 3.845281957729906e-10
4100.056 6.025356349074064e-10
4150.056 3.8898883201536645e-10
4200.056 2.543119964355609e-10
4250.056 2.2144093157021046e-10
4300.056 1.3332480636503375e-10
4350.056 1.5503498810200933e-10
4400.056 1.65514135324041e-10
4450.056 1.1386139280300517e-10
4500.056 1.313337321040043e-10
4550.056 1.710096523523555e-10
4600.056 1.6725130534499634e-10
4650.056 1.525491225950015e-10
4700.056 1.8714559326104417e-10
4750.056 2.301514971289661e-10
4800.056 1.7604576159899992e-10
4850.056 2.1612440252600955e-10
4900.056 3.4844103006698346e-10
4950.056 4.102462823030102e-10
5000.056 2.249980097869803e-10
5050.056 2.1309365754502349e-10
5100.056 2.7380184637704523e-10
5150.056 2.706808693521034e-10
5200.056 2.31891000220993e-10
5250.056 2.4950818257902255e-10
5300.056 2.656376888290076e-10
5350.056 2.7223155862302797e-10
5400.056 2.759753639199996e-10
5450.056 2.2325579946599344e-10
5500.056 1.6068646609699365e-10
5550.056 1.4666750484898636e-10
5600.056 1.2012008650100115e-10
5650.056 8.571325276199822e-11
5700.056 5.1788689738999245e-11
5750.056 2.4691065746999568e-11
5800.056 9.65025129259986e-12
5850.056 2.624328013969941e-12
5900.056 2.6993616031679225e-13
5950.056 7.0624775605002014e-12
6000.056 3.8372567124000934e-11
6050.056 1.385958347270016e-10
6100.056 3.1692129039001735e-10
6150.056 6.027955844099964e-10
6200.056 9.344961072900042e-10
6250.056 1.40912500927003e-09
6300.056 2.11208026970003e-09
6350.056 2.8655007114000443e-09
6400.056 3.73764096469998e-09
6450.056 4.8179691437997335e-09
6500.056 5.172925878099643e-09
6550.056 6.115998498999283e-09
6600.056 6.652027013300307e-09
6650.056 6.986613454200581e-09
6700.056 4.9133140013499e-09
6750.056 8.275274241700419e-09
6800.056 9.893765896400433e-09
6850.056 1.2264381897000128e-08
6900.056 1.341114697140034e-08
6950.056 1.3156955305999197e-08
7000.056 1.3812202971199439e-08
7050.056 1.3507797418800445e-08
7100.056 1.191894221029941e-08
7150.056 1.2025447361400269e-08
7200.056 1.5104576607799906e-08
7250.056 1.8927669684000694e-08
7300.056 2.3422069246001686e-08
7350.056 2.4261614383900993e-08
7400.056 2.1352530670600628e-08
7450.056 1.8126059362596304e-08
7500.056 1.757473373469901e-08
7550.056 1.7032151760500275e-08
7600.056 1.1583692720899704e-08
7650.056 1.4789878276039786e-09
7700.056 3.7764420227486683e-10
7750.056 7.731638168000189e-09
7800.056 1.6679153388492646e-08
7850.056 2.692579976300044e-08
7900.056 2.8709457265004186e-08
7950.056 2.6562832787822033e-08
8000.056 3.433413964199856e-08
8050.056 5.039598089999435e-08
8100.056 7.902993504701342e-08
8150.056 1.2387891688201142e-07
8200.056 1.1048720281059066e-07
8250.056 1.2251001359500565e-07
8300.056 1.1232954515702627e-07
8350.056 1.2468360104801942e-07
8400.056 1.328212262940054e-07
8450.056 1.0266577280398375e-07
8500.056 9.681497216591222e-08
8550.056 1.084341193990094e-07
8600.056 1.1291670665496731e-07
8650.056 1.2056996726497407e-07
8700.056 1.2925263121304418e-07
8750.056 1.6506813001801525e-07
8800.056 2.4378931270005773e-07
8850.056 2.586759052380258e-07
8900.056 1.8564413535198624e-07
8950.056 1.932067147878457e-07
9000.056 2.549315704590267e-07
9050.056 2.763108322619516e-07
9100.056 3.613110880390146e-07
9150.056 4.256877117970034e-07
9200.056 4.0602581305499186e-07
9250.056 2.5030538512626324e-07
9300.056 1.9288396296401494e-07
9350.056 2.1908131714139033e-07
9400.056 2.522192184164024e-07
9450.056 2.923914166412141e-07
9500.056 3.4756662963641035e-07
9550.056 4.1086452638405874e-07
9600.056 4.2031988116267526e-07
9650.056 5.02125591813842e-07
9700.056 5.619402078173313e-07
9750.056 4.1603540336288004e-07
9800.056 4.816282462932148e-07
9850.056 4.922702288919196e-07
9900.056 4.561294298079974e-07
9950.056 4.1700865030898986e-07
10000.056 4.022229103039314e-07
10050.056 4.321893415619967e-07
10100.056 5.583257607431338e-07
10150.056 5.478786479618519e-07
10200.056 6.080663922339742e-07
10250.056 6.056195840148162e-07
10300.056 6.103282457598815e-07
10350.056 7.176863325798785e-07
10400.056 7.99716535359931e-07
10450.056 8.631024380601795e-07
10500.056 7.960043485499481e-07
10550.056 8.076134683202791e-07
10600.056 9.012146901402399e-07
10650.056 9.902998568800232e-07
10700.056 1.0971368588900888e-06
10750.056 1.2544754970701102e-06
10800.056 1.3660129349799308e-06
10850.056 1.5219119176297863e-06
10900.056 1.4194449895498505e-06
10950.056 1.2284248512318081e-06
11000.056 1.1877304161069787e-06
11050.056 8.193902151315392e-07
11100.056 8.95885454504936e-07
11150.056 9.249641705481017e-07
11200.056 9.425831807436161e-07
11250.056 1.106508885530922e-06
11300.056 1.1058181886374418e-06
11350.056 9.5789411725663e-07
11400.056 8.88720388090714e-07
11450.056 1.0728711597241583e-06
11500.056 1.2323218095201187e-06
11550.056 1.1522147710546822e-06
11600.056 1.2378109444777083e-06
11650.056 1.2895494821863255e-06
11700.056 1.0504747833936927e-06
11750.056 1.0399578057746615e-06
11800.056 1.0626577155617618e-06
11850.056 1.3343886252699621e-06
11900.056 1.3730270955991434e-06
11950.056 1.4486925113968305e-06
12000.056 1.3474032318230606e-06
12050.056 1.5691947224312866e-06
12100.056 1.5724285168098703e-06
12150.056 1.783885707339817e-06
12200.056 1.8492084504595151e-06
12250.056 2.017269844589576e-06
12300.056 2.131179328630391e-06
12350.056 2.1772317350402634e-06
12400.056 1.981521126139831e-06
12450.056 1.6851221452300609e-06
12500.056 1.8591185816496701e-06
12550.056 1.8997782687950397e-06
12600.056 2.054490666250059e-06
12650.056 2.1775727934397185e-06
12700.056 2.363131227970053e-06
12750.056 2.332531783390178e-06
12800.056 2.5288332184698795e-06
12850.056 2.4410593203101932e-06
12900.056 2.329563981769671e-06
12950.056 2.4488554547055513e-06
13000.056 2.4921180278932798e-06
13050.056 2.5403306327957525e-06
13100.056 2.520902652404626e-06
13150.056 2.4761952437159126e-06
13200.056 2.347800271205846e-06
13250.056 2.140432810187729e-06
13300.056 1.6988860888148881e-06
13350.056 9.489440199416741e-07
13400.056 8.137535639340788e-07
13450.056 6.679444824390406e-07
13500.056 6.405129566086387e-07
13550.056 5.820455611056111e-07
13600.056 5.008251355868882e-07
13650.056 5.941771679514263e-07
13700.056 5.048741427269554e-07
13750.056 4.948977667187113e-07
13800.056 5.945797852259047e-07
13850.056 5.822642787850522e-07
13900.056 5.856865913831533e-07
13950.056 5.526837041886161e-07
14000.056 5.140814528963218e-07
14050.056 5.149313321389172e-07
14100.056 4.490679336542579e-07
14150.056 4.61670617369657e-07
14200.056 4.2437013289733843e-07
14250.056 4.1689285033472575e-07
14300.056 4.416950640639141e-07
14350.056 4.304447656272333e-07
14400.056 4.819090906490794e-07
14450.056 5.009583777335844e-07
14500.056 5.946227353851838e-07
14550.056 6.170798815946016e-07
14600.056 6.511183472811228e-07
14650.056 6.480669234961984e-07
14700.056 5.894074756848902e-07
14750.056 6.434973928814126e-07
14800.056 6.930968708148934e-07
14850.056 7.54149058843598e-07
14900.056 7.694247362079508e-07
14950.056 7.741374933791139e-07
15000.056 8.114824846132984e-07
15050.056 9.05168924293053e-07
15100.056 9.260640027501522e-07
15150.056 1.0021698942261042e-06
15200.056 1.0270380085839071e-06
15250.056 1.045923079107856e-06
15300.056 1.1325259904858856e-06
15350.056 1.171467340066991e-06
15400.056 1.2449532232380694e-06
15450.056 1.3288609646521653e-06
15500.056 1.362909241604668e-06
15550.056 1.4687506315399267e-06
15600.056 1.4437982043601858e-06
15650.056 1.5472393856801128e-06
15700.056 1.7031875088207648e-06
15750.056 1.7972667135498751e-06
15800.056 1.797093836870633e-06
15850.056 1.7853493367600045e-06
15900.056 1.8324177825703112e-06
15950.056 1.9064616259698403e-06
16000.056 1.9537402797998855e-06
16050.056 2.0200838771301113e-06
16100.056 2.106404406590237e-06
16150.056 2.064360409320224e-06
16200.056 2.145786667689703e-06
16250.056 2.1554501786499325e-06
16300.056 2.1636383308900053e-06
16350.056 2.2935009823198914e-06
16400.056 2.28498097825043e-06
16450.056 2.330924421450069e-06
16500.056 2.44798188129043e-06
16550.056 2.5384329335999992e-06
16600.056 2.413748379130541e-06
16650.056 2.5883831331199735e-06
16700.056 2.4845023486696267e-06
16750.056 2.550430033029622e-06
16800.056 2.6789534616500073e-06
16850.056 2.6535737543449882e-06
16900.056 2.5776894706501495e-06
16950.056 2.5620164547796692e-06
17000.056 2.531964481180319e-06
17050.056 2.5046847937500355e-06
17100.056 2.345757558530677e-06
17150.056 2.276423093149793e-06
17200.056 2.0747549438698242e-06
17250.056 1.940121540754806e-06
17300.056 1.9520894131075973e-06
17350.056 1.8409157613071478e-06
17400.056 1.9016847948120654e-06
17450.056 1.7446172113729633e-06
17500.056 1.6578510974542553e-06
17550.056 1.6650415780380853e-06
17600.056 1.5737592598819949e-06
17650.056 1.5796511178906923e-06
17700.056 1.3349949626497233e-06
17750.056 1.254025255758474e-06
17800.056 1.2916190765382096e-06
17850.056 1.1381506205650612e-06
17900.056 1.1545007919470425e-06
17950.056 1.1163439724951762e-06
18000.056 1.0080630364412678e-06
18050.056 9.998950177797262e-07
18100.056 9.547871062933603e-07
18150.056 1.109391220037733e-06
18200.056 8.57885308330334e-07
18250.056 1.0720098983970473e-06
18300.056 1.0177106929884898e-06
18350.056 9.16309217084266e-07
18400.056 9.117689830075485e-07
18450.056 8.301841942776138e-07
18500.056 8.668707113490201e-07
18550.056 7.989404111080574e-07
18600.056 6.716815166240794e-07
18650.056 7.724062303399851e-07
18700.056 8.352393035314917e-07
18750.056 8.011948808126016e-07
18800.056 8.55615809295331e-07
18850.056 9.873635945113751e-07
18900.056 9.605144889670304e-07
18950.056 9.795778403470012e-07
19000.056 1.036231270244819e-06
19050.056 9.904834062574892e-07
19100.056 1.048323312261227e-06
19150.056 1.082739749596411e-06
19200.056 1.068812103331454e-06
19250.056 1.0091295222281455e-06
19300.056 1.059810489370922e-06
19350.056 1.012755800120723e-06
19400.056 8.863884330474224e-07
19450.056 1.0533416572995504e-06
19500.056 1.027137377013947e-06
19550.056 8.583527536951794e-07
19600.056 1.0254806676995408e-06
19650.056 1.0164781489581449e-06
19700.056 1.0283925068491409e-06
19750.056 9.615942505992465e-07
19800.056 1.0090873413767814e-06
19850.056 1.0471984507457371e-06
19900.056 9.175594070852109e-07
19950.056 1.104106383179081e-06
20000.056 9.787722018891694e-07
20050.056 1.0533217561926736e-06
20100.056 1.1262398077362586e-06
20150.056 1.1026543777819823e-06
20200.056 1.149089753084587e-06
20250.056 1.2230744664329928e-06
20300.056 1.221042266120027e-06
20350.056 1.2717701396747818e-06
20400.056 1.2619912710263596e-06
20450.056 1.374493506899763e-06
20500.056 1.364962174010136e-06
20550.056 1.3949684084600542e-06
20600.056 1.5084966280604183e-06
20650.056 1.479516795220562e-06
20700.056 1.5444599328502118e-06
20750.056 1.5971552399097274e-06
20800.056 1.6585078414001816e-06
20850.056 1.6521632422698538e-06
20900.056 1.7272896121697026e-06
20950.056 1.7582634027299442e-06
21000.056 1.8502332581699367e-06
21050.056 1.8481603327900501e-06
21100.056 1.8776804884499932e-06
21150.056 1.9806293636100167e-06
21200.056 1.949515853510136e-06
21250.056 2.0482199928398643e-06
21300.056 1.976830363579868e-06
21350.056 2.120751237619991e-06
21400.056 2.030147328900331e-06
21450.056 2.202519064599985e-06
21500.056 2.097387378280216e-06
21550.056 2.131934101339878e-06
21600.056 2.1750222498903253e-06
21650.056 2.1316235623202206e-06
21700.056 2.2398397748199014e-06
21750.056 2.1552031304899288e-06
21800.056 2.1356231652197127e-06
21850.056 2.1249320003098665e-06
21900.056 2.1544133267102214e-06
21950.056 2.057560044360204e-06
22000.056 2.0186642771401396e-06
22050.056 1.900014229649598e-06
22100.056 2.001894702430045e-06
22150.056 2.0178891515001292e-06
22200.056 1.9542513017104268e-06
22250.056 2.0223946239403713e-06
22300.056 1.987109258339867e-06
22350.056 1.9159624629202297e-06
22400.056 1.951294442600066e-06
22450.056 1.8883443749798308e-06
22500.056 1.926814800940037e-06
22550.056 1.845019734909553e-06
22600.056 1.8792736118101055e-06
22650.056 1.8292161395505447e-06
22700.056 1.7939823317704504e-06
22750.056 1.8533728595099617e-06
22800.056 1.7616138877999386e-06
22850.056 1.7476254018702723e-06
22900.056 1.784089671986849e-06
22950.056 1.3305007772601867e-06
23000.056 1.4856431016671138e-06
23050.056 1.5868473914607125e-06
23100.056 1.5523292741189103e-06
23150.056 1.6049878665723255e-06
23200.056 1.4504401967060715e-06
23250.056 1.2711002978897822e-06
23300.056 1.2952973019522397e-06
23350.056 1.3297997502950263e-06
23400.056 1.2731802771851744e-06
23450.056 1.3395473375801114e-06
23500.056 1.326891837613876e-06
23550.056 1.2665752761703434e-06
23600.056 1.2808032399841679e-06
23650.056 1.3801203945308364e-06
23700.056 1.2635693365558093e-06
23750.056 1.2582812074962641e-06
23800.056 1.2296825832401435e-06
23850.056 1.117434275714197e-06
23900.056 1.2868215638129251e-06
23950.056 1.3278043528505186e-06
24000.056 1.2822809007425272e-06
24050.056 1.3097873688470726e-06
24100.056 1.1871590949766414e-06
24150.056 1.1881001960595792e-06
24200.056 1.2070702638164763e-06
24250.056 1.1641635460062641e-06
24300.056 1.146028693821045e-06
24350.056 1.0527858480471433e-06
24400.056 1.1828573390638848e-06
24450.056 1.0473880569967261e-06
24500.056 9.858941366008816e-07
24550.056 9.824627777440855e-07
24600.056 1.0192466597291993e-06
24650.056 1.1131017519439931e-06
24700.056 9.191592417349046e-07
24750.056 8.860572880794346e-07
24800.056 8.577210411512653e-07
24850.056 1.0165146246439373e-06
24900.056 7.613904849605633e-07
24950.056 9.702072922138653e-07
25000.056 8.674849225450406e-07
25050.056 6.793268080771581e-07
25100.056 8.269687785520403e-07
25150.056 6.905463525249964e-07
25200.056 7.551774712097989e-07
25250.056 7.026370878908658e-07
25300.056 7.898574163780515e-07
25350.056 6.283784581110279e-07
25400.056 7.376484886852957e-07
25450.056 6.32004036130975e-07
25500.056 6.780811662122482e-07
25550.056 6.354128905381183e-07
25600.056 6.539892809310607e-07
25650.056 5.794194354949709e-07
25700.056 7.606354420016647e-07
25750.056 5.292150653921109e-07
25800.056 7.345753642221689e-07
25850.056 6.125912967898251e-07
25900.056 7.131531714630866e-07
25950.056 5.982320771689287e-07
26000.056 7.371998308762522e-07
26050.056 7.663549199940593e-07
26100.056 7.694323453129526e-07
26150.056 7.614219701777649e-07
26200.056 7.271827599479799e-07
26250.056 7.556452447362e-07
26300.056 7.56304285274101e-07
26350.056 7.830075932859003e-07
26400.056 8.152495296046789e-07
26450.056 8.172267782541295e-07
26500.056 8.534358331065876e-07
26550.056 7.895232777756819e-07
26600.056 9.629885714317173e-07
26650.056 7.149962413808929e-07
26700.056 7.2809845241107e-07
26750.056 6.2228493063774e-07
26800.056 7.389750084446934e-07
26850.056 5.699753047449884e-07
26900.056 7.822722167461115e-07
26950.056 5.290958383199406e-07
27000.056 7.524841070012675e-07
27050.056 6.24182357457044e-07
27100.056 6.309939383818584e-07
27150.056 6.975322964519667e-07
27200.056 6.725972346152866e-07
27250.056 6.374836850913343e-07
27300.056 7.644543771169586e-07
27350.056 7.37924679708743e-07
27400.056 5.895631642889497e-07
27450.056 8.35668267298591e-07
27500.056 7.649736709739006e-07
27550.056 6.987318277168993e-07
27600.056 8.585306302398011e-07
27650.056 6.28302860999881e-07
27700.056 6.073868767411206e-07
27750.056 8.477239247025511e-07
27800.056 5.840210299858966e-07
27850.056 6.708811787584777e-07
27900.056 6.994226052301227e-07
27950.056 8.190347265559606e-07
28000.056 7.809819325182902e-07
28050.056 5.647849479381816e-07
28100.056 8.722533851243321e-07
28150.056 6.804800384450349e-07
28200.056 5.680058548710589e-07
28250.056 7.62618472287092e-07
28300.056 8.945751039220799e-07
28350.056 6.658382267197248e-07
28400.056 7.06940634924933e-07
28450.056 7.488615723627611e-07
28500.056 7.579818549187955e-07
28550.056 5.255508794947768e-07
28600.056 8.848500229868994e-07
28650.056 8.117476049268778e-07
28700.056 7.315863324407901e-07
28750.056 8.403555647500172e-07
28800.056 7.718025613432159e-07
