galfind/configs/Brown_Dwarf_templates/sonora_bobcat/m-0.5/10g/sp_t2400g10nc_m-0.5_resample.dat
# %ECSV 1.0
# ---
# datatype:
# - {name: wav, unit: Angstrom, datatype: float64}
# - {name: flux_nu, unit: erg / (cm2 Hz s), datatype: float64}
# meta: {C/O: '1.00', Kzz: '1.0000E+05', Teff: '2400.', Y: '0.28', '[Fe/H]': '-0.50', f_hole: '1.00', f_rain: '0.00', grav: '10.'}
# schema: astropy-2.0
wav flux_nu
4000.0559999999996 nan
4050.0559999999996 3.6994868681718545e-08
4100.056 3.6734654934898785e-08
4150.056 3.2294085964803596e-08
4200.056 2.6731896230204266e-08
4250.056 2.4401118193276364e-08
4300.056 1.7339693669764578e-08
4350.056 1.747908889486015e-08
4400.056 1.6766985179004693e-08
4450.056 9.068845030921337e-09
4500.056 1.0255216629139172e-08
4550.056 1.2917613682970606e-08
4600.056 9.834215102281743e-09
4650.056 6.908126064011885e-09
4700.056 8.80087593099211e-09
4750.056 1.1499519522629687e-08
4800.056 7.25119586182695e-09
4850.056 9.281101205721173e-09
4900.056 2.345546686920613e-08
4950.056 2.9307255765538472e-08
5000.056 1.1830156723356212e-08
5050.056 1.660845471216885e-08
5100.056 4.189603454967522e-08
5150.056 4.735129150179383e-08
5200.056 2.025913357094266e-08
5250.056 2.766821771359628e-08
5300.056 3.3663809952043266e-08
5350.056 2.8079754839665314e-08
5400.056 2.971686177389808e-08
5450.056 2.2242605253494262e-08
5500.056 1.6822053209325618e-08
5550.056 2.5708090271577943e-08
5600.056 1.3467696087619665e-08
5650.056 8.564819375352894e-09
5700.056 1.4422665125803234e-08
5750.056 2.001616182009679e-08
5800.056 2.9290210050899163e-08
5850.056 1.9382383469903648e-08
5900.056 4.02498352047956e-09
5950.056 6.9311105097009706e-09
6000.056 1.372129642279862e-08
6050.056 2.8297354162904965e-08
6100.056 4.683815163089728e-08
6150.056 4.5429394108483946e-08
6200.056 9.29848388950304e-09
6250.056 9.007251881302994e-09
6300.056 1.918867725480088e-08
6350.056 3.4287272947205845e-08
6400.056 5.223253994420822e-08
6450.056 7.880763161225902e-08
6500.056 7.432659081037059e-08
6550.056 1.04294844262965e-07
6600.056 6.734704635191484e-08
6650.056 3.841804081260873e-08
6700.056 2.541286736288412e-08
6750.056 2.998585013310974e-08
6800.056 3.791389178190094e-08
6850.056 6.717843333569557e-08
6900.056 1.2368771051599664e-07
6950.056 1.9804939491097536e-07
7000.056 3.235178123769714e-07
7050.056 2.763064768513467e-07
7100.056 1.039958883779871e-07
7150.056 4.362822440722159e-08
7200.056 8.341658124538594e-08
7250.056 1.5779174297902438e-07
7300.056 3.4337152567909507e-07
7350.056 6.115787100919335e-07
7400.056 9.928033727399534e-07
7450.056 1.260087310279993e-06
7500.056 1.4813379795100378e-06
7550.056 1.6027244878200616e-06
7600.056 9.675622884120153e-07
7650.056 4.146860619667806e-07
7700.056 2.530498279141793e-07
7750.056 3.858837504871618e-07
7800.056 4.44350588909177e-07
7850.056 4.734756263579778e-07
7900.056 6.198041585900937e-07
7950.056 7.300764251520859e-07
8000.056 9.416500745698451e-07
8050.056 1.347200700369906e-06
8100.056 1.7827974776103603e-06
8150.056 2.2893676021400633e-06
8200.056 1.7548548223997114e-06
8250.056 1.8019898515398694e-06
8300.056 1.427971374610373e-06
8350.056 1.5004486334304829e-06
8400.056 1.511341842220355e-06
8450.056 7.435384874728365e-07
8500.056 6.370521165794101e-07
8550.056 8.915111139399869e-07
8600.056 1.2058907221096054e-06
8650.056 1.6841757773998034e-06
8700.056 2.0903869232601298e-06
8750.056 2.5211966662000646e-06
8800.056 3.03733714782061e-06
8850.056 2.740505629940109e-06
8900.056 1.9117416461800296e-06
8950.056 2.0872984100198793e-06
9000.056 2.5022936781002433e-06
9050.056 2.72341883946923e-06
9100.056 3.2607649693702894e-06
9150.056 3.644381924799894e-06
9200.056 3.483913069020752e-06
9250.056 2.4789542920696893e-06
9300.056 2.158521260370181e-06
9350.056 2.417479179769568e-06
9400.056 2.65108483540078e-06
9450.056 2.93272534689922e-06
9500.056 3.4206306347997853e-06
9550.056 3.7596456470006353e-06
9600.056 4.08050868390081e-06
9650.056 4.419075445500948e-06
9700.056 4.6719204532996714e-06
9750.056 3.932484409580166e-06
9800.056 4.21700096369974e-06
9850.056 4.123555107700087e-06
9900.056 4.1295163550600616e-06
9950.056 4.243428789930238e-06
10000.056 4.3058326902998235e-06
10050.056 4.126195526089886e-06
10100.056 4.599184613241758e-06
10150.056 4.496837391189616e-06
10200.056 4.7458715001387805e-06
10250.056 4.7240506144782365e-06
10300.056 4.789627175049882e-06
10350.056 5.143065937879734e-06
10400.056 5.314052930820328e-06
10450.056 5.603787757120326e-06
10500.056 5.7656368864986115e-06
10550.056 5.94668222730028e-06
10600.056 6.1906909358601955e-06
10650.056 6.3192762729991085e-06
10700.056 6.510246994000115e-06
10750.056 6.704552114400159e-06
10800.056 6.81857351849972e-06
10850.056 6.990810343200152e-06
10900.056 6.868563482499662e-06
10950.056 6.690275107398612e-06
11000.056 6.572490962000262e-06
11050.056 5.38087353154904e-06
11100.056 5.671634686731091e-06
11150.056 5.873939904099346e-06
11200.056 5.954759166100013e-06
11250.056 6.361960930700101e-06
11300.056 6.45152087799999e-06
11350.056 6.29665228889987e-06
11400.056 5.950925900799974e-06
11450.056 6.571086713098996e-06
11500.056 6.865360927199339e-06
11550.056 6.824379550199995e-06
11600.056 6.93495443239908e-06
11650.056 7.162412979800688e-06
11700.056 6.966822644549617e-06
11750.056 6.972627802499629e-06
11800.056 6.9950374322600436e-06
11850.056 7.3337854148000495e-06
11900.056 7.384117566298859e-06
11950.056 7.465493763399747e-06
12000.056 7.424219964400386e-06
12050.056 7.675815756900583e-06
12100.056 7.744774270600252e-06
12150.056 7.99937527939988e-06
12200.056 8.160353624299957e-06
12250.056 8.33875254849941e-06
12300.056 8.430299510300796e-06
12350.056 8.524077147700468e-06
12400.056 8.312686407899357e-06
12450.056 7.851509965600015e-06
12500.056 8.207676282699081e-06
12550.056 8.222539545799804e-06
12600.056 8.201148112299967e-06
12650.056 8.442028868799524e-06
12700.056 8.597876812099357e-06
12750.056 8.665679633400396e-06
12800.056 8.959267193598996e-06
12850.056 8.963881464900027e-06
12900.056 8.989546888399778e-06
12950.056 9.171916098098895e-06
13000.056 9.292660043099322e-06
13050.056 9.356603258399679e-06
13100.056 9.295785505299123e-06
13150.056 9.345233040899692e-06
13200.056 9.19193720799937e-06
13250.056 8.949339456100177e-06
13300.056 8.338474188688809e-06
13350.056 6.537164293580633e-06
13400.056 6.450585216260034e-06
13450.056 6.051106873359732e-06
13500.056 6.080933030509729e-06
13550.056 5.9326281733522685e-06
13600.056 5.579470502449999e-06
13650.056 5.795403882210042e-06
13700.056 5.515593252470299e-06
13750.056 5.586854947699099e-06
13800.056 5.927392487681169e-06
13850.056 5.934845061889393e-06
13900.056 5.7680286892500135e-06
13950.056 5.610439821659836e-06
14000.056 5.397291331250252e-06
14050.056 5.4894522169111805e-06
14100.056 5.175288957570842e-06
14150.056 5.126175964350325e-06
14200.056 4.970639194690598e-06
14250.056 4.951492175959137e-06
14300.056 4.98734928913925e-06
14350.056 5.0362137454103844e-06
14400.056 5.154266496600211e-06
14450.056 5.342060125930331e-06
14500.056 5.520021611869551e-06
14550.056 5.524023841549972e-06
14600.056 5.645826507320998e-06
14650.056 5.584367521068619e-06
14700.056 5.334491335839359e-06
14750.056 5.512691260050469e-06
14800.056 5.540165705640779e-06
14850.056 5.783951476699103e-06
14900.056 5.81051827319965e-06
14950.056 5.844388520800754e-06
15000.056 5.928293012700717e-06
15050.056 6.2599398754992335e-06
15100.056 6.22015842510073e-06
15150.056 6.374963291900294e-06
15200.056 6.516664112099669e-06
15250.056 6.4926293078997785e-06
15300.056 6.689750942500028e-06
15350.056 6.798387493300308e-06
15400.056 6.873305099300011e-06
15450.056 7.044608917400439e-06
15500.056 7.113023053499138e-06
15550.056 7.324010246599814e-06
15600.056 7.3213562461007925e-06
15650.056 7.49270955949987e-06
15700.056 7.763673476901866e-06
15750.056 7.917559061199394e-06
15800.056 8.013290932700668e-06
15850.056 8.035029805500377e-06
15900.056 8.147521836700716e-06
15950.056 8.298820853399939e-06
16000.056 8.40915141289941e-06
16050.056 8.609316511000159e-06
16100.056 8.698773602000156e-06
16150.056 8.78230498940035e-06
16200.056 8.900093607099492e-06
16250.056 9.021389207399969e-06
16300.056 9.084685819400066e-06
16350.056 9.339230290499455e-06
16400.056 9.367379920101196e-06
16450.056 9.54560287300042e-06
16500.056 9.648305303300725e-06
16550.056 9.89300319669947e-06
16600.056 9.737143174800605e-06
16650.056 1.016704286130074e-05
16700.056 1.005510038249884e-05
16750.056 1.0201508425599416e-05
16800.056 1.0328757685100437e-05
16850.056 1.0310111149799537e-05
16900.056 1.0232813437099665e-05
16950.056 1.015314747569967e-05
17000.056 1.0062586476401053e-05
17050.056 9.95404031160034e-06
17100.056 9.62198213189954e-06
17150.056 9.436378289799651e-06
17200.056 9.059691658199858e-06
17250.056 8.888179462199887e-06
17300.056 9.036314957899377e-06
17350.056 8.692560261599384e-06
17400.056 8.854036324100203e-06
17450.056 8.465164022197435e-06
17500.056 8.289887348999337e-06
17550.056 8.209642044200144e-06
17600.056 8.027771336200487e-06
17650.056 8.0914438305985e-06
17700.056 7.580400753448668e-06
17750.056 7.3699310460002665e-06
17800.056 7.270886719631598e-06
17850.056 7.14764895281087e-06
17900.056 7.110171967590127e-06
17950.056 6.949286286869273e-06
18000.056 6.662336265900566e-06
18050.056 6.700726121622443e-06
18100.056 6.5272232566001885e-06
18150.056 6.849422325492084e-06
18200.056 6.2971405105897035e-06
18250.056 6.733612782938971e-06
18300.056 6.590980593479172e-06
18350.056 6.460375032610313e-06
18400.056 6.333702148420071e-06
18450.056 5.985447410502259e-06
18500.056 6.054549194370827e-06
18550.056 5.901591683869778e-06
18600.056 5.308274740777833e-06
18650.056 5.853217764541054e-06
18700.056 6.078416717080531e-06
18750.056 5.882829225712549e-06
18800.056 5.90957029286205e-06
18850.056 6.425164529979368e-06
18900.056 6.248946576928495e-06
18950.056 6.229763356999495e-06
19000.056 6.496798299698978e-06
19050.056 6.39206229850016e-06
19100.056 6.420782996201845e-06
19150.056 6.597444343549815e-06
19200.056 6.577679337241222e-06
19250.056 6.3883598602687426e-06
19300.056 6.543627412799653e-06
19350.056 6.7071418749693265e-06
19400.056 6.456429383338746e-06
19450.056 6.646389461640998e-06
19500.056 6.703568107659486e-06
19550.056 6.320281278030966e-06
19600.056 6.78388852519913e-06
19650.056 6.650114727357353e-06
19700.056 6.711601803930428e-06
19750.056 6.468496882200132e-06
19800.056 6.6444969856392905e-06
19850.056 6.537888178301462e-06
19900.056 6.311192016302164e-06
19950.056 6.6869202664997155e-06
20000.056 6.1781994223008816e-06
20050.056 6.3959398086013015e-06
20100.056 6.467151188096754e-06
20150.056 6.352817884901464e-06
20200.056 6.436463548098478e-06
20250.056 6.591060508600381e-06
20300.056 6.566977651000638e-06
20350.056 6.5588228947994865e-06
20400.056 6.517229316597439e-06
20450.056 6.729973559699646e-06
20500.056 6.675183231100081e-06
20550.056 6.77813711409941e-06
20600.056 6.954194419900512e-06
20650.056 6.791521492201094e-06
20700.056 6.970658218099837e-06
20750.056 6.964920276799107e-06
20800.056 7.128813203300212e-06
20850.056 7.121494024500058e-06
20900.056 7.2832937365999555e-06
20950.056 7.324753286699604e-06
21000.056 7.51396546349953e-06
21050.056 7.5177644980002744e-06
21100.056 7.560996996300058e-06
21150.056 7.78960032490035e-06
21200.056 7.774888845500532e-06
21250.056 7.965758557199234e-06
21300.056 7.819276825199842e-06
21350.056 8.117679360700474e-06
21400.056 7.988551732000251e-06
21450.056 8.440203656000134e-06
21500.056 8.178556568600257e-06
21550.056 8.3285795181996e-06
21600.056 8.490555822300502e-06
21650.056 8.497620836400456e-06
21700.056 8.681218641599582e-06
21750.056 8.617742277999966e-06
21800.056 8.633805467699886e-06
21850.056 8.73187782859989e-06
21900.056 8.85636322530063e-06
21950.056 8.815805010800473e-06
22000.056 9.041876563399432e-06
22050.056 8.866889050199385e-06
22100.056 9.02767469409973e-06
22150.056 9.121260156800631e-06
22200.056 8.997603092801163e-06
22250.056 9.342215647100313e-06
22300.056 9.261566521599623e-06
22350.056 9.159001529400308e-06
22400.056 9.426127986500092e-06
22450.056 9.361841969599219e-06
22500.056 9.456840654499792e-06
22550.056 9.419918650798954e-06
22600.056 9.37677642749961e-06
22650.056 9.458603365101237e-06
22700.056 9.4360913992012e-06
22750.056 9.606872340799362e-06
22800.056 9.431812248399958e-06
22850.056 9.527820215700655e-06
22900.056 9.672834682799247e-06
22950.056 8.265013117500766e-06
23000.056 8.881006974000508e-06
23050.056 9.023044079698555e-06
23100.056 8.857079232700392e-06
23150.056 8.927634406500854e-06
23200.056 8.95388692700016e-06
23250.056 7.996668488498094e-06
23300.056 8.398347595600408e-06
23350.056 8.464569360699848e-06
23400.056 8.360820382600279e-06
23450.056 8.4782589595001e-06
23500.056 8.23969483889854e-06
23550.056 7.639282484602361e-06
23600.056 7.87312105880157e-06
23650.056 8.215496403298799e-06
23700.056 8.152299830598344e-06
23750.056 8.102525944400361e-06
23800.056 8.020966644001083e-06
23850.056 7.1331993823003785e-06
23900.056 7.490050808399423e-06
23950.056 7.636129210601978e-06
24000.056 7.37741137279908e-06
24050.056 7.199852466501475e-06
24100.056 6.856675189598192e-06
24150.056 6.719408807100569e-06
24200.056 6.804450079898608e-06
24250.056 6.765946257100842e-06
24300.056 6.451739397500288e-06
24350.056 6.312345642099955e-06
24400.056 6.601295931199715e-06
24450.056 6.305801602100393e-06
24500.056 5.939124969200425e-06
24550.056 5.915787959499638e-06
24600.056 5.834597826301032e-06
24650.056 6.1975519174995755e-06
24700.056 5.658210832099934e-06
24750.056 5.488156751401146e-06
24800.056 5.381423958700128e-06
24850.056 5.805304472300662e-06
24900.056 5.17346616660235e-06
24950.056 5.8103184064993845e-06
25000.056 5.316987620000469e-06
25050.056 4.915585223500758e-06
25100.056 5.374715184199669e-06
25150.056 4.990423749400598e-06
25200.056 5.179485336899241e-06
25250.056 5.1305733722987545e-06
25300.056 5.11181532320072e-06
25350.056 4.855045218499764e-06
25400.056 4.902491285601521e-06
25450.056 4.848582148300401e-06
25500.056 4.973389855801584e-06
25550.056 4.767286000599763e-06
25600.056 4.864272442599886e-06
25650.056 4.625748342199467e-06
25700.056 5.079344165698096e-06
25750.056 4.52456973990106e-06
25800.056 4.911476109000514e-06
25850.056 4.801209311199407e-06
25900.056 4.923073624501318e-06
25950.056 4.7705680910013105e-06
26000.056 4.772492969100633e-06
26050.056 5.217752534700186e-06
26100.056 4.94834575070115e-06
26150.056 5.023002349799008e-06
26200.056 4.779430591100436e-06
26250.056 4.8486406425011795e-06
26300.056 4.9377931420996054e-06
26350.056 4.756027573599536e-06
26400.056 4.8467192832994e-06
26450.056 4.787023891100281e-06
26500.056 4.932986090898753e-06
26550.056 5.1135072725990195e-06
26600.056 5.435355662398851e-06
26650.056 4.994201010098773e-06
26700.056 5.042556608199288e-06
26750.056 4.978606457798562e-06
26800.056 5.104682348898644e-06
26850.056 4.975498990200868e-06
26900.056 5.344958405899876e-06
26950.056 4.4102155291005035e-06
27000.056 5.156726704100944e-06
27050.056 4.791614250398937e-06
27100.056 4.734592488899602e-06
27150.056 4.855076317299622e-06
27200.056 4.808950715000842e-06
27250.056 4.546527400702074e-06
27300.056 4.637199681900221e-06
27350.056 4.651369394298578e-06
27400.056 4.376774653900178e-06
27450.056 4.797244220398575e-06
27500.056 4.534716465100566e-06
27550.056 4.6230637968999964e-06
27600.056 4.6844760212996e-06
27650.056 4.293798861399768e-06
27700.056 4.379918327000799e-06
27750.056 4.766557835597665e-06
27800.056 4.150819601800273e-06
27850.056 4.357538971898864e-06
27900.056 4.315353627999829e-06
27950.056 4.638243703199589e-06
28000.056 4.570566313100932e-06
28050.056 4.0647927891005085e-06
28100.056 4.716126482102251e-06
28150.056 4.1951962496003155e-06
28200.056 3.863658776500167e-06
28250.056 4.2400124008996855e-06
28300.056 4.596904163501185e-06
28350.056 4.343698557598816e-06
28400.056 4.260919321800207e-06
28450.056 4.186802695799385e-06
28500.056 4.31515929949944e-06
28550.056 3.915172190899007e-06
28600.056 4.531003179000719e-06
28650.056 4.458489251699692e-06
28700.056 4.159089583699403e-06
28750.056 4.364689759799589e-06
28800.056 4.350166068500489e-06
28850.056 4.398113001500027e-06
28900.056 4.083602280000595e-06
28950.056 4.730765941499234e-06
29000.056 4.086318547698824e-06
29050.056 4.198459652300103e-06
