galfind/configs/Brown_Dwarf_templates/sonora_bobcat/m-0.5/10g/sp_t800g10nc_m-0.5_resample.dat
# %ECSV 1.0
# ---
# datatype:
# - {name: wav, unit: Angstrom, datatype: float64}
# - {name: flux_nu, unit: erg / (cm2 Hz s), datatype: float64}
# meta: {C/O: '1.00', Kzz: '1.0000E+05', Teff: '800.', Y: '0.28', '[Fe/H]': '-0.50', f_hole: '1.00', f_rain: '0.00', grav: '10.'}
# schema: astropy-2.0
wav flux_nu
4000.0559999999996 nan
4050.0559999999996 5.776909705240786e-14
4100.056 2.4242608647497634e-12
4150.056 6.837358880480703e-12
4200.056 5.686337505448435e-12
4250.056 1.1656186602302377e-11
4300.056 1.4497650409501501e-11
4350.056 1.6144591674401316e-11
4400.056 2.0203794235201632e-11
4450.056 2.2302259757400194e-11
4500.056 2.2953147244401814e-11
4550.056 2.799854050602401e-11
4600.056 3.217909381134002e-11
4650.056 2.9591282802897364e-11
4700.056 3.022173415849977e-11
4750.056 1.965744645739973e-11
4800.056 7.351013179999947e-12
4850.056 2.3459586970999556e-12
4900.056 9.525063952799926e-13
4950.056 3.984828922399964e-13
5000.056 1.2111455837599855e-13
5050.056 3.781341399699984e-14
5100.056 2.7632563977999963e-14
5150.056 2.2709677695999746e-14
5200.056 1.8986609326000017e-14
5250.056 1.6104007173999952e-14
5300.056 1.4117827623999986e-14
5350.056 1.2923577984999991e-14
5400.056 1.2318269679999956e-14
5450.056 1.186953412599991e-14
5500.056 1.1466247190999975e-14
5550.056 1.1097580193999992e-14
5600.056 1.0706073011999969e-14
5650.056 1.0145778527900022e-14
5700.056 9.383332431400005e-15
5750.056 7.96362304359997e-15
5800.056 6.022978313699975e-15
5850.056 3.381936440199952e-15
5900.056 8.050178176436958e-16
5950.056 7.706092972500138e-15
6000.056 2.081036859100023e-14
6050.056 4.33540178320003e-14
6100.056 7.918725822600031e-14
6150.056 1.3623947012000078e-13
6200.056 2.2856482236000137e-13
6250.056 3.8118111047000193e-13
6300.056 6.313626216100051e-13
6350.056 1.0506901507500092e-12
6400.056 1.7555090511000106e-12
6450.056 2.892299811299974e-12
6500.056 4.771319753700014e-12
6550.056 7.751863104400039e-12
6600.056 1.242377127350021e-11
6650.056 1.943471772000014e-11
6700.056 2.3549438318431155e-11
6750.056 4.244534867100025e-11
6800.056 5.762546444200023e-11
6850.056 6.676347873100009e-11
6900.056 6.372841256500087e-11
6950.056 5.625374987799964e-11
7000.056 5.663660125600081e-11
7050.056 6.175755632099898e-11
7100.056 6.810574481899972e-11
7150.056 6.803840999569869e-11
7200.056 6.501119856083099e-11
7250.056 6.078985779309557e-11
7300.056 5.3062615719439723e-11
7350.056 4.533029917965861e-11
7400.056 3.808062230000107e-11
7450.056 3.0422393534000495e-11
7500.056 2.308674291599984e-11
7550.056 1.620323975499988e-11
7600.056 1.079713826469989e-11
7650.056 2.01427664672887e-12
7700.056 9.438191380548704e-13
7750.056 9.111634591100249e-12
7800.056 1.9659697790336443e-11
7850.056 4.646139719000023e-11
7900.056 8.287162273400022e-11
7950.056 1.0852199927924383e-10
8000.056 2.2064429786000375e-10
8050.056 3.256882061300105e-10
8100.056 4.311088982492039e-10
8150.056 5.7143118745785e-10
8200.056 7.92607761742326e-10
8250.056 1.0058393249568852e-09
8300.056 1.2884405964466258e-09
8350.056 1.5700871294491148e-09
8400.056 1.9295117541339567e-09
8450.056 2.4294810623098774e-09
8500.056 2.649376103643838e-09
8550.056 3.4973944537400544e-09
8600.056 4.416275120300014e-09
8650.056 5.119328976300027e-09
8700.056 5.9648171030997464e-09
8750.056 6.938106094000072e-09
8800.056 7.86508133770017e-09
8850.056 8.215524858899688e-09
8900.056 6.007703998289561e-09
8950.056 6.069429827601287e-09
9000.056 6.744392384135201e-09
9050.056 1.1230144488465354e-08
9100.056 1.3175793108251979e-08
9150.056 1.3942798125044072e-08
9200.056 1.70889451065969e-08
9250.056 1.7318857088896067e-08
9300.056 8.57732521905298e-09
9350.056 9.886589679579934e-09
9400.056 1.2900588358275427e-08
9450.056 1.608329815774713e-08
9500.056 1.5486797139230895e-08
9550.056 1.780191587679546e-08
9600.056 1.7073123029711103e-08
9650.056 1.9447790491157854e-08
9700.056 2.268528915238584e-08
9750.056 2.3429545340126794e-08
9800.056 2.5709093230209144e-08
9850.056 2.893041668181094e-08
9900.056 3.172079699865205e-08
9950.056 3.1460158092548e-08
10000.056 2.846659882939417e-08
10050.056 3.75335326109011e-08
10100.056 4.5780833335091906e-08
10150.056 5.1810844707990547e-08
10200.056 6.00787355499985e-08
10250.056 6.715847290200027e-08
10300.056 7.536311595499934e-08
10350.056 8.676010288899961e-08
10400.056 9.984325357799666e-08
10450.056 1.0620695423099413e-07
10500.056 1.0701348551200131e-07
10550.056 1.1013027777800508e-07
10600.056 1.1550362558599594e-07
10650.056 1.254577997480038e-07
10700.056 1.3023144646160905e-07
10750.056 1.3791865125980503e-07
10800.056 1.4182489285108398e-07
10850.056 1.3919084947458856e-07
10900.056 1.0862530537599402e-07
10950.056 6.472264099529755e-08
11000.056 5.580517207038443e-08
11050.056 4.468461003227727e-08
11100.056 3.366650437775917e-08
11150.056 2.138180257746512e-08
11200.056 1.8162311983692615e-08
11250.056 2.098565361955475e-08
11300.056 2.382823885557342e-08
11350.056 1.194107269667354e-08
11400.056 1.879077474267958e-08
11450.056 1.6486913964893637e-08
11500.056 1.2734250444308931e-08
11550.056 5.309916267504595e-09
11600.056 6.4678400343239884e-09
11650.056 1.190436233899375e-08
11700.056 1.16511009575578e-08
11750.056 3.337583357307791e-09
11800.056 1.2703578582870352e-08
11850.056 2.0784409095656808e-08
11900.056 2.4360517616043698e-08
11950.056 3.483092644252896e-08
12000.056 4.6895905381533734e-08
12050.056 6.215196050427119e-08
12100.056 8.007460458063211e-08
12150.056 1.016746248529041e-07
12200.056 1.2016811611172133e-07
12250.056 1.4295474074545579e-07
12300.056 1.6896181160842583e-07
12350.056 1.7774777475930446e-07
12400.056 2.041944097189948e-07
12450.056 2.1282794263801677e-07
12500.056 2.3057973166600228e-07
12550.056 2.473141329270229e-07
12600.056 2.825885324410145e-07
12650.056 2.789419577231964e-07
12700.056 2.863031410729506e-07
12750.056 2.742253614410328e-07
12800.056 2.702934405152375e-07
12850.056 2.327169119783243e-07
12900.056 2.0338161865697326e-07
12950.056 1.979988631082518e-07
13000.056 1.8038956893399817e-07
13050.056 1.550852745817611e-07
13100.056 1.391787350426422e-07
13150.056 1.1185109667601774e-07
13200.056 9.586122090322127e-08
13250.056 7.394132913257331e-08
13300.056 3.5596563578383254e-08
13350.056 1.2242160732721261e-08
13400.056 9.648554014159601e-09
13450.056 5.1600804662043826e-09
13500.056 3.5222611377896703e-09
13550.056 2.373499593196123e-09
13600.056 9.507866838306216e-10
13650.056 2.5116718120532967e-09
13700.056 2.1156096297806864e-09
13750.056 1.8617269454634648e-09
13800.056 1.891216570162455e-09
13850.056 1.5650254436780361e-09
13900.056 1.6738853451318854e-09
13950.056 1.3930251468483765e-09
14000.056 1.4405124237839462e-09
14050.056 1.8634197719477777e-09
14100.056 2.0163775057629632e-09
14150.056 2.9069430755934202e-09
14200.056 2.353245225493718e-09
14250.056 2.830117782288335e-09
14300.056 4.401912946463789e-09
14350.056 4.7864992740902806e-09
14400.056 5.797672492719161e-09
14450.056 6.53196912942258e-09
14500.056 1.1250189283145891e-08
14550.056 1.3264039083888177e-08
14600.056 1.6397273460854e-08
14650.056 1.6712831333575036e-08
14700.056 1.3693539818046995e-08
14750.056 1.5358911551831758e-08
14800.056 2.1039745567765162e-08
14850.056 2.3978287435329996e-08
14900.056 2.560593317707079e-08
14950.056 2.7868806022475196e-08
15000.056 3.4245003306951066e-08
15050.056 3.6641528652527197e-08
15100.056 3.837762282081447e-08
15150.056 4.256308282786676e-08
15200.056 4.6647599723069996e-08
15250.056 5.890371015715341e-08
15300.056 6.729935183192368e-08
15350.056 7.498533718941112e-08
15400.056 8.623637160228173e-08
15450.056 9.613303209048346e-08
15500.056 1.0155589503377086e-07
15550.056 1.1517198800171314e-07
15600.056 1.2007373732060387e-07
15650.056 1.303585179494041e-07
15700.056 1.4900515574385196e-07
15750.056 1.5731201650199122e-07
15800.056 1.5477003727803785e-07
15850.056 1.6195948928300461e-07
15900.056 1.4455102989500607e-07
15950.056 1.3129770687397046e-07
16000.056 1.002961974880062e-07
16050.056 6.413068765569761e-08
16100.056 4.395066807803548e-08
16150.056 2.8102561501678556e-08
16200.056 1.7779871648248667e-08
16250.056 1.4204105388651244e-08
16300.056 1.047497762213857e-08
16350.056 1.161937384049394e-08
16400.056 1.4436048900858081e-08
16450.056 1.509028614001094e-08
16500.056 1.560759099116543e-08
16550.056 1.5623297153886748e-08
16600.056 1.4909416946460035e-08
16650.056 1.2428843557796545e-08
16700.056 3.5182708697489474e-09
16750.056 5.148772010644657e-09
16800.056 9.31775002597816e-09
16850.056 1.1071284954568007e-08
16900.056 8.07780913974028e-09
16950.056 5.869060954310586e-09
17000.056 4.136980377944707e-09
17050.056 7.030679714913106e-09
17100.056 1.0012241269075015e-08
17150.056 6.803706213890196e-09
17200.056 1.276562843692545e-08
17250.056 1.1471283533592642e-08
17300.056 7.874195380299173e-09
17350.056 7.24354218532531e-09
17400.056 9.062673656931832e-09
17450.056 1.1659120246529794e-08
17500.056 1.4532501793589786e-08
17550.056 1.4220402706502065e-08
17600.056 1.1888822780230055e-08
17650.056 1.2045808669733611e-08
17700.056 8.975328291546113e-09
17750.056 9.336840097267008e-09
17800.056 1.5047971028513383e-08
17850.056 1.0597124555794713e-08
17900.056 8.593309089409337e-09
17950.056 7.575313690221022e-09
18000.056 9.387865240499062e-09
18050.056 1.0468727859215751e-08
18100.056 1.2075031670662685e-08
18150.056 1.4799596509291378e-08
18200.056 1.0058469957777516e-08
18250.056 1.885134173657718e-08
18300.056 1.3233595545238527e-08
18350.056 1.0734230365558455e-08
18400.056 1.0863035489744951e-08
18450.056 1.3839704845909198e-08
18500.056 1.5070285375437077e-08
18550.056 1.2311866987883942e-08
18600.056 1.1545733906355107e-08
18650.056 1.1661847970436249e-08
18700.056 1.0213525571064498e-08
18750.056 1.3848222924384956e-08
18800.056 2.180534180637519e-08
18850.056 2.4492042124683278e-08
18900.056 2.3909444984740942e-08
18950.056 3.0937418282174185e-08
19000.056 2.4104971744507957e-08
19050.056 1.8445740959310935e-08
19100.056 2.7269475985655646e-08
19150.056 2.1529249182672555e-08
19200.056 2.444782788557779e-08
19250.056 2.0040389434699205e-08
19300.056 1.8893335220394876e-08
19350.056 1.6208824240818227e-08
19400.056 1.337834354810517e-08
19450.056 2.1472522465990666e-08
19500.056 1.963868463643921e-08
19550.056 1.5314280051911788e-08
19600.056 2.2234902839396114e-08
19650.056 2.2684717623357344e-08
19700.056 2.42024384306909e-08
19750.056 2.6640807973099307e-08
19800.056 2.664787600400569e-08
19850.056 3.28546936424618e-08
19900.056 2.8116420192013184e-08
19950.056 4.042813599105837e-08
20000.056 3.815927569099631e-08
20050.056 3.9771701417806804e-08
20100.056 4.838854704310724e-08
20150.056 4.3030552630974827e-08
20200.056 4.559087201866243e-08
20250.056 5.4191480521504004e-08
20300.056 5.502022930948209e-08
20350.056 5.973938657813973e-08
20400.056 5.7586740779395045e-08
20450.056 6.67826396598547e-08
20500.056 7.135810511381013e-08
20550.056 7.117483923416113e-08
20600.056 7.648077085189124e-08
20650.056 7.794014247802029e-08
20700.056 8.029458147956444e-08
20750.056 8.281638366250262e-08
20800.056 8.235087339419057e-08
20850.056 8.087176399160016e-08
20900.056 8.22542771476748e-08
20950.056 7.793813910749336e-08
21000.056 7.429035441462388e-08
21050.056 7.350329548419101e-08
21100.056 6.845162267510923e-08
21150.056 6.82939287616872e-08
21200.056 6.225707383861317e-08
21250.056 5.7572415802380035e-08
21300.056 4.920195747988804e-08
21350.056 4.911423740597956e-08
21400.056 4.588293797359662e-08
21450.056 4.113883366342952e-08
21500.056 3.7476111785902305e-08
21550.056 3.3866462388811676e-08
21600.056 2.8888530426932707e-08
21650.056 2.447055312672968e-08
21700.056 2.4332839106228746e-08
21750.056 2.172742757851259e-08
21800.056 1.8673901500467075e-08
21850.056 1.726193515704856e-08
21900.056 1.2539837932016045e-08
21950.056 7.482346793922681e-09
22000.056 3.0661272749519234e-09
22050.056 2.0424590130450797e-09
22100.056 3.747753413188419e-09
22150.056 5.647823316099767e-09
22200.056 6.3942464738043034e-09
22250.056 5.291439370474611e-09
22300.056 4.221004722048662e-09
22350.056 4.199518714725484e-09
22400.056 2.840750100502874e-09
22450.056 2.635324979498327e-09
22500.056 2.2788973674287435e-09
22550.056 1.8675907995730234e-09
22600.056 1.9187924426766252e-09
22650.056 2.2110802724777913e-09
22700.056 1.8089437612638633e-09
22750.056 1.9351872345634066e-09
22800.056 1.7683299348527174e-09
22850.056 1.5422465203608525e-09
22900.056 1.2804287504384648e-09
22950.056 1.2233618616630053e-09
23000.056 1.6439790229671673e-09
23050.056 2.1610878925965153e-09
23100.056 4.179825416846289e-09
23150.056 4.75759968156782e-09
23200.056 1.076136698077717e-09
23250.056 1.3551661963401967e-09
23300.056 1.2950248433163813e-09
23350.056 1.3898915964551063e-09
23400.056 1.5682625167413362e-09
23450.056 1.434212873565858e-09
23500.056 1.5612777493886078e-09
23550.056 2.0693522583879576e-09
23600.056 2.3134458849168475e-09
23650.056 3.3471486436359966e-09
23700.056 1.9285520182224214e-09
23750.056 1.4897770601026888e-09
23800.056 1.9439662423739352e-09
23850.056 2.156653321420943e-09
23900.056 3.3735050061197753e-09
23950.056 3.6575365151816258e-09
24000.056 4.1749463288635894e-09
24050.056 5.541725428854866e-09
24100.056 5.1292941994235555e-09
24150.056 6.044838145426849e-09
24200.056 5.60721739244611e-09
24250.056 4.762167946755448e-09
24300.056 6.037538245741027e-09
24350.056 5.271818138654004e-09
24400.056 7.432053188630382e-09
24450.056 7.694155828513378e-09
24500.056 7.911170183617604e-09
24550.056 9.813105986287297e-09
24600.056 9.963502762213238e-09
24650.056 1.2696690068641057e-08
24700.056 9.866114209955433e-09
24750.056 1.1582314813209132e-08
24800.056 1.2122465634514798e-08
24850.056 1.5649823934962555e-08
24900.056 1.0839879944407078e-08
24950.056 1.7415610418873952e-08
25000.056 1.6469402310328886e-08
25050.056 1.2972731379760338e-08
25100.056 1.7469835663461198e-08
25150.056 1.2084680138385757e-08
25200.056 1.6251612596852093e-08
25250.056 1.1546477183684908e-08
25300.056 1.6757068802331665e-08
25350.056 1.023125451022712e-08
25400.056 1.7818725888805906e-08
25450.056 1.02519169973803e-08
25500.056 1.0171673432519792e-08
25550.056 1.1974506094052491e-08
25600.056 9.074552482947855e-09
25650.056 7.212368204790172e-09
25700.056 1.2501282538813086e-08
25750.056 5.660712248817578e-09
25800.056 1.2388492007768157e-08
25850.056 6.18565172721487e-09
25900.056 8.13521884079829e-09
25950.056 4.8929635238319034e-09
26000.056 1.3685776003674463e-08
26050.056 7.55589414737981e-09
26100.056 1.2357193783570855e-08
26150.056 9.42801086806014e-09
26200.056 1.1535951187120605e-08
26250.056 1.845086969871992e-08
26300.056 1.2404999689098468e-08
26350.056 2.2998094709198712e-08
26400.056 2.3226178663358587e-08
26450.056 2.6285194719391093e-08
26500.056 2.8972232841534053e-08
26550.056 1.5615095678697886e-08
26600.056 2.2037698901144196e-08
26650.056 9.83089072993847e-09
26700.056 9.278957744554214e-09
26750.056 6.4704696605429994e-09
26800.056 1.1686969105217305e-08
26850.056 6.669757058518806e-09
26900.056 1.607263524713834e-08
26950.056 8.186869177774324e-09
27000.056 2.1774321429661516e-08
27050.056 1.722941966048571e-08
27100.056 1.1665832761675782e-08
27150.056 2.5378424198024878e-08
27200.056 1.2704326239339984e-08
27250.056 1.6646759529182642e-08
27300.056 3.8713410347693455e-08
27350.056 2.736520610705905e-08
27400.056 7.574599829686677e-09
27450.056 3.5016906456063925e-08
27500.056 3.323260300338537e-08
27550.056 1.4495910122808975e-08
27600.056 2.6800555058437395e-08
27650.056 1.2293345105406673e-08
27700.056 9.862609495800341e-09
27750.056 2.8432024893945384e-08
27800.056 1.1582000852364584e-08
27850.056 1.5750808565759694e-08
27900.056 1.6521337218650254e-08
27950.056 3.0359227979821274e-08
28000.056 2.4760184705413933e-08
28050.056 7.881161105173824e-09
28100.056 2.9097490717106226e-08
28150.056 1.9267358539515298e-08
28200.056 9.5803239421491e-09
28250.056 3.023644422149451e-08
28300.056 3.759025316273608e-08
28350.056 1.3597419236152469e-08
28400.056 2.4014065367104427e-08
28450.056 3.166158872253025e-08
28500.056 2.5040991434194352e-08
28550.056 9.75003645798813e-09
28600.056 3.6595809223079515e-08
28650.056 3.0248104000472645e-08
28700.056 2.8250878537701862e-08
28750.056 4.058030109315134e-08
