galfind/configs/Brown_Dwarf_templates/sonora_bobcat/m-0.5/10g/sp_t650g10nc_m-0.5_resample.dat
# %ECSV 1.0
# ---
# datatype:
# - {name: wav, unit: Angstrom, datatype: float64}
# - {name: flux_nu, unit: erg / (cm2 Hz s), datatype: float64}
# meta: {C/O: '1.00', Kzz: '1.0000E+05', Teff: '650.', Y: '0.28', '[Fe/H]': '-0.50', f_hole: '1.00', f_rain: '0.00', grav: '10.'}
# schema: astropy-2.0
wav flux_nu
[from data line 498]
28900.056 5.02995008755254e-09
28950.056 1.0356828155409631e-08
29000.056 7.835996670352671e-09
29050.056 9.91741584403469e-09
29100.056 6.6946908117315995e-09
29150.056 1.000489140101046e-08
29200.056 8.763723844004638e-09
29250.056 1.40504265770711e-08
29300.056 6.228785055920892e-09
29350.056 1.8347059318282772e-08
29400.056 9.736031909385119e-09
29450.056 1.0381918810632042e-08
29500.056 1.253469464679919e-08
29550.056 9.541945688277664e-09
29600.056 1.2565597545549479e-08
29650.056 1.547336625505801e-08
29700.056 8.742736602612995e-09
29750.056 1.4631717321059723e-08
29800.056 1.4315791443825419e-08
29850.056 1.616283676579111e-08
29900.056 1.4140007492740557e-08
29950.056 1.3111018456888734e-08
30000.056 1.6255291415440993e-09
30050.056 3.4000954617074128e-09
30100.056 5.208375685649765e-09
30150.056 1.0742863159455504e-08
30200.056 8.803872863443277e-09
30250.056 1.8087750787317167e-08
30300.056 1.9253345421463697e-08
30350.056 1.315127620696133e-08
30400.056 2.0213279054241128e-08
30450.056 1.2648761459928932e-08
30500.056 1.2834195377279991e-08
30550.056 1.2597606053673837e-08
30600.056 1.7120274967592988e-08
30650.056 1.1940128483277888e-08
30700.056 1.0349026749877099e-08
30750.056 1.4721107174916963e-08
30800.056 1.0140285828826192e-08
30850.056 1.108512883887444e-08
30900.056 6.984801369728697e-09
30950.056 8.759040671939614e-09
31000.056 7.077162070417955e-09
31050.056 7.198594794405176e-09
31100.056 5.360464455578751e-09
31150.056 8.08137175593574e-09
31200.056 8.774055185367794e-09
31250.056 6.454392575356397e-09
31300.056 5.041446485277816e-09
31350.056 6.2982857582124605e-09
31400.056 4.8605627289120635e-09
31450.056 4.9577982681023115e-09
31500.056 3.4016475041033913e-09
31550.056 4.164432144086353e-09
31600.056 2.67579494125789e-09
31650.056 2.7853439094250487e-09
31700.056 2.973503450345721e-09
31750.056 1.9469478147206657e-09
31800.056 3.0614269707695056e-09
31850.056 1.5657352189462693e-09
31900.056 2.1621137245213148e-09
31950.056 1.386371334579491e-09
32000.056 1.780635043609354e-09
32050.056 2.0728771584980474e-09
32100.056 1.985488816918969e-09
32150.056 2.2227780223251016e-09
32200.056 1.5375534192198077e-09
32250.056 2.716929022098491e-09
32300.056 1.5571189388672342e-09
32350.056 2.639802780303437e-09
32400.056 1.4240037971253315e-09
32450.056 2.448155885861563e-09
32500.056 1.657135461312819e-09
32550.056 1.9151518367702285e-09
32600.056 2.3054992499822364e-09
32650.056 4.360978092732788e-09
32700.056 2.9274943132450868e-09
32750.056 5.017630934746117e-09
32800.056 4.179576663715083e-09
32850.056 5.732859106747458e-09
32900.056 5.928779124135487e-09
32950.056 6.6387416188613304e-09
33000.056 4.951017534898575e-09
33050.056 5.311477620091937e-09
33100.056 1.8628106869561127e-09
33150.056 7.543780710599616e-11
33200.056 1.6896930145026606e-10
33250.056 9.672003350169285e-11
33300.056 1.902608503943342e-10
33350.056 5.284861823335904e-10
33400.056 1.0876538942773185e-09
33450.056 1.6055031698088577e-09
33500.056 3.439275356383151e-09
33550.056 2.006966107105727e-09
33600.056 4.229055582234023e-09
33650.056 3.963367063931472e-09
33700.056 3.093837658427896e-09
33750.056 5.357077694669143e-09
33800.056 2.8572816331351476e-09
33850.056 4.2588785940943346e-09
33900.056 3.532947220853052e-09
33950.056 3.4231231349683075e-09
34000.056 5.2834517540130015e-09
34050.056 1.792034964886737e-09
34100.056 4.924722505720565e-09
34150.056 3.313838071552524e-09
34200.056 4.26147640528149e-09
34250.056 3.771239277389104e-09
34300.056 3.392751621163351e-09
34350.056 3.324364484834047e-09
34400.056 2.3212380043975973e-09
34450.056 4.064439828614039e-09
34500.056 3.4819727576637984e-09
34550.056 2.2105785240967994e-09
34600.056 5.239972559910493e-09
34650.056 2.6891711155288234e-09
34700.056 4.650944391495221e-09
34750.056 3.911550157773226e-09
34800.056 3.4563420111799278e-09
34850.056 4.734249694910525e-09
34900.056 4.296339685646431e-09
34950.056 5.47163968734771e-09
35000.056 9.432737848481438e-09
35050.056 4.555555832330641e-09
35100.056 7.513614136701793e-09
35150.056 6.245756969403868e-09
35200.056 7.139180261924768e-09
35250.056 1.0176290474643258e-08
35300.056 6.773062203188145e-09
35350.056 7.244912187923388e-09
35400.056 8.384674379656597e-09
35450.056 5.459265905439844e-09
35500.056 1.3430041674928516e-08
35550.056 1.1537296713232405e-08
35600.056 9.294968026277873e-09
35650.056 1.064667215494827e-08
35700.056 9.927518746277867e-09
35750.056 1.4074526603833072e-08
35800.056 1.7805980202046803e-08
35850.056 9.008930501548827e-09
35900.056 1.22920837699576e-08
35950.056 1.2273584830751587e-08
36000.056 1.2495593205962152e-08
36050.056 1.0284350652238079e-08
36100.056 1.0894474014152498e-08
36150.056 1.3408401640489329e-08
36200.056 1.4529725036413968e-08
36250.056 1.2973604797320475e-08
36300.056 1.800814263741432e-08
36350.056 1.5150703592485226e-08
36400.056 1.60708438212859e-08
36450.056 2.030363471438628e-08
36500.056 2.264641202353361e-08
36550.056 2.166617721107172e-08
36600.056 2.706615396569411e-08
36650.056 2.464572888123724e-08
36700.056 2.6985557277091978e-08
36750.056 3.009081366266452e-08
36800.056 2.981564508600058e-08
36850.056 2.5440170657521435e-08
36900.056 3.195703297780072e-08
36950.056 3.3434054789153364e-08
37000.056 2.9166112958282407e-08
37050.056 3.13949076431657e-08
37100.056 3.483317333461846e-08
37150.056 2.7662059705277764e-08
37200.056 3.625551241098833e-08
37250.056 3.453724704367456e-08
37300.056 2.9833412435912204e-08
37350.056 3.4171202970259426e-08
37400.056 5.115502403472787e-08
37450.056 3.40338390664438e-08
37500.056 3.5140585404479805e-08
37550.056 4.456902343122166e-08
37600.056 5.2445123456568963e-08
37650.056 3.1346301598990064e-08
37700.056 5.458818821456648e-08
37750.056 3.748386575209825e-08
37800.056 3.994623041516003e-08
37850.056 2.5643743822736067e-08
37900.056 3.293051704883503e-08
37950.056 4.481958674513814e-08
38000.056 5.163631178907789e-08
38050.056 5.139707051586201e-08
38100.056 5.317793224490294e-08
38150.056 6.211651571920103e-08
38200.056 6.46014204759186e-08
38250.056 5.8589184855097616e-08
38300.056 8.156193676478259e-08
38350.056 8.223850742661706e-08
38400.056 4.689635169074763e-08
38450.056 4.5953166335414626e-08
38500.056 3.106455686058596e-08
38550.056 5.353098406352219e-08
38600.056 5.525173177374187e-08
38650.056 5.175275127908718e-08
38700.056 5.3027863427760475e-08
38750.056 5.9330054676572384e-08
38800.056 5.452499800957271e-08
38850.056 5.621111278578644e-08
38900.056 7.656343595112076e-08
38950.056 5.8570482488379414e-08
39000.056 6.859137722524141e-08
39050.056 5.917903020950697e-08
39100.056 6.818586983249466e-08
39150.056 7.030318268141669e-08
39200.056 7.062074314650755e-08
39250.056 8.419481467048817e-08
39300.056 6.389181155446393e-08
39350.056 9.565187145000807e-08
39400.056 7.168399521072596e-08
39450.056 8.289892075247508e-08
39500.056 8.488190619593305e-08
39550.056 7.908969745832187e-08
39600.056 8.926158419034992e-08
39650.056 9.399705739157919e-08
39700.056 9.30945704932169e-08
39750.056 7.426003312135626e-08
39800.056 8.515297731469246e-08
39850.056 1.1225135528900401e-07
39900.056 1.1279575306701025e-07
39950.056 8.750811262277253e-08
40000.056 1.2589967383103235e-07
40050.056 1.0934640402259292e-07
40100.056 8.30225421803428e-08
40150.056 1.1205381633114941e-07
40200.056 1.1650740924675334e-07
40250.056 1.1957349788365504e-07
40300.056 1.1729397947601418e-07
40350.056 1.1558995279658193e-07
40400.056 1.3725615043461812e-07
40450.056 1.0829891084215155e-07
40500.056 1.3942267259497155e-07
40550.056 1.4036505557686963e-07
40600.056 1.317037849500202e-07
40650.056 1.0825672907969332e-07
40700.056 1.579363941874858e-07
40750.056 1.2913854111798256e-07
40800.056 1.0549500827563096e-07
40850.056 1.7525688846205217e-07
40900.056 1.5840321918261172e-07
40950.056 1.4853497795320553e-07
41000.056 1.4252959585009355e-07
41050.056 1.8345727901495472e-07
41100.056 1.594236053940143e-07
41150.056 1.115611892385829e-07
41200.056 1.8591127379528833e-07
41250.056 1.4748574219647656e-07
41300.056 1.4087900113816942e-07
41350.056 1.9623515962000787e-07
41400.056 1.7707624208002936e-07
41450.056 1.9700249771399227e-07
41500.056 1.5708962206219211e-07
41550.056 1.577448932755653e-07
41600.056 1.779328167522286e-07
41650.056 1.9153924798609763e-07
41700.056 1.7975183537991997e-07
41750.056 1.8020963779797487e-07
41800.056 2.0521795604802825e-07
41850.056 1.6388821416858963e-07
41900.056 1.7874722515923272e-07
41950.056 1.7059332428904304e-07
42000.056 1.6121436941195394e-07
42050.056 1.561165690768813e-07
42100.056 2.0286202685477866e-07
42150.056 1.675961357834043e-07
42200.056 1.598502455752068e-07
42250.056 1.619650425104771e-07
42300.056 1.680154930224081e-07
42350.056 2.0551664466302693e-07
42400.056 2.0075619848605353e-07
42450.056 1.7987416042806765e-07
42500.056 1.7052531797297678e-07
42550.056 1.6452401544896097e-07
42600.056 1.8087596278106817e-07
42650.056 2.3399153073590184e-07
42700.056 1.8667279327336015e-07
42750.056 1.812045497980006e-07
42800.056 2.1099650028602935e-07
42850.056 2.270027386179261e-07
42900.056 2.400731512400794e-07
42950.056 1.970285995379508e-07
43000.056 2.172487215940529e-07
43050.056 1.51598197806451e-07
43100.056 1.9157989526194686e-07
43150.056 1.7929562438972622e-07
43200.056 2.2623590141199328e-07
43250.056 2.697883620240325e-07
43300.056 2.663281033299944e-07
43350.056 1.8004179695695312e-07
43400.056 2.179312876949768e-07
43450.056 1.8290697442103384e-07
43500.056 1.7115868908281194e-07
43550.056 1.8657650553125474e-07
43600.056 2.5714904786103327e-07
43650.056 1.9764282018010946e-07
43700.056 2.6005891737406267e-07
43750.056 2.3874323695702607e-07
43800.056 2.2768186912806674e-07
43850.056 1.9729943989701877e-07
43900.056 2.0976628890698857e-07
43950.056 1.5007313675199578e-07
44000.056 1.4640616956389016e-07
44050.056 2.5604590761201005e-07
44100.056 3.071325240630145e-07
44150.056 2.77602764174582e-07
44200.056 2.4944522242799043e-07
44250.056 1.8542645574561324e-07
44300.056 1.5977667956323119e-07
44350.056 1.8313104465458172e-07
44400.056 1.7862496753389062e-07
44450.056 2.3521638673195132e-07
44500.056 2.3740838397506546e-07
44550.056 2.9448848449996325e-07
44600.056 2.4760160652002335e-07
44650.056 2.463279902796578e-07
44700.056 1.792015155700075e-07
44750.056 2.45340503718052e-07
44800.056 2.0471404577641694e-07
44850.056 2.466387984140265e-07
44900.056 2.1108562964661677e-07
44950.056 2.428485846560106e-07
45000.056 2.5189977669699335e-07
45050.056 2.452098196039888e-07
45100.056 2.3242749701998968e-07
45150.056 2.4262542780365187e-07
45200.056 1.9987460910500976e-07
45250.056 2.1941852837291742e-07
45300.056 1.8698234746804022e-07
45350.056 1.9158095561402344e-07
45400.056 3.0614798456902415e-07
45450.056 2.627782849269979e-07
45500.056 2.7646704866901386e-07
45550.056 3.005038062458973e-07
45600.056 2.9873037168005453e-07
45650.056 2.3908986620228343e-07
45700.056 1.9845365977991077e-07
45750.056 1.9749469347489954e-07
45800.056 3.1016668927399376e-07
45850.056 3.000361091519959e-07
45900.056 3.196215165199901e-07
45950.056 2.683263953539905e-07
46000.056 2.989489878725126e-07
46050.056 2.526673588910182e-07
46100.056 3.192385239099651e-07
46150.056 2.423604985180041e-07
46200.056 2.2640621544899727e-07
46250.056 1.4317242523797823e-07
46300.056 2.5622976300280087e-07
46350.056 2.517892777130321e-07
46400.056 2.2978246453601119e-07
46450.056 2.1622116793404415e-07
46500.056 2.452630624120636e-07
46550.056 1.7922225563320008e-07
46600.056 2.2901516196118235e-07
46650.056 3.093733085500017e-07
46700.056 2.2844706848696572e-07
46750.056 1.6635569081540106e-07
46800.056 1.2652220088131953e-07
46850.056 3.14568814352064e-07
46900.056 2.7505617091098193e-07
46950.056 2.727609223229907e-07
47000.056 2.650171536660417e-07
47050.056 2.3065638697347386e-07
47100.056 1.7112920886152884e-07
47150.056 2.1443755725942865e-07
47200.056 2.545171993700024e-07
47250.056 1.9227590098298674e-07
47300.056 1.413393950206937e-07
47350.056 2.940495927499714e-07
47400.056 2.556757543839788e-07
47450.056 2.619020181905668e-07
47500.056 2.877956071775571e-07
47550.056 2.594112393220103e-07
47600.056 2.524460376079953e-07
47650.056 2.385253729042098e-07
47700.056 2.2645866574064066e-07
47750.056 1.7350669737700519e-07
47800.056 1.751640899670113e-07
47850.056 1.2513035222711276e-07
47900.056 1.6390454246136695e-07
47950.056 2.229808574080288e-07
48000.056 3.0153708704006117e-07
48050.056 2.7620251840000154e-07
48100.056 1.5715092180201728e-07
48150.056 2.3086149454001043e-07
48200.056 1.9082916521080123e-07
48250.056 2.034487077580088e-07
48300.056 2.690089323299287e-07
48350.056 1.8044730536101947e-07
48400.056 1.0092445046687634e-07
48450.056 1.8301071018275906e-07
48500.056 2.3415773731195831e-07
48550.056 2.1060329668841156e-07
48600.056 2.2338587730900304e-07
48650.056 2.4698210789397416e-07
48700.056 2.0101920407339573e-07
48750.056 1.4114040650508288e-07
48800.056 2.6883184239798914e-07
48850.056 1.7042940691146985e-07
48900.056 2.4937708698778933e-07
48950.056 1.7105978251002212e-07
49000.056 9.514448372982048e-08
49050.056 2.040216803859794e-07
49100.056 2.3612694892404431e-07
49150.056 1.890724681572197e-07
49200.056 2.6382730632204687e-07
49250.056 2.4617209527204063e-07
49300.056 2.2021186227699935e-07
49350.056 1.2318566530512237e-07
49400.056 1.650001738059689e-07
49450.056 1.7666841224205747e-07
49500.056 1.4297917830168713e-07
49550.056 6.614660979550977e-08
49600.056 1.2507145610467102e-07
49650.056 1.740725218689914e-07
49700.056 1.657433288589424e-07
49750.056 1.883452610819651e-07
49800.056 1.547743024954342e-07
49850.056 2.3385227812106552e-07
49900.056 1.8849624728257426e-07
49950.056 1.869190999060069e-07
50000.056 1.65578728527972e-07
50050.056 1.994811782499998e-07
50100.056 1.5902595776500632e-07
50150.056 1.0559289993998141e-07
50200.056 4.117910224450945e-08
50250.056 1.4249156430297877e-07
50300.056 1.0492578672241403e-07
50350.056 1.9461786556102144e-07
50400.056 1.7388378154598703e-07
50450.056 1.390568703166123e-07
50500.056 1.793640034500274e-07
50550.056 1.6522448950601438e-07
50600.056 1.3361715534696487e-07
50650.056 1.934447912260382e-07
50700.056 2.003863834889209e-07
50750.056 1.510453970456235e-07
50800.056 8.493093848599163e-08
50850.056 7.071001475842913e-08
50900.056 1.8403528046399748e-07
50950.056 1.4160993599001651e-07
51000.056 1.4383007607721107e-07
51050.056 1.5720899093099425e-07
51100.056 8.12820937526816e-08
51150.056 1.1233031254919125e-07
51200.056 2.0992952159998743e-07
51250.056 1.3234338388177286e-07
51300.056 1.1386350864035846e-07
51350.056 1.1527895884738951e-07
51400.056 6.273600138240097e-08
51450.056 5.1937000344823894e-08
51500.056 5.45763424689028e-08
51550.056 1.4226476272361024e-07
51600.056 1.001613386532266e-07
51650.056 1.071243262189701e-07
51700.056 1.189561765574878e-07
51750.056 8.658341126576636e-08
51800.056 1.2716512404998102e-07
51850.056 1.1488006571498998e-07
51900.056 1.6311520712199138e-07
51950.056 1.1750382876198969e-07
52000.056 3.362003211229024e-08
52050.056 8.322027085391299e-08
52100.056 6.069083130599583e-08
52150.056 4.886683452998619e-08
52200.056 6.572080317820122e-08
52250.056 8.689231042232619e-08
52300.056 1.2430041039499447e-07
52350.056 7.935497572012334e-08
52400.056 6.088262850090796e-08
52450.056 1.3252163363800855e-07
52500.056 1.1358586492517116e-07
52550.056 1.1436323343197892e-07
52600.056 9.283143054000427e-08
52650.056 1.0411650510101475e-07
52700.056 8.717861321659764e-08
52750.056 5.33441189553975e-08
52800.056 7.331838179561097e-08
52850.056 7.95152651931733e-08
52900.056 6.131936144210221e-08
52950.056 7.24422796622039e-08
53000.056 9.932525424802375e-08
53050.056 4.986987504088845e-08
53100.056 8.638882436756971e-08
53150.056 1.0919032515301249e-07
53200.056 5.328439643227966e-08
53250.056 1.0486047726100446e-07
53300.056 1.2313491743930513e-07
53350.056 1.013163234149991e-07
53400.056 8.000157348198526e-08
53450.056 4.374010523748928e-08
