galfind/configs/Brown_Dwarf_templates/sonora_bobcat/m-0.5/10g/sp_t1100g10nc_m-0.5_resample.dat
# %ECSV 1.0
# ---
# datatype:
# - {name: wav, unit: Angstrom, datatype: float64}
# - {name: flux_nu, unit: erg / (cm2 Hz s), datatype: float64}
# meta: {C/O: '1.00', Kzz: '1.0000E+05', Teff: '1100.', Y: '0.28', '[Fe/H]': '-0.50', f_hole: '1.00', f_rain: '0.00', grav: '10.'}
# schema: astropy-2.0
wav flux_nu
[from data line 498]
28900.056 1.785000348248955e-07
28950.056 2.9233772925871023e-07
29000.056 2.385399513785385e-07
29050.056 2.4807411871742995e-07
29100.056 1.9419024725943697e-07
29150.056 2.8116328500381823e-07
29200.056 2.3216322972955477e-07
29250.056 2.970316495732101e-07
29300.056 2.1221236472078016e-07
29350.056 3.5312716660958974e-07
29400.056 2.502658723128484e-07
29450.056 2.709239117870655e-07
29500.056 2.8082972757385346e-07
29550.056 2.6506584536888755e-07
29600.056 2.9443944985751783e-07
29650.056 2.838895435591527e-07
29700.056 2.3034140736997317e-07
29750.056 3.0140201923085375e-07
29800.056 3.0870699159558556e-07
29850.056 3.0411862150694723e-07
29900.056 2.7669606425294066e-07
29950.056 3.0264000946302754e-07
30000.056 2.7830017791777804e-07
30050.056 2.6054836386899003e-07
30100.056 2.3204027423590322e-07
30150.056 3.1153282805498003e-07
30200.056 2.5373401993899315e-07
30250.056 3.067751240630781e-07
30300.056 2.5853691436000855e-07
30350.056 2.341798982400171e-07
30400.056 2.6183177940999974e-07
30450.056 2.1508995552673334e-07
30500.056 1.7139286158102127e-07
30550.056 1.8111997206100998e-07
30600.056 1.885003776929886e-07
30650.056 1.63001260053955e-07
30700.056 1.656291321765758e-07
30750.056 1.514997073139796e-07
30800.056 1.3231480735002611e-07
30850.056 1.210880712749578e-07
30900.056 1.234421457309765e-07
30950.056 1.088097208828288e-07
31000.056 9.667520516300145e-08
31050.056 1.0470553006901098e-07
31100.056 8.275883514098993e-08
31150.056 8.893113986139522e-08
31200.056 9.687725743001463e-08
31250.056 7.446367050578541e-08
31300.056 7.488031763659135e-08
31350.056 7.117311390440057e-08
31400.056 6.228890600480282e-08
31450.056 6.237513159098995e-08
31500.056 5.591157001108428e-08
31550.056 5.9447657586999395e-08
31600.056 5.1105324962995196e-08
31650.056 4.877506095799945e-08
31700.056 4.792220826999115e-08
31750.056 4.388082926001669e-08
31800.056 5.012428618099199e-08
31850.056 4.701802119770543e-08
31900.056 5.0988872778996084e-08
31950.056 3.783746448500458e-08
32000.056 4.50221977589944e-08
32050.056 4.7555295604001145e-08
32100.056 4.8364359794010505e-08
32150.056 4.8227174877991705e-08
32200.056 4.492432270200024e-08
32250.056 5.250653111300541e-08
32300.056 4.5556537692002224e-08
32350.056 5.546297126499067e-08
32400.056 4.386235156799254e-08
32450.056 5.33943234659816e-08
32500.056 5.386155709600609e-08
32550.056 5.013079555299561e-08
32600.056 5.6371895426001714e-08
32650.056 7.171414461798993e-08
32700.056 6.523524333801036e-08
32750.056 6.890480565000518e-08
32800.056 6.644276897900597e-08
32850.056 7.079694650798617e-08
32900.056 7.877820311899074e-08
32950.056 7.985268555299135e-08
33000.056 6.982419939397789e-08
33050.056 6.338114630902812e-08
33100.056 4.3603446464996776e-08
33150.056 3.430492416199999e-08
33200.056 2.5737207629999744e-08
33250.056 1.75335776399966e-08
33300.056 1.7264458580001776e-08
33350.056 2.1214343054999997e-08
33400.056 2.5710152442994332e-08
33450.056 3.202152568599929e-08
33500.056 4.179979882901234e-08
33550.056 4.4260357914012414e-08
33600.056 5.698339220799377e-08
33650.056 6.021926140599505e-08
33700.056 5.655288894199077e-08
33750.056 6.966682968300617e-08
33800.056 6.987008176799812e-08
33850.056 7.403432200199041e-08
33900.056 6.47011029399994e-08
33950.056 6.401413095999731e-08
34000.056 7.372832243901743e-08
34050.056 5.830519127797821e-08
34100.056 7.430927750098786e-08
34150.056 6.875716941899586e-08
34200.056 6.181891444498045e-08
34250.056 6.769872611796877e-08
34300.056 6.383735187596732e-08
34350.056 5.4290102071999684e-08
34400.056 5.578298414599488e-08
34450.056 6.4959269212992e-08
34500.056 6.214501393100067e-08
34550.056 6.088787145400164e-08
34600.056 7.277932719399711e-08
34650.056 6.703220550999478e-08
34700.056 6.578028784099615e-08
34750.056 6.892226893098654e-08
34800.056 6.743447565998736e-08
34850.056 6.453830601201645e-08
34900.056 7.514640887998388e-08
34950.056 7.317730802498672e-08
35000.056 9.053717921802161e-08
35050.056 6.97338588119871e-08
35100.056 7.763672393000362e-08
35150.056 7.685695108800192e-08
35200.056 8.37090443459961e-08
35250.056 9.468423269398072e-08
35300.056 8.780736436901551e-08
35350.056 8.154419886297876e-08
35400.056 8.763564719501451e-08
35450.056 6.898990903502551e-08
35500.056 1.0238613017300523e-07
35550.056 1.0301573754798595e-07
35600.056 9.087615161103063e-08
35650.056 1.007575365909962e-07
35700.056 9.49399914539945e-08
35750.056 1.090600432029838e-07
35800.056 1.3874673157700125e-07
35850.056 1.0012802599598739e-07
35900.056 1.2229106331399457e-07
35950.056 1.1498039155098825e-07
36000.056 1.1867660522601933e-07
36050.056 1.149637022069779e-07
36100.056 1.2327013134993254e-07
36150.056 1.2211083842397993e-07
36200.056 1.3075185094097757e-07
36250.056 1.2929516204496252e-07
36300.056 1.3737033845201146e-07
36350.056 1.3681888769400272e-07
36400.056 1.3459818550399525e-07
36450.056 1.5560260504601042e-07
36500.056 1.6063650658598196e-07
36550.056 1.6083764802903867e-07
36600.056 1.7964427255000824e-07
36650.056 1.8238464171396362e-07
36700.056 1.9234695449898485e-07
36750.056 2.020580788800777e-07
36800.056 2.026364903799983e-07
36850.056 2.041876135269522e-07
36900.056 2.0171600329197804e-07
36950.056 2.3323108094997776e-07
37000.056 2.3091702631799482e-07
37050.056 2.241356790699783e-07
37100.056 2.5333380721798954e-07
37150.056 2.189172824000142e-07
37200.056 2.4638231168799397e-07
37250.056 2.6032179517995934e-07
37300.056 2.35622314485915e-07
37350.056 2.3454450879604427e-07
37400.056 3.127788698199971e-07
37450.056 2.7349002661702505e-07
37500.056 2.7236957709896823e-07
37550.056 3.036782269281164e-07
37600.056 3.170173342200092e-07
37650.056 2.797017716449934e-07
37700.056 3.4945986664404346e-07
37750.056 2.95536948119994e-07
37800.056 3.074031814871887e-07
37850.056 2.8018212617500987e-07
37900.056 2.8662375034010073e-07
37950.056 3.088009942489414e-07
38000.056 3.6567980949300713e-07
38050.056 3.6575233640006134e-07
38100.056 3.306994960840724e-07
38150.056 3.9528718248996963e-07
38200.056 4.054769821940863e-07
38250.056 3.916562110140295e-07
38300.056 4.547309505299639e-07
38350.056 4.7652757287001573e-07
38400.056 3.773728064269046e-07
38450.056 4.103074727839717e-07
38500.056 3.3924000935007924e-07
38550.056 4.3537738145005137e-07
38600.056 4.55559254775017e-07
38650.056 4.315974804139688e-07
38700.056 4.657669418799632e-07
38750.056 4.935926217800216e-07
38800.056 4.3670742715974796e-07
38850.056 4.3140934383001544e-07
38900.056 5.108528854800686e-07
38950.056 4.881459655059676e-07
39000.056 5.084711905399876e-07
39050.056 4.900422079599327e-07
39100.056 4.997888796500802e-07
39150.056 5.00833735109997e-07
39200.056 5.386979028099751e-07
39250.056 5.64880565539862e-07
39300.056 5.032063207997955e-07
39350.056 5.846297432600232e-07
39400.056 5.697900452071036e-07
39450.056 5.624995085989791e-07
39500.056 5.275587021401042e-07
39550.056 5.748762249060391e-07
39600.056 5.893371067598087e-07
39650.056 6.115615059600011e-07
39700.056 6.057071389600041e-07
39750.056 5.548078714340712e-07
39800.056 6.188458831798312e-07
39850.056 6.538567698999851e-07
39900.056 6.335337870600639e-07
39950.056 6.289151576998363e-07
40000.056 7.077311343901168e-07
40050.056 6.574362774400461e-07
40100.056 6.341073621740032e-07
40150.056 6.763990068398934e-07
40200.056 6.782930438798203e-07
40250.056 6.368961865998472e-07
40300.056 6.473811850600723e-07
40350.056 6.993038004500495e-07
40400.056 7.227630700340174e-07
40450.056 7.171122261701498e-07
40500.056 6.949006081500465e-07
40550.056 7.198785549919453e-07
40600.056 6.931730419901005e-07
40650.056 6.739018609128795e-07
40700.056 7.742436597799765e-07
40750.056 7.203872332298423e-07
40800.056 6.397011519898241e-07
40850.056 7.577046613701592e-07
40900.056 7.023223423540168e-07
40950.056 7.11476945590045e-07
41000.056 7.226141653000081e-07
41050.056 7.8344247104997e-07
41100.056 7.085039200100301e-07
41150.056 6.48345683963945e-07
41200.056 7.587441413999482e-07
41250.056 7.039912559399717e-07
41300.056 6.57205813769858e-07
41350.056 8.024699754400741e-07
41400.056 7.599325964001067e-07
41450.056 7.616453814601981e-07
41500.056 6.99987057754994e-07
41550.056 7.299438214520138e-07
41600.056 8.188515190650401e-07
41650.056 7.645486420400954e-07
41700.056 7.181027796898245e-07
41750.056 7.477096290499704e-07
41800.056 8.024429624598731e-07
41850.056 6.294997585000728e-07
41900.056 7.416124227878989e-07
41950.056 6.89852618700171e-07
42000.056 7.087398320200949e-07
42050.056 6.415719179899017e-07
42100.056 8.219268519500899e-07
42150.056 6.331560281198632e-07
42200.056 6.48329337291986e-07
42250.056 6.52306636059874e-07
42300.056 6.179604723640147e-07
42350.056 7.563374193501102e-07
42400.056 6.496415083801921e-07
42450.056 6.03272639720027e-07
42500.056 6.138835567400699e-07
42550.056 6.235404502799192e-07
42600.056 6.107114743482023e-07
42650.056 6.309745219897277e-07
42700.056 6.487452730521199e-07
42750.056 5.946142444499792e-07
42800.056 5.928539581401081e-07
42850.056 6.776672830798159e-07
42900.056 6.621671206801224e-07
42950.056 5.95035437719757e-07
43000.056 6.278048020380166e-07
43050.056 5.293543366072751e-07
43100.056 5.836203225099592e-07
43150.056 5.77030016126087e-07
43200.056 6.186790608400446e-07
43250.056 6.336853742199873e-07
43300.056 6.66969507619998e-07
43350.056 5.662817999299363e-07
43400.056 5.916670526099371e-07
43450.056 5.844572502340757e-07
43500.056 5.597833518299381e-07
43550.056 5.933672813130877e-07
43600.056 6.83015731510034e-07
43650.056 5.968396564740264e-07
43700.056 6.049300655199933e-07
43750.056 6.18432545480141e-07
43800.056 5.822719672129526e-07
43850.056 5.792589508301126e-07
43900.056 6.133147186499209e-07
43950.056 5.206330298099909e-07
44000.056 5.071936269170041e-07
44050.056 5.66120747680054e-07
44100.056 6.204357963000481e-07
44150.056 5.911342414298908e-07
44200.056 5.725015988500213e-07
44250.056 5.413385765670022e-07
44300.056 5.172660395630812e-07
44350.056 5.187018092150806e-07
44400.056 5.513938242519964e-07
44450.056 5.559193258699798e-07
44500.056 5.81333974450112e-07
44550.056 5.700042165798993e-07
44600.056 5.140249194000745e-07
44650.056 5.737678321860903e-07
44700.056 4.954476047000377e-07
44750.056 5.553676009799577e-07
44800.056 5.425721442100029e-07
44850.056 5.373339622600752e-07
44900.056 4.908402356260359e-07
44950.056 5.035843689820362e-07
45000.056 5.29920151599943e-07
45050.056 5.36251087539984e-07
45100.056 5.41008343799983e-07
45150.056 5.179398968379744e-07
45200.056 4.825215681600281e-07
45250.056 4.996792619898955e-07
45300.056 4.962114560800472e-07
45350.056 5.141079783999482e-07
45400.056 5.342380037960467e-07
45450.056 4.88089309449916e-07
45500.056 5.051255339599752e-07
45550.056 5.479898007099167e-07
45600.056 5.281992298800068e-07
45650.056 4.57003029096907e-07
45700.056 5.251333451380774e-07
45750.056 4.743975228909871e-07
45800.056 5.079018913899874e-07
45850.056 5.724037893499763e-07
45900.056 5.750786042400175e-07
45950.056 4.953941843100122e-07
46000.056 5.619278627400185e-07
46050.056 5.37930445360053e-07
46100.056 5.083262574200175e-07
46150.056 5.204572040999809e-07
46200.056 5.36791287010106e-07
46250.056 4.593573007249631e-07
46300.056 5.69491199661974e-07
46350.056 5.046451439599813e-07
46400.056 5.105279963899803e-07
46450.056 5.201063368300728e-07
46500.056 4.874785259100057e-07
46550.056 5.702920926599709e-07
46600.056 5.441060132300096e-07
46650.056 6.711583471198953e-07
46700.056 6.055330805501637e-07
46750.056 4.8564320629597e-07
46800.056 5.17088124570066e-07
46850.056 6.159650250301007e-07
46900.056 5.729911915299084e-07
46950.056 6.153374151000374e-07
47000.056 5.364744239499915e-07
47050.056 5.984365703398368e-07
47100.056 4.762876499680688e-07
47150.056 5.181107859680371e-07
47200.056 5.698479981500739e-07
47250.056 5.077914327399799e-07
47300.056 4.936695039089185e-07
47350.056 5.082875916999288e-07
47400.056 5.847143324699124e-07
47450.056 5.250892252750034e-07
47500.056 5.851619299599015e-07
47550.056 5.238634483499565e-07
47600.056 5.604308747499516e-07
47650.056 4.4632217434989373e-07
47700.056 5.799312606000966e-07
47750.056 4.1255595396006014e-07
47800.056 5.596679066899532e-07
47850.056 4.403360834349249e-07
47900.056 5.442279813159813e-07
47950.056 4.440652875600548e-07
48000.056 6.211854579700528e-07
48050.056 5.282794762700512e-07
48100.056 5.182845458760022e-07
48150.056 5.165984873800605e-07
48200.056 5.608044170900582e-07
48250.056 4.947385326899934e-07
48300.056 5.898943534298136e-07
48350.056 4.406369361800174e-07
48400.056 4.978249076819689e-07
48450.056 4.919531175800996e-07
48500.056 6.253081407399924e-07
48550.056 4.6165339243001113e-07
48600.056 5.5558471772999e-07
48650.056 4.869735075499676e-07
48700.056 5.38021464500007e-07
48750.056 4.1598285618510654e-07
48800.056 6.47369776170003e-07
48850.056 4.544334612349135e-07
48900.056 5.923808082400423e-07
48950.056 5.434587735700627e-07
49000.056 4.540396385418909e-07
49050.056 5.542456233200089e-07
49100.056 5.246106811300639e-07
49150.056 5.366351857200045e-07
49200.056 5.444580152100144e-07
49250.056 5.605112301900535e-07
49300.056 4.91497828241976e-07
49350.056 4.631487533780332e-07
49400.056 5.553387858000076e-07
49450.056 5.052066950751461e-07
49500.056 4.994917362899751e-07
49550.056 4.233460419600303e-07
49600.056 4.958996980561139e-07
49650.056 5.132825286200033e-07
49700.056 4.5619405341989424e-07
49750.056 5.859692240198707e-07
49800.056 4.985739572780239e-07
49850.056 6.208552198501064e-07
49900.056 5.046515044600198e-07
49950.056 5.328841954599324e-07
50000.056 5.160923694099181e-07
50050.056 5.505653042500232e-07
50100.056 5.270235685099829e-07
50150.056 4.354335027899796e-07
50200.056 3.535483926359847e-07
50250.056 5.27267639439955e-07
50300.056 4.84753853659995e-07
50350.056 5.937462694000206e-07
50400.056 5.131910912899816e-07
50450.056 4.765712827460919e-07
50500.056 5.567098297300784e-07
50550.056 4.965630361900022e-07
50600.056 5.138365181799597e-07
50650.056 5.500244136501227e-07
50700.056 5.822814568798183e-07
50750.056 5.762825683400886e-07
50800.056 4.2512429959895475e-07
50850.056 4.6284802287010344e-07
50900.056 5.689585527500095e-07
50950.056 5.098627939901218e-07
51000.056 5.908334151180716e-07
51050.056 4.746380697400463e-07
51100.056 4.1460633515995436e-07
51150.056 5.116003033259313e-07
51200.056 5.74331535889982e-07
51250.056 5.088475934958971e-07
51300.056 4.6204836934421486e-07
51350.056 4.6780073456995053e-07
51400.056 3.8463691118494276e-07
51450.056 3.294054407838997e-07
51500.056 4.16223979735076e-07
51550.056 6.016159158140694e-07
51600.056 4.5084103848105387e-07
51650.056 4.769163813299333e-07
51700.056 4.656856480078601e-07
51750.056 4.096618126600557e-07
51800.056 5.117188118498664e-07
51850.056 5.121231358399887e-07
51900.056 5.828190083901389e-07
51950.056 5.154662492699462e-07
52000.056 3.713665705229888e-07
52050.056 4.884403242890264e-07
52100.056 4.1236779109992317e-07
52150.056 4.150622635760252e-07
52200.056 3.7751313031497526e-07
52250.056 4.281668306200353e-07
52300.056 5.334386103999717e-07
52350.056 5.161306140800353e-07
52400.056 3.6780599233102654e-07
52450.056 4.76512928360023e-07
52500.056 4.972168538898894e-07
52550.056 5.222664431298476e-07
52600.056 4.6255508447008056e-07
52650.056 4.988763130561276e-07
52700.056 4.649408980100015e-07
52750.056 3.6985632640596856e-07
52800.056 4.3121475020004576e-07
52850.056 4.1597880650991384e-07
52900.056 4.348469871020673e-07
52950.056 4.398941311559626e-07
53000.056 5.00543324123974e-07
53050.056 3.852965206928619e-07
53100.056 3.8504456738989515e-07
53150.056 5.400601035600486e-07
53200.056 3.52677230558001e-07
53250.056 5.348171563500288e-07
53300.056 5.055062583542336e-07
53350.056 5.007276605399568e-07
53400.056 5.001860018200618e-07
53450.056 3.8175645744003765e-07
53500.056 3.112851300128983e-07
53550.056 4.167432571658936e-07
53600.056 4.7308498264608234e-07
53650.056 4.009504339639815e-07
53700.056 4.0207921683711316e-07
53750.056 4.0255388092005514e-07
