galfind/configs/Brown_Dwarf_templates/sonora_bobcat/m-0.5/10g/sp_t900g10nc_m-0.5_resample.dat
# %ECSV 1.0
# ---
# datatype:
# - {name: wav, unit: Angstrom, datatype: float64}
# - {name: flux_nu, unit: erg / (cm2 Hz s), datatype: float64}
# meta: {C/O: '1.00', Kzz: '1.0000E+05', Teff: '900.', Y: '0.28', '[Fe/H]': '-0.50', f_hole: '1.00', f_rain: '0.00', grav: '10.'}
# schema: astropy-2.0
wav flux_nu
4000.0559999999996 nan
4050.0559999999996 3.0582499486842125e-13
4100.056 7.47672843542913e-12
4150.056 1.484302692427182e-11
4200.056 1.2086559471271166e-11
4250.056 2.0256393359605467e-11
4300.056 2.2657213559402938e-11
4350.056 2.4659747000002182e-11
4400.056 3.033017975820356e-11
4450.056 3.1230892717500505e-11
4500.056 3.216019287480275e-11
4550.056 4.007128183366432e-11
4600.056 4.611880000511987e-11
4650.056 4.3249121685996026e-11
4700.056 4.784294074199996e-11
4750.056 3.822223179319857e-11
4800.056 1.7141758980000016e-11
4850.056 7.0367806017997675e-12
4900.056 3.3009096641999585e-12
4950.056 1.5201132275099886e-12
5000.056 5.312407674399961e-13
5050.056 1.9628016303999767e-13
5100.056 1.515800098599989e-13
5150.056 1.277650684799975e-13
5200.056 1.0624125955400074e-13
5250.056 8.638900020499966e-14
5300.056 7.064850519099985e-14
5350.056 5.916547776399987e-14
5400.056 5.0885579264999815e-14
5450.056 4.412316492399968e-14
5500.056 3.8379264381999857e-14
5550.056 3.3585777999999926e-14
5600.056 2.9470939162999894e-14
5650.056 2.5593163863000038e-14
5700.056 2.193145290299999e-14
5750.056 1.737437108799992e-14
5800.056 1.228099598719994e-14
5850.056 6.358582608399913e-15
5900.056 1.337380553166782e-15
5950.056 1.4928298000200244e-14
6000.056 4.339534763100062e-14
6050.056 9.737753880600064e-14
6100.056 1.9473111154000102e-13
6150.056 3.7289489807000274e-13
6200.056 6.968335772500052e-13
6250.056 1.2752356080200092e-12
6300.056 2.2715727630000195e-12
6350.056 3.951471325900035e-12
6400.056 6.694204488000046e-12
6450.056 1.0933307175899961e-11
6500.056 1.7505595202000077e-11
6550.056 2.729207538600018e-11
6600.056 4.165736515900049e-11
6650.056 6.184236024500022e-11
6700.056 6.58812890181633e-11
6750.056 1.2197448222500068e-10
6800.056 1.6261767640000028e-10
6850.056 1.8430977318000008e-10
6900.056 1.7661220051000157e-10
6950.056 1.5932692752499943e-10
7000.056 1.6165285704400197e-10
7050.056 1.7632027133699747e-10
7100.056 1.9449885059999982e-10
7150.056 1.9722552982599658e-10
7200.056 1.912437484146035e-10
7250.056 1.816186340129883e-10
7300.056 1.6188395358959887e-10
7350.056 1.4205087584389608e-10
7400.056 1.2239235252200284e-10
7450.056 9.933772799200142e-11
7500.056 7.543204574699945e-11
7550.056 5.1716476414999575e-11
7600.056 3.18654453139996e-11
7650.056 4.649052467446155e-12
7700.056 1.7838518501617618e-12
7750.056 2.389997132470076e-11
7800.056 5.783862001678543e-11
7850.056 1.4263946511000102e-10
7900.056 2.4878403643000076e-10
7950.056 3.142045601141926e-10
8000.056 6.071945591000099e-10
8050.056 8.519017712900254e-10
8100.056 1.0886150115600041e-09
8150.056 1.3935184838046813e-09
8200.056 1.8442780054601255e-09
8250.056 2.300185912444487e-09
8300.056 2.8830916652087573e-09
8350.056 3.487197355987655e-09
8400.056 4.234988545007856e-09
8450.056 5.288335990119744e-09
8500.056 5.676686316831936e-09
8550.056 7.299076624000103e-09
8600.056 8.886846054899973e-09
8650.056 9.743432429599661e-09
8700.056 1.1193656984599221e-08
8750.056 1.2974131087100234e-08
8800.056 1.5002795871100564e-08
8850.056 1.6407465843999132e-08
8900.056 1.396963790950917e-08
8950.056 1.3421595161019303e-08
9000.056 1.6213498163303596e-08
9050.056 2.36677271956858e-08
9100.056 2.7429168628043455e-08
9150.056 2.8773497093032082e-08
9200.056 3.4200293342872564e-08
9250.056 3.435400083298479e-08
9300.056 1.8676795446009146e-08
9350.056 2.1305012241854825e-08
9400.056 2.669204722627033e-08
9450.056 3.289636130794429e-08
9500.056 3.2370217434029765e-08
9550.056 3.667678517121729e-08
9600.056 3.427688948286415e-08
9650.056 3.8160370352769904e-08
9700.056 4.309999804450314e-08
9750.056 4.447755920513564e-08
9800.056 4.8828676628235856e-08
9850.056 5.483511148877256e-08
9900.056 5.582474706634877e-08
9950.056 5.4296911041354406e-08
10000.056 4.7981009240890556e-08
10050.056 6.314418016300156e-08
10100.056 7.689233038798656e-08
10150.056 8.601437600498133e-08
10200.056 9.970798046299452e-08
10250.056 1.0939768334699488e-07
10300.056 1.18399816176003e-07
10350.056 1.3714607540199814e-07
10400.056 1.5528390813099368e-07
10450.056 1.6067049187200046e-07
10500.056 1.5350509827600302e-07
10550.056 1.5370481249701036e-07
10600.056 1.6180301086199914e-07
10650.056 1.783892343980063e-07
10700.056 1.886127163141147e-07
10750.056 2.0407744141860818e-07
10800.056 2.1603827771540595e-07
10850.056 2.216920662611771e-07
10900.056 1.8182103544168612e-07
10950.056 1.1670383020244825e-07
11000.056 1.0579146062584054e-07
11050.056 8.945853520380006e-08
11100.056 7.281136164087416e-08
11150.056 5.248747001961977e-08
11200.056 4.708047453475944e-08
11250.056 5.462455779231046e-08
11300.056 5.832502344579731e-08
11350.056 3.227499352375708e-08
11400.056 4.5719442998873095e-08
11450.056 4.294130746118295e-08
11500.056 3.8318967141507356e-08
11550.056 1.985383736892837e-08
11600.056 2.349618565798063e-08
11650.056 3.5645493942551616e-08
11700.056 3.271451458992536e-08
11750.056 1.3220119679238095e-08
11800.056 3.6006809524323e-08
11850.056 5.4644371993029384e-08
11900.056 6.212901776183967e-08
11950.056 8.432601943058126e-08
12000.056 1.032295709847893e-07
12050.056 1.3071975000051154e-07
12100.056 1.5660403718798008e-07
12150.056 1.9046664856278674e-07
12200.056 2.179557975657467e-07
12250.056 2.502436260549276e-07
12300.056 2.8575011249234384e-07
12350.056 2.984201903885129e-07
12400.056 3.241425737559971e-07
12450.056 3.2653168114402335e-07
12500.056 3.5218099180599543e-07
12550.056 3.7345568946103663e-07
12600.056 4.3093807272902073e-07
12650.056 4.257494811939924e-07
12700.056 4.4467165916408104e-07
12750.056 4.32955847427039e-07
12800.056 4.3783029638043067e-07
12850.056 3.903821639008519e-07
12900.056 3.4936236882504356e-07
12950.056 3.5072831163703514e-07
13000.056 3.274544461598517e-07
13050.056 2.9905249575633723e-07
13100.056 2.7405596597621265e-07
13150.056 2.3194744674502144e-07
13200.056 2.038544835485734e-07
13250.056 1.6268791710337203e-07
13300.056 8.564322182665956e-08
13350.056 3.1393326114725167e-08
13400.056 2.5019522851113725e-08
13450.056 1.500894738075095e-08
13500.056 1.120978773541133e-08
13550.056 8.201025275703717e-09
13600.056 3.957522894930965e-09
13650.056 8.47362517013154e-09
13700.056 7.3628917921054095e-09
13750.056 6.41455200779135e-09
13800.056 6.7969169260392945e-09
13850.056 5.836149260939749e-09
13900.056 6.10540173212538e-09
13950.056 5.269469842740882e-09
14000.056 5.278161561005845e-09
14050.056 6.4429670157334356e-09
14100.056 6.599749812971262e-09
14150.056 8.943576540583565e-09
14200.056 7.506863068744147e-09
14250.056 8.564891340177394e-09
14300.056 1.2206373885161255e-08
14350.056 1.2881981826235922e-08
14400.056 1.556374489808433e-08
14450.056 1.6876383820144013e-08
14500.056 2.6698908401944857e-08
14550.056 3.070137727082827e-08
14600.056 3.6990119864181715e-08
14650.056 3.8467425321642765e-08
14700.056 3.3621236536927266e-08
14750.056 3.908015962184462e-08
14800.056 4.886730259379783e-08
14850.056 5.406895295756054e-08
14900.056 5.753458600228198e-08
14950.056 6.246196254205504e-08
15000.056 7.11778175997993e-08
15050.056 7.962513936882017e-08
15100.056 8.544842760988777e-08
15150.056 9.526644721762241e-08
15200.056 9.909969637661508e-08
15250.056 1.1518017060063164e-07
15300.056 1.2855312343368502e-07
15350.056 1.4007656932331035e-07
15400.056 1.575241503001282e-07
15450.056 1.7243908464401936e-07
15500.056 1.7944032720605677e-07
15550.056 1.988244838020002e-07
15600.056 1.999601409284104e-07
15650.056 2.13876945664014e-07
15700.056 2.41598512020092e-07
15750.056 2.544838734139927e-07
15800.056 2.4780820326507275e-07
15850.056 2.630729552889917e-07
15900.056 2.4317917082301606e-07
15950.056 2.3131622730094875e-07
16000.056 1.8956205664700324e-07
16050.056 1.3536662341229586e-07
16100.056 1.0048517650869091e-07
16150.056 6.978101842497759e-08
16200.056 4.7704851507525815e-08
16250.056 3.99811644000968e-08
16300.056 3.104014755503589e-08
16350.056 3.415840059246522e-08
16400.056 4.1857710899216136e-08
16450.056 4.4397571601150225e-08
16500.056 4.6915942399372166e-08
16550.056 4.625325316694471e-08
16600.056 4.2854115275239725e-08
16650.056 3.6817369283374025e-08
16700.056 1.198484593014416e-08
16750.056 1.4861111453018403e-08
16800.056 2.665047412618268e-08
16850.056 3.1249157763469525e-08
16900.056 2.431421304573275e-08
16950.056 1.851439097040004e-08
17000.056 1.3409865041868477e-08
17050.056 2.18431093723321e-08
17100.056 2.965790173432143e-08
17150.056 2.1357541653684794e-08
17200.056 3.4980401349910904e-08
17250.056 3.2233631199261094e-08
17300.056 2.340189008564531e-08
17350.056 2.1125208314408627e-08
17400.056 2.515188315384463e-08
17450.056 3.0664423160239716e-08
17500.056 3.711710273239852e-08
17550.056 3.6564523169214525e-08
17600.056 3.1408019502938315e-08
17650.056 3.180694471716884e-08
17700.056 2.398347032779685e-08
17750.056 2.4510012887579597e-08
17800.056 3.643235902528848e-08
17850.056 2.710157888153063e-08
17900.056 2.2686428922828843e-08
17950.056 2.0257040897565543e-08
18000.056 2.3997298049651915e-08
18050.056 2.6734492459490507e-08
18100.056 2.9964681956718676e-08
18150.056 3.749321868128665e-08
18200.056 2.5781148280588758e-08
18250.056 4.430401584438826e-08
18300.056 3.453001641785201e-08
18350.056 2.8676957950912345e-08
18400.056 2.9370437474095036e-08
18450.056 3.3341937400043945e-08
18500.056 3.669063325533372e-08
18550.056 3.102623695955296e-08
18600.056 2.8069758333416806e-08
18650.056 2.9705472153325294e-08
18700.056 2.881685079942729e-08
18750.056 3.5038453136880373e-08
18800.056 5.034564620305813e-08
18850.056 5.7311662059877694e-08
18900.056 5.6952173168734745e-08
18950.056 7.018106792167333e-08
19000.056 6.140424548840935e-08
19050.056 5.037915542856852e-08
19100.056 6.89481241542328e-08
19150.056 5.9309911019038655e-08
19200.056 6.517350575955012e-08
19250.056 5.5495403597169366e-08
19300.056 5.525364833051594e-08
19350.056 4.849541288811435e-08
19400.056 3.898685755654768e-08
19450.056 5.9318259309645555e-08
19500.056 5.607212026924095e-08
19550.056 4.338557830292842e-08
19600.056 5.949331159149213e-08
19650.056 6.236159641628473e-08
19700.056 6.49245208270318e-08
19750.056 6.702315582801954e-08
19800.056 6.933295325486495e-08
19850.056 8.148399435310218e-08
19900.056 6.88001423663373e-08
19950.056 9.608618834247629e-08
20000.056 8.756285304093456e-08
20050.056 9.489914026463971e-08
20100.056 1.0878053129154979e-07
20150.056 1.026925445818711e-07
20200.056 1.1074713842379822e-07
20250.056 1.2493143567192938e-07
20300.056 1.23934778410678e-07
20350.056 1.3481810718745324e-07
20400.056 1.3155267962884739e-07
20450.056 1.4735936700975342e-07
20500.056 1.537456280943557e-07
20550.056 1.5312221842735587e-07
20600.056 1.6502462211517154e-07
20650.056 1.6396447362426336e-07
20700.056 1.6788701770025234e-07
20750.056 1.7206829875748e-07
20800.056 1.7185856851759748e-07
20850.056 1.6701033706799326e-07
20900.056 1.6927660542204791e-07
20950.056 1.61851409484978e-07
21000.056 1.5535178324004208e-07
21050.056 1.5305845368818946e-07
21100.056 1.4359268942521844e-07
21150.056 1.4377970441307409e-07
21200.056 1.316782016726004e-07
21250.056 1.2307499743078311e-07
21300.056 1.0653918354074078e-07
21350.056 1.066004218400595e-07
21400.056 9.936512100580118e-08
21450.056 9.096167113497874e-08
21500.056 8.3224521471785e-08
21550.056 7.576762717372859e-08
21600.056 6.508946401535337e-08
21650.056 5.632044043972782e-08
21700.056 5.585940640549037e-08
21750.056 4.912060060088246e-08
21800.056 4.206981009794128e-08
21850.056 3.8249010675122195e-08
21900.056 2.8125006514704078e-08
21950.056 1.7678136790582408e-08
22000.056 7.949174959380176e-09
22050.056 5.248991609655025e-09
22100.056 8.41749914904373e-09
22150.056 1.2581571691367492e-08
22200.056 1.4549124778437061e-08
22250.056 1.244634982047244e-08
22300.056 1.0347947979899664e-08
22350.056 9.956477790142518e-09
22400.056 7.304396043595135e-09
22450.056 6.455317332053168e-09
22500.056 5.81242348296647e-09
22550.056 4.847033836814512e-09
22600.056 5.084713610838484e-09
22650.056 5.516754601507664e-09
22700.056 4.6959637301973345e-09
22750.056 5.062529725201414e-09
22800.056 4.514446264580348e-09
22850.056 4.0184077370195825e-09
22900.056 3.4312166237753643e-09
22950.056 3.2697915575871667e-09
23000.056 4.261884581064591e-09
23050.056 5.6117798843868735e-09
23100.056 9.639324271993494e-09
23150.056 1.1021621296960086e-08
23200.056 3.140771753749321e-09
23250.056 3.6325293024987454e-09
23300.056 3.368699133312487e-09
23350.056 3.4573050321273285e-09
23400.056 3.86940718038095e-09
23450.056 3.7120243984270184e-09
23500.056 4.05487501399404e-09
23550.056 5.166983385000514e-09
23600.056 5.745107905345379e-09
23650.056 7.81102200806248e-09
23700.056 5.0863789795678895e-09
23750.056 3.958081107870299e-09
23800.056 4.447494698146247e-09
23850.056 5.1622319080875645e-09
23900.056 7.716350944153368e-09
23950.056 8.719149897625034e-09
24000.056 9.451573717702154e-09
24050.056 1.2315494388174304e-08
24100.056 1.145673950725075e-08
24150.056 1.3124084294764351e-08
24200.056 1.2627682975908984e-08
24250.056 1.072794962088245e-08
24300.056 1.3198442638390124e-08
24350.056 1.1403085412741722e-08
24400.056 1.529200393039947e-08
24450.056 1.5748400265165793e-08
24500.056 1.612284494938473e-08
24550.056 1.958251385099686e-08
24600.056 1.9908567215363574e-08
24650.056 2.4535044121710904e-08
24700.056 2.0090196572479386e-08
24750.056 2.3162211372700416e-08
24800.056 2.436674260879117e-08
24850.056 3.017417974376195e-08
24900.056 2.240130249821748e-08
24950.056 3.386558620678061e-08
25000.056 3.2023119840483936e-08
25050.056 2.6039426028463493e-08
25100.056 3.409256338696705e-08
25150.056 2.494884880959879e-08
25200.056 3.2490754753647086e-08
25250.056 2.5203670222979388e-08
25300.056 3.471761900624306e-08
25350.056 2.274328381073135e-08
25400.056 3.658419083273068e-08
25450.056 2.3405546606559462e-08
25500.056 2.3276879315640106e-08
25550.056 2.575509191577911e-08
25600.056 2.0896508709449816e-08
25650.056 1.739457770781001e-08
25700.056 2.8288991288893858e-08
25750.056 1.4329475589219955e-08
25800.056 2.7043739744830766e-08
25850.056 1.579627056227993e-08
25900.056 2.0022916089842468e-08
25950.056 1.3501997751172592e-08
26000.056 3.092666966166057e-08
26050.056 2.045625200468535e-08
26100.056 2.8391571110529613e-08
26150.056 2.2916644462185256e-08
26200.056 2.7225401538789984e-08
26250.056 3.8002061911224474e-08
26300.056 2.8991992693851052e-08
26350.056 4.6997611570410456e-08
26400.056 4.758527126956569e-08
26450.056 5.358853388860177e-08
26500.056 5.7337604305630266e-08
26550.056 3.618616067796163e-08
26600.056 5.0818602947520005e-08
26650.056 2.584042883656592e-08
26700.056 2.5546181208450197e-08
26750.056 1.773293805194413e-08
26800.056 2.959596407803789e-08
26850.056 1.733412784701008e-08
26900.056 3.754421698790688e-08
26950.056 2.0158786059464135e-08
27000.056 4.7075318549605466e-08
27050.056 3.6552864470189186e-08
27100.056 2.8952731171884113e-08
27150.056 5.2465106539632966e-08
27200.056 3.2066481593197107e-08
27250.056 3.7614133917991936e-08
27300.056 7.626523063243852e-08
27350.056 5.824942096782038e-08
27400.056 2.1388981655920163e-08
27450.056 7.527394456120443e-08
27500.056 7.044410976676414e-08
27550.056 3.649751540500941e-08
27600.056 6.450399489569934e-08
27650.056 3.154606061847406e-08
27700.056 2.6199269750881332e-08
27750.056 6.595308637971225e-08
27800.056 2.993687748100435e-08
27850.056 3.894027231477207e-08
27900.056 4.173192292005116e-08
27950.056 6.891866673082486e-08
28000.056 5.760967293339249e-08
28050.056 2.216076781750012e-08
28100.056 7.051621363124373e-08
28150.056 4.6049503086114256e-08
28200.056 2.5126569762981106e-08
28250.056 6.806819816366634e-08
28300.056 8.68643520680007e-08
28350.056 3.487616167468085e-08
28400.056 5.461647433016435e-08
28450.056 6.948168667437041e-08
28500.056 5.7860521081990566e-08
28550.056 2.464741937672275e-08
28600.056 8.06176962221979e-08
28650.056 6.853360125950921e-08
28700.056 6.231729012848927e-08
28750.056 8.57986881965991e-08
28800.056 6.886005378232877e-08
