galfind/configs/Brown_Dwarf_templates/sonora_bobcat/m-0.5/10g/sp_t400g10nc_m-0.5_resample.dat
# %ECSV 1.0
# ---
# datatype:
# - {name: wav, unit: Angstrom, datatype: float64}
# - {name: flux_nu, unit: erg / (cm2 Hz s), datatype: float64}
# meta: {C/O: '1.00', Kzz: '1.0000E+05', Teff: '400.', Y: '0.28', '[Fe/H]': '-0.50', f_hole: '1.00', f_rain: '0.00', grav: '10.'}
# schema: astropy-2.0
wav flux_nu
[from data line 994]
53700.056 8.180970043537298e-09
53750.056 8.016976186288284e-09
53800.056 7.646856916830516e-09
53850.056 1.3592572271495805e-08
53900.056 1.4973127952429997e-08
53950.056 1.3907657392040174e-08
54000.056 1.041016724140599e-08
54050.056 1.4974212038997685e-08
54100.056 3.046158548347667e-09
54150.056 4.14460462023913e-09
54200.056 4.6006969624734486e-10
54250.056 1.7275261444001944e-09
54300.056 4.035493364871396e-09
54350.056 7.046321045349413e-09
54400.056 6.6856090514175325e-09
54450.056 5.958139604414735e-09
54500.056 7.796798800090033e-09
54550.056 6.311894243319838e-09
54600.056 4.4711293350391075e-09
54650.056 3.322483993695463e-10
54700.056 5.112683808989793e-09
54750.056 5.184699639589418e-09
54800.056 2.66166256333904e-09
54850.056 3.6856530544902405e-09
54900.056 5.196692439590231e-09
54950.056 1.0040081259779226e-08
55000.056 4.386147417519346e-09
55050.056 5.2449730628159895e-09
55100.056 7.200403030462641e-09
55150.056 3.5513433923356117e-09
55200.056 2.9829454131232776e-09
55250.056 4.183973372622709e-09
55300.056 3.5166762980826726e-09
55350.056 5.703555843327994e-09
55400.056 4.306655655958861e-09
55450.056 4.027432673070547e-09
55500.056 1.3088015948123326e-09
55550.056 1.125260744187749e-09
55600.056 3.4555858423833345e-09
55650.056 2.449559862785282e-09
55700.056 2.586519642514613e-09
55750.056 1.561064548059421e-09
55800.056 5.284521269412548e-10
55850.056 8.774744220527939e-10
55900.056 3.348253619317007e-09
55950.056 5.654604810315064e-09
56000.056 2.3444932410376067e-09
56050.056 1.9858751848715286e-09
56100.056 3.752398596807235e-09
56150.056 1.6403369634041084e-09
56200.056 1.6433954208740844e-09
56250.056 5.425156876422974e-09
56300.056 3.277963360335167e-09
56350.056 1.1251818388242456e-09
56400.056 3.039114374086134e-10
56450.056 3.716820173488617e-10
56500.056 2.2688590736726262e-09
56550.056 6.360261478633529e-10
56600.056 2.5551013527084052e-09
56650.056 3.03355706696073e-09
56700.056 2.0904654145896676e-09
56750.056 7.252994870204788e-10
56800.056 8.561297645269502e-10
56850.056 2.158183501632862e-09
56900.056 7.706076338095847e-10
56950.056 2.916834106836781e-09
57000.056 3.93024301674067e-09
57050.056 2.1497686340494226e-09
57100.056 3.425920452343497e-10
57150.056 1.082635394894836e-09
57200.056 4.771406296646186e-10
57250.056 9.468911905344738e-10
57300.056 1.3434884379819816e-09
57350.056 6.758017996477401e-10
57400.056 2.5621743115227767e-09
57450.056 7.333015607948485e-10
57500.056 7.475893751799468e-10
57550.056 1.1391036114209442e-09
57600.056 5.240678344217991e-10
57650.056 1.7882400109450814e-10
57700.056 6.011204245250062e-10
57750.056 1.7690404384041635e-09
57800.056 8.165434329193922e-10
57850.056 3.180248319530567e-09
57900.056 4.414599339520698e-09
57950.056 4.448656970026004e-09
58000.056 1.023723845580796e-09
58050.056 2.5518280537572294e-09
58100.056 1.5230143097888417e-09
58150.056 1.111875003512879e-09
58200.056 1.6799646405790312e-10
58250.056 4.1644180148633884e-10
58300.056 3.145933770051409e-10
58350.056 6.66543643016607e-10
58400.056 1.4686257432149576e-09
58450.056 2.9505079982701992e-09
58500.056 3.045737035780685e-09
58550.056 1.3689686292752864e-09
58600.056 3.913597865842519e-10
58650.056 9.531794213774279e-10
58700.056 7.386206392330734e-10
58750.056 1.1806270800798652e-09
58800.056 5.215629337964064e-11
58850.056 4.520962038110667e-10
58900.056 3.999431294991316e-10
58950.056 2.651911970614657e-10
59000.056 6.957415148529636e-10
59050.056 9.71437876213533e-10
59100.056 5.221663742417884e-10
59150.056 7.80178785841529e-10
59200.056 1.7194089922400196e-09
59250.056 2.1706522730352228e-09
59300.056 1.2963055077676874e-09
59350.056 1.241145488724797e-10
59400.056 1.8083911858338338e-10
59450.056 1.638034248177572e-09
59500.056 9.576470433294592e-10
59550.056 1.0809592379889638e-09
59600.056 1.8978218978492776e-09
59650.056 5.895759682380266e-10
59700.056 5.171209457008345e-10
59750.056 3.1568853484744337e-09
59800.056 1.0554278980178206e-09
59850.056 1.0910465776898235e-09
59900.056 3.112288031931796e-10
59950.056 8.47644871778588e-10
60000.056 2.340848237544061e-09
60050.056 3.724909147202071e-09
60100.056 2.5331904275996688e-09
60150.056 5.603469310620017e-10
60200.056 1.1787679987163162e-09
60250.056 3.328682882687337e-09
60300.056 2.3313654160656935e-09
60350.056 1.5073441479374735e-09
60400.056 1.441899278235342e-09
60450.056 1.744851392589241e-10
60500.056 4.9102314050882996e-11
60550.056 7.203255241718142e-10
60600.056 1.3631236758279735e-09
60650.056 9.582157620569942e-10
60700.056 4.750891340559428e-10
60750.056 1.8841430604869205e-10
60800.056 1.23206610467998e-09
60850.056 2.4135757724995353e-09
60900.056 1.5437300383430716e-09
60950.056 9.500950906756735e-10
61000.056 2.5537148954097115e-09
61050.056 6.918277454386672e-10
61100.056 5.381290610320349e-10
61150.056 1.3584107857151595e-10
61200.056 1.410220955146299e-09
61250.056 1.2090734086702587e-09
61300.056 8.00860566992638e-10
61350.056 2.128773054814806e-09
61400.056 4.72667438649155e-10
61450.056 2.706031756887365e-10
61500.056 2.009794505860436e-10
61550.056 5.746493340398699e-10
61600.056 2.0635692922826946e-10
61650.056 3.4106437091474237e-10
61700.056 1.043697919310963e-09
61750.056 7.911150566968609e-10
61800.056 7.714457965716056e-10
61850.056 1.2385763412561305e-10
61900.056 1.6228524193106286e-09
61950.056 1.2915479153148488e-09
62000.056 9.115457127653843e-10
62050.056 3.6023713007307775e-09
62100.056 8.036175409679265e-10
62150.056 2.2752441633129084e-09
62200.056 1.9246190566257064e-09
62250.056 1.7008502375728552e-09
62300.056 3.92208150742441e-09
62350.056 4.262582731659317e-09
62400.056 2.6808402412573673e-09
62450.056 2.2434263180112267e-09
62500.056 3.9417894655563165e-09
62550.056 6.906264493798065e-09
62600.056 2.1497495497390417e-09
62650.056 2.2640852235042663e-09
62700.056 1.3059749970230123e-09
62750.056 4.110438443486933e-09
62800.056 3.020901031200767e-09
62850.056 2.1128785486133e-09
62900.056 4.54956939929748e-09
62950.056 6.566950227201805e-09
63000.056 1.7249347538570342e-09
63050.056 9.155240642983123e-09
63100.056 1.185525902596825e-08
63150.056 7.229918550010088e-09
63200.056 4.745600834400976e-09
63250.056 5.314008611404813e-09
63300.056 1.3288307243710514e-09
63350.056 2.380849154901045e-09
63400.056 7.665111967876651e-10
63450.056 2.382762732705768e-10
63500.056 2.9982403163689885e-09
63550.056 4.679947168364072e-09
63600.056 1.976381532721941e-09
63650.056 2.442408889200369e-09
63700.056 4.192708629688175e-10
63750.056 1.364235522440606e-09
63800.056 4.136096274774354e-09
63850.056 2.824428700018379e-09
63900.056 7.355187936371807e-10
63950.056 1.2500856475545566e-09
64000.056 2.7077399660157775e-09
64050.056 4.790296848976475e-10
64100.056 1.7161796438486701e-10
64150.056 2.3457921671530593e-10
64200.056 2.227919614929131e-10
64250.056 1.6961769113534798e-09
64300.056 1.262230017992435e-09
64350.056 6.369900697385619e-10
64400.056 2.371873562986437e-09
64450.056 2.0459405428970884e-09
64500.056 1.2493341881622914e-09
64550.056 2.4681236752942425e-09
64600.056 1.4101822350789694e-09
64650.056 2.3679953576142e-09
64700.056 4.811396464209502e-10
64750.056 9.392709102807469e-10
64800.056 3.817686119124621e-10
64850.056 2.4726882847554e-10
64900.056 2.3344909187002736e-10
64950.056 1.7097991632996283e-10
65000.056 3.004802352182599e-10
65050.056 1.5022810457916444e-09
65100.056 9.844866339359469e-10
65150.056 1.0861136927406408e-09
65200.056 2.3755529904477127e-10
65250.056 7.393613161800689e-10
65300.056 1.3899608793778258e-09
65350.056 2.985413491407081e-09
65400.056 1.0586103479190566e-09
65450.056 1.3158112233824851e-09
65500.056 1.7916098009199877e-09
65550.056 5.976626531971186e-10
65600.056 1.9807182459554074e-09
65650.056 9.024079541927202e-10
65700.056 6.838838061401846e-10
65750.056 4.592906416513837e-10
65800.056 1.1650001050500065e-09
65850.056 2.7679616417891452e-09
65900.056 3.6449411566485906e-10
65950.056 6.613214459571221e-10
66000.056 7.93555100192284e-10
66050.056 2.243916560222045e-09
66100.056 1.4370000568766385e-09
66150.056 1.2971088896530543e-09
66200.056 1.6588520014988599e-09
66250.056 7.026505281993355e-10
66300.056 5.026461782472492e-10
66350.056 1.886652032740302e-10
66400.056 3.4555667742494404e-10
66450.056 1.5443971167405851e-09
66500.056 2.955725723431992e-09
66550.056 2.7831742193595817e-09
66600.056 2.433462052680396e-09
66650.056 1.040708158132091e-09
66700.056 8.23074478883575e-10
66750.056 1.8403316716826731e-09
66800.056 9.54508467515852e-10
66850.056 7.307696793883074e-10
66900.056 3.628024816233314e-09
66950.056 2.993854628400436e-09
67000.056 5.135255883303534e-09
67050.056 1.6471431320513625e-09
67100.056 1.057214155963199e-09
67150.056 1.4560014923128598e-09
67200.056 2.578011452398029e-09
67250.056 2.2493034341009525e-09
67300.056 4.845676932164198e-09
67350.056 1.7133571726959669e-09
67400.056 4.26791797288004e-09
67450.056 2.79849849115794e-09
67500.056 1.4187158057739464e-09
67550.056 5.970934925805273e-09
67600.056 1.0026983133398596e-08
67650.056 6.6499742896161644e-09
67700.056 3.5888403665561712e-09
67750.056 1.8479220608926392e-09
67800.056 2.2233206346711636e-09
67850.056 1.0601953171720123e-09
67900.056 1.104807223880162e-09
67950.056 1.259262554969908e-09
68000.056 4.402566384139459e-09
68050.056 2.2448622267548425e-09
68100.056 4.439674397354009e-09
68150.056 4.577176481387792e-09
68200.056 3.014608434120919e-09
68250.056 6.998684414085729e-10
68300.056 4.25185677413019e-09
68350.056 5.147825093044768e-09
68400.056 6.570343148399478e-09
68450.056 7.44662637652344e-09
68500.056 3.277881930481298e-09
68550.056 7.833289671281572e-10
68600.056 9.123096128790778e-10
68650.056 4.577557072143264e-10
68700.056 1.4726060542607661e-09
68750.056 3.007638774240402e-09
68800.056 2.806430167089113e-09
68850.056 1.998107581388706e-09
68900.056 8.662831853899457e-09
68950.056 8.247505402352214e-09
69000.056 3.3397823672916624e-09
69050.056 1.511575898833814e-09
69100.056 7.727119308700354e-09
69150.056 1.1268869768425947e-08
69200.056 8.947822556540997e-09
69250.056 9.463026578858857e-09
69300.056 8.928820614110006e-09
69350.056 1.034968877459942e-08
69400.056 4.026220752245972e-09
69450.056 8.060487409596816e-09
69500.056 5.519741082329416e-09
69550.056 3.168201667200172e-09
69600.056 5.449244499441547e-10
69650.056 3.1936477261214813e-09
69700.056 6.733337529079377e-09
69750.056 3.564948265818537e-09
69800.056 7.91027853900099e-09
69850.056 7.893475653763655e-09
69900.056 4.980527856963758e-09
69950.056 4.599348354577456e-09
70000.056 4.8562041753285106e-09
70050.056 1.1890907385066944e-08
70100.056 6.847685243803418e-09
70150.056 5.520860321859346e-09
70200.056 3.6171800871386126e-09
70250.056 4.068879847320936e-09
70300.056 8.006709913059842e-09
70350.056 8.573055076298542e-09
70400.056 2.8670492743086587e-09
70450.056 4.4140878586219956e-10
70500.056 3.122346361610553e-09
70550.056 2.4854685651858743e-09
70600.056 3.2359672589274612e-09
70650.056 4.996509325259301e-09
70700.056 7.018467133553539e-09
70750.056 1.3589937756408713e-08
70800.056 5.251773795516933e-09
70850.056 5.175208401598924e-09
70900.056 1.0424756994078981e-08
70950.056 1.0480813913303703e-08
71000.056 7.937925493899406e-09
71050.056 1.0178183601010243e-08
71100.056 6.207617887340083e-09
71150.056 3.8565382867178206e-09
71200.056 4.143353272299977e-09
71250.056 9.733979583104525e-09
71300.056 1.159208449194236e-08
71350.056 1.226914881978944e-08
71400.056 8.953746216396335e-09
71450.056 2.2479306522984404e-09
71500.056 3.637289104689029e-09
71550.056 3.6729477778006693e-09
71600.056 5.189529645849806e-09
71650.056 2.475780851051009e-09
71700.056 1.5791268498140884e-09
71750.056 5.459205297703193e-09
71800.056 9.626483302341442e-09
71850.056 8.145697885699733e-09
71900.056 5.683893900987194e-09
71950.056 7.88255891509652e-09
72000.056 6.220709110142804e-09
72050.056 2.334074769928062e-09
72100.056 3.117585565074709e-09
72150.056 7.051710820138149e-09
72200.056 5.998199366540732e-09
72250.056 1.4108310897703926e-08
72300.056 4.811247385570354e-09
72350.056 8.389198387497268e-09
72400.056 6.653499137701343e-09
72450.056 6.018178761675422e-09
72500.056 8.221637447301538e-09
72550.056 1.8975085506956696e-09
72600.056 4.6816673293228405e-09
72650.056 8.275435322205163e-09
72700.056 3.1629077697478886e-09
72750.056 4.596802329099741e-09
72800.056 2.0302386682054423e-09
72850.056 3.0636832385745216e-09
72900.056 9.521837948901888e-09
72950.056 4.830849831855867e-09
73000.056 4.639535424641971e-09
73050.056 1.802381754751144e-09
73100.056 3.0741466841566734e-09
73150.056 9.880903733897203e-09
73200.056 2.41644781630392e-09
73250.056 3.655765509399674e-09
73300.056 1.5352081521703314e-09
73350.056 1.2667376735234659e-09
73400.056 3.983279819850219e-09
73450.056 1.8565293911604411e-09
73500.056 1.4374744179880993e-09
73550.056 3.138350024790807e-09
73600.056 3.4694669666977287e-09
73650.056 3.0288690065620637e-09
73700.056 1.7823686382374508e-09
73750.056 7.214313590212714e-10
73800.056 2.317814083715192e-09
73850.056 3.4695869755618704e-09
73900.056 1.2526334759068783e-09
73950.056 2.1721081865429577e-09
74000.056 5.122376269423383e-10
74050.056 4.198034970922345e-09
74100.056 3.869132772171196e-09
74150.056 3.498547322609129e-09
74200.056 7.554185884849726e-10
74250.056 2.05491654644051e-10
74300.056 2.886672873564006e-09
74350.056 4.6281917117738e-09
74400.056 3.2228248563632702e-09
74450.056 9.83484224260583e-10
74500.056 3.9406814610033356e-10
74550.056 1.3712856809478112e-09
74600.056 1.4854783218568599e-09
74650.056 1.902292643430822e-09
74700.056 1.7827074985108397e-09
74750.056 4.728827968496444e-10
74800.056 7.840161583755323e-10
74850.056 3.949237322571971e-09
74900.056 5.069732960931768e-09
74950.056 3.2188575427788e-09
75000.056 1.6079607467596851e-09
75050.056 1.2134541189051465e-10
75100.056 2.6702329774218205e-09
75150.056 5.8164538906023305e-09
75200.056 5.012676278199589e-09
75250.056 3.410569359208017e-09
75300.056 2.07647079275006e-09
75350.056 3.3014221886492387e-10
75400.056 5.013368086201319e-09
75450.056 7.013151836601771e-09
75500.056 4.6160856035391425e-09
75550.056 2.8890483101207388e-09
75600.056 4.029158507819632e-09
75650.056 2.129371050080976e-09
75700.056 7.583937123299008e-09
75750.056 4.740141253684893e-09
75800.056 5.183536571335159e-09
75850.056 6.271890482749567e-09
75900.056 6.5481411193278026e-09
75950.056 2.290741251453961e-09
76000.056 8.121910023058734e-09
76050.056 7.736733658096269e-09
76100.056 6.8958226470160285e-09
76150.056 6.889880761467831e-09
76200.056 5.318615710702327e-09
76250.056 1.7669222980080004e-09
76300.056 8.643898835900086e-09
76350.056 1.2025354926003365e-08
76400.056 7.162314682802548e-09
76450.056 5.740697009851451e-09
76500.056 3.6561759263995772e-09
76550.056 7.05485291159899e-10
76600.056 1.0806099063391478e-10
76650.056 1.6388275775936529e-10
76700.056 2.0172351273396171e-10
76750.056 2.6058324892612037e-10
76800.056 6.093853167901453e-10
76850.056 6.711928009839393e-10
76900.056 1.2612140936143856e-09
76950.056 7.163114193807706e-10
77000.056 2.3961428555868126e-09
77050.056 4.954337925981282e-10
77100.056 1.0831488311908558e-09
77150.056 2.4330161915845816e-09
77200.056 8.189484774499509e-10
77250.056 6.873237794314725e-10
77300.056 2.7943184096489715e-09
77350.056 1.3509888463038668e-09
77400.056 2.4703017683712357e-09
77450.056 4.881230464364472e-09
77500.056 3.6123761886683807e-09
77550.056 1.8293259252097435e-09
77600.056 5.589466697799985e-10
77650.056 1.011339538004165e-09
77700.056 3.3019306836472876e-09
77750.056 3.4144630366372855e-09
77800.056 5.74243585234288e-09
77850.056 7.849510484697356e-09
77900.056 1.9160802725810964e-09
77950.056 4.858620722662118e-10
78000.056 2.2516603732795443e-09
78050.056 1.7750059783305511e-09
78100.056 3.4288403250456046e-09
78150.056 5.5691978673468885e-09
78200.056 8.833465601098494e-09
78250.056 4.6570406470011606e-09
78300.056 9.092797123095281e-10
78350.056 3.0844426616726204e-09
