galfind/configs/Brown_Dwarf_templates/sonora_bobcat/m-0.5/10g/sp_t1800g10nc_m-0.5_resample.dat
# %ECSV 1.0
# ---
# datatype:
# - {name: wav, unit: Angstrom, datatype: float64}
# - {name: flux_nu, unit: erg / (cm2 Hz s), datatype: float64}
# meta: {C/O: '1.00', Kzz: '1.0000E+05', Teff: '1800.', Y: '0.28', '[Fe/H]': '-0.50', f_hole: '1.00', f_rain: '0.00', grav: '10.'}
# schema: astropy-2.0
wav flux_nu
[from data line 496]
28800.056 1.1960869245303147e-06
28850.056 1.2865798980701972e-06
28900.056 1.0249517920100894e-06
28950.056 1.4318237466398622e-06
29000.056 1.1522326147496022e-06
29050.056 1.1844348992597517e-06
29100.056 9.917251517100815e-07
29150.056 1.2721701273802863e-06
29200.056 1.1412751815203794e-06
29250.056 1.3102072512600793e-06
29300.056 1.080875999739337e-06
29350.056 1.4741295398396874e-06
29400.056 1.1808154829398032e-06
29450.056 1.217539407899948e-06
29500.056 1.2878076199798462e-06
29550.056 1.2287360432301007e-06
29600.056 1.3119299893698662e-06
29650.056 1.291323745929911e-06
29700.056 1.113835018579812e-06
29750.056 1.4470310210008494e-06
29800.056 1.4163806337799624e-06
29850.056 1.3792669067898289e-06
29900.056 1.2373007717403273e-06
29950.056 1.4645637745197534e-06
30000.056 1.4568198161196058e-06
30050.056 1.3638233592598613e-06
30100.056 1.106109352409673e-06
30150.056 1.7133518917198425e-06
30200.056 1.4988542235001569e-06
30250.056 1.4783245375805067e-06
30300.056 1.4988878890098186e-06
30350.056 1.3670173939902178e-06
30400.056 1.700299364510367e-06
30450.056 1.3573333432901279e-06
30500.056 1.2636792289802254e-06
30550.056 1.7554984268104337e-06
30600.056 1.683836403570254e-06
30650.056 1.6947424382500418e-06
30700.056 1.5792314729199598e-06
30750.056 1.49633124816006e-06
30800.056 1.7982446063404564e-06
30850.056 1.5267777940799183e-06
30900.056 1.5658032364798664e-06
30950.056 1.4996331641902174e-06
31000.056 1.719277285519921e-06
31050.056 1.4646121295499776e-06
31100.056 1.5916821267999025e-06
31150.056 1.718624040689718e-06
31200.056 1.7073028824097905e-06
31250.056 1.7936829176402716e-06
31300.056 1.6263008631597996e-06
31350.056 1.6559433439099888e-06
31400.056 1.6160522905904218e-06
31450.056 1.677483939390072e-06
31500.056 1.67979962924027e-06
31550.056 1.5710676185600244e-06
31600.056 1.6357720924298498e-06
31650.056 1.723171154919988e-06
31700.056 1.7471175588598872e-06
31750.056 1.5027359313802897e-06
31800.056 1.8135906870901227e-06
31850.056 1.896372707960183e-06
31900.056 1.9606534346198625e-06
31950.056 1.429801991709816e-06
32000.056 1.6392482996603315e-06
32050.056 1.9437486667402118e-06
32100.056 1.911161259309765e-06
32150.056 1.9675031601900452e-06
32200.056 1.855041193609902e-06
32250.056 1.812247425660226e-06
32300.056 1.9137367758700838e-06
32350.056 2.103258390050319e-06
32400.056 1.8068213078700912e-06
32450.056 1.8443143079900796e-06
32500.056 1.985620859370312e-06
32550.056 2.2267522083801144e-06
32600.056 2.2147950610798495e-06
32650.056 2.1773081192207772e-06
32700.056 2.07838164563022e-06
32750.056 2.1641401453100242e-06
32800.056 1.975046106700231e-06
32850.056 2.393979370039745e-06
32900.056 2.309126649059993e-06
32950.056 1.9537478263397996e-06
33000.056 2.1271952103402615e-06
33050.056 2.192012633469803e-06
33100.056 2.2526664510393404e-06
33150.056 1.924078336690222e-06
33200.056 1.5263540265498277e-06
33250.056 1.639882902499563e-06
33300.056 1.6495583658003533e-06
33350.056 1.7047934329601845e-06
33400.056 1.6847615951197267e-06
33450.056 1.8631938081893805e-06
33500.056 2.0676105901303097e-06
33550.056 2.0346190031398676e-06
33600.056 2.1790684148605495e-06
33650.056 2.3262170136906385e-06
33700.056 2.3341422635695474e-06
33750.056 2.4625571320500205e-06
33800.056 2.318576994129784e-06
33850.056 2.2985489044900836e-06
33900.056 2.558972352339578e-06
33950.056 2.2676331568097454e-06
34000.056 2.3040449323393424e-06
34050.056 2.2745525720296962e-06
34100.056 2.5743884933203393e-06
34150.056 2.4478992653396374e-06
34200.056 2.283024809449355e-06
34250.056 2.609415116149673e-06
34300.056 2.2462042546490925e-06
34350.056 2.4612159359898395e-06
34400.056 2.223911191759687e-06
34450.056 2.3287234998099503e-06
34500.056 2.4295796156304367e-06
34550.056 2.2582998935998353e-06
34600.056 2.4817743691000725e-06
34650.056 2.472167539900017e-06
34700.056 2.372815723119493e-06
34750.056 2.589318005920276e-06
34800.056 2.6592256886695705e-06
34850.056 2.358898202700116e-06
34900.056 2.4928605609103605e-06
34950.056 2.4306335284193793e-06
35000.056 2.4253907048496815e-06
35050.056 2.723981874860604e-06
35100.056 2.521954058719316e-06
35150.056 2.5463372556899463e-06
35200.056 2.6280148690697635e-06
35250.056 2.3618737525600614e-06
35300.056 2.5646366039700872e-06
35350.056 2.7110613381997726e-06
35400.056 2.5118184993198906e-06
35450.056 2.408065659340482e-06
35500.056 2.7232856737998035e-06
35550.056 2.5411833888999134e-06
35600.056 2.391924094809721e-06
35650.056 2.8389858567603554e-06
35700.056 2.4356668789004097e-06
35750.056 2.629436322569705e-06
35800.056 2.730506910999699e-06
35850.056 2.7026895906997853e-06
35900.056 2.933035208099582e-06
35950.056 2.7303438029000053e-06
36000.056 2.4893575429997223e-06
36050.056 2.914200470100294e-06
36100.056 2.970260539899542e-06
36150.056 2.67750797822035e-06
36200.056 2.9408300397595904e-06
36250.056 2.6538417208894325e-06
36300.056 3.1451787851506944e-06
36350.056 2.953853049399683e-06
36400.056 2.8252898349999745e-06
36450.056 3.126482745099687e-06
36500.056 2.9078588763202344e-06
36550.056 2.8030709335605175e-06
36600.056 2.900939329120248e-06
36650.056 3.004101963000319e-06
36700.056 3.1572887162001416e-06
36750.056 2.9374463122002952e-06
36800.056 3.0102917917996798e-06
36850.056 3.003509603300366e-06
36900.056 3.107157645400544e-06
36950.056 3.0861105925799396e-06
37000.056 3.1767678397000733e-06
37050.056 3.1895273300999062e-06
37100.056 3.127491281400387e-06
37150.056 3.106660911699319e-06
37200.056 3.2469391237000646e-06
37250.056 3.2758278134002536e-06
37300.056 3.2940924314006115e-06
37350.056 3.070477325900469e-06
37400.056 3.231636620099657e-06
37450.056 3.2278599307803005e-06
37500.056 3.273769535699763e-06
37550.056 3.209318880399392e-06
37600.056 3.3931883682995364e-06
37650.056 3.160682699499686e-06
37700.056 3.2138158176000578e-06
37750.056 3.4157933672995606e-06
37800.056 3.4874213962998983e-06
37850.056 3.2930101180998518e-06
37900.056 3.3929169561002627e-06
37950.056 3.4375544079001294e-06
38000.056 3.32697461890046e-06
38050.056 3.3909724695002032e-06
38100.056 3.247962460900222e-06
38150.056 3.538011838499524e-06
38200.056 3.6214865750995053e-06
38250.056 3.282540890000517e-06
38300.056 3.2416231495999475e-06
38350.056 3.3975086872998238e-06
38400.056 3.464885386599766e-06
38450.056 3.5308164578003013e-06
38500.056 3.4184867921998213e-06
38550.056 3.4116795990001593e-06
38600.056 3.7427689953998024e-06
38650.056 3.2867688714001497e-06
38700.056 3.3718817341006244e-06
38750.056 3.5031841558999814e-06
38800.056 3.4647608322004064e-06
38850.056 3.4166500750003076e-06
38900.056 3.335717069999831e-06
38950.056 3.5441477319996654e-06
39000.056 3.4175093826001324e-06
39050.056 3.495087808399904e-06
39100.056 3.2977411013000107e-06
39150.056 3.41881321050014e-06
39200.056 3.556548691500169e-06
39250.056 3.5209243632993813e-06
39300.056 3.5014955055992936e-06
39350.056 3.4838227084003855e-06
39400.056 3.4310576133000863e-06
39450.056 3.432665651699765e-06
39500.056 3.4011806213997602e-06
39550.056 3.3313514543293953e-06
39600.056 3.64881494490014e-06
39650.056 3.2585339267000196e-06
39700.056 3.41399537109983e-06
39750.056 3.378093356039595e-06
39800.056 3.215440860400209e-06
39850.056 3.3084952941997425e-06
39900.056 3.2707749403999396e-06
39950.056 3.448574088699874e-06
40000.056 3.1324141236998126e-06
40050.056 2.942342752899934e-06
40100.056 3.179112567199775e-06
40150.056 2.9780063010993197e-06
40200.056 3.096437045499672e-06
40250.056 3.1067675619191294e-06
40300.056 2.8330133275003267e-06
40350.056 3.0683160719002345e-06
40400.056 3.0910829558998574e-06
40450.056 2.8257541144006287e-06
40500.056 2.6433366483001505e-06
40550.056 3.117977445099816e-06
40600.056 2.7659871779602955e-06
40650.056 2.8600732293004876e-06
40700.056 3.006068668000247e-06
40750.056 2.6573701096991046e-06
40800.056 2.6285223239504714e-06
40850.056 2.4726564828005473e-06
40900.056 2.485888598580519e-06
40950.056 2.6776640016599708e-06
41000.056 2.748255184500236e-06
41050.056 2.670214612069445e-06
41100.056 2.5320933817803434e-06
41150.056 2.7302512332001403e-06
41200.056 2.5468169421000593e-06
41250.056 2.590830039860243e-06
41300.056 2.247966616269697e-06
41350.056 2.697956832900126e-06
41400.056 2.527552066100108e-06
41450.056 2.429456281209976e-06
41500.056 2.6349047014800957e-06
41550.056 2.5591426497300147e-06
41600.056 2.695896396100009e-06
41650.056 2.3628256970404704e-06
41700.056 2.2613873484596546e-06
41750.056 2.432888919280013e-06
41800.056 2.354783998699641e-06
41850.056 2.182104372100379e-06
41900.056 2.519489110259696e-06
41950.056 2.2431506418004766e-06
42000.056 2.3940516636702243e-06
42050.056 2.1672068303691312e-06
42100.056 2.481884315700332e-06
42150.056 1.9686412440993652e-06
42200.056 2.0890104043601324e-06
42250.056 2.256710402459908e-06
42300.056 2.005987042470083e-06
42350.056 2.3447318159605316e-06
42400.056 2.043707988660355e-06
42450.056 1.7423163883401083e-06
42500.056 1.8820987318502634e-06
42550.056 2.0742815576398967e-06
42600.056 1.9716506883103837e-06
42650.056 1.8290406070691454e-06
42700.056 2.0329990997706726e-06
42750.056 1.883325113580115e-06
42800.056 1.8886005204503517e-06
42850.056 2.0700916806996575e-06
42900.056 1.967627485800159e-06
42950.056 1.7577181468491777e-06
43000.056 1.8695501472198848e-06
43050.056 1.7805387163509528e-06
43100.056 1.8953498609598697e-06
43150.056 1.9606080345104886e-06
43200.056 1.8653955938701101e-06
43250.056 1.8607698555901307e-06
43300.056 1.912461894780119e-06
43350.056 1.7147593814398066e-06
43400.056 1.751599219099741e-06
43450.056 1.7803044500306463e-06
43500.056 1.732144905519679e-06
43550.056 1.8057726554900058e-06
43600.056 1.8869261951600544e-06
43650.056 1.6531388920202497e-06
43700.056 1.5660276387598803e-06
43750.056 1.664940950880173e-06
43800.056 1.5933043173600559e-06
43850.056 1.6158000485004385e-06
43900.056 1.651582017379927e-06
43950.056 1.5462027314102184e-06
44000.056 1.430772146130103e-06
44050.056 1.4143579381700855e-06
44100.056 1.5342554373803033e-06
44150.056 1.6056564056697465e-06
44200.056 1.481250726560101e-06
44250.056 1.4173177314099803e-06
44300.056 1.3655262488902859e-06
44350.056 1.3708652471701409e-06
44400.056 1.4242214362499464e-06
44450.056 1.4715437319600324e-06
44500.056 1.4781856629503023e-06
44550.056 1.3114856014396743e-06
44600.056 1.338488534190159e-06
44650.056 1.4498918325300788e-06
44700.056 1.2904117706601884e-06
44750.056 1.3968345736798139e-06
44800.056 1.3888348383599317e-06
44850.056 1.379697579980046e-06
44900.056 1.274629597500201e-06
44950.056 1.2049217306299972e-06
45000.056 1.3325635239398994e-06
45050.056 1.339082492599824e-06
45100.056 1.367273008979905e-06
45150.056 1.2765758551400014e-06
45200.056 1.1646459104499517e-06
45250.056 1.210308125519821e-06
45300.056 1.2934554032601036e-06
45350.056 1.3579844038998847e-06
45400.056 1.2789291422901823e-06
45450.056 1.152972779079826e-06
45500.056 1.188273495059967e-06
45550.056 1.343565437539872e-06
45600.056 1.2289922509199543e-06
45650.056 1.0958153848297457e-06
45700.056 1.3086189147601198e-06
45750.056 1.1904441487799462e-06
45800.056 1.167138474819966e-06
45850.056 1.3875996902399818e-06
45900.056 1.4041870788400963e-06
45950.056 1.196392088449965e-06
46000.056 1.448209317409978e-06
46050.056 1.4053915570502707e-06
46100.056 1.167354623310109e-06
46150.056 1.2506620245399598e-06
46200.056 1.392114615110315e-06
46250.056 1.1171326620299498e-06
46300.056 1.4728488792899164e-06
46350.056 1.189806710429872e-06
46400.056 1.2462878852898316e-06
46450.056 1.2702599814202837e-06
46500.056 1.171264907989902e-06
46550.056 1.4315632228799734e-06
46600.056 1.306639766719995e-06
46650.056 1.675257008659921e-06
46700.056 1.5452858625804213e-06
46750.056 1.2305264485498645e-06
46800.056 1.3808780001102507e-06
46850.056 1.4641647695701242e-06
46900.056 1.379680749489712e-06
46950.056 1.5352923255901202e-06
47000.056 1.331840207889964e-06
47050.056 1.509336203799718e-06
47100.056 1.237116401070123e-06
47150.056 1.3673199859102678e-06
47200.056 1.416628932390426e-06
47250.056 1.2825737750097126e-06
47300.056 1.3533339394196362e-06
47350.056 1.127760917649726e-06
47400.056 1.4332430636196378e-06
47450.056 1.3198873651498974e-06
47500.056 1.3775062706496713e-06
47550.056 1.2763880787497943e-06
47600.056 1.4560135763999182e-06
47650.056 1.030923717459685e-06
47700.056 1.4743575116400737e-06
47750.056 9.93896185510282e-07
47800.056 1.4430156674798378e-06
47850.056 1.101531544499723e-06
47900.056 1.469226638680098e-06
47950.056 1.048588791660251e-06
48000.056 1.6281656255000021e-06
48050.056 1.1767340455602441e-06
48100.056 1.306413250919973e-06
48150.056 1.186946738210172e-06
48200.056 1.4679235212602914e-06
48250.056 1.1968471139998498e-06
48300.056 1.6033159424197518e-06
48350.056 1.0598206262998775e-06
48400.056 1.4528707798799813e-06
48450.056 1.1795794277500874e-06
48500.056 1.6079027785200367e-06
48550.056 1.097493003730063e-06
48600.056 1.4666238783498503e-06
48650.056 1.119019091969969e-06
48700.056 1.3965023611200842e-06
48750.056 1.0077587929801632e-06
48800.056 1.633078038200114e-06
48850.056 1.122964967689782e-06
48900.056 1.4428303324501092e-06
48950.056 1.3281861463300747e-06
49000.056 1.3135331229898555e-06
49050.056 1.3606407300899116e-06
49100.056 1.2689082900601546e-06
49150.056 1.3344624140000745e-06
49200.056 1.3105598226199546e-06
49250.056 1.3173451185400452e-06
49300.056 1.1562604332598479e-06
49350.056 1.2192750986599928e-06
49400.056 1.4682241927101624e-06
49450.056 1.2329166053403032e-06
49500.056 1.3162601259301393e-06
49550.056 1.1401947193000042e-06
49600.056 1.2522556006703179e-06
49650.056 1.2982830329101244e-06
49700.056 1.1050185925899173e-06
49750.056 1.6618817988997044e-06
49800.056 1.27140318106007e-06
49850.056 1.5789921348400285e-06
49900.056 1.2571542248201244e-06
49950.056 1.3584838350295626e-06
50000.056 1.3088300792796803e-06
50050.056 1.330983166290131e-06
50100.056 1.4086779642798845e-06
50150.056 1.217558408020034e-06
50200.056 1.119153998020134e-06
50250.056 1.2779101741200889e-06
50300.056 1.2088010155698594e-06
50350.056 1.3932572952400212e-06
50400.056 1.2589836480600302e-06
50450.056 1.2344749490201825e-06
50500.056 1.6133199474602857e-06
50550.056 1.296264691309901e-06
50600.056 1.3953356726900907e-06
50650.056 1.3145063978903548e-06
50700.056 1.4396368649595016e-06
50750.056 1.4409297496802012e-06
50800.056 1.1204605057999147e-06
50850.056 1.3155777349702433e-06
50900.056 1.3692282300399601e-06
50950.056 1.4323947354002172e-06
51000.056 1.6170100101601613e-06
51050.056 1.2203148214502188e-06
51100.056 1.2151872262399e-06
51150.056 1.3956740678799411e-06
51200.056 1.3216164615699175e-06
51250.056 1.46707501819996e-06
51300.056 1.2355763984204329e-06
51350.056 1.384805530869717e-06
51400.056 1.3012339598296167e-06
51450.056 9.655689048098425e-07
51500.056 1.3410396426099401e-06
51550.056 1.6499228352601594e-06
51600.056 1.1113301480600215e-06
51650.056 1.3273171633597665e-06
51700.056 1.216146737629612e-06
51750.056 1.194560958170094e-06
51800.056 1.4084428591798159e-06
51850.056 1.4233799063598788e-06
51900.056 1.4775945742202847e-06
51950.056 1.3398021157598606e-06
52000.056 1.1845075921299483e-06
52050.056 1.369934404999904e-06
52100.056 1.296979951709708e-06
52150.056 1.3139712611901526e-06
52200.056 1.2643988198500854e-06
52250.056 1.3007553773499975e-06
52300.056 1.3686464516799823e-06
52350.056 1.5426411354102044e-06
52400.056 1.1284875168601163e-06
52450.056 1.3112276173399465e-06
52500.056 1.4345338256496537e-06
52550.056 1.3160505028395683e-06
52600.056 1.3833825151101888e-06
52650.056 1.5661749119202738e-06
52700.056 1.3338247758300258e-06
52750.056 1.0736718785598465e-06
52800.056 1.2282053660301384e-06
52850.056 1.157997415579868e-06
52900.056 1.293784384220125e-06
52950.056 1.2836750133297556e-06
53000.056 1.4393966123298509e-06
53050.056 1.2995099782397546e-06
53100.056 1.1889608246896764e-06
53150.056 1.4918699900503108e-06
53200.056 1.057761867430209e-06
