galfind/configs/Brown_Dwarf_templates/sonora_bobcat/m-0.5/10g/sp_t650g10nc_m-0.5_resample.dat
# %ECSV 1.0
# ---
# datatype:
# - {name: wav, unit: Angstrom, datatype: float64}
# - {name: flux_nu, unit: erg / (cm2 Hz s), datatype: float64}
# meta: {C/O: '1.00', Kzz: '1.0000E+05', Teff: '650.', Y: '0.28', '[Fe/H]': '-0.50', f_hole: '1.00', f_rain: '0.00', grav: '10.'}
# schema: astropy-2.0
wav flux_nu
4000.0559999999996 nan
4050.0559999999996 3.592310792360263e-15
4100.056 2.649394868559901e-13
4150.056 1.277355644620079e-12
4200.056 1.1358084463069983e-12
4250.056 3.6372732178603385e-12
4300.056 5.496203990730352e-12
4350.056 6.682711275200363e-12
4400.056 8.799718109800318e-12
4450.056 1.0924415063800011e-11
4500.056 1.1646438136400666e-11
4550.056 1.3449893045029842e-11
4600.056 1.3867823837464067e-11
4650.056 1.1864495529399277e-11
4700.056 9.550995523799881e-12
4750.056 4.0260124865999786e-12
4800.056 1.083940187919982e-12
4850.056 2.3378271422999695e-13
4900.056 6.490254077899935e-14
4950.056 2.0300107882999743e-14
5000.056 5.7911264936999254e-15
5050.056 2.5388180691000194e-15
5100.056 2.3061624206000087e-15
5150.056 2.282807583199987e-15
5200.056 2.298312917799996e-15
5250.056 2.362946443599996e-15
5300.056 2.4597337933000015e-15
5350.056 2.5985817652000017e-15
5400.056 2.789926121099994e-15
5450.056 2.9664591986999855e-15
5500.056 3.1198529992000026e-15
5550.056 3.2509060820000027e-15
5600.056 3.348830357699994e-15
5650.056 3.371603793700005e-15
5700.056 3.2775315824000028e-15
5750.056 2.931044872999993e-15
5800.056 2.3442944680999903e-15
5850.056 1.4159151774399772e-15
5900.056 3.7100497077232368e-16
5950.056 3.1397860491000695e-15
6000.056 8.03854736640005e-15
6050.056 1.6081051004000155e-14
6100.056 2.798272699100014e-14
6150.056 4.532548984000026e-14
6200.056 7.067350400600036e-14
6250.056 1.076536300590003e-13
6300.056 1.60105230000001e-13
6350.056 2.351935881900017e-13
6400.056 3.427995197700011e-13
6450.056 4.869615622299897e-13
6500.056 7.087577090999966e-13
6550.056 1.0332984141200009e-12
6600.056 1.5199884380200405e-12
6650.056 2.2429993685000185e-12
6700.056 2.9777991339350317e-12
6750.056 4.776185346000027e-12
6800.056 6.5059623436000455e-12
6850.056 7.723554546200023e-12
6900.056 7.461423565500163e-12
6950.056 6.672413971929923e-12
7000.056 6.88116478710012e-12
7050.056 7.532514597299845e-12
7100.056 8.355501779899907e-12
7150.056 8.213379357372825e-12
7200.056 7.90713697118752e-12
7250.056 7.726155540174422e-12
7300.056 7.208972730006349e-12
7350.056 6.757185856350775e-12
7400.056 6.335079859200249e-12
7450.056 5.77430844090016e-12
7500.056 5.0799584099999774e-12
7550.056 4.186434410499979e-12
7600.056 3.2413874339999754e-12
7650.056 7.693771441410566e-13
7700.056 4.2912807334822453e-13
7750.056 3.1065855587000666e-12
7800.056 5.769368478740086e-12
7850.056 1.1084198794899988e-11
7900.056 1.702967962939988e-11
7950.056 2.0963353162316286e-11
8000.056 3.6695308801000546e-11
8050.056 5.1593076688001954e-11
8100.056 6.560156063815103e-11
8150.056 8.631759436362478e-11
8200.056 1.2601429002857286e-10
8250.056 1.638592332564906e-10
8300.056 2.190120125990853e-10
8350.056 2.732450648254978e-10
8400.056 3.5012347379820107e-10
8450.056 4.6490561551297875e-10
8500.056 5.322677729554486e-10
8550.056 7.369803552000141e-10
8600.056 9.796393147900155e-10
8650.056 1.2133864425300367e-09
8700.056 1.4397897541000115e-09
8750.056 1.7286987679000162e-09
8800.056 1.971981641180052e-09
8850.056 1.9567406163499356e-09
8900.056 1.0692827339358916e-09
8950.056 1.2146907355995078e-09
9000.056 1.1865945400250794e-09
9050.056 2.524722267010996e-09
9100.056 3.1332818955128967e-09
9150.056 3.431319991098845e-09
9200.056 4.5752205791166645e-09
9250.056 4.6348207736467434e-09
9300.056 1.7796804914041578e-09
9350.056 2.0878893625044295e-09
9400.056 3.0284357906848886e-09
9450.056 3.854933345177559e-09
9500.056 3.5517452520713045e-09
9550.056 4.173220205574188e-09
9600.056 3.997510783782441e-09
9650.056 4.813650297772492e-09
9700.056 6.099180903907607e-09
9750.056 6.210263156446483e-09
9800.056 6.818661498355089e-09
9850.056 7.65361477837188e-09
9900.056 9.434221251206797e-09
9950.056 9.30482207087972e-09
10000.056 8.966476077148201e-09
10050.056 1.1872217168600606e-08
10100.056 1.4758601409797577e-08
10150.056 1.6785089741798378e-08
10200.056 1.90882156640009e-08
10250.056 2.2114970308951787e-08
10300.056 2.6442810437707978e-08
10350.056 2.9469631327899834e-08
10400.056 3.643507247460007e-08
10450.056 4.114713850929253e-08
10500.056 4.5024877295399794e-08
10550.056 4.9191051970001644e-08
10600.056 5.1453156846896986e-08
10650.056 5.424761828300145e-08
10700.056 5.3915755471272604e-08
10750.056 5.5223891273361924e-08
10800.056 5.39699559753415e-08
10850.056 4.916770587233775e-08
10900.056 3.5722271852049014e-08
10950.056 1.919145160264927e-08
11000.056 1.4961313951885387e-08
11050.056 1.053553714413551e-08
11100.056 6.936969632462525e-09
11150.056 3.4951615395939077e-09
11200.056 2.6095948254814354e-09
11250.056 3.0526467248592833e-09
11300.056 3.952616043955306e-09
11350.056 1.6568206952845214e-09
11400.056 3.151480059181913e-09
11450.056 2.554599571458639e-09
11500.056 1.6439572412945121e-09
11550.056 4.915352117200744e-10
11600.056 5.803134360335537e-10
11650.056 1.4508606523509235e-09
11700.056 1.540786947799374e-09
11750.056 2.930366627885033e-10
11800.056 1.6289419259027338e-09
11850.056 2.950447148049493e-09
11900.056 3.537601507738964e-09
11950.056 5.381314007404293e-09
12000.056 8.326640650203537e-09
12050.056 1.2329391383091839e-08
12100.056 1.8167468002804417e-08
12150.056 2.5709545510110432e-08
12200.056 3.18198720584434e-08
12250.056 4.2102768989981035e-08
12300.056 5.435847730665979e-08
12350.056 5.7620147149309694e-08
12400.056 7.360326993639464e-08
12450.056 8.496896351160827e-08
12500.056 9.301460822140607e-08
12550.056 1.0212441788020547e-07
12600.056 1.137535210587082e-07
12650.056 1.1309595613369636e-07
12700.056 1.139267482159777e-07
12750.056 1.0359535825499797e-07
12800.056 9.58825052517061e-08
12850.056 7.546225115727021e-08
12900.056 6.210633385908931e-08
12950.056 5.6775461428242397e-08
13000.056 5.02553550312223e-08
13050.056 3.83695367427007e-08
13100.056 3.3765830186341886e-08
13150.056 2.4689349275451735e-08
13200.056 2.067342950088331e-08
13250.056 1.5354980577187343e-08
13300.056 6.536908658142951e-09
13350.056 2.1179290665338185e-09
13400.056 1.6346255205056459e-09
13450.056 7.610882859571157e-10
13500.056 4.505840266544946e-10
13550.056 2.7800511018655775e-10
13600.056 9.0144076661791e-11
13650.056 3.3208398271137247e-10
13700.056 2.5467043972795835e-10
13750.056 2.4654247574582623e-10
13800.056 2.362470665215032e-10
13850.056 1.8197641677851024e-10
13900.056 2.1454215306773494e-10
13950.056 1.686822839125279e-10
14000.056 1.82864393381833e-10
14050.056 2.582778713083518e-10
14100.056 2.955013849890366e-10
14150.056 4.5842475798963633e-10
14200.056 3.4553328408575346e-10
14250.056 4.4674503038741926e-10
14300.056 7.640722656123313e-10
14350.056 8.6435558888622e-10
14400.056 1.0219172254825712e-09
14450.056 1.244104977989163e-09
14500.056 2.3245025676233323e-09
14550.056 2.7411586824500585e-09
14600.056 3.349952596889225e-09
14650.056 3.038620058968917e-09
14700.056 2.130339923939147e-09
14750.056 2.0366792963991585e-09
14800.056 3.3577031040489075e-09
14850.056 4.0985343930925105e-09
14900.056 4.345337565663509e-09
14950.056 4.441441699117773e-09
15000.056 6.437207609340512e-09
15050.056 6.242636469899581e-09
15100.056 5.961123383036824e-09
15150.056 6.3078697292377815e-09
15200.056 8.046923531998605e-09
15250.056 1.2123220292358283e-08
15300.056 1.4353708803076272e-08
15350.056 1.6804391060632516e-08
15400.056 2.0516674115113673e-08
15450.056 2.4003201979195407e-08
15500.056 2.627679116786364e-08
15550.056 3.218336551625645e-08
15600.056 3.617452571297205e-08
15650.056 4.166093356595995e-08
15700.056 4.94920441619619e-08
15750.056 5.3742933080492756e-08
15800.056 5.4606426033507336e-08
15850.056 5.70841202261083e-08
15900.056 4.946021727870054e-08
15950.056 4.3259182784290724e-08
16000.056 3.115633426650528e-08
16050.056 1.805159216491862e-08
16100.056 1.1838398553298322e-08
16150.056 7.138791939575367e-09
16200.056 4.326238529532815e-09
16250.056 3.289829220719262e-09
16300.056 2.3093483608088224e-09
16350.056 2.5847429188143393e-09
16400.056 3.2311039850018223e-09
16450.056 3.1841782351052006e-09
16500.056 3.0798482807844535e-09
16550.056 3.1767964020147164e-09
16600.056 3.3535004932174252e-09
16650.056 2.6702844611122635e-09
16700.056 6.367369169761135e-10
16750.056 1.251376354594687e-09
16800.056 2.2396084211566684e-09
16850.056 2.6332602064614743e-09
16900.056 1.7249266414257592e-09
16950.056 1.158154553352853e-09
17000.056 7.733968966664747e-10
17050.056 1.3894761590085987e-09
17100.056 2.056379556354446e-09
17150.056 1.2815993191294272e-09
17200.056 2.9289789495956315e-09
17250.056 2.407468953043054e-09
17300.056 1.5529747128360164e-09
17350.056 1.5090306052885163e-09
17400.056 2.0757748250294216e-09
17450.056 2.7804133219116394e-09
17500.056 3.515720493195382e-09
17550.056 3.364176205273136e-09
17600.056 2.723670901801635e-09
17650.056 2.7411700711848035e-09
17700.056 2.0300494336343448e-09
17750.056 2.139773507167654e-09
17800.056 3.901559989806453e-09
17850.056 2.4639230154107797e-09
17900.056 1.917641234130136e-09
17950.056 1.6811035059278556e-09
18000.056 2.2024786295373433e-09
18050.056 2.3829109946618477e-09
18100.056 2.8277451593315275e-09
18150.056 3.1809967906284154e-09
18200.056 2.1787401961942064e-09
18250.056 4.602501404470798e-09
18300.056 2.651838584914232e-09
18350.056 2.0679150895968167e-09
18400.056 1.967349364467151e-09
18450.056 3.2314304585582853e-09
18500.056 3.373232986908503e-09
18550.056 2.6028273301509663e-09
18600.056 2.6472866873069603e-09
18650.056 2.4067965355313837e-09
18700.056 1.6608054072830053e-09
18750.056 2.691799150436435e-09
18800.056 4.98120181612485e-09
18850.056 5.343665125210232e-09
18900.056 5.0115080272894535e-09
18950.056 6.675769373306195e-09
19000.056 4.121844977466606e-09
19050.056 2.8251415322008526e-09
19100.056 4.498318905202956e-09
19150.056 3.054671541335175e-09
19200.056 3.5628722748128595e-09
19250.056 2.8553474688994905e-09
19300.056 2.4104973234263653e-09
19350.056 2.0386832515473746e-09
19400.056 1.7575210443233428e-09
19450.056 2.88587264984983e-09
19500.056 2.403829247499173e-09
19550.056 2.100669321151708e-09
19600.056 3.4837385218641353e-09
19650.056 3.2114026672300567e-09
19700.056 3.43302827337887e-09
19750.056 4.489921462704008e-09
19800.056 4.007037000971949e-09
19850.056 5.317659177541e-09
19900.056 4.9345281609873815e-09
19950.056 6.838906331548207e-09
20000.056 7.219340576189514e-09
20050.056 6.905567047111567e-09
20100.056 9.356433237247662e-09
20150.056 6.9286261031493e-09
20200.056 6.8821517065184334e-09
20250.056 9.328165947509263e-09
20300.056 9.987052952968802e-09
20350.056 1.0672253747664371e-08
20400.056 1.0238788801591046e-08
20450.056 1.2765533028583564e-08
20500.056 1.4259184654528801e-08
20550.056 1.470260275338112e-08
20600.056 1.542250901985467e-08
20650.056 1.689896979165012e-08
20700.056 1.772766212374094e-08
20750.056 1.875788297956649e-08
20800.056 1.856021324002482e-08
20850.056 1.902474388730147e-08
20900.056 1.9790479816543448e-08
20950.056 1.87441430062004e-08
21000.056 1.8076817093846097e-08
21050.056 1.831363520799614e-08
21100.056 1.7158216588232367e-08
21150.056 1.71822027915669e-08
21200.056 1.5858725146782447e-08
21250.056 1.4704325205008264e-08
21300.056 1.2620631532081374e-08
21350.056 1.2609603583553904e-08
21400.056 1.1967737841995858e-08
21450.056 1.0428806015798936e-08
21500.056 9.477651878224027e-09
21550.056 8.509470796425342e-09
21600.056 7.300558720628542e-09
21650.056 5.998752401881275e-09
21700.056 5.889486528296239e-09
21750.056 5.3943168161989015e-09
21800.056 4.509919297691168e-09
21850.056 4.261984336011735e-09
21900.056 3.022153020354184e-09
21950.056 1.5709650426473519e-09
22000.056 5.444522059132912e-10
22050.056 3.941304687343874e-10
22100.056 9.33615376434793e-10
22150.056 1.3224338284163613e-09
22200.056 1.448110646327317e-09
22250.056 1.1410007041798914e-09
22300.056 8.320675633100339e-10
22350.056 9.016786714378278e-10
22400.056 5.160237091516115e-10
22450.056 5.386338262725971e-10
22500.056 4.363739761911367e-10
22550.056 3.4355836781540114e-10
22600.056 3.2383680774642086e-10
22650.056 4.304562230844227e-10
22700.056 3.4020661547651773e-10
22750.056 3.5600951346622517e-10
22800.056 3.403587813046778e-10
22850.056 2.852306842456844e-10
22900.056 2.2227743676681155e-10
22950.056 2.1483482809653538e-10
23000.056 3.0190002558858643e-10
23050.056 3.904028447494162e-10
23100.056 9.563362568253823e-10
23150.056 1.0207104846557165e-09
23200.056 1.517874764733065e-10
23250.056 2.3861660693863014e-10
23300.056 2.3998467894973353e-10
23350.056 2.8970081265849783e-10
23400.056 3.1529182416295817e-10
23450.056 2.598598352727359e-10
23500.056 2.7948617903727346e-10
23550.056 4.095472800249465e-10
23600.056 4.839337313000244e-10
23650.056 7.648263976004098e-10
23700.056 3.379062762734132e-10
23750.056 2.5391084762429977e-10
23800.056 4.720010075730111e-10
23850.056 4.662768070089569e-10
23900.056 8.000189236181555e-10
23950.056 7.554124501816477e-10
24000.056 9.900117153582582e-10
24050.056 1.3144744010900684e-09
24100.056 1.2491213900829144e-09
24150.056 1.5664798224806789e-09
24200.056 1.3348814489800484e-09
24250.056 1.128664478867374e-09
24300.056 1.5361839409652254e-09
24350.056 1.3763210720727052e-09
24400.056 2.135754570091901e-09
24450.056 2.270741688847759e-09
24500.056 2.2994877009019714e-09
24550.056 2.9608488797880686e-09
24600.056 3.0171505922897513e-09
24650.056 4.083497236045927e-09
24700.056 2.8875110453292254e-09
24750.056 3.5306485100312684e-09
24800.056 3.599236632700567e-09
24850.056 5.029609385543791e-09
24900.056 3.1340622575929127e-09
24950.056 5.48807759374598e-09
25000.056 5.2556257038367266e-09
25050.056 3.9435157369808165e-09
25100.056 5.5551085927797065e-09
25150.056 3.470778981978332e-09
25200.056 4.943058627761468e-09
25250.056 3.0129172550772883e-09
25300.056 4.6440569159691775e-09
25350.056 2.5251744891243923e-09
25400.056 5.06247005261854e-09
25450.056 2.3932305236105407e-09
25500.056 2.332399495187701e-09
25550.056 3.157898207612489e-09
25600.056 2.0953791082314364e-09
25650.056 1.5112596989737486e-09
25700.056 2.7577861586698316e-09
25750.056 1.0098061320327632e-09
25800.056 3.018486281242211e-09
25850.056 1.0922257209337424e-09
25900.056 1.5273642576402828e-09
25950.056 7.064627199175645e-10
26000.056 3.1208691338646907e-09
26050.056 1.1351738969018808e-09
26100.056 2.676045944564675e-09
26150.056 1.7804920456848185e-09
26200.056 2.2652872726566942e-09
26250.056 5.146565249122881e-09
26300.056 2.5915606892151037e-09
26350.056 6.5052496919149104e-09
26400.056 6.761549686759742e-09
26450.056 7.418277516370767e-09
26500.056 9.065271161030889e-09
26550.056 3.4422288516829077e-09
26600.056 4.858023828304809e-09
26650.056 1.5696960346706982e-09
26700.056 1.315976957439603e-09
26750.056 9.949604288604221e-10
26800.056 2.151984635641629e-09
26850.056 1.1720394549024235e-09
26900.056 3.6451527290792954e-09
26950.056 1.611861304256131e-09
27000.056 5.632453012322152e-09
27050.056 4.731876593983708e-09
27100.056 2.1551452502460425e-09
27150.056 7.019348808043112e-09
27200.056 2.2469818094906065e-09
27250.056 3.805728691429125e-09
27300.056 1.1681009926095894e-08
27350.056 6.993769220684927e-09
27400.056 1.050101979488176e-09
27450.056 8.593356569376764e-09
27500.056 8.416943602257896e-09
27550.056 2.698534256891542e-09
27600.056 5.599863595477835e-09
27650.056 2.2035869841241063e-09
27700.056 1.6964276973137328e-09
27750.056 6.406851294761261e-09
27800.056 2.1554249802337842e-09
27850.056 3.2257533059833764e-09
27900.056 3.259860110777414e-09
27950.056 6.963127120849292e-09
28000.056 5.711578257732421e-09
28050.056 1.2830697909833282e-09
28100.056 5.908073177707032e-09
28150.056 4.2136212117626156e-09
28200.056 1.7774521699724738e-09
28250.056 6.970800834045352e-09
28300.056 7.79424654940705e-09
28350.056 2.454638658429228e-09
28400.056 5.417740760926949e-09
28450.056 7.569157355153325e-09
28500.056 5.5305309213021526e-09
28550.056 1.811830031025645e-09
28600.056 8.90820617649174e-09
28650.056 6.768000576054142e-09
28700.056 7.046085278788383e-09
28750.056 1.061313875565981e-08
28800.056 6.724919299644192e-09
