galfind/configs/Brown_Dwarf_templates/sonora_bobcat/m-0.5/10g/sp_t1600g10nc_m-0.5_resample.dat
# %ECSV 1.0
# ---
# datatype:
# - {name: wav, unit: Angstrom, datatype: float64}
# - {name: flux_nu, unit: erg / (cm2 Hz s), datatype: float64}
# meta: {C/O: '1.00', Kzz: '1.0000E+05', Teff: '1600.', Y: '0.28', '[Fe/H]': '-0.50', f_hole: '1.00', f_rain: '0.00', grav: '10.'}
# schema: astropy-2.0
wav flux_nu
[from data line 498]
28900.056 6.395113485030432e-07
28950.056 9.358792425369569e-07
29000.056 7.571899820507706e-07
29050.056 7.824349697668317e-07
29100.056 6.443737066190821e-07
29150.056 8.471597660342309e-07
29200.056 7.443892005162538e-07
29250.056 8.791639375470378e-07
29300.056 6.977394478965764e-07
29350.056 1.0114573754047581e-06
29400.056 7.845611386098216e-07
29450.056 8.243836646789705e-07
29500.056 8.609655053678857e-07
29550.056 8.227036369370457e-07
29600.056 8.899277331198563e-07
29650.056 8.632665905009142e-07
29700.056 7.4387435765682e-07
29750.056 9.691905739645899e-07
29800.056 9.66758286814963e-07
29850.056 9.376794492738807e-07
29900.056 8.422779368062421e-07
29950.056 9.924004219598467e-07
30000.056 9.845601938357917e-07
30050.056 9.194114696298779e-07
30100.056 7.567977666797642e-07
30150.056 1.1569630533998955e-06
30200.056 9.926318616900886e-07
30250.056 1.0201876040003595e-06
30300.056 1.005705970789865e-06
30350.056 9.080532700901204e-07
30400.056 1.1337492160902165e-06
30450.056 8.949486826480874e-07
30500.056 8.06025897990157e-07
30550.056 1.0936452684802875e-06
30600.056 1.064372902580152e-06
30650.056 1.0601053862199474e-06
30700.056 9.803577411419946e-07
30750.056 9.133822481000403e-07
30800.056 1.0444139708502415e-06
30850.056 8.665436931098884e-07
30900.056 9.088410975998988e-07
30950.056 8.440156442331481e-07
31000.056 8.926347064099241e-07
31050.056 8.359084998799869e-07
31100.056 7.914399723199314e-07
31150.056 8.94437092809816e-07
31200.056 9.010047583199388e-07
31250.056 8.772185271600312e-07
31300.056 8.111487620698675e-07
31350.056 7.674140701399716e-07
31400.056 7.277301223902134e-07
31450.056 7.193878317499677e-07
31500.056 7.606387298499394e-07
31550.056 6.964739492400382e-07
31600.056 6.784247584599109e-07
31650.056 6.633469444199654e-07
31700.056 6.690306195499302e-07
31750.056 5.950875324282146e-07
31800.056 7.166075933699511e-07
31850.056 6.931861574980918e-07
31900.056 7.937741524399652e-07
31950.056 5.383828540999761e-07
32000.056 6.646829869400054e-07
32050.056 7.868642663600459e-07
32100.056 7.462594499299866e-07
32150.056 8.169452653399438e-07
32200.056 7.444448889649668e-07
32250.056 8.38014517920145e-07
32300.056 7.609131198439785e-07
32350.056 9.278759102000958e-07
32400.056 7.06312927339985e-07
32450.056 8.490637133697697e-07
32500.056 9.079190248902424e-07
32550.056 9.923751081900652e-07
32600.056 1.0142949975199488e-06
32650.056 1.0824463334702573e-06
32700.056 1.0354975424101802e-06
32750.056 1.0503060633799851e-06
32800.056 1.0212866084800597e-06
32850.056 1.1677030666697453e-06
32900.056 1.231906798159952e-06
32950.056 1.0332525168398557e-06
33000.056 1.0845754240299784e-06
33050.056 1.0387963872700837e-06
33100.056 9.087707338497897e-07
33150.056 6.413420207500591e-07
33200.056 4.176385299898701e-07
33250.056 3.0394670679981884e-07
33300.056 2.505890912600486e-07
33350.056 2.9689670352001266e-07
33400.056 3.24782378299947e-07
33450.056 3.8474552058997343e-07
33500.056 5.207328410201629e-07
33550.056 6.004298438600635e-07
33600.056 7.479738554601046e-07
33650.056 8.860102360002459e-07
33700.056 9.054270420798291e-07
33750.056 1.120612993369938e-06
33800.056 1.0815038367997773e-06
33850.056 1.1393862930299244e-06
33900.056 1.1372501748097895e-06
33950.056 1.030308557039955e-06
34000.056 1.080678167049667e-06
34050.056 1.0423483137996764e-06
34100.056 1.256241025970017e-06
34150.056 1.125412196929696e-06
34200.056 9.622496768395652e-07
34250.056 1.1652417954597055e-06
34300.056 9.875621811691823e-07
34350.056 9.369281070099952e-07
34400.056 9.143989597500316e-07
34450.056 1.0418590872999416e-06
34500.056 1.0379873895800502e-06
34550.056 9.289917599800096e-07
34600.056 1.1267160846300225e-06
34650.056 1.1185121445499687e-06
34700.056 1.0292878662497952e-06
34750.056 1.1777792974502081e-06
34800.056 1.1753333669395289e-06
34850.056 1.0160871842700224e-06
34900.056 1.1926430986902324e-06
34950.056 1.0468090453596703e-06
35000.056 1.2348535355699352e-06
35050.056 1.2270091344099827e-06
35100.056 1.1033032323196405e-06
35150.056 1.2300268352699781e-06
35200.056 1.2479619162301046e-06
35250.056 1.2091766181698918e-06
35300.056 1.2212118146300673e-06
35350.056 1.2049808032598177e-06
35400.056 1.218273604290177e-06
35450.056 9.996705603705702e-07
35500.056 1.360779905039888e-06
35550.056 1.2678281618899855e-06
35600.056 1.1557849995600657e-06
35650.056 1.4589913282701252e-06
35700.056 1.1750619236802342e-06
35750.056 1.3451523979396427e-06
35800.056 1.5614031708999135e-06
35850.056 1.336725574509916e-06
35900.056 1.6412800068496994e-06
35950.056 1.5004221027300966e-06
36000.056 1.3876789392299487e-06
36050.056 1.6478873745101574e-06
36100.056 1.6502975392991532e-06
36150.056 1.5403027296402112e-06
36200.056 1.763266726119741e-06
36250.056 1.5490169499096857e-06
36300.056 1.8952162709004403e-06
36350.056 1.7520797367098957e-06
36400.056 1.6706900189700439e-06
36450.056 1.935198562599814e-06
36500.056 1.796981909420042e-06
36550.056 1.78168229318054e-06
36600.056 1.8814345164501264e-06
36650.056 1.9393413480099593e-06
36700.056 2.045318801950038e-06
36750.056 1.9597588850202383e-06
36800.056 2.0140535358898407e-06
36850.056 2.0055403972502423e-06
36900.056 2.06138229710037e-06
36950.056 2.115240635179857e-06
37000.056 2.1957388865999723e-06
37050.056 2.157481407399903e-06
37100.056 2.190565210120334e-06
37150.056 2.1676391154896116e-06
37200.056 2.264268193900083e-06
37250.056 2.3110071835800912e-06
37300.056 2.26006823270014e-06
37350.056 2.1381202380003704e-06
37400.056 2.301291428399728e-06
37450.056 2.2568828784201896e-06
37500.056 2.2981929857597845e-06
37550.056 2.3116438125096323e-06
37600.056 2.4515295585196975e-06
37650.056 2.2822481748998387e-06
37700.056 2.3724993090000488e-06
37750.056 2.451808246299815e-06
37800.056 2.5277475276000454e-06
37850.056 2.356853102139895e-06
37900.056 2.450289511200222e-06
37950.056 2.4680564419000115e-06
38000.056 2.451711099360284e-06
38050.056 2.4956621755001067e-06
38100.056 2.3700839837402407e-06
38150.056 2.6451206628997117e-06
38200.056 2.7101462677997278e-06
38250.056 2.4097442433003973e-06
38300.056 2.4161080041999505e-06
38350.056 2.547278675799823e-06
38400.056 2.5549672710597455e-06
38450.056 2.6779542473001683e-06
38500.056 2.5557397926999303e-06
38550.056 2.5829524202000788e-06
38600.056 2.8282595164998094e-06
38650.056 2.497229722800095e-06
38700.056 2.5751465254104876e-06
38750.056 2.641696658200004e-06
38800.056 2.628371031100172e-06
38850.056 2.5554757123002324e-06
38900.056 2.5264857646998384e-06
38950.056 2.7156419422997935e-06
39000.056 2.591821345900094e-06
39050.056 2.676382688999879e-06
39100.056 2.5040038533201157e-06
39150.056 2.6080414625000697e-06
39200.056 2.7364162487001344e-06
39250.056 2.703868686799473e-06
39300.056 2.660325055799423e-06
39350.056 2.6765918081502758e-06
39400.056 2.6432434134000594e-06
39450.056 2.634035983599827e-06
39500.056 2.586146443789803e-06
39550.056 2.552388494419666e-06
39600.056 2.800099836999972e-06
39650.056 2.4912581487999603e-06
39700.056 2.6052138783998455e-06
39750.056 2.557126946179718e-06
39800.056 2.450878601400094e-06
39850.056 2.5255950375997964e-06
39900.056 2.5086673085800886e-06
39950.056 2.6353601645998655e-06
40000.056 2.3725516772999084e-06
40050.056 2.2786011513999873e-06
40100.056 2.4351197280998527e-06
40150.056 2.2830136306995146e-06
40200.056 2.3502157724997236e-06
40250.056 2.327522776209388e-06
40300.056 2.170904523880242e-06
40350.056 2.3754908644002238e-06
40400.056 2.3351313718700065e-06
40450.056 2.200531855100427e-06
40500.056 2.0338153646402025e-06
40550.056 2.3846139201998685e-06
40600.056 2.097819834530284e-06
40650.056 2.155143348540157e-06
40700.056 2.2845890275001452e-06
40750.056 2.0409467341992295e-06
40800.056 1.989740050400349e-06
40850.056 1.9271332298404357e-06
40900.056 1.924696321940298e-06
40950.056 2.0610685968399747e-06
41000.056 2.0712843654000625e-06
41050.056 2.0310124619996563e-06
41100.056 1.9396135579601482e-06
41150.056 2.034486993900078e-06
41200.056 1.9444927902000654e-06
41250.056 1.9647768302501647e-06
41300.056 1.713357991609707e-06
41350.056 2.052764819520065e-06
41400.056 1.9023140409001594e-06
41450.056 1.8765994994401324e-06
41500.056 1.9748155336000822e-06
41550.056 1.9177507401999774e-06
41600.056 2.0272862389000266e-06
41650.056 1.8079452480903826e-06
41700.056 1.7253047567497365e-06
41750.056 1.8157958886799372e-06
41800.056 1.8233299443496497e-06
41850.056 1.6205334772203296e-06
41900.056 1.9029255996298391e-06
41950.056 1.6958304180804325e-06
42000.056 1.7809492111301787e-06
42050.056 1.5962898590094074e-06
42100.056 1.8830622156602601e-06
42150.056 1.4259624397094985e-06
42200.056 1.5550236377600744e-06
42250.056 1.6705577674799873e-06
42300.056 1.4424199015400737e-06
42350.056 1.7421515469504104e-06
42400.056 1.4888732796103486e-06
42450.056 1.2760039736300943e-06
42500.056 1.3863948687702505e-06
42550.056 1.4730857951099683e-06
42600.056 1.4156788486303551e-06
42650.056 1.2998816340292941e-06
42700.056 1.4720426083105202e-06
42750.056 1.3496901112900544e-06
42800.056 1.3315904217103663e-06
42850.056 1.4693311804996672e-06
42900.056 1.3871277671701014e-06
42950.056 1.2540242108793948e-06
43000.056 1.3132882770999934e-06
43050.056 1.2064325647206609e-06
43100.056 1.3048130961200733e-06
43150.056 1.334878330310287e-06
43200.056 1.3051185255801453e-06
43250.056 1.2828492255599527e-06
43300.056 1.3484844090100729e-06
43350.056 1.1818633377899166e-06
43400.056 1.2272042083198488e-06
43450.056 1.2419958011704119e-06
43500.056 1.2218902357398216e-06
43550.056 1.2779291931000418e-06
43600.056 1.3317294747600703e-06
43650.056 1.1554462381101247e-06
43700.056 1.1009797547298332e-06
43750.056 1.182579994210189e-06
43800.056 1.1070337027300882e-06
43850.056 1.1246052281503061e-06
43900.056 1.16473766204991e-06
43950.056 1.0710360429301426e-06
44000.056 1.0112408224100857e-06
44050.056 9.987521374900827e-07
44100.056 1.0701963681401665e-06
44150.056 1.1122327018898056e-06
44200.056 1.03269221282005e-06
44250.056 9.977864805800233e-07
44300.056 9.670683669601432e-07
44350.056 9.554739872500854e-07
44400.056 1.005332574389952e-06
44450.056 1.0176255476900132e-06
44500.056 1.0281068151601682e-06
44550.056 9.242610978197896e-07
44600.056 9.372434564201086e-07
44650.056 1.0033517226700674e-06
44700.056 9.036096156501144e-07
44750.056 9.641474198798923e-07
44800.056 9.641160096199446e-07
44850.056 9.49592449800061e-07
44900.056 8.80856710610114e-07
44950.056 8.439735909700193e-07
45000.056 9.215236880099198e-07
45050.056 9.277465334699138e-07
45100.056 9.462558747699528e-07
45150.056 8.779081003799849e-07
45200.056 8.107872854199968e-07
45250.056 8.368797373199049e-07
45300.056 8.959765717900475e-07
45350.056 9.35152666739939e-07
45400.056 8.840036824501083e-07
45450.056 8.036616687698746e-07
45500.056 8.302039603299826e-07
45550.056 9.19483686389929e-07
45600.056 8.431980513399778e-07
45650.056 7.657944460698468e-07
45700.056 9.167676863900639e-07
45750.056 8.22386471859994e-07
45800.056 8.105106606799717e-07
45850.056 9.623103436599596e-07
45900.056 9.709807910200628e-07
45950.056 8.271153696999929e-07
46000.056 9.937811785200128e-07
46050.056 9.676212639901555e-07
46100.056 8.02232234810089e-07
46150.056 8.871840574099689e-07
46200.056 9.548139169801988e-07
46250.056 7.800597510999822e-07
46300.056 1.02054427153996e-06
46350.056 8.459223697799113e-07
46400.056 8.706192539598959e-07
46450.056 9.09514495570156e-07
46500.056 8.20762623829924e-07
46550.056 1.0297852010399769e-06
46600.056 9.369856241300363e-07
46650.056 1.2159661690298584e-06
46700.056 1.113828236510331e-06
46750.056 8.738055257698986e-07
46800.056 9.784515785201648e-07
46850.056 1.0519388323401086e-06
46900.056 9.819346926198112e-07
46950.056 1.1017805036200657e-06
47000.056 9.256697452299868e-07
47050.056 1.1063693062797904e-06
47100.056 8.576380343700966e-07
47150.056 9.555681392001432e-07
47200.056 1.0232097634902537e-06
47250.056 8.978466954798773e-07
47300.056 9.453294986197623e-07
47350.056 8.058413165098265e-07
47400.056 1.0230827440797906e-06
47450.056 8.884915200899442e-07
47500.056 9.96795332259826e-07
47550.056 8.896209161799034e-07
47600.056 1.0233013614199382e-06
47650.056 7.328288508497979e-07
47700.056 1.0503382238000575e-06
47750.056 7.060972586101729e-07
47800.056 1.02680495508988e-06
47850.056 7.813300515298425e-07
47900.056 1.027204116640058e-06
47950.056 7.449373716001444e-07
48000.056 1.156131936800003e-06
48050.056 8.472284498901449e-07
48100.056 9.475007078099811e-07
48150.056 8.625928427301259e-07
48200.056 1.0355781913101556e-06
48250.056 8.495893636899623e-07
48300.056 1.1365794248497963e-06
48350.056 7.595953949499423e-07
48400.056 1.0212557060299919e-06
48450.056 8.256217027600405e-07
48500.056 1.1545635460200385e-06
48550.056 7.84504231170036e-07
48600.056 1.048535665169905e-06
48650.056 8.131032928399665e-07
48700.056 1.0136747692400722e-06
48750.056 7.278639644900796e-07
48800.056 1.1735965875900708e-06
48850.056 8.021699101098436e-07
48900.056 1.0485357099000977e-06
48950.056 9.552091952400305e-07
49000.056 9.362750882498659e-07
49050.056 9.960736269399657e-07
49100.056 9.102202276901076e-07
49150.056 9.7728035369002e-07
49200.056 9.210066941299651e-07
49250.056 9.687945435400226e-07
49300.056 8.311627567999257e-07
49350.056 8.967616200599908e-07
49400.056 1.069377234740093e-06
49450.056 8.989926954902139e-07
49500.056 9.60189481770061e-07
49550.056 8.239416781600036e-07
49600.056 9.167845071202368e-07
49650.056 9.593552015400488e-07
49700.056 8.151313602399259e-07
49750.056 1.229571254599807e-06
49800.056 9.159504700600596e-07
49850.056 1.1856892332600545e-06
49900.056 9.174101717000846e-07
49950.056 1.0045268728897246e-06
50000.056 9.733124117897836e-07
50050.056 9.822541480000864e-07
50100.056 1.050954435389932e-06
50150.056 8.818791277700453e-07
50200.056 8.246882482500977e-07
50250.056 9.724750694700468e-07
50300.056 9.079935109099317e-07
50350.056 1.069135838220018e-06
50400.056 9.344424718999939e-07
50450.056 9.265107384901583e-07
50500.056 1.1950443963602085e-06
50550.056 9.696736121599495e-07
50600.056 1.0532327013300407e-06
50650.056 9.936824415802435e-07
50700.056 1.0904830975496634e-06
50750.056 1.1189702465101591e-06
50800.056 8.325508532099096e-07
50850.056 9.884116159801976e-07
50900.056 1.0620853638299643e-06
50950.056 1.0741930254701887e-06
51000.056 1.2392808588501146e-06
51050.056 9.182957808101376e-07
51100.056 9.068049997699151e-07
51150.056 1.0572275536299163e-06
51200.056 1.0187315708699465e-06
51250.056 1.1076141276899336e-06
51300.056 9.214383329103349e-07
51350.056 1.0317464072697776e-06
51400.056 9.56000055039749e-07
51450.056 7.216061568198591e-07
51500.056 9.834045919699895e-07
51550.056 1.2649041888601235e-06
51600.056 8.450785509200626e-07
51650.056 1.0038783031198412e-06
51700.056 9.365851327897103e-07
51750.056 8.964682463000823e-07
51800.056 1.080109532769787e-06
51850.056 1.0825611701598838e-06
51900.056 1.1371856055802382e-06
51950.056 1.0420899841499086e-06
52000.056 8.836986906699497e-07
52050.056 1.0290498066899467e-06
52100.056 9.56937453899796e-07
52150.056 9.74019214250074e-07
52200.056 9.282992445300433e-07
52250.056 9.8359240208001e-07
52300.056 1.070238782489988e-06
52350.056 1.1712175098601552e-06
52400.056 8.405045896201331e-07
52450.056 1.000029658699972e-06
52500.056 1.10973329586978e-06
52550.056 1.0252028318196568e-06
52600.056 1.047062798470163e-06
52650.056 1.1844741912301985e-06
52700.056 1.0051484345800126e-06
52750.056 8.186046106798899e-07
52800.056 9.33874804630101e-07
52850.056 8.825016283598802e-07
52900.056 9.840569801100781e-07
52950.056 9.788686254798428e-07
53000.056 1.1101346696498992e-06
53050.056 9.588556026497987e-07
53100.056 8.909484627797424e-07
53150.056 1.1600426801402148e-06
53200.056 8.000375372301248e-07
53250.056 1.165687519039954e-06
53300.056 1.1261307632805051e-06
53350.056 1.1025485712498787e-06
53400.056 1.0258441902201074e-06
53450.056 9.096442576300439e-07
53500.056 7.810750835598284e-07
53550.056 9.957539520198793e-07
