galfind/configs/Brown_Dwarf_templates/sonora_bobcat/m-0.5/10g/sp_t2000g10nc_m-0.5_resample.dat
# %ECSV 1.0
# ---
# datatype:
# - {name: wav, unit: Angstrom, datatype: float64}
# - {name: flux_nu, unit: erg / (cm2 Hz s), datatype: float64}
# meta: {C/O: '1.00', Kzz: '1.0000E+05', Teff: '2000.', Y: '0.28', '[Fe/H]': '-0.50', f_hole: '1.00', f_rain: '0.00', grav: '10.'}
# schema: astropy-2.0
wav flux_nu
[from data line 498]
28900.056 1.648869782530177e-06
28950.056 2.1610794478196476e-06
29000.056 1.7447342282793354e-06
29050.056 1.7868514002096933e-06
29100.056 1.5366879881500528e-06
29150.056 1.899509373890281e-06
29200.056 1.7444666877404346e-06
29250.056 1.941682786930104e-06
29300.056 1.673178705328977e-06
29350.056 2.129221181239589e-06
29400.056 1.7723259915598368e-06
29450.056 1.7850050568498917e-06
29500.056 1.910515843629802e-06
29550.056 1.824455403480184e-06
29600.056 1.918579141929938e-06
29650.056 1.917189655449952e-06
29700.056 1.6635673734498134e-06
29750.056 2.1191634969810536e-06
29800.056 2.0433015612299547e-06
29850.056 2.002801412119747e-06
29900.056 1.802403711200447e-06
29950.056 2.121537895709607e-06
30000.056 2.107047398119319e-06
30050.056 1.9783433995598826e-06
30100.056 1.5964702906695572e-06
30150.056 2.439191916099775e-06
30200.056 2.176391264280228e-06
30250.056 2.0829695152206418e-06
30300.056 2.1444325235298247e-06
30350.056 1.9790358583503687e-06
30400.056 2.3826033654604442e-06
30450.056 1.9284635865502145e-06
30500.056 1.847335060620325e-06
30550.056 2.4993596408705824e-06
30600.056 2.3823586135803094e-06
30650.056 2.367981659470103e-06
30700.056 2.2250884713299827e-06
30750.056 2.1151492533200985e-06
30800.056 2.542535056040718e-06
30850.056 2.208765311689943e-06
30900.056 2.2451805501798044e-06
30950.056 2.158809225870289e-06
31000.056 2.474343554899917e-06
31050.056 2.0784588216400106e-06
31100.056 2.38465120792992e-06
31150.056 2.457505401439725e-06
31200.056 2.4774157617396945e-06
31250.056 2.660594583980547e-06
31300.056 2.3668696023597775e-06
31350.056 2.3973153553599956e-06
31400.056 2.4376309214504996e-06
31450.056 2.4694226215101445e-06
31500.056 2.5253104936005066e-06
31550.056 2.3300655395399932e-06
31600.056 2.474809828479853e-06
31650.056 2.5846191113499933e-06
31700.056 2.6392521343399047e-06
31750.056 2.2873837378102206e-06
31800.056 2.6695795804002445e-06
31850.056 2.9017199485300347e-06
31900.056 2.8236677186898056e-06
31950.056 2.238714893239731e-06
32000.056 2.466975246200661e-06
32050.056 2.854938509190265e-06
32100.056 2.8529738488596e-06
32150.056 2.8297745875901484e-06
32200.056 2.741117723229938e-06
32250.056 2.5717934556701968e-06
32300.056 2.834151130450162e-06
32350.056 2.9762274002004006e-06
32400.056 2.709567108649985e-06
32450.056 2.6136595039002764e-06
32500.056 2.862101839900272e-06
32550.056 3.152825222500139e-06
32600.056 3.106049726619811e-06
32650.056 2.999152561820994e-06
32700.056 2.8581905549601477e-06
32750.056 3.0035988026200413e-06
32800.056 2.7555966228403327e-06
32850.056 3.2534287524497285e-06
32900.056 3.116521562009992e-06
32950.056 2.677856344349797e-06
33000.056 2.9306307819503143e-06
33050.056 3.018280717399647e-06
33100.056 3.139404349969086e-06
33150.056 3.077132252720218e-06
33200.056 2.8347872959406527e-06
33250.056 3.0851939098000725e-06
33300.056 3.3433242966002413e-06
33350.056 3.1095259509402463e-06
33400.056 2.8832084899396754e-06
33450.056 3.1616425812589813e-06
33500.056 3.1558911672002856e-06
33550.056 3.0908713004195003e-06
33600.056 3.1507332668406967e-06
33650.056 3.264887681000745e-06
33700.056 3.395742794959497e-06
33750.056 3.367114274520109e-06
33800.056 3.2790913530000194e-06
33850.056 3.1457888616900644e-06
33900.056 3.546185033599505e-06
33950.056 3.130020171939586e-06
34000.056 3.198357522119212e-06
34050.056 3.260595217500027e-06
34100.056 3.509686698120457e-06
34150.056 3.4079738473996305e-06
34200.056 3.2170899985594416e-06
34250.056 3.590700064699531e-06
34300.056 3.334817010149539e-06
34350.056 3.4769451448995943e-06
34400.056 3.1939376460695368e-06
34450.056 3.2572369390399793e-06
34500.056 3.3464972192006975e-06
34550.056 3.2486963622498007e-06
34600.056 3.4073863724200867e-06
34650.056 3.4177090134999577e-06
34700.056 3.2786626218993913e-06
34750.056 3.513120346540282e-06
34800.056 3.67120616879954e-06
34850.056 3.2798273057001047e-06
34900.056 3.528698796740321e-06
34950.056 3.419026579079195e-06
35000.056 3.31118945140953e-06
35050.056 3.687255701100555e-06
35100.056 3.5327093349991726e-06
35150.056 3.504057566019771e-06
35200.056 3.5948022219996744e-06
35250.056 3.175152639850217e-06
35300.056 3.5218475443803207e-06
35350.056 3.7027371628997257e-06
35400.056 3.466113102999747e-06
35450.056 3.3599211577804136e-06
35500.056 3.6304454326998593e-06
35550.056 3.447460983399903e-06
35600.056 3.3373648840993994e-06
35650.056 3.7643921960004756e-06
35700.056 3.3632906611004267e-06
35750.056 3.4999600998797104e-06
35800.056 3.6041685356996433e-06
35850.056 3.679879219399683e-06
35900.056 3.8170632385995326e-06
35950.056 3.6614462365997495e-06
36000.056 3.3299249110995902e-06
36050.056 3.805551285200275e-06
36100.056 3.913634207599777e-06
36150.056 3.533459394400366e-06
36200.056 3.821276539799525e-06
36250.056 3.5134718326992966e-06
36300.056 4.061969014310807e-06
36350.056 3.8797097988994165e-06
36400.056 3.7111938009999026e-06
36450.056 4.019148841199652e-06
36500.056 3.7533301299002957e-06
36550.056 3.623880937800528e-06
36600.056 3.7259682219003628e-06
36650.056 3.852440383500463e-06
36700.056 4.041976374600189e-06
36750.056 3.7543298364004374e-06
36800.056 3.8479757832995415e-06
36850.056 3.862478267800239e-06
36900.056 3.962679476500657e-06
36950.056 3.9445364380000164e-06
37000.056 4.007041433100177e-06
37050.056 4.071967552299943e-06
37100.056 3.938332740200374e-06
37150.056 3.900339287699156e-06
37200.056 4.094925062600092e-06
37250.056 4.109166721500328e-06
37300.056 4.114528519600798e-06
37350.056 3.8870713071005485e-06
37400.056 4.078828831899647e-06
37450.056 4.069925904800358e-06
37500.056 4.145359910299769e-06
37550.056 4.038047912599257e-06
37600.056 4.25312640419943e-06
37650.056 3.931401471599592e-06
37700.056 3.990808072900131e-06
37750.056 4.263910668699359e-06
37800.056 4.3492437281999066e-06
37850.056 4.143140962399792e-06
37900.056 4.243216747100327e-06
37950.056 4.285596248900223e-06
38000.056 4.153775275900595e-06
38050.056 4.210869200000284e-06
38100.056 4.0576675600002086e-06
38150.056 4.36184220209938e-06
38200.056 4.46240207349938e-06
38250.056 4.115263747700598e-06
38300.056 4.059389759899935e-06
38350.056 4.24230934469989e-06
38400.056 4.300791642899782e-06
38450.056 4.318842838400421e-06
38500.056 4.227144064499774e-06
38550.056 4.228230623200276e-06
38600.056 4.5886414431997745e-06
38650.056 4.052358922900185e-06
38700.056 4.148918100000664e-06
38750.056 4.342734639499987e-06
38800.056 4.2603197863005824e-06
38850.056 4.261334707300309e-06
38900.056 4.127147210599866e-06
38950.056 4.339071070599591e-06
39000.056 4.237968499800157e-06
39050.056 4.296402979099919e-06
39100.056 4.074213062699954e-06
39150.056 4.206689970500214e-06
39200.056 4.347113678400198e-06
39250.056 4.316840038799334e-06
39300.056 4.310864813699199e-06
39350.056 4.274822334900477e-06
39400.056 4.201555483700128e-06
39450.056 4.219720560699736e-06
39500.056 4.1893232019997975e-06
39550.056 4.103026229999166e-06
39600.056 4.456153469200272e-06
39650.056 4.045928859400086e-06
39700.056 4.221015659099882e-06
39750.056 4.192924216199529e-06
39800.056 3.99829240570028e-06
39850.056 4.106979520499735e-06
39900.056 4.033264911299791e-06
39950.056 4.2388779700998505e-06
40000.056 3.936384839299755e-06
40050.056 3.640901479899887e-06
40100.056 3.944166269299728e-06
40150.056 3.697205914499148e-06
40200.056 3.8700997837996425e-06
40250.056 3.89402014589888e-06
40300.056 3.5366337918004042e-06
40350.056 3.7773250858001785e-06
40400.056 3.8527511012998236e-06
40450.056 3.4892516287008563e-06
40500.056 3.3035548232000405e-06
40550.056 3.874083256299781e-06
40600.056 3.4974071190002955e-06
40650.056 3.6143995980007955e-06
40700.056 3.7795735619003197e-06
40750.056 3.3322614090990003e-06
40800.056 3.3031023792005685e-06
40850.056 3.0996853201006905e-06
40900.056 3.0875708064006924e-06
40950.056 3.3526018554999705e-06
41000.056 3.4832546295004095e-06
41050.056 3.371260042699259e-06
41100.056 3.19305222300056e-06
41150.056 3.4840187099001826e-06
41200.056 3.2189963770000837e-06
41250.056 3.2921916037002495e-06
41300.056 2.871013200999688e-06
41350.056 3.4112789607001733e-06
41400.056 3.2390673264000053e-06
41450.056 3.063376622899834e-06
41500.056 3.3420462382000545e-06
41550.056 3.2976861014800403e-06
41600.056 3.4583775025999574e-06
41650.056 3.014079126600534e-06
41700.056 2.9134210548196025e-06
41750.056 3.157982577900119e-06
41800.056 2.988226498679725e-06
41850.056 2.8190758429203687e-06
41900.056 3.2214927843694835e-06
41950.056 2.899019112800445e-06
42000.056 3.1183309163002852e-06
42050.056 2.846264282028893e-06
42100.056 3.1934103997003683e-06
42150.056 2.679692193389329e-06
42200.056 2.7449822198001674e-06
42250.056 2.9672975656998134e-06
42300.056 2.7474666285500747e-06
42350.056 3.0768596189006095e-06
42400.056 2.7594687796002176e-06
42450.056 2.3775879886201488e-06
42500.056 2.5158722553502347e-06
42550.056 2.8274970630997585e-06
42600.056 2.6816751750004616e-06
42650.056 2.5901061019490026e-06
42700.056 2.744905310150738e-06
42750.056 2.575030107100161e-06
42800.056 2.606139065590204e-06
42850.056 2.8415802264996568e-06
42900.056 2.7189404891402595e-06
42950.056 2.408979710448906e-06
43000.056 2.618116614149882e-06
43050.056 2.5160363976011896e-06
43100.056 2.63176549910952e-06
43150.056 2.7368765012807505e-06
43200.056 2.570535906800008e-06
43250.056 2.600993164960495e-06
43300.056 2.636157946400133e-06
43350.056 2.4569884752895923e-06
43400.056 2.4210899566796486e-06
43450.056 2.4681856592108715e-06
43500.056 2.3968931802994356e-06
43550.056 2.485493999919959e-06
43600.056 2.6108157122000026e-06
43650.056 2.3430213992904176e-06
43700.056 2.2632113031000602e-06
43750.056 2.3358791848701034e-06
43800.056 2.2839793802199544e-06
43850.056 2.332103241600511e-06
43900.056 2.3401254844399446e-06
43950.056 2.2231859700903004e-06
44000.056 2.047107195610114e-06
44050.056 2.0499705734000657e-06
44100.056 2.2032167055305144e-06
44150.056 2.323852807689656e-06
44200.056 2.1574797725201693e-06
44250.056 2.0325278427698577e-06
44300.056 1.9670306125604835e-06
44350.056 2.0150102086201636e-06
44400.056 2.0380977034699985e-06
44450.056 2.1534495568400434e-06
44500.056 2.175594206460522e-06
44550.056 1.9272713400995255e-06
44600.056 1.9701504960602645e-06
44650.056 2.129106929660098e-06
44700.056 1.8961965741402744e-06
44750.056 2.1017639738196784e-06
44800.056 2.065229452389914e-06
44850.056 2.0805711971400417e-06
44900.056 1.9275249882203346e-06
44950.056 1.801989216129964e-06
45000.056 1.990497818199931e-06
45050.056 1.990205207279682e-06
45100.056 2.042367857219808e-06
45150.056 1.9581051783600698e-06
45200.056 1.7809842331498703e-06
45250.056 1.846944336049645e-06
45300.056 1.9128805192001476e-06
45350.056 2.029534952299726e-06
45400.056 1.9464254190202785e-06
45450.056 1.766325567169743e-06
45500.056 1.7871239476199385e-06
45550.056 2.020609309679721e-06
45600.056 1.887476374929926e-06
45650.056 1.6742089418795075e-06
45700.056 1.9161249695902532e-06
45750.056 1.8194596181598488e-06
45800.056 1.7995131651199514e-06
45850.056 2.0599135764700394e-06
45900.056 2.0586778607801165e-06
45950.056 1.7925106482999183e-06
46000.056 2.1034084651999525e-06
46050.056 2.055877007310452e-06
46100.056 1.7843592679901095e-06
46150.056 1.8460346968599676e-06
46200.056 2.0745272141404707e-06
46250.056 1.7011407853598886e-06
46300.056 2.133493094309863e-06
46350.056 1.721176967849818e-06
46400.056 1.8619205054697288e-06
46450.056 1.8273642684804784e-06
46500.056 1.7524123335199153e-06
46550.056 2.0238555603499076e-06
46600.056 1.8536551098998612e-06
46650.056 2.2959455717099954e-06
46700.056 2.1295931967905716e-06
46750.056 1.785172485509853e-06
46800.056 1.9843972395103567e-06
46850.056 2.0454220459401047e-06
46900.056 1.9728620744995708e-06
46950.056 2.1194152688601945e-06
47000.056 1.965203892529951e-06
47050.056 2.0446410479596564e-06
47100.056 1.8565168655301245e-06
47150.056 1.9619569546204452e-06
47200.056 1.958165462060602e-06
47250.056 1.882920304539424e-06
47300.056 1.91873078394943e-06
47350.056 1.665345189489595e-06
47400.056 2.01450248756945e-06
47450.056 2.0134079820698324e-06
47500.056 1.916695620929427e-06
47550.056 1.876239985599556e-06
47600.056 2.077162402599932e-06
47650.056 1.531706863269549e-06
47700.056 2.0656948399701085e-06
47750.056 1.4906562761004718e-06
47800.056 2.062211019499785e-06
47850.056 1.6325341372693962e-06
47900.056 2.1081045339701496e-06
47950.056 1.5557363561104295e-06
48000.056 2.251080821000027e-06
48050.056 1.6902965918603934e-06
48100.056 1.828732163900005e-06
48150.056 1.6902238134202247e-06
48200.056 2.0890109061205648e-06
48250.056 1.740107544319679e-06
48300.056 2.222949411629713e-06
48350.056 1.5552686722997184e-06
48400.056 2.070282487659975e-06
48450.056 1.7821640055401777e-06
48500.056 2.2082577228000525e-06
48550.056 1.6219451996400683e-06
48600.056 2.0369233111397912e-06
48650.056 1.6052943657099831e-06
48700.056 1.9228232865900538e-06
48750.056 1.4874785309703184e-06
48800.056 2.2389760822301316e-06
48850.056 1.6489824235296926e-06
48900.056 2.017761916400069e-06
48950.056 1.9067440378002325e-06
49000.056 1.8467799062198554e-06
49050.056 1.8830425370398402e-06
49100.056 1.816178221220135e-06
49150.056 1.8492393157301327e-06
49200.056 1.926779040349951e-06
49250.056 1.839031557410133e-06
49300.056 1.6844878050997195e-06
49350.056 1.682898397400031e-06
49400.056 2.024328740730299e-06
49450.056 1.7465378918304392e-06
49500.056 1.829503482020259e-06
49550.056 1.6409258366700098e-06
49600.056 1.7462609319804116e-06
49650.056 1.7774536951802772e-06
49700.056 1.5472343057798643e-06
49750.056 2.19363584891955e-06
49800.056 1.807699822810044e-06
49850.056 2.087184444100019e-06
49900.056 1.7465183931201415e-06
49950.056 1.8698787122793372e-06
50000.056 1.77398829179956e-06
50050.056 1.8419889661601573e-06
50100.056 1.8867941237398035e-06
50150.056 1.7148748403999693e-06
50200.056 1.548538614700147e-06
50250.056 1.6917290286201339e-06
50300.056 1.6634149148397094e-06
50350.056 1.8333480883700177e-06
50400.056 1.7437166232801002e-06
50450.056 1.6638923568702085e-06
50500.056 2.1443532460003644e-06
50550.056 1.7661506327998466e-06
50600.056 1.8475699114701655e-06
50650.056 1.7737109697204832e-06
50700.056 1.9066429833993191e-06
50750.056 1.846539887620241e-06
50800.056 1.561288447299934e-06
50850.056 1.7587950967002932e-06
50900.056 1.7683619772699612e-06
50950.056 1.911919184310285e-06
51000.056 2.0865923110202282e-06
51050.056 1.6342942754103248e-06
51100.056 1.639596119909889e-06
51150.056 1.8460934112800318e-06
51200.056 1.7573497151998578e-06
51250.056 1.9186618388400053e-06
51300.056 1.6868790825905726e-06
51350.056 1.843357128949712e-06
51400.056 1.7456473276394647e-06
51450.056 1.3226457411198055e-06
51500.056 1.814363789889891e-06
51550.056 2.1208533167602065e-06
51600.056 1.4946516951399547e-06
51650.056 1.761482024119699e-06
51700.056 1.5822346790694825e-06
51750.056 1.6089305011701278e-06
51800.056 1.8157037381697992e-06
51850.056 1.8677305512999218e-06
51900.056 1.9244512164603053e-06
51950.056 1.7227370439897977e-06
52000.056 1.5877725283899608e-06
52050.056 1.8179051369598611e-06
52100.056 1.7519344041595789e-06
52150.056 1.7615602206402893e-06
52200.056 1.6875250961801094e-06
52250.056 1.6910205566899784e-06
52300.056 1.742937084579987e-06
52350.056 2.005992059020225e-06
52400.056 1.5298472881100336e-06
52450.056 1.7168091296699298e-06
52500.056 1.8288885184294606e-06
52550.056 1.6888541773095011e-06
52600.056 1.7985756295301882e-06
52650.056 2.023531622400403e-06
52700.056 1.7543754621200508e-06
52750.056 1.424225342769828e-06
52800.056 1.6181077155802046e-06
52850.056 1.5366459465298575e-06
52900.056 1.6956292949802203e-06
52950.056 1.6779241228696378e-06
53000.056 1.8467624220697755e-06
53050.056 1.7492234242297191e-06
53100.056 1.544971201369588e-06
53150.056 1.8966786467204318e-06
53200.056 1.4113889376403096e-06
53250.056 1.9807496447398892e-06
53300.056 1.8722499517207392e-06
53350.056 1.8729542058998223e-06
53400.056 1.6725174464901539e-06
