galfind/configs/Brown_Dwarf_templates/sonora_bobcat/m-0.5/10g/sp_t850g10nc_m-0.5_resample.dat
# %ECSV 1.0
# ---
# datatype:
# - {name: wav, unit: Angstrom, datatype: float64}
# - {name: flux_nu, unit: erg / (cm2 Hz s), datatype: float64}
# meta: {C/O: '1.00', Kzz: '1.0000E+05', Teff: '850.', Y: '0.28', '[Fe/H]': '-0.50', f_hole: '1.00', f_rain: '0.00', grav: '10.'}
# schema: astropy-2.0
wav flux_nu
4000.0559999999996 nan
4050.0559999999996 1.336450626109758e-13
4100.056 4.397187288459522e-12
4150.056 1.0340286576461174e-11
4200.056 8.494801106935892e-12
4250.056 1.561329846420371e-11
4300.056 1.8370790062602147e-11
4350.056 2.0177504370701737e-11
4400.056 2.5003328321502476e-11
4450.056 2.6628523799000333e-11
4500.056 2.7373604897302275e-11
4550.056 3.378719077271187e-11
4600.056 3.899306912025996e-11
4650.056 3.6272654261996685e-11
4700.056 3.8786660336999805e-11
4750.056 2.819817965919931e-11
4800.056 1.1573551811399961e-11
4850.056 4.162170339499893e-12
4900.056 1.820492694099982e-12
4950.056 8.095269527199936e-13
5000.056 2.6968941772999745e-13
5050.056 9.31551589009993e-14
5100.056 6.980028438199974e-14
5150.056 5.758091760999914e-14
5200.056 4.7348193090000186e-14
5250.056 3.8556048070999873e-14
5300.056 3.193503529499995e-14
5350.056 2.7409819418999956e-14
5400.056 2.4449128978999903e-14
5450.056 2.2133906098999825e-14
5500.056 2.0197374618999937e-14
5550.056 1.8588559592999973e-14
5600.056 1.716338881699994e-14
5650.056 1.5662919401000027e-14
5700.056 1.4052461373000003e-14
5750.056 1.1636559900999954e-14
5800.056 8.619263903599961e-15
5850.056 4.690263152099935e-15
5900.056 1.0410475673278972e-15
5950.056 1.0811465656500182e-14
6000.056 2.9802329468000366e-14
6050.056 6.359385531300043e-14
6100.056 1.2051320937300053e-13
6150.056 2.179565270400014e-13
6200.056 3.8755238697000267e-13
6250.056 6.860339422200045e-13
6300.056 1.2003045610000104e-12
6350.056 2.083130524500019e-12
6400.056 3.5650565137000244e-12
6450.056 5.919099611999966e-12
6500.056 9.674386928600038e-12
6550.056 1.5419397389800086e-11
6600.056 2.407919845200034e-11
6650.056 3.65746283610002e-11
6700.056 4.1475474909265215e-11
6750.056 7.528751829900043e-11
6800.056 1.008368119200003e-10
6850.056 1.1540970098000009e-10
6900.056 1.1064542791800126e-10
6950.056 9.906597800599952e-11
7000.056 1.0026398748400133e-10
7050.056 1.093348273099983e-10
7100.056 1.205563712669997e-10
7150.056 1.2142099338469777e-10
7200.056 1.17100326159162e-10
7250.056 1.1059802793999239e-10
7300.056 9.773908213049935e-11
7350.056 8.463842548669756e-11
7400.056 7.184633881800184e-11
7450.056 5.752617260200085e-11
7500.056 4.318188728499969e-11
7550.056 2.936487250699976e-11
7600.056 1.8383824762999788e-11
7650.056 2.9913988507157932e-12
7700.056 1.2823129244469046e-12
7750.056 1.4452433218400434e-11
7800.056 3.3794380041456834e-11
7850.056 8.403073157800055e-11
7900.056 1.4999329457300051e-10
7950.056 1.9314025574464907e-10
8000.056 3.8332726740000636e-10
8050.056 5.50166262410017e-10
8100.056 7.132977650590043e-10
8150.056 9.25627145371806e-10
8200.056 1.249144615125894e-09
8250.056 1.5650486789839536e-09
8300.056 1.9759620213508788e-09
8350.056 2.3921786718067407e-09
8400.056 2.9139526696129154e-09
8450.056 3.6409574261298198e-09
8500.056 3.933467506700912e-09
8550.056 5.126112018800076e-09
8600.056 6.364482013600001e-09
8650.056 7.188265437299914e-09
8700.056 8.32850970969951e-09
8750.056 9.656985819900131e-09
8800.056 1.1031084356800309e-08
8850.056 1.1787941626699478e-08
8900.056 9.34964857016939e-09
8950.056 9.173546997909765e-09
9000.056 1.0652644475783105e-08
9050.056 1.657256155945414e-08
9100.056 1.9282926591094234e-08
9150.056 2.0299494771302647e-08
9200.056 2.4468981004549258e-08
9250.056 2.475009147471949e-08
9300.056 1.290257350588403e-08
9350.056 1.480170920044221e-08
9400.056 1.889852003078603e-08
9450.056 2.3425997065608055e-08
9500.056 2.2815521480271764e-08
9550.056 2.6041576950991484e-08
9600.056 2.4687993301552756e-08
9650.056 2.7773779259441828e-08
9700.056 3.182850602988991e-08
9750.056 3.291682057325283e-08
9800.056 3.6129015508650796e-08
9850.056 4.0644410664095286e-08
9900.056 4.285751255874796e-08
9950.056 4.2159462474766396e-08
10000.056 3.761819019019245e-08
10050.056 4.955682469240132e-08
10100.056 6.036479748738931e-08
10150.056 6.795584438498623e-08
10200.056 7.889229572499664e-08
10250.056 8.734294559499799e-08
10300.056 9.615374457300114e-08
10350.056 1.112134586529989e-07
10400.056 1.266505381149952e-07
10450.056 1.32682976984997e-07
10500.056 1.3004919595500225e-07
10550.056 1.3183295087100733e-07
10600.056 1.3850640516099708e-07
10650.056 1.5168105382200492e-07
10700.056 1.5908188924791176e-07
10750.056 1.703452275708065e-07
10800.056 1.7787008349420497e-07
10850.056 1.7869391990598342e-07
10900.056 1.4303437520239055e-07
10950.056 8.844689152800175e-08
11000.056 7.835353501764455e-08
11050.056 6.47321669917367e-08
11100.056 5.077420538670108e-08
11150.056 3.449793442026025e-08
11200.056 3.0193556093978216e-08
11250.056 3.4919378866710626e-08
11300.056 3.834884592416481e-08
11350.056 2.023449273583987e-08
11400.056 3.014736042362579e-08
11450.056 2.7402269932253302e-08
11500.056 2.2822040137530305e-08
11550.056 1.0660183807678446e-08
11600.056 1.2808504228893467e-08
11650.056 2.1288792753422703e-08
11700.056 2.0139194528588533e-08
11750.056 6.8852616511815e-09
11800.056 2.2141100060248046e-08
11850.056 3.478259293481778e-08
11900.056 4.013511940317082e-08
11950.056 5.598439397626595e-08
12000.056 7.182391678667127e-08
12050.056 9.275405551852075e-08
12100.056 1.1498464875835106e-07
12150.056 1.4244114562192102e-07
12200.056 1.6562640939103028e-07
12250.056 1.929341201410425e-07
12300.056 2.236622387667338e-07
12350.056 2.3448307697920842e-07
12400.056 2.6152907013499614e-07
12450.056 2.6724349682502e-07
12500.056 2.888496862579994e-07
12550.056 3.080048411280302e-07
12600.056 3.5408733416901725e-07
12650.056 3.4948354275399513e-07
12700.056 3.6178242951356547e-07
12750.056 3.4986934447373626e-07
12800.056 3.497546639236236e-07
12850.056 3.071150379553882e-07
12900.056 2.720921024436958e-07
12950.056 2.6940709685799655e-07
13000.056 2.485231280719474e-07
13050.056 2.2073961827464802e-07
13100.056 2.0007225204973932e-07
13150.056 1.6526618329795702e-07
13200.056 1.4343944857887563e-07
13250.056 1.1257250834731383e-07
13300.056 5.666964421292941e-08
13350.056 2.0172899214006304e-08
13400.056 1.603135695042127e-08
13450.056 9.093709625203282e-09
13500.056 6.49576032662604e-09
13550.056 4.556737308519407e-09
13600.056 1.9897281978395905e-09
13650.056 4.7367394769398094e-09
13700.056 4.0624889216297214e-09
13750.056 3.536352113290628e-09
13800.056 3.670013513507509e-09
13850.056 3.093219287878765e-09
13900.056 3.2585262024067204e-09
13950.056 2.758980925326115e-09
14000.056 2.8087928978868624e-09
14050.056 3.530400897123364e-09
14100.056 3.7202793211262744e-09
14150.056 5.2135460070877835e-09
14200.056 4.29716939713446e-09
14250.056 5.03794399323307e-09
14300.056 7.517802964030087e-09
14350.056 8.05554742834946e-09
14400.056 9.767810263229045e-09
14450.056 1.076950177878129e-08
14500.056 1.7818124023191796e-08
14550.056 2.076977130046246e-08
14600.056 2.5401889252020392e-08
14650.056 2.623894982744652e-08
14700.056 2.2320267522039958e-08
14750.056 2.5613670498276317e-08
14800.056 3.329475031828821e-08
14850.056 3.7273879932930953e-08
14900.056 3.978996774909419e-08
14950.056 4.340454484270689e-08
15000.056 5.116600285900958e-08
15050.056 5.6094282497209905e-08
15100.056 5.956261527064638e-08
15150.056 6.633958998636424e-08
15200.056 7.050907138351122e-08
15250.056 8.505244805325918e-08
15300.056 9.591489835791762e-08
15350.056 1.0552791834293701e-07
15400.056 1.1989919654482637e-07
15450.056 1.3227702149155658e-07
15500.056 1.3852600317846306e-07
15550.056 1.549489760804075e-07
15600.056 1.5839546660370657e-07
15650.056 1.7034017729660866e-07
15700.056 1.932994641954707e-07
15750.056 2.036169521759922e-07
15800.056 1.9912898917605413e-07
15850.056 2.098528094939991e-07
15900.056 1.9065727801001028e-07
15950.056 1.7725271337596018e-07
16000.056 1.4025459042400508e-07
16050.056 9.476754156459689e-08
16100.056 6.742396211509342e-08
16150.056 4.479909338254208e-08
16200.056 2.9306792847959726e-08
16250.056 2.3923610374560326e-08
16300.056 1.804074127765078e-08
16350.056 1.9942415671553132e-08
16400.056 2.4666335236838434e-08
16450.056 2.604715776463922e-08
16500.056 2.7306014495373876e-08
16550.056 2.7107747354492618e-08
16600.056 2.536830044834473e-08
16650.056 2.1443616759750622e-08
16700.056 6.4226886098723715e-09
16750.056 8.59279546745209e-09
16800.056 1.5604829907798818e-08
16850.056 1.851415021844667e-08
16900.056 1.3925898360564365e-08
16950.056 1.0339099839032727e-08
17000.056 7.365542530479736e-09
17050.056 1.2338663840628275e-08
17100.056 1.7274303772190264e-08
17150.056 1.2055577515099489e-08
17200.056 2.1218299683299498e-08
17250.056 1.9365501221968216e-08
17300.056 1.3618671205994979e-08
17350.056 1.2368675403183508e-08
17400.056 1.508932100658152e-08
17450.056 1.897630764677437e-08
17500.056 2.3401567823117592e-08
17550.056 2.2997927246553144e-08
17600.056 1.9458684583329536e-08
17650.056 1.9722388735928424e-08
17700.056 1.4719543919391536e-08
17750.056 1.5191184538381565e-08
17800.056 2.3587935199965978e-08
17850.056 1.7048601317592434e-08
17900.056 1.4023490568488606e-08
17950.056 1.2412723025350923e-08
18000.056 1.5069804301416862e-08
18050.056 1.6842022608270605e-08
18100.056 1.9187347188651095e-08
18150.056 2.390181084010178e-08
18200.056 1.6256915219750195e-08
18250.056 2.9320399719865276e-08
18300.056 2.1687056044501366e-08
18350.056 1.7765277275477627e-08
18400.056 1.814180830894156e-08
18450.056 2.1717653067056817e-08
18500.056 2.3842323024715945e-08
18550.056 1.9780186463118902e-08
18600.056 1.8173735672889527e-08
18650.056 1.8850207042041005e-08
18700.056 1.745027910755046e-08
18750.056 2.2421709665100673e-08
18800.056 3.3757211772821406e-08
18850.056 3.82823636608531e-08
18900.056 3.7735690809448476e-08
18950.056 4.781006327902329e-08
19000.056 3.960853849555173e-08
19050.056 3.136519010674945e-08
19100.056 4.478267229392655e-08
19150.056 3.6936970388955305e-08
19200.056 4.128887159155512e-08
19250.056 3.43964896797534e-08
19300.056 3.3441217359560015e-08
19350.056 2.8956902820157238e-08
19400.056 2.3482754535262808e-08
19450.056 3.692840212660467e-08
19500.056 3.4390872142193015e-08
19550.056 2.6515034374251532e-08
19600.056 3.74334231480351e-08
19650.056 3.886555185532265e-08
19700.056 4.098460531955743e-08
19750.056 4.34818731899333e-08
19800.056 4.439330111174738e-08
19850.056 5.3377372399427527e-08
19900.056 4.518318318725921e-08
19950.056 6.45020617145915e-08
20000.056 5.9553798119571214e-08
20050.056 6.354899218321845e-08
20100.056 7.493649735849029e-08
20150.056 6.896722741939452e-08
20200.056 7.399361167209642e-08
20250.056 8.535052177754483e-08
20300.056 8.55711588189522e-08
20350.056 9.300944931878708e-08
20400.056 9.014671064179546e-08
20450.056 1.0275387464032713e-07
20500.056 1.0840512247831044e-07
20550.056 1.0793355500621138e-07
20600.056 1.1632207960995615e-07
20650.056 1.1678102974133804e-07
20700.056 1.1988711792807758e-07
20750.056 1.2314958150328705e-07
20800.056 1.2268755713559227e-07
20850.056 1.196212192705975e-07
20900.056 1.2132204306436265e-07
20950.056 1.153468500283867e-07
21000.056 1.1015102875203292e-07
21050.056 1.0862536919338985e-07
21100.056 1.0137851176541347e-07
21150.056 1.012559387284812e-07
21200.056 9.233692546370217e-08
21250.056 8.569035453167217e-08
21300.056 7.35049427189211e-08
21350.056 7.342237878992106e-08
21400.056 6.839702434605998e-08
21450.056 6.189482013082966e-08
21500.056 5.6434995152721864e-08
21550.056 5.112843689061463e-08
21600.056 4.364070706738376e-08
21650.056 3.731186737031167e-08
21700.056 3.70522215193108e-08
21750.056 3.277622019990364e-08
21800.056 2.8128356666357034e-08
21850.056 2.5762248133708904e-08
21900.056 1.882002581277337e-08
21950.056 1.1551828691087756e-08
22000.056 4.960639003103499e-09
22050.056 3.284084670439502e-09
22100.056 5.628014807507641e-09
22150.056 8.46629264198431e-09
22200.056 9.694341041781561e-09
22250.056 8.153773731530486e-09
22300.056 6.651453396896179e-09
22350.056 6.490154175563607e-09
22400.056 4.572477892235962e-09
22450.056 4.130686676690001e-09
22500.056 3.6434076713499303e-09
22550.056 3.0105962728541586e-09
22600.056 3.1366201651064615e-09
22650.056 3.5013474030663123e-09
22700.056 2.915802105777888e-09
22750.056 3.1352280504493207e-09
22800.056 2.826003999328682e-09
22850.056 2.4915627757852075e-09
22900.056 2.0990195269627527e-09
22950.056 2.002434229518662e-09
23000.056 2.6509204141039174e-09
23050.056 3.4962827243591934e-09
23100.056 6.370231485170179e-09
23150.056 7.279267988740595e-09
23200.056 1.8463371968377547e-09
23250.056 2.224993002566533e-09
23300.056 2.092828849911538e-09
23350.056 2.188894100463604e-09
23400.056 2.465390807023257e-09
23450.056 2.3111563791160112e-09
23500.056 2.5220415282773857e-09
23550.056 3.275922259578371e-09
23600.056 3.6482822453627804e-09
23650.056 5.1212704921816545e-09
23700.056 3.1433408301626678e-09
23750.056 2.434555249011501e-09
23800.056 2.9377528855131043e-09
23850.056 3.3422671657255234e-09
23900.056 5.112626521432742e-09
23950.056 5.678634805281746e-09
24000.056 6.304953785546307e-09
24050.056 8.305520611817217e-09
24100.056 7.692321540113457e-09
24150.056 8.935574916130824e-09
24200.056 8.447067557907849e-09
24250.056 7.168010966354562e-09
24300.056 8.956524547220359e-09
24350.056 7.764104532442146e-09
24400.056 1.0678143338360068e-08
24450.056 1.1023327337536582e-08
24500.056 1.13112910377259e-08
24550.056 1.388683027945478e-08
24600.056 1.4110821354536358e-08
24650.056 1.7676049422700567e-08
24700.056 1.4107839793319888e-08
24750.056 1.641648306487599e-08
24800.056 1.723490758989677e-08
24850.056 2.1769958771277218e-08
24900.056 1.560909249784495e-08
24950.056 2.4340506316060482e-08
25000.056 2.299661533415255e-08
25050.056 1.8399691110183624e-08
25100.056 2.4435477912864156e-08
25150.056 1.7382320721680726e-08
25200.056 2.3007407772519895e-08
25250.056 1.7082933435458993e-08
25300.056 2.418152402935455e-08
25350.056 1.5283364401464856e-08
25400.056 2.558739165030323e-08
25450.056 1.552706373068265e-08
25500.056 1.5424359584138076e-08
25550.056 1.7587502059913352e-08
25600.056 1.378962390458839e-08
25650.056 1.1216770383659459e-08
25700.056 1.8901233420330296e-08
25750.056 9.039782821212495e-09
25800.056 1.835945661644883e-08
25850.056 9.918272897255864e-09
25900.056 1.281850092065534e-08
25950.056 8.16973910502369e-09
26000.056 2.0657565902296383e-08
26050.056 1.2504764702097865e-08
26100.056 1.8800765916666165e-08
26150.056 1.476437564427977e-08
26200.056 1.7820711941312593e-08
26250.056 2.652357571865203e-08
26300.056 1.9041801422557343e-08
26350.056 3.296675985718799e-08
26400.056 3.3305953348392555e-08
26450.056 3.7650694176483006e-08
26500.056 4.080838693874379e-08
26550.056 2.3843217936240045e-08
26600.056 3.3643492549209887e-08
26650.056 1.6038346783846697e-08
26700.056 1.5505014288267097e-08
26750.056 1.0742155113934742e-08
26800.056 1.8658611975262896e-08
26850.056 1.0764950366847412e-08
26900.056 2.4599732049538896e-08
26950.056 1.286901255849686e-08
27000.056 3.210377104757374e-08
27050.056 2.509994178728447e-08
27100.056 1.846028417330889e-08
27150.056 3.659909697364593e-08
27200.056 2.029974930688106e-08
27250.056 2.51111727661246e-08
27300.056 5.4646875492878906e-08
27350.056 4.0142988193977275e-08
27400.056 1.2810976183596446e-08
27450.056 5.178097233896683e-08
27500.056 4.880690323971669e-08
27550.056 2.3138968907127956e-08
27600.056 4.1909152987390135e-08
27650.056 1.9803470814257725e-08
27700.056 1.614836143568076e-08
27750.056 4.364616038891724e-08
27800.056 1.8730455135006483e-08
27850.056 2.4916994759665468e-08
27900.056 2.6411671515511375e-08
27950.056 4.611183961670084e-08
28000.056 3.796723823782215e-08
28050.056 1.3242911422142189e-08
28100.056 4.58128145948995e-08
28150.056 2.994751095656025e-08
28200.056 1.554873648768977e-08
28250.056 4.581180461512372e-08
28300.056 5.7968440169163565e-08
28350.056 2.1911207572330372e-08
28400.056 3.6497457650871356e-08
28450.056 4.7400125236162227e-08
28500.056 3.84218971992528e-08
28550.056 1.5583704285220793e-08
28600.056 5.475782304961399e-08
28650.056 4.599460578268324e-08
28700.056 4.2246114686166974e-08
28750.056 5.949993380676803e-08
