galfind/configs/Brown_Dwarf_templates/sonora_bobcat/m-0.5/10g/sp_t300g10nc_m-0.5_resample.dat
# %ECSV 1.0
# ---
# datatype:
# - {name: wav, unit: Angstrom, datatype: float64}
# - {name: flux_nu, unit: erg / (cm2 Hz s), datatype: float64}
# meta: {C/O: '1.00', Kzz: '1.0000E+05', Teff: '300.', Y: '0.28', '[Fe/H]': '-0.50', f_hole: '1.00', f_rain: '0.00', grav: '10.'}
# schema: astropy-2.0
wav flux_nu
4000.0559999999996 nan
4050.0559999999996 1.7072121201677304e-20
4100.056 4.733334101390085e-19
4150.056 2.3753070520000157e-18
4200.056 2.5800453110350087e-18
4250.056 1.6545719908000107e-17
4300.056 3.838835961499994e-17
4350.056 7.489783757600034e-17
4400.056 1.3100310297999932e-16
4450.056 2.1564279827999885e-16
4500.056 3.796892530000022e-16
4550.056 4.699188193679998e-16
4600.056 2.1306028809999905e-16
4650.056 1.46488764237999e-16
4700.056 8.206480747200016e-17
4750.056 4.8589299952000255e-17
4800.056 3.357638655399986e-17
4850.056 2.1464176121999945e-17
4900.056 1.6530163602999994e-17
4950.056 1.4850327638999994e-17
5000.056 1.3279076788399942e-17
5050.056 1.2452634164500208e-17
5100.056 1.5322288555000292e-17
5150.056 1.9511729798000152e-17
5200.056 2.43497186870001e-17
5250.056 2.967979132200008e-17
5300.056 3.589899608000009e-17
5350.056 4.308508304200009e-17
5400.056 4.972272671500015e-17
5450.056 5.815475637500091e-17
5500.056 6.852181602300054e-17
5550.056 8.040053659800013e-17
5600.056 9.178040646200031e-17
5650.056 1.0070700900099977e-16
5700.056 9.795413156899987e-17
5750.056 9.728399383000027e-17
5800.056 8.551418829899931e-17
5850.056 5.515697046899905e-17
5900.056 1.4953196432061953e-17
5950.056 1.0379491156150651e-16
6000.056 2.7798587526699457e-16
6050.056 6.006624931800106e-16
6100.056 1.0912979391000154e-15
6150.056 1.789149751400013e-15
6200.056 2.7549544982000177e-15
6250.056 3.9231106904999964e-15
6300.056 5.582283951400002e-15
6350.056 7.70512045680003e-15
6400.056 1.0361353766100006e-14
6450.056 1.2182301036099617e-14
6500.056 1.576739405108011e-14
6550.056 2.1363347420359143e-14
6600.056 2.9067504746901284e-14
6650.056 4.0060766073000314e-14
6700.056 5.3782945130000275e-14
6750.056 7.094704787800036e-14
6800.056 8.7938604364001e-14
6850.056 1.027891346420003e-13
6900.056 9.729642743800346e-14
6950.056 8.134621884554075e-14
7000.056 9.853896114661738e-14
7050.056 1.0569752597108992e-13
7100.056 1.2291814721719626e-13
7150.056 9.345629618404535e-14
7200.056 6.988718405899384e-14
7250.056 8.692583225024036e-14
7300.056 9.182199038093947e-14
7350.056 1.2842362942240613e-13
7400.056 1.6405168737471011e-13
7450.056 2.1592076389301604e-13
7500.056 2.5059555490900055e-13
7550.056 2.5781338210999957e-13
7600.056 2.337852545899987e-13
7650.056 7.455474354399692e-14
7700.056 5.330891334240171e-14
7750.056 2.3678794649000424e-13
7800.056 3.9410908000600033e-13
7850.056 6.075415421149924e-13
7900.056 7.947937969119635e-13
7950.056 9.017323394759974e-13
8000.056 1.191309259386001e-12
8050.056 1.393320105510032e-12
8100.056 9.79570157534986e-13
8150.056 7.17115273961696e-13
8200.056 1.3942185362952727e-12
8250.056 1.4664274026280695e-12
8300.056 1.6560480843159879e-12
8350.056 1.6169865763473922e-12
8400.056 1.908732548723485e-12
8450.056 2.837484375066772e-12
8500.056 3.4195756480999853e-12
8550.056 4.346263637300075e-12
8600.056 5.226403407200018e-12
8650.056 5.670752316700066e-12
8700.056 5.007781417800112e-12
8750.056 4.782025152100013e-12
8800.056 3.922830565379803e-12
8850.056 2.5026197489897697e-12
8900.056 1.4150959337194737e-13
8950.056 1.0368699957003628e-13
9000.056 7.809973742447135e-14
9050.056 4.3541714982321236e-13
9100.056 6.423824395097735e-13
9150.056 1.1816129969949582e-12
9200.056 3.2307089710165125e-12
9250.056 2.7133196773029005e-12
9300.056 5.1106973825798306e-14
9350.056 6.126459964916708e-14
9400.056 4.1750015956530085e-13
9450.056 4.0317508027936837e-13
9500.056 3.298646954817939e-13
9550.056 3.611071294479794e-13
9600.056 4.228200161058083e-13
9650.056 9.612680439928307e-13
9700.056 3.2568945964786955e-12
9750.056 2.0753698495172482e-12
9800.056 1.8158010439797373e-12
9850.056 1.8082772575061288e-12
9900.056 2.3810940748766716e-12
9950.056 2.011258802403231e-12
10000.056 1.900938322394776e-12
10050.056 1.8617606875309938e-12
10100.056 1.6134550039079145e-12
10150.056 7.988625131342317e-13
10200.056 2.4503277801763596e-13
10250.056 3.52196931009565e-13
10300.056 7.415176080558919e-13
10350.056 2.863217914561836e-13
10400.056 1.1441257471991705e-12
10450.056 2.4002201446574207e-12
10500.056 4.508606662012063e-12
10550.056 8.221562099400487e-12
10600.056 1.1223679876400467e-11
10650.056 1.1957083442500131e-11
10700.056 9.745585153229418e-12
10750.056 9.66135148099251e-12
10800.056 9.039717203909645e-12
10850.056 7.386455180466709e-12
10900.056 5.339857224080267e-12
10950.056 3.0010585614234237e-12
11000.056 1.7265425056661808e-12
11050.056 9.038015418982681e-13
11100.056 3.6858990398061024e-13
11150.056 9.293730897563467e-14
11200.056 2.843665482446485e-14
11250.056 2.034486473750424e-14
11300.056 8.597587393856208e-14
11350.056 1.1656238157252077e-14
11400.056 1.123404529966082e-13
11450.056 6.368110687022922e-14
11500.056 5.014135308161696e-14
11550.056 6.210601187819834e-15
11600.056 1.6906166584396143e-15
11650.056 2.0184496116159652e-14
11700.056 2.30101344364343e-14
11750.056 3.857797914018765e-15
11800.056 3.029597282181002e-14
11850.056 2.7948561997520582e-14
11900.056 2.326623044208045e-14
11950.056 4.1443164852200254e-14
12000.056 6.990093407407219e-14
12050.056 1.1998814830742178e-13
12100.056 1.6966589104006397e-13
12150.056 2.3275321847420113e-13
12200.056 2.591941047817521e-13
12250.056 6.393190972712685e-13
12300.056 1.474032048409242e-12
12350.056 1.9160023915075464e-12
12400.056 3.852937831588102e-12
12450.056 7.609484831075959e-12
12500.056 9.732961618482527e-12
12550.056 1.1849505227908255e-11
12600.056 2.269715434871334e-11
12650.056 4.1592834467114556e-11
12700.056 4.722453301198454e-11
12750.056 2.7422274585211463e-11
12800.056 1.2487635353582195e-11
12850.056 5.619662037861216e-12
12900.056 4.009229924360503e-12
12950.056 3.257981883152248e-12
13000.056 3.2789763064557793e-12
13050.056 1.962227573703887e-12
13100.056 1.628597349556831e-12
13150.056 8.168211400941488e-13
13200.056 1.0397379458761904e-12
13250.056 1.1725915442378932e-12
13300.056 4.871902278894139e-13
13350.056 1.8944131631438456e-13
13400.056 1.0314852300769437e-13
13450.056 1.9472015819720975e-14
13500.056 3.996227107978172e-15
13550.056 6.976566634867967e-16
13600.056 4.6223088650341304e-17
13650.056 8.384255320594573e-16
13700.056 2.754929777398989e-16
13750.056 1.4132603474353248e-15
13800.056 8.402274578380551e-16
13850.056 3.697016837822545e-16
13900.056 1.272735399752955e-15
13950.056 7.140590030437747e-16
14000.056 1.1779752024851323e-15
14050.056 2.0345624519574933e-15
14100.056 2.738841957969657e-15
14150.056 1.1768514051601657e-14
14200.056 5.871731984032546e-15
14250.056 1.2359763928588394e-14
14300.056 3.972071601890778e-14
14350.056 3.812932375861623e-14
14400.056 3.915977596320018e-14
14450.056 9.153931815801388e-14
14500.056 2.470457471993866e-13
14550.056 2.9434829260296623e-13
14600.056 2.6717497210299923e-13
14650.056 8.805624597902019e-14
14700.056 3.33916598729967e-14
14750.056 5.930950437140767e-15
14800.056 1.2935012683651435e-14
14850.056 1.7621159490647648e-14
14900.056 1.6178544810054834e-14
14950.056 7.85931866419465e-15
15000.056 3.3204809417242744e-14
15050.056 3.328844657794491e-14
15100.056 1.2128567114969917e-14
15150.056 3.93353194281288e-15
15200.056 2.538464326856572e-14
15250.056 6.354503773064818e-14
15300.056 8.281932240492262e-14
15350.056 1.4593547601930699e-13
15400.056 1.8127405551988145e-13
15450.056 2.632914190337923e-13
15500.056 3.4693853880527667e-13
15550.056 1.0926898851294575e-12
15600.056 1.7965130893319057e-12
15650.056 4.366429587525324e-12
15700.056 9.046948425224446e-12
15750.056 1.5463085840054197e-11
15800.056 1.9011106891814702e-11
15850.056 2.687340778267186e-11
15900.056 3.4552321557779825e-11
15950.056 4.5296182532493094e-11
16000.056 4.252813109015602e-11
16050.056 2.7395802489745956e-11
16100.056 1.529243038477798e-11
16150.056 6.6334735346236244e-12
16200.056 2.740634238164588e-12
16250.056 1.331119445141683e-12
16300.056 5.695189896474439e-13
16350.056 7.911198524846784e-13
16400.056 1.054875247106399e-12
16450.056 7.485054701700196e-13
16500.056 5.089370078587553e-13
16550.056 4.510075703566094e-13
16600.056 1.4039914667060904e-12
16650.056 8.462819381271723e-13
16700.056 8.826258580471738e-14
16750.056 3.930031267134255e-13
16800.056 6.909426430801061e-13
16850.056 7.67248642132526e-13
16900.056 2.258573927077927e-13
16950.056 9.780711415502441e-14
17000.056 3.703985170647041e-14
17050.056 8.523301398739196e-14
17100.056 2.5036084929652584e-13
17150.056 1.031472482730155e-13
17200.056 7.223014369724083e-13
17250.056 1.9814346322912198e-13
17300.056 1.2015170723708044e-13
17350.056 1.71721418858497e-13
17400.056 4.657808985826911e-13
17450.056 5.976134169131839e-13
17500.056 9.862567149387266e-13
17550.056 9.003928039327082e-13
17600.056 6.678118750482657e-13
17650.056 4.914145553540875e-13
17700.056 3.8414298451422133e-13
17750.056 3.8237221890608867e-13
17800.056 1.4385277587801856e-12
17850.056 4.083094503829655e-13
17900.056 2.9448723118109895e-13
17950.056 2.3759084630222714e-13
18000.056 3.787391757800252e-13
18050.056 3.003303000023814e-13
18100.056 3.947617290378164e-13
18150.056 1.937235625138652e-13
18200.056 1.5080350969973928e-13
18250.056 6.554575052785617e-13
18300.056 6.853581888390172e-14
18350.056 4.9428841689238606e-14
18400.056 2.2472926947362197e-14
18450.056 2.6503359719252774e-13
18500.056 2.2082649745965307e-13
18550.056 1.0206253960902887e-13
18600.056 2.3768174777655013e-13
18650.056 1.706043650392085e-13
18700.056 1.2624429149758662e-14
18750.056 2.9469397728214984e-14
18800.056 4.0995019904112273e-13
18850.056 3.5855948198385313e-13
18900.056 3.9774185814727837e-13
18950.056 4.568018774345183e-13
19000.056 8.371615259508136e-14
19050.056 3.484167719073746e-14
19100.056 1.144082478536582e-13
19150.056 4.639665508119536e-14
19200.056 8.650281233463563e-14
19250.056 6.635251821469959e-14
19300.056 3.712632186647714e-14
19350.056 3.5874422471528115e-14
19400.056 2.862861323830736e-14
19450.056 4.010723659404173e-14
19500.056 2.2193745271467184e-14
19550.056 6.29739610461931e-14
19600.056 1.5645394660035477e-13
19650.056 9.660446902571262e-14
19700.056 1.2448089083489463e-13
19750.056 1.9490016830927548e-13
19800.056 1.1791443821627415e-13
19850.056 1.3668446722651593e-13
19900.056 2.1814764138982265e-13
19950.056 2.521210913420252e-13
20000.056 3.121260675824597e-13
20050.056 2.2364119739520631e-13
20100.056 3.46189424903663e-13
20150.056 2.0703725155975683e-13
20200.056 1.313341708729277e-13
20250.056 2.946546609624738e-13
20300.056 3.5980492098603434e-13
20350.056 3.730004796958548e-13
20400.056 3.2960492918016595e-13
20450.056 4.886633809700525e-13
20500.056 5.344618479191733e-13
20550.056 5.569698016794785e-13
20600.056 5.613887126044181e-13
20650.056 6.158057379782552e-13
20700.056 6.222083175660971e-13
20750.056 6.213096446887584e-13
20800.056 5.545997627483371e-13
20850.056 5.887171893100157e-13
20900.056 5.813317281999492e-13
20950.056 5.366258780590213e-13
21000.056 5.074731258263276e-13
21050.056 5.213803420299742e-13
21100.056 5.071063174430259e-13
21150.056 5.149907028800046e-13
21200.056 5.134652299192605e-13
21250.056 5.262317841259368e-13
21300.056 5.09518272500371e-13
21350.056 5.332143548439977e-13
21400.056 5.918782633409042e-13
21450.056 5.378497011000444e-13
21500.056 5.217479335549009e-13
21550.056 5.3903459176452e-13
21600.056 4.878981957451385e-13
21650.056 3.979914004404654e-13
21700.056 3.546527438776525e-13
21750.056 4.082049578182192e-13
21800.056 3.2567959291807506e-13
21850.056 3.2293255221397615e-13
21900.056 2.652077312511645e-13
21950.056 9.910278603015571e-14
22000.056 9.436363889126723e-15
22050.056 2.472671760118416e-14
22100.056 9.79006438183717e-14
22150.056 6.0327554209615e-14
22200.056 5.425123498610006e-14
22250.056 4.2543012314430656e-14
22300.056 1.8514987623447735e-14
22350.056 3.02895019405611e-14
22400.056 1.0117231142623412e-14
22450.056 1.6216433707429758e-14
22500.056 1.1829105020473156e-14
22550.056 5.143031154125596e-15
22600.056 3.953322191069145e-15
22650.056 7.911270014952965e-15
22700.056 7.736610862202296e-15
22750.056 1.2071571750055066e-14
22800.056 1.5270666771720454e-14
22850.056 1.005093022917164e-14
22900.056 6.096783587275813e-15
22950.056 3.779528964741977e-15
23000.056 5.9515334572942056e-15
23050.056 5.378903389020107e-15
23100.056 5.165137071241992e-14
23150.056 5.306854987582451e-14
23200.056 1.7132618997818557e-15
23250.056 1.0916991561814687e-14
23300.056 8.247045027669738e-15
23350.056 1.5043871300535815e-14
23400.056 1.0694284545093952e-14
23450.056 4.698591581183114e-15
23500.056 4.496403277414072e-15
23550.056 1.1858511137657483e-14
23600.056 3.120725018639286e-14
23650.056 4.260140890199542e-14
23700.056 5.855249009035493e-15
23750.056 7.122630667222205e-15
23800.056 4.224991195493663e-14
23850.056 2.4182551575221922e-14
23900.056 5.123842767536229e-14
23950.056 2.1595446846049733e-14
24000.056 6.589644014372938e-14
24050.056 8.257846089175624e-14
24100.056 1.1914234569625968e-13
24150.056 1.7527936617075487e-13
24200.056 1.0973135573719926e-13
24250.056 8.363784894797823e-14
24300.056 1.7616830722795937e-13
24350.056 1.7134547601166487e-13
24400.056 4.107102477491298e-13
24450.056 5.250373810673145e-13
24500.056 4.907108466020829e-13
24550.056 7.714902525179482e-13
24600.056 9.721929753297856e-13
24650.056 1.4543104423663178e-12
24700.056 1.1641798468049005e-12
24750.056 1.6856050092403856e-12
24800.056 1.5799622058273e-12
24850.056 2.408014136395277e-12
24900.056 1.6188387584030412e-12
24950.056 2.528723710220911e-12
25000.056 3.3402893250008023e-12
25050.056 2.5185220561768654e-12
25100.056 3.4403989001316578e-12
25150.056 1.7296690295464321e-12
25200.056 2.9365043157214027e-12
25250.056 1.381529801115826e-12
25300.056 1.4026529172466477e-12
25350.056 7.96914908618576e-13
25400.056 1.8275296129307747e-12
25450.056 4.599221505151497e-13
25500.056 3.6135843678677815e-13
25550.056 1.0056989376427265e-12
25600.056 3.3581038551219106e-13
25650.056 1.5477805884754343e-13
25700.056 9.852246682446081e-14
25750.056 2.5817033834401342e-14
25800.056 1.8495964244539478e-13
25850.056 1.8891456673688638e-14
25900.056 2.5548819968789605e-14
25950.056 3.9869935178603385e-15
26000.056 1.138877990308971e-13
26050.056 5.918825750358549e-15
26100.056 4.029225418596267e-14
26150.056 1.1088798644523314e-14
26200.056 1.7960004960105085e-14
26250.056 2.4430502534937905e-13
26300.056 2.1587693455765945e-14
26350.056 7.794840259120898e-13
26400.056 1.9660369545724677e-12
26450.056 9.811818608507139e-13
26500.056 3.5124576816554363e-12
26550.056 1.2073519544262492e-13
26600.056 1.1258767242484452e-13
26650.056 9.45511652580727e-15
26700.056 6.137689425512183e-15
26750.056 1.6535703146646215e-14
26800.056 1.0023048085637593e-13
26850.056 5.119816342450156e-14
26900.056 3.7789198044050295e-13
26950.056 6.692076377791171e-14
27000.056 5.572254752087281e-13
27050.056 1.1380501450522562e-12
27100.056 2.3564748840224005e-14
27150.056 8.17155214649008e-13
27200.056 2.6746844776941886e-14
27250.056 2.017384022265775e-13
27300.056 3.5361659077080647e-12
27350.056 7.103231489426801e-13
27400.056 1.9046317160479528e-14
27450.056 1.3063543350594432e-12
27500.056 1.6763995184480223e-12
27550.056 1.5664701673474987e-13
27600.056 6.909793187223453e-13
27650.056 1.1703673747484034e-13
27700.056 1.4652114098262424e-13
27750.056 1.5124821077910571e-12
27800.056 3.358579374994367e-13
27850.056 8.703529693093e-13
27900.056 9.83251809826421e-13
27950.056 2.555963511586598e-12
28000.056 3.3966881991025647e-12
28050.056 1.676418115197585e-13
28100.056 3.170672818601995e-12
28150.056 2.4340830252480223e-12
28200.056 3.443122076925028e-13
28250.056 4.608303348581227e-12
28300.056 3.999741419515931e-12
28350.056 4.697656031882877e-13
28400.056 2.3543971585456135e-12
28450.056 5.298538202687781e-12
28500.056 2.3293084999198118e-12
28550.056 4.0463210398721807e-13
28600.056 4.9625877065642986e-12
28650.056 2.3075918331996497e-12
28700.056 5.8749955913557726e-12
28750.056 8.073872441644605e-12
28800.056 1.9350049673296885e-12
