galfind/configs/Brown_Dwarf_templates/sonora_bobcat/m-0.5/10g/sp_t2300g10nc_m-0.5_resample.dat
# %ECSV 1.0
# ---
# datatype:
# - {name: wav, unit: Angstrom, datatype: float64}
# - {name: flux_nu, unit: erg / (cm2 Hz s), datatype: float64}
# meta: {C/O: '1.00', Kzz: '1.0000E+05', Teff: '2300.', Y: '0.28', '[Fe/H]': '-0.50', f_hole: '1.00', f_rain: '0.00', grav: '10.'}
# schema: astropy-2.0
wav flux_nu
[from data line 502]
29100.056 3.0629977341700243e-06
29150.056 3.52860891820014e-06
29200.056 3.339756767810152e-06
29250.056 3.531371779089971e-06
29300.056 3.2528585469284874e-06
29350.056 3.755992180599495e-06
29400.056 3.3526916505398773e-06
29450.056 3.2729989537798016e-06
29500.056 3.494425373109667e-06
29550.056 3.3776586740103555e-06
29600.056 3.4942380164800913e-06
29650.056 3.4993963833400948e-06
29700.056 3.1754618962197764e-06
29750.056 3.7377500804610635e-06
29800.056 3.6173896702398267e-06
29850.056 3.5488820109995478e-06
29900.056 3.2655412534707783e-06
29950.056 3.733479635999432e-06
30000.056 3.6908850393087525e-06
30050.056 3.526877313100001e-06
30100.056 2.9548166698393773e-06
30150.056 4.090527141499701e-06
30200.056 3.8063637502002904e-06
30250.056 3.5744398278006543e-06
30300.056 3.6857845266999054e-06
30350.056 3.554411602100671e-06
30400.056 3.973856609600477e-06
30450.056 3.343152631900419e-06
30500.056 3.3274405388004876e-06
30550.056 4.125099951300699e-06
30600.056 3.927932515600297e-06
30650.056 3.87705296110021e-06
30700.056 3.6651919084000168e-06
30750.056 3.57289768290016e-06
30800.056 4.091661344401111e-06
30850.056 3.6708836505000074e-06
30900.056 3.705037839499727e-06
30950.056 3.575286248000325e-06
31000.056 4.009120323899896e-06
31050.056 3.529415073600112e-06
31100.056 3.903512488400042e-06
31150.056 3.902870792699751e-06
31200.056 4.041389126599606e-06
31250.056 4.172737305700738e-06
31300.056 3.822215302999732e-06
31350.056 3.77637249419999e-06
31400.056 3.9630626479005205e-06
31450.056 3.94339407440027e-06
31500.056 4.042048238200583e-06
31550.056 3.7385007837999636e-06
31600.056 3.9050446764998855e-06
31650.056 4.03944378789989e-06
31700.056 4.1786924785999995e-06
31750.056 3.710388442400131e-06
31800.056 4.100994774000321e-06
31850.056 4.430338222399825e-06
31900.056 4.316723156199701e-06
31950.056 3.727268638099636e-06
32000.056 3.911319890300684e-06
32050.056 4.34862640230047e-06
32100.056 4.388110428899649e-06
32150.056 4.340624628000133e-06
32200.056 4.1839947863998966e-06
32250.056 4.016756112800136e-06
32300.056 4.283279902500117e-06
32350.056 4.502638370200517e-06
32400.056 4.145685170299989e-06
32450.056 4.035309257200305e-06
32500.056 4.330855742000199e-06
32550.056 4.646523274900141e-06
32600.056 4.520938683999749e-06
32650.056 4.458241619401056e-06
32700.056 4.261330043200088e-06
32750.056 4.454471233499991e-06
32800.056 4.165833258900604e-06
32850.056 4.732264661399754e-06
32900.056 4.566153109700146e-06
32950.056 4.131788425499902e-06
33000.056 4.420860354700226e-06
33050.056 4.466383298499595e-06
33100.056 4.583276652799052e-06
33150.056 4.559558944000344e-06
33200.056 4.3200581588005795e-06
33250.056 4.5266768377002234e-06
33300.056 4.864478754600312e-06
33350.056 4.574109868800356e-06
33400.056 4.3447109143996705e-06
33450.056 4.6851356203987334e-06
33500.056 4.5949116471002085e-06
33550.056 4.579211356299285e-06
33600.056 4.615652523700538e-06
33650.056 4.695437223500775e-06
33700.056 4.840444853399364e-06
33750.056 4.8190727327002e-06
33800.056 4.770699793199901e-06
33850.056 4.6031790728999654e-06
33900.056 5.018955155199533e-06
33950.056 4.575834178799518e-06
34000.056 4.634226758099167e-06
34050.056 4.755031675900133e-06
34100.056 4.992741678300464e-06
34150.056 4.898415085199558e-06
34200.056 4.668846053199445e-06
34250.056 5.074484934599341e-06
34300.056 4.7823411116994405e-06
34350.056 4.9833857315993855e-06
34400.056 4.680543655499514e-06
34450.056 4.706376871600046e-06
34500.056 4.803853226800875e-06
34550.056 4.738696517599805e-06
34600.056 4.868742240499942e-06
34650.056 4.880626156199835e-06
34700.056 4.688737517799579e-06
34750.056 4.993508411800273e-06
34800.056 5.103768090099638e-06
34850.056 4.726811983100037e-06
34900.056 5.014276223800429e-06
34950.056 4.883549130299143e-06
35000.056 4.800157488599566e-06
35050.056 5.123341225200549e-06
35100.056 5.0738964772991505e-06
35150.056 4.9155347123995636e-06
35200.056 5.054593847599687e-06
35250.056 4.611971502000415e-06
35300.056 4.992083117200467e-06
35350.056 5.182747399599645e-06
35400.056 4.959659461899897e-06
35450.056 4.8337035428002e-06
35500.056 5.07363947530006e-06
35550.056 4.939111958799968e-06
35600.056 4.89079142029916e-06
35650.056 5.205512882700502e-06
35700.056 4.870797956100323e-06
35750.056 4.9031063648997196e-06
35800.056 5.079005718199698e-06
35850.056 5.191205405399675e-06
35900.056 5.229122432699557e-06
35950.056 5.1333254992994515e-06
36000.056 4.774574495299516e-06
36050.056 5.226632841700179e-06
36100.056 5.403700297100088e-06
36150.056 4.953318799100291e-06
36200.056 5.264800477799534e-06
36250.056 4.971053500399304e-06
36300.056 5.502540409000765e-06
36350.056 5.359781007499346e-06
36400.056 5.172282691199824e-06
36450.056 5.454994361999675e-06
36500.056 5.153344586100324e-06
36550.056 5.045569459700452e-06
36600.056 5.113775421100469e-06
36650.056 5.257807542400504e-06
36700.056 5.4563100675001695e-06
36750.056 5.12948448440062e-06
36800.056 5.254068038899516e-06
36850.056 5.336820601799912e-06
36900.056 5.375817998300675e-06
36950.056 5.37186966930013e-06
37000.056 5.3777164394002275e-06
37050.056 5.505779188999961e-06
37100.056 5.299648344000337e-06
37150.056 5.250509096199106e-06
37200.056 5.462037503800144e-06
37250.056 5.478866973100344e-06
37300.056 5.439834189300879e-06
37350.056 5.269732243700571e-06
37400.056 5.462940013199725e-06
37450.056 5.443447888700396e-06
37500.056 5.567946607099789e-06
37550.056 5.412655609799256e-06
37600.056 5.630292583599381e-06
37650.056 5.234844003699522e-06
37700.056 5.311710596400221e-06
37750.056 5.607515670299196e-06
37800.056 5.699622550899968e-06
37850.056 5.518400804699761e-06
37900.056 5.602709066700356e-06
37950.056 5.632859512100286e-06
38000.056 5.516520294100665e-06
38050.056 5.538162240100349e-06
38100.056 5.396833212100162e-06
38150.056 5.6735124106992984e-06
38200.056 5.787051294699355e-06
38250.056 5.4956115731005664e-06
38300.056 5.416271711299921e-06
38350.056 5.615235024800031e-06
38400.056 5.635273971299844e-06
38450.056 5.58662757530054e-06
38500.056 5.548217782799757e-06
38550.056 5.585839219700409e-06
38600.056 5.898068787399758e-06
38650.056 5.338991767600197e-06
38700.056 5.430483272800558e-06
38750.056 5.694088447600015e-06
38800.056 5.550859486400732e-06
38850.056 5.627716952400232e-06
38900.056 5.418666865199965e-06
38950.056 5.610450900399607e-06
39000.056 5.5597854965001175e-06
39050.056 5.582719323999984e-06
39100.056 5.35551700119991e-06
39150.056 5.482270310200249e-06
39200.056 5.586557763200215e-06
39250.056 5.580098080599401e-06
39300.056 5.594674945699172e-06
39350.056 5.5444799639005005e-06
39400.056 5.426521285400176e-06
39450.056 5.486472282599792e-06
39500.056 5.442923359399942e-06
39550.056 5.350173694598994e-06
39600.056 5.688441277200409e-06
39650.056 5.3290301948001516e-06
39700.056 5.488801110499992e-06
39750.056 5.49295338749952e-06
39800.056 5.259626196200272e-06
39850.056 5.39177295509979e-06
39900.056 5.257526541999682e-06
39950.056 5.458369817999821e-06
40000.056 5.244469570299724e-06
40050.056 4.889152776899824e-06
40100.056 5.2255785746997915e-06
40150.056 4.932916168899144e-06
40200.056 5.156799701899706e-06
40250.056 5.126671828498687e-06
40300.056 4.8125583897003e-06
40350.056 4.9783576522000715e-06
40400.056 5.086045583199999e-06
40450.056 4.710072875901006e-06
40500.056 4.5349871894998805e-06
40550.056 5.108150001799722e-06
40600.056 4.742058342300276e-06
40650.056 4.869558816501025e-06
40700.056 5.071612064200313e-06
40750.056 4.549819583098907e-06
40800.056 4.521473945800562e-06
40850.056 4.3237567945008664e-06
40900.056 4.23794116880071e-06
40950.056 4.583878983500038e-06
41000.056 4.743659531500445e-06
41050.056 4.607425848199218e-06
41100.056 4.424500318400633e-06
41150.056 4.737835134400194e-06
41200.056 4.43674430610012e-06
41250.056 4.542031205700146e-06
41300.056 4.106133858299738e-06
41350.056 4.640201098200257e-06
41400.056 4.475843539499888e-06
41450.056 4.290497815599914e-06
41500.056 4.559172140800007e-06
41550.056 4.584724897500047e-06
41600.056 4.720298896099826e-06
41650.056 4.246518229700507e-06
41700.056 4.156302651099695e-06
41750.056 4.449419752200159e-06
41800.056 4.202635236799885e-06
41850.056 4.027182571600418e-06
41900.056 4.4463851602992956e-06
41950.056 4.173290815100325e-06
42000.056 4.414443111100228e-06
42050.056 4.099599344898833e-06
42100.056 4.451878771900343e-06
42150.056 4.036589185299511e-06
42200.056 4.066084740300111e-06
42250.056 4.3183572666999235e-06
42300.056 4.159176569700049e-06
42350.056 4.391955833900642e-06
42400.056 4.1055175434999524e-06
42450.056 3.730561561900217e-06
42500.056 3.7399062928001924e-06
42550.056 4.162124358699609e-06
42600.056 4.030165322600496e-06
42650.056 4.088597752099166e-06
42700.056 4.059300510500631e-06
42750.056 3.916920743900068e-06
42800.056 4.002010355699768e-06
42850.056 4.210618359899643e-06
42900.056 4.0743518129003575e-06
42950.056 3.6522521106986483e-06
43000.056 3.957120135199984e-06
43050.056 3.803509605101172e-06
43100.056 3.90909331769916e-06
43150.056 4.07100072420094e-06
43200.056 3.851784374199861e-06
43250.056 3.954198527701152e-06
43300.056 3.959640646300131e-06
43350.056 3.8136204302993563e-06
43400.056 3.6995463041996225e-06
43450.056 3.7663866908009144e-06
43500.056 3.6726598303990544e-06
43550.056 3.762895289099883e-06
43600.056 3.947096230799925e-06
43650.056 3.6730787048005053e-06
43700.056 3.694749627200351e-06
43750.056 3.673411004999939e-06
43800.056 3.6330029695998457e-06
43850.056 3.789774269700333e-06
43900.056 3.733072259799849e-06
43950.056 3.5612809512004064e-06
44000.056 3.394477122100192e-06
44050.056 3.4391853777000933e-06
44100.056 3.533521741900771e-06
44150.056 3.7728767474994855e-06
44200.056 3.539803515100264e-06
44250.056 3.3174213351996755e-06
44300.056 3.2822951506006373e-06
44350.056 3.3951170098000346e-06
44400.056 3.3230057764000854e-06
44450.056 3.55266395130008e-06
44500.056 3.626850426000805e-06
44550.056 3.2816246830993505e-06
44600.056 3.3709489552005067e-06
44650.056 3.4825259081000186e-06
44700.056 3.236518841800359e-06
44750.056 3.5180209682995725e-06
44800.056 3.4280168077998567e-06
44850.056 3.568413685600309e-06
44900.056 3.3965457937005026e-06
44950.056 3.1439639170000315e-06
45000.056 3.40392207560003e-06
45050.056 3.346015013999548e-06
45100.056 3.4483678682996847e-06
45150.056 3.430122782100176e-06
45200.056 3.1894267373997087e-06
45250.056 3.2418883246994428e-06
45300.056 3.186643185300059e-06
45350.056 3.4197561807993252e-06
45400.056 3.4116076293002996e-06
45450.056 3.2075636186994336e-06
45500.056 3.1403161137999702e-06
45550.056 3.3618398717993213e-06
45600.056 3.305908859499939e-06
45650.056 3.0740728513990497e-06
45700.056 3.1441164208004922e-06
45750.056 3.242680555599756e-06
45800.056 3.269789532499997e-06
45850.056 3.413266257500154e-06
45900.056 3.3850351427999184e-06
45950.056 3.099289222999935e-06
46000.056 3.3039579440000355e-06
46050.056 3.3591121322007368e-06
46100.056 3.120829394000176e-06
46150.056 3.167998237599971e-06
46200.056 3.421807117400646e-06
46250.056 3.0200379635998883e-06
46300.056 3.3830083588998104e-06
46350.056 2.9405292882997967e-06
46400.056 3.1750199759996406e-06
46450.056 3.054187110700686e-06
46500.056 3.0392017882000994e-06
46550.056 3.2699679258998006e-06
46600.056 2.993484491099651e-06
46650.056 3.459384297500059e-06
46700.056 3.2454566876007448e-06
46750.056 2.9672408254999607e-06
46800.056 3.180581630900517e-06
46850.056 3.2182760383999807e-06
46900.056 3.147965011699453e-06
46950.056 3.2346895288002e-06
47000.056 3.2363415681000565e-06
47050.056 3.1400263628997422e-06
47100.056 3.137879115500151e-06
47150.056 3.1267217890004974e-06
47200.056 3.0988387165006716e-06
47250.056 3.1503691393990558e-06
47300.056 3.011277230999149e-06
47350.056 2.9157910874995547e-06
47400.056 3.1911481919993835e-06
47450.056 3.3593625072998167e-06
47500.056 3.0037488484991712e-06
47550.056 3.1376266860992975e-06
47600.056 3.241303255399986e-06
47650.056 2.739544497499402e-06
47700.056 3.227574323700163e-06
47750.056 2.6590740078007802e-06
47800.056 3.2527878677997386e-06
47850.056 2.8614086794986784e-06
47900.056 3.292908615800122e-06
47950.056 2.7560534798007253e-06
48000.056 3.3422731282000697e-06
48050.056 2.9242008056006185e-06
48100.056 2.9081118238000908e-06
48150.056 2.8827048508003034e-06
48200.056 3.2172204604009244e-06
48250.056 2.9419152911997035e-06
48300.056 3.3666108938998324e-06
48350.056 2.680180657799457e-06
48400.056 3.2198376328999033e-06
48450.056 3.054953340800245e-06
48500.056 3.2753793475000634e-06
48550.056 2.853615405600001e-06
48600.056 3.1387192983997437e-06
48650.056 2.7457148067999743e-06
48700.056 2.9511773129000755e-06
48750.056 2.64844943350051e-06
48800.056 3.261643991900154e-06
48850.056 2.8460441063994667e-06
48900.056 3.1399307185999857e-06
48950.056 3.088133030500557e-06
49000.056 2.958715369999827e-06
49050.056 2.961314959099746e-06
49100.056 2.9604562593000065e-06
49150.056 2.9032383806001367e-06
49200.056 3.1597019886000373e-06
49250.056 2.9641263360003227e-06
49300.056 2.8524073924996954e-06
49350.056 2.6772180919000945e-06
49400.056 3.1083482224005515e-06
49450.056 2.866295215500575e-06
49500.056 2.8892569261004342e-06
49550.056 2.775431429400013e-06
49600.056 2.779796037000357e-06
49650.056 2.8140736957005838e-06
49700.056 2.549981743199686e-06
49750.056 3.1704767349993706e-06
49800.056 2.950673007899983e-06
49850.056 3.1138202588000948e-06
49900.056 2.7700937880000617e-06
49950.056 2.9527251653990294e-06
50000.056 2.7424136321994133e-06
50050.056 2.947210978800071e-06
50100.056 2.8478303228997275e-06
50150.056 2.7614910657998306e-06
50200.056 2.5502284119001135e-06
50250.056 2.575934455300203e-06
50300.056 2.678928963399466e-06
50350.056 2.750250268199946e-06
50400.056 2.7978191808001986e-06
50450.056 2.625271585200164e-06
50500.056 3.1270779956004274e-06
50550.056 2.8111923617997757e-06
50600.056 2.797718787800317e-06
50650.056 2.757952730000652e-06
50700.056 2.8467139200992726e-06
50750.056 2.729689566500277e-06
50800.056 2.596227313199969e-06
50850.056 2.695905163700341e-06
50900.056 2.6550932515999835e-06
50950.056 2.888028074600399e-06
51000.056 2.998902602900279e-06
51050.056 2.569625369700484e-06
51100.056 2.57721709609987e-06
51150.056 2.797650440200229e-06
51200.056 2.7343927637997835e-06
51250.056 2.818327423700172e-06
51300.056 2.6468883652006236e-06
51350.056 2.7612366880996988e-06
51400.056 2.6802765171993694e-06
51450.056 2.2011696836997945e-06
51500.056 2.783036241099864e-06
51550.056 2.9906238879002416e-06
51600.056 2.3874708323998564e-06
51650.056 2.7224640088996837e-06
51700.056 2.420753287599297e-06
51750.056 2.521771503200173e-06
51800.056 2.679472124899709e-06
51850.056 2.7682170271999905e-06
51900.056 2.8309153852002624e-06
51950.056 2.552997670699709e-06
52000.056 2.459143051300019e-06
52050.056 2.745518208199819e-06
52100.056 2.6889465702993634e-06
52150.056 2.6660735355004605e-06
52200.056 2.559745929900097e-06
52250.056 2.5111033198999804e-06
52300.056 2.559106877399975e-06
52350.056 2.8702409228002607e-06
52400.056 2.41835410459993e-06
52450.056 2.5773926496999957e-06
52500.056 2.6412109204991964e-06
52550.056 2.4858948086994345e-06
52600.056 2.6434959921001596e-06
52650.056 2.8944061618005368e-06
52700.056 2.607209155300082e-06
52750.056 2.214227041899813e-06
52800.056 2.4654814061003108e-06
52850.056 2.3982879351999073e-06
52900.056 2.590144902800349e-06
52950.056 2.524626800299508e-06
53000.056 2.6985822123995744e-06
53050.056 2.6465696021996773e-06
53100.056 2.3075125769994428e-06
53150.056 2.696132511000486e-06
53200.056 2.2489090913004013e-06
53250.056 2.851292881399948e-06
53300.056 2.6903035504007316e-06
53350.056 2.7731377309998623e-06
53400.056 2.4647435998001448e-06
53450.056 2.3609297138999808e-06
53500.056 2.3052935157996953e-06
53550.056 2.6851075313000473e-06
53600.056 2.597903701800393e-06
53650.056 2.4652561409007667e-06
53700.056 2.4470671134006007e-06
53750.056 2.7089964609996976e-06
