galfind/configs/Brown_Dwarf_templates/sonora_bobcat/m-0.5/10g/sp_t525g10nc_m-0.5_resample.dat
# %ECSV 1.0
# ---
# datatype:
# - {name: wav, unit: Angstrom, datatype: float64}
# - {name: flux_nu, unit: erg / (cm2 Hz s), datatype: float64}
# meta: {C/O: '1.00', Kzz: '1.0000E+05', Teff: '525.', Y: '0.28', '[Fe/H]': '-0.50', f_hole: '1.00', f_rain: '0.00', grav: '10.'}
# schema: astropy-2.0
wav flux_nu
[from data line 499]
28950.056 1.9343928625120444e-09
29000.056 1.3732273277943826e-09
29050.056 1.9587198421140587e-09
29100.056 1.2012929783884674e-09
29150.056 1.567594815314712e-09
29200.056 1.822860947782969e-09
29250.056 3.0169028871101573e-09
29300.056 1.2400201024669742e-09
29350.056 3.6288775051620694e-09
29400.056 1.892922168167778e-09
29450.056 1.7994478230640152e-09
29500.056 2.795992674945834e-09
29550.056 1.6696126728818024e-09
29600.056 2.355754628118672e-09
29650.056 3.765266104305073e-09
29700.056 1.580308573177446e-09
29750.056 3.155713245192849e-09
29800.056 2.9982185174203488e-09
29850.056 3.441953130001391e-09
29900.056 2.677689215614633e-09
29950.056 2.7959856365724253e-09
30000.056 1.2374748390826767e-10
30050.056 4.040286918239825e-10
30100.056 1.0264572498435174e-09
30150.056 2.3210390276329566e-09
30200.056 1.9432597409946134e-09
30250.056 4.202336531676323e-09
30300.056 5.294023859395535e-09
30350.056 2.569359153622812e-09
30400.056 5.2168150302866294e-09
30450.056 3.1456074852090688e-09
30500.056 3.3774282852681017e-09
30550.056 2.9697178361056116e-09
30600.056 5.6937227459019195e-09
30650.056 3.6081191796369813e-09
30700.056 2.7853261975194652e-09
30750.056 4.758519110221614e-09
30800.056 3.0417932105922304e-09
30850.056 3.5367324587384845e-09
30900.056 1.982457352418431e-09
30950.056 2.5397509288103417e-09
31000.056 2.304229266294888e-09
31050.056 2.136969273507418e-09
31100.056 1.3839303155077076e-09
31150.056 2.367413409335294e-09
31200.056 3.3291672711757765e-09
31250.056 2.391483773404045e-09
31300.056 1.634252788618941e-09
31350.056 2.412767270380799e-09
31400.056 1.776827510321649e-09
31450.056 1.8363987986245471e-09
31500.056 1.0115777889255708e-09
31550.056 1.3741089190345808e-09
31600.056 8.480615659559682e-10
31650.056 9.317345266110356e-10
31700.056 9.782974295630831e-10
31750.056 5.139716703181341e-10
31800.056 9.827404547592808e-10
31850.056 3.1638116539637034e-10
31900.056 5.723217865045002e-10
31950.056 3.5369558815280465e-10
32000.056 3.919317750689156e-10
32050.056 5.19516013668788e-10
32100.056 4.747884669011953e-10
32150.056 5.735565964954606e-10
32200.056 3.1923876121068764e-10
32250.056 7.487904943091235e-10
32300.056 3.1898407624171807e-10
32350.056 6.787681859563037e-10
32400.056 2.4699325403263225e-10
32450.056 5.912452776623948e-10
32500.056 2.9640227004292076e-10
32550.056 4.468483880128436e-10
32600.056 4.221602080876634e-10
32650.056 1.1758562676431048e-09
32700.056 5.685175677094159e-10
32750.056 1.6077328654718631e-09
32800.056 1.1375367128142531e-09
32850.056 2.043624477128655e-09
32900.056 1.9114340403325743e-09
32950.056 2.231920563761872e-09
33000.056 1.3140409321141609e-09
33050.056 1.6640073595698923e-09
33100.056 4.592986543606956e-10
33150.056 2.07852334371806e-12
33200.056 1.6114803403042594e-11
33250.056 1.1936192205515497e-11
33300.056 4.460040083656375e-11
33350.056 1.458426173789468e-10
33400.056 4.1382605359938425e-10
33450.056 4.969900869008295e-10
33500.056 1.3807032535853521e-09
33550.056 4.833118582164226e-10
33600.056 1.2609788511924352e-09
33650.056 1.1567378937562321e-09
33700.056 7.198227826386497e-10
33750.056 1.6705631690591444e-09
33800.056 4.5445868535010454e-10
33850.056 1.0646566559790735e-09
33900.056 9.798142891782087e-10
33950.056 8.391481205422999e-10
34000.056 1.5882467602227893e-09
34050.056 3.7936634261228806e-10
34100.056 1.4155900609986495e-09
34150.056 8.03038552755957e-10
34200.056 1.3908585757833471e-09
34250.056 1.0384804704203216e-09
34300.056 9.649885810842231e-10
34350.056 1.1565578370467194e-09
34400.056 6.100120253822473e-10
34450.056 1.3494926233400883e-09
34500.056 9.604083409563985e-10
34550.056 5.353620316238528e-10
34600.056 1.8149969205274575e-09
34650.056 6.54643471946076e-10
34700.056 1.587960417712108e-09
34750.056 1.1266100901616488e-09
34800.056 1.0178487003706253e-09
34850.056 1.781052330848417e-09
34900.056 1.1350716837773618e-09
34950.056 1.9017121042988124e-09
35000.056 3.6945083323222923e-09
35050.056 1.5562961188580554e-09
35100.056 3.117740118095831e-09
35150.056 2.4263851330547804e-09
35200.056 2.678599725539651e-09
35250.056 4.112434346343812e-09
35300.056 2.3392210571478038e-09
35350.056 2.6260064003292884e-09
35400.056 2.7743685629810493e-09
35450.056 1.93476351294835e-09
35500.056 5.879066399212351e-09
35550.056 4.364800821451343e-09
35600.056 3.730409727692564e-09
35650.056 3.921902695502747e-09
35700.056 3.9546598996041e-09
35750.056 5.875317505118518e-09
35800.056 6.948646751574294e-09
35850.056 2.9812965176869402e-09
35900.056 4.121108707217182e-09
35950.056 4.471695957732691e-09
36000.056 4.863827348731716e-09
36050.056 3.653991777514014e-09
36100.056 3.6826071887524285e-09
36150.056 5.52357375784158e-09
36200.056 6.064869007902749e-09
36250.056 4.9000601534411865e-09
36300.056 8.14410582306256e-09
36350.056 5.9139335807039e-09
36400.056 7.343761374584318e-09
36450.056 8.808353596546324e-09
36500.056 1.0161844962410046e-08
36550.056 1.0219530492107035e-08
36600.056 1.2425443875523345e-08
36650.056 1.0409581892412458e-08
36700.056 1.1441006967865552e-08
36750.056 1.3262851973806684e-08
36800.056 1.3714491098999491e-08
36850.056 1.012693916277532e-08
36900.056 1.467056856135755e-08
36950.056 1.4713177591960196e-08
37000.056 1.187106619081586e-08
37050.056 1.4573757839142143e-08
37100.056 1.4821311303511517e-08
37150.056 1.1660598730205627e-08
37200.056 1.6990514213163124e-08
37250.056 1.4112658833098262e-08
37300.056 1.1942387346410141e-08
37350.056 1.5989295151806747e-08
37400.056 2.3550441422591193e-08
37450.056 1.3202914073331945e-08
37500.056 1.4835974593430657e-08
37550.056 2.103665147079597e-08
37600.056 2.648380185719507e-08
37650.056 1.275747669860355e-08
37700.056 2.440431174736459e-08
37750.056 1.5791698591651263e-08
37800.056 1.6937938944629952e-08
37850.056 9.743017422468304e-09
37900.056 1.3267003898762452e-08
37950.056 2.082652795922764e-08
38000.056 2.2420164202151428e-08
38050.056 2.4589201512554308e-08
38100.056 2.673260076441015e-08
38150.056 3.004638818840076e-08
38200.056 2.9853603714357015e-08
38250.056 2.7940712488096227e-08
38300.056 4.056904959068841e-08
38350.056 4.040683131071392e-08
38400.056 2.0429984815952357e-08
38450.056 1.6780860910945916e-08
38500.056 1.0678695516022897e-08
38550.056 2.2933104386309004e-08
38600.056 2.3128905755561768e-08
38650.056 2.3424010650224437e-08
38700.056 2.132415002144144e-08
38750.056 2.399974530647897e-08
38800.056 2.360883569949932e-08
38850.056 2.4692163794530615e-08
38900.056 3.358184929302435e-08
38950.056 2.380891398255324e-08
39000.056 3.211742501860913e-08
39050.056 2.42238799095094e-08
39100.056 3.0863735026052294e-08
39150.056 3.3767653131323135e-08
39200.056 3.04540999428061e-08
39250.056 4.0464550880768345e-08
39300.056 2.8584853350343726e-08
39350.056 4.717186085590286e-08
39400.056 3.094272952754946e-08
39450.056 3.930293563361753e-08
39500.056 4.135751144414672e-08
39550.056 3.185301709001239e-08
39600.056 4.1560620666839885e-08
39650.056 4.575609098938571e-08
39700.056 4.435527836806893e-08
39750.056 3.16645571280877e-08
39800.056 3.6080821895451015e-08
39850.056 5.4952389182404253e-08
39900.056 5.7446468353805186e-08
39950.056 3.703848020426923e-08
40000.056 5.8124850540452765e-08
40050.056 5.291798743969562e-08
40100.056 3.284739895691258e-08
40150.056 5.408994786720043e-08
40200.056 5.627802266849807e-08
40250.056 6.041043291483442e-08
40300.056 5.7361625660500335e-08
40350.056 5.025455564241014e-08
40400.056 6.480814060030646e-08
40450.056 4.49708957375432e-08
40500.056 6.909749056538797e-08
40550.056 7.085199020917375e-08
40600.056 6.12834745874083e-08
40650.056 4.876161197406089e-08
40700.056 8.191585307389224e-08
40750.056 6.004980059348878e-08
40800.056 4.707325207971835e-08
40850.056 9.193837748413172e-08
40900.056 7.914794132286436e-08
40950.056 7.391396975410667e-08
41000.056 6.720864876938071e-08
41050.056 9.619973892836724e-08
41100.056 8.183430971210548e-08
41150.056 4.841107936086094e-08
41200.056 9.831383418953455e-08
41250.056 7.373569393474957e-08
41300.056 7.363210939486202e-08
41350.056 1.0050725818399218e-07
41400.056 8.976564923281296e-08
41450.056 1.071659303949788e-07
41500.056 8.01178886128168e-08
41550.056 7.829109943352749e-08
41600.056 8.360187141549489e-08
41650.056 9.789065003789874e-08
41700.056 9.91117582639564e-08
41750.056 9.301767429718065e-08
41800.056 1.0456242641782852e-07
41850.056 8.840685776773474e-08
41900.056 9.164710206261064e-08
41950.056 8.804052159891958e-08
42000.056 7.447003061681435e-08
42050.056 7.624347028946107e-08
42100.056 9.278027739049439e-08
42150.056 8.277985674090213e-08
42200.056 8.346644174350105e-08
42250.056 7.770043166839776e-08
42300.056 8.204369835644512e-08
42350.056 1.0560928764601057e-07
42400.056 1.0791159432002529e-07
42450.056 9.880547041604494e-08
42500.056 9.22766213116808e-08
42550.056 8.548679326597035e-08
42600.056 9.43319695151654e-08
42650.056 1.341525656299389e-07
42700.056 9.247939853083305e-08
42750.056 1.0009335209250447e-07
42800.056 1.2678899545902292e-07
42850.056 1.3165973533595753e-07
42900.056 1.391364939280444e-07
42950.056 1.1462772853197418e-07
43000.056 1.2570278011423808e-07
43050.056 8.113727654741941e-08
43100.056 1.0829893556197339e-07
43150.056 9.610646238661573e-08
43200.056 1.3458368276200256e-07
43250.056 1.607366217810116e-07
43300.056 1.5806351570898936e-07
43350.056 1.009163904149716e-07
43400.056 1.2826503538369355e-07
43450.056 9.829626612401288e-08
43500.056 9.398144831101739e-08
43550.056 1.0328195006303016e-07
43600.056 1.4925857053801985e-07
43650.056 1.10758447245108e-07
43700.056 1.606401921280415e-07
43750.056 1.4175716350099876e-07
43800.056 1.3482482678818456e-07
43850.056 1.1623251972300696e-07
43900.056 1.1653207937766054e-07
43950.056 7.897891782409572e-08
44000.056 7.779017295929284e-08
44050.056 1.5732636377800496e-07
44100.056 1.9367568222499742e-07
44150.056 1.7283635990300166e-07
44200.056 1.5313388284499482e-07
44250.056 1.0309474080340646e-07
44300.056 8.739318349051664e-08
44350.056 1.0061588724063794e-07
44400.056 9.487340879928902e-08
44450.056 1.4131655464097619e-07
44500.056 1.3838616802443392e-07
44550.056 1.84037005367979e-07
44600.056 1.586754006652043e-07
44650.056 1.4289541493223044e-07
44700.056 1.0055490609500337e-07
44750.056 1.502627117060392e-07
44800.056 1.146474961878923e-07
44850.056 1.4627856202941423e-07
44900.056 1.2437452444880964e-07
44950.056 1.4890867909880862e-07
45000.056 1.5750711205300406e-07
45050.056 1.491340519019838e-07
45100.056 1.366691467151945e-07
45150.056 1.391413168416063e-07
45200.056 1.1281497463340218e-07
45250.056 1.2666221934895253e-07
45300.056 1.0690181592802181e-07
45350.056 1.0316032391222498e-07
45400.056 2.0020074850002054e-07
45450.056 1.668199249060112e-07
45500.056 1.8682503175151213e-07
45550.056 1.95737225941925e-07
45600.056 1.8916737727104293e-07
45650.056 1.5253789975879823e-07
45700.056 1.1248363158799889e-07
45750.056 1.1217965939870112e-07
45800.056 2.0967109557799482e-07
45850.056 1.8381232562699228e-07
45900.056 2.0873553712198544e-07
45950.056 1.776982887799986e-07
46000.056 1.9463677811701401e-07
46050.056 1.550844915040058e-07
46100.056 2.1906953810497195e-07
46150.056 1.502128602470124e-07
46200.056 1.3586738737698936e-07
46250.056 7.233703398078573e-08
46300.056 1.5401171076059932e-07
46350.056 1.6040831262102344e-07
46400.056 1.3864955682500442e-07
46450.056 1.3088429109272498e-07
46500.056 1.539078376829412e-07
46550.056 9.768529684610678e-08
46600.056 1.3543089866098475e-07
46650.056 1.9032539169401265e-07
46700.056 1.327345857729645e-07
46750.056 8.745148061218794e-08
46800.056 6.171676205902911e-08
46850.056 1.9239454889603523e-07
46900.056 1.7118997345799351e-07
46950.056 1.6979160694098835e-07
47000.056 1.6839126708203168e-07
47050.056 1.339179271497296e-07
47100.056 9.782342575126585e-08
47150.056 1.3252629576361896e-07
47200.056 1.5722528481299496e-07
47250.056 1.0819869195999225e-07
47300.056 7.461613344370096e-08
47350.056 1.8852071353398748e-07
47400.056 1.5540577632298784e-07
47450.056 1.5328775998884857e-07
47500.056 1.8219539548257526e-07
47550.056 1.6092667461001235e-07
47600.056 1.5752188415649784e-07
47650.056 1.578927322349075e-07
47700.056 1.3327198808367525e-07
47750.056 1.028548555988045e-07
47800.056 9.627503171000868e-08
47850.056 5.9526647588710964e-08
47900.056 8.462469040388411e-08
47950.056 1.4027733443041415e-07
48000.056 1.8980676047003494e-07
48050.056 1.700112167900034e-07
48100.056 8.472373032321064e-08
48150.056 1.3957614935900252e-07
48200.056 1.0432690328600098e-07
48250.056 1.1774731789200336e-07
48300.056 1.7246637274096513e-07
48350.056 1.1170727720500549e-07
48400.056 4.6720309923788075e-08
48450.056 9.132860646970737e-08
48500.056 1.2864918170797192e-07
48550.056 1.2482318822341158e-07
48600.056 1.3693098225599968e-07
48650.056 1.6203852212897956e-07
48700.056 1.2057584428120652e-07
48750.056 8.385550680524618e-08
48800.056 1.6161523083699595e-07
48850.056 9.795010688398263e-08
48900.056 1.4221113298934333e-07
48950.056 8.800042804000806e-08
49000.056 4.572512425147312e-08
49050.056 1.1826885026798399e-07
49100.056 1.4269759770392603e-07
49150.056 1.0923416154858823e-07
49200.056 1.6198459823703307e-07
49250.056 1.546258926700227e-07
49300.056 1.3649594522200026e-07
49350.056 6.562599604578214e-08
49400.056 9.190196989877708e-08
49450.056 9.652533602718048e-08
49500.056 7.614300185769353e-08
49550.056 2.5866927262662894e-08
49600.056 5.967023786058533e-08
49650.056 1.0116521605299619e-07
49700.056 1.0010357384936208e-07
49750.056 1.0921528510578894e-07
49800.056 8.140833985178362e-08
49850.056 1.3960299807303576e-07
49900.056 1.1004842677898411e-07
49950.056 1.1139938093640578e-07
50000.056 9.445983621797538e-08
50050.056 1.1367711964300121e-07
50100.056 8.985269530339871e-08
50150.056 5.3239461382688985e-08
50200.056 1.4739505597384926e-08
50250.056 6.901353556699192e-08
50300.056 4.662556529380656e-08
50350.056 1.078319128181117e-07
50400.056 9.971341821198878e-08
50450.056 7.968341806260593e-08
50500.056 1.1021554394451382e-07
50550.056 9.726825494100995e-08
50600.056 7.474812919798158e-08
50650.056 1.1645840456802008e-07
50700.056 1.1809081701195942e-07
50750.056 8.426844596681205e-08
50800.056 3.925336794441322e-08
50850.056 2.7394551984692746e-08
50900.056 1.0036851766799881e-07
50950.056 7.94241635640031e-08
51000.056 7.37957291010755e-08
51050.056 9.229210495599161e-08
51100.056 4.189004957391384e-08
51150.056 5.48594070194438e-08
51200.056 1.1839261507299615e-07
51250.056 7.680638662704691e-08
51300.056 6.197086422923162e-08
51350.056 6.066649155041288e-08
51400.056 2.7971985389231977e-08
51450.056 2.2244026920643845e-08
51500.056 2.2626957036639956e-08
51550.056 7.099761569888766e-08
51600.056 5.1294791402615585e-08
51650.056 5.9441883685985974e-08
51700.056 6.511527080793746e-08
51750.056 4.561388914435987e-08
51800.056 7.194330114699037e-08
51850.056 6.19604992404929e-08
51900.056 8.66092511879906e-08
51950.056 5.7183887988992623e-08
52000.056 1.0238703663796409e-08
52050.056 3.645045077970514e-08
52100.056 2.467007917479819e-08
52150.056 1.6630282121665375e-08
52200.056 3.1412794299250386e-08
52250.056 4.3063097488415524e-08
52300.056 6.184743198219642e-08
52350.056 3.112942319224226e-08
52400.056 2.707932024276302e-08
52450.056 7.176040334000535e-08
52500.056 5.7478632888184915e-08
52550.056 5.965001510579268e-08
52600.056 4.565237335519855e-08
52650.056 5.405086931720646e-08
52700.056 4.285146855379891e-08
52750.056 2.181898727384705e-08
52800.056 3.419338872470357e-08
52850.056 3.774773652038889e-08
52900.056 2.3596579992355125e-08
52950.056 3.159357695142281e-08
53000.056 4.641922798881259e-08
53050.056 2.091049936540473e-08
53100.056 4.641122270178734e-08
53150.056 5.3281466053203405e-08
53200.056 2.5862598674648622e-08
53250.056 5.2118280489604155e-08
53300.056 6.31765975749094e-08
53350.056 4.814555113388242e-08
53400.056 3.459306140799044e-08
53450.056 1.6352746035095115e-08
53500.056 4.372310826250793e-09
