galfind/configs/Brown_Dwarf_templates/sonora_bobcat/m-0.5/10g/sp_t700g10nc_m-0.5_resample.dat
# %ECSV 1.0
# ---
# datatype:
# - {name: wav, unit: Angstrom, datatype: float64}
# - {name: flux_nu, unit: erg / (cm2 Hz s), datatype: float64}
# meta: {C/O: '1.00', Kzz: '1.0000E+05', Teff: '700.', Y: '0.28', '[Fe/H]': '-0.50', f_hole: '1.00', f_rain: '0.00', grav: '10.'}
# schema: astropy-2.0
wav flux_nu
4000.0559999999996 nan
4050.0559999999996 9.906622586015542e-15
4100.056 6.059127073759623e-13
4150.056 2.474293533280192e-12
4200.056 2.136933726950619e-12
4250.056 5.7777610006707594e-12
4300.056 8.135171147500628e-12
4350.056 9.508290668300623e-12
4400.056 1.2252419025000604e-11
4450.056 1.459460254990004e-11
4500.056 1.5267699030501008e-11
4550.056 1.801679231206131e-11
4600.056 1.9714265136432074e-11
4650.056 1.7404803523198703e-11
4700.056 1.5438982729399826e-11
4750.056 7.61198929999997e-12
4800.056 2.301840194699966e-12
4850.056 5.750597668899929e-13
4900.056 1.8637158399999852e-13
4950.056 6.329504481999923e-14
5000.056 1.640022944619976e-14
5050.056 5.673547989200024e-15
5100.056 4.714113924900011e-15
5150.056 4.383449559999969e-15
5200.056 4.179839791999992e-15
5250.056 4.0861333180999924e-15
5300.056 4.076941096900001e-15
5350.056 4.1625446914000024e-15
5400.056 4.348348076899988e-15
5450.056 4.521292696299973e-15
5500.056 4.664422507299999e-15
5550.056 4.779213803600002e-15
5600.056 4.84756625789999e-15
5650.056 4.8058833100000096e-15
5700.056 4.6122255419000035e-15
5750.056 4.063636371699989e-15
5800.056 3.199125291099987e-15
5850.056 1.8855155736499714e-15
5900.056 4.807563261166522e-16
5950.056 4.226553688000085e-15
6000.056 1.0983816926900087e-14
6050.056 2.218208793600019e-14
6100.056 3.899731475600018e-14
6150.056 6.384383903800034e-14
6200.056 1.0086325384400052e-13
6250.056 1.565548727200005e-13
6300.056 2.384736029200016e-13
6350.056 3.609570568200026e-13
6400.056 5.453119258000021e-13
6450.056 8.09882095319986e-13
6500.056 1.2310792463099976e-12
6550.056 1.8784622528400044e-12
6600.056 2.8953206535000667e-12
6650.056 4.466731566200039e-12
6700.056 5.933186518718055e-12
6750.056 1.0131270432600062e-11
6800.056 1.4019037302000088e-11
6850.056 1.660764059500004e-11
6900.056 1.581667269870029e-11
6950.056 1.3826213833499863e-11
7000.056 1.3990826214300234e-11
7050.056 1.528428300149971e-11
7100.056 1.6902625380699858e-11
7150.056 1.6671546895699653e-11
7200.056 1.586771174816543e-11
7250.056 1.503657870451885e-11
7300.056 1.3489423526862009e-11
7350.056 1.2062036664323608e-11
7400.056 1.078985049660038e-11
7450.056 9.374550209700218e-12
7500.056 7.879999842799961e-12
7550.056 6.219347032199967e-12
7600.056 4.651550213899962e-12
7650.056 1.0394807245124392e-12
7700.056 5.491357692614345e-13
7750.056 4.3254692582001e-12
7800.056 8.295847330364144e-12
7850.056 1.6803438145000012e-11
7900.056 2.7060615785199908e-11
7950.056 3.4209631970610517e-11
8000.056 6.436302517600103e-11
8050.056 9.431633379400339e-11
8100.056 1.2489112060610183e-10
8150.056 1.6884260273221053e-10
8200.056 2.463394685718457e-10
8250.056 3.2194344937992255e-10
8300.056 4.280226472892493e-10
8350.056 5.330801537048686e-10
8400.056 6.755252136291366e-10
8450.056 8.80972587679957e-10
8500.056 9.906998034017015e-10
8550.056 1.3496491301800243e-09
8600.056 1.7640097474000207e-09
8650.056 2.141317627900056e-09
8700.056 2.521177006799986e-09
8750.056 2.9856532925000263e-09
8800.056 3.3845100825000755e-09
8850.056 3.404895991999892e-09
8900.056 2.0661294458778062e-09
8950.056 2.2513629593054453e-09
9000.056 2.290378031017293e-09
9050.056 4.45367261119916e-09
9100.056 5.3989619171660064e-09
9150.056 5.819296541610352e-09
9200.056 7.49230218981716e-09
9250.056 7.585211927004136e-09
9300.056 3.229908370625202e-09
9350.056 3.760326771108515e-09
9400.056 5.216034623741538e-09
9450.056 6.5909250196797e-09
9500.056 6.172053446456377e-09
9550.056 7.194373434705648e-09
9600.056 6.9319117594285384e-09
9650.056 8.160963167486188e-09
9700.056 9.994349486979015e-09
9750.056 1.0233839019286901e-08
9800.056 1.1229717402090584e-08
9850.056 1.261567610763715e-08
9900.056 1.4998726301860145e-08
9950.056 1.490157590780196e-08
10000.056 1.4028307095087108e-08
10050.056 1.855596763680077e-08
10100.056 2.2857576597396098e-08
10150.056 2.6028429555796657e-08
10200.056 2.9873520566200695e-08
10250.056 3.415500189380204e-08
10300.056 3.997655316739767e-08
10350.056 4.515139082400004e-08
10400.056 5.411001014899916e-08
10450.056 5.976804088299172e-08
10500.056 6.368683143399999e-08
10550.056 6.80701651470024e-08
10600.056 7.121596929999611e-08
10650.056 7.58555272316021e-08
10700.056 7.661878770363435e-08
10750.056 7.931637604498275e-08
10800.056 7.884330928628222e-08
10850.056 7.358574651931569e-08
10900.056 5.460926377274813e-08
10950.056 3.028626388317254e-08
11000.056 2.4474965099341938e-08
11050.056 1.805057643597027e-08
11100.056 1.2445786817374298e-08
11150.056 6.784523321436645e-09
11200.056 5.320505458108535e-09
11250.056 6.191754256911956e-09
11300.056 7.626907564811028e-09
11350.056 3.4045228812558154e-09
11400.056 6.047641479950893e-09
11450.056 4.984928883965315e-09
11500.056 3.3560558248997958e-09
11550.056 1.1136045355589545e-09
11600.056 1.352077672358234e-09
11650.056 3.072052980781847e-09
11700.056 3.2025111708766224e-09
11750.056 6.747096878089351e-10
11800.056 3.4023503008073415e-09
11850.056 6.026357485151333e-09
11900.056 7.234415303115917e-09
11950.056 1.0794894930345747e-08
12000.056 1.5978688840485393e-08
12050.056 2.271114437040564e-08
12100.056 3.1950039411072925e-08
12150.056 4.344974095285557e-08
12200.056 5.300556962520497e-08
12250.056 6.729075699249698e-08
12300.056 8.394244274828419e-08
12350.056 8.876527529775018e-08
12400.056 1.0918768147719368e-07
12450.056 1.2103535163341092e-07
12500.056 1.3191862059750573e-07
12550.056 1.4348900758820993e-07
12600.056 1.6115699266271023e-07
12650.056 1.5958337533239645e-07
12700.056 1.6150205594072644e-07
12750.056 1.5004290867349334e-07
12800.056 1.4236023434346902e-07
12850.056 1.1602258754809184e-07
12900.056 9.758381178552305e-08
12950.056 9.118582670609051e-08
13000.056 8.121767979347773e-08
13050.056 6.464051036358697e-08
13100.056 5.714239260112162e-08
13150.056 4.315400687353143e-08
13200.056 3.625732533787918e-08
13250.056 2.7143030907868964e-08
13300.056 1.200869075655656e-08
13350.056 3.9261791081896165e-09
13400.056 3.0516239844792895e-09
13450.056 1.4863026812749625e-09
13500.056 9.264285335807803e-10
13550.056 5.898213629103174e-10
13600.056 2.0746106489662834e-10
13650.056 6.719185856154629e-10
13700.056 5.373197624571023e-10
13750.056 4.975097774730225e-10
13800.056 4.859292953323084e-10
13850.056 3.8511541625161325e-10
13900.056 4.3714889713283715e-10
13950.056 3.5153076530393125e-10
14000.056 3.745648050816689e-10
14050.056 5.121782076400014e-10
14100.056 5.775212661055759e-10
14150.056 8.714726301431063e-10
14200.056 6.775298696449351e-10
14250.056 8.526758445561931e-10
14300.056 1.4087430402381403e-09
14350.056 1.5762541133023684e-09
14400.056 1.8820110354740435e-09
14450.056 2.225534282965281e-09
14500.056 4.051142339584043e-09
14550.056 4.805691615457384e-09
14600.056 5.936198570856174e-09
14650.056 5.681844256556952e-09
14700.056 4.235375862318945e-09
14750.056 4.346402900910801e-09
14800.056 6.7312725341074195e-09
14850.056 8.016772587205405e-09
14900.056 8.525345676373175e-09
14950.056 8.994488043950805e-09
15000.056 1.2218696786174676e-08
15050.056 1.2301345465251792e-08
15100.056 1.2293782189842458e-08
15150.056 1.333407563954471e-08
15200.056 1.5980646448400544e-08
15250.056 2.2491172622351593e-08
15300.056 2.6370712350078313e-08
15350.056 3.030496311283071e-08
15400.056 3.610175890971067e-08
15450.056 4.142783774163482e-08
15500.056 4.474748028397861e-08
15550.056 5.30305681329081e-08
15600.056 5.795093695629157e-08
15650.056 6.497336797639986e-08
15700.056 7.592175005382205e-08
15750.056 8.128404046489111e-08
15800.056 8.146075452051403e-08
15850.056 8.470062796480901e-08
15900.056 7.360466168670146e-08
15950.056 6.462251651198597e-08
16000.056 4.695052132500621e-08
16050.056 2.7751875747598346e-08
16100.056 1.830478652886776e-08
16150.056 1.1217168854309191e-08
16200.056 6.891685074307708e-09
16250.056 5.338545449632505e-09
16300.056 3.819383988358475e-09
16350.056 4.255271789310032e-09
16400.056 5.3003518902775854e-09
16450.056 5.347160268106714e-09
16500.056 5.299605183200694e-09
16550.056 5.4122831706153385e-09
16600.056 5.497408782910075e-09
16650.056 4.456928529190184e-09
16700.056 1.1446461211808872e-09
16750.056 2.0269979709868897e-09
16800.056 3.6306761494772518e-09
16850.056 4.277620084245063e-09
16900.056 2.9240147051131255e-09
16950.056 2.02625065249633e-09
17000.056 1.3871429449682404e-09
17050.056 2.42887079681898e-09
17100.056 3.5302197629258317e-09
17150.056 2.2756590357332513e-09
17200.056 4.82744539244745e-09
17250.056 4.121480550416844e-09
17300.056 2.7198062344197715e-09
17350.056 2.5928911211030517e-09
17400.056 3.4372862394478144e-09
17450.056 4.5511942201676365e-09
17500.056 5.722484170596545e-09
17550.056 5.521863397399704e-09
17600.056 4.524693379256878e-09
17650.056 4.570876932494749e-09
17700.056 3.404189632443907e-09
17750.056 3.5769258095984023e-09
17800.056 6.215943108297193e-09
17850.056 4.108560072560467e-09
17900.056 3.2456842854407966e-09
17950.056 2.8517505303399223e-09
18000.056 3.6617160010567985e-09
18050.056 4.0211667909927835e-09
18100.056 4.722959235893033e-09
18150.056 5.493299003488068e-09
18200.056 3.755373663116109e-09
18250.056 7.56822693309481e-09
18300.056 4.7257010977586824e-09
18350.056 3.747822439680208e-09
18400.056 3.6598112964357577e-09
18450.056 5.436439574386426e-09
18500.056 5.772283320379258e-09
18550.056 4.5573393138630695e-09
18600.056 4.492369148620897e-09
18650.056 4.246791537109593e-09
18700.056 3.2293870492432613e-09
18750.056 4.898125133292211e-09
18800.056 8.510407556962472e-09
18850.056 9.281791708809094e-09
18900.056 8.846787151477305e-09
18950.056 1.1699339961971698e-08
19000.056 7.89690033545887e-09
19050.056 5.641351828514365e-09
19100.056 8.771177384214523e-09
19150.056 6.294419551011935e-09
19200.056 7.305451036767606e-09
19250.056 5.882562316681698e-09
19300.056 5.166297566627614e-09
19350.056 4.388553520045794e-09
19400.056 3.739289243301173e-09
19450.056 6.124508455936951e-09
19500.056 5.302872404946107e-09
19550.056 4.397466227577525e-09
19600.056 6.874464439731586e-09
19650.056 6.632872422196543e-09
19700.056 7.111634123697278e-09
19750.056 8.711397748627738e-09
19800.056 8.147724949746387e-09
19850.056 1.0572891447068211e-08
19900.056 9.46022816751033e-09
19950.056 1.3363608191727523e-08
20000.056 1.347657796816772e-08
20050.056 1.3288596324429206e-08
20100.056 1.732248505536017e-08
20150.056 1.3840750121114028e-08
20200.056 1.4130832596253974e-08
20250.056 1.817513676647417e-08
20300.056 1.9046246375557507e-08
20350.056 2.053160267820807e-08
20400.056 1.972495177955071e-08
20450.056 2.383601617763778e-08
20500.056 2.6198465738297495e-08
20550.056 2.658974300250456e-08
20600.056 2.8149637752858432e-08
20650.056 2.998170151292418e-08
20700.056 3.120768330318894e-08
20750.056 3.266718694942772e-08
20800.056 3.239649127519435e-08
20850.056 3.263988566880177e-08
20900.056 3.363926748616927e-08
20950.056 3.184117474809959e-08
21000.056 3.053142042781048e-08
21050.056 3.063060502179433e-08
21100.056 2.8611320282803923e-08
21150.056 2.8598916310594713e-08
21200.056 2.6259484422343114e-08
21250.056 2.4296525194236755e-08
21300.056 2.079845237030139e-08
21350.056 2.0773352239455523e-08
21400.056 1.9597312314322935e-08
21450.056 1.7259486346804573e-08
21500.056 1.5704448327150376e-08
21550.056 1.413594589980364e-08
21600.056 1.2096891118455457e-08
21650.056 1.0055576755527407e-08
21700.056 9.949292509458417e-09
21750.056 9.038034209208217e-09
21800.056 7.66945641679835e-09
21850.056 7.198929840181693e-09
21900.056 5.140758500404994e-09
21950.056 2.8261646739157394e-09
22000.056 1.046986764331275e-09
22050.056 7.249772121679431e-10
22100.056 1.554187867067808e-09
22150.056 2.285211686560961e-09
22200.056 2.5289128643106624e-09
22250.056 2.024724719541375e-09
22300.056 1.5330424033653064e-09
22350.056 1.6042929032825225e-09
22400.056 9.850102877457123e-10
22450.056 9.794737008673531e-10
22500.056 8.136292997357659e-10
22550.056 6.527527979016433e-10
22600.056 6.394299411917036e-10
22650.056 7.993366883786206e-10
22700.056 6.376263690911156e-10
22750.056 6.733698700081665e-10
22800.056 6.340064072484259e-10
22850.056 5.401106051298107e-10
22900.056 4.3182349407590553e-10
22950.056 4.151423569935653e-10
23000.056 5.754290392461908e-10
23050.056 7.466390211469441e-10
23100.056 1.6579315072340679e-09
23150.056 1.8261452360993198e-09
23200.056 3.2259336145034855e-10
23250.056 4.5861786007553456e-10
23300.056 4.536203275701331e-10
23350.056 5.224774107363442e-10
23400.056 5.807789017702172e-10
23450.056 5.000122125212402e-10
23500.056 5.40012925825461e-10
23550.056 7.563959020359034e-10
23600.056 8.663395454648192e-10
23650.056 1.3288963517831248e-09
23700.056 6.562900665404162e-10
23750.056 5.002411338737633e-10
23800.056 8.011489603503763e-10
23850.056 8.317902559356416e-10
23900.056 1.369458977835938e-09
23950.056 1.3734606854887378e-09
24000.056 1.6942285606082044e-09
24050.056 2.2568117110255743e-09
24100.056 2.1156033960307902e-09
24150.056 2.583331047671362e-09
24200.056 2.281814516760869e-09
24250.056 1.936791613063013e-09
24300.056 2.5528325423936075e-09
24350.056 2.2719047081720236e-09
24400.056 3.386884365598386e-09
24450.056 3.5542638729266326e-09
24500.056 3.6353944448434375e-09
24550.056 4.611896738163635e-09
24600.056 4.683500688849983e-09
24650.056 6.200143661285195e-09
24700.056 4.537982689818531e-09
24750.056 5.450719911982338e-09
24800.056 5.626706758627163e-09
24850.056 7.636699380660604e-09
24900.056 4.93824019747186e-09
24950.056 8.398062084778813e-09
25000.056 7.994461411524026e-09
25050.056 6.102362014276412e-09
25100.056 8.459562000712334e-09
25150.056 5.499278378315943e-09
25200.056 7.659415525598607e-09
25250.056 4.9465684201943624e-09
25300.056 7.492983879906059e-09
25350.056 4.255452032044415e-09
25400.056 8.084287733430072e-09
25450.056 4.127347065597737e-09
25500.056 4.0627368335992255e-09
25550.056 5.183241032011215e-09
25600.056 3.631717547773939e-09
25650.056 2.7289399948711025e-09
25700.056 4.923132502185251e-09
25750.056 1.969486391125349e-09
25800.056 5.165317768551951e-09
25850.056 2.1361983173661954e-09
25900.056 2.9171946987874295e-09
25950.056 1.5147099357311702e-09
26000.056 5.472333768792592e-09
26050.056 2.3908627999033777e-09
26100.056 4.822321551818259e-09
26150.056 3.407318812707713e-09
26200.056 4.277528217826384e-09
26250.056 8.326572439648952e-09
26300.056 4.737007700559061e-09
26350.056 1.0450650711013412e-08
26400.056 1.0679563179811987e-08
26450.056 1.1930757938085918e-08
26500.056 1.3896982454991073e-08
26550.056 6.118905433682739e-09
26600.056 8.628918301499494e-09
26650.056 3.2156433018830433e-09
26700.056 2.8526678685691046e-09
26750.056 2.063407275202145e-09
26800.056 4.121147266367389e-09
26850.056 2.293599892588387e-09
26900.056 6.362374020339805e-09
26950.056 3.0010374866009908e-09
27000.056 9.338327746634214e-09
27050.056 7.650072887720963e-09
27100.056 4.147588739565936e-09
27150.056 1.13631664435642e-08
27200.056 4.397080671025743e-09
27250.056 6.6736454715975015e-09
27300.056 1.8221319635858148e-08
27350.056 1.1697902082047992e-08
27400.056 2.278426846083636e-09
27450.056 1.459632752538682e-08
27500.056 1.4086847683048239e-08
27550.056 5.111029823992924e-09
27600.056 1.0029542827008838e-08
27650.056 4.248054512388945e-09
27700.056 3.3120259357995912e-09
27750.056 1.1122464390253802e-08
27800.056 4.034814366681443e-09
27850.056 5.8000443372146215e-09
27900.056 5.949572777155296e-09
27950.056 1.2033257874748241e-08
28000.056 9.792561555895899e-09
28050.056 2.5394987107949115e-09
28100.056 1.0654437677823717e-08
28150.056 7.374382341677942e-09
28200.056 3.344797372871575e-09
28250.056 1.199915045819703e-08
28300.056 1.4022971184395347e-08
28350.056 4.688505876870155e-09
28400.056 9.4355450029389e-09
28450.056 1.2841261874858295e-08
28500.056 9.655091637957178e-09
28550.056 3.4297033401675713e-09
28600.056 1.5036771801056228e-08
28650.056 1.183127494827283e-08
28700.056 1.1720460927244874e-08
28750.056 1.7460909670638122e-08
28800.056 1.1853114074672453e-08
28850.056 1.568324164809075e-08
