galfind/configs/Brown_Dwarf_templates/sonora_bobcat/m-0.5/10g/sp_t500g10nc_m-0.5_resample.dat
# %ECSV 1.0
# ---
# datatype:
# - {name: wav, unit: Angstrom, datatype: float64}
# - {name: flux_nu, unit: erg / (cm2 Hz s), datatype: float64}
# meta: {C/O: '1.00', Kzz: '1.0000E+05', Teff: '500.', Y: '0.28', '[Fe/H]': '-0.50', f_hole: '1.00', f_rain: '0.00', grav: '10.'}
# schema: astropy-2.0
wav flux_nu
[from data line 498]
28900.056 7.425082134262912e-10
28950.056 1.2824753952944206e-09
29000.056 8.978176226057172e-10
29050.056 1.3068345394660976e-09
29100.056 7.886958421950816e-10
29150.056 1.0058306598588078e-09
29200.056 1.2571481271821723e-09
29250.056 2.0406883724229835e-09
29300.056 8.472873349137699e-10
29350.056 2.4296670500772746e-09
29400.056 1.2754740836078815e-09
29450.056 1.1583380371447697e-09
29500.056 1.952998367814453e-09
29550.056 1.0924433916412318e-09
29600.056 1.5532951503672627e-09
29650.056 2.646274790231201e-09
29700.056 1.0441916756715913e-09
29750.056 2.1602136001703502e-09
29800.056 2.0182661512536964e-09
29850.056 2.359058234600974e-09
29900.056 1.7628242160623158e-09
29950.056 1.912434450013105e-09
30000.056 7.219010034560316e-11
30050.056 2.5877575515936076e-10
30100.056 7.055242485974875e-10
30150.056 1.6458645692856868e-09
30200.056 1.3664443918198096e-09
30250.056 2.926485898385534e-09
30300.056 3.8047703177624385e-09
30350.056 1.7152219067323808e-09
30400.056 3.6657423286418005e-09
30450.056 2.2352307291526867e-09
30500.056 2.366205257600077e-09
30550.056 2.0473523838921245e-09
30600.056 4.318993017720533e-09
30650.056 2.6657987446202734e-09
30700.056 2.005517743104801e-09
30750.056 3.5396388666215827e-09
30800.056 2.2574039362899604e-09
30850.056 2.651904977213785e-09
30900.056 1.4623958567385524e-09
30950.056 1.8564275369035445e-09
31000.056 1.7373597291292374e-09
31050.056 1.5621167884921518e-09
31100.056 9.921543182851714e-10
31150.056 1.7356526548345281e-09
31200.056 2.6051694018427225e-09
31250.056 1.8551433435053336e-09
31300.056 1.2419295727011356e-09
31350.056 1.90691947734745e-09
31400.056 1.3877894276797004e-09
31450.056 1.4356346318252965e-09
31500.056 7.562359843242277e-10
31550.056 1.0520947081636923e-09
31600.056 6.510032861463651e-10
31650.056 7.124370997294645e-10
31700.056 7.414001724770135e-10
31750.056 3.8011620155934723e-10
31800.056 7.415882068957303e-10
31850.056 2.180500887684091e-10
31900.056 4.1710118268651163e-10
31950.056 2.584646337145477e-10
32000.056 2.7068014891565285e-10
32050.056 3.736686884147734e-10
32100.056 3.3848173105876663e-10
32150.056 4.0961466025853563e-10
32200.056 2.1977112535609777e-10
32250.056 5.381147478935787e-10
32300.056 2.1660379905869507e-10
32350.056 4.833861909931421e-10
32400.056 1.6024743085155084e-10
32450.056 4.1376114999674916e-10
32500.056 1.9398372905753068e-10
32550.056 3.1226430376055357e-10
32600.056 2.7149508723628844e-10
32650.056 8.397034586631921e-10
32700.056 3.7233146470849205e-10
32750.056 1.1937663698196745e-09
32800.056 8.084010897443151e-10
32850.056 1.5679009268987015e-09
32900.056 1.4368316726910877e-09
32950.056 1.6780879406960792e-09
33000.056 9.199654634072976e-10
33050.056 1.208749618032281e-09
33100.056 3.17517998773626e-10
33150.056 9.421500582649787e-13
33200.056 9.830756646133241e-12
33250.056 7.747488924457083e-12
33300.056 3.315785778657616e-11
33350.056 1.104023471462865e-10
33400.056 3.3389156889555893e-10
33450.056 3.757484919615448e-10
33500.056 1.0862555828612675e-09
33550.056 3.443231131230979e-10
33600.056 9.26587762836279e-10
33650.056 8.440132923373448e-10
33700.056 4.945119738850533e-10
33750.056 1.2316633272663697e-09
33800.056 2.896407645850163e-10
33850.056 7.510038248948038e-10
33900.056 7.088866813406733e-10
33950.056 5.913052438490486e-10
34000.056 1.16881944316492e-09
34050.056 2.6067715725303114e-10
34100.056 1.0372167255696988e-09
34150.056 5.683220943962857e-10
34200.056 1.0508539415569451e-09
34250.056 7.560781316258845e-10
34300.056 7.118180579907545e-10
34350.056 9.018580953743466e-10
34400.056 4.451149572485311e-10
34450.056 1.0308608756537475e-09
34500.056 7.018916232476586e-10
34550.056 3.9063754728727643e-10
34600.056 1.4087690739423867e-09
34650.056 4.663124179639177e-10
34700.056 1.2160081808217338e-09
34750.056 8.374678229386632e-10
34800.056 7.665759128668612e-10
34850.056 1.415322287427177e-09
34900.056 8.176880494946136e-10
34950.056 1.476287280534029e-09
35000.056 2.9014667872511836e-09
35050.056 1.2146204600221352e-09
35100.056 2.5004911671030956e-09
35150.056 1.9252472567382585e-09
35200.056 2.0952008222113593e-09
35250.056 3.2650413124670397e-09
35300.056 1.8027749147996577e-09
35350.056 2.044287135825202e-09
35400.056 2.0836671375499996e-09
35450.056 1.4996929742425008e-09
35500.056 4.704974444929462e-09
35550.056 3.3721953026912976e-09
35600.056 2.9553766736209923e-09
35650.056 3.0487968275444935e-09
35700.056 3.145834041513805e-09
35750.056 4.677297254737093e-09
35800.056 5.407407270708292e-09
35850.056 2.2453936044389144e-09
35900.056 3.1008597741479638e-09
35950.056 3.4163306966148284e-09
36000.056 3.812088644412531e-09
36050.056 2.813967527577608e-09
36100.056 2.797257337904802e-09
36150.056 4.401893845076082e-09
36200.056 4.829858634307222e-09
36250.056 3.827080117847353e-09
36300.056 6.616593604513155e-09
36350.056 4.639285895318936e-09
36400.056 5.989515927236611e-09
36450.056 7.087874120680749e-09
36500.056 8.165741686054946e-09
36550.056 8.396259496235325e-09
36600.056 1.0071591159591906e-08
36650.056 8.295314627651616e-09
36700.056 9.121944714195104e-09
36750.056 1.064911421169249e-08
36800.056 1.1150550363579369e-08
36850.056 7.903114465217015e-09
36900.056 1.1880621255466269e-08
36950.056 1.1838283070594883e-08
37000.056 9.378664769310577e-09
37050.056 1.1890657046088537e-08
37100.056 1.1753012724014747e-08
37150.056 9.268332306544674e-09
37200.056 1.3876551689964271e-08
37250.056 1.1125161223194714e-08
37300.056 9.325160747798697e-09
37350.056 1.2990613850504963e-08
37400.056 1.905089648561319e-08
37450.056 1.0263102097489466e-08
37500.056 1.1851629905967495e-08
37550.056 1.7209841944264917e-08
37600.056 2.2058525452852265e-08
37650.056 1.0108554605601758e-08
37700.056 1.961211661723601e-08
37750.056 1.2602855126071388e-08
37800.056 1.34654077858176e-08
37850.056 7.583502239407636e-09
37900.056 1.0431598257520803e-08
37950.056 1.6942171599331627e-08
38000.056 1.792847933114847e-08
38050.056 2.024695579555218e-08
38100.056 2.222164831744127e-08
38150.056 2.4761587286160537e-08
38200.056 2.4216787865050386e-08
38250.056 2.3034509261905062e-08
38300.056 3.3520269048149894e-08
38350.056 3.33717441709325e-08
38400.056 1.6449041859156907e-08
38450.056 1.2781765783633105e-08
38500.056 8.039104650642904e-09
38550.056 1.8295674242326848e-08
38600.056 1.8369650038439777e-08
38650.056 1.9021202630185637e-08
38700.056 1.6711588387004264e-08
38750.056 1.8949572037110697e-08
38800.056 1.8928318671045644e-08
38850.056 1.9881373881904097e-08
38900.056 2.695735686690262e-08
38950.056 1.8789585690953132e-08
39000.056 2.6299716822051215e-08
39050.056 1.9117531690098553e-08
39100.056 2.4993833334496112e-08
39150.056 2.780704783649134e-08
39200.056 2.4375640705465324e-08
39250.056 3.327299119074939e-08
39300.056 2.3097535456927202e-08
39350.056 3.90191407387219e-08
39400.056 2.4782329974869054e-08
39450.056 3.225428310404724e-08
39500.056 3.394843510676354e-08
39550.056 2.4856314361002135e-08
39600.056 3.382219748813853e-08
39650.056 3.7691610092007974e-08
39700.056 3.639921572368728e-08
39750.056 2.5239088209971613e-08
39800.056 2.8690584637601138e-08
39850.056 4.52202969202041e-08
39900.056 4.7947579831904146e-08
39950.056 2.941428865337205e-08
40000.056 4.704484657347126e-08
40050.056 4.3652275331696386e-08
40100.056 2.5653560007166764e-08
40150.056 4.439892097734924e-08
40200.056 4.612934953356204e-08
40250.056 4.9999259432338735e-08
40300.056 4.7347545137648974e-08
40350.056 4.01099188729818e-08
40400.056 5.248045677017855e-08
40450.056 3.534933608323134e-08
40500.056 5.704322475079146e-08
40550.056 5.8926630909346034e-08
40600.056 4.965581129400627e-08
40650.056 3.939516523417121e-08
40700.056 6.830961234959348e-08
40750.056 4.896722502369013e-08
40800.056 3.777820323644507e-08
40850.056 7.693866933772683e-08
40900.056 6.534316655150278e-08
40950.056 6.1119082758566e-08
41000.056 5.4492041167350773e-08
41050.056 8.04197991930714e-08
41100.056 6.805063358830422e-08
41150.056 3.869011737538687e-08
41200.056 8.234864740474569e-08
41250.056 6.115551266319182e-08
41300.056 6.168017592481922e-08
41350.056 8.350746567479133e-08
41400.056 7.435905169040979e-08
41450.056 9.071392069897966e-08
41500.056 6.676297814114721e-08
41550.056 6.46587408262835e-08
41600.056 6.814690646309413e-08
41650.056 8.152385180139976e-08
41700.056 8.465614760096318e-08
41750.056 7.78970560884831e-08
41800.056 8.649703106612486e-08
41850.056 7.471296209633538e-08
41900.056 7.624602281205268e-08
41950.056 7.326027248341489e-08
42000.056 5.990425709442182e-08
42050.056 6.257209082701386e-08
42100.056 7.414377793662176e-08
42150.056 6.841197647456163e-08
42200.056 7.015564221285057e-08
42250.056 6.361710844384995e-08
42300.056 6.722128784002383e-08
42350.056 8.80647093300078e-08
42400.056 9.132036317302077e-08
42450.056 8.398826386203802e-08
42500.056 7.847633715428287e-08
42550.056 7.205937638197393e-08
42600.056 7.912051605993936e-08
42650.056 1.1476704243594693e-07
42700.056 7.627645267845677e-08
42750.056 8.535175641690509e-08
42800.056 1.1041191720202086e-07
42850.056 1.1352299181296339e-07
42900.056 1.1972791787503735e-07
42950.056 9.893144774397816e-08
43000.056 1.0845177835243315e-07
43050.056 6.876012880971517e-08
43100.056 9.293407958197822e-08
43150.056 8.12588796033139e-08
43200.056 1.1669236851200394e-07
43250.056 1.3903876766300745e-07
43300.056 1.3669447884798939e-07
43350.056 8.636278051537495e-08
43400.056 1.1112204679789603e-07
43450.056 8.323939868320962e-08
43500.056 8.008130062901658e-08
43550.056 8.80613233215753e-08
43600.056 1.2891329896481712e-07
43650.056 9.482420778150707e-08
43700.056 1.4027415863703659e-07
43750.056 1.2327143582899563e-07
43800.056 1.1715566290278684e-07
43850.056 1.0097953756500526e-07
43900.056 9.926842227946062e-08
43950.056 6.64724920263958e-08
44000.056 6.601062310109361e-08
44050.056 1.3731447947700377e-07
44100.056 1.6932742055099534e-07
44150.056 1.5090810562080315e-07
44200.056 1.339904314929959e-07
44250.056 8.801045749250451e-08
44300.056 7.467345473841414e-08
44350.056 8.555530120253346e-08
44400.056 8.017405853718972e-08
44450.056 1.223004985899818e-07
44500.056 1.1913013420282812e-07
44550.056 1.6009770245398278e-07
44600.056 1.388858926422016e-07
44650.056 1.2268132972632526e-07
44700.056 8.592111610300246e-08
44750.056 1.3088438156503424e-07
44800.056 9.762224400137042e-08
44850.056 1.253184864217118e-07
44900.056 1.0715192983500855e-07
44950.056 1.2921989346140838e-07
45000.056 1.379758018480046e-07
45050.056 1.295247394009845e-07
45100.056 1.1783234158239518e-07
45150.056 1.1845289011725086e-07
45200.056 9.605192207920175e-08
45250.056 1.0855388503905977e-07
45300.056 9.208696109911833e-08
45350.056 8.664288897002279e-08
45400.056 1.7593955316701925e-07
45450.056 1.4549487509601184e-07
45500.056 1.659825416807111e-07
45550.056 1.7212958819293347e-07
45600.056 1.646761212970377e-07
45650.056 1.3312551471039966e-07
45700.056 9.62767376362977e-08
45750.056 9.586922669680126e-08
45800.056 1.8530409866899595e-07
45850.056 1.5860181194299237e-07
45900.056 1.8358326322198548e-07
45950.056 1.573767622219998e-07
46000.056 1.7119303839801366e-07
46050.056 1.3482693311860403e-07
46100.056 1.9487561846997535e-07
46150.056 1.3100139435801218e-07
46200.056 1.1786160239018905e-07
46250.056 6.066422971017858e-08
46300.056 1.3328064394439914e-07
46350.056 1.4054201336502084e-07
46400.056 1.205022527400031e-07
46450.056 1.1415814721842076e-07
46500.056 1.3415749112343524e-07
46550.056 8.307179766750661e-08
46600.056 1.1691635754098627e-07
46650.056 1.6516811209101257e-07
46700.056 1.144818935179682e-07
46750.056 7.333313877166811e-08
46800.056 5.115269043344714e-08
46850.056 1.6649710784602975e-07
46900.056 1.4969852608599502e-07
46950.056 1.488012171639892e-07
47000.056 1.4749640262302808e-07
47050.056 1.1551651584428908e-07
47100.056 8.417785751604376e-08
47150.056 1.1613434802701644e-07
47200.056 1.3716674472299458e-07
47250.056 9.244356033629345e-08
47300.056 6.303756261164367e-08
47350.056 1.6463964685799044e-07
47400.056 1.3546409997798894e-07
47450.056 1.3107648352928204e-07
47500.056 1.598302510817788e-07
47550.056 1.4061745138401167e-07
47600.056 1.375104321199975e-07
47650.056 1.395750941044179e-07
47700.056 1.1542518562043115e-07
47750.056 8.891532092950428e-08
47800.056 8.215184179200791e-08
47850.056 4.903990224609961e-08
47900.056 7.102633409418732e-08
47950.056 1.2273798528681155e-07
48000.056 1.6597916267002878e-07
48050.056 1.4762094438000405e-07
48100.056 7.198902106580923e-08
48150.056 1.2092956301200173e-07
48200.056 8.860377147960072e-08
48250.056 1.01158755961002e-07
48300.056 1.5208393155797116e-07
48350.056 9.774765348600294e-08
48400.056 3.834246026173012e-08
48450.056 7.5672552234502e-08
48500.056 1.0910671737797543e-07
48550.056 1.0717264064581027e-07
48600.056 1.1980188767399906e-07
48650.056 1.4343089649298138e-07
48700.056 1.0512097032800765e-07
48750.056 7.341237616043922e-08
48800.056 1.4066345854599735e-07
48850.056 8.4263131321885e-08
48900.056 1.210426868480802e-07
48950.056 7.362921564900604e-08
49000.056 3.7977769712856834e-08
49050.056 1.0190816356598593e-07
49100.056 1.238369622561224e-07
49150.056 9.438529250313579e-08
49200.056 1.4108277944102884e-07
49250.056 1.3577909878201883e-07
49300.056 1.194563999170004e-07
49350.056 5.575350927685056e-08
49400.056 7.886396675557953e-08
49450.056 8.207553498772556e-08
49500.056 6.442708550129436e-08
49550.056 2.0536331932022025e-08
49600.056 4.915146660015063e-08
49650.056 8.741653244299755e-08
49700.056 8.750336166906636e-08
49750.056 9.41127270636923e-08
49800.056 6.852095051641023e-08
49850.056 1.2112578405502994e-07
49900.056 9.535932465638649e-08
49950.056 9.696868427040487e-08
50000.056 8.119139800387747e-08
50050.056 9.771738618700128e-08
50100.056 7.723252699859781e-08
50150.056 4.45790304918906e-08
50200.056 1.147285755099404e-08
50250.056 5.6764920558993914e-08
50300.056 3.779176211194538e-08
50350.056 9.213535245271026e-08
50400.056 8.622318445018954e-08
50450.056 6.902247076260531e-08
50500.056 9.680276550091135e-08
50550.056 8.45681219030088e-08
50600.056 6.464211071278446e-08
50650.056 1.01931637524017e-07
50700.056 1.0262158457296656e-07
50750.056 7.249430992921002e-08
50800.056 3.237226866879396e-08
50850.056 2.1658456508970174e-08
50900.056 8.527922662199935e-08
50950.056 6.831260591700133e-08
51000.056 6.208353039250471e-08
51050.056 8.023845857299178e-08
51100.056 3.549094168576472e-08
51150.056 4.553652927197668e-08
51200.056 1.0159070456199745e-07
51250.056 6.691075684352897e-08
51300.056 5.311504537232689e-08
51350.056 5.144431012591366e-08
51400.056 2.2794586901781888e-08
51450.056 1.8016408865116103e-08
51500.056 1.824941770279602e-08
51550.056 5.925004587200701e-08
51600.056 4.3471995356283375e-08
51650.056 5.135720465898884e-08
51700.056 5.5885933003925326e-08
51750.056 3.883568171265861e-08
51800.056 6.233160099099178e-08
51850.056 5.3173359706093925e-08
51900.056 7.336017140599161e-08
51950.056 4.752808392499377e-08
52000.056 7.760691119807224e-09
52050.056 2.964444987070417e-08
52100.056 1.9663240260598407e-08
52150.056 1.2770016017922828e-08
52200.056 2.614725657454022e-08
52250.056 3.623239078601306e-08
52300.056 5.160650696039698e-08
52350.056 2.4560346730661907e-08
52400.056 2.205216542770217e-08
52450.056 6.100758517020466e-08
52500.056 4.818042872659711e-08
52550.056 5.068269526259429e-08
52600.056 3.855399623159829e-08
52650.056 4.5971607619205225e-08
52700.056 3.607891372009906e-08
52750.056 1.7523809003767252e-08
52800.056 2.838214047200295e-08
52850.056 3.145030193789098e-08
52900.056 1.8561499491479797e-08
52950.056 2.5788005205562473e-08
53000.056 3.853645103381032e-08
53050.056 1.701027026404557e-08
53100.056 3.9777538216990034e-08
53150.056 4.477219442820266e-08
53200.056 2.183226388757879e-08
53250.056 4.36906859557937e-08
53300.056 5.31781356330539e-08
53350.056 4.02129989964825e-08
53400.056 2.8400159268791947e-08
53450.056 1.2928429633346004e-08
53500.056 3.1611639519230802e-09
