galfind/configs/Brown_Dwarf_templates/sonora_bobcat/m-0.5/10g/sp_t425g10nc_m-0.5_resample.dat
# %ECSV 1.0
# ---
# datatype:
# - {name: wav, unit: Angstrom, datatype: float64}
# - {name: flux_nu, unit: erg / (cm2 Hz s), datatype: float64}
# meta: {C/O: '1.00', Kzz: '1.0000E+05', Teff: '425.', Y: '0.28', '[Fe/H]': '-0.50', f_hole: '1.00', f_rain: '0.00', grav: '10.'}
# schema: astropy-2.0
wav flux_nu
[from data line 498]
28900.056 1.9169109800621635e-10
28950.056 2.9640395604712816e-10
29000.056 1.952619547945954e-10
29050.056 3.011122008623214e-10
29100.056 1.707045755275905e-10
29150.056 2.0694039459274513e-10
29200.056 3.4420861080920324e-10
29250.056 4.865502217778183e-10
29300.056 2.1611627881912515e-10
29350.056 5.879766335569953e-10
29400.056 3.105524456254608e-10
29450.056 2.3084017556344625e-10
29500.056 5.431570452433908e-10
29550.056 2.405584434909394e-10
29600.056 3.4117425915508383e-10
29650.056 7.422854648367182e-10
29700.056 2.299631517491036e-10
29750.056 5.663538580805813e-10
29800.056 4.766272751545774e-10
29850.056 6.272044967325015e-10
29900.056 3.933759777265584e-10
29950.056 4.848716142394126e-10
30000.056 1.14662690617466e-11
30050.056 5.576237801808553e-11
30100.056 1.9012954742544494e-10
30150.056 5.163790979354058e-10
30200.056 3.9435089549106254e-10
30250.056 8.040563527433863e-10
30300.056 1.1316190038263493e-09
30350.056 3.853948032193056e-10
30400.056 1.0156308343710404e-09
30450.056 6.690762154163514e-10
30500.056 6.050698886756701e-10
30550.056 5.100685358002542e-10
30600.056 1.6073920185462988e-09
30650.056 8.883784919192673e-10
30700.056 5.967071967754089e-10
30750.056 1.1709938008519324e-09
30800.056 7.716993193505032e-10
30850.056 9.344919021612374e-10
30900.056 4.757276032995277e-10
30950.056 5.671070099279678e-10
31000.056 5.991928176296159e-10
31050.056 4.632335409600784e-10
31100.056 2.861359348449139e-10
31150.056 5.354230627140032e-10
31200.056 1.0427805699981976e-09
31250.056 6.988521566123299e-10
31300.056 4.3485303503818827e-10
31350.056 7.951159498932738e-10
31400.056 5.553548969197738e-10
31450.056 5.689512836878945e-10
31500.056 2.547764935076582e-10
31550.056 3.877036748685853e-10
31600.056 2.4811596980801924e-10
31650.056 2.576520748446339e-10
31700.056 2.527305068642756e-10
31750.056 1.2540671808945404e-10
31800.056 2.4979339693369877e-10
31850.056 5.493386107618401e-11
31900.056 1.2338857622571945e-10
31950.056 7.858284073149315e-11
32000.056 6.53061395048775e-11
32050.056 1.0450162948591225e-10
32100.056 9.28905649442692e-11
32150.056 1.0670915940998302e-10
32200.056 5.140876272268432e-11
32250.056 1.3936586048698482e-10
32300.056 4.638728369123719e-11
32350.056 1.2479420214461552e-10
32400.056 2.840007855577364e-11
32450.056 9.838738838407924e-11
32500.056 3.4360457035584984e-11
32550.056 7.34599787598295e-11
32600.056 4.3371203647280944e-11
32650.056 2.144660662831033e-10
32700.056 6.393934068849823e-11
32750.056 3.584321408036526e-10
32800.056 2.014598574130161e-10
32850.056 5.489683758000815e-10
32900.056 4.685952259842765e-10
32950.056 5.385288748145704e-10
33000.056 2.1838362167583033e-10
33050.056 3.1430802689584147e-10
33100.056 6.931560200317775e-11
33150.056 5.3123759299340254e-14
33200.056 1.7038130833667582e-12
33250.056 1.7029647901422596e-12
33300.056 1.1394750022067272e-11
33350.056 3.857692933206008e-11
33400.056 1.416399754015374e-10
33450.056 1.208174959664814e-10
33500.056 3.961186241542893e-10
33550.056 9.122615070489481e-11
33600.056 2.673071524735941e-10
33650.056 2.358480935462145e-10
33700.056 1.0775454215488909e-10
33750.056 3.58418708999586e-10
33800.056 5.03481458855892e-11
33850.056 1.89487905293134e-10
33900.056 1.9580984839442563e-10
33950.056 1.5106094033974447e-10
34000.056 3.4600336540167786e-10
34050.056 6.004164290190782e-11
34100.056 3.071589384370305e-10
34150.056 1.488519135431045e-10
34200.056 3.461258306983956e-10
34250.056 2.1671645961050787e-10
34300.056 2.1850801884966585e-10
34350.056 3.480376108379691e-10
34400.056 1.322275095385959e-10
34450.056 3.620716760596332e-10
34500.056 2.0875616883808055e-10
34550.056 1.2423058922901293e-10
34600.056 5.405520205572828e-10
34650.056 1.2527305418642494e-10
34700.056 4.317793417037062e-10
34750.056 2.731371965774226e-10
34800.056 2.650020674575844e-10
34850.056 5.952370374740251e-10
34900.056 2.2665693641468716e-10
34950.056 5.710461320981822e-10
35000.056 1.1284888901518192e-09
35050.056 4.856056066036334e-10
35100.056 1.0678094332203405e-09
35150.056 8.01432560402062e-10
35200.056 8.152420821088296e-10
35250.056 1.3468641980240638e-09
35300.056 6.624229673089571e-10
35350.056 7.786462866716122e-10
35400.056 6.829228945604353e-10
35450.056 5.622889624140601e-10
35500.056 1.92267922400149e-09
35550.056 1.2094725013586627e-09
35600.056 1.1942604044567642e-09
35650.056 1.2199089710657533e-09
35700.056 1.3400861466488364e-09
35750.056 1.9296595297138297e-09
35800.056 2.009235534585686e-09
35850.056 7.481433892630019e-10
35900.056 1.0156153722490184e-09
35950.056 1.1869240117314265e-09
36000.056 1.4788727757685516e-09
36050.056 1.0260470000143692e-09
36100.056 9.748083855058104e-10
36150.056 1.8687496127703142e-09
36200.056 2.016068617074136e-09
36250.056 1.4949323444578079e-09
36300.056 3.012819676835365e-09
36350.056 1.836187907987853e-09
36400.056 2.748104228718369e-09
36450.056 3.0873630978953292e-09
36500.056 3.4547701975488237e-09
36550.056 4.0067824069104695e-09
36600.056 4.488283318953383e-09
36650.056 3.485263753237754e-09
36700.056 3.8850048856502805e-09
36750.056 4.637903604190357e-09
36800.056 5.108757042293207e-09
36850.056 3.042207837990909e-09
36900.056 5.244323725469636e-09
36950.056 5.252871741124043e-09
37000.056 3.861998608487371e-09
37050.056 5.523097749809656e-09
37100.056 4.76788990570101e-09
37150.056 3.884476879028654e-09
37200.056 6.497341980069341e-09
37250.056 4.558230453231576e-09
37300.056 3.5901150020480947e-09
37350.056 5.7933968396247175e-09
37400.056 8.500643232344871e-09
37450.056 3.936529287849407e-09
37500.056 5.1297959966135265e-09
37550.056 8.067685042503968e-09
37600.056 1.122024426179647e-08
37650.056 4.24820905255251e-09
37700.056 8.5599090862868e-09
37750.056 5.476168482339061e-09
37800.056 5.65503875389331e-09
37850.056 2.9541981480192935e-09
37900.056 4.201186401671655e-09
37950.056 7.735889413701388e-09
38000.056 7.744568338771518e-09
38050.056 9.859907579490269e-09
38100.056 1.1086414330077786e-08
38150.056 1.2192416602393673e-08
38200.056 1.1108339290864798e-08
38250.056 1.1372486283694249e-08
38300.056 1.6560082312594178e-08
38350.056 1.6393048810007538e-08
38400.056 7.2854054411134545e-09
38450.056 4.447209978970496e-09
38500.056 2.7290122569350034e-09
38550.056 7.881663448222298e-09
38600.056 7.84878771134044e-09
38650.056 8.800592148472287e-09
38700.056 6.624157240881545e-09
38750.056 7.984290270395109e-09
38800.056 8.309345346784557e-09
38850.056 9.009044520731539e-09
38900.056 1.1963853758593337e-08
38950.056 7.811341938692584e-09
39000.056 1.2582157621275683e-08
39050.056 7.856319315824839e-09
39100.056 1.1322336560465718e-08
39150.056 1.3601738014177436e-08
39200.056 1.06715790568104e-08
39250.056 1.619317146605771e-08
39300.056 1.0455390308795028e-08
39350.056 1.9397047571529975e-08
39400.056 1.094083896698552e-08
39450.056 1.5563568738509883e-08
39500.056 1.6137750970393908e-08
39550.056 9.776176518645502e-09
39600.056 1.5861894623226344e-08
39650.056 1.8167064887794324e-08
39700.056 1.7653304258207297e-08
39750.056 1.0855972498344004e-08
39800.056 1.2249085545045543e-08
39850.056 2.19606775004033e-08
39900.056 2.466164660000174e-08
39950.056 1.2513164260957997e-08
40000.056 2.1483308954820348e-08
40050.056 2.159837125289821e-08
40100.056 1.0358671647957993e-08
40150.056 2.1323442221887418e-08
40200.056 2.204667997847543e-08
40250.056 2.4626681449131948e-08
40300.056 2.3382744623997416e-08
40350.056 1.7415899224175756e-08
40400.056 2.360142433375568e-08
40450.056 1.4238394320062112e-08
40500.056 2.775284448239895e-08
40550.056 2.971069822482294e-08
40600.056 2.2719717476602057e-08
40650.056 1.7849543147127023e-08
40700.056 3.4078640918906156e-08
40750.056 2.3047629362094045e-08
40800.056 1.657001259445035e-08
40850.056 3.948730494551292e-08
40900.056 3.224103336637954e-08
40950.056 3.0235943075635574e-08
41000.056 2.4805411369924777e-08
41050.056 4.1059743324184416e-08
41100.056 3.415714472766154e-08
41150.056 1.6713969550059977e-08
41200.056 4.230820850304518e-08
41250.056 3.053886316318574e-08
41300.056 3.1810882194316096e-08
41350.056 4.2027037360692905e-08
41400.056 3.683603613340239e-08
41450.056 4.873769279518644e-08
41500.056 3.392268273946224e-08
41550.056 3.174054950809368e-08
41600.056 3.216394972914775e-08
41650.056 4.162067024360178e-08
41700.056 4.7722519494480304e-08
41750.056 4.059109111609043e-08
41800.056 4.241170356931227e-08
41850.056 4.0098172573293956e-08
41900.056 3.8194779778420285e-08
41950.056 3.6466318378604424e-08
42000.056 2.5822845048738685e-08
42050.056 2.997867595028906e-08
42100.056 3.1763259131383066e-08
42150.056 3.3979117583530146e-08
42200.056 3.719220249001022e-08
42250.056 3.071373227197301e-08
42300.056 3.186665492164037e-08
42350.056 4.508405333190227e-08
42400.056 4.9722082041709795e-08
42450.056 4.639816662021849e-08
42500.056 4.413642472728994e-08
42550.056 3.934584263208546e-08
42600.056 4.179157612324211e-08
42650.056 6.379769521947054e-08
42700.056 3.7287506342449006e-08
42750.056 4.796386267120567e-08
42800.056 6.642310734381322e-08
42850.056 6.58865459219792e-08
42900.056 6.845485339671895e-08
42950.056 5.7468864502988856e-08
43000.056 6.326626265941768e-08
43050.056 3.7674642309726216e-08
43100.056 5.327862891649016e-08
43150.056 4.441623212070839e-08
43200.056 6.873321215000502e-08
43250.056 8.090810529300037e-08
43300.056 7.974854540899268e-08
43350.056 4.8975629428184246e-08
43400.056 6.579819237850052e-08
43450.056 4.553718413240317e-08
43500.056 4.457970260481131e-08
43550.056 4.916182370355248e-08
43600.056 7.555843403941042e-08
43650.056 5.375100582950338e-08
43700.056 8.418920204902284e-08
43750.056 7.449320900699216e-08
43800.056 7.01519931068916e-08
43850.056 6.079403419500214e-08
43900.056 5.510211599020225e-08
43950.056 3.5527274319396734e-08
44000.056 3.6744456996896125e-08
44050.056 8.319147704900066e-08
44100.056 1.0099169771999457e-07
44150.056 9.03354515958037e-08
44200.056 8.209926996049864e-08
44250.056 4.964708734379972e-08
44300.056 4.237979491110764e-08
44350.056 4.7259896773770984e-08
44400.056 4.3438800907493264e-08
44450.056 7.120219202499503e-08
44500.056 6.86232273914139e-08
44550.056 9.390520466499259e-08
44600.056 8.193663062760742e-08
44650.056 6.996322188411286e-08
44700.056 4.863337060720015e-08
44750.056 7.837806396671954e-08
44800.056 5.417194066964515e-08
44850.056 6.935430158060619e-08
44900.056 6.218349249240568e-08
44950.056 7.570354975820716e-08
45000.056 8.44579006510043e-08
45050.056 7.675486747898874e-08
45100.056 6.835685112399695e-08
45150.056 6.515750971504409e-08
45200.056 5.3007529600501764e-08
45250.056 6.135954171147876e-08
45300.056 5.3946748835109786e-08
45350.056 4.554761743921413e-08
45400.056 1.0702950101001344e-07
45450.056 8.604912190090901e-08
45500.056 1.0352952398860747e-07
45550.056 1.0490504339896056e-07
45600.056 9.614925169402172e-08
45650.056 7.856945654450088e-08
45700.056 5.4515281855196435e-08
45750.056 5.407900333770196e-08
45800.056 1.1273831905300034e-07
45850.056 8.997923088249523e-08
45900.056 1.1127220565998869e-07
45950.056 9.846507144300081e-08
46000.056 1.0375948511551032e-07
46050.056 7.965484953780212e-08
46100.056 1.2272292984898677e-07
46150.056 7.854487363720764e-08
46200.056 6.914882066889074e-08
46250.056 3.229547045635488e-08
46300.056 7.8096229137999e-08
46350.056 8.391831629241333e-08
46400.056 7.211278871100077e-08
46450.056 6.938739557784965e-08
46500.056 7.981041605801948e-08
46550.056 4.582300772040391e-08
46600.056 6.72638479505314e-08
46650.056 9.636640298830876e-08
46700.056 6.655849986118146e-08
46750.056 3.83012618966262e-08
46800.056 2.5677963517694594e-08
46850.056 9.590857915701579e-08
46900.056 9.07470831269979e-08
46950.056 9.104313533399343e-08
47000.056 8.913455412601608e-08
47050.056 6.697440374768348e-08
47100.056 4.8814179459318284e-08
47150.056 7.171792357360926e-08
47200.056 8.207838293039447e-08
47250.056 5.1514113375096246e-08
47300.056 3.412947949860476e-08
47350.056 9.786491875299816e-08
47400.056 8.191234657799197e-08
47450.056 7.273904697836315e-08
47500.056 9.74616588129488e-08
47550.056 8.52815652400077e-08
47600.056 8.15938230739966e-08
47650.056 8.5710398888791e-08
47700.056 6.790478379842378e-08
47750.056 5.193990883760275e-08
47800.056 4.572750947120556e-08
47850.056 2.4223313263805313e-08
47900.056 3.743891616309469e-08
47950.056 7.423687633860534e-08
48000.056 9.98213258930125e-08
48050.056 8.617789501820367e-08
48100.056 3.966383096576547e-08
48150.056 7.070771568200111e-08
48200.056 4.8392991561159753e-08
48250.056 5.775729992799871e-08
48300.056 9.46423860609861e-08
48350.056 5.907611463649765e-08
48400.056 1.854655503079304e-08
48450.056 3.7779286499680024e-08
48500.056 5.8961310471985724e-08
48550.056 5.996168360804564e-08
48600.056 7.34159932349977e-08
48650.056 9.053395548798798e-08
48700.056 6.348534443350837e-08
48750.056 4.5586965093321294e-08
48800.056 8.444738479500038e-08
48850.056 4.8385317026291365e-08
48900.056 6.545736086967632e-08
48950.056 3.780640881700188e-08
49000.056 1.9255332507496713e-08
49050.056 5.8325239571291835e-08
49100.056 7.290319374519308e-08
49150.056 5.510968990260936e-08
49200.056 8.47612182880166e-08
49250.056 8.361051929000841e-08
49300.056 7.27862599844007e-08
49350.056 3.063636218786689e-08
49400.056 4.499850421218704e-08
49450.056 4.501835804791302e-08
49500.056 3.472919387994636e-08
49550.056 8.781346634160512e-09
49600.056 2.3805496262460696e-08
49650.056 5.078982997090107e-08
49700.056 5.308603185717899e-08
49750.056 5.348447669069876e-08
49800.056 3.6167775716118276e-08
49850.056 7.129095508281519e-08
49900.056 5.681290042819299e-08
49950.056 5.8397055049202494e-08
50000.056 4.581696145896526e-08
50050.056 5.5775893746601235e-08
50100.056 4.4134584666696983e-08
50150.056 2.2862607341894987e-08
50200.056 4.515223338287881e-09
50250.056 2.703125764199816e-08
50300.056 1.7266949658942676e-08
50350.056 5.1832224674006975e-08
50400.056 5.103602966679239e-08
50450.056 4.103810717404391e-08
50500.056 6.007753749140515e-08
50550.056 5.1082277143005386e-08
50600.056 3.860904815659105e-08
50650.056 6.319441083200941e-08
50700.056 6.168959655598408e-08
50750.056 4.181163796760492e-08
50800.056 1.592222182868261e-08
50850.056 9.10132876065446e-09
50900.056 4.667550141200102e-08
50950.056 3.9416800224998246e-08
51000.056 3.312749758518366e-08
51050.056 4.803556007599356e-08
51100.056 1.9285383038315466e-08
51150.056 2.2753088135789748e-08
51200.056 5.875169437199934e-08
51250.056 4.073459160892366e-08
51300.056 3.028660890936472e-08
51350.056 2.8051411549470206e-08
51400.056 1.0405231017157331e-08
51450.056 8.154208875297596e-09
51500.056 8.1995143802766e-09
51550.056 3.032811818644471e-08
51600.056 2.3967835211507535e-08
51650.056 3.046760735719565e-08
51700.056 3.219742590960469e-08
51750.056 2.153174781833003e-08
51800.056 3.729980365099511e-08
51850.056 3.091870915619685e-08
51900.056 3.987536231119529e-08
51950.056 2.3844871395297126e-08
52000.056 2.8002755064759263e-09
52050.056 1.3688527032171973e-08
52100.056 8.260429188098967e-09
52150.056 4.758062971833602e-09
52200.056 1.3192125731879907e-08
52250.056 1.938746081160657e-08
52300.056 2.636056942999852e-08
52350.056 1.0069588629202263e-08
52400.056 1.0065482282758473e-08
52450.056 3.324011177690251e-08
52500.056 2.4871766742942915e-08
52550.056 2.8205523443797557e-08
52600.056 2.1343549168698544e-08
52650.056 2.578980060890242e-08
52700.056 1.9427435117799187e-08
52750.056 7.782797479478153e-09
52800.056 1.4286472529501843e-08
52850.056 1.6098850919585636e-08
52900.056 7.526560361056086e-09
52950.056 1.2057252862781418e-08
53000.056 1.9697919352204988e-08
53050.056 7.908393652571658e-09
53100.056 2.2665223794995865e-08
53150.056 2.3999351212901405e-08
53200.056 1.1807136750013327e-08
53250.056 2.286767021794211e-08
53300.056 2.8185303458484202e-08
53350.056 2.10800603792218e-08
53400.056 1.3951342861795718e-08
53450.056 5.357807687528119e-09
53500.056 9.430790082371724e-10
53550.056 2.745583835930069e-09
53600.056 1.2510923198503995e-08
