galfind/configs/Brown_Dwarf_templates/sonora_bobcat/m-0.5/10g/sp_t1700g10nc_m-0.5_resample.dat
# %ECSV 1.0
# ---
# datatype:
# - {name: wav, unit: Angstrom, datatype: float64}
# - {name: flux_nu, unit: erg / (cm2 Hz s), datatype: float64}
# meta: {C/O: '1.00', Kzz: '1.0000E+05', Teff: '1700.', Y: '0.28', '[Fe/H]': '-0.50', f_hole: '1.00', f_rain: '0.00', grav: '10.'}
# schema: astropy-2.0
wav flux_nu
[from data line 497]
28850.056 1.0481784978901645e-06
28900.056 8.165993824700647e-07
28950.056 1.1647488417799199e-06
29000.056 9.414715102497005e-07
29050.056 9.698635188497954e-07
29100.056 8.06800688440082e-07
29150.056 1.0447823811602606e-06
29200.056 9.287094173303179e-07
29250.056 1.0792287215000578e-06
29300.056 8.753058879294756e-07
29350.056 1.2277376868797308e-06
29400.056 9.695257427098077e-07
29450.056 1.0091871177099629e-06
29500.056 1.0603680349098709e-06
29550.056 1.0128316733600696e-06
29600.056 1.0877785356598587e-06
29650.056 1.0626644551599115e-06
29700.056 9.187186232898222e-07
29750.056 1.1932734732907168e-06
29800.056 1.1793192248999627e-06
29850.056 1.145623645669859e-06
29900.056 1.0286465223202735e-06
29950.056 1.215599584089808e-06
30000.056 1.208250125679715e-06
30050.056 1.1305158597198646e-06
30100.056 9.246387407397261e-07
30150.056 1.4233988504498707e-06
30200.056 1.2352777386801225e-06
30250.056 1.2406495400904324e-06
30300.056 1.2442706531098344e-06
30350.056 1.1305598461301645e-06
30400.056 1.4156230827303018e-06
30450.056 1.1238254876001008e-06
30500.056 1.03387945275019e-06
30550.056 1.4311335866703629e-06
30600.056 1.3791652053302092e-06
30650.056 1.390147578380006e-06
30700.056 1.2900722891199683e-06
30750.056 1.2162133495400518e-06
30800.056 1.4420285578703457e-06
30850.056 1.2055958736499046e-06
30900.056 1.2500712588298888e-06
30950.056 1.1885453448801806e-06
31000.056 1.3303840554999185e-06
31050.056 1.173263255389978e-06
31100.056 1.1986712190699128e-06
31150.056 1.3350000103897437e-06
31200.056 1.3285848506198585e-06
31250.056 1.3577904814201396e-06
31300.056 1.2500342033598208e-06
31350.056 1.239750733179969e-06
31400.056 1.1958307261703291e-06
31450.056 1.2288747907300291e-06
31500.056 1.2522843927000778e-06
31550.056 1.1544000497100408e-06
31600.056 1.1823234351398791e-06
31650.056 1.2071256693699794e-06
31700.056 1.2318288208898974e-06
31750.056 1.075187561500282e-06
31800.056 1.2975215490600277e-06
31850.056 1.3237825052101636e-06
31900.056 1.435343877529907e-06
31950.056 1.0022348682998666e-06
32000.056 1.1834026917301713e-06
32050.056 1.4097752403701185e-06
32100.056 1.3716782529998665e-06
32150.056 1.452514121639982e-06
32200.056 1.3616021996999167e-06
32250.056 1.3851695985702155e-06
32300.056 1.3785672871800278e-06
32350.056 1.5878361188302456e-06
32400.056 1.3039049408700418e-06
32450.056 1.4004339413899017e-06
32500.056 1.4980027901503147e-06
32550.056 1.67102246478011e-06
32600.056 1.6815507813398963e-06
32650.056 1.6994478779405817e-06
32700.056 1.6289015789002279e-06
32750.056 1.6654953302299938e-06
32800.056 1.5555990801501658e-06
32850.056 1.8771194079697415e-06
32900.056 1.8497789656799876e-06
32950.056 1.5560328009298154e-06
33000.056 1.6788680608001616e-06
33050.056 1.7005443071399283e-06
33100.056 1.6799745513795488e-06
33150.056 1.2830922616001453e-06
33200.056 9.454744725297814e-07
33250.056 8.409274301295099e-07
33300.056 7.57287693240174e-07
33350.056 8.54156121080132e-07
33400.056 9.028028659698355e-07
33450.056 1.0291968991097292e-06
33500.056 1.2878381780303024e-06
33550.056 1.3447589522500028e-06
33600.056 1.5275940872803455e-06
33650.056 1.6941481127405133e-06
33700.056 1.672559151309671e-06
33750.056 1.894164058649963e-06
33800.056 1.7760402674097135e-06
33850.056 1.8040206323200278e-06
33900.056 1.915967931869658e-06
33950.056 1.7284953730799022e-06
34000.056 1.7567150567494207e-06
34050.056 1.7123701514895801e-06
34100.056 2.0161397373602182e-06
34150.056 1.8687350409096296e-06
34200.056 1.705514527099378e-06
34250.056 1.9721950483197102e-06
34300.056 1.660600069428969e-06
34350.056 1.7866897252299587e-06
34400.056 1.6376146321598719e-06
34450.056 1.760982166409937e-06
34500.056 1.833211327020242e-06
34550.056 1.6398984513799071e-06
34600.056 1.89701721104003e-06
34650.056 1.8759156301900245e-06
34700.056 1.7769205601196596e-06
34750.056 1.995809863720289e-06
34800.056 1.9985763215195245e-06
34850.056 1.7748420714500955e-06
34900.056 1.898741130970398e-06
34950.056 1.8017918646295134e-06
35000.056 1.9144172383297765e-06
35050.056 2.090715161570436e-06
35100.056 1.8887756364394356e-06
35150.056 1.962823975629972e-06
35200.056 2.025713867309907e-06
35250.056 1.8751261118599752e-06
35300.056 1.9700389433099998e-06
35350.056 2.0606199785297997e-06
35400.056 1.94429156721005e-06
35450.056 1.7882308859605415e-06
35500.056 2.1468574800798117e-06
35550.056 1.9889070319999655e-06
35600.056 1.8359989553899206e-06
35650.056 2.2616042361702614e-06
35700.056 1.8757301271503524e-06
35750.056 2.0871276896496873e-06
35800.056 2.2296018788397748e-06
35850.056 2.1109928782098583e-06
35900.056 2.3940837866996246e-06
35950.056 2.1906694554401076e-06
36000.056 2.010084319429836e-06
36050.056 2.3841819373902687e-06
36100.056 2.409987353539366e-06
36150.056 2.1885216343803083e-06
36200.056 2.440750165879652e-06
36250.056 2.170583060799553e-06
36300.056 2.6190599024505903e-06
36350.056 2.434902642239832e-06
36400.056 2.3275675276000136e-06
36450.056 2.621473097099728e-06
36500.056 2.4337252770001743e-06
36550.056 2.3590598838605222e-06
36600.056 2.455898063060188e-06
36650.056 2.542526677500192e-06
36700.056 2.6725544861001e-06
36750.056 2.5053150532002444e-06
36800.056 2.5676482905997606e-06
36850.056 2.5639928996003555e-06
36900.056 2.649606425200475e-06
36950.056 2.6479209207399017e-06
37000.056 2.7388784203000176e-06
37050.056 2.7299832452999016e-06
37100.056 2.706547605960377e-06
37150.056 2.692302328999437e-06
37200.056 2.805781662100067e-06
37250.056 2.8435832313801963e-06
37300.056 2.8481207080004553e-06
37350.056 2.6517637788004193e-06
37400.056 2.8017327541996844e-06
37450.056 2.791098694930259e-06
37500.056 2.8292105227997696e-06
37550.056 2.7949612240994877e-06
37600.056 2.9579512485996075e-06
37650.056 2.7664355035997447e-06
37700.056 2.8257786399000346e-06
37750.056 2.9773566335996754e-06
37800.056 3.0480387801999294e-06
37850.056 2.8633820372998792e-06
37900.056 2.9612210561002284e-06
37950.056 3.0005536413000737e-06
38000.056 2.917197464200375e-06
38050.056 2.9776362835001582e-06
38100.056 2.8412626060002277e-06
38150.056 3.122032753599612e-06
38200.056 3.196373146999601e-06
38250.056 2.871760590900461e-06
38300.056 2.845442160999954e-06
38350.056 2.988687941399812e-06
38400.056 3.0449627779197597e-06
38450.056 3.1329436593002353e-06
38500.056 3.017843808799858e-06
38550.056 3.01646681440011e-06
38600.056 3.3142448592998155e-06
38650.056 2.9130392025001255e-06
38700.056 2.9914125063005727e-06
38750.056 3.0914736651999866e-06
38800.056 3.0707717529003087e-06
38850.056 3.004852104700282e-06
38900.056 2.946967209399824e-06
38950.056 3.1518888430997256e-06
39000.056 3.019757701600114e-06
39050.056 3.1036871561998973e-06
39100.056 2.918777282720053e-06
39150.056 3.0324219270001038e-06
39200.056 3.164548910300154e-06
39250.056 3.127952449499425e-06
39300.056 3.1014704027993593e-06
39350.056 3.0957150578503298e-06
39400.056 3.0518169231000704e-06
39450.056 3.0483339138997936e-06
39500.056 3.0111086949997664e-06
39550.056 2.955526093639521e-06
39600.056 3.2435379857000706e-06
39650.056 2.8833043109999874e-06
39700.056 3.020371423499827e-06
39750.056 2.980961314919645e-06
39800.056 2.8394677232001607e-06
39850.056 2.923611995999763e-06
39900.056 2.899640524400019e-06
39950.056 3.0545396620998773e-06
40000.056 2.7536299245998547e-06
40050.056 2.614987445199957e-06
40100.056 2.8146215081998106e-06
40150.056 2.634585466499414e-06
40200.056 2.727000934999699e-06
40250.056 2.721915582989261e-06
40300.056 2.505058893300283e-06
40350.056 2.7279166145002336e-06
40400.056 2.7184326830999225e-06
40450.056 2.5154144912005196e-06
40500.056 2.338182827000185e-06
40550.056 2.7542788209998397e-06
40600.056 2.4294360393802915e-06
40650.056 2.508350088280328e-06
40700.056 2.643175988000199e-06
40750.056 2.34746966209916e-06
40800.056 2.3114201003104203e-06
40850.056 2.195817235700489e-06
40900.056 2.206921053760414e-06
40950.056 2.369107815179972e-06
41000.056 2.406702145600145e-06
41050.056 2.3455788685795527e-06
41100.056 2.2328973036402408e-06
41150.056 2.381381079900111e-06
41200.056 2.2407197050000633e-06
41250.056 2.2747128005802115e-06
41300.056 1.9754600823797035e-06
41350.056 2.3695788959000944e-06
41400.056 2.2067796909001402e-06
41450.056 2.148191349560057e-06
41500.056 2.3072787566001037e-06
41550.056 2.2308106649799955e-06
41600.056 2.3530151878000217e-06
41650.056 2.0774720918204286e-06
41700.056 1.984357654219697e-06
41750.056 2.1142799973699687e-06
41800.056 2.0818545441196377e-06
41850.056 1.897485012160363e-06
41900.056 2.206046560429782e-06
41950.056 1.9629158936104565e-06
42000.056 2.079970488640192e-06
42050.056 1.8743746878792733e-06
42100.056 2.172114794770296e-06
42150.056 1.6849978541894336e-06
42200.056 1.8153876411401026e-06
42250.056 1.9570393546699576e-06
42300.056 1.713684412000077e-06
42350.056 2.0327754009104765e-06
42400.056 1.7546167756303635e-06
42450.056 1.498444142230097e-06
42500.056 1.6242808804802604e-06
42550.056 1.7596930092599443e-06
42600.056 1.6857604893303612e-06
42650.056 1.5494985452392176e-06
42700.056 1.7417209618905998e-06
42750.056 1.6053317770100844e-06
42800.056 1.6006270177903644e-06
42850.056 1.7549255266996625e-06
42900.056 1.6634114238901252e-06
42950.056 1.4939765648092992e-06
43000.056 1.5769905364499395e-06
43050.056 1.4783375203207975e-06
43100.056 1.585359580119993e-06
43150.056 1.6343763540503755e-06
43200.056 1.5719372050001384e-06
43250.056 1.5570645981900325e-06
43300.056 1.6152833307000983e-06
43350.056 1.4289032545298697e-06
43400.056 1.4781654505697935e-06
43450.056 1.4979687257505259e-06
43500.056 1.4642931683697628e-06
43550.056 1.528043172050023e-06
43600.056 1.5946203506100673e-06
43650.056 1.3878231276901756e-06
43700.056 1.3139551032098525e-06
43750.056 1.4080180145501829e-06
43800.056 1.3322639668200807e-06
43850.056 1.3513503298103742e-06
43900.056 1.3910496854899156e-06
43950.056 1.2922693758201812e-06
44000.056 1.2055523302400947e-06
44050.056 1.1880111306600852e-06
44100.056 1.2831089846202268e-06
44150.056 1.3386323085097824e-06
44200.056 1.2365058234700732e-06
44250.056 1.1905258097500091e-06
44300.056 1.1500658795202017e-06
44350.056 1.1446147374901104e-06
44400.056 1.1977194037899454e-06
44450.056 1.223252376810025e-06
44500.056 1.2297070318202248e-06
44550.056 1.09716174072974e-06
44600.056 1.1191166085701276e-06
44650.056 1.2033758679700687e-06
44700.056 1.0788173054801486e-06
44750.056 1.1546343729298625e-06
44800.056 1.1511596580999375e-06
44850.056 1.1405716505100523e-06
44900.056 1.0573705438501515e-06
44950.056 1.0053335496400085e-06
45000.056 1.1052946308699067e-06
45050.056 1.111494609569878e-06
45100.056 1.1320027151499345e-06
45150.056 1.052535793219989e-06
45200.056 9.667457967699766e-07
45250.056 1.0020739734898777e-06
45300.056 1.0740801949000714e-06
45350.056 1.1232495015199209e-06
45400.056 1.0587623366001399e-06
45450.056 9.59442036009858e-07
45500.056 9.89786256689978e-07
45550.056 1.1062528876899083e-06
45600.056 1.0126198103999676e-06
45650.056 9.134495931298113e-07
45700.056 1.0906001786900813e-06
45750.056 9.871072936799734e-07
45800.056 9.68115970699971e-07
45850.056 1.1503809892599686e-06
45900.056 1.1658180844200753e-06
45950.056 9.932859815199803e-07
46000.056 1.199831123729997e-06
46050.056 1.1661713824502021e-06
46100.056 9.648933193400993e-07
46150.056 1.0503193222799642e-06
46200.056 1.1509795263402476e-06
46250.056 9.301348743099735e-07
46300.056 1.2244008398799396e-06
46350.056 1.0032402679198958e-06
46400.056 1.0379220013698687e-06
46450.056 1.0724666498102107e-06
46500.056 9.784072019199123e-07
46550.056 1.2135371380499808e-06
46600.056 1.1061462423000236e-06
46650.056 1.4280168666298888e-06
46700.056 1.3136412421703617e-06
46750.056 1.0364630865898806e-06
46800.056 1.1609109840302033e-06
46850.056 1.2420350573001173e-06
46900.056 1.1618942735097702e-06
46950.056 1.302648782460089e-06
47000.056 1.108110564609978e-06
47050.056 1.295522869799759e-06
47100.056 1.029082342120109e-06
47150.056 1.1449752266901948e-06
47200.056 1.2073684789303324e-06
47250.056 1.0714806131298113e-06
47300.056 1.1341682542697109e-06
47350.056 9.506974732997838e-07
47400.056 1.2104981503197252e-06
47450.056 1.080737760879924e-06
47500.056 1.1710301039097641e-06
47550.056 1.0637791025198653e-06
47600.056 1.2202986039599273e-06
47650.056 8.699824156897511e-07
47700.056 1.2447568078000574e-06
47750.056 8.373752872502151e-07
47800.056 1.2138378410998646e-06
47850.056 9.27631085359805e-07
47900.056 1.2272625487700738e-06
47950.056 8.840006596701913e-07
48000.056 1.373989519539999e-06
48050.056 1.0000604095601884e-06
48100.056 1.1122988040499743e-06
48150.056 1.0125614951201464e-06
48200.056 1.2316039211202072e-06
48250.056 1.0093968900699155e-06
48300.056 1.3519316783497802e-06
48350.056 8.976861301099218e-07
48400.056 1.2187526908199885e-06
48450.056 9.82838452030057e-07
48500.056 1.3634695151000363e-06
48550.056 9.277689063300488e-07
48600.056 1.2422021773198806e-06
48650.056 9.532229318299689e-07
48700.056 1.1923604178800813e-06
48750.056 8.560644061601105e-07
48800.056 1.3857677675100938e-06
48850.056 9.4909472183982e-07
48900.056 1.2281535606201057e-06
48950.056 1.1223813726900418e-06
49000.056 1.1140600369098656e-06
49050.056 1.1631848790199398e-06
49100.056 1.074558004470136e-06
49150.056 1.142950936860047e-06
49200.056 1.0951749109499607e-06
49250.056 1.1289859889700258e-06
49300.056 9.789896980798957e-07
49350.056 1.0472132843399882e-06
49400.056 1.2542379381901208e-06
49450.056 1.0520954435302474e-06
49500.056 1.1260547155100966e-06
49550.056 9.69671074310003e-07
49600.056 1.0716327493102728e-06
49650.056 1.118396175900079e-06
49700.056 9.505202497899293e-07
49750.056 1.4357105614797651e-06
49800.056 1.0790879265700678e-06
49850.056 1.3722085783600387e-06
49900.056 1.0761200315501042e-06
49950.056 1.1678802718496524e-06
50000.056 1.130851813269738e-06
50050.056 1.142795419370108e-06
50100.056 1.221490778369913e-06
50150.056 1.0387514398000438e-06
50200.056 9.661404699201174e-07
50250.056 1.1175319202800687e-06
50300.056 1.0469563555399033e-06
50350.056 1.2215217748600189e-06
50400.056 1.084413952110008e-06
50450.056 1.0732242916401679e-06
50500.056 1.3944224671502442e-06
50550.056 1.1229064499599275e-06
50600.056 1.2170219823200618e-06
50650.056 1.1429066407202948e-06
50700.056 1.2557676170995895e-06
50750.056 1.2743502395601798e-06
50800.056 9.674643644099129e-07
50850.056 1.1444893594202167e-06
50900.056 1.2093730732099624e-06
50950.056 1.2456019604301929e-06
51000.056 1.4213361263701295e-06
51050.056 1.0631849911001747e-06
51100.056 1.0552664806899103e-06
51150.056 1.2189322458399222e-06
51200.056 1.1600916691599343e-06
51250.056 1.2826405628299466e-06
51300.056 1.0688362603903721e-06
51350.056 1.2033192413497444e-06
51400.056 1.1257470176896888e-06
51450.056 8.418163034398568e-07
51500.056 1.1551830619399625e-06
51550.056 1.4510835930501372e-06
51600.056 9.72194870620043e-07
51650.056 1.1586752005298054e-06
51700.056 1.0733425350796692e-06
51750.056 1.0394889455200852e-06
51800.056 1.242256695189813e-06
51850.056 1.2454723304698752e-06
51900.056 1.2991886722002604e-06
51950.056 1.1872029916598874e-06
52000.056 1.0295769491399438e-06
52050.056 1.192590502559928e-06
52100.056 1.1203229127197565e-06
52150.056 1.1370895392701054e-06
52200.056 1.0952223717600673e-06
52250.056 1.1404304142900043e-06
52300.056 1.2159045488899858e-06
52350.056 1.350905077800184e-06
52400.056 9.804692493801299e-07
52450.056 1.1502137467899602e-06
52500.056 1.2701723545397288e-06
52550.056 1.1656423267196137e-06
52600.056 1.2123619913401764e-06
52650.056 1.3727045497802229e-06
52700.056 1.1646099359100193e-06
52750.056 9.437216795298669e-07
52800.056 1.0763213890601173e-06
52850.056 1.0157532107398765e-06
52900.056 1.1358414850200948e-06
52950.056 1.1271070890998037e-06
53000.056 1.2722509594098794e-06
53050.056 1.12384728412978e-06
53100.056 1.0437317531797164e-06
53150.056 1.321815086530261e-06
53200.056 9.270419533401635e-07
53250.056 1.3379845054599338e-06
