galfind/configs/Brown_Dwarf_templates/sonora_bobcat/m-0.5/10g/sp_t325g10nc_m-0.5_resample.dat
# %ECSV 1.0
# ---
# datatype:
# - {name: wav, unit: Angstrom, datatype: float64}
# - {name: flux_nu, unit: erg / (cm2 Hz s), datatype: float64}
# meta: {C/O: '1.00', Kzz: '1.0000E+05', Teff: '325.', Y: '0.28', '[Fe/H]': '-0.50', f_hole: '1.00', f_rain: '0.00', grav: '10.'}
# schema: astropy-2.0
wav flux_nu
[from data line 498]
28900.056 1.1291165732128973e-11
28950.056 1.5808582865537498e-11
29000.056 8.588827698162008e-12
29050.056 1.4802933698474143e-11
29100.056 6.890675884118231e-12
29150.056 7.262538174249184e-12
29200.056 2.9100290805406935e-11
29250.056 2.4476027463486642e-11
29300.056 1.2767686768178755e-11
29350.056 3.421960988728352e-11
29400.056 1.8534445817204184e-11
29450.056 7.289448720718895e-12
29500.056 3.9275629294539134e-11
29550.056 1.1260329017857947e-11
29600.056 1.3401999809332788e-11
29650.056 5.3408979320631877e-11
29700.056 9.238473756874842e-12
29750.056 4.080174765879088e-11
29800.056 2.3322071548408245e-11
29850.056 4.4155522603583546e-11
29900.056 1.8351124535727436e-11
29950.056 2.7387157334995245e-11
30000.056 2.979007634243412e-13
30050.056 2.639830652307247e-12
30100.056 1.4309602361365977e-11
30150.056 5.391610510604358e-11
30200.056 3.031746371296816e-11
30250.056 5.5050724877247856e-11
30300.056 8.913510785306235e-11
30350.056 1.5482294459237852e-11
30400.056 7.633016490187971e-11
30450.056 6.52633116159431e-11
30500.056 2.800237136407421e-11
30550.056 2.491814483145047e-11
30600.056 2.3349736992829935e-10
30650.056 9.563566699009803e-11
30700.056 4.124488542814642e-11
30750.056 1.0571168070830534e-10
30800.056 9.380572983978306e-11
30850.056 1.0996682904341781e-10
30900.056 4.63959018364369e-11
30950.056 4.2083168453762674e-11
31000.056 5.904464854585052e-11
31050.056 2.6975555615378296e-11
31100.056 2.0537723429343636e-11
31150.056 3.8336808060708116e-11
31200.056 1.4511839882590161e-10
31250.056 8.063772803713464e-11
31300.056 4.0546376082755944e-11
31350.056 1.247457793871558e-10
31400.056 8.625467693264302e-11
31450.056 8.082511102764856e-11
31500.056 2.6192125259630818e-11
31550.056 4.807320694738055e-11
31600.056 3.543976714760936e-11
31650.056 3.074658295566682e-11
31700.056 2.4190710169682072e-11
31750.056 1.3384282732222191e-11
31800.056 2.351236168865791e-11
31850.056 3.597438362266364e-12
31900.056 8.680256692998589e-12
31950.056 6.1208991332134166e-12
32000.056 3.1520294204864796e-12
32050.056 6.085648678146906e-12
32100.056 5.45577931597581e-12
32150.056 4.557653013001684e-12
32200.056 1.9760374428198343e-12
32250.056 5.17134956346488e-12
32300.056 1.2990015044456007e-12
32350.056 4.885044711399142e-12
32400.056 4.645914759238137e-13
32450.056 3.0112259574064346e-12
32500.056 4.64611111876438e-13
32550.056 2.186003079537662e-12
32600.056 3.997426286844144e-13
32650.056 7.23338831925324e-12
32700.056 6.791013333626768e-13
32750.056 1.7396804070936682e-11
32800.056 6.646395272698454e-12
32850.056 4.1760336606089426e-11
32900.056 3.181362969557089e-11
32950.056 3.3748890754479785e-11
33000.056 7.835741752291896e-12
33050.056 9.341239145565299e-12
33100.056 1.5225481798781003e-12
33150.056 3.6535589365359103e-16
33200.056 4.9400089547465094e-14
33250.056 8.200715177044445e-14
33300.056 1.2191613822219009e-12
33350.056 3.252134375415352e-12
33400.056 1.6223032161050933e-11
33450.056 5.9439391581135215e-12
33500.056 2.6320837631669112e-11
33550.056 3.847263363356702e-12
33600.056 1.2589973679050321e-11
33650.056 1.1256905368178335e-11
33700.056 2.6535381442112525e-12
33750.056 1.736083969910338e-11
33800.056 9.507760551413733e-13
33850.056 7.984817309717417e-12
33900.056 9.337053253720586e-12
33950.056 7.487096190018961e-12
34000.056 1.9714161440935573e-11
34050.056 2.645822350638124e-12
34100.056 1.9839249295565093e-11
34150.056 7.562255797008126e-12
34200.056 2.6506313514519545e-11
34250.056 1.1642993272271847e-11
34300.056 1.5037068830370658e-11
34350.056 4.182009689397709e-11
34400.056 9.040156790291283e-12
34450.056 3.512742411569846e-11
34500.056 1.378050941565592e-11
34550.056 1.3969058972662354e-11
34600.056 7.160515192878934e-11
34650.056 7.0074949604888215e-12
34700.056 4.374126528673895e-11
34750.056 2.634096395737443e-11
34800.056 2.5903209767179338e-11
34850.056 8.710088980495007e-11
34900.056 1.2388127692316717e-11
34950.056 7.997077262759724e-11
35000.056 1.3186184880219653e-10
35050.056 7.580175965782169e-11
35100.056 1.583782515277067e-10
35150.056 1.2038720927269606e-10
35200.056 1.0380851228633828e-10
35250.056 1.9525504960732974e-10
35300.056 7.351891604364862e-11
35350.056 7.810992082269495e-11
35400.056 5.197185329482796e-11
35450.056 5.691800649804486e-11
35500.056 2.125012523956769e-10
35550.056 1.0658561304029849e-10
35600.056 1.583365536058995e-10
35650.056 2.139137489450584e-10
35700.056 2.2722613195292628e-10
35750.056 2.420331588313057e-10
35800.056 1.8574040284975492e-10
35850.056 6.583756900458698e-11
35900.056 8.104722652408208e-11
35950.056 1.1578116850621952e-10
36000.056 1.7304742726058292e-10
36050.056 1.084802306038529e-10
36100.056 1.0079771421625981e-10
36150.056 3.141147256258579e-10
36200.056 3.028800849422819e-10
36250.056 1.9257992691716444e-10
36300.056 5.545790485986064e-10
36350.056 2.603399492818194e-10
36400.056 4.87539124371413e-10
36450.056 4.70035292237186e-10
36500.056 4.797059567347766e-10
36550.056 8.116144076691127e-10
36600.056 7.516921973716868e-10
36650.056 5.071475112040963e-10
36700.056 6.525346042441534e-10
36750.056 8.066878518479377e-10
36800.056 9.88975067643761e-10
36850.056 3.813036308164361e-10
36900.056 7.970604351767496e-10
36950.056 9.815472953664127e-10
37000.056 6.088832130959879e-10
37050.056 1.0766917145541215e-09
37100.056 6.057464174074726e-10
37150.056 6.170165703273604e-10
37200.056 1.3518910490600673e-09
37250.056 7.559148995937099e-10
37300.056 4.451725232179022e-10
37350.056 9.147009340439889e-10
37400.056 1.4475406346425248e-09
37450.056 4.92633751560458e-10
37500.056 8.703118926420395e-10
37550.056 1.5991762230917182e-09
37600.056 2.759960768187592e-09
37650.056 6.820423894356524e-10
37700.056 1.439469585597885e-09
37750.056 1.0051849552899641e-09
37800.056 8.962590227006112e-10
37850.056 4.103719529363987e-10
37900.056 5.882584509944673e-10
37950.056 1.3666491846967575e-09
38000.056 1.3111870251918918e-09
38050.056 2.2040564001220336e-09
38100.056 2.4657158933728274e-09
38150.056 2.9974443090940845e-09
38200.056 2.250364166450692e-09
38250.056 2.8399769829856953e-09
38300.056 4.1985950586622735e-09
38350.056 3.656807920409994e-09
38400.056 1.2009375761705282e-09
38450.056 4.1245862272920865e-10
38500.056 2.820581543056414e-10
38550.056 1.3959543178701749e-09
38600.056 1.4303802714144134e-09
38650.056 1.7914145413481692e-09
38700.056 9.092113811576191e-10
38750.056 1.432795404768984e-09
38800.056 1.4669882437955269e-09
38850.056 1.8479631162180865e-09
38900.056 2.279207062100699e-09
38950.056 1.292657736220451e-09
39000.056 2.8166819216188898e-09
39050.056 1.1453025912096265e-09
39100.056 2.14334589209338e-09
39150.056 3.2050453286331075e-09
39200.056 1.971232646084278e-09
39250.056 3.8855264674369785e-09
39300.056 2.0154820212395645e-09
39350.056 4.709057665009641e-09
39400.056 2.1149684212239467e-09
39450.056 3.6002835026687346e-09
39500.056 3.429000599430466e-09
39550.056 1.4264961824656603e-09
39600.056 3.6031538237627705e-09
39650.056 3.999984456829039e-09
39700.056 4.252481143340055e-09
39750.056 1.919178829166005e-09
39800.056 2.117821086764376e-09
39850.056 5.059788871671316e-09
39900.056 6.510113038100486e-09
39950.056 2.1955569923496084e-09
40000.056 4.5109836568811315e-09
40050.056 5.228761918139645e-09
40100.056 1.733338307484006e-09
40150.056 4.849954331350475e-09
40200.056 5.136818990890896e-09
40250.056 5.950708161516151e-09
40300.056 5.8105959879488e-09
40350.056 3.335151838408772e-09
40400.056 4.736210362161716e-09
40450.056 2.1757716219053067e-09
40500.056 6.5292186947451345e-09
40550.056 7.413984405793757e-09
40600.056 5.026659266190213e-09
40650.056 3.693688867211202e-09
40700.056 8.008062100551559e-09
40750.056 5.156909372120881e-09
40800.056 3.1581113395200972e-09
40850.056 1.0546292101412907e-08
40900.056 8.386608179941072e-09
40950.056 7.606926076545045e-09
41000.056 5.2654984892959615e-09
41050.056 1.0972958574585997e-08
41100.056 8.800756644920123e-09
41150.056 3.057514910082651e-09
41200.056 1.1508734124151909e-08
41250.056 7.72954210488423e-09
41300.056 8.304932458861407e-09
41350.056 1.1660056980398144e-08
41400.056 9.471747478679445e-09
41450.056 1.4297091650335643e-08
41500.056 8.820501946895099e-09
41550.056 7.639063228617817e-09
41600.056 7.809278006764736e-09
41650.056 1.174157894416506e-08
41700.056 1.5825207470494758e-08
41750.056 1.1704133381037241e-08
41800.056 1.1137617405332728e-08
41850.056 1.1857938825945532e-08
41900.056 9.494269988258281e-09
41950.056 8.954006021420375e-09
42000.056 4.170063963682534e-09
42050.056 6.7083517530918275e-09
42100.056 6.41069130010699e-09
42150.056 8.44742915394864e-09
42200.056 1.0767634512438348e-08
42250.056 7.804835250403071e-09
42300.056 7.3481140678327995e-09
42350.056 1.2691675371260296e-08
42400.056 1.56786235105023e-08
42450.056 1.5672294481704458e-08
42500.056 1.5667354544296815e-08
42550.056 1.3185283519596118e-08
42600.056 1.2927201895976653e-08
42650.056 2.0413362116392384e-08
42700.056 9.236911297763334e-09
42750.056 1.641182904380322e-08
42800.056 2.4931108576103803e-08
42850.056 2.3732608560793617e-08
42900.056 2.3534371476704965e-08
42950.056 2.0355168891798083e-08
43000.056 2.298387397240391e-08
43050.056 1.191732996612308e-08
43100.056 1.8300107732638338e-08
43150.056 1.4661536472572195e-08
43200.056 2.519483141880232e-08
43250.056 2.9146363655800507e-08
43300.056 2.880415567459881e-08
43350.056 1.69355894417943e-08
43400.056 2.418554597768143e-08
43450.056 1.4660919759340328e-08
43500.056 1.3849485502103128e-08
43550.056 1.592611032750271e-08
43600.056 2.7637765512404366e-08
43650.056 1.798906062131003e-08
43700.056 3.068894428320933e-08
43750.056 2.9122712652095805e-08
43800.056 2.581981568589608e-08
43850.056 2.2929218779801116e-08
43900.056 1.7615498332889814e-08
43950.056 1.0891080939698941e-08
44000.056 1.2216601472738681e-08
44050.056 3.1305676008799394e-08
44100.056 3.670861028179868e-08
44150.056 3.3435444544940483e-08
44200.056 3.2009150572000906e-08
44250.056 1.6980437916898188e-08
44300.056 1.4290353185072144e-08
44350.056 1.4978502711901054e-08
44400.056 1.3265670875168214e-08
44450.056 2.5498541742001313e-08
44500.056 2.4075685921403835e-08
44550.056 3.2951675490798394e-08
44600.056 2.7702477214118612e-08
44650.056 2.4216600169603894e-08
44700.056 1.6895334041398835e-08
44750.056 2.914138584650656e-08
44800.056 1.7659466097449323e-08
44850.056 2.2685485938881703e-08
44900.056 2.2813350879781752e-08
44950.056 2.7216656873103603e-08
45000.056 3.297016953900219e-08
45050.056 2.776796254349545e-08
45100.056 2.4565063277399286e-08
45150.056 2.1335572617145045e-08
45200.056 1.717411497700135e-08
45250.056 2.0811702876193726e-08
45300.056 1.9589511990702985e-08
45350.056 1.3907964732444551e-08
45400.056 4.0629525479004846e-08
45450.056 3.082443738990288e-08
45500.056 3.869091666700239e-08
45550.056 3.905295127678776e-08
45600.056 3.3334958012007e-08
45650.056 2.805505982860026e-08
45700.056 1.865684057685806e-08
45750.056 1.8245527213451285e-08
45800.056 4.0741673937902e-08
45850.056 2.9731553337399704e-08
45900.056 4.057230090319633e-08
45950.056 3.877154352289965e-08
46000.056 3.7935008860654234e-08
46050.056 2.8154705885302615e-08
46100.056 4.7531909410996856e-08
46150.056 2.893220091570148e-08
46200.056 2.392814647359596e-08
46250.056 9.67099727307493e-09
46300.056 2.8112083613399648e-08
46350.056 2.883664460750508e-08
46400.056 2.6707533546900262e-08
46450.056 2.5854279240971004e-08
46500.056 2.8989270830306305e-08
46550.056 1.4478273704400551e-08
46600.056 2.1790818891222886e-08
46650.056 3.3081217722802427e-08
46700.056 2.288822584039414e-08
46750.056 1.0631660298542026e-08
46800.056 6.596953714608154e-09
46850.056 3.1477285769904754e-08
46900.056 3.355097741279899e-08
46950.056 3.426650668699809e-08
47000.056 3.345865273320453e-08
47050.056 2.280962432382879e-08
47100.056 1.712658952420278e-08
47150.056 2.7734013630003088e-08
47200.056 2.9987483806997056e-08
47250.056 1.607351296553819e-08
47300.056 1.0519627677174066e-08
47350.056 3.404592466640219e-08
47400.056 3.0923243057996346e-08
47450.056 2.2773467411513575e-08
47500.056 3.540250325062656e-08
47550.056 3.179151092800172e-08
47600.056 2.7227914209197636e-08
47650.056 3.047750849789478e-08
47700.056 2.3508661042437317e-08
47750.056 1.791823404050058e-08
47800.056 1.4106492216802363e-08
47850.056 6.135647205988372e-09
47900.056 1.0688978380117298e-08
47950.056 2.633339333560104e-08
48000.056 3.520652994900101e-08
48050.056 2.838300418902102e-08
48100.056 1.2410660436365838e-08
48150.056 2.442569811210068e-08
48200.056 1.4360642339095226e-08
48250.056 1.9091661450598503e-08
48300.056 3.468474680399768e-08
48350.056 2.027163471979721e-08
48400.056 4.421870769120727e-09
48450.056 9.298104615663376e-09
48500.056 1.6854972824295783e-08
48550.056 1.848360210547002e-08
48600.056 2.7924882010998067e-08
48650.056 3.507579209099642e-08
48700.056 2.3000422832894584e-08
48750.056 1.8295313517005627e-08
48800.056 3.043570341360094e-08
48850.056 1.58222189743874e-08
48900.056 1.804780445086379e-08
48950.056 9.47513356299992e-09
49000.056 5.010973765150185e-09
49050.056 1.811972031380745e-08
49100.056 2.4662439329034558e-08
49150.056 1.8690800479826365e-08
49200.056 3.0972088510004866e-08
49250.056 3.106438838910074e-08
49300.056 2.625248564899991e-08
49350.056 9.322946043066283e-09
49400.056 1.4483405970875457e-08
49450.056 1.317553097267324e-08
49500.056 9.794185736567436e-09
49550.056 1.6416554753220517e-09
49600.056 5.291204001551058e-09
49650.056 1.6390960064501918e-08
49700.056 1.8671628879193197e-08
49750.056 1.5896578057660548e-08
49800.056 9.698178553768241e-09
49850.056 2.3669062226203826e-08
49900.056 2.0628240450398396e-08
49950.056 2.1203784477700648e-08
50000.056 1.3369990346351327e-08
50050.056 1.697093483088095e-08
50100.056 1.3739281495098753e-08
50150.056 5.553736843708753e-09
50200.056 6.992765034217495e-10
50250.056 5.632540604199931e-09
50300.056 3.4864800630407288e-09
50350.056 1.5936283594803058e-08
50400.056 1.7937659155196737e-08
50450.056 1.463525659312211e-08
50500.056 2.2599254289610657e-08
50550.056 1.933195827450193e-08
50600.056 1.3953408132166462e-08
50650.056 2.4508788618203168e-08
50700.056 2.2224968834896886e-08
50750.056 1.340902136870095e-08
50800.056 3.6584631288672013e-09
50850.056 1.5836320150908439e-09
50900.056 1.3159176368701245e-08
50950.056 1.296315689909842e-08
51000.056 9.385411564804835e-09
51050.056 1.671950280689774e-08
51100.056 5.556336729410956e-09
51150.056 5.381061658676156e-09
51200.056 1.9842293414999816e-08
51250.056 1.4605295154357824e-08
51300.056 9.730555721573726e-09
51350.056 7.770506734396763e-09
51400.056 1.8406068986003915e-09
51450.056 1.5578064187712046e-09
51500.056 1.5821591305642977e-09
51550.056 7.52256118836164e-09
51600.056 7.351605880082314e-09
51650.056 1.0943288199699783e-08
51700.056 1.0622498079592527e-08
51750.056 6.5173473695765275e-09
51800.056 1.3494032196698352e-08
51850.056 1.0737848570499116e-08
51900.056 1.1218907303699171e-08
51950.056 5.461164043899433e-09
52000.056 3.864051156918435e-10
52050.056 2.6735474373403508e-09
52100.056 1.3053380235037163e-09
52150.056 6.428645546970868e-10
52200.056 3.1573145686399513e-09
52250.056 5.4666900281314985e-09
52300.056 6.392427042879576e-09
52350.056 1.5675426681583873e-09
52400.056 1.8252823337670047e-09
52450.056 8.988156162900504e-09
52500.056 5.995513224681371e-09
52550.056 8.820261121599535e-09
52600.056 7.012218297679754e-09
52650.056 8.460977888400484e-09
52700.056 5.629160759109459e-09
52750.056 1.4705278755032648e-09
52800.056 3.4286786883306593e-09
52850.056 4.037658965468982e-09
52900.056 1.163179660045886e-09
52950.056 2.356938641632387e-09
53000.056 5.072382648101108e-09
53050.056 1.635218128581454e-09
53100.056 7.090392908899319e-09
53150.056 6.912989730822416e-09
53200.056 3.3772834752165216e-09
53250.056 5.859748605112293e-09
53300.056 7.42469058098714e-09
53350.056 5.5157172292764915e-09
53400.056 3.2388762120988717e-09
53450.056 8.781830099446462e-10
53500.056 9.906333655696341e-11
