galfind/configs/Brown_Dwarf_templates/sonora_bobcat/m-0.5/10g/sp_t1700g10nc_m-0.5_resample.dat
# %ECSV 1.0
# ---
# datatype:
# - {name: wav, unit: Angstrom, datatype: float64}
# - {name: flux_nu, unit: erg / (cm2 Hz s), datatype: float64}
# meta: {C/O: '1.00', Kzz: '1.0000E+05', Teff: '1700.', Y: '0.28', '[Fe/H]': '-0.50', f_hole: '1.00', f_rain: '0.00', grav: '10.'}
# schema: astropy-2.0
wav flux_nu
4000.0559999999996 nan
4050.0559999999996 8.28209026742727e-10
4100.056 1.1091144669275521e-09
4150.056 7.088753116917049e-10
4200.056 4.610469845788325e-10
4250.056 3.778827903993882e-10
4300.056 2.0545379863305855e-10
4350.056 2.445372330670116e-10
4400.056 2.453581303120616e-10
4450.056 1.4988583240100988e-10
4500.056 1.781165734800084e-10
4550.056 2.3165814189993126e-10
4600.056 2.1724314593998633e-10
4650.056 1.8884280709601601e-10
4700.056 2.334810570980717e-10
4750.056 2.9725226951794707e-10
4800.056 2.1868881497899772e-10
4850.056 2.737913564350237e-10
4900.056 5.099644879119373e-10
4950.056 6.275994722900269e-10
5000.056 3.128100731969763e-10
5050.056 3.4375111406304257e-10
5100.056 5.257797050850993e-10
5150.056 5.535229398952409e-10
5200.056 4.039707988109947e-10
5250.056 4.699760863690379e-10
5300.056 5.417310133920182e-10
5350.056 5.716596841800704e-10
5400.056 6.27599996939998e-10
5450.056 5.228793845079712e-10
5500.056 3.9615047375797634e-10
5550.056 4.1761149971995535e-10
5600.056 3.7226513027001095e-10
5650.056 3.0389910638999446e-10
5700.056 2.2541242575999866e-10
5750.056 1.1880327868799552e-10
5800.056 5.1003479968998787e-11
5850.056 1.2250801982299634e-11
5900.056 1.0265970622623562e-12
5950.056 3.478274371360101e-11
6000.056 1.8416150822900385e-10
6050.056 5.41539760840009e-10
6100.056 9.694199095500648e-10
6150.056 1.4782904219699497e-09
6200.056 1.8065242588400062e-09
6250.056 2.452117568900069e-09
6300.056 3.5164751844000573e-09
6350.056 4.537453708800116e-09
6400.056 5.667698534699987e-09
6450.056 7.105563509699405e-09
6500.056 7.317836869599289e-09
6550.056 8.551172708598702e-09
6600.056 8.764516414500434e-09
6650.056 8.763462576300803e-09
6700.056 6.3890734574406265e-09
6750.056 9.875084883900631e-09
6800.056 1.1599252142000542e-08
6850.056 1.4599757526300129e-08
6900.056 1.6694277087500356e-08
6950.056 1.7321753239098613e-08
7000.056 1.9194706127298904e-08
7050.056 1.8092817110200862e-08
7100.056 1.4569829680099103e-08
7150.056 1.429970902150053e-08
7200.056 1.8390542869599737e-08
7250.056 2.394505036600116e-08
7300.056 3.1911340331003015e-08
7350.056 3.675558532500117e-08
7400.056 3.680341471420095e-08
7450.056 3.3961496370191344e-08
7500.056 3.519426130399781e-08
7550.056 3.6527807561000776e-08
7600.056 2.436120160399928e-08
7650.056 3.866765572292714e-09
7700.056 1.0999836614406127e-09
7750.056 1.668453101640056e-08
7800.056 2.97636082519749e-08
7850.056 4.139380949900045e-08
7900.056 4.2433014003007534e-08
7950.056 3.922327475180264e-08
8000.056 4.93078589699965e-08
8050.056 7.446791738898926e-08
8100.056 1.2084257375102968e-07
8150.056 1.9547590910701855e-07
8200.056 1.5913998028537997e-07
8250.056 1.711390685830075e-07
8300.056 1.4531021471204385e-07
8350.056 1.599920096230374e-07
8400.056 1.6853769679301218e-07
8450.056 1.1898297578997357e-07
8500.056 1.1022209093117434e-07
8550.056 1.2580570057501258e-07
8600.056 1.3536408783295544e-07
8650.056 1.538896901209752e-07
8700.056 1.7401416090806774e-07
8750.056 2.3076325683003672e-07
8800.056 3.485215890791002e-07
8850.056 3.610695123630667e-07
8900.056 2.361696342129758e-07
8950.056 2.490187796078047e-07
9000.056 3.301152726440355e-07
9050.056 3.6020546038990755e-07
9100.056 4.808767447720233e-07
9150.056 5.756410200689999e-07
9200.056 5.368915764220001e-07
9250.056 3.0422392299795134e-07
9300.056 2.3638880414822663e-07
9350.056 2.7198574729238415e-07
9400.056 3.1508215484042457e-07
9450.056 3.6657329586840996e-07
9500.056 4.5155924575430874e-07
9550.056 5.414905701951452e-07
9600.056 5.723574773400004e-07
9650.056 6.902940556749567e-07
9700.056 7.742181177868844e-07
9750.056 5.560800215337778e-07
9800.056 6.475359726034049e-07
9850.056 6.513711904668776e-07
9900.056 6.106846012350027e-07
9950.056 5.750251702490028e-07
10000.056 5.604941317598993e-07
10050.056 5.788782144080006e-07
10100.056 7.496001664632384e-07
10150.056 7.237106393288028e-07
10200.056 8.017276224299579e-07
10250.056 7.898890282227264e-07
10300.056 7.993748965787951e-07
10350.056 9.405744251298104e-07
10400.056 1.0368058341799087e-06
10450.056 1.131607234300233e-06
10500.056 1.0746551413498827e-06
10550.056 1.0996940864603658e-06
10600.056 1.2241762096103248e-06
10650.056 1.3305169235599575e-06
10700.056 1.4715732598801031e-06
10750.056 1.6562385330901561e-06
10800.056 1.7775556015698663e-06
10850.056 1.954849641529776e-06
10900.056 1.8285525380498023e-06
10950.056 1.6090450444416636e-06
11000.056 1.550318290867e-06
11050.056 1.054978745692356e-06
11100.056 1.1694843853292006e-06
11150.056 1.2162623727783163e-06
11200.056 1.2429756271500832e-06
11250.056 1.4454099567830232e-06
11300.056 1.4523856510352004e-06
11350.056 1.2875793833213861e-06
11400.056 1.1634385773153315e-06
11450.056 1.4223410727562306e-06
11500.056 1.6137699454730267e-06
11550.056 1.5311361110252923e-06
11600.056 1.629655733919421e-06
11650.056 1.7029951018741153e-06
11700.056 1.4032251601322021e-06
11750.056 1.4014209908966637e-06
11800.056 1.4198459197163654e-06
11850.056 1.7513484736431888e-06
11900.056 1.7925592837055213e-06
11950.056 1.8786728321468019e-06
12000.056 1.7659470207501192e-06
12050.056 2.014221389921363e-06
12100.056 2.018390271599863e-06
12150.056 2.258649206849798e-06
12200.056 2.3402865267294863e-06
12250.056 2.5256400754095063e-06
12300.056 2.6479291035304754e-06
12350.056 2.7052210026303447e-06
12400.056 2.4739578611397607e-06
12450.056 2.088587752640067e-06
12500.056 2.307436299409559e-06
12550.056 2.3502354479450316e-06
12600.056 2.5074605963800767e-06
12650.056 2.6621495872396657e-06
12700.056 2.860970432979956e-06
12750.056 2.831797505420242e-06
12800.056 3.06362924399978e-06
12850.056 2.9758743489402183e-06
12900.056 2.8692181965996154e-06
12950.056 3.0065290576794002e-06
13000.056 3.0653634666991733e-06
13050.056 3.1192467487027094e-06
13100.056 3.0955846673615247e-06
13150.056 3.0583895500866644e-06
13200.056 2.912027574233735e-06
13250.056 2.6851364101661325e-06
13300.056 2.1862656669570057e-06
13350.056 1.2840389970243334e-06
13400.056 1.1299925338019919e-06
13450.056 9.483418871588954e-07
13500.056 9.24518790807655e-07
13550.056 8.502661170337256e-07
13600.056 7.375479095805107e-07
13650.056 8.444363505904355e-07
13700.056 7.228738142946241e-07
13750.056 7.087093696746443e-07
13800.056 8.415365673728759e-07
13850.056 8.326693996757096e-07
13900.056 8.334178607628032e-07
13950.056 7.869880936893173e-07
14000.056 7.311308871369115e-07
14050.056 7.318865424997406e-07
14100.056 6.462944967981671e-07
14150.056 6.509431185360967e-07
14200.056 6.05937704158625e-07
14250.056 5.948361705758823e-07
14300.056 6.202207730719871e-07
14350.056 6.072990234659746e-07
14400.056 6.723744363607164e-07
14450.056 7.024468266466033e-07
14500.056 8.1326947829914e-07
14550.056 8.377369790798034e-07
14600.056 8.765567633064152e-07
14650.056 8.688400138595166e-07
14700.056 7.950503205264485e-07
14750.056 8.603583110312583e-07
14800.056 9.150867019993602e-07
14850.056 9.929680048746054e-07
14900.056 1.0123949178990536e-06
14950.056 1.016869215615156e-06
15000.056 1.06063548951237e-06
15050.056 1.1765288464815782e-06
15100.056 1.1963584116962021e-06
15150.056 1.284825716665128e-06
15200.056 1.3210983595658921e-06
15250.056 1.3359264188418278e-06
15300.056 1.4408827444798663e-06
15350.056 1.4842477843670239e-06
15400.056 1.5670668978000812e-06
15450.056 1.6661488409422068e-06
15500.056 1.7052789012395833e-06
15550.056 1.829650556589908e-06
15600.056 1.8030187177902478e-06
15650.056 1.923392644180114e-06
15700.056 2.1029324271509284e-06
15750.056 2.2100128670498354e-06
15800.056 2.2183857347607363e-06
15850.056 2.1914195055800556e-06
15900.056 2.2502604949404098e-06
15950.056 2.334865120839858e-06
16000.056 2.397692842319859e-06
16050.056 2.4895517964801774e-06
16100.056 2.595432072240298e-06
16150.056 2.561794089330282e-06
16200.056 2.6736835342396884e-06
16250.056 2.694551744109925e-06
16300.056 2.7128702805200313e-06
16350.056 2.875163061369837e-06
16400.056 2.8512459374205823e-06
16450.056 2.91420085533013e-06
16500.056 3.043230080340511e-06
16550.056 3.1674405017499018e-06
16600.056 3.0117838748106117e-06
16650.056 3.2762079699001378e-06
16700.056 3.1611715535894053e-06
16750.056 3.2322580355095148e-06
16800.056 3.3654872519600896e-06
16850.056 3.3416389566499493e-06
16900.056 3.2464975351002292e-06
16950.056 3.2387879346795397e-06
17000.056 3.213730373560432e-06
17050.056 3.1605962162600668e-06
17100.056 2.961125337630776e-06
17150.056 2.888099768269748e-06
17200.056 2.6313569589098026e-06
17250.056 2.473032613698826e-06
17300.056 2.508303466597483e-06
17350.056 2.36990843411626e-06
17400.056 2.454059585788104e-06
17450.056 2.2620320455876496e-06
17500.056 2.1446043458600685e-06
17550.056 2.157246661667107e-06
17600.056 2.0416916604850027e-06
17650.056 2.0619861447465706e-06
17700.056 1.760937240695745e-06
17750.056 1.6649251193440753e-06
17800.056 1.691064157643384e-06
17850.056 1.5257270597482285e-06
17900.056 1.5363244179759054e-06
17950.056 1.492364108336552e-06
18000.056 1.3443163087691377e-06
18050.056 1.3451481906056325e-06
18100.056 1.28393584726598e-06
18150.056 1.468051651836553e-06
18200.056 1.1661625861744026e-06
18250.056 1.4174427007256312e-06
18300.056 1.3557312097159654e-06
18350.056 1.2339769395653107e-06
18400.056 1.2262392495331956e-06
18450.056 1.1176719826401643e-06
18500.056 1.1579084515174006e-06
18550.056 1.0753912924283207e-06
18600.056 9.078812917532846e-07
18650.056 1.0501006336963852e-06
18700.056 1.1315311428862395e-06
18750.056 1.0790200056181892e-06
18800.056 1.1358896792144744e-06
18850.056 1.3089440789468364e-06
18900.056 1.2715807304572907e-06
18950.056 1.280827608933987e-06
19000.056 1.366324484625736e-06
19050.056 1.3167852876599875e-06
19100.056 1.3699070426694772e-06
19150.056 1.4271653459720296e-06
19200.056 1.4043141039856976e-06
19250.056 1.3316797145576052e-06
19300.056 1.3959536188422848e-06
19350.056 1.358020627048146e-06
19400.056 1.2062463049914699e-06
19450.056 1.3987871808982259e-06
19500.056 1.3688302022217026e-06
19550.056 1.161734390065605e-06
19600.056 1.3733672919179147e-06
19650.056 1.3558186692228807e-06
19700.056 1.3698089164742063e-06
19750.056 1.2815577816102978e-06
19800.056 1.339914580938723e-06
19850.056 1.3737604321419919e-06
19900.056 1.217507551520316e-06
19950.056 1.4424983109470976e-06
20000.056 1.2782034717722453e-06
20050.056 1.3672254670058517e-06
20100.056 1.459534306504018e-06
20150.056 1.4205563362460178e-06
20200.056 1.4746853192694402e-06
20250.056 1.565035715781035e-06
20300.056 1.5625663008870451e-06
20350.056 1.6128344275097663e-06
20400.056 1.6000074308731692e-06
20450.056 1.73991299289976e-06
20500.056 1.7180471421352021e-06
20550.056 1.7608599390400746e-06
20600.056 1.8951176465704897e-06
20650.056 1.8556068975806737e-06
20700.056 1.9369371968402057e-06
20750.056 1.9964070758296345e-06
20800.056 2.0739121553802304e-06
20850.056 2.071174508229836e-06
20900.056 2.1634286015296618e-06
20950.056 2.202281193929953e-06
21000.056 2.3238243365998847e-06
21050.056 2.3192682413400815e-06
21100.056 2.3633545574799906e-06
21150.056 2.4982000892000775e-06
21200.056 2.4646365644102165e-06
21250.056 2.593442754339807e-06
21300.056 2.5101806967898624e-06
21350.056 2.6994827513000254e-06
21400.056 2.589597260150377e-06
21450.056 2.8281946407699884e-06
21500.056 2.693566246700239e-06
21550.056 2.749606841649825e-06
21600.056 2.821876966200396e-06
21650.056 2.779351784790306e-06
21700.056 2.925402102019849e-06
21750.056 2.8372773255899052e-06
21800.056 2.8254874422697278e-06
21850.056 2.8335636937697727e-06
21900.056 2.9027110500303507e-06
21950.056 2.8232666513902454e-06
22000.056 2.873984687450031e-06
22050.056 2.7557859949294808e-06
22100.056 2.8641460756399467e-06
22150.056 2.864210161480212e-06
22200.056 2.764584802510695e-06
22250.056 2.881214167650337e-06
22300.056 2.8544486422798315e-06
22350.056 2.767214072570197e-06
22400.056 2.870371859940164e-06
22450.056 2.8053980575996624e-06
22500.056 2.8536053063398945e-06
22550.056 2.7756205244394234e-06
22600.056 2.8059929161200263e-06
22650.056 2.755247580030732e-06
22700.056 2.730228236980745e-06
22750.056 2.8211831268198527e-06
22800.056 2.6947222345100195e-06
22850.056 2.715002827300372e-06
22900.056 2.7846285321498682e-06
22950.056 2.0773614621403482e-06
23000.056 2.3095969050951624e-06
23050.056 2.4118294852095933e-06
23100.056 2.3014268687538315e-06
23150.056 2.3908481778755028e-06
23200.056 2.3238381781741e-06
23250.056 1.9881191382315113e-06
23300.056 2.097156029063181e-06
23350.056 2.165862753050057e-06
23400.056 2.0687118644480936e-06
23450.056 2.1567916572120314e-06
23500.056 2.098788579929594e-06
23550.056 1.938884853119561e-06
23600.056 1.954606767710421e-06
23650.056 2.0786290121717475e-06
23700.056 2.014019842657425e-06
23750.056 2.001274958312387e-06
23800.056 1.97440326668826e-06
23850.056 1.738769928191271e-06
23900.056 1.939389244139772e-06
23950.056 1.9836334028807417e-06
24000.056 1.8852496144365285e-06
24050.056 1.8962384441471329e-06
24100.056 1.7238388935925066e-06
24150.056 1.7035266305085695e-06
24200.056 1.7196903826403002e-06
24250.056 1.670222604780373e-06
24300.056 1.6143414728300383e-06
24350.056 1.507410805410194e-06
24400.056 1.672301211299752e-06
24450.056 1.4816761057277728e-06
24500.056 1.3791166776418169e-06
24550.056 1.365928844758007e-06
24600.056 1.4060774117872827e-06
24650.056 1.5253028859429143e-06
24700.056 1.2725325781919153e-06
24750.056 1.2095074529925769e-06
24800.056 1.1676704356613507e-06
24850.056 1.3733615721099165e-06
24900.056 1.0430698422157515e-06
24950.056 1.309779708884786e-06
25000.056 1.1642433501100272e-06
25050.056 9.214751777112528e-07
25100.056 1.1132371533970547e-06
25150.056 9.354966170470314e-07
25200.056 1.01773841961169e-06
25250.056 9.54357456727787e-07
25300.056 1.0531298463260636e-06
25350.056 8.508213139980442e-07
25400.056 9.783169097734227e-07
25450.056 8.55026447351995e-07
25500.056 9.170882218393441e-07
25550.056 8.552190259471858e-07
25600.056 8.854656477501121e-07
25650.056 7.869918800779696e-07
25700.056 1.0132618297255619e-06
25750.056 7.214780213261229e-07
25800.056 9.759798913342371e-07
25850.056 8.355271687377911e-07
25900.056 9.588597608841628e-07
25950.056 8.167888802158984e-07
26000.056 9.707043000213226e-07
26050.056 1.0293019962171048e-06
26100.056 1.0143016545779876e-06
26150.056 1.0159491555316597e-06
26200.056 9.644664930290045e-07
26250.056 9.870536556173248e-07
26300.056 9.999584981861363e-07
26350.056 1.0091785362958738e-06
26400.056 1.0510903428305714e-06
26450.056 1.0474965689371708e-06
26500.056 1.096213441276469e-06
26550.056 1.0390995157676217e-06
26600.056 1.2484201178136315e-06
26650.056 9.501922904368666e-07
26700.056 9.667408907870565e-07
26750.056 8.473613633596507e-07
26800.056 9.805309743565825e-07
26850.056 7.744325940470096e-07
26900.056 1.0341462775711418e-06
26950.056 7.104548163209531e-07
27000.056 9.888144768463737e-07
27050.056 8.233102894650258e-07
27100.056 8.339521430378291e-07
27150.056 9.055327052169345e-07
27200.056 8.826405816573683e-07
27250.056 8.290290470774416e-07
27300.056 9.709641896729299e-07
27350.056 9.451873817756411e-07
27400.056 7.759157303549639e-07
27450.056 1.0573970313494762e-06
27500.056 9.662993634799251e-07
27550.056 9.059408629518971e-07
27600.056 1.0827423245997506e-06
27650.056 8.110205888858493e-07
27700.056 7.919489375281405e-07
27750.056 1.0743766894063751e-06
27800.056 7.547885269018636e-07
27850.056 8.637603918373364e-07
27900.056 8.942753183111563e-07
27950.056 1.0314304447039383e-06
28000.056 9.91250968890363e-07
28050.056 7.367215097472288e-07
28100.056 1.0958940283054518e-06
28150.056 8.679496128050229e-07
28200.056 7.338145030350739e-07
28250.056 9.553113280901059e-07
28300.056 1.1098980202591268e-06
28350.056 8.578328358006276e-07
28400.056 8.96906277829929e-07
28450.056 9.34235550044718e-07
28500.056 9.54193954064755e-07
28550.056 6.841100841847142e-07
28600.056 1.1037916060599165e-06
28650.056 1.0191633515418462e-06
28700.056 9.177785403107082e-07
28750.056 1.0445404291099994e-06
