galfind/configs/Brown_Dwarf_templates/sonora_bobcat/m-0.5/10g/sp_t750g10nc_m-0.5_resample.dat
# %ECSV 1.0
# ---
# datatype:
# - {name: wav, unit: Angstrom, datatype: float64}
# - {name: flux_nu, unit: erg / (cm2 Hz s), datatype: float64}
# meta: {C/O: '1.00', Kzz: '1.0000E+05', Teff: '750.', Y: '0.28', '[Fe/H]': '-0.50', f_hole: '1.00', f_rain: '0.00', grav: '10.'}
# schema: astropy-2.0
wav flux_nu
4000.0559999999996 nan
4050.0559999999996 2.460107033946416e-14
4100.056 1.2571698564998967e-12
4150.056 4.272021536480389e-12
4200.056 3.6109195168777817e-12
4250.056 8.411637270001415e-12
4300.056 1.1102890585301003e-11
4350.056 1.2616354788600937e-11
4400.056 1.5991777776401025e-11
4450.056 1.83185341321001e-11
4500.056 1.895959014440139e-11
4550.056 2.2786041640835095e-11
4600.056 2.577285591100806e-11
4650.056 2.3311834779398053e-11
4700.056 2.239608753969979e-11
4750.056 1.2798791050699915e-11
4800.056 4.324968211399951e-12
4850.056 1.2279058308199828e-12
4900.056 4.5266920355999686e-13
4950.056 1.720927617519982e-13
5000.056 4.659706152399934e-14
5050.056 1.3973360581999993e-14
5100.056 1.0579102996800008e-14
5150.056 9.139568431999926e-15
5200.056 8.14332581359999e-15
5250.056 7.454278479499982e-15
5300.056 7.038102720499998e-15
5350.056 6.8773154635999994e-15
5400.056 6.9345321064999795e-15
5450.056 7.009638515999954e-15
5500.056 7.061662861099993e-15
5550.056 7.089774190299999e-15
5600.056 7.062698955999983e-15
5650.056 6.885030372400014e-15
5700.056 6.5133385571000035e-15
5750.056 5.648100779599983e-15
5800.056 4.363408163599982e-15
5850.056 2.507181728859963e-15
5900.056 6.181206174898634e-16
5950.056 5.670606588700108e-15
6000.056 1.501784779720014e-14
6050.056 3.068818416500024e-14
6100.056 5.4617434180000224e-14
6150.056 9.077955305700049e-14
6200.056 1.4615929287000077e-13
6250.056 2.3253447668000097e-13
6300.056 3.655613068700026e-13
6350.056 5.755547585100046e-13
6400.056 9.113429936100045e-13
6450.056 1.4309198731999813e-12
6500.056 2.2897540252800018e-12
6550.056 3.664862588900015e-12
6600.056 5.877022059400115e-12
6650.056 9.318295514000077e-12
6700.056 1.1995959322631097e-11
6750.056 2.138904917200013e-11
6800.056 2.952411692800015e-11
6850.056 3.466538934500006e-11
6900.056 3.2920334347000516e-11
6950.056 2.8670370240499765e-11
7000.056 2.877510021400045e-11
7050.056 3.139471821359944e-11
7100.056 3.465312115599979e-11
7150.056 3.435544891993931e-11
7200.056 3.2582900917295406e-11
7250.056 3.0352304394597706e-11
7300.056 2.6496022494679914e-11
7350.056 2.2804159317139274e-11
7400.056 1.9501637147400608e-11
7450.056 1.6091589027100307e-11
7500.056 1.2810835739999926e-11
7550.056 9.57593681809994e-12
7600.056 6.84066949309994e-12
7650.056 1.426062612848713e-12
7700.056 7.151759975978487e-13
7750.056 6.128823098500152e-12
7800.056 1.2275139237436243e-11
7850.056 2.6618878233000076e-11
7900.056 4.5370047704000006e-11
7950.056 5.896526263152298e-11
8000.056 1.1811522334700202e-10
8050.056 1.7684750819000605e-10
8100.056 2.375715148996029e-10
8150.056 3.213879619477315e-10
8200.056 4.5971454416396156e-10
8250.056 5.939838261067542e-10
8300.056 7.762390242895908e-10
8350.056 9.569842558525089e-10
8400.056 1.1933577854289832e-09
8450.056 1.5258761888979234e-09
8500.056 1.6866409728340319e-09
8550.056 2.259937422660038e-09
8600.056 2.9025963797000204e-09
8650.056 3.4459070154000615e-09
8700.056 4.0350652594999025e-09
8750.056 4.7260120863000405e-09
8800.056 5.343710083500106e-09
8850.056 5.4688827469998175e-09
8900.056 3.656721457169697e-09
8950.056 3.828250701158161e-09
9000.056 4.06698636008643e-09
9050.056 7.289983225417648e-09
9100.056 8.670014891146147e-09
9150.056 9.244528729005417e-09
9200.056 1.1575568157460763e-08
9250.056 1.1725810654123469e-08
9300.056 5.4374612950157644e-09
9350.056 6.2956320028788614e-09
9400.056 8.43726864400817e-09
9450.056 1.0585610702641412e-08
9500.056 1.0062236265522275e-08
9550.056 1.1645448054015686e-08
9600.056 1.1235432416093386e-08
9650.056 1.298913324323903e-08
9700.056 1.5483953512230823e-08
9750.056 1.5932952084646384e-08
9800.056 1.747945308818897e-08
9850.056 1.9655097582176002e-08
9900.056 2.245148087364688e-08
9950.056 2.23470488682852e-08
10000.056 2.058680132237574e-08
10050.056 2.7180856833900926e-08
10100.056 3.326530739629419e-08
10150.056 3.779484882139405e-08
10200.056 4.3649153921999904e-08
10250.056 4.9311482396701606e-08
10300.056 5.649291597199809e-08
10350.056 6.4502666303e-08
10400.056 7.5483970833998e-08
10450.056 8.173683211499223e-08
10500.056 8.473457185100048e-08
10550.056 8.877667136100351e-08
10600.056 9.297639974299567e-08
10650.056 1.0003499015460286e-07
10700.056 1.0253393944990653e-07
10750.056 1.073518672888438e-07
10800.056 1.0857746783314308e-07
10850.056 1.0394383791589263e-07
10900.056 7.906980171743655e-08
10950.056 4.543155085089209e-08
11000.056 3.798637696635402e-08
11050.056 2.927269569221392e-08
11100.056 2.112378451041397e-08
11150.056 1.2454755939724781e-08
11200.056 1.019922508310708e-08
11250.056 1.181162067305147e-08
11300.056 1.393430982908638e-08
11350.056 6.601178038821539e-09
11400.056 1.1015168543676791e-08
11450.056 9.33830131398157e-09
11500.056 6.6968454430664835e-09
11550.056 2.4829115731416963e-09
11600.056 3.0429699026096786e-09
11650.056 6.23474605411371e-09
11700.056 6.312169969242815e-09
11750.056 1.5266061713006314e-09
11800.056 6.792568171843516e-09
11850.056 1.1600533040989743e-08
11900.056 1.379350380353432e-08
11950.056 2.0166145310764407e-08
12000.056 2.848975733069627e-08
12050.056 3.8997383582646384e-08
12100.056 5.2417850151768966e-08
12150.056 6.86818395463812e-08
12200.056 8.24880433221455e-08
12250.056 1.0099000053745717e-07
12300.056 1.2230200863421947e-07
12350.056 1.290275468943017e-07
12400.056 1.531476628151937e-07
12450.056 1.6398323552001377e-07
12500.056 1.7813738872700447e-07
12550.056 1.922954640804159e-07
12600.056 2.179617703330123e-07
12650.056 2.1538273870379665e-07
12700.056 2.1938394138663743e-07
12750.056 2.073721800053985e-07
12800.056 2.0090674405095272e-07
12850.056 1.687444695703701e-07
12900.056 1.449065469200137e-07
12950.056 1.3834631092134767e-07
13000.056 1.2451732709891907e-07
13050.056 1.0317536431161158e-07
13100.056 9.182716461969377e-08
13150.056 7.159895698954443e-08
13200.056 6.066914417679496e-08
13250.056 4.6031406418904254e-08
13300.056 2.1213037722111405e-08
13350.056 7.064154778096656e-09
13400.056 5.519084792892842e-09
13450.056 2.8035043394977616e-09
13500.056 1.829597327780125e-09
13550.056 1.194695829592587e-09
13600.056 4.476344330551967e-10
13650.056 1.3050261354133126e-09
13700.056 1.0748705537262295e-09
13750.056 9.657802014165203e-10
13800.056 9.609860563485185e-10
13850.056 7.794461215420505e-10
13900.056 8.559334408036746e-10
13950.056 7.008559744005575e-10
14000.056 7.354375828092899e-10
14050.056 9.779756537256699e-10
14100.056 1.0829340548203524e-09
14150.056 1.5975639666437131e-09
14200.056 1.2700872030401913e-09
14250.056 1.5626191840950747e-09
14300.056 2.50972216078323e-09
14350.056 2.7693715043540695e-09
14400.056 3.3353024285649162e-09
14450.056 3.848713923691098e-09
14500.056 6.834906792075862e-09
14550.056 8.109613303924519e-09
14600.056 1.0059940755908633e-08
14650.056 1.0006049387779597e-08
14700.056 7.840730346124348e-09
14750.056 8.477841508066765e-09
14800.056 1.234506898236005e-08
14850.056 1.4377077713672662e-08
14900.056 1.5324165055580974e-08
14950.056 1.6495294043539112e-08
15000.056 2.125063851894191e-08
15050.056 2.2106991473473575e-08
15100.056 2.2732142585658972e-08
15150.056 2.5006676278966555e-08
15200.056 2.852483992303765e-08
15250.056 3.792486602757431e-08
15300.056 4.392552804796693e-08
15350.056 4.967784840833616e-08
15400.056 5.8012538862028385e-08
15450.056 6.55302531614218e-08
15500.056 6.995264532551913e-08
15550.056 8.085816400496547e-08
15600.056 8.619926003098237e-08
15650.056 9.486395298960108e-08
15700.056 1.0949392084913564e-07
15750.056 1.161922457522906e-07
15800.056 1.152291727396243e-07
15850.056 1.1995779632900795e-07
15900.056 1.0537248239100325e-07
15950.056 9.377167863597919e-08
16000.056 6.949000661800657e-08
16050.056 4.239511056880806e-08
16100.056 2.8308259353806894e-08
16150.056 1.7626218513997898e-08
16200.056 1.0942984654119156e-08
16250.056 8.60254727336476e-09
16300.056 6.2448967993370545e-09
16350.056 6.94153117513103e-09
16400.056 8.634512555678375e-09
16450.056 8.883817078382963e-09
16500.056 9.009988854110475e-09
16550.056 9.10772833155137e-09
16600.056 8.942929669773916e-09
16650.056 7.358713396263234e-09
16700.056 1.993473218594808e-09
16750.056 3.2064452269227726e-09
16800.056 5.7611246024727045e-09
16850.056 6.816080552865519e-09
16900.056 4.824330608385318e-09
16950.056 3.4299586311457534e-09
17000.056 2.390003515962813e-09
17050.056 4.109789147361743e-09
17100.056 5.907337205042225e-09
17150.056 3.9156867516721336e-09
17200.056 7.797907511066568e-09
17250.056 6.853625183272933e-09
17300.056 4.613515423337967e-09
17350.056 4.318807963697072e-09
17400.056 5.551930262663136e-09
17450.056 7.2584203754076586e-09
17500.056 9.091262447291305e-09
17550.056 8.839921952332273e-09
17600.056 7.318097781585357e-09
17650.056 7.407173012611842e-09
17700.056 5.52721419794885e-09
17750.056 5.7833993030019785e-09
17800.056 9.656670352984729e-09
17850.056 6.613864443746716e-09
17900.056 5.294522215146375e-09
17950.056 4.659920603254496e-09
18000.056 5.877773835136066e-09
18050.056 6.517709027221159e-09
18100.056 7.587865696048424e-09
18150.056 9.076668827688118e-09
18200.056 6.1897604703009545e-09
18250.056 1.2005395580702393e-08
18300.056 7.985444696148493e-09
18350.056 6.414869930350477e-09
18400.056 6.391843436830313e-09
18450.056 8.746616514732299e-09
18500.056 9.414948614379971e-09
18550.056 7.572719281011317e-09
18600.056 7.2723578894050725e-09
18650.056 7.117477194442966e-09
18700.056 5.845268639383605e-09
18750.056 8.3634656444041e-09
18800.056 1.3796095057562353e-08
18850.056 1.5281229645685387e-08
18900.056 1.475902507425868e-08
18950.056 1.9345058797169915e-08
19000.056 1.409038135662813e-08
19050.056 1.0426839251628645e-08
19100.056 1.583646255159425e-08
19150.056 1.1942277367391033e-08
19200.056 1.3737196377959874e-08
19250.056 1.1140940547317806e-08
19300.056 1.0148787882966386e-08
19350.056 8.658703441725586e-09
19400.056 7.2757203969068014e-09
19450.056 1.1824994045246895e-08
19500.056 1.0556310185772675e-08
19550.056 8.442345796538954e-09
19600.056 1.265179940355459e-08
19650.056 1.2602028179809893e-08
19700.056 1.3521680429654702e-08
19750.056 1.562001384185208e-08
19800.056 1.5176398302156062e-08
19850.056 1.9196303268101018e-08
19900.056 1.6737802097559555e-08
19950.056 2.3947862796196815e-08
20000.056 2.328381670602963e-08
20050.056 2.3611929650444548e-08
20100.056 2.9707646736385556e-08
20150.056 2.5220032719897193e-08
20200.056 2.6266219473123516e-08
20250.056 3.2378648733437883e-08
20300.056 3.335076653760749e-08
20350.056 3.6129257403502115e-08
20400.056 3.473876878024625e-08
20450.056 4.102788953780811e-08
20500.056 4.444131504684528e-08
20550.056 4.460211461458752e-08
20600.056 4.762253528265856e-08
20650.056 4.950703300626987e-08
20700.056 5.1231796595235046e-08
20750.056 5.317417989292603e-08
20800.056 5.28063854835518e-08
20850.056 5.244418831000146e-08
20900.056 5.3634462630783395e-08
20950.056 5.0762052638497504e-08
21000.056 4.8468361562816316e-08
21050.056 4.8239481348192564e-08
21100.056 4.495682570650612e-08
21150.056 4.487304002851161e-08
21200.056 4.1022724076993436e-08
21250.056 3.791499120399614e-08
21300.056 3.240454765644247e-08
21350.056 3.235110163321702e-08
21400.056 3.0362827412373973e-08
21450.056 2.698978529541422e-08
21500.056 2.4578263959422177e-08
21550.056 2.2169708147708076e-08
21600.056 1.8936492999630416e-08
21650.056 1.5896686638213408e-08
21700.056 1.579353691144854e-08
21750.056 1.423086395791764e-08
21800.056 1.2186833067190189e-08
21850.056 1.1358777783630605e-08
21900.056 8.183783139139256e-09
21950.056 4.706954076904928e-09
22000.056 1.8375273878571418e-09
22050.056 1.2404273813619214e-09
22100.056 2.448555216674149e-09
22150.056 3.6680954535228166e-09
22200.056 4.105643674235618e-09
22250.056 3.3412799515237046e-09
22300.056 2.601545438930655e-09
22350.056 2.6487889370048524e-09
22400.056 1.7147707008783003e-09
22450.056 1.6414747657808289e-09
22500.056 1.392305854683417e-09
22550.056 1.130580463578751e-09
22600.056 1.1383494179876261e-09
22650.056 1.360265963169837e-09
22700.056 1.0974865094639955e-09
22750.056 1.1672110245166805e-09
22800.056 1.0824650031517587e-09
22850.056 9.336276128755333e-10
22900.056 7.620938507636996e-10
22950.056 7.298795376678143e-10
23000.056 9.960253565344982e-10
23050.056 1.3008655983552942e-09
23100.056 2.6806250509826953e-09
23150.056 3.017231688136466e-09
23200.056 6.078151798209221e-10
23250.056 8.06082769077605e-10
23300.056 7.835552826707556e-10
23350.056 8.684619823825989e-10
23400.056 9.761547016036487e-10
23450.056 8.686850645682637e-10
23500.056 9.42200411166973e-10
23550.056 1.2785965215461423e-09
23600.056 1.441142738512056e-09
23650.056 2.146374992537342e-09
23700.056 1.1533312034359893e-09
23750.056 8.871030875991294e-10
23800.056 1.2679268034625696e-09
23850.056 1.3657643082307128e-09
23900.056 2.185391266338152e-09
23950.056 2.2921928735660078e-09
24000.056 2.705526739322624e-09
24050.056 3.6047815900619346e-09
24100.056 3.350093458112698e-09
24150.056 4.010845421999373e-09
24200.056 3.6405760967884194e-09
24250.056 3.0936778388971882e-09
24300.056 3.987813055952589e-09
24350.056 3.5156619955241874e-09
24400.056 5.0855733556651694e-09
24450.056 5.29143322343493e-09
24500.056 5.438100053505581e-09
24550.056 6.8177090281677995e-09
24600.056 6.918318314872168e-09
24650.056 8.979656677427912e-09
24700.056 6.780266727206528e-09
24750.056 8.039494210811651e-09
24800.056 8.370881964397522e-09
24850.056 1.106864754885566e-08
24900.056 7.408255809568869e-09
24950.056 1.2251222937187666e-08
25000.056 1.1614749358024748e-08
25050.056 9.007553383528085e-09
25100.056 1.2304078476876352e-08
25150.056 8.265284708191195e-09
25200.056 1.1300572857036797e-08
25250.056 7.669146764930918e-09
25300.056 1.1387019616978396e-08
25350.056 6.713613806867323e-09
25400.056 1.2186255135070037e-08
25450.056 6.626618678256639e-09
25500.056 6.5586612599507e-09
25550.056 8.003999968374513e-09
25600.056 5.851858015198881e-09
25650.056 4.533560384813373e-09
25700.056 8.035879550160005e-09
25750.056 3.438050533840588e-09
25800.056 8.165474829120595e-09
25850.056 3.7432099287282986e-09
25900.056 5.008935586188178e-09
25950.056 2.8240363683276975e-09
26000.056 8.843812038061703e-09
26050.056 4.4018501916931004e-09
26100.056 7.909024509535547e-09
26150.056 5.836048616560384e-09
26200.056 7.23125674955211e-09
26250.056 1.2606713520446649e-08
26300.056 7.861862296058392e-09
26350.056 1.5760873226199692e-08
26400.056 1.597194353428614e-08
26450.056 1.800827903348103e-08
26500.056 2.03108715776709e-08
26550.056 9.990919206813072e-09
26600.056 1.4096835987455777e-08
26650.056 5.814488027844207e-09
26700.056 5.339984949917204e-09
26750.056 3.776482469504405e-09
26800.056 7.12356032230739e-09
26850.056 4.0241660814349e-09
26900.056 1.0303201920035692e-08
26950.056 5.081116642574101e-09
27000.056 1.450269560469786e-08
27050.056 1.1650007298544188e-08
27100.056 7.156075000440155e-09
27150.056 1.7263922574490465e-08
27200.056 7.698239036531666e-09
27250.056 1.0772938344842133e-08
27300.056 2.694654445597726e-08
27350.056 1.8234688853903523e-08
27400.056 4.3119523352050365e-09
27450.056 2.307399859459649e-08
27500.056 2.2057475415868202e-08
27550.056 8.8231237568256e-09
27600.056 1.671803708133875e-08
27650.056 7.415287172166862e-09
27700.056 5.861935930244206e-09
27750.056 1.810054164261359e-08
27800.056 6.980244144300875e-09
27850.056 9.732407740545596e-09
27900.056 1.0103153580234885e-08
27950.056 1.9482823104233912e-08
28000.056 1.582579585030547e-08
28050.056 4.583770406485587e-09
28100.056 1.7964656649757986e-08
28150.056 1.2128010328139549e-08
28200.056 5.781374388312045e-09
28250.056 1.9416364304312425e-08
28300.056 2.3511525476266006e-08
28350.056 8.189717171544524e-09
28400.056 1.536646565851777e-08
28450.056 2.054530594283846e-08
28500.056 1.5852338027705545e-08
28550.056 5.929006367178973e-09
28600.056 2.3882547230335854e-08
28650.056 1.9320805983354098e-08
28700.056 1.8482464132890108e-08
28750.056 2.7078826132248248e-08
28800.056 1.9468633019959143e-08
28850.056 2.4844095982679412e-08
