galfind/configs/Brown_Dwarf_templates/sonora_bobcat/m-0.5/10g/sp_t575g10nc_m-0.5_resample.dat
# %ECSV 1.0
# ---
# datatype:
# - {name: wav, unit: Angstrom, datatype: float64}
# - {name: flux_nu, unit: erg / (cm2 Hz s), datatype: float64}
# meta: {C/O: '1.00', Kzz: '1.0000E+05', Teff: '575.', Y: '0.28', '[Fe/H]': '-0.50', f_hole: '1.00', f_rain: '0.00', grav: '10.'}
# schema: astropy-2.0
wav flux_nu
4000.0559999999996 nan
4050.0559999999996 5.401106078950854e-16
4100.056 6.125387296190002e-14
4150.056 3.721730093400125e-13
4200.056 3.479611706760831e-13
4250.056 1.5027100802600573e-12
4300.056 2.5594558493301127e-12
4350.056 3.39556561250012e-12
4400.056 4.679773925000098e-12
4450.056 6.242869120700005e-12
4500.056 6.974512551600291e-12
4550.056 7.721643012564759e-12
4600.056 6.7052614053680395e-12
4650.056 5.277653592599814e-12
4700.056 3.497184470399955e-12
4750.056 1.1238700729199859e-12
4800.056 2.450177077469959e-13
4850.056 4.0769004969999325e-14
4900.056 9.61898998159989e-15
4950.056 3.423814996899965e-15
5000.056 1.4414034112699867e-15
5050.056 8.803268544200104e-16
5100.056 8.846031036600047e-16
5150.056 9.39730811509997e-16
5200.056 1.0045495051499988e-15
5250.056 1.0892345288999989e-15
5300.056 1.1851102414000005e-15
5350.056 1.2980096416000014e-15
5400.056 1.4353525426999976e-15
5450.056 1.5678460709999951e-15
5500.056 1.6929221949000039e-15
5550.056 1.8080143165000024e-15
5600.056 1.9038642322999975e-15
5650.056 1.9551090814000018e-15
5700.056 1.9274575441000016e-15
5750.056 1.759057049899997e-15
5800.056 1.4445912575999943e-15
5850.056 8.999414364399846e-16
5900.056 2.4447821673221007e-16
5950.056 1.9696810284400503e-15
6000.056 4.9327004882000164e-15
6050.056 9.77722767530011e-15
6100.056 1.68604644670001e-14
6150.056 2.691807678600016e-14
6200.056 4.1278147029000207e-14
6250.056 6.166315816000011e-14
6300.056 8.982067943800052e-14
6350.056 1.2841229273000087e-13
6400.056 1.8064702877000044e-13
6450.056 2.4445805308999365e-13
6500.056 3.3980159149399745e-13
6550.056 4.71960114269999e-13
6600.056 6.580028575200211e-13
6650.056 9.164749510400068e-13
6700.056 1.1881838141420144e-12
6750.056 1.7407473494000086e-12
6800.056 2.274064080800018e-12
6850.056 2.6773381893000094e-12
6900.056 2.6576717763000724e-12
6950.056 2.483724333099966e-12
7000.056 2.6512901381400453e-12
7050.056 2.909819427709936e-12
7100.056 3.2471536804999474e-12
7150.056 3.162821134172427e-12
7200.056 3.0994156831984606e-12
7250.056 3.1834329199964846e-12
7300.056 3.133717711723535e-12
7350.056 3.1258550893404908e-12
7400.056 3.1008659857301413e-12
7450.056 2.9899867842001043e-12
7500.056 2.7636656392999882e-12
7550.056 2.3811973854999884e-12
7600.056 1.9091779161999863e-12
7650.056 4.883100310246739e-13
7700.056 2.9282120185421455e-13
7750.056 1.894406472520037e-12
7800.056 3.40832417951004e-12
7850.056 6.2185885837999844e-12
7900.056 9.121565807199883e-12
7950.056 1.0933116376788127e-11
8000.056 1.753031848420022e-11
8050.056 2.3173967059100906e-11
8100.056 2.715231307161336e-11
8150.056 3.3258530112809885e-11
8200.056 4.739660626874082e-11
8250.056 5.892879402091017e-11
8300.056 7.664854558481112e-11
8350.056 9.233328897361862e-11
8400.056 1.166914105217196e-10
8450.056 1.554584629837939e-10
8500.056 1.8056809935708446e-10
8550.056 2.504263795220046e-10
8600.056 3.3433370611000595e-10
8650.056 4.19491819690012e-10
8700.056 4.999513779900093e-10
8750.056 6.102240371300058e-10
8800.056 7.02537445250021e-10
8850.056 6.840205328299723e-10
8900.056 3.124695133133681e-10
8950.056 3.7790855245875885e-10
9000.056 3.479763428953976e-10
9050.056 8.605882832342945e-10
9100.056 1.113333207480028e-09
9150.056 1.2662897615878153e-09
9200.056 1.8113356172864673e-09
9250.056 1.841493618532689e-09
9300.056 5.814997035287574e-10
9350.056 6.94225910759891e-10
9400.056 1.1058363376673137e-09
9450.056 1.4217844970933246e-09
9500.056 1.2762882597943179e-09
9550.056 1.521630552729087e-09
9600.056 1.4397281043097e-09
9650.056 1.8176770082798084e-09
9700.056 2.473873715134918e-09
9750.056 2.492034352746453e-09
9800.056 2.741814715157777e-09
9850.056 3.0792907797796178e-09
9900.056 3.946343750198895e-09
9950.056 3.8147137248269545e-09
10000.056 3.803755246200302e-09
10050.056 5.031685844530334e-09
10100.056 6.38026618312905e-09
10150.056 7.161643899099625e-09
10200.056 7.981834003700591e-09
10250.056 9.489068845486141e-09
10300.056 1.1744952805913054e-08
10350.056 1.279231737110962e-08
10400.056 1.6883646276720695e-08
10450.056 1.9861424405145303e-08
10500.056 2.2558263953239838e-08
10550.056 2.5542018849800896e-08
10600.056 2.681398279879846e-08
10650.056 2.7951873668400763e-08
10700.056 2.7119014022820908e-08
10750.056 2.7450487312458934e-08
10800.056 2.623521155168425e-08
10850.056 2.316195533659342e-08
10900.056 1.6359968484016605e-08
10950.056 8.371034190797444e-09
11000.056 6.146464197173747e-09
11050.056 4.026593809392352e-09
11100.056 2.472568169950104e-09
11150.056 1.1099848971846716e-09
11200.056 7.617896546484786e-10
11250.056 8.933009211731574e-10
11300.056 1.2705454609133345e-09
11350.056 4.804150898926255e-10
11400.056 1.034393368324565e-09
11450.056 8.342087263676127e-10
11500.056 5.192685777160961e-10
11550.056 1.3283734654292812e-10
11600.056 1.454502369153424e-10
11650.056 4.1813841029955396e-10
11700.056 4.469542911907257e-10
11750.056 7.676923363253882e-11
11800.056 4.792948423533279e-10
11850.056 8.636903437699209e-10
11900.056 1.0043336143327697e-09
11950.056 1.5689455393697322e-09
12000.056 2.57992323495716e-09
12050.056 4.0795074354079965e-09
12100.056 6.4214381214754284e-09
12150.056 9.65432459387052e-09
12200.056 1.2206214556389595e-08
12250.056 1.732885101873791e-08
12300.056 2.3845587087030675e-08
12350.056 2.5462285496739773e-08
12400.056 3.4627508716737005e-08
12450.056 4.2909120061724676e-08
12500.056 4.7508576905805046e-08
12550.056 5.3331823445701574e-08
12600.056 5.927039338940499e-08
12650.056 5.970967398065703e-08
12700.056 6.00193571676285e-08
12750.056 5.230310440848029e-08
12800.056 4.6094762658920886e-08
12850.056 3.3941556166511316e-08
12900.056 2.70451046978994e-08
12950.056 2.390207153298519e-08
13000.056 2.1167774933003336e-08
13050.056 1.511584484166984e-08
13100.056 1.3240207708396161e-08
13150.056 9.199488742990157e-09
13200.056 7.760456700875014e-09
13250.056 5.773178089126454e-09
13300.056 2.3331851443220474e-09
13350.056 7.532581778725307e-10
13400.056 5.678724355990662e-10
13450.056 2.4159847747542494e-10
13500.056 1.299765611096656e-10
13550.056 7.423346332451072e-11
13600.056 2.0276933954717436e-11
13650.056 9.618425209593987e-11
13700.056 6.729316535219993e-11
13750.056 7.266641111217409e-11
13800.056 6.713424040799493e-11
13850.056 4.870708696312992e-11
13900.056 6.185787177807833e-11
13950.056 4.657262588060279e-11
14000.056 5.200509109938387e-11
14050.056 7.836359145993967e-11
14100.056 9.12867450921038e-11
14150.056 1.500812307271e-10
14200.056 1.0576049646593514e-10
14250.056 1.4424896112489924e-10
14300.056 2.6542079960350674e-10
14350.056 3.025996709001441e-10
14400.056 3.516648383579389e-10
14450.056 4.5593730620571823e-10
14500.056 8.920058747333893e-10
14550.056 1.0319794089111725e-09
14600.056 1.2258951157290064e-09
14650.056 9.906111629533784e-10
14700.056 6.129295343205926e-10
14750.056 4.986473163660158e-10
14800.056 9.099279169154132e-10
14850.056 1.16344926247699e-09
14900.056 1.223149819725254e-09
14950.056 1.14898153489262e-09
15000.056 1.912799031694461e-09
15050.056 1.7347512413849034e-09
15100.056 1.4789561833042544e-09
15150.056 1.4566172767908676e-09
15200.056 2.1154134855856202e-09
15250.056 3.6291698814625667e-09
15300.056 4.3331251675088626e-09
15350.056 5.2707043945611185e-09
15400.056 6.7393497682197985e-09
15450.056 8.203732576761143e-09
15500.056 9.191001216145659e-09
15550.056 1.2097986940513246e-08
15600.056 1.4299619577049662e-08
15650.056 1.7621015584318407e-08
15700.056 2.1765411032455892e-08
15750.056 2.455058955509642e-08
15800.056 2.5692534495022238e-08
15850.056 2.7534166549205294e-08
15900.056 2.4256713071900138e-08
15950.056 2.156662187119525e-08
16000.056 1.5637738245903386e-08
16050.056 8.904027128789052e-09
16100.056 5.7934978597129426e-09
16150.056 3.3715772505018765e-09
16200.056 1.973639269966785e-09
16250.056 1.4439586997320206e-09
16300.056 9.72837695142193e-10
16350.056 1.1043095127050605e-09
16400.056 1.3915129656672218e-09
16450.056 1.3094537310766175e-09
16500.056 1.2164901858807876e-09
16550.056 1.2717767259005523e-09
16600.056 1.4468732451020396e-09
16650.056 1.1196096354746695e-09
16700.056 2.2895538453145044e-10
16750.056 5.396958041509925e-10
16800.056 9.622948124655623e-10
16850.056 1.132767640011505e-09
16900.056 6.822116400559258e-10
16950.056 4.3141110943263883e-10
17000.056 2.739721365615565e-10
17050.056 5.174250961721066e-10
17100.056 7.997338923448707e-10
17150.056 4.680002076559808e-10
17200.056 1.231693280156634e-09
17250.056 9.346849667361338e-10
17300.056 5.801212738441881e-10
17350.056 5.829736310767582e-10
17400.056 8.61890738573074e-10
17450.056 1.173312750054175e-09
17500.056 1.5027576985584086e-09
17550.056 1.4190817022279634e-09
17600.056 1.1237573017376343e-09
17650.056 1.1178034597473645e-09
17700.056 8.192673970334043e-10
17750.056 8.665547558856625e-10
17800.056 1.7281702727548185e-09
17850.056 1.000062691400923e-09
17900.056 7.577626970997108e-10
17950.056 6.611357327349693e-10
18000.056 8.97754691889058e-10
18050.056 9.389265356926382e-10
18100.056 1.1362982059885748e-09
18150.056 1.1942874156291966e-09
18200.056 8.234583846112611e-10
18250.056 1.901571467667086e-09
18300.056 9.291630185215502e-10
18350.056 7.024375113073291e-10
18400.056 6.321384794835249e-10
18450.056 1.271463229273834e-09
18500.056 1.2834374934284637e-09
18550.056 9.456045046366314e-10
18600.056 1.026779490848703e-09
18650.056 8.708247593319217e-10
18700.056 4.93124641059759e-10
18750.056 8.959289525780903e-10
18800.056 1.8851820114320295e-09
18850.056 1.966274523264676e-09
18900.056 1.7952484130289914e-09
18950.056 2.4058560666837786e-09
19000.056 1.2669841321035837e-09
19050.056 7.998664839189627e-10
19100.056 1.3271308536850197e-09
19150.056 8.214214004872224e-10
19200.056 9.599511318672126e-10
19250.056 7.696741720872163e-10
19300.056 6.094089016867013e-10
19350.056 5.133125399460383e-10
19400.056 4.5220184193257265e-10
19450.056 7.37912310538027e-10
19500.056 5.647937577716971e-10
19550.056 5.650728600470393e-10
19600.056 1.0544136817346159e-09
19650.056 8.770316432804044e-10
19700.056 9.445852100195648e-10
19750.056 1.3553197222520774e-09
19800.056 1.1192494884239147e-09
19850.056 1.5013738013110899e-09
19900.056 1.5095788367539035e-09
19950.056 2.0205561120826395e-09
20000.056 2.312550220383819e-09
20050.056 2.0885866137704957e-09
20100.056 3.020533863896434e-09
20150.056 1.9672689365974622e-09
20200.056 1.8191256670915034e-09
20250.056 2.7288024797623955e-09
20300.056 3.032192140831273e-09
20350.056 3.1868948741399454e-09
20400.056 3.0282203597652268e-09
20450.056 4.0228023956299334e-09
20500.056 4.611432913281505e-09
20550.056 4.897783874913734e-09
20600.056 5.075125320479733e-09
20650.056 5.8306377894009756e-09
20700.056 6.2075282723803734e-09
20750.056 6.702495125903142e-09
20800.056 6.589460910605085e-09
20850.056 6.967061153780654e-09
20900.056 7.355825303487505e-09
20950.056 6.9771705107004415e-09
21000.056 6.7971403755020565e-09
21050.056 7.006977661498383e-09
21100.056 6.601515691720901e-09
21150.056 6.6295477864089e-09
21200.056 6.17468952524025e-09
21250.056 5.755308051207756e-09
21300.056 4.974253749087118e-09
21350.056 4.971199298243581e-09
21400.056 4.77710140638773e-09
21450.056 4.089618168577355e-09
21500.056 3.711134686476673e-09
21550.056 3.322606058554525e-09
21600.056 2.865901795536788e-09
21650.056 2.3082289476169614e-09
21700.056 2.2260166950750997e-09
21750.056 2.0720018870305897e-09
21800.056 1.6771302255488846e-09
21850.056 1.6052068063111154e-09
21900.056 1.1369354912559834e-09
21950.056 5.341135548329978e-10
22000.056 1.6149924275608284e-10
22050.056 1.3224562285949742e-10
22100.056 3.716088535251339e-10
22150.056 4.740276799797987e-10
22200.056 5.122406702523278e-10
22250.056 3.9702420002260833e-10
22300.056 2.672374462118319e-10
22350.056 3.0917954167466704e-10
22400.056 1.554002979881179e-10
22450.056 1.7754411041405608e-10
22500.056 1.382796358641493e-10
22550.056 1.043110149277917e-10
22600.056 9.129771176384152e-11
22650.056 1.3697451468568822e-10
22700.056 1.0808572614832596e-10
22750.056 1.1212596642168931e-10
22800.056 1.100687345241571e-10
22850.056 8.904613316795099e-11
22900.056 6.679584175109627e-11
22950.056 6.463870239875558e-11
23000.056 9.142197212340703e-11
23050.056 1.1815862749608888e-10
23100.056 3.4708719823279255e-10
23150.056 3.50730157399468e-10
23200.056 3.823241907440485e-11
23250.056 7.407036233349143e-11
23300.056 7.587189037660039e-11
23350.056 9.957675490223e-11
23400.056 1.0186608901335755e-10
23450.056 7.749232536607323e-11
23500.056 8.259598241056008e-11
23550.056 1.318709249363198e-10
23600.056 1.6984287274766651e-10
23650.056 2.7509366633322424e-10
23700.056 9.910064980556274e-11
23750.056 7.38608086285532e-11
23800.056 1.792919484232276e-10
23850.056 1.6091756152118387e-10
23900.056 2.970394909034089e-10
23950.056 2.487745473758563e-10
24000.056 3.667346990121928e-10
24050.056 4.812650184727074e-10
24100.056 4.731848902236539e-10
24150.056 6.227518688652671e-10
24200.056 4.961759161823821e-10
24250.056 4.1526635522677157e-10
24300.056 6.038084795076509e-10
24350.056 5.428407342505461e-10
24400.056 9.106913676694542e-10
24450.056 9.95789891607649e-10
24500.056 9.84985819502505e-10
24550.056 1.303863796638872e-09
24600.056 1.344497351883925e-09
24650.056 1.885368739235141e-09
24700.056 1.2680387795277006e-09
24750.056 1.604939313952812e-09
24800.056 1.5968642186038591e-09
24850.056 2.336176994759862e-09
24900.056 1.377441239845786e-09
24950.056 2.5151874428822596e-09
25000.056 2.444129365875877e-09
25050.056 1.7903125338331362e-09
25100.056 2.5817296821175275e-09
25150.056 1.505511798033256e-09
25200.056 2.2247569646015125e-09
25250.056 1.2296078278418518e-09
25300.056 1.9187362609212255e-09
25350.056 9.762502798849477e-10
25400.056 2.1346272346522395e-09
25450.056 8.830651812625067e-10
25500.056 8.388532527968583e-10
25550.056 1.2739588116333908e-09
25600.056 7.669427757305797e-10
25650.056 5.126628819774396e-10
25700.056 9.102032702771253e-10
25750.056 2.8704553679173713e-10
25800.056 1.0870626314472157e-09
25850.056 3.0974822467858956e-10
25900.056 4.434565628548967e-10
25950.056 1.642474555740569e-10
26000.056 1.0819357616356634e-09
26050.056 2.715221802237323e-10
26100.056 8.572635772258284e-10
26150.056 5.060944676252835e-10
26200.056 6.550566747171458e-10
26250.056 2.0647692069563837e-09
26300.056 8.130249720908545e-10
26350.056 2.6703300882399234e-09
26400.056 2.9317218885040474e-09
26450.056 3.0356625007320083e-09
26500.056 4.158055752242641e-09
26550.056 1.1617625928880863e-09
26600.056 1.6361241101581173e-09
26650.056 3.9745783943150196e-10
26700.056 2.885713603795399e-10
26750.056 2.5609329529686844e-10
26800.056 6.382424801060932e-10
26850.056 3.4042957325452726e-10
26900.056 1.3048344029142715e-09
26950.056 5.12612475556264e-10
27000.056 2.206998768813259e-09
27050.056 1.9582699848585913e-09
27100.056 6.168813378180262e-10
27150.056 2.8484534091890575e-09
27200.056 6.255824215271226e-10
27250.056 1.327512828273665e-09
27300.056 5.152706755539017e-09
27350.056 2.664391390568272e-09
27400.056 2.5136767476506345e-10
27450.056 3.2195881413422433e-09
27500.056 3.272334442319028e-09
27550.056 8.305168029363763e-10
27600.056 1.9507453866161225e-09
27650.056 6.554255898634648e-10
27700.056 5.035705017442187e-10
27750.056 2.383295670608281e-09
27800.056 7.096387363521097e-10
27850.056 1.1375127770827053e-09
27900.056 1.1186109480124972e-09
27950.056 2.6260283268096443e-09
28000.056 2.2112410027841355e-09
28050.056 3.866117676215279e-10
28100.056 2.113039903232473e-09
28150.056 1.5850509532358128e-09
28200.056 5.766620435942995e-10
28250.056 2.685575902859536e-09
28300.056 2.781336569618408e-09
28350.056 7.771022568477267e-10
28400.056 2.0280609654520486e-09
28450.056 3.0017122602225324e-09
28500.056 2.096674954072812e-09
28550.056 5.88858362767506e-10
28600.056 3.5040872413672673e-09
28650.056 2.5127446256771714e-09
28700.056 2.9059198209014733e-09
28750.056 4.35510326276318e-09
28800.056 2.4506158259489787e-09
28850.056 3.868579500657941e-09
