galfind/configs/Brown_Dwarf_templates/sonora_bobcat/m-0.5/10g/sp_t1300g10nc_m-0.5_resample.dat
# %ECSV 1.0
# ---
# datatype:
# - {name: wav, unit: Angstrom, datatype: float64}
# - {name: flux_nu, unit: erg / (cm2 Hz s), datatype: float64}
# meta: {C/O: '1.00', Kzz: '1.0000E+05', Teff: '1300.', Y: '0.28', '[Fe/H]': '-0.50', f_hole: '1.00', f_rain: '0.00', grav: '10.'}
# schema: astropy-2.0
wav flux_nu
[from data line 499]
28950.056 5.119348981780024e-07
29000.056 4.231039220018889e-07
29050.056 4.3913773432190485e-07
29100.056 3.6017781027106053e-07
29150.056 4.784205389451409e-07
29200.056 4.155456067991057e-07
29250.056 5.016933027780051e-07
29300.056 3.8856010188177176e-07
29350.056 5.800378517268405e-07
29400.056 4.4321446845389385e-07
29450.056 4.7127468128397536e-07
29500.056 4.851473624319181e-07
29550.056 4.659522209630124e-07
29600.056 5.074395686598926e-07
29650.056 4.885096434609394e-07
29700.056 4.1960859042885755e-07
29750.056 5.338482259502855e-07
29800.056 5.418307520929732e-07
29850.056 5.271029637769256e-07
29900.056 4.813157852591698e-07
29950.056 5.446642850749066e-07
30000.056 5.364905781439124e-07
30050.056 5.011079394799482e-07
30100.056 4.2929214215585294e-07
30150.056 5.951766858599575e-07
30200.056 5.073281710180158e-07
30250.056 5.561559016001628e-07
30300.056 5.096541821999701e-07
30350.056 4.657025833020408e-07
30400.056 5.386689471460374e-07
30450.056 4.440242744160571e-07
30500.056 3.7585014669105714e-07
30550.056 4.2781310287806537e-07
30600.056 4.370863813270187e-07
30650.056 4.0083890478593e-07
30700.056 3.897527411799901e-07
30750.056 3.640884990249805e-07
30800.056 3.476315845870635e-07
30850.056 3.074801363179248e-07
30900.056 3.222645234899499e-07
30950.056 2.8717133398005636e-07
31000.056 2.6718090699399384e-07
31050.056 2.817951921300091e-07
31100.056 2.3990759552097947e-07
31150.056 2.567923578529819e-07
31200.056 2.7155016964001825e-07
31250.056 2.2830634402297244e-07
31300.056 2.2819857895997968e-07
31350.056 2.133238245490006e-07
31400.056 1.9800834464002208e-07
31450.056 1.953735098339792e-07
31500.056 1.8755022490996345e-07
31550.056 1.917249897980022e-07
31600.056 1.7350963800198593e-07
31650.056 1.681967831189967e-07
31700.056 1.6826942357298135e-07
31750.056 1.5636613084304536e-07
31800.056 1.7577783375897414e-07
31850.056 1.6179827975001658e-07
31900.056 1.7877709067899667e-07
31950.056 1.4506218662201872e-07
32000.056 1.6279394071897966e-07
32050.056 1.7133170334600814e-07
32100.056 1.7340320876502038e-07
32150.056 1.767075976789798e-07
32200.056 1.6349841392699568e-07
32250.056 1.9138483098801547e-07
32300.056 1.6666395856899885e-07
32350.056 1.9937601706397953e-07
32400.056 1.6454766772199183e-07
32450.056 1.9821347299393545e-07
32500.056 2.000830126470267e-07
32550.056 1.9569314551899263e-07
32600.056 2.0264909370199708e-07
32650.056 2.437284563769844e-07
32700.056 2.2935264028002927e-07
32750.056 2.408207204500055e-07
32800.056 2.3421243664601583e-07
32850.056 2.4350980854995825e-07
32900.056 2.661148570039858e-07
32950.056 2.5937582108797635e-07
33000.056 2.4057366539194554e-07
33050.056 2.1857740883405268e-07
33100.056 1.7932423930299127e-07
33150.056 1.4119011491799917e-07
33200.056 1.1031936314998194e-07
33250.056 8.797860812098087e-08
33300.056 8.417365829000914e-08
33350.056 9.53432974580002e-08
33400.056 1.0607563138298576e-07
33450.056 1.1960802005999827e-07
33500.056 1.4240857019002087e-07
33550.056 1.5381043477302764e-07
33600.056 1.8082271984199206e-07
33650.056 1.9800162850300313e-07
33700.056 1.9345127272797949e-07
33750.056 2.3071563018000315e-07
33800.056 2.3191105947698434e-07
33850.056 2.491800080139724e-07
33900.056 2.2965527583499075e-07
33950.056 2.2307180682198813e-07
34000.056 2.4535825095801255e-07
34050.056 2.1450014149695487e-07
34100.056 2.507703072999623e-07
34150.056 2.360846025109821e-07
34200.056 2.0870430145794507e-07
34250.056 2.3433553642592673e-07
34300.056 2.1358319028589343e-07
34350.056 1.921089716939914e-07
34400.056 1.9579750759600274e-07
34450.056 2.2278182384598007e-07
34500.056 2.1735505585999818e-07
34550.056 2.133577868039936e-07
34600.056 2.4055460368000026e-07
34650.056 2.3358506993597146e-07
34700.056 2.2365035382697762e-07
34750.056 2.393933668199853e-07
34800.056 2.3243716203995908e-07
34850.056 2.1745912991001814e-07
34900.056 2.5361751962697423e-07
34950.056 2.3638875661996208e-07
35000.056 2.813560364500329e-07
35050.056 2.3533164696595734e-07
35100.056 2.520434902999985e-07
35150.056 2.58856651305994e-07
35200.056 2.688476017280127e-07
35250.056 2.8694041982996427e-07
35300.056 2.728179601510353e-07
35350.056 2.568231330099488e-07
35400.056 2.703515697100543e-07
35450.056 2.2537884837508003e-07
35500.056 2.9851917266002635e-07
35550.056 3.0294939343996645e-07
35600.056 2.7787704065005936e-07
35650.056 3.073746678999968e-07
35700.056 2.834575959899987e-07
35750.056 3.0943337049993667e-07
35800.056 3.8144275805002053e-07
35850.056 3.0929572862997065e-07
35900.056 3.6654993246996747e-07
35950.056 3.5020777545000027e-07
36000.056 3.566237773700284e-07
36050.056 3.6435758282997755e-07
36100.056 3.8049870008978776e-07
36150.056 3.776016700600009e-07
36200.056 4.1508734000995923e-07
36250.056 4.011914212099288e-07
36300.056 4.299135622100343e-07
36350.056 4.215629178199639e-07
36400.056 4.228451251300023e-07
36450.056 4.7067453292001796e-07
36500.056 4.73288476019962e-07
36550.056 4.948167289501405e-07
36600.056 5.220561962400292e-07
36650.056 5.338963810698863e-07
36700.056 5.694904506599745e-07
36750.056 5.827617132101384e-07
36800.056 6.034121123399753e-07
36850.056 6.125159933499453e-07
36900.056 6.03228931230026e-07
36950.056 6.891889002799431e-07
37000.056 6.924165225699718e-07
37050.056 6.761534092699606e-07
37100.056 7.445546136000777e-07
37150.056 6.949549548700346e-07
37200.056 7.509980081700294e-07
37250.056 7.805722625899369e-07
37300.056 7.305336073298728e-07
37350.056 7.13742711570155e-07
37400.056 8.665727874699343e-07
37450.056 8.099933133001314e-07
37500.056 8.125979192998797e-07
37550.056 8.819349639700801e-07
37600.056 9.336484549399701e-07
37650.056 8.545837840699848e-07
37700.056 9.76803452130094e-07
37750.056 9.109429887600044e-07
37800.056 9.508014096503179e-07
37850.056 8.831358056099746e-07
37900.056 9.158438184102045e-07
37950.056 9.234445878899148e-07
38000.056 1.0348773369700691e-06
38050.056 1.0349374317300985e-06
38100.056 9.608796530001586e-07
38150.056 1.1241774235399326e-06
38200.056 1.1531671150400618e-06
38250.056 1.0406353475501327e-06
38300.056 1.1245543975899414e-06
38350.056 1.1910821019499499e-06
38400.056 1.0850624142297884e-06
38450.056 1.1916926495500315e-06
38500.056 1.0774484513001675e-06
38550.056 1.2051918456800608e-06
38600.056 1.2784587463398902e-06
38650.056 1.1725851046999916e-06
38700.056 1.2451000421701154e-06
38750.056 1.2573712585200369e-06
38800.056 1.2133075818998153e-06
38850.056 1.186402353100044e-06
38900.056 1.2342056128500075e-06
38950.056 1.3031531304499393e-06
39000.056 1.2747417349600183e-06
39050.056 1.306258671989856e-06
39100.056 1.2256312327901748e-06
39150.056 1.2724674264400187e-06
39200.056 1.3618920788000257e-06
39250.056 1.3651988223596881e-06
39300.056 1.2905592089996562e-06
39350.056 1.3613409743001323e-06
39400.056 1.35766921780007e-06
39450.056 1.3406015604399126e-06
39500.056 1.2774917711100077e-06
39550.056 1.3215553359799685e-06
39600.056 1.401196647659744e-06
39650.056 1.3200213212999647e-06
39700.056 1.3555597243599359e-06
39750.056 1.2901702332099768e-06
39800.056 1.3135464812898993e-06
39850.056 1.3586636797099293e-06
39900.056 1.3358850803701336e-06
39950.056 1.3759628439598036e-06
40000.056 1.3207045728400578e-06
40050.056 1.2931747482300633e-06
40100.056 1.3356814366299689e-06
40150.056 1.2873398514697952e-06
40200.056 1.2972232044197929e-06
40250.056 1.2513555824597051e-06
40300.056 1.229050918080111e-06
40350.056 1.3398417806301461e-06
40400.056 1.3032060575801211e-06
40450.056 1.2946877794602213e-06
40500.056 1.209767705860143e-06
40550.056 1.3421484170899545e-06
40600.056 1.2140545428001946e-06
40650.056 1.215543867049874e-06
40700.056 1.3258281698600051e-06
40750.056 1.2153845078495803e-06
40800.056 1.1321364794300225e-06
40850.056 1.2080695279402578e-06
40900.056 1.1549956449600314e-06
40950.056 1.2189510824000055e-06
41000.056 1.2089805827699606e-06
41050.056 1.2340578017898954e-06
41100.056 1.1719927300000168e-06
41150.056 1.1361009199999991e-06
41200.056 1.1868259531300113e-06
41250.056 1.1701489742100405e-06
41300.056 1.0549198015197682e-06
41350.056 1.2466882375800387e-06
41400.056 1.1688967602101424e-06
41450.056 1.1734866914802353e-06
41500.056 1.1362539889200078e-06
41550.056 1.1540341824699777e-06
41600.056 1.2371299762200258e-06
41650.056 1.1431797551402115e-06
41700.056 1.091324787839834e-06
41750.056 1.1190229285699295e-06
41800.056 1.1737049301397797e-06
41850.056 9.67421851690166e-07
41900.056 1.151562829929888e-06
41950.056 1.05209902443029e-06
42000.056 1.0772317282501383e-06
42050.056 9.643477767897362e-07
42100.056 1.1900568995901576e-06
42150.056 8.893738559297273e-07
42200.056 9.610786320100145e-07
42250.056 9.985380271999708e-07
42300.056 8.769230417200448e-07
42350.056 1.083952061840201e-06
42400.056 9.200482999502428e-07
42450.056 8.235112546600703e-07
42500.056 8.745694797301624e-07
42550.056 8.915566550699509e-07
42600.056 8.630240721202898e-07
42650.056 8.289502211495763e-07
42700.056 9.088224687602648e-07
42750.056 8.371323408399943e-07
42800.056 8.130316385002334e-07
42850.056 9.139806855497632e-07
42900.056 8.655970085100781e-07
42950.056 7.977612644396475e-07
43000.056 8.201599637800306e-07
43050.056 7.294935713903678e-07
43100.056 7.929034527800604e-07
43150.056 7.899343773001265e-07
43200.056 8.123355933700927e-07
43250.056 7.952396495299057e-07
43300.056 8.515018095200201e-07
43350.056 7.48494260569964e-07
43400.056 7.710439116699442e-07
43450.056 7.791594255301655e-07
43500.056 7.639464316199106e-07
43550.056 8.071225097000666e-07
43600.056 8.558059878600393e-07
43650.056 7.556099664700472e-07
43700.056 7.43831583739876e-07
43750.056 7.811346225001579e-07
43800.056 7.327542557600363e-07
43850.056 7.42580579480159e-07
43900.056 7.722653349799179e-07
43950.056 6.938210500100417e-07
44000.056 6.779446406400432e-07
44050.056 6.937849181200606e-07
44100.056 7.360096917400758e-07
44150.056 7.393238947298683e-07
44200.056 7.053270890400193e-07
44250.056 6.842114300100172e-07
44300.056 6.649589287200702e-07
44350.056 6.584083776200567e-07
44400.056 6.929007073899807e-07
44450.056 6.916078375899885e-07
44500.056 7.125478915500976e-07
44550.056 6.651261236398711e-07
44600.056 6.484144475100787e-07
44650.056 6.969916864700698e-07
44700.056 6.30721318950056e-07
44750.056 6.778023858699306e-07
44800.056 6.775135303699713e-07
44850.056 6.616162218800677e-07
44900.056 6.156978442600561e-07
44950.056 6.073838146900275e-07
45000.056 6.467315783799467e-07
45050.056 6.530853364499615e-07
45100.056 6.672285634399752e-07
45150.056 6.257527023699831e-07
45200.056 5.867995960100201e-07
45250.056 6.003781640499228e-07
45300.056 6.260131924000301e-07
45350.056 6.499196450499576e-07
45400.056 6.326001783200602e-07
45450.056 5.815627691099079e-07
45500.056 6.006251714799814e-07
45550.056 6.502528223699444e-07
45600.056 6.089984072399957e-07
45650.056 5.556727388698964e-07
45700.056 6.531282477600563e-07
45750.056 5.845725041600035e-07
45800.056 5.899633606099765e-07
45850.056 6.819913798499633e-07
45900.056 6.791437077000343e-07
45950.056 5.895108788500055e-07
46000.056 6.815290674300256e-07
46050.056 6.638586961400869e-07
46100.056 5.802220267800548e-07
46150.056 6.350681779699795e-07
46200.056 6.606279864801207e-07
46250.056 5.64549210919983e-07
46300.056 7.027724027699864e-07
46350.056 6.054262476099466e-07
46400.056 6.193946125199439e-07
46450.056 6.486783513300817e-07
46500.056 5.887993715599623e-07
46550.056 7.191653411499699e-07
46600.056 6.656507187800279e-07
46650.056 8.319830152698585e-07
46700.056 7.62563920140252e-07
46750.056 6.162961630299387e-07
46800.056 6.788324498000915e-07
46850.056 7.36026464870086e-07
46900.056 6.942606757198819e-07
46950.056 7.573035111900366e-07
47000.056 6.49748376589992e-07
47050.056 7.639777226098508e-07
47100.056 6.021210926000677e-07
47150.056 6.541478064200616e-07
47200.056 7.063355527301196e-07
47250.056 6.301552036899574e-07
47300.056 6.435045995198602e-07
47350.056 5.94037530439897e-07
47400.056 7.161487696498877e-07
47450.056 6.232280025299777e-07
47500.056 7.106779131898991e-07
47550.056 6.322668274199448e-07
47600.056 7.038856810099596e-07
47650.056 5.345587665098808e-07
47700.056 7.268258146000668e-07
47750.056 5.15906002090104e-07
47800.056 7.186522998199219e-07
47850.056 5.618986249498931e-07
47900.056 7.016460713000271e-07
47950.056 5.420946785400771e-07
48000.056 7.806265427300223e-07
48050.056 6.143608350300777e-07
48100.056 6.696552784799975e-07
48150.056 6.220052406400833e-07
48200.056 7.150467970000869e-07
48250.056 6.051944911500057e-07
48300.056 7.628959538598251e-07
48350.056 5.536906693699805e-07
48400.056 6.882875818399925e-07
48450.056 5.979391474200442e-07
48500.056 7.904109730500236e-07
48550.056 5.694954013400137e-07
48600.056 7.159526934199539e-07
48650.056 5.947336129399669e-07
48700.056 7.009572262000325e-07
48750.056 5.334777842100649e-07
48800.056 8.04855524450024e-07
48850.056 5.759507331498936e-07
48900.056 7.40402237680064e-07
48950.056 6.840021175300378e-07
49000.056 6.327833586498874e-07
49050.056 7.056828553500067e-07
49100.056 6.44822590410053e-07
49150.056 6.889773638999894e-07
49200.056 6.594554072099872e-07
49250.056 6.935885474500313e-07
49300.056 6.025453397899631e-07
49350.056 6.322435723400072e-07
49400.056 7.353541065000463e-07
49450.056 6.453270643101526e-07
49500.056 6.695303153600058e-07
49550.056 5.842520527600127e-07
49600.056 6.50697648720149e-07
49650.056 6.739196709800183e-07
49700.056 5.8876100708992e-07
49750.056 8.127642763998679e-07
49800.056 6.460598686800313e-07
49850.056 8.133310498600787e-07
49900.056 6.473611170700394e-07
49950.056 7.063275736798612e-07
50000.056 6.842914449198705e-07
50050.056 7.001499518500445e-07
50100.056 7.194547179699642e-07
50150.056 6.08121215340021e-07
50200.056 5.629973881000327e-07
50250.056 6.932669059799936e-07
50300.056 6.554127978499672e-07
50350.056 7.6573716262001e-07
50400.056 6.688288671499862e-07
50450.056 6.504070378001177e-07
50500.056 7.899136797901187e-07
50550.056 6.773932946599842e-07
50600.056 7.211391879599959e-07
50650.056 7.122918030701422e-07
50700.056 7.650319841298027e-07
50750.056 7.835023270401027e-07
50800.056 5.939940426699293e-07
50850.056 6.789885101901358e-07
50900.056 7.55020649259985e-07
50950.056 7.260142929301617e-07
51000.056 8.358789329900872e-07
51050.056 6.406925798000706e-07
51100.056 6.219551777499401e-07
51150.056 7.278006550499322e-07
51200.056 7.403215504799718e-07
51250.056 7.362771343899297e-07
51300.056 6.475551845102438e-07
51350.056 6.836917378398869e-07
51400.056 6.144830344198867e-07
51450.056 5.033931309198825e-07
51500.056 6.488898577700429e-07
51550.056 8.497629649300853e-07
51600.056 6.12527364460068e-07
51650.056 6.909140499999153e-07
51700.056 6.53507308829826e-07
51750.056 6.184596408100609e-07
51800.056 7.369367680398115e-07
51850.056 7.402724370799484e-07
51900.056 7.934758823901644e-07
51950.056 7.241840974899423e-07
52000.056 5.982129003399784e-07
52050.056 7.001224340499818e-07
52100.056 6.352324125498845e-07
52150.056 6.511092075900349e-07
52200.056 5.982560411299896e-07
52250.056 6.5614776143002e-07
52300.056 7.432817770599855e-07
52350.056 7.767073529400704e-07
52400.056 5.732023252300831e-07
52450.056 6.871860085299991e-07
52500.056 7.40804011999866e-07
52550.056 7.252020352897876e-07
52600.056 6.929495409901046e-07
52650.056 7.611005583401596e-07
52700.056 6.829872154200036e-07
52750.056 5.713196159799432e-07
52800.056 6.449617053300593e-07
52850.056 6.154613042799073e-07
52900.056 6.655563619600632e-07
52950.056 6.660302754299262e-07
53000.056 7.431661416399467e-07
53050.056 6.2602077265985e-07
53100.056 5.870705442298421e-07
53150.056 7.866573676100966e-07
53200.056 5.541325691800438e-07
53250.056 7.858091836099999e-07
53300.056 7.486350039103158e-07
53350.056 7.415177356799271e-07
53400.056 7.150814816300813e-07
53450.056 6.100378917100406e-07
53500.056 5.288019441598784e-07
53550.056 6.607896157998926e-07
53600.056 7.183729994701241e-07
53650.056 6.051258971300527e-07
53700.056 6.233570675001461e-07
