galfind/configs/Brown_Dwarf_templates/sonora_bobcat/m-0.5/10g/sp_t1000g10nc_m-0.5_resample.dat
# %ECSV 1.0
# ---
# datatype:
# - {name: wav, unit: Angstrom, datatype: float64}
# - {name: flux_nu, unit: erg / (cm2 Hz s), datatype: float64}
# meta: {C/O: '1.00', Kzz: '1.0000E+05', Teff: '1000.', Y: '0.28', '[Fe/H]': '-0.50', f_hole: '1.00', f_rain: '0.00', grav: '10.'}
# schema: astropy-2.0
wav flux_nu
4000.0559999999996 nan
4050.0559999999996 1.4035232192589214e-12
4100.056 1.796588585973777e-11
4150.056 2.6796370408813744e-11
4200.056 2.1554371725764452e-11
4250.056 3.123802400791044e-11
4300.056 3.2036009103004856e-11
4350.056 3.450324236990305e-11
4400.056 4.198245640350635e-11
4450.056 4.0714188022800886e-11
4500.056 4.221239843640363e-11
4550.056 5.338011480483578e-11
4600.056 6.062553492295967e-11
4650.056 5.747650872599506e-11
4700.056 6.639908429300094e-11
4750.056 6.145250718499619e-11
4800.056 3.26279837033003e-11
4850.056 1.8041996109599187e-11
4900.056 1.0220762393599881e-11
4950.056 4.9890914592999554e-12
5000.056 1.7762216418599889e-12
5050.056 6.780482506899873e-13
5100.056 5.390119867599908e-13
5150.056 4.659533359299844e-13
5200.056 3.918360337200043e-13
5250.056 3.1830914066999753e-13
5300.056 2.5743196106999906e-13
5350.056 2.112104280399993e-13
5400.056 1.763135945599994e-13
5450.056 1.4740275941999919e-13
5500.056 1.2271762863999957e-13
5550.056 1.0196088295799972e-13
5600.056 8.442647380799967e-14
5650.056 6.8824183117e-14
5700.056 5.518204186999992e-14
5750.056 4.1209922266999765e-14
5800.056 2.7653268618999844e-14
5850.056 1.362481850829982e-14
5900.056 2.622946954789882e-15
5950.056 3.22327504180005e-14
6000.056 9.778664135700156e-14
6050.056 2.3291075473000165e-13
6100.056 4.973056152100035e-13
6150.056 1.0080599869300084e-12
6200.056 1.9555134287000156e-12
6250.056 3.634916415800029e-12
6300.056 6.482575533800054e-12
6350.056 1.1147723007200092e-11
6400.056 1.849348747600014e-11
6450.056 2.949498655700001e-11
6500.056 4.6226405354000264e-11
6550.056 7.041576069100066e-11
6600.056 1.0502474530400089e-10
6650.056 1.5224376386e-10
6700.056 1.432205182371653e-10
6750.056 2.8678750027000155e-10
6800.056 3.8783454548000017e-10
6850.056 4.340327898399997e-10
6900.056 4.0782905479000216e-10
6950.056 3.649784552799983e-10
7000.056 3.6813161309000373e-10
7050.056 4.023263495399954e-10
7100.056 4.461434399600007e-10
7150.056 4.5755217140699254e-10
7200.056 4.4551290472600874e-10
7250.056 4.2165859903997665e-10
7300.056 3.751844480249974e-10
7350.056 3.3164223713099136e-10
7400.056 2.898985930900059e-10
7450.056 2.3842804305000365e-10
7500.056 1.8305670407999875e-10
7550.056 1.2776608003999891e-10
7600.056 7.897149593899898e-11
7650.056 1.1072347729939755e-11
7700.056 3.937735605502584e-12
7750.056 5.7796729249001826e-11
7800.056 1.3817350308366315e-10
7850.056 3.298173949400026e-10
7900.056 5.607467979200001e-10
7950.056 6.938583323126909e-10
8000.056 1.3033806699600203e-09
8050.056 1.7841694954000473e-09
8100.056 2.2583742282600003e-09
8150.056 2.8745211330319747e-09
8200.056 3.732413765230226e-09
8250.056 4.719336533669185e-09
8300.056 5.9288628071624856e-09
8350.056 7.235858223669397e-09
8400.056 8.815760619649645e-09
8450.056 1.099023664349949e-08
8500.056 1.1651868502012809e-08
8550.056 1.4401908023500237e-08
8600.056 1.6595942245899686e-08
8650.056 1.6968075395998336e-08
8700.056 1.8883951062398743e-08
8750.056 2.195951701580058e-08
8800.056 2.6272986316801607e-08
8850.056 2.986592440099775e-08
8900.056 2.828496003059859e-08
8950.056 2.666065311108191e-08
9000.056 3.408079542561595e-08
9050.056 4.427018794060304e-08
9100.056 5.125270166457322e-08
9150.056 5.3580977065124013e-08
9200.056 6.190301091777848e-08
9250.056 6.018900264879316e-08
9300.056 3.522135898600386e-08
9350.056 3.9669816587949634e-08
9400.056 4.807426748272563e-08
9450.056 5.8459510406876814e-08
9500.056 5.865121329955747e-08
9550.056 6.558188720491037e-08
9600.056 5.978919777897044e-08
9650.056 6.561008400102761e-08
9700.056 7.249879402850082e-08
9750.056 7.358519667602228e-08
9800.056 8.083981553216297e-08
9850.056 9.011338713959253e-08
9900.056 8.689959505483453e-08
9950.056 8.246919015618948e-08
10000.056 7.23836372295863e-08
10050.056 9.473329789800195e-08
10100.056 1.1531500721398146e-07
10150.056 1.2709728275397048e-07
10200.056 1.4605735910699008e-07
10250.056 1.5764020470298602e-07
10300.056 1.6603874426600563e-07
10350.056 1.9164430086899667e-07
10400.056 2.1624409993999053e-07
10450.056 2.2006838610200808e-07
10500.056 2.0143970434000392e-07
10550.056 1.9811374280801947e-07
10600.056 2.0947733598800624e-07
10650.056 2.3328177473001006e-07
10700.056 2.494288189470211e-07
10750.056 2.750522491890122e-07
10800.056 2.979198015300083e-07
10850.056 3.1672879829896116e-07
10900.056 2.711230100558754e-07
10950.056 1.8680877635150583e-07
11000.056 1.7533454919285114e-07
11050.056 1.5185188206076524e-07
11100.056 1.3189515452950352e-07
11150.056 1.0498931838704344e-07
11200.056 9.810400831381703e-08
11250.056 1.1468038159371103e-07
11300.056 1.1729961764470879e-07
11350.056 7.123240847988085e-08
11400.056 9.226428650797837e-08
11450.056 9.143204247633957e-08
11500.056 9.139279975847302e-08
11550.056 5.7008441593469924e-08
11600.056 6.558961498767068e-08
11650.056 8.534406642302947e-08
11700.056 7.51242219905556e-08
11750.056 4.1035346710785277e-08
11800.056 8.144707222524845e-08
11850.056 1.1673944653403275e-07
11900.056 1.2928898612710086e-07
11950.056 1.6510984076938809e-07
12000.056 1.8521517366238786e-07
12050.056 2.2828974218246525e-07
12100.056 2.580699717442883e-07
12150.056 3.064649292284737e-07
12200.056 3.4040998946090914e-07
12250.056 3.8455596993589495e-07
12300.056 4.298674185890707e-07
12350.056 4.4550963391402215e-07
12400.056 4.6235782532799584e-07
12450.056 4.5669071479503036e-07
12500.056 4.90992358495984e-07
12550.056 5.153911604000456e-07
12600.056 5.952147512530284e-07
12650.056 5.911169663009818e-07
12700.056 6.279319394881112e-07
12750.056 6.163224821194436e-07
12800.056 6.343807236980453e-07
12850.056 5.779408201449181e-07
12900.056 5.239064445115704e-07
12950.056 5.365094966413765e-07
13000.056 5.119568145351423e-07
13050.056 4.88243490099488e-07
13100.056 4.57886129286823e-07
13150.056 4.036415871449876e-07
13200.056 3.629932543719162e-07
13250.056 2.9882997079344174e-07
13300.056 1.7265528522164177e-07
13350.056 6.684806305635565e-08
13400.056 5.27600389494265e-08
13450.056 3.4569878282898025e-08
13500.056 2.7967044931689052e-08
13550.056 2.1975964874018917e-08
13600.056 1.2931916914655465e-08
13650.056 2.2919433722535384e-08
13700.056 2.005651187433305e-08
13750.056 1.7993362942673953e-08
13800.056 1.9918698613672893e-08
13850.056 1.7770844463687862e-08
13900.056 1.8432723476188445e-08
13950.056 1.6550267493846987e-08
14000.056 1.611579794033907e-08
14050.056 1.8506141382558254e-08
14100.056 1.7860983936992003e-08
14150.056 2.2521197805982283e-08
14200.056 1.9463227695488354e-08
14250.056 2.1094746867107287e-08
14300.056 2.7599131477592427e-08
14350.056 2.8174512542599455e-08
14400.056 3.35462648467239e-08
14450.056 3.55870520225284e-08
14500.056 5.188763289838031e-08
14550.056 5.8039919166976346e-08
14600.056 6.75830817102496e-08
14650.056 7.043807127472364e-08
14700.056 6.306599885299314e-08
14750.056 7.352399667467986e-08
14800.056 8.790153318607032e-08
14850.056 9.639207010202756e-08
14900.056 1.0141920645341635e-07
14950.056 1.0786090150016319e-07
15000.056 1.1803811921840808e-07
15050.056 1.3465247911804844e-07
15100.056 1.4535206608069465e-07
15150.056 1.6202107268756416e-07
15200.056 1.647853264573704e-07
15250.056 1.8275516641030905e-07
15300.056 2.0183645862215388e-07
15350.056 2.1690380390456675e-07
15400.056 2.4034374875202426e-07
15450.056 2.6081046143232863e-07
15500.056 2.6991332489144447e-07
15550.056 2.963950058449871e-07
15600.056 2.920024107270196e-07
15650.056 3.123263449720263e-07
15700.056 3.519078515691445e-07
15750.056 3.721625459239902e-07
15800.056 3.6115175753111856e-07
15850.056 3.877246400499725e-07
15900.056 3.698223233500342e-07
15950.056 3.666076514729233e-07
16000.056 3.20980747027997e-07
16050.056 2.546199101523936e-07
16100.056 2.0706881203368686e-07
16150.056 1.5789458906151785e-07
16200.056 1.1988642396143016e-07
16250.056 1.0649649334250265e-07
16300.056 8.875937734185981e-08
16350.056 9.678266095150939e-08
16400.056 1.1475782384372459e-07
16450.056 1.2148150488253414e-07
16500.056 1.2929045549003797e-07
16550.056 1.261525479060166e-07
16600.056 1.1717744128817473e-07
16650.056 1.0430193011996918e-07
16700.056 4.3125814297398395e-08
16750.056 4.87999350084612e-08
16800.056 8.036032447095916e-08
16850.056 8.94080229023092e-08
16900.056 7.51133822961889e-08
16950.056 6.086372736409254e-08
17000.056 4.659352828125619e-08
17050.056 6.853841144214924e-08
17100.056 8.452888747173318e-08
17150.056 6.548873549870361e-08
17200.056 9.117508909563545e-08
17250.056 8.445596404396376e-08
17300.056 6.651779690530483e-08
17350.056 6.003479732279122e-08
17400.056 6.822962333312679e-08
17450.056 7.653313438162185e-08
17500.056 8.770777627003401e-08
17550.056 8.649184512734754e-08
17600.056 7.68996012123934e-08
17650.056 7.74032921603778e-08
17700.056 6.041163979536056e-08
17750.056 6.026234833931115e-08
17800.056 8.119370686083933e-08
17850.056 6.3837295004737e-08
17900.056 5.5986477751119766e-08
17950.056 5.1275242156618296e-08
18000.056 5.730854410739727e-08
18050.056 6.214536694215822e-08
18100.056 6.686903103679206e-08
18150.056 8.261145075374742e-08
18200.056 5.921681259990755e-08
18250.056 9.110532403769521e-08
18300.056 7.755789796399538e-08
18350.056 6.658649406122153e-08
18400.056 6.80359460979186e-08
18450.056 7.099131430146098e-08
18500.056 7.744556373437778e-08
18550.056 6.8355613456222e-08
18600.056 6.059346233404078e-08
18650.056 6.584823866374938e-08
18700.056 6.794815692706379e-08
18750.056 7.509165799374879e-08
18800.056 9.774480737913922e-08
18850.056 1.109989738944793e-07
18900.056 1.1104886416873009e-07
18950.056 1.2912340990123952e-07
19000.056 1.225234771446272e-07
19050.056 1.0726412452378911e-07
19100.056 1.346201884462676e-07
19150.056 1.2444238717923273e-07
19200.056 1.3201491415203814e-07
19250.056 1.177912683075107e-07
19300.056 1.2026205432434057e-07
19350.056 1.0861803634732402e-07
19400.056 8.909117259905926e-08
19450.056 1.2376823350015196e-07
19500.056 1.1928584074416837e-07
19550.056 9.516431671423554e-08
19600.056 1.2338886019705162e-07
19650.056 1.2861361920436031e-07
19700.056 1.3268353514393346e-07
19750.056 1.307770206711634e-07
19800.056 1.3773191796200655e-07
19850.056 1.5618418093750854e-07
19900.056 1.330288452265133e-07
19950.056 1.7447557520177765e-07
20000.056 1.578206612333034e-07
20050.056 1.7244216429247763e-07
20100.056 1.8960542823194766e-07
20150.056 1.8508085333550396e-07
20200.056 1.982603019007072e-07
20250.056 2.178036895539869e-07
20300.056 2.1394174676720793e-07
20350.056 2.3222878625031626e-07
20400.056 2.2877060104608247e-07
20450.056 2.493790354156345e-07
20500.056 2.5615622065366405e-07
20550.056 2.5575908464528465e-07
20600.056 2.7511612352540285e-07
20650.056 2.7064341722712394e-07
20700.056 2.7687518891227734e-07
20750.056 2.8366751583176754e-07
20800.056 2.8524093998301365e-07
20850.056 2.77616663783982e-07
20900.056 2.8220077779411746e-07
20950.056 2.7394184485095915e-07
21000.056 2.6725191372205474e-07
21050.056 2.638992648559915e-07
21100.056 2.5138101307702763e-07
21150.056 2.536801347549593e-07
21200.056 2.3604355173979533e-07
21250.056 2.2553171596524495e-07
21300.056 2.0073937030053944e-07
21350.056 2.0209146435678668e-07
21400.056 1.899637195429684e-07
21450.056 1.7910755893679968e-07
21500.056 1.659952797281672e-07
21550.056 1.5361726491724231e-07
21600.056 1.3635185749512026e-07
21650.056 1.2161996091358069e-07
21700.056 1.2087006955529562e-07
21750.056 1.067103414717382e-07
21800.056 9.261718798159303e-08
21850.056 8.413494316725027e-08
21900.056 6.40503035263626e-08
21950.056 4.270318441534623e-08
22000.056 2.1161247695668755e-08
22050.056 1.39099759736956e-08
22100.056 1.9684065573062566e-08
22150.056 2.8860928101408733e-08
22200.056 3.363038218633959e-08
22250.056 2.9946159889360815e-08
22300.056 2.5587243180595598e-08
22350.056 2.4275584208387153e-08
22400.056 1.9032019810340073e-08
22450.056 1.6463532359508253e-08
22500.056 1.536712365162839e-08
22550.056 1.3090517106876325e-08
22600.056 1.3687898768563182e-08
22650.056 1.4218779143885065e-08
22700.056 1.2643741509882453e-08
22750.056 1.3429435822916834e-08
22800.056 1.187866750609175e-08
22850.056 1.0658340036670036e-08
22900.056 9.376177283812258e-09
22950.056 8.9172242711367e-09
23000.056 1.1200306489338738e-08
23050.056 1.4570532528700949e-08
23100.056 2.2554957516273224e-08
23150.056 2.581769533586006e-08
23200.056 9.097938989919028e-09
23250.056 9.739947049922135e-09
23300.056 8.818632929275416e-09
23350.056 8.842529304227856e-09
23400.056 9.706048375144756e-09
23450.056 9.697723898027282e-09
23500.056 1.0566346563978828e-08
23550.056 1.304811113035407e-08
23600.056 1.4480483051669031e-08
23650.056 1.8577821710769465e-08
23700.056 1.3332277254498638e-08
23750.056 1.057195153040925e-08
23800.056 1.0541304717430864e-08
23850.056 1.2441260297190354e-08
23900.056 1.7836247292713422e-08
23950.056 2.0552583806207913e-08
24000.056 2.1576729368329367e-08
24050.056 2.7413124603431468e-08
24100.056 2.580409179476631e-08
24150.056 2.889162712401483e-08
24200.056 2.866535952762131e-08
24250.056 2.4751652034363915e-08
24300.056 2.9266934888270116e-08
24350.056 2.541344236857855e-08
24400.056 3.246229239674917e-08
24450.056 3.3130484276113764e-08
24500.056 3.3965766114223583e-08
24550.056 4.026416096119509e-08
24600.056 4.101789408023255e-08
24650.056 4.9071177678814106e-08
24700.056 4.199016498132691e-08
24750.056 4.739578978970718e-08
24800.056 4.988087358092013e-08
24850.056 5.987249554169712e-08
24900.056 4.7319833959832986e-08
24950.056 6.719902692038872e-08
25000.056 6.394495908682439e-08
25050.056 5.3630868930353894e-08
25100.056 6.810275679279433e-08
25150.056 5.280826588182079e-08
25200.056 6.639561328062095e-08
25250.056 5.596715127593631e-08
25300.056 7.249025884394381e-08
25350.056 5.124944152053351e-08
25400.056 7.571479442197767e-08
25450.056 5.391741679363911e-08
25500.056 5.3772919112557396e-08
25550.056 5.6284341409868936e-08
25600.056 4.88563089598137e-08
25650.056 4.283020016813073e-08
25700.056 6.340307279461115e-08
25750.056 3.653296893044659e-08
25800.056 5.957230802672482e-08
25850.056 4.060088458206325e-08
25900.056 4.9147940364533174e-08
25950.056 3.707221307956418e-08
26000.056 6.898293570418496e-08
26050.056 5.450586267107838e-08
26100.056 6.498191685950584e-08
26150.056 5.54941408032893e-08
26200.056 6.327675751822259e-08
26250.056 7.870234943159245e-08
26300.056 6.71118192146529e-08
26350.056 9.468785296306403e-08
26400.056 9.641777965401747e-08
26450.056 1.0701304356494087e-07
26500.056 1.1232236717391291e-07
26550.056 8.261354049826538e-08
26600.056 1.1164612875937693e-07
26650.056 6.567695499419038e-08
26700.056 6.739931512121064e-08
26750.056 4.86565999727441e-08
26800.056 7.415911734265308e-08
26850.056 4.592792845367366e-08
26900.056 8.69670460398322e-08
26950.056 5.020788416923497e-08
27000.056 9.937112273612178e-08
27050.056 7.841587825060697e-08
27100.056 7.023412120657676e-08
27150.056 1.061839776665228e-07
27200.056 7.792491780706405e-08
27250.056 8.376432385338814e-08
27300.056 1.4117082837906593e-07
27350.056 1.1795989011878687e-07
27400.056 5.8122467447611056e-08
27450.056 1.4888898909415885e-07
27500.056 1.3765070053829237e-07
27550.056 8.727049763021625e-08
27600.056 1.4116964837902213e-07
27650.056 7.760288341258067e-08
27700.056 6.731299194966188e-08
27750.056 1.4007047999654448e-07
27800.056 7.368147388228227e-08
27850.056 9.028042806224055e-08
27900.056 9.778437707661841e-08
27950.056 1.435664290245303e-07
28000.056 1.2528128625795946e-07
28050.056 5.979236294016306e-08
28100.056 1.5139436324641285e-07
28150.056 1.0315052118395993e-07
28200.056 6.451277971498084e-08
28250.056 1.391858251006189e-07
28300.056 1.7487513957966386e-07
28350.056 8.45361194543109e-08
28400.056 1.15216040592582e-07
28450.056 1.3985739503191473e-07
28500.056 1.243073936268406e-07
28550.056 6.056010744767267e-08
28600.056 1.6221628638555275e-07
28650.056 1.414767588944972e-07
28700.056 1.2863887233996494e-07
28750.056 1.648927894982111e-07
28800.056 1.3938030281923884e-07
28850.056 1.6402915128963626e-07
