galfind/configs/Brown_Dwarf_templates/sonora_bobcat/m-0.5/10g/sp_t550g10nc_m-0.5_resample.dat
# %ECSV 1.0
# ---
# datatype:
# - {name: wav, unit: Angstrom, datatype: float64}
# - {name: flux_nu, unit: erg / (cm2 Hz s), datatype: float64}
# meta: {C/O: '1.00', Kzz: '1.0000E+05', Teff: '550.', Y: '0.28', '[Fe/H]': '-0.50', f_hole: '1.00', f_rain: '0.00', grav: '10.'}
# schema: astropy-2.0
wav flux_nu
4000.0559999999996 nan
4050.0559999999996 2.350554347921196e-16
4100.056 3.3413657783700377e-14
4150.056 2.211076905310053e-13
4200.056 2.104151570794745e-13
4250.056 1.0181414133600232e-12
4300.056 1.8127181439000688e-12
4350.056 2.501397797130072e-12
4400.056 3.5202215186000594e-12
4450.056 4.814939383600008e-12
4500.056 5.512954172200201e-12
4550.056 6.006977645266226e-12
4600.056 4.743490567172025e-12
4650.056 3.5879689698999096e-12
4700.056 2.1918550295999735e-12
4750.056 6.319924034099903e-13
4800.056 1.2542676072399794e-13
4850.056 1.949425414919967e-14
4900.056 4.832221911099948e-15
4950.056 1.965857810699983e-15
5000.056 9.535023131499922e-16
5050.056 6.342444736000081e-16
5100.056 6.533100151800039e-16
5150.056 7.044686866299983e-16
5200.056 7.613100536499991e-16
5250.056 8.337109050599992e-16
5300.056 9.159591894200004e-16
5350.056 1.0136095647300015e-15
5400.056 1.1319914780999985e-15
5450.056 1.2498002015999975e-15
5500.056 1.363294642900004e-15
5550.056 1.4670623378000022e-15
5600.056 1.552176841999998e-15
5650.056 1.5999941051000008e-15
5700.056 1.5834039308000015e-15
5750.056 1.463389925499998e-15
5800.056 1.216290241999995e-15
5850.056 7.586694714199867e-16
5900.056 2.089140369538765e-16
5950.056 1.6583573548700453e-15
6000.056 4.133789377700007e-15
6050.056 8.126998411600099e-15
6100.056 1.404287193300009e-14
6150.056 2.2394130022000136e-14
6200.056 3.4096009968000167e-14
6250.056 5.044541369800009e-14
6300.056 7.30986312520004e-14
6350.056 1.042940958160007e-13
6400.056 1.4641603765000033e-13
6450.056 1.965339593919946e-13
6500.056 2.708315079459977e-13
6550.056 3.720937846539988e-13
6600.056 5.119754586600174e-13
6650.056 7.029804485400053e-13
6700.056 9.053985890230113e-13
6750.056 1.2947675393000061e-12
6800.056 1.6691469625000138e-12
6850.056 1.9572513469000073e-12
6900.056 1.9548013547800575e-12
6950.056 1.847021856578974e-12
7000.056 1.992334309290033e-12
7050.056 2.186911083839951e-12
7100.056 2.445181048099956e-12
7150.056 2.3662512182490432e-12
7200.056 2.32501939209652e-12
7250.056 2.4239953811795464e-12
7300.056 2.418557288091922e-12
7350.056 2.4538917729718117e-12
7400.056 2.468361929520118e-12
7450.056 2.412330724110091e-12
7500.056 2.2524850308999907e-12
7550.056 1.9605183647999907e-12
7600.056 1.5880936311999891e-12
7650.056 4.161686657597783e-13
7700.056 2.556504241550122e-13
7750.056 1.5922412002900296e-12
7800.056 2.8388044522720298e-12
7850.056 5.118479877199984e-12
7900.056 7.460625661299887e-12
7950.056 8.9080817309301e-12
8000.056 1.3999911178300156e-11
8050.056 1.8213490236400716e-11
8100.056 2.074411679393722e-11
8150.056 2.4758668623028903e-11
8200.056 3.5057123389472556e-11
8250.056 4.2710992956091326e-11
8300.056 5.4723330552996156e-11
8350.056 6.448355807209607e-11
8400.056 8.036941137380149e-11
8450.056 1.0629897393279605e-10
8500.056 1.2326527124879007e-10
8550.056 1.6903733713500293e-10
8600.056 2.2327075173000377e-10
8650.056 2.782763858100073e-10
8700.056 3.291725590600062e-10
8750.056 4.007041492300036e-10
8800.056 4.5982827931001313e-10
8850.056 4.431424725299803e-10
8900.056 1.8850840972067142e-10
8950.056 2.3234330370603176e-10
9000.056 2.0883554646236698e-10
9050.056 5.439535207074576e-10
9100.056 7.125325111056429e-10
9150.056 8.251235868936164e-10
9200.056 1.215021374531919e-09
9250.056 1.2379336217088208e-09
9300.056 3.627874540485567e-10
9350.056 4.3597030671631794e-10
9400.056 7.230980637353663e-10
9450.056 9.308130871530055e-10
9500.056 8.282856668096405e-10
9550.056 9.925339247843498e-10
9600.056 9.36987406326128e-10
9650.056 1.207820258598369e-09
9700.056 1.6977887161165989e-09
9750.056 1.701688728054148e-09
9800.056 1.873377109841407e-09
9850.056 2.10525311247996e-09
9900.056 2.7222598794942423e-09
9950.056 2.6094404165862912e-09
10000.056 2.62839290909854e-09
10050.056 3.4676781080802435e-09
10100.056 4.42810255001937e-09
10150.056 4.918792690849807e-09
10200.056 5.42467922819043e-09
10250.056 6.529832279895378e-09
10300.056 8.1928090750375e-09
10350.056 8.832127102325635e-09
10400.056 1.1998143414620709e-08
10450.056 1.4368664654446393e-08
10500.056 1.6540025881599895e-08
10550.056 1.8985717816500696e-08
10600.056 1.999478376829889e-08
10650.056 2.0800019795510567e-08
10700.056 2.002102009626656e-08
10750.056 2.021560949768067e-08
10800.056 1.919376386565484e-08
10850.056 1.678594250082271e-08
10900.056 1.1747749426917508e-08
10950.056 5.913833143579051e-09
11000.056 4.248607751671238e-09
11050.056 2.7188404111787014e-09
11100.056 1.6325603021057546e-09
11150.056 7.058595568260958e-10
11200.056 4.687741026354468e-10
11250.056 5.486757292758456e-10
11300.056 8.125629026634124e-10
11350.056 2.952170454635965e-10
11400.056 6.7009106262074e-10
11450.056 5.408356086504285e-10
11500.056 3.347654734451843e-10
11550.056 8.041803314776342e-11
11600.056 8.517472344180445e-11
11650.056 2.5883829077424564e-10
11700.056 2.762160674789708e-10
11750.056 4.592511759240998e-11
11800.056 2.9896735658083227e-10
11850.056 5.321977278894029e-10
11900.056 6.060001095881399e-10
11950.056 9.539851044495675e-10
12000.056 1.5991028846143543e-09
12050.056 2.5880929932692206e-09
12100.056 4.151437272911144e-09
12150.056 6.359282467441143e-09
12200.056 8.092926823980288e-09
12250.056 1.177650970710572e-08
12300.056 1.6623370304694528e-08
12350.056 1.7841268742646834e-08
12400.056 2.4839336198517814e-08
12450.056 3.1603627709383575e-08
12500.056 3.520591809250435e-08
12550.056 3.9977339170280886e-08
12600.056 4.465093164643391e-08
12650.056 4.536125409889752e-08
12700.056 4.564591009518621e-08
12750.056 3.904813018713794e-08
12800.056 3.364619557183004e-08
12850.056 2.408702680378011e-08
12900.056 1.90139464096385e-08
12950.056 1.6606515655163562e-08
13000.056 1.4768684983341979e-08
13050.056 1.0291439298134012e-08
13100.056 9.007946805022806e-09
13150.056 6.1478439954223856e-09
13200.056 5.22788425427988e-09
13250.056 3.91217027854807e-09
13300.056 1.55561974797604e-09
13350.056 5.006390136986453e-10
13400.056 3.7239986732304126e-10
13450.056 1.522379565759547e-10
13500.056 7.870732528669204e-11
13550.056 4.3282169496867364e-11
13600.056 1.1019980973078286e-11
13650.056 5.78749170227651e-11
13700.056 3.896307637515805e-11
13750.056 4.4261039866905396e-11
13800.056 4.024904359670158e-11
13850.056 2.8430201666254866e-11
13900.056 3.7290644734249796e-11
13950.056 2.76220472419474e-11
14000.056 3.117597018281355e-11
14050.056 4.8294945327599195e-11
14100.056 5.654472122250524e-11
14150.056 9.540114243240182e-11
14200.056 6.52598783549143e-11
14250.056 9.102970120698928e-11
14300.056 1.7302977973174354e-10
14350.056 1.9714243222451461e-10
14400.056 2.276414063399337e-10
14450.056 3.0396147407409115e-10
14500.056 6.052768662777838e-10
14550.056 6.935051535587137e-10
14600.056 8.119229929036043e-10
14650.056 6.227927457713766e-10
14700.056 3.6491758162780034e-10
14750.056 2.749676416594286e-10
14800.056 5.22354924763868e-10
14850.056 6.812780787283882e-10
14900.056 7.138375946822888e-10
14950.056 6.417355911565816e-10
15000.056 1.1388218709141484e-09
15050.056 1.0047878912407638e-09
15100.056 8.139090578856406e-10
15150.056 7.718145736608285e-10
15200.056 1.1851268660510773e-09
15250.056 2.1381943413451073e-09
15300.056 2.5553466260368718e-09
15350.056 3.1622561430936828e-09
15400.056 4.129576550791145e-09
15450.056 5.115353294419291e-09
15500.056 5.777022366843497e-09
15550.056 7.870054930623487e-09
15600.056 9.485398365331287e-09
15650.056 1.210651203570695e-08
15700.056 1.5254243889136305e-08
15750.056 1.757029574780755e-08
15800.056 1.86392877280414e-08
15850.056 2.026810671350408e-08
15900.056 1.809142641331013e-08
15950.056 1.6282249141296315e-08
16000.056 1.1882219553702727e-08
16050.056 6.727234823709203e-09
16100.056 4.355608886537134e-09
16150.056 2.4911710857920415e-09
16200.056 1.4342992097296773e-09
16250.056 1.0316505965618842e-09
16300.056 6.822129226876825e-10
16350.056 7.804604369012689e-10
16400.056 9.864541749032808e-10
16450.056 9.098622102059643e-10
16500.056 8.327595767723219e-10
16550.056 8.736496379593335e-10
16600.056 1.0262923699345365e-09
16650.056 7.881697090025944e-10
16700.056 1.510199864093045e-10
16750.056 3.813364482227328e-10
16800.056 6.78573411798776e-10
16850.056 8.004595193974031e-10
16900.056 4.650696049286333e-10
16950.056 2.8709761963017144e-10
17000.056 1.7884325817751612e-10
17050.056 3.4438796642578296e-10
17100.056 5.426787962077351e-10
17150.056 3.0979087486447327e-10
17200.056 8.630938386147008e-10
17250.056 6.335852209099717e-10
17300.056 3.877910942210777e-10
17350.056 3.9455384307037045e-10
17400.056 6.008775296936195e-10
17450.056 8.226498181117739e-10
17500.056 1.0597750013884885e-09
17550.056 9.964113766965037e-10
17600.056 7.821954445289895e-10
17650.056 7.732752637998953e-10
17700.056 5.653321034005536e-10
17750.056 5.990992419165725e-10
17800.056 1.2374324270618644e-09
17850.056 6.922237210002036e-10
17900.056 5.192369893077611e-10
17950.056 4.51753806183625e-10
18000.056 6.21947830926232e-10
18050.056 6.411449491168672e-10
18100.056 7.819662107605157e-10
18150.056 7.981058778993403e-10
18200.056 5.530864940500798e-10
18250.056 1.3211453901361627e-09
18300.056 6.0318686938423e-10
18350.056 4.515214691182298e-10
18400.056 3.9720752251390045e-10
18450.056 8.675397412270776e-10
18500.056 8.645390992751595e-10
18550.056 6.249241938881127e-10
18600.056 6.977789877273952e-10
18650.056 5.765508792398204e-10
18700.056 3.01813674774559e-10
18750.056 5.6960994940817e-10
18800.056 1.2635168282282163e-09
18850.056 1.304024062582127e-09
18900.056 1.1804212330038196e-09
18950.056 1.5804288602232107e-09
19000.056 7.868471241248977e-10
19050.056 4.808766809497158e-10
19100.056 8.083965353560037e-10
19150.056 4.855842628081716e-10
19200.056 5.667878772248701e-10
19250.056 4.569127427905354e-10
19300.056 3.5476618075661476e-10
19350.056 2.9910888983115324e-10
19400.056 2.6624651686608846e-10
19450.056 4.3174721687945215e-10
19500.056 3.19544097076573e-10
19550.056 3.407671288123388e-10
19600.056 6.612139592047642e-10
19650.056 5.276951903103458e-10
19700.056 5.73364797529287e-10
19750.056 8.413682779498562e-10
19800.056 6.780741349197249e-10
19850.056 9.041237078259267e-10
19900.056 9.39900763838449e-10
19950.056 1.2431227141440686e-09
20000.056 1.459600583495594e-09
20050.056 1.2885636043782317e-09
20100.056 1.90697229939896e-09
20150.056 1.1929444181015285e-09
20200.056 1.068824824754725e-09
20250.056 1.6631795143243864e-09
20300.056 1.8699832149514157e-09
20350.056 1.9566347870016487e-09
20400.056 1.8472136967481e-09
20450.056 2.512083689417937e-09
20500.056 2.9046539397809428e-09
20550.056 3.1174411002720885e-09
20600.056 3.2209809778469303e-09
20650.056 3.758796063537181e-09
20700.056 4.023067202813771e-09
20750.056 4.376829290932447e-09
20800.056 4.290084218555463e-09
20850.056 4.58797442750043e-09
20900.056 4.866234602698362e-09
20950.056 4.61890706505034e-09
21000.056 4.515885101134286e-09
21050.056 4.685079739468913e-09
21100.056 4.4234740427105965e-09
21150.056 4.4465144873472964e-09
21200.056 4.1560227905718954e-09
21250.056 3.8832817227602025e-09
21300.056 3.368543957739344e-09
21350.056 3.3671728591297675e-09
21400.056 3.253300693793128e-09
21450.056 2.7696837060340508e-09
21500.056 2.5139247263249765e-09
21550.056 2.251592514433859e-09
21600.056 1.946947530234185e-09
21650.056 1.5590308548087965e-09
21700.056 1.4936444612022957e-09
21750.056 1.4008198600781524e-09
21800.056 1.1216740453753037e-09
21850.056 1.0798981708504222e-09
21900.056 7.688231527250132e-10
21950.056 3.512183083061208e-10
22000.056 1.019821801100829e-10
22050.056 8.86578825929725e-11
22100.056 2.6028730568329387e-10
22150.056 3.166441233918614e-10
22200.056 3.4029223407417557e-10
22250.056 2.6430835559266747e-10
22300.056 1.732873447626366e-10
22350.056 2.0467250530351309e-10
22400.056 9.958045961598784e-11
22450.056 1.167558463299333e-10
22500.056 9.024448319838513e-11
22550.056 6.7323637345385e-11
22600.056 5.782378552866614e-11
22650.056 8.972029960201652e-11
22700.056 7.122811137852483e-11
22750.056 7.415988647690107e-11
22800.056 7.373688612598595e-11
22850.056 5.901237660492622e-11
22900.056 4.389191852061005e-11
22950.056 4.230101715749979e-11
23000.056 5.962895690869315e-11
23050.056 7.670078683408694e-11
23100.056 2.364583125857124e-10
23150.056 2.3449587499425316e-10
23200.056 2.3885527366673062e-11
23250.056 4.958095596359305e-11
23300.056 5.089737749000474e-11
23350.056 6.8363818296607e-11
23400.056 6.808700438498012e-11
23450.056 5.0613859576300046e-11
23500.056 5.364373310066104e-11
23550.056 8.770444649875713e-11
23600.056 1.1657221446997276e-10
23650.056 1.879823181525265e-10
23700.056 6.408012342601195e-11
23750.056 4.8419811134364414e-11
23800.056 1.2624398088771355e-10
23850.056 1.0998551967030342e-10
23900.056 2.0585986621945134e-10
23950.056 1.6537748840714698e-10
24000.056 2.529955215807669e-10
24050.056 3.293454185061661e-10
24100.056 3.288320236025577e-10
24150.056 4.379645549788642e-10
24200.056 3.4191930490401706e-10
24250.056 2.8507285722363404e-10
24300.056 4.2347406079876296e-10
24350.056 3.812852596704097e-10
24400.056 6.538281011116059e-10
24450.056 7.221661426897171e-10
24500.056 7.085271664579589e-10
24550.056 9.440511952489387e-10
24600.056 9.786588206563495e-10
24650.056 1.3831436720514535e-09
24700.056 9.225641062073849e-10
24750.056 1.1791818027572281e-09
24800.056 1.1637381282945572e-09
24850.056 1.7205517940349797e-09
24900.056 1.004102719314536e-09
24950.056 1.8437680269368915e-09
25000.056 1.8042024556120693e-09
25050.056 1.3171482962489564e-09
25100.056 1.9068088098990685e-09
25150.056 1.0914232626118271e-09
25200.056 1.628381306231644e-09
25250.056 8.778060656006029e-10
25300.056 1.360900057099019e-09
25350.056 6.849937082293936e-10
25400.056 1.5240029719822193e-09
25450.056 6.102674129320323e-10
25500.056 5.7332320749586e-10
25550.056 9.023428178791531e-10
25600.056 5.265983196978448e-10
25650.056 3.467075568619414e-10
25700.056 5.968822867305985e-10
25750.056 1.8325724800661334e-10
25800.056 7.360664804878077e-10
25850.056 1.9659091050931e-10
25900.056 2.8143060592675965e-10
25950.056 9.848575225205038e-11
26000.056 7.221610707225668e-10
26050.056 1.6300635076859595e-10
26100.056 5.552217331916405e-10
26150.056 3.1540915358883025e-10
26200.056 4.107562418223092e-10
26250.056 1.437014130436677e-09
26300.056 5.230605754630202e-10
26350.056 1.8762372733554484e-09
26400.056 2.1114767462903737e-09
26450.056 2.132813568051159e-09
26500.056 3.055821140344773e-09
26550.056 7.706089608985036e-10
26600.056 1.0733825042606457e-09
26650.056 2.4057620323243617e-10
26700.056 1.6833804971014308e-10
26750.056 1.6000198862066401e-10
26800.056 4.1385617589559127e-10
26850.056 2.218937475832602e-10
26900.056 8.922877876907086e-10
26950.056 3.4110670747729083e-10
27000.056 1.5382786942358407e-09
27050.056 1.4030834059097635e-09
27100.056 3.899230248666304e-10
27150.056 2.0085625788767428e-09
27200.056 3.924003487893253e-10
27250.056 8.943511832315613e-10
27300.056 3.731521295222013e-09
27350.056 1.8370508238891215e-09
27400.056 1.5511103378944398e-10
27450.056 2.207874010830459e-09
27500.056 2.2809139274826752e-09
27550.056 5.447347820186674e-10
27600.056 1.3224215157614608e-09
27650.056 4.278056076119744e-10
27700.056 3.3245482372088596e-10
27750.056 1.6526959029472412e-09
27800.056 4.838261941812475e-10
27850.056 7.847665140844697e-10
27900.056 7.664712227688366e-10
27950.056 1.832947113190484e-09
28000.056 1.566411141331423e-09
28050.056 2.5912830801782176e-10
28100.056 1.4660869366831154e-09
28150.056 1.1204439553592405e-09
28200.056 3.9342719634587737e-10
28250.056 1.8964491852467265e-09
28300.056 1.9150534059611066e-09
28350.056 5.259236333713724e-10
28400.056 1.42142170060737e-09
28450.056 2.1409059147470386e-09
28500.056 1.479226774715511e-09
28550.056 4.056783410289851e-10
28600.056 2.478407006516794e-09
28650.056 1.7468119862189058e-09
28700.056 2.108697766093684e-09
28750.056 3.1182768985797205e-09
28800.056 1.6997496017966499e-09
28850.056 2.8059173313646735e-09
28900.056 1.5141868976283247e-09
