galfind/configs/Brown_Dwarf_templates/sonora_bobcat/m-0.5/10g/sp_t1900g10nc_m-0.5_resample.dat
# %ECSV 1.0
# ---
# datatype:
# - {name: wav, unit: Angstrom, datatype: float64}
# - {name: flux_nu, unit: erg / (cm2 Hz s), datatype: float64}
# meta: {C/O: '1.00', Kzz: '1.0000E+05', Teff: '1900.', Y: '0.28', '[Fe/H]': '-0.50', f_hole: '1.00', f_rain: '0.00', grav: '10.'}
# schema: astropy-2.0
wav flux_nu
[from data line 497]
28850.056 1.582863244960222e-06
28900.056 1.2968823910901256e-06
28950.056 1.7600069467797731e-06
29000.056 1.4153944188194806e-06
29050.056 1.4520270057497134e-06
29100.056 1.2297332526700716e-06
29150.056 1.5528698752502937e-06
29200.056 1.4085434595004253e-06
29250.056 1.5935859153800975e-06
29300.056 1.3419472448491688e-06
29350.056 1.7706420228596391e-06
29400.056 1.4435220348398138e-06
29450.056 1.4718406335199249e-06
29500.056 1.5669762748798247e-06
29550.056 1.4947601992901374e-06
29600.056 1.5845645627198944e-06
29650.056 1.571951197799922e-06
29700.056 1.3571363135198087e-06
29750.056 1.7521397683409655e-06
29800.056 1.700079579739961e-06
29850.056 1.6610007593297929e-06
29900.056 1.491052189280384e-06
29950.056 1.7626094589496839e-06
30000.056 1.752282243039473e-06
30050.056 1.6425263604998668e-06
30100.056 1.3254945804596158e-06
30150.056 2.048448272569811e-06
30200.056 1.8084556310301925e-06
30250.056 1.7548340299605781e-06
30300.056 1.7946938220898164e-06
30350.056 1.6449919901502847e-06
30400.056 2.0177949122104137e-06
30450.056 1.6209428454601658e-06
30500.056 1.5304758448502689e-06
30550.056 2.106649544430508e-06
30600.056 2.013528268210288e-06
30650.056 2.0149938173900723e-06
30700.056 1.885643594789967e-06
30750.056 1.7904880758300746e-06
30800.056 2.1595517863305803e-06
30850.056 1.8594749902299322e-06
30900.056 1.8936128892798356e-06
30950.056 1.8187029742302532e-06
31000.056 2.096985516579922e-06
31050.056 1.7599921735499884e-06
31100.056 1.9917949889899043e-06
31150.056 2.0910042911097204e-06
31200.056 2.084177859449735e-06
31250.056 2.243256136130435e-06
31300.056 1.99858931393979e-06
31350.056 2.0366834946499965e-06
31400.056 2.0362365082604744e-06
31450.056 2.086789520870108e-06
31500.056 2.109133202050418e-06
31550.056 1.963601890640007e-06
31600.056 2.075016423239841e-06
31650.056 2.185607536879996e-06
31700.056 2.2156664234098925e-06
31750.056 1.910818151300251e-06
31800.056 2.271558503020201e-06
31850.056 2.433494473590125e-06
31900.056 2.414795151049835e-06
31950.056 1.8474648156697786e-06
32000.056 2.0661773723905007e-06
32050.056 2.4264688466302436e-06
32100.056 2.4138167494696473e-06
32150.056 2.420092106010111e-06
32200.056 2.3184487562499187e-06
32250.056 2.198951812130212e-06
32300.056 2.406893026150135e-06
32350.056 2.5571614887003577e-06
32400.056 2.2840927138000434e-06
32450.056 2.2430323478602137e-06
32500.056 2.449810792060284e-06
32550.056 2.7197594747401263e-06
32600.056 2.6892643278598245e-06
32650.056 2.6003860734008997e-06
32700.056 2.4794313401801814e-06
32750.056 2.6011283187100393e-06
32800.056 2.3744259987202513e-06
32850.056 2.8369822742597418e-06
32900.056 2.7199363953199836e-06
32950.056 2.3161031044197954e-06
33000.056 2.5327843501003077e-06
33050.056 2.617844385239707e-06
33100.056 2.7223146065991886e-06
33150.056 2.5730782833602178e-06
33200.056 2.2646731507503373e-06
33250.056 2.507830622499904e-06
33300.056 2.6727169940003044e-06
33350.056 2.546154135720196e-06
33400.056 2.384078843339691e-06
33450.056 2.6170103263891427e-06
33500.056 2.689225977980291e-06
33550.056 2.6160140260396563e-06
33600.056 2.70601846746066e-06
33650.056 2.8319484371207024e-06
33700.056 2.9237971724695347e-06
33750.056 2.9357560541000714e-06
33800.056 2.821667042909971e-06
33850.056 2.732721712410089e-06
33900.056 3.0932918648995293e-06
33950.056 2.7225354194896338e-06
34000.056 2.776068444199289e-06
34050.056 2.8047845699299143e-06
34100.056 3.0582237771004115e-06
34150.056 2.9584675574996487e-06
34200.056 2.781981447329429e-06
34250.056 3.1346215365996093e-06
34300.056 2.8489677819994295e-06
34350.056 3.009567796309708e-06
34400.056 2.746789882689591e-06
34450.056 2.819292327119968e-06
34500.056 2.9173881027005874e-06
34550.056 2.7954417136498115e-06
34600.056 2.970260256620093e-06
34650.056 2.977642525199989e-06
34700.056 2.8628643182594014e-06
34750.056 3.0754983156402717e-06
34800.056 3.2097066892995583e-06
34850.056 2.8479694748401115e-06
34900.056 3.0507713879302943e-06
34950.056 2.9647996804192746e-06
35000.056 2.8784983237195973e-06
35050.056 3.2427139994005644e-06
35100.056 3.0572480520192352e-06
35150.056 3.065041632349861e-06
35200.056 3.1421205265997125e-06
35250.056 2.7806178165301435e-06
35300.056 3.07447288758023e-06
35350.056 3.2401096639997485e-06
35400.056 3.0111195529797707e-06
35450.056 2.918595833560446e-06
35500.056 3.199527693599822e-06
35550.056 3.012670674099893e-06
35600.056 2.884261359299537e-06
35650.056 3.321601005700423e-06
35700.056 2.9208208146004307e-06
35750.056 3.084207364109709e-06
35800.056 3.1748412949996604e-06
35850.056 3.212500959299726e-06
35900.056 3.3898686520995528e-06
35950.056 3.212467339899874e-06
36000.056 2.9182852725996413e-06
36050.056 3.3723154030002896e-06
36100.056 3.4551716425996716e-06
36150.056 3.1141704320203653e-06
36200.056 3.3873709347995493e-06
36250.056 3.0900325951293502e-06
36300.056 3.6116234654207646e-06
36350.056 3.4234525745995355e-06
36400.056 3.274574307599938e-06
36450.056 3.5786770840996653e-06
36500.056 3.335606979100271e-06
36550.056 3.213639845900524e-06
36600.056 3.3145868748003077e-06
36650.056 3.4299221801004026e-06
36700.056 3.6035048708001704e-06
36750.056 3.345123045100363e-06
36800.056 3.4286599028996044e-06
36850.056 3.426879873900323e-06
36900.056 3.5353330120006045e-06
36950.056 3.510962229299976e-06
37000.056 3.5913604940001293e-06
37050.056 3.628563619199922e-06
37100.056 3.5302482695003853e-06
37150.056 3.500640239899227e-06
37200.056 3.6692280583000736e-06
37250.056 3.689903010100296e-06
37300.056 3.7061645542007177e-06
37350.056 3.4746940536005128e-06
37400.056 3.651335774999646e-06
37450.056 3.646715290900331e-06
37500.056 3.706135217499765e-06
37550.056 3.6181666986993155e-06
37600.056 3.819283900899479e-06
37650.056 3.542251336099636e-06
37700.056 3.596356546300093e-06
37750.056 3.838073457299455e-06
37800.056 3.915499330999894e-06
37850.056 3.714141597799822e-06
37900.056 3.8145751475002975e-06
37950.056 3.85949746250018e-06
38000.056 3.7339791015005334e-06
38050.056 3.796529966000245e-06
38100.056 3.6479157204002164e-06
38150.056 3.945864499199446e-06
38200.056 4.038568117199433e-06
38250.056 3.692381717300563e-06
38300.056 3.6427166061999415e-06
38350.056 3.8118289316998505e-06
38400.056 3.878638591099774e-06
38450.056 3.921069446700364e-06
38500.056 3.816677179999794e-06
38550.056 3.811374922100217e-06
38600.056 4.1627154558997885e-06
38650.056 3.6621938682001696e-06
38700.056 3.7540125918006537e-06
38750.056 3.916431836499982e-06
38800.056 3.856795849900498e-06
38850.056 3.8318723956003156e-06
38900.056 3.725862289199845e-06
38950.056 3.9358322540996195e-06
39000.056 3.820564595900148e-06
39050.056 3.889051177999911e-06
39100.056 3.679207598499979e-06
39150.056 3.8065461002001787e-06
39200.056 3.9474552755001835e-06
39250.056 3.9139285975993506e-06
39300.056 3.901021068999241e-06
39350.056 3.873474054400436e-06
39400.056 3.8114926709001065e-06
39450.056 3.819875815099745e-06
39500.056 3.790637513599769e-06
39550.056 3.710842378299276e-06
39600.056 4.049571953300208e-06
39650.056 3.6436686124000532e-06
39700.056 3.8120467697998505e-06
39750.056 3.7793798078995565e-06
39800.056 3.6001014155002502e-06
39850.056 3.700877659099732e-06
39900.056 3.646503525799861e-06
39950.056 3.8409007706998635e-06
40000.056 3.52542120529978e-06
40050.056 3.2818183402999103e-06
40100.056 3.553717612699748e-06
40150.056 3.3303002231992316e-06
40200.056 3.475479357999651e-06
40250.056 3.4966676253990013e-06
40300.056 3.1742310777503712e-06
40350.056 3.415734706200212e-06
40400.056 3.4678428767998233e-06
40450.056 3.148387764900745e-06
40500.056 2.9630102914001e-06
40550.056 3.4901911531997986e-06
40600.056 3.1213914932002973e-06
40650.056 3.228241731100647e-06
40700.056 3.384041482700288e-06
40750.056 2.9838714314990533e-06
40800.056 2.957068560140522e-06
40850.056 2.7721461681606164e-06
40900.056 2.7772534716006153e-06
40950.056 3.0039428329199706e-06
41000.056 3.106258482400326e-06
41050.056 3.011438870459345e-06
41100.056 2.850215790000455e-06
41150.056 3.098326048800164e-06
41200.056 2.872293182100065e-06
41250.056 2.9291416647002574e-06
41300.056 2.5443910170996903e-06
41350.056 3.0449380111001504e-06
41400.056 2.8723586924000616e-06
41450.056 2.732439388759897e-06
41500.056 2.9787280031600757e-06
41550.056 2.9145632593800313e-06
41600.056 3.065246162099988e-06
41650.056 2.6741054148005066e-06
41700.056 2.5705645504796218e-06
41750.056 2.7810376688300656e-06
41800.056 2.655486609559672e-06
41850.056 2.487575928770379e-06
41900.056 2.857533617589593e-06
41950.056 2.5536095859004756e-06
42000.056 2.7388576956002623e-06
42050.056 2.490994241268999e-06
42100.056 2.8225819395003564e-06
42150.056 2.2997240906893257e-06
42200.056 2.3957244435501577e-06
42250.056 2.590211257429854e-06
42300.056 2.3501138059800825e-06
42350.056 2.6919077059305727e-06
42400.056 2.3776114750903082e-06
42450.056 2.0326100558301253e-06
42500.056 2.1794871022702544e-06
42550.056 2.4322190013298325e-06
42600.056 2.3035360749304198e-06
42650.056 2.174289221349068e-06
42700.056 2.3684068911807197e-06
42750.056 2.2062979478001423e-06
42800.056 2.2243750057002994e-06
42850.056 2.434929853099658e-06
42900.056 2.321088021630204e-06
42950.056 2.063753394529046e-06
43000.056 2.2172089027098577e-06
43050.056 2.1298973358510914e-06
43100.056 2.247693858529705e-06
43150.056 2.3303614730506188e-06
43200.056 2.199952284860062e-06
43250.056 2.210513450920283e-06
43300.056 2.254179633170132e-06
43350.056 2.058840153669712e-06
43400.056 2.0672055643596906e-06
43450.056 2.105292437030766e-06
43500.056 2.043312398499568e-06
43550.056 2.1254688782799844e-06
43600.056 2.2265452770500313e-06
43650.056 1.9723292969503342e-06
43700.056 1.8819449034799508e-06
43750.056 1.973511525320146e-06
43800.056 1.9114131878500112e-06
43850.056 1.9424104474004887e-06
43900.056 1.9673758118899407e-06
43950.056 1.8569661684902564e-06
44000.056 1.7095176805501082e-06
44050.056 1.7007415157000787e-06
44100.056 1.8424718588903988e-06
44150.056 1.934504349649706e-06
44200.056 1.7884165525501346e-06
44250.056 1.697943327339929e-06
44300.056 1.6369645128203853e-06
44350.056 1.6600600212001646e-06
44400.056 1.7041538025399617e-06
44450.056 1.7815789601200372e-06
44500.056 1.7931353930804016e-06
44550.056 1.5871702795495993e-06
44600.056 1.6203419493802032e-06
44650.056 1.759662477190091e-06
44700.056 1.5617204351602308e-06
44750.056 1.7125546868997509e-06
44800.056 1.6945684440599256e-06
44850.056 1.6918147828500392e-06
44900.056 1.5626515734702624e-06
44950.056 1.469013244859982e-06
45000.056 1.6272078893599064e-06
45050.056 1.631990851999755e-06
45100.056 1.671447538739862e-06
45150.056 1.577631069750029e-06
45200.056 1.4343161335499166e-06
45250.056 1.4906326554797418e-06
45300.056 1.5740445371501325e-06
45350.056 1.659967790529823e-06
45400.056 1.5735888778902306e-06
45450.056 1.4191465112397886e-06
45500.056 1.4530039426899515e-06
45550.056 1.6500876676498123e-06
45600.056 1.52025240261994e-06
45650.056 1.347036963149646e-06
45700.056 1.585725339440178e-06
45750.056 1.465637127079904e-06
45800.056 1.4422309497199586e-06
45850.056 1.6916849078200071e-06
45900.056 1.7025578223401124e-06
45950.056 1.4628061020099439e-06
46000.056 1.7522023155599616e-06
46050.056 1.7030057089003575e-06
46100.056 1.4397205953801126e-06
46150.056 1.5137032741799617e-06
46200.056 1.7004355837703903e-06
46250.056 1.3722803588899185e-06
46300.056 1.7780539844698904e-06
46350.056 1.4274182848998443e-06
46400.056 1.5203949461197827e-06
46450.056 1.5204480411703743e-06
46500.056 1.4273483643098993e-06
46550.056 1.7003649068299521e-06
46600.056 1.5554890415799407e-06
46650.056 1.9651388411099582e-06
46700.056 1.8185875430404944e-06
46750.056 1.4793910577698526e-06
46800.056 1.6555608460103026e-06
46850.056 1.73254075165012e-06
46900.056 1.6512162139996427e-06
46950.056 1.8085017479901555e-06
47000.056 1.6177481147799497e-06
47050.056 1.7589605497696825e-06
47100.056 1.5123279925001283e-06
47150.056 1.6405896266903554e-06
47200.056 1.6663636187505226e-06
47250.056 1.5534366876895808e-06
47300.056 1.616012581789539e-06
47350.056 1.3641981420096594e-06
47400.056 1.701822623109541e-06
47450.056 1.6323478164598646e-06
47500.056 1.6266046460195545e-06
47550.056 1.5483811167596892e-06
47600.056 1.7429313661899187e-06
47650.056 1.2486823913196156e-06
47700.056 1.7489959322600922e-06
47750.056 1.2101284999703698e-06
47800.056 1.7269133020198112e-06
47850.056 1.33414305062959e-06
47900.056 1.7646508194101264e-06
47950.056 1.2709878878603297e-06
48000.056 1.9235448016000115e-06
48050.056 1.4041172443103134e-06
48100.056 1.5452395104699826e-06
48150.056 1.4101322924802009e-06
48200.056 1.7562280607004121e-06
48250.056 1.4395386902897673e-06
48300.056 1.896028297809726e-06
48350.056 1.2773207539598072e-06
48400.056 1.7376028365299775e-06
48450.056 1.4451755181701264e-06
48500.056 1.891497257740041e-06
48550.056 1.3259499676800715e-06
48600.056 1.7324052446098183e-06
48650.056 1.334365716299974e-06
48700.056 1.6410289508700718e-06
48750.056 1.215204051910236e-06
48800.056 1.9200734432701272e-06
48850.056 1.3535491678997358e-06
48900.056 1.7064884384100976e-06
48950.056 1.5896473940801365e-06
49000.056 1.5569529961098507e-06
49050.056 1.6006578691198786e-06
49100.056 1.5151780712601555e-06
49150.056 1.5689372498801037e-06
49200.056 1.5887833710699512e-06
49250.056 1.5514726955100797e-06
49300.056 1.3895437654297852e-06
49350.056 1.4305873641000048e-06
49400.056 1.725156828620221e-06
49450.056 1.4629824039803693e-06
49500.056 1.5495152224701928e-06
49550.056 1.3619989031300068e-06
49600.056 1.476233502240365e-06
49650.056 1.5172004558501906e-06
49700.056 1.302030453739897e-06
49750.056 1.9152234440996304e-06
49800.056 1.5137351639700613e-06
49850.056 1.8163297914400205e-06
49900.056 1.480579751170139e-06
49950.056 1.5911651444494559e-06
50000.056 1.5225887726596197e-06
50050.056 1.5630682346201495e-06
50100.056 1.629790654159848e-06
50150.056 1.4415757367100084e-06
50200.056 1.3109837156601463e-06
50250.056 1.4681704054401114e-06
50300.056 1.4127415673097953e-06
50350.056 1.5963522160600222e-06
50400.056 1.4773785919400617e-06
50450.056 1.4292206692701964e-06
50500.056 1.8634123728603274e-06
50550.056 1.5088569750398732e-06
50600.056 1.6043923883301262e-06
50650.056 1.5230589674204172e-06
50700.056 1.655916263329409e-06
50750.056 1.6299648335002222e-06
50800.056 1.314844039439921e-06
50850.056 1.5190847741902693e-06
50900.056 1.554407342569961e-06
50950.056 1.653180860690249e-06
51000.056 1.8379540964301961e-06
51050.056 1.4088238546402691e-06
51100.056 1.4084061606498928e-06
51150.056 1.6030845628499788e-06
51200.056 1.5182566907198924e-06
51250.056 1.6784882492599795e-06
51300.056 1.4400342295805023e-06
51350.056 1.5969323501197075e-06
51400.056 1.5061984107795401e-06
51450.056 1.1223299509598252e-06
51500.056 1.5593578464099161e-06
51550.056 1.8729609680801835e-06
51600.056 1.2832612548699913e-06
51650.056 1.5266364717597307e-06
51700.056 1.3837892997795499e-06
51750.056 1.3825002806901085e-06
51800.056 1.5976030510598125e-06
51850.056 1.630033687919895e-06
51900.056 1.6850509134803008e-06
51950.056 1.5167445207398299e-06
52000.056 1.3693529452899566e-06
52050.056 1.5768508677398795e-06
52100.056 1.50635727554965e-06
52150.056 1.5215776911002146e-06
52200.056 1.4601296630700993e-06
52250.056 1.483580495049988e-06
52300.056 1.5423608283799826e-06
52350.056 1.760454146600217e-06
52400.056 1.3099151625700842e-06
52450.056 1.4990319245899357e-06
52500.056 1.6193156976895617e-06
52550.056 1.4892597775695303e-06
52600.056 1.5778970501101927e-06
52650.056 1.782095969290336e-06
52700.056 1.5300138724300364e-06
52750.056 1.231644981139833e-06
52800.056 1.4072517750701667e-06
52850.056 1.3290072264298602e-06
52900.056 1.478510225840166e-06
52950.056 1.4657684432797004e-06
53000.056 1.6289420849898151e-06
53050.056 1.5071667154697334e-06
53100.056 1.354081134919635e-06
53150.056 1.682744785910369e-06
53200.056 1.2167134365102598e-06
53250.056 1.7382117175998973e-06
