galfind/configs/Brown_Dwarf_templates/sonora_bobcat/m-0.5/10g/sp_t2200g10nc_m-0.5_resample.dat
# %ECSV 1.0
# ---
# datatype:
# - {name: wav, unit: Angstrom, datatype: float64}
# - {name: flux_nu, unit: erg / (cm2 Hz s), datatype: float64}
# meta: {C/O: '1.00', Kzz: '1.0000E+05', Teff: '2200.', Y: '0.28', '[Fe/H]': '-0.50', f_hole: '1.00', f_rain: '0.00', grav: '10.'}
# schema: astropy-2.0
wav flux_nu
[from data line 500]
29000.056 2.678647739249e-06
29050.056 2.7497378681698194e-06
29100.056 2.442419899290021e-06
29150.056 2.8712607768201964e-06
29200.056 2.6996224196902756e-06
29250.056 2.9012664507000424e-06
29300.056 2.6218525596085913e-06
29350.056 3.1084185949894985e-06
29400.056 2.7157338293698793e-06
29450.056 2.671498540269819e-06
29500.056 2.8641416849597127e-06
29550.056 2.7527496077002997e-06
29600.056 2.8585170052400385e-06
29650.056 2.873690274610044e-06
29700.056 2.5570360112998024e-06
29750.056 3.1015350174411133e-06
29800.056 2.9891830819898965e-06
29850.056 2.936768696179611e-06
29900.056 2.677726550360649e-06
29950.056 3.0955804321394722e-06
30000.056 3.066932628688928e-06
30050.056 2.9087335605999564e-06
30100.056 2.39248296005943e-06
30150.056 3.4515105671997103e-06
30200.056 3.1640153397002785e-06
30250.056 2.980044795200686e-06
30300.056 3.0813309491998726e-06
30350.056 2.919182712900576e-06
30400.056 3.346591058460477e-06
30450.056 2.7760621227003446e-06
30500.056 2.728764487860441e-06
30550.056 3.494321535100688e-06
30600.056 3.328409197670314e-06
30650.056 3.280853800980175e-06
30700.056 3.1004933629400114e-06
30750.056 2.986839753570151e-06
30800.056 3.4914231903109977e-06
30850.056 3.091650853299975e-06
30900.056 3.1337373885197443e-06
30950.056 3.0166208657103377e-06
31000.056 3.403967308549903e-06
31050.056 2.938012968100078e-06
31100.056 3.316295244399993e-06
31150.056 3.335347050599742e-06
31200.056 3.441547418599636e-06
31250.056 3.5900053947006883e-06
31300.056 3.2498315953997446e-06
31350.056 3.2389559004399937e-06
31400.056 3.3686500527005328e-06
31450.056 3.3683267265602235e-06
31500.056 3.4563569605005895e-06
31550.056 3.185177646599973e-06
31600.056 3.347087047849865e-06
31650.056 3.471909712499941e-06
31700.056 3.5886420553999597e-06
31750.056 3.146800384600179e-06
31800.056 3.548761292400299e-06
31850.056 3.85409613829989e-06
31900.056 3.745098661299739e-06
31950.056 3.1368560309996564e-06
32000.056 3.3498759192007276e-06
32050.056 3.7812919190003936e-06
32100.056 3.801964631199626e-06
32150.056 3.7568247285001506e-06
32200.056 3.6278664903499117e-06
32250.056 3.4515565603001555e-06
32300.056 3.730811491320146e-06
32350.056 3.919693155900485e-06
32400.056 3.591814552049977e-06
32450.056 3.47903168740031e-06
32500.056 3.7687835770002366e-06
32550.056 4.086577438500145e-06
32600.056 3.984775749299773e-06
32650.056 3.9030698629010805e-06
32700.056 3.7202485274001053e-06
32750.056 3.9031966272000166e-06
32800.056 3.625918863600532e-06
32850.056 4.1794684470997305e-06
32900.056 4.016359193700075e-06
32950.056 3.561181435499859e-06
33000.056 3.853825959000256e-06
33050.056 3.917610471099588e-06
33100.056 4.041697073899024e-06
33150.056 4.0093434970003045e-06
33200.056 3.7627905283006503e-06
33250.056 3.99334567050017e-06
33300.056 4.317109936100304e-06
33350.056 4.0322437312003365e-06
33400.056 3.7930923246996567e-06
33450.056 4.131543950198771e-06
33500.056 4.055379747800249e-06
33550.056 4.0291794937993276e-06
33600.056 4.070588910700627e-06
33650.056 4.164988351200783e-06
33700.056 4.314416389399402e-06
33750.056 4.285951085200169e-06
33800.056 4.226670190699944e-06
33850.056 4.059871259099996e-06
33900.056 4.4805846683995105e-06
33950.056 4.028049453299535e-06
34000.056 4.102695830199138e-06
34050.056 4.200108560900107e-06
34100.056 4.458843598100479e-06
34150.056 4.350360491499571e-06
34200.056 4.130200648499424e-06
34250.056 4.534497133299385e-06
34300.056 4.249083353099464e-06
34350.056 4.434684802999419e-06
34400.056 4.1240629993995016e-06
34450.056 4.17550185880001e-06
34500.056 4.262306613000844e-06
34550.056 4.187873199799801e-06
34600.056 4.333201279500001e-06
34650.056 4.341083491499876e-06
34700.056 4.158792938299493e-06
34750.056 4.451638856200287e-06
34800.056 4.5881210539995855e-06
34850.056 4.191857142800067e-06
34900.056 4.479533581300409e-06
34950.056 4.347839832799121e-06
35000.056 4.252851264599518e-06
35050.056 4.599992294800569e-06
35100.056 4.520683410899127e-06
35150.056 4.397799365799622e-06
35200.056 4.530234530499651e-06
35250.056 4.071680298600359e-06
35300.056 4.457708687700437e-06
35350.056 4.652974365099677e-06
35400.056 4.42082904149983e-06
35450.056 4.291782511900287e-06
35500.056 4.549271627099983e-06
35550.056 4.3941226012999514e-06
35600.056 4.3259078996992e-06
35650.056 4.689122383700518e-06
35700.056 4.319643651300366e-06
35750.056 4.3883490129997135e-06
35800.056 4.543743884799666e-06
35850.056 4.654383613399655e-06
35900.056 4.722374196199535e-06
35950.056 4.6084107296995315e-06
36000.056 4.241976179099531e-06
36050.056 4.7213639557002184e-06
36100.056 4.879183716799999e-06
36150.056 4.440332725400328e-06
36200.056 4.7525981160995285e-06
36250.056 4.443176819599276e-06
36300.056 5.0002705315008025e-06
36350.056 4.8422360976993205e-06
36400.056 4.65189737929984e-06
36450.056 4.950254287599653e-06
36500.056 4.652091994900328e-06
36550.056 4.532481692000491e-06
36600.056 4.617390392700447e-06
36650.056 4.7597988814005155e-06
36700.056 4.9618604053001895e-06
36750.056 4.640582224600573e-06
36800.056 4.753780668299492e-06
36850.056 4.819829960300006e-06
36900.056 4.878183035500697e-06
36950.056 4.872996462900101e-06
37000.056 4.894735983500231e-06
37050.056 5.010460728699971e-06
37100.056 4.817663578100347e-06
37150.056 4.769725742599095e-06
37200.056 4.988621005200135e-06
37250.056 4.999730895900356e-06
37300.056 4.974186728700883e-06
37350.056 4.780684945600578e-06
37400.056 4.982163480599693e-06
37450.056 4.964543613000394e-06
37500.056 5.074734659699783e-06
37550.056 4.933244258299227e-06
37600.056 5.157784635699378e-06
37650.056 4.771835829799532e-06
37700.056 4.844083053700202e-06
37750.056 5.146440968099222e-06
37800.056 5.240259549799945e-06
37850.056 5.043617386399758e-06
37900.056 5.1363508380003645e-06
37950.056 5.170427113400278e-06
38000.056 5.045527072800669e-06
38050.056 5.08034835970034e-06
38100.056 4.930088143600178e-06
38150.056 5.223524291399304e-06
38200.056 5.33519291829934e-06
38250.056 5.018283747400596e-06
38300.056 4.946485405599922e-06
38350.056 5.146039409299986e-06
38400.056 5.1783147611998165e-06
38450.056 5.148940993800512e-06
38500.056 5.092595987399756e-06
38550.056 5.116601422000378e-06
38600.056 5.456416664299757e-06
38650.056 4.8882967329001985e-06
38700.056 4.984473840200616e-06
38750.056 5.234840740800004e-06
38800.056 5.107507575300708e-06
38850.056 5.16126689160026e-06
38900.056 4.9721564805999264e-06
38950.056 5.1758741626995865e-06
39000.056 5.108344037100142e-06
39050.056 5.143880841499958e-06
39100.056 4.911748984499915e-06
39150.056 5.043952356300254e-06
39200.056 5.165285890500215e-06
39250.056 5.1493979678993585e-06
39300.056 5.157577375099163e-06
39350.056 5.108952376900512e-06
39400.056 5.006985285100167e-06
39450.056 5.0525405431997606e-06
39500.056 5.013721596899891e-06
39550.056 4.922985868299014e-06
39600.056 5.2750623222003775e-06
39650.056 4.8890485201001396e-06
39700.056 5.05964912789996e-06
39750.056 5.049616089299507e-06
39800.056 4.827407779200294e-06
39850.056 4.9526783380997695e-06
39900.056 4.8364945705996966e-06
39950.056 5.04528062359983e-06
40000.056 4.798973976099727e-06
40050.056 4.4401015616998424e-06
40100.056 4.778946210599739e-06
40150.056 4.4924982872990865e-06
40200.056 4.711330011599672e-06
40250.056 4.7058971631987056e-06
40300.056 4.349311876400389e-06
40350.056 4.552437224100086e-06
40400.056 4.6551872055999195e-06
40450.056 4.260345941000998e-06
40500.056 4.082619769299919e-06
40550.056 4.677942647499748e-06
40600.056 4.304539752700285e-06
40650.056 4.435228505701002e-06
40700.056 4.622002873800331e-06
40750.056 4.109946600098919e-06
40800.056 4.0763687906006e-06
40850.056 3.8698144751008264e-06
40900.056 3.807806285900742e-06
40950.056 4.13874175090001e-06
41000.056 4.300571625800471e-06
41050.056 4.163486156199191e-06
41100.056 3.974294465300669e-06
41150.056 4.30091919580019e-06
41200.056 3.993772352300125e-06
41250.056 4.094817671400182e-06
41300.056 3.647615701499707e-06
41350.056 4.206039336000224e-06
41400.056 4.03755190579991e-06
41450.056 3.836916879999837e-06
41500.056 4.130763764000025e-06
41550.056 4.136864106000045e-06
41600.056 4.2881955241998694e-06
41650.056 3.7979468043005273e-06
41700.056 3.703681318599644e-06
41750.056 3.992894259300171e-06
41800.056 3.755750556299833e-06
41850.056 3.5838726886003733e-06
41900.056 4.016203904699323e-06
41950.056 3.7069387841003536e-06
42000.056 3.963299586000257e-06
42050.056 3.647913650098803e-06
42100.056 4.009254462700361e-06
42150.056 3.555071515499442e-06
42200.056 3.5835692733001462e-06
42250.056 3.843388556899874e-06
42300.056 3.664445065500057e-06
42350.056 3.934663864100655e-06
42400.056 3.631637659000015e-06
42450.056 3.2367376060002026e-06
42500.056 3.2919956088002146e-06
42550.056 3.697851988199634e-06
42600.056 3.5529793522004933e-06
42650.056 3.569464013599058e-06
42700.056 3.5927085166006924e-06
42750.056 3.4377200683001314e-06
42800.056 3.4987684154999173e-06
42850.056 3.7347667166996405e-06
42900.056 3.5992448611003393e-06
42950.056 3.2049926114986815e-06
43000.056 3.499948729499971e-06
43050.056 3.3566488861012186e-06
43100.056 3.46328778449922e-06
43150.056 3.611641486300927e-06
43200.056 3.3997212577999144e-06
43250.056 3.483939913800996e-06
43300.056 3.4945279131001202e-06
43350.056 3.345832500999395e-06
43400.056 3.2371453642996173e-06
43450.056 3.3011490996009533e-06
43500.056 3.216564719099157e-06
43550.056 3.311240726649908e-06
43600.056 3.482389923799947e-06
43650.056 3.203070252920518e-06
43700.056 3.1881885131002785e-06
43750.056 3.202611374599994e-06
43800.056 3.160182568799859e-06
43850.056 3.2775015439004207e-06
43900.056 3.238162278059887e-06
43950.056 3.087234453480385e-06
44000.056 2.9049243217001595e-06
44050.056 2.933537282700066e-06
44100.056 3.060987359600726e-06
44150.056 3.2607828363995304e-06
44200.056 3.0519019688402346e-06
44250.056 2.8511799915797105e-06
44300.056 2.8004361482006076e-06
44350.056 2.9051141059000786e-06
44400.056 2.8603777296000904e-06
44450.056 3.060548432900063e-06
44500.056 3.11648056710075e-06
44550.056 2.7952368441993955e-06
44600.056 2.8687481768004373e-06
44650.056 3.0119494267000616e-06
44700.056 2.75404788640034e-06
44750.056 3.0346004939795645e-06
44800.056 2.9543956548898756e-06
44850.056 3.0546530454001896e-06
44900.056 2.8733085756004667e-06
44950.056 2.6641820065999873e-06
45000.056 2.906941449200001e-06
45050.056 2.8693096649995668e-06
45100.056 2.952457232099706e-06
45150.056 2.9181811746201407e-06
45200.056 2.6904493319997636e-06
45250.056 2.7544220677094633e-06
45300.056 2.730929485400098e-06
45350.056 2.938081820839438e-06
45400.056 2.898185693700321e-06
45450.056 2.69319174139956e-06
45500.056 2.6518010384399467e-06
45550.056 2.898366806129456e-06
45600.056 2.808082210269927e-06
45650.056 2.558672616099157e-06
45700.056 2.7095222487004178e-06
45750.056 2.743854404079788e-06
45800.056 2.7448154429999464e-06
45850.056 2.944349393400116e-06
45900.056 2.9220555649400144e-06
45950.056 2.633259831939892e-06
46000.056 2.892829858390002e-06
46050.056 2.9003024021706407e-06
46100.056 2.653212039760143e-06
46150.056 2.7036273743099694e-06
46200.056 2.964700939600606e-06
46250.056 2.5572473307698668e-06
46300.056 2.9525617806798233e-06
46350.056 2.4878565984697876e-06
46400.056 2.714766737619662e-06
46450.056 2.6140503482606494e-06
46500.056 2.585166230490036e-06
46550.056 2.831394912799798e-06
46600.056 2.5824627529396863e-06
46650.056 3.0538561756600424e-06
46700.056 2.851939894580718e-06
46750.056 2.543508848149903e-06
46800.056 2.768181266160472e-06
46850.056 2.794904933420023e-06
46900.056 2.7348567075794667e-06
46950.056 2.838525519960228e-06
47000.056 2.804052813300013e-06
47050.056 2.736352633849685e-06
47100.056 2.694407836730131e-06
47150.056 2.7148732824405307e-06
47200.056 2.6857517893006604e-06
47250.056 2.7013249182991477e-06
47300.056 2.6213827926592227e-06
47350.056 2.463193217759546e-06
47400.056 2.7697463075593538e-06
47450.056 2.9102305965998024e-06
47500.056 2.6158769319992177e-06
47550.056 2.6911623739993265e-06
47600.056 2.8436195294999796e-06
47650.056 2.2942924448994362e-06
47700.056 2.8158491335201575e-06
47750.056 2.2302938820706956e-06
47800.056 2.843925335899736e-06
47850.056 2.4188771502988956e-06
47900.056 2.8892984812401465e-06
47950.056 2.3156279280706493e-06
48000.056 2.9687313249000637e-06
48050.056 2.4617600084405614e-06
48100.056 2.5198695973800717e-06
48150.056 2.445599279960255e-06
48200.056 2.8313957277608575e-06
48250.056 2.5087210942796406e-06
48300.056 2.9663757123997696e-06
48350.056 2.276138309439546e-06
48400.056 2.8305620191699432e-06
48450.056 2.611654242080241e-06
48500.056 2.9071352396600857e-06
48550.056 2.416224963250017e-06
48600.056 2.745335042899747e-06
48650.056 2.326965944579994e-06
48700.056 2.5817990701000496e-06
48750.056 2.2229649699804525e-06
48800.056 2.9195631819201346e-06
48850.056 2.4194127880695455e-06
48900.056 2.7499854721999978e-06
48950.056 2.6799905920804795e-06
49000.056 2.5607689366398543e-06
49050.056 2.574952444399759e-06
49100.056 2.5587591509000333e-06
49150.056 2.531542704510149e-06
49200.056 2.734251968599994e-06
49250.056 2.567210337800268e-06
49300.056 2.43896045043967e-06
49350.056 2.3137857478001e-06
49400.056 2.7287260173004914e-06
49450.056 2.4668231708605463e-06
49500.056 2.515590092800406e-06
49550.056 2.3661780070000075e-06
49600.056 2.4106301671904203e-06
49650.056 2.4343361985004927e-06
49700.056 2.1794421480597394e-06
49750.056 2.8236864484994057e-06
49800.056 2.5398596716200103e-06
49850.056 2.7426009048600587e-06
49900.056 2.396280603100099e-06
49950.056 2.5707668460991277e-06
50000.056 2.391107801259454e-06
50050.056 2.548839982220107e-06
50100.056 2.498465840399733e-06
50150.056 2.395160264839881e-06
50200.056 2.1841654151001233e-06
50250.056 2.2460343201101814e-06
50300.056 2.312435455459531e-06
50350.056 2.4145562159299763e-06
50400.056 2.4204728273001776e-06
50450.056 2.271761166850198e-06
50500.056 2.783028637700415e-06
50550.056 2.430571962819796e-06
50600.056 2.4503483941702694e-06
50650.056 2.4074172337006226e-06
50700.056 2.506057808119241e-06
50750.056 2.397139883500275e-06
50800.056 2.2262466692299527e-06
50850.056 2.3575257245603415e-06
50900.056 2.3136143895999667e-06
50950.056 2.5405899067003665e-06
51000.056 2.6712502283102737e-06
51050.056 2.22155737078044e-06
51100.056 2.2288688487198777e-06
51150.056 2.4499627452301703e-06
51200.056 2.3797117815797916e-06
51250.056 2.491937946490101e-06
51300.056 2.2997483132206555e-06
51350.056 2.4323320967997024e-06
51400.056 2.339164720399373e-06
51450.056 1.870147226029776e-06
51500.056 2.436209877089859e-06
51550.056 2.6815966300002403e-06
51600.056 2.0517578350498848e-06
51650.056 2.366586084699673e-06
51700.056 2.0983754396393473e-06
51750.056 2.18575722015016e-06
51800.056 2.3595636600997412e-06
51850.056 2.443129588799977e-06
51900.056 2.5032917335002803e-06
51950.056 2.240306703199734e-06
52000.056 2.1397421830899696e-06
52050.056 2.4109917254898394e-06
52100.056 2.350327168149414e-06
52150.056 2.341274723380425e-06
52200.056 2.2405869041801086e-06
52250.056 2.2005207086399733e-06
52300.056 2.2544117829599866e-06
52350.056 2.5685344209202416e-06
52400.056 2.089119981649945e-06
52450.056 2.254791771239955e-06
52500.056 2.3383706063492662e-06
52550.056 2.185972791599449e-06
52600.056 2.3350813202201683e-06
52650.056 2.5838145383805115e-06
52700.056 2.2979065424000755e-06
52750.056 1.9228509538498177e-06
52800.056 2.151392406100286e-06
52850.056 2.081496948629888e-06
52900.056 2.250996648800328e-06
52950.056 2.2134510104995305e-06
53000.056 2.38685435883966e-06
53050.056 2.3270031063296906e-06
53100.056 2.02274490092948e-06
53150.056 2.4032613042005018e-06
53200.056 1.935956734870378e-06
53250.056 2.5464647705999157e-06
53300.056 2.3916344859007524e-06
53350.056 2.442866921699835e-06
53400.056 2.1582751407001504e-06
53450.056 2.062853167099995e-06
53500.056 1.998582684019687e-06
53550.056 2.362436018879954e-06
53600.056 2.314636100230363e-06
53650.056 2.148211745740731e-06
