galfind/configs/Brown_Dwarf_templates/sonora_bobcat/m+0.5/178g/sp_t2300g178nc_m+0.5_resample.dat
# %ECSV 1.0
# ---
# datatype:
# - {name: wav, unit: Angstrom, datatype: float64}
# - {name: flux_nu, unit: erg / (cm2 Hz s), datatype: float64}
# meta: {C/O: '1.00', Kzz: '1.0000E+05', Teff: '2300.', Y: '0.28', '[Fe/H]': '0.50', f_hole: '1.00', f_rain: '0.00', grav: '178.'}
# schema: astropy-2.0
wav flux_nu
4000.0559999999996 nan
4050.0559999999996 2.460184000305282e-08
4100.056 2.382332163251175e-08
4150.056 1.8764258325132483e-08
4200.056 1.4026796469466084e-08
4250.056 1.2153752336274334e-08
4300.056 8.002934988482836e-09
4350.056 8.500376356589776e-09
4400.056 8.148123249522479e-09
4450.056 4.553255843070334e-09
4500.056 5.0960021916207155e-09
4550.056 6.370759232328058e-09
4600.056 5.188160334318988e-09
4650.056 3.891759554020472e-09
4700.056 4.730157021941204e-09
4750.056 6.193762117257902e-09
4800.056 4.076866191780731e-09
4850.056 5.24533901963191e-09
4900.056 1.1186238858028297e-08
4950.056 1.3436174095450692e-08
5000.056 6.3602965606800595e-09
5050.056 8.790934696292762e-09
5100.056 1.9550652640334285e-08
5150.056 2.294535329845703e-08
5200.056 1.1192514551230935e-08
5250.056 1.486499414655838e-08
5300.056 1.829589933260101e-08
5350.056 1.747337614650289e-08
5400.056 1.9972342520299515e-08
5450.056 1.572988153799727e-08
5500.056 1.2543691529097897e-08
5550.056 1.781114456059867e-08
5600.056 1.317538483220082e-08
5650.056 1.0999028979701187e-08
5700.056 1.5160136823101565e-08
5750.056 1.683901235479838e-08
5800.056 2.0821789482699117e-08
5850.056 1.3998880717901079e-08
5900.056 2.7869834497130416e-09
5950.056 1.09477551572004e-08
6000.056 1.8057293399698865e-08
6050.056 2.886183429400278e-08
6100.056 3.8432463268800276e-08
6150.056 3.73547762334915e-08
6200.056 1.7285520219401153e-08
6250.056 1.8441374254202306e-08
6300.056 2.8170949240000927e-08
6350.056 3.8654881785002636e-08
6400.056 4.9555733593003394e-08
6450.056 6.638960066898009e-08
6500.056 6.492337029398218e-08
6550.056 8.249704121497802e-08
6600.056 6.632075872300734e-08
6650.056 5.0113172984007177e-08
6700.056 3.8287371936423054e-08
6750.056 4.477258462900657e-08
6800.056 5.091995496700117e-08
6850.056 6.699147057799687e-08
6900.056 9.399271961699702e-08
6950.056 1.3096941224598062e-07
7000.056 2.0289215233697613e-07
7050.056 1.8598653967002567e-07
7100.056 9.152540235499009e-08
7150.056 6.181845429301248e-08
7200.056 9.292108971199262e-08
7250.056 1.4513717326101866e-07
7300.056 2.5732804785805464e-07
7350.056 3.981876337969872e-07
7400.056 5.397360562500308e-07
7450.056 6.149530781499203e-07
7500.056 7.011144283800135e-07
7550.056 8.028413227400324e-07
7600.056 5.502143726279673e-07
7650.056 1.9814443386409067e-07
7700.056 1.3580285422215323e-07
7750.056 2.9560309668707923e-07
7800.056 3.4626442758989433e-07
7850.056 3.713643015799865e-07
7900.056 4.3142225159007014e-07
7950.056 4.5390897207105076e-07
8000.056 5.482286118899109e-07
8050.056 7.996496100398793e-07
8100.056 1.1336964789302562e-06
8150.056 1.5627058750300876e-06
8200.056 1.1896569150678208e-06
8250.056 1.3079112142099363e-06
8300.056 1.0415356950603036e-06
8350.056 1.0995813519703805e-06
8400.056 1.1129227613602125e-06
8450.056 6.239373270498525e-07
8500.056 5.537338098152579e-07
8550.056 7.077139329600369e-07
8600.056 8.757443867696787e-07
8650.056 1.1350138706499043e-06
8700.056 1.3478163256303169e-06
8750.056 1.6556618034500582e-06
8800.056 2.110273059730486e-06
8850.056 2.002984617320205e-06
8900.056 1.4138229076799384e-06
8950.056 1.544376561099801e-06
9000.056 1.8796823347102732e-06
9050.056 2.043603499099419e-06
9100.056 2.5239544142901854e-06
9150.056 2.9013768636500215e-06
9200.056 2.7759587076805376e-06
9250.056 1.890835705599804e-06
9300.056 1.6123881632001117e-06
9350.056 1.798521479049675e-06
9400.056 1.9766415118905948e-06
9450.056 2.186898766959346e-06
9500.056 2.5896444913297396e-06
9550.056 2.8964985904506163e-06
9600.056 3.126210463100761e-06
9650.056 3.500119407001044e-06
9700.056 3.7710609814296096e-06
9750.056 3.0533928509401057e-06
9800.056 3.3411328470897706e-06
9850.056 3.268874512199902e-06
9900.056 3.2286871127400675e-06
9950.056 3.306913618790241e-06
10000.056 3.3523754885897623e-06
10050.056 3.2063743690200637e-06
10100.056 3.6967348058514884e-06
10150.056 3.6026919569995165e-06
10200.056 3.856348634279132e-06
10250.056 3.8130616341085226e-06
10300.056 3.850232659779533e-06
10350.056 4.240240708449535e-06
10400.056 4.41827908974016e-06
10450.056 4.711324945970476e-06
10500.056 4.741479282868874e-06
10550.056 4.846888180460575e-06
10600.056 5.1007085758806055e-06
10650.056 5.292895217599229e-06
10700.056 5.596737590890207e-06
10750.056 5.881718753690292e-06
10800.056 6.090553210519586e-06
10850.056 6.355114645929985e-06
10900.056 6.240849297199531e-06
10950.056 6.046979833398347e-06
11000.056 5.836537361700301e-06
11050.056 4.501435145159437e-06
11100.056 4.853192688700979e-06
11150.056 5.063230267009506e-06
11200.056 5.142232798620139e-06
11250.056 5.6208859208699515e-06
11300.056 5.703914837800145e-06
11350.056 5.47576490395995e-06
11400.056 4.758919098260029e-06
11450.056 5.798893203698764e-06
11500.056 6.198604203349264e-06
11550.056 6.120920155130139e-06
11600.056 6.2660407237588435e-06
11650.056 6.5144332856107745e-06
11700.056 5.81738001592977e-06
11750.056 5.897661247689641e-06
11800.056 5.890206848980127e-06
11850.056 6.5773149534201606e-06
11900.056 6.665102904878702e-06
11950.056 6.738082787399657e-06
12000.056 6.611791648600508e-06
12050.056 6.965457521800647e-06
12100.056 7.010599898000066e-06
12150.056 7.3714516960999005e-06
12200.056 7.534572488399976e-06
12250.056 7.791567945899297e-06
12300.056 7.911240384801009e-06
12350.056 8.020443287500526e-06
12400.056 7.63383068669925e-06
12450.056 6.734693547100011e-06
12500.056 7.203118615498887e-06
12550.056 7.2043222309500145e-06
12600.056 7.393816681200054e-06
12650.056 7.703866870499454e-06
12700.056 7.87728160399931e-06
12750.056 7.928553089100487e-06
12800.056 8.335133072798976e-06
12850.056 8.281368470300166e-06
12900.056 8.243291531899508e-06
12950.056 8.479817246898682e-06
13000.056 8.639200327599161e-06
13050.056 8.72834245709953e-06
13100.056 8.685824932799058e-06
13150.056 8.74710893369968e-06
13200.056 8.546145645299409e-06
13250.056 8.213628649270168e-06
13300.056 7.497035165028847e-06
13350.056 5.533741844130693e-06
13400.056 5.38043971343387e-06
13450.056 4.947836776128727e-06
13500.056 4.977547661747505e-06
13550.056 4.7940264721103e-06
13600.056 4.417618320337948e-06
13650.056 4.629482124970038e-06
13700.056 4.311099165370309e-06
13750.056 4.348397879819067e-06
13800.056 4.725007180287146e-06
13850.056 4.739295113883437e-06
13900.056 4.601385733470059e-06
13950.056 4.437946988209776e-06
14000.056 4.212944693030176e-06
14050.056 4.2798494541612295e-06
14100.056 3.9785716034106415e-06
14150.056 3.929906901426423e-06
14200.056 3.7708125558405877e-06
14250.056 3.7472082677590816e-06
14300.056 3.780987721469344e-06
14350.056 3.8126262629904046e-06
14400.056 3.9410636881902875e-06
14450.056 4.116950978880258e-06
14500.056 4.321343780579562e-06
14550.056 4.336320579359988e-06
14600.056 4.449151186271097e-06
14650.056 4.390818605008629e-06
14700.056 4.147595440769416e-06
14750.056 4.322057311690574e-06
14800.056 4.367850215370884e-06
14850.056 4.606889622049077e-06
14900.056 4.632655957399688e-06
14950.056 4.6655017175207955e-06
15000.056 4.751737737600724e-06
15050.056 5.0805114646791595e-06
15100.056 5.04976837150072e-06
15150.056 5.17985062217032e-06
15200.056 5.356939111819682e-06
15250.056 5.343241379999741e-06
15300.056 5.54875509609994e-06
15350.056 5.664632224600279e-06
15400.056 5.764471858200058e-06
15450.056 5.947066398800432e-06
15500.056 6.02017932179911e-06
15550.056 6.247239853999762e-06
15600.056 6.235780822600762e-06
15650.056 6.42479458869994e-06
15700.056 6.720263154901908e-06
15750.056 6.886751211499433e-06
15800.056 6.970918492000852e-06
15850.056 6.923872944100468e-06
15900.056 7.0475121731008095e-06
15950.056 7.193249615799962e-06
16000.056 7.308077574499464e-06
16050.056 7.511472292300326e-06
16100.056 7.627463834400281e-06
16150.056 7.661553230300385e-06
16200.056 7.815021496899478e-06
16250.056 7.904024633799941e-06
16300.056 7.971416071900107e-06
16350.056 8.259789946799476e-06
16400.056 8.24422316860135e-06
16450.056 8.429513094100507e-06
16500.056 8.56365679660083e-06
16550.056 8.833593086899392e-06
16600.056 8.628142409300672e-06
16650.056 9.115243172100864e-06
16700.056 8.954681025298578e-06
16750.056 9.101261869599281e-06
16800.056 9.265339203300444e-06
16850.056 9.254918473899436e-06
16900.056 9.132093493299953e-06
16950.056 9.067411852499326e-06
17000.056 9.001978847901196e-06
17050.056 8.889986570600448e-06
17100.056 8.538059196299921e-06
17150.056 8.369341918599673e-06
17200.056 7.94426464119979e-06
17250.056 7.729363107099843e-06
17300.056 7.878499647599199e-06
17350.056 7.546834922499884e-06
17400.056 7.71174616275024e-06
17450.056 7.3165898737870575e-06
17500.056 7.112400339579003e-06
17550.056 7.054867569740264e-06
17600.056 6.848735142080401e-06
17650.056 6.938926087078569e-06
17700.056 6.364233954088856e-06
17750.056 6.1658231651801685e-06
17800.056 6.077023633161372e-06
17850.056 5.927221224040853e-06
17900.056 5.885144076940003e-06
17950.056 5.738841201589136e-06
18000.056 5.414928203130489e-06
18050.056 5.470828166942424e-06
18100.056 5.288317470130157e-06
18150.056 5.634041019211796e-06
18200.056 5.063309065680004e-06
18250.056 5.51225447687896e-06
18300.056 5.3703927148294315e-06
18350.056 5.210132891240238e-06
18400.056 5.108712964080008e-06
18450.056 4.754442683572433e-06
18500.056 4.83642899937084e-06
18550.056 4.681423807440108e-06
18600.056 4.1046989903078175e-06
18650.056 4.63118016323106e-06
18700.056 4.876273859400659e-06
18750.056 4.679490719622186e-06
18800.056 4.705335461301969e-06
18850.056 5.227875665069503e-06
18900.056 5.065875769398348e-06
18950.056 5.033508440799625e-06
19000.056 5.308818554868952e-06
19050.056 5.211629210260107e-06
19100.056 5.2390748579718425e-06
19150.056 5.42742274554967e-06
19200.056 5.40429634480141e-06
19250.056 5.204139262138694e-06
19300.056 5.368532202529324e-06
19350.056 5.505826265019613e-06
19400.056 5.21998392791866e-06
19450.056 5.464208979820951e-06
19500.056 5.49937538798943e-06
19550.056 5.077184142201013e-06
19600.056 5.565249166519226e-06
19650.056 5.444657556517166e-06
19700.056 5.502498075840479e-06
19750.056 5.248100914170252e-06
19800.056 5.423827541329316e-06
19850.056 5.343246633661772e-06
19900.056 5.083397714681867e-06
19950.056 5.499432239449806e-06
20000.056 4.99281233007085e-06
20050.056 5.206679064731464e-06
20100.056 5.322940512496965e-06
20150.056 5.1994341334812305e-06
20200.056 5.292726411358438e-06
20250.056 5.463896116710316e-06
20300.056 5.446532311340534e-06
20350.056 5.452156640159557e-06
20400.056 5.411392633077434e-06
20450.056 5.65298117749965e-06
20500.056 5.591739561400205e-06
20550.056 5.706346956599601e-06
20600.056 5.909729873400653e-06
20650.056 5.75769646640122e-06
20700.056 5.944372728399982e-06
20750.056 5.9629805997991425e-06
20800.056 6.1354433005002895e-06
20850.056 6.134325040600015e-06
20900.056 6.314675280499823e-06
20950.056 6.364606540899651e-06
21000.056 6.582650208299536e-06
21050.056 6.583184642200277e-06
21100.056 6.640383130400057e-06
21150.056 6.896883725700366e-06
21200.056 6.872696037100571e-06
21250.056 7.097082554199229e-06
21300.056 6.938192297399812e-06
21350.056 7.276606230900462e-06
21400.056 7.1253329621003845e-06
21450.056 7.625591865800112e-06
21500.056 7.342324027700313e-06
21550.056 7.503030698999561e-06
21600.056 7.682817193900624e-06
21650.056 7.681319493900508e-06
21700.056 7.906117886599562e-06
21750.056 7.821745140099942e-06
21800.056 7.8403951503998e-06
21850.056 7.939703530099825e-06
21900.056 8.092725557000736e-06
21950.056 8.027548061400489e-06
22000.056 8.286711167299442e-06
22050.056 8.050239785899255e-06
22100.056 8.250603065399707e-06
22150.056 8.373445017400659e-06
22200.056 8.217230356101362e-06
22250.056 8.606237988800428e-06
22300.056 8.524076222499565e-06
22350.056 8.394680335200361e-06
22400.056 8.7101091950002e-06
22450.056 8.630748086999055e-06
22500.056 8.748136737699722e-06
22550.056 8.689748667898793e-06
22600.056 8.658108643499595e-06
22650.056 8.731215955201487e-06
22700.056 8.709946395201448e-06
22750.056 8.915907443099323e-06
22800.056 8.702406819400018e-06
22850.056 8.815427131500736e-06
22900.056 8.996298512399253e-06
22950.056 7.306863830420861e-06
23000.056 8.020590048300524e-06
23050.056 8.204948232638593e-06
23100.056 7.986259792960163e-06
23150.056 8.09612916722102e-06
23200.056 8.134812217150072e-06
23250.056 7.018221052478115e-06
23300.056 7.4765534454404285e-06
23350.056 7.564499927839837e-06
23400.056 7.419659159110278e-06
23450.056 7.594504005640067e-06
23500.056 7.318061112568386e-06
23550.056 6.662832822532318e-06
23600.056 6.887253801631576e-06
23650.056 7.273433471228824e-06
23700.056 7.216183034078105e-06
23750.056 7.1556713662505765e-06
23800.056 7.070393033901238e-06
23850.056 6.138299793510517e-06
23900.056 6.550237214039361e-06
23950.056 6.699556367501991e-06
24000.056 6.397987754349054e-06
24050.056 6.257224497391339e-06
24100.056 5.86437167121815e-06
24150.056 5.725722951150731e-06
24200.056 5.809253032178414e-06
24250.056 5.750068596070815e-06
24300.056 5.443295452080266e-06
24350.056 5.2774194538699924e-06
24400.056 5.602299577189716e-06
24450.056 5.260954408010145e-06
24500.056 4.885005240040316e-06
24550.056 4.859237747629518e-06
24600.056 4.816180000771e-06
24650.056 5.171949479789554e-06
24700.056 4.598896543359942e-06
24750.056 4.418265815061123e-06
24800.056 4.303662393610399e-06
24850.056 4.766598936990382e-06
24900.056 4.08018736346238e-06
24950.056 4.746743280849382e-06
25000.056 4.262777660530311e-06
25050.056 3.7963675313408713e-06
25100.056 4.269852587379775e-06
25150.056 3.851376924710441e-06
25200.056 4.081115094139198e-06
25250.056 3.987737700468824e-06
25300.056 4.0319131058804305e-06
25350.056 3.6983041242599052e-06
25400.056 3.8248333900216e-06
25450.056 3.714909313760281e-06
25500.056 3.856866293451436e-06
25550.056 3.643322639639994e-06
25600.056 3.743874276200144e-06
25650.056 3.4909463239098374e-06
25700.056 3.983129203438236e-06
25750.056 3.3739101935507747e-06
25800.056 3.823597132170566e-06
25850.056 3.665671834729614e-06
25900.056 3.838245074031072e-06
25950.056 3.6308713698707923e-06
26000.056 3.7004847930407996e-06
26050.056 4.126052452810198e-06
26100.056 3.860099129401039e-06
26150.056 3.940056504128947e-06
26200.056 3.719462625680367e-06
26250.056 3.7604545846211265e-06
26300.056 3.852481981609833e-06
26350.056 3.6862955671594466e-06
26400.056 3.79229469791924e-06
26450.056 3.7301561739404484e-06
26500.056 3.874861151558707e-06
26550.056 4.008798062779019e-06
26600.056 4.3727043313588525e-06
26650.056 3.858153354208958e-06
26700.056 3.8883981126794736e-06
26750.056 3.8052677662085166e-06
26800.056 3.97204419076868e-06
26850.056 3.7301624266306204e-06
26900.056 4.181759955330042e-06
26950.056 3.256788891850402e-06
27000.056 3.987861023761104e-06
27050.056 3.5839649835992047e-06
27100.056 3.5653610469795793e-06
27150.056 3.679879501329713e-06
27200.056 3.655921412680862e-06
27250.056 3.4031900919918193e-06
27300.056 3.5516061592801333e-06
27350.056 3.5596598624886396e-06
27400.056 3.26846134077017e-06
27450.056 3.7313756276985766e-06
27500.056 3.4727453897303893e-06
27550.056 3.5239853481500314e-06
27600.056 3.6646463982195514e-06
27650.056 3.214274581239665e-06
27700.056 3.2695402374805425e-06
27750.056 3.7293962215677357e-06
27800.056 3.0557844709300106e-06
27850.056 3.3079985182787266e-06
27900.056 3.2740617275800713e-06
27950.056 3.5951408866195842e-06
28000.056 3.523525395850841e-06
28050.056 2.999351770130557e-06
28100.056 3.694740657831992e-06
28150.056 3.169944505690202e-06
28200.056 2.845680042260266e-06
28250.056 3.2461405745798997e-06
28300.056 3.5979982266610036e-06
28350.056 3.2822034672387816e-06
28400.056 3.228460945700136e-06
28450.056 3.186472931739391e-06
28500.056 3.2994900625994605e-06
28550.056 2.856160143089063e-06
28600.056 3.5582911200904875e-06
28650.056 3.452806863079597e-06
28700.056 3.160604870329283e-06
28750.056 3.3782331193596524e-06
28800.056 3.335611617530538e-06
28850.056 3.4202654649801744e-06
28900.056 3.056916540470411e-06
28950.056 3.7423557489993214e-06
29000.056 3.119322345508915e-06
