galfind/configs/Brown_Dwarf_templates/sonora_bobcat/m+0.5/178g/sp_t1600g178nc_m+0.5_resample.dat
# %ECSV 1.0
# ---
# datatype:
# - {name: wav, unit: Angstrom, datatype: float64}
# - {name: flux_nu, unit: erg / (cm2 Hz s), datatype: float64}
# meta: {C/O: '1.00', Kzz: '1.0000E+05', Teff: '1600.', Y: '0.28', '[Fe/H]': '0.50', f_hole: '1.00', f_rain: '0.00', grav: '178.'}
# schema: astropy-2.0
wav flux_nu
[from data line 499]
28950.056 9.222382189329641e-07
29000.056 7.490894850407931e-07
29050.056 7.823873636248715e-07
29100.056 6.341934233451303e-07
29150.056 8.499751086141966e-07
29200.056 7.350937038512213e-07
29250.056 8.706102928410033e-07
29300.056 6.846242364686038e-07
29350.056 1.020708346111788e-06
29400.056 7.859303269028292e-07
29450.056 8.253186242919793e-07
29500.056 8.567662641148814e-07
29550.056 8.233237431950709e-07
29600.056 8.997711186398071e-07
29650.056 8.593477032109262e-07
29700.056 7.528916213788006e-07
29750.056 9.650118023074428e-07
29800.056 9.783255922989185e-07
29850.056 9.384370847519606e-07
29900.056 8.495859971082547e-07
29950.056 1.0057196865798783e-06
30000.056 1.0005376566648019e-06
30050.056 9.30268247669888e-07
30100.056 7.812224674996992e-07
30150.056 1.1831125377399038e-06
30200.056 1.017484193670084e-06
30250.056 1.0451120155703327e-06
30300.056 1.022954847399844e-06
30350.056 9.540118796801176e-07
30400.056 1.203141037470265e-06
30450.056 9.430859104280894e-07
30500.056 8.567948720201347e-07
30550.056 1.1799171519102766e-06
30600.056 1.1543899714501729e-06
30650.056 1.1760773310300005e-06
30700.056 1.0774486472959423e-06
30750.056 1.0294684443600266e-06
30800.056 1.2124709469802557e-06
30850.056 1.0109870851699015e-06
30900.056 1.0398474265499042e-06
30950.056 9.74259490609165e-07
31000.056 1.1210176335499326e-06
31050.056 1.0094889851699711e-06
31100.056 9.722458944299093e-07
31150.056 1.1159485674897683e-06
31200.056 1.1040485162099002e-06
31250.056 1.1393905805700682e-06
31300.056 1.0463074506998878e-06
31350.056 1.022110868359949e-06
31400.056 9.717452746502971e-07
31450.056 1.0042271726700024e-06
31500.056 1.0263395591900147e-06
31550.056 9.485145848100242e-07
31600.056 9.591261311998925e-07
31650.056 9.7720667311997e-07
31700.056 9.732594677699096e-07
31750.056 8.577020175702592e-07
31800.056 1.0583450866899985e-06
31850.056 1.0553255510301746e-06
31900.056 1.1785111647199425e-06
31950.056 7.850790745099099e-07
32000.056 9.380803540501056e-07
32050.056 1.1287778061700582e-06
32100.056 1.1040993746698542e-06
32150.056 1.1873561751399555e-06
32200.056 1.114448961299941e-06
32250.056 1.1435653025102047e-06
32300.056 1.0944071759799959e-06
32350.056 1.3142363773002372e-06
32400.056 1.0524016758500042e-06
32450.056 1.1611134189998345e-06
32500.056 1.243980443360301e-06
32550.056 1.3974841120000903e-06
32600.056 1.4014186519799149e-06
32650.056 1.4281444538204464e-06
32700.056 1.3689523207702653e-06
32750.056 1.3805556557000176e-06
32800.056 1.3047615340500815e-06
32850.056 1.5852748785497498e-06
32900.056 1.591168440559979e-06
32950.056 1.3235279639899437e-06
33000.056 1.4026174095801495e-06
33050.056 1.4228176235499813e-06
33100.056 1.3538365253396603e-06
33150.056 9.771369145800835e-07
33200.056 6.86176534099799e-07
33250.056 5.557675343995965e-07
33300.056 4.771892298601205e-07
33350.056 5.757547719700836e-07
33400.056 6.297262305899158e-07
33450.056 7.508080422498118e-07
33500.056 1.0341328114103081e-06
33550.056 1.0601800301400484e-06
33600.056 1.257794000910261e-06
33650.056 1.4192825410004612e-06
33700.056 1.3685039420497632e-06
33750.056 1.5764520017899375e-06
33800.056 1.4665178367399093e-06
33850.056 1.4905336992900392e-06
33900.056 1.5795500741597e-06
33950.056 1.4231081023299527e-06
34000.056 1.4534489182495538e-06
34050.056 1.413357800869619e-06
34100.056 1.6526928022601666e-06
34150.056 1.5339650752796364e-06
34200.056 1.3964607498694693e-06
34250.056 1.6226407353097635e-06
34300.056 1.3707415643790793e-06
34350.056 1.4145502594201587e-06
34400.056 1.3409996084301305e-06
34450.056 1.4286294983699902e-06
34500.056 1.5393705266001824e-06
34550.056 1.3292349940899115e-06
34600.056 1.5709215726300256e-06
34650.056 1.5630825302702796e-06
34700.056 1.4898688780296645e-06
34750.056 1.6756238363802343e-06
34800.056 1.6362416565696324e-06
34850.056 1.4589980267601112e-06
34900.056 1.5677854141903053e-06
34950.056 1.477588004359596e-06
35000.056 1.6208669402498268e-06
35050.056 1.790307309810363e-06
35100.056 1.5545309266895844e-06
35150.056 1.6792947211500118e-06
35200.056 1.7126406789299891e-06
35250.056 1.6212498895999402e-06
35300.056 1.6610518505499985e-06
35350.056 1.7364958393098144e-06
35400.056 1.6207642131100875e-06
35450.056 1.4834948744005315e-06
35500.056 1.8526263049597876e-06
35550.056 1.7216346153399652e-06
35600.056 1.5614856975000013e-06
35650.056 1.95406531537019e-06
35700.056 1.5947699934302807e-06
35750.056 1.8078564188496693e-06
35800.056 1.9596545098599855e-06
35850.056 1.7769044338399577e-06
35900.056 2.1092304630496977e-06
35950.056 1.8985995908901335e-06
36000.056 1.7550310907498648e-06
36050.056 2.1010954282302786e-06
36100.056 2.0965949773193092e-06
36150.056 1.891959305160288e-06
36200.056 2.1415914979496852e-06
36250.056 1.899489145429647e-06
36300.056 2.295704910670457e-06
36350.056 2.1072314144198947e-06
36400.056 2.0408279189200225e-06
36450.056 2.318479020299713e-06
36500.056 2.1353810581000897e-06
36550.056 2.0920534594205066e-06
36600.056 2.1790451581701316e-06
36650.056 2.2470735111000454e-06
36700.056 2.3837638643999962e-06
36750.056 2.2155145507001628e-06
36800.056 2.278813454099857e-06
36850.056 2.2887698898303336e-06
36900.056 2.3394153379003724e-06
36950.056 2.346186102039864e-06
37000.056 2.445788616600082e-06
37050.056 2.4303116617998563e-06
37100.056 2.4174193194403443e-06
37150.056 2.4201584639795986e-06
37200.056 2.5090119158000753e-06
37250.056 2.553099686140114e-06
37300.056 2.5457197565004437e-06
37350.056 2.360095566240357e-06
37400.056 2.499662422999745e-06
37450.056 2.4680730377902047e-06
37500.056 2.5296136828997436e-06
37550.056 2.510203272099602e-06
37600.056 2.6535489952996956e-06
37650.056 2.5004861628997786e-06
37700.056 2.587119139300003e-06
37750.056 2.6781675496998012e-06
37800.056 2.7400086797999e-06
37850.056 2.559359515199853e-06
37900.056 2.6479153684001976e-06
37950.056 2.6846763087999997e-06
38000.056 2.6561273191003077e-06
38050.056 2.6936378319001365e-06
38100.056 2.555924102990246e-06
38150.056 2.844974709599737e-06
38200.056 2.888295213999692e-06
38250.056 2.588426802600253e-06
38300.056 2.576410599999945e-06
38350.056 2.6942082860998734e-06
38400.056 2.7500892166997623e-06
38450.056 2.893740965800179e-06
38500.056 2.7369640009998644e-06
38550.056 2.758125768900176e-06
38600.056 3.0506792823998867e-06
38650.056 2.6733302967000737e-06
38700.056 2.7302121235805252e-06
38750.056 2.8261914286999787e-06
38800.056 2.8230953671002073e-06
38850.056 2.7282362636002363e-06
38900.056 2.6719941862998296e-06
38950.056 2.9041098675998033e-06
39000.056 2.749602851000078e-06
39050.056 2.86180445069988e-06
39100.056 2.6584295968800952e-06
39150.056 2.7851328100000606e-06
39200.056 2.900409690200127e-06
39250.056 2.8710199647994506e-06
39300.056 2.8339463784994284e-06
39350.056 2.857038486110281e-06
39400.056 2.8014438636000605e-06
39450.056 2.8150414595997953e-06
39500.056 2.7431826788997217e-06
39550.056 2.7092891524498152e-06
39600.056 3.0006991991999757e-06
39650.056 2.633275343599997e-06
39700.056 2.7499032424999267e-06
39750.056 2.727475435119687e-06
39800.056 2.5744605132000953e-06
39850.056 2.6816255036997786e-06
39900.056 2.6673423001800737e-06
39950.056 2.8090728471998623e-06
40000.056 2.4877355773999047e-06
40050.056 2.47359285059997e-06
40100.056 2.6713480734999035e-06
40150.056 2.4713219312996286e-06
40200.056 2.540781469899746e-06
40250.056 2.4746877781992934e-06
40300.056 2.332704711000259e-06
40350.056 2.5675131352003456e-06
40400.056 2.53570455823997e-06
40450.056 2.4589805160003254e-06
40500.056 2.226993571020303e-06
40550.056 2.6117134893998203e-06
40600.056 2.217908643790311e-06
40650.056 2.335336713430188e-06
40700.056 2.505494776000177e-06
40750.056 2.183206267899175e-06
40800.056 2.153090724540224e-06
40850.056 2.0975695224605032e-06
40900.056 2.099039045160263e-06
40950.056 2.2162532358199005e-06
41000.056 2.2393318748000308e-06
41050.056 2.1887641099194626e-06
41100.056 2.0926951613500516e-06
41150.056 2.2152052138999612e-06
41200.056 2.0763902168600622e-06
41250.056 2.1503151719101827e-06
41300.056 1.8367245066696103e-06
41350.056 2.175905485220104e-06
41400.056 2.02485490010022e-06
41450.056 2.0115474145703263e-06
41500.056 2.146019343300139e-06
41550.056 2.0155934586600005e-06
41600.056 2.1027532417000525e-06
41650.056 1.9028536854403795e-06
41700.056 1.7883089445197565e-06
41750.056 1.7981254655097873e-06
41800.056 1.8058109879197582e-06
41850.056 1.5898706441703394e-06
41900.056 1.8137796481199684e-06
41950.056 1.4362991015204663e-06
42000.056 1.562665523070159e-06
42050.056 1.3703698366895902e-06
42100.056 1.5831676046802517e-06
42150.056 1.142847423539508e-06
42200.056 1.252057856609989e-06
42250.056 1.3256595247401819e-06
42300.056 1.0424382264100325e-06
42350.056 1.2736523655004106e-06
42400.056 1.039567913170285e-06
42450.056 8.966715672402674e-07
42500.056 9.683406643502073e-07
42550.056 9.60489452940131e-07
42600.056 9.833082343203142e-07
42650.056 7.943403287293763e-07
42700.056 9.435941196903765e-07
42750.056 8.663760832599377e-07
42800.056 8.056433643203982e-07
42850.056 8.516561378097323e-07
42900.056 8.355157351900113e-07
42950.056 7.936741360895543e-07
43000.056 7.80549093030079e-07
43050.056 7.579623591503632e-07
43100.056 8.567099486001678e-07
43150.056 7.953160294100767e-07
43200.056 8.380985594901865e-07
43250.056 7.873062642497973e-07
43300.056 8.011973554801221e-07
43350.056 7.681899428199545e-07
43400.056 8.038598156300005e-07
43450.056 8.075946841403196e-07
43500.056 7.635657616699045e-07
43550.056 8.405761891700174e-07
43600.056 8.015687854701142e-07
43650.056 7.205020091800829e-07
43700.056 7.559630727196765e-07
43750.056 7.541074795401949e-07
43800.056 6.738438812501915e-07
43850.056 7.33839006760197e-07
43900.056 7.72198809819991e-07
43950.056 7.246289436203244e-07
44000.056 7.110575727102386e-07
44050.056 7.282915867801348e-07
44100.056 7.360792204501409e-07
44150.056 7.47786586969778e-07
44200.056 6.97811630489892e-07
44250.056 7.380168596600386e-07
44300.056 7.231911533400532e-07
44350.056 6.841342311600024e-07
44400.056 7.380473021699561e-07
44450.056 7.543851362599932e-07
44500.056 7.792844865699892e-07
44550.056 6.986696143598563e-07
44600.056 7.59087214200065e-07
44650.056 7.593640788601181e-07
44700.056 7.394922809800482e-07
44750.056 7.694295831999061e-07
44800.056 8.22598791149971e-07
44850.056 7.819571667601144e-07
44900.056 7.551025784701115e-07
44950.056 7.079631041299702e-07
45000.056 7.923868717699372e-07
45050.056 7.79922225149921e-07
45100.056 8.226543371799615e-07
45150.056 7.711526915599403e-07
45200.056 7.169951202300358e-07
45250.056 7.373948657799283e-07
45300.056 8.071182132300426e-07
45350.056 8.411738285899576e-07
45400.056 7.936434639401063e-07
45450.056 7.268488734598928e-07
45500.056 7.57208946299975e-07
45550.056 8.303011696499657e-07
45600.056 7.627526462099678e-07
45650.056 7.029408092798666e-07
45700.056 8.439761585600494e-07
45750.056 7.557483721700007e-07
45800.056 7.387817435199907e-07
45850.056 8.884782510099569e-07
45900.056 8.890077842600603e-07
45950.056 7.592252873899935e-07
46000.056 9.108446352800169e-07
46050.056 9.003446038001464e-07
46100.056 7.366274114900937e-07
46150.056 8.289339208199677e-07
46200.056 8.855806600401809e-07
46250.056 7.230386241199916e-07
46300.056 9.549635594699663e-07
46350.056 7.97021232989911e-07
46400.056 8.203651616099097e-07
46450.056 8.684450095801269e-07
46500.056 7.752531954199325e-07
46550.056 9.764719690799884e-07
46600.056 8.920351095300464e-07
46650.056 1.1666135406098527e-06
46700.056 1.0758388961203278e-06
46750.056 8.335601978099194e-07
46800.056 9.253640108700969e-07
46850.056 9.986158126301189e-07
46900.056 9.291304073698294e-07
46950.056 1.0573419929000387e-06
47000.056 8.642749278500008e-07
47050.056 1.0661442020699025e-06
47100.056 8.045182703700849e-07
47150.056 9.016925358201182e-07
47200.056 9.78061686800222e-07
47250.056 8.475028310698974e-07
47300.056 8.993569929797796e-07
47350.056 7.56942337929853e-07
47400.056 9.714956344898192e-07
47450.056 8.211531553699445e-07
47500.056 9.56695395389853e-07
47550.056 8.334212900499312e-07
47600.056 9.733683402899337e-07
47650.056 6.893620189698116e-07
47700.056 1.0000118968900488e-06
47750.056 6.645498657401558e-07
47800.056 9.777347912598863e-07
47850.056 7.296147627998788e-07
47900.056 9.675716986700525e-07
47950.056 7.033687322501711e-07
48000.056 1.095637701089996e-06
48050.056 7.926502740601275e-07
48100.056 9.011946551499741e-07
48150.056 8.094024246901173e-07
48200.056 9.789137182901245e-07
48250.056 7.951481060199816e-07
48300.056 1.078449338569793e-06
48350.056 7.186056633699508e-07
48400.056 9.677778690599923e-07
48450.056 7.687220888900177e-07
48500.056 1.1001388743300352e-06
48550.056 7.325781732600349e-07
48600.056 1.0014955733099274e-06
48650.056 7.63397961549968e-07
48700.056 9.835649553500845e-07
48750.056 6.849370100800605e-07
48800.056 1.1162548856000599e-06
48850.056 7.509965477398524e-07
48900.056 1.011939035870098e-06
48950.056 9.015215711800077e-07
49000.056 8.862842418698791e-07
49050.056 9.62675857509968e-07
49100.056 8.610017838700999e-07
49150.056 9.37729756409999e-07
49200.056 8.603649844899616e-07
49250.056 9.295006531000075e-07
49300.056 7.866743975099299e-07
49350.056 8.687488668399906e-07
49400.056 1.0246967443500732e-06
49450.056 8.576164432202035e-07
49500.056 9.169181413400426e-07
49550.056 7.809867692099942e-07
49600.056 8.803904453002202e-07
49650.056 9.234858421800165e-07
49700.056 7.858755555199289e-07
49750.056 1.2110437333098335e-06
49800.056 8.725191698100559e-07
49850.056 1.157535063660061e-06
49900.056 8.824517656400726e-07
49950.056 9.689204645797604e-07
50000.056 9.426812595197895e-07
50050.056 9.421242746200798e-07
50100.056 1.0317797317899248e-06
50150.056 8.47984178190046e-07
50200.056 7.977745951301086e-07
50250.056 9.59932719840068e-07
50300.056 8.757363082299497e-07
50350.056 1.0598854068499923e-06
50400.056 9.015912424399694e-07
50450.056 9.086002481301515e-07
50500.056 1.1740999203701981e-06
50550.056 9.433444514399592e-07
50600.056 1.0368669756700142e-06
50650.056 9.644420724002224e-07
50700.056 1.072533056519708e-06
50750.056 1.1161055558601576e-06
50800.056 7.997248074599037e-07
50850.056 9.681822402601887e-07
50900.056 1.0547967090799492e-06
50950.056 1.0627529384501832e-06
51000.056 1.2391694364100775e-06
51050.056 9.084402340201233e-07
51100.056 8.88061766939916e-07
51150.056 1.0436385806099078e-06
51200.056 1.0016871771099561e-06
51250.056 1.1064479231999442e-06
51300.056 8.926272869603198e-07
51350.056 1.0282231554297875e-06
51400.056 9.470477302997609e-07
51450.056 7.019998676198713e-07
51500.056 9.59750609690012e-07
51550.056 1.2590283804901214e-06
51600.056 8.25040392850067e-07
51650.056 9.987314163098407e-07
51700.056 9.396949382697078e-07
51750.056 8.831923298800729e-07
51800.056 1.0951586296797953e-06
51850.056 1.0704453778697928e-06
51900.056 1.13682082234022e-06
51950.056 1.042391539069909e-06
52000.056 8.56542807579944e-07
52050.056 1.0178295198599308e-06
52100.056 9.381731361598197e-07
52150.056 9.534350425700566e-07
52200.056 9.233077232200449e-07
52250.056 9.735652150400045e-07
52300.056 1.0832415963799857e-06
52350.056 1.1605653703701556e-06
52400.056 8.210741711401432e-07
52450.056 9.89670361799984e-07
52500.056 1.1196661241297993e-06
52550.056 1.027386903909667e-06
52600.056 1.0425572745301598e-06
52650.056 1.1885416651001697e-06
52700.056 9.891073423199755e-07
52750.056 8.088869842499019e-07
52800.056 9.211129966100949e-07
52850.056 8.730172924198797e-07
52900.056 9.82982217020057e-07
52950.056 9.745023447698606e-07
53000.056 1.1191982389899058e-06
53050.056 9.462902295398017e-07
53100.056 9.177948841597724e-07
53150.056 1.1715552520601968e-06
53200.056 7.85213628030117e-07
53250.056 1.1557315498299595e-06
53300.056 1.1304060657005008e-06
53350.056 1.1052922148098617e-06
53400.056 1.0325715283400987e-06
53450.056 9.077740324000488e-07
53500.056 7.567499709298432e-07
53550.056 9.82211870369893e-07
53600.056 1.086443212700211e-06
