galfind/configs/Brown_Dwarf_templates/sonora_bobcat/m+0.5/178g/sp_t850g178nc_m+0.5_resample.dat
# %ECSV 1.0
# ---
# datatype:
# - {name: wav, unit: Angstrom, datatype: float64}
# - {name: flux_nu, unit: erg / (cm2 Hz s), datatype: float64}
# meta: {C/O: '1.00', Kzz: '1.0000E+05', Teff: '850.', Y: '0.28', '[Fe/H]': '0.50', f_hole: '1.00', f_rain: '0.00', grav: '178.'}
# schema: astropy-2.0
wav flux_nu
[from data line 497]
28850.056 5.005243417315973e-08
28900.056 2.498565952515866e-08
28950.056 5.778634531819133e-08
29000.056 4.5512608451486063e-08
29050.056 4.9859716322687584e-08
29100.056 3.624943095432281e-08
29150.056 6.50852480959984e-08
29200.056 4.487474999642563e-08
29250.056 6.586356361298797e-08
29300.056 3.658819350047453e-08
29350.056 1.0010523915296072e-07
29400.056 5.169810476998276e-08
29450.056 5.7907301601402105e-08
29500.056 6.640576737747377e-08
29550.056 5.63186854872039e-08
29600.056 6.802986409300786e-08
29650.056 7.087107606962678e-08
29700.056 4.929391003368003e-08
29750.056 7.111732345554714e-08
29800.056 7.41802531423274e-08
29850.056 8.043362465194697e-08
29900.056 7.419971550539771e-08
29950.056 7.354035445976376e-08
30000.056 3.680783428054495e-08
30050.056 4.3577163709514246e-08
30100.056 4.09843854263618e-08
30150.056 7.30729142140876e-08
30200.056 5.449478464250121e-08
30250.056 8.86409945403206e-08
30300.056 7.578447074221223e-08
30350.056 6.355527057360375e-08
30400.056 7.888853607209787e-08
30450.056 5.512838422296791e-08
30500.056 4.675172687617258e-08
30550.056 4.954438579157858e-08
30600.056 6.030578227549773e-08
30650.056 4.597079049009053e-08
30700.056 4.414629860522882e-08
30750.056 4.700107036386127e-08
30800.056 3.870947539160818e-08
30850.056 3.637970391586043e-08
30900.056 3.136370355002432e-08
30950.056 3.028432774401847e-08
31000.056 2.6452868133012654e-08
31050.056 2.5878553843799974e-08
31100.056 2.0800761080307556e-08
31150.056 2.624575824797835e-08
31200.056 2.7651913896206655e-08
31250.056 1.9655295293605993e-08
31300.056 1.8658219862636625e-08
31350.056 1.9392883360060613e-08
31400.056 1.4692650091410129e-08
31450.056 1.635583573819656e-08
31500.056 1.2458116733696819e-08
31550.056 1.4394564555860514e-08
31600.056 1.0694742491485598e-08
31650.056 1.0040379075076885e-08
31700.056 1.0149573614158738e-08
31750.056 8.128934603835086e-09
31800.056 1.0772978489309428e-08
31850.056 7.914973216829148e-09
31900.056 9.611881165499386e-09
31950.056 5.905105889219939e-09
32000.056 8.066891739234747e-09
32050.056 8.76132588701129e-09
32100.056 8.393271781232524e-09
32150.056 9.079883111499083e-09
32200.056 7.465252237110841e-09
32250.056 1.041747825029163e-08
32300.056 7.2205090910383505e-09
32350.056 1.0791517513678274e-08
32400.056 7.063663378417502e-09
32450.056 9.747901279296873e-09
32500.056 8.659552938821834e-09
32550.056 8.451110010619213e-09
32600.056 1.043785011014072e-08
32650.056 1.5344795655206825e-08
32700.056 1.2493587662003068e-08
32750.056 1.5781084753713135e-08
32800.056 1.4661828050632657e-08
32850.056 1.6788310198398275e-08
32900.056 1.8706833071896325e-08
32950.056 1.991301724284908e-08
33000.056 1.6188272551514114e-08
33050.056 1.5569369659489586e-08
33100.056 7.250653048127513e-09
33150.056 1.767500795370012e-09
33200.056 1.7883210674393672e-09
33250.056 1.0199751692998154e-09
33300.056 1.3020331468202731e-09
33350.056 2.5021668014300258e-09
33400.056 3.897587259008181e-09
33450.056 5.8414065520993676e-09
33500.056 9.658886702806423e-09
33550.056 8.218215877444277e-09
33600.056 1.3529029116918023e-08
33650.056 1.3340508291847562e-08
33700.056 1.1384951431747771e-08
33750.056 1.666743027115562e-08
33800.056 1.2921291071083434e-08
33850.056 1.533477564080824e-08
33900.056 1.2344408074070079e-08
33950.056 1.2576226598436853e-08
34000.056 1.6761418163107495e-08
34050.056 8.511697580596146e-09
34100.056 1.6401662673861017e-08
34150.056 1.2734535138090261e-08
34200.056 1.3505397585693438e-08
34250.056 1.3498963681751394e-08
34300.056 1.216862821133421e-08
34350.056 1.0911476902299548e-08
34400.056 9.447695300807821e-09
34450.056 1.3444402694694256e-08
34500.056 1.2422627991452363e-08
34550.056 9.576239181721104e-09
34600.056 1.6643848420998957e-08
34650.056 1.1097260593710893e-08
34700.056 1.4268193518998593e-08
34750.056 1.3860831708984709e-08
34800.056 1.2359393735355138e-08
34850.056 1.4471453725905394e-08
34900.056 1.5257043785422318e-08
34950.056 1.6594117048195924e-08
35000.056 2.4630317384656976e-08
35050.056 1.4799111725879173e-08
35100.056 1.97585367172032e-08
35150.056 1.8359793793845453e-08
35200.056 2.0096598308026955e-08
35250.056 2.643262689087049e-08
35300.056 2.0592090299484353e-08
35350.056 2.0684404576661713e-08
35400.056 2.360765371099814e-08
35450.056 1.599613933340938e-08
35500.056 3.211345161049754e-08
35550.056 2.9468698352893282e-08
35600.056 2.4676185312414568e-08
35650.056 2.834367359765693e-08
35700.056 2.58884441267322e-08
35750.056 3.369515776079479e-08
35800.056 4.3760670654800585e-08
35850.056 2.5948412980636156e-08
35900.056 3.4652711481103004e-08
35950.056 3.299188606868884e-08
36000.056 3.296441855790634e-08
36050.056 3.011091052318767e-08
36100.056 3.22038969358199e-08
36150.056 3.471816555589035e-08
36200.056 3.725667141058765e-08
36250.056 3.50010512559369e-08
36300.056 4.30816784148097e-08
36350.056 4.0165176894007574e-08
36400.056 3.9688936499091835e-08
36450.056 4.9001162214604964e-08
36500.056 5.194825706280081e-08
36550.056 5.173896380151478e-08
36600.056 6.213874380999657e-08
36650.056 6.020163579837546e-08
36700.056 6.40872128094639e-08
36750.056 6.907164895834329e-08
36800.056 6.832494235800008e-08
36850.056 6.317975111878746e-08
36900.056 7.129476833138852e-08
36950.056 7.832657119598506e-08
37000.056 7.277085458889002e-08
37050.056 7.356633353799097e-08
37100.056 8.218219464540012e-08
37150.056 6.936335149229401e-08
37200.056 8.282415182298567e-08
37250.056 8.37536244211847e-08
37300.056 7.363203889426344e-08
37350.056 7.77402182605188e-08
37400.056 1.1344072656679608e-07
37450.056 8.60802179622548e-08
37500.056 8.607301662399051e-08
37550.056 1.0289388318167371e-07
37600.056 1.1416957271001095e-07
37650.056 8.422257518409873e-08
37700.056 1.230572693168108e-07
37750.056 9.236600107559924e-08
37800.056 9.859127369296244e-08
37850.056 7.371350444640674e-08
37900.056 8.413638618872977e-08
37950.056 1.0267810109967346e-07
38000.056 1.2301019920810392e-07
38050.056 1.2091687762472844e-07
38100.056 1.1752317873122747e-07
38150.056 1.3650805518799354e-07
38200.056 1.4441871367103997e-07
38250.056 1.3730720854410968e-07
38300.056 1.7364184523597415e-07
38350.056 1.7712825911702672e-07
38400.056 1.1787671045555312e-07
38450.056 1.2374916109796408e-07
38500.056 8.913742780860637e-08
38550.056 1.337314580470388e-07
38600.056 1.3805149899420855e-07
38650.056 1.345394204349754e-07
38700.056 1.4278169870299595e-07
38750.056 1.573886343990078e-07
38800.056 1.3393031101459528e-07
38850.056 1.3934233259812175e-07
38900.056 1.8423323590021485e-07
38950.056 1.4974422848377845e-07
39000.056 1.691086249979944e-07
39050.056 1.5044509069299887e-07
39100.056 1.6877034037201167e-07
39150.056 1.6926450372470394e-07
39200.056 1.7375678804698726e-07
39250.056 1.977401703199625e-07
39300.056 1.6582667386892269e-07
39350.056 2.1746717449400726e-07
39400.056 1.872077912159591e-07
39450.056 1.9765352141689335e-07
39500.056 1.9273648269504044e-07
39550.056 1.9869963726175264e-07
39600.056 2.1271854013493554e-07
39650.056 2.3057235790498613e-07
39700.056 2.206246078480291e-07
39750.056 1.8660588292396587e-07
39800.056 2.1730469845993568e-07
39850.056 2.581902837840023e-07
39900.056 2.541151818870174e-07
39950.056 2.2964551291293465e-07
40000.056 3.0055731644907245e-07
40050.056 2.5757771979500246e-07
40100.056 2.1927633292820636e-07
40150.056 2.752306781971655e-07
40200.056 2.816973151228852e-07
40250.056 2.7389019634490334e-07
40300.056 2.7148614021405643e-07
40350.056 2.853937175069804e-07
40400.056 3.275116479191915e-07
40450.056 2.913292672584579e-07
40500.056 3.2089485281599177e-07
40550.056 3.234903939011283e-07
40600.056 3.142223272680435e-07
40650.056 2.8756179261711147e-07
40700.056 3.8732777122000095e-07
40750.056 3.18559769134949e-07
40800.056 2.652794581718727e-07
40850.056 3.917774698501039e-07
40900.056 3.6559492318204347e-07
40950.056 3.3477419843902634e-07
41000.056 3.4981459323000684e-07
41050.056 4.186182446399555e-07
41100.056 3.4932120332800856e-07
41150.056 2.7825537210216117e-07
41200.056 4.040215710279649e-07
41250.056 3.468147353509661e-07
41300.056 3.1741405061391043e-07
41350.056 4.323529069100652e-07
41400.056 3.894406400880684e-07
41450.056 4.0971270698606187e-07
41500.056 3.4090341923221774e-07
41550.056 3.401725809999765e-07
41600.056 4.174803302061671e-07
41650.056 4.1044494204001775e-07
41700.056 3.684672977818574e-07
41750.056 3.766774800489864e-07
41800.056 4.110598366719923e-07
41850.056 3.057443400450075e-07
41900.056 3.4472170330534745e-07
41950.056 3.1876266934806534e-07
42000.056 3.1103093334995235e-07
42050.056 2.863458963660056e-07
42100.056 3.752502257800113e-07
42150.056 2.9182281179197936e-07
42200.056 2.7776739565000287e-07
42250.056 2.8105999251693227e-07
42300.056 2.7065611474000197e-07
42350.056 3.248383906800564e-07
42400.056 3.011067808000794e-07
42450.056 2.8184695404401894e-07
42500.056 2.7904019621498407e-07
42550.056 2.735720506959574e-07
42600.056 2.746382558350464e-07
42650.056 3.1044706270991304e-07
42700.056 2.869671719192088e-07
42750.056 2.709538769159855e-07
42800.056 2.875024679400566e-07
42850.056 3.2593846850989194e-07
42900.056 3.3263957450008e-07
42950.056 2.89292296159896e-07
43000.056 3.1725497054600415e-07
43050.056 2.3728243619010626e-07
43100.056 2.932028578669682e-07
43150.056 2.8183356968104663e-07
43200.056 3.2570105686801615e-07
43250.056 3.5286926310999483e-07
43300.056 3.541672443900019e-07
43350.056 2.7290863208294077e-07
43400.056 3.082197761539727e-07
43450.056 2.8601909467205014e-07
43500.056 2.7405139100099205e-07
43550.056 2.8325780317825785e-07
43600.056 3.5518382068202793e-07
43650.056 2.91684595122003e-07
43700.056 3.3973434276001986e-07
43750.056 3.2995777085807247e-07
43800.056 3.099581576629609e-07
43850.056 2.938908252230494e-07
43900.056 3.1387312172595984e-07
43950.056 2.477608983029998e-07
44000.056 2.388591908980075e-07
44050.056 3.405062986980247e-07
44100.056 3.8206811720002136e-07
44150.056 3.590587582109306e-07
44200.056 3.4147094178599223e-07
44250.056 2.870273648370145e-07
44300.056 2.6065675677805343e-07
44350.056 2.790671702604718e-07
44400.056 2.89355876827998e-07
44450.056 3.261719595429671e-07
44500.056 3.3751124266408417e-07
44550.056 3.800240152999471e-07
44600.056 3.2442256603334073e-07
44650.056 3.507231040730699e-07
44700.056 2.721441255600036e-07
44750.056 3.408011289940281e-07
44800.056 3.1196039860403117e-07
44850.056 3.424836402790696e-07
44900.056 2.978027434750303e-07
44950.056 3.2435690527401566e-07
45000.056 3.414654045599745e-07
45050.056 3.3688468933699984e-07
45100.056 3.3436520153199593e-07
45150.056 3.337098116014649e-07
45200.056 2.8725154250302896e-07
45250.056 3.1053778846990735e-07
45300.056 2.851630538230462e-07
45350.056 2.930277067399768e-07
45400.056 3.7307080212203e-07
45450.056 3.360361416659732e-07
45500.056 3.4347017932600303e-07
45550.056 3.809513653199097e-07
45600.056 3.7274976627003066e-07
45650.056 3.0605644114395524e-07
45700.056 3.0366514308603004e-07
45750.056 2.857919630849911e-07
45800.056 3.694414133100007e-07
45850.056 3.879263822769948e-07
45900.056 4.00847675540011e-07
45950.056 3.3794993601199236e-07
46000.056 3.835658218600162e-07
46050.056 3.4430470534802413e-07
46100.056 3.769199922199848e-07
46150.056 3.286390132859829e-07
46200.056 3.2165427544003205e-07
46250.056 2.4643043081395847e-07
46300.056 3.5573623888699744e-07
46350.056 3.3339731207602285e-07
46400.056 3.277485051200091e-07
46450.056 3.1806827855104617e-07
46500.056 3.223913247650611e-07
46550.056 2.932344123479871e-07
46600.056 3.318971411559941e-07
46650.056 4.375881632999633e-07
46700.056 3.5262075747001576e-07
46750.056 2.648916433140003e-07
46800.056 2.286710184750238e-07
46850.056 4.2424155598008056e-07
46900.056 3.8211350973995585e-07
46950.056 3.89781815228002e-07
47000.056 3.46945800954028e-07
47050.056 3.5392435259687415e-07
47100.056 2.5978745580904464e-07
47150.056 3.077818665480345e-07
47200.056 3.6438891407802357e-07
47250.056 2.918420398619855e-07
47300.056 2.3587707255589577e-07
47350.056 3.6945801091996583e-07
47400.056 3.671648891319566e-07
47450.056 3.479507073120283e-07
47500.056 3.9423240744394437e-07
47550.056 3.495076679399985e-07
47600.056 3.518511732699762e-07
47650.056 3.053817410969403e-07
47700.056 3.431905626510882e-07
47750.056 2.4687644949301106e-07
47800.056 2.8842279641000875e-07
47850.056 2.1872992358100387e-07
47900.056 2.756983965679599e-07
47950.056 3.0012581941003203e-07
48000.056 4.131582739900602e-07
48050.056 3.710488897500111e-07
48100.056 2.634537079180169e-07
48150.056 3.19285982860027e-07
48200.056 3.0501600564100746e-07
48250.056 2.9692007505201407e-07
48300.056 3.822483399898805e-07
48350.056 2.615586473300239e-07
48400.056 1.9572340249216853e-07
48450.056 2.884587563310822e-07
48500.056 3.657276411319512e-07
48550.056 2.9096414838999665e-07
48600.056 3.3053926971000524e-07
48650.056 3.299004714899745e-07
48700.056 3.1479695409399133e-07
48750.056 2.215844599411084e-07
48800.056 4.0337214197799433e-07
48850.056 2.5871702437994836e-07
48900.056 3.7182919910599804e-07
48950.056 2.8905150236003655e-07
49000.056 1.8463760890836017e-07
49050.056 3.2556460739997753e-07
49100.056 3.405757826280659e-07
49150.056 3.048937134588305e-07
49200.056 3.629868537700428e-07
49250.056 3.5788569317004936e-07
49300.056 3.1154548292900115e-07
49350.056 2.1585593475403804e-07
49400.056 2.8362601280897247e-07
49450.056 2.891818377305941e-07
49500.056 2.439674964979726e-07
49550.056 1.4841619368501866e-07
49600.056 2.347165490928575e-07
49650.056 2.7705622229298676e-07
49700.056 2.598019388029252e-07
49750.056 3.20345823524929e-07
49800.056 2.6234126664301955e-07
49850.056 3.745437587460909e-07
49900.056 2.977753222169786e-07
49950.056 2.9491217316999086e-07
50000.056 2.7558637337197533e-07
50050.056 3.242563746050013e-07
50100.056 2.7580407531202114e-07
50150.056 1.929615487049768e-07
50200.056 1.0308104553901722e-07
50250.056 2.6396125883596514e-07
50300.056 2.124813227970219e-07
50350.056 3.353057541850319e-07
50400.056 2.875344831649784e-07
50450.056 2.359660176816326e-07
50500.056 2.999693158290411e-07
50550.056 2.7385091113802053e-07
50600.056 2.4780050914793693e-07
50650.056 3.117480915500718e-07
50700.056 3.345335582198752e-07
50750.056 2.762975082500474e-07
50800.056 1.69880094097986e-07
50850.056 1.6262563769705692e-07
50900.056 3.31144834128001e-07
50950.056 2.5668132356004143e-07
51000.056 2.8489322922602033e-07
51050.056 2.625807925419978e-07
51100.056 1.5631579136048078e-07
51150.056 2.1948251844397391e-07
51200.056 3.54901709199977e-07
51250.056 2.4706435516293813e-07
51300.056 2.0200645045110172e-07
51350.056 2.1819994926998956e-07
51400.056 1.3247262750299754e-07
51450.056 1.1481628960556849e-07
51500.056 1.286006193338478e-07
51550.056 2.766054079496181e-07
51600.056 1.982222987070362e-07
51650.056 2.0309126105495653e-07
51700.056 2.2416617724756537e-07
51750.056 1.6176439534502118e-07
51800.056 2.4332821893593984e-07
51850.056 2.2676905562699462e-07
51900.056 3.1742091817807157e-07
51950.056 2.4459353178797743e-07
52000.056 9.489526381398235e-08
52050.056 1.8479831777902607e-07
52100.056 1.3831193225198462e-07
52150.056 1.229256022452097e-07
52200.056 1.381427497875981e-07
52250.056 1.7961195833203023e-07
52300.056 2.657983691499739e-07
52350.056 1.842724046472089e-07
52400.056 1.325966264910087e-07
52450.056 2.3394515203901348e-07
52500.056 2.2826967086893427e-07
52550.056 2.3668527171594344e-07
52600.056 1.965701195090367e-07
52650.056 2.0410681479303608e-07
52700.056 1.8249832530599723e-07
52750.056 1.231542974137947e-07
52800.056 1.5646894568002403e-07
52850.056 1.670555453559451e-07
52900.056 1.4881463360479705e-07
52950.056 1.6278673923299943e-07
53000.056 2.2545832861600278e-07
53050.056 1.196200850727575e-07
53100.056 1.7054720384795292e-07
53150.056 2.533588337680263e-07
53200.056 1.2275805941979312e-07
53250.056 2.287210601830198e-07
53300.056 2.3364376905233068e-07
53350.056 2.2788920204999022e-07
53400.056 2.1555785761001345e-07
53450.056 1.1583055191898883e-07
