galfind/configs/Brown_Dwarf_templates/sonora_bobcat/m+0.5/178g/sp_t1700g178nc_m+0.5_resample.dat
# %ECSV 1.0
# ---
# datatype:
# - {name: wav, unit: Angstrom, datatype: float64}
# - {name: flux_nu, unit: erg / (cm2 Hz s), datatype: float64}
# meta: {C/O: '1.00', Kzz: '1.0000E+05', Teff: '1700.', Y: '0.28', '[Fe/H]': '0.50', f_hole: '1.00', f_rain: '0.00', grav: '178.'}
# schema: astropy-2.0
wav flux_nu
[from data line 499]
28950.056 1.1125560353059384e-06
29000.056 8.980066344857384e-07
29050.056 9.355605121998408e-07
29100.056 7.603260109081455e-07
29150.056 1.013814782870224e-06
29200.056 8.811557965742806e-07
29250.056 1.035097227508015e-06
29300.056 8.221534804315157e-07
29350.056 1.2057535398897593e-06
29400.056 9.355516291538114e-07
29450.056 9.76672242718971e-07
29500.056 1.0199200372548704e-06
29550.056 9.770751310050922e-07
29600.056 1.0644234471898006e-06
29650.056 1.0208627056039205e-06
29700.056 8.920990198177868e-07
29750.056 1.1514155594985432e-06
29800.056 1.1578759854199166e-06
29850.056 1.1103262067519609e-06
29900.056 9.992813262102847e-07
29950.056 1.1929624403598486e-06
30000.056 1.1848648190137413e-06
30050.056 1.1007963893698769e-06
30100.056 9.141498050796517e-07
30150.056 1.4051756922998863e-06
30200.056 1.2132318083301091e-06
30250.056 1.2265166257204e-06
30300.056 1.2109590284598154e-06
30350.056 1.1307480214701552e-06
30400.056 1.4286920790803253e-06
30450.056 1.1186462650601027e-06
30500.056 1.0259406198201628e-06
30550.056 1.4310009594603395e-06
30600.056 1.388074489260216e-06
30650.056 1.4173195264000294e-06
30700.056 1.3018505458199339e-06
30750.056 1.2484810264200316e-06
30800.056 1.4959878806903232e-06
30850.056 1.2569589204699104e-06
30900.056 1.281722357349894e-06
30950.056 1.21592998432519e-06
31000.056 1.4290458536399327e-06
31050.056 1.2424916803299653e-06
31100.056 1.2650706980698935e-06
31150.056 1.4188050048997476e-06
31200.056 1.3933064399498499e-06
31250.056 1.4737366832401478e-06
31300.056 1.3442434778898765e-06
31350.056 1.3524168250399627e-06
31400.056 1.2943033631103754e-06
31450.056 1.3594831908800313e-06
31500.056 1.35941843380014e-06
31550.056 1.2753356743000152e-06
31600.056 1.3146266662998675e-06
31650.056 1.3880997518099682e-06
31700.056 1.3746202681598946e-06
31750.056 1.200141538330269e-06
31800.056 1.4731145888200697e-06
31850.056 1.5048446984402197e-06
31900.056 1.6093966548598915e-06
31950.056 1.1235280527998585e-06
32000.056 1.2992768472602314e-06
32050.056 1.5532824584100992e-06
32100.056 1.5366670154697741e-06
32150.056 1.6119531431799843e-06
32200.056 1.522118805499925e-06
32250.056 1.500855284420224e-06
32300.056 1.5254169296700303e-06
32350.056 1.7503444779903e-06
32400.056 1.4662726643000548e-06
32450.056 1.532843786569972e-06
32500.056 1.6425036753503155e-06
32550.056 1.8596335945300976e-06
32600.056 1.8447296777398713e-06
32650.056 1.83226747697062e-06
32700.056 1.756106513530278e-06
32750.056 1.7990196321000362e-06
32800.056 1.6476696464401352e-06
32850.056 2.0307589349297436e-06
32900.056 1.9837141451199883e-06
32950.056 1.6613138106499474e-06
33000.056 1.7836598985202626e-06
33050.056 1.840223326699871e-06
33100.056 1.8494774762294888e-06
33150.056 1.45140680251012e-06
33200.056 1.1000435406997591e-06
33250.056 1.1039361496294927e-06
33300.056 1.0631808640902368e-06
33350.056 1.180286045580139e-06
33400.056 1.204858080879843e-06
33450.056 1.3564051155295638e-06
33500.056 1.6643828990303331e-06
33550.056 1.5973639837900042e-06
33600.056 1.786238929690438e-06
33650.056 1.944873895640577e-06
33700.056 1.8889305298596691e-06
33750.056 2.056369836079984e-06
33800.056 1.9033310702199377e-06
33850.056 1.9108610742201195e-06
33900.056 2.12794901395962e-06
33950.056 1.8895492372998472e-06
34000.056 1.9113991100194555e-06
34050.056 1.8669276353596388e-06
34100.056 2.1271508703302857e-06
34150.056 2.018328506249622e-06
34200.056 1.8829551033994022e-06
34250.056 2.1672254925797533e-06
34300.056 1.830540381579064e-06
34350.056 1.978627933100122e-06
34400.056 1.8269452428300394e-06
34450.056 1.8966731870700052e-06
34500.056 2.058910410230333e-06
34550.056 1.8316245258998229e-06
34600.056 2.06820056819005e-06
34650.056 2.0696420602403813e-06
34700.056 2.0020896356195233e-06
34750.056 2.1978288345402416e-06
34800.056 2.1903134612296874e-06
34850.056 1.9569727601401267e-06
34900.056 2.041162128100328e-06
34950.056 2.0002188768195092e-06
35000.056 2.0542518064197504e-06
35050.056 2.3451426030206022e-06
35100.056 2.0807776889294742e-06
35150.056 2.166078077420012e-06
35200.056 2.214256763269856e-06
35250.056 2.044488947030007e-06
35300.056 2.1652124156200165e-06
35350.056 2.2950785138997914e-06
35400.056 2.0945883719399517e-06
35450.056 2.011472390250484e-06
35500.056 2.3507014551997775e-06
35550.056 2.1959041515999144e-06
35600.056 2.0176745881098677e-06
35650.056 2.4541515713302543e-06
35700.056 2.0665529373003343e-06
35750.056 2.2769417583396825e-06
35800.056 2.3889066187199473e-06
35850.056 2.2797862935099082e-06
35900.056 2.5823263413996505e-06
35950.056 2.3526660035501064e-06
36000.056 2.164294218579774e-06
36050.056 2.56110385486032e-06
36100.056 2.5845064579594313e-06
36150.056 2.312444943800345e-06
36200.056 2.5771467017596333e-06
36250.056 2.316124874809549e-06
36300.056 2.760863092110546e-06
36350.056 2.5511959332598085e-06
36400.056 2.4729238230999984e-06
36450.056 2.7658113200996808e-06
36500.056 2.5528455387001678e-06
36550.056 2.4825043201005224e-06
36600.056 2.5653328202201742e-06
36650.056 2.6545672525001744e-06
36700.056 2.8123315226000093e-06
36750.056 2.591554384000195e-06
36800.056 2.667632250399803e-06
36850.056 2.679483534900377e-06
36900.056 2.745562116400444e-06
36950.056 2.7307329609798906e-06
37000.056 2.8367162286001367e-06
37050.056 2.8376651358998486e-06
37100.056 2.7960792259403846e-06
37150.056 2.798069725999479e-06
37200.056 2.9012804094000635e-06
37250.056 2.9411971182201695e-06
37300.056 2.9621773582006405e-06
37350.056 2.7349550417004047e-06
37400.056 2.885156489299713e-06
37450.056 2.863083917730251e-06
37500.056 2.9299417408997246e-06
37550.056 2.8817091455995065e-06
37600.056 3.046045542199625e-06
37650.056 2.8636508627997173e-06
37700.056 2.9417739241000115e-06
37750.056 3.0774996012996924e-06
37800.056 3.138787897499853e-06
37850.056 2.9498294502998425e-06
37900.056 3.0429983186002283e-06
37950.056 3.088734007700043e-06
38000.056 3.0278339337003847e-06
38050.056 3.071816897600183e-06
38100.056 2.926943378400248e-06
38150.056 3.2277540120996486e-06
38200.056 3.2809032050995944e-06
38250.056 2.959699782300294e-06
38300.056 2.9328049060999434e-06
38350.056 3.0606023239998606e-06
38400.056 3.1364330153597613e-06
38450.056 3.26073299380024e-06
38500.056 3.1069080967998257e-06
38550.056 3.1177272271002235e-06
38600.056 3.4472315551998778e-06
38650.056 3.0140768960000996e-06
38700.056 3.078283826900585e-06
38750.056 3.19954689379997e-06
38800.056 3.184316498600299e-06
38850.056 3.1031191624002754e-06
38900.056 3.030001770299829e-06
38950.056 3.265134603999745e-06
39000.056 3.112345597300094e-06
39050.056 3.21827798799989e-06
39100.056 3.004746636400058e-06
39150.056 3.1369063387000917e-06
39200.056 3.2622238547001386e-06
39250.056 3.2312521478993987e-06
39300.056 3.2018530791993534e-06
39350.056 3.212908817060333e-06
39400.056 3.1498592784000744e-06
39450.056 3.165336655599777e-06
39500.056 3.0982620892997036e-06
39550.056 3.048875122069721e-06
39600.056 3.370911972300033e-06
39650.056 2.9672594922000204e-06
39700.056 3.1045769946999542e-06
39750.056 3.087046039659642e-06
39800.056 2.911506433800137e-06
39850.056 3.0254671191997485e-06
39900.056 2.9989477850000222e-06
39950.056 3.1631844352998603e-06
40000.056 2.8202495531998606e-06
40050.056 2.762728210599961e-06
40100.056 2.9814831084998637e-06
40150.056 2.7697026389995382e-06
40200.056 2.8599490480997203e-06
40250.056 2.8073437711991873e-06
40300.056 2.621501927900306e-06
40350.056 2.8695096676003785e-06
40400.056 2.8561349517799275e-06
40450.056 2.7234683086004156e-06
40500.056 2.4890482933002846e-06
40550.056 2.918158164999816e-06
40600.056 2.504759024100326e-06
40650.056 2.6265945436403046e-06
40700.056 2.806676128700207e-06
40750.056 2.4512010971991027e-06
40800.056 2.426924958980279e-06
40850.056 2.3386667358605646e-06
40900.056 2.339824591540332e-06
40950.056 2.4838977194799224e-06
41000.056 2.5246398958000695e-06
41050.056 2.4638336255093636e-06
41100.056 2.3462074939401105e-06
41150.056 2.498782063899993e-06
41200.056 2.3339632752000665e-06
41250.056 2.413851611920215e-06
41300.056 2.066368668289601e-06
41350.056 2.451718027100125e-06
41400.056 2.283723149800203e-06
41450.056 2.250923199430285e-06
41500.056 2.4197434979601593e-06
41550.056 2.2861624332500113e-06
41600.056 2.3870626352000464e-06
41650.056 2.1400621191004297e-06
41700.056 2.017512906139726e-06
41750.056 2.0493176555397834e-06
41800.056 2.054233951879698e-06
41850.056 1.8340258094803982e-06
41900.056 2.088432717969957e-06
41950.056 1.6570454692005334e-06
42000.056 1.8272156545101657e-06
42050.056 1.6076938667894924e-06
42100.056 1.8572490605302897e-06
42150.056 1.345658978959408e-06
42200.056 1.4860220734299914e-06
42250.056 1.5748747144301313e-06
42300.056 1.2409763500000125e-06
42350.056 1.5199341131904903e-06
42400.056 1.2509273955803428e-06
42450.056 1.0612561378303133e-06
42500.056 1.1497700355802604e-06
42550.056 1.1446215886401555e-06
42600.056 1.17060061895038e-06
42650.056 9.451782498892044e-07
42700.056 1.1391390719104702e-06
42750.056 1.0370108189199483e-06
42800.056 9.733331318104698e-07
42850.056 1.012549077059701e-06
42900.056 9.994590042400196e-07
42950.056 9.398337800194647e-07
43000.056 9.323360755400808e-07
43050.056 9.038865560704589e-07
43100.056 1.01868244729017e-06
43150.056 9.551987875500883e-07
43200.056 9.993368260802116e-07
43250.056 9.446194248598123e-07
43300.056 9.658919295101533e-07
43350.056 9.092506781399375e-07
43400.056 9.57427872199991e-07
43450.056 9.65436517450407e-07
43500.056 9.121252514698789e-07
43550.056 9.952806949100159e-07
43600.056 9.626183747601556e-07
43650.056 8.532643201501056e-07
43700.056 8.811818921696423e-07
43750.056 8.931531631102166e-07
43800.056 7.952127025102286e-07
43850.056 8.609845256702417e-07
43900.056 9.126372816999808e-07
43950.056 8.525838065803785e-07
44000.056 8.286716755002779e-07
44050.056 8.472049948701544e-07
44100.056 8.565113068901727e-07
44150.056 8.765187119197359e-07
44200.056 8.163278520398862e-07
44250.056 8.536699720500494e-07
44300.056 8.385837947100705e-07
44350.056 7.937076353699997e-07
44400.056 8.561669079199501e-07
44450.056 8.770633743699982e-07
44500.056 9.054257973500067e-07
44550.056 8.046083900098172e-07
44600.056 8.74167337660081e-07
44650.056 8.817266503101377e-07
44700.056 8.526022716500627e-07
44750.056 8.857391727898832e-07
44800.056 9.463590116799653e-07
44850.056 9.046877412101217e-07
44900.056 8.69908784010137e-07
44950.056 8.104594255299588e-07
45000.056 9.127620908899235e-07
45050.056 8.968072917199051e-07
45100.056 9.472975691999524e-07
45150.056 8.871019426299287e-07
45200.056 8.213525056300332e-07
45250.056 8.467387281899116e-07
45300.056 9.281978277700544e-07
45350.056 9.68743385719947e-07
45400.056 9.130815043901321e-07
45450.056 8.328883301598746e-07
45500.056 8.67608728779969e-07
45550.056 9.587864231199577e-07
45600.056 8.797529226499622e-07
45650.056 8.045115572598418e-07
45700.056 9.675766486700622e-07
45750.056 8.695293745599943e-07
45800.056 8.489262970099928e-07
45850.056 1.024003392029958e-06
45900.056 1.0289542786300697e-06
45950.056 8.760233447599855e-07
46000.056 1.058582886400013e-06
46050.056 1.0456325480101831e-06
46100.056 8.503094981601052e-07
46150.056 9.472189954699598e-07
46200.056 1.0247255552302201e-06
46250.056 8.289288120999871e-07
46300.056 1.1061113227599542e-06
46350.056 9.131740562998975e-07
46400.056 9.427943624398897e-07
46450.056 9.898578274301647e-07
46500.056 8.879728257999217e-07
46550.056 1.117893963369989e-06
46600.056 1.0200814751900427e-06
46650.056 1.337081412069861e-06
46700.056 1.232899382390364e-06
46750.056 9.526960642299041e-07
46800.056 1.0629392002301182e-06
46850.056 1.1481328549601311e-06
46900.056 1.0657553311697967e-06
46950.056 1.2174887203400544e-06
47000.056 9.999738230799974e-07
47050.056 1.2185988254998879e-06
47100.056 9.268337155300968e-07
47150.056 1.044723502670158e-06
47200.056 1.1239778937502858e-06
47250.056 9.777099882498546e-07
47300.056 1.0433972700097374e-06
47350.056 8.639342071598203e-07
47400.056 1.1165286258697684e-06
47450.056 9.59728439659929e-07
47500.056 1.0927508518398133e-06
47550.056 9.628833328399073e-07
47600.056 1.12338681754992e-06
47650.056 7.871785837897729e-07
47700.056 1.1517032675400485e-06
47750.056 7.563846497501894e-07
47800.056 1.1203883411798705e-06
47850.056 8.333332122098541e-07
47900.056 1.1212383106300617e-06
47950.056 8.023867320302088e-07
48000.056 1.2698545886699928e-06
48050.056 9.0719618750016e-07
48100.056 1.0276740747599657e-06
48150.056 9.229494531801353e-07
48200.056 1.1281471344501573e-06
48250.056 9.11633950219957e-07
48300.056 1.2460257863997705e-06
48350.056 8.150328080799292e-07
48400.056 1.1178110188799894e-06
48450.056 8.800844754100279e-07
48500.056 1.2666315193300355e-06
48550.056 8.33983231730043e-07
48600.056 1.153044847739911e-06
48650.056 8.663382042599681e-07
48700.056 1.1248559725000952e-06
48750.056 7.741770473900811e-07
48800.056 1.2850742073500793e-06
48850.056 8.547620431698298e-07
48900.056 1.1539198536201105e-06
48950.056 1.0257405233700125e-06
49000.056 1.0191293245398706e-06
49050.056 1.0926740782999502e-06
49100.056 9.843270365401265e-07
49150.056 1.0636102323100142e-06
49200.056 9.856574530199564e-07
49250.056 1.0515813237000057e-06
49300.056 8.93794619349908e-07
49350.056 9.81858779459985e-07
49400.056 1.1690651147600948e-06
49450.056 9.72109685890234e-07
49500.056 1.0415577554300692e-06
49550.056 8.864556116799917e-07
49600.056 9.959658230302527e-07
49650.056 1.0450488685400373e-06
49700.056 8.83284716469925e-07
49750.056 1.3794563841197987e-06
49800.056 9.924226095300626e-07
49850.056 1.311375391780056e-06
49900.056 1.00109907933009e-06
49950.056 1.092774029609707e-06
50000.056 1.0638514617697523e-06
50050.056 1.0646774150000958e-06
50100.056 1.1650062774899155e-06
50150.056 9.612345054100486e-07
50200.056 9.005703430901245e-07
50250.056 1.0730016866100904e-06
50300.056 9.802512038899338e-07
50350.056 1.1841487226199944e-06
50400.056 1.014891169809975e-06
50450.056 1.0197140230501673e-06
50500.056 1.3326970548602285e-06
50550.056 1.0597272510699447e-06
50600.056 1.1660428245400285e-06
50650.056 1.0806528535802668e-06
50700.056 1.2049687458796458e-06
50750.056 1.2468195094701816e-06
50800.056 8.97667290669899e-07
50850.056 1.09051154519021e-06
50900.056 1.1738385910499491e-06
50950.056 1.1934669111701996e-06
51000.056 1.3903695710300878e-06
51050.056 1.0178261279401499e-06
51100.056 9.999845027099102e-07
51150.056 1.1737356544199046e-06
51200.056 1.1114529503099455e-06
51250.056 1.2455573603099453e-06
51300.056 1.0025356212003558e-06
51350.056 1.1596405862397598e-06
51400.056 1.0766491742497105e-06
51450.056 7.855063364098614e-07
51500.056 1.0926993791399984e-06
51550.056 1.416722321800138e-06
51600.056 9.177720705100569e-07
51650.056 1.11994664081981e-06
51700.056 1.0436474717096666e-06
51750.056 9.90063781820081e-07
51800.056 1.2237570981797947e-06
51850.056 1.1987298172097615e-06
51900.056 1.2681448021502455e-06
51950.056 1.1592874471998893e-06
52000.056 9.661004455799408e-07
52050.056 1.147011370269919e-06
52100.056 1.062714104609783e-06
52150.056 1.0798059297100775e-06
52200.056 1.0466126210300608e-06
52250.056 1.0930897406000015e-06
52300.056 1.2012979604499846e-06
52350.056 1.3056871691501827e-06
52400.056 9.219593275201489e-07
52450.056 1.1057154622599824e-06
52500.056 1.2490204396297584e-06
52550.056 1.139622679019623e-06
52600.056 1.1720431898301738e-06
52650.056 1.3382891671601972e-06
52700.056 1.1116491491199737e-06
52750.056 9.033037318598848e-07
52800.056 1.0306935317301088e-06
52850.056 9.739036300798739e-07
52900.056 1.1042572240500702e-06
52950.056 1.0881812117798301e-06
53000.056 1.2494840769098899e-06
53050.056 1.0724959065297745e-06
53100.056 1.0278100039297422e-06
53150.056 1.3040722038902395e-06
53200.056 8.785357067501476e-07
53250.056 1.2927558785599466e-06
53300.056 1.2639311118705641e-06
53350.056 1.237981957539844e-06
53400.056 1.143866182760108e-06
53450.056 1.0191430723400516e-06
