galfind/configs/Brown_Dwarf_templates/sonora_bobcat/m+0.5/178g/sp_t325g178nc_m+0.5_resample.dat
# %ECSV 1.0
# ---
# datatype:
# - {name: wav, unit: Angstrom, datatype: float64}
# - {name: flux_nu, unit: erg / (cm2 Hz s), datatype: float64}
# meta: {C/O: '1.00', Kzz: '1.0000E+05', Teff: '325.', Y: '0.28', '[Fe/H]': '0.50', f_hole: '1.00', f_rain: '0.00', grav: '178.'}
# schema: astropy-2.0
wav flux_nu
4000.0559999999996 nan
4050.0559999999996 2.6832467748140624e-18
4100.056 8.834190310800132e-17
4150.056 4.829772889600039e-16
4200.056 5.149622335192023e-16
4250.056 3.0791334113000236e-15
4300.056 6.6642972121000285e-15
4350.056 1.2102981752800046e-14
4400.056 2.0517147727000052e-14
4450.056 3.2613548899000035e-14
4500.056 5.104335778900015e-14
4550.056 5.5953987122999753e-14
4600.056 1.7077989265999963e-14
4650.056 1.3051066576999969e-14
4700.056 9.796938662099981e-15
4750.056 7.003467655899986e-15
4800.056 5.141619344999985e-15
4850.056 3.405865227199987e-15
4900.056 2.4055138570999955e-15
4950.056 1.8388997029999974e-15
5000.056 1.253533248709995e-15
5050.056 8.838886078300052e-16
5100.056 9.675351040900143e-16
5150.056 1.1377585295500016e-15
5200.056 1.3088428489000053e-15
5250.056 1.4592707451000017e-15
5300.056 1.6222729232000021e-15
5350.056 1.8089156013000024e-15
5400.056 1.972442563800004e-15
5450.056 2.2024689988000205e-15
5500.056 2.492341554000009e-15
5550.056 2.8134346365000024e-15
5600.056 3.1144062978000033e-15
5650.056 3.3601321367999964e-15
5700.056 3.3463107556000076e-15
5750.056 3.339876826000003e-15
5800.056 3.0201164722999895e-15
5850.056 2.1128167353099704e-15
5900.056 5.775592078313584e-16
5950.056 3.728425908440173e-15
6000.056 7.929677979599863e-15
6050.056 1.5133772429200188e-14
6100.056 2.541770442100028e-14
6150.056 3.880483694300025e-14
6200.056 5.6563594839000315e-14
6250.056 7.637440584999993e-14
6300.056 1.071646158619998e-13
6350.056 1.458189979899998e-13
6400.056 1.9309662627000055e-13
6450.056 2.097109006729952e-13
6500.056 2.726543966420039e-13
6550.056 3.790148028749843e-13
6600.056 5.316486744780179e-13
6650.056 7.669506426400087e-13
6700.056 1.0126262131600052e-12
6750.056 1.405101154600008e-12
6800.056 1.605946297600013e-12
6850.056 1.5518042779999982e-12
6900.056 1.0933418909500164e-12
6950.056 6.716599198052123e-13
7000.056 7.686880832489714e-13
7050.056 7.535239635460053e-13
7100.056 8.394534075099795e-13
7150.056 5.620511074821382e-13
7200.056 3.4881358803710937e-13
7250.056 4.257743678183753e-13
7300.056 4.361645289761352e-13
7350.056 6.147910500829602e-13
7400.056 8.182178182960431e-13
7450.056 1.215859267090084e-12
7500.056 1.6120813223400007e-12
7550.056 1.9804955791000077e-12
7600.056 2.2303291620999998e-12
7650.056 1.3244970844239815e-12
7700.056 1.3603753613700204e-12
7750.056 2.9067047778000294e-12
7800.056 3.4064067809199737e-12
7850.056 3.667484398799939e-12
7900.056 4.275158766209915e-12
7950.056 4.957365423529969e-12
8000.056 5.445231011689997e-12
8050.056 6.093400073200097e-12
8100.056 3.619253111366872e-12
8150.056 2.3710297082355464e-12
8200.056 5.209551468753935e-12
8250.056 5.498979757732483e-12
8300.056 6.101147332334292e-12
8350.056 6.2641838342529145e-12
8400.056 7.743118876230443e-12
8450.056 1.2290027500873928e-11
8500.056 1.5608586283699973e-11
8550.056 2.0835573452600376e-11
8600.056 2.6175435085000096e-11
8650.056 2.954712158600022e-11
8700.056 2.747142642200039e-11
8750.056 2.805618440200011e-11
8800.056 2.435350158089924e-11
8850.056 1.4916306120698872e-11
8900.056 7.819190024994221e-13
8950.056 4.5125358740025054e-13
9000.056 4.016622620982786e-13
9050.056 2.45913427626845e-12
9100.056 3.4473607951523315e-12
9150.056 5.279311150645615e-12
9200.056 1.5215530316834445e-11
9250.056 1.0848266310326537e-11
9300.056 7.840486280523e-14
9350.056 1.0677097921481238e-13
9400.056 9.883608540910246e-13
9450.056 8.28151587681654e-13
9500.056 6.279069980320429e-13
9550.056 6.422489281961017e-13
9600.056 7.800867007839369e-13
9650.056 2.108159490037528e-12
9700.056 8.455587255381354e-12
9750.056 5.4933973985651834e-12
9800.056 6.030592001612549e-12
9850.056 6.605618551983415e-12
9900.056 1.0172587793104923e-11
9950.056 8.912116616542661e-12
10000.056 1.0995003187249323e-11
10050.056 1.1777007561700318e-11
10100.056 1.3112971683999873e-11
10150.056 7.86629510900027e-12
10200.056 2.927032200690183e-12
10250.056 4.696084624255488e-12
10300.056 1.0344489419698067e-11
10350.056 4.874611713937043e-12
10400.056 2.1083502084662216e-11
10450.056 4.5901982276023125e-11
10500.056 9.265207870420598e-11
10550.056 1.888088413940059e-10
10600.056 2.726542664160104e-10
10650.056 3.2134391785800907e-10
10700.056 2.8117688599688854e-10
10750.056 3.196084793114349e-10
10800.056 2.97414623786824e-10
10850.056 2.354818340274301e-10
10900.056 1.3374690131376402e-10
10950.056 4.43944364377885e-11
11000.056 1.6741038485210237e-11
11050.056 6.562045983832683e-12
11100.056 1.902418879392365e-12
11150.056 3.832950656461367e-13
11200.056 1.1523874672352435e-13
11250.056 9.520145839392176e-14
11300.056 4.1625198639226723e-13
11350.056 4.1835943423887345e-14
11400.056 6.199029817225896e-13
11450.056 2.834226162922064e-13
11500.056 2.2680881181468742e-13
11550.056 2.530017973888887e-14
11600.056 5.519220799636662e-15
11650.056 7.981141437354062e-14
11700.056 1.0674049333064374e-13
11750.056 1.6065664468915052e-14
11800.056 1.4681506897047322e-13
11850.056 1.5541168431700212e-13
11900.056 1.3099249568650025e-13
11950.056 2.5524370198115795e-13
12000.056 4.955203642443023e-13
12050.056 1.0497035479194746e-12
12100.056 1.5384896191453055e-12
12150.056 2.534052763078527e-12
12200.056 2.8542701652865483e-12
12250.056 8.181725607211553e-12
12300.056 2.1732042279063224e-11
12350.056 2.9057023186773658e-11
12400.056 6.609293840914008e-11
12450.056 1.43785195597307e-10
12500.056 1.799447921135198e-10
12550.056 2.3878257052740296e-10
12600.056 4.3296953656388855e-10
12650.056 6.766522818384249e-10
12700.056 7.015078346032216e-10
12750.056 3.148722422579839e-10
12800.056 1.1890695776607536e-10
12850.056 3.8612750639996025e-11
12900.056 2.4077261379277964e-11
12950.056 1.539187801038686e-11
13000.056 1.8075223721895312e-11
13050.056 8.252667052912051e-12
13100.056 6.2819658774179166e-12
13150.056 2.7001251674735702e-12
13200.056 3.5844339307187743e-12
13250.056 3.320891060684609e-12
13300.056 1.2036192429429038e-12
13350.056 4.4162373022331263e-13
13400.056 1.8867832652874398e-13
13450.056 3.17212519578193e-14
13500.056 6.205637343468231e-15
13550.056 9.480226211133384e-16
13600.056 7.150298209824278e-17
13650.056 1.1848509649176715e-15
13700.056 4.0537077602315987e-16
13750.056 2.3385351281569934e-15
13800.056 1.6133447014750879e-15
13850.056 6.028977952685234e-16
13900.056 1.9968698865564857e-15
13950.056 1.248426778060905e-15
14000.056 2.2002372265444793e-15
14050.056 3.5488471271663972e-15
14100.056 4.33513757036431e-15
14150.056 1.8728020621128014e-14
14200.056 1.0039710634909786e-14
14250.056 1.9985917364881243e-14
14300.056 7.401138182826628e-14
14350.056 6.334018265676005e-14
14400.056 6.271284918638409e-14
14450.056 1.5649909256313872e-13
14500.056 4.226066719779974e-13
14550.056 5.132446094615626e-13
14600.056 5.515118226317944e-13
14650.056 1.7276439638304915e-13
14700.056 6.170223789192476e-14
14750.056 1.1529638979522829e-14
14800.056 2.2366460119924254e-14
14850.056 2.956387478295844e-14
14900.056 2.6934561306882806e-14
14950.056 1.3737574847750474e-14
15000.056 6.064090170573446e-14
15050.056 6.470117042523061e-14
15100.056 2.1662352177020105e-14
15150.056 6.238287804427959e-15
15200.056 4.737495982125603e-14
15250.056 1.1656859095102778e-13
15300.056 1.6035985701078364e-13
15350.056 2.942238424660223e-13
15400.056 3.3272134489759303e-13
15450.056 5.132073290460786e-13
15500.056 6.942271452087737e-13
15550.056 2.3839163523690094e-12
15600.056 4.407828259842246e-12
15650.056 1.1150730258669019e-11
15700.056 2.701066739725193e-11
15750.056 4.888353593208415e-11
15800.056 6.703766070840307e-11
15850.056 9.990113054408961e-11
15900.056 1.293501689085661e-10
15950.056 1.7139310436898462e-10
16000.056 1.4655502480141231e-10
16050.056 8.161475207238976e-11
16100.056 4.011458111280657e-11
16150.056 1.5337987073324763e-11
16200.056 5.7600505137710456e-12
16250.056 2.5238576403285307e-12
16300.056 1.0198329548049797e-12
16350.056 1.5358648002103378e-12
16400.056 2.0495466796908972e-12
16450.056 1.5534689545490513e-12
16500.056 1.121225948537663e-12
16550.056 9.498709096905723e-13
16600.056 3.2443438626574047e-12
16650.056 1.9220069961625166e-12
16700.056 1.7706310688591934e-13
16750.056 8.35284847123856e-13
16800.056 1.5810554497452263e-12
16850.056 1.7449611448568312e-12
16900.056 4.594821463756876e-13
16950.056 2.0814009650557057e-13
17000.056 7.49884166508567e-14
17050.056 1.8888771331363006e-13
17100.056 5.865415934406584e-13
17150.056 2.369587472771061e-13
17200.056 1.7668491249970404e-12
17250.056 4.493928244656448e-13
17300.056 2.7495429687881976e-13
17350.056 3.909926027586959e-13
17400.056 1.1253769814279132e-12
17450.056 1.5372832318549204e-12
17500.056 2.7102877023926818e-12
17550.056 2.414314823955758e-12
17600.056 1.8060273836813187e-12
17650.056 1.1889846883111632e-12
17700.056 9.673951731719094e-13
17750.056 9.56831174014376e-13
17800.056 4.2322161402746406e-12
17850.056 1.0022171558224782e-12
17900.056 7.23469144402939e-13
17950.056 4.837588643684433e-13
18000.056 9.572011555989122e-13
18050.056 5.904262692669725e-13
18100.056 7.822082932719597e-13
18150.056 3.7553310162308047e-13
18200.056 2.765894712643154e-13
18250.056 1.6906863293354402e-12
18300.056 1.0887179413095145e-13
18350.056 8.866280171714945e-14
18400.056 3.7675407866215726e-14
18450.056 6.549233177975325e-13
18500.056 6.351021828329793e-13
18550.056 2.37498074249301e-13
18600.056 5.421852391287277e-13
18650.056 3.528310953732033e-13
18700.056 1.9765105014071096e-14
18750.056 5.346962956366013e-14
18800.056 1.4090481664473134e-12
18850.056 1.2588661419846123e-12
18900.056 1.3953834560248464e-12
18950.056 2.175262995331205e-12
19000.056 2.2062757888968297e-13
19050.056 7.736104528794767e-14
19100.056 3.301443028326322e-13
19150.056 1.0690936993548995e-13
19200.056 2.549202252243605e-13
19250.056 1.752989285294512e-13
19300.056 9.024339151765424e-14
19350.056 8.304811850129074e-14
19400.056 6.450368736829848e-14
19450.056 1.2894431588594438e-13
19500.056 5.627364676647638e-14
19550.056 2.153088612717954e-13
19600.056 7.71012142215705e-13
19650.056 4.0292940962240823e-13
19700.056 6.128510538172215e-13
19750.056 1.3312855027179611e-12
19800.056 5.847449878170202e-13
19850.056 7.017206328154287e-13
19900.056 1.4161000629103115e-12
19950.056 2.3310767166483737e-12
20000.056 3.495311087964853e-12
20050.056 1.9599455962003445e-12
20100.056 3.791492951253716e-12
20150.056 1.980537492050972e-12
20200.056 9.82900362848242e-13
20250.056 3.63690558981168e-12
20300.056 5.208907683428077e-12
20350.056 7.134751222343308e-12
20400.056 4.433862908132431e-12
20450.056 1.113205076772814e-11
20500.056 1.4471318499162542e-11
20550.056 1.8730596647232286e-11
20600.056 2.104298874338637e-11
20650.056 3.0778455428361926e-11
20700.056 3.699872636143101e-11
20750.056 4.996650486157223e-11
20800.056 4.576666145579809e-11
20850.056 6.502474669120194e-11
20900.056 7.489175050849174e-11
20950.056 7.186788202170474e-11
21000.056 7.251576844830556e-11
21050.056 8.413079105199208e-11
21100.056 7.79962728890036e-11
21150.056 7.843070686759747e-11
21200.056 7.011694218837006e-11
21250.056 6.390950980259639e-11
21300.056 4.982483468364597e-11
21350.056 4.916773421050006e-11
21400.056 4.679974623286169e-11
21450.056 3.1352016255387265e-11
21500.056 2.462471156058977e-11
21550.056 2.4378791557910783e-11
21600.056 1.8263955530744955e-11
21650.056 1.0403299809249367e-11
21700.056 6.7071568814632634e-12
21750.056 8.387309063008543e-12
21800.056 4.515777715562652e-12
21850.056 4.686134939699881e-12
21900.056 2.8935261912099478e-12
21950.056 6.392345022140154e-13
22000.056 3.418941730565848e-14
22050.056 1.1344871391155548e-13
22100.056 6.329164400484477e-13
22150.056 3.4787146437779773e-13
22200.056 3.2014324610889685e-13
22250.056 2.364587509044428e-13
22300.056 7.150797639291799e-14
22350.056 1.3597573166806341e-13
22400.056 2.9261941349874065e-14
22450.056 6.559953250321162e-14
22500.056 5.106436411931874e-14
22550.056 1.4317215289119906e-14
22600.056 1.0210915516905872e-14
22650.056 2.5778939222605627e-14
22700.056 2.3736412103076694e-14
22750.056 5.171314778818882e-14
22800.056 5.948019875875605e-14
22850.056 3.632033029336953e-14
22900.056 2.305204023786182e-14
22950.056 1.0962655268915008e-14
23000.056 2.3274381648279362e-14
23050.056 1.9351623857619545e-14
23100.056 3.7886413057487615e-13
23150.056 4.694339865230241e-13
23200.056 4.283543719171153e-15
23250.056 4.1266625969517044e-14
23300.056 3.0904517932941655e-14
23350.056 6.72484436904983e-14
23400.056 4.445643699192425e-14
23450.056 1.4094355972680372e-14
23500.056 1.6184415018237206e-14
23550.056 5.402391869937302e-14
23600.056 2.134980164903948e-13
23650.056 2.833347896719602e-13
23700.056 2.1075401238337764e-14
23750.056 2.6721916071500113e-14
23800.056 2.87170007306074e-13
23850.056 1.3279613191530894e-13
23900.056 4.3997413022748703e-13
23950.056 1.1851594112147352e-13
24000.056 5.553365632463635e-13
24050.056 6.902914957254633e-13
24100.056 1.3379251325522335e-12
24150.056 1.861365130201122e-12
24200.056 8.153411124013179e-13
24250.056 6.252969850946199e-13
24300.056 1.5005587766017508e-12
24350.056 1.187788289927708e-12
24400.056 4.63111983715606e-12
24450.056 5.512261381107211e-12
24500.056 4.534279969096032e-12
24550.056 8.708956298335543e-12
24600.056 9.460567480262514e-12
24650.056 1.8992940373265653e-11
24700.056 1.0002867491664955e-11
24750.056 1.4722153995173865e-11
24800.056 1.0347956267574778e-11
24850.056 2.0290727776585352e-11
24900.056 7.69426883487257e-12
24950.056 1.5614760586669403e-11
25000.056 1.8542133513354565e-11
25050.056 1.0586929155273815e-11
25100.056 1.7915164310541717e-11
25150.056 6.111751970454047e-12
25200.056 9.533580494276494e-12
25250.056 2.950660488740868e-12
25300.056 3.2122844550233037e-12
25350.056 1.4357892100031267e-12
25400.056 3.988344530146034e-12
25450.056 7.759086044512173e-13
25500.056 5.677943423381437e-13
25550.056 1.7242912548547168e-12
25600.056 5.642508115793418e-13
25650.056 2.2767605760496e-13
25700.056 1.4186333140981534e-13
25750.056 3.9516424619136786e-14
25800.056 2.6905112971689974e-13
25850.056 3.135166661535776e-14
25900.056 4.012758157041024e-14
25950.056 1.0221998214259869e-14
26000.056 1.6752312974122468e-13
26050.056 1.394584211502318e-14
26100.056 6.904438914091939e-14
26150.056 2.3648222456918962e-14
26200.056 3.517602254847144e-14
26250.056 3.748577541341101e-13
26300.056 4.340725328662017e-14
26350.056 1.2337925094399523e-12
26400.056 3.1051495825112625e-12
26450.056 1.3899905750716096e-12
26500.056 5.4193480702163895e-12
26550.056 1.82014376694247e-13
26600.056 1.7397884999900545e-13
26650.056 2.145905419971217e-14
26700.056 1.81238500887649e-14
26750.056 3.2483833543576643e-14
26800.056 1.458314842947734e-13
26850.056 8.150441394017824e-14
26900.056 4.971839228784886e-13
26950.056 1.0455341011066152e-13
27000.056 7.418315145971306e-13
27050.056 1.4793420089678402e-12
27100.056 4.8399731839332004e-14
27150.056 1.100973342949512e-12
27200.056 5.4793839902497665e-14
27250.056 2.821299224187376e-13
27300.056 4.5874406372921435e-12
27350.056 9.144936111359256e-13
27400.056 4.001600285771291e-14
27450.056 1.6195989400107317e-12
27500.056 2.1537033666997465e-12
27550.056 2.1906013171947246e-13
27600.056 8.635741787641133e-13
27650.056 1.7494668242364108e-13
27700.056 2.081779024811773e-13
27750.056 1.842608837414632e-12
27800.056 4.473030350730291e-13
27850.056 1.0660278478609249e-12
27900.056 1.2517285694340868e-12
27950.056 3.114505209832109e-12
28000.056 4.056288534537665e-12
28050.056 2.310126617889924e-13
28100.056 3.938546198169986e-12
28150.056 2.9240621869608297e-12
28200.056 4.3252365519161125e-13
28250.056 5.6355227228856655e-12
28300.056 4.831213286886667e-12
28350.056 5.647731495880617e-13
28400.056 2.8626004391237998e-12
28450.056 6.497810265142786e-12
28500.056 2.777538128185139e-12
28550.056 4.871898460892033e-13
28600.056 5.9013809043599036e-12
28650.056 2.6775366946886778e-12
28700.056 6.862128702519675e-12
28750.056 9.812280140691907e-12
28800.056 2.263930163144071e-12
