galfind/configs/Brown_Dwarf_templates/sonora_bobcat/m+0.5/178g/sp_t425g178nc_m+0.5_resample.dat
# %ECSV 1.0
# ---
# datatype:
# - {name: wav, unit: Angstrom, datatype: float64}
# - {name: flux_nu, unit: erg / (cm2 Hz s), datatype: float64}
# meta: {C/O: '1.00', Kzz: '1.0000E+05', Teff: '425.', Y: '0.28', '[Fe/H]': '0.50', f_hole: '1.00', f_rain: '0.00', grav: '178.'}
# schema: astropy-2.0
wav flux_nu
[from data line 498]
28900.056 1.0903960416913135e-10
28950.056 1.6516544315353123e-10
29000.056 1.0683475976276957e-10
29050.056 1.677142158366781e-10
29100.056 8.815751778268714e-11
29150.056 1.1335965255169554e-10
29200.056 2.2114577796029214e-10
29250.056 2.755512326935056e-10
29300.056 1.3083623504736758e-10
29350.056 3.716926452360701e-10
29400.056 1.7212693153683918e-10
29450.056 1.152383887025725e-10
29500.056 3.5199849922946923e-10
29550.056 1.3134655311314348e-10
29600.056 1.821385795715807e-10
29650.056 4.980404613095003e-10
29700.056 1.212133952890233e-10
29750.056 3.544244677220089e-10
29800.056 2.764254974514802e-10
29850.056 4.0695402753508267e-10
29900.056 2.2128394451322944e-10
29950.056 2.854296009504869e-10
30000.056 5.362532942239548e-12
30050.056 3.003579387488312e-11
30100.056 1.1640917097645052e-10
30150.056 3.8999136104863565e-10
30200.056 2.611557957542807e-10
30250.056 5.273127752132276e-10
30300.056 7.578082981870112e-10
30350.056 2.014301828333807e-10
30400.056 6.810527350464674e-10
30450.056 4.5653671937044765e-10
30500.056 3.482168799479927e-10
30550.056 2.842644514464759e-10
30600.056 1.3384013511249283e-09
30650.056 6.222932579854456e-10
30700.056 3.913652051437023e-10
30750.056 8.040375554943878e-10
30800.056 5.716464129407046e-10
30850.056 6.809979321486667e-10
30900.056 3.424418942137508e-10
30950.056 3.5664307422447027e-10
31000.056 4.0500674959644906e-10
31050.056 2.888829758513202e-10
31100.056 1.830740381355172e-10
31150.056 3.4744293241915377e-10
31200.056 8.263921357430678e-10
31250.056 4.85523062851107e-10
31300.056 3.020096418210521e-10
31350.056 6.15472180747747e-10
31400.056 4.1907993599950507e-10
31450.056 4.33042476948219e-10
31500.056 1.6947772358690504e-10
31550.056 2.8026423415855514e-10
31600.056 1.881215137288946e-10
31650.056 1.7574106282305695e-10
31700.056 1.6557784829808667e-10
31750.056 8.39922686557847e-11
31800.056 1.6676538843516572e-10
31850.056 3.2168101693751565e-11
31900.056 7.574924520217476e-11
31950.056 4.82959734722679e-11
32000.056 3.687150625634689e-11
32050.056 6.046393766122947e-11
32100.056 5.250053041298012e-11
32150.056 5.695855851687198e-11
32200.056 2.6607180672944215e-11
32250.056 7.27359831369846e-11
32300.056 2.150237862817308e-11
32350.056 6.767601939781671e-11
32400.056 1.1667007610856353e-11
32450.056 5.120095945689405e-11
32500.056 1.394712860768851e-11
32550.056 3.8004250302726806e-11
32600.056 1.628859160061383e-11
32650.056 1.0983685061508022e-10
32700.056 2.532204129712757e-11
32750.056 2.070005158285012e-10
32800.056 1.0865052292573458e-10
32850.056 3.5540094696895875e-10
32900.056 2.981188779999916e-10
32950.056 3.2754476352447043e-10
33000.056 1.1190605874095435e-10
33050.056 1.5614458559035725e-10
33100.056 3.210918896527157e-11
33150.056 8.779455181470704e-15
33200.056 7.387722448924532e-13
33250.056 9.60745651712846e-13
33300.056 8.440726096789078e-12
33350.056 2.7972296278335783e-11
33400.056 1.0649647974545513e-10
33450.056 7.248523974309354e-11
33500.056 2.5355718099183645e-10
33550.056 5.117922634167759e-11
33600.056 1.503203599468982e-10
33650.056 1.3329974136396905e-10
33700.056 4.984772474971328e-11
33750.056 2.0251305878636003e-10
33800.056 2.0793590637103127e-11
33850.056 9.985676949899349e-11
33900.056 1.0871472673884967e-10
33950.056 8.238690731481446e-11
34000.056 1.971375134439616e-10
34050.056 3.028482569514097e-11
34100.056 1.7950946001906768e-10
34150.056 7.811696434990189e-11
34200.056 2.1101059600075655e-10
34250.056 1.2211889777443385e-10
34300.056 1.268568311206704e-10
34350.056 2.514281235619761e-10
34400.056 7.78693285669082e-11
34450.056 2.446012007049465e-10
34500.056 1.257258595986326e-10
34550.056 8.227246261981171e-11
34600.056 3.9559969872563993e-10
34650.056 6.895542441438534e-11
34700.056 2.881225187005065e-10
34750.056 1.80363455362761e-10
34800.056 1.6730543353207815e-10
34850.056 4.6385956844705726e-10
34900.056 1.2590440201860194e-10
34950.056 4.1637562861754264e-10
35000.056 7.903606128677023e-10
35050.056 3.555274910121721e-10
35100.056 8.068338641294155e-10
35150.056 6.324986220118361e-10
35200.056 5.578468761763856e-10
35250.056 1.0048370588149088e-09
35300.056 4.3584974905037833e-10
35350.056 5.413162821911068e-10
35400.056 4.3878820496371925e-10
35450.056 3.8247987714065313e-10
35500.056 1.3426521854364472e-09
35550.056 7.728212076982083e-10
35600.056 8.63374672517418e-10
35650.056 9.477151152935862e-10
35700.056 1.0184022571539834e-09
35750.056 1.4069601856079353e-09
35800.056 1.307315272026954e-09
35850.056 4.811927078625538e-10
35900.056 6.472920121606414e-10
35950.056 8.276740556172527e-10
36000.056 1.0419715683170756e-09
36050.056 7.081397793781406e-10
36100.056 6.660244749202879e-10
36150.056 1.4753006414626493e-09
36200.056 1.5844160688198123e-09
36250.056 1.1019432796649757e-09
36300.056 2.4955808667732736e-09
36350.056 1.3838418086953487e-09
36400.056 2.267258367462601e-09
36450.056 2.3413991402587836e-09
36500.056 2.5688419939224516e-09
36550.056 3.4195908963962876e-09
36600.056 3.604899344160251e-09
36650.056 2.691438123277813e-09
36700.056 3.0011868533520654e-09
36750.056 3.680597512882069e-09
36800.056 4.277255926644478e-09
36850.056 2.2453997249620134e-09
36900.056 4.0288707346374075e-09
36950.056 4.276578579182002e-09
37000.056 2.926110224854326e-09
37050.056 4.685317547592606e-09
37100.056 3.396689530579861e-09
37150.056 3.1370158006366663e-09
37200.056 5.4646059267921995e-09
37250.056 3.5122527859012448e-09
37300.056 2.558081668733135e-09
37350.056 4.506276401983173e-09
37400.056 6.8862024068906705e-09
37450.056 2.804814112687997e-09
37500.056 4.023208296855128e-09
37550.056 6.909871928745915e-09
37600.056 1.0368048476681158e-08
37650.056 3.3364913425524623e-09
37700.056 6.756929441026547e-09
37750.056 4.43620848461211e-09
37800.056 4.418358398059489e-09
37850.056 2.2529732775777985e-09
37900.056 3.1342774758519093e-09
37950.056 6.274370089888681e-09
38000.056 6.01249078708943e-09
38050.056 8.473669660057699e-09
38100.056 9.770674895734646e-09
38150.056 1.07318346240072e-08
38200.056 9.2412979100823e-09
38250.056 9.899900270113002e-09
38300.056 1.4845932770134495e-08
38350.056 1.4304966510236869e-08
38400.056 5.872146080610407e-09
38450.056 2.9727326307093986e-09
38500.056 1.8474824483085549e-09
38550.056 6.273233209371729e-09
38600.056 6.378637037157365e-09
38650.056 7.703387175089627e-09
38700.056 5.459868643909229e-09
38750.056 6.58976216773231e-09
38800.056 6.8366822965881595e-09
38850.056 7.779824208848653e-09
38900.056 1.0084690622563447e-08
38950.056 6.121751185802074e-09
39000.056 1.0577868675942522e-08
39050.056 6.127219399297318e-09
39100.056 9.341099223116365e-09
39150.056 1.214241161654199e-08
39200.056 8.539237822291433e-09
39250.056 1.4317874480726861e-08
39300.056 8.893964767714082e-09
39350.056 1.7264647541029354e-08
39400.056 9.370657436786298e-09
39450.056 1.3582396345652293e-08
39500.056 1.3855238342396304e-08
39550.056 7.206694165154571e-09
39600.056 1.3784172603424194e-08
39650.056 1.640227143478645e-08
39700.056 1.5767056862782724e-08
39750.056 8.580428553616022e-09
39800.056 9.788399970675077e-09
39850.056 1.9717939162703355e-08
39900.056 2.2735446856601053e-08
39950.056 1.023525214989091e-08
40000.056 1.859788314335286e-08
40050.056 1.9456046975938862e-08
40100.056 8.044295778116028e-09
40150.056 1.8609863031629287e-08
40200.056 1.95887066025532e-08
40250.056 2.20638882806716e-08
40300.056 2.1263998098848405e-08
40350.056 1.4180704449030289e-08
40400.056 2.043185244633873e-08
40450.056 1.1010782212007212e-08
40500.056 2.490352419520062e-08
40550.056 2.6832165632609195e-08
40600.056 1.9871990200501233e-08
40650.056 1.572197813287317e-08
40700.056 3.214802940742629e-08
40750.056 2.0461155136593605e-08
40800.056 1.3242113856127289e-08
40850.056 3.8227650322411455e-08
40900.056 3.027606548837834e-08
40950.056 2.703010704918833e-08
41000.056 2.1434768803477466e-08
41050.056 3.965496376228637e-08
41100.056 3.188427768712033e-08
41150.056 1.366465510944028e-08
41200.056 4.037926850463552e-08
41250.056 2.8953213859324566e-08
41300.056 3.000950621161248e-08
41350.056 4.008709627279489e-08
41400.056 3.437467227299992e-08
41450.056 4.724807282778792e-08
41500.056 3.0173404439315105e-08
41550.056 2.7433705699820144e-08
41600.056 2.997827514091719e-08
41650.056 3.9401232264403165e-08
41700.056 4.737688617798455e-08
41750.056 3.7771023808092254e-08
41800.056 3.995543592871164e-08
41850.056 3.7319076954991144e-08
41900.056 3.3658957467625754e-08
41950.056 3.434441571205193e-08
42000.056 2.1446586202655078e-08
42050.056 2.58991136390136e-08
42100.056 2.996609623662546e-08
42150.056 3.032956015173085e-08
42200.056 3.440357731175903e-08
42250.056 2.7656429902704208e-08
42300.056 2.6999572520263627e-08
42350.056 4.19274867649026e-08
42400.056 4.821956045420618e-08
42450.056 4.5087498290515054e-08
42500.056 4.32308543798923e-08
42550.056 3.6891406741388265e-08
42600.056 4.136994456728005e-08
42650.056 6.558965541157474e-08
42700.056 3.190647387191662e-08
42750.056 4.4467509212906956e-08
42800.056 6.37041471070114e-08
42850.056 6.500156479697904e-08
42900.056 7.066365372891615e-08
42950.056 5.469947084419186e-08
43000.056 6.225782853781172e-08
43050.056 3.217675426260433e-08
43100.056 4.9686143860992085e-08
43150.056 4.027929226990617e-08
43200.056 6.592630593100688e-08
43250.056 8.474426390600326e-08
43300.056 8.085361097699704e-08
43350.056 4.307553014468675e-08
43400.056 6.234695321830283e-08
43450.056 4.0168667631702994e-08
43500.056 4.007475272741105e-08
43550.056 4.549260766597825e-08
43600.056 7.348263152341033e-08
43650.056 4.700284961180124e-08
43700.056 8.657612797802206e-08
43750.056 7.398505893399533e-08
43800.056 6.788004510089242e-08
43850.056 5.8793945728903287e-08
43900.056 4.8403232440263044e-08
43950.056 3.0097721783096845e-08
44000.056 3.118577401439741e-08
44050.056 8.042596473700019e-08
44100.056 1.0789706579799534e-07
44150.056 9.510108348220062e-08
44200.056 8.383395753999975e-08
44250.056 4.4242641069196374e-08
44300.056 3.658657036190628e-08
44350.056 4.076081545689413e-08
44400.056 3.690884500609476e-08
44450.056 6.86057860530997e-08
44500.056 6.354197243761183e-08
44550.056 9.278938338999153e-08
44600.056 8.12596894154679e-08
44650.056 6.780664216460909e-08
44700.056 4.408338062819792e-08
44750.056 7.435619426751705e-08
44800.056 4.784299006826539e-08
44850.056 6.61139873795058e-08
44900.056 5.7695326894202974e-08
44950.056 7.041588544280743e-08
45000.056 8.326027461800419e-08
45050.056 7.333951138998934e-08
45100.056 6.551295471860018e-08
45150.056 5.85636048262775e-08
45200.056 4.627337960320365e-08
45250.056 5.469371847418388e-08
45300.056 4.8684902403607776e-08
45350.056 4.044166069141403e-08
45400.056 1.0937204364501562e-07
45450.056 8.511176095990883e-08
45500.056 1.1161038130180706e-07
45550.056 1.1386898533396377e-07
45600.056 9.629691210702087e-08
45650.056 7.645965052240259e-08
45700.056 4.90461459083956e-08
45750.056 4.5767744699402815e-08
45800.056 1.1813354606100186e-07
45850.056 9.020416834069201e-08
45900.056 1.1716806297599046e-07
45950.056 9.869363747899916e-08
46000.056 1.0945819174201137e-07
46050.056 7.78439666724084e-08
46100.056 1.33986485496986e-07
46150.056 7.342184747780652e-08
46200.056 6.260228295638937e-08
46250.056 2.528467248936371e-08
46300.056 7.559260182620146e-08
46350.056 7.974206070541106e-08
46400.056 6.911788885820035e-08
46450.056 6.423238441678535e-08
46500.056 7.537209244611743e-08
46550.056 3.772441510480312e-08
46600.056 5.945270896587101e-08
46650.056 9.481413097220733e-08
46700.056 5.7970996917581927e-08
46750.056 2.9758394863365705e-08
46800.056 1.938255897768037e-08
46850.056 9.148943901001538e-08
46900.056 9.069790987199796e-08
46950.056 9.079263391999057e-08
47000.056 8.71676798310158e-08
47050.056 6.140992767904442e-08
47100.056 4.1653914286336195e-08
47150.056 6.868977431000995e-08
47200.056 7.87276067791962e-08
47250.056 4.318139560589453e-08
47300.056 2.792352505678897e-08
47350.056 9.378416877600173e-08
47400.056 7.908366128999165e-08
47450.056 6.43910072324447e-08
47500.056 9.985319615479216e-08
47550.056 8.503725236200614e-08
47600.056 7.965714924499475e-08
47650.056 8.266128413339803e-08
47700.056 6.1248017355815e-08
47750.056 4.47576905380029e-08
47800.056 3.6750663390205213e-08
47850.056 1.7982997542673907e-08
47900.056 2.901065590013723e-08
47950.056 6.845683713360553e-08
48000.056 9.814539431200739e-08
48050.056 8.076834458020202e-08
48100.056 3.198606888576439e-08
48150.056 6.150279199500148e-08
48200.056 4.0198556626059434e-08
48250.056 5.021737247399953e-08
48300.056 9.277552321798887e-08
48350.056 5.254064097499539e-08
48400.056 1.3413625198866284e-08
48450.056 2.8450867440253277e-08
48500.056 4.836986849998794e-08
48550.056 5.293919298694507e-08
48600.056 6.970488938799856e-08
48650.056 9.253716078999133e-08
48700.056 5.8118424758608744e-08
48750.056 3.9703567516216924e-08
48800.056 8.072327154400125e-08
48850.056 4.14456704071028e-08
48900.056 5.535549447913408e-08
48950.056 2.879907100420052e-08
49000.056 1.4616372034482651e-08
49050.056 4.9994418351992785e-08
49100.056 6.714264607134371e-08
49150.056 4.847944787667654e-08
49200.056 8.074533811201694e-08
49250.056 8.226870857900641e-08
49300.056 6.723186928919921e-08
49350.056 2.4583873896755726e-08
49400.056 3.7694090116489e-08
49450.056 3.655933517845488e-08
49500.056 2.779920874997654e-08
49550.056 5.840750571713206e-09
49600.056 1.741512614240736e-08
49650.056 4.2689656548902235e-08
49700.056 4.68337903781831e-08
49750.056 4.6418194583150204e-08
49800.056 2.8783119754355812e-08
49850.056 6.453524071421173e-08
49900.056 5.150025984959418e-08
49950.056 5.2735241661001526e-08
50000.056 3.8488834897587687e-08
50050.056 4.8245720279601345e-08
50100.056 3.712706876479779e-08
50150.056 1.7017208313906376e-08
50200.056 2.8803320628813246e-09
50250.056 1.9170308110499248e-08
50300.056 1.2287957833114123e-08
50350.056 4.4224322103307205e-08
50400.056 4.624573185159305e-08
50450.056 3.538662343786288e-08
50500.056 5.643011412130346e-08
50550.056 4.703876588000409e-08
50600.056 3.459935201369021e-08
50650.056 5.955375623400973e-08
50700.056 5.7319914151989764e-08
50750.056 3.577232871400312e-08
50800.056 1.1688467973485699e-08
50850.056 6.072022629413032e-09
50900.056 3.93997886780021e-08
50950.056 3.4294694934997066e-08
51000.056 2.778924883773333e-08
51050.056 4.2525797592393923e-08
51100.056 1.5026468605736132e-08
51150.056 1.7129070483056428e-08
51200.056 5.375437600199887e-08
51250.056 3.724909805361404e-08
51300.056 2.483526380181039e-08
51350.056 2.3041627530610878e-08
51400.056 7.266004888012264e-09
51450.056 5.740822668297871e-09
51500.056 5.665781317466467e-09
51550.056 2.314730738464411e-08
51600.056 1.955746542817554e-08
51650.056 2.6131270959598032e-08
51700.056 2.7645439209500948e-08
51750.056 1.736325897387885e-08
51800.056 3.3199783058994925e-08
51850.056 2.669692218899795e-08
51900.056 3.341642960799782e-08
51950.056 1.8204187790597937e-08
52000.056 1.7228384961733131e-09
52050.056 9.653189188801374e-09
52100.056 5.4194982775491e-09
52150.056 2.9680246452599665e-09
52200.056 9.958485660519845e-09
52250.056 1.577046175965464e-08
52300.056 2.0973102242198653e-08
52350.056 6.602988824615848e-09
52400.056 7.0211536173060865e-09
52450.056 2.698916550340214e-08
52500.056 1.999685181383321e-08
52550.056 2.3582866492998408e-08
52600.056 1.7562181789679245e-08
52650.056 2.121750247750164e-08
52700.056 1.5135926301929057e-08
52750.056 5.412006149974432e-09
52800.056 1.059361676906163e-08
52850.056 1.2247123294716564e-08
52900.056 4.973222331601758e-09
52950.056 8.580745536631163e-09
53000.056 1.5377436735003396e-08
53050.056 5.692270415100176e-09
53100.056 1.9266190038697957e-08
53150.056 1.9996329325601402e-08
53200.056 9.31385169874937e-09
53250.056 1.819755890715117e-08
53300.056 2.262053771329709e-08
53350.056 1.6883393794641325e-08
53400.056 1.0630740101797024e-08
53450.056 3.600512904138647e-09
53500.056 5.533111141037824e-10
53550.056 1.6528908510160507e-09
53600.056 8.741375509421542e-09
