galfind/configs/Brown_Dwarf_templates/sonora_bobcat/m+0.5/178g/sp_t650g178nc_m+0.5_resample.dat
# %ECSV 1.0
# ---
# datatype:
# - {name: wav, unit: Angstrom, datatype: float64}
# - {name: flux_nu, unit: erg / (cm2 Hz s), datatype: float64}
# meta: {C/O: '1.00', Kzz: '1.0000E+05', Teff: '650.', Y: '0.28', '[Fe/H]': '0.50', f_hole: '1.00', f_rain: '0.00', grav: '178.'}
# schema: astropy-2.0
wav flux_nu
[from data line 498]
28900.056 3.6428042711800654e-09
28950.056 8.035669441794355e-09
29000.056 6.178255872624988e-09
29050.056 7.553695523373178e-09
29100.056 5.234038526568223e-09
29150.056 8.43843338321179e-09
29200.056 6.83881224689279e-09
29250.056 1.1097006389005327e-08
29300.056 4.930075035457454e-09
29350.056 1.6602278163963812e-08
29400.056 7.444551971889931e-09
29450.056 8.253497236617143e-09
29500.056 1.0866882167972059e-08
29550.056 7.78382746519336e-09
29600.056 1.030860176625267e-08
29650.056 1.3454160642977364e-08
29700.056 6.950864267710052e-09
29750.056 1.2168041051503228e-08
29800.056 1.2016773058255222e-08
29850.056 1.412748888978413e-08
29900.056 1.2491058460972637e-08
29950.056 1.1366577664857896e-08
30000.056 1.3308917029347356e-09
30050.056 3.0099195703114627e-09
30100.056 4.887472707338739e-09
30150.056 1.0461816617458533e-08
30200.056 8.194850033545273e-09
30250.056 1.7252165257372282e-08
30300.056 1.73362264912194e-08
30350.056 1.0697843950714275e-08
30400.056 1.8389272181926432e-08
30450.056 1.122309738327303e-08
30500.056 1.096482005194161e-08
30550.056 1.0558839607658067e-08
30600.056 1.6534586423366065e-08
30650.056 1.0714475910902608e-08
30700.056 9.188814580991827e-09
30750.056 1.332260850530289e-08
30800.056 9.471352860395538e-09
30850.056 1.0002291773013725e-08
30900.056 6.436326050221116e-09
30950.056 7.438978110731277e-09
31000.056 6.461536016871525e-09
31050.056 6.363725005595038e-09
31100.056 4.592676850291443e-09
31150.056 7.1747915111526655e-09
31200.056 8.248898591587779e-09
31250.056 5.737585956099813e-09
31300.056 4.462904573766756e-09
31350.056 5.775546987180712e-09
31400.056 4.2595602945996614e-09
31450.056 4.5928064179366155e-09
31500.056 2.9181519809226046e-09
31550.056 3.6781123312496537e-09
31600.056 2.4251062231025314e-09
31650.056 2.4434056186628285e-09
31700.056 2.6428457708019605e-09
31750.056 1.640812260047737e-09
31800.056 2.7433922345554344e-09
31850.056 1.2553421705803134e-09
31900.056 1.8841584816351426e-09
31950.056 1.1800105701156814e-09
32000.056 1.5092816157332131e-09
32050.056 1.7553650831088548e-09
32100.056 1.6259940983901648e-09
32150.056 1.9349922146519896e-09
32200.056 1.2791244963794425e-09
32250.056 2.3992678843033784e-09
32300.056 1.2475020930661551e-09
32350.056 2.3125716367516397e-09
32400.056 1.1267148230798894e-09
32450.056 2.0801332799360933e-09
32500.056 1.3603923074995615e-09
32550.056 1.6803930878622207e-09
32600.056 1.8803362197064893e-09
32650.056 3.6285726169928036e-09
32700.056 2.375210307916202e-09
32750.056 4.366448583862043e-09
32800.056 3.6461688787172886e-09
32850.056 5.039185747629394e-09
32900.056 5.104327037159756e-09
32950.056 5.727804780908695e-09
33000.056 4.129834449596832e-09
33050.056 4.55092161104121e-09
33100.056 1.5785263160984613e-09
33150.056 4.5051418528192975e-11
33200.056 1.2615808740689616e-10
33250.056 8.134598135963128e-11
33300.056 1.8537053255053078e-10
33350.056 5.158940911009035e-10
33400.056 1.0838502914464115e-09
33450.056 1.4946284313605848e-09
33500.056 3.273076279252885e-09
33550.056 1.7396153857709764e-09
33600.056 3.66866986303646e-09
33650.056 3.4662853996677263e-09
33700.056 2.5207321564527943e-09
33750.056 4.639375477855011e-09
33800.056 2.108732057349553e-09
33850.056 3.4727760788539177e-09
33900.056 2.9309850063488706e-09
33950.056 2.809607060908731e-09
34000.056 4.447572998437292e-09
34050.056 1.4931727684189847e-09
34100.056 4.113161665990152e-09
34150.056 2.6052685893489706e-09
34200.056 3.772841764065977e-09
34250.056 3.1932044247716864e-09
34300.056 2.7955890222272215e-09
34350.056 3.04053666313652e-09
34400.056 1.9681814653409836e-09
34450.056 3.6507546761432214e-09
34500.056 2.9526859474705057e-09
34550.056 1.8028649315977913e-09
34600.056 4.690546019920585e-09
34650.056 2.2074979291484525e-09
34700.056 4.035425513357442e-09
34750.056 3.3192407567729127e-09
34800.056 2.826703063492225e-09
34850.056 4.342079067154002e-09
34900.056 3.533618322591117e-09
34950.056 4.722469729208193e-09
35000.056 8.287695434726008e-09
35050.056 3.953639065735309e-09
35100.056 6.7824288496066055e-09
35150.056 5.7957286092887235e-09
35200.056 6.143156397841221e-09
35250.056 9.127579041641358e-09
35300.056 5.77134584129368e-09
35350.056 6.3507974530699725e-09
35400.056 7.15970052292922e-09
35450.056 4.788620072778815e-09
35500.056 1.2113274403531857e-08
35550.056 9.852129645343352e-09
35600.056 8.348839758286964e-09
35650.056 9.257545303766828e-09
35700.056 8.636492647787774e-09
35750.056 1.23906346462834e-08
35800.056 1.5225440249068844e-08
35850.056 7.564356206237796e-09
35900.056 1.0407395231475897e-08
35950.056 1.0827978224781482e-08
36000.056 1.100578895805158e-08
36050.056 9.119075903244335e-09
36100.056 9.411565143001833e-09
36150.056 1.2088231059246933e-08
36200.056 1.3260921368218857e-08
36250.056 1.13503284952229e-08
36300.056 1.669427837352743e-08
36350.056 1.3610150042528597e-08
36400.056 1.5193716978526368e-08
36450.056 1.8075141936048808e-08
36500.056 2.0336718684030693e-08
36550.056 2.051118491754069e-08
36600.056 2.4776154319693457e-08
36650.056 2.2190481532916566e-08
36700.056 2.3733100487576474e-08
36750.056 2.6795651313459714e-08
36800.056 2.7250085297299316e-08
36850.056 2.2064119153402246e-08
36900.056 2.8759313455214118e-08
36950.056 2.9976201267594256e-08
37000.056 2.5287857689993183e-08
37050.056 2.9126332976576772e-08
37100.056 3.0346298826062054e-08
37150.056 2.5193948856793057e-08
37200.056 3.311700206809007e-08
37250.056 2.987727010779502e-08
37300.056 2.578125483312059e-08
37350.056 3.122323380579307e-08
37400.056 4.633682381923212e-08
37450.056 2.920101253054507e-08
37500.056 3.0926949934583374e-08
37550.056 4.160770774493393e-08
37600.056 5.0159303284649366e-08
37650.056 2.830135894483021e-08
37700.056 4.873074342846411e-08
37750.056 3.338859278004267e-08
37800.056 3.576824417253559e-08
37850.056 2.2642034086859615e-08
37900.056 2.887120745807533e-08
37950.056 4.0805719688540815e-08
38000.056 4.615293477253922e-08
38050.056 4.78168515612198e-08
38100.056 5.088014078021008e-08
38150.056 5.653838676099975e-08
38200.056 5.914711254881557e-08
38250.056 5.3929574457095735e-08
38300.056 7.588124714138257e-08
38350.056 7.58049018658212e-08
38400.056 4.267927590790202e-08
38450.056 3.9820337687347795e-08
38500.056 2.6112891999438737e-08
38550.056 4.7571088838419454e-08
38600.056 4.864993411919931e-08
38650.056 4.9411955546387604e-08
38700.056 4.903204291022066e-08
38750.056 5.374683829772875e-08
38800.056 4.916526136590816e-08
38850.056 5.265010461406797e-08
38900.056 7.07693808111171e-08
38950.056 5.1381661102313154e-08
39000.056 6.407218935765297e-08
39050.056 5.280011463881218e-08
39100.056 6.242952625839301e-08
39150.056 6.599749548105593e-08
39200.056 6.249365497451833e-08
39250.056 7.788725940759317e-08
39300.056 5.988365057977118e-08
39350.056 9.046655870200555e-08
39400.056 6.618266640292751e-08
39450.056 7.660575677347951e-08
39500.056 7.899092618542633e-08
39550.056 6.909625106333352e-08
39600.056 8.317147416328495e-08
39650.056 9.053721045718212e-08
39700.056 8.734605834221451e-08
39750.056 6.561051841883244e-08
39800.056 7.716813053539342e-08
39850.056 1.0713717668500652e-07
39900.056 1.0697446721900614e-07
39950.056 8.235194813597952e-08
40000.056 1.1807557828402874e-07
40050.056 1.0308857652439451e-07
40100.056 7.324105123140981e-08
40150.056 1.0555951393319239e-07
40200.056 1.1123079891915749e-07
40250.056 1.15371545222458e-07
40300.056 1.1121024900401317e-07
40350.056 1.0463270052418296e-07
40400.056 1.3155417492793419e-07
40450.056 9.92540244375064e-08
40500.056 1.351267977389759e-07
40550.056 1.336099443931506e-07
40600.056 1.2525313095401788e-07
40650.056 1.0452202578466206e-07
40700.056 1.612111996479911e-07
40750.056 1.224753712239817e-07
40800.056 9.521927905024338e-08
40850.056 1.7566207880804875e-07
40900.056 1.5777218749561434e-07
40950.056 1.3990867159541168e-07
41000.056 1.3671048701469412e-07
41050.056 1.8501001138195596e-07
41100.056 1.5409422975100452e-07
41150.056 9.964298455532599e-08
41200.056 1.8350711511339743e-07
41250.056 1.451667679823799e-07
41300.056 1.362034400521665e-07
41350.056 1.920676187870085e-07
41400.056 1.713312246210213e-07
41450.056 1.9194099096698682e-07
41500.056 1.4389367265135953e-07
41550.056 1.4219146584413477e-07
41600.056 1.7222081956229427e-07
41650.056 1.8301443681119657e-07
41700.056 1.7148402653393438e-07
41750.056 1.6995270398197866e-07
41800.056 2.0196835072502984e-07
41850.056 1.510248480914877e-07
41900.056 1.6386998240586104e-07
41950.056 1.6369185426903435e-07
42000.056 1.5285380752726074e-07
42050.056 1.4360997003167675e-07
42100.056 1.9591137686117776e-07
42150.056 1.529528864504079e-07
42200.056 1.4620694971650528e-07
42250.056 1.4718033008298406e-07
42300.056 1.4580696046740564e-07
42350.056 1.8205291661102753e-07
42400.056 1.8282528771303983e-07
42450.056 1.6444658530504983e-07
42500.056 1.5805286962798384e-07
42550.056 1.4861443221197112e-07
42600.056 1.6167345051774046e-07
42650.056 2.1213128065392422e-07
42700.056 1.5929964320456227e-07
42750.056 1.61840416221005e-07
42800.056 1.8872704928903452e-07
42850.056 2.0782089204692986e-07
42900.056 2.2195597689006322e-07
42950.056 1.7788084145995634e-07
43000.056 1.991442208860309e-07
43050.056 1.2912922721344126e-07
43100.056 1.7262766776796153e-07
43150.056 1.599839998621202e-07
43200.056 2.0555909946800453e-07
43250.056 2.493706022830157e-07
43300.056 2.442864560560037e-07
43350.056 1.553238864789624e-07
43400.056 1.935555393999881e-07
43450.056 1.5970556485362656e-07
43500.056 1.5526343321401967e-07
43550.056 1.6495607188034025e-07
43600.056 2.29931265541029e-07
43650.056 1.6818378044380677e-07
43700.056 2.382896738170432e-07
43750.056 2.1490838159002638e-07
43800.056 2.0145793983197796e-07
43850.056 1.7691710369301824e-07
43900.056 1.8202863754198343e-07
43950.056 1.268220635229923e-07
44000.056 1.2272768799449454e-07
44050.056 2.2911758238900946e-07
44100.056 2.804244213360089e-07
44150.056 2.5898414643377887e-07
44200.056 2.285221461269927e-07
44250.056 1.6073322825601038e-07
44300.056 1.3648830765922613e-07
44350.056 1.5752464053174668e-07
44400.056 1.508279544395903e-07
44450.056 2.0870326109896805e-07
44500.056 2.0746984419505166e-07
44550.056 2.6701152936996826e-07
44600.056 2.2620111340281556e-07
44650.056 2.224190230270427e-07
44700.056 1.5618064580000017e-07
44750.056 2.182397804570441e-07
44800.056 1.7806198608602067e-07
44850.056 2.232416451670315e-07
44900.056 1.8473393782961237e-07
44950.056 2.1248571748400748e-07
45000.056 2.2748357499699732e-07
45050.056 2.185274580899851e-07
45100.056 2.0837177883400065e-07
45150.056 2.1073844152376365e-07
45200.056 1.6939223911401675e-07
45250.056 1.8872268170393612e-07
45300.056 1.623036273120307e-07
45350.056 1.6647110387841942e-07
45400.056 2.7520905730102414e-07
45450.056 2.3704080408400467e-07
45500.056 2.5143229973451335e-07
45550.056 2.762664616959167e-07
45600.056 2.6820043166004715e-07
45650.056 2.1487373979859013e-07
45700.056 1.7304887972680188e-07
45750.056 1.66562438463603e-07
45800.056 2.837060039879995e-07
45850.056 2.698746407749891e-07
45900.056 2.933098803799984e-07
45950.056 2.400352984229921e-07
46000.056 2.7639211812101566e-07
46050.056 2.2512510638201584e-07
46100.056 2.9330782056997154e-07
46150.056 2.1319765444600206e-07
46200.056 1.9706124314899307e-07
46250.056 1.154334354047971e-07
46300.056 2.272677413636062e-07
46350.056 2.2454984327702818e-07
46400.056 2.0655005606800655e-07
46450.056 1.927381988518341e-07
46500.056 2.1771183659605557e-07
46550.056 1.4765743834100118e-07
46600.056 1.9895173652298227e-07
46650.056 2.8865567430500367e-07
46700.056 1.9696767736995965e-07
46750.056 1.3687141996400965e-07
46800.056 1.0113219394811045e-07
46850.056 2.8911817500205277e-07
46900.056 2.549074706629843e-07
46950.056 2.494402308119869e-07
47000.056 2.3625099152604109e-07
47050.056 2.0537160943168301e-07
47100.056 1.4322682378522208e-07
47150.056 1.915799750366305e-07
47200.056 2.327208935420014e-07
47250.056 1.6282805184698388e-07
47300.056 1.1736518306681413e-07
47350.056 2.6832823779198124e-07
47400.056 2.3039115504397877e-07
47450.056 2.2646558779126784e-07
47500.056 2.678670323259678e-07
47550.056 2.3475550714900895e-07
47600.056 2.3011252421399275e-07
47650.056 2.1443384912065453e-07
47700.056 1.998346832533679e-07
47750.056 1.4963691165540559e-07
47800.056 1.4530784796500925e-07
47850.056 9.924612119161275e-08
47900.056 1.3338516320417606e-07
47950.056 2.016591400480207e-07
48000.056 2.8008301368004874e-07
48050.056 2.492045720679985e-07
48100.056 1.2987219308381491e-07
48150.056 1.9870293967100904e-07
48200.056 1.6161755249080292e-07
48250.056 1.7536064542801344e-07
48300.056 2.5331639448993883e-07
48350.056 1.6060434333000973e-07
48400.056 7.880804581268095e-08
48450.056 1.481521378107427e-07
48500.056 2.010507764309614e-07
48550.056 1.849842308130094e-07
48600.056 2.000888685530032e-07
48650.056 2.314243319379801e-07
48700.056 1.8000694488100076e-07
48750.056 1.1974358301906778e-07
48800.056 2.45590722065994e-07
48850.056 1.481168084994734e-07
48900.056 2.2230111725262903e-07
48950.056 1.3942011956801457e-07
49000.056 7.61175757973473e-08
49050.056 1.8183349499097725e-07
49100.056 2.1430433190464405e-07
49150.056 1.6588727211642358e-07
49200.056 2.393560917470467e-07
49250.056 2.285891854320351e-07
49300.056 1.9816724743199882e-07
49350.056 1.0196538269621919e-07
49400.056 1.4165848777997134e-07
49450.056 1.519517270225483e-07
49500.056 1.2046041541498815e-07
49550.056 5.014654398160551e-08
49600.056 1.0175118104834306e-07
49650.056 1.4995410961999365e-07
49700.056 1.4841720825095107e-07
49750.056 1.725754385029781e-07
49800.056 1.3248304966196723e-07
49850.056 2.1485667437805427e-07
49900.056 1.6879590468297865e-07
49950.056 1.6777560791400505e-07
50000.056 1.4646695061597206e-07
50050.056 1.796214103320019e-07
50100.056 1.404300766640068e-07
50150.056 8.686249971898533e-08
50200.056 3.189832962940865e-08
50250.056 1.1566938804298583e-07
50300.056 8.451413527341151e-08
50350.056 1.7442867731502172e-07
50400.056 1.5755402976298751e-07
50450.056 1.21730629471808e-07
50500.056 1.6771147441902075e-07
50550.056 1.511675005300143e-07
50600.056 1.2123697982696533e-07
50650.056 1.7833245666503593e-07
50700.056 1.8508927116993583e-07
50750.056 1.3428181265961864e-07
50800.056 6.981204182849183e-08
50850.056 5.5256730489822116e-08
50900.056 1.7139513630999878e-07
50950.056 1.2850886125401012e-07
51000.056 1.289399192054076e-07
51050.056 1.4237307948098977e-07
51100.056 6.811238620676273e-08
51150.056 9.394099722699707e-08
51200.056 1.9962956365498678e-07
51250.056 1.2394640595487502e-07
51300.056 9.690800394604449e-08
51350.056 1.0236254025599171e-07
51400.056 5.2032876528102795e-08
51450.056 4.2666417755937284e-08
51500.056 4.4283723750737294e-08
51550.056 1.2013108674320905e-07
51600.056 8.559240316062156e-08
51650.056 9.484114021797959e-08
51700.056 1.0803082005651743e-07
51750.056 7.396748916401155e-08
51800.056 1.1691703364797876e-07
51850.056 1.0396544254599197e-07
51900.056 1.5099797035500314e-07
51950.056 1.0456006808398967e-07
52000.056 2.5679876738892564e-08
52050.056 6.773670217771012e-08
52100.056 4.920037848599567e-08
52150.056 3.748875636524544e-08
52200.056 5.5363598326800336e-08
52250.056 7.667329005802034e-08
52300.056 1.1320650454999414e-07
52350.056 6.29798962059894e-08
52400.056 5.1402747280405125e-08
52450.056 1.1705539165600701e-07
52500.056 1.0350067462737007e-07
52550.056 1.0223845190398358e-07
52600.056 8.156940900400395e-08
52650.056 8.917112143251132e-08
52700.056 7.444014602959697e-08
52750.056 4.37105632692569e-08
52800.056 6.111648060820944e-08
52850.056 6.7730201601577e-08
52900.056 4.928061954321588e-08
52950.056 6.08576525438042e-08
53000.056 8.88627535290168e-08
53050.056 4.1704492553189726e-08
53100.056 7.917191403577897e-08
53150.056 1.0113962292501137e-07
53200.056 4.631620900898934e-08
53250.056 9.359607435600569e-08
53300.056 1.0860715562197621e-07
53350.056 9.297768484720033e-08
53400.056 7.267043431499015e-08
