galfind/configs/Brown_Dwarf_templates/sonora_bobcat/m+0.5/178g/sp_t275g178nc_m+0.5_resample.dat
# %ECSV 1.0
# ---
# datatype:
# - {name: wav, unit: Angstrom, datatype: float64}
# - {name: flux_nu, unit: erg / (cm2 Hz s), datatype: float64}
# meta: {C/O: '1.00', Kzz: '1.0000E+05', Teff: '275.', Y: '0.28', '[Fe/H]': '0.50', f_hole: '1.00', f_rain: '0.00', grav: '178.'}
# schema: astropy-2.0
wav flux_nu
4000.0559999999996 nan
4050.0559999999996 7.370324314860149e-19
4100.056 1.7006939706500233e-17
4150.056 7.870182099700058e-17
4200.056 9.304830217360046e-17
4250.056 4.3739582436000295e-16
4300.056 8.928866814500035e-16
4350.056 1.5687535585000059e-15
4400.056 2.583946011300005e-15
4450.056 3.971648230300001e-15
4500.056 6.216675352000018e-15
4550.056 7.918594298599993e-15
4600.056 5.699038581199997e-15
4650.056 5.270289862399994e-15
4700.056 4.468458124199997e-15
4750.056 3.5422124984999975e-15
4800.056 2.8702724816999936e-15
4850.056 2.0588574672999924e-15
4900.056 1.5349936540999975e-15
4950.056 1.209009194099999e-15
5000.056 8.192573383299965e-16
5050.056 5.415351933400028e-16
5100.056 6.012319800600084e-16
5150.056 7.385308133999999e-16
5200.056 8.802748449200034e-16
5250.056 9.897705727900012e-16
5300.056 1.107945452500002e-15
5350.056 1.2408047143000014e-15
5400.056 1.3211965667000024e-15
5450.056 1.475093232800014e-15
5500.056 1.6953452440000031e-15
5550.056 1.949729838700001e-15
5600.056 2.181664290700003e-15
5650.056 2.371156386899999e-15
5700.056 2.3000704208000066e-15
5750.056 2.363615250500003e-15
5800.056 2.1817664071999925e-15
5850.056 1.501762190959977e-15
5900.056 3.4720466747953576e-16
5950.056 2.3434312465901113e-15
6000.056 5.100959849419928e-15
6050.056 1.04180185635001e-14
6100.056 1.8248454120000185e-14
6150.056 2.852217423800018e-14
6200.056 4.205094555500022e-14
6250.056 5.488143296199988e-14
6300.056 7.667242061299987e-14
6350.056 1.0364791243299971e-13
6400.056 1.3560392891000018e-13
6450.056 1.3185328861399685e-13
6500.056 1.6623465122290328e-13
6550.056 2.3707578587598907e-13
6600.056 3.4649525910101013e-13
6650.056 5.345226527700061e-13
6700.056 7.366398050500043e-13
6750.056 1.0557877186000065e-12
6800.056 1.1950881475000062e-12
6850.056 1.1211993286699977e-12
6900.056 7.06104259276001e-13
6950.056 3.32861178396872e-13
7000.056 4.055682046568786e-13
7050.056 3.7681951063820766e-13
7100.056 4.3051583720999043e-13
7150.056 2.4465564388915865e-13
7200.056 9.707295023234086e-14
7250.056 1.217847394638737e-13
7300.056 1.3270475566748438e-13
7350.056 2.2613055845808924e-13
7400.056 3.618805473912157e-13
7450.056 6.779708997900419e-13
7500.056 1.0289857880600033e-12
7550.056 1.3729612718600058e-12
7600.056 1.624433972100002e-12
7650.056 1.0953556939899886e-12
7700.056 1.1606025980500148e-12
7750.056 2.249929207100018e-12
7800.056 2.4897390703999877e-12
7850.056 2.3326889705999416e-12
7900.056 2.5489131338839703e-12
7950.056 3.0875798121199723e-12
8000.056 3.0053949998699933e-12
8050.056 3.2467537073200417e-12
8100.056 1.3311986067431324e-12
8150.056 4.817194844229831e-13
8200.056 1.6277063133015792e-12
8250.056 1.7685787560333522e-12
8300.056 1.5849204798698659e-12
8350.056 1.6345666786692289e-12
8400.056 2.2242542799860492e-12
8450.056 4.2892365635390185e-12
8500.056 5.886252409000034e-12
8550.056 8.178171787000168e-12
8600.056 1.0456631473900037e-11
8650.056 1.1268726426900033e-11
8700.056 8.74875684230005e-12
8750.056 7.708926506699991e-12
8800.056 5.273663384399729e-12
8850.056 2.4790924919197834e-12
8900.056 3.797300560315934e-14
8950.056 7.858591680255675e-15
9000.056 8.471945192506627e-15
9050.056 7.956787401457243e-14
9100.056 1.2747496233302422e-13
9150.056 2.6461019971122656e-13
9200.056 1.2865638123638136e-12
9250.056 7.695472697792208e-13
9300.056 1.1607088611165992e-15
9350.056 1.0326573907781399e-15
9400.056 2.436512269415271e-14
9450.056 1.334144207230854e-14
9500.056 1.182330450644794e-14
9550.056 1.0598647094729482e-14
9600.056 1.946204526974558e-14
9650.056 7.564267098798436e-14
9700.056 5.551111701262531e-13
9750.056 2.572187650488747e-13
9800.056 2.617911066677698e-13
9850.056 2.756063616583235e-13
9900.056 4.2956494654304134e-13
9950.056 3.6604978982366875e-13
10000.056 4.2187694893767944e-13
10050.056 4.1432931810500145e-13
10100.056 3.499539420730007e-13
10150.056 1.422064296296463e-13
10200.056 1.8305787457321985e-14
10250.056 2.5423032939872776e-14
10300.056 9.418494307323117e-14
10350.056 2.3627814462848086e-14
10400.056 2.1687862466046285e-13
10450.056 6.162015813805604e-13
10500.056 2.01804401464469e-12
10550.056 6.989441808910161e-12
10600.056 1.3477218169000859e-11
10650.056 1.7426045694300147e-11
10700.056 1.407312538278934e-11
10750.056 1.6919272343239485e-11
10800.056 1.6142641569335066e-11
10850.056 1.2587158810463235e-11
10900.056 7.45164769283146e-12
10950.056 2.7178691838983687e-12
11000.056 8.968492261930108e-13
11050.056 3.1473308446902114e-13
11100.056 6.3182659026536e-14
11150.056 8.97487285724761e-15
11200.056 1.763422433221243e-15
11250.056 9.12969849098467e-16
11300.056 8.085913081435852e-15
11350.056 4.1755392990158125e-16
11400.056 1.5594808338650217e-14
11450.056 5.809795330491415e-15
11500.056 5.5200308711528e-15
11550.056 5.872092483797478e-16
11600.056 5.3627449443821e-17
11650.056 1.4354858352297267e-15
11700.056 2.3413215720620458e-15
11750.056 3.8721872274830836e-16
11800.056 3.671108268487634e-15
11850.056 2.714586047097629e-15
11900.056 2.5146071955113954e-15
11950.056 5.5348235899414614e-15
12000.056 9.501894444212492e-15
12050.056 1.77998503404861e-14
12100.056 2.2117701771463186e-14
12150.056 3.153952333897361e-14
12200.056 3.1298757872224254e-14
12250.056 1.360577712372314e-13
12300.056 4.361593056315202e-13
12350.056 6.095248081910722e-13
12400.056 1.6663529484313997e-12
12450.056 4.840070827682106e-12
12500.056 6.337103146572294e-12
12550.056 7.368106970693014e-12
12600.056 1.757068431652621e-11
12650.056 4.280224833531655e-11
12700.056 4.7234407942820746e-11
12750.056 1.6153436629238838e-11
12800.056 4.7271476123708e-12
12850.056 1.2254972646059615e-12
12900.056 6.177569477922782e-13
12950.056 4.254490531314609e-13
13000.056 4.643458945950163e-13
13050.056 2.2602172254707058e-13
13100.056 1.6084337511482667e-13
13150.056 5.716872530863477e-14
13200.056 8.684346267953653e-14
13250.056 1.0713893726861065e-13
13300.056 3.7280275672589864e-14
13350.056 1.6276972631868914e-14
13400.056 6.515181373396808e-15
13450.056 7.922015372864919e-16
13500.056 8.558690828584535e-17
13550.056 7.028066808597302e-18
13600.056 2.8009312943815985e-19
13650.056 5.005027374066147e-18
13700.056 1.35824290160478e-18
13750.056 1.567465907704752e-17
13800.056 1.2001645023062429e-17
13850.056 3.3783525102358614e-18
13900.056 1.6512709492862267e-17
13950.056 8.423312214810292e-18
14000.056 2.7239791782903916e-17
14050.056 2.886575046471302e-17
14100.056 4.1650730080033915e-17
14150.056 3.3115882638861983e-16
14200.056 2.023213841732666e-16
14250.056 4.564597728750769e-16
14300.056 1.9354597385495674e-15
14350.056 1.5308367840853602e-15
14400.056 1.4305527433820442e-15
14450.056 4.051246154579738e-15
14500.056 1.2495862520312282e-14
14550.056 2.1781545559027816e-14
14600.056 2.2028481845547633e-14
14650.056 5.023514690063394e-15
14700.056 1.6686541831536267e-15
14750.056 2.2202633357592246e-16
14800.056 4.457011534442507e-16
14850.056 4.604290177226785e-16
14900.056 3.6977234727681677e-16
14950.056 1.655018516478341e-16
15000.056 8.511193447401019e-16
15050.056 1.697726352442706e-15
15100.056 3.016672981677131e-16
15150.056 5.490379259686548e-17
15200.056 1.032128909557108e-15
15250.056 2.348793846180202e-15
15300.056 3.968218302200587e-15
15350.056 9.366787241432697e-15
15400.056 7.865740106882579e-15
15450.056 1.4501607146528886e-14
15500.056 2.1535622887610158e-14
15550.056 1.0799808015837994e-13
15600.056 2.48507765273739e-13
15650.056 7.149512955716142e-13
15700.056 2.107224623960532e-12
15750.056 3.782570339248631e-12
15800.056 5.288351470557427e-12
15850.056 8.324886673836731e-12
15900.056 1.1978701570146952e-11
15950.056 1.855711299659923e-11
16000.056 1.7779604304070378e-11
16050.056 1.0566940664339124e-11
16100.056 4.666711753484993e-12
16150.056 1.5805063702376862e-12
16200.056 4.667235775581683e-13
16250.056 1.4789119265346658e-13
16300.056 4.1458307944312986e-14
16350.056 5.917481471194088e-14
16400.056 7.99705497346418e-14
16450.056 6.768887619116287e-14
16500.056 5.1922084108064255e-14
16550.056 4.117220906454432e-14
16600.056 2.1486782068490127e-13
16650.056 8.867986271625307e-14
16700.056 8.887052346922164e-15
16750.056 3.4876521074931714e-14
16800.056 8.378480100338455e-14
16850.056 8.35075141143169e-14
16900.056 1.5117383965329144e-14
16950.056 6.7013635260263994e-15
17000.056 1.966270457738955e-15
17050.056 4.56188769962084e-15
17100.056 2.0645186447827284e-14
17150.056 7.432663034142659e-15
17200.056 7.121728232348776e-14
17250.056 9.360964934851037e-15
17300.056 7.413906178617583e-15
17350.056 1.3302221695352677e-14
17400.056 4.6462358202814406e-14
17450.056 6.432895510326662e-14
17500.056 1.4167021008669646e-13
17550.056 1.2523952201624673e-13
17600.056 1.0744943320735011e-13
17650.056 5.001732091127959e-14
17700.056 4.170774641628618e-14
17750.056 3.7087615476709525e-14
17800.056 2.5270304240001243e-13
17850.056 3.503022761069914e-14
17900.056 2.591760324036225e-14
17950.056 1.7720306276725603e-14
18000.056 3.6663586923746284e-14
18050.056 2.1234711678114413e-14
18100.056 2.7250530663680695e-14
18150.056 9.127000520735277e-15
18200.056 7.0685871568336295e-15
18250.056 5.547723893226458e-14
18300.056 1.874803440095935e-15
18350.056 1.6185852297131718e-15
18400.056 4.509115270723917e-16
18450.056 1.3905975665072517e-14
18500.056 1.1086426940347548e-14
18550.056 3.669618691991586e-15
18600.056 1.3616783603291539e-14
18650.056 1.0604769331617535e-14
18700.056 2.370577855907785e-16
18750.056 5.162264171323606e-16
18800.056 4.4612878004614765e-14
18850.056 3.082670889126111e-14
18900.056 5.670352381162415e-14
18950.056 7.045145759636072e-14
19000.056 3.6579128554222005e-15
19050.056 1.349881421394666e-15
19100.056 8.094064102579238e-15
19150.056 2.6242852587981222e-15
19200.056 9.040126858806193e-15
19250.056 5.656675804848583e-15
19300.056 2.418797000557189e-15
19350.056 2.513864568115854e-15
19400.056 1.5751601208241201e-15
19450.056 2.5730280877931146e-15
19500.056 1.1261270652947937e-15
19550.056 6.564498600250574e-15
19600.056 2.4732223310906197e-14
19650.056 1.2829739629419471e-14
19700.056 2.4680506468182607e-14
19750.056 5.533954217269765e-14
19800.056 1.9959177335837573e-14
19850.056 2.5249645312844177e-14
19900.056 6.135034948708958e-14
19950.056 1.0298305024303048e-13
20000.056 1.4863061871565128e-13
20050.056 8.553083000815203e-14
20100.056 1.3584664452566977e-13
20150.056 8.843361761477141e-14
20200.056 3.811202167389129e-14
20250.056 1.8983300947339797e-13
20300.056 3.225067408205914e-13
20350.056 4.4690917993993296e-13
20400.056 2.6462175777647073e-13
20450.056 7.053541083483268e-13
20500.056 8.828384963532939e-13
20550.056 1.1013940662921263e-12
20600.056 1.2720542659696493e-12
20650.056 1.7454067884005215e-12
20700.056 2.061213538686645e-12
20750.056 2.599982741953768e-12
20800.056 2.3395660648994462e-12
20850.056 3.2490369010400818e-12
20900.056 3.6394349448498895e-12
20950.056 3.440134190370095e-12
21000.056 3.3603082719900897e-12
21050.056 3.840128945599836e-12
21100.056 3.6165266874600185e-12
21150.056 3.618822322500046e-12
21200.056 3.2774013262702882e-12
21250.056 3.0940028969695487e-12
21300.056 2.4985329781502293e-12
21350.056 2.459427408076883e-12
21400.056 2.476419776204932e-12
21450.056 1.668624085006615e-12
21500.056 1.2729170246029013e-12
21550.056 1.3989034743199075e-12
21600.056 1.090630172545192e-12
21650.056 5.823127289774028e-13
21700.056 3.269195979991618e-13
21750.056 4.75833345082214e-13
21800.056 2.5601250619066536e-13
21850.056 2.691408821128054e-13
21900.056 1.614158713520279e-13
21950.056 3.0819749042763445e-14
22000.056 8.230251728768549e-16
22050.056 3.6486796926050136e-15
22100.056 2.0316316654283733e-14
22150.056 9.505788246734822e-15
22200.056 7.864216020348753e-15
22250.056 5.515821978886093e-15
22300.056 1.1244517482867858e-15
22350.056 2.932332266515114e-15
22400.056 5.363758952863771e-16
22450.056 1.474951349098071e-15
22500.056 1.0841748051707923e-15
22550.056 1.8389956261046697e-16
22600.056 1.1708453545237154e-16
22650.056 2.4544351374752506e-16
22700.056 3.0302700551511213e-16
22750.056 9.694068926140167e-16
22800.056 1.281261897894152e-15
22850.056 7.529436282628093e-16
22900.056 4.156899575178959e-16
22950.056 1.4337990633254652e-16
23000.056 3.3145999811316927e-16
23050.056 1.6518380314705015e-16
23100.056 1.1876093953684957e-14
23150.056 1.7425515241254933e-14
23200.056 6.703942153742294e-17
23250.056 1.0702057403423888e-15
23300.056 5.929065286374153e-16
23350.056 1.4524527564425941e-15
23400.056 1.2237611974014803e-15
23450.056 2.026640488978583e-16
23500.056 2.647437215406926e-16
23550.056 1.0767198669671135e-15
23600.056 6.058697145645333e-15
23650.056 9.478720616247767e-15
23700.056 3.613243976383684e-16
23750.056 6.158537988257025e-16
23800.056 1.0202251413338567e-14
23850.056 3.608891611606063e-15
23900.056 1.488345561818728e-14
23950.056 2.7359478628287647e-15
24000.056 2.159632229920082e-14
24050.056 2.5536383402236533e-14
24100.056 7.631634041392225e-14
24150.056 9.734522670932126e-14
24200.056 3.360139884492248e-14
24250.056 2.5242718907378182e-14
24300.056 7.00217760242701e-14
24350.056 6.162804486576497e-14
24400.056 3.0306827224322937e-13
24450.056 3.5327865527942034e-13
24500.056 2.9292320160669717e-13
24550.056 6.429517760359909e-13
24600.056 7.745396429378627e-13
24650.056 1.6835811597165813e-12
24700.056 9.461780351740222e-13
24750.056 1.47760436558632e-12
24800.056 9.566456144046416e-13
24850.056 1.7767294976623815e-12
24900.056 7.765476179140187e-13
24950.056 1.2750529571947103e-12
25000.056 1.869073755255918e-12
25050.056 1.0753329466624921e-12
25100.056 1.6702300728776978e-12
25150.056 5.479216324532273e-13
25200.056 8.374257699973553e-13
25250.056 2.6303652116617217e-13
25300.056 2.1376008799316407e-13
25350.056 1.1460889325140863e-13
25400.056 2.8429616225503975e-13
25450.056 5.202432730171222e-14
25500.056 3.7611700715421035e-14
25550.056 1.139325743902244e-13
25600.056 3.4475587033414874e-14
25650.056 1.3297790915900389e-14
25700.056 9.253346847187837e-15
25750.056 3.847693659910046e-15
25800.056 1.716605870599725e-14
25850.056 3.3004445635499747e-15
25900.056 3.1450321005054683e-15
25950.056 2.1670602396840353e-15
26000.056 1.0444448285577878e-14
26050.056 2.5940837279622006e-15
26100.056 6.655882839756729e-15
26150.056 3.608475714788749e-15
26200.056 4.625308632286017e-15
26250.056 1.9185031498279725e-14
26300.056 6.004234561564904e-15
26350.056 5.0126343109112766e-14
26400.056 1.3399366965999262e-13
26450.056 6.504688579228457e-14
26500.056 2.212144811873367e-13
26550.056 1.668654214065165e-14
26600.056 1.598886568737278e-14
26650.056 4.616013366827299e-15
26700.056 5.299219363638668e-15
26750.056 7.180560531477346e-15
26800.056 1.981180024971135e-14
26850.056 1.4139951587888774e-14
26900.056 4.398425321936967e-14
26950.056 1.2921977592885898e-14
27000.056 4.947237447055819e-14
27050.056 9.774229001907635e-14
27100.056 9.739852397602254e-15
27150.056 7.303217794838135e-14
27200.056 1.203801264842347e-14
27250.056 2.87957743738155e-14
27300.056 2.4557718893449137e-13
27350.056 7.430429402102927e-14
27400.056 1.0852586246258195e-14
27450.056 1.157730561808772e-13
27500.056 1.446722966400553e-13
27550.056 3.3751749103029616e-14
27600.056 8.566237619072823e-14
27650.056 3.1234216502476106e-14
27700.056 3.7933931489197697e-14
27750.056 1.5645649575825752e-13
27800.056 5.946274828916996e-14
27850.056 1.1600923969756912e-13
27900.056 1.4516188988983095e-13
27950.056 2.4446109587645485e-13
28000.056 3.9183291092581413e-13
28050.056 3.501506005082829e-14
28100.056 3.829062267747189e-13
28150.056 2.9123723085656035e-13
28200.056 5.16167541951001e-14
28250.056 4.894938770114747e-13
28300.056 4.1763992415955525e-13
28350.056 5.435156160193341e-14
28400.056 2.4246517485893745e-13
28450.056 4.602189489943405e-13
28500.056 1.7769624316085363e-13
28550.056 5.814558894014355e-14
28600.056 4.822925652915594e-13
28650.056 1.5543401470408693e-13
28700.056 5.067628518618114e-13
28750.056 6.629673902226927e-13
28800.056 1.1828525849822695e-13
