galfind/configs/Brown_Dwarf_templates/sonora_bobcat/m+0.5/178g/sp_t525g178nc_m+0.5_resample.dat
# %ECSV 1.0
# ---
# datatype:
# - {name: wav, unit: Angstrom, datatype: float64}
# - {name: flux_nu, unit: erg / (cm2 Hz s), datatype: float64}
# meta: {C/O: '1.00', Kzz: '1.0000E+05', Teff: '525.', Y: '0.28', '[Fe/H]': '0.50', f_hole: '1.00', f_rain: '0.00', grav: '178.'}
# schema: astropy-2.0
wav flux_nu
[from data line 499]
28950.056 1.2365872353471919e-09
29000.056 8.917552492311487e-10
29050.056 1.2575345494139917e-09
29100.056 7.460512149595067e-10
29150.056 1.0441637086755147e-09
29200.056 1.25437540954147e-09
29250.056 2.037616797526406e-09
29300.056 8.351895961731807e-10
29350.056 2.7738757382983406e-09
29400.056 1.186465272908616e-09
29450.056 1.1441449886343313e-09
29500.056 2.0916676755438226e-09
29550.056 1.0798871199679096e-09
29600.056 1.5617764864691695e-09
29650.056 2.884930820385803e-09
29700.056 9.99056718493004e-10
29750.056 2.2474396707772617e-09
29800.056 2.12659928071313e-09
29850.056 2.574596246083514e-09
29900.056 1.861452427584968e-09
29950.056 2.0104749807432427e-09
30000.056 6.85292986626114e-11
30050.056 2.43886589129776e-10
30100.056 7.351479195989227e-10
30150.056 1.9959929272628617e-09
30200.056 1.5138937320566226e-09
30250.056 3.405774397024736e-09
30300.056 4.156277731754167e-09
30350.056 1.6448413120361327e-09
30400.056 4.107529950047358e-09
30450.056 2.3953501184297665e-09
30500.056 2.397462501571252e-09
30550.056 2.01689146823544e-09
30600.056 5.101815365718431e-09
30650.056 2.826189558814355e-09
30700.056 2.1141883708913476e-09
30750.056 3.768196421922521e-09
30800.056 2.4819960735646215e-09
30850.056 2.817262199331523e-09
30900.056 1.5762339986057748e-09
30950.056 1.8205615614594054e-09
31000.056 1.7878022261347304e-09
31050.056 1.5950614841009678e-09
31100.056 9.82415027800063e-10
31150.056 1.780355448129852e-09
31200.056 2.8689357074081854e-09
31250.056 1.8865305321554947e-09
31300.056 1.2654380846228683e-09
31350.056 2.0093077644215276e-09
31400.056 1.4185619663148152e-09
31450.056 1.5072130903306817e-09
31500.056 7.222393479601088e-10
31550.056 1.057178275528989e-09
31600.056 6.704898184478093e-10
31650.056 6.881011920855824e-10
31700.056 7.112072605618902e-10
31750.056 3.5273731810891283e-10
31800.056 7.247934966886184e-10
31850.056 1.8988294606314048e-10
31900.056 3.8995047815170876e-10
31950.056 2.346564768317952e-10
32000.056 2.436576859656387e-10
32050.056 3.3984137491148584e-10
32100.056 3.0163163282536964e-10
32150.056 3.6939018411739575e-10
32200.056 1.9056004943455006e-10
32250.056 4.903763300476668e-10
32300.056 1.8032586747246146e-10
32350.056 4.4568004594956364e-10
32400.056 1.2929100386838216e-10
32450.056 3.765774367144405e-10
32500.056 1.6441193611192858e-10
32550.056 2.853114676333996e-10
32600.056 2.2342017732701242e-10
32650.056 7.471320669139728e-10
32700.056 3.173970649846627e-10
32750.056 1.1315688565684929e-09
32800.056 7.642490081164e-10
32850.056 1.542340811069705e-09
32900.056 1.4064092253206934e-09
32950.056 1.6099550597348615e-09
33000.056 8.203868749235666e-10
33050.056 1.0837452494753256e-09
33100.056 2.7969287741808786e-10
33150.056 6.291296781729646e-13
33200.056 8.334657796564952e-12
33250.056 7.498037034677986e-12
33300.056 3.495649884571032e-11
33350.056 1.1489952457625807e-10
33400.056 3.4435428561591674e-10
33450.056 3.599723364861817e-10
33500.056 1.0736201252720302e-09
33550.056 3.203454023910058e-10
33600.056 8.579319653887302e-10
33650.056 7.844489922660434e-10
33700.056 4.2008034244692353e-10
33750.056 1.1484855078642288e-09
33800.056 2.263088062078746e-10
33850.056 6.562100545956402e-10
33900.056 6.402518204165453e-10
33950.056 5.147470005260858e-10
34000.056 1.0662902610681978e-09
34050.056 2.2287262477502136e-10
34100.056 9.342572334506752e-10
34150.056 4.834595539373985e-10
34200.056 9.790418116065652e-10
34250.056 6.846448207685978e-10
34300.056 6.364753350935187e-10
34350.056 9.091918579306605e-10
34400.056 4.062235196835889e-10
34450.056 1.008541097660094e-09
34500.056 6.472258545739988e-10
34550.056 3.5399729513171214e-10
34600.056 1.414661361125392e-09
34650.056 4.091617051337747e-10
34700.056 1.1528478746490595e-09
34750.056 7.888950320534455e-10
34800.056 6.968957836511753e-10
34850.056 1.4699330099862031e-09
34900.056 7.277965726024316e-10
34950.056 1.4389474725431337e-09
35000.056 2.8590801731412806e-09
35050.056 1.1753288736466465e-09
35100.056 2.53396259011695e-09
35150.056 2.040773903972086e-09
35200.056 1.9912118212042464e-09
35250.056 3.3215441418010687e-09
35300.056 1.6955747998854337e-09
35350.056 2.029059305660356e-09
35400.056 2.004350204473872e-09
35450.056 1.4547110407858366e-09
35500.056 4.710633028528863e-09
35550.056 3.1910082000541443e-09
35600.056 2.9615141612484496e-09
35650.056 3.071345291056334e-09
35700.056 3.134798966001151e-09
35750.056 4.718918344512462e-09
35800.056 5.214578380875686e-09
35850.056 2.1154463206107417e-09
35900.056 2.9717187480909323e-09
35950.056 3.4390992976770213e-09
36000.056 3.8122159361615064e-09
36050.056 2.8267668528921034e-09
36100.056 2.7523591594634726e-09
36150.056 4.609035065445807e-09
36200.056 5.096693110678491e-09
36250.056 3.8828884681428484e-09
36300.056 7.120523214825293e-09
36350.056 4.803994398144455e-09
36400.056 6.517695426375534e-09
36450.056 7.2779827808841e-09
36500.056 8.378052468368077e-09
36550.056 9.232786847710468e-09
36600.056 1.0652404428035459e-08
36650.056 8.692056566743625e-09
36700.056 9.347813746613186e-09
36750.056 1.1081978006788816e-08
36800.056 1.1978941143999582e-08
36850.056 8.051704973393825e-09
36900.056 1.233395919406302e-08
36950.056 1.2526267980818726e-08
37000.056 9.531936395890221e-09
37050.056 1.295511111430767e-08
37100.056 1.1767043719683755e-08
37150.056 9.971550801246562e-09
37200.056 1.4848692544634617e-08
37250.056 1.134399656207653e-08
37300.056 9.3406199194912e-09
37350.056 1.3638158659407032e-08
37400.056 2.0227244364691625e-08
37450.056 1.0273332373228212e-08
37500.056 1.2349143636868672e-08
37550.056 1.884857676280184e-08
37600.056 2.4998513456898927e-08
37650.056 1.0723832065358588e-08
37700.056 2.0526110280385663e-08
37750.056 1.3348608484222915e-08
37800.056 1.4124291677660677e-08
37850.056 7.898935980044489e-09
37900.056 1.0687537516425791e-08
37950.056 1.8032483478599116e-08
38000.056 1.8713799136793588e-08
38050.056 2.20686346606319e-08
38100.056 2.4785117709032074e-08
38150.056 2.6745494587479792e-08
38200.056 2.611080857415039e-08
38250.056 2.4799356088320347e-08
38300.056 3.6841995627728674e-08
38350.056 3.6320649916292736e-08
38400.056 1.757924043515597e-08
38450.056 1.284566657910026e-08
38500.056 7.91726045628399e-09
38550.056 1.918769799620734e-08
38600.056 1.9389814646333828e-08
38650.056 2.1552770368844964e-08
38700.056 1.8580265295276794e-08
38750.056 2.0551857693803322e-08
38800.056 2.041952486561808e-08
38850.056 2.2174500206707708e-08
38900.056 2.9683251473847587e-08
38950.056 1.9613653524903096e-08
39000.056 2.8453562371042654e-08
39050.056 2.034426676997067e-08
39100.056 2.686052933917139e-08
39150.056 3.089255279249223e-08
39200.056 2.5536969480334897e-08
39250.056 3.631371728898016e-08
39300.056 2.5572870191388714e-08
39350.056 4.3556371020740785e-08
39400.056 2.7488532091513438e-08
39450.056 3.519732206607292e-08
39500.056 3.699394653087328e-08
39550.056 2.543783097088339e-08
39600.056 3.7302068621273276e-08
39650.056 4.281988289618921e-08
39700.056 4.058577455189106e-08
39750.056 2.6274357140638696e-08
39800.056 3.083285762242062e-08
39850.056 5.11821180537057e-08
39900.056 5.3801701245503144e-08
39950.056 3.275396439827202e-08
40000.056 5.25492828550093e-08
40050.056 4.884071974769684e-08
40100.056 2.7023811106345424e-08
40150.056 4.9235207459940836e-08
40200.056 5.2015909179660924e-08
40250.056 5.6200402129084753e-08
40300.056 5.332502201830274e-08
40350.056 4.308947062521155e-08
40400.056 5.919098907259892e-08
40450.056 3.823338485061136e-08
40500.056 6.45877641900915e-08
40550.056 6.582067957939585e-08
40600.056 5.588607868300649e-08
40650.056 4.498960196642473e-08
40700.056 8.063599000529398e-08
40750.056 5.5338189895488036e-08
40800.056 3.995341727715572e-08
40850.056 9.094911121702863e-08
40900.056 7.651038088522352e-08
40950.056 6.743940313031013e-08
41000.056 6.11448720678512e-08
41050.056 9.497065411197029e-08
41100.056 7.767379748320126e-08
41150.056 4.121992553351163e-08
41200.056 9.547697836170568e-08
41250.056 7.128440505939043e-08
41300.056 7.024548903348613e-08
41350.056 9.643629172999388e-08
41400.056 8.526143248400679e-08
41450.056 1.0349512572797866e-07
41500.056 7.191171505193264e-08
41550.056 6.878233781965865e-08
41600.056 7.954570839453805e-08
41650.056 9.256043493590156e-08
41700.056 9.551690988696536e-08
41750.056 8.667051218658358e-08
41800.056 1.0179788286352904e-07
41850.056 8.162404196628582e-08
41900.056 8.246544095544251e-08
41950.056 8.55084337880136e-08
42000.056 6.836379505799674e-08
42050.056 6.912794255851575e-08
42100.056 9.275594141109783e-08
42150.056 7.609683870060443e-08
42200.056 7.845588113499859e-08
42250.056 7.175405316540152e-08
42300.056 7.191520904942347e-08
42350.056 9.819383216861228e-08
42400.056 1.0380577904501684e-07
42450.056 9.442390204803715e-08
42500.056 8.89896483676863e-08
42550.056 7.919017063597659e-08
42600.056 9.044862353447725e-08
42650.056 1.3350479622394792e-07
42700.056 8.070422174189013e-08
42750.056 9.236757268800924e-08
42800.056 1.1886829146682484e-07
42850.056 1.2651593714895768e-07
42900.056 1.3838467819843772e-07
42950.056 1.069156788539846e-07
43000.056 1.2056321854202556e-07
43050.056 6.913034194571437e-08
43100.056 9.913032349148278e-08
43150.056 8.63111683980043e-08
43200.056 1.2603045524700786e-07
43250.056 1.612215729300116e-07
43300.056 1.5561126763199737e-07
43350.056 8.779836641547582e-08
43400.056 1.1810590421379934e-07
43450.056 8.576420609981027e-08
43500.056 8.520128312312076e-08
43550.056 9.423956161382053e-08
43600.056 1.4032741083201899e-07
43650.056 9.533481378330446e-08
43700.056 1.5802394898603546e-07
43750.056 1.3477239664900315e-07
43800.056 1.2542006481338725e-07
43850.056 1.0821565078400713e-07
43900.056 1.018691620790895e-07
43950.056 6.626521191619458e-08
44000.056 6.530985774369522e-08
44050.056 1.4656946358300336e-07
44100.056 1.9228793288699686e-07
44150.056 1.73196901523599e-07
44200.056 1.4855396426749692e-07
44250.056 8.98464943568e-08
44300.056 7.470770776331388e-08
44350.056 8.633307558218454e-08
44400.056 7.967436750479034e-08
44450.056 1.3063267532198707e-07
44500.056 1.2439646095002813e-07
44550.056 1.7496587418797953e-07
44600.056 1.5172957726900218e-07
44650.056 1.3393579749232262e-07
44700.056 8.917874575499905e-08
44750.056 1.3799590334303358e-07
44800.056 1.0024298840441302e-07
44850.056 1.3660875321001746e-07
44900.056 1.1133882756780591e-07
44950.056 1.335045690098083e-07
45000.056 1.483953311290137e-07
45050.056 1.3730345752898297e-07
45100.056 1.2659561135780156e-07
45150.056 1.2304142156237404e-07
45200.056 9.710111256060664e-08
45250.056 1.1078166679896364e-07
45300.056 9.390253195861679e-08
45350.056 9.100695025582443e-08
45400.056 1.9116805979502251e-07
45450.056 1.5729374211801368e-07
45500.056 1.8261333535941058e-07
45550.056 1.937678897649366e-07
45600.056 1.7948374075503935e-07
45650.056 1.4261122990070259e-07
45700.056 9.963892343029535e-08
45750.056 9.422771011420283e-08
45800.056 2.052249896440033e-07
45850.056 1.7435002200798617e-07
45900.056 2.0471844757499109e-07
45950.056 1.6685971127499214e-07
46000.056 1.9232054164651576e-07
46050.056 1.4364428875040983e-07
46100.056 2.1736931788997456e-07
46150.056 1.3550921967101153e-07
46200.056 1.2053770957808704e-07
46250.056 5.708950795257065e-08
46300.056 1.4278318274660323e-07
46350.056 1.4736900562301975e-07
46400.056 1.2790637334900183e-07
46450.056 1.1801927040201742e-07
46500.056 1.4056832024283592e-07
46550.056 7.988496661060621e-08
46600.056 1.1897094211140395e-07
46650.056 1.8320573418901328e-07
46700.056 1.1432172123696394e-07
46750.056 6.924360132212997e-08
46800.056 4.762622935850331e-08
46850.056 1.8157913526503124e-07
46900.056 1.6509328669999458e-07
46950.056 1.6192840764398445e-07
47000.056 1.56770190693031e-07
47050.056 1.2037935190599539e-07
47100.056 8.223724102691207e-08
47150.056 1.217877029556176e-07
47200.056 1.4693088944699697e-07
47250.056 9.088893547008934e-08
47300.056 6.107841090356106e-08
47350.056 1.7724849278999315e-07
47400.056 1.4429929197198705e-07
47450.056 1.3463361270066084e-07
47500.056 1.775996391603806e-07
47550.056 1.526578911060096e-07
47600.056 1.4879449754949505e-07
47650.056 1.4630757608627167e-07
47700.056 1.18393119616293e-07
47750.056 8.856666693680534e-08
47800.056 7.828120761300794e-08
47850.056 4.515187014268867e-08
47900.056 6.667539163844985e-08
47950.056 1.2828002295562337e-07
48000.056 1.8171267499002684e-07
48050.056 1.5657739184980158e-07
48100.056 6.853122857160876e-08
48150.056 1.2008586909600256e-07
48200.056 8.684261224220718e-08
48250.056 1.0154238496300485e-07
48300.056 1.6622041565997034e-07
48350.056 9.971130252899931e-08
48400.056 3.4653306110781055e-08
48450.056 7.079597978934906e-08
48500.056 1.0777249473297558e-07
48550.056 1.0998524746901011e-07
48600.056 1.2492674734200228e-07
48650.056 1.5864979069298538e-07
48700.056 1.082054515843086e-07
48750.056 7.152677390763712e-08
48800.056 1.5043434591299865e-07
48850.056 8.429418207208553e-08
48900.056 1.238465188059892e-07
48950.056 6.91413794150044e-08
49000.056 3.5370518503609505e-08
49050.056 1.0374381686388455e-07
49100.056 1.3094223447102728e-07
49150.056 9.520675517939348e-08
49200.056 1.5108999186803302e-07
49250.056 1.4738024904101925e-07
49300.056 1.2441424558159832e-07
49350.056 5.307768294495118e-08
49400.056 7.765822351457982e-08
49450.056 8.05055055745243e-08
49500.056 6.246171032539382e-08
49550.056 1.7918628525461326e-08
49600.056 4.59551400638413e-08
49650.056 8.598702249199926e-08
49700.056 8.90631535899682e-08
49750.056 9.765450155669509e-08
49800.056 6.740963073921661e-08
49850.056 1.2716988283362808e-07
49900.056 9.879055860138745e-08
49950.056 1.0005954165500392e-07
50000.056 8.156767529157725e-08
50050.056 1.0079787901500159e-07
50100.056 7.767629340999886e-08
50150.056 4.1585933565491485e-08
50200.056 9.958964546179954e-09
50250.056 5.2391715411996014e-08
50300.056 3.4874378077045184e-08
50350.056 9.468877174401291e-08
50400.056 9.043491376738945e-08
50450.056 6.921945472340403e-08
50500.056 1.0315160863240985e-07
50550.056 8.897228198100861e-08
50600.056 6.758205302748084e-08
50650.056 1.0890838926601989e-07
50700.056 1.093958646419702e-07
50750.056 7.400122838640907e-08
50800.056 3.041695877987462e-08
50850.056 1.9352771358169203e-08
50900.056 8.997212227200098e-08
50950.056 7.077128921899957e-08
51000.056 6.406294719206352e-08
51050.056 8.284934788999011e-08
51100.056 3.37267766310922e-08
51150.056 4.3446160816118576e-08
51200.056 1.1146197676199538e-07
51250.056 7.180520845266736e-08
51300.056 5.180270027652372e-08
51350.056 5.2064684148794415e-08
51400.056 2.1130326501842473e-08
51450.056 1.655642377097444e-08
51500.056 1.657693202975715e-08
51550.056 5.7102397767086995e-08
51600.056 4.272714887321214e-08
51650.056 5.18282179319917e-08
51700.056 5.7796811256744415e-08
51750.056 3.766351309113249e-08
51800.056 6.530436373698899e-08
51850.056 5.483021486199666e-08
51900.056 7.683793564199549e-08
51950.056 4.739830454199412e-08
52000.056 6.533203565187619e-09
52050.056 2.7347042388904054e-08
52100.056 1.749186966009796e-08
52150.056 1.0995704371732515e-08
52200.056 2.4789407902280035e-08
52250.056 3.6303646657511474e-08
52300.056 5.2774988789197e-08
52350.056 2.2016499073145504e-08
52400.056 2.0584451455211364e-08
52450.056 6.103181598670397e-08
52500.056 4.951775253119505e-08
52550.056 5.1378552178994535e-08
52600.056 3.8471182669998945e-08
52650.056 4.507516764880479e-08
52700.056 3.4751901138698195e-08
52750.056 1.6014059658938944e-08
52800.056 2.6565692176503355e-08
52850.056 3.002455896009067e-08
52900.056 1.6725654877786764e-08
52950.056 2.4108363913022627e-08
53000.056 3.842595707740936e-08
53050.056 1.5808740031635436e-08
53100.056 4.099563178919226e-08
53150.056 4.6537599677603565e-08
53200.056 2.1062841322388638e-08
53250.056 4.385227988900379e-08
53300.056 5.3325318818853086e-08
53350.056 4.118722418810204e-08
53400.056 2.8104476590993053e-08
53450.056 1.1602811188996143e-08
53500.056 2.665629123443128e-09
53550.056 6.920337926260017e-09
