galfind/configs/Brown_Dwarf_templates/sonora_bobcat/m+0.5/178g/sp_t2000g178nc_m+0.5_resample.dat
# %ECSV 1.0
# ---
# datatype:
# - {name: wav, unit: Angstrom, datatype: float64}
# - {name: flux_nu, unit: erg / (cm2 Hz s), datatype: float64}
# meta: {C/O: '1.00', Kzz: '1.0000E+05', Teff: '2000.', Y: '0.28', '[Fe/H]': '0.50', f_hole: '1.00', f_rain: '0.00', grav: '178.'}
# schema: astropy-2.0
wav flux_nu
[from data line 498]
28900.056 1.518298533810144e-06
28950.056 2.063618380539752e-06
29000.056 1.6692664399494218e-06
29050.056 1.7247585980397628e-06
29100.056 1.45308811229012e-06
29150.056 1.8364691339402844e-06
29200.056 1.6584788881103946e-06
29250.056 1.856046767920081e-06
29300.056 1.5763559661490905e-06
29350.056 2.070595932089643e-06
29400.056 1.7059355571898258e-06
29450.056 1.7238514136799146e-06
29500.056 1.8328809268497815e-06
29550.056 1.754587783740168e-06
29600.056 1.8661143755398858e-06
29650.056 1.8334293113099048e-06
29700.056 1.6082916683798102e-06
29750.056 2.040316719820991e-06
29800.056 1.994231476949926e-06
29850.056 1.928888983499766e-06
29900.056 1.7380156549804643e-06
29950.056 2.0628637341396174e-06
30000.056 2.0424981400093855e-06
30050.056 1.915213201119894e-06
30100.056 1.5627152872195545e-06
30150.056 2.375540070319809e-06
30200.056 2.110363770310197e-06
30250.056 2.035960995090596e-06
30300.056 2.059524727669797e-06
30350.056 1.9404202706803455e-06
30400.056 2.3463446572604453e-06
30450.056 1.8821393904602064e-06
30500.056 1.7924587750902857e-06
30550.056 2.431622100180536e-06
30600.056 2.3185627039503096e-06
30650.056 2.324654531090102e-06
30700.056 2.16751457329995e-06
30750.056 2.0772236220800723e-06
30800.056 2.502446876780658e-06
30850.056 2.1665687775599475e-06
30900.056 2.191406470109819e-06
30950.056 2.111064686120282e-06
31000.056 2.446697463769927e-06
31050.056 2.073148141630001e-06
31100.056 2.324240480069903e-06
31150.056 2.419689055519699e-06
31200.056 2.404774079969712e-06
31250.056 2.6420338123805276e-06
31300.056 2.3380860712598067e-06
31350.056 2.3592333481299887e-06
31400.056 2.398834623420494e-06
31450.056 2.4362254462701144e-06
31500.056 2.4877806076304485e-06
31550.056 2.301120203649983e-06
31600.056 2.4441995384098433e-06
31650.056 2.567408342629978e-06
31700.056 2.5788747580798952e-06
31750.056 2.272981110040179e-06
31800.056 2.647478885000237e-06
31850.056 2.871913396520065e-06
31900.056 2.789916231999794e-06
31950.056 2.221436079509759e-06
32000.056 2.430612968310666e-06
32050.056 2.813222109640254e-06
32100.056 2.819771689829608e-06
32150.056 2.796350265610101e-06
32200.056 2.7216743585699656e-06
32250.056 2.543726878050194e-06
32300.056 2.7982569155601404e-06
32350.056 2.9589141841004106e-06
32400.056 2.6902737547199706e-06
32450.056 2.596504925080276e-06
32500.056 2.8528154700402565e-06
32550.056 3.140814239980125e-06
32600.056 3.091204901439809e-06
32650.056 2.9738190123009412e-06
32700.056 2.8473498472001627e-06
32750.056 2.9707830540500534e-06
32800.056 2.7195433129002283e-06
32850.056 3.2244334564097266e-06
32900.056 3.0988060900299957e-06
32950.056 2.6571094547498217e-06
33000.056 2.9008318387303075e-06
33050.056 2.992508534779624e-06
33100.056 3.1011480209691107e-06
33150.056 3.0566860839401366e-06
33200.056 2.826906199150687e-06
33250.056 3.1077775051201264e-06
33300.056 3.3568510515802226e-06
33350.056 3.121212024720184e-06
33400.056 2.8525713911196583e-06
33450.056 3.121361963899073e-06
33500.056 3.1632153998002955e-06
33550.056 3.0504561959895575e-06
33600.056 3.128055285300701e-06
33650.056 3.246143072580749e-06
33700.056 3.368660598709538e-06
33750.056 3.325513855780114e-06
33800.056 3.2212014027200724e-06
33850.056 3.1093971784401268e-06
33900.056 3.5375874328995007e-06
33950.056 3.1199587732295964e-06
34000.056 3.171935683719262e-06
34050.056 3.2423659273900386e-06
34100.056 3.4524256979804602e-06
34150.056 3.3693148095996044e-06
34200.056 3.191763490209478e-06
34250.056 3.566883674199552e-06
34300.056 3.330641139849624e-06
34350.056 3.4253661720196672e-06
34400.056 3.1917291220695667e-06
34450.056 3.1967790858800184e-06
34500.056 3.3504552541006924e-06
34550.056 3.2296981826997764e-06
34600.056 3.3754761725800525e-06
34650.056 3.4075878387000007e-06
34700.056 3.2856381726993328e-06
34750.056 3.510125581720266e-06
34800.056 3.6374358267995566e-06
34850.056 3.2531089070800815e-06
34900.056 3.493956337610259e-06
34950.056 3.3974905257192507e-06
35000.056 3.2792433972895206e-06
35050.056 3.704217994000568e-06
35100.056 3.4908846741992243e-06
35150.056 3.5143153794197996e-06
35200.056 3.566114328399729e-06
35250.056 3.17780712568021e-06
35300.056 3.513852651260317e-06
35350.056 3.684887173499716e-06
35400.056 3.435662056499707e-06
35450.056 3.356164054000401e-06
35500.056 3.6317886228998566e-06
35550.056 3.4488459620998647e-06
35600.056 3.3224794506994414e-06
35650.056 3.754633154900465e-06
35700.056 3.3550900454004057e-06
35750.056 3.5002786461396927e-06
35800.056 3.6037142310996564e-06
35850.056 3.648917752499765e-06
35900.056 3.8248668116995454e-06
35950.056 3.645540334199806e-06
36000.056 3.3278378025995916e-06
36050.056 3.8051525318003088e-06
36100.056 3.91079295609972e-06
36150.056 3.509959033100409e-06
36200.056 3.8130319887995264e-06
36250.056 3.5082357958993208e-06
36300.056 4.0577751914407695e-06
36350.056 3.84371919989945e-06
36400.056 3.7053790220999398e-06
36450.056 4.0234676584996434e-06
36500.056 3.74249672010029e-06
36550.056 3.6263727553005583e-06
36600.056 3.7119814251003353e-06
36650.056 3.844289464800421e-06
36700.056 4.056639099300161e-06
36750.056 3.7364767662003914e-06
36800.056 3.842877690999604e-06
36850.056 3.869091280300266e-06
36900.056 3.951129288300631e-06
36950.056 3.928074440199995e-06
37000.056 4.016726274200114e-06
37050.056 4.076375012699881e-06
37100.056 3.944825070300392e-06
37150.056 3.925368729199168e-06
37200.056 4.098199843400079e-06
37250.056 4.118726974100291e-06
37300.056 4.144176122000791e-06
37350.056 3.882653115600535e-06
37400.056 4.089365631699663e-06
37450.056 4.067162958000339e-06
37500.056 4.167964651299723e-06
37550.056 4.0505263307992595e-06
37600.056 4.27162277519944e-06
37650.056 3.955228361199607e-06
37700.056 4.033999284500115e-06
37750.056 4.288503810299405e-06
37800.056 4.365261288599882e-06
37850.056 4.163280787999797e-06
37900.056 4.2596878592003345e-06
37950.056 4.310627681200197e-06
38000.056 4.193058430600594e-06
38050.056 4.237220022800313e-06
38100.056 4.084022230400245e-06
38150.056 4.404250137399389e-06
38200.056 4.493429563899365e-06
38250.056 4.138486735000609e-06
38300.056 4.086926512599926e-06
38350.056 4.255761027699883e-06
38400.056 4.331842181299781e-06
38450.056 4.37988847500043e-06
38500.056 4.2578773593997725e-06
38550.056 4.27246976880027e-06
38600.056 4.6593436441997625e-06
38650.056 4.092817547100177e-06
38700.056 4.185546007300682e-06
38750.056 4.3854765165999786e-06
38800.056 4.3120978153005756e-06
38850.056 4.304597823700322e-06
38900.056 4.167624312599886e-06
38950.056 4.3929821869995985e-06
39000.056 4.278423221300132e-06
39050.056 4.3509855560999194e-06
39100.056 4.110389307199954e-06
39150.056 4.2493653068002e-06
39200.056 4.392699683400186e-06
39250.056 4.362591546699298e-06
39300.056 4.357926649199159e-06
39350.056 4.334466121700477e-06
39400.056 4.244505450600128e-06
39450.056 4.276578650799748e-06
39500.056 4.222161654799743e-06
39550.056 4.134866354399212e-06
39600.056 4.516052601200233e-06
39650.056 4.065554343900104e-06
39700.056 4.247782670599851e-06
39750.056 4.2388902701995074e-06
39800.056 4.014736015600257e-06
39850.056 4.146491519999709e-06
39900.056 4.067303899199821e-06
39950.056 4.2771428589998296e-06
40000.056 3.941104902699744e-06
40050.056 3.7255605075999144e-06
40100.056 4.0195841837997875e-06
40150.056 3.751827113499295e-06
40200.056 3.921864829499664e-06
40250.056 3.91250454929884e-06
40300.056 3.5941239994002493e-06
40350.056 3.8529042433004e-06
40400.056 3.913641000399889e-06
40450.056 3.6145379839007045e-06
40500.056 3.392457533400115e-06
40550.056 3.942937781199712e-06
40600.056 3.508017329000335e-06
40650.056 3.6356436192007463e-06
40700.056 3.8382958298002845e-06
40750.056 3.3782791447989618e-06
40800.056 3.3531966554604503e-06
40850.056 3.176731956460744e-06
40900.056 3.1537166029005644e-06
40950.056 3.4056664923999514e-06
41000.056 3.517244464900249e-06
41050.056 3.4295675329993215e-06
41100.056 3.2432684659003878e-06
41150.056 3.4932563552001724e-06
41200.056 3.24961466100002e-06
41250.056 3.336400603000273e-06
41300.056 2.9060309942996106e-06
41350.056 3.425148168800194e-06
41400.056 3.2329841232000737e-06
41450.056 3.1072557810000774e-06
41500.056 3.3661925368001248e-06
41550.056 3.2802312719400774e-06
41600.056 3.4146013399999696e-06
41650.056 3.0144389878005363e-06
41700.056 2.8947531239796547e-06
41750.056 3.0139650765998575e-06
41800.056 2.94124671509957e-06
41850.056 2.7451606020004625e-06
41900.056 3.107731181389715e-06
41950.056 2.582033837300641e-06
42000.056 2.8389771857801567e-06
42050.056 2.5839482988290822e-06
42100.056 2.89776900383038e-06
42150.056 2.2600930287790665e-06
42200.056 2.4567369574400512e-06
42250.056 2.600575292779887e-06
42300.056 2.138969808769968e-06
42350.056 2.566158198430705e-06
42400.056 2.222325188650509e-06
42450.056 1.8711121226703134e-06
42500.056 2.0376395654703896e-06
42550.056 2.081526954750062e-06
42600.056 2.054642201110539e-06
42650.056 1.7271076550488078e-06
42700.056 2.102272120660855e-06
42750.056 1.9118574631400093e-06
42800.056 1.8641043800706375e-06
42850.056 1.9057877194597338e-06
42900.056 1.8916016372800909e-06
42950.056 1.7626972059890905e-06
43000.056 1.7880852205599462e-06
43050.056 1.777039705040976e-06
43100.056 1.8926990331001785e-06
43150.056 1.8806290602503328e-06
43200.056 1.894113676590194e-06
43250.056 1.8083124454999945e-06
43300.056 1.9127887095602443e-06
43350.056 1.719476084089907e-06
43400.056 1.7977845573399554e-06
43450.056 1.8467361742007303e-06
43500.056 1.7492554226896976e-06
43550.056 1.8626894751799916e-06
43600.056 1.8698992010302203e-06
43650.056 1.6553062826803112e-06
43700.056 1.6053221724894951e-06
43750.056 1.6968783914002356e-06
43800.056 1.563076617650312e-06
43850.056 1.6442580181304372e-06
43900.056 1.721990836859909e-06
43950.056 1.6154867569105058e-06
44000.056 1.5422732386803715e-06
44050.056 1.5672523575701807e-06
44100.056 1.6072465557303705e-06
44150.056 1.6784589380895545e-06
44200.056 1.5721801048198758e-06
44250.056 1.5623833992400465e-06
44300.056 1.5389717535202175e-06
44350.056 1.5145449735500582e-06
44400.056 1.5675603619699534e-06
44450.056 1.6410049703800468e-06
44500.056 1.6857724069801447e-06
44550.056 1.486094653049593e-06
44600.056 1.5651908280701697e-06
44650.056 1.6406414096102207e-06
44700.056 1.5492636578801286e-06
44750.056 1.6141752072797552e-06
44800.056 1.7080144033099296e-06
44850.056 1.6746755470001228e-06
44900.056 1.5885335680602756e-06
44950.056 1.4742124999599345e-06
45000.056 1.652829380399907e-06
45050.056 1.6237076806098065e-06
45100.056 1.6993792388198784e-06
45150.056 1.6264884887999125e-06
45200.056 1.501137326389997e-06
45250.056 1.5501281069397882e-06
45300.056 1.6452813317300834e-06
45350.056 1.7253135344198175e-06
45400.056 1.6546141450602598e-06
45450.056 1.512071053139784e-06
45500.056 1.551400678729902e-06
45550.056 1.7357027230698537e-06
45600.056 1.620734422809947e-06
45650.056 1.4611309830096476e-06
45700.056 1.690613954260183e-06
45750.056 1.5809783724899246e-06
45800.056 1.5599846048599662e-06
45850.056 1.8114555260100015e-06
45900.056 1.809529916040088e-06
45950.056 1.582899293749962e-06
46000.056 1.8581465882000201e-06
46050.056 1.8449515508904098e-06
46100.056 1.5692337149601316e-06
46150.056 1.639456101749952e-06
46200.056 1.8232719589304042e-06
46250.056 1.5038986320199335e-06
46300.056 1.9252516956099084e-06
46350.056 1.5652476620498281e-06
46400.056 1.6739861250897732e-06
46450.056 1.6666571564303807e-06
46500.056 1.572136238329899e-06
46550.056 1.8543344514299428e-06
46600.056 1.708300071849931e-06
46650.056 2.1294764915499345e-06
46700.056 1.986196625160552e-06
46750.056 1.6285719473598634e-06
46800.056 1.809578412460312e-06
46850.056 1.892864895040118e-06
46900.056 1.8067445387396298e-06
46950.056 1.9875260665201485e-06
47000.056 1.7784181972299676e-06
47050.056 1.9299008076497022e-06
47100.056 1.6621276382601107e-06
47150.056 1.807739564940366e-06
47200.056 1.8279705439005507e-06
47250.056 1.7163190294995642e-06
47300.056 1.7936532232095082e-06
47350.056 1.5162366766596509e-06
47400.056 1.8630416742295114e-06
47450.056 1.8050736564398522e-06
47500.056 1.790252324329554e-06
47550.056 1.7132106482096818e-06
47600.056 1.9151447008498905e-06
47650.056 1.3917295379595901e-06
47700.056 1.9228498673800715e-06
47750.056 1.3477288467904086e-06
47800.056 1.8955962792697976e-06
47850.056 1.469131873749577e-06
47900.056 1.940345170090131e-06
47950.056 1.4151210457403502e-06
48000.056 2.103182273300008e-06
48050.056 1.5535585752403289e-06
48100.056 1.7039395238399712e-06
48150.056 1.554599484640213e-06
48200.056 1.9248830337604147e-06
48250.056 1.5832324781997969e-06
48300.056 2.0685305307797207e-06
48350.056 1.4068559571697448e-06
48400.056 1.903450764739974e-06
48450.056 1.5859104165501231e-06
48500.056 2.071620309780041e-06
48550.056 1.456150797930067e-06
48600.056 1.916013750469808e-06
48650.056 1.4726721622699792e-06
48700.056 1.824719341710075e-06
48750.056 1.3350403138202362e-06
48800.056 2.0910664204301385e-06
48850.056 1.479812670099712e-06
48900.056 1.88586050840011e-06
48950.056 1.7338495750001294e-06
49000.056 1.7085077973798518e-06
49050.056 1.7676917265398682e-06
49100.056 1.6671122308201661e-06
49150.056 1.7147429727000733e-06
49200.056 1.7303998659499407e-06
49250.056 1.6977413379900655e-06
49300.056 1.5301308131797495e-06
49350.056 1.5823361749399821e-06
49400.056 1.8926654697502326e-06
49450.056 1.6105430841904017e-06
49500.056 1.68895532824022e-06
49550.056 1.4989630806199825e-06
49600.056 1.6135074385303665e-06
49650.056 1.6648455192001992e-06
49700.056 1.429507432149875e-06
49750.056 2.109805354739622e-06
49800.056 1.653720344310067e-06
49850.056 1.9946427339200263e-06
49900.056 1.6238457806001369e-06
49950.056 1.7304182501094488e-06
50000.056 1.6648371924495815e-06
50050.056 1.7102668205601409e-06
50100.056 1.7916665760998455e-06
50150.056 1.5806208952400005e-06
50200.056 1.4463283089301623e-06
50250.056 1.6169404928001368e-06
50300.056 1.54484104496979e-06
50350.056 1.7585654146900001e-06
50400.056 1.6198797565600472e-06
50450.056 1.5714300092902083e-06
50500.056 2.040063870830333e-06
50550.056 1.6475873251498666e-06
50600.056 1.762699593050118e-06
50650.056 1.663006603150439e-06
50700.056 1.820154728279407e-06
50750.056 1.7999700256402438e-06
50800.056 1.4330844147498949e-06
50850.056 1.6737430679102788e-06
50900.056 1.7065953197399535e-06
50950.056 1.798687422020286e-06
51000.056 2.0197601231402157e-06
51050.056 1.5545680203802716e-06
51100.056 1.5508941175298991e-06
51150.056 1.770204894579987e-06
51200.056 1.6524510962998915e-06
51250.056 1.8440740425000033e-06
51300.056 1.5718626047705093e-06
51350.056 1.7559204044397413e-06
51400.056 1.6691421771595052e-06
51450.056 1.22957713962981e-06
51500.056 1.7179320566499488e-06
51550.056 2.057047195060204e-06
51600.056 1.397422335689976e-06
51650.056 1.6897436581797117e-06
51700.056 1.524679542219501e-06
51750.056 1.5214401800801154e-06
51800.056 1.7657849431297794e-06
51850.056 1.7829296248998546e-06
51900.056 1.8506454200402981e-06
51950.056 1.6666810673598138e-06
52000.056 1.4981477795899626e-06
52050.056 1.7364548074798593e-06
52100.056 1.6611660266396347e-06
52150.056 1.6736443681402258e-06
52200.056 1.603912117720101e-06
52250.056 1.6211972257099754e-06
52300.056 1.7000906350199813e-06
52350.056 1.9208975508902222e-06
52400.056 1.4293660268000942e-06
52450.056 1.6391151368899464e-06
52500.056 1.7815818929295244e-06
52550.056 1.6368261654995191e-06
52600.056 1.7287955352301779e-06
52650.056 1.949435324200356e-06
52700.056 1.6700893934400487e-06
52750.056 1.3609563003898357e-06
52800.056 1.546851865040165e-06
52850.056 1.4603926356298712e-06
52900.056 1.6427296248001686e-06
52950.056 1.6049340606596942e-06
53000.056 1.7894228516097913e-06
53050.056 1.6668235998697057e-06
53100.056 1.4980257752296369e-06
53150.056 1.8446251591203934e-06
53200.056 1.339099367770288e-06
53250.056 1.8855590930899025e-06
53300.056 1.8112404453207288e-06
53350.056 1.8090216370798055e-06
