galfind/configs/Brown_Dwarf_templates/sonora_bobcat/m+0.5/178g/sp_t1100g178nc_m+0.5_resample.dat
# %ECSV 1.0
# ---
# datatype:
# - {name: wav, unit: Angstrom, datatype: float64}
# - {name: flux_nu, unit: erg / (cm2 Hz s), datatype: float64}
# meta: {C/O: '1.00', Kzz: '1.0000E+05', Teff: '1100.', Y: '0.28', '[Fe/H]': '0.50', f_hole: '1.00', f_rain: '0.00', grav: '178.'}
# schema: astropy-2.0
wav flux_nu
[from data line 498]
28900.056 1.5593778348879162e-07
28950.056 2.6218489584031376e-07
29000.056 2.1346977166415002e-07
29050.056 2.2496740178645368e-07
29100.056 1.7616921814773688e-07
29150.056 2.596113036488902e-07
29200.056 2.0906664697173723e-07
29250.056 2.672627625087102e-07
29300.056 1.920609349176032e-07
29350.056 3.3175852151860263e-07
29400.056 2.3070252130745256e-07
29450.056 2.5054394342047523e-07
29500.056 2.587493614186668e-07
29550.056 2.4660903293429406e-07
29600.056 2.759972713306035e-07
29650.056 2.6301841053135974e-07
29700.056 2.1826078224369366e-07
29750.056 2.791689446282144e-07
29800.056 2.917626511091623e-07
29850.056 2.871335208549545e-07
29900.056 2.6614398604073475e-07
29950.056 2.921794292540313e-07
30000.056 2.813371362651873e-07
30050.056 2.5698057308298226e-07
30100.056 2.3708856337390783e-07
30150.056 3.164489259429813e-07
30200.056 2.5568616682899284e-07
30250.056 3.0640634237907125e-07
30300.056 2.632404407480024e-07
30350.056 2.4204216076601574e-07
30400.056 2.7673639460700263e-07
30450.056 2.227713559267365e-07
30500.056 1.8066577652902384e-07
30550.056 1.9293408300601228e-07
30600.056 2.0485014230099003e-07
30650.056 1.7954188957095492e-07
30700.056 1.78811257914178e-07
30750.056 1.6398869823997922e-07
30800.056 1.4565764099602833e-07
30850.056 1.3086772984995196e-07
30900.056 1.3429576635997357e-07
30950.056 1.1604684361533117e-07
31000.056 1.0423355626800239e-07
31050.056 1.1272589728201091e-07
31100.056 8.847370869368996e-08
31150.056 9.569049190799441e-08
31200.056 1.0464935955401601e-07
31250.056 7.932169383798481e-08
31300.056 7.983539584009014e-08
31350.056 7.601018489960076e-08
31400.056 6.558917295200327e-08
31450.056 6.621023880598893e-08
31500.056 5.873268367188312e-08
31550.056 6.258409118639802e-08
31600.056 5.359787471849628e-08
31650.056 5.0743581807800144e-08
31700.056 5.024120676399028e-08
31750.056 4.5459665135617665e-08
31800.056 5.2603399550991024e-08
31850.056 4.8474756921006344e-08
31900.056 5.317385732999666e-08
31950.056 3.8897616858604594e-08
32000.056 4.6993942590493275e-08
32050.056 4.925265131410161e-08
32100.056 4.9942910905310406e-08
32150.056 5.03239068609917e-08
32200.056 4.6244262715700255e-08
32250.056 5.519516463700588e-08
32300.056 4.660634615500086e-08
32350.056 5.8344457498990696e-08
32400.056 4.522372410199272e-08
32450.056 5.610092535717999e-08
32500.056 5.594131000960696e-08
32550.056 5.2371782092195074e-08
32600.056 5.8890466685401164e-08
32650.056 7.56170348759886e-08
32700.056 6.85512459990112e-08
32750.056 7.337087168000567e-08
32800.056 7.028357881540666e-08
32850.056 7.527106633598594e-08
32900.056 8.392077465779087e-08
32950.056 8.536762706799042e-08
33000.056 7.402721804797644e-08
33050.056 6.68964612010297e-08
33100.056 4.546017931699641e-08
33150.056 3.272287269220138e-08
33200.056 2.4647154649298302e-08
33250.056 1.6681202045996272e-08
33300.056 1.6611738593002263e-08
33350.056 2.101802763000006e-08
33400.056 2.5937926841993978e-08
33450.056 3.251531844199902e-08
33500.056 4.316072325001311e-08
33550.056 4.559356104001337e-08
33600.056 5.943245938399326e-08
33650.056 6.309811865599525e-08
33700.056 5.860288008799006e-08
33750.056 7.361689095600687e-08
33800.056 7.24462794679989e-08
33850.056 7.790938103699041e-08
33900.056 6.723526571699879e-08
33950.056 6.692626556899659e-08
34000.056 7.77399154050187e-08
34050.056 5.980792592997809e-08
34100.056 7.80323110319879e-08
34150.056 7.116122042599557e-08
34200.056 6.449981148297883e-08
34250.056 7.034568808796755e-08
34300.056 6.546718322396588e-08
34350.056 5.644095829299961e-08
34400.056 5.717329948599482e-08
34450.056 6.77492975009908e-08
34500.056 6.469715607300045e-08
34550.056 6.217054488100213e-08
34600.056 7.63404545609974e-08
34650.056 6.857941367199503e-08
34700.056 6.867160006499595e-08
34750.056 7.169229321698497e-08
34800.056 6.937523708198706e-08
34850.056 6.727796807801714e-08
34900.056 7.808003657498217e-08
34950.056 7.622902160398559e-08
35000.056 9.56508439100232e-08
35050.056 7.230416377798782e-08
35100.056 8.148949844200366e-08
35150.056 8.105239717100338e-08
35200.056 8.775561792699649e-08
35250.056 1.0054814814897968e-07
35300.056 9.137557224201745e-08
35350.056 8.551631388097629e-08
35400.056 9.259481761801631e-08
35450.056 7.185878321502793e-08
35500.056 1.0888506884900662e-07
35550.056 1.0899384279298413e-07
35600.056 9.625678531503327e-08
35650.056 1.0703928115599633e-07
35700.056 1.0022032522699334e-07
35750.056 1.156419421919832e-07
35800.056 1.4807459789900205e-07
35850.056 1.06077778797987e-07
35900.056 1.311572960399958e-07
35950.056 1.2356544941698693e-07
36000.056 1.2717091801102327e-07
36050.056 1.235016737989763e-07
36100.056 1.3227112405792465e-07
36150.056 1.3208223644197966e-07
36200.056 1.421407861949759e-07
36250.056 1.3941771449196084e-07
36300.056 1.4999012908701098e-07
36350.056 1.487466850100009e-07
36400.056 1.4750421119999482e-07
36450.056 1.7076838869501045e-07
36500.056 1.7668572902098198e-07
36550.056 1.7911249483404763e-07
36600.056 1.9977200708001044e-07
36650.056 2.0192419670795805e-07
36700.056 2.147717381769807e-07
36750.056 2.262614874390867e-07
36800.056 2.2802875195599498e-07
36850.056 2.3069613574094692e-07
36900.056 2.289058720869756e-07
36950.056 2.6619852023397387e-07
37000.056 2.629794550739916e-07
37050.056 2.5653326759597643e-07
37100.056 2.896912029749915e-07
37150.056 2.5230410932801746e-07
37200.056 2.858119555469952e-07
37250.056 3.005946387679533e-07
37300.056 2.713665529329038e-07
37350.056 2.702847228430583e-07
37400.056 3.6457405094999204e-07
37450.056 3.1659282828803487e-07
37500.056 3.140796777549521e-07
37550.056 3.547712697301431e-07
37600.056 3.761023004600129e-07
37650.056 3.2571615062799117e-07
37700.056 4.139898494760479e-07
37750.056 3.474350838700017e-07
37800.056 3.6582520595622016e-07
37850.056 3.2539372906201547e-07
37900.056 3.3756571972412773e-07
37950.056 3.638503474619336e-07
38000.056 4.355826499540162e-07
38050.056 4.342105612120801e-07
38100.056 3.9264591333608045e-07
38150.056 4.7071906228997306e-07
38200.056 4.874589813680983e-07
38250.056 4.587476772210336e-07
38300.056 5.338353769399467e-07
38350.056 5.602614420800246e-07
38400.056 4.479217396788825e-07
38450.056 4.973390294519667e-07
38500.056 4.0079073365110463e-07
38550.056 5.190875442300551e-07
38600.056 5.468891076220035e-07
38650.056 5.191401263199558e-07
38700.056 5.579909281499859e-07
38750.056 5.873286518300155e-07
38800.056 5.208637881997436e-07
38850.056 5.144931281800286e-07
38900.056 5.968149640800634e-07
38950.056 5.850444080759651e-07
39000.056 6.030433257899906e-07
39050.056 5.908116473599191e-07
39100.056 5.870745727800995e-07
39150.056 5.978331326099956e-07
39200.056 6.371049406559792e-07
39250.056 6.703929954198347e-07
39300.056 6.026486123397591e-07
39350.056 6.931156261600488e-07
39400.056 6.714411779800962e-07
39450.056 6.663227559499663e-07
39500.056 6.243407501400814e-07
39550.056 6.76635162492055e-07
39600.056 7.073101769397735e-07
39650.056 7.097173210699982e-07
39700.056 7.061710480399928e-07
39750.056 6.468654358660648e-07
39800.056 7.009034794398204e-07
39850.056 7.595055716599719e-07
39900.056 7.39902177080073e-07
39950.056 7.447947416898191e-07
40000.056 7.873467111401145e-07
40050.056 7.500908837400397e-07
40100.056 7.544490634920076e-07
40150.056 7.799645775698996e-07
40200.056 7.883499397897961e-07
40250.056 7.278205728398062e-07
40300.056 7.340969032800786e-07
40350.056 7.978287351500769e-07
40400.056 8.335001020019856e-07
40450.056 8.174161258601497e-07
40500.056 7.776398361500873e-07
40550.056 8.405569128719049e-07
40600.056 7.634337879401124e-07
40650.056 7.662426366908622e-07
40700.056 8.982023583999849e-07
40750.056 7.879956651297868e-07
40800.056 7.132036063297965e-07
40850.056 8.189293716801679e-07
40900.056 7.920461732280368e-07
40950.056 7.812399928100111e-07
41000.056 8.050394012700461e-07
41050.056 8.613695289499118e-07
41100.056 7.648216410099925e-07
41150.056 7.151334288179294e-07
41200.056 8.208141223399472e-07
41250.056 7.77065754459988e-07
41300.056 6.928230317498238e-07
41350.056 8.673648119000827e-07
41400.056 8.075031759201427e-07
41450.056 8.130152050702084e-07
41500.056 7.566747064729636e-07
41550.056 7.63045855132048e-07
41600.056 8.425291582190591e-07
41650.056 7.964703123900987e-07
41700.056 7.24623042079811e-07
41750.056 7.168257670999476e-07
41800.056 7.166469671599513e-07
41850.056 5.765285206100399e-07
41900.056 6.453746602339603e-07
41950.056 5.521820208901497e-07
42000.056 5.48654069960089e-07
42050.056 4.968717433899178e-07
42100.056 5.875670047300509e-07
42150.056 4.5191722288786086e-07
42200.056 4.589710048970037e-07
42250.056 4.563724105949571e-07
42300.056 4.025338107820314e-07
42350.056 4.836643343301062e-07
42400.056 4.1241275715009585e-07
42450.056 3.968663464500266e-07
42500.056 4.083889201100147e-07
42550.056 4.0828730078997793e-07
42600.056 3.8887062872910417e-07
42650.056 3.6838462757990265e-07
42700.056 3.975009984041073e-07
42750.056 3.759764167599609e-07
42800.056 3.638785276121285e-07
42850.056 4.0954234054987157e-07
42900.056 4.0270391069603706e-07
42950.056 3.9176817420983183e-07
43000.056 3.94276160765999e-07
43050.056 3.5633568143416355e-07
43100.056 4.0206379908003874e-07
43150.056 3.833039082900681e-07
43200.056 4.20998988010053e-07
43250.056 4.025291130199057e-07
43300.056 4.178554880900115e-07
43350.056 3.928609922399781e-07
43400.056 3.9843383812999727e-07
43450.056 3.9202156733406736e-07
43500.056 3.758104991699696e-07
43550.056 4.0713415864203786e-07
43600.056 4.2219386596201946e-07
43650.056 3.924978751240525e-07
43700.056 4.092626048598808e-07
43750.056 4.0639190081011606e-07
43800.056 3.798724485800041e-07
43850.056 4.012728073100783e-07
43900.056 4.129461071699573e-07
43950.056 3.724711451000562e-07
44000.056 3.732256547600559e-07
44050.056 4.178159795000534e-07
44100.056 4.3143858032003805e-07
44150.056 4.1512683650988487e-07
44200.056 4.109739820299756e-07
44250.056 4.105672562400079e-07
44300.056 3.9739093183305513e-07
44350.056 3.917490405920438e-07
44400.056 4.1936553366299246e-07
44450.056 4.269205367399852e-07
44500.056 4.4997445517003717e-07
44550.056 4.405516971599349e-07
44600.056 4.2066036965804626e-07
44650.056 4.475062135500734e-07
44700.056 4.070284245900115e-07
44750.056 4.4822122571997416e-07
44800.056 4.518252487500027e-07
44850.056 4.3948778945007974e-07
44900.056 4.1194988774403553e-07
44950.056 4.198284658040222e-07
45000.056 4.452274409199686e-07
45050.056 4.465565369499894e-07
45100.056 4.575474923099892e-07
45150.056 4.366497808369783e-07
45200.056 4.073506840000288e-07
45250.056 4.226592413299248e-07
45300.056 4.2988429421003357e-07
45350.056 4.415201997099566e-07
45400.056 4.5058827647203675e-07
45450.056 4.1652439506792985e-07
45500.056 4.33789258269978e-07
45550.056 4.6812475451994437e-07
45600.056 4.4688136927000396e-07
45650.056 3.9456990883291963e-07
45700.056 4.5349343702306047e-07
45750.056 4.087060575589935e-07
45800.056 4.312756050099912e-07
45850.056 4.906074603999761e-07
45900.056 4.884781495800255e-07
45950.056 4.2354479912001185e-07
46000.056 4.801173920920157e-07
46050.056 4.6410652516505277e-07
46100.056 4.31280625970024e-07
46150.056 4.5227317664998237e-07
46200.056 4.613993155000878e-07
46250.056 3.966181711209733e-07
46300.056 4.911494053119804e-07
46350.056 4.3716173877997884e-07
46400.056 4.467060155899853e-07
46450.056 4.6159010947004713e-07
46500.056 4.254612032900057e-07
46550.056 4.991516383799764e-07
46600.056 4.774019075740108e-07
46650.056 5.960611209899051e-07
46700.056 5.405372273101442e-07
46750.056 4.3016955777798867e-07
46800.056 4.496598865600484e-07
46850.056 5.324871017400793e-07
46900.056 5.032083669099248e-07
46950.056 5.418216547800169e-07
47000.056 4.611365724699987e-07
47050.056 5.288712492298706e-07
47100.056 4.1266448495805557e-07
47150.056 4.53427824940034e-07
47200.056 5.00410634396056e-07
47250.056 4.425332041799843e-07
47300.056 4.2981037367693103e-07
47350.056 4.4261172176994243e-07
47400.056 5.104513685499293e-07
47450.056 4.4504845854500455e-07
47500.056 5.17606503819926e-07
47550.056 4.520202792519701e-07
47600.056 4.965065569099559e-07
47650.056 3.9027053588191233e-07
47700.056 5.104504083490889e-07
47750.056 3.6420254773904463e-07
47800.056 4.928550997499634e-07
47850.056 3.8147767848994677e-07
47900.056 4.737472497599862e-07
47950.056 3.929930629200346e-07
48000.056 5.469365149400366e-07
48050.056 4.5663271080003746e-07
48100.056 4.591532525600016e-07
48150.056 4.4646562435005326e-07
48200.056 4.928685535100438e-07
48250.056 4.2921246731000386e-07
48300.056 5.294304045798534e-07
48350.056 3.932149661800114e-07
48400.056 4.3757967370997355e-07
48450.056 4.2753486462007077e-07
48500.056 5.504381627199917e-07
48550.056 4.0268816944401027e-07
48600.056 4.974146459099861e-07
48650.056 4.313231982699694e-07
48700.056 4.877933650600236e-07
48750.056 3.6984840464207276e-07
48800.056 5.693814400900056e-07
48850.056 4.02736491674921e-07
48900.056 5.315400538500301e-07
48950.056 4.803779651100403e-07
49000.056 4.0512784585390836e-07
49050.056 5.033405394400011e-07
49100.056 4.6478970020004625e-07
49150.056 4.841160494839929e-07
49200.056 4.775473114400076e-07
49250.056 5.068022865100388e-07
49300.056 4.382030647599804e-07
49350.056 4.235846406970277e-07
49400.056 5.025126708700024e-07
49450.056 4.542034534151241e-07
49500.056 4.5074549302997284e-07
49550.056 3.754708769700182e-07
49600.056 4.4843061403809134e-07
49650.056 4.6777388210998025e-07
49700.056 4.178189381639111e-07
49750.056 5.550872083999013e-07
49800.056 4.4775481914802063e-07
49850.056 5.764181140300897e-07
49900.056 4.5953385784001623e-07
49950.056 4.899767973099395e-07
50000.056 4.7678778197992905e-07
50050.056 5.008230485200189e-07
50100.056 4.968855234799808e-07
50150.056 3.989066156899889e-07
50200.056 3.280100714120027e-07
50250.056 4.93107536179966e-07
50300.056 4.4167867488999544e-07
50350.056 5.550959247400112e-07
50400.056 4.7076028645997314e-07
50450.056 4.425935970780808e-07
50500.056 5.3430424482007e-07
50550.056 4.6668441504001105e-07
50600.056 4.866776958999501e-07
50650.056 5.064200627200956e-07
50700.056 5.465060916898503e-07
50750.056 5.426799035420807e-07
50800.056 3.866014048989512e-07
50850.056 4.303989803600923e-07
50900.056 5.44740346419995e-07
50950.056 4.896770927501165e-07
51000.056 5.707547319140647e-07
51050.056 4.5042251486002907e-07
51100.056 3.8848128881495397e-07
51150.056 4.796441098959407e-07
51200.056 5.455884230499841e-07
51250.056 4.920344015629153e-07
51300.056 4.2595399354119106e-07
51350.056 4.457751748499573e-07
51400.056 3.6448820961095403e-07
51450.056 3.088884048829186e-07
51500.056 3.86311908227072e-07
51550.056 5.734011071600625e-07
51600.056 4.172947548620534e-07
51650.056 4.5273736428994016e-07
51700.056 4.4928621938287797e-07
51750.056 3.8730060184504024e-07
51800.056 4.995326943598663e-07
51850.056 4.920756747999759e-07
51900.056 5.644155093401285e-07
51950.056 5.004031100499501e-07
52000.056 3.4167831917398175e-07
52050.056 4.5955255481801154e-07
52100.056 3.8904893488993835e-07
52150.056 3.8672415909601924e-07
52200.056 3.623047747039745e-07
52250.056 4.1407037229002564e-07
52300.056 5.253709900099696e-07
52350.056 4.904302293240336e-07
52400.056 3.5224947855903323e-07
52450.056 4.601371665700242e-07
52500.056 4.883719039799029e-07
52550.056 5.047968047498636e-07
52600.056 4.45479481380077e-07
52650.056 4.825981451951142e-07
52700.056 4.389751897100037e-07
52750.056 3.493545901619733e-07
52800.056 4.07178354980041e-07
52850.056 3.9867378624991525e-07
52900.056 4.146401955660424e-07
52950.056 4.2340749491196715e-07
53000.056 4.90568723720975e-07
53050.056 3.644102670708725e-07
53100.056 3.8008777693991264e-07
53150.056 5.34880491500041e-07
53200.056 3.343324068229994e-07
53250.056 5.19719237090027e-07
53300.056 4.952556069652355e-07
53350.056 4.911237423099542e-07
53400.056 4.9369429157005e-07
53450.056 3.6613680631003087e-07
53500.056 2.8988892092091816e-07
53550.056 3.9009421350191605e-07
53600.056 4.5628068085508107e-07
