galfind/configs/Brown_Dwarf_templates/sonora_bobcat/m+0.5/178g/sp_t1000g178nc_m+0.5_resample.dat
# %ECSV 1.0
# ---
# datatype:
# - {name: wav, unit: Angstrom, datatype: float64}
# - {name: flux_nu, unit: erg / (cm2 Hz s), datatype: float64}
# meta: {C/O: '1.00', Kzz: '1.0000E+05', Teff: '1000.', Y: '0.28', '[Fe/H]': '0.50', f_hole: '1.00', f_rain: '0.00', grav: '178.'}
# schema: astropy-2.0
wav flux_nu
[from data line 499]
28950.056 1.709058122668986e-07
29000.056 1.3590502000186158e-07
29050.056 1.447378975109508e-07
29100.056 1.0835239713342127e-07
29150.056 1.7591928030158424e-07
29200.056 1.3219654376504586e-07
29250.056 1.7869870400900752e-07
29300.056 1.1724987904775861e-07
29350.056 2.3817450753234182e-07
29400.056 1.486130471517809e-07
29450.056 1.6482883038241387e-07
29500.056 1.745604163820935e-07
29550.056 1.6151181765978194e-07
29600.056 1.847263929902276e-07
29650.056 1.782266729782733e-07
29700.056 1.3953554516502418e-07
29750.056 1.852373757872748e-07
29800.056 1.9550005846447758e-07
29850.056 1.9756902235686196e-07
29900.056 1.8233237841910999e-07
29950.056 1.9516706879983788e-07
30000.056 1.6427499285921162e-07
30050.056 1.5738219487598934e-07
30100.056 1.4979437828784066e-07
30150.056 2.0868031820398314e-07
30200.056 1.5907605994459242e-07
30250.056 2.0995980342405022e-07
30300.056 1.744741589130113e-07
30350.056 1.553428746528093e-07
30400.056 1.822387461696987e-07
30450.056 1.4030253979402259e-07
30500.056 1.1159262467811046e-07
30550.056 1.1873635729960292e-07
30600.056 1.3072713032199047e-07
30650.056 1.1008443335947098e-07
30700.056 1.100896948401809e-07
30750.056 1.0141933105798394e-07
30800.056 8.806669767921754e-08
30850.056 7.990076866016507e-08
30900.056 7.966179255678427e-08
30950.056 6.954331146972031e-08
31000.056 6.196832970590225e-08
31050.056 6.575180427100606e-08
31100.056 5.0787005005794104e-08
31150.056 5.701415012449621e-08
31200.056 6.223985187901065e-08
31250.056 4.558435964069035e-08
31300.056 4.5770756080193005e-08
31350.056 4.424089602940033e-08
31400.056 3.591413235640097e-08
31450.056 3.81209730605935e-08
31500.056 3.189846504609057e-08
31550.056 3.502569432059781e-08
31600.056 2.8634228235998695e-08
31650.056 2.7026713156501433e-08
31700.056 2.6834170922794372e-08
31750.056 2.3365794502110007e-08
31800.056 2.804119116119559e-08
31850.056 2.4901348130503882e-08
31900.056 2.793939085239811e-08
31950.056 1.8519688123301547e-08
32000.056 2.4091315986797015e-08
32050.056 2.5333162799100836e-08
32100.056 2.507930728660539e-08
32150.056 2.5746919624196022e-08
32200.056 2.3163476337200792e-08
32250.056 2.8539753717703834e-08
32300.056 2.2896281535499473e-08
32350.056 3.024209642699506e-08
32400.056 2.2206535037594577e-08
32450.056 2.8160260424590196e-08
32500.056 2.7578448553104204e-08
32550.056 2.5632897688996934e-08
32600.056 3.030203253490101e-08
32650.056 4.037857154299365e-08
32700.056 3.5618014406006674e-08
32750.056 3.927669891900507e-08
32800.056 3.7349587318904726e-08
32850.056 4.0772332886493535e-08
32900.056 4.606265089199379e-08
32950.056 4.728332273909552e-08
33000.056 3.990150941288658e-08
33050.056 3.68623943664198e-08
33100.056 2.163820468949672e-08
33150.056 1.1786183649000697e-08
33200.056 9.172119346698696e-09
33250.056 5.656084408198486e-09
33300.056 6.0912545199012035e-09
33350.056 8.924403938200264e-09
33400.056 1.1868657549796103e-08
33450.056 1.6145208904299164e-08
33500.056 2.315684584361038e-08
33550.056 2.32623461512088e-08
33600.056 3.306572977819567e-08
33650.056 3.4110779064895e-08
33700.056 3.0707687004994195e-08
33750.056 4.058096931550684e-08
33800.056 3.7857954286903115e-08
33850.056 4.121086547479494e-08
33900.056 3.43389482344995e-08
33950.056 3.4602742233296755e-08
34000.056 4.204006979091353e-08
34050.056 2.8472967987487523e-08
34100.056 4.2182328566795695e-08
34150.056 3.660254445419749e-08
34200.056 3.443919207368667e-08
34250.056 3.683600257817977e-08
34300.056 3.403344171608229e-08
34350.056 2.900593165029974e-08
34400.056 2.84792544423956e-08
34450.056 3.558085079139181e-08
34500.056 3.3782809856102236e-08
34550.056 3.0308610266502484e-08
34600.056 4.1502293725996724e-08
34650.056 3.394124711469954e-08
34700.056 3.647315688109731e-08
34750.056 3.750539361718921e-08
34800.056 3.541459395659046e-08
34850.056 3.620195086361172e-08
34900.056 4.120663428848706e-08
34950.056 4.149666359199147e-08
35000.056 5.48357239520154e-08
35050.056 3.8711313601594595e-08
35100.056 4.5428793079003424e-08
35150.056 4.4097803256505454e-08
35200.056 4.842320781089545e-08
35250.056 5.811700338338465e-08
35300.056 5.084074746181062e-08
35350.056 4.834534286938431e-08
35400.056 5.331631421400579e-08
35450.056 3.92071963435184e-08
35500.056 6.578035930820108e-08
35550.056 6.396891786018906e-08
35600.056 5.522578457362345e-08
35650.056 6.229356048049639e-08
35700.056 5.783718234439255e-08
35750.056 6.951184784698871e-08
35800.056 9.021289991420016e-08
35850.056 6.006055098659158e-08
35900.056 7.677319289850067e-08
35950.056 7.166482677698687e-08
36000.056 7.316653789001383e-08
36050.056 6.970594521997966e-08
36100.056 7.505607815595659e-08
36150.056 7.601556170598357e-08
36200.056 8.12618346469805e-08
36250.056 7.895088667947282e-08
36300.056 8.827592738570617e-08
36350.056 8.677878659100643e-08
36400.056 8.46412367149924e-08
36450.056 1.0140470591300763e-07
36500.056 1.0526947063019182e-07
36550.056 1.0547544411802817e-07
36600.056 1.2185390151200374e-07
36650.056 1.2178603629787428e-07
36700.056 1.2940080029838189e-07
36750.056 1.372390893040672e-07
36800.056 1.3659375695699858e-07
36850.056 1.3496196454956627e-07
36900.056 1.3897758622598002e-07
36950.056 1.5897623051197958e-07
37000.056 1.544577443549909e-07
37050.056 1.5068996745098313e-07
37100.056 1.7094102735199154e-07
37150.056 1.465789365460014e-07
37200.056 1.6819763420798707e-07
37250.056 1.761423111799693e-07
37300.056 1.5718616050743466e-07
37350.056 1.5866248228203457e-07
37400.056 2.2269076799599523e-07
37450.056 1.8483099852861046e-07
37500.056 1.8329614790467437e-07
37550.056 2.100805328561159e-07
37600.056 2.2405035187401325e-07
37650.056 1.8649271392899344e-07
37700.056 2.4762692509902616e-07
37750.056 1.984000048829952e-07
37800.056 2.0979312975213905e-07
37850.056 1.7780730326801323e-07
37900.056 1.8829019764607483e-07
37950.056 2.1253026283095031e-07
38000.056 2.5674836756400877e-07
38050.056 2.548265466860501e-07
38100.056 2.335921612620537e-07
38150.056 2.7854979586398055e-07
38200.056 2.906244245590729e-07
38250.056 2.795770167690158e-07
38300.056 3.355863882169638e-07
38350.056 3.489918670000295e-07
38400.056 2.578886974159243e-07
38450.056 2.7975303927995727e-07
38500.056 2.1767227168204024e-07
38550.056 2.9848916454005074e-07
38600.056 3.1100566318601936e-07
38650.056 3.0058085126696496e-07
38700.056 3.2160357531997804e-07
38750.056 3.4897263714201097e-07
38800.056 2.9798537973679294e-07
38850.056 3.001401154480278e-07
38900.056 3.740178135200487e-07
38950.056 3.384119039039695e-07
39000.056 3.63537904848987e-07
39050.056 3.393493800099656e-07
39100.056 3.584382425590532e-07
39150.056 3.6007729671099995e-07
39200.056 3.7927623078697723e-07
39250.056 4.1192838102090315e-07
39300.056 3.6129884754783374e-07
39350.056 4.369087829820168e-07
39400.056 4.1068318068108804e-07
39450.056 4.127619753569872e-07
39500.056 3.89470011897071e-07
39550.056 4.2218777455505807e-07
39600.056 4.402863982838537e-07
39650.056 4.628213232399962e-07
39700.056 4.5045388739002313e-07
39750.056 4.020635720610802e-07
39800.056 4.5311219798985497e-07
39850.056 5.036063108899889e-07
39900.056 4.905975458900431e-07
39950.056 4.779363314398663e-07
40000.056 5.571028529501107e-07
40050.056 5.04122362072022e-07
40100.056 4.778038808660096e-07
40150.056 5.35329587299926e-07
40200.056 5.449558846198236e-07
40250.056 5.048960321798552e-07
40300.056 5.091364557100777e-07
40350.056 5.496617372850215e-07
40400.056 5.973312551419649e-07
40450.056 5.713868620131264e-07
40500.056 5.637960334200351e-07
40550.056 5.919219674079151e-07
40600.056 5.588862494600792e-07
40650.056 5.441316610818775e-07
40700.056 6.672549887599929e-07
40750.056 5.795913416898767e-07
40800.056 5.109985360028076e-07
40850.056 6.338514144201428e-07
40900.056 6.045474398900494e-07
40950.056 5.769666054740312e-07
41000.056 6.069161227300434e-07
41050.056 6.719462607899408e-07
41100.056 5.804611897000076e-07
41150.056 5.191658157789313e-07
41200.056 6.453403197399452e-07
41250.056 5.849915358139669e-07
41300.056 5.306861413398619e-07
41350.056 6.838016783100903e-07
41400.056 6.330327780781096e-07
41450.056 6.416429964801562e-07
41500.056 5.789098346349869e-07
41550.056 5.827703925650712e-07
41600.056 6.717450982550659e-07
41650.056 6.392806505500596e-07
41700.056 5.768925472898139e-07
41750.056 5.810503566999739e-07
41800.056 5.942595230399663e-07
41850.056 4.6401013580602935e-07
41900.056 5.191603640079517e-07
41950.056 4.5811821013010955e-07
42000.056 4.5710273028006375e-07
42050.056 4.1645026190195906e-07
42100.056 5.069807555500398e-07
42150.056 3.9371793564991227e-07
42200.056 3.9080838422899504e-07
42250.056 3.8737262314492527e-07
42300.056 3.5720352419401763e-07
42350.056 4.2625055651008287e-07
42400.056 3.732340679800921e-07
42450.056 3.5851551844001165e-07
42500.056 3.630241829149965e-07
42550.056 3.6195888391795996e-07
42600.056 3.4764005332207834e-07
42650.056 3.544884899439178e-07
42700.056 3.6251779744007104e-07
42750.056 3.4139951927996676e-07
42800.056 3.424578182440902e-07
42850.056 3.8932482844987904e-07
42900.056 3.8672804280006207e-07
42950.056 3.624776341998516e-07
43000.056 3.78745767595988e-07
43050.056 3.180280747381518e-07
43100.056 3.6824831134000325e-07
43150.056 3.567325072850621e-07
43200.056 3.9573046320003837e-07
43250.056 3.9342499999994687e-07
43300.056 4.054782204700014e-07
43350.056 3.5687583454895425e-07
43400.056 3.73972725580982e-07
43450.056 3.6240365493205614e-07
43500.056 3.4721439393497275e-07
43550.056 3.671738127000478e-07
43600.056 4.1177650688401957e-07
43650.056 3.702165482570263e-07
43700.056 3.9129317457994777e-07
43750.056 3.8895066451410297e-07
43800.056 3.6617122905497145e-07
43850.056 3.7386297689007105e-07
43900.056 3.899836503599483e-07
43950.056 3.38022793354022e-07
44000.056 3.307990731660308e-07
44050.056 3.9767885221004275e-07
44100.056 4.228856750300264e-07
44150.056 4.0087854990390116e-07
44200.056 3.978096106949896e-07
44250.056 3.7571264653500796e-07
44300.056 3.5620451347406527e-07
44350.056 3.605905281010598e-07
44400.056 3.847943974369963e-07
44450.056 3.9904700544198254e-07
44500.056 4.1904372655007123e-07
44550.056 4.305523683999388e-07
44600.056 3.8870380583804944e-07
44650.056 4.225555246610753e-07
44700.056 3.6122818809000827e-07
44750.056 4.167864051299936e-07
44800.056 4.0557397892001646e-07
44850.056 4.0925079203007804e-07
44900.056 3.7310473100803345e-07
44950.056 3.912711959080251e-07
45000.056 4.1186880131996584e-07
45050.056 4.1191557579899854e-07
45100.056 4.166810635579923e-07
45150.056 4.0439918424997515e-07
45200.056 3.674192686200273e-07
45250.056 3.8739931373991106e-07
45300.056 3.79624640212041e-07
45350.056 3.877379405699529e-07
45400.056 4.250464550660332e-07
45450.056 3.9034792608994144e-07
45500.056 4.0264334161098557e-07
45550.056 4.3912493520992577e-07
45600.056 4.2506583453001293e-07
45650.056 3.626299015439276e-07
45700.056 4.0162607173205756e-07
45750.056 3.673746195569853e-07
45800.056 4.110390189399963e-07
45850.056 4.555621478899849e-07
45900.056 4.588844180500193e-07
45950.056 3.9534043509800773e-07
46000.056 4.4638175027001536e-07
46050.056 4.2099543254303486e-07
46100.056 4.14779819840008e-07
46150.056 4.0899247782498e-07
46200.056 4.129243820400773e-07
46250.056 3.492302567199627e-07
46300.056 4.418816217979799e-07
46350.056 4.017125342899981e-07
46400.056 4.0679078802999905e-07
46450.056 4.0952367434704614e-07
46500.056 3.8892753990003254e-07
46550.056 4.262923390359797e-07
46600.056 4.2739042570400293e-07
46650.056 5.365492528899292e-07
46700.056 4.73743441780098e-07
46750.056 3.6861392640799673e-07
46800.056 3.6686279768903846e-07
46850.056 4.949015025200841e-07
46900.056 4.611302595099351e-07
46950.056 4.883503996900182e-07
47000.056 4.2083636304000536e-07
47050.056 4.6317289804986326e-07
47100.056 3.591286401610555e-07
47150.056 3.9991922693703014e-07
47200.056 4.5241488898004365e-07
47250.056 3.905023813799888e-07
47300.056 3.556574120659565e-07
47350.056 4.1809404787995164e-07
47400.056 4.6110599639993816e-07
47450.056 4.140399853550157e-07
47500.056 4.733278655329287e-07
47550.056 4.175420998699814e-07
47600.056 4.4179937912995584e-07
47650.056 3.615694751239177e-07
47700.056 4.5125743937509605e-07
47750.056 3.2033757021402706e-07
47800.056 4.1864296670798625e-07
47850.056 3.2232288526397287e-07
47900.056 4.0180313478996463e-07
47950.056 3.5991375565403227e-07
48000.056 4.965518843400512e-07
48050.056 4.315506991300298e-07
48100.056 3.8738062253600753e-07
48150.056 4.024155584700435e-07
48200.056 4.2502071555002776e-07
48250.056 3.8452647105000303e-07
48300.056 4.728398827198549e-07
48350.056 3.4441037207002323e-07
48400.056 3.391703391579706e-07
48450.056 3.8059769418608684e-07
48500.056 4.843090651999698e-07
48550.056 3.6230242092600093e-07
48600.056 4.344388739399983e-07
48650.056 3.9475552972997083e-07
48700.056 4.232178336490074e-07
48750.056 3.155085040450984e-07
48800.056 5.110075975749999e-07
48850.056 3.488450833049271e-07
48900.056 4.737413016700145e-07
48950.056 4.157040474300454e-07
49000.056 3.1686829511992294e-07
49050.056 4.393800478199905e-07
49100.056 4.220247603200609e-07
49150.056 4.190658146260114e-07
49200.056 4.3841266177002345e-07
49250.056 4.5331701640004753e-07
49300.056 3.92995607737992e-07
49350.056 3.412367268520398e-07
49400.056 4.2162182278998494e-07
49450.056 3.948128440711203e-07
49500.056 3.7001549047996664e-07
49550.056 2.84462003198022e-07
49600.056 3.6808144620007914e-07
49650.056 3.958216683759819e-07
49700.056 3.587735737859102e-07
49750.056 4.6067934426990146e-07
49800.056 3.7904589984202253e-07
49850.056 5.005926031600977e-07
49900.056 4.0056999340200207e-07
49950.056 4.12912532499963e-07
50000.056 3.987384367799566e-07
50050.056 4.3737455738000896e-07
50100.056 4.115681616890023e-07
50150.056 3.144227211199789e-07
50200.056 2.212140303640069e-07
50250.056 4.11062472389958e-07
50300.056 3.509371780740084e-07
50350.056 4.7628295825402233e-07
50400.056 4.0141379390997256e-07
50450.056 3.597003934720662e-07
50500.056 4.3781416051005807e-07
50550.056 3.9022405518001785e-07
50600.056 3.909234573369358e-07
50650.056 4.3390136741009383e-07
50700.056 4.6684326137984773e-07
50750.056 4.3888205725007856e-07
50800.056 2.95108973945967e-07
50850.056 3.158667405060853e-07
50900.056 4.6420297623000146e-07
50950.056 3.9485520659008604e-07
51000.056 4.574845596180467e-07
51050.056 3.7698274009001506e-07
51100.056 2.8463525202096446e-07
51150.056 3.72146912168947e-07
51200.056 4.745986043699808e-07
51250.056 3.9058395056291e-07
51300.056 3.320535402571684e-07
51350.056 3.506158233469785e-07
51400.056 2.5641528160197763e-07
51450.056 2.2098631303393988e-07
51500.056 2.6601246360307335e-07
51550.056 4.573470591040447e-07
51600.056 3.319908460600481e-07
51650.056 3.469627175499406e-07
51700.056 3.5793980239591004e-07
51750.056 2.845167211890342e-07
51800.056 3.9507681133989266e-07
51850.056 3.8161812774999075e-07
51900.056 4.722188503361199e-07
51950.056 4.002623741899572e-07
52000.056 2.2226597864197817e-07
52050.056 3.4836911899902747e-07
52100.056 2.7470746756995865e-07
52150.056 2.641000148430148e-07
52200.056 2.6170817199098505e-07
52250.056 3.121860631720323e-07
52300.056 4.2607344158996304e-07
52350.056 3.6019309604402407e-07
52400.056 2.5185288410501504e-07
52450.056 3.658833287700229e-07
52500.056 3.7651324646991064e-07
52550.056 3.996732463698906e-07
52600.056 3.395591322640689e-07
52650.056 3.624286873850861e-07
52700.056 3.2998068708200184e-07
52750.056 2.4466197753898093e-07
52800.056 2.9590680111003625e-07
52850.056 2.972527675889171e-07
52900.056 2.970292393870325e-07
52950.056 3.0896021410798174e-07
53000.056 3.815681120729883e-07
53050.056 2.477600111738997e-07
53100.056 2.87341866574928e-07
53150.056 4.2232173329003395e-07
53200.056 2.3664283641599117e-07
53250.056 4.0179479203003215e-07
53300.056 3.8531891049320185e-07
53350.056 3.829479360999684e-07
53400.056 3.8694032458003705e-07
53450.056 2.4925691559001417e-07
53500.056 1.7891370515694565e-07
53550.056 2.629410993199435e-07
