galfind/configs/Brown_Dwarf_templates/sonora_bobcat/m+0.5/178g/sp_t475g178nc_m+0.5_resample.dat
# %ECSV 1.0
# ---
# datatype:
# - {name: wav, unit: Angstrom, datatype: float64}
# - {name: flux_nu, unit: erg / (cm2 Hz s), datatype: float64}
# meta: {C/O: '1.00', Kzz: '1.0000E+05', Teff: '475.', Y: '0.28', '[Fe/H]': '0.50', f_hole: '1.00', f_rain: '0.00', grav: '178.'}
# schema: astropy-2.0
wav flux_nu
4000.0559999999996 nan
4050.0559999999996 7.208804005260295e-17
4100.056 8.392732283520167e-15
4150.056 7.941186315900076e-14
4200.056 7.779465701009422e-14
4250.056 7.10168380060006e-13
4300.056 1.6263652911000057e-12
4350.056 2.917223619700009e-12
4400.056 4.642402101400011e-12
4450.056 7.16934795230002e-12
4500.056 9.846351920600034e-12
4550.056 9.057897979755933e-12
4600.056 1.079451725089994e-12
4650.056 5.657561885399971e-13
4700.056 2.547770421499979e-13
4750.056 8.761980082899911e-14
4800.056 3.818688527599975e-14
4850.056 1.9054115254999883e-14
4900.056 1.1769620583699957e-14
4950.056 8.089916005699972e-15
5000.056 5.107920010699967e-15
5050.056 3.531674828100006e-15
5100.056 3.6512872916000386e-15
5150.056 3.99016777010003e-15
5200.056 4.352579937300013e-15
5250.056 4.700291468400002e-15
5300.056 5.0832523842e-15
5350.056 5.530333316700008e-15
5400.056 5.9860132353000076e-15
5450.056 6.5272343727000486e-15
5500.056 7.139837986200053e-15
5550.056 7.789641198200016e-15
5600.056 8.421844709299998e-15
5650.056 8.96122485069998e-15
5700.056 9.135103309300008e-15
5750.056 9.007784004700001e-15
5800.056 8.065619902299983e-15
5850.056 5.8351299858999245e-15
5900.056 1.9422906228667337e-15
5950.056 1.0915029743600444e-14
6000.056 2.2280556494299585e-14
6050.056 3.9331182901000875e-14
6100.056 6.283995820100069e-14
6150.056 9.45274057160007e-14
6200.056 1.381571006700008e-13
6250.056 1.934002941000005e-13
6300.056 2.727537031900001e-13
6350.056 3.7590933323000157e-13
6400.056 5.091304251200036e-13
6450.056 6.370697558299855e-13
6500.056 8.60081326049998e-13
6550.056 1.1793369589899818e-12
6600.056 1.6114534311200548e-12
6650.056 2.1986184217500188e-12
6700.056 2.781616735240022e-12
6750.056 3.782124691000019e-12
6800.056 4.452128704900039e-12
6850.056 4.5322338830999995e-12
6900.056 3.711738265500086e-12
6950.056 2.9092799137199588e-12
7000.056 3.027495583199996e-12
7050.056 3.1330212896099506e-12
7100.056 3.402259003629926e-12
7150.056 2.9032263375224977e-12
7200.056 2.5755606747656065e-12
7250.056 2.787715492776358e-12
7300.056 2.7795741586688714e-12
7350.056 3.0859276409856056e-12
7400.056 3.3938283185301973e-12
7450.056 3.883697404980259e-12
7500.056 4.2724338809999615e-12
7550.056 4.557978110999985e-12
7600.056 4.671444097599992e-12
7650.056 2.2588498338829445e-12
7700.056 2.056466584762051e-12
7750.056 5.726154676200063e-12
7800.056 7.242158696459898e-12
7850.056 9.466695587600002e-12
7900.056 1.1997477098199677e-11
7950.056 1.3617957973959948e-11
8000.056 1.783456963430013e-11
8050.056 2.1452277377300426e-11
8100.056 2.003958061496929e-11
8150.056 2.088596877067869e-11
8200.056 3.1715081846327464e-11
8250.056 3.608986534298955e-11
8300.056 4.460152274251858e-11
8350.056 4.959053088282615e-11
8400.056 5.973539323888362e-11
8450.056 7.918330339569865e-11
8500.056 9.283564538299598e-11
8550.056 1.2084823211700164e-10
8600.056 1.5009462015200147e-10
8650.056 1.7689126410000254e-10
8700.056 1.9464284388000249e-10
8750.056 2.2319164762000072e-10
8800.056 2.38130571714002e-10
8850.056 2.0506283861699064e-10
8900.056 5.7545204832014386e-11
8950.056 6.51295129459129e-11
9000.056 5.2180349462928705e-11
9050.056 1.60907131388098e-10
9100.056 2.0256286162541054e-10
9150.056 2.3555240578744326e-10
9200.056 3.7977366862533484e-10
9250.056 3.4865284787654704e-10
9300.056 4.574404153406044e-11
9350.056 5.924056950425178e-11
9400.056 1.3929252459179554e-10
9450.056 1.643554947508298e-10
9500.056 1.3467406015617708e-10
9550.056 1.5576713387639565e-10
9600.056 1.4804751877470034e-10
9650.056 2.1984561082130963e-10
9700.056 4.0228802470432693e-10
9750.056 3.849906228005051e-10
9800.056 4.4028904760183305e-10
9850.056 4.988728176071489e-10
9900.056 6.682555434133828e-10
9950.056 6.396837582691883e-10
10000.056 7.734819322839036e-10
10050.056 9.28913874770049e-10
10100.056 1.2395661075999569e-09
10150.056 1.3361182372400039e-09
10200.056 1.4001800756851496e-09
10250.056 1.7143057848066366e-09
10300.056 2.281885607586838e-09
10350.056 2.426203486392145e-09
10400.056 3.818215956680353e-09
10450.056 4.983248234688744e-09
10500.056 6.190938351959867e-09
10550.056 7.688671192200193e-09
10600.056 8.497568931999767e-09
10650.056 9.185042941420412e-09
10700.056 8.900822119950118e-09
10750.056 9.347173369296096e-09
10800.056 8.92043315858484e-09
10850.056 7.714193355819282e-09
10900.056 5.059507211810343e-09
10950.056 2.0964487107607803e-09
11000.056 1.208401580304339e-09
11050.056 6.402817970154353e-10
11100.056 3.190642082889184e-10
11150.056 1.1090014635534837e-10
11200.056 6.353524121098341e-11
11250.056 7.503062771844721e-11
11300.056 1.3393629040794588e-10
11350.056 3.4504408932730896e-11
11400.056 1.3249946399282923e-10
11450.056 9.223757793296163e-11
11500.056 6.053624668140163e-11
11550.056 1.0869977713077319e-11
11600.056 8.08350845121214e-12
11650.056 3.627628629613637e-11
11700.056 4.202546799937228e-11
11750.056 6.698758672888698e-12
11800.056 5.206987551108695e-11
11850.056 9.282229286023055e-11
11900.056 1.0306122092545813e-10
11950.056 1.8719848805049528e-10
12000.056 3.6310230232434177e-10
12050.056 6.885338608330089e-10
12100.056 1.217556594173507e-09
12150.056 2.0620522185957665e-09
12200.056 2.768684924259374e-09
12250.056 4.606567903818134e-09
12300.056 7.486761746904562e-09
12350.056 8.158079417717874e-09
12400.056 1.2999787077619135e-08
12450.056 1.8686312265401816e-08
12500.056 2.1284471407603092e-08
12550.056 2.5466080451349192e-08
12600.056 2.839303922975221e-08
12650.056 2.7849077376938434e-08
12700.056 2.6827369632942135e-08
12750.056 2.016735740443299e-08
12800.056 1.544615800171971e-08
12850.056 8.977775058200102e-09
12900.056 6.305087096939033e-09
12950.056 4.839016050379206e-09
13000.056 4.673340416082176e-09
13050.056 2.6996826990405097e-09
13100.056 2.3411823253474906e-09
13150.056 1.4288965705323078e-09
13200.056 1.2781055817906858e-09
13250.056 8.95047652187708e-10
13300.056 3.1224823386746776e-10
13350.056 8.817532353917247e-11
13400.056 4.854657097998635e-11
13450.056 1.479160020661892e-11
13500.056 5.704601273778743e-12
13550.056 2.19022111551796e-12
13600.056 4.1539134525963423e-13
13650.056 3.6146272264432294e-12
13700.056 1.8779017298493e-12
13750.056 3.613362698806544e-12
13800.056 3.076025326242746e-12
13850.056 1.728893738037427e-12
13900.056 2.779557946739149e-12
13950.056 2.0734689460964946e-12
14000.056 2.454509496157852e-12
14050.056 4.395952364920301e-12
14100.056 4.7884007460717884e-12
14150.056 9.952396001491465e-12
14200.056 5.9509640667582465e-12
14250.056 9.050869366395403e-12
14300.056 2.3313942355102416e-11
14350.056 2.380701335657063e-11
14400.056 2.6031824308090365e-11
14450.056 4.3804648029580794e-11
14500.056 9.912080735812954e-11
14550.056 1.0931896320898496e-10
14600.056 1.4295817537252981e-10
14650.056 8.975625941121622e-11
14700.056 4.1283728841574504e-11
14750.056 2.194958024594331e-11
14800.056 4.6217926978806723e-11
14850.056 6.087897943332536e-11
14900.056 6.483198957075643e-11
14950.056 5.0804767816080534e-11
15000.056 1.3542193877396524e-10
15050.056 1.0768147530911614e-10
15100.056 7.585098437431343e-11
15150.056 5.641919092904694e-11
15200.056 1.196412817330883e-10
15250.056 2.9457811858728804e-10
15300.056 3.7732667367142386e-10
15350.056 5.328565015638004e-10
15400.056 7.463555002975935e-10
15450.056 1.0396587220982158e-09
15500.056 1.1935334187539736e-09
15550.056 2.0806682198873743e-09
15600.056 2.8862652564028754e-09
15650.056 4.306589577370044e-09
15700.056 6.368627377779103e-09
15750.056 8.03371318393851e-09
15800.056 9.096203036050263e-09
15850.056 1.0653814525201777e-08
15900.056 9.422887531710273e-09
15950.056 8.55281208519877e-09
16000.056 5.834536163850903e-09
16050.056 2.8719777485596188e-09
16100.056 1.6565552727237237e-09
16150.056 8.00415466995378e-10
16200.056 3.983516286365402e-10
16250.056 2.522837864663962e-10
16300.056 1.4965644018182905e-10
16350.056 1.8942312251198102e-10
16400.056 2.4483726963692586e-10
16450.056 2.026409910940213e-10
16500.056 1.7505344637150777e-10
16550.056 1.8170355049787168e-10
16600.056 2.7685902483663986e-10
16650.056 2.1158241427189165e-10
16700.056 2.5641334022379083e-11
16750.056 9.60076513799731e-11
16800.056 1.7038956135791554e-10
16850.056 2.0282164329348324e-10
16900.056 9.177305970593542e-11
16950.056 5.093965133505268e-11
17000.056 2.6629298242206275e-11
17050.056 5.958145640682794e-11
17100.056 1.1292983410066845e-10
17150.056 5.516989428172376e-11
17200.056 2.206845035945369e-10
17250.056 1.2172024545306533e-10
17300.056 7.040643791018119e-11
17350.056 7.680482157749525e-11
17400.056 1.428906834583674e-10
17450.056 1.9973222083206892e-10
17500.056 2.762424330191844e-10
17550.056 2.5080590286098713e-10
17600.056 1.8244246969725126e-10
17650.056 1.666768639159802e-10
17700.056 1.221475817209542e-10
17750.056 1.2653067046514546e-10
17800.056 3.2825170291694666e-10
17850.056 1.432944114946897e-10
17900.056 1.0330611376226503e-10
17950.056 8.064277076196105e-11
18000.056 1.3133541828075274e-10
18050.056 1.067930531404797e-10
18100.056 1.3836045683937554e-10
18150.056 1.1972568532440992e-10
18200.056 8.134950070773871e-11
18250.056 2.9630189888809305e-10
18300.056 6.516836202637702e-11
18350.056 4.935017243978556e-11
18400.056 3.665934778669788e-11
18450.056 1.6524993455197224e-10
18500.056 1.662439945317006e-10
18550.056 9.32867251517901e-11
18600.056 1.224906446162567e-10
18650.056 8.440060128907733e-11
18700.056 2.4283337506624243e-11
18750.056 6.118425845239328e-11
18800.056 2.8009286925673544e-10
18850.056 2.8930913941767374e-10
18900.056 2.3909518319244445e-10
18950.056 4.3289083086032917e-10
19000.056 1.1768645609187604e-10
19050.056 5.39028103308225e-11
19100.056 1.330527740899708e-10
19150.056 5.3732463762984235e-11
19200.056 8.343391266224983e-11
19250.056 5.821363436988287e-11
19300.056 3.848466932948598e-11
19350.056 3.2566670957365083e-11
19400.056 3.0435259486775076e-11
19450.056 6.050006084820609e-11
19500.056 3.383784457987757e-11
19550.056 5.392197015994922e-11
19600.056 1.45050013478436e-10
19650.056 9.259389934671875e-11
19700.056 1.1167656716884385e-10
19750.056 2.2474200209179357e-10
19800.056 1.477993090304781e-10
19850.056 1.96360579888351e-10
19900.056 2.634748092367746e-10
19950.056 4.068156717003442e-10
20000.056 5.850112892456702e-10
20050.056 4.2917064925937896e-10
20100.056 8.46723850700331e-10
20150.056 3.916931000411285e-10
20200.056 2.939940247557525e-10
20250.056 6.859665277783107e-10
20300.056 8.304856938476918e-10
20350.056 9.467329602198798e-10
20400.056 7.462161712917359e-10
20450.056 1.5415784622213356e-09
20500.056 1.9380331651168117e-09
20550.056 2.3382115654811827e-09
20600.056 2.4960247124998985e-09
20650.056 3.462738230620604e-09
20700.056 3.995071734990567e-09
20750.056 4.906531145870313e-09
20800.056 4.833071221487052e-09
20850.056 5.709439270400563e-09
20900.056 6.430521006928247e-09
20950.056 6.052609382370419e-09
21000.056 5.868280781589272e-09
21050.056 6.281441237298653e-09
21100.056 5.6539358763806426e-09
21150.056 5.710596321010978e-09
21200.056 5.0782671526880376e-09
21250.056 4.505283833627534e-09
21300.056 3.355812163986507e-09
21350.056 3.407335821949039e-09
21400.056 3.0408787285119053e-09
21450.056 2.261824281900579e-09
21500.056 1.8790225054801137e-09
21550.056 1.6375915100447021e-09
21600.056 1.2703986778498085e-09
21650.056 8.55717175453132e-10
21700.056 7.105471448977424e-10
21750.056 6.902447325023472e-10
21800.056 4.3542387221686504e-10
21850.056 4.208302593719699e-10
21900.056 2.6338877853241724e-10
21950.056 8.277849263827759e-11
22000.056 1.450359206116023e-11
22050.056 1.788233834622685e-11
22100.056 7.823557279401377e-11
22150.056 6.898380855332022e-11
22200.056 7.569328411674842e-11
22250.056 5.8167121125213964e-11
22300.056 2.8041540516821017e-11
22350.056 3.755202990335375e-11
22400.056 1.3590825761759471e-11
22450.056 1.975587041902249e-11
22500.056 1.5519800977172668e-11
22550.056 9.02741046739352e-12
22600.056 6.940796678403589e-12
22650.056 1.4879984893551677e-11
22700.056 1.145416652327091e-11
22750.056 1.3467936085816844e-11
22800.056 1.4052079905115856e-11
22850.056 1.0076339737581241e-11
22900.056 7.223661842181722e-12
22950.056 6.226458357286531e-12
23000.056 9.042103734779526e-12
23050.056 1.1742966145595295e-11
23100.056 6.24922280088885e-11
23150.056 6.35179477183549e-11
23200.056 2.4880720084911058e-12
23250.056 9.175005375060123e-12
23300.056 9.085710593436477e-12
23350.056 1.4372553800585336e-11
23400.056 1.1553262040799314e-11
23450.056 7.125792606142464e-12
23500.056 7.785662644432965e-12
23550.056 1.5599803151662175e-11
23600.056 2.9955863695541463e-11
23650.056 4.557076743886047e-11
23700.056 9.167453971424078e-12
23750.056 7.537700057540885e-12
23800.056 3.2984175872813406e-11
23850.056 2.394211776592543e-11
23900.056 5.52400200125139e-11
23950.056 3.279154078348956e-11
24000.056 6.749751525199262e-11
24050.056 8.657816070708841e-11
24100.056 9.843341622181097e-11
24150.056 1.4464993479476006e-10
24200.056 9.31302909831029e-11
24250.056 7.440200011621024e-11
24300.056 1.3280175867900518e-10
24350.056 1.0912608539431236e-10
24400.056 2.485203479626672e-10
24450.056 2.858361890015676e-10
24500.056 2.547891965173477e-10
24550.056 3.946974764948603e-10
24600.056 4.0290433746022767e-10
24650.056 6.726245234147812e-10
24700.056 3.5022010341043954e-10
24750.056 4.84297034436628e-10
24800.056 4.2185386536073e-10
24850.056 7.418558981327228e-10
24900.056 3.1646846452783515e-10
24950.056 7.075831445777671e-10
25000.056 6.680203821122271e-10
25050.056 4.169019820738229e-10
25100.056 6.797942980097727e-10
25150.056 2.992665492773627e-10
25200.056 4.588509071729778e-10
25250.056 1.815091901982747e-10
25300.056 2.7722529337454156e-10
25350.056 1.2071087897707315e-10
25400.056 3.2422426462345014e-10
25450.056 9.434769324361545e-11
25500.056 8.061242360985106e-11
25550.056 1.6217573273924973e-10
25600.056 8.026558788352375e-11
25650.056 4.356280905046066e-11
25700.056 5.644245754774117e-11
25750.056 1.4444281551718097e-11
25800.056 8.584930731723885e-11
25850.056 1.469687831585359e-11
25900.056 2.0993557518050647e-11
25950.056 4.9331361244403375e-12
26000.056 7.66846840069209e-11
26050.056 8.234835630286979e-12
26100.056 4.529495507995664e-11
26150.056 1.9255118166167595e-11
26200.056 2.628171136063066e-11
26250.056 1.8900470279130856e-10
26300.056 3.807859736452594e-11
26350.056 2.916335370809503e-10
26400.056 4.2255127768186993e-10
26450.056 3.1423302902630953e-10
26500.056 6.591843151289031e-10
26550.056 7.275657978650068e-11
26600.056 9.551742568907903e-11
26650.056 1.2410647974135547e-11
26700.056 6.936139961001475e-12
26750.056 1.0447376690736321e-11
26800.056 3.508736261219028e-11
26850.056 1.8861267344746062e-11
26900.056 1.038709904809742e-10
26950.056 3.229481282775681e-11
27000.056 1.9735787210510226e-10
27050.056 2.1679294810194704e-10
27100.056 2.5198718000019746e-11
27150.056 2.716671210825439e-10
27200.056 2.4642213488151336e-11
27250.056 9.09616075465346e-11
27300.056 6.640169884629013e-10
27350.056 2.2113187104536674e-10
27400.056 1.0050474415514853e-11
27450.056 2.8527919404373434e-10
27500.056 3.3669594960581937e-10
27550.056 4.9883854250439084e-11
27600.056 1.552832925181434e-10
27650.056 3.758753215882578e-11
27700.056 3.249295921747322e-11
27750.056 2.333389511952737e-10
27800.056 6.034204924948487e-11
27850.056 1.061517242950573e-10
27900.056 1.0318410984353094e-10
27950.056 2.9058830894013074e-10
28000.056 2.6274072124217146e-10
28050.056 2.893929190263247e-11
28100.056 2.4199639923761175e-10
28150.056 1.861544345482128e-10
28200.056 4.7691499814495544e-11
28250.056 3.4095642099996066e-10
28300.056 3.1576208933655504e-10
28350.056 6.398005585685196e-11
28400.056 2.2684751341949509e-10
28450.056 4.0163949075903755e-10
28500.056 2.4859370829838707e-10
28550.056 5.237750398679173e-11
28600.056 4.2023829362987814e-10
28650.056 2.7781704161103834e-10
28700.056 4.094459337121695e-10
28750.056 5.932797317528527e-10
28800.056 2.590544471154162e-10
28850.056 5.928265562773304e-10
