galfind/configs/Brown_Dwarf_templates/sonora_bobcat/m+0.5/178g/sp_t1200g178nc_m+0.5_resample.dat
# %ECSV 1.0
# ---
# datatype:
# - {name: wav, unit: Angstrom, datatype: float64}
# - {name: flux_nu, unit: erg / (cm2 Hz s), datatype: float64}
# meta: {C/O: '1.00', Kzz: '1.0000E+05', Teff: '1200.', Y: '0.28', '[Fe/H]': '0.50', f_hole: '1.00', f_rain: '0.00', grav: '178.'}
# schema: astropy-2.0
wav flux_nu
[from data line 499]
28950.056 3.447935741410139e-07
29000.056 2.8548335220193384e-07
29050.056 3.0009992146894817e-07
29100.056 2.4130772533404824e-07
29150.056 3.357817949690949e-07
29200.056 2.8088163163704967e-07
29250.056 3.469099193650042e-07
29300.056 2.608974355018647e-07
29350.056 4.1836862713988474e-07
29400.056 3.0679890958393137e-07
29450.056 3.291108970289795e-07
29500.056 3.3743467647994945e-07
29550.056 3.2526778000300304e-07
29600.056 3.596422463728926e-07
29650.056 3.418483286549532e-07
29700.056 2.940472560348883e-07
29750.056 3.683049536361539e-07
29800.056 3.8238914753695436e-07
29850.056 3.725894086889434e-07
29900.056 3.4588732296114703e-07
29950.056 3.8581800780292256e-07
30000.056 3.818408455199598e-07
30050.056 3.5173342860996905e-07
30100.056 3.158898912628886e-07
30150.056 4.251124232409729e-07
30200.056 3.5553329350000184e-07
30250.056 4.037864340880975e-07
30300.056 3.611468517899855e-07
30350.056 3.354412285760223e-07
30400.056 3.8659403388001857e-07
30450.056 3.149996545820474e-07
30500.056 2.6477901118403673e-07
30550.056 2.9265000979803235e-07
30600.056 3.05880185225002e-07
30650.056 2.788185475359442e-07
30700.056 2.711718101349828e-07
30750.056 2.534937025089789e-07
30800.056 2.3612159361504516e-07
30850.056 2.0979689520793955e-07
30900.056 2.1833788144396236e-07
30950.056 1.8992210762704265e-07
31000.056 1.7614802284800065e-07
31050.056 1.8865115131401074e-07
31100.056 1.5445970250498513e-07
31150.056 1.6580315353998874e-07
31200.056 1.788153595380202e-07
31250.056 1.4297294213697848e-07
31300.056 1.439267305519851e-07
31350.056 1.354899560610012e-07
31400.056 1.2176599619901134e-07
31450.056 1.20979559953983e-07
31500.056 1.1235823331497249e-07
31550.056 1.1675910291699846e-07
31600.056 1.0352555506099301e-07
31650.056 9.861245194799905e-08
31700.056 9.83110663119858e-08
31750.056 9.06016353250302e-08
31800.056 1.0340300218398311e-07
31850.056 9.462586892201164e-08
31900.056 1.0434967978799636e-07
31950.056 8.138310142701104e-08
32000.056 9.409631591298701e-08
32050.056 9.830375331800394e-08
32100.056 1.0021468717601657e-07
32150.056 1.0149355024998575e-07
32200.056 9.356263612299863e-08
32250.056 1.1098085507801009e-07
32300.056 9.448444183199944e-08
32350.056 1.1620289559198609e-07
32400.056 9.317188083999226e-08
32450.056 1.143142703409596e-07
32500.056 1.1453776337701471e-07
32550.056 1.09846325392993e-07
32600.056 1.1756164854899966e-07
32650.056 1.4601482396698316e-07
32700.056 1.3492471871301982e-07
32750.056 1.4328464397100647e-07
32800.056 1.3857671166601078e-07
32850.056 1.4556098958597382e-07
32900.056 1.608637944509885e-07
32950.056 1.6009912909798247e-07
33000.056 1.4371026698296076e-07
33050.056 1.2960119993304232e-07
33100.056 9.852246097099441e-08
33150.056 7.497978763900153e-08
33200.056 5.7532042126993415e-08
33250.056 4.167041162199079e-08
33300.056 4.0286089975004795e-08
33350.056 4.813812809000015e-08
33400.056 5.6895560372989655e-08
33450.056 6.764454466699917e-08
33500.056 8.452138357101622e-08
33550.056 9.06127869710206e-08
33600.056 1.1064711286199015e-07
33650.056 1.2021006466199872e-07
33700.056 1.1416607273098455e-07
33750.056 1.3987465174500572e-07
33800.056 1.3904256717199285e-07
33850.056 1.5038089042598253e-07
33900.056 1.3364736300999546e-07
33950.056 1.316466118439929e-07
34000.056 1.4838276751302069e-07
34050.056 1.229041144859663e-07
34100.056 1.4975570161897608e-07
34150.056 1.3939139903799006e-07
34200.056 1.2415491371596377e-07
34250.056 1.3758090913394853e-07
34300.056 1.2648889984493558e-07
34350.056 1.1239118533499726e-07
34400.056 1.1392547039499728e-07
34450.056 1.321828007969864e-07
34500.056 1.2743731879399777e-07
34550.056 1.2429401302099798e-07
34600.056 1.455850170880002e-07
34650.056 1.3579953603998474e-07
34700.056 1.3305886191498998e-07
34750.056 1.4081994330398122e-07
34800.056 1.359506407089776e-07
34850.056 1.2960015421501976e-07
34900.056 1.5047208282797577e-07
34950.056 1.4353299757297603e-07
35000.056 1.7523762781302928e-07
35050.056 1.3930091344597596e-07
35100.056 1.5364474545900347e-07
35150.056 1.5604265176400053e-07
35200.056 1.6452535753300252e-07
35250.056 1.8130415862197165e-07
35300.056 1.6770352616802704e-07
35350.056 1.5804049163096282e-07
35400.056 1.686893772710357e-07
35450.056 1.359628592010493e-07
35500.056 1.9124690732501766e-07
35550.056 1.9331526575397488e-07
35600.056 1.7525228283904736e-07
35650.056 1.9328376038199807e-07
35700.056 1.796859400839944e-07
35750.056 2.0034087152696581e-07
35800.056 2.524232730920097e-07
35850.056 1.9402805150798024e-07
35900.056 2.3459880121998561e-07
35950.056 2.2313733639698846e-07
36000.056 2.2814693071003137e-07
36050.056 2.2893755296997467e-07
36100.056 2.4062011818286345e-07
36150.056 2.399834434619863e-07
36200.056 2.624453602399682e-07
36250.056 2.5531597018894497e-07
36300.056 2.72340030912019e-07
36350.056 2.6928490108598187e-07
36400.056 2.702814479639975e-07
36450.056 3.0455286036301197e-07
36500.056 3.1058164898797183e-07
36550.056 3.2232382815009266e-07
36600.056 3.4773215207001985e-07
36650.056 3.5087443312492487e-07
36700.056 3.7706136131397804e-07
36750.056 3.9107467217010865e-07
36800.056 4.0042308961998494e-07
36850.056 4.060183874199396e-07
36900.056 4.013565985699883e-07
36950.056 4.6259794847995427e-07
37000.056 4.6425399587998293e-07
37050.056 4.525114884999648e-07
37100.056 5.029557606900213e-07
37150.056 4.5711727435004083e-07
37200.056 5.06859105140018e-07
37250.056 5.287753250299366e-07
37300.056 4.852511614418773e-07
37350.056 4.776662226001051e-07
37400.056 6.077665131099703e-07
37450.056 5.498831058620789e-07
37500.056 5.491791997679085e-07
37550.056 6.094453944201351e-07
37600.056 6.486126498400009e-07
37650.056 5.770708248799913e-07
37700.056 6.97232008610073e-07
37750.056 6.205907909400195e-07
37800.056 6.509764633102945e-07
37850.056 5.892712399400008e-07
37900.056 6.124058343901825e-07
37950.056 6.330292216599176e-07
38000.056 7.39434738450041e-07
38050.056 7.342279578501014e-07
38100.056 6.710985239401225e-07
38150.056 8.006967843399742e-07
38200.056 8.231786444000985e-07
38250.056 7.482488363100755e-07
38300.056 8.354618630499251e-07
38350.056 8.807841708100004e-07
38400.056 7.669620004598216e-07
38450.056 8.665464816599955e-07
38500.056 7.311314726301696e-07
38550.056 8.756362693400562e-07
38600.056 9.347547050999406e-07
38650.056 8.635024054799537e-07
38700.056 9.226050957200562e-07
38750.056 9.439333254200217e-07
38800.056 8.852894403197682e-07
38850.056 8.606210900100354e-07
38900.056 9.222755192700386e-07
38950.056 9.70203794799952e-07
39000.056 9.562491543400082e-07
39050.056 9.818295928498701e-07
39100.056 9.219458462701537e-07
39150.056 9.605065781699966e-07
39200.056 1.0211824777100058e-06
39250.056 1.0467730987497462e-06
39300.056 9.68475525249698e-07
39350.056 1.0597871885600987e-06
39400.056 1.0403591810200798e-06
39450.056 1.0355777058299362e-06
39500.056 9.705572932800264e-07
39550.056 1.028269783600037e-06
39600.056 1.0960208952897203e-06
39650.056 1.0387134982599908e-06
39700.056 1.0539578754399474e-06
39750.056 9.906799531000148e-07
39800.056 1.0195512229298393e-06
39850.056 1.0893424702599436e-06
39900.056 1.0711273880001131e-06
39950.056 1.1019718346097901e-06
40000.056 1.0627777038100931e-06
40050.056 1.056124655860044e-06
40100.056 1.1153621591300052e-06
40150.056 1.0762578831298709e-06
40200.056 1.0883670144597892e-06
40250.056 1.0114233402597295e-06
40300.056 1.0072294396100846e-06
40350.056 1.105791833880137e-06
40400.056 1.1143458906900262e-06
40450.056 1.108441605270154e-06
40500.056 1.0245991656501555e-06
40550.056 1.1483171487198974e-06
40600.056 9.948806713401537e-07
40650.056 1.025220711179853e-06
40700.056 1.16628553865e-06
40750.056 1.0164486832096582e-06
40800.056 9.425339184698548e-07
40850.056 1.0209581243802068e-06
40900.056 1.000806356560034e-06
40950.056 1.0146302306899733e-06
41000.056 1.028790068310029e-06
41050.056 1.0679893652898685e-06
41100.056 9.745543390599689e-07
41150.056 9.452236733299474e-07
41200.056 1.0120093191199657e-06
41250.056 9.956801357500302e-07
41300.056 8.69090051469774e-07
41350.056 1.0647395721700697e-06
41400.056 9.900002751601783e-07
41450.056 9.981559518402493e-07
41500.056 9.568467455099589e-07
41550.056 9.514900472200316e-07
41600.056 1.015966576430053e-06
41650.056 9.590741311401468e-07
41700.056 8.803481685998166e-07
41750.056 8.563023541799132e-07
41800.056 8.501158050099347e-07
41850.056 7.010246368100649e-07
41900.056 7.87833959579973e-07
41950.056 6.538060785101889e-07
42000.056 6.512359704760993e-07
42050.056 5.884540632498761e-07
42100.056 6.805359694700705e-07
42150.056 5.145603206948129e-07
42200.056 5.339439728240086e-07
42250.056 5.34750086529008e-07
42300.056 4.501340127980442e-07
42350.056 5.470588828721359e-07
42400.056 4.5688638392010025e-07
42450.056 4.359865763200507e-07
42500.056 4.5574524252003825e-07
42550.056 4.544473818300046e-07
42600.056 4.379040627121177e-07
42650.056 3.842793919938717e-07
42700.056 4.3364833843513933e-07
42750.056 4.107280131999578e-07
42800.056 3.8588364560617145e-07
42850.056 4.2931816772986484e-07
42900.056 4.194520203390158e-07
42950.056 4.1403190608981e-07
43000.056 4.0638965682501416e-07
43050.056 3.870571742201682e-07
43100.056 4.3238389944008144e-07
43150.056 4.0560519580508425e-07
43200.056 4.410174636420727e-07
43250.056 4.0998186603587324e-07
43300.056 4.261616959900239e-07
43350.056 4.169967551499949e-07
43400.056 4.1855485075001513e-07
43450.056 4.166603808500927e-07
43500.056 3.9738417765997174e-07
43550.056 4.406016679770304e-07
43600.056 4.261181054200179e-07
43650.056 4.0376061245006366e-07
43700.056 4.2455298181982205e-07
43750.056 4.171705188001192e-07
43800.056 3.8591682503004905e-07
43850.056 4.161271534300857e-07
43900.056 4.261767550699759e-07
43950.056 3.969877267901107e-07
44000.056 4.0449271679007877e-07
44050.056 4.3312335697006125e-07
44100.056 4.3884330373005605e-07
44150.056 4.3068235145987673e-07
44200.056 4.168356421199497e-07
44250.056 4.3362506395001356e-07
44300.056 4.248011227100412e-07
44350.056 4.0997088011003157e-07
44400.056 4.403151540299872e-07
44450.056 4.463318344199858e-07
44500.056 4.7005162735000336e-07
44550.056 4.43813962469929e-07
44600.056 4.4826937988604093e-07
44650.056 4.63008982450074e-07
44700.056 4.409023413500157e-07
44750.056 4.705886438299656e-07
44800.056 4.900153768699953e-07
44850.056 4.665838969600836e-07
44900.056 4.472048758100429e-07
44950.056 4.426872766220116e-07
45000.056 4.7483475719997127e-07
45050.056 4.755757789299779e-07
45100.056 4.918345626899853e-07
45150.056 4.6625917361997545e-07
45200.056 4.4003894206003064e-07
45250.056 4.524793857099389e-07
45300.056 4.72255834820028e-07
45350.056 4.876741391699673e-07
45400.056 4.774238036800422e-07
45450.056 4.429763985749261e-07
45500.056 4.63164573459978e-07
45550.056 4.978343185699618e-07
45600.056 4.6753234559999885e-07
45650.056 4.274291367399203e-07
45700.056 4.984931335500499e-07
45750.056 4.4576139457500563e-07
45800.056 4.545015569899858e-07
45850.056 5.250205405499712e-07
45900.056 5.196061175500311e-07
45950.056 4.5244570354000927e-07
46000.056 5.163560799220187e-07
46050.056 5.066576001400727e-07
46100.056 4.5056401061003775e-07
46150.056 4.912976452699832e-07
46200.056 5.037269070680886e-07
46250.056 4.348041323969829e-07
46300.056 5.377793588399898e-07
46350.056 4.7233300900996376e-07
46400.056 4.836005823699703e-07
46450.056 5.100174491700484e-07
46500.056 4.6000814215798365e-07
46550.056 5.567486888499749e-07
46600.056 5.219988691000206e-07
46650.056 6.54016565159882e-07
46700.056 5.996736149801915e-07
46750.056 4.814264829599745e-07
46800.056 5.142554518600556e-07
46850.056 5.725601071100736e-07
46900.056 5.446488024599161e-07
46950.056 5.922662848300159e-07
47000.056 4.986063751499947e-07
47050.056 5.920062603498832e-07
47100.056 4.590099445000533e-07
47150.056 5.017850561600397e-07
47200.056 5.478366142160702e-07
47250.056 4.869712759799762e-07
47300.056 4.89158707682911e-07
47350.056 4.693851858399332e-07
47400.056 5.562352844099218e-07
47450.056 4.7617104801199054e-07
47500.056 5.624796036899272e-07
47550.056 4.865552480499637e-07
47600.056 5.480693680699635e-07
47650.056 4.186855340239125e-07
47700.056 5.630183348500742e-07
47750.056 4.030401919600638e-07
47800.056 5.541149695699516e-07
47850.056 4.295002301199347e-07
47900.056 5.330977408200092e-07
47950.056 4.266216533300431e-07
48000.056 6.008685171100212e-07
48050.056 4.813009433680443e-07
48100.056 5.182651929699991e-07
48150.056 4.83130969050062e-07
48200.056 5.505116805600532e-07
48250.056 4.675474619360111e-07
48300.056 5.885556443898564e-07
48350.056 4.3591327373999583e-07
48400.056 5.160652532799828e-07
48450.056 4.661411065700434e-07
48500.056 6.102599852700062e-07
48550.056 4.402161205300088e-07
48600.056 5.558502223599723e-07
48650.056 4.6802628393996983e-07
48700.056 5.498752321700332e-07
48750.056 4.163425876300511e-07
48800.056 6.244355667900124e-07
48850.056 4.484295584799155e-07
48900.056 5.855499579500413e-07
48950.056 5.331884107200291e-07
49000.056 4.771056466779084e-07
49050.056 5.601924826300036e-07
49100.056 5.063908474000406e-07
49150.056 5.425004466299845e-07
49200.056 5.154484872499948e-07
49250.056 5.543240377900256e-07
49300.056 4.782619191499728e-07
49350.056 4.940454349300167e-07
49400.056 5.717314776800187e-07
49450.056 5.071827838001243e-07
49500.056 5.189786563899827e-07
49550.056 4.4562777536001105e-07
49600.056 5.122770977281022e-07
49650.056 5.299975166999846e-07
49700.056 4.697610806599226e-07
49750.056 6.438959056899031e-07
49800.056 5.042803360040214e-07
49850.056 6.489966996900775e-07
49900.056 5.145340913400232e-07
49950.056 5.590554167899166e-07
50000.056 5.437042291199086e-07
50050.056 5.570608342400278e-07
50100.056 5.739464765799691e-07
50150.056 4.7095869229000507e-07
50200.056 4.2242571673002083e-07
50250.056 5.613591983399818e-07
50300.056 5.152840549199851e-07
50350.056 6.238869385800015e-07
50400.056 5.322531885399741e-07
50450.056 5.156748280720898e-07
50500.056 6.260966189100838e-07
50550.056 5.384100231100042e-07
50600.056 5.716721774099637e-07
50650.056 5.698135493500998e-07
50700.056 6.186223067198541e-07
50750.056 6.297476838400837e-07
50800.056 4.602241726399399e-07
50850.056 5.252522936301023e-07
50900.056 6.195565281099839e-07
50950.056 5.797300118801338e-07
51000.056 6.725140979500724e-07
51050.056 5.179428265300384e-07
51100.056 4.795940399899499e-07
51150.056 5.714580523059425e-07
51200.056 6.105264615799824e-07
51250.056 5.877197589699337e-07
51300.056 5.043334080002002e-07
51350.056 5.374929263499335e-07
51400.056 4.654332766299327e-07
51450.056 3.8759186546191225e-07
51500.056 4.883110780540604e-07
51550.056 6.7583910486007e-07
51600.056 4.874414236190593e-07
51650.056 5.452896569799358e-07
51700.056 5.301070456068617e-07
51750.056 4.790802710850436e-07
51800.056 5.95086237749843e-07
51850.056 5.882460070899581e-07
51900.056 6.500264323201336e-07
51950.056 5.882858846999487e-07
52000.056 4.452901135399794e-07
52050.056 5.500488233799901e-07
52100.056 4.866252704899244e-07
52150.056 4.926724407200197e-07
52200.056 4.57649191799979e-07
52250.056 5.115410497800165e-07
52300.056 6.135865490399779e-07
52350.056 6.019309467180452e-07
52400.056 4.428437704000574e-07
52450.056 5.481944428800165e-07
52500.056 5.937382273098991e-07
52550.056 5.922261885198421e-07
52600.056 5.441143983200845e-07
52650.056 5.945817783401255e-07
52700.056 5.331884899300041e-07
52750.056 4.4143148870996883e-07
52800.056 5.021030598300435e-07
52850.056 4.871279110999163e-07
52900.056 5.177848572000375e-07
52950.056 5.236398928699565e-07
53000.056 5.937275785999648e-07
53050.056 4.7192808279986946e-07
53100.056 4.7116757861989313e-07
53150.056 6.391144599500533e-07
53200.056 4.243133883570154e-07
53250.056 6.238604659900156e-07
53300.056 5.990122804402571e-07
53350.056 5.9222123786994e-07
53400.056 5.858970506700572e-07
53450.056 4.70006360810033e-07
53500.056 3.9156702838191024e-07
53550.056 5.001536391899143e-07
53600.056 5.60617049720095e-07
53650.056 4.7046081893201126e-07
