galfind/configs/Brown_Dwarf_templates/sonora_bobcat/m+0.5/178g/sp_t1400g178nc_m+0.5_resample.dat
# %ECSV 1.0
# ---
# datatype:
# - {name: wav, unit: Angstrom, datatype: float64}
# - {name: flux_nu, unit: erg / (cm2 Hz s), datatype: float64}
# meta: {C/O: '1.00', Kzz: '1.0000E+05', Teff: '1400.', Y: '0.28', '[Fe/H]': '0.50', f_hole: '1.00', f_rain: '0.00', grav: '178.'}
# schema: astropy-2.0
wav flux_nu
4000.0559999999996 nan
4050.0559999999996 7.110145752565406e-11
4100.056 3.568246471559819e-10
4150.056 4.024321663880373e-10
4200.056 3.302602117846779e-10
4250.056 3.8967878335810703e-10
4300.056 3.8111662367306305e-10
4350.056 4.021059203190235e-10
4400.056 4.624921977300639e-10
4450.056 4.418964065400073e-10
4500.056 4.5079388097002847e-10
4550.056 5.436048213770804e-10
4600.056 5.898772753560041e-10
4650.056 5.626570632599441e-10
4700.056 6.524130627000223e-10
4750.056 6.50291706849974e-10
4800.056 4.2666719231000994e-10
4850.056 3.1971811650999297e-10
4900.056 2.4555265029000116e-10
4950.056 1.419017762799994e-10
5000.056 4.8802045821998294e-11
5050.056 1.6477307016000026e-11
5100.056 1.2757399418999905e-11
5150.056 1.08684037751999e-11
5200.056 9.14102701129995e-12
5250.056 7.194694294799951e-12
5300.056 5.638973458699979e-12
5350.056 4.47680310099998e-12
5400.056 3.614310187299991e-12
5450.056 2.9187228378999906e-12
5500.056 2.3354869336999917e-12
5550.056 1.8424216277999953e-12
5600.056 1.4307094900999952e-12
5650.056 1.0766930079299968e-12
5700.056 7.786383353799965e-13
5750.056 5.279604231899969e-13
5800.056 3.3286074964999767e-13
5850.056 1.7825879945499781e-13
5900.056 5.2390949139201125e-14
5950.056 3.7082162302000604e-13
6000.056 1.0814085599600178e-12
6050.056 2.7580124628000267e-12
6100.056 6.2185213650000585e-12
6150.056 1.2887319270200116e-11
6200.056 2.4804610174000198e-11
6250.056 4.510708595500037e-11
6300.056 7.854076971000064e-11
6350.056 1.3211275360000094e-10
6400.056 2.1476467128000157e-10
6450.056 3.383258696900025e-10
6500.056 5.215628244100052e-10
6550.056 7.863251151100054e-10
6600.056 1.16520505284001e-09
6650.056 1.6657831151000133e-09
6700.056 1.427087208008453e-09
6750.056 2.9876219014000233e-09
6800.056 3.978330845400053e-09
6850.056 4.505631041500022e-09
6900.056 4.239924078100037e-09
6950.056 3.709620022299966e-09
7000.056 3.623337139600024e-09
7050.056 3.935816132699995e-09
7100.056 4.351839343299991e-09
7150.056 4.562837573699956e-09
7200.056 4.66458195230006e-09
7250.056 4.451004116899896e-09
7300.056 3.902260785399989e-09
7350.056 3.27163122059996e-09
7400.056 2.716640251000018e-09
7450.056 2.1781274218000094e-09
7500.056 1.6453686439999894e-09
7550.056 1.1537408126599906e-09
7600.056 6.9226320014999e-10
7650.056 9.93648794402369e-11
7700.056 4.141949637605102e-11
7750.056 4.746050905000137e-10
7800.056 1.1254089311270242e-09
7850.056 2.6559530836000275e-09
7900.056 4.440313162100026e-09
7950.056 5.339307341817462e-09
8000.056 9.882840831300065e-09
8050.056 1.3717169632999958e-08
8100.056 1.8066616185899944e-08
8150.056 2.35312999816001e-08
8200.056 2.7980009381101133e-08
8250.056 3.800904217550139e-08
8300.056 4.6482749940402815e-08
8350.056 5.595886245799827e-08
8400.056 6.586408859999706e-08
8450.056 7.4060949375997e-08
8500.056 7.561170370134039e-08
8550.056 8.94019995840027e-08
8600.056 9.558730971699611e-08
8650.056 8.913377157798693e-08
8700.056 9.362451854098977e-08
8750.056 1.0549811789400677e-07
8800.056 1.2724099671101256e-07
8850.056 1.459214734539873e-07
8900.056 1.5615989055299905e-07
8950.056 1.4618437826588873e-07
9000.056 1.94135276294992e-07
9050.056 2.098498129440074e-07
9100.056 2.3751804263100467e-07
9150.056 2.5180031641300427e-07
9200.056 2.719151731599711e-07
9250.056 2.546240474579779e-07
9300.056 1.7415849140565834e-07
9350.056 1.9482167328915542e-07
9400.056 2.2829851350467756e-07
9450.056 2.5955047643000686e-07
9500.056 2.676777960741458e-07
9550.056 2.8978533705609304e-07
9600.056 2.7224452517933335e-07
9650.056 2.92278792917015e-07
9700.056 3.1403897439935894e-07
9750.056 3.097474779392336e-07
9800.056 3.3469769677613974e-07
9850.056 3.614367360769974e-07
9900.056 3.266270241599682e-07
9950.056 3.0429187303297007e-07
10000.056 2.8713566343495037e-07
10050.056 3.2476627624000065e-07
10100.056 3.8711399387996634e-07
10150.056 4.1632230394991373e-07
10200.056 4.634696786199597e-07
10250.056 4.846808141299442e-07
10300.056 4.93624555190012e-07
10350.056 5.600823628199962e-07
10400.056 6.222901226699803e-07
10450.056 6.333234706700492e-07
10500.056 5.91342224679989e-07
10550.056 5.840282386900577e-07
10600.056 6.191043047700198e-07
10650.056 6.714974329200251e-07
10700.056 7.152175698400598e-07
10750.056 7.881660479100395e-07
10800.056 8.60734267279995e-07
10850.056 9.398863732599061e-07
10900.056 8.614322707869411e-07
10950.056 6.827719668847114e-07
11000.056 6.575179600343461e-07
11050.056 5.841933003454047e-07
11100.056 5.567969070303287e-07
11150.056 5.220643514491956e-07
11200.056 5.277617753588886e-07
11250.056 6.139943480723343e-07
11300.056 5.895565679094136e-07
11350.056 4.2802074505811053e-07
11400.056 4.345217665626903e-07
11450.056 5.158514059025302e-07
11500.056 6.185049025588255e-07
11550.056 5.462186936013155e-07
11600.056 5.92805920363777e-07
11650.056 5.959090322559253e-07
11700.056 4.700700227029309e-07
11750.056 4.654519346450755e-07
11800.056 4.96238031374392e-07
11850.056 6.653879473134458e-07
11900.056 7.056642070243524e-07
11950.056 7.882757184739575e-07
12000.056 7.819139458710308e-07
12050.056 8.983725906981403e-07
12100.056 9.292261423099585e-07
12150.056 1.0485353681678893e-06
12200.056 1.1089838671817243e-06
12250.056 1.2090480239097538e-06
12300.056 1.2989118801701906e-06
12350.056 1.3305332948100672e-06
12400.056 1.2773484451099484e-06
12450.056 1.1518853578300578e-06
12500.056 1.2421179059799313e-06
12550.056 1.2780295092800864e-06
12600.056 1.534837362220056e-06
12650.056 1.5506982523699324e-06
12700.056 1.670422515540236e-06
12750.056 1.6520638180800424e-06
12800.056 1.740929879752083e-06
12850.056 1.6264403790931722e-06
12900.056 1.5229845211129327e-06
12950.056 1.5855546242658723e-06
13000.056 1.5810418303955732e-06
13050.056 1.5961923237431285e-06
13100.056 1.5576861091744249e-06
13150.056 1.4745808453441646e-06
13200.056 1.3813721954413942e-06
13250.056 1.2008874792740956e-06
13300.056 8.575410005558492e-07
13350.056 3.805481247722997e-07
13400.056 2.9425523920545883e-07
13450.056 2.189929807417868e-07
13500.056 1.9510358323699267e-07
13550.056 1.6890786222239996e-07
13600.056 1.4392428239000356e-07
13650.056 1.9920369236465211e-07
13700.056 1.655519244617882e-07
13750.056 1.690507722158127e-07
13800.056 2.0988976672975624e-07
13850.056 1.9703851120703515e-07
13900.056 2.00731334554578e-07
13950.056 1.8962175474572488e-07
14000.056 1.7674765193701465e-07
14050.056 1.7970561761483752e-07
14100.056 1.497081645448354e-07
14150.056 1.6876473976279353e-07
14200.056 1.4581873106287745e-07
14250.056 1.447246642050715e-07
14300.056 1.6657484119106162e-07
14350.056 1.6117511267704926e-07
14400.056 1.8119512899628755e-07
14450.056 1.8684791327373054e-07
14500.056 2.4183013573711677e-07
14550.056 2.5544879455069497e-07
14600.056 2.8128263028783e-07
14650.056 2.8548935266005617e-07
14700.056 2.5243292963265487e-07
14750.056 2.8412653814121276e-07
14800.056 3.218545693976515e-07
14850.056 3.540351106746988e-07
14900.056 3.553631531515167e-07
14950.056 3.6525747927005776e-07
15000.056 3.868329919260265e-07
15050.056 4.4513090548173344e-07
15100.056 4.6789098173176135e-07
15150.056 5.16488228878651e-07
15200.056 5.215046285227362e-07
15250.056 5.545025595899432e-07
15300.056 6.076860295839305e-07
15350.056 6.457417087169564e-07
15400.056 7.025925945170292e-07
15450.056 7.594928928370786e-07
15500.056 7.903526462398686e-07
15550.056 8.685661843259541e-07
15600.056 8.417255484260773e-07
15650.056 9.21656407674096e-07
15700.056 1.0449375837304361e-06
15750.056 1.126188850219924e-06
15800.056 1.1041913620203463e-06
15850.056 1.2059233771498928e-06
15900.056 1.2389330339901775e-06
15950.056 1.3375478969798157e-06
16000.056 1.3628218645799472e-06
16050.056 1.393411310170016e-06
16100.056 1.460279223080111e-06
16150.056 1.4447391972601582e-06
16200.056 1.4811317487797293e-06
16250.056 1.516946664719938e-06
16300.056 1.5038924127299358e-06
16350.056 1.586985353280002e-06
16400.056 1.6482324115801279e-06
16450.056 1.6887089637299883e-06
16500.056 1.7774989074702836e-06
16550.056 1.8028027157101591e-06
16600.056 1.7429437766724142e-06
16650.056 1.8128504387598178e-06
16700.056 1.7365780801099363e-06
16750.056 1.8137894316089021e-06
16800.056 1.970204991113852e-06
16850.056 1.918773822187051e-06
16900.056 1.8854284290760029e-06
16950.056 1.8153831047989436e-06
17000.056 1.7564185203101793e-06
17050.056 1.7664323129199954e-06
17100.056 1.608812436729389e-06
17150.056 1.4871141185858631e-06
17200.056 1.3474549396028847e-06
17250.056 1.2256263072538202e-06
17300.056 1.1924401952627715e-06
17350.056 1.0882982058779894e-06
17400.056 1.1177941203900093e-06
17450.056 9.651348482704933e-07
17500.056 9.320813665816227e-07
17550.056 9.07112873772088e-07
17600.056 8.572460539191961e-07
17650.056 8.39182781017944e-07
17700.056 6.577242331257584e-07
17750.056 5.952652498727517e-07
17800.056 6.560961932180839e-07
17850.056 5.174342873164762e-07
17900.056 5.40875559853288e-07
17950.056 5.04579347740526e-07
18000.056 4.682236847431106e-07
18050.056 4.43737297911195e-07
18100.056 4.24054906633863e-07
18150.056 5.257691249364944e-07
18200.056 3.649227104038407e-07
18250.056 5.20348573888022e-07
18300.056 4.653373079479959e-07
18350.056 4.051985609801269e-07
18400.056 4.087361657539297e-07
18450.056 3.6876917014677466e-07
18500.056 3.9652240315064215e-07
18550.056 3.5772299219928674e-07
18600.056 2.9354051950761747e-07
18650.056 3.3141211641830254e-07
18700.056 3.626670065659893e-07
18750.056 3.638920219978466e-07
18800.056 4.0973236420109293e-07
18850.056 4.805946371955771e-07
18900.056 4.62016237100018e-07
18950.056 5.10783205611793e-07
19000.056 5.163883082639591e-07
19050.056 4.7310367742388225e-07
19100.056 5.466904561862614e-07
19150.056 5.380603288435402e-07
19200.056 5.469472895476385e-07
19250.056 5.042991420746426e-07
19300.056 5.317389234259425e-07
19350.056 4.7639537884122857e-07
19400.056 3.9319568410149447e-07
19450.056 5.145669996929449e-07
19500.056 5.097385000961693e-07
19550.056 3.9693399342151173e-07
19600.056 4.913957969515854e-07
19650.056 4.99804751290578e-07
19700.056 5.070381156182477e-07
19750.056 4.792130916808164e-07
19800.056 5.082592056658865e-07
19850.056 5.508115100742795e-07
19900.056 4.601645980261703e-07
19950.056 5.979012347760264e-07
20000.056 5.217028872680643e-07
20050.056 5.77370471152293e-07
20100.056 6.190199647196048e-07
20150.056 6.31275113414962e-07
20200.056 6.669026347488257e-07
20250.056 7.195140006839497e-07
20300.056 7.253638351230094e-07
20350.056 7.85169614196829e-07
20400.056 7.752997999556684e-07
20450.056 8.655498356288634e-07
20500.056 8.81183079262073e-07
20550.056 8.916801757340644e-07
20600.056 1.0062644694462436e-06
20650.056 9.912920644943028e-07
20700.056 1.0452034502281947e-06
20750.056 1.0997356618687959e-06
20800.056 1.161041497374063e-06
20850.056 1.1443003605898867e-06
20900.056 1.2305899579297716e-06
20950.056 1.2603956515199764e-06
21000.056 1.3454166872099938e-06
21050.056 1.3583281013799986e-06
21100.056 1.3773262746999484e-06
21150.056 1.4846315649100032e-06
21200.056 1.4499198012600726e-06
21250.056 1.5638578610598671e-06
21300.056 1.4833084472399067e-06
21350.056 1.641372963840001e-06
21400.056 1.5380655070102805e-06
21450.056 1.7298557763200012e-06
21500.056 1.603826674800218e-06
21550.056 1.6402071464499457e-06
21600.056 1.6815464393602642e-06
21650.056 1.6250089354001655e-06
21700.056 1.758142549050001e-06
21750.056 1.6351251437799732e-06
21800.056 1.6096182670396997e-06
21850.056 1.5736937256200472e-06
21900.056 1.5974237121401069e-06
21950.056 1.4438944569701522e-06
22000.056 1.3144939967502593e-06
22050.056 1.1649322047496542e-06
22100.056 1.303134494020231e-06
22150.056 1.3506582528301275e-06
22200.056 1.2986900855562405e-06
22250.056 1.361872916670374e-06
22300.056 1.3137485085498074e-06
22350.056 1.2326374793852557e-06
22400.056 1.236915854229968e-06
22450.056 1.1664339462508247e-06
22500.056 1.2026700868101534e-06
22550.056 1.1049314133635636e-06
22600.056 1.151608582876179e-06
22650.056 1.084568967451334e-06
22700.056 1.0472183654301864e-06
22750.056 1.10829604859612e-06
22800.056 1.0018821330079064e-06
22850.056 9.844543438862297e-07
22900.056 9.938561432378068e-07
22950.056 6.037612156399948e-07
23000.056 6.840711677610562e-07
23050.056 7.841063421958392e-07
23100.056 8.036166464639505e-07
23150.056 8.361252948191333e-07
23200.056 6.483806183170714e-07
23250.056 5.572064323649528e-07
23300.056 5.484772891161767e-07
23350.056 5.661110580279859e-07
23400.056 5.555229047321801e-07
23450.056 5.927764969220687e-07
23500.056 6.195112896060662e-07
23550.056 6.008558110031779e-07
23600.056 6.004207969680212e-07
23650.056 6.797326787609488e-07
23700.056 5.745538212060494e-07
23750.056 5.62205291365146e-07
23800.056 5.360243079810301e-07
23850.056 4.961589626590763e-07
23900.056 6.243278439240281e-07
23950.056 6.755318638422451e-07
24000.056 6.555967517946693e-07
24050.056 6.887917990019766e-07
24100.056 5.94886178522844e-07
24150.056 6.169522849343917e-07
24200.056 6.336839196147048e-07
24250.056 5.903745845830976e-07
24300.056 6.074980395730438e-07
24350.056 5.232797426530474e-07
24400.056 6.17321042600008e-07
24450.056 5.280891976407875e-07
24500.056 5.083813490859365e-07
24550.056 5.099056742571497e-07
24600.056 5.429380675690832e-07
24650.056 5.940178830140213e-07
24700.056 4.658867743679056e-07
24750.056 4.6131600774019565e-07
24800.056 4.461319742861147e-07
24850.056 5.467538978749837e-07
24900.056 3.8547814772426795e-07
24950.056 5.160013075939506e-07
25000.056 4.606936642980562e-07
25050.056 3.52113893996057e-07
25100.056 4.341036912920083e-07
25150.056 3.5769199828496715e-07
25200.056 3.9360515839096653e-07
25250.056 3.5417275600495344e-07
25300.056 4.1431227256602457e-07
25350.056 3.2363375287701034e-07
25400.056 3.9335042740511217e-07
25450.056 3.2379666162896965e-07
25500.056 3.4392375347511257e-07
25550.056 3.3025776281901217e-07
25600.056 3.373510467879924e-07
25650.056 2.9370308909398717e-07
25700.056 4.002575143508217e-07
25750.056 2.7057184184208773e-07
25800.056 3.9219697785907603e-07
25850.056 3.0796757347791193e-07
25900.056 3.675467095550128e-07
25950.056 2.966349727999983e-07
26000.056 3.96038384691153e-07
26050.056 3.8578607719700125e-07
26100.056 4.115782699459547e-07
26150.056 3.93115513877935e-07
26200.056 3.8376096181497104e-07
26250.056 4.180999286430241e-07
26300.056 3.9692494781305e-07
26350.056 4.4376536781095086e-07
26400.056 4.5892828402486366e-07
26450.056 4.5875923757305056e-07
26500.056 4.772087924188027e-07
26550.056 4.082580715208224e-07
26600.056 4.973174487628649e-07
26650.056 3.4902292677994403e-07
26700.056 3.479619973170286e-07
26750.056 2.9154316242082594e-07
26800.056 3.6120623279091477e-07
26850.056 2.771706177599607e-07
26900.056 3.8626326684304253e-07
26950.056 2.675398633779688e-07
27000.056 3.759042419460394e-07
27050.056 3.196257414280417e-07
27100.056 3.1861473453392016e-07
27150.056 3.6804322400503344e-07
27200.056 3.4471062274711514e-07
27250.056 3.4209588168616536e-07
27300.056 4.2512346637999757e-07
27350.056 3.9851048369390304e-07
27400.056 3.069747127959532e-07
27450.056 4.667249500028028e-07
27500.056 4.2968662621783985e-07
27550.056 3.6447014610002584e-07
27600.056 4.725390175369097e-07
27650.056 3.4460653454693615e-07
27700.056 3.251391309970833e-07
27750.056 4.5858650235380116e-07
27800.056 3.1971690852492216e-07
27850.056 3.5925011068677047e-07
27900.056 3.804043585670564e-07
27950.056 4.6004184148096335e-07
28000.056 4.234834276701614e-07
28050.056 3.005671467850681e-07
28100.056 4.830000146361693e-07
28150.056 3.7444992617406486e-07
28200.056 3.1080542620404303e-07
28250.056 4.3760245800402507e-07
28300.056 5.141117895470154e-07
28350.056 3.5810830238990796e-07
28400.056 3.9891381070797483e-07
28450.056 4.412244771668787e-07
28500.056 4.32197651043904e-07
28550.056 2.9432348225188905e-07
28600.056 5.054973847889308e-07
28650.056 4.6429733113891775e-07
28700.056 4.2620453328793945e-07
28750.056 4.899700957640298e-07
28800.056 4.542215621631212e-07
28850.056 4.981055396550753e-07
