galfind/configs/Brown_Dwarf_templates/sonora_bobcat/m+0.5/178g/sp_t750g178nc_m+0.5_resample.dat
# %ECSV 1.0
# ---
# datatype:
# - {name: wav, unit: Angstrom, datatype: float64}
# - {name: flux_nu, unit: erg / (cm2 Hz s), datatype: float64}
# meta: {C/O: '1.00', Kzz: '1.0000E+05', Teff: '750.', Y: '0.28', '[Fe/H]': '0.50', f_hole: '1.00', f_rain: '0.00', grav: '178.'}
# schema: astropy-2.0
wav flux_nu
4000.0559999999996 nan
4050.0559999999996 1.2889150376279277e-14
4100.056 1.7557165858860084e-12
4150.056 1.2760348610200336e-11
4200.056 1.0700256514388705e-11
4250.056 4.458122490500124e-11
4300.056 6.839162560500231e-11
4350.056 8.419198846800227e-11
4400.056 1.0301279836800117e-10
4450.056 1.3132045694699974e-10
4500.056 1.3423937217800277e-10
4550.056 1.3751907845846954e-10
4600.056 8.33902042971194e-11
4650.056 5.6435377017998333e-11
4700.056 3.218805128699982e-11
4750.056 8.436880676899863e-12
4800.056 1.7023640751299784e-12
4850.056 4.678103930799952e-13
4900.056 2.2097415056999867e-13
4950.056 1.238003003309992e-13
5000.056 6.129021936599949e-14
5050.056 3.3318791085999994e-14
5100.056 3.0094260651000044e-14
5150.056 2.89871303660001e-14
5200.056 2.807952193800001e-14
5250.056 2.7013005449999984e-14
5300.056 2.617347152299998e-14
5350.056 2.5811469164000007e-14
5400.056 2.577632816799997e-14
5450.056 2.5987063655000036e-14
5500.056 2.6344477384000175e-14
5550.056 2.6765332715000058e-14
5600.056 2.7106958831999946e-14
5650.056 2.713771894099997e-14
5700.056 2.6577701490000013e-14
5750.056 2.5160922371999974e-14
5800.056 2.2186707418999962e-14
5850.056 1.58669208953998e-14
5900.056 5.506800070787605e-15
5950.056 3.02596009460009e-14
6000.056 6.148137861899933e-14
6050.056 1.0914638493900209e-13
6100.056 1.8088433577000172e-13
6150.056 2.8718043361000227e-13
6200.056 4.4648258947000294e-13
6250.056 6.795502585200033e-13
6300.056 1.0316414740700055e-12
6350.056 1.546073239200011e-12
6400.056 2.2871238554000162e-12
6450.056 3.293022612099958e-12
6500.056 4.764932499999996e-12
6550.056 6.80865702110002e-12
6600.056 9.608725977300168e-12
6650.056 1.3344656160500089e-11
6700.056 1.6875725655330184e-11
6750.056 2.3913946624000095e-11
6800.056 2.971635131300011e-11
6850.056 3.2793930103000024e-11
6900.056 3.076810015800043e-11
6950.056 2.7219811609999785e-11
7000.056 2.7322170421000372e-11
7050.056 2.929099296399949e-11
7100.056 3.18552101739998e-11
7150.056 3.1480149367299424e-11
7200.056 3.041610972537332e-11
7250.056 2.950261073159801e-11
7300.056 2.7159259314880222e-11
7350.056 2.503212485433925e-11
7400.056 2.3036455783500743e-11
7450.056 2.0808986890100558e-11
7500.056 1.8396276729999804e-11
7550.056 1.5799638122999874e-11
7600.056 1.3355528524999935e-11
7650.056 4.6249979375838314e-12
7700.056 3.5217341709361365e-12
7750.056 1.3975391195900193e-11
7800.056 2.1777989026140013e-11
7850.056 3.761648012800008e-11
7900.056 5.607081141499967e-11
7950.056 6.797000913952067e-11
8000.056 1.1564237645500153e-10
8050.056 1.5804917611300401e-10
8100.056 1.9678177618660056e-10
8150.056 2.4760853281443235e-10
8200.056 3.385861720256066e-10
8250.056 4.152261056562909e-10
8300.056 5.226292715541922e-10
8350.056 6.273316072705153e-10
8400.056 7.625622994057831e-10
8450.056 9.520860288799646e-10
8500.056 1.058923421107918e-09
8550.056 1.3661893284100198e-09
8600.056 1.6958435898000213e-09
8650.056 2.013804598600041e-09
8700.056 2.318280484400032e-09
8750.056 2.6970370672000197e-09
8800.056 3.050410146700078e-09
8850.056 3.174210239799956e-09
8900.056 2.234155950839796e-09
8950.056 2.30968668100756e-09
9000.056 2.445096232014602e-09
9050.056 4.214342897143178e-09
9100.056 4.900842201351079e-09
9150.056 5.256610098191679e-09
9200.056 6.5221438029477945e-09
9250.056 6.51359885654019e-09
9300.056 2.9265921195901517e-09
9350.056 3.4624274476611113e-09
9400.056 4.958855328610469e-09
9450.056 6.035503354499857e-09
9500.056 5.683572156618777e-09
9550.056 6.5111862276498456e-09
9600.056 6.44240987111861e-09
9650.056 7.619401352725211e-09
9700.056 9.710387552660022e-09
9750.056 1.0136265910318945e-08
9800.056 1.1409515873818571e-08
9850.056 1.2879327363677137e-08
9900.056 1.598251575555332e-08
9950.056 1.6732053982840116e-08
10000.056 1.858718992499701e-08
10050.056 2.2553167383000552e-08
10100.056 2.7207996860397628e-08
10150.056 3.1620428636997574e-08
10200.056 3.637728560800129e-08
10250.056 4.131658816700164e-08
10300.056 4.836169670899798e-08
10350.056 5.4602576496999804e-08
10400.056 6.342963889199953e-08
10450.056 7.022885477699473e-08
10500.056 7.724882170000161e-08
10550.056 8.479976362700169e-08
10600.056 8.926889568799617e-08
10650.056 9.484676638100333e-08
10700.056 9.651018909660395e-08
10750.056 1.0121274109820244e-07
10800.056 1.0242234786596287e-07
10850.056 9.703640819679737e-08
10900.056 7.172599099799806e-08
10950.056 3.8766752882812604e-08
11000.056 3.0907727464886096e-08
11050.056 2.276777486306319e-08
11100.056 1.629859268877917e-08
11150.056 9.594189476933057e-09
11200.056 8.371372005058106e-09
11250.056 9.981186014015833e-09
11300.056 1.1508603123175281e-08
11350.056 5.143083546450285e-09
11400.056 1.0239808738262339e-08
11450.056 8.330129419872459e-09
11500.056 6.600527552035069e-09
11550.056 2.4419842093129167e-09
11600.056 2.7900473068985377e-09
11650.056 5.5643883609914965e-09
11700.056 5.798717187904508e-09
11750.056 1.600830396058375e-09
11800.056 6.9317104904339085e-09
11850.056 1.1723146697992011e-08
11900.056 1.410728474651374e-08
11950.056 2.1788460290737975e-08
12000.056 3.117921679521772e-08
12050.056 4.359600495991102e-08
12100.056 5.864420237479523e-08
12150.056 7.646181723939815e-08
12200.056 9.346365601292521e-08
12250.056 1.1493267648357222e-07
12300.056 1.4066729196571827e-07
12350.056 1.5002955579500241e-07
12400.056 1.762896594419931e-07
12450.056 1.8214184767801315e-07
12500.056 1.9575068525300415e-07
12550.056 2.174509271200166e-07
12600.056 2.6154205951601194e-07
12650.056 2.547356416453996e-07
12700.056 2.546996095214332e-07
12750.056 2.3804626827412544e-07
12800.056 2.2982394796286333e-07
12850.056 1.8235641954088904e-07
12900.056 1.501163347091821e-07
12950.056 1.433546548291328e-07
13000.056 1.3115484567690443e-07
13050.056 1.0777514587251557e-07
13100.056 9.562517746624204e-08
13150.056 7.324402872218026e-08
13200.056 6.150566403971072e-08
13250.056 4.480941911153616e-08
13300.056 1.9964624048790514e-08
13350.056 6.068070835096263e-09
13400.056 4.168607791775573e-09
13450.056 1.9618978158536648e-09
13500.056 1.1766075538587566e-09
13550.056 7.305358906340962e-10
13600.056 2.7176252666339386e-10
13650.056 9.266127386941143e-10
13700.056 6.864387916365974e-10
13750.056 7.22171148756592e-10
13800.056 7.471920662554518e-10
13850.056 5.730649527331643e-10
13900.056 6.317992417065001e-10
13950.056 5.281132376031647e-10
14000.056 5.538740560323617e-10
14050.056 7.557822314482387e-10
14100.056 7.887602076083332e-10
14150.056 1.2179779703617615e-09
14200.056 9.275012225845892e-10
14250.056 1.1304863482142258e-09
14300.056 2.0296089557347647e-09
14350.056 2.1667686830919104e-09
14400.056 2.543324098537762e-09
14450.056 3.0272806856163657e-09
14500.056 5.6790461923976954e-09
14550.056 6.733085263277901e-09
14600.056 8.9486280709927e-09
14650.056 9.036665508485723e-09
14700.056 6.931273511900835e-09
14750.056 8.05326417910023e-09
14800.056 1.1502702874266221e-08
14850.056 1.2839033788732302e-08
14900.056 1.3995750933819417e-08
14950.056 1.5722391527270988e-08
15000.056 1.990745817017949e-08
15050.056 2.1592951610636194e-08
15100.056 2.3868534714924792e-08
15150.056 2.6520992648466452e-08
15200.056 2.884572205448334e-08
15250.056 3.9996812464342625e-08
15300.056 4.702136279352338e-08
15350.056 5.4475043023745285e-08
15400.056 6.37841192018041e-08
15450.056 7.301695182004795e-08
15500.056 7.839086591578313e-08
15550.056 9.22504463448116e-08
15600.056 9.708745797660129e-08
15650.056 1.074619840764052e-07
15700.056 1.2738564273133454e-07
15750.056 1.3863972662699183e-07
15800.056 1.3565627027002088e-07
15850.056 1.468361825700044e-07
15900.056 1.3074170806200611e-07
15950.056 1.1974200419597717e-07
16000.056 8.92801454050069e-08
16050.056 5.352989487189819e-08
16100.056 3.511703448995641e-08
16150.056 2.0871363768172647e-08
16200.056 1.2312471394848977e-08
16250.056 9.508366472973338e-09
16300.056 6.692811789250623e-09
16350.056 7.681111813728209e-09
16400.056 9.770294654326672e-09
16450.056 1.0005111538375235e-08
16500.056 1.0479998864194293e-08
16550.056 1.0547624094393786e-08
16600.056 1.0499313705583354e-08
16650.056 8.380300643066885e-09
16700.056 1.8937344641248476e-09
16750.056 3.38956887142778e-09
16800.056 6.377424143155337e-09
16850.056 7.589683889557348e-09
16900.056 5.160701414073319e-09
16950.056 3.5948374961569263e-09
17000.056 2.3753928648949334e-09
17050.056 4.335713338999292e-09
17100.056 6.526880352426504e-09
17150.056 4.131417955314907e-09
17200.056 8.844438226500827e-09
17250.056 7.315051477934895e-09
17300.056 4.804753206131188e-09
17350.056 4.446412912916074e-09
17400.056 5.8813644038531316e-09
17450.056 7.686059863359144e-09
17500.056 9.771920734037247e-09
17550.056 9.300177024011097e-09
17600.056 7.447235392357802e-09
17650.056 7.477859061025993e-09
17700.056 5.340033893360548e-09
17750.056 5.4781336542402626e-09
17800.056 9.640689043736457e-09
17850.056 6.031100205873149e-09
17900.056 4.9036997167291644e-09
17950.056 4.082807682938738e-09
18000.056 5.421392512290011e-09
18050.056 5.4784168147206245e-09
18100.056 6.4407374144444e-09
18150.056 7.900660202666733e-09
18200.056 5.0027089370814895e-09
18250.056 1.1773380545225443e-08
18300.056 6.320424558589513e-09
18350.056 5.008591342484673e-09
18400.056 4.928660407503899e-09
18450.056 7.654200181414623e-09
18500.056 8.27718142509797e-09
18550.056 6.244750302595198e-09
18600.056 5.8931871368104566e-09
18650.056 5.5649774683934015e-09
18700.056 4.20487123972908e-09
18750.056 6.887910568308476e-09
18800.056 1.3642835317643335e-08
18850.056 1.56427145108445e-08
18900.056 1.4331359778026754e-08
18950.056 2.314081548306253e-08
19000.056 1.3977140200211075e-08
19050.056 9.98405974993844e-09
19100.056 1.8705061733647596e-08
19150.056 1.2432041089426552e-08
19200.056 1.7030037156154954e-08
19250.056 1.227920856398491e-08
19300.056 1.0397429078645333e-08
19350.056 8.728236721202096e-09
19400.056 6.8638134802747496e-09
19450.056 1.3058463125084385e-08
19500.056 1.2567482582787234e-08
19550.056 8.549235960560601e-09
19600.056 1.3874047872844935e-08
19650.056 1.535951355433904e-08
19700.056 1.6105677393627677e-08
19750.056 2.0412574160642322e-08
19800.056 1.9642356731272335e-08
19850.056 2.6977338195703186e-08
19900.056 2.165657715233716e-08
19950.056 3.6336903080440775e-08
20000.056 3.484172182684401e-08
20050.056 3.6301778360453314e-08
20100.056 4.7573069137960925e-08
20150.056 4.2252644316632755e-08
20200.056 4.664542872256413e-08
20250.056 6.101130905306366e-08
20300.056 6.22870199430387e-08
20350.056 7.337884938410409e-08
20400.056 6.79265016404229e-08
20450.056 8.725233548291784e-08
20500.056 9.793949079372423e-08
20550.056 9.632237883923208e-08
20600.056 1.1156112083761651e-07
20650.056 1.1405568919022156e-07
20700.056 1.1848783498214104e-07
20750.056 1.2663936030503627e-07
20800.056 1.2770692360529626e-07
20850.056 1.2307551836640423e-07
20900.056 1.2883771568186457e-07
20950.056 1.200480298395944e-07
21000.056 1.1328110444453554e-07
21050.056 1.1112986441608544e-07
21100.056 1.0007030806881264e-07
21150.056 1.0026869934381617e-07
21200.056 8.815301208936568e-08
21250.056 7.950753903519051e-08
21300.056 6.20093049582269e-08
21350.056 6.24824625413147e-08
21400.056 5.5797245179787946e-08
21450.056 4.8252121711413936e-08
21500.056 4.2183099231868364e-08
21550.056 3.729409082826422e-08
21600.056 3.01319679808185e-08
21650.056 2.4205176125502162e-08
21700.056 2.3706449929819957e-08
21750.056 2.0838508121776727e-08
21800.056 1.6707356224096807e-08
21850.056 1.4962632002661667e-08
21900.056 1.0018462027290739e-08
21950.056 5.2256174737068884e-09
22000.056 1.7251872411144518e-09
22050.056 1.232964189079832e-09
22100.056 2.653858169499645e-09
22150.056 3.8402097194842185e-09
22200.056 4.459591140261041e-09
22250.056 3.5199040280112524e-09
22300.056 2.6023906818791205e-09
22350.056 2.6484926520839867e-09
22400.056 1.6533804269221019e-09
22450.056 1.5711739332218135e-09
22500.056 1.3753973017152386e-09
22550.056 1.071058093348702e-09
22600.056 1.0743293409278035e-09
22650.056 1.3576122830295013e-09
22700.056 1.0765458289461725e-09
22750.056 1.1264232400251788e-09
22800.056 1.0648572982338593e-09
22850.056 9.027440066525594e-10
22900.056 7.275270744410251e-10
22950.056 6.951894111624524e-10
23000.056 9.585974754855166e-10
23050.056 1.2609541849564949e-09
23100.056 2.8961021240632153e-09
23150.056 3.400668893680772e-09
23200.056 5.135424543256959e-10
23250.056 7.89200605954573e-10
23300.056 7.729827893656585e-10
23350.056 8.396431659695302e-10
23400.056 9.362553075650123e-10
23450.056 7.979825595903401e-10
23500.056 8.735008033227443e-10
23550.056 1.2054371564547602e-09
23600.056 1.4489697812342073e-09
23650.056 2.1566165676575624e-09
23700.056 1.039959262847399e-09
23750.056 8.023710881896459e-10
23800.056 1.2393170035413501e-09
23850.056 1.3110633625488604e-09
23900.056 2.20705047494739e-09
23950.056 2.2418414838620026e-09
24000.056 2.7391050262282504e-09
24050.056 3.629866015998656e-09
24100.056 3.35330569056475e-09
24150.056 4.1636164928889056e-09
24200.056 3.750113520705099e-09
24250.056 3.054784867162097e-09
24300.056 4.128088017970396e-09
24350.056 3.4982316303050306e-09
24400.056 5.3655321811430345e-09
24450.056 5.496533877217408e-09
24500.056 5.5279641629934665e-09
24550.056 7.254421056673418e-09
24600.056 7.296956143947687e-09
24650.056 9.805543238170364e-09
24700.056 6.848048552680259e-09
24750.056 8.2971019652862e-09
24800.056 8.452483397717084e-09
24850.056 1.1700844782049746e-08
24900.056 6.922053437959237e-09
24950.056 1.2455135111453993e-08
25000.056 1.1342905298691877e-08
25050.056 8.130560760234453e-09
25100.056 1.1536241623935582e-08
25150.056 7.18675726010488e-09
25200.056 9.866232624459367e-09
25250.056 5.982745794565788e-09
25300.056 9.252271556610466e-09
25350.056 5.055685811591202e-09
25400.056 9.990234397472716e-09
25450.056 4.8847264923181086e-09
25500.056 4.783845417661923e-09
25550.056 6.068725735032955e-09
25600.056 4.493075256203675e-09
25650.056 3.174124571036805e-09
25700.056 5.813999407211797e-09
25750.056 2.3203855005571362e-09
25800.056 6.2238869106881475e-09
25850.056 2.5149261923927973e-09
25900.056 3.4569007342074435e-09
25950.056 1.811479660701249e-09
26000.056 6.669335660865902e-09
26050.056 2.8251867561593064e-09
26100.056 5.7896577955203415e-09
26150.056 4.088277241034795e-09
26200.056 4.942150697735221e-09
26250.056 1.0111774947988737e-08
26300.056 5.531830828569842e-09
26350.056 1.268273398199287e-08
26400.056 1.3164881708657373e-08
26450.056 1.3758131247822903e-08
26500.056 1.635476281376316e-08
26550.056 6.8888598246367545e-09
26600.056 9.968165347612056e-09
26650.056 3.6545299074556156e-09
26700.056 3.200257309612519e-09
26750.056 2.349124322669588e-09
26800.056 4.515173022429551e-09
26850.056 2.5485565594657316e-09
26900.056 6.941636720373244e-09
26950.056 3.343617332671183e-09
27000.056 1.0304486025173012e-08
27050.056 8.314048314865028e-09
27100.056 4.609156282817075e-09
27150.056 1.2315229999647795e-08
27200.056 4.899553885312285e-09
27250.056 7.477581969989282e-09
27300.056 2.1219421315380077e-08
27350.056 1.3239224351391242e-08
27400.056 2.692526341479765e-09
27450.056 1.707266045373298e-08
27500.056 1.709801919047934e-08
27550.056 5.792999083958042e-09
27600.056 1.1850333478196243e-08
27650.056 4.9274277964178835e-09
27700.056 3.902782024450055e-09
27750.056 1.3253941626332205e-08
27800.056 5.053748305592388e-09
27850.056 6.867081463021494e-09
27900.056 7.2316607574441805e-09
27950.056 1.503801416598771e-08
28000.056 1.1585510961599169e-08
28050.056 3.2060074149163095e-09
28100.056 1.4440850703386316e-08
28150.056 9.023352072400861e-09
28200.056 4.028388860595262e-09
28250.056 1.558051697248467e-08
28300.056 1.9393067341688894e-08
28350.056 5.763035917680085e-09
28400.056 1.167230386986014e-08
28450.056 1.6974064219951826e-08
28500.056 1.2327462894501223e-08
28550.056 4.279798694943944e-09
28600.056 1.8618366852660782e-08
28650.056 1.576779862178988e-08
28700.056 1.434055130447435e-08
28750.056 2.2474583960532554e-08
28800.056 1.606063230914694e-08
