galfind/configs/Brown_Dwarf_templates/sonora_bobcat/m+0.5/178g/sp_t300g178nc_m+0.5_resample.dat
# %ECSV 1.0
# ---
# datatype:
# - {name: wav, unit: Angstrom, datatype: float64}
# - {name: flux_nu, unit: erg / (cm2 Hz s), datatype: float64}
# meta: {C/O: '1.00', Kzz: '1.0000E+05', Teff: '300.', Y: '0.28', '[Fe/H]': '0.50', f_hole: '1.00', f_rain: '0.00', grav: '178.'}
# schema: astropy-2.0
wav flux_nu
4000.0559999999996 nan
4050.0559999999996 1.4415529967710312e-18
4100.056 3.944010507640057e-17
4150.056 1.9551021587500147e-16
4200.056 2.1672994563070098e-16
4250.056 1.128491423400008e-15
4300.056 2.3395204949000096e-15
4350.056 4.1401331922000154e-15
4400.056 6.882730227100015e-15
4450.056 1.0719965836800007e-14
4500.056 1.667207507800005e-14
4550.056 1.967897764879995e-14
4600.056 9.644197067799987e-15
4650.056 8.094430948799987e-15
4700.056 6.468155207399992e-15
4750.056 4.875086794499994e-15
4800.056 3.785806450899991e-15
4850.056 2.6102242416999898e-15
4900.056 1.891141238299997e-15
4950.056 1.4783190971999983e-15
5000.056 1.006655021919996e-15
5050.056 6.9509604460000415e-16
5100.056 7.679531039900112e-16
5150.056 9.212958927900004e-16
5200.056 1.0760163670700043e-15
5250.056 1.2036048529000012e-15
5300.056 1.3411899854000022e-15
5350.056 1.498518930600002e-15
5400.056 1.6218363892000037e-15
5450.056 1.8152909838000173e-15
5500.056 2.0719843646000055e-15
5550.056 2.3611418238000014e-15
5600.056 2.6271220151000035e-15
5650.056 2.8393143106999977e-15
5700.056 2.787448227900007e-15
5750.056 2.8057676490000027e-15
5800.056 2.561452283599991e-15
5850.056 1.7791689495799736e-15
5900.056 4.473424040403466e-16
5950.056 2.9984867041801413e-15
6000.056 6.4267914921998966e-15
6050.056 1.2651236487500136e-14
6100.056 2.1721229167000232e-14
6150.056 3.344947081100021e-14
6200.056 4.881198264400027e-14
6250.056 6.491867720299991e-14
6300.056 9.096274472799983e-14
6350.056 1.2355781640699977e-13
6400.056 1.628979779300003e-13
6450.056 1.6879769539199606e-13
6500.056 2.1668632968000376e-13
6550.056 3.041063628079864e-13
6600.056 4.3305262675001374e-13
6650.056 6.413920802900073e-13
6700.056 8.619190208300046e-13
6750.056 1.211966153190007e-12
6800.056 1.3786729980000095e-12
6850.056 1.3153969362199979e-12
6900.056 8.846961131850083e-13
6950.056 4.884301453362129e-13
7000.056 5.746521062519743e-13
7050.056 5.510086071516074e-13
7100.056 6.202275640519853e-13
7150.056 3.8620510367966254e-13
7200.056 2.003826133951396e-13
7250.056 2.4999477034383073e-13
7300.056 2.6088327461875584e-13
7350.056 3.988295612256319e-13
7400.056 5.711051440644278e-13
7450.056 9.330903278000617e-13
7500.056 1.3100916784200024e-12
7550.056 1.6681614752000071e-12
7600.056 1.9155129874000007e-12
7650.056 1.201238789819986e-12
7700.056 1.2698573087900167e-12
7750.056 2.5376268634000244e-12
7800.056 2.9316677580999816e-12
7850.056 2.981541741809938e-12
7900.056 3.391880423059944e-12
7950.056 3.9976237205199694e-12
8000.056 4.172645453469994e-12
8050.056 4.5939487836400674e-12
8100.056 2.3293957177600473e-12
8150.056 1.2178399011900123e-12
8200.056 3.1748488535771843e-12
8250.056 3.360551295011823e-12
8300.056 3.455860562410887e-12
8350.056 3.531491048058499e-12
8400.056 4.509954961993141e-12
8450.056 7.74864333438199e-12
8500.056 1.015622889110003e-11
8550.056 1.376912104690027e-11
8600.056 1.742090889880005e-11
8650.056 1.9295448302000103e-11
8700.056 1.6671218438000187e-11
8750.056 1.6055543773000037e-11
8800.056 1.2653504990499487e-11
8850.056 6.890798384899437e-12
8900.056 2.066471919532462e-13
8950.056 7.806423889601639e-14
9000.056 7.634479385038434e-14
9050.056 5.698528914766808e-13
9100.056 8.400780336854634e-13
9150.056 1.4593438932909593e-12
9200.056 5.284367176865636e-12
9250.056 3.4675134871703407e-12
9300.056 1.1278719611147694e-14
9350.056 1.3377020928459847e-14
9400.056 1.918153486508076e-13
9450.056 1.3411072286597437e-13
9500.056 1.0666505922546362e-13
9550.056 1.0279762416119499e-13
9600.056 1.4795222901404633e-13
9650.056 4.783944710988855e-13
9700.056 2.5172811544417788e-12
9750.056 1.397252039911717e-12
9800.056 1.484933317997126e-12
9850.056 1.5971458171250826e-12
9900.056 2.507320227893642e-12
9950.056 2.1601383165554044e-12
10000.056 2.6062892520608613e-12
10050.056 2.6613721059000378e-12
10100.056 2.5971182708399863e-12
10150.056 1.2614250926060536e-12
10200.056 2.78174307904204e-13
10250.056 4.515298531743907e-13
10300.056 1.2718769360696808e-12
10350.056 4.204893269854357e-13
10400.056 2.6881945720659378e-12
10450.056 6.866048340740919e-12
10500.056 1.7362374848193206e-11
10550.056 4.504242644160124e-11
10600.056 7.416842673100394e-11
10650.056 9.120901645100168e-11
10700.056 7.701826519279645e-11
10750.056 9.039463533671786e-11
10800.056 8.470898319198699e-11
10850.056 6.62717373365282e-11
10900.056 3.7675814384162645e-11
10950.056 1.2813910255520982e-11
11000.056 4.48636006051478e-12
11050.056 1.6660852642185078e-12
11100.056 4.0900988405727927e-13
11150.056 7.067008684502809e-14
11200.056 1.754937186797266e-14
11250.056 1.19551826734257e-14
11300.056 7.127188183857062e-14
11350.056 5.310998598237268e-15
11400.056 1.2065265912058871e-13
11450.056 4.917369112229849e-14
11500.056 4.2936451365594304e-14
11550.056 4.603464913018618e-15
11600.056 6.726969978947699e-16
11650.056 1.3180786477278835e-14
11700.056 1.908472617397075e-14
11750.056 2.981366700794229e-15
11800.056 2.767979767549453e-14
11850.056 2.4694973312381144e-14
11900.056 2.1098219422715718e-14
11950.056 4.2927336721736055e-14
12000.056 7.881309218680204e-14
12050.056 1.5801996708253177e-13
12100.056 2.1167727743536155e-13
12150.056 3.2074007621061285e-13
12200.056 3.3450761498363957e-13
12250.056 1.1502861512142167e-12
12300.056 3.360401045161632e-12
12350.056 4.65655708520066e-12
12400.056 1.1472634378700019e-11
12450.056 2.8550912592120896e-11
12500.056 3.653864535852283e-11
12550.056 4.649090517347049e-11
12600.056 9.899293771963986e-11
12650.056 1.9122582807363023e-10
12700.056 2.0479804833740466e-10
12750.056 7.954224698922126e-11
12800.056 2.545311603189392e-11
12850.056 7.371925993367459e-12
12900.056 4.251571092760089e-12
12950.056 2.8119459303340803e-12
13000.056 3.229573554293489e-12
13050.056 1.5341821040138522e-12
13100.056 1.1275204314754557e-12
13150.056 4.484334216950006e-13
13200.056 6.410087315335722e-13
13250.056 6.804383346698695e-13
13300.056 2.4682068873495384e-13
13350.056 9.926449990128256e-14
13400.056 4.078012161748972e-14
13450.056 5.857756697521118e-15
13500.056 8.888082353509992e-16
13550.056 1.0221930954161775e-16
13600.056 5.782524202138458e-18
13650.056 1.0193744479089797e-16
13700.056 3.103031084005798e-17
13750.056 2.4867484629021945e-16
13800.056 1.7621532592322626e-16
13850.056 5.790357915257082e-17
13900.056 2.326248948713162e-16
13950.056 1.3379011562476603e-16
14000.056 2.9942105847304563e-16
14050.056 4.079662375097497e-16
14100.056 5.351431102651167e-16
14150.056 3.033725099955313e-15
14200.056 1.7011378658576007e-15
14250.056 3.5960441106640876e-15
14300.056 1.4299677555215717e-14
14350.056 1.179662213438597e-14
14400.056 1.1365818174617826e-14
14450.056 3.041233559653209e-14
14500.056 8.701997532485853e-14
14550.056 1.214290420862711e-13
14600.056 1.275918515070896e-13
14650.056 3.459767736816888e-14
14700.056 1.2032121082781704e-14
14750.056 1.9032878746768035e-15
14800.056 3.734729736870411e-15
14850.056 4.4413110950667504e-15
14900.056 3.861474265046257e-15
14950.056 1.884921043144506e-15
15000.056 8.934510457691828e-15
15050.056 1.2139189863559044e-14
15100.056 3.1438065167432674e-15
15150.056 7.405882344141768e-16
15200.056 8.265379646787966e-15
15250.056 1.9832150088682506e-14
15300.056 2.955793036857349e-14
15350.056 5.972186126937758e-14
15400.056 5.981887548528153e-14
15450.056 9.86649616562976e-14
15500.056 1.393231347556644e-13
15550.056 5.544028431441096e-13
15600.056 1.1242329974498473e-12
15650.056 2.9909642133352186e-12
15700.056 7.868923538555926e-12
15750.056 1.4258761224793164e-11
15800.056 1.9711887866243325e-11
15850.056 3.014814778081026e-11
15900.056 4.1528061262287595e-11
15950.056 5.976057606299618e-11
16000.056 5.4422285492402885e-11
16050.056 3.1631893459296674e-11
16100.056 1.4826900995503327e-11
16150.056 5.362606633196886e-12
16200.056 1.8217218594244075e-12
16250.056 6.946898343993783e-13
16300.056 2.4091007661329615e-13
16350.056 3.622841295576658e-13
16400.056 4.875826104840176e-13
16450.056 3.846102072781892e-13
16500.056 2.819518671933096e-13
16550.056 2.27697324437811e-13
16600.056 9.484190142181694e-13
16650.056 4.885861438313515e-13
16700.056 4.565769217665596e-14
16750.056 2.0318073979924347e-13
16800.056 4.2251154826096113e-13
16850.056 4.44993058055271e-13
16900.056 9.942203055199515e-14
16950.056 4.4127902122666e-14
17000.056 1.434937810568105e-14
17050.056 3.546692383832541e-14
17100.056 1.2945390958053906e-13
17150.056 5.0009719530686004e-14
17200.056 4.212731500136661e-13
17250.056 8.124274397973976e-14
17300.056 5.4520198499074606e-14
17350.056 8.505714541067107e-14
17400.056 2.6971159017587105e-13
17450.056 3.6887398395555713e-13
17500.056 7.154557913770143e-13
17550.056 6.350993198767594e-13
17600.056 4.991651476326007e-13
17650.056 2.8503316332293243e-13
17700.056 2.3610991941664244e-13
17750.056 2.2505276043156313e-13
17800.056 1.192675903693275e-12
17850.056 2.244805385749299e-13
17900.056 1.6453885566534781e-13
17950.056 1.0892357915256924e-13
18000.056 2.2240867784293904e-13
18050.056 1.3100217907974517e-13
18100.056 1.717998575836485e-13
18150.056 6.981702533257293e-14
18200.056 5.2429407236210505e-14
18250.056 3.625985690322396e-13
18300.056 1.7061878323302558e-14
18350.056 1.4289061788987574e-14
18400.056 4.988406669237207e-15
18450.056 1.178653881594329e-13
18500.056 1.0640872194330124e-13
18550.056 3.714521086603983e-14
18600.056 1.0402552296034195e-13
18650.056 7.226800960048023e-14
18700.056 2.5070873906798064e-15
18750.056 6.3574583788636586e-15
18800.056 3.017067623040512e-13
18850.056 2.432791428571625e-13
18900.056 3.315295316576591e-13
18950.056 4.722386185239941e-13
19000.056 3.454613774323559e-14
19050.056 1.2224857536823647e-14
19100.056 6.192866210616527e-14
19150.056 1.95975878675517e-14
19200.056 5.6201669347846454e-14
19250.056 3.6850485018306795e-14
19300.056 1.7334029849968038e-14
19350.056 1.6813436238870875e-14
19400.056 1.1836064055082296e-14
19450.056 2.2503403916461982e-14
19500.056 9.601955842864483e-15
19550.056 4.535487560354774e-14
19600.056 1.6874716291589248e-13
19650.056 8.766193214904885e-14
19700.056 1.4697265192867221e-13
19750.056 3.243764919127492e-13
19800.056 1.288301686152198e-13
19850.056 1.5803181318555094e-13
19900.056 3.4924110018102277e-13
19950.056 5.833293963207076e-13
20000.056 8.686185318553797e-13
20050.056 4.843984860940895e-13
20100.056 8.570183728543862e-13
20150.056 4.955729192353239e-13
20200.056 2.280881132405388e-13
20250.056 9.693295788618325e-13
20300.056 1.497793332728242e-12
20350.056 2.068989146923851e-12
20400.056 1.2485630682351609e-12
20450.056 3.2483763920063013e-12
20500.056 4.1628741073184215e-12
20550.056 5.311314538810915e-12
20600.056 6.055430370075166e-12
20650.056 8.654909602339442e-12
20700.056 1.0310435133426526e-11
20750.056 1.3585364702659385e-11
20800.056 1.2298992819146878e-11
20850.056 1.741739880518046e-11
20900.056 1.9843833560898613e-11
20950.056 1.8940822162800923e-11
21000.056 1.8887254723660975e-11
21050.056 2.1838086260998553e-11
21100.056 2.037919813350052e-11
21150.056 2.0396454138899846e-11
21200.056 1.8284201196602122e-11
21250.056 1.689438579963698e-11
21300.056 1.3365179977495455e-11
21350.056 1.3125472285413487e-11
21400.056 1.2819250401824766e-11
21450.056 8.571109690332752e-12
21500.056 6.646599387539376e-12
21550.056 6.908384892635093e-12
21600.056 5.247855081040339e-12
21650.056 2.890093124981256e-12
21700.056 1.7477207122069082e-12
21750.056 2.3524522978606713e-12
21800.056 1.2530809818141488e-12
21850.056 1.3051804887221024e-12
21900.056 7.960244421802284e-13
21950.056 1.6278614005531873e-13
22000.056 6.189112478178572e-15
22050.056 2.4715864978723586e-14
22100.056 1.384571234190057e-13
22150.056 7.049625826940001e-14
22200.056 6.163587793240987e-14
22250.056 4.406213267716043e-14
22300.056 1.1406465088532767e-14
22350.056 2.4734785076982934e-14
22400.056 4.814048312833507e-15
22450.056 1.2049053622282463e-14
22500.056 9.129456631178903e-15
22550.056 2.0303007951741136e-15
22600.056 1.3973189839041724e-15
22650.056 3.3236763065703305e-15
22700.056 3.4310763065782156e-15
22750.056 9.01145350582074e-15
22800.056 1.094747982207553e-14
22850.056 6.563687852041382e-15
22900.056 3.919127074093166e-15
22950.056 1.5791252299348755e-15
23000.056 3.6368297582261354e-15
23050.056 2.425539331869308e-15
23100.056 8.099245891508224e-14
23150.056 1.0923161023751516e-13
23200.056 6.639949705272363e-16
23250.056 8.110428711588608e-15
23300.056 5.348839221167934e-15
23350.056 1.2338631750071675e-14
23400.056 8.803651091916585e-15
23450.056 2.112370944229032e-15
23500.056 2.553476414590938e-15
23550.056 9.511223700422247e-15
23600.056 4.467423939028486e-14
23650.056 6.194819335211568e-14
23700.056 3.4180575951212272e-15
23750.056 4.9381261992664914e-15
23800.056 6.615513439076738e-14
23850.056 2.6842040242985896e-14
23900.056 9.87413215820858e-14
23950.056 2.1813883324688288e-14
24000.056 1.3060035828993732e-13
24050.056 1.5964198280024688e-13
24100.056 3.74844332691728e-13
24150.056 5.00931078126614e-13
24200.056 1.9581414800307208e-13
24250.056 1.492027591279148e-13
24300.056 3.845164417149018e-13
24350.056 3.132504681669622e-13
24400.056 1.3869707246050242e-12
24450.056 1.6301320023963105e-12
24500.056 1.3385280190835202e-12
24550.056 2.7414769643795745e-12
24600.056 3.0958453358846347e-12
24650.056 6.464925878785309e-12
24700.056 3.5125885534585028e-12
24750.056 5.28980762582106e-12
24800.056 3.5430773443132985e-12
24850.056 6.8633237337579795e-12
24900.056 2.7176075708175208e-12
24950.056 5.0445221707828935e-12
25000.056 6.595135367412375e-12
25050.056 3.740744841210704e-12
25100.056 6.1577764357998304e-12
25150.056 2.039834504191663e-12
25200.056 3.155272988305273e-12
25250.056 9.65104987901673e-13
25300.056 9.224270399379188e-13
25350.056 4.383379957750318e-13
25400.056 1.1758866445756452e-12
25450.056 2.1396832996012355e-13
25500.056 1.5357525714755728e-13
25550.056 4.865235596005319e-13
25600.056 1.498012048602558e-13
25650.056 5.692313671687594e-14
25700.056 3.4171479960544945e-14
25750.056 1.1551829291253008e-14
25800.056 6.450419323573498e-14
25850.056 9.321167513192982e-15
25900.056 1.0554643295936813e-14
25950.056 4.395459860684379e-15
26000.056 3.835511733773923e-14
26050.056 5.5235448127868166e-15
26100.056 1.8724901992775175e-14
26150.056 8.169649210488332e-15
26200.056 1.1026047915440422e-14
26250.056 7.620919054569792e-14
26300.056 1.3824224767903472e-14
26350.056 2.654076565491354e-13
26400.056 7.148875991381518e-13
26450.056 3.019807956052543e-13
26500.056 1.2208801084479384e-12
26550.056 4.872122966335617e-14
26600.056 4.480337751478616e-14
26650.056 8.872819013503096e-15
26700.056 9.119117294371597e-15
26750.056 1.3614797343465669e-14
26800.056 4.753592023457309e-14
26850.056 3.022733563748695e-14
26900.056 1.3628995784608558e-13
26950.056 3.169860814176716e-14
27000.056 1.7586168932403012e-13
27050.056 3.758143039591408e-13
27100.056 1.8869584941537488e-14
27150.056 2.6226237942525547e-13
27200.056 2.2609238511030597e-14
27250.056 7.78553245252812e-14
27300.056 1.1008364456604897e-12
27350.056 2.39147767884403e-13
27400.056 1.873397081967741e-14
27450.056 4.193656036203955e-13
27500.056 5.516537435022407e-13
27550.056 7.557084567137116e-14
27600.056 2.506383336541119e-13
27650.056 6.530562140508001e-14
27700.056 7.986287782756433e-14
27750.056 5.297982332738296e-13
27800.056 1.4964339065026376e-13
27850.056 3.441828375177507e-13
27900.056 4.296763216276045e-13
27950.056 9.091374563035463e-13
28000.056 1.3343226881216382e-12
28050.056 8.398289512724305e-14
28100.056 1.3141963342704216e-12
28150.056 9.74369618780279e-13
28200.056 1.4506414997931159e-13
28250.056 1.8150066881673355e-12
28300.056 1.5553891757340113e-12
28350.056 1.7741675180019922e-13
28400.056 8.868569414774118e-13
28450.056 1.968015516319631e-12
28500.056 7.744252583557677e-13
28550.056 1.6481442569133012e-13
28600.056 1.843354542478081e-12
28650.056 7.170469400548513e-13
28700.056 2.0909298194686333e-12
28750.056 2.934728554673189e-12
28800.056 5.827135591989408e-13
