galfind/configs/Brown_Dwarf_templates/sonora_bobcat/m+0.5/178g/sp_t2200g178nc_m+0.5_resample.dat
# %ECSV 1.0
# ---
# datatype:
# - {name: wav, unit: Angstrom, datatype: float64}
# - {name: flux_nu, unit: erg / (cm2 Hz s), datatype: float64}
# meta: {C/O: '1.00', Kzz: '1.0000E+05', Teff: '2200.', Y: '0.28', '[Fe/H]': '0.50', f_hole: '1.00', f_rain: '0.00', grav: '178.'}
# schema: astropy-2.0
wav flux_nu
[from data line 500]
29000.056 2.5534659322690938e-06
29050.056 2.6310396708698232e-06
29100.056 2.291746145100095e-06
29150.056 2.761099570880228e-06
29200.056 2.558213878390335e-06
29250.056 2.7678978685600435e-06
29300.056 2.464180435108685e-06
29350.056 3.0060803420595493e-06
29400.056 2.590479048369854e-06
29450.056 2.557990523039845e-06
29500.056 2.738170625109723e-06
29550.056 2.6328133789702987e-06
29600.056 2.754594199070003e-06
29650.056 2.7391476039099884e-06
29700.056 2.442366090769834e-06
29750.056 2.9867779111511106e-06
29800.056 2.8944012589598847e-06
29850.056 2.817841415039645e-06
29900.056 2.561481818750631e-06
29950.056 2.9941617204794716e-06
30000.056 2.958835109779024e-06
30050.056 2.7970512978999515e-06
30100.056 2.3013272056294266e-06
30150.056 3.3577848646997356e-06
30200.056 3.055028710350259e-06
30250.056 2.8904444770906823e-06
30300.056 2.95381638330982e-06
30350.056 2.8249429440405553e-06
30400.056 3.2737847046104883e-06
30450.056 2.6816265814803266e-06
30500.056 2.622441454960417e-06
30550.056 3.4029794118506708e-06
30600.056 3.2340213807003335e-06
30650.056 3.20300677816017e-06
30700.056 3.0106695765199817e-06
30750.056 2.9035703618601293e-06
30800.056 3.42234594060096e-06
30850.056 3.0129368748299815e-06
30900.056 3.047286576679757e-06
30950.056 2.940268793180335e-06
31000.056 3.336771096549906e-06
31050.056 2.8809651734100675e-06
31100.056 3.222872037929969e-06
31150.056 3.2644975551196993e-06
31200.056 3.339509843509649e-06
31250.056 3.538867424150687e-06
31300.056 3.1798692130997642e-06
31350.056 3.1712645449599943e-06
31400.056 3.2931047224005444e-06
31450.056 3.300374166040201e-06
31500.056 3.3861668711105535e-06
31550.056 3.117026410999964e-06
31600.056 3.2837087351198467e-06
31650.056 3.4165052231999313e-06
31700.056 3.5011000629999324e-06
31750.056 3.0878034367001643e-06
31800.056 3.4925538526002894e-06
31850.056 3.79724894089993e-06
31900.056 3.6821441272997243e-06
31950.056 3.0672241302996783e-06
32000.056 3.2847521430007505e-06
32050.056 3.719050720000386e-06
32100.056 3.7459243536996184e-06
32150.056 3.6998017839001202e-06
32200.056 3.575799552249936e-06
32250.056 3.395996085300162e-06
32300.056 3.674573531680139e-06
32350.056 3.879491354700504e-06
32400.056 3.5449594261399645e-06
32450.056 3.4286360165003172e-06
32500.056 3.7292369242002364e-06
32550.056 4.051620375200144e-06
32600.056 3.9556184483197675e-06
32650.056 3.859020008201079e-06
32700.056 3.686538867600127e-06
32750.056 3.858336678500033e-06
32800.056 3.571068810980463e-06
32850.056 4.141068824299718e-06
32900.056 3.983699063200074e-06
32950.056 3.512157770699851e-06
33000.056 3.810172691050265e-06
33050.056 3.881031238219559e-06
33100.056 3.997170856378995e-06
33150.056 3.9676530089002655e-06
33200.056 3.7216816076006812e-06
33250.056 3.97324740482019e-06
33300.056 4.29736504558031e-06
33350.056 4.008248620000298e-06
33400.056 3.743519386779633e-06
33450.056 4.077873010298817e-06
33500.056 4.033902608300269e-06
33550.056 3.983203908599367e-06
33600.056 4.036503930800665e-06
33650.056 4.136054764200804e-06
33700.056 4.284177674879417e-06
33750.056 4.248817165400177e-06
33800.056 4.169341865799988e-06
33850.056 4.0229045451000455e-06
33900.056 4.465216005399494e-06
33950.056 4.004529798799533e-06
34000.056 4.072907378199136e-06
34050.056 4.1691171571001006e-06
34100.056 4.417690580800508e-06
34150.056 4.311286382199539e-06
34200.056 4.096861632099426e-06
34250.056 4.515711436299389e-06
34300.056 4.2250591433995e-06
34350.056 4.392255619899465e-06
34400.056 4.101625360399508e-06
34450.056 4.12188624740003e-06
34500.056 4.2470947182008595e-06
34550.056 4.154945221299778e-06
34600.056 4.2986852620999915e-06
34650.056 4.321237745699901e-06
34700.056 4.147917023699429e-06
34750.056 4.439969839400287e-06
34800.056 4.562053956799582e-06
34850.056 4.1579629137000535e-06
34900.056 4.444043314500372e-06
34950.056 4.320071689599136e-06
35000.056 4.211994000199497e-06
35050.056 4.602550051400597e-06
35100.056 4.477193114899131e-06
35150.056 4.389828267699642e-06
35200.056 4.4989244609996865e-06
35250.056 4.050737285700359e-06
35300.056 4.440440091400429e-06
35350.056 4.629914949499664e-06
35400.056 4.383449680399783e-06
35450.056 4.273400151600301e-06
35500.056 4.53911419019998e-06
35550.056 4.375000177999916e-06
35600.056 4.287820725699234e-06
35650.056 4.679727494100534e-06
35700.056 4.294459236100368e-06
35750.056 4.37742558719969e-06
35800.056 4.5321895259996585e-06
35850.056 4.621777073999699e-06
35900.056 4.724597581199523e-06
35950.056 4.586105870199573e-06
36000.056 4.221943055799515e-06
36050.056 4.716505958900243e-06
36100.056 4.872573881499926e-06
36150.056 4.4164450273003745e-06
36200.056 4.739500426799506e-06
36250.056 4.426568829499272e-06
36300.056 5.000629550700811e-06
36350.056 4.810915633899321e-06
36400.056 4.640038924499871e-06
36450.056 4.9549089951996485e-06
36500.056 4.642018261500324e-06
36550.056 4.52541140620053e-06
36600.056 4.600042855500446e-06
36650.056 4.753732124000508e-06
36700.056 4.9727940020001865e-06
36750.056 4.624753305800557e-06
36800.056 4.749202585199526e-06
36850.056 4.812550856600062e-06
36900.056 4.871425707300697e-06
36950.056 4.861313103100079e-06
37000.056 4.90382897750019e-06
37050.056 5.013029030999924e-06
37100.056 4.8182128775003634e-06
37150.056 4.78622296729908e-06
37200.056 4.99368232200012e-06
37250.056 5.009900466500336e-06
37300.056 5.001801571000891e-06
37350.056 4.768098782700567e-06
37400.056 4.9947460375996915e-06
37450.056 4.966267330100382e-06
37500.056 5.09477584949975e-06
37550.056 4.946083045499203e-06
37600.056 5.18045670049937e-06
37650.056 4.7911859523995326e-06
37700.056 4.877430586200188e-06
37750.056 5.172055218199233e-06
37800.056 5.2622214824999315e-06
37850.056 5.063166659899762e-06
37900.056 5.157018110100368e-06
37950.056 5.198344025400266e-06
38000.056 5.075866624900668e-06
38050.056 5.10742454910037e-06
38100.056 4.952479795600202e-06
38150.056 5.265436588399296e-06
38200.056 5.371354553599317e-06
38250.056 5.0362561664006245e-06
38300.056 4.970409620099919e-06
38350.056 5.163358364299974e-06
38400.056 5.210462883399809e-06
38450.056 5.200450187700523e-06
38500.056 5.12322134909975e-06
38550.056 5.152494699000375e-06
38600.056 5.518476157599745e-06
38650.056 4.920542883800203e-06
38700.056 5.017366231700651e-06
38750.056 5.267294111700001e-06
38800.056 5.148639336500715e-06
38850.056 5.198336589600283e-06
38900.056 5.0070667708999406e-06
38950.056 5.224338543499586e-06
39000.056 5.144467740100132e-06
39050.056 5.190578542799951e-06
39100.056 4.943476160399921e-06
39150.056 5.079263520700249e-06
39200.056 5.209905765100213e-06
39250.056 5.19217105719932e-06
39300.056 5.201099414899118e-06
39350.056 5.159579192300524e-06
39400.056 5.048270092600162e-06
39450.056 5.099877704299763e-06
39500.056 5.047078234399853e-06
39550.056 4.948594816499031e-06
39600.056 5.329088536200353e-06
39650.056 4.9104471122001524e-06
39700.056 5.0874155444999335e-06
39750.056 5.0894928314994895e-06
39800.056 4.846839220700284e-06
39850.056 4.981169763299749e-06
39900.056 4.865626821999709e-06
39950.056 5.081900119399812e-06
40000.056 4.80399780609971e-06
40050.056 4.502689835599866e-06
40100.056 4.83900057059978e-06
40150.056 4.5238329912992175e-06
40200.056 4.745838481799674e-06
40250.056 4.728886994298635e-06
40300.056 4.388311625300257e-06
40350.056 4.6160701011003035e-06
40400.056 4.708968283899975e-06
40450.056 4.3600645027008894e-06
40500.056 4.143019530499983e-06
40550.056 4.735399040299706e-06
40600.056 4.317900981900315e-06
40650.056 4.444272878700981e-06
40700.056 4.6642419486003146e-06
40750.056 4.141473532098882e-06
40800.056 4.110508238100534e-06
40850.056 3.915215853900872e-06
40900.056 3.845312428200662e-06
40950.056 4.174317324999996e-06
41000.056 4.322331600000354e-06
41050.056 4.207054278599226e-06
41100.056 4.014653463100536e-06
41150.056 4.301873723100213e-06
41200.056 4.015092662800058e-06
41250.056 4.119712114900216e-06
41300.056 3.6586751103996407e-06
41350.056 4.213899800900253e-06
41400.056 4.027689632899963e-06
41450.056 3.859034258200024e-06
41500.056 4.1422288560000775e-06
41550.056 4.1134228760000735e-06
41600.056 4.25645857339988e-06
41650.056 3.7828373969005605e-06
41700.056 3.674621401199673e-06
41750.056 3.868151143799948e-06
41800.056 3.7035022313996542e-06
41850.056 3.5131831279004667e-06
41900.056 3.941962009599492e-06
41950.056 3.4296960946006183e-06
42000.056 3.690052717210211e-06
42050.056 3.443212197898872e-06
42100.056 3.7484307404003794e-06
42150.056 3.1473445470689767e-06
42200.056 3.2926434507501153e-06
42250.056 3.4931307687998277e-06
42300.056 3.0470773068999827e-06
42350.056 3.50127801016071e-06
42400.056 3.1382276815004065e-06
42450.056 2.6890318042002913e-06
42500.056 2.916463007900386e-06
42550.056 3.0211056401999115e-06
42600.056 2.9522877533005002e-06
42650.056 2.6364874554787947e-06
42700.056 3.0272467102809717e-06
42750.056 2.816163620999994e-06
42800.056 2.79194814112063e-06
42850.056 2.908959595599852e-06
42900.056 2.866180049300194e-06
42950.056 2.6485983933988254e-06
43000.056 2.7255069942998884e-06
43050.056 2.7212296234712416e-06
43100.056 2.8157315022998765e-06
43150.056 2.8722348285004964e-06
43200.056 2.8115298558000807e-06
43250.056 2.7272784074802574e-06
43300.056 2.8748889235002733e-06
43350.056 2.636237386499787e-06
43400.056 2.6447161791799396e-06
43450.056 2.730548909200865e-06
43500.056 2.625364039699443e-06
43550.056 2.7586151109599426e-06
43600.056 2.810016294600153e-06
43650.056 2.5523311253404186e-06
43700.056 2.491456450899535e-06
43750.056 2.5868063546001422e-06
43800.056 2.4623038329002288e-06
43850.056 2.5549105333004857e-06
43900.056 2.614891325759907e-06
43950.056 2.4917656695205393e-06
44000.056 2.3663705414504543e-06
44050.056 2.407255683100148e-06
44100.056 2.441519503300517e-06
44150.056 2.5976016443994467e-06
44200.056 2.4443372200799205e-06
44250.056 2.3664427184299205e-06
44300.056 2.328499183560388e-06
44350.056 2.350685272580066e-06
44400.056 2.3547291675000193e-06
44450.056 2.510542464300107e-06
44500.056 2.561470143700345e-06
44550.056 2.2889619946994226e-06
44600.056 2.366606186650266e-06
44650.056 2.4944999262802387e-06
44700.056 2.342684982780202e-06
44750.056 2.4741234628796322e-06
44800.056 2.5514735865698932e-06
44850.056 2.5649665168001277e-06
44900.056 2.4289573591004314e-06
44950.056 2.2545558354999273e-06
45000.056 2.4879979765999437e-06
45050.056 2.4414863947996866e-06
45100.056 2.5420049816997845e-06
45150.056 2.4904482344399584e-06
45200.056 2.3150017838899323e-06
45250.056 2.36531005341965e-06
45300.056 2.4116219966900554e-06
45350.056 2.5647329241196055e-06
45400.056 2.5058284119403637e-06
45450.056 2.3210672482996607e-06
45500.056 2.331411607799886e-06
45550.056 2.560266971489664e-06
45600.056 2.4633677710599387e-06
45650.056 2.2413244445993632e-06
45700.056 2.4400905630603286e-06
45750.056 2.4036382130098275e-06
45800.056 2.387105912119962e-06
45850.056 2.6437198373200565e-06
45900.056 2.6095075798000622e-06
45950.056 2.349246717499927e-06
46000.056 2.631868641840039e-06
46050.056 2.6551047944405973e-06
46100.056 2.3659737322101483e-06
46150.056 2.418514848379958e-06
46200.056 2.670366362200563e-06
46250.056 2.2863514898799016e-06
46300.056 2.7264235751998573e-06
46350.056 2.2716017489697786e-06
46400.056 2.4816945805296964e-06
46450.056 2.4041592533005727e-06
46500.056 2.3457085617499717e-06
46550.056 2.6162047525198435e-06
46600.056 2.4097469949797655e-06
46650.056 2.867817176679998e-06
46700.056 2.6944414989607085e-06
46750.056 2.349919083399896e-06
46800.056 2.573474904600427e-06
46850.056 2.611934196870047e-06
46900.056 2.546900454539497e-06
46950.056 2.702935395760221e-06
47000.056 2.5799975528800116e-06
47050.056 2.5988191513496947e-06
47100.056 2.4647218764300954e-06
47150.056 2.5492830580205063e-06
47200.056 2.5113036724006586e-06
47250.056 2.4906184591192653e-06
47300.056 2.501119967259295e-06
47350.056 2.252407111619544e-06
47400.056 2.5945973291793593e-06
47450.056 2.686170538779825e-06
47500.056 2.466446289339313e-06
47550.056 2.4831150790494313e-06
47600.056 2.6775151458999284e-06
47650.056 2.087530420379448e-06
47700.056 2.656325511500088e-06
47750.056 2.0341727306106353e-06
47800.056 2.6725477303997474e-06
47850.056 2.193129164719121e-06
47900.056 2.729148180940145e-06
47950.056 2.1123467781205922e-06
48000.056 2.8370543203000485e-06
48050.056 2.2593765896604845e-06
48100.056 2.385722626090031e-06
48150.056 2.245030829520236e-06
48200.056 2.6857465801007266e-06
48250.056 2.3018924762596746e-06
48300.056 2.8226564480997585e-06
48350.056 2.0787507593695386e-06
48400.056 2.6660331696999536e-06
48450.056 2.378420434090218e-06
48500.056 2.7913409633400544e-06
48550.056 2.176997981790038e-06
48600.056 2.636064611299751e-06
48650.056 2.1324657158599906e-06
48700.056 2.484351357100055e-06
48750.056 2.005555265230385e-06
48800.056 2.7993250796601496e-06
48850.056 2.190215275389608e-06
48900.056 2.610949384800046e-06
48950.056 2.486042775800334e-06
49000.056 2.399453046699867e-06
49050.056 2.446285866699768e-06
49100.056 2.3837271991401025e-06
49150.056 2.3792836924601e-06
49200.056 2.5191116925899294e-06
49250.056 2.3881074718401908e-06
49300.056 2.2365229441296357e-06
49350.056 2.1927678246000442e-06
49400.056 2.592070321000415e-06
49450.056 2.2913888330905523e-06
49500.056 2.354537562600383e-06
49550.056 2.177890165489974e-06
49600.056 2.2526257497304113e-06
49650.056 2.2973052948203835e-06
49700.056 2.0321551901697717e-06
49750.056 2.7465024521994647e-06
49800.056 2.3528757445000277e-06
49850.056 2.6373250100000356e-06
49900.056 2.2493931442601227e-06
49950.056 2.3993916241992505e-06
50000.056 2.2651983903794634e-06
50050.056 2.3824761931601244e-06
50100.056 2.3934951518997742e-06
50150.056 2.2286520340399255e-06
50200.056 2.036917120300142e-06
50250.056 2.1555100595701914e-06
50300.056 2.151718916499616e-06
50350.056 2.3185098561199675e-06
50400.056 2.262451296100116e-06
50450.056 2.1445934500202288e-06
50500.056 2.6860426357004e-06
50550.056 2.2720615680798106e-06
50600.056 2.3428976831202162e-06
50650.056 2.2690056833005952e-06
50700.056 2.412942079819277e-06
50750.056 2.32898365500028e-06
50800.056 2.0395543423799062e-06
50850.056 2.2490112353803324e-06
50900.056 2.2271275889999473e-06
50950.056 2.404728581950365e-06
51000.056 2.5952725794202695e-06
51050.056 2.106977200960383e-06
51100.056 2.1170317836498894e-06
51150.056 2.356918352170112e-06
51200.056 2.2253855215998215e-06
51250.056 2.4052281033600774e-06
51300.056 2.16182168838062e-06
51350.056 2.329533145099742e-06
51400.056 2.242494902899369e-06
51450.056 1.7318795973797688e-06
51500.056 2.323187866449913e-06
51550.056 2.619497201240245e-06
51600.056 1.9162023731998964e-06
51650.056 2.2627645292996647e-06
51700.056 2.017098823619356e-06
51750.056 2.070583952790153e-06
51800.056 2.2872939098997293e-06
51850.056 2.346430441899909e-06
51900.056 2.4130685393002954e-06
51950.056 2.164807041629745e-06
52000.056 2.0278712842599694e-06
52050.056 2.307683779949825e-06
52100.056 2.244410648499473e-06
52150.056 2.2413023772703683e-06
52200.056 2.145387612740115e-06
52250.056 2.1170030318799646e-06
52300.056 2.1828321511699884e-06
52350.056 2.479933051080244e-06
52400.056 1.955674881079996e-06
52450.056 2.1612045621899556e-06
52500.056 2.2762167072593294e-06
52550.056 2.1135633124994613e-06
52600.056 2.24588482816015e-06
52650.056 2.5047536719504856e-06
52700.056 2.1992659937600724e-06
52750.056 1.8370669123898264e-06
52800.056 2.05625959380024e-06
52850.056 1.9768325208398993e-06
52900.056 2.172536455900278e-06
52950.056 2.1144515402995682e-06
53000.056 2.31012533562968e-06
53050.056 2.230712020469681e-06
53100.056 1.954220986509521e-06
53150.056 2.341982853400497e-06
53200.056 1.8224688444603761e-06
53250.056 2.441379347699907e-06
53300.056 2.320334175400766e-06
53350.056 2.3555887302997983e-06
53400.056 2.0806405030001572e-06
53450.056 1.988508368150022e-06
53500.056 1.8791973594996692e-06
53550.056 2.2722317166199166e-06
53600.056 2.256148017670364e-06
53650.056 2.0192897907306293e-06
