galfind/configs/Brown_Dwarf_templates/sonora_bobcat/m+0.5/178g/sp_t1900g178nc_m+0.5_resample.dat
# %ECSV 1.0
# ---
# datatype:
# - {name: wav, unit: Angstrom, datatype: float64}
# - {name: flux_nu, unit: erg / (cm2 Hz s), datatype: float64}
# meta: {C/O: '1.00', Kzz: '1.0000E+05', Teff: '1900.', Y: '0.28', '[Fe/H]': '0.50', f_hole: '1.00', f_rain: '0.00', grav: '178.'}
# schema: astropy-2.0
wav flux_nu
[from data line 497]
28850.056 1.4731969496502272e-06
28900.056 1.1634942153600975e-06
28950.056 1.6489546729398575e-06
29000.056 1.326940508419561e-06
29050.056 1.3747438827797786e-06
29100.056 1.1378655845501268e-06
29150.056 1.4752333148302894e-06
29200.056 1.3108820998503647e-06
29250.056 1.4966446982500703e-06
29300.056 1.2359917402392836e-06
29350.056 1.6990612175896857e-06
29400.056 1.364321096739807e-06
29450.056 1.397271873959942e-06
29500.056 1.4767549667898103e-06
29550.056 1.4120990978201191e-06
29600.056 1.5171407575398346e-06
29650.056 1.4768896529698897e-06
29700.056 1.2894887855997999e-06
29750.056 1.6582448376308837e-06
29800.056 1.6355369234099257e-06
29850.056 1.5752554086398093e-06
29900.056 1.4148437813304016e-06
29950.056 1.6900603776296964e-06
30000.056 1.6753703233395375e-06
30050.056 1.5638924419698785e-06
30100.056 1.2785327969996186e-06
30150.056 1.9699270160598418e-06
30200.056 1.7285541408301644e-06
30250.056 1.6932041614705311e-06
30300.056 1.6990512371897904e-06
30350.056 1.5933418802302608e-06
30400.056 1.9686045116504167e-06
30450.056 1.5615105140301576e-06
30500.056 1.464650375370232e-06
30550.056 2.0254908426904622e-06
30600.056 1.9400301157502846e-06
30650.056 1.9617847035100757e-06
30700.056 1.818799241109939e-06
30750.056 1.7440725330900497e-06
30800.056 2.111181776100516e-06
30850.056 1.8124300440999344e-06
30900.056 1.8318356247698503e-06
30950.056 1.7592990799102468e-06
31000.056 2.0691741317899335e-06
31050.056 1.7459874960799771e-06
31100.056 1.9319794106498847e-06
31150.056 2.051501650719693e-06
31200.056 2.0123783927097555e-06
31250.056 2.229787588250432e-06
31300.056 1.9719068063798172e-06
31350.056 1.999952456999983e-06
31400.056 2.001354612350472e-06
31450.056 2.0551956904500803e-06
31500.056 2.0775588320603706e-06
31550.056 1.9380464592899927e-06
31600.056 2.0546189455698365e-06
31650.056 2.1808310000399776e-06
31700.056 2.1636364910898908e-06
31750.056 1.900288232280202e-06
31800.056 2.2594139924202057e-06
31850.056 2.422114660420153e-06
31900.056 2.389525820599826e-06
31950.056 1.8359871312298003e-06
32000.056 2.031262579470523e-06
32050.056 2.38736403881024e-06
32100.056 2.3909677383496384e-06
32150.056 2.392287742000073e-06
32200.056 2.3124828712999514e-06
32250.056 2.1704694195602076e-06
32300.056 2.3802909759701148e-06
32350.056 2.543971701010371e-06
32400.056 2.278500100350017e-06
32450.056 2.228468870160225e-06
32500.056 2.4476114056602654e-06
32550.056 2.7196728495401115e-06
32600.056 2.68023099763982e-06
32650.056 2.575374162430845e-06
32700.056 2.4659952923901926e-06
32750.056 2.5682450754000596e-06
32800.056 2.3369321981601406e-06
32850.056 2.809524318509737e-06
32900.056 2.702981386559978e-06
32950.056 2.292511259749819e-06
33000.056 2.4968826374303065e-06
33050.056 2.5891837426596864e-06
33100.056 2.685199819479212e-06
33150.056 2.5787798633101213e-06
33200.056 2.307596373620455e-06
33250.056 2.5957950714800096e-06
33300.056 2.772617398560243e-06
33350.056 2.617493965130128e-06
33400.056 2.3909989709796706e-06
33450.056 2.6167670075092188e-06
33500.056 2.7304343509503037e-06
33550.056 2.588563992169693e-06
33600.056 2.694459833040669e-06
33650.056 2.8242178583907035e-06
33700.056 2.912435297139595e-06
33750.056 2.892761209330078e-06
33800.056 2.7657704457200467e-06
33850.056 2.686216098410162e-06
33900.056 3.0929692766995203e-06
33950.056 2.711508335239634e-06
34000.056 2.7492035235593497e-06
34050.056 2.7951182528399605e-06
34100.056 2.9916261376604224e-06
34150.056 2.922744469699628e-06
34200.056 2.7623948181394844e-06
34250.056 3.1135057493996402e-06
34300.056 2.868642304489574e-06
34350.056 2.9586882747997865e-06
34400.056 2.7539190648196214e-06
34450.056 2.7588552998200237e-06
34500.056 2.9296487244005907e-06
34550.056 2.7862904891497817e-06
34600.056 2.9384370201800683e-06
34650.056 2.974197965300041e-06
34700.056 2.8810326064193283e-06
34750.056 3.075559742500249e-06
34800.056 3.1806442858995775e-06
34850.056 2.8254265819200974e-06
34900.056 3.024425749810215e-06
34950.056 2.9498278010993303e-06
35000.056 2.848211480749595e-06
35050.056 3.2750959426005727e-06
35100.056 3.0205052457393e-06
35150.056 3.08991304773989e-06
35200.056 3.1205310274997647e-06
35250.056 2.786264611440141e-06
35300.056 3.0748715253402425e-06
35350.056 3.2333527565997395e-06
35400.056 2.980831300999715e-06
35450.056 2.9221539597404306e-06
35500.056 3.2046607858998204e-06
35550.056 3.0242592306998573e-06
35600.056 2.875771153319565e-06
35650.056 3.315798059900419e-06
35700.056 2.9207295003004016e-06
35750.056 3.0889520160596917e-06
35800.056 3.176427228299671e-06
35850.056 3.1846350997998137e-06
35900.056 3.402642406999572e-06
35950.056 3.2018304470999258e-06
36000.056 2.9188736308996366e-06
36050.056 3.3767680726003306e-06
36100.056 3.4562401829996254e-06
36150.056 3.089391029450406e-06
36200.056 3.3794697957195513e-06
36250.056 3.0882488023693772e-06
36300.056 3.607796849320711e-06
36350.056 3.38680895259957e-06
36400.056 3.2713010137999634e-06
36450.056 3.5850504498996484e-06
36500.056 3.3230745187002626e-06
36550.056 3.216944691200556e-06
36600.056 3.3009997706002758e-06
36650.056 3.4211017822003555e-06
36700.056 3.620763951300136e-06
36750.056 3.32331595020031e-06
36800.056 3.4212836248996715e-06
36850.056 3.4373749543003434e-06
36900.056 3.5218234892005726e-06
36950.056 3.4929855277999523e-06
37000.056 3.5976418958000587e-06
37050.056 3.6337463306998578e-06
37100.056 3.5351228484004053e-06
37150.056 3.525109932099256e-06
37200.056 3.671898619200064e-06
37250.056 3.6993888639002555e-06
37300.056 3.7348061601007115e-06
37350.056 3.4706319199004995e-06
37400.056 3.6584068289996676e-06
37450.056 3.638811139400314e-06
37500.056 3.7269352153997125e-06
37550.056 3.6289498046993285e-06
37600.056 3.834817129299493e-06
37650.056 3.5660349936996573e-06
37700.056 3.6429718011000708e-06
37750.056 3.8627228087995144e-06
37800.056 3.931640812599869e-06
37850.056 3.731274701099823e-06
37900.056 3.828240904400304e-06
37950.056 3.8813297409001465e-06
38000.056 3.7765786224005345e-06
38050.056 3.823197397000274e-06
38100.056 3.6713708425002543e-06
38150.056 3.990262842399467e-06
38200.056 4.0674554717994225e-06
38250.056 3.7150126218005727e-06
38300.056 3.66913055659993e-06
38350.056 3.823389310999849e-06
38400.056 3.908745759799769e-06
38450.056 3.98780834700037e-06
38500.056 3.847848164399797e-06
38550.056 3.857472177900208e-06
38600.056 4.238952829799779e-06
38650.056 3.705568056400154e-06
38700.056 3.78995389080067e-06
38750.056 3.96347297389997e-06
38800.056 3.912928857600493e-06
38850.056 3.875405663100323e-06
38900.056 3.7631218537998604e-06
38950.056 3.994548102999633e-06
39000.056 3.8616549356001215e-06
39050.056 3.948444667199907e-06
39100.056 3.714376144599985e-06
39150.056 3.853346563500163e-06
39200.056 3.995138049900169e-06
39250.056 3.962896655599312e-06
39300.056 3.949469117599207e-06
39350.056 3.938174788500437e-06
39400.056 3.857023237500108e-06
39450.056 3.881874004999764e-06
39500.056 3.823508518799706e-06
39550.056 3.7466150729493277e-06
39600.056 4.116848938600161e-06
39650.056 3.665889788000075e-06
39700.056 3.839858106999819e-06
39750.056 3.8282320178995325e-06
39800.056 3.6154877275002234e-06
39850.056 3.7436973519997077e-06
39900.056 3.6841853912998936e-06
39950.056 3.88407308469984e-06
40000.056 3.5299182235997756e-06
40050.056 3.3695245856999336e-06
40100.056 3.6378276568998146e-06
40150.056 3.3922315308993624e-06
40200.056 3.533954137899675e-06
40250.056 3.512649122398961e-06
40300.056 3.23290480970023e-06
40350.056 3.494944481800416e-06
40400.056 3.5306566542998793e-06
40450.056 3.2789744843005765e-06
40500.056 3.0520731516001915e-06
40550.056 3.567564302799717e-06
40600.056 3.128948243950341e-06
40650.056 3.2578435890005904e-06
40700.056 3.45414065540026e-06
40750.056 3.0282938268989986e-06
40800.056 3.0064519142903927e-06
40850.056 2.8526531859206775e-06
40900.056 2.8457293297004866e-06
40950.056 3.05585836489994e-06
41000.056 3.1427478716001827e-06
41050.056 3.067011481459389e-06
41100.056 2.8983195660002824e-06
41150.056 3.1155710017001418e-06
41200.056 2.9003602331500085e-06
41250.056 2.9824761433002704e-06
41300.056 2.5772575149996023e-06
41350.056 3.0574351494001672e-06
41400.056 2.8662347044001327e-06
41450.056 2.7761246559001467e-06
41500.056 3.008029320040142e-06
41550.056 2.897061096900059e-06
41600.056 3.0197586483000066e-06
41650.056 2.6721373725005074e-06
41700.056 2.546113281339667e-06
41750.056 2.6313979845898176e-06
41800.056 2.599295401759585e-06
41850.056 2.39270178792046e-06
41900.056 2.714985247139812e-06
41950.056 2.2042844341006308e-06
42000.056 2.4440245783301525e-06
42050.056 2.1922250377792356e-06
42100.056 2.4985472735003607e-06
42150.056 1.8763320645991737e-06
42200.056 2.0701303970700267e-06
42250.056 2.1900578200599584e-06
42300.056 1.7598855782199769e-06
42350.056 2.144876049060649e-06
42400.056 1.819697441790463e-06
42450.056 1.5242578850103376e-06
42500.056 1.6582629679903584e-06
42550.056 1.6769173614101376e-06
42600.056 1.6760155360205015e-06
42650.056 1.37789287552889e-06
42700.056 1.6930232275107177e-06
42750.056 1.5307287576999868e-06
42800.056 1.4724188918005852e-06
42850.056 1.4991583437996872e-06
42900.056 1.4913392653100543e-06
42950.056 1.391324785329221e-06
43000.056 1.4038938484200423e-06
43050.056 1.3758370212307624e-06
43100.056 1.5041425973902528e-06
43150.056 1.4629604278102918e-06
43200.056 1.4958160821402255e-06
43250.056 1.4237749264399073e-06
43300.056 1.4908987455702164e-06
43350.056 1.3548218371299144e-06
43400.056 1.4256081664799697e-06
43450.056 1.457797664300623e-06
43500.056 1.3774479603397856e-06
43550.056 1.4769402757100068e-06
43600.056 1.4650416739302247e-06
43650.056 1.285422562600226e-06
43700.056 1.2703596256395405e-06
43750.056 1.3333675061002524e-06
43800.056 1.2034278403103005e-06
43850.056 1.2798097554703618e-06
43900.056 1.3550133645699322e-06
43950.056 1.264246130110478e-06
44000.056 1.2135590448803122e-06
44050.056 1.235127937030182e-06
44100.056 1.2580021025402868e-06
44150.056 1.305863045869621e-06
44200.056 1.219087741299876e-06
44250.056 1.2346997761200661e-06
44300.056 1.2168178632001444e-06
44350.056 1.173581769610026e-06
44400.056 1.2427500304899465e-06
44450.056 1.288364578560021e-06
44500.056 1.327798792580077e-06
44550.056 1.1671724628696857e-06
44600.056 1.2479019960301328e-06
44650.056 1.2912018238801921e-06
44700.056 1.2290512003100933e-06
44750.056 1.2757580241498119e-06
44800.056 1.3594803920099457e-06
44850.056 1.3181060362701309e-06
44900.056 1.2551415939702162e-06
44950.056 1.1627911285699413e-06
45000.056 1.3133348014299032e-06
45050.056 1.2886806308498539e-06
45100.056 1.357755252819915e-06
45150.056 1.2823488195699085e-06
45200.056 1.182245766530017e-06
45250.056 1.2225211793798439e-06
45300.056 1.3213337557500812e-06
45350.056 1.382688364289886e-06
45400.056 1.3129143100502066e-06
45450.056 1.1944147841798187e-06
45500.056 1.236479276899933e-06
45550.056 1.3843711142399133e-06
45600.056 1.2781182413299518e-06
45650.056 1.153500252459741e-06
45700.056 1.3680103498101241e-06
45750.056 1.2517668040199615e-06
45800.056 1.2275931420199675e-06
45850.056 1.4592624110599749e-06
45900.056 1.4653196777500882e-06
45950.056 1.2623332843499775e-06
46000.056 1.5109529798900112e-06
46050.056 1.4939376862903097e-06
46100.056 1.2369175213101287e-06
46150.056 1.3258500217899465e-06
46200.056 1.4655617307703304e-06
46250.056 1.190488952039958e-06
46300.056 1.5689222680899263e-06
46350.056 1.2743416477298542e-06
46400.056 1.3409421937598243e-06
46450.056 1.3648417571102843e-06
46500.056 1.2579680230899015e-06
46550.056 1.5335401939499714e-06
46600.056 1.4061167177799945e-06
46650.056 1.7989529313699007e-06
46700.056 1.668903095140475e-06
46750.056 1.3248864962898733e-06
46800.056 1.481534469860256e-06
46850.056 1.5746642145701367e-06
46900.056 1.4819405069196994e-06
46950.056 1.6645046873201059e-06
47000.056 1.4319971346899797e-06
47050.056 1.6330988641297307e-06
47100.056 1.3259370950501144e-06
47150.056 1.4760296355902786e-06
47200.056 1.5302512694904568e-06
47250.056 1.3869825695396983e-06
47300.056 1.4716850088296068e-06
47350.056 1.217823327869718e-06
47400.056 1.543289187549614e-06
47450.056 1.4223237005898813e-06
47500.056 1.491533085169671e-06
47550.056 1.3793585713397939e-06
47600.056 1.5720751434998927e-06
47650.056 1.1114970356896627e-06
47700.056 1.5949927670600643e-06
47750.056 1.070630671560309e-06
47800.056 1.5560622245498247e-06
47850.056 1.1759456428197276e-06
47900.056 1.5861816985201016e-06
47950.056 1.1319958302802652e-06
48000.056 1.7582301746999975e-06
48050.056 1.263297506340256e-06
48100.056 1.408463195049959e-06
48150.056 1.2718116742001853e-06
48200.056 1.5795170055302865e-06
48250.056 1.2803859565798698e-06
48300.056 1.72375753655973e-06
48350.056 1.1334734428598359e-06
48400.056 1.5631883222399785e-06
48450.056 1.2559725532200716e-06
48500.056 1.735871715390038e-06
48550.056 1.167977309280062e-06
48600.056 1.5910595200098377e-06
48650.056 1.1981599665299712e-06
48700.056 1.526829181780095e-06
48750.056 1.072021882810163e-06
48800.056 1.7558485053601218e-06
48850.056 1.1919063859197594e-06
48900.056 1.569341946680123e-06
48950.056 1.4173329415000634e-06
49000.056 1.408751006529851e-06
49050.056 1.4748493871599035e-06
49100.056 1.3635711682901664e-06
49150.056 1.4305987128400514e-06
49200.056 1.3940786181599485e-06
49250.056 1.4124605659300255e-06
49300.056 1.239296557799824e-06
49350.056 1.3193195308699756e-06
49400.056 1.5822293583901693e-06
49450.056 1.3250597118903291e-06
49500.056 1.406091861950153e-06
49550.056 1.220364971959987e-06
49600.056 1.3413275401403238e-06
49650.056 1.3957475676501212e-06
49700.056 1.1822663440499002e-06
49750.056 1.813441422739697e-06
49800.056 1.3598415610400752e-06
49850.056 1.712446106860038e-06
49900.056 1.3515307249401259e-06
49950.056 1.4527269994495552e-06
50000.056 1.4064427728296482e-06
50050.056 1.4273286278601283e-06
50100.056 1.5255855853898789e-06
50150.056 1.3050240676500304e-06
50200.056 1.2031967736001536e-06
50250.056 1.3837423425301127e-06
50300.056 1.2934043197298615e-06
50350.056 1.515927944550001e-06
50400.056 1.3523300746200118e-06
50450.056 1.3316488689101946e-06
50500.056 1.747418113590297e-06
50550.056 1.3905219184198996e-06
50600.056 1.5110677048600808e-06
50650.056 1.4104566480303724e-06
50700.056 1.559912651459496e-06
50750.056 1.5731054978802247e-06
50800.056 1.1927246003698924e-06
50850.056 1.4253072638402538e-06
50900.056 1.483475852059952e-06
50950.056 1.541042879260251e-06
51000.056 1.7632646806401813e-06
51050.056 1.3229278518102226e-06
51100.056 1.312719467109901e-06
51150.056 1.5185808777799377e-06
51200.056 1.4172795247299184e-06
51250.056 1.5970610815099736e-06
51300.056 1.3224804538504486e-06
51350.056 1.5041054134697293e-06
51400.056 1.4198339371095837e-06
51450.056 1.0293392516298317e-06
51500.056 1.4542617987199675e-06
51550.056 1.7988275274001808e-06
51600.056 1.1858632453600145e-06
51650.056 1.4472028474097443e-06
51700.056 1.3190381963195674e-06
51750.056 1.2902437605400992e-06
51800.056 1.5416620525897886e-06
51850.056 1.5373705210598378e-06
51900.056 1.6067564450002872e-06
51950.056 1.4543258994898426e-06
52000.056 1.2699221517699528e-06
52050.056 1.4890081050498834e-06
52100.056 1.4059461219496979e-06
52150.056 1.4228553980001577e-06
52200.056 1.3693091943600894e-06
52250.056 1.4021412037699878e-06
52300.056 1.4940500983399792e-06
52350.056 1.6686247163302163e-06
52400.056 1.2079178955801298e-06
52450.056 1.4139502789399546e-06
52500.056 1.563840979189624e-06
52550.056 1.4293450162095467e-06
52600.056 1.4993023207301857e-06
52650.056 1.7013798353802887e-06
52700.056 1.4362423347700365e-06
52750.056 1.1619183927798461e-06
52800.056 1.32749909730014e-06
52850.056 1.249869002989868e-06
52900.056 1.4166950219801215e-06
52950.056 1.3870947722797501e-06
53000.056 1.5669768976398361e-06
53050.056 1.4141461930297219e-06
53100.056 1.301123221669676e-06
53150.056 1.624418880990332e-06
53200.056 1.1386312786002314e-06
53250.056 1.6403491355199148e-06
