galfind/configs/Brown_Dwarf_templates/sonora_bobcat/m+0.5/178g/sp_t400g178nc_m+0.5_resample.dat
# %ECSV 1.0
# ---
# datatype:
# - {name: wav, unit: Angstrom, datatype: float64}
# - {name: flux_nu, unit: erg / (cm2 Hz s), datatype: float64}
# meta: {C/O: '1.00', Kzz: '1.0000E+05', Teff: '400.', Y: '0.28', '[Fe/H]': '0.50', f_hole: '1.00', f_rain: '0.00', grav: '178.'}
# schema: astropy-2.0
wav flux_nu
[from data line 499]
28950.056 8.863415941324615e-11
29000.056 5.49905596089388e-11
29050.056 8.88079205175115e-11
29100.056 4.4607724747479123e-11
29150.056 5.607502817750224e-11
29200.056 1.3124864195063993e-10
29250.056 1.455875505607448e-10
29300.056 7.26396886386975e-11
29350.056 2.0047234465123846e-10
29400.056 9.445903830995149e-11
29450.056 5.5104629326430685e-11
29500.056 2.0101774911247558e-10
29550.056 6.861939136126995e-11
29600.056 9.150479042704227e-11
29650.056 2.85336820162902e-10
29700.056 6.16226741115186e-11
29750.056 2.0201241305339585e-10
29800.056 1.4454277322714748e-10
29850.056 2.3147853489445175e-10
29900.056 1.147591529272701e-10
29950.056 1.5396436427921416e-10
30000.056 2.468794228760362e-12
30050.056 1.581740070243942e-11
30100.056 6.719316682144927e-11
30150.056 2.394710397120779e-10
30200.056 1.5167337143247504e-10
30250.056 2.9390053534069e-10
30300.056 4.372880038605987e-10
30350.056 1.0177444831951809e-10
30400.056 3.889721378259612e-10
30450.056 2.759553614153161e-10
30500.056 1.820873156333474e-10
30550.056 1.4966287538993094e-10
30600.056 8.853200968972009e-10
30650.056 3.8686280469507096e-10
30700.056 2.2401441612204042e-10
30750.056 4.842262554858104e-10
30800.056 3.6460840807437673e-10
30850.056 4.3463183912775325e-10
30900.056 2.0993760477942896e-10
30950.056 2.0793210288574028e-10
31000.056 2.488595752639576e-10
31050.056 1.5993692795288654e-10
31100.056 1.0606380377008413e-10
31150.056 2.0037016663211029e-10
31200.056 5.477505047405424e-10
31250.056 3.0774872471542004e-10
31300.056 1.850397658899231e-10
31350.056 4.1945297373502764e-10
31400.056 2.835527591030157e-10
31450.056 2.88006586417738e-10
31500.056 1.0569335854201927e-10
31550.056 1.8165915161268764e-10
31600.056 1.2524593152085616e-10
31650.056 1.1258255481947888e-10
31700.056 1.0148965102120073e-10
31750.056 5.2538022685995476e-11
31800.056 1.0187240086518236e-10
31850.056 1.8205937766521156e-11
31900.056 4.3582841407820817e-11
31950.056 2.8313361413826106e-11
32000.056 1.9604028157864057e-11
32050.056 3.339618512142389e-11
32100.056 2.8974461840353836e-11
32150.056 2.94195865300659e-11
32200.056 1.3474658099603303e-11
32250.056 3.65500298017549e-11
32300.056 1.0161788030833634e-11
32350.056 3.4424603268566685e-11
32400.056 4.904677029727319e-12
32450.056 2.480308199799678e-11
32500.056 5.606557977216184e-12
32550.056 1.8270953576034807e-11
32600.056 6.073927849178268e-12
32650.056 5.456036056811978e-11
32700.056 9.780353376693926e-12
32750.056 1.11185398526659e-10
32800.056 5.363464112760162e-11
32850.056 2.0932298018686834e-10
32900.056 1.7156694500905067e-10
32950.056 1.8516090258084594e-10
33000.056 5.602111004213766e-11
33050.056 7.550491910318909e-11
33100.056 1.4453369170470341e-11
33150.056 2.990910235169558e-15
33200.056 3.3192030560632887e-13
33250.056 4.938224416972039e-13
33300.056 5.312976977919965e-12
33350.056 1.6869433181235002e-11
33400.056 6.864104408205734e-11
33450.056 3.925987222936177e-11
33500.056 1.4601618461329277e-10
33550.056 2.654269290381322e-11
33600.056 7.959834252462448e-11
33650.056 7.07940914189994e-11
33700.056 2.300622718748581e-11
33750.056 1.0791789952093835e-10
33800.056 8.980103020226618e-12
33850.056 5.1574646743214584e-11
33900.056 5.7748320307574206e-11
33950.056 4.402538690625052e-11
34000.056 1.0840432053853574e-10
34050.056 1.5577111806742442e-11
34100.056 1.0148123095296051e-10
34150.056 4.174592344013782e-11
34200.056 1.2305134807782917e-10
34250.056 6.619675222092236e-11
34300.056 7.249254992750066e-11
34350.056 1.6142897340283688e-10
34400.056 4.4217361693781724e-11
34450.056 1.5034388155523463e-10
34500.056 7.13638755058091e-11
34550.056 5.214701787914256e-11
34600.056 2.5954012092179977e-10
34650.056 3.764049183344016e-11
34700.056 1.7958645980032498e-10
34750.056 1.1039338860024004e-10
34800.056 1.030816999252978e-10
34850.056 3.117020558287985e-10
34900.056 6.825318838930785e-11
34950.056 2.767812056644754e-10
35000.056 5.07269414128326e-10
35050.056 2.415202597243468e-10
35100.056 5.457505036839222e-10
35150.056 4.2675000422050715e-10
35200.056 3.6369959734649566e-10
35250.056 6.724909071024019e-10
35300.056 2.748973545387468e-10
35350.056 3.382303510714012e-10
35400.056 2.5785124626704125e-10
35450.056 2.385819677078117e-10
35500.056 8.538986134174534e-10
35550.056 4.687661409564843e-10
35600.056 5.679850169062507e-10
35650.056 6.595493880224645e-10
35700.056 7.052977893926227e-10
35750.056 9.19518282438046e-10
35800.056 7.975756051482929e-10
35850.056 2.9077370909685686e-10
35900.056 3.8248224657603987e-10
35950.056 5.115545240368989e-10
36000.056 6.668124290795286e-10
36050.056 4.4128923939872113e-10
36100.056 4.146424428284e-10
36150.056 1.0174611519258029e-09
36200.056 1.0701891413389117e-09
36250.056 7.211703264263419e-10
36300.056 1.7578442795200798e-09
36350.056 9.180964963629492e-10
36400.056 1.5846314141024397e-09
36450.056 1.5832117669215537e-09
36500.056 1.7042040457062233e-09
36550.056 2.4524502918751262e-09
36600.056 2.493292831106599e-09
36650.056 1.8043522317894265e-09
36700.056 2.065252667479059e-09
36750.056 2.5584385434661637e-09
36800.056 3.0399614371861414e-09
36850.056 1.460296427603937e-09
36900.056 2.7200174450251566e-09
36950.056 3.011124716108057e-09
37000.056 1.98602018934588e-09
37050.056 3.3358496349624505e-09
37100.056 2.206061566021166e-09
37150.056 2.1351903932091897e-09
37200.056 3.931714452730824e-09
37250.056 2.4107673449575743e-09
37300.056 1.6527211378847027e-09
37350.056 3.067010773178196e-09
37400.056 4.771147222977893e-09
37450.056 1.8169694822019094e-09
37500.056 2.771447328243993e-09
37550.056 4.938657440296481e-09
37600.056 7.746840127410807e-09
37650.056 2.27211392123598e-09
37700.056 4.652583287814401e-09
37750.056 3.1084030929999906e-09
37800.056 3.0060260843585814e-09
37850.056 1.4926817348225874e-09
37900.056 2.0764549923952436e-09
37950.056 4.37479472934751e-09
38000.056 4.1248300032633e-09
38050.056 6.166759287487354e-09
38100.056 7.122646635571244e-09
38150.056 8.002525144170536e-09
38200.056 6.570118016187914e-09
38250.056 7.3956387358933465e-09
38300.056 1.1097539668475738e-08
38350.056 1.0443983163625127e-08
38400.056 4.027045622211553e-09
38450.056 1.802278304601265e-09
38500.056 1.1461274230600988e-09
38550.056 4.350859576301049e-09
38600.056 4.469618416692514e-09
38650.056 5.477816513294004e-09
38700.056 3.624868358699534e-09
38750.056 4.579608365252837e-09
38800.056 4.750352297522732e-09
38850.056 5.54996595098457e-09
38900.056 7.0827737950993e-09
38950.056 4.186718993867291e-09
39000.056 7.668179453200307e-09
39050.056 4.079990946188975e-09
39100.056 6.563556096009934e-09
39150.056 8.940547651015589e-09
39200.056 5.979382490065676e-09
39250.056 1.0576117140179647e-08
39300.056 6.271338046121972e-09
39350.056 1.271938079764933e-08
39400.056 6.600376387828989e-09
39450.056 9.956946603285757e-09
39500.056 9.987196229516852e-09
39550.056 4.779728929536862e-09
39600.056 1.0003340759075232e-08
39650.056 1.1896758211937658e-08
39700.056 1.1633047403290075e-08
39750.056 5.933894316360994e-09
39800.056 6.710765645116947e-09
39850.056 1.4387871808102697e-08
39900.056 1.711569958198079e-08
39950.056 7.004432993433622e-09
40000.056 1.3236970674932216e-08
40050.056 1.4393668360009164e-08
40100.056 5.455932325087694e-09
40150.056 1.348172729107488e-08
40200.056 1.4248066091094076e-08
40250.056 1.620841397042784e-08
40300.056 1.5749083690898597e-08
40350.056 9.894454646775098e-09
40400.056 1.4365227962633724e-08
40450.056 7.287959379435766e-09
40500.056 1.8137826697951258e-08
40550.056 1.9851279021106708e-08
40600.056 1.4267839850800686e-08
40650.056 1.1164189382071055e-08
40700.056 2.3426472800492936e-08
40750.056 1.4771169051874979e-08
40800.056 9.236245421215627e-09
40850.056 2.8554893536108178e-08
40900.056 2.2440876858998104e-08
40950.056 2.005368429793725e-08
41000.056 1.521777775145293e-08
41050.056 2.9657875461470035e-08
41100.056 2.3774232197260205e-08
41150.056 9.477083008828794e-09
41200.056 3.0275724872254436e-08
41250.056 2.1514329503493462e-08
41300.056 2.2585068944244634e-08
41350.056 3.024504538969605e-08
41400.056 2.5503357703999283e-08
41450.056 3.63865918531907e-08
41500.056 2.2626349354073562e-08
41550.056 2.0256331192930996e-08
41600.056 2.1833976216926347e-08
41650.056 2.987136777450273e-08
41700.056 3.770849157638827e-08
41750.056 2.8866128857794113e-08
41800.056 2.956707275170812e-08
41850.056 2.885622588744994e-08
41900.056 2.5025137113157247e-08
41950.056 2.5127050910500818e-08
42000.056 1.430604406332276e-08
42050.056 1.8679974599355353e-08
42100.056 2.0539428943501043e-08
42150.056 2.2428301504170283e-08
42200.056 2.6243963975519456e-08
42250.056 2.0415148728478906e-08
42300.056 1.9593426232877212e-08
42350.056 3.1726971981501516e-08
42400.056 3.753516103790452e-08
42450.056 3.563352227901078e-08
42500.056 3.4557993953893895e-08
42550.056 2.9185044680691135e-08
42600.056 3.207226519378555e-08
42650.056 5.1335640261180957e-08
42700.056 2.3569447160980032e-08
42750.056 3.527700118850599e-08
42800.056 5.1954412210408836e-08
42850.056 5.240724091498367e-08
42900.056 5.643325666071196e-08
42950.056 4.400111139169435e-08
43000.056 5.031947257820851e-08
43050.056 2.5240379985762933e-08
43100.056 3.9850802343794454e-08
43150.056 3.1814643141504774e-08
43200.056 5.3426682290005834e-08
43250.056 6.842648267500224e-08
43300.056 6.516227060999796e-08
43350.056 3.44195029191893e-08
43400.056 5.0762416875002884e-08
43450.056 3.166566768010202e-08
43500.056 3.129912792400829e-08
43550.056 3.591062507555602e-08
43600.056 5.973681310280849e-08
43650.056 3.74778582129006e-08
43700.056 7.049985978101853e-08
43750.056 6.111911809899512e-08
43800.056 5.555477254409356e-08
43850.056 4.829579229470286e-08
43900.056 3.808491728927436e-08
43950.056 2.350176709069749e-08
44000.056 2.4769841502197938e-08
44050.056 6.609047675299987e-08
44100.056 8.820478732999653e-08
44150.056 7.762420478799985e-08
44200.056 6.951835194600031e-08
44250.056 3.542856965789633e-08
44300.056 2.9147372533704818e-08
44350.056 3.2044700470863475e-08
44400.056 2.8868670708296027e-08
44450.056 5.5448959500001245e-08
44500.056 5.1165994669108907e-08
44550.056 7.483849421099389e-08
44600.056 6.491982716652797e-08
44650.056 5.437898464550677e-08
44700.056 3.5316996909597835e-08
44750.056 6.069654478871349e-08
44800.056 3.779656656052397e-08
44850.056 5.202559150190427e-08
44900.056 4.687657799230226e-08
44950.056 5.712003107530667e-08
45000.056 6.894627566000339e-08
45050.056 5.970799317199121e-08
45100.056 5.300475187770008e-08
45150.056 4.6181440173440256e-08
45200.056 3.6435535249203204e-08
45250.056 4.353209006508762e-08
45300.056 3.9560609785606095e-08
45350.056 3.124088214609096e-08
45400.056 9.030989706001299e-08
45450.056 6.906894787830706e-08
45500.056 9.310061743740621e-08
45550.056 9.448694029697083e-08
45600.056 7.760156248901643e-08
45650.056 6.186564668920188e-08
45700.056 3.91193410939562e-08
45750.056 3.6421857570702534e-08
45800.056 9.637657067660246e-08
45850.056 7.186070346519438e-08
45900.056 9.628087103199178e-08
45950.056 8.244191106099894e-08
46000.056 8.973268633400955e-08
46050.056 6.347572505050802e-08
46100.056 1.1236118829698914e-07
46150.056 6.001165398240461e-08
46200.056 5.0289426426390944e-08
46250.056 1.9560469531373654e-08
46300.056 6.129207831960118e-08
46350.056 6.429693340160914e-08
46400.056 5.666103689180034e-08
46450.056 5.269088431115318e-08
46500.056 6.138825426611372e-08
46550.056 2.966869760220209e-08
46600.056 4.704702228427285e-08
46650.056 7.596141514880546e-08
46700.056 4.647286449198592e-08
46750.056 2.2665121539884474e-08
46800.056 1.452597396374005e-08
46850.056 7.244594652651213e-08
46900.056 7.426419169799823e-08
46950.056 7.479952344399257e-08
47000.056 7.176420757201231e-08
47050.056 4.932833219810061e-08
47100.056 3.356729190656491e-08
47150.056 5.699847791950786e-08
47200.056 6.404836515019632e-08
47250.056 3.3844759662495447e-08
47300.056 2.178197949514183e-08
47350.056 7.550026955700287e-08
47400.056 6.511057675499279e-08
47450.056 5.044991177234887e-08
47500.056 8.201278651803481e-08
47550.056 7.000867086900485e-08
47600.056 6.405040996519494e-08
47650.056 6.743623870451069e-08
47700.056 4.9367504198115616e-08
47750.056 3.5871729992802184e-08
47800.056 2.8713087509704377e-08
47850.056 1.3420970140722936e-08
47900.056 2.2228414646718283e-08
47950.056 5.543803407920434e-08
48000.056 7.962669888100406e-08
48050.056 6.434525342320159e-08
48100.056 2.5077236484003466e-08
48150.056 4.944721776080136e-08
48200.056 3.1257436334839185e-08
48250.056 3.999021250749903e-08
48300.056 7.586961621199226e-08
48350.056 4.222178358369541e-08
48400.056 9.891555589285206e-09
48450.056 2.1129909149003398e-08
48500.056 3.7141091787390625e-08
48550.056 4.1512676638864044e-08
48600.056 5.770541107399831e-08
48650.056 7.703083026599307e-08
48700.056 4.7430083995507895e-08
48750.056 3.3031772577112896e-08
48800.056 6.578888253640138e-08
48850.056 3.287306896261434e-08
48900.056 4.2143927047855406e-08
48950.056 2.1531198435900098e-08
49000.056 1.1007232468922934e-08
49050.056 3.908492806709443e-08
49100.056 5.368000262884092e-08
49150.056 3.887661155493516e-08
49200.056 6.57551544150134e-08
49250.056 6.766886690000404e-08
49300.056 5.476932830479928e-08
49350.056 1.9211963898485744e-08
49400.056 2.9784213829891163e-08
49450.056 2.8182364624547347e-08
49500.056 2.1310412968367088e-08
49550.056 4.092667019330124e-09
49600.056 1.264661414764646e-08
49650.056 3.382012368530243e-08
49700.056 3.780754699708661e-08
49750.056 3.602632956297053e-08
49800.056 2.1746633376211915e-08
49850.056 5.134543227440882e-08
49900.056 4.18253015371956e-08
49950.056 4.28254859596011e-08
50000.056 2.9786786643000348e-08
50050.056 3.762334130680132e-08
50100.056 2.9063224264198055e-08
50150.056 1.2651405953647294e-08
50200.056 1.9459023258689255e-09
50250.056 1.374040261639961e-08
50300.056 8.765430227357605e-09
50350.056 3.444065926710596e-08
50400.056 3.726051018079416e-08
50450.056 2.8557636812642592e-08
50500.056 4.623500681360233e-08
50550.056 3.8501063269003243e-08
50600.056 2.800539523399197e-08
50650.056 4.900976035400774e-08
50700.056 4.638485144099294e-08
50750.056 2.8152186064802126e-08
50800.056 8.56612503801431e-09
50850.056 4.192065996272131e-09
50900.056 2.996872583460206e-08
50950.056 2.714849017999723e-08
51000.056 2.1236509662449915e-08
51050.056 3.4131942097395096e-08
51100.056 1.1589620506411286e-08
51150.056 1.2622644437998058e-08
51200.056 4.254166467299922e-08
51250.056 3.004117237399527e-08
51300.056 1.9608687812087782e-08
51350.056 1.7600195929565477e-08
51400.056 5.071906192893964e-09
51450.056 4.06596120186847e-09
51500.056 4.009192961801743e-09
51550.056 1.724165328836332e-08
51600.056 1.5296558061194265e-08
51650.056 2.1115030756198915e-08
51700.056 2.184675591267651e-08
51750.056 1.354946621069804e-08
51800.056 2.6817161721996067e-08
51850.056 2.1353540252798435e-08
51900.056 2.5470392362998565e-08
51950.056 1.3310117938098539e-08
52000.056 1.1421743538655415e-09
52050.056 6.8594407710009505e-09
52100.056 3.6873154240793263e-09
52150.056 1.9586862555906962e-09
52200.056 7.3938648795598615e-09
52250.056 1.210694389185341e-08
52300.056 1.553266428109897e-08
52350.056 4.466073497077553e-09
52400.056 4.903639305821017e-09
52450.056 2.0548963119101547e-08
52500.056 1.479497657854182e-08
52550.056 1.8475373455298888e-08
52600.056 1.3878067354479528e-08
52650.056 1.6823182068701164e-08
52700.056 1.1664870055219175e-08
52750.056 3.827579996920795e-09
52800.056 7.86871963968131e-09
52850.056 9.185581079367484e-09
52900.056 3.3661177451881775e-09
52950.056 6.10588379832088e-09
53000.056 1.1556360954002449e-08
53050.056 4.1009934126406666e-09
53100.056 1.5130371860398687e-08
53150.056 1.537036889322105e-08
53200.056 7.172040753599505e-09
53250.056 1.370776043648073e-08
53300.056 1.711220839655873e-08
53350.056 1.274140536308103e-08
53400.056 7.841337036997738e-09
53450.056 2.4757609941740483e-09
53500.056 3.540931204128604e-10
53550.056 1.0592975483930332e-09
53600.056 6.104814840880159e-09
