galfind/configs/Brown_Dwarf_templates/sonora_bobcat/m+0.5/178g/sp_t550g178nc_m+0.5_resample.dat
# %ECSV 1.0
# ---
# datatype:
# - {name: wav, unit: Angstrom, datatype: float64}
# - {name: flux_nu, unit: erg / (cm2 Hz s), datatype: float64}
# meta: {C/O: '1.00', Kzz: '1.0000E+05', Teff: '550.', Y: '0.28', '[Fe/H]': '0.50', f_hole: '1.00', f_rain: '0.00', grav: '178.'}
# schema: astropy-2.0
wav flux_nu
4000.0559999999996 nan
4050.0559999999996 4.2395398048823774e-16
4100.056 5.2385283041501135e-14
4150.056 4.683586618100033e-13
4200.056 4.490830083094962e-13
4250.056 3.730471464500024e-12
4300.056 7.857894442100072e-12
4350.056 1.2707789821200073e-11
4400.056 1.8476612927000067e-11
4450.056 2.7041395335000117e-11
4500.056 3.286599170600025e-11
4550.056 3.048965645452067e-11
4600.056 5.362058521819971e-12
4650.056 3.0220962422999983e-12
4700.056 1.4092781527499872e-12
4750.056 3.9124545867999484e-13
4800.056 1.276646233069989e-13
4850.056 5.332970275299959e-14
4900.056 2.992090805099985e-14
4950.056 1.873702604399991e-14
5000.056 1.062329620669992e-14
5050.056 6.744454399600006e-15
5100.056 6.688530591300049e-15
5150.056 7.0403495731000555e-15
5200.056 7.437342984600016e-15
5250.056 7.8088640177e-15
5300.056 8.240308256099999e-15
5350.056 8.790288618500009e-15
5400.056 9.391725011600004e-15
5450.056 1.0105710313700056e-14
5500.056 1.0894145427200091e-14
5550.056 1.169401880900003e-14
5600.056 1.2426478371999987e-14
5650.056 1.2992977587999976e-14
5700.056 1.3128825935000009e-14
5750.056 1.2858495859999998e-14
5800.056 1.155728711619998e-14
5850.056 8.36094359109989e-15
5900.056 2.8400298082282474e-15
5950.056 1.5778515733300588e-14
6000.056 3.181860767799944e-14
6050.056 5.5599355633001245e-14
6100.056 8.948789466600097e-14
6150.056 1.3607645308000104e-13
6200.056 2.003466201100012e-13
6250.056 2.8420509436000097e-13
6300.056 4.0526841844000083e-13
6350.056 5.684996158800032e-13
6400.056 7.866152339400061e-13
6450.056 1.0300828622399773e-12
6500.056 1.4196566690499935e-12
6550.056 1.968790581839987e-12
6600.056 2.7174516081000813e-12
6650.056 3.726927343400028e-12
6700.056 4.732063354860045e-12
6750.056 6.513767004700031e-12
6800.056 7.812924937300054e-12
6850.056 8.1049449958e-12
6900.056 6.858335799000141e-12
6950.056 5.5550746852499116e-12
7000.056 5.622047660560043e-12
7050.056 5.867592694579882e-12
7100.056 6.3371564361998906e-12
7150.056 5.725770734433045e-12
7200.056 5.281051102971898e-12
7250.056 5.4654435421018725e-12
7300.056 5.334501602048715e-12
7350.056 5.553945317871392e-12
7400.056 5.797726791000303e-12
7450.056 6.19022880210035e-12
7500.056 6.432881035699922e-12
7550.056 6.502006789499962e-12
7600.056 6.327075299399985e-12
7650.056 2.8111098653329228e-12
7700.056 2.4440336356440706e-12
7750.056 7.42818872230008e-12
7800.056 9.95675227469988e-12
7850.056 1.4005139599400015e-11
7900.056 1.8309608696499565e-11
7950.056 2.0944768211359985e-11
8000.056 2.939626663290029e-11
8050.056 3.674115698700081e-11
8100.056 3.8553634355029334e-11
8150.056 4.391374531798051e-11
8200.056 6.376090217330768e-11
8250.056 7.547562550199032e-11
8300.056 9.510823603454672e-11
8350.056 1.1001243945458381e-10
8400.056 1.3417961723172237e-10
8450.056 1.7463040807919582e-10
8500.056 2.0207745178198778e-10
8550.056 2.6511054318500374e-10
8600.056 3.321731755900038e-10
8650.056 3.9578954460000655e-10
8700.056 4.484408421200052e-10
8750.056 5.224236489700022e-10
8800.056 5.750844416400111e-10
8850.056 5.330457637099811e-10
8900.056 2.1524174587617766e-10
8950.056 2.4563667773565076e-10
9000.056 2.120740918072922e-10
9050.056 5.380916195177113e-10
9100.056 6.63736268813505e-10
9150.056 7.442732178246275e-10
9200.056 1.0773210499722074e-09
9250.056 1.0342434827673509e-09
9300.056 2.3355156517402616e-10
9350.056 2.895397502272035e-10
9400.056 5.443807310794712e-10
9450.056 6.636337988582942e-10
9500.056 5.707358208210825e-10
9550.056 6.641784570012241e-10
9600.056 6.314373929095623e-10
9650.056 8.468666346153904e-10
9700.056 1.3220138023627428e-09
9750.056 1.325451746088639e-09
9800.056 1.5105853474315705e-09
9850.056 1.7110275260197684e-09
9900.056 2.218168700777594e-09
9950.056 2.186982558754127e-09
10000.056 2.5880894813716177e-09
10050.056 3.133183746670147e-09
10100.056 4.070394524089786e-09
10150.056 4.633253244299892e-09
10200.056 5.199931521490476e-09
10250.056 6.125023631286875e-09
10300.056 7.673876965148249e-09
10350.056 8.556818043540036e-09
10400.056 1.1698787074560455e-08
10450.056 1.4083998845947024e-08
10500.056 1.6456199683999608e-08
10550.056 1.921974766710037e-08
10600.056 2.0651113051299257e-08
10650.056 2.2083554995100905e-08
10700.056 2.183099462422062e-08
10750.056 2.277223104514838e-08
10800.056 2.2177087298464346e-08
10850.056 1.9837494633526368e-08
10900.056 1.3733896212059634e-08
10950.056 6.340671551884523e-09
11000.056 4.142521557878744e-09
11050.056 2.4397289167852043e-09
11100.056 1.3672668543514459e-09
11150.056 5.517153019294059e-10
11200.056 3.6751361532812216e-10
11250.056 4.459102062241793e-10
11300.056 6.627164875352822e-10
11350.056 2.0755777472363407e-10
11400.056 6.057171249167241e-10
11450.056 4.43714544808061e-10
11500.056 2.8897328547744797e-10
11550.056 6.41781878000519e-11
11600.056 5.947619504082727e-11
11650.056 2.0193912458157173e-10
11700.056 2.318072635325937e-10
11750.056 3.986520967140494e-11
11800.056 2.758130342565772e-10
11850.056 5.238401648018571e-10
11900.056 6.291219322808145e-10
11950.056 1.0969755414892366e-09
12000.056 1.961717567751241e-09
12050.056 3.394502564873753e-09
12100.056 5.663588137344282e-09
12150.056 8.911926694167217e-09
12200.056 1.1691624541900256e-08
12250.056 1.742747920956965e-08
12300.056 2.5198100249761327e-08
12350.056 2.6908146023949723e-08
12400.056 3.8366645347197275e-08
12450.056 4.939044767830459e-08
12500.056 5.4540268152905656e-08
12550.056 6.280657043099988e-08
12600.056 6.915801137760499e-08
12650.056 6.629127608769714e-08
12700.056 6.424520615115644e-08
12750.056 5.3186224346247523e-08
12800.056 4.5449135800440185e-08
12850.056 3.0301435833556015e-08
12900.056 2.226112801136418e-08
12950.056 1.8521476939291287e-08
13000.056 1.7146530152484324e-08
13050.056 1.1224184388610248e-08
13100.056 9.774774127591027e-09
13150.056 6.472541555267016e-09
13200.056 5.457467432385051e-09
13250.056 3.766275167635557e-09
13300.056 1.3824881232777679e-09
13350.056 3.8769245387874526e-10
13400.056 2.351262801568488e-10
13450.056 8.561408195971968e-11
13500.056 3.903029195957428e-11
13550.056 1.8774184816672196e-11
13600.056 4.680996656775553e-12
13650.056 2.8649652229948254e-11
13700.056 1.7142306002132496e-11
13750.056 2.5045644622938148e-11
13800.056 2.325318707181273e-11
13850.056 1.48244078455271e-11
13900.056 2.0224279792085198e-11
13950.056 1.570373415547043e-11
14000.056 1.7772242089430767e-11
14050.056 2.88551651059881e-11
14100.056 3.1421908030161696e-11
14150.056 5.6977162521132914e-11
14200.056 3.792548270090993e-11
14250.056 5.267213158784828e-11
14300.056 1.1660488931128816e-10
14350.056 1.249322735781121e-10
14400.056 1.4061367919556204e-10
14450.056 2.0303798072957984e-10
14500.056 4.3307759580730786e-10
14550.056 4.983968529485549e-10
14600.056 6.743617860408508e-10
14650.056 5.319929440780326e-10
14700.056 3.026045081479151e-10
14750.056 2.4504121172935453e-10
14800.056 4.4877064626767344e-10
14850.056 5.426925521349216e-10
14900.056 6.012532283942844e-10
14950.056 5.733047315334465e-10
15000.056 1.0922992186691672e-09
15050.056 9.74998468410068e-10
15100.056 8.765057218208663e-10
15150.056 8.390127031522541e-10
15200.056 1.2650512235352758e-09
15250.056 2.5586877590528707e-09
15300.056 3.2572048195334e-09
15350.056 4.188829798935813e-09
15400.056 5.4349580859155786e-09
15450.056 6.929380847994933e-09
15500.056 7.909231119850837e-09
15550.056 1.12786028682864e-08
15600.056 1.403044527385118e-08
15650.056 1.7732462450851085e-08
15700.056 2.330812168224251e-08
15750.056 2.685073018134755e-08
15800.056 2.8362726497301053e-08
15850.056 3.120543491420472e-08
15900.056 2.6257692160700434e-08
15950.056 2.260306179949671e-08
16000.056 1.5161352095902214e-08
16050.056 7.646456919149158e-09
16100.056 4.590963408068344e-09
16150.056 2.4180345783801164e-09
16200.056 1.3048308362481866e-09
16250.056 9.023696165615535e-10
16300.056 5.823123569329472e-10
16350.056 6.948573569374461e-10
16400.056 8.906655035781159e-10
16450.056 8.020571562931469e-10
16500.056 7.433645951422922e-10
16550.056 7.762780985081649e-10
16600.056 9.837132884090075e-10
16650.056 7.604275907290253e-10
16700.056 1.1971392768010482e-10
16750.056 3.531303778078601e-10
16800.056 6.353494190131022e-10
16850.056 7.469417268524707e-10
16900.056 4.0319995319374853e-10
16950.056 2.451950587836655e-10
17000.056 1.41696948375627e-10
17050.056 2.900045448957993e-10
17100.056 4.892566616820018e-10
17150.056 2.6461012535257464e-10
17200.056 8.274230004448078e-10
17250.056 5.430843340403427e-10
17300.056 3.275818300505516e-10
17350.056 3.3845431955232827e-10
17400.056 5.47359438719508e-10
17450.056 7.536167413839945e-10
17500.056 9.986218021415274e-10
17550.056 9.19954652190482e-10
17600.056 6.905130456858529e-10
17650.056 6.639966521953131e-10
17700.056 4.814966024532577e-10
17750.056 4.977392708308678e-10
17800.056 1.1057948004208675e-09
17850.056 5.606212067066065e-10
17900.056 4.1950852870331777e-10
17950.056 3.407750601352616e-10
18000.056 5.125013329288452e-10
18050.056 4.574794265941903e-10
18100.056 5.744720568785091e-10
18150.056 5.739935555739649e-10
18200.056 3.808120745260494e-10
18250.056 1.1635002439251341e-09
18300.056 3.7218408630002104e-10
18350.056 2.8323009638225393e-10
18400.056 2.375441756764599e-10
18450.056 6.977874036005997e-10
18500.056 7.085040081666707e-10
18550.056 4.552974515401439e-10
18600.056 5.23619076364487e-10
18650.056 4.016720916871743e-10
18700.056 1.725436588557876e-10
18750.056 3.842147673354671e-10
18800.056 1.234912499958168e-09
18850.056 1.3104533126520283e-09
18900.056 1.115770864917166e-09
18950.056 1.9853589937138227e-09
19000.056 7.139856359439543e-10
19050.056 3.9322865776566225e-10
19100.056 8.925477694323266e-10
19150.056 4.1381561649549083e-10
19200.056 6.449504454936422e-10
19250.056 4.2582992432577226e-10
19300.056 2.996357225399629e-10
19350.056 2.5741063315324006e-10
19400.056 2.2793346512434315e-10
19450.056 4.468822911839074e-10
19500.056 3.152175467178742e-10
19550.056 3.3602421323611753e-10
19600.056 7.465079135677411e-10
19650.056 6.122122864436536e-10
19700.056 6.618134573418099e-10
19750.056 1.2510809737931035e-09
19800.056 9.385285813400162e-10
19850.056 1.3518942666716568e-09
19900.056 1.4469372533058444e-09
19950.056 2.2458337664011803e-09
20000.056 2.9327314532173874e-09
20050.056 2.5046172099189638e-09
20100.056 4.24792644661829e-09
20150.056 2.408325279327803e-09
20200.056 2.1763679022315593e-09
20250.056 4.174908554709729e-09
20300.056 4.782609889602374e-09
20350.056 5.38689413417324e-09
20400.056 4.66658295913641e-09
20450.056 8.034836544628397e-09
20500.056 9.776816126015254e-09
20550.056 1.0631856817259188e-08
20600.056 1.1654943637934133e-08
20650.056 1.4355261215962492e-08
20700.056 1.576553223381574e-08
20750.056 1.806834598152359e-08
20800.056 1.79788048691055e-08
20850.056 1.921679792060239e-08
20900.056 2.0949802661403932e-08
20950.056 1.946727217240093e-08
21000.056 1.8446240265595213e-08
21050.056 1.890582004099593e-08
21100.056 1.690317572399207e-08
21150.056 1.6945877732036296e-08
21200.056 1.498007589149262e-08
21250.056 1.3297082133660743e-08
21300.056 9.990112571448238e-09
21350.056 1.0121889481047784e-08
21400.056 9.054844647105917e-09
21450.056 7.1561323298150805e-09
21500.056 6.104934048408781e-09
21550.056 5.32396880229553e-09
21600.056 4.220982345545515e-09
21650.056 3.058186210869066e-09
21700.056 2.7615275924038484e-09
21750.056 2.5653676196556943e-09
21800.056 1.8019073612712652e-09
21850.056 1.659814435246483e-09
21900.056 1.0489692657547993e-09
21950.056 3.8705170103908355e-10
22000.056 8.518718507963992e-11
22050.056 7.9919694028653e-11
22100.056 2.946259143795417e-10
22150.056 3.2165005957993373e-10
22200.056 3.634576337854793e-10
22250.056 2.716168615506288e-10
22300.056 1.5361212383249022e-10
22350.056 1.8763046822568828e-10
22400.056 7.932542052090429e-11
22450.056 1.0096128733102113e-10
22500.056 7.98594172275084e-11
22550.056 5.245359915413894e-11
22600.056 4.266451117955444e-11
22650.056 7.948214242471506e-11
22700.056 6.019245658890587e-11
22750.056 6.377705440520805e-11
22800.056 6.429868969528506e-11
22850.056 4.90724434941e-11
22900.056 3.588135042416399e-11
22950.056 3.344401504699362e-11
23000.056 4.7907792639102215e-11
23050.056 6.393037035329733e-11
23100.056 2.621234917848007e-10
23150.056 2.7668428324792913e-10
23200.056 1.515723695529881e-11
23250.056 4.188193085096505e-11
23300.056 4.2537118415250444e-11
23350.056 6.018137481595691e-11
23400.056 5.560315259617408e-11
23450.056 3.8154703701004194e-11
23500.056 4.202852715742771e-11
23550.056 7.403918555677394e-11
23600.056 1.1804993872545358e-10
23650.056 1.891258974652109e-10
23700.056 4.921718059795262e-11
23750.056 3.663240826604301e-11
23800.056 1.2161266570630328e-10
23850.056 9.937794573951688e-11
23900.056 2.126723560439515e-10
23950.056 1.5405707360250824e-10
24000.056 2.6266002845038324e-10
24050.056 3.447712071006206e-10
24100.056 3.530964405736411e-10
24150.056 5.02938573208638e-10
24200.056 3.6267682048181113e-10
24250.056 2.920925959122409e-10
24300.056 4.758753112901754e-10
24350.056 3.9738304872861127e-10
24400.056 7.863910184537757e-10
24450.056 8.65954094685677e-10
24500.056 8.068573963619731e-10
24550.056 1.1833674298022591e-09
24600.056 1.1958816494611641e-09
24650.056 1.8556106057861192e-09
24700.056 1.044841343180707e-09
24750.056 1.3889503385688825e-09
24800.056 1.2880279034434775e-09
24850.056 2.1054648801338685e-09
24900.056 9.852485064053616e-10
24950.056 2.0977017124773607e-09
25000.056 1.935994031676601e-09
25050.056 1.2539348920670883e-09
25100.056 1.958180528270138e-09
25150.056 9.653071570981354e-10
25200.056 1.4433569218128542e-09
25250.056 6.42752317490045e-10
25300.056 1.033489889809499e-09
25350.056 4.6475322952244194e-10
25400.056 1.1774132979824107e-09
25450.056 3.9384183570552934e-10
25500.056 3.539601087670123e-10
25550.056 6.147295645423542e-10
25600.056 3.5010024086398565e-10
25650.056 2.0125749450404305e-10
25700.056 3.2342883212267687e-10
25750.056 8.769651868439424e-11
25800.056 4.368781797052374e-10
25850.056 9.422618593192619e-11
25900.056 1.3598738543982783e-10
25950.056 4.00301126077653e-11
26000.056 4.198836456356237e-10
26050.056 6.771420842084846e-11
26100.056 2.912251027621572e-10
26150.056 1.4820982638135977e-10
26200.056 1.9003856842663153e-10
26250.056 9.279368691245833e-10
26300.056 2.634018759070424e-10
26350.056 1.2679211988505966e-09
26400.056 1.5637899945175313e-09
26450.056 1.3526867218111803e-09
26500.056 2.253266510247873e-09
26550.056 4.033239152181634e-10
26600.056 5.67980449003412e-10
26650.056 9.934790195137202e-11
26700.056 6.159064373231099e-11
26750.056 6.843955420678172e-11
26800.056 1.9270538002017754e-10
26850.056 1.0210391337614236e-10
26900.056 4.80129886038675e-10
26950.056 1.6873872764344878e-10
27000.056 8.905682394620952e-10
27050.056 8.452613923964979e-10
27100.056 1.7335254796015396e-10
27150.056 1.1800685624598824e-09
27200.056 1.7192125612964176e-10
27250.056 4.755604457937086e-10
27300.056 2.515387338462406e-09
27350.056 1.0491596122493178e-09
27400.056 6.609308090262828e-11
27450.056 1.304753736437995e-09
27500.056 1.4479118902005307e-09
27550.056 2.659846640146326e-10
27600.056 7.328938234555111e-10
27650.056 2.044631026869675e-10
27700.056 1.6177883005112854e-10
27750.056 9.886113660486176e-10
27800.056 2.6814443972742155e-10
27850.056 4.42644072615546e-10
27900.056 4.3266400969383906e-10
27950.056 1.170989214503869e-09
28000.056 9.736168956880227e-10
28050.056 1.3317735833815987e-10
28100.056 9.431226163406643e-10
28150.056 6.907358102108655e-10
28200.056 2.054455777410722e-10
28250.056 1.2713148830451848e-09
28300.056 1.2810289465402029e-09
28350.056 2.7998725739738325e-10
28400.056 8.8590855168884e-10
28450.056 1.4738412999588924e-09
28500.056 9.577125893740625e-10
28550.056 2.1878566556731213e-10
28600.056 1.606354017385437e-09
28650.056 1.1610706515232244e-09
28700.056 1.4079065209230003e-09
28750.056 2.156139967454167e-09
28800.056 1.0952478884477325e-09
28850.056 1.9591369456708636e-09
28900.056 9.80789879361353e-10
