galfind/configs/Brown_Dwarf_templates/sonora_bobcat/m+0.5/178g/sp_t1300g178nc_m+0.5_resample.dat
# %ECSV 1.0
# ---
# datatype:
# - {name: wav, unit: Angstrom, datatype: float64}
# - {name: flux_nu, unit: erg / (cm2 Hz s), datatype: float64}
# meta: {C/O: '1.00', Kzz: '1.0000E+05', Teff: '1300.', Y: '0.28', '[Fe/H]': '0.50', f_hole: '1.00', f_rain: '0.00', grav: '178.'}
# schema: astropy-2.0
wav flux_nu
4000.0559999999996 nan
4050.0559999999996 2.7382606488146588e-11
4100.056 2.332952253749872e-10
4150.056 3.0645210472702614e-10
4200.056 2.5026789004689464e-10
4250.056 3.1730102156007977e-10
4300.056 3.2389140829804847e-10
4350.056 3.3900725000302356e-10
4400.056 3.88027131785045e-10
4450.056 3.8594046320000367e-10
4500.056 3.871649691000233e-10
4550.056 4.6278394327861225e-10
4600.056 5.117148747879969e-10
4650.056 4.820508333999553e-10
4700.056 5.429442091300023e-10
4750.056 4.9864574758999e-10
4800.056 2.867765686570028e-10
4850.056 1.5395538776299621e-10
4900.056 8.447294884199965e-11
4950.056 3.7864038335999663e-11
5000.056 1.1164857547999857e-11
5050.056 3.746407569599963e-12
5100.056 2.9397583297999807e-12
5150.056 2.52075310429996e-12
5200.056 2.138131165900013e-12
5250.056 1.7462731608999918e-12
5300.056 1.4119026484999964e-12
5350.056 1.1559212961999968e-12
5400.056 9.587086051199978e-13
5450.056 7.931827516999972e-13
5500.056 6.514268356099973e-13
5550.056 5.324248924899984e-13
5600.056 4.3171074027999875e-13
5650.056 3.4412445751999926e-13
5700.056 2.694894706299992e-13
5750.056 2.0339436192999915e-13
5800.056 1.4699461825999932e-13
5850.056 9.262239983199903e-14
5900.056 3.1686008491474784e-14
5950.056 1.8133089938300292e-13
6000.056 4.4606721334000504e-13
6050.056 1.0107518522600099e-12
6100.056 2.1367907610000193e-12
6150.056 4.2949451506000376e-12
6200.056 8.176129097700064e-12
6250.056 1.4824802975000127e-11
6300.056 2.5735360197000207e-11
6350.056 4.312625488900031e-11
6400.056 6.987421518900043e-11
6450.056 1.0979022023400068e-10
6500.056 1.682793866200013e-10
6550.056 2.5312476482000165e-10
6600.056 3.7524685893000237e-10
6650.056 5.458134402100014e-10
6700.056 5.456457070042621e-10
6750.056 1.0464170624300057e-09
6800.056 1.3942908880000022e-09
6850.056 1.565928752100001e-09
6900.056 1.4793676573000047e-09
6950.056 1.3158964905999955e-09
7000.056 1.3102479031000077e-09
7050.056 1.4377980069999946e-09
7100.056 1.6005872460000036e-09
7150.056 1.682457252249982e-09
7200.056 1.6724564954700264e-09
7250.056 1.5760928075799549e-09
7300.056 1.3916177995899973e-09
7350.056 1.2005813128799842e-09
7400.056 1.0219172528300087e-09
7450.056 8.312286581500034e-10
7500.056 6.385418093199965e-10
7550.056 4.529473513399966e-10
7600.056 2.8063689712999623e-10
7650.056 4.462892814816505e-11
7700.056 2.147741989953735e-11
7750.056 2.0247123757300567e-10
7800.056 4.670779427514102e-10
7850.056 1.0835817176100119e-09
7900.056 1.7985139638000136e-09
7950.056 2.187705639716828e-09
8000.056 4.115411801200043e-09
8050.056 5.721743971200075e-09
8100.056 7.500217949899992e-09
8150.056 9.727080274499991e-09
8200.056 1.2093664210400416e-08
8250.056 1.599288475320047e-08
8300.056 2.003801800970123e-08
8350.056 2.4681001491599038e-08
8400.056 2.995746786379873e-08
8450.056 3.62356163689988e-08
8500.056 3.805508309245876e-08
8550.056 4.702593275900107e-08
8600.056 5.3291378603999606e-08
8650.056 5.2277818567995375e-08
8700.056 5.803679740599201e-08
8750.056 6.616534807500388e-08
8800.056 7.869096801700676e-08
8850.056 9.111657734999374e-08
8900.056 9.875953881699852e-08
8950.056 8.953699525542633e-08
9000.056 1.2234801718098832e-07
9050.056 1.3826433608000637e-07
9100.056 1.5505714091620472e-07
9150.056 1.629247299463028e-07
9200.056 1.7943209408257453e-07
9250.056 1.742979994016562e-07
9300.056 1.1218170042416791e-07
9350.056 1.2758282437043925e-07
9400.056 1.5399123809180546e-07
9450.056 1.7769358205484728e-07
9500.056 1.8078263158375634e-07
9550.056 1.971609578867156e-07
9600.056 1.8546605963081768e-07
9650.056 1.9978963880762625e-07
9700.056 2.166248343973905e-07
9750.056 2.2040134836417158e-07
9800.056 2.391887023988732e-07
9850.056 2.624382083212004e-07
9900.056 2.454523411065717e-07
9950.056 2.357117490379763e-07
10000.056 2.193537618979611e-07
10050.056 2.532771424270013e-07
10100.056 3.0113901917896525e-07
10150.056 3.2956203550993185e-07
10200.056 3.7001104690996845e-07
10250.056 3.929968842899681e-07
10300.056 4.0788329418001426e-07
10350.056 4.638586047899983e-07
10400.056 5.141235845699827e-07
10450.056 5.233105221800275e-07
10500.056 4.939315043499946e-07
10550.056 4.892662491500342e-07
10600.056 5.163602368099997e-07
10650.056 5.618240883800195e-07
10700.056 5.983972370600475e-07
10750.056 6.5425811014003e-07
10800.056 7.096999513999986e-07
10850.056 7.658142277999308e-07
10900.056 6.83285176000955e-07
10950.056 5.1108758945883e-07
11000.056 4.870629434357459e-07
11050.056 4.373149007751471e-07
11100.056 4.0291246104679675e-07
11150.056 3.621178027312362e-07
11200.056 3.672909069615618e-07
11250.056 4.2943798968624113e-07
11300.056 4.1110000035932823e-07
11350.056 2.762187464502786e-07
11400.056 3.0105427941895586e-07
11450.056 3.4717364606787163e-07
11500.056 4.1748651255744664e-07
11550.056 3.544131577745414e-07
11600.056 3.867891334243652e-07
11650.056 3.915347362214255e-07
11700.056 3.1340788167433716e-07
11750.056 3.009371698956939e-07
11800.056 3.388305187238582e-07
11850.056 4.6252435350852105e-07
11900.056 4.952985541977066e-07
11950.056 5.785489454855758e-07
12000.056 5.96532805615022e-07
12050.056 6.817490143061172e-07
12100.056 7.18858173652977e-07
12150.056 8.10292015912916e-07
12200.056 8.725155198957974e-07
12250.056 9.503403666297946e-07
12300.056 1.0305572038301404e-06
12350.056 1.0635607067900522e-06
12400.056 1.0453254039799624e-06
12450.056 9.427771321000526e-07
12500.056 1.017158850089964e-06
12550.056 1.055512883970083e-06
12600.056 1.2948043481600532e-06
12650.056 1.2987344508199645e-06
12700.056 1.3863904256002208e-06
12750.056 1.3709490094730491e-06
12800.056 1.433712458356084e-06
12850.056 1.3239097771801698e-06
12900.056 1.2339093093739788e-06
12950.056 1.2828932290004038e-06
13000.056 1.2636755262386613e-06
13050.056 1.2621903229138639e-06
13100.056 1.2189225916689597e-06
13150.056 1.129534965107505e-06
13200.056 1.0486513202918111e-06
13250.056 8.933175304576594e-07
13300.056 6.00738746991464e-07
13350.056 2.437936489029293e-07
13400.056 1.810385918783444e-07
13450.056 1.3024874600492867e-07
13500.056 1.1339738888521176e-07
13550.056 9.672281553134568e-08
13600.056 8.008003758797327e-08
13650.056 1.165913566787167e-07
13700.056 9.670141798242366e-08
13750.056 9.953618479690113e-08
13800.056 1.2310831792606976e-07
13850.056 1.1437737979900499e-07
13900.056 1.172306667752539e-07
13950.056 1.1104034523581229e-07
14000.056 1.0387967419733007e-07
14050.056 1.0678082713661134e-07
14100.056 8.941798110627549e-08
14150.056 1.0330072845958052e-07
14200.056 8.831927811282308e-08
14250.056 8.851035859410997e-08
14300.056 1.0529499526382231e-07
14350.056 1.0182750742810991e-07
14400.056 1.1486632684194795e-07
14450.056 1.1886700546841846e-07
14500.056 1.5807483816546938e-07
14550.056 1.684626485754783e-07
14600.056 1.8810686165078391e-07
14650.056 1.925424817189625e-07
14700.056 1.693674091324912e-07
14750.056 1.9277885183125936e-07
14800.056 2.2229261635332743e-07
14850.056 2.4437622259379363e-07
14900.056 2.4596326972251864e-07
14950.056 2.5506117786713917e-07
15000.056 2.7122971364958665e-07
15050.056 3.144449189548847e-07
15100.056 3.3514195202764325e-07
15150.056 3.719709637288346e-07
15200.056 3.733848246021499e-07
15250.056 4.043018967996602e-07
15300.056 4.45590921543549e-07
15350.056 4.775755341339572e-07
15400.056 5.243691549250217e-07
15450.056 5.695432328560587e-07
15500.056 5.948712368899097e-07
15550.056 6.583609752289655e-07
15600.056 6.352487115590519e-07
15650.056 6.994170330420771e-07
15700.056 8.016281323903315e-07
15750.056 8.705387998699461e-07
15800.056 8.464395346002625e-07
15850.056 9.479050552098988e-07
15900.056 9.703685122731406e-07
15950.056 1.0561685702798377e-06
16000.056 1.0647694250099729e-06
16050.056 1.0657097520700145e-06
16100.056 1.1018508364400613e-06
16150.056 1.0693658786300845e-06
16200.056 1.063464995959732e-06
16250.056 1.087769138789907e-06
16300.056 1.0636553252389348e-06
16350.056 1.1286687305372086e-06
16400.056 1.202470814612726e-06
16450.056 1.2396379098169918e-06
16500.056 1.319141883847185e-06
16550.056 1.3172536395961252e-06
16600.056 1.2812396655173268e-06
16650.056 1.2769231712978683e-06
16700.056 1.1520817694620266e-06
16750.056 1.2355527400339283e-06
16800.056 1.4106983537959562e-06
16850.056 1.363958816558032e-06
16900.056 1.3345437992810066e-06
16950.056 1.2581236268439582e-06
17000.056 1.1777824764801808e-06
17050.056 1.224800295640059e-06
17100.056 1.1249559205082795e-06
17150.056 1.0090068340178665e-06
17200.056 9.37278822382889e-07
17250.056 8.408835302418108e-07
17300.056 7.985708113389815e-07
17350.056 7.172321987771574e-07
17400.056 7.403436479459731e-07
17450.056 6.394370316011738e-07
17500.056 6.255254205037783e-07
17550.056 6.054988752956546e-07
17600.056 5.72136771952038e-07
17650.056 5.562204225512861e-07
17700.056 4.2606015335609373e-07
17750.056 3.8547705719072164e-07
17800.056 4.384271350485118e-07
17850.056 3.3789164547594713e-07
17900.056 3.5048579946258573e-07
17950.056 3.231927457639605e-07
18000.056 3.09158556968807e-07
18050.056 2.913755536267561e-07
18100.056 2.813564010255852e-07
18150.056 3.5208898592933045e-07
18200.056 2.421764298008857e-07
18250.056 3.5501193056856294e-07
18300.056 3.1130360464740373e-07
18350.056 2.707069241561841e-07
18400.056 2.7355881503570896e-07
18450.056 2.5220957851295443e-07
18500.056 2.717514882369939e-07
18550.056 2.4452408158186436e-07
18600.056 2.0213337848768107e-07
18650.056 2.2519269649576085e-07
18700.056 2.445326289367709e-07
18750.056 2.501847733399268e-07
18800.056 2.9005032090715823e-07
18850.056 3.3805031431549236e-07
18900.056 3.2508989622040126e-07
18950.056 3.6886351210579824e-07
19000.056 3.650176733769772e-07
19050.056 3.3097716543797745e-07
19100.056 3.9348418432263843e-07
19150.056 3.799690612456308e-07
19200.056 3.9231277615016794e-07
19250.056 3.578857840180745e-07
19300.056 3.7408584446742433e-07
19350.056 3.321918886151166e-07
19400.056 2.7326113103883384e-07
19450.056 3.6316181069102613e-07
19500.056 3.6032243930300554e-07
19550.056 2.792033315817484e-07
19600.056 3.4803460563348975e-07
19650.056 3.58337609191902e-07
19700.056 3.646234816398328e-07
19750.056 3.474591006979881e-07
19800.056 3.6932873771501927e-07
19850.056 4.06315587613991e-07
19900.056 3.3815860661344654e-07
19950.056 4.4433978010502167e-07
20000.056 3.896840363750409e-07
20050.056 4.324201702702145e-07
20100.056 4.6470634991671615e-07
20150.056 4.769505964279724e-07
20200.056 5.071615824808811e-07
20250.056 5.498257021199541e-07
20300.056 5.521656468070063e-07
20350.056 6.046793109458617e-07
20400.056 5.959165468107635e-07
20450.056 6.668792469648803e-07
20500.056 6.84255626833036e-07
20550.056 6.888081657410347e-07
20600.056 7.82579920349196e-07
20650.056 7.704605939812424e-07
20700.056 8.108304518851593e-07
20750.056 8.549825496578504e-07
20800.056 9.013084501940417e-07
20850.056 8.848501188539126e-07
20900.056 9.506303438658093e-07
20950.056 9.70234677219969e-07
21000.056 1.0287890006000224e-06
21050.056 1.0380426043699948e-06
21100.056 1.0439889706999756e-06
21150.056 1.1219780723899622e-06
21200.056 1.0869081549600353e-06
21250.056 1.1645735590198813e-06
21300.056 1.0909538623598754e-06
21350.056 1.2001854512699996e-06
21400.056 1.1186011338602616e-06
21450.056 1.238227613100006e-06
21500.056 1.1419297560402243e-06
21550.056 1.1518232891900018e-06
21600.056 1.1599702365902354e-06
21650.056 1.1063885709701015e-06
21700.056 1.187053415399997e-06
21750.056 1.0782287896979884e-06
21800.056 1.0372433313997171e-06
21850.056 9.916081616200802e-07
21900.056 9.587493225500014e-07
21950.056 8.086958487771298e-07
22000.056 6.317128531151612e-07
22050.056 5.119465728107054e-07
22100.056 6.007806841602546e-07
22150.056 6.718378850580723e-07
22200.056 6.72036337221062e-07
22250.056 6.864896168633258e-07
22300.056 6.443273685188962e-07
22350.056 5.996379400400927e-07
22400.056 5.620795004389574e-07
22450.056 5.11837765000841e-07
22500.056 5.227369287551554e-07
22550.056 4.613811434357406e-07
22600.056 4.852235362042095e-07
22650.056 4.5658666347707797e-07
22700.056 4.266581754970422e-07
22750.056 4.462774302281008e-07
22800.056 3.9196398403692934e-07
22850.056 3.706578141271196e-07
22900.056 3.600439719758929e-07
22950.056 2.4591984265495883e-07
23000.056 2.853521940840143e-07
23050.056 3.4702140135390825e-07
23100.056 3.928222325540179e-07
23150.056 4.132541153860304e-07
23200.056 2.568318497300379e-07
23250.056 2.3496487717901683e-07
23300.056 2.112145307430917e-07
23350.056 2.1046406361198963e-07
23400.056 2.1723848336408981e-07
23450.056 2.32068819295032e-07
23500.056 2.4980251371505376e-07
23550.056 2.681285320510834e-07
23600.056 2.764660413659871e-07
23650.056 3.226520473309551e-07
23700.056 2.5905667310901414e-07
23750.056 2.373456878290705e-07
23800.056 2.1375493293201583e-07
23850.056 2.207949071780237e-07
23900.056 2.9217048640801695e-07
23950.056 3.2599885607210777e-07
24000.056 3.311698827818289e-07
24050.056 3.632399905519485e-07
24100.056 3.2025025354789997e-07
24150.056 3.4000449896621746e-07
24200.056 3.5235693402185764e-07
24250.056 3.228877711720429e-07
24300.056 3.4350514176905895e-07
24350.056 2.937136930819924e-07
24400.056 3.526024746860693e-07
24450.056 3.111625499088277e-07
24500.056 3.0721575992495706e-07
24550.056 3.1815816804612323e-07
24600.056 3.370490728140561e-07
24650.056 3.750100470390199e-07
24700.056 2.96615732393905e-07
24750.056 3.0311608841511536e-07
24800.056 2.964821811510691e-07
24850.056 3.626651117880113e-07
24900.056 2.61512926293183e-07
24950.056 3.515460263819918e-07
25000.056 3.1799867201605627e-07
25050.056 2.477255341670282e-07
25100.056 3.0401442356299314e-07
25150.056 2.5081833885896777e-07
25200.056 2.805547585279937e-07
25250.056 2.505795561869811e-07
25300.056 2.961068732140183e-07
25350.056 2.3064705077800623e-07
25400.056 2.864925244840766e-07
25450.056 2.329473629419722e-07
25500.056 2.447515772590699e-07
25550.056 2.3725694971598956e-07
25600.056 2.3914057138199075e-07
25650.056 2.089785005819898e-07
25700.056 2.847665579638716e-07
25750.056 1.9296659197706763e-07
25800.056 2.798676098050497e-07
25850.056 2.1707143872894133e-07
25900.056 2.581621730579875e-07
25950.056 2.0905267905501449e-07
26000.056 2.875258848601122e-07
26050.056 2.739478462249772e-07
26100.056 2.9580767077596674e-07
26150.056 2.784118619269641e-07
26200.056 2.767150654849818e-07
26250.056 3.070051884869915e-07
26300.056 2.866399855920327e-07
26350.056 3.304937997459531e-07
26400.056 3.407201611159149e-07
26450.056 3.437504578100443e-07
26500.056 3.574369743538584e-07
26550.056 2.9988523883385857e-07
26600.056 3.671403404719085e-07
26650.056 2.5513409827196626e-07
26700.056 2.5403522568702573e-07
26750.056 2.1161805884887986e-07
26800.056 2.657782925199419e-07
26850.056 2.023271233239717e-07
26900.056 2.861195024220315e-07
26950.056 1.9817932453597053e-07
27000.056 2.8289408098503033e-07
27050.056 2.408889182010361e-07
27100.056 2.383690863349415e-07
27150.056 2.8185277369302997e-07
27200.056 2.58995374034084e-07
27250.056 2.6039934775612375e-07
27300.056 3.31189492182004e-07
27350.056 3.0733708659193004e-07
27400.056 2.296265341059619e-07
27450.056 3.633587343518522e-07
27500.056 3.3505782562086894e-07
27550.056 2.7573175307101355e-07
27600.056 3.650387985029333e-07
27650.056 2.616172981909547e-07
27700.056 2.452261832480628e-07
27750.056 3.541473175038567e-07
27800.056 2.436704757489371e-07
27850.056 2.7394552899882243e-07
27900.056 2.9075757626404223e-07
27950.056 3.5810284424997494e-07
28000.056 3.2700790543712314e-07
28050.056 2.2670133957104807e-07
28100.056 3.760850799181197e-07
28150.056 2.886864781140545e-07
28200.056 2.3578123560303507e-07
28250.056 3.430092393420153e-07
28300.056 4.049218274950067e-07
28350.056 2.728933325769351e-07
28400.056 3.096196996859743e-07
28450.056 3.473078789679001e-07
28500.056 3.3621549102692604e-07
28550.056 2.2444080405591613e-07
28600.056 3.948528575139367e-07
28650.056 3.633341437729377e-07
28700.056 3.3385193882095373e-07
28750.056 3.8640187371802764e-07
28800.056 3.569307540850956e-07
