galfind/configs/Brown_Dwarf_templates/sonora_bobcat/m+0.5/178g/sp_t500g178nc_m+0.5_resample.dat
# %ECSV 1.0
# ---
# datatype:
# - {name: wav, unit: Angstrom, datatype: float64}
# - {name: flux_nu, unit: erg / (cm2 Hz s), datatype: float64}
# meta: {C/O: '1.00', Kzz: '1.0000E+05', Teff: '500.', Y: '0.28', '[Fe/H]': '0.50', f_hole: '1.00', f_rain: '0.00', grav: '178.'}
# schema: astropy-2.0
wav flux_nu
[from data line 498]
28900.056 4.508631214257209e-10
28950.056 7.824569685754548e-10
29000.056 5.533349017215755e-10
29050.056 8.019008325441282e-10
29100.056 4.635334607003459e-10
29150.056 6.316058969837306e-10
29200.056 8.405299437616234e-10
29250.056 1.31116646917701e-09
29300.056 5.505567392715204e-10
29350.056 1.7590762446344325e-09
29400.056 7.671343395384577e-10
29450.056 6.894426327993012e-10
29500.056 1.399559699955306e-09
29550.056 6.6817294465483e-10
29600.056 9.691502130472283e-10
29650.056 1.9489363128307175e-09
29700.056 6.253315936073648e-10
29750.056 1.4726849947553232e-09
29800.056 1.355037855474614e-09
29850.056 1.686877253810138e-09
29900.056 1.1469692691404868e-09
29950.056 1.3004200072643987e-09
30000.056 3.744005666003592e-11
30050.056 1.4887631891558155e-10
30100.056 4.770326315708281e-10
30150.056 1.360392938886607e-09
30200.056 1.0126954871252339e-09
30250.056 2.240184501694204e-09
30300.056 2.858681989737234e-09
30350.056 1.0369022808336742e-09
30400.056 2.7509652647539733e-09
30450.056 1.6383465287563446e-09
30500.056 1.5875841335240748e-09
30550.056 1.3154011634606946e-09
30600.056 3.770135966771819e-09
30650.056 2.013573299037612e-09
30700.056 1.461427455571542e-09
30750.056 2.6886710299758552e-09
30800.056 1.779010157680426e-09
30850.056 2.048023718424357e-09
30900.056 1.1253970955678105e-09
30950.056 1.2799919935987653e-09
31000.056 1.2947368872882158e-09
31050.056 1.1129212008766281e-09
31100.056 6.803642308647879e-10
31150.056 1.2537832338656395e-09
31200.056 2.1875575227158527e-09
31250.056 1.4135997412580247e-09
31300.056 9.344947691653037e-10
31350.056 1.5507221626308784e-09
31400.056 1.086674648394787e-09
31450.056 1.1508754110603584e-09
31500.056 5.273063590538233e-10
31550.056 7.938391141689939e-10
31600.056 5.073781633254208e-10
31650.056 5.130862372751003e-10
31700.056 5.229272135134506e-10
31750.056 2.5825003732594685e-10
31800.056 5.312242062868725e-10
31850.056 1.2841042384024522e-10
31900.056 2.7572780746431687e-10
31950.056 1.676647584994026e-10
32000.056 1.6284357643210483e-10
32050.056 2.3656311310248694e-10
32100.056 2.0844526455205579e-10
32150.056 2.5160891793010617e-10
32200.056 1.259847465207812e-10
32250.056 3.335563568696682e-10
32300.056 1.1620592705404943e-10
32350.056 3.029790529838233e-10
32400.056 7.89027896316933e-11
32450.056 2.512824106777283e-10
32500.056 1.0013321393886995e-10
32550.056 1.8955542348771935e-10
32600.056 1.3277767553742355e-10
32650.056 5.072995987352934e-10
32700.056 1.9261367478134357e-10
32750.056 8.027273037299029e-10
32800.056 5.145663262681877e-10
32850.056 1.1431597346147803e-09
32900.056 1.0215677283392232e-09
32950.056 1.1621867471893851e-09
33000.056 5.439028565103349e-10
33050.056 7.399330862500464e-10
33100.056 1.813209822660532e-10
33150.056 2.42442074938999e-13
33200.056 4.831310594696603e-12
33250.056 4.6994312460368874e-12
33300.056 2.5436305420045373e-11
33350.056 8.521044698350147e-11
33400.056 2.7217159792110807e-10
33450.056 2.6219368155744865e-10
33500.056 8.112164627077786e-10
33550.056 2.1964391201117587e-10
33600.056 6.040680449237697e-10
33650.056 5.469717704412454e-10
33700.056 2.728050081119146e-10
33750.056 8.086255151441714e-10
33800.056 1.3736738357739074e-10
33850.056 4.4419897095922815e-10
33900.056 4.450981939252369e-10
33950.056 3.5001125197400025e-10
34000.056 7.542310720575841e-10
34050.056 1.4592050653619175e-10
34100.056 6.623630878372331e-10
34150.056 3.297956491301913e-10
34200.056 7.142299822851126e-10
34250.056 4.803973973743508e-10
34300.056 4.546761208240718e-10
34350.056 6.95302030051214e-10
34400.056 2.870486476026839e-10
34450.056 7.502444807351742e-10
34500.056 4.591649018540757e-10
34550.056 2.5593643050172326e-10
34600.056 1.0779064290063167e-09
34650.056 2.810121383162691e-10
34700.056 8.62146147045685e-10
34750.056 5.755230904303353e-10
34800.056 5.142404187634963e-10
34850.056 1.1534256833893633e-09
34900.056 5.054891298899508e-10
34950.056 1.1025665485473184e-09
35000.056 2.1864728427833553e-09
35050.056 9.073209419397598e-10
35100.056 1.992508081820541e-09
35150.056 1.5902609895817338e-09
35200.056 1.5215201750150224e-09
35250.056 2.5772558131230146e-09
35300.056 1.2740371217839592e-09
35350.056 1.5430100842899381e-09
35400.056 1.4595365001909433e-09
35450.056 1.1011566851620116e-09
35500.056 3.6418758093785313e-09
35550.056 2.3806293030423687e-09
35600.056 2.285397819336302e-09
35650.056 2.3577420983055143e-09
35700.056 2.4573014421009494e-09
35750.056 3.662644850505407e-09
35800.056 3.9160795933458794e-09
35850.056 1.5483830254466202e-09
35900.056 2.1604025984605636e-09
35950.056 2.546329669006801e-09
36000.056 2.903166690549353e-09
36050.056 2.1111288135305965e-09
36100.056 2.0344204353008142e-09
36150.056 3.60191124000226e-09
36200.056 3.973594662311086e-09
36250.056 2.9673402085837366e-09
36300.056 5.679035453230097e-09
36350.056 3.6783651306442087e-09
36400.056 5.202656332331594e-09
36450.056 5.719509474847148e-09
36500.056 6.53805695550111e-09
36550.056 7.4460866212797445e-09
36600.056 8.452820723332211e-09
36650.056 6.767345390578132e-09
36700.056 7.30186758161001e-09
36750.056 8.727025601304001e-09
36800.056 9.581074815667614e-09
36850.056 6.131586712441433e-09
36900.056 9.750454586033539e-09
36950.056 9.90712084184725e-09
37000.056 7.373926827901204e-09
37050.056 1.0396972039334999e-08
37100.056 9.060782472512382e-09
37150.056 7.769314652952109e-09
37200.056 1.194352096367566e-08
37250.056 8.77205604667492e-09
37300.056 7.088052553864013e-09
37350.056 1.0800587176832821e-08
37400.056 1.606388763190593e-08
37450.056 7.772850738051852e-09
37500.056 9.681853376290244e-09
37550.056 1.5177322121916914e-08
37600.056 2.0623925920404773e-08
37650.056 8.312880690991399e-09
37700.056 1.616832351006129e-08
37750.056 1.0472472289137517e-08
37800.056 1.098530321655011e-08
37850.056 6.01620012665401e-09
37900.056 8.20739794379665e-09
37950.056 1.4387780159762873e-08
38000.056 1.4636429543769707e-08
38050.056 1.7922326694669856e-08
38100.056 2.029893713351211e-08
38150.056 2.1844859389839647e-08
38200.056 2.0833134820274047e-08
38250.056 2.0215729203277644e-08
38300.056 3.016478340615024e-08
38350.056 2.9710840698930784e-08
38400.056 1.3908974962336962e-08
38450.056 9.433354965856148e-09
38500.056 5.781423749549355e-09
38550.056 1.503723849385547e-08
38600.056 1.5171984131373682e-08
38650.056 1.7243140203001193e-08
38700.056 1.4283029774689624e-08
38750.056 1.598304376869528e-08
38800.056 1.6112259762025136e-08
38850.056 1.7599497109919142e-08
38900.056 2.3454408021386203e-08
38950.056 1.5205321011452404e-08
39000.056 2.2902190261239622e-08
39050.056 1.5736591469849112e-08
39100.056 2.1400563291154374e-08
39150.056 2.5185608829531452e-08
39200.056 2.0093074642883178e-08
39250.056 2.9610900407640698e-08
39300.056 2.03341362340415e-08
39350.056 3.56300958661202e-08
39400.056 2.1729384050628568e-08
39450.056 2.8577146406640115e-08
39500.056 2.9956256826290575e-08
39550.056 1.9347582541974684e-08
39600.056 2.998701328213039e-08
39650.056 3.486997421199126e-08
39700.056 3.296400870040939e-08
39750.056 2.0598876930869997e-08
39800.056 2.403792914679063e-08
39850.056 4.165215857320517e-08
39900.056 4.46172474196025e-08
39950.056 2.5452592934954344e-08
40000.056 4.199351543700615e-08
40050.056 3.992930948729751e-08
40100.056 2.069436001726526e-08
40150.056 3.993330577742948e-08
40200.056 4.210906890794048e-08
40250.056 4.5964279004388915e-08
40300.056 4.365947235000148e-08
40350.056 3.383417022183305e-08
40400.056 4.718574328649475e-08
40450.056 2.9314436068689982e-08
40500.056 5.2677280775394784e-08
40550.056 5.428869492420861e-08
40600.056 4.464275035730466e-08
40650.056 3.5814802340711614e-08
40700.056 6.65191816431946e-08
40750.056 4.461676119348943e-08
40800.056 3.147106843464136e-08
40850.056 7.566339322092409e-08
40900.056 6.257351901116163e-08
40950.056 5.528438202568899e-08
41000.056 4.880932379736126e-08
41050.056 7.882921620797457e-08
41100.056 6.415091137720094e-08
41150.056 3.2501783625067516e-08
41200.056 7.952335595010581e-08
41250.056 5.870333821733232e-08
41300.056 5.855403916305166e-08
41350.056 7.970525775399325e-08
41400.056 7.01603085788045e-08
41450.056 8.745740311718017e-08
41500.056 5.961383364973789e-08
41550.056 5.639024274190046e-08
41600.056 6.4407884290271e-08
41650.056 7.68999316999025e-08
41700.056 8.191386243497085e-08
41750.056 7.232184206668582e-08
41800.056 8.3382670822925e-08
41850.056 6.890536339002666e-08
41900.056 6.802341423340592e-08
41950.056 7.074352149560962e-08
42000.056 5.386406948471442e-08
42050.056 5.6049325171336464e-08
42100.056 7.353482988863748e-08
42150.056 6.241679937880343e-08
42200.056 6.568889371119828e-08
42250.056 5.8308951533502905e-08
42300.056 5.839681188058238e-08
42350.056 8.197574954440909e-08
42400.056 8.807297179401342e-08
42450.056 8.04682434910315e-08
42500.056 7.580470305738758e-08
42550.056 6.670785988597916e-08
42600.056 7.649316260778377e-08
42650.056 1.1548073831595455e-07
42700.056 6.618988796737436e-08
42750.056 7.870003377300896e-08
42800.056 1.0395655024302167e-07
42850.056 1.0959440207796335e-07
42900.056 1.2018295635983192e-07
42950.056 9.246980011898717e-08
43000.056 1.044778170430224e-07
43050.056 5.836757329551102e-08
43100.056 8.511302435948639e-08
43150.056 7.278158104480403e-08
43200.056 1.0957632775900814e-07
43250.056 1.4097568456700928e-07
43300.056 1.3555219264999646e-07
43350.056 7.499991571807862e-08
43400.056 1.0275430777460079e-07
43450.056 7.243781058440782e-08
43500.056 7.228015973401889e-08
43550.056 8.047151703291696e-08
43600.056 1.2189073933601662e-07
43650.056 8.159672402540367e-08
43700.056 1.3953606203903247e-07
43750.056 1.1819090418800003e-07
43800.056 1.0978652795848877e-07
43850.056 9.46180212310057e-08
43900.056 8.658866803529029e-08
43950.056 5.559378947529513e-08
44000.056 5.528925536709575e-08
44050.056 1.288157452320023e-07
44100.056 1.7102468061899541e-07
44150.056 1.5297707343000065e-07
44200.056 1.313624813614977e-07
44250.056 7.673259934289861e-08
44300.056 6.371306190251169e-08
44350.056 7.318560629987035e-08
44400.056 6.717638328899125e-08
44450.056 1.139583367549911e-07
44500.056 1.0754716866382343e-07
44550.056 1.534981820509826e-07
44600.056 1.3389218328730034e-07
44650.056 1.1566906328931867e-07
44700.056 7.63168343619989e-08
44750.056 1.2092601695202947e-07
44800.056 8.525120935501097e-08
44850.056 1.1737313368501439e-07
44900.056 9.63857534550051e-08
44950.056 1.1648781885220839e-07
45000.056 1.311071950360128e-07
45050.056 1.2001363254498417e-07
45100.056 1.0976809965000118e-07
45150.056 1.0486676318804753e-07
45200.056 8.27483122434055e-08
45250.056 9.510766659836945e-08
45300.056 8.108372733791414e-08
45350.056 7.637323036822266e-08
45400.056 1.7049602778502139e-07
45450.056 1.3855393926501324e-07
45500.056 1.6551821583700982e-07
45550.056 1.7381595286694278e-07
45600.056 1.5815106588403513e-07
45650.056 1.254380738979034e-07
45700.056 8.535630970169498e-08
45750.056 8.031773890210287e-08
45800.056 1.8434444119700338e-07
45850.056 1.5232076649298678e-07
45900.056 1.8287951644299008e-07
45950.056 1.4964724945399367e-07
46000.056 1.716654227825152e-07
46050.056 1.2612316295710935e-07
46100.056 1.974501703199768e-07
46150.056 1.1887875480101123e-07
46200.056 1.0481728591348691e-07
46250.056 4.7547698270042593e-08
46300.056 1.247037810864027e-07
46350.056 1.2992578815801746e-07
46400.056 1.1181277356300115e-07
46450.056 1.03263889691914e-07
46500.056 1.2319741126813095e-07
46550.056 6.772728349020588e-08
46600.056 1.0271227691978546e-07
46650.056 1.5966149806101255e-07
46700.056 9.854670241896807e-08
46750.056 5.751598189302915e-08
46800.056 3.9064557559639897e-08
46850.056 1.5747052926402687e-07
46900.056 1.453904711469959e-07
46950.056 1.431986045079853e-07
47000.056 1.3856743548902731e-07
47050.056 1.0395094981236647e-07
47100.056 7.071204962253042e-08
47150.056 1.0747069793941539e-07
47200.056 1.2860548898599665e-07
47250.056 7.735858448919085e-08
47300.056 5.136446780313279e-08
47350.056 1.5542111438399573e-07
47400.056 1.265651027759883e-07
47450.056 1.151565394335221e-07
47500.056 1.5741409225058355e-07
47550.056 1.3476454107300908e-07
47600.056 1.3080406118949503e-07
47650.056 1.3028451239798199e-07
47700.056 1.0256086210544883e-07
47750.056 7.634214536490491e-08
47800.056 6.632038422800731e-08
47850.056 3.6805899227737404e-08
47900.056 5.545270712589224e-08
47950.056 1.1225479874861946e-07
48000.056 1.5966582154002142e-07
48050.056 1.3640070668600221e-07
48100.056 5.788469270520755e-08
48150.056 1.03930905587002e-07
48200.056 7.340362691344562e-08
48250.056 8.707848183100313e-08
48300.056 1.470535646349757e-07
48350.056 8.700219864099777e-08
48400.056 2.811889689103864e-08
48450.056 5.799782123076534e-08
48500.056 9.060138592697891e-08
48550.056 9.420828073360896e-08
48600.056 1.098911884740013e-07
48650.056 1.417041558339867e-07
48700.056 9.44161334395092e-08
48750.056 6.26008044192314e-08
48800.056 1.3141849692699955e-07
48850.056 7.217611581428758e-08
48900.056 1.0444413694405023e-07
48950.056 5.718777934400305e-08
49000.056 2.9099430648730616e-08
49050.056 8.871125434698678e-08
49100.056 1.1356363071512356e-07
49150.056 8.211449946437151e-08
49200.056 1.3205680558702894e-07
49250.056 1.3011719029001572e-07
49300.056 1.0898281796999857e-07
49350.056 4.4761894193039874e-08
49400.056 6.623095568208218e-08
49450.056 6.778848765582003e-08
49500.056 5.2342447703484626e-08
49550.056 1.4011630161080869e-08
49600.056 3.724782230738738e-08
49650.056 7.385919462000027e-08
49700.056 7.745787785047212e-08
49750.056 8.336584223319712e-08
49800.056 5.6033521613931724e-08
49850.056 1.0993878003462328e-07
49900.056 8.548239115978922e-08
49950.056 8.692241536160326e-08
50000.056 6.95006402669997e-08
50050.056 8.599587049600147e-08
50100.056 6.615343154419822e-08
50150.056 3.428214756719287e-08
50200.056 7.585178850313119e-09
50250.056 4.220390073599717e-08
50300.056 2.7774953422994225e-08
50350.056 8.016534522431125e-08
50400.056 7.792228312199021e-08
50450.056 5.962522260620368e-08
50500.056 9.041321230680796e-08
50550.056 7.71334105030073e-08
50600.056 5.812952215268365e-08
50650.056 9.527273717301697e-08
50700.056 9.49110846729761e-08
50750.056 6.312627405540726e-08
50800.056 2.4665476050569424e-08
50850.056 1.5010423839407198e-08
50900.056 7.52286150050014e-08
50950.056 6.029898855199843e-08
51000.056 5.3281891457183176e-08
51050.056 7.158219856899093e-08
51100.056 2.82211667513389e-08
51150.056 3.549098691278684e-08
51200.056 9.48366094149967e-08
51250.056 6.211673639356934e-08
51300.056 4.4008497098619856e-08
51350.056 4.357716059951501e-08
51400.056 1.6843714903632192e-08
51450.056 1.3162029017093467e-08
51500.056 1.3112451159185666e-08
51550.056 4.686354442228633e-08
51600.056 3.585636094334027e-08
51650.056 4.438624732299375e-08
51700.056 4.9037227278077205e-08
51750.056 3.172744454110655e-08
51800.056 5.6092799565990754e-08
51850.056 4.657479978459721e-08
51900.056 6.400953385299578e-08
51950.056 3.8471700869695247e-08
52000.056 4.859634834948185e-09
52050.056 2.1825701762203213e-08
52100.056 1.3607613225198303e-08
52150.056 8.25594513783806e-09
52200.056 2.0343354012609954e-08
52250.056 3.014780423870949e-08
52300.056 4.312266498039745e-08
52350.056 1.6955316631248594e-08
52400.056 1.6360383539230854e-08
52450.056 5.114236057200357e-08
52500.056 4.071786506607778e-08
52550.056 4.312410514899589e-08
52600.056 3.2115802992898775e-08
52650.056 3.8000889067103775e-08
52700.056 2.8841660111598502e-08
52750.056 1.2614246487381324e-08
52800.056 2.1717872643802792e-08
52850.056 2.463303662859256e-08
52900.056 1.2842553380317652e-08
52950.056 1.9272752701562222e-08
53000.056 3.12613790300075e-08
53050.056 1.2648624967386255e-08
53100.056 3.466648211579417e-08
53150.056 3.8455093297202833e-08
53200.056 1.758354625450886e-08
53250.056 3.610520357448301e-08
53300.056 4.417097384740028e-08
53350.056 3.368812789500201e-08
53400.056 2.2562391963294224e-08
53450.056 8.991802544446918e-09
53500.056 1.864253381589352e-09
53550.056 5.04347769970607e-09
