galfind/configs/Brown_Dwarf_templates/sonora_bobcat/m+0.5/178g/sp_t525g178nc_m+0.5_resample.dat
# %ECSV 1.0
# ---
# datatype:
# - {name: wav, unit: Angstrom, datatype: float64}
# - {name: flux_nu, unit: erg / (cm2 Hz s), datatype: float64}
# meta: {C/O: '1.00', Kzz: '1.0000E+05', Teff: '525.', Y: '0.28', '[Fe/H]': '0.50', f_hole: '1.00', f_rain: '0.00', grav: '178.'}
# schema: astropy-2.0
wav flux_nu
4000.0559999999996 nan
4050.0559999999996 2.1708330872093007e-16
4100.056 2.7562932412400588e-14
4150.056 2.6055353745600207e-13
4200.056 2.520970072565638e-13
4250.056 2.2418544100100162e-12
4300.056 4.919903598700034e-12
4350.056 8.301317711400036e-12
4400.056 1.246770144870004e-11
4450.056 1.8620362795000077e-11
4500.056 2.3515512722000142e-11
4550.056 2.1658265204685787e-11
4600.056 3.151744468359982e-12
4650.056 1.6992663598999959e-12
4700.056 7.57383934349993e-13
4750.056 2.1633552837999731e-13
4800.056 7.85894032839994e-14
4850.056 3.614417831299975e-14
4900.056 2.146629700099991e-14
4950.056 1.4055284758999943e-14
5000.056 8.317739757599939e-15
5050.056 5.440951302200005e-15
5100.056 5.471072784300047e-15
5150.056 5.8255204617000465e-15
5200.056 6.212965531500016e-15
5250.056 6.579141842300001e-15
5300.056 6.997918148699999e-15
5350.056 7.51410591720001e-15
5400.056 8.060583199300006e-15
5450.056 8.698789335100054e-15
5500.056 9.396058772100076e-15
5550.056 1.0103621979700025e-14
5600.056 1.0767095877999992e-14
5650.056 1.1317677320999978e-14
5700.056 1.1506793648400011e-14
5750.056 1.13525736754e-14
5800.056 1.018855718029998e-14
5850.056 7.300996771699905e-15
5900.056 2.4795832032613918e-15
5950.056 1.379919253160053e-14
6000.056 2.8131418384799514e-14
6050.056 4.898038447200109e-14
6100.056 7.848111684800086e-14
6150.056 1.1936957378800093e-13
6200.056 1.7603056860000107e-13
6250.056 2.489876615700008e-13
6300.056 3.5362062429000057e-13
6350.056 4.930247032600025e-13
6400.056 6.777359177600053e-13
6450.056 8.754758923099804e-13
6500.056 1.1988959456299949e-12
6550.056 1.6559072982599846e-12
6600.056 2.2769110514200712e-12
6650.056 3.1155823135000247e-12
6700.056 3.950098128540035e-12
6750.056 5.413133812400027e-12
6800.056 6.450443726900049e-12
6850.056 6.6495619394000004e-12
6900.056 5.568206722200118e-12
6950.056 4.464926965529927e-12
7000.056 4.554865091400023e-12
7050.056 4.74014728051991e-12
7100.056 5.125751373299903e-12
7150.056 4.553141579295967e-12
7200.056 4.1567979790444954e-12
7250.056 4.361264191058346e-12
7300.056 4.2884935471825235e-12
7350.056 4.552977129748129e-12
7400.056 4.830010008970263e-12
7450.056 5.266152251100317e-12
7500.056 5.560764679999937e-12
7550.056 5.697645698899971e-12
7600.056 5.6262462640999895e-12
7650.056 2.5947384050089314e-12
7700.056 2.282204504552064e-12
7750.056 6.744742975300069e-12
7800.056 8.821758180019887e-12
7850.056 1.2186061698500015e-11
7900.056 1.5815863910199602e-11
7950.056 1.8030620318999965e-11
8000.056 2.4743286004600226e-11
8050.056 3.0535582834000647e-11
8100.056 3.09370174619153e-11
8150.056 3.433851500844941e-11
8200.056 5.04303848837154e-11
8250.056 5.895480103676531e-11
8300.056 7.382635631375175e-11
8350.056 8.429415372515037e-11
8400.056 1.0230090500526218e-10
8450.056 1.3360993756099712e-10
8500.056 1.5508534721699133e-10
8550.056 2.0260499052500275e-10
8600.056 2.526268386700028e-10
8650.056 2.9954908848000475e-10
8700.056 3.360823257600039e-10
8750.056 3.8916031748000146e-10
8800.056 4.239763965900068e-10
8850.056 3.841045219399852e-10
8900.056 1.3951507160858578e-10
8950.056 1.596762477025698e-10
9000.056 1.3372051284727657e-10
9050.056 3.5918471602805936e-10
9100.056 4.4502784610792104e-10
9150.056 5.037694019710518e-10
9200.056 7.508016216950473e-10
9250.056 7.124664334568357e-10
9300.056 1.3945806314871438e-10
9350.056 1.7455416665330784e-10
9400.056 3.479530429534482e-10
9450.056 4.201638389442411e-10
9500.056 3.56039430141885e-10
9550.056 4.1360340653296623e-10
9600.056 3.926995417726141e-10
9650.056 5.409737283970115e-10
9700.056 8.827528486429996e-10
9750.056 8.742934019673935e-10
9800.056 9.972500539757078e-10
9850.056 1.1291361334159755e-09
9900.056 1.4747477811268153e-09
9950.056 1.440030021189365e-09
10000.056 1.7157668988347592e-09
10050.056 2.0693950883001022e-09
10100.056 2.7143451161198744e-09
10150.056 3.0502631472299557e-09
10200.056 3.3747129000803233e-09
10250.056 4.0173182208649545e-09
10300.056 5.117510154437543e-09
10350.056 5.6603077757229815e-09
10400.056 8.048317260960429e-09
10450.056 9.910514614597762e-09
10500.056 1.1779007074939703e-08
10550.056 1.3992989430400287e-08
10600.056 1.514951532919948e-08
10650.056 1.6253493736900696e-08
10700.056 1.5979070752100392e-08
10750.056 1.669317980254224e-08
10800.056 1.6143332637232198e-08
10850.056 1.4282384117014354e-08
10900.056 9.726720956200727e-09
10950.056 4.357385643671264e-09
11000.056 2.747543622896204e-09
11050.056 1.5705631683136408e-09
11100.056 8.533572532652869e-10
11150.056 3.3011255800431406e-10
11200.056 2.1061778604954946e-10
11250.056 2.536251660499196e-10
11300.056 3.9782180488873584e-10
11350.056 1.184391790298186e-10
11400.056 3.726380138718313e-10
11450.056 2.7047700414385274e-10
11500.056 1.7657486048883482e-10
11550.056 3.689668410752666e-11
11600.056 3.2184924867282113e-11
11650.056 1.1801403955318166e-10
11700.056 1.3559956328871903e-10
11750.056 2.285504503913544e-11
11800.056 1.6349279702471492e-10
11850.056 3.0436510417353616e-10
11900.056 3.573451123598328e-10
11950.056 6.289989963625411e-10
12000.056 1.1527484356073652e-09
12050.056 2.047411533039694e-09
12100.056 3.4875922373790274e-09
12150.056 5.61519540692233e-09
12200.056 7.4268653419846416e-09
12250.056 1.1442387816885203e-08
12300.056 1.712176422766798e-08
12350.056 1.8354669585129783e-08
12400.056 2.7118720787538077e-08
12450.056 3.624545019520345e-08
12500.056 4.0420956110604776e-08
12550.056 4.709797632649914e-08
12600.056 5.168344639565381e-08
12650.056 4.9659486731697584e-08
12700.056 4.795014906270446e-08
12750.056 3.860350615653557e-08
12800.056 3.200176226868395e-08
12850.056 2.0512035769138603e-08
12900.056 1.4835971092215938e-08
12950.056 1.204646765531617e-08
13000.056 1.1278445867682088e-08
13050.056 7.117379570446363e-09
13100.056 6.20469253070928e-09
13150.056 4.026805325088642e-09
13200.056 3.4524044018046115e-09
13250.056 2.4011772345473618e-09
13300.056 8.684767464677799e-10
13350.056 2.4611269227482675e-10
13400.056 1.4511056875652716e-10
13450.056 5.009818913930602e-11
13500.056 2.1700869886287315e-11
13550.056 9.779794643392659e-12
13600.056 2.2440724470914948e-12
13650.056 1.5376571498315215e-11
13700.056 8.797125106546801e-12
13750.056 1.3925884667292109e-11
13800.056 1.262710207007639e-11
13850.056 7.742076330561187e-12
13900.056 1.1054448632858523e-11
13950.056 8.478099756734453e-12
14000.056 9.718772262748414e-12
14050.056 1.63050744870283e-11
14100.056 1.7752245873115248e-11
14150.056 3.346351873101191e-11
14200.056 2.153410746197608e-11
14250.056 3.072824591315388e-11
14300.056 7.132855357504459e-11
14350.056 7.551600945917448e-11
14400.056 8.42898228602464e-11
14450.056 1.2732582318682654e-10
14500.056 2.769896715618388e-10
14550.056 3.1474570207133604e-10
14600.056 4.2319926503939637e-10
14650.056 3.1307362218699904e-10
14700.056 1.6692638856609144e-10
14750.056 1.2090606416818454e-10
14800.056 2.3133714752527736e-10
14850.056 2.860530155067145e-10
14900.056 3.148636302009972e-10
14950.056 2.845078398109862e-10
15000.056 5.98059760623865e-10
15050.056 5.144213797090274e-10
15100.056 4.309196832258023e-10
15150.056 3.882816395329641e-10
15200.056 6.416338768305092e-10
15250.056 1.3819264966083295e-09
15300.056 1.7670412199905943e-09
15350.056 2.326478655298251e-09
15400.056 3.0867293984445985e-09
15450.056 4.028473492595217e-09
15500.056 4.6244447811862825e-09
15550.056 6.928875291319796e-09
15600.056 8.89831547992542e-09
15650.056 1.1736622821062912e-08
15700.056 1.588808029452121e-08
15750.056 1.871272496349842e-08
15800.056 2.017038301762062e-08
15850.056 2.2548458791103694e-08
15900.056 1.9187611990700526e-08
15950.056 1.6735211937797598e-08
16000.056 1.1279807100201704e-08
16050.056 5.650488816239368e-09
16100.056 3.3583558240504983e-09
16150.056 1.725540942593122e-09
16200.056 9.093252303624854e-10
16250.056 6.128061260452467e-10
16300.056 3.858829967662495e-10
16350.056 4.678968345294539e-10
16400.056 6.01583967329134e-10
16450.056 5.278662951967417e-10
16500.056 4.796415216371536e-10
16550.056 5.012091935078792e-10
16600.056 6.682909082024413e-10
16650.056 5.155296521561205e-10
16700.056 7.423075351284001e-11
16750.056 2.3732871650796883e-10
16800.056 4.2608955373867086e-10
16850.056 5.03041152724349e-10
16900.056 2.5730510407227385e-10
16950.056 1.5205396371976938e-10
17000.056 8.522837359773668e-11
17050.056 1.795582210594607e-10
17100.056 3.1334815047203226e-10
17150.056 1.6391104052098625e-10
17200.056 5.533918673872905e-10
17250.056 3.453271441445125e-10
17300.056 2.0518300085716956e-10
17350.056 2.152060041656954e-10
17400.056 3.6305896085790516e-10
17450.056 5.031685676648718e-10
17500.056 6.748023736490344e-10
17550.056 6.184172134068568e-10
17600.056 4.589318059521408e-10
17650.056 4.353347447225849e-10
17700.056 3.159180376743916e-10
17750.056 3.269282558679507e-10
17800.056 7.619789866918641e-10
17850.056 3.690243496889464e-10
17900.056 2.726327270711404e-10
17950.056 2.188995945273499e-10
18000.056 3.377784289123326e-10
18050.056 2.929825389168325e-10
18100.056 3.719460085694649e-10
18150.056 3.567298417972823e-10
18200.056 2.3820371626734805e-10
18250.056 7.689263305884137e-10
18300.056 2.196266402096402e-10
18350.056 1.665896375481348e-10
18400.056 1.350068796246079e-10
18450.056 4.5101052624953726e-10
18500.056 4.5566666473775616e-10
18550.056 2.814533701648344e-10
18600.056 3.3627848448175984e-10
18650.056 2.490409650388943e-10
18700.056 9.520786260139651e-11
18750.056 2.214035501341495e-10
18800.056 7.881349687743395e-10
18850.056 8.28544564334191e-10
18900.056 6.965801936207529e-10
18950.056 1.2516784866418128e-09
19000.056 4.120046348361341e-10
19050.056 2.1423569236459358e-10
19100.056 4.990603147068558e-10
19150.056 2.1983548368149743e-10
19200.056 3.431769483969341e-10
19250.056 2.287957185181794e-10
19300.056 1.575083695877248e-10
19350.056 1.3493048094414913e-10
19400.056 1.2213200663878036e-10
19450.056 2.4037625278489776e-10
19500.056 1.5653076777604305e-10
19550.056 1.8941472046998746e-10
19600.056 4.4862793460109063e-10
19650.056 3.3874665422499446e-10
19700.056 3.782498673830859e-10
19750.056 7.3788632296126e-10
19800.056 5.312837349828168e-10
19850.056 7.500628952574281e-10
19900.056 8.614462705596985e-10
19950.056 1.3268266646010617e-09
20000.056 1.8061899814915955e-09
20050.056 1.4753675910383115e-09
20100.056 2.626824538713845e-09
20150.056 1.384283644308502e-09
20200.056 1.1818775410093405e-09
20250.056 2.420296652957707e-09
20300.056 2.82739805568134e-09
20350.056 3.164801798229163e-09
20400.056 2.678640042138106e-09
20450.056 4.9079107062545174e-09
20500.056 6.033873879029184e-09
20550.056 6.767123790121421e-09
20600.056 7.336924966806159e-09
20650.056 9.406051001277681e-09
20700.056 1.0487419370457778e-08
20750.056 1.2253795506384848e-08
20800.056 1.216665712119301e-08
20850.056 1.3386729952571614e-08
20900.056 1.4742940511025754e-08
20950.056 1.3746999989300775e-08
21000.056 1.3106120928473435e-08
21050.056 1.3602636960897031e-08
21100.056 1.2180563705661466e-08
21150.056 1.2238878353217451e-08
21200.056 1.0839144277142023e-08
21250.056 9.615131540495647e-09
21300.056 7.192213515943065e-09
21350.056 7.295950333879284e-09
21400.056 6.516309995497786e-09
21450.056 5.053496842926735e-09
21500.056 4.2755400438963926e-09
21550.056 3.720620778392284e-09
21600.056 2.93082265512617e-09
21650.056 2.0757854249072417e-09
21700.056 1.8288989053581824e-09
21750.056 1.7185491196569296e-09
21800.056 1.1666207898246613e-09
21850.056 1.088032095244746e-09
21900.056 6.849101989902117e-10
21950.056 2.3972376947176444e-10
22000.056 4.956603568026563e-11
22050.056 5.036045340634815e-11
22100.056 1.964525591660576e-10
22150.056 2.0076640491417493e-10
22200.056 2.2519275246438952e-10
22250.056 1.6951395357826614e-10
22300.056 9.138930621084632e-11
22350.056 1.1486665506926251e-10
22400.056 4.626894921704505e-11
22450.056 6.144386094357488e-11
22500.056 4.836911922107584e-11
22550.056 3.0807773994901145e-11
22600.056 2.4550762173222056e-11
22650.056 4.789741967279237e-11
22700.056 3.6435151869249614e-11
22750.056 3.962055667744887e-11
22800.056 4.0441848744427395e-11
22850.056 3.031389246096998e-11
22900.056 2.203877653324631e-11
22950.056 2.0172075964463122e-11
23000.056 2.8880974656881325e-11
23050.056 3.8317022672529106e-11
23100.056 1.6935774858155374e-10
23150.056 1.7572971657416996e-10
23200.056 8.738646081055243e-12
23250.056 2.6376306458099354e-11
23300.056 2.664465099611666e-11
23350.056 3.906038476539748e-11
23400.056 3.4544264749322454e-11
23450.056 2.3005733905865124e-11
23500.056 2.5264992583973558e-11
23550.056 4.620374194480462e-11
23600.056 7.765537399664418e-11
23650.056 1.2272919397314965e-10
23700.056 2.956818964948948e-11
23750.056 2.2621325622528336e-11
23800.056 8.197334663154198e-11
23850.056 6.455597194195534e-11
23900.056 1.411656290985883e-10
23950.056 9.635131938159294e-11
24000.056 1.7355898800673638e-10
24050.056 2.2588394793022908e-10
24100.056 2.3818510221501046e-10
24150.056 3.4330754560288847e-10
24200.056 2.39122584279383e-10
24250.056 1.9229353986507331e-10
24300.056 3.22051543900772e-10
24350.056 2.679197511866637e-10
24400.056 5.517956973387964e-10
24450.056 6.161172046795341e-10
24500.056 5.660451454145858e-10
24550.056 8.438113421469293e-10
24600.056 8.551078084754318e-10
24650.056 1.3568905870059021e-09
24700.056 7.434052111877702e-10
24750.056 1.0013981757645452e-09
24800.056 9.114457219183408e-10
24850.056 1.5248777075798132e-09
24900.056 6.93214439641044e-10
24950.056 1.5013493431859343e-09
25000.056 1.3928002269943993e-09
25050.056 8.917526760323613e-10
25100.056 1.4114253507003204e-09
25150.056 6.722006312764583e-10
25200.056 1.0135102640421133e-09
25250.056 4.35286161485241e-10
25300.056 6.90626166127804e-10
25350.056 3.0718782394206767e-10
25400.056 7.935450461537068e-10
25450.056 2.544835106400948e-10
25500.056 2.252095992866468e-10
25550.056 4.088195152221295e-10
25600.056 2.2339337876901236e-10
25650.056 1.263167331609226e-10
25700.056 1.9100289199917797e-10
25750.056 5.07481686363368e-11
25800.056 2.679456164331009e-10
25850.056 5.379321748379883e-11
25900.056 7.737558721852478e-11
25950.056 2.1293008578987845e-11
26000.056 2.5211146430122463e-10
26050.056 3.591777820656926e-11
26100.056 1.67119806485586e-10
26150.056 8.0690162479713e-11
26200.056 1.0510129459929882e-10
26250.056 5.799379173649663e-10
26300.056 1.4876622751838597e-10
26350.056 8.160837360260595e-10
26400.056 1.0525958004042568e-09
26450.056 8.712343759715544e-10
26500.056 1.5540209179899252e-09
26550.056 2.4125383849947877e-10
26600.056 3.330598903491303e-10
26650.056 5.3097479697898624e-11
26700.056 3.180365274290336e-11
26750.056 3.870107752235419e-11
26800.056 1.1461890220380477e-10
26850.056 6.11037624661636e-11
26900.056 3.019184078015855e-10
26950.056 1.0250766509528697e-10
27000.056 5.664129936948035e-10
27050.056 5.606115650206237e-10
27100.056 9.731548963296103e-11
27150.056 7.600372212916096e-10
27200.056 9.593118018202419e-11
27250.056 2.8912460417537674e-10
27300.056 1.6817600618476368e-09
27350.056 6.560133147711029e-10
27400.056 3.717157846208331e-11
27450.056 8.193124862057802e-10
27500.056 9.265644073879311e-10
27550.056 1.596449632545379e-10
27600.056 4.556626314363452e-10
27650.056 1.2196561581104586e-10
27700.056 9.883925932396421e-11
27750.056 6.343379596959204e-10
27800.056 1.6961319278842408e-10
27850.056 2.847304135286585e-10
27900.056 2.7697986935515134e-10
27950.056 7.591447721837625e-10
28000.056 6.474877821829678e-10
28050.056 8.310259213181335e-11
28100.056 6.126034962574319e-10
28150.056 4.587672233543222e-10
28200.056 1.309057947330664e-10
28250.056 8.403974246639233e-10
28300.056 8.204466989702521e-10
28350.056 1.7692150824681789e-10
28400.056 5.793229271846808e-10
28450.056 9.800312802095493e-10
28500.056 6.297188588836124e-10
28550.056 1.4069059496879148e-10
28600.056 1.057246165331646e-09
28650.056 7.43730431476724e-10
28700.056 9.586309795770043e-10
28750.056 1.43780353185484e-09
28800.056 6.981460576627644e-10
28850.056 1.3416401529931162e-09
