galfind/configs/Brown_Dwarf_templates/sonora_bobcat/m+0.5/178g/sp_t350g178nc_m+0.5_resample.dat
# %ECSV 1.0
# ---
# datatype:
# - {name: wav, unit: Angstrom, datatype: float64}
# - {name: flux_nu, unit: erg / (cm2 Hz s), datatype: float64}
# meta: {C/O: '1.00', Kzz: '1.0000E+05', Teff: '350.', Y: '0.28', '[Fe/H]': '0.50', f_hole: '1.00', f_rain: '0.00', grav: '178.'}
# schema: astropy-2.0
wav flux_nu
[from data line 498]
28900.056 1.328130766799413e-11
28950.056 1.8541050811280256e-11
29000.056 1.0220380957620923e-11
29050.056 1.7794960212158406e-11
29100.056 7.87661923956827e-12
29150.056 8.949901588377673e-12
29200.056 3.6247571974613916e-11
29250.056 2.8779147504053652e-11
29300.056 1.5850264931811793e-11
29350.056 4.2453732772821704e-11
29400.056 2.1139967064045287e-11
29450.056 8.37149022347896e-12
29500.056 4.8445961605814226e-11
29550.056 1.3338186553031616e-11
29600.056 1.554238166319542e-11
29650.056 6.856990784734351e-11
29700.056 1.0957569521273308e-11
29750.056 4.955603974441273e-11
29800.056 2.7581692481624678e-11
29850.056 5.555241340826137e-11
29900.056 2.1873871527963926e-11
29950.056 3.1753522603177806e-11
30000.056 3.4297957621661045e-13
30050.056 3.1539980790844823e-12
30100.056 1.6920684761837204e-11
30150.056 6.862242861614379e-11
30200.056 3.7945824476655204e-11
30250.056 6.599885766684104e-11
30300.056 1.0688877806474513e-10
30350.056 1.7714672959460817e-11
30400.056 9.528750913292003e-11
30450.056 7.95162897618002e-11
30500.056 3.322914909298471e-11
30550.056 2.87513583513292e-11
30600.056 3.18066046701214e-10
30650.056 1.1713182681009915e-10
30700.056 5.114908361774677e-11
30750.056 1.2927359999314365e-10
30800.056 1.209195835255759e-10
30850.056 1.376199733083192e-10
30900.056 6.098509857978032e-11
30950.056 5.124562721889861e-11
31000.056 7.0003374622261e-11
31050.056 3.31932173249168e-11
31100.056 2.6077767521387487e-11
31150.056 4.764631370935179e-11
31200.056 1.8747654437214127e-10
31250.056 9.558429934002191e-11
31300.056 4.9756426609229775e-11
31350.056 1.5533762503273882e-10
31400.056 1.0504961094300713e-10
31450.056 1.0073046347245766e-10
31500.056 3.1385248508476354e-11
31550.056 5.975964894602629e-11
31600.056 4.43913397340196e-11
31650.056 3.660860889206283e-11
31700.056 2.871997464929904e-11
31750.056 1.577243328507256e-11
31800.056 2.8484739940782784e-11
31850.056 4.338859012514485e-12
31900.056 1.0493003701650067e-11
31950.056 7.062261865797777e-12
32000.056 3.906073226925003e-12
32050.056 7.00138036397116e-12
32100.056 6.169507628940981e-12
32150.056 5.155814258378443e-12
32200.056 2.2611879557224868e-12
32250.056 5.877584343191342e-12
32300.056 1.4255173570050255e-12
32350.056 5.526007491428379e-12
32400.056 4.981796997004091e-13
32450.056 3.506771889735831e-12
32500.056 4.98355359462412e-13
32550.056 2.558728463656568e-12
32600.056 4.2254951209012027e-13
32650.056 8.043333740057487e-12
32700.056 7.645637293829143e-13
32750.056 1.969991439768185e-11
32800.056 7.857144680451388e-12
32850.056 4.810840198908282e-11
32900.056 3.7530066348083694e-11
32950.056 3.880694625255734e-11
33000.056 9.322293823056093e-12
33050.056 1.0225508128534304e-11
33100.056 1.6646242204292223e-12
33150.056 3.9856051099555826e-16
33200.056 5.265405908340695e-14
33250.056 9.808685775313503e-14
33300.056 1.5608759947033394e-12
33350.056 4.090799389734195e-12
33400.056 1.9747479804976366e-11
33450.056 6.6825900729262935e-12
33500.056 3.0619358480899154e-11
33550.056 4.489479859127691e-12
33600.056 1.4176877974143377e-11
33650.056 1.3075031584902758e-11
33700.056 2.901109389428588e-12
33750.056 1.9426096942115846e-11
33800.056 1.011129351059061e-12
33850.056 8.914431771970236e-12
33900.056 1.0430085075908162e-11
33950.056 8.529277351605275e-12
34000.056 2.1906133308349476e-11
34050.056 2.981522891635848e-12
34100.056 2.2542139245216217e-11
34150.056 8.135413004627483e-12
34200.056 2.9379697743644747e-11
34250.056 1.2863436215801445e-11
34300.056 1.647715949004781e-11
34350.056 4.9888039619193964e-11
34400.056 1.0066906587253943e-11
34450.056 4.1577024577475815e-11
34500.056 1.5952785489966114e-11
34550.056 1.7148926741395576e-11
34600.056 8.807086086098545e-11
34650.056 7.888767407425703e-12
34700.056 5.260921283218952e-11
34750.056 3.1144141517271426e-11
34800.056 2.847014630450568e-11
34850.056 1.0564495495049665e-10
34900.056 1.3773904675737818e-11
34950.056 9.770970707024367e-11
35000.056 1.5629471960388117e-10
35050.056 9.083402639722026e-11
35100.056 1.939731956740117e-10
35150.056 1.5163508843507111e-10
35200.056 1.1958677066216584e-10
35250.056 2.375913540465138e-10
35300.056 8.273207331094926e-11
35350.056 9.134744262356472e-11
35400.056 6.119244302419976e-11
35450.056 6.435261386232803e-11
35500.056 2.457789247329151e-10
35550.056 1.2237873748466366e-10
35600.056 1.898304609028846e-10
35650.056 2.6208188013291256e-10
35700.056 2.717704957527612e-10
35750.056 2.8908216845667133e-10
35800.056 2.0682722866666655e-10
35850.056 7.760692901750685e-11
35900.056 9.598282501591758e-11
35950.056 1.4736525217139526e-10
36000.056 2.050308232475303e-10
36050.056 1.2860031650322507e-10
36100.056 1.2241478191741602e-10
36150.056 3.9716356137319637e-10
36200.056 3.8464454644603647e-10
36250.056 2.374888892020388e-10
36300.056 7.031816167144329e-10
36350.056 3.257332674212455e-10
36400.056 6.133089651336641e-10
36450.056 5.57895156675925e-10
36500.056 5.739307176814901e-10
36550.056 1.0227939710076851e-09
36600.056 9.492156899443921e-10
36650.056 6.274111690501178e-10
36700.056 7.962557911269551e-10
36750.056 1.008822281841878e-09
36800.056 1.2626089516319962e-09
36850.056 4.817380530064298e-10
36900.056 9.498983526024379e-10
36950.056 1.2389481643670533e-09
37000.056 7.459749119488638e-10
37050.056 1.390730755983253e-09
37100.056 7.041887667886923e-10
37150.056 7.969139119098511e-10
37200.056 1.7042167382502745e-09
37250.056 9.528408222525416e-10
37300.056 5.359311803121654e-10
37350.056 1.1039348263820859e-09
37400.056 1.817846618959782e-09
37450.056 5.915096373436165e-10
37500.056 1.0527573349987909e-09
37550.056 2.0949739912853903e-09
37600.056 3.6775441512636505e-09
37650.056 8.44924606819597e-10
37700.056 1.7822437824167049e-09
37750.056 1.2669676732226055e-09
37800.056 1.1207818736544068e-09
37850.056 5.233878199969193e-10
37900.056 7.104823831748857e-10
37950.056 1.6918393469188976e-09
38000.056 1.5668406267376512e-09
38050.056 2.7314510702428728e-09
38100.056 3.1373966926187615e-09
38150.056 3.846791900568525e-09
38200.056 2.7858164319460853e-09
38250.056 3.608461008966192e-09
38300.056 5.459279091629795e-09
38350.056 4.608082736899326e-09
38400.056 1.4799951714784942e-09
38450.056 4.890821889370929e-10
38500.056 3.44038815067298e-10
38550.056 1.7201557991832786e-09
38600.056 1.8498349453374134e-09
38650.056 2.2944229767039004e-09
38700.056 1.2655575503815877e-09
38750.056 1.8466412481272885e-09
38800.056 1.8611710778734758e-09
38850.056 2.37233077806271e-09
38900.056 2.9083332669925863e-09
38950.056 1.5998699822131057e-09
39000.056 3.42539854557848e-09
39050.056 1.4126654037255622e-09
39100.056 2.668806790267145e-09
39150.056 4.126419467376766e-09
39200.056 2.4451175891177235e-09
39250.056 4.946258084200889e-09
39300.056 2.569962183994054e-09
39350.056 5.8921199264405695e-09
39400.056 2.7338034496047074e-09
39450.056 4.5768924385754445e-09
39500.056 4.37528739777093e-09
39550.056 1.7126158616441809e-09
39600.056 4.5391186655143e-09
39650.056 5.315241215279176e-09
39700.056 5.488799780119124e-09
39750.056 2.330477431045375e-09
39800.056 2.58517050553483e-09
39850.056 6.513065147071448e-09
39900.056 8.406655844890513e-09
39950.056 2.726200482534598e-09
40000.056 5.692105468857807e-09
40050.056 6.733979231309629e-09
40100.056 2.0811230645366157e-09
40150.056 6.019917545829832e-09
40200.056 6.5162207061067364e-09
40250.056 7.547059903698646e-09
40300.056 7.50722999004926e-09
40350.056 4.078873220522568e-09
40400.056 6.0091664961998615e-09
40450.056 2.5990328898047404e-09
40500.056 8.282406458661303e-09
40550.056 9.243403983071665e-09
40600.056 6.441290785100142e-09
40650.056 4.7968555748146575e-09
40700.056 1.0530647877759198e-08
40750.056 6.603860891347405e-09
40800.056 3.7774658254790034e-09
40850.056 1.3825702715403655e-08
40900.056 1.0896696454798415e-08
40950.056 9.588947121472337e-09
41000.056 6.580522831725797e-09
41050.056 1.452155940103552e-08
41100.056 1.158869953064801e-08
41150.056 3.786948188905409e-09
41200.056 1.496840132785251e-08
41250.056 1.0356719607970246e-08
41300.056 1.1093585115802746e-08
41350.056 1.5476231266498237e-08
41400.056 1.2357498156799033e-08
41450.056 1.901712881259518e-08
41500.056 1.1007135725795704e-08
41550.056 9.486331086702161e-09
41600.056 1.0146889282275398e-08
41650.056 1.530454639813364e-08
41700.056 2.1486054456594283e-08
41750.056 1.5079643591457106e-08
41800.056 1.4617759025103395e-08
41850.056 1.5271434684212152e-08
41900.056 1.197396532990106e-08
41950.056 1.1575088584430045e-08
42000.056 5.044080613904455e-09
42050.056 8.110780246653222e-09
42100.056 8.372903486078524e-09
42150.056 1.0577178723715755e-08
42200.056 1.3471662527500038e-08
42250.056 9.844778258972717e-09
42300.056 8.968696671155125e-09
42350.056 1.6284060861960495e-08
42400.056 2.0487396558402272e-08
42450.056 2.0522809413004857e-08
42500.056 2.0446558204296607e-08
42550.056 1.685426754029575e-08
42600.056 1.7410493345088257e-08
42650.056 2.8219124392890928e-08
42700.056 1.123251012058974e-08
42750.056 2.0330600546603874e-08
42800.056 3.180407058730441e-08
42850.056 3.140289002809131e-08
42900.056 3.281202596940574e-08
42950.056 2.601427539589813e-08
43000.056 3.0220170537603695e-08
43050.056 1.400019303902103e-08
43100.056 2.324429115039793e-08
43150.056 1.8248117375452376e-08
43200.056 3.233936196300357e-08
43250.056 4.1185653670001414e-08
43300.056 3.891547737739964e-08
43350.056 2.0193122371793724e-08
43400.056 3.087238204890234e-08
43450.056 1.7916200484500772e-08
43500.056 1.6931194825893665e-08
43550.056 2.017273800324279e-08
43600.056 3.641036957420507e-08
43650.056 2.1612776925499817e-08
43700.056 4.2655202087612163e-08
43750.056 3.879180961699588e-08
43800.056 3.4002375349195824e-08
43850.056 2.9778897959202233e-08
43900.056 2.1197893497875092e-08
43950.056 1.299546946959868e-08
44000.056 1.424453192519877e-08
44050.056 4.100019907999979e-08
44100.056 5.4057260208999016e-08
44150.056 4.7570635244798645e-08
44200.056 4.417435888800102e-08
44250.056 2.0833649865997036e-08
44300.056 1.6711542025902477e-08
44350.056 1.783460114792444e-08
44400.056 1.583679101069825e-08
44450.056 3.3262259880902556e-08
44500.056 3.0394300198804506e-08
44550.056 4.4476852466997243e-08
44600.056 3.7082940354428763e-08
44650.056 3.197187343880342e-08
44700.056 2.082941898609793e-08
44750.056 3.7194837071207645e-08
44800.056 2.1422074190081895e-08
44850.056 2.9474547236202058e-08
44900.056 2.85663734216009e-08
44950.056 3.460480135860481e-08
45000.056 4.38211010980019e-08
45050.056 3.62333718825947e-08
45100.056 3.1997898663000104e-08
45150.056 2.631223406520458e-08
45200.056 2.0503882614602208e-08
45250.056 2.513746383189333e-08
45300.056 2.3861070766603348e-08
45350.056 1.6956031102265848e-08
45400.056 5.6691707890007784e-08
45450.056 4.1512033560703904e-08
45500.056 5.82915752335043e-08
45550.056 5.929093826738333e-08
45600.056 4.5809840096008974e-08
45650.056 3.712851394340064e-08
45700.056 2.273035229443762e-08
45750.056 2.095234192034173e-08
45800.056 5.794900369410253e-08
45850.056 4.1207849375398466e-08
45900.056 5.919650663439508e-08
45950.056 5.317705297399852e-08
46000.056 5.50299498685058e-08
46050.056 3.850686798110675e-08
46100.056 7.191325972599405e-08
46150.056 3.6747681088601645e-08
46200.056 2.930808510359437e-08
46250.056 1.0453600394538e-08
46300.056 3.675287446160085e-08
46350.056 3.7515757637005644e-08
46400.056 3.489733200480045e-08
46450.056 3.214924652106026e-08
46500.056 3.7339420655307644e-08
46550.056 1.65982798055505e-08
46600.056 2.6148995760256007e-08
46650.056 4.409040109360255e-08
46700.056 2.6947300272292286e-08
46750.056 1.1589248473792326e-08
46800.056 7.1311919537797855e-09
46850.056 4.058838084680683e-08
46900.056 4.535597865799857e-08
46950.056 4.6385486931996014e-08
47000.056 4.499224839710666e-08
47050.056 2.879738135564325e-08
47100.056 1.986827363295266e-08
47150.056 3.582939717380457e-08
47200.056 3.866762367439715e-08
47250.056 1.8553276252947017e-08
47300.056 1.1914345647945906e-08
47350.056 4.413048532960356e-08
47400.056 4.0583469793995285e-08
47450.056 2.773157826276408e-08
47500.056 4.99512141249991e-08
47550.056 4.335162418360237e-08
47600.056 3.677634328074602e-08
47650.056 4.018119234982357e-08
47700.056 2.8937629410314213e-08
47750.056 2.0835574923300977e-08
47800.056 1.5555269086802635e-08
47850.056 6.545034634421434e-09
47900.056 1.1561466490909603e-08
47950.056 3.265362668780232e-08
48000.056 4.706245560699986e-08
48050.056 3.627386161472079e-08
48100.056 1.382992724432191e-08
48150.056 2.8896605518901013e-08
48200.056 1.6737235556400983e-08
48250.056 2.2823685524999033e-08
48300.056 4.515924263099715e-08
48350.056 2.400969822269655e-08
48400.056 4.662312797271615e-09
48450.056 1.006805457790461e-08
48500.056 1.9189168955895095e-08
48550.056 2.2643037355122552e-08
48600.056 3.6119682037998394e-08
48650.056 4.84435745789963e-08
48700.056 2.857620998250556e-08
48750.056 2.1158334738606295e-08
48800.056 3.946372389990112e-08
48850.056 1.842657935131694e-08
48900.056 2.1114836924597658e-08
48950.056 1.0279840227899764e-08
49000.056 5.4346875649269705e-09
49050.056 2.0869372228037108e-08
49100.056 3.051705922054613e-08
49150.056 2.2404372610912845e-08
49200.056 3.9600494056007376e-08
49250.056 4.132974286020087e-08
49300.056 3.2585239461799236e-08
49350.056 1.0452069367616801e-08
49400.056 1.6495232450445048e-08
49450.056 1.4645359469663515e-08
49500.056 1.0882348769598146e-08
49550.056 1.713411387890041e-09
49600.056 5.66136574488915e-09
49650.056 1.8632843787502153e-08
49700.056 2.194423986809292e-08
49750.056 1.8808326056610547e-08
49800.056 1.0722207875914145e-08
49850.056 2.8623819187204397e-08
49900.056 2.5009235344397874e-08
49950.056 2.543910199090046e-08
50000.056 1.5376704585621e-08
50050.056 1.9728190716121157e-08
50100.056 1.5545513193098818e-08
50150.056 5.933421721698715e-09
50200.056 7.614615487723717e-10
50250.056 5.92232005519995e-09
50300.056 3.788021258854801e-09
50350.056 1.8234562477203503e-08
50400.056 2.1593825521096425e-08
50450.056 1.6764202252741935e-08
50500.056 2.7858869168340767e-08
50550.056 2.3594641012901813e-08
50600.056 1.6449929460215105e-08
50650.056 2.99390529186044e-08
50700.056 2.707098066699719e-08
50750.056 1.5252688465600714e-08
50800.056 3.902361390744223e-09
50850.056 1.6874150633988771e-09
50900.056 1.4878232785301532e-08
50950.056 1.503079905529811e-08
51000.056 1.078270967524912e-08
51050.056 1.9450734740097418e-08
51100.056 6.033663362181264e-09
51150.056 5.831328916475212e-09
51200.056 2.358745641399969e-08
51250.056 1.7241798431647406e-08
51300.056 1.0775263780683536e-08
51350.056 8.74221570802655e-09
51400.056 2.020966112906444e-09
51450.056 1.7104531366083644e-09
51500.056 1.701566950802729e-09
51550.056 8.149465489801813e-09
51600.056 8.262041677012217e-09
51650.056 1.2401368218299945e-08
51700.056 1.2031738463679051e-08
51750.056 7.240707267961648e-09
51800.056 1.568965476909804e-08
51850.056 1.2223519961099178e-08
51900.056 1.27385090125996e-08
51950.056 5.9721400881993145e-09
52000.056 4.5314056195883567e-10
52050.056 2.8824914484003552e-09
52100.056 1.427163300969698e-09
52150.056 7.327811794052976e-10
52200.056 3.4696179060299395e-09
52250.056 6.17758492386156e-09
52300.056 7.20914800289946e-09
52350.056 1.7010257677773755e-09
52400.056 1.9759706457839915e-09
52450.056 1.0073438759500681e-08
52500.056 6.820924660967253e-09
52550.056 9.994939659199546e-09
52600.056 7.825441463199971e-09
52650.056 9.49593186440046e-09
52700.056 6.0725238787694364e-09
52750.056 1.6286840999234133e-09
52800.056 3.6960505920207003e-09
52850.056 4.4138003221488535e-09
52900.056 1.2970465128590968e-09
52950.056 2.570556124100425e-09
53000.056 5.6298966846010675e-09
53050.056 1.8263103572034248e-09
53100.056 8.173657633999597e-09
53150.056 7.963390347820501e-09
53200.056 3.692675307089705e-09
53250.056 6.6485931576741415e-09
53300.056 8.355435406738279e-09
53350.056 6.193536047400502e-09
53400.056 3.624602407198904e-09
53450.056 1.0092712980796222e-09
53500.056 1.5885555299644495e-10
