galfind/configs/Brown_Dwarf_templates/sonora_bobcat/m+0.5/178g/sp_t250g178nc_m+0.5_resample.dat
# %ECSV 1.0
# ---
# datatype:
# - {name: wav, unit: Angstrom, datatype: float64}
# - {name: flux_nu, unit: erg / (cm2 Hz s), datatype: float64}
# meta: {C/O: '1.00', Kzz: '1.0000E+05', Teff: '250.', Y: '0.28', '[Fe/H]': '0.50', f_hole: '1.00', f_rain: '0.00', grav: '178.'}
# schema: astropy-2.0
wav flux_nu
[from data line 498]
28900.056 5.4124625891954853e-14
28950.056 7.825768563696174e-14
29000.056 3.682744186673355e-14
29050.056 7.973526266589159e-14
29100.056 1.6835522010801013e-14
29150.056 7.87287555975025e-15
29200.056 3.6891883575624843e-13
29250.056 9.098401536286072e-14
29300.056 3.413051468332419e-14
29350.056 1.4244948708436479e-13
29400.056 1.36194636846847e-13
29450.056 1.8428474234172612e-14
29500.056 2.4768735059829984e-13
29550.056 6.040905413217493e-14
29600.056 2.56238568347482e-14
29650.056 2.6449409433492934e-13
29700.056 4.5674776610071874e-14
29750.056 3.5623730791442504e-13
29800.056 6.931181311202776e-14
29850.056 2.941901657853713e-13
29900.056 7.08622564166703e-14
29950.056 9.995778575132755e-14
30000.056 2.9627786804231874e-16
30050.056 1.864822156809066e-14
30100.056 1.2289618925417145e-13
30150.056 3.6649985832654643e-13
30200.056 3.0011243488777995e-13
30250.056 2.523225934065698e-13
30300.056 4.753251550728211e-13
30350.056 7.235745319917099e-14
30400.056 5.821541599053382e-13
30450.056 1.034037292948845e-12
30500.056 7.604876285507247e-14
30550.056 9.532129246132377e-14
30600.056 7.049943866293573e-12
30650.056 1.6907330279220397e-12
30700.056 1.2842235655125174e-13
30750.056 8.004062801674891e-13
30800.056 2.919621504571094e-12
30850.056 2.009818445202436e-12
30900.056 8.023633311719783e-13
30950.056 3.9188205105722357e-13
31000.056 5.490450634326449e-13
31050.056 1.1297288785942227e-13
31100.056 1.1490510039487907e-13
31150.056 3.549784800161877e-13
31200.056 3.0701828716685598e-12
31250.056 1.942175022421026e-12
31300.056 2.8291106623383175e-13
31350.056 3.1464198007185147e-12
31400.056 2.2936459044952796e-12
31450.056 1.8656348731746095e-12
31500.056 3.6371550686691323e-13
31550.056 1.050272671747724e-12
31600.056 1.002763331266627e-12
31650.056 6.858738081195421e-13
31700.056 3.4511739516732416e-13
31750.056 2.0244102011664217e-13
31800.056 2.9372787930497293e-13
31850.056 2.4683124489077916e-14
31900.056 7.7231836978061e-14
31950.056 4.358870888041008e-14
32000.056 2.1855341671619044e-14
32050.056 2.35377646899396e-14
32100.056 2.262398113778174e-14
32150.056 1.0455159504590756e-14
32200.056 3.197313482439733e-15
32250.056 8.574503046460694e-15
32300.056 1.1044287879268648e-15
32350.056 3.828751744400264e-15
32400.056 2.1386794662597627e-16
32450.056 2.245105270884494e-15
32500.056 1.7521236216949682e-16
32550.056 1.2818065365681739e-15
32600.056 8.382918376428093e-17
32650.056 2.7744162233869756e-15
32700.056 1.3245108836862656e-16
32750.056 9.600856972540388e-15
32800.056 2.2699845792125778e-15
32850.056 6.107265187400935e-14
32900.056 3.0901025339081376e-14
32950.056 5.5744109508023844e-14
33000.056 1.279042780423141e-14
33050.056 3.697906722366392e-15
33100.056 5.024455882611813e-16
33150.056 4.973474972451364e-19
33200.056 1.8959880792180822e-16
33250.056 3.020065662687253e-16
33300.056 8.549499631911281e-15
33350.056 4.691428925972824e-15
33400.056 5.747388351473055e-14
33450.056 2.082242702647985e-15
33500.056 3.087729213128945e-14
33550.056 2.9596395295041845e-15
33600.056 1.3786167838654548e-14
33650.056 1.6696935526871058e-14
33700.056 1.3519628672819974e-15
33750.056 1.9825848827065618e-14
33800.056 6.52903555120573e-16
33850.056 9.578458638077041e-15
33900.056 1.1256707390291792e-14
33950.056 1.4793058329396757e-14
34000.056 4.669007796860498e-14
34050.056 7.697541204822957e-15
34100.056 6.68002466189072e-14
34150.056 2.101308461972173e-14
34200.056 1.228019042912828e-13
34250.056 2.6139028003841268e-14
34300.056 5.461434180929592e-14
34350.056 5.552535725220388e-13
34400.056 4.0852026535680174e-14
34450.056 2.8118170581292763e-13
34500.056 5.32122780304117e-14
34550.056 3.131358321025264e-13
34600.056 1.6873611932400067e-12
34650.056 2.601749221648076e-14
34700.056 6.038540993734871e-13
34750.056 2.559774201426974e-13
34800.056 1.6392588120687464e-13
34850.056 8.910095626223877e-13
34900.056 6.447578773069134e-14
34950.056 1.8842344473936e-12
35000.056 1.4510490425636526e-12
35050.056 2.2641397553499412e-12
35100.056 3.364462228421111e-12
35150.056 2.3746551325352393e-12
35200.056 2.2703776052277343e-12
35250.056 5.237383382371256e-12
35300.056 8.29025867110721e-13
35350.056 2.486882654514076e-13
35400.056 1.528621918423877e-13
35450.056 2.0528872018539093e-13
35500.056 1.2895488940101021e-12
35550.056 6.977717438414076e-13
35600.056 2.4550038730905426e-12
35650.056 4.970987248270387e-12
35700.056 5.844373388543774e-12
35750.056 2.154680663629068e-12
35800.056 8.496232913433258e-13
35850.056 4.2554304449087505e-13
35900.056 5.644481784564754e-13
35950.056 1.521480757285692e-12
36000.056 2.3277724496692312e-12
36050.056 1.6442976896585725e-12
36100.056 1.5324702017842596e-12
36150.056 1.5765673758535602e-11
36200.056 7.40841339571059e-12
36250.056 2.917847937852286e-12
36300.056 1.8640473630397044e-11
36350.056 9.891948462558899e-12
36400.056 1.3154405405363066e-11
36450.056 9.489957176069969e-12
36500.056 7.868753649789531e-12
36550.056 3.2653145000004425e-11
36600.056 2.4908971241334288e-11
36650.056 1.0525989396859424e-11
36700.056 2.4951970358647715e-11
36750.056 3.474457247341028e-11
36800.056 4.905607358559849e-11
36850.056 9.314960649754609e-12
36900.056 1.471272405555434e-11
36950.056 5.3643758435893086e-11
37000.056 2.9333734207271293e-11
37050.056 5.722218246127861e-11
37100.056 8.988863145604368e-12
37150.056 1.996674395109595e-11
37200.056 8.715657344122187e-11
37250.056 4.6266226399413127e-11
37300.056 9.639114834578805e-12
37350.056 1.8260078015419952e-11
37400.056 3.465228106140817e-11
37450.056 9.594736278195244e-12
37500.056 2.3220608617402614e-11
37550.056 9.449193013371792e-11
37600.056 2.2949489956884256e-10
37650.056 2.0016665476530576e-11
37700.056 4.927653051355174e-11
37750.056 4.963765470210755e-11
37800.056 2.9644396985196555e-11
37850.056 1.4034676262472167e-11
37900.056 1.2211214096143765e-11
37950.056 3.781970313785404e-11
38000.056 3.3602335065127364e-11
38050.056 1.2242923343280258e-10
38100.056 1.3647056761417433e-10
38150.056 2.619041672990435e-10
38200.056 1.2954346446783082e-10
38250.056 2.8024459478626935e-10
38300.056 4.964142776231464e-10
38350.056 1.689366657260377e-10
38400.056 2.3435335344203298e-11
38450.056 3.713022646356201e-12
38500.056 6.026118102482636e-12
38550.056 6.329967037738082e-11
38600.056 9.901903979872493e-11
38650.056 9.108205154127856e-11
38700.056 2.225959348995629e-11
38750.056 7.138854384212229e-11
38800.056 5.6492091034607216e-11
38850.056 1.0381108541058586e-10
38900.056 1.2875800746989264e-10
38950.056 4.90016834251407e-11
39000.056 2.0634796170403296e-10
39050.056 2.4364665031428632e-11
39100.056 8.937365951922215e-11
39150.056 2.3509488133022615e-10
39200.056 1.1224250920460148e-10
39250.056 2.698291591890827e-10
39300.056 9.296212990939927e-11
39350.056 3.7157581474740385e-10
39400.056 1.0788411512678921e-10
39450.056 2.8003418198608254e-10
39500.056 2.528334741386895e-10
39550.056 5.07666580722344e-11
39600.056 2.9010069611277176e-10
39650.056 3.4414304420236264e-10
39700.056 4.2263241824582014e-10
39750.056 8.642728765427825e-11
39800.056 8.205698673522372e-11
39850.056 3.665372325890948e-10
39900.056 6.9666647202211e-10
39950.056 1.1154918909786815e-10
40000.056 3.015227833437514e-10
40050.056 4.389280540099537e-10
40100.056 7.514388611407862e-11
40150.056 3.521325244668658e-10
40200.056 4.4371366020493346e-10
40250.056 5.481591487227347e-10
40300.056 6.268595910439717e-10
40350.056 2.0194803096149122e-10
40400.056 2.6880034451374744e-10
40450.056 7.262603541292603e-11
40500.056 6.185056372247416e-10
40550.056 5.932829788477022e-10
40600.056 5.607955250359882e-10
40650.056 2.874320096629577e-10
40700.056 5.487108122870426e-10
40750.056 4.0099244916320676e-10
40800.056 1.7679246518523382e-10
40850.056 1.2240979594103192e-09
40900.056 1.0501853750336957e-09
40950.056 7.778346239466131e-10
41000.056 3.836955140085302e-10
41050.056 1.3533360081737567e-09
41100.056 1.1072755162351518e-09
41150.056 1.6001800755816444e-10
41200.056 1.6188267122223222e-09
41250.056 9.71722210294174e-10
41300.056 8.930281284594716e-10
41350.056 2.0111510005700403e-09
41400.056 1.2868087729298046e-09
41450.056 2.075060665499402e-09
41500.056 9.137619101260226e-10
41550.056 6.643044200653221e-10
41600.056 8.509393365390742e-10
41650.056 1.9142335193002944e-09
41700.056 3.2083963744696944e-09
41750.056 2.0405694383007982e-09
41800.056 1.876480243810159e-09
41850.056 1.73142557803066e-09
41900.056 9.52133173208302e-10
41950.056 8.812326743872485e-10
42000.056 8.581834212390535e-11
42050.056 3.0240183008163646e-10
42100.056 4.6059392223094297e-10
42150.056 7.359293431402483e-10
42200.056 1.4690323069987507e-09
42250.056 9.689725017544118e-10
42300.056 6.938339026894589e-10
42350.056 2.050986880344038e-09
42400.056 3.171657207330428e-09
42450.056 4.108286483000488e-09
42500.056 4.4192516328996966e-09
42550.056 3.3757918950396776e-09
42600.056 2.5745402460210327e-09
42650.056 4.2091341158190595e-09
42700.056 9.535209012831173e-10
42750.056 3.825598495540653e-09
42800.056 7.266802551900451e-09
42850.056 6.954266409398895e-09
42900.056 6.2983077502006335e-09
42950.056 5.103950902960455e-09
43000.056 6.178473614900124e-09
43050.056 2.150983311063557e-09
43100.056 3.711570824187435e-09
43150.056 3.6485161115901534e-09
43200.056 7.387483980600586e-09
43250.056 8.92478378440036e-09
43300.056 8.110946527000123e-09
43350.056 4.247912809258935e-09
43400.056 6.198567412400465e-09
43450.056 2.8460889433359357e-09
43500.056 2.0178452391901334e-09
43550.056 3.289236029830255e-09
43600.056 7.790183251700498e-09
43650.056 3.796413443940042e-09
43700.056 8.705714064102779e-09
43750.056 9.819758188798876e-09
43800.056 6.76030777294948e-09
43850.056 5.757631947570635e-09
43900.056 3.0982440494774385e-09
43950.056 2.188083118929931e-09
44000.056 2.7694977260597285e-09
44050.056 9.219504471900431e-09
44100.056 1.2348885072900329e-08
44150.056 1.0584544687939188e-08
44200.056 1.029720891180039e-08
44250.056 4.26825659779943e-09
44300.056 2.872470207060302e-09
44350.056 2.753159681275688e-09
44400.056 2.377556784180091e-09
44450.056 7.084239821411137e-09
44500.056 6.278235386860397e-09
44550.056 9.15573615139997e-09
44600.056 6.6731255472699e-09
44650.056 6.191540310100461e-09
44700.056 4.3816181997991405e-09
44750.056 8.329268597800923e-09
44800.056 3.816749171574166e-09
44850.056 5.3430692713601965e-09
44900.056 6.073642639219883e-09
44950.056 7.747164309701326e-09
45000.056 1.1015450659700083e-08
45050.056 7.83578051189905e-09
45100.056 7.151446553030199e-09
45150.056 5.106167852779145e-09
45200.056 3.653090381040366e-09
45250.056 4.729979867278944e-09
45300.056 4.70653880139046e-09
45350.056 2.7188858089807704e-09
45400.056 1.3061244506601047e-08
45450.056 8.189093236210733e-09
45500.056 1.2855065385800872e-08
45550.056 1.3382746817007318e-08
45600.056 9.285676011801079e-09
45650.056 8.34563690799963e-09
45700.056 4.371658749409671e-09
45750.056 3.807669605320415e-09
45800.056 1.1702329230700443e-08
45850.056 7.322123289100692e-09
45900.056 1.2940486951299399e-08
45950.056 1.4094218055599035e-08
46000.056 1.2188673720701005e-08
46050.056 7.659929117121776e-09
46100.056 1.6670875290198968e-08
46150.056 8.014654354199962e-09
46200.056 5.4842923362889935e-09
46250.056 1.5227849294659745e-09
46300.056 7.172521735480424e-09
46350.056 6.843322631270879e-09
46400.056 7.3458961853003504e-09
46450.056 5.774299335523605e-09
46500.056 7.78943082754091e-09
46550.056 2.9855641264095756e-09
46600.056 3.673894634401526e-09
46650.056 7.792446594310316e-09
46700.056 4.833751818198955e-09
46750.056 1.4140807877101975e-09
46800.056 7.660235859799444e-10
46850.056 6.16876104060115e-09
46900.056 9.182439143699657e-09
46950.056 9.971130202799605e-09
47000.056 1.0665841770800857e-08
47050.056 5.1446828049784615e-09
47100.056 3.986432574630195e-09
47150.056 7.173893307880889e-09
47200.056 7.723925176499438e-09
47250.056 2.7631953638993395e-09
47300.056 1.8675555931766078e-09
47350.056 7.79181752830099e-09
47400.056 8.998896401399376e-09
47450.056 4.107282354281963e-09
47500.056 9.170074432581156e-09
47550.056 9.105181072300023e-09
47600.056 5.452620477984098e-09
47650.056 6.879352470765879e-09
47700.056 5.007098564157745e-09
47750.056 3.807268024499997e-09
47800.056 2.2195651635802523e-09
47850.056 7.120425991251628e-10
47900.056 1.4934556828400882e-09
47950.056 5.5904509274004e-09
48000.056 7.665224149699236e-09
48050.056 5.357099950700154e-09
48100.056 2.2033664542942222e-09
48150.056 5.020069237500261e-09
48200.056 2.1815457207575305e-09
48250.056 3.627938209310123e-09
48300.056 6.819296187899865e-09
48350.056 3.2214040051994796e-09
48400.056 4.66859379994853e-10
48450.056 9.472261761422513e-10
48500.056 2.13379724350957e-09
48550.056 2.8353623873965827e-09
48600.056 7.0121228228998174e-09
48650.056 8.98212621339968e-09
48700.056 5.326455124300975e-09
48750.056 5.170421849200249e-09
48800.056 6.814405551400102e-09
48850.056 2.644399989989591e-09
48900.056 2.056596157401751e-09
48950.056 8.785733906899664e-10
49000.056 5.920149906321721e-10
49050.056 2.4697967151597073e-09
49100.056 4.319836332292812e-09
49150.056 3.5391505143802672e-09
49200.056 7.1100275697007706e-09
49250.056 7.077358232199703e-09
49300.056 5.064291286319585e-09
49350.056 1.4811939664945701e-09
49400.056 2.2447117676294112e-09
49450.056 1.678182663945338e-09
49500.056 1.124228179416743e-09
49550.056 1.7929820612599613e-10
49600.056 4.6392145391510083e-10
49650.056 2.197537753580402e-09
49700.056 3.2659165182996132e-09
49750.056 1.9474951413589936e-09
49800.056 1.048854859562091e-09
49850.056 3.6069821681805073e-09
49900.056 4.3421770940998476e-09
49950.056 4.111499020999928e-09
50000.056 1.5475330809725367e-09
50050.056 1.7981758826502612e-09
50100.056 1.6899704706998568e-09
50150.056 5.011791691658983e-10
50200.056 9.890590022402036e-11
50250.056 4.46943936630005e-10
50300.056 3.2793638995006937e-10
50350.056 1.925699687940327e-09
50400.056 2.9426976324795882e-09
50450.056 2.819896506480408e-09
50500.056 4.197021896329988e-09
50550.056 4.2729946257001165e-09
50600.056 2.201200577654546e-09
50650.056 4.647892170400441e-09
50700.056 3.6128941659997575e-09
50750.056 1.6980051951299168e-09
50800.056 3.549667333419173e-10
50850.056 1.720008267180538e-10
50900.056 1.2857758008701913e-09
50950.056 1.724808270639812e-09
51000.056 1.0253662430121337e-09
51050.056 2.5057529095498556e-09
51100.056 7.317714189469452e-10
51150.056 5.056894936121293e-10
51200.056 2.6606604216000874e-09
51250.056 2.100445101009721e-09
51300.056 1.246606072310108e-09
51350.056 6.78313405339838e-10
51400.056 1.7891354333503223e-10
51450.056 1.7270466080705894e-10
51500.056 1.823981853212517e-10
51550.056 6.840828603601374e-10
51600.056 1.0213803547501882e-09
51650.056 1.8003208507000761e-09
51700.056 1.409178399007721e-09
51750.056 8.869732082402087e-10
51800.056 2.154148027499961e-09
51850.056 1.611779210059914e-09
51900.056 1.13043140212997e-09
51950.056 4.749628387599314e-10
52000.056 9.580007930298704e-11
52050.056 2.5770853172500907e-10
52100.056 1.6495488063398248e-10
52150.056 1.0727472355262816e-10
52200.056 3.5665864557001445e-10
52250.056 6.138472405400877e-10
52300.056 5.833311899799449e-10
52350.056 1.737188163199872e-10
52400.056 2.0173799049099837e-10
52450.056 8.011001727700646e-10
52500.056 5.069641034979442e-10
52550.056 1.1077720688799895e-09
52600.056 1.1884649121300836e-09
52650.056 1.362394216799963e-09
52700.056 7.114227972599097e-10
52750.056 1.823151138549617e-10
52800.056 3.7332182351005113e-10
52850.056 4.3256780814991285e-10
52900.056 1.5108261849095957e-10
52950.056 2.4723944955803714e-10
53000.056 5.4490987039006e-10
53050.056 2.3122186682997424e-10
53100.056 9.146811529500326e-10
53150.056 7.191021200772115e-10
53200.056 3.56433833326722e-10
53250.056 5.201332301525933e-10
53300.056 6.630010517440716e-10
53350.056 5.155868673900313e-10
53400.056 3.4555005476992364e-10
53450.056 1.5035790936697934e-10
53500.056 5.361731703848351e-11
53550.056 8.792945688300426e-11
53600.056 2.1661039054105348e-10
