galfind/configs/Brown_Dwarf_templates/sonora_bobcat/m+0.5/178g/sp_t1400g178nc_m+0.5_resample.dat
# %ECSV 1.0
# ---
# datatype:
# - {name: wav, unit: Angstrom, datatype: float64}
# - {name: flux_nu, unit: erg / (cm2 Hz s), datatype: float64}
# meta: {C/O: '1.00', Kzz: '1.0000E+05', Teff: '1400.', Y: '0.28', '[Fe/H]': '0.50', f_hole: '1.00', f_rain: '0.00', grav: '178.'}
# schema: astropy-2.0
wav flux_nu
[from data line 499]
28950.056 5.478239930220053e-07
29000.056 4.549619438118908e-07
29050.056 4.769316762679311e-07
29100.056 3.8902036814307396e-07
29150.056 5.21086806315127e-07
29200.056 4.484498226760919e-07
29250.056 5.36945901922001e-07
29300.056 4.1855859978578353e-07
29350.056 6.345775658638492e-07
29400.056 4.847086962598924e-07
29450.056 5.13309032177986e-07
29500.056 5.267953298389161e-07
29550.056 5.103125298950163e-07
29600.056 5.587847172088616e-07
29650.056 5.316205009769399e-07
29700.056 4.684723080878641e-07
29750.056 5.844259983162713e-07
29800.056 6.010183602979419e-07
29850.056 5.806874756879154e-07
29900.056 5.360979761531939e-07
29950.056 6.136962254339015e-07
30000.056 6.114995568469014e-07
30050.056 5.712547572599339e-07
30100.056 4.966768064518425e-07
30150.056 7.043400899799449e-07
30200.056 6.023590741850308e-07
30250.056 6.463765242501767e-07
30300.056 6.130682105299325e-07
30350.056 5.708880664000483e-07
30400.056 6.916719893701008e-07
30450.056 5.534003848500656e-07
30500.056 4.896252703400717e-07
30550.056 6.120078782361228e-07
30600.056 6.194793384400642e-07
30650.056 6.0732641756994e-07
30700.056 5.61121391685987e-07
30750.056 5.359501773099999e-07
30800.056 5.665068466341076e-07
30850.056 4.838560468419123e-07
30900.056 5.050663906889353e-07
30950.056 4.478665331370882e-07
31000.056 4.639468451029748e-07
31050.056 4.6064209724999263e-07
31100.056 4.04706066521965e-07
31150.056 4.530695549189279e-07
31200.056 4.6708462149999964e-07
31250.056 4.2482650052397933e-07
31300.056 4.035852053869431e-07
31350.056 3.7644706269798574e-07
31400.056 3.4538954109208204e-07
31450.056 3.438492754639605e-07
31500.056 3.4735065068595213e-07
31550.056 3.3876233390200463e-07
31600.056 3.0981338358096876e-07
31650.056 3.012911921779908e-07
31700.056 2.983176811999701e-07
31750.056 2.738317395120908e-07
31800.056 3.2327318429396434e-07
31850.056 2.921295550210392e-07
31900.056 3.346493709699969e-07
31950.056 2.4469904127302204e-07
32000.056 2.945324229149689e-07
32050.056 3.263142522730226e-07
32100.056 3.160474202620225e-07
32150.056 3.402542525139683e-07
32200.056 3.0850099128999294e-07
32250.056 3.691163352470512e-07
32300.056 3.121719513069766e-07
32350.056 3.938071015340002e-07
32400.056 3.0444061157798853e-07
32450.056 3.827306972258645e-07
32500.056 3.961974758370936e-07
32550.056 4.1856409366499597e-07
32600.056 4.257558764739853e-07
32650.056 4.901945667400218e-07
32700.056 4.581738729500674e-07
32750.056 4.804696632500144e-07
32800.056 4.7060031954900465e-07
32850.056 5.085879002098781e-07
32900.056 5.685612774619492e-07
32950.056 4.98704883799935e-07
33000.056 4.842816796599312e-07
33050.056 4.459793319700872e-07
33100.056 3.5552405585995135e-07
33150.056 2.414349186510105e-07
33200.056 1.7200832755195288e-07
33250.056 1.3490926841595813e-07
33300.056 1.248639925110187e-07
33350.056 1.441956945080007e-07
33400.056 1.5840970133397657e-07
33450.056 1.8274960333499542e-07
33500.056 2.293965954600498e-07
33550.056 2.546003806460443e-07
33600.056 3.1397012519801214e-07
33650.056 3.6748662923004035e-07
33700.056 3.711644144539556e-07
33750.056 4.688313384800018e-07
33800.056 4.604053890679512e-07
33850.056 4.933506002099593e-07
33900.056 4.78944203639935e-07
33950.056 4.358258979399536e-07
34000.056 4.887311307099505e-07
34050.056 4.4114090406889606e-07
34100.056 5.221424911899568e-07
34150.056 4.7235101395988546e-07
34200.056 3.963104206478439e-07
34250.056 4.844855919698456e-07
34300.056 4.188961813417069e-07
34350.056 3.622833996999895e-07
34400.056 3.7477811087800486e-07
34450.056 4.3558174375996485e-07
34500.056 4.327533262900021e-07
34550.056 3.94254498501987e-07
34600.056 4.841975912200397e-07
34650.056 4.563206979099463e-07
34700.056 4.3996355292989437e-07
34750.056 4.916119906300321e-07
34800.056 4.694726179098168e-07
34850.056 4.277934042900139e-07
34900.056 5.148861886220054e-07
34950.056 4.5258690300988095e-07
35000.056 5.615358925750205e-07
35050.056 4.963178193099117e-07
35100.056 4.888025293599111e-07
35150.056 5.576028502460029e-07
35200.056 5.475480636600659e-07
35250.056 5.662915594199151e-07
35300.056 5.411624962900814e-07
35350.056 5.230303460798932e-07
35400.056 5.473821228101159e-07
35450.056 4.2448498224026605e-07
35500.056 6.21491446050011e-07
35550.056 6.009503140899458e-07
35600.056 5.407764282400894e-07
35650.056 6.631241991100413e-07
35700.056 5.518663762600513e-07
35750.056 6.307827638697714e-07
35800.056 7.847411045100056e-07
35850.056 6.115176295199605e-07
35900.056 7.978586135798793e-07
35950.056 7.359962003700352e-07
36000.056 7.041658271999964e-07
36050.056 8.082611119800477e-07
36100.056 8.110506015894449e-07
36150.056 7.774744210600823e-07
36200.056 9.07109265459875e-07
36250.056 8.159577413798404e-07
36300.056 9.662642274601876e-07
36350.056 9.020707689599089e-07
36400.056 8.766458916600295e-07
36450.056 1.0274904372199233e-06
36500.056 9.694582506299667e-07
36550.056 9.981113829803655e-07
36600.056 1.0675219079900537e-06
36650.056 1.0839503317598365e-06
36700.056 1.1823425788799725e-06
36750.056 1.144832354930157e-06
36800.056 1.1796342537599395e-06
36850.056 1.1904934852300563e-06
36900.056 1.2024636707801543e-06
36950.056 1.2805728217798478e-06
37000.056 1.3403682229699246e-06
37050.056 1.3007040507399027e-06
37100.056 1.3609305595601778e-06
37150.056 1.3417450629599016e-06
37200.056 1.415384559310099e-06
37250.056 1.4598275017599566e-06
37300.056 1.3758713216299016e-06
37350.056 1.3217356625002555e-06
37400.056 1.4806483734698482e-06
37450.056 1.4190792003101395e-06
37500.056 1.458536491549801e-06
37550.056 1.5129933894698771e-06
37600.056 1.6104186313398762e-06
37650.056 1.4864775130899533e-06
37700.056 1.6273805212400553e-06
37750.056 1.6030298040400315e-06
37800.056 1.6691835075401815e-06
37850.056 1.5229243614199395e-06
37900.056 1.5907514251402114e-06
37950.056 1.5989616850499236e-06
38000.056 1.6936715990801507e-06
38050.056 1.6946432142500667e-06
38100.056 1.5863654615902423e-06
38150.056 1.8399288498999129e-06
38200.056 1.872528498999937e-06
38250.056 1.643939604900257e-06
38300.056 1.6928163614199224e-06
38350.056 1.7884860014998907e-06
38400.056 1.7507894868197543e-06
38450.056 1.935224210000069e-06
38500.056 1.7636092055000366e-06
38550.056 1.8550362413200458e-06
38600.056 2.0421869275098298e-06
38650.056 1.8027689663800071e-06
38700.056 1.8659136410103332e-06
38750.056 1.9073926862000185e-06
38800.056 1.9016529094199825e-06
38850.056 1.8099928597401237e-06
38900.056 1.7982034662898958e-06
38950.056 1.9962594697999046e-06
39000.056 1.8720054978000446e-06
39050.056 1.9821301214198424e-06
39100.056 1.8042986058901882e-06
39150.056 1.9122075138000117e-06
39200.056 2.0085358480000927e-06
39250.056 1.9941580621995567e-06
39300.056 1.9305130593995594e-06
39350.056 1.9938075600601836e-06
39400.056 1.9517537716000515e-06
39450.056 1.963027724799896e-06
39500.056 1.8753892047298132e-06
39550.056 1.8908839392799101e-06
39600.056 2.093227790499815e-06
39650.056 1.8375445266999746e-06
39700.056 1.9091714420998633e-06
39750.056 1.8649992123598126e-06
39800.056 1.779965751599972e-06
39850.056 1.87830508851985e-06
39900.056 1.8744564492201651e-06
39950.056 1.963221725299818e-06
40000.056 1.7274776967500072e-06
40050.056 1.7676076319099947e-06
40100.056 1.931440981719977e-06
40150.056 1.757004959509774e-06
40200.056 1.7966548246297789e-06
40250.056 1.7022852185095248e-06
40300.056 1.6438704425701095e-06
40350.056 1.833733742600253e-06
40400.056 1.7867814834400563e-06
40450.056 1.7880311768001457e-06
40500.056 1.5939681608102832e-06
40550.056 1.8770471426998473e-06
40600.056 1.5418897244402596e-06
40650.056 1.6451988931499543e-06
40700.056 1.8015494794000876e-06
40750.056 1.545317126169374e-06
40800.056 1.4898600844500762e-06
40850.056 1.497419945320338e-06
40900.056 1.5001080582001234e-06
40950.056 1.5646310606299236e-06
41000.056 1.5661701681099916e-06
41050.056 1.5621598445097619e-06
41100.056 1.476558404209971e-06
41150.056 1.5221507531399855e-06
41200.056 1.4746009460200076e-06
41250.056 1.508505046990119e-06
41300.056 1.283775241819666e-06
41350.056 1.544395930130059e-06
41400.056 1.427131104670242e-06
41450.056 1.442202023690323e-06
41500.056 1.4802414101100335e-06
41550.056 1.4067587039900193e-06
41600.056 1.4504947096500545e-06
41650.056 1.349069243310253e-06
41700.056 1.2550040088398041e-06
41750.056 1.2240135712398431e-06
41800.056 1.220650023119877e-06
41850.056 1.0402177691601593e-06
41900.056 1.18807765592001e-06
41950.056 9.496257823102914e-07
42000.056 9.76862530970122e-07
42050.056 8.707089534497821e-07
42100.056 9.937379553401507e-07
42150.056 7.292128258597147e-07
42200.056 7.758809477500025e-07
42250.056 8.045141599301379e-07
42300.056 6.457177855400551e-07
42350.056 7.828732593602298e-07
42400.056 6.419314507901527e-07
42450.056 5.885869289101276e-07
42500.056 6.26585471610095e-07
42550.056 6.209746800200583e-07
42600.056 6.206702902401717e-07
42650.056 5.136098015697349e-07
42700.056 5.933792761102069e-07
42750.056 5.570787101099449e-07
42800.056 5.154002056202339e-07
42850.056 5.60101323139827e-07
42900.056 5.447048234000031e-07
42950.056 5.337176431297365e-07
43000.056 5.183143175400564e-07
43050.056 5.084930449402086e-07
43100.056 5.67731087610142e-07
43150.056 5.259558650801215e-07
43200.056 5.605842163601133e-07
43250.056 5.189454186398266e-07
43300.056 5.321568063600565e-07
43350.056 5.273757162399909e-07
43400.056 5.366532113800178e-07
43450.056 5.386735821301613e-07
43500.056 5.126672317499508e-07
43550.056 5.698667920900207e-07
43600.056 5.312928482900401e-07
43650.056 4.979636469100667e-07
43700.056 5.308187724797571e-07
43750.056 5.178356836401402e-07
43800.056 4.7351145376010925e-07
43850.056 5.161877208801146e-07
43900.056 5.307442196099905e-07
43950.056 5.036434782701973e-07
44000.056 5.089855411201194e-07
44050.056 5.250161732500853e-07
44100.056 5.29300204300086e-07
44150.056 5.296244687598534e-07
44200.056 5.014434513299189e-07
44250.056 5.348749216700219e-07
44300.056 5.241928608200332e-07
44350.056 4.99678330610017e-07
44400.056 5.352869308199737e-07
44450.056 5.454101933899875e-07
44500.056 5.667057870799762e-07
44550.056 5.21319704409914e-07
44600.056 5.550848062800412e-07
44650.056 5.53687524580083e-07
44700.056 5.44434469260022e-07
44750.056 5.679280116699474e-07
44800.056 6.050184072399824e-07
44850.056 5.715765984100924e-07
44900.056 5.555028514800645e-07
44950.056 5.33986674499996e-07
45000.056 5.833914059899667e-07
45050.056 5.779437605999551e-07
45100.056 6.043682711499768e-07
45150.056 5.713040135099649e-07
45200.056 5.387991270200334e-07
45250.056 5.511690203799474e-07
45300.056 5.916059138100248e-07
45350.056 6.129832165399689e-07
45400.056 5.859616018800593e-07
45450.056 5.441021875199242e-07
45500.056 5.650764317599793e-07
45550.056 6.085238823199735e-07
45600.056 5.647550245899846e-07
45650.056 5.28331528439906e-07
45700.056 6.229350482800391e-07
45750.056 5.57883059390006e-07
45800.056 5.516468523299787e-07
45850.056 6.469060737699634e-07
45900.056 6.398164416000411e-07
45950.056 5.584380864200089e-07
46000.056 6.469022126600243e-07
46050.056 6.391134331300878e-07
46100.056 5.451854000000649e-07
46150.056 6.124480595899816e-07
46200.056 6.35209327490109e-07
46250.056 5.40413133899992e-07
46300.056 6.79323094119989e-07
46350.056 5.85553687729939e-07
46400.056 6.011995665299468e-07
46450.056 6.398191616500647e-07
46500.056 5.727158343599587e-07
46550.056 7.049287658999778e-07
46600.056 6.512237790500347e-07
46650.056 8.257082591198608e-07
46700.056 7.6395541694025e-07
46750.056 6.105987276599536e-07
46800.056 6.655505786200795e-07
46850.056 7.117325788100807e-07
46900.056 6.757513234198914e-07
46950.056 7.47114508740015e-07
47000.056 6.234904498999986e-07
47050.056 7.579819684398802e-07
47100.056 5.858671786900586e-07
47150.056 6.4032456804006e-07
47200.056 6.95008264410113e-07
47250.056 6.136222879899567e-07
47300.056 6.342043111998637e-07
47350.056 5.693752375199078e-07
47400.056 6.979133938398977e-07
47450.056 5.897284514699728e-07
47500.056 6.976972149899132e-07
47550.056 6.068657047599603e-07
47600.056 6.944328436999601e-07
47650.056 5.177980319298857e-07
47700.056 7.13164579500058e-07
47750.056 5.040452445700988e-07
47800.056 7.076324799299247e-07
47850.056 5.436400250799168e-07
47900.056 6.856113382800326e-07
47950.056 5.284696696300694e-07
48000.056 7.649602264800072e-07
48050.056 5.858024615000692e-07
48100.056 6.596178244999927e-07
48150.056 5.97606967040081e-07
48200.056 7.00518608060075e-07
48250.056 5.839061930100126e-07
48300.056 7.576866464098464e-07
48350.056 5.438355770399763e-07
48400.056 6.828926439599931e-07
48450.056 5.741298413800126e-07
48500.056 7.773612240900263e-07
48550.056 5.504721032300165e-07
48600.056 7.122048524599485e-07
48650.056 5.77045089179969e-07
48700.056 7.06309558040053e-07
48750.056 5.232311968800364e-07
48800.056 7.881300181200259e-07
48850.056 5.625619574398942e-07
48900.056 7.35770780340061e-07
48950.056 6.687023656500142e-07
49000.056 6.319259794099001e-07
49050.056 7.073862845899979e-07
49100.056 6.318836547400477e-07
49150.056 6.881100825799787e-07
49200.056 6.366784080999788e-07
49250.056 6.889598827600139e-07
49300.056 5.907471011199618e-07
49350.056 6.437756662200028e-07
49400.056 7.382475818900396e-07
49450.056 6.383476560801439e-07
49500.056 6.708345570800005e-07
49550.056 5.812338350600013e-07
49600.056 6.532222040801412e-07
49650.056 6.795855694899913e-07
49700.056 5.93877604139932e-07
49750.056 8.539918415998932e-07
49800.056 6.428111049300344e-07
49850.056 8.330573788200639e-07
49900.056 6.518646961700384e-07
49950.056 7.171310040798624e-07
50000.056 6.958658474898655e-07
50050.056 6.999643846700446e-07
50100.056 7.494514494599479e-07
50150.056 6.234475269200266e-07
50200.056 5.855313436400613e-07
50250.056 7.171185792300087e-07
50300.056 6.618584084599707e-07
50350.056 7.898465086299941e-07
50400.056 6.752700717699723e-07
50450.056 6.734079069301086e-07
50500.056 8.349636830201238e-07
50550.056 7.003631152299867e-07
50600.056 7.567226264999894e-07
50650.056 7.223278990001316e-07
50700.056 7.899288238398266e-07
50750.056 8.212030328101026e-07
50800.056 6.018530070299202e-07
50850.056 7.067775539101335e-07
50900.056 7.905917880599627e-07
50950.056 7.747612264901517e-07
51000.056 8.967886952000843e-07
51050.056 6.75057695720067e-07
51100.056 6.508586578999358e-07
51150.056 7.603180727699339e-07
51200.056 7.637724181699765e-07
51250.056 7.962902576599484e-07
51300.056 6.638031239002369e-07
51350.056 7.365271892398717e-07
51400.056 6.660002970098701e-07
51450.056 5.272078405698961e-07
51500.056 6.811977772300396e-07
51550.056 9.035489065000836e-07
51600.056 6.285002848200709e-07
51650.056 7.324771783999075e-07
51700.056 7.020805279898092e-07
51750.056 6.524426213400533e-07
51800.056 7.973382806898082e-07
51850.056 7.85672808129919e-07
51900.056 8.42720863760158e-07
51950.056 7.74133194629943e-07
52000.056 6.232940541099646e-07
52050.056 7.370969754699591e-07
52100.056 6.743712739198938e-07
52150.056 6.841735560900277e-07
52200.056 6.525643805200059e-07
52250.056 7.06391002610009e-07
52300.056 8.06532724269987e-07
52350.056 8.297717765700835e-07
52400.056 6.065909864901013e-07
52450.056 7.316797438599967e-07
52500.056 8.144886383798726e-07
52550.056 7.714100419597812e-07
52600.056 7.495613945501128e-07
52650.056 8.396005116301328e-07
52700.056 7.205347340900081e-07
52750.056 6.026521666699428e-07
52800.056 6.800502666000614e-07
52850.056 6.520638516199039e-07
52900.056 7.121859574000371e-07
52950.056 7.168245663899247e-07
53000.056 8.129833132599392e-07
53050.056 6.733437494798584e-07
53100.056 6.589951226698438e-07
53150.056 8.593048136301012e-07
53200.056 5.842477382900544e-07
53250.056 8.42146645349989e-07
53300.056 8.192130754303419e-07
53350.056 8.035969996299095e-07
53400.056 7.74069350090073e-07
53450.056 6.591245840800365e-07
53500.056 5.549445827798923e-07
53550.056 7.01279474569912e-07
53600.056 7.755986291201391e-07
53650.056 6.364981741400614e-07
53700.056 6.587517462901325e-07
53750.056 7.061442262300194e-07
