galfind/configs/Brown_Dwarf_templates/sonora_bobcat/m+0.5/178g/sp_t225g178nc_m+0.5_resample.dat
# %ECSV 1.0
# ---
# datatype:
# - {name: wav, unit: Angstrom, datatype: float64}
# - {name: flux_nu, unit: erg / (cm2 Hz s), datatype: float64}
# meta: {C/O: '1.00', Kzz: '1.0000E+05', Teff: '225.', Y: '0.28', '[Fe/H]': '0.50', f_hole: '1.00', f_rain: '0.00', grav: '178.'}
# schema: astropy-2.0
wav flux_nu
4000.0559999999996 nan
4050.0559999999996 1.5624778382000272e-19
4100.056 2.6948209513000336e-18
4150.056 1.067373499810008e-17
4200.056 1.595989677740008e-17
4250.056 5.974120719900039e-17
4300.056 1.2411052481000047e-16
4350.056 2.228089652000009e-16
4400.056 3.5773553458000053e-16
4450.056 5.278736309000001e-16
4500.056 8.859601001300027e-16
4550.056 1.3343451906000038e-15
4600.056 1.6528565167000024e-15
4650.056 1.8749069777000008e-15
4700.056 1.811850265100001e-15
4750.056 1.628342730900001e-15
4800.056 1.4765799277999981e-15
4850.056 1.120263304659996e-15
4900.056 9.000047001099987e-16
4950.056 7.439516986299994e-16
5000.056 4.7427628240999715e-16
5050.056 2.6529031622500017e-16
5100.056 3.0379369804000406e-16
5150.056 4.1395713187999995e-16
5200.056 5.368321540200019e-16
5250.056 6.090666402200008e-16
5300.056 6.836830307100013e-16
5350.056 7.647310647400004e-16
5400.056 7.564574569200006e-16
5450.056 8.376334615500076e-16
5500.056 1.001358096130001e-15
5550.056 1.2102702393000007e-15
5600.056 1.3793312414000014e-15
5650.056 1.4902986225999994e-15
5700.056 1.3118560956400041e-15
5750.056 1.4127716627000034e-15
5800.056 1.3904700243999986e-15
5850.056 9.690823837899835e-16
5900.056 1.6193616292413326e-16
5950.056 1.077292131226046e-15
6000.056 2.405134535599983e-15
6050.056 5.867137910000056e-15
6100.056 1.156778361020012e-14
6150.056 1.9185783154000123e-14
6200.056 2.8774416244000143e-14
6250.056 3.4589420397999857e-14
6300.056 4.762975240599989e-14
6350.056 6.406270025999971e-14
6400.056 8.19010902540001e-14
6450.056 6.347038589229834e-14
6500.056 7.229964744440155e-14
6550.056 1.0717815265179523e-13
6600.056 1.730496351148044e-13
6650.056 3.136279267850035e-13
6700.056 4.812867610500039e-13
6750.056 7.410221373600052e-13
6800.056 8.349544950600016e-13
6850.056 7.481878061899978e-13
6900.056 3.907251712820935e-13
6950.056 1.0123882744462627e-13
7000.056 1.332373904824902e-13
7050.056 1.097615553935737e-13
7100.056 1.3284732797279749e-13
7150.056 5.738549244072087e-14
7200.056 8.941790551689553e-15
7250.056 8.437671079365392e-15
7300.056 1.1945125977998132e-14
7350.056 2.970998135010248e-14
7400.056 7.752996183998207e-14
7450.056 2.5383425934001383e-13
7500.056 5.129982215900031e-13
7550.056 8.032890272900044e-13
7600.056 1.0303095938500033e-12
7650.056 8.158889547099934e-13
7700.056 9.127316587700094e-13
7750.056 1.5565095230000089e-12
7800.056 1.6078606871999935e-12
7850.056 1.1315966212199617e-12
7900.056 1.031813976121012e-12
7950.056 1.425332080527985e-12
8000.056 1.035425462248994e-12
8050.056 1.0477844501800093e-12
8100.056 2.2183379609994928e-13
8150.056 1.352397986310926e-14
8200.056 1.345623191442667e-13
8250.056 1.8034225839518112e-13
8300.056 8.250135005211067e-14
8350.056 9.674264656923176e-14
8400.056 1.9215263537289213e-13
8450.056 5.743371852829105e-13
8500.056 9.377112322700063e-13
8550.056 1.4332087936800277e-12
8600.056 1.899849213200013e-12
8650.056 1.8548892062999904e-12
8700.056 9.70606393009984e-13
8750.056 6.095494381999905e-13
8800.056 2.551659996299784e-13
8850.056 8.423452916599193e-14
8900.056 3.377048943303375e-16
8950.056 1.1800309994510274e-17
9000.056 1.314004835667324e-17
9050.056 1.9999817682191997e-16
9100.056 5.029920119050417e-16
9150.056 1.7645636941934271e-15
9200.056 1.680450885185771e-14
9250.056 8.355758123282689e-15
9300.056 3.9342691877193074e-18
9350.056 7.903491310620718e-19
9400.056 6.841847017673731e-17
9450.056 1.705031793425288e-17
9500.056 2.5946225486829496e-17
9550.056 1.8886801069247752e-17
9600.056 7.570552125821488e-17
9650.056 4.50340497223923e-16
9700.056 8.224163131281729e-15
9750.056 2.5052678380912558e-15
9800.056 2.4745575065664204e-15
9850.056 2.491803774518823e-15
9900.056 3.476818860295085e-15
9950.056 2.9400513583055712e-15
10000.056 2.8752653963280563e-15
10050.056 2.9498065968599738e-15
10100.056 2.2198485594100553e-15
10150.056 7.749572178454139e-16
10200.056 3.74606832265773e-17
10250.056 2.2933991542297136e-17
10300.056 1.574740220255508e-16
10350.056 3.4642382529582034e-17
10400.056 6.734652723971507e-16
10450.056 2.055685198079797e-15
10500.056 1.1744636744612178e-14
10550.056 7.145318829080112e-14
10600.056 1.7592976613901193e-13
10650.056 2.328743864019989e-13
10700.056 1.558352095649939e-13
10750.056 1.6844913966146337e-13
10800.056 1.6125506873916112e-13
10850.056 1.2086620291630991e-13
10900.056 7.931551967293766e-14
10950.056 3.308049474013514e-14
11000.056 9.893936323720942e-15
11050.056 3.0959797238502813e-15
11100.056 3.8505864484849353e-16
11150.056 3.018210599909685e-17
11200.056 3.079677146919496e-18
11250.056 6.393012662576165e-19
11300.056 1.751816436076729e-17
11350.056 3.877444028436953e-19
11400.056 4.094913070217484e-17
11450.056 1.4858461295396975e-17
11500.056 1.6053086213175975e-17
11550.056 2.0174276042234494e-18
11600.056 6.344614135448454e-20
11650.056 2.552192779995908e-18
11700.056 6.2400581819158885e-18
11750.056 1.22254193340322e-18
11800.056 1.1751164736171768e-17
11850.056 5.798132923702551e-18
11900.056 9.047740937934433e-18
11950.056 2.5130442242524344e-17
12000.056 3.147998201820167e-17
12050.056 4.9139897040977785e-17
12100.056 5.188614886922699e-17
12150.056 7.224176923425588e-17
12200.056 7.012657575764317e-17
12250.056 7.136491035071425e-16
12300.056 2.88210679759873e-15
12350.056 3.997678399783204e-15
12400.056 1.6780847245154333e-14
12450.056 7.568296411160242e-14
12500.056 1.073259970258986e-13
12550.056 9.281333519359849e-14
12600.056 2.351337473709472e-13
12650.056 9.371551840119436e-13
12700.056 1.0830122127720014e-12
12750.056 2.993984209901153e-13
12800.056 9.294633733621593e-14
12850.056 1.7062398870180473e-14
12900.056 4.978050950631708e-15
12950.056 3.559727391393179e-15
13000.056 3.46490758363969e-15
13050.056 1.4833319504556688e-15
13100.056 9.752071643704707e-16
13150.056 2.2278250260937087e-16
13200.056 3.866238609483706e-16
13250.056 7.516108975721484e-16
13300.056 2.0236177446782346e-16
13350.056 1.0374886326368662e-16
13400.056 4.3593311531043954e-17
13450.056 4.149972690317222e-18
13500.056 1.8162535836248719e-19
13550.056 9.768028720047714e-21
13600.056 3.020831544268559e-22
13650.056 3.3230887944491726e-21
13700.056 1.0957288771173547e-21
13750.056 1.2055707099968822e-20
13800.056 1.0602724638100003e-20
13850.056 2.710781219264473e-21
13900.056 1.47113703313616e-20
13950.056 5.899342810465614e-21
14000.056 4.6297776833937245e-20
14050.056 2.986842798903909e-20
14100.056 5.550103187023804e-20
14150.056 8.360279293037325e-19
14200.056 7.379470463151329e-19
14250.056 1.8863570530436317e-18
14300.056 7.864721155812372e-18
14350.056 5.701216055513978e-18
14400.056 5.081587826583086e-18
14450.056 1.3447272234226673e-17
14500.056 4.995024544306485e-17
14550.056 2.043034615963472e-16
14600.056 1.5546490058437583e-16
14650.056 2.3190906723592282e-17
14700.056 6.985328168930282e-18
14750.056 6.8407765183617e-19
14800.056 1.3679055386056462e-18
14850.056 9.892082167478364e-19
14900.056 5.613813792897918e-19
14950.056 1.3917303365761824e-19
15000.056 8.118631107080259e-19
15050.056 6.88929182670192e-18
15100.056 4.011483060338339e-19
15150.056 3.689517399045589e-20
15200.056 3.028693053046164e-18
15250.056 5.458184843643009e-18
15300.056 1.4617848003010587e-17
15350.056 5.2876487421888595e-17
15400.056 2.8290158398851827e-17
15450.056 8.18060195658111e-17
15500.056 1.4149753392702313e-16
15550.056 1.4699897025925266e-15
15600.056 4.906560458314978e-15
15650.056 1.8672736185114987e-14
15700.056 7.428546018441858e-14
15750.056 1.2807505806874736e-13
15800.056 1.8428321292273398e-13
15850.056 3.278879839688952e-13
15900.056 5.102723552225378e-13
15950.056 9.482396513359831e-13
16000.056 9.908656779569761e-13
16050.056 5.777497653649716e-13
16100.056 2.2306058842591722e-13
16150.056 6.656366221188837e-14
16200.056 1.2524340512237911e-14
16250.056 2.330986323628516e-15
16300.056 3.4189820389265294e-16
16350.056 2.845225559213498e-16
16400.056 3.656156166261331e-16
16450.056 3.7310572882528636e-16
16500.056 3.273067564305495e-16
16550.056 3.002701406723349e-16
16600.056 3.1847343770363004e-15
16650.056 5.446937278382639e-16
16700.056 8.965751132439257e-17
16750.056 2.0343318554508755e-16
16800.056 7.815285193344283e-16
16850.056 7.161823728304737e-16
16900.056 7.181306765263321e-17
16950.056 3.5555700357302754e-17
17000.056 8.855142053259842e-18
17050.056 1.2170140997894012e-17
17100.056 1.3006946011659698e-16
17150.056 3.28786942456825e-17
17200.056 4.491458287484045e-16
17250.056 1.4515272101834005e-17
17300.056 2.3520206207056386e-17
17350.056 7.827304248249092e-17
17400.056 3.27186864954584e-16
17450.056 5.023853511512249e-16
17500.056 1.6367623701827323e-15
17550.056 1.4522619819334873e-15
17600.056 1.7661172715753253e-15
17650.056 3.9789834892651805e-16
17700.056 3.1393056120987154e-16
17750.056 1.9597135303272197e-16
17800.056 3.1333331566350544e-15
17850.056 1.8833186606614742e-16
17900.056 1.4006071837732233e-16
17950.056 1.263131463196733e-16
18000.056 2.313978987754726e-16
18050.056 1.7644782957664755e-16
18100.056 2.0490939444364293e-16
18150.056 5.1011924627129776e-17
18200.056 4.919915330815462e-17
18250.056 4.0472734372360723e-16
18300.056 1.6474939165456444e-17
18350.056 1.293404248248612e-17
18400.056 4.325147081466335e-18
18450.056 6.52356216522343e-17
18500.056 4.082956454549802e-17
18550.056 1.963450247714227e-17
18600.056 8.883861884576102e-17
18650.056 1.1107352617877945e-16
18700.056 6.444935781888246e-18
18750.056 8.902053912268767e-18
18800.056 3.036805890107138e-16
18850.056 1.6817978410463993e-16
18900.056 5.067867144379892e-16
18950.056 4.450399444789861e-16
19000.056 3.449907977640131e-17
19050.056 1.5769120271973855e-17
19100.056 7.379885292687186e-17
19150.056 3.3223973941577786e-17
19200.056 8.886679475042416e-17
19250.056 5.440031066154986e-17
19300.056 2.19205537519314e-17
19350.056 2.0978855084242198e-17
19400.056 1.0628373200727146e-17
19450.056 5.9551218964746064e-18
19500.056 3.661916736455529e-18
19550.056 2.788296777296606e-17
19600.056 9.005747190479034e-17
19650.056 4.433659357965129e-17
19700.056 1.206112034860327e-16
19750.056 3.1289305928943574e-16
19800.056 1.0390903404483398e-16
19850.056 1.475383999876803e-16
19900.056 3.9550642986931463e-16
19950.056 5.967356517651148e-16
20000.056 7.07559135558997e-16
20050.056 5.285932789821983e-16
20100.056 7.646465963763739e-16
20150.056 6.065502830551085e-16
20200.056 2.4797768469279795e-16
20250.056 1.7561246618368279e-15
20300.056 3.6644693885299824e-15
20350.056 5.129718416156931e-15
20400.056 3.202030586799586e-15
20450.056 7.961486847899712e-15
20500.056 9.084684036395633e-15
20550.056 1.0471505183734555e-14
20600.056 1.2033685122581932e-14
20650.056 1.428753557283307e-14
20700.056 1.658469478274041e-14
20750.056 1.7919686342468987e-14
20800.056 1.6119854996297317e-14
20850.056 2.0068360699400344e-14
20900.056 2.076577611200044e-14
20950.056 1.8757757185199812e-14
21000.056 1.7173875518699854e-14
21050.056 1.8349312934999713e-14
21100.056 1.7715479093899738e-14
21150.056 1.8216072630000576e-14
21200.056 1.7717239742500743e-14
21250.056 1.8325432590798434e-14
21300.056 1.630622812070081e-14
21350.056 1.6859841418948663e-14
21400.056 1.8448405339337448e-14
21450.056 1.3289496195155784e-14
21500.056 9.90173478933212e-15
21550.056 1.2173546406025087e-14
21600.056 1.0289551668136254e-14
21650.056 5.478439426271873e-15
21700.056 2.4727605228400502e-15
21750.056 4.095653066139552e-15
21800.056 2.6687571747799347e-15
21850.056 2.9306840847918454e-15
21900.056 1.6491884736570098e-15
21950.056 2.959048489177682e-16
22000.056 4.138796466481719e-18
22050.056 1.315456791422024e-17
22100.056 7.629068760584762e-17
22150.056 2.6711806190796854e-17
22200.056 1.9805921141664878e-17
22250.056 1.4602244830107737e-17
22300.056 1.2155208550682263e-18
22350.056 6.16415071450639e-18
22400.056 1.255335063516853e-18
22450.056 3.557499755650776e-18
22500.056 2.6430371831219225e-18
22550.056 2.300329904149885e-19
22600.056 1.0844793136338778e-19
22650.056 1.1853014785797202e-19
22700.056 2.791218742993063e-19
22750.056 1.2089041141638319e-18
22800.056 2.0231574268289645e-18
22850.056 1.12658540883106e-18
22900.056 5.189037922301009e-19
22950.056 1.5670024996375446e-19
23000.056 2.244066694038159e-19
23050.056 5.125090377380964e-20
23100.056 4.409706842495158e-17
23150.056 6.999681943605703e-17
23200.056 1.034793680429576e-19
23250.056 3.157353158359434e-18
23300.056 9.393312324886342e-19
23350.056 3.071613297234181e-18
23400.056 5.002098186613578e-18
23450.056 3.262184089340907e-19
23500.056 4.509259757844938e-19
23550.056 1.9127074347830536e-18
23600.056 1.4662140427444208e-17
23650.056 4.237945733975115e-17
23700.056 5.991319799421597e-19
23750.056 1.7290912672443566e-18
23800.056 3.8544676756073754e-17
23850.056 9.461742132397691e-18
23900.056 5.548550852981941e-17
23950.056 8.559826549102913e-18
24000.056 1.220890626595024e-16
24050.056 1.218541878577314e-16
24100.056 6.928202120410708e-16
24150.056 8.386088399424139e-16
24200.056 2.5182318883861672e-16
24250.056 1.6134263626906452e-16
24300.056 5.104226604251267e-16
24350.056 7.847013479822146e-16
24400.056 3.3474086364719e-15
24450.056 4.552669218744205e-15
24500.056 4.215224188403204e-15
24550.056 9.939246608958957e-15
24600.056 1.5105738894763736e-14
24650.056 3.584063627094159e-14
24700.056 2.2437408497893697e-14
24750.056 3.863952539172426e-14
24800.056 2.878325553217604e-14
24850.056 4.3673871649756564e-14
24900.056 2.8095130074495743e-14
24950.056 3.767459164916221e-14
25000.056 6.058443249499722e-14
25050.056 4.432164460615589e-14
25100.056 5.195743261026882e-14
25150.056 2.053851686425535e-14
25200.056 3.0378415966274985e-14
25250.056 1.4197537453638837e-14
25300.056 1.0127449547946737e-14
25350.056 8.136280289141375e-15
25400.056 1.4470843596899357e-14
25450.056 4.478592036888722e-15
25500.056 3.1394179628364736e-15
25550.056 5.8549938390817606e-15
25600.056 1.988650318927881e-15
25650.056 9.311164348574429e-16
25700.056 1.0221660729017885e-15
25750.056 3.8895563527891445e-16
25800.056 2.3576554887517157e-15
25850.056 4.164895152986921e-16
25900.056 2.355638265707846e-16
25950.056 4.962596336995753e-16
26000.056 1.3437469843214283e-15
26050.056 5.681940550134821e-16
26100.056 1.2129022018128959e-15
26150.056 8.558047206458154e-16
26200.056 1.1134475208371562e-15
26250.056 3.1293992558835606e-15
26300.056 1.57758674186609e-15
26350.056 3.999969078267063e-15
26400.056 8.851073031550909e-15
26450.056 9.660679556145943e-15
26500.056 1.6353161379171746e-14
26550.056 3.970471792167822e-15
26600.056 4.541482027740806e-15
26650.056 1.6509734973425284e-15
26700.056 2.1028442638295135e-15
26750.056 2.7231570319904006e-15
26800.056 6.506929736990868e-15
26850.056 4.834826016666591e-15
26900.056 1.0290786583639192e-14
26950.056 4.100694693235693e-15
27000.056 1.1422160408417465e-14
27050.056 1.853410606805886e-14
27100.056 3.7331418004804804e-15
27150.056 1.670640632272884e-14
27200.056 4.766740417175485e-15
27250.056 9.212644881959787e-15
27300.056 3.621136308290092e-14
27350.056 1.8794297471175263e-14
27400.056 4.745556040948811e-15
27450.056 2.5771411534502897e-14
27500.056 2.883436869612538e-14
27550.056 1.216000762928977e-14
27600.056 2.4324774797600818e-14
27650.056 1.1825705945160561e-14
27700.056 1.3819289399858227e-14
27750.056 3.3325747718304956e-14
27800.056 1.7982161862989226e-14
27850.056 2.6533781306706787e-14
27900.056 2.760401206487673e-14
27950.056 3.2432807243688865e-14
28000.056 4.9639771067356637e-14
28050.056 7.918845387298259e-15
28100.056 3.592704950697366e-14
28150.056 3.281507149841998e-14
28200.056 9.062106329767706e-15
28250.056 2.6751121206482183e-14
28300.056 1.853876859571806e-14
28350.056 4.6136753366869496e-15
28400.056 1.7844614482085674e-14
28450.056 9.731174185381664e-15
28500.056 6.424799207362663e-15
28550.056 7.91294128342148e-15
28600.056 1.993136372216472e-14
28650.056 4.888046075280991e-15
28700.056 1.598512301084455e-14
28750.056 1.561365527459984e-14
28800.056 2.5806833661588202e-15
28850.056 7.600736900517058e-14
