galfind/configs/Brown_Dwarf_templates/sonora_bobcat/m+0.5/178g/sp_t1500g178nc_m+0.5_resample.dat
# %ECSV 1.0
# ---
# datatype:
# - {name: wav, unit: Angstrom, datatype: float64}
# - {name: flux_nu, unit: erg / (cm2 Hz s), datatype: float64}
# meta: {C/O: '1.00', Kzz: '1.0000E+05', Teff: '1500.', Y: '0.28', '[Fe/H]': '0.50', f_hole: '1.00', f_rain: '0.00', grav: '178.'}
# schema: astropy-2.0
wav flux_nu
4000.0559999999996 nan
4050.0559999999996 1.556126435883646e-10
4100.056 4.919112349489769e-10
4150.056 4.901119529290526e-10
4200.056 4.0268725197554717e-10
4250.056 4.494908697111354e-10
4300.056 4.223975477000753e-10
4350.056 4.5169496696601926e-10
4400.056 5.211881593500817e-10
4450.056 4.810980901200103e-10
4500.056 5.010407293400317e-10
4550.056 6.08258301884026e-10
4600.056 6.461306749100136e-10
4650.056 6.226610184899352e-10
4700.056 7.350461152100489e-10
4750.056 7.721256074899564e-10
4800.056 5.568720518300188e-10
4850.056 5.356417479299925e-10
4900.056 5.482373562900034e-10
4950.056 4.210496405200022e-10
5000.056 2.008371461399848e-10
5050.056 9.734327952400352e-11
5100.056 8.192488074300221e-11
5150.056 7.260868820100437e-11
5200.056 6.782065937999745e-11
5250.056 5.678568261600064e-11
5300.056 4.652620896200012e-11
5350.056 3.770193049999989e-11
5400.056 3.029756041199992e-11
5450.056 2.4246689682999967e-11
5500.056 1.8958692986999945e-11
5550.056 1.4357118569999988e-11
5600.056 1.0523136718599942e-11
5650.056 7.306672395499971e-12
5700.056 4.67626849689997e-12
5750.056 2.6374130486999794e-12
5800.056 1.2451416089899849e-12
5850.056 4.611531488899922e-13
5900.056 9.511562427883971e-14
5950.056 1.1094956610600225e-12
6000.056 4.7017007153001005e-12
6050.056 1.4824163590200178e-11
6100.056 3.667479742900033e-11
6150.056 7.85772757580008e-11
6200.056 1.5183837594000134e-10
6250.056 2.70478037620002e-10
6300.056 4.5403700242000326e-10
6350.056 7.300320925400041e-10
6400.056 1.1221452379800061e-09
6450.056 1.6599630290000108e-09
6500.056 2.3372779529000102e-09
6550.056 3.2367687396999824e-09
6600.056 4.3930556334000654e-09
6650.056 5.607879670700163e-09
6700.056 4.159348041462795e-09
6750.056 8.256708532600131e-09
6800.056 1.047857052220034e-08
6850.056 1.2088955892100112e-08
6900.056 1.187469732400021e-08
6950.056 1.0862986088999775e-08
7000.056 1.0683738277799982e-08
7050.056 1.1268765975300054e-08
7100.056 1.1831561033899836e-08
7150.056 1.222192494359997e-08
7200.056 1.3474263303200084e-08
7250.056 1.4010886047999942e-08
7300.056 1.3339102504500125e-08
7350.056 1.1430239528399996e-08
7400.056 9.404099546800011e-09
7450.056 7.797353498399917e-09
7500.056 6.253774045299946e-09
7550.056 4.6475618364999655e-09
7600.056 2.7905444379999584e-09
7650.056 3.4764333633469807e-10
7700.056 1.1109971487897847e-10
7750.056 1.7867370164000537e-09
7800.056 4.318963101932487e-09
7850.056 9.721892875200091e-09
7900.056 1.4620188186000264e-08
7950.056 1.609483551525378e-08
8000.056 2.5852909651999866e-08
8050.056 3.48202186969987e-08
8100.056 4.543538046299989e-08
8150.056 5.860525401500108e-08
8200.056 6.434444831460219e-08
8250.056 8.603080626100322e-08
8300.056 9.866642469200704e-08
8350.056 1.1381029543399903e-07
8400.056 1.277442548379949e-07
8450.056 1.300453170589933e-07
8500.056 1.2920745570176945e-07
8550.056 1.4740687860200347e-07
8600.056 1.5148540162798642e-07
8650.056 1.3972414636597092e-07
8700.056 1.3969027226599374e-07
8750.056 1.5612006218700953e-07
8800.056 1.9079556925901993e-07
8850.056 2.1451618992997945e-07
8900.056 2.213006720030012e-07
8950.056 2.1496078325526097e-07
9000.056 2.7513960637200767e-07
9050.056 2.8898883143500636e-07
9100.056 3.310823454890021e-07
9150.056 3.5578863957800747e-07
9200.056 3.754266882759774e-07
9250.056 3.361863136858808e-07
9300.056 2.459615381017389e-07
9350.056 2.7173025356125587e-07
9400.056 3.10309561455671e-07
9450.056 3.472826783261619e-07
9500.056 3.644811517739486e-07
9550.056 3.9430386114327383e-07
9600.056 3.744700374735683e-07
9650.056 4.0346841635859947e-07
9700.056 4.3110708437343164e-07
9750.056 4.0906059275198237e-07
9800.056 4.411398807740927e-07
9850.056 4.686271601169869e-07
9900.056 4.167362305859688e-07
9950.056 3.8166974960696744e-07
10000.056 3.67165395579941e-07
10050.056 4.057833562599984e-07
10100.056 4.841139319499794e-07
10150.056 5.113353915498947e-07
10200.056 5.640774401299525e-07
10250.056 5.813146635999157e-07
10300.056 5.847367646500013e-07
10350.056 6.609700600599916e-07
10400.056 7.344385727299787e-07
10450.056 7.52016940040078e-07
10500.056 6.992993518499804e-07
10550.056 6.920952845600946e-07
10600.056 7.375510217000537e-07
10650.056 7.960761269400314e-07
10700.056 8.47970271570073e-07
10750.056 9.408648794600494e-07
10800.056 1.0318621816299883e-06
10850.056 1.1349094066498864e-06
10900.056 1.0629909628279282e-06
10950.056 8.872650710619738e-07
11000.056 8.600010310759559e-07
11050.056 7.450021079062022e-07
11100.056 7.334792682151836e-07
11150.056 7.154525695852436e-07
11200.056 7.227988938359565e-07
11250.056 8.340873016997275e-07
11300.056 8.076055402682019e-07
11350.056 6.34237732934899e-07
11400.056 6.071885699421823e-07
11450.056 7.340521346062629e-07
11500.056 8.67162961083542e-07
11550.056 7.900802766811643e-07
11600.056 8.503600407543497e-07
11650.056 8.583163449338313e-07
11700.056 6.767223059910709e-07
11750.056 6.786347458542365e-07
11800.056 7.013576538403972e-07
11850.056 9.186127618448831e-07
11900.056 9.640686221684858e-07
11950.056 1.0378938754139342e-06
12000.056 9.9814293955603e-07
12050.056 1.1513503772691727e-06
12100.056 1.1721664777369341e-06
12150.056 1.3233179633798627e-06
12200.056 1.3791801878296504e-06
12250.056 1.5044818747597058e-06
12300.056 1.6025101182302492e-06
12350.056 1.6331440090000912e-06
12400.056 1.535131934619926e-06
12450.056 1.3774795169200626e-06
12500.056 1.4858785007498801e-06
12550.056 1.5183663252400835e-06
12600.056 1.779224014500051e-06
12650.056 1.8162000788398888e-06
12700.056 1.968072935490234e-06
12750.056 1.9478940328100358e-06
12800.056 2.068907400410062e-06
12850.056 1.9555546185481653e-06
12900.056 1.8425763280568654e-06
12950.056 1.9204975065348333e-06
13000.056 1.935327366269475e-06
13050.056 1.9683928604978635e-06
13100.056 1.9354557958229994e-06
13150.056 1.867516978894023e-06
13200.056 1.7619167014979554e-06
13250.056 1.5621458751451134e-06
13300.056 1.1821909926139323e-06
13350.056 5.895847603130407e-07
13400.056 4.860499971457899e-07
13450.056 3.821322377725909e-07
13500.056 3.5205644774017436e-07
13550.056 3.1212630634205893e-07
13600.056 2.740016248186977e-07
13650.056 3.522533698524317e-07
13700.056 2.9896062689746764e-07
13750.056 3.005156344062803e-07
13800.056 3.661832299565768e-07
13850.056 3.502237547785796e-07
13900.056 3.5583198455158757e-07
13950.056 3.3560247322562526e-07
14000.056 3.1308662609943224e-07
14050.056 3.1677234608930987e-07
14100.056 2.705779545882784e-07
14150.056 2.940763248972378e-07
14200.056 2.60822114616398e-07
14250.056 2.5777164411627713e-07
14300.056 2.834119513023411e-07
14350.056 2.774037619253217e-07
14400.056 3.08403087408807e-07
14450.056 3.1865355432734794e-07
14500.056 3.925983940055448e-07
14550.056 4.1066271604168705e-07
14600.056 4.4453750715340555e-07
14650.056 4.4617132112278204e-07
14700.056 4.028658680261331e-07
14750.056 4.449226844323539e-07
14800.056 4.891692064737175e-07
14850.056 5.341031143752245e-07
14900.056 5.380168948512245e-07
14950.056 5.480520892680905e-07
15000.056 5.766719736584799e-07
15050.056 6.517663971192865e-07
15100.056 6.739715925330924e-07
15150.056 7.352334618581721e-07
15200.056 7.475418761969211e-07
15250.056 7.791192705299192e-07
15300.056 8.45068639651915e-07
15350.056 8.878962782949646e-07
15400.056 9.531165802240429e-07
15450.056 1.0211809761340998e-06
15500.056 1.0563184111948107e-06
15550.056 1.1470080318799362e-06
15600.056 1.1205903038801087e-06
15650.056 1.2125988890300876e-06
15700.056 1.3508594172005394e-06
15750.056 1.4403177817699005e-06
15800.056 1.4262823652304108e-06
15850.056 1.507412080509919e-06
15900.056 1.550364835880247e-06
15950.056 1.6490926093298065e-06
16000.056 1.687872108079912e-06
16050.056 1.744472560820046e-06
16100.056 1.8297848104601583e-06
16150.056 1.822278190670211e-06
16200.056 1.894144294879752e-06
16250.056 1.9327985835299644e-06
16300.056 1.9339060181899533e-06
16350.056 2.0367291977199863e-06
16400.056 2.078034597040142e-06
16450.056 2.1242686520200293e-06
16500.056 2.2166192029403655e-06
16550.056 2.2746561805001284e-06
16600.056 2.186401121590503e-06
16650.056 2.3419950037598855e-06
16700.056 2.2758968396598515e-06
16750.056 2.3442580767798413e-06
16800.056 2.4795139607198043e-06
16850.056 2.4400218728270507e-06
16900.056 2.395171117399881e-06
16950.056 2.341839076439946e-06
17000.056 2.3065689057801926e-06
17050.056 2.2839634262399667e-06
17100.056 2.0975078020714662e-06
17150.056 1.9874573404388667e-06
17200.056 1.798095120169863e-06
17250.056 1.65933554909183e-06
17300.056 1.6448000249686914e-06
17350.056 1.5270951822360203e-06
17400.056 1.5693617536830508e-06
17450.056 1.3845569910402432e-06
17500.056 1.3319153031064742e-06
17550.056 1.3091822127021253e-06
17600.056 1.2381590540419514e-06
17650.056 1.227617707692809e-06
17700.056 1.0032527983406943e-06
17750.056 9.233003105428565e-07
17800.056 9.81206497224078e-07
17850.056 8.141799660202161e-07
17900.056 8.481471479082904e-07
17950.056 8.039550361436519e-07
18000.056 7.33447097233007e-07
18050.056 7.09382263690494e-07
18100.056 6.760499251876368e-07
18150.056 8.127587231001023e-07
18200.056 5.925557362706288e-07
18250.056 7.955526538559501e-07
18300.056 7.331692966137744e-07
18350.056 6.497373857347906e-07
18400.056 6.492855663970679e-07
18450.056 5.843246527327951e-07
18500.056 6.224706199309435e-07
18550.056 5.666293330596446e-07
18600.056 4.6856662236268643e-07
18650.056 5.333245726390693e-07
18700.056 5.844981793133368e-07
18750.056 5.736497538747807e-07
18800.056 6.280730791715971e-07
18850.056 7.331654372889407e-07
18900.056 7.094342356133685e-07
18950.056 7.56902265121178e-07
19000.056 7.814839486939122e-07
19050.056 7.298206758957857e-07
19100.056 8.106978100414571e-07
19150.056 8.153874738755341e-07
19200.056 8.16689321283973e-07
19250.056 7.632808704365754e-07
19300.056 8.065183087510909e-07
19350.056 7.433069506349519e-07
19400.056 6.22832833708803e-07
19450.056 7.865408141138709e-07
19500.056 7.761770831762072e-07
19550.056 6.201360476879241e-07
19600.056 7.558932838997705e-07
19650.056 7.589687363839646e-07
19700.056 7.681526118082788e-07
19750.056 7.202452837093859e-07
19800.056 7.634805127096795e-07
19850.056 8.110698276474473e-07
19900.056 6.898775701860837e-07
19950.056 8.691258606170394e-07
20000.056 7.604959850191008e-07
20050.056 8.347660999504395e-07
20100.056 8.898731861914401e-07
20150.056 8.9513806861295e-07
20200.056 9.390820399557743e-07
20250.056 1.0061311510689479e-06
20300.056 1.012891032789026e-06
20350.056 1.0782397956038197e-06
20400.056 1.0686134581605063e-06
20450.056 1.1785074106297866e-06
20500.056 1.1890582192280953e-06
20550.056 1.2099314848160795e-06
20600.056 1.3410516837403198e-06
20650.056 1.321465890275409e-06
20700.056 1.3896914406602102e-06
20750.056 1.4506921449597498e-06
20800.056 1.5252553605901015e-06
20850.056 1.5108048095598636e-06
20900.056 1.6137507184997262e-06
20950.056 1.6506635285599663e-06
21000.056 1.7584534918999506e-06
21050.056 1.7720799391700102e-06
21100.056 1.80415759298994e-06
21150.056 1.9359037912700513e-06
21200.056 1.9038143044901287e-06
21250.056 2.04409823115984e-06
21300.056 1.960639312919943e-06
21350.056 2.1567729028200274e-06
21400.056 2.0404866672002244e-06
21450.056 2.293882384299988e-06
21500.056 2.1453024319102255e-06
21550.056 2.2054615931998903e-06
21600.056 2.2802988766902774e-06
21650.056 2.2278357861002134e-06
21700.056 2.4034271955399977e-06
21750.056 2.2820575244999576e-06
21800.056 2.2741514723297058e-06
21850.056 2.259305616809954e-06
21900.056 2.3410422324602243e-06
21950.056 2.2137203307401754e-06
22000.056 2.197991881840233e-06
22050.056 2.045677502459582e-06
22100.056 2.2062647714801327e-06
22150.056 2.222109905970109e-06
22200.056 2.1174597224005223e-06
22250.056 2.2427508592703565e-06
22300.056 2.2020050373197734e-06
22350.056 2.0888049240003086e-06
22400.056 2.1796933754301046e-06
22450.056 2.1008508801497654e-06
22500.056 2.1618918813499996e-06
22550.056 2.054027524919376e-06
22600.056 2.1064013652701104e-06
22650.056 2.0141227756286255e-06
22700.056 1.9894099523204585e-06
22750.056 2.1046553465700536e-06
22800.056 1.947438751193974e-06
22850.056 1.9646860152003354e-06
22900.056 2.0191022111528343e-06
22950.056 1.2299426999881023e-06
23000.056 1.3823989520521189e-06
23050.056 1.5119939456837439e-06
23100.056 1.4631953350368385e-06
23150.056 1.5296177780403184e-06
23200.056 1.3813387861491213e-06
23250.056 1.1361592838248077e-06
23300.056 1.1969609928702227e-06
23350.056 1.258046633113995e-06
23400.056 1.2017347054931744e-06
23450.056 1.2709307703040696e-06
23500.056 1.2879479118589368e-06
23550.056 1.1657348349103095e-06
23600.056 1.1569905343761875e-06
23650.056 1.2749537158058464e-06
23700.056 1.1564995105299214e-06
23750.056 1.1608421615282558e-06
23800.056 1.1451809838590646e-06
23850.056 9.93159056031144e-07
23900.056 1.1818088937389478e-06
23950.056 1.24587988366345e-06
24000.056 1.170937262849514e-06
24050.056 1.1991001269140194e-06
24100.056 1.0424335378537215e-06
24150.056 1.053459473961532e-06
24200.056 1.0708416504914893e-06
24250.056 1.014984676903173e-06
24300.056 1.0119950633310118e-06
24350.056 8.923351433991371e-07
24400.056 1.0311540412928943e-06
24450.056 8.763304887407525e-07
24500.056 8.270417711758818e-07
24550.056 8.144282559771437e-07
24600.056 8.634015262291351e-07
24650.056 9.370611225660068e-07
24700.056 7.39460155120906e-07
24750.056 7.138202346073222e-07
24800.056 6.872475006311914e-07
24850.056 8.387535660419493e-07
24900.056 5.866122942914147e-07
24950.056 7.818520222798694e-07
25000.056 6.915872565020472e-07
25050.056 5.191443130361174e-07
25100.056 6.47613345513025e-07
25150.056 5.30893344001969e-07
25200.056 5.789233453129078e-07
25250.056 5.237711370259033e-07
25300.056 6.084018539500314e-07
25350.056 4.70592611906066e-07
25400.056 5.673890844751747e-07
25450.056 4.684456164839677e-07
25500.056 5.039197314381788e-07
25550.056 4.777384970300583e-07
25600.056 4.91762807394989e-07
25650.056 4.253245582519767e-07
25700.056 5.870925174717436e-07
25750.056 3.878938998791073e-07
25800.056 5.686078014281279e-07
25850.056 4.502070660218662e-07
25900.056 5.402889991730407e-07
25950.056 4.327039331919485e-07
26000.056 5.693215422032258e-07
26050.056 5.649645926170537e-07
26100.056 5.950075314379109e-07
26150.056 5.753918779618728e-07
26200.056 5.538968069299634e-07
26250.056 5.935778944760927e-07
26300.056 5.735183721170679e-07
26350.056 6.233678478819259e-07
26400.056 6.451080745607825e-07
26450.056 6.431813816550646e-07
26500.056 6.704888226617003e-07
26550.056 5.861690427467721e-07
26600.056 7.147902199227824e-07
26650.056 5.002392533098803e-07
26700.056 5.014279281850318e-07
26750.056 4.165124054967478e-07
26800.056 5.155125210508449e-07
26850.056 3.8985844708494703e-07
26900.056 5.492495340630713e-07
26950.056 3.7045128719996626e-07
27000.056 5.280017324730794e-07
27050.056 4.403725699900476e-07
27100.056 4.4244896892788707e-07
27150.056 5.041180230730455e-07
27200.056 4.778294641201825e-07
27250.056 4.652822314322403e-07
27300.056 5.761610887639621e-07
27350.056 5.421087633488473e-07
27400.056 4.206423308969408e-07
27450.056 6.334132264057041e-07
27500.056 5.791167367127856e-07
27550.056 5.016390786390464e-07
27600.056 6.460182913818634e-07
27650.056 4.672626816529079e-07
27700.056 4.4165503736811226e-07
27750.056 6.272543933676978e-07
27800.056 4.302412267728803e-07
27850.056 4.886892949296664e-07
27900.056 5.182226708550876e-07
27950.056 6.220956697629422e-07
28000.056 5.755900868352292e-07
28050.056 4.0722685652911433e-07
28100.056 6.548502167972476e-07
28150.056 5.052684002970374e-07
28200.056 4.1830312212305205e-07
28250.056 5.847063920030405e-07
28300.056 6.898226629770186e-07
28350.056 4.844432250678389e-07
28400.056 5.359144731239707e-07
28450.056 5.846142922658332e-07
28500.056 5.784484332578637e-07
28550.056 3.898952896818404e-07
28600.056 6.820231507019198e-07
28650.056 6.220464615138783e-07
28700.056 5.641516529339058e-07
28750.056 6.525709781520298e-07
28800.056 6.032057810321314e-07
28850.056 6.606127147981285e-07
