galfind/configs/Brown_Dwarf_templates/sonora_bobcat/m+0.5/178g/sp_t200g178nc_m+0.5_resample.dat
# %ECSV 1.0
# ---
# datatype:
# - {name: wav, unit: Angstrom, datatype: float64}
# - {name: flux_nu, unit: erg / (cm2 Hz s), datatype: float64}
# meta: {C/O: '1.00', Kzz: '1.0000E+05', Teff: '200.', Y: '0.28', '[Fe/H]': '0.50', f_hole: '1.00', f_rain: '0.00', grav: '178.'}
# schema: astropy-2.0
wav flux_nu
[from data line 498]
28900.056 5.062933101760424e-16
28950.056 5.947943954620115e-16
29000.056 4.740650826040319e-16
29050.056 1.0471061531218828e-15
29100.056 3.004325700457568e-17
29150.056 9.471921140569883e-18
29200.056 4.198252228217563e-15
29250.056 8.58034193290407e-16
29300.056 5.786255613181247e-17
29350.056 8.861299603118201e-16
29400.056 1.1525730794041104e-15
29450.056 1.437278468057373e-16
29500.056 1.5515170374564051e-15
29550.056 1.269607873145721e-15
29600.056 6.849506531332276e-17
29650.056 8.646846644106257e-16
29700.056 1.5804264022642033e-15
29750.056 6.09446440385041e-15
29800.056 3.1269280924877974e-16
29850.056 2.6766377061966815e-15
29900.056 4.898054773338471e-16
29950.056 5.028728833553008e-16
30000.056 8.4587248316315065e-19
30050.056 3.5851288247332926e-16
30100.056 1.3080470869600312e-15
30150.056 1.6099834658986076e-15
30200.056 1.0427164800086303e-14
30250.056 2.179109096363083e-15
30300.056 2.5025168667961145e-15
30350.056 3.649677021949256e-15
30400.056 9.736224236935276e-15
30450.056 1.912517427663512e-14
30500.056 1.100040412797405e-15
30550.056 1.1005342516639123e-15
30600.056 1.7326459314505404e-13
30650.056 3.830864797838071e-14
30700.056 3.3378958945254653e-16
30750.056 7.314471573296134e-15
30800.056 9.243606186955757e-14
30850.056 6.990100061956008e-14
30900.056 1.8816859971191768e-14
30950.056 1.4373716972399148e-14
31000.056 1.1994298454419464e-14
31050.056 9.068544928764006e-16
31100.056 8.011598186419447e-16
31150.056 8.159524918193883e-15
31200.056 5.375775708671985e-14
31250.056 7.087720974299378e-14
31300.056 2.5433410294036833e-15
31350.056 6.384005276191884e-14
31400.056 9.014840819027504e-14
31450.056 3.9273303229111174e-14
31500.056 6.6321849003286666e-15
31550.056 2.6846147033035715e-14
31600.056 2.9839088057584804e-14
31650.056 1.491553408890829e-14
31700.056 7.969774907187576e-15
31750.056 4.3075344965585714e-15
31800.056 5.409494995173685e-15
31850.056 2.6790650924558617e-16
31900.056 1.088237241106615e-15
31950.056 4.832071102267648e-16
32000.056 2.8290110526389756e-16
32050.056 1.4139144776330562e-16
32100.056 1.2649267273734332e-16
32150.056 3.961950173189758e-17
32200.056 1.0950739040589098e-17
32250.056 2.7086398816504605e-17
32300.056 3.017543606989895e-18
32350.056 8.580877314904518e-18
32400.056 4.375183559999552e-19
32450.056 4.35027899253456e-18
32500.056 2.637653755297155e-19
32550.056 1.95840662060436e-18
32600.056 7.119027949577891e-20
32650.056 2.7411238876085284e-18
32700.056 1.0268466644845948e-19
32750.056 7.113204816759339e-18
32800.056 1.433485081187166e-18
32850.056 4.541027903122882e-17
32900.056 1.4307902279690464e-17
32950.056 5.14265227526647e-17
33000.056 1.2293380275767888e-17
33050.056 4.358181013774015e-18
33100.056 6.994903539526853e-19
33150.056 2.1649495823028514e-21
33200.056 7.100419961622725e-19
33250.056 1.0139051912448024e-18
33300.056 2.9310976531235654e-17
33350.056 5.844236357062923e-18
33400.056 7.111198706128759e-17
33450.056 1.943212907635765e-18
33500.056 3.3440514175646474e-17
33550.056 4.42792506102738e-18
33600.056 1.8486154403427356e-17
33650.056 3.1159212195545306e-17
33700.056 2.97308115842917e-18
33750.056 4.478867867494984e-17
33800.056 1.7477852627039577e-18
33850.056 2.5384486685412647e-17
33900.056 3.226383902049492e-17
33950.056 5.031163305117551e-17
34000.056 1.8474321851875335e-16
34050.056 2.6507170984206423e-17
34100.056 2.764300007603622e-16
34150.056 1.205052040781379e-16
34200.056 8.108553890155176e-16
34250.056 1.160029639134266e-16
34300.056 2.5398282182779744e-16
34350.056 6.635060246482428e-15
34400.056 2.723458111158864e-16
34450.056 1.7909172348573495e-15
34500.056 2.869252404607469e-16
34550.056 4.152037917115764e-15
34600.056 3.272064053866369e-14
34650.056 1.3903225137000475e-16
34700.056 7.74278673575578e-15
34750.056 1.62343652891463e-15
34800.056 1.1762789946996554e-15
34850.056 4.963266471972434e-15
34900.056 9.506623528822673e-16
34950.056 1.4239019725263568e-14
35000.056 7.973384796639655e-15
35050.056 3.6470129583674224e-14
35100.056 2.802290735266272e-14
35150.056 4.886436450122705e-14
35200.056 8.226923384154016e-14
35250.056 1.3243225264678708e-13
35300.056 6.424099161387512e-15
35350.056 5.013229325402395e-16
35400.056 3.384893466266783e-16
35450.056 5.447585713994854e-16
35500.056 5.674876999986701e-15
35550.056 4.347023895595038e-15
35600.056 2.025703285275799e-14
35650.056 4.383370082219029e-14
35700.056 7.280555457456009e-14
35750.056 1.2156343366161301e-14
35800.056 4.544545084596085e-15
35850.056 2.512453247908179e-15
35900.056 5.366342512420845e-15
35950.056 2.4618745226266322e-14
36000.056 3.919105721191733e-14
36050.056 3.4625096971421455e-14
36100.056 2.600048941603722e-14
36150.056 7.261337463049888e-13
36200.056 1.2330670680638004e-13
36250.056 4.0533345581009034e-14
36300.056 4.0057291092719376e-13
36350.056 3.580133009279969e-13
36400.056 2.2154083113150086e-13
36450.056 1.8711528410640888e-13
36500.056 1.1391023904736475e-13
36550.056 1.1173644263387714e-12
36600.056 8.488476806647528e-13
36650.056 2.3252895230547053e-13
36700.056 9.59164749049664e-13
36750.056 1.6103555250878888e-12
36800.056 2.146822917364825e-12
36850.056 2.7635944518680785e-13
36900.056 2.6989233591052743e-13
36950.056 2.6508433325762877e-12
37000.056 1.875766893716324e-12
37050.056 2.953824432112992e-12
37100.056 1.5097619575461065e-13
37150.056 4.227532943627921e-13
37200.056 5.166328129410819e-12
37250.056 2.835908992354837e-12
37300.056 2.6591898839510006e-13
37350.056 2.89176213508114e-13
37400.056 6.390201580413414e-13
37450.056 2.3198636463137355e-13
37500.056 5.375122276554573e-13
37550.056 3.5873683811871775e-12
37600.056 1.2600632826694833e-11
37650.056 4.1719563522774403e-13
37700.056 1.4700097383231024e-12
37750.056 1.9609827145420673e-12
37800.056 8.943101319598523e-13
37850.056 6.29553928374041e-13
37900.056 3.056687410709952e-13
37950.056 7.658677248826325e-13
38000.056 5.234434130476922e-13
38050.056 4.421393595400422e-12
38100.056 5.553751525692339e-12
38150.056 1.3469147153758302e-11
38200.056 5.872121880083802e-12
38250.056 1.5630341975154514e-11
38300.056 4.146215827514577e-11
38350.056 4.6347471398714995e-12
38400.056 2.5485195109947534e-13
38450.056 3.9067428438061195e-14
38500.056 1.968738638162778e-13
38550.056 3.317451694788893e-12
38600.056 7.755656396537798e-12
38650.056 3.491725223168637e-12
38700.056 3.403796517363541e-13
38750.056 2.9796979503827515e-12
38800.056 2.0948714654028542e-12
38850.056 4.267926964336564e-12
38900.056 6.575280071047834e-12
38950.056 1.9847098680509618e-12
39000.056 1.5033717643965463e-11
39050.056 4.688685583858624e-13
39100.056 2.431026572232042e-12
39150.056 1.1716958648240651e-11
39200.056 6.8478260765626545e-12
39250.056 1.0850624567129631e-11
39300.056 3.747834041326162e-12
39350.056 2.5704555291758834e-11
39400.056 4.216881689380108e-12
39450.056 1.7664593774492295e-11
39500.056 1.962820236152557e-11
39550.056 2.2118470079890574e-12
39600.056 1.9707343650696653e-11
39650.056 3.100539599627822e-11
39700.056 3.9987747273307894e-11
39750.056 4.655420436173228e-12
39800.056 2.749125923640505e-12
39850.056 2.173874129327463e-11
39900.056 7.057886404640976e-11
39950.056 7.109787223069687e-12
40000.056 1.9703273699845492e-11
40050.056 3.428050310717627e-11
40100.056 3.675736203438455e-12
40150.056 2.429583158216276e-11
40200.056 3.3076131350256214e-11
40250.056 4.854539980273923e-11
40300.056 6.66723600429975e-11
40350.056 1.3758996457576194e-11
40400.056 1.1755095892237976e-11
40450.056 2.9377420810346484e-12
40500.056 6.085204754676552e-11
40550.056 4.9744161522765945e-11
40600.056 7.807054375099728e-11
40650.056 2.666928794724373e-11
40700.056 2.5948996021950036e-11
40750.056 2.597959231665456e-11
40800.056 1.2323928910268976e-11
40850.056 1.4893683878163098e-10
40900.056 1.278262406209598e-10
40950.056 7.778714954730453e-11
41000.056 2.6113822785131533e-11
41050.056 1.5653516390536954e-10
41100.056 1.3460523346131219e-10
41150.056 9.949656836401557e-12
41200.056 2.3343254799076364e-10
41250.056 1.3910199300961e-10
41300.056 8.225860816029763e-11
41350.056 3.6606901249002534e-10
41400.056 2.0976016403396424e-10
41450.056 2.798462995429399e-10
41500.056 9.601607589567306e-11
41550.056 6.34687601269543e-11
41600.056 8.862562978332105e-11
41650.056 3.32671874928359e-10
41700.056 5.818690726399606e-10
41750.056 3.9017761762399357e-10
41800.056 3.702075442199965e-10
41850.056 2.398132658558615e-10
41900.056 1.0532958143631328e-10
41950.056 7.720324873203718e-11
42000.056 1.2969072037489604e-12
42050.056 1.1807260971348659e-11
42100.056 3.280667655778162e-11
42150.056 6.039811006064482e-11
42200.056 2.0418148832703091e-10
42250.056 1.3828104370995338e-10
42300.056 8.466097502248178e-11
42350.056 3.632652136946026e-10
42400.056 7.11433837020087e-10
42450.056 1.147161631330083e-09
42500.056 1.2731359795299855e-09
42550.056 9.334585738799414e-10
42600.056 5.041578590281644e-10
42650.056 7.570634520178448e-10
42700.056 1.2017250115339703e-10
42750.056 9.882815893801283e-10
42800.056 2.2233529356001317e-09
42850.056 2.118288950119802e-09
42900.056 1.6419710622800897e-09
42950.056 1.3261774458801716e-09
43000.056 1.5914109069199848e-09
43050.056 4.707670099092311e-10
43100.056 6.875342887736928e-10
43150.056 1.0748608685500726e-09
43200.056 2.359596913500107e-09
43250.056 2.39052496445004e-09
43300.056 2.272095134199971e-09
43350.056 1.3365620605497983e-09
43400.056 1.4772644505100254e-09
43450.056 4.5208227015232307e-10
43500.056 2.772834446244294e-10
43550.056 7.787659911000571e-10
43600.056 2.0879624266999743e-09
43650.056 1.0114592863400456e-09
43700.056 2.291815636610638e-09
43750.056 3.1124363271997505e-09
43800.056 1.6801128161999404e-09
43850.056 1.2503075650620991e-09
43900.056 5.675932966896684e-10
43950.056 5.73485842180048e-10
44000.056 8.831668298699312e-10
44050.056 2.704626787570251e-09
44100.056 3.6430432746000727e-09
44150.056 3.0170417837598116e-09
44200.056 2.851716223620012e-09
44250.056 1.2702044736899202e-09
44300.056 7.603937817000487e-10
44350.056 5.821210829631943e-10
44400.056 5.461818057220697e-10
44450.056 2.037295068170327e-09
44500.056 1.8949253436299954e-09
44550.056 2.6222101244000585e-09
44600.056 1.7743993793299702e-09
44650.056 1.7138167860001094e-09
44700.056 1.4119501677797397e-09
44750.056 2.4956768931501066e-09
44800.056 1.0610553321620207e-09
44850.056 1.3305238907200421e-09
44900.056 1.7990234743299931e-09
44950.056 2.569061260190366e-09
45000.056 3.649926551199963e-09
45050.056 2.444012392819721e-09
45100.056 2.2427859523101114e-09
45150.056 1.580646367899827e-09
45200.056 1.094265459830034e-09
45250.056 1.3846285480998062e-09
45300.056 1.29896241335007e-09
45350.056 7.045560201501444e-10
45400.056 3.641290041500134e-09
45450.056 2.1360973368502028e-09
45500.056 3.713947582700253e-09
45550.056 3.76638495144941e-09
45600.056 2.7919128665001983e-09
45650.056 2.746701994399798e-09
45700.056 1.2894489287999013e-09
45750.056 1.1117468384501328e-09
45800.056 3.1270727360000088e-09
45850.056 1.8290541935902375e-09
45900.056 3.816479420199966e-09
45950.056 4.6096808662996846e-09
46000.056 3.6191670010001775e-09
46050.056 2.0128924497703672e-09
46100.056 4.644771259699814e-09
46150.056 2.4820082967999605e-09
46200.056 1.5630297531397535e-09
46250.056 4.429142404780062e-10
46300.056 1.9619042829001677e-09
46350.056 1.867998356850088e-09
46400.056 2.0826083533901104e-09
46450.056 1.3254327879819112e-09
46500.056 2.1814831165601376e-09
46550.056 9.418191940498158e-10
46600.056 8.35114154965935e-10
46650.056 1.9801106007000854e-09
46700.056 1.3639608642898232e-09
46750.056 3.8636249359001863e-10
46800.056 2.2556415736598837e-10
46850.056 1.4056565782602627e-09
46900.056 2.4985237728999875e-09
46950.056 2.8670460935999617e-09
47000.056 3.191591418300114e-09
47050.056 1.3344697665596661e-09
47100.056 1.2666928166100036e-09
47150.056 1.8032400837001853e-09
47200.056 2.0959726616998955e-09
47250.056 7.153150017108267e-10
47300.056 5.273120479561621e-10
47350.056 1.992529091000202e-09
47400.056 2.552126408699939e-09
47450.056 1.014419182149934e-09
47500.056 2.1859910525103374e-09
47550.056 2.5213518496999414e-09
47600.056 1.184678794769826e-09
47650.056 1.5515184763739296e-09
47700.056 1.2533412129881339e-09
47750.056 1.1081294921099926e-09
47800.056 5.996631884099893e-10
47850.056 2.1513407630303411e-10
47900.056 4.0677901239501926e-10
47950.056 1.3761084013701267e-09
48000.056 1.704804030949808e-09
48050.056 1.2161271431700507e-09
48100.056 6.568688037100179e-10
48150.056 1.2678402539200467e-09
48200.056 5.035071208918889e-10
48250.056 8.604473639200665e-10
48300.056 1.3884029591999652e-09
48350.056 7.11263618949905e-10
48400.056 1.5978540370896812e-10
48450.056 2.5488393131305424e-10
48500.056 4.772759742899482e-10
48550.056 5.804409005491262e-10
48600.056 1.57466354440002e-09
48650.056 1.9587928978999866e-09
48700.056 1.456991093420123e-09
48750.056 1.5911602813999785e-09
48800.056 1.575084284819985e-09
48850.056 6.376202049299076e-10
48900.056 4.294166062279476e-10
48950.056 2.450426449139955e-10
49000.056 1.9458457035903418e-10
49050.056 5.75194775879948e-10
49100.056 9.408803637901502e-10
49150.056 8.94082777140016e-10
49200.056 1.6143773019000998e-09
49250.056 1.514690866429918e-09
49300.056 1.0234047683699072e-09
49350.056 3.8694421798508516e-10
49400.056 5.366598768228919e-10
49450.056 4.2858493222807283e-10
49500.056 3.089463580569495e-10
49550.056 9.996219895199674e-11
49600.056 1.6237057368502597e-10
49650.056 4.991833296600681e-10
49700.056 7.535649003099895e-10
49750.056 4.3527785622197415e-10
49800.056 2.9333166748302573e-10
49850.056 7.91732040880078e-10
49900.056 1.0424456453199886e-09
49950.056 9.307389813099678e-10
50000.056 3.846360327479242e-10
50050.056 3.8720879814305876e-10
50100.056 4.134436497299785e-10
50150.056 1.7744844708997583e-10
50200.056 6.1952038333007e-11
50250.056 1.783891976200031e-10
50300.056 1.439557675370175e-10
50350.056 4.67916843920043e-10
50400.056 6.778920143499734e-10
50450.056 7.695436870300437e-10
50500.056 8.777563024599997e-10
50550.056 9.692803477699844e-10
50600.056 5.010132478399695e-10
50650.056 9.303325207700228e-10
50700.056 7.377930076299601e-10
50750.056 4.29723855199975e-10
50800.056 1.5103874590397052e-10
50850.056 9.670739911102047e-11
50900.056 3.4352383650003356e-10
50950.056 4.274433987799692e-10
51000.056 2.8657045265403837e-10
51050.056 5.874864021299801e-10
51100.056 2.746020033789822e-10
51150.056 1.9334864876903256e-10
51200.056 5.728461688500267e-10
51250.056 5.037347794799624e-10
51300.056 3.650368237599954e-10
51350.056 2.1108094454096173e-10
51400.056 1.0107178819101382e-10
51450.056 9.702887794298179e-11
51500.056 1.0232596253802033e-10
51550.056 2.373015294400104e-10
51600.056 3.4169582368003117e-10
51650.056 4.888350610400143e-10
51700.056 3.9096322463192826e-10
51750.056 3.125952578050511e-10
51800.056 5.350275898100002e-10
51850.056 4.41165956639988e-10
51900.056 3.365117733299872e-10
51950.056 2.0131137317997872e-10
52000.056 6.556316643799269e-11
52050.056 1.2204525985099725e-10
52100.056 9.371181518900142e-11
52150.056 6.760263524801449e-11
52200.056 1.722876701400096e-10
52250.056 2.342511818600155e-10
52300.056 2.2952107230998854e-10
52350.056 1.026537583709974e-10
52400.056 1.1939822502400194e-10
52450.056 2.725078198200203e-10
52500.056 1.9100588564698926e-10
52550.056 3.404619286400015e-10
52600.056 3.7862296802001833e-10
52650.056 3.983510397199802e-10
52700.056 2.6909201175997814e-10
52750.056 9.722713191199064e-11
52800.056 1.6932769143201236e-10
52850.056 1.8946947763998268e-10
52900.056 8.984171502898328e-11
52950.056 1.2846752016701496e-10
53000.056 2.013626445200106e-10
53050.056 1.3278150896899597e-10
53100.056 2.6476475000000495e-10
53150.056 1.0263181920877738e-10
53200.056 5.906486894871657e-11
53250.056 8.952954921329182e-11
53300.056 1.5821835858810724e-10
53350.056 1.4421874762200175e-10
53400.056 1.3882844967798732e-10
53450.056 8.426190031299208e-11
53500.056 3.0448248960990795e-11
53550.056 5.453678285800292e-11
