galfind/configs/Brown_Dwarf_templates/sonora_bobcat/m+0.5/178g/sp_t300g178nc_m+0.5_resample.dat
# %ECSV 1.0
# ---
# datatype:
# - {name: wav, unit: Angstrom, datatype: float64}
# - {name: flux_nu, unit: erg / (cm2 Hz s), datatype: float64}
# meta: {C/O: '1.00', Kzz: '1.0000E+05', Teff: '300.', Y: '0.28', '[Fe/H]': '0.50', f_hole: '1.00', f_rain: '0.00', grav: '178.'}
# schema: astropy-2.0
wav flux_nu
[from data line 498]
28900.056 1.4354445500224615e-12
28950.056 2.013560741297409e-12
29000.056 9.487040177219566e-13
29050.056 1.835407847400336e-12
29100.056 6.715140399500445e-13
29150.056 5.661545245102256e-13
29200.056 5.935350763835004e-12
29250.056 2.753706937905178e-12
29300.056 1.5741294596256445e-12
29350.056 4.427823004478012e-12
29400.056 2.6719412657028473e-12
29450.056 5.998145761771082e-13
29500.056 6.089992884344548e-12
29550.056 1.331920095227935e-12
29600.056 1.1829093661776384e-12
29650.056 8.147979331662702e-12
29700.056 9.715190451279031e-13
29750.056 6.664480988374643e-12
29800.056 2.4379837098324385e-12
29850.056 6.955110469492962e-12
29900.056 2.0879547042845436e-12
29950.056 3.158059619391194e-12
30000.056 2.0132510936941278e-14
30050.056 3.480949229136068e-13
30100.056 2.3704001315877518e-12
30150.056 9.824657047662785e-12
30200.056 5.10486584734768e-12
30250.056 7.237404355186347e-12
30300.056 1.3180752732658944e-11
30350.056 1.513496439924243e-12
30400.056 1.2377519809975113e-11
30450.056 1.3943505162277288e-11
30500.056 2.6113143034994746e-12
30550.056 2.6821823301000414e-12
30600.056 7.33515611896062e-11
30650.056 2.140811319198406e-11
30700.056 5.204247597746351e-12
30750.056 1.7794679578387678e-11
30800.056 2.6771449240382616e-11
30850.056 2.556997429755435e-11
30900.056 1.057819404341965e-11
30950.056 6.604069216635147e-12
31000.056 1.042523679341535e-11
31050.056 3.1996454479686563e-12
31100.056 3.1920744575754407e-12
31150.056 6.085199612445044e-12
31200.056 3.817396395501814e-11
31250.056 1.8739856301806122e-11
31300.056 6.537061685228859e-12
31350.056 3.510533058777209e-11
31400.056 2.4251637844188892e-11
31450.056 2.1557351368872826e-11
31500.056 5.330148203983643e-12
31550.056 1.197001890600855e-11
31600.056 9.922476704554414e-12
31650.056 7.565862521093675e-12
31700.056 4.7300010478247e-12
31750.056 2.7647621787531225e-12
31800.056 4.529398072547977e-12
31850.056 5.563233248700156e-13
31900.056 1.3903100752592115e-12
31950.056 9.342240796217596e-13
32000.056 4.133334676821146e-13
32050.056 7.04636113423667e-13
32100.056 6.511149143798804e-13
32150.056 4.1359078026691715e-13
32200.056 1.6124176628018853e-13
32250.056 4.1092823142596373e-13
32300.056 8.00573353016857e-14
32350.056 3.268132833512584e-13
32400.056 1.7925923911530058e-14
32450.056 1.8518878466016183e-13
32500.056 1.546825347291293e-14
32550.056 1.2770419404014445e-13
32600.056 8.90506418318856e-15
32650.056 3.897149012581325e-13
32700.056 1.8891057720230374e-14
32750.056 1.175402534726699e-12
32800.056 3.760327693933373e-13
32850.056 4.366248337584643e-12
32900.056 3.0839906730237545e-12
32950.056 3.2798029049209696e-12
33000.056 6.990048434041986e-13
33050.056 4.606090626261906e-13
33100.056 6.246913848550272e-14
33150.056 2.9039560529360203e-17
33200.056 4.941092841241399e-15
33250.056 1.0211149798886511e-14
33300.056 2.3218896817766266e-13
33350.056 3.724720595690343e-13
33400.056 2.453091608042997e-12
33450.056 3.269118972525854e-13
33500.056 2.3910979696079568e-12
33550.056 2.793349482424555e-13
33600.056 1.0049713854548976e-12
33650.056 1.0112393416651947e-12
33700.056 1.286646709473824e-13
33750.056 1.3672409462712747e-12
33800.056 4.407283033482896e-14
33850.056 6.250659378841674e-13
33900.056 7.382632820733203e-13
33950.056 7.255593524828974e-13
34000.056 1.976976813113734e-12
34050.056 2.9076605077207124e-13
34100.056 2.3632813232673534e-12
34150.056 7.494491804693233e-13
34200.056 3.449688442176442e-12
34250.056 1.1075096499066922e-12
34300.056 1.7872095691478345e-12
34350.056 8.64569911892274e-12
34400.056 1.1448222427981797e-12
34450.056 6.017750363906005e-12
34500.056 1.6967334002560715e-12
34550.056 3.695249559796481e-12
34600.056 1.8677525173202285e-11
34650.056 8.205524518751537e-13
34700.056 8.947396779673208e-12
34750.056 4.881433882867817e-12
34800.056 3.948079674436041e-12
34850.056 1.8432746766856634e-11
34900.056 1.4230144820281667e-12
34950.056 2.2030174173064648e-11
35000.056 2.6238826899418472e-11
35050.056 2.222661671896549e-11
35100.056 4.122924821104212e-11
35150.056 3.14924567885943e-11
35200.056 2.3868195517277373e-11
35250.056 5.261148514548504e-11
35300.056 1.403994209755673e-11
35350.056 1.0558583884319662e-11
35400.056 6.417031279344711e-12
35450.056 7.523270751080664e-12
35500.056 3.406131507978851e-11
35550.056 1.598496749312592e-11
35600.056 3.675354594315145e-11
35650.056 6.237072495836659e-11
35700.056 6.445879827708273e-11
35750.056 4.6558510392704155e-11
35800.056 2.5028298128683874e-11
35850.056 1.0623214540902608e-11
35900.056 1.2546743511088163e-11
35950.056 2.4142750877514935e-11
36000.056 3.534042932942231e-11
36050.056 2.184152540944033e-11
36100.056 2.1241399031554125e-11
36150.056 1.0715597968638273e-10
36200.056 8.42871400637853e-11
36250.056 4.4387167265266845e-11
36300.056 1.771581741566579e-10
36350.056 7.815735747790734e-11
36400.056 1.441200413442429e-10
36450.056 1.1458486866756488e-10
36500.056 1.1065164218836148e-10
36550.056 2.7234362114900005e-10
36600.056 2.2694724772272675e-10
36650.056 1.2803534064397223e-10
36700.056 2.0252992803737986e-10
36750.056 2.647201424361342e-10
36800.056 3.5202121349329897e-10
36850.056 9.83344968629975e-11
36900.056 1.900379469109183e-10
36950.056 3.536474955126668e-10
37000.056 1.9334135773050104e-10
37050.056 3.9235446694815617e-10
37100.056 1.2760395408332516e-10
37150.056 1.912831908612086e-10
37200.056 5.203967794061999e-10
37250.056 2.738203778642981e-10
37300.056 1.06655488454556e-10
37350.056 2.319135787777577e-10
37400.056 4.1380231702911347e-10
37450.056 1.1558634281569023e-10
37500.056 2.46659711497403e-10
37550.056 6.193175308456389e-10
37600.056 1.2506002444437328e-09
37650.056 1.982636985506455e-10
37700.056 4.404221903200844e-10
37750.056 3.5352400471725937e-10
37800.056 2.6928708785567304e-10
37850.056 1.195341271897733e-10
37900.056 1.4436632463668718e-10
37950.056 3.9985473186737553e-10
38000.056 3.706490760698395e-10
38050.056 8.300426235372225e-10
38100.056 9.364487424396145e-10
38150.056 1.3634945139231225e-09
38200.056 8.296246266526565e-10
38250.056 1.336800520450067e-09
38300.056 2.0931424645416164e-09
38350.056 1.3368849551795978e-09
38400.056 3.1549856042449223e-10
38450.056 7.14399423255572e-11
38500.056 6.500504961590131e-11
38550.056 4.5809927846863593e-10
38600.056 5.540564685919801e-10
38650.056 6.516213192409823e-10
38700.056 2.6905060419537146e-10
38750.056 5.11873064044862e-10
38800.056 4.735165718584228e-10
38850.056 7.022490964315923e-10
38900.056 8.305711147072432e-10
38950.056 4.026625117833174e-10
39000.056 1.1082245115223175e-09
39050.056 2.9147528910360657e-10
39100.056 7.22780472662687e-10
39150.056 1.3613493612128233e-09
39200.056 7.017366407039221e-10
39250.056 1.6502909795033923e-09
39300.056 7.030329606255625e-10
39350.056 1.9792262956604857e-09
39400.056 7.762839723976531e-10
39450.056 1.5291291454296743e-09
39500.056 1.377614177172146e-09
39550.056 4.102964917277872e-10
39600.056 1.5192311172905726e-09
39650.056 1.7431958102747847e-09
39700.056 1.9502922960774944e-09
39750.056 6.189026509000833e-10
39800.056 6.644408221961496e-10
39850.056 2.1084452864305295e-09
39900.056 3.1076570836173194e-09
39950.056 7.399159736571329e-10
40000.056 1.759501750082377e-09
40050.056 2.2829463663498886e-09
40100.056 5.466741818361694e-10
40150.056 1.945375201404215e-09
40200.056 2.2306111487423856e-09
40250.056 2.631513854745695e-09
40300.056 2.734509855019778e-09
40350.056 1.2096453316830968e-09
40400.056 1.78607296266968e-09
40450.056 6.146440479218852e-10
40500.056 2.864915231666675e-09
40550.056 3.1094534715838195e-09
40600.056 2.2939156279199936e-09
40650.056 1.5137447619750657e-09
40700.056 3.3736053842175896e-09
40750.056 2.1757439691521985e-09
40800.056 1.0927302710596518e-09
40850.056 5.143935745471349e-09
40900.056 4.190806330749103e-09
40950.056 3.4830351179503215e-09
41000.056 2.104306932226341e-09
41050.056 5.537823828118553e-09
41100.056 4.4343898201623136e-09
41150.056 1.054609763114174e-09
41200.056 5.934579951371124e-09
41250.056 3.875368533670394e-09
41300.056 4.099370279868802e-09
41350.056 6.551960430199609e-09
41400.056 4.782214422079415e-09
41450.056 7.799650175777908e-09
41500.056 4.040991066882502e-09
41550.056 3.275712635146622e-09
41600.056 3.6918470029631683e-09
41650.056 6.39918313631917e-09
41700.056 9.96404473609813e-09
41750.056 6.488382203608967e-09
41800.056 6.067336671001062e-09
41850.056 6.362889387388169e-09
41900.056 4.308957750633788e-09
41950.056 4.06480989353897e-09
42000.056 1.0783873756604818e-09
42050.056 2.329639992600949e-09
42100.056 2.5931227211399785e-09
42150.056 3.6817870039510198e-09
42200.056 5.455588194051228e-09
42250.056 3.762462959787368e-09
42300.056 3.1287611259015183e-09
42350.056 6.859814509530168e-09
42400.056 9.314199507101128e-09
42450.056 1.0296266613901805e-08
42500.056 1.0586661915798584e-08
42550.056 8.442937473098523e-09
42600.056 7.86185206386354e-09
42650.056 1.286542079367662e-08
42700.056 4.097184398439739e-09
42750.056 1.0007641429351959e-08
42800.056 1.6907426500701604e-08
42850.056 1.6419897509996322e-08
42900.056 1.6330691059302232e-08
42950.056 1.311634179600008e-08
43000.056 1.557916782984107e-08
43050.056 6.395421335366082e-09
43100.056 1.1122765020969784e-08
43150.056 9.07286606548079e-09
43200.056 1.710243525910175e-08
43250.056 2.165312077380092e-08
43300.056 2.005842062630027e-08
43350.056 1.026077574859696e-08
43400.056 1.5937275690971372e-08
43450.056 8.480794758820144e-09
43500.056 7.227159978840991e-09
43550.056 9.39784261740103e-09
43600.056 1.9123397001002235e-08
43650.056 1.0403205935909803e-08
43700.056 2.1982362624706834e-08
43750.056 2.166165261839737e-08
43800.056 1.7523433644897964e-08
43850.056 1.5353221888531543e-08
43900.056 9.616266091836164e-09
43950.056 6.0469652577795096e-09
44000.056 6.98226321424934e-09
44050.056 2.1849134756300193e-08
44100.056 2.8879837708000237e-08
44150.056 2.5308522079958492e-08
44200.056 2.424393005450097e-08
44250.056 1.0531010718398312e-08
44300.056 7.948758526891013e-09
44350.056 8.184599641663134e-09
44400.056 7.1197656720696246e-09
44450.056 1.7255958515602192e-08
44500.056 1.548542142014179e-08
44550.056 2.2711559638999174e-08
44600.056 1.7869237454429545e-08
44650.056 1.5989782065901453e-08
44700.056 1.0609405732598413e-08
44750.056 1.9699315689703408e-08
44800.056 1.022928125918069e-08
44850.056 1.4307341055300756e-08
44900.056 1.4944718177440034e-08
44950.056 1.8183624480102895e-08
45000.056 2.4392850636700724e-08
45050.056 1.8855620351697438e-08
45100.056 1.6824971070700206e-08
45150.056 1.2900495078807481e-08
45200.056 9.739062276901146e-09
45250.056 1.2320080211556929e-08
45300.056 1.2114712876821479e-08
45350.056 7.75982429544251e-09
45400.056 3.0854187574003626e-08
45450.056 2.1197621647631873e-08
45500.056 3.099109732200226e-08
45550.056 3.19388188909922e-08
45600.056 2.3151766267003816e-08
45650.056 1.9419474991299872e-08
45700.056 1.123038727851892e-08
45750.056 1.0118835438620944e-08
45800.056 2.967339713970149e-08
45850.056 1.9957095850030506e-08
45900.056 3.1212637903197806e-08
45950.056 3.0272914141198534e-08
46000.056 2.9115504576502858e-08
46050.056 1.977024036944439e-08
46100.056 3.942776325899712e-08
46150.056 1.9257300643000288e-08
46200.056 1.4349880722117211e-08
46250.056 4.569048506732715e-09
46300.056 1.8570967609800655e-08
46350.056 1.827032909578279e-08
46400.056 1.8260789422200498e-08
46450.056 1.6110182764037322e-08
46500.056 1.9381237333303325e-08
46550.056 7.848160774659684e-09
46600.056 1.1599977598654289e-08
46650.056 2.1327496999800963e-08
46700.056 1.2979613710796559e-08
46750.056 4.7230688909608846e-09
46800.056 2.744678791989838e-09
46850.056 1.8506276323303237e-08
46900.056 2.334021889199905e-08
46950.056 2.4416812974098377e-08
47000.056 2.4567134718402905e-08
47050.056 1.3993028332451747e-08
47100.056 9.971337576141026e-09
47150.056 1.8735251845782342e-08
47200.056 1.9740243553698388e-08
47250.056 8.284385665188348e-09
47300.056 5.3879368142165014e-09
47350.056 2.1353651804602475e-08
47400.056 2.165951524749772e-08
47450.056 1.2428819652930532e-08
47500.056 2.5039317297781274e-08
47550.056 2.2698586540200702e-08
47600.056 1.686730172503764e-08
47650.056 1.961607593199189e-08
47700.056 1.3984843994641645e-08
47750.056 1.0107964205800239e-08
47800.056 6.8084115448011344e-09
47850.056 2.5146749129265577e-09
47900.056 4.83926377995607e-09
47950.056 1.573331283700101e-08
48000.056 2.2527449448498706e-08
48050.056 1.642371404828035e-08
48100.056 6.291118281172816e-09
48150.056 1.3961795445200615e-08
48200.056 7.16118795386313e-09
48250.056 1.0678392399299721e-08
48300.056 2.1239638377999366e-08
48350.056 1.0623187221198295e-08
48400.056 1.7047070926114579e-09
48450.056 3.6795861422539794e-09
48500.056 7.72438989439808e-09
48550.056 9.73790850796347e-09
48600.056 1.8802498529599113e-08
48650.056 2.4947252050298566e-08
48700.056 1.4237059965102965e-08
48750.056 1.174592244700204e-08
48800.056 1.9343377476000532e-08
48850.056 8.279841662708689e-09
48900.056 8.03844627239909e-09
48950.056 3.6457140186798466e-09
49000.056 2.08504429790756e-09
49050.056 8.63321662288886e-09
49100.056 1.3774935583832689e-08
49150.056 1.0465085564461188e-08
49200.056 1.9724478031803068e-08
49250.056 2.0496135109099707e-08
49300.056 1.5533215040799254e-08
49350.056 4.599246556930938e-09
49400.056 7.25483707903789e-09
49450.056 5.924049250946306e-09
49500.056 4.2344104906981135e-09
49550.056 5.588473582340069e-10
49600.056 1.8911761042864103e-09
49650.056 7.878157206301253e-09
49700.056 1.015761634769749e-08
49750.056 7.439940706820211e-09
49800.056 4.019060168540184e-09
49850.056 1.2384203898681776e-08
49900.056 1.2297277859499254e-08
49950.056 1.2236845637700078e-08
50000.056 5.955108829642095e-09
50050.056 7.587087787810746e-09
50100.056 6.3281216773994665e-09
50150.056 2.0431241198175467e-09
50200.056 2.493094323361036e-10
50250.056 1.8657504609900095e-09
50300.056 1.2337519798902984e-09
50350.056 7.315250484001443e-09
50400.056 9.814172047058368e-09
50450.056 8.046629469021152e-09
50500.056 1.3326455046930091e-08
50550.056 1.2006897125900759e-08
50600.056 7.539645614547802e-09
50650.056 1.457631485870193e-08
50700.056 1.2322772570399088e-08
50750.056 6.284132971100034e-09
50800.056 1.3243039246207163e-09
50850.056 5.282116276912552e-10
50900.056 5.422086891800731e-09
50950.056 6.3729912582991774e-09
51000.056 4.09553238526948e-09
51050.056 8.595288779299133e-09
51100.056 2.441516021988032e-09
51150.056 1.9941494490624987e-09
51200.056 9.996913655199991e-09
51250.056 7.543603380158922e-09
51300.056 4.5292806516909934e-09
51350.056 3.0691712725833663e-09
51400.056 5.851381493671352e-10
51450.056 5.391862646271222e-10
51500.056 5.570091149728213e-10
51550.056 2.8189493979406895e-09
51600.056 3.4673695100108694e-09
51650.056 5.792604673600174e-09
51700.056 5.073287909127261e-09
51750.056 2.9955650704807077e-09
51800.056 7.221630348499434e-09
51850.056 5.479553059559664e-09
51900.056 4.683272031999934e-09
51950.056 1.92318194895973e-09
52000.056 1.78568616047957e-10
52050.056 8.918124952700823e-10
52100.056 4.408969766559088e-10
52150.056 2.412069153584903e-10
52200.056 1.2130327583200088e-09
52250.056 2.3316917677205e-09
52300.056 2.4064904533197754e-09
52350.056 5.035975311493287e-10
52400.056 6.016474400949975e-10
52450.056 3.48664172452024e-09
52500.056 2.223812744637554e-09
52550.056 4.112530794079879e-09
52600.056 3.5923503877701363e-09
52650.056 4.302625977670075e-09
52700.056 2.435448474189713e-09
52750.056 5.405977519568069e-10
52800.056 1.2933863602002492e-09
52850.056 1.5637403017296104e-09
52900.056 4.014578477352151e-10
52950.056 8.016147018801462e-10
53000.056 2.044107676970323e-09
53050.056 6.41036713911839e-10
53100.056 3.3487870096999767e-09
53150.056 3.0964005706261543e-09
53200.056 1.4254465416104338e-09
53250.056 2.345457628263161e-09
53300.056 2.9341760514905405e-09
53350.056 2.169909134102163e-09
53400.056 1.2358642730696361e-09
53450.056 3.5318379266990176e-10
53500.056 8.669991666797393e-11
