galfind/configs/Brown_Dwarf_templates/sonora_bobcat/m+0.5/178g/sp_t700g178nc_m+0.5_resample.dat
# %ECSV 1.0
# ---
# datatype:
# - {name: wav, unit: Angstrom, datatype: float64}
# - {name: flux_nu, unit: erg / (cm2 Hz s), datatype: float64}
# meta: {C/O: '1.00', Kzz: '1.0000E+05', Teff: '700.', Y: '0.28', '[Fe/H]': '0.50', f_hole: '1.00', f_rain: '0.00', grav: '178.'}
# schema: astropy-2.0
wav flux_nu
[from data line 499]
28950.056 1.4275423652199742e-08
29000.056 1.1059706662829951e-08
29050.056 1.301178221632595e-08
29100.056 9.260409181516804e-09
29150.056 1.576305388362844e-08
29200.056 1.1734030552984878e-08
29250.056 1.8488240153376663e-08
29300.056 8.749750208886465e-09
29350.056 2.850156614596322e-08
29400.056 1.3172669011942104e-08
29450.056 1.464282818020468e-08
29500.056 1.8378675112372216e-08
29550.056 1.4051278037708442e-08
29600.056 1.8033614360077396e-08
29650.056 2.1693927090954076e-08
29700.056 1.2471203113382325e-08
29750.056 2.0365408750777296e-08
29800.056 2.0374381164840394e-08
29850.056 2.370646242001209e-08
29900.056 2.1471561562097388e-08
29950.056 1.9512356906176577e-08
30000.056 3.6207367035681567e-09
30050.056 6.735997807851628e-09
30100.056 8.879167127401046e-09
30150.056 1.8201597962073283e-08
30200.056 1.4064415556498057e-08
30250.056 2.80755048093041e-08
30300.056 2.671002281519567e-08
30350.056 1.8670708530173087e-08
30400.056 2.84454410899297e-08
30450.056 1.7951900135824488e-08
30500.056 1.693127595089229e-08
30550.056 1.6943032698632363e-08
30600.056 2.3999664795225095e-08
30650.056 1.6206265046268567e-08
30700.056 1.4412183522125226e-08
30750.056 1.9276601733313513e-08
30800.056 1.4331310092732668e-08
30850.056 1.4562798813366529e-08
30900.056 1.0099138020073611e-08
30950.056 1.122287207072641e-08
31000.056 9.57662360698199e-09
31050.056 9.496262129340416e-09
31100.056 7.225770921600057e-09
31150.056 1.0677388470976014e-08
31200.056 1.1472076743022798e-08
31250.056 8.0436082940521e-09
31300.056 6.6511876214248e-09
31350.056 8.080028746098542e-09
31400.056 5.993638597718105e-09
31450.056 6.5016728522180675e-09
31500.056 4.446226376342395e-09
31550.056 5.402176222671262e-09
31600.056 3.676564673896117e-09
31650.056 3.5927415726667467e-09
31700.056 3.8593800977418536e-09
31750.056 2.6143960887885726e-09
31800.056 4.038390399360441e-09
31850.056 2.164801382775449e-09
31900.056 2.9952510694778947e-09
31950.056 1.8967057219755113e-09
32000.056 2.4788950625455823e-09
32050.056 2.8282060867136832e-09
32100.056 2.6497995215377486e-09
32150.056 3.0474209036417976e-09
32200.056 2.182798561919257e-09
32250.056 3.6788032538097726e-09
32300.056 2.1230645917389656e-09
32350.056 3.630967584479395e-09
32400.056 2.001289593282154e-09
32450.056 3.2885179274511035e-09
32500.056 2.4084397894022657e-09
32550.056 2.7203021489881286e-09
32600.056 3.20629637949711e-09
32650.056 5.548804285152436e-09
32700.056 3.972867463573413e-09
32750.056 6.318131765270429e-09
32800.056 5.523789703452385e-09
32850.056 7.066436387719284e-09
32900.056 7.403680940517636e-09
32950.056 8.17618635036043e-09
33000.056 6.245884895713144e-09
33050.056 6.538069589514648e-09
33100.056 2.4848573761306228e-09
33150.056 1.6178841223739919e-10
33200.056 2.995000184613868e-10
33250.056 1.7882935623958302e-10
33300.056 3.254691061500643e-10
33350.056 8.200722002319209e-10
33400.056 1.5483055553191715e-09
33450.056 2.2476352576645042e-09
33500.056 4.438278058823682e-09
33550.056 2.804420172174611e-09
33600.056 5.426165696212519e-09
33650.056 5.174690270157427e-09
33700.056 4.00979901202481e-09
33750.056 6.744564067899192e-09
33800.056 3.760754201122155e-09
33850.056 5.435185349429901e-09
33900.056 4.462773694432274e-09
33950.056 4.427251912882609e-09
34000.056 6.5624204290992895e-09
34050.056 2.5213310267112137e-09
34100.056 6.193147401755742e-09
34150.056 4.190097120591452e-09
34200.056 5.459048473806106e-09
34250.056 4.891888351429883e-09
34300.056 4.296894499055462e-09
34350.056 4.3636069177697005e-09
34400.056 3.1321302503111627e-09
34450.056 5.294489532093569e-09
34500.056 4.528793132071545e-09
34550.056 2.963931282945144e-09
34600.056 6.727200310990434e-09
34650.056 3.576027400305503e-09
34700.056 5.78549995577024e-09
34750.056 5.04671083070784e-09
34800.056 4.3377765140969266e-09
34850.056 6.0767582494168e-09
34900.056 5.473909364526112e-09
34950.056 6.754161030337807e-09
35000.056 1.126472522300247e-08
35050.056 5.760251872426004e-09
35100.056 9.100367011681974e-09
35150.056 7.967600983887444e-09
35200.056 8.566309175451766e-09
35250.056 1.229273719705865e-08
35300.056 8.266345263923456e-09
35350.056 8.888730566602405e-09
35400.056 1.0169665218196931e-08
35450.056 6.779485887063645e-09
35500.056 1.5890799568133604e-08
35550.056 1.3484680540486498e-08
35600.056 1.1305745038308604e-08
35650.056 1.2762118895451448e-08
35700.056 1.1727481276175646e-08
35750.056 1.6417592707698662e-08
35800.056 2.0622994939510866e-08
35850.056 1.0835628580252609e-08
35900.056 1.4808742251478005e-08
35950.056 1.4937557215310057e-08
36000.056 1.499255028131241e-08
36050.056 1.2847709371104705e-08
36100.056 1.3407822702100671e-08
36150.056 1.616183591033477e-08
36200.056 1.761560180321333e-08
36250.056 1.5588399969506704e-08
36300.056 2.163646610615989e-08
36350.056 1.846264442874944e-08
36400.056 1.9665902458405685e-08
36450.056 2.383455588236019e-08
36500.056 2.6363637155570423e-08
36550.056 2.6318742837657612e-08
36600.056 3.191640494659353e-08
36650.056 2.9375417665946714e-08
36700.056 3.1384597532236177e-08
36750.056 3.4893606633924866e-08
36800.056 3.504705140049958e-08
36850.056 2.9688290337456587e-08
36900.056 3.703453815514456e-08
36950.056 3.9125651521892065e-08
37000.056 3.402840764299225e-08
37050.056 3.749609457689568e-08
37100.056 4.015527808855203e-08
37150.056 3.3370972517640355e-08
37200.056 4.255323324408862e-08
37250.056 3.9939860889193033e-08
37300.056 3.468924539451109e-08
37350.056 4.006717294719012e-08
37400.056 5.947436297715918e-08
37450.056 3.970489985189042e-08
37500.056 4.1048091233600157e-08
37550.056 5.321652298240298e-08
37600.056 6.253928051420984e-08
37650.056 3.82626986349402e-08
37700.056 6.31798774561453e-08
37750.056 4.4279307592602115e-08
37800.056 4.745260676759426e-08
37850.056 3.130837346105534e-08
37900.056 3.8931786584409176e-08
37950.056 5.2498945242267495e-08
38000.056 6.065457666328979e-08
38050.056 6.122821110182213e-08
38100.056 6.374246723423356e-08
38150.056 7.170139305299913e-08
38200.056 7.574685291892077e-08
38250.056 6.947959085757719e-08
38300.056 9.50043659985805e-08
38350.056 9.540970588322272e-08
38400.056 5.636929165698868e-08
38450.056 5.5183191983633656e-08
38500.056 3.7068172741059305e-08
38550.056 6.300660260202479e-08
38600.056 6.468898416350084e-08
38650.056 6.437454636438451e-08
38700.056 6.580372630400117e-08
38750.056 7.235481276970875e-08
38800.056 6.45375906611545e-08
38850.056 6.876058852601155e-08
38900.056 9.232423152819919e-08
38950.056 6.908204931768957e-08
39000.056 8.308751659789409e-08
39050.056 7.043222675101041e-08
39100.056 8.153319133939583e-08
39150.056 8.446939750430585e-08
39200.056 8.267186716513804e-08
39250.056 9.954541874118818e-08
39300.056 7.848208176996281e-08
39350.056 1.1396259011060697e-07
39400.056 8.735022847934488e-08
39450.056 9.841882497872938e-08
39500.056 1.000742431592301e-07
39550.056 9.28699637768903e-08
39600.056 1.0674547629767586e-07
39650.056 1.1545608962558155e-07
39700.056 1.1146379749641826e-07
39750.056 8.709853541500052e-08
39800.056 1.0214466113978536e-07
39850.056 1.3488215783400626e-07
39900.056 1.338034980830077e-07
39950.056 1.0879496105417287e-07
40000.056 1.5171490308023665e-07
40050.056 1.3113554402779486e-07
40100.056 9.879954444278357e-08
40150.056 1.351079659373873e-07
40200.056 1.4111008358894453e-07
40250.056 1.4452103225844525e-07
40300.056 1.406824692880217e-07
40350.056 1.3741347796087992e-07
40400.056 1.6747411212013091e-07
40450.056 1.3262477101717092e-07
40500.056 1.7053087018297506e-07
40550.056 1.681322427289453e-07
40600.056 1.6067037342902295e-07
40650.056 1.369999958527917e-07
40700.056 2.0246977562999157e-07
40750.056 1.5801563988797788e-07
40800.056 1.247920319929289e-07
40850.056 2.171000939900587e-07
40900.056 1.978330009398198e-07
40950.056 1.7668298078101255e-07
41000.056 1.7562776365309488e-07
41050.056 2.296754621289539e-07
41100.056 1.9153620621100603e-07
41150.056 1.315163326385616e-07
41200.056 2.2604940335699063e-07
41250.056 1.8315039184297578e-07
41300.056 1.6927104037995714e-07
41350.056 2.394521709070198e-07
41400.056 2.133108609060299e-07
41450.056 2.3479556900999756e-07
41500.056 1.8040912048355414e-07
41550.056 1.7933604185325141e-07
41600.056 2.1986193513579443e-07
41650.056 2.2792451816399788e-07
41700.056 2.0957938469791933e-07
41750.056 2.1158570215398016e-07
41800.056 2.471524919900225e-07
41850.056 1.8334468117699101e-07
41900.056 2.0213871356035555e-07
41950.056 1.9819492260104136e-07
42000.056 1.893658646783259e-07
42050.056 1.7612714654971747e-07
42100.056 2.382494254489785e-07
42150.056 1.8654687805500708e-07
42200.056 1.756359728525089e-07
42250.056 1.7953900711897309e-07
42300.056 1.769971605082043e-07
42350.056 2.1714299707403355e-07
42400.056 2.1416727093105085e-07
42450.056 1.9358649435004607e-07
42500.056 1.877666523579834e-07
42550.056 1.7945402084796938e-07
42600.056 1.9091559790843874e-07
42650.056 2.3984540000591876e-07
42700.056 1.9254108548616747e-07
42750.056 1.9002765030600144e-07
42800.056 2.153497506060391e-07
42850.056 2.39362126611919e-07
42900.056 2.5261579504307055e-07
42950.056 2.0623030105594409e-07
43000.056 2.3038598787002694e-07
43050.056 1.5565091690105624e-07
43100.056 2.0350525708995853e-07
43150.056 1.9120018954252554e-07
43200.056 2.3684927144600452e-07
43250.056 2.7973060138001364e-07
43300.056 2.7533658008000476e-07
43350.056 1.84174519405956e-07
43400.056 2.2360491453598273e-07
43450.056 1.918334778380339e-07
43500.056 1.8532867757801523e-07
43550.056 1.9433217961484733e-07
43600.056 2.645020762530311e-07
43650.056 1.9907016391220592e-07
43700.056 2.6660082089804246e-07
43750.056 2.460716415910376e-07
43800.056 2.309617077049729e-07
43850.056 2.0569549944102483e-07
43900.056 2.1543017180997918e-07
43950.056 1.5479577179299192e-07
44000.056 1.4958811397649626e-07
44050.056 2.5982100832901244e-07
44100.056 3.100521787790134e-07
44150.056 2.8823931661676683e-07
44200.056 2.5907177192999196e-07
44250.056 1.915996525320134e-07
44300.056 1.6523328810103226e-07
44350.056 1.8804239068425555e-07
44400.056 1.8360193928849216e-07
44450.056 2.3907850707796386e-07
44500.056 2.407542200520613e-07
44550.056 2.988757372799638e-07
44600.056 2.5234836618972194e-07
44650.056 2.565195901050505e-07
44700.056 1.844356408550006e-07
44750.056 2.4969975060304374e-07
44800.056 2.1065641472302258e-07
44850.056 2.550331516490403e-07
44900.056 2.138433204470169e-07
44950.056 2.4225515694200827e-07
45000.056 2.5746507390999196e-07
45050.056 2.495053021689888e-07
45100.056 2.4075643659299944e-07
45150.056 2.4391578935056227e-07
45200.056 1.9908980314302148e-07
45250.056 2.2013725930792643e-07
45300.056 1.9199077866603617e-07
45350.056 1.9770445236201125e-07
45400.056 3.03031920638025e-07
45450.056 2.646794351659982e-07
45500.056 2.7570191639801287e-07
45550.056 3.0486168444991247e-07
45600.056 2.98031835720045e-07
45650.056 2.3985340321898245e-07
45700.056 2.0446459349420678e-07
45750.056 1.9669167219100175e-07
45800.056 3.085557116380001e-07
45850.056 3.0287018660199145e-07
45900.056 3.231758658800016e-07
45950.056 2.6640595974499006e-07
46000.056 3.0533194647001563e-07
46050.056 2.561919664360183e-07
46100.056 3.176481351299732e-07
46150.056 2.4304211820599623e-07
46200.056 2.2797553946199885e-07
46250.056 1.4461641220157085e-07
46300.056 2.601089860310062e-07
46350.056 2.531628975340294e-07
46400.056 2.377762317810083e-07
46450.056 2.238402210820391e-07
46500.056 2.4569761749106054e-07
46550.056 1.7947505474699732e-07
46600.056 2.3173342391918393e-07
46650.056 3.2730805137099536e-07
46700.056 2.3326410487196615e-07
46750.056 1.6735254958120779e-07
46800.056 1.2769583372121339e-07
46850.056 3.26942808999061e-07
46900.056 2.884616678589783e-07
46950.056 2.8413294131898966e-07
47000.056 2.65243964689041e-07
47050.056 2.4137890200390895e-07
47100.056 1.7016317517322738e-07
47150.056 2.1995991303703304e-07
47200.056 2.661438884600051e-07
47250.056 1.938193101319835e-07
47300.056 1.4352790488675285e-07
47350.056 2.9806962764997734e-07
47400.056 2.64833678425974e-07
47450.056 2.601347174002305e-07
47500.056 3.0121072782696263e-07
47550.056 2.655413387650073e-07
47600.056 2.6089196029699036e-07
47650.056 2.3895257152576623e-07
47700.056 2.3439435775916694e-07
47750.056 1.7431059917670566e-07
47800.056 1.768939102460097e-07
47850.056 1.2618045117071282e-07
47900.056 1.6529672555597073e-07
47950.056 2.2861194575402438e-07
48000.056 3.155842007700542e-07
48050.056 2.831594616399991e-07
48100.056 1.590485880856169e-07
48150.056 2.2967516622701281e-07
48200.056 1.950594613970029e-07
48250.056 2.0571229902601565e-07
48300.056 2.8632405512992435e-07
48350.056 1.852201733170142e-07
48400.056 1.0196967153057648e-07
48450.056 1.8349972620645375e-07
48500.056 2.4142321156795677e-07
48550.056 2.131845440090068e-07
48600.056 2.31461723472004e-07
48650.056 2.5756546233997843e-07
48700.056 2.1156990883199678e-07
48750.056 1.4225151447908052e-07
48800.056 2.847375079889931e-07
48850.056 1.750881010379677e-07
48900.056 2.6104819828099053e-07
48950.056 1.7279116232201986e-07
49000.056 9.74234829484821e-08
49050.056 2.1574494258597605e-07
49100.056 2.4685791670205017e-07
49150.056 1.9785859510182722e-07
49200.056 2.7234130908904847e-07
49250.056 2.606086998070401e-07
49300.056 2.2712444839099973e-07
49350.056 1.2562448857052355e-07
49400.056 1.720459634739698e-07
49450.056 1.844576682995591e-07
49500.056 1.4746225053098492e-07
49550.056 6.824191471260833e-08
49600.056 1.2987283087767053e-07
49650.056 1.784533690069917e-07
49700.056 1.7424244913794447e-07
49750.056 2.0553022979796795e-07
49800.056 1.621210280136106e-07
49850.056 2.5231699418206473e-07
49900.056 1.994302430947762e-07
49950.056 1.9704906578700373e-07
50000.056 1.754506151489719e-07
50050.056 2.1400540003000192e-07
50100.056 1.694221858470111e-07
50150.056 1.0890527618398289e-07
50200.056 4.4936072924410925e-08
50250.056 1.4664520857098056e-07
50300.056 1.1065338664591488e-07
50350.056 2.1059108310602554e-07
50400.056 1.8756246675798638e-07
50450.056 1.4609940052201165e-07
50500.056 1.9632000624802572e-07
50550.056 1.7875153439001618e-07
50600.056 1.4716018206995817e-07
50650.056 2.0870535842704383e-07
50700.056 2.1877940026692083e-07
50750.056 1.6305999587102348e-07
50800.056 9.018975210019143e-08
50850.056 7.539920542042879e-08
50900.056 2.0803627236199846e-07
50950.056 1.5555655487301594e-07
51000.056 1.606874910191097e-07
51050.056 1.692276640919908e-07
51100.056 8.519901434817017e-08
51150.056 1.1910772751711286e-07
51200.056 2.3726806311998335e-07
51250.056 1.4880859121716833e-07
51300.056 1.1856622208005493e-07
51350.056 1.2659500155219095e-07
51400.056 6.765151790780226e-08
51450.056 5.653276656708364e-08
51500.056 5.980636259852296e-08
51550.056 1.5137996983781002e-07
51600.056 1.0760592331492507e-07
51650.056 1.1601133543897433e-07
51700.056 1.320575205513931e-07
51750.056 9.159896167701344e-08
51800.056 1.4212827344097242e-07
51850.056 1.284136312029918e-07
51900.056 1.8648587252401334e-07
51950.056 1.3307192053298806e-07
52000.056 3.7935902960290184e-08
52050.056 8.927115582861363e-08
52100.056 6.615091493999405e-08
52150.056 5.313309793160647e-08
52200.056 7.098208691700033e-08
52250.056 9.727544200702322e-08
52300.056 1.4388674697999163e-07
52350.056 8.566408665128238e-08
52400.056 6.72240341972066e-08
52450.056 1.4240547785600805e-07
52500.056 1.294805209089626e-07
52550.056 1.2815860428997662e-07
52600.056 1.0438141641500927e-07
52650.056 1.1145634201391467e-07
52700.056 9.513709757299663e-08
52750.056 5.8953131219697295e-08
52800.056 7.918602787801296e-08
52850.056 8.730177876956989e-08
52900.056 6.769073680754299e-08
52950.056 8.041065264800437e-08
53000.056 1.1596675525101696e-07
53050.056 5.605008969648546e-08
53100.056 9.772920858697307e-08
53150.056 1.3099649976901595e-07
53200.056 6.0203466937499e-08
53250.056 1.1910127717500668e-07
53300.056 1.3473836580927264e-07
53350.056 1.202597327449991e-07
53400.056 9.888582363399283e-08
53450.056 5.0207740389988036e-08
53500.056 2.341869292737379e-08
