galfind/configs/Brown_Dwarf_templates/sonora_bobcat/m+0.5/56g/sp_t2100g56nc_m+0.5_resample.dat
# %ECSV 1.0
# ---
# datatype:
# - {name: wav, unit: Angstrom, datatype: float64}
# - {name: flux_nu, unit: erg / (cm2 Hz s), datatype: float64}
# meta: {C/O: '1.00', Kzz: '1.0000E+05', Teff: '2100.', Y: '0.28', '[Fe/H]': '0.50', f_hole: '1.00', f_rain: '0.00', grav: '56.'}
# schema: astropy-2.0
wav flux_nu
4000.0559999999996 nan
4050.0559999999996 8.621411503030583e-09
4100.056 8.046537077813528e-09
4150.056 5.816203170761311e-09
4200.056 4.178829626964613e-09
4250.056 3.5656778580621892e-09
4300.056 2.1900226104508053e-09
4350.056 2.520739218149804e-09
4400.056 2.4099355035406096e-09
4450.056 1.3543597307400625e-09
4500.056 1.5973258110801817e-09
4550.056 2.027549330889391e-09
4600.056 1.7290409560796724e-09
4650.056 1.3383119111302353e-09
4700.056 1.6234650755005097e-09
4750.056 2.169963187509339e-09
4800.056 1.5306056433901451e-09
4850.056 1.9414732461305328e-09
4900.056 4.112514185829289e-09
4950.056 4.9549110713404675e-09
5000.056 2.554154726370126e-09
5050.056 3.3199035557109695e-09
5100.056 7.271373864511481e-09
5150.056 8.621000667873018e-09
5200.056 4.420320637250318e-09
5250.056 5.5954106835896664e-09
5300.056 6.922741277620446e-09
5350.056 6.747967713901109e-09
5400.056 7.933485786799845e-09
5450.056 6.563301255879025e-09
5500.056 5.413629350999176e-09
5550.056 7.464847459099226e-09
5600.056 5.981276695300336e-09
5650.056 5.427369787300382e-09
5700.056 7.06520082400053e-09
5750.056 7.310467627099407e-09
5800.056 8.635162069899643e-09
5850.056 5.566752996800264e-09
5900.056 9.834108706256885e-10
5950.056 5.5344461958001154e-09
6000.056 9.099366552599608e-09
6050.056 1.3982966406501024e-08
6100.056 1.7695476664200545e-08
6150.056 1.763936949909673e-08
6200.056 1.0470676698200481e-08
6250.056 1.1563716453500928e-08
6300.056 1.6203344368300417e-08
6350.056 2.1068361776001178e-08
6400.056 2.6175725304001234e-08
6450.056 3.3975418765991607e-08
6500.056 3.3037332834992804e-08
6550.056 4.075272227998946e-08
6600.056 3.434548289500312e-08
6650.056 2.8544919603003264e-08
6700.056 2.3464718640342434e-08
6750.056 2.8047664031003106e-08
6800.056 3.1760065402000664e-08
6850.056 4.0620348297998646e-08
6900.056 5.3224187122998916e-08
6950.056 6.908933737998947e-08
7000.056 9.664622015098931e-08
7050.056 8.849016494801068e-08
7100.056 5.173586488099496e-08
7150.056 4.0303877035005475e-08
7200.056 5.585946521399657e-08
7250.056 8.085854334100749e-08
7300.056 1.336756568290245e-07
7350.056 1.96115079583997e-07
7400.056 2.49841382298013e-07
7450.056 2.7330524198993836e-07
7500.056 3.119315847239971e-07
7550.056 3.654117755060134e-07
7600.056 2.625523622769793e-07
7650.056 9.234030844518667e-08
7700.056 6.435151505350928e-08
7750.056 1.5810360230403714e-07
7800.056 1.868805163546441e-07
7850.056 1.9861552653699373e-07
7900.056 2.1879110687304173e-07
7950.056 2.2059389637966406e-07
8000.056 2.6131873696696025e-07
8050.056 3.827782698639302e-07
8100.056 5.685567729101463e-07
8150.056 8.280457505400678e-07
8200.056 6.707876388838946e-07
8250.056 6.916661056199904e-07
8300.056 5.481777193201624e-07
8350.056 5.834802039401933e-07
8400.056 5.977281866401076e-07
8450.056 3.4543223944990183e-07
8500.056 3.100698724661278e-07
8550.056 3.849274569800253e-07
8600.056 4.625926998098302e-07
8650.056 5.86334845869961e-07
8700.056 6.973458154302313e-07
8750.056 8.75763811310023e-07
8800.056 1.1642958995202934e-06
8850.056 1.1385829390701342e-06
8900.056 8.071895150899169e-07
8950.056 8.752065826478553e-07
9000.056 1.083143634190185e-06
9050.056 1.186279964379596e-06
9100.056 1.4933066436700897e-06
9150.056 1.7352980437900178e-06
9200.056 1.6353055061401726e-06
9250.056 1.0211014453998263e-06
9300.056 8.414295712070713e-07
9350.056 9.58175168279787e-07
9400.056 1.076028255940266e-06
9450.056 1.2009130464996443e-06
9500.056 1.442963620239774e-06
9550.056 1.6511069232484822e-06
9600.056 1.7691346922905291e-06
9650.056 2.023464653260613e-06
9700.056 2.202800413669683e-06
9750.056 1.7357610720500137e-06
9800.056 1.945071844739847e-06
9850.056 1.9225517865498737e-06
9900.056 1.9694877033800784e-06
9950.056 2.0603211625701128e-06
10000.056 2.102159607309807e-06
10050.056 2.0115685364401587e-06
10100.056 2.36799127336099e-06
10150.056 2.2874138646394644e-06
10200.056 2.4603513641094442e-06
10250.056 2.432367620769021e-06
10300.056 2.479410788609526e-06
10350.056 2.7701351269695674e-06
10400.056 2.897925736640071e-06
10450.056 3.118192803160298e-06
10500.056 3.055622231859346e-06
10550.056 3.0895792741606186e-06
10600.056 3.2750558923206243e-06
10650.056 3.490571358049496e-06
10700.056 3.787219023350188e-06
10750.056 4.048952755830158e-06
10800.056 4.20761538404974e-06
10850.056 4.463246779029901e-06
10900.056 4.282180493199599e-06
10950.056 4.022180227908841e-06
11000.056 3.8924787486902226e-06
11050.056 2.8953779522196605e-06
11100.056 3.1443021075237453e-06
11150.056 3.264381142848537e-06
11200.056 3.317643930562127e-06
11250.056 3.6765822728588844e-06
11300.056 3.732714829330193e-06
11350.056 3.5065181363729316e-06
11400.056 3.2229369226301717e-06
11450.056 3.7325234777188576e-06
11500.056 4.020655720279248e-06
11550.056 3.937316719140168e-06
11600.056 4.056925185248949e-06
11650.056 4.261693675825702e-06
11700.056 3.819993311650887e-06
11750.056 3.832887826269865e-06
11800.056 3.829161752110014e-06
11850.056 4.279456349670214e-06
11900.056 4.308603615408986e-06
11950.056 4.463146754739684e-06
12000.056 4.407342179190401e-06
12050.056 4.673756872190715e-06
12100.056 4.735438522300014e-06
12150.056 5.022742901099875e-06
12200.056 5.201384574999798e-06
12250.056 5.416372399199259e-06
12300.056 5.5431521569009265e-06
12350.056 5.652814776100545e-06
12400.056 5.411289603299402e-06
12450.056 4.758504114819998e-06
12500.056 5.139282915099167e-06
12550.056 5.1636806558199635e-06
12600.056 5.211827140000078e-06
12650.056 5.489109994699493e-06
12700.056 5.667778082999483e-06
12750.056 5.666014054300499e-06
12800.056 6.008953236399375e-06
12850.056 5.96117267680021e-06
12900.056 5.9346600574996406e-06
12950.056 6.154624570798694e-06
13000.056 6.250193097899069e-06
13050.056 6.301339272179597e-06
13100.056 6.241661793339084e-06
13150.056 6.260298123919701e-06
13200.056 6.065088544299404e-06
13250.056 5.787008597410159e-06
13300.056 5.115405482766225e-06
13350.056 3.5843074704844803e-06
13400.056 3.4210812267156857e-06
13450.056 3.070282506578733e-06
13500.056 3.109534729343572e-06
13550.056 2.9592911745378305e-06
13600.056 2.6262867160189242e-06
13650.056 2.7651645051150623e-06
13700.056 2.4931483677140968e-06
13750.056 2.4653996296603464e-06
13800.056 2.7522170496778568e-06
13850.056 2.7878863558716263e-06
13900.056 2.7362189977520555e-06
13950.056 2.6177254163497236e-06
14000.056 2.457343323315024e-06
14050.056 2.4773015007409987e-06
14100.056 2.29360741917143e-06
14150.056 2.233765116579373e-06
14200.056 2.1452530222365404e-06
14250.056 2.122846216967142e-06
14300.056 2.145981828081608e-06
14350.056 2.1462165608453404e-06
14400.056 2.2625496213372752e-06
14450.056 2.3830029354251924e-06
14500.056 2.5499181624286236e-06
14550.056 2.5706416593750315e-06
14600.056 2.637466316920894e-06
14650.056 2.601616965221092e-06
14700.056 2.440205056179565e-06
14750.056 2.564712702190452e-06
14800.056 2.619290330520712e-06
14850.056 2.7844206917392062e-06
14900.056 2.8238345952998922e-06
14950.056 2.8404499109405165e-06
15000.056 2.9080211482206457e-06
15050.056 3.1427459524092806e-06
15100.056 3.139478330930546e-06
15150.056 3.2781028303802427e-06
15200.056 3.375190984079777e-06
15250.056 3.370896174249733e-06
15300.056 3.5474362883798875e-06
15350.056 3.622855546700214e-06
15400.056 3.725939266180101e-06
15450.056 3.881809895840382e-06
15500.056 3.940901651149222e-06
15550.056 4.135080717579812e-06
15600.056 4.114908670560569e-06
15650.056 4.284162485900022e-06
15700.056 4.540349569501602e-06
15750.056 4.684109354099631e-06
15800.056 4.7419228913008775e-06
15850.056 4.77380556300026e-06
15900.056 4.866028059700758e-06
15950.056 5.014227405899897e-06
16000.056 5.119412395599551e-06
16050.056 5.28485624110018e-06
16100.056 5.398348368800328e-06
16150.056 5.446444716700415e-06
16200.056 5.586538249099506e-06
16250.056 5.684793087499946e-06
16300.056 5.7306671826000955e-06
16350.056 5.9766038794996045e-06
16400.056 5.985707959801226e-06
16450.056 6.127464036600363e-06
16500.056 6.256057809901005e-06
16550.056 6.464091080799574e-06
16600.056 6.295638014100827e-06
16650.056 6.726446914400628e-06
16700.056 6.605921194998785e-06
16750.056 6.7490592262991665e-06
16800.056 6.9079372619003926e-06
16850.056 6.874233883799642e-06
16900.056 6.785156110599925e-06
16950.056 6.732511936099566e-06
17000.056 6.6716691989010816e-06
17050.056 6.576749518100308e-06
17100.056 6.248016998000209e-06
17150.056 6.098317410159355e-06
17200.056 5.728845774199787e-06
17250.056 5.5456073235898825e-06
17300.056 5.669464022159327e-06
17350.056 5.3844479823998074e-06
17400.056 5.578672837880329e-06
17450.056 5.241618713987375e-06
17500.056 5.065616839808776e-06
17550.056 5.067535269889926e-06
17600.056 4.882988366710256e-06
17650.056 4.946258390448768e-06
17700.056 4.496202768219274e-06
17750.056 4.297921483670268e-06
17800.056 4.25848150831101e-06
17850.056 4.134116018880648e-06
17900.056 4.075798151959907e-06
17950.056 3.972821431309037e-06
18000.056 3.693587306610249e-06
18050.056 3.7407740082819883e-06
18100.056 3.592098720250316e-06
18150.056 3.8842690518013794e-06
18200.056 3.4173071458003194e-06
18250.056 3.7619496523290495e-06
18300.056 3.670420655759614e-06
18350.056 3.502739513610477e-06
18400.056 3.4488736371100856e-06
18450.056 3.1890866930821546e-06
18500.056 3.229410482970798e-06
18550.056 3.123752478550294e-06
18600.056 2.697723779808092e-06
18650.056 3.0879864203009108e-06
18700.056 3.267289640850456e-06
18750.056 3.1137337175415426e-06
18800.056 3.132457937131457e-06
18850.056 3.532645822159707e-06
18900.056 3.4275734189586477e-06
18950.056 3.3747455731197947e-06
19000.056 3.602379780929176e-06
19050.056 3.5373970393499827e-06
19100.056 3.545951621161423e-06
19150.056 3.71302867228961e-06
19200.056 3.6936459301012035e-06
19250.056 3.5348282955188105e-06
19300.056 3.645264595339172e-06
19350.056 3.7419122341099214e-06
19400.056 3.5419825119487005e-06
19450.056 3.7263410966408094e-06
19500.056 3.7285693041094708e-06
19550.056 3.4058462459510156e-06
19600.056 3.8070564838394843e-06
19650.056 3.716989453327624e-06
19700.056 3.7706602091805147e-06
19750.056 3.59032202294036e-06
19800.056 3.698025636589415e-06
19850.056 3.6493803103120144e-06
19900.056 3.4375901812413504e-06
19950.056 3.7821480531499955e-06
20000.056 3.3961291414607594e-06
20050.056 3.5378864872714786e-06
20100.056 3.7006442664675635e-06
20150.056 3.5691883006206875e-06
20200.056 3.6563671676286046e-06
20250.056 3.815184078520425e-06
20300.056 3.7885247843602447e-06
20350.056 3.800514055189776e-06
20400.056 3.761775211308043e-06
20450.056 4.010736142149828e-06
20500.056 3.921195200190349e-06
20550.056 4.024753714559869e-06
20600.056 4.221267494460701e-06
20650.056 4.104632352781169e-06
20700.056 4.25336982582996e-06
20750.056 4.2984474813892396e-06
20800.056 4.437603370240392e-06
20850.056 4.455551465759914e-06
20900.056 4.59394831349968e-06
20950.056 4.6484320934998575e-06
21000.056 4.8625502434995934e-06
21050.056 4.84169655520027e-06
21100.056 4.922052041100004e-06
21150.056 5.165488116900346e-06
21200.056 5.1200647873005796e-06
21250.056 5.333142461799359e-06
21300.056 5.195742606599748e-06
21350.056 5.515019629100348e-06
21400.056 5.366662272400513e-06
21450.056 5.812049951500098e-06
21500.056 5.572269135800334e-06
21550.056 5.706320124499632e-06
21600.056 5.8718190157006245e-06
21650.056 5.856008924700572e-06
21700.056 6.088452125399609e-06
21750.056 6.007298548499875e-06
21800.056 6.0106083061998404e-06
21850.056 6.101579874399777e-06
21900.056 6.2433254509007685e-06
21950.056 6.183065024600498e-06
22000.056 6.422047896799556e-06
22050.056 6.240892714999192e-06
22100.056 6.431043450599797e-06
22150.056 6.497173140700603e-06
22200.056 6.338479406201496e-06
22250.056 6.673695451200421e-06
22300.056 6.612674592199469e-06
22350.056 6.503304011900399e-06
22400.056 6.793516290000314e-06
22450.056 6.728658644839011e-06
22500.056 6.837277273999635e-06
22550.056 6.759657929298727e-06
22600.056 6.751550391499645e-06
22650.056 6.818277757461566e-06
22700.056 6.802451809121567e-06
22750.056 6.9839678217694215e-06
22800.056 6.782905914680049e-06
22850.056 6.875170107320803e-06
22900.056 7.071328982469319e-06
22950.056 5.609028467370796e-06
23000.056 6.248517262290508e-06
23050.056 6.402467584568761e-06
23100.056 6.185134126380006e-06
23150.056 6.2868767241111245e-06
23200.056 6.359544096880016e-06
23250.056 5.407612961598204e-06
23300.056 5.796285036690442e-06
23350.056 5.866552533579915e-06
23400.056 5.70748483731013e-06
23450.056 5.878265854829751e-06
23500.056 5.575906435628465e-06
23550.056 5.088895959712013e-06
23600.056 5.270993779811384e-06
23650.056 5.563684660019208e-06
23700.056 5.55592423747823e-06
23750.056 5.448573567640582e-06
23800.056 5.393295723211154e-06
23850.056 4.633356956610477e-06
23900.056 5.008931586609295e-06
23950.056 5.109762966431838e-06
24000.056 4.856503259809432e-06
24050.056 4.756839909190878e-06
24100.056 4.408449068038505e-06
24150.056 4.285858990790739e-06
24200.056 4.365828117778551e-06
24250.056 4.291253046530943e-06
24300.056 4.03280477128017e-06
24350.056 3.91728485828006e-06
24400.056 4.189517509059655e-06
24450.056 3.8989759487300194e-06
24500.056 3.5780156519500423e-06
24550.056 3.575586576049449e-06
24600.056 3.5644797509408727e-06
24650.056 3.829985908619424e-06
24700.056 3.372179414909862e-06
24750.056 3.2177435176410463e-06
24800.056 3.098485713120584e-06
24850.056 3.48007223395016e-06
24900.056 2.941145724631992e-06
24950.056 3.462155286739433e-06
25000.056 3.066254475710124e-06
25050.056 2.7097064904107395e-06
25100.056 3.052260536639884e-06
25150.056 2.703471345620506e-06
25200.056 2.9066368644991126e-06
25250.056 2.8207663778491273e-06
25300.056 2.875771428840229e-06
25350.056 2.582401584830033e-06
25400.056 2.7074250081713257e-06
25450.056 2.6043524551603522e-06
25500.056 2.72126010913104e-06
25550.056 2.5226308672201266e-06
25600.056 2.616053300990324e-06
25650.056 2.4201692872200073e-06
25700.056 2.7841770548786132e-06
25750.056 2.3289183799104627e-06
25800.056 2.6908064205105353e-06
25850.056 2.529551638929738e-06
25900.056 2.6982791482307443e-06
25950.056 2.5209321117703002e-06
26000.056 2.5916175687806896e-06
26050.056 2.935565889350323e-06
26100.056 2.704502305030743e-06
26150.056 2.773068306739033e-06
26200.056 2.613010192100331e-06
26250.056 2.604501423531086e-06
26300.056 2.7016562934600516e-06
26350.056 2.550381178969494e-06
26400.056 2.6569478701791586e-06
26450.056 2.607754962290425e-06
26500.056 2.7156203058088366e-06
26550.056 2.7855252692091468e-06
26600.056 3.085331620359018e-06
26650.056 2.674398487529282e-06
26700.056 2.6792702579596577e-06
26750.056 2.635125606808882e-06
26800.056 2.7557143800488905e-06
26850.056 2.572586236640325e-06
26900.056 2.923738418270187e-06
26950.056 2.2423489711403114e-06
27000.056 2.7843382641711024e-06
27050.056 2.4692569873394753e-06
27100.056 2.466243084029714e-06
27150.056 2.5435316000997328e-06
27200.056 2.5369500672308125e-06
27250.056 2.3730291828614293e-06
27300.056 2.4701649339898802e-06
27350.056 2.505224706058942e-06
27400.056 2.2880745666001538e-06
27450.056 2.631923196108795e-06
27500.056 2.437575417280171e-06
27550.056 2.4860441571300682e-06
27600.056 2.6080063665395594e-06
27650.056 2.2275603677796985e-06
27700.056 2.2864863502504328e-06
27750.056 2.6294364186681065e-06
27800.056 2.090745207289799e-06
27850.056 2.329250575628778e-06
27900.056 2.311487988890235e-06
27950.056 2.524795531089631e-06
28000.056 2.508166010510656e-06
28050.056 2.1035784618504738e-06
28100.056 2.6348207790114534e-06
28150.056 2.23196358268013e-06
28200.056 1.9874004452102713e-06
28250.056 2.287022288130003e-06
28300.056 2.5609127866806587e-06
28350.056 2.3419850394490725e-06
28400.056 2.2686655316500393e-06
28450.056 2.2366174616694805e-06
28500.056 2.337100764779562e-06
28550.056 2.016946384439255e-06
28600.056 2.5365851728102798e-06
28650.056 2.4619218858595557e-06
28700.056 2.2609150107692426e-06
28750.056 2.4320726078098006e-06
28800.056 2.3577541394704695e-06
28850.056 2.46546613699017e-06
