galfind/configs/Brown_Dwarf_templates/sonora_bobcat/m+0.5/56g/sp_t750g56nc_m+0.5_resample.dat
# %ECSV 1.0
# ---
# datatype:
# - {name: wav, unit: Angstrom, datatype: float64}
# - {name: flux_nu, unit: erg / (cm2 Hz s), datatype: float64}
# meta: {C/O: '1.00', Kzz: '1.0000E+05', Teff: '750.', Y: '0.28', '[Fe/H]': '0.50', f_hole: '1.00', f_rain: '0.00', grav: '56.'}
# schema: astropy-2.0
wav flux_nu
4000.0559999999996 nan
4050.0559999999996 1.5055944738443027e-14
4100.056 2.23818005568996e-12
4150.056 1.289223146620068e-11
4200.056 1.0318725844579554e-11
4250.056 3.451395285900346e-11
4300.056 4.895729297700274e-11
4350.056 5.767337195500292e-11
4400.056 6.913086395900194e-11
4450.056 8.670975225599893e-11
4500.056 8.856464678200263e-11
4550.056 9.682411687683307e-11
4600.056 8.813810671374326e-11
4650.056 6.712242832899606e-11
4700.056 4.55675615289997e-11
4750.056 1.2801970427099854e-11
4800.056 2.1969558101099686e-12
4850.056 5.110688912499945e-13
4900.056 2.1710185099999854e-13
4950.056 1.1004889151199916e-13
5000.056 4.8246977764999527e-14
5050.056 2.3670364281000007e-14
5100.056 2.0841020670000054e-14
5150.056 1.9811497290000126e-14
5200.056 1.9026880850000026e-14
5250.056 1.821985653199999e-14
5300.056 1.765810426299999e-14
5350.056 1.7492358547000006e-14
5400.056 1.7577689125999958e-14
5450.056 1.7904796216000023e-14
5500.056 1.838174099900018e-14
5550.056 1.8945383377000065e-14
5600.056 1.9477421776999968e-14
5650.056 1.977968801999998e-14
5700.056 1.9577307411000027e-14
5750.056 1.871255924999998e-14
5800.056 1.667371021999998e-14
5850.056 1.2110904563899833e-14
5900.056 4.229293275267609e-15
5950.056 2.302132604710073e-14
6000.056 4.63091702639993e-14
6050.056 8.186424179400176e-14
6100.056 1.3448707152500142e-13
6150.056 2.1122743408000182e-13
6200.056 3.257633864800023e-13
6250.056 4.92558466820002e-13
6300.056 7.493640809300042e-13
6350.056 1.1284820945700095e-12
6400.056 1.6810622262000143e-12
6450.056 2.4293625285999436e-12
6500.056 3.581460202899979e-12
6550.056 5.232642396200017e-12
6600.056 7.574924602600176e-12
6650.056 1.0791797041700082e-11
6700.056 1.3895428702340152e-11
6750.056 2.0376853092000098e-11
6800.056 2.5960885660000138e-11
6850.056 2.9437163628000046e-11
6900.056 2.8240142121000606e-11
6950.056 2.54482878469997e-11
7000.056 2.6052545040300497e-11
7050.056 2.817350407819941e-11
7100.056 3.09018331559997e-11
7150.056 3.049909143789934e-11
7200.056 2.9584645355075e-11
7250.056 2.892686897891769e-11
7300.056 2.6948995902229714e-11
7350.056 2.4941006548830064e-11
7400.056 2.311275771060092e-11
7450.056 2.0871590635100655e-11
7500.056 1.836365114099974e-11
7550.056 1.5537266459999866e-11
7600.056 1.2770541230199925e-11
7650.056 3.963408167049838e-12
7700.056 2.7821758910421273e-12
7750.056 1.3034108753300204e-11
7800.056 2.1280687261700057e-11
7850.056 3.7957545423999904e-11
7900.056 5.709806031099941e-11
7950.056 6.920603550552072e-11
8000.056 1.178858674130017e-10
8050.056 1.6041692328500587e-10
8100.056 1.9759652591099469e-10
8150.056 2.5060240584787275e-10
8200.056 3.409239934475816e-10
8250.056 4.204206616350133e-10
8300.056 5.293999308427487e-10
8350.056 6.313139139054686e-10
8400.056 7.672869479721751e-10
8450.056 9.602126274179436e-10
8500.056 1.0667212166868977e-09
8550.056 1.3880470581100138e-09
8600.056 1.7400750259200276e-09
8650.056 2.0817419146000688e-09
8700.056 2.3976953234000456e-09
8750.056 2.7994873001000365e-09
8800.056 3.166536680400117e-09
8850.056 3.2556860689799316e-09
8900.056 2.0896285795527784e-09
8950.056 2.2537586119999235e-09
9000.056 2.2760102745523956e-09
9050.056 4.156131486096502e-09
9100.056 4.919081984400976e-09
9150.056 5.2457052758528904e-09
9200.056 6.623311563269845e-09
9250.056 6.6994628662029714e-09
9300.056 3.134813909357087e-09
9350.056 3.580157158907844e-09
9400.056 4.764891703487414e-09
9450.056 6.029784706563627e-09
9500.056 5.769806241613744e-09
9550.056 6.727972119755836e-09
9600.056 6.559183263318541e-09
9650.056 7.7179097275532e-09
9700.056 9.308153239615839e-09
9750.056 9.577796709673139e-09
9800.056 1.058910669911461e-08
9850.056 1.1977859898752342e-08
9900.056 1.4990599751062364e-08
9950.056 1.5301038356480034e-08
10000.056 1.721929944543487e-08
10050.056 2.045830679850113e-08
10100.056 2.5338565467094876e-08
10150.056 3.006836223269607e-08
10200.056 3.5583522080200424e-08
10250.056 4.075196350320199e-08
10300.056 4.835492883099915e-08
10350.056 5.6408674952998226e-08
10400.056 6.639705215599812e-08
10450.056 7.388636829599291e-08
10500.056 8.168752661100478e-08
10550.056 9.013942879000485e-08
10600.056 9.504958510999237e-08
10650.056 1.0188830169160362e-07
10700.056 1.0363696219056526e-07
10750.056 1.09568368566122e-07
10800.056 1.1099315128744673e-07
10850.056 1.0330086426569278e-07
10900.056 7.143970062180904e-08
10950.056 3.610796036737483e-08
11000.056 3.050891639836189e-08
11050.056 2.350134842580573e-08
11100.056 1.6934184766363558e-08
11150.056 9.921840121897208e-09
11200.056 7.945512368877985e-09
11250.056 9.261994847572044e-09
11300.056 1.1134132007628957e-08
11350.056 5.026200148572891e-09
11400.056 8.821457886661602e-09
11450.056 7.673734924856337e-09
11500.056 5.665535503001417e-09
11550.056 1.8680619169904147e-09
11600.056 2.3494181466889744e-09
11650.056 4.935191762433369e-09
11700.056 4.814341821776611e-09
11750.056 1.0884673875212793e-09
11800.056 5.543745944260727e-09
11850.056 9.702294374656641e-09
11900.056 1.127038056425463e-08
11950.056 1.7692657934708098e-08
12000.056 2.5968178266324717e-08
12050.056 3.721737743976203e-08
12100.056 5.0568113337101345e-08
12150.056 6.699564592059756e-08
12200.056 8.28085744792886e-08
12250.056 1.0143209927661908e-07
12300.056 1.2328872738051267e-07
12350.056 1.3222860662466775e-07
12400.056 1.5687277720599718e-07
12450.056 1.6469753844062064e-07
12500.056 1.7984665524560065e-07
12550.056 1.9917607897562528e-07
12600.056 2.3287936720000972e-07
12650.056 2.2672961618399573e-07
12700.056 2.3107229308903565e-07
12750.056 2.2158718335390438e-07
12800.056 2.17741455267096e-07
12850.056 1.8014292219708988e-07
12900.056 1.4885736599057292e-07
12950.056 1.4543282981881165e-07
13000.056 1.2556846971341036e-07
13050.056 1.0516835840224615e-07
13100.056 9.187455156795299e-08
13150.056 7.108213098843425e-08
13200.056 5.87266803013051e-08
13250.056 4.284294444309878e-08
13300.056 1.8506603260169704e-08
13350.056 5.664477240808007e-09
13400.056 4.499547961847008e-09
13450.056 2.1979327862722373e-09
13500.056 1.4134005517149637e-09
13550.056 8.913584608523365e-10
13600.056 2.8405590307043817e-10
13650.056 9.25043587575936e-10
13700.056 7.625942457882518e-10
13750.056 6.35456242090626e-10
13800.056 6.079954087792109e-10
13850.056 4.900066767984107e-10
13900.056 5.365036698450848e-10
13950.056 4.188238871171325e-10
14000.056 4.5060680452675854e-10
14050.056 6.174757386111222e-10
14100.056 7.309418943370637e-10
14150.056 1.1134887833842291e-09
14200.056 8.833702115920088e-10
14250.056 1.1509848633440299e-09
14300.056 1.901653927453639e-09
14350.056 2.147416010244911e-09
14400.056 2.6540735267670948e-09
14450.056 3.080297559045449e-09
14500.056 5.650407118667518e-09
14550.056 6.892457024581755e-09
14600.056 8.920731686632022e-09
14650.056 9.335697680771546e-09
14700.056 7.74260858045526e-09
14750.056 9.00494371684791e-09
14800.056 1.2548715992479576e-08
14850.056 1.4282901357893304e-08
14900.056 1.5752382544695095e-08
14950.056 1.75375518257268e-08
15000.056 2.1642401724929722e-08
15050.056 2.3400378789507958e-08
15100.056 2.576607687101292e-08
15150.056 2.917524633600941e-08
15200.056 3.153301893544133e-08
15250.056 4.1034435800801537e-08
15300.056 4.750294575560281e-08
15350.056 5.345494315830376e-08
15400.056 6.214387670806967e-08
15450.056 6.99159949774722e-08
15500.056 7.369116210945845e-08
15550.056 8.424195445190908e-08
15600.056 8.457004523012102e-08
15650.056 9.406440225280616e-08
15700.056 1.118073484864477e-07
15750.056 1.2224826150429546e-07
15800.056 1.1701081605473775e-07
15850.056 1.2805584122609673e-07
15900.056 1.1415357731780967e-07
15950.056 1.0674756009496899e-07
16000.056 7.852546599140915e-08
16050.056 4.657458302593959e-08
16100.056 3.076949486844903e-08
16150.056 1.8059068482737396e-08
16200.056 1.040999976382196e-08
16250.056 7.806577856574445e-09
16300.056 5.2617673345093685e-09
16350.056 5.892187295933304e-09
16400.056 7.627389729892543e-09
16450.056 7.753384319399571e-09
16500.056 8.098804678007252e-09
16550.056 8.269251624381878e-09
16600.056 7.61887569077287e-09
16650.056 6.362760509963628e-09
16700.056 1.3215526808289e-09
16750.056 2.0885882088141045e-09
16800.056 4.275141821849561e-09
16850.056 5.44746832319018e-09
16900.056 3.5288156818355287e-09
16950.056 2.3371851722549027e-09
17000.056 1.5094636589485946e-09
17050.056 2.842215962455722e-09
17100.056 4.458675535975534e-09
17150.056 2.6801080272601738e-09
17200.056 6.044414120660115e-09
17250.056 5.351185388348396e-09
17300.056 3.271913027377327e-09
17350.056 2.8765324314471856e-09
17400.056 3.898572508714616e-09
17450.056 5.4386728569350275e-09
17500.056 7.232525431016571e-09
17550.056 7.102849572976856e-09
17600.056 5.7051583397863945e-09
17650.056 5.7967573832241875e-09
17700.056 3.9123131658125255e-09
17750.056 4.266636349923235e-09
17800.056 8.061979028723277e-09
17850.056 5.098077949585172e-09
17900.056 3.911387263057441e-09
17950.056 3.3725714397282226e-09
18000.056 4.487442714385933e-09
18050.056 5.247629987713529e-09
18100.056 6.375699126305457e-09
18150.056 8.03039811967783e-09
18200.056 5.2569739901988274e-09
18250.056 1.1355454955146711e-08
18300.056 6.976516891506946e-09
18350.056 5.365900788162032e-09
18400.056 5.606002492821523e-09
18450.056 7.947046429470706e-09
18500.056 8.77236162308442e-09
18550.056 6.8927510358271644e-09
18600.056 6.730453810095788e-09
18650.056 6.840543754591909e-09
18700.056 5.480970911610182e-09
18750.056 8.566858091909738e-09
18800.056 1.528418092724492e-08
18850.056 1.7833362954369943e-08
18900.056 1.6950085749526045e-08
18950.056 2.4926514304381752e-08
19000.056 1.7564113809054624e-08
19050.056 1.299943161963083e-08
19100.056 2.2414854521018005e-08
19150.056 1.6927183738588023e-08
19200.056 2.122550366848487e-08
19250.056 1.6583946118770024e-08
19300.056 1.4941786856460424e-08
19350.056 1.2532997289186693e-08
19400.056 1.0195187235281711e-08
19450.056 1.8899893462716748e-08
19500.056 1.792948073560049e-08
19550.056 1.1918716110488182e-08
19600.056 1.9680767306956426e-08
19650.056 2.115843544756052e-08
19700.056 2.2762440140136542e-08
19750.056 2.6464118758375656e-08
19800.056 2.628237710359998e-08
19850.056 3.4712880870746775e-08
19900.056 2.7384828907301454e-08
19950.056 4.536155403314202e-08
20000.056 4.194576658110608e-08
20050.056 4.4469956318202584e-08
20100.056 5.6989062497762453e-08
20150.056 5.1772461090363976e-08
20200.056 5.695229347931384e-08
20250.056 7.106796967973087e-08
20300.056 7.248031005149456e-08
20350.056 8.432100352044882e-08
20400.056 7.808236524277527e-08
20450.056 9.693904803403743e-08
20500.056 1.0600036932646943e-07
20550.056 1.0401634507753193e-07
20600.056 1.1848114447866637e-07
20650.056 1.186499882799206e-07
20700.056 1.2295307537940944e-07
20750.056 1.304702580405105e-07
20800.056 1.2943085939252548e-07
20850.056 1.2395336660320792e-07
20900.056 1.2663655986626564e-07
20950.056 1.1737979596317745e-07
21000.056 1.0931849782705629e-07
21050.056 1.0729154545528821e-07
21100.056 9.53010171040675e-08
21150.056 9.541351886538934e-08
21200.056 8.273639195595466e-08
21250.056 7.33085530622242e-08
21300.056 5.583748875398263e-08
21350.056 5.6598258010132993e-08
21400.056 4.984377405443563e-08
21450.056 4.230433639769389e-08
21500.056 3.671417442166212e-08
21550.056 3.1911755064087253e-08
21600.056 2.4745187397802073e-08
21650.056 1.9757056353647327e-08
21700.056 1.932068301441039e-08
21750.056 1.6912825323434218e-08
21800.056 1.3810369949278132e-08
21850.056 1.2417415286929524e-08
21900.056 8.164867783423917e-09
21950.056 4.243543378400591e-09
22000.056 1.420599323562863e-09
22050.056 8.968116278350945e-10
22100.056 1.8213781964780422e-09
22150.056 2.9746458986163355e-09
22200.056 3.5079583255822882e-09
22250.056 2.7589697792716293e-09
22300.056 2.1055703509568005e-09
22350.056 2.085651135032085e-09
22400.056 1.3233505217768779e-09
22450.056 1.2032529544200024e-09
22500.056 1.0124193701061692e-09
22550.056 8.013156705277013e-10
22600.056 8.208329390458503e-10
22650.056 9.906492890819102e-10
22700.056 8.005244246921297e-10
22750.056 8.510234399924272e-10
22800.056 7.667515636144813e-10
22850.056 6.571644832284006e-10
22900.056 5.158244434802127e-10
22950.056 4.96713003029142e-10
23000.056 6.974554506423801e-10
23050.056 9.369432985602637e-10
23100.056 2.0276612633623955e-09
23150.056 2.5348724401787075e-09
23200.056 4.298439884960688e-10
23250.056 5.581959569288946e-10
23300.056 5.604376083261833e-10
23350.056 6.100732184589845e-10
23400.056 6.982668304856046e-10
23450.056 6.124192174792792e-10
23500.056 6.617548598897035e-10
23550.056 9.165140126448781e-10
23600.056 1.0596722851919254e-09
23650.056 1.6310494452076198e-09
23700.056 8.503719614610362e-10
23750.056 6.281380744468826e-10
23800.056 9.037663810495282e-10
23850.056 9.904278889554605e-10
23900.056 1.6317448647513103e-09
23950.056 1.7981274157399127e-09
24000.056 2.0722933985988598e-09
24050.056 2.936484606407461e-09
24100.056 2.7092388235319104e-09
24150.056 3.236958106245757e-09
24200.056 2.9805938905254157e-09
24250.056 2.3942634475415603e-09
24300.056 3.1648848162249796e-09
24350.056 2.658545905381679e-09
24400.056 4.043298513252302e-09
24450.056 4.288956862171682e-09
24500.056 4.381339874398826e-09
24550.056 5.6932219881478325e-09
24600.056 5.80613894858768e-09
24650.056 7.610046266539522e-09
24700.056 5.672621494855701e-09
24750.056 6.9543956400252e-09
24800.056 7.311279598931257e-09
24850.056 9.535413946108153e-09
24900.056 6.351235590689925e-09
24950.056 1.0884966508611665e-08
25000.056 1.0212801493009357e-08
25050.056 7.840181682248612e-09
25100.056 1.0813187777923558e-08
25150.056 6.9994973374293735e-09
25200.056 9.673684496283689e-09
25250.056 6.445485798826324e-09
25300.056 9.899382774736309e-09
25350.056 5.560599414815305e-09
25400.056 1.0578043086797679e-08
25450.056 5.401695973522273e-09
25500.056 5.347608867947301e-09
25550.056 6.670044349862561e-09
25600.056 4.693966685449073e-09
25650.056 3.556739159405478e-09
25700.056 6.359141736415895e-09
25750.056 2.616563258974351e-09
25800.056 6.2998477432476e-09
25850.056 2.8389236669945513e-09
25900.056 3.768204072233296e-09
25950.056 2.119576833063997e-09
26000.056 7.1856783909396234e-09
26050.056 3.2903840370240335e-09
26100.056 5.997900684373225e-09
26150.056 4.376087092556755e-09
26200.056 5.526378335518668e-09
26250.056 1.0004918873306987e-08
26300.056 6.1000778871796965e-09
26350.056 1.3082574843195607e-08
26400.056 1.370047738313573e-08
26450.056 1.528980043835285e-08
26500.056 1.7376561036555384e-08
26550.056 7.996713932446446e-09
26600.056 1.1643462100201335e-08
26650.056 4.552038665950204e-09
26700.056 4.105053641349139e-09
26750.056 2.9438085331956504e-09
26800.056 5.713660644141388e-09
26850.056 3.1813296699676918e-09
26900.056 8.505939272752155e-09
26950.056 4.156538199307413e-09
27000.056 1.2611764714414696e-08
27050.056 9.742965559647758e-09
27100.056 5.8315044944091125e-09
27150.056 1.5048086129394038e-08
27200.056 6.282330998651929e-09
27250.056 9.139913007999716e-09
27300.056 2.5020116250657145e-08
27350.056 1.6172507380939142e-08
27400.056 3.583167435287809e-09
27450.056 2.168149843689712e-08
27500.056 2.1134270222078026e-08
27550.056 7.573982455708374e-09
27600.056 1.5535999959397364e-08
27650.056 6.319632485731507e-09
27700.056 5.011135449370219e-09
27750.056 1.6948046849414723e-08
27800.056 6.395241623881485e-09
27850.056 8.838924654403265e-09
27900.056 9.46697798087855e-09
27950.056 1.9372549450474792e-08
28000.056 1.5218953788659252e-08
28050.056 4.204368859570897e-09
28100.056 1.9338632842364284e-08
28150.056 1.1735013086519917e-08
28200.056 5.191674293187779e-09
28250.056 2.021707741989584e-08
28300.056 2.671248023609731e-08
28350.056 7.805821603312579e-09
28400.056 1.5059782963178254e-08
28450.056 2.1495786421308286e-08
28500.056 1.613152604507436e-08
28550.056 5.5470246540149895e-09
28600.056 2.4101960034342097e-08
28650.056 2.090564619617301e-08
28700.056 1.8343343384557925e-08
28750.056 2.876695165023331e-08
28800.056 2.0906521642366152e-08
28850.056 2.6330493228625482e-08
