galfind/configs/Brown_Dwarf_templates/sonora_bobcat/m+0.5/56g/sp_t325g56nc_m+0.5_resample.dat
# %ECSV 1.0
# ---
# datatype:
# - {name: wav, unit: Angstrom, datatype: float64}
# - {name: flux_nu, unit: erg / (cm2 Hz s), datatype: float64}
# meta: {C/O: '1.00', Kzz: '1.0000E+05', Teff: '325.', Y: '0.28', '[Fe/H]': '0.50', f_hole: '1.00', f_rain: '0.00', grav: '56.'}
# schema: astropy-2.0
wav flux_nu
[from data line 499]
28950.056 8.371868605136582e-12
29000.056 4.205713433265319e-12
29050.056 7.486060272487705e-12
29100.056 3.300924794847434e-12
29150.056 3.148379207733163e-12
29200.056 1.6256216043449914e-11
29250.056 1.244038033148539e-11
29300.056 6.237298502031746e-12
29350.056 1.714598204940828e-11
29400.056 9.914526269800403e-12
29450.056 3.3186866195031255e-12
29500.056 2.0719165064006334e-11
29550.056 5.512665506903414e-12
29600.056 6.218694687941731e-12
29650.056 2.69306242358706e-11
29700.056 4.419474030738459e-12
29750.056 2.1638422708078837e-11
29800.056 1.1324119018273503e-11
29850.056 2.208290409653711e-11
29900.056 8.72792289563917e-12
29950.056 1.3697637416765455e-11
30000.056 1.254331962291498e-13
30050.056 1.2769693015812957e-12
30100.056 7.5826701251407e-12
30150.056 2.825653163377563e-11
30200.056 1.54265068898827e-11
30250.056 2.7951044138751883e-11
30300.056 4.770746789990798e-11
30350.056 7.475666712617505e-12
30400.056 3.8853200701596106e-11
30450.056 3.6243080977538134e-11
30500.056 1.323224244373919e-11
30550.056 1.2201520255955304e-11
30600.056 1.2885153503486102e-10
30650.056 5.365454066491678e-11
30700.056 1.9694076747789358e-11
30750.056 5.4928253109369237e-11
30800.056 5.15445541981077e-11
30850.056 5.998687175877828e-11
30900.056 2.3575805428744775e-11
30950.056 2.1209556189742898e-11
31000.056 3.1961406673903905e-11
31050.056 1.2789398412173107e-11
31100.056 9.884177036310633e-12
31150.056 1.850223197214429e-11
31200.056 7.828551240525681e-11
31250.056 4.633980605084455e-11
31300.056 2.053229142850099e-11
31350.056 7.101491113814783e-11
31400.056 5.1138302255485194e-11
31450.056 4.54197848118584e-11
31500.056 1.4317153512596247e-11
31550.056 2.646060577368452e-11
31600.056 1.976202943249872e-11
31650.056 1.7500675607497494e-11
31700.056 1.300809754919931e-11
31750.056 7.427987917584015e-12
31800.056 1.233108895658597e-11
31850.056 1.803539905552184e-12
31900.056 4.456621782642159e-12
31950.056 3.2477004526955125e-12
32000.056 1.5205263213584067e-12
32050.056 3.039000552224307e-12
32100.056 2.7755941172650816e-12
32150.056 2.1622205033395845e-12
32200.056 8.932238945658168e-13
32250.056 2.377263852872528e-12
32300.056 5.591404099013112e-13
32350.056 2.1241617397733964e-12
32400.056 1.7052529954709286e-13
32450.056 1.2509610822801896e-12
32500.056 1.6346190484074041e-13
32550.056 8.575932291805115e-13
32600.056 1.2282221534318477e-13
32650.056 3.040326739103933e-12
32700.056 2.1951383056682253e-13
32750.056 7.639415151478339e-12
32800.056 2.6373402478129e-12
32850.056 2.0305474060966368e-11
32900.056 1.4824744414696078e-11
32950.056 1.6189998337132054e-11
33000.056 3.485606657236341e-12
33050.056 3.8648389308870235e-12
33100.056 5.871089655721061e-13
33150.056 1.287983639713592e-16
33200.056 2.0886655683781338e-14
33250.056 3.70927447745088e-14
33300.056 6.126826307342675e-13
33350.056 1.4623195443558948e-12
33400.056 8.290229257588373e-12
33450.056 2.5216328578510096e-12
33500.056 1.224712208825603e-11
33550.056 1.650561025201754e-12
33600.056 5.761004138301168e-12
33650.056 5.125367853480591e-12
33700.056 1.0654127526137251e-12
33750.056 7.991464843589197e-12
33800.056 3.699834961116656e-13
33850.056 3.6420429493960885e-12
33900.056 4.305002248505751e-12
33950.056 3.5341557971960855e-12
34000.056 9.677041636994103e-12
34050.056 1.2722506632476902e-12
34100.056 9.941169408661054e-12
34150.056 3.796941796533541e-12
34200.056 1.3937026612342233e-11
34250.056 5.629742312093426e-12
34300.056 7.824487029549107e-12
34350.056 2.2834109389547585e-11
34400.056 4.6878230590529666e-12
34450.056 1.843559127296196e-11
34500.056 6.7831662607885e-12
34550.056 7.809066125356442e-12
34600.056 3.9760738928822375e-11
34650.056 3.4677950635413265e-12
34700.056 2.3102181173004588e-11
34750.056 1.4089847659913368e-11
34800.056 1.4454270297667834e-11
34850.056 4.800422292459628e-11
34900.056 6.099420618166746e-12
34950.056 4.530417256079925e-11
35000.056 7.140002067866906e-11
35050.056 4.484662276080461e-11
35100.056 8.880256127486248e-11
35150.056 6.63469638625495e-11
35200.056 6.064318315640625e-11
35250.056 1.1077459784320011e-10
35300.056 4.1705377001319286e-11
35350.056 4.0031182547852984e-11
35400.056 2.5215117135222727e-11
35450.056 3.0348550369883324e-11
35500.056 1.1408190194797654e-10
35550.056 5.570281926721444e-11
35600.056 8.884166720543188e-11
35650.056 1.2559400174634687e-10
35700.056 1.348984843618672e-10
35750.056 1.3154376064546283e-10
35800.056 9.987452362874259e-11
35850.056 3.4209006393528325e-11
35900.056 4.1593153501406475e-11
35950.056 5.882338135459594e-11
36000.056 9.524986790956811e-11
36050.056 5.959235137347307e-11
36100.056 5.3548972085650106e-11
36150.056 1.8018710963650463e-10
36200.056 1.667163812092537e-10
36250.056 1.0454469648062164e-10
36300.056 3.2010693301336114e-10
36350.056 1.471240379421581e-10
36400.056 2.7744780692385755e-10
36450.056 2.7139002408524923e-10
36500.056 2.7028208653999513e-10
36550.056 4.782676366381358e-10
36600.056 4.279768299799298e-10
36650.056 2.8302842324659586e-10
36700.056 3.8733507591891573e-10
36750.056 4.719611658508716e-10
36800.056 5.780424817480716e-10
36850.056 2.072350776874753e-10
36900.056 4.604199639559974e-10
36950.056 5.815597029008847e-10
37000.056 3.6222053757270316e-10
37050.056 6.240573156164885e-10
37100.056 3.446496102685418e-10
37150.056 3.4686744738326906e-10
37200.056 8.205289402696518e-10
37250.056 4.4010465436649196e-10
37300.056 2.499278454340253e-10
37350.056 5.29982490303298e-10
37400.056 8.240131767697649e-10
37450.056 2.7734270104127267e-10
37500.056 5.150513930362055e-10
37550.056 9.247263128562764e-10
37600.056 1.6336668382653417e-09
37650.056 3.914546271188602e-10
37700.056 8.399793261156806e-10
37750.056 5.906832397328783e-10
37800.056 5.137555743855351e-10
37850.056 2.270731882680222e-10
37900.056 3.373851345623795e-10
37950.056 7.924426361725315e-10
38000.056 7.909750763404863e-10
38050.056 1.3689131427393098e-09
38100.056 1.5044451884584102e-09
38150.056 1.8678682205904684e-09
38200.056 1.382949372641756e-09
38250.056 1.8101152936052378e-09
38300.056 2.6569147583284783e-09
38350.056 2.2789631858991604e-09
38400.056 6.991498473380499e-10
38450.056 2.165601859192788e-10
38500.056 1.5405932379449575e-10
38550.056 8.447787204986431e-10
38600.056 8.373832327697223e-10
38650.056 1.070913394636265e-09
38700.056 4.5886085913720746e-10
38750.056 8.410094632527183e-10
38800.056 8.476413850577603e-10
38850.056 1.1039885838510114e-09
38900.056 1.355931274336504e-09
38950.056 7.652945732038832e-10
39000.056 1.8192242270991033e-09
39050.056 6.530660166371495e-10
39100.056 1.3058171676628038e-09
39150.056 2.0021393174983396e-09
39200.056 1.1975430800856257e-09
39250.056 2.502103658423739e-09
39300.056 1.2020146864970999e-09
39350.056 3.0833176962759627e-09
39400.056 1.260501599015887e-09
39450.056 2.3068647281432494e-09
39500.056 2.139342536834538e-09
39550.056 8.549745532277114e-10
39600.056 2.3303873236724593e-09
39650.056 2.449251070174228e-09
39700.056 2.6993449541787525e-09
39750.056 1.1890762383024163e-09
39800.056 1.2871256093200002e-09
39850.056 3.188979341319989e-09
39900.056 4.264312117888444e-09
39950.056 1.3417907357218752e-09
40000.056 2.887147085683642e-09
40050.056 3.335088172542769e-09
40100.056 1.0844141835245798e-09
40150.056 3.166469452527027e-09
40200.056 3.3732437864455147e-09
40250.056 3.950472926802038e-09
40300.056 3.831078991448822e-09
40350.056 2.1383883982487263e-09
40400.056 3.033230472127627e-09
40450.056 1.3278907257319602e-09
40500.056 4.415844906203078e-09
40550.056 5.104371824507712e-09
40600.056 3.2573655848501996e-09
40650.056 2.3043779102315922e-09
40700.056 5.300730020698829e-09
40750.056 3.3457248807564237e-09
40800.056 2.054860358452631e-09
40850.056 7.3813280303421905e-09
40900.056 5.736762424965412e-09
40950.056 5.296197661241125e-09
41000.056 3.478263970132463e-09
41050.056 7.687956956666814e-09
41100.056 5.926078962476078e-09
41150.056 1.9517075347474034e-09
41200.056 8.470859841666515e-09
41250.056 5.038056555399351e-09
41300.056 5.459381687031964e-09
41350.056 8.172817144118523e-09
41400.056 6.577022597399409e-09
41450.056 1.0513889875055772e-08
41500.056 6.376552591552112e-09
41550.056 5.240707950529833e-09
41600.056 5.34034891199588e-09
41650.056 8.676030666453322e-09
41700.056 1.176887054143586e-08
41750.056 8.590894324217655e-09
41800.056 7.922440229481843e-09
41850.056 8.517273447918198e-09
41900.056 6.587228297023304e-09
41950.056 6.243923813475422e-09
42000.056 2.643862382428155e-09
42050.056 4.578757071908704e-09
42100.056 4.1858424931713755e-09
42150.056 5.83764946705335e-09
42200.056 7.993371082573602e-09
42250.056 5.3666654327654606e-09
42300.056 5.082267618063233e-09
42350.056 9.411898462090069e-09
42400.056 1.2140253886912088e-08
42450.056 1.2130596040503635e-08
42500.056 1.1784089655397326e-08
42550.056 9.815784700186462e-09
42600.056 9.59164877906002e-09
42650.056 1.647469342189215e-08
42700.056 6.662362739449016e-09
42750.056 1.312667099285277e-08
42800.056 2.1140786738104373e-08
42850.056 1.931820944659447e-08
42900.056 1.9361624484164907e-08
42950.056 1.6838928358497827e-08
43000.056 1.9289420313604684e-08
43050.056 9.448041801906912e-09
43100.056 1.4421120636227952e-08
43150.056 1.1317978053291945e-08
43200.056 2.1726258026302826e-08
43250.056 2.5482532220298887e-08
43300.056 2.515394237219818e-08
43350.056 1.3862044435494687e-08
43400.056 2.054539878543174e-08
43450.056 1.1798271109080034e-08
43500.056 1.059517706182936e-08
43550.056 1.2853479440572799e-08
43600.056 2.379564945270397e-08
43650.056 1.5014681433490336e-08
43700.056 2.7573613151559537e-08
43750.056 2.54199362697953e-08
43800.056 2.2630963190935038e-08
43850.056 1.9129859375709853e-08
43900.056 1.4430721774681687e-08
43950.056 8.329406145409335e-09
44000.056 9.638440176398434e-09
44050.056 2.8315360835899064e-08
44100.056 3.4900851193796954e-08
44150.056 3.180504976591982e-08
44200.056 2.9139721109600232e-08
44250.056 1.355609736909891e-08
44300.056 1.1490308097521581e-08
44350.056 1.2175736251107276e-08
44400.056 1.038428349345841e-08
44450.056 2.1767368957510992e-08
44500.056 2.108609779854337e-08
44550.056 3.043698771039759e-08
44600.056 2.561615562557808e-08
44650.056 2.0708776314664036e-08
44700.056 1.3971216547799197e-08
44750.056 2.692199157230648e-08
44800.056 1.4574151066484912e-08
44850.056 1.8874328586394328e-08
44900.056 1.953436165562174e-08
44950.056 2.4621673163804147e-08
45000.056 3.1026145687101996e-08
45050.056 2.4920997655895087e-08
45100.056 2.1829543347598688e-08
45150.056 1.796297081921519e-08
45200.056 1.4576069181351148e-08
45250.056 1.7839197957514232e-08
45300.056 1.6877356368462727e-08
45350.056 1.1451544089824903e-08
45400.056 4.102389094890679e-08
45450.056 2.8375407403102813e-08
45500.056 4.1930409767223405e-08
45550.056 4.127012555148524e-08
45600.056 3.156439419800799e-08
45650.056 2.5533455672250548e-08
45700.056 1.6007296748988256e-08
45750.056 1.5376960929681476e-08
45800.056 4.2088459352800846e-08
45850.056 2.7957384521098028e-08
45900.056 4.2979326579394003e-08
45950.056 3.991156886579967e-08
46000.056 3.89271803246545e-08
46050.056 2.7533463353696e-08
46100.056 5.2528448795994245e-08
46150.056 2.722691249100312e-08
46200.056 2.170165355234549e-08
46250.056 7.740303425032065e-09
46300.056 2.6615539582999847e-08
46350.056 2.730550783284493e-08
46400.056 2.4309127423299647e-08
46450.056 2.326598652999177e-08
46500.056 2.756940823217591e-08
46550.056 1.191890541370076e-08
46600.056 1.9589435968925115e-08
46650.056 3.197261062030251e-08
46700.056 1.9996731733293817e-08
46750.056 8.650176661581773e-09
46800.056 5.147390789374171e-09
46850.056 3.0251910040605545e-08
46900.056 3.236986250309933e-08
46950.056 3.4253443738897176e-08
47000.056 3.323652746310553e-08
47050.056 2.098086814181424e-08
47100.056 1.4695168966482605e-08
47150.056 2.622736324022274e-08
47200.056 2.7676453538797285e-08
47250.056 1.4209406211928251e-08
47300.056 8.93183615805617e-09
47350.056 3.3101952732602004e-08
47400.056 2.904807035019632e-08
47450.056 2.063944554502536e-08
47500.056 3.5796506069380496e-08
47550.056 3.22096480706036e-08
47600.056 2.726281154229806e-08
47650.056 2.950348133848793e-08
47700.056 2.1386426872000468e-08
47750.056 1.5738224997801067e-08
47800.056 1.1589714368802053e-08
47850.056 4.802937041913234e-09
47900.056 8.621794179463314e-09
47950.056 2.3978752303802127e-08
48000.056 3.4618739988001305e-08
48050.056 2.7024853477982166e-08
48100.056 1.0348430480137816e-08
48150.056 2.215841504280073e-08
48200.056 1.2042343087643442e-08
48250.056 1.6173965302548325e-08
48300.056 3.356199335599699e-08
48350.056 1.7353482003197458e-08
48400.056 3.4214180864979492e-09
48450.056 7.337873917821967e-09
48500.056 1.3853981278596417e-08
48550.056 1.5896302780249603e-08
48600.056 2.617010195319745e-08
48650.056 3.49810868839952e-08
48700.056 2.089129593148437e-08
48750.056 1.6208936793105826e-08
48800.056 2.93574848133004e-08
48850.056 1.3607527486377793e-08
48900.056 1.544911882862808e-08
48950.056 7.305033018799968e-09
49000.056 3.827168884703386e-09
49050.056 1.5149511007227904e-08
49100.056 2.2605622129224653e-08
49150.056 1.6260946963052862e-08
49200.056 3.004003672900639e-08
49250.056 3.060098630710013e-08
49300.056 2.4304799064999955e-08
49350.056 7.567949192605008e-09
49400.056 1.1998310621735867e-08
49450.056 1.0848087969737781e-08
49500.056 7.728639903181683e-09
49550.056 1.1971450036260403e-09
49600.056 3.988873952228846e-09
49650.056 1.3702832140402183e-08
49700.056 1.5926389259593683e-08
49750.056 1.3355045670890777e-08
49800.056 7.649933913766303e-09
49850.056 2.128189075984383e-08
49900.056 1.8147445475197874e-08
49950.056 1.8819217488400912e-08
50000.056 1.1052041327586753e-08
50050.056 1.4175207023520615e-08
50100.056 1.1163345638998967e-08
50150.056 4.211127474397014e-09
50200.056 5.1326241750224e-10
50250.056 4.14403643679996e-09
50300.056 2.5593290359845774e-09
50350.056 1.3188241321202632e-08
50400.056 1.509451418561689e-08
50450.056 1.2522254901361931e-08
50500.056 2.0315935073690583e-08
50550.056 1.6657648665501822e-08
50600.056 1.1696615758866992e-08
50650.056 2.221844399070313e-08
50700.056 1.9353414087396268e-08
50750.056 1.100587758238075e-08
50800.056 2.7267268385703566e-09
50850.056 1.151281773646602e-09
50900.056 1.0375969199801083e-08
50950.056 1.0263093126098628e-08
51000.056 7.479921255746624e-09
51050.056 1.4048485573498292e-08
51100.056 4.320606820615154e-09
51150.056 4.0913542596047445e-09
51200.056 1.6818836696000065e-08
51250.056 1.2094664353414457e-08
51300.056 7.803193683463187e-09
51350.056 5.978912390546031e-09
51400.056 1.3087452494462625e-09
51450.056 1.1185883894747734e-09
51500.056 1.1627485470209137e-09
51550.056 5.703263312761282e-09
51600.056 5.663870270541905e-09
51650.056 8.810862053799864e-09
51700.056 8.494715533535898e-09
51750.056 5.061488547401193e-09
51800.056 1.0975696991698737e-08
51850.056 8.59855613626924e-09
51900.056 8.630502953899112e-09
51950.056 3.995967097699576e-09
52000.056 3.068664863628951e-10
52050.056 1.9043872557902505e-09
52100.056 9.482532124497995e-10
52150.056 4.753203291376116e-10
52200.056 2.298052765899963e-09
52250.056 4.04465822996121e-09
52300.056 4.668907777439664e-09
52350.056 1.1251623899694307e-09
52400.056 1.3150430974640026e-09
52450.056 6.860985901100462e-09
52500.056 4.519762397081745e-09
52550.056 6.865642094499636e-09
52600.056 5.5408364541396806e-09
52650.056 6.692169459460228e-09
52700.056 4.375029623089551e-09
52750.056 1.0784012216746091e-09
52800.056 2.5540152338404944e-09
52850.056 2.9839518682093054e-09
52900.056 8.374277099310741e-10
52950.056 1.7132618080682739e-09
53000.056 3.754889247100901e-09
53050.056 1.2085756960736032e-09
53100.056 5.378412425169312e-09
53150.056 5.20387289049507e-09
53200.056 2.568378313918616e-09
53250.056 4.2832215684118846e-09
53300.056 5.616400467551588e-09
53350.056 4.078527011263158e-09
53400.056 2.3264625691990968e-09
53450.056 6.477272791977553e-10
53500.056 1.0248948266406768e-10
53550.056 2.546660361310135e-10
