galfind/configs/Brown_Dwarf_templates/sonora_bobcat/m+0.5/56g/sp_t300g56nc_m+0.5_resample.dat
# %ECSV 1.0
# ---
# datatype:
# - {name: wav, unit: Angstrom, datatype: float64}
# - {name: flux_nu, unit: erg / (cm2 Hz s), datatype: float64}
# meta: {C/O: '1.00', Kzz: '1.0000E+05', Teff: '300.', Y: '0.28', '[Fe/H]': '0.50', f_hole: '1.00', f_rain: '0.00', grav: '56.'}
# schema: astropy-2.0
wav flux_nu
[from data line 499]
28950.056 2.5250299426452433e-12
29000.056 1.1688318914880014e-12
29050.056 2.154620276955482e-12
29100.056 8.590129950128747e-13
29150.056 7.077645605451512e-13
29200.056 6.054657067262299e-12
29250.056 3.4616235379296985e-12
29300.056 1.7773888545211213e-12
29350.056 5.072994594240246e-12
29400.056 3.2164959057912473e-12
29450.056 7.897514028778383e-13
29500.056 6.7134645090195985e-12
29550.056 1.5697373172073875e-12
29600.056 1.5363125069719517e-12
29650.056 8.325596743009529e-12
29700.056 1.1863834095602187e-12
29750.056 7.383568046377307e-12
29800.056 3.065289719207576e-12
29850.056 7.066804289077601e-12
29900.056 2.4305716008546984e-12
29950.056 3.898543390290158e-12
30000.056 2.757361508881101e-14
30050.056 3.803314876900531e-13
30100.056 2.6212070209432746e-12
30150.056 1.0196095757964866e-11
30200.056 5.17111486179102e-12
30250.056 8.613922951900285e-12
30300.056 1.557390209675777e-11
30350.056 1.9854044414974942e-12
30400.056 1.2958932500610705e-11
30450.056 1.4272614219028715e-11
30500.056 3.3557443819617585e-12
30550.056 3.3656419462720336e-12
30600.056 5.8121689349063576e-11
30650.056 2.1210400265056432e-11
30700.056 5.694458867734607e-12
30750.056 1.864227539381218e-11
30800.056 2.2472103546341857e-11
30850.056 2.418386298523027e-11
30900.056 8.951712317786589e-12
30950.056 6.865956892829456e-12
31000.056 1.1423298261675498e-11
31050.056 3.5719894095684772e-12
31100.056 3.1631546250002772e-12
31150.056 5.841803133940861e-12
31200.056 3.312545415645939e-11
31250.056 1.9238063531689283e-11
31300.056 6.978842226393837e-12
31350.056 3.145452012141903e-11
31400.056 2.3777812213417217e-11
31450.056 1.9934771996280978e-11
31500.056 5.4658698776915394e-12
31550.056 1.1145715160788644e-11
31600.056 8.82805925420869e-12
31650.056 7.394135182293697e-12
31700.056 4.885539391095635e-12
31750.056 2.9589290240772675e-12
31800.056 4.5665154888246575e-12
31850.056 6.053266461745511e-13
31900.056 1.4784752660097987e-12
31950.056 1.1053182165646873e-12
32000.056 4.549144723872844e-13
32050.056 8.997731766850733e-13
32100.056 8.361376596631006e-13
32150.056 5.57854445745778e-13
32200.056 2.1807958963646069e-13
32250.056 5.684063013109488e-13
32300.056 1.176199901611761e-13
32350.056 4.710494073732082e-13
32400.056 2.78103261297164e-14
32450.056 2.603589699945027e-13
32500.056 2.4560410382655754e-14
32550.056 1.6846093559094357e-13
32600.056 1.4637733084157236e-14
32650.056 5.949605310525088e-13
32700.056 2.9024725931353084e-14
32750.056 1.6690789345071184e-12
32800.056 5.146938143651943e-13
32850.056 5.595059604897338e-12
32900.056 3.907700201720197e-12
32950.056 4.284756655425718e-12
33000.056 8.598943455697154e-13
33050.056 7.217240878282269e-13
33100.056 9.977609662693104e-14
33150.056 3.1087318185221924e-17
33200.056 5.7123316120841034e-15
33250.056 1.1235777369635189e-14
33300.056 2.193433568914744e-13
33350.056 4.1030774608030905e-13
33400.056 2.7205913564306206e-12
33450.056 5.029809994785116e-13
33500.056 3.0908480600559e-12
33550.056 3.7422198934373907e-13
33600.056 1.389097444535497e-12
33650.056 1.2905742774991443e-12
33700.056 1.9695891688418617e-13
33750.056 1.9339504023679678e-12
33800.056 6.668446637225708e-14
33850.056 8.780596282754258e-13
33900.056 1.0569859587338392e-12
33950.056 9.46818074828272e-13
34000.056 2.648399644079066e-12
34050.056 3.594210498902449e-13
34100.056 2.965394176773724e-12
34150.056 1.0564024259600713e-12
34200.056 4.419969190085921e-12
34250.056 1.511017768754422e-12
34300.056 2.3682057141351963e-12
34350.056 8.921801146322711e-12
34400.056 1.4710187127358066e-12
34450.056 6.537871472489631e-12
34500.056 2.049290460856767e-12
34550.056 3.3415456271422923e-12
34600.056 1.707041177138159e-11
34650.056 1.016787722696807e-12
34700.056 8.560278972862062e-12
34750.056 5.263672240055833e-12
34800.056 5.033027803658996e-12
34850.056 1.9288251822073694e-11
34900.056 1.7893754974740358e-12
34950.056 2.0076612120629014e-11
35000.056 2.7398078286660116e-11
35050.056 2.0770984473190817e-11
35100.056 3.775203799174643e-11
35150.056 2.8507119985245727e-11
35200.056 2.494965681869343e-11
35250.056 4.8625846457953305e-11
35300.056 1.598640720725194e-11
35350.056 1.2651220924848793e-11
35400.056 7.54225964135599e-12
35450.056 9.755652024333892e-12
35500.056 3.9529477949980033e-11
35550.056 1.8061252100816197e-11
35600.056 3.646453828541182e-11
35650.056 5.86483494250828e-11
35700.056 6.235836445193999e-11
35750.056 4.8707800207361955e-11
35800.056 3.237104003160347e-11
35850.056 1.1640609885021846e-11
35900.056 1.3979141615898332e-11
35950.056 2.1898812149837754e-11
36000.056 3.6608092521934934e-11
36050.056 2.2884794191330932e-11
36100.056 2.0502877406555342e-11
36150.056 8.708063354391483e-11
36200.056 7.322922143367932e-11
36250.056 4.2078403473570647e-11
36300.056 1.5254818299555033e-10
36350.056 6.708626775857681e-11
36400.056 1.2748663457208008e-10
36450.056 1.1578097873546069e-10
36500.056 1.1207899373028563e-10
36550.056 2.365177843992985e-10
36600.056 1.956088164435113e-10
36650.056 1.2016624298412691e-10
36700.056 1.8459618763360103e-10
36750.056 2.2680046524720113e-10
36800.056 2.899944787277924e-10
36850.056 8.585214264956759e-11
36900.056 1.960384122397631e-10
36950.056 2.9140646740374173e-10
37000.056 1.7214238095836431e-10
37050.056 3.1077558589706255e-10
37100.056 1.3741633949611552e-10
37150.056 1.615857694490377e-10
37200.056 4.307420660523542e-10
37250.056 2.1833595508429386e-10
37300.056 1.0309002726593275e-10
37350.056 2.2986259519871063e-10
37400.056 3.688421212772727e-10
37450.056 1.1303611703103456e-10
37500.056 2.3828796350440585e-10
37550.056 4.665863792739764e-10
37600.056 8.975077948325989e-10
37650.056 1.7870188690021335e-10
37700.056 3.8737126145273973e-10
37750.056 2.946766142797811e-10
37800.056 2.3561412675920456e-10
37850.056 1.0025172582541436e-10
37900.056 1.4200912461177908e-10
37950.056 3.6200391434664613e-10
38000.056 3.6446787960907517e-10
38050.056 7.206346666632585e-10
38100.056 7.764673048294875e-10
38150.056 1.0540609511677169e-09
38200.056 7.190871405934507e-10
38250.056 1.0456023515770849e-09
38300.056 1.5514168174798023e-09
38350.056 1.165505639600068e-09
38400.056 3.043035136711828e-10
38450.056 7.51049982093339e-11
38500.056 6.14975846203963e-11
38550.056 4.097716489864973e-10
38600.056 4.231889952310978e-10
38650.056 5.468814314570223e-10
38700.056 1.9196176247817533e-10
38750.056 4.1152359051249883e-10
38800.056 4.0068730143589926e-10
38850.056 5.735565461360311e-10
38900.056 6.82655887476755e-10
38950.056 3.598416196235788e-10
39000.056 9.884365768505785e-10
39050.056 2.784979015329483e-10
39100.056 6.369683732388779e-10
39150.056 1.107420463450376e-09
39200.056 5.98019726768743e-10
39250.056 1.3939136752436805e-09
39300.056 6.00087555814485e-10
39350.056 1.6990883116634706e-09
39400.056 6.36305376463277e-10
39450.056 1.2658421322245482e-09
39500.056 1.1142708290893843e-09
39550.056 3.8606188827372804e-10
39600.056 1.288328510985426e-09
39650.056 1.2982557852313084e-09
39700.056 1.5181564159888565e-09
39750.056 5.782607308841072e-10
39800.056 6.199218608141061e-10
39850.056 1.7073755622685917e-09
39900.056 2.460861579066325e-09
39950.056 6.520174525716421e-10
40000.056 1.505456376939056e-09
40050.056 1.8262428631993032e-09
40100.056 5.345026737202303e-10
40150.056 1.717695591550503e-09
40200.056 1.867320063772485e-09
40250.056 2.1993065558021605e-09
40300.056 2.1808130888452906e-09
40350.056 1.099411420690497e-09
40400.056 1.5615354974507164e-09
40450.056 6.035714886995402e-10
40500.056 2.459944454376883e-09
40550.056 2.8688742924893832e-09
40600.056 1.803488018376085e-09
40650.056 1.20905690232042e-09
40700.056 2.8246730798437026e-09
40750.056 1.801404401583042e-09
40800.056 1.0446828099089002e-09
40850.056 4.318971481213218e-09
40900.056 3.3672763608203137e-09
40950.056 3.0584478254981055e-09
41000.056 1.8468239298678486e-09
41050.056 4.493945670738181e-09
41100.056 3.4351724174295874e-09
41150.056 9.690703439107355e-10
41200.056 5.0840927053889965e-09
41250.056 2.8790657307100935e-09
41300.056 3.0940427648897186e-09
41350.056 4.994603699109275e-09
41400.056 3.8542462273795865e-09
41450.056 6.438522690867338e-09
41500.056 3.7058285840395912e-09
41550.056 2.9094443718808078e-09
41600.056 3.0646462788716637e-09
41650.056 5.340908349851635e-09
41700.056 7.588261664807823e-09
41750.056 5.3114144356085745e-09
41800.056 4.714984505631029e-09
41850.056 5.2243217120477096e-09
41900.056 3.7086706845802437e-09
41950.056 3.534903894463294e-09
42000.056 1.1461901905577335e-09
42050.056 2.364475905186343e-09
42100.056 2.2041903362609764e-09
42150.056 3.2445270213193557e-09
42200.056 4.839389121205938e-09
42250.056 3.1466531350499022e-09
42300.056 2.8351056598285034e-09
42350.056 5.760240479720017e-09
42400.056 7.784533357161355e-09
42450.056 8.08524971685216e-09
42500.056 8.085034068058333e-09
42550.056 6.537697294707911e-09
42600.056 6.156350221528738e-09
42650.056 1.05442147946653e-08
42700.056 3.821416853231552e-09
42750.056 8.80052869751201e-09
42800.056 1.4779985694802675e-08
42850.056 1.3310539342096463e-08
42900.056 1.2949343457613003e-08
42950.056 1.147333220049899e-08
43000.056 1.3356847829802634e-08
43050.056 6.127964561989317e-09
43100.056 9.562011684065054e-09
43150.056 7.524484381651082e-09
43200.056 1.5155973819601982e-08
43250.056 1.7544391273899572e-08
43300.056 1.740953111999931e-08
43350.056 9.413370572796252e-09
43400.056 1.425093664203139e-08
43450.056 7.765529372259979e-09
43500.056 6.651797663117238e-09
43550.056 8.376599194871537e-09
43600.056 1.6465167899702904e-08
43650.056 9.980877974560132e-09
43700.056 1.9064164840767018e-08
43750.056 1.8258461726596504e-08
43800.056 1.558174443785641e-08
43850.056 1.3280418485800172e-08
43900.056 9.344751082003985e-09
43950.056 5.368869221069597e-09
44000.056 6.438155945168963e-09
44050.056 1.9908296784999196e-08
44100.056 2.4234054225998357e-08
44150.056 2.2450194827719406e-08
44200.056 2.089900473250051e-08
44250.056 9.169725076799154e-09
44300.056 7.663880103460965e-09
44350.056 7.902343908536339e-09
44400.056 6.579868925709235e-09
44450.056 1.5026667516991373e-08
44500.056 1.4531846040402128e-08
44550.056 2.070901799659852e-08
44600.056 1.716177645176876e-08
44650.056 1.4033558791482874e-08
44700.056 9.554567631679096e-09
44750.056 1.898761832640431e-08
44800.056 9.689421660927512e-09
44850.056 1.2561146182555415e-08
44900.056 1.3686686563421064e-08
44950.056 1.714925310110312e-08
45000.056 2.246109419670146e-08
45050.056 1.725235896479657e-08
45100.056 1.525178023785916e-08
45150.056 1.199976584573681e-08
45200.056 9.693392018410908e-09
45250.056 1.2093953345396285e-08
45300.056 1.17147548577317e-08
45350.056 7.4470355780431054e-09
45400.056 2.9357045827904757e-08
45450.056 1.9586215803671607e-08
45500.056 2.980873963148246e-08
45550.056 2.9345311160890248e-08
45600.056 2.1633991760205308e-08
45650.056 1.7735012452210287e-08
45700.056 1.088543128358876e-08
45750.056 1.0394820275531095e-08
45800.056 2.9235051339801034e-08
45850.056 1.8726421019069256e-08
45900.056 3.0325757393596095e-08
45950.056 2.9183760673199527e-08
46000.056 2.7355462327903147e-08
46050.056 1.8971733042794666e-08
46100.056 3.81627692139964e-08
46150.056 1.9151672572401714e-08
46200.056 1.4769169388666854e-08
46250.056 4.969314006497491e-09
46300.056 1.8483202516999926e-08
46350.056 1.8357204580703315e-08
46400.056 1.7012860157199895e-08
46450.056 1.6105250099040632e-08
46500.056 1.9201199075803895e-08
46550.056 7.829635453780258e-09
46600.056 1.2738253521626087e-08
46650.056 2.1708515636601462e-08
46700.056 1.3481035337795899e-08
46750.056 5.33342689171107e-09
46800.056 3.0777124126100306e-09
46850.056 1.991882268630363e-08
46900.056 2.2637969284899394e-08
46950.056 2.424312164279817e-08
47000.056 2.375115342500354e-08
47050.056 1.4189879055268044e-08
47100.056 1.0047700177001698e-08
47150.056 1.86730242910019e-08
47200.056 1.9293529227697987e-08
47250.056 9.225676168218624e-09
47300.056 5.8191243988334866e-09
47350.056 2.244531498640207e-08
47400.056 2.0601743467397223e-08
47450.056 1.342112467382871e-08
47500.056 2.4580174118365855e-08
47550.056 2.2748466157302e-08
47600.056 1.8025498664508343e-08
47650.056 1.9998954488571997e-08
47700.056 1.438147689282695e-08
47750.056 1.0605824365090595e-08
47800.056 7.413031789101394e-09
47850.056 2.877558040567732e-09
47900.056 5.402168378473745e-09
47950.056 1.6179294458401248e-08
48000.056 2.3402724499800068e-08
48050.056 1.7725043288681258e-08
48100.056 6.737724134091184e-09
48150.056 1.4925869537500535e-08
48200.056 7.547349971871469e-09
48250.056 1.0597679410198932e-08
48300.056 2.2668579396598568e-08
48350.056 1.126980787819812e-08
48400.056 1.9946221359613704e-09
48450.056 4.274638286437153e-09
48500.056 8.480294274797843e-09
48550.056 1.0091633236657163e-08
48600.056 1.8324818058297974e-08
48650.056 2.4608563164597085e-08
48700.056 1.4310676447643222e-08
48750.056 1.1693420375303417e-08
48800.056 2.003823011760036e-08
48850.056 8.884297773508597e-09
48900.056 9.244059431424863e-09
48950.056 4.197958181499911e-09
49000.056 2.285526690925387e-09
49050.056 9.518362160388676e-09
49100.056 1.4864517438056055e-08
49150.056 1.0787858809287556e-08
49200.056 2.0649791211104105e-08
49250.056 2.099542828239948e-08
49300.056 1.628570365249985e-08
49350.056 4.840775669785181e-09
49400.056 7.718020085707308e-09
49450.056 6.702867428066612e-09
49500.056 4.6788103568180825e-09
49550.056 6.52970912303018e-10
49600.056 2.217410798800485e-09
49650.056 8.632620445901645e-09
49700.056 1.0453634682596148e-08
49750.056 8.112848420085548e-09
49800.056 4.5339780565782604e-09
49850.056 1.3651162057182263e-08
49900.056 1.2350891562458806e-08
49950.056 1.2687901399900522e-08
50000.056 6.641451348930473e-09
50050.056 8.558914683010511e-09
50100.056 6.884045042299335e-09
50150.056 2.3745203400294378e-09
50200.056 2.7817434387812e-10
50250.056 2.2309284023000044e-09
50300.056 1.3925261755983433e-09
50350.056 8.121096294701746e-09
50400.056 9.936444914237906e-09
50450.056 8.394471088581473e-09
50500.056 1.384160767691016e-08
50550.056 1.1535216376101167e-08
50600.056 7.752383127037997e-09
50650.056 1.531962752210203e-08
50700.056 1.283063071309798e-08
50750.056 6.888174334680337e-09
50800.056 1.5246598233216416e-09
50850.056 6.144804604043102e-10
50900.056 6.110957620200773e-09
50950.056 6.5305923650990544e-09
51000.056 4.494563729041373e-09
51050.056 9.163701084489043e-09
51100.056 2.6450371540670404e-09
51150.056 2.301019285834489e-09
51200.056 1.077892552660002e-08
51250.056 7.852687762167008e-09
51300.056 4.9152011895417e-09
51350.056 3.4429881004093863e-09
51400.056 6.731157029441464e-10
51450.056 6.037683373622827e-10
51500.056 6.349433094452703e-10
51550.056 3.220868238900768e-09
51600.056 3.5306318906711857e-09
51650.056 5.84957102560011e-09
51700.056 5.416319633454682e-09
51750.056 3.136466090105721e-09
51800.056 7.2775351872992304e-09
51850.056 5.61729506369953e-09
51900.056 5.086887334199557e-09
51950.056 2.1898752354397646e-09
52000.056 1.836006940279489e-10
52050.056 1.0079695042001149e-09
52100.056 4.990704980438938e-10
52150.056 2.5824505664851126e-10
52200.056 1.309812019049994e-09
52250.056 2.4076128176406487e-09
52300.056 2.5996945131897927e-09
52350.056 5.814678492395088e-10
52400.056 6.935468233109976e-10
52450.056 3.908420425500227e-09
52500.056 2.491250229960347e-09
52550.056 4.2844543744198116e-09
52600.056 3.6241573490998778e-09
52650.056 4.328480406140098e-09
52700.056 2.6701269913596705e-09
52750.056 5.883676797717858e-10
52800.056 1.4443507260302908e-09
52850.056 1.7037279713096094e-09
52900.056 4.4336070784674574e-10
52950.056 9.123921870301548e-10
53000.056 2.162690479850481e-09
53050.056 6.835624758377901e-10
53100.056 3.3145462518596467e-09
53150.056 3.1083053378555453e-09
53200.056 1.5318590912447093e-09
53250.056 2.3939152056236044e-09
53300.056 3.1991217671897492e-09
53350.056 2.307114036349794e-09
53400.056 1.2946046680894928e-09
53450.056 3.626568638728793e-10
53500.056 7.390597740417781e-11
