galfind/configs/Brown_Dwarf_templates/sonora_bobcat/m+0.5/56g/sp_t1200g56nc_m+0.5_resample.dat
# %ECSV 1.0
# ---
# datatype:
# - {name: wav, unit: Angstrom, datatype: float64}
# - {name: flux_nu, unit: erg / (cm2 Hz s), datatype: float64}
# meta: {C/O: '1.00', Kzz: '1.0000E+05', Teff: '1200.', Y: '0.28', '[Fe/H]': '0.50', f_hole: '1.00', f_rain: '0.00', grav: '56.'}
# schema: astropy-2.0
wav flux_nu
[from data line 498]
28900.056 2.2732505324999816e-07
28950.056 3.4298437682401526e-07
29000.056 2.8352513332693187e-07
29050.056 2.940527669009245e-07
29100.056 2.4160151265005186e-07
29150.056 3.266039811021079e-07
29200.056 2.804319491240802e-07
29250.056 3.469100823390003e-07
29300.056 2.632803959288312e-07
29350.056 4.0752544235187075e-07
29400.056 3.0260225961891635e-07
29450.056 3.2701119260297856e-07
29500.056 3.3644863047394747e-07
29550.056 3.229312984500241e-07
29600.056 3.5352526327390985e-07
29650.056 3.401463903209586e-07
29700.056 2.877859690448805e-07
29750.056 3.696675682081699e-07
29800.056 3.7937419973796636e-07
29850.056 3.7213039614398183e-07
29900.056 3.4091325188311373e-07
29950.056 3.8181464832894607e-07
30000.056 3.817843514149654e-07
30050.056 3.5263973491795126e-07
30100.056 3.082176669248664e-07
30150.056 4.297834158549617e-07
30200.056 3.5879585288801007e-07
30250.056 4.0608474308512876e-07
30300.056 3.7369346688197505e-07
30350.056 3.335898883600236e-07
30400.056 3.9702513999103776e-07
30450.056 3.223601643160382e-07
30500.056 2.701661417660481e-07
30550.056 3.158650231250489e-07
30600.056 3.280217474640178e-07
30650.056 3.003473601049395e-07
30700.056 2.933209221589962e-07
30750.056 2.7285661798798704e-07
30800.056 2.626585331080462e-07
30850.056 2.2685124309093357e-07
30900.056 2.3998274087896423e-07
30950.056 2.080116764590457e-07
31000.056 1.9537779445199694e-07
31050.056 2.001843662120037e-07
31100.056 1.698725145809837e-07
31150.056 1.8508738836698039e-07
31200.056 1.9858179037101687e-07
31250.056 1.621914291549739e-07
31300.056 1.597205015969833e-07
31350.056 1.5110359611499864e-07
31400.056 1.358576937180177e-07
31450.056 1.3288012485498323e-07
31500.056 1.2706520231697402e-07
31550.056 1.30382831753e-07
31600.056 1.16437261971989e-07
31650.056 1.1156557933499717e-07
31700.056 1.102219550259869e-07
31750.056 1.0306032818503139e-07
31800.056 1.175855590289848e-07
31850.056 1.081123103310124e-07
31900.056 1.1834259155899429e-07
31950.056 9.2649985418013e-08
32000.056 1.0663749606198987e-07
32050.056 1.124850963290084e-07
32100.056 1.1419962724501705e-07
32150.056 1.1551711465898542e-07
32200.056 1.078830236719984e-07
32250.056 1.265595749290118e-07
32300.056 1.0947302852699934e-07
32350.056 1.3277789236998617e-07
32400.056 1.0735192335999097e-07
32450.056 1.3036604310495407e-07
32500.056 1.3331780457701783e-07
32550.056 1.2786415525999347e-07
32600.056 1.3630578835200019e-07
32650.056 1.6792802187498389e-07
32700.056 1.540428626240207e-07
32750.056 1.6391298739400825e-07
32800.056 1.5830561475600567e-07
32850.056 1.6631459518296553e-07
32900.056 1.8591841880497974e-07
32950.056 1.806148059759833e-07
33000.056 1.632513224659637e-07
33050.056 1.468065565810484e-07
33100.056 1.1367344177399222e-07
33150.056 9.123855816299718e-08
33200.056 7.050032616499427e-08
33250.056 5.311561830999004e-08
33300.056 5.099445965300421e-08
33350.056 5.850910919499993e-08
33400.056 6.64796856579922e-08
33450.056 7.81017944899998e-08
33500.056 9.544636559101693e-08
33550.056 1.0220243170102045e-07
33600.056 1.2275744725999187e-07
33650.056 1.3369112751399874e-07
33700.056 1.2968504735898505e-07
33750.056 1.576415374790094e-07
33800.056 1.5926161285601712e-07
33850.056 1.7001526858297903e-07
33900.056 1.5560456822898984e-07
33950.056 1.4873620935798927e-07
34000.056 1.6883690642401855e-07
34050.056 1.4310240801996505e-07
34100.056 1.706451474589748e-07
34150.056 1.6147400329398692e-07
34200.056 1.3941911274295827e-07
34250.056 1.5938976799193924e-07
34300.056 1.4691979287292352e-07
34350.056 1.26512677996991e-07
34400.056 1.3098951151099545e-07
34450.056 1.512076436189827e-07
34500.056 1.4524088799500024e-07
34550.056 1.4302908618799337e-07
34600.056 1.666574306330066e-07
34650.056 1.5626227413099154e-07
34700.056 1.5224583997498156e-07
34750.056 1.6186041584898516e-07
34800.056 1.579807155829712e-07
34850.056 1.4795343109301984e-07
34900.056 1.7584345886197529e-07
34950.056 1.6322949428197428e-07
35000.056 1.9928344704902251e-07
35050.056 1.608991963509657e-07
35100.056 1.7579266610299973e-07
35150.056 1.8148730669999733e-07
35200.056 1.883423744710066e-07
35250.056 2.0464136744796848e-07
35300.056 1.9268849772403404e-07
35350.056 1.826629090689566e-07
35400.056 1.909391257310382e-07
35450.056 1.5339028079006327e-07
35500.056 2.1597500321801462e-07
35550.056 2.1853864606296441e-07
35600.056 1.9509141399005089e-07
35650.056 2.2195176624299713e-07
35700.056 2.0205807153499756e-07
35750.056 2.287096691219376e-07
35800.056 2.903098720800159e-07
35850.056 2.2497362175496334e-07
35900.056 2.7392007224497146e-07
35950.056 2.579964022970022e-07
36000.056 2.598261437540249e-07
36050.056 2.6905459440997144e-07
36100.056 2.8351363982381794e-07
36150.056 2.7686530504399074e-07
36200.056 3.0982343165995403e-07
36250.056 2.989143940479212e-07
36300.056 3.2595776721804416e-07
36350.056 3.178537905999699e-07
36400.056 3.1388281261999644e-07
36450.056 3.6023970246202495e-07
36500.056 3.646774724819803e-07
36550.056 3.748716138301292e-07
36600.056 4.113727693800239e-07
36650.056 4.1855269306290964e-07
36700.056 4.548401960559531e-07
36750.056 4.633474737001414e-07
36800.056 4.731487612399822e-07
36850.056 4.80077955447968e-07
36900.056 4.812951479800207e-07
36950.056 5.488686510999307e-07
37000.056 5.62206522399956e-07
37050.056 5.2914597820994e-07
37100.056 5.986185122400776e-07
37150.056 5.511429115400192e-07
37200.056 5.968579928300571e-07
37250.056 6.360485278799409e-07
37300.056 5.784189956899088e-07
37350.056 5.54807590970128e-07
37400.056 6.943445090999358e-07
37450.056 6.467434054121146e-07
37500.056 6.411854139098787e-07
37550.056 6.987300145000874e-07
37600.056 7.479063776099477e-07
37650.056 6.72016844269974e-07
37700.056 7.934477895800769e-07
37750.056 7.26463513720015e-07
37800.056 7.630017107002823e-07
37850.056 6.824010892499301e-07
37900.056 7.09656215860175e-07
37950.056 7.327016546199001e-07
38000.056 8.399506349700733e-07
38050.056 8.38816720780081e-07
38100.056 7.586186683101545e-07
38150.056 9.213622965699683e-07
38200.056 9.63532514200064e-07
38250.056 8.390195003200577e-07
38300.056 9.100709659999157e-07
38350.056 9.770733921699508e-07
38400.056 8.683490831597548e-07
38450.056 9.935939988100364e-07
38500.056 8.373900486501249e-07
38550.056 9.798841293900685e-07
38600.056 1.0606789573599095e-06
38650.056 9.491906021799555e-07
38700.056 1.0258908752901192e-06
38750.056 1.0119099602800415e-06
38800.056 9.914010596597507e-07
38850.056 9.40706160280067e-07
38900.056 9.951450051600036e-07
38950.056 1.0805724567499377e-06
39000.056 1.033349473480015e-06
39050.056 1.0865056097598421e-06
39100.056 1.0074785965201652e-06
39150.056 1.0263186005199772e-06
39200.056 1.1335783561300698e-06
39250.056 1.1523798193396436e-06
39300.056 1.0616126344696182e-06
39350.056 1.1372604444800953e-06
39400.056 1.1207653105800438e-06
39450.056 1.1178548803598627e-06
39500.056 1.0579166738500144e-06
39550.056 1.105650003840132e-06
39600.056 1.1859365369596976e-06
39650.056 1.0859526603599618e-06
39700.056 1.1318514609298548e-06
39750.056 1.0630087660999612e-06
39800.056 1.0812255449398312e-06
39850.056 1.1399268393199141e-06
39900.056 1.1329475697301819e-06
39950.056 1.1733582462697908e-06
40000.056 1.0901790124100809e-06
40050.056 1.087192362220035e-06
40100.056 1.185421628580008e-06
40150.056 1.1077517705998247e-06
40200.056 1.1137902017697714e-06
40250.056 1.0605905790896903e-06
40300.056 1.0389762935601014e-06
40350.056 1.1639622814902043e-06
40400.056 1.1503949230500308e-06
40450.056 1.1553131291302398e-06
40500.056 1.0474017182001962e-06
40550.056 1.1979152505999001e-06
40600.056 1.0292111580902006e-06
40650.056 1.0329735385598164e-06
40700.056 1.1823190603100217e-06
40750.056 1.0329605576795731e-06
40800.056 9.678922841199393e-07
40850.056 1.0204043678502176e-06
40900.056 1.0104967087000666e-06
40950.056 1.040363382259931e-06
41000.056 1.0426684713500341e-06
41050.056 1.068593155729759e-06
41100.056 1.0035959381899932e-06
41150.056 9.694880960799114e-07
41200.056 1.0120362395399838e-06
41250.056 1.0164966028800527e-06
41300.056 8.723481448197513e-07
41350.056 1.071039121860062e-06
41400.056 1.003909407080223e-06
41450.056 1.0049262359503099e-06
41500.056 9.723224928399465e-07
41550.056 9.54520631290015e-07
41600.056 1.033195874960036e-06
41650.056 9.578273104001868e-07
41700.056 8.765712929898098e-07
41750.056 8.563240978498847e-07
41800.056 8.350044333799059e-07
41850.056 7.080179628000876e-07
41900.056 7.805388924999566e-07
41950.056 6.174900926501953e-07
42000.056 6.428414501861059e-07
42050.056 5.769290998198364e-07
42100.056 6.681957814100941e-07
42150.056 4.906292238297933e-07
42200.056 5.147791519399866e-07
42250.056 5.122007373610706e-07
42300.056 4.1919057610505745e-07
42350.056 5.169671553661469e-07
42400.056 4.1734394035008814e-07
42450.056 3.947485120700795e-07
42500.056 4.191867235080619e-07
42550.056 4.161793488410353e-07
42600.056 4.053005010911261e-07
42650.056 3.366670042808368e-07
42700.056 3.882887471141224e-07
42750.056 3.651739302099688e-07
42800.056 3.340765230341836e-07
42850.056 3.721373055898961e-07
42900.056 3.6509856637401247e-07
42950.056 3.5615848643181665e-07
43000.056 3.443851025600314e-07
43050.056 3.3591711232115594e-07
43100.056 3.756570673200886e-07
43150.056 3.3859637782304864e-07
43200.056 3.7017182078708363e-07
43250.056 3.407632956198856e-07
43300.056 3.487246053020267e-07
43350.056 3.517910134319982e-07
43400.056 3.521096223140141e-07
43450.056 3.54729393930106e-07
43500.056 3.290207017899778e-07
43550.056 3.802233999300063e-07
43600.056 3.4924566534001086e-07
43650.056 3.352703580900538e-07
43700.056 3.590382815878231e-07
43750.056 3.4604815417908953e-07
43800.056 3.125405095600522e-07
43850.056 3.529917345700849e-07
43900.056 3.593737296099984e-07
43950.056 3.365801668501359e-07
44000.056 3.4748947376011036e-07
44050.056 3.7107189275006497e-07
44100.056 3.750369491100664e-07
44150.056 3.674321499198936e-07
44200.056 3.4205459489893247e-07
44250.056 3.817884154700059e-07
44300.056 3.682311760700199e-07
44350.056 3.5067537859004297e-07
44400.056 3.7772581567998084e-07
44450.056 3.818368123999839e-07
44500.056 4.08440642879971e-07
44550.056 3.770049392499353e-07
44600.056 3.990187142440325e-07
44650.056 3.953256455300703e-07
44700.056 3.889827239300213e-07
44750.056 4.143511336899629e-07
44800.056 4.500710486999962e-07
44850.056 4.1606573180007833e-07
44900.056 4.079291107500484e-07
44950.056 3.939674757799944e-07
45000.056 4.3587080729996784e-07
45050.056 4.29990682549966e-07
45100.056 4.466314570199736e-07
45150.056 4.312563469399625e-07
45200.056 4.0956326598003693e-07
45250.056 4.16835842409944e-07
45300.056 4.4129171479003295e-07
45350.056 4.609740001699817e-07
45400.056 4.498543980400431e-07
45450.056 4.138444838199368e-07
45500.056 4.303839718799812e-07
45550.056 4.6633668574997115e-07
45600.056 4.3433104123998997e-07
45650.056 4.0240796810992635e-07
45700.056 4.790946185000372e-07
45750.056 4.2457652641000207e-07
45800.056 4.260559418499929e-07
45850.056 4.980207565299692e-07
45900.056 4.964788810200348e-07
45950.056 4.2988803602600583e-07
46000.056 4.961868117900203e-07
46050.056 4.842124261500582e-07
46100.056 4.2420509783004953e-07
46150.056 4.729067237059895e-07
46200.056 4.878200860500805e-07
46250.056 4.165247302099847e-07
46300.056 5.222772274099891e-07
46350.056 4.4821285138995547e-07
46400.056 4.5681378192996105e-07
46450.056 4.909218876100563e-07
46500.056 4.42405181979966e-07
46550.056 5.451186843499711e-07
46600.056 5.040129918400281e-07
46650.056 6.385181154598766e-07
46700.056 5.855104013002055e-07
46750.056 4.666759981999514e-07
46800.056 5.092710828000467e-07
46850.056 5.510614001600678e-07
46900.056 5.255565400099107e-07
46950.056 5.731881325400247e-07
47000.056 4.806618058699902e-07
47050.056 5.768479390799262e-07
47100.056 4.485801921000553e-07
47150.056 4.872039464700422e-07
47200.056 5.295941138800787e-07
47250.056 4.6790059738996936e-07
47300.056 4.823243100698907e-07
47350.056 4.403362515899213e-07
47400.056 5.383064918899153e-07
47450.056 4.556321774499855e-07
47500.056 5.401022297199145e-07
47550.056 4.6831505243996405e-07
47600.056 5.313938085199694e-07
47650.056 3.931013276299027e-07
47700.056 5.48209771440063e-07
47750.056 3.8459594229007605e-07
47800.056 5.462363591999408e-07
47850.056 4.195566014999258e-07
47900.056 5.248180450600215e-07
47950.056 4.000340647000791e-07
48000.056 5.858386933100199e-07
48050.056 4.523245360700489e-07
48100.056 5.028378656199948e-07
48150.056 4.648945823200656e-07
48200.056 5.365065933200652e-07
48250.056 4.4900228501999997e-07
48300.056 5.721580329798405e-07
48350.056 4.200231420999894e-07
48400.056 5.196559203299905e-07
48450.056 4.495294933900302e-07
48500.056 6.000696050600155e-07
48550.056 4.2578623052001956e-07
48600.056 5.386793977199794e-07
48650.056 4.493763765799685e-07
48700.056 5.315169858400337e-07
48750.056 4.058284752200464e-07
48800.056 6.15127920160015e-07
48850.056 4.367963674499215e-07
48900.056 5.649780072400463e-07
48950.056 5.23088111360029e-07
49000.056 4.795063061499096e-07
49050.056 5.437039720600088e-07
49100.056 4.895126196400446e-07
49150.056 5.317220419399953e-07
49200.056 5.01426704949991e-07
49250.056 5.372690020300186e-07
49300.056 4.607767695799686e-07
49350.056 4.889352899300105e-07
49400.056 5.663673758900378e-07
49450.056 4.933397706401216e-07
49500.056 5.148354635999886e-07
49550.056 4.425299106400194e-07
49600.056 5.071487129901199e-07
49650.056 5.226112079999901e-07
49700.056 4.5947166619993125e-07
49750.056 6.343573141399008e-07
49800.056 4.965632163900285e-07
49850.056 6.427574281500691e-07
49900.056 5.031623198200321e-07
49950.056 5.594886369398978e-07
50000.056 5.376991267298984e-07
50050.056 5.49163084710038e-07
50100.056 5.67719392399962e-07
50150.056 4.6913838283001705e-07
50200.056 4.3045285848002785e-07
50250.056 5.522208289899992e-07
50300.056 5.140129640799778e-07
50350.056 6.130952279900025e-07
50400.056 5.264015950899842e-07
50450.056 5.15403463830096e-07
50500.056 6.288929717300996e-07
50550.056 5.348144425599949e-07
50600.056 5.734232368699823e-07
50650.056 5.643445920801176e-07
50700.056 6.116957056698361e-07
50750.056 6.274268469800822e-07
50800.056 4.657724738099488e-07
50850.056 5.312778320901171e-07
50900.056 6.11354057389981e-07
50950.056 5.859161816001369e-07
51000.056 6.756711296400481e-07
51050.056 5.062927746000464e-07
51100.056 4.883676234299494e-07
51150.056 5.7809851047993e-07
51200.056 6.013070557399782e-07
51250.056 5.940330912599199e-07
51300.056 5.106769637802208e-07
51350.056 5.409444658399e-07
51400.056 4.78837948649915e-07
51450.056 3.929302031999071e-07
51500.056 5.048358786600385e-07
51550.056 6.886763634600682e-07
51600.056 4.869569782700679e-07
51650.056 5.512528350699351e-07
51700.056 5.245780510498572e-07
51750.056 4.877290445400598e-07
51800.056 5.950413694398413e-07
51850.056 5.963736123399232e-07
51900.056 6.42606906260154e-07
51950.056 5.902476374099474e-07
52000.056 4.619709121399734e-07
52050.056 5.549745790499927e-07
52100.056 4.963018567999049e-07
52150.056 5.090958143000227e-07
52200.056 4.708100609799857e-07
52250.056 5.20449199130013e-07
52300.056 6.042220489199886e-07
52350.056 6.163742397600692e-07
52400.056 4.5310868013006084e-07
52450.056 5.522777823199912e-07
52500.056 6.018294676198953e-07
52550.056 5.892350151798134e-07
52600.056 5.52339844020097e-07
52650.056 6.136198500601299e-07
52700.056 5.478013479599773e-07
52750.056 4.490629393299597e-07
52800.056 5.129549094800476e-07
52850.056 4.908534383199156e-07
52900.056 5.276564521100528e-07
52950.056 5.34984112629943e-07
53000.056 6.002169447699538e-07
53050.056 4.878322723298759e-07
53100.056 4.6935444546986425e-07
53150.056 6.408031783500694e-07
53200.056 4.3650229013002487e-07
53250.056 6.38617733000006e-07
53300.056 6.111687339902708e-07
53350.056 5.992788847999322e-07
53400.056 5.882405640600701e-07
53450.056 4.778873310400349e-07
53500.056 4.084307678299007e-07
53550.056 5.174496941499054e-07
53600.056 5.761276683701046e-07
