galfind/configs/Brown_Dwarf_templates/sonora_bobcat/m+0.5/56g/sp_t425g56nc_m+0.5_resample.dat
# %ECSV 1.0
# ---
# datatype:
# - {name: wav, unit: Angstrom, datatype: float64}
# - {name: flux_nu, unit: erg / (cm2 Hz s), datatype: float64}
# meta: {C/O: '1.00', Kzz: '1.0000E+05', Teff: '425.', Y: '0.28', '[Fe/H]': '0.50', f_hole: '1.00', f_rain: '0.00', grav: '56.'}
# schema: astropy-2.0
wav flux_nu
[from data line 498]
28900.056 1.3156810974331957e-10
28950.056 2.0639041286057002e-10
29000.056 1.2925236361750327e-10
29050.056 2.0560470592470468e-10
29100.056 1.1218324533864259e-10
29150.056 1.3120202971376192e-10
29200.056 2.4391105313488503e-10
29250.056 3.496351254872685e-10
29300.056 1.4519891247332846e-10
29350.056 4.190630993458378e-10
29400.056 2.1233028122710847e-10
29450.056 1.4995481720704767e-10
29500.056 3.867345500069118e-10
29550.056 1.5889270604549602e-10
29600.056 2.2880370155451948e-10
29650.056 5.36070244686021e-10
29700.056 1.4742902331407028e-10
29750.056 3.9371589209671116e-10
29800.056 3.2836059650707536e-10
29850.056 4.311360425899185e-10
29900.056 2.61332296532467e-10
29950.056 3.408655047613186e-10
30000.056 6.568756582777666e-12
30050.056 3.476055422615385e-11
30100.056 1.3216871063611237e-10
30150.056 3.5897951518091944e-10
30200.056 2.623481797516976e-10
30250.056 5.615058156151586e-10
30300.056 8.321765965025692e-10
30350.056 2.514972440367462e-10
30400.056 7.055441520163935e-10
30450.056 4.677215643467223e-10
30500.056 4.038540428303189e-10
30550.056 3.407063318908259e-10
30600.056 1.1216066337949042e-09
30650.056 6.296681463382679e-10
30700.056 3.9820662342097086e-10
30750.056 8.142518224230375e-10
30800.056 5.265643766436005e-10
30850.056 6.375429980946796e-10
30900.056 3.0912066522723264e-10
30950.056 3.754852231230572e-10
31000.056 4.145838751352588e-10
31050.056 3.019153563281027e-10
31100.056 1.827788373501186e-10
31150.056 3.4665719528926396e-10
31200.056 6.989905950619768e-10
31250.056 4.824523416215941e-10
31300.056 2.839196638408711e-10
31350.056 5.506849266385702e-10
31400.056 3.8175973740384496e-10
31450.056 3.816124902633013e-10
31500.056 1.7216291372221392e-10
31550.056 2.576810781787401e-10
31600.056 1.6448116634291987e-10
31650.056 1.7693244781085227e-10
31700.056 1.6911792644285038e-10
31750.056 8.29108097347084e-11
31800.056 1.6309289235877138e-10
31850.056 3.443716437945172e-11
31900.056 7.907864187678058e-11
31950.056 5.158020502936882e-11
32000.056 3.919286427901744e-11
32050.056 6.659698813299299e-11
32100.056 5.933072017943183e-11
32150.056 6.640414392012615e-11
32200.056 3.1329024810027196e-11
32250.056 8.555311228590071e-11
32300.056 2.8140643451772303e-11
32350.056 7.575498067866675e-11
32400.056 1.6167105908538527e-11
32450.056 5.7197538198878034e-11
32500.056 1.8889961131660974e-11
32550.056 4.24786426128256e-11
32600.056 2.2934205764153663e-11
32650.056 1.3241108436092154e-10
32700.056 3.39135939862393e-11
32750.056 2.2651049698898234e-10
32800.056 1.1793292627245295e-10
32850.056 3.596300074927121e-10
32900.056 2.986317126553153e-10
32950.056 3.49787056171802e-10
33000.056 1.3150631497071423e-10
33050.056 1.9521031613963038e-10
33100.056 4.030402275383686e-11
33150.056 1.3206637646403297e-14
33200.056 8.998394094237759e-13
33250.056 9.2037405343114e-13
33300.056 7.230869543046899e-12
33350.056 2.3561909594067717e-11
33400.056 9.434353622167385e-11
33450.056 7.582866125417377e-11
33500.056 2.596795926443761e-10
33550.056 5.530936978071734e-11
33600.056 1.6841894821691008e-10
33650.056 1.4653295365008267e-10
33700.056 6.434202491094844e-11
33750.056 2.2667825250754604e-10
33800.056 2.9080960111777048e-11
33850.056 1.1825461377348542e-10
33900.056 1.236930515958384e-10
33950.056 9.522976381665292e-11
34000.056 2.243585005626982e-10
34050.056 3.696517456892086e-11
34100.056 2.0006148876126475e-10
34150.056 9.73524569176615e-11
34200.056 2.2975260799259424e-10
34250.056 1.3879327141927275e-10
34300.056 1.4649210517282713e-10
34350.056 2.3039962688298005e-10
34400.056 8.599942253115512e-11
34450.056 2.368121522012193e-10
34500.056 1.3365817280359902e-10
34550.056 8.326351958906239e-11
34600.056 3.607192082787066e-10
34650.056 8.049454771758688e-11
34700.056 2.89653997507342e-10
34750.056 1.777284543713563e-10
34800.056 1.8407659115936674e-10
34850.056 3.975769679518349e-10
34900.056 1.445628649045268e-10
34950.056 3.879528572376766e-10
35000.056 7.66214100275379e-10
35050.056 3.387335917450409e-10
35100.056 7.407266168781266e-10
35150.056 5.285863646320886e-10
35200.056 5.781557174786655e-10
35250.056 9.146943187161498e-10
35300.056 4.5768670894671047e-10
35350.056 5.206037838700052e-10
35400.056 4.368323573572174e-10
35450.056 3.8003515853604325e-10
35500.056 1.325163333919605e-09
35550.056 8.262115780876312e-10
35600.056 8.188988424069466e-10
35650.056 8.232438707413438e-10
35700.056 9.421346420800328e-10
35750.056 1.3210398104655432e-09
35800.056 1.382724707077993e-09
35850.056 4.979353697924244e-10
35900.056 6.633349866996731e-10
35950.056 7.616305832630877e-10
36000.056 9.980738795575973e-10
36050.056 6.791371123348919e-10
36100.056 6.377103700334618e-10
36150.056 1.2567121467685329e-09
36200.056 1.3334928360368101e-09
36250.056 9.984989507281951e-10
36300.056 2.041967762502289e-09
36350.056 1.2193424060032929e-09
36400.056 1.8545540401931028e-09
36450.056 2.140100873657837e-09
36500.056 2.359655112926984e-09
36550.056 2.7492515758826247e-09
36600.056 3.0641858032995195e-09
36650.056 2.359053353982728e-09
36700.056 2.720347371019777e-09
36750.056 3.224381107532977e-09
36800.056 3.485728336090089e-09
36850.056 2.026188761927946e-09
36900.056 3.6306432116458953e-09
36950.056 3.6318486538398134e-09
37000.056 2.6801800172928234e-09
37050.056 3.773902039060646e-09
37100.056 3.3439826467196328e-09
37150.056 2.563193321085625e-09
37200.056 4.531280831846648e-09
37250.056 3.1461280493949674e-09
37300.056 2.4439246678036583e-09
37350.056 4.046898693109744e-09
37400.056 5.93611719277025e-09
37450.056 2.7016544833048117e-09
37500.056 3.592236176864028e-09
37550.056 5.590173450460967e-09
37600.056 7.719467041091151e-09
37650.056 2.919690429738832e-09
37700.056 6.075877773408113e-09
37750.056 3.764465533448649e-09
37800.056 3.872848322235587e-09
37850.056 1.9701415633628973e-09
37900.056 2.916864833543669e-09
37950.056 5.4309919559309825e-09
38000.056 5.563121155867898e-09
38050.056 7.042216563005051e-09
38100.056 7.88955566159734e-09
38150.056 8.749841872595385e-09
38200.056 8.058329861451606e-09
38250.056 8.310630588345643e-09
38300.056 1.2275537715975534e-08
38350.056 1.2063909409706029e-08
38400.056 5.128881594221885e-09
38450.056 3.0364135602503388e-09
38500.056 1.8281127843666962e-09
38550.056 5.577948193664312e-09
38600.056 5.449458727035051e-09
38650.056 6.122516346534912e-09
38700.056 4.275695626018598e-09
38750.056 5.62888048941971e-09
38800.056 5.732130044776698e-09
38850.056 6.37553224948293e-09
38900.056 8.440919791077378e-09
38950.056 5.4964201207353136e-09
39000.056 9.297673285440137e-09
39050.056 5.4586674013553405e-09
39100.056 8.290754372543084e-09
39150.056 9.768940191048124e-09
39200.056 7.694338931281582e-09
39250.056 1.2005122212924616e-08
39300.056 7.366019152319724e-09
39350.056 1.484507470430979e-08
39400.056 7.811199662568245e-09
39450.056 1.1591190847592661e-08
39500.056 1.2050570951308725e-08
39550.056 7.187822831600678e-09
39600.056 1.192209152384972e-08
39650.056 1.3377283345710941e-08
39700.056 1.317202768378102e-08
39750.056 7.975465729516693e-09
39800.056 8.90036146529348e-09
39850.056 1.6632124508802702e-08
39900.056 1.880868661715153e-08
39950.056 9.33804722527051e-09
40000.056 1.6927936740146373e-08
40050.056 1.6173054174538497e-08
40100.056 7.600189233244593e-09
40150.056 1.6438046670495157e-08
40200.056 1.735999274904398e-08
40250.056 1.9414288339062356e-08
40300.056 1.8130564745037305e-08
40350.056 1.346290457243261e-08
40400.056 1.8695442622451116e-08
40450.056 1.1022877251382475e-08
40500.056 2.231713440992894e-08
40550.056 2.3476667084789936e-08
40600.056 1.788643168601213e-08
40650.056 1.3495757105813337e-08
40700.056 2.744759895273691e-08
40750.056 1.823030164774533e-08
40800.056 1.2807501997979235e-08
40850.056 3.275112870091315e-08
40900.056 2.6248748898298992e-08
40950.056 2.4281208316449733e-08
41000.056 2.033695719135659e-08
41050.056 3.4444950391025e-08
41100.056 2.764970248672162e-08
41150.056 1.3031033127645357e-08
41200.056 3.6217227291534356e-08
41250.056 2.4046460395846366e-08
41300.056 2.5382843025414895e-08
41350.056 3.533504064049501e-08
41400.056 3.066035114060154e-08
41450.056 4.1048666274485154e-08
41500.056 2.819706472558352e-08
41550.056 2.5803352001166062e-08
41600.056 2.688917890264851e-08
41650.056 3.570685538499e-08
41700.056 3.992305547388099e-08
41750.056 3.450637892959139e-08
41800.056 3.78084723123212e-08
41850.056 3.3527380773933006e-08
41900.056 3.139978097763334e-08
41950.056 3.079177322280413e-08
42000.056 2.168632783213817e-08
42050.056 2.5192534488327557e-08
42100.056 2.8356897126660738e-08
42150.056 2.8997382035819863e-08
42200.056 3.23263520513856e-08
42250.056 2.5425976320596975e-08
42300.056 2.680071401567974e-08
42350.056 3.9816516800203225e-08
42400.056 4.416815883640998e-08
42450.056 4.19137076434194e-08
42500.056 3.7406849906090096e-08
42550.056 3.346130584918536e-08
42600.056 3.656216062920269e-08
42650.056 5.94826982347697e-08
42700.056 3.2139030665993615e-08
42750.056 4.269975711410436e-08
42800.056 5.993285440401423e-08
42850.056 5.901140761398102e-08
42900.056 6.340962551772128e-08
42950.056 5.2014332207289825e-08
43000.056 5.729951527702127e-08
43050.056 3.263443196512483e-08
43100.056 4.5905808717987576e-08
43150.056 3.865181798900776e-08
43200.056 6.41989486274049e-08
43250.056 7.820793605399929e-08
43300.056 7.555103885599062e-08
43350.056 4.3817043959786676e-08
43400.056 5.9314131155800715e-08
43450.056 4.0286504501702925e-08
43500.056 3.8069424968869714e-08
43550.056 4.3165385378613725e-08
43600.056 7.062074980040952e-08
43650.056 4.8685447474503326e-08
43700.056 7.953723626222368e-08
43750.056 6.868882991609385e-08
43800.056 6.485539764648944e-08
43850.056 5.386021455829875e-08
43900.056 4.920185387427948e-08
43950.056 3.000683653409812e-08
44000.056 3.146779656359505e-08
44050.056 7.795753236400108e-08
44100.056 1.0216350380099105e-07
44150.056 8.930867777782156e-08
44200.056 7.721873621149758e-08
44250.056 4.328584633710012e-08
44300.056 3.6509522710406375e-08
44350.056 4.198121344086447e-08
44400.056 3.7879476943693545e-08
44450.056 6.605040522299036e-08
44500.056 6.357299771721355e-08
44550.056 9.378962760518927e-08
44600.056 7.994448665856734e-08
44650.056 6.546084926331311e-08
44700.056 4.3737292328400984e-08
44750.056 7.46178810405208e-08
44800.056 4.821834081777053e-08
44850.056 6.4371576572539e-08
44900.056 5.726975387540397e-08
44950.056 7.210210660350693e-08
45000.056 8.1275737109004e-08
45050.056 7.26026972514888e-08
45100.056 6.425501934929711e-08
45150.056 6.038788195133286e-08
45200.056 4.852278654930127e-08
45250.056 5.603836027847839e-08
45300.056 4.8326511679010336e-08
45350.056 4.245371913361765e-08
45400.056 1.1026706259101577e-07
45450.056 8.369284917301023e-08
45500.056 1.0795935523890752e-07
45550.056 1.0959597594195499e-07
45600.056 9.574949780402536e-08
45650.056 7.577916190220228e-08
45700.056 5.004625335649706e-08
45750.056 4.820057576370181e-08
45800.056 1.1877443039029398e-07
45850.056 9.088418936839074e-08
45900.056 1.167623258789861e-07
45950.056 9.990887177899961e-08
46000.056 1.0886190310050968e-07
46050.056 7.96287176301106e-08
46100.056 1.2947183687097912e-07
46150.056 7.556060830811234e-08
46200.056 6.47391257210898e-08
46250.056 2.7629601351000188e-08
46300.056 7.71413581206009e-08
46350.056 8.209003734381343e-08
46400.056 6.785545545749916e-08
46450.056 6.413306654202166e-08
46500.056 7.866025369441989e-08
46550.056 4.0378015620804014e-08
46600.056 6.334017018289161e-08
46650.056 9.716118311940831e-08
46700.056 6.074999869987933e-08
46750.056 3.381384162136581e-08
46800.056 2.1912245091964415e-08
46850.056 9.787895702271915e-08
46900.056 8.970033510199788e-08
46950.056 9.103114942399137e-08
47000.056 8.974581632501964e-08
47050.056 6.344480193564415e-08
47100.056 4.387034135096753e-08
47150.056 6.770786926160924e-08
47200.056 7.866546544059615e-08
47250.056 4.789176507219609e-08
47300.056 3.086305121339063e-08
47350.056 9.840357755399582e-08
47400.056 7.888812866299348e-08
47450.056 7.040740042822453e-08
47500.056 1.0060171917550944e-07
47550.056 8.624890391801141e-08
47600.056 8.223083368239922e-08
47650.056 8.39573591111785e-08
47700.056 6.419890781072535e-08
47750.056 4.774855030470392e-08
47800.056 4.022659305440501e-08
47850.056 2.0694911321505125e-08
47900.056 3.259131492273478e-08
47950.056 6.996705893280866e-08
48000.056 1.0088312736801496e-07
48050.056 8.576627879040718e-08
48100.056 3.52849674102056e-08
48150.056 6.705743092720119e-08
48200.056 4.394159551450023e-08
48250.056 5.2547766925999235e-08
48300.056 9.294653341698335e-08
48350.056 5.350721010879835e-08
48400.056 1.571284548402549e-08
48450.056 3.2801560494551367e-08
48500.056 5.3356484222986486e-08
48550.056 5.5631754584985596e-08
48600.056 7.033733775499777e-08
48650.056 8.958596193298483e-08
48700.056 5.907067053306692e-08
48750.056 4.137354519032192e-08
48800.056 8.376302863589809e-08
48850.056 4.395723474549264e-08
48900.056 6.130477556211705e-08
48950.056 3.243677572660197e-08
49000.056 1.6098660156938494e-08
49050.056 5.217821854559296e-08
49100.056 7.021571814800484e-08
49150.056 5.028213518469158e-08
49200.056 8.522758989902022e-08
49250.056 8.38626248100092e-08
49300.056 7.010867459959995e-08
49350.056 2.647672196147531e-08
49400.056 3.9677494594987935e-08
49450.056 4.0151333450512456e-08
49500.056 3.0015855301326795e-08
49550.056 7.048507588260452e-09
49600.056 1.9947948418268255e-08
49650.056 4.584584732280208e-08
49700.056 4.835884006717999e-08
49750.056 4.902326451929928e-08
49800.056 3.1486758474321045e-08
49850.056 6.844633736341681e-08
49900.056 5.273852977879088e-08
49950.056 5.4954342455203844e-08
50000.056 4.1441654081575106e-08
50050.056 5.1013701865401515e-08
50100.056 3.9473407511098284e-08
50150.056 1.929707898999555e-08
50200.056 3.534751768547488e-09
50250.056 2.2341507586998356e-08
50300.056 1.41220382251784e-08
50350.056 4.7562505120106656e-08
50400.056 4.644089788711223e-08
50450.056 3.727329435884364e-08
50500.056 5.597775122620504e-08
50550.056 4.686480896470592e-08
50600.056 3.4847049488490604e-08
50650.056 5.967950247001037e-08
50700.056 5.7603308614981146e-08
50750.056 3.7348004190704246e-08
50800.056 1.3174691360613072e-08
50850.056 7.260791623313686e-09
50900.056 4.161347895040096e-08
50950.056 3.434633858199879e-08
51000.056 2.936845431835126e-08
51050.056 4.3047496540994717e-08
51100.056 1.6342277779238926e-08
51150.056 1.934919592706336e-08
51200.056 5.5042018189999605e-08
51250.056 3.65740994405744e-08
51300.056 2.649746971031353e-08
51350.056 2.4304851488618712e-08
51400.056 8.226563677883938e-09
51450.056 6.456364285193649e-09
51500.056 6.603160734023013e-09
51550.056 2.5963816638883935e-08
51600.056 2.0379383353186845e-08
51650.056 2.647369529449568e-08
51700.056 2.8023813941750438e-08
51750.056 1.8293967846604634e-08
51800.056 3.274604474499619e-08
51850.056 2.702859415959704e-08
51900.056 3.4528388011195586e-08
51950.056 1.9751660420297283e-08
52000.056 2.1499371546221616e-09
52050.056 1.1007583823131603e-08
52100.056 6.5154388453391715e-09
52150.056 3.6516899059461632e-09
52200.056 1.0711423046789882e-08
52250.056 1.610534731060626e-08
52300.056 2.199088207409841e-08
52350.056 7.944141671711454e-09
52400.056 8.001203813995436e-09
52450.056 2.8681270117602667e-08
52500.056 2.1218590179969072e-08
52550.056 2.427000930679798e-08
52600.056 1.8370469295798486e-08
52650.056 2.2272351286801606e-08
52700.056 1.6592745272699296e-08
52750.056 6.3123836837683924e-09
52800.056 1.188009795364158e-08
52850.056 1.3329603992696563e-08
52900.056 5.870157661438085e-09
52950.056 9.766665827643137e-09
53000.056 1.6500967000104648e-08
53050.056 6.315442881862082e-09
53100.056 1.9070566514795722e-08
53150.056 2.0270795340031015e-08
53200.056 9.952536536512946e-09
53250.056 1.9340787583637272e-08
53300.056 2.4041076352758714e-08
53350.056 1.7802987967849475e-08
53400.056 1.1343852883996052e-08
53450.056 4.153918952358521e-09
53500.056 6.731964131267738e-10
53550.056 2.040425686365052e-09
