galfind/configs/Brown_Dwarf_templates/sonora_bobcat/m+0.5/56g/sp_t250g56nc_m+0.5_resample.dat
# %ECSV 1.0
# ---
# datatype:
# - {name: wav, unit: Angstrom, datatype: float64}
# - {name: flux_nu, unit: erg / (cm2 Hz s), datatype: float64}
# meta: {C/O: '1.00', Kzz: '1.0000E+05', Teff: '250.', Y: '0.28', '[Fe/H]': '0.50', f_hole: '1.00', f_rain: '0.00', grav: '56.'}
# schema: astropy-2.0
wav flux_nu
[from data line 499]
28950.056 9.893658902793713e-14
29000.056 4.311296013031819e-14
29050.056 8.56436479698334e-14
29100.056 2.1519922819980942e-14
29150.056 1.050236769349907e-14
29200.056 4.0389788323391007e-13
29250.056 1.1121616469839906e-13
29300.056 4.433445340369563e-14
29350.056 1.706647774682456e-13
29400.056 1.591936477692367e-13
29450.056 2.159983149160272e-14
29500.056 2.897301254182421e-13
29550.056 6.320751505929995e-14
29600.056 3.425004902069316e-14
29650.056 2.909957304007947e-13
29700.056 4.8921854183981613e-14
29750.056 4.1012814512426863e-13
29800.056 8.79159731950532e-14
29850.056 3.0440072311800796e-13
29900.056 8.035830958817833e-14
29950.056 1.2216665180405636e-13
30000.056 4.279995088633312e-16
30050.056 1.7711745811510414e-14
30100.056 1.443936704930387e-13
30150.056 4.5354951831721343e-13
30200.056 2.891716142970198e-13
30250.056 3.185597991838887e-13
30300.056 6.174357641490477e-13
30350.056 7.905756339488639e-14
30400.056 6.28257495154346e-13
30450.056 1.1327633674515832e-12
30500.056 9.131584793752333e-14
30550.056 1.0983359390767905e-13
30600.056 6.180865831469357e-12
30650.056 1.6787985188971196e-12
30700.056 1.5103953045825778e-13
30750.056 8.577220720736306e-13
30800.056 2.518762973085572e-12
30850.056 1.9753829886026876e-12
30900.056 6.624714576236937e-13
30950.056 3.6633411679572145e-13
31000.056 6.20260072040169e-13
31050.056 1.217009575279848e-13
31100.056 1.2390076269429181e-13
31150.056 2.8815539176033237e-13
31200.056 2.9278460725102074e-12
31250.056 1.989343945434203e-12
31300.056 3.2424560946278863e-13
31350.056 2.9653762576409483e-12
31400.056 2.551861443802505e-12
31450.056 1.9162037619699586e-12
31500.056 3.839245036459315e-13
31550.056 1.0506013880918616e-12
31600.056 9.591650454917304e-13
31650.056 7.234631771345444e-13
31700.056 3.571527704672395e-13
31750.056 2.3571441207271344e-13
31800.056 3.1069048388051385e-13
31850.056 3.023443528552443e-14
31900.056 8.174438529156659e-14
31950.056 5.730595207705732e-14
32000.056 2.305907698967519e-14
32050.056 3.298493062237737e-14
32100.056 3.190335176363404e-14
32150.056 1.4845452552560416e-14
32200.056 4.5112274066903745e-15
32250.056 1.228011394805696e-14
32300.056 1.6546126471613312e-15
32350.056 6.1322841252136925e-15
32400.056 2.815358883854741e-16
32450.056 3.321329446838674e-15
32500.056 2.235971025940238e-16
32550.056 1.721240165288638e-15
32600.056 1.0305168903811957e-16
32650.056 4.607263942597261e-15
32700.056 1.7282729952904282e-16
32750.056 1.55579152348494e-14
32800.056 3.751090537518252e-15
32850.056 1.0046519378662207e-13
32900.056 5.4584318870101845e-14
32950.056 8.233900130837937e-14
33000.056 1.840040601095557e-14
33050.056 5.992531663433663e-15
33100.056 7.518511737805687e-16
33150.056 6.519313865622846e-19
33200.056 2.1012024203283606e-16
33250.056 3.8269409083423817e-16
33300.056 9.695548675741785e-15
33350.056 6.527527617863753e-15
33400.056 7.998502023175564e-14
33450.056 3.638783226866826e-15
33500.056 4.6974206150865806e-14
33550.056 4.689980321412669e-15
33600.056 2.1803000546722144e-14
33650.056 2.408290954759208e-14
33700.056 1.9563413286613168e-15
33750.056 3.132075254080702e-14
33800.056 8.475812912923458e-16
33850.056 1.488211947612167e-14
33900.056 1.8290561084141785e-14
33950.056 2.1894420158823926e-14
34000.056 6.848546234997861e-14
34050.056 1.0716926559358543e-14
34100.056 9.424571161333682e-14
34150.056 3.1563693998314297e-14
34200.056 1.7133729879303015e-13
34250.056 3.861783721726674e-14
34300.056 7.841156586675455e-14
34350.056 6.231499700801652e-13
34400.056 5.758499136390457e-14
34450.056 3.341759672165028e-13
34500.056 7.31015918415644e-14
34550.056 3.160092490309966e-13
34600.056 1.6498287593644925e-12
34650.056 3.33449656231728e-14
34700.056 5.6051509621543e-13
34750.056 3.104333541216008e-13
34800.056 2.3278943999850867e-13
34850.056 1.1260307047684719e-12
34900.056 7.689191721957638e-14
34950.056 1.971035128726195e-12
35000.056 1.765493134981774e-12
35050.056 2.27529039899553e-12
35100.056 3.379079914054462e-12
35150.056 2.3801116740305813e-12
35200.056 2.2533782777467082e-12
35250.056 4.95490973050407e-12
35300.056 1.0044456079091491e-12
35350.056 3.531767949817249e-13
35400.056 2.1081489235395489e-13
35450.056 3.074884431779225e-13
35500.056 1.716294263003365e-12
35550.056 7.482303367842975e-13
35600.056 2.708813650029361e-12
35650.056 5.540888490316188e-12
35700.056 6.32073564812633e-12
35750.056 2.46268201052777e-12
35800.056 1.219334738879986e-12
35850.056 5.178864525959725e-13
35900.056 6.900132857339625e-13
35950.056 1.436179108457322e-12
36000.056 2.4548162350561846e-12
36050.056 1.7091782416053438e-12
36100.056 1.4866455736268988e-12
36150.056 1.2563555317333187e-11
36200.056 6.931274081619811e-12
36250.056 2.9451412699571508e-12
36300.056 1.7585920778711084e-11
36350.056 8.62301254550262e-12
36400.056 1.3130635315712497e-11
36450.056 1.0106218244200907e-11
36500.056 8.906763391259484e-12
36550.056 3.109987481592599e-11
36600.056 2.1685910083209987e-11
36650.056 1.0545094378777764e-11
36700.056 2.3735756383085652e-11
36750.056 3.03416193355973e-11
36800.056 4.2374397054073885e-11
36850.056 7.87493914607022e-12
36900.056 1.6501094845694394e-11
36950.056 4.4612322607712036e-11
37000.056 2.4721278319737855e-11
37050.056 4.551933173336868e-11
37100.056 1.033203633037656e-11
37150.056 1.865560396187396e-11
37200.056 7.349976017928497e-11
37250.056 3.62725725269318e-11
37300.056 9.16054347959113e-12
37350.056 1.9911470990484067e-11
37400.056 3.3864753355908324e-11
37450.056 9.380897717082657e-12
37500.056 2.546181565409236e-11
37550.056 7.29848115947519e-11
37600.056 1.6707463283700303e-10
37650.056 1.9678308531698336e-11
37700.056 4.4146149826944366e-11
37750.056 4.328776951788378e-11
37800.056 2.6810384842318933e-11
37850.056 1.1220725197166606e-11
37900.056 1.1762844705587244e-11
37950.056 3.660282507922447e-11
38000.056 3.7120168950845675e-11
38050.056 1.1225021813297424e-10
38100.056 1.1575980447590222e-10
38150.056 2.1094771148752212e-10
38200.056 1.1988487459237326e-10
38250.056 2.3199671973221457e-10
38300.056 3.6940690286674146e-10
38350.056 1.5637625069369985e-10
38400.056 2.4520534125519318e-11
38450.056 3.8822529357351334e-12
38500.056 5.4353044126928415e-12
38550.056 5.50317574861752e-11
38600.056 7.022379892357736e-11
38650.056 8.102909618735081e-11
38700.056 1.5806117845595465e-11
38750.056 5.583159701274158e-11
38800.056 4.81253850256153e-11
38850.056 9.150926608817611e-11
38900.056 1.0630571792791753e-10
38950.056 4.36926534267058e-11
39000.056 1.859824752949894e-10
39050.056 2.4469755518508242e-11
39100.056 8.170734733590541e-11
39150.056 2.1171939314197632e-10
39200.056 9.248850649893861e-11
39250.056 2.537891125492518e-10
39300.056 8.490281654356959e-11
39350.056 3.191165060555656e-10
39400.056 9.32708439908258e-11
39450.056 2.3903809297984666e-10
39500.056 1.9077296970817603e-10
39550.056 4.533875976032813e-11
39600.056 2.5568248221383194e-10
39650.056 2.3640021824884125e-10
39700.056 3.2264967688929837e-10
39750.056 8.185866634296235e-11
39800.056 8.096215508849477e-11
39850.056 2.942226760338134e-10
39900.056 5.496297205789142e-10
39950.056 9.455016437283458e-11
40000.056 2.540144635495603e-10
40050.056 3.37451031420614e-10
40100.056 7.839161342333688e-11
40150.056 3.198131678010829e-10
40200.056 3.7477616821427647e-10
40250.056 4.4854989190141846e-10
40300.056 4.88767233341253e-10
40350.056 1.84934147770003e-10
40400.056 2.481845716018002e-10
40450.056 7.041588862797346e-11
40500.056 5.222210964562376e-10
40550.056 5.750191329193288e-10
40600.056 3.9716269943860625e-10
40650.056 2.1542328212299647e-10
40700.056 4.651230781022833e-10
40750.056 3.3158597309488523e-10
40800.056 1.666562485627406e-10
40850.056 1.0351335051072904e-09
40900.056 8.263592045235757e-10
40950.056 6.987970393124024e-10
41000.056 3.309203411270212e-10
41050.056 1.067200060250623e-09
41100.056 8.290380439864414e-10
41150.056 1.4618167161371411e-10
41200.056 1.360096139181319e-09
41250.056 6.699718237373965e-10
41300.056 6.447515394368938e-10
41350.056 1.4257810606799852e-09
41400.056 9.790940540519174e-10
41450.056 1.7224457107712327e-09
41500.056 8.568050659089534e-10
41550.056 5.849858803620247e-10
41600.056 7.065304275449578e-10
41650.056 1.5391391395788538e-09
41700.056 2.3282656321347257e-09
41750.056 1.5607890459266347e-09
41800.056 1.2931059714412406e-09
41850.056 1.4231081562465387e-09
41900.056 7.82075802486529e-10
41950.056 7.830676577548748e-10
42000.056 9.787654917956907e-11
42050.056 3.3458754978367823e-10
42100.056 3.9384587257045475e-10
42150.056 6.392324962028966e-10
42200.056 1.2755124464011767e-09
42250.056 7.856414326357166e-10
42300.056 6.13681256996292e-10
42350.056 1.632973236599005e-09
42400.056 2.5036139273605007e-09
42450.056 2.9788583097506087e-09
42500.056 3.1885162659595807e-09
42550.056 2.386583135249489e-09
42600.056 2.0021442198821082e-09
42650.056 3.338695202548713e-09
42700.056 8.710165369802722e-10
42750.056 3.183823413125737e-09
42800.056 6.034133852400725e-09
42850.056 5.3158991416988765e-09
42900.056 4.725735194010896e-09
42950.056 4.3647722949800815e-09
43000.056 5.251642278800583e-09
43050.056 1.9956142188394942e-09
43100.056 3.1514806478862328e-09
43150.056 2.7612452867652143e-09
43200.056 6.279223175300724e-09
43250.056 6.905990786950059e-09
43300.056 6.8887875953801514e-09
43350.056 3.6151651526484604e-09
43400.056 5.472140183600601e-09
43450.056 2.5941915906971747e-09
43500.056 1.8613000907886104e-09
43550.056 2.750586924440277e-09
43600.056 6.424715215201099e-09
43650.056 3.508597207680173e-09
43700.056 7.44700319076314e-09
43750.056 8.015307654498483e-09
43800.056 5.802189150651706e-09
43850.056 4.9962843722143326e-09
43900.056 2.950979862245892e-09
43950.056 1.7994654977259093e-09
44000.056 2.3726849952496275e-09
44050.056 8.11553338282977e-09
44100.056 9.814097318999828e-09
44150.056 9.353730054299337e-09
44200.056 8.892213262450437e-09
44250.056 3.477255798939686e-09
44300.056 2.697406546300289e-09
44350.056 2.595528196040862e-09
44400.056 2.0358234921000264e-09
44450.056 6.007965491320984e-09
44500.056 5.7485654632006515e-09
44550.056 7.983732401599658e-09
44600.056 6.317643203819633e-09
44650.056 5.20078814916116e-09
44700.056 3.7555458556392995e-09
44750.056 7.912922441861379e-09
44800.056 3.4980803448809325e-09
44850.056 4.537817885311378e-09
44900.056 5.5642044898802055e-09
44950.056 6.971787244681437e-09
45000.056 1.0032207862000519e-08
45050.056 6.87470467059875e-09
45100.056 6.337496677069763e-09
45150.056 4.440030594428866e-09
45200.056 3.5155289423703758e-09
45250.056 4.5587683445587375e-09
45300.056 4.561028333930501e-09
45350.056 2.561347450658941e-09
45400.056 1.2578222128401741e-08
45450.056 7.602171869810423e-09
45500.056 1.2580281682830941e-08
45550.056 1.2463229108246553e-08
45600.056 8.426708512301742e-09
45650.056 7.312515596499981e-09
45700.056 4.15702531980959e-09
45750.056 3.8740171459104655e-09
45800.056 1.1586005904600586e-08
45850.056 6.834253068890395e-09
45900.056 1.253762099669883e-08
45950.056 1.3441153148699476e-08
46000.056 1.1422418056051203e-08
46050.056 7.29099082704192e-09
46100.056 1.6795721378998805e-08
46150.056 7.889511095420283e-09
46200.056 5.5964015676288045e-09
46250.056 1.6393754158559106e-09
46300.056 7.256239356980067e-09
46350.056 6.684647379451106e-09
46400.056 6.823109704660173e-09
46450.056 5.991008185687843e-09
46500.056 7.666689941791207e-09
46550.056 2.795339459699807e-09
46600.056 4.1079382886393985e-09
46650.056 8.090764096080379e-09
46700.056 4.9353502884785685e-09
46750.056 1.5703273201202613e-09
46800.056 8.41156103130981e-10
46850.056 6.795111771191264e-09
46900.056 9.03461911789964e-09
46950.056 9.963921196999434e-09
47000.056 1.0234749333401172e-08
47050.056 5.195295077722435e-09
47100.056 3.8718500028704905e-09
47150.056 7.50996317572083e-09
47200.056 7.67638002609918e-09
47250.056 3.082683061669355e-09
47300.056 1.9959671082775823e-09
47350.056 8.261630175901148e-09
47400.056 8.603298326398909e-09
47450.056 4.461860599150048e-09
47500.056 9.152422594132797e-09
47550.056 9.183557103300304e-09
47600.056 5.972362562234166e-09
47650.056 7.140108985115989e-09
47700.056 5.10466504713298e-09
47750.056 3.894653213020085e-09
47800.056 2.380474077740434e-09
47850.056 8.047294809391994e-10
47900.056 1.6677429470100512e-09
47950.056 5.810195114400315e-09
48000.056 8.262998937799453e-09
48050.056 5.912233929120302e-09
48100.056 2.2937744106863755e-09
48150.056 5.354768707020222e-09
48200.056 2.2802912372376344e-09
48250.056 3.5360918609249e-09
48300.056 7.677944706799813e-09
48350.056 3.5316901543993715e-09
48400.056 5.299992552798285e-10
48450.056 1.0897051721182943e-09
48500.056 2.3676970963294546e-09
48550.056 3.038216429976502e-09
48600.056 7.02802423389923e-09
48650.056 9.290601455299293e-09
48700.056 5.299321555521241e-09
48750.056 5.071259008600641e-09
48800.056 7.212947771400138e-09
48850.056 2.908818350033558e-09
48900.056 2.4019664207956993e-09
48950.056 1.0074089731799587e-09
49000.056 6.292687103171675e-10
49050.056 2.793578588539626e-09
49100.056 4.8510173373489645e-09
49150.056 3.701894832755776e-09
49200.056 7.62510952430116e-09
49250.056 7.475486040199444e-09
49300.056 5.4501392091097985e-09
49350.056 1.5451043574867446e-09
49400.056 2.406413521540185e-09
49450.056 1.9223792165694078e-09
49500.056 1.2613848079186975e-09
49550.056 1.843812868239978e-10
49600.056 5.226616566821186e-10
49650.056 2.4578875779505923e-09
49700.056 3.377478592809159e-09
49750.056 2.1399452969211237e-09
49800.056 1.177474850106123e-09
49850.056 4.088613297400604e-09
49900.056 4.428180586359748e-09
49950.056 4.350446036400072e-09
50000.056 1.7104446377143899e-09
50050.056 2.1062288267402355e-09
50100.056 1.872168388499821e-09
50150.056 5.620368189398742e-10
50200.056 9.317562134242077e-11
50250.056 4.993573163600076e-10
50300.056 3.3958134517108057e-10
50350.056 2.1890389639504707e-09
50400.056 3.132483809619342e-09
50450.056 2.915381896280604e-09
50500.056 4.693297994999933e-09
50550.056 4.288308621600273e-09
50600.056 2.3945978306824493e-09
50650.056 5.287296622900592e-09
50700.056 4.0520643741995885e-09
50750.056 1.9142548350099876e-09
50800.056 3.8036327958491193e-10
50850.056 1.7369237829506102e-10
50900.056 1.4813365802902265e-09
50950.056 1.8900246440297465e-09
51000.056 1.1519948834170969e-09
51050.056 2.812985650179852e-09
51100.056 7.61756985446934e-10
51150.056 5.552246565141402e-10
51200.056 3.0846209005000298e-09
51250.056 2.3106319055956764e-09
51300.056 1.389450369430256e-09
51350.056 7.71804864192824e-10
51400.056 1.7772515738603486e-10
51450.056 1.717657594755556e-10
51500.056 1.8163628069025816e-10
51550.056 7.466963734301641e-10
51600.056 1.0239318736903191e-09
51650.056 1.89124440768011e-09
51700.056 1.579565648423749e-09
51750.056 9.137535969262083e-10
51800.056 2.3039118146998717e-09
51850.056 1.7313850987298748e-09
51900.056 1.2480662357599177e-09
51950.056 5.108267093499403e-10
52000.056 8.601576316998666e-11
52050.056 2.5719705526701335e-10
52100.056 1.5820913731998066e-10
52150.056 9.80244144376305e-11
52200.056 3.611127962800124e-10
52250.056 6.343270074601204e-10
52300.056 6.063461632499452e-10
52350.056 1.698905491591832e-10
52400.056 1.985100834869952e-10
52450.056 8.872857996000472e-10
52500.056 5.477558924409015e-10
52550.056 1.1894485102799798e-09
52600.056 1.2082113078000217e-09
52650.056 1.3705384053399846e-09
52700.056 7.575955702898876e-10
52750.056 1.7290552635475863e-10
52800.056 3.829004012100605e-10
52850.056 4.413141207299075e-10
52900.056 1.4313131135775266e-10
52950.056 2.4609339253903754e-10
53000.056 5.479355889400996e-10
53050.056 2.171437024119635e-10
53100.056 9.15090071859947e-10
53150.056 7.388111400257809e-10
53200.056 3.766705347467146e-10
53250.056 5.044141044790566e-10
53300.056 7.177420877567919e-10
53350.056 5.221673469092388e-10
53400.056 3.318126896098845e-10
53450.056 1.3270816007497575e-10
53500.056 4.243357498358642e-11
53550.056 7.431637721500631e-11
53600.056 2.1389001354604857e-10
53650.056 4.0156092379595755e-10
