galfind/configs/Brown_Dwarf_templates/sonora_bobcat/m+0.5/56g/sp_t575g56nc_m+0.5_resample.dat
# %ECSV 1.0
# ---
# datatype:
# - {name: wav, unit: Angstrom, datatype: float64}
# - {name: flux_nu, unit: erg / (cm2 Hz s), datatype: float64}
# meta: {C/O: '1.00', Kzz: '1.0000E+05', Teff: '575.', Y: '0.28', '[Fe/H]': '0.50', f_hole: '1.00', f_rain: '0.00', grav: '56.'}
# schema: astropy-2.0
wav flux_nu
[from data line 499]
28950.056 3.775834612457008e-09
29000.056 2.719451769140758e-09
29050.056 3.5162711642348526e-09
29100.056 2.3455093563257164e-09
29150.056 3.3638415183319435e-09
29200.056 3.262552308194338e-09
29250.056 5.548086954811316e-09
29300.056 2.222823655522301e-09
29350.056 7.63241851880602e-09
29400.056 3.4156400607143e-09
29450.056 3.692592714681527e-09
29500.056 5.1000310221803255e-09
29550.056 3.37262154934929e-09
29600.056 4.717941379705824e-09
29650.056 6.572690677741731e-09
29700.056 2.9195851954932172e-09
29750.056 5.7105022154437226e-09
29800.056 5.502543474352808e-09
29850.056 6.545464286560358e-09
29900.056 5.426145019879211e-09
29950.056 5.110991220863118e-09
30000.056 3.6825228569798306e-10
30050.056 1.020468024175186e-09
30100.056 2.078646280550325e-09
30150.056 4.398565739597505e-09
30200.056 3.368609712516083e-09
30250.056 7.634217381194933e-09
30300.056 8.508043472690827e-09
30350.056 4.664939065278523e-09
30400.056 8.593608581856197e-09
30450.056 5.099069989615468e-09
30500.056 5.132939855896007e-09
30550.056 4.824849336236795e-09
30600.056 7.844917882374203e-09
30650.056 5.1920857531109794e-09
30700.056 4.1615226059384706e-09
30750.056 6.569151505695884e-09
30800.056 4.214695264476752e-09
30850.056 4.882697175641233e-09
30900.056 2.7369431704722938e-09
30950.056 3.5068626864109248e-09
31000.056 3.041481749847502e-09
31050.056 2.8618983925754846e-09
31100.056 1.98472607681765e-09
31150.056 3.21922013021093e-09
31200.056 3.8884981817568374e-09
31250.056 2.798855713659356e-09
31300.056 2.008665815265452e-09
31350.056 2.799624243016861e-09
31400.056 2.0631613485580924e-09
31450.056 2.1103582940511565e-09
31500.056 1.3098336754239035e-09
31550.056 1.6606496260816385e-09
31600.056 1.0261065027752956e-09
31650.056 1.1355766827934173e-09
31700.056 1.2073814898841184e-09
31750.056 6.71813705915075e-10
31800.056 1.1930261804183074e-09
31850.056 4.717912752568736e-10
31900.056 7.357141495475742e-10
31950.056 4.679184475931598e-10
32000.056 5.584102342165609e-10
32050.056 6.983698146333444e-10
32100.056 6.451465960488224e-10
32150.056 7.560475151578546e-10
32200.056 4.634431703710449e-10
32250.056 9.521037036404202e-10
32300.056 4.731250351093135e-10
32350.056 8.840602616702129e-10
32400.056 3.977025492084082e-10
32450.056 7.784350944368362e-10
32500.056 4.5098798243087615e-10
32550.056 5.950794626227712e-10
32600.056 6.462859827581007e-10
32650.056 1.5389806641750703e-09
32700.056 8.335456998231711e-10
32750.056 1.926524583339938e-09
32800.056 1.4659941899908694e-09
32850.056 2.327145059461674e-09
32900.056 2.250907029798428e-09
32950.056 2.6457665627854542e-09
33000.056 1.7327846909526803e-09
33050.056 2.0778540716843353e-09
33100.056 6.096207736114756e-10
33150.056 6.90463208101904e-12
33200.056 3.294055599435464e-11
33250.056 2.0469914314628134e-11
33300.056 5.882465642376939e-11
33350.056 1.8252252479946194e-10
33400.056 4.5595133645427907e-10
33450.056 6.037887446117147e-10
33500.056 1.533736638857498e-09
33550.056 6.391596795111663e-10
33600.056 1.5767236992791603e-09
33650.056 1.433867126271172e-09
33700.056 1.0132657807040965e-09
33750.056 2.028209410706067e-09
33800.056 7.649140973266147e-10
33850.056 1.4347436588963822e-09
33900.056 1.26098325394678e-09
33950.056 1.1582473321787885e-09
34000.056 1.976809865086803e-09
34050.056 5.430943049714359e-10
34100.056 1.806286234923392e-09
34150.056 1.1217129825959203e-09
34200.056 1.6694122201704754e-09
34250.056 1.3383805244064723e-09
34300.056 1.2473422751513636e-09
34350.056 1.3191699778753587e-09
34400.056 7.917024838486914e-10
34450.056 1.5636934604123395e-09
34500.056 1.2322031197117445e-09
34550.056 7.359033573039081e-10
34600.056 2.0699817596654583e-09
34650.056 8.946603989055956e-10
34700.056 1.8917227081763646e-09
34750.056 1.4133732172662226e-09
34800.056 1.3018872793167631e-09
34850.056 1.9609202760988705e-09
34900.056 1.4974861392650766e-09
34950.056 2.2361435235186705e-09
35000.056 4.150388389319436e-09
35050.056 1.8408662521458776e-09
35100.056 3.4267867579554808e-09
35150.056 2.5874713307838263e-09
35200.056 3.1367418368261804e-09
35250.056 4.464064541270271e-09
35300.056 2.776261358581342e-09
35350.056 3.003286674778502e-09
35400.056 3.3068643273409187e-09
35450.056 2.274889484874612e-09
35500.056 6.347734391347612e-09
35550.056 5.057250703191915e-09
35600.056 4.1195610355685e-09
35650.056 4.432690029320896e-09
35700.056 4.4377747472996e-09
35750.056 6.429373162560388e-09
35800.056 7.92749585073122e-09
35850.056 3.619864189028962e-09
35900.056 4.902169151040992e-09
35950.056 5.048379207236595e-09
36000.056 5.348887900469846e-09
36050.056 4.09164695467499e-09
36100.056 4.269252645697482e-09
36150.056 5.839741163615538e-09
36200.056 6.322116009711104e-09
36250.056 5.447379986409412e-09
36300.056 8.2428271062911e-09
36350.056 6.361585760844766e-09
36400.056 7.377338117004659e-09
36450.056 9.25644000266872e-09
36500.056 1.0590770236536417e-08
36550.056 1.0264799644307177e-08
36600.056 1.2744734491016088e-08
36650.056 1.1062828400986134e-08
36700.056 1.2423180415321707e-08
36750.056 1.415134495207882e-08
36800.056 1.4032804287329981e-08
36850.056 1.0944184306879487e-08
36900.056 1.5219543387847562e-08
36950.056 1.5505080558983175e-08
37000.056 1.287270393152627e-08
37050.056 1.4800493137955307e-08
37100.056 1.6313620031087867e-08
37150.056 1.2183651493618005e-08
37200.056 1.7350400541432934e-08
37250.056 1.5496351670198092e-08
37300.056 1.3044732144999485e-08
37350.056 1.6520632368237358e-08
37400.056 2.499965632518573e-08
37450.056 1.4881503974875325e-08
37500.056 1.6058976487801593e-08
37550.056 2.160923144876515e-08
37600.056 2.6009801579981358e-08
37650.056 1.4066740732322434e-08
37700.056 2.6470722364543042e-08
37750.056 1.702479384312026e-08
37800.056 1.814739956834214e-08
37850.056 1.0790325722308582e-08
37900.056 1.467909828668955e-08
37950.056 2.1877861174568575e-08
38000.056 2.4645646549573234e-08
38050.056 2.5263827324193954e-08
38100.056 2.673424699858923e-08
38150.056 3.1278429503099486e-08
38200.056 3.239624525131131e-08
38250.056 2.995295556264764e-08
38300.056 4.355548356038913e-08
38350.056 4.2520279818213583e-08
38400.056 2.1831371563909532e-08
38450.056 1.989060241762246e-08
38500.056 1.2692550608834837e-08
38550.056 2.4824890741739708e-08
38600.056 2.5432097976357015e-08
38650.056 2.432957883247406e-08
38700.056 2.296906860342208e-08
38750.056 2.706069073734943e-08
38800.056 2.5120945997282192e-08
38850.056 2.7254060392513724e-08
38900.056 3.692499502591886e-08
38950.056 2.6812006072750188e-08
39000.056 3.4582804811483646e-08
39050.056 2.683063434307641e-08
39100.056 3.376023088460499e-08
39150.056 3.500198329604326e-08
39200.056 3.4021105095091394e-08
39250.056 4.339081693398564e-08
39300.056 3.072316533604996e-08
39350.056 5.14496173674023e-08
39400.056 3.449123938523953e-08
39450.056 4.242143437263531e-08
39500.056 4.477835909597018e-08
39550.056 3.838580818732745e-08
39600.056 4.591152033822292e-08
39650.056 4.832324227070459e-08
39700.056 4.8778200283772064e-08
39750.056 3.600945953948772e-08
39800.056 4.1501199148017905e-08
39850.056 6.091612383620346e-08
39900.056 6.153817332390626e-08
39950.056 4.362581138588533e-08
40000.056 6.914662530090143e-08
40050.056 5.757898597999422e-08
40100.056 3.926054668147589e-08
40150.056 6.014797726415274e-08
40200.056 6.423591341751199e-08
40250.056 6.677343515107431e-08
40300.056 6.361283110565631e-08
40350.056 6.03526547669477e-08
40400.056 7.586844537266983e-08
40450.056 5.6139642889697564e-08
40500.056 7.895298471437881e-08
40550.056 7.771339664330279e-08
40600.056 7.225431169011163e-08
40650.056 5.5680023237923426e-08
40700.056 9.083095967939009e-08
40750.056 7.048773785549334e-08
40800.056 5.4691780777120006e-08
40850.056 1.0400826281603885e-07
40900.056 9.186676225225219e-08
40950.056 8.380447140670457e-08
41000.056 8.172858269560524e-08
41050.056 1.1062435971696247e-07
41100.056 9.291059448760972e-08
41150.056 5.799575756194004e-08
41200.056 1.1339266028175634e-07
41250.056 8.401974572631051e-08
41300.056 8.309048243567265e-08
41350.056 1.1959352937200593e-07
41400.056 1.0539876113081644e-07
41450.056 1.2180762635778285e-07
41500.056 9.220859460785634e-08
41550.056 9.042596597071323e-08
41600.056 1.0401540703347815e-07
41650.056 1.1704354054968978e-07
41700.056 1.0970031727994203e-07
41750.056 1.0954542798638238e-07
41800.056 1.2875514521681983e-07
41850.056 1.0105846285102958e-07
41900.056 1.0455915631450545e-07
41950.056 1.0056811725812514e-07
42000.056 9.406222029890243e-08
42050.056 9.360233939959845e-08
42100.056 1.228837820450412e-07
42150.056 1.0266629443280056e-07
42200.056 9.67601196737053e-08
42250.056 9.346802161458544e-08
42300.056 9.64256482892899e-08
42350.056 1.22676407105018e-07
42400.056 1.2389654996203738e-07
42450.056 1.1376444207404769e-07
42500.056 1.0450524214178226e-07
42550.056 9.985605683297352e-08
42600.056 1.0865468633748699e-07
42650.056 1.4586383954993637e-07
42700.056 1.1002481684393295e-07
42750.056 1.1422452339019789e-07
42800.056 1.3589507026242997e-07
42850.056 1.4609440735795076e-07
42900.056 1.5529059502125595e-07
42950.056 1.2931203429897204e-07
43000.056 1.403707344854361e-07
43050.056 9.323548803202701e-08
43100.056 1.2170352692846113e-07
43150.056 1.1359982121991494e-07
43200.056 1.5289627369599922e-07
43250.056 1.8170908347101042e-07
43300.056 1.7765272771699422e-07
43350.056 1.1558225859697691e-07
43400.056 1.4202603966308758e-07
43450.056 1.1629252449462071e-07
43500.056 1.0724835996451164e-07
43550.056 1.1581357307244083e-07
43600.056 1.7180120861702468e-07
43650.056 1.281055210524056e-07
43700.056 1.7155606631104125e-07
43750.056 1.5916602426001883e-07
43800.056 1.4994343734347766e-07
43850.056 1.2901302885500537e-07
43900.056 1.3327715985523075e-07
43950.056 9.039145616499899e-08
44000.056 9.006071715479075e-08
44050.056 1.7488542826401012e-07
44100.056 2.1401388630600625e-07
44150.056 1.9140013055458135e-07
44200.056 1.7030976695399258e-07
44250.056 1.1864263726241211e-07
44300.056 9.964668983121982e-08
44350.056 1.1649877912840356e-07
44400.056 1.1206786967109208e-07
44450.056 1.5817132740695906e-07
44500.056 1.5786531500604135e-07
44550.056 2.0787956239997296e-07
44600.056 1.716701449251131e-07
44650.056 1.6662725335743932e-07
44700.056 1.1640680157100504e-07
44750.056 1.6804201394804015e-07
44800.056 1.313417550170982e-07
44850.056 1.6307555515702463e-07
44900.056 1.4207625246880737e-07
44950.056 1.6775248968160612e-07
45000.056 1.7773158797799716e-07
45050.056 1.6864085955549035e-07
45100.056 1.5667149817019618e-07
45150.056 1.6130967932982108e-07
45200.056 1.3005526668940975e-07
45250.056 1.437849461709426e-07
45300.056 1.2186802959603042e-07
45350.056 1.2540718819202822e-07
45400.056 2.240958339960197e-07
45450.056 1.8496696699200348e-07
45500.056 2.0167507991251432e-07
45550.056 2.1858463132692116e-07
45600.056 2.12072312840045e-07
45650.056 1.6722203018249467e-07
45700.056 1.3065438920350216e-07
45750.056 1.2732153824950033e-07
45800.056 2.2945604885999107e-07
45850.056 2.1286514098699082e-07
45900.056 2.3276387204599142e-07
45950.056 1.9474416291999048e-07
46000.056 2.1939255595950914e-07
46050.056 1.7777800663441983e-07
46100.056 2.3693479363997335e-07
46150.056 1.6939097640050765e-07
46200.056 1.5280687350899053e-07
46250.056 8.538402376882057e-08
46300.056 1.7942895314040654e-07
46350.056 1.77112594143026e-07
46400.056 1.5790418981900572e-07
46450.056 1.4840911835463265e-07
46500.056 1.735444254181471e-07
46550.056 1.1236692455899817e-07
46600.056 1.5451276936758597e-07
46650.056 2.2224314773999746e-07
46700.056 1.5223738632596968e-07
46750.056 1.036289829812252e-07
46800.056 7.39026353348705e-08
46850.056 2.2879778051204873e-07
46900.056 1.9779601161098897e-07
46950.056 1.9425168972799366e-07
47000.056 1.896947397150382e-07
47050.056 1.5708706299856452e-07
47100.056 1.1117064180287816e-07
47150.056 1.4841642886861994e-07
47200.056 1.780566606779994e-07
47250.056 1.2620989887299063e-07
47300.056 8.926642998458323e-08
47350.056 2.1468408683197938e-07
47400.056 1.7976870953398553e-07
47450.056 1.8081535957929912e-07
47500.056 2.14231403227373e-07
47550.056 1.8678606739001142e-07
47600.056 1.7977526230800067e-07
47650.056 1.7018825799986267e-07
47700.056 1.5568527232800257e-07
47750.056 1.1685637053420543e-07
47800.056 1.1142074696400903e-07
47850.056 7.295493495951138e-08
47900.056 1.00760116033179e-07
47950.056 1.55825454666224e-07
48000.056 2.2150179063004592e-07
48050.056 1.986224685400049e-07
48100.056 9.97794743820135e-08
48150.056 1.5933882170100694e-07
48200.056 1.2414238152220275e-07
48250.056 1.358680176420105e-07
48300.056 1.953882158409469e-07
48350.056 1.2358139634301045e-07
48400.056 5.7084925764164555e-08
48450.056 1.1116298563901763e-07
48500.056 1.5475219835996752e-07
48550.056 1.427096777718079e-07
48600.056 1.5783755681200058e-07
48650.056 1.8006491335797496e-07
48700.056 1.3787219584069926e-07
48750.056 9.472203331965906e-08
48800.056 1.9382628526998985e-07
48850.056 1.1322117053798161e-07
48900.056 1.699394262132109e-07
48950.056 1.0493623113601381e-07
49000.056 5.437991269478936e-08
49050.056 1.3485826356598607e-07
49100.056 1.6706480201943715e-07
49150.056 1.2598228148478706e-07
49200.056 1.9268248494204102e-07
49250.056 1.8063517884903018e-07
49300.056 1.5735980343840168e-07
49350.056 7.623292405742471e-08
49400.056 1.0565734199937701e-07
49450.056 1.1428801765388778e-07
49500.056 8.918521233599092e-08
49550.056 3.301135441160457e-08
49600.056 7.221874105693442e-08
49650.056 1.1668573399799672e-07
49700.056 1.1436900259215706e-07
49750.056 1.2719307971298216e-07
49800.056 9.673086108021015e-08
49850.056 1.6592879826465e-07
49900.056 1.291124602765777e-07
49950.056 1.3129907237900946e-07
50000.056 1.1088044746447178e-07
50050.056 1.346907485760058e-07
50100.056 1.0532180406510536e-07
50150.056 6.322045562598714e-08
50200.056 1.959235442780587e-08
50250.056 8.294769486698792e-08
50300.056 5.7441426934209315e-08
50350.056 1.3230245801401727e-07
50400.056 1.1902854291778898e-07
50450.056 9.313838483340865e-08
50500.056 1.2530495081911813e-07
50550.056 1.1355481507701336e-07
50600.056 9.039186738197215e-08
50650.056 1.3727676581202898e-07
50700.056 1.4037040300794145e-07
50750.056 9.983484612201374e-08
50800.056 4.820327584555465e-08
50850.056 3.5752681902116635e-08
50900.056 1.2448285460500013e-07
50950.056 9.326857746200973e-08
51000.056 9.168742881133592e-08
51050.056 1.0601004890499292e-07
51100.056 4.94642429228751e-08
51150.056 6.717820851976396e-08
51200.056 1.4741559972699123e-07
51250.056 9.087397932477985e-08
51300.056 7.320264740423798e-08
51350.056 7.34050974820936e-08
51400.056 3.41857257629013e-08
51450.056 2.765914422645904e-08
51500.056 2.874116487871288e-08
51550.056 8.767393341260619e-08
51600.056 6.179360779911911e-08
51650.056 6.964284435298072e-08
51700.056 7.735379461907944e-08
51750.056 5.32662587360618e-08
51800.056 8.39777960099887e-08
51850.056 7.498707520699356e-08
51900.056 1.0570109543199399e-07
51950.056 7.157944032599241e-08
52000.056 1.4643390359904959e-08
52050.056 4.54719333548073e-08
52100.056 3.14990653575973e-08
52150.056 2.281120977246403e-08
52200.056 3.763116490094031e-08
52250.056 5.242234720331937e-08
52300.056 7.619618183919587e-08
52350.056 4.03756565435809e-08
52400.056 3.353147110040383e-08
52450.056 8.564831188880515e-08
52500.056 7.047769990528065e-08
52550.056 7.269289977798888e-08
52600.056 5.7426614126001966e-08
52650.056 6.504290280870738e-08
52700.056 5.3040701994697987e-08
52750.056 2.880557894803686e-08
52800.056 4.245454930490705e-08
52850.056 4.658499196218429e-08
52900.056 3.077964526043536e-08
52950.056 4.018302816068263e-08
53000.056 5.992638096401675e-08
53050.056 2.643362331205339e-08
53100.056 5.457688198798022e-08
53150.056 6.590571772320548e-08
53200.056 3.1593722917799065e-08
53250.056 6.516973289440574e-08
53300.056 7.720165544623014e-08
53350.056 6.348564256440045e-08
53400.056 4.6177135598587765e-08
53450.056 2.1397436113443992e-08
53500.056 6.927335256729411e-09
