galfind/configs/Brown_Dwarf_templates/sonora_bobcat/m+0.5/56g/sp_t1200g56nc_m+0.5_resample.dat
# %ECSV 1.0
# ---
# datatype:
# - {name: wav, unit: Angstrom, datatype: float64}
# - {name: flux_nu, unit: erg / (cm2 Hz s), datatype: float64}
# meta: {C/O: '1.00', Kzz: '1.0000E+05', Teff: '1200.', Y: '0.28', '[Fe/H]': '0.50', f_hole: '1.00', f_rain: '0.00', grav: '56.'}
# schema: astropy-2.0
wav flux_nu
4000.0559999999996 nan
4050.0559999999996 1.3141368239140362e-11
4100.056 1.1809863012619533e-10
4150.056 1.593589675840166e-10
4200.056 1.331550551752616e-10
4250.056 1.7804984878505423e-10
4300.056 1.8910603558302778e-10
4350.056 2.0182742969001308e-10
4400.056 2.362432815920272e-10
4450.056 2.4037262206900175e-10
4500.056 2.4661041893101557e-10
4550.056 2.965172661919165e-10
4600.056 3.31528016881203e-10
4650.056 3.1605740149496775e-10
4700.056 3.59046007190011e-10
4750.056 3.265167166949941e-10
4800.056 1.8418926761999982e-10
4850.056 9.337781808999704e-11
4900.056 4.7395027780999614e-11
4950.056 1.984506869599976e-11
5000.056 5.4413748760999255e-12
5050.056 1.708743872699981e-12
5100.056 1.3087633675999914e-12
5150.056 1.1042633642999794e-12
5200.056 9.264897380200067e-13
5250.056 7.545150054899957e-13
5300.056 6.096374358799982e-13
5350.056 5.014688662399986e-13
5400.056 4.202443069699991e-13
5450.056 3.537286136799988e-13
5500.056 2.9815204620999896e-13
5550.056 2.526173260399994e-13
5600.056 2.1462236907999953e-13
5650.056 1.8125350856999972e-13
5700.056 1.5173534291999974e-13
5750.056 1.2318177963999957e-13
5800.056 9.53645445269997e-14
5850.056 6.297228870599933e-14
5900.056 2.1226616783662705e-14
5950.056 1.2201249466000212e-13
6000.056 2.79374823110002e-13
6050.056 5.824542459300059e-13
6100.056 1.1506138190300102e-12
6150.056 2.2098279606000184e-12
6200.056 4.116626108500032e-12
6250.056 7.426840532400061e-12
6300.056 1.2957507717700105e-11
6350.056 2.1967327210000166e-11
6400.056 3.6182416716000226e-11
6450.056 5.7866169592000273e-11
6500.056 9.049785507100073e-11
6550.056 1.3882798886000097e-10
6600.056 2.1009571124000164e-10
6650.056 3.124483182800008e-10
6700.056 3.2477179487226143e-10
6750.056 6.25513679240003e-10
6800.056 8.422678908600006e-10
6850.056 9.486364313500005e-10
6900.056 8.882387096600057e-10
6950.056 7.823482544799943e-10
7000.056 7.811628456100074e-10
7050.056 8.574730942099936e-10
7100.056 9.562220120100016e-10
7150.056 9.888214998999845e-10
7200.056 9.695944137420182e-10
7250.056 9.118295084999588e-10
7300.056 7.987066835499969e-10
7350.056 6.865751533899858e-10
7400.056 5.844322032100099e-10
7450.056 4.736680849500048e-10
7500.056 3.6266053995999775e-10
7550.056 2.56301628749998e-10
7600.056 1.6150348183199798e-10
7650.056 2.8177894961943265e-11
7700.056 1.4624653128792876e-11
7750.056 1.2219826648500329e-10
7800.056 2.7330444779060575e-10
7850.056 6.349940391500063e-10
7900.056 1.0705366634100073e-09
7950.056 1.3228562844919577e-09
8000.056 2.53516805540003e-09
8050.056 3.572370807900069e-09
8100.056 4.658172765660003e-09
8150.056 6.097242339949974e-09
8200.056 7.809174341220461e-09
8250.056 1.0265287062370545e-08
8300.056 1.2998922140430952e-08
8350.056 1.6198342804408734e-08
8400.056 1.9870370459219198e-08
8450.056 2.441679854999868e-08
8500.056 2.594147930466414e-08
8550.056 3.2643833867300534e-08
8600.056 3.787323809099959e-08
8650.056 3.8119940152996306e-08
8700.056 4.2483371183994654e-08
8750.056 4.859547965200333e-08
8800.056 5.764235374300659e-08
8850.056 6.687031726999462e-08
8900.056 7.04306383244973e-08
8950.056 6.28933968198232e-08
9000.056 8.550469065718553e-08
9050.056 9.959739040138409e-08
9100.056 1.1125579132429434e-07
9150.056 1.124123518472618e-07
9200.056 1.2514725104531733e-07
9250.056 1.2059257896188564e-07
9300.056 7.101805639166082e-08
9350.056 7.837440746146285e-08
9400.056 9.211426544745039e-08
9450.056 1.1104267057027006e-07
9500.056 1.1236503651650528e-07
9550.056 1.2466235160219538e-07
9600.056 1.1564765312346535e-07
9650.056 1.254429215251588e-07
9700.056 1.342194811682406e-07
9750.056 1.3564015329182775e-07
9800.056 1.4657521227126302e-07
9850.056 1.6277564645135018e-07
9900.056 1.6318167435776932e-07
9950.056 1.626736287835751e-07
10000.056 1.5404350220595312e-07
10050.056 1.7879777871900516e-07
10100.056 2.135913510489483e-07
10150.056 2.4087414077593167e-07
10200.056 2.739349238719654e-07
10250.056 2.93528810349964e-07
10300.056 3.122731754600187e-07
10350.056 3.572416420499872e-07
10400.056 3.9789584065997444e-07
10450.056 4.0705166147001644e-07
10500.056 3.842757950500021e-07
10550.056 3.8276567860004134e-07
10600.056 4.0335294985999914e-07
10650.056 4.397443260040079e-07
10700.056 4.653571317630432e-07
10750.056 5.073289790680216e-07
10800.056 5.474107135640054e-07
10850.056 5.781156623739239e-07
10900.056 4.858799943632524e-07
10950.056 3.286289152262865e-07
11000.056 3.191626267542312e-07
11050.056 2.914593764585272e-07
11100.056 2.6460124836331107e-07
11150.056 2.293201812478877e-07
11200.056 2.261598783721669e-07
11250.056 2.602832068098981e-07
11300.056 2.5296970059109765e-07
11350.056 1.6369091603022573e-07
11400.056 1.924276661102194e-07
11450.056 2.0437041449058218e-07
11500.056 2.403751222698751e-07
11550.056 1.9646894118803412e-07
11600.056 2.1876043752763488e-07
11650.056 2.275985489682663e-07
11700.056 1.9529854602575573e-07
11750.056 1.761621945770805e-07
11800.056 2.1000129101095722e-07
11850.056 2.7791759343186837e-07
11900.056 2.9213832010042525e-07
11950.056 3.5909937027118223e-07
12000.056 3.812348688761188e-07
12050.056 4.344550527859356e-07
12100.056 4.6262715089399165e-07
12150.056 5.241276869439198e-07
12200.056 5.773705399918215e-07
12250.056 6.284269011127816e-07
12300.056 6.859441229981343e-07
12350.056 7.186926450490676e-07
12400.056 7.366633433339845e-07
12450.056 6.989734435160685e-07
12500.056 7.572603882799679e-07
12550.056 7.898134754400699e-07
12600.056 9.253336185760431e-07
12650.056 9.252310957929565e-07
12700.056 9.845198667931866e-07
12750.056 9.821894435230628e-07
12800.056 1.0252972875351162e-06
12850.056 9.550946097510349e-07
12900.056 8.880833711154656e-07
12950.056 9.28389840312987e-07
13000.056 8.82889490046265e-07
13050.056 8.695581240430663e-07
13100.056 8.293256530645244e-07
13150.056 7.60641952946689e-07
13200.056 6.990959030238596e-07
13250.056 5.950721657740215e-07
13300.056 3.8363084060036497e-07
13350.056 1.551848937925681e-07
13400.056 1.1493872975498669e-07
13450.056 8.158099053357886e-08
13500.056 7.137447824217736e-08
13550.056 6.105992370192128e-08
13600.056 4.740827797824273e-08
13650.056 6.919628801730731e-08
13700.056 5.7520189272315195e-08
13750.056 5.682010840437625e-08
13800.056 6.95463122050084e-08
13850.056 6.529456040526028e-08
13900.056 6.712734495228768e-08
13950.056 6.412028458192748e-08
14000.056 6.098908461624829e-08
14050.056 6.194535720784942e-08
14100.056 5.2966043627244934e-08
14150.056 6.019078536488168e-08
14200.056 5.2445339768525126e-08
14250.056 5.315987361297069e-08
14300.056 6.31313205898846e-08
14350.056 6.021411362504848e-08
14400.056 7.021320935680363e-08
14450.056 7.219301849760632e-08
14500.056 9.727258682017414e-08
14550.056 1.0503289385519638e-07
14600.056 1.15555633355303e-07
14650.056 1.196851338481649e-07
14700.056 1.0508967166286871e-07
14750.056 1.2074528127429497e-07
14800.056 1.4042843603607536e-07
14850.056 1.5328594593869938e-07
14900.056 1.5842383767665387e-07
14950.056 1.6251248838151776e-07
15000.056 1.74725514587133e-07
15050.056 2.0069959180109064e-07
15100.056 2.162188609374343e-07
15150.056 2.417247433384231e-07
15200.056 2.4320038834357015e-07
15250.056 2.6118257158724744e-07
15300.056 2.8938030222856464e-07
15350.056 3.0759545582975147e-07
15400.056 3.3922076850301424e-07
15450.056 3.701027615992502e-07
15500.056 3.8387415678390734e-07
15550.056 4.2502350904998956e-07
15600.056 4.0805685732803346e-07
15650.056 4.51009571493036e-07
15700.056 5.223211703862924e-07
15750.056 5.698793711239782e-07
15800.056 5.537516848002507e-07
15850.056 6.332011102068733e-07
15900.056 6.420620328841518e-07
15950.056 7.135251703158576e-07
16000.056 7.138696183669875e-07
16050.056 7.019258522050236e-07
16100.056 7.251324979790815e-07
16150.056 6.974374724500728e-07
16200.056 6.840332930017754e-07
16250.056 6.998428889419138e-07
16300.056 6.788459963727439e-07
16350.056 7.252330154677016e-07
16400.056 7.916019877630387e-07
16450.056 8.177851469458753e-07
16500.056 8.839838619889863e-07
16550.056 8.75879523037247e-07
16600.056 8.555480923932952e-07
16650.056 8.478210628285716e-07
16700.056 7.254522294174904e-07
16750.056 7.995233520808837e-07
16800.056 9.572095206740088e-07
16850.056 9.230704856369796e-07
16900.056 9.067799382189365e-07
16950.056 8.409663221029838e-07
17000.056 7.613379278691181e-07
17050.056 8.098367270691252e-07
17100.056 7.540982447866848e-07
17150.056 6.590871419978535e-07
17200.056 6.268475040462794e-07
17250.056 5.61046660719936e-07
17300.056 5.242597833424877e-07
17350.056 4.645091321489172e-07
17400.056 4.956403634591836e-07
17450.056 4.352264372399322e-07
17500.056 4.2597328795050306e-07
17550.056 4.1926754508718463e-07
17600.056 3.93982706092667e-07
17650.056 3.7816194694758435e-07
17700.056 2.8697294398921464e-07
17750.056 2.5878017852809085e-07
17800.056 3.0598737595418967e-07
17850.056 2.3473275392301727e-07
17900.056 2.3370130878608897e-07
17950.056 2.1871725484788308e-07
18000.056 2.1152210797080794e-07
18050.056 2.0070312650191506e-07
18100.056 1.9469315217229447e-07
18150.056 2.4814723639407704e-07
18200.056 1.6946744237894277e-07
18250.056 2.4664127671240464e-07
18300.056 2.1969838015006995e-07
18350.056 1.8642830291433773e-07
18400.056 1.9171422658667042e-07
18450.056 1.7874137576963146e-07
18500.056 1.9090242466049128e-07
18550.056 1.7282797682566107e-07
18600.056 1.4417543736549996e-07
18650.056 1.613608173282561e-07
18700.056 1.7246230647126e-07
18750.056 1.771080824615163e-07
18800.056 2.0570786213494445e-07
18850.056 2.383269070290868e-07
18900.056 2.3016235948855036e-07
18950.056 2.56548608064294e-07
19000.056 2.567401558463817e-07
19050.056 2.3320913299178165e-07
19100.056 2.749076949483272e-07
19150.056 2.708642190253147e-07
19200.056 2.760524046860365e-07
19250.056 2.5530840016057637e-07
19300.056 2.6567726419504867e-07
19350.056 2.3645841429853603e-07
19400.056 1.9896268353592923e-07
19450.056 2.637274034004488e-07
19500.056 2.55477746550684e-07
19550.056 2.0006927093744783e-07
19600.056 2.5434617404149174e-07
19650.056 2.6026162215305804e-07
19700.056 2.6483451729621785e-07
19750.056 2.5356559737699523e-07
19800.056 2.670944599146234e-07
19850.056 2.9510989471099357e-07
19900.056 2.467632793646154e-07
19950.056 3.2333678695513544e-07
20000.056 2.8380443200585614e-07
20050.056 3.13216442422128e-07
20100.056 3.452240780616506e-07
20150.056 3.461550260880192e-07
20200.056 3.6922371248390467e-07
20250.056 4.0252564743099596e-07
20300.056 4.050117498408629e-07
20350.056 4.44075512154891e-07
20400.056 4.354923208348146e-07
20450.056 4.961117041788721e-07
20500.056 5.023169271360744e-07
20550.056 5.07409105505042e-07
20600.056 5.774834937342161e-07
20650.056 5.695256261892655e-07
20700.056 5.966444612581073e-07
20750.056 6.366696338228602e-07
20800.056 6.667671851790834e-07
20850.056 6.578832484839154e-07
20900.056 7.00022476231836e-07
20950.056 7.178044123849785e-07
21000.056 7.60095722070061e-07
21050.056 7.652232129979914e-07
21100.056 7.718537179389733e-07
21150.056 8.320126702239733e-07
21200.056 8.048296268230575e-07
21250.056 8.579232984298912e-07
21300.056 7.96941791912835e-07
21350.056 8.838576097479989e-07
21400.056 8.18510168012219e-07
21450.056 9.057650176520019e-07
21500.056 8.298122104262576e-07
21550.056 8.315534391819997e-07
21600.056 8.343309844142296e-07
21650.056 7.856063363481143e-07
21700.056 8.523328371799817e-07
21750.056 7.630387629939935e-07
21800.056 7.223490743287463e-07
21850.056 6.867899403350785e-07
21900.056 6.407104150769722e-07
21950.056 5.17712725723145e-07
22000.056 3.644572567651182e-07
22050.056 2.7221337702873543e-07
22100.056 3.401687242282534e-07
22150.056 4.0669933360703444e-07
22200.056 4.2292940882868464e-07
22250.056 4.16596452345313e-07
22300.056 3.865234609771921e-07
22350.056 3.5910108427979816e-07
22400.056 3.2123877778338556e-07
22450.056 2.8751234373823404e-07
22500.056 2.8852196445412144e-07
22550.056 2.4498924773976527e-07
22600.056 2.616428346348064e-07
22650.056 2.473578609816134e-07
22700.056 2.2618686507261439e-07
22750.056 2.366888125476796e-07
22800.056 2.0073768496275244e-07
22850.056 1.8666246018989842e-07
22900.056 1.763838057467426e-07
22950.056 1.2413701632796322e-07
23000.056 1.5025248263600548e-07
23050.056 1.9051987985383716e-07
23100.056 2.3232234791702333e-07
23150.056 2.512216680298242e-07
23200.056 1.3245156255503372e-07
23250.056 1.2108720510261442e-07
23300.056 1.0606993184115619e-07
23350.056 1.038871561184897e-07
23400.056 1.1052412299325239e-07
23450.056 1.1877301537950459e-07
23500.056 1.2929114141343816e-07
23550.056 1.4430762736505637e-07
23600.056 1.5130151650001224e-07
23650.056 1.8280117381695482e-07
23700.056 1.4605853428138776e-07
23750.056 1.2385208638404176e-07
23800.056 1.0811679020002029e-07
23850.056 1.1770520454201014e-07
23900.056 1.636778295420041e-07
23950.056 1.8836228811809716e-07
24000.056 1.9141392055388654e-07
24050.056 2.2042845872520855e-07
24100.056 1.9392448852710175e-07
24150.056 2.0914911573216068e-07
24200.056 2.1762169674467852e-07
24250.056 1.9389385745602887e-07
24300.056 2.1127376040705928e-07
24350.056 1.7918592143299253e-07
24400.056 2.1903358731304703e-07
24450.056 1.974633604342436e-07
24500.056 1.9539344168146124e-07
24550.056 2.0952985006209835e-07
24600.056 2.2242136840503923e-07
24650.056 2.4930246148400794e-07
24700.056 1.9941674773091185e-07
24750.056 2.089670323041054e-07
24800.056 2.0354068536464917e-07
24850.056 2.4934848304201855e-07
24900.056 1.8511606247815205e-07
24950.056 2.4696133002098947e-07
25000.056 2.253921533040417e-07
25050.056 1.7792750414000764e-07
25100.056 2.1829857204699127e-07
25150.056 1.790918832619725e-07
25200.056 2.0281533477698123e-07
25250.056 1.8339950454200067e-07
25300.056 2.1807906857301462e-07
25350.056 1.6741817208402915e-07
25400.056 2.1076060548206028e-07
25450.056 1.7152034117097017e-07
25500.056 1.7760882805804394e-07
25550.056 1.7297165370098735e-07
25600.056 1.6880200478798667e-07
25650.056 1.5189239998098352e-07
25700.056 2.0201456831490305e-07
25750.056 1.3888258752904886e-07
25800.056 1.9816122844403074e-07
25850.056 1.5444630066195244e-07
25900.056 1.794709184769685e-07
25950.056 1.496302703030205e-07
26000.056 2.0651746438506656e-07
26050.056 1.9837290919396315e-07
26100.056 2.0876973614596588e-07
26150.056 1.9654070229597376e-07
26200.056 1.9784271359998057e-07
26250.056 2.1882031130799295e-07
26300.056 2.0752770426602824e-07
26350.056 2.3871547069994074e-07
26400.056 2.483938458789198e-07
26450.056 2.5631821867403907e-07
26500.056 2.637196115318807e-07
26550.056 2.175839488238647e-07
26600.056 2.6245650666791074e-07
26650.056 1.8246595268696945e-07
26700.056 1.8034263864002715e-07
26750.056 1.5255789087591058e-07
26800.056 1.9497776355394901e-07
26850.056 1.4864961966996388e-07
26900.056 2.099900775640284e-07
26950.056 1.4707502400398002e-07
27000.056 2.09209089515023e-07
27050.056 1.7707625816404606e-07
27100.056 1.7683124109296476e-07
27150.056 2.1129632728403477e-07
27200.056 1.925266010540876e-07
27250.056 1.9694155688511308e-07
27300.056 2.458552635289851e-07
27350.056 2.3116542638195196e-07
27400.056 1.7392739624097193e-07
27450.056 2.7714925445986537e-07
27500.056 2.552544541478758e-07
27550.056 2.1013120508000662e-07
27600.056 2.7877890125693807e-07
27650.056 1.9849449799794638e-07
27700.056 1.8664331345906804e-07
27750.056 2.6516302878385885e-07
27800.056 1.831900369389176e-07
27850.056 2.0814434881482993e-07
27900.056 2.2266870046004423e-07
27950.056 2.7321824801400247e-07
28000.056 2.5075647860310926e-07
28050.056 1.7277948660104185e-07
28100.056 2.858424041971012e-07
28150.056 2.215520251960414e-07
28200.056 1.8222377430604354e-07
28250.056 2.619632460820233e-07
28300.056 3.1220719510897445e-07
28350.056 2.1396455742393798e-07
28400.056 2.371761457859791e-07
28450.056 2.663429139029027e-07
28500.056 2.6177791980194393e-07
28550.056 1.7501145266592487e-07
28600.056 3.0686527930194016e-07
28650.056 2.8505016931091255e-07
28700.056 2.65273172193966e-07
28750.056 3.066820715720344e-07
28800.056 2.798576834000639e-07
