galfind/configs/Brown_Dwarf_templates/sonora_bobcat/m+0.5/56g/sp_t1800g56nc_m+0.5_resample.dat
# %ECSV 1.0
# ---
# datatype:
# - {name: wav, unit: Angstrom, datatype: float64}
# - {name: flux_nu, unit: erg / (cm2 Hz s), datatype: float64}
# meta: {C/O: '1.00', Kzz: '1.0000E+05', Teff: '1800.', Y: '0.28', '[Fe/H]': '0.50', f_hole: '1.00', f_rain: '0.00', grav: '56.'}
# schema: astropy-2.0
wav flux_nu
[from data line 497]
28850.056 1.2442575054002085e-06
28900.056 9.994644242900707e-07
28950.056 1.389399930549847e-06
29000.056 1.1081991154295729e-06
29050.056 1.133071877679696e-06
29100.056 9.534313539200551e-07
29150.056 1.2232660620703073e-06
29200.056 1.1048237426004258e-06
29250.056 1.2779518734100915e-06
29300.056 1.0513654578492913e-06
29350.056 1.429919940909652e-06
29400.056 1.1390603657897807e-06
29450.056 1.1792455712599422e-06
29500.056 1.2537909580898518e-06
29550.056 1.1922410474601084e-06
29600.056 1.267546922569874e-06
29650.056 1.2617272488299302e-06
29700.056 1.0689844764098037e-06
29750.056 1.4175410745009161e-06
29800.056 1.3739111029199732e-06
29850.056 1.3489725304298292e-06
29900.056 1.2031881537003183e-06
29950.056 1.4252027361797737e-06
30000.056 1.4269687548095899e-06
30050.056 1.3326444720298403e-06
30100.056 1.061767763419676e-06
30150.056 1.6859048117698248e-06
30200.056 1.4671986542501738e-06
30250.056 1.443318937290542e-06
30300.056 1.484466152289814e-06
30350.056 1.321340291630219e-06
30400.056 1.6660338128603918e-06
30450.056 1.3314394497001205e-06
30500.056 1.2332964733802398e-06
30550.056 1.7490557371204641e-06
30600.056 1.680881222730272e-06
30650.056 1.6850116667800489e-06
30700.056 1.5784917426999776e-06
30750.056 1.489249303430062e-06
30800.056 1.8115519457704732e-06
30850.056 1.548676436479925e-06
30900.056 1.579282410119872e-06
30950.056 1.511045719530218e-06
31000.056 1.7666847134799222e-06
31050.056 1.4472566318399666e-06
31100.056 1.6731779231698993e-06
31150.056 1.7801122562597315e-06
31200.056 1.7515816479297609e-06
31250.056 1.9041805031403942e-06
31300.056 1.6883478139197947e-06
31350.056 1.7348326645999935e-06
31400.056 1.7176778402004384e-06
31450.056 1.7696859208501074e-06
31500.056 1.7886046328604053e-06
31550.056 1.6622543025500219e-06
31600.056 1.7753109649298562e-06
31650.056 1.874924585320017e-06
31700.056 1.8960414043598988e-06
31750.056 1.6124382057302339e-06
31800.056 1.960290917190216e-06
31850.056 2.100754567030136e-06
31900.056 2.080524527899868e-06
31950.056 1.5415614941997815e-06
32000.056 1.762209781410491e-06
32050.056 2.0883228744601965e-06
32100.056 2.0726093523796333e-06
32150.056 2.086228885410122e-06
32200.056 2.0039583329399243e-06
32250.056 1.876619568040216e-06
32300.056 2.082841988510141e-06
32350.056 2.196169068830302e-06
32400.056 1.972588874530043e-06
32450.056 1.922323618160205e-06
32500.056 2.1039904955802735e-06
32550.056 2.3495882050201215e-06
32600.056 2.3420965990198418e-06
32650.056 2.2452942159708385e-06
32700.056 2.136141728860184e-06
32750.056 2.251588913750045e-06
32800.056 2.0423045174301696e-06
32850.056 2.4659565211197657e-06
32900.056 2.356590634689961e-06
32950.056 1.9842018255997795e-06
33000.056 2.1702220253203213e-06
33050.056 2.260695271719771e-06
33100.056 2.37290315521926e-06
33150.056 2.246794709560184e-06
33200.056 1.990779804200414e-06
33250.056 2.2346637861399316e-06
33300.056 2.4015081677401737e-06
33350.056 2.2651182390201652e-06
33400.056 2.103358152269718e-06
33450.056 2.3000758754192026e-06
33500.056 2.3701699592502916e-06
33550.056 2.2644971173697164e-06
33600.056 2.3545129734706615e-06
33650.056 2.4742227071506552e-06
33700.056 2.560803086889573e-06
33750.056 2.562336120380034e-06
33800.056 2.4494576829099955e-06
33850.056 2.356690593330093e-06
33900.056 2.702028789919545e-06
33950.056 2.356173859559637e-06
34000.056 2.403768342999364e-06
34050.056 2.435558534809941e-06
34100.056 2.6565643169003937e-06
34150.056 2.580891481799725e-06
34200.056 2.418381151689466e-06
34250.056 2.7420668004997044e-06
34300.056 2.498128926439527e-06
34350.056 2.625629530719771e-06
34400.056 2.367502110629595e-06
34450.056 2.452391164899946e-06
34500.056 2.526508967420518e-06
34550.056 2.4146051175198296e-06
34600.056 2.5871950939401277e-06
34650.056 2.593626824829998e-06
34700.056 2.498044588499405e-06
34750.056 2.6700764484202518e-06
34800.056 2.82139942498956e-06
34850.056 2.46643498785012e-06
34900.056 2.6496717769102618e-06
34950.056 2.5729662500993336e-06
35000.056 2.486657699499636e-06
35050.056 2.836526935240527e-06
35100.056 2.629490170519235e-06
35150.056 2.679111840769936e-06
35200.056 2.7334350761097604e-06
35250.056 2.398044192730069e-06
35300.056 2.6723375308201903e-06
35350.056 2.824460184999752e-06
35400.056 2.583213955819742e-06
35450.056 2.5271637769204665e-06
35500.056 2.782991381699805e-06
35550.056 2.585093842699883e-06
35600.056 2.4510953636896436e-06
35650.056 2.888877903400391e-06
35700.056 2.4982400499004612e-06
35750.056 2.682235670379702e-06
35800.056 2.7350779464996475e-06
35850.056 2.7675292360597115e-06
35900.056 2.9656413937995688e-06
35950.056 2.772653678799995e-06
36000.056 2.5005230690496257e-06
36050.056 2.935901904400295e-06
36100.056 3.000086827699655e-06
36150.056 2.704509008840329e-06
36200.056 2.9469339156395535e-06
36250.056 2.658893428489398e-06
36300.056 3.1549236983507765e-06
36350.056 2.9655998591996965e-06
36400.056 2.8239927279999745e-06
36450.056 3.11682496219967e-06
36500.056 2.9099646622402486e-06
36550.056 2.77629505956049e-06
36600.056 2.8886755448002655e-06
36650.056 2.9945761321003488e-06
36700.056 3.126614922900186e-06
36750.056 2.928379662300293e-06
36800.056 2.9871806572996498e-06
36850.056 2.955246398800426e-06
36900.056 3.0937386376005646e-06
36950.056 3.056286045239937e-06
37000.056 3.151616245300101e-06
37050.056 3.144450631999888e-06
37100.056 3.095367949560407e-06
37150.056 3.0804531693992683e-06
37200.056 3.210927866300084e-06
37250.056 3.2529873075002876e-06
37300.056 3.2717278253006573e-06
37350.056 3.037278829100479e-06
37400.056 3.190883702799605e-06
37450.056 3.2122122657103403e-06
37500.056 3.2420319705997592e-06
37550.056 3.1670862488993684e-06
37600.056 3.358383090999486e-06
37650.056 3.1277836719996417e-06
37700.056 3.1555512988000587e-06
37750.056 3.3964532370995476e-06
37800.056 3.467544660099902e-06
37850.056 3.2588888469998566e-06
37900.056 3.362120824400225e-06
37950.056 3.4156061078001312e-06
38000.056 3.2765335399004868e-06
38050.056 3.3582002869001934e-06
38100.056 3.213098120500232e-06
38150.056 3.5243496976994587e-06
38200.056 3.625739706699429e-06
38250.056 3.2502296270005584e-06
38300.056 3.207913926399932e-06
38350.056 3.3684469063997813e-06
38400.056 3.4334142940797625e-06
38450.056 3.503081731300342e-06
38500.056 3.3925237759997853e-06
38550.056 3.382846170800144e-06
38600.056 3.7281257336997674e-06
38650.056 3.2523563739001635e-06
38700.056 3.3520748242006145e-06
38750.056 3.464223741800008e-06
38800.056 3.4397229455003974e-06
38850.056 3.3927290163003705e-06
38900.056 3.3221745730998395e-06
38950.056 3.5179859824996044e-06
39000.056 3.3889621270001254e-06
39050.056 3.470215149999917e-06
39100.056 3.2711425283999753e-06
39150.056 3.390556795000143e-06
39200.056 3.544587811800199e-06
39250.056 3.5155823339993104e-06
39300.056 3.4911396720992064e-06
39350.056 3.473191418370396e-06
39400.056 3.406946322300079e-06
39450.056 3.412952082499722e-06
39500.056 3.3990447997997507e-06
39550.056 3.3082999608293914e-06
39600.056 3.6594055413001675e-06
39650.056 3.239912445700036e-06
39700.056 3.4096804148997917e-06
39750.056 3.374385111539563e-06
39800.056 3.205059755300184e-06
39850.056 3.295694970099711e-06
39900.056 3.272342713099956e-06
39950.056 3.4658542662998654e-06
40000.056 3.1166987673997996e-06
40050.056 2.9828158385999265e-06
40100.056 3.2383447751997993e-06
40150.056 3.000941454599446e-06
40200.056 3.1104831603996424e-06
40250.056 3.161169816738979e-06
40300.056 2.8525161692001762e-06
40350.056 3.121861670900467e-06
40400.056 3.1535720178997766e-06
40450.056 2.9468114292006026e-06
40500.056 2.708971170700226e-06
40550.056 3.202209234899793e-06
40600.056 2.814913097410325e-06
40650.056 2.8677462119205026e-06
40700.056 3.0662225056003183e-06
40750.056 2.688920025199041e-06
40800.056 2.6770120352504097e-06
40850.056 2.536688652740608e-06
40900.056 2.5352701913605134e-06
40950.056 2.743936748799938e-06
41000.056 2.8217198055002252e-06
41050.056 2.729154817649423e-06
41100.056 2.6116428093103498e-06
41150.056 2.7876954138001787e-06
41200.056 2.5799460228499687e-06
41250.056 2.6661327527802673e-06
41300.056 2.280457823299621e-06
41350.056 2.7344965038801807e-06
41400.056 2.5831376129001452e-06
41450.056 2.4726990691402e-06
41500.056 2.6909269586400762e-06
41550.056 2.5719807594200084e-06
41600.056 2.750229637899965e-06
41650.056 2.3936467821005364e-06
41700.056 2.26467453786968e-06
41750.056 2.325780081679801e-06
41800.056 2.2961391404495924e-06
41850.056 2.1495292736304302e-06
41900.056 2.404966765809835e-06
41950.056 1.8615689523305734e-06
42000.056 2.178181497660186e-06
42050.056 1.9320925092592225e-06
42100.056 2.228645046550407e-06
42150.056 1.6471149921491916e-06
42200.056 1.8187368617499706e-06
42250.056 1.895365177230033e-06
42300.056 1.5037521819199694e-06
42350.056 1.8609832374306088e-06
42400.056 1.5634305951603843e-06
42450.056 1.259683747220388e-06
42500.056 1.4095223382403608e-06
42550.056 1.4072047542101873e-06
42600.056 1.4185164665805154e-06
42650.056 1.1368173165188894e-06
42700.056 1.4188874770006381e-06
42750.056 1.2660963215100667e-06
42800.056 1.1966655929805226e-06
42850.056 1.1896618389297392e-06
42900.056 1.2099740999500364e-06
42950.056 1.1112636684593237e-06
43000.056 1.1041344764800816e-06
43050.056 1.1010836089706216e-06
43100.056 1.2089326323002539e-06
43150.056 1.1428593259502558e-06
43200.056 1.1912688317002147e-06
43250.056 1.1336006769599335e-06
43300.056 1.1634799987701849e-06
43350.056 1.0735110034699332e-06
43400.056 1.1402388566799634e-06
43450.056 1.1906287591906209e-06
43500.056 1.0934995242098204e-06
43550.056 1.1953060197399472e-06
43600.056 1.1723979023602224e-06
43650.056 1.0176860547301776e-06
43700.056 1.0410203328596105e-06
43750.056 1.0798511973301755e-06
43800.056 9.63962489790249e-07
43850.056 1.0367445081303084e-06
43900.056 1.1059274558399965e-06
43950.056 1.039940181730514e-06
44000.056 9.97328383130302e-07
44050.056 1.040212356520183e-06
44100.056 1.0410829854502504e-06
44150.056 1.0750488555496498e-06
44200.056 9.94331624199854e-07
44250.056 1.0291397765900513e-06
44300.056 1.0117498886100794e-06
44350.056 9.67586567360019e-07
44400.056 1.0324022784099602e-06
44450.056 1.0677790482499863e-06
44500.056 1.1231282467100555e-06
44550.056 9.798297899097213e-07
44600.056 1.0755565781401233e-06
44650.056 1.0884790375902212e-06
44700.056 1.0414520190700954e-06
44750.056 1.0895706435998192e-06
44800.056 1.2000884033099386e-06
44850.056 1.1451425870901263e-06
44900.056 1.0962107831902172e-06
44950.056 1.0027344962798956e-06
45000.056 1.163221480889891e-06
45050.056 1.123002682529861e-06
45100.056 1.1930227221198862e-06
45150.056 1.1477770060498657e-06
45200.056 1.0635634146200443e-06
45250.056 1.0869740916598252e-06
45300.056 1.1683697428300817e-06
45350.056 1.2408213784399122e-06
45400.056 1.1928194010502128e-06
45450.056 1.0778921520798473e-06
45500.056 1.1083258832499361e-06
45550.056 1.245561284209915e-06
45600.056 1.1645979482099378e-06
45650.056 1.0397257946097385e-06
45700.056 1.2503124303301215e-06
45750.056 1.1490186466199369e-06
45800.056 1.1242485728699725e-06
45850.056 1.3267663867799746e-06
45900.056 1.3571088937201174e-06
45950.056 1.1579179635399731e-06
46000.056 1.3873063606500053e-06
46050.056 1.356459697080247e-06
46100.056 1.1438883371801248e-06
46150.056 1.2290998882599667e-06
46200.056 1.3697676371803003e-06
46250.056 1.099294185909936e-06
46300.056 1.4466577808098986e-06
46350.056 1.1607276085698676e-06
46400.056 1.2223043748298283e-06
46450.056 1.2464831400602942e-06
46500.056 1.152682887459906e-06
46550.056 1.4093591734899629e-06
46600.056 1.2883140098899793e-06
46650.056 1.6514617832099222e-06
46700.056 1.5228239156204142e-06
46750.056 1.2126925131498572e-06
46800.056 1.3734554245802613e-06
46850.056 1.447569757030122e-06
46900.056 1.3673658878396952e-06
46950.056 1.5153766062201383e-06
47000.056 1.327200496449965e-06
47050.056 1.4915255705296843e-06
47100.056 1.2343405316201325e-06
47150.056 1.3586777510502933e-06
47200.056 1.4010239339704381e-06
47250.056 1.2736498672896943e-06
47300.056 1.3442437398396065e-06
47350.056 1.1110417014797055e-06
47400.056 1.4303986710296182e-06
47450.056 1.3191491368599038e-06
47500.056 1.3673129941996289e-06
47550.056 1.267931313039764e-06
47600.056 1.4553882131999345e-06
47650.056 1.0121082078396579e-06
47700.056 1.4708470062900868e-06
47750.056 9.76081601650296e-07
47800.056 1.4436387092698225e-06
47850.056 1.091764499909676e-06
47900.056 1.4719772034600975e-06
47950.056 1.0264555150802718e-06
48000.056 1.625038162900004e-06
48050.056 1.1444731539202542e-06
48100.056 1.2805604340999733e-06
48150.056 1.1699303542501758e-06
48200.056 1.4513244307603246e-06
48250.056 1.1769781812697976e-06
48300.056 1.5961433672797067e-06
48350.056 1.0471422848098804e-06
48400.056 1.4569435221399818e-06
48450.056 1.1768753467901022e-06
48500.056 1.6053791067200415e-06
48550.056 1.088799611270078e-06
48600.056 1.4455009155898481e-06
48650.056 1.1046447471999633e-06
48700.056 1.3736519113800878e-06
48750.056 9.98099635750187e-07
48800.056 1.6403353430601215e-06
48850.056 1.119430517649788e-06
48900.056 1.4264759520601006e-06
48950.056 1.3301007285400958e-06
49000.056 1.3079554270698423e-06
49050.056 1.347768263699904e-06
49100.056 1.2592368963701682e-06
49150.056 1.3276450153501009e-06
49200.056 1.3151304832999651e-06
49250.056 1.3071866963800514e-06
49300.056 1.1471719864398454e-06
49350.056 1.2028398024600095e-06
49400.056 1.4631667826502028e-06
49450.056 1.2166270252103126e-06
49500.056 1.3112915812901548e-06
49550.056 1.1273449149100186e-06
49600.056 1.2477581779303454e-06
49650.056 1.2892685913401335e-06
49700.056 1.0913350186599122e-06
49750.056 1.6527015946996701e-06
49800.056 1.2719033608200723e-06
49850.056 1.5716963225600238e-06
49900.056 1.247412055400139e-06
49950.056 1.3676646246695142e-06
50000.056 1.3040852582696748e-06
50050.056 1.3295401568901485e-06
50100.056 1.3989820342098729e-06
50150.056 1.2160691629900376e-06
50200.056 1.1054496796001382e-06
50250.056 1.2635866146100918e-06
50300.056 1.2020446065398422e-06
50350.056 1.3786080210000424e-06
50400.056 1.255420895700054e-06
50450.056 1.2254442754901866e-06
50500.056 1.6196327545103127e-06
50550.056 1.294642426779891e-06
50600.056 1.3912901711401134e-06
50650.056 1.312019106850381e-06
50700.056 1.430734188679453e-06
50750.056 1.4233895823102075e-06
50800.056 1.1212770682899307e-06
50850.056 1.3084312078402597e-06
50900.056 1.3550954748099575e-06
50950.056 1.4389240175502094e-06
51000.056 1.6126061619201669e-06
51050.056 1.2049521120502407e-06
51100.056 1.2078564526598877e-06
51150.056 1.387448094069946e-06
51200.056 1.3168067997699015e-06
51250.056 1.464883623859939e-06
51300.056 1.2394910255004697e-06
51350.056 1.3768406251896725e-06
51400.056 1.2954241764495843e-06
51450.056 9.537506721198364e-07
51500.056 1.3445838990299049e-06
51550.056 1.6533123646701626e-06
51600.056 1.1010061985400245e-06
51650.056 1.3167774623797507e-06
51700.056 1.1977744465196008e-06
51750.056 1.1856024262301033e-06
51800.056 1.3940192317898302e-06
51850.056 1.422844416839898e-06
51900.056 1.4682622238403129e-06
51950.056 1.3318451342298554e-06
52000.056 1.1813172863499464e-06
52050.056 1.3633340703699063e-06
52100.056 1.2968584518696747e-06
52150.056 1.3112645467701715e-06
52200.056 1.2649806939700947e-06
52250.056 1.2952014622600011e-06
52300.056 1.3488173364499857e-06
52350.056 1.5483860876402285e-06
52400.056 1.1274684133100986e-06
52450.056 1.3067670300099253e-06
52500.056 1.4253401889696276e-06
52550.056 1.298964351879546e-06
52600.056 1.3802090952002077e-06
52650.056 1.5753030594902959e-06
52700.056 1.3354535824600203e-06
52750.056 1.0584176827598323e-06
52800.056 1.2186011223801525e-06
52850.056 1.1518600556798585e-06
52900.056 1.2781382964501496e-06
52950.056 1.279750759169725e-06
53000.056 1.4329011044698507e-06
53050.056 1.2974985659897523e-06
53100.056 1.1711615680396393e-06
53150.056 1.4863297398303323e-06
53200.056 1.047642094470222e-06
53250.056 1.5389800773398955e-06
