galfind/configs/Brown_Dwarf_templates/sonora_bobcat/m+0.5/56g/sp_t800g56nc_m+0.5_resample.dat
# %ECSV 1.0
# ---
# datatype:
# - {name: wav, unit: Angstrom, datatype: float64}
# - {name: flux_nu, unit: erg / (cm2 Hz s), datatype: float64}
# meta: {C/O: '1.00', Kzz: '1.0000E+05', Teff: '800.', Y: '0.28', '[Fe/H]': '0.50', f_hole: '1.00', f_rain: '0.00', grav: '56.'}
# schema: astropy-2.0
wav flux_nu
[from data line 497]
28850.056 4.3138400191418356e-08
28900.056 2.110383617139123e-08
28950.056 4.926013931722063e-08
29000.056 3.859283956733185e-08
29050.056 4.16842386055194e-08
29100.056 3.092095751964084e-08
29150.056 5.364855518155051e-08
29200.056 3.812301749803837e-08
29250.056 5.672061714123287e-08
29300.056 3.106763289637593e-08
29350.056 8.215003888969037e-08
29400.056 4.272493668155974e-08
29450.056 4.835494397293201e-08
29500.056 5.578496609082419e-08
29550.056 4.629471863689375e-08
29600.056 5.636417333380048e-08
29650.056 5.85601917361284e-08
29700.056 3.9219622262783536e-08
29750.056 5.818630617800764e-08
29800.056 6.017326731873419e-08
29850.056 6.571946403798393e-08
29900.056 5.9077140701562105e-08
29950.056 5.824406969889567e-08
30000.056 2.965769996360975e-08
30050.056 3.3504688548626086e-08
30100.056 3.00169586621529e-08
30150.056 5.4949013712747744e-08
30200.056 3.999007131597343e-08
30250.056 6.816210524479683e-08
30300.056 5.8420622961513026e-08
30350.056 4.8865704499455056e-08
30400.056 5.949281064791663e-08
30450.056 4.105838877556518e-08
30500.056 3.443313046843136e-08
30550.056 3.688021915962732e-08
30600.056 4.4393386741798616e-08
30650.056 3.277541587146167e-08
30700.056 3.220407399603008e-08
30750.056 3.431404944658301e-08
30800.056 2.704093282896515e-08
30850.056 2.6226467667033323e-08
30900.056 2.1683105084667173e-08
30950.056 2.21264232509463e-08
31000.056 1.8424618396852017e-08
31050.056 1.7251489987799662e-08
31100.056 1.4529261921117611e-08
31150.056 1.841054689133881e-08
31200.056 1.859544614000447e-08
31250.056 1.3288524673256587e-08
31300.056 1.2497050390636832e-08
31350.056 1.314277367043999e-08
31400.056 9.948648606488736e-09
31450.056 1.0784882772497587e-08
31500.056 8.311644208970857e-09
31550.056 9.704571652175326e-09
31600.056 6.885447535375137e-09
31650.056 6.6112886689089234e-09
31700.056 6.571327139069102e-09
31750.056 5.4525712645822685e-09
31800.056 6.952325504860033e-09
31850.056 5.248445963750489e-09
31900.056 6.13118781239915e-09
31950.056 3.734344763729683e-09
32000.056 5.10293126065993e-09
32050.056 5.737934013750134e-09
32100.056 5.556811189586192e-09
32150.056 5.76815572535931e-09
32200.056 4.847341931490592e-09
32250.056 6.518247820690736e-09
32300.056 4.786333503739187e-09
32350.056 6.714759220258467e-09
32400.056 4.542521633658173e-09
32450.056 6.057258987667971e-09
32500.056 5.375414680221178e-09
32550.056 5.114091862619718e-09
32600.056 6.600996345400637e-09
32650.056 1.0127329500368022e-08
32700.056 7.96872822338181e-09
32750.056 1.0062319719192452e-08
32800.056 9.32171194306161e-09
32850.056 1.0839844527528751e-08
32900.056 1.2149832981016777e-08
32950.056 1.3103695845570014e-08
33000.056 1.0482615885985481e-08
33050.056 1.0218010645147539e-08
33100.056 4.407548585028362e-09
33150.056 1.2001550203599688e-09
33200.056 1.1690102403697143e-09
33250.056 6.193492851799371e-10
33300.056 7.488718630601265e-10
33350.056 1.48463077828995e-09
33400.056 2.3676838364186963e-09
33450.056 3.637932577519565e-09
33500.056 6.113578311614579e-09
33550.056 5.104122381962982e-09
33600.056 8.773752811678455e-09
33650.056 8.353204729177704e-09
33700.056 7.400338317888586e-09
33750.056 1.05923444286343e-08
33800.056 8.80251942250228e-09
33850.056 9.953129266838956e-09
33900.056 8.109495041950532e-09
33950.056 8.219595856368083e-09
34000.056 1.1041920690235684e-08
34050.056 5.3396491727063866e-09
34100.056 1.079730779480061e-08
34150.056 8.685507403301155e-09
34200.056 8.713176178545524e-09
34250.056 8.690133046463125e-09
34300.056 8.196386394866142e-09
34350.056 6.920310852899464e-09
34400.056 6.06878846029827e-09
34450.056 8.41896105505656e-09
34500.056 8.040152270831757e-09
34550.056 6.4343272543610864e-09
34600.056 1.0715317615799116e-08
34650.056 7.276335928210706e-09
34700.056 9.39391900389912e-09
34750.056 9.145330800926404e-09
34800.056 8.360903935415998e-09
34850.056 9.327894836904055e-09
34900.056 1.0166668718684984e-08
34950.056 1.1153394962496651e-08
35000.056 1.658280402172586e-08
35050.056 9.815519265038666e-09
35100.056 1.3271632468133065e-08
35150.056 1.1583945411723405e-08
35200.056 1.3572351434477289e-08
35250.056 1.7534702466713207e-08
35300.056 1.4039309836662419e-08
35350.056 1.3919705550454032e-08
35400.056 1.5929760067797348e-08
35450.056 1.0672258182806043e-08
35500.056 2.1855979312018255e-08
35550.056 2.0273431671814406e-08
35600.056 1.62465765749108e-08
35650.056 1.909864237895568e-08
35700.056 1.769632105440344e-08
35750.056 2.3433877380296148e-08
35800.056 3.081070959045985e-08
35850.056 1.7769781878196622e-08
35900.056 2.3413234373350852e-08
35950.056 2.176471398482961e-08
36000.056 2.19528089206046e-08
36050.056 1.9318904319411123e-08
36100.056 2.12657739299859e-08
36150.056 2.269573249643292e-08
36200.056 2.3923444148490743e-08
36250.056 2.3379420442799296e-08
36300.056 2.7991397453207728e-08
36350.056 2.6165430289346175e-08
36400.056 2.507585834001343e-08
36450.056 3.2941516074985864e-08
36500.056 3.516708456801986e-08
36550.056 3.341959797910865e-08
36600.056 4.134810250219869e-08
36650.056 4.0618949680317165e-08
36700.056 4.4333768227488126e-08
36750.056 4.741824856993768e-08
36800.056 4.599680437380092e-08
36850.056 4.264154029573177e-08
36900.056 4.8898559593950694e-08
36950.056 5.341441440998731e-08
37000.056 4.9615808146291865e-08
37050.056 4.8775508185189826e-08
37100.056 5.7475986790502e-08
37150.056 4.6001344505472814e-08
37200.056 5.5476249704386395e-08
37250.056 5.777122570239033e-08
37300.056 4.983608297609453e-08
37350.056 5.2203269354014155e-08
37400.056 7.952508316859658e-08
37450.056 5.9399787400395397e-08
37500.056 5.98778627264935e-08
37550.056 6.943829438006217e-08
37600.056 7.599280300140684e-08
37650.056 5.727645832129707e-08
37700.056 8.711392003400945e-08
37750.056 6.331593210979332e-08
37800.056 6.713917117564725e-08
37850.056 4.9527337371004986e-08
37900.056 5.662515764391552e-08
37950.056 7.109490463877862e-08
38000.056 8.561778806150692e-08
38050.056 8.294926617851732e-08
38100.056 7.822245846622584e-08
38150.056 9.672490799699565e-08
38200.056 1.0165718042403469e-07
38250.056 9.89403623514121e-08
38300.056 1.262854628959829e-07
38350.056 1.272695174180169e-07
38400.056 8.095307383596576e-08
38450.056 8.616136254037789e-08
38500.056 6.018468720319648e-08
38550.056 9.181068993202817e-08
38600.056 9.731579101051928e-08
38650.056 8.824022028118174e-08
38700.056 9.454613669309704e-08
38750.056 1.0906192289131252e-07
38800.056 9.244889198800195e-08
38850.056 9.467555576231248e-08
38900.056 1.3054826370001642e-07
38950.056 1.0621487148367761e-07
39000.056 1.1759899536570028e-07
39050.056 1.0399655918799394e-07
39100.056 1.1971365293501367e-07
39150.056 1.1683558167730756e-07
39200.056 1.2611216409879533e-07
39250.056 1.4277920403656235e-07
39300.056 1.1437036041983423e-07
39350.056 1.5812762086399811e-07
39400.056 1.3311232982226426e-07
39450.056 1.4239061008419495e-07
39500.056 1.3863128507974174e-07
39550.056 1.471800644563437e-07
39600.056 1.5279098459904868e-07
39650.056 1.635352580929876e-07
39700.056 1.594980273170292e-07
39750.056 1.3531218411255042e-07
39800.056 1.5815024869194185e-07
39850.056 1.8816304113499983e-07
39900.056 1.8707949830802304e-07
39950.056 1.6366848433193518e-07
40000.056 2.311668508724674e-07
40050.056 1.8767988567660097e-07
40100.056 1.6091673443179797e-07
40150.056 2.0476756048675547e-07
40200.056 2.0785727434889887e-07
40250.056 2.0178534156540677e-07
40300.056 2.0094571991755875e-07
40350.056 2.1941230226388114e-07
40400.056 2.461039279465907e-07
40450.056 2.2282016480996405e-07
40500.056 2.412001182519795e-07
40550.056 2.4209722499914e-07
40600.056 2.383857447510341e-07
40650.056 2.1005209109442032e-07
40700.056 2.8751322492600194e-07
40750.056 2.470074507699727e-07
40800.056 2.0124402120588787e-07
40850.056 3.000785871201017e-07
40900.056 2.764076804924438e-07
40950.056 2.589252121692217e-07
41000.056 2.7083467219600867e-07
41050.056 3.243258430899565e-07
41100.056 2.722635924300303e-07
41150.056 2.1909237925056305e-07
41200.056 3.191397502899503e-07
41250.056 2.6803540012275826e-07
41300.056 2.4878239250792794e-07
41350.056 3.516746022100731e-07
41400.056 3.1368989280807544e-07
41450.056 3.337211738140674e-07
41500.056 2.815333279520283e-07
41550.056 2.7959999212266605e-07
41600.056 3.4257535893186376e-07
41650.056 3.4245761268600916e-07
41700.056 3.025348708668455e-07
41750.056 3.1592928184698926e-07
41800.056 3.2971250461197753e-07
41850.056 2.5905311190971597e-07
41900.056 2.7707637336955943e-07
41950.056 2.467652278990528e-07
42000.056 2.439025221099478e-07
42050.056 2.3241359904001157e-07
42100.056 3.0314549212999686e-07
42150.056 2.4129703987096685e-07
42200.056 2.230583597910075e-07
42250.056 2.2370888137293103e-07
42300.056 2.1922677158981098e-07
42350.056 2.692786151540498e-07
42400.056 2.427306972870821e-07
42450.056 2.296912728220182e-07
42500.056 2.2528259495398746e-07
42550.056 2.241896126719627e-07
42600.056 2.2107970401984273e-07
42650.056 2.431724352189287e-07
42700.056 2.3636752368202114e-07
42750.056 2.194610112159782e-07
42800.056 2.298256871150592e-07
42850.056 2.6209157239390433e-07
42900.056 2.648667915350735e-07
42950.056 2.4041342176790984e-07
43000.056 2.5849118918300195e-07
43050.056 1.9843414899809913e-07
43100.056 2.406463825679682e-07
43150.056 2.3045023489654388e-07
43200.056 2.712570682420139e-07
43250.056 2.8656001641999176e-07
43300.056 2.895978570749948e-07
43350.056 2.3192603729796643e-07
43400.056 2.5513707338997335e-07
43450.056 2.3913865797564157e-07
43500.056 2.2140258530298492e-07
43550.056 2.3296542466035906e-07
43600.056 2.960104845590225e-07
43650.056 2.4932057868640357e-07
43700.056 2.713851528000143e-07
43750.056 2.755952160930738e-07
43800.056 2.5533998018296054e-07
43850.056 2.4779141680703825e-07
43900.056 2.6106235667096704e-07
43950.056 2.100863047600172e-07
44000.056 2.0922038009800536e-07
44050.056 2.9061328965302873e-07
44100.056 3.1806205786201815e-07
44150.056 2.9229418796891673e-07
44200.056 2.883722766529892e-07
44250.056 2.473117598030132e-07
44300.056 2.2635555071504957e-07
44350.056 2.3723452250475787e-07
44400.056 2.561105673310072e-07
44450.056 2.82518901026963e-07
44500.056 2.973158292580755e-07
44550.056 3.2728652398994864e-07
44600.056 2.7451348922914114e-07
44650.056 3.03947809470073e-07
44700.056 2.3790549138100965e-07
44750.056 2.9899061436501954e-07
44800.056 2.7251061102302293e-07
44850.056 2.9149361402606157e-07
44900.056 2.6295441591702104e-07
44950.056 2.866365097580151e-07
45000.056 3.0290682473996933e-07
45050.056 2.973435778690099e-07
45100.056 2.937329821069938e-07
45150.056 2.959592621306639e-07
45200.056 2.587278033590269e-07
45250.056 2.758241382199085e-07
45300.056 2.517115559240509e-07
45350.056 2.617443390799867e-07
45400.056 3.329500613630269e-07
45450.056 2.940433134479683e-07
45500.056 3.0410903366700263e-07
45550.056 3.3557302497991716e-07
45600.056 3.3105023819002475e-07
45650.056 2.6707909017695817e-07
45700.056 2.7410672123303457e-07
45750.056 2.5314160134098406e-07
45800.056 3.2683285763699796e-07
45850.056 3.4509582689099384e-07
45900.056 3.551806661200089e-07
45950.056 3.0287584342699236e-07
46000.056 3.39854218768504e-07
46050.056 3.0620262085502545e-07
46100.056 3.3072135431999505e-07
46150.056 2.953112373499859e-07
46200.056 2.8768953646002853e-07
46250.056 2.2474593888706055e-07
46300.056 3.2075320636199863e-07
46350.056 2.9476758122001834e-07
46400.056 2.8768496409001064e-07
46450.056 2.813766615010452e-07
46500.056 2.871444288340509e-07
46550.056 2.6924328874997616e-07
46600.056 2.973416828467961e-07
46650.056 3.856949824399541e-07
46700.056 3.1800385368704e-07
46750.056 2.3753111155458812e-07
46800.056 2.1102519906602276e-07
46850.056 3.781323904000813e-07
46900.056 3.4004725792995724e-07
46950.056 3.4792951517401276e-07
47000.056 3.107198890320202e-07
47050.056 3.161068324842818e-07
47100.056 2.3591391840614316e-07
47150.056 2.7283753343302235e-07
47200.056 3.187413133920256e-07
47250.056 2.625314418949907e-07
47300.056 2.1509938986009173e-07
47350.056 3.2518319757595695e-07
47400.056 3.294848366639564e-07
47450.056 3.1461558406201934e-07
47500.056 3.544657292359406e-07
47550.056 3.133383071999963e-07
47600.056 3.1191295713498076e-07
47650.056 2.662509284631442e-07
47700.056 3.1033228988547775e-07
47750.056 2.200634944140141e-07
47800.056 2.654710668660084e-07
47850.056 2.0026203460899913e-07
47900.056 2.531323015459613e-07
47950.056 2.598634437320398e-07
48000.056 3.667918427900626e-07
48050.056 3.2973106089801523e-07
48100.056 2.4241528265101614e-07
48150.056 2.886684088500271e-07
48200.056 2.7771319489401057e-07
48250.056 2.6702177463400924e-07
48300.056 3.324407941598741e-07
48350.056 2.3161672150602386e-07
48400.056 1.8048357369027322e-07
48450.056 2.6188531060908784e-07
48500.056 3.338155751939572e-07
48550.056 2.586733850579928e-07
48600.056 2.9558222193700395e-07
48650.056 2.8943484769996926e-07
48700.056 2.781581131069843e-07
48750.056 2.0348383893710505e-07
48800.056 3.659727550399894e-07
48850.056 2.3169952130846176e-07
48900.056 3.2860040537000305e-07
48950.056 2.6678510913404425e-07
49000.056 1.683274401793572e-07
49050.056 2.8564113781999164e-07
49100.056 3.04155621751062e-07
49150.056 2.7182799081203686e-07
49200.056 3.297824141770362e-07
49250.056 3.194807724670461e-07
49300.056 2.791170309810032e-07
49350.056 1.9703250776403754e-07
49400.056 2.5463450741697986e-07
49450.056 2.5796543789308654e-07
49500.056 2.201738831959702e-07
49550.056 1.3469724695801925e-07
49600.056 2.1186137860985712e-07
49650.056 2.530849531349924e-07
49700.056 2.3174288049192513e-07
49750.056 2.768731079409292e-07
49800.056 2.352606960180253e-07
49850.056 3.3440236236409136e-07
49900.056 2.652246577449787e-07
49950.056 2.6679279136399275e-07
50000.056 2.4615483687297326e-07
50050.056 2.886407424400079e-07
50100.056 2.4512481431401545e-07
50150.056 1.7301758690197468e-07
50200.056 9.014543799201195e-08
50250.056 2.3775097787596494e-07
50300.056 1.8671097648102226e-07
50350.056 3.0188058643203e-07
50400.056 2.5969613282698243e-07
50450.056 2.1437633028503833e-07
50500.056 2.599672575700423e-07
50550.056 2.4102370422001634e-07
50600.056 2.253965890399432e-07
50650.056 2.815401909780767e-07
50700.056 2.979475062948759e-07
50750.056 2.514477091260473e-07
50800.056 1.5246977112239272e-07
50850.056 1.4618070754505527e-07
50900.056 2.912985500360095e-07
50950.056 2.2608655127804396e-07
51000.056 2.5236351703301937e-07
51050.056 2.3070728201200406e-07
51100.056 1.4265232827758588e-07
51150.056 1.9864555422676807e-07
51200.056 3.0901680626998477e-07
51250.056 2.2191047325193095e-07
51300.056 1.8648056879310668e-07
51350.056 1.9189963971799257e-07
51400.056 1.1644227198099523e-07
51450.056 1.0075937342656935e-07
51500.056 1.143156580758468e-07
51550.056 2.5303533078821635e-07
51600.056 1.8120184473974077e-07
51650.056 1.8453468812695548e-07
51700.056 1.9683857573576196e-07
51750.056 1.432905195020296e-07
51800.056 2.1340569215494934e-07
51850.056 2.02106197477002e-07
51900.056 2.772652076880724e-07
51950.056 2.1814574293598217e-07
52000.056 8.371081098798431e-08
52050.056 1.6665445928253152e-07
52100.056 1.2136669873598105e-07
52150.056 1.1014507868180916e-07
52200.056 1.2123937634900122e-07
52250.056 1.5682587076703175e-07
52300.056 2.2826315971598226e-07
52350.056 1.6281800441301042e-07
52400.056 1.1539953194950373e-07
52450.056 2.0787704217500926e-07
52500.056 1.9674066536793743e-07
52550.056 2.1076619241793818e-07
52600.056 1.753007554860376e-07
52650.056 1.845329347880336e-07
52700.056 1.662687828759959e-07
52750.056 1.094618416449957e-07
52800.056 1.4095916481402584e-07
52850.056 1.4879422951994732e-07
52900.056 1.3161925290200745e-07
52950.056 1.4437432340599719e-07
53000.056 1.9761822659900562e-07
53050.056 1.0423785013836152e-07
53100.056 1.4560979356094138e-07
53150.056 2.1613954656002652e-07
53200.056 1.0910573039629682e-07
53250.056 1.9986474211201356e-07
53300.056 2.067327933144158e-07
53350.056 2.0109744477399103e-07
53400.056 1.8901037223201458e-07
53450.056 9.920220950998937e-08
