galfind/configs/Brown_Dwarf_templates/sonora_bobcat/m+0.5/56g/sp_t275g56nc_m+0.5_resample.dat
# %ECSV 1.0
# ---
# datatype:
# - {name: wav, unit: Angstrom, datatype: float64}
# - {name: flux_nu, unit: erg / (cm2 Hz s), datatype: float64}
# meta: {C/O: '1.00', Kzz: '1.0000E+05', Teff: '275.', Y: '0.28', '[Fe/H]': '0.50', f_hole: '1.00', f_rain: '0.00', grav: '56.'}
# schema: astropy-2.0
wav flux_nu
[from data line 498]
28900.056 3.9954349442975816e-13
28950.056 5.878460638730973e-13
29000.056 2.54166159105276e-13
29050.056 4.860759238932719e-13
29100.056 1.661610120631867e-13
29150.056 1.0936130864553246e-13
29200.056 1.8165317317665314e-12
29250.056 7.264117378538943e-13
29300.056 3.5870379028909323e-13
29350.056 1.1209757196666446e-12
29400.056 8.318440912971258e-13
29450.056 1.4629734201483776e-13
29500.056 1.6625871324014645e-12
29550.056 3.524069812754834e-13
29600.056 2.784550555154365e-13
29650.056 1.9064007372633287e-12
29700.056 2.575195583141854e-13
29750.056 1.997266295004325e-12
29800.056 6.157179463140569e-13
29850.056 1.7327157211216775e-12
29900.056 5.196755888786628e-13
29950.056 8.270586069111155e-13
30000.056 4.2943027612573345e-15
30050.056 9.210514957432103e-14
30100.056 7.192945838414882e-13
30150.056 2.6825928777679675e-12
30200.056 1.374815156909797e-12
30250.056 1.982325261143706e-12
30300.056 3.791964491561284e-12
30350.056 4.223521789003289e-13
30400.056 3.339245703434824e-12
30450.056 4.6075266519720304e-12
30500.056 6.268175508851029e-13
30550.056 7.071450514639423e-13
30600.056 2.1707264068252038e-11
30650.056 6.813969555864001e-12
30700.056 1.165664633773668e-12
30750.056 4.786637660138749e-12
30800.056 8.370766967858426e-12
30850.056 7.878792803297152e-12
30900.056 2.764891711822466e-12
30950.056 1.753761361594037e-12
31000.056 3.1332836167892407e-12
31050.056 7.572374851188227e-13
31100.056 7.555593278115075e-13
31150.056 1.464955755785167e-12
31200.056 1.1389956283809295e-11
31250.056 6.819492793717889e-12
31300.056 1.7867046122840096e-12
31350.056 1.1230166619266777e-11
31400.056 9.006900929240154e-12
31450.056 7.14838608973313e-12
31500.056 1.6706268321785645e-12
31550.056 3.884095985330221e-12
31600.056 3.285565281323815e-12
31650.056 2.621479171519169e-12
31700.056 1.4989432651476962e-12
31750.056 9.563470499402707e-13
31800.056 1.3658379337999294e-12
31850.056 1.597194528455444e-13
31900.056 3.949390582781449e-13
31950.056 2.9528618803767953e-13
32000.056 1.1244982699041393e-13
32050.056 2.03940550768539e-13
32100.056 1.9377243780491656e-13
32150.056 1.087296687698743e-13
32200.056 3.8377874212716274e-14
32250.056 1.0099787304305374e-13
32300.056 1.7303783433818934e-14
32350.056 6.940516079280764e-14
32400.056 3.202697374994548e-15
32450.056 3.7229140828125384e-14
32500.056 2.627045185616431e-15
32550.056 2.1678621492281477e-14
32600.056 1.2872630107216137e-15
32650.056 7.162003763864542e-14
32700.056 2.606333841726616e-15
32750.056 2.2352961843116182e-13
32800.056 6.127573892354254e-14
32850.056 1.0129649826434227e-12
32900.056 6.515260213203161e-13
32950.056 7.705367714111672e-13
33000.056 1.5772448339627236e-13
33050.056 8.651196922951669e-14
33100.056 1.0909972785216786e-14
33150.056 5.721617856015355e-18
33200.056 1.2529216931263411e-15
33250.056 2.5707115621047993e-15
33300.056 5.789733897212031e-14
33350.056 7.206539063744001e-14
33400.056 6.125852545575173e-13
33450.056 5.896825291176499e-14
33500.056 5.096467098377776e-13
33550.056 5.560419630911687e-14
33600.056 2.275662081691302e-13
33650.056 2.2602726518544936e-13
33700.056 2.4260097949963945e-14
33750.056 3.174051954057402e-13
33800.056 8.647863748838143e-15
33850.056 1.4569639974654815e-13
33900.056 1.7737662762381053e-13
33950.056 1.8055570363997363e-13
34000.056 5.247517376255086e-13
34050.056 7.613490730961001e-14
34100.056 6.510783227543567e-13
34150.056 2.1974806061529024e-13
34200.056 1.050773026921602e-12
34250.056 2.9523233620104687e-13
34300.056 5.282484820723966e-13
34350.056 2.7571578976693087e-12
34400.056 3.496661088764509e-13
34450.056 1.7715199352130282e-12
34500.056 4.655390447131957e-13
34550.056 1.1905423670942149e-12
34600.056 6.065346150423762e-12
34650.056 2.2364856003051773e-13
34700.056 2.5408847168018653e-12
34750.056 1.5313258982517598e-12
34800.056 1.3126227748727657e-12
34850.056 5.7644619426269565e-12
34900.056 4.1826533994166347e-13
34950.056 7.35347898277768e-12
35000.056 8.270074753736395e-12
35050.056 7.958804469625563e-12
35100.056 1.3090319196527866e-11
35150.056 9.700443644419556e-12
35200.056 8.436154321828332e-12
35250.056 1.766779347048131e-11
35300.056 4.782869545693438e-12
35350.056 2.7440165938610285e-12
35400.056 1.5986033948011505e-12
35450.056 2.1843475028967112e-12
35500.056 1.0111690274759116e-11
35550.056 4.404587366916598e-12
35600.056 1.1817996315489952e-11
35650.056 2.1493415235076686e-11
35700.056 2.327023342439866e-11
35750.056 1.3431804271061335e-11
35800.056 7.687116221682834e-12
35850.056 2.9843915743762203e-12
35900.056 3.664928657139252e-12
35950.056 6.522459414276782e-12
36000.056 1.1080393952856297e-11
36050.056 7.140345866793941e-12
36100.056 6.346866700691681e-12
36150.056 3.63930996544224e-11
36200.056 2.610381566338658e-11
36250.056 1.323347388220679e-11
36300.056 5.964903284173278e-11
36350.056 2.645088816335824e-11
36400.056 4.7496746927539987e-11
36450.056 3.956215719281589e-11
36500.056 3.6987716008963936e-11
36550.056 9.723721856502799e-11
36600.056 7.39079706970997e-11
36650.056 4.11073532625568e-11
36700.056 7.436869807983232e-11
36750.056 9.259179575796556e-11
36800.056 1.2383414495374893e-10
36850.056 2.940012129491215e-11
36900.056 6.635863054372367e-11
36950.056 1.259222915943459e-10
37000.056 7.114847280667716e-11
37050.056 1.3210147337081318e-10
37100.056 4.371278211282712e-11
37150.056 6.276610779868419e-11
37200.056 1.9610986001240663e-10
37250.056 9.625876239420231e-11
37300.056 3.4950739130774275e-11
37350.056 7.93386121492374e-11
37400.056 1.3155191423893772e-10
37450.056 3.732976555640097e-11
37500.056 9.000135470512797e-11
37550.056 2.0415106207176972e-10
37600.056 4.276686142112864e-10
37650.056 6.758026823498088e-11
37700.056 1.4845792880994407e-10
37750.056 1.2588317591853843e-10
37800.056 9.01591937757702e-11
37850.056 3.737612419714916e-11
37900.056 4.7643400002138315e-11
37950.056 1.3369097382963467e-10
38000.056 1.358107982734077e-10
38050.056 3.2110403516508813e-10
38100.056 3.379347112765865e-10
38150.056 5.210167728945481e-10
38200.056 3.248848859192966e-10
38250.056 5.384434838858809e-10
38300.056 8.169872339993709e-10
38350.056 4.916510580996016e-10
38400.056 1.0351267078065596e-10
38450.056 2.014443144305978e-11
38500.056 2.0533049978236024e-11
38550.056 1.6787809248572863e-10
38600.056 1.877265845174195e-10
38650.056 2.3659179682233316e-10
38700.056 6.446086765115404e-11
38750.056 1.7037798718681408e-10
38800.056 1.5746377610586472e-10
38850.056 2.55838277099613e-10
38900.056 2.9673505656491115e-10
38950.056 1.4149058432553897e-10
39000.056 4.69883403909444e-10
39050.056 9.550815827961036e-11
39100.056 2.5952847966907164e-10
39150.056 5.35124712824281e-10
39200.056 2.585553736727447e-10
39250.056 6.687002894833563e-10
39300.056 2.5363778541526025e-10
39350.056 8.130223456945539e-10
39400.056 2.7348344023676917e-10
39450.056 6.069669803937936e-10
39500.056 5.046690075993924e-10
39550.056 1.4748105805727799e-10
39600.056 6.27808586628621e-10
39650.056 6.036292588496859e-10
39700.056 7.584773136687937e-10
39750.056 2.405760396389609e-10
39800.056 2.521823545396657e-10
39850.056 7.871673649713943e-10
39900.056 1.261534497671212e-09
39950.056 2.7285014409646645e-10
40000.056 6.810246240349185e-10
40050.056 8.656320285813704e-10
40100.056 2.2705732357990652e-10
40150.056 8.141197742445063e-10
40200.056 9.134085909685965e-10
40250.056 1.0815472739598808e-09
40300.056 1.1115318149956392e-09
40350.056 4.939850044079691e-10
40400.056 6.940911491455894e-10
40450.056 2.3099673205595758e-10
40500.056 1.2240286017097678e-09
40550.056 1.4100870533561883e-09
40600.056 9.024348993960284e-10
40650.056 5.563419328245519e-10
40700.056 1.287615382300646e-09
40750.056 8.496807938946062e-10
40800.056 4.59341436044866e-10
40850.056 2.2751580136676322e-09
40900.056 1.7890963256828428e-09
40950.056 1.5799642509910624e-09
41000.056 8.584912474595702e-10
41050.056 2.3607432476740836e-09
41100.056 1.805149461229876e-09
41150.056 4.152541100839475e-10
41200.056 2.7947015159276033e-09
41250.056 1.4836661180694814e-09
41300.056 1.5451918984608929e-09
41350.056 2.818330167919755e-09
41400.056 2.06360940529978e-09
41450.056 3.572533668938465e-09
41500.056 1.9247202784146806e-09
41550.056 1.422989032436063e-09
41600.056 1.587646799436234e-09
41650.056 3.031008366190845e-09
41700.056 4.476490013421085e-09
41750.056 3.0346050191542226e-09
41800.056 2.5986322404105287e-09
41850.056 2.912838980639232e-09
41900.056 1.8491691551590598e-09
41950.056 1.7973226556140702e-09
42000.056 3.948203340722325e-10
42050.056 1.0151996209160785e-09
42100.056 1.023200200522595e-09
42150.056 1.5802218005764511e-09
42200.056 2.6572663409386946e-09
42250.056 1.6765643256749072e-09
42300.056 1.418454369414343e-09
42350.056 3.248139968666008e-09
42400.056 4.638006725680862e-09
42450.056 5.096516746751206e-09
42500.056 5.260167890169075e-09
42550.056 4.10425626458889e-09
42600.056 3.6878363083221484e-09
42650.056 6.261689885717406e-09
42700.056 1.964993175616738e-09
42750.056 5.53027624595631e-09
42800.056 9.785574444301472e-09
42850.056 8.705780733097907e-09
42900.056 8.158942400921716e-09
42950.056 7.3679237744897175e-09
43000.056 8.724143775961334e-09
43050.056 3.679997146199309e-09
43100.056 5.831426841944317e-09
43150.056 4.725250291465521e-09
43200.056 1.0070541884101275e-08
43250.056 1.1443338987309947e-08
43300.056 1.1388757441599926e-08
43350.056 6.044350008007501e-09
43400.056 9.256499759440991e-09
43450.056 4.748709255016975e-09
43500.056 3.780301750783738e-09
43550.056 5.051965745750732e-09
43600.056 1.0728863843401923e-08
43650.056 6.190541407580128e-09
43700.056 1.2415180634104902e-08
43750.056 1.249784917259758e-08
43800.056 9.99294681658767e-09
43850.056 8.576818853360349e-09
43900.056 5.5663720391387235e-09
43950.056 3.237392285119787e-09
44000.056 4.0511040580993525e-09
44050.056 1.3201811506899463e-08
44100.056 1.5977221748099293e-08
44150.056 1.503901249139926e-08
44200.056 1.4178326719150556e-08
44250.056 5.8554233139594366e-09
44300.056 4.7610971347905465e-09
44350.056 4.760434059302755e-09
44400.056 3.8501444769597645e-09
44450.056 9.841097619411295e-09
44500.056 9.47352899372125e-09
44550.056 1.3328452704899193e-08
44600.056 1.0827859502089282e-08
44650.056 8.920547747051923e-09
44700.056 6.194983702589135e-09
44750.056 1.2691153714702621e-08
44800.056 6.053076657488737e-09
44850.056 7.872737996708777e-09
44900.056 9.071218692480532e-09
44950.056 1.1318295385302194e-08
45000.056 1.5496126253900954e-08
45050.056 1.1288138122197811e-08
45100.056 1.0148263194969518e-08
45150.056 7.568862873048011e-09
45200.056 6.062251884880631e-09
45250.056 7.719599517667743e-09
45300.056 7.623117544030975e-09
45350.056 4.550710781621812e-09
45400.056 1.9937172496103065e-08
45450.056 1.2722435919810851e-08
45500.056 2.0087559480521608e-08
45550.056 1.9817778688993945e-08
45600.056 1.4010129920803235e-08
45650.056 1.1738382264930101e-08
45700.056 6.9806092977892235e-09
45750.056 6.601423060780746e-09
45800.056 1.9152505478700882e-08
45850.056 1.1797076193200037e-08
45900.056 2.024344687039771e-08
45950.056 2.040991448469946e-08
46000.056 1.8283067349252037e-08
46050.056 1.2277292483293242e-08
46100.056 2.6288516661997855e-08
46150.056 1.2735243206300801e-08
46200.056 9.446457752557969e-09
46250.056 2.97505727930276e-09
46300.056 1.2064031054800006e-08
46350.056 1.154607601674204e-08
46400.056 1.121079655540008e-08
46450.056 1.033813315238204e-08
46500.056 1.261036609488233e-08
46550.056 4.84257172088995e-09
46600.056 7.620426521438854e-09
46650.056 1.3819956464950774e-08
46700.056 8.496368397397454e-09
46750.056 3.0349466826605738e-09
46800.056 1.6893739577499837e-09
46850.056 1.2190779066802237e-08
46900.056 1.4888554012299493e-08
46950.056 1.616058285609891e-08
47000.056 1.6130616282402132e-08
47050.056 8.967246709753408e-09
47100.056 6.468695415870989e-09
47150.056 1.2412880710061294e-08
47200.056 1.266523545099864e-08
47250.056 5.572753100309003e-09
47300.056 3.546805072823962e-09
47350.056 1.4215547720101703e-08
47400.056 1.381501571719812e-08
47450.056 8.107869078368287e-09
47500.056 1.5716580416618607e-08
47550.056 1.5079184917400922e-08
47600.056 1.0951636897843736e-08
47650.056 1.2567722768272013e-08
47700.056 8.980770043035804e-09
47750.056 6.688580134660272e-09
47800.056 4.3948077277008425e-09
47850.056 1.5905634860134001e-09
47900.056 3.139437218615969e-09
47950.056 1.0146443404300652e-08
48000.056 1.4632892650199522e-08
48050.056 1.0751907189940653e-08
48100.056 4.096085375776706e-09
48150.056 9.360224725800358e-09
48200.056 4.359539839081536e-09
48250.056 6.428939973719511e-09
48300.056 1.3989116196599442e-08
48350.056 6.6757959371688165e-09
48400.056 1.070295629412653e-09
48450.056 2.2718493941346157e-09
48500.056 4.739536079268831e-09
48550.056 5.863996758884802e-09
48600.056 1.1934655449998616e-08
48650.056 1.5979493217198434e-08
48700.056 9.117016037782141e-09
48750.056 7.984305121801697e-09
48800.056 1.265496533590025e-08
48850.056 5.3505574411411775e-09
48900.056 5.004791855607383e-09
48950.056 2.1750049825299243e-09
49000.056 1.2525627522982892e-09
49050.056 5.451929366759248e-09
49100.056 8.971521125121821e-09
49150.056 6.629026163856527e-09
49200.056 1.3184589666702366e-08
49250.056 1.3253320675399319e-08
49300.056 9.99017896859979e-09
49350.056 2.866562457744395e-09
49400.056 4.550483996528419e-09
49450.056 3.785789383375855e-09
49500.056 2.5703920133894304e-09
49550.056 3.4023161246000434e-10
49600.056 1.1213837525402527e-09
49650.056 4.909291204501078e-09
49700.056 6.280215173897985e-09
49750.056 4.436582664456305e-09
49800.056 2.4383038899161953e-09
49850.056 7.944029472021229e-09
49900.056 7.78260296801941e-09
49950.056 7.860095695900244e-09
50000.056 3.584515508179667e-09
50050.056 4.57322180136038e-09
50100.056 3.822413312699626e-09
50150.056 1.2076618314297147e-09
50200.056 1.5253499513725246e-10
50250.056 1.0891329020900112e-09
50300.056 6.996273023981805e-10
50350.056 4.494908686060998e-09
50400.056 5.944015959158733e-09
50450.056 5.197838080961014e-09
50500.056 8.59760321449997e-09
50550.056 7.413602034100646e-09
50600.056 4.626453391113827e-09
50650.056 9.61696732780119e-09
50700.056 7.706412083499028e-09
50750.056 3.873699452600092e-09
50800.056 7.802070836228169e-10
50850.056 3.169515109401424e-10
50900.056 3.2069025052004602e-09
50950.056 3.750919889839453e-09
51000.056 2.4205559309312e-09
51050.056 5.412515281709564e-09
51100.056 1.4820174457529582e-09
51150.056 1.1731902080332806e-09
51200.056 6.1945529877000145e-09
51250.056 4.5682308027134054e-09
51300.056 2.7866290966307474e-09
51350.056 1.7400820571926463e-09
51400.056 3.317353265410725e-10
51450.056 3.119755761954009e-10
51500.056 3.3150448579712895e-10
51550.056 1.6286498780803936e-09
51600.056 2.0021683799206628e-09
51650.056 3.536086529720158e-09
51700.056 3.1144322934256573e-09
51750.056 1.7735967801304035e-09
51800.056 4.372217619399624e-09
51850.056 3.3236804745497387e-09
51900.056 2.676098881809804e-09
51950.056 1.0850048629998756e-09
52000.056 1.1896852902297533e-10
52050.056 5.002463275400434e-10
52100.056 2.6470239521095126e-10
52150.056 1.4863756681305564e-10
52200.056 6.9145870048001e-10
52250.056 1.2921125294303039e-09
52300.056 1.3009524799698832e-09
52350.056 2.975225826827578e-10
52400.056 3.5468839592699544e-10
52450.056 1.966899700190105e-09
52500.056 1.2195779752697178e-09
52550.056 2.4032799616499224e-09
52600.056 2.192433189769986e-09
52650.056 2.5672353431700223e-09
52700.056 1.4842820347497905e-09
52750.056 3.102195487384988e-10
52800.056 7.519414688161451e-10
52850.056 8.858534458097997e-10
52900.056 2.3726105789369017e-10
52950.056 4.611658084930784e-10
53000.056 1.1279181874602281e-09
53050.056 3.7403267799390524e-10
53100.056 1.839999778789847e-09
53150.056 1.643011363900312e-09
53200.056 8.14053922619723e-10
53250.056 1.1795774238703329e-09
53300.056 1.6113034549128882e-09
53350.056 1.156941474362892e-09
53400.056 6.619241553397477e-10
53450.056 2.0861728503094674e-10
53500.056 5.5621654269583224e-11
53550.056 1.0257824315420754e-10
