galfind/configs/Brown_Dwarf_templates/sonora_bobcat/m+0.5/56g/sp_t750g56nc_m+0.5_resample.dat
# %ECSV 1.0
# ---
# datatype:
# - {name: wav, unit: Angstrom, datatype: float64}
# - {name: flux_nu, unit: erg / (cm2 Hz s), datatype: float64}
# meta: {C/O: '1.00', Kzz: '1.0000E+05', Teff: '750.', Y: '0.28', '[Fe/H]': '0.50', f_hole: '1.00', f_rain: '0.00', grav: '56.'}
# schema: astropy-2.0
wav flux_nu
[from data line 499]
28950.056 3.059241647986376e-08
29000.056 2.371114110300654e-08
29050.056 2.6206184688280916e-08
29100.056 1.9401172146903735e-08
29150.056 3.3413728103188204e-08
29200.056 2.400539393105689e-08
29250.056 3.638347463124987e-08
29300.056 1.90534393393618e-08
29350.056 5.392530150898745e-08
29400.056 2.7035575286084374e-08
29450.056 3.0272842140661426e-08
29500.056 3.5871262106151064e-08
29550.056 2.9062378978160285e-08
29600.056 3.609860018019258e-08
29650.056 3.869592210119718e-08
29700.056 2.4723273064323553e-08
29750.056 3.776534924615403e-08
29800.056 3.85425285339091e-08
29850.056 4.3398768463866016e-08
29900.056 3.8891557357434314e-08
29950.056 3.692868041793038e-08
30000.056 1.438785972449215e-08
30050.056 1.826578962821076e-08
30100.056 1.767291220371009e-08
30150.056 3.40146322525925e-08
30200.056 2.4864327451740153e-08
30250.056 4.567101643080597e-08
30300.056 4.0885607812490676e-08
30350.056 3.321280077955408e-08
30400.056 4.2049845536649817e-08
30450.056 2.8017690914303116e-08
30500.056 2.4594797993074005e-08
30550.056 2.6050328659984237e-08
30600.056 3.230387061538018e-08
30650.056 2.3042870408228702e-08
30700.056 2.1934077498842106e-08
30750.056 2.538577113801182e-08
30800.056 1.931424443792863e-08
30850.056 1.9246200031222988e-08
30900.056 1.4770596218321935e-08
30950.056 1.5840526228893218e-08
31000.056 1.2905834779812025e-08
31050.056 1.2264786627569487e-08
31100.056 1.0286515151857105e-08
31150.056 1.3729153515459012e-08
31200.056 1.3552480795923401e-08
31250.056 9.689331040462759e-09
31300.056 8.768403985638508e-09
31350.056 9.683904872186004e-09
31400.056 7.264401433358803e-09
31450.056 7.73916234017788e-09
31500.056 5.874410946445474e-09
31550.056 6.8911066846056e-09
31600.056 4.726963022180337e-09
31650.056 4.577395385549021e-09
31700.056 4.684664555659465e-09
31750.056 3.6861728470333907e-09
31800.056 4.910156080840353e-09
31850.056 3.3463808418662954e-09
31900.056 4.0346640528054855e-09
31950.056 2.5249903622916637e-09
32000.056 3.3856357478761023e-09
32050.056 3.893379931347116e-09
32100.056 3.740958611359763e-09
32150.056 3.929941886072607e-09
32200.056 3.171960341898501e-09
32250.056 4.511548071272529e-09
32300.056 3.153729825385151e-09
32350.056 4.5707673248089e-09
32400.056 2.9900697176987386e-09
32450.056 4.151071501907633e-09
32500.056 3.471721165399808e-09
32550.056 3.4431926619549746e-09
32600.056 4.415825992896523e-09
32650.056 7.134606096533497e-09
32700.056 5.394826284981373e-09
32750.056 7.316148944871868e-09
32800.056 6.657488203735284e-09
32850.056 7.99235619361921e-09
32900.056 8.787476486485383e-09
32950.056 9.626367446441375e-09
33000.056 7.605480635648591e-09
33050.056 7.589223547835571e-09
33100.056 3.0604610138326373e-09
33150.056 5.928191229039786e-10
33200.056 6.65085719912775e-10
33250.056 3.50529963825978e-10
33300.056 4.5968827885708163e-10
33350.056 9.982613042069362e-10
33400.056 1.685840421449002e-09
33450.056 2.60193463470156e-09
33500.056 4.615318833363748e-09
33550.056 3.53011055872626e-09
33600.056 6.407825226916909e-09
33650.056 6.015548346228507e-09
33700.056 5.2168688786670815e-09
33750.056 7.751559581732566e-09
33800.056 5.888602324948854e-09
33850.056 7.011029706963321e-09
33900.056 5.711112782300485e-09
33950.056 5.782013498244316e-09
34000.056 7.996086580694291e-09
34050.056 3.503672757752703e-09
34100.056 7.741649036851063e-09
34150.056 5.986890368966115e-09
34200.056 6.328164430386566e-09
34250.056 6.121624570665032e-09
34300.056 5.7290801703533905e-09
34350.056 4.990247456219543e-09
34400.056 4.1471423012287385e-09
34450.056 6.034128444297121e-09
34500.056 5.685362853761535e-09
34550.056 4.3121014428387915e-09
34600.056 7.770221940649759e-09
34650.056 4.936710315880595e-09
34700.056 6.8760548237793e-09
34750.056 6.443813545387332e-09
34800.056 5.863640358759044e-09
34850.056 6.825363875782867e-09
34900.056 7.16496532635205e-09
34950.056 8.153762162917273e-09
35000.056 1.2614421009649308e-08
35050.056 7.069078904559336e-09
35100.056 1.0070296263152489e-08
35150.056 8.543636850203005e-09
35200.056 1.0138778213177936e-08
35250.056 1.3348969554254544e-08
35300.056 1.0162420517031482e-08
35350.056 1.0338390471535435e-08
35400.056 1.1908481921647073e-08
35450.056 7.933525084054726e-09
35500.056 1.705432097775835e-08
35550.056 1.550133010527541e-08
35600.056 1.2337146976518943e-08
35650.056 1.4468099154756469e-08
35700.056 1.3436176747334187e-08
35750.056 1.8217040014557654e-08
35800.056 2.377981990224008e-08
35850.056 1.3203077223847585e-08
35900.056 1.7524046851471188e-08
35950.056 1.6513316418010887e-08
36000.056 1.6617316871313445e-08
36050.056 1.432425142759348e-08
36100.056 1.5667855801609143e-08
36150.056 1.72472641195344e-08
36200.056 1.8265683790512574e-08
36250.056 1.7594817878272116e-08
36300.056 2.180361049411724e-08
36350.056 1.981487540152539e-08
36400.056 1.939990834585409e-08
36450.056 2.553986142427521e-08
36500.056 2.7641570234740804e-08
36550.056 2.6166760335506854e-08
36600.056 3.259694259149741e-08
36650.056 3.152895398112867e-08
36700.056 3.459268211120889e-08
36750.056 3.741521285333152e-08
36800.056 3.622354556220077e-08
36850.056 3.2726703960054685e-08
36900.056 3.8839840403252796e-08
36950.056 4.1819475069989646e-08
37000.056 3.8113434755792766e-08
37050.056 3.824096407709198e-08
37100.056 4.4915874142602195e-08
37150.056 3.5343115799193097e-08
37200.056 4.3806444045887624e-08
37250.056 4.4701706487192716e-08
37300.056 3.836309513080977e-08
37350.056 4.123091156447127e-08
37400.056 6.320429733155751e-08
37450.056 4.552183077945372e-08
37500.056 4.606068838609612e-08
37550.056 5.459577374705242e-08
37600.056 6.073926083340649e-08
37650.056 4.320197934909819e-08
37700.056 6.886057631290748e-08
37750.056 4.8757435118795485e-08
37800.056 5.175783031467403e-08
37850.056 3.637278245155497e-08
37900.056 4.335519148450956e-08
37950.056 5.58916939628135e-08
38000.056 6.673533759820482e-08
38050.056 6.432510335621661e-08
38100.056 6.240319407482076e-08
38150.056 7.638632900279735e-08
38200.056 8.049156345242816e-08
38250.056 7.727419151981063e-08
38300.056 1.0110257914338432e-07
38350.056 1.0102553277481597e-07
38400.056 6.184773808712095e-08
38450.056 6.502414002437972e-08
38500.056 4.449307589709561e-08
38550.056 6.987833134132435e-08
38600.056 7.368535669411384e-08
38650.056 6.666930278018459e-08
38700.056 7.077891521110035e-08
38750.056 8.211411054331087e-08
38800.056 7.054673497542564e-08
38850.056 7.313022878641043e-08
38900.056 1.0115812109440962e-07
38950.056 8.026822197032249e-08
39000.056 9.032396741880015e-08
39050.056 7.871862541299826e-08
39100.056 9.13056719521071e-08
39150.056 8.967565267430769e-08
39200.056 9.616499493769532e-08
39250.056 1.0993892408817426e-07
39300.056 8.595112792275077e-08
39350.056 1.2337553487340088e-07
39400.056 9.967448217675628e-08
39450.056 1.0917353119889326e-07
39500.056 1.0821104853183608e-07
39550.056 1.1183266711821131e-07
39600.056 1.1747416417796231e-07
39650.056 1.2437529813978547e-07
39700.056 1.2284876714902562e-07
39750.056 1.0226655156564335e-07
39800.056 1.189377466307634e-07
39850.056 1.4634836525500147e-07
39900.056 1.4573293394101694e-07
39950.056 1.2338511304075396e-07
40000.056 1.7809073294705122e-07
40050.056 1.4457587829239738e-07
40100.056 1.193115223515174e-07
40150.056 1.5505161029536734e-07
40200.056 1.5868669701892304e-07
40250.056 1.5701080108992517e-07
40300.056 1.559947907530434e-07
40350.056 1.6689448967737904e-07
40400.056 1.8910407330500322e-07
40450.056 1.659761336132419e-07
40500.056 1.8946471412797472e-07
40550.056 1.8779040099054763e-07
40600.056 1.8477119275202639e-07
40650.056 1.578818179989372e-07
40700.056 2.2167931240649503e-07
40750.056 1.883930456399843e-07
40800.056 1.5125088239590932e-07
40850.056 2.379157378570832e-07
40900.056 2.177575318786328e-07
40950.056 2.0342702220421243e-07
41000.056 2.084780762490018e-07
41050.056 2.567831777799557e-07
41100.056 2.1574590062402496e-07
41150.056 1.6571948722937197e-07
41200.056 2.545785421939632e-07
41250.056 2.0940826338236287e-07
41300.056 1.9474032791394384e-07
41350.056 2.8133660314405475e-07
41400.056 2.479310870840574e-07
41450.056 2.692051213860358e-07
41500.056 2.2066121126192926e-07
41550.056 2.1946894750035648e-07
41600.056 2.6902058170825676e-07
41650.056 2.750319402389994e-07
41700.056 2.437836244018726e-07
41750.056 2.547596162029894e-07
41800.056 2.7224769404998904e-07
41850.056 2.1381203407040747e-07
41900.056 2.2806290424515973e-07
41950.056 2.0688968837604451e-07
42000.056 2.0449015571193557e-07
42050.056 1.9587990949542768e-07
42100.056 2.558490784309839e-07
42150.056 2.079681843069826e-07
42200.056 1.8869438753701405e-07
42250.056 1.913614622684447e-07
42300.056 1.9054614729360988e-07
42350.056 2.3429973002803994e-07
42400.056 2.1696520985507394e-07
42450.056 2.0265871142802764e-07
42500.056 1.9686521739098485e-07
42550.056 1.951847597989661e-07
42600.056 1.962166593766367e-07
42650.056 2.2348084363392901e-07
42700.056 2.0910803964660338e-07
42750.056 1.96498981194983e-07
42800.056 2.1029681995704982e-07
42850.056 2.3774375189391345e-07
42900.056 2.4267834489007284e-07
42950.056 2.156937922629278e-07
43000.056 2.3364337774701036e-07
43050.056 1.7458128363308186e-07
43100.056 2.1462617514396149e-07
43150.056 2.0542429577953624e-07
43200.056 2.457181430820073e-07
43250.056 2.673531844850001e-07
43300.056 2.677226992859954e-07
43350.056 2.0526851424196687e-07
43400.056 2.3125881474197398e-07
43450.056 2.127637550080389e-07
43500.056 1.9585136302939333e-07
43550.056 2.0599422505805872e-07
43600.056 2.7177090573302534e-07
43650.056 2.227218142787015e-07
43700.056 2.510190472410282e-07
43750.056 2.5214277774206147e-07
43800.056 2.3429386674796232e-07
43850.056 2.2067190344102856e-07
43900.056 2.3219329106197525e-07
43950.056 1.8144632166301027e-07
44000.056 1.8064485790400046e-07
44050.056 2.6740962097102357e-07
44100.056 2.984647246160169e-07
44150.056 2.734120123291307e-07
44200.056 2.645397281069904e-07
44250.056 2.178197145290154e-07
44300.056 1.9582526230104286e-07
44350.056 2.1022133998145488e-07
44400.056 2.2248455467500394e-07
44450.056 2.5570463789395786e-07
44500.056 2.6647437175807146e-07
44550.056 3.0388068125995534e-07
44600.056 2.524355067552354e-07
44650.056 2.749140050630669e-07
44700.056 2.0949262873800793e-07
44750.056 2.7024811294402823e-07
44800.056 2.3869935372301914e-07
44850.056 2.635524452010513e-07
44900.056 2.3646548978701849e-07
44950.056 2.617862952960125e-07
45000.056 2.7608614666997535e-07
45050.056 2.692678235420074e-07
45100.056 2.630073126239941e-07
45150.056 2.678777650932615e-07
45200.056 2.3007610914002524e-07
45250.056 2.4701844667991327e-07
45300.056 2.2090840998404845e-07
45350.056 2.2990781963099823e-07
45400.056 3.1118858408202473e-07
45450.056 2.7210288752997803e-07
45500.056 2.819698405930073e-07
45550.056 3.111158373139151e-07
45600.056 3.078358707000305e-07
45650.056 2.4624464823846777e-07
45700.056 2.3974020677852467e-07
45750.056 2.251524570359886e-07
45800.056 3.080979740939971e-07
45850.056 3.179401708749949e-07
45900.056 3.295187568800048e-07
45950.056 2.8026080994998913e-07
46000.056 3.138139029400053e-07
46050.056 2.7784112199502495e-07
46100.056 3.1275706273998883e-07
46150.056 2.672020723419891e-07
46200.056 2.562531100960154e-07
46250.056 1.8991316164206277e-07
46300.056 2.88839980017003e-07
46350.056 2.6917517707802307e-07
46400.056 2.589789751110115e-07
46450.056 2.504155095970435e-07
46500.056 2.62604661148054e-07
46550.056 2.278635422499799e-07
46600.056 2.638536025999926e-07
46650.056 3.477389703819638e-07
46700.056 2.7671646553801716e-07
46750.056 2.0507326349899227e-07
46800.056 1.7280711192901938e-07
46850.056 3.4720849305307554e-07
46900.056 3.08620700649966e-07
46950.056 3.112478641710074e-07
47000.056 2.841066843860279e-07
47050.056 2.777445821496937e-07
47100.056 2.0516028710513744e-07
47150.056 2.429970945150228e-07
47200.056 2.8636725071401756e-07
47250.056 2.301127925439913e-07
47300.056 1.8163275348050075e-07
47350.056 3.0419344067396263e-07
47400.056 2.949210185679641e-07
47450.056 2.8771363392962197e-07
47500.056 3.2372375440594933e-07
47550.056 2.868251248140008e-07
47600.056 2.811722611699877e-07
47650.056 2.465076651265532e-07
47700.056 2.7316708944377113e-07
47750.056 1.9697626739541064e-07
47800.056 2.2552470865001039e-07
47850.056 1.6828554988800502e-07
47900.056 2.1412069145996375e-07
47950.056 2.3838543271003734e-07
48000.056 3.347268928100615e-07
48050.056 3.0373395190800986e-07
48100.056 2.0526549849301744e-07
48150.056 2.599157871260212e-07
48200.056 2.3961678207400627e-07
48250.056 2.3715425292601278e-07
48300.056 3.0078598253989104e-07
48350.056 2.061138111460224e-07
48400.056 1.4444695289147368e-07
48450.056 2.286315859836788e-07
48500.056 2.9178500735195674e-07
48550.056 2.3389446643399548e-07
48600.056 2.623882966300036e-07
48650.056 2.6564185041997056e-07
48700.056 2.4357983284498544e-07
48750.056 1.7577788390509867e-07
48800.056 3.254087365909881e-07
48850.056 2.0357910108796696e-07
48900.056 2.9265890242799915e-07
48950.056 2.257432057800375e-07
49000.056 1.350955994521672e-07
49050.056 2.485018625939897e-07
49100.056 2.738474675190573e-07
49150.056 2.3510822021733684e-07
49200.056 3.0050667799904005e-07
49250.056 2.866808056810443e-07
49300.056 2.518699097600043e-07
49350.056 1.6381949892073252e-07
49400.056 2.1446535187197702e-07
49450.056 2.2338353241507447e-07
49500.056 1.850693240849753e-07
49550.056 1.0307832156101596e-07
49600.056 1.7376696099064713e-07
49650.056 2.179665757919929e-07
49700.056 2.0267104175893177e-07
49750.056 2.3721284212194326e-07
49800.056 2.0004212473462263e-07
49850.056 2.92001913593084e-07
49900.056 2.321760072669753e-07
49950.056 2.3228720898000003e-07
50000.056 2.1093543849597303e-07
50050.056 2.508947597050076e-07
50100.056 2.0712432708601513e-07
50150.056 1.4282808511097688e-07
50200.056 6.770042005261175e-08
50250.056 1.9536327203796977e-07
50300.056 1.5027578363602115e-07
50350.056 2.5784775971502955e-07
50400.056 2.244696614809852e-07
50450.056 1.8122395446122834e-07
50500.056 2.2294346535303664e-07
50550.056 2.0795180390601602e-07
50600.056 1.8698800923294927e-07
50650.056 2.446163043710633e-07
50700.056 2.567984314928917e-07
50750.056 2.0768541949503563e-07
50800.056 1.2254690060159477e-07
50850.056 1.121108972050439e-07
50900.056 2.48962503478006e-07
50950.056 1.8935634281603375e-07
51000.056 2.0598036030231459e-07
51050.056 1.9841948222399974e-07
51100.056 1.1462236535658863e-07
51150.056 1.6031292260097662e-07
51200.056 2.6957602318498525e-07
51250.056 1.8384940945394568e-07
51300.056 1.546882116440854e-07
51350.056 1.588750528879927e-07
51400.056 9.150950670299797e-08
51450.056 7.861584812037566e-08
51500.056 8.70882119856365e-08
51550.056 2.046443079186118e-07
51600.056 1.4637169334643492e-07
51650.056 1.5024558328696174e-07
51700.056 1.631607593595763e-07
51750.056 1.1728396193202367e-07
51800.056 1.754894823029633e-07
51850.056 1.647562737059988e-07
51900.056 2.299752852220441e-07
51950.056 1.7616183010698757e-07
52000.056 6.072641274228639e-08
52050.056 1.285836106995253e-07
52100.056 9.36481734669874e-08
52150.056 8.235341322840782e-08
52200.056 9.559282873410135e-08
52250.056 1.2669585106302923e-07
52300.056 1.841421020879883e-07
52350.056 1.2472636183480654e-07
52400.056 9.082864076170521e-08
52450.056 1.7482226901300717e-07
52500.056 1.6092025672994927e-07
52550.056 1.6907639721895493e-07
52600.056 1.4127179118202662e-07
52650.056 1.4866011478902265e-07
52700.056 1.3194542821799602e-07
52750.056 8.479821930879711e-08
52800.056 1.1091320831202161e-07
52850.056 1.1897789025595596e-07
52900.056 9.958665264419544e-08
52950.056 1.1271480438320054e-07
53000.056 1.5770436884901292e-07
53050.056 7.944097666057453e-08
53100.056 1.1951189405195166e-07
53150.056 1.717802477980211e-07
53200.056 8.42678640792996e-08
53250.056 1.5789833848000747e-07
53300.056 1.703346971278959e-07
53350.056 1.616595801069951e-07
53400.056 1.4444687891800372e-07
53450.056 7.35260703309869e-08
53500.056 4.0533355037088536e-08
