galfind/configs/Brown_Dwarf_templates/sonora_bobcat/m+0.5/56g/sp_t375g56nc_m+0.5_resample.dat
# %ECSV 1.0
# ---
# datatype:
# - {name: wav, unit: Angstrom, datatype: float64}
# - {name: flux_nu, unit: erg / (cm2 Hz s), datatype: float64}
# meta: {C/O: '1.00', Kzz: '1.0000E+05', Teff: '375.', Y: '0.28', '[Fe/H]': '0.50', f_hole: '1.00', f_rain: '0.00', grav: '56.'}
# schema: astropy-2.0
wav flux_nu
[from data line 499]
28950.056 5.2757862846161164e-11
29000.056 3.0329181306699435e-11
29050.056 5.082876424432285e-11
29100.056 2.5631361351778e-11
29150.056 2.814591232723741e-11
29200.056 7.565525811732053e-11
29250.056 8.584126133257184e-11
29300.056 3.921694635168708e-11
29350.056 1.0722022812078994e-10
29400.056 5.747194077924484e-11
29450.056 3.041705640286705e-11
29500.056 1.1283686921547923e-10
29550.056 3.8204199302115894e-11
29600.056 5.096714160412515e-11
29650.056 1.5305772219420916e-10
29700.056 3.3982852561423354e-11
29750.056 1.1342837876373843e-10
29800.056 7.995124793342e-11
29850.056 1.225374039790792e-10
29900.056 6.192618159595459e-11
29950.056 8.897604375031703e-11
30000.056 1.2427644489531173e-12
30050.056 8.592636023483749e-12
30100.056 3.9000511124859074e-11
30150.056 1.221944154638453e-10
30200.056 8.01950048836053e-11
30250.056 1.5939590368249766e-10
30300.056 2.510984666352936e-10
30350.056 5.786112116012833e-11
30400.056 2.046813447197985e-10
30450.056 1.5490790676354036e-10
30500.056 9.959954894242279e-11
30550.056 8.547348482099051e-11
30600.056 4.4086762224547307e-10
30650.056 2.216210208237998e-10
30700.056 1.1722593913988276e-10
30750.056 2.6837446087111263e-10
30800.056 1.9315266782588837e-10
30850.056 2.361596405040073e-10
30900.056 1.0451216619668313e-10
30950.056 1.1499727097312842e-10
31000.056 1.4472946224402744e-10
31050.056 8.435403923252038e-11
31100.056 5.419872541763623e-11
31150.056 1.0480912544412828e-10
31200.056 2.8315081933223636e-10
31250.056 1.824170580707303e-10
31300.056 9.814884066704984e-11
31350.056 2.3647858164282937e-10
31400.056 1.6301992459966154e-10
31450.056 1.5729075370825272e-10
31500.056 6.131159517962338e-11
31550.056 9.962452345075775e-11
31600.056 6.76477228934999e-11
31650.056 6.705750715721507e-11
31700.056 5.850437111505758e-11
31750.056 3.023980877904504e-11
31800.056 5.61055679630163e-11
31850.056 9.857645701427137e-12
31900.056 2.4209270390274254e-11
31950.056 1.6577510697811742e-11
32000.056 1.0088723566521216e-11
32050.056 1.8916071777356953e-11
32100.056 1.6933480994175123e-11
32150.056 1.6656630721313288e-11
32200.056 7.340303603665168e-12
32250.056 2.034761811429937e-11
32300.056 5.7222647462755436e-12
32350.056 1.837670855047194e-11
32400.056 2.5629433830484337e-12
32450.056 1.246061607991246e-11
32500.056 2.7959679074635116e-12
32550.056 8.997353806852117e-12
32600.056 2.865886152287186e-12
32650.056 3.0091065575538264e-11
32700.056 4.535509265646072e-12
32750.056 6.108120793772988e-11
32800.056 2.6181385344134046e-11
32850.056 1.1817377292587329e-10
32900.056 9.207508427912761e-11
32950.056 1.0474618203586065e-10
33000.056 2.956946896297503e-11
33050.056 4.2281247961146194e-11
33100.056 7.581123189486812e-12
33150.056 1.191506878636241e-15
33200.056 1.6634753153074457e-13
33250.056 2.3034278956626526e-13
33300.056 2.6905173063110393e-12
33350.056 8.048198527027746e-12
33400.056 3.7341848703026235e-11
33450.056 2.1116964714986183e-11
33500.056 8.113037114408947e-11
33550.056 1.3765772571938866e-11
33600.056 4.4384384283572336e-11
33650.056 3.825130350356375e-11
33700.056 1.2491020587723465e-11
33750.056 6.063175065276291e-11
33800.056 4.875121077070375e-12
33850.056 2.9021057979075436e-11
33900.056 3.243451593516566e-11
33950.056 2.4725992308059106e-11
34000.056 6.394793296485633e-11
34050.056 8.930916785427622e-12
34100.056 5.915981982338658e-11
34150.056 2.5864179084437457e-11
34200.056 7.470761027928046e-11
34250.056 3.851886265615894e-11
34300.056 4.4958424360932415e-11
34350.056 9.065450482437857e-11
34400.056 2.6313516948292328e-11
34450.056 8.41809743689004e-11
34500.056 3.99249792901169e-11
34550.056 3.006139325030678e-11
34600.056 1.4461413363809018e-10
34650.056 2.2059534885402245e-11
34700.056 1.0307488445332822e-10
34750.056 6.188930715585924e-11
34800.056 6.602359769125578e-11
34850.056 1.7084912820651618e-10
34900.056 3.9684240820055056e-11
34950.056 1.5786615597780966e-10
35000.056 2.9290986407034235e-10
35050.056 1.4510499655391187e-10
35100.056 3.141829313897055e-10
35150.056 2.271208267687969e-10
35200.056 2.2977626038795512e-10
35250.056 3.8387046205615244e-10
35300.056 1.720798681958409e-10
35350.056 1.9223837686939016e-10
35400.056 1.4012273575280315e-10
35450.056 1.415643111525083e-10
35500.056 5.06922002064123e-10
35550.056 2.8257238865949693e-10
35600.056 3.3086588180813763e-10
35650.056 3.727649278699978e-10
35700.056 4.2133551209318837e-10
35750.056 5.308185589979196e-10
35800.056 4.912680226387597e-10
35850.056 1.668112757451366e-10
35900.056 2.1411603840946883e-10
35950.056 2.643078182336793e-10
36000.056 3.8676164862907306e-10
36050.056 2.5157498316031177e-10
36100.056 2.293719640375914e-10
36150.056 5.572256747117526e-10
36200.056 5.673183846268347e-10
36250.056 3.9758387273019896e-10
36300.056 9.544590202519454e-10
36350.056 5.029350742210399e-10
36400.056 8.596991355493997e-10
36450.056 9.334707380612329e-10
36500.056 9.820540121323281e-10
36550.056 1.3436538111824843e-09
36600.056 1.3702262375225318e-09
36650.056 9.972747030235371e-10
36700.056 1.2036089119078007e-09
36750.056 1.4459247305573418e-09
36800.056 1.6469073936685371e-09
36850.056 7.907479604154981e-10
36900.056 1.583097784206411e-09
36950.056 1.6836735289450337e-09
37000.056 1.1571177851395888e-09
37050.056 1.7910067796305238e-09
37100.056 1.3339227029161486e-09
37150.056 1.1104284893389278e-09
37200.056 2.2089117348906686e-09
37250.056 1.3573868885577116e-09
37300.056 9.549967582391214e-10
37350.056 1.7811480861316985e-09
37400.056 2.6496578186232492e-09
37450.056 1.0604201605740042e-09
37500.056 1.6114286343649194e-09
37550.056 2.6469803675286892e-09
37600.056 4.037487154129222e-09
37650.056 1.2687986229102719e-09
37700.056 2.681588446266144e-09
37750.056 1.7225548188196782e-09
37800.056 1.6729084180739215e-09
37850.056 7.992437976801376e-10
37900.056 1.2039027679966677e-09
37950.056 2.4815943109624287e-09
38000.056 2.4805901858490255e-09
38050.056 3.5646487419177383e-09
38100.056 3.998617226963695e-09
38150.056 4.529036954621209e-09
38200.056 3.820318987735721e-09
38250.056 4.314751716506401e-09
38300.056 6.314161091329497e-09
38350.056 6.066326511962317e-09
38400.056 2.29661209457463e-09
38450.056 1.0353998270387726e-09
38500.056 6.457900237917384e-10
38550.056 2.528396100428381e-09
38600.056 2.4534956375364012e-09
38650.056 2.9512364279013417e-09
38700.056 1.6938768392569411e-09
38750.056 2.5148457949358156e-09
38800.056 2.5970517131874096e-09
38850.056 3.023390648427213e-09
38900.056 3.90071807459146e-09
38950.056 2.401926364423445e-09
39000.056 4.663923334087116e-09
39050.056 2.288207897790577e-09
39100.056 3.840772291635494e-09
39150.056 4.9938882206193866e-09
39200.056 3.510074068496722e-09
39250.056 6.146132766879474e-09
39300.056 3.4447272872909468e-09
39350.056 7.654650393329628e-09
39400.056 3.601739783328517e-09
39450.056 5.845880618391018e-09
39500.056 5.830195693014977e-09
39550.056 2.9215642699598807e-09
39600.056 5.9125852501373946e-09
39650.056 6.555137061153687e-09
39700.056 6.66988401945139e-09
39750.056 3.5830762813797898e-09
39800.056 3.939566459247807e-09
39850.056 8.269732651441904e-09
39900.056 1.001806434487078e-08
39950.056 4.102724322257382e-09
40000.056 7.946846845533752e-09
40050.056 8.314929297889288e-09
40100.056 3.294630078712405e-09
40150.056 8.17040360043129e-09
40200.056 8.584150514753184e-09
40250.056 9.863825290984034e-09
40300.056 9.329611684327786e-09
40350.056 6.110008819325107e-09
40400.056 8.588044853149602e-09
40450.056 4.495381434761642e-09
40500.056 1.1174399036191047e-08
40550.056 1.2340173362286727e-08
40600.056 8.513913403530759e-09
40650.056 6.343482899361729e-09
40700.056 1.3815645798478953e-08
40750.056 8.845370260556901e-09
40800.056 5.876913335417503e-09
40850.056 1.7311547370026093e-08
40900.056 1.3551835963621561e-08
40950.056 1.2618381161489258e-08
41000.056 9.485914154615487e-09
41050.056 1.8083840809512227e-08
41100.056 1.4254646834534537e-08
41150.056 5.819717533561437e-09
41200.056 1.9377981818202947e-08
41250.056 1.2293462497694872e-08
41300.056 1.3209439306747346e-08
41350.056 1.8510393735496507e-08
41400.056 1.5718981895579592e-08
41450.056 2.2885498306591076e-08
41500.056 1.4943657992287297e-08
41550.056 1.309343270488362e-08
41600.056 1.3245362646426306e-08
41650.056 1.921962300974674e-08
41700.056 2.3607658376989783e-08
41750.056 1.8857736903664966e-08
41800.056 1.894223173660508e-08
41850.056 1.8569694894024792e-08
41900.056 1.6155095091560875e-08
41950.056 1.5560842849901145e-08
42000.056 9.09926842661624e-09
42050.056 1.2248098949105193e-08
42100.056 1.210178315291965e-08
42150.056 1.4575811772299333e-08
42200.056 1.7760663068085797e-08
42250.056 1.2825069876952228e-08
42300.056 1.3021029469100561e-08
42350.056 2.1188819511400765e-08
42400.056 2.5147098976224925e-08
42450.056 2.4155633363309213e-08
42500.056 2.228911372309433e-08
42550.056 1.93750527698919e-08
42600.056 2.0192587432769093e-08
42650.056 3.423403517378245e-08
42700.056 1.6201962249330997e-08
42750.056 2.5384269641604065e-08
42800.056 3.809438693820897e-08
42850.056 3.6066863691388705e-08
42900.056 3.782293940721123e-08
42950.056 3.17515216767943e-08
43000.056 3.548020945151153e-08
43050.056 1.9014126671942242e-08
43100.056 2.774666407659411e-08
43150.056 2.2409586253334575e-08
43200.056 3.983625891280447e-08
43250.056 4.778748503299769e-08
43300.056 4.651675555959443e-08
43350.056 2.6393171994990805e-08
43400.056 3.7281396870761896e-08
43450.056 2.3451065405200713e-08
43500.056 2.201508955246573e-08
43550.056 2.5552128797087078e-08
43600.056 4.3744276565206345e-08
43650.056 2.9162831850321543e-08
43700.056 5.0412325224615935e-08
43750.056 4.422758428439327e-08
43800.056 4.114080766149225e-08
43850.056 3.4310253472399114e-08
43900.056 2.8908526197061982e-08
43950.056 1.7123499320098668e-08
44000.056 1.8730239249896964e-08
44050.056 5.0195960980999515e-08
44100.056 6.426057875559307e-08
44150.056 5.6931105996641034e-08
44200.056 5.0374163513499074e-08
44250.056 2.593055297009886e-08
44300.056 2.2086068182763507e-08
44350.056 2.452453274932786e-08
44400.056 2.1641914548866095e-08
44450.056 4.053172421049784e-08
44500.056 3.910829677030725e-08
44550.056 5.764816716099454e-08
44600.056 4.9387170918946804e-08
44650.056 3.9393099113107416e-08
44700.056 2.6392241384799828e-08
44750.056 4.78367589588125e-08
44800.056 2.8539375367047297e-08
44850.056 3.746189849858498e-08
44900.056 3.545471126404307e-08
44950.056 4.495152104420605e-08
45000.056 5.3159549310003086e-08
45050.056 4.560803724189181e-08
45100.056 3.988422526769766e-08
45150.056 3.5311960848240346e-08
45200.056 2.8605203749801326e-08
45250.056 3.391395366548785e-08
45300.056 3.0478261985005804e-08
45350.056 2.365241075479031e-08
45400.056 7.164840884201161e-08
45450.056 5.227816101040651e-08
45500.056 7.273078732710522e-08
45550.056 7.222138496607134e-08
45600.056 5.911760682901543e-08
45650.056 4.7113134560501364e-08
45700.056 3.029252910371738e-08
45750.056 2.9212412172942015e-08
45800.056 7.652287230669846e-08
45850.056 5.444582125669446e-08
45900.056 7.612935995498921e-08
45950.056 6.724779514360004e-08
46000.056 7.003613131230751e-08
46050.056 5.041339129620825e-08
46100.056 8.831960664698736e-08
46150.056 4.843000546400742e-08
46200.056 4.046846561059239e-08
46250.056 1.589823199595261e-08
46300.056 4.837722605039993e-08
46350.056 5.159255830160891e-08
46400.056 4.341545141779913e-08
46450.056 4.148262920251577e-08
46500.056 4.9846978220311585e-08
46550.056 2.376280358030231e-08
46600.056 3.8476171871294636e-08
46650.056 6.00440158254055e-08
46700.056 3.762292455438769e-08
46750.056 1.8814654243973705e-08
46800.056 1.1755654411990911e-08
46850.056 5.918194498151123e-08
46900.056 5.772144248549899e-08
46950.056 5.979275134199439e-08
47000.056 5.811965302231153e-08
47050.056 3.9340981963884754e-08
47100.056 2.7275056255094883e-08
47150.056 4.4920005850905376e-08
47200.056 4.993352193539624e-08
47250.056 2.8426546233797427e-08
47300.056 1.798049027957507e-08
47350.056 6.165860417100005e-08
47400.056 5.097346652599476e-08
47450.056 4.137075490656944e-08
47500.056 6.485223934610438e-08
47550.056 5.633790601850777e-08
47600.056 5.1778468108348146e-08
47650.056 5.428610544376762e-08
47700.056 4.009638495528986e-08
47750.056 2.9624669899902394e-08
47800.056 2.3639071592603514e-08
47850.056 1.1005528833412832e-08
47900.056 1.835517140305767e-08
47950.056 4.44801193982048e-08
48000.056 6.401000940100634e-08
48050.056 5.257831736520472e-08
48100.056 2.0755758433403495e-08
48150.056 4.166448806030101e-08
48200.056 2.5298373039179604e-08
48250.056 3.167955475599785e-08
48300.056 6.077777743599148e-08
48350.056 3.3487879354997e-08
48400.056 8.16412990220359e-09
48450.056 1.7332099110387714e-08
48500.056 3.0058521302992176e-08
48550.056 3.256581209322303e-08
48600.056 4.594929418699715e-08
48650.056 6.013951070999017e-08
48700.056 3.790915965143625e-08
48750.056 2.7523232865712686e-08
48800.056 5.347096783369986e-08
48850.056 2.665793703612551e-08
48900.056 3.4325006637997736e-08
48950.056 1.7316058828500528e-08
49000.056 8.70570350491985e-09
49050.056 3.1061443380495764e-08
49100.056 4.342411487050896e-08
49150.056 3.107875269480726e-08
49200.056 5.437886324601248e-08
49250.056 5.472044762300345e-08
49300.056 4.4900928966800094e-08
49350.056 1.546516458811762e-08
49400.056 2.3888118532972175e-08
49450.056 2.3068518933336626e-08
49500.056 1.6911872776587796e-08
49550.056 3.2829763274431415e-09
49600.056 1.0104050346886085e-08
49650.056 2.7670922592602708e-08
49700.056 3.037563226488733e-08
49750.056 2.857346141383075e-08
49800.056 1.731950865789839e-08
49850.056 4.195567230808895e-08
49900.056 3.331894688509495e-08
49950.056 3.4762968217602084e-08
50000.056 2.3965294170220933e-08
50050.056 3.003107046270087e-08
50100.056 2.3287953625098223e-08
50150.056 1.0222299759757627e-08
50200.056 1.5195084810936946e-09
50250.056 1.0997452376999556e-08
50300.056 6.823223882867291e-09
50350.056 2.767669894720454e-08
50400.056 2.8743205894574525e-08
50450.056 2.340139004086278e-08
50500.056 3.648379135271228e-08
50550.056 2.9902317533703566e-08
50600.056 2.1842441054744387e-08
50650.056 3.912946873300619e-08
50700.056 3.623342538379037e-08
50750.056 2.2375031326102133e-08
50800.056 6.791657413200402e-09
50850.056 3.2890941219237037e-09
50900.056 2.3199542866401324e-08
50950.056 2.054819126909815e-08
51000.056 1.6399285826945344e-08
51050.056 2.6875751510596452e-08
51100.056 9.307225302680251e-09
51150.056 1.0053227645133226e-08
51200.056 3.313644969200013e-08
51250.056 2.3003639057624835e-08
51300.056 1.5801271892557634e-08
51350.056 1.3577244689770001e-08
51400.056 3.821941157764595e-09
51450.056 3.0663065856473254e-09
51500.056 3.147799247600423e-09
51550.056 1.3732364168282589e-08
51600.056 1.1807362396693962e-08
51650.056 1.6540951502998465e-08
51700.056 1.6870592122514973e-08
51750.056 1.062892710765264e-08
51800.056 2.05483059787976e-08
51850.056 1.6531803013998363e-08
51900.056 1.9275875128897576e-08
51950.056 1.0118820613298793e-08
52000.056 8.83293624436653e-10
52050.056 5.268035383120766e-09
52100.056 2.8589396799395127e-09
52150.056 1.4832986965827794e-09
52200.056 5.6004984504198915e-09
52250.056 8.980030695713143e-09
52300.056 1.148302161083922e-08
52350.056 3.4404395887788144e-09
52400.056 3.7474437903530785e-09
52450.056 1.588565436750138e-08
52500.056 1.1147157320491826e-08
52550.056 1.4155667493799045e-08
52600.056 1.0906914373279057e-08
52650.056 1.3271406502900726e-08
52700.056 9.423683658409391e-09
52750.056 2.9596586738910735e-09
52800.056 6.2338515403810025e-09
52850.056 7.111583172218268e-09
52900.056 2.529823192851198e-09
52950.056 4.71151474748664e-09
53000.056 8.81842595720233e-09
53050.056 3.112839903848992e-09
53100.056 1.1222816247398061e-08
53150.056 1.139235237644525e-08
53200.056 5.635945299960524e-09
53250.056 1.0318938108244062e-08
53300.056 1.3110459966274644e-08
53350.056 9.612530470972873e-09
53400.056 5.819865779997866e-09
53450.056 1.8457131974542913e-09
53500.056 2.475725652679127e-10
