galfind/configs/Brown_Dwarf_templates/sonora_bobcat/m+0.5/56g/sp_t500g56nc_m+0.5_resample.dat
# %ECSV 1.0
# ---
# datatype:
# - {name: wav, unit: Angstrom, datatype: float64}
# - {name: flux_nu, unit: erg / (cm2 Hz s), datatype: float64}
# meta: {C/O: '1.00', Kzz: '1.0000E+05', Teff: '500.', Y: '0.28', '[Fe/H]': '0.50', f_hole: '1.00', f_rain: '0.00', grav: '56.'}
# schema: astropy-2.0
wav flux_nu
4000.0559999999996 nan
4050.0559999999996 1.6273666629545206e-16
4100.056 2.161309092850046e-14
4150.056 1.869675355900011e-13
4200.056 1.8169692802471835e-13
4250.056 1.4562526533800069e-12
4300.056 3.06845639810002e-12
4350.056 5.056510370900039e-12
4400.056 7.432904161500024e-12
4450.056 1.1078374757999994e-11
4500.056 1.387745683400011e-11
4550.056 1.3339848963100034e-11
4600.056 3.577127814597981e-12
4650.056 2.037478262700001e-12
4700.056 9.400630122299914e-13
4750.056 2.5015256601999633e-13
4800.056 7.866266040499926e-14
4850.056 2.880321334499974e-14
4900.056 1.4304362922999927e-14
4950.056 8.33160578869996e-15
5000.056 4.521987639299959e-15
5050.056 2.8239343878000063e-15
5100.056 2.8682982322000356e-15
5150.056 3.0992118858000546e-15
5200.056 3.3515490384000157e-15
5250.056 3.592422424900001e-15
5300.056 3.870362009799999e-15
5350.056 4.217058317100006e-15
5400.056 4.585792235999998e-15
5450.056 5.048724690000043e-15
5500.056 5.584296067000084e-15
5550.056 6.142975198000028e-15
5600.056 6.65443838819999e-15
5650.056 7.0372822276999784e-15
5700.056 7.097211999300009e-15
5750.056 6.9867380603000014e-15
5800.056 6.400022845499993e-15
5850.056 4.6790530911999186e-15
5900.056 1.5330751246471517e-15
5950.056 8.80910316530043e-15
6000.056 1.7613401269399483e-14
6050.056 3.129335532700096e-14
6100.056 5.101329167300069e-14
6150.056 7.693130215400068e-14
6200.056 1.1153159799600075e-13
6250.056 1.5486470102000028e-13
6300.056 2.1907226510800034e-13
6350.056 3.0437415396000235e-13
6400.056 4.1498086565000445e-13
6450.056 5.212825949599782e-13
6500.056 7.150028362109869e-13
6550.056 9.967957713419918e-13
6600.056 1.3918759825900661e-12
6650.056 1.9382497811000192e-12
6700.056 2.5214359813500223e-12
6750.056 3.522131158600023e-12
6800.056 4.266256481900059e-12
6850.056 4.472567708100006e-12
6900.056 3.717441832220114e-12
6950.056 2.9626182551779163e-12
7000.056 3.079667095242038e-12
7050.056 3.1872170598859208e-12
7100.056 3.4383344071198845e-12
7150.056 2.9796811341821833e-12
7200.056 2.682960493628705e-12
7250.056 2.8896019252486647e-12
7300.056 2.9193796679785273e-12
7350.056 3.153372241484454e-12
7400.056 3.4227638903702247e-12
7450.056 3.817666569660284e-12
7500.056 4.127060988609901e-12
7550.056 4.342865133599953e-12
7600.056 4.338388506099991e-12
7650.056 1.832828877509945e-12
7700.056 1.527846998316046e-12
7750.056 5.174001812600052e-12
7800.056 6.929915498059854e-12
7850.056 9.425965796099977e-12
7900.056 1.2039831425259481e-11
7950.056 1.3554727498179907e-11
8000.056 1.8150770856400036e-11
8050.056 2.1981514488300535e-11
8100.056 2.1158120027682825e-11
8150.056 2.3449536272568882e-11
8200.056 3.439916793036202e-11
8250.056 4.052236751390458e-11
8300.056 5.066500169246624e-11
8350.056 5.44819463265262e-11
8400.056 6.53717122698327e-11
8450.056 8.630691904521644e-11
8500.056 1.0063456113949346e-10
8550.056 1.3468241347400172e-10
8600.056 1.7181937807200292e-10
8650.056 2.0568960063000572e-10
8700.056 2.260705470500042e-10
8750.056 2.6296998579000113e-10
8800.056 2.789092675560092e-10
8850.056 2.2452647679498385e-10
8900.056 4.839973107947426e-11
8950.056 7.171009411704776e-11
9000.056 4.975181438784291e-11
9050.056 1.724196446368349e-10
9100.056 2.3667576142618664e-10
9150.056 2.893982737593514e-10
9200.056 4.956928456257134e-10
9250.056 5.047756085438528e-10
9300.056 9.445690612256165e-11
9350.056 1.12646308130099e-10
9400.056 2.1012878162129437e-10
9450.056 2.6996901338272356e-10
9500.056 2.255747423503304e-10
9550.056 2.741993383043459e-10
9600.056 2.461104438885279e-10
9650.056 3.4086374328641144e-10
9700.056 5.215538085996245e-10
9750.056 5.018998701926745e-10
9800.056 5.426196049619517e-10
9850.056 5.996013723370442e-10
9900.056 7.890383934379142e-10
9950.056 6.688550575010622e-10
10000.056 8.52218119110748e-10
10050.056 9.385858091361154e-10
10100.056 1.3679818376767472e-09
10150.056 1.5715802228099377e-09
10200.056 1.8544777886523409e-09
10250.056 2.2691410527324545e-09
10300.056 2.997237233130488e-09
10350.056 3.625805305222033e-09
10400.056 5.68230029388658e-09
10450.056 7.423536085639762e-09
10500.056 9.204148915046042e-09
10550.056 1.1399550370000548e-08
10600.056 1.2496468460239157e-08
10650.056 1.353858308151158e-08
10700.056 1.3142809543175004e-08
10750.056 1.3722419890059961e-08
10800.056 1.294794287544661e-08
10850.056 1.0776983115282753e-08
10900.056 6.628004453141603e-09
10950.056 2.6844275069762788e-09
11000.056 1.734541214743034e-09
11050.056 9.482528343538446e-10
11100.056 4.6343947982352853e-10
11150.056 1.4865297937917904e-10
11200.056 7.41069876544868e-11
11250.056 8.67877090011011e-11
11300.056 1.6401336863436193e-10
11350.056 4.609569735932489e-11
11400.056 1.1660553077500065e-10
11450.056 9.683038440146209e-11
11500.056 5.14385932432558e-11
11550.056 8.298992420393071e-12
11600.056 8.273662320770421e-12
11650.056 3.523085469574644e-11
11700.056 3.6085643660338e-11
11750.056 4.321435350357656e-12
11800.056 3.878591529209556e-11
11850.056 7.810239279885183e-11
11900.056 8.536149682228502e-11
11950.056 1.5582650129398354e-10
12000.056 3.2410422522893826e-10
12050.056 6.55364973622372e-10
12100.056 1.352918549302686e-09
12150.056 2.527763815721798e-09
12200.056 3.6118997175820658e-09
12250.056 6.253000347494182e-09
12300.056 1.0161311762951392e-08
12350.056 1.084996313328958e-08
12400.056 1.7262136752586785e-08
12450.056 2.4530399872578134e-08
12500.056 2.7827554568343308e-08
12550.056 3.3150557738681596e-08
12600.056 3.698519731049525e-08
12650.056 3.5785449101960784e-08
12700.056 3.5028756320780434e-08
12750.056 2.8074688267340107e-08
12800.056 2.2771375560255546e-08
12850.056 1.4244829579652224e-08
12900.056 9.924861138931462e-09
12950.056 7.782614606736647e-09
13000.056 6.4060476101078715e-09
13050.056 3.7416784777539045e-09
13100.056 3.023504515876901e-09
13150.056 1.8397496829226105e-09
13200.056 1.4384446202816947e-09
13250.056 9.760413512115999e-10
13300.056 3.3063164763581026e-10
13350.056 9.281213875234718e-11
13400.056 7.074554497124959e-11
13450.056 2.4229059889777683e-11
13500.056 1.0899739604556892e-11
13550.056 5.158512290434124e-12
13600.056 9.184963440593196e-13
13650.056 6.944411233044963e-12
13700.056 4.223196943175303e-12
13750.056 5.138822051893769e-12
13800.056 4.117306608198698e-12
13850.056 2.7067741852879274e-12
13900.056 4.196599148617981e-12
13950.056 2.7405738589271627e-12
14000.056 3.2313316252112936e-12
14050.056 5.624318208831557e-12
14100.056 7.319305356862374e-12
14150.056 1.3880559764798516e-11
14200.056 8.936939154174003e-12
14250.056 1.4208746789333379e-11
14300.056 2.917630456381853e-11
14350.056 3.5097470253903555e-11
14400.056 4.1412059420453077e-11
14450.056 6.094859966455317e-11
14500.056 1.3518807870894912e-10
14550.056 1.5997027852312749e-10
14600.056 2.027787734681703e-10
14650.056 1.5402690971381006e-10
14700.056 8.692088125033473e-11
14750.056 6.044366161143238e-11
14800.056 1.2817432571644627e-10
14850.056 1.7402918733877549e-10
14900.056 1.9373708575048e-10
14950.056 1.7365616688475713e-10
15000.056 3.4400027033396607e-10
15050.056 3.0154073056442733e-10
15100.056 2.5089002783636826e-10
15150.056 2.46050403363812e-10
15200.056 4.0055544024701284e-10
15250.056 8.619808122827646e-10
15300.056 1.0836612352012086e-09
15350.056 1.4492497177742922e-09
15400.056 1.9202115648582057e-09
15450.056 2.5243623717745557e-09
15500.056 2.828294270835734e-09
15550.056 4.160986202147749e-09
15600.056 5.120811858342075e-09
15650.056 6.750979182342893e-09
15700.056 9.157336104508192e-09
15750.056 1.0857952472999396e-08
15800.056 1.1388623894267237e-08
15850.056 1.2542618656533273e-08
15900.056 1.0163870223389206e-08
15950.056 8.436888733427895e-09
16000.056 5.338272036751466e-09
16050.056 2.474091605481586e-09
16100.056 1.4776646035079558e-09
16150.056 7.467487694808549e-10
16200.056 3.9216481614448204e-10
16250.056 2.585292007491097e-10
16300.056 1.572129024059407e-10
16350.056 1.7936285120156488e-10
16400.056 2.3348577831408587e-10
16450.056 1.9501300005171513e-10
16500.056 1.6931567571119847e-10
16550.056 1.8710077777134296e-10
16600.056 2.3693898188023056e-10
16650.056 1.8603432144501356e-10
16700.056 2.5601463670377375e-11
16750.056 8.112914814620577e-11
16800.056 1.5102222658653267e-10
16850.056 1.8839381247621552e-10
16900.056 9.109660770009638e-11
16950.056 5.0035087670357596e-11
17000.056 2.8509805051015237e-11
17050.056 5.976154017816274e-11
17100.056 1.038995804325378e-10
17150.056 5.2316277666756335e-11
17200.056 1.944165074712167e-10
17250.056 1.2795876862267303e-10
17300.056 6.97839479625096e-11
17350.056 7.210316261747667e-11
17400.056 1.275955460515979e-10
17450.056 1.8908501760753296e-10
17500.056 2.585839207867537e-10
17550.056 2.429668133519955e-10
17600.056 1.8327529524643734e-10
17650.056 1.7954479256128582e-10
17700.056 1.2259354889742334e-10
17750.056 1.3953616455521278e-10
17800.056 3.652382162154225e-10
17850.056 1.682858155583767e-10
17900.056 1.2283102471337395e-10
17950.056 1.052826918871974e-10
18000.056 1.5593190810351782e-10
18050.056 1.6596256558564422e-10
18100.056 2.1642317034354348e-10
18150.056 2.0215776264715208e-10
18200.056 1.4350475589280026e-10
18250.056 4.32066604166022e-10
18300.056 1.3854724677265799e-10
18350.056 9.905551758525886e-11
18400.056 8.240188720254929e-11
18450.056 2.6844338563566027e-10
18500.056 2.6916722404524524e-10
18550.056 1.7209346810471945e-10
18600.056 2.257244151141924e-10
18650.056 1.7435703072797936e-10
18700.056 6.455982377312854e-11
18750.056 1.5526844845275726e-10
18800.056 5.089235273349671e-10
18850.056 5.428294828064133e-10
18900.056 4.6044735928219285e-10
18950.056 7.778027416237216e-10
19000.056 2.6667986773156387e-10
19050.056 1.4686537542510516e-10
19100.056 3.339884979127716e-10
19150.056 1.5689531212356685e-10
19200.056 2.3538634178610673e-10
19250.056 1.6871296748894805e-10
19300.056 1.1258269653973548e-10
19350.056 9.759058036838774e-11
19400.056 8.896701690266246e-11
19450.056 1.8245456794782432e-10
19500.056 1.1606497178197003e-10
19550.056 1.2191964757574352e-10
19600.056 3.3387729558171315e-10
19650.056 2.481111756234962e-10
19700.056 2.706135869125705e-10
19750.056 5.379261364394285e-10
19800.056 3.837408367642676e-10
19850.056 5.771739881530355e-10
19900.056 6.196325854640207e-10
19950.056 9.552716202833052e-10
20000.056 1.288475792195716e-09
20050.056 1.0762080257501202e-09
20100.056 1.914029139283178e-09
20150.056 9.953821061417e-10
20200.056 8.906379014393831e-10
20250.056 1.8021429278342019e-09
20300.056 2.1106188448296686e-09
20350.056 2.4457693754974347e-09
20400.056 2.0580168804744493e-09
20450.056 3.5697424480567485e-09
20500.056 4.475134937319724e-09
20550.056 5.015941029900881e-09
20600.056 5.372010135237777e-09
20650.056 6.847745631201195e-09
20700.056 7.5667174412199e-09
20750.056 8.852437640298869e-09
20800.056 8.565808624149957e-09
20850.056 9.152685150575005e-09
20900.056 1.0070503839212557e-08
20950.056 9.163648789429303e-09
21000.056 8.52514323709115e-09
21050.056 8.88749249868728e-09
21100.056 7.735863299601665e-09
21150.056 7.822964482572494e-09
21200.056 6.805675241838976e-09
21250.056 5.917370550738435e-09
21300.056 4.239772523075036e-09
21350.056 4.366879929843934e-09
21400.056 3.848292910290109e-09
21450.056 2.883081282318665e-09
21500.056 2.4583173431559476e-09
21550.056 2.1008531102273376e-09
21600.056 1.6116795377410971e-09
21650.056 1.1765785274980702e-09
21700.056 1.0231555487432945e-09
21750.056 9.941572896310753e-10
21800.056 6.910035682781571e-10
21850.056 6.540758846151441e-10
21900.056 4.0021122757798813e-10
21950.056 1.2890826124636806e-10
22000.056 2.674658317237536e-11
22050.056 2.4096809372087966e-11
22100.056 9.127450088229487e-11
22150.056 1.1102502818236666e-10
22200.056 1.2473439446970077e-10
22250.056 9.073335855234011e-11
22300.056 4.9853537982957134e-11
22350.056 6.323931653102028e-11
22400.056 2.5610511115546498e-11
22450.056 3.237291001141755e-11
22500.056 2.4460122113260925e-11
22550.056 1.6179245681570697e-11
22600.056 1.2697610283383524e-11
22650.056 2.3839109964643537e-11
22700.056 1.896834045019268e-11
22750.056 1.9473929379929957e-11
22800.056 1.8704394976538186e-11
22850.056 1.4399271615147362e-11
22900.056 1.0416203290409764e-11
22950.056 9.492997047074492e-12
23000.056 1.4143494507441722e-11
23050.056 1.8817978298717084e-11
23100.056 7.907432786251021e-11
23150.056 8.832708629630139e-11
23200.056 4.902519761502884e-12
23250.056 1.2035984140686024e-11
23300.056 1.299922334491236e-11
23350.056 1.9729736090763038e-11
23400.056 1.871744166822044e-11
23450.056 1.2474425667162476e-11
23500.056 1.311587637647233e-11
23550.056 2.4082458142088872e-11
23600.056 3.836075907813539e-11
23650.056 6.58651904989911e-11
23700.056 1.664549703213735e-11
23750.056 1.1870282085541204e-11
23800.056 4.290753446170827e-11
23850.056 3.4437727359943966e-11
23900.056 7.281299158113933e-11
23950.056 5.337583049583988e-11
24000.056 9.259441471111936e-11
24050.056 1.2920909001353055e-10
24100.056 1.3408422443155271e-10
24150.056 1.891591442000203e-10
24200.056 1.3368548656057148e-10
24250.056 1.0573018317468623e-10
24300.056 1.714462574743474e-10
24350.056 1.4573516969690613e-10
24400.056 2.9924100621431104e-10
24450.056 3.479338424002183e-10
24500.056 3.211079691688623e-10
24550.056 4.781549203248936e-10
24600.056 4.885218599247623e-10
24650.056 7.716385947152374e-10
24700.056 4.231216222589012e-10
24750.056 5.96533498200089e-10
24800.056 5.599402891963257e-10
24850.056 8.854530510013123e-10
24900.056 4.523642362499786e-10
24950.056 9.367127766533285e-10
25000.056 9.199366372548092e-10
25050.056 6.197727832207944e-10
25100.056 9.494987030744154e-10
25150.056 4.5541526285627e-10
25200.056 7.081459928133029e-10
25250.056 3.2398878984239637e-10
25300.056 5.162891096001918e-10
25350.056 2.3067538086956035e-10
25400.056 5.936746452451381e-10
25450.056 1.8706889562286141e-10
25500.056 1.7260164567089395e-10
25550.056 3.065879520665545e-10
25600.056 1.5667934744033123e-10
25650.056 9.37630098825254e-11
25700.056 1.4177116619728736e-10
25750.056 3.878533939599475e-11
25800.056 1.897440436320922e-10
25850.056 3.99727314787676e-11
25900.056 5.683940149735712e-11
25950.056 1.613371213439602e-11
26000.056 1.8065276388316636e-10
26050.056 2.6963122749234135e-11
26100.056 1.1675957972715663e-10
26150.056 5.724427498277801e-11
26200.056 7.871650174866581e-11
26250.056 4.0013144208449504e-10
26300.056 1.0669658659425031e-10
26350.056 5.720311716350392e-10
26400.056 7.512985365763586e-10
26450.056 6.654500180232763e-10
26500.056 1.1368529722595014e-09
26550.056 1.818581274712385e-10
26600.056 2.4836960897405364e-10
26650.056 4.169611696271896e-11
26700.056 2.5484315685817383e-11
26750.056 3.153768682018499e-11
26800.056 9.42037005937378e-11
26850.056 5.102862868773254e-11
26900.056 2.422538995636876e-10
26950.056 8.413164245233174e-11
27000.056 4.5490430079159404e-10
27050.056 4.407629245274613e-10
27100.056 7.772697327328705e-11
27150.056 6.036385124412065e-10
27200.056 7.57040369188228e-11
27250.056 2.280272657316357e-10
27300.056 1.3240842810894497e-09
27350.056 5.17557432620684e-10
27400.056 3.0238763776902527e-11
27450.056 6.576179187489041e-10
27500.056 7.151471429389054e-10
27550.056 1.294792141618134e-10
27600.056 3.6634792957242756e-10
27650.056 9.876753368412452e-11
27700.056 8.037020478989638e-11
27750.056 5.02563372374048e-10
27800.056 1.3128229145908115e-10
27850.056 2.2917508498604541e-10
27900.056 2.2164326426438044e-10
27950.056 6.045976575183735e-10
28000.056 5.303477871627185e-10
28050.056 6.769882506211909e-11
28100.056 4.937305339715215e-10
28150.056 3.7186763679927917e-10
28200.056 1.0903932572929242e-10
28250.056 6.741330808342936e-10
28300.056 6.653066227339233e-10
28350.056 1.459703834703857e-10
28400.056 4.5820577356833183e-10
28450.056 7.812095210559597e-10
28500.056 4.981818903117159e-10
28550.056 1.172757697619418e-10
28600.056 8.560623536983012e-10
28650.056 5.996933544963333e-10
28700.056 7.664092781467013e-10
28750.056 1.179784327656928e-09
28800.056 5.509435649525364e-10
28850.056 1.0812474078362297e-09
