galfind/configs/Brown_Dwarf_templates/sonora_bobcat/m+0.5/56g/sp_t1300g56nc_m+0.5_resample.dat
# %ECSV 1.0
# ---
# datatype:
# - {name: wav, unit: Angstrom, datatype: float64}
# - {name: flux_nu, unit: erg / (cm2 Hz s), datatype: float64}
# meta: {C/O: '1.00', Kzz: '1.0000E+05', Teff: '1300.', Y: '0.28', '[Fe/H]': '0.50', f_hole: '1.00', f_rain: '0.00', grav: '56.'}
# schema: astropy-2.0
wav flux_nu
4000.0559999999996 nan
4050.0559999999996 3.565621011507818e-11
4100.056 1.7744955807099532e-10
4150.056 2.0499022550402258e-10
4200.056 1.7541165750735693e-10
4250.056 2.1786842323806986e-10
4300.056 2.238086014070353e-10
4350.056 2.406063381890115e-10
4400.056 2.8287307780103727e-10
4450.056 2.7709983198400353e-10
4500.056 2.88718724119019e-10
4550.056 3.5008521607162475e-10
4600.056 3.833442316680101e-10
4650.056 3.6925987932396044e-10
4700.056 4.3064858939002935e-10
4750.056 4.2804114916998485e-10
4800.056 2.8235355773200244e-10
4850.056 2.0777853324899411e-10
4900.056 1.5527277484400074e-10
4950.056 8.857805413599938e-11
5000.056 3.023479138599904e-11
5050.056 1.0081487047500074e-11
5100.056 7.656335786099954e-12
5150.056 6.368166224699935e-12
5200.056 5.217856960299972e-12
5250.056 3.979405592399966e-12
5300.056 2.9959527571999856e-12
5350.056 2.272752416099986e-12
5400.056 1.7525183862999948e-12
5450.056 1.3531080220999948e-12
5500.056 1.0383508394799957e-12
5550.056 7.885532198299978e-13
5600.056 5.959215905599977e-13
5650.056 4.438676149799987e-13
5700.056 3.263349521899988e-13
5750.056 2.328410761399988e-13
5800.056 1.6008817677999919e-13
5850.056 9.573573616999895e-14
5900.056 3.0501064224225483e-14
5950.056 1.918381625590032e-13
6000.056 5.025987912800063e-13
6050.056 1.2247431195900129e-12
6100.056 2.8108933143000277e-12
6150.056 6.14251501220006e-12
6200.056 1.2634406004300113e-11
6250.056 2.456128644200022e-11
6300.056 4.542397879800039e-11
6350.056 8.048571215400061e-11
6400.056 1.3650570287000108e-10
6450.056 2.2174406283000133e-10
6500.056 3.5025755926000384e-10
6550.056 5.368146198700043e-10
6600.056 8.052064738800081e-10
6650.056 1.1633590700300076e-09
6700.056 1.022470760563022e-09
6750.056 2.1210430821000168e-09
6800.056 2.82382756520003e-09
6850.056 3.1922994823000112e-09
6900.056 2.9906309409000363e-09
6950.056 2.6091970226999556e-09
7000.056 2.565587755600023e-09
7050.056 2.789937558899988e-09
7100.056 3.0939345238999926e-09
7150.056 3.20003525396995e-09
7200.056 3.2232708500300536e-09
7250.056 3.0733216284998785e-09
7300.056 2.6797469438699872e-09
7350.056 2.2469470389699567e-09
7400.056 1.865901942400026e-09
7450.056 1.4818020439700153e-09
7500.056 1.0965288438199916e-09
7550.056 7.384001366999929e-10
7600.056 4.201972645199936e-10
7650.056 5.549248336497491e-11
7700.056 2.3182105339577647e-11
7750.056 2.782136286520088e-10
7800.056 7.138420561360168e-10
7850.056 1.8050830064000172e-09
7900.056 3.1207182433000205e-09
7950.056 3.799957566447823e-09
8000.056 7.134104495700019e-09
8050.056 9.970626990499954e-09
8100.056 1.293181296279998e-08
8150.056 1.6804971548300095e-08
8200.056 2.0515692143201287e-08
8250.056 2.7365956294051717e-08
8300.056 3.364848624770242e-08
8350.056 4.076641993659727e-08
8400.056 4.819198372879767e-08
8450.056 5.4573661307596564e-08
8500.056 5.617936399107587e-08
8550.056 6.694058802800129e-08
8600.056 7.235474610999593e-08
8650.056 6.843442923798787e-08
8700.056 7.173967654199441e-08
8750.056 8.072522647100572e-08
8800.056 9.672993037301218e-08
8850.056 1.1143561253998872e-07
8900.056 1.1756345930599701e-07
8950.056 1.0847018578775647e-07
9000.056 1.4311075058158715e-07
9050.056 1.5858208558760476e-07
9100.056 1.7805280996997537e-07
9150.056 1.8163858347040332e-07
9200.056 1.9787432446757338e-07
9250.056 1.8463299895387874e-07
9300.056 1.1737683744075094e-07
9350.056 1.2751290247374415e-07
9400.056 1.457538372767487e-07
9450.056 1.7139845720895366e-07
9500.056 1.7488751516833518e-07
9550.056 1.913877029676511e-07
9600.056 1.7636915278696315e-07
9650.056 1.8953637033799884e-07
9700.056 2.0058914636640549e-07
9750.056 1.9866391742826777e-07
9800.056 2.1397918399196313e-07
9850.056 2.339825907475989e-07
9900.056 2.2606070019586713e-07
9950.056 2.2048066937096508e-07
10000.056 2.1138953538194041e-07
10050.056 2.400474351310066e-07
10100.056 2.8672875763494306e-07
10150.056 3.163279040049096e-07
10200.056 3.5520697195995624e-07
10250.056 3.737490689199378e-07
10300.056 3.900905138400165e-07
10350.056 4.435296751699847e-07
10400.056 4.926952686299696e-07
10450.056 5.027900615000375e-07
10500.056 4.657382101499981e-07
10550.056 4.5938458207006606e-07
10600.056 4.8546210015002e-07
10650.056 5.293165817100097e-07
10700.056 5.628005968650539e-07
10750.056 6.180228709820269e-07
10800.056 6.71930076880009e-07
10850.056 7.210776441099027e-07
10900.056 6.285295151059307e-07
10950.056 4.572855465476533e-07
11000.056 4.4837850482875834e-07
11050.056 4.077828221136335e-07
11100.056 3.839264990512177e-07
11150.056 3.4919052560705365e-07
11200.056 3.452912463621116e-07
11250.056 3.944266183654229e-07
11300.056 3.8312396015582137e-07
11350.056 2.7032883053453883e-07
11400.056 2.945958075439921e-07
11450.056 3.2170100329839066e-07
11500.056 3.7744891471079327e-07
11550.056 3.2655782407742006e-07
11600.056 3.601273602875257e-07
11650.056 3.697020836450707e-07
11700.056 3.115606866775628e-07
11750.056 2.9638543223465446e-07
11800.056 3.2522602345235173e-07
11850.056 4.2042191361233325e-07
11900.056 4.367411907471609e-07
11950.056 5.127278002575617e-07
12000.056 5.247613970176295e-07
12050.056 5.953731110880754e-07
12100.056 6.225811090809782e-07
12150.056 7.011674679758916e-07
12200.056 7.588925453587591e-07
12250.056 8.237156319777385e-07
12300.056 8.892800104851794e-07
12350.056 9.250132725070899e-07
12400.056 9.265841655099725e-07
12450.056 8.750841436960727e-07
12500.056 9.453934043699416e-07
12550.056 9.770733336340678e-07
12600.056 1.1238371007400519e-06
12650.056 1.1333618813639283e-06
12700.056 1.212922366383205e-06
12750.056 1.2107083979580652e-06
12800.056 1.2720164558191265e-06
12850.056 1.2003291228172599e-06
12900.056 1.1272935104357205e-06
12950.056 1.17990874343034e-06
13000.056 1.1414948288305637e-06
13050.056 1.1362591981775763e-06
13100.056 1.096556064290446e-06
13150.056 1.0289930873106322e-06
13200.056 9.558134522768082e-07
13250.056 8.334717618622723e-07
13300.056 5.74950812424449e-07
13350.056 2.569532434399262e-07
13400.056 1.9827927939580026e-07
13450.056 1.465404430186784e-07
13500.056 1.3096482212682441e-07
13550.056 1.1374504028482186e-07
13600.056 9.180874630339254e-08
13650.056 1.2688196642293453e-07
13700.056 1.0495531923698139e-07
13750.056 1.0339044917135482e-07
13800.056 1.2799258539180065e-07
13850.056 1.2129294131968794e-07
13900.056 1.2403739151697685e-07
13950.056 1.1816362157883881e-07
14000.056 1.117529339148767e-07
14050.056 1.1166958538335477e-07
14100.056 9.419518187538266e-08
14150.056 1.0412241439702291e-07
14200.056 9.145868578933131e-08
14250.056 9.122367681190816e-08
14300.056 1.0481799002242075e-07
14350.056 9.957583665251381e-08
14400.056 1.1600858209004978e-07
14450.056 1.1877219836747952e-07
14500.056 1.5600073276224133e-07
14550.056 1.6674173222989788e-07
14600.056 1.811723923565619e-07
14650.056 1.8537873347969074e-07
14700.056 1.6339117341893493e-07
14750.056 1.8575868543532897e-07
14800.056 2.1180804479920061e-07
14850.056 2.313158944809807e-07
14900.056 2.3871773061781544e-07
14950.056 2.4268549991522714e-07
15000.056 2.5942695823301306e-07
15050.056 2.9600895810196556e-07
15100.056 3.138186866975478e-07
15150.056 3.4936265456623876e-07
15200.056 3.5344544596935766e-07
15250.056 3.7260473040252646e-07
15300.056 4.1047895719844995e-07
15350.056 4.327577167387468e-07
15400.056 4.7277710608102427e-07
15450.056 5.134968059570724e-07
15500.056 5.307927321588643e-07
15550.056 5.836676709929819e-07
15600.056 5.631625807340536e-07
15650.056 6.186543760320484e-07
15700.056 7.077817964633846e-07
15750.056 7.648047850819679e-07
15800.056 7.508130357083354e-07
15850.056 8.404921554298604e-07
15900.056 8.551320908811955e-07
15950.056 9.420538360208356e-07
16000.056 9.559902912799659e-07
16050.056 9.672098144800185e-07
16100.056 1.016225296460133e-06
16150.056 1.0069064392501301e-06
16200.056 1.02256350903974e-06
16250.056 1.0538187063299363e-06
16300.056 1.0402381451199388e-06
16350.056 1.1015974160590008e-06
16400.056 1.1652573230081635e-06
16450.056 1.195384742717937e-06
16500.056 1.2762813907082807e-06
16550.056 1.286713706026201e-06
16600.056 1.2533973692854226e-06
16650.056 1.283842459680762e-06
16700.056 1.2201871496590285e-06
16750.056 1.3002031459128291e-06
16800.056 1.4501453446789363e-06
16850.056 1.402428967734084e-06
16900.056 1.3917452208299386e-06
16950.056 1.329877411298921e-06
17000.056 1.2618897023341245e-06
17050.056 1.2813931439080754e-06
17100.056 1.1698982660994257e-06
17150.056 1.0662837842728218e-06
17200.056 9.734109935808834e-07
17250.056 8.888904135447317e-07
17300.056 8.579636599657531e-07
17350.056 7.744483925807025e-07
17400.056 8.156697310768126e-07
17450.056 7.118559353230498e-07
17500.056 6.830593561089237e-07
17550.056 6.776241371931907e-07
17600.056 6.387370491188109e-07
17650.056 6.165155026298128e-07
17700.056 4.824358806603922e-07
17750.056 4.316670912417148e-07
17800.056 4.881075597483571e-07
17850.056 3.837449247729381e-07
17900.056 3.899355957819966e-07
17950.056 3.6875837220669266e-07
18000.056 3.410288128557097e-07
18050.056 3.2354205384369636e-07
18100.056 3.0857264316797475e-07
18150.056 3.912854864591654e-07
18200.056 2.6606296669515184e-07
18250.056 3.800834427538199e-07
18300.056 3.447902434542036e-07
18350.056 2.9186328552522155e-07
18400.056 2.987445260607402e-07
18450.056 2.7155065660716446e-07
18500.056 2.8928126688045834e-07
18550.056 2.610058051637889e-07
18600.056 2.1437972268393547e-07
18650.056 2.43134302567004e-07
18700.056 2.624984096383711e-07
18750.056 2.6373443925972264e-07
18800.056 2.991433088415698e-07
18850.056 3.4982140528747674e-07
18900.056 3.371847975862795e-07
18950.056 3.667011190577871e-07
19000.056 3.7446785558496894e-07
19050.056 3.4277297669568747e-07
19100.056 3.9432891447055014e-07
19150.056 3.9504127701952913e-07
19200.056 3.968431026972046e-07
19250.056 3.6966051579914695e-07
19300.056 3.876215697709638e-07
19350.056 3.4674176105086007e-07
19400.056 2.9074207555468284e-07
19450.056 3.8312127653697545e-07
19500.056 3.697039592880269e-07
19550.056 2.8864183626192616e-07
19600.056 3.6696324330568753e-07
19650.056 3.7127196182643955e-07
19700.056 3.7633532297022824e-07
19750.056 3.57055979554635e-07
19800.056 3.7535174019458935e-07
19850.056 4.096552197890957e-07
19900.056 3.410340719400205e-07
19950.056 4.4586266312504707e-07
20000.056 3.88170111465092e-07
20050.056 4.285863336648338e-07
20100.056 4.720971509290402e-07
20150.056 4.705463779678748e-07
20200.056 4.989294775948475e-07
20250.056 5.427845200170042e-07
20300.056 5.47094958632945e-07
20350.056 5.937120353418699e-07
20400.056 5.838298418257329e-07
20450.056 6.651384698298389e-07
20500.056 6.669153377631195e-07
20550.056 6.781821418550815e-07
20600.056 7.681327336512789e-07
20650.056 7.576186226073485e-07
20700.056 7.955228366541287e-07
20750.056 8.471166671428029e-07
20800.056 8.89792774134122e-07
20850.056 8.819769468318787e-07
20900.056 9.398289452357921e-07
20950.056 9.68105170852994e-07
21000.056 1.034041788160037e-06
21050.056 1.0407327264129971e-06
21100.056 1.0617397948899441e-06
21150.056 1.148302937796013e-06
21200.056 1.120387698140085e-06
21250.056 1.2046213605598749e-06
21300.056 1.1380939437898471e-06
21350.056 1.2682767016000098e-06
21400.056 1.183310360040225e-06
21450.056 1.3315741296800107e-06
21500.056 1.2310681824502496e-06
21550.056 1.255092581469944e-06
21600.056 1.2855254524402505e-06
21650.056 1.232608288510198e-06
21700.056 1.348175137029995e-06
21750.056 1.2415106226679862e-06
21800.056 1.2085512132396918e-06
21850.056 1.1779868470601089e-06
21900.056 1.168342883470089e-06
21950.056 1.0310843591501924e-06
22000.056 8.742169056802609e-07
22050.056 7.387162784626403e-07
22100.056 8.71614185253287e-07
22150.056 9.299394882301019e-07
22200.056 9.144489447432584e-07
22250.056 9.361505635474155e-07
22300.056 8.944179346587452e-07
22350.056 8.4151865459917e-07
22400.056 8.171175676439419e-07
22450.056 7.659690692107528e-07
22500.056 7.869783650491832e-07
22550.056 6.989559248435433e-07
22600.056 7.400325612932166e-07
22650.056 7.000455450522288e-07
22700.056 6.6479162438513e-07
22750.056 7.005620851801227e-07
22800.056 6.191849037939281e-07
22850.056 5.976733651922164e-07
22900.056 6.002722647308401e-07
22950.056 3.657357015409477e-07
23000.056 4.329784519440234e-07
23050.056 5.113042039938404e-07
23100.056 5.511878017899788e-07
23150.056 5.749444623920897e-07
23200.056 3.925869407480679e-07
23250.056 3.389035185299762e-07
23300.056 3.236705100981395e-07
23350.056 3.2676729935199344e-07
23400.056 3.2708700498613787e-07
23450.056 3.541021099460231e-07
23500.056 3.702134623120882e-07
23550.056 3.7481441801414857e-07
23600.056 3.7972087324204375e-07
23650.056 4.4080236385293097e-07
23700.056 3.654827432340236e-07
23750.056 3.3693971922010097e-07
23800.056 3.0972967411704734e-07
23850.056 2.995810203530548e-07
23900.056 3.980839951620206e-07
23950.056 4.402291769702233e-07
24000.056 4.300007832937284e-07
24050.056 4.6750854526088493e-07
24100.056 3.997817836738381e-07
24150.056 4.1869017686535004e-07
24200.056 4.3609387619573763e-07
24250.056 3.9491175982110104e-07
24300.056 4.149423464430577e-07
24350.056 3.524111694820326e-07
24400.056 4.2226825721898826e-07
24450.056 3.6391478227177615e-07
24500.056 3.485949475189591e-07
24550.056 3.590618919111406e-07
24600.056 3.85188974179072e-07
24650.056 4.2331973306700554e-07
24700.056 3.309296327958986e-07
24750.056 3.334830098711874e-07
24800.056 3.184814047250957e-07
24850.056 3.9453350276699265e-07
24900.056 2.8013200613023304e-07
24950.056 3.755409198869395e-07
25000.056 3.346855016510325e-07
25050.056 2.554288371050273e-07
25100.056 3.161667827260051e-07
25150.056 2.576889573639699e-07
25200.056 2.85490279771944e-07
25250.056 2.59294964487976e-07
25300.056 3.06058245455022e-07
25350.056 2.3419379054704524e-07
25400.056 2.882264165700845e-07
25450.056 2.362709206039702e-07
25500.056 2.491825939210752e-07
25550.056 2.401108580060101e-07
25600.056 2.3938446593698564e-07
25650.056 2.1214581401797826e-07
25700.056 2.856208188708663e-07
25750.056 1.9398117487506017e-07
25800.056 2.8085282318905394e-07
25850.056 2.187179253189253e-07
25900.056 2.5852738654497975e-07
25950.056 2.1222483257799597e-07
26000.056 2.8645498701908673e-07
26050.056 2.7877573649998894e-07
26100.056 2.939810625139442e-07
26150.056 2.804116165389414e-07
26200.056 2.7512468919996823e-07
26250.056 2.9974250748002913e-07
26300.056 2.87834281367029e-07
26350.056 3.2144568006693996e-07
26400.056 3.360519049008608e-07
26450.056 3.413907051600423e-07
26500.056 3.516461314098311e-07
26550.056 2.931810876628347e-07
26600.056 3.534567480628631e-07
26650.056 2.463606529409473e-07
26700.056 2.4280126474603217e-07
26750.056 2.0599846205387344e-07
26800.056 2.5878157882492486e-07
26850.056 1.9951963576695033e-07
26900.056 2.773919638830401e-07
26950.056 1.9447009419098332e-07
27000.056 2.7240326452802405e-07
27050.056 2.2968182843805361e-07
27100.056 2.3118381883995272e-07
27150.056 2.6929555567303664e-07
27200.056 2.5058216804911604e-07
27250.056 2.526284180831439e-07
27300.056 3.102619474169705e-07
27350.056 2.937075427499339e-07
27400.056 2.2732331838596834e-07
27450.056 3.4918254769082507e-07
27500.056 3.2143845942485274e-07
27550.056 2.721544351450196e-07
27600.056 3.539782949269187e-07
27650.056 2.5511847706392955e-07
27700.056 2.4159406466408914e-07
27750.056 3.3626471599881143e-07
27800.056 2.3465345423690088e-07
27850.056 2.6709179303678827e-07
27900.056 2.8574462747805827e-07
27950.056 3.434697284589997e-07
28000.056 3.173242735101426e-07
28050.056 2.2458222876705964e-07
28100.056 3.6058061327913057e-07
28150.056 2.811760810470472e-07
28200.056 2.351130223970516e-07
28250.056 3.2779962748502894e-07
28300.056 3.9018709618897244e-07
28350.056 2.744003113909197e-07
28400.056 2.997572650029804e-07
28450.056 3.308678465888864e-07
28500.056 3.280617582949323e-07
28550.056 2.2476886927390634e-07
28600.056 3.8552126143593387e-07
28650.056 3.576270754878852e-07
28700.056 3.3064168600295564e-07
28750.056 3.8298970902803596e-07
28800.056 3.491989331920798e-07
