galfind/configs/Brown_Dwarf_templates/sonora_bobcat/m+0.5/56g/sp_t600g56nc_m+0.5_resample.dat
# %ECSV 1.0
# ---
# datatype:
# - {name: wav, unit: Angstrom, datatype: float64}
# - {name: flux_nu, unit: erg / (cm2 Hz s), datatype: float64}
# meta: {C/O: '1.00', Kzz: '1.0000E+05', Teff: '600.', Y: '0.28', '[Fe/H]': '0.50', f_hole: '1.00', f_rain: '0.00', grav: '56.'}
# schema: astropy-2.0
wav flux_nu
[from data line 498]
28900.056 2.410576583985806e-09
28950.056 5.4440915031009215e-09
29000.056 3.974621647217424e-09
29050.056 4.979463382044698e-09
29100.056 3.4314313055018024e-09
29150.056 5.10483376146472e-09
29200.056 4.588977027991996e-09
29250.056 7.670134778742107e-09
29300.056 3.192284923144749e-09
29350.056 1.0821498280435959e-08
29400.056 4.909595546155236e-09
29450.056 5.395089262946809e-09
29500.056 7.121782195619996e-09
29550.056 4.9538568797001746e-09
29600.056 6.795043662273711e-09
29650.056 8.892351273513118e-09
29700.056 4.2717477100567584e-09
29750.056 7.924205276487508e-09
29800.056 7.680330020101127e-09
29850.056 9.159004669536678e-09
29900.056 7.793478027067127e-09
29950.056 7.14459563296275e-09
30000.056 6.930112012583814e-10
30050.056 1.714920828108663e-09
30100.056 3.0053865573138113e-09
30150.056 6.210488245653956e-09
30200.056 4.719034548077119e-09
30250.056 1.0456001981344844e-08
30300.056 1.1170944345285293e-08
30350.056 6.729886122221378e-09
30400.056 1.1420134304474685e-08
30450.056 6.881934844366496e-09
30500.056 6.7942931100554005e-09
30550.056 6.589196769900915e-09
30600.056 9.966416483086688e-09
30650.056 6.700145489392738e-09
30700.056 5.551670017882107e-09
30750.056 8.326904865912934e-09
30800.056 5.474742191164686e-09
30850.056 6.2462991619874654e-09
30900.056 3.6415860950846877e-09
30950.056 4.590116079464637e-09
31000.056 3.87322261546428e-09
31050.056 3.7144757840592218e-09
31100.056 2.686484115597371e-09
31150.056 4.227178577283707e-09
31200.056 4.7856903343485644e-09
31250.056 3.4427904739169245e-09
31300.056 2.5782235030587965e-09
31350.056 3.434389298472185e-09
31400.056 2.5518931623367356e-09
31450.056 2.6206219711421535e-09
31500.056 1.7149418657590445e-09
31550.056 2.1243167130166115e-09
31600.056 1.3308062964395592e-09
31650.056 1.4400472633163985e-09
31700.056 1.5431234162135819e-09
31750.056 9.153272341250393e-10
31800.056 1.5347437610153479e-09
31850.056 6.845314927759304e-10
31900.056 9.96607457397436e-10
31950.056 6.421705445762383e-10
32000.056 7.945394514448927e-10
32050.056 9.596060665492835e-10
32100.056 8.959447271366705e-10
32150.056 1.0295354204304987e-09
32200.056 6.703632626702309e-10
32250.056 1.2716495606010298e-09
32300.056 6.818434229663376e-10
32350.056 1.2021537949049252e-09
32400.056 5.975737481702993e-10
32450.056 1.0755052654005484e-09
32500.056 6.711370512640601e-10
32550.056 8.33779697275194e-10
32600.056 9.546371061664524e-10
32650.056 2.055146629115375e-09
32700.056 1.2133983713937335e-09
32750.056 2.460412462499863e-09
32800.056 1.958214305397841e-09
32850.056 2.896093057493652e-09
32900.056 2.8741551469826565e-09
32950.056 3.3341479276901442e-09
33000.056 2.315211673333994e-09
33050.056 2.6655083860458115e-09
33100.056 8.307360637842263e-10
33150.056 1.6822339787360186e-11
33200.056 5.846336350637576e-11
33250.056 3.415766332011659e-11
33300.056 8.334506247230231e-11
33350.056 2.502489264955648e-10
33400.056 5.749469406211139e-10
33450.056 7.968072298939981e-10
33500.056 1.875648504008805e-09
33550.056 8.88925523842906e-10
33600.056 2.0679948542087523e-09
33650.056 1.88713272658579e-09
33700.056 1.4075854541261548e-09
33750.056 2.6106891162987564e-09
33800.056 1.1697064272988193e-09
33850.056 1.9538852185455683e-09
33900.056 1.674944350983458e-09
33950.056 1.5909335964541099e-09
34000.056 2.5707721471759815e-09
34050.056 7.769064584978304e-10
34100.056 2.3808536018841524e-09
34150.056 1.539611452658173e-09
34200.056 2.1443043623202984e-09
34250.056 1.7881287375724998e-09
34300.056 1.6489710942579445e-09
34350.056 1.6778765718087458e-09
34400.056 1.0741756159165849e-09
34450.056 1.997038173935434e-09
34500.056 1.6482159148587966e-09
34550.056 1.0217624758784389e-09
34600.056 2.6147495862294836e-09
34650.056 1.2325673478165118e-09
34700.056 2.3937134507921957e-09
34750.056 1.871941184823794e-09
34800.056 1.708957706857684e-09
34850.056 2.438753088722969e-09
34900.056 2.0209158398781416e-09
34950.056 2.821020980051512e-09
35000.056 5.055218473097165e-09
35050.056 2.3363656901735995e-09
35100.056 4.128312416342152e-09
35150.056 3.1760390698787716e-09
35200.056 3.8559060091754246e-09
35250.056 5.406142293344422e-09
35300.056 3.496292481924538e-09
35350.056 3.747298253428176e-09
35400.056 4.207631628947032e-09
35450.056 2.8615182165899113e-09
35500.056 7.525214372830072e-09
35550.056 6.189367983540795e-09
35600.056 4.993013902830721e-09
35650.056 5.490649351795479e-09
35700.056 5.37974928904543e-09
35750.056 7.716033951226189e-09
35800.056 9.640275113862623e-09
35850.056 4.591798378314753e-09
35900.056 6.192954787434309e-09
35950.056 6.2512951693383725e-09
36000.056 6.521503144939052e-09
36050.056 5.105757627014159e-09
36100.056 5.391248579053903e-09
36150.056 7.017534699009423e-09
36200.056 7.577801453353568e-09
36250.056 6.694047462830092e-09
36300.056 9.688011051426235e-09
36350.056 7.752151582445531e-09
36400.056 8.650815519837546e-09
36450.056 1.0973100583943598e-08
36500.056 1.2458918372746159e-08
36550.056 1.194594360348665e-08
36600.056 1.4910969089496003e-08
36650.056 1.3212278888286202e-08
36700.056 1.4788829171349289e-08
36750.056 1.6697802535845955e-08
36800.056 1.643147057730013e-08
36850.056 1.3215756542086495e-08
36900.056 1.7822155657889258e-08
36950.056 1.8312790698916252e-08
37000.056 1.5459716929195788e-08
37050.056 1.7287978282151756e-08
37100.056 1.9392972893306507e-08
37150.056 1.457774848301653e-08
37200.056 2.0196992624672114e-08
37250.056 1.8579795476757526e-08
37300.056 1.570139622419482e-08
37350.056 1.9215399155494403e-08
37400.056 2.923533285537697e-08
37450.056 1.8054198631390347e-08
37500.056 1.913734690629184e-08
37550.056 2.5149759460560854e-08
37600.056 2.9803028372777534e-08
37650.056 1.6933524914078413e-08
37700.056 3.112191713686355e-08
37750.056 2.0309150431679798e-08
37800.056 2.161869557907449e-08
37850.056 1.3210255005148934e-08
37900.056 1.7651615179509255e-08
37950.056 2.552931959819341e-08
38000.056 2.9132588300451663e-08
38050.056 2.9312109327744807e-08
38100.056 3.0636745569310755e-08
38150.056 3.6169256146099366e-08
38200.056 3.7743402180513466e-08
38250.056 3.4872946029137225e-08
38300.056 5.0028315936188374e-08
38350.056 4.8984248081814095e-08
38400.056 2.5878483505542843e-08
38450.056 2.447558610685297e-08
38500.056 1.5815607690104412e-08
38550.056 2.9435298040171696e-08
38600.056 3.03563183796031e-08
38650.056 2.8561241258832815e-08
38700.056 2.7740329167175417e-08
38750.056 3.2569173286803064e-08
38800.056 2.9796289401665737e-08
38850.056 3.2170477246525696e-08
38900.056 4.3736634032139314e-08
38950.056 3.226869763589057e-08
39000.056 4.0289916446685206e-08
39050.056 3.218490462220589e-08
39100.056 3.9618935422445746e-08
39150.056 4.059063103196667e-08
39200.056 4.037325954763137e-08
39250.056 5.031114418463377e-08
39300.056 3.621014218559668e-08
39350.056 5.9164483805302736e-08
39400.056 4.094559162089327e-08
39450.056 4.931117027659377e-08
39500.056 5.1599437199612997e-08
39550.056 4.6095401419497027e-08
39600.056 5.345648774779892e-08
39650.056 5.587721345288372e-08
39700.056 5.658534304799387e-08
39750.056 4.277562845511548e-08
39800.056 4.94274175315757e-08
39850.056 7.014041169950329e-08
39900.056 7.043733044380724e-08
39950.056 5.1828997539722614e-08
40000.056 8.0621760632645e-08
40050.056 6.662832201979382e-08
40100.056 4.731898925068441e-08
40150.056 6.956008776599006e-08
40200.056 7.412589649612699e-08
40250.056 7.635212544661871e-08
40300.056 7.336614911395978e-08
40350.056 7.137977827281593e-08
40400.056 8.79065060883175e-08
40450.056 6.699981489064648e-08
40500.056 9.077036673007555e-08
40550.056 8.909897506168431e-08
40600.056 8.412139258761342e-08
40650.056 6.549318723314956e-08
40700.056 1.0372487779498894e-07
40750.056 8.23127876394933e-08
40800.056 6.433327883291398e-08
40850.056 1.1802028842404308e-07
40900.056 1.0538002259855416e-07
40950.056 9.63634307254844e-08
41000.056 9.470474719959639e-08
41050.056 1.2567442181996006e-07
41100.056 1.0603856521471167e-07
41150.056 6.867567843832216e-08
41200.056 1.2852756652838284e-07
41250.056 9.687415562979773e-08
41300.056 9.472141474451124e-08
41350.056 1.3683273237901045e-07
41400.056 1.205677733836198e-07
41450.056 1.3771899484278632e-07
41500.056 1.0548824136357825e-07
41550.056 1.0392230555316595e-07
41600.056 1.211801901843898e-07
41650.056 1.339680047284888e-07
41700.056 1.237385785129344e-07
41750.056 1.2522055042698252e-07
41800.056 1.4574934918461704e-07
41850.056 1.1413306589140096e-07
41900.056 1.1892780945022841e-07
41950.056 1.1353036035252816e-07
42000.056 1.088233300324123e-07
42050.056 1.0701312736445715e-07
42100.056 1.406802329247382e-07
42150.056 1.1688860189609985e-07
42200.056 1.0841817631330727e-07
42250.056 1.066643539197803e-07
42300.056 1.0940735321319032e-07
42350.056 1.376237933660205e-07
42400.056 1.374485144430429e-07
42450.056 1.2581591505004827e-07
42500.056 1.1672839038388221e-07
42550.056 1.1255762046497349e-07
42600.056 1.2123860042674629e-07
42650.056 1.5810259642993377e-07
42700.056 1.241093772047934e-07
42750.056 1.2618311942649596e-07
42800.056 1.473332074648323e-07
42850.056 1.5983408390294523e-07
42900.056 1.6897454245206e-07
42950.056 1.4174508886296779e-07
43000.056 1.539347450786347e-07
43050.056 1.0449825642263348e-07
43100.056 1.3499866045195845e-07
43150.056 1.2696819601751693e-07
43200.056 1.6664855085399872e-07
43250.056 1.960609639760108e-07
43300.056 1.9209319369099512e-07
43350.056 1.280309698969753e-07
43400.056 1.552948177198848e-07
43450.056 1.3010870496062428e-07
43500.056 1.1976561289481004e-07
43550.056 1.2839286390184483e-07
43600.056 1.8743811708902638e-07
43650.056 1.4164946377650516e-07
43700.056 1.8416518780304218e-07
43750.056 1.733851098070248e-07
43800.056 1.630344922987753e-07
43850.056 1.4169295586500775e-07
43900.056 1.474572941000896e-07
43950.056 1.0214796209099963e-07
44000.056 1.0163665285809118e-07
44050.056 1.8926076960401178e-07
44100.056 2.2804418292300915e-07
44150.056 2.0483353654537495e-07
44200.056 1.8447248069099186e-07
44250.056 1.3227369503071412e-07
44300.056 1.118911103898226e-07
44350.056 1.2965476687861727e-07
44400.056 1.2643510367039313e-07
44450.056 1.7234270067095628e-07
44500.056 1.7325932153004604e-07
44550.056 2.229910511659713e-07
44600.056 1.8385199448901637e-07
44650.056 1.826302196346436e-07
44700.056 1.2911018496100541e-07
44750.056 1.8257361739004045e-07
44800.056 1.45891586464019e-07
44850.056 1.7756781627002686e-07
44900.056 1.5569833033920856e-07
44950.056 1.818782637090064e-07
45000.056 1.921693781949944e-07
45050.056 1.8337814103549256e-07
45100.056 1.716609434773957e-07
45150.056 1.7729982044160996e-07
45200.056 1.4389448453541248e-07
45250.056 1.5841922320293747e-07
45300.056 1.3513066288003357e-07
45350.056 1.3970577433142638e-07
45400.056 2.3800545856101998e-07
45450.056 1.9856579596500031e-07
45500.056 2.133374695466145e-07
45550.056 2.3266659944291912e-07
45600.056 2.2736763872004432e-07
45650.056 1.7937066694719169e-07
45700.056 1.4481242494520395e-07
45750.056 1.410605980879997e-07
45800.056 2.4199639723599204e-07
45850.056 2.294466050829918e-07
45900.056 2.474858591459931e-07
45950.056 2.0748906706898908e-07
46000.056 2.335359846580085e-07
46050.056 1.924291247374212e-07
46100.056 2.4916416158997485e-07
46150.056 1.835789762850045e-07
46200.056 1.6710588594999202e-07
46250.056 9.783366949868748e-08
46300.056 1.9503373766820695e-07
46350.056 1.9068157899702696e-07
46400.056 1.724035782300071e-07
46450.056 1.6254567413443526e-07
46500.056 1.8693748519764973e-07
46550.056 1.263449498206956e-07
46600.056 1.6952576668318626e-07
46650.056 2.4035446841899344e-07
46700.056 1.684597460719727e-07
46750.056 1.1705512794880385e-07
46800.056 8.52187774977519e-08
46850.056 2.4728259664105314e-07
46900.056 2.1396184773598653e-07
46950.056 2.103411623419951e-07
47000.056 2.0358241299903866e-07
47050.056 1.7331567493361353e-07
47100.056 1.233357746431905e-07
47150.056 1.6140840440462075e-07
47200.056 1.9334574640500088e-07
47250.056 1.4010851405199047e-07
47300.056 1.0068519803280313e-07
47350.056 2.2951987534797713e-07
47400.056 1.9591799005798315e-07
47450.056 1.9742714323588078e-07
47500.056 2.3041960393597017e-07
47550.056 2.017569341810104e-07
47600.056 1.9418373700099978e-07
47650.056 1.8178844021053864e-07
47700.056 1.7145026015956696e-07
47750.056 1.2826583793250552e-07
47800.056 1.2533374293900947e-07
47850.056 8.46043165748116e-08
47900.056 1.1473087496677632e-07
47950.056 1.6848975383402639e-07
48000.056 2.3858294525004937e-07
48050.056 2.1506824037600433e-07
48100.056 1.126039930964147e-07
48150.056 1.739305489360085e-07
48200.056 1.391591198842028e-07
48250.056 1.500595696820121e-07
48300.056 2.105125132509395e-07
48350.056 1.3489482793401275e-07
48400.056 6.671985896098239e-08
48450.056 1.272185387081436e-07
48500.056 1.73349181706965e-07
48550.056 1.5633683834520666e-07
48600.056 1.7217196409000108e-07
48650.056 1.926752446879743e-07
48700.056 1.5171435767959711e-07
48750.056 1.0468829075106551e-07
48800.056 2.1200495709198894e-07
48850.056 1.2549224796467962e-07
48900.056 1.8782841070031163e-07
48950.056 1.1977868882001676e-07
49000.056 6.317364157294698e-08
49050.056 1.49646306970986e-07
49100.056 1.8244853615034028e-07
49150.056 1.398955503474393e-07
49200.056 2.0872683651604238e-07
49250.056 1.9549587865803298e-07
49300.056 1.710004669082023e-07
49350.056 8.645887962091678e-08
49400.056 1.1854328727797619e-07
49450.056 1.2849153422379244e-07
49500.056 1.0091612915408929e-07
49550.056 4.0160468657505766e-08
49600.056 8.393546577468583e-08
49650.056 1.2948713340399592e-07
49700.056 1.2586351772595355e-07
49750.056 1.4105655571397775e-07
49800.056 1.0965751901457224e-07
49850.056 1.824922196092555e-07
49900.056 1.4272268965497612e-07
49950.056 1.4446278746500945e-07
50000.056 1.236070450649711e-07
50050.056 1.4987478828200647e-07
50100.056 1.176382366683071e-07
50150.056 7.258108031898577e-08
50200.056 2.4485578804466696e-08
50250.056 9.606021588598539e-08
50300.056 6.7859648111411e-08
50350.056 1.4813340055601936e-07
50400.056 1.3249687546738886e-07
50450.056 1.0369496999961036e-07
50500.056 1.3724704352102067e-07
50550.056 1.2547556475601405e-07
50600.056 1.0147869208896887e-07
50650.056 1.5091685348403282e-07
50700.056 1.550992778509345e-07
50750.056 1.1210139214801568e-07
50800.056 5.6501773197514844e-08
50850.056 4.3703804277419585e-08
50900.056 1.4028263725300032e-07
50950.056 1.0465437669801245e-07
51000.056 1.047144573549268e-07
51050.056 1.1753617822199341e-07
51100.056 5.6655907363660144e-08
51150.056 7.7706384565574e-08
51200.056 1.6382731616498975e-07
51250.056 1.0133618557767636e-07
51300.056 8.267183025494285e-08
51350.056 8.349015066139323e-08
51400.056 4.0570529610301114e-08
51450.056 3.317929927984936e-08
51500.056 3.475439534521532e-08
51550.056 1.0088867161972642e-07
51600.056 7.093602611482127e-08
51650.056 7.849188509197798e-08
51700.056 8.729837253681967e-08
51750.056 6.064862734831309e-08
51800.056 9.417397798498677e-08
51850.056 8.504212349099376e-08
51900.056 1.2015383337199613e-07
51950.056 8.32711005099922e-08
52000.056 1.91286127497938e-08
52050.056 5.4060781739309014e-08
52100.056 3.825376957599659e-08
52150.056 2.8857130082564576e-08
52200.056 4.393689573620044e-08
52250.056 6.074659400792114e-08
52300.056 8.805409608939555e-08
52350.056 4.9223504998753415e-08
52400.056 3.989536060570445e-08
52450.056 9.671822245170532e-08
52500.056 8.099069655327762e-08
52550.056 8.311020400358608e-08
52600.056 6.665742656080393e-08
52650.056 7.429324221500859e-08
52700.056 6.149920513859767e-08
52750.056 3.4927623421417e-08
52800.056 4.9845438960108896e-08
52850.056 5.4525235841380854e-08
52900.056 3.781486870319441e-08
52950.056 4.805111884556274e-08
53000.056 7.050261475601835e-08
53050.056 3.198209785712211e-08
53100.056 6.206199348657668e-08
53150.056 7.67910153856076e-08
53200.056 3.693666026411957e-08
53250.056 7.523401184590557e-08
53300.056 8.83093800113071e-08
53350.056 7.442815545219992e-08
53400.056 5.577531089898726e-08
53450.056 2.661646182189283e-08
53500.056 9.775564408831863e-09
