galfind/configs/Brown_Dwarf_templates/sonora_bobcat/m+0.5/56g/sp_t275g56nc_m+0.5_resample.dat
# %ECSV 1.0
# ---
# datatype:
# - {name: wav, unit: Angstrom, datatype: float64}
# - {name: flux_nu, unit: erg / (cm2 Hz s), datatype: float64}
# meta: {C/O: '1.00', Kzz: '1.0000E+05', Teff: '275.', Y: '0.28', '[Fe/H]': '0.50', f_hole: '1.00', f_rain: '0.00', grav: '56.'}
# schema: astropy-2.0
wav flux_nu
4000.0559999999996 nan
4050.0559999999996 3.654353504404086e-19
4100.056 8.58651491830013e-18
4150.056 4.0137791722000255e-17
4200.056 4.4608257852130164e-17
4250.056 2.3114315610000147e-16
4300.056 4.75497890510001e-16
4350.056 8.39414863800003e-16
4400.056 1.3702876932999973e-15
4450.056 2.0692367130099894e-15
4500.056 3.314780997100011e-15
4550.056 4.072540685899997e-15
4600.056 2.471188973099997e-15
4650.056 2.2402441101999963e-15
4700.056 1.851578807100003e-15
4750.056 1.4466313472000036e-15
4800.056 1.1583716392499972e-15
4850.056 7.488781018299976e-16
4900.056 5.258177787200002e-16
4950.056 4.0933921337000033e-16
5000.056 2.7540343572999913e-16
5050.056 1.863662209620004e-16
5100.056 2.1958370011500666e-16
5150.056 2.840726177300013e-16
5200.056 3.4736759353000247e-16
5250.056 3.9925336828000063e-16
5300.056 4.58134978840001e-16
5350.056 5.273170727700009e-16
5400.056 5.747555477500024e-16
5450.056 6.580887217800145e-16
5500.056 7.760016849500065e-16
5550.056 9.113255610500009e-16
5600.056 1.0305641161500016e-15
5650.056 1.1196229852199964e-15
5700.056 1.0643541191300023e-15
5750.056 1.0866702434700028e-15
5800.056 1.009458914869995e-15
5850.056 6.774444618199862e-16
5900.056 1.3974460102187167e-16
5950.056 1.0698099702370767e-15
6000.056 2.434581583801905e-15
6050.056 5.142166481200094e-15
6100.056 9.321329164800151e-15
6150.056 1.470830391600011e-14
6200.056 2.149097544200013e-14
6250.056 2.757226670249986e-14
6300.056 3.8249282488599774e-14
6350.056 5.112302378499976e-14
6400.056 6.57755555350001e-14
6450.056 6.031069158491781e-14
6500.056 7.477296078974987e-14
6550.056 1.0535620394843222e-13
6600.056 1.5557204614428537e-13
6650.056 2.4136618652600455e-13
6700.056 3.494639131000017e-13
6750.056 5.025608718700043e-13
6800.056 5.747914434300096e-13
6850.056 5.603686252100003e-13
6900.056 3.642213355595061e-13
6950.056 1.7753226916775403e-13
7000.056 2.1812289638100524e-13
7050.056 2.0344824802940787e-13
7100.056 2.2691594272161095e-13
7150.056 1.2716618510985591e-13
7200.056 5.1466058644245104e-14
7250.056 7.372148643377719e-14
7300.056 8.13762375913084e-14
7350.056 1.3827724690563587e-13
7400.056 2.1760956712753225e-13
7450.056 4.196548960330448e-13
7500.056 6.636460250069961e-13
7550.056 9.281988459200047e-13
7600.056 1.1263132049400005e-12
7650.056 7.237773620609918e-13
7700.056 7.804592638880095e-13
7750.056 1.5933636999000157e-12
7800.056 1.732271931749968e-12
7850.056 1.5944034362949692e-12
7900.056 1.7383206896952875e-12
7950.056 2.031776903599946e-12
8000.056 1.8330762208639923e-12
8050.056 1.9337512581420044e-12
8100.056 7.587014877143785e-13
8150.056 3.3723230245256414e-13
8200.056 9.467708531069438e-13
8250.056 1.0554926573701626e-12
8300.056 9.735237691012509e-13
8350.056 8.343232370023353e-13
8400.056 9.743564913868055e-13
8450.056 1.7586678800787896e-12
8500.056 2.257560692265036e-12
8550.056 3.1336297115300658e-12
8600.056 3.986903958799992e-12
8650.056 4.186964293600062e-12
8700.056 2.8513979066000763e-12
8750.056 2.341620101900009e-12
8800.056 1.4195038026038421e-12
8850.056 5.846289368353251e-13
8900.056 4.630311863962884e-15
8950.056 1.8494297820314145e-15
9000.056 1.4717743029117569e-15
9050.056 1.307057160221939e-14
9100.056 2.5757640510525305e-14
9150.056 7.758187433837306e-14
9200.056 4.728165974203879e-13
9250.056 3.7884671190265803e-13
9300.056 1.0994264086268131e-15
9350.056 9.498522908765176e-16
9400.056 1.53330918293599e-14
9450.056 1.1168110477865832e-14
9500.056 1.0379511367720593e-14
9550.056 1.0329080433715614e-14
9600.056 1.5122489771294336e-14
9650.056 5.0009606253220786e-14
9700.056 2.6191594557334093e-13
9750.056 1.1914007045600051e-13
9800.056 8.538195724775577e-14
9850.056 7.126652500344563e-14
9900.056 9.761930483729644e-14
9950.056 6.442222873578732e-14
10000.056 7.873061588598769e-14
10050.056 5.959448810534863e-14
10100.056 5.4297609918476635e-14
10150.056 2.3168561026353442e-14
10200.056 3.9212422416847704e-15
10250.056 5.095162452440664e-15
10300.056 1.7754167386455666e-14
10350.056 5.9841664571994785e-15
10400.056 6.139717159514324e-14
10450.056 2.173988703510745e-13
10500.056 8.13236555853121e-13
10550.056 3.205696662522237e-12
10600.056 6.873410020600565e-12
10650.056 9.633976856080304e-12
10700.056 8.148077239040404e-12
10750.056 1.0920982338237292e-11
10800.056 1.0934779526934895e-11
10850.056 8.25180468196087e-12
10900.056 4.063884510831074e-12
10950.056 1.4998335649086632e-12
11000.056 5.652970582783718e-13
11050.056 2.428423058219299e-13
11100.056 5.139338759385675e-14
11150.056 7.25725253591057e-15
11200.056 1.0186206725546723e-15
11250.056 5.121728455485941e-16
11300.056 5.903609200956399e-15
11350.056 2.7904146266073226e-16
11400.056 6.533377326283023e-15
11450.056 2.9922692608366017e-15
11500.056 2.3695054034462195e-15
11550.056 1.8356669329085958e-16
11600.056 2.1422605503912588e-17
11650.056 5.771062056023495e-16
11700.056 7.338095325427494e-16
11750.056 7.866887431533819e-17
11800.056 8.358299868926106e-16
11850.056 6.008631766900597e-16
11900.056 4.831507609870392e-16
11950.056 1.1891569650866632e-15
12000.056 2.2912330078727875e-15
12050.056 4.5169479477099925e-15
12100.056 7.604592599622179e-15
12150.056 1.0371447721298194e-14
12200.056 1.0143778361595677e-14
12250.056 4.9685287967257385e-14
12300.056 1.6318367531059296e-13
12350.056 2.281430028357074e-13
12400.056 7.17551753135495e-13
12450.056 2.14124739784077e-12
12500.056 2.729026735052701e-12
12550.056 3.606576319643405e-12
12600.056 1.0633848305243861e-11
12650.056 2.7364444231483466e-11
12700.056 2.893356148119066e-11
12750.056 8.654340506408644e-12
12800.056 1.9542220075836032e-12
12850.056 5.47391483139621e-13
12900.056 3.024891266530613e-13
12950.056 2.0318189701803448e-13
13000.056 1.9189795130125055e-13
13050.056 9.617658206120508e-14
13100.056 6.240593752448122e-14
13150.056 2.523888802222462e-14
13200.056 3.404570213816635e-14
13250.056 4.294374695620189e-14
13300.056 1.7683708963268394e-14
13350.056 5.760680879323425e-15
13400.056 3.2866115333332873e-15
13450.056 5.10168452649753e-16
13500.056 6.640181616180832e-17
13550.056 8.026317724733493e-18
13600.056 2.909748408273775e-19
13650.056 6.18720030235296e-18
13700.056 1.574807212542355e-18
13750.056 1.3347567750370669e-17
13800.056 6.669604807684357e-18
13850.056 2.9592911239725996e-18
13900.056 1.4360718404516198e-17
13950.056 6.449307895755177e-18
14000.056 1.4710771717565882e-17
14050.056 1.9912891564146812e-17
14100.056 3.318479843591253e-17
14150.056 2.4340148684064437e-16
14200.056 1.1984049696738214e-16
14250.056 2.945429772817565e-16
14300.056 9.690203020999683e-16
14350.056 9.746978487009447e-16
14400.056 9.929594210451768e-16
14450.056 2.5171103235224193e-15
14500.056 7.818363433976625e-15
14550.056 1.1767701858303486e-14
14600.056 9.596678155859682e-15
14650.056 2.4778175214090974e-15
14700.056 9.171839302808526e-16
14750.056 1.0435635920094308e-16
14800.056 2.926049794672256e-16
14850.056 3.2880957499235755e-16
14900.056 2.6854207417767344e-16
14950.056 1.2048278464972673e-16
15000.056 5.574792033734396e-16
15050.056 8.677543091622028e-16
15100.056 2.005820315641519e-16
15150.056 4.570382669993759e-17
15200.056 5.6565785618011195e-16
15250.056 1.5044269372232e-15
15300.056 2.1432463595463254e-15
15350.056 5.501010095751338e-15
15400.056 5.3121434548530215e-15
15450.056 8.226877831203122e-15
15500.056 1.1609339377857e-14
15550.056 5.528362377018736e-14
15600.056 1.0038244499464556e-13
15650.056 3.050223597678265e-13
15700.056 8.123029026074361e-13
15750.056 1.5792892825006339e-12
15800.056 2.026654090772865e-12
15850.056 3.2002650998492646e-12
15900.056 4.826543269683138e-12
15950.056 7.3192349348105e-12
16000.056 7.1411030579235914e-12
16050.056 4.152258278140167e-12
16100.056 2.0054360968759224e-12
16150.056 7.01537284376919e-13
16200.056 2.386617881473429e-13
16250.056 9.582497867667849e-14
16300.056 2.9339219949699666e-14
16350.056 4.163756862768473e-14
16400.056 5.969993029527007e-14
16450.056 3.8896977853049594e-14
16500.056 3.0802359626768515e-14
16550.056 2.1720530468397617e-14
16600.056 9.846010486175616e-14
16650.056 4.7705639113561174e-14
16700.056 4.37418320570768e-15
16750.056 1.7639006024904276e-14
16800.056 4.2956374160659125e-14
16850.056 4.1761662796087686e-14
16900.056 9.032767319497298e-15
16950.056 3.163581995485215e-15
17000.056 1.0086894257182959e-15
17050.056 2.256757324526533e-15
17100.056 9.61694000137825e-15
17150.056 3.465994417835073e-15
17200.056 3.867983587299272e-14
17250.056 5.961506921237904e-15
17300.056 4.648477749033921e-15
17350.056 6.6049086968885446e-15
17400.056 2.4546317893172283e-14
17450.056 3.270116587127779e-14
17500.056 6.976423822266253e-14
17550.056 6.548778684448206e-14
17600.056 4.8147584851927275e-14
17650.056 2.80063519727314e-14
17700.056 2.2051711063367107e-14
17750.056 2.3508812365779067e-14
17800.056 1.7948993190578985e-13
17850.056 2.274932421845789e-14
17900.056 2.0064230701206484e-14
17950.056 1.5182559728594325e-14
18000.056 2.5769012871001058e-14
18050.056 2.109493347142808e-14
18100.056 3.0104946173237154e-14
18150.056 1.0324423263058019e-14
18200.056 8.354540422930118e-15
18250.056 6.223595594529506e-14
18300.056 2.472434767593744e-15
18350.056 2.0179792006428643e-15
18400.056 5.560578325898899e-16
18450.056 1.6528165099491086e-14
18500.056 1.2982219754133072e-14
18550.056 4.9032105772547e-15
18600.056 1.7830294124670276e-14
18650.056 1.3602406841902539e-14
18700.056 3.420435058314163e-16
18750.056 8.147225341485392e-16
18800.056 4.822644971366254e-14
18850.056 3.6947887646777317e-14
18900.056 5.907543049974034e-14
18950.056 7.428243656273465e-14
19000.056 4.489029192077297e-15
19050.056 1.7429577095762066e-15
19100.056 8.981598822056866e-15
19150.056 2.964994385998314e-15
19200.056 8.581376590435386e-15
19250.056 5.866921574833346e-15
19300.056 2.5801843304253006e-15
19350.056 2.5495901238050016e-15
19400.056 1.779194272007608e-15
19450.056 3.5138920800861614e-15
19500.056 1.0573200706332326e-15
19550.056 6.513811120826284e-15
19600.056 2.7260172352562117e-14
19650.056 1.4177360757306967e-14
19700.056 2.109996937133112e-14
19750.056 5.811168435250924e-14
19800.056 1.9846211679017646e-14
19850.056 2.5693986362783547e-14
19900.056 5.6838365271032884e-14
19950.056 8.933043770297182e-14
20000.056 1.3372004392152263e-13
20050.056 7.99258562643397e-14
20100.056 1.3726267093741124e-13
20150.056 7.932128723190506e-14
20200.056 3.6202771997113065e-14
20250.056 1.6756329050456363e-13
20300.056 2.6543218913409607e-13
20350.056 4.1620839852111566e-13
20400.056 2.3368954666562993e-13
20450.056 5.831888801141529e-13
20500.056 7.940502623060692e-13
20550.056 1.045328046056974e-12
20600.056 1.1941613208302997e-12
20650.056 1.7893512577998244e-12
20700.056 2.105143053397701e-12
20750.056 2.9419813050935907e-12
20800.056 2.5712421968131226e-12
20850.056 3.681147410210617e-12
20900.056 4.39505055034936e-12
20950.056 4.074970158357113e-12
21000.056 4.11324814502132e-12
21050.056 4.837141324899369e-12
21100.056 4.485428910578372e-12
21150.056 4.534536661590211e-12
21200.056 3.960345870182418e-12
21250.056 3.738839574496782e-12
21300.056 2.9266778727847633e-12
21350.056 2.884007056459379e-12
21400.056 2.8282036172194924e-12
21450.056 1.7801246674801943e-12
21500.056 1.3756394305256918e-12
21550.056 1.5218714885320097e-12
21600.056 1.0948853722378759e-12
21650.056 5.819929553311268e-13
21700.056 2.8430609820668697e-13
21750.056 4.844355951121641e-13
21800.056 2.5920168708633953e-13
21850.056 2.8245855017001143e-13
21900.056 1.6870512480476915e-13
21950.056 2.5966507898846167e-14
22000.056 7.936666094973863e-16
22050.056 3.6341577868102586e-15
22100.056 2.1691030081781277e-14
22150.056 1.1040955053602355e-14
22200.056 9.034887979122811e-15
22250.056 6.306390731665506e-15
22300.056 1.4710727536792733e-15
22350.056 3.708949893877648e-15
22400.056 6.924141180342221e-16
22450.056 1.624854019377988e-15
22500.056 1.2505877572853187e-15
22550.056 2.2725128209506494e-16
22600.056 1.5858008257585316e-16
22650.056 3.685027007371546e-16
22700.056 3.913318570786662e-16
22750.056 1.106015212038649e-15
22800.056 1.3148404202955404e-15
22850.056 7.782851270773462e-16
22900.056 4.9803962747919485e-16
22950.056 1.596460735526061e-16
23000.056 4.518092649050471e-16
23050.056 2.4187383613627936e-16
23100.056 9.841658309516957e-15
23150.056 1.642179148368622e-14
23200.056 7.570129925088948e-17
23250.056 1.0019153059626187e-15
23300.056 6.135394730472533e-16
23350.056 1.8593090945598527e-15
23400.056 1.3431319482390913e-15
23450.056 2.6708239585549836e-16
23500.056 2.975117864838583e-16
23550.056 1.2002068432843043e-15
23600.056 6.512851339173891e-15
23650.056 9.975166162298641e-15
23700.056 4.601838106797702e-16
23750.056 6.713788585957485e-16
23800.056 1.012356265238203e-14
23850.056 4.0329016427473085e-15
23900.056 1.522416339177194e-14
23950.056 3.0208188784642817e-15
24000.056 2.1710368424689093e-14
24050.056 2.8169669666220216e-14
24100.056 7.855943306554324e-14
24150.056 9.93843685100995e-14
24200.056 3.5246610722189934e-14
24250.056 2.8262751219846763e-14
24300.056 6.346183923237118e-14
24350.056 5.991325457207378e-14
24400.056 2.8801970439213796e-13
24450.056 3.626866449313428e-13
24500.056 3.0728314200439993e-13
24550.056 6.057674417062831e-13
24600.056 6.747774629784009e-13
24650.056 1.567034408062898e-12
24700.056 7.861809447742121e-13
24750.056 1.2229413160435765e-12
24800.056 8.220733908580582e-13
24850.056 1.6125540507712015e-12
24900.056 7.686748696894028e-13
24950.056 1.239065713355859e-12
25000.056 1.7913589075533817e-12
25050.056 1.1535595230524407e-12
25100.056 1.7296942475768611e-12
25150.056 5.670746319094204e-13
25200.056 9.066170693610096e-13
25250.056 3.047247580332537e-13
25300.056 2.472446567600679e-13
25350.056 1.321842393028624e-13
25400.056 3.341133390830443e-13
25450.056 5.834046148465627e-14
25500.056 4.3419974535016735e-14
25550.056 1.3326014471707568e-13
25600.056 3.6359465190598814e-14
25650.056 1.4755257774741043e-14
25700.056 9.614775264475533e-15
25750.056 3.609299360201746e-15
25800.056 1.7776248048264092e-14
25850.056 2.9772478579575097e-15
25900.056 3.0122293678926494e-15
25950.056 1.6458413455344873e-15
26000.056 1.0606979609164028e-14
26050.056 1.985138342647281e-15
26100.056 5.718041448641006e-15
26150.056 2.8084603203864375e-15
26200.056 3.6874054531140944e-15
26250.056 1.8948116707066492e-14
26300.056 4.756263055949454e-15
26350.056 5.701950264535954e-14
26400.056 1.6392619020338072e-13
26450.056 7.821694485490304e-14
26500.056 2.8700529925477456e-13
26550.056 1.4973366454763435e-14
26600.056 1.4298372329069407e-14
26650.056 3.497360620807298e-15
26700.056 3.83383500686066e-15
26750.056 5.662828548253445e-15
26800.056 1.76819704774722e-14
26850.056 1.191838126188438e-14
26900.056 4.4826888716541585e-14
26950.056 1.1254983830318668e-14
27000.056 5.1860506155044177e-14
27050.056 1.07903809665239e-13
27100.056 7.588993562032029e-15
27150.056 7.599590585695365e-14
27200.056 9.544492320136008e-15
27250.056 2.7277264837158888e-14
27300.056 2.956948586927443e-13
27350.056 7.769557447127809e-14
27400.056 8.496152008899789e-15
27450.056 1.3378415422949202e-13
27500.056 1.6287008162841015e-13
27550.056 3.0990763130697955e-14
27600.056 8.938628586833074e-14
27650.056 2.753504235258608e-14
27700.056 3.378637848656316e-14
27750.056 1.7686277778196963e-13
27800.056 5.594848580882812e-14
27850.056 1.2150385571395502e-13
27900.056 1.4132388702130488e-13
27950.056 2.891434085048972e-13
28000.056 4.650798662643844e-13
28050.056 3.2604472895773404e-14
28100.056 4.1538386903306667e-13
28150.056 3.238528848850284e-13
28200.056 5.199542907837399e-14
28250.056 5.62481913313492e-13
28300.056 4.68885210464239e-13
28350.056 5.92082883270007e-14
28400.056 2.5631018286473537e-13
28450.056 5.419129335034203e-13
28500.056 2.1131091648504442e-13
28550.056 6.041650489433553e-14
28600.056 5.392826788198107e-13
28650.056 1.8981051788657126e-13
28700.056 6.236348469709428e-13
28750.056 7.852362077724116e-13
28800.056 1.4516230690944688e-13
