galfind/configs/Brown_Dwarf_templates/sonora_bobcat/m+0.5/56g/sp_t300g56nc_m+0.5_resample.dat
# %ECSV 1.0
# ---
# datatype:
# - {name: wav, unit: Angstrom, datatype: float64}
# - {name: flux_nu, unit: erg / (cm2 Hz s), datatype: float64}
# meta: {C/O: '1.00', Kzz: '1.0000E+05', Teff: '300.', Y: '0.28', '[Fe/H]': '0.50', f_hole: '1.00', f_rain: '0.00', grav: '56.'}
# schema: astropy-2.0
wav flux_nu
4000.0559999999996 nan
4050.0559999999996 7.542302507677186e-19
4100.056 2.2151086622900345e-17
4150.056 1.1656437071500079e-16
4200.056 1.2543678431290049e-16
4250.056 7.16975122540005e-16
4300.056 1.507755365100005e-15
4350.056 2.6927795001000095e-15
4400.056 4.482273075399996e-15
4450.056 6.934492232599972e-15
4500.056 1.0988229609300035e-14
4550.056 1.2591204870999975e-14
4600.056 5.484853092599988e-15
4650.056 4.530502428299991e-15
4700.056 3.474615776200001e-15
4750.056 2.494719724300001e-15
4800.056 1.8377338540999938e-15
4850.056 1.132807098739996e-15
4900.056 7.7227465958e-16
4950.056 5.831480194499999e-16
5000.056 3.964258173199984e-16
5050.056 2.7919964065000097e-16
5100.056 3.2209930649200924e-16
5150.056 4.0056974160000315e-16
5200.056 4.786032434800032e-16
5250.056 5.488252893400008e-16
5300.056 6.29517357210001e-16
5350.056 7.244967975400014e-16
5400.056 8.010475719900027e-16
5450.056 9.152800943200186e-16
5500.056 1.0638599948400108e-15
5550.056 1.2276661370000016e-15
5600.056 1.3738070175000017e-15
5650.056 1.4889894067999949e-15
5700.056 1.459273787270003e-15
5750.056 1.4938015127400031e-15
5800.056 1.3920805226899944e-15
5850.056 9.490868703499817e-16
5900.056 2.275736679894325e-16
5950.056 1.6097908265821173e-15
6000.056 3.5331067580798535e-15
6050.056 6.953189506500162e-15
6100.056 1.2140847211900195e-14
6150.056 1.8968020434000154e-14
6200.056 2.7682589136000178e-14
6250.056 3.618359066299987e-14
6300.056 5.004015103199974e-14
6350.056 6.689553816199989e-14
6400.056 8.669651579100031e-14
6450.056 8.592468106829694e-14
6500.056 1.0920230687215175e-13
6550.056 1.5235891625489008e-13
6600.056 2.1875908161571912e-13
6650.056 3.252985008650056e-13
6700.056 4.5365721866000187e-13
6750.056 6.386554728800052e-13
6800.056 7.351571137200133e-13
6850.056 7.280458322100008e-13
6900.056 5.024126612433118e-13
6950.056 2.862619402862227e-13
7000.056 3.412007935658936e-13
7050.056 3.278745447341395e-13
7100.056 3.624124090535847e-13
7150.056 2.2386753198526052e-13
7200.056 1.1890063183055744e-13
7250.056 1.6196842809497022e-13
7300.056 1.7186014463611977e-13
7350.056 2.630022701276052e-13
7400.056 3.7408137764755856e-13
7450.056 6.219701062920672e-13
7500.056 8.959114718899909e-13
7550.056 1.1754738238700035e-12
7600.056 1.3680546608699999e-12
7650.056 8.329111844249882e-13
7700.056 8.817398894260125e-13
7750.056 1.8630468435000184e-12
7800.056 2.1192901193499554e-12
7850.056 2.1545368110949744e-12
7900.056 2.4561889791843182e-12
7950.056 2.8005266516639312e-12
8000.056 2.772550122934989e-12
8050.056 2.988612829410009e-12
8100.056 1.459639731333585e-12
8150.056 8.776202430979452e-13
8200.056 2.0056801660052e-12
8250.056 2.17608360880611e-12
8300.056 2.262988175301295e-12
8350.056 1.9509682590723816e-12
8400.056 2.2380983527584266e-12
8450.056 3.654082820545515e-12
8500.056 4.5548903748800705e-12
8550.056 6.198275484150113e-12
8600.056 7.833237739700005e-12
8650.056 8.507312502000154e-12
8700.056 6.625347592700199e-12
8750.056 6.0784604959000314e-12
8800.056 4.344818566379619e-12
8850.056 2.0413828453367337e-12
8900.056 3.110014988896387e-14
8950.056 2.082831940639555e-14
9000.056 1.5187170869461677e-14
9050.056 1.1481134222664465e-13
9100.056 2.0050319742090415e-13
9150.056 4.752813165109295e-13
9200.056 2.165338504250729e-12
9250.056 1.858436541997405e-12
9300.056 1.1536270125875362e-14
9350.056 1.25314388210377e-14
9400.056 1.22776053153588e-13
9450.056 1.0831199259387621e-13
9500.056 8.99620157255124e-14
9550.056 9.680982267325817e-14
9600.056 1.1553109198529686e-13
9650.056 3.171058166659385e-13
9700.056 1.2481140172273383e-12
9750.056 6.900509164979591e-13
9800.056 5.64311336707693e-13
9850.056 5.120431176851046e-13
9900.056 7.272307486566497e-13
9950.056 4.811105577030646e-13
10000.056 6.280654742018611e-13
10050.056 4.942895292021938e-13
10100.056 5.430251422045443e-13
10150.056 2.785985768296949e-13
10200.056 8.152293547105545e-14
10250.056 1.2335205380478444e-13
10300.056 3.277902917350641e-13
10350.056 1.551008259329736e-13
10400.056 1.0824491558604416e-12
10450.056 3.3370179854382425e-12
10500.056 9.421417305473721e-12
10550.056 2.6264696986154844e-11
10600.056 4.59469346368025e-11
10650.056 5.945919616609289e-11
10700.056 5.149990008142791e-11
10750.056 6.419678005959086e-11
10800.056 6.090405931578729e-11
10850.056 4.514660105661547e-11
10900.056 2.1786409043979802e-11
10950.056 7.3753369671506e-12
11000.056 2.9905479295559497e-12
11050.056 1.2968286585147228e-12
11100.056 3.312007208738083e-13
11150.056 5.4923943277540494e-14
11200.056 9.955085558869282e-15
11250.056 6.6408844807772e-15
11300.056 5.0126566605977063e-14
11350.056 3.565741904578407e-15
11400.056 4.974887881527687e-14
11450.056 2.6457972841832565e-14
11500.056 1.8334647158834233e-14
11550.056 1.4511245872123702e-15
11600.056 2.873175977685467e-16
11650.056 5.504001999687225e-15
11700.056 6.20366378166067e-15
11750.056 6.585242820445607e-16
11800.056 6.967451518559594e-15
11850.056 6.249234206852457e-15
11900.056 4.690692104662905e-15
11950.056 1.0550620255304323e-14
12000.056 2.1332377690154685e-14
12050.056 4.6435338972595864e-14
12100.056 8.213437319352967e-14
12150.056 1.251916898913649e-13
12200.056 1.3681039133426527e-13
12250.056 5.33537898425535e-13
12300.056 1.6246016027327144e-12
12350.056 2.274910355567246e-12
12400.056 6.42486166849926e-12
12450.056 1.6297053001673612e-11
12500.056 2.0559375118831425e-11
12550.056 2.992046266862062e-11
12600.056 7.234666808928391e-11
12650.056 1.3878656669647324e-10
12700.056 1.4426322081400507e-10
12750.056 5.196031482823938e-11
12800.056 1.4178869206047197e-11
12850.056 4.2853733120580495e-12
12900.056 2.6066356732283397e-12
12950.056 1.667249186783998e-12
13000.056 1.6754040225031073e-12
13050.056 7.576373576801004e-13
13100.056 5.149054972972571e-13
13150.056 2.2289138361419557e-13
13200.056 2.804633704169904e-13
13250.056 3.0124396630427765e-13
13300.056 1.226297386285478e-13
13350.056 3.7922894888178266e-14
13400.056 2.2341034359764266e-14
13450.056 3.97603317572044e-15
13500.056 7.039228857936925e-16
13550.056 1.151220459355139e-16
13600.056 5.830368889588482e-18
13650.056 1.190001752449711e-16
13700.056 3.5498177304069044e-17
13750.056 2.0028341999670088e-16
13800.056 1.01393256158126e-16
13850.056 4.8275484638606985e-17
13900.056 1.9632818573688553e-16
13950.056 9.564419576664002e-17
14000.056 1.656348634068769e-16
14050.056 2.8163278951385657e-16
14100.056 4.2656089161734734e-16
14150.056 2.20651042376859e-15
14200.056 1.0447297672334401e-15
14250.056 2.4108456521011694e-15
14300.056 7.43949788750715e-15
14350.056 7.628100359044646e-15
14400.056 8.004618751079506e-15
14450.056 1.9226882031464295e-14
14500.056 5.545032506285564e-14
14550.056 7.022202506382508e-14
14600.056 5.95362723938051e-14
14650.056 1.77019163062584e-14
14700.056 6.754712148144528e-15
14750.056 9.719606325369964e-16
14800.056 2.4931910254227446e-15
14850.056 3.2397181423443026e-15
14900.056 2.8548536329194866e-15
14950.056 1.3252409488456946e-15
15000.056 5.794174678047875e-15
15050.056 6.505195626746701e-15
15100.056 2.070690390426162e-15
15150.056 6.238583328170306e-16
15200.056 4.699923136914405e-15
15250.056 1.2662961645644633e-14
15300.056 1.6509875880526275e-14
15350.056 3.595406278133765e-14
15400.056 4.112200872221682e-14
15450.056 5.924122947397649e-14
15500.056 7.974853657651629e-14
15550.056 3.160868862433307e-13
15600.056 5.166616638297971e-13
15650.056 1.4875581318151072e-12
15700.056 3.576567276178718e-12
15750.056 7.011218024784055e-12
15800.056 8.924912683730216e-12
15850.056 1.3870810673922723e-11
15900.056 1.9450419895012403e-11
15950.056 2.6967869343302698e-11
16000.056 2.4583510768475512e-11
16050.056 1.361215625404025e-11
16100.056 6.93943534829188e-12
16150.056 2.593242993279711e-12
16200.056 9.826759805731186e-13
16250.056 4.506284139667504e-13
16300.056 1.6747254541278356e-13
16350.056 2.3701879572961455e-13
16400.056 3.308692102314816e-13
16450.056 2.1006026019998694e-13
16500.056 1.5543006066073857e-13
16550.056 1.2122869005353377e-13
16600.056 4.408999931914398e-13
16650.056 2.5791791145431076e-13
16700.056 2.2141008464793708e-14
16750.056 1.0242093238342274e-13
16800.056 2.1220217967155374e-13
16850.056 2.273859424187167e-13
16900.056 5.840586851279739e-14
16950.056 2.1486564114665257e-14
17000.056 7.615062373334465e-15
17050.056 1.8085757985374256e-14
17100.056 6.152583572215523e-14
17150.056 2.369691785409987e-14
17200.056 2.2719530325266937e-13
17250.056 4.988558351010995e-14
17300.056 3.170508829385167e-14
17350.056 4.310651475570337e-14
17400.056 1.4201674858052248e-13
17450.056 1.9284462719681107e-13
17500.056 3.639436616827076e-13
17550.056 3.3929646277705826e-13
17600.056 2.413624567768386e-13
17650.056 1.6606024448453014e-13
17700.056 1.2828259931960305e-13
17750.056 1.4447964670974316e-13
17800.056 8.386526662299817e-13
17850.056 1.481852646163235e-13
17900.056 1.235628544342927e-13
17950.056 9.238909447301754e-14
18000.056 1.5674329769263788e-13
18050.056 1.2986623489082512e-13
18100.056 1.8371366963673575e-13
18150.056 7.637497228669744e-14
18200.056 6.085156681996777e-14
18250.056 3.8716255813406813e-13
18300.056 2.2351460263709738e-14
18350.056 1.7510264855415376e-14
18400.056 6.220633427231353e-15
18450.056 1.3227018284545798e-13
18500.056 1.162631206757521e-13
18550.056 4.565348427789575e-14
18600.056 1.2989157935546574e-13
18650.056 9.008721086027804e-14
18700.056 3.745843226070266e-15
18750.056 1.009731551959652e-14
18800.056 3.0836194797641974e-13
18850.056 2.7218311178670903e-13
18900.056 3.3233930062557465e-13
18950.056 4.630867887130379e-13
19000.056 4.1140137301222033e-14
19050.056 1.5660507081465517e-14
19100.056 6.640725473298145e-14
19150.056 2.22276721284152e-14
19200.056 5.273747748556323e-14
19250.056 3.8608613988738104e-14
19300.056 1.8696762117690008e-14
19350.056 1.7570171147892003e-14
19400.056 1.3662589609378177e-14
19450.056 2.8767543182408844e-14
19500.056 9.307753885332866e-15
19550.056 4.355138363659519e-14
19600.056 1.7644729377802478e-13
19650.056 9.282077823519239e-14
19700.056 1.238678735818351e-13
19750.056 3.1823559791499014e-13
19800.056 1.2424061193594972e-13
19850.056 1.5613277385597814e-13
19900.056 3.1727967908830817e-13
19950.056 4.896371126265853e-13
20000.056 7.353571305990174e-13
20050.056 4.3614104592346794e-13
20100.056 8.326019476096907e-13
20150.056 4.237399504126397e-13
20200.056 2.1381297617162326e-13
20250.056 8.344523887424739e-13
20300.056 1.2027947154656803e-12
20350.056 1.8415840739052255e-12
20400.056 1.0825268288025091e-12
20450.056 2.5753367176053126e-12
20500.056 3.6040710582582924e-12
20550.056 4.811666332319926e-12
20600.056 5.438270426414051e-12
20650.056 8.290877023506919e-12
20700.056 9.886748174258665e-12
20750.056 1.426053263054954e-11
20800.056 1.2674723605197721e-11
20850.056 1.812514285797815e-11
20900.056 2.186766076242543e-11
20950.056 2.0398683340330656e-11
21000.056 2.085341867325276e-11
21050.056 2.466315086289555e-11
21100.056 2.263335616896271e-11
21150.056 2.3116645283900434e-11
21200.056 2.0213127410896847e-11
21250.056 1.8703047546415775e-11
21300.056 1.4301427650250557e-11
21350.056 1.4252986668876859e-11
21400.056 1.3489732706067817e-11
21450.056 8.508757689404377e-12
21500.056 6.673000254552103e-12
21550.056 6.908631257558138e-12
21600.056 4.877671878688629e-12
21650.056 2.7600305301931326e-12
21700.056 1.5088502956616812e-12
21750.056 2.2796667348656897e-12
21800.056 1.2212604942354838e-12
21850.056 1.32025533249733e-12
21900.056 7.963565443268074e-13
21950.056 1.3563298565589802e-13
22000.056 6.2161061807026e-15
22050.056 2.2881229086694872e-14
22100.056 1.3564795302864198e-13
22150.056 7.706288420575531e-14
22200.056 6.742916668674074e-14
22250.056 4.929636725401212e-14
22300.056 1.3737418782097573e-14
22350.056 2.9073581116593763e-14
22400.056 6.084670481496912e-15
22450.056 1.2690043263610502e-14
22500.056 1.0081557240624373e-14
22550.056 2.4519403803507225e-15
22600.056 1.7676315805966804e-15
22650.056 4.461711228609226e-15
22700.056 4.1905301224374665e-15
22750.056 9.437427139940228e-15
22800.056 1.0424414599987266e-14
22850.056 6.302365101095446e-15
22900.056 4.287027619105203e-15
22950.056 1.6741558983297317e-15
23000.056 4.30576036563954e-15
23050.056 3.094779465062512e-15
23100.056 6.616377962664818e-14
23150.056 9.880600235884056e-14
23200.056 7.333760147043632e-16
23250.056 7.18886956747563e-15
23300.056 5.351003754724025e-15
23350.056 1.442896351689542e-14
23400.056 9.525459903134009e-15
23450.056 2.657012177741307e-15
23500.056 2.789562288273228e-15
23550.056 1.009824839779158e-14
23600.056 4.4609295020344754e-14
23650.056 6.280018710898142e-14
23700.056 4.1750826002659395e-15
23750.056 5.092060375938492e-15
23800.056 6.14031753347456e-14
23850.056 2.842671936720133e-14
23900.056 9.538652465383687e-14
23950.056 2.3849520705741874e-14
24000.056 1.256144539720545e-13
24050.056 1.6646863433963209e-13
24100.056 3.6411497102614027e-13
24150.056 4.884060782323739e-13
24200.056 1.9990286390669878e-13
24250.056 1.5695634494811488e-13
24300.056 3.399895749907263e-13
24350.056 2.994520798887103e-13
24400.056 1.2486010529371893e-12
24450.056 1.587252568759997e-12
24500.056 1.3218040932560894e-12
24550.056 2.4741526055831935e-12
24600.056 2.6431953755755804e-12
24650.056 5.7689273414965124e-12
24700.056 2.820180184277046e-12
24750.056 4.321878090935482e-12
24800.056 3.0713863852196285e-12
24850.056 5.986130627699429e-12
24900.056 2.6908890903832692e-12
24950.056 4.852271502519397e-12
25000.056 6.344257781659163e-12
25050.056 3.997815732835862e-12
25100.056 6.275952389448698e-12
25150.056 2.0934169113780846e-12
25200.056 3.4188164157852275e-12
25250.056 1.133795595483875e-12
25300.056 1.0868322115046947e-12
25350.056 5.251935325079449e-13
25400.056 1.4146423083445817e-12
25450.056 2.54902308413536e-13
25500.056 1.9209138825579876e-13
25550.056 5.880139111139266e-13
25600.056 1.67487474216313e-13
25650.056 6.999483766343993e-14
25700.056 4.262515582960255e-14
25750.056 1.2953238257721819e-14
25800.056 8.018685908065414e-14
25850.056 1.0001256691543313e-14
25900.056 1.197007908300051e-14
25950.056 3.805966918081209e-15
26000.056 4.771274443029807e-14
26050.056 4.928154325562027e-15
26100.056 2.0058391319055318e-14
26150.056 7.631095810718513e-15
26200.056 1.0891324603411315e-14
26250.056 9.532690063860628e-14
26300.056 1.3573111942993972e-14
26350.056 3.268310044517009e-13
26400.056 9.10528956163795e-13
26450.056 4.2187157876256087e-13
26500.056 1.6313168318886462e-12
26550.056 5.437436171395947e-14
26600.056 5.155835373780544e-14
26650.056 7.95561290709295e-15
26700.056 7.433705431455972e-15
26750.056 1.281983420761577e-14
26800.056 5.264872881248591e-14
26850.056 3.109462052250233e-14
26900.056 1.6894326648573734e-13
26950.056 3.5174217463266166e-14
27000.056 2.3019198139066067e-13
27050.056 4.801379372712198e-13
27100.056 1.7770992682417648e-14
27150.056 3.3412299412292033e-13
27200.056 2.126324509699193e-14
27250.056 9.430781509049976e-14
27300.056 1.4700916882660327e-12
27350.056 3.039309523402654e-13
27400.056 1.6997012073424666e-14
27450.056 5.617541639335787e-13
27500.056 7.074904624880716e-13
27550.056 8.544357420965806e-14
27600.056 3.149144265646342e-13
27650.056 6.973527791565052e-14
27700.056 8.514103777022075e-14
27750.056 6.792876514762963e-13
27800.056 1.6728598054328636e-13
27850.056 4.0879519793371065e-13
27900.056 4.595269161529282e-13
27950.056 1.1564910848376393e-12
28000.056 1.6636893241909786e-12
28050.056 9.096686112228072e-14
28100.056 1.4903935553654387e-12
28150.056 1.1506554364118157e-12
28200.056 1.6664294139766317e-13
28250.056 2.1344118682019654e-12
28300.056 1.792520345705637e-12
28350.056 2.1270172534253835e-13
28400.056 1.0067271188111547e-12
28450.056 2.298841785595107e-12
28500.056 9.511973813804368e-13
28550.056 1.9211213815593156e-13
28600.056 2.1430197316122675e-12
28650.056 9.017294358320341e-13
28700.056 2.5870793404435702e-12
28750.056 3.4477509771223155e-12
28800.056 7.21669591792717e-13
28850.056 6.366287902147574e-12
