galfind/configs/Brown_Dwarf_templates/sonora_bobcat/m+0.5/56g/sp_t450g56nc_m+0.5_resample.dat
# %ECSV 1.0
# ---
# datatype:
# - {name: wav, unit: Angstrom, datatype: float64}
# - {name: flux_nu, unit: erg / (cm2 Hz s), datatype: float64}
# meta: {C/O: '1.00', Kzz: '1.0000E+05', Teff: '450.', Y: '0.28', '[Fe/H]': '0.50', f_hole: '1.00', f_rain: '0.00', grav: '56.'}
# schema: astropy-2.0
wav flux_nu
[from data line 498]
28900.056 2.2286910434337658e-10
28950.056 3.6890463659579043e-10
29000.056 2.38746912192646e-10
29050.056 3.688079508520839e-10
29100.056 2.0703417240750977e-10
29150.056 2.491174618226777e-10
29200.056 4.051126685157067e-10
29250.056 6.286361757755047e-10
29300.056 2.505282294928178e-10
29350.056 7.567198776647982e-10
29400.056 3.6881536481288276e-10
29450.056 2.91464346490663e-10
29500.056 6.490219131100677e-10
29550.056 2.920042410800211e-10
29600.056 4.272450317362309e-10
29650.056 9.053129565217435e-10
29700.056 2.6996222267815913e-10
29750.056 6.739841636976075e-10
29800.056 5.949988481459407e-10
29850.056 7.411640680585464e-10
29900.056 4.828282475687654e-10
29950.056 5.975094743598317e-10
30000.056 1.3377498957303429e-11
30050.056 6.292021363653411e-11
30100.056 2.2431842224915387e-10
30150.056 5.778209823610832e-10
30200.056 4.3236344048769076e-10
30250.056 9.587105448785076e-10
30300.056 1.3682708934744145e-09
30350.056 4.594302186683316e-10
30400.056 1.1973863997430258e-09
30450.056 7.54141969547595e-10
30500.056 7.085494393250826e-10
30550.056 5.979781135124011e-10
30600.056 1.674497608213951e-09
30650.056 9.763437022217425e-10
30700.056 6.516341234246203e-10
30750.056 1.277750302505354e-09
30800.056 8.05782307497195e-10
30850.056 9.660258997206677e-10
30900.056 4.83494845979165e-10
30950.056 6.038716735272831e-10
31000.056 6.337023348086275e-10
31050.056 4.959136718479045e-10
31100.056 2.9977562631026844e-10
31150.056 5.566641415966501e-10
31200.056 1.0064883419551336e-09
31250.056 7.091320157834824e-10
31300.056 4.3139824382018523e-10
31350.056 7.749685219177935e-10
31400.056 5.423545147148828e-10
31450.056 5.467437854810229e-10
31500.056 2.616296724314867e-10
31550.056 3.78945705625075e-10
31600.056 2.372588629248884e-10
31650.056 2.6174504742589523e-10
31700.056 2.57900551585255e-10
31750.056 1.2546721682293384e-10
31800.056 2.494291296211612e-10
31850.056 5.789752926836305e-11
31900.056 1.2637184458346516e-10
31950.056 8.110714325795183e-11
32000.056 6.784281030002305e-11
32050.056 1.0933109200645578e-10
32100.056 9.74949953435933e-11
32150.056 1.1298822869058907e-10
32200.056 5.5263136184715867e-11
32250.056 1.471823938232592e-10
32300.056 5.1977386499561915e-11
32350.056 1.298161620683901e-10
32400.056 3.255302025870668e-11
32450.056 1.0186939361096931e-10
32500.056 3.8481261517585266e-11
32550.056 7.614477071026102e-11
32600.056 4.9282028806201216e-11
32650.056 2.3034601490148886e-10
32700.056 7.085054505249424e-11
32750.056 3.686529288658103e-10
32800.056 2.0834424966645424e-10
32850.056 5.460787496954645e-10
32900.056 4.666341253391454e-10
32950.056 5.515662347512122e-10
33000.056 2.344668925666002e-10
33050.056 3.413985871970581e-10
33100.056 7.503195022128928e-11
33150.056 4.594927464239706e-14
33200.056 1.7929545079467596e-12
33250.056 1.6355850386601627e-12
33300.056 1.0748702925345337e-11
33350.056 3.551516888328514e-11
33400.056 1.3282781509307654e-10
33450.056 1.2053461128429397e-10
33500.056 3.9476809433471147e-10
33550.056 9.365117651780758e-11
33600.056 2.777614683145254e-10
33650.056 2.4416637295656587e-10
33700.056 1.193385478494537e-10
33750.056 3.721507964900085e-10
33800.056 5.814421705536054e-11
33850.056 2.0366980068539097e-10
33900.056 2.063495241709535e-10
33950.056 1.6224735880390194e-10
34000.056 3.626490827724267e-10
34050.056 6.530823073385009e-11
34100.056 3.2193921852461643e-10
34150.056 1.6383310503690543e-10
34200.056 3.541723059704845e-10
34250.056 2.2694828949504683e-10
34300.056 2.3184998067123886e-10
34350.056 3.322783198584945e-10
34400.056 1.3702641156867627e-10
34450.056 3.5506761268595647e-10
34500.056 2.1431530516433234e-10
34550.056 1.2750715720804796e-10
34600.056 5.20058897033302e-10
34650.056 1.3413587931060637e-10
34700.056 4.343889459867492e-10
34750.056 2.7255776628583924e-10
34800.056 2.7579993008678486e-10
34850.056 5.547124006396151e-10
34900.056 2.3901423190593183e-10
34950.056 5.582383749342435e-10
35000.056 1.1128488281018036e-09
35050.056 4.783647167996232e-10
35100.056 1.0342231349773177e-09
35150.056 7.393575851140297e-10
35200.056 8.324177565446467e-10
35250.056 1.2894357976519512e-09
35300.056 6.728391414732006e-10
35350.056 7.605190927116388e-10
35400.056 6.785459950219812e-10
35450.056 5.568090644640511e-10
35500.056 1.900712940083708e-09
35550.056 1.2435288269521526e-09
35600.056 1.1673980629517212e-09
35650.056 1.1542380234529062e-09
35700.056 1.304641931929876e-09
35750.056 1.8746703782180434e-09
35800.056 2.048208833412089e-09
35850.056 7.660616064589006e-10
35900.056 1.0309230096132393e-09
35950.056 1.157548456123754e-09
36000.056 1.4434633646101712e-09
36050.056 1.00218250197599e-09
36100.056 9.582538081130255e-10
36150.056 1.7450465452060882e-09
36200.056 1.8726597665995987e-09
36250.056 1.4371650785161148e-09
36300.056 2.7656677311279816e-09
36350.056 1.7401085553175854e-09
36400.056 2.509140701273977e-09
36450.056 2.9548461082930882e-09
36500.056 3.31587119292863e-09
36550.056 3.660656472703472e-09
36600.056 4.208226485461206e-09
36650.056 3.31012159436212e-09
36700.056 3.781383197316365e-09
36750.056 4.455763299760716e-09
36800.056 4.720164850232502e-09
36850.056 2.9423685367524618e-09
36900.056 5.009011013733797e-09
36950.056 4.966442083340468e-09
37000.056 3.7630243467436784e-09
37050.056 5.088554603263823e-09
37100.056 4.780325825276029e-09
37150.056 3.5947775502581688e-09
37200.056 6.071208516807326e-09
37250.056 4.440384334513646e-09
37300.056 3.5450086104528166e-09
37350.056 5.567580186711121e-09
37400.056 8.17796870710492e-09
37450.056 3.920969459305889e-09
37500.056 4.960620393255934e-09
37550.056 7.533977730781542e-09
37600.056 1.0050536637092798e-08
37650.056 4.090555318727812e-09
37700.056 8.423160287186776e-09
37750.056 5.189679920362777e-09
37800.056 5.427814857655219e-09
37850.056 2.8377613742857134e-09
37900.056 4.15204393115554e-09
37950.056 7.401585774932048e-09
38000.056 7.706269588003852e-09
38050.056 9.281454153656576e-09
38100.056 1.0337642351723785e-08
38150.056 1.1501947375427504e-08
38200.056 1.0936371355747967e-08
38250.056 1.0918946630025953e-08
38300.056 1.6207270899714404e-08
38350.056 1.591418405213757e-08
38400.056 7.037609951914824e-09
38450.056 4.628511108497372e-09
38500.056 2.7862859448929892e-09
38550.056 7.707148512075105e-09
38600.056 7.581379552435165e-09
38650.056 8.24614785512464e-09
38700.056 6.196387195546457e-09
38750.056 7.858269658922543e-09
38800.056 7.892232792035593e-09
38850.056 8.69936911527925e-09
38900.056 1.1591342375862791e-08
38950.056 7.714344250236628e-09
39000.056 1.234332816051472e-08
39050.056 7.723786349644302e-09
39100.056 1.1300584998477844e-08
39150.056 1.2869495694511217e-08
39200.056 1.0606456459623244e-08
39250.056 1.584520591727745e-08
39300.056 1.0045316950879102e-08
39350.056 1.947206374881002e-08
39400.056 1.0758204405421391e-08
39450.056 1.5349216662581812e-08
39500.056 1.616783011810464e-08
39550.056 1.0393896509488141e-08
39600.056 1.5972299941098684e-08
39650.056 1.781940000174318e-08
39700.056 1.7491260894608188e-08
39750.056 1.1060621530188793e-08
39800.056 1.2428077478707698e-08
39850.056 2.217214586690301e-08
39900.056 2.435974575270214e-08
39950.056 1.3089062732605068e-08
40000.056 2.3147095600450118e-08
40050.056 2.1275995135567934e-08
40100.056 1.0786671650561946e-08
40150.056 2.1890715299840683e-08
40200.056 2.3210890129116392e-08
40250.056 2.5593888852810196e-08
40300.056 2.383787786261755e-08
40350.056 1.8679263813688575e-08
40400.056 2.5688183857294672e-08
40450.056 1.587450360979767e-08
40500.056 2.958080695009677e-08
40550.056 3.050740886668152e-08
40600.056 2.4379025893673252e-08
40650.056 1.8412849049484888e-08
40700.056 3.60515461975662e-08
40750.056 2.4507423377694653e-08
40800.056 1.763624874961531e-08
40850.056 4.247104459791751e-08
40900.056 3.45951796296104e-08
40950.056 3.184812215697044e-08
41000.056 2.7848346035876858e-08
41050.056 4.482075355368076e-08
41100.056 3.6265547035682474e-08
41150.056 1.8097191216345864e-08
41200.056 4.6772054696304626e-08
41250.056 3.167450351019178e-08
41300.056 3.3100385391469894e-08
41350.056 4.632892975739502e-08
41400.056 4.039563924560329e-08
41450.056 5.218445988698249e-08
41500.056 3.659779887115506e-08
41550.056 3.407295352009534e-08
41600.056 3.6166549645368836e-08
41650.056 4.629545117820889e-08
41700.056 4.9637346402675606e-08
41750.056 4.435682596678941e-08
41800.056 5.028821467428483e-08
41850.056 4.279932020026665e-08
41900.056 4.116976423294109e-08
41950.056 4.050859654600685e-08
42000.056 3.0528050719385866e-08
42050.056 3.390895023521023e-08
42100.056 4.0305720440956313e-08
42150.056 3.856256963344036e-08
42200.056 4.135301227012554e-08
42250.056 3.397500792611113e-08
42300.056 3.604530446754926e-08
42350.056 5.155861601160522e-08
42400.056 5.581832768691332e-08
42450.056 5.274366966112567e-08
42500.056 4.67837696817879e-08
42550.056 4.2357976656881886e-08
42600.056 4.6863192926877405e-08
42650.056 7.40350969521629e-08
42700.056 4.273921842951331e-08
42750.056 5.322761347315401e-08
42800.056 7.226294755781693e-08
42850.056 7.252700336797659e-08
42900.056 7.826261862672736e-08
42950.056 6.390555022298739e-08
43000.056 7.005934207462615e-08
43050.056 4.099259452448684e-08
43100.056 5.6801905360983275e-08
43150.056 4.88814991412591e-08
43200.056 7.827072238260442e-08
43250.056 9.559171336000128e-08
43300.056 9.238363157598979e-08
43350.056 5.427761984988477e-08
43400.056 7.209651424389948e-08
43450.056 5.073624473910479e-08
43500.056 4.7765525904191435e-08
43550.056 5.37373087731478e-08
43600.056 8.637905862641167e-08
43650.056 6.034539474560416e-08
43700.056 9.551085125532763e-08
43750.056 8.280105310959578e-08
43800.056 7.834076258458791e-08
43850.056 6.517734419099892e-08
43900.056 6.148291689217198e-08
43950.056 3.806028078209801e-08
44000.056 3.9271283401793965e-08
44050.056 9.365099334600225e-08
44100.056 1.225773068239919e-07
44150.056 1.0716876519110094e-07
44200.056 9.228458643749677e-08
44250.056 5.386935775810142e-08
44300.056 4.5160948831208155e-08
44350.056 5.258489232951275e-08
44400.056 4.7881874652392496e-08
44450.056 8.079803084088513e-08
44500.056 7.798093491781759e-08
44550.056 1.1389980841698603e-07
44600.056 9.632462943749874e-08
44650.056 8.10436243538169e-08
44700.056 5.422164494760172e-08
44750.056 8.969020773032539e-08
44800.056 6.017404402996066e-08
44850.056 8.035285934718164e-08
44900.056 7.02375734164043e-08
44950.056 8.767297390740692e-08
45000.056 9.704988023900408e-08
45050.056 8.79795586374877e-08
45100.056 7.850646061419705e-08
45150.056 7.566145200432829e-08
45200.056 6.057591570640153e-08
45250.056 6.915132336017274e-08
45300.056 5.884747137711319e-08
45350.056 5.437144695182137e-08
45400.056 1.3108722911401717e-07
45450.056 1.0122123682201118e-07
45500.056 1.2561976490500894e-07
45550.056 1.2930698006394724e-07
45600.056 1.1615174788503066e-07
45650.056 9.17894515302024e-08
45700.056 6.186680042469722e-08
45750.056 5.961146588120155e-08
45800.056 1.4038630501099207e-07
45850.056 1.1163057115478955e-07
45900.056 1.3815776138598573e-07
45950.056 1.1693839005599873e-07
46000.056 1.292698965305102e-07
46050.056 9.585645050581204e-08
46100.056 1.5025215708497588e-07
46150.056 9.081549152051398e-08
46200.056 7.8476970914489e-08
46250.056 3.490715277798354e-08
46300.056 9.36377234870018e-08
46350.056 9.848861212161586e-08
46400.056 8.182345544999962e-08
46450.056 7.697070900315512e-08
46500.056 9.477894512092489e-08
46550.056 5.0359382367804414e-08
46600.056 7.753319350619006e-08
46650.056 1.1816132140640876e-07
46700.056 7.419656161657509e-08
46750.056 4.314942699288663e-08
46800.056 2.838521280088746e-08
46850.056 1.198527717450238e-07
46900.056 1.0753559229799701e-07
46950.056 1.0804827552399052e-07
47000.056 1.0707054759102386e-07
47050.056 7.741912305561463e-08
47100.056 5.3590942449318965e-08
47150.056 8.044821281511141e-08
47200.056 9.48273325287963e-08
47250.056 5.9363799261895116e-08
47300.056 3.87571689268201e-08
47350.056 1.1886704032999318e-07
47400.056 9.474987952999276e-08
47450.056 8.769058083138441e-08
47500.056 1.2004351291066682e-07
47550.056 1.028110588320125e-07
47600.056 9.87479711724999e-08
47650.056 9.94185496914132e-08
47700.056 7.79927874395914e-08
47750.056 5.8235129389804605e-08
47800.056 5.0081677098805756e-08
47850.056 2.696869374282644e-08
47900.056 4.1431856726692816e-08
47950.056 8.409772206601099e-08
48000.056 1.2129061212202033e-07
48050.056 1.0438651211060786e-07
48100.056 4.403594397416681e-08
48150.056 8.157501906500152e-08
48200.056 5.515688499774073e-08
48250.056 6.485981843600066e-08
48300.056 1.1024684754797843e-07
48350.056 6.461211493199972e-08
48400.056 2.0619854365146145e-08
48450.056 4.266953362830261e-08
48500.056 6.753007094798329e-08
48550.056 6.920384554798701e-08
48600.056 8.400634920499825e-08
48650.056 1.0532984993498251e-07
48700.056 7.096954273600661e-08
48750.056 4.916338630682734e-08
48800.056 1.0086948930299678e-07
48850.056 5.405322869699109e-08
48900.056 7.750152400095992e-08
48950.056 4.1876025374603115e-08
49000.056 2.077659112564752e-08
49050.056 6.438932873139138e-08
49100.056 8.544684392166837e-08
49150.056 6.131078103169407e-08
49200.056 1.026800547350245e-07
49250.056 9.978510988001272e-08
49300.056 8.408432129859992e-08
49350.056 3.3108769165147296e-08
49400.056 4.890883278788577e-08
49450.056 5.039369007251605e-08
49500.056 3.79731557486162e-08
49550.056 9.683199363600756e-09
49600.056 2.631421379809378e-08
49650.056 5.6278676271901374e-08
49700.056 5.840372249377617e-08
49750.056 6.077706503749776e-08
49800.056 4.022079418736581e-08
49850.056 8.342962583422168e-08
49900.056 6.39429246855886e-08
49950.056 6.647267565600497e-08
50000.056 5.1583625825562154e-08
50050.056 6.318274436500204e-08
50100.056 4.891404723359882e-08
50150.056 2.493362485859429e-08
50200.056 5.02737811326602e-09
50250.056 2.9759621026997344e-08
50300.056 1.9039053982073153e-08
50350.056 5.944901295860793e-08
50400.056 5.677918336339122e-08
50450.056 4.526410801156413e-08
50500.056 6.67341791438068e-08
50550.056 5.6669330770107296e-08
50600.056 4.2486438841388116e-08
50650.056 7.130748160801289e-08
50700.056 6.986178774597545e-08
50750.056 4.6089487862605545e-08
50800.056 1.728753914376839e-08
50850.056 1.0090274376735086e-08
50900.056 5.2923381497600684e-08
50950.056 4.254275755299971e-08
51000.056 3.7450543572943745e-08
51050.056 5.225984358419399e-08
51100.056 2.060845678656158e-08
51150.056 2.5286018679685165e-08
51200.056 6.819269589699885e-08
51250.056 4.433663833344277e-08
51300.056 3.283371122812692e-08
51350.056 3.082495207964406e-08
51400.056 1.1176070096503084e-08
51450.056 8.7594106229139e-09
51500.056 8.958242348576103e-09
51550.056 3.3717288324424534e-08
51600.056 2.5627542788878576e-08
51650.056 3.230367343319378e-08
51700.056 3.4688246646669056e-08
51750.056 2.2896293179155763e-08
51800.056 3.9848268671995316e-08
51850.056 3.333261989039624e-08
51900.056 4.3930908617794626e-08
51950.056 2.597324432719628e-08
52000.056 3.1461242339137913e-09
52050.056 1.4845231154022149e-08
52100.056 9.104877432798992e-09
52150.056 5.320414029029529e-09
52200.056 1.3955183303879918e-08
52250.056 2.0547991406508234e-08
52300.056 2.871803713799788e-08
52350.056 1.1193876922723053e-08
52400.056 1.0863032224930782e-08
52450.056 3.641919488660328e-08
52500.056 2.7547131037972395e-08
52550.056 3.04736595575972e-08
52600.056 2.3011752400098396e-08
52650.056 2.7742935999302225e-08
52700.056 2.102608456769921e-08
52750.056 8.638700181990037e-09
52800.056 1.5471114987201948e-08
52850.056 1.7260581105675384e-08
52900.056 8.308784197706796e-09
52950.056 1.3121834501361417e-08
53000.056 2.146921742400621e-08
53050.056 8.458943480539516e-09
53100.056 2.373882171899404e-08
53150.056 2.5812064113121184e-08
53200.056 1.2588356322165725e-08
53250.056 2.5020649863982977e-08
53300.056 3.083616894844812e-08
53350.056 2.30414993979537e-08
53400.056 1.4991430015994894e-08
53450.056 5.812818014798022e-09
53500.056 1.0614628473656612e-09
53550.056 3.08473291146804e-09
53600.056 1.3699698222290201e-08
