galfind/configs/Brown_Dwarf_templates/sonora_bobcat/m+0.5/56g/sp_t525g56nc_m+0.5_resample.dat
# %ECSV 1.0
# ---
# datatype:
# - {name: wav, unit: Angstrom, datatype: float64}
# - {name: flux_nu, unit: erg / (cm2 Hz s), datatype: float64}
# meta: {C/O: '1.00', Kzz: '1.0000E+05', Teff: '525.', Y: '0.28', '[Fe/H]': '0.50', f_hole: '1.00', f_rain: '0.00', grav: '56.'}
# schema: astropy-2.0
wav flux_nu
[from data line 498]
28900.056 8.155178412387192e-10
28950.056 1.6323938781725664e-09
29000.056 1.1335989304008667e-09
29050.056 1.579200261454974e-09
29100.056 9.699311127272397e-10
29150.056 1.293276428475425e-09
29200.056 1.5144033652932302e-09
29250.056 2.618087550851994e-09
29300.056 9.94110288421698e-10
29350.056 3.4018320973703906e-09
29400.056 1.505548455721002e-09
29450.056 1.5145961122479261e-09
29500.056 2.414228615681642e-09
29550.056 1.3915620494508763e-09
29600.056 2.0188072126354592e-09
29650.056 3.2918832456773086e-09
29700.056 1.2222432926023703e-09
29750.056 2.678113134298238e-09
29800.056 2.5534950496847648e-09
29850.056 3.0087757043450262e-09
29900.056 2.307748255160279e-09
29950.056 2.3936492394498627e-09
30000.056 9.645966892120156e-11
30050.056 3.2701563140788073e-10
30100.056 9.082210848004072e-10
30150.056 2.0613245298934788e-09
30200.056 1.5757977182871414e-09
30250.056 3.690589951610115e-09
30300.056 4.546116498690802e-09
30350.056 2.017599824666513e-09
30400.056 4.3970531010147455e-09
30450.056 2.5647333953785435e-09
30500.056 2.635827648612363e-09
30550.056 2.322856079966546e-09
30600.056 4.5649663069651576e-09
30650.056 2.890570081539219e-09
30700.056 2.150848786369877e-09
30750.056 3.757485250515893e-09
30800.056 2.3322456061967362e-09
30850.056 2.7404765690101984e-09
30900.056 1.449540187907535e-09
30950.056 1.8728343390807318e-09
31000.056 1.7443397375628317e-09
31050.056 1.5570902864672294e-09
31100.056 9.925098785181006e-10
31150.056 1.7147671819507675e-09
31200.056 2.413337923250636e-09
31250.056 1.735012542917535e-09
31300.056 1.149256178612518e-09
31350.056 1.7636972482510426e-09
31400.056 1.2708804323787387e-09
31450.056 1.2937219656540913e-09
31500.056 7.17125995334161e-10
31550.056 9.58189397320013e-10
31600.056 5.855131920229124e-10
31650.056 6.627435356941155e-10
31700.056 6.88230029531333e-10
31750.056 3.4611858908244294e-10
31800.056 6.725383277598152e-10
31850.056 2.0714406082566895e-10
31900.056 3.773822886344619e-10
31950.056 2.364326047542161e-10
32000.056 2.4988896749850307e-10
32050.056 3.4642130441322186e-10
32100.056 3.1349066805964605e-10
32150.056 3.749465798825665e-10
32200.056 2.0523895104429462e-10
32250.056 4.866920102245978e-10
32300.056 2.0767996970323817e-10
32350.056 4.369835998358483e-10
32400.056 1.565530195126317e-10
32450.056 3.694376585558971e-10
32500.056 1.826635228595019e-10
32550.056 2.778478662653904e-10
32600.056 2.5679594942878354e-10
32650.056 7.80966900006088e-10
32700.056 3.4518352023150553e-10
32750.056 1.0793648754729415e-09
32800.056 7.362272800918261e-10
32850.056 1.3945749880945334e-09
32900.056 1.28141597295088e-09
32950.056 1.5299613894526758e-09
33000.056 8.575142339647376e-10
33050.056 1.1239373585947576e-09
33100.056 2.911578874163222e-10
33150.056 9.939506166297991e-13
33200.056 9.983905678067432e-12
33250.056 7.155774996969396e-12
33300.056 2.888431836467832e-11
33350.056 9.388468011514568e-11
33400.056 2.828096985886587e-10
33450.056 3.3149225320710254e-10
33500.056 9.58932174329752e-10
33550.056 3.0929789330373555e-10
33600.056 8.421452172522418e-10
33650.056 7.588220865706435e-10
33700.056 4.678835841208926e-10
33750.056 1.1146443008830055e-09
33800.056 2.8784674192262375e-10
33850.056 7.015313023733313e-10
33900.056 6.538530054363976e-10
33950.056 5.57065041194884e-10
34000.056 1.072111829579575e-09
34050.056 2.4377670558743386e-10
34100.056 9.584655566494493e-10
34150.056 5.474039933376005e-10
34200.056 9.448553274186845e-10
34250.056 6.93751891540216e-10
34300.056 6.675257155736812e-10
34350.056 7.821360998739561e-10
34400.056 4.060552320050727e-10
34450.056 9.033068983767973e-10
34500.056 6.399770599939732e-10
34550.056 3.658075195147028e-10
34600.056 1.2343273862543436e-09
34650.056 4.380402323352081e-10
34700.056 1.1055744483400232e-09
34750.056 7.56054429240466e-10
34800.056 7.198726571461515e-10
34850.056 1.218530484812155e-09
34900.056 7.57503067710396e-10
34950.056 1.3301395037570386e-09
35000.056 2.6093666898447547e-09
35050.056 1.0988207993936166e-09
35100.056 2.232729513889005e-09
35150.056 1.6329138738608543e-09
35200.056 1.944954968140996e-09
35250.056 2.8695398989699392e-09
35300.056 1.6490155085700095e-09
35350.056 1.8196693684810628e-09
35400.056 1.8730322601295996e-09
35450.056 1.3534924857914237e-09
35500.056 4.229068277399429e-09
35550.056 3.1147922748570244e-09
35600.056 2.634914773185512e-09
35650.056 2.697232889087732e-09
35700.056 2.8457148894802875e-09
35750.056 4.185100809606879e-09
35800.056 4.980201886903693e-09
35850.056 2.075691309809144e-09
35900.056 2.827027292809254e-09
35950.056 3.0297298317779274e-09
36000.056 3.3737261766015314e-09
36050.056 2.4694094563725766e-09
36100.056 2.489575867705951e-09
36150.056 3.804246766672669e-09
36200.056 4.134409516221329e-09
36250.056 3.380723453328391e-09
36300.056 5.651650494069293e-09
36350.056 4.019233220880693e-09
36400.056 5.0785483562497196e-09
36450.056 6.2436895524976485e-09
36500.056 7.188999614784594e-09
36550.056 7.211677808750476e-09
36600.056 8.780649732236617e-09
36650.056 7.30275112275831e-09
36700.056 8.254007081700741e-09
36750.056 9.56114062691073e-09
36800.056 9.689678873813672e-09
36850.056 7.004961676121292e-09
36900.056 1.049481133044691e-08
36950.056 1.0504420366206816e-08
37000.056 8.421607726099325e-09
37050.056 1.0316025573450863e-08
37100.056 1.083668558285012e-08
37150.056 8.022875600575824e-09
37200.056 1.2193437289126705e-08
37250.056 1.010211112635497e-08
37300.056 8.398343438599487e-09
37350.056 1.1547388727807146e-08
37400.056 1.7275362786734892e-08
37450.056 9.421493749047066e-09
37500.056 1.0711151536939833e-08
37550.056 1.5189109844345368e-08
37600.056 1.8941414776089557e-08
37650.056 9.175163134026397e-09
37700.056 1.8088745074600067e-08
37750.056 1.1293119890640854e-08
37800.056 1.2055310416978558e-08
37850.056 6.770863954508182e-09
37900.056 9.531986097049048e-09
37950.056 1.525484004737806e-08
38000.056 1.6675209888912595e-08
38050.056 1.7999888099181572e-08
38100.056 1.9513896067183654e-08
38150.056 2.2352696256319625e-08
38200.056 2.2614027365367306e-08
38250.056 2.1235915868454558e-08
38300.056 3.150566074107092e-08
38350.056 3.0688524207971965e-08
38400.056 1.4819589110811693e-08
38450.056 1.2178695642951312e-08
38500.056 7.542884749815313e-09
38550.056 1.6708861165436023e-08
38600.056 1.685775411705947e-08
38650.056 1.6852105331143317e-08
38700.056 1.4770383971087049e-08
38750.056 1.7678077833663246e-08
38800.056 1.6937471540747295e-08
38850.056 1.8525922763816763e-08
38900.056 2.4940213886262804e-08
38950.056 1.7473508131567646e-08
39000.056 2.4429157202669613e-08
39050.056 1.756241149969653e-08
39100.056 2.341095783069462e-08
39150.056 2.4999171779313966e-08
39200.056 2.2926450833786024e-08
39250.056 3.094584394502844e-08
39300.056 2.1088235994632295e-08
39350.056 3.728279174652123e-08
39400.056 2.3259839663442354e-08
39450.056 3.012359017686218e-08
39500.056 3.215287024733829e-08
39550.056 2.488348114181009e-08
39600.056 3.2297590257254736e-08
39650.056 3.4780919393527394e-08
39700.056 3.4670875641772674e-08
39750.056 2.4162752606038147e-08
39800.056 2.764956950825039e-08
39850.056 4.3824230131403606e-08
39900.056 4.524770779580454e-08
39950.056 2.9190533722580434e-08
40000.056 4.837842807419383e-08
40050.056 4.1275554877335586e-08
40100.056 2.5330253770667882e-08
40150.056 4.3123944265689015e-08
40200.056 4.605770345440061e-08
40250.056 4.8907901991099324e-08
40300.056 4.588818571875105e-08
40350.056 4.085788627887118e-08
40400.056 5.356212010937582e-08
40450.056 3.70825171209241e-08
40500.056 5.724347578198662e-08
40550.056 5.692465711933222e-08
40600.056 5.0675642686108064e-08
40650.056 3.8472675025721627e-08
40700.056 6.729415199919279e-08
40750.056 4.949786985649336e-08
40800.056 3.7560986734691765e-08
40850.056 7.782316233523084e-08
40900.056 6.677646413540829e-08
40950.056 6.086034520588458e-08
41000.056 5.7789299432493264e-08
41050.056 8.262793666466852e-08
41100.056 6.846810102580626e-08
41150.056 3.927603984048122e-08
41200.056 8.505876011891174e-08
41250.056 6.08287590283641e-08
41300.056 6.153589060040968e-08
41350.056 8.780815103199924e-08
41400.056 7.718692670201061e-08
41450.056 9.214479487997925e-08
41500.056 6.790925316959725e-08
41550.056 6.565237976091121e-08
41600.056 7.33118674636611e-08
41650.056 8.610652944977333e-08
41700.056 8.40468564279563e-08
41750.056 8.103585991248389e-08
41800.056 9.588091304182184e-08
41850.056 7.632362638547824e-08
41900.056 7.738649821404424e-08
41950.056 7.538031860851795e-08
42000.056 6.576252103874474e-08
42050.056 6.762659269827693e-08
42100.056 8.751836253477655e-08
42150.056 7.505510373786117e-08
42200.056 7.371752187823225e-08
42250.056 6.762646880532423e-08
42300.056 7.075347370665598e-08
42350.056 9.312766684801281e-08
42400.056 9.622389199642673e-08
42450.056 8.936134345004233e-08
42500.056 8.051962134928319e-08
42550.056 7.534510948917451e-08
42600.056 8.323908505236632e-08
42650.056 1.1898906527594431e-07
42700.056 8.192199507213378e-08
42750.056 8.96814775321011e-08
42800.056 1.1155820164502513e-07
42850.056 1.1732873974796151e-07
42900.056 1.2577795451844597e-07
42950.056 1.0350006016997896e-07
43000.056 1.1247323932483543e-07
43050.056 7.11565963895166e-08
43100.056 9.503260655096902e-08
43150.056 8.661062571356215e-08
43200.056 1.2395183277200134e-07
43250.056 1.495645608260079e-07
43300.056 1.4567668190599178e-07
43350.056 9.055895720697986e-08
43400.056 1.1445984147329305e-07
43450.056 8.878702330781347e-08
43500.056 8.236930491851352e-08
43550.056 9.045267475852182e-08
43600.056 1.385169381642198e-07
43650.056 1.0059312479590561e-07
43700.056 1.4352752343203728e-07
43750.056 1.2928558532330746e-07
43800.056 1.2212368909038223e-07
43850.056 1.0336757491300173e-07
43900.056 1.041793653078122e-07
43950.056 6.788441051229826e-08
44000.056 6.813517714539118e-08
44050.056 1.4380372386000675e-07
44100.056 1.8130880634699997e-07
44150.056 1.6068308010919264e-07
44200.056 1.4022468015099414e-07
44250.056 9.167476979200742e-08
44300.056 7.639415201571476e-08
44350.056 9.014462869790565e-08
44400.056 8.457557222059111e-08
44450.056 1.28180651991968e-07
44500.056 1.2609259204623176e-07
44550.056 1.7372626314997738e-07
44600.056 1.441044060592066e-07
44650.056 1.3305994722243045e-07
44700.056 9.087525617700393e-08
44750.056 1.3764062841553666e-07
44800.056 1.021334247460553e-07
44850.056 1.315510599543198e-07
44900.056 1.1364890048480581e-07
44950.056 1.3707007970800614e-07
45000.056 1.4680213702600125e-07
45050.056 1.3743452790598744e-07
45100.056 1.257217174317968e-07
45150.056 1.2744612128408572e-07
45200.056 1.0186635608380515e-07
45250.056 1.1367399681965414e-07
45300.056 9.57099999835235e-08
45350.056 9.637401645342851e-08
45400.056 1.9098039571301906e-07
45450.056 1.5405808588700854e-07
45500.056 1.743995837102129e-07
45550.056 1.8623116773392882e-07
45600.056 1.7697578925104274e-07
45650.056 1.396643260289993e-07
45700.056 1.0245589884389931e-07
45750.056 9.956567420450109e-08
45800.056 1.9860759115899039e-07
45850.056 1.752348084749895e-07
45900.056 1.9886440207198838e-07
45950.056 1.6613130662299394e-07
46000.056 1.8702921937851012e-07
46050.056 1.463937853633168e-07
46100.056 2.0685283757797227e-07
46150.056 1.3907728798151238e-07
46200.056 1.2330212638928883e-07
46250.056 6.27512692922965e-08
46300.056 1.462438262224049e-07
46350.056 1.4755841377402286e-07
46400.056 1.278377797640029e-07
46450.056 1.1976897339522618e-07
46500.056 1.4408259394163974e-07
46550.056 8.591445573400218e-08
46600.056 1.238569410587067e-07
46650.056 1.8312916582800418e-07
46700.056 1.2023465339896793e-07
46750.056 7.766309939678696e-08
46800.056 5.3307216691667575e-08
46850.056 1.8806366357303905e-07
46900.056 1.6336834020299272e-07
46950.056 1.609303354639915e-07
47000.056 1.589553937100344e-07
47050.056 1.2472262817514659e-07
47100.056 8.728839451039408e-08
47150.056 1.2167205584051733e-07
47200.056 1.4598293905099732e-07
47250.056 9.861879306799183e-08
47300.056 6.74804178330531e-08
47350.056 1.800990345539846e-07
47400.056 1.4640933837598925e-07
47450.056 1.446791432753069e-07
47500.056 1.7896303983173857e-07
47550.056 1.5461584412401285e-07
47600.056 1.4894708541200104e-07
47650.056 1.4416448356584164e-07
47700.056 1.2419562427864242e-07
47750.056 9.335250732710549e-08
47800.056 8.519385401080801e-08
47850.056 5.182511868866018e-08
47900.056 7.465838655678483e-08
47950.056 1.285642454008188e-07
48000.056 1.8407860108003694e-07
48050.056 1.6266789346200673e-07
48100.056 7.567298763341092e-08
48150.056 1.2880176848600431e-07
48200.056 9.498556004200225e-08
48250.056 1.0699338676600643e-07
48300.056 1.6324664144596065e-07
48350.056 1.0035252953900563e-07
48400.056 4.004166302448881e-08
48450.056 8.074289393308627e-08
48500.056 1.181832954759732e-07
48550.056 1.1382053177080904e-07
48600.056 1.2855996796399964e-07
48650.056 1.523648763159772e-07
48700.056 1.106592339754032e-07
48750.056 7.568040054914613e-08
48800.056 1.568430510959924e-07
48850.056 8.879950658738565e-08
48900.056 1.3281841028783614e-07
48950.056 7.715787942500858e-08
49000.056 3.8818946132285464e-08
49050.056 1.059004588119872e-07
49100.056 1.3499497685233002e-07
49150.056 9.906430669094213e-08
49200.056 1.58162219323036e-07
49250.056 1.4943975033802368e-07
49300.056 1.287969569882006e-07
49350.056 5.72130108542713e-08
49400.056 8.141222928087968e-08
49450.056 8.706627817322868e-08
49500.056 6.694656450119358e-08
49550.056 2.1059330002702577e-08
49600.056 5.1120000441092404e-08
49650.056 9.170203943599862e-08
49700.056 9.165060127856431e-08
49750.056 1.0002957842398984e-07
49800.056 7.221299355415214e-08
49850.056 1.3283077528143862e-07
49900.056 1.0230911463658159e-07
49950.056 1.0503589190700834e-07
50000.056 8.617389053997436e-08
50050.056 1.0499945169800431e-07
50100.056 8.164439395400223e-08
50150.056 4.5905555989589963e-08
50200.056 1.1828043789464182e-08
50250.056 5.8728060302992474e-08
50300.056 3.9109584610526403e-08
50350.056 1.0161670583051322e-07
50400.056 9.292530919118928e-08
50450.056 7.292333765236633e-08
50500.056 1.0178239886041328e-07
50550.056 9.014229848001149e-08
50600.056 6.96816595932787e-08
50650.056 1.1040958746202197e-07
50700.056 1.1150178103295538e-07
50750.056 7.679474035641033e-08
50800.056 3.351856288425492e-08
50850.056 2.256003888891119e-08
50900.056 9.399600752300011e-08
50950.056 7.162219591100472e-08
51000.056 6.761118376190439e-08
51050.056 8.366599205999264e-08
51100.056 3.630710294130488e-08
51150.056 4.8034881859414966e-08
51200.056 1.1471095956099458e-07
51250.056 7.117755710852599e-08
51300.056 5.551940627192894e-08
51350.056 5.460179150407445e-08
51400.056 2.2949757833871365e-08
51450.056 1.8221025798458942e-08
51500.056 1.876050717532069e-08
51550.056 6.333225179056576e-08
51600.056 4.531291071830473e-08
51650.056 5.322609836298633e-08
51700.056 5.8739932953607433e-08
51750.056 3.960332334910942e-08
51800.056 6.494221338199175e-08
51850.056 5.6483424903294014e-08
51900.056 7.870495595159277e-08
51950.056 5.038233001359332e-08
52000.056 8.047318137727021e-09
52050.056 3.047692506980459e-08
52100.056 2.0086760525198232e-08
52150.056 1.3257455934044884e-08
52200.056 2.638452738749016e-08
52250.056 3.754684671401515e-08
52300.056 5.4618989711296375e-08
52350.056 2.548518955524759e-08
52400.056 2.241628126428245e-08
52450.056 6.428154281780465e-08
52500.056 5.1133856240515985e-08
52550.056 5.365827979079331e-08
52600.056 4.1156211218599516e-08
52650.056 4.8121709347004896e-08
52700.056 3.800320698399855e-08
52750.056 1.8551915413309054e-08
52800.056 2.9453424260804073e-08
52850.056 3.254318253328997e-08
52900.056 1.9162432818203604e-08
52950.056 2.6719532999382255e-08
53000.056 4.1497034764612534e-08
53050.056 1.7241184329395345e-08
53100.056 4.0709925183786745e-08
53150.056 4.712970162080254e-08
53200.056 2.24746838381383e-08
53250.056 4.676761729018522e-08
53300.056 5.637912010493135e-08
53350.056 4.4159865922141344e-08
53400.056 3.036536178339043e-08
53450.056 1.3071181878645997e-08
53500.056 3.2690436809401404e-09
