galfind/configs/Brown_Dwarf_templates/sonora_bobcat/m+0.5/56g/sp_t1900g56nc_m+0.5_resample.dat
# %ECSV 1.0
# ---
# datatype:
# - {name: wav, unit: Angstrom, datatype: float64}
# - {name: flux_nu, unit: erg / (cm2 Hz s), datatype: float64}
# meta: {C/O: '1.00', Kzz: '1.0000E+05', Teff: '1900.', Y: '0.28', '[Fe/H]': '0.50', f_hole: '1.00', f_rain: '0.00', grav: '56.'}
# schema: astropy-2.0
wav flux_nu
[from data line 497]
28850.056 1.5903673651802244e-06
28900.056 1.3299391912201167e-06
28950.056 1.7658294251397333e-06
29000.056 1.4158786441794303e-06
29050.056 1.4458895403096633e-06
29100.056 1.2396133504600324e-06
29150.056 1.5460709545103052e-06
29200.056 1.419729044580445e-06
29250.056 1.6061180985701038e-06
29300.056 1.3628074762591037e-06
29350.056 1.7651878333196119e-06
29400.056 1.4475297556098071e-06
29450.056 1.4749259682199141e-06
29500.056 1.5768487162098232e-06
29550.056 1.5016760239701453e-06
29600.056 1.5813487954499116e-06
29650.056 1.5877440923199512e-06
29700.056 1.356081947309808e-06
29750.056 1.7641671832210147e-06
29800.056 1.6961589088199723e-06
29850.056 1.6713720545597866e-06
29900.056 1.498284688620379e-06
29950.056 1.7626103367996945e-06
30000.056 1.761400746889435e-06
30050.056 1.6512345544698548e-06
30100.056 1.3156329507896175e-06
30150.056 2.0549536961897925e-06
30200.056 1.8157714183802101e-06
30250.056 1.753177728100607e-06
30300.056 1.8156999327498283e-06
30350.056 1.6347574424102926e-06
30400.056 2.00798963236042e-06
30450.056 1.6236723876801682e-06
30500.056 1.5319026503302873e-06
30550.056 2.1182719849005334e-06
30600.056 2.0276082914902923e-06
30650.056 2.0161620378300712e-06
30700.056 1.8984894437199863e-06
30750.056 1.7918433403900841e-06
30800.056 2.1670169457006065e-06
30850.056 1.8725125808399278e-06
30900.056 1.908618188389833e-06
30950.056 1.8307075217802569e-06
31000.056 2.1113546992299177e-06
31050.056 1.7434444593299855e-06
31100.056 2.0351665622499125e-06
31150.056 2.1191847277797414e-06
31200.056 2.1147476398797144e-06
31250.056 2.2851022520304844e-06
31300.056 2.0264407213997826e-06
31350.056 2.0673724291399922e-06
31400.056 2.0816168862004636e-06
31450.056 2.1196739450601313e-06
31500.056 2.1671415377204835e-06
31550.056 1.998263349620012e-06
31600.056 2.1356163833598664e-06
31650.056 2.2327722351400203e-06
31700.056 2.279555723329903e-06
31750.056 1.9552266267302205e-06
31800.056 2.3195183824002417e-06
31850.056 2.5217336656700564e-06
31900.056 2.4531324440498426e-06
31950.056 1.8987047608297455e-06
32000.056 2.1282771511306297e-06
32050.056 2.483998338140206e-06
32100.056 2.469795134439593e-06
32150.056 2.4579567908001588e-06
32200.056 2.387490990589942e-06
32250.056 2.218760406650205e-06
32300.056 2.4730446938901707e-06
32350.056 2.579273190080338e-06
32400.056 2.3586763546699907e-06
32450.056 2.2629861585302585e-06
32500.056 2.482036951260272e-06
32550.056 2.747186932420132e-06
32600.056 2.727444375759835e-06
32650.056 2.6173306658509307e-06
32700.056 2.4903710709301525e-06
32750.056 2.6251700538400407e-06
32800.056 2.3975255499002653e-06
32850.056 2.8519989308597513e-06
32900.056 2.724381956119968e-06
32950.056 2.318049008069783e-06
33000.056 2.5414552335403306e-06
33050.056 2.6311890637797046e-06
33100.056 2.7578522561191584e-06
33150.056 2.699935523400188e-06
33200.056 2.4865368438706793e-06
33250.056 2.724692634400053e-06
33300.056 2.9605460693001567e-06
33350.056 2.7414123095602197e-06
33400.056 2.529714071049712e-06
33450.056 2.773196663569059e-06
33500.056 2.7732232794202857e-06
33550.056 2.695180082219567e-06
33600.056 2.7562077561006903e-06
33650.056 2.867941896130698e-06
33700.056 2.991197995419538e-06
33750.056 2.96353011933007e-06
33800.056 2.877078346360034e-06
33850.056 2.7465447580300593e-06
33900.056 3.119809822099523e-06
33950.056 2.7344613241196025e-06
34000.056 2.7991139521792824e-06
34050.056 2.8545332914500245e-06
34100.056 3.0854894361204283e-06
34150.056 2.9966698787997044e-06
34200.056 2.8182032105494673e-06
34250.056 3.164266846399621e-06
34300.056 2.937091808289596e-06
34350.056 3.0593598097296563e-06
34400.056 2.778567172659549e-06
34450.056 2.8608748186199433e-06
34500.056 2.9245524512006163e-06
34550.056 2.8318187908498204e-06
34600.056 2.9964271024201246e-06
34650.056 3.0005783999999713e-06
34700.056 2.8778860794593993e-06
34750.056 3.077029747760269e-06
34800.056 3.2500222449995277e-06
34850.056 2.867938774560117e-06
34900.056 3.096105247780296e-06
34950.056 2.9964267659392513e-06
35000.056 2.890008613269565e-06
35050.056 3.245523747500513e-06
35100.056 3.0750353023891737e-06
35150.056 3.083878718409847e-06
35200.056 3.1574631423997095e-06
35250.056 2.7647454444201373e-06
35300.056 3.0857540706202617e-06
35350.056 3.252793262899735e-06
35400.056 3.016982750479723e-06
35450.056 2.9332334378604442e-06
35500.056 3.1881728756998235e-06
35550.056 2.989430799099888e-06
35600.056 2.8744700900195206e-06
35650.056 3.306393945700433e-06
35700.056 2.908852753600458e-06
35750.056 3.072304480519705e-06
35800.056 3.1446046596996335e-06
35850.056 3.2123118666996714e-06
35900.056 3.369126123599544e-06
35950.056 3.197874880999863e-06
36000.056 2.892590216399595e-06
36050.056 3.3475489705002806e-06
36100.056 3.4333228227997247e-06
36150.056 3.1034528907403403e-06
36200.056 3.3616494382995237e-06
36250.056 3.0593754081393323e-06
36300.056 3.586025003510826e-06
36350.056 3.4045671630995492e-06
36400.056 3.241131979099951e-06
36450.056 3.5414933356996547e-06
36500.056 3.3125384989002755e-06
36550.056 3.1670888393005053e-06
36600.056 3.2849299845003208e-06
36650.056 3.4001673907004113e-06
36700.056 3.5560798714002083e-06
36750.056 3.3242317765003647e-06
36800.056 3.3953919639995703e-06
36850.056 3.3713622599003533e-06
36900.056 3.5076904962006195e-06
36950.056 3.4745556999999746e-06
37000.056 3.557659910500165e-06
37050.056 3.5800555593999153e-06
37100.056 3.4930547788003794e-06
37150.056 3.4666026202991832e-06
37200.056 3.6317100616000926e-06
37250.056 3.6605269929003202e-06
37300.056 3.670831385000737e-06
37350.056 3.439351108300526e-06
37400.056 3.6143664847996013e-06
37450.056 3.627699478400361e-06
37500.056 3.674244816899768e-06
37550.056 3.5796280352992946e-06
37600.056 3.7873332961994405e-06
37650.056 3.5066541598995978e-06
37700.056 3.541233935200103e-06
37750.056 3.816679158799443e-06
37800.056 3.89680446829991e-06
37850.056 3.685306313799825e-06
37900.056 3.786460819200266e-06
37950.056 3.837307479400191e-06
38000.056 3.689469959800557e-06
38050.056 3.7648227869002374e-06
38100.056 3.616939174300228e-06
38150.056 3.9316015868993874e-06
38200.056 4.039863101499365e-06
38250.056 3.6664574285006012e-06
38300.056 3.6194281899999267e-06
38350.056 3.7919890195998246e-06
38400.056 3.849557081999779e-06
38450.056 3.891762683200401e-06
38500.056 3.79292909709977e-06
38550.056 3.7894134632002144e-06
38600.056 4.148366774399756e-06
38650.056 3.6336693055001827e-06
38700.056 3.738761105100632e-06
38750.056 3.887555971800012e-06
38800.056 3.835108725100488e-06
38850.056 3.817196790400362e-06
38900.056 3.7195559154998665e-06
38950.056 3.911316850299561e-06
39000.056 3.8018162519001406e-06
39050.056 3.8691213139999246e-06
39100.056 3.6574240224999417e-06
39150.056 3.78474383340019e-06
39200.056 3.936904096000207e-06
39250.056 3.907814396199293e-06
39300.056 3.893139814899169e-06
39350.056 3.866057385300449e-06
39400.056 3.789063495900107e-06
39450.056 3.8027538177997028e-06
39500.056 3.7895708760997702e-06
39550.056 3.6930388871592636e-06
39600.056 4.056787060300241e-06
39650.056 3.632684724100073e-06
39700.056 3.812487354499826e-06
39750.056 3.7778715089995347e-06
39800.056 3.5941770418002326e-06
39850.056 3.6930296738997108e-06
39900.056 3.647855222899869e-06
39950.056 3.851521048799849e-06
40000.056 3.519987130599768e-06
40050.056 3.332111028099912e-06
40100.056 3.6138501701997673e-06
40150.056 3.3544049742993767e-06
40200.056 3.4930460953996266e-06
40250.056 3.5479702708988583e-06
40300.056 3.2023566004501897e-06
40350.056 3.4698893954004647e-06
40400.056 3.528589875299783e-06
40450.056 3.274637655500719e-06
40500.056 3.0385529654001455e-06
40550.056 3.5680263462997874e-06
40600.056 3.1776274502803142e-06
40650.056 3.238322798500675e-06
40700.056 3.4398810853003445e-06
40750.056 3.0258396210990156e-06
40800.056 3.0071345430504544e-06
40850.056 2.8510780761406784e-06
40900.056 2.8319132296005823e-06
40950.056 3.0784517652399446e-06
41000.056 3.1848247700002844e-06
41050.056 3.0801997280793683e-06
41100.056 2.9385534824004557e-06
41150.056 3.1559233861002002e-06
41200.056 2.91475017114998e-06
41250.056 3.0088900881002766e-06
41300.056 2.592174765599622e-06
41350.056 3.0879251123002056e-06
41400.056 2.934176321200076e-06
41450.056 2.78775366458013e-06
41500.056 3.033881681960061e-06
41550.056 2.9421210595500293e-06
41600.056 3.130256936599931e-06
41650.056 2.7214340223005636e-06
41700.056 2.601892087959675e-06
41750.056 2.6831872663298357e-06
41800.056 2.6228651200395764e-06
41850.056 2.4777850796404314e-06
41900.056 2.7806361885097424e-06
41950.056 2.2181593146505956e-06
42000.056 2.549701857990197e-06
42050.056 2.295526473509071e-06
42100.056 2.605708137970436e-06
42150.056 2.00046003034907e-06
42200.056 2.1864154959600025e-06
42250.056 2.278297763489967e-06
42300.056 1.8455682390299412e-06
42350.056 2.255837065470678e-06
42400.056 1.937193843190454e-06
42450.056 1.5779798233603678e-06
42500.056 1.752055907980393e-06
42550.056 1.7730347277501303e-06
42600.056 1.7584222673005696e-06
42650.056 1.4463062131687876e-06
42700.056 1.7970022581008143e-06
42750.056 1.6119104581500877e-06
42800.056 1.5521042269205882e-06
42850.056 1.540661548429754e-06
42900.056 1.5637619839900746e-06
42950.056 1.4492350846291767e-06
43000.056 1.4563930749799905e-06
43050.056 1.4604369723508363e-06
43100.056 1.5557759669802222e-06
43150.056 1.524340925830288e-06
43200.056 1.5625387834102005e-06
43250.056 1.4832476176100336e-06
43300.056 1.558094778670226e-06
43350.056 1.4087174181799266e-06
43400.056 1.4920570081699538e-06
43450.056 1.5575003079907519e-06
43500.056 1.4423859242197395e-06
43550.056 1.5620592423799275e-06
43600.056 1.5515338524302441e-06
43650.056 1.3601292400802933e-06
43700.056 1.3420304635395336e-06
43750.056 1.4198670230401814e-06
43800.056 1.2953533912102723e-06
43850.056 1.3751574240503893e-06
43900.056 1.4498492846199514e-06
43950.056 1.3659558922605702e-06
44000.056 1.308743988940395e-06
44050.056 1.354867633580183e-06
44100.056 1.3682915636003453e-06
44150.056 1.425539750319561e-06
44200.056 1.333304007369839e-06
44250.056 1.3352356256900488e-06
44300.056 1.3203102991701406e-06
44350.056 1.2933733296300353e-06
44400.056 1.3418094827699757e-06
44450.056 1.4018418035200052e-06
44500.056 1.469692292280125e-06
44550.056 1.2876236732996165e-06
44600.056 1.3820576744501655e-06
44650.056 1.4232834267802624e-06
44700.056 1.3504177598301327e-06
44750.056 1.4128965348097753e-06
44800.056 1.5431918875099168e-06
44850.056 1.492693476510124e-06
44900.056 1.4215835426502844e-06
44950.056 1.3057719298798853e-06
45000.056 1.4957423668598933e-06
45050.056 1.4534935590198212e-06
45100.056 1.5260359148698422e-06
45150.056 1.4845912420298653e-06
45200.056 1.3789388173300251e-06
45250.056 1.4099134931297629e-06
45300.056 1.4760153609400778e-06
45350.056 1.5765212856798361e-06
45400.056 1.5321574381002719e-06
45450.056 1.395502098459821e-06
45500.056 1.4192074185399044e-06
45550.056 1.588742744319858e-06
45600.056 1.5064819069999289e-06
45650.056 1.3410642423096296e-06
45700.056 1.5652905138201874e-06
45750.056 1.47749318359989e-06
45800.056 1.4569775566299698e-06
45850.056 1.671498663300006e-06
45900.056 1.6992751029001287e-06
45950.056 1.4762745842299528e-06
46000.056 1.726444603530012e-06
46050.056 1.6938148843103317e-06
46100.056 1.4755278343101261e-06
46150.056 1.545069485489973e-06
46200.056 1.727605721040366e-06
46250.056 1.4144152365399032e-06
46300.056 1.7928028545098725e-06
46350.056 1.44659105638984e-06
46400.056 1.5505259465497724e-06
46450.056 1.5402077440803896e-06
46500.056 1.4617452393499153e-06
46550.056 1.719372740349936e-06
46600.056 1.579922130479903e-06
46650.056 1.9722745485199645e-06
46700.056 1.8273279102504823e-06
46750.056 1.5133850908598455e-06
46800.056 1.6949584080003106e-06
46850.056 1.7581479386101115e-06
46900.056 1.6855564156396204e-06
46950.056 1.8220901852801794e-06
47000.056 1.6709075398999546e-06
47050.056 1.7769777604896578e-06
47100.056 1.572536680800134e-06
47150.056 1.6792911318503856e-06
47200.056 1.6935888036605348e-06
47250.056 1.6014770888695445e-06
47300.056 1.6486526341295053e-06
47350.056 1.4056953845096368e-06
47400.056 1.7431752011695205e-06
47450.056 1.6979083805598638e-06
47500.056 1.658531700049501e-06
47550.056 1.5977080039696322e-06
47600.056 1.7904544830999418e-06
47650.056 1.2911025397395921e-06
47700.056 1.7914249290501116e-06
47750.056 1.2550621777503894e-06
47800.056 1.778197675909795e-06
47850.056 1.3883904493795083e-06
47900.056 1.8181615861801398e-06
47950.056 1.3101421476203647e-06
48000.056 1.9603319835000164e-06
48050.056 1.4311280201103364e-06
48100.056 1.5687517074899914e-06
48150.056 1.4486231713502044e-06
48200.056 1.7906905455804704e-06
48250.056 1.4808535886397022e-06
48300.056 1.93123803696969e-06
48350.056 1.323254222759798e-06
48400.056 1.7943820478799784e-06
48450.056 1.5094181785501479e-06
48500.056 1.9296884179700507e-06
48550.056 1.3821544347400872e-06
48600.056 1.7542784338898152e-06
48650.056 1.3739688459699781e-06
48700.056 1.6600870337000648e-06
48750.056 1.2666286133902806e-06
48800.056 1.9677808108001307e-06
48850.056 1.4119705472697412e-06
48900.056 1.737765039150077e-06
48950.056 1.6473336127801803e-06
49000.056 1.600828729149845e-06
49050.056 1.62977623101987e-06
49100.056 1.5609392397401538e-06
49150.056 1.6089067821401367e-06
49200.056 1.6551662801099672e-06
49250.056 1.5911486536801006e-06
49300.056 1.438997348089777e-06
49350.056 1.4563439276700263e-06
49400.056 1.7640684946802702e-06
49450.056 1.4984699647703833e-06
49500.056 1.593360779190219e-06
49550.056 1.4044477881500214e-06
49600.056 1.5196807367603908e-06
49650.056 1.5519267395802225e-06
49700.056 1.3348806094798922e-06
49750.056 1.937450611239587e-06
49800.056 1.5673801039800562e-06
49850.056 1.8414682319400119e-06
49900.056 1.5180644891801514e-06
49950.056 1.6450135403693942e-06
50000.056 1.5578316722696106e-06
50050.056 1.6060536042701669e-06
50100.056 1.6581484078498303e-06
50150.056 1.4912079494999997e-06
50200.056 1.3451590345901479e-06
50250.056 1.4871562148601104e-06
50300.056 1.4518813054397603e-06
50350.056 1.6153666081100398e-06
50400.056 1.5188612940600961e-06
50450.056 1.4598925605301921e-06
50500.056 1.9024471844003533e-06
50550.056 1.5476204701398601e-06
50600.056 1.6369439344401535e-06
50650.056 1.5593022270904392e-06
50700.056 1.6812136053793583e-06
50750.056 1.637395386050225e-06
50800.056 1.3646183121599473e-06
50850.056 1.5489599445502774e-06
50900.056 1.5691199743799618e-06
50950.056 1.6954006550602442e-06
51000.056 1.8586602392802035e-06
51050.056 1.4296339307902956e-06
51100.056 1.4407137901898841e-06
51150.056 1.6286013425099996e-06
51200.056 1.5518128173398738e-06
51250.056 1.706893602009974e-06
51300.056 1.4872388268905346e-06
51350.056 1.6215698334496832e-06
51400.056 1.5360143275395102e-06
51450.056 1.1535029961298223e-06
51500.056 1.601053656679873e-06
51550.056 1.8974419647801855e-06
51600.056 1.3133864323099803e-06
51650.056 1.5508897802397171e-06
51700.056 1.3948861744195435e-06
51750.056 1.41217481068012e-06
51800.056 1.609750979849827e-06
51850.056 1.6607846401299264e-06
51900.056 1.7046771044003183e-06
51950.056 1.5353023053198216e-06
52000.056 1.403993539479959e-06
52050.056 1.6049678464498784e-06
52100.056 1.5445328942096081e-06
52150.056 1.5550344058302491e-06
52200.056 1.4930927116501063e-06
52250.056 1.5070693196999892e-06
52300.056 1.5467343066999845e-06
52350.056 1.7969592129602304e-06
52400.056 1.3513705947400433e-06
52450.056 1.524997163829914e-06
52500.056 1.6343490773295193e-06
52550.056 1.4988351415195228e-06
52600.056 1.6060808326602032e-06
52650.056 1.8162901636403655e-06
52700.056 1.5638633299700357e-06
52750.056 1.251738056139822e-06
52800.056 1.4316984308101864e-06
52850.056 1.3572705998898535e-06
52900.056 1.4953050275402014e-06
52950.056 1.4913777569396664e-06
53000.056 1.6454179377698137e-06
53050.056 1.54362185422974e-06
53100.056 1.3629618095495977e-06
53150.056 1.6979557839403905e-06
53200.056 1.2464528883002747e-06
53250.056 1.7806333570598792e-06
