galfind/configs/Brown_Dwarf_templates/sonora_bobcat/m+0.5/56g/sp_t2400g56nc_m+0.5_resample.dat
# %ECSV 1.0
# ---
# datatype:
# - {name: wav, unit: Angstrom, datatype: float64}
# - {name: flux_nu, unit: erg / (cm2 Hz s), datatype: float64}
# meta: {C/O: '1.00', Kzz: '1.0000E+05', Teff: '2400.', Y: '0.28', '[Fe/H]': '0.50', f_hole: '1.00', f_rain: '0.00', grav: '56.'}
# schema: astropy-2.0
wav flux_nu
[from data line 503]
29150.056 4.407548675300058e-06
29200.056 4.209230119899984e-06
29250.056 4.377852174099895e-06
29300.056 4.115168318398481e-06
29350.056 4.611571325699546e-06
29400.056 4.219004071499844e-06
29450.056 4.09921749809979e-06
29500.056 4.342638230299579e-06
29550.056 4.225173012300385e-06
29600.056 4.352789248300141e-06
29650.056 4.336643426400175e-06
29700.056 4.024253716599676e-06
29750.056 4.579708673800997e-06
29800.056 4.45981238389975e-06
29850.056 4.368938674699524e-06
29900.056 4.065796726800909e-06
29950.056 4.5719095346994115e-06
30000.056 4.522868624298607e-06
30050.056 4.352086736300046e-06
30100.056 3.735931917299354e-06
30150.056 4.920185309699712e-06
30200.056 4.662857988400288e-06
30250.056 4.374473479100587e-06
30300.056 4.486151242499962e-06
30350.056 4.403994430600746e-06
30400.056 4.796692306800462e-06
30450.056 4.126316987000472e-06
30500.056 4.133624502300513e-06
30550.056 4.937350279200681e-06
30600.056 4.71580586390027e-06
30650.056 4.662047960800241e-06
30700.056 4.424404154300001e-06
30750.056 4.360432836200165e-06
30800.056 4.8725927605011874e-06
30850.056 4.44630103800004e-06
30900.056 4.467946115699737e-06
30950.056 4.326357434200295e-06
31000.056 4.806051391399886e-06
31050.056 4.326939544700133e-06
31100.056 4.665830326800085e-06
31150.056 4.659349938699763e-06
31200.056 4.818155471599566e-06
31250.056 4.930144066100753e-06
31300.056 4.5806888658997165e-06
31350.056 4.4895398877999645e-06
31400.056 4.741415226100483e-06
31450.056 4.7007376529003295e-06
31500.056 4.804424931000518e-06
31550.056 4.46383225269997e-06
31600.056 4.637915226799911e-06
31650.056 4.7815984795998325e-06
31700.056 4.944342421400047e-06
31750.056 4.459219616300062e-06
31800.056 4.813214133700342e-06
31850.056 5.1585786319997675e-06
31900.056 5.047742598099656e-06
31950.056 4.506446047099633e-06
32000.056 4.6443499057005935e-06
32050.056 5.0679783720005475e-06
32100.056 5.138430688099668e-06
32150.056 5.084909401300117e-06
32200.056 4.903821196799901e-06
32250.056 4.757885317700123e-06
32300.056 4.990846168100077e-06
32350.056 5.240309383200537e-06
32400.056 4.869590593100011e-06
32450.056 4.7643759139002815e-06
32500.056 5.042175962800162e-06
32550.056 5.338408045400125e-06
32600.056 5.2027689718997275e-06
32650.056 5.158776854800973e-06
32700.056 4.957307679600088e-06
32750.056 5.1564853137999685e-06
32800.056 4.859214895800662e-06
32850.056 5.4159733139997915e-06
32900.056 5.254655589400231e-06
32950.056 4.873581999999941e-06
33000.056 5.135110042600193e-06
33050.056 5.154513528699649e-06
33100.056 5.260258221099125e-06
33150.056 5.249914786300359e-06
33200.056 5.033253269400483e-06
33250.056 5.201692935000292e-06
33300.056 5.534641539800281e-06
33350.056 5.257810777300349e-06
33400.056 5.04777670099969e-06
33450.056 5.355788599598751e-06
33500.056 5.265935370700147e-06
33550.056 5.252443680799288e-06
33600.056 5.286022085000424e-06
33650.056 5.350454522900722e-06
33700.056 5.480463137199351e-06
33750.056 5.459179080900228e-06
33800.056 5.425229444899854e-06
33850.056 5.267668266899937e-06
33900.056 5.655981884099573e-06
33950.056 5.253718545699528e-06
34000.056 5.282697434299252e-06
34050.056 5.4254123888001465e-06
34100.056 5.620867443200427e-06
34150.056 5.555232456699581e-06
34200.056 5.324151178099501e-06
34250.056 5.7117039788993556e-06
34300.056 5.429276801299462e-06
34350.056 5.634415785899406e-06
34400.056 5.3548071827995576e-06
34450.056 5.344432265900095e-06
34500.056 5.45204001410086e-06
34550.056 5.396387109399821e-06
34600.056 5.512764071599887e-06
34650.056 5.524380862099795e-06
34700.056 5.334777881699677e-06
34750.056 5.626522151900246e-06
34800.056 5.705139819699694e-06
34850.056 5.367526202600001e-06
34900.056 5.637550079300412e-06
34950.056 5.516241429799222e-06
35000.056 5.4488137458996816e-06
35050.056 5.727652871100489e-06
35100.056 5.7072190992992255e-06
35150.056 5.521291955899548e-06
35200.056 5.659751723699747e-06
35250.056 5.262471057000465e-06
35300.056 5.617986781900452e-06
35350.056 5.783917440599628e-06
35400.056 5.579458282299967e-06
35450.056 5.470292119800117e-06
35500.056 5.676826238900139e-06
35550.056 5.571217705199991e-06
35600.056 5.543347858199158e-06
35650.056 5.792009599200449e-06
35700.056 5.512480986300257e-06
35750.056 5.5013935629997035e-06
35800.056 5.692875454599754e-06
35850.056 5.799610295599729e-06
35900.056 5.8021377939996065e-06
35950.056 5.724948018199404e-06
36000.056 5.4041011400995196e-06
36050.056 5.791329214000123e-06
36100.056 5.981563122800159e-06
36150.056 5.544174909400243e-06
36200.056 5.8348172028995405e-06
36250.056 5.578785308799361e-06
36300.056 6.0465199055006915e-06
36350.056 5.925077061899468e-06
36400.056 5.754997596999817e-06
36450.056 6.0075969125997185e-06
36500.056 5.724689750800305e-06
36550.056 5.628251024500402e-06
36600.056 5.676019528500472e-06
36650.056 5.813235698400464e-06
36700.056 5.993599985500148e-06
36750.056 5.682035282200643e-06
36800.056 5.815404018099572e-06
36850.056 5.8985909049998315e-06
36900.056 5.9271535471006e-06
36950.056 5.9138048839001445e-06
37000.056 5.90961703100022e-06
37050.056 6.036203240599942e-06
37100.056 5.8326159594003e-06
37150.056 5.783843890899176e-06
37200.056 5.977393985100152e-06
37250.056 6.003946591700311e-06
37300.056 5.948655006000808e-06
37350.056 5.810324173600535e-06
37400.056 5.987456736599766e-06
37450.056 5.965621397000375e-06
37500.056 6.097034611499805e-06
37550.056 5.934470418799336e-06
37600.056 6.132621000999413e-06
37650.056 5.753864443299535e-06
37700.056 5.8264193512002185e-06
37750.056 6.10865752339923e-06
37800.056 6.190695241799999e-06
37850.056 6.029406154299792e-06
37900.056 6.102927829100311e-06
37950.056 6.127399280900275e-06
38000.056 6.023687516300631e-06
38050.056 6.032742403300345e-06
38100.056 5.906317687700131e-06
38150.056 6.159776402299324e-06
38200.056 6.271164215799381e-06
38250.056 6.017113126800515e-06
38300.056 5.93254538299992e-06
38350.056 6.116033536800072e-06
38400.056 6.11742862689989e-06
38450.056 6.053972093500557e-06
38500.056 6.040186520499774e-06
38550.056 6.087860976500413e-06
38600.056 6.362944185399754e-06
38650.056 5.8396250303001905e-06
38700.056 5.919751393600442e-06
38750.056 6.1774452960000495e-06
38800.056 6.026025863700712e-06
38850.056 6.1259000431002086e-06
38900.056 5.907941513700026e-06
38950.056 6.0684079192996225e-06
39000.056 6.043005195500088e-06
39050.056 6.050528053300014e-06
39100.056 5.837426689599899e-06
39150.056 5.954603504500236e-06
39200.056 6.0341421475002035e-06
39250.056 6.039626087499457e-06
39300.056 6.059028730499201e-06
39350.056 6.016328164400477e-06
39400.056 5.874866868200186e-06
39450.056 5.947844282999824e-06
39500.056 5.90831767070002e-06
39550.056 5.8116062816990036e-06
39600.056 6.1265762291004335e-06
39650.056 5.811566216200173e-06
39700.056 5.952221492800018e-06
39750.056 5.967955201099555e-06
39800.056 5.73073847270021e-06
39850.056 5.86553812349981e-06
39900.056 5.719599751399694e-06
39950.056 5.901319073799802e-06
40000.056 5.727015147799735e-06
40050.056 5.409197333699811e-06
40100.056 5.720092174599881e-06
40150.056 5.4336235802993215e-06
40200.056 5.65154427679975e-06
40250.056 5.5933264394987e-06
40300.056 5.355621819900108e-06
40350.056 5.476888982300207e-06
40400.056 5.576420520000078e-06
40450.056 5.255100933700914e-06
40500.056 5.077707557499876e-06
40550.056 5.598249463299711e-06
40600.056 5.24581898330026e-06
40650.056 5.352530259800987e-06
40700.056 5.57190780600028e-06
40750.056 5.06919242859896e-06
40800.056 5.051327081500471e-06
40850.056 4.869963071000864e-06
40900.056 4.769687878300617e-06
40950.056 5.102646991600069e-06
41000.056 5.257661666900382e-06
41050.056 5.13574832879931e-06
41100.056 4.970482824300518e-06
41150.056 5.232179008100213e-06
41200.056 4.962061729700072e-06
41250.056 5.065727914300119e-06
41300.056 4.662494114299806e-06
41350.056 5.133730233000304e-06
41400.056 4.990412225599885e-06
41450.056 4.834433458000071e-06
41500.056 5.056121438599977e-06
41550.056 5.089415001300031e-06
41600.056 5.208166667899787e-06
41650.056 4.782370839600476e-06
41700.056 4.682568080399777e-06
41750.056 4.90630751550004e-06
41800.056 4.690615373899842e-06
41850.056 4.540929681700502e-06
41900.056 4.905110663599359e-06
41950.056 4.557837193400435e-06
42000.056 4.758167984000266e-06
42050.056 4.544841994998921e-06
42100.056 4.815260099300306e-06
42150.056 4.38606371799927e-06
42200.056 4.417783704200221e-06
42250.056 4.64766900929986e-06
42300.056 4.3984953494000844e-06
42350.056 4.681387442800524e-06
42400.056 4.396281677600066e-06
42450.056 4.0214813158003695e-06
42500.056 4.110288966400218e-06
42550.056 4.330507536299843e-06
42600.056 4.274990992100404e-06
42650.056 4.149502933699113e-06
42700.056 4.301484352000726e-06
42750.056 4.152837479899929e-06
42800.056 4.178332539900243e-06
42850.056 4.323824828699816e-06
42900.056 4.2347295826003035e-06
42950.056 3.935050168698774e-06
43000.056 4.0831645874999634e-06
43050.056 4.020064744401083e-06
43100.056 4.0990951638995005e-06
43150.056 4.225345020000654e-06
43200.056 4.073132097899909e-06
43250.056 4.071393368400728e-06
43300.056 4.1798605697002786e-06
43350.056 3.979054253899627e-06
43400.056 3.925506651499861e-06
43450.056 4.014207912200811e-06
43500.056 3.927944885499158e-06
43550.056 4.045908919299843e-06
43600.056 4.152082963499996e-06
43650.056 3.909548099800425e-06
43700.056 3.936201104899892e-06
43750.056 3.92666689889997e-06
43800.056 3.84781703490005e-06
43850.056 4.015510780200278e-06
43900.056 3.97729246589994e-06
43950.056 3.828539756600541e-06
44000.056 3.7276465798004624e-06
44050.056 3.816072373200122e-06
44100.056 3.750685651300633e-06
44150.056 4.056432592299387e-06
44200.056 3.861626896700098e-06
44250.056 3.6730587717998033e-06
44300.056 3.647581260600498e-06
44350.056 3.712938056900065e-06
44400.056 3.6607675697000314e-06
44450.056 3.869298965100143e-06
44500.056 3.981624176600575e-06
44550.056 3.6866380962992725e-06
44600.056 3.7554467029004272e-06
44650.056 3.820510695300074e-06
44700.056 3.643990581100325e-06
44750.056 3.835625753799729e-06
44800.056 3.849539674399854e-06
44850.056 3.988748270000372e-06
44900.056 3.8565498394005715e-06
44950.056 3.5975759331000586e-06
45000.056 3.848650426600012e-06
45050.056 3.7645184238996465e-06
45100.056 3.8622232050996825e-06
45150.056 3.885684989200127e-06
45200.056 3.6698896776997766e-06
45250.056 3.6974718239995503e-06
45300.056 3.5957406499999572e-06
45350.056 3.8599358424992525e-06
45400.056 3.90404959890029e-06
45450.056 3.729299443199378e-06
45500.056 3.6319480446998755e-06
45550.056 3.8015422387992845e-06
45600.056 3.822748577399925e-06
45650.056 3.6389155634990145e-06
45700.056 3.613623955200496e-06
45750.056 3.7656075133996763e-06
45800.056 3.8146254749001302e-06
45850.056 3.871876167800153e-06
45900.056 3.89079784409995e-06
45950.056 3.632391631500083e-06
46000.056 3.736270849000035e-06
46050.056 3.835276018800748e-06
46100.056 3.6534280186001993e-06
46150.056 3.6857407220000257e-06
46200.056 3.875355307500628e-06
46250.056 3.564102479299924e-06
46300.056 3.840289568299806e-06
46350.056 3.4662963442997925e-06
46400.056 3.6764703650996287e-06
46450.056 3.558035596700661e-06
46500.056 3.5609648166002513e-06
46550.056 3.737842251099896e-06
46600.056 3.475272373799613e-06
46650.056 3.909007281800147e-06
46700.056 3.6814797449006442e-06
46750.056 3.4689929893999897e-06
46800.056 3.6447434203005107e-06
46850.056 3.7016660981999456e-06
46900.056 3.6347921723994755e-06
46950.056 3.679921414100148e-06
47000.056 3.733994772000157e-06
47050.056 3.6319437878998315e-06
47100.056 3.669506902400204e-06
47150.056 3.602875397800417e-06
47200.056 3.5977788766006486e-06
47250.056 3.6536808630990033e-06
47300.056 3.471659936399144e-06
47350.056 3.4502739354995794e-06
47400.056 3.695320770499521e-06
47450.056 3.863857883599828e-06
47500.056 3.4728895011991685e-06
47550.056 3.6638698184993244e-06
47600.056 3.6959890270999854e-06
47650.056 3.2900701104994088e-06
47700.056 3.723197865300143e-06
47750.056 3.2208478973008264e-06
47800.056 3.7223312471997624e-06
47850.056 3.386641884698541e-06
47900.056 3.7460457079001107e-06
47950.056 3.313146799900799e-06
48000.056 3.77172622220008e-06
48050.056 3.487052930700686e-06
48100.056 3.3792809710000734e-06
48150.056 3.424729577500363e-06
48200.056 3.663274581500925e-06
48250.056 3.4899595061997828e-06
48300.056 3.824830081199888e-06
48350.056 3.1995730400994292e-06
48400.056 3.669347300999864e-06
48450.056 3.601924140400213e-06
48500.056 3.7085420545000065e-06
48550.056 3.4267149043000835e-06
48600.056 3.6057065637997696e-06
48650.056 3.2890132255999286e-06
48700.056 3.388385851900114e-06
48750.056 3.220066206700602e-06
48800.056 3.669549336800171e-06
48850.056 3.397438682799464e-06
48900.056 3.5939438376000154e-06
48950.056 3.5796980206006245e-06
49000.056 3.453143327499824e-06
49050.056 3.419738099999771e-06
49100.056 3.441854422599951e-06
49150.056 3.359919231600167e-06
49200.056 3.696814055600096e-06
49250.056 3.463030928600364e-06
49300.056 3.3512993729997905e-06
49350.056 3.1344875694000616e-06
49400.056 3.559412500700591e-06
49450.056 3.367111134600531e-06
49500.056 3.349837645300383e-06
49550.056 3.277504517300049e-06
49600.056 3.25929948510028e-06
49650.056 3.302846162400707e-06
49700.056 3.018678713599648e-06
49750.056 3.5863084677993706e-06
49800.056 3.4625334680999822e-06
49850.056 3.5735444119001267e-06
49900.056 3.2520567927000098e-06
49950.056 3.430294692798929e-06
50000.056 3.1831270611994134e-06
50050.056 3.448534478299999e-06
50100.056 3.288834800399723e-06
50150.056 3.2263158965997264e-06
50200.056 3.0124277354001495e-06
50250.056 3.0082750277002068e-06
50300.056 3.1515427437994415e-06
50350.056 3.170789019699938e-06
50400.056 3.2537714119002425e-06
50450.056 3.073711686600107e-06
50500.056 3.5448320491004243e-06
50550.056 3.290745991899754e-06
50600.056 3.2310129879003476e-06
50650.056 3.195746951600643e-06
50700.056 3.2698658110993277e-06
50750.056 3.136631432700242e-06
50800.056 3.0820630021000485e-06
50850.056 3.1015322084003038e-06
50900.056 3.1054599330000267e-06
50950.056 3.323088252400418e-06
51000.056 3.394305021900267e-06
51050.056 3.022553862300534e-06
51100.056 3.0169258258998694e-06
51150.056 3.228275732600259e-06
51200.056 3.2038134972997945e-06
51250.056 3.2212669190002485e-06
51300.056 3.096433417800592e-06
51350.056 3.1780112865997243e-06
51400.056 3.0995802468994093e-06
51450.056 2.6504939714998427e-06
51500.056 3.2094738094998677e-06
51550.056 3.3572571575002292e-06
51600.056 2.8315318930998134e-06
51650.056 3.1577323557997033e-06
51700.056 2.844110759199267e-06
51750.056 2.9695885965001785e-06
51800.056 3.0724086262996965e-06
51850.056 3.164544259700018e-06
51900.056 3.2373021707002374e-06
51950.056 2.9428021872997137e-06
52000.056 2.8547490703999997e-06
52050.056 3.1671108124997935e-06
52100.056 3.1000364001993686e-06
52150.056 3.060638912200487e-06
52200.056 2.96530376230008e-06
52250.056 2.8972174512999723e-06
52300.056 2.942316731699921e-06
52350.056 3.2364846508003088e-06
52400.056 2.8524451259998814e-06
52450.056 2.983493164400044e-06
52500.056 3.022921316399153e-06
52550.056 2.8761090530994213e-06
52600.056 3.036349938700166e-06
52650.056 3.274386072600548e-06
52700.056 2.9918698415001127e-06
52750.056 2.5947252891998215e-06
52800.056 2.8626531989003325e-06
52850.056 2.8003181995998926e-06
52900.056 3.0177427086003717e-06
52950.056 2.907711780199486e-06
53000.056 3.086408607899492e-06
53050.056 3.039275350599686e-06
53100.056 2.6734292070994085e-06
53150.056 3.059843388600439e-06
53200.056 2.6688393599004383e-06
53250.056 3.222631333499983e-06
53300.056 3.0524193322007096e-06
53350.056 3.1780004238998843e-06
53400.056 2.8590811713001604e-06
53450.056 2.745387034999976e-06
53500.056 2.6985703413997057e-06
53550.056 3.0840980117001574e-06
53600.056 2.9641229062004177e-06
53650.056 2.8584027463007975e-06
53700.056 2.8410298145006053e-06
53750.056 3.102775135199749e-06
53800.056 3.1504724187003656e-06
53850.056 3.004199388699109e-06
