galfind/configs/Brown_Dwarf_templates/sonora_bobcat/m+0.5/56g/sp_t650g56nc_m+0.5_resample.dat
# %ECSV 1.0
# ---
# datatype:
# - {name: wav, unit: Angstrom, datatype: float64}
# - {name: flux_nu, unit: erg / (cm2 Hz s), datatype: float64}
# meta: {C/O: '1.00', Kzz: '1.0000E+05', Teff: '650.', Y: '0.28', '[Fe/H]': '0.50', f_hole: '1.00', f_rain: '0.00', grav: '56.'}
# schema: astropy-2.0
wav flux_nu
[from data line 498]
28900.056 4.403349363152348e-09
28950.056 1.0395372457905076e-08
29000.056 7.752039942079737e-09
29050.056 9.228095399104885e-09
29100.056 6.627539574843466e-09
29150.056 1.0548519817434768e-08
29200.056 8.457498864786856e-09
29250.056 1.361979151496745e-08
29300.056 6.154755491930045e-09
29350.056 1.998095799969542e-08
29400.056 9.349401793270421e-09
29450.056 1.0387650451101519e-08
29500.056 1.2997459485137316e-08
29550.056 9.721023608806159e-09
29600.056 1.2827629822248186e-08
29650.056 1.5261753163257787e-08
29700.056 8.3280607796502e-09
29750.056 1.4162729039526285e-08
29800.056 1.39416286139287e-08
29850.056 1.650749831406311e-08
29900.056 1.4488502244934454e-08
29950.056 1.3090538921151539e-08
30000.056 2.2168022694394292e-09
30050.056 4.2673738441204005e-09
30100.056 5.801293661542142e-09
30150.056 1.1639687565158188e-08
30200.056 8.666631932037821e-09
30250.056 1.8223037411785953e-08
30300.056 1.8124348508341654e-08
30350.056 1.2649704887201477e-08
30400.056 1.8738507181004672e-08
30450.056 1.1656056084226599e-08
30500.056 1.106873896356275e-08
30550.056 1.1252903351546662e-08
30600.056 1.5367496555886065e-08
30650.056 1.0546876633811916e-08
30700.056 9.243248024359007e-09
30750.056 1.261773681532679e-08
30800.056 8.747623173939884e-09
30850.056 9.559191643467441e-09
30900.056 6.09702249487595e-09
30950.056 7.317914851130574e-09
31000.056 5.962072926520478e-09
31050.056 5.833399761352097e-09
31100.056 4.511139462694785e-09
31150.056 6.714742287960339e-09
31200.056 6.9409230285224905e-09
31250.056 4.9878991688533245e-09
31300.056 4.02915494331076e-09
31350.056 4.982449183359937e-09
31400.056 3.727711939361765e-09
31450.056 3.855232444830707e-09
31500.056 2.729377366456834e-09
31550.056 3.2723442172296634e-09
31600.056 2.113561500098279e-09
31650.056 2.180331315126025e-09
31700.056 2.339207012633787e-09
31750.056 1.5525763060689996e-09
31800.056 2.362287160009412e-09
31850.056 1.2675496749292967e-09
31900.056 1.6737321587234559e-09
31950.056 1.0910374825623033e-09
32000.056 1.4038336770063018e-09
32050.056 1.645572674943486e-09
32100.056 1.5592044794943423e-09
32150.056 1.7180704496569913e-09
32200.056 1.2339881573668912e-09
32250.056 2.05692502917611e-09
32300.056 1.245984691192604e-09
32350.056 2.0006583379495016e-09
32400.056 1.1490743309684632e-09
32450.056 1.8228598790030504e-09
32500.056 1.290051308767813e-09
32550.056 1.4513480908411938e-09
32600.056 1.772562672823682e-09
32650.056 3.318860765221145e-09
32700.056 2.2186605841387767e-09
32750.056 3.711439991528971e-09
32800.056 3.1543488864247494e-09
32850.056 4.217850840880585e-09
32900.056 4.374500295979502e-09
32950.056 4.950689537749969e-09
33000.056 3.69831133427535e-09
33050.056 3.992988367544088e-09
33100.056 1.3783977500707161e-09
33150.056 7.84081860611937e-11
33200.056 1.588327867593882e-10
33250.056 8.531800071249572e-11
33300.056 1.5632286450112937e-10
33350.056 4.2722410724492314e-10
33400.056 8.568656008038302e-10
33450.056 1.2675002084870752e-09
33500.056 2.626021915047425e-09
33550.056 1.5404405948981015e-09
33600.056 3.226383548072434e-09
33650.056 2.9658506577425183e-09
33700.056 2.3829907843466166e-09
33750.056 3.963924837076379e-09
33800.056 2.2853719195332193e-09
33850.056 3.234828711156801e-09
33900.056 2.685581390580648e-09
33950.056 2.658368356556478e-09
34000.056 3.975632733510241e-09
34050.056 1.4039286716706612e-09
34100.056 3.760845466093997e-09
34150.056 2.614755788411359e-09
34200.056 3.244557398622165e-09
34250.056 2.885966217812198e-09
34300.056 2.6533051191380356e-09
34350.056 2.5300416020338797e-09
34400.056 1.8088374908269822e-09
34450.056 3.026483360816957e-09
34500.056 2.673124833695559e-09
34550.056 1.7877382448173817e-09
34600.056 3.925567804200427e-09
34650.056 2.115345153261939e-09
34700.056 3.564115988532566e-09
34750.056 3.007898640788633e-09
34800.056 2.7324406643444686e-09
34850.056 3.57107351157769e-09
34900.056 3.318800737135258e-09
34950.056 4.206584714358188e-09
35000.056 7.097178450612064e-09
35050.056 3.538247137265636e-09
35100.056 5.71407003768753e-09
35150.056 4.55510924290206e-09
35200.056 5.508204186002956e-09
35250.056 7.543296439330954e-09
35300.056 5.196468992753659e-09
35350.056 5.484735955645012e-09
35400.056 6.284766418827395e-09
35450.056 4.22323685871876e-09
35500.056 1.013529581345484e-08
35550.056 8.725306531672096e-09
35600.056 6.968829684391958e-09
35650.056 7.913963463676859e-09
35700.056 7.528127499402424e-09
35750.056 1.05992443296776e-08
35800.056 1.3511646261392356e-08
35850.056 6.863171469012825e-09
35900.056 9.204313849731687e-09
35950.056 9.007499325341776e-09
36000.056 9.208425912391634e-09
36050.056 7.506747189974006e-09
36100.056 8.048390955688212e-09
36150.056 9.712646061962542e-09
36200.056 1.042244482943343e-08
36250.056 9.577657566776244e-09
36300.056 1.2944236797365353e-08
36350.056 1.0951809428291832e-08
36400.056 1.1515223308729369e-08
36450.056 1.4885870430009176e-08
36500.056 1.6618651390028264e-08
36550.056 1.5751030219064183e-08
36600.056 1.972821357519608e-08
36650.056 1.812514967074346e-08
36700.056 2.0155635298029245e-08
36750.056 2.239542307759056e-08
36800.056 2.1821585017200382e-08
36850.056 1.8426027527416388e-08
36900.056 2.3626632996624053e-08
36950.056 2.4682417112434233e-08
37000.056 2.1463492845144824e-08
37050.056 2.2929395375325444e-08
37100.056 2.6349371104951795e-08
37150.056 2.0090054529692726e-08
37200.056 2.6618894681170573e-08
37250.056 2.5616937254016218e-08
37300.056 2.1769034978724017e-08
37350.056 2.52216473409798e-08
37400.056 3.865574180723165e-08
37450.056 2.5375387522335213e-08
37500.056 2.6255547498001657e-08
37550.056 3.311895167603467e-08
37600.056 3.8268928560965854e-08
37650.056 2.3679776665319223e-08
37700.056 4.154762415640467e-08
37750.056 2.7883905636958638e-08
37800.056 2.961883816757601e-08
37850.056 1.8997675474104502e-08
37900.056 2.4487115690152248e-08
37950.056 3.376243634621777e-08
38000.056 3.930889711651171e-08
38050.056 3.855296768173599e-08
38100.056 3.933759218974517e-08
38150.056 4.713648797099899e-08
38200.056 4.960999277221798e-08
38250.056 4.6184229317797255e-08
38300.056 6.426366161098702e-08
38350.056 6.333906050141481e-08
38400.056 3.5267711990705973e-08
38450.056 3.518683656892348e-08
38500.056 2.3226884267595767e-08
38550.056 4.004800950951588e-08
38600.056 4.172758113343588e-08
38650.056 3.835342563109013e-08
38700.056 3.885593344250108e-08
38750.056 4.5481846454008926e-08
38800.056 4.0554632603839256e-08
38850.056 4.327754355108589e-08
38900.056 5.927364534244124e-08
38950.056 4.494620346649293e-08
39000.056 5.340957743666703e-08
39050.056 4.449557111550417e-08
39100.056 5.30867657943983e-08
39150.056 5.341277059893727e-08
39200.056 5.5063704316893694e-08
39250.056 6.601672489228909e-08
39300.056 4.894630087476981e-08
39350.056 7.640587675060304e-08
39400.056 5.599574839611281e-08
39450.056 6.506477708213061e-08
39500.056 6.678134123000805e-08
39550.056 6.366611636178238e-08
39600.056 7.045553564639183e-08
39650.056 7.331284140298315e-08
39700.056 7.42020339472177e-08
39750.056 5.830974692030099e-08
39800.056 6.760059214348894e-08
39850.056 9.057995631200289e-08
39900.056 9.041292062300953e-08
39950.056 7.056323517147605e-08
40000.056 1.0640665383325175e-07
40050.056 8.71625414827937e-08
40100.056 6.592061826410284e-08
40150.056 9.111061241162368e-08
40200.056 9.62267018391556e-08
40250.056 9.756057232185609e-08
40300.056 9.52937883964184e-08
40350.056 9.644197386038266e-08
40400.056 1.1448636243195106e-07
40450.056 9.206437406022039e-08
40500.056 1.1720003877397188e-07
40550.056 1.1477422794735947e-07
40600.056 1.1076264093031705e-07
40650.056 8.854596267107053e-08
40700.056 1.3332630285688793e-07
40750.056 1.0951633001299272e-07
40800.056 8.648636876754128e-08
40850.056 1.4936608956005294e-07
40900.056 1.352813084056185e-07
40950.056 1.246238196346046e-07
41000.056 1.2382994741879848e-07
41050.056 1.5965873410395665e-07
41100.056 1.3526860774301581e-07
41150.056 9.342408254402386e-08
41200.056 1.620885261097848e-07
41250.056 1.2622014250867236e-07
41300.056 1.2070296701996436e-07
41350.056 1.7556019628302202e-07
41400.056 1.5431765189762831e-07
41450.056 1.730522615309967e-07
41500.056 1.3547848024101167e-07
41550.056 1.342833825706414e-07
41600.056 1.6032644694000842e-07
41650.056 1.7189651400658913e-07
41700.056 1.555514331549176e-07
41750.056 1.6049536032598433e-07
41800.056 1.8194416158700909e-07
41850.056 1.4249203894149478e-07
41900.056 1.5006560084066344e-07
41950.056 1.4099255826903345e-07
42000.056 1.3900953358105047e-07
42050.056 1.3455050993771647e-07
42100.056 1.767494530192761e-07
42150.056 1.460534169405973e-07
42200.056 1.3255915358631156e-07
42250.056 1.335630731673193e-07
42300.056 1.357301530057304e-07
42350.056 1.6837839281902577e-07
42400.056 1.6426276795805397e-07
42450.056 1.504026694050453e-07
42500.056 1.420950760859825e-07
42550.056 1.3902838064097264e-07
42600.056 1.4641668018943454e-07
42650.056 1.8121275483293054e-07
42700.056 1.5259325451257835e-07
42750.056 1.4985006550999198e-07
42800.056 1.69276627260237e-07
42850.056 1.8661760410593415e-07
42900.056 1.950714148420662e-07
42950.056 1.663820822079574e-07
43000.056 1.8093793265722892e-07
43050.056 1.2748025423484832e-07
43100.056 1.616520023289558e-07
43150.056 1.5351927126052223e-07
43200.056 1.9350998336399937e-07
43250.056 2.2258973635500978e-07
43300.056 2.1925743196799615e-07
43350.056 1.5320449722097184e-07
43400.056 1.813019456532798e-07
43450.056 1.5781939534083078e-07
43500.056 1.4481544180070612e-07
43550.056 1.5379059735645158e-07
43600.056 2.1745850687102817e-07
43650.056 1.6869874987170367e-07
43700.056 2.0798440715404182e-07
43750.056 2.0095149016203718e-07
43800.056 1.8819610528007034e-07
43850.056 1.6738271171201332e-07
43900.056 1.7551143147698672e-07
43950.056 1.2693865434100163e-07
44000.056 1.2623546466589308e-07
44050.056 2.1688277427701532e-07
44100.056 2.541713823060134e-07
44150.056 2.3007251604336037e-07
44200.056 2.122677339384912e-07
44250.056 1.6004123751451636e-07
44300.056 1.3793235202572873e-07
44350.056 1.5618183013436416e-07
44400.056 1.5667369770029606e-07
44450.056 2.0049367226795323e-07
44500.056 2.0420397777005538e-07
44550.056 2.5177333534396696e-07
44600.056 2.0754727146242292e-07
44650.056 2.1401564339975196e-07
44700.056 1.5504506903500608e-07
44750.056 2.1179421113003906e-07
44800.056 1.7562379987341932e-07
44850.056 2.063377969230328e-07
44900.056 1.8281412719681165e-07
44950.056 2.0951413546300776e-07
45000.056 2.207435232079885e-07
45050.056 2.1241020577399773e-07
45100.056 2.0185076155679486e-07
45150.056 2.08573487588659e-07
45200.056 1.722218838650178e-07
45250.056 1.8802730346792798e-07
45300.056 1.625128344750396e-07
45350.056 1.6889468672901995e-07
45400.056 2.6451398055202113e-07
45450.056 2.2474707924699374e-07
45500.056 2.3686310663891373e-07
45550.056 2.601476498899157e-07
45600.056 2.564897458500411e-07
45650.056 2.0280419408158485e-07
45700.056 1.7457011138130883e-07
45750.056 1.6887764256679714e-07
45800.056 2.662220168169938e-07
45850.056 2.610227340619935e-07
45900.056 2.7612372017999673e-07
45950.056 2.3271101778298736e-07
46000.056 2.612192054065075e-07
46050.056 2.2133233715802323e-07
46100.056 2.726316960499785e-07
46150.056 2.1170194492299865e-07
46200.056 1.9613471243099685e-07
46250.056 1.2533641492748151e-07
46300.056 2.2629972431640697e-07
46350.056 2.174072832510275e-07
46400.056 2.0131618625800943e-07
46450.056 1.9115716007243936e-07
46500.056 2.1296590275105336e-07
46550.056 1.5653127764499016e-07
46600.056 2.0008536603278744e-07
46650.056 2.7587591392798426e-07
46700.056 2.021858314419827e-07
46750.056 1.4490599741720044e-07
46800.056 1.1030624151751443e-07
46850.056 2.8246944839606146e-07
46900.056 2.458073076649809e-07
46950.056 2.4286975438599843e-07
47000.056 2.309774059910378e-07
47050.056 2.0653924008239967e-07
47100.056 1.4882377054892576e-07
47150.056 1.8770399293922208e-07
47200.056 2.2391037985000497e-07
47250.056 1.6878304500999072e-07
47300.056 1.2501656981896144e-07
47350.056 2.571071018759725e-07
47400.056 2.2834794073397773e-07
47450.056 2.2940448175986304e-07
47500.056 2.6220561511956415e-07
47550.056 2.3114085429900784e-07
47600.056 2.2290008754899733e-07
47650.056 2.044441100036905e-07
47700.056 2.0381502659879543e-07
47750.056 1.5112151456240627e-07
47800.056 1.5534535088401027e-07
47850.056 1.1001072701011093e-07
47900.056 1.4480812418897136e-07
47950.056 1.9287493104283083e-07
48000.056 2.714946073800551e-07
48050.056 2.4670946950600424e-07
48100.056 1.4030216142681658e-07
48150.056 2.0282563886301194e-07
48200.056 1.7052347403540293e-07
48250.056 1.7868702768201434e-07
48300.056 2.4037375346792396e-07
48350.056 1.5785381943601692e-07
48400.056 8.842128434547841e-08
48450.056 1.6055545370915586e-07
48500.056 2.1151382299896087e-07
48550.056 1.8299051536580326e-07
48600.056 2.0117145159100206e-07
48650.056 2.1747023563597288e-07
48700.056 1.804620662083927e-07
48750.056 1.2613154816807803e-07
48800.056 2.487663937149878e-07
48850.056 1.505880866139757e-07
48900.056 2.2298548829759365e-07
48950.056 1.517853339900233e-07
49000.056 8.31244537894817e-08
49050.056 1.8048819564598654e-07
49100.056 2.1305850797004629e-07
49150.056 1.6919611308459304e-07
49200.056 2.4018518646204365e-07
49250.056 2.2522938475003783e-07
49300.056 1.9806418576980356e-07
49350.056 1.0884432650902155e-07
49400.056 1.4657435891897535e-07
49450.056 1.5831862483505224e-07
49500.056 1.2602686232128534e-07
49550.056 5.680430099650871e-08
49600.056 1.0993344276314937e-07
49650.056 1.5645075466099464e-07
49700.056 1.498007745659464e-07
49750.056 1.700618381299678e-07
49800.056 1.3717311303911627e-07
49850.056 2.165646919340659e-07
49900.056 1.7095592472357408e-07
49950.056 1.7172172651000827e-07
50000.056 1.5027165676197065e-07
50050.056 1.814763835100075e-07
50100.056 1.4399612894301039e-07
50150.056 9.30105201469828e-08
50200.056 3.600294486990851e-08
50250.056 1.2482395982798018e-07
50300.056 9.12564307797147e-08
50350.056 1.8150396197202346e-07
50400.056 1.6089660226938845e-07
50450.056 1.2646637278081473e-07
50500.056 1.6252598742202587e-07
50550.056 1.50542803774015e-07
50600.056 1.2587615701696223e-07
50650.056 1.7963679636504154e-07
50700.056 1.8598937874892065e-07
50750.056 1.391196706502204e-07
50800.056 7.514638502849539e-08
50850.056 6.211339347522624e-08
50900.056 1.735916266880013e-07
50950.056 1.2932015803201857e-07
51000.056 1.333700455201089e-07
51050.056 1.4201164821399478e-07
51100.056 7.268509639932318e-08
51150.056 1.0099676071234927e-07
51200.056 1.974077281349874e-07
51250.056 1.2448814555496825e-07
51300.056 1.034237099316541e-07
51350.056 1.0541798186099273e-07
51400.056 5.472769821700052e-08
51450.056 4.5664124402505534e-08
51500.056 4.8675046636661e-08
51550.056 1.300720020228073e-07
51600.056 9.16632375743255e-08
51650.056 9.828743367997261e-08
51700.056 1.0908449864112456e-07
51750.056 7.679755026176593e-08
51800.056 1.1686248669498151e-07
51850.056 1.0738357387999473e-07
51900.056 1.5181178599600478e-07
51950.056 1.094011454789918e-07
52000.056 2.992608482659143e-08
52050.056 7.371574810401335e-08
52100.056 5.341796313999459e-08
52150.056 4.3052278563005605e-08
52200.056 5.803348713460073e-08
52250.056 7.934516376272422e-08
52300.056 1.1463178064099466e-07
52350.056 6.956561047470253e-08
52400.056 5.4076963150805395e-08
52450.056 1.201121159901057e-07
52500.056 1.0396663939097013e-07
52550.056 1.0652505829897872e-07
52600.056 8.756789890300947e-08
52650.056 9.490971203821146e-08
52700.056 8.069224982229707e-08
52750.056 4.8782869043297315e-08
52800.056 6.650993796301299e-08
52850.056 7.238391971767305e-08
52900.056 5.416739719668608e-08
52950.056 6.582029834800273e-08
53000.056 9.468682941901976e-08
53050.056 4.468491320188859e-08
53100.056 7.846585007056921e-08
53150.056 1.0218240760201224e-07
53200.056 4.9254121383160477e-08
53250.056 9.757885734130495e-08
53300.056 1.1224802937307203e-07
53350.056 9.902045649099891e-08
53400.056 7.872059239098876e-08
53450.056 3.873584480499022e-08
