galfind/configs/Brown_Dwarf_templates/sonora_bobcat/m+0.5/56g/sp_t375g56nc_m+0.5_resample.dat
# %ECSV 1.0
# ---
# datatype:
# - {name: wav, unit: Angstrom, datatype: float64}
# - {name: flux_nu, unit: erg / (cm2 Hz s), datatype: float64}
# meta: {C/O: '1.00', Kzz: '1.0000E+05', Teff: '375.', Y: '0.28', '[Fe/H]': '0.50', f_hole: '1.00', f_rain: '0.00', grav: '56.'}
# schema: astropy-2.0
wav flux_nu
4000.0559999999996 nan
4050.0559999999996 5.652793189751064e-18
4100.056 3.9716934127200717e-16
4150.056 3.532517333400034e-15
4200.056 3.623997959111527e-15
4250.056 3.4788689866000324e-14
4300.056 8.430315896300029e-14
4350.056 1.615304093100005e-13
4400.056 2.775028048500001e-13
4450.056 4.4888765223999947e-13
4500.056 6.955688511300018e-13
4550.056 6.762510335998973e-13
4600.056 9.655552890899944e-14
4650.056 5.258239781599973e-14
4700.056 2.7574978053999873e-14
4750.056 1.3686727991099912e-14
4800.056 7.700649535599957e-15
4850.056 4.0847510636999775e-15
4900.056 2.5338857731999955e-15
4950.056 1.7804334885999965e-15
5000.056 1.1621114737299915e-15
5050.056 8.200138441900022e-16
5100.056 8.9748435448002e-16
5150.056 1.0413678209800155e-15
5200.056 1.191703721500007e-15
5250.056 1.3373720613000013e-15
5300.056 1.5043241618000007e-15
5350.056 1.7009864407000033e-15
5400.056 1.8855764532000036e-15
5450.056 2.123461007100033e-15
5500.056 2.4038911082000327e-15
5550.056 2.6988833504000085e-15
5600.056 2.9700569916999997e-15
5650.056 3.195969435099987e-15
5700.056 3.2367711806000046e-15
5750.056 3.2907689178000032e-15
5800.056 3.0512260762999935e-15
5850.056 2.16314118244996e-15
5900.056 6.466187893240463e-16
5950.056 3.959553050320259e-15
6000.056 8.197028532039675e-15
6050.056 1.4791192064700462e-14
6100.056 2.4491362670000383e-14
6150.056 3.749479632800033e-14
6200.056 5.456423685300037e-14
6250.056 7.354795870699999e-14
6300.056 1.0196908201499974e-13
6350.056 1.375152138270006e-13
6400.056 1.813137125300015e-13
6450.056 2.0512425779199226e-13
6500.056 2.7103881017569815e-13
6550.056 3.7385395323818655e-13
6600.056 5.193742480590269e-13
6650.056 7.299333572050093e-13
6700.056 9.619290624900045e-13
6750.056 1.3272561553900096e-12
6800.056 1.5537501214000288e-12
6850.056 1.576417100560003e-12
6900.056 1.2090697305120396e-12
6950.056 8.616965919315948e-13
7000.056 9.55715435209286e-13
7050.056 9.612471653429597e-13
7100.056 1.0460648395599548e-12
7150.056 7.799806649752326e-13
7200.056 6.006943767850371e-13
7250.056 7.242412785074307e-13
7300.056 7.501151175282595e-13
7350.056 9.425567019015395e-13
7400.056 1.1471361407775878e-12
7450.056 1.511656315096154e-12
7500.056 1.8536233056099638e-12
7550.056 2.1580179084999914e-12
7600.056 2.3185866359999982e-12
7650.056 1.2114278398849745e-12
7700.056 1.1495837217580245e-12
7750.056 2.9871158739000307e-12
7800.056 3.6519750598199065e-12
7850.056 4.403680227400001e-12
7900.056 5.356855794731737e-12
7950.056 5.942076463379886e-12
8000.056 6.890541838359975e-12
8050.056 7.80095612812008e-12
8100.056 5.604284324434137e-12
8150.056 4.994422264598516e-12
8200.056 8.464584150326598e-12
8250.056 9.316172790145843e-12
8300.056 1.1013821226659493e-11
8350.056 1.0355806040136349e-11
8400.056 1.1930879940502225e-11
8450.056 1.677810049570837e-11
8500.056 1.9989826613799787e-11
8550.056 2.6586899186300376e-11
8600.056 3.341657570060032e-11
8650.056 3.837966671200086e-11
8700.056 3.7015966895001e-11
8750.056 3.983821822000007e-11
8800.056 3.6732253025599076e-11
8850.056 2.2996980649497367e-11
8900.056 1.4891847463422047e-12
8950.056 1.9945853828938525e-12
9000.056 1.2677690300858596e-12
9050.056 6.613776182528491e-12
9100.056 9.890535770581394e-12
9150.056 1.528038752556838e-11
9200.056 3.9012230930143794e-11
9250.056 3.721799647044356e-11
9300.056 1.612953736619002e-12
9350.056 2.0527106551182843e-12
9400.056 7.175683635023578e-12
9450.056 8.313727434114444e-12
9500.056 6.409942830710064e-12
9550.056 7.701542146195257e-12
9600.056 7.120454776648296e-12
9650.056 1.2896067840972143e-11
9700.056 2.913839044355899e-11
9750.056 2.345894477596161e-11
9800.056 2.3525304618494148e-11
9850.056 2.4501853840577287e-11
9900.056 3.3941683200280036e-11
9950.056 2.4812800355809844e-11
10000.056 3.3482012205804096e-11
10050.056 3.169865974250255e-11
10100.056 4.715076997399285e-11
10150.056 4.140891937280156e-11
10200.056 3.509653346258965e-11
10250.056 4.8457335331416626e-11
10300.056 7.852958760639108e-11
10350.056 7.943643415089284e-11
10400.056 2.0679533340690492e-10
10450.056 3.7512778525904436e-10
10500.056 6.012528089608316e-10
10550.056 9.491076996155572e-10
10600.056 1.1855451471439714e-09
10650.056 1.35104537974998e-09
10700.056 1.241991786090775e-09
10750.056 1.3551096842402975e-09
10800.056 1.2300045034288227e-09
10850.056 9.383699468051228e-10
10900.056 5.014956094756157e-10
10950.056 1.714031637321451e-10
11000.056 8.756358410002512e-11
11050.056 4.101047257679383e-11
11100.056 1.5345679706770497e-11
11150.056 3.5773751337058512e-12
11200.056 1.1353115694807079e-12
11250.056 1.1361753563372086e-12
11300.056 3.814180639155708e-12
11350.056 6.065682471774669e-13
11400.056 3.070496531095298e-12
11450.056 2.230471060393182e-12
11500.056 1.243990088734379e-12
11550.056 1.2262001861399912e-13
11600.056 6.701832335555432e-14
11650.056 5.671706740822367e-13
11700.056 5.714380511414104e-13
11750.056 6.043263903110207e-14
11800.056 6.377415179689845e-13
11850.056 9.559481725001361e-13
11900.056 7.946258509528305e-13
11950.056 1.6258072698166599e-12
12000.056 3.7018920228608585e-12
12050.056 8.839878855884312e-12
12100.056 1.900965987970676e-11
12150.056 3.793605132963662e-11
12200.056 5.4419768686309e-11
12250.056 1.2679292525167413e-10
12300.056 2.860039652831852e-10
12350.056 3.380381622059486e-10
12400.056 7.123651838881615e-10
12450.056 1.3056454329443701e-09
12500.056 1.5737347800825269e-09
12550.056 2.1684189054595818e-09
12600.056 2.9721012549199802e-09
12650.056 3.382507560975695e-09
12700.056 3.3397456207759654e-09
12750.056 1.9665601414024972e-09
12800.056 1.0769189311721474e-09
12850.056 4.617746807263981e-10
12900.056 3.07327590040272e-10
12950.056 2.020355338189433e-10
13000.056 1.881534183940989e-10
13050.056 8.406425295218235e-11
13100.056 6.477127888623438e-11
13150.056 3.296295016789507e-11
13200.056 3.1262311804624683e-11
13250.056 2.4008893421385405e-11
13300.056 8.357040015292996e-12
13350.056 2.188373269836499e-12
13400.056 1.448541190632015e-12
13450.056 3.5066713039616914e-13
13500.056 1.0653366891873885e-13
13550.056 3.210094655227889e-14
13600.056 3.1270907183277497e-15
13650.056 4.659935252404343e-14
13700.056 2.0007892762674793e-14
13750.056 4.754186463426645e-14
13800.056 2.970573409585902e-14
13850.056 1.6101399739022676e-14
13900.056 3.98555367951439e-14
13950.056 2.2467860813162445e-14
14000.056 2.886190940784361e-14
14050.056 5.917075291093768e-14
14100.056 7.898318741704228e-14
14150.056 2.178662963519679e-13
14200.056 1.0941599919635355e-13
14250.056 2.1318182385788923e-13
14300.056 5.561684751165981e-13
14350.056 6.069978418494845e-13
14400.056 6.758766177745156e-13
14450.056 1.3495220832716763e-12
14500.056 3.3729867828693738e-12
14550.056 3.677946741681699e-12
14600.056 3.691943133415695e-12
14650.056 1.596561950715194e-12
14700.056 6.201232739873058e-13
14750.056 1.5926111766636938e-13
14800.056 4.0563357322674903e-13
14850.056 6.433829998696852e-13
14900.056 6.295234507403015e-13
14950.056 3.306615692797783e-13
15000.056 1.261989205755349e-12
15050.056 9.337683640094564e-13
15100.056 4.588929355590886e-13
15150.056 2.4301244862278774e-13
15200.056 7.91047803351584e-13
15250.056 2.2546595950526067e-12
15300.056 2.7478800860436926e-12
15350.056 5.4015819225135395e-12
15400.056 7.468709896683398e-12
15450.056 1.1163397289710875e-11
15500.056 1.2541869547379068e-11
15550.056 3.672093464471505e-11
15600.056 5.263156006503882e-11
15650.056 1.1697503863766483e-10
15700.056 2.2188907707032842e-10
15750.056 3.6325114345063415e-10
15800.056 4.4526070174049284e-10
15850.056 6.03230358060705e-10
15900.056 6.169017879088522e-10
15950.056 6.251178431917801e-10
16000.056 4.468524789809148e-10
16050.056 2.0576343259358885e-10
16100.056 1.1486447106077865e-10
16150.056 4.8600119837613205e-11
16200.056 2.187471616984184e-11
16250.056 1.2323130499516387e-11
16300.056 6.151199681622829e-12
16350.056 7.914453025273901e-12
16400.056 1.0547399185983421e-11
16450.056 7.152515140890074e-12
16500.056 5.311899480697897e-12
16550.056 5.405626608274897e-12
16600.056 1.1158213034978689e-11
16650.056 8.253463704381388e-12
16700.056 7.596091366985541e-13
16750.056 3.5424562885270135e-12
16800.056 6.311749123169654e-12
16850.056 7.846044227881926e-12
16900.056 2.726828447430135e-12
16950.056 1.2063987527942443e-12
17000.056 5.567068648251959e-13
17050.056 1.3191139857649766e-12
17100.056 3.001786967075807e-12
17150.056 1.2943999186968175e-12
17200.056 8.075071978561701e-12
17250.056 3.3765192634115557e-12
17300.056 1.780662383670978e-12
17350.056 2.134414347333627e-12
17400.056 5.149938666100904e-12
17450.056 7.475077500980516e-12
17500.056 1.1413686432093035e-11
17550.056 1.055415610147202e-11
17600.056 7.550040727681644e-12
17650.056 6.584616936370485e-12
17700.056 4.708472437279012e-12
17750.056 5.486706215250381e-12
17800.056 2.0428616059635987e-11
17850.056 6.351033887457354e-12
17900.056 4.7384594542572874e-12
17950.056 3.803403679168415e-12
18000.056 6.130827941241951e-12
18050.056 5.6808736682349336e-12
18100.056 7.802820187409674e-12
18150.056 4.993943418233427e-12
18200.056 3.808806277267762e-12
18250.056 1.6629220505151905e-11
18300.056 2.333821458494516e-12
18350.056 1.6764947320438007e-12
18400.056 9.863636330264682e-13
18450.056 8.285538720706734e-12
18500.056 8.042585500861373e-12
18550.056 3.856173815059435e-12
18600.056 7.1383389341948854e-12
18650.056 4.693963525728731e-12
18700.056 6.577955908136557e-13
18750.056 1.863761963649409e-12
18800.056 1.4328339837518772e-11
18850.056 1.4689623672947913e-11
18900.056 1.277392194399761e-11
18950.056 2.0405132822080635e-11
19000.056 3.916087724472906e-12
19050.056 1.608510315958259e-12
19100.056 4.379347593815715e-12
19150.056 1.7077284241990573e-12
19200.056 2.7088669640512587e-12
19250.056 2.2024693422671538e-12
19300.056 1.2921212121843487e-12
19350.056 1.1238027910616676e-12
19400.056 1.0251508372024763e-12
19450.056 2.0940989991160327e-12
19500.056 8.812985049277607e-13
19550.056 2.1338318034276242e-12
19600.056 7.627810955340186e-12
19650.056 4.1047517378897136e-12
19700.056 4.952810160505553e-12
19750.056 1.0794387406773322e-11
19800.056 5.757196432735922e-12
19850.056 7.336333184423498e-12
19900.056 1.1897634396442109e-11
19950.056 1.8122511239759855e-11
20000.056 2.6561592649271858e-11
20050.056 1.7126989328387143e-11
20100.056 3.7009440248108886e-11
20150.056 1.5170647014243972e-11
20200.056 9.744884573425114e-12
20250.056 2.7927337028955523e-11
20300.056 3.551414363016694e-11
20350.056 4.84572842170555e-11
20400.056 3.2448217362624956e-11
20450.056 6.962295259559912e-11
20500.056 9.75780185845646e-11
20550.056 1.3325422387209194e-10
20600.056 1.4335759506113193e-10
20650.056 2.2016609534939292e-10
20700.056 2.6378174214777853e-10
20750.056 3.7209623717755215e-10
20800.056 3.482937190599075e-10
20850.056 4.5710603780465984e-10
20900.056 5.511900946562069e-10
20950.056 5.132911084695837e-10
21000.056 5.133481516794975e-10
21050.056 5.892347117778242e-10
21100.056 5.274088172361008e-10
21150.056 5.477355457361549e-10
21200.056 4.829824216114355e-10
21250.056 4.2998827661605015e-10
21300.056 3.110614800740106e-10
21350.056 3.213914348328263e-10
21400.056 2.85896061541434e-10
21450.056 1.8989158944616947e-10
21500.056 1.5414669743786817e-10
21550.056 1.385862125173429e-10
21600.056 1.0042775957327388e-10
21650.056 6.464028041379858e-11
21700.056 4.502241663879255e-11
21750.056 5.201577767114575e-11
21800.056 2.9866614621358967e-11
21850.056 3.143135648850916e-11
21900.056 1.925486125127481e-11
21950.056 4.411707657362516e-12
22000.056 5.069192558500614e-13
22050.056 8.981888750096316e-13
22100.056 4.7030111701160264e-12
22150.056 3.6347518704024327e-12
22200.056 3.697593599488858e-12
22250.056 2.880298198483737e-12
22300.056 1.0984823658249429e-12
22350.056 1.7392079956314147e-12
22400.056 5.171065596666806e-13
22450.056 8.214911509990826e-13
22500.056 6.460910601699212e-13
22550.056 2.9008054797113323e-13
22600.056 2.1189088072962228e-13
22650.056 5.150328287783308e-13
22700.056 4.275626783960151e-13
22750.056 5.861674411555335e-13
22800.056 5.962676209488793e-13
22850.056 3.9759087095882676e-13
22900.056 2.861272910049493e-13
22950.056 1.8786212336980413e-13
23000.056 3.285897166679093e-13
23050.056 3.760430763023466e-13
23100.056 3.0130481789663946e-12
23150.056 3.549069849929775e-12
23200.056 7.870510232118459e-14
23250.056 3.8386307609028357e-13
23300.056 3.75881975079257e-13
23350.056 7.522146012470759e-13
23400.056 5.409366105638716e-13
23450.056 2.619775459975127e-13
23500.056 2.6744644917432537e-13
23550.056 6.841248175680117e-13
23600.056 1.7709220520028263e-12
23650.056 2.6270537378271567e-12
23700.056 3.638063595168522e-13
23750.056 3.2074752725538433e-13
23800.056 2.1197136933588332e-12
23850.056 1.342656274394384e-12
23900.056 3.4307126937635174e-12
23950.056 1.5481169664265813e-12
24000.056 4.299136431207411e-12
24050.056 5.809443051156074e-12
24100.056 8.058642506846998e-12
24150.056 1.1796665621616399e-11
24200.056 6.436918405867807e-12
24250.056 4.985749543213872e-12
24300.056 9.578801735199846e-12
24350.056 8.068525060567603e-12
24400.056 2.2978513493043866e-11
24450.056 2.8942422904540797e-11
24500.056 2.452886680305275e-11
24550.056 4.054851317355002e-11
24600.056 4.189415665003476e-11
24650.056 7.78180169238407e-11
24700.056 3.761544441805891e-11
24750.056 5.654506575904651e-11
24800.056 4.6652347697832176e-11
24850.056 8.354511144940517e-11
24900.056 3.78906334050973e-11
24950.056 7.928755444458343e-11
25000.056 8.598025796804024e-11
25050.056 5.495036859507147e-11
25100.056 8.809650560991586e-11
25150.056 3.373997163498145e-11
25200.056 5.547395616750247e-11
25250.056 2.0420722835131333e-11
25300.056 2.680010628042293e-11
25350.056 1.1771771789990955e-11
25400.056 3.2728537847938234e-11
25450.056 7.58481616154066e-12
25500.056 6.2874305715142326e-12
25550.056 1.52975778157394e-11
25600.056 5.637912728591598e-12
25650.056 2.9057231135681136e-12
25700.056 2.641559696884276e-12
25750.056 6.553568834644038e-13
25800.056 4.517410846781573e-12
25850.056 5.679412993628298e-13
25900.056 7.928614871249436e-13
25950.056 1.391060672258922e-13
26000.056 3.442261176025288e-12
26050.056 2.2503378590611014e-13
26100.056 1.5195862334356507e-12
26150.056 4.945358407205133e-13
26200.056 7.907550554686985e-13
26250.056 8.490101542136004e-12
26300.056 1.0603037399344224e-12
26350.056 1.7469742822582237e-11
26400.056 3.458509199852634e-11
26450.056 2.2032335229071803e-11
26500.056 6.091129592782744e-11
26550.056 3.301344261296259e-12
26600.056 3.804686970037806e-12
26650.056 3.615973517649241e-13
26700.056 1.9290558080707892e-13
26750.056 4.4964893602620245e-13
26800.056 2.046686650739856e-12
26850.056 1.082571580757639e-12
26900.056 7.167069589891309e-12
26950.056 1.7766507494234187e-12
27000.056 1.2896140025081168e-11
27050.056 1.8238333677785232e-11
27100.056 8.692515764392093e-13
27150.056 1.799124990737462e-11
27200.056 8.659370314973227e-13
27250.056 4.95972965506928e-12
27300.056 5.726587034512302e-11
27350.056 1.4137518974886448e-11
27400.056 4.500959663037807e-13
27450.056 2.1263986514068013e-11
27500.056 2.6000863917286425e-11
27550.056 3.0078496055236392e-12
27600.056 1.1265400110304931e-11
27650.056 2.2091136520500142e-12
27700.056 2.2446773889361477e-12
27750.056 2.0004720073571153e-11
27800.056 4.620674405789065e-12
27850.056 9.752016893435922e-12
27900.056 9.551006592756484e-12
27950.056 2.8433347853653516e-11
28000.056 3.067226382989051e-11
28050.056 2.2592276946832923e-12
28100.056 2.69415380196703e-11
28150.056 2.1285650508327358e-11
28200.056 4.144118268904204e-12
28250.056 3.9094938565198526e-11
28300.056 3.403666755906406e-11
28350.056 5.52190758764747e-12
28400.056 2.27126072044718e-11
28450.056 4.567405440720337e-11
28500.056 2.4621745346028892e-11
28550.056 4.659535583804489e-12
28600.056 4.4809765911963095e-11
28650.056 2.549317989559782e-11
28700.056 4.993329386763351e-11
28750.056 6.895274092654803e-11
28800.056 2.240928139177429e-11
28850.056 8.389303461375707e-11
