galfind/configs/Brown_Dwarf_templates/sonora_bobcat/m+0.5/56g/sp_t1000g56nc_m+0.5_resample.dat
# %ECSV 1.0
# ---
# datatype:
# - {name: wav, unit: Angstrom, datatype: float64}
# - {name: flux_nu, unit: erg / (cm2 Hz s), datatype: float64}
# meta: {C/O: '1.00', Kzz: '1.0000E+05', Teff: '1000.', Y: '0.28', '[Fe/H]': '0.50', f_hole: '1.00', f_rain: '0.00', grav: '56.'}
# schema: astropy-2.0
wav flux_nu
4000.0559999999996 nan
4050.0559999999996 8.877025783415433e-13
4100.056 3.5380107547397765e-11
4150.056 7.612962248300732e-11
4200.056 6.015695768569776e-11
4250.056 1.0325667842002537e-10
4300.056 1.198001934800138e-10
4350.056 1.2867949509101017e-10
4400.056 1.4967465828501113e-10
4450.056 1.669104151359987e-10
4500.056 1.6801745273100854e-10
4550.056 1.9687981954505262e-10
4600.056 2.229680868347568e-10
4650.056 2.036422329249826e-10
4700.056 2.060948035169962e-10
4750.056 1.330563302720022e-10
4800.056 4.408542368799913e-11
4850.056 9.38873511119981e-12
4900.056 3.0510404767999722e-12
4950.056 1.2174847511699883e-12
5000.056 4.114448451199953e-13
5050.056 1.6448625033999947e-13
5100.056 1.3384911788999982e-13
5150.056 1.1855186499999942e-13
5200.056 1.0578690654599989e-13
5250.056 9.339815401999984e-14
5300.056 8.32447602349999e-14
5350.056 7.604831494899994e-14
5400.056 7.098302304499988e-14
5450.056 6.710729096499989e-14
5500.056 6.403380081800012e-14
5550.056 6.165828529600002e-14
5600.056 5.957535880899992e-14
5650.056 5.722983135399998e-14
5700.056 5.4304435004000013e-14
5750.056 4.999176067799991e-14
5800.056 4.341908610199993e-14
5850.056 3.134238567999966e-14
5900.056 1.110508871220515e-14
5950.056 5.916614788000126e-14
6000.056 1.1971210765699972e-13
6050.056 2.1568957310000276e-13
6100.056 3.6826401340000313e-13
6150.056 6.131024028300047e-13
6200.056 1.0074807074200069e-12
6250.056 1.6357003644000108e-12
6300.056 2.6345188818000185e-12
6350.056 4.2013450382000295e-12
6400.056 6.624695622400037e-12
6450.056 1.0270586146000005e-11
6500.056 1.5648810974000105e-11
6550.056 2.3430650276000105e-11
6600.056 3.463583708400031e-11
6650.056 5.038221769700033e-11
6700.056 6.123533135721052e-11
6750.056 9.871776828600045e-11
6800.056 1.2896691887000038e-10
6850.056 1.485306588600002e-10
6900.056 1.4594072018000163e-10
6950.056 1.3477659731999957e-10
7000.056 1.3776788120200148e-10
7050.056 1.5129120194799847e-10
7100.056 1.674404790499999e-10
7150.056 1.7208625199699726e-10
7200.056 1.709237373924034e-10
7250.056 1.653600381579904e-10
7300.056 1.5026547078799895e-10
7350.056 1.3406097172099706e-10
7400.056 1.182385202990023e-10
7450.056 9.992003814400105e-11
7500.056 8.092074773199958e-11
7550.056 6.151335973599957e-11
7600.056 4.4332334089999616e-11
7650.056 1.1016167805508474e-11
7700.056 7.1588215873983534e-12
7750.056 3.978962410500083e-11
7800.056 7.441173432040112e-11
7850.056 1.5346931312000105e-10
7900.056 2.464566088500019e-10
7950.056 3.0216957389778403e-10
8000.056 5.510138167700068e-10
8050.056 7.647682285600187e-10
8100.056 9.824310213390022e-10
8150.056 1.26538252241299e-09
8200.056 1.6661821918601118e-09
8250.056 2.086349768431193e-09
8300.056 2.616989656669228e-09
8350.056 3.2232020199296893e-09
8400.056 3.943995217153878e-09
8450.056 4.898671652959743e-09
8500.056 5.339742714582468e-09
8550.056 6.986795264800089e-09
8600.056 8.789732184900086e-09
8650.056 1.0211395338600112e-08
8700.056 1.2031100266499361e-08
8750.056 1.4078367322000422e-08
8800.056 1.638432041400078e-08
8850.056 1.854937656299932e-08
8900.056 1.765639711045886e-08
8950.056 1.5901820061265312e-08
9000.056 2.0868138664627767e-08
9050.056 2.811468369847622e-08
9100.056 3.1591285148485745e-08
9150.056 3.200505590091619e-08
9200.056 3.699145468146957e-08
9250.056 3.670048354793193e-08
9300.056 1.947841490979573e-08
9350.056 2.2302671313997766e-08
9400.056 2.7793858155869254e-08
9450.056 3.492674994794605e-08
9500.056 3.501501153646477e-08
9550.056 4.027864525213769e-08
9600.056 3.9017923947703426e-08
9650.056 4.395990050918517e-08
9700.056 4.904572295060272e-08
9750.056 5.0514129090201726e-08
9800.056 5.5308472208223416e-08
9850.056 6.292627352120287e-08
9900.056 7.027365206556127e-08
9950.056 7.372471135748256e-08
10000.056 7.175089074317771e-08
10050.056 8.614147468900222e-08
10100.056 1.0319868149617381e-07
10150.056 1.2053544635597083e-07
10200.056 1.4034139728898722e-07
10250.056 1.5615112764599242e-07
10300.056 1.7470246582901064e-07
10350.056 2.0229387487099203e-07
10400.056 2.2652402062198653e-07
10450.056 2.3753562127199662e-07
10500.056 2.3840070023000819e-07
10550.056 2.4578094037001786e-07
10600.056 2.5844075739498525e-07
10650.056 2.807301677690067e-07
10700.056 2.936498584307237e-07
10750.056 3.160702339452102e-07
10800.056 3.337608778066026e-07
10850.056 3.367557088887603e-07
10900.056 2.584039585624868e-07
10950.056 1.4880326233739256e-07
11000.056 1.3859608923824134e-07
11050.056 1.2143855422096803e-07
11100.056 1.0119021877679496e-07
11150.056 7.805326013099854e-08
11200.056 7.507381628615405e-08
11250.056 8.696020898243366e-08
11300.056 8.742992751926785e-08
11350.056 4.8810370072204044e-08
11400.056 6.825744058191135e-08
11450.056 6.712470520330936e-08
11500.056 7.296272491213502e-08
11550.056 4.685525285515776e-08
11600.056 5.356024121211142e-08
11650.056 6.442902355030545e-08
11700.056 5.8077995798044096e-08
11750.056 3.7438643792272887e-08
11800.056 6.774849156990685e-08
11850.056 9.533606669470133e-08
11900.056 1.0326581584831227e-07
11950.056 1.418397412086735e-07
12000.056 1.666635786383945e-07
12050.056 1.9883854917416774e-07
12100.056 2.2487707790778792e-07
12150.056 2.6297580179617037e-07
12200.056 3.0236461715591937e-07
12250.056 3.35871572599166e-07
12300.056 3.7746119695906644e-07
12350.056 4.01719284451838e-07
12400.056 4.3223489868799614e-07
12450.056 4.140043873560515e-07
12500.056 4.5131675399899105e-07
12550.056 4.82558112387059e-07
12600.056 5.783479927320237e-07
12650.056 5.716449708799873e-07
12700.056 5.988888086051182e-07
12750.056 5.943906454140478e-07
12800.056 6.122005380816693e-07
12850.056 5.51223696142548e-07
12900.056 4.966299196891688e-07
12950.056 5.147082158519023e-07
13000.056 4.709365793504088e-07
13050.056 4.468724817672701e-07
13100.056 4.1163905460752084e-07
13150.056 3.5710310409152437e-07
13200.056 3.165823502522041e-07
13250.056 2.538837112097093e-07
13300.056 1.3986389553836808e-07
13350.056 5.0271548493126624e-08
13400.056 3.8082081493163896e-08
13450.056 2.5199741467411866e-08
13500.056 2.0922574058306954e-08
13550.056 1.7039512128980098e-08
13600.056 1.0895502776908682e-08
13650.056 1.8612424917453312e-08
13700.056 1.6107226384413514e-08
13750.056 1.482406367837295e-08
13800.056 1.677116532795811e-08
13850.056 1.529011264822918e-08
13900.056 1.597627416997305e-08
13950.056 1.4704119188681849e-08
14000.056 1.4367471287366416e-08
14050.056 1.5996088133357057e-08
14100.056 1.5101998774686154e-08
14150.056 1.8423228977636907e-08
14200.056 1.599635567614052e-08
14250.056 1.7180598910925388e-08
14300.056 2.196556326313197e-08
14350.056 2.1915355426252197e-08
14400.056 2.5936314412506854e-08
14450.056 2.726861563291412e-08
14500.056 3.8926688263714895e-08
14550.056 4.329434681633645e-08
14600.056 4.9809335148356415e-08
14650.056 5.236438995773781e-08
14700.056 4.681407319990309e-08
14750.056 5.4872071103239495e-08
14800.056 6.554906484099066e-08
14850.056 7.117287685328879e-08
14900.056 7.535399451795045e-08
14950.056 7.950486182904658e-08
15000.056 8.629088412896634e-08
15050.056 9.91322833412692e-08
15100.056 1.0964105612488831e-07
15150.056 1.229996892089923e-07
15200.056 1.2349338843386064e-07
15250.056 1.3745351792119203e-07
15300.056 1.529313897267031e-07
15350.056 1.649489832808665e-07
15400.056 1.8424863097530993e-07
15450.056 2.0152074519732463e-07
15500.056 2.0916039480145561e-07
15550.056 2.3228803238849214e-07
15600.056 2.2262774393641151e-07
15650.056 2.4478801390202683e-07
15700.056 2.8580369061614846e-07
15750.056 3.134837800579931e-07
15800.056 2.996241821341291e-07
15850.056 3.4410652910792924e-07
15900.056 3.4000202746605825e-07
15950.056 3.676352032809082e-07
16000.056 3.4143481985900805e-07
16050.056 2.941468622970087e-07
16100.056 2.6930649752510804e-07
16150.056 2.2476891681527708e-07
16200.056 1.89687197343425e-07
16250.056 1.8062969374027945e-07
16300.056 1.5727956779285652e-07
16350.056 1.7195272985140626e-07
16400.056 2.0471613626611838e-07
16450.056 2.1488786843770847e-07
16500.056 2.3609240603402305e-07
16550.056 2.2923727920878715e-07
16600.056 2.163492570995607e-07
16650.056 2.0665241995953692e-07
16700.056 1.0173795613599058e-07
16750.056 1.1836135014404957e-07
16800.056 1.9023870449206195e-07
16850.056 1.9718749950123205e-07
16900.056 1.7248382738398545e-07
16950.056 1.4111322357040463e-07
17000.056 1.0676347265652851e-07
17050.056 1.4387901404615505e-07
17100.056 1.5948621114621213e-07
17150.056 1.1866113548285274e-07
17200.056 1.4771473943855925e-07
17250.056 1.2910907441345184e-07
17300.056 1.0412637858330192e-07
17350.056 8.99722082653597e-08
17400.056 1.041228459543057e-07
17450.056 1.0499705539955584e-07
17500.056 1.1434204905038368e-07
17550.056 1.1162334684112797e-07
17600.056 1.0009322331375961e-07
17650.056 9.891762552146672e-08
17700.056 7.176220808866085e-08
17750.056 6.961235659032939e-08
17800.056 9.518430620630915e-08
17850.056 7.096123161631753e-08
17900.056 6.308310421127153e-08
17950.056 5.814393429988105e-08
18000.056 6.452584987093338e-08
18050.056 6.631014527414913e-08
18100.056 6.941882385124277e-08
18150.056 8.82701950942574e-08
18200.056 6.128588289906834e-08
18250.056 9.536021662962892e-08
18300.056 8.054458617154676e-08
18350.056 6.795105697591906e-08
18400.056 7.093797303538679e-08
18450.056 7.184272227289678e-08
18500.056 7.792037526774858e-08
18550.056 6.97352538158655e-08
18600.056 6.074602044141072e-08
18650.056 6.699934835795391e-08
18700.056 6.949395498372487e-08
18750.056 7.628995104203969e-08
18800.056 9.669899948563978e-08
18850.056 1.113645530362395e-07
18900.056 1.0900619749411246e-07
18950.056 1.2839406113366515e-07
19000.056 1.2305764578828732e-07
19050.056 1.0867632499118203e-07
19100.056 1.3694592426241473e-07
19150.056 1.2963414726996347e-07
19200.056 1.3702678441401923e-07
19250.056 1.2409407050328243e-07
19300.056 1.2705378888359168e-07
19350.056 1.1312536412274346e-07
19400.056 9.387221824349015e-08
19450.056 1.3072540614278195e-07
19500.056 1.269323993417206e-07
19550.056 9.82157324248709e-08
19600.056 1.2917959710224108e-07
19650.056 1.3544696330329458e-07
19700.056 1.3927319654026975e-07
19750.056 1.3590255506587753e-07
19800.056 1.4409111026594232e-07
19850.056 1.6467553896919329e-07
19900.056 1.3639763176598313e-07
19950.056 1.8415378777561223e-07
20000.056 1.633512828148609e-07
20050.056 1.8067857324431708e-07
20100.056 2.0119036867842985e-07
20150.056 2.0155857511494182e-07
20200.056 2.176671018137555e-07
20250.056 2.403991660808818e-07
20300.056 2.394224042985782e-07
20350.056 2.6720061781349073e-07
20400.056 2.602268243750071e-07
20450.056 2.958052816859232e-07
20500.056 3.0426200570461507e-07
20550.056 3.038416934465022e-07
20600.056 3.43861958475342e-07
20650.056 3.3725990225417606e-07
20700.056 3.5028124981758676e-07
20750.056 3.714727478605223e-07
20800.056 3.8197888150984094e-07
20850.056 3.724390546969658e-07
20900.056 3.8937738820938523e-07
20950.056 3.876478430419513e-07
21000.056 3.9326398874308647e-07
21050.056 3.925105905889897e-07
21100.056 3.7962300359002684e-07
21150.056 3.9874796234454623e-07
21200.056 3.731991911883016e-07
21250.056 3.7410620433691276e-07
21300.056 3.2827889095187924e-07
21350.056 3.509289708570737e-07
21400.056 3.201457368720387e-07
21450.056 3.2365914013658934e-07
21500.056 2.905775655073617e-07
21550.056 2.733779921458448e-07
21600.056 2.490829189667764e-07
21650.056 2.1943625864780793e-07
21700.056 2.263562062595816e-07
21750.056 1.938166518694177e-07
21800.056 1.6714831728937493e-07
21850.056 1.5014134493856264e-07
21900.056 1.1411427400822927e-07
21950.056 7.224018049160987e-08
22000.056 3.353355588086218e-08
22050.056 1.9099853636036767e-08
22100.056 2.6210313444307038e-08
22150.056 4.236709774529624e-08
22200.056 5.132054524057271e-08
22250.056 4.515931692959804e-08
22300.056 3.8537538045064696e-08
22350.056 3.567123564511256e-08
22400.056 2.7086843774208478e-08
22450.056 2.2526563967398718e-08
22500.056 2.0793334406325116e-08
22550.056 1.710456391781794e-08
22600.056 1.7982146846415413e-08
22650.056 1.8290114142137982e-08
22700.056 1.6272532300328898e-08
22750.056 1.7117269476341372e-08
22800.056 1.4458438968778626e-08
22850.056 1.2737588661102622e-08
22900.056 1.1000426151961348e-08
22950.056 1.039277679058672e-08
23000.056 1.3020460973949272e-08
23050.056 1.758441311932979e-08
23100.056 2.7514218587846213e-08
23150.056 3.358644798015339e-08
23200.056 1.1099225995501967e-08
23250.056 1.1177840644322468e-08
23300.056 1.0011303066665477e-08
23350.056 9.918508059747767e-09
23400.056 1.0994871838364892e-08
23450.056 1.1183438743307103e-08
23500.056 1.2336220596828839e-08
23550.056 1.5329715278194956e-08
23600.056 1.7160621383558213e-08
23650.056 2.2427610248218127e-08
23700.056 1.6382444097885063e-08
23750.056 1.2526009353340871e-08
23800.056 1.1863153945660846e-08
23850.056 1.4221194341438573e-08
23900.056 2.0752575517824223e-08
23950.056 2.495656185519156e-08
24000.056 2.561078629660598e-08
24050.056 3.392692491118664e-08
24100.056 3.1817264942350535e-08
24150.056 3.555232524665065e-08
24200.056 3.5827059655066194e-08
24250.056 3.058565305090076e-08
24300.056 3.58604376533027e-08
24350.056 3.058797283889775e-08
24400.056 3.959863710313059e-08
24450.056 4.0173695256519294e-08
24500.056 4.1542612118147e-08
24550.056 4.940633621441994e-08
24600.056 5.085771618239449e-08
24650.056 6.077804845236257e-08
24700.056 5.098189792508799e-08
24750.056 5.824899930625746e-08
24800.056 6.038817089510297e-08
24850.056 7.315677294803084e-08
24900.056 5.786474444304866e-08
24950.056 8.16566509299437e-08
25000.056 7.721157294752594e-08
25050.056 6.397791067600924e-08
25100.056 8.086577745691084e-08
25150.056 6.366212713664725e-08
25200.056 7.816186095095749e-08
25250.056 6.780760650862221e-08
25300.056 8.6494892493915e-08
25350.056 6.21639716818146e-08
25400.056 8.850396478246276e-08
25450.056 6.544277687865498e-08
25500.056 6.503413678563684e-08
25550.056 6.686322996831552e-08
25600.056 5.880165676981522e-08
25650.056 5.3156553861488243e-08
25700.056 7.49325546913751e-08
25750.056 4.589329322812071e-08
25800.056 7.008628150500317e-08
25850.056 5.085844533348827e-08
25900.056 5.9086843123548455e-08
25950.056 4.71958227973306e-08
26000.056 8.033979357621851e-08
26050.056 6.79996746764516e-08
26100.056 7.5697589477084e-08
26150.056 6.65744752127187e-08
26200.056 7.449608542709946e-08
26250.056 8.875987336005314e-08
26300.056 7.901939486992337e-08
26350.056 1.051761113371499e-07
26400.056 1.0862395427976499e-07
26450.056 1.1854577109314244e-07
26500.056 1.2301340553583625e-07
26550.056 9.333314534752183e-08
26600.056 1.2005315106398446e-07
26650.056 7.536412269510566e-08
26700.056 7.599220146602179e-08
26750.056 5.90187978176792e-08
26800.056 8.581518628777852e-08
26850.056 5.752024730829882e-08
26900.056 9.681807651991904e-08
26950.056 6.117613289857809e-08
27000.056 1.0506910242353074e-07
27050.056 8.515194955092531e-08
27100.056 8.024509314208194e-08
27150.056 1.1192721365852656e-07
27200.056 8.87836907313413e-08
27250.056 9.504449610335966e-08
27300.056 1.4035308788211185e-07
27350.056 1.2357511120017368e-07
27400.056 7.280444823328232e-08
27450.056 1.5485557883453685e-07
27500.056 1.417091911453255e-07
27550.056 9.890477664388338e-08
27600.056 1.5054119742026919e-07
27650.056 9.185632685468231e-08
27700.056 8.234774808352473e-08
27750.056 1.450295900779472e-07
27800.056 8.683253094316013e-08
27850.056 1.0120465285170437e-07
27900.056 1.1055076638842941e-07
27950.056 1.5223064959541155e-07
28000.056 1.3526331196125426e-07
28050.056 7.49348477953193e-08
28100.056 1.6022520638242545e-07
28150.056 1.1521942014023629e-07
28200.056 8.102673223592374e-08
28250.056 1.4803947144001798e-07
28300.056 1.8304897806668575e-07
28350.056 1.0193050258266487e-07
28400.056 1.261447115443761e-07
28450.056 1.5176139326371897e-07
28500.056 1.4093538200075192e-07
28550.056 7.734023404366228e-08
28600.056 1.7302523667335026e-07
28650.056 1.5785309101506894e-07
28700.056 1.4471172047906725e-07
28750.056 1.7662137182232923e-07
28800.056 1.553913012818518e-07
