galfind/configs/Brown_Dwarf_templates/sonora_bobcat/m+0.5/56g/sp_t225g56nc_m+0.5_resample.dat
# %ECSV 1.0
# ---
# datatype:
# - {name: wav, unit: Angstrom, datatype: float64}
# - {name: flux_nu, unit: erg / (cm2 Hz s), datatype: float64}
# meta: {C/O: '1.00', Kzz: '1.0000E+05', Teff: '225.', Y: '0.28', '[Fe/H]': '0.50', f_hole: '1.00', f_rain: '0.00', grav: '56.'}
# schema: astropy-2.0
wav flux_nu
[from data line 498]
28900.056 7.418006664074955e-15
28950.056 1.086623122647812e-14
29000.056 5.626396324990033e-15
29050.056 1.158947254762116e-14
29100.056 1.4994742342387943e-15
29150.056 5.173281504303933e-16
29200.056 5.789875105529684e-14
29250.056 1.21566256372023e-14
29300.056 2.668723136678175e-15
29350.056 1.6095908208293667e-14
29400.056 1.9567793907604435e-14
29450.056 2.4425281302472205e-15
29500.056 3.088530638197736e-14
29550.056 9.267092086821715e-15
29600.056 2.4442305454510334e-15
29650.056 2.4468995163180176e-14
29700.056 8.637001350988317e-15
29750.056 6.156819742712402e-14
29800.056 8.136950632395788e-15
29850.056 3.4984896569299706e-14
29900.056 8.055301215179048e-15
29950.056 1.1099342918717585e-14
30000.056 2.4267123878916227e-17
30050.056 2.504544712522406e-15
30100.056 1.84383400001107e-14
30150.056 4.158445794727973e-14
30200.056 5.000916308214547e-14
30250.056 3.28816607500927e-14
30300.056 5.741320634950849e-14
30350.056 1.505071916397804e-14
30400.056 8.24570041691341e-14
30450.056 1.8751718497951995e-13
30500.056 1.1460715362406526e-14
30550.056 1.1981896075181915e-14
30600.056 1.1889714917337527e-12
30650.056 2.924324477307853e-13
30700.056 1.052675090195175e-14
30750.056 9.655707751851836e-14
30800.056 5.533559595286381e-13
30850.056 3.7129474434273816e-13
30900.056 1.164556401778012e-13
30950.056 6.803902543043007e-14
31000.056 8.742445799288488e-14
31050.056 1.4073403267677033e-14
31100.056 1.285286520407073e-14
31150.056 4.284223717651555e-14
31200.056 4.883043891570857e-13
31250.056 4.344488016092558e-13
31300.056 3.830935737971533e-14
31350.056 5.108054958916994e-13
31400.056 5.104061910556979e-13
31450.056 3.3534611773622413e-13
31500.056 6.038325052656097e-14
31550.056 1.9994008173208037e-13
31600.056 2.0271893947226367e-13
31650.056 1.3751605539577734e-13
31700.056 6.16709934901241e-14
31750.056 4.0490547609177017e-14
31800.056 4.9171468713903034e-14
31850.056 3.66830660455612e-15
31900.056 1.1793599154476995e-14
31950.056 7.194764341535296e-15
32000.056 3.446685559100992e-15
32050.056 3.2473941542859564e-15
32100.056 3.146957667456824e-15
32150.056 1.177390397431102e-15
32200.056 3.281430678468655e-16
32250.056 8.645747246006451e-16
32300.056 1.0229737430597308e-16
32350.056 3.2349166147127115e-16
32400.056 1.9618225190838125e-17
32450.056 1.794599074997509e-16
32500.056 1.4706979841701326e-17
32550.056 9.197455839920626e-17
32600.056 5.725198202755719e-18
32650.056 1.736417371127978e-16
32700.056 8.407456083688943e-18
32750.056 5.16527561660033e-16
32800.056 1.1334124407957357e-16
32850.056 4.170830817557226e-15
32900.056 1.728950366016637e-15
32950.056 4.005666933208729e-15
33000.056 9.277616139847597e-16
33050.056 2.4782271050525393e-16
33100.056 3.899627980665867e-17
33150.056 2.963481276517853e-20
33200.056 2.286018212674384e-17
33250.056 3.307464172910482e-17
33300.056 8.355143073847847e-16
33350.056 2.882328612028683e-16
33400.056 4.5235431379311905e-15
33450.056 1.2650626765905338e-16
33500.056 2.0346833037778623e-15
33550.056 2.1775042552219482e-16
33600.056 1.0109840782001728e-15
33650.056 1.3224991323808921e-15
33700.056 1.1677140303157268e-16
33750.056 1.700984614406442e-15
33800.056 6.579237384607434e-17
33850.056 8.873467239835191e-16
33900.056 1.0963875123513367e-15
33950.056 1.5308330479823895e-15
34000.056 5.223570772403122e-15
34050.056 8.369932459529017e-16
34100.056 7.699324521439305e-15
34150.056 2.8356358905889628e-15
34200.056 1.7026678077345855e-14
34250.056 3.048242508855679e-15
34300.056 6.72086112925226e-15
34350.056 8.978736602131059e-14
34400.056 5.810180723299175e-15
34450.056 3.77625151993658e-14
34500.056 6.974438378445829e-15
34550.056 5.113715488232014e-14
34600.056 2.9697428950488007e-13
34650.056 2.9612560814357764e-15
34700.056 7.961036669285537e-14
34750.056 3.625570355451127e-14
34800.056 2.468657077015813e-14
34850.056 1.1908898230691215e-13
34900.056 1.0562230698616302e-14
34950.056 2.968316054230259e-13
35000.056 2.119873129649182e-13
35050.056 4.0213408756176315e-13
35100.056 5.158249072920068e-13
35150.056 3.8114328473008814e-13
35200.056 4.521329320683066e-13
35250.056 9.53205705582164e-13
35300.056 1.2303105602432862e-13
35350.056 2.2231499499789726e-14
35400.056 1.426132487670191e-14
35450.056 2.290875335151759e-14
35500.056 1.6226359265012414e-13
35550.056 7.491211150417485e-14
35600.056 3.6240952537304644e-13
35650.056 8.31145210836052e-13
35700.056 1.0446579765894328e-12
35750.056 2.5000181696068654e-13
35800.056 1.1288725680596278e-13
35850.056 5.1938412553001894e-14
35900.056 8.21308870873087e-14
35950.056 2.0832403081745542e-13
36000.056 3.5846763452563617e-13
36050.056 2.8214444088999495e-13
36100.056 2.3494585381768546e-13
36150.056 3.281141653037377e-12
36200.056 1.1882520019129564e-12
36250.056 4.1094742877736405e-13
36300.056 3.413026308678511e-12
36350.056 2.1022564586106557e-12
36400.056 2.3078677616823036e-12
36450.056 1.7448988715241468e-12
36500.056 1.3679263374326445e-12
36550.056 7.008075630689997e-12
36600.056 4.5045767708331725e-12
36650.056 1.828220419594474e-12
36700.056 5.438680944039561e-12
36750.056 7.311836687027699e-12
36800.056 1.0574665135752837e-11
36850.056 1.5108236391848848e-12
36900.056 2.689418769133546e-12
36950.056 1.1833327835907849e-11
37000.056 6.783286864107046e-12
37050.056 1.1715713748070052e-11
37100.056 1.628106471412167e-12
37150.056 3.644403847243783e-12
37200.056 2.0792822138013225e-11
37250.056 1.0759933053376844e-11
37300.056 1.684379467472915e-12
37350.056 3.171136371893377e-12
37400.056 5.45041983865407e-12
37450.056 1.6430151880140508e-12
37500.056 4.7482776749006486e-12
37550.056 1.8670357091637334e-11
37600.056 4.840885727967507e-11
37650.056 3.8345016325175156e-12
37700.056 9.088336856706193e-12
37750.056 1.0758295384656708e-11
37800.056 5.477333770117213e-12
37850.056 2.5200902278960758e-12
37900.056 1.9337625316960035e-12
37950.056 6.472873234275449e-12
38000.056 6.355857799460239e-12
38050.056 2.704165858773e-11
38100.056 2.782086703550502e-11
38150.056 6.182325237320041e-11
38200.056 3.2230492025705065e-11
38250.056 7.343293488262123e-11
38300.056 1.3045076632080648e-10
38350.056 3.26986261351284e-11
38400.056 3.3564497071254066e-12
38450.056 4.825303297666854e-13
38500.056 1.0429600730990843e-12
38550.056 1.3357087728696448e-11
38600.056 2.0677477333379566e-11
38650.056 1.9669623096076567e-11
38700.056 2.4301771391404333e-12
38750.056 1.3077281410241492e-11
38800.056 1.0366475333555328e-11
38850.056 2.3340504405990485e-11
38900.056 2.878297706082794e-11
38950.056 9.683043065151556e-12
39000.056 5.656801147599071e-11
39050.056 4.1959960696581674e-12
39100.056 1.7443121695736313e-11
39150.056 6.098141179072658e-11
39200.056 2.541207641242162e-11
39250.056 6.632503076854397e-11
39300.056 2.0262762812128773e-11
39350.056 9.432838483339827e-11
39400.056 2.249649325217342e-11
39450.056 6.974988067251828e-11
39500.056 5.670109445152735e-11
39550.056 1.0371072145647198e-11
39600.056 7.975392178008818e-11
39650.056 7.33324040093196e-11
39700.056 1.0930274927320256e-10
39750.056 2.117922058624297e-11
39800.056 1.8410814657991312e-11
39850.056 8.127843915290012e-11
39900.056 1.9046504678668633e-10
39950.056 2.5557027836299616e-11
40000.056 7.23203481615622e-11
40050.056 1.0096059109352884e-10
40100.056 2.015878139322928e-11
40150.056 9.590066854540205e-11
40200.056 1.185219060507527e-10
40250.056 1.4647514530287231e-10
40300.056 1.7524002752429432e-10
40350.056 5.368813597294366e-11
40400.056 6.355062182886975e-11
40450.056 1.5699265822181175e-11
40500.056 1.7962508389211082e-10
40550.056 1.810131932487837e-10
40600.056 1.4808605885140045e-10
40650.056 6.641917435536301e-11
40700.056 1.1799953761359794e-10
40750.056 9.788967853238768e-11
40800.056 4.6721320387211414e-11
40850.056 3.8313595508470816e-10
40900.056 3.109792338151898e-10
40950.056 2.472451977728965e-10
41000.056 9.787418997214404e-11
41050.056 3.896641118045881e-10
41100.056 3.1335126462588426e-10
41150.056 3.9512637827012124e-11
41200.056 5.561802352053368e-10
41250.056 2.544899434382242e-10
41300.056 2.0814348519566224e-10
41350.056 6.191605465940429e-10
41400.056 3.9461388812497775e-10
41450.056 6.76452500511696e-10
41500.056 3.072867216019759e-10
41550.056 1.8906414177653299e-10
41600.056 2.4973164002618377e-10
41650.056 6.684727335991926e-10
41700.056 1.0127892609839396e-09
41750.056 6.951273313618612e-10
41800.056 5.608619045720908e-10
41850.056 5.768945377534946e-10
41900.056 2.641588464333933e-10
41950.056 2.694701205490027e-10
42000.056 1.5194345167032706e-11
42050.056 7.654433755597396e-11
42100.056 1.1541677841202358e-10
42150.056 1.9881113599985922e-10
42200.056 5.071595750760073e-10
42250.056 3.0995788371903624e-10
42300.056 2.1880639579603373e-10
42350.056 6.985581778616e-10
42400.056 1.182158808895244e-09
42450.056 1.5695993289502689e-09
42500.056 1.74998263140987e-09
42550.056 1.250843984125802e-09
42600.056 9.395209120745866e-10
42650.056 1.5127671391434566e-09
42700.056 3.1523664435303287e-10
42750.056 1.6213994885553353e-09
42800.056 3.3694760059803303e-09
42850.056 2.9497445795994737e-09
42900.056 2.414736163699408e-09
42950.056 2.3029858742001855e-09
43000.056 2.8035025702722063e-09
43050.056 9.429077791530823e-10
43100.056 1.4220609169664893e-09
43150.056 1.4658209002460847e-09
43200.056 3.58678111320034e-09
43250.056 3.7056866616050425e-09
43300.056 3.724867841700145e-09
43350.056 1.9723729607791754e-09
43400.056 2.8059844866052824e-09
43450.056 1.1712142525723514e-09
43500.056 7.421169491738696e-10
43550.056 1.303880431240068e-09
43600.056 3.3983211096004946e-09
43650.056 1.7689441560101624e-09
43700.056 3.9634688299217385e-09
43750.056 4.677611831799186e-09
43800.056 2.91629666081443e-09
43850.056 2.4996803084521976e-09
43900.056 1.321079061707002e-09
43950.056 9.018491414175797e-10
44000.056 1.2746584007098053e-09
44050.056 4.500533343319999e-09
44100.056 5.447358563900043e-09
44150.056 5.215583254999551e-09
44200.056 4.961267955040253e-09
44250.056 1.8750077063598586e-09
44300.056 1.3551068174541444e-09
44350.056 1.2304626881491175e-09
44400.056 9.471749251440924e-10
44450.056 3.3244265965906134e-09
44500.056 3.1721768187802783e-09
44550.056 4.3425936440999224e-09
44600.056 3.3152981305238403e-09
44650.056 2.6983902782905935e-09
44700.056 2.088493635159525e-09
44750.056 4.485248895600577e-09
44800.056 1.8296971448512452e-09
44850.056 2.3175835635611514e-09
44900.056 3.0641804685100636e-09
44950.056 3.929940928300849e-09
45000.056 5.948901931500206e-09
45050.056 3.816854609619373e-09
45100.056 3.6276496522899133e-09
45150.056 2.379877346409433e-09
45200.056 1.8596957105201823e-09
45250.056 2.4352820476493766e-09
45300.056 2.4450428417612225e-09
45350.056 1.2925433834084154e-09
45400.056 7.124436487100802e-09
45450.056 4.041813730290205e-09
45500.056 7.085007933410499e-09
45550.056 7.051981413088283e-09
45600.056 4.6012217094007866e-09
45650.056 4.210987004559913e-09
45700.056 2.253394324781825e-09
45750.056 2.0588283449802614e-09
45800.056 6.267830098360288e-09
45850.056 3.5238348949604085e-09
45900.056 6.9913822768995154e-09
45950.056 8.107799250299559e-09
46000.056 6.484670886300626e-09
46050.056 3.826239126632928e-09
46100.056 9.603275492999418e-09
46150.056 4.463617701660048e-09
46200.056 3.013468852029377e-09
46250.056 8.223378656879803e-10
46300.056 3.920882573480093e-09
46350.056 3.484736685522497e-09
46400.056 3.731892875270175e-09
46450.056 3.021004254005859e-09
46500.056 4.193694478700512e-09
46550.056 1.4917230632547939e-09
46600.056 1.9484482348417346e-09
46650.056 4.237761902620175e-09
46700.056 2.5989395257193084e-09
46750.056 7.327271117450931e-10
46800.056 3.838220871049894e-10
46850.056 3.3567470464906345e-09
46900.056 4.919030634059801e-09
46950.056 5.531585712099758e-09
47000.056 5.8996303024005595e-09
47050.056 2.6866273989031724e-09
47100.056 2.123231245370188e-09
47150.056 3.9881461733944645e-09
47200.056 4.180825355599585e-09
47250.056 1.5337840092946403e-09
47300.056 1.023903477999321e-09
47350.056 4.301274263000625e-09
47400.056 4.841735887999492e-09
47450.056 2.184136087688948e-09
47500.056 4.69866760782462e-09
47550.056 4.989009922800029e-09
47600.056 2.8384753361265446e-09
47650.056 3.5404590016199593e-09
47700.056 2.574008736810447e-09
47750.056 2.0586121528500058e-09
47800.056 1.1634747669201757e-09
47850.056 3.7779341756508735e-10
47900.056 8.015958387720518e-10
47950.056 2.964669874600156e-09
48000.056 4.085590890739616e-09
48050.056 2.8709336904541274e-09
48100.056 1.1709954925901684e-09
48150.056 2.7201714906801194e-09
48200.056 1.0567618340037627e-09
48250.056 1.7138263230750586e-09
48300.056 3.625780118899931e-09
48350.056 1.6330575581597198e-09
48400.056 2.521167410449267e-10
48450.056 4.784114328771246e-10
48500.056 1.039644283019797e-09
48550.056 1.3617173920052652e-09
48600.056 3.5836074046996773e-09
48650.056 4.643310881699754e-09
48700.056 2.748461118560597e-09
48750.056 2.9140675049001295e-09
48800.056 3.5934090563200615e-09
48850.056 1.3948984521857844e-09
48900.056 1.0074833304838714e-09
48950.056 4.3145245722798464e-10
49000.056 2.997539981800753e-10
49050.056 1.262051109000842e-09
49100.056 2.286657932173441e-09
49150.056 1.8390859897443082e-09
49200.056 3.8469095898004575e-09
49250.056 3.6210063825296628e-09
49300.056 2.5410380640898624e-09
49350.056 7.435461524243131e-10
49400.056 1.1180478107376408e-09
49450.056 8.723965245401735e-10
49500.056 5.607075708248687e-10
49550.056 1.1368812197799652e-10
49600.056 2.422847080250509e-10
49650.056 1.0682544141002614e-09
49700.056 1.5851781985497468e-09
49750.056 9.052237156670237e-10
49800.056 5.19612807846065e-10
49850.056 1.8206802057002584e-09
49900.056 2.2060368848199084e-09
49950.056 2.0802297844899904e-09
50000.056 7.288154405877656e-10
50050.056 8.379277430541159e-10
50100.056 8.09258954619933e-10
50150.056 2.604265697169503e-10
50200.056 6.450530242840858e-11
50250.056 2.433074454900046e-10
50300.056 1.7758435397503095e-10
50350.056 9.403687334901751e-10
50400.056 1.4198644058297295e-09
50450.056 1.4540001773702883e-09
50500.056 2.1612139618899614e-09
50550.056 2.137485182320069e-09
50600.056 1.0505554768238178e-09
50650.056 2.4302655041002193e-09
50700.056 1.8030809824998485e-09
50750.056 8.352480369399691e-10
50800.056 1.9694567908195703e-10
50850.056 1.0913676626502816e-10
50900.056 6.244164210200901e-10
50950.056 8.31260744859908e-10
51000.056 5.003937342270447e-10
51050.056 1.260747505709967e-09
51100.056 3.757597640149541e-10
51150.056 2.6819955965706195e-10
51200.056 1.3071307795200334e-09
51250.056 1.006634862567849e-09
51300.056 6.212809105500656e-10
51350.056 3.3004140225092534e-10
51400.056 1.1248714839401877e-10
51450.056 1.0962441158847659e-10
51500.056 1.1430663584302828e-10
51550.056 3.4014399634004964e-10
51600.056 4.898653268001286e-10
51650.056 8.841432341000497e-10
51700.056 7.139332212888609e-10
51750.056 4.471043746100984e-10
51800.056 1.0469231724099762e-09
51850.056 7.925202312499529e-10
51900.056 5.444595424799652e-10
51950.056 2.6091559558997317e-10
52000.056 6.623867036199157e-11
52050.056 1.4983730806400237e-10
52100.056 1.0718669256299476e-10
52150.056 7.132770228321956e-11
52200.056 2.081992875900096e-10
52250.056 3.133192391400426e-10
52300.056 2.983417917199793e-10
52350.056 1.1314256148959286e-10
52400.056 1.3028619756599667e-10
52450.056 4.005423508700237e-10
52500.056 2.5720769101497013e-10
52550.056 5.395611032000015e-10
52600.056 6.100763568400181e-10
52650.056 6.615157777999744e-10
52700.056 3.7998335914994985e-10
52750.056 1.081658523309842e-10
52800.056 2.116927004880218e-10
52850.056 2.362466944329613e-10
52900.056 9.857335571577614e-11
52950.056 1.5128625824901944e-10
53000.056 2.719740588000435e-10
53050.056 1.4204533873798674e-10
53100.056 4.254164704099829e-10
53150.056 2.718986171226269e-10
53200.056 1.4836002185785735e-10
53250.056 1.8792297767216584e-10
53300.056 2.986664797882389e-10
53350.056 2.292742981602932e-10
53400.056 1.7789120091494692e-10
53450.056 9.086898146098726e-11
53500.056 3.133408123448902e-11
