galfind/configs/Brown_Dwarf_templates/sonora_bobcat/m+0.5/56g/sp_t350g56nc_m+0.5_resample.dat
# %ECSV 1.0
# ---
# datatype:
# - {name: wav, unit: Angstrom, datatype: float64}
# - {name: flux_nu, unit: erg / (cm2 Hz s), datatype: float64}
# meta: {C/O: '1.00', Kzz: '1.0000E+05', Teff: '350.', Y: '0.28', '[Fe/H]': '0.50', f_hole: '1.00', f_rain: '0.00', grav: '56.'}
# schema: astropy-2.0
wav flux_nu
4000.0559999999996 nan
4050.0559999999996 2.893263649680578e-18
4100.056 1.4762132817500252e-16
4150.056 1.0718942106900091e-15
4200.056 1.111127435666965e-15
4250.056 9.134445225200079e-15
4300.056 2.17539423570001e-14
4350.056 4.180014956300015e-14
4400.056 7.318420881800004e-14
4450.056 1.1947635601199979e-13
4500.056 1.9109434468000055e-13
4550.056 1.9241887440539924e-13
4600.056 3.379225133699985e-14
4650.056 2.1559194186999918e-14
4700.056 1.3292256153599964e-14
4750.056 7.678227957299968e-15
4800.056 4.756106139399977e-15
4850.056 2.6790078263999872e-15
4900.056 1.7216734227999977e-15
4950.056 1.2489169176999985e-15
5000.056 8.307358870099946e-16
5050.056 5.900156586100021e-16
5100.056 6.59429353330016e-16
5150.056 7.834121660800106e-16
5200.056 9.099305974500058e-16
5250.056 1.0268283193800008e-15
5300.056 1.1558790248000008e-15
5350.056 1.3055432644000024e-15
5400.056 1.4424172158100033e-15
5450.056 1.6306113452200273e-15
5500.056 1.866738003700024e-15
5550.056 2.1305767473000062e-15
5600.056 2.3834503738000014e-15
5650.056 2.59406982719999e-15
5700.056 2.6070491082800034e-15
5750.056 2.615446985300003e-15
5800.056 2.387201781599994e-15
5850.056 1.7175634238499686e-15
5900.056 4.866434459870166e-16
5950.056 3.063066689310209e-15
6000.056 6.424348323669734e-15
6050.056 1.2057452603700364e-14
6100.056 2.0054979793000314e-14
6150.056 3.030337053700025e-14
6200.056 4.3789594950000285e-14
6250.056 5.886944516799996e-14
6300.056 8.233417079699972e-14
6350.056 1.113943937520003e-13
6400.056 1.461692366000011e-13
6450.056 1.5930566532759414e-13
6500.056 2.0776083431559983e-13
6550.056 2.863936750785871e-13
6600.056 3.995660764428201e-13
6650.056 5.682183455500078e-13
6700.056 7.584958212000031e-13
6750.056 1.0513095149100077e-12
6800.056 1.223091690200023e-12
6850.056 1.2279837665200022e-12
6900.056 9.167833992110288e-13
6950.056 6.253357831244377e-13
7000.056 7.087038895582329e-13
7050.056 7.044208063715769e-13
7100.056 7.688794795993663e-13
7150.056 5.441366012921948e-13
7200.056 3.8662324632212657e-13
7250.056 4.817636618091869e-13
7300.056 5.002491616046541e-13
7350.056 6.612857128708232e-13
7400.056 8.363433896833643e-13
7450.056 1.1654573880801235e-12
7500.056 1.4939071017499771e-12
7550.056 1.8097814535899966e-12
7600.056 2.022079003399999e-12
7650.056 1.0894524125209777e-12
7700.056 1.05182384561602e-12
7750.056 2.6862415108000285e-12
7800.056 3.1354144786699233e-12
7850.056 3.557007720079989e-12
7900.056 4.230131063151793e-12
7950.056 4.7168158376199066e-12
8000.056 5.27309841530098e-12
8050.056 5.900330598670043e-12
8100.056 3.846348296498565e-12
8150.056 3.1473336390682187e-12
8200.056 5.7095128636666656e-12
8250.056 6.214955884995462e-12
8300.056 7.1726774093590856e-12
8350.056 6.532789259842607e-12
8400.056 7.48445251838551e-12
8450.056 1.0882639782058565e-11
8500.056 1.3100878008650013e-11
8550.056 1.7494158481600258e-11
8600.056 2.1993697952000152e-11
8650.056 2.4921528074000537e-11
8700.056 2.2851925653000658e-11
8750.056 2.3760355999400064e-11
8800.056 2.0675350014479083e-11
8850.056 1.1957866534658531e-11
8900.056 5.212962256624468e-13
8950.056 6.140870465232742e-13
9000.056 3.9922670446618185e-13
9050.056 2.3203263744045273e-12
9100.056 3.589883253955126e-12
9150.056 6.14840489487877e-12
9200.056 1.8220753016854792e-11
9250.056 1.6941192788372518e-11
9300.056 4.241030655005048e-13
9350.056 5.37439621553048e-13
9400.056 2.453033338806663e-12
9450.056 2.6859970554709067e-12
9500.056 2.068464665602856e-12
9550.056 2.438365855374742e-12
9600.056 2.3562603046703087e-12
9650.056 4.763833581876635e-12
9700.056 1.2431608694293135e-11
9750.056 9.162227011380387e-12
9800.056 8.815870559042904e-12
9850.056 8.913813815694323e-12
9900.056 1.2545582398224724e-11
9950.056 8.83472979543239e-12
10000.056 1.198265420459032e-11
10050.056 1.074435647646055e-11
10100.056 1.5266137924117836e-11
10150.056 1.1693652877656247e-11
10200.056 7.975947284408823e-12
10250.056 1.157768822302858e-11
10300.056 2.08350632364794e-11
10350.056 1.81264040620975e-11
10400.056 5.956714826053108e-11
10450.056 1.243316238548571e-10
10500.056 2.2622775538345424e-10
10550.056 4.018966482926731e-10
10600.056 5.384623130659983e-10
10650.056 6.298207614852378e-10
10700.056 5.68727758723102e-10
10750.056 6.380582568464599e-10
10800.056 5.807770612235245e-10
10850.056 4.361076549990478e-10
10900.056 2.2398007087967064e-10
10950.056 7.42389193656421e-11
11000.056 3.5295788541223876e-11
11050.056 1.6001977475604044e-11
11100.056 5.4059132358410834e-12
11150.056 1.1414110837461676e-12
11200.056 3.0964384687565874e-13
11250.056 2.8479341587015115e-13
11300.056 1.1794343295855945e-12
11350.056 1.51724033919269e-13
11400.056 9.97645705060591e-13
11450.056 6.717192493786553e-13
11500.056 3.908636386014078e-13
11550.056 3.516112258062399e-14
11600.056 1.4873965275205764e-14
11650.056 1.5839721075539619e-13
11700.056 1.6177813498871394e-13
11750.056 1.6997093062047722e-14
11800.056 1.805303251566761e-13
11850.056 2.358575488606853e-13
11900.056 1.838853881454519e-13
11950.056 3.84053020446627e-13
12000.056 8.567639072410689e-13
12050.056 2.069186508333001e-12
12100.056 4.265867423261832e-12
12150.056 8.196347154672496e-12
12200.056 1.1224829594397429e-11
12250.056 2.9841004364327735e-11
12300.056 7.483721276090962e-11
12350.056 9.345055999970451e-11
12400.056 2.1478520598931205e-10
12450.056 4.261048311278293e-10
12500.056 5.208428359173067e-10
12550.056 7.476633436669104e-10
12600.056 1.1742603293064126e-09
12650.056 1.4940276155731142e-09
12700.056 1.4947494277270156e-09
12750.056 7.745831510185862e-10
12800.056 3.528180140233421e-10
12850.056 1.3416785966967084e-10
12900.056 8.825132542687253e-11
12950.056 5.581332359391373e-11
13000.056 5.447320720211808e-11
13050.056 2.314966628635526e-11
13100.056 1.7130146844349302e-11
13150.056 8.228730824319211e-12
13200.056 8.534798835741642e-12
13250.056 7.044155583278061e-12
13300.056 2.5761914113914622e-12
13350.056 6.985134207443442e-13
13400.056 4.452461924080302e-13
13450.056 9.873567622627841e-14
13500.056 2.6185562051140162e-14
13550.056 6.7304092508418114e-15
13600.056 5.492377712472346e-16
13650.056 9.283892185716604e-15
13700.056 3.605056777690866e-15
13750.056 1.080119054186322e-14
13800.056 6.251070182173084e-15
13850.056 3.255949947635136e-15
13900.056 9.350525899649453e-15
13950.056 5.0717474243616105e-15
14000.056 6.858274340886404e-15
14050.056 1.3936848496525774e-14
14100.056 1.901507701943435e-14
14150.056 6.115961587777652e-14
14200.056 2.9518538915552795e-14
14250.056 6.064210191103317e-14
14300.056 1.6684531173309304e-13
14350.056 1.7761875238932076e-13
14400.056 1.9465036144214385e-13
14450.056 4.1434592988773776e-13
14500.056 1.0745759077532654e-12
14550.056 1.1825529674779983e-12
14600.056 1.1073542685970053e-12
14650.056 4.196554455083256e-13
14700.056 1.6023711397758374e-13
14750.056 3.4144834096293254e-14
14800.056 8.382944833526669e-14
14850.056 1.2938162000871825e-13
14900.056 1.2293242996136353e-13
14950.056 6.030600788812974e-14
15000.056 2.4265097884773663e-13
15050.056 1.9424451289358484e-13
15100.056 8.502931194549868e-14
15150.056 3.745059797896267e-14
15200.056 1.5397947500822696e-13
15250.056 4.2548837701181635e-13
15300.056 5.169352391821902e-13
15350.056 1.0435854851916334e-12
15400.056 1.3862054131691204e-12
15450.056 1.97562176681145e-12
15500.056 2.3677162978313463e-12
15550.056 7.950878294126058e-12
15600.056 1.1575871811290848e-11
15650.056 2.953086939133301e-11
15700.056 6.166670663059283e-11
15750.056 1.1165417618488379e-10
15800.056 1.4076189350778815e-10
15850.056 2.024192061876106e-10
15900.056 2.3001393633440003e-10
15950.056 2.559954334346092e-10
16000.056 1.961601043425456e-10
16050.056 9.457356152532223e-11
16100.056 5.164060524804027e-11
16150.056 2.1069968083264167e-11
16200.056 9.085737323954017e-12
16250.056 4.875373719354092e-12
16300.056 2.269522386550383e-12
16350.056 3.025051324453973e-12
16400.056 4.074941525043575e-12
16450.056 2.6626592528354655e-12
16500.056 1.9256328392854473e-12
16550.056 1.83238879848221e-12
16600.056 4.480440586111249e-12
16650.056 3.1651575858966308e-12
16700.056 2.772440713680889e-13
16750.056 1.345742032180027e-12
16800.056 2.429233279414753e-12
16850.056 2.938277625081991e-12
16900.056 9.40518634176503e-13
16950.056 3.920686441204815e-13
17000.056 1.681844428581783e-13
17050.056 4.0506421174547704e-13
17100.056 1.0199981601818211e-12
17150.056 4.257853409379994e-13
17200.056 3.039159432364488e-12
17250.056 1.0773953866029719e-12
17300.056 5.80694459092109e-13
17350.056 7.266370050463712e-13
17400.056 1.921731498208616e-12
17450.056 2.736152650231094e-12
17500.056 4.394468902121063e-12
17550.056 4.064736905669416e-12
17600.056 2.8826889643004393e-12
17650.056 2.3858403322329364e-12
17700.056 1.7464016419072117e-12
17750.056 2.0321673791247336e-12
17800.056 8.450667761096305e-12
17850.056 2.2901582652979786e-12
17900.056 1.750941472744269e-12
17950.056 1.369902745229323e-12
18000.056 2.2493621384660945e-12
18050.056 2.006134381068187e-12
18100.056 2.782402456669766e-12
18150.056 1.576706276191312e-12
18200.056 1.22204049569333e-12
18250.056 5.945262443588185e-12
18300.056 6.481598895638139e-13
18350.056 4.748530304656918e-13
18400.056 2.4582442316553593e-13
18450.056 2.719632917682238e-12
18500.056 2.6089871973070184e-12
18550.056 1.16375070623902e-12
18600.056 2.4076570905668163e-12
18650.056 1.570668424819243e-12
18700.056 1.5866200403455435e-13
18750.056 4.532792618763881e-13
18800.056 4.9087146910893005e-12
18850.056 4.92550448215743e-12
18900.056 4.551619489772935e-12
18950.056 7.0461253599358085e-12
19000.056 1.1211840975784492e-12
19050.056 4.419180108792053e-13
19100.056 1.3430166866709513e-12
19150.056 5.001417323321193e-13
19200.056 8.690814752680495e-13
19250.056 6.984690229750494e-13
19300.056 3.915937973080637e-13
19350.056 3.4663792573671126e-13
19400.056 3.062574144492806e-13
19450.056 6.305127567600991e-13
19500.056 2.469964879610893e-13
19550.056 7.190964437326715e-13
19600.056 2.6645939288844296e-12
19650.056 1.4206322147612196e-12
19700.056 1.7364818085389076e-12
19750.056 3.946597153741779e-12
19800.056 1.9306927759286727e-12
19850.056 2.4112276880119003e-12
19900.056 4.175946782284449e-12
19950.056 6.3422936307468164e-12
20000.056 9.367019130856718e-12
20050.056 5.820466915414847e-12
20100.056 1.238321476201689e-11
20150.056 5.314908849272124e-12
20200.056 3.187043400719459e-12
20250.056 9.835635697195137e-12
20300.056 1.2801044695976412e-11
20350.056 1.8329562635555007e-11
20400.056 1.171896891613441e-11
20450.056 2.575827909940681e-11
20500.056 3.6539478928407764e-11
20550.056 4.995573406675918e-11
20600.056 5.46907413460115e-11
20650.056 8.428955257908966e-11
20700.056 1.0157810481074936e-10
20750.056 1.4703664207344917e-10
20800.056 1.3550033181511907e-10
20850.056 1.8515948242447428e-10
20900.056 2.248263783607304e-10
20950.056 2.1007406017629876e-10
21000.056 2.1327812077042422e-10
21050.056 2.48921218336933e-10
21100.056 2.2471010083723905e-10
21150.056 2.331593568592886e-10
21200.056 2.0544972855096406e-10
21250.056 1.8480763372395913e-10
21300.056 1.357990767930478e-10
21350.056 1.3910007773729728e-10
21400.056 1.2548666057800078e-10
21450.056 8.151008042106813e-11
21500.056 6.543010556494229e-11
21550.056 6.09668402719911e-11
21600.056 4.349975318315118e-11
21650.056 2.7037126924178234e-11
21700.056 1.761983764525651e-11
21750.056 2.187276770423072e-11
21800.056 1.2213435919526051e-11
21850.056 1.3022068228907076e-11
21900.056 7.961693093729046e-12
21950.056 1.6690760676369695e-12
22000.056 1.5024617743568747e-13
22050.056 3.3095056603961726e-13
22100.056 1.8343401305118244e-12
22150.056 1.280690448423708e-12
22200.056 1.2511309772097039e-12
22250.056 9.701506668156358e-13
22300.056 3.374018886778175e-13
22350.056 5.73890296091793e-13
22400.056 1.5431087253228186e-13
22450.056 2.6292566920529047e-13
22500.056 2.1005931834342043e-13
22550.056 8.021560027105508e-14
22600.056 5.835516613629987e-14
22650.056 1.4772283280818034e-13
22700.056 1.2505958855013238e-13
22750.056 1.9494853093499843e-13
22800.056 2.014924307314648e-13
22850.056 1.2960669588789583e-13
22900.056 9.268488964715494e-14
22950.056 5.26644725940948e-14
23000.056 1.0228454302643121e-13
23050.056 1.060542393098276e-13
23100.056 1.0743842068487753e-12
23150.056 1.3411936743008211e-12
23200.056 2.1799273746478688e-14
23250.056 1.3030635355026708e-13
23300.056 1.2064950520172787e-13
23350.056 2.6312567113336663e-13
23400.056 1.7880069229401354e-13
23450.056 7.598700703526817e-14
23500.056 7.744126085533572e-14
23550.056 2.2049966670470034e-13
23600.056 6.673854720785003e-13
23650.056 9.521900568929775e-13
23700.056 1.0822737301976487e-13
23750.056 1.0362660098544869e-13
23800.056 8.16348144255141e-13
23850.056 4.772297990968292e-13
23900.056 1.3105732408625136e-12
23950.056 5.01319975822007e-13
24000.056 1.6468724561490525e-12
24050.056 2.2180164585080198e-12
24100.056 3.44851897807941e-12
24150.056 4.979664470602346e-12
24200.056 2.5154719089742104e-12
24250.056 1.9429559660963512e-12
24300.056 3.888054470929473e-12
24350.056 3.282007264253276e-12
24400.056 1.042727070798131e-11
24450.056 1.3263325472564644e-11
24500.056 1.109973350218782e-11
24550.056 1.8995014213639882e-11
24600.056 1.9711886406815024e-11
24650.056 3.839046571133288e-11
24700.056 1.8427262114567007e-11
24750.056 2.7881505568707168e-11
24800.056 2.2057057423844754e-11
24850.056 4.0724069775015197e-11
24900.056 1.8137898682862e-11
24950.056 3.698885762274344e-11
25000.056 4.195935526862964e-11
25050.056 2.654932764724589e-11
25100.056 4.269860661948901e-11
25150.056 1.553267372779259e-11
25200.056 2.565609881248643e-11
25250.056 9.023625485521698e-12
25300.056 1.0948201048854339e-11
25350.056 4.8733901616705295e-12
25400.056 1.3589458601020327e-11
25450.056 2.898085676684687e-12
25500.056 2.3286624341239226e-12
25550.056 6.153699084674937e-12
25600.056 2.075956222522888e-12
25650.056 1.008161975794378e-12
25700.056 7.876598057237898e-13
25750.056 1.9669846747453342e-13
25800.056 1.4114990506516936e-12
25850.056 1.6045497280389175e-13
25900.056 2.2055822172161086e-13
25950.056 3.803962207206347e-14
26000.056 9.906883108450298e-13
26050.056 5.923720383899733e-14
26100.056 3.999326250541181e-13
26150.056 1.2156515541672712e-13
26200.056 1.987114703154123e-13
26250.056 2.3741683271597924e-12
26300.056 2.5612756627313746e-13
26350.056 5.765750083163835e-12
26400.056 1.2900469333640361e-11
26450.056 7.406416181695891e-12
26500.056 2.3169931625271652e-11
26550.056 9.623138764661247e-13
26600.056 1.0435773864530155e-12
26650.056 9.46033050838498e-14
26700.056 5.5427497677243764e-14
26750.056 1.3447092152712697e-13
26800.056 6.684919022900207e-13
26850.056 3.497294893940198e-13
26900.056 2.418113003842406e-12
26950.056 5.414834915041944e-13
27000.056 4.122604815152119e-12
27050.056 6.623509589913436e-12
27100.056 2.3258532588225254e-13
27150.056 5.8126429454816594e-12
27200.056 2.408902433058363e-13
27250.056 1.5331747248229348e-12
27300.056 2.0949634586757283e-11
27350.056 4.6487034003927695e-12
27400.056 1.418799317461783e-13
27450.056 7.575377804469356e-12
27500.056 9.456586362745933e-12
27550.056 9.97875576344199e-13
27600.056 3.962142818272662e-12
27650.056 7.371069807126469e-13
27700.056 8.020449381969043e-13
27750.056 7.611305742537984e-12
27800.056 1.7143727787676593e-12
27850.056 3.872067987663079e-12
27900.056 3.90962694401713e-12
27950.056 1.1576726652788018e-11
28000.056 1.3425268167430647e-11
28050.056 8.438221746699967e-13
28100.056 1.1847219732764825e-11
28150.056 9.288918728032631e-12
28200.056 1.5960704688336662e-12
28250.056 1.7313691418895734e-11
28300.056 1.484988134048685e-11
28350.056 2.131581019037104e-12
28400.056 9.420339763016868e-12
28450.056 2.0032923862529522e-11
28500.056 1.0011921192230395e-11
28550.056 1.802074634816256e-12
28600.056 1.906444203718162e-11
28650.056 1.0126870458220485e-11
28700.056 2.215507969222683e-11
28750.056 3.035720598031816e-11
28800.056 8.663879088854883e-12
28850.056 4.078900757810177e-11
