galfind/configs/Brown_Dwarf_templates/sonora_bobcat/m+0.5/56g/sp_t225g56nc_m+0.5_resample.dat
# %ECSV 1.0
# ---
# datatype:
# - {name: wav, unit: Angstrom, datatype: float64}
# - {name: flux_nu, unit: erg / (cm2 Hz s), datatype: float64}
# meta: {C/O: '1.00', Kzz: '1.0000E+05', Teff: '225.', Y: '0.28', '[Fe/H]': '0.50', f_hole: '1.00', f_rain: '0.00', grav: '56.'}
# schema: astropy-2.0
wav flux_nu
4000.0559999999996 nan
4050.0559999999996 6.740825424620134e-20
4100.056 1.0895372103400145e-18
4150.056 4.018635333000026e-18
4200.056 5.095218402400022e-18
4250.056 2.309638307100014e-17
4300.056 4.883833381700005e-17
4350.056 8.842704864200036e-17
4400.056 1.3540664411999943e-16
4450.056 1.8772463227099883e-16
4500.056 3.352838712800013e-16
4550.056 5.006029078700012e-16
4600.056 5.390008419399999e-16
4650.056 5.706350958899996e-16
4700.056 5.111845604700018e-16
4750.056 4.560205020800025e-16
4800.056 4.285820126199995e-16
4850.056 2.9792137261999863e-16
4900.056 2.2167420389000015e-16
4950.056 1.8369233627000051e-16
5000.056 1.162364801209995e-16
5050.056 6.37499734471995e-17
5100.056 8.044813741400246e-17
5150.056 1.2323867108000003e-16
5200.056 1.6849955738000125e-16
5250.056 1.9665833472000038e-16
5300.056 2.2746097482000085e-16
5350.056 2.6172439496000035e-16
5400.056 2.6079776443000094e-16
5450.056 2.9554294947000753e-16
5500.056 3.667844672500013e-16
5550.056 4.594870489899999e-16
5600.056 5.380644557200008e-16
5650.056 5.913666597399988e-16
5700.056 5.023603609160004e-16
5750.056 5.349232267300022e-16
5800.056 5.14337283959997e-16
5850.056 3.3364597982499204e-16
5900.056 4.1300354978834416e-17
5950.056 3.648544559009204e-16
6000.056 9.019370243379774e-16
6050.056 2.4258377377400208e-15
6100.056 4.998116696600077e-15
6150.056 8.303374925100061e-15
6200.056 1.2382627986000073e-14
6250.056 1.4482250903699894e-14
6300.056 1.9816678634599862e-14
6350.056 2.59534835060997e-14
6400.056 3.199251170299995e-14
6450.056 2.2257851373699087e-14
6500.056 2.4294129559623828e-14
6550.056 3.494819455902739e-14
6600.056 5.84427520115821e-14
6650.056 1.0869273192350217e-13
6700.056 1.8313497330100158e-13
6750.056 2.8672774389000283e-13
6800.056 3.227477921600034e-13
6850.056 2.994073518299997e-13
6900.056 1.6108102092777923e-13
6950.056 4.221366235101596e-14
7000.056 5.4640832515318707e-14
7050.056 4.5415916802745464e-14
7100.056 5.262262021009402e-14
7150.056 2.1758923464753706e-14
7200.056 3.2071242260783795e-15
7250.056 4.086953062222937e-15
7300.056 6.070199091012117e-15
7350.056 1.431891989287246e-14
7400.056 3.535637192762814e-14
7450.056 1.2708818215211304e-13
7500.056 2.8260719612600047e-13
7550.056 4.873543085600027e-13
7600.056 6.645889711600019e-13
7650.056 5.215761237529967e-13
7700.056 5.918041184300054e-13
7750.056 1.0686029786800068e-12
7800.056 1.0168351167799847e-12
7850.056 6.602648745389775e-13
7900.056 5.904543564216431e-13
7950.056 7.960453946035572e-13
8000.056 4.856276278045747e-13
8050.056 4.880092222200014e-13
8100.056 9.473094229990627e-14
8150.056 9.041124691539279e-15
8200.056 5.935014199792446e-14
8250.056 8.332068675853155e-14
8300.056 4.176166936700933e-14
8350.056 4.2331932907090165e-14
8400.056 5.9946047227097e-14
8450.056 1.5847214539446425e-13
8500.056 2.2748751174349966e-13
8550.056 3.4073170469900897e-13
8600.056 4.447638342379999e-13
8650.056 4.164988353300021e-13
8700.056 1.759132883049999e-13
8750.056 9.602277092099854e-14
8800.056 3.374534287857442e-14
8850.056 1.0831789971920743e-14
8900.056 2.6739337094017847e-17
8950.056 2.0308398208589426e-18
9000.056 1.7432423001176128e-18
9050.056 2.2619379623877473e-17
9100.056 8.128088070393712e-17
9150.056 4.609144657795668e-16
9200.056 5.25163941528151e-15
9250.056 3.323889162722252e-15
9300.056 2.4903815526782924e-18
9350.056 6.704610552122531e-19
9400.056 4.01698849033068e-17
9450.056 1.482616632168723e-17
9500.056 2.265130314244693e-17
9550.056 1.8027072593672885e-17
9600.056 5.4284041146097303e-17
9650.056 2.8114403633922143e-16
9700.056 3.3243580325586256e-15
9750.056 9.495270888102278e-16
9800.056 5.237957654169082e-16
9850.056 3.530906587943282e-16
9900.056 3.8306397901339595e-16
9950.056 2.726669519323665e-16
10000.056 2.592023107646011e-16
10050.056 2.214797248853637e-16
10100.056 1.7667827734360823e-16
10150.056 6.674964688685539e-17
10200.056 4.302144451635157e-18
10250.056 2.6240324560657054e-18
10300.056 1.6811139248777153e-17
10350.056 5.04120989036283e-18
10400.056 1.0949018267546845e-16
10450.056 3.793503094114052e-16
10500.056 2.4536815743718803e-15
10550.056 1.8658113854557827e-14
10600.056 5.587388990420602e-14
10650.056 8.60277742289996e-14
10700.056 6.117682381805085e-14
10750.056 8.142024384906915e-14
10800.056 8.916602226917843e-14
10850.056 6.832097106652772e-14
10900.056 3.764668812944188e-14
10950.056 1.6747795047391624e-14
11000.056 5.4797557446624114e-15
11050.056 2.3113910826319252e-15
11100.056 3.0110040864678675e-16
11150.056 2.5158472632259152e-17
11200.056 1.844771495173536e-18
11250.056 3.450279443646322e-19
11300.056 1.3005553420350332e-17
11350.056 2.280579928038137e-19
11400.056 1.7777271258551882e-17
11450.056 6.630475777502563e-18
11500.056 6.88549712133112e-18
11550.056 6.118085539557493e-19
11600.056 1.8594503175559425e-20
11650.056 8.386850218904915e-19
11700.056 1.780255768442119e-18
11750.056 1.916573632618453e-19
11800.056 2.1084752072696756e-18
11850.056 9.13932090596732e-19
11900.056 1.1895562677396868e-18
11950.056 3.971130171734553e-18
12000.056 6.320678430140423e-18
12050.056 9.152558501819108e-18
12100.056 1.4901924869478068e-17
12150.056 1.9704248685936446e-17
12200.056 1.6103058883846954e-17
12250.056 1.959206525625271e-16
12300.056 8.305489064109722e-16
12350.056 1.0652531333450421e-15
12400.056 5.179542881106615e-15
12450.056 2.49267208057277e-14
12500.056 3.3946402848791666e-14
12550.056 3.148941924718429e-14
12600.056 1.0314310872704422e-13
12650.056 4.883381485173146e-13
12700.056 5.123490001739787e-13
12750.056 1.1597475194280318e-13
12800.056 2.5244460926576127e-14
12850.056 4.998564271144946e-15
12900.056 1.7538998959028116e-15
12950.056 1.2015868632900896e-15
13000.056 9.905603508396008e-16
13050.056 5.129104508480582e-16
13100.056 2.7606774719078554e-16
13150.056 8.18001946634264e-17
13200.056 1.2623962429770807e-16
13250.056 2.453757585460153e-16
13300.056 8.812780109069921e-17
13350.056 3.0663910452397813e-17
13400.056 1.7291525930517887e-17
13450.056 2.147880017747351e-18
13500.056 1.1124777385003128e-19
13550.056 7.623985214584072e-21
13600.056 1.6766730963315963e-22
13650.056 2.5179386616823098e-21
13700.056 6.562353855346414e-22
13750.056 8.021480109704869e-21
13800.056 4.740726788903257e-21
13850.056 1.783649601432392e-21
13900.056 9.669748099536922e-21
13950.056 3.687834505571508e-21
14000.056 2.2373816778891393e-20
14050.056 1.4145064281745558e-20
14100.056 3.141702145964263e-20
14150.056 5.386802097234004e-19
14200.056 3.4218033026512243e-19
14250.056 9.482095793997827e-19
14300.056 3.4235280789006703e-18
14350.056 3.182916711729457e-18
14400.056 3.0445763733444334e-18
14450.056 7.639563939701517e-18
14500.056 2.868456951162453e-17
14550.056 9.052186573281321e-17
14600.056 5.769192163944028e-17
14650.056 1.0467168158768942e-17
14700.056 3.4193879661461893e-18
14750.056 2.444639552542253e-19
14800.056 8.071450938719792e-19
14850.056 6.101401803242973e-19
14900.056 3.679080113158434e-19
14950.056 1.1514446801378853e-19
15000.056 5.666176091130779e-19
15050.056 3.585610882362138e-18
15100.056 2.464953907145841e-19
15150.056 2.7003020794924028e-20
15200.056 1.6207627800617821e-18
15250.056 3.498097412827624e-18
15300.056 7.135072586996593e-18
15350.056 3.337356727772299e-17
15400.056 1.818359433168812e-17
15450.056 3.960228760739259e-17
15500.056 6.176453616312218e-17
15550.056 6.05517552299877e-16
15600.056 1.5253255228699987e-15
15650.056 5.866346417054624e-15
15700.056 2.1645596753055988e-14
15750.056 4.091614586610903e-14
15800.056 5.465529670207593e-14
15850.056 9.185221434834825e-14
15900.056 1.6091842035742174e-13
15950.056 2.93381622817019e-13
16000.056 3.1877118574896006e-13
16050.056 1.8483783561000096e-13
16100.056 7.793712031266768e-14
16150.056 2.2999544493385016e-14
16200.056 5.384715572706351e-15
16250.056 1.3836595925493809e-15
16300.056 2.0854831092513987e-16
16350.056 2.238934163762857e-16
16400.056 3.46147007564617e-16
16450.056 2.6565126053629087e-16
16500.056 2.5696197338963634e-16
16550.056 1.790317523655035e-16
16600.056 1.4486782882220016e-15
16650.056 2.9907453204145194e-16
16700.056 4.741738725472667e-17
16750.056 9.94015394219619e-17
16800.056 4.222965565733819e-16
16850.056 3.389733769710167e-16
16900.056 3.999001546802684e-17
16950.056 1.4359006376141356e-17
17000.056 3.9607899489368996e-18
17050.056 5.386018029641333e-18
17100.056 5.5409372617570645e-17
17150.056 1.39212744631453e-17
17200.056 2.1864556465702857e-16
17250.056 9.935242668499156e-18
17300.056 1.8013361670321713e-17
17350.056 3.525314930818524e-17
17400.056 1.6329450238017599e-16
17450.056 2.2058271315670137e-16
17500.056 6.857159522970022e-16
17550.056 6.456875151088742e-16
17600.056 6.123195263106063e-16
17650.056 1.8076295329970174e-16
17700.056 1.3688739167120411e-16
17750.056 1.0415520160126355e-16
17800.056 2.158672408786208e-15
17850.056 1.0527743433360154e-16
17900.056 9.950824946361222e-17
17950.056 9.665405768131911e-17
18000.056 1.4428332749581486e-16
18050.056 1.4585853456219998e-16
18100.056 2.0805541732621516e-16
18150.056 4.847062462172557e-17
18200.056 4.5123302106300936e-17
18250.056 4.201257741869726e-16
18300.056 1.3190736173380795e-17
18350.056 1.0210589443255908e-17
18400.056 2.888969215368338e-18
18450.056 5.90588949763663e-17
18500.056 3.409495649973895e-17
18550.056 1.6494945071108188e-17
18600.056 8.545724488536201e-17
18650.056 1.0244417840523005e-16
18700.056 4.637188380611234e-18
18750.056 6.4920282963422204e-18
18800.056 2.8345660992266653e-16
18850.056 1.5568947877744695e-16
18900.056 4.862888953167251e-16
18950.056 4.3811946041829375e-16
19000.056 2.588185270473927e-17
19050.056 1.1861764830867972e-17
19100.056 5.66119544164055e-17
19150.056 2.4768232066438577e-17
19200.056 7.202167351772352e-17
19250.056 4.392401317685505e-17
19300.056 1.6731674106391075e-17
19350.056 1.6939350181222172e-17
19400.056 9.24866580429996e-18
19450.056 8.142239698757586e-18
19500.056 2.8747743959683257e-18
19550.056 2.678907444778986e-17
19600.056 1.0148505267737441e-16
19650.056 4.929991652853644e-17
19700.056 1.1261715548534885e-16
19750.056 3.7521073698680886e-16
19800.056 1.079564387312948e-16
19850.056 1.5395554583199952e-16
19900.056 3.7380775720951214e-16
19950.056 5.794895240963371e-16
20000.056 7.49859877432384e-16
20050.056 5.589891077191057e-16
20100.056 7.580007301819564e-16
20150.056 6.017287399750884e-16
20200.056 2.3803546728485445e-16
20250.056 1.629895034357081e-15
20300.056 3.370228533255012e-15
20350.056 5.423589403953047e-15
20400.056 2.904744359800904e-15
20450.056 7.386965851377936e-15
20500.056 8.966009967196831e-15
20550.056 1.1202046612036913e-14
20600.056 1.2775648533076917e-14
20650.056 1.7086621265079036e-14
20700.056 1.9645484070351255e-14
20750.056 2.364637520267992e-14
20800.056 2.032813210236058e-14
20850.056 2.740766325944018e-14
20900.056 3.086684783239948e-14
20950.056 2.7790478513859494e-14
21000.056 2.6171535956290383e-14
21050.056 2.9203149404998525e-14
21100.056 2.7973283392800437e-14
21150.056 2.851212375710213e-14
21200.056 2.6154702829762886e-14
21250.056 2.657082252649496e-14
21300.056 2.2521162441905213e-14
21350.056 2.2805710852316863e-14
21400.056 2.467285923634206e-14
21450.056 1.6367704481334826e-14
21500.056 1.2153898535753009e-14
21550.056 1.5611122728787556e-14
21600.056 1.2253287587136539e-14
21650.056 5.897301493329465e-15
21700.056 2.1776032139760175e-15
21750.056 4.667540753564502e-15
21800.056 2.9069427182069067e-15
21850.056 3.286280373696957e-15
21900.056 1.8818499917181982e-15
21950.056 2.602242900390422e-16
22000.056 3.5561101499191004e-18
22050.056 1.5313648369297193e-17
22100.056 9.566769383205607e-17
22150.056 3.4939627224132574e-17
22200.056 2.469239307691428e-17
22250.056 1.6754736295632213e-17
22300.056 1.7786165656854046e-18
22350.056 8.464744587093946e-18
22400.056 1.5396585644690915e-18
22450.056 4.195913492613614e-18
22500.056 3.0460034581589775e-18
22550.056 2.7357853361870756e-19
22600.056 1.493268164004678e-19
22650.056 2.051987844441863e-19
22700.056 3.748596966510978e-19
22750.056 1.5809862386224002e-18
22800.056 2.455443142753478e-18
22850.056 1.4248738260966201e-18
22900.056 7.353611607858407e-19
22950.056 1.8364125637265828e-19
23000.056 3.870582228430491e-19
23050.056 8.85465205269551e-20
23100.056 3.8271018873791707e-17
23150.056 7.500721683564137e-17
23200.056 1.2032825918214945e-19
23250.056 3.3569685426337325e-18
23300.056 1.0151001268283733e-18
23350.056 4.209743735930532e-18
23400.056 5.344806286222536e-18
23450.056 4.033921633185181e-19
23500.056 5.272559025920669e-19
23550.056 2.368736280172759e-18
23600.056 1.7974394732547757e-17
23650.056 4.7378941658199914e-17
23700.056 8.23228180361124e-19
23750.056 2.108909645971145e-18
23800.056 4.361998507755454e-17
23850.056 1.2215420346548244e-17
23900.056 5.992716612798365e-17
23950.056 8.843774238615253e-18
24000.056 1.3460566056333962e-16
24050.056 1.4940795226222117e-16
24100.056 8.149655397759512e-16
24150.056 9.361374372165316e-16
24200.056 2.4622015759212693e-16
24250.056 1.9943948653551335e-16
24300.056 4.645063106685444e-16
24350.056 7.05085208021546e-16
24400.056 3.5462921139210346e-15
24450.056 4.8493390706932125e-15
24500.056 4.644953014544393e-15
24550.056 9.825458046732686e-15
24600.056 1.3282793150232787e-14
24650.056 3.4777554020728756e-14
24700.056 1.935983889840361e-14
24750.056 3.2236328076929616e-14
24800.056 2.2371660212180007e-14
24850.056 3.897976326804274e-14
24900.056 2.5060322969409692e-14
24950.056 3.1960680365504754e-14
25000.056 5.3431615195022905e-14
25050.056 4.22932954324319e-14
25100.056 4.925632122071928e-14
25150.056 1.871096752670634e-14
25200.056 2.7572924954325272e-14
25250.056 1.28546803013242e-14
25300.056 8.5432636485321e-15
25350.056 6.804188577539991e-15
25400.056 1.216420262210561e-14
25450.056 3.3875882944851986e-15
25500.056 2.5384388378910337e-15
25550.056 5.107810473594551e-15
25600.056 1.5890709847120788e-15
25650.056 7.753682390269272e-16
25700.056 7.951533196527256e-16
25750.056 2.8550687936352045e-16
25800.056 1.6951325847107033e-15
25850.056 3.134842946042233e-16
25900.056 1.8810869484238922e-16
25950.056 3.218005374047265e-16
26000.056 9.896971965264364e-16
26050.056 3.676453907223191e-16
26100.056 7.755872035391903e-16
26150.056 5.386039716399535e-16
26200.056 6.980810357238119e-16
26250.056 2.0391959948641168e-15
26300.056 9.805396168966585e-16
26350.056 2.7753177303860184e-15
26400.056 6.498457394890141e-15
26450.056 7.248503784405831e-15
26500.056 1.3026587353954922e-14
26550.056 2.402219156930497e-15
26600.056 2.8608900140754896e-15
26650.056 9.899578818180958e-16
26700.056 1.2972716264747958e-15
26750.056 1.742494356249605e-15
26800.056 4.4660757140974155e-15
26850.056 3.064643998935951e-15
26900.056 7.346680837527358e-15
26950.056 2.6701663278641138e-15
27000.056 7.95214454312319e-15
27050.056 1.3331953811658735e-14
27100.056 2.3718116910102187e-15
27150.056 1.174517227796878e-14
27200.056 3.209112411895124e-15
27250.056 6.566872292165987e-15
27300.056 2.681506940785169e-14
27350.056 1.3927414362520405e-14
27400.056 3.2784903983645486e-15
27450.056 1.988340290685255e-14
27500.056 2.173461760825564e-14
27550.056 8.836809921190587e-15
27600.056 1.8270113002450324e-14
27650.056 8.44773904495295e-15
27700.056 9.92387786271581e-15
27750.056 2.558237630758607e-14
27800.056 1.2726836056768624e-14
27850.056 1.9977091808614936e-14
27900.056 1.976326819332287e-14
27950.056 2.683504653616711e-14
28000.056 4.131637339549902e-14
28050.056 6.0528707353314004e-15
28100.056 2.9478567518910536e-14
28150.056 2.7006830492739882e-14
28200.056 7.151536163369933e-15
28250.056 2.5088276951679087e-14
28300.056 1.7943899472880457e-14
28350.056 4.269386897237369e-15
28400.056 1.4132606596951769e-14
28450.056 1.1006744495474409e-14
28500.056 6.489433834278557e-15
28550.056 6.733718577829252e-15
28600.056 1.8694785841782185e-14
28650.056 4.618065950932738e-15
28700.056 1.6794492193329776e-14
28750.056 1.5165213513073735e-14
28800.056 2.9091422223428145e-15
