galfind/configs/Brown_Dwarf_templates/sonora_bobcat/m+0.5/56g/sp_t350g56nc_m+0.5_resample.dat
# %ECSV 1.0
# ---
# datatype:
# - {name: wav, unit: Angstrom, datatype: float64}
# - {name: flux_nu, unit: erg / (cm2 Hz s), datatype: float64}
# meta: {C/O: '1.00', Kzz: '1.0000E+05', Teff: '350.', Y: '0.28', '[Fe/H]': '0.50', f_hole: '1.00', f_rain: '0.00', grav: '56.'}
# schema: astropy-2.0
wav flux_nu
[from data line 499]
28950.056 2.271137984513392e-11
29000.056 1.229018819476941e-11
29050.056 2.1187425331345263e-11
29100.056 1.00811256981805e-11
29150.056 1.0500212900607814e-11
29200.056 3.723151898078302e-11
29250.056 3.564800229430024e-11
29300.056 1.7103775224748332e-11
29350.056 4.649284624386611e-11
29400.056 2.5621501253554205e-11
29450.056 1.1087595038619153e-11
29500.056 5.2189514278064434e-11
29550.056 1.5768072147660582e-11
29600.056 1.9644916352545185e-11
29650.056 6.967426845038515e-11
29700.056 1.3395089726501488e-11
29750.056 5.302452715047672e-11
29800.056 3.295727610879193e-11
29850.056 5.6197888335235894e-11
29900.056 2.531086965602465e-11
29950.056 3.814288795452906e-11
30000.056 4.378585110819622e-13
30050.056 3.58086818171211e-12
30100.056 1.8407272640479418e-11
30150.056 6.312925439264661e-11
30200.056 3.7951848621859853e-11
30250.056 7.249322424915443e-11
30300.056 1.1822533564728472e-10
30350.056 2.2764209312890266e-11
30400.056 9.581464565557707e-11
30450.056 7.929624457650625e-11
30500.056 4.018518116989238e-11
30550.056 3.533033466050481e-11
30600.056 2.501944043727711e-10
30650.056 1.1584386426094055e-10
30700.056 5.2776374176654344e-11
30750.056 1.3131544380153941e-10
30800.056 1.047667154488028e-10
30850.056 1.2655171143332e-10
30900.056 5.288316749147466e-11
30950.056 5.3539069152360926e-11
31000.056 7.328484354079445e-11
31050.056 3.6167555153760313e-11
31100.056 2.5021471397660275e-11
31150.056 4.789732490914264e-11
31200.056 1.5822864664562717e-10
31250.056 9.750746506893105e-11
31300.056 4.8694537585619805e-11
31350.056 1.372818377647492e-10
31400.056 9.587113465768331e-11
31450.056 8.939480600865828e-11
31500.056 3.1654485581672547e-11
31550.056 5.4387897072920605e-11
31600.056 3.856984583084488e-11
31650.056 3.6217114992540046e-11
31700.056 2.9483311964000535e-11
31750.056 1.593130005131787e-11
31800.056 2.8153454611193122e-11
31850.056 4.513244206632686e-12
31900.056 1.121149917686254e-11
31950.056 7.91288656961853e-12
32000.056 4.242395887034989e-12
32050.056 8.276801129519495e-12
32100.056 7.468671427582465e-12
32150.056 6.6290563148845266e-12
32200.056 2.83358956644859e-12
32250.056 7.741217256349326e-12
32300.056 2.003122841692228e-12
32350.056 7.032680604560518e-12
32400.056 7.562689796533335e-13
32450.056 4.45453692119328e-12
32500.056 7.786636238472323e-13
32550.056 3.1504201650069073e-12
32600.056 7.009222528459053e-13
32650.056 1.0906092201876137e-11
32700.056 1.1625474395445743e-12
32750.056 2.4550849599903867e-11
32800.056 9.462760869033196e-12
32850.056 5.45923610128721e-11
32900.056 4.1207973536191707e-11
32950.056 4.5868269482100146e-11
33000.056 1.1188171085285521e-11
33050.056 1.464489527906021e-11
33100.056 2.4263019168046998e-12
33150.056 4.1966073778157494e-16
33200.056 6.323025143521312e-14
33250.056 9.985381027799648e-14
33300.056 1.3880346365735698e-12
33350.056 3.81706631794973e-12
33400.056 1.936435429561346e-11
33450.056 8.441635452927372e-12
33500.056 3.5474837221392515e-11
33550.056 5.356457212061217e-12
33600.056 1.7888557273944363e-11
33650.056 1.5540803559546293e-11
33700.056 4.151276005296009e-12
33750.056 2.4638461581454393e-11
33800.056 1.5200426245243533e-12
33850.056 1.1434005954985812e-11
33900.056 1.3175603925631468e-11
33950.056 1.0275866215068642e-11
34000.056 2.7484268210456784e-11
34050.056 3.65390169488101e-12
34100.056 2.650040133688244e-11
34150.056 1.086160571965053e-11
34200.056 3.5206716223434044e-11
34250.056 1.6292287924950493e-11
34300.056 2.0516338752277566e-11
34350.056 4.8814345214348797e-11
34400.056 1.2079878823032414e-11
34450.056 4.253088285792011e-11
34500.056 1.7973581630551767e-11
34550.056 1.6091350893373693e-11
34600.056 8.028917986070903e-11
34650.056 9.526647450268436e-12
34700.056 5.23744642489268e-11
34750.056 3.1567965292052196e-11
34800.056 3.348495999189604e-11
34850.056 9.73040768981148e-11
34900.056 1.69789378581989e-11
34950.056 8.920701461775697e-11
35000.056 1.5521451595597039e-10
35050.056 8.482852772397695e-11
35100.056 1.7802769322205608e-10
35150.056 1.306259910153768e-10
35200.056 1.2579918001305646e-10
35250.056 2.1842850439337898e-10
35300.056 9.077562545707162e-11
35350.056 9.667458775415866e-11
35400.056 6.537104111448974e-11
35450.056 7.213773500054921e-11
35500.056 2.621334961215474e-10
35550.056 1.37027795142135e-10
35600.056 1.8278412936769816e-10
35650.056 2.28302790090905e-10
35700.056 2.515844917127724e-10
35750.056 2.8622536557562784e-10
35800.056 2.426437121138302e-10
35850.056 8.16831342564898e-11
35900.056 1.0202679344747337e-10
35950.056 1.3341709682160642e-10
36000.056 2.0620090726991773e-10
36050.056 1.3116314670256436e-10
36100.056 1.1844844181635947e-10
36150.056 3.3224239110263634e-10
36200.056 3.258857617213488e-10
36250.056 2.1778967804209423e-10
36300.056 5.828131569681901e-10
36350.056 2.8622385049841526e-10
36400.056 5.176597702350188e-10
36450.056 5.371284107638898e-10
36500.056 5.499602599616448e-10
36550.056 8.437218381085933e-10
36600.056 8.101293775859004e-10
36650.056 5.659705327476892e-10
36700.056 7.17083319390791e-10
36750.056 8.674963134690177e-10
36800.056 1.021919844594152e-09
36850.056 4.3027484090267595e-10
36900.056 9.111022212287343e-10
36950.056 1.0353811203427725e-09
37000.056 6.793454506037808e-10
37050.056 1.1092673428010277e-09
37100.056 7.26077420578337e-10
37150.056 6.529233226333252e-10
37200.056 1.4039575521078477e-09
37250.056 8.055952561708097e-10
37300.056 5.196268588049412e-10
37350.056 1.0344150370885419e-09
37400.056 1.5672297349008818e-09
37450.056 5.781236677516722e-10
37500.056 9.619926081647912e-10
37550.056 1.6383994827931691e-09
37600.056 2.675164315814828e-09
37650.056 7.442002901629796e-10
37700.056 1.5841368539373461e-09
37750.056 1.0549384780343589e-09
37800.056 9.776740922918321e-10
37850.056 4.498162746741103e-10
37900.056 6.783878191665309e-10
37950.056 1.4859044675801417e-09
38000.056 1.478945208559635e-09
38050.056 2.3088716436037083e-09
38100.056 2.571922328088486e-09
38150.056 3.0135606348590845e-09
38200.056 2.395479726020011e-09
38250.056 2.8861223961024973e-09
38300.056 4.219908216362671e-09
38350.056 3.9004394776940305e-09
38400.056 1.3503116123398456e-09
38450.056 5.116703449151746e-10
38500.056 3.3461144160497254e-10
38550.056 1.533905805732458e-09
38600.056 1.4947661508619708e-09
38650.056 1.8598340881514517e-09
38700.056 9.36205292210937e-10
38750.056 1.5224123914755943e-09
38800.056 1.5632615362118698e-09
38850.056 1.904135656753983e-09
38900.056 2.4042871986910116e-09
38950.056 1.42553765666781e-09
39000.056 3.02873863628579e-09
39050.056 1.300598682099413e-09
39100.056 2.351505113441319e-09
39150.056 3.2832104228204056e-09
39200.056 2.1438122222894856e-09
39250.056 4.065595020123293e-09
39300.056 2.131318373443407e-09
39350.056 5.050621981792667e-09
39400.056 2.2251842800072478e-09
39450.056 3.813370683572087e-09
39500.056 3.6859495991010064e-09
39550.056 1.6631386040333156e-09
39600.056 3.8461595313510375e-09
39650.056 4.174059981232901e-09
39700.056 4.392111499302489e-09
39750.056 2.164817619841889e-09
39800.056 2.3614276290932952e-09
39850.056 5.346959537871443e-09
39900.056 6.765481392590581e-09
39950.056 2.456412476694801e-09
40000.056 4.985910322519069e-09
40050.056 5.479293188463562e-09
40100.056 1.972339850393967e-09
40150.056 5.285345019412825e-09
40200.056 5.570991416648881e-09
40250.056 6.471796250369575e-09
40300.056 6.185397678068293e-09
40350.056 3.760232838856165e-09
40400.056 5.310976399737165e-09
40450.056 2.5676173814305507e-09
40500.056 7.274482118621225e-09
40550.056 8.237897739376856e-09
40600.056 5.437252456730409e-09
40650.056 3.9760823548820466e-09
40700.056 8.92036946655269e-09
40750.056 5.647139737577696e-09
40800.056 3.624168476740984e-09
40850.056 1.1666859990813752e-08
40900.056 9.080494039387392e-09
40950.056 8.445086111728187e-09
41000.056 5.956189444691435e-09
41050.056 1.2162933541634864e-08
41100.056 9.482139172970249e-09
41150.056 3.5195789758349144e-09
41200.056 1.3187440961842174e-08
41250.056 8.131790254348583e-09
41300.056 8.794545867299187e-09
41350.056 1.2600725671897558e-08
41400.056 1.0467805520139357e-08
41450.056 1.5965960642213673e-08
41500.056 1.008843789092937e-08
41550.056 8.591477652457585e-09
41600.056 8.656445005775398e-09
41650.056 1.3247067861398677e-08
41700.056 1.7101973413833178e-08
41750.056 1.3064147809226445e-08
41800.056 1.2554266704273126e-08
41850.056 1.2934916425378733e-08
41900.056 1.0688069388557235e-08
41950.056 1.0185510615450634e-08
42000.056 5.199275823708113e-09
42050.056 7.821685464843437e-09
42100.056 7.327365707907091e-09
42150.056 9.556877482337378e-09
42200.056 1.2271825248462748e-08
42250.056 8.528859409510906e-09
42300.056 8.399237771769276e-09
42350.056 1.4477530672980261e-08
42400.056 1.7890698510103236e-08
42450.056 1.7436255275305884e-08
42500.056 1.6484824247296002e-08
42550.056 1.406225203059447e-08
42600.056 1.4207160437972132e-08
42650.056 2.4329644528687826e-08
42700.056 1.071596181810624e-08
42750.056 1.86293012291535e-08
42800.056 2.892792889500652e-08
42850.056 2.688400342299187e-08
42900.056 2.76280326349076e-08
42950.056 2.3588049370396237e-08
43000.056 2.664750628400763e-08
43050.056 1.3727005551085468e-08
43100.056 2.0473587348426337e-08
43150.056 1.6247542586883126e-08
43200.056 2.993832266780372e-08
43250.056 3.552715933709812e-08
43300.056 3.48241799977965e-08
43350.056 1.9504929122892843e-08
43400.056 2.821614936634193e-08
43450.056 1.6994342870740234e-08
43500.056 1.5705109335173884e-08
43550.056 1.857039463068463e-08
43600.056 3.28683782698051e-08
43650.056 2.1395203443280815e-08
43700.056 3.8049697045012495e-08
43750.056 3.407373291249412e-08
43800.056 3.116733403899364e-08
43850.056 2.6144888708399476e-08
43900.056 2.0934986396045237e-08
43950.056 1.2225967934399015e-08
44000.056 1.3725782940137768e-08
44050.056 3.843768945959916e-08
44100.056 4.825129421119509e-08
44150.056 4.330422656424042e-08
44200.056 3.8973871203099724e-08
44250.056 1.9123167287498777e-08
44300.056 1.6294616843432427e-08
44350.056 1.769930553337213e-08
44400.056 1.538540721989734e-08
44450.056 3.0243997484399897e-08
44500.056 2.926196744970504e-08
44550.056 4.274766608379631e-08
44600.056 3.639740744866734e-08
44650.056 2.9121731309805498e-08
44700.056 1.9562485784199444e-08
44750.056 3.655452148970918e-08
44800.056 2.0836584616134168e-08
44850.056 2.7104902293743514e-08
44900.056 2.675660755970245e-08
44950.056 3.387179521020517e-08
45000.056 4.1264547562002546e-08
45050.056 3.4384563988393465e-08
45100.056 3.002454368009816e-08
45150.056 2.5681570111033072e-08
45200.056 2.08510474417013e-08
45250.056 2.5091761444891447e-08
45300.056 2.3132395349404087e-08
45350.056 1.6784687818387296e-08
45400.056 5.513001756000915e-08
45450.056 3.9262160682804504e-08
45500.056 5.6407947277054304e-08
45550.056 5.566136350637886e-08
45600.056 4.404201574301136e-08
45650.056 3.5316832763800906e-08
45700.056 2.245656240101778e-08
45750.056 2.1637876209621823e-08
45800.056 5.791823048630004e-08
45850.056 3.982119137999639e-08
45900.056 5.83187117881916e-08
45950.056 5.2666567734399875e-08
46000.056 5.320244701235602e-08
46050.056 3.804317936360716e-08
46100.056 6.938810883899121e-08
46150.056 3.700038332600505e-08
46200.056 3.029515702079396e-08
46250.056 1.1370815194315445e-08
46300.056 3.656434215959982e-08
46350.056 3.8444937508206826e-08
46400.056 3.312898980439937e-08
46450.056 3.17590875368335e-08
46500.056 3.779236085382845e-08
46550.056 1.7218690763701456e-08
46600.056 2.8194066746367964e-08
46650.056 4.475252334380389e-08
46700.056 2.806448944159109e-08
46750.056 1.3122192829812668e-08
46800.056 8.015792489820454e-09
46850.056 4.3347200690408074e-08
46900.056 4.409773337189923e-08
46950.056 4.6157106695195914e-08
47000.056 4.46977020840082e-08
47050.056 2.9381082233935855e-08
47100.056 2.0446446496793687e-08
47150.056 3.5005671099903884e-08
47200.056 3.789717737359665e-08
47250.056 2.0612512379197867e-08
47300.056 1.2972234255617031e-08
47350.056 4.621028746620134e-08
47400.056 3.918897219659549e-08
47450.056 2.993210807524626e-08
47500.056 4.929626866965462e-08
47550.056 4.344160187330561e-08
47600.056 3.858922517309797e-08
47650.056 4.102721317213581e-08
47700.056 2.998921976926841e-08
47750.056 2.2098642577701682e-08
47800.056 1.7002747885202772e-08
47850.056 7.485102404461933e-09
47900.056 1.2920365647408634e-08
47950.056 3.3476992275403307e-08
48000.056 4.821633809100339e-08
48050.056 3.8688534734063356e-08
48100.056 1.501406736230259e-08
48150.056 3.1092623386800906e-08
48200.056 1.795687902892748e-08
48250.056 2.3211172439797897e-08
48300.056 4.637979760499461e-08
48350.056 2.482479497159703e-08
48400.056 5.4545151224703605e-09
48450.056 1.1654871111602134e-08
48500.056 2.103141996809452e-08
48550.056 2.3381486035402194e-08
48600.056 3.5412504411797166e-08
48650.056 4.689734159399283e-08
48700.056 2.880003872891542e-08
48750.056 2.1507189692608934e-08
48800.056 4.054623298300026e-08
48850.056 1.954844116025676e-08
48900.056 2.380498770855302e-08
48950.056 1.1656222800400154e-08
49000.056 5.953551534686219e-09
49050.056 2.236568094679693e-08
49100.056 3.216739912460661e-08
49150.056 2.3051674206714442e-08
49200.056 4.131479107000919e-08
49250.056 4.1910404456301445e-08
49300.056 3.3913519363400055e-08
49350.056 1.110761390722082e-08
49400.056 1.7406665955284133e-08
49450.056 1.6307071739529446e-08
49500.056 1.180288184068725e-08
49550.056 2.051507790785077e-09
49600.056 6.587696894311369e-09
49650.056 2.008623076840257e-08
49700.056 2.2619407887590698e-08
49750.056 2.020794929119089e-08
49800.056 1.1902243509976325e-08
49850.056 3.0773315617326034e-08
49900.056 2.515662099973659e-08
49950.056 2.6205505626101427e-08
50000.056 1.6855599571903537e-08
50050.056 2.1378734728900713e-08
50100.056 1.6658854541298556e-08
50150.056 6.817328215568414e-09
50200.056 9.105235592014276e-10
50250.056 7.024294868699829e-09
50300.056 4.33624689269489e-09
50350.056 1.9720048927603577e-08
50400.056 2.1381157188055745e-08
50450.056 1.7547798855902366e-08
50500.056 2.7909547123891288e-08
50550.056 2.2787340733502623e-08
50600.056 1.6404833987995806e-08
50650.056 3.0186471450504516e-08
50700.056 2.7185325188193746e-08
50750.056 1.619457717790135e-08
50800.056 4.470040543875943e-09
50850.056 2.017716119827056e-09
50900.056 1.6072525293101294e-08
50950.056 1.494486034739829e-08
51000.056 1.143793194977295e-08
51050.056 1.9989013232697393e-08
51100.056 6.5430672934392395e-09
51150.056 6.656995498615007e-09
51200.056 2.4277803731000118e-08
51250.056 1.7181372770991732e-08
51300.056 1.144263936772519e-08
51350.056 9.366695167514567e-09
51400.056 2.338040728742417e-09
51450.056 1.923826747089355e-09
51500.056 1.9840438833830897e-09
51550.056 9.191685693341905e-09
51600.056 8.424423004732829e-09
51650.056 1.2386609788699333e-08
51700.056 1.2323963085711338e-08
51750.056 7.565511730336834e-09
51800.056 1.5415068537298196e-08
51850.056 1.2242713594398855e-08
51900.056 1.336290959549844e-08
51950.056 6.62195662749927e-09
52000.056 5.273941129468006e-10
52050.056 3.300714685620466e-09
52100.056 1.7089039412096689e-09
52150.056 8.628982334371667e-10
52200.056 3.7189909622299238e-09
52250.056 6.234136249352029e-09
52300.056 7.616007672299481e-09
52350.056 2.0447316371275273e-09
52400.056 2.313201479487022e-09
52450.056 1.0866493838600846e-08
52500.056 7.396355439431902e-09
52550.056 1.0156422213999382e-08
52600.056 7.965437609399395e-09
52650.056 9.673983588630431e-09
52700.056 6.626998030559456e-09
52750.056 1.8514023060233683e-09
52800.056 4.1435290338307384e-09
52850.056 4.781203862408864e-09
52900.056 1.5071254971706347e-09
52950.056 2.9618183889504373e-09
53000.056 5.965758128901514e-09
53050.056 2.006387512975338e-09
53100.056 8.026811263498798e-09
53150.056 7.962632126336451e-09
53200.056 3.938199127985483e-09
53250.056 6.920846586510606e-09
53300.056 8.921492392904874e-09
53350.056 6.51417086323659e-09
53400.056 3.8250068495985536e-09
53450.056 1.1252941839495616e-09
53500.056 1.5428578416044785e-10
53550.056 4.4554486124502147e-10
