galfind/configs/Brown_Dwarf_templates/sonora_bobcat/m+0.5/56g/sp_t1500g56nc_m+0.5_resample.dat
# %ECSV 1.0
# ---
# datatype:
# - {name: wav, unit: Angstrom, datatype: float64}
# - {name: flux_nu, unit: erg / (cm2 Hz s), datatype: float64}
# meta: {C/O: '1.00', Kzz: '1.0000E+05', Teff: '1500.', Y: '0.28', '[Fe/H]': '0.50', f_hole: '1.00', f_rain: '0.00', grav: '56.'}
# schema: astropy-2.0
wav flux_nu
[from data line 499]
28950.056 7.019448989999807e-07
29000.056 5.697239806148372e-07
29050.056 5.875964691008513e-07
29100.056 4.864122166210896e-07
29150.056 6.424403561621863e-07
29200.056 5.631609644892265e-07
29250.056 6.7703192938302e-07
29300.056 5.292957265256498e-07
29350.056 7.852703323567845e-07
29400.056 5.98527800704831e-07
29450.056 6.381870374739783e-07
29500.056 6.648104342819231e-07
29550.056 6.3534331992106e-07
29600.056 6.884139689908674e-07
29650.056 6.68369859504954e-07
29700.056 5.712091874168247e-07
29750.056 7.513000090874299e-07
29800.056 7.538846676879606e-07
29850.056 7.357051989389832e-07
29900.056 6.616846804441639e-07
29950.056 7.750970894249283e-07
30000.056 7.769905614958656e-07
30050.056 7.241526837498679e-07
30100.056 6.000392740047628e-07
30150.056 9.236475937299017e-07
30200.056 7.839062297500761e-07
30250.056 8.198530105203143e-07
30300.056 8.187148383198724e-07
30350.056 7.213453716900868e-07
30400.056 9.303244190202206e-07
30450.056 7.316038703580561e-07
30500.056 6.546217507201334e-07
30550.056 9.205482823502553e-07
30600.056 9.039687756401496e-07
30650.056 9.107711366999822e-07
30700.056 8.427356795739804e-07
30750.056 7.934498199250371e-07
30800.056 9.344179010902016e-07
30850.056 7.692478167899174e-07
30900.056 8.023104081199324e-07
30950.056 7.462881808931234e-07
31000.056 8.428478101299338e-07
31050.056 7.465215505599777e-07
31100.056 7.338267503599297e-07
31150.056 8.516488394498126e-07
31200.056 8.426296385899267e-07
31250.056 8.501669758700368e-07
31300.056 7.827359254899021e-07
31350.056 7.599986076959596e-07
31400.056 7.195494965602312e-07
31450.056 7.279528902500199e-07
31500.056 7.641619366900096e-07
31550.056 6.95005932070034e-07
31600.056 7.021831874199113e-07
31650.056 6.993792248899831e-07
31700.056 7.085646432799353e-07
31750.056 6.135039988022136e-07
31800.056 7.662252056200044e-07
31850.056 7.637640531781171e-07
31900.056 8.610204442899606e-07
31950.056 5.474604452099183e-07
32000.056 6.852718736850748e-07
32050.056 8.374346543500203e-07
32100.056 7.990022295498882e-07
32150.056 8.726540064299704e-07
32200.056 8.140808220619453e-07
32250.056 8.477547148801738e-07
32300.056 8.094760608459961e-07
32350.056 9.620731292601565e-07
32400.056 7.602181534399944e-07
32450.056 8.541859712898294e-07
32500.056 9.176936725402588e-07
32550.056 1.0300461616300715e-06
32600.056 1.0570799707699315e-06
32650.056 1.0847608358903518e-06
32700.056 1.030790503970216e-06
32750.056 1.0438669065499917e-06
32800.056 1.0015254766100354e-06
32850.056 1.2063299022297778e-06
32900.056 1.2243710168799575e-06
32950.056 1.0076053609599158e-06
33000.056 1.0646554536801088e-06
33050.056 1.0763126958600694e-06
33100.056 9.938029819997511e-07
33150.056 7.207357372300692e-07
33200.056 4.858099739898574e-07
33250.056 3.723577101697198e-07
33300.056 3.0599315667006814e-07
33350.056 3.706530697200465e-07
33400.056 4.123385160899442e-07
33450.056 4.953511706298861e-07
33500.056 6.994096435902497e-07
33550.056 7.456595338800419e-07
33600.056 9.063543408002046e-07
33650.056 1.0440520166903796e-06
33700.056 1.0156124332697486e-06
33750.056 1.2071469983099131e-06
33800.056 1.1314513054599255e-06
33850.056 1.1458332684399808e-06
33900.056 1.1873631577097352e-06
33950.056 1.059259068949946e-06
34000.056 1.0887258167796221e-06
34050.056 1.0746509736396636e-06
34100.056 1.2777530631900996e-06
34150.056 1.1742491220097348e-06
34200.056 1.0402988637395104e-06
34250.056 1.2275153163298088e-06
34300.056 1.043998433099182e-06
34350.056 1.0464963266501176e-06
34400.056 9.82073750490113e-07
34450.056 1.0945080417499442e-06
34500.056 1.1249188851100974e-06
34550.056 9.841689338299816e-07
34600.056 1.192917498770043e-06
34650.056 1.184901239860188e-06
34700.056 1.1021211685297407e-06
34750.056 1.2482967951402203e-06
34800.056 1.2575181044296088e-06
34850.056 1.085996918650074e-06
34900.056 1.2074641535102806e-06
34950.056 1.0995422165896483e-06
35000.056 1.245997229759858e-06
35050.056 1.3352931626602003e-06
35100.056 1.1464381513395742e-06
35150.056 1.2760797983400532e-06
35200.056 1.3006575734100449e-06
35250.056 1.225324320659892e-06
35300.056 1.2558619837200224e-06
35350.056 1.2995034760598468e-06
35400.056 1.2170662085000973e-06
35450.056 1.0877743062305282e-06
35500.056 1.4063802719698177e-06
35550.056 1.2790553811999891e-06
35600.056 1.157859421340044e-06
35650.056 1.4970024767701464e-06
35700.056 1.182584964540321e-06
35750.056 1.3856158250096772e-06
35800.056 1.5086919996599813e-06
35850.056 1.3424893709798926e-06
35900.056 1.6463246537896985e-06
35950.056 1.4621333166002072e-06
36000.056 1.3286784948298486e-06
36050.056 1.63313640406024e-06
36100.056 1.6244056454393637e-06
36150.056 1.4800751961902e-06
36200.056 1.6896133286097224e-06
36250.056 1.4615531064396949e-06
36300.056 1.8204149303404936e-06
36350.056 1.6619320778700076e-06
36400.056 1.5802021059200413e-06
36450.056 1.8212041975597447e-06
36500.056 1.6879991826300678e-06
36550.056 1.6401770161804204e-06
36600.056 1.7424057742201005e-06
36650.056 1.7997414841500303e-06
36700.056 1.8724972651100272e-06
36750.056 1.799361034670152e-06
36800.056 1.8218176289598781e-06
36850.056 1.8107826071503579e-06
36900.056 1.8833957839003713e-06
36950.056 1.9020648194598721e-06
37000.056 1.989203478840114e-06
37050.056 1.9281195284298768e-06
37100.056 1.966359113880357e-06
37150.056 1.9686630424096106e-06
37200.056 2.0242531737601258e-06
37250.056 2.090593610100126e-06
37300.056 2.054978405400356e-06
37350.056 1.9059467179503127e-06
37400.056 2.014230750419714e-06
37450.056 2.0241327383202185e-06
37500.056 2.0371942224497814e-06
37550.056 2.0371220178296456e-06
37600.056 2.163546385539678e-06
37650.056 2.0434923026997854e-06
37700.056 2.089492418579998e-06
37750.056 2.1880950943398466e-06
37800.056 2.25353855579994e-06
37850.056 2.0724380134098644e-06
37900.056 2.1634985764201153e-06
37950.056 2.199002771999952e-06
38000.056 2.1528929104602477e-06
38050.056 2.2158572291600596e-06
38100.056 2.0877476696202394e-06
38150.056 2.365817954299727e-06
38200.056 2.444335577399725e-06
38250.056 2.1149638398202268e-06
38300.056 2.1054333062299424e-06
38350.056 2.2364298905998222e-06
38400.056 2.267408413399732e-06
38450.056 2.40196969500016e-06
38500.056 2.274592513599838e-06
38550.056 2.288766715140156e-06
38600.056 2.5300410310998425e-06
38650.056 2.2126464965000776e-06
38700.056 2.291430298230477e-06
38750.056 2.309852300500018e-06
38800.056 2.344635432840088e-06
38850.056 2.2418275160202773e-06
38900.056 2.2221803699898075e-06
38950.056 2.4295779897997995e-06
39000.056 2.2745077354000628e-06
39050.056 2.3875168384498845e-06
39100.056 2.2187631823801042e-06
39150.056 2.3053382346000197e-06
39200.056 2.445624264220178e-06
39250.056 2.4248926810994348e-06
39300.056 2.3748668320193893e-06
39350.056 2.3908209241202238e-06
39400.056 2.347379682600017e-06
39450.056 2.3492016345997888e-06
39500.056 2.3123019830197706e-06
39550.056 2.266022779229935e-06
39600.056 2.5333022683999547e-06
39650.056 2.198919174799941e-06
39700.056 2.3177119788998796e-06
39750.056 2.2785488003597182e-06
39800.056 2.1615793449000354e-06
39850.056 2.2363762021997797e-06
39900.056 2.2536082336401655e-06
39950.056 2.38325649779988e-06
40000.056 2.07196691053993e-06
40050.056 2.0764787657999564e-06
40100.056 2.2714619480399175e-06
40150.056 2.075584634659676e-06
40200.056 2.1142673490497258e-06
40250.056 2.112802810599343e-06
40300.056 1.9566780718902376e-06
40350.056 2.195832620800379e-06
40400.056 2.15016588897993e-06
40450.056 2.1134879997003793e-06
40500.056 1.883844681380332e-06
40550.056 2.24465559719986e-06
40600.056 1.9012129344203276e-06
40650.056 1.942834732090071e-06
40700.056 2.120390286820199e-06
40750.056 1.8412980249591853e-06
40800.056 1.822359206630264e-06
40850.056 1.7697176625004382e-06
40900.056 1.7851572152002775e-06
40950.056 1.8992095222398916e-06
41000.056 1.9019782883000663e-06
41050.056 1.8491811597894721e-06
41100.056 1.8022243257700903e-06
41150.056 1.8743055641399638e-06
41200.056 1.753013603360024e-06
41250.056 1.826591454530176e-06
41300.056 1.5427303077496316e-06
41350.056 1.8489535364500966e-06
41400.056 1.7340800902002532e-06
41450.056 1.7129380959603763e-06
41500.056 1.8225864320400757e-06
41550.056 1.6867636891199794e-06
41600.056 1.811175696270022e-06
41650.056 1.616302138950389e-06
41700.056 1.5019459855597522e-06
41750.056 1.5054875403597948e-06
41800.056 1.493727831829768e-06
41850.056 1.337071447480288e-06
41900.056 1.4978444993100124e-06
41950.056 1.1305449046403752e-06
42000.056 1.290488924630152e-06
42050.056 1.1230934092296042e-06
42100.056 1.2993213158102594e-06
42150.056 9.240791442095827e-07
42200.056 1.0056291374199393e-06
42250.056 1.0513247487302385e-06
42300.056 8.202061127400572e-07
42350.056 1.0050346505503402e-06
42400.056 8.05333592780201e-07
42450.056 6.866042120802552e-07
42500.056 7.618400450201874e-07
42550.056 7.474376361101309e-07
42600.056 7.660275715702725e-07
42650.056 6.146378364094663e-07
42700.056 7.180959240102609e-07
42750.056 6.614901207499781e-07
42800.056 6.019899176503097e-07
42850.056 6.409353071898222e-07
42900.056 6.333324559600058e-07
42950.056 5.945662307396637e-07
43000.056 5.73343516960082e-07
43050.056 5.694197840002628e-07
43100.056 6.432060623901234e-07
43150.056 5.75410145360065e-07
43200.056 6.119803012501509e-07
43250.056 5.767827734798261e-07
43300.056 5.745149941200779e-07
43350.056 5.6241562951997e-07
43400.056 5.889661581599877e-07
43450.056 6.016429707902606e-07
43500.056 5.54442241209936e-07
43550.056 6.250352275199833e-07
43600.056 5.85685319360066e-07
43650.056 5.318727022100525e-07
43700.056 5.741875263497556e-07
43750.056 5.590789857301156e-07
43800.056 5.02106595590124e-07
43850.056 5.561104339201429e-07
43900.056 5.80163536780027e-07
43950.056 5.496545916602667e-07
44000.056 5.438099245801846e-07
44050.056 5.668199367201149e-07
44100.056 5.731206975901131e-07
44150.056 5.7386987745984e-07
44200.056 5.279565296298971e-07
44250.056 5.81734569540018e-07
44300.056 5.580665927600176e-07
44350.056 5.313797352000292e-07
44400.056 5.720636901499594e-07
44450.056 5.829719465299797e-07
44500.056 6.092381635599705e-07
44550.056 5.49880430269901e-07
44600.056 6.085614762500455e-07
44650.056 5.911865731501054e-07
44700.056 5.83217763660042e-07
44750.056 6.11671807009919e-07
44800.056 6.70082843339972e-07
44850.056 6.287988085400877e-07
44900.056 6.131957886100934e-07
44950.056 5.711040032699624e-07
45000.056 6.501426549499413e-07
45050.056 6.303479379999282e-07
45100.056 6.662560708699521e-07
45150.056 6.41022779999929e-07
45200.056 6.007897642900478e-07
45250.056 6.110661868999315e-07
45300.056 6.666174252100412e-07
45350.056 6.981045452299778e-07
45400.056 6.698296907000911e-07
45450.056 6.122503386499172e-07
45500.056 6.334111293699751e-07
45550.056 6.930765051499665e-07
45600.056 6.429440864399652e-07
45650.056 5.954327231498885e-07
45700.056 7.158521683900332e-07
45750.056 6.444849321799924e-07
45800.056 6.302363656099929e-07
45850.056 7.472777163099581e-07
45900.056 7.586044351500573e-07
45950.056 6.475903638399973e-07
46000.056 7.709494485300183e-07
46050.056 7.564378010601031e-07
46100.056 6.330420114200858e-07
46150.056 7.120086599399843e-07
46200.056 7.591819515801426e-07
46250.056 6.207852872999884e-07
46300.056 8.119505775799649e-07
46350.056 6.742141644999263e-07
46400.056 6.91710763479921e-07
46450.056 7.370892939601163e-07
46500.056 6.643141524199321e-07
46550.056 8.357380432299796e-07
46600.056 7.616534667900432e-07
46650.056 9.94686389249864e-07
46700.056 9.133128261002722e-07
46750.056 7.104283233199085e-07
46800.056 7.934051559000877e-07
46850.056 8.510566967600934e-07
46900.056 7.963964817798468e-07
46950.056 8.938808979400494e-07
47000.056 7.405942254899978e-07
47050.056 9.05782982569892e-07
47100.056 6.928679719600808e-07
47150.056 7.687247667201099e-07
47200.056 8.29634233660184e-07
47250.056 7.180563000699173e-07
47300.056 7.632803720997993e-07
47350.056 6.448106075498631e-07
47400.056 8.302567342598446e-07
47450.056 7.013546784099665e-07
47500.056 8.124691329598551e-07
47550.056 7.115630523199364e-07
47600.056 8.287435759499572e-07
47650.056 5.882631914798274e-07
47700.056 8.514172559400469e-07
47750.056 5.693293271601349e-07
47800.056 8.372797156398967e-07
47850.056 6.309382147998762e-07
47900.056 8.268434261300434e-07
47950.056 5.955485532001504e-07
48000.056 9.329324999800004e-07
48050.056 6.714134815501064e-07
48100.056 7.601527287399799e-07
48150.056 6.97203685840105e-07
48200.056 8.286414356001204e-07
48250.056 6.803722981499637e-07
48300.056 9.165222215097945e-07
48350.056 6.212183768399717e-07
48400.056 8.300175012299966e-07
48450.056 6.666368328600229e-07
48500.056 9.383855720500327e-07
48550.056 6.368314802500395e-07
48600.056 8.431238992399472e-07
48650.056 6.61038279349965e-07
48700.056 8.255247864600655e-07
48750.056 5.962656899600577e-07
48800.056 9.616277643600548e-07
48850.056 6.552919572698816e-07
48900.056 8.549144334300819e-07
48950.056 7.829858991600174e-07
49000.056 7.674619114198853e-07
49050.056 8.216584333199782e-07
49100.056 7.402690661700955e-07
49150.056 8.095581663600184e-07
49200.056 7.502056429899752e-07
49250.056 8.001722136900136e-07
49300.056 6.79220689469944e-07
49350.056 7.445893401299995e-07
49400.056 8.844104030900844e-07
49450.056 7.38462709530173e-07
49500.056 7.929704353800352e-07
49550.056 6.748123161700135e-07
49600.056 7.634708832602135e-07
49650.056 7.972383188400165e-07
49700.056 6.819310989699379e-07
49750.056 1.026310802339841e-06
49800.056 7.576397526500571e-07
49850.056 9.972251495600519e-07
49900.056 7.609041081700706e-07
49950.056 8.495428320197694e-07
50000.056 8.183112874798229e-07
50050.056 8.23548729080078e-07
50100.056 8.876535663799397e-07
50150.056 7.371283878600505e-07
50200.056 6.896576477300897e-07
50250.056 8.271973820800504e-07
50300.056 7.670432840499502e-07
50350.056 9.097704547000179e-07
50400.056 7.855517449599915e-07
50450.056 7.86794182400138e-07
50500.056 1.015702050510188e-06
50550.056 8.244282286799581e-07
50600.056 8.959287056600285e-07
50650.056 8.427076538102113e-07
50700.056 9.267003966997105e-07
50750.056 9.546340146501343e-07
50800.056 7.036973587399275e-07
50850.056 8.356377012501857e-07
50900.056 9.143794066599567e-07
50950.056 9.295386905601498e-07
51000.056 1.069128468780055e-06
51050.056 7.785882662301122e-07
51100.056 7.676981945799198e-07
51150.056 8.997441640099095e-07
51200.056 8.775958053399458e-07
51250.056 9.533202098199165e-07
51300.056 7.826564799103071e-07
51350.056 8.847513517797775e-07
51400.056 8.110705289697843e-07
51450.056 6.141784667298809e-07
51500.056 8.289231845699855e-07
51550.056 1.095830805800095e-06
51600.056 7.226946620600758e-07
51650.056 8.569643245098652e-07
51700.056 8.083147391497484e-07
51750.056 7.650323750000795e-07
51800.056 9.363585115198201e-07
51850.056 9.319284605698328e-07
51900.056 9.804443334102292e-07
51950.056 9.054459118599303e-07
52000.056 7.480087581299403e-07
52050.056 8.731366949399612e-07
52100.056 8.099307103598292e-07
52150.056 8.232010606100492e-07
52200.056 7.993890091700387e-07
52250.056 8.47271841340006e-07
52300.056 9.270742361399968e-07
52350.056 1.0070276103401573e-06
52400.056 7.197653603701258e-07
52450.056 8.632441851599731e-07
52500.056 9.66166582089825e-07
52550.056 8.844044730596839e-07
52600.056 9.002224774801637e-07
52650.056 1.0314675888601568e-06
52700.056 8.658179449599663e-07
52750.056 6.980005291899068e-07
52800.056 7.997801287200881e-07
52850.056 7.576500513198817e-07
52900.056 8.406957645000678e-07
52950.056 8.480168738598627e-07
53000.056 9.6773467018991e-07
53050.056 8.154308416498348e-07
53100.056 7.767335374997686e-07
53150.056 1.0125078397401827e-06
53200.056 6.841838736101012e-07
53250.056 1.0172975885599598e-06
53300.056 9.853397530704518e-07
53350.056 9.534563975398849e-07
53400.056 8.959331028201034e-07
53450.056 7.740590573400378e-07
53500.056 6.609475210498586e-07
53550.056 8.45402002389891e-07
53600.056 9.415143799901961e-07
53650.056 7.465139730900468e-07
53700.056 7.866171323602087e-07
53750.056 8.73467503280008e-07
