galfind/configs/Brown_Dwarf_templates/sonora_bobcat/m+0.5/56g/sp_t700g56nc_m+0.5_resample.dat
# %ECSV 1.0
# ---
# datatype:
# - {name: wav, unit: Angstrom, datatype: float64}
# - {name: flux_nu, unit: erg / (cm2 Hz s), datatype: float64}
# meta: {C/O: '1.00', Kzz: '1.0000E+05', Teff: '700.', Y: '0.28', '[Fe/H]': '0.50', f_hole: '1.00', f_rain: '0.00', grav: '56.'}
# schema: astropy-2.0
wav flux_nu
[from data line 499]
28950.056 1.8280344343285932e-08
29000.056 1.3905018650814159e-08
29050.056 1.5889122542226484e-08
29100.056 1.1655560450392332e-08
29150.056 1.9500619976904176e-08
29200.056 1.4554555278665299e-08
29250.056 2.2656357932109392e-08
29300.056 1.110324507335306e-08
29350.056 3.378009029895643e-08
29400.056 1.6355260570538997e-08
29450.056 1.820683968242621e-08
29500.056 2.211344028120683e-08
29550.056 1.7350073516164133e-08
29600.056 2.2124480109211675e-08
29650.056 2.47189330771368e-08
29700.056 1.4794965831255913e-08
29750.056 2.3616598752424763e-08
29800.056 2.3679952086163813e-08
29850.056 2.7454169346399107e-08
29900.056 2.4439100699887777e-08
29950.056 2.247845239780209e-08
30000.056 6.08409564620158e-09
30050.056 9.257022563237419e-09
30100.056 1.0322201272766838e-08
30150.056 2.0341288381660856e-08
30200.056 1.4941304722951123e-08
30250.056 2.9505306842188792e-08
30300.056 2.7739384774947586e-08
30350.056 2.12927169047987e-08
30400.056 2.869278823606065e-08
30450.056 1.8442230963232005e-08
30500.056 1.6887876345908756e-08
30550.056 1.7623682786021453e-08
30600.056 2.2658504558657962e-08
30650.056 1.579231910721655e-08
30700.056 1.4492326532346201e-08
30750.056 1.8180911400014304e-08
30800.056 1.3249003367192354e-08
30850.056 1.3783726432594822e-08
30900.056 9.685244923221713e-09
30950.056 1.0964808485765697e-08
31000.056 8.839535078315823e-09
31050.056 8.607806266186474e-09
31100.056 6.986957177338191e-09
31150.056 9.851277270067186e-09
31200.056 9.75502507624238e-09
31250.056 6.995315232613692e-09
31300.056 6.017099910369017e-09
31350.056 7.011930186712056e-09
31400.056 5.247493521607845e-09
31450.056 5.4871423182582556e-09
31500.056 4.069540075503851e-09
31550.056 4.800749021312593e-09
31600.056 3.1937474596758514e-09
31650.056 3.1688631128569013e-09
31700.056 3.342588256925657e-09
31750.056 2.435921181171799e-09
31800.056 3.4391651733504376e-09
31850.056 2.103499112654186e-09
31900.056 2.6252828283757236e-09
31950.056 1.6907262629137157e-09
32000.056 2.2238373608031335e-09
32050.056 2.5858227746950993e-09
32100.056 2.4692210090634674e-09
32150.056 2.6392779719607856e-09
32200.056 2.0279016513363997e-09
32250.056 3.0877104198694007e-09
32300.056 2.0342821749292446e-09
32350.056 3.0682286979692268e-09
32400.056 1.915934925641151e-09
32450.056 2.804814943641105e-09
32500.056 2.1820846948985185e-09
32550.056 2.283250708539123e-09
32600.056 2.8805564755504134e-09
32650.056 4.948617900444869e-09
32700.056 3.5640639385410428e-09
32750.056 5.271280548832369e-09
32800.056 4.670846409892048e-09
32850.056 5.8575991459894585e-09
32900.056 6.280142729777887e-09
32950.056 6.980408404931544e-09
33000.056 5.410167709339504e-09
33050.056 5.579538025277975e-09
33100.056 2.0942452953798923e-09
33150.056 2.538294937779874e-10
33200.056 3.522827966968298e-10
33250.056 1.850426588979927e-10
33300.056 2.7535159929005247e-10
33350.056 6.667979679259293e-10
33400.056 1.2100695810982346e-09
33450.056 1.8496561949025584e-09
33500.056 3.502214675023051e-09
33550.056 2.395428705720686e-09
33600.056 4.628085622669299e-09
33650.056 4.293888278361099e-09
33700.056 3.6124466872864437e-09
33750.056 5.61884917904184e-09
33800.056 3.8084590643154234e-09
33850.056 4.862784365165554e-09
33900.056 3.981193845285421e-09
33950.056 4.007205700996583e-09
34000.056 5.722442547835159e-09
34050.056 2.273382953020619e-09
34100.056 5.485963718017221e-09
34150.056 4.047498244052941e-09
34200.056 4.5824899966954324e-09
34250.056 4.275527320112475e-09
34300.056 3.964640903688235e-09
34350.056 3.590912869487626e-09
34400.056 2.7977226627240977e-09
34450.056 4.318283318399575e-09
34500.056 3.973174775401302e-09
34550.056 2.8432518720945648e-09
34600.056 5.5870678938401936e-09
34650.056 3.3055595988254703e-09
34700.056 5.005315299709441e-09
34750.056 4.478299617462061e-09
34800.056 4.068944444299844e-09
34850.056 4.981985383706937e-09
34900.056 4.975577872794925e-09
34950.056 5.924221184037784e-09
35000.056 9.542252260883059e-09
35050.056 5.061927753461766e-09
35100.056 7.628839522361966e-09
35150.056 6.2813136108605365e-09
35200.056 7.535920109999495e-09
35250.056 1.0109861360627642e-08
35300.056 7.327405505574925e-09
35350.056 7.613780467432621e-09
35400.056 8.781329426987143e-09
35450.056 5.8617518102217e-09
35500.056 1.3228281415576601e-08
35550.056 1.1743699877666313e-08
35600.056 9.339303170127333e-09
35650.056 1.0828275273974285e-08
35700.056 1.0135282716564044e-08
35750.056 1.4017231221378789e-08
35800.056 1.8118314714000244e-08
35850.056 9.654032240593345e-09
35900.056 1.2889720144081466e-08
35950.056 1.2346623443093338e-08
36000.056 1.247705267537245e-08
36050.056 1.0494358022525456e-08
36100.056 1.1373889953035753e-08
36150.056 1.302135312558557e-08
36200.056 1.3876584860754127e-08
36250.056 1.3108496910368319e-08
36300.056 1.68793396808702e-08
36350.056 1.4859277946824575e-08
36400.056 1.4990590685242766e-08
36450.056 1.962466560599763e-08
36500.056 2.156031206315528e-08
36550.056 2.03746686824554e-08
36600.056 2.5480429325596515e-08
36650.056 2.4106575583785042e-08
36700.056 2.6621396987279962e-08
36750.056 2.9164922078295727e-08
36800.056 2.8274357995700594e-08
36850.056 2.478146480348683e-08
36900.056 3.049895436051458e-08
36950.056 3.2357360964792006e-08
37000.056 2.8855619728393808e-08
37050.056 2.975984378747386e-08
37100.056 3.468311955685207e-08
37150.056 2.6845910436083808e-08
37200.056 3.4326677820289066e-08
37250.056 3.413524624839465e-08
37300.056 2.9149637577054278e-08
37350.056 3.238928940146882e-08
37400.056 4.97582640017586e-08
37450.056 3.43359917188671e-08
37500.056 3.502313877816821e-08
37550.056 4.2703239327703186e-08
37600.056 4.8359264146886175e-08
37650.056 3.219726278584885e-08
37700.056 5.3893734858145954e-08
37750.056 3.71522289826972e-08
37800.056 3.944417089572366e-08
37850.056 2.6458771050664867e-08
37900.056 3.28480389773052e-08
37950.056 4.3664377458317534e-08
38000.056 5.156254655605306e-08
38050.056 4.98913533770165e-08
38100.056 4.968810012469668e-08
38150.056 6.022863242139839e-08
38200.056 6.354380546942278e-08
38250.056 6.001750560211854e-08
38300.056 8.09042992975857e-08
38350.056 8.027258893821535e-08
38400.056 4.695846506031527e-08
38450.056 4.839912903837148e-08
38500.056 3.253532540648546e-08
38550.056 5.313457962002021e-08
38600.056 5.574479402194945e-08
38650.056 5.0618273955487365e-08
38700.056 5.27581374366014e-08
38750.056 6.155322062590969e-08
38800.056 5.376351643566424e-08
38850.056 5.655704329266818e-08
38900.056 7.798534988340465e-08
38950.056 6.05204838035669e-08
39000.056 6.960399266496892e-08
39050.056 5.954910034250166e-08
39100.056 6.976384107990208e-08
39150.056 6.924102656245762e-08
39200.056 7.317176094718446e-08
39250.056 8.523037099688277e-08
39300.056 6.492632795446177e-08
39350.056 9.70988375680025e-08
39400.056 7.490859569961989e-08
39450.056 8.43622461343815e-08
39500.056 8.503916514853218e-08
39550.056 8.493601459739713e-08
39600.056 9.105364403707314e-08
39650.056 9.527979552098385e-08
39700.056 9.550845527222165e-08
39750.056 7.74729185270371e-08
39800.056 8.989959372117862e-08
39850.056 1.1502868096800235e-07
39900.056 1.1459849772901256e-07
39950.056 9.350812000066708e-08
40000.056 1.376686122974396e-07
40050.056 1.1221409001639482e-07
40100.056 8.897289489197777e-08
40150.056 1.1832205479437625e-07
40200.056 1.2314228209994173e-07
40250.056 1.2329566315494167e-07
40300.056 1.2185269235402954e-07
40350.056 1.2706346043648013e-07
40400.056 1.4664717233404835e-07
40450.056 1.2368096078256836e-07
40500.056 1.4902789332097198e-07
40550.056 1.4639181363375414e-07
40600.056 1.431125439430211e-07
40650.056 1.1819459483422066e-07
40700.056 1.710439031389897e-07
40750.056 1.4353700354799036e-07
40800.056 1.1421625562552688e-07
40850.056 1.8798778554906612e-07
40900.056 1.713557538512243e-07
40950.056 1.5916359534040676e-07
41000.056 1.6017658841419978e-07
41050.056 2.0199751452895515e-07
41100.056 1.7063160928402023e-07
41150.056 1.2457951023837867e-07
41200.056 2.0272639298767518e-07
41250.056 1.625398407274675e-07
41300.056 1.5261174517295605e-07
41350.056 2.2254608412103698e-07
41400.056 1.9530734322104068e-07
41450.056 2.1567994847901228e-07
41500.056 1.725088002684263e-07
41550.056 1.7155237904074787e-07
41600.056 2.083299727009479e-07
41650.056 2.177878795159926e-07
41700.056 1.9461112765489748e-07
41750.056 2.0280450166798716e-07
41800.056 2.230379143379996e-07
41850.056 1.7506738329000029e-07
41900.056 1.8574998277856073e-07
41950.056 1.7158878447803855e-07
42000.056 1.7031829952023634e-07
42050.056 1.6355871164223565e-07
42100.056 2.1415980979897765e-07
42150.056 1.761543985179923e-07
42200.056 1.586953621701148e-07
42250.056 1.6137703454895776e-07
42300.056 1.6257763334260998e-07
42350.056 2.0040508977203192e-07
42400.056 1.9061266156606434e-07
42450.056 1.7588052861303776e-07
42500.056 1.6876375014698328e-07
42550.056 1.6656749955596998e-07
42600.056 1.7126304262133417e-07
42650.056 2.0269721421892923e-07
42700.056 1.809410924123887e-07
42750.056 1.731551651959876e-07
42800.056 1.9005832692304265e-07
42850.056 2.1243780171392353e-07
42900.056 2.1937544954007038e-07
42950.056 1.9086050143494405e-07
43000.056 2.0747356325302015e-07
43050.056 1.507749072594647e-07
43100.056 1.8811058419395713e-07
43150.056 1.795758021873288e-07
43200.056 2.196539620420023e-07
43250.056 2.460477911850062e-07
43300.056 2.4418393588599613e-07
43350.056 1.788172935209689e-07
43400.056 2.0648879497997613e-07
43450.056 1.8534619925003555e-07
43500.056 1.6998183208910074e-07
43550.056 1.7948800751035627e-07
43600.056 2.4542190959202756e-07
43650.056 1.95613621882602e-07
43700.056 2.2995541396503722e-07
43750.056 2.2708737285804933e-07
43800.056 2.1179597502436582e-07
43850.056 1.9359910876802026e-07
43900.056 2.0338658541198218e-07
43950.056 1.533526306810051e-07
44000.056 1.526018978231963e-07
44050.056 2.427389093080191e-07
44100.056 2.7727310241801576e-07
44150.056 2.526839010171454e-07
44200.056 2.389031159759909e-07
44250.056 1.884771706342167e-07
44300.056 1.6595893755503562e-07
44350.056 1.8294971444855014e-07
44400.056 1.8877325559599985e-07
44450.056 2.2815551148795405e-07
44500.056 2.3515276945106423e-07
44550.056 2.7851189203996164e-07
44600.056 2.3011491011752933e-07
44650.056 2.4464166809555973e-07
44700.056 1.8170563089500684e-07
44750.056 2.4092975099403485e-07
44800.056 2.0623496498001839e-07
44850.056 2.3478107816604086e-07
44900.056 2.0959152765641524e-07
44950.056 2.3595559507100993e-07
45000.056 2.4855536120598195e-07
45050.056 2.40827915332003e-07
45100.056 2.3216734054099436e-07
45150.056 2.3858848837245965e-07
45200.056 2.009293772710222e-07
45250.056 2.1750289675691992e-07
45300.056 1.9100490811304464e-07
45350.056 1.987997245120101e-07
45400.056 2.8850030718102277e-07
45450.056 2.489874503969864e-07
45500.056 2.5949839135621124e-07
45550.056 2.859862259819145e-07
45600.056 2.829925793000361e-07
45650.056 2.2482701766457677e-07
45700.056 2.0615641059681575e-07
45750.056 1.9684950807899322e-07
45800.056 2.8793564453799557e-07
45850.056 2.900811357859946e-07
45900.056 3.0315110671000065e-07
45950.056 2.5676946846798736e-07
46000.056 2.8763518907700654e-07
46050.056 2.4954033265502443e-07
46100.056 2.9349020772998324e-07
46150.056 2.3930302836099343e-07
46200.056 2.2564361348300466e-07
46250.056 1.561682807941665e-07
46300.056 2.573133096634058e-07
46350.056 2.433202468950262e-07
46400.056 2.3001858722901105e-07
46450.056 2.2025594310404187e-07
46500.056 2.3787415387105472e-07
46550.056 1.9013627122478474e-07
46600.056 2.3132969574598965e-07
46650.056 3.1112173408497417e-07
46700.056 2.3797440443199778e-07
46750.056 1.7408947942919653e-07
46800.056 1.3921286034961678e-07
46850.056 3.1536455805006886e-07
46900.056 2.77095376026974e-07
46950.056 2.761631993930026e-07
47000.056 2.5751910141803407e-07
47050.056 2.4109456315910633e-07
47100.056 1.7596750938643152e-07
47150.056 2.1461130439602274e-07
47200.056 2.5465229873601053e-07
47250.056 1.986576947489912e-07
47300.056 1.5169151395141736e-07
47350.056 2.8160754843796775e-07
47400.056 2.611080237839713e-07
47450.056 2.5927068246312337e-07
47500.056 2.9298762278215725e-07
47550.056 2.5933058849800465e-07
47600.056 2.5155738824999337e-07
47650.056 2.25836077017362e-07
47700.056 2.3752415442386355e-07
47750.056 1.7390105599090796e-07
47800.056 1.8861075253701076e-07
47850.056 1.3794045751640885e-07
47900.056 1.7782122373336714e-07
47950.056 2.1598721084803447e-07
48000.056 3.03084182540059e-07
48050.056 2.760280950840061e-07
48100.056 1.7104490658761755e-07
48150.056 2.3124629270901619e-07
48200.056 2.0379948469800382e-07
48250.056 2.075675777280146e-07
48300.056 2.7012315213090776e-07
48350.056 1.814305345880201e-07
48400.056 1.1395653544317542e-07
48450.056 1.945318817572678e-07
48500.056 2.5085765091595804e-07
48550.056 2.086367529475993e-07
48600.056 2.309334143990029e-07
48650.056 2.415657856399717e-07
48700.056 2.1089929299478862e-07
48750.056 1.4976540364808934e-07
48800.056 2.8625891912198753e-07
48850.056 1.7646172963947155e-07
48900.056 2.575441830695962e-07
48950.056 1.8704641151603031e-07
49000.056 1.0679873447097531e-07
49050.056 2.132780032499879e-07
49100.056 2.43348631460052e-07
49150.056 2.0075643393973553e-07
49200.056 2.705505174470427e-07
49250.056 2.5527067205904157e-07
49300.056 2.2480877599400438e-07
49350.056 1.3438736613932692e-07
49400.056 1.7829860092497557e-07
49450.056 1.899259788185629e-07
49500.056 1.537721231889806e-07
49550.056 7.733526923131224e-08
49600.056 1.396760041925178e-07
49650.056 1.8569261550399368e-07
49700.056 1.7525520184693898e-07
49750.056 2.0167810017295625e-07
49800.056 1.6715444417481978e-07
49850.056 2.526415793300754e-07
49900.056 2.0062839752977376e-07
49950.056 2.0066989451900514e-07
50000.056 1.7906083435797147e-07
50050.056 2.1498461469500773e-07
50100.056 1.7344504015501316e-07
50150.056 1.161806018139798e-07
50200.056 5.0076411900610355e-08
50250.056 1.5762695271897488e-07
50300.056 1.1847146983731834e-07
50350.056 2.177030704950271e-07
50400.056 1.913966255369873e-07
50450.056 1.520016039694206e-07
50500.056 1.9063334326403117e-07
50550.056 1.7775383712001555e-07
50600.056 1.539681079449557e-07
50650.056 2.106181331950516e-07
50700.056 2.1948366916890657e-07
50750.056 1.7045925079622673e-07
50800.056 9.690004011659555e-08
50850.056 8.44545940064342e-08
50900.056 2.0956078845500313e-07
50950.056 1.5720041934002548e-07
51000.056 1.6652438684391135e-07
51050.056 1.6878444901599677e-07
51100.056 9.160750580679103e-08
51150.056 1.2804537980894357e-07
51200.056 2.3232741896498598e-07
51250.056 1.515204876083583e-07
51300.056 1.27131038067068e-07
51350.056 1.302113217857926e-07
51400.056 7.130374611719957e-08
51450.056 6.050660846018106e-08
51500.056 6.567241761232792e-08
51550.056 1.6400930287560896e-07
51600.056 1.164779819211299e-07
51650.056 1.217492647399673e-07
51700.056 1.3402746657118707e-07
51750.056 9.535756026001932e-08
51800.056 1.4350704091197393e-07
51850.056 1.3347564374299636e-07
51900.056 1.8800538381802054e-07
51950.056 1.3995834787199062e-07
52000.056 4.3383306943988915e-08
52050.056 9.790887691941893e-08
52100.056 7.139835406699167e-08
52150.056 6.046711586270663e-08
52200.056 7.483456367750106e-08
52250.056 1.0102835318102682e-07
52300.056 1.4618056550199255e-07
52350.056 9.416872979680408e-08
52400.056 7.069707577000572e-08
52450.056 1.4577912275800618e-07
52500.056 1.302079313829606e-07
52550.056 1.345655807729685e-07
52600.056 1.1215512350401708e-07
52650.056 1.1919253675641569e-07
52700.056 1.0371686652599647e-07
52750.056 6.504143815719748e-08
52800.056 8.641683272161733e-08
52850.056 9.354842549406458e-08
52900.056 7.423418153628861e-08
52950.056 8.689703688520217e-08
53000.056 1.234397563860181e-07
53050.056 6.004936718318319e-08
53100.056 9.731082449876097e-08
53150.056 1.3345438667601651e-07
53200.056 6.455819337300078e-08
53250.056 1.2427041051800487e-07
53300.056 1.3916790997417805e-07
53350.056 1.277327543451975e-07
53400.056 1.0773880469599439e-07
53450.056 5.381966890248772e-08
