galfind/configs/Brown_Dwarf_templates/sonora_bobcat/m+0.5/56g/sp_t900g56nc_m+0.5_resample.dat
# %ECSV 1.0
# ---
# datatype:
# - {name: wav, unit: Angstrom, datatype: float64}
# - {name: flux_nu, unit: erg / (cm2 Hz s), datatype: float64}
# meta: {C/O: '1.00', Kzz: '1.0000E+05', Teff: '900.', Y: '0.28', '[Fe/H]': '0.50', f_hole: '1.00', f_rain: '0.00', grav: '56.'}
# schema: astropy-2.0
wav flux_nu
[from data line 498]
28900.056 5.645458743096217e-08
28950.056 1.1478423766931567e-07
29000.056 9.086848761687212e-08
29050.056 9.551683941319668e-08
29100.056 7.148165011416157e-08
29150.056 1.181489815767039e-07
29200.056 8.849927455871568e-08
29250.056 1.2403542846581765e-07
29300.056 7.659408733422973e-08
29350.056 1.6455669121535662e-07
29400.056 9.75183837977024e-08
29450.056 1.0992492474092647e-07
29500.056 1.1984379125579014e-07
29550.056 1.0656938905071464e-07
29600.056 1.2304303785864532e-07
29650.056 1.2155744825444313e-07
29700.056 8.875168510143545e-08
29750.056 1.2419475153337832e-07
29800.056 1.2928834158813945e-07
29850.056 1.3427195717942916e-07
29900.056 1.2105911179934042e-07
29950.056 1.267841481562894e-07
30000.056 9.415238233266309e-08
30050.056 9.493558653789482e-08
30100.056 8.655998733776531e-08
30150.056 1.3061478518388145e-07
30200.056 9.516694834395586e-08
30250.056 1.3823838994454037e-07
30300.056 1.1284160321621465e-07
30350.056 9.664763912360584e-08
30400.056 1.1456014455099903e-07
30450.056 8.52434671881704e-08
30500.056 6.643633560840706e-08
30550.056 7.18597595189815e-08
30600.056 8.078994327299363e-08
30650.056 6.421186414178097e-08
30700.056 6.604111756186455e-08
30750.056 6.122015238498879e-08
30800.056 5.083412640200942e-08
30850.056 4.759065791027508e-08
30900.056 4.4976504751193367e-08
30950.056 4.131169032296266e-08
31000.056 3.5751714494601546e-08
31050.056 3.568837900580239e-08
31100.056 2.8156213278395843e-08
31150.056 3.262890363994779e-08
31200.056 3.489315728060634e-08
31250.056 2.51341186365735e-08
31300.056 2.4867390240756018e-08
31350.056 2.4522528143899604e-08
31400.056 1.9239424324789676e-08
31450.056 2.0690464496596614e-08
31500.056 1.6725393357385143e-08
31550.056 1.9010623622539024e-08
31600.056 1.4621875109148917e-08
31650.056 1.4076602453790948e-08
31700.056 1.3670998659497217e-08
31750.056 1.196678257170553e-08
31800.056 1.4302119155898407e-08
31850.056 1.2774002014441548e-08
31900.056 1.40700070877982e-08
31950.056 8.701852375070257e-09
32000.056 1.1853116451948825e-08
32050.056 1.271265741083027e-08
32100.056 1.2573458790643095e-08
32150.056 1.2726244861647904e-08
32200.056 1.1404384545990707e-08
32250.056 1.4018346006721641e-08
32300.056 1.1356224072650022e-08
32350.056 1.4778922426996726e-08
32400.056 1.0718077739496344e-08
32450.056 1.3457533425315422e-08
32500.056 1.3087194008932181e-08
32550.056 1.183673312988864e-08
32600.056 1.4884857414481103e-08
32650.056 2.0869009802896624e-08
32700.056 1.766051290400337e-08
32750.056 1.9844968911503794e-08
32800.056 1.8842068915402716e-08
32850.056 2.0911408488696624e-08
32900.056 2.388024692511507e-08
32950.056 2.491867121814844e-08
33000.056 2.0457944017852092e-08
33050.056 1.9289487224813097e-08
33100.056 9.840951085797846e-09
33150.056 4.931346700790056e-09
33200.056 3.87504924608958e-09
33250.056 2.1889563822795673e-09
33300.056 2.36592053366038e-09
33350.056 3.807054510700063e-09
33400.056 5.371482407297709e-09
33450.056 7.753885812399536e-09
33500.056 1.1701810752006826e-08
33550.056 1.1233771209505293e-08
33600.056 1.7180604431397258e-08
33650.056 1.697977117709551e-08
33700.056 1.5479508133096906e-08
33750.056 2.0675201859205588e-08
33800.056 1.9586318355602645e-08
33850.056 2.0801408391897382e-08
33900.056 1.7270886598000572e-08
33950.056 1.7337712769297918e-08
34000.056 2.1845642729609426e-08
34050.056 1.3316668055291609e-08
34100.056 2.1801776531398193e-08
34150.056 1.886402328080016e-08
34200.056 1.752380918389244e-08
34250.056 1.849534753638696e-08
34300.056 1.7642118293090904e-08
34350.056 1.4293125385099434e-08
34400.056 1.3869069194696848e-08
34450.056 1.7580310061194966e-08
34500.056 1.6949573274402096e-08
34550.056 1.5090718719601865e-08
34600.056 2.131798240599719e-08
34650.056 1.6804470122800544e-08
34700.056 1.8660680734398504e-08
34750.056 1.9177065908893627e-08
34800.056 1.7995351858092967e-08
34850.056 1.8555107231007604e-08
34900.056 2.1263030657192018e-08
34950.056 2.1969609411894727e-08
35000.056 2.9953094407010416e-08
35050.056 2.0016379128196118e-08
35100.056 2.442093614420394e-08
35150.056 2.2521176444803537e-08
35200.056 2.5706614537395784e-08
35250.056 3.1611812877589666e-08
35300.056 2.7711517865205538e-08
35350.056 2.621445560219037e-08
35400.056 2.9300720980799853e-08
35450.056 2.0542450048610338e-08
35500.056 3.726264080329919e-08
35550.056 3.5902240423992086e-08
35600.056 2.9671499935015743e-08
35650.056 3.428541587179454e-08
35700.056 3.197758466129278e-08
35750.056 3.993199078099209e-08
35800.056 5.2722364727799214e-08
35850.056 3.2921742789093894e-08
35900.056 4.244817008249997e-08
35950.056 3.888725113498814e-08
36000.056 3.981282419360797e-08
36050.056 3.6399303751485375e-08
36100.056 4.017403056627564e-08
36150.056 4.0881883725788526e-08
36200.056 4.300713715298596e-08
36250.056 4.269504215318114e-08
36300.056 4.809373212040091e-08
36350.056 4.702990658500726e-08
36400.056 4.434759547039249e-08
36450.056 5.655504509140794e-08
36500.056 5.924670460339575e-08
36550.056 5.692250273851449e-08
36600.056 6.854042955300236e-08
36650.056 6.880248177778215e-08
36700.056 7.441274030258704e-08
36750.056 7.843320196445258e-08
36800.056 7.692087209900055e-08
36850.056 7.50731593266816e-08
36900.056 7.992264018448487e-08
36950.056 9.020364002638292e-08
37000.056 8.656602484629106e-08
37050.056 8.322922087458404e-08
37100.056 9.787233824499946e-08
37150.056 8.087041467239428e-08
37200.056 9.353072951998477e-08
37250.056 9.984397386998279e-08
37300.056 8.72377452692604e-08
37350.056 8.82651967621222e-08
37400.056 1.3112589919839572e-07
37450.056 1.0418726919160412e-07
37500.056 1.0493851382518584e-07
37550.056 1.1840226739908687e-07
37600.056 1.2592905821300805e-07
37650.056 1.0387905325999265e-07
37700.056 1.4579552954441656e-07
37750.056 1.1146566418098762e-07
37800.056 1.1785606173138855e-07
37850.056 9.571874387350744e-08
37900.056 1.0154965963203547e-07
37950.056 1.214002887812648e-07
38000.056 1.473372833500117e-07
38050.056 1.4600773671322484e-07
38100.056 1.3044853918464117e-07
38150.056 1.6429129427098988e-07
38200.056 1.7133680929705362e-07
38250.056 1.687236796080164e-07
38300.056 2.0661749599697964e-07
38350.056 2.1305004272401736e-07
38400.056 1.4562540892304966e-07
38450.056 1.5786362652697444e-07
38500.056 1.1617193481840481e-07
38550.056 1.673110426250365e-07
38600.056 1.7901178550503326e-07
38650.056 1.6447260175697508e-07
38700.056 1.7663259815898333e-07
38750.056 2.0034868870901763e-07
38800.056 1.6845606359583344e-07
38850.056 1.6766926128401654e-07
38900.056 2.2474829676503874e-07
38950.056 1.9584021751296694e-07
39000.056 2.108292704659951e-07
39050.056 1.9168544172697764e-07
39100.056 2.1286425863103695e-07
39150.056 2.0714094460900628e-07
39200.056 2.266606620039907e-07
39250.056 2.498429954149231e-07
39300.056 2.0945954473587704e-07
39350.056 2.693436646899942e-07
39400.056 2.445646417830889e-07
39450.056 2.505018999819938e-07
39500.056 2.3651576704506525e-07
39550.056 2.6067835206904735e-07
39600.056 2.66434917684906e-07
39650.056 2.848335083969938e-07
39700.056 2.77290892651029e-07
39750.056 2.422175565429602e-07
39800.056 2.820714740118825e-07
39850.056 3.1709751586499257e-07
39900.056 3.1159814534604187e-07
39950.056 2.903534940928882e-07
40000.056 3.76394143900101e-07
40050.056 3.18291348256011e-07
40100.056 2.95379148380401e-07
40150.056 3.477737061979234e-07
40200.056 3.545809618068525e-07
40250.056 3.288495405268729e-07
40300.056 3.3061122532907973e-07
40350.056 3.6683649654200533e-07
40400.056 4.026398568897608e-07
40450.056 3.831890601381182e-07
40500.056 3.8003690883000125e-07
40550.056 3.917407307759286e-07
40600.056 3.806219115700582e-07
40650.056 3.5425595300698816e-07
40700.056 4.5503989942000704e-07
40750.056 4.0256646529493144e-07
40800.056 3.4304325846984107e-07
40850.056 4.4853331566012683e-07
40900.056 4.2135050698605925e-07
40950.056 3.9908576595803884e-07
41000.056 4.26394469596037e-07
41050.056 4.818707664099511e-07
41100.056 4.1210283226803907e-07
41150.056 3.5873874042394113e-07
41200.056 4.708681941019319e-07
41250.056 4.1128222140095345e-07
41300.056 3.7935504558189724e-07
41350.056 5.098904929700951e-07
41400.056 4.6964909063010665e-07
41450.056 4.794242281161391e-07
41500.056 4.2762711407010805e-07
41550.056 4.2833595014906754e-07
41600.056 5.087115549465652e-07
41650.056 4.876864207460349e-07
41700.056 4.326101161958107e-07
41750.056 4.481871691759783e-07
41800.056 4.5091309455995565e-07
41850.056 3.6021152507903394e-07
41900.056 3.851380469369621e-07
41950.056 3.336149438700789e-07
42000.056 3.383368103300316e-07
42050.056 3.1526560554097504e-07
42100.056 3.958354088800256e-07
42150.056 3.0653160000992285e-07
42200.056 2.9666606410199323e-07
42250.056 2.9076481462492263e-07
42300.056 2.7430564907201947e-07
42350.056 3.3450808398006956e-07
42400.056 2.8911527086008777e-07
42450.056 2.784847343130102e-07
42500.056 2.785789493609978e-07
42550.056 2.799599339319662e-07
42600.056 2.674244265100643e-07
42650.056 2.7361001063092743e-07
42700.056 2.835299991460574e-07
42750.056 2.611410048679721e-07
42800.056 2.628497589240826e-07
42850.056 3.01176798439895e-07
42900.056 2.9970256527006317e-07
42950.056 2.83977492725878e-07
43000.056 2.9601195311399566e-07
43050.056 2.441321406971288e-07
43100.056 2.8602654793499144e-07
43150.056 2.7166010358305734e-07
43200.056 3.1214458565602823e-07
43250.056 3.1229090234996886e-07
43300.056 3.201208009299971e-07
43350.056 2.8133953233597435e-07
43400.056 2.934905646299784e-07
43450.056 2.828401747470448e-07
43500.056 2.6531039750397173e-07
43550.056 2.8407833212304914e-07
43600.056 3.2838477273001787e-07
43650.056 2.926407543780211e-07
43700.056 3.052150104499692e-07
43750.056 3.106306090960954e-07
43800.056 2.86469022065965e-07
43850.056 2.9527207079005914e-07
43900.056 3.080625602999594e-07
43950.056 2.6246011191903267e-07
44000.056 2.627435870050215e-07
44050.056 3.2576027335204093e-07
44100.056 3.4447577945002253e-07
44150.056 3.1817335726589645e-07
44200.056 3.2134412236098375e-07
44250.056 3.0110916249600503e-07
44300.056 2.834289141510565e-07
44350.056 2.84901046297056e-07
44400.056 3.1279570401400874e-07
44450.056 3.2696839344897586e-07
44500.056 3.488293533050635e-07
44550.056 3.5886315879994066e-07
44600.056 3.1430117199804755e-07
44650.056 3.4915556863507857e-07
44700.056 2.9312360742001333e-07
44750.056 3.4724195508099755e-07
44800.056 3.358947179240232e-07
44850.056 3.367638679040726e-07
44900.056 3.108551010450231e-07
44950.056 3.288731376800192e-07
45000.056 3.4921901395996337e-07
45050.056 3.4674083036300644e-07
45100.056 3.487878537439914e-07
45150.056 3.4362746356697116e-07
45200.056 3.114401119280263e-07
45250.056 3.270421284029084e-07
45300.056 3.13105509545049e-07
45350.056 3.2450081495996797e-07
45400.056 3.6879926484302944e-07
45450.056 3.3153472004194695e-07
45500.056 3.43217528210992e-07
45550.056 3.7672176385592784e-07
45600.056 3.676800567700121e-07
45650.056 3.054122884469381e-07
45700.056 3.4120252734605385e-07
45750.056 3.062451485849794e-07
45800.056 3.5599460348999725e-07
45850.056 3.923889945289866e-07
45900.056 3.9758687241001666e-07
45950.056 3.414632949890036e-07
46000.056 3.8444498755500315e-07
46050.056 3.5758949440602453e-07
46100.056 3.584728240600104e-07
46150.056 3.4934838004498437e-07
46200.056 3.4906313032005823e-07
46250.056 2.923620322098622e-07
46300.056 3.799458860759853e-07
46350.056 3.411069331780017e-07
46400.056 3.402774503600037e-07
46450.056 3.425657562970478e-07
46500.056 3.328600387430343e-07
46550.056 3.5830419840697223e-07
46600.056 3.6194069452600254e-07
46650.056 4.5582430169993673e-07
46700.056 3.9920253885008933e-07
46750.056 3.0518718646898245e-07
46800.056 3.026263701650324e-07
46850.056 4.27753043100084e-07
46900.056 3.9559226842994226e-07
46950.056 4.1624614014202324e-07
47000.056 3.607825910100024e-07
47050.056 3.8891545197486756e-07
47100.056 3.00971797593052e-07
47150.056 3.346659625210217e-07
47200.056 3.788525610460403e-07
47250.056 3.272965807999894e-07
47300.056 2.9336455693106284e-07
47350.056 3.590656254999467e-07
47400.056 3.9435395071594196e-07
47450.056 3.5930370503001275e-07
47500.056 4.084406647749251e-07
47550.056 3.5948430915998345e-07
47600.056 3.727034664849639e-07
47650.056 3.019201004119278e-07
47700.056 3.8363493160808643e-07
47750.056 2.677846544670238e-07
47800.056 3.5221488027599147e-07
47850.056 2.6862853903997867e-07
47900.056 3.3724598642196236e-07
47950.056 2.9929866432003966e-07
48000.056 4.242824286800599e-07
48050.056 3.7084631356002566e-07
48100.056 3.228526070280099e-07
48150.056 3.4416760497003837e-07
48200.056 3.5740161971302615e-07
48250.056 3.252572231799972e-07
48300.056 3.938759649998513e-07
48350.056 2.8581893042302195e-07
48400.056 2.732393775911771e-07
48450.056 3.236478174430939e-07
48500.056 4.1423941787997007e-07
48550.056 3.0695278392599793e-07
48600.056 3.6304676965000074e-07
48650.056 3.3461928155996734e-07
48700.056 3.4862623919699237e-07
48750.056 2.641001573321014e-07
48800.056 4.406961868289931e-07
48850.056 2.915922445869479e-07
48900.056 3.980278625700131e-07
48950.056 3.5214780364005315e-07
49000.056 2.5295901788893005e-07
49050.056 3.6225461179999827e-07
49100.056 3.594393963460601e-07
49150.056 3.4756252500202644e-07
49200.056 3.81811617150024e-07
49250.056 3.84501751005045e-07
49300.056 3.3338347368999583e-07
49350.056 2.773982542290395e-07
49400.056 3.449047695349896e-07
49450.056 3.2769130265110756e-07
49500.056 3.0327716017596413e-07
49550.056 2.2196153698302295e-07
49600.056 3.0036846037407363e-07
49650.056 3.306845957119891e-07
49700.056 2.957766821389141e-07
49750.056 3.6596800949990896e-07
49800.056 3.128075128932268e-07
49850.056 4.1922457746009607e-07
49900.056 3.3360155344499563e-07
49950.056 3.4468849434797256e-07
50000.056 3.25973482455963e-07
50050.056 3.661440862100117e-07
50100.056 3.31948708015003e-07
50150.056 2.4909720036797343e-07
50200.056 1.6083485867400223e-07
50250.056 3.339645096099579e-07
50300.056 2.76195320519014e-07
50350.056 3.9521098827702344e-07
50400.056 3.355576690609804e-07
50450.056 2.943777581860629e-07
50500.056 3.480022437370534e-07
50550.056 3.157328885820135e-07
50600.056 3.182852284859431e-07
50650.056 3.632257579500991e-07
50700.056 3.858586342138533e-07
50750.056 3.5799583059607145e-07
50800.056 2.3388441722998287e-07
50850.056 2.4210299790007685e-07
50900.056 3.790171634680134e-07
50950.056 3.1437634358407195e-07
51000.056 3.6289061528203666e-07
51050.056 3.041459921070168e-07
51100.056 2.2357007976697635e-07
51150.056 2.9679079873594784e-07
51200.056 3.9086287548998674e-07
51250.056 3.147415294269037e-07
51300.056 2.7041716208115855e-07
51350.056 2.748453442599851e-07
51400.056 1.9193230744398254e-07
51450.056 1.6534255239995082e-07
51500.056 1.9872509729206684e-07
51550.056 3.707344869820346e-07
51600.056 2.6805242430705243e-07
51650.056 2.773592214019451e-07
51700.056 2.8071694306292324e-07
51750.056 2.179704418240459e-07
51800.056 3.0900173025591656e-07
51850.056 3.0128021674700566e-07
51900.056 3.796266881921178e-07
51950.056 3.1919412674196605e-07
52000.056 1.6089504846198217e-07
52050.056 2.720341595250377e-07
52100.056 2.0506643939395912e-07
52150.056 1.970618615280135e-07
52200.056 1.9617549906699518e-07
52250.056 2.384112134770357e-07
52300.056 3.3243750409997337e-07
52350.056 2.7285177913202237e-07
52400.056 1.8769820560900027e-07
52450.056 2.9161116598001547e-07
52500.056 2.89649465482918e-07
52550.056 3.167914613678988e-07
52600.056 2.641978256460604e-07
52650.056 2.8457010928607107e-07
52700.056 2.611046050139979e-07
52750.056 1.843463769819863e-07
52800.056 2.2803730712703524e-07
52850.056 2.2927087726192894e-07
52900.056 2.2412051352304198e-07
52950.056 2.3534984306598438e-07
53000.056 2.957793140399915e-07
53050.056 1.8207554490992086e-07
53100.056 2.1588727648292025e-07
53150.056 3.233192189900363e-07
53200.056 1.8041493459099227e-07
53250.056 3.117307154000263e-07
53300.056 3.022194691491629e-07
53350.056 2.995651736259777e-07
53400.056 3.013264161700358e-07
53450.056 1.7948455412100773e-07
