galfind/configs/Brown_Dwarf_templates/sonora_bobcat/m+0.5/56g/sp_t1800g56nc_m+0.5_resample.dat
# %ECSV 1.0
# ---
# datatype:
# - {name: wav, unit: Angstrom, datatype: float64}
# - {name: flux_nu, unit: erg / (cm2 Hz s), datatype: float64}
# meta: {C/O: '1.00', Kzz: '1.0000E+05', Teff: '1800.', Y: '0.28', '[Fe/H]': '0.50', f_hole: '1.00', f_rain: '0.00', grav: '56.'}
# schema: astropy-2.0
wav flux_nu
4000.0559999999996 nan
4050.0559999999996 1.477154535043976e-09
4100.056 1.673839896159987e-09
4150.056 1.189095845862358e-09
4200.056 8.833093179255306e-10
4250.056 8.201160267105158e-10
4300.056 6.017671005601798e-10
4350.056 6.933124175299713e-10
4400.056 7.444064113201514e-10
4450.056 5.511091357400112e-10
4500.056 6.187758268400402e-10
4550.056 7.788308887898315e-10
4600.056 7.400124878200117e-10
4650.056 6.686823674599602e-10
4700.056 8.129835458402114e-10
4750.056 9.698609625598584e-10
4800.056 7.698506629800435e-10
4850.056 9.634689713400875e-10
4900.056 1.5482437403899411e-09
4950.056 1.7980887340201105e-09
5000.056 1.1030027193798723e-09
5050.056 1.2462501602901696e-09
5100.056 1.862479764110316e-09
5150.056 2.0012153809206987e-09
5200.056 1.5389188737000017e-09
5250.056 1.804935121290146e-09
5300.056 2.104271904700032e-09
5350.056 2.276251886330274e-09
5400.056 2.574665981150018e-09
5450.056 2.109009526359843e-09
5500.056 1.624981553729861e-09
5550.056 1.822779904829833e-09
5600.056 1.6253466543600882e-09
5650.056 1.365809936499986e-09
5700.056 1.164786672320012e-09
5750.056 6.978448139599662e-10
5800.056 3.5315425560998857e-10
5850.056 8.660291919039676e-11
5900.056 4.717247131753244e-12
5950.056 2.332874510240045e-10
6000.056 1.0160304560200067e-09
6050.056 2.5192476783000694e-09
6100.056 4.018403358300274e-09
6150.056 5.344878551999664e-09
6200.056 5.46937498420006e-09
6250.056 6.921107115100351e-09
6300.056 9.806212665800191e-09
6350.056 1.2696539175200425e-08
6400.056 1.5622721236000052e-08
6450.056 1.936835037659771e-08
6500.056 1.9667032906997146e-08
6550.056 2.2909455055396666e-08
6600.056 2.2931224987000963e-08
6650.056 2.172781305890195e-08
6700.056 1.6445511567920328e-08
6750.056 2.314370768900169e-08
6800.056 2.6532631050000916e-08
6850.056 3.253021650599967e-08
6900.056 3.755687188400062e-08
6950.056 4.1218403870997016e-08
7000.056 4.728765424099621e-08
7050.056 4.524095132700238e-08
7100.056 3.4909567613997624e-08
7150.056 3.240739337200181e-08
7200.056 4.189688436199912e-08
7250.056 5.551344233600386e-08
7300.056 7.588228349200951e-08
7350.056 8.713893582000406e-08
7400.056 8.242099349100398e-08
7450.056 7.445312667998253e-08
7500.056 7.717174842499674e-08
7550.056 8.491157982800196e-08
7600.056 6.620401597399692e-08
7650.056 1.306658967276859e-08
7700.056 4.283249609188883e-09
7750.056 4.855990076100224e-08
7800.056 7.823361990758813e-08
7850.056 1.0206357293300069e-07
7900.056 1.0320912713802016e-07
7950.056 9.387513699003076e-08
8000.056 1.106942054319909e-07
8050.056 1.525649861179809e-07
8100.056 2.1918474233103485e-07
8150.056 3.128037405940245e-07
8200.056 2.7863137274437303e-07
8250.056 3.12072548212006e-07
8300.056 2.8276834400105806e-07
8350.056 3.057979598500495e-07
8400.056 3.183229958900156e-07
8450.056 2.3518994591995948e-07
8500.056 2.2352559173078655e-07
8550.056 2.5678578066001766e-07
8600.056 2.7407225316692053e-07
8650.056 2.9096917261094303e-07
8700.056 3.03955809766101e-07
8750.056 3.603016365200267e-07
8800.056 4.775858685280811e-07
8850.056 5.01406734231032e-07
8900.056 4.088332580699802e-07
8950.056 4.2812863914264675e-07
9000.056 5.311124358700783e-07
9050.056 5.695459228998851e-07
9100.056 7.002521861900168e-07
9150.056 7.980641301500162e-07
9200.056 7.733721411899944e-07
9250.056 5.349000424949265e-07
9300.056 4.230148121103353e-07
9350.056 4.6993502013581493e-07
9400.056 5.266823214600113e-07
9450.056 5.872181355190823e-07
9500.056 6.657435784539997e-07
9550.056 7.528778668088542e-07
9600.056 7.577780695842328e-07
9650.056 8.63959813074142e-07
9700.056 9.346551662153629e-07
9750.056 7.671816401104712e-07
9800.056 8.568698900028501e-07
9850.056 8.757378893888864e-07
9900.056 8.497699420500167e-07
9950.056 8.50203730039985e-07
10000.056 8.664224069298538e-07
10050.056 8.712499829900342e-07
10100.056 1.0624818199102712e-06
10150.056 1.0519209163697124e-06
10200.056 1.1461749927998863e-06
10250.056 1.1374484032896211e-06
10300.056 1.1596066944397022e-06
10350.056 1.3200635679797848e-06
10400.056 1.4197538912299058e-06
10450.056 1.517141697720261e-06
10500.056 1.4184099093498298e-06
10550.056 1.4104036302404393e-06
10600.056 1.5183756314203636e-06
10650.056 1.6474746367199069e-06
10700.056 1.8206910403001407e-06
10750.056 2.0127351285200877e-06
10800.056 2.157081948549897e-06
10850.056 2.3622553665597654e-06
10900.056 2.2191888008797313e-06
10950.056 1.9632330090715894e-06
11000.056 1.8990246136430572e-06
11050.056 1.4245411762067922e-06
11100.056 1.5340343038861535e-06
11150.056 1.5743739947559297e-06
11200.056 1.5951615555080345e-06
11250.056 1.8048121868952099e-06
11300.056 1.81001897908812e-06
11350.056 1.6124966755168122e-06
11400.056 1.4623485986469672e-06
11450.056 1.7396993284012632e-06
11500.056 1.936010238359438e-06
11550.056 1.8506748281568877e-06
11600.056 1.952966061576102e-06
11650.056 2.04752726592869e-06
11700.056 1.70718838828258e-06
11750.056 1.706200116534471e-06
11800.056 1.7079983335479687e-06
11850.056 2.0488648148382133e-06
11900.056 2.072995049525448e-06
11950.056 2.2032570447327464e-06
12000.056 2.1330906159801542e-06
12050.056 2.355575531330508e-06
12100.056 2.3856461254798476e-06
12150.056 2.6209543067497923e-06
12200.056 2.7415935548695325e-06
12250.056 2.9268647242393976e-06
12300.056 3.0549609722205905e-06
12350.056 3.134536429620422e-06
12400.056 2.952085028599705e-06
12450.056 2.5577382423820734e-06
12500.056 2.792155749769523e-06
12550.056 2.8317104739100316e-06
12600.056 2.989808786260117e-06
12650.056 3.155663570099627e-06
12700.056 3.340400798189922e-06
12750.056 3.323254391450293e-06
12800.056 3.5731523410198745e-06
12850.056 3.4904602527503455e-06
12900.056 3.404054803409544e-06
12950.056 3.5650980063492395e-06
13000.056 3.6057051496190616e-06
13050.056 3.6452305995256966e-06
13100.056 3.6003190091193883e-06
13150.056 3.5722209002956715e-06
13200.056 3.403818933359643e-06
13250.056 3.16470215974613e-06
13300.056 2.610400541777432e-06
13350.056 1.610483739519613e-06
13400.056 1.4490274479231682e-06
13450.056 1.2404444269849604e-06
13500.056 1.2331993935667056e-06
13550.056 1.1512780946779942e-06
13600.056 9.884363656140894e-07
13650.056 1.0892050121179558e-06
13700.056 9.375312410894011e-07
13750.056 9.096769684969948e-07
13800.056 1.0648648109257797e-06
13850.056 1.0708876053526774e-06
13900.056 1.070801299518901e-06
13950.056 1.0139119231089838e-06
14000.056 9.413377747295197e-07
14050.056 9.386802221181625e-07
14100.056 8.455268990525399e-07
14150.056 8.285074445993539e-07
14200.056 7.875228538289976e-07
14250.056 7.722529959140528e-07
14300.056 7.926523887213534e-07
14350.056 7.778398166990076e-07
14400.056 8.574986007770543e-07
14450.056 8.997682326230321e-07
14500.056 1.0174320628391837e-06
14550.056 1.0418415118294196e-06
14600.056 1.078964683986511e-06
14650.056 1.0667510975383564e-06
14700.056 9.83179232859704e-07
14750.056 1.0550524417412887e-06
14800.056 1.1095187518294183e-06
14850.056 1.197333257250493e-06
14900.056 1.227571305487058e-06
14950.056 1.229413500894185e-06
15000.056 1.2771557548214467e-06
15050.056 1.4064450584265094e-06
15100.056 1.42455835970326e-06
15150.056 1.521803436443147e-06
15200.056 1.5673497992278812e-06
15250.056 1.5749028551367942e-06
15300.056 1.6934645244878662e-06
15350.056 1.7358506957440578e-06
15400.056 1.822580028940099e-06
15450.056 1.9319899896802567e-06
15500.056 1.9716691266194823e-06
15550.056 2.1070915198099e-06
15600.056 2.075852765100305e-06
15650.056 2.2080706873301105e-06
15700.056 2.4033802318310762e-06
15750.056 2.5169336590698178e-06
15800.056 2.5354778254808174e-06
15850.056 2.565166927280017e-06
15900.056 2.624807045680521e-06
15950.056 2.739939423119861e-06
16000.056 2.8154951115998193e-06
16050.056 2.9275983275001273e-06
16100.056 3.044211772470349e-06
16150.056 3.0560320849003414e-06
16200.056 3.1790263730796302e-06
16250.056 3.2455513250799314e-06
16300.056 3.2697863714000433e-06
16350.056 3.4552818163697996e-06
16400.056 3.452350385340798e-06
16450.056 3.534502653300119e-06
16500.056 3.6757321394107106e-06
16550.056 3.8329306356799045e-06
16600.056 3.6722614201607865e-06
16650.056 4.0216355340601945e-06
16700.056 3.92221566491924e-06
16750.056 4.026762520119287e-06
16800.056 4.181341673140227e-06
16850.056 4.147722570019938e-06
16900.056 4.063257397940248e-06
16950.056 4.053418559129532e-06
17000.056 4.0201088257905824e-06
17050.056 3.936689202490121e-06
17100.056 3.67807211422084e-06
17150.056 3.583738407699528e-06
17200.056 3.271741151619797e-06
17250.056 3.1020937727598116e-06
17300.056 3.1745777647893948e-06
17350.056 2.9755007199621395e-06
17400.056 3.127950824720173e-06
17450.056 2.8858717894852764e-06
17500.056 2.7345592496928187e-06
17550.056 2.7641796758390156e-06
17600.056 2.616366887925083e-06
17650.056 2.648189948457381e-06
17700.056 2.301166575545677e-06
17750.056 2.164371725336167e-06
17800.056 2.1862715121595337e-06
17850.056 2.024821119559325e-06
17900.056 2.0081589304508494e-06
17950.056 1.963114144700294e-06
18000.056 1.7665812798941298e-06
18050.056 1.7799264443359408e-06
18100.056 1.6960741816810676e-06
18150.056 1.9182171255287585e-06
18200.056 1.5581070306385413e-06
18250.056 1.8402043473333856e-06
18300.056 1.779944109769916e-06
18350.056 1.626310152376465e-06
18400.056 1.6196209179832946e-06
18450.056 1.4765082702925496e-06
18500.056 1.5084064101875534e-06
18550.056 1.4190679328793945e-06
18600.056 1.2002556204329583e-06
18650.056 1.396481104754538e-06
18700.056 1.495330930486252e-06
18750.056 1.4133943382123413e-06
18800.056 1.4678337504756717e-06
18850.056 1.6879483000618148e-06
18900.056 1.6389029618221246e-06
18950.056 1.6235991613829549e-06
19000.056 1.7535008993526349e-06
19050.056 1.7052740208269614e-06
19100.056 1.74028798481171e-06
19150.056 1.839106453651923e-06
19200.056 1.8046605990218932e-06
19250.056 1.7212959371493714e-06
19300.056 1.7888505634820808e-06
19350.056 1.7831249045571904e-06
19400.056 1.6193561619582026e-06
19450.056 1.8199134593003807e-06
19500.056 1.7818604825135945e-06
19550.056 1.5426881867578427e-06
19600.056 1.8189205713818823e-06
19650.056 1.7837241189084917e-06
19700.056 1.8015863308043158e-06
19750.056 1.6971840940063885e-06
19800.056 1.7555053392105779e-06
19850.056 1.7775853474175193e-06
19900.056 1.5968507981894742e-06
19950.056 1.8674442794561566e-06
20000.056 1.6425742474464095e-06
20050.056 1.7444070441411893e-06
20100.056 1.8802945154655733e-06
20150.056 1.8034897874060014e-06
20200.056 1.8686494811371717e-06
20250.056 1.987294745464185e-06
20300.056 1.9786070196879756e-06
20350.056 2.0236387501298236e-06
20400.056 2.002517847362932e-06
20450.056 2.198018793249833e-06
20500.056 2.139430993335388e-06
20550.056 2.2067653396201746e-06
20600.056 2.3757459600406146e-06
20650.056 2.3195538723109028e-06
20700.056 2.4178949347801256e-06
20750.056 2.4899485083194202e-06
20800.056 2.592138479770357e-06
20850.056 2.6020293945297784e-06
20900.056 2.7147739936896117e-06
20950.056 2.7694663107799923e-06
21000.056 2.9440301236998116e-06
21050.056 2.929230263710138e-06
21100.056 3.00811702982993e-06
21150.056 3.210043723840276e-06
21200.056 3.165996303810411e-06
21250.056 3.3496666459996106e-06
21300.056 3.2472298806098053e-06
21350.056 3.524162802000156e-06
21400.056 3.3847079265605322e-06
21450.056 3.754693769840045e-06
21500.056 3.5625363550003024e-06
21550.056 3.664353788669762e-06
21600.056 3.8060107633605093e-06
21650.056 3.767199731100553e-06
21700.056 4.0057540839198e-06
21750.056 3.916205812179863e-06
21800.056 3.910999254179794e-06
21850.056 3.968161396509726e-06
21900.056 4.099527751720665e-06
21950.056 4.042417909030414e-06
22000.056 4.237455328799855e-06
22050.056 4.0606701066992025e-06
22100.056 4.257893487539892e-06
22150.056 4.280018547130473e-06
22200.056 4.130973839681443e-06
22250.056 4.37648584254031e-06
22300.056 4.343676984949434e-06
22350.056 4.242154576350419e-06
22400.056 4.496768638760369e-06
22450.056 4.443399764869117e-06
22500.056 4.532003556479543e-06
22550.056 4.436037655068865e-06
22600.056 4.45739957347976e-06
22650.056 4.462839208811355e-06
22700.056 4.4632982226213e-06
22750.056 4.626185994729681e-06
22800.056 4.418602608140107e-06
22850.056 4.498598861390728e-06
22900.056 4.6860787446896744e-06
22950.056 3.30756926992054e-06
23000.056 3.786913134704362e-06
23050.056 3.928093409894196e-06
23100.056 3.7097911777775556e-06
23150.056 3.846976749469964e-06
23200.056 3.903373450671035e-06
23250.056 3.129591577024959e-06
23300.056 3.444117955525226e-06
23350.056 3.5232347352781613e-06
23400.056 3.3676151072941026e-06
23450.056 3.5365251105375578e-06
23500.056 3.3423563102490206e-06
23550.056 2.9664021198601038e-06
23600.056 3.0448923158459005e-06
23650.056 3.2595643307646896e-06
23700.056 3.264835424349899e-06
23750.056 3.1673598144114607e-06
23800.056 3.1361565981426247e-06
23850.056 2.6372362526013783e-06
23900.056 2.9315221352173797e-06
23950.056 3.0216581476712466e-06
24000.056 2.796382154102559e-06
24050.056 2.791590015367197e-06
24100.056 2.504474364409203e-06
24150.056 2.4254125151126413e-06
24200.056 2.472364642992891e-06
24250.056 2.3804534607826653e-06
24300.056 2.257134412660062e-06
24350.056 2.131990690969254e-06
24400.056 2.3430642927994912e-06
24450.056 2.0809642269357437e-06
24500.056 1.8917606532047494e-06
24550.056 1.8765339792018652e-06
24600.056 1.9229303657694297e-06
24650.056 2.077238549360706e-06
24700.056 1.736014634351897e-06
24750.056 1.6308721549648331e-06
24800.056 1.5577521569275293e-06
24850.056 1.8307288132798922e-06
24900.056 1.4065756878700869e-06
24950.056 1.7533645256986012e-06
25000.056 1.5289165884549875e-06
25050.056 1.2280819155223926e-06
25100.056 1.4741031591980724e-06
25150.056 1.2273676263311331e-06
25200.056 1.3443334852754371e-06
25250.056 1.2696265942416507e-06
25300.056 1.3738111031220634e-06
25350.056 1.1164935219610975e-06
25400.056 1.262291095101652e-06
25450.056 1.1256555638890597e-06
25500.056 1.2035782990764813e-06
25550.056 1.1098399514172924e-06
25600.056 1.1503760888882363e-06
25650.056 1.0262462451499961e-06
25700.056 1.2893905606593857e-06
25750.056 9.420770089961098e-07
25800.056 1.2439011668163647e-06
25850.056 1.0851715565667622e-06
25900.056 1.2281144863672603e-06
25950.056 1.065853394507852e-06
26000.056 1.2209353523403628e-06
26050.056 1.3386038837401704e-06
26100.056 1.2728063023900467e-06
26150.056 1.2932701911964417e-06
26200.056 1.2219552995420635e-06
26250.056 1.2212908123105477e-06
26300.056 1.2622020296011772e-06
26350.056 1.2296866049588129e-06
26400.056 1.2941403188363592e-06
26450.056 1.2849376427812216e-06
26500.056 1.3381643408382913e-06
26550.056 1.281009547786475e-06
26600.056 1.4926694231304135e-06
26650.056 1.148773357759781e-06
26700.056 1.1446114363459774e-06
26750.056 1.0498706188683755e-06
26800.056 1.1952723296164758e-06
26850.056 9.788864116599503e-07
26900.056 1.2691969051441893e-06
26950.056 8.849833265550242e-07
27000.056 1.19953481104842e-06
27050.056 9.928766756020296e-07
27100.056 1.0117737077677744e-06
27150.056 1.0855293833809548e-06
27200.056 1.0668114541575282e-06
27250.056 1.0086098694406425e-06
27300.056 1.1347286567048257e-06
27350.056 1.125328565075529e-06
27400.056 9.539160056540126e-07
27450.056 1.2565777662592594e-06
27500.056 1.1364768422017579e-06
27550.056 1.0910932874781403e-06
27600.056 1.278408995347668e-06
27650.056 9.779225600697492e-07
27700.056 9.675888751852339e-07
27750.056 1.2525413286890593e-06
27800.056 8.959550431697264e-07
27850.056 1.0345374003791236e-06
27900.056 1.0698705511202549e-06
27950.056 1.210081146069815e-06
28000.056 1.1766505162804869e-06
28050.056 8.92911156150295e-07
28100.056 1.281849911690671e-06
28150.056 1.0305527016500586e-06
28200.056 8.830910127801315e-07
28250.056 1.1139102205200882e-06
28300.056 1.2874985677101602e-06
28350.056 1.0467642271894982e-06
28400.056 1.059944424059954e-06
28450.056 1.0844637067096658e-06
28500.056 1.1274864401497511e-06
28550.056 8.429373853996135e-07
28600.056 1.291406281949956e-06
28650.056 1.208349911569686e-06
28700.056 1.0960603177495879e-06
28750.056 1.2332549808399995e-06
