galfind/configs/Brown_Dwarf_templates/sonora_cholla/logkzz7/31g/1000K_31g_logkzz7_resample.dat
# %ECSV 1.0
# ---
# datatype:
# - {name: wav, unit: Angstrom, datatype: float64}
# - {name: flux_nu, unit: erg / (cm2 Hz s), datatype: float64}
# schema: astropy-2.0
wav flux_nu
10000.000000000093 nan
10050.000000000093 1.2290497402447384e-07
10100.000000000093 1.486588139034944e-07
10150.000000000093 1.6100565373829707e-07
10200.000000000093 1.8350968207157965e-07
10250.000000000093 2.0155490498900292e-07
10300.000000000093 2.1034067252634867e-07
10350.000000000093 2.438085882678165e-07
10400.000000000093 2.7210757006803754e-07
10450.000000000093 2.7472824603192125e-07
10500.000000000093 2.640373861656011e-07
10550.000000000093 2.65077943335418e-07
10600.000000000093 2.7313169200309226e-07
10650.000000000093 2.97629074094423e-07
10700.000000000093 3.1352365505196504e-07
10750.000000000093 3.31193232301182e-07
10800.000000000093 3.3531700910661965e-07
10850.000000000093 3.4615398733385684e-07
10900.000000000093 2.5624211262907026e-07
10950.000000000093 1.4400628860049452e-07
11000.000000000093 1.2293016142527608e-07
11050.000000000093 9.802954896106887e-08
11100.000000000093 8.329413852338132e-08
11150.000000000093 6.179758803250952e-08
11200.000000000093 5.970270841351061e-08
11250.000000000093 7.38068721240151e-08
11300.000000000093 7.15796081865104e-08
11350.000000000093 3.669958391753239e-08
11400.000000000093 7.255635174926641e-08
11450.000000000093 5.433805067009265e-08
11500.000000000093 6.682793356929776e-08
11550.000000000093 4.811601043105765e-08
11600.000000000093 5.144242513887219e-08
11650.000000000093 5.7910737595578075e-08
11700.000000000093 6.589822453619658e-08
11750.000000000093 5.3698592636772244e-08
11800.000000000093 7.79059218224816e-08
11850.000000000093 1.0191508036195287e-07
11900.000000000093 1.0780372405639974e-07
11950.000000000093 1.492784213771038e-07
12000.000000000093 1.6653825899595125e-07
12050.000000000093 1.9780838551208564e-07
12100.000000000093 2.246479990153768e-07
12150.000000000093 2.412836675082734e-07
12200.000000000093 2.8338746270614967e-07
12250.000000000093 3.188815962912512e-07
12300.000000000093 3.457202951967359e-07
12350.000000000093 3.7240988900696203e-07
12400.000000000093 4.0536777235570556e-07
12450.000000000093 4.6774019207828717e-07
12500.000000000093 5.003655416083824e-07
12550.000000000093 5.277252117395721e-07
12600.000000000093 5.214215388349064e-07
12650.000000000093 5.195923418494204e-07
12700.000000000093 5.346738272208976e-07
12750.000000000093 5.065258959581127e-07
12800.000000000093 5.123267998984509e-07
12850.000000000093 4.541792232206697e-07
12900.000000000093 4.059246995611712e-07
12950.000000000093 4.278167539295483e-07
13000.000000000093 4.1347149959752266e-07
13050.000000000093 3.9628411236819134e-07
13100.000000000093 3.57621024721506e-07
13150.000000000093 3.016323020410331e-07
13200.000000000093 2.86992060328186e-07
13250.000000000093 2.2417625219371368e-07
13300.000000000093 1.210676565025456e-07
13350.000000000093 4.2456930014106154e-08
13400.000000000093 2.2943704717875056e-08
13450.000000000093 1.2948502005940979e-08
13500.000000000093 7.6628884354646e-09
13550.000000000093 6.382510420372371e-09
13600.000000000093 3.949847973210061e-09
13650.000000000093 9.86109886781769e-09
13700.000000000093 7.891915390991791e-09
13750.000000000093 9.115255552056916e-09
13800.000000000093 1.2506201581707853e-08
13850.000000000093 9.41749475019836e-09
13900.000000000093 1.0039543185547582e-08
13950.000000000093 8.856511803568993e-09
14000.000000000093 8.144491532961618e-09
14050.000000000093 1.0113299836043398e-08
14100.000000000093 7.607981098867037e-09
14150.000000000093 1.0426219083093082e-08
14200.000000000093 8.129131598366312e-09
14250.000000000093 8.286791184019337e-09
14300.000000000093 1.261249358666158e-08
14350.000000000093 1.1538324534123458e-08
14400.000000000093 1.4487472887499102e-08
14450.000000000093 1.5066282530272994e-08
14500.000000000093 2.6929717594317987e-08
14550.000000000093 2.696434592951629e-08
14600.000000000093 3.4461266070696466e-08
14650.000000000093 3.793719399091757e-08
14700.000000000093 2.5704031456999586e-08
14750.000000000093 3.572981190112308e-08
14800.000000000093 4.4864009424291274e-08
14850.000000000093 4.5197696647684016e-08
14900.000000000093 5.020663282170508e-08
14950.000000000093 5.655421905459707e-08
15000.000000000093 6.014501788853221e-08
15050.000000000093 7.513405578782039e-08
15100.000000000093 8.399585867966374e-08
15150.000000000093 9.130817581029427e-08
15200.000000000093 7.993239845637315e-08
15250.000000000093 9.993392545493427e-08
15300.000000000093 1.1730924069199043e-07
15350.000000000093 1.4008569814813607e-07
15400.000000000093 1.5340455631113222e-07
15450.000000000093 1.7477935149755794e-07
15500.000000000093 1.8488253057613092e-07
15550.000000000093 2.1475318536762588e-07
15600.000000000093 2.158414314460126e-07
15650.000000000093 2.3060748978844036e-07
15700.000000000093 2.7616587538654834e-07
15750.000000000093 3.005492876395113e-07
15800.000000000093 2.82424970998047e-07
15850.000000000093 3.163061214488375e-07
15900.000000000093 3.1566454359408606e-07
15950.000000000093 3.239067646364259e-07
16000.000000000093 3.2849167746477735e-07
16050.000000000093 3.1198160389665575e-07
16100.000000000093 3.020672213514641e-07
16150.000000000093 2.422974118687155e-07
16200.000000000093 2.094185365361841e-07
16250.000000000093 2.2012690897861714e-07
16300.000000000093 2.0124150384078676e-07
16350.000000000093 2.0978185417099127e-07
16400.000000000095 2.313869179391536e-07
16450.000000000095 2.4405797208768515e-07
16500.000000000095 2.523403795393328e-07
16550.000000000095 2.4030801707630207e-07
16600.000000000095 2.3116221201837706e-07
16650.000000000095 2.0238996187059022e-07
16700.000000000095 1.349248348160869e-07
16750.000000000095 1.6038695772904477e-07
16800.000000000095 2.0755426465758975e-07
16850.000000000095 1.9788469214762357e-07
16900.000000000095 1.8463609761864856e-07
16950.000000000095 1.6953044216215853e-07
17000.000000000095 1.533082180434245e-07
17050.000000000095 1.7461981457458496e-07
17100.000000000095 1.7813751111699897e-07
17150.000000000095 1.4980108614504275e-07
17200.000000000095 1.6344273847793868e-07
17250.000000000095 1.4082921583353475e-07
17300.000000000095 1.2419491513722007e-07
17350.000000000095 1.2252689283610456e-07
17400.000000000095 1.1525302067181293e-07
17450.000000000095 1.1321312506009623e-07
17500.000000000095 1.1865530145480814e-07
17550.000000000095 9.883075241643088e-08
17600.000000000095 9.35257770942081e-08
17650.000000000095 9.072733633054269e-08
17700.000000000095 6.197521377917886e-08
17750.000000000095 5.534465232862128e-08
17800.000000000095 7.028201912840156e-08
17850.000000000095 4.44693877934914e-08
17900.000000000095 5.3220402238518924e-08
17950.000000000095 3.8838502575205286e-08
18000.000000000095 4.191419619754796e-08
18050.000000000095 3.833931633084967e-08
18100.000000000095 3.184635700164511e-08
18150.000000000095 4.755591020914442e-08
18200.000000000095 2.836376694955812e-08
18250.000000000095 5.768211832539593e-08
18300.000000000095 3.606650043472327e-08
18350.000000000095 3.2153279700490056e-08
18400.000000000095 2.8181526777598005e-08
18450.000000000095 3.239974741794329e-08
18500.000000000095 3.764344998828147e-08
18550.000000000095 2.82347854027179e-08
18600.000000000095 2.3339859827055603e-08
18650.000000000095 2.164961103106568e-08
18700.000000000095 2.172174910109983e-08
18750.000000000095 2.4766714948338893e-08
18800.000000000095 4.51819392175025e-08
18850.000000000095 5.219536998930356e-08
18900.000000000095 4.8548343793025404e-08
18950.000000000095 6.899546012054838e-08
19000.000000000095 4.9695087673754604e-08
19050.000000000095 3.897462279399882e-08
19100.000000000095 6.406098766286701e-08
19150.000000000095 5.105965724282395e-08
19200.000000000095 5.5569946479992425e-08
19250.000000000095 5.0309693041567834e-08
19300.000000000095 4.339137165101079e-08
19350.000000000095 4.038287633271569e-08
19400.000000000095 2.6166668676358553e-08
19450.000000000095 4.6645317680338634e-08
19500.000000000095 4.1713953964867466e-08
19550.000000000095 3.39976372043901e-08
19600.000000000095 4.722868960188579e-08
19650.000000000095 5.046529887650642e-08
19700.000000000095 5.267378290648232e-08
19750.000000000095 5.400116661831356e-08
19800.000000000095 6.262985855905388e-08
19850.000000000095 7.272746153645665e-08
19900.000000000095 5.2872980844259106e-08
19950.000000000095 8.249322880941747e-08
20000.000000000095 8.32293127489772e-08
20050.000000000095 8.682539988755098e-08
20100.000000000095 9.456942598031417e-08
20150.000000000095 8.821701616770378e-08
20200.000000000095 1.0714278794176116e-07
20250.000000000095 1.212859199696143e-07
20300.000000000095 1.068223379630776e-07
20350.000000000095 1.2264668718035478e-07
20400.000000000095 1.2154372205959186e-07
20450.000000000095 1.4801913924392e-07
20500.000000000095 1.4964414174471014e-07
20550.000000000095 1.4229373238135766e-07
20600.000000000095 1.692259153520232e-07
20650.000000000095 1.562799091857564e-07
20700.000000000095 1.613898112673767e-07
20750.000000000095 1.8214004787771923e-07
20800.000000000095 1.781414564005392e-07
20850.000000000095 1.7811159725333482e-07
20900.000000000095 1.8865653550632369e-07
20950.000000000095 1.7629779893017658e-07
21000.000000000095 1.9139024404793035e-07
21050.000000000095 1.8179454169683479e-07
21100.000000000095 1.8410086428865792e-07
21150.000000000095 1.8362081936830708e-07
21200.000000000095 1.7625895242167037e-07
21250.000000000095 1.832266284618097e-07
21300.000000000095 1.6644130053214303e-07
21350.000000000095 1.7725126189157036e-07
21400.000000000095 1.597936723858115e-07
21450.000000000095 1.6177611300481445e-07
21500.000000000095 1.630779080917547e-07
21550.000000000095 1.5410863442770086e-07
21600.000000000095 1.530017584628638e-07
21650.000000000095 1.3723547074546304e-07
21700.000000000095 1.4882663927534272e-07
21750.000000000095 1.3727875884133524e-07
21800.000000000095 1.281546443883215e-07
21850.000000000095 1.1710372596338794e-07
21900.000000000095 1.1470749336824848e-07
21950.000000000095 7.390908183798838e-08
22000.000000000095 5.551058950113163e-08
22050.000000000095 4.395264013382604e-08
22100.000000000095 6.181024938592535e-08
22150.000000000095 7.063166918160442e-08
22200.000000000095 6.875348407967748e-08
22250.000000000095 6.266866805546609e-08
22300.000000000095 6.289183624163037e-08
22350.000000000095 5.929506545151968e-08
22400.000000000095 5.332909859797119e-08
22450.000000000095 4.589560638503395e-08
22500.000000000095 5.0406165197882174e-08
22550.000000000095 3.4188629000194785e-08
22600.000000000095 4.228625147386041e-08
22650.000000000095 4.114230343403197e-08
22700.000000000095 3.913450001320092e-08
22750.000000000095 4.1761521920191e-08
22800.000000000095 3.7653111194713186e-08
22850.000000000095 3.421837945702678e-08
22900.000000000095 3.1025818286724184e-08
22950.000000000095 3.029283597051107e-08
23000.000000000095 2.1993684595465912e-08
23050.000000000095 3.038266873644152e-08
23100.000000000095 3.9644506781747363e-08
23150.000000000095 3.7842306796741e-08
23200.000000000095 2.1110626101716348e-08
23250.000000000095 2.1009815576785012e-08
23300.000000000095 2.1139698023781528e-08
23350.000000000095 1.8406945816741788e-08
23400.000000000095 2.5270295539739507e-08
23450.000000000095 2.3716044642367115e-08
23500.000000000095 2.352156952516889e-08
23550.000000000095 3.118521971942641e-08
23600.000000000095 3.061919470760053e-08
23650.000000000095 3.667592483865961e-08
23700.000000000095 2.4224023754428142e-08
23750.000000000095 2.1790733797546765e-08
23800.000000000095 2.5747206079560837e-08
23850.000000000095 2.531148514065932e-08
23900.000000000095 3.77835898916771e-08
23950.000000000095 3.8083998096721195e-08
24000.000000000095 4.9785954975385675e-08
24050.000000000095 5.1141722767452163e-08
24100.000000000095 4.163793703011275e-08
24150.000000000095 4.3271965505322145e-08
24200.000000000095 4.779510298425276e-08
24250.000000000095 4.5493754779119564e-08
24300.000000000095 4.686476552635755e-08
24350.000000000095 4.266836374498611e-08
24400.000000000095 6.379990369111931e-08
24450.000000000095 5.002102826154104e-08
24500.000000000095 5.677783602943656e-08
24550.000000000095 5.26908853465465e-08
24600.000000000095 6.089930529077625e-08
24650.000000000095 6.536868401385797e-08
24700.000000000095 4.999046203161922e-08
24750.000000000095 4.639481067862625e-08
24800.000000000095 4.8059220728410864e-08
24850.000000000095 6.584226497458697e-08
24900.000000000095 3.265308685063495e-08
24950.000000000095 5.645523466614868e-08
25000.000000000095 5.1763645513437977e-08
25050.000000000095 3.695887634195891e-08
25100.000000000095 4.733333660786064e-08
25150.000000000095 2.9561304192069333e-08
25200.000000000095 3.947561999890012e-08
25250.000000000095 2.458509046978574e-08
25300.000000000095 3.72912105024471e-08
25350.000000000095 1.8149979364252957e-08
25400.000000000095 3.475130540491835e-08
25450.000000000095 2.241507037511554e-08
25500.000000000095 2.1435823601056526e-08
25550.000000000095 2.876235409763748e-08
25600.000000000095 2.1555474346426595e-08
25650.000000000095 1.593402935111861e-08
25700.000000000095 3.0784910036251004e-08
25750.000000000095 1.46516603686618e-08
25800.000000000095 3.242219376862817e-08
25850.000000000095 1.4614451945287867e-08
25900.000000000095 2.1228070275270993e-08
25950.000000000095 1.2374788356649072e-08
26000.000000000095 3.056836849773296e-08
26050.000000000095 1.9825609510413537e-08
26100.000000000095 3.319105961383108e-08
26150.000000000095 2.6459133174871247e-08
26200.000000000095 3.09541232772897e-08
26250.000000000095 4.140419903282444e-08
26300.000000000095 2.774340023115632e-08
26350.000000000095 4.8603209658632464e-08
26400.000000000095 6.006077089306875e-08
26450.000000000095 5.142182213790372e-08
26500.000000000095 4.588083974621836e-08
26550.000000000095 3.4704162524075275e-08
26600.000000000095 4.294258230617023e-08
26650.000000000095 1.921783753624376e-08
26700.000000000095 1.3141611848407e-08
26750.000000000095 1.1810823812287949e-08
26800.000000000095 1.7765880529189687e-08
26850.000000000095 1.1715826792009179e-08
26900.000000000095 2.603497588703608e-08
26950.000000000095 1.255831393538274e-08
27000.000000000095 3.362588591217208e-08
27050.000000000095 2.9250022413167208e-08
27100.000000000095 1.954742805555709e-08
27150.000000000095 4.10317152682576e-08
27200.000000000095 1.95679935662659e-08
27250.000000000095 2.605775786580844e-08
27300.000000000095 6.213845910076277e-08
27350.000000000095 4.316717284085163e-08
27400.000000000095 1.128637641197891e-08
27450.000000000095 5.3540951529739716e-08
27500.000000000095 5.248071862681523e-08
27550.000000000095 2.6629919277110622e-08
27600.000000000095 4.7685573685803866e-08
27650.000000000095 2.1544710392028403e-08
27700.000000000095 1.6368201139426956e-08
27750.000000000095 4.578267195928123e-08
27800.000000000095 2.2693276541551897e-08
27850.000000000095 2.6182783098065306e-08
27900.000000000095 3.363243822420479e-08
27950.000000000095 3.9022094800577274e-08
28000.000000000095 4.288503575285389e-08
28050.000000000095 1.7716651483642496e-08
28100.000000000095 5.424147642794084e-08
28150.000000000095 3.989410335730934e-08
28200.000000000095 1.598993771513824e-08
28250.000000000095 5.4222133336323604e-08
28300.000000000095 7.657917240348726e-08
28350.000000000095 2.0800321701545844e-08
28400.000000000095 4.866958973959509e-08
28450.000000000095 5.468438113025886e-08
28500.000000000095 4.5931851037901296e-08
28550.000000000095 1.816376833833592e-08
28600.000000000095 5.602733315708571e-08
28650.000000000095 5.614565572784552e-08
28700.000000000095 4.677813000611817e-08
28750.000000000095 6.921390014497048e-08
28800.000000000095 5.55285148173827e-08
28850.000000000095 7.856384711579212e-08
28900.000000000095 3.3549607631395706e-08
28950.000000000095 8.022217578565228e-08
29000.000000000095 5.1984254194284985e-08
29050.000000000095 6.327375933020907e-08
29100.000000000095 3.822843533009222e-08
29150.000000000095 8.369229709566627e-08
29200.000000000095 5.627651257237078e-08
29250.000000000095 8.346037900112713e-08
29300.000000000095 4.8284815039776286e-08
