galfind/configs/Brown_Dwarf_templates/sonora_cholla/logkzz7/31g/1000K_31g_logkzz7_resample.dat
# %ECSV 1.0
# ---
# datatype:
# - {name: wav, unit: Angstrom, datatype: float64}
# - {name: flux_nu, unit: erg / (cm2 Hz s), datatype: float64}
# schema: astropy-2.0
wav flux_nu
[from data line 388]
29400.000000000095 8.127850427854067e-08
29450.000000000095 8.363256082248484e-08
29500.000000000095 8.81200029486376e-08
29550.000000000095 7.154202178699866e-08
29600.000000000095 1.0803397571412136e-07
29650.000000000095 9.086420394426871e-08
29700.000000000095 7.652655817664047e-08
29750.000000000095 9.28336208460203e-08
29800.000000000095 1.2016487598478625e-07
29850.000000000095 1.2415548151340002e-07
29900.000000000095 1.0988096837900518e-07
29950.000000000095 9.610072673358153e-08
30000.000000000095 1.0041435441799168e-07
30050.000000000095 8.815353247312056e-08
30100.000000000095 1.042780724637895e-07
30150.000000000095 1.2916394900879583e-07
30200.000000000095 1.0171845379228627e-07
30250.000000000095 1.5157966909445204e-07
30300.000000000095 1.2765391484565214e-07
30350.000000000095 1.0188680554318887e-07
30400.000000000095 1.4440241832693633e-07
30450.000000000095 1.128451595920744e-07
30500.000000000095 1.0722618911893418e-07
30550.000000000095 1.2534629947847252e-07
30600.000000000095 1.4097629330459004e-07
30650.000000000095 1.3694381986893147e-07
30700.000000000095 1.1654515974903937e-07
30750.000000000095 1.1302779689120835e-07
30800.000000000095 1.0507969450546653e-07
30850.000000000095 1.1165625585646994e-07
30900.000000000095 1.1302765195791024e-07
30950.000000000095 6.892010608398672e-08
31000.000000000095 1.0097708199984346e-07
31050.000000000095 9.69444930964503e-08
31100.000000000095 6.673313993648442e-08
31150.000000000095 8.664566775651263e-08
31200.000000000095 8.730713579097971e-08
31250.000000000095 7.573134794990145e-08
31300.000000000095 7.331850042856374e-08
31350.000000000095 6.841096659957819e-08
31400.000000000095 4.8008474537812804e-08
31450.000000000095 7.024359048378234e-08
31500.000000000095 5.3421504383476215e-08
31550.000000000095 6.889719181783424e-08
31600.000000000095 4.658515202053535e-08
31650.000000000095 5.196310479293768e-08
31700.000000000095 5.304190715869249e-08
31750.000000000095 4.261758152667396e-08
31800.000000000095 5.212287942208143e-08
31850.000000000095 4.6674125657544763e-08
31900.000000000095 4.240009352813217e-08
31950.000000000095 4.427818954364863e-08
32000.000000000095 4.158545731907743e-08
32050.000000000095 3.413475850974361e-08
32100.000000000095 3.252656725745546e-08
32150.000000000095 4.195526334235043e-08
32200.000000000095 3.440581863633004e-08
32250.000000000095 4.481565193334934e-08
32300.000000000095 2.8258626335725203e-08
32350.000000000095 5.910784651489977e-08
32400.000000000095 4.1068870804380365e-08
32450.000000000095 5.395217651769926e-08
32500.000000000095 4.140782629047284e-08
32550.000000000095 5.505561977082094e-08
32600.000000000095 5.886998272499152e-08
32650.000000000095 7.328333052541183e-08
32700.000000000095 5.455773047952281e-08
32750.000000000095 8.45760650381263e-08
32800.000000000095 5.506095608931638e-08
32850.000000000095 8.175285487048405e-08
32900.000000000095 9.228350199151464e-08
32950.000000000095 8.869681619198662e-08
33000.000000000095 7.836082152011602e-08
33050.000000000095 7.929683674981675e-08
33100.000000000095 4.134871174450727e-08
33150.000000000095 1.1361241203000727e-08
33200.000000000095 1.2455368283801019e-08
33250.000000000095 6.369027147309459e-09
33300.000000000095 6.829622658693828e-09
33350.000000000095 1.425714692294265e-08
33400.000000000095 2.114424269168798e-08
33450.000000000095 2.7951835666301158e-08
33500.000000000095 3.761818003631867e-08
33550.000000000095 3.6885855134581366e-08
33600.000000000095 5.5992022934026516e-08
33650.000000000095 5.6269630885003775e-08
33700.000000000095 5.23998982988234e-08
33750.000000000095 6.937676338900058e-08
33800.000000000095 5.4053697929773006e-08
33850.000000000095 7.132528546449078e-08
33900.000000000095 6.349150671100023e-08
33950.000000000095 6.899441523361142e-08
34000.000000000095 7.210944876447245e-08
34050.000000000095 3.78631835587284e-08
34100.000000000095 7.085563285108306e-08
34150.000000000095 5.514632062540663e-08
34200.000000000095 6.925641811795172e-08
34250.000000000095 5.645504724667737e-08
34300.000000000095 4.4911767937272384e-08
34350.000000000095 5.8298921588131784e-08
34400.000000000095 5.479809792966303e-08
34450.000000000095 7.422209213823475e-08
34500.000000000095 6.378389112751481e-08
34550.000000000095 4.356516579630586e-08
34600.000000000095 7.682966942490533e-08
34650.000000000095 5.1081169164486066e-08
34700.000000000095 5.6058132657254064e-08
34750.000000000095 5.3082261014209976e-08
34800.000000000095 3.873518303675342e-08
34850.000000000095 6.018986232879429e-08
34900.000000000095 7.165789089236385e-08
34950.000000000095 5.748989116012996e-08
35000.000000000095 7.92314073211283e-08
35050.000000000095 6.434929919851043e-08
35100.000000000095 7.957525082035976e-08
35150.000000000095 7.620343782329903e-08
35200.000000000095 1.067796080543785e-07
35250.000000000095 1.0240723126999414e-07
35300.000000000095 7.036426658177602e-08
35350.000000000095 1.0304560979776175e-07
35400.000000000095 9.485961156824696e-08
35450.000000000095 8.242776763076618e-08
35500.000000000095 1.3682406711447736e-07
35550.000000000095 1.1874775455288464e-07
35600.000000000095 1.202239601001094e-07
35650.000000000095 1.1962381266741743e-07
35700.000000000095 8.523829496922176e-08
35750.000000000095 1.4289398362664122e-07
35800.000000000095 1.3527328035303474e-07
35850.000000000095 9.55827256428601e-08
35900.000000000095 1.5043558412037086e-07
35950.000000000095 1.4008193049747657e-07
36000.000000000095 1.0614393875471853e-07
36050.000000000095 1.4855693344374774e-07
36100.000000000095 1.3949340906258535e-07
36150.000000000095 1.5151325365365435e-07
36200.000000000095 1.5235184505492768e-07
36250.000000000095 1.577846879195607e-07
36300.000000000095 1.764892285715571e-07
36350.000000000095 1.8870474689698637e-07
36400.000000000095 2.1858507145056543e-07
36450.000000000095 2.130099762082778e-07
36500.000000000095 2.1662703743679575e-07
36550.000000000095 2.123916949707942e-07
36600.000000000095 2.5029966643841686e-07
36650.000000000095 2.616246386804073e-07
36700.000000000095 2.8313377558423616e-07
36750.000000000095 3.035658204862896e-07
36800.000000000095 2.780735909253414e-07
36850.000000000095 2.663813534440479e-07
36900.000000000095 2.724384607433999e-07
36950.000000000095 3.042532503630407e-07
37000.000000000095 2.8375553993806544e-07
37050.000000000095 3.0789213423032853e-07
37100.000000000095 3.2783617138923767e-07
37150.000000000095 3.3755867321720547e-07
37200.000000000095 3.4013410044180896e-07
37250.000000000095 2.9857462568360466e-07
37300.000000000095 3.146546271557133e-07
37350.000000000095 3.2473013349972983e-07
37400.000000000095 3.9185954732389493e-07
37450.000000000095 3.6460727069241325e-07
37500.000000000095 3.197262451330332e-07
37550.000000000095 4.15498690645266e-07
37600.000000000095 4.4433432282224005e-07
37650.000000000095 3.6326424156650746e-07
37700.000000000095 4.009494508614665e-07
37750.000000000095 3.3713413758347634e-07
37800.000000000095 3.862467835341363e-07
37850.000000000095 3.3764111206670205e-07
37900.000000000095 3.902076401271439e-07
37950.000000000095 4.371482778258896e-07
38000.000000000095 4.827431363266777e-07
38050.000000000095 4.286223674175518e-07
38100.000000000095 4.5752946483604556e-07
38150.000000000095 4.658830168418296e-07
38200.000000000095 5.142697664506607e-07
38250.000000000095 4.6689702162024895e-07
38300.000000000095 5.254741358731294e-07
38350.000000000095 5.559950106638881e-07
38400.000000000095 4.2493334446109587e-07
38450.000000000095 4.952822668198219e-07
38500.000000000095 4.3294268480431766e-07
38550.000000000095 4.841778753703395e-07
38600.000000000095 5.074716681367012e-07
38650.000000000095 5.927038307104714e-07
38700.000000000095 5.638402879868034e-07
38750.000000000095 5.498163181378626e-07
38800.000000000095 5.231219267403086e-07
38850.000000000095 5.925751253157984e-07
38900.000000000095 5.788653250837336e-07
38950.000000000095 5.657659722036581e-07
39000.000000000095 6.385136726178763e-07
39050.000000000095 5.917989976055135e-07
39100.000000000095 5.580226989204563e-07
39150.000000000095 5.908982710640342e-07
39200.000000000095 5.611821131958007e-07
39250.000000000095 6.460518255534094e-07
39300.000000000095 6.285115937036127e-07
39350.000000000095 7.00219960189522e-07
39400.000000000095 7.055192757286482e-07
39450.000000000095 7.024997055722999e-07
39500.000000000095 5.837271745513755e-07
39550.000000000095 6.41747056553014e-07
39600.000000000095 6.698281740338435e-07
39650.000000000095 7.308976608421725e-07
39700.000000000095 6.5690999736505e-07
39750.000000000095 5.880872291051005e-07
39800.000000000095 6.880861744299095e-07
39850.000000000095 6.911148721499007e-07
39900.000000000095 6.858040415577949e-07
39950.000000000095 6.900946863389375e-07
40000.000000000095 6.840166749825288e-07
40050.000000000095 7.368218353270622e-07
40100.000000000095 6.859457866083728e-07
40150.000000000095 8.089712510869694e-07
40200.000000000095 8.231922930770075e-07
40250.000000000095 6.617029374427733e-07
40300.000000000095 7.299009808695184e-07
40350.000000000095 6.930647442066396e-07
40400.000000000095 7.631982987932258e-07
40450.000000000095 7.29505582054457e-07
40500.000000000095 6.662245161001545e-07
40550.000000000095 7.531067869435853e-07
40600.000000000095 6.459202884707298e-07
40650.000000000095 8.001928825419971e-07
40700.000000000095 8.79681939653453e-07
40750.000000000095 7.43065409552228e-07
40800.000000000095 6.497246402704324e-07
40850.000000000095 7.535125179506811e-07
40900.000000000095 6.587725893127927e-07
40950.000000000095 6.915642013030586e-07
41000.000000000095 7.239695716458311e-07
41050.000000000095 7.805536375123377e-07
41100.000000000095 6.587967345178619e-07
41150.000000000095 6.195932887480103e-07
41200.000000000095 7.36569103499898e-07
41250.000000000095 7.4730002987312e-07
41300.000000000095 5.581112025203747e-07
41350.000000000095 7.712295830559066e-07
41400.000000000095 7.189248222989622e-07
41450.000000000095 7.310492224272068e-07
41500.000000000095 7.126731159347233e-07
41550.000000000095 6.470355833965633e-07
41600.000000000095 7.038441596197208e-07
41650.000000000095 6.333731780077001e-07
41700.000000000095 6.215995699920778e-07
41750.000000000095 4.946503727624107e-07
41800.000000000095 6.707299675038806e-07
41850.000000000095 3.622026126408923e-07
41900.000000000095 5.402965519970498e-07
41950.000000000095 5.026957036058819e-07
42000.000000000095 4.911068134974311e-07
42050.000000000095 3.6773588764161136e-07
42100.000000000095 4.073047092620262e-07
42150.000000000095 2.9379900331327496e-07
42200.000000000095 3.7071879141739087e-07
42250.000000000095 2.9247568122401294e-07
42300.000000000095 3.231485028491415e-07
42350.000000000095 3.1384168045595055e-07
42400.000000000095 2.596921848141759e-07
42450.000000000095 2.0171201427668037e-07
42500.000000000095 2.6169747623312827e-07
42550.000000000095 2.786647519296418e-07
42600.000000000095 3.0667605523907587e-07
42650.000000000095 3.219722040117143e-07
42700.000000000095 2.828255509770468e-07
42750.000000000095 2.931653020315747e-07
42800.000000000095 2.435271498639124e-07
42850.000000000095 2.8323947412332835e-07
42900.000000000095 2.831852580350667e-07
42950.000000000095 2.528019514653536e-07
43000.000000000095 2.9701028940060246e-07
43050.000000000095 2.1266549382102495e-07
43100.000000000095 2.9868757219338897e-07
43150.000000000095 3.0568018116953766e-07
43200.000000000095 3.0687010908151143e-07
43250.000000000095 2.22860271588466e-07
43300.000000000095 3.406904440022556e-07
43350.000000000095 2.79418656219445e-07
43400.000000000095 3.524025997715913e-07
43450.000000000095 2.2028517532895132e-07
43500.000000000095 2.2571432596491388e-07
43550.000000000095 2.2281098137855446e-07
43600.000000000095 3.174664177123427e-07
43650.000000000095 1.9834326805147214e-07
43700.000000000095 3.068017772994411e-07
43750.000000000095 2.7628399962014145e-07
43800.000000000095 2.3376424917742212e-07
43850.000000000095 2.956056718048637e-07
43900.000000000095 1.7182585876808096e-07
43950.000000000095 2.4100118111054034e-07
44000.000000000095 1.7072866250893205e-07
44050.000000000095 2.323065059651388e-07
44100.000000000095 2.3373264850423677e-07
44150.000000000095 2.518940993231396e-07
44200.000000000095 2.0524461309885127e-07
44250.000000000095 1.9613603792123727e-07
44300.000000000095 1.764026387742477e-07
44350.000000000095 1.4774006373215205e-07
44400.000000000095 1.655208316536178e-07
44450.000000000095 1.6085924189686757e-07
44500.000000000095 1.2426084153320942e-07
44550.000000000095 1.4197280870770078e-07
44600.000000000095 1.157963110976241e-07
44650.000000000095 1.3339705082510023e-07
44700.000000000095 1.2515542396439443e-07
44750.000000000095 1.2905926933790284e-07
44800.000000000095 1.1990662686662496e-07
44850.000000000095 1.0770197512803085e-07
44900.000000000095 8.956634406226188e-08
44950.000000000095 8.919543095035835e-08
45000.000000000095 8.924276322305932e-08
45050.000000000095 9.456600829741901e-08
45100.000000000095 8.473993386586106e-08
45150.000000000095 8.036534345480693e-08
45200.000000000095 6.54583693763228e-08
45250.000000000095 6.922977503271218e-08
45300.000000000095 7.876024871031726e-08
45350.000000000095 7.921940405686778e-08
45400.000000000095 5.911473568818381e-08
45450.000000000095 5.9370215742296285e-08
45500.000000000095 6.115708415940264e-08
45550.000000000095 7.455428129859705e-08
45600.000000000095 5.7300997028746214e-08
45650.000000000095 5.848650030021148e-08
45700.000000000095 7.59819983826607e-08
45750.000000000095 6.373839785077961e-08
45800.000000000095 5.369854482543181e-08
45850.000000000095 7.932302097898849e-08
45900.000000000095 7.675560410170492e-08
45950.000000000095 5.516776180692306e-08
46000.000000000095 7.302911762150256e-08
46050.000000000095 8.024678675181969e-08
46100.000000000095 5.6045376383279984e-08
46150.000000000095 8.105666643301252e-08
46200.000000000095 7.726218219187731e-08
46250.000000000095 4.252979081587134e-08
46300.000000000095 8.881065065357502e-08
46350.000000000095 6.407614066996922e-08
46400.000000000095 7.768959744832278e-08
46450.000000000095 1.0418269509813346e-07
46500.000000000095 7.576928565204763e-08
46550.000000000095 1.1137862580729107e-07
46600.000000000095 1.1426988007303055e-07
46650.000000000095 1.7775014342107167e-07
46700.000000000095 1.3062079436163824e-07
46750.000000000095 1.0243559477226114e-07
46800.000000000095 8.513506714930239e-08
46850.000000000095 1.0312487257268742e-07
46900.000000000095 8.948343614689071e-08
46950.000000000095 1.2250596443973377e-07
47000.000000000095 6.979188758548358e-08
47050.000000000095 1.2930477572505444e-07
47100.000000000095 6.703123180183285e-08
47150.000000000095 8.069878402540608e-08
47200.000000000095 9.253240125851672e-08
47250.000000000095 6.8786304755338e-08
47300.000000000095 8.442037261814389e-08
47350.000000000095 6.011483814434073e-08
47400.000000000095 1.0571218458924598e-07
47450.000000000095 6.075222372410097e-08
47500.000000000095 1.1454723158600985e-07
47550.000000000095 6.380789101052816e-08
47600.000000000095 1.0978251678913487e-07
47650.000000000095 6.703790500500066e-08
47700.000000000095 1.0223420145699749e-07
47750.000000000095 5.998969243475384e-08
47800.000000000095 1.0326315929773069e-07
47850.000000000095 5.5722512783646744e-08
47900.000000000095 9.699665202216951e-08
47950.000000000095 7.121032982630861e-08
48000.000000000095 1.2321604892838228e-07
48050.000000000095 8.263256757696917e-08
48100.000000000095 1.1747517326166338e-07
48150.000000000095 8.056140031639661e-08
48200.000000000095 1.1969660140246704e-07
48250.000000000095 9.067192187098424e-08
48300.000000000095 1.4489410288918334e-07
48350.000000000095 8.2605457270431e-08
48400.000000000095 1.1892821502234394e-07
48450.000000000095 7.579646094086439e-08
48500.000000000095 1.4461864089731367e-07
48550.000000000095 7.420643899692236e-08
48600.000000000095 1.360160720355902e-07
48650.000000000095 7.692409562759046e-08
48700.000000000095 1.4920504971144336e-07
