galfind/configs/Brown_Dwarf_templates/sonora_cholla/logkzz7/31g/1050K_31g_logkzz7_resample.dat
# %ECSV 1.0
# ---
# datatype:
# - {name: wav, unit: Angstrom, datatype: float64}
# - {name: flux_nu, unit: erg / (cm2 Hz s), datatype: float64}
# schema: astropy-2.0
wav flux_nu
10000.000000000093 nan
10050.000000000093 1.389580127598299e-07
10100.000000000093 1.6725658009081444e-07
10150.000000000093 1.7984376491814546e-07
10200.000000000093 2.036252129503766e-07
10250.000000000093 2.2199785490560877e-07
10300.000000000093 2.29260656352583e-07
10350.000000000093 2.64884180768938e-07
10400.000000000093 2.9542032239832157e-07
10450.000000000093 2.9658891832916593e-07
10500.000000000093 2.812779063831759e-07
10550.000000000093 2.803814801414612e-07
10600.000000000093 2.8931643957071825e-07
10650.000000000093 3.170389575893189e-07
10700.000000000093 3.3591509383307124e-07
10750.000000000093 3.568333881756456e-07
10800.000000000093 3.6464422411666734e-07
10850.000000000093 3.8184584326369936e-07
10900.000000000093 2.9144986997430206e-07
10950.000000000093 1.7247334750578243e-07
11000.000000000093 1.508422707485781e-07
11050.000000000093 1.2232026972990877e-07
11100.000000000093 1.0745016762539304e-07
11150.000000000093 8.229801339572291e-08
11200.000000000093 7.998248901556403e-08
11250.000000000093 9.858126152225018e-08
11300.000000000093 9.482810243633005e-08
11350.000000000093 5.05007009227335e-08
11400.000000000093 9.619310024729627e-08
11450.000000000093 7.305290596069799e-08
11500.000000000093 9.213216515331645e-08
11550.000000000093 7.009414381995696e-08
11600.000000000093 7.449383311256999e-08
11650.000000000093 8.087225961103511e-08
11700.000000000093 9.105968726112641e-08
11750.000000000093 8.026164841856291e-08
11800.000000000093 1.0596495319341649e-07
11850.000000000093 1.3342025134614017e-07
11900.000000000093 1.399290791011012e-07
11950.000000000093 1.8897973838533518e-07
12000.000000000093 2.0561778940513285e-07
12050.000000000093 2.414002191730433e-07
12100.000000000093 2.6981963401508975e-07
12150.000000000093 2.8678335781075646e-07
12200.000000000093 3.3427914722342953e-07
12250.000000000093 3.729703920919818e-07
12300.000000000093 4.003139764583199e-07
12350.000000000093 4.2998380392390804e-07
12400.000000000093 4.607358843185393e-07
12450.000000000093 5.275165020503162e-07
12500.000000000093 5.628296291713516e-07
12550.000000000093 5.917746564593458e-07
12600.000000000093 5.871484609435775e-07
12650.000000000093 5.864275063013937e-07
12700.000000000093 6.074479424079374e-07
12750.000000000093 5.767853830008532e-07
12800.000000000093 5.870330286083509e-07
12850.000000000093 5.270400386841044e-07
12900.000000000093 4.7558802096300785e-07
12950.000000000093 5.05662410469103e-07
13000.000000000093 4.90410802157894e-07
13050.000000000093 4.7571756120118903e-07
13100.000000000093 4.314729516711701e-07
13150.000000000093 3.717129874455141e-07
13200.000000000093 3.5569753405523903e-07
13250.000000000093 2.827121308774814e-07
13300.000000000093 1.5714520536613677e-07
13350.000000000093 5.709496400587692e-08
13400.000000000093 3.12300853948238e-08
13450.000000000093 1.824612117352883e-08
13500.000000000093 1.103953949639673e-08
13550.000000000093 9.446201242924528e-09
13600.000000000093 6.18150782733523e-09
13650.000000000093 1.4502639178348192e-08
13700.000000000093 1.1854098874476394e-08
13750.000000000093 1.3260288990520696e-08
13800.000000000093 1.846326341508174e-08
13850.000000000093 1.3985885385381583e-08
13900.000000000093 1.4983765437855697e-08
13950.000000000093 1.3206262314263183e-08
14000.000000000093 1.2006998133119795e-08
14050.000000000093 1.4723566439410288e-08
14100.000000000093 1.0902463193790012e-08
14150.000000000093 1.4582677597492078e-08
14200.000000000093 1.162105657574859e-08
14250.000000000093 1.1625195561012421e-08
14300.000000000093 1.691216195128265e-08
14350.000000000093 1.553637815625526e-08
14400.000000000093 1.957390211675592e-08
14450.000000000093 2.0068069287945367e-08
14500.000000000093 3.495493710431383e-08
14550.000000000093 3.486636834826163e-08
14600.000000000093 4.3892352874054814e-08
14650.000000000093 4.8390628345219944e-08
14700.000000000093 3.3322475586847774e-08
14750.000000000093 4.5624244939004966e-08
14800.000000000093 5.662205271596558e-08
14850.000000000093 5.683396844307931e-08
14900.000000000093 6.306676109799279e-08
14950.000000000093 7.001577113061705e-08
15000.000000000093 7.396756009390865e-08
15050.000000000093 9.283605010871773e-08
15100.000000000093 1.0270705927509242e-07
15150.000000000093 1.1202886088877628e-07
15200.000000000093 9.761914192586963e-08
15250.000000000093 1.2025049504866708e-07
15300.000000000093 1.4056838557093312e-07
15350.000000000093 1.6644516578558936e-07
15400.000000000093 1.813287453123764e-07
15450.000000000093 2.0686893098449203e-07
15500.000000000093 2.182478915256541e-07
15550.000000000093 2.516775102411855e-07
15600.000000000093 2.5403352828813614e-07
15650.000000000093 2.701175171094938e-07
15700.000000000093 3.2258647759983767e-07
15750.000000000093 3.5033584404609517e-07
15800.000000000093 3.310611886900982e-07
15850.000000000093 3.7233271089778693e-07
15900.000000000093 3.7346128551315804e-07
15950.000000000093 3.88188759838811e-07
16000.000000000093 4.046029501772477e-07
16050.000000000093 3.991034566718979e-07
16100.000000000093 4.0063519121385284e-07
16150.000000000093 3.3779229770494294e-07
16200.000000000093 3.0894288723616645e-07
16250.000000000093 3.260206225046581e-07
16300.000000000093 3.071408573474753e-07
16350.000000000093 3.1911630292240257e-07
16400.000000000095 3.465327525085803e-07
16450.000000000095 3.582513948857511e-07
16500.000000000095 3.694792296260591e-07
16550.000000000095 3.5438683646741967e-07
16600.000000000095 3.392841345074234e-07
16650.000000000095 3.128875855577134e-07
16700.000000000095 2.3273539112619572e-07
16750.000000000095 2.6613282979762976e-07
16800.000000000095 3.2416819572015243e-07
16850.000000000095 3.0609951833779475e-07
16900.000000000095 2.9393105073235743e-07
16950.000000000095 2.6946420984801466e-07
17000.000000000095 2.497057420643894e-07
17050.000000000095 2.743185669416138e-07
17100.000000000095 2.6939403726122225e-07
17150.000000000095 2.304423144592897e-07
17200.000000000095 2.3367795345513947e-07
17250.000000000095 2.0441736781394094e-07
17300.000000000095 1.8341384606022452e-07
17350.000000000095 1.7898507266924714e-07
17400.000000000095 1.6702299407093314e-07
17450.000000000095 1.5902821390138673e-07
17500.000000000095 1.6178608265795094e-07
17550.000000000095 1.3574334139645366e-07
17600.000000000095 1.3212967785545664e-07
17650.000000000095 1.269564212110248e-07
17700.000000000095 8.564212808863764e-08
17750.000000000095 7.642708093612905e-08
17800.000000000095 9.543605281068586e-08
17850.000000000095 6.030209569168113e-08
17900.000000000095 7.263553588696397e-08
17950.000000000095 5.484634436263777e-08
18000.000000000095 5.7508131499528224e-08
18050.000000000095 5.209182652867656e-08
18100.000000000095 4.357248777676656e-08
18150.000000000095 6.38296807109998e-08
18200.000000000095 3.894766298577595e-08
18250.000000000095 7.612023631534418e-08
18300.000000000095 4.906737063494773e-08
18350.000000000095 4.423145254471981e-08
18400.000000000095 3.912442694488264e-08
18450.000000000095 4.291239900422333e-08
18500.000000000095 4.996675363394521e-08
18550.000000000095 3.768354423505567e-08
18600.000000000095 3.0599561240899716e-08
18650.000000000095 2.92855953160416e-08
18700.000000000095 3.019671827882823e-08
18750.000000000095 3.31704925314062e-08
18800.000000000095 5.7810322342788374e-08
18850.000000000095 6.766790392518982e-08
18900.000000000095 6.305677994928658e-08
18950.000000000095 8.729113628681054e-08
19000.000000000095 6.555269301085505e-08
19050.000000000095 5.2135501014633706e-08
19100.000000000095 8.221355511353246e-08
19150.000000000095 6.787329172396516e-08
19200.000000000095 7.198603692241818e-08
19250.000000000095 6.599123099486823e-08
19300.000000000095 5.798471137527259e-08
19350.000000000095 5.3235456159515964e-08
19400.000000000095 3.492525765577364e-08
19450.000000000095 6.09101140487769e-08
19500.000000000095 5.455269472676837e-08
19550.000000000095 4.4387186806154924e-08
19600.000000000095 6.081936721767229e-08
19650.000000000095 6.482696041095995e-08
19700.000000000095 6.714584242901323e-08
19750.000000000095 6.765249863629529e-08
19800.000000000095 7.855557789913506e-08
19850.000000000095 8.990037611166863e-08
19900.000000000095 6.525699088862378e-08
19950.000000000095 1.0159103412531579e-07
20000.000000000095 1.0244597453160999e-07
20050.000000000095 1.0745675878533125e-07
20100.000000000095 1.159027885899321e-07
20150.000000000095 1.088794927836202e-07
20200.000000000095 1.3203850846430375e-07
20250.000000000095 1.4854424996127068e-07
20300.000000000095 1.3108311508554858e-07
20350.000000000095 1.4983972276209446e-07
20400.000000000095 1.4903657814128442e-07
20450.000000000095 1.8118389244123076e-07
20500.000000000095 1.8317000168862754e-07
20550.000000000095 1.7383012959334174e-07
20600.000000000095 2.0806983228880746e-07
20650.000000000095 1.9162462396104451e-07
20700.000000000095 1.9874167941028904e-07
20750.000000000095 2.2548847975271763e-07
20800.000000000095 2.2148228793321316e-07
20850.000000000095 2.211872298209537e-07
20900.000000000095 2.3516128628742457e-07
20950.000000000095 2.2105171115474532e-07
21000.000000000095 2.409188377280794e-07
21050.000000000095 2.297369440468555e-07
21100.000000000095 2.3485100301548866e-07
21150.000000000095 2.3432760113338036e-07
21200.000000000095 2.2544909182488715e-07
21250.000000000095 2.357620218420462e-07
21300.000000000095 2.158817164517136e-07
21350.000000000095 2.3160110779557024e-07
21400.000000000095 2.0891608695545527e-07
21450.000000000095 2.1797104173931543e-07
21500.000000000095 2.1660067660137644e-07
21550.000000000095 2.0691034119833908e-07
21600.000000000095 2.0752125830791665e-07
21650.000000000095 1.8815555051189194e-07
21700.000000000095 2.0423423052132844e-07
21750.000000000095 1.8820913130810912e-07
21800.000000000095 1.7847133976166933e-07
21850.000000000095 1.6542588144511106e-07
21900.000000000095 1.6526603472325894e-07
21950.000000000095 1.1528525877251925e-07
22000.000000000095 9.229489277482286e-08
22050.000000000095 7.618086233765178e-08
22100.000000000095 1.0024272377982708e-07
22150.000000000095 1.0981902444773266e-07
22200.000000000095 1.084472493037003e-07
22250.000000000095 9.949116856881772e-08
22300.000000000095 1.0080573137158692e-07
22350.000000000095 9.607350973688061e-08
22400.000000000095 9.009550663807628e-08
22450.000000000095 7.62243369098638e-08
22500.000000000095 8.359919608606244e-08
22550.000000000095 6.289830442384126e-08
22600.000000000095 7.383853287557277e-08
22650.000000000095 6.907532401129299e-08
22700.000000000095 6.74066544979104e-08
22750.000000000095 7.212860519709989e-08
22800.000000000095 6.603838830272169e-08
22850.000000000095 6.020903315149746e-08
22900.000000000095 5.6710479039477354e-08
22950.000000000095 5.233204839473318e-08
23000.000000000095 3.8624878532836694e-08
23050.000000000095 5.139481109695959e-08
23100.000000000095 6.220382524585514e-08
23150.000000000095 5.918427428574219e-08
23200.000000000095 3.805088161068327e-08
23250.000000000095 3.758616069296169e-08
23300.000000000095 3.74472372395008e-08
23350.000000000095 3.333135274970067e-08
23400.000000000095 4.290986552272503e-08
23450.000000000095 4.084916231706163e-08
23500.000000000095 4.096322657509303e-08
23550.000000000095 5.25092001501979e-08
23600.000000000095 5.1017979203309716e-08
23650.000000000095 5.881321425828419e-08
23700.000000000095 4.231474313588988e-08
23750.000000000095 3.971771004180569e-08
23800.000000000095 4.331440504079086e-08
23850.000000000095 4.2498909745578983e-08
23900.000000000095 5.981361470620382e-08
23950.000000000095 5.967198151434823e-08
24000.000000000095 7.794878033970455e-08
24050.000000000095 7.569648022521173e-08
24100.000000000095 6.323703808458764e-08
24150.000000000095 6.610518554932266e-08
24200.000000000095 7.21025968145142e-08
24250.000000000095 7.21474800980257e-08
24300.000000000095 6.943918768268939e-08
24350.000000000095 6.502085589926756e-08
24400.000000000095 9.190526276781187e-08
24450.000000000095 7.241216518169221e-08
24500.000000000095 8.048240431590928e-08
24550.000000000095 7.302290928412514e-08
24600.000000000095 8.343991659584196e-08
24650.000000000095 8.936029965819749e-08
24700.000000000095 6.797004021732075e-08
24750.000000000095 6.299702839315885e-08
24800.000000000095 6.474594165775032e-08
24850.000000000095 8.656746880719544e-08
24900.000000000095 4.3021879830724755e-08
24950.000000000095 7.489225595557302e-08
25000.000000000095 6.733904198727713e-08
25050.000000000095 4.8399939203280926e-08
25100.000000000095 6.188776723184411e-08
25150.000000000095 3.933592936024539e-08
25200.000000000095 5.120178986762019e-08
25250.000000000095 3.308001587078438e-08
25300.000000000095 4.9442364849004764e-08
25350.000000000095 2.4660749921043736e-08
25400.000000000095 4.523201875757915e-08
25450.000000000095 3.015724103591115e-08
25500.000000000095 2.8738801401886385e-08
25550.000000000095 3.838895122643631e-08
25600.000000000095 3.0103223942534426e-08
25650.000000000095 2.2152897073347607e-08
25700.000000000095 4.218666652193735e-08
25750.000000000095 2.083332017560216e-08
25800.000000000095 4.4163351903042775e-08
25850.000000000095 2.093444876436296e-08
25900.000000000095 3.0594772824664703e-08
25950.000000000095 1.8305380744150505e-08
26000.000000000095 4.0752645837395364e-08
26050.000000000095 2.8988814288734784e-08
26100.000000000095 4.541186128623542e-08
26150.000000000095 3.729180165136037e-08
26200.000000000095 4.265434415621029e-08
26250.000000000095 5.348086692486053e-08
26300.000000000095 3.854491810521663e-08
26350.000000000095 6.186703219816334e-08
26400.000000000095 7.638995475180011e-08
26450.000000000095 6.6051414863247e-08
26500.000000000095 5.856154452306523e-08
26550.000000000095 4.635217186203525e-08
26600.000000000095 5.7538797385874715e-08
26650.000000000095 2.7208362521780035e-08
26700.000000000095 1.9244157154132065e-08
26750.000000000095 1.7031126207253202e-08
26800.000000000095 2.535538501524277e-08
26850.000000000095 1.6569497899911617e-08
26900.000000000095 3.470235601562122e-08
26950.000000000095 1.7302382753452563e-08
27000.000000000095 4.356105016209167e-08
27050.000000000095 3.794146861589137e-08
27100.000000000095 2.6825140564712543e-08
27150.000000000095 5.2231422976673565e-08
27200.000000000095 2.7050743060312e-08
27250.000000000095 3.451422648864523e-08
27300.000000000095 7.61785854133528e-08
27350.000000000095 5.463057025762146e-08
27400.000000000095 1.616809003533318e-08
27450.000000000095 6.815542597652524e-08
27500.000000000095 6.499593288875702e-08
27550.000000000095 3.605975096118408e-08
27600.000000000095 6.275525824563682e-08
27650.000000000095 2.9198314227365552e-08
27700.000000000095 2.2504679880864316e-08
27750.000000000095 5.95497709709204e-08
27800.000000000095 3.048321232334151e-08
27850.000000000095 3.4939171939354924e-08
27900.000000000095 4.4613775719612096e-08
27950.000000000095 4.9071073285807276e-08
28000.000000000095 5.529106734213596e-08
28050.000000000095 2.4189803638100863e-08
28100.000000000095 6.846349296019488e-08
28150.000000000095 5.2028190929572723e-08
28200.000000000095 2.182034599206112e-08
28250.000000000095 6.822903673786905e-08
28300.000000000095 9.528045891980215e-08
28350.000000000095 2.7486259429890888e-08
28400.000000000095 6.232945005591735e-08
28450.000000000095 6.726682484368298e-08
28500.000000000095 5.866059549530271e-08
28550.000000000095 2.4473698408764092e-08
28600.000000000095 7.036559592592017e-08
28650.000000000095 7.037220601926319e-08
28700.000000000095 5.848014138076537e-08
28750.000000000095 8.483685145861143e-08
28800.000000000095 6.809953197572769e-08
28850.000000000095 9.689945689961096e-08
28900.000000000095 4.207776486395405e-08
28950.000000000095 9.665124614680526e-08
29000.000000000095 6.339298930811067e-08
29050.000000000095 7.70647214565342e-08
29100.000000000095 4.723645524509927e-08
29150.000000000095 1.0012734568852636e-07
29200.000000000095 6.876958900917337e-08
29250.000000000095 1.0113955315832452e-07
29300.000000000095 5.886237846858689e-08
