galfind/configs/Brown_Dwarf_templates/sonora_cholla/logkzz7/31g/1050K_31g_logkzz7_resample.dat
# %ECSV 1.0
# ---
# datatype:
# - {name: wav, unit: Angstrom, datatype: float64}
# - {name: flux_nu, unit: erg / (cm2 Hz s), datatype: float64}
# schema: astropy-2.0
wav flux_nu
[from data line 388]
29400.000000000095 9.989741314870267e-08
29450.000000000095 1.0078951781193902e-07
29500.000000000095 1.0451298164422489e-07
29550.000000000095 8.682578692133446e-08
29600.000000000095 1.298105710884276e-07
29650.000000000095 1.0606390979163026e-07
29700.000000000095 9.383725399635281e-08
29750.000000000095 1.1170181236492962e-07
29800.000000000095 1.4508265979781365e-07
29850.000000000095 1.470445259681059e-07
29900.000000000095 1.280086517980886e-07
29950.000000000095 1.1514883694044195e-07
30000.000000000095 1.2426091317578833e-07
30050.000000000095 1.0739505842823393e-07
30100.000000000095 1.2352839177090722e-07
30150.000000000095 1.5478146130439825e-07
30200.000000000095 1.2353276072950387e-07
30250.000000000095 1.7927367936580655e-07
30300.000000000095 1.511615425559548e-07
30350.000000000095 1.2103438138712379e-07
30400.000000000095 1.7380107483773098e-07
30450.000000000095 1.3726492796732434e-07
30500.000000000095 1.3171165630764219e-07
30550.000000000095 1.5901051777262967e-07
30600.000000000095 1.7356638578001274e-07
30650.000000000095 1.7325419857629028e-07
30700.000000000095 1.485259182324979e-07
30750.000000000095 1.437104451184385e-07
30800.000000000095 1.3426218541629308e-07
30850.000000000095 1.4410209554329742e-07
30900.000000000095 1.4674094865542025e-07
30950.000000000095 8.905087283472156e-08
31000.000000000095 1.3480226684940628e-07
31050.000000000095 1.2888978472848308e-07
31100.000000000095 9.05553320078296e-08
31150.000000000095 1.1738431877170051e-07
31200.000000000095 1.162144685297675e-07
31250.000000000095 1.0577249950315348e-07
31300.000000000095 1.0358228240977255e-07
31350.000000000095 9.441142293195203e-08
31400.000000000095 6.894949065993152e-08
31450.000000000095 9.689431799491653e-08
31500.000000000095 7.895172695784948e-08
31550.000000000095 9.802399291236702e-08
31600.000000000095 6.853752513041912e-08
31650.000000000095 7.741312421501948e-08
31700.000000000095 7.670760048855425e-08
31750.000000000095 6.451538349293149e-08
31800.000000000095 7.657576892090466e-08
31850.000000000095 6.951020596850215e-08
31900.000000000095 6.173026834439259e-08
31950.000000000095 6.646484837161367e-08
32000.000000000095 6.119996694282056e-08
32050.000000000095 5.26354897438022e-08
32100.000000000095 4.877659332692796e-08
32150.000000000095 6.395640944866047e-08
32200.000000000095 5.3591768710245994e-08
32250.000000000095 6.398702199845202e-08
32300.000000000095 4.474548296841022e-08
32350.000000000095 8.93308230911347e-08
32400.000000000095 6.352327383327029e-08
32450.000000000095 8.250831684913028e-08
32500.000000000095 6.396176830931389e-08
32550.000000000095 8.500338761675059e-08
32600.000000000095 9.221250577368368e-08
32650.000000000095 1.0950066773954544e-07
32700.000000000095 8.090525032803568e-08
32750.000000000095 1.2516441869568796e-07
32800.000000000095 8.181115777194132e-08
32850.000000000095 1.1729719238299774e-07
32900.000000000095 1.3672947050309796e-07
32950.000000000095 1.2586509404119732e-07
33000.000000000095 1.1472609524775578e-07
33050.000000000095 1.1478610042564798e-07
33100.000000000095 6.474034353837418e-08
33150.000000000095 2.0672184885688613e-08
33200.000000000095 2.1420903781604125e-08
33250.000000000095 1.098877919472221e-08
33300.000000000095 1.129470912130089e-08
33350.000000000095 2.24268278560125e-08
33400.000000000095 3.179383850876775e-08
33450.000000000095 4.1568567833249906e-08
33500.000000000095 5.492203132319454e-08
33550.000000000095 5.458689929418862e-08
33600.000000000095 7.997938449793275e-08
33650.000000000095 8.425595427951076e-08
33700.000000000095 7.907338399578184e-08
33750.000000000095 1.0257734277523309e-07
33800.000000000095 8.310699569961737e-08
33850.000000000095 1.0814598252222369e-07
33900.000000000095 9.601038814651239e-08
33950.000000000095 1.0354332759274218e-07
34000.000000000095 1.0384448712722248e-07
34050.000000000095 5.972510106240056e-08
34100.000000000095 1.0282618066703339e-07
34150.000000000095 8.29131922013907e-08
34200.000000000095 1.0236257723271938e-07
34250.000000000095 8.68189858388135e-08
34300.000000000095 6.627424167762542e-08
34350.000000000095 8.313445774284981e-08
34400.000000000095 8.33034830885905e-08
34450.000000000095 1.0762388978427599e-07
34500.000000000095 9.845030175578155e-08
34550.000000000095 6.572794338954026e-08
34600.000000000095 1.1469287067526803e-07
34650.000000000095 7.879101755990648e-08
34700.000000000095 8.46519194636269e-08
34750.000000000095 8.150920867366688e-08
34800.000000000095 5.893295857247468e-08
34850.000000000095 8.982045839303583e-08
34900.000000000095 1.0661029245405631e-07
34950.000000000095 8.382100702896235e-08
35000.000000000095 1.1821026984559889e-07
35050.000000000095 9.639494642421833e-08
35100.000000000095 1.155013512032934e-07
35150.000000000095 1.105196057656589e-07
35200.000000000095 1.5205530219173298e-07
35250.000000000095 1.496842683088553e-07
35300.000000000095 1.0207076130575819e-07
35350.000000000095 1.4920941113618009e-07
35400.000000000095 1.3460653977063606e-07
35450.000000000095 1.1838507376998054e-07
35500.000000000095 1.904846852305414e-07
35550.000000000095 1.6924494069850627e-07
35600.000000000095 1.7065200769813934e-07
35650.000000000095 1.724071546111224e-07
35700.000000000095 1.2337799224910665e-07
35750.000000000095 1.93347163978255e-07
35800.000000000095 1.941693771692455e-07
35850.000000000095 1.3930300974197851e-07
35900.000000000095 2.1315481403077858e-07
35950.000000000095 1.981881981814663e-07
36000.000000000095 1.6039539571100168e-07
36050.000000000095 2.1652954870075512e-07
36100.000000000095 1.9920987752782964e-07
36150.000000000095 2.2056293429963419e-07
36200.000000000095 2.2508695921937803e-07
36250.000000000095 2.231437602142273e-07
36300.000000000095 2.5580964354256763e-07
36350.000000000095 2.6767641737541935e-07
36400.000000000095 3.044857425634431e-07
36450.000000000095 2.989672624474551e-07
36500.000000000095 2.983600864267208e-07
36550.000000000095 2.9206732091439537e-07
36600.000000000095 3.3505462883512904e-07
36650.000000000095 3.528188105179564e-07
36700.000000000095 3.827847569786276e-07
36750.000000000095 4.080791573509027e-07
36800.000000000095 3.798861714844223e-07
36850.000000000095 3.664492200286148e-07
36900.000000000095 3.678164585603905e-07
36950.000000000095 4.129323915009618e-07
37000.000000000095 3.878160368661745e-07
37050.000000000095 4.1880594289196135e-07
37100.000000000095 4.377256985482791e-07
37150.000000000095 4.5736890669640156e-07
37200.000000000095 4.6774887209668365e-07
37250.000000000095 4.1180494723983226e-07
37300.000000000095 4.312456811364243e-07
37350.000000000095 4.2467760633167006e-07
37400.000000000095 5.218547241158243e-07
37450.000000000095 4.831173897879554e-07
37500.000000000095 4.4282702582656875e-07
37550.000000000095 5.400571832782365e-07
37600.000000000095 5.845033872797911e-07
37650.000000000095 4.926059177645216e-07
37700.000000000095 5.463897954631482e-07
37750.000000000095 4.680832809482598e-07
37800.000000000095 5.37916793660247e-07
37850.000000000095 4.6083152364379845e-07
37900.000000000095 5.41084549452175e-07
37950.000000000095 5.947587479339383e-07
38000.000000000095 6.338561989146405e-07
38050.000000000095 5.731144983199861e-07
38100.000000000095 6.095265061610352e-07
38150.000000000095 6.103276346544524e-07
38200.000000000095 6.774540012663034e-07
38250.000000000095 6.052722515206982e-07
38300.000000000095 6.584259165059731e-07
38350.000000000095 7.070966148447237e-07
38400.000000000095 5.592748501344511e-07
38450.000000000095 6.713551620739671e-07
38500.000000000095 6.018605696311604e-07
38550.000000000095 6.463431042663623e-07
38600.000000000095 6.856696272485658e-07
38650.000000000095 7.618858586880974e-07
38700.000000000095 7.398046401790057e-07
38750.000000000095 7.135570972174892e-07
38800.000000000095 7.057869190341978e-07
38850.000000000095 7.548600958143695e-07
38900.000000000095 7.324738452335488e-07
38950.000000000095 7.344614789739753e-07
39000.000000000095 8.055450467765313e-07
39050.000000000095 7.762554598404952e-07
39100.000000000095 6.95067625238462e-07
39150.000000000095 7.750107569756667e-07
39200.000000000095 7.301293980339399e-07
39250.000000000095 8.126727436736133e-07
39300.000000000095 8.042592916177976e-07
39350.000000000095 8.598106732380317e-07
39400.000000000095 8.84005201857298e-07
39450.000000000095 8.818833989634859e-07
39500.000000000095 7.375992568619983e-07
39550.000000000095 8.117110923684943e-07
39600.000000000095 8.472264224416713e-07
39650.000000000095 8.782170155940028e-07
39700.000000000095 8.259382167065896e-07
39750.000000000095 7.714098281843945e-07
39800.000000000095 8.468515989641768e-07
39850.000000000095 8.418027460285295e-07
39900.000000000095 8.425242053642772e-07
39950.000000000095 8.532683801806441e-07
40000.000000000095 8.091385609675861e-07
40050.000000000095 8.932164311029301e-07
40100.000000000095 8.698223814222714e-07
40150.000000000095 9.63210274505778e-07
40200.000000000095 9.935645534926646e-07
40250.000000000095 7.815050654174989e-07
40300.000000000095 8.57661348193603e-07
40350.000000000095 8.450172029398769e-07
40400.000000000095 9.161713314008027e-07
40450.000000000095 8.717030553911358e-07
40500.000000000095 7.672884991897002e-07
40550.000000000095 8.99069726866432e-07
40600.000000000095 7.418839257367596e-07
40650.000000000095 9.53219707105574e-07
40700.000000000095 1.015203568719016e-06
40750.000000000095 8.472348146036353e-07
40800.000000000095 7.666491033927555e-07
40850.000000000095 8.545955687286482e-07
40900.000000000095 7.606589238544168e-07
40950.000000000095 8.058330374623968e-07
41000.000000000095 8.347359490800307e-07
41050.000000000095 8.909843246728078e-07
41100.000000000095 7.699931284635631e-07
41150.000000000095 7.212724174120364e-07
41200.000000000095 8.223561578249244e-07
41250.000000000095 8.517896072803287e-07
41300.000000000095 6.27641134304673e-07
41350.000000000095 8.620827589904748e-07
41400.000000000095 8.133520206474784e-07
41450.000000000095 8.174872235176834e-07
41500.000000000095 8.25747037932614e-07
41550.000000000095 7.411904581821634e-07
41600.000000000095 7.836184554276658e-07
41650.000000000095 7.137839851985593e-07
41700.000000000095 6.987083019656884e-07
41750.000000000095 5.535375781741319e-07
41800.000000000095 7.465388840448613e-07
41850.000000000095 4.0747389328384886e-07
41900.000000000095 6.166122084611089e-07
41950.000000000095 5.75566389012399e-07
42000.000000000095 5.548990607623634e-07
42050.000000000095 4.0865787641142945e-07
42100.000000000095 4.6133183486903637e-07
42150.000000000095 3.3560678366097316e-07
42200.000000000095 4.186453782062931e-07
42250.000000000095 3.3577216342981724e-07
42300.000000000095 3.6921306394457843e-07
42350.000000000095 3.550137953015164e-07
42400.000000000095 2.9990412630242556e-07
42450.000000000095 2.310069506607475e-07
42500.000000000095 2.9386861051826686e-07
42550.000000000095 3.15471754715251e-07
42600.000000000095 3.4837494736201583e-07
42650.000000000095 3.650503863383456e-07
42700.000000000095 3.2113098390694283e-07
42750.000000000095 3.3032727622369477e-07
42800.000000000095 2.787990452134347e-07
42850.000000000095 3.207577638780044e-07
42900.000000000095 3.185867955814434e-07
42950.000000000095 2.820562157953083e-07
43000.000000000095 3.3172767983863426e-07
43050.000000000095 2.4471567704270896e-07
43100.000000000095 3.3673121333997015e-07
43150.000000000095 3.428023387802269e-07
43200.000000000095 3.41863965530936e-07
43250.000000000095 2.474873567153998e-07
43300.000000000095 3.754268270676446e-07
43350.000000000095 3.1604743139156165e-07
43400.000000000095 3.93293178380474e-07
43450.000000000095 2.510785643612729e-07
43500.000000000095 2.5152278677160997e-07
43550.000000000095 2.5083178673807163e-07
43600.000000000095 3.497194511242057e-07
43650.000000000095 2.2009786771754147e-07
43700.000000000095 3.376689446161294e-07
43750.000000000095 3.0322010971135337e-07
43800.000000000095 2.570658031049467e-07
43850.000000000095 3.243367446043661e-07
43900.000000000095 1.8812755814647226e-07
43950.000000000095 2.677386208832072e-07
44000.000000000095 1.9092246507478032e-07
44050.000000000095 2.5601740235153533e-07
44100.000000000095 2.5721478849346415e-07
44150.000000000095 2.7810411795521567e-07
44200.000000000095 2.2578257722938005e-07
44250.000000000095 2.1879024065879842e-07
44300.000000000095 1.9761837471322355e-07
44350.000000000095 1.6528236090109437e-07
44400.000000000095 1.874561715078503e-07
44450.000000000095 1.823090783567178e-07
44500.000000000095 1.4210168366242992e-07
44550.000000000095 1.6256969101660364e-07
44600.000000000095 1.3395501759431378e-07
44650.000000000095 1.5448515215595085e-07
44700.000000000095 1.4514980801384485e-07
44750.000000000095 1.506399892733744e-07
44800.000000000095 1.4105238014234088e-07
44850.000000000095 1.2690674161736264e-07
44900.000000000095 1.063864433343961e-07
44950.000000000095 1.0723479721102948e-07
45000.000000000095 1.0754238910402109e-07
45050.000000000095 1.1385094540051499e-07
45100.000000000095 1.0183004608397506e-07
45150.000000000095 9.75682260193303e-08
45200.000000000095 8.069183245767513e-08
45250.000000000095 8.517993255326303e-08
45300.000000000095 9.600303353359153e-08
45350.000000000095 9.752226501849569e-08
45400.000000000095 7.353467056229235e-08
45450.000000000095 7.439651257311891e-08
45500.000000000095 7.61274078577063e-08
45550.000000000095 9.161171841873321e-08
45600.000000000095 7.177026835919502e-08
45650.000000000095 7.354862321309467e-08
45700.000000000095 9.431959034397203e-08
45750.000000000095 8.003948745471327e-08
45800.000000000095 6.849891131610996e-08
45850.000000000095 9.932843439956045e-08
45900.000000000095 9.625359018805788e-08
45950.000000000095 7.059815534054126e-08
46000.000000000095 9.174986012201141e-08
46050.000000000095 1.0031785061216989e-07
46100.000000000095 7.16238318020762e-08
46150.000000000095 1.0061492914701644e-07
46200.000000000095 9.493131319761014e-08
46250.000000000095 5.451462831755281e-08
46300.000000000095 1.0967030551199166e-07
46350.000000000095 7.923890028442953e-08
46400.000000000095 9.643345592569717e-08
46450.000000000095 1.2667473183564387e-07
46500.000000000095 9.402797068056916e-08
46550.000000000095 1.3415742709944332e-07
46600.000000000095 1.3636654324710222e-07
46650.000000000095 2.0753357546748114e-07
46700.000000000095 1.5436612458384795e-07
46750.000000000095 1.2404838460104875e-07
46800.000000000095 1.0398363138923022e-07
46850.000000000095 1.26515000728745e-07
46900.000000000095 1.1014253036712904e-07
46950.000000000095 1.4749202112465173e-07
47000.000000000095 8.772721512019199e-08
47050.000000000095 1.5673143270462705e-07
47100.000000000095 8.493609382578675e-08
47150.000000000095 9.997835168831435e-08
47200.000000000095 1.1500501115259995e-07
47250.000000000095 8.71204253269233e-08
47300.000000000095 1.0431418928694451e-07
47350.000000000095 7.606365198115801e-08
47400.000000000095 1.2942738960003808e-07
47450.000000000095 7.74125546122287e-08
47500.000000000095 1.3928300013767257e-07
47550.000000000095 8.070586459199066e-08
47600.000000000095 1.3316496994993986e-07
47650.000000000095 8.408893950889403e-08
47700.000000000095 1.240087817546208e-07
47750.000000000095 7.471810784213845e-08
47800.000000000095 1.2499790149425122e-07
47850.000000000095 6.874685353032007e-08
47900.000000000095 1.1869316311472503e-07
47950.000000000095 8.778933809772529e-08
48000.000000000095 1.4865003932184e-07
48050.000000000095 1.0095564628373835e-07
48100.000000000095 1.407613155514723e-07
48150.000000000095 9.737086939900872e-08
48200.000000000095 1.427003912951052e-07
48250.000000000095 1.0965099006225287e-07
48300.000000000095 1.7179831190062226e-07
48350.000000000095 9.911704736616306e-08
48400.000000000095 1.416752411418971e-07
48450.000000000095 9.09086326395036e-08
48500.000000000095 1.7113488053972404e-07
48550.000000000095 9.008759090245674e-08
48600.000000000095 1.6045115751344138e-07
48650.000000000095 9.227571901285329e-08
48700.000000000095 1.7382998933515148e-07
