galfind/configs/Brown_Dwarf_templates/sonora_cholla/logkzz7/31g/1100K_31g_logkzz7_resample.dat
# %ECSV 1.0
# ---
# datatype:
# - {name: wav, unit: Angstrom, datatype: float64}
# - {name: flux_nu, unit: erg / (cm2 Hz s), datatype: float64}
# schema: astropy-2.0
wav flux_nu
[from data line 776]
48800.000000000095 1.8884549552026128e-07
48850.000000000095 1.486822383090876e-07
48900.000000000095 2.101897561656941e-07
48950.000000000095 1.8183636563078566e-07
49000.000000000095 1.589724919147079e-07
49050.000000000095 1.9573924062546864e-07
49100.000000000095 1.3865736220638533e-07
49150.000000000095 2.2412209477761574e-07
49200.000000000095 1.5429521948262182e-07
49250.000000000095 2.2996544517051473e-07
49300.000000000095 1.756665550291342e-07
49350.000000000095 1.9288542972798047e-07
49400.000000000095 2.3456107128738282e-07
49450.000000000095 2.0129852228075378e-07
49500.000000000095 2.0772168822733432e-07
49550.000000000095 1.4137035438636591e-07
49600.000000000095 2.1563443357023771e-07
49650.000000000095 1.8690765905638728e-07
49700.000000000095 1.641806282553042e-07
49750.000000000095 2.851166160332206e-07
49800.000000000095 1.7157512661758655e-07
49850.000000000095 3.0869162495901616e-07
49900.000000000095 2.220766624169718e-07
49950.000000000095 2.6234468798055537e-07
50000.000000000095 2.869780569793444e-07
50050.000000000095 2.4998766705912087e-07
50100.000000000095 3.490794784043477e-07
50150.000000000095 1.738671930549911e-07
50200.000000000095 1.4175368036848052e-07
50250.000000000095 2.9445709011918726e-07
50300.000000000095 2.0697185262657267e-07
50350.000000000095 2.7397780394397787e-07
50400.000000000095 2.542062618693358e-07
50450.000000000095 2.6182282455216757e-07
50500.000000000095 3.0924910600644643e-07
50550.000000000095 2.6540464186380106e-07
50600.000000000095 3.187864672344584e-07
50650.000000000095 2.7401442532903616e-07
50700.000000000095 3.5995594217543106e-07
50750.000000000095 3.714443628524826e-07
50800.000000000095 1.899042552808095e-07
50850.000000000095 2.465412746008622e-07
50900.000000000095 3.469303760440409e-07
50950.000000000095 3.8963445708845427e-07
51000.000000000095 3.3866777235274694e-07
51050.000000000095 2.946724413664319e-07
51100.000000000095 2.1685108641011274e-07
51150.000000000095 2.621354264564754e-07
51200.000000000095 3.604853629112031e-07
51250.000000000095 3.62480237174642e-07
51300.000000000095 2.2972784008048238e-07
51350.000000000095 3.0946165300113013e-07
51400.000000000095 2.6367469530439396e-07
51450.000000000095 2.231457059329576e-07
51500.000000000095 2.0232058256976722e-07
51550.000000000095 3.5424619624721276e-07
51600.000000000095 2.362524815883319e-07
51650.000000000095 3.406999681311026e-07
51700.000000000095 3.413084842856008e-07
51750.000000000095 2.33890511571405e-07
51800.000000000095 4.381073840176709e-07
51850.000000000095 3.191052473032362e-07
51900.000000000095 4.203630328742407e-07
51950.000000000095 3.668601981284761e-07
52000.000000000095 1.5501511820709433e-07
52050.000000000095 2.509889583100471e-07
52100.000000000095 2.474933189846262e-07
52150.000000000095 2.0893347683123635e-07
52200.000000000095 2.358413640257945e-07
52250.000000000095 2.461040225996378e-07
52300.000000000095 3.8050608806356507e-07
52350.000000000095 3.1882767482458343e-07
52400.000000000095 2.3453140196731236e-07
52450.000000000095 3.5790754210501756e-07
52500.000000000095 3.1955374557526566e-07
52550.000000000095 3.496457483894088e-07
52600.000000000095 2.6057176671840973e-07
52650.000000000095 3.5430476344092825e-07
52700.000000000095 2.634036851480288e-07
52750.000000000095 2.255244236003168e-07
52800.000000000095 2.3071287632062625e-07
52850.000000000095 2.817918760768921e-07
52900.000000000095 2.182679175806736e-07
52950.000000000095 2.211576664874634e-07
53000.000000000095 4.2626637473245395e-07
53050.000000000095 2.0024890757637536e-07
53100.000000000095 3.7627574668419193e-07
53150.000000000095 4.017538714256567e-07
53200.000000000095 2.0990051054491714e-07
53250.000000000095 3.9301224844352604e-07
53300.000000000095 3.907587898273999e-07
53350.000000000095 3.4762950571773173e-07
53400.000000000095 4.022171485345172e-07
53450.000000000095 2.1265651330524458e-07
53500.000000000095 1.442767590291092e-07
53550.000000000095 2.1663481981106315e-07
53600.000000000095 2.913485285650705e-07
53650.000000000095 2.4685575748675917e-07
53700.000000000095 2.286819056636027e-07
53750.000000000095 2.431089093426144e-07
53800.000000000095 2.4815526588367247e-07
53850.000000000095 3.1191998414680907e-07
53900.000000000095 2.675135544726616e-07
53950.000000000095 3.631902559809942e-07
54000.000000000095 2.7202452313528595e-07
54050.000000000095 2.6676145850424817e-07
54100.000000000095 1.550305562278085e-07
54150.000000000095 2.184799298541577e-07
54200.000000000095 1.194060553016528e-07
54250.000000000095 1.2614431663140195e-07
54300.000000000095 2.1508527266600732e-07
54350.000000000095 2.7171186122422086e-07
54400.000000000095 2.834462808074944e-07
54450.000000000095 2.3218687392968775e-07
54500.000000000095 2.2136955093957295e-07
54550.000000000095 1.845857565384647e-07
54600.000000000095 2.3383335249960648e-07
54650.000000000095 1.4578495726513016e-07
54700.000000000095 2.665661667611664e-07
54750.000000000095 2.747732201947009e-07
54800.000000000095 2.0476980750360496e-07
54850.000000000095 2.382412118669396e-07
54900.000000000095 2.9948692628152983e-07
54950.000000000095 4.0200014299163917e-07
55000.000000000095 1.9659794426741635e-07
55050.000000000095 2.6426951907788476e-07
55100.000000000095 2.03284533262067e-07
55150.000000000095 1.9828681131709945e-07
55200.000000000095 1.9386701376844647e-07
55250.000000000095 2.138044643914275e-07
55300.000000000095 1.6429585848064114e-07
55350.000000000095 2.3417573524036287e-07
55400.000000000095 3.075075595923096e-07
55450.000000000095 2.389276173158754e-07
55500.000000000095 1.3538997271173818e-07
55550.000000000095 1.8305503432882077e-07
55600.000000000095 1.7552150198221791e-07
55650.000000000095 1.412329023337031e-07
55700.000000000095 1.9444659340241582e-07
55750.000000000095 2.288290752857285e-07
55800.000000000095 1.5885822391744936e-07
55850.000000000095 1.4572156010681917e-07
55900.000000000095 2.562832088934091e-07
55950.000000000095 3.516807063131335e-07
56000.000000000095 1.604008527365201e-07
56050.000000000095 2.2530771067686395e-07
56100.000000000095 2.511572626171383e-07
56150.000000000095 1.8408436062132832e-07
56200.000000000095 2.096313093846856e-07
56250.000000000095 1.9104604562267137e-07
56300.000000000095 2.2287507171662075e-07
56350.000000000095 2.2979028809689065e-07
56400.000000000095 1.6557254618610708e-07
56450.000000000095 1.4575334787741936e-07
56500.000000000095 1.527369828702986e-07
56550.000000000095 1.2151834704173192e-07
56600.000000000095 2.3371442788531464e-07
56650.000000000095 2.2432395721908806e-07
56700.000000000095 2.5349642157682486e-07
56750.000000000095 1.4048196065606348e-07
56800.000000000095 2.570276149411279e-07
56850.000000000095 1.9992466866575715e-07
56900.000000000095 1.707742442075257e-07
56950.000000000095 2.4766704111883915e-07
57000.000000000095 2.5213231129914164e-07
57050.000000000095 1.8558287781250228e-07
57100.000000000095 1.055029271179414e-07
57150.000000000095 1.396998548799368e-07
57200.000000000095 1.1830155453727466e-07
57250.000000000095 1.76860449963132e-07
57300.000000000095 2.1625752017279412e-07
57350.000000000095 1.188836779905436e-07
57400.000000000095 2.1614828272247855e-07
57450.000000000095 1.9456914139401305e-07
57500.000000000095 1.9200943661356592e-07
57550.000000000095 2.4066524566264394e-07
57600.000000000095 2.5912942778098e-07
57650.000000000095 1.0901642368564592e-07
57700.000000000095 1.3386331925412492e-07
57750.000000000095 1.6494153516121576e-07
57800.000000000095 7.029898233746351e-08
57850.000000000095 2.8351716661012956e-07
57900.000000000095 3.3204541459937994e-07
57950.000000000095 2.942916421869933e-07
58000.000000000095 1.4786256361051158e-07
58050.000000000095 2.2478444571678354e-07
58100.000000000095 2.706016436787898e-07
58150.000000000095 2.0835390545917234e-07
58200.000000000095 1.1554754282472851e-07
58250.000000000095 1.546334553743481e-07
58300.000000000095 1.2586734655510729e-07
58350.000000000095 1.5421642210293912e-07
58400.000000000095 2.0434392229121517e-07
58450.000000000095 2.1552682703165452e-07
58500.000000000095 1.9035387136406283e-07
58550.000000000095 2.22580956940947e-07
58600.000000000095 1.377410012372732e-07
58650.000000000095 1.7719544901523305e-07
58700.000000000095 1.7596477202720156e-07
58750.000000000095 1.725738507624312e-07
58800.000000000095 9.909714235259184e-08
58850.000000000095 1.6236525577405061e-07
58900.000000000095 2.1130410942313485e-07
58950.000000000095 1.3153496599112368e-07
59000.000000000095 1.9800639227332612e-07
59050.000000000095 2.245637935303835e-07
59100.000000000095 2.7679561987382416e-07
59150.000000000095 1.9462203352901355e-07
59200.000000000095 2.0707573026579274e-07
59250.000000000095 2.1883920628206644e-07
59300.000000000095 2.0409553449849777e-07
59350.000000000095 1.1161730934734661e-07
59400.000000000095 8.648196710578525e-08
59450.000000000095 1.7662049943072926e-07
59500.000000000095 1.1168688515145692e-07
59550.000000000095 2.3808035812857796e-07
59600.000000000095 2.119772531353129e-07
59650.000000000095 2.0444053726249282e-07
59700.000000000095 1.4128687556443015e-07
59750.000000000095 2.828977834669669e-07
59800.000000000095 1.8392238442777738e-07
59850.000000000095 2.2990124488962674e-07
59900.000000000095 1.241849416328531e-07
59950.000000000095 2.0318191904644686e-07
60000.000000000095 3.1598896389918133e-07
60050.000000000095 2.6559425390610503e-07
60100.000000000095 2.7568305799172207e-07
60150.000000000095 1.9166034855025894e-07
60200.000000000095 2.202314536804348e-07
60250.000000000095 2.640101080337807e-07
60300.000000000095 2.39286702927233e-07
60350.000000000095 1.7979307865170378e-07
60400.000000000095 2.044774526426425e-07
60450.000000000095 1.2715008897580567e-07
60500.000000000095 8.570332544003036e-08
60550.000000000095 2.2407237599178668e-07
60600.000000000095 2.2220887306117803e-07
60650.000000000095 1.916882034674164e-07
60700.000000000095 1.7475280237109008e-07
60750.000000000095 1.3304291297839972e-07
60800.000000000095 2.4800895707416407e-07
60850.000000000095 3.2233977057367416e-07
60900.000000000095 2.997917804371192e-07
60950.000000000095 2.890054688537756e-07
61000.000000000095 2.1423328942793473e-07
61050.000000000095 1.5109139022517945e-07
61100.000000000095 2.2294765422648108e-07
61150.000000000095 8.592821763214803e-08
61200.000000000095 3.042751512301553e-07
61250.000000000095 3.5352273919400436e-07
61300.000000000095 3.2607021422749345e-07
61350.000000000095 3.4105870653935985e-07
61400.000000000095 2.434422764225073e-07
61450.000000000095 1.7185694057740804e-07
61500.000000000095 2.0016895664338304e-07
61550.000000000095 1.630385516179738e-07
61600.000000000095 1.1377746013083747e-07
61650.000000000095 2.1312913024294331e-07
61700.000000000095 1.7331126074769504e-07
61750.000000000095 2.0273224658861366e-07
61800.000000000095 2.43594078692599e-07
61850.000000000095 1.5457020640637008e-07
61900.000000000095 2.619473828913599e-07
61950.000000000095 3.124450860162799e-07
62000.000000000095 2.620204583143041e-07
62050.000000000095 2.669866659456891e-07
62100.000000000095 2.935465203209706e-07
62150.000000000095 2.8352985110435667e-07
62200.000000000095 2.4922654549682795e-07
62250.000000000095 2.7377063052589656e-07
62300.000000000095 3.650054371681015e-07
62350.000000000095 3.0684414314044395e-07
62400.000000000095 1.856839799734189e-07
62450.000000000095 2.3401689711072957e-07
62500.000000000095 3.362551228173994e-07
62550.000000000095 3.0611206265149285e-07
62600.000000000095 3.43259535540292e-07
62650.000000000095 2.521056103351842e-07
62700.000000000095 3.072401438895113e-07
62750.000000000095 3.7460013184134595e-07
62800.000000000095 2.2507210378182898e-07
62850.000000000095 3.1022982166712514e-07
62900.000000000095 2.473012899353514e-07
62950.000000000095 3.0416067607393937e-07
63000.000000000095 3.204689498419928e-07
63050.000000000095 4.110132078311888e-07
63100.000000000095 3.5310884061811863e-07
63150.000000000095 2.1875537685041517e-07
63200.000000000095 3.2889237580144237e-07
63250.000000000095 3.0351125030302437e-07
63300.000000000095 3.383459336075694e-07
63350.000000000095 2.8961310088572126e-07
63400.000000000095 1.7300010258137594e-07
63450.000000000095 1.541731523883985e-07
63500.000000000095 2.86090491838545e-07
63550.000000000095 2.5543368783962113e-07
63600.000000000095 3.4518615561494694e-07
63650.000000000095 2.4053970959399844e-07
63700.000000000095 1.63998531006786e-07
63750.000000000095 2.457650240261305e-07
63800.000000000095 2.4242600033538654e-07
63850.000000000095 2.40075340639499e-07
63900.000000000095 1.7764129587321165e-07
63950.000000000095 2.844280798049196e-07
64000.000000000095 2.976859783012788e-07
64050.000000000095 2.0044153695615236e-07
64100.000000000095 8.325394273241038e-08
64150.000000000095 1.1685367279782468e-07
64200.000000000095 1.4449539662923092e-07
64250.000000000095 2.1440936885316955e-07
64300.000000000095 1.7111966673655173e-07
64350.000000000095 1.3596196166697516e-07
64400.000000000095 2.3340329582879193e-07
64450.000000000095 2.4355307646576777e-07
64500.000000000095 1.3345142273858604e-07
64550.000000000095 2.227238971227564e-07
64600.000000000095 1.3535517787969125e-07
64650.000000000095 1.8767311462127863e-07
64700.000000000095 1.1228509975465028e-07
64750.000000000095 1.4038111488899232e-07
64800.000000000095 1.418267952125678e-07
64850.000000000095 1.2693805253110996e-07
64900.000000000095 1.475978175944496e-07
64950.000000000095 1.3302788945870822e-07
65000.000000000095 1.5788903045761505e-07
65050.000000000095 1.7212465138727222e-07
65100.000000000095 1.9605635969047963e-07
65150.000000000095 1.2950075564536444e-07
65200.000000000095 1.1506989312562263e-07
65250.000000000095 1.7891710991979465e-07
65300.000000000095 1.3939911463652634e-07
65350.000000000095 2.845084791502023e-07
65400.000000000095 1.506353387765454e-07
65450.000000000095 1.5792041823044644e-07
65500.000000000095 1.8168611838590375e-07
65550.00000000009 1.2003346566717108e-07
65600.00000000009 1.470172600933592e-07
65650.00000000009 1.5923438151481857e-07
65700.00000000009 1.412076309489251e-07
65750.00000000009 1.224116605474989e-07
65800.00000000009 1.6922462769276197e-07
65850.00000000009 1.9140977614752177e-07
65900.00000000009 1.215878070778036e-07
65950.00000000009 9.554129317355638e-08
66000.00000000009 1.4498923946277893e-07
66050.00000000009 2.378465299524904e-07
66100.00000000009 1.521786612148613e-07
66150.00000000009 1.0548845180927013e-07
66200.00000000009 1.1608493054841632e-07
66250.00000000009 1.1393290942700453e-07
66300.00000000009 6.368075272087598e-08
66350.00000000009 9.154565789793655e-08
66400.00000000009 1.0918509306962522e-07
66450.00000000009 1.840971455335792e-07
66500.00000000009 2.2846915340312734e-07
66550.00000000009 2.2920242587022891e-07
66600.00000000009 1.7374410790541825e-07
66650.00000000009 1.754814570408517e-07
66700.00000000009 1.4595913292507263e-07
66750.00000000009 1.337434884836681e-07
66800.00000000009 1.7323621086119245e-07
66850.00000000009 1.2148599712221494e-07
66900.00000000009 1.8656692792687462e-07
66950.00000000009 2.3354720831180872e-07
67000.00000000009 2.1122115571831834e-07
67050.00000000009 1.614702303553637e-07
67100.00000000009 1.305641310893521e-07
67150.00000000009 1.4616871975191202e-07
67200.00000000009 1.6071497662869288e-07
67250.00000000009 1.6194554739556077e-07
67300.00000000009 1.7417567554425175e-07
67350.00000000009 1.2293952757916721e-07
67400.00000000009 2.4288556871157596e-07
67450.00000000009 1.9260324836044142e-07
67500.00000000009 1.6426877238866466e-07
67550.00000000009 1.9866078824477522e-07
67600.00000000009 2.925758238121632e-07
67650.00000000009 2.3120056773356486e-07
67700.00000000009 1.8541611184519619e-07
67750.00000000009 1.627282605738806e-07
67800.00000000009 2.0885411053368208e-07
67850.00000000009 1.2979468078674438e-07
67900.00000000009 1.6971907504565285e-07
67950.00000000009 1.1156272429448285e-07
