galfind/configs/Brown_Dwarf_templates/sonora_cholla/logkzz7/31g/1150K_31g_logkzz7_resample.dat
# %ECSV 1.0
# ---
# datatype:
# - {name: wav, unit: Angstrom, datatype: float64}
# - {name: flux_nu, unit: erg / (cm2 Hz s), datatype: float64}
# schema: astropy-2.0
wav flux_nu
[from data line 773]
48650.000000000095 1.263496646737344e-07
48700.000000000095 2.274346946151754e-07
48750.000000000095 1.4116799051765368e-07
48800.000000000095 2.1054363655169451e-07
48850.000000000095 1.6537488081072954e-07
48900.000000000095 2.3393647056917162e-07
48950.000000000095 2.0160724284146203e-07
49000.000000000095 1.772125061828706e-07
49050.000000000095 2.1702734468633553e-07
49100.000000000095 1.5531912393703717e-07
49150.000000000095 2.46368400321676e-07
49200.000000000095 1.726953314061157e-07
49250.000000000095 2.517923414425876e-07
49300.000000000095 1.9517344913109623e-07
49350.000000000095 2.1320851765608094e-07
49400.000000000095 2.593192069494926e-07
49450.000000000095 2.2198508565090612e-07
49500.000000000095 2.291075635214489e-07
49550.000000000095 1.5799424932118053e-07
49600.000000000095 2.367084128470099e-07
49650.000000000095 2.0507708497068575e-07
49700.000000000095 1.8034779849417417e-07
49750.000000000095 3.1054435858103274e-07
49800.000000000095 1.8885218049089362e-07
49850.000000000095 3.3379458319385464e-07
49900.000000000095 2.42368681654841e-07
49950.000000000095 2.840724404044084e-07
50000.000000000095 3.1208838923406333e-07
50050.000000000095 2.712391818587391e-07
50100.000000000095 3.793499338627184e-07
50150.000000000095 1.9313332254689137e-07
50200.000000000095 1.574977126004033e-07
50250.000000000095 3.2174725460706843e-07
50300.000000000095 2.266884785173436e-07
50350.000000000095 2.978707676289096e-07
50400.000000000095 2.767313097459834e-07
50450.000000000095 2.830166854333824e-07
50500.000000000095 3.337563263598498e-07
50550.000000000095 2.879922012264443e-07
50600.000000000095 3.44711929579303e-07
50650.000000000095 2.9605973848003366e-07
50700.000000000095 3.8601728948990053e-07
50750.000000000095 4.005689784710097e-07
50800.000000000095 2.0939344220915016e-07
50850.000000000095 2.764362087121993e-07
50900.000000000095 3.7388716842633674e-07
50950.000000000095 4.230536612890684e-07
51000.000000000095 3.6956125555570585e-07
51050.000000000095 3.184730504195468e-07
51100.000000000095 2.412762298374492e-07
51150.000000000095 2.8558879031030915e-07
51200.000000000095 3.8794775544059847e-07
51250.000000000095 3.9273802302208324e-07
51300.000000000095 2.4956032708853574e-07
51350.000000000095 3.3737862243460514e-07
51400.000000000095 2.938397839174505e-07
51450.000000000095 2.472708712190243e-07
51500.000000000095 2.2563179671613223e-07
51550.000000000095 3.884074661460219e-07
51600.000000000095 2.5718132854629086e-07
51650.000000000095 3.698913296334402e-07
51700.000000000095 3.696775673120547e-07
51750.000000000095 2.5470748925462126e-07
51800.000000000095 4.726002329679029e-07
51850.000000000095 3.4341549884353223e-07
51900.000000000095 4.531526805673597e-07
51950.000000000095 3.9866101335101376e-07
52000.000000000095 1.7552507639688122e-07
52050.000000000095 2.762861525635452e-07
52100.000000000095 2.751107916125579e-07
52150.000000000095 2.347388676397997e-07
52200.000000000095 2.714553844596592e-07
52250.000000000095 2.675853085443655e-07
52300.000000000095 4.11329924360348e-07
52350.000000000095 3.550624318094678e-07
52400.000000000095 2.5909957007832134e-07
52450.000000000095 3.8804392002856185e-07
52500.000000000095 3.450839469844822e-07
52550.000000000095 3.8137484314156655e-07
52600.000000000095 2.8331806547243537e-07
52650.000000000095 3.9198010268274486e-07
52700.000000000095 2.8850658804841174e-07
52750.000000000095 2.501728260336453e-07
52800.000000000095 2.5390995327017997e-07
52850.000000000095 3.1078063405688107e-07
52900.000000000095 2.425089628563181e-07
52950.000000000095 2.447883846609869e-07
53000.000000000095 4.646506906511277e-07
53050.000000000095 2.2461660793117427e-07
53100.000000000095 4.087047569951176e-07
53150.000000000095 4.3293632892151296e-07
53200.000000000095 2.294623475243154e-07
53250.000000000095 4.264784457235934e-07
53300.000000000095 4.2420971749913676e-07
53350.000000000095 3.757786610487551e-07
53400.000000000095 4.3685463899662017e-07
53450.000000000095 2.387572178012785e-07
53500.000000000095 1.6446313725725076e-07
53550.000000000095 2.4385059798647506e-07
53600.000000000095 3.2351390099867204e-07
53650.000000000095 2.711863673468327e-07
53700.000000000095 2.5251535068374205e-07
53750.000000000095 2.708401784348561e-07
53800.000000000095 2.8118434594406536e-07
53850.000000000095 3.451082219277654e-07
53900.000000000095 2.9101736243903945e-07
53950.000000000095 3.9365186003083825e-07
54000.000000000095 3.004962681965311e-07
54050.000000000095 2.907547772398461e-07
54100.000000000095 1.7513353134376616e-07
54150.000000000095 2.456729811199723e-07
54200.000000000095 1.3617017642271045e-07
54250.000000000095 1.4300321717573556e-07
54300.000000000095 2.385712649622687e-07
54350.000000000095 3.0021015513703124e-07
54400.000000000095 3.140724239552048e-07
54450.000000000095 2.6050952535482514e-07
54500.000000000095 2.540074045586227e-07
54550.000000000095 2.0466220889779401e-07
54600.000000000095 2.5827479922772824e-07
54650.000000000095 1.684566444263589e-07
54700.000000000095 2.971767295289904e-07
54750.000000000095 3.054303863325058e-07
54800.000000000095 2.3049292610619752e-07
54850.000000000095 2.6578072659109673e-07
54900.000000000095 3.3212579716996213e-07
54950.000000000095 4.418628418642892e-07
55000.000000000095 2.293363172998877e-07
55050.000000000095 2.9454427798937905e-07
55100.000000000095 2.2146500720474023e-07
55150.000000000095 2.2369710547050216e-07
55200.000000000095 2.187241866439775e-07
55250.000000000095 2.3613215657674145e-07
55300.000000000095 1.8441459495260841e-07
55350.000000000095 2.563182162667094e-07
55400.000000000095 3.3707594581307604e-07
55450.000000000095 2.6903491528029756e-07
55500.000000000095 1.5361540541939947e-07
55550.000000000095 2.0669543622482674e-07
55600.000000000095 2.0156047807089102e-07
55650.000000000095 1.5645497874394364e-07
55700.000000000095 2.1844908631126197e-07
55750.000000000095 2.6203266319950103e-07
55800.000000000095 1.8204271796868423e-07
55850.000000000095 1.6550274510330946e-07
55900.000000000095 2.873687821140689e-07
55950.000000000095 3.984825355495365e-07
56000.000000000095 1.8036371833691013e-07
56050.000000000095 2.55037819000109e-07
56100.000000000095 2.8123581083531704e-07
56150.000000000095 2.0640437092525302e-07
56200.000000000095 2.3560836442585534e-07
56250.000000000095 2.1085953016373826e-07
56300.000000000095 2.486720322550941e-07
56350.000000000095 2.595658260580312e-07
56400.000000000095 1.906893096068616e-07
56450.000000000095 1.6768780888883604e-07
56500.000000000095 1.7444701664398288e-07
56550.000000000095 1.378102799575643e-07
56600.000000000095 2.607362022087017e-07
56650.000000000095 2.5045410270705014e-07
56700.000000000095 2.888692251244396e-07
56750.000000000095 1.6102577898837595e-07
56800.000000000095 2.865027205519765e-07
56850.000000000095 2.223818592759003e-07
56900.000000000095 1.9523847934109075e-07
56950.000000000095 2.778683339459985e-07
57000.000000000095 2.796926566913389e-07
57050.000000000095 2.12447882599449e-07
57100.000000000095 1.208667610521153e-07
57150.000000000095 1.5920806089757396e-07
57200.000000000095 1.3323831439707527e-07
57250.000000000095 2.0207254827636198e-07
57300.000000000095 2.421819958547426e-07
57350.000000000095 1.3302791371447104e-07
57400.000000000095 2.4398300904211797e-07
57450.000000000095 2.212306183951729e-07
57500.000000000095 2.180344397533573e-07
57550.000000000095 2.7207268964732104e-07
57600.000000000095 2.925353430061659e-07
57650.000000000095 1.252049984383692e-07
57700.000000000095 1.5278461690692203e-07
57750.000000000095 1.8694546905197555e-07
57800.000000000095 7.977498608751252e-08
57850.000000000095 3.1339838685824894e-07
57900.000000000095 3.682301897926031e-07
57950.000000000095 3.273967243703281e-07
58000.000000000095 1.6573912374148994e-07
58050.000000000095 2.5287514251599916e-07
58100.000000000095 3.0502620339334486e-07
58150.000000000095 2.404168485612497e-07
58200.000000000095 1.3429318603425445e-07
58250.000000000095 1.785032730555511e-07
58300.000000000095 1.4500373503929617e-07
58350.000000000095 1.7529520604057438e-07
58400.000000000095 2.287858947864044e-07
58450.000000000095 2.4249419425543185e-07
58500.000000000095 2.1203356433251688e-07
58550.000000000095 2.508378330901743e-07
58600.000000000095 1.6022954768079383e-07
58650.000000000095 2.0584413509704667e-07
58700.000000000095 1.9789634254376573e-07
58750.000000000095 1.917820584322154e-07
58800.000000000095 1.1505581114766963e-07
58850.000000000095 1.8383607626505e-07
58900.000000000095 2.38489928865416e-07
58950.000000000095 1.5002742074183591e-07
59000.000000000095 2.2175510555704214e-07
59050.000000000095 2.5194068617916316e-07
59100.000000000095 3.1126397827559257e-07
59150.000000000095 2.2335302415944803e-07
59200.000000000095 2.3394467469958794e-07
59250.000000000095 2.454047326705215e-07
59300.000000000095 2.2862063787972522e-07
59350.000000000095 1.2875993165469795e-07
59400.000000000095 9.945120517576185e-08
59450.000000000095 1.9803599302579135e-07
59500.000000000095 1.2605845037243135e-07
59550.000000000095 2.712813007736378e-07
59600.000000000095 2.3892732123925436e-07
59650.000000000095 2.3343998514404833e-07
59700.000000000095 1.6300703593825627e-07
59750.000000000095 3.1756542305569323e-07
59800.000000000095 2.134841983706541e-07
59850.000000000095 2.5735182297509284e-07
59900.000000000095 1.4401196987991646e-07
59950.000000000095 2.329904367718889e-07
60000.000000000095 3.59988373961279e-07
60050.000000000095 2.956660093835063e-07
60100.000000000095 3.096999785478114e-07
60150.000000000095 2.1864447408495643e-07
60200.000000000095 2.471525251614871e-07
60250.000000000095 2.97152165759707e-07
60300.000000000095 2.6915236877250507e-07
60350.000000000095 2.0188444912126092e-07
60400.000000000095 2.2858967608791286e-07
60450.000000000095 1.4561865318131507e-07
60500.000000000095 9.899425923475266e-08
60550.000000000095 2.5615303519699337e-07
60600.000000000095 2.4816123056741634e-07
60650.000000000095 2.1756307194756943e-07
60700.000000000095 2.0248995755444629e-07
60750.000000000095 1.545078544499514e-07
60800.000000000095 2.8565377764018963e-07
60850.000000000095 3.602846878995416e-07
60900.000000000095 3.344643384606596e-07
60950.000000000095 3.250622087442519e-07
61000.000000000095 2.422357731769499e-07
61050.000000000095 1.742599714469273e-07
61100.000000000095 2.5686269805912854e-07
61150.000000000095 9.769432299492672e-08
61200.000000000095 3.4865889963088907e-07
61250.000000000095 4.034361570930379e-07
61300.000000000095 3.8032344594782945e-07
61350.000000000095 3.8533901500609505e-07
61400.000000000095 2.802743964290455e-07
61450.000000000095 2.058607982704597e-07
61500.000000000095 2.306180638384221e-07
61550.000000000095 1.8249817660705795e-07
61600.000000000095 1.2669536811608343e-07
61650.000000000095 2.4234603183556613e-07
61700.000000000095 1.969321795220457e-07
61750.000000000095 2.3076796112024632e-07
61800.000000000095 2.838553790315156e-07
61850.000000000095 1.7650810857254025e-07
61900.000000000095 2.9307899604988864e-07
61950.000000000095 3.6294617267752126e-07
62000.000000000095 2.932468252451863e-07
62050.000000000095 3.109959801994148e-07
62100.000000000095 3.36797156936265e-07
62150.000000000095 3.1769454016026285e-07
62200.000000000095 2.7793032916297256e-07
62250.000000000095 3.1283003065737754e-07
62300.000000000095 4.1048869683293705e-07
62350.000000000095 3.617326705382782e-07
62400.000000000095 2.1801776288646013e-07
62450.000000000095 2.65549714904883e-07
62500.000000000095 3.823380703854701e-07
62550.000000000095 3.461313529333592e-07
62600.000000000095 4.00730960252158e-07
62650.000000000095 2.91825491440065e-07
62700.000000000095 3.4781954481025466e-07
62750.000000000095 4.227604585484733e-07
62800.000000000095 2.5496927984348636e-07
62850.000000000095 3.66568388544067e-07
62900.000000000095 2.8185205407741033e-07
62950.000000000095 3.565342682611117e-07
63000.000000000095 3.747775239437166e-07
63050.000000000095 4.7453570315596184e-07
63100.000000000095 4.09939912903717e-07
63150.000000000095 2.696166574376805e-07
63200.000000000095 3.7776894253207746e-07
63250.000000000095 3.780302423793855e-07
63300.000000000095 3.870069319774206e-07
63350.000000000095 3.2338485630128476e-07
63400.000000000095 1.946596868276299e-07
63450.000000000095 1.815885365266584e-07
63500.000000000095 3.5428489326558536e-07
63550.000000000095 2.9193323756908383e-07
63600.000000000095 4.000231212015229e-07
63650.000000000095 2.900399045114406e-07
63700.000000000095 1.9139996598108712e-07
63750.000000000095 2.8376052176423466e-07
63800.000000000095 2.7394136346803345e-07
63850.000000000095 2.833464775533914e-07
63900.000000000095 2.0215415984436484e-07
63950.000000000095 3.319161768122819e-07
64000.000000000095 3.4441393141546396e-07
64050.000000000095 2.3204433032028168e-07
64100.000000000095 9.548214536019206e-08
64150.000000000095 1.3364542535146034e-07
64200.000000000095 1.6809441781543647e-07
64250.000000000095 2.5171120943789593e-07
64300.000000000095 1.9539615740807758e-07
64350.000000000095 1.797586005899409e-07
64400.000000000095 2.691220783935697e-07
64450.000000000095 2.7556970657339617e-07
64500.000000000095 1.606985686062827e-07
64550.000000000095 2.5777743551355473e-07
64600.000000000095 1.6837678482206118e-07
64650.000000000095 2.1977484310202457e-07
64700.000000000095 1.2749053018462293e-07
64750.000000000095 1.5832915758040114e-07
64800.000000000095 1.6073290968095896e-07
64850.000000000095 1.4559701418576473e-07
64900.000000000095 1.7602963308387928e-07
64950.000000000095 1.520712615495257e-07
65000.000000000095 1.788058076792658e-07
65050.000000000095 1.982735726294725e-07
65100.000000000095 2.1977734017580684e-07
65150.000000000095 1.7061924858814765e-07
65200.000000000095 1.3055050409321766e-07
65250.000000000095 2.0480413859461656e-07
65300.000000000095 1.5665015257368153e-07
65350.000000000095 3.2201933438352634e-07
65400.000000000095 1.693641124469171e-07
65450.000000000095 1.769473489200457e-07
65500.000000000095 2.0245499352818918e-07
65550.00000000009 1.354358560167622e-07
65600.00000000009 1.635755414440782e-07
65650.00000000009 1.807600845915359e-07
65700.00000000009 1.5786031178836586e-07
65750.00000000009 1.3895076842484077e-07
65800.00000000009 1.9059281354101498e-07
65850.00000000009 2.2003687634130052e-07
65900.00000000009 1.3847643106956603e-07
65950.00000000009 1.0427210390669701e-07
66000.00000000009 1.6206433932982113e-07
66050.00000000009 2.654967683383962e-07
66100.00000000009 1.7794636913612602e-07
66150.00000000009 1.219127289268516e-07
66200.00000000009 1.3189163194867596e-07
66250.00000000009 1.263589416745114e-07
66300.00000000009 7.240195749517581e-08
66350.00000000009 1.0409349553682566e-07
66400.00000000009 1.2240228507967312e-07
66450.00000000009 2.0641729002114224e-07
66500.00000000009 2.5313096258621423e-07
66550.00000000009 2.5140695022244276e-07
66600.00000000009 1.9073136822304649e-07
66650.00000000009 2.0447276781943347e-07
66700.00000000009 1.6269936715832203e-07
66750.00000000009 1.4880099461584874e-07
66800.00000000009 1.915331668184782e-07
66850.00000000009 1.4326801386936656e-07
66900.00000000009 2.0403708969672517e-07
66950.00000000009 2.6305072633730043e-07
67000.00000000009 2.330452625958681e-07
67050.00000000009 1.7956073470216127e-07
67100.00000000009 1.479909409601135e-07
67150.00000000009 1.6639320551357225e-07
67200.00000000009 1.7942957055050287e-07
67250.00000000009 1.8643558735543046e-07
67300.00000000009 1.906532959603991e-07
67350.00000000009 1.3848257514166468e-07
67400.00000000009 2.67887550811738e-07
67450.00000000009 2.1292630909360825e-07
67500.00000000009 1.8306204878454237e-07
67550.00000000009 2.2017138770687228e-07
67600.00000000009 3.2153967671833793e-07
67650.00000000009 2.5460235085344273e-07
67700.00000000009 2.0691197434080435e-07
67750.00000000009 1.8273441160469765e-07
67800.00000000009 2.3625522686646872e-07
67850.00000000009 1.4498403972435288e-07
67900.00000000009 1.912159135657951e-07
