galfind/configs/Brown_Dwarf_templates/sonora_cholla/logkzz7/31g/1200K_31g_logkzz7_resample.dat
# %ECSV 1.0
# ---
# datatype:
# - {name: wav, unit: Angstrom, datatype: float64}
# - {name: flux_nu, unit: erg / (cm2 Hz s), datatype: float64}
# schema: astropy-2.0
wav flux_nu
[from data line 1175]
68750.30000900036 2.436283813157779e-07
68800.30000900036 2.617040871330236e-07
68850.30000900036 1.4967033193783162e-07
68900.30000900036 3.073974142437934e-07
68950.30000900036 3.4717896206060236e-07
69000.30000900036 3.3051268053763113e-07
69050.30000900036 2.0890589757910221e-07
69100.30000900036 2.9797029818420514e-07
69150.30000900036 3.619497330718923e-07
69200.30000900036 2.2530321833533024e-07
69250.30000900036 3.1554971244040425e-07
69300.30000900036 3.005306023163136e-07
69350.30000900036 2.9037563292588125e-07
69400.30000900036 1.9942232007379287e-07
69450.30000900036 3.2787263315516294e-07
69500.30000900036 2.3081612234875876e-07
69550.30000900036 2.517821379672157e-07
69600.30000900036 1.0426816494825042e-07
69650.30000900036 2.253355248514445e-07
69700.30000900036 2.7996719858194836e-07
69750.30000900036 2.410376906018957e-07
69800.30000900036 2.8977707320165156e-07
69850.30000900036 3.2509325458685e-07
69900.30000900036 1.9259247193272962e-07
69950.30000900036 2.736272364871742e-07
70000.30000900036 2.022617349612375e-07
70050.30000900036 2.871424588879269e-07
70100.30000900036 2.3197231833439386e-07
70150.30000900036 2.795243413051646e-07
70200.30000900036 2.0935840834402162e-07
70250.30000900036 2.463726494981937e-07
70300.30000900036 2.9194356932100477e-07
70350.30000900036 2.140258954383987e-07
70400.30000900036 2.2526914287000148e-07
70450.30000900036 1.2156348519680456e-07
70500.30000900036 1.7526523542368141e-07
70550.30000900036 1.859826506075722e-07
70600.30000900036 2.1362287399220836e-07
70650.30000900036 2.4956913222361723e-07
70700.30000900036 2.6153875850927553e-07
70750.30000900036 3.0676024439762883e-07
70800.30000900036 2.1711905731433075e-07
70850.30000900036 2.0511473792507247e-07
70900.30000900036 2.0677606749661746e-07
70950.30000900036 2.964969433125809e-07
71000.30000900036 2.6078008950142306e-07
71050.30000900036 2.9394103302962936e-07
71100.30000900036 2.522237193004192e-07
71150.30000900036 2.372015386995739e-07
71200.30000900036 2.011962892735192e-07
71250.30000900036 2.539853321496896e-07
71300.30000900036 2.97086278395688e-07
71350.30000900036 2.457680646353164e-07
71400.30000900036 2.556691975390727e-07
71450.30000900036 1.6607600743618833e-07
71500.30000900036 2.146292302589965e-07
71550.30000900036 2.1676488740290402e-07
71600.30000900036 2.4293216200345317e-07
71650.30000900036 2.1585943848181526e-07
71700.30000900036 1.8262631094612863e-07
71750.30000900036 2.476492330881801e-07
71800.30000900036 3.2431771168803866e-07
71850.30000900036 3.032242550561213e-07
71900.30000900036 1.9764663845635447e-07
71950.30000900036 2.5715278367679566e-07
72000.30000900036 2.3190858682444173e-07
72050.30000900036 1.691992105413641e-07
72100.30000900036 2.035262477381765e-07
72150.30000900036 2.4243451633984826e-07
72200.30000900036 2.6825643475600213e-07
72250.30000900036 2.621162759339842e-07
72300.30000900036 2.6261001677794243e-07
72350.30000900036 2.144163478342649e-07
72400.30000900036 2.1294929473607215e-07
72450.30000900036 2.0453277593461512e-07
72500.30000900036 2.177121168776529e-07
72550.30000900036 1.5691917893358877e-07
72600.30000900036 1.4075816001945115e-07
72650.30000900036 3.0671435702939024e-07
72700.30000900036 2.6742423450922483e-07
72750.30000900036 2.085088236428025e-07
72800.30000900036 2.150041563519822e-07
72850.30000900036 2.2798987495191155e-07
72900.30000900036 2.6592437761470614e-07
72950.30000900036 2.068976063998498e-07
73000.30000900036 2.416552030516239e-07
73050.30000900036 2.1562746875826014e-07
73100.30000900036 2.298903586199598e-07
73150.30000900036 3.443737751502515e-07
73200.30000900036 2.576003754330034e-07
73250.30000900036 2.565604499335418e-07
73300.30000900036 2.5682607795728457e-07
73350.30000900036 1.734592275878327e-07
73400.30000900036 2.1461845294496687e-07
73450.30000900036 1.4473134418968377e-07
73500.30000900036 1.9525815665570723e-07
73550.30000900036 2.168731790634078e-07
73600.30000900036 1.7250980908635858e-07
73650.30000900036 2.263491691886119e-07
73700.30000900036 2.698896309841775e-07
73750.30000900036 2.1087396091780345e-07
73800.30000900036 1.893164929862831e-07
73850.30000900036 2.5336075521878715e-07
73900.30000900036 2.817650988571896e-07
73950.30000900036 2.329253455028415e-07
74000.30000900036 2.436768252050099e-07
74050.30000900036 3.426533991601054e-07
74100.30000900036 1.9859857665056685e-07
74150.30000900036 2.485491963158232e-07
74200.30000900036 2.1369933329999496e-07
74250.30000900036 1.8795690752865603e-07
74300.30000900036 2.2428965472678004e-07
74350.30000900036 2.4373354622175643e-07
74400.30000900036 1.8984028561073536e-07
74450.30000900036 1.7629068463090155e-07
74500.30000900036 1.971336533988045e-07
74550.30000900036 2.225612579830321e-07
74600.30000900036 1.7349076443571538e-07
74650.30000900036 1.7103254358327544e-07
74700.30000900036 1.313826820487831e-07
74750.30000900036 2.0172472059660936e-07
74800.30000900036 1.62247346806089e-07
74850.30000900036 1.2477528962339411e-07
74900.30000900036 2.682163500642519e-07
74950.30000900036 2.810737009148017e-07
75000.30000900036 2.2632354192433e-07
75050.30000900036 2.534022433670029e-07
75100.30000900036 3.140188034671654e-07
75150.30000900036 2.8318900202805285e-07
75200.30000900036 2.897493368560441e-07
75250.30000900036 2.755164283476183e-07
75300.30000900036 2.7414562165119814e-07
75350.30000900036 1.8483595280187766e-07
75400.30000900036 2.432481095979819e-07
75450.30000900036 2.365316421215146e-07
75500.30000900036 2.1902663713274785e-07
75550.30000900036 2.60298918259578e-07
75600.30000900036 3.353886984061307e-07
75650.30000900036 2.3835429082710574e-07
75700.30000900036 2.1415557911019661e-07
75750.30000900036 1.8365114449662706e-07
75800.30000900036 2.3317681219795377e-07
75850.30000900036 2.575080821792644e-07
75900.30000900036 2.1332178396890404e-07
75950.30000900036 1.9524092375897382e-07
76000.30000900036 2.0118565380320177e-07
76050.30000900036 2.159785876967176e-07
76100.30000900036 1.8320218915512995e-07
76150.30000900036 2.2212596850147869e-07
76200.30000900036 2.382681827078821e-07
76250.30000900036 3.361238447640048e-07
76300.30000900036 2.687387178490152e-07
76350.30000900036 3.957775950101573e-07
76400.30000900036 2.943035432797996e-07
76450.30000900036 2.578263934382541e-07
76500.30000900036 2.5858838426435226e-07
76550.30000900036 2.3614100731834957e-07
76600.30000900036 1.6129729253168392e-07
76650.30000900036 1.6975798772444813e-07
76700.30000900036 1.9954022883083723e-07
76750.30000900036 1.9348276471713095e-07
76800.30000900036 2.3469790865865982e-07
76850.30000900036 1.1537430318163588e-07
76900.30000900036 1.7283195235462073e-07
76950.30000900036 1.7959113199405495e-07
77000.30000900036 2.189178674123413e-07
77050.30000900036 1.593963445034847e-07
77100.30000900036 1.4044342103852902e-07
77150.30000900036 1.8008632308527954e-07
77200.30000900036 2.2000207567366364e-07
77250.30000900036 2.0919090934343345e-07
77300.30000900036 1.974050948742508e-07
77350.30000900036 1.453468672129537e-07
77400.30000900036 1.085866986467987e-07
77450.30000900036 1.3612209779705426e-07
77500.30000900036 1.845965283095303e-07
77550.30000900036 1.8994050658485166e-07
77600.30000900036 1.8679267618349281e-07
77650.30000900036 1.741687865312593e-07
77700.30000900036 1.488666791484742e-07
77750.30000900036 2.1633428488888686e-07
77800.30000900036 2.0358496577032258e-07
77850.30000900036 2.5783317502293654e-07
77900.30000900036 2.3664176441649854e-07
77950.30000900036 1.789363779009986e-07
78000.30000900036 2.1343022689990358e-07
78050.30000900036 2.0200084959584662e-07
78100.30000900036 1.4739751807106975e-07
78150.30000900036 2.2270012062759743e-07
78200.30000900036 2.511334956773996e-07
78250.30000900036 2.843374493663302e-07
78300.30000900036 2.6784316699680626e-07
78350.30000900036 2.5918875795326165e-07
78400.30000900036 2.29348977885074e-07
78450.30000900036 2.8786540993628594e-07
78500.30000900036 2.706052562955723e-07
78550.30000900036 2.337045864488285e-07
78600.30000900036 2.1168992595743464e-07
78650.30000900036 1.1179448070716499e-07
78700.30000900036 2.1299488116790395e-07
78750.30000900036 2.1312070203828358e-07
78800.30000900036 2.4798409086738195e-07
78850.30000900036 1.6672484756321522e-07
78900.30000900036 2.0788832597357935e-07
78950.30000900036 1.6999189900027418e-07
79000.30000900036 2.0467346851800726e-07
79050.30000900036 2.2330837553832283e-07
79100.30000900036 1.9854688521042423e-07
79150.30000900036 2.3981895399459525e-07
79200.30000900036 3.161864574782047e-07
79250.30000900036 2.4929818057581057e-07
79300.30000900036 1.7166695960246085e-07
79350.30000900036 2.606749304467705e-07
79400.30000900036 1.9303893312629405e-07
79450.30000900036 2.440338596745541e-07
79500.30000900036 3.113974858186398e-07
79550.30000900036 2.4717541794758626e-07
79600.30000900036 1.9119394684605627e-07
79650.30000900036 2.184695510409597e-07
79700.30000900036 3.2648999677597275e-07
79750.30000900036 2.662835498385304e-07
79800.30000900036 2.507073039418848e-07
79850.30000900036 2.3528208216277954e-07
79900.30000900036 3.360253282133858e-07
79950.30000900036 2.598709978950268e-07
