galfind/configs/Brown_Dwarf_templates/sonora_cholla/logkzz7/31g/1250K_31g_logkzz7_resample.dat
# %ECSV 1.0
# ---
# datatype:
# - {name: wav, unit: Angstrom, datatype: float64}
# - {name: flux_nu, unit: erg / (cm2 Hz s), datatype: float64}
# schema: astropy-2.0
wav flux_nu
[from data line 1161]
68050.00000000009 3.3404340574338243e-07
68100.00000000009 3.040590871533933e-07
68150.00000000009 2.362494810337165e-07
68200.00000000009 2.6594444737570204e-07
68250.00000000009 1.4299866332291508e-07
68300.00000000009 2.40895910117526e-07
68350.00000000009 1.463833129021821e-07
68400.00000000009 3.0555536848320114e-07
68450.00000000009 3.031454420384863e-07
68500.00000000009 2.6193397743140975e-07
68550.00000000009 1.8398979283708275e-07
68600.00000000009 2.0563285076916358e-07
68650.00000000009 1.511924598306252e-07
68700.00000000009 2.2000966084594118e-07
68750.00000000009 2.6829472060967594e-07
68800.00000000009 2.880242903693294e-07
68850.00000000009 1.6553318474442264e-07
68900.00000000009 3.344291849759013e-07
68950.00000000009 3.808922772107446e-07
69000.00000000009 3.6103099784649287e-07
69050.00000000009 2.3131808509557888e-07
69100.00000000009 3.220086626497067e-07
69150.00000000009 3.945158368652389e-07
69200.00000000009 2.442905236756788e-07
69250.00000000009 3.3877725152117927e-07
69300.00000000009 3.3329141664900357e-07
69350.00000000009 3.1649243987712713e-07
69400.00000000009 2.3176610456967007e-07
69450.00000000009 3.5622014151299685e-07
69500.00000000009 2.598990884525569e-07
69550.00000000009 2.806255763926275e-07
69600.00000000009 1.1358615655286476e-07
69650.00000000009 2.4838838565734795e-07
69700.00000000009 3.012933837312211e-07
69750.00000000009 2.697979661585175e-07
69800.00000000009 3.17510365104437e-07
69850.00000000009 3.614439681109347e-07
69900.00000000009 2.1075590236685714e-07
69950.00000000009 3.082221743437734e-07
70000.00000000009 2.2012331133519387e-07
70050.00000000009 3.107516895003956e-07
70100.00000000009 2.5228957001247904e-07
70150.00000000009 3.0560520655788716e-07
70200.00000000009 2.330029231253636e-07
70250.00000000009 2.7128995962920985e-07
70300.00000000009 3.1562699871874466e-07
70350.00000000009 2.3234754458435201e-07
70400.00000000009 2.4866016576284345e-07
70450.00000000009 1.3365653154576478e-07
70500.00000000009 1.9303505783068553e-07
70550.00000000009 2.041724146415261e-07
70600.00000000009 2.4056860468611867e-07
70650.00000000009 2.6993558087599486e-07
70700.00000000009 2.9133362807581875e-07
70750.00000000009 3.3509767517313275e-07
70800.00000000009 2.417427230450138e-07
70850.00000000009 2.2676633964810487e-07
70900.00000000009 2.3022943107149188e-07
70950.00000000009 3.2480993917851087e-07
71000.00000000009 2.9192222131058257e-07
71050.00000000009 3.2728105973061084e-07
71100.00000000009 2.778972306395783e-07
71150.00000000009 2.61213453016651e-07
71200.00000000009 2.2012703401653013e-07
71250.00000000009 2.848822000365396e-07
71300.00000000009 3.2608255919379053e-07
71350.00000000009 2.626099592516017e-07
71400.00000000009 2.78676548537723e-07
71450.00000000009 1.8359048021519516e-07
71500.00000000009 2.4082566757896256e-07
71550.00000000009 2.3820321588167563e-07
71600.00000000009 2.7308326556469764e-07
71650.00000000009 2.3833107968393338e-07
71700.00000000009 2.019600451484235e-07
71750.00000000009 2.7702068588326364e-07
71800.00000000009 3.6446895521464313e-07
71850.00000000009 3.425237996471255e-07
71900.00000000009 2.1855842958702182e-07
71950.00000000009 2.954152003020476e-07
72000.00000000009 2.5532307078222985e-07
72050.00000000009 1.859667661622444e-07
72100.00000000009 2.2673136611984722e-07
72150.00000000009 2.878984820136883e-07
72200.00000000009 3.152063311046008e-07
72250.00000000009 2.942761908866054e-07
72300.00000000009 2.916973755790953e-07
72350.00000000009 2.3250189912560377e-07
72400.00000000009 2.451093188996268e-07
72450.00000000009 2.3137012578138426e-07
72500.00000000009 2.464691828170199e-07
72550.00000000009 1.7917126517261167e-07
72600.00000000009 1.5825313913222516e-07
72650.00000000009 3.5260819252426997e-07
72700.00000000009 3.0086629862355996e-07
72750.00000000009 2.3031113380139183e-07
72800.00000000009 2.421588905574531e-07
72850.00000000009 2.66088380859889e-07
72900.00000000009 3.028839211523499e-07
72950.00000000009 2.2641885601345858e-07
73000.00000000009 2.6839969010128845e-07
73050.00000000009 2.442087541686248e-07
73100.00000000009 2.738672876728039e-07
73150.00000000009 3.9614759773629697e-07
73200.00000000009 3.1720880996602285e-07
73250.00000000009 2.944883497423131e-07
73300.00000000009 2.9506151234232527e-07
73350.00000000009 1.920032379487776e-07
73400.00000000009 2.3812889635926595e-07
73450.00000000009 1.6062970119537226e-07
73500.00000000009 2.3166015586383663e-07
73550.00000000009 2.496533197235934e-07
73600.00000000009 1.975379982330531e-07
73650.00000000009 2.5563600245738205e-07
73700.00000000009 3.0085636864505896e-07
73750.00000000009 2.508434556213722e-07
73800.00000000009 2.100753976568387e-07
73850.00000000009 2.9690405307765323e-07
73900.00000000009 3.2555072818236497e-07
73950.00000000009 2.6780920777254354e-07
74000.00000000009 2.8422776198025914e-07
74050.00000000009 3.8792495038109236e-07
74100.00000000009 2.2479342076862034e-07
74150.00000000009 2.838831066076018e-07
74200.00000000009 2.432889054931162e-07
74250.00000000009 2.262709050951736e-07
74300.00000000009 2.523614876390734e-07
74350.00000000009 2.7333063305315046e-07
74400.00000000009 2.0604500921156995e-07
74450.00000000009 2.1512582690088272e-07
74500.00000000009 2.2791072104547818e-07
74550.00000000009 2.541531230579507e-07
74600.00000000009 1.8911051605823618e-07
74650.00000000009 1.8804696200463405e-07
74700.00000000009 1.4435363927917003e-07
74750.00000000009 2.272671024239247e-07
74800.00000000009 1.7689872647308824e-07
74850.00000000009 1.5279030323987517e-07
74900.00000000009 3.0019373025906277e-07
74950.00000000009 3.182182604715208e-07
75000.00000000009 2.485940408871064e-07
75050.00000000009 3.0622145168544857e-07
75100.00000000009 3.6452887712294106e-07
75150.00000000009 3.316890810445765e-07
75200.00000000009 3.2642032541612034e-07
75250.00000000009 3.209287867819271e-07
75300.00000000009 3.0719525626506265e-07
75350.00000000009 2.1266667803269913e-07
75400.00000000009 2.67384883008025e-07
75450.00000000009 2.6314280050327093e-07
75500.00000000009 2.474996405809563e-07
75550.00000000009 2.8588642449042204e-07
75600.00000000009 3.7612423177304446e-07
75650.00000000009 2.695310307660247e-07
75700.00000000009 2.394669594597256e-07
75750.00000000009 2.197983842834046e-07
75800.00000000009 2.6157413075399043e-07
75850.00000000009 2.7915351785540693e-07
75900.00000000009 2.3325790397606487e-07
75950.00000000009 2.1280820326173014e-07
76000.00000000009 2.222162485220607e-07
76050.00000000009 2.342639620853685e-07
76100.00000000009 1.9814320030229345e-07
76150.00000000009 2.403514973276572e-07
76200.00000000009 2.6088639615207424e-07
76250.00000000009 3.774679894762165e-07
76300.00000000009 2.89329899984879e-07
76350.00000000009 4.381495088287542e-07
76400.00000000009 3.2629388704955154e-07
76450.00000000009 2.8058996560469505e-07
76500.00000000009 3.0072756243144334e-07
76550.00000000009 2.613683909193795e-07
76600.00000000009 1.9007924875990962e-07
76650.00000000009 2.1678852899318348e-07
76700.00000000009 2.3562048978340859e-07
76750.00000000009 2.419620643532392e-07
76800.00000000009 2.664549880759254e-07
76850.00000000009 1.4348796311392172e-07
76900.00000000009 2.1766929167498826e-07
76950.00000000009 2.087289716057133e-07
77000.00000000009 2.5798253766849685e-07
77050.00000000009 1.9831737041023694e-07
77100.00000000009 1.5819538175364217e-07
77150.00000000009 1.980524508803301e-07
77200.00000000009 2.727465266724695e-07
77250.00000000009 2.478736738938318e-07
77300.00000000009 2.3358375991722253e-07
77350.00000000009 1.7420125005795311e-07
77400.00000000009 1.1920950260786005e-07
77450.00000000009 1.565802307666921e-07
77500.00000000009 2.1390953885318556e-07
77550.00000000009 2.259263966093407e-07
77600.00000000009 2.1333906618304507e-07
77650.00000000009 1.9756427753280877e-07
77700.00000000009 1.7271233442177557e-07
77750.00000000009 2.4974368561494156e-07
77800.00000000009 2.512357177855512e-07
77850.00000000009 3.014229277606387e-07
77900.00000000009 2.8796706011919827e-07
77950.00000000009 2.2885428221690477e-07
78000.00000000009 2.5263879787831763e-07
78050.00000000009 2.2764858693144707e-07
78100.00000000009 1.678407415604576e-07
78150.00000000009 2.515939471163906e-07
78200.00000000009 3.023889960411627e-07
78250.00000000009 3.37113324318891e-07
78300.00000000009 3.101752000802137e-07
78350.00000000009 3.0285545654868384e-07
78400.00000000009 2.73592794544055e-07
78450.00000000009 3.3038292089754976e-07
78500.00000000009 3.2076821575499733e-07
78550.00000000009 2.574485765588022e-07
78600.00000000009 2.3836674891834485e-07
78650.00000000009 1.2316070298822254e-07
78700.00000000009 2.469527617053574e-07
78750.00000000009 2.49058962318523e-07
78800.00000000009 2.8125089362073985e-07
78850.00000000009 1.8159907618655093e-07
78900.00000000009 2.3018645679735037e-07
78950.00000000009 1.854126169138751e-07
79000.00000000009 2.3570606123068804e-07
79050.00000000009 2.6797838944724703e-07
79100.00000000009 2.2341276409366782e-07
79150.00000000009 2.697623939695112e-07
79200.00000000009 3.648796997613323e-07
79250.00000000009 2.82478194261645e-07
79300.00000000009 1.9585949859520702e-07
79350.00000000009 2.984805361290825e-07
79400.00000000009 2.2308919651193802e-07
79450.00000000009 2.807162993092322e-07
79500.00000000009 3.4723860180632077e-07
79550.00000000009 2.735623938032014e-07
79600.00000000009 2.2269531165301255e-07
79650.00000000009 2.532893104831314e-07
79700.00000000009 3.704733362449622e-07
79750.00000000009 2.9880139442298753e-07
79800.00000000009 2.8691792340910793e-07
79850.00000000009 2.6440959265030804e-07
79900.00000000009 3.6788131113660527e-07
79950.00000000009 3.0883210260216276e-07
