galfind/configs/Brown_Dwarf_templates/sonora_cholla/logkzz7/31g/1300K_31g_logkzz7_resample.dat
# %ECSV 1.0
# ---
# datatype:
# - {name: wav, unit: Angstrom, datatype: float64}
# - {name: flux_nu, unit: erg / (cm2 Hz s), datatype: float64}
# schema: astropy-2.0
wav flux_nu
[from data line 1162]
68100.00000000009 3.3883581086316403e-07
68150.00000000009 2.637381036867425e-07
68200.00000000009 2.9862178302493243e-07
68250.00000000009 1.6506066650943677e-07
68300.00000000009 2.705059640372851e-07
68350.00000000009 1.6497779552589907e-07
68400.00000000009 3.392661147535877e-07
68450.00000000009 3.3936984638158535e-07
68500.00000000009 2.9543819253016693e-07
68550.00000000009 2.064723874497735e-07
68600.00000000009 2.358197563991946e-07
68650.00000000009 1.7428957598715464e-07
68700.00000000009 2.485170969708675e-07
68750.00000000009 3.046070173963985e-07
68800.00000000009 3.2354853969472393e-07
68850.00000000009 1.8973005893195381e-07
68900.00000000009 3.712885460253425e-07
68950.00000000009 4.2332675542183136e-07
69000.00000000009 3.970881627082233e-07
69050.00000000009 2.633076753802443e-07
69100.00000000009 3.5269252398452483e-07
69150.00000000009 4.3630942689824917e-07
69200.00000000009 2.713091762620422e-07
69250.00000000009 3.692178956989038e-07
69300.00000000009 3.713198998908959e-07
69350.00000000009 3.513230219079005e-07
69400.00000000009 2.7156764834924246e-07
69450.00000000009 3.932426214326439e-07
69500.00000000009 2.995353004772253e-07
69550.00000000009 3.189453555471119e-07
69600.00000000009 1.292298438075052e-07
69650.00000000009 2.836088969210201e-07
69700.00000000009 3.2986657658937637e-07
69750.00000000009 3.0776796335480726e-07
69800.00000000009 3.563871136620024e-07
69850.00000000009 4.083306842143629e-07
69900.00000000009 2.3574492871309727e-07
69950.00000000009 3.560444664437302e-07
70000.00000000009 2.456200275750673e-07
70050.00000000009 3.4144304692198076e-07
70100.00000000009 2.7965832829667543e-07
70150.00000000009 3.384722619118105e-07
70200.00000000009 2.6408662637023913e-07
70250.00000000009 3.0593824197217674e-07
70300.00000000009 3.484658805836318e-07
70350.00000000009 2.547969046842648e-07
70400.00000000009 2.816332509111135e-07
70450.00000000009 1.5495492140764583e-07
70500.00000000009 2.1883762979790628e-07
70550.00000000009 2.3255622349264066e-07
70600.00000000009 2.759919873357423e-07
70650.00000000009 2.974278474566597e-07
70700.00000000009 3.2745967070888205e-07
70750.00000000009 3.691119414511997e-07
70800.00000000009 2.701026315879412e-07
70850.00000000009 2.558383842364494e-07
70900.00000000009 2.5992461205685027e-07
70950.00000000009 3.6336319861904127e-07
71000.00000000009 3.2852821916409595e-07
71050.00000000009 3.670039905300701e-07
71100.00000000009 3.091741191670839e-07
71150.00000000009 2.9454276878083417e-07
71200.00000000009 2.475625896631385e-07
71250.00000000009 3.2272025435611927e-07
71300.00000000009 3.5986297071277263e-07
71350.00000000009 2.870901613921237e-07
71400.00000000009 3.102827573860463e-07
71450.00000000009 2.0841125860080942e-07
71500.00000000009 2.712782060601123e-07
71550.00000000009 2.700100993565402e-07
71600.00000000009 3.092134454437141e-07
71650.00000000009 2.7080895582818365e-07
71700.00000000009 2.3105188645365005e-07
71750.00000000009 3.1102997194000683e-07
71800.00000000009 4.101904638807028e-07
71850.00000000009 3.877793866527998e-07
71900.00000000009 2.474184213280677e-07
71950.00000000009 3.343354417887105e-07
72000.00000000009 2.833247639110873e-07
72050.00000000009 2.1165485171107356e-07
72100.00000000009 2.584438084579959e-07
72150.00000000009 3.337560438499412e-07
72200.00000000009 3.6186851845699357e-07
72250.00000000009 3.3028264031019904e-07
72300.00000000009 3.264566843407387e-07
72350.00000000009 2.5687187930830695e-07
72400.00000000009 2.787990869587014e-07
72450.00000000009 2.617625080293211e-07
72500.00000000009 2.8107645621172296e-07
72550.00000000009 2.0612040770928963e-07
72600.00000000009 1.807212101163252e-07
72650.00000000009 3.9869745277996314e-07
72700.00000000009 3.399938501965529e-07
72750.00000000009 2.586749607716657e-07
72800.00000000009 2.776497103668047e-07
72850.00000000009 3.0804827056886625e-07
72900.00000000009 3.4177246797767563e-07
72950.00000000009 2.5096467141769955e-07
73000.00000000009 3.018534873404937e-07
73050.00000000009 2.805383609569004e-07
73100.00000000009 3.211914834451859e-07
73150.00000000009 4.464304509941795e-07
73200.00000000009 3.7498527331855104e-07
73250.00000000009 3.3232280125086516e-07
73300.00000000009 3.365902936464923e-07
73350.00000000009 2.1875007940392216e-07
73400.00000000009 2.688198090762102e-07
73450.00000000009 1.8115006458680777e-07
73500.00000000009 2.730432813018374e-07
73550.00000000009 2.822121476751557e-07
73600.00000000009 2.2551136294908438e-07
73650.00000000009 2.8902430288859576e-07
73700.00000000009 3.337590621747343e-07
73750.00000000009 2.9210525724514053e-07
73800.00000000009 2.356191666480368e-07
73850.00000000009 3.4003994965042145e-07
73900.00000000009 3.6976562453376413e-07
73950.00000000009 3.034686850554003e-07
74000.00000000009 3.258522068472802e-07
74050.00000000009 4.3303413460443585e-07
74100.00000000009 2.508894134682242e-07
74150.00000000009 3.204856257537984e-07
74200.00000000009 2.771821663038961e-07
74250.00000000009 2.695967074428119e-07
74300.00000000009 2.838776778895788e-07
74350.00000000009 3.04469786776521e-07
74400.00000000009 2.3156869057079572e-07
74450.00000000009 2.53845311627066e-07
74500.00000000009 2.5902494300179204e-07
74550.00000000009 2.882842292199876e-07
74600.00000000009 2.1223467740795136e-07
74650.00000000009 2.13100552442402e-07
74700.00000000009 1.6515277818319714e-07
74750.00000000009 2.58291072669253e-07
74800.00000000009 1.9850646882861254e-07
74850.00000000009 1.8597603746779372e-07
74900.00000000009 3.3866066515443567e-07
74950.00000000009 3.5569996596376115e-07
75000.00000000009 2.7258281889051234e-07
75050.00000000009 3.5695401473402057e-07
75100.00000000009 4.157531866743313e-07
75150.00000000009 3.764669553653826e-07
75200.00000000009 3.6628563652714236e-07
75250.00000000009 3.6270299101774834e-07
75300.00000000009 3.443270221970085e-07
75350.00000000009 2.4342706118341014e-07
75400.00000000009 2.9656747109916596e-07
75450.00000000009 2.9269118894989613e-07
75500.00000000009 2.7668611415438225e-07
75550.00000000009 3.190432989863619e-07
75600.00000000009 4.189349819971174e-07
75650.00000000009 3.0273830221782215e-07
75700.00000000009 2.7014816032718873e-07
75750.00000000009 2.578808358676019e-07
75800.00000000009 2.973470173378029e-07
75850.00000000009 3.0871783763205907e-07
75900.00000000009 2.609769688265136e-07
75950.00000000009 2.3790094484335065e-07
76000.00000000009 2.510592799448497e-07
76050.00000000009 2.602861476562113e-07
76100.00000000009 2.1908208850786166e-07
76150.00000000009 2.6533990663742215e-07
76200.00000000009 2.9312111967874106e-07
76250.00000000009 4.204531035207323e-07
76300.00000000009 3.1450527396448077e-07
76350.00000000009 4.825923625091404e-07
76400.00000000009 3.6227337661110213e-07
76450.00000000009 3.115693434160895e-07
76500.00000000009 3.432756872479405e-07
76550.00000000009 2.897928837439863e-07
76600.00000000009 2.2268891591344359e-07
76650.00000000009 2.6723455064607314e-07
76700.00000000009 2.732183856239911e-07
76750.00000000009 2.9427391802746136e-07
76800.00000000009 2.9803819728700855e-07
76850.00000000009 1.7105553529708715e-07
76900.00000000009 2.650367327936184e-07
76950.00000000009 2.3781242195402324e-07
77000.00000000009 2.98114373666487e-07
77050.00000000009 2.411174289274958e-07
77100.00000000009 1.7913301847892723e-07
77150.00000000009 2.199729551894907e-07
77200.00000000009 3.256259446444627e-07
77250.00000000009 2.857132475041159e-07
77300.00000000009 2.722548939568835e-07
77350.00000000009 2.0403005582133e-07
77400.00000000009 1.3059811178225843e-07
77450.00000000009 1.77353759342185e-07
77500.00000000009 2.459925273878428e-07
77550.00000000009 2.6721943704060083e-07
77600.00000000009 2.4250368137012647e-07
77650.00000000009 2.2463699149846057e-07
77700.00000000009 2.0021760035848693e-07
77750.00000000009 2.8155597827813477e-07
77800.00000000009 2.9729290221044446e-07
77850.00000000009 3.4309790639492283e-07
77900.00000000009 3.3403407838524853e-07
77950.00000000009 2.780384092971106e-07
78000.00000000009 2.8803335500815244e-07
78050.00000000009 2.565844474440663e-07
78100.00000000009 1.9091888235336347e-07
78150.00000000009 2.786686209149815e-07
78200.00000000009 3.517239019226793e-07
78250.00000000009 3.835300528379279e-07
78300.00000000009 3.507689761156796e-07
78350.00000000009 3.422581956583829e-07
78400.00000000009 3.166669960688048e-07
78450.00000000009 3.6996812411265014e-07
78500.00000000009 3.6723725184100555e-07
78550.00000000009 2.8416168825852516e-07
78600.00000000009 2.687250035018211e-07
78650.00000000009 1.3992821813781946e-07
78700.00000000009 2.8147140435619906e-07
78750.00000000009 2.8675912509236694e-07
78800.00000000009 3.1445898950831936e-07
78850.00000000009 2.0175541392294103e-07
78900.00000000009 2.5591720038894904e-07
78950.00000000009 2.0689064416550013e-07
79000.00000000009 2.725261326364885e-07
79050.00000000009 3.1210582040842307e-07
79100.00000000009 2.517074990143796e-07
79150.00000000009 2.971919543376845e-07
79200.00000000009 4.0944704221511865e-07
79250.00000000009 3.167152723205626e-07
79300.00000000009 2.221959474124375e-07
79350.00000000009 3.394239289665087e-07
79400.00000000009 2.5899963580239143e-07
79450.00000000009 3.1606575221854545e-07
79500.00000000009 3.818014613916195e-07
79550.00000000009 3.029444695824164e-07
79600.00000000009 2.544524956957796e-07
79650.00000000009 2.9211099879889824e-07
79700.00000000009 4.1129013319533774e-07
79750.00000000009 3.278930975454981e-07
79800.00000000009 3.226509186956272e-07
79850.00000000009 2.9028470617525943e-07
79900.00000000009 3.9915931523672097e-07
79950.00000000009 3.5471846598043437e-07
