galfind/configs/Brown_Dwarf_templates/sonora_cholla/logkzz7/31g/500K_31g_logkzz7_resample.dat
# %ECSV 1.0
# ---
# datatype:
# - {name: wav, unit: Angstrom, datatype: float64}
# - {name: flux_nu, unit: erg / (cm2 Hz s), datatype: float64}
# schema: astropy-2.0
wav flux_nu
[from data line 418]
23900.04800076804 2.3831383832939612e-11
23950.04800076804 1.7446141303370384e-11
24000.04800076804 3.152336467260423e-11
24050.04800076804 4.5472525695284133e-11
24100.04800076804 4.491205046487992e-11
24150.04800076804 6.602089422306748e-11
24200.04800076804 4.061810470020541e-11
24250.04800076804 2.488852216683147e-11
24300.04800076804 6.706456211062386e-11
24350.04800076804 4.730451093549223e-11
24400.04800076804 1.0230018672625882e-10
24450.04800076804 1.206944962807163e-10
24500.04800076804 1.1194292770230055e-10
24550.04800076804 1.8331907550409713e-10
24600.04800076804 2.4215054845809347e-10
24650.04800076804 2.594293646514176e-10
24700.04800076804 2.1006837260772124e-10
24750.04800076804 2.4748232750299924e-10
24800.04800076804 2.2455489007231141e-10
24850.04800076804 3.4645481059538687e-10
24900.04800076804 1.563186615047184e-10
24950.04800076804 2.8244977526263555e-10
25000.04800076804 3.349125993037837e-10
25050.04800076804 1.9611076316046783e-10
25100.04800076804 2.6854505508233716e-10
25150.04800076804 1.1918556498677085e-10
25200.04800076804 1.9147337409111238e-10
25250.04800076804 7.796578574926199e-11
25300.04800076804 1.1489775513597362e-10
25350.04800076804 4.4491824238112165e-11
25400.04800076804 1.194726247949895e-10
25450.04800076804 4.11311382270822e-11
25500.04800076804 3.017510985801915e-11
25550.04800076804 7.755818442340356e-11
25600.04800076804 1.1722888470081743e-11
25650.04800076804 1.4806297159378278e-11
25700.04800076804 1.5417932911570295e-11
25750.04800076804 5.756039643194025e-12
25800.04800076804 3.264760487877311e-11
25850.04800076804 4.2132664454972e-12
25900.04800076804 7.475739809396931e-12
25950.04800076804 1.6837944171407918e-12
26000.04800076804 2.2386178765018953e-11
26050.04800076804 2.4074210349626086e-12
26100.04800076804 1.7546516347336317e-11
26150.04800076804 6.136671693499838e-12
26200.04800076804 6.831314643735694e-12
26250.04800076804 6.389632905851495e-11
26300.04800076804 1.1737938871422284e-11
26350.04800076804 9.283670807387209e-11
26400.04800076804 1.9350786492853562e-10
26450.04800076804 1.2478054417042016e-10
26500.04800076804 2.7119408366269227e-10
26550.04800076804 3.072366044742528e-11
26600.04800076804 2.6119877217546407e-11
26650.04800076804 4.611994173104693e-12
26700.04800076804 1.3782977245133153e-12
26750.04800076804 4.254172877610605e-12
26800.04800076804 1.0825225644220437e-11
26850.04800076804 7.989388115467549e-12
26900.04800076804 4.2510697076144146e-11
26950.04800076804 1.0943982548802918e-11
27000.04800076804 5.839862689049468e-11
27050.04800076804 7.220805232342364e-11
27100.04800076804 9.453892992448258e-12
27150.04800076804 8.226266813893252e-11
27200.04800076804 7.786394463243313e-12
27250.04800076804 3.0512360429570704e-11
27300.04800076804 3.1233950208183103e-10
27350.04800076804 8.673867006887517e-11
27400.04800076804 3.7851749860900595e-12
27450.04800076804 1.3762027949155642e-10
27500.04800076804 1.8788787113231217e-10
27550.04800076804 2.2400992112920402e-11
27600.04800076804 7.53563178917641e-11
27650.04800076804 1.754917409903987e-11
27700.04800076804 1.4707955005940733e-11
27750.04800076804 1.0865778749128532e-10
27800.04800076804 3.361658663502325e-11
27850.04800076804 5.537793007396206e-11
27900.04800076804 7.510916719468853e-11
27950.04800076804 2.0088828988279065e-10
28000.04800076804 1.6583219006074925e-10
28050.04800076804 2.3114047381629593e-11
28100.04800076804 2.785101273002615e-10
28150.04800076804 1.6926014430782167e-10
28200.04800076804 3.455956013244342e-11
28250.04800076804 3.2539939772178867e-10
28300.04800076804 5.347025844322097e-10
28350.04800076804 5.871414097307405e-11
28400.04800076804 2.7932773886311957e-10
28450.04800076804 6.544858205671358e-10
28500.04800076804 2.705693034284099e-10
28550.04800076804 6.17173604255161e-11
28600.04800076804 4.28746010950166e-10
28650.04800076804 4.892417352498633e-10
28700.04800076804 4.056501812576486e-10
28750.04800076804 9.440195862894436e-10
28800.04800076804 6.836824084573568e-10
28850.04800076804 8.776212526594838e-10
28900.04800076804 4.29727788497978e-10
28950.04800076804 1.4338505341366596e-09
29000.04800076804 7.799092256938823e-10
29050.04800076804 7.931959990765079e-10
29100.04800076804 7.048538534245111e-10
29150.04800076804 1.4100885010222918e-09
29200.04800076804 1.0242549731103735e-09
29250.04800076804 1.3989213711409909e-09
29300.04800076804 7.965066496690545e-10
29350.04800076804 3.910450041419892e-09
29400.04800076804 7.764854818565275e-10
29450.04800076804 1.0136497444096436e-09
29500.04800076804 2.009708606638004e-09
29550.04800076804 1.0162435095252657e-09
29600.04800076804 2.0161440636576036e-09
29650.04800076804 2.7529333738810593e-09
29700.04800076804 7.548887717640139e-10
29750.04800076804 1.6496587500857758e-09
29800.04800076804 1.79021277366108e-09
29850.04800076804 3.1678630021773242e-09
29900.04800076804 3.2482623045033764e-09
29950.04800076804 2.0949636438839625e-09
30000.04800076804 5.043301596907804e-10
30050.04800076804 1.0233095569156217e-09
30100.04800076804 1.9738274362466628e-09
30150.04800076804 2.9826482257580483e-09
30200.04800076804 1.5195682425883966e-09
30250.04800076804 4.432847877702023e-09
30300.04800076804 4.338781205173629e-09
30350.04800076804 1.7916514711957742e-09
30400.04800076804 3.7169789677848768e-09
30450.04800076804 2.972718013462127e-09
30500.04800076804 2.1445355470902672e-09
30550.04800076804 1.541129036038634e-09
30600.04800076804 4.752768084525414e-09
30650.04800076804 2.9803794201795667e-09
30700.04800076804 2.2108790252905098e-09
30750.04800076804 3.1073247608678817e-09
30800.04800076804 1.932348100981893e-09
30850.04800076804 2.9335681893673572e-09
30900.04800076804 2.4398175204256056e-09
30950.04800076804 1.0995182851435308e-09
31000.04800076804 2.0541759955420615e-09
31050.04800076804 1.4660391390737917e-09
31100.04800076804 9.330453441448663e-10
31150.04800076804 1.370905297503377e-09
31200.04800076804 2.0630379616262408e-09
31250.04800076804 1.0651852089233186e-09
31300.04800076804 7.662454778735472e-10
31350.04800076804 1.3913581494501514e-09
31400.04800076804 6.486349815706215e-10
31450.04800076804 1.1129656558042782e-09
31500.04800076804 4.5351864736652813e-10
31550.04800076804 5.559310027179992e-10
31600.04800076804 3.531116506264822e-10
31650.04800076804 3.7388546089323117e-10
31700.04800076804 4.313733276508091e-10
31750.04800076804 1.322820673982559e-10
31800.04800076804 3.9392516247047535e-10
31850.04800076804 8.571153065169755e-11
31900.04800076804 2.1289809029407248e-10
31950.04800076804 1.2640863866096757e-10
32000.04800076804 1.063620805169781e-10
32050.04800076804 9.180317353707777e-11
32100.04800076804 7.260862278296822e-11
32150.04800076804 9.40261151599478e-11
32200.04800076804 4.8113710910463327e-11
32250.04800076804 1.52878389629382e-10
32300.04800076804 3.593861572858159e-11
32350.04800076804 1.5001912151529482e-10
32400.04800076804 3.138195094564685e-11
32450.04800076804 8.116736731412831e-11
32500.04800076804 3.809688169104365e-11
32550.04800076804 9.389313444735465e-11
32600.04800076804 3.5043227888655355e-11
32650.04800076804 1.884353593172855e-10
32700.04800076804 6.247971183457668e-11
32750.04800076804 3.610360345711369e-10
32800.04800076804 1.6127637668235288e-10
32850.04800076804 6.024583062725629e-10
32900.04800076804 4.4741368651337717e-10
32950.04800076804 5.955664348744297e-10
33000.04800076804 2.3374304602760966e-10
33050.04800076804 2.767125154906275e-10
33100.04800076804 7.414694106900055e-11
33150.04800076804 6.500577561286749e-14
33200.04800076804 1.9951629257874245e-12
33250.04800076804 3.023310576904414e-12
33300.04800076804 1.6701447250333882e-11
33350.04800076804 6.116700759135838e-11
33400.04800076804 1.8224689779732105e-10
33450.04800076804 9.483378470547811e-11
33500.04800076804 3.6410862135115554e-10
33550.04800076804 1.3928141027585373e-10
33600.04800076804 2.062281840551333e-10
33650.04800076804 1.6525436549491682e-10
33700.04800076804 1.01731449217849e-10
33750.04800076804 2.858149050642954e-10
33800.04800076804 5.047833259447435e-11
33850.04800076804 1.6759620619366512e-10
33900.04800076804 1.937561275136742e-10
33950.04800076804 1.666687825377626e-10
34000.04800076804 3.278817326998946e-10
34050.04800076804 5.368190665507366e-11
34100.04800076804 2.758611675272806e-10
34150.04800076804 1.3034444741596026e-10
34200.04800076804 2.631524863301597e-10
34250.04800076804 1.7628494940989844e-10
34300.04800076804 1.8381996381796407e-10
34350.04800076804 4.1888114962140234e-10
34400.04800076804 1.4521084829984204e-10
34450.04800076804 3.9485208034133484e-10
34500.04800076804 1.5947332059921354e-10
34550.04800076804 1.580684927750309e-10
34600.04800076804 6.382422745571478e-10
34650.04800076804 1.1010281716770327e-10
34700.04800076804 2.715159744158354e-10
34750.04800076804 2.092196451010545e-10
34800.04800076804 2.454565686612366e-10
34850.04800076804 4.9782853106581e-10
34900.04800076804 2.2707129437717896e-10
34950.04800076804 3.201725710970906e-10
35000.04800076804 9.078622088338036e-10
35050.04800076804 4.6549879756564124e-10
35100.04800076804 9.135665350038993e-10
35150.04800076804 7.253632673404121e-10
35200.04800076804 9.339803367273713e-10
35250.04800076804 1.1035337265228926e-09
35300.04800076804 6.063070597105311e-10
35350.04800076804 8.964973907098522e-10
35400.04800076804 6.628512118091438e-10
35450.04800076804 4.930014123524182e-10
35500.04800076804 2.1764445981930006e-09
35550.04800076804 1.078105389933818e-09
35600.04800076804 1.476155157667712e-09
35650.04800076804 1.6230944792809262e-09
35700.04800076804 1.1545998161013461e-09
35750.04800076804 2.355461184193033e-09
35800.04800076804 1.2546199792277008e-09
35850.04800076804 6.410992331867661e-10
35900.04800076804 1.2393665173133821e-09
35950.04800076804 1.0363495683221719e-09
36000.04800076804 4.579792203453996e-10
36050.04800076804 1.0127598485721027e-09
36100.04800076804 8.257634955560942e-10
36150.04800076804 1.994018536900418e-09
36200.04800076804 1.678733608952401e-09
36250.04800076804 1.6179354031083256e-09
36300.04800076804 2.5038235659959017e-09
36350.04800076804 1.6284012413576795e-09
36400.04800076804 3.2237003637793583e-09
36450.04800076804 2.152459825886853e-09
36500.04800076804 2.8158924773347403e-09
36550.04800076804 4.301979994419751e-09
36600.04800076804 4.26676387022093e-09
36650.04800076804 3.8362582922272535e-09
36700.04800076804 5.00829639844761e-09
36750.04800076804 5.428069333818442e-09
36800.04800076804 4.462048036564056e-09
36850.04800076804 2.5640416832310086e-09
36900.04800076804 4.046290660530494e-09
36950.04800076804 4.743539033958978e-09
37000.04800076804 3.5373328830670437e-09
37050.04800076804 5.946954887724971e-09
37100.04800076804 4.852803969354394e-09
37150.04800076804 4.772395538463411e-09
37200.04800076804 4.391709529340168e-09
37250.04800076804 3.8752864464395056e-09
37300.04800076804 3.3750268197307428e-09
37350.04800076804 5.905525626615779e-09
37400.04800076804 6.347082381297314e-09
37450.04800076804 3.2969013951121175e-09
37500.04800076804 5.226610972873665e-09
37550.04800076804 8.138303837380657e-09
37600.04800076804 1.0992528299521314e-08
37650.04800076804 5.8631872518851325e-09
37700.04800076804 8.385713441029308e-09
37750.04800076804 4.736574182748207e-09
37800.04800076804 5.2530509864321134e-09
37850.04800076804 3.415637601037467e-09
37900.04800076804 5.193830721648701e-09
37950.04800076804 7.528855418245678e-09
38000.04800076804 9.008112114070588e-09
38050.04800076804 1.2354814087413513e-08
38100.04800076804 1.193510542620797e-08
38150.04800076804 1.2310587877190042e-08
38200.04800076804 1.2285703241658994e-08
38250.04800076804 1.3024534471659824e-08
38300.04800076804 2.407534205526169e-08
38350.04800076804 1.8445780875505723e-08
38400.04800076804 8.102467321518884e-09
38450.04800076804 6.061102333991855e-09
38500.04800076804 2.6883512695245484e-09
38550.04800076804 6.691982251509158e-09
38600.04800076804 8.98403985068288e-09
38650.04800076804 1.2516110690143913e-08
38700.04800076804 9.339017205129966e-09
38750.04800076804 1.2237271302520267e-08
38800.04800076804 8.531505159334063e-09
38850.04800076804 1.601560228951719e-08
38900.04800076804 1.5774592778034692e-08
38950.04800076804 1.09854734580725e-08
39000.04800076804 2.002150947401697e-08
39050.04800076804 1.2163314821796986e-08
39100.04800076804 1.9134058534941844e-08
39150.04800076804 1.642409812345617e-08
39200.04800076804 1.1394866407652288e-08
39250.04800076804 1.8815513681517903e-08
39300.04800076804 1.6042582872932554e-08
39350.04800076804 3.259686434259008e-08
39400.04800076804 1.9182178181637163e-08
39450.04800076804 2.121005432703033e-08
39500.04800076804 2.172050408244897e-08
39550.04800076804 1.6193758127464918e-08
39600.04800076804 2.6068383000335983e-08
39650.04800076804 3.293657977654687e-08
39700.04800076804 1.9750693176060123e-08
39750.04800076804 1.2959087339580318e-08
39800.04800076804 1.6098326903686208e-08
39850.04800076804 2.8655963007893417e-08
39900.04800076804 3.3760178625576226e-08
39950.04800076804 2.237343824810323e-08
40000.04800076804 3.564305348531263e-08
40050.04800076804 2.837510747070796e-08
40100.04800076804 1.3660116425880655e-08
40150.04800076804 3.470336144092101e-08
40200.04800076804 3.541507154226457e-08
40250.04800076804 3.5337019665488856e-08
40300.04800076804 4.0980135899434065e-08
40350.04800076804 2.068834305682474e-08
40400.04800076804 3.6904938667303394e-08
40450.04800076804 2.2968494203105755e-08
40500.04800076804 4.6910570669260866e-08
40550.04800076804 3.971339915659845e-08
40600.04800076804 3.4407407976035727e-08
40650.04800076804 3.209047146608373e-08
40700.04800076804 6.21083610668217e-08
40750.04800076804 4.53980352375826e-08
40800.04800076804 2.6397646976357976e-08
40850.04800076804 6.154800217030954e-08
40900.04800076804 4.67754553004689e-08
40950.04800076804 3.530329786621331e-08
41000.04800076804 4.609634490033653e-08
41050.04800076804 6.493189467722138e-08
41100.04800076804 3.220191318639173e-08
41150.04800076804 2.2695532149941885e-08
41200.04800076804 6.896439536173516e-08
41250.04800076804 4.6071651003264996e-08
41300.04800076804 4.511081759654557e-08
41350.04800076804 7.183461154024181e-08
41400.04800076804 5.1235541494606e-08
41450.04800076804 6.590244038517722e-08
41500.04800076804 4.281333234549932e-08
41550.04800076804 3.70866819523441e-08
41600.04800076804 5.62164031288269e-08
41650.04800076804 6.498723115111425e-08
41700.04800076804 5.919816555668995e-08
41750.04800076804 5.323591834440281e-08
41800.04800076804 6.903413218806671e-08
41850.04800076804 4.7311699213696156e-08
41900.04800076804 4.4232300242600154e-08
41950.04800076804 5.150161444543022e-08
42000.04800076804 6.44869226581193e-08
42050.04800076804 5.580577874479891e-08
42100.04800076804 7.152126701520753e-08
42150.04800076804 5.382587006242311e-08
42200.04800076804 6.58574682146667e-08
42250.04800076804 4.649614949370208e-08
42300.04800076804 4.4351703131299835e-08
42350.04800076804 6.188703677444208e-08
42400.04800076804 5.957136090198256e-08
42450.04800076804 6.681272478249483e-08
42500.04800076804 6.064164780932239e-08
42550.04800076804 5.576991460741556e-08
42600.04800076804 5.583260502864644e-08
42650.04800076804 9.42175657377549e-08
42700.04800076804 4.342339710445617e-08
42750.04800076804 5.637725099156668e-08
42800.04800076804 5.414049530706217e-08
42850.04800076804 7.135290707994258e-08
42900.04800076804 7.714701644690026e-08
42950.04800076804 5.544329621588263e-08
43000.04800076804 7.964560526643549e-08
43050.04800076804 3.255420101911653e-08
43100.04800076804 5.0478696014847065e-08
43150.04800076804 5.979173024469942e-08
43200.04800076804 7.900552458450974e-08
43250.04800076804 9.202805046381422e-08
43300.04800076804 9.918692051830599e-08
43350.04800076804 5.508384357728918e-08
43400.04800076804 7.332559015047285e-08
43450.04800076804 4.325226366380977e-08
43500.04800076804 4.9255144487284574e-08
43550.04800076804 5.5609854538713364e-08
43600.04800076804 7.887179854339138e-08
43650.04800076804 4.174398978897758e-08
