galfind/configs/Brown_Dwarf_templates/sonora_cholla/logkzz7/31g/500K_31g_logkzz7_resample.dat
# %ECSV 1.0
# ---
# datatype:
# - {name: wav, unit: Angstrom, datatype: float64}
# - {name: flux_nu, unit: erg / (cm2 Hz s), datatype: float64}
# schema: astropy-2.0
wav flux_nu
[from data line 1211]
63550.04800076804 7.927023927810358e-09
63600.04800076804 8.357497649260993e-09
63650.04800076804 3.970296169059491e-09
63700.04800076804 7.667616219128357e-10
63750.04800076804 3.3135263989495872e-09
63800.04800076804 1.0403820863987647e-08
63850.04800076804 6.720933369312419e-09
63900.04800076804 1.2486781040863323e-09
63950.04800076804 4.823777337259867e-09
64000.04800076804 6.290112702399979e-09
64050.04800076804 1.8265227376704915e-09
64100.04800076804 2.774440747893974e-10
64150.04800076804 4.38744827765641e-10
64200.04800076804 5.810949786669711e-10
64250.04800076804 2.999574873881712e-09
64300.04800076804 2.494306580308899e-09
64350.04800076804 1.5358683237382384e-09
64400.04800076804 5.0923531506944565e-09
64450.04800076804 6.564811411263579e-09
64500.04800076804 2.1953824485290027e-09
64550.04800076804 5.6650843361788155e-09
64600.04800076804 2.65644390384128e-09
64650.04800076804 4.186528979637381e-09
64700.04800076804 1.014361366091351e-09
64750.04800076804 2.3773307913672436e-09
64800.04800076804 1.0719893966564991e-09
64850.04800076804 5.259148935241643e-10
64900.04800076804 4.477853186990218e-10
64950.04800076804 3.5508520123303107e-10
65000.04800076804 8.993403434657029e-10
65050.04800076804 2.537086104088367e-09
65100.04800076804 4.261881006516932e-09
65150.04800076804 1.56659507536596e-09
65200.04800076804 3.7405148230545917e-10
65250.04800076804 2.6190789994496065e-09
65300.04800076804 3.2919231472082254e-09
65350.04800076804 9.544927699535171e-09
65400.04800076804 3.012580489359674e-09
65450.04800076804 3.057054436696183e-09
65500.04800076804 3.781075487543102e-09
65550.04800076805 1.1025411729364341e-09
65600.04800076805 3.5158654224305466e-09
65650.04800076805 1.5328699521193007e-09
65700.04800076805 1.379740637933556e-09
65750.04800076805 9.32710266538529e-10
65800.04800076805 2.910351122441317e-09
65850.04800076805 4.1451926606501285e-09
65900.04800076805 6.850775547830972e-10
65950.04800076805 2.1101756311884654e-09
66000.04800076805 2.8311120863362816e-09
66050.04800076805 7.387420384266726e-09
66100.04800076805 3.523780757012498e-09
66150.04800076805 3.2085469206612684e-09
66200.04800076805 3.1536305864789018e-09
66250.04800076805 1.5167350824860862e-09
66300.04800076805 4.451099958809481e-10
66350.04800076805 2.36805762792666e-10
66400.04800076805 6.03155634807614e-10
66450.04800076805 3.081254621520242e-09
66500.04800076805 5.5891640111885606e-09
66550.04800076805 6.605128930262455e-09
66600.04800076805 5.011115122407143e-09
66650.04800076805 2.5319882283966955e-09
66700.04800076805 1.6953310530428378e-09
66750.04800076805 1.989147926889529e-09
66800.04800076805 2.358178427748649e-09
66850.04800076805 1.4078762023921674e-09
66900.04800076805 7.579591771690135e-09
66950.04800076805 7.32710493444696e-09
67000.04800076805 7.3665081612274534e-09
67050.04800076805 3.947281628340637e-09
67100.04800076805 1.690818728929771e-09
67150.04800076805 2.441982978899381e-09
67200.04800076805 4.140046313437325e-09
67250.04800076805 3.872415665285341e-09
67300.04800076805 8.479044983827789e-09
67350.04800076805 3.603072628761753e-09
67400.04800076805 9.424613186775676e-09
67450.04800076805 4.9385459703915006e-09
67500.04800076805 4.268054221022134e-09
67550.04800076805 1.1995072351800051e-08
67600.04800076805 1.922287690181117e-08
67650.04800076805 1.3845109839723496e-08
67700.04800076805 6.137357049325965e-09
67750.04800076805 3.095594794111401e-09
67800.04800076805 5.073703789041628e-09
67850.04800076805 1.7681604190965486e-09
67900.04800076805 2.164118878465456e-09
67950.04800076805 1.869050234550539e-09
68000.04800076805 5.098727118487704e-09
68050.04800076805 7.924385743858402e-09
68100.04800076805 1.3724905541818139e-08
68150.04800076805 1.0500244678567565e-08
68200.04800076805 6.322377176133164e-09
68250.04800076805 8.888413741174693e-10
68300.04800076805 6.29273374487086e-09
68350.04800076805 6.585855346744258e-09
68400.04800076805 1.5004858824302575e-08
68450.04800076805 1.1341714902195554e-08
68500.04800076805 5.541523230249739e-09
68550.04800076805 1.665801375306605e-09
68600.04800076805 1.6420014773455002e-09
68650.04800076805 7.140243826062353e-10
68700.04800076805 2.7100707547240357e-09
68750.04800076805 5.927449203990786e-09
68800.04800076805 7.25260836235179e-09
68850.04800076805 2.3210438178983377e-09
68900.04800076805 1.1758947747598948e-08
68950.04800076805 1.2451871103240276e-08
69000.04800076805 7.3227176004984936e-09
69050.04800076805 2.8381650303936076e-09
69100.04800076805 9.958991368999865e-09
69150.04800076805 1.6414759660378194e-08
69200.04800076805 1.3350504068738063e-08
69250.04800076805 1.6694764060036924e-08
69300.04800076805 7.884518767630986e-09
69350.04800076805 2.0829616354728096e-08
69400.04800076805 6.20367840470796e-09
69450.04800076805 1.728887542482562e-08
69500.04800076805 7.235073710841543e-09
69550.04800076805 4.595990003173652e-09
69600.04800076805 9.018780530262546e-10
69650.04800076805 4.572920305171763e-09
69700.04800076805 1.0015359680706874e-08
69750.04800076805 6.14131054233828e-09
69800.04800076805 1.2123232204452462e-08
69850.04800076805 1.1656145828546675e-08
69900.04800076805 6.019524764084499e-09
69950.04800076805 6.063308638513662e-09
70000.04800076805 7.76274237918863e-09
70050.04800076805 1.7085816933202597e-08
70100.04800076805 1.3347729660605816e-08
70150.04800076805 7.909598590274128e-09
70200.04800076805 5.02368177400986e-09
70250.04800076805 7.229797599320283e-09
70300.04800076805 1.5782118680576954e-08
70350.04800076805 1.1050004953929125e-08
70400.04800076805 4.541189120141306e-09
70450.04800076805 4.311913369180382e-10
70500.04800076805 3.6810976488634825e-09
70550.04800076805 4.054179531834541e-09
70600.04800076805 4.0212650285354665e-09
70650.04800076805 1.3054620172043944e-08
70700.04800076805 1.3227322493751319e-08
70750.04800076805 2.1253933676278766e-08
70800.04800076805 7.603319531021886e-09
70850.04800076805 9.202392883498326e-09
70900.04800076805 1.1786378599725256e-08
70950.04800076805 1.7016138847994345e-08
71000.04800076805 1.3882530651827362e-08
71050.04800076805 1.504617821448651e-08
71100.04800076805 9.678483963217805e-09
71150.04800076805 6.4717874731097745e-09
71200.04800076805 5.990669729448412e-09
71250.04800076805 1.1800546975903878e-08
71300.04800076805 1.7192809845230265e-08
71350.04800076805 1.806754216047148e-08
71400.04800076805 1.2147568596011398e-08
71450.04800076805 3.7079366760661267e-09
71500.04800076805 4.3996451720722566e-09
71550.04800076805 6.884742987233551e-09
71600.04800076805 7.034679175387243e-09
71650.04800076805 4.271404673407616e-09
71700.04800076805 2.7837986873985095e-09
71750.04800076805 8.054965584049646e-09
71800.04800076805 1.3950611333596366e-08
71850.04800076805 1.3031317096054656e-08
71900.04800076805 5.811467044663611e-09
71950.04800076805 9.720611591470901e-09
72000.04800076805 8.309930937136307e-09
72050.04800076805 3.402650330231964e-09
72100.04800076805 4.214232466147949e-09
72150.04800076805 4.747391027657958e-09
72200.04800076805 1.024876254783602e-08
72250.04800076805 1.423714339013976e-08
72300.04800076805 8.189593668038e-09
72350.04800076805 1.135036479629865e-08
72400.04800076805 9.332282148592744e-09
72450.04800076805 6.307279284940266e-09
72500.04800076805 9.621478876107915e-09
72550.04800076805 3.1012959622927546e-09
72600.04800076805 6.16204051760641e-09
72650.04800076805 1.2593255751781054e-08
72700.04800076805 6.155768801777964e-09
72750.04800076805 6.232923555983794e-09
72800.04800076805 3.2500845968755765e-09
72850.04800076805 5.163165939802989e-09
72900.04800076805 1.2895913306701022e-08
72950.04800076805 7.3195226549110825e-09
73000.04800076805 7.821318854838829e-09
73050.04800076805 3.1280625360007697e-09
73100.04800076805 4.746432296660005e-09
73150.04800076805 1.3070460272379063e-08
73200.04800076805 3.9731039302851455e-09
73250.04800076805 5.704312163963159e-09
73300.04800076805 3.862402905946709e-09
73350.04800076805 2.387266202145577e-09
73400.04800076805 5.692890069444259e-09
73450.04800076805 2.7365784066947164e-09
73500.04800076805 2.217397089933077e-09
73550.04800076805 4.268700079578093e-09
73600.04800076805 4.358073944407596e-09
73650.04800076805 5.163599514095552e-09
73700.04800076805 4.609528755901983e-09
73750.04800076805 1.1545662473653813e-09
73800.04800076805 4.18912620225662e-09
73850.04800076805 6.667273607406033e-09
73900.04800076805 2.7397494236895594e-09
73950.04800076805 3.234852679778448e-09
74000.04800076805 1.1424819738495996e-09
74050.04800076805 7.346473749329035e-09
74100.04800076805 5.087357703731538e-09
74150.04800076805 5.002943758349998e-09
74200.04800076805 1.9272008844359532e-09
74250.04800076805 2.340529220452926e-10
74300.04800076805 4.370731660251326e-09
74350.04800076805 7.3895852642991375e-09
74400.04800076805 6.526441871265784e-09
74450.04800076805 1.9090361746058198e-09
74500.04800076805 8.572898432837756e-10
74550.04800076805 2.70186985578947e-09
74600.04800076805 4.098335903140369e-09
74650.04800076805 4.34599871375282e-09
74700.04800076805 2.6896977937029847e-09
74750.04800076805 1.046354505045801e-09
74800.04800076805 1.8116593291646785e-09
74850.04800076805 2.693482412625686e-09
74900.04800076805 6.594622272562345e-09
74950.04800076805 5.844140131443517e-09
75000.04800076805 2.1905957195187784e-09
75050.04800076805 1.944322440955783e-10
75100.04800076805 5.167691965106545e-09
75150.04800076805 8.005094410996329e-09
75200.04800076805 8.533676669882597e-09
75250.04800076805 7.380412635056105e-09
75300.04800076805 4.469788792743453e-09
75350.04800076805 9.042808220610547e-10
75400.04800076805 7.588579788563761e-09
75450.04800076805 7.976065311629952e-09
75500.04800076805 8.53028489279822e-09
75550.04800076805 6.79442598006594e-09
75600.04800076805 7.615270473938394e-09
75650.04800076805 3.6275469821326695e-09
75700.04800076805 1.0390604663343215e-08
75750.04800076805 4.28730706220217e-09
75800.04800076805 7.879757575164442e-09
75850.04800076805 9.146080200424738e-09
75900.04800076805 9.944665553970051e-09
75950.04800076805 3.705738570575052e-09
76000.04800076805 1.1401639800813374e-08
76050.04800076805 1.1576719219624056e-08
76100.04800076805 9.376827587453005e-09
76150.04800076805 1.0747702712783594e-08
76200.04800076805 8.597331306328457e-09
76250.04800076805 3.6440122798275568e-09
76300.04800076805 1.3251272417213382e-08
76350.04800076805 1.632086105272189e-08
76400.04800076805 1.3307381407635495e-08
76450.04800076805 9.136914998277248e-09
76500.04800076805 5.117438377357577e-09
76550.04800076805 1.488181694027955e-09
76600.04800076805 2.2942017798756314e-10
76650.04800076805 2.066640501695612e-10
76700.04800076805 4.3477822183841026e-10
76750.04800076805 6.16592450866339e-10
76800.04800076805 1.378612166360572e-09
76850.04800076805 4.6333643603506864e-10
76900.04800076805 4.5265495588101935e-10
76950.04800076805 1.8162113919717856e-09
77000.04800076805 4.020733267325714e-09
77050.04800076805 4.1638777759222694e-10
77100.04800076805 3.9567842052001843e-10
77150.04800076805 4.5172718272892375e-09
77200.04800076805 1.962002078057435e-09
77250.04800076805 1.020215172206988e-09
77300.04800076805 3.848328005808078e-09
77350.04800076805 1.4327026514904447e-09
77400.04800076805 1.4568660942241007e-09
77450.04800076805 5.430096934619375e-09
77500.04800076805 3.7111593085164965e-09
77550.04800076805 2.2548989904965156e-09
77600.04800076805 8.772980546104107e-10
77650.04800076805 1.2470786514495678e-09
77700.04800076805 1.1290234657970075e-09
77750.04800076805 5.2133794731211534e-09
77800.04800076805 5.953399406917255e-09
77850.04800076805 1.0725066917814972e-08
77900.04800076805 3.5652464990008465e-09
77950.04800076805 4.579582935476335e-10
78000.04800076805 2.2323028164165957e-09
78050.04800076805 3.880790660311128e-09
78100.04800076805 4.575475496703033e-09
78150.04800076805 9.5840257118035e-09
78200.04800076805 9.851041284876898e-09
78250.04800076805 7.221972759328932e-09
78300.04800076805 2.200107484274876e-09
78350.04800076805 6.134492335504036e-09
78400.04800076805 1.950930408581133e-09
78450.04800076805 5.436428663437247e-09
78500.04800076805 9.123272726014342e-09
78550.04800076805 1.5023928676281918e-08
78600.04800076805 9.558452618287156e-09
78650.04800076805 6.670105660954323e-10
78700.04800076805 1.6354470602881443e-09
78750.04800076805 3.6147016114524393e-09
78800.04800076805 3.4868488813962393e-09
78850.04800076805 9.463814296999048e-10
78900.04800076805 4.410861755064919e-09
78950.04800076805 8.329905821893943e-09
79000.04800076805 5.855482171047795e-09
79050.04800076805 3.631916250374333e-09
79100.04800076805 4.65213965010253e-09
79150.04800076805 4.065414852256994e-09
79200.04800076805 5.842088018332908e-09
79250.04800076805 2.3787966815390483e-09
79300.04800076805 2.339717475342959e-09
79350.04800076805 3.882475639223969e-09
79400.04800076805 2.2226542283518393e-09
79450.04800076805 8.964510026508244e-09
79500.04800076805 1.386001323423562e-08
79550.04800076805 8.322551015712794e-09
79600.04800076805 4.079609714846766e-09
79650.04800076805 7.963449890323138e-09
79700.04800076805 6.050225928086947e-09
79750.04800076805 5.7332242278264496e-09
79800.04800076805 1.846186026585173e-09
79850.04800076805 7.641205020511554e-09
79900.04800076805 1.4234980706724122e-08
79950.04800076805 1.1608931318815341e-08
