galfind/configs/Brown_Dwarf_templates/sonora_cholla/logkzz7/31g/550K_31g_logkzz7_resample.dat
# %ECSV 1.0
# ---
# datatype:
# - {name: wav, unit: Angstrom, datatype: float64}
# - {name: flux_nu, unit: erg / (cm2 Hz s), datatype: float64}
# schema: astropy-2.0
wav flux_nu
[from data line 1211]
63550.04800076804 1.519269747253069e-08
63600.04800076804 1.6195441287506066e-08
63650.04800076804 7.918246679883359e-09
63700.04800076804 2.0088412224425278e-09
63750.04800076804 6.951505963707769e-09
63800.04800076804 1.983449450992992e-08
63850.04800076804 1.2938958357732395e-08
63900.04800076804 3.036169053741378e-09
63950.04800076804 1.0025638017243442e-08
64000.04800076804 1.2486231112205266e-08
64050.04800076804 4.017907724661171e-09
64100.04800076804 7.547967858053372e-10
64150.04800076804 1.2061959317511365e-09
64200.04800076804 1.5319707668945679e-09
64250.04800076804 6.265164042057073e-09
64300.04800076804 4.927578235839891e-09
64350.04800076804 3.109966671750207e-09
64400.04800076804 9.825496211989086e-09
64450.04800076804 1.2327789214990902e-08
64500.04800076804 4.068320083391054e-09
64550.04800076804 9.970750066367985e-09
64600.04800076804 4.1940705597377384e-09
64650.04800076804 7.865164644300785e-09
64700.04800076804 2.1053758975507364e-09
64750.04800076804 4.687560126918325e-09
64800.04800076804 2.5483376171472175e-09
64850.04800076804 1.3263643418224545e-09
64900.04800076804 1.258346109904425e-09
64950.04800076804 1.076554908891817e-09
65000.04800076804 2.2219716180541417e-09
65050.04800076804 5.034506764103479e-09
65100.04800076804 8.453535886207743e-09
65150.04800076804 3.0238621797914245e-09
65200.04800076804 1.0513047944429388e-09
65250.04800076804 5.595980368067321e-09
65300.04800076804 5.856511884339228e-09
65350.04800076804 1.6965216772174028e-08
65400.04800076804 5.618317924741432e-09
65450.04800076804 5.818085864300945e-09
65500.04800076804 7.286868945889408e-09
65550.04800076805 2.3914366500758884e-09
65600.04800076805 6.773548532453141e-09
65650.04800076805 3.4480714954560944e-09
65700.04800076805 3.1250847940770704e-09
65750.04800076805 2.0817341051816224e-09
65800.04800076805 5.628404021033701e-09
65850.04800076805 7.81170121069154e-09
65900.04800076805 1.6305334761667821e-09
65950.04800076805 3.9482808541804734e-09
66000.04800076805 5.3527590757564084e-09
66050.04800076805 1.3604518155296272e-08
66100.04800076805 6.431572276524619e-09
66150.04800076805 5.6612482403338295e-09
66200.04800076805 5.5094497922033795e-09
66250.04800076805 3.077598523738293e-09
66300.04800076805 1.004381963375397e-09
66350.04800076805 6.708590744429988e-10
66400.04800076805 1.5830061281582969e-09
66450.04800076805 6.556637529771985e-09
66500.04800076805 1.0789869982105722e-08
66550.04800076805 1.2367588911139984e-08
66600.04800076805 9.225653331685327e-09
66650.04800076805 5.271806907385005e-09
66700.04800076805 3.76737617136747e-09
66750.04800076805 4.0515285060445345e-09
66800.04800076805 4.956502924263579e-09
66850.04800076805 2.9661865486400156e-09
66900.04800076805 1.3871043604100992e-08
66950.04800076805 1.3593771695289586e-08
67000.04800076805 1.3531888115173931e-08
67050.04800076805 7.339633159584974e-09
67100.04800076805 3.4301493242484088e-09
67150.04800076805 4.455102842367297e-09
67200.04800076805 7.70112723281025e-09
67250.04800076805 7.262539265381793e-09
67300.04800076805 1.3686045223880068e-08
67350.04800076805 6.006151168053617e-09
67400.04800076805 1.6012423273868553e-08
67450.04800076805 8.876142315082004e-09
67500.04800076805 7.643981642346753e-09
67550.04800076805 1.8510666546265754e-08
67600.04800076805 3.0678014043773633e-08
67650.04800076805 2.2321231256582816e-08
67700.04800076805 1.051557975562366e-08
67750.04800076805 5.911803011225883e-09
67800.04800076805 9.653496763641842e-09
67850.04800076805 3.528521348448397e-09
67900.04800076805 4.457274802850239e-09
67950.04800076805 3.6780336805828433e-09
68000.04800076805 9.068883187571385e-09
68050.04800076805 1.4154704614725852e-08
68100.04800076805 2.2664773477119874e-08
68150.04800076805 1.726504035626807e-08
68200.04800076805 1.1621654073450892e-08
68250.04800076805 1.8792573120810464e-09
68300.04800076805 1.14611045303756e-08
68350.04800076805 9.163930461301394e-09
68400.04800076805 2.4855518117594517e-08
68450.04800076805 1.8888452862253473e-08
68500.04800076805 1.0225152419271466e-08
68550.04800076805 3.4732083726293154e-09
68600.04800076805 3.5224793627613324e-09
68650.04800076805 1.5611980949438155e-09
68700.04800076805 5.2179648363288125e-09
68750.04800076805 1.0080387417486588e-08
68800.04800076805 1.2642859877372272e-08
68850.04800076805 4.119405755241272e-09
68900.04800076805 1.960355224870356e-08
68950.04800076805 1.978917991122067e-08
69000.04800076805 1.2576775996679456e-08
69050.04800076805 5.2728132689841105e-09
69100.04800076805 1.7291407858772493e-08
69150.04800076805 2.7063902566958306e-08
69200.04800076805 2.00872244006454e-08
69250.04800076805 2.762011003561864e-08
69300.04800076805 1.3374375644705921e-08
69350.04800076805 3.14958331193903e-08
69400.04800076805 9.368656850046813e-09
69450.04800076805 2.683112041203997e-08
69500.04800076805 1.1733852162294436e-08
69550.04800076805 8.263521667441668e-09
69600.04800076805 1.8207570691867936e-09
69650.04800076805 7.98079726681427e-09
69700.04800076805 1.7170616031026792e-08
69750.04800076805 1.0628729544535274e-08
69800.04800076805 1.9214149537493406e-08
69850.04800076805 1.8633492571593616e-08
69900.04800076805 1.0119778110680736e-08
69950.04800076805 1.041763370337473e-08
70000.04800076805 1.253733695330115e-08
70050.04800076805 2.7354579158042856e-08
70100.04800076805 2.021944571322897e-08
70150.04800076805 1.321457096474397e-08
70200.04800076805 8.503012667895116e-09
70250.04800076805 1.2681819486330072e-08
70300.04800076805 2.534399241828859e-08
70350.04800076805 1.7350935456236175e-08
70400.04800076805 7.837146378808296e-09
70450.04800076805 1.0027556518147286e-09
70500.04800076805 6.399177056003133e-09
70550.04800076805 6.85392722886206e-09
70600.04800076805 6.60544619639223e-09
70650.04800076805 2.0294831904695625e-08
70700.04800076805 1.999906051669132e-08
70750.04800076805 3.037612149853078e-08
70800.04800076805 1.2059449811993375e-08
70850.04800076805 1.3759890800702517e-08
70900.04800076805 1.6725915937457297e-08
70950.04800076805 2.4995005138169253e-08
71000.04800076805 2.065202827529859e-08
71050.04800076805 2.2291477034586483e-08
71100.04800076805 1.4059630039236202e-08
71150.04800076805 1.0883897385606332e-08
71200.04800076805 9.747413513624052e-09
71250.04800076805 1.697357497124243e-08
71300.04800076805 2.4906308204526154e-08
71350.04800076805 2.6928718423905432e-08
71400.04800076805 1.9114412218432447e-08
71450.04800076805 6.552189094527109e-09
71500.04800076805 7.473153723112703e-09
71550.04800076805 1.1021350362041291e-08
71600.04800076805 1.1334774367560418e-08
71650.04800076805 7.522613148201415e-09
71700.04800076805 5.060135859146452e-09
71750.04800076805 1.2288747728212122e-08
71800.04800076805 2.1296965252482417e-08
71850.04800076805 1.97774197812648e-08
71900.04800076805 9.376214962567536e-09
71950.04800076805 1.4318938726372835e-08
72000.04800076805 1.2879179811919966e-08
72050.04800076805 5.827873470188147e-09
72100.04800076805 6.940580614910134e-09
72150.04800076805 6.920950654116725e-09
72200.04800076805 1.538891823712022e-08
72250.04800076805 2.007336765588109e-08
72300.04800076805 1.2849205991334806e-08
72350.04800076805 1.6846364100344408e-08
72400.04800076805 1.3484293833287713e-08
72450.04800076805 9.419448687637765e-09
72500.04800076805 1.41281254197777e-08
72550.04800076805 4.906266921981445e-09
72600.04800076805 9.304016341945854e-09
72650.04800076805 1.88483691503303e-08
72700.04800076805 1.0457615766345679e-08
72750.04800076805 1.0292723981915552e-08
72800.04800076805 5.7011360965438024e-09
72850.04800076805 8.172034328054917e-09
72900.04800076805 1.9269990636338475e-08
72950.04800076805 1.187129537331424e-08
73000.04800076805 1.2350651233268009e-08
73050.04800076805 5.628108476820543e-09
73100.04800076805 7.815651984728765e-09
73150.04800076805 2.0609671653053725e-08
73200.04800076805 6.518374787573651e-09
73250.04800076805 9.716811034903547e-09
73300.04800076805 6.941876539566581e-09
73350.04800076805 4.369746401658088e-09
73400.04800076805 9.489538550768539e-09
73450.04800076805 4.777015564570801e-09
73500.04800076805 3.897560059816949e-09
73550.04800076805 7.697753413185138e-09
73600.04800076805 7.005623020057685e-09
73650.04800076805 8.98474788961875e-09
73700.04800076805 8.345904134529017e-09
73750.04800076805 2.458154372754429e-09
73800.04800076805 7.384802617036063e-09
73850.04800076805 1.0943074729673241e-08
73900.04800076805 5.544681820971256e-09
73950.04800076805 6.043962360607647e-09
74000.04800076805 2.5614920216516645e-09
74050.04800076805 1.312056116628349e-08
74100.04800076805 8.69985411307113e-09
74150.04800076805 8.43749360617408e-09
74200.04800076805 4.110426132673214e-09
74250.04800076805 6.543948529516865e-10
74300.04800076805 7.527353887795058e-09
74350.04800076805 1.272448253541487e-08
74400.04800076805 1.1551976784398466e-08
74450.04800076805 3.881830229469726e-09
74500.04800076805 2.0770146640194626e-09
74550.04800076805 5.469425621794508e-09
74600.04800076805 7.057524689164288e-09
74650.04800076805 7.364227334316327e-09
74700.04800076805 4.646878478059059e-09
74750.04800076805 2.3990368368150734e-09
74800.04800076805 3.985190304445125e-09
74850.04800076805 4.368314300689008e-09
74900.04800076805 1.1369859923865671e-08
74950.04800076805 1.0808313886059188e-08
75000.04800076805 4.351873416931785e-09
75050.04800076805 7.421015226673062e-10
75100.04800076805 9.950123848682027e-09
75150.04800076805 1.305491373053877e-08
75200.04800076805 1.3967917314634172e-08
75250.04800076805 1.3296899800596064e-08
75300.04800076805 9.209696815120465e-09
75350.04800076805 2.4050984510155923e-09
75400.04800076805 1.3901341454481144e-08
75450.04800076805 1.298711835295898e-08
75500.04800076805 1.3152598466067714e-08
75550.04800076805 1.1644983465554752e-08
75600.04800076805 1.4302076507963628e-08
75650.04800076805 7.297766677862234e-09
75700.04800076805 1.6029137818628754e-08
75750.04800076805 6.762835052274927e-09
75800.04800076805 1.2711101266430984e-08
75850.04800076805 1.534911945744165e-08
75900.04800076805 1.599657155761854e-08
75950.04800076805 6.547699860478902e-09
76000.04800076805 1.7244194335072845e-08
76050.04800076805 1.7451741915932973e-08
76100.04800076805 1.4635991224904924e-08
76150.04800076805 1.680718875065722e-08
76200.04800076805 1.4666169865448371e-08
76250.04800076805 7.656504217499075e-09
76300.04800076805 2.2223520220695973e-08
76350.04800076805 2.7377768185216983e-08
76400.04800076805 2.2219372841615584e-08
76450.04800076805 1.6284167934311248e-08
76500.04800076805 9.595192045864595e-09
76550.04800076805 3.5613435823167975e-09
76600.04800076805 6.569580358151814e-10
76650.04800076805 6.751085764067612e-10
76700.04800076805 1.2109375675329933e-09
76750.04800076805 1.4354755899395694e-09
76800.04800076805 3.281724833515957e-09
76850.04800076805 8.741573925880127e-10
76900.04800076805 9.235311479458929e-10
76950.04800076805 3.6029382386952603e-09
77000.04800076805 6.332243077555312e-09
77050.04800076805 1.1426542038543327e-09
77100.04800076805 1.0546610362539648e-09
77150.04800076805 7.479040050847181e-09
77200.04800076805 3.790955576611964e-09
77250.04800076805 2.7538145865556224e-09
77300.04800076805 6.527166217097741e-09
77350.04800076805 2.3979673691333556e-09
77400.04800076805 2.455923255944415e-09
77450.04800076805 7.426282317118348e-09
77500.04800076805 5.772503102569502e-09
77550.04800076805 4.359334583050298e-09
77600.04800076805 1.8884090528804607e-09
77650.04800076805 2.8758491636696773e-09
77700.04800076805 2.163075164566686e-09
77750.04800076805 8.304945396869801e-09
77800.04800076805 9.107146593275457e-09
77850.04800076805 1.6955174760360563e-08
77900.04800076805 6.838972813396341e-09
77950.04800076805 1.1942240635908263e-09
78000.04800076805 4.1045804562287615e-09
78050.04800076805 6.945457876323486e-09
78100.04800076805 7.226502236698344e-09
78150.04800076805 1.506670816467794e-08
78200.04800076805 1.4644206699176242e-08
78250.04800076805 1.2084739003142772e-08
78300.04800076805 5.227875428882449e-09
78350.04800076805 1.0879941082181307e-08
78400.04800076805 3.912669201593593e-09
78450.04800076805 1.0335501287079259e-08
78500.04800076805 1.467568697555051e-08
78550.04800076805 2.2500896511657598e-08
78600.04800076805 1.5025065133122654e-08
78650.04800076805 1.5168944391206934e-09
78700.04800076805 3.602652048467121e-09
78750.04800076805 6.416274913178286e-09
78800.04800076805 7.190603194108295e-09
78850.04800076805 2.2564208211887118e-09
78900.04800076805 8.095725912074068e-09
78950.04800076805 1.331226264960025e-08
79000.04800076805 1.0089065518769436e-08
79050.04800076805 6.641363955599951e-09
79100.04800076805 8.096216701565886e-09
79150.04800076805 7.629095459810357e-09
79200.04800076805 1.0637523020991257e-08
79250.04800076805 4.983029329403877e-09
79300.04800076805 4.200752760731703e-09
79350.04800076805 6.913034932963112e-09
79400.04800076805 4.470455088574625e-09
79450.04800076805 1.4327839314194078e-08
79500.04800076805 2.243169479111829e-08
79550.04800076805 1.374913771355902e-08
79600.04800076805 6.876247472653999e-09
79650.04800076805 1.2644396429063885e-08
79700.04800076805 1.067739456168648e-08
79750.04800076805 1.0398255633138402e-08
79800.04800076805 3.726218485385502e-09
79850.04800076805 1.2090028997570973e-08
79900.04800076805 2.2420198398886958e-08
79950.04800076805 1.6612640508538933e-08
