galfind/configs/Brown_Dwarf_templates/sonora_cholla/logkzz7/31g/550K_31g_logkzz7_resample.dat
# %ECSV 1.0
# ---
# datatype:
# - {name: wav, unit: Angstrom, datatype: float64}
# - {name: flux_nu, unit: erg / (cm2 Hz s), datatype: float64}
# schema: astropy-2.0
wav flux_nu
[from data line 814]
43700.04800076804 1.17048260981154e-07
43750.04800076804 1.2140751359911835e-07
43800.04800076804 8.080298135941086e-08
43850.04800076804 9.391185855334051e-08
43900.04800076804 7.21562090201744e-08
43950.04800076804 5.1136314465384475e-08
44000.04800076804 4.0797598207984225e-08
44050.04800076804 7.761123146718885e-08
44100.04800076804 8.670182711080641e-08
44150.04800076804 8.21051580863498e-08
44200.04800076804 7.007247526805243e-08
44250.04800076804 4.9862162643882496e-08
44300.04800076804 4.709958634488033e-08
44350.04800076804 4.0596835606206267e-08
44400.04800076804 3.938242692772106e-08
44450.04800076804 4.2116003904681304e-08
44500.04800076804 3.383458721753116e-08
44550.04800076804 3.8194658269250706e-08
44600.04800076804 2.7453368141216386e-08
44650.04800076804 3.104205132323757e-08
44700.04800076804 2.5102632848711487e-08
44750.04800076804 2.6332360228284868e-08
44800.04800076804 2.0984661708095304e-08
44850.04800076804 1.9283391918755664e-08
44900.04800076804 1.3839154537698153e-08
44950.04800076804 1.1974397335335637e-08
45000.04800076804 1.1998694728399522e-08
45050.04800076804 1.233345910679122e-08
45100.04800076804 1.12923242673371e-08
45150.04800076804 8.816648208912065e-09
45200.04800076804 5.4769790048000695e-09
45250.04800076804 5.909422917346947e-09
45300.04800076804 7.212538677995551e-09
45350.04800076804 6.228283646147535e-09
45400.04800076804 4.1560734630855105e-09
45450.04800076804 3.5677987256326017e-09
45500.04800076804 4.22659411589574e-09
45550.04800076804 4.852753906315419e-09
45600.04800076804 2.875766125962746e-09
45650.04800076804 2.954594328643796e-09
45700.04800076804 4.336107098298718e-09
45750.04800076804 3.1871931304010822e-09
45800.04800076804 2.0189537049868187e-09
45850.04800076804 3.8588324347882705e-09
45900.04800076804 3.6442382625445605e-09
45950.04800076804 1.8152316075246834e-09
46000.04800076804 3.2968136415812914e-09
46050.04800076804 3.862273889678267e-09
46100.04800076804 1.810962812027132e-09
46150.04800076804 4.235706280692851e-09
46200.04800076804 4.143202865151737e-09
46250.04800076804 1.517161709421395e-09
46300.04800076804 5.311986359425574e-09
46350.04800076804 3.310346010579655e-09
46400.04800076804 4.18410088679998e-09
46450.04800076804 7.860661497852298e-09
46500.04800076804 4.301183652801567e-09
46550.04800076804 1.0342006990887475e-08
46600.04800076804 1.0981341452901736e-08
46650.04800076804 2.6549470167570132e-08
46700.04800076804 1.5709863879911205e-08
46750.04800076804 7.975190577779215e-09
46800.04800076804 5.436435446401245e-09
46850.04800076804 7.113061923855778e-09
46900.04800076804 5.494711732488409e-09
46950.04800076804 9.968472756579101e-09
47000.04800076804 2.9354560179273544e-09
47050.04800076804 9.251249079576409e-09
47100.04800076804 2.901461739217569e-09
47150.04800076804 4.707069156782214e-09
47200.04800076804 5.146600543178756e-09
47250.04800076804 2.8517913486940784e-09
47300.04800076804 4.570509696731534e-09
47350.04800076804 2.588226199411797e-09
47400.04800076804 7.099558563274451e-09
47450.04800076804 2.161963987763627e-09
47500.04800076804 8.874423587492412e-09
47550.04800076804 2.7339138134506744e-09
47600.04800076804 8.829981829774515e-09
47650.04800076804 3.4947255958178652e-09
47700.04800076804 8.748878539906123e-09
47750.04800076804 3.399479192476019e-09
47800.04800076804 8.519021063703707e-09
47850.04800076804 4.058627069011009e-09
47900.04800076804 7.241735279186981e-09
47950.04800076804 4.8496698199109365e-09
48000.04800076804 1.2718878519824042e-08
48050.04800076804 7.391859106010319e-09
48100.04800076804 1.241976148697535e-08
48150.04800076804 8.61226369033264e-09
48200.04800076804 1.4548017499856447e-08
48250.04800076804 9.699557467939297e-09
48300.04800076804 1.96010799056239e-08
48350.04800076804 9.53215422399854e-09
48400.04800076804 1.1823112623374455e-08
48450.04800076804 8.871572837890113e-09
48500.04800076804 1.891997355366032e-08
48550.04800076804 7.98074995123553e-09
48600.04800076804 2.033568397426201e-08
48650.04800076804 9.908840030990125e-09
48700.04800076804 2.3700106973800793e-08
48750.04800076804 1.296883388315668e-08
48800.04800076804 2.474777987886794e-08
48850.04800076804 1.9569566245798942e-08
48900.04800076804 2.4291234484062638e-08
48950.04800076804 2.5209404907851826e-08
49000.04800076804 1.9095367451709513e-08
49050.04800076804 2.9222530887003352e-08
49100.04800076804 2.014278330805943e-08
49150.04800076804 3.913646937791358e-08
49200.04800076804 1.963113733549477e-08
49250.04800076804 4.295750552035317e-08
49300.04800076804 2.486460507455356e-08
49350.04800076804 2.298113630284417e-08
49400.04800076804 3.253120425277645e-08
49450.04800076804 3.1042068544606215e-08
49500.04800076804 2.6483522145466673e-08
49550.04800076804 8.727597770946224e-09
49600.04800076804 2.7703057932032917e-08
49650.04800076804 2.9662670850722437e-08
49700.04800076804 3.146433846656132e-08
49750.04800076804 5.5623084363247096e-08
49800.04800076804 2.4413793520509673e-08
49850.04800076804 7.04164758778269e-08
49900.04800076804 4.5388524679387204e-08
49950.04800076804 5.967954150002941e-08
50000.04800076804 5.017606459897573e-08
50050.04800076804 5.603903857109496e-08
50100.04800076804 5.9304208803434275e-08
50150.04800076804 1.9805537470072674e-08
50200.04800076804 6.755856171620743e-09
50250.04800076804 3.273304999726012e-08
50300.04800076804 2.4599379218897377e-08
50350.04800076804 4.886769205921599e-08
50400.04800076804 5.139024187687276e-08
50450.04800076804 5.0018668659009897e-08
50500.04800076804 7.038572051841032e-08
50550.04800076804 5.783638736081096e-08
50600.04800076804 5.8397636213084705e-08
50650.04800076804 6.292439953643783e-08
50700.04800076804 8.196445557013968e-08
50750.04800076804 6.485970138784041e-08
50800.04800076804 2.0715104004541596e-08
50850.04800076804 1.3086910358423333e-08
50900.04800076804 5.9266198453191816e-08
50950.04800076804 6.232072430777156e-08
51000.04800076804 4.359329357726028e-08
51050.04800076804 5.942507092304778e-08
51100.04800076804 1.896283295484972e-08
51150.04800076804 3.0582859789450696e-08
51200.04800076804 7.922994549163068e-08
51250.04800076804 6.015824815605616e-08
51300.04800076804 3.7178203862810344e-08
51350.04800076804 4.372898883129018e-08
51400.04800076804 1.6519352244116927e-08
51450.04800076804 1.3842629361366784e-08
51500.04800076804 1.241169845201915e-08
51550.04800076804 4.0432052789441196e-08
51600.04800076804 3.15288003183133e-08
51650.04800076804 5.275620753408077e-08
51700.04800076804 4.910954108843028e-08
51750.04800076804 3.113593400787698e-08
51800.04800076804 6.991317402325147e-08
51850.04800076804 5.669067338363692e-08
51900.04800076804 6.483511053384917e-08
51950.04800076804 3.68031891864974e-08
52000.04800076804 4.760138175461264e-09
52050.04800076804 2.04889305984099e-08
52100.04800076804 1.3560741654521233e-08
52150.04800076804 7.2221979753137785e-09
52200.04800076804 1.6491586315788143e-08
52250.04800076804 3.3492502173480144e-08
52300.04800076804 4.965187891800575e-08
52350.04800076804 1.6176382767597944e-08
52400.04800076804 1.6097787328447985e-08
52450.04800076804 5.306138971527935e-08
52500.04800076804 4.628366677477897e-08
52550.04800076804 4.6922357787535996e-08
52600.04800076804 3.486296684635708e-08
52650.04800076804 3.663485934047235e-08
52700.04800076804 3.078218577174392e-08
52750.04800076804 1.442082737947966e-08
52800.04800076804 1.9562110298701757e-08
52850.04800076804 2.7170341688975114e-08
52900.04800076804 1.1932630888328458e-08
52950.04800076804 1.6032004029053325e-08
53000.04800076804 4.5651759685563933e-08
53050.04800076804 1.2194420477456254e-08
53100.04800076804 4.9946314008616314e-08
53150.04800076804 5.925455338760591e-08
53200.04800076804 2.3044254951961052e-08
53250.04800076804 5.637537579661216e-08
53300.04800076804 5.60061544550272e-08
53350.04800076804 5.36944352796432e-08
53400.04800076804 3.770000269701187e-08
53450.04800076804 8.929334220814896e-09
53500.04800076804 2.455596700211376e-09
53550.04800076804 5.872921227164946e-09
53600.04800076804 2.2559198166539635e-08
53650.04800076804 2.5414503903796218e-08
53700.04800076804 1.9567607801829877e-08
53750.04800076804 1.900948960283183e-08
53800.04800076804 1.7135631280177836e-08
53850.04800076804 2.6278448243658162e-08
53900.04800076804 4.099165247302182e-08
53950.04800076804 4.3612248684639665e-08
54000.04800076804 2.707058178753524e-08
54050.04800076804 2.980845012932552e-08
54100.04800076804 6.573823784026302e-09
54150.04800076804 1.0212186906915207e-08
54200.04800076804 1.7357082421288657e-09
54250.04800076804 4.640826611236209e-09
54300.04800076804 1.5005816575165262e-08
54350.04800076804 2.075036977151525e-08
54400.04800076804 1.8075088882134207e-08
54450.04800076804 1.5805206580247663e-08
54500.04800076804 1.3005731980882721e-08
54550.04800076804 1.3524509170379906e-08
54600.04800076804 1.2701448721026995e-08
54650.04800076804 1.8024371519933836e-09
54700.04800076804 1.3714454944033966e-08
54750.04800076804 1.3952792036664371e-08
54800.04800076804 7.341629637060023e-09
54850.04800076804 1.3210558543881667e-08
54900.04800076804 2.2774159129774335e-08
54950.04800076804 3.627822835124011e-08
55000.04800076804 9.026299016657787e-09
55050.04800076804 1.8270704135708515e-08
55100.04800076804 2.2118850049764505e-08
55150.04800076804 9.780714342943295e-09
55200.04800076804 7.916442033652645e-09
55250.04800076804 1.3014581451273085e-08
55300.04800076804 8.230520800114345e-09
55350.04800076804 1.9937990721408544e-08
55400.04800076804 2.2509226035634497e-08
55450.04800076804 1.215769924885877e-08
55500.04800076804 4.27646727946964e-09
55550.04800076804 4.133122800112842e-09
55600.04800076804 8.053014517565282e-09
55650.04800076804 7.591384981142244e-09
55700.04800076804 7.571408107469085e-09
55750.04800076804 6.3497019567513e-09
55800.04800076804 2.467872042931279e-09
55850.04800076804 4.651741454944901e-09
55900.04800076804 1.3652716471430114e-08
55950.04800076804 2.050515934591123e-08
56000.04800076804 6.365448635191223e-09
56050.04800076804 8.832689285124138e-09
56100.04800076804 1.4289826818367182e-08
56150.04800076804 4.998802031472633e-09
56200.04800076804 8.950710744767551e-09
56250.04800076804 1.5824444268707285e-08
56300.04800076804 9.60958725497176e-09
56350.04800076804 6.039416324227106e-09
56400.04800076804 1.6514334872017677e-09
56450.04800076804 1.6561077279196592e-09
56500.04800076804 6.009153612085631e-09
56550.04800076804 2.674160927765035e-09
56600.04800076804 1.2364945502991872e-08
56650.04800076804 1.5076706977087076e-08
56700.04800076804 1.0251311342625755e-08
56750.04800076804 2.5501567301833958e-09
56800.04800076804 8.329769350984311e-09
56850.04800076804 1.0173634938523085e-08
56900.04800076804 4.6608507576828104e-09
56950.04800076804 1.1513856756617355e-08
57000.04800076804 1.5728880077223887e-08
57050.04800076804 5.993822405707331e-09
57100.04800076804 1.691532553771102e-09
57150.04800076804 3.1104871793159575e-09
57200.04800076804 2.5510939750218154e-09
57250.04800076804 3.755979634419843e-09
57300.04800076804 7.465216742305088e-09
57350.04800076804 2.9399260586316456e-09
57400.04800076804 9.21769542892552e-09
57450.04800076804 3.991550130156975e-09
57500.04800076804 4.231473704245552e-09
57550.04800076804 6.959365206655995e-09
57600.04800076804 5.992231382702726e-09
57650.04800076804 9.324597687496287e-10
57700.04800076804 2.036369760628508e-09
57750.04800076804 5.009677567523492e-09
57800.04800076804 1.9293000393787217e-09
57850.04800076804 1.8225668234650133e-08
57900.04800076804 2.0269137084417648e-08
57950.04800076804 2.251545203849431e-08
58000.04800076804 5.243592411227672e-09
58050.04800076804 1.1399499007485692e-08
58100.04800076804 1.001034691488551e-08
58150.04800076804 5.4998506136413e-09
58200.04800076804 8.906001366657088e-10
58250.04800076804 2.0631486874234614e-09
58300.04800076804 2.245392217562398e-09
58350.04800076804 3.3668658085506023e-09
58400.04800076804 9.490726521043833e-09
58450.04800076804 1.0387816394768903e-08
58500.04800076804 1.0172761620747273e-08
58550.04800076804 8.06217259231475e-09
58600.04800076804 2.5139109036225307e-09
58650.04800076804 3.604364511194203e-09
58700.04800076804 5.773144297638885e-09
58750.04800076804 3.903014205967562e-09
58800.04800076804 3.7610238804974114e-10
58850.04800076804 2.6318423268979306e-09
58900.04800076804 4.112938986904918e-09
58950.04800076804 1.4219838958441388e-09
59000.04800076804 4.550684761069055e-09
59050.04800076804 8.60043128781311e-09
59100.04800076804 7.067986657236504e-09
59150.04800076804 5.346657894566094e-09
59200.04800076804 7.231712853940646e-09
59250.04800076804 7.531989809609155e-09
59300.04800076804 4.988602937939584e-09
59350.04800076804 6.359354905519773e-10
59400.04800076804 9.012781852471629e-10
59450.04800076804 5.955934659804473e-09
59500.04800076804 3.2579930188162665e-09
59550.04800076804 7.399011645400295e-09
59600.04800076804 1.0210907938286432e-08
59650.04800076804 4.196925659902084e-09
59700.04800076804 2.468831697354486e-09
59750.04800076804 9.796215345729495e-09
59800.04800076804 4.036311859110913e-09
59850.04800076804 5.5365554034894465e-09
59900.04800076804 1.5271526231645911e-09
59950.04800076804 4.668732412638513e-09
60000.04800076804 1.3385990371366649e-08
60050.04800076804 1.3610193166256761e-08
60100.04800076804 8.744466759911403e-09
60150.04800076804 3.116072386906469e-09
60200.04800076804 9.364476673028691e-09
60250.04800076804 1.5240125659373277e-08
60300.04800076804 1.3062120943869802e-08
60350.04800076804 7.804203737928096e-09
60400.04800076804 6.3608420915782525e-09
60450.04800076804 1.1211513752594245e-09
60500.04800076804 2.819471230930368e-10
60550.04800076804 4.689406885723949e-09
60600.04800076804 8.17837397182749e-09
60650.04800076804 4.2457450625855566e-09
60700.04800076804 2.5717875808156136e-09
60750.04800076804 1.196715063556917e-09
60800.04800076804 7.361483835334348e-09
60850.04800076804 1.7121287595789387e-08
60900.04800076804 1.582250752785403e-08
60950.04800076804 1.1501594883000243e-08
61000.04800076804 1.1105505450602716e-08
61050.04800076804 3.109304395689079e-09
61100.04800076804 3.477973516558895e-09
61150.04800076804 8.489285921578586e-10
61200.04800076804 6.963421069395896e-09
61250.04800076804 1.2417002210027987e-08
61300.04800076804 1.2517956482159393e-08
61350.04800076804 1.9792241385238747e-08
61400.04800076804 5.72126776680607e-09
61450.04800076804 1.3712583279671855e-09
61500.04800076804 2.5576990974668012e-09
61550.04800076804 6.448827290985211e-09
61600.04800076804 1.8703464304017615e-09
61650.04800076804 5.7659096831243205e-09
61700.04800076804 6.88599700765218e-09
61750.04800076804 7.403884758241796e-09
61800.04800076804 5.7687666981224095e-09
61850.04800076804 1.2676181358974044e-09
61900.04800076804 9.842547376988309e-09
61950.04800076804 1.152621150977072e-08
62000.04800076804 1.716848412795986e-08
62050.04800076804 1.8258510727013422e-08
62100.04800076804 9.496999843452346e-09
62150.04800076804 1.6664628768670744e-08
62200.04800076804 1.5123673839603617e-08
62250.04800076804 1.1284942980748271e-08
62300.04800076804 3.047177361228805e-08
62350.04800076804 2.1893810881517313e-08
62400.04800076804 7.507367525138338e-09
62450.04800076804 1.2278292165960657e-08
62500.04800076804 2.8827691363045312e-08
62550.04800076804 2.6118180946050216e-08
62600.04800076804 2.561560511905152e-08
62650.04800076804 1.7421610778748645e-08
62700.04800076804 1.3006969927696568e-08
62750.04800076804 2.242587328479264e-08
62800.04800076804 1.2991649692449795e-08
62850.04800076804 2.212078291376981e-08
62900.04800076804 1.3403226834854281e-08
62950.04800076804 3.114896207474635e-08
63000.04800076804 1.925418069550791e-08
63050.04800076804 4.167006697882003e-08
63100.04800076804 3.5772290939542204e-08
63150.04800076804 2.5180110704941956e-08
63200.04800076804 2.4278590484212605e-08
63250.04800076804 1.9704904075880996e-08
63300.04800076804 1.5892618439366564e-08
63350.04800076804 1.3039474888609125e-08
63400.04800076804 3.904016968216803e-09
63450.04800076804 1.6824306741513158e-09
