galfind/configs/Brown_Dwarf_templates/sonora_cholla/logkzz7/31g/600K_31g_logkzz7_resample.dat
# %ECSV 1.0
# ---
# datatype:
# - {name: wav, unit: Angstrom, datatype: float64}
# - {name: flux_nu, unit: erg / (cm2 Hz s), datatype: float64}
# schema: astropy-2.0
wav flux_nu
[from data line 418]
23900.04800076804 2.3169769809847403e-10
23950.04800076804 2.050572335718345e-10
24000.04800076804 3.146329577929903e-10
24050.04800076804 4.485310014205517e-10
24100.04800076804 3.7522141319578376e-10
24150.04800076804 4.668843048386131e-10
24200.04800076804 3.617161005647334e-10
24250.04800076804 2.509832837646029e-10
24300.04800076804 4.937471250515044e-10
24350.04800076804 3.7213929584628697e-10
24400.04800076804 7.498735169660313e-10
24450.04800076804 7.643545521399862e-10
24500.04800076804 7.861973373872496e-10
24550.04800076804 1.090037233564895e-09
24600.04800076804 1.3583018888064074e-09
24650.04800076804 1.4633444259807912e-09
24700.04800076804 1.163292343737718e-09
24750.04800076804 1.2396589679566077e-09
24800.04800076804 1.2266484746670212e-09
24850.04800076804 1.8509232192115545e-09
24900.04800076804 8.84602469065037e-10
24950.04800076804 1.492446123507947e-09
25000.04800076804 1.7393156665135124e-09
25050.04800076804 1.0414117047797105e-09
25100.04800076804 1.408265269902493e-09
25150.04800076804 6.99129836438762e-10
25200.04800076804 1.0885098581407139e-09
25250.04800076804 4.5736056715564865e-10
25300.04800076804 7.510846504626198e-10
25350.04800076804 2.9339427925116797e-10
25400.04800076804 7.388163991369655e-10
25450.04800076804 3.195842022141017e-10
25500.04800076804 2.544901519580806e-10
25550.04800076804 5.359954272702016e-10
25600.04800076804 1.2501634926553628e-10
25650.04800076804 1.3892283974045958e-10
25700.04800076804 1.9641026950503824e-10
25750.04800076804 7.554193214764566e-11
25800.04800076804 3.310266191761687e-10
25850.04800076804 6.427880125657328e-11
25900.04800076804 1.086777333566347e-10
25950.04800076804 3.283062346299225e-11
26000.04800076804 2.720094428808943e-10
26050.04800076804 4.977430695220067e-11
26100.04800076804 2.3213323471260777e-10
26150.04800076804 1.1200734126808331e-10
26200.04800076804 1.223286445987374e-10
26250.04800076804 6.579432651486509e-10
26300.04800076804 1.898099950112723e-10
26350.04800076804 8.272785647222517e-10
26400.04800076804 1.2678992630758125e-09
26450.04800076804 1.0626485761882925e-09
26500.04800076804 1.5506867700046523e-09
26550.04800076804 3.624089167137669e-10
26600.04800076804 3.4064738163635347e-10
26650.04800076804 8.196611235195868e-11
26700.04800076804 2.8202307347233688e-11
26750.04800076804 5.949704380909425e-11
26800.04800076804 1.2035387198155e-10
26850.04800076804 8.388624319929031e-11
26900.04800076804 3.677285013484236e-10
26950.04800076804 1.1767623919489816e-10
27000.04800076804 5.068024851688898e-10
27050.04800076804 5.438001912452323e-10
27100.04800076804 1.3977459346496206e-10
27150.04800076804 7.089390691812603e-10
27200.04800076804 1.124245399962735e-10
27250.04800076804 3.2480152825294646e-10
27300.04800076804 2.1888026798148597e-09
27350.04800076804 7.984438047464118e-10
27400.04800076804 5.234102980761323e-11
27450.04800076804 1.140949890924531e-09
27500.04800076804 1.4891934424316822e-09
27550.04800076804 2.5181465742298597e-10
27600.04800076804 7.025432415159915e-10
27650.04800076804 1.9226519775007638e-10
27700.04800076804 1.4784399662141053e-10
27750.04800076804 8.782986026797962e-10
27800.04800076804 2.9843190856133594e-10
27850.04800076804 4.220901872228349e-10
27900.04800076804 5.639991396740885e-10
27950.04800076804 1.2613419944508197e-09
28000.04800076804 1.0482088457424345e-09
28050.04800076804 2.1062020590247703e-10
28100.04800076804 1.722365235465837e-09
28150.04800076804 1.0037087303127328e-09
28200.04800076804 2.339984984396249e-10
28250.04800076804 1.874953054495121e-09
28300.04800076804 2.953003370908661e-09
28350.04800076804 4.1480431396657244e-10
28400.04800076804 1.5604931646607e-09
28450.04800076804 3.023997011726428e-09
28500.04800076804 1.498109969476121e-09
28550.04800076804 3.4538511563420794e-10
28600.04800076804 2.2428819323109955e-09
28650.04800076804 2.455448684620725e-09
28700.04800076804 2.0105369780805437e-09
28750.04800076804 4.142150328443801e-09
28800.04800076804 3.1902192650519946e-09
28850.04800076804 4.058517943312445e-09
28900.04800076804 1.7423881693424581e-09
28950.04800076804 5.8705092768332916e-09
29000.04800076804 3.168279468199525e-09
29050.04800076804 3.703885530480161e-09
29100.04800076804 2.6817102318119745e-09
29150.04800076804 6.1472907799026995e-09
29200.04800076804 3.915942984897958e-09
29250.04800076804 5.472989561711392e-09
29300.04800076804 3.318361741204941e-09
29350.04800076804 1.4902255208730837e-08
29400.04800076804 3.708809437011009e-09
29450.04800076804 4.867960437315187e-09
29500.04800076804 7.614899784724699e-09
29550.04800076804 4.536405987553136e-09
29600.04800076804 7.84088791711124e-09
29650.04800076804 9.450937147577693e-09
29700.04800076804 3.895682743010858e-09
29750.04800076804 6.7112130741628355e-09
29800.04800076804 7.966332802868305e-09
29850.04800076804 1.1464320818718904e-08
29900.04800076804 1.1511422793557263e-08
29950.04800076804 8.032206941654126e-09
30000.04800076804 3.6470823404180106e-09
30050.04800076804 4.995457559615181e-09
30100.04800076804 7.857330967682318e-09
30150.04800076804 1.0696798936210123e-08
30200.04800076804 6.4964084484096496e-09
30250.04800076804 1.50193788877719e-08
30300.04800076804 1.3312527905286162e-08
30350.04800076804 8.280928151801984e-09
30400.04800076804 1.2792585966233441e-08
30450.04800076804 1.0017363015353512e-08
30500.04800076804 8.227766413072646e-09
30550.04800076804 6.671404816248542e-09
30600.04800076804 1.3703802794322568e-08
30650.04800076804 9.798547133848757e-09
30700.04800076804 7.668176895421178e-09
30750.04800076804 9.514731273154705e-09
30800.04800076804 6.490008236007017e-09
30850.04800076804 8.862376555527722e-09
30900.04800076804 7.631703473688792e-09
30950.04800076804 4.1314589302826676e-09
31000.04800076804 6.573995494215314e-09
31050.04800076804 5.5411916556932555e-09
31100.04800076804 3.4436318652063063e-09
31150.04800076804 4.801713109427394e-09
31200.04800076804 5.9716472489126e-09
31250.04800076804 3.6382395261344123e-09
31300.04800076804 2.9565552381344317e-09
31350.04800076804 3.992641766629559e-09
31400.04800076804 2.025428780716298e-09
31450.04800076804 3.681639299106694e-09
31500.04800076804 1.709809856191667e-09
31550.04800076804 2.329937465140817e-09
31600.04800076804 1.3484529975210085e-09
31650.04800076804 1.4565377178020227e-09
31700.04800076804 1.7584940751920065e-09
31750.04800076804 6.70267587772296e-10
31800.04800076804 1.7330857917748168e-09
31850.04800076804 6.055030303505553e-10
31900.04800076804 1.1001667160675507e-09
31950.04800076804 7.112790713557215e-10
32000.04800076804 7.154806879042202e-10
32050.04800076804 5.272661439180256e-10
32100.04800076804 4.5235184603007157e-10
32150.04800076804 6.511842996082289e-10
32200.04800076804 3.633857163268193e-10
32250.04800076804 1.0572506349290021e-09
32300.04800076804 2.7980269235476937e-10
32350.04800076804 1.052717197262023e-09
32400.04800076804 3.180282705371503e-10
32450.04800076804 6.320705104478945e-10
32500.04800076804 4.0526050220085863e-10
32550.04800076804 7.399505691731155e-10
32600.04800076804 4.5641863881706043e-10
32650.04800076804 1.2793364347160918e-09
32700.04800076804 6.981921856065825e-10
32750.04800076804 1.9469177163500795e-09
32800.04800076804 1.092526744846298e-09
32850.04800076804 2.7751266348442734e-09
32900.04800076804 2.32593203932678e-09
32950.04800076804 3.0047022334600328e-09
33000.04800076804 1.5568859344438347e-09
33050.04800076804 1.894832693986527e-09
33100.04800076804 5.972862016926186e-10
33150.04800076804 3.4307938722010704e-12
33200.04800076804 2.5821425414245498e-11
33250.04800076804 2.558975355733967e-11
33300.04800076804 7.325854303884772e-11
33350.04800076804 2.7315788712188056e-10
33400.04800076804 6.59623076838765e-10
33450.04800076804 5.657409185545083e-10
33500.04800076804 1.536250750532403e-09
33550.04800076804 8.647742777015188e-10
33600.04800076804 1.301059344508621e-09
33650.04800076804 9.987065662186513e-10
33700.04800076804 7.454931096353702e-10
33750.04800076804 1.6726524436727e-09
33800.04800076804 4.5641623465291413e-10
33850.04800076804 1.0767887537149241e-09
33900.04800076804 1.1811756752891225e-09
33950.04800076804 1.0803338176276096e-09
34000.04800076804 1.8559348603970917e-09
34050.04800076804 4.27047839958109e-10
34100.04800076804 1.5548340587477162e-09
34150.04800076804 8.525295418440751e-10
34200.04800076804 1.4470595357703891e-09
34250.04800076804 1.0250266194836072e-09
34300.04800076804 1.0018191548920908e-09
34350.04800076804 1.7856017480917788e-09
34400.04800076804 9.318669800700684e-10
34450.04800076804 1.9763257170267116e-09
34500.04800076804 8.733850052168141e-10
34550.04800076804 7.482886845279992e-10
34600.04800076804 2.5170166934952376e-09
34650.04800076804 7.046753159144337e-10
34700.04800076804 1.2187589449056753e-09
34750.04800076804 9.900208244897995e-10
34800.04800076804 1.0364977305071243e-09
34850.04800076804 1.949694324111664e-09
34900.04800076804 1.3945248307607273e-09
34950.04800076804 1.3804791445024662e-09
35000.04800076804 3.1120803263452674e-09
35050.04800076804 1.8264213373129424e-09
35100.04800076804 3.249954688640841e-09
35150.04800076804 2.6522800685388268e-09
35200.04800076804 3.6630404364620642e-09
35250.04800076804 3.845213662893393e-09
35300.04800076804 2.5154537783232705e-09
35350.04800076804 3.935505094445017e-09
35400.04800076804 3.173072205592155e-09
35450.04800076804 2.547177824787115e-09
35500.04800076804 7.766903489049512e-09
35550.04800076804 4.255243064344897e-09
35600.04800076804 5.402462539325386e-09
35650.04800076804 5.534671833405058e-09
35700.04800076804 3.7882187502944895e-09
35750.04800076804 8.67209860257011e-09
35800.04800076804 5.199723389689803e-09
35850.04800076804 3.038043094942209e-09
35900.04800076804 5.523824793940231e-09
35950.04800076804 4.689260588647087e-09
36000.04800076804 2.1298807873514377e-09
36050.04800076804 4.626003165015086e-09
36100.04800076804 4.1089327346188774e-09
36150.04800076804 6.378682071910291e-09
36200.04800076804 5.4637769269453e-09
36250.04800076804 6.452659294050521e-09
36300.04800076804 7.667099074037492e-09
36350.04800076804 6.0653431820372124e-09
36400.04800076804 1.079535305393646e-08
36450.04800076804 8.566027846648299e-09
36500.04800076804 1.0134013786665936e-08
36550.04800076804 1.2559587522510637e-08
36600.04800076804 1.3534651825331677e-08
36650.04800076804 1.3306076466645725e-08
36700.04800076804 1.67668798980445e-08
36750.04800076804 1.7399406755164528e-08
36800.04800076804 1.4450755206605196e-08
36850.04800076804 1.0315657917960839e-08
36900.04800076804 1.430861688221955e-08
36950.04800076804 1.4808585015707778e-08
37000.04800076804 1.3650754197462607e-08
37050.04800076804 1.7800737285975436e-08
37100.04800076804 1.7918735125572844e-08
37150.04800076804 1.7542023353286262e-08
37200.04800076804 1.4442502497490143e-08
37250.04800076804 1.3219557746894002e-08
37300.04800076804 1.2775132953364376e-08
37350.04800076804 1.9851666819843134e-08
37400.04800076804 2.06840319945737e-08
37450.04800076804 1.5194133265562563e-08
37500.04800076804 1.6122007933167846e-08
37550.04800076804 2.4784535809120713e-08
37600.04800076804 3.233908428568051e-08
37650.04800076804 1.973899254198768e-08
37700.04800076804 2.512931314949888e-08
37750.04800076804 1.6021844985635843e-08
37800.04800076804 1.8480496151017507e-08
37850.04800076804 1.371696608595425e-08
37900.04800076804 1.8266812152010005e-08
37950.04800076804 2.3706797694081084e-08
38000.04800076804 3.011766916104797e-08
38050.04800076804 3.253343097227272e-08
38100.04800076804 3.22785461079599e-08
38150.04800076804 3.4959190251306916e-08
38200.04800076804 3.619723054891819e-08
38250.04800076804 3.6338000451085786e-08
38300.04800076804 5.7726257782125226e-08
38350.04800076804 4.949473069072791e-08
38400.04800076804 2.6843586597864196e-08
38450.04800076804 2.3736808584325074e-08
38500.04800076804 1.200062831846659e-08
38550.04800076804 2.2109620363772396e-08
38600.04800076804 2.8199175857720944e-08
38650.04800076804 4.1046810204856615e-08
38700.04800076804 3.291191280269781e-08
38750.04800076804 3.622438476367467e-08
38800.04800076804 2.734162647368411e-08
38850.04800076804 4.630000041872656e-08
38900.04800076804 4.664544299334071e-08
38950.04800076804 3.405031894225451e-08
39000.04800076804 5.5188866228711306e-08
39050.04800076804 3.871234876906374e-08
39100.04800076804 5.335083988997568e-08
39150.04800076804 4.435000265206507e-08
39200.04800076804 3.4741627820071516e-08
39250.04800076804 5.136036549091499e-08
39300.04800076804 4.9002556361716834e-08
39350.04800076804 7.86430498742981e-08
39400.04800076804 5.502997772666829e-08
39450.04800076804 5.9558522082056936e-08
39500.04800076804 5.6711676586608546e-08
39550.04800076804 4.918967267926945e-08
39600.04800076804 6.74285301253733e-08
39650.04800076804 8.336673659082584e-08
39700.04800076804 5.400183373815682e-08
39750.04800076804 3.7948461675865464e-08
39800.04800076804 4.8234051113662173e-08
39850.04800076804 7.070299925371796e-08
39900.04800076804 7.866763374969493e-08
39950.04800076804 6.517405017645856e-08
40000.04800076804 8.735095131445551e-08
40050.04800076804 7.219432600377696e-08
40100.04800076804 4.336420452046528e-08
40150.04800076804 8.942644162461833e-08
40200.04800076804 8.80065189544493e-08
40250.04800076804 8.328062648744075e-08
40300.04800076804 9.77845684222505e-08
40350.04800076804 5.973847634901706e-08
40400.04800076804 8.955610723457449e-08
40450.04800076804 6.694703880871984e-08
40500.04800076804 1.0502856214990218e-07
40550.04800076804 9.452604258668548e-08
40600.04800076804 8.64543137339932e-08
40650.04800076804 8.699967128077735e-08
40700.04800076804 1.3506093739501096e-07
40750.04800076804 1.1147700553688807e-07
40800.04800076804 7.477760050076606e-08
40850.04800076804 1.3198020766900026e-07
40900.04800076804 1.0475268722314752e-07
40950.04800076804 8.70511258127587e-08
41000.04800076804 1.0656066325965412e-07
41050.04800076804 1.3789436500509118e-07
41100.04800076804 7.409479005896547e-08
41150.04800076804 6.505295173318445e-08
41200.04800076804 1.4626123587643814e-07
41250.04800076804 1.1085082884647573e-07
41300.04800076804 9.638911014814156e-08
41350.04800076804 1.5005232844476353e-07
41400.04800076804 1.1786475250259637e-07
41450.04800076804 1.399625999315944e-07
41500.04800076804 9.928452877701261e-08
41550.04800076804 9.093782869190305e-08
41600.04800076804 1.3028484905310646e-07
41650.04800076804 1.324928738906189e-07
41700.04800076804 1.1883276059262579e-07
41750.04800076804 1.1006006623264968e-07
41800.04800076804 1.4350162650017717e-07
41850.04800076804 9.151543333249174e-08
41900.04800076804 1.0155003533789427e-07
41950.04800076804 1.0721422569351927e-07
42000.04800076804 1.332029619006803e-07
42050.04800076804 1.1488220897703821e-07
42100.04800076804 1.3290891225651306e-07
42150.04800076804 9.987540009186741e-08
42200.04800076804 1.2431656154708832e-07
42250.04800076804 9.770027395211643e-08
42300.04800076804 9.439629055588403e-08
42350.04800076804 1.1282896318001853e-07
42400.04800076804 9.756877375775247e-08
42450.04800076804 9.666185364896147e-08
42500.04800076804 1.0534025944243232e-07
42550.04800076804 9.196840484485324e-08
42600.04800076804 1.0423040842491817e-07
42650.04800076804 1.5334896580609906e-07
42700.04800076804 9.060782289405645e-08
42750.04800076804 1.0275297708405037e-07
42800.04800076804 8.926222588359637e-08
42850.04800076804 1.2268541639161037e-07
42900.04800076804 1.2541266626321905e-07
42950.04800076804 9.783606609283043e-08
43000.04800076804 1.3165950446271327e-07
43050.04800076804 6.089325234819423e-08
43100.04800076804 9.348615875978221e-08
43150.04800076804 1.1317905989299599e-07
43200.04800076804 1.3251829956854487e-07
43250.04800076804 1.382799488873525e-07
43300.04800076804 1.6962207719077307e-07
43350.04800076804 9.834014992247116e-08
43400.04800076804 1.2871644637540455e-07
43450.04800076804 8.065076010139233e-08
43500.04800076804 8.789392878357093e-08
43550.04800076804 9.567798509015286e-08
43600.04800076804 1.3528987621445497e-07
