galfind/configs/Brown_Dwarf_templates/sonora_cholla/logkzz7/31g/600K_31g_logkzz7_resample.dat
# %ECSV 1.0
# ---
# datatype:
# - {name: wav, unit: Angstrom, datatype: float64}
# - {name: flux_nu, unit: erg / (cm2 Hz s), datatype: float64}
# schema: astropy-2.0
wav flux_nu
3000.0480007680403 nan
3050.0480007680403 0.0
3100.0480007680403 0.0
3150.0480007680403 0.0
3200.0480007680403 0.0
3250.0480007680403 0.0
3300.0480007680403 0.0
3350.0480007680403 0.0
3400.0480007680403 0.0
3450.0480007680403 0.0
3500.0480007680403 0.0
3550.0480007680403 0.0
3600.0480007680403 0.0
3650.0480007680403 0.0
3700.0480007680403 0.0
3750.0480007680403 0.0
3800.0480007680403 0.0
3850.0480007680403 0.0
3900.0480007680403 0.0
3950.0480007680403 0.0
4000.0480007680403 0.0
4050.0480007680403 0.0
4100.04800076804 0.0
4150.04800076804 0.0
4200.04800076804 0.0
4250.04800076804 0.0
4300.04800076804 0.0
4350.04800076804 0.0
4400.04800076804 0.0
4450.04800076804 0.0
4500.04800076804 0.0
4550.04800076804 0.0
4600.04800076804 0.0
4650.04800076804 0.0
4700.04800076804 0.0
4750.04800076804 0.0
4800.04800076804 0.0
4850.04800076804 0.0
4900.04800076804 0.0
4950.04800076804 0.0
5000.04800076804 1.4368180435901564e-12
5050.04800076804 3.975260206604575e-12
5100.04800076804 4.766355604266649e-12
5150.04800076804 5.71253675114787e-12
5200.04800076804 6.8037279198834825e-12
5250.04800076804 8.00194941807252e-12
5300.04800076804 9.320899260604706e-12
5350.04800076804 1.0774914895422184e-11
5400.04800076804 1.2253221966238434e-11
5450.04800076804 1.3924614919418642e-11
5500.04800076804 1.5740322340245824e-11
5550.04800076804 1.762007377107662e-11
5600.04800076804 1.9392797702544443e-11
5650.04800076804 2.0840009348751316e-11
5700.04800076804 2.1241997685468542e-11
5750.04800076804 2.1257790242397876e-11
5800.04800076804 1.9345024907718038e-11
5850.04800076804 1.49400207544095e-11
5900.04800076804 4.093337922681709e-12
5950.04800076804 7.615154730310602e-12
6000.04800076804 2.708790218418598e-11
6050.04800076804 4.7504342206677664e-11
6100.04800076804 6.939344434890506e-11
6150.04800076804 9.12097830302115e-11
6200.04800076804 1.1281379133144779e-10
6250.04800076804 1.331248054447332e-10
6300.04800076804 1.5611276908832917e-10
6350.04800076804 1.8005852799671436e-10
6400.04800076804 2.0410449770888957e-10
6450.04800076804 2.1515626729012738e-10
6500.04800076804 2.422346281332622e-10
6550.04800076804 2.76535130543885e-10
6600.04800076804 3.1423438687321114e-10
6650.04800076804 3.574367400220717e-10
6700.04800076804 4.073647243852662e-10
6750.04800076804 4.573467492571898e-10
6800.04800076804 5.078004326331648e-10
6850.04800076804 5.619216352968152e-10
6900.04800076804 5.6582296025524e-10
6950.04800076804 5.590308102537339e-10
7000.04800076804 6.5248029742101e-10
7050.04800076804 6.721274252908403e-10
7100.04800076804 7.205349506763034e-10
7150.04800076804 5.797490558281658e-10
7200.04800076804 5.207091391502888e-10
7250.04800076804 6.288960541103682e-10
7300.04800076804 6.663400247519098e-10
7350.04800076804 7.871758100976133e-10
7400.04800076804 9.006295182068949e-10
7450.04800076804 1.0959334691387126e-09
7500.04800076804 1.2539246667564065e-09
7550.04800076804 1.4216770718231722e-09
7600.04800076804 1.572853561434366e-09
7650.04800076804 1.665267763777118e-09
7700.04800076804 1.0529841325113175e-09
7750.04800076804 4.1465661615241703e-10
7800.04800076804 1.7942288908467111e-09
7850.04800076804 2.109441409247238e-09
7900.04800076804 2.3816489696580507e-09
7950.04800076804 2.624927055483996e-09
8000.04800076804 2.6696907359596385e-09
8050.04800076804 2.715416616477278e-09
8100.04800076804 1.9272738832950343e-09
8150.04800076804 1.768831126083372e-09
8200.04800076804 2.411071232203497e-09
8250.04800076804 2.3965519077333568e-09
8300.04800076804 2.644834484042081e-09
8350.04800076804 2.489603988334104e-09
8400.04800076804 2.6286612893379772e-09
8450.04800076804 3.07245652474164e-09
8500.04800076804 3.4997527776840217e-09
8550.04800076804 4.016970589768166e-09
8600.04800076804 4.565242888271745e-09
8650.04800076804 4.959070499164704e-09
8700.04800076804 4.926951361576846e-09
8750.04800076804 5.1918529867588374e-09
8800.04800076804 5.021803137557601e-09
8850.04800076804 3.763688050962018e-09
8900.04800076804 9.992447624902043e-10
8950.04800076804 1.0845885131025302e-09
9000.04800076804 8.01065100320101e-10
9050.04800076804 2.2039310035618957e-09
9100.04800076804 2.5299282060730434e-09
9150.04800076804 2.24793976820901e-09
9200.04800076804 3.2825322905350236e-09
9250.04800076804 2.6721244735375917e-09
9300.04800076804 2.643292412616764e-10
9350.04800076804 3.1027440792040777e-10
9400.04800076804 6.508493489308864e-10
9450.04800076804 8.260747114074104e-10
9500.04800076804 6.62179610559706e-10
9550.04800076804 8.043052226437882e-10
9600.04800076804 6.761131677129721e-10
9650.04800076804 9.654668399330862e-10
9700.04800076804 1.5712691067498403e-09
9750.04800076804 1.4623178571237517e-09
9800.04800076804 1.8006771058134176e-09
9850.04800076804 2.023893872980995e-09
9900.04800076804 2.8243420414179486e-09
9950.04800076804 2.7565219900931173e-09
10000.04800076804 3.7708089806116555e-09
10050.04800076804 4.087386217465754e-09
10100.04800076804 5.455576089327745e-09
10150.04800076804 6.61506743461609e-09
10200.04800076804 8.143667661906387e-09
10250.04800076804 9.592490141661605e-09
10300.04800076804 1.1216816751813533e-08
10350.04800076804 1.319457159789353e-08
10400.04800076804 1.6247057497941637e-08
10450.04800076804 1.806305353182352e-08
10500.04800076804 1.9738715093076997e-08
10550.04800076804 2.1622742560553902e-08
10600.04800076804 2.158320932919874e-08
10650.04800076804 2.2120897602369095e-08
10700.04800076804 2.10541016417062e-08
10750.04800076804 2.1004801108232574e-08
10800.04800076804 1.8860406881485094e-08
10850.04800076804 1.6445774868677082e-08
10900.04800076804 1.0569725782506083e-08
10950.04800076804 4.5416591416841316e-09
11000.04800076804 2.7863821506633404e-09
11050.04800076804 1.677800206377761e-09
11100.04800076804 9.51195701328025e-10
11150.04800076804 4.083792021853384e-10
11200.04800076804 2.7021798441409163e-10
11250.04800076804 3.5018915531036863e-10
11300.04800076804 5.054624031981151e-10
11350.04800076804 1.5481580866793754e-10
11400.04800076804 4.851837195050291e-10
11450.04800076804 3.4999827205563086e-10
11500.04800076804 2.606866941475514e-10
11550.04800076804 6.636591730800074e-11
11600.04800076804 5.986476776328786e-11
11650.04800076804 1.8852672056876441e-10
11700.04800076804 2.2076104911316986e-10
11750.04800076804 4.265550903417186e-11
11800.04800076804 3.0121903181559867e-10
11850.04800076804 6.047684308191921e-10
11900.04800076804 6.868079997321178e-10
11950.04800076804 1.1975364614965403e-09
12000.04800076804 2.1771400123414088e-09
12050.04800076804 3.594671924509742e-09
12100.04800076804 5.736137938769752e-09
12150.04800076804 8.116842689118426e-09
12200.04800076804 1.0375617508566238e-08
12250.04800076804 1.422754126964255e-08
12300.04800076804 1.8711143465340516e-08
12350.04800076804 1.995508013743085e-08
12400.04800076804 2.679815001542777e-08
12450.04800076804 3.4242916782260686e-08
12500.04800076804 3.810875505386135e-08
12550.04800076804 4.25163256395682e-08
12600.04800076804 4.3269972848812247e-08
12650.04800076804 4.2034719149027915e-08
12700.04800076804 4.1416389463135004e-08
12750.04800076804 3.5747621751362705e-08
12800.04800076804 3.205354300276574e-08
12850.04800076804 2.3452465026663786e-08
12900.04800076804 1.8064427301622125e-08
12950.04800076804 1.5475389520829355e-08
13000.04800076804 1.4586207748249595e-08
13050.04800076804 1.0226116314239352e-08
13100.04800076804 8.920805040476111e-09
13150.04800076804 6.2181965579046864e-09
13200.04800076804 5.733046422535235e-09
13250.04800076804 4.007800705749039e-09
13300.04800076804 1.451097946125348e-09
13350.04800076804 4.2945734254312324e-10
13400.04800076804 2.3086881933818509e-10
13450.04800076804 7.143981798489463e-11
13500.04800076804 2.8542195701156547e-11
13550.04800076804 1.3953131096284932e-11
13600.04800076804 2.95021178306421e-12
13650.04800076804 2.3514165001447006e-11
13700.04800076804 1.4028471543706117e-11
13750.04800076804 2.225970762189913e-11
13800.04800076804 2.022634861193121e-11
13850.04800076804 1.354903639630746e-11
13900.04800076804 1.8210007419229634e-11
13950.04800076804 1.3889804600114318e-11
14000.04800076804 1.57557882391679e-11
14050.04800076804 2.701008815595982e-11
14100.04800076804 2.8768470149104727e-11
14150.04800076804 5.7658249827020755e-11
14200.04800076804 3.25695693057182e-11
14250.04800076804 4.660950246355947e-11
14300.04800076804 1.3112186671620688e-10
14350.04800076804 1.1868875312496805e-10
14400.04800076804 1.372038050189809e-10
14450.04800076804 1.9011287031895518e-10
14500.04800076804 4.743861447159995e-10
14550.04800076804 5.169610246445521e-10
14600.04800076804 8.361862171167861e-10
14650.04800076804 8.486582806795679e-10
14700.04800076804 4.821400062327407e-10
14750.04800076804 7.667933076053448e-10
14800.04800076804 1.030957363176425e-09
14850.04800076804 1.0675418383618616e-09
14900.04800076804 1.3421604214656551e-09
14950.04800076804 1.8295675331847592e-09
15000.04800076804 2.3711922246200303e-09
15050.04800076804 2.4605776782788686e-09
15100.04800076804 3.1773876716298127e-09
15150.04800076804 3.114724193960047e-09
15200.04800076804 3.349678989571066e-09
15250.04800076804 5.252068384574047e-09
15300.04800076804 6.470234337403503e-09
15350.04800076804 8.704332518967849e-09
15400.04800076804 9.796251339653711e-09
15450.04800076804 1.1191830048405492e-08
15500.04800076804 1.2132436580461522e-08
15550.04800076804 1.5258029630234692e-08
15600.04800076804 1.5241185282967397e-08
15650.04800076804 1.6174207651811437e-08
15700.04800076804 2.0930711390654776e-08
15750.04800076804 2.348099171743467e-08
15800.04800076804 2.281831437506918e-08
15850.04800076804 2.469475170367149e-08
15900.04800076804 2.0996986337561878e-08
15950.04800076804 1.975475381696286e-08
16000.04800076804 1.436923406952618e-08
16050.04800076804 8.634303562037706e-09
16100.04800076804 5.702627724932892e-09
16150.04800076804 2.9687450659505984e-09
16200.04800076804 1.6841851299831234e-09
16250.04800076804 1.4176389668275736e-09
16300.04800076804 8.443060769143352e-10
16350.04800076804 1.0252912434836604e-09
16400.04800076804 1.171812795165981e-09
16450.04800076804 1.2232017929179381e-09
16500.04800076804 1.2123701044517258e-09
16550.04800076804 1.1197590935494448e-09
16600.04800076804 1.4082692850647167e-09
16650.04800076804 1.004344827768812e-09
16700.04800076804 1.6529935807273634e-10
16750.04800076804 5.31985688843029e-10
16800.04800076804 9.307286401753473e-10
16850.04800076804 1.0596307990787295e-09
16900.04800076804 5.96801339969362e-10
16950.04800076804 4.218765779958635e-10
17000.04800076804 2.4713053325556285e-10
17050.04800076804 3.885770841271981e-10
17100.04800076804 6.264419561803207e-10
17150.04800076804 3.080323109161921e-10
17200.04800076804 1.109867591940957e-09
17250.04800076804 6.202106817545203e-10
17300.04800076804 3.6830129979432207e-10
17350.04800076804 4.4598599011290685e-10
17400.04800076804 6.284884470485746e-10
17450.04800076804 9.002855153987661e-10
17500.04800076804 1.2662355186371586e-09
17550.04800076804 1.0144265801755238e-09
17600.04800076804 7.222239197753702e-10
17650.04800076804 6.304519002689478e-10
17700.04800076804 4.882345667571614e-10
17750.04800076804 4.730877053281154e-10
17800.04800076804 8.732692181517189e-10
17850.04800076804 4.714048428849398e-10
17900.04800076804 4.280594668726948e-10
17950.04800076804 2.3958706691586533e-10
18000.04800076804 3.730970035253843e-10
18050.04800076804 4.303752434356787e-10
18100.04800076804 3.406784830840003e-10
18150.04800076804 5.00325935335472e-10
18200.04800076804 2.630865155944287e-10
18250.04800076804 8.417345840407814e-10
18300.04800076804 2.9284370121329475e-10
18350.04800076804 2.085261908296488e-10
18400.04800076804 1.4350365888245254e-10
18450.04800076804 4.975708250744547e-10
18500.04800076804 5.356157765314777e-10
18550.04800076804 3.360663589785497e-10
18600.04800076804 4.4157116630491813e-10
18650.04800076804 2.789834142331805e-10
18700.04800076804 1.2951137501160343e-10
18750.04800076804 2.4905064487868684e-10
18800.04800076804 1.1424081316302761e-09
18850.04800076804 9.87536335616845e-10
18900.04800076804 8.897232774541115e-10
18950.04800076804 1.507557738419523e-09
19000.04800076804 5.852630505734003e-10
19050.04800076804 3.6341837142376907e-10
19100.04800076804 9.716715108538364e-10
19150.04800076804 4.790798760044898e-10
19200.04800076804 8.928572368468724e-10
19250.04800076804 7.169026706033652e-10
19300.04800076804 4.3885279687274314e-10
19350.04800076804 5.976059069519125e-10
19400.04800076804 3.790080488289801e-10
19450.04800076804 8.460543943544286e-10
19500.04800076804 6.953655533007519e-10
19550.04800076804 6.138658175614279e-10
19600.04800076804 1.0354893095224613e-09
19650.04800076804 1.106007646998542e-09
19700.04800076804 1.1720932941487804e-09
19750.04800076804 1.4949783250038468e-09
19800.04800076804 1.8963794150450354e-09
19850.04800076804 2.427375454290029e-09
19900.04800076804 2.195633311813061e-09
19950.04800076804 3.2111807976204933e-09
20000.04800076804 3.277640102222563e-09
20050.04800076804 3.2278614375489045e-09
20100.04800076804 3.960010734942246e-09
20150.04800076804 3.16193418098935e-09
20200.04800076804 3.5244584875955408e-09
20250.04800076804 4.63122914469259e-09
20300.04800076804 4.399606005702412e-09
20350.04800076804 5.058919345188794e-09
20400.04800076804 4.471355243263495e-09
20450.04800076804 5.924737373442297e-09
20500.04800076804 5.925065200066215e-09
20550.04800076804 5.962581491030252e-09
20600.04800076804 6.454782104240043e-09
20650.04800076804 6.1953540273745925e-09
20700.04800076804 6.230453424706551e-09
20750.04800076804 6.731269527550624e-09
20800.04800076804 6.173228879672598e-09
20850.04800076804 6.37484653652512e-09
20900.04800076804 6.513954249136752e-09
20950.04800076804 5.885187244481518e-09
21000.04800076804 6.0402013943635585e-09
21050.04800076804 5.625903955097283e-09
21100.04800076804 5.394215438692795e-09
21150.04800076804 5.267378049840972e-09
21200.04800076804 4.9713301926134365e-09
21250.04800076804 4.741900625960553e-09
21300.04800076804 4.003384854433715e-09
21350.04800076804 4.0440257416706135e-09
21400.04800076804 3.73560242612276e-09
21450.04800076804 3.091294375542948e-09
21500.04800076804 3.2405857715572273e-09
21550.04800076804 2.970581528981065e-09
21600.04800076804 2.5773841563104647e-09
21650.04800076804 2.1387060887543265e-09
21700.04800076804 2.2266338006665994e-09
21750.04800076804 2.4074108618997354e-09
21800.04800076804 2.0787489402019217e-09
21850.04800076804 1.811042645161388e-09
21900.04800076804 1.493391703637165e-09
21950.04800076804 4.3743562424886313e-10
22000.04800076804 1.3092104273903957e-10
22050.04800076804 1.785856976833366e-10
22100.04800076804 4.699744452772224e-10
22150.04800076804 5.343483023049147e-10
22200.04800076804 4.569398471074485e-10
22250.04800076804 4.437041475544988e-10
22300.04800076804 2.520595685138833e-10
22350.04800076804 3.147028081151619e-10
22400.04800076804 1.601056613176381e-10
22450.04800076804 1.810129915011018e-10
22500.04800076804 1.7425495498512116e-10
22550.04800076804 7.12557855397861e-11
22600.04800076804 1.1883157653212513e-10
22650.04800076804 2.074777522345507e-10
22700.04800076804 1.0201760689138516e-10
22750.04800076804 1.1196007708476274e-10
22800.04800076804 1.2589336486798227e-10
22850.04800076804 1.0990732587446863e-10
22900.04800076804 5.279319507486577e-11
22950.04800076804 4.662841351249572e-11
23000.04800076804 9.223024337357594e-11
23050.04800076804 8.796970165359872e-11
23100.04800076804 2.7669860525780136e-10
23150.04800076804 3.0741915874102303e-10
23200.04800076804 3.739174511382307e-11
23250.04800076804 4.022118486991365e-11
23300.04800076804 7.461759063289157e-11
23350.04800076804 4.9115428385102236e-11
23400.04800076804 1.1182369328459692e-10
23450.04800076804 6.943291357967979e-11
23500.04800076804 5.911223677883631e-11
23550.04800076804 1.1778662024058217e-10
23600.04800076804 1.287496030135875e-10
23650.04800076804 2.180070081496528e-10
23700.04800076804 5.776602976119956e-11
23750.04800076804 3.98744792757807e-11
23800.04800076804 1.4806140192446365e-10
