galfind/configs/Brown_Dwarf_templates/sonora_cholla/logkzz7/31g/650K_31g_logkzz7_resample.dat
# %ECSV 1.0
# ---
# datatype:
# - {name: wav, unit: Angstrom, datatype: float64}
# - {name: flux_nu, unit: erg / (cm2 Hz s), datatype: float64}
# schema: astropy-2.0
wav flux_nu
[from data line 418]
23900.04800076804 5.724801360781556e-10
23950.04800076804 5.290907884807771e-10
24000.04800076804 7.801791373531425e-10
24050.04800076804 1.077905458416778e-09
24100.04800076804 8.697907289286357e-10
24150.04800076804 1.0113601766595888e-09
24200.04800076804 8.664848739614452e-10
24250.04800076804 6.310632386499869e-10
24300.04800076804 1.0988060241931222e-09
24350.04800076804 8.49865939679674e-10
24400.04800076804 1.667570242272353e-09
24450.04800076804 1.5880510378758262e-09
24500.04800076804 1.6984272503230627e-09
24550.04800076804 2.170194942824611e-09
24600.04800076804 2.6377641985084874e-09
24650.04800076804 2.8717921088555362e-09
24700.04800076804 2.2593303324527654e-09
24750.04800076804 2.3139405052386785e-09
24800.04800076804 2.345332065368022e-09
24850.04800076804 3.541466826525188e-09
24900.04800076804 1.716490209151831e-09
24950.04800076804 2.7852936862609766e-09
25000.04800076804 3.223329933499586e-09
25050.04800076804 1.954068761890902e-09
25100.04800076804 2.6401750244251297e-09
25150.04800076804 1.3725629109910004e-09
25200.04800076804 2.0867449019786107e-09
25250.04800076804 9.051256996127076e-10
25300.04800076804 1.5150781975357125e-09
25350.04800076804 6.019096994971447e-10
25400.04800076804 1.4524924160765734e-09
25450.04800076804 6.76941295372436e-10
25500.04800076804 5.660712675345538e-10
25550.04800076804 1.0921964951213201e-09
25600.04800076804 3.1745738302762086e-10
25650.04800076804 3.221926598888327e-10
25700.04800076804 5.147036530345258e-10
25750.04800076804 1.982957647187909e-10
25800.04800076804 7.726037775524359e-10
25850.04800076804 1.7623159896202545e-10
25900.04800076804 2.882479965698942e-10
25950.04800076804 9.941737098194507e-11
26000.04800076804 6.674853140940474e-10
26050.04800076804 1.5096724130478527e-10
26100.04800076804 5.888366259929202e-10
26150.04800076804 3.17311723960023e-10
26200.04800076804 3.508695161349177e-10
26250.04800076804 1.474402120416691e-09
26300.04800076804 4.989294538667479e-10
26350.04800076804 1.7896529002908326e-09
26400.04800076804 2.51478532012892e-09
26450.04800076804 2.2721294774501254e-09
26500.04800076804 2.892276424781325e-09
26550.04800076804 8.730446672134392e-10
26600.04800076804 8.411572826349114e-10
26650.04800076804 2.316381035505372e-10
26700.04800076804 8.56061731202662e-11
26750.04800076804 1.5750572715154052e-10
26800.04800076804 2.9119405438316395e-10
26850.04800076804 2.0107892986086557e-10
26900.04800076804 7.966983318949571e-10
26950.04800076804 2.76842614018229e-10
27000.04800076804 1.0875011859219123e-09
27050.04800076804 1.1225573005260743e-09
27100.04800076804 3.6022712353731645e-10
27150.04800076804 1.500640816169063e-09
27200.04800076804 2.9196279380190507e-10
27250.04800076804 7.471824489160044e-10
27300.04800076804 4.262397491521923e-09
27350.04800076804 1.734238964611284e-09
27400.04800076804 1.4104188820183002e-10
27450.04800076804 2.3964904918018006e-09
27500.04800076804 3.052872616809002e-09
27550.04800076804 6.106678985584736e-10
27600.04800076804 1.5779447845402151e-09
27650.04800076804 4.597875810501587e-10
27700.04800076804 3.516426802021363e-10
27750.04800076804 1.8705159694547837e-09
27800.04800076804 6.674374288240396e-10
27850.04800076804 8.959028059598679e-10
27900.04800076804 1.1995708368496781e-09
27950.04800076804 2.439639922898421e-09
28000.04800076804 2.0796155653546503e-09
28050.04800076804 4.733538306095537e-10
28100.04800076804 3.3224922579413657e-09
28150.04800076804 1.951430185790616e-09
28200.04800076804 4.887602738427878e-10
28250.04800076804 3.557058488325871e-09
28300.04800076804 5.482332689339499e-09
28350.04800076804 8.52017711310693e-10
28400.04800076804 2.9359530829980235e-09
28450.04800076804 5.228439282944298e-09
28500.04800076804 2.7968598328486658e-09
28550.04800076804 6.73345368692701e-10
28600.04800076804 4.091684118357493e-09
28650.04800076804 4.37709422591106e-09
28700.04800076804 3.6051499218981803e-09
28750.04800076804 7.015943353199045e-09
28800.04800076804 5.496936080984753e-09
28850.04800076804 7.075644208170025e-09
28900.04800076804 2.9407619730198705e-09
28950.04800076804 9.665093563725406e-09
29000.04800076804 5.302714308101326e-09
29050.04800076804 6.395391234095435e-09
29100.04800076804 4.315450943183778e-09
29150.04800076804 1.020941581475077e-08
29200.04800076804 6.3676589578577195e-09
29250.04800076804 9.061543553452044e-09
29300.04800076804 5.487705845367366e-09
29350.04800076804 2.3484895763240234e-08
29400.04800076804 6.6499306626892536e-09
29450.04800076804 8.533529338385673e-09
29500.04800076804 1.2240687377667372e-08
29550.04800076804 7.652956560970131e-09
29600.04800076804 1.2725918539341307e-08
29650.04800076804 1.4636722040576016e-08
29700.04800076804 6.960988773443934e-09
29750.04800076804 1.1078834708761798e-08
29800.04800076804 1.3413481979874283e-08
29850.04800076804 1.8018127547510954e-08
29900.04800076804 1.7835800424216593e-08
29950.04800076804 1.2906280643032592e-08
30000.04800076804 7.119390309126302e-09
30050.04800076804 8.680160702072025e-09
30100.04800076804 1.2947513106217152e-08
30150.04800076804 1.715448036013386e-08
30200.04800076804 1.0927739263587782e-08
30250.04800076804 2.3416705523116394e-08
30300.04800076804 2.0271809774312283e-08
30350.04800076804 1.3900418046223127e-08
30400.04800076804 2.0263999058336554e-08
30450.04800076804 1.5632457887353913e-08
30500.04800076804 1.3304206324786312e-08
30550.04800076804 1.1461982919523239e-08
30600.04800076804 2.073008978805674e-08
30650.04800076804 1.5501204806699908e-08
30700.04800076804 1.23681602576036e-08
30750.04800076804 1.4678485354178615e-08
30800.04800076804 1.0484808559739744e-08
30850.04800076804 1.3642682647597843e-08
30900.04800076804 1.2024800588098019e-08
30950.04800076804 6.7703814943894535e-09
31000.04800076804 1.039020293145538e-08
31050.04800076804 9.20527543215724e-09
31100.04800076804 5.705527884912875e-09
31150.04800076804 7.854891770787404e-09
31200.04800076804 9.363021445566812e-09
31250.04800076804 5.954918551044064e-09
31300.04800076804 5.132097899339063e-09
31350.04800076804 6.261429807856773e-09
31400.04800076804 3.344423871698206e-09
31450.04800076804 5.980266422890834e-09
31500.04800076804 2.9739828911433956e-09
31550.04800076804 4.156293225022501e-09
31600.04800076804 2.3997787308679706e-09
31650.04800076804 2.597445499625209e-09
31700.04800076804 3.1202654700765852e-09
31750.04800076804 1.3279115462718437e-09
31800.04800076804 3.126672417184849e-09
31850.04800076804 1.338891377127319e-09
31900.04800076804 2.075657907876525e-09
31950.04800076804 1.4377253620199471e-09
32000.04800076804 1.5004277232614285e-09
32050.04800076804 1.0765210816383869e-09
32100.04800076804 9.615326098450535e-10
32150.04800076804 1.3771996885658682e-09
32200.04800076804 8.076878206597569e-10
32250.04800076804 2.16982945034352e-09
32300.04800076804 6.210244063018698e-10
32350.04800076804 2.214118096291299e-09
32400.04800076804 7.894230275784151e-10
32450.04800076804 1.4042784169533811e-09
32500.04800076804 9.638376537875022e-10
32550.04800076804 1.6307049281656472e-09
32600.04800076804 1.2058512624624937e-09
32650.04800076804 2.6635830335590625e-09
32700.04800076804 1.6621481225120677e-09
32750.04800076804 3.767921454433828e-09
32800.04800076804 2.2551987940093097e-09
32850.04800076804 5.03826679247846e-09
32900.04800076804 4.477482145106242e-09
32950.04800076804 5.511536355534388e-09
33000.04800076804 3.1761589969928035e-09
33050.04800076804 3.852869527367016e-09
33100.04800076804 1.2852949847987587e-09
33150.04800076804 1.6407400991545985e-11
33200.04800076804 7.556029408170546e-11
33250.04800076804 6.082460761517937e-11
33300.04800076804 1.418673735266606e-10
33350.04800076804 5.041981436034232e-10
33400.04800076804 1.12005174352282e-09
33450.04800076804 1.1536722478173869e-09
33500.04800076804 2.644307703714631e-09
33550.04800076804 1.71526355566707e-09
33600.04800076804 2.6478442240769867e-09
33650.04800076804 2.0695416994641313e-09
33700.04800076804 1.6145306152897735e-09
33750.04800076804 3.282536141901832e-09
33800.04800076804 1.0928974737760689e-09
33850.04800076804 2.2561124929464667e-09
33900.04800076804 2.379647568615696e-09
33950.04800076804 2.2701415761647918e-09
34000.04800076804 3.640603479319285e-09
34050.04800076804 9.568315113331525e-10
34100.04800076804 3.071543327100512e-09
34150.04800076804 1.790917852623114e-09
34200.04800076804 2.8640560977625593e-09
34250.04800076804 2.049678855239352e-09
34300.04800076804 1.962989773505752e-09
34350.04800076804 3.233421671426798e-09
34400.04800076804 1.931626652223335e-09
34450.04800076804 3.761508227448036e-09
34500.04800076804 1.8052688593879434e-09
34550.04800076804 1.4702788750835633e-09
34600.04800076804 4.477359719626785e-09
34650.04800076804 1.489153990364957e-09
34700.04800076804 2.304459923941984e-09
34750.04800076804 1.9314868440673086e-09
34800.04800076804 1.881129422863789e-09
34850.04800076804 3.4294341659274002e-09
34900.04800076804 2.8204627355533825e-09
34950.04800076804 2.5943972583579007e-09
35000.04800076804 5.1824620865789596e-09
35050.04800076804 3.2593339692568554e-09
35100.04800076804 5.532561295698166e-09
35150.04800076804 4.676037154278552e-09
35200.04800076804 6.492364602907688e-09
35250.04800076804 6.456404712042632e-09
35300.04800076804 4.428261752714585e-09
35350.04800076804 6.935720849810524e-09
35400.04800076804 5.873326984213595e-09
35450.04800076804 4.826323856382024e-09
35500.04800076804 1.2653810441140112e-08
35550.04800076804 7.4351997497276045e-09
35600.04800076804 9.102959102096629e-09
35650.04800076804 9.162499559900729e-09
35700.04800076804 6.253618393646631e-09
35750.04800076804 1.4314712221821531e-08
35800.04800076804 9.118957467934316e-09
35850.04800076804 5.536899700307434e-09
35900.04800076804 9.925878759233591e-09
35950.04800076804 8.61398805435479e-09
36000.04800076804 4.130661261847828e-09
36050.04800076804 8.487776330805885e-09
36100.04800076804 7.85433232006924e-09
36150.04800076804 1.0586754382955107e-08
36200.04800076804 9.235090126171816e-09
36250.04800076804 1.1347001893795642e-08
36300.04800076804 1.2632353717204585e-08
36350.04800076804 1.0645893164481456e-08
36400.04800076804 1.7921327446851266e-08
36450.04800076804 1.494268733049155e-08
36500.04800076804 1.7045006637516042e-08
36550.04800076804 1.990985388382441e-08
36600.04800076804 2.1946818664054094e-08
36650.04800076804 2.16656401534087e-08
36700.04800076804 2.7250542664750147e-08
36750.04800076804 2.79647348304765e-08
36800.04800076804 2.365523014400652e-08
36850.04800076804 1.829049451696253e-08
36900.04800076804 2.3763601330939834e-08
36950.04800076804 2.407060767144884e-08
37000.04800076804 2.3548236290134608e-08
37050.04800076804 2.8092437009368285e-08
37100.04800076804 3.010071291619755e-08
37150.04800076804 2.975130204861839e-08
37200.04800076804 2.463353464209395e-08
37250.04800076804 2.2460044255625552e-08
37300.04800076804 2.2081877061387068e-08
37350.04800076804 3.270237090292518e-08
37400.04800076804 3.371151414350594e-08
37450.04800076804 2.787908576835762e-08
37500.04800076804 2.5809274410987782e-08
37550.04800076804 3.938427506705094e-08
37600.04800076804 5.0364563309370933e-08
37650.04800076804 3.231363258010448e-08
37700.04800076804 3.960532804500197e-08
37750.04800076804 2.6906941984451157e-08
37800.04800076804 3.0744692770195494e-08
37850.04800076804 2.4019863387340483e-08
37900.04800076804 3.0225195892252556e-08
37950.04800076804 3.787703273737341e-08
38000.04800076804 4.935697654789765e-08
38050.04800076804 4.938865457290838e-08
38100.04800076804 4.951699328550007e-08
38150.04800076804 5.3982645500227434e-08
38200.04800076804 5.6638209962201566e-08
38250.04800076804 5.608291883031463e-08
38300.04800076804 8.349378078685237e-08
38350.04800076804 7.424522048294673e-08
38400.04800076804 4.3368599862367245e-08
38450.04800076804 4.033515834864229e-08
38500.04800076804 2.2546597229429128e-08
38550.04800076804 3.6801762298931054e-08
38600.04800076804 4.54477252754609e-08
38650.04800076804 6.64746539001999e-08
38700.04800076804 5.482678026830732e-08
38750.04800076804 5.715685182788971e-08
38800.04800076804 4.435546565425186e-08
38850.04800076804 7.146297532422624e-08
38900.04800076804 7.274479826893758e-08
38950.04800076804 5.4624973901591685e-08
39000.04800076804 8.384212214219499e-08
39050.04800076804 6.182399213087159e-08
39100.04800076804 8.087664279994334e-08
39150.04800076804 6.76424232289183e-08
39200.04800076804 5.551232564968e-08
39250.04800076804 7.85602102236426e-08
39300.04800076804 7.6672033231846e-08
39350.04800076804 1.1379217932798788e-07
39400.04800076804 8.602736006654016e-08
39450.04800076804 9.197610639409385e-08
39500.04800076804 8.403888224525623e-08
39550.04800076804 7.635323877187764e-08
39600.04800076804 9.948232471057086e-08
39650.04800076804 1.2144924723652168e-07
39700.04800076804 8.270721739596886e-08
39750.04800076804 5.9326179563716916e-08
39800.04800076804 7.536561632310302e-08
39850.04800076804 1.0324751223763105e-07
39900.04800076804 1.1279760057603192e-07
39950.04800076804 9.924449646079661e-08
40000.04800076804 1.2558725687803398e-07
40050.04800076804 1.056451905814309e-07
40100.04800076804 6.986849072103046e-08
40150.04800076804 1.3173673237122068e-07
40200.04800076804 1.271567453119515e-07
40250.04800076804 1.1996122313907774e-07
40300.04800076804 1.3900133929988982e-07
40350.04800076804 9.186852831584437e-08
40400.04800076804 1.2927934398220117e-07
40450.04800076804 1.0300609740696868e-07
40500.04800076804 1.4437198936414357e-07
40550.04800076804 1.3373897809595653e-07
40600.04800076804 1.2480078105932802e-07
40650.04800076804 1.2929126771880603e-07
40700.04800076804 1.8463105816418763e-07
40750.04800076804 1.5872776411509005e-07
40800.04800076804 1.1138916839955311e-07
40850.04800076804 1.7704829261136034e-07
40900.04800076804 1.4459148792887197e-07
40950.04800076804 1.2634513017657453e-07
41000.04800076804 1.480768477482786e-07
41050.04800076804 1.858688621014086e-07
41100.04800076804 1.0392651380636149e-07
41150.04800076804 9.883095312926152e-08
41200.04800076804 1.9683105956826382e-07
41250.04800076804 1.5691689843529013e-07
41300.04800076804 1.302343668846622e-07
41350.04800076804 1.9991504625832327e-07
41400.04800076804 1.6335176927538942e-07
41450.04800076804 1.8851786066566876e-07
41500.04800076804 1.3943979602833493e-07
41550.04800076804 1.2905346425201215e-07
41600.04800076804 1.7967625108014023e-07
41650.04800076804 1.7592129117407755e-07
41700.04800076804 1.5854544422451163e-07
41750.04800076804 1.4739589129130673e-07
41800.04800076804 1.8918950682929597e-07
41850.04800076804 1.1611540489042627e-07
41900.04800076804 1.396742165930958e-07
41950.04800076804 1.3733527654026506e-07
42000.04800076804 1.6787273729358933e-07
42050.04800076804 1.437877929355212e-07
42100.04800076804 1.5732502691699906e-07
42150.04800076804 1.1670467149361493e-07
42200.04800076804 1.5008958623635125e-07
42250.04800076804 1.183772031937719e-07
42300.04800076804 1.1605008341995733e-07
42350.04800076804 1.3078299655253087e-07
42400.04800076804 1.0779080034823396e-07
42450.04800076804 9.747580756777004e-08
42500.04800076804 1.2123442789225034e-07
42550.04800076804 1.041984873886424e-07
42600.04800076804 1.240045791625806e-07
42650.04800076804 1.663140391410235e-07
42700.04800076804 1.1026322097997343e-07
42750.04800076804 1.2322700183514333e-07
42800.04800076804 1.0250159997339506e-07
42850.04800076804 1.4200746476435157e-07
42900.04800076804 1.4099890911384702e-07
42950.04800076804 1.1626825448296888e-07
43000.04800076804 1.4491727036559128e-07
43050.04800076804 7.17577684632811e-08
43100.04800076804 1.1268504539835729e-07
43150.04800076804 1.3489191354492776e-07
43200.04800076804 1.5101835723564267e-07
43250.04800076804 1.4593417753770705e-07
43300.04800076804 1.9217785238160185e-07
43350.04800076804 1.1752545135363154e-07
43400.04800076804 1.5231084750699887e-07
43450.04800076804 9.723819151790501e-08
43500.04800076804 1.0568305899769224e-07
43550.04800076804 1.1003419132133715e-07
43600.04800076804 1.5888976541068645e-07
