galfind/configs/Brown_Dwarf_templates/sonora_cholla/logkzz7/31g/700K_31g_logkzz7_resample.dat
# %ECSV 1.0
# ---
# datatype:
# - {name: wav, unit: Angstrom, datatype: float64}
# - {name: flux_nu, unit: erg / (cm2 Hz s), datatype: float64}
# schema: astropy-2.0
wav flux_nu
[from data line 813]
43650.04800076804 1.0428487017878779e-07
43700.04800076804 1.8378963966410167e-07
43750.04800076804 1.9663654962962582e-07
43800.04800076804 1.3292106495770468e-07
43850.04800076804 1.62478984289687e-07
43900.04800076804 1.1958001383817008e-07
43950.04800076804 1.0507988228807312e-07
44000.04800076804 7.686319035365856e-08
44050.04800076804 1.2531055265533168e-07
44100.04800076804 1.3190316011284002e-07
44150.04800076804 1.304096352200902e-07
44200.04800076804 1.0949968098165983e-07
44250.04800076804 8.927791447741964e-08
44300.04800076804 8.224429878631576e-08
44350.04800076804 6.825162984767304e-08
44400.04800076804 6.880489455481025e-08
44450.04800076804 6.861071129220866e-08
44500.04800076804 5.286939755829448e-08
44550.04800076804 5.8475821005674406e-08
44600.04800076804 4.47738305139537e-08
44650.04800076804 4.9887158362128025e-08
44700.04800076804 4.34585375347648e-08
44750.04800076804 4.3901834070656866e-08
44800.04800076804 3.75989307123796e-08
44850.04800076804 3.338646935208119e-08
44900.04800076804 2.5205892704526625e-08
44950.04800076804 2.2759139622827945e-08
45000.04800076804 2.2490305792212276e-08
45050.04800076804 2.3595073851714896e-08
45100.04800076804 2.155117345182528e-08
45150.04800076804 1.813661635242963e-08
45200.04800076804 1.2599181120359468e-08
45250.04800076804 1.3406837065782815e-08
45300.04800076804 1.61491181750067e-08
45350.04800076804 1.4748221999574098e-08
45400.04800076804 1.0075296172816967e-08
45450.04800076804 9.320687760159934e-09
45500.04800076804 1.0592099267931313e-08
45550.04800076804 1.2732278863593858e-08
45600.04800076804 8.326342905218606e-09
45650.04800076804 8.44867684709671e-09
45700.04800076804 1.2227785118986753e-08
45750.04800076804 9.297056816005034e-09
45800.04800076804 6.644391123418968e-09
45850.04800076804 1.1561369146080761e-08
45900.04800076804 1.1010456229715188e-08
45950.04800076804 6.412160870435846e-09
46000.04800076804 1.0179584288938318e-08
46050.04800076804 1.174660793654849e-08
46100.04800076804 6.500373960331812e-09
46150.04800076804 1.2514749356005677e-08
46200.04800076804 1.248866455133881e-08
46250.04800076804 5.1071147235696215e-09
46300.04800076804 1.4907288505815536e-08
46350.04800076804 9.866656530057275e-09
46400.04800076804 1.1948174547746385e-08
46450.04800076804 2.0177582922963872e-08
46500.04800076804 1.210253032226709e-08
46550.04800076804 2.547447141758613e-08
46600.04800076804 2.6808187063476647e-08
46650.04800076804 5.2639600055450865e-08
46700.04800076804 3.362791156112747e-08
46750.04800076804 2.068381554563992e-08
46800.04800076804 1.5498649196896772e-08
46850.04800076804 1.8596350343391282e-08
46900.04800076804 1.5121587749439315e-08
46950.04800076804 2.5302122070489986e-08
47000.04800076804 9.543253323840455e-09
47050.04800076804 2.468363871499492e-08
47100.04800076804 8.935073411156103e-09
47150.04800076804 1.3457316139098246e-08
47200.04800076804 1.4677314223492946e-08
47250.04800076804 9.180229240323902e-09
47300.04800076804 1.3433332714884082e-08
47350.04800076804 7.968763040106797e-09
47400.04800076804 1.8805302050938767e-08
47450.04800076804 7.349372941460066e-09
47500.04800076804 2.2138609957016746e-08
47550.04800076804 8.489315868233939e-09
47600.04800076804 2.1752862553375527e-08
47650.04800076804 9.935824543815422e-09
47700.04800076804 2.0785907052744244e-08
47750.04800076804 9.478882699163377e-09
47800.04800076804 2.0956136006207312e-08
47850.04800076804 1.02027263540917e-08
47900.04800076804 1.845715172591136e-08
47950.04800076804 1.2368400144606694e-08
48000.04800076804 2.756182264943756e-08
48050.04800076804 1.671474631380038e-08
48100.04800076804 2.741023217020065e-08
48150.04800076804 1.8303906104393783e-08
48200.04800076804 3.024479954544152e-08
48250.04800076804 2.056572797901262e-08
48300.04800076804 3.851906664636603e-08
48350.04800076804 1.9905206996430072e-08
48400.04800076804 2.835951098405291e-08
48450.04800076804 1.8192250159279148e-08
48500.04800076804 3.868559547687738e-08
48550.04800076804 1.6725533772826843e-08
48600.04800076804 3.896362321467316e-08
48650.04800076804 1.9239316838992956e-08
48700.04800076804 4.528621411443744e-08
48750.04800076804 2.358984622241418e-08
48800.04800076804 4.40672842298461e-08
48850.04800076804 3.439261355562209e-08
48900.04800076804 4.8525783036208436e-08
48950.04800076804 4.7215710669427024e-08
49000.04800076804 3.743013135200846e-08
49050.04800076804 5.123023622278251e-08
49100.04800076804 3.3694910613247396e-08
49150.04800076804 6.787791421589986e-08
49200.04800076804 3.369814961944703e-08
49250.04800076804 7.163394211436388e-08
49300.04800076804 4.3149009122852703e-08
49350.04800076804 4.782274497098169e-08
49400.04800076804 6.346742068069325e-08
49450.04800076804 5.585455040944422e-08
49500.04800076804 5.5133663424049586e-08
49550.04800076804 2.4769433363840455e-08
49600.04800076804 6.109349897636973e-08
49650.04800076804 5.332676403989376e-08
49700.04800076804 5.341718070276519e-08
49750.04800076804 1.011482786793533e-07
49800.04800076804 4.690496999405636e-08
49850.04800076804 1.197395574457063e-07
49900.04800076804 7.481977775993184e-08
49950.04800076804 9.98463433865351e-08
50000.04800076804 9.581877716935903e-08
50050.04800076804 9.410086581698734e-08
50100.04800076804 1.183680243949767e-07
50150.04800076804 4.081725926771352e-08
50200.04800076804 2.3291291852655026e-08
50250.04800076804 8.2288997599846e-08
50300.04800076804 5.8798932853234745e-08
50350.04800076804 9.232172388107472e-08
50400.04800076804 8.900527666393426e-08
50450.04800076804 9.32584959679259e-08
50500.04800076804 1.2212562350556183e-07
50550.04800076804 9.970837110189084e-08
50600.04800076804 1.141456458834929e-07
50650.04800076804 1.0557690020197268e-07
50700.04800076804 1.4628766998306182e-07
50750.04800076804 1.3496702569815458e-07
50800.04800076804 4.7801345659939456e-08
50850.04800076804 4.3595822848459203e-08
50900.04800076804 1.2412849164520685e-07
50950.04800076804 1.2997282993685508e-07
51000.04800076804 9.998501179018201e-08
51050.04800076804 1.1199877383263158e-07
51100.04800076804 4.646387203214647e-08
51150.04800076804 7.545841756492994e-08
51200.04800076804 1.4530742562096046e-07
51250.04800076804 1.247532261723925e-07
51300.04800076804 7.283779545940451e-08
51350.04800076804 9.77063781434705e-08
51400.04800076804 5.2307173146734706e-08
51450.04800076804 4.384804625827886e-08
51500.04800076804 3.8121006062284625e-08
51550.04800076804 9.976416819890436e-08
51600.04800076804 7.013640415606939e-08
51650.04800076804 1.1095044159169969e-07
51700.04800076804 1.087106591636895e-07
51750.04800076804 7.112280230481998e-08
51800.04800076804 1.5173431108895362e-07
51850.04800076804 1.1811324028073008e-07
51900.04800076804 1.465030636791586e-07
51950.04800076804 1.0046814037063082e-07
52000.04800076804 1.936224762646453e-08
52050.04800076804 5.8603195995113826e-08
52100.04800076804 4.6195029049026416e-08
52150.04800076804 3.021034257373879e-08
52200.04800076804 4.595792092710288e-08
52250.04800076804 7.648558779826504e-08
52300.04800076804 1.2480493807218274e-07
52350.04800076804 5.754054947974611e-08
52400.04800076804 4.968478756824995e-08
52450.04800076804 1.1894409566205976e-07
52500.04800076804 1.079623766126259e-07
52550.04800076804 1.0499871234528656e-07
52600.04800076804 7.68102764974099e-08
52650.04800076804 8.911810256623535e-08
52700.04800076804 7.385359371172786e-08
52750.04800076804 4.4817940918833064e-08
52800.04800076804 5.2584494340768046e-08
52850.04800076804 6.953519620821989e-08
52900.04800076804 4.035868894682706e-08
52950.04800076804 4.4977634249502445e-08
53000.04800076804 1.192317631165478e-07
53050.04800076804 3.6641327368034736e-08
53100.04800076804 1.1629436167632089e-07
53150.04800076804 1.3414879831272062e-07
53200.04800076804 5.4696051552492005e-08
53250.04800076804 1.270616585074985e-07
53300.04800076804 1.2696414351301264e-07
53350.04800076804 1.1953745693946643e-07
53400.04800076804 1.0711945644185926e-07
53450.04800076804 3.209526602602613e-08
53500.04800076804 1.3210567980106802e-08
53550.04800076804 2.7490987579893622e-08
53600.04800076804 6.452185610436748e-08
53650.04800076804 6.268661519259596e-08
53700.04800076804 5.10653045070348e-08
53750.04800076804 5.095695878874018e-08
53800.04800076804 4.9023169709287e-08
53850.04800076804 7.145601980929346e-08
53900.04800076804 8.526889172106445e-08
53950.04800076804 1.0651513703775327e-07
54000.04800076804 6.623707369442858e-08
54050.04800076804 7.455192501575011e-08
54100.04800076804 2.225991474425522e-08
54150.04800076804 3.573286052087038e-08
54200.04800076804 9.516280470638856e-09
54250.04800076804 1.7487768329046875e-08
54300.04800076804 4.4779708050996804e-08
54350.04800076804 6.057405710687437e-08
54400.04800076804 5.77845532147246e-08
54450.04800076804 4.802814598337418e-08
54500.04800076804 4.071990815147496e-08
54550.04800076804 3.7714336333196885e-08
54600.04800076804 4.394595020006192e-08
54650.04800076804 1.182696381621853e-08
54700.04800076804 5.0372646122611675e-08
54750.04800076804 4.9270559491605376e-08
54800.04800076804 2.8789826162235733e-08
54850.04800076804 4.3401911113359526e-08
54900.04800076804 6.476755279363519e-08
54950.04800076804 9.958012696019418e-08
55000.04800076804 2.8286780852944863e-08
55050.04800076804 5.4327766410225686e-08
55100.04800076804 5.510506488221892e-08
55150.04800076804 3.2147080235767924e-08
55200.04800076804 2.9337061137771986e-08
55250.04800076804 4.2500667014986925e-08
55300.04800076804 2.6767448552067625e-08
55350.04800076804 5.8638703679272594e-08
55400.04800076804 7.097685012659987e-08
55450.04800076804 3.9568930967650604e-08
55500.04800076804 1.62249823556927e-08
55550.04800076804 2.0482370145937778e-08
55600.04800076804 2.7157676442186873e-08
55650.04800076804 2.5568417974142293e-08
55700.04800076804 2.9283022125245824e-08
55750.04800076804 2.9056871641619595e-08
55800.04800076804 1.4589838047533626e-08
55850.04800076804 1.8251085776394654e-08
55900.04800076804 4.664551260803928e-08
55950.04800076804 6.565507401011817e-08
56000.04800076804 2.2280925709617163e-08
56050.04800076804 3.2531175184914275e-08
56100.04800076804 4.6916841856189295e-08
56150.04800076804 2.3747596974926166e-08
56200.04800076804 3.298054197839588e-08
56250.04800076804 4.69653380792432e-08
56300.04800076804 3.6776611217137456e-08
56350.04800076804 2.9639128817573975e-08
56400.04800076804 1.2058634387081259e-08
56450.04800076804 1.1322084363153659e-08
56500.04800076804 2.2846744859459325e-08
56550.04800076804 1.2308751262394467e-08
56600.04800076804 4.20294932198026e-08
56650.04800076804 4.5470529693820446e-08
56700.04800076804 3.985806546863359e-08
56750.04800076804 1.319616557461427e-08
56800.04800076804 3.8067771151096924e-08
56850.04800076804 3.558535100893337e-08
56900.04800076804 1.9378755952761117e-08
56950.04800076804 4.131252764982188e-08
57000.04800076804 5.114308158730633e-08
57050.04800076804 2.3744663407754676e-08
57100.04800076804 8.698465647327899e-09
57150.04800076804 1.4575069523684727e-08
57200.04800076804 1.2785817338751795e-08
57250.04800076804 1.804950286252931e-08
57300.04800076804 3.1030923995607966e-08
57350.04800076804 1.4190892852952998e-08
57400.04800076804 3.393448103672299e-08
57450.04800076804 2.1650697094829702e-08
57500.04800076804 2.2127065190332142e-08
57550.04800076804 3.243000119054724e-08
57600.04800076804 3.1000486793738e-08
57650.04800076804 6.880872981655159e-09
57700.04800076804 1.1706771004680936e-08
57750.04800076804 2.0667601565031547e-08
57800.04800076804 8.109119952087773e-09
57850.04800076804 6.085130486448877e-08
57900.04800076804 6.806983659879738e-08
57950.04800076804 6.623232207264387e-08
58000.04800076804 2.1767758476844046e-08
58050.04800076804 3.8291443939200555e-08
58100.04800076804 4.1087458087170215e-08
58150.04800076804 2.4328081520694387e-08
58200.04800076804 7.246005260351579e-09
58250.04800076804 1.1375634293784445e-08
58300.04800076804 1.1629623811116897e-08
58350.04800076804 1.6110123005560552e-08
58400.04800076804 3.40049887514525e-08
58450.04800076804 3.6426917575567764e-08
58500.04800076804 3.3692457851340796e-08
58550.04800076804 3.3337314824227416e-08
58600.04800076804 1.3302423615967655e-08
58650.04800076804 1.7457258724661394e-08
58700.04800076804 2.408936152769622e-08
58750.04800076804 1.9502854836349882e-08
58800.04800076804 4.416001881936186e-09
58850.04800076804 1.5954683249770264e-08
58900.04800076804 2.3455022004570174e-08
58950.04800076804 9.870279416191905e-09
59000.04800076804 2.385836223617227e-08
59050.04800076804 3.520054379093162e-08
59100.04800076804 3.5246115575580636e-08
59150.04800076804 2.5273491988041703e-08
59200.04800076804 2.9644771526954534e-08
59250.04800076804 3.1509697111693267e-08
59300.04800076804 2.4440571166028082e-08
59350.04800076804 6.132180944501008e-09
59400.04800076804 5.667164779071807e-09
59450.04800076804 2.5902274636706428e-08
59500.04800076804 1.3014429636318996e-08
59550.04800076804 3.162040841849699e-08
59600.04800076804 3.8008728483366286e-08
59650.04800076804 2.0746331732069188e-08
59700.04800076804 1.354557225116273e-08
59750.04800076804 4.186877239191926e-08
59800.04800076804 1.9833069479992758e-08
59850.04800076804 2.8558476318784883e-08
59900.04800076804 9.95364626039523e-09
59950.04800076804 2.24210561984374e-08
60000.04800076804 5.342663699303891e-08
60050.04800076804 4.7565874977571455e-08
60100.04800076804 3.9754787762518696e-08
60150.04800076804 1.8892932960440005e-08
60200.04800076804 3.635984503564075e-08
60250.04800076804 5.040019032124051e-08
60300.04800076804 4.516711700315367e-08
60350.04800076804 2.912406320416879e-08
60400.04800076804 3.0677059701270356e-08
60450.04800076804 8.751825082190803e-09
60500.04800076804 3.6072067616822463e-09
60550.04800076804 2.725544295077897e-08
60600.04800076804 3.499672861836543e-08
60650.04800076804 2.2151347044117306e-08
60700.04800076804 1.5409453824318337e-08
60750.04800076804 8.819015313294006e-09
60800.04800076804 3.444950116106402e-08
60850.04800076804 6.517073791514054e-08
60900.04800076804 6.077064750097715e-08
60950.04800076804 4.869939399967731e-08
61000.04800076804 3.7723616037855984e-08
61050.04800076804 1.6131274172977418e-08
61100.04800076804 2.164740199430431e-08
61150.04800076804 7.048179547202687e-09
61200.04800076804 3.6616892638830503e-08
61250.04800076804 5.4323154539429226e-08
61300.04800076804 4.9784973987806905e-08
61350.04800076804 6.724199273232837e-08
61400.04800076804 2.825401167380145e-08
61450.04800076804 1.0589378781210322e-08
61500.04800076804 1.9046028656931983e-08
61550.04800076804 2.538157538751552e-08
61600.04800076804 1.195631610381285e-08
61650.04800076804 2.8804341556364754e-08
61700.04800076804 2.7255508825569544e-08
61750.04800076804 3.065851779695253e-08
61800.04800076804 3.0353190997319616e-08
61850.04800076804 1.0933033837029225e-08
61900.04800076804 4.383089251783257e-08
61950.04800076804 4.668979359484421e-08
62000.04800076804 5.6949549756692194e-08
62050.04800076804 5.0741693305144576e-08
62100.04800076804 4.28376758801215e-08
62150.04800076804 5.834537027944029e-08
62200.04800076804 4.921698384640632e-08
62250.04800076804 4.340013707687284e-08
62300.04800076804 8.720018230930251e-08
62350.04800076804 6.317302772044598e-08
62400.04800076804 2.5355331351294978e-08
62450.04800076804 4.174001057384063e-08
62500.04800076804 8.098030824007237e-08
62550.04800076804 7.026888490707635e-08
62600.04800076804 7.71911470232899e-08
62650.04800076804 5.251714351172263e-08
62700.04800076804 5.0415310681694655e-08
62750.04800076804 7.298646488477264e-08
62800.04800076804 3.9713483328880485e-08
62850.04800076804 6.558471919449311e-08
62900.04800076804 4.1499962636975475e-08
62950.04800076804 8.04586028376233e-08
63000.04800076804 5.737652777840659e-08
63050.04800076804 9.649981002571593e-08
63100.04800076804 8.759596440751627e-08
63150.04800076804 5.88369153892304e-08
63200.04800076804 7.203934333108261e-08
63250.04800076804 5.348268201627268e-08
63300.04800076804 5.887612474251995e-08
63350.04800076804 5.206688409669001e-08
