galfind/configs/Brown_Dwarf_templates/sonora_cholla/logkzz7/31g/750K_31g_logkzz7_resample.dat
# %ECSV 1.0
# ---
# datatype:
# - {name: wav, unit: Angstrom, datatype: float64}
# - {name: flux_nu, unit: erg / (cm2 Hz s), datatype: float64}
# schema: astropy-2.0
wav flux_nu
3000.0480007680403 nan
3050.0480007680403 0.0
3100.0480007680403 0.0
3150.0480007680403 0.0
3200.0480007680403 0.0
3250.0480007680403 0.0
3300.0480007680403 0.0
3350.0480007680403 0.0
3400.0480007680403 0.0
3450.0480007680403 0.0
3500.0480007680403 0.0
3550.0480007680403 0.0
3600.0480007680403 0.0
3650.0480007680403 0.0
3700.0480007680403 0.0
3750.0480007680403 0.0
3800.0480007680403 0.0
3850.0480007680403 0.0
3900.0480007680403 0.0
3950.0480007680403 0.0
4000.0480007680403 0.0
4050.0480007680403 0.0
4100.04800076804 0.0
4150.04800076804 0.0
4200.04800076804 0.0
4250.04800076804 0.0
4300.04800076804 0.0
4350.04800076804 0.0
4400.04800076804 0.0
4450.04800076804 0.0
4500.04800076804 0.0
4550.04800076804 0.0
4600.04800076804 0.0
4650.04800076804 0.0
4700.04800076804 0.0
4750.04800076804 0.0
4800.04800076804 0.0
4850.04800076804 0.0
4900.04800076804 0.0
4950.04800076804 0.0
5000.04800076804 1.7907690396913302e-12
5050.04800076804 4.507221445022325e-12
5100.04800076804 5.148860645842481e-12
5150.04800076804 5.999293311983333e-12
5200.04800076804 7.0237371832917595e-12
5250.04800076804 8.179600801461641e-12
5300.04800076804 9.510527266401362e-12
5350.04800076804 1.1039107665295109e-11
5400.04800076804 1.2745281513520378e-11
5450.04800076804 1.472873959030765e-11
5500.04800076804 1.699922722322128e-11
5550.04800076804 1.956334227886926e-11
5600.04800076804 2.2382487911701855e-11
5650.04800076804 2.5390733727115852e-11
5700.04800076804 2.826592278619609e-11
5750.04800076804 3.128181163347866e-11
5800.04800076804 3.3232217224632254e-11
5850.04800076804 3.207609574330563e-11
5900.04800076804 1.2182883191467759e-11
5950.04800076804 2.0756084575265626e-11
6000.04800076804 5.1735955173963e-11
6050.04800076804 6.913796542658015e-11
6100.04800076804 8.473944796428354e-11
6150.04800076804 1.0023444691462271e-10
6200.04800076804 1.165176549670956e-10
6250.04800076804 1.3350959455505233e-10
6300.04800076804 1.5320089782429323e-10
6350.04800076804 1.7508425801018724e-10
6400.04800076804 1.9903695272665215e-10
6450.04800076804 2.1750223815721747e-10
6500.04800076804 2.4667744255463425e-10
6550.04800076804 2.823173291972004e-10
6600.04800076804 3.235480380342982e-10
6650.04800076804 3.708219310188742e-10
6700.04800076804 4.287539756353039e-10
6750.04800076804 4.907092346457502e-10
6800.04800076804 5.569921521401085e-10
6850.04800076804 6.30515942486703e-10
6900.04800076804 6.417002881828421e-10
6950.04800076804 6.325570942902078e-10
7000.04800076804 7.139029981897472e-10
7050.04800076804 7.410527613277014e-10
7100.04800076804 7.942754717145401e-10
7150.04800076804 7.229994965535578e-10
7200.04800076804 7.201724555198656e-10
7250.04800076804 8.191884809521364e-10
7300.04800076804 8.799228014296735e-10
7350.04800076804 9.894723872514813e-10
7400.04800076804 1.092490351327539e-09
7450.04800076804 1.2536537589318477e-09
7500.04800076804 1.3888845441695898e-09
7550.04800076804 1.5297583916572458e-09
7600.04800076804 1.6654643862609092e-09
7650.04800076804 1.7814617039913957e-09
7700.04800076804 1.3894336678659398e-09
7750.04800076804 8.761217357405406e-10
7800.04800076804 2.0995624255358613e-09
7850.04800076804 2.309405792747001e-09
7900.04800076804 2.5474874434130428e-09
7950.04800076804 2.782558519696328e-09
8000.04800076804 2.9311308358735764e-09
8050.04800076804 3.0837170711377784e-09
8100.04800076804 2.698922168999288e-09
8150.04800076804 2.665127157391815e-09
8200.04800076804 3.274146337678075e-09
8250.04800076804 3.3618241733272704e-09
8300.04800076804 3.697479046405233e-09
8350.04800076804 3.8474334840953745e-09
8400.04800076804 4.168900491171003e-09
8450.04800076804 4.702126287425303e-09
8500.04800076804 5.283516311420994e-09
8550.04800076804 5.899847826735783e-09
8600.04800076804 6.553628817175897e-09
8650.04800076804 7.191276518729808e-09
8700.04800076804 7.556500350063334e-09
8750.04800076804 8.120014983932747e-09
8800.04800076804 8.4365220451766e-09
8850.04800076804 7.991898511774443e-09
8900.04800076804 4.955291341087377e-09
8950.04800076804 4.897771785696101e-09
9000.04800076804 4.479624868797908e-09
9050.04800076804 7.403169304935609e-09
9100.04800076804 7.754532106162555e-09
9150.04800076804 6.905813256530215e-09
9200.04800076804 8.356314247690263e-09
9250.04800076804 7.393462404687319e-09
9300.04800076804 1.973625454697968e-09
9350.04800076804 2.190881548068345e-09
9400.04800076804 3.434730178169338e-09
9450.04800076804 4.2338581976927595e-09
9500.04800076804 3.828079990041517e-09
9550.04800076804 4.537309963581009e-09
9600.04800076804 4.092338897656288e-09
9650.04800076804 5.094797179125428e-09
9700.04800076804 6.932748793843601e-09
9750.04800076804 6.7662253488927855e-09
9800.04800076804 8.162808431654389e-09
9850.04800076804 9.147210898669669e-09
9900.04800076804 1.1542369511430556e-08
9950.04800076804 1.2466891121733663e-08
10000.04800076804 1.5101790186035876e-08
10050.04800076804 1.7089071301289303e-08
10100.04800076804 2.0327092013091837e-08
10150.04800076804 2.357200080281659e-08
10200.04800076804 2.705135463032963e-08
10250.04800076804 3.044578207008083e-08
10300.04800076804 3.418965162798116e-08
10350.04800076804 3.7971400965782796e-08
10400.04800076804 4.30943818227396e-08
10450.04800076804 4.60639222295865e-08
10500.04800076804 4.927373339301701e-08
10550.04800076804 5.30185044632151e-08
10600.04800076804 5.415297411466865e-08
10650.04800076804 5.67935362904067e-08
10700.04800076804 5.721635975560616e-08
10750.04800076804 5.87429122992105e-08
10800.04800076804 5.6362820395812126e-08
10850.04800076804 5.359821885099497e-08
10900.04800076804 3.9075449204683075e-08
10950.04800076804 2.1000462313757532e-08
11000.04800076804 1.5630146580412385e-08
11050.04800076804 1.1198407705542952e-08
11100.04800076804 8.084016455523513e-09
11150.04800076804 4.8026829646114e-09
11200.04800076804 4.227798040882675e-09
11250.04800076804 5.353634237349496e-09
11300.04800076804 5.9645845991863826e-09
11350.04800076804 2.5642379208270727e-09
11400.04800076804 6.305124526980869e-09
11450.04800076804 4.545153794231786e-09
11500.04800076804 4.4423372340011624e-09
11550.04800076804 2.063326328620273e-09
11600.04800076804 2.157044356251028e-09
11650.04800076804 3.582878386038291e-09
11700.04800076804 4.300713551756321e-09
11750.04800076804 1.7714213937298766e-09
11800.04800076804 5.718561497361194e-09
11850.04800076804 9.25551360038363e-09
11900.04800076804 1.0521311058778301e-08
11950.04800076804 1.6176156514077506e-08
12000.04800076804 2.2257853026685812e-08
12050.04800076804 2.9900973390043206e-08
12100.04800076804 3.8712098335880355e-08
12150.04800076804 4.6326345487616626e-08
12200.04800076804 5.61715073862504e-08
12250.04800076804 6.867936367257339e-08
12300.04800076804 8.10387381092892e-08
12350.04800076804 8.743417991724352e-08
12400.04800076804 1.0585056182085933e-07
12450.04800076804 1.2746959826620577e-07
12500.04800076804 1.388256067008098e-07
12550.04800076804 1.4984285307185822e-07
12600.04800076804 1.4586792782911383e-07
12650.04800076804 1.4157282996259377e-07
12700.04800076804 1.4104678988836647e-07
12750.04800076804 1.33832098666904e-07
12800.04800076804 1.3015873452549533e-07
12850.04800076804 1.0484946647840098e-07
12900.04800076804 8.658552496959894e-08
12950.04800076804 8.312239703964487e-08
13000.04800076804 7.762503187509002e-08
13050.04800076804 6.443887564915636e-08
13100.04800076804 5.87260972194279e-08
13150.04800076804 4.493951287933613e-08
13200.04800076804 4.2076009914573904e-08
13250.04800076804 3.043368593896209e-08
13300.04800076804 1.4075737869150174e-08
13350.04800076804 4.433855745399893e-09
13400.04800076804 2.284677843340826e-09
13450.04800076804 9.617386491448667e-10
13500.04800076804 4.763688440385806e-10
13550.04800076804 3.1001135487939566e-10
13600.04800076804 1.20139491209982e-10
13650.04800076804 5.103731317993469e-10
13700.04800076804 3.471440891431789e-10
13750.04800076804 5.057321011877148e-10
13800.04800076804 5.954141406580002e-10
13850.04800076804 4.150937755687088e-10
13900.04800076804 4.6000907028887457e-10
13950.04800076804 3.9303684614381633e-10
14000.04800076804 3.9920593043592235e-10
14050.04800076804 5.658951057642537e-10
14100.04800076804 4.968563523750868e-10
14150.04800076804 8.119003257675904e-10
14200.04800076804 5.271458246962473e-10
14250.04800076804 6.420089874201224e-10
14300.04800076804 1.3590365063578949e-09
14350.04800076804 1.19943723289344e-09
14400.04800076804 1.4443411653816586e-09
14450.04800076804 1.7268904186956247e-09
14500.04800076804 3.6901113027805203e-09
14550.04800076804 3.835146944611482e-09
14600.04800076804 5.4495493880651936e-09
14650.04800076804 5.853369612546037e-09
14700.04800076804 3.52014833426452e-09
14750.04800076804 5.407513655258397e-09
14800.04800076804 7.144335051025531e-09
14850.04800076804 7.2986816097700055e-09
14900.04800076804 8.505675466569632e-09
14950.04800076804 1.0615617681566023e-08
15000.04800076804 1.211767076383028e-08
15050.04800076804 1.4013189033973031e-08
15100.04800076804 1.7162146423241418e-08
15150.04800076804 1.7748786704567363e-08
15200.04800076804 1.678222521797986e-08
15250.04800076804 2.3405111715047862e-08
15300.04800076804 2.81590344282913e-08
15350.04800076804 3.575349590051837e-08
15400.04800076804 3.956678253589808e-08
15450.04800076804 4.451511071888093e-08
15500.04800076804 4.676349085195531e-08
15550.04800076804 5.65998898702345e-08
15600.04800076804 5.346258740351551e-08
15650.04800076804 5.6025994309564416e-08
15700.04800076804 7.039333912354605e-08
15750.04800076804 7.753076906865765e-08
15800.04800076804 7.34590218478183e-08
15850.04800076804 8.064699534729896e-08
15900.04800076804 7.326686835430868e-08
15950.04800076804 7.498673933638946e-08
16000.04800076804 6.316430036895725e-08
16050.04800076804 4.724479889184066e-08
16100.04800076804 3.722101660100196e-08
16150.04800076804 2.383085317219293e-08
16200.04800076804 1.609251813427603e-08
16250.04800076804 1.561113595587506e-08
16300.04800076804 1.1720456881131173e-08
16350.04800076804 1.33470879308939e-08
16400.04800076804 1.4807537443844148e-08
16450.04800076804 1.661280272061401e-08
16500.04800076804 1.727086331948819e-08
16550.04800076804 1.5786276313919074e-08
16600.04800076804 1.6952836916736195e-08
16650.04800076804 1.231787254118721e-08
16700.04800076804 4.245300031259365e-09
16750.04800076804 7.792413978034155e-09
16800.04800076804 1.2682761284906886e-08
16850.04800076804 1.3247095011169752e-08
16900.04800076804 9.752663585849641e-09
16950.04800076804 8.270478047450906e-09
17000.04800076804 6.139253617213311e-09
17050.04800076804 8.383898196023546e-09
17100.04800076804 1.0707473146484033e-08
17150.04800076804 7.105979314705521e-09
17200.04800076804 1.362890557320968e-08
17250.04800076804 9.960835372469781e-09
17300.04800076804 7.439725908421868e-09
17350.04800076804 8.064931827510228e-09
17400.04800076804 8.71877250704195e-09
17450.04800076804 1.0566014788970387e-08
17500.04800076804 1.2845240228481272e-08
17550.04800076804 1.0552295435637506e-08
17600.04800076804 8.39373145927639e-09
17650.04800076804 8.004533483208617e-09
17700.04800076804 5.898220118722896e-09
17750.04800076804 5.238072701866364e-09
17800.04800076804 7.759090479275477e-09
17850.04800076804 4.790130058547119e-09
17900.04800076804 5.115772759422062e-09
17950.04800076804 3.1446164358426545e-09
18000.04800076804 4.092985080587376e-09
18050.04800076804 4.009359244861268e-09
18100.04800076804 3.2511171227876754e-09
18150.04800076804 5.0856923498968675e-09
18200.04800076804 2.67560216366072e-09
18250.04800076804 7.090526696206815e-09
18300.04800076804 3.3333379329363246e-09
18350.04800076804 2.692952772707924e-09
18400.04800076804 2.1343268657644625e-09
18450.04800076804 3.961195437560335e-09
18500.04800076804 4.426607271000136e-09
18550.04800076804 3.098517185374388e-09
18600.04800076804 3.1266856096476928e-09
18650.04800076804 2.282060862398668e-09
18700.04800076804 1.6620127619764461e-09
18750.04800076804 2.5431104978502954e-09
18800.04800076804 6.9645027462478005e-09
18850.04800076804 6.934575403598362e-09
18900.04800076804 6.225303953728564e-09
18950.04800076804 9.655306966499251e-09
19000.04800076804 5.134615362578581e-09
19050.04800076804 3.4827274595071677e-09
19100.04800076804 7.607570265611013e-09
19150.04800076804 4.617307121867227e-09
19200.04800076804 6.587197333827895e-09
19250.04800076804 5.477443830759187e-09
19300.04800076804 4.043052727346545e-09
19350.04800076804 4.579628955254217e-09
19400.04800076804 2.7850861508217398e-09
19450.04800076804 5.659813783596292e-09
19500.04800076804 4.998280323178749e-09
19550.04800076804 4.1611359693008264e-09
19600.04800076804 6.393758128914586e-09
19650.04800076804 6.925297256806635e-09
19700.04800076804 6.993865807273103e-09
19750.04800076804 8.132192225362236e-09
19800.04800076804 1.0104579299886703e-08
19850.04800076804 1.2504631838117689e-08
19900.04800076804 1.0241959293134305e-08
19950.04800076804 1.5288638829734366e-08
20000.04800076804 1.5218897541304553e-08
20050.04800076804 1.5697967605223092e-08
20100.04800076804 1.795811468800812e-08
20150.04800076804 1.5683151972569534e-08
20200.04800076804 1.8633649908238486e-08
20250.04800076804 2.2632152503787023e-08
20300.04800076804 2.0766479248123008e-08
20350.04800076804 2.3887377981362382e-08
20400.04800076804 2.2560528400696864e-08
20450.04800076804 2.8218921987351837e-08
20500.04800076804 2.8618243591046362e-08
20550.04800076804 2.7912133454205994e-08
20600.04800076804 3.1669717844403496e-08
20650.04800076804 2.9750273608107726e-08
20700.04800076804 3.009783439124343e-08
20750.04800076804 3.292830084371536e-08
20800.04800076804 3.123035470265575e-08
20850.04800076804 3.180669990657501e-08
20900.04800076804 3.292428791123805e-08
20950.04800076804 3.026922879190683e-08
21000.04800076804 3.194353539734821e-08
21050.04800076804 2.9955500112297246e-08
21100.04800076804 2.9276295811161395e-08
21150.04800076804 2.897307053815165e-08
21200.04800076804 2.7720410507268743e-08
21250.04800076804 2.7758603095002193e-08
21300.04800076804 2.4270981601908696e-08
21350.04800076804 2.4932531476222723e-08
21400.04800076804 2.2712325322049146e-08
21450.04800076804 2.0644299226128848e-08
21500.04800076804 2.1547061022546783e-08
21550.04800076804 1.98975359015192e-08
21600.04800076804 1.8306143520250394e-08
21650.04800076804 1.56552970271744e-08
21700.04800076804 1.7243330065378404e-08
21750.04800076804 1.6586753023509177e-08
21800.04800076804 1.4816391709544406e-08
21850.04800076804 1.3056033515649303e-08
21900.04800076804 1.1644238287069134e-08
21950.04800076804 5.104340770581665e-09
22000.04800076804 2.519934038104104e-09
22050.04800076804 2.2617543518526572e-09
22100.04800076804 4.41511705204009e-09
22150.04800076804 5.505181427520914e-09
22200.04800076804 4.846610789095936e-09
22250.04800076804 4.582952936862687e-09
22300.04800076804 3.5879371189685284e-09
22350.04800076804 3.705220392966024e-09
22400.04800076804 2.4985224936945727e-09
22450.04800076804 2.474708138509497e-09
22500.04800076804 2.617089278819548e-09
22550.04800076804 1.2451782935586063e-09
22600.04800076804 1.8767477113619455e-09
22650.04800076804 2.436917606057284e-09
22700.04800076804 1.6903473327588498e-09
22750.04800076804 1.9716439271006355e-09
22800.04800076804 1.780586150880972e-09
22850.04800076804 1.5646243395492575e-09
22900.04800076804 1.0704003539564258e-09
22950.04800076804 1.1202828056310964e-09
23000.04800076804 1.1386245682672773e-09
23050.04800076804 1.407484713548296e-09
23100.04800076804 2.834410950410748e-09
23150.04800076804 2.7426087661337103e-09
23200.04800076804 7.197443809156718e-10
23250.04800076804 7.61046241164137e-10
23300.04800076804 9.832153663153063e-10
23350.04800076804 7.186555938687714e-10
23400.04800076804 1.4209313424042e-09
23450.04800076804 1.1240120331532918e-09
23500.04800076804 9.617410652766749e-10
23550.04800076804 1.6028182280664984e-09
23600.04800076804 1.6330978643105137e-09
23650.04800076804 2.3485411029615065e-09
23700.04800076804 9.37333382306603e-10
23750.04800076804 7.219977414123923e-10
23800.04800076804 1.5890878418411457e-09
