galfind/configs/Brown_Dwarf_templates/sonora_cholla/logkzz7/31g/750K_31g_logkzz7_resample.dat
# %ECSV 1.0
# ---
# datatype:
# - {name: wav, unit: Angstrom, datatype: float64}
# - {name: flux_nu, unit: erg / (cm2 Hz s), datatype: float64}
# schema: astropy-2.0
wav flux_nu
[from data line 418]
23900.04800076804 2.5702118656554892e-09
23950.04800076804 2.490702471429034e-09
24000.04800076804 3.493880120336497e-09
24050.04800076804 4.421549498244911e-09
24100.04800076804 3.4939807043304127e-09
24150.04800076804 3.6730339969620242e-09
24200.04800076804 3.704929267766928e-09
24250.04800076804 2.9304944673138907e-09
24300.04800076804 4.181228560725168e-09
24350.04800076804 3.3892214120158117e-09
24400.04800076804 6.310195478806468e-09
24450.04800076804 5.374861447817438e-09
24500.04800076804 6.044288405508223e-09
24550.04800076804 6.718025982513472e-09
24600.04800076804 7.858820197533867e-09
24650.04800076804 8.690620689772194e-09
24700.04800076804 6.761762913584523e-09
24750.04800076804 6.502953133328252e-09
24800.04800076804 6.729211482983793e-09
24850.04800076804 1.0175971683274993e-08
24900.04800076804 4.9522710493344784e-09
24950.04800076804 7.596323449945401e-09
25000.04800076804 8.585514445452732e-09
25050.04800076804 5.342594279908071e-09
25100.04800076804 7.202580287738387e-09
25150.04800076804 4.0361161847074855e-09
25200.04800076804 5.833751114805838e-09
25250.04800076804 2.761228245273698e-09
25300.04800076804 4.610726176280066e-09
25350.04800076804 1.9339983117112963e-09
25400.04800076804 4.1960430600214086e-09
25450.04800076804 2.1943484327797572e-09
25500.04800076804 1.987840620292219e-09
25550.04800076804 3.349714247728154e-09
25600.04800076804 1.4550521513158003e-09
25650.04800076804 1.2290892090266582e-09
25700.04800076804 2.332735384214209e-09
25750.04800076804 9.15227517466612e-10
25800.04800076804 2.8998508388833716e-09
25850.04800076804 8.493189796141351e-10
25900.04800076804 1.2999013042791137e-09
25950.04800076804 5.728719035003168e-10
26000.04800076804 2.590827376442744e-09
26050.04800076804 8.505275189058116e-10
26100.04800076804 2.5064585837039935e-09
26150.04800076804 1.5671448931792535e-09
26200.04800076804 1.7720656686090063e-09
26250.04800076804 4.9163919710410495e-09
26300.04800076804 2.136360672039091e-09
26350.04800076804 5.742472766443585e-09
26400.04800076804 7.27742486145434e-09
26450.04800076804 7.2166332921979414e-09
26500.04800076804 7.588607468937202e-09
26550.04800076804 3.3296781540033207e-09
26600.04800076804 3.2925400521284187e-09
26650.04800076804 1.1491710517983554e-09
26700.04800076804 4.866379356699523e-10
26750.04800076804 7.348576534254959e-10
26800.04800076804 1.2699164794129503e-09
26850.04800076804 8.127662172905478e-10
26900.04800076804 2.650059444266401e-09
26950.04800076804 1.0581138722224387e-09
27000.04800076804 3.488581655011256e-09
27050.04800076804 3.437589264766799e-09
27100.04800076804 1.5241364613215098e-09
27150.04800076804 4.631718808892977e-09
27200.04800076804 1.2802865881309666e-09
27250.04800076804 2.656348780142144e-09
27300.04800076804 1.1377200309803095e-08
27350.04800076804 5.513402184003255e-09
27400.04800076804 6.825765449196255e-10
27450.04800076804 7.345853478546603e-09
27500.04800076804 8.76182856620165e-09
27550.04800076804 2.410544807361619e-09
27600.04800076804 5.466069714340835e-09
27650.04800076804 1.7866231102391052e-09
27700.04800076804 1.3970911505449124e-09
27750.04800076804 5.972609539158333e-09
27800.04800076804 2.355164486374203e-09
27850.04800076804 2.9387530055212893e-09
27900.04800076804 3.93675542748776e-09
27950.04800076804 6.700105744831149e-09
28000.04800076804 6.103946207099986e-09
28050.04800076804 1.6971227794579432e-09
28100.04800076804 9.082905840211118e-09
28150.04800076804 5.604407061179844e-09
28200.04800076804 1.6314482394455729e-09
28250.04800076804 9.5677054090361e-09
28300.04800076804 1.418743104680834e-08
28350.04800076804 2.637791823682267e-09
28400.04800076804 7.909109286034053e-09
28450.04800076804 1.2122774030973506e-08
28500.04800076804 7.475445075216774e-09
28550.04800076804 2.04572460509967e-09
28600.04800076804 1.0429197083997156e-08
28650.04800076804 1.0788401377074273e-08
28700.04800076804 8.970280980809615e-09
28750.04800076804 1.579014657085601e-08
28800.04800076804 1.2620013501254324e-08
28850.04800076804 1.673787595702088e-08
28900.04800076804 6.768914941129048e-09
28950.04800076804 2.0732539976127382e-08
29000.04800076804 1.1951320117606771e-08
29050.04800076804 1.4718171126547304e-08
29100.04800076804 9.170095598909646e-09
29150.04800076804 2.1986274360156014e-08
29200.04800076804 1.3602510839608289e-08
29250.04800076804 1.996722825340111e-08
29300.04800076804 1.1840910902455932e-08
29350.04800076804 4.6442648874818064e-08
29400.04800076804 1.6574414917770462e-08
29450.04800076804 2.00196392588911e-08
29500.04800076804 2.5209484627586397e-08
29550.04800076804 1.7103435059072343e-08
29600.04800076804 2.718357989735898e-08
29650.04800076804 2.8527980676069762e-08
29700.04800076804 1.6807397522715844e-08
29750.04800076804 2.3948315979241315e-08
29800.04800076804 2.9680572742168083e-08
29850.04800076804 3.623775051991575e-08
29900.04800076804 3.489846632081394e-08
29950.04800076804 2.6770751516678185e-08
30000.04800076804 1.925751585344542e-08
30050.04800076804 2.017928937662169e-08
30100.04800076804 2.80681691344075e-08
30150.04800076804 3.572120472319048e-08
30200.04800076804 2.4508445169751193e-08
30250.04800076804 4.685358027306609e-08
30300.04800076804 3.9678393528183305e-08
30350.04800076804 2.9838188841567354e-08
30400.04800076804 4.21556295094137e-08
30450.04800076804 3.1729861787528584e-08
30500.04800076804 2.8254699008360292e-08
30550.04800076804 2.727364648812921e-08
30600.04800076804 4.105286974716672e-08
30650.04800076804 3.322245910149012e-08
30700.04800076804 2.741937142736198e-08
30750.04800076804 3.0189811544367307e-08
30800.04800076804 2.3431473781592262e-08
30850.04800076804 2.8265379209523258e-08
30900.04800076804 2.623817544990293e-08
30950.04800076804 1.5161579047501447e-08
31000.04800076804 2.2667404684921426e-08
31050.04800076804 2.1214065703731e-08
31100.04800076804 1.3405309492757256e-08
31150.04800076804 1.8093069442825358e-08
31200.04800076804 2.049191635142237e-08
31250.04800076804 1.4038050096310307e-08
31300.04800076804 1.3029968046913713e-08
31350.04800076804 1.3942496903871653e-08
31400.04800076804 8.23217753670718e-09
31450.04800076804 1.3805653192031217e-08
31500.04800076804 7.874823839388676e-09
31550.04800076804 1.1073268496699345e-08
31600.04800076804 6.6497428915953345e-09
31650.04800076804 7.213467810464263e-09
31700.04800076804 8.362633555919667e-09
31750.04800076804 4.37588451967169e-09
31800.04800076804 8.390206920316179e-09
31850.04800076804 4.9610277731917334e-09
31900.04800076804 5.9814384375926654e-09
31950.04800076804 4.84113280438273e-09
32000.04800076804 5.036739232539332e-09
32050.04800076804 3.6561323394954376e-09
32100.04800076804 3.46008036665845e-09
32150.04800076804 4.693406364941733e-09
32200.04800076804 3.0913262881810556e-09
32250.04800076804 6.729703000179104e-09
32300.04800076804 2.345376960855279e-09
32350.04800076804 7.36773709912472e-09
32400.04800076804 3.4818818526879446e-09
32450.04800076804 5.29054688039493e-09
32500.04800076804 3.87176773891237e-09
32550.04800076804 5.93573860541351e-09
32600.04800076804 5.363667876692997e-09
32650.04800076804 8.819288513086011e-09
32700.04800076804 6.341627747003846e-09
32750.04800076804 1.145239530210423e-08
32800.04800076804 7.295559298763125e-09
32850.04800076804 1.3613722724702321e-08
32900.04800076804 1.331509328525875e-08
32950.04800076804 1.4813466801793754e-08
33000.04800076804 1.007057927637754e-08
33050.04800076804 1.1872662622381596e-08
33100.04800076804 4.463325007068206e-09
33150.04800076804 2.0127065287509935e-10
33200.04800076804 4.710556305757178e-10
33250.04800076804 2.804929639238631e-10
33300.04800076804 5.004046639353486e-10
33350.04800076804 1.5185893544714574e-09
33400.04800076804 2.8983793773192816e-09
33450.04800076804 3.683943162844748e-09
33500.04800076804 6.53419660289409e-09
33550.04800076804 5.192996092094648e-09
33600.04800076804 8.319613422681589e-09
33650.04800076804 7.014503087699651e-09
33700.04800076804 5.768707247330837e-09
33750.04800076804 9.882090570452585e-09
33800.04800076804 4.647720203417724e-09
33850.04800076804 7.822391835057588e-09
33900.04800076804 7.63630337973317e-09
33950.04800076804 7.825000540499344e-09
34000.04800076804 1.0815101240624675e-08
34050.04800076804 3.568042159651346e-09
34100.04800076804 9.510402763331755e-09
34150.04800076804 6.155343982649769e-09
34200.04800076804 9.024457630286008e-09
34250.04800076804 6.582065876247586e-09
34300.04800076804 5.971365936039803e-09
34350.04800076804 8.950047328592854e-09
34400.04800076804 6.34768788497788e-09
34450.04800076804 1.1043409324153252e-08
34500.04800076804 6.378613966428843e-09
34550.04800076804 4.875569225396029e-09
34600.04800076804 1.1956345816590137e-08
34650.04800076804 5.2059871336178605e-09
34700.04800076804 7.051469236775621e-09
34750.04800076804 6.136848299924661e-09
34800.04800076804 5.285421955741168e-09
34850.04800076804 9.082349051891677e-09
34900.04800076804 8.951401990650825e-09
34950.04800076804 7.952215993560913e-09
35000.04800076804 1.2736696107741563e-08
35050.04800076804 8.964993025405435e-09
35100.04800076804 1.395567554052688e-08
35150.04800076804 1.2540993232016011e-08
35200.04800076804 1.739071945289042e-08
35250.04800076804 1.643377713676793e-08
35300.04800076804 1.1551649985601362e-08
35350.04800076804 1.7778375177774556e-08
35400.04800076804 1.620965585958211e-08
35450.04800076804 1.35319260557412e-08
35500.04800076804 2.8707334445922025e-08
35550.04800076804 1.949709840735406e-08
35600.04800076804 2.2266977866763494e-08
35650.04800076804 2.18334386227692e-08
35700.04800076804 1.5071656721391075e-08
35750.04800076804 3.259880675303297e-08
35800.04800076804 2.3270161484753178e-08
35850.04800076804 1.5179638348145118e-08
35900.04800076804 2.5923064507535714e-08
35950.04800076804 2.324178726621584e-08
36000.04800076804 1.3005963187853232e-08
36050.04800076804 2.3457909128181616e-08
36100.04800076804 2.2507795258297333e-08
36150.04800076804 2.6014858961521463e-08
36200.04800076804 2.395377318355421e-08
36250.04800076804 2.9048948056752118e-08
36300.04800076804 3.0876896699110924e-08
36350.04800076804 2.8613130221409136e-08
36400.04800076804 4.2982488937186116e-08
36450.04800076804 3.7583317135629e-08
36500.04800076804 4.105816554515367e-08
36550.04800076804 4.4913036353788236e-08
36600.04800076804 5.041537082900801e-08
36650.04800076804 4.853339018308385e-08
36700.04800076804 6.093955665090495e-08
36750.04800076804 6.211878186930993e-08
36800.04800076804 5.5588173357855313e-08
36850.04800076804 4.795905248865255e-08
36900.04800076804 5.5261148575637525e-08
36950.04800076804 5.660135460434417e-08
37000.04800076804 5.763005817620033e-08
37050.04800076804 6.20619705947167e-08
37100.04800076804 7.078030619209602e-08
37150.04800076804 7.197285927378635e-08
37200.04800076804 6.338120603521984e-08
37250.04800076804 5.622701795262212e-08
37300.04800076804 5.6021998208783434e-08
37350.04800076804 7.565949611578136e-08
37400.04800076804 7.735520521419321e-08
37450.04800076804 7.406971470869785e-08
37500.04800076804 5.883653063747556e-08
37550.04800076804 8.633819621987759e-08
37600.04800076804 1.0693214238528133e-07
37650.04800076804 7.401646753976214e-08
37700.04800076804 8.734951065187824e-08
37750.04800076804 6.575188873649349e-08
37800.04800076804 7.290697444481095e-08
37850.04800076804 6.065416629052738e-08
37900.04800076804 7.12762479071184e-08
37950.04800076804 8.519678454597728e-08
38000.04800076804 1.1222497716862145e-07
38050.04800076804 1.0329506235430581e-07
38100.04800076804 1.0518411304032254e-07
38150.04800076804 1.130467577330427e-07
38200.04800076804 1.220047957881819e-07
38250.04800076804 1.1883290048265549e-07
38300.04800076804 1.5791259095263034e-07
38350.04800076804 1.464285281648565e-07
38400.04800076804 9.686398744695618e-08
38450.04800076804 9.702191398529972e-08
38500.04800076804 6.671655808415054e-08
38550.04800076804 8.990926929974125e-08
38600.04800076804 1.0374336414652811e-07
38650.04800076804 1.4772016831935358e-07
38700.04800076804 1.2850698096406686e-07
38750.04800076804 1.2556803890479065e-07
38800.04800076804 1.027940889374436e-07
38850.04800076804 1.49012751318862e-07
38900.04800076804 1.5404633865776247e-07
38950.04800076804 1.2435339512170474e-07
39000.04800076804 1.7018761676564086e-07
39050.04800076804 1.362896072960736e-07
39100.04800076804 1.6241754553629071e-07
39150.04800076804 1.4081588539702252e-07
39200.04800076804 1.2380533697065512e-07
39250.04800076804 1.6288846318099795e-07
39300.04800076804 1.617156070675949e-07
39350.04800076804 2.1477749702780817e-07
39400.04800076804 1.8377151618988303e-07
39450.04800076804 1.9228703936984771e-07
39500.04800076804 1.644855604313537e-07
39550.04800076804 1.610739218758144e-07
39600.04800076804 1.9265658093083197e-07
39650.04800076804 2.2694753748226722e-07
39700.04800076804 1.7121481793423498e-07
39750.04800076804 1.3013302246324768e-07
39800.04800076804 1.5966816267718336e-07
39850.04800076804 1.977011334141766e-07
39900.04800076804 2.107746270916962e-07
39950.04800076804 1.977512408935989e-07
40000.04800076804 2.2934775415735755e-07
40050.04800076804 2.0050933917032353e-07
40100.04800076804 1.5850591068439166e-07
40150.04800076804 2.5171896891584796e-07
40200.04800076804 2.3361807568841364e-07
40250.04800076804 2.2251912259706053e-07
40300.04800076804 2.4876430356444047e-07
40350.04800076804 1.886165461084632e-07
40400.04800076804 2.400258826176708e-07
40450.04800076804 2.0767880326279744e-07
40500.04800076804 2.435163953456069e-07
40550.04800076804 2.3726333972556264e-07
40600.04800076804 2.2625885443291397e-07
40650.04800076804 2.4657233867483107e-07
40700.04800076804 3.094488821875563e-07
40750.04800076804 2.789818330771791e-07
40800.04800076804 2.1058365379486923e-07
40850.04800076804 2.839313976055238e-07
40900.04800076804 2.4470899385653806e-07
40950.04800076804 2.3536913825867242e-07
41000.04800076804 2.5196984127713044e-07
41050.04800076804 3.027085898228813e-07
41100.04800076804 1.8151598640902151e-07
41150.04800076804 1.9594092834751207e-07
41200.04800076804 3.148558488090082e-07
41250.04800076804 2.72793635197996e-07
41300.04800076804 2.1129913185451573e-07
41350.04800076804 3.1531741250586616e-07
41400.04800076804 2.7476015575380356e-07
41450.04800076804 3.032350812041253e-07
41500.04800076804 2.467509510553025e-07
41550.04800076804 2.260724624980905e-07
41600.04800076804 2.961761235495086e-07
41650.04800076804 2.79164838976202e-07
41700.04800076804 2.5672919412306365e-07
41750.04800076804 2.3715350570179405e-07
41800.04800076804 2.970252886808716e-07
41850.04800076804 1.7600226904041804e-07
41900.04800076804 2.358393194101752e-07
41950.04800076804 2.2317187791587416e-07
42000.04800076804 2.637471487164772e-07
42050.04800076804 2.1856932669895083e-07
42100.04800076804 2.3881034691098324e-07
42150.04800076804 1.7863080366640805e-07
42200.04800076804 2.250418928150743e-07
42250.04800076804 1.8655700718980388e-07
42300.04800076804 1.8892998573504678e-07
42350.04800076804 1.9893129872657575e-07
42400.04800076804 1.6279952440187856e-07
42450.04800076804 1.3909765044002075e-07
42500.04800076804 1.758727848135584e-07
42550.04800076804 1.5236608476180956e-07
42600.04800076804 1.8619968573645325e-07
42650.04800076804 2.3921251777322303e-07
42700.04800076804 1.73610033511809e-07
42750.04800076804 1.8355594849847974e-07
42800.04800076804 1.4628016159609498e-07
42850.04800076804 2.0329502119413282e-07
42900.04800076804 2.0173862749840517e-07
42950.04800076804 1.689924403646761e-07
43000.04800076804 2.1001603831768164e-07
43050.04800076804 1.1563267774781882e-07
43100.04800076804 1.7205111438406507e-07
43150.04800076804 2.006014632620907e-07
43200.04800076804 2.1151464287476576e-07
43250.04800076804 1.9475076030203284e-07
43300.04800076804 2.652190159926072e-07
43350.04800076804 1.7037345213614693e-07
43400.04800076804 2.192792931094597e-07
43450.04800076804 1.454246742258494e-07
43500.04800076804 1.4901908801998259e-07
43550.04800076804 1.5448901310825838e-07
43600.04800076804 2.1620135248105727e-07
