galfind/configs/Brown_Dwarf_templates/sonora_cholla/logkzz7/31g/800K_31g_logkzz7_resample.dat
# %ECSV 1.0
# ---
# datatype:
# - {name: wav, unit: Angstrom, datatype: float64}
# - {name: flux_nu, unit: erg / (cm2 Hz s), datatype: float64}
# schema: astropy-2.0
wav flux_nu
[from data line 814]
43700.04800076804 2.2664983211300275e-07
43750.04800076804 2.3864844071554626e-07
43800.04800076804 1.6363389003781927e-07
43850.04800076804 2.043041044626236e-07
43900.04800076804 1.4346835120802962e-07
43950.04800076804 1.4059763179750808e-07
44000.04800076804 1.0064732360438887e-07
44050.04800076804 1.5242347759301475e-07
44100.04800076804 1.5724913064229296e-07
44150.04800076804 1.5735389577469846e-07
44200.04800076804 1.31320410750332e-07
44250.04800076804 1.1286311236363852e-07
44300.04800076804 1.0306956811110198e-07
44350.04800076804 8.481225406272174e-08
44400.04800076804 8.731534528795039e-08
44450.04800076804 8.488840780179151e-08
44500.04800076804 6.461458233921297e-08
44550.04800076804 7.1698219818387e-08
44600.04800076804 5.671126862122843e-08
44650.04800076804 6.303011864884647e-08
44700.04800076804 5.668850775130918e-08
44750.04800076804 5.701251321740962e-08
44800.04800076804 5.0645551373022214e-08
44850.04800076804 4.478078994591606e-08
44900.04800076804 3.536292555640901e-08
44950.04800076804 3.273745570690412e-08
45000.04800076804 3.227629863932446e-08
45050.04800076804 3.405820517834248e-08
45100.04800076804 3.119832058120071e-08
45150.04800076804 2.739007492069688e-08
45200.04800076804 2.0381891094438127e-08
45250.04800076804 2.1482946212312468e-08
45300.04800076804 2.553856833126647e-08
45350.04800076804 2.4110412870821683e-08
45400.04800076804 1.6993814782561567e-08
45450.04800076804 1.622632907879058e-08
45500.04800076804 1.793722800169028e-08
45550.04800076804 2.1815674200712358e-08
45600.04800076804 1.5116420193349818e-08
45650.04800076804 1.5285016113722418e-08
45700.04800076804 2.155446705092258e-08
45750.04800076804 1.681776125041085e-08
45800.04800076804 1.2830424406280917e-08
45850.04800076804 2.0921990762565892e-08
45900.04800076804 2.0036735873369016e-08
45950.04800076804 1.2729530869111584e-08
46000.04800076804 1.8768456739363135e-08
46050.04800076804 2.129787090326353e-08
46100.04800076804 1.2972713892625034e-08
46150.04800076804 2.2266600718866693e-08
46200.04800076804 2.219249981746327e-08
46250.04800076804 9.984569091912336e-09
46300.04800076804 2.5780584401600086e-08
46350.04800076804 1.7574637424848834e-08
46400.04800076804 2.0996249068514475e-08
46450.04800076804 3.2897515141779236e-08
46500.04800076804 2.1230747907423348e-08
46550.04800076804 3.9631241310014787e-08
46600.04800076804 4.1383280843954575e-08
46650.04800076804 7.325966055803765e-08
46700.04800076804 4.93648282496103e-08
46750.04800076804 3.332577040422388e-08
46800.04800076804 2.6358684957306373e-08
46850.04800076804 3.0618210875420586e-08
46900.04800076804 2.5657265137680197e-08
46950.04800076804 4.045929604075831e-08
47000.04800076804 1.7791519484599722e-08
47050.04800076804 4.051177005230673e-08
47100.04800076804 1.6565835601114786e-08
47150.04800076804 2.3131722755385517e-08
47200.04800076804 2.5602121542953802e-08
47250.04800076804 1.726130298953109e-08
47300.04800076804 2.39444775063297e-08
47350.04800076804 1.4985738981007796e-08
47400.04800076804 3.165451604493122e-08
47450.04800076804 1.4410215357754618e-08
47500.04800076804 3.6029505614458786e-08
47550.04800076804 1.595471506578243e-08
47600.04800076804 3.5147750259974824e-08
47650.04800076804 1.7826359341131808e-08
47700.04800076804 3.3098127641446325e-08
47750.04800076804 1.6967804380015023e-08
47800.04800076804 3.390534755113817e-08
47850.04800076804 1.6825784003515486e-08
47900.04800076804 3.044209233541987e-08
47950.04800076804 2.0945944277146844e-08
48000.04800076804 4.191867580480569e-08
48050.04800076804 2.634258330935002e-08
48100.04800076804 4.179361753155449e-08
48150.04800076804 2.790697916659465e-08
48200.04800076804 4.44307307786077e-08
48250.04800076804 3.1375208405671185e-08
48300.04800076804 5.4981203366643005e-08
48350.04800076804 2.986379244719289e-08
48400.04800076804 4.388652953686775e-08
48450.04800076804 2.7008208226842742e-08
48500.04800076804 5.574561378048159e-08
48550.04800076804 2.56353145912807e-08
48600.04800076804 5.487305920558178e-08
48650.04800076804 2.8315296248601153e-08
48700.04800076804 6.282447676976312e-08
48750.04800076804 3.3596203508679575e-08
48800.04800076804 5.932984672817754e-08
48850.04800076804 4.6396278033216334e-08
48900.04800076804 6.689329634632409e-08
48950.04800076804 6.295067077737987e-08
49000.04800076804 5.123150334311806e-08
49050.04800076804 6.715839942219121e-08
49100.04800076804 4.468525520388823e-08
49150.04800076804 8.627431587231396e-08
49200.04800076804 4.570716573463275e-08
49250.04800076804 9.052032174853849e-08
49300.04800076804 5.7395383582417484e-08
49350.04800076804 6.73220341314347e-08
49400.04800076804 8.575032800807864e-08
49450.04800076804 7.283431068290892e-08
49500.04800076804 7.658730630548145e-08
49550.04800076804 3.995833884056669e-08
49600.04800076804 8.3267385360054e-08
49650.04800076804 6.963518491484975e-08
49700.04800076804 6.843288174184733e-08
49750.04800076804 1.2818598562898256e-07
49800.04800076804 6.33809699026732e-08
49850.04800076804 1.481720149183886e-07
49900.04800076804 9.290230728389496e-08
49950.04800076804 1.2446368515197602e-07
50000.04800076804 1.2482763030339973e-07
50050.04800076804 1.151665578667064e-07
50100.04800076804 1.5697989272753383e-07
50150.04800076804 5.7963199468780804e-08
50200.04800076804 4.050225413006696e-08
50250.04800076804 1.1761148770162086e-07
50300.04800076804 8.234559745685156e-08
50350.04800076804 1.2141229756981473e-07
50400.04800076804 1.132929368916618e-07
50450.04800076804 1.2242110264573928e-07
50500.04800076804 1.541697821726579e-07
50550.04800076804 1.2650610430465093e-07
50600.04800076804 1.518431359872816e-07
50650.04800076804 1.326680738959219e-07
50700.04800076804 1.843395046315778e-07
50750.04800076804 1.813188157785974e-07
50800.04800076804 6.976631754788425e-08
50850.04800076804 7.443484977281986e-08
50900.04800076804 1.6682663689928034e-07
50950.04800076804 1.7820543668854167e-07
51000.04800076804 1.4408181712150826e-07
51050.04800076804 1.4592145889850655e-07
51100.04800076804 7.285369211084819e-08
51150.04800076804 1.0975267833675686e-07
51200.04800076804 1.856598905494485e-07
51250.04800076804 1.717095655815577e-07
51300.04800076804 1.0013926525525762e-07
51350.04800076804 1.3703064459859872e-07
51400.04800076804 8.661171322707574e-08
51450.04800076804 7.299252236566685e-08
51500.04800076804 6.293230945745787e-08
51550.04800076804 1.4668018390020143e-07
51600.04800076804 1.0036039434939748e-07
51650.04800076804 1.5435168679301287e-07
51700.04800076804 1.5408921143903567e-07
51750.04800076804 1.0124549582171537e-07
51800.04800076804 2.117836683284853e-07
51850.04800076804 1.6066544607854591e-07
51900.04800076804 2.0329263041590017e-07
51950.04800076804 1.530915712563323e-07
52000.04800076804 3.716139181184827e-08
52050.04800076804 9.18219963760293e-08
52100.04800076804 7.806310444270124e-08
52150.04800076804 5.623741966799904e-08
52200.04800076804 7.495619225696095e-08
52250.04800076804 1.0963807432741922e-07
52300.04800076804 1.8000520742479556e-07
52350.04800076804 9.927123867234633e-08
52400.04800076804 8.146348870760458e-08
52450.04800076804 1.6641632128157064e-07
52500.04800076804 1.5251764068134338e-07
52550.04800076804 1.5070403647362993e-07
52600.04800076804 1.1082303411259151e-07
52650.04800076804 1.3829700611411273e-07
52700.04800076804 1.091867915524319e-07
52750.04800076804 7.384961529512948e-08
52800.04800076804 8.288018502648081e-08
52850.04800076804 1.0599508284370029e-07
52900.04800076804 6.900095375300006e-08
52950.04800076804 7.375233342241425e-08
53000.04800076804 1.8024077254536118e-07
53050.04800076804 6.181262927221352e-08
53100.04800076804 1.7038790687257362e-07
53150.04800076804 1.9119862335290008e-07
53200.04800076804 8.168604172181489e-08
53250.04800076804 1.8072688569090734e-07
53300.04800076804 1.8042506739068818e-07
53350.04800076804 1.6699275756208033e-07
53400.04800076804 1.6714228728238102e-07
53450.04800076804 5.874025896288733e-08
53500.04800076804 2.8501554684774276e-08
53550.04800076804 5.4046677900479714e-08
53600.04800076804 1.0290410884011567e-07
53650.04800076804 9.435068781641104e-08
53700.04800076804 8.037684729475647e-08
53750.04800076804 8.107642878308427e-08
53800.04800076804 8.037271439112099e-08
53850.04800076804 1.1332178792498024e-07
53900.04800076804 1.1875018441303139e-07
53950.04800076804 1.5762855256707665e-07
54000.04800076804 1.0109302292444095e-07
54050.04800076804 1.1114891527163773e-07
54100.04800076804 4.004683294250912e-08
54150.04800076804 6.274223384507968e-08
54200.04800076804 2.1492485043476938e-08
54250.04800076804 3.2015062278988604e-08
54300.04800076804 7.255052446151001e-08
54350.04800076804 9.715544950199504e-08
54400.04800076804 9.56152833274495e-08
54450.04800076804 7.791835232897578e-08
54500.04800076804 6.946677777880603e-08
54550.04800076804 6.111714556811331e-08
54600.04800076804 7.585536642566322e-08
54650.04800076804 2.6864936051979873e-08
54700.04800076804 8.715134183663038e-08
54750.04800076804 8.584759797974863e-08
54800.04800076804 5.346784506183856e-08
54850.04800076804 7.373329879843503e-08
54900.04800076804 1.0374517720229724e-07
54950.04800076804 1.5682383225247993e-07
55000.04800076804 5.052030877976493e-08
55050.04800076804 8.84376414477617e-08
55100.04800076804 8.304209301796154e-08
55150.04800076804 5.5783154976613636e-08
55200.04800076804 5.243619627652342e-08
55250.04800076804 7.093612673075826e-08
55300.04800076804 4.679030047621745e-08
55350.04800076804 9.142504480207348e-08
55400.04800076804 1.1461214514812624e-07
55450.04800076804 6.91399176849999e-08
55500.04800076804 3.122845886634355e-08
55550.04800076804 4.233991855817559e-08
55600.04800076804 4.7465729074626646e-08
55650.04800076804 4.435293934825942e-08
55700.04800076804 5.3577513050684346e-08
55750.04800076804 5.682571901802755e-08
55800.04800076804 3.203571793065537e-08
55850.04800076804 3.511286271365356e-08
55900.04800076804 7.991035270255387e-08
55950.04800076804 1.1047209593018485e-07
56000.04800076804 4.1190127705379244e-08
56050.04800076804 5.935880277806113e-08
56100.04800076804 7.931059730873207e-08
56150.04800076804 4.659217855120867e-08
56200.04800076804 5.9333970397456655e-08
56250.04800076804 7.354855446206958e-08
56300.04800076804 6.594710192254235e-08
56350.04800076804 5.8752768246535446e-08
56400.04800076804 2.9016942780110293e-08
56450.04800076804 2.650536027445524e-08
56500.04800076804 4.2483790796223905e-08
56550.04800076804 2.547522247533605e-08
56600.04800076804 7.318107782338299e-08
56650.04800076804 7.528189408086356e-08
56700.04800076804 7.295326954553835e-08
56750.04800076804 2.8461848741249883e-08
56800.04800076804 7.166546769826776e-08
56850.04800076804 6.171701330254884e-08
56900.04800076804 3.897822143939488e-08
56950.04800076804 7.319876109950893e-08
57000.04800076804 8.473812618596943e-08
57050.04800076804 4.51035450857295e-08
57100.04800076804 1.9171603673620193e-08
57150.04800076804 3.0688214924785674e-08
57200.04800076804 2.65977437056135e-08
57250.04800076804 3.8031498638408797e-08
57300.04800076804 5.8433698883150176e-08
57350.04800076804 2.908429541657811e-08
57400.04800076804 6.171395932478825e-08
57450.04800076804 4.522817600758833e-08
57500.04800076804 4.4074404406637964e-08
57550.04800076804 6.302715903522985e-08
57600.04800076804 6.301538130231816e-08
57650.04800076804 1.7009308458581337e-08
57700.04800076804 2.6270459422386883e-08
57750.04800076804 4.004244929429993e-08
57800.04800076804 1.5837234187960198e-08
57850.04800076804 1.0051698132823395e-07
57900.04800076804 1.1447608200272539e-07
57950.04800076804 1.062875642843115e-07
58000.04800076804 4.006579919144881e-08
58050.04800076804 6.657440315262878e-08
58100.04800076804 7.737920253211176e-08
58150.04800076804 4.7677698931639927e-08
58200.04800076804 1.852174732031622e-08
58250.04800076804 2.5482740220818638e-08
58300.04800076804 2.529676386484147e-08
58350.04800076804 3.3738904336619156e-08
58400.04800076804 6.106354392181788e-08
58450.04800076804 6.457629098970243e-08
58500.04800076804 5.889840629963805e-08
58550.04800076804 6.269491174380504e-08
58600.04800076804 2.8032872135716538e-08
58650.04800076804 3.7148339650156995e-08
58700.04800076804 4.553980929212791e-08
58750.04800076804 4.1880275258881876e-08
58800.04800076804 1.2820101556271882e-08
58850.04800076804 3.467329871182344e-08
58900.04800076804 4.9502483199205255e-08
58950.04800076804 2.3624333283766583e-08
59000.04800076804 4.879192345092022e-08
59050.04800076804 6.438159069850835e-08
59100.04800076804 7.208850304515907e-08
59150.04800076804 4.938140197987508e-08
59200.04800076804 5.543190057067016e-08
59250.04800076804 5.9368462838190156e-08
59300.04800076804 4.9389050606049866e-08
59350.04800076804 1.65396740617616e-08
59400.04800076804 1.3598062606486025e-08
59450.04800076804 4.994419639812829e-08
59500.04800076804 2.5669305896454042e-08
59550.04800076804 6.1438798037804e-08
59600.04800076804 6.757456854374034e-08
59650.04800076804 4.600605160235388e-08
59700.04800076804 2.9683658707407755e-08
59750.04800076804 8.072143779633903e-08
59800.04800076804 4.060676317377981e-08
59850.04800076804 5.856034687097873e-08
59900.04800076804 2.2884633135363857e-08
59950.04800076804 4.696927130874911e-08
60000.04800076804 9.752681827437831e-08
60050.04800076804 8.679662830441166e-08
60100.04800076804 7.572193566057477e-08
60150.04800076804 4.0794227552875144e-08
60200.04800076804 6.535809026767112e-08
60250.04800076804 8.588250366447064e-08
60300.04800076804 7.788749100315272e-08
60350.04800076804 5.243600374838786e-08
60400.04800076804 5.903731785356106e-08
60450.04800076804 2.1629516948511214e-08
60500.04800076804 1.0537771780639816e-08
60550.04800076804 5.686969309689243e-08
60600.04800076804 6.495771864581192e-08
60650.04800076804 4.562580970065427e-08
60700.04800076804 3.424436658118237e-08
60750.04800076804 2.1690007184173487e-08
60800.04800076804 6.836854021023302e-08
60850.04800076804 1.1155724612937162e-07
60900.04800076804 1.0501404436673594e-07
60950.04800076804 8.763357302940304e-08
61000.04800076804 6.40933793358208e-08
61050.04800076804 3.369103932005122e-08
61100.04800076804 4.7039849743592236e-08
61150.04800076804 1.651051516157901e-08
61200.04800076804 7.416878208279198e-08
61250.04800076804 1.016643978747569e-07
61300.04800076804 9.134674836914089e-08
61350.04800076804 1.1291686225573512e-07
61400.04800076804 5.702348816788695e-08
61450.04800076804 2.6988782688191738e-08
61500.04800076804 4.2967279917366325e-08
61550.04800076804 4.527724928774626e-08
61600.04800076804 2.6766746213899598e-08
61650.04800076804 5.617902772024426e-08
61700.04800076804 4.952978725131622e-08
61750.04800076804 5.6678878768739245e-08
61800.04800076804 6.293746070354819e-08
61850.04800076804 2.725811172140936e-08
61900.04800076804 8.041322282936515e-08
61950.04800076804 9.047981309456704e-08
62000.04800076804 9.181892450824808e-08
62050.04800076804 8.38182666342337e-08
62100.04800076804 8.225880365049947e-08
62150.04800076804 9.805826791018627e-08
62200.04800076804 8.290753432860786e-08
62250.04800076804 7.78813187277092e-08
62300.04800076804 1.385288745881324e-07
62350.04800076804 1.0292367893668538e-07
62400.04800076804 4.834512462163328e-08
62450.04800076804 7.179823565645273e-08
62500.04800076804 1.256193757325608e-07
62550.04800076804 1.1454698652879764e-07
62600.04800076804 1.2414330778603795e-07
62650.04800076804 8.690875180867058e-08
62700.04800076804 9.141241528961059e-08
62750.04800076804 1.2339336292272494e-07
62800.04800076804 6.575205673333437e-08
62850.04800076804 1.0441461697282746e-07
62900.04800076804 7.040164249484476e-08
62950.04800076804 1.2276779846413497e-07
63000.04800076804 9.682098846274285e-08
63050.04800076804 1.5188397157430582e-07
63100.04800076804 1.339531918488836e-07
63150.04800076804 8.697825328523335e-08
63200.04800076804 1.1661462984991608e-07
63250.04800076804 9.059110979107847e-08
63300.04800076804 1.054506622280989e-07
63350.04800076804 9.555439840717551e-08
63400.04800076804 4.384359094851933e-08
