galfind/configs/Brown_Dwarf_templates/sonora_cholla/logkzz7/31g/800K_31g_logkzz7_resample.dat
# %ECSV 1.0
# ---
# datatype:
# - {name: wav, unit: Angstrom, datatype: float64}
# - {name: flux_nu, unit: erg / (cm2 Hz s), datatype: float64}
# schema: astropy-2.0
wav flux_nu
[from data line 1210]
63500.04800076804 8.077618922609119e-08
63550.04800076804 8.493323183336558e-08
63600.04800076804 1.0359270164031783e-07
63650.04800076804 6.458486710138581e-08
63700.04800076804 3.123638100243227e-08
63750.04800076804 5.964854445068513e-08
63800.04800076804 1.004294182440113e-07
63850.04800076804 7.827454695326709e-08
63900.04800076804 3.8504585140569925e-08
63950.04800076804 7.715777382444489e-08
64000.04800076804 8.547033735717053e-08
64050.04800076804 4.364190680985988e-08
64100.04800076804 1.3790309660213555e-08
64150.04800076804 2.1129916311095923e-08
64200.04800076804 2.5130448868482102e-08
64250.04800076804 5.3226174399037e-08
64300.04800076804 3.9265941747329e-08
64350.04800076804 3.163998300824451e-08
64400.04800076804 6.751024470592407e-08
64450.04800076804 7.737170911673024e-08
64500.04800076804 3.089593652204882e-08
64550.04800076804 5.9455635181069584e-08
64600.04800076804 2.845133013267449e-08
64650.04800076804 5.4304306026211685e-08
64700.04800076804 2.3770271060483077e-08
64750.04800076804 3.613436951460496e-08
64800.04800076804 3.0683232791402356e-08
64850.04800076804 2.288371704405917e-08
64900.04800076804 2.5490827119613742e-08
64950.04800076804 2.3106968366699207e-08
65000.04800076804 3.2352042829150796e-08
65050.04800076804 4.3863562107545815e-08
65100.04800076804 5.8777987141793757e-08
65150.04800076804 2.5289264341495842e-08
65200.04800076804 1.889991430550892e-08
65250.04800076804 4.976456938127276e-08
65300.04800076804 3.609587790080165e-08
65350.04800076804 9.136237127783975e-08
65400.04800076804 3.97140163781935e-08
65450.04800076804 4.138239513307279e-08
65500.04800076804 5.177501522527207e-08
65550.04800076805 2.6181072784639512e-08
65600.04800076805 4.403909609280068e-08
65650.04800076805 3.715281983570851e-08
65700.04800076805 3.4174966369073016e-08
65750.04800076805 2.424203056883856e-08
65800.04800076805 4.187348564279339e-08
65850.04800076805 5.3721260893791845e-08
65900.04800076805 2.2830401073602874e-08
65950.04800076805 2.675321146714102e-08
66000.04800076805 3.766213136002692e-08
66050.04800076805 7.861956711817087e-08
66100.04800076805 4.1830961312527996e-08
66150.04800076805 3.070303844970552e-08
66200.04800076805 3.1513545108723975e-08
66250.04800076805 2.768813001461409e-08
66300.04800076805 1.1574013629815935e-08
66350.04800076805 1.453301817705598e-08
66400.04800076805 2.4321301085511698e-08
66450.04800076805 5.2184534779748016e-08
66500.04800076805 7.198012849770566e-08
66550.04800076805 7.599892294604246e-08
66600.04800076805 5.514438477771228e-08
66650.04800076805 4.3075175466493476e-08
66700.04800076805 3.7528857024821376e-08
66750.04800076805 3.308515683720339e-08
66800.04800076805 4.574811012799842e-08
66850.04800076805 2.808878837923974e-08
66900.04800076805 7.070952720395257e-08
66950.04800076805 7.681784702814621e-08
67000.04800076805 7.207386908250571e-08
67050.04800076805 4.6668992953636236e-08
67100.04800076805 3.004420808558192e-08
67150.04800076805 3.44213395228774e-08
67200.04800076805 4.9283804252899464e-08
67250.04800076805 4.7063621378881634e-08
67300.04800076805 6.110912307984436e-08
67350.04800076805 3.536441605647475e-08
67400.04800076805 8.591019111881028e-08
67450.04800076805 5.856752470609705e-08
67500.04800076805 4.8393629692603535e-08
67550.04800076805 7.281947203121634e-08
67600.04800076805 1.2220302764390705e-07
67650.04800076805 8.980036881002422e-08
67700.04800076805 5.6737975085662775e-08
67750.04800076805 4.332393324979522e-08
67800.04800076805 6.564766098146503e-08
67850.04800076805 3.0778309420515855e-08
67900.04800076805 4.05485050897248e-08
67950.04800076805 2.860063192162414e-08
68000.04800076805 5.0541834711476054e-08
68050.04800076805 7.472584290323452e-08
68100.04800076805 9.30774819699168e-08
68150.04800076805 6.971510890103655e-08
68200.04800076805 6.829335273918703e-08
68250.04800076805 2.0906034620365617e-08
68300.04800076805 6.073549649363121e-08
68350.04800076805 3.289448214723405e-08
68400.04800076805 9.530749170892342e-08
68450.04800076805 8.18926329085662e-08
68500.04800076805 6.071979987673165e-08
68550.04800076805 3.1734988177545744e-08
68600.04800076805 3.441683946318695e-08
68650.04800076805 1.9130608053466604e-08
68700.04800076805 4.046857232348921e-08
68750.04800076805 5.596054059165383e-08
68800.04800076805 7.048313777492586e-08
68850.04800076805 2.5964225959087335e-08
68900.04800076805 9.015745902109356e-08
68950.04800076805 8.632881934713946e-08
69000.04800076805 8.151780211961484e-08
69050.04800076805 4.087217273476731e-08
69100.04800076805 8.878359745798963e-08
69150.04800076805 1.1564692879688854e-07
69200.04800076805 7.138537848762389e-08
69250.04800076805 1.1867022805357753e-07
69300.04800076805 6.677773752835503e-08
69350.04800076805 1.0649914588131538e-07
69400.04800076805 3.971157587375917e-08
69450.04800076805 9.657995009884802e-08
69500.04800076805 5.153996645360182e-08
69550.04800076805 5.399139044849695e-08
69600.04800076805 1.7170865951219818e-08
69650.04800076805 4.814855593412158e-08
69700.04800076805 9.128462345034252e-08
69750.04800076805 5.989656146172864e-08
69800.04800076805 8.170854111962151e-08
69850.04800076805 7.999538442080496e-08
69900.04800076805 5.3718731635730086e-08
69950.04800076805 5.7226815613596124e-08
70000.04800076805 5.625821383061786e-08
70050.04800076805 1.0161602493235099e-07
70100.04800076805 7.392197798174417e-08
70150.04800076805 7.59946538914688e-08
70200.04800076805 4.65755486660284e-08
70250.04800076805 6.650144803815912e-08
70300.04800076805 9.635208794521774e-08
70350.04800076805 6.75353929676184e-08
70400.04800076805 4.673932345330357e-08
70450.04800076805 1.5689629239181072e-08
70500.04800076805 3.873878021219725e-08
70550.04800076805 3.970575515904829e-08
70600.04800076805 3.698348821148506e-08
70650.04800076805 8.231457040788264e-08
70700.04800076805 7.925678539480405e-08
70750.04800076805 9.948328704566614e-08
70800.04800076805 5.704162707413098e-08
70850.04800076805 5.4368863469331355e-08
70900.04800076805 5.5266388521897145e-08
70950.04800076805 8.897716674939653e-08
71000.04800076805 7.516291177280902e-08
71050.04800076805 8.234575310383326e-08
71100.04800076805 6.229975390896298e-08
71150.04800076805 5.778393195356844e-08
71200.04800076805 5.073338343740527e-08
71250.04800076805 6.422316389708567e-08
71300.04800076805 9.335129479843494e-08
71350.04800076805 9.032513698660945e-08
71400.04800076805 7.834762908381515e-08
71450.04800076805 3.659233151451031e-08
71500.04800076805 4.4647731307645365e-08
71550.04800076805 5.314346406346682e-08
71600.04800076805 5.793658834108012e-08
71650.04800076805 4.682321692173018e-08
71700.04800076805 3.5422759707458506e-08
71750.04800076805 5.635895986462626e-08
71800.04800076805 8.778101252357644e-08
71850.04800076805 8.081124114841642e-08
71900.04800076805 4.681493415051839e-08
71950.04800076805 6.240917313509836e-08
72000.04800076805 5.815355363723805e-08
72050.04800076805 3.4867500504814316e-08
72100.04800076805 4.218355624602909e-08
72150.04800076805 3.90774400296395e-08
72200.04800076805 6.58608361896427e-08
72250.04800076805 7.191216540354426e-08
72300.04800076805 6.471830719406995e-08
72350.04800076805 6.586438250050835e-08
72400.04800076805 5.611628447760661e-08
72450.04800076805 4.401766295317264e-08
72500.04800076805 5.520722110788431e-08
72550.04800076805 2.794843568514829e-08
72600.04800076805 3.691570254455892e-08
72650.04800076805 7.536963111134847e-08
72700.04800076805 6.039321225429769e-08
72750.04800076805 4.995126967390334e-08
72800.04800076805 4.1549109332317874e-08
72850.04800076805 4.509415179438422e-08
72900.04800076805 6.833695045094491e-08
72950.04800076805 6.057952316027958e-08
73000.04800076805 5.957114374881889e-08
73050.04800076805 4.0992328626090934e-08
73100.04800076805 4.390159708521906e-08
73150.04800076805 9.154989832461038e-08
73200.04800076805 4.2731170399751265e-08
73250.04800076805 5.65449588336002e-08
73300.04800076805 5.123536239267183e-08
73350.04800076805 3.269563273088085e-08
73400.04800076805 5.024098831992448e-08
73450.04800076805 3.243544388884707e-08
73500.04800076805 3.033259980290402e-08
73550.04800076805 5.09083655995327e-08
73600.04800076805 3.53995199911458e-08
73650.04800076805 5.284782275992831e-08
73700.04800076805 6.084443615645524e-08
73750.04800076805 3.151860273953251e-08
73800.04800076805 4.6098547119780464e-08
73850.04800076805 5.910726198350224e-08
73900.04800076805 5.538395027747716e-08
73950.04800076805 4.724217929330639e-08
74000.04800076805 3.4988390814960006e-08
74050.04800076805 8.380328716348196e-08
74100.04800076805 4.838821868642093e-08
74150.04800076805 5.045972848641194e-08
74200.04800076805 4.140135839962746e-08
74250.04800076805 1.791272750018423e-08
74300.04800076805 4.801646673458628e-08
74350.04800076805 6.710625687783842e-08
74400.04800076805 5.724887434741887e-08
74450.04800076805 2.9219369143663684e-08
74500.04800076805 2.9602583676666226e-08
74550.04800076805 4.365383431368676e-08
74600.04800076805 3.967484916318934e-08
74650.04800076805 3.923316224239257e-08
74700.04800076805 2.7734219249181895e-08
74750.04800076805 3.194880298547366e-08
74800.04800076805 3.6135964953210276e-08
74850.04800076805 2.684384303855596e-08
74900.04800076805 5.809925370568028e-08
74950.04800076805 6.69234648280013e-08
75000.04800076805 4.108072970377462e-08
75050.04800076805 2.4627398586674607e-08
75100.04800076805 7.342192194010227e-08
75150.04800076805 6.308220512953162e-08
75200.04800076805 6.758530625750272e-08
75250.04800076805 6.908269977409873e-08
75300.04800076805 6.637301438868713e-08
75350.04800076805 3.4550779997116196e-08
75400.04800076805 7.544352573841905e-08
75450.04800076805 6.335689071875488e-08
75500.04800076805 5.2378306491402974e-08
75550.04800076805 6.373164045452056e-08
75600.04800076805 9.092529565186184e-08
75650.04800076805 4.9913822791280394e-08
75700.04800076805 5.788412112761539e-08
75750.04800076805 3.5840100557323526e-08
75800.04800076805 5.752280343292573e-08
75850.04800076805 7.943291319334783e-08
75900.04800076805 6.373338783527596e-08
75950.04800076805 4.1512348378610645e-08
76000.04800076805 6.219807243937855e-08
76050.04800076805 6.456613649078818e-08
76100.04800076805 5.5559831360869267e-08
76150.04800076805 6.792030072717039e-08
76200.04800076805 6.840180992748817e-08
76250.04800076805 6.253917734137905e-08
76300.04800076805 9.260818493860437e-08
76350.04800076805 1.120937319473185e-07
76400.04800076805 9.272353027058399e-08
76450.04800076805 8.385343854183234e-08
76500.04800076805 6.755992231189835e-08
76550.04800076805 4.824829769207162e-08
76600.04800076805 1.6309671827544525e-08
76650.04800076805 1.7343837927843064e-08
76700.04800076805 2.0771225353480904e-08
76750.04800076805 2.1502012783880427e-08
76800.04800076805 4.040211455810113e-08
76850.04800076805 1.1166627595737835e-08
76900.04800076805 1.6001286024428275e-08
76950.04800076805 3.276911127620425e-08
77000.04800076805 3.936528420382223e-08
77050.04800076805 2.026834531440504e-08
77100.04800076805 2.503221713190864e-08
77150.04800076805 4.407768025692523e-08
77200.04800076805 3.274771527126862e-08
77250.04800076805 3.809003229499874e-08
77300.04800076805 3.891244692409174e-08
77350.04800076805 1.9712333811772893e-08
77400.04800076805 2.15344807617382e-08
77450.04800076805 2.8144191905398922e-08
77500.04800076805 2.701959511646613e-08
77550.04800076805 3.271495253595025e-08
77600.04800076805 2.9531808189627467e-08
77650.04800076805 3.0607524786567704e-08
77700.04800076805 2.1950407617597595e-08
77750.04800076805 4.814393247709999e-08
77800.04800076805 3.857517054079411e-08
77850.04800076805 6.825386308090189e-08
77900.04800076805 4.801471827552316e-08
77950.04800076805 2.206541207643431e-08
78000.04800076805 4.087735055817585e-08
78050.04800076805 4.539488764993524e-08
78100.04800076805 3.58584548951472e-08
78150.04800076805 6.382094245290825e-08
78200.04800076805 5.7182033892956204e-08
78250.04800076805 5.518470213428034e-08
78300.04800076805 5.946677585454658e-08
78350.04800076805 5.891836291927085e-08
78400.04800076805 4.252626974902533e-08
78450.04800076805 7.19542689538449e-08
78500.04800076805 6.594155808526716e-08
78550.04800076805 7.665886345274196e-08
78600.04800076805 6.263021603257796e-08
78650.04800076805 1.8614500800987728e-08
78700.04800076805 3.7531042948534196e-08
78750.04800076805 3.988791813167614e-08
78800.04800076805 6.039933537626476e-08
78850.04800076805 3.001528747617963e-08
78900.04800076805 5.186007071982383e-08
78950.04800076805 5.153746077304491e-08
79000.04800076805 5.214591502810236e-08
79050.04800076805 4.7054322341511425e-08
79100.04800076805 4.641992259311806e-08
79150.04800076805 5.062064420861808e-08
79200.04800076805 6.797493052256767e-08
79250.04800076805 4.903915978662569e-08
79300.04800076805 3.5310819705698495e-08
79350.04800076805 4.78733038657752e-08
79400.04800076805 4.446504251682951e-08
79450.04800076805 6.897788040377654e-08
79500.04800076805 9.88840307908678e-08
79550.04800076805 6.649802574466363e-08
79600.04800076805 3.7805673013307205e-08
79650.04800076805 5.9585151532466046e-08
79700.04800076805 7.12814238780771e-08
79750.04800076805 7.131459995690188e-08
79800.04800076805 3.7019850068257947e-08
79850.04800076805 5.64396268028125e-08
79900.04800076805 9.799726341120816e-08
79950.04800076805 6.483001096556937e-08
