galfind/configs/Brown_Dwarf_templates/sonora_cholla/logkzz7/31g/850K_31g_logkzz7_resample.dat
# %ECSV 1.0
# ---
# datatype:
# - {name: wav, unit: Angstrom, datatype: float64}
# - {name: flux_nu, unit: erg / (cm2 Hz s), datatype: float64}
# schema: astropy-2.0
wav flux_nu
[from data line 1163]
68150.00000000009 8.557525202784501e-08
68200.00000000009 8.630258481289907e-08
68250.00000000009 2.9647460494643572e-08
68300.00000000009 7.589212727990944e-08
68350.00000000009 4.0664313493329475e-08
68400.00000000009 1.1641781305820641e-07
68450.00000000009 1.0406015102119417e-07
68500.00000000009 7.952378271808492e-08
68550.00000000009 4.3762932859610167e-08
68600.00000000009 4.783941785433313e-08
68650.00000000009 2.7953727210839228e-08
68700.00000000009 5.503933434128262e-08
68750.00000000009 7.635317376820846e-08
68800.00000000009 9.006993717927865e-08
68850.00000000009 3.4644345315779226e-08
68900.00000000009 1.1437862439147262e-07
68950.00000000009 1.1655737339467836e-07
69000.00000000009 1.069269791354484e-07
69050.00000000009 5.613388840575261e-08
69100.00000000009 1.1211162279780768e-07
69150.00000000009 1.428172377742816e-07
69200.00000000009 8.748309239753532e-08
69250.00000000009 1.4357564746678446e-07
69300.00000000009 8.208066722100195e-08
69350.00000000009 1.2756573926122184e-07
69400.00000000009 5.417028284507546e-08
69450.00000000009 1.2686537983290872e-07
69500.00000000009 6.786646218380433e-08
69550.00000000009 7.163303470101993e-08
69600.00000000009 2.432120835493885e-08
69650.00000000009 6.341396135207804e-08
69700.00000000009 1.1473138131014131e-07
69750.00000000009 7.709497778029592e-08
69800.00000000009 1.0330187794033382e-07
69850.00000000009 1.0716464089576819e-07
69900.00000000009 6.844046034266303e-08
69950.00000000009 7.409664613621713e-08
70000.00000000009 7.41954531807037e-08
70050.00000000009 1.2269986857899517e-07
70100.00000000009 9.052338040664024e-08
70150.00000000009 9.562198147625284e-08
70200.00000000009 6.048908747815398e-08
70250.00000000009 8.431963175940178e-08
70300.00000000009 1.228588710396577e-07
70350.00000000009 8.396494914632898e-08
70400.00000000009 6.203858219186872e-08
70450.00000000009 2.3429070900042387e-08
70500.00000000009 5.096439246462891e-08
70550.00000000009 5.2569610809630555e-08
70600.00000000009 4.934350192892775e-08
70650.00000000009 1.0099262404979774e-07
70700.00000000009 9.713948584482449e-08
70750.00000000009 1.1934142618922866e-07
70800.00000000009 7.2550496663437e-08
70850.00000000009 6.882269126800726e-08
70900.00000000009 6.999607483792945e-08
70950.00000000009 1.1298612500705529e-07
71000.00000000009 9.54902964973648e-08
71050.00000000009 1.001911152808845e-07
71100.00000000009 7.831391122379348e-08
71150.00000000009 7.457851214510819e-08
71200.00000000009 6.546457050179096e-08
71250.00000000009 7.939926513441685e-08
71300.00000000009 1.1523258577988599e-07
71350.00000000009 1.085425189884918e-07
71400.00000000009 9.678075994681716e-08
71450.00000000009 4.7484469279507635e-08
71500.00000000009 5.9310902679574166e-08
71550.00000000009 6.781714050616368e-08
71600.00000000009 7.437272625111561e-08
71650.00000000009 6.209536220267758e-08
71700.00000000009 4.794759596265438e-08
71750.00000000009 7.577893308567318e-08
71800.00000000009 1.0808237985172873e-07
71850.00000000009 1.0022662271825438e-07
71900.00000000009 6.008249189601068e-08
71950.00000000009 7.777629174182292e-08
72000.00000000009 7.331235685733613e-08
72050.00000000009 4.623968437916447e-08
72100.00000000009 5.6123730977761246e-08
72150.00000000009 5.199824318090621e-08
72200.00000000009 8.079089562265056e-08
72250.00000000009 8.828932292972639e-08
72300.00000000009 8.256761309798055e-08
72350.00000000009 8.170356398848657e-08
72400.00000000009 7.030885978564585e-08
72450.00000000009 5.563858951423599e-08
72500.00000000009 6.833504046520738e-08
72550.00000000009 3.776055090831587e-08
72600.00000000009 4.50402023775046e-08
72650.00000000009 9.3262535232332e-08
72700.00000000009 7.85323009578659e-08
72750.00000000009 6.577096473674549e-08
72800.00000000009 5.566560393178794e-08
72850.00000000009 6.005194892967623e-08
72900.00000000009 8.268663781229577e-08
72950.00000000009 7.557295847200802e-08
73000.00000000009 7.545131772072971e-08
73050.00000000009 5.4749989381712715e-08
73100.00000000009 5.604289307412335e-08
73150.00000000009 1.1203817931830379e-07
73200.00000000009 5.6153377707319175e-08
73250.00000000009 7.093322296693764e-08
73300.00000000009 6.775127586208181e-08
73350.00000000009 4.416570345270321e-08
73400.00000000009 6.426184454500085e-08
73450.00000000009 4.227449014221852e-08
73500.00000000009 4.088632571672311e-08
73550.00000000009 6.371413281971654e-08
73600.00000000009 4.458690886434729e-08
73650.00000000009 6.783276693436652e-08
73700.00000000009 7.959640094946478e-08
73750.00000000009 4.262515524907012e-08
73800.00000000009 5.917603221889742e-08
73850.00000000009 7.432537017186381e-08
73900.00000000009 7.362193517235053e-08
73950.00000000009 6.249260800725372e-08
74000.00000000009 4.890447816240339e-08
74050.00000000009 1.0658539448114274e-07
74100.00000000009 6.151929720750698e-08
74150.00000000009 6.493897119094497e-08
74200.00000000009 5.854749031711827e-08
74250.00000000009 2.685068280449239e-08
74300.00000000009 6.123834841665238e-08
74350.00000000009 8.252459330135737e-08
74400.00000000009 6.924909487062554e-08
74450.00000000009 3.884734908623305e-08
74500.00000000009 4.289540261124466e-08
74550.00000000009 5.7207425394897405e-08
74600.00000000009 5.1747104111160276e-08
74650.00000000009 5.1589409606634814e-08
74700.00000000009 3.723090045484408e-08
74750.00000000009 4.530004330346652e-08
74800.00000000009 4.771150262389893e-08
74850.00000000009 3.530343949340951e-08
74900.00000000009 7.572777874056953e-08
74950.00000000009 8.683910026950458e-08
75000.00000000009 5.567845848663747e-08
75050.00000000009 3.6487940578190595e-08
75100.00000000009 9.341872743695367e-08
75150.00000000009 7.79615864176359e-08
75200.00000000009 9.02977404003594e-08
75250.00000000009 8.90464503783483e-08
75300.00000000009 8.569327818682783e-08
75350.00000000009 4.6079502638606296e-08
75400.00000000009 9.20059006566937e-08
75450.00000000009 7.827376496610642e-08
75500.00000000009 6.42017155826176e-08
75550.00000000009 8.444680274298622e-08
75600.00000000009 1.1322678920749168e-07
75650.00000000009 6.338873013101776e-08
75700.00000000009 7.061597581493547e-08
75750.00000000009 4.655877077705743e-08
75800.00000000009 7.544529467253998e-08
75850.00000000009 9.85145518300822e-08
75900.00000000009 7.890732367909454e-08
75950.00000000009 5.510031903793151e-08
76000.00000000009 7.563423289775169e-08
76050.00000000009 8.02210401968441e-08
76100.00000000009 6.744303554593476e-08
76150.00000000009 8.388371103705095e-08
76200.00000000009 8.499716951621732e-08
76250.00000000009 1.0576048233693944e-07
76300.00000000009 1.1136675100770585e-07
76350.00000000009 1.581630323648135e-07
76400.00000000009 1.1221816983706742e-07
76450.00000000009 1.0176079675684294e-07
76500.00000000009 8.572678094809894e-08
76550.00000000009 6.54150801107332e-08
76600.00000000009 2.446941455406205e-08
76650.00000000009 2.6280349960875287e-08
76700.00000000009 3.0457158167908284e-08
76750.00000000009 3.031206609204928e-08
76800.00000000009 5.538097109722245e-08
76850.00000000009 1.5890442395333786e-08
76900.00000000009 2.4334686936423757e-08
76950.00000000009 4.402029950624486e-08
77000.00000000009 5.117289446799017e-08
77050.00000000009 2.8273373560465738e-08
77100.00000000009 3.475624591057056e-08
77150.00000000009 5.67619854829457e-08
77200.00000000009 4.364535659055956e-08
77250.00000000009 5.144701803583641e-08
77300.00000000009 5.053995908462619e-08
77350.00000000009 2.748388360622159e-08
77400.00000000009 2.7987983593390758e-08
77450.00000000009 3.634130076645495e-08
77500.00000000009 3.359621914728425e-08
77550.00000000009 4.285009796629152e-08
77600.00000000009 4.207924662848858e-08
77650.00000000009 4.114167033324654e-08
77700.00000000009 2.8569070797299075e-08
77750.00000000009 6.182632927478244e-08
77800.00000000009 4.749948228008302e-08
77850.00000000009 8.52129581189086e-08
77900.00000000009 6.35808034973553e-08
77950.00000000009 3.151220884050205e-08
78000.00000000009 5.310892688068085e-08
78050.00000000009 5.815574359597477e-08
78100.00000000009 4.444851982145021e-08
78150.00000000009 7.66690130951256e-08
78200.00000000009 7.196143799574708e-08
78250.00000000009 8.878150393426308e-08
78300.00000000009 7.72371446935703e-08
78350.00000000009 7.273592727137511e-08
78400.00000000009 5.826737018349557e-08
78450.00000000009 9.156957660930703e-08
78500.00000000009 8.037064686383357e-08
78550.00000000009 9.175805901118145e-08
78600.00000000009 7.648545045942537e-08
78650.00000000009 2.5745364690092995e-08
78700.00000000009 4.907610209814777e-08
78750.00000000009 5.056403606856479e-08
78800.00000000009 7.781644408855253e-08
78850.00000000009 4.092870650042582e-08
78900.00000000009 6.89515231069466e-08
78950.00000000009 6.224962340109261e-08
79000.00000000009 6.426858033471652e-08
79050.00000000009 5.97985737228594e-08
79100.00000000009 5.967446131277924e-08
79150.00000000009 6.38468024153429e-08
79200.00000000009 8.572692600443888e-08
79250.00000000009 6.487408522718679e-08
79300.00000000009 4.629994988724398e-08
79350.00000000009 7.051422714764075e-08
79400.00000000009 5.860338801306202e-08
79450.00000000009 8.269729434691974e-08
79500.00000000009 1.1829801076837734e-07
79550.00000000009 8.729296710998216e-08
79600.00000000009 4.904504570547116e-08
79650.00000000009 7.502823357963848e-08
79700.00000000009 9.18873531769439e-08
79750.00000000009 8.999153996658532e-08
79800.00000000009 6.915546621354842e-08
79850.00000000009 7.08705180139697e-08
79900.00000000009 1.185509942990519e-07
79950.00000000009 7.763366524026675e-08
