galfind/configs/Brown_Dwarf_templates/sonora_cholla/logkzz7/31g/850K_31g_logkzz7_resample.dat
# %ECSV 1.0
# ---
# datatype:
# - {name: wav, unit: Angstrom, datatype: float64}
# - {name: flux_nu, unit: erg / (cm2 Hz s), datatype: float64}
# schema: astropy-2.0
wav flux_nu
[from data line 774]
48700.000000000095 7.854752263669359e-08
48750.000000000095 4.274881252878873e-08
48800.000000000095 7.315072068439225e-08
48850.000000000095 5.732708002649156e-08
48900.000000000095 8.262207380289594e-08
48950.000000000095 7.628462269566807e-08
49000.000000000095 6.271779677985571e-08
49050.000000000095 8.116156093467987e-08
49100.000000000095 5.4238318362128027e-08
49150.000000000095 1.0209105068491232e-07
49200.000000000095 5.6715364582352005e-08
49250.000000000095 1.0688114376022334e-07
49300.000000000095 7.012392674800986e-08
49350.000000000095 8.237395257703252e-08
49400.000000000095 1.0315304995221131e-07
49450.000000000095 8.726589937223255e-08
49500.000000000095 9.289649238087989e-08
49550.000000000095 5.174400731995307e-08
49600.000000000095 9.956515101647526e-08
49650.000000000095 8.349538070983918e-08
49700.000000000095 8.002917783957553e-08
49750.000000000095 1.4762208073471873e-07
49800.000000000095 7.620211918280487e-08
49850.000000000095 1.6902429822320532e-07
49900.000000000095 1.0796768689053812e-07
49950.000000000095 1.4250123317771496e-07
50000.000000000095 1.4603452395640508e-07
50050.000000000095 1.3134864626977595e-07
50100.000000000095 1.8325292820585946e-07
50150.000000000095 7.12975080622332e-08
50200.000000000095 5.3218898172820664e-08
50250.000000000095 1.4196612787984407e-07
50300.000000000095 9.854323682559906e-08
50350.000000000095 1.4192319600468657e-07
50400.000000000095 1.313650208823707e-07
50450.000000000095 1.422021804881105e-07
50500.000000000095 1.7500795431518728e-07
50550.000000000095 1.443433166833157e-07
50600.000000000095 1.765819284975737e-07
50650.000000000095 1.5182533979356975e-07
50700.000000000095 2.0947211062171042e-07
50750.000000000095 2.1030051175599853e-07
50800.000000000095 8.569793893861826e-08
50850.000000000095 9.661682136555133e-08
50900.000000000095 1.9340785881074478e-07
50950.000000000095 2.0781456989603842e-07
51000.000000000095 1.725492958879748e-07
51050.000000000095 1.6711804014660008e-07
51100.000000000095 9.196020242999722e-08
51150.000000000095 1.3206055964167785e-07
51200.000000000095 2.1029262883224644e-07
51250.000000000095 2.0058213728062986e-07
51300.000000000095 1.1881497999984844e-07
51350.000000000095 1.6217894604376199e-07
51400.000000000095 1.1030059442064874e-07
51450.000000000095 9.327512520605258e-08
51500.000000000095 8.07645596387482e-08
51550.000000000095 1.7707336214529702e-07
51600.000000000095 1.2045325732319527e-07
51650.000000000095 1.8230602308400293e-07
51700.000000000095 1.826520222914117e-07
51750.000000000095 1.198887651128735e-07
51800.000000000095 2.473289570826554e-07
51850.000000000095 1.8536530100724245e-07
51900.000000000095 2.3731901508164112e-07
51950.000000000095 1.874493002396719e-07
52000.000000000095 5.112734206622266e-08
52050.000000000095 1.1458441851421733e-07
52100.000000000095 1.007679183618421e-07
52150.000000000095 7.564422135940423e-08
52200.000000000095 9.403827682203851e-08
52250.000000000095 1.299126958955226e-07
52300.000000000095 2.1218867855579395e-07
52350.000000000095 1.2898543279729998e-07
52400.000000000095 1.0312314152862038e-07
52450.000000000095 1.9545432322088235e-07
52500.000000000095 1.788840354728398e-07
52550.000000000095 1.8032611545029202e-07
52600.000000000095 1.3255341002266662e-07
52650.000000000095 1.677841881522869e-07
52700.000000000095 1.3215107576959144e-07
52750.000000000095 9.441220772393425e-08
52800.000000000095 1.0369558131109849e-07
52850.000000000095 1.3068025357219283e-07
52900.000000000095 8.910639257916073e-08
52950.000000000095 9.356741448316447e-08
53000.000000000095 2.1807609967595338e-07
53050.000000000095 7.937741032199223e-08
53100.000000000095 2.0205883244850775e-07
53150.000000000095 2.2559423706599624e-07
53200.000000000095 1.002118171586145e-07
53250.000000000095 2.1365380358739153e-07
53300.000000000095 2.131695861389799e-07
53350.000000000095 1.958780444589768e-07
53400.000000000095 2.0442476731822446e-07
53450.000000000095 7.83368014443025e-08
53500.000000000095 4.114313299981141e-08
53550.000000000095 7.451367876695959e-08
53600.000000000095 1.2880184876767927e-07
53650.000000000095 1.1609118901740383e-07
53700.000000000095 1.0103600304146944e-07
53750.000000000095 1.0239588473413604e-07
53800.000000000095 1.0198826690357648e-07
53850.000000000095 1.4142917485013755e-07
53900.000000000095 1.4009170913193593e-07
53950.000000000095 1.8982584598417368e-07
54000.000000000095 1.243244519271828e-07
54050.000000000095 1.345458039834012e-07
54100.000000000095 5.348388034119991e-08
54150.000000000095 8.244540056272686e-08
54200.000000000095 3.1764365292560786e-08
54250.000000000095 4.2999593090638673e-08
54300.000000000095 9.159299467850478e-08
54350.000000000095 1.2177047454433186e-07
54400.000000000095 1.2204954156003316e-07
54450.000000000095 9.78290720535802e-08
54500.000000000095 8.940550887431675e-08
54550.000000000095 7.742801393489646e-08
54600.000000000095 9.847686970838614e-08
54650.000000000095 3.910929718933717e-08
54700.000000000095 1.1228575865047615e-07
54750.000000000095 1.1202266956763413e-07
54800.000000000095 7.204951862606317e-08
54850.000000000095 9.557781374476091e-08
54900.000000000095 1.3056293811020618e-07
54950.000000000095 1.9270523986983012e-07
55000.000000000095 6.667078876914831e-08
55050.000000000095 1.1219495945273448e-07
55100.000000000095 1.0128648689909694e-07
55150.000000000095 7.296042428924225e-08
55200.000000000095 6.949838795594164e-08
55250.000000000095 9.073565361513201e-08
55300.000000000095 6.150591993735937e-08
55350.000000000095 1.1270769184187531e-07
55400.000000000095 1.435102056204662e-07
55450.000000000095 9.059979827992243e-08
55500.000000000095 4.291222258534073e-08
55550.000000000095 5.92968116649812e-08
55600.000000000095 6.196610477111601e-08
55650.000000000095 5.7691257058750876e-08
55700.000000000095 7.114432091065406e-08
55750.000000000095 7.744833179827554e-08
55800.000000000095 4.584404404426727e-08
55850.000000000095 4.800524726333571e-08
55900.000000000095 1.0300308740270183e-07
55950.000000000095 1.406410509355145e-07
56000.000000000095 5.581647554817021e-08
56050.000000000095 7.916337854387958e-08
56100.000000000095 1.0211992181717084e-07
56150.000000000095 6.380964331665165e-08
56200.000000000095 7.850805599689264e-08
56250.000000000095 9.033139257324193e-08
56300.000000000095 8.687998573973144e-08
56350.000000000095 8.050402927689458e-08
56400.000000000095 4.3456100465757584e-08
56450.000000000095 3.920701603723932e-08
56500.000000000095 5.580465872645956e-08
56550.000000000095 3.5888421379618245e-08
56600.000000000095 9.468851265030985e-08
56650.000000000095 9.514025279052901e-08
56700.000000000095 9.601830832917507e-08
56750.000000000095 4.067510393262388e-08
56800.000000000095 9.62808267240046e-08
56850.000000000095 8.02398266864917e-08
56900.000000000095 5.355768451096346e-08
56950.000000000095 9.612772662823929e-08
57000.000000000095 1.077142765397778e-07
57050.000000000095 6.135480719204835e-08
57100.000000000095 2.7955490985233174e-08
57150.000000000095 4.3980701416879675e-08
57200.000000000095 3.7496573700734126e-08
57250.000000000095 5.3567508318215034e-08
57300.000000000095 7.892714857409276e-08
57350.000000000095 4.0288720457949204e-08
57400.000000000095 8.109916525076529e-08
57450.000000000095 6.315063938796835e-08
57500.000000000095 6.071549392319513e-08
57550.000000000095 8.575948487500973e-08
57600.000000000095 8.755904027762299e-08
57650.000000000095 2.595190590710069e-08
57700.000000000095 3.826605140626561e-08
57750.000000000095 5.495063766500272e-08
57800.000000000095 2.2112546489680082e-08
57850.000000000095 1.2706164922220483e-07
57900.000000000095 1.4566060214970511e-07
57950.000000000095 1.323560226055938e-07
58000.000000000095 5.325776768355594e-08
58050.000000000095 8.654675208555349e-08
58100.000000000095 1.023182191804194e-07
58150.000000000095 6.565822838929649e-08
58200.000000000095 2.8397149764308828e-08
58250.000000000095 3.7703577185299355e-08
58300.000000000095 3.591073523321652e-08
58350.000000000095 4.7665326507077453e-08
58400.000000000095 8.018715705239876e-08
58450.000000000095 8.377088501431918e-08
58500.000000000095 7.613913267365428e-08
58550.000000000095 8.304567739162642e-08
58600.000000000095 3.945531856451519e-08
58650.000000000095 5.255862826627418e-08
58700.000000000095 6.13712932993141e-08
58750.000000000095 5.961748169858e-08
58800.000000000095 2.0512021912559593e-08
58850.000000000095 4.9522662224837826e-08
58900.000000000095 6.974726667474205e-08
58950.000000000095 3.53486616195877e-08
59000.000000000095 6.786560919825576e-08
59050.000000000095 8.47980402019296e-08
59100.000000000095 9.858460608611447e-08
59150.000000000095 6.627084597457127e-08
59200.000000000095 7.425396565285713e-08
59250.000000000095 7.982984551543727e-08
59300.000000000095 6.841001405563686e-08
59350.000000000095 2.5892880695519625e-08
59400.000000000095 2.0717281447530456e-08
59450.000000000095 6.707327144240834e-08
59500.000000000095 3.5617800045165435e-08
59550.000000000095 8.25078414366089e-08
59600.000000000095 8.658500386415052e-08
59650.000000000095 6.584579171494585e-08
59700.000000000095 4.2402023210704325e-08
59750.000000000095 1.0814223185601553e-07
59800.000000000095 5.646486017758615e-08
59850.000000000095 8.106690509737867e-08
59900.000000000095 3.345936096488233e-08
59950.000000000095 6.482367152965215e-08
60000.000000000095 1.2674320686158745e-07
60050.000000000095 1.1214665894065179e-07
60100.000000000095 1.0168294609652343e-07
60150.000000000095 5.833785280605841e-08
60200.000000000095 8.52280624445418e-08
60250.000000000095 1.091741488221337e-07
60300.000000000095 1.007935961726492e-07
60350.000000000095 6.88800384121701e-08
60400.000000000095 7.923122598474269e-08
60450.000000000095 3.2655627669898845e-08
60500.000000000095 1.7066683284697665e-08
60550.000000000095 7.958037599730776e-08
60600.000000000095 8.634459761672448e-08
60650.000000000095 6.371343862450803e-08
60700.000000000095 4.941658927431376e-08
60750.000000000095 3.3159120612571056e-08
60800.000000000095 9.207988149915034e-08
60850.000000000095 1.4153236409451982e-07
60900.000000000095 1.3449722256181626e-07
60950.000000000095 1.1473078017034066e-07
61000.000000000095 8.24135265122069e-08
61050.000000000095 4.807035682822077e-08
61100.000000000095 6.716120278042072e-08
61150.000000000095 2.4199663388463547e-08
61200.000000000095 1.0155285743290711e-07
61250.000000000095 1.341586664893585e-07
61300.000000000095 1.20474789296023e-07
61350.000000000095 1.4365634502455586e-07
61400.000000000095 7.912789221084308e-08
61450.000000000095 4.027734542884332e-08
61500.000000000095 6.143175866480135e-08
61550.000000000095 6.032609531117334e-08
61600.000000000095 3.852044872710293e-08
61650.000000000095 7.609874298494194e-08
61700.000000000095 6.520552894052985e-08
61750.000000000095 7.455144678551135e-08
61800.000000000095 8.635781254617112e-08
61850.000000000095 4.117671891542985e-08
61900.000000000095 1.0535975158632226e-07
61950.000000000095 1.1793384837050604e-07
62000.000000000095 1.1495814142303974e-07
62050.000000000095 1.0548326349479196e-07
62100.000000000095 1.0859428588265986e-07
62150.000000000095 1.247795025486125e-07
62200.000000000095 1.0554257759040197e-07
62250.000000000095 1.0239047974301424e-07
62300.000000000095 1.7079477889176942e-07
62350.000000000095 1.2800959437742706e-07
62400.000000000095 6.367935004101583e-08
62450.000000000095 9.283080226153226e-08
62500.000000000095 1.5187021417971475e-07
62550.000000000095 1.4241504227753759e-07
62600.000000000095 1.5721902637812315e-07
62650.000000000095 1.1138049052898002e-07
62700.000000000095 1.2021793478925262e-07
62750.000000000095 1.5796643137449516e-07
62800.000000000095 8.434980678709639e-08
62850.000000000095 1.3218526907694827e-07
62900.000000000095 9.065744146215709e-08
62950.000000000095 1.464696148452175e-07
63000.000000000095 1.2241519014847747e-07
63050.000000000095 1.8675907626917285e-07
63100.000000000095 1.6265787651645748e-07
63150.000000000095 1.1366439835901497e-07
63200.000000000095 1.4712665994260068e-07
63250.000000000095 1.1350408286248765e-07
63300.000000000095 1.3576304060703588e-07
63350.000000000095 1.244130834453712e-07
63400.000000000095 6.071929663471516e-08
63450.000000000095 4.3417711033634794e-08
63500.000000000095 1.0909567947234623e-07
63550.000000000095 1.0860105157684448e-07
63600.000000000095 1.3320370559226862e-07
63650.000000000095 8.640992057629375e-08
63700.000000000095 4.608745385713189e-08
63750.000000000095 8.086102324378646e-08
63800.000000000095 1.247749351231655e-07
63850.000000000095 1.0242773879798356e-07
63900.000000000095 5.4445941298004066e-08
63950.000000000095 1.0205332774526157e-07
64000.000000000095 1.1159959672788618e-07
64050.000000000095 6.247594829287564e-08
64100.000000000095 2.0794939697513797e-08
64150.000000000095 3.141149924844255e-08
64200.000000000095 3.6929015439493885e-08
64250.000000000095 7.331976279328067e-08
64300.000000000095 5.40242974743256e-08
64350.000000000095 4.6972177893916074e-08
64400.000000000095 8.885699050047397e-08
64450.000000000095 9.999991984278117e-08
64500.000000000095 4.5177965680216414e-08
64550.000000000095 7.818972821319766e-08
64600.000000000095 3.955117671410537e-08
64650.000000000095 7.079963845551528e-08
64700.000000000095 3.3694142843604485e-08
64750.000000000095 4.852429037509454e-08
64800.000000000095 4.332826451438361e-08
64850.000000000095 3.409007155297812e-08
64900.000000000095 3.875995911934822e-08
64950.000000000095 3.483742130979289e-08
65000.000000000095 4.6876172142438825e-08
65050.000000000095 5.897273634550675e-08
65100.000000000095 7.662634334496313e-08
65150.000000000095 3.990309077485672e-08
65200.000000000095 2.837661567842768e-08
65250.000000000095 6.858961358377335e-08
65300.000000000095 4.8296260774693383e-08
65350.000000000095 1.1622277902676697e-07
65400.000000000095 5.317892258714713e-08
65450.000000000095 5.567377930776971e-08
65500.000000000095 6.875983565047685e-08
65550.00000000009 3.71924459402568e-08
65600.00000000009 5.772665483804119e-08
65650.00000000009 5.2183910286737716e-08
65700.00000000009 4.914622675233314e-08
65750.00000000009 3.494529210348287e-08
65800.00000000009 5.6901182493130154e-08
65850.00000000009 7.190845622872302e-08
65900.00000000009 3.344934891877517e-08
65950.00000000009 3.590486489412737e-08
66000.00000000009 5.0805474644580144e-08
66050.00000000009 1.019660806822413e-07
66100.00000000009 5.798731334024543e-08
66150.00000000009 4.2201911138469774e-08
66200.00000000009 4.265284163389582e-08
66250.00000000009 3.83098201232211e-08
66300.00000000009 1.6969976185099977e-08
66350.00000000009 2.217600081649392e-08
66400.00000000009 3.496953044821467e-08
66450.00000000009 6.957191646684439e-08
66500.00000000009 9.425528971636402e-08
66550.00000000009 9.870356323269909e-08
66600.00000000009 7.136018546695068e-08
66650.00000000009 5.888274528832272e-08
66700.00000000009 5.1391318821152784e-08
66750.00000000009 4.533107281322488e-08
66800.00000000009 6.271723344215016e-08
66850.00000000009 4.0624636904210554e-08
66900.00000000009 8.800377139851335e-08
66950.00000000009 1.0055067147285943e-07
67000.00000000009 9.064637227617483e-08
67050.00000000009 6.169719590590195e-08
67100.00000000009 4.1576828846093416e-08
67150.00000000009 4.773774419673351e-08
67200.00000000009 6.407682094684889e-08
67250.00000000009 6.317639456012123e-08
67300.00000000009 7.65865874206023e-08
67350.00000000009 4.5820533591322274e-08
67400.00000000009 1.0885634308190227e-07
67450.00000000009 7.62656998622624e-08
67500.00000000009 6.368483917315929e-08
67550.00000000009 9.009055606048489e-08
67600.00000000009 1.4854329209765041e-07
67650.00000000009 1.101640640364254e-07
67700.00000000009 7.329707738283173e-08
67750.00000000009 5.831834346671727e-08
67800.00000000009 8.585380678988674e-08
67850.00000000009 4.257164988192775e-08
67900.00000000009 5.615208069521987e-08
67950.00000000009 3.8801559028275456e-08
68000.00000000009 6.404619089038636e-08
68050.00000000009 9.446181586442071e-08
