galfind/configs/Brown_Dwarf_templates/sonora_cholla/logkzz7/31g/900K_31g_logkzz7_resample.dat
# %ECSV 1.0
# ---
# datatype:
# - {name: wav, unit: Angstrom, datatype: float64}
# - {name: flux_nu, unit: erg / (cm2 Hz s), datatype: float64}
# schema: astropy-2.0
wav flux_nu
[from data line 775]
48750.000000000095 5.5438042853862624e-08
48800.000000000095 9.186154419582877e-08
48850.000000000095 7.197709907087596e-08
48900.000000000095 1.0347184857711054e-07
48950.000000000095 9.359209749532544e-08
49000.000000000095 7.783581390056663e-08
49050.000000000095 9.974350569238961e-08
49100.000000000095 6.711965656033371e-08
49150.000000000095 1.2290824722802852e-07
49200.000000000095 7.199174012882442e-08
49250.000000000095 1.281469618898014e-07
49300.000000000095 8.722325971493725e-08
49350.000000000095 1.0087403936768132e-07
49400.000000000095 1.2520038967089725e-07
49450.000000000095 1.0632855526161449e-07
49500.000000000095 1.1216757414135231e-07
49550.000000000095 6.590463785964541e-08
49600.000000000095 1.1931160419092297e-07
49650.000000000095 1.0110208490884187e-07
49700.000000000095 9.394449392871961e-08
49750.000000000095 1.7172391676764947e-07
49800.000000000095 9.225675798083891e-08
49850.000000000095 1.9429292944486055e-07
49900.000000000095 1.2765967249183788e-07
49950.000000000095 1.6334220043300072e-07
50000.000000000095 1.710676000030674e-07
50050.000000000095 1.5212788742513397e-07
50100.000000000095 2.1306373232397746e-07
50150.000000000095 8.769273257243701e-08
50200.000000000095 6.765198148243975e-08
50250.000000000095 1.6895081193521727e-07
50300.000000000095 1.1720568220068198e-07
50350.000000000095 1.6524096365798675e-07
50400.000000000095 1.5242641567470427e-07
50450.000000000095 1.636395051152533e-07
50500.000000000095 1.991087965895383e-07
50550.000000000095 1.65585936724913e-07
50600.000000000095 2.0266814035811725e-07
50650.000000000095 1.7338401434370367e-07
50700.000000000095 2.3747988302438823e-07
50750.000000000095 2.3980385787460803e-07
50800.000000000095 1.0292230313081977e-07
50850.000000000095 1.2047911292668034e-07
50900.000000000095 2.2203432350691562e-07
50950.000000000095 2.409949296991962e-07
51000.000000000095 2.0211783641658832e-07
51050.000000000095 1.899708441445801e-07
51100.000000000095 1.1212280600256291e-07
51150.000000000095 1.5519425356700306e-07
51200.000000000095 2.3816461486152805e-07
51250.000000000095 2.295373114406983e-07
51300.000000000095 1.3827335973081845e-07
51350.000000000095 1.8816041765503127e-07
51400.000000000095 1.3547883072621922e-07
51450.000000000095 1.1491139029854314e-07
51500.000000000095 1.0011769699865572e-07
51550.000000000095 2.0795193977103395e-07
51600.000000000095 1.4090530632952996e-07
51650.000000000095 2.1014853882998707e-07
51700.000000000095 2.1133842370563134e-07
51750.000000000095 1.3950463304377273e-07
51800.000000000095 2.8287764711606886e-07
51850.000000000095 2.0991397637941287e-07
51900.000000000095 2.7162091584214994e-07
51950.000000000095 2.208133245777878e-07
52000.000000000095 6.684039704191785e-08
52050.000000000095 1.3792253877781784e-07
52100.000000000095 1.2495399015047724e-07
52150.000000000095 9.678611468482595e-08
52200.000000000095 1.1526294767142928e-07
52250.000000000095 1.5019651974324855e-07
52300.000000000095 2.4383274606374875e-07
52350.000000000095 1.6056823924947013e-07
52400.000000000095 1.2518880197914183e-07
52450.000000000095 2.2442634673697278e-07
52500.000000000095 2.049685350633554e-07
52550.000000000095 2.100662276466639e-07
52600.000000000095 1.5464955941965653e-07
52650.000000000095 1.9968315618975747e-07
52700.000000000095 1.5513985396671788e-07
52750.000000000095 1.1590387740808866e-07
52800.000000000095 1.2521211514650927e-07
52850.000000000095 1.5607420793710032e-07
52900.000000000095 1.1034964392560484e-07
52950.000000000095 1.147396672429794e-07
53000.000000000095 2.5634500624334106e-07
53050.000000000095 9.858221195487665e-08
53100.000000000095 2.3410193871099128e-07
53150.000000000095 2.5891960021858445e-07
53200.000000000095 1.1905597456679296e-07
53250.000000000095 2.4600768099684207e-07
53300.000000000095 2.452209504578928e-07
53350.000000000095 2.235030468094695e-07
53400.000000000095 2.4168865076351096e-07
53450.000000000095 9.984960940681845e-08
53500.000000000095 5.60353527252454e-08
53550.000000000095 9.698210928692013e-08
53600.000000000095 1.5604206853799371e-07
53650.000000000095 1.382505780933288e-07
53700.000000000095 1.224322882454727e-07
53750.000000000095 1.2500048668087093e-07
53800.000000000095 1.2493675457889385e-07
53850.000000000095 1.7078841042039292e-07
53900.000000000095 1.617844880962032e-07
53950.000000000095 2.2181319120162807e-07
54000.000000000095 1.4914613050223394e-07
54050.000000000095 1.5801538663363697e-07
54100.000000000095 6.873716668957078e-08
54150.000000000095 1.0399042354990387e-07
54200.000000000095 4.447149725574491e-08
54250.000000000095 5.545026497544473e-08
54300.000000000095 1.1185739134993362e-07
54350.000000000095 1.4712480597418633e-07
54400.000000000095 1.4933354619246394e-07
54450.000000000095 1.1885759756675672e-07
54500.000000000095 1.1070028814621164e-07
54550.000000000095 9.488915775471575e-08
54600.000000000095 1.2196899356836385e-07
54650.000000000095 5.3642563390154455e-08
54700.000000000095 1.381293766908797e-07
54750.000000000095 1.395405719459957e-07
54800.000000000095 9.278023055385363e-08
54850.000000000095 1.187084113721032e-07
54900.000000000095 1.5870472580731965e-07
54950.000000000095 2.2960899130688652e-07
55000.000000000095 8.516366114963893e-08
55050.000000000095 1.3718021201767847e-07
55100.000000000095 1.1949414400426798e-07
55150.000000000095 9.217593709176893e-08
55200.000000000095 8.843187528153386e-08
55250.000000000095 1.114740637999067e-07
55300.000000000095 7.749362124688618e-08
55350.000000000095 1.3405043009597615e-07
55400.000000000095 1.727337659730569e-07
55450.000000000095 1.1401270090957671e-07
55500.000000000095 5.6542410932701995e-08
55550.000000000095 7.851947654600324e-08
55600.000000000095 7.841464236659963e-08
55650.000000000095 7.17387774921519e-08
55700.000000000095 9.043717350889633e-08
55750.000000000095 1.0031178161145898e-07
55800.000000000095 6.204138267311744e-08
55850.000000000095 6.275078330921148e-08
55900.000000000095 1.27696749472448e-07
55950.000000000095 1.7361154804002528e-07
56000.000000000095 7.217016546171027e-08
56050.000000000095 1.0138764044498937e-07
56100.000000000095 1.261430371252248e-07
56150.000000000095 8.31212187746624e-08
56200.000000000095 9.937919920121475e-08
56250.000000000095 1.0730115111326529e-07
56300.000000000095 1.091782521906294e-07
56350.000000000095 1.0436649109682884e-07
56400.000000000095 6.077262934992013e-08
56450.000000000095 5.450928493183433e-08
56500.000000000095 7.052921754377399e-08
56550.000000000095 4.829542747150336e-08
56600.000000000095 1.1781121270682464e-07
56650.000000000095 1.1637293569954694e-07
56700.000000000095 1.2098876243134833e-07
56750.000000000095 5.535768031434509e-08
56800.000000000095 1.2290673246393237e-07
56850.000000000095 1.0005096176097415e-07
56900.000000000095 7.0744053272744e-08
56950.000000000095 1.2082407072670158e-07
57000.000000000095 1.3157755169531558e-07
57050.000000000095 7.967482291553902e-08
57100.000000000095 3.874263476656606e-08
57150.000000000095 5.92027778153962e-08
57200.000000000095 4.994632836462984e-08
57250.000000000095 7.178942035444025e-08
57300.000000000095 1.0129136843648931e-07
57350.000000000095 5.288605314605488e-08
57400.000000000095 1.0274157947217031e-07
57450.000000000095 8.345944757502372e-08
57500.000000000095 8.00871405350629e-08
57550.000000000095 1.1074210101897568e-07
57600.000000000095 1.1496480180507194e-07
57650.000000000095 3.7400732007905146e-08
57700.000000000095 5.24678393659805e-08
57750.000000000095 7.187026300445891e-08
57800.000000000095 2.9500349555704215e-08
57850.000000000095 1.54120013416949e-07
57900.000000000095 1.7782724559415725e-07
57950.000000000095 1.596587939779282e-07
58000.000000000095 6.803125703363721e-08
58050.000000000095 1.0860743357149415e-07
58100.000000000095 1.2979425259078072e-07
58150.000000000095 8.73511587641335e-08
58200.000000000095 4.058703495866092e-08
58250.000000000095 5.347773682115181e-08
58300.000000000095 4.867565019943838e-08
58350.000000000095 6.388263021060677e-08
58400.000000000095 1.0109693745068399e-07
58450.000000000095 1.0495541273718645e-07
58500.000000000095 9.528238910203286e-08
58550.000000000095 1.0576865028512181e-07
58600.000000000095 5.343873035842233e-08
58650.000000000095 7.067422719981263e-08
58700.000000000095 7.965396919052276e-08
58750.000000000095 7.960648115456279e-08
58800.000000000095 3.066791116489575e-08
58850.000000000095 6.686351271970572e-08
58900.000000000095 9.244325576742604e-08
58950.000000000095 4.943229960680941e-08
59000.000000000095 8.906258517614067e-08
59050.000000000095 1.0756586834787353e-07
59100.000000000095 1.2829191529490276e-07
59150.000000000095 8.520883243655279e-08
59200.000000000095 9.510866779191898e-08
59250.000000000095 1.0234202559054988e-07
59300.000000000095 8.950109323787538e-08
59350.000000000095 3.765793915752315e-08
59400.000000000095 2.987355161857417e-08
59450.000000000095 8.515980928562021e-08
59500.000000000095 4.7197658594966755e-08
59550.000000000095 1.065508552971697e-07
59600.000000000095 1.0707646850893698e-07
59650.000000000095 8.835482240010245e-08
59700.000000000095 5.730037095360537e-08
59750.000000000095 1.380101868023281e-07
59800.000000000095 7.490224957862157e-08
59850.000000000095 1.061063295148577e-07
59900.000000000095 4.621564895162806e-08
59950.000000000095 8.589446964689446e-08
60000.000000000095 1.5839947667360453e-07
60050.000000000095 1.3913123230573654e-07
60100.000000000095 1.3029023248298986e-07
60150.000000000095 7.892389283812796e-08
60200.000000000095 1.0736499556029005e-07
60250.000000000095 1.3457289898350665e-07
60300.000000000095 1.245974908931783e-07
60350.000000000095 8.667929019247316e-08
60400.000000000095 1.0064575103119777e-07
60450.000000000095 4.614309103504466e-08
60500.000000000095 2.6140321904303996e-08
60550.000000000095 1.0440248350484613e-07
60600.000000000095 1.0914950900276738e-07
60650.000000000095 8.369531169556006e-08
60700.000000000095 6.762070801806669e-08
60750.000000000095 4.722726119863774e-08
60800.000000000095 1.1754530785525471e-07
60850.000000000095 1.7225607804060972e-07
60900.000000000095 1.6489923645112012e-07
60950.000000000095 1.4398586042116416e-07
61000.000000000095 1.0321685564005822e-07
61050.000000000095 6.441622813381623e-08
61100.000000000095 9.074477629009602e-08
61150.000000000095 3.304453055277181e-08
61200.000000000095 1.3283530609277661e-07
61250.000000000095 1.7019469693210645e-07
61300.000000000095 1.5337903836072605e-07
61350.000000000095 1.7675551668516393e-07
61400.000000000095 1.0420393631869149e-07
61450.000000000095 5.7091792768755283e-08
61500.000000000095 8.345311571744144e-08
61550.000000000095 7.725734114612271e-08
61600.000000000095 5.1618082788831843e-08
61650.000000000095 9.800268983819334e-08
61700.000000000095 8.254615800044409e-08
61750.000000000095 9.434399608053494e-08
61800.000000000095 1.1192362642166052e-07
61850.000000000095 5.796467947760234e-08
61900.000000000095 1.3176650880864415e-07
61950.000000000095 1.4891023097342457e-07
62000.000000000095 1.392431767496034e-07
62050.000000000095 1.304634904350968e-07
62100.000000000095 1.3810790626230372e-07
62150.000000000095 1.526278479253088e-07
62200.000000000095 1.2987980594457695e-07
62250.000000000095 1.3005503904397842e-07
62300.000000000095 2.0470365728008572e-07
62350.000000000095 1.5537269259734954e-07
62400.000000000095 8.149966309921942e-08
62450.000000000095 1.1571142241272454e-07
62500.000000000095 1.8034618387657467e-07
62550.000000000095 1.7181149581024787e-07
62600.000000000095 1.9047344276211718e-07
62650.000000000095 1.3598210064900712e-07
62700.000000000095 1.514988707980742e-07
62750.000000000095 1.9528847545494558e-07
62800.000000000095 1.0525916963364575e-07
62850.000000000095 1.6004362887349084e-07
62900.000000000095 1.1396091601336165e-07
62950.000000000095 1.710015408475667e-07
63000.000000000095 1.5188569331367307e-07
63050.000000000095 2.250396600496254e-07
63100.000000000095 1.9354511011974013e-07
63150.000000000095 1.3557587121805392e-07
63200.000000000095 1.7865345912141093e-07
63250.000000000095 1.407326080750234e-07
63300.000000000095 1.6893133352637431e-07
63350.000000000095 1.5430085561152208e-07
63400.000000000095 7.928319235413694e-08
63450.000000000095 6.022788486952439e-08
63500.000000000095 1.3917045342992314e-07
63550.000000000095 1.3275850488130856e-07
63600.000000000095 1.6687331395260553e-07
63650.000000000095 1.1000801998777364e-07
63700.000000000095 6.386133454595761e-08
63750.000000000095 1.054245735055823e-07
63800.000000000095 1.4763721520176383e-07
63850.000000000095 1.2655568105737795e-07
63900.000000000095 7.294413040466483e-08
63950.000000000095 1.2998607391587683e-07
64000.000000000095 1.406389580860824e-07
64050.000000000095 8.414924186614844e-08
64100.000000000095 2.9531538060646624e-08
64150.000000000095 4.3575101140055773e-08
64200.000000000095 5.167397837559937e-08
64250.000000000095 9.58410712871789e-08
64300.000000000095 7.125234534404606e-08
64350.000000000095 6.228546055677768e-08
64400.000000000095 1.1233758787540124e-07
64450.000000000095 1.2425970894741292e-07
64500.000000000095 5.931440733427176e-08
64550.000000000095 9.984351143732842e-08
64600.000000000095 5.301240901818314e-08
64650.000000000095 8.874285296867851e-08
64700.000000000095 4.5514334673544745e-08
64750.000000000095 6.26741115138961e-08
64800.000000000095 5.827112422130516e-08
64850.000000000095 4.7887974243670564e-08
64900.000000000095 5.503578243224117e-08
64950.000000000095 4.9161981667438356e-08
65000.000000000095 6.394916909477374e-08
65050.000000000095 7.620878848292856e-08
65100.000000000095 9.602174819228986e-08
65150.000000000095 5.377707963662438e-08
65200.000000000095 4.067624864640877e-08
65250.000000000095 8.822745952246505e-08
65300.000000000095 6.217767000166676e-08
65350.000000000095 1.436284015214743e-07
65400.000000000095 6.833176446487774e-08
65450.000000000095 7.166138403106514e-08
65500.000000000095 8.73885917014711e-08
65550.00000000009 4.9848134751287725e-08
65600.00000000009 7.263700852233692e-08
65650.00000000009 6.938882400830473e-08
65700.00000000009 6.475481349806966e-08
65750.00000000009 4.78321553954508e-08
65800.00000000009 7.418061110562186e-08
65850.00000000009 9.16212371930383e-08
65900.00000000009 4.6224041510614695e-08
65950.00000000009 4.6512757312782784e-08
66000.00000000009 6.568975422900294e-08
66050.00000000009 1.2590964656128327e-07
66100.00000000009 7.424095443870468e-08
66150.00000000009 5.357114580236692e-08
66200.00000000009 5.449367484796077e-08
66250.00000000009 5.0406837720147194e-08
66300.00000000009 2.3867951286127885e-08
66350.00000000009 3.177839238693913e-08
66400.00000000009 4.704289290060864e-08
66450.00000000009 8.870919179641836e-08
66500.00000000009 1.1781454008963795e-07
66550.00000000009 1.2250975518078022e-07
66600.00000000009 8.902317034527371e-08
66650.00000000009 7.717061602038466e-08
66700.00000000009 6.666524208117064e-08
66750.00000000009 5.964795279710278e-08
66800.00000000009 8.152633286487036e-08
66850.00000000009 5.3740216352965544e-08
66900.00000000009 1.0532986511541146e-07
66950.00000000009 1.2452148612478066e-07
67000.00000000009 1.0962176384454279e-07
67050.00000000009 7.808755607256356e-08
67100.00000000009 5.489996374844118e-08
67150.00000000009 6.323060589476148e-08
67200.00000000009 7.989896600020306e-08
67250.00000000009 8.004117028028062e-08
67300.00000000009 9.345012465036696e-08
67350.00000000009 5.741347416683736e-08
67400.00000000009 1.3333548368037376e-07
67450.00000000009 9.63076430850421e-08
67500.00000000009 8.057446679012743e-08
67550.00000000009 1.0849135400059318e-07
67600.00000000009 1.7477789797059875e-07
67650.00000000009 1.31197547891261e-07
67700.00000000009 9.14916006920078e-08
67750.00000000009 7.493180709398238e-08
67800.00000000009 1.0695981550995661e-07
67850.00000000009 5.6090093761256734e-08
67900.00000000009 7.388782037060488e-08
67950.00000000009 5.006469233975972e-08
68000.00000000009 7.84641413820867e-08
