galfind/configs/Brown_Dwarf_templates/sonora_cholla/logkzz7/31g/900K_31g_logkzz7_resample.dat
# %ECSV 1.0
# ---
# datatype:
# - {name: wav, unit: Angstrom, datatype: float64}
# - {name: flux_nu, unit: erg / (cm2 Hz s), datatype: float64}
# schema: astropy-2.0
wav flux_nu
10000.000000000093 nan
10050.000000000093 8.641455035338379e-08
10100.000000000093 1.0599719164451946e-07
10150.000000000093 1.1756601451789801e-07
10200.000000000093 1.3620149314066986e-07
10250.000000000093 1.5256139735074956e-07
10300.000000000093 1.6407633244364384e-07
10350.000000000093 1.9123395644264955e-07
10400.000000000093 2.1408804085558712e-07
10450.000000000093 2.1886369067588698e-07
10500.000000000093 2.1574131954164162e-07
10550.000000000093 2.1988862056507637e-07
10600.000000000093 2.2491297183822936e-07
10650.000000000093 2.417589849416907e-07
10700.000000000093 2.50221663720366e-07
10750.000000000093 2.6049760240278393e-07
10800.000000000093 2.5736018753379965e-07
10850.000000000093 2.5539887225843484e-07
10900.000000000093 1.7464951404273493e-07
10950.000000000093 8.630320858312874e-08
11000.000000000093 6.892687631811113e-08
11050.000000000093 5.2250629838398095e-08
11100.000000000093 4.098455310120297e-08
11150.000000000093 2.802159081490638e-08
11200.000000000093 2.6597033176125957e-08
11250.000000000093 3.3194815665537356e-08
11300.000000000093 3.303668719658973e-08
11350.000000000093 1.5676912115088935e-08
11400.000000000093 3.377436626929353e-08
11450.000000000093 2.461744194485048e-08
11500.000000000093 2.832788623824723e-08
11550.000000000093 1.780432453290217e-08
11600.000000000093 1.919990443501386e-08
11650.000000000093 2.3898754469554315e-08
11700.000000000093 2.7885318842151036e-08
11750.000000000093 1.8580664399930644e-08
11800.000000000093 3.441348896903921e-08
11850.000000000093 4.897822492457118e-08
11900.000000000093 5.3162712247474895e-08
11950.000000000093 7.763804888146167e-08
12000.000000000093 9.22277665144886e-08
12050.000000000093 1.1342227890976417e-07
12100.000000000093 1.3413308889462945e-07
12150.000000000093 1.4862147365949116e-07
12200.000000000093 1.7735815715025788e-07
12250.000000000093 2.0477412739797045e-07
12300.000000000093 2.2840665551730839e-07
12350.000000000093 2.474288485686377e-07
12400.000000000093 2.803517059122226e-07
12450.000000000093 3.294821957731967e-07
12500.000000000093 3.551480025821577e-07
12550.000000000093 3.7759303632720034e-07
12600.000000000093 3.6997334760503245e-07
12650.000000000093 3.6611702548071556e-07
12700.000000000093 3.7096554711062995e-07
12750.000000000093 3.4800626284365815e-07
12800.000000000093 3.458471141011072e-07
12850.000000000093 2.9595895971528777e-07
12900.000000000093 2.575499897479178e-07
12950.000000000093 2.642716221130597e-07
13000.000000000093 2.540800538873453e-07
13050.000000000093 2.3536176509886535e-07
13100.000000000093 2.102177764843021e-07
13150.000000000093 1.6904571939521412e-07
13200.000000000093 1.5913646379408088e-07
13250.000000000093 1.1935838452420941e-07
13300.000000000093 6.095246937963969e-08
13350.000000000093 2.016323259459417e-08
13400.000000000093 1.0570382288039692e-08
13450.000000000093 5.456626636912798e-09
13500.000000000093 3.037733887835965e-09
13550.000000000093 2.3520026737022965e-09
13600.000000000093 1.2634213135368798e-09
13650.000000000093 3.71379201934652e-09
13700.000000000093 2.8091516586669214e-09
13750.000000000093 3.5431220081357555e-09
13800.000000000093 4.689512914751121e-09
13850.000000000093 3.441858597192026e-09
13900.000000000093 3.6692411607297704e-09
13950.000000000093 3.2247842621097432e-09
14000.000000000093 3.058869809708709e-09
14050.000000000093 3.937307286114339e-09
14100.000000000093 3.0807883779617938e-09
14150.000000000093 4.4795403419526255e-09
14200.000000000093 3.284338621612405e-09
14250.000000000093 3.534808515693932e-09
14300.000000000093 6.033348007175632e-09
14350.000000000093 5.430741833979541e-09
14400.000000000093 6.741299523336415e-09
14450.000000000093 7.310110755550052e-09
14500.000000000093 1.3927943666915404e-08
14550.000000000093 1.4072725075406979e-08
14600.000000000093 1.8659814385651226e-08
14650.000000000093 2.0441621811689168e-08
14700.000000000093 1.3234881435122459e-08
14750.000000000093 1.9115510467615652e-08
14800.000000000093 2.4552336817850785e-08
14850.000000000093 2.4916997715567015e-08
14900.000000000093 2.7908413382235053e-08
14950.000000000093 3.2600505970326335e-08
15000.000000000093 3.536004455904494e-08
15050.000000000093 4.333919605617466e-08
15100.000000000093 4.998952600838896e-08
15150.000000000093 5.35468802137122e-08
15200.000000000093 4.774985778613071e-08
15250.000000000093 6.196728620776031e-08
15300.000000000093 7.363880212573759e-08
15350.000000000093 8.973265778253074e-08
15400.000000000093 9.935852697424794e-08
15450.000000000093 1.1287895446192696e-07
15500.000000000093 1.204571570674389e-07
15550.000000000093 1.4229161091360775e-07
15600.000000000093 1.408806846452003e-07
15650.000000000093 1.524920892833638e-07
15700.000000000093 1.8442804086010635e-07
15750.000000000093 2.02152734594546e-07
15800.000000000093 1.8759848652423814e-07
15850.000000000093 2.0768750225220982e-07
15900.000000000093 2.0503532354296608e-07
15950.000000000093 2.0425538083194044e-07
16000.000000000093 1.949108688718123e-07
16050.000000000093 1.7090995930953006e-07
16100.000000000093 1.5340309185900854e-07
16150.000000000093 1.1238629735577045e-07
16200.000000000093 8.725516778393298e-08
16250.000000000093 8.986874953158608e-08
16300.000000000093 7.690374624173388e-08
16350.000000000093 8.170106640783693e-08
16400.000000000095 9.102372325659195e-08
16450.000000000095 9.904040347920146e-08
16500.000000000095 1.0268791957292984e-07
16550.000000000095 9.649742511129218e-08
16600.000000000095 9.478126804742135e-08
16650.000000000095 7.572435779856765e-08
16700.000000000095 4.069454181377906e-08
16750.000000000095 5.41396047772422e-08
16800.000000000095 7.744384125757843e-08
16850.000000000095 7.604937681043272e-08
16900.000000000095 6.588018488056169e-08
16950.000000000095 6.010303698695399e-08
17000.000000000095 5.1322206676345856e-08
17050.000000000095 6.254675878506622e-08
17100.000000000095 6.873138183189639e-08
17150.000000000095 5.47160447364994e-08
17200.000000000095 7.091671513456225e-08
17250.000000000095 5.8589655305792046e-08
17300.000000000095 4.935530493977247e-08
17350.000000000095 5.01299000358445e-08
17400.000000000095 4.8618329316245476e-08
17450.000000000095 5.113496597273997e-08
17500.000000000095 5.650228200546314e-08
17550.000000000095 4.669542779378051e-08
17600.000000000095 4.151723056848084e-08
17650.000000000095 4.050994734934406e-08
17700.000000000095 2.8477810953735207e-08
17750.000000000095 2.525052062838266e-08
17800.000000000095 3.3441687021184696e-08
17850.000000000095 2.11283401200971e-08
17900.000000000095 2.4655831155698928e-08
17950.000000000095 1.6791494751213573e-08
18000.000000000095 1.9326586373760774e-08
18050.000000000095 1.7901723973737447e-08
18100.000000000095 1.4692158192929296e-08
18150.000000000095 2.2625386138751884e-08
18200.000000000095 1.2794434689691619e-08
18250.000000000095 2.871735612627947e-08
18300.000000000095 1.6423416003276626e-08
18350.000000000095 1.421153144994319e-08
18400.000000000095 1.2119304230533544e-08
18450.000000000095 1.5972594306690258e-08
18500.000000000095 1.832873849746485e-08
18550.000000000095 1.35135987858257e-08
18600.000000000095 1.180308632374831e-08
18650.000000000095 1.0053828520326159e-08
18700.000000000095 9.250427023736041e-09
18750.000000000095 1.166237991864994e-08
18800.000000000095 2.4159070283600015e-08
18850.000000000095 2.6792685614592538e-08
18900.000000000095 2.482247942481083e-08
18950.000000000095 3.751205711550989e-08
19000.000000000095 2.4128431044750615e-08
19050.000000000095 1.8224880421019342e-08
19100.000000000095 3.312612064079996e-08
19150.000000000095 2.4116091501412358e-08
19200.000000000095 2.8213900133886135e-08
19250.000000000095 2.4758199117216856e-08
19300.000000000095 2.03254874571964e-08
19350.000000000095 1.976501597601053e-08
19400.000000000095 1.2501172964399001e-08
19450.000000000095 2.3541944283107245e-08
19500.000000000095 2.0782497001696025e-08
19550.000000000095 1.7177913413485723e-08
19600.000000000095 2.462046711568291e-08
19650.000000000095 2.6423262565114633e-08
19700.000000000095 2.8107979995304462e-08
19750.000000000095 3.009557284075643e-08
19800.000000000095 3.477780972331535e-08
19850.000000000095 4.174508756019499e-08
19900.000000000095 3.083110330641659e-08
19950.000000000095 4.795659408858396e-08
20000.000000000095 4.846896312665996e-08
20050.000000000095 4.974592995390638e-08
20100.000000000095 5.564396128039714e-08
20150.000000000095 5.071617480400888e-08
20200.000000000095 6.136111027548753e-08
20250.000000000095 7.078499297245173e-08
20300.000000000095 6.232321190402085e-08
20350.000000000095 7.205664701595742e-08
20400.000000000095 7.061674854788708e-08
20450.000000000095 8.648054951180614e-08
20500.000000000095 8.724343870279607e-08
20550.000000000095 8.359567540672732e-08
20600.000000000095 9.752406098132126e-08
20650.000000000095 9.077897232102263e-08
20700.000000000095 9.270509304699364e-08
20750.000000000095 1.0336039310223724e-07
20800.000000000095 9.983255482445325e-08
20850.000000000095 1.0058743880110744e-07
20900.000000000095 1.0546828061532409e-07
20950.000000000095 9.740955796811766e-08
21000.000000000095 1.0473055742305587e-07
21050.000000000095 9.890959910359273e-08
21100.000000000095 9.862420855259828e-08
21150.000000000095 9.817279623657237e-08
21200.000000000095 9.389462685826347e-08
21250.000000000095 9.642027856655226e-08
21300.000000000095 8.63450381271051e-08
21350.000000000095 9.051276352958726e-08
21400.000000000095 8.188543789571756e-08
21450.000000000095 7.900631053505466e-08
21500.000000000095 8.125276967988938e-08
21550.000000000095 7.585021156016383e-08
21600.000000000095 7.341617703720033e-08
21650.000000000095 6.467022070169268e-08
21700.000000000095 7.050880322614215e-08
21750.000000000095 6.556389780017765e-08
21800.000000000095 5.995211825544774e-08
21850.000000000095 5.385522205428677e-08
21900.000000000095 5.0919079944074286e-08
21950.000000000095 2.8609402865668037e-08
22000.000000000095 1.8866252966166367e-08
22050.000000000095 1.4789843763419263e-08
22100.000000000095 2.3390200757430702e-08
22150.000000000095 2.8259221453083994e-08
22200.000000000095 2.6481409585791858e-08
22250.000000000095 2.433312565978157e-08
22300.000000000095 2.3039569577772577e-08
22350.000000000095 2.1848498048611348e-08
22400.000000000095 1.795906677016977e-08
22450.000000000095 1.6115771872706853e-08
22500.000000000095 1.764075136354541e-08
22550.000000000095 1.014478369965397e-08
22600.000000000095 1.3688801883728968e-08
22650.000000000095 1.4641429834872058e-08
22700.000000000095 1.2772456658788831e-08
22750.000000000095 1.3970081612731724e-08
22800.000000000095 1.2333328766190732e-08
22850.000000000095 1.1103178695078041e-08
22900.000000000095 9.291581231373194e-09
22950.000000000095 9.633882140352963e-09
23000.000000000095 7.265316840516374e-09
23050.000000000095 1.0121945076066904e-08
23100.000000000095 1.5267137855060432e-08
23150.000000000095 1.4491588580564628e-08
23200.000000000095 6.2551935595568354e-09
23250.000000000095 6.3517908766516095e-09
23300.000000000095 6.7670663190675925e-09
23350.000000000095 5.626600799078706e-09
23400.000000000095 8.828944865505237e-09
23450.000000000095 7.93086473367929e-09
23500.000000000095 7.474031550481555e-09
23550.000000000095 1.0639380157040149e-08
23600.000000000095 1.0559451814689016e-08
23650.000000000095 1.355393718764796e-08
23700.000000000095 7.52877933175922e-09
23750.000000000095 6.335498216118347e-09
23800.000000000095 9.220144623148782e-09
23850.000000000095 8.77978330277404e-09
23900.000000000095 1.4444372600208997e-08
23950.000000000095 1.4537924166429409e-08
24000.000000000095 1.9272792845709217e-08
24050.000000000095 2.1651669828607682e-08
24100.000000000095 1.718341030640729e-08
24150.000000000095 1.780718906578182e-08
24200.000000000095 1.941315352246995e-08
24250.000000000095 1.7147087910921654e-08
24300.000000000095 1.988438600214881e-08
24350.000000000095 1.7297730850076152e-08
24400.000000000095 2.8505844100282885e-08
24450.000000000095 2.2520649479481123e-08
24500.000000000095 2.593474857988091e-08
24550.000000000095 2.5459499352018462e-08
24600.000000000095 3.0013061110640716e-08
24650.000000000095 3.2436295421078605e-08
24700.000000000095 2.4770242076531307e-08
24750.000000000095 2.3317718491331252e-08
24800.000000000095 2.4314371182502342e-08
24850.000000000095 3.464524795499058e-08
24900.000000000095 1.698844324342821e-08
24950.000000000095 2.9266253958894282e-08
25000.000000000095 2.7872669213982328e-08
25050.000000000095 1.9236048045907515e-08
25100.000000000095 2.4977058433530214e-08
25150.000000000095 1.5015442371533083e-08
25200.000000000095 2.0899104008002407e-08
25250.000000000095 1.1811795617404771e-08
25300.000000000095 1.845800228695862e-08
25350.000000000095 8.496384111052844e-09
25400.000000000095 1.8002326045483045e-08
25450.000000000095 1.0596651506734619e-08
25500.000000000095 1.0134245006290449e-08
25550.000000000095 1.4063655049464645e-08
25600.000000000095 9.328885945430771e-09
25650.000000000095 6.95347449649072e-09
25700.000000000095 1.3667406631179681e-08
25750.000000000095 5.951120870091081e-09
25800.000000000095 1.491302133487009e-08
25850.000000000095 5.874119425477486e-09
25900.000000000095 8.693369477383955e-09
25950.000000000095 4.523488355928093e-09
26000.000000000095 1.4665305497082043e-08
26050.000000000095 7.4224235133819025e-09
26100.000000000095 1.4915092355497466e-08
26150.000000000095 1.1116271723008883e-08
26200.000000000095 1.340959886496231e-08
26250.000000000095 2.1744752719252416e-08
26300.000000000095 1.230189502042641e-08
26350.000000000095 2.618032022971964e-08
26400.000000000095 3.287879184195477e-08
26450.000000000095 2.706696593706031e-08
26500.000000000095 2.5080937104263563e-08
26550.000000000095 1.6472945267661568e-08
26600.000000000095 2.0150381939340124e-08
26650.000000000095 7.796912630753864e-09
26700.000000000095 4.8498122428730095e-09
26750.000000000095 4.640103095504375e-09
26800.000000000095 7.4024391268486706e-09
26850.000000000095 4.828799449086587e-09
26900.000000000095 1.2565370835273027e-08
26950.000000000095 5.5705374173015046e-09
27000.000000000095 1.760453108254628e-08
27050.000000000095 1.542206547905723e-08
27100.000000000095 8.611273385939911e-09
27150.000000000095 2.218176004894111e-08
27200.000000000095 8.52285127935448e-09
27250.000000000095 1.2575473071154072e-08
27300.000000000095 3.6750454562911264e-08
27350.000000000095 2.3303083248809122e-08
27400.000000000095 4.4290364358056174e-09
27450.000000000095 2.868339855859849e-08
27500.000000000095 3.026172740130771e-08
27550.000000000095 1.2020703607828616e-08
27600.000000000095 2.33683941786851e-08
27650.000000000095 9.720377759802521e-09
27700.000000000095 7.184141173806065e-09
27750.000000000095 2.3335770344072923e-08
27800.000000000095 1.0653768723882769e-08
27850.000000000095 1.2559334222072837e-08
27900.000000000095 1.626130557442286e-08
27950.000000000095 2.1805710424196096e-08
28000.000000000095 2.2351546105459352e-08
28050.000000000095 7.930268385953522e-09
28100.000000000095 2.987968186632336e-08
28150.000000000095 2.0343417791495643e-08
28200.000000000095 7.257469228841005e-09
28250.000000000095 3.028806260117148e-08
28300.000000000095 4.36650236219103e-08
28350.000000000095 1.0229098790851882e-08
28400.000000000095 2.6074395271293055e-08
28450.000000000095 3.2605089607264375e-08
28500.000000000095 2.4690039541671072e-08
28550.000000000095 8.465794251141143e-09
28600.000000000095 3.148894131184533e-08
28650.000000000095 3.1827521584397334e-08
28700.000000000095 2.6596241969957693e-08
28750.000000000095 4.161924764818136e-08
28800.000000000095 3.333651279214496e-08
28850.000000000095 4.626274411514138e-08
28900.000000000095 1.9101207102110828e-08
28950.000000000095 5.03968803562392e-08
29000.000000000095 3.1472957042844623e-08
29050.000000000095 3.8516869373413086e-08
29100.000000000095 2.2931774029537327e-08
29150.000000000095 5.3280145038189904e-08
29200.000000000095 3.427628601112325e-08
29250.000000000095 5.11896937666431e-08
