galfind/configs/Brown_Dwarf_templates/sonora_cholla/logkzz7/31g/950K_31g_logkzz7_resample.dat
# %ECSV 1.0
# ---
# datatype:
# - {name: wav, unit: Angstrom, datatype: float64}
# - {name: flux_nu, unit: erg / (cm2 Hz s), datatype: float64}
# schema: astropy-2.0
wav flux_nu
[from data line 387]
29350.000000000095 1.1910763444358736e-07
29400.000000000095 5.921387769841283e-08
29450.000000000095 6.313690611420931e-08
29500.000000000095 6.831653799328112e-08
29550.000000000095 5.352794202797903e-08
29600.000000000095 8.203274339279132e-08
29650.000000000095 7.224622334395104e-08
29700.000000000095 5.661829686818164e-08
29750.000000000095 7.068793546746529e-08
29800.000000000095 9.073979314372607e-08
29850.000000000095 9.696254766610948e-08
29900.000000000095 8.805301548102739e-08
29950.000000000095 7.460903309137524e-08
30000.000000000095 7.286334040135952e-08
30050.000000000095 6.60777707913824e-08
30100.000000000095 8.163255533845627e-08
30150.000000000095 1.0025216653037316e-07
30200.000000000095 7.744747296426608e-08
30250.000000000095 1.2274911406862926e-07
30300.000000000095 1.0262797878151503e-07
30350.000000000095 8.144218370037959e-08
30400.000000000095 1.1810089268025848e-07
30450.000000000095 8.93598607463289e-08
30500.000000000095 8.418955058418966e-08
30550.000000000095 9.629360835890023e-08
30600.000000000095 1.1469617116200881e-07
30650.000000000095 1.098271625194071e-07
30700.000000000095 9.248115940307258e-08
30750.000000000095 9.27482055825279e-08
30800.000000000095 8.251633669880706e-08
30850.000000000095 9.04462006403012e-08
30900.000000000095 9.11760139477105e-08
30950.000000000095 5.300225206672368e-08
31000.000000000095 8.104912691251334e-08
31050.000000000095 7.762354778497561e-08
31100.000000000095 5.250824740027239e-08
31150.000000000095 6.866907216325508e-08
31200.000000000095 7.133546277343942e-08
31250.000000000095 5.946609178822175e-08
31300.000000000095 5.746478099124002e-08
31350.000000000095 5.417175357330793e-08
31400.000000000095 3.761896412641397e-08
31450.000000000095 5.514850472715447e-08
31500.000000000095 4.068094110780897e-08
31550.000000000095 5.3305317013914705e-08
31600.000000000095 3.539225227565116e-08
31650.000000000095 3.9185051217480225e-08
31700.000000000095 4.103123971990066e-08
31750.000000000095 3.112333164200193e-08
31800.000000000095 4.071990661766082e-08
31850.000000000095 3.444167730865382e-08
31900.000000000095 3.224060868633657e-08
31950.000000000095 3.245968377053046e-08
32000.000000000095 3.061358146926406e-08
32050.000000000095 2.5223566730061527e-08
32100.000000000095 2.40072820514397e-08
32150.000000000095 3.0918264056105455e-08
32200.000000000095 2.469898371494416e-08
32250.000000000095 3.445623163370668e-08
32300.000000000095 1.965948545638044e-08
32350.000000000095 4.511858863010756e-08
32400.000000000095 2.9655561011062264e-08
32450.000000000095 3.957300065087777e-08
32500.000000000095 3.0338946033809195e-08
32550.000000000095 4.118831324537721e-08
32600.000000000095 4.3059542911250356e-08
32650.000000000095 5.5096311431898284e-08
32700.000000000095 4.119106283639701e-08
32750.000000000095 6.487715503261034e-08
32800.000000000095 4.208928973977623e-08
32850.000000000095 6.444587370607958e-08
32900.000000000095 7.195882742350563e-08
32950.000000000095 6.908621599338699e-08
33000.000000000095 5.878580162585232e-08
33050.000000000095 6.19311187071055e-08
33100.000000000095 3.068573194586065e-08
33150.000000000095 6.359858523647865e-09
33200.000000000095 7.558841749295803e-09
33250.000000000095 3.953166387499033e-09
33300.000000000095 4.58317737206854e-09
33350.000000000095 1.0267615429108192e-08
33400.000000000095 1.5899075039186397e-08
33450.000000000095 2.1232009404312636e-08
33500.000000000095 2.981009130802713e-08
33550.000000000095 2.8396541513678434e-08
33600.000000000095 4.379399279781499e-08
33650.000000000095 4.3136237556581534e-08
33700.000000000095 3.900018292850901e-08
33750.000000000095 5.3680424866847335e-08
33800.000000000095 3.915779477952064e-08
33850.000000000095 5.3189907459837116e-08
33900.000000000095 4.765287339754586e-08
33950.000000000095 5.2305410168847424e-08
34000.000000000095 5.575191753245711e-08
34050.000000000095 2.7164550053082292e-08
34100.000000000095 5.4052449124845186e-08
34150.000000000095 4.07675065184168e-08
34200.000000000095 5.2693770096716255e-08
34250.000000000095 4.2237543976564866e-08
34300.000000000095 3.4039205649767246e-08
34350.000000000095 4.5133453441149886e-08
34400.000000000095 4.0831957331889135e-08
34450.000000000095 5.793218027000477e-08
34500.000000000095 4.723665204664731e-08
34550.000000000095 3.216187403089723e-08
34600.000000000095 5.943322843967091e-08
34650.000000000095 3.728276797721304e-08
34700.000000000095 4.2478669268736704e-08
34750.000000000095 3.990918403855619e-08
34800.000000000095 2.9094238931325106e-08
34850.000000000095 4.684018565967737e-08
34900.000000000095 5.4555886174989886e-08
34950.000000000095 4.4560557943701726e-08
35000.000000000095 6.145690610067097e-08
35050.000000000095 4.908814779811537e-08
35100.000000000095 6.312327481685116e-08
35150.000000000095 6.048159807859326e-08
35200.000000000095 8.400219217313184e-08
35250.000000000095 8.124957574846087e-08
35300.000000000095 5.553936588557656e-08
35350.000000000095 8.197914039773794e-08
35400.000000000095 7.6327909091581e-08
35450.000000000095 6.49333221794696e-08
35500.000000000095 1.1295805335249937e-07
35550.000000000095 9.499477782115827e-08
35600.000000000095 9.731928729833216e-08
35650.000000000095 9.662463013874207e-08
35700.000000000095 6.782749843314112e-08
35750.000000000095 1.1887835276426022e-07
35800.000000000095 1.0841535224252417e-07
35850.000000000095 7.543835583192448e-08
35900.000000000095 1.2087436922009875e-07
35950.000000000095 1.1498907441064687e-07
36000.000000000095 8.340015619512055e-08
36050.000000000095 1.1875468524311335e-07
36100.000000000095 1.1239116879060241e-07
36150.000000000095 1.2334585783707825e-07
36200.000000000095 1.2236011658296817e-07
36250.000000000095 1.2886045470913022e-07
36300.000000000095 1.4302941321492677e-07
36350.000000000095 1.5274283974289494e-07
36400.000000000095 1.8161560163637213e-07
36450.000000000095 1.7659945368291143e-07
36500.000000000095 1.776099346654773e-07
36550.000000000095 1.791654205559227e-07
36600.000000000095 2.1121978198344936e-07
36650.000000000095 2.207490216053229e-07
36700.000000000095 2.3737924163270148e-07
36750.000000000095 2.55972976182257e-07
36800.000000000095 2.3136568720054716e-07
36850.000000000095 2.1904442037130677e-07
36900.000000000095 2.2864202979858406e-07
36950.000000000095 2.540432058546456e-07
37000.000000000095 2.3555390627374265e-07
37050.000000000095 2.578917243948582e-07
37100.000000000095 2.746559162077287e-07
37150.000000000095 2.82461234653923e-07
37200.000000000095 2.842149884887319e-07
37250.000000000095 2.477611343306923e-07
37300.000000000095 2.593188840046255e-07
37350.000000000095 2.7547869625185975e-07
37400.000000000095 3.316103235684093e-07
37450.000000000095 3.0507854469096436e-07
37500.000000000095 2.6346226050226227e-07
37550.000000000095 3.544213652109127e-07
37600.000000000095 3.774312650138561e-07
37650.000000000095 3.0157023158237397e-07
37700.000000000095 3.374951667419485e-07
37750.000000000095 2.7849075381416143e-07
37800.000000000095 3.204678257245719e-07
37850.000000000095 2.77039234748865e-07
37900.000000000095 3.209265520330343e-07
37950.000000000095 3.642330664231122e-07
38000.000000000095 4.108906828579339e-07
38050.000000000095 3.614754265609445e-07
38100.000000000095 3.863088622247561e-07
38150.000000000095 3.9543558848122455e-07
38200.000000000095 4.314226950527308e-07
38250.000000000095 3.9424655833110294e-07
38300.000000000095 4.535366494476669e-07
38350.000000000095 4.7609302946744016e-07
38400.000000000095 3.5667854084474833e-07
38450.000000000095 4.0883151599195296e-07
38500.000000000095 3.4856430381069093e-07
38550.000000000095 4.0125142188583695e-07
38600.000000000095 4.217384751900891e-07
38650.000000000095 4.990478793782386e-07
38700.000000000095 4.751999210584236e-07
38750.000000000095 4.647557947192924e-07
38800.000000000095 4.338559035241506e-07
38850.000000000095 5.019942821755572e-07
38900.000000000095 4.921927745543919e-07
38950.000000000095 4.7415445499686165e-07
39000.000000000095 5.420134695900403e-07
39050.000000000095 4.968060814395383e-07
39100.000000000095 4.77858331201589e-07
39150.000000000095 4.955820317548489e-07
39200.000000000095 4.6923754305793077e-07
39250.000000000095 5.518169256562122e-07
39300.000000000095 5.303274404715832e-07
39350.000000000095 6.016994318836931e-07
39400.000000000095 5.972002262097597e-07
39450.000000000095 5.988625274100174e-07
39500.000000000095 5.005841063019413e-07
39550.000000000095 5.459000509082587e-07
39600.000000000095 5.705376180392332e-07
39650.000000000095 6.376410235444183e-07
39700.000000000095 5.590389490366137e-07
39750.000000000095 4.871603312148578e-07
39800.000000000095 5.874789911170066e-07
39850.000000000095 5.938697364910824e-07
39900.000000000095 5.921786950552892e-07
39950.000000000095 5.888888866429838e-07
40000.000000000095 5.957680567502837e-07
40050.000000000095 6.351727449716162e-07
40100.000000000095 5.76965601340703e-07
40150.000000000095 7.005514644509653e-07
40200.000000000095 7.101207747242e-07
40250.000000000095 5.772265662016612e-07
40300.000000000095 6.358881970940376e-07
40350.000000000095 5.914333770378723e-07
40400.000000000095 6.584734808534538e-07
40450.000000000095 6.236250063712791e-07
40500.000000000095 5.824794908362951e-07
40550.000000000095 6.519148328271763e-07
40600.000000000095 5.621274109410517e-07
40650.000000000095 6.910097189497996e-07
40700.000000000095 7.717458047238422e-07
40750.000000000095 6.494068387784544e-07
40800.000000000095 5.582860903977088e-07
40850.000000000095 6.636802164894596e-07
40900.000000000095 5.808392237324581e-07
40950.000000000095 5.995154573210379e-07
41000.000000000095 6.316106849542884e-07
41050.000000000095 6.819763446592454e-07
41100.000000000095 5.721375984382263e-07
41150.000000000095 5.347663982743359e-07
41200.000000000095 6.543551691162991e-07
41250.000000000095 6.545704157264778e-07
41300.000000000095 4.892194898177237e-07
41350.000000000095 6.833990708085974e-07
41400.000000000095 6.293370951305901e-07
41450.000000000095 6.457471051448319e-07
41500.000000000095 6.201444855377977e-07
41550.000000000095 5.601040707038657e-07
41600.000000000095 6.178276538482213e-07
41650.000000000095 5.60373563169947e-07
41700.000000000095 5.441845060534516e-07
41750.000000000095 4.425377624298966e-07
41800.000000000095 6.006382256357434e-07
41850.000000000095 3.2139077715383977e-07
41900.000000000095 4.774609389987944e-07
41950.000000000095 4.508760515490905e-07
42000.000000000095 4.4782214147384223e-07
42050.000000000095 3.4481247014404826e-07
42100.000000000095 3.660640919408443e-07
42150.000000000095 2.6924802303264024e-07
42200.000000000095 3.355774631323866e-07
42250.000000000095 2.7199419673275805e-07
42300.000000000095 2.9322100196157314e-07
42350.000000000095 2.917987651260434e-07
42400.000000000095 2.3691056206883842e-07
42450.000000000095 1.8492391367728585e-07
42500.000000000095 2.4174382220799104e-07
42550.000000000095 2.5107641531394965e-07
42600.000000000095 2.8487177404179294e-07
42650.000000000095 3.0329451380933206e-07
42700.000000000095 2.621020623295729e-07
42750.000000000095 2.695503225996699e-07
42800.000000000095 2.2501084910211354e-07
42850.000000000095 2.700960876275029e-07
42900.000000000095 2.67238759360984e-07
42950.000000000095 2.353966430138982e-07
43000.000000000095 2.7950033867220587e-07
43050.000000000095 1.9211976621268058e-07
43100.000000000095 2.760970698739556e-07
43150.000000000095 2.8588653182777813e-07
43200.000000000095 2.8581065585183926e-07
43250.000000000095 2.1799689684634903e-07
43300.000000000095 3.2630795726276155e-07
43350.000000000095 2.520300927509184e-07
43400.000000000095 3.246713234071078e-07
43450.000000000095 2.0609734350271543e-07
43500.000000000095 2.0837382872321904e-07
43550.000000000095 2.0766428890068268e-07
43600.000000000095 2.9459074500312565e-07
43650.000000000095 1.8394455859775794e-07
43700.000000000095 2.887928162455933e-07
43750.000000000095 2.693199642886217e-07
43800.000000000095 2.1954154586318074e-07
43850.000000000095 2.67482630598324e-07
43900.000000000095 1.6448806222787777e-07
43950.000000000095 2.1173794055230527e-07
44000.000000000095 1.4712488113594072e-07
44050.000000000095 2.0577637003050732e-07
44100.000000000095 2.068728771211676e-07
44150.000000000095 2.16673398888142e-07
44200.000000000095 1.7892866026407249e-07
44250.000000000095 1.6840891165803333e-07
44300.000000000095 1.5019099695716431e-07
44350.000000000095 1.2438079731937122e-07
44400.000000000095 1.3578190019603302e-07
44450.000000000095 1.31234957797694e-07
44500.000000000095 1.0028542344613727e-07
44550.000000000095 1.1366467118758706e-07
44600.000000000095 9.231477363730543e-08
44650.000000000095 1.0516235564213322e-07
44700.000000000095 9.812815972945755e-08
44750.000000000095 9.99908431149676e-08
44800.000000000095 9.214620964733858e-08
44850.000000000095 8.23681478799745e-08
44900.000000000095 6.792554316518895e-08
44950.000000000095 6.612333854266842e-08
45000.000000000095 6.578385925260518e-08
45050.000000000095 6.97139156482865e-08
45100.000000000095 6.298950465839831e-08
45150.000000000095 5.86556326262576e-08
45200.000000000095 4.686868239179182e-08
45250.000000000095 4.948652740793227e-08
45300.000000000095 5.70452951967088e-08
45350.000000000095 5.640717072803583e-08
45400.000000000095 4.162015727676868e-08
45450.000000000095 4.122228985934764e-08
45500.000000000095 4.3204598401557495e-08
45550.000000000095 5.3057129852966004e-08
45600.000000000095 3.972326226007656e-08
45650.000000000095 4.0377048568653756e-08
45700.000000000095 5.35286329525415e-08
45750.000000000095 4.403159147972369e-08
45800.000000000095 3.624262093507158e-08
45850.000000000095 5.4706983644563366e-08
45900.000000000095 5.277426029091808e-08
45950.000000000095 3.695861099089352e-08
46000.000000000095 5.0121392723787e-08
46050.000000000095 5.54727171691914e-08
46100.000000000095 3.767931193519866e-08
46150.000000000095 5.660092369140716e-08
46200.000000000095 5.487242959531821e-08
46250.000000000095 2.860793729079825e-08
46300.000000000095 6.276782290556892e-08
46350.000000000095 4.484355470658333e-08
46400.000000000095 5.4248097778772546e-08
46450.000000000095 7.500641730161227e-08
46500.000000000095 5.315856874819658e-08
46550.000000000095 8.253160494890656e-08
46600.000000000095 8.50785796488724e-08
46650.000000000095 1.3579716248711818e-07
46700.000000000095 9.810335536473747e-08
46750.000000000095 7.430378068444731e-08
46800.000000000095 6.151425845648076e-08
46850.000000000095 7.274706701020393e-08
46900.000000000095 6.287776354559992e-08
46950.000000000095 8.917321951527365e-08
47000.000000000095 4.7813188815160606e-08
47050.000000000095 9.292297044318094e-08
47100.000000000095 4.548319276981466e-08
47150.000000000095 5.672741958387044e-08
47200.000000000095 6.429992482480203e-08
47250.000000000095 4.686104900668548e-08
47300.000000000095 5.961574764718638e-08
47350.000000000095 4.1057459997637515e-08
47400.000000000095 7.518948246896342e-08
47450.000000000095 4.1070339780621496e-08
47500.000000000095 8.23461039030705e-08
47550.000000000095 4.3581275152149454e-08
47600.000000000095 7.936893623463737e-08
47650.000000000095 4.641814772219244e-08
47700.000000000095 7.393938515525903e-08
47750.000000000095 4.2388047135646775e-08
47800.000000000095 7.538940855612264e-08
47850.000000000095 3.967859936341646e-08
47900.000000000095 6.971591520063181e-08
47950.000000000095 5.0591280556426e-08
48000.000000000095 8.982701727357232e-08
48050.000000000095 5.94100525416521e-08
48100.000000000095 8.71503404596605e-08
48150.000000000095 5.9106688222552435e-08
48200.000000000095 8.928860210837782e-08
48250.000000000095 6.667745312638864e-08
48300.000000000095 1.0841597834481174e-07
48350.000000000095 6.153004097769021e-08
48400.000000000095 8.94481925781442e-08
48450.000000000095 5.6114670393857487e-08
48500.000000000095 1.0895606950633297e-07
48550.000000000095 5.446938664377558e-08
48600.000000000095 1.0365273522079511e-07
48650.000000000095 5.740711509283866e-08
