galfind/configs/Brown_Dwarf_templates/sonora_cholla/logkzz7/31g/950K_31g_logkzz7_resample.dat
# %ECSV 1.0
# ---
# datatype:
# - {name: wav, unit: Angstrom, datatype: float64}
# - {name: flux_nu, unit: erg / (cm2 Hz s), datatype: float64}
# schema: astropy-2.0
wav flux_nu
[from data line 775]
48750.000000000095 6.584762396043164e-08
48800.000000000095 1.059224801584936e-07
48850.000000000095 8.347844143377838e-08
48900.000000000095 1.1905489206926527e-07
48950.000000000095 1.0659849756656659e-07
49000.000000000095 8.978675903922057e-08
49050.000000000095 1.1356025922483619e-07
49100.000000000095 7.769582714479318e-08
49150.000000000095 1.37525202572334e-07
49200.000000000095 8.400684170475693e-08
49250.000000000095 1.4312061806346349e-07
49300.000000000095 1.0032046468985116e-07
49350.000000000095 1.1544536863259384e-07
49400.000000000095 1.420138782880267e-07
49450.000000000095 1.2032404279862862e-07
49500.000000000095 1.268335773402088e-07
49550.000000000095 7.805256321744618e-08
49600.000000000095 1.3406705872129575e-07
49650.000000000095 1.1434998672497857e-07
49700.000000000095 1.0467613403573305e-07
49750.000000000095 1.891848206999694e-07
49800.000000000095 1.0498712698502104e-07
49850.000000000095 2.1108962757570033e-07
49900.000000000095 1.41647531088373e-07
49950.000000000095 1.7868888651166315e-07
50000.000000000095 1.892065970075014e-07
50050.000000000095 1.665753895628364e-07
50100.000000000095 2.3524515548950332e-07
50150.000000000095 1.0166607033617182e-07
50200.000000000095 8.031098767629117e-08
50250.000000000095 1.8899083572683253e-07
50300.000000000095 1.315291069650507e-07
50350.000000000095 1.824362709790008e-07
50400.000000000095 1.6813625929848634e-07
50450.000000000095 1.799310481701545e-07
50500.000000000095 2.1745050918353216e-07
50550.000000000095 1.8166963045967509e-07
50600.000000000095 2.2256783126162718e-07
50650.000000000095 1.8940482718697993e-07
50700.000000000095 2.57399116720036e-07
50750.000000000095 2.617861290591669e-07
50800.000000000095 1.1753689562574991e-07
50850.000000000095 1.4159366201752176e-07
50900.000000000095 2.4408272313511454e-07
50950.000000000095 2.68880865826977e-07
51000.000000000095 2.262267636843904e-07
51050.000000000095 2.080727073581983e-07
51100.000000000095 1.3009367139392286e-07
51150.000000000095 1.738258281318802e-07
51200.000000000095 2.593678869467775e-07
51250.000000000095 2.532585844262652e-07
51300.000000000095 1.5394835425706675e-07
51350.000000000095 2.093191160869635e-07
51400.000000000095 1.583781343688638e-07
51450.000000000095 1.341695323671631e-07
51500.000000000095 1.173666099865784e-07
51550.000000000095 2.3375830296946667e-07
51600.000000000095 1.5756413210961172e-07
51650.000000000095 2.3295336158334224e-07
51700.000000000095 2.3518333936612378e-07
51750.000000000095 1.5595038473283674e-07
51800.000000000095 3.1210546918978317e-07
51850.000000000095 2.304099865816438e-07
51900.000000000095 2.98489586971758e-07
51950.000000000095 2.47872970890408e-07
52000.000000000095 8.180780074439434e-08
52050.000000000095 1.575209885749623e-07
52100.000000000095 1.4589444546901694e-07
52150.000000000095 1.1593397782034837e-07
52200.000000000095 1.388335304972864e-07
52250.000000000095 1.681565029060026e-07
52300.000000000095 2.706224022105318e-07
52350.000000000095 1.879679806934721e-07
52400.000000000095 1.4457173689795734e-07
52450.000000000095 2.487272612533344e-07
52500.000000000095 2.2685244184684635e-07
52550.000000000095 2.3524573743681353e-07
52600.000000000095 1.7419225556783982e-07
52650.000000000095 2.32567053322008e-07
52700.000000000095 1.749852047778788e-07
52750.000000000095 1.34878890771727e-07
52800.000000000095 1.441890296921931e-07
52850.000000000095 1.7850539343703053e-07
52900.000000000095 1.3020565388803155e-07
52950.000000000095 1.3457888313699646e-07
53000.000000000095 2.8888978454168344e-07
53050.000000000095 1.1758329037525916e-07
53100.000000000095 2.6369881714046375e-07
53150.000000000095 2.8651037085871523e-07
53200.000000000095 1.353695577511626e-07
53250.000000000095 2.7368004036255926e-07
53300.000000000095 2.7308407215793094e-07
53350.000000000095 2.467268394729779e-07
53400.000000000095 2.739039598607488e-07
53450.000000000095 1.201671673649987e-07
53500.000000000095 7.062819884870367e-08
53550.000000000095 1.1740399904910734e-07
53600.000000000095 1.8111014930631747e-07
53650.000000000095 1.5735811290787583e-07
53700.000000000095 1.414211802470562e-07
53750.000000000095 1.4533225239627026e-07
53800.000000000095 1.4733053356281132e-07
53850.000000000095 1.9651862940614747e-07
53900.000000000095 1.8121750788513613e-07
53950.000000000095 2.490641528455472e-07
54000.000000000095 1.7308160514863423e-07
54050.000000000095 1.7819704606736837e-07
54100.000000000095 8.345643395028917e-08
54150.000000000095 1.2432833076256272e-07
54200.000000000095 5.736949020223345e-08
54250.000000000095 6.741726825136812e-08
54300.000000000095 1.3031515260523832e-07
54350.000000000095 1.7012714017450433e-07
54400.000000000095 1.730015838265097e-07
54450.000000000095 1.3924803116325516e-07
54500.000000000095 1.317359236242296e-07
54550.000000000095 1.111465719280911e-07
54600.000000000095 1.4254186180428145e-07
54650.000000000095 6.804288944721514e-08
54700.000000000095 1.6089861499608546e-07
54750.000000000095 1.6427868901620845e-07
54800.000000000095 1.119562954547753e-07
54850.000000000095 1.3944530675827852e-07
54900.000000000095 1.841996635409679e-07
54950.000000000095 2.6360882780874594e-07
55000.000000000095 1.0506112570222797e-07
55050.000000000095 1.5950450898923987e-07
55100.000000000095 1.353882383714885e-07
55150.000000000095 1.109423643249645e-07
55200.000000000095 1.0624055473363428e-07
55250.000000000095 1.2982649291790859e-07
55300.000000000095 9.240166317952939e-08
55350.000000000095 1.5252655794406177e-07
55400.000000000095 1.9806967961779465e-07
55450.000000000095 1.361792966432662e-07
55500.000000000095 6.989224222608749e-08
55550.000000000095 9.684022606567326e-08
55600.000000000095 9.560769515798042e-08
55650.000000000095 8.471678043075101e-08
55700.000000000095 1.0857420965618001e-07
55750.000000000095 1.2287922315717558e-07
55800.000000000095 7.783281951457855e-08
55850.000000000095 7.705599552301477e-08
55900.000000000095 1.5141116275207816e-07
55950.000000000095 2.0729087913984457e-07
56000.000000000095 8.809884200134269e-08
56050.000000000095 1.2261881541178958e-07
56100.000000000095 1.4797075753726287e-07
56150.000000000095 1.012170108473509e-07
56200.000000000095 1.1908472801274801e-07
56250.000000000095 1.2264539242599247e-07
56300.000000000095 1.2971707091858776e-07
56350.000000000095 1.2668419115228917e-07
56400.000000000095 7.797359888648474e-08
56450.000000000095 6.974443993677148e-08
56500.000000000095 8.629935940268136e-08
56550.000000000095 6.085606580727174e-08
56600.000000000095 1.397410668844054e-07
56650.000000000095 1.373997679020167e-07
56700.000000000095 1.4622528929811903e-07
56750.000000000095 7.05784174349761e-08
56800.000000000095 1.4643942968549188e-07
56850.000000000095 1.1814381672520761e-07
56900.000000000095 8.906713190559109e-08
56950.000000000095 1.439230154882128e-07
57000.000000000095 1.5293498278022727e-07
57050.000000000095 9.713133894514489e-08
57100.000000000095 4.974211368446966e-08
57150.000000000095 7.322451846265241e-08
57200.000000000095 6.183396621012311e-08
57250.000000000095 9.027709057689952e-08
57300.000000000095 1.2166002758249954e-07
57350.000000000095 6.480357497376383e-08
57400.000000000095 1.2458151493100775e-07
57450.000000000095 1.0305189535316557e-07
57500.000000000095 9.876037884100055e-08
57550.000000000095 1.338798334238216e-07
57600.000000000095 1.4114425399735607e-07
57650.000000000095 4.9428507203646166e-08
57700.000000000095 6.638693904176861e-08
57750.000000000095 8.765235067598529e-08
57800.000000000095 3.672698582248482e-08
57850.000000000095 1.7784990639668935e-07
57900.000000000095 2.0710745898848776e-07
57950.000000000095 1.865148810325326e-07
58000.000000000095 8.235186515323343e-08
58050.000000000095 1.30200131830709e-07
58100.000000000095 1.5722207162557456e-07
58150.000000000095 1.0989936779653677e-07
58200.000000000095 5.312556379561982e-08
58250.000000000095 7.015544137079579e-08
58300.000000000095 6.245105227338283e-08
58350.000000000095 7.989153793901669e-08
58400.000000000095 1.2064886511010353e-07
58450.000000000095 1.2656334734639204e-07
58500.000000000095 1.141620832564395e-07
58550.000000000095 1.2898112642398297e-07
58600.000000000095 6.877879706917418e-08
58650.000000000095 8.970649594689045e-08
58700.000000000095 9.73897586435954e-08
58750.000000000095 9.765890300851942e-08
58800.000000000095 4.201311724491938e-08
58850.000000000095 8.359230520418908e-08
58900.000000000095 1.1358794852765513e-07
58950.000000000095 6.342404551264095e-08
59000.000000000095 1.0858128413794359e-07
59050.000000000095 1.3020314758303128e-07
59100.000000000095 1.5784056377923126e-07
59150.000000000095 1.0463397051273896e-07
59200.000000000095 1.153339294794474e-07
59250.000000000095 1.232546874180383e-07
59300.000000000095 1.0938912569057882e-07
59350.000000000095 4.97761508156953e-08
59400.000000000095 3.928083520543157e-08
59450.000000000095 1.0149239670176513e-07
59500.000000000095 5.860202561790503e-08
59550.000000000095 1.3161243853809377e-07
59600.000000000095 1.2869761920102291e-07
59650.000000000095 1.098952881246261e-07
59700.000000000095 7.234862058055135e-08
59750.000000000095 1.6762553608550385e-07
59800.000000000095 9.409935650665941e-08
59850.000000000095 1.3029649423154224e-07
59900.000000000095 5.979919963836177e-08
59950.000000000095 1.0897196618105386e-07
60000.000000000095 1.9198307057201919e-07
60050.000000000095 1.6602199584432772e-07
60100.000000000095 1.5762389283798093e-07
60150.000000000095 9.915912117813011e-08
60200.000000000095 1.293973624076679e-07
60250.000000000095 1.6027204303897836e-07
60300.000000000095 1.4667964283267144e-07
60350.000000000095 1.0347638777837215e-07
60400.000000000095 1.2047889893629535e-07
60450.000000000095 5.98212255378152e-08
60500.000000000095 3.5642505241703116e-08
60550.000000000095 1.2721109960629393e-07
60600.000000000095 1.300254897307721e-07
60650.000000000095 1.0243419512772546e-07
60700.000000000095 8.661070949352738e-08
60750.000000000095 6.113529368266758e-08
60800.000000000095 1.421516971649302e-07
60850.000000000095 2.0082372049541087e-07
60900.000000000095 1.9253620854232077e-07
60950.000000000095 1.7127004370395746e-07
61000.000000000095 1.259391465134807e-07
61050.000000000095 8.016341221192977e-08
61100.000000000095 1.1410197506979802e-07
61150.000000000095 4.199804593319233e-08
61200.000000000095 1.662555282407373e-07
61250.000000000095 2.0541146762217335e-07
61300.000000000095 1.8737156412174124e-07
61350.000000000095 2.0897501360271076e-07
61400.000000000095 1.2842206409919577e-07
61450.000000000095 7.660630258209969e-08
61500.000000000095 1.0596034877474838e-07
61550.000000000095 9.310391105083131e-08
61600.000000000095 6.352516318484665e-08
61650.000000000095 1.1855710211510137e-07
61700.000000000095 1.0006834299361645e-07
61750.000000000095 1.1361010666744592e-07
61800.000000000095 1.3690813297836935e-07
61850.000000000095 7.444411447270152e-08
61900.000000000095 1.5696298835321391e-07
61950.000000000095 1.8550493376638238e-07
62000.000000000095 1.6195206377812315e-07
62050.000000000095 1.6045170210084024e-07
62100.000000000095 1.6929489322188477e-07
62150.000000000095 1.7818320017889e-07
62200.000000000095 1.5402572652488667e-07
62250.000000000095 1.5701948001157868e-07
62300.000000000095 2.389333927868421e-07
62350.000000000095 1.8747012314300936e-07
62400.000000000095 1.0265864739122368e-07
62450.000000000095 1.376652201570556e-07
62500.000000000095 2.1064169640997374e-07
62550.000000000095 2.0134843981191355e-07
62600.000000000095 2.2520827544480628e-07
62650.000000000095 1.6185731932770295e-07
62700.000000000095 1.822156505536498e-07
62750.000000000095 2.3156357115676616e-07
62800.000000000095 1.2561277411918071e-07
62850.000000000095 1.8882705003737755e-07
62900.000000000095 1.3973919573723688e-07
62950.000000000095 1.9913435735261827e-07
63000.000000000095 1.86986309466449e-07
63050.000000000095 2.708768299767204e-07
63100.000000000095 2.3088737836079621e-07
63150.000000000095 1.5561238001044596e-07
63200.000000000095 2.0943501972237388e-07
63250.000000000095 1.8047676344973749e-07
63300.000000000095 2.0446364246957926e-07
63350.000000000095 1.8255047857215105e-07
63400.000000000095 9.657602667959397e-08
63450.000000000095 7.689943482027817e-08
63500.000000000095 1.7123563490236112e-07
63550.000000000095 1.580359941608774e-07
63600.000000000095 2.0563076825528022e-07
63650.000000000095 1.3494639652254733e-07
63700.000000000095 8.188667466774653e-08
63750.000000000095 1.317347414372995e-07
63800.000000000095 1.6839750413360478e-07
63850.000000000095 1.505362074408941e-07
63900.000000000095 9.098437189913218e-08
63950.000000000095 1.589826362309983e-07
64000.000000000095 1.722382446500159e-07
64050.000000000095 1.0614648673394965e-07
64100.000000000095 3.8625246714743126e-08
64150.000000000095 5.5984583412712116e-08
64200.000000000095 6.811941903969142e-08
64250.000000000095 1.1833761816379416e-07
64300.000000000095 8.937568201873223e-08
64350.000000000095 7.791395505872163e-08
64400.000000000095 1.368523881476485e-07
64450.000000000095 1.487113790802245e-07
64500.000000000095 7.385576403164297e-08
64550.000000000095 1.239573706853018e-07
64600.000000000095 7.108611434154699e-08
64650.000000000095 1.0830653282889805e-07
64700.000000000095 5.808455903312565e-08
64750.000000000095 7.68856758066098e-08
64800.000000000095 7.369489538802704e-08
64850.000000000095 6.225922711965535e-08
64900.000000000095 7.255869657353845e-08
64950.000000000095 6.368334899330173e-08
65000.000000000095 8.079032188428234e-08
65050.000000000095 9.552197725265469e-08
65100.000000000095 1.1513495699189047e-07
65150.000000000095 7.155518354182608e-08
65200.000000000095 5.3997626962820106e-08
65250.000000000095 1.061476726952036e-07
65300.000000000095 7.589426491336548e-08
65350.000000000095 1.7290775959992938e-07
65400.000000000095 8.315708335281743e-08
65450.000000000095 8.691211337694266e-08
65500.000000000095 1.0463174883610648e-07
65550.00000000009 6.218804673799671e-08
65600.00000000009 8.63748414759963e-08
65650.00000000009 8.579088961032836e-08
65700.00000000009 7.930340678331087e-08
65750.00000000009 6.070215686396146e-08
65800.00000000009 9.080593589862415e-08
65850.00000000009 1.114938431631703e-07
65900.00000000009 5.9264572806179116e-08
65950.00000000009 5.670752334012607e-08
66000.00000000009 7.984087382496312e-08
66050.00000000009 1.4726800875654923e-07
66100.00000000009 8.945393751138643e-08
66150.00000000009 6.440767609404826e-08
66200.00000000009 6.6007977517962e-08
66250.00000000009 6.204594256431865e-08
66300.00000000009 3.0735136542937856e-08
66350.00000000009 4.1821636366607095e-08
66400.00000000009 5.84008988131652e-08
66450.00000000009 1.0716634661653677e-07
66500.00000000009 1.385674908863568e-07
66550.00000000009 1.4322532284057553e-07
66600.00000000009 1.0500772469062835e-07
66650.00000000009 9.723441862311054e-08
66700.00000000009 8.09743751538577e-08
66750.00000000009 7.335615883367754e-08
66800.00000000009 9.88958706856713e-08
66850.00000000009 6.640438693258722e-08
66900.00000000009 1.205937847025228e-07
66950.00000000009 1.4803485209844075e-07
67000.00000000009 1.2820859612080426e-07
67050.00000000009 9.337166241558187e-08
67100.00000000009 6.80503380711333e-08
67150.00000000009 7.907166521945543e-08
67200.00000000009 9.514160598520218e-08
67250.00000000009 9.578933535971555e-08
67300.00000000009 1.101424478988907e-07
67350.00000000009 6.97180980151632e-08
67400.00000000009 1.5724799267709607e-07
67450.00000000009 1.16751734664126e-07
67500.00000000009 9.678960651784767e-08
67550.00000000009 1.2619488760898878e-07
67600.00000000009 1.9949597751329024e-07
67650.00000000009 1.5115101516427852e-07
67700.00000000009 1.0953883562868712e-07
67750.00000000009 9.087977075807351e-08
67800.00000000009 1.2661513581891057e-07
67850.00000000009 6.923523797757827e-08
67900.00000000009 9.112659241390979e-08
67950.00000000009 6.05418762863394e-08
68000.00000000009 9.225036858857283e-08
68050.00000000009 1.381561396375843e-07
