galfind/configs/Brown_Dwarf_templates/sonora_cholla/logkzz2/56g/1000K_56g_logkzz2_resample.dat
# %ECSV 1.0
# ---
# datatype:
# - {name: wav, unit: Angstrom, datatype: float64}
# - {name: flux_nu, unit: erg / (cm2 Hz s), datatype: float64}
# schema: astropy-2.0
wav flux_nu
[from data line 774]
48700.000000000095 2.7263318072262606e-07
48750.000000000095 1.6338188790937776e-07
48800.000000000095 2.5851340872071585e-07
48850.000000000095 1.8769258581926728e-07
48900.000000000095 2.7743878416424134e-07
48950.000000000095 2.3457695188684946e-07
49000.000000000095 1.8625296413286378e-07
49050.000000000095 2.6031572603845863e-07
49100.000000000095 1.6724993781933743e-07
49150.000000000095 2.9362271716205605e-07
49200.000000000095 2.089185938316839e-07
49250.000000000095 3.0230023449085565e-07
49300.000000000095 2.2463178891239667e-07
49350.000000000095 2.1142758269966224e-07
49400.000000000095 2.602697550570152e-07
49450.000000000095 2.593447641694809e-07
49500.000000000095 2.3998610557276275e-07
49550.000000000095 1.511424019173869e-07
49600.000000000095 2.513081467329466e-07
49650.000000000095 2.288759220541469e-07
49700.000000000095 1.8395614654626217e-07
49750.000000000095 3.1905960615746575e-07
49800.000000000095 2.0108663141552407e-07
49850.000000000095 3.6924482758581675e-07
49900.000000000095 2.7657893952917835e-07
49950.000000000095 2.933981917604526e-07
50000.000000000095 3.2015826709084374e-07
50050.000000000095 3.086937902051296e-07
50100.000000000095 3.6118218229069306e-07
50150.000000000095 1.897266993873054e-07
50200.000000000095 1.4129412664403748e-07
50250.000000000095 3.286632818407013e-07
50300.000000000095 2.328638826926416e-07
50350.000000000095 3.057098336923054e-07
50400.000000000095 2.8711900558398605e-07
50450.000000000095 2.728501178577736e-07
50500.000000000095 3.245996840442452e-07
50550.000000000095 2.820832331877223e-07
50600.000000000095 3.189332545210023e-07
50650.000000000095 2.98187556638013e-07
50700.000000000095 3.907820866388986e-07
50750.000000000095 3.8755213476843857e-07
50800.000000000095 1.914509193877814e-07
50850.000000000095 2.2556673038985782e-07
50900.000000000095 3.498966072289411e-07
50950.000000000095 3.685478800973322e-07
51000.000000000095 3.20540061174962e-07
51050.000000000095 2.9325942100899023e-07
51100.000000000095 1.9812436676439145e-07
51150.000000000095 2.5751888819458314e-07
51200.000000000095 3.7677116152054614e-07
51250.000000000095 3.379498873113388e-07
51300.000000000095 2.3035873394804778e-07
51350.000000000095 2.9996626554350865e-07
51400.000000000095 2.2567892292868025e-07
51450.000000000095 1.9767536869761378e-07
51500.000000000095 1.8642748688853292e-07
51550.000000000095 3.2993556778876625e-07
51600.000000000095 2.32163708650523e-07
51650.000000000095 3.2223370976173186e-07
51700.000000000095 3.151408545770306e-07
51750.000000000095 2.210501192472017e-07
51800.000000000095 4.0690134367427605e-07
51850.000000000095 3.0131245263593073e-07
51900.000000000095 4.0647218668492937e-07
51950.000000000095 3.43364490585754e-07
52000.000000000095 1.3191377579685067e-07
52050.000000000095 2.3975501447753e-07
52100.000000000095 2.3092114782508218e-07
52150.000000000095 1.8388563008467478e-07
52200.000000000095 1.6940059430270023e-07
52250.000000000095 2.200963262897406e-07
52300.000000000095 3.493692269715355e-07
52350.000000000095 2.878204841581867e-07
52400.000000000095 2.0770495288884821e-07
52450.000000000095 3.3162305029648705e-07
52500.000000000095 2.8996452738903624e-07
52550.000000000095 3.1919294180108915e-07
52600.000000000095 2.368333897054088e-07
52650.000000000095 2.699769674497935e-07
52700.000000000095 2.369299363575065e-07
52750.000000000095 2.0292984859275213e-07
52800.000000000095 2.0723029680862334e-07
52850.000000000095 2.473923357007314e-07
52900.000000000095 1.8382078061909255e-07
52950.000000000095 1.8450237203050247e-07
53000.000000000095 3.763812455280114e-07
53050.000000000095 1.5991539560032032e-07
53100.000000000095 3.1281119347634194e-07
53150.000000000095 3.718772571400853e-07
53200.000000000095 1.9197686647308353e-07
53250.000000000095 3.4836620485789e-07
53300.000000000095 3.4300634493970446e-07
53350.000000000095 3.1892604311755436e-07
53400.000000000095 3.473481557242809e-07
53450.000000000095 1.7708882080493632e-07
53500.000000000095 1.216321035856674e-07
53550.000000000095 1.9018778129793413e-07
53600.000000000095 2.410980282745454e-07
53650.000000000095 2.2551716444172676e-07
53700.000000000095 2.0244866127171134e-07
53750.000000000095 2.1186541200414168e-07
53800.000000000095 2.0225363456466753e-07
53850.000000000095 2.738169407813066e-07
53900.000000000095 2.379580570924043e-07
53950.000000000095 3.2638953753220945e-07
54000.000000000095 2.2267383178884998e-07
54050.000000000095 2.415162204756543e-07
54100.000000000095 1.2904960162200858e-07
54150.000000000095 1.8033032683696294e-07
54200.000000000095 9.652781345110525e-08
54250.000000000095 1.0597878279714795e-07
54300.000000000095 1.8487290094729346e-07
54350.000000000095 2.3208780123364673e-07
54400.000000000095 2.545795566662447e-07
54450.000000000095 1.903772756020653e-07
54500.000000000095 1.7910059219697948e-07
54550.000000000095 1.6011592133969103e-07
54600.000000000095 2.0974681755431872e-07
54650.000000000095 1.1913800432069339e-07
54700.000000000095 2.344035050494307e-07
54750.000000000095 2.330284776798844e-07
54800.000000000095 1.756452105739656e-07
54850.000000000095 2.0241410423008806e-07
54900.000000000095 2.548859266229545e-07
54950.000000000095 3.2825038424073683e-07
55000.000000000095 1.4748323113238605e-07
55050.000000000095 2.273590849577733e-07
55100.000000000095 1.832435810593792e-07
55150.000000000095 1.6023141852741677e-07
55200.000000000095 1.6535469778102457e-07
55250.000000000095 1.911653022711159e-07
55300.000000000095 1.4021387145871617e-07
55350.000000000095 2.0842279349704227e-07
55400.000000000095 2.703741983280869e-07
55450.000000000095 1.9616904817559944e-07
55500.000000000095 1.1204209193290985e-07
55550.000000000095 1.5072889855467942e-07
55600.000000000095 1.3225099886380407e-07
55650.000000000095 1.1917162800483315e-07
55700.000000000095 1.622491631970506e-07
55750.000000000095 1.7099836333004025e-07
55800.000000000095 1.3316073857636573e-07
55850.000000000095 1.1666120298265653e-07
55900.000000000095 2.0692916214815172e-07
55950.000000000095 2.5405019252513013e-07
56000.000000000095 1.3011943133263932e-07
56050.000000000095 1.8386862059422079e-07
56100.000000000095 2.1157353955848644e-07
56150.000000000095 1.5437672679920414e-07
56200.000000000095 1.7150272678645499e-07
56250.000000000095 1.6573556525859549e-07
56300.000000000095 1.8635840422060808e-07
56350.000000000095 1.8734174538797557e-07
56400.000000000095 1.3326082184220915e-07
56450.000000000095 1.1598724769722515e-07
56500.000000000095 1.0790775683584093e-07
56550.000000000095 9.791600368708769e-08
56600.000000000095 1.883718442775179e-07
56650.000000000095 1.7423758743576996e-07
56700.000000000095 1.8962350132783613e-07
56750.000000000095 1.089461734141199e-07
56800.000000000095 2.2415124197411418e-07
56850.000000000095 1.7094615394714676e-07
56900.000000000095 1.237790744965853e-07
56950.000000000095 2.0379831257155224e-07
57000.000000000095 2.2151320657319375e-07
57050.000000000095 1.5454831281696204e-07
57100.000000000095 8.391529023854708e-08
57150.000000000095 1.181885313733961e-07
57200.000000000095 9.96560400199222e-08
57250.000000000095 1.3635162567138284e-07
57300.000000000095 1.8732431146956638e-07
57350.000000000095 1.0068861150040042e-07
57400.000000000095 1.6601751457623718e-07
57450.000000000095 1.5984832772600963e-07
57500.000000000095 1.5908571575256543e-07
57550.000000000095 1.9836800198837071e-07
57600.000000000095 2.0890697531225588e-07
57650.000000000095 8.49996986491103e-08
57700.000000000095 1.0886841256745749e-07
57750.000000000095 1.4177465142571727e-07
57800.000000000095 5.776643231503651e-08
57850.000000000095 2.431817093299529e-07
57900.000000000095 2.70273444391573e-07
57950.000000000095 2.304017940140068e-07
58000.000000000095 1.223303916165199e-07
58050.000000000095 1.785057450249558e-07
58100.000000000095 2.014039943762059e-07
58150.000000000095 1.4542980446647145e-07
58200.000000000095 9.182782025760444e-08
58250.000000000095 1.2176920952008427e-07
58300.000000000095 8.518012735117587e-08
58350.000000000095 1.1980277931643128e-07
58400.000000000095 1.6403327950455678e-07
58450.000000000095 1.5978025033585923e-07
58500.000000000095 1.4971368810528304e-07
58550.000000000095 1.5968348756136096e-07
58600.000000000095 9.307481064664907e-08
58650.000000000095 1.2298478302508662e-07
58700.000000000095 1.3848175465977238e-07
58750.000000000095 1.4957198606688597e-07
58800.000000000095 7.260259260649312e-08
58850.000000000095 1.3561370489365703e-07
58900.000000000095 1.7940275251848854e-07
58950.000000000095 1.0801997297583983e-07
59000.000000000095 1.7156129080281307e-07
59050.000000000095 1.7361898707412409e-07
59100.000000000095 2.0715768716374323e-07
59150.000000000095 1.4408721432200243e-07
59200.000000000095 1.6353385068690084e-07
59250.000000000095 1.8253351236377023e-07
59300.000000000095 1.714277665682617e-07
59350.000000000095 8.796123887198302e-08
59400.000000000095 6.839428915076833e-08
59450.000000000095 1.4607808693099711e-07
59500.000000000095 9.11085760981004e-08
59550.000000000095 1.7013956523196624e-07
59600.000000000095 1.5325788695925022e-07
59650.000000000095 1.624820111264458e-07
59700.000000000095 1.0551914297332772e-07
59750.000000000095 2.1372004847761858e-07
59800.000000000095 1.3330592224238364e-07
59850.000000000095 1.7962881429425807e-07
59900.000000000095 8.942213378450597e-08
59950.000000000095 1.321236621760192e-07
60000.000000000095 2.2213185451075665e-07
60050.000000000095 1.9915837378384055e-07
60100.000000000095 2.1629324994719228e-07
60150.000000000095 1.5115224496726066e-07
60200.000000000095 1.663985765609876e-07
60250.000000000095 1.9740830495106006e-07
60300.000000000095 2.0081482975224554e-07
60350.000000000095 1.4656793914679106e-07
60400.000000000095 1.67558984729573e-07
60450.000000000095 1.0097209189475866e-07
60500.000000000095 6.529051083915847e-08
60550.000000000095 1.9492646656436284e-07
60600.000000000095 1.864815763080046e-07
60650.000000000095 1.5778247691062168e-07
60700.000000000095 1.312982444809423e-07
60750.000000000095 1.057456677249789e-07
60800.000000000095 1.8868005932010685e-07
60850.000000000095 2.552299900119631e-07
60900.000000000095 2.459398404154332e-07
60950.000000000095 2.287087585702138e-07
61000.000000000095 1.572912121588053e-07
61050.000000000095 1.2233468058138816e-07
61100.000000000095 1.717311667452472e-07
61150.000000000095 7.039200211213595e-08
61200.000000000095 2.1453881589065658e-07
61250.000000000095 2.592308150054851e-07
61300.000000000095 2.2528396559312055e-07
61350.000000000095 2.536424262666115e-07
61400.000000000095 1.8949220911415053e-07
61450.000000000095 1.130658493068146e-07
61500.000000000095 1.5163721767248248e-07
61550.000000000095 1.3752090828166224e-07
61600.000000000095 9.817580861308235e-08
61650.000000000095 1.6670645148039292e-07
61700.000000000095 1.250656156910414e-07
61750.000000000095 1.595754918389218e-07
61800.000000000095 1.7827661612008914e-07
61850.000000000095 1.267207018425432e-07
61900.000000000095 2.075063671984202e-07
61950.000000000095 1.8739021732779755e-07
62000.000000000095 2.1124993750652303e-07
62050.000000000095 1.7071757028543436e-07
62100.000000000095 2.0205452714197622e-07
62150.000000000095 2.3113407025390705e-07
62200.000000000095 1.8704424411631232e-07
62250.000000000095 2.0357265859342702e-07
62300.000000000095 2.6670122193934276e-07
62350.000000000095 1.893168443970183e-07
62400.000000000095 1.1353228439484482e-07
62450.000000000095 1.9133647647363403e-07
62500.000000000095 2.372925016144811e-07
62550.000000000095 2.3131570586781537e-07
62600.000000000095 2.4517024817902657e-07
62650.000000000095 1.8187221090394893e-07
62700.000000000095 2.2302521002241492e-07
62750.000000000095 2.7904199591785493e-07
62800.000000000095 1.811976305387112e-07
62850.000000000095 2.371920278076381e-07
62900.000000000095 1.75834701185568e-07
62950.000000000095 2.15095898129916e-07
63000.000000000095 2.0039686797840645e-07
63050.000000000095 2.595578750402069e-07
63100.000000000095 2.295793126230235e-07
63150.000000000095 2.0650852340226127e-07
63200.000000000095 2.518122292280068e-07
63250.000000000095 1.519677496273466e-07
63300.000000000095 2.2976671372734596e-07
63350.000000000095 2.2033947340405784e-07
63400.000000000095 1.430071192555016e-07
63450.000000000095 1.2218907911248913e-07
63500.000000000095 2.0336319392509988e-07
63550.000000000095 1.899503324078659e-07
63600.000000000095 2.1129021951027375e-07
63650.000000000095 1.5963647453128033e-07
63700.000000000095 1.2955374752592366e-07
63750.000000000095 1.6808720743659972e-07
63800.000000000095 2.0907414364812423e-07
63850.000000000095 1.868974432949435e-07
63900.000000000095 1.4341993500520933e-07
63950.000000000095 2.01190611746834e-07
64000.000000000095 1.9319853770185303e-07
64050.000000000095 1.5218502351988305e-07
64100.000000000095 6.624786495852516e-08
64150.000000000095 8.941540956112039e-08
64200.000000000095 9.483120541538488e-08
64250.000000000095 1.6695969129267606e-07
64300.000000000095 1.255130612922115e-07
64350.000000000095 1.040297869981061e-07
64400.000000000095 1.6569068344053753e-07
64450.000000000095 1.754835912429104e-07
64500.000000000095 1.0842402441694828e-07
64550.000000000095 1.4440545700984357e-07
64600.000000000095 7.324957410557572e-08
64650.000000000095 1.3034733407223665e-07
64700.000000000095 8.05480941773371e-08
64750.000000000095 1.0705876408591064e-07
64800.000000000095 1.0441818964517836e-07
64850.000000000095 9.155155157010954e-08
64900.000000000095 1.0204743275553375e-07
64950.000000000095 1.0378219287826052e-07
65000.000000000095 1.2483948399657805e-07
65050.000000000095 1.1002937465558336e-07
65100.000000000095 1.5390498961121565e-07
65150.000000000095 9.041689360447509e-08
65200.000000000095 9.053749460353585e-08
65250.000000000095 1.5631494722588775e-07
65300.000000000095 1.1465193279666705e-07
65350.000000000095 1.959214486378823e-07
65400.000000000095 1.2013753381587067e-07
65450.000000000095 1.32314558697061e-07
65500.000000000095 1.535343943482976e-07
65550.00000000009 9.933662737500667e-08
65600.00000000009 1.2704195127788376e-07
65650.00000000009 1.347715388293764e-07
65700.00000000009 1.1988177796792962e-07
65750.00000000009 9.910367146338283e-08
65800.00000000009 1.4209382598092122e-07
65850.00000000009 1.467539042051914e-07
65900.00000000009 9.588191866933223e-08
65950.00000000009 8.215534593820492e-08
66000.00000000009 1.2317875211383034e-07
66050.00000000009 2.0766267842996154e-07
66100.00000000009 1.3604811823479698e-07
66150.00000000009 9.510384975962982e-08
66200.00000000009 9.973327590637044e-08
66250.00000000009 9.517735125372163e-08
66300.00000000009 5.112944122379233e-08
66350.00000000009 7.138861940316477e-08
66400.00000000009 9.085810718971846e-08
66450.00000000009 1.4778163292965197e-07
66500.00000000009 2.0293192454430024e-07
66550.00000000009 2.0495266163478844e-07
66600.00000000009 1.5338121333431712e-07
66650.00000000009 1.3216795592119237e-07
66700.00000000009 1.2457976711263926e-07
66750.00000000009 1.1675448423242421e-07
66800.00000000009 1.493608393362272e-07
66850.00000000009 1.0531342566576067e-07
66900.00000000009 1.647819951735797e-07
66950.00000000009 1.9420626486011486e-07
67000.00000000009 1.7802759930108772e-07
67050.00000000009 1.3842632138722018e-07
67100.00000000009 1.0848963755483037e-07
67150.00000000009 1.113499041812925e-07
67200.00000000009 1.2868378676867658e-07
67250.00000000009 1.4193512097346854e-07
67300.00000000009 1.3959860718067854e-07
67350.00000000009 9.396749203290073e-08
67400.00000000009 1.8408497987493307e-07
67450.00000000009 1.4526317106801313e-07
67500.00000000009 1.343717001272494e-07
67550.00000000009 1.587109272409867e-07
67600.00000000009 2.3798157184282332e-07
67650.00000000009 1.8884333522927278e-07
67700.00000000009 1.4457162869013887e-07
67750.00000000009 1.340923941795878e-07
67800.00000000009 1.7256480316932518e-07
67850.00000000009 1.0860366924652658e-07
67900.00000000009 1.357409729595993e-07
