galfind/configs/Brown_Dwarf_templates/sonora_cholla/logkzz2/56g/1000K_56g_logkzz2_resample.dat
# %ECSV 1.0
# ---
# datatype:
# - {name: wav, unit: Angstrom, datatype: float64}
# - {name: flux_nu, unit: erg / (cm2 Hz s), datatype: float64}
# schema: astropy-2.0
wav flux_nu
[from data line 388]
29400.000000000095 1.1125514720237076e-07
29450.000000000095 1.0943748692883634e-07
29500.000000000095 1.1486316115252062e-07
29550.000000000095 9.695533565445341e-08
29600.000000000095 1.4363033420961277e-07
29650.000000000095 1.1528434282608962e-07
29700.000000000095 1.0118414212944148e-07
29750.000000000095 1.2164914385666273e-07
29800.000000000095 1.5648346600710969e-07
29850.000000000095 1.5472163387026907e-07
29900.000000000095 1.3490017036719985e-07
29950.000000000095 1.146521454106538e-07
30000.000000000095 1.3282980366315552e-07
30050.000000000095 1.0880648398199414e-07
30100.000000000095 1.2552213005302058e-07
30150.000000000095 1.538659013722346e-07
30200.000000000095 1.1882494969635332e-07
30250.000000000095 1.531740294650559e-07
30300.000000000095 1.35361307005091e-07
30350.000000000095 1.0923794712429608e-07
30400.000000000095 1.311274424577853e-07
30450.000000000095 1.09534795612099e-07
30500.000000000095 1.0340855599463172e-07
30550.000000000095 1.0738562109316907e-07
30600.000000000095 1.1421727529689589e-07
30650.000000000095 1.0295558879191485e-07
30700.000000000095 9.107650781648305e-08
30750.000000000095 7.993559009409491e-08
30800.000000000095 8.507740867610011e-08
30850.000000000095 7.801619141371361e-08
30900.000000000095 7.50712116117836e-08
30950.000000000095 5.784432266648181e-08
31000.000000000095 6.452413106589433e-08
31050.000000000095 6.318809027468583e-08
31100.000000000095 4.26583949030616e-08
31150.000000000095 5.4597313926760194e-08
31200.000000000095 5.365984213905924e-08
31250.000000000095 4.353403448344092e-08
31300.000000000095 4.135799311320414e-08
31350.000000000095 4.094660692686324e-08
31400.000000000095 2.652910025109398e-08
31450.000000000095 4.3931009971226874e-08
31500.000000000095 2.867177972464903e-08
31550.000000000095 3.9727991267689765e-08
31600.000000000095 2.563873161529158e-08
31650.000000000095 2.8438112378534864e-08
31700.000000000095 3.0104152290036705e-08
31750.000000000095 2.2480848144716028e-08
31800.000000000095 2.7273108454000356e-08
31850.000000000095 2.6210938185248844e-08
31900.000000000095 2.3946288452030234e-08
31950.000000000095 2.4498240205778402e-08
32000.000000000095 2.4887623173546635e-08
32050.000000000095 1.6854847075915346e-08
32100.000000000095 1.817050667222364e-08
32150.000000000095 2.270129343428845e-08
32200.000000000095 1.838533980621201e-08
32250.000000000095 2.676464835136456e-08
32300.000000000095 1.5374073975161463e-08
32350.000000000095 2.899254996508404e-08
32400.000000000095 2.1658810353902735e-08
32450.000000000095 2.807917196141661e-08
32500.000000000095 2.1100331794977724e-08
32550.000000000095 2.7102119927549548e-08
32600.000000000095 2.8541656201058723e-08
32650.000000000095 3.845397022817839e-08
32700.000000000095 2.9377497389126577e-08
32750.000000000095 4.2546194202782366e-08
32800.000000000095 2.8689619707411195e-08
32850.000000000095 4.4135292369929316e-08
32900.000000000095 4.49840964238632e-08
32950.000000000095 5.041188408568098e-08
33000.000000000095 4.420619201713906e-08
33050.000000000095 4.2152256879236744e-08
33100.000000000095 2.0003083483261943e-08
33150.000000000095 7.1318100230585476e-09
33200.000000000095 7.600433327312198e-09
33250.000000000095 3.795599388853418e-09
33300.000000000095 4.019140636872385e-09
33350.000000000095 7.679488558267041e-09
33400.000000000095 1.1477690941092297e-08
33450.000000000095 1.5103540143862272e-08
33500.000000000095 1.937104261778299e-08
33550.000000000095 1.9505539550715217e-08
33600.000000000095 3.1591275350912263e-08
33650.000000000095 2.9036517006104317e-08
33700.000000000095 2.7813086176491752e-08
33750.000000000095 3.552977431755754e-08
33800.000000000095 2.867334882466168e-08
33850.000000000095 3.618069991389298e-08
33900.000000000095 3.334893523514604e-08
33950.000000000095 3.500829267807219e-08
34000.000000000095 4.0594004237898376e-08
34050.000000000095 1.9600222955409236e-08
34100.000000000095 3.9575498956281757e-08
34150.000000000095 3.040269833306407e-08
34200.000000000095 3.742774457545414e-08
34250.000000000095 2.8277992743635994e-08
34300.000000000095 2.4983727533801205e-08
34350.000000000095 3.341213386925889e-08
34400.000000000095 2.88949648781993e-08
34450.000000000095 4.031060718826658e-08
34500.000000000095 3.179430197867073e-08
34550.000000000095 2.422332255834972e-08
34600.000000000095 3.94379973469458e-08
34650.000000000095 2.7445028987956917e-08
34700.000000000095 2.971071012801254e-08
34750.000000000095 2.677976181494576e-08
34800.000000000095 2.0926117465366716e-08
34850.000000000095 3.0631221348546176e-08
34900.000000000095 3.861865593267207e-08
34950.000000000095 3.1589021834736996e-08
35000.000000000095 4.0641503313016246e-08
35050.000000000095 3.415967129950744e-08
35100.000000000095 4.220441859150596e-08
35150.000000000095 3.9607704070305314e-08
35200.000000000095 5.910305083925863e-08
35250.000000000095 5.110867777913297e-08
35300.000000000095 3.6901297663251434e-08
35350.000000000095 5.373129063212431e-08
35400.000000000095 5.1619552413832516e-08
35450.000000000095 4.591850063068965e-08
35500.000000000095 7.25931881900283e-08
35550.000000000095 6.275703442260254e-08
35600.000000000095 6.303817195701923e-08
35650.000000000095 5.963881283525527e-08
35700.000000000095 4.5319359306801265e-08
35750.000000000095 8.146333481791623e-08
35800.000000000095 6.982488263611609e-08
35850.000000000095 5.119403187346017e-08
35900.000000000095 8.034200374651155e-08
35950.000000000095 7.132846837158918e-08
36000.000000000095 4.8417523468514246e-08
36050.000000000095 7.123233797483417e-08
36100.000000000095 7.140209318394909e-08
36150.000000000095 7.000265242630163e-08
36200.000000000095 6.968567818939664e-08
36250.000000000095 8.022749953004998e-08
36300.000000000095 8.367104916431428e-08
36350.000000000095 9.317635504677229e-08
36400.000000000095 1.0852977803867893e-07
36450.000000000095 1.055294291862969e-07
36500.000000000095 1.1727492906635851e-07
36550.000000000095 1.046489736069868e-07
36600.000000000095 1.3426544992735288e-07
36650.000000000095 1.3782225822171038e-07
36700.000000000095 1.535474998971585e-07
36750.000000000095 1.6146988145212932e-07
36800.000000000095 1.4285649656535091e-07
36850.000000000095 1.3875357779247076e-07
36900.000000000095 1.4604636737496152e-07
36950.000000000095 1.5802953442123602e-07
37000.000000000095 1.505703224641457e-07
37050.000000000095 1.623599781255566e-07
37100.000000000095 1.7968301313369367e-07
37150.000000000095 1.7746328083235092e-07
37200.000000000095 1.6298357439581192e-07
37250.000000000095 1.4956274460346036e-07
37300.000000000095 1.6320111837736325e-07
37350.000000000095 1.8116559358185033e-07
37400.000000000095 2.0402433475440502e-07
37450.000000000095 1.982235429381995e-07
37500.000000000095 1.5774077631442587e-07
37550.000000000095 2.3886391008609185e-07
37600.000000000095 2.406159724271297e-07
37650.000000000095 1.9320160423358392e-07
37700.000000000095 1.9600076888524775e-07
37750.000000000095 1.630001707949762e-07
37800.000000000095 1.8283271504277276e-07
37850.000000000095 1.7802063004212569e-07
37900.000000000095 1.9458083712382436e-07
37950.000000000095 2.2010846091972452e-07
38000.000000000095 2.575914691894025e-07
38050.000000000095 2.2094521452109756e-07
38100.000000000095 2.3894957282400825e-07
38150.000000000095 2.6515776699344346e-07
38200.000000000095 2.8305555970919435e-07
38250.000000000095 2.7181107450532527e-07
38300.000000000095 3.2359707135162654e-07
38350.000000000095 3.3504482054588296e-07
38400.000000000095 2.3769742057839687e-07
38450.000000000095 2.5804167138877147e-07
38500.000000000095 2.161438624466387e-07
38550.000000000095 2.53530120478856e-07
38600.000000000095 2.6511459657833066e-07
38650.000000000095 3.5325196280151534e-07
38700.000000000095 2.9908059975840684e-07
38750.000000000095 3.054084216311647e-07
38800.000000000095 2.703276779669387e-07
38850.000000000095 3.5848884449636027e-07
38900.000000000095 3.4927726358029956e-07
38950.000000000095 3.236314902615668e-07
39000.000000000095 3.9853963475852903e-07
39050.000000000095 3.321665194770241e-07
39100.000000000095 3.645266612687089e-07
39150.000000000095 3.4158412069281523e-07
39200.000000000095 3.266505383914821e-07
39250.000000000095 3.9935421192272907e-07
39300.000000000095 3.809490676847837e-07
39350.000000000095 4.826768237829921e-07
39400.000000000095 4.5125027904450584e-07
39450.000000000095 4.405098844351347e-07
39500.000000000095 3.5823197998474465e-07
39550.000000000095 3.8860879468613724e-07
39600.000000000095 4.298280592101392e-07
39650.000000000095 5.107574961126499e-07
39700.000000000095 4.078743549535279e-07
39750.000000000095 3.3907738296130227e-07
39800.000000000095 4.5617596867991603e-07
39850.000000000095 4.855783844043813e-07
39900.000000000095 4.573969345913578e-07
39950.000000000095 4.767045048491103e-07
40000.000000000095 5.1949446558437e-07
40050.000000000095 5.194762229786888e-07
40100.000000000095 4.253447710359382e-07
40150.000000000095 5.975166151383241e-07
40200.000000000095 5.957752914500965e-07
40250.000000000095 4.866577877316756e-07
40300.000000000095 5.644886076070674e-07
40350.000000000095 4.90791918925072e-07
40400.000000000095 5.567512372613474e-07
40450.000000000095 5.55813318848769e-07
40500.000000000095 5.689332103661888e-07
40550.000000000095 5.916937571534932e-07
40600.000000000095 5.518727763014024e-07
40650.000000000095 6.095448998775331e-07
40700.000000000095 7.2930363040171e-07
40750.000000000095 6.546710342988535e-07
40800.000000000095 5.192896087116606e-07
40850.000000000095 6.663104586239074e-07
40900.000000000095 5.370786291521566e-07
40950.000000000095 5.589013242446178e-07
41000.000000000095 6.244487140456367e-07
41050.000000000095 7.070055264952314e-07
41100.000000000095 5.594271667916672e-07
41150.000000000095 5.139331648667584e-07
41200.000000000095 6.873983410265614e-07
41250.000000000095 6.554321441387901e-07
41300.000000000095 5.312195848656372e-07
41350.000000000095 7.272594293500715e-07
41400.000000000095 6.595507129991282e-07
41450.000000000095 6.948211121032662e-07
41500.000000000095 5.809434586967691e-07
41550.000000000095 5.874973778069732e-07
41600.000000000095 7.029706105718758e-07
41650.000000000095 5.818653133519294e-07
41700.000000000095 5.993410518826572e-07
41750.000000000095 5.046850236600871e-07
41800.000000000095 7.167786602462688e-07
41850.000000000095 4.210245488735305e-07
41900.000000000095 5.682298781982218e-07
41950.000000000095 5.451315765629467e-07
42000.000000000095 5.85856576578015e-07
42050.000000000095 5.26624317170132e-07
42100.000000000095 5.741856495442379e-07
42150.000000000095 4.51880097383532e-07
42200.000000000095 5.258140458332443e-07
42250.000000000095 4.564390526600723e-07
42300.000000000095 5.121075380100648e-07
42350.000000000095 5.258962940248971e-07
42400.000000000095 4.1941892793961413e-07
42450.000000000095 4.194307361101562e-07
42500.000000000095 4.127009077074832e-07
42550.000000000095 4.47741322685929e-07
42600.000000000095 4.3761141545730955e-07
42650.000000000095 5.620873477925608e-07
42700.000000000095 4.4033097966381965e-07
42750.000000000095 4.3858953107881796e-07
42800.000000000095 3.860079713845976e-07
42850.000000000095 4.484539753178857e-07
42900.000000000095 4.847014239682324e-07
42950.000000000095 3.904192654923815e-07
43000.000000000095 5.204082590381808e-07
43050.000000000095 3.4324225227681006e-07
43100.000000000095 4.5480569882883645e-07
43150.000000000095 5.050690120394441e-07
43200.000000000095 5.028588788593308e-07
43250.000000000095 4.6178307549944994e-07
43300.000000000095 5.521004473442329e-07
43350.000000000095 4.3392873175130856e-07
43400.000000000095 5.132191490708083e-07
43450.000000000095 3.732506147208251e-07
43500.000000000095 3.585224386140958e-07
43550.000000000095 3.809855238704023e-07
43600.000000000095 4.903585914070487e-07
43650.000000000095 3.544667661644765e-07
43700.000000000095 5.213010531199289e-07
43750.000000000095 5.169955136496753e-07
43800.000000000095 4.114553046352348e-07
43850.000000000095 4.58801661577119e-07
43900.000000000095 3.2857389851069055e-07
43950.000000000095 3.7930599347025453e-07
44000.000000000095 2.551026738657151e-07
44050.000000000095 4.0023412418128883e-07
44100.000000000095 4.0751544957387773e-07
44150.000000000095 4.1623950606519875e-07
44200.000000000095 3.4420696936470856e-07
44250.000000000095 3.4288234721503853e-07
44300.000000000095 3.1503049921320597e-07
44350.000000000095 2.47516249686787e-07
44400.000000000095 2.8486343786515606e-07
44450.000000000095 2.915776825429357e-07
44500.000000000095 2.2657058091819225e-07
44550.000000000095 2.742323582146846e-07
44600.000000000095 2.248942570522713e-07
44650.000000000095 2.6490306954607045e-07
44700.000000000095 2.3887868458655123e-07
44750.000000000095 2.5657190954648873e-07
44800.000000000095 2.303987019674227e-07
44850.000000000095 2.2284221637250846e-07
44900.000000000095 1.735604634059165e-07
44950.000000000095 1.8097660831494874e-07
45000.000000000095 1.8802661734037043e-07
45050.000000000095 1.9819678738732904e-07
45100.000000000095 1.748620772501057e-07
45150.000000000095 1.6927904720440734e-07
45200.000000000095 1.3029557437779912e-07
45250.000000000095 1.4398249866815582e-07
45300.000000000095 1.6298700133990872e-07
45350.000000000095 1.6936791401891376e-07
45400.000000000095 1.2413358913815352e-07
45450.000000000095 1.2944955843028426e-07
45500.000000000095 1.294528734217621e-07
45550.000000000095 1.5356258525184086e-07
45600.000000000095 1.257247322573498e-07
45650.000000000095 1.2571445903973157e-07
45700.000000000095 1.5689686152713624e-07
45750.000000000095 1.3886215143387937e-07
45800.000000000095 1.2020930316058048e-07
45850.000000000095 1.846285674369227e-07
45900.000000000095 1.8037174694096602e-07
45950.000000000095 1.2616164926908539e-07
46000.000000000095 1.6899157318236584e-07
46050.000000000095 1.7842425871916972e-07
46100.000000000095 1.2623346566276618e-07
46150.000000000095 1.743640974902891e-07
46200.000000000095 1.6039314257593498e-07
46250.000000000095 9.18173481671049e-08
46300.000000000095 1.9583818406487093e-07
46350.000000000095 1.3478799504870536e-07
46400.000000000095 1.708767681231734e-07
46450.000000000095 2.2274093360242843e-07
46500.000000000095 1.615387546365197e-07
46550.000000000095 2.1625638355645807e-07
46600.000000000095 2.215780241709499e-07
46650.000000000095 3.4978872701334474e-07
46700.000000000095 2.5397642336005083e-07
46750.000000000095 2.045260059552024e-07
46800.000000000095 1.5568532235670152e-07
46850.000000000095 2.4200108976702936e-07
46900.000000000095 2.0007639212501798e-07
46950.000000000095 2.638446383413992e-07
47000.000000000095 1.5934104515434057e-07
47050.000000000095 2.848834672441949e-07
47100.000000000095 1.3816962442382978e-07
47150.000000000095 1.7210186354112294e-07
47200.000000000095 2.1574831010903974e-07
47250.000000000095 1.5039176482253655e-07
47300.000000000095 1.745986029951311e-07
47350.000000000095 1.3270213931508977e-07
47400.000000000095 2.3435186879369497e-07
47450.000000000095 1.3720700261741116e-07
47500.000000000095 2.533555173346193e-07
47550.000000000095 1.4195253975159337e-07
47600.000000000095 2.3296674876373328e-07
47650.000000000095 1.425058477745848e-07
47700.000000000095 2.187581809204686e-07
47750.000000000095 1.1550254884201797e-07
47800.000000000095 1.9678652329406378e-07
47850.000000000095 1.0925638773180748e-07
47900.000000000095 1.9047944587007322e-07
47950.000000000095 1.4638158674947246e-07
48000.000000000095 2.693591664000908e-07
48050.000000000095 1.7129820017122312e-07
48100.000000000095 2.1807558881663808e-07
48150.000000000095 1.6274892547160395e-07
48200.000000000095 2.4067456642754416e-07
48250.000000000095 1.7404232456496735e-07
48300.000000000095 2.991594609291562e-07
48350.000000000095 1.4950487350181483e-07
48400.000000000095 2.0589107980187905e-07
48450.000000000095 1.4944485760848066e-07
48500.000000000095 2.8996767201323343e-07
48550.000000000095 1.4192030211534114e-07
48600.000000000095 2.464469762860153e-07
