galfind/configs/Brown_Dwarf_templates/sonora_cholla/logkzz2/56g/1050K_56g_logkzz2_resample.dat
# %ECSV 1.0
# ---
# datatype:
# - {name: wav, unit: Angstrom, datatype: float64}
# - {name: flux_nu, unit: erg / (cm2 Hz s), datatype: float64}
# schema: astropy-2.0
wav flux_nu
[from data line 1161]
68050.00000000009 2.0688915390385705e-07
68100.00000000009 2.2423311998302793e-07
68150.00000000009 1.7880997122802301e-07
68200.00000000009 1.7748671237158395e-07
68250.00000000009 9.976814528260498e-08
68300.00000000009 1.5870879110828692e-07
68350.00000000009 8.673890586982805e-08
68400.00000000009 2.3167849776882263e-07
68450.00000000009 2.2403920974379837e-07
68500.00000000009 1.8881061850441413e-07
68550.00000000009 1.3834932861125682e-07
68600.00000000009 1.4491111169960625e-07
68650.00000000009 1.0385609836271874e-07
68700.00000000009 1.5718035294848602e-07
68750.00000000009 1.889661922689531e-07
68800.00000000009 1.9976812528484918e-07
68850.00000000009 1.1648006604202644e-07
68900.00000000009 2.410219256608799e-07
68950.00000000009 2.406545958282555e-07
69000.00000000009 2.2232320435174827e-07
69050.00000000009 1.5620092594672264e-07
69100.00000000009 2.263959949290509e-07
69150.00000000009 2.818312834585537e-07
69200.00000000009 1.856742161131216e-07
69250.00000000009 2.512244779741569e-07
69300.00000000009 1.7853168670810496e-07
69350.00000000009 2.3778704032823106e-07
69400.00000000009 1.2458622819617342e-07
69450.00000000009 2.3933808376935394e-07
69500.00000000009 1.7626380680593227e-07
69550.00000000009 1.7974462789252385e-07
69600.00000000009 8.293955162170557e-08
69650.00000000009 1.7017618541430519e-07
69700.00000000009 2.2978432492326178e-07
69750.00000000009 1.6239328626479343e-07
69800.00000000009 2.1883133072264265e-07
69850.00000000009 2.1987482626076003e-07
69900.00000000009 1.504868783368388e-07
69950.00000000009 1.8316268606192876e-07
70000.00000000009 1.6409360332250303e-07
70050.00000000009 2.3038594736161721e-07
70100.00000000009 1.8192722221654143e-07
70150.00000000009 1.8936105329127992e-07
70200.00000000009 1.3818574699204128e-07
70250.00000000009 1.8182714249658126e-07
70300.00000000009 2.195699846581289e-07
70350.00000000009 1.6050123800591815e-07
70400.00000000009 1.6208749528868898e-07
70450.00000000009 9.108167852119919e-08
70500.00000000009 1.2975355173004504e-07
70550.00000000009 1.4381300945950333e-07
70600.00000000009 1.348865749318346e-07
70650.00000000009 1.8921281664957242e-07
70700.00000000009 1.7881310712053297e-07
70750.00000000009 1.92956822643364e-07
70800.00000000009 1.3232122435756345e-07
70850.00000000009 1.4204814856583652e-07
70900.00000000009 1.3066586303244014e-07
70950.00000000009 2.1753047768948556e-07
71000.00000000009 1.7510346415402883e-07
71050.00000000009 1.7776803494303066e-07
71100.00000000009 1.612302482430108e-07
71150.00000000009 1.7571563110821978e-07
71200.00000000009 1.5433857174994595e-07
71250.00000000009 1.5750320691229645e-07
71300.00000000009 2.044456087871552e-07
71350.00000000009 1.9516076140995007e-07
71400.00000000009 1.9703417863342405e-07
71450.00000000009 1.1674103438448718e-07
71500.00000000009 1.428861571198623e-07
71550.00000000009 1.5305530009638604e-07
71600.00000000009 1.5650014904806757e-07
71650.00000000009 1.613062657094478e-07
71700.00000000009 1.3400415092705162e-07
71750.00000000009 1.508098147217775e-07
71800.00000000009 1.955245386698251e-07
71850.00000000009 1.8570166307811618e-07
71900.00000000009 1.3955813279002891e-07
71950.00000000009 1.4102453906943195e-07
72000.00000000009 1.4470591817025756e-07
72050.00000000009 1.216526122562399e-07
72100.00000000009 1.3841602910634931e-07
72150.00000000009 1.0910317555355972e-07
72200.00000000009 1.3463452008941983e-07
72250.00000000009 1.5613489364525503e-07
72300.00000000009 1.5539579285915577e-07
72350.00000000009 1.5693182721975894e-07
72400.00000000009 1.2092091619599187e-07
72450.00000000009 1.1809490091965808e-07
72500.00000000009 1.3915755482019212e-07
72550.00000000009 8.523299942063026e-08
72600.00000000009 7.900061351300785e-08
72650.00000000009 1.6126473723469343e-07
72700.00000000009 1.6407526731623963e-07
72750.00000000009 1.3818360149328096e-07
72800.00000000009 1.30290760170885e-07
72850.00000000009 1.177412543666873e-07
72900.00000000009 1.3271772982475493e-07
72950.00000000009 1.4829127551430068e-07
73000.00000000009 1.5069807158355132e-07
73050.00000000009 1.284037201715103e-07
73100.00000000009 1.0948093047934482e-07
73150.00000000009 1.8045544422375795e-07
73200.00000000009 1.1514008549406265e-07
73250.00000000009 1.2641494080397898e-07
73300.00000000009 1.370227389351923e-07
73350.00000000009 1.1554372277358908e-07
73400.00000000009 1.3549433978672494e-07
73450.00000000009 9.23268795836676e-08
73500.00000000009 9.569530905658453e-08
73550.00000000009 1.1907523518107091e-07
73600.00000000009 9.461773080040129e-08
73650.00000000009 1.26721953235488e-07
73700.00000000009 1.5119803252475987e-07
73750.00000000009 9.633602809278546e-08
73800.00000000009 1.2103285802863277e-07
73850.00000000009 1.2610669398038002e-07
73900.00000000009 1.4164914633920758e-07
73950.00000000009 1.2526461211329711e-07
74000.00000000009 1.1833625764878751e-07
74050.00000000009 1.7927761797398533e-07
74100.00000000009 1.0752976807394117e-07
74150.00000000009 1.328463883638022e-07
74200.00000000009 1.1900121080046506e-07
74250.00000000009 8.119906785453447e-08
74300.00000000009 1.1913005024203745e-07
74350.00000000009 1.4110120030177259e-07
74400.00000000009 1.3256214238503434e-07
74450.00000000009 8.027554621175387e-08
74500.00000000009 1.0033679949691907e-07
74550.00000000009 1.1602457466708958e-07
74600.00000000009 1.226513740726758e-07
74650.00000000009 1.2254659891229873e-07
74700.00000000009 9.617365015243095e-08
74750.00000000009 1.1011826419068722e-07
74800.00000000009 1.161591747386698e-07
74850.00000000009 7.084273887041775e-08
74900.00000000009 1.4837173577915513e-07
74950.00000000009 1.5812709157026007e-07
75000.00000000009 1.27913747308562e-07
75050.00000000009 1.0409073162650356e-07
75100.00000000009 1.6709383149505375e-07
75150.00000000009 1.3882992633496405e-07
75200.00000000009 1.6580766329650433e-07
75250.00000000009 1.3385801088682554e-07
75300.00000000009 1.5679304926586155e-07
75350.00000000009 9.961010254115857e-08
75400.00000000009 1.540649895965996e-07
75450.00000000009 1.3278128131290188e-07
75500.00000000009 1.1622446892775467e-07
75550.00000000009 1.7296623432494748e-07
75600.00000000009 1.8920862257837293e-07
75650.00000000009 1.188125412850633e-07
75700.00000000009 1.3569389437345877e-07
75750.00000000009 9.875165476794864e-08
75800.00000000009 1.502438632916833e-07
75850.00000000009 1.8768021859086387e-07
75900.00000000009 1.6674008562016284e-07
75950.00000000009 1.3206338479337992e-07
76000.00000000009 1.3549677799844477e-07
76050.00000000009 1.675677992381738e-07
76100.00000000009 1.3697746626207662e-07
76150.00000000009 1.7008180094383866e-07
76200.00000000009 1.7169124765166884e-07
76250.00000000009 1.944561820462996e-07
76300.00000000009 1.9681683164597126e-07
76350.00000000009 2.3234194867461616e-07
76400.00000000009 1.8760530075684982e-07
76450.00000000009 1.8602476049866407e-07
76500.00000000009 1.4187506405634464e-07
76550.00000000009 1.410366859883963e-07
76600.00000000009 7.738104178852915e-08
76650.00000000009 7.6633303015353e-08
76700.00000000009 9.233597784828253e-08
76750.00000000009 8.21553228972651e-08
76800.00000000009 1.2039182704653167e-07
76850.00000000009 5.3736351016045406e-08
76900.00000000009 6.528286568997827e-08
76950.00000000009 9.357195310061686e-08
77000.00000000009 1.0425587115684788e-07
77050.00000000009 7.182250332623171e-08
77100.00000000009 8.004126785833031e-08
77150.00000000009 1.181689869821814e-07
77200.00000000009 9.367471406438177e-08
77250.00000000009 1.05534594836637e-07
77300.00000000009 9.951987376368935e-08
77350.00000000009 7.05500592388392e-08
77400.00000000009 6.40974444987245e-08
77450.00000000009 6.925705233368553e-08
77500.00000000009 8.215197651602533e-08
77550.00000000009 9.464836326077923e-08
77600.00000000009 9.889012073286347e-08
77650.00000000009 9.796198937402246e-08
77700.00000000009 6.998124666671595e-08
77750.00000000009 1.1270257036235696e-07
77800.00000000009 8.961751554147979e-08
77850.00000000009 1.329114340866637e-07
77900.00000000009 1.0815333388280375e-07
77950.00000000009 7.530782818638993e-08
78000.00000000009 9.0357151304786e-08
78050.00000000009 1.1878857581211342e-07
78100.00000000009 9.008416407178227e-08
78150.00000000009 1.2473928877978555e-07
78200.00000000009 1.254799671466719e-07
78250.00000000009 1.3119081275596643e-07
78300.00000000009 1.3419913462197675e-07
78350.00000000009 1.2102714654518978e-07
78400.00000000009 1.1738045980013e-07
78450.00000000009 1.5119331423948718e-07
78500.00000000009 1.2940799140594052e-07
78550.00000000009 1.49435428446122e-07
78600.00000000009 1.2892522893549432e-07
78650.00000000009 6.945187756670077e-08
78700.00000000009 1.0202780386545471e-07
78750.00000000009 9.886582836187102e-08
78800.00000000009 1.3200160379337138e-07
78850.00000000009 1.0182394203475295e-07
78900.00000000009 1.2721600674664047e-07
78950.00000000009 1.1648419667511555e-07
79000.00000000009 1.1421691087454536e-07
79050.00000000009 1.0250502108767234e-07
79100.00000000009 1.119568012763814e-07
79150.00000000009 1.2539582187193765e-07
79200.00000000009 1.5586075131580881e-07
79250.00000000009 1.401349248087044e-07
79300.00000000009 9.61998643207989e-08
79350.00000000009 1.3586316307274815e-07
79400.00000000009 1.2033718294556765e-07
79450.00000000009 1.1710714265614829e-07
79500.00000000009 1.8019375179519668e-07
79550.00000000009 1.4381372342433584e-07
79600.00000000009 1.0698470016556553e-07
79650.00000000009 1.316394862305801e-07
79700.00000000009 1.6610374610126188e-07
79750.00000000009 1.5254395426576075e-07
79800.00000000009 1.325459156189278e-07
79850.00000000009 1.265803330885781e-07
79900.00000000009 1.8355018148020904e-07
79950.00000000009 1.197810966933193e-07
