galfind/configs/Brown_Dwarf_templates/sonora_cholla/logkzz2/56g/1050K_56g_logkzz2_resample.dat
# %ECSV 1.0
# ---
# datatype:
# - {name: wav, unit: Angstrom, datatype: float64}
# - {name: flux_nu, unit: erg / (cm2 Hz s), datatype: float64}
# schema: astropy-2.0
wav flux_nu
10000.000000000093 nan
10050.000000000093 2.0039302062227226e-07
10100.000000000093 2.410347413852333e-07
10150.000000000093 2.5240207137472537e-07
10200.000000000093 2.825968424584474e-07
10250.000000000093 3.03072995339769e-07
10300.000000000093 3.0351598903203173e-07
10350.000000000093 3.5107182493560637e-07
10400.000000000093 3.95368705959979e-07
10450.000000000093 3.983173229408899e-07
10500.000000000093 3.739417762474067e-07
10550.000000000093 3.698781650892383e-07
10600.000000000093 3.848969928354638e-07
10650.000000000093 4.2434521853854516e-07
10700.000000000093 4.5317856362807124e-07
10750.000000000093 4.880049795792059e-07
10800.000000000093 5.086180666195726e-07
10850.000000000093 5.491575850231096e-07
10900.000000000093 4.6012027831887966e-07
10950.000000000093 3.166421170265267e-07
11000.000000000093 2.8426080479771497e-07
11050.000000000093 2.2991546812372735e-07
11100.000000000093 2.1265752675277785e-07
11150.000000000093 1.6667925274426333e-07
11200.000000000093 1.569396014586808e-07
11250.000000000093 1.8959206231646412e-07
11300.000000000093 1.8823559191868835e-07
11350.000000000093 1.0733673376657257e-07
11400.000000000093 1.8124245983902126e-07
11450.000000000093 1.434995864327886e-07
11500.000000000093 1.6229099140338774e-07
11550.000000000093 1.108131659643371e-07
11600.000000000093 1.1855095397077733e-07
11650.000000000093 1.4695313848280868e-07
11700.000000000093 1.5859054266586295e-07
11750.000000000093 1.04036844155044e-07
11800.000000000093 1.705575621025807e-07
11850.000000000093 2.2603691244474725e-07
11900.000000000093 2.3472817920531387e-07
11950.000000000093 3.025403726474376e-07
12000.000000000093 3.2675799442244304e-07
12050.000000000093 3.9857291305654795e-07
12100.000000000093 4.4563818103724095e-07
12150.000000000093 4.886285152097372e-07
12200.000000000093 5.569512462682777e-07
12250.000000000093 6.283549660636933e-07
12300.000000000093 6.713864744778489e-07
12350.000000000093 7.037402351657711e-07
12400.000000000093 7.240952536780424e-07
12450.000000000093 8.08710745856325e-07
12500.000000000093 8.578515365786855e-07
12550.000000000093 8.960454907231701e-07
12600.000000000093 9.055119357280717e-07
12650.000000000093 9.051271169616623e-07
12700.000000000093 9.568723369799448e-07
12750.000000000093 9.046174728618846e-07
12800.000000000093 9.328744780282064e-07
12850.000000000093 8.50422242118889e-07
12900.000000000093 7.728906165833635e-07
12950.000000000093 8.202856165238922e-07
13000.000000000093 7.960863569938398e-07
13050.000000000093 7.76752912409545e-07
13100.000000000093 7.040799492637893e-07
13150.000000000093 6.162488880284616e-07
13200.000000000093 5.875361012330301e-07
13250.000000000093 4.6578637861418214e-07
13300.000000000093 2.6430777662065587e-07
13350.000000000093 9.487574785794135e-08
13400.000000000093 5.616044157448985e-08
13450.000000000093 3.3195920547648605e-08
13500.000000000093 2.066750358661869e-08
13550.000000000093 1.746368511017949e-08
13600.000000000093 1.0193815368348823e-08
13650.000000000093 2.4359968893572925e-08
13700.000000000093 2.0431246899868565e-08
13750.000000000093 2.0084952657810742e-08
13800.000000000093 2.567071301457952e-08
13850.000000000093 2.0958958136924268e-08
13900.000000000093 2.1106104425249646e-08
13950.000000000093 1.846191138604131e-08
14000.000000000093 1.637074682249407e-08
14050.000000000093 2.0884087875163446e-08
14100.000000000093 1.6819970610881076e-08
14150.000000000093 2.2390941222622824e-08
14200.000000000093 1.8669930464811463e-08
14250.000000000093 1.9132962229975597e-08
14300.000000000093 2.7210763895476524e-08
14350.000000000093 2.606362616441926e-08
14400.000000000093 3.251054496315094e-08
14450.000000000093 3.367065492408854e-08
14500.000000000093 5.856387795391517e-08
14550.000000000093 5.8700637190142834e-08
14600.000000000093 7.471972232913773e-08
14650.000000000093 8.244683396125539e-08
14700.000000000093 5.92296879773978e-08
14750.000000000093 8.000927976694607e-08
14800.000000000093 9.925554769238442e-08
14850.000000000093 1.0144501336898013e-07
14900.000000000093 1.134727810318748e-07
14950.000000000093 1.2353400023581233e-07
15000.000000000093 1.2981371672746072e-07
15050.000000000093 1.6592789611142257e-07
15100.000000000093 1.8156001318270362e-07
15150.000000000093 1.9959086758036556e-07
15200.000000000093 1.7511421530722767e-07
15250.000000000093 2.104443174837894e-07
15300.000000000093 2.4513313916123307e-07
15350.000000000093 2.852068804134867e-07
15400.000000000093 3.0845832592369627e-07
15450.000000000093 3.525071702020495e-07
15500.000000000093 3.704105228858892e-07
15550.000000000093 4.193009667202774e-07
15600.000000000093 4.414035074432562e-07
15650.000000000093 4.556210437511405e-07
15700.000000000093 5.294152478353561e-07
15750.000000000093 5.668449651368773e-07
15800.000000000093 5.427420293547554e-07
15850.000000000093 5.929224621855672e-07
15900.000000000093 5.759833214978406e-07
15950.000000000093 5.716576771593809e-07
16000.000000000093 5.529150922304087e-07
16050.000000000093 4.919734383130673e-07
16100.000000000093 4.4685397382457707e-07
16150.000000000093 3.2406134377750674e-07
16200.000000000093 2.578108164293416e-07
16250.000000000093 2.607773295464836e-07
16300.000000000093 2.288517298353954e-07
16350.000000000093 2.4093265217973553e-07
16400.000000000095 2.7408887885178935e-07
16450.000000000095 3.0263757642406944e-07
16500.000000000095 3.1851834257767995e-07
16550.000000000095 2.9831357257899473e-07
16600.000000000095 2.804052969818982e-07
16650.000000000095 2.399873503109761e-07
16700.000000000095 1.1883459411861701e-07
16750.000000000095 1.4477988703433024e-07
16800.000000000095 2.2161237342303739e-07
16850.000000000095 2.2421196887641272e-07
16900.000000000095 1.953392928483165e-07
16950.000000000095 1.7227835872934828e-07
17000.000000000095 1.4745599411273818e-07
17050.000000000095 1.7769573238249862e-07
17100.000000000095 1.9870458870990347e-07
17150.000000000095 1.5490611868381963e-07
17200.000000000095 2.0000696544521153e-07
17250.000000000095 1.7037678091061705e-07
17300.000000000095 1.4028834330167514e-07
17350.000000000095 1.3579632272575973e-07
17400.000000000095 1.282922600117601e-07
17450.000000000095 1.4057894471402647e-07
17500.000000000095 1.6049899505919203e-07
17550.000000000095 1.3392287316462598e-07
17600.000000000095 1.1771286507551762e-07
17650.000000000095 1.1913979841418797e-07
17700.000000000095 8.032597342206319e-08
17750.000000000095 7.91075541024266e-08
17800.000000000095 1.0324863210192156e-07
17850.000000000095 6.930201886214717e-08
17900.000000000095 7.903155400037907e-08
17950.000000000095 5.66764873418902e-08
18000.000000000095 6.413982508177815e-08
18050.000000000095 6.991633276501283e-08
18100.000000000095 5.9115617800129304e-08
18150.000000000095 9.018833747532861e-08
18200.000000000095 5.709178186012837e-08
18250.000000000095 1.0517422940577985e-07
18300.000000000095 7.342416721009876e-08
18350.000000000095 6.527243112232516e-08
18400.000000000095 5.9407014564197676e-08
18450.000000000095 6.242787740051266e-08
18500.000000000095 7.531232956980944e-08
18550.000000000095 5.9018927948645277e-08
18600.000000000095 4.868445023427818e-08
18650.000000000095 4.9455086847529894e-08
18700.000000000095 5.283545025021302e-08
18750.000000000095 5.6308730833752964e-08
18800.000000000095 9.232594810422744e-08
18850.000000000095 1.1064585696799062e-07
18900.000000000095 1.029389172566686e-07
18950.000000000095 1.4051784720225404e-07
19000.000000000095 1.1622504501897686e-07
19050.000000000095 9.412136563147218e-08
19100.000000000095 1.3929913412272842e-07
19150.000000000095 1.2443304377914062e-07
19200.000000000095 1.274077418165735e-07
19250.000000000095 1.1869111043806615e-07
19300.000000000095 1.0779947923882376e-07
19350.000000000095 9.636915988138903e-08
19400.000000000095 6.427159478497893e-08
19450.000000000095 1.1072276428238993e-07
19500.000000000095 1.0060737405577175e-07
19550.000000000095 7.980761233000911e-08
19600.000000000095 1.1021418989847632e-07
19650.000000000095 1.156482147722533e-07
19700.000000000095 1.1926887991044513e-07
19750.000000000095 1.1751162187764148e-07
19800.000000000095 1.3666245909316707e-07
19850.000000000095 1.538509387681572e-07
19900.000000000095 1.0881958463389226e-07
19950.000000000095 1.7487039200197456e-07
20000.000000000095 1.7369547550503704e-07
20050.000000000095 1.8454916662426332e-07
20100.000000000095 1.9810018234733034e-07
20150.000000000095 1.8674130962429732e-07
20200.000000000095 2.262372175606533e-07
20250.000000000095 2.539961302871395e-07
20300.000000000095 2.2606763430252555e-07
20350.000000000095 2.5603128435223923e-07
20400.000000000095 2.537409146342316e-07
20450.000000000095 3.131351360262074e-07
20500.000000000095 3.1249307343225245e-07
20550.000000000095 2.94813453649459e-07
20600.000000000095 3.569564140585066e-07
20650.000000000095 3.2422217037018787e-07
20700.000000000095 3.4286848733651615e-07
20750.000000000095 3.862867105887848e-07
20800.000000000095 3.7918825984558185e-07
20850.000000000095 3.656684139941081e-07
20900.000000000095 3.935534736832732e-07
20950.000000000095 3.6383559884328787e-07
21000.000000000095 3.953514409450736e-07
21050.000000000095 3.6675849027867105e-07
21100.000000000095 3.6266255199216186e-07
21150.000000000095 3.5564804771532334e-07
21200.000000000095 3.421959493209954e-07
21250.000000000095 3.4229258103783005e-07
21300.000000000095 2.984564608220118e-07
21350.000000000095 3.1953451084127715e-07
21400.000000000095 2.747255817961507e-07
21450.000000000095 2.6097752731757735e-07
21500.000000000095 2.598776985357885e-07
21550.000000000095 2.405285506167682e-07
21600.000000000095 2.225516464256792e-07
21650.000000000095 1.8840998147049275e-07
21700.000000000095 2.0069077053712775e-07
21750.000000000095 1.834819486833878e-07
21800.000000000095 1.583741646880718e-07
21850.000000000095 1.366822918764706e-07
21900.000000000095 1.1920645377312312e-07
21950.000000000095 6.119829321761529e-08
22000.000000000095 4.239587577756425e-08
22050.000000000095 2.7683413035393933e-08
22100.000000000095 4.1042319659758684e-08
22150.000000000095 5.317262918931078e-08
22200.000000000095 5.328966369726528e-08
22250.000000000095 4.729207010673104e-08
22300.000000000095 4.6907091919039506e-08
22350.000000000095 4.2262564552975903e-08
22400.000000000095 3.631990304629932e-08
22450.000000000095 3.208310448735759e-08
22500.000000000095 3.494699617447225e-08
22550.000000000095 1.9092252819082727e-08
22600.000000000095 2.6924310399469165e-08
22650.000000000095 2.7954149306120607e-08
22700.000000000095 2.5881534000077037e-08
22750.000000000095 2.677349714279888e-08
22800.000000000095 2.3146599497867838e-08
22850.000000000095 2.099821418655866e-08
22900.000000000095 1.7674963341396162e-08
22950.000000000095 1.98751744894198e-08
23000.000000000095 1.547354099970816e-08
23050.000000000095 2.3285872057781914e-08
23100.000000000095 3.481626239818278e-08
23150.000000000095 3.799943785621281e-08
23200.000000000095 1.6114492075879656e-08
23250.000000000095 1.470270900311769e-08
23300.000000000095 1.4408835801337175e-08
23350.000000000095 1.2663167370926675e-08
23400.000000000095 1.8488720851237547e-08
23450.000000000095 1.6272585130123927e-08
23500.000000000095 1.6068386951585777e-08
23550.000000000095 2.4033093534409204e-08
23600.000000000095 2.3791635720205875e-08
23650.000000000095 3.114453811561312e-08
23700.000000000095 1.828675710988501e-08
23750.000000000095 1.4935961948821604e-08
23800.000000000095 1.781641469663372e-08
23850.000000000095 1.92014517809765e-08
23900.000000000095 3.137678557324614e-08
23950.000000000095 3.256729579991202e-08
24000.000000000095 3.9077562133564946e-08
24050.000000000095 4.7509603352306575e-08
24100.000000000095 3.7202785554274756e-08
24150.000000000095 4.190363150179982e-08
24200.000000000095 4.458871713156045e-08
24250.000000000095 3.530575553612389e-08
24300.000000000095 4.29436461341739e-08
24350.000000000095 3.801721955659814e-08
24400.000000000095 5.7456161100370575e-08
24450.000000000095 4.6445879332307856e-08
24500.000000000095 5.6390842626458085e-08
24550.000000000095 5.4800114157837454e-08
24600.000000000095 6.372844508900393e-08
24650.000000000095 6.893725877479155e-08
24700.000000000095 5.818793246259179e-08
24750.000000000095 5.139288073750432e-08
24800.000000000095 5.9557058396741994e-08
24850.000000000095 7.96906847063859e-08
24900.000000000095 4.6987983840964533e-08
24950.000000000095 7.453111690289865e-08
25000.000000000095 7.595478438966698e-08
25050.000000000095 5.8949303633299616e-08
25100.000000000095 6.995135195313552e-08
25150.000000000095 4.475262008589912e-08
25200.000000000095 6.473909711213848e-08
25250.000000000095 4.4773454326109656e-08
25300.000000000095 6.681561684289271e-08
25350.000000000095 3.399600203676625e-08
25400.000000000095 6.321702390980989e-08
25450.000000000095 4.508666018688897e-08
25500.000000000095 4.2452324164398487e-08
25550.000000000095 5.103988787858164e-08
25600.000000000095 3.4527260505450446e-08
25650.000000000095 3.237046861022565e-08
25700.000000000095 5.7331862433630916e-08
25750.000000000095 3.075256203174765e-08
25800.000000000095 5.547074083810596e-08
25850.000000000095 2.988901179776759e-08
25900.000000000095 3.805987986986063e-08
25950.000000000095 2.797339305386851e-08
26000.000000000095 5.497525385036437e-08
26050.000000000095 4.189398230305005e-08
26100.000000000095 6.034425334682442e-08
26150.000000000095 4.724929201918907e-08
26200.000000000095 5.984651484672225e-08
26250.000000000095 7.203297079916311e-08
26300.000000000095 5.152026199472198e-08
26350.000000000095 8.192244354361034e-08
26400.000000000095 9.890640840685426e-08
26450.000000000095 8.969758244817534e-08
26500.000000000095 8.02105670860068e-08
26550.000000000095 7.038694118118301e-08
26600.000000000095 8.69610273902973e-08
26650.000000000095 4.3700715353829777e-08
26700.000000000095 3.327201885847742e-08
26750.000000000095 2.9336283442554257e-08
26800.000000000095 4.57451950837319e-08
26850.000000000095 2.68589890123716e-08
26900.000000000095 5.4859575574215265e-08
26950.000000000095 2.830272429835049e-08
27000.000000000095 6.773188479019074e-08
27050.000000000095 5.961733689214885e-08
27100.000000000095 4.3597098016132055e-08
27150.000000000095 7.987351729836378e-08
27200.000000000095 4.5802075443534036e-08
27250.000000000095 5.472724925969531e-08
27300.000000000095 1.1215247612230967e-07
27350.000000000095 8.212059999421281e-08
27400.000000000095 2.74971744404807e-08
27450.000000000095 1.0609790781241664e-07
27500.000000000095 9.63130409309595e-08
27550.000000000095 5.910884449363039e-08
27600.000000000095 1.0126866096028427e-07
27650.000000000095 4.73892307016107e-08
27700.000000000095 3.659882789329778e-08
27750.000000000095 9.58818074823197e-08
27800.000000000095 4.9258445648292756e-08
27850.000000000095 5.719090999437392e-08
27900.000000000095 7.217593768952969e-08
27950.000000000095 7.491165795529044e-08
28000.000000000095 8.664627421355029e-08
28050.000000000095 3.897574559783244e-08
28100.000000000095 1.0384147811401075e-07
28150.000000000095 8.085788026999017e-08
28200.000000000095 3.4979825843459196e-08
28250.000000000095 1.0390775800185436e-07
28300.000000000095 1.4312305311076347e-07
28350.000000000095 4.249413134408316e-08
28400.000000000095 9.559267828456187e-08
28450.000000000095 9.927315352528997e-08
28500.000000000095 8.918947482827981e-08
28550.000000000095 3.8167591078899485e-08
28600.000000000095 1.0647450049464097e-07
28650.000000000095 1.0505650566934397e-07
28700.000000000095 8.68888303648592e-08
28750.000000000095 1.2213798742745963e-07
28800.000000000095 9.831645074598341e-08
28850.000000000095 1.410649647090169e-07
28900.000000000095 6.183916569857433e-08
28950.000000000095 1.357089433899236e-07
29000.000000000095 8.927409493624044e-08
29050.000000000095 1.1061900231509893e-07
29100.000000000095 6.639946309653142e-08
29150.000000000095 1.3881127241748345e-07
29200.000000000095 9.845977794288798e-08
29250.000000000095 1.408860102741842e-07
29300.000000000095 8.333897947801903e-08
