galfind/configs/Brown_Dwarf_templates/sonora_cholla/logkzz2/56g/1100K_56g_logkzz2_resample.dat
# %ECSV 1.0
# ---
# datatype:
# - {name: wav, unit: Angstrom, datatype: float64}
# - {name: flux_nu, unit: erg / (cm2 Hz s), datatype: float64}
# schema: astropy-2.0
wav flux_nu
[from data line 388]
29400.000000000095 1.7174451996060695e-07
29450.000000000095 1.6316897504805156e-07
29500.000000000095 1.6750232608546266e-07
29550.000000000095 1.463011284910188e-07
29600.000000000095 2.138557650424646e-07
29650.000000000095 1.6317757272432274e-07
29700.000000000095 1.5896109226463396e-07
29750.000000000095 1.821191737486684e-07
29800.000000000095 2.3473224450712114e-07
29850.000000000095 2.2409404399462835e-07
29900.000000000095 1.899139943957594e-07
29950.000000000095 1.7252562598110832e-07
30000.000000000095 2.0682988299440255e-07
30050.000000000095 1.6653869073458447e-07
30100.000000000095 1.8184496573855363e-07
30150.000000000095 2.273092052811388e-07
30200.000000000095 1.8085392846485334e-07
30250.000000000095 2.2250753882726414e-07
30300.000000000095 1.9943248278764933e-07
30350.000000000095 1.619703327450226e-07
30400.000000000095 1.929768470449386e-07
30450.000000000095 1.6741492082166685e-07
30500.000000000095 1.5756605536247656e-07
30550.000000000095 1.702735598609094e-07
30600.000000000095 1.7266489317172637e-07
30650.000000000095 1.608963565265154e-07
30700.000000000095 1.4330364895369818e-07
30750.000000000095 1.2571536114962106e-07
30800.000000000095 1.3464457062194329e-07
30850.000000000095 1.2423090516039397e-07
30900.000000000095 1.2119324838357288e-07
30950.000000000095 9.358818359052088e-08
31000.000000000095 1.0640616352458404e-07
31050.000000000095 1.0477872778507621e-07
31100.000000000095 7.327256820949015e-08
31150.000000000095 9.192121822438316e-08
31200.000000000095 8.920037685343734e-08
31250.000000000095 7.772170784455853e-08
31300.000000000095 7.455545101180502e-08
31350.000000000095 7.06854819336205e-08
31400.000000000095 4.9601825525989365e-08
31450.000000000095 7.602961601209677e-08
31500.000000000095 5.514245431374206e-08
31550.000000000095 7.173046890994601e-08
31600.000000000095 4.9157450909929676e-08
31650.000000000095 5.5207825305740494e-08
31700.000000000095 5.519206002898617e-08
31750.000000000095 4.70101813679526e-08
31800.000000000095 5.0762854783771043e-08
31850.000000000095 5.127296120186879e-08
31900.000000000095 4.595622233603815e-08
31950.000000000095 5.0197005242944787e-08
32000.000000000095 4.854883617667871e-08
32050.000000000095 3.539326824812362e-08
32100.000000000095 3.671501138863517e-08
32150.000000000095 4.6044344246621705e-08
32200.000000000095 3.903215823589063e-08
32250.000000000095 4.932837524057004e-08
32300.000000000095 3.5057843320542806e-08
32350.000000000095 5.7033542767908634e-08
32400.000000000095 4.5624941403601383e-08
32450.000000000095 5.8125054093248563e-08
32500.000000000095 4.390275576627696e-08
32550.000000000095 5.509196439566474e-08
32600.000000000095 6.073855722690232e-08
32650.000000000095 7.50469825818274e-08
32700.000000000095 5.719615743890586e-08
32750.000000000095 8.162712981512893e-08
32800.000000000095 5.723165117009858e-08
32850.000000000095 8.083841110511541e-08
32900.000000000095 8.539833993183996e-08
32950.000000000095 9.231141425473323e-08
33000.000000000095 8.353713389443428e-08
33050.000000000095 7.79738625376259e-08
33100.000000000095 4.236322864336569e-08
33150.000000000095 2.099065051810954e-08
33200.000000000095 2.1113873246332972e-08
33250.000000000095 1.0666690287281791e-08
33300.000000000095 1.0594526515999674e-08
33350.000000000095 1.8097425146823e-08
33400.000000000095 2.434222237291398e-08
33450.000000000095 3.077438943468094e-08
33500.000000000095 3.73404440730117e-08
33550.000000000095 3.810863193343261e-08
33600.000000000095 5.783694632248938e-08
33650.000000000095 5.681852888920884e-08
33700.000000000095 5.5586911764755675e-08
33750.000000000095 6.894854380643986e-08
33800.000000000095 5.9366367476659756e-08
33850.000000000095 7.361661395837304e-08
33900.000000000095 6.596430637315506e-08
33950.000000000095 6.895797909759026e-08
34000.000000000095 7.651192967631442e-08
34050.000000000095 4.268140220635036e-08
34100.000000000095 7.552807232856625e-08
34150.000000000095 6.067940470058482e-08
34200.000000000095 7.206486240138023e-08
34250.000000000095 5.782025206892011e-08
34300.000000000095 4.961047630806424e-08
34350.000000000095 6.248166712968467e-08
34400.000000000095 5.7956147413990467e-08
34450.000000000095 7.453461379127764e-08
34500.000000000095 6.583391322582562e-08
34550.000000000095 4.961507105484462e-08
34600.000000000095 7.506450458989385e-08
34650.000000000095 5.6690526787926375e-08
34700.000000000095 5.824343622942607e-08
34750.000000000095 5.5579047976726075e-08
34800.000000000095 4.210127922404994e-08
34850.000000000095 5.915511616756345e-08
34900.000000000095 7.362853362805966e-08
34950.000000000095 6.037283931683075e-08
35000.000000000095 7.864516030207074e-08
35050.000000000095 6.616049868553592e-08
35100.000000000095 7.7378452816916e-08
35150.000000000095 7.328283962924122e-08
35200.000000000095 1.065909965724591e-07
35250.000000000095 9.468049210086332e-08
35300.000000000095 6.815849055097479e-08
35350.000000000095 9.607079332934595e-08
35400.000000000095 9.090150618685245e-08
35450.000000000095 8.274040640265845e-08
35500.000000000095 1.2083497681394726e-07
35550.000000000095 1.10558010293355e-07
35600.000000000095 1.0948847233751552e-07
35650.000000000095 1.0654474242009704e-07
35700.000000000095 8.168505125974926e-08
35750.000000000095 1.3202404073998363e-07
35800.000000000095 1.2341573728992053e-07
35850.000000000095 9.243242420805306e-08
35900.000000000095 1.3968880074524753e-07
35950.000000000095 1.2168297979309232e-07
36000.000000000095 9.375226375866696e-08
36050.000000000095 1.306623947841283e-07
36100.000000000095 1.260981951875152e-07
36150.000000000095 1.2700279000896984e-07
36200.000000000095 1.289555181886438e-07
36250.000000000095 1.404765313015225e-07
36300.000000000095 1.5087496503999394e-07
36350.000000000095 1.6551645812533285e-07
36400.000000000095 1.8277221147710376e-07
36450.000000000095 1.7762816928419299e-07
36500.000000000095 1.9604693612527103e-07
36550.000000000095 1.7578149960456075e-07
36600.000000000095 2.1682330891791652e-07
36650.000000000095 2.2174748979263684e-07
36700.000000000095 2.440559811642448e-07
36750.000000000095 2.567139608246807e-07
36800.000000000095 2.3845907882861604e-07
36850.000000000095 2.335010044374049e-07
36900.000000000095 2.3478051867236715e-07
36950.000000000095 2.5898732099105484e-07
37000.000000000095 2.483277756712007e-07
37050.000000000095 2.6207267538859085e-07
37100.000000000095 2.885244337975226e-07
37150.000000000095 2.876185341321482e-07
37200.000000000095 2.770374438831848e-07
37250.000000000095 2.529792846002127e-07
37300.000000000095 2.782086462237034e-07
37350.000000000095 2.9017667478296165e-07
37400.000000000095 3.3270050689872577e-07
37450.000000000095 3.25019779488997e-07
37500.000000000095 2.7387103999337955e-07
37550.000000000095 3.7482328199135763e-07
37600.000000000095 3.870682630090206e-07
37650.000000000095 3.2317749354328293e-07
37700.000000000095 3.297622000818001e-07
37750.000000000095 2.870578650411734e-07
37800.000000000095 3.181228928361176e-07
37850.000000000095 3.0700083351745056e-07
37900.000000000095 3.3795671670128265e-07
37950.000000000095 3.7654861328801827e-07
38000.000000000095 4.157731540833347e-07
38050.000000000095 3.7174951276873026e-07
38100.000000000095 4.001503927603386e-07
38150.000000000095 4.2798206761833377e-07
38200.000000000095 4.7249553876112707e-07
38250.000000000095 4.4229697284077137e-07
38300.000000000095 4.992437208966997e-07
38350.000000000095 5.293736620270292e-07
38400.000000000095 4.0057077225248764e-07
38450.000000000095 4.55224379003234e-07
38500.000000000095 4.0767020430006613e-07
38550.000000000095 4.6097158169005254e-07
38600.000000000095 4.7539077027801205e-07
38650.000000000095 5.877909827005715e-07
38700.000000000095 5.23283561849686e-07
38750.000000000095 5.212760665636679e-07
38800.000000000095 4.7558340630219933e-07
38850.000000000095 5.99665524867367e-07
38900.000000000095 5.736064933335793e-07
38950.000000000095 5.561372697189086e-07
39000.000000000095 6.599548177968442e-07
39050.000000000095 5.788008907266292e-07
39100.000000000095 5.710402812814576e-07
39150.000000000095 5.836560469284721e-07
39200.000000000095 5.575070072727128e-07
39250.000000000095 6.574748172102374e-07
39300.000000000095 6.401154799518113e-07
39350.000000000095 7.691214816504308e-07
39400.000000000095 7.532239815286912e-07
39450.000000000095 7.303331494549639e-07
39500.000000000095 5.779454971202919e-07
39550.000000000095 6.477949413320434e-07
39600.000000000095 7.059676986126433e-07
39650.000000000095 7.826281004923761e-07
39700.000000000095 6.759984440171206e-07
39750.000000000095 5.961178568079344e-07
39800.000000000095 7.393159963005261e-07
39850.000000000095 7.752411867298046e-07
39900.000000000095 7.268599218408401e-07
39950.000000000095 7.533713891025224e-07
40000.000000000095 7.727220601409749e-07
40050.000000000095 8.096124420704126e-07
40100.000000000095 7.336004756075398e-07
40150.000000000095 9.137513243443158e-07
40200.000000000095 9.292145798420044e-07
40250.000000000095 7.366307960633238e-07
40300.000000000095 8.371761261227083e-07
40350.000000000095 7.748320231333292e-07
40400.000000000095 8.595038496335194e-07
40450.000000000095 8.542350236494962e-07
40500.000000000095 8.074482783253298e-07
40550.000000000095 8.843087949516934e-07
40600.000000000095 7.895046130013229e-07
40650.000000000095 9.256494367666866e-07
40700.000000000095 1.0478255230144583e-06
40750.000000000095 9.15360993569037e-07
40800.000000000095 7.728414740162968e-07
40850.000000000095 9.117867206420432e-07
40900.000000000095 7.629034711928292e-07
40950.000000000095 8.17298012153693e-07
41000.000000000095 8.754657224836718e-07
41050.000000000095 9.826701192301355e-07
41100.000000000095 7.915287982320303e-07
41150.000000000095 7.49949469553609e-07
41200.000000000095 9.116344242325699e-07
41250.000000000095 9.164245292010485e-07
41300.000000000095 7.165799267553361e-07
41350.000000000095 9.65147874860759e-07
41400.000000000095 9.058762761150175e-07
41450.000000000095 9.266826198261459e-07
41500.000000000095 8.371791323179408e-07
41550.000000000095 8.244556105734116e-07
41600.000000000095 9.238156682533496e-07
41650.000000000095 7.796350539134416e-07
41700.000000000095 8.07692804264751e-07
41750.000000000095 6.624028923429502e-07
41800.000000000095 9.229677367647129e-07
41850.000000000095 5.359861245771275e-07
41900.000000000095 7.516003126058019e-07
41950.000000000095 7.053885201880327e-07
42000.000000000095 7.355799508325802e-07
42050.000000000095 6.228329210316651e-07
42100.000000000095 6.988956251543286e-07
42150.000000000095 5.410499955877396e-07
42200.000000000095 6.373964333523986e-07
42250.000000000095 5.450013884601101e-07
42300.000000000095 6.162339338090237e-07
42350.000000000095 6.159592147880252e-07
42400.000000000095 4.959800170334551e-07
42450.000000000095 4.630588084750937e-07
42500.000000000095 4.807995853305106e-07
42550.000000000095 5.260174633021709e-07
42600.000000000095 5.269240074215723e-07
42650.000000000095 6.353730057283006e-07
42700.000000000095 5.290436003898449e-07
42750.000000000095 5.286027595609555e-07
42800.000000000095 4.610092836751719e-07
42850.000000000095 5.323384085666858e-07
42900.000000000095 5.542034738253766e-07
42950.000000000095 4.525013011642651e-07
43000.000000000095 5.833586869066584e-07
43050.000000000095 4.1946311246595344e-07
43100.000000000095 5.459994876946245e-07
43150.000000000095 5.823021136406692e-07
43200.000000000095 5.715020284669719e-07
43250.000000000095 4.943104931410573e-07
43300.000000000095 6.087474950569045e-07
43350.000000000095 5.22960862023786e-07
43400.000000000095 6.020177327526631e-07
43450.000000000095 4.4561934073614657e-07
43500.000000000095 4.2425844787619634e-07
43550.000000000095 4.4096223183983935e-07
43600.000000000095 5.598299899683236e-07
43650.000000000095 4.032940788228193e-07
43700.000000000095 5.810490634869026e-07
43750.000000000095 5.636851330115251e-07
43800.000000000095 4.5407329272775283e-07
43850.000000000095 5.297158454525962e-07
43900.000000000095 3.6358315951994657e-07
43950.000000000095 4.5065727886277936e-07
44000.000000000095 3.1306828210197827e-07
44050.000000000095 4.533852734841803e-07
44100.000000000095 4.5602997182453325e-07
44150.000000000095 4.747504396831524e-07
44200.000000000095 3.924015336043772e-07
44250.000000000095 4.002033249266501e-07
44300.000000000095 3.7290876797958047e-07
44350.000000000095 2.9137561261705315e-07
44400.000000000095 3.43358259066643e-07
44450.000000000095 3.4569189094059805e-07
44500.000000000095 2.715461316555996e-07
44550.000000000095 3.2193582191618113e-07
44600.000000000095 2.7324132608082094e-07
44650.000000000095 3.1921750049128743e-07
44700.000000000095 2.909431153759054e-07
44750.000000000095 3.133158111650646e-07
44800.000000000095 2.902828814640711e-07
44850.000000000095 2.735409779352337e-07
44900.000000000095 2.2257064309202583e-07
44950.000000000095 2.3373377240174898e-07
45000.000000000095 2.4011289999143934e-07
45050.000000000095 2.5294946672248905e-07
45100.000000000095 2.242637050301043e-07
45150.000000000095 2.1919301677137348e-07
45200.000000000095 1.7765889417152875e-07
45250.000000000095 1.918841346293488e-07
45300.000000000095 2.1397255652707828e-07
45350.000000000095 2.2316319997110785e-07
45400.000000000095 1.6864029046285006e-07
45450.000000000095 1.7576650071590706e-07
45500.000000000095 1.7624591333264517e-07
45550.000000000095 2.019465498744766e-07
45600.000000000095 1.708808709093153e-07
45650.000000000095 1.7293169521974884e-07
45700.000000000095 2.1391246921978885e-07
45750.000000000095 1.9027021493627298e-07
45800.000000000095 1.6882948196224106e-07
45850.000000000095 2.459858449190834e-07
45900.000000000095 2.3978484757525576e-07
45950.000000000095 1.769891074594614e-07
46000.000000000095 2.274139158773736e-07
46050.000000000095 2.386511681270544e-07
46100.000000000095 1.772359548621477e-07
46150.000000000095 2.3145565328444202e-07
46200.000000000095 2.1322161037732175e-07
46250.000000000095 1.3479833675714156e-07
46300.000000000095 2.5950062129602334e-07
46350.000000000095 1.7782578732188656e-07
46400.000000000095 2.2516861935569057e-07
46450.000000000095 2.8413647889909544e-07
46500.000000000095 2.1650089379351346e-07
46550.000000000095 2.78043414592271e-07
46600.000000000095 2.83792216099277e-07
46650.000000000095 4.2401600580201555e-07
46700.000000000095 3.1817745883223565e-07
46750.000000000095 2.6521951974126383e-07
46800.000000000095 2.1258856868431963e-07
46850.000000000095 3.0722957772312577e-07
46900.000000000095 2.572267433101875e-07
46950.000000000095 3.304016983186646e-07
47000.000000000095 2.1721451547876985e-07
47050.000000000095 3.584405509283485e-07
47100.000000000095 1.9375650394282039e-07
47150.000000000095 2.3112873819622694e-07
47200.000000000095 2.8068081107068096e-07
47250.000000000095 2.0750716839583626e-07
47300.000000000095 2.362487943630711e-07
47350.000000000095 1.8395149949163032e-07
47400.000000000095 2.9797044529932486e-07
47450.000000000095 1.9256604491750189e-07
47500.000000000095 3.2050529457506187e-07
47550.000000000095 1.9582528717756744e-07
47600.000000000095 2.9626530160321737e-07
47650.000000000095 1.9659838574380572e-07
47700.000000000095 2.8025499314515513e-07
47750.000000000095 1.6210525817917835e-07
47800.000000000095 2.5846593468448413e-07
47850.000000000095 1.4764356933482627e-07
47900.000000000095 2.5455608621046076e-07
47950.000000000095 1.9648760167041955e-07
48000.000000000095 3.3825848980929057e-07
48050.000000000095 2.2370663429442452e-07
48100.000000000095 2.824661484808995e-07
48150.000000000095 2.1106997536213894e-07
48200.000000000095 3.044503090430463e-07
48250.000000000095 2.3039005849193025e-07
48300.000000000095 3.6724065209907255e-07
48350.000000000095 1.9607806423580872e-07
48400.000000000095 2.7626328221057526e-07
48450.000000000095 1.9368441912021244e-07
48500.000000000095 3.607611368030238e-07
48550.000000000095 1.885947795950052e-07
48600.000000000095 3.1282363874031345e-07
48650.000000000095 1.907310872623139e-07
