galfind/configs/Brown_Dwarf_templates/sonora_cholla/logkzz2/56g/1150K_56g_logkzz2_resample.dat
# %ECSV 1.0
# ---
# datatype:
# - {name: wav, unit: Angstrom, datatype: float64}
# - {name: flux_nu, unit: erg / (cm2 Hz s), datatype: float64}
# schema: astropy-2.0
wav flux_nu
10000.000000000093 nan
10050.000000000093 2.408742463195296e-07
10100.000000000093 2.87515585588047e-07
10150.000000000093 2.987040506341652e-07
10200.000000000093 3.3056269103341734e-07
10250.000000000093 3.5048097553736404e-07
10300.000000000093 3.4671551914231257e-07
10350.000000000093 3.9779467223005444e-07
10400.000000000093 4.47657653441015e-07
10450.000000000093 4.494969166338107e-07
10500.000000000093 4.1814880998687024e-07
10550.000000000093 4.115886587686798e-07
10600.000000000093 4.283781770848721e-07
10650.000000000093 4.747089120240315e-07
10700.000000000093 5.0770913461921e-07
10750.000000000093 5.505662999661658e-07
10800.000000000093 5.811106458585634e-07
10850.000000000093 6.386007638196647e-07
10900.000000000093 5.547316618430113e-07
10950.000000000093 4.102111918430668e-07
11000.000000000093 3.8012123931068193e-07
11050.000000000093 3.1138544627201625e-07
11100.000000000093 3.053828017165673e-07
11150.000000000093 2.5468181793498337e-07
11200.000000000093 2.4590383354739465e-07
11250.000000000093 2.9622914804297785e-07
11300.000000000093 2.873191500837272e-07
11350.000000000093 1.8244469111706322e-07
11400.000000000093 2.8451936009150366e-07
11450.000000000093 2.3193199326495968e-07
11500.000000000093 2.755562014858569e-07
11550.000000000093 2.13942265589738e-07
11600.000000000093 2.2660685325830488e-07
11650.000000000093 2.587907019803846e-07
11700.000000000093 2.758993688917171e-07
11750.000000000093 2.166815525270782e-07
11800.000000000093 2.905456919298038e-07
11850.000000000093 3.565399063823232e-07
11900.000000000093 3.6640445415966196e-07
11950.000000000093 4.440988066693979e-07
12000.000000000093 4.518427416291083e-07
12050.000000000093 5.425132550604099e-07
12100.000000000093 5.859099282658847e-07
12150.000000000093 6.341953655534552e-07
12200.000000000093 7.092425083841331e-07
12250.000000000093 7.919276901536173e-07
12300.000000000093 8.350288564595646e-07
12350.000000000093 8.705383755003344e-07
12400.000000000093 8.672215894119166e-07
12450.000000000093 9.503895427388446e-07
12500.000000000093 1.0077250979038915e-06
12550.000000000093 1.0464632687313314e-06
12600.000000000093 1.0642197323433456e-06
12650.000000000093 1.0658633440205525e-06
12700.000000000093 1.1457725244243442e-06
12750.000000000093 1.0842659235957652e-06
12800.000000000093 1.1287127411724125e-06
12850.000000000093 1.046410761210627e-06
12900.000000000093 9.616190176329662e-07
12950.000000000093 1.0319035239701488e-06
13000.000000000093 1.0138137215566934e-06
13050.000000000093 1.009318935570476e-06
13100.000000000093 9.275570816630641e-07
13150.000000000093 8.47630760599691e-07
13200.000000000093 8.167409452439192e-07
13250.000000000093 6.670449811597483e-07
13300.000000000093 4.144135987520517e-07
13350.000000000093 1.6809288043941407e-07
13400.000000000093 1.0465742198381015e-07
13450.000000000093 6.766532411534748e-08
13500.000000000093 4.454736936484423e-08
13550.000000000093 3.908361615473579e-08
13600.000000000093 2.6567929446821325e-08
13650.000000000093 5.521429109672186e-08
13700.000000000093 4.7619498519151395e-08
13750.000000000093 4.5329976152184704e-08
13800.000000000093 6.047942666630339e-08
13850.000000000093 4.9020377604640324e-08
13900.000000000093 5.01635774711647e-08
13950.000000000093 4.454459998256898e-08
14000.000000000093 3.8546724922315924e-08
14050.000000000093 4.773972201053692e-08
14100.000000000093 3.719256000283805e-08
14150.000000000093 4.7128360102836304e-08
14200.000000000093 4.0689323214976064e-08
14250.000000000093 4.026386414761673e-08
14300.000000000093 5.156508077671863e-08
14350.000000000093 4.97775220760806e-08
14400.000000000093 6.153744314784541e-08
14450.000000000093 6.194383470258173e-08
14500.000000000093 1.0081170019643676e-07
14550.000000000093 1.005409905308227e-07
14600.000000000093 1.2338984566056252e-07
14650.000000000093 1.3514419104279786e-07
14700.000000000093 1.0069533092179437e-07
14750.000000000093 1.2975093843430343e-07
14800.000000000093 1.5603881904865782e-07
14850.000000000093 1.5688611353018305e-07
14900.000000000093 1.7622748195770194e-07
14950.000000000093 1.8579572953314247e-07
15000.000000000093 1.936807922597053e-07
15050.000000000093 2.456597658533009e-07
15100.000000000093 2.6340572868131737e-07
15150.000000000093 2.8805151146274656e-07
15200.000000000093 2.5487144806075774e-07
15250.000000000093 2.9595894021671394e-07
15300.000000000093 3.4040329532753726e-07
15350.000000000093 3.883311572349754e-07
15400.000000000093 4.1499044607411503e-07
15450.000000000093 4.7408426805828814e-07
15500.000000000093 4.959537036391662e-07
15550.000000000093 5.538151689078533e-07
15600.000000000093 5.787432444230216e-07
15650.000000000093 5.950393992171753e-07
15700.000000000093 6.887987288837259e-07
15750.000000000093 7.342094735381328e-07
15800.000000000093 7.110591043420812e-07
15850.000000000093 7.729740336761729e-07
15900.000000000093 7.629138341285014e-07
15950.000000000093 7.737194339799719e-07
16000.000000000093 7.896492147619394e-07
16050.000000000093 7.611235156428807e-07
16100.000000000093 7.448714408496966e-07
16150.000000000093 5.943191247950203e-07
16200.000000000093 5.272641996691235e-07
16250.000000000093 5.41444131043962e-07
16300.000000000093 5.08890432619864e-07
16350.000000000093 5.315568936301859e-07
16400.000000000095 5.890368432642196e-07
16450.000000000095 6.250310884548078e-07
16500.000000000095 6.528699378195498e-07
16550.000000000095 6.304162495409867e-07
16600.000000000095 5.937034111423321e-07
16650.000000000095 5.560811950001945e-07
16700.000000000095 3.492632086057725e-07
16750.000000000095 4.094397707161247e-07
16800.000000000095 5.431171424903034e-07
16850.000000000095 5.284890421190383e-07
16900.000000000095 4.957444102967167e-07
16950.000000000095 4.4849269830012856e-07
17000.000000000095 4.072396623157548e-07
17050.000000000095 4.5650574338433217e-07
17100.000000000095 4.670746304168375e-07
17150.000000000095 3.912009749019508e-07
17200.000000000095 4.2889504909830174e-07
17250.000000000095 3.742630857195012e-07
17300.000000000095 3.2796854031380097e-07
17350.000000000095 3.165977953572243e-07
17400.000000000095 2.960131441237522e-07
17450.000000000095 2.998926604832904e-07
17500.000000000095 3.218435842651053e-07
17550.000000000095 2.701223878777874e-07
17600.000000000095 2.5156569760989864e-07
17650.000000000095 2.531394380232589e-07
17700.000000000095 1.7021196713201107e-07
17750.000000000095 1.660804541916816e-07
17800.000000000095 2.0477248085706293e-07
17850.000000000095 1.3827375177301882e-07
17900.000000000095 1.6043307800304504e-07
17950.000000000095 1.2325418563786376e-07
18000.000000000095 1.3146567627589095e-07
18050.000000000095 1.3725165812209347e-07
18100.000000000095 1.1647054229461559e-07
18150.000000000095 1.689156619092289e-07
18200.000000000095 1.1149856438530019e-07
18250.000000000095 1.9053429190955502e-07
18300.000000000095 1.4013266725145064e-07
18350.000000000095 1.2801321133476091e-07
18400.000000000095 1.1716939584196862e-07
18450.000000000095 1.1399659511732162e-07
18500.000000000095 1.3644083843612286e-07
18550.000000000095 1.0796760920880219e-07
18600.000000000095 8.685558425394565e-08
18650.000000000095 9.19632592616881e-08
18700.000000000095 1.0177253044505367e-07
18750.000000000095 1.017457855860003e-07
18800.000000000095 1.533102880670304e-07
18850.000000000095 1.867906516785263e-07
18900.000000000095 1.7479575766715488e-07
18950.000000000095 2.2405328341137174e-07
19000.000000000095 1.9858183383134288e-07
19050.000000000095 1.6575959500485192e-07
19100.000000000095 2.2334908681920147e-07
19150.000000000095 2.129322751959396e-07
19200.000000000095 2.0796734904987314e-07
19250.000000000095 1.996777264287078e-07
19300.000000000095 1.867498734596367e-07
19350.000000000095 1.6590687544508357e-07
19400.000000000095 1.1393989492572171e-07
19450.000000000095 1.8681089038092773e-07
19500.000000000095 1.6860961860789492e-07
19550.000000000095 1.358236491307344e-07
19600.000000000095 1.8134846876951656e-07
19650.000000000095 1.8782320012501927e-07
19700.000000000095 1.910422929745453e-07
19750.000000000095 1.8257974171648714e-07
19800.000000000095 2.107708027948492e-07
19850.000000000095 2.308266843735425e-07
19900.000000000095 1.6573071279528061e-07
19950.000000000095 2.596284080030848e-07
20000.000000000095 2.571996983158857e-07
20050.000000000095 2.733868351346488e-07
20100.000000000095 2.9035146692799275e-07
20150.000000000095 2.753935844811388e-07
20200.000000000095 3.274709733870566e-07
20250.000000000095 3.6398624134114785e-07
20300.000000000095 3.27672648922089e-07
20350.000000000095 3.6626962537080395e-07
20400.000000000095 3.645340716338058e-07
20450.000000000095 4.462425859523983e-07
20500.000000000095 4.4482246626599607e-07
20550.000000000095 4.199379936934646e-07
20600.000000000095 5.101615068771975e-07
20650.000000000095 4.6344261117135675e-07
20700.000000000095 4.919310124711461e-07
20750.000000000095 5.604228428171243e-07
20800.000000000095 5.53388239274938e-07
20850.000000000095 5.369740286612929e-07
20900.000000000095 5.817377703519643e-07
20950.000000000095 5.479279905427721e-07
21000.000000000095 5.99631524642655e-07
21050.000000000095 5.656382304388197e-07
21100.000000000095 5.706106614221469e-07
21150.000000000095 5.625641942056288e-07
21200.000000000095 5.476447498649065e-07
21250.000000000095 5.605991475722008e-07
21300.000000000095 5.034520513022558e-07
21350.000000000095 5.482529413248297e-07
21400.000000000095 4.7394446386970967e-07
21450.000000000095 4.772816674867478e-07
21500.000000000095 4.708340791682955e-07
21550.000000000095 4.448235674126058e-07
21600.000000000095 4.306396134833653e-07
21650.000000000095 3.7528379509786165e-07
21700.000000000095 4.028802260451374e-07
21750.000000000095 3.6446085439377227e-07
21800.000000000095 3.2416036710818635e-07
21850.000000000095 2.857666675189724e-07
21900.000000000095 2.6308428619447546e-07
21950.000000000095 1.5249304506745968e-07
22000.000000000095 1.1396469194145093e-07
22050.000000000095 7.545028860534836e-08
22100.000000000095 1.0225240052095073e-07
22150.000000000095 1.2614941503195323e-07
22200.000000000095 1.2946657863288984e-07
22250.000000000095 1.1581416277795382e-07
22300.000000000095 1.1867978978824029e-07
22350.000000000095 1.0580369991885364e-07
22400.000000000095 9.631049835594086e-08
22450.000000000095 8.30402670921441e-08
22500.000000000095 9.076688867114554e-08
22550.000000000095 5.726976711463264e-08
22600.000000000095 7.364776605648688e-08
22650.000000000095 7.035188304174862e-08
22700.000000000095 6.892517678317146e-08
22750.000000000095 6.999361708513097e-08
22800.000000000095 6.210698514541099e-08
22850.000000000095 5.609739623618338e-08
22900.000000000095 5.0351755572251176e-08
22950.000000000095 5.356360954090402e-08
23000.000000000095 4.06202854144687e-08
23050.000000000095 6.035319717187995e-08
23100.000000000095 8.110474528561068e-08
23150.000000000095 8.736608289019136e-08
23200.000000000095 4.5321236998969504e-08
23250.000000000095 4.106574961498546e-08
23300.000000000095 3.881836455856496e-08
23350.000000000095 3.3829223113034005e-08
23400.000000000095 4.582756630876818e-08
23450.000000000095 4.106005869733656e-08
23500.000000000095 4.278347024183432e-08
23550.000000000095 6.040978532216869e-08
23600.000000000095 6.042704905088455e-08
23650.000000000095 7.301828354877134e-08
23700.000000000095 4.8633964619645363e-08
23750.000000000095 4.2774701652691863e-08
23800.000000000095 4.415232789192886e-08
23850.000000000095 4.799942388598051e-08
23900.000000000095 7.21389096346708e-08
23950.000000000095 7.504709896797063e-08
24000.000000000095 9.088910275691861e-08
24050.000000000095 1.0002439015196856e-07
24100.000000000095 8.205336518245493e-08
24150.000000000095 8.976022628629202e-08
24200.000000000095 9.8733887397058e-08
24250.000000000095 8.39176306679244e-08
24300.000000000095 9.295435188027887e-08
24350.000000000095 8.476456746798954e-08
24400.000000000095 1.188905960347795e-07
24450.000000000095 9.692555684001272e-08
24500.000000000095 1.1458732879194438e-07
24550.000000000095 1.0659952099096262e-07
24600.000000000095 1.215272715238283e-07
24650.000000000095 1.3095255684754882e-07
24700.000000000095 1.1044623798950132e-07
24750.000000000095 9.790312142278922e-08
24800.000000000095 1.0956401477217937e-07
24850.000000000095 1.4287096707389798e-07
24900.000000000095 8.478810575301273e-08
24950.000000000095 1.3379654115716706e-07
25000.000000000095 1.3033862616369886e-07
25050.000000000095 1.0439875438248822e-07
25100.000000000095 1.2300043409472538e-07
25150.000000000095 8.077722482330131e-08
25200.000000000095 1.1211386034610122e-07
25250.000000000095 8.344110557776964e-08
25300.000000000095 1.1910495926867442e-07
25350.000000000095 6.450763549636917e-08
25400.000000000095 1.0903396568229531e-07
25450.000000000095 8.238705171023287e-08
25500.000000000095 7.699956247501396e-08
25550.000000000095 9.278792887070928e-08
25600.000000000095 7.162585468246491e-08
25650.000000000095 6.394000928638157e-08
25700.000000000095 1.079452184183894e-07
25750.000000000095 6.273061162355217e-08
25800.000000000095 1.0344790115995096e-07
25850.000000000095 6.140044998990689e-08
25900.000000000095 7.85723465631387e-08
25950.000000000095 6.11493221730152e-08
26000.000000000095 9.934398605016778e-08
26050.000000000095 8.805835936855747e-08
26100.000000000095 1.133694020238684e-07
26150.000000000095 9.488914882172469e-08
26200.000000000095 1.1255824322723898e-07
26250.000000000095 1.2417281597938722e-07
26300.000000000095 9.69369269243986e-08
26350.000000000095 1.3485001037573606e-07
26400.000000000095 1.655330415360431e-07
26450.000000000095 1.4911652810960935e-07
26500.000000000095 1.3407573576639407e-07
26550.000000000095 1.258691558842959e-07
26600.000000000095 1.5527908640852922e-07
26650.000000000095 8.590259853587453e-08
26700.000000000095 7.023792355328574e-08
26750.000000000095 6.127073855764852e-08
26800.000000000095 8.951103586306968e-08
26850.000000000095 5.439038742833168e-08
26900.000000000095 9.833801551221049e-08
26950.000000000095 5.419573305478705e-08
27000.000000000095 1.1459450415022388e-07
27050.000000000095 1.0100642585066404e-07
27100.000000000095 8.146830201692988e-08
27150.000000000095 1.2942301013652174e-07
27200.000000000095 8.62014615384139e-08
27250.000000000095 9.532244739152459e-08
27300.000000000095 1.682481750509528e-07
27350.000000000095 1.296678703224466e-07
27400.000000000095 5.6394157459478696e-08
27450.000000000095 1.696669946154954e-07
27500.000000000095 1.4825493810089318e-07
27550.000000000095 1.0606048447543174e-07
27600.000000000095 1.7159542130177684e-07
27650.000000000095 8.543959996106803e-08
27700.000000000095 6.855682804171953e-08
27750.000000000095 1.597928989312833e-07
27800.000000000095 8.829627828181104e-08
27850.000000000095 1.0107212239761994e-07
27900.000000000095 1.2495212731429195e-07
27950.000000000095 1.1970537421441785e-07
28000.000000000095 1.4252526628857245e-07
28050.000000000095 7.24022416521782e-08
28100.000000000095 1.6494020754410046e-07
28150.000000000095 1.3798792055181442e-07
28200.000000000095 6.592317912382183e-08
28250.000000000095 1.6430223900030525e-07
28300.000000000095 2.1965193566121514e-07
28350.000000000095 7.450816347827395e-08
28400.000000000095 1.5747474255252689e-07
28450.000000000095 1.5191151279368694e-07
28500.000000000095 1.4591216108261614e-07
28550.000000000095 6.921001633978205e-08
28600.000000000095 1.689783142833401e-07
28650.000000000095 1.653964034011678e-07
28700.000000000095 1.3795972404563282e-07
28750.000000000095 1.8525270149611508e-07
28800.000000000095 1.4984064811305075e-07
28850.000000000095 2.1632374972311064e-07
28900.000000000095 9.945584611291035e-08
28950.000000000095 1.9978515805797994e-07
29000.000000000095 1.3391966556566742e-07
29050.000000000095 1.655790939606445e-07
29100.000000000095 1.051520893234019e-07
29150.000000000095 2.0049065210505654e-07
29200.000000000095 1.5046711446485751e-07
29250.000000000095 2.0697334116345028e-07
29300.000000000095 1.2591817614905708e-07
