galfind/configs/Brown_Dwarf_templates/sonora_cholla/logkzz2/56g/1150K_56g_logkzz2_resample.dat
# %ECSV 1.0
# ---
# datatype:
# - {name: wav, unit: Angstrom, datatype: float64}
# - {name: flux_nu, unit: erg / (cm2 Hz s), datatype: float64}
# schema: astropy-2.0
wav flux_nu
[from data line 388]
29400.000000000095 2.0982097250381661e-07
29450.000000000095 1.9638440467879148e-07
29500.000000000095 2.0051604985740265e-07
29550.000000000095 1.7739539567676547e-07
29600.000000000095 2.579299767074023e-07
29650.000000000095 1.9274482754474026e-07
29700.000000000095 1.96648474735024e-07
29750.000000000095 2.202466353402041e-07
29800.000000000095 2.8353821686478e-07
29850.000000000095 2.669641573184007e-07
29900.000000000095 2.2341661256212591e-07
29950.000000000095 2.087793850613972e-07
30000.000000000095 2.536970142255812e-07
30050.000000000095 2.034329886221618e-07
30100.000000000095 2.1638963192037317e-07
30150.000000000095 2.7311335715798153e-07
30200.000000000095 2.2038289309324912e-07
30250.000000000095 2.6546384621684496e-07
30300.000000000095 2.395023780696369e-07
30350.000000000095 1.956570803673118e-07
30400.000000000095 2.3179613752981176e-07
30450.000000000095 2.0453116190071456e-07
30500.000000000095 1.9230606911145534e-07
30550.000000000095 2.1122364561613735e-07
30600.000000000095 2.1056916826413898e-07
30650.000000000095 1.987649758966737e-07
30700.000000000095 1.773092314816077e-07
30750.000000000095 1.554408439242092e-07
30800.000000000095 1.6677446560618045e-07
30850.000000000095 1.5457197070754265e-07
30900.000000000095 1.5151542353648183e-07
30950.000000000095 1.1717895128622102e-07
31000.000000000095 1.3417759874845747e-07
31050.000000000095 1.3250166917445368e-07
31100.000000000095 9.436189349194929e-08
31150.000000000095 1.1719594202673608e-07
31200.000000000095 1.130698130515767e-07
31250.000000000095 1.0161227789700835e-07
31300.000000000095 9.805622061127618e-08
31350.000000000095 9.143050308495166e-08
31400.000000000095 6.647075243104727e-08
31450.000000000095 9.8272767421784e-08
31500.000000000095 7.465388402948275e-08
31550.000000000095 9.405791181926935e-08
31600.000000000095 6.650696255272486e-08
31650.000000000095 7.547376335688527e-08
31700.000000000095 7.317838540031828e-08
31750.000000000095 6.47001920170522e-08
31800.000000000095 6.792083643809582e-08
31850.000000000095 6.923035540981505e-08
31900.000000000095 6.18010170936464e-08
31950.000000000095 6.917193699311131e-08
32000.000000000095 6.594888140392548e-08
32050.000000000095 4.95879168250919e-08
32100.000000000095 5.039317825222146e-08
32150.000000000095 6.388124696942486e-08
32200.000000000095 5.473564888901322e-08
32250.000000000095 6.551143382744409e-08
32300.000000000095 5.024828619494577e-08
32350.000000000095 7.782788920676395e-08
32400.000000000095 6.338051003290601e-08
32450.000000000095 8.028760820122653e-08
32500.000000000095 6.149894079439281e-08
32550.000000000095 7.617944314241501e-08
32600.000000000095 8.521073657001652e-08
32650.000000000095 1.0146373658410922e-07
32700.000000000095 7.786314851251499e-08
32750.000000000095 1.0981979681208384e-07
32800.000000000095 7.817883347228294e-08
32850.000000000095 1.0694608448074849e-07
32900.000000000095 1.146120939002235e-07
32950.000000000095 1.2148288213506268e-07
33000.000000000095 1.1135105680506892e-07
33050.000000000095 1.0322855368487361e-07
33100.000000000095 5.995522630823714e-08
33150.000000000095 3.327143695055114e-08
33200.000000000095 3.270741390372443e-08
33250.000000000095 1.6787381735950475e-08
33300.000000000095 1.6586586035391186e-08
33350.000000000095 2.6465428448274486e-08
33400.000000000095 3.408105940722104e-08
33450.000000000095 4.250511239405427e-08
33500.000000000095 5.0544518113598446e-08
33550.000000000095 5.234985784255171e-08
33600.000000000095 7.612149488512644e-08
33650.000000000095 7.73396394504132e-08
33700.000000000095 7.578171234133037e-08
33750.000000000095 9.301095431638166e-08
33800.000000000095 8.21723259051491e-08
33850.000000000095 1.0096356439121415e-07
33900.000000000095 8.969975800861434e-08
33950.000000000095 9.3456378066587e-08
34000.000000000095 1.018955180257869e-07
34050.000000000095 6.032531326073578e-08
34100.000000000095 1.0109187390450348e-07
34150.000000000095 8.225204364833944e-08
34200.000000000095 9.691695842561488e-08
34250.000000000095 8.001941458720812e-08
34300.000000000095 6.759511119895307e-08
34350.000000000095 8.311297313062931e-08
34400.000000000095 7.935814051313605e-08
34450.000000000095 9.911925252726196e-08
34500.000000000095 9.059728862335655e-08
34550.000000000095 6.769811464878572e-08
34600.000000000095 1.0086833534483738e-07
34650.000000000095 7.861391707323768e-08
34700.000000000095 7.951935194577241e-08
34750.000000000095 7.725233371144179e-08
34800.000000000095 5.842728637120765e-08
34850.000000000095 8.011873997658134e-08
34900.000000000095 9.91852577854397e-08
34950.000000000095 8.082503233746294e-08
35000.000000000095 1.0652367719585564e-07
35050.000000000095 8.937858252211445e-08
35100.000000000095 1.028073879605542e-07
35150.000000000095 9.745199272117837e-08
35200.000000000095 1.387765906160563e-07
35250.000000000095 1.2533071200210672e-07
35300.000000000095 9.070082331068384e-08
35350.000000000095 1.2603664569493888e-07
35400.000000000095 1.1836490711564544e-07
35450.000000000095 1.0870410427971368e-07
35500.000000000095 1.532929138251516e-07
35550.000000000095 1.4290901101015107e-07
35600.000000000095 1.4165621245120512e-07
35650.000000000095 1.3903230394307284e-07
35700.000000000095 1.0743435460744746e-07
35750.000000000095 1.6520711394138015e-07
35800.000000000095 1.5984001354191882e-07
35850.000000000095 1.2191308420730216e-07
35900.000000000095 1.7946648188242143e-07
35950.000000000095 1.5654838058824684e-07
36000.000000000095 1.2616584342643596e-07
36050.000000000095 1.7215932427799112e-07
36100.000000000095 1.633902715154807e-07
36150.000000000095 1.6671489219326097e-07
36200.000000000095 1.7053926551348386e-07
36250.000000000095 1.8177105112960083e-07
36300.000000000095 1.979129250684414e-07
36350.000000000095 2.1394055516229627e-07
36400.000000000095 2.3222426101731303e-07
36450.000000000095 2.2607306920972086e-07
36500.000000000095 2.483736302389531e-07
36550.000000000095 2.2248266428353223e-07
36600.000000000095 2.697167473003093e-07
36650.000000000095 2.768655232684462e-07
36700.000000000095 3.043606268894395e-07
36750.000000000095 3.1952012381500797e-07
36800.000000000095 3.024890677739552e-07
36850.000000000095 2.9730629854939623e-07
36900.000000000095 2.9372620789889876e-07
36950.000000000095 3.2739078984991437e-07
37000.000000000095 3.150737950140491e-07
37050.000000000095 3.299521637747965e-07
37100.000000000095 3.639192705814406e-07
37150.000000000095 3.6321560684059374e-07
37200.000000000095 3.5547533651648715e-07
37250.000000000095 3.2577490022347754e-07
37300.000000000095 3.593557541558933e-07
37350.000000000095 3.613810052576406e-07
37400.000000000095 4.234286599452019e-07
37450.000000000095 4.119755813788337e-07
37500.000000000095 3.579140297582889e-07
37550.000000000095 4.709020124105328e-07
37600.000000000095 4.937641438361556e-07
37650.000000000095 4.16346835462994e-07
37700.000000000095 4.29025054071182e-07
37750.000000000095 3.8046610546588323e-07
37800.000000000095 4.204537329638571e-07
37850.000000000095 4.0240711542171937e-07
37900.000000000095 4.469951898069266e-07
37950.000000000095 4.945762517627353e-07
38000.000000000095 5.305666261151462e-07
38050.000000000095 4.852268953115358e-07
38100.000000000095 5.192209155145232e-07
38150.000000000095 5.479464986910427e-07
38200.000000000095 6.137147662004832e-07
38250.000000000095 5.660152257466505e-07
38300.000000000095 6.203488615185841e-07
38350.000000000095 6.690410275810551e-07
38400.000000000095 5.201823236936546e-07
38450.000000000095 6.04045199023959e-07
38500.000000000095 5.507668328184094e-07
38550.000000000095 6.121556275399964e-07
38600.000000000095 6.348050808406767e-07
38650.000000000095 7.547323056927167e-07
38700.000000000095 6.881186420653582e-07
38750.000000000095 6.764107439174223e-07
38800.000000000095 6.303306284181965e-07
38850.000000000095 7.696153825204678e-07
38900.000000000095 7.297165183748723e-07
38950.000000000095 7.182924871350815e-07
39000.000000000095 8.391118728618386e-07
39050.000000000095 7.581432318769625e-07
39100.000000000095 7.063974819436059e-07
39150.000000000095 7.588650332944882e-07
39200.000000000095 7.212567183057429e-07
39250.000000000095 8.311943649108187e-07
39300.000000000095 8.195038665063943e-07
39350.000000000095 9.559604919162702e-07
39400.000000000095 9.522854079108649e-07
39450.000000000095 9.245958304347317e-07
39500.000000000095 7.285189649281051e-07
39550.000000000095 8.241146072898523e-07
39600.000000000095 8.904328149453768e-07
39650.000000000095 9.494380837285491e-07
39700.000000000095 8.544480241911087e-07
39750.000000000095 7.79923065042169e-07
39800.000000000095 9.186195153608009e-07
39850.000000000095 9.534479201332332e-07
39900.000000000095 8.972677200201402e-07
39950.000000000095 9.256291339767186e-07
40000.000000000095 9.230887093256314e-07
40050.000000000095 9.881134607651075e-07
40100.000000000095 9.330222983751077e-07
40150.000000000095 1.098665624311384e-06
40200.000000000095 1.1296488379170501e-06
40250.000000000095 8.844880599296263e-07
40300.000000000095 9.975532211494143e-07
40350.000000000095 9.436138345929118e-07
40400.000000000095 1.038710083299848e-06
40450.000000000095 1.0276909054977467e-06
40500.000000000095 9.409168909766024e-07
40550.000000000095 1.0544553845969545e-06
40600.000000000095 9.213705541871708e-07
40650.000000000095 1.1079334682486625e-06
40700.000000000095 1.2218095317677283e-06
40750.000000000095 1.0568980548825996e-06
40800.000000000095 9.197726667513225e-07
40850.000000000095 1.0471543443372835e-06
40900.000000000095 8.89851947605097e-07
40950.000000000095 9.617756355733313e-07
41000.000000000095 1.0140692530928457e-06
41050.000000000095 1.1327661539722603e-06
41100.000000000095 9.242681220070702e-07
41150.000000000095 8.790491859761325e-07
41200.000000000095 1.0290856169679475e-06
41250.000000000095 1.0591174756620072e-06
41300.000000000095 8.181052069787134e-07
41350.000000000095 1.0909030718964118e-06
41400.000000000095 1.03969753195704e-06
41450.000000000095 1.0486712355259973e-06
41500.000000000095 9.806808250816578e-07
41550.000000000095 9.570256569057334e-07
41600.000000000095 1.0396595084617222e-06
41650.000000000095 8.8731151696988e-07
41700.000000000095 9.200971861671295e-07
41750.000000000095 7.46481374292351e-07
41800.000000000095 1.0315328139075803e-06
41850.000000000095 5.973350616607229e-07
41900.000000000095 8.507922581759643e-07
41950.000000000095 7.93195280427887e-07
42000.000000000095 8.166986347520433e-07
42050.000000000095 6.688711695416169e-07
42100.000000000095 7.65593469403119e-07
42150.000000000095 5.85849912504198e-07
42200.000000000095 6.964438741011035e-07
42250.000000000095 5.866995449412721e-07
42300.000000000095 6.691621727161855e-07
42350.000000000095 6.599116573529501e-07
42400.000000000095 5.334544554024031e-07
42450.000000000095 4.7635309283007333e-07
42500.000000000095 5.147770928694787e-07
42550.000000000095 5.654144760318018e-07
42600.000000000095 5.679333207857392e-07
42650.000000000095 6.695840288393818e-07
42700.000000000095 5.69725083958057e-07
42750.000000000095 5.736613462654313e-07
42800.000000000095 4.981656117892449e-07
42850.000000000095 5.714921633412077e-07
42900.000000000095 5.842246891539839e-07
42950.000000000095 4.836630412297597e-07
43000.000000000095 6.096605222633074e-07
43050.000000000095 4.590239107235317e-07
43100.000000000095 5.86422884216336e-07
43150.000000000095 6.160108864606495e-07
43200.000000000095 6.025762967566322e-07
43250.000000000095 5.063574254062109e-07
43300.000000000095 6.343910998886688e-07
43350.000000000095 5.667650637960767e-07
43400.000000000095 6.435665668715285e-07
43450.000000000095 4.759935265461941e-07
43500.000000000095 4.5589261381186784e-07
43550.000000000095 4.6794151545436487e-07
43600.000000000095 5.94396430083754e-07
43650.000000000095 4.2304817989300225e-07
43700.000000000095 6.103586579994481e-07
43750.000000000095 5.811057312216317e-07
43800.000000000095 4.7220967967160635e-07
43850.000000000095 5.649963501064529e-07
43900.000000000095 3.7917973636923604e-07
43950.000000000095 4.85236847552564e-07
44000.000000000095 3.455239622972281e-07
44050.000000000095 4.827938540789267e-07
44100.000000000095 4.826056213116299e-07
44150.000000000095 5.09054050103011e-07
44200.000000000095 4.1939597730764494e-07
44250.000000000095 4.3120107506820397e-07
44300.000000000095 4.040462281989341e-07
44350.000000000095 3.1693717617674216e-07
44400.000000000095 3.774644473959861e-07
44450.000000000095 3.789267612062518e-07
44500.000000000095 3.000270371350397e-07
44550.000000000095 3.5335476198093905e-07
44600.000000000095 3.0415825084526153e-07
44650.000000000095 3.538845110243091e-07
44700.000000000095 3.235743971750632e-07
44750.000000000095 3.499723778659575e-07
44800.000000000095 3.2817467830523116e-07
44850.000000000095 3.0619653694079866e-07
44900.000000000095 2.5433205915954123e-07
44950.000000000095 2.6794165163228935e-07
45000.000000000095 2.7448202858450277e-07
45050.000000000095 2.886090956646756e-07
45100.000000000095 2.565482088780174e-07
45150.000000000095 2.5179530236788745e-07
45200.000000000095 2.083341179242346e-07
45250.000000000095 2.227182637043653e-07
45300.000000000095 2.47371525443811e-07
45350.000000000095 2.5792817489955966e-07
45400.000000000095 1.976697510385198e-07
45450.000000000095 2.0566923321224378e-07
45500.000000000095 2.060155687599012e-07
45550.000000000095 2.323956944219642e-07
45600.000000000095 2.005593744244256e-07
45650.000000000095 2.036527702649814e-07
45700.000000000095 2.5004361896604354e-07
45750.000000000095 2.2361961922232403e-07
45800.000000000095 2.0063269771193443e-07
45850.000000000095 2.8583569892585633e-07
45900.000000000095 2.785727643558617e-07
45950.000000000095 2.0986297463713518e-07
46000.000000000095 2.6541358018399033e-07
46050.000000000095 2.7714731124602475e-07
46100.000000000095 2.1046892934547338e-07
46150.000000000095 2.675359387165368e-07
46200.000000000095 2.4791712082402244e-07
46250.000000000095 1.62600588936748e-07
46300.000000000095 3.006856271166706e-07
46350.000000000095 2.0518253690897763e-07
46400.000000000095 2.6047909953866184e-07
46450.000000000095 3.232239151319071e-07
46500.000000000095 2.5192747245060077e-07
46550.000000000095 3.1580450112782117e-07
46600.000000000095 3.2243003220334743e-07
46650.000000000095 4.7062591102911354e-07
46700.000000000095 3.583869063338104e-07
46750.000000000095 3.0315760190853696e-07
46800.000000000095 2.472440842608363e-07
46850.000000000095 3.490774217828687e-07
46900.000000000095 2.94075566909718e-07
46950.000000000095 3.7330779092496895e-07
47000.000000000095 2.544713896462797e-07
47050.000000000095 4.050660680023353e-07
47100.000000000095 2.283001192117846e-07
47150.000000000095 2.690775311439368e-07
47200.000000000095 3.219651107502419e-07
47250.000000000095 2.43750140064783e-07
47300.000000000095 2.7507734351956005e-07
47350.000000000095 2.1737088915699932e-07
47400.000000000095 3.381862799107164e-07
47450.000000000095 2.2869412997570097e-07
47500.000000000095 3.637595469594298e-07
47550.000000000095 2.3080087512630926e-07
47600.000000000095 3.3667655607319897e-07
47650.000000000095 2.315560673528766e-07
47700.000000000095 3.194827103444655e-07
47750.000000000095 1.9199885443383137e-07
47800.000000000095 2.9683724108428857e-07
47850.000000000095 1.7282462007779814e-07
47900.000000000095 2.9440704814695083e-07
47950.000000000095 2.2891973362472073e-07
48000.000000000095 3.827226411976094e-07
48050.000000000095 2.5743943549011023e-07
48100.000000000095 3.221996066893379e-07
48150.000000000095 2.426458075402071e-07
48200.000000000095 3.4506852468159725e-07
48250.000000000095 2.664044596258593e-07
48300.000000000095 4.1062401269737e-07
48350.000000000095 2.2516755222985534e-07
48400.000000000095 3.193342357289675e-07
48450.000000000095 2.227166645889363e-07
48500.000000000095 4.058152993218245e-07
48550.000000000095 2.185520108794976e-07
48600.000000000095 3.5359989110988465e-07
48650.000000000095 2.1841673678290012e-07
48700.000000000095 3.7587041502327865e-07
