galfind/configs/Brown_Dwarf_templates/sonora_cholla/logkzz2/56g/1200K_56g_logkzz2_resample.dat
# %ECSV 1.0
# ---
# datatype:
# - {name: wav, unit: Angstrom, datatype: float64}
# - {name: flux_nu, unit: erg / (cm2 Hz s), datatype: float64}
# schema: astropy-2.0
wav flux_nu
[from data line 1162]
68100.00000000009 3.2893828270524873e-07
68150.00000000009 2.6516049846202294e-07
68200.00000000009 2.7876477203107646e-07
68250.00000000009 1.764245373082875e-07
68300.00000000009 2.5422612578321504e-07
68350.00000000009 1.4847454535303537e-07
68400.00000000009 3.310355265023495e-07
68450.00000000009 3.292178122007789e-07
68500.00000000009 2.8866801302673336e-07
68550.00000000009 2.1292205624140608e-07
68600.00000000009 2.4130424761389213e-07
68650.00000000009 1.8719676871823768e-07
68700.00000000009 2.52115296518666e-07
68750.00000000009 2.98877544445987e-07
68800.00000000009 3.002755081668024e-07
68850.00000000009 1.944856568023915e-07
68900.00000000009 3.5498353130601915e-07
68950.00000000009 3.628984463213384e-07
69000.00000000009 3.47577485845275e-07
69050.00000000009 2.614542044427234e-07
69100.00000000009 3.203417084091426e-07
69150.00000000009 4.019376305328756e-07
69200.00000000009 2.7346803258802545e-07
69250.00000000009 3.4557381357688206e-07
69300.00000000009 2.98664647531752e-07
69350.00000000009 3.3892305598501984e-07
69400.00000000009 2.1218341784771186e-07
69450.00000000009 3.560201870195866e-07
69500.00000000009 2.8833976566759674e-07
69550.00000000009 2.8473518772977543e-07
69600.00000000009 1.4137917102997485e-07
69650.00000000009 2.789921762828485e-07
69700.00000000009 3.204131070427295e-07
69750.00000000009 2.5847664382902304e-07
69800.00000000009 3.337890475623659e-07
69850.00000000009 3.39756131720946e-07
69900.00000000009 2.3675408536803417e-07
69950.00000000009 3.0746735817934455e-07
70000.00000000009 2.4488165078165795e-07
70050.00000000009 3.233786497317737e-07
70100.00000000009 2.7007432735747803e-07
70150.00000000009 2.9376837815595286e-07
70200.00000000009 2.3064810067400117e-07
70250.00000000009 2.735258794814663e-07
70300.00000000009 3.163767207294224e-07
70350.00000000009 2.3917098115562087e-07
70400.00000000009 2.6046445259949545e-07
70450.00000000009 1.6904429151109726e-07
70500.00000000009 2.1179519809699615e-07
70550.00000000009 2.333677173740115e-07
70600.00000000009 2.3544125762270374e-07
70650.00000000009 2.7592826234633717e-07
70700.00000000009 2.6777962347095454e-07
70750.00000000009 2.894444612261752e-07
70800.00000000009 2.1256205468502943e-07
70850.00000000009 2.2010830171401967e-07
70900.00000000009 2.13025017937927e-07
70950.00000000009 3.1947052177311103e-07
71000.00000000009 2.677007623092896e-07
71050.00000000009 2.852597217307346e-07
71100.00000000009 2.580539777804015e-07
71150.00000000009 2.811704493726694e-07
71200.00000000009 2.4226496886938395e-07
71250.00000000009 2.4990363115390575e-07
71300.00000000009 3.0057832813268155e-07
71350.00000000009 2.737761765107973e-07
71400.00000000009 2.886316867671877e-07
71450.00000000009 1.9220167803400796e-07
71500.00000000009 2.290547149519104e-07
71550.00000000009 2.4145950529119743e-07
71600.00000000009 2.4704873265227645e-07
71650.00000000009 2.5480347323066796e-07
71700.00000000009 2.187893709635222e-07
71750.00000000009 2.3452556390566327e-07
71800.00000000009 2.9894960311180623e-07
71850.00000000009 2.8449354263332374e-07
71900.00000000009 2.1939503674311364e-07
71950.00000000009 2.2723986341890954e-07
72000.00000000009 2.3143943884913712e-07
72050.00000000009 2.0090645277526714e-07
72100.00000000009 2.233576881313424e-07
72150.00000000009 1.908153746331302e-07
72200.00000000009 2.15944942037126e-07
72250.00000000009 2.395642156715092e-07
72300.00000000009 2.4966735319585246e-07
72350.00000000009 2.380173844539877e-07
72400.00000000009 1.9057760322390505e-07
72450.00000000009 1.9535966635853375e-07
72500.00000000009 2.1706792908777493e-07
72550.00000000009 1.5690944148230517e-07
72600.00000000009 1.3577788384788394e-07
72650.00000000009 2.5418485737877625e-07
72700.00000000009 2.592071511634382e-07
72750.00000000009 2.177600885395655e-07
72800.00000000009 2.1874589384603864e-07
72850.00000000009 1.969239230421324e-07
72900.00000000009 2.1856162204973407e-07
72950.00000000009 2.16733122182269e-07
73000.00000000009 2.4224547936513404e-07
73050.00000000009 2.1484227978824202e-07
73100.00000000009 1.897272934438731e-07
73150.00000000009 2.719560529255265e-07
73200.00000000009 1.989398344619059e-07
73250.00000000009 2.084011442494744e-07
73300.00000000009 2.2472662573249005e-07
73350.00000000009 1.9826400494431703e-07
73400.00000000009 2.2298264154998358e-07
73450.00000000009 1.5261963249708707e-07
73500.00000000009 1.669529571104477e-07
73550.00000000009 1.860269065103374e-07
73600.00000000009 1.6934132849146147e-07
73650.00000000009 2.0501982622239244e-07
73700.00000000009 2.39970707583835e-07
73750.00000000009 1.813997561841716e-07
73800.00000000009 1.9389067353469845e-07
73850.00000000009 2.0350115807430973e-07
73900.00000000009 2.2749728040331945e-07
73950.00000000009 1.974372718579581e-07
74000.00000000009 2.1030830142460199e-07
74050.00000000009 2.7287282212445635e-07
74100.00000000009 1.7010397290770976e-07
74150.00000000009 2.1876640409750662e-07
74200.00000000009 2.0174214457848623e-07
74250.00000000009 1.6064113496273762e-07
74300.00000000009 2.0461202907118786e-07
74350.00000000009 2.298803960044312e-07
74400.00000000009 2.093833802543467e-07
74450.00000000009 1.4251652061979842e-07
74500.00000000009 1.8474851100660708e-07
74550.00000000009 2.041427795757934e-07
74600.00000000009 2.0184380106734567e-07
74650.00000000009 1.961774076024314e-07
74700.00000000009 1.681888004504817e-07
74750.00000000009 1.9030618324088853e-07
74800.00000000009 1.8865653670791393e-07
74850.00000000009 1.2519022858578705e-07
74900.00000000009 2.4861894549650445e-07
74950.00000000009 2.453017508383229e-07
75000.00000000009 2.1097704759063423e-07
75050.00000000009 2.0278961440552553e-07
75100.00000000009 2.6077929031788554e-07
75150.00000000009 2.3761349453522955e-07
75200.00000000009 2.596559962042385e-07
75250.00000000009 2.0854416419918772e-07
75300.00000000009 2.497032470724072e-07
75350.00000000009 1.7701561964759949e-07
75400.00000000009 2.386669459667386e-07
75450.00000000009 2.1551711250752668e-07
75500.00000000009 1.8474153530481003e-07
75550.00000000009 2.670388469742949e-07
75600.00000000009 2.862267656512418e-07
75650.00000000009 1.9509989699794485e-07
75700.00000000009 2.1852833819070777e-07
75750.00000000009 1.7097026718660312e-07
75800.00000000009 2.345454825696352e-07
75850.00000000009 2.818172922996351e-07
75900.00000000009 2.5203621642480366e-07
75950.00000000009 2.1558577600948647e-07
76000.00000000009 2.1391157317434556e-07
76050.00000000009 2.487999666652698e-07
76100.00000000009 2.1030482732240595e-07
76150.00000000009 2.5356628041942273e-07
76200.00000000009 2.605642991395766e-07
76250.00000000009 2.9944944168694656e-07
76300.00000000009 2.7382897327563716e-07
76350.00000000009 3.361052635159828e-07
76400.00000000009 2.7799058242405186e-07
76450.00000000009 2.723943018456375e-07
76500.00000000009 2.2439954658506577e-07
76550.00000000009 2.2353326713964152e-07
76600.00000000009 1.4612645137543435e-07
76650.00000000009 1.4098547284938336e-07
76700.00000000009 1.828086331146418e-07
76750.00000000009 1.5712592750860853e-07
76800.00000000009 2.1087020933683125e-07
76850.00000000009 9.982338208065579e-08
76900.00000000009 1.493922821942535e-07
76950.00000000009 1.622774928374366e-07
77000.00000000009 1.861147893528064e-07
77050.00000000009 1.3177571702094626e-07
77100.00000000009 1.4115119510911305e-07
77150.00000000009 1.7826690270153707e-07
77200.00000000009 1.670859018970951e-07
77250.00000000009 1.7525521416628842e-07
77300.00000000009 1.6091172462649276e-07
77350.00000000009 1.2937622073206684e-07
77400.00000000009 1.106786519262193e-07
77450.00000000009 1.250185716153419e-07
77500.00000000009 1.7109562768798865e-07
77550.00000000009 1.6679417043368906e-07
77600.00000000009 1.651534163419055e-07
77650.00000000009 1.6797204744323524e-07
77700.00000000009 1.376783785515201e-07
77750.00000000009 1.8211255419286036e-07
77800.00000000009 1.5746403255792347e-07
77850.00000000009 1.990160769761098e-07
77900.00000000009 1.7415275680337179e-07
77950.00000000009 1.3954121099588463e-07
78000.00000000009 1.6863845563538283e-07
78050.00000000009 1.9023723736156385e-07
78100.00000000009 1.3702291712817603e-07
78150.00000000009 1.9164697862137783e-07
78200.00000000009 1.9068567234555476e-07
78250.00000000009 2.0474647793291357e-07
78300.00000000009 2.147797927908217e-07
78350.00000000009 2.0086602325078605e-07
78400.00000000009 1.8826831308497127e-07
78450.00000000009 2.2680524599246068e-07
78500.00000000009 2.0313710792614343e-07
78550.00000000009 2.2244204141589534e-07
78600.00000000009 1.9316507031986062e-07
78650.00000000009 1.287148376358571e-07
78700.00000000009 1.8061716168968558e-07
78750.00000000009 1.7760061554476054e-07
78800.00000000009 2.1322380782403544e-07
78850.00000000009 1.6794140998569863e-07
78900.00000000009 1.9279174819343e-07
78950.00000000009 1.8290277439119156e-07
79000.00000000009 1.9766036153539295e-07
79050.00000000009 1.74024453287715e-07
79100.00000000009 1.758364576621442e-07
79150.00000000009 2.049892832240789e-07
79200.00000000009 2.514704743000651e-07
79250.00000000009 2.3199390360589699e-07
79300.00000000009 1.5860384520584264e-07
79350.00000000009 2.2002486544864495e-07
79400.00000000009 1.8064944108886938e-07
79450.00000000009 1.9662965913392712e-07
79500.00000000009 2.653705676857747e-07
79550.00000000009 2.2912689515399072e-07
79600.00000000009 1.7570576128652396e-07
79650.00000000009 1.9900185749443903e-07
79700.00000000009 2.619057099662587e-07
79750.00000000009 2.3275799667941575e-07
79800.00000000009 2.1444818521498228e-07
79850.00000000009 2.0624985210687566e-07
79900.00000000009 2.912687200755533e-07
79950.00000000009 1.9911763194281732e-07
