galfind/configs/Brown_Dwarf_templates/sonora_cholla/logkzz2/56g/1200K_56g_logkzz2_resample.dat
# %ECSV 1.0
# ---
# datatype:
# - {name: wav, unit: Angstrom, datatype: float64}
# - {name: flux_nu, unit: erg / (cm2 Hz s), datatype: float64}
# schema: astropy-2.0
wav flux_nu
10000.000000000093 nan
10050.000000000093 2.5919137360789584e-07
10100.000000000093 3.088934037071815e-07
10150.000000000093 3.1987026206160155e-07
10200.000000000093 3.525467071602887e-07
10250.000000000093 3.720535156520867e-07
10300.000000000093 3.664914937248207e-07
10350.000000000093 4.1956107317174737e-07
10400.000000000093 4.7224480141853433e-07
10450.000000000093 4.7417642491798633e-07
10500.000000000093 4.4009927206036887e-07
10550.000000000093 4.328472768516904e-07
10600.000000000093 4.504958153055366e-07
10650.000000000093 5.003370979035597e-07
10700.000000000093 5.350722864526628e-07
10750.000000000093 5.81940653173915e-07
10800.000000000093 6.174030140720135e-07
10850.000000000093 6.832291648466323e-07
10900.000000000093 6.009381803412146e-07
10950.000000000093 4.5629570790784533e-07
11000.000000000093 4.275322056556507e-07
11050.000000000093 3.501361073984704e-07
11100.000000000093 3.509807106656017e-07
11150.000000000093 2.9953248874140144e-07
11200.000000000093 2.9173697900152137e-07
11250.000000000093 3.5091167882160624e-07
11300.000000000093 3.3769809819802677e-07
11350.000000000093 2.2387594881747233e-07
11400.000000000093 3.379637291867521e-07
11450.000000000093 2.7893755074649293e-07
11500.000000000093 3.361362422751661e-07
11550.000000000093 2.729761074691038e-07
11600.000000000093 2.885058949389399e-07
11650.000000000093 3.2086203603388423e-07
11700.000000000093 3.4035433439252227e-07
11750.000000000093 2.8349989935178006e-07
11800.000000000093 3.5564612217882766e-07
11850.000000000093 4.2429591838583317e-07
11900.000000000093 4.344896388589321e-07
11950.000000000093 5.140790499327222e-07
12000.000000000093 5.114209814466834e-07
12050.000000000093 6.120545887626142e-07
12100.000000000093 6.530028322330581e-07
12150.000000000093 7.046058859331827e-07
12200.000000000093 7.823399315463363e-07
12250.000000000093 8.709518115555052e-07
12300.000000000093 9.143744712650433e-07
12350.000000000093 9.513071854809687e-07
12400.000000000093 9.35106675128713e-07
12450.000000000093 1.0155086696543902e-06
12500.000000000093 1.077958855239852e-06
12550.000000000093 1.1169068883316823e-06
12600.000000000093 1.1376715717713557e-06
12650.000000000093 1.1401876706424549e-06
12700.000000000093 1.2349925814369234e-06
12750.000000000093 1.168454236075838e-06
12800.000000000093 1.2209344306538254e-06
12850.000000000093 1.138781072743393e-06
12900.000000000093 1.0506878764211471e-06
12950.000000000093 1.1320026376100014e-06
13000.000000000093 1.1173792630598875e-06
13050.000000000093 1.1200094112465076e-06
13100.000000000093 1.0339500013624233e-06
13150.000000000093 9.602914680528694e-07
13200.000000000093 9.281358945783207e-07
13250.000000000093 7.655018000312244e-07
13300.000000000093 4.930713231346675e-07
13350.000000000093 2.0974778800440834e-07
13400.000000000093 1.3393501985019797e-07
13450.000000000093 8.988568646051065e-08
13500.000000000093 6.077684017552363e-08
13550.000000000093 5.389787989220341e-08
13600.000000000093 3.88774212314295e-08
13650.000000000093 7.637543516681657e-08
13700.000000000093 6.676634425900634e-08
13750.000000000093 6.265462433338547e-08
13800.000000000093 8.446566700677687e-08
13850.000000000093 6.849646534667456e-08
13900.000000000093 7.042744596766815e-08
13950.000000000093 6.307660094187383e-08
14000.000000000093 5.414826934942945e-08
14050.000000000093 6.627091261983543e-08
14100.000000000093 5.135700722062041e-08
14150.000000000093 6.366491149452435e-08
14200.000000000093 5.576324382750487e-08
14250.000000000093 5.4753986352055094e-08
14300.000000000093 6.688810239625327e-08
14350.000000000093 6.494578032230366e-08
14400.000000000093 7.965756829652158e-08
14450.000000000093 7.955947755934119e-08
14500.000000000093 1.2545359215105007e-07
14550.000000000093 1.2506369005374294e-07
14600.000000000093 1.5110685377696945e-07
14650.000000000093 1.6485618293349778e-07
14700.000000000093 1.2495647565769774e-07
14750.000000000093 1.5776543372961787e-07
14800.000000000093 1.8737449784996588e-07
14850.000000000093 1.870458186659912e-07
14900.000000000093 2.105774987388198e-07
14950.000000000093 2.189896330201592e-07
15000.000000000093 2.2775550025267626e-07
15050.000000000093 2.8766524989556805e-07
15100.000000000093 3.0601229294251413e-07
15150.000000000093 3.3380621035778133e-07
15200.000000000093 2.9677749170488514e-07
15250.000000000093 3.399950761869927e-07
15300.000000000093 3.8876404549444966e-07
15350.000000000093 4.397786195871678e-07
15400.000000000093 4.676476995355648e-07
15450.000000000093 5.343002223450525e-07
15500.000000000093 5.5792413219546e-07
15550.000000000093 6.194308387377547e-07
15600.000000000093 6.454956045335177e-07
15650.000000000093 6.625146901484115e-07
15700.000000000093 7.651022272489769e-07
15750.000000000093 8.137920699042371e-07
15800.000000000093 7.916535981319046e-07
15850.000000000093 8.571430236835069e-07
15900.000000000093 8.500348161362261e-07
15950.000000000093 8.669974319305406e-07
16000.000000000093 9.016535020948906e-07
16050.000000000093 8.932543905676092e-07
16100.000000000093 8.966002698337711e-07
16150.000000000093 7.431971409055738e-07
16200.000000000093 6.866395206516513e-07
16250.000000000093 7.07336077373947e-07
16300.000000000093 6.797619166071917e-07
16350.000000000093 7.12224451396622e-07
16400.000000000095 7.749373163510825e-07
16450.000000000095 8.088602276277155e-07
16500.000000000095 8.445473100803426e-07
16550.000000000095 8.260359715832584e-07
16600.000000000095 7.780294739313468e-07
16650.000000000095 7.560850065307955e-07
16700.000000000095 5.214279310030932e-07
16750.000000000095 6.013741239541262e-07
16800.000000000095 7.509775977854896e-07
16850.000000000095 7.26513473051376e-07
16900.000000000095 6.984037504072141e-07
16950.000000000095 6.373027836876525e-07
17000.000000000095 5.90741216805804e-07
17050.000000000095 6.468576321481374e-07
17100.000000000095 6.420737205078044e-07
17150.000000000095 5.514356663657652e-07
17200.000000000095 5.717979274774941e-07
17250.000000000095 5.042408966041644e-07
17300.000000000095 4.523840409048873e-07
17350.000000000095 4.368166311155937e-07
17400.000000000095 4.084759450993329e-07
17450.000000000095 4.027879900703646e-07
17500.000000000095 4.2144983978944694e-07
17550.000000000095 3.56904576348412e-07
17600.000000000095 3.401651481714451e-07
17650.000000000095 3.4055244159627893e-07
17700.000000000095 2.3001993531748422e-07
17750.000000000095 2.2414038949726433e-07
17800.000000000095 2.6926751133116384e-07
17850.000000000095 1.8369461845920464e-07
17900.000000000095 2.135815768939879e-07
17950.000000000095 1.6970622401861462e-07
18000.000000000095 1.7615724568591717e-07
18050.000000000095 1.8182262305000632e-07
18100.000000000095 1.5455327078061815e-07
18150.000000000095 2.178762940166969e-07
18200.000000000095 1.4778537363609043e-07
18250.000000000095 2.4290509942259454e-07
18300.000000000095 1.827577520296689e-07
18350.000000000095 1.6916085977390153e-07
18400.000000000095 1.5480786040380577e-07
18450.000000000095 1.4698979514918047e-07
18500.000000000095 1.7470892299156246e-07
18550.000000000095 1.3938267624850413e-07
18600.000000000095 1.1176323105937386e-07
18650.000000000095 1.1967708065456948e-07
18700.000000000095 1.3373746619733832e-07
18750.000000000095 1.3069176585173915e-07
18800.000000000095 1.9014200802952816e-07
18850.000000000095 2.3249743948771193e-07
18900.000000000095 2.1791698730772777e-07
18950.000000000095 2.7217617037143424e-07
19000.000000000095 2.478705464838756e-07
19050.000000000095 2.0973611829817187e-07
19100.000000000095 2.709859968159721e-07
19150.000000000095 2.6556424923957116e-07
19200.000000000095 2.546931464631716e-07
19250.000000000095 2.479883757812248e-07
19300.000000000095 2.3424437560866078e-07
19350.000000000095 2.0889756083709067e-07
19400.000000000095 1.454357717861473e-07
19450.000000000095 2.3271699613629577e-07
19500.000000000095 2.096104310208998e-07
19550.000000000095 1.70883610678788e-07
19600.000000000095 2.2427513636035636e-07
19650.000000000095 2.309312607313775e-07
19700.000000000095 2.3369376592192426e-07
19750.000000000095 2.207389120941427e-07
19800.000000000095 2.53433313964765e-07
19850.000000000095 2.744967903379656e-07
19900.000000000095 1.99511154647918e-07
19950.000000000095 3.071851836902242e-07
20000.000000000095 3.0397904264590653e-07
20050.000000000095 3.2250500684554464e-07
20100.000000000095 3.4159006545596043e-07
20150.000000000095 3.245384433812281e-07
20200.000000000095 3.8186557958898645e-07
20250.000000000095 4.229063777228253e-07
20300.000000000095 3.8281535907512577e-07
20350.000000000095 4.254395732124908e-07
20400.000000000095 4.239001855831902e-07
20450.000000000095 5.167327998874247e-07
20500.000000000095 5.146667648138695e-07
20550.000000000095 4.86311872292777e-07
20600.000000000095 5.904305958739568e-07
20650.000000000095 5.369527593188032e-07
20700.000000000095 5.703029329214343e-07
20750.000000000095 6.522306654768119e-07
20800.000000000095 6.452503756491801e-07
20850.000000000095 6.279288910389081e-07
20900.000000000095 6.815726528505978e-07
20950.000000000095 6.471722603486768e-07
21000.000000000095 7.095740552441043e-07
21050.000000000095 6.745201177357164e-07
21100.000000000095 6.867145447165343e-07
21150.000000000095 6.779870418852671e-07
21200.000000000095 6.632375106471863e-07
21250.000000000095 6.847997844086693e-07
21300.000000000095 6.232069517242189e-07
21350.000000000095 6.826903014498971e-07
21400.000000000095 5.92675735480874e-07
21450.000000000095 6.153098787003369e-07
21500.000000000095 6.024462982343222e-07
21550.000000000095 5.763549059248709e-07
21600.000000000095 5.683362259468293e-07
21650.000000000095 5.031675094331551e-07
21700.000000000095 5.436814001314577e-07
21750.000000000095 4.916945174270138e-07
21800.000000000095 4.459989986909961e-07
21850.000000000095 4.0015637214390155e-07
21900.000000000095 3.796622227016546e-07
21950.000000000095 2.3602853096535812e-07
22000.000000000095 1.8391302521323903e-07
22050.000000000095 1.2575650397751655e-07
22100.000000000095 1.6445991360482264e-07
22150.000000000095 1.959231349883329e-07
22200.000000000095 2.0236823600513406e-07
22250.000000000095 1.8197811019755232e-07
22300.000000000095 1.8750943508386633e-07
22350.000000000095 1.6785067848356667e-07
22400.000000000095 1.569126445405801e-07
22450.000000000095 1.339181119582656e-07
22500.000000000095 1.465946436465453e-07
22550.000000000095 9.961449521315713e-08
22600.000000000095 1.2256046149794747e-07
22650.000000000095 1.1256257309717702e-07
22700.000000000095 1.1235602100021957e-07
22750.000000000095 1.1414799615954257e-07
22800.000000000095 1.0217206772479672e-07
22850.000000000095 9.19505015430716e-08
22900.000000000095 8.46685181563554e-08
22950.000000000095 8.637732918272822e-08
23000.000000000095 6.598725128775544e-08
23050.000000000095 9.635895022485575e-08
23100.000000000095 1.2320869518668927e-07
23150.000000000095 1.3136503740130628e-07
23200.000000000095 7.491594097666835e-08
23250.000000000095 6.729750533750065e-08
23300.000000000095 6.30177905329438e-08
23350.000000000095 5.4581010779938535e-08
23400.000000000095 7.15815647442958e-08
23450.000000000095 6.461307580280027e-08
23500.000000000095 6.85613401630264e-08
23550.000000000095 9.443060138374329e-08
23600.000000000095 9.492341399126108e-08
23650.000000000095 1.1094072198818681e-07
23700.000000000095 7.777678776059509e-08
23750.000000000095 7.056866192340675e-08
23800.000000000095 6.920014341652275e-08
23850.000000000095 7.444080395239884e-08
23900.000000000095 1.0824350655723376e-07
23950.000000000095 1.1199551608430388e-07
24000.000000000095 1.3753531796662707e-07
24050.000000000095 1.4339531107657555e-07
24100.000000000095 1.2076561719169292e-07
24150.000000000095 1.301830845684971e-07
24200.000000000095 1.4418289479733173e-07
24250.000000000095 1.2670253081718256e-07
24300.000000000095 1.3463350066203417e-07
24350.000000000095 1.2436690587353403e-07
24400.000000000095 1.6775061626244497e-07
24450.000000000095 1.3807873889327322e-07
24500.000000000095 1.5981809871553716e-07
24550.000000000095 1.458608618066713e-07
24600.000000000095 1.651170909080847e-07
24650.000000000095 1.7748062505745243e-07
24700.000000000095 1.4887528056012592e-07
24750.000000000095 1.329898847980504e-07
24800.000000000095 1.4581791775887006e-07
24850.000000000095 1.8718504999305884e-07
24900.000000000095 1.1131350372257313e-07
24950.000000000095 1.7578776612189994e-07
25000.000000000095 1.6716450804345469e-07
25050.000000000095 1.355143397843451e-07
25100.000000000095 1.5942189881210645e-07
25150.000000000095 1.0587027034174841e-07
25200.000000000095 1.4391477005072135e-07
25250.000000000095 1.0984818887009121e-07
25300.000000000095 1.5413953774725738e-07
25350.000000000095 8.573881507450011e-08
25400.000000000095 1.3903638229206518e-07
25450.000000000095 1.0729636077953532e-07
25500.000000000095 9.991310144403476e-08
25550.000000000095 1.2077884609025684e-07
25600.000000000095 9.771434864292272e-08
25650.000000000095 8.582032108589092e-08
25700.000000000095 1.4222625702390652e-07
25750.000000000095 8.519560507349831e-08
25800.000000000095 1.3582349964397003e-07
25850.000000000095 8.390029715704317e-08
25900.000000000095 1.0817608586988303e-07
25950.000000000095 8.535331290868768e-08
26000.000000000095 1.2837413378844528e-07
26050.000000000095 1.2070662876356947e-07
26100.000000000095 1.487516274047333e-07
26150.000000000095 1.2853699742385658e-07
26200.000000000095 1.4760214639930502e-07
26250.000000000095 1.578842096402544e-07
26300.000000000095 1.2839359639059452e-07
26350.000000000095 1.6726104385462713e-07
26400.000000000095 2.0730444322934394e-07
26450.000000000095 1.8615903269241084e-07
26500.000000000095 1.6860440568335474e-07
26550.000000000095 1.6171486243502396e-07
26600.000000000095 1.98643577830755e-07
26650.000000000095 1.1418422966291571e-07
26700.000000000095 9.623107368056089e-08
26750.000000000095 8.373019870336499e-08
26800.000000000095 1.1885508144198636e-07
26850.000000000095 7.361616606244262e-08
26900.000000000095 1.2675614669084928e-07
26950.000000000095 7.178472352141948e-08
27000.000000000095 1.4424758865009776e-07
27050.000000000095 1.270012998390878e-07
27100.000000000095 1.0636625201030606e-07
27150.000000000095 1.5970916994328566e-07
27200.000000000095 1.1284427079956414e-07
27250.000000000095 1.2111761299068336e-07
27300.000000000095 2.0119250877244837e-07
27350.000000000095 1.5788377454994097e-07
27400.000000000095 7.64570881978529e-08
27450.000000000095 2.0799453679958244e-07
27500.000000000095 1.7942551687687508e-07
27550.000000000095 1.359288349801133e-07
27600.000000000095 2.1474727668973076e-07
27650.000000000095 1.0981089489267773e-07
27700.000000000095 8.933331673747477e-08
27750.000000000095 1.9883937588945734e-07
27800.000000000095 1.133295180407085e-07
27850.000000000095 1.2919436899717554e-07
27900.000000000095 1.5787958464979615e-07
27950.000000000095 1.4758854210651727e-07
28000.000000000095 1.7675500668482187e-07
28050.000000000095 9.44492076541103e-08
28100.000000000095 2.0176981570020188e-07
28150.000000000095 1.7373236187485054e-07
28200.000000000095 8.64767085811002e-08
28250.000000000095 2.0054853514264724e-07
28300.000000000095 2.646113776459155e-07
28350.000000000095 9.5224311414679e-08
28400.000000000095 1.9598466679104208e-07
28450.000000000095 1.8355923892404113e-07
28500.000000000095 1.8062671882056465e-07
28550.000000000095 8.931059979554868e-08
28600.000000000095 2.0661032196931507e-07
28650.000000000095 2.0183780515635298e-07
28700.000000000095 1.6920706961755963e-07
28750.000000000095 2.2268486526318383e-07
28800.000000000095 1.8071446331790676e-07
28850.000000000095 2.6124440308791616e-07
28900.000000000095 1.2316591996950102e-07
28950.000000000095 2.374247049126951e-07
29000.000000000095 1.6012454637864483e-07
29050.000000000095 1.9786378165044036e-07
29100.000000000095 1.2907234747441452e-07
29150.000000000095 2.3724375600053841e-07
29200.000000000095 1.8202622544112217e-07
29250.000000000095 2.454812890310787e-07
